9.9973E-05 0.940276 9.9973E-05 0.00591721 9.9973E-05 0.023994 0.0295128
0.0118718 0.981927 0.00580086 9.9964E-05 9.9964E-05 9.9964E-05 9.9964E-05
0.0466884 0.887281 9.9991E-05 0.0136497 0.00486481 0.0234624 0.0239532
9.9964E-05 0.823761 9.9964E-05 0.0339854 9.9964E-05 9.9964E-05 0.141854
9.9964E-05 0.918908 9.9964E-05 0.0100887 9.9964E-05 9.9964E-05 0.070603
9.9991E-05 0.672082 0.0765176 0.0260153 0.124564 0.0214662 0.079255
0.020551 0.813896 9.9982E-05 0.0515045 0.106065 9.9982E-05 0.0077836
0.0016005 0.746927 0.0233798 0.0427644 0.137486 0.00914035 0.0387021
9.99639E-05 0.826365 9.99639E-05 0.107782 0.065453 9.99639E-05 9.99639E-05
9.9991E-05 0.763408 0.0198614 0.0333166 0.11944 0.0141082 0.0497662
9.9973E-05 0.758728 9.9973E-05 0.0429286 0.105957 9.9973E-05 0.0920862
9.9955E-05 9.9955E-05 0.970565 9.9955E-05 9.9955E-05 0.0289355 9.9955E-05
9.9964E-05 0.0725399 0.483855 9.9964E-05 9.9964E-05 9.9964E-05 0.443205
9.9964E-05 9.9964E-05 0.911976 9.9964E-05 9.9964E-05 0.0697633 0.0178605
9.9964E-05 9.9964E-05 0.824016 9.9964E-05 9.9964E-05 0.125997 0.049587
9.9973E-05 0.0706858 0.565725 9.9973E-05 9.9973E-05 0.0946752 0.268614
9.9982E-05 0.0136057 0.435304 9.9982E-05 0.0237634 0.0649068 0.46222
0.0568188 0.0194775 0.573537 9.9982E-05 9.9982E-05 0.0634329 0.286533
9.9973E-05 0.075498 0.769046 9.9973E-05 9.9973E-05 0.0891037 0.0660528
9.9964E-05 9.9964E-05 0.961384 0.018944 0.019272 9.9964E-05 9.9964E-05
0.0466799 0.010608 0.522706 0.00146363 0.0257319 0.0372226 0.355588
0.015734 0.00428342 0.363924 9.9991E-05 0.182135 0.070055 0.363769
0.117884 0.0286493 0.294433 0.046735 0.0188076 0.0348247 0.458666
9.9973E-05 0.0323003 0.919663 9.9973E-05 9.9973E-05 0.0457128 0.00202408
0.0193721 0.0822965 0.247018 9.9991E-05 0.0124537 0.0808665 0.557893
9.9973E-05 0.0244403 0.520864 9.9973E-05 9.9973E-05 0.0273784 0.427018
9.9973E-05 0.023485 0.951187 9.9973E-05 9.9973E-05 0.00944165 0.0155865
9.9973E-05 0.013621 0.882046 9.9973E-05 9.9973E-05 0.0599069 0.0441263
0.00525902 9.9964E-05 0.967556 9.9964E-05 0.0267848 9.9964E-05 9.9964E-05
9.9964E-05 0.902675 9.9964E-05 9.9964E-05 9.9964E-05 0.00566246 0.0912627
9.9955E-05 0.879256 9.9955E-05 9.9955E-05 9.9955E-05 9.9955E-05 0.120244
9.9982E-05 0.802563 0.0167912 0.026777 9.9982E-05 0.0824462 0.0712231
9.9964E-05 0.76366 9.9964E-05 9.9964E-05 9.9964E-05 0.0578016 0.178138
0.189552 0.0866503 0.0890559 0.0752719 0.0564212 9.9991E-05 0.502949
0.247169 0.070908 0.129045 0.0432864 0.0148237 0.0487447 0.446023
0.368261 0.0257423 9.9982E-05 9.9982E-05 0.0462845 0.00607228 0.55344
0.0241173 0.0241384 0.61558 0.248246 9.9982E-05 9.9982E-05 0.0877185
0.579662 9.9982E-05 9.9982E-05 0.0100587 0.143238 0.0155351 0.251306
0.207455 0.0728295 0.16154 0.0586017 9.9991E-05 0.0705911 0.428883
0.195811 0.0649729 9.9982E-05 0.00385492 0.0308698 9.9982E-05 0.704292
0.0783568 0.125715 0.132365 0.000682207 0.155945 9.9991E-05 0.506836
0.0863862 0.101324 0.105682 0.0201904 0.0940632 9.9991E-05 0.592255
0.664625 0.0185599 0.189469 0.0406988 9.9982E-05 9.9982E-05 0.0864476
9.9982E-05 0.0956789 0.0543121 0.00536911 0.191942 9.9982E-05 0.652498
0.285427 0.0552747 9.9991E-05 0.0355004 0.00839117 0.0204633 0.594843
0.107008 0.125738 9.9991E-05 0.065631 0.0779452 0.0197549 0.603823
0.565873 9.9964E-05 9.9964E-05 9.9964E-05 0.121861 9.9964E-05 0.311867
0.265288 0.0997051 0.0455176 9.9982E-05 9.9982E-05 0.00698791 0.582301
0.174873 0.137815 0.0420467 0.0794038 9.9991E-05 0.0564965 0.509265
0.592853 9.9955E-05 9.9955E-05 9.9955E-05 0.406647 9.9955E-05 9.9955E-05
0.0660327 9.9982E-05 0.517279 0.240572 0.114287 9.9982E-05 0.0616288
0.108874 9.9991E-05 0.357745 0.0498365 0.34566 0.023692 0.114093
0.0173403 0.0980856 0.135473 0.115459 0.0647166 0.024351 0.544575
0.060528 0.069506 0.166875 9.9991E-05 0.0876265 0.0559259 0.559439
0.0711357 0.0892494 0.0518325 0.0181941 0.142413 0.0552979 0.571878
0.089397 0.115489 0.395777 0.255832 0.0203074 9.9991E-05 0.123097
0.067286 9.9982E-05 0.290487 0.132226 9.9982E-05 0.00379336 0.506007
0.10677 0.0462969 0.233363 0.0340887 9.9991E-05 0.0725039 0.506877
0.103914 0.090886 0.263661 0.0850969 0.0858877 0.0410559 0.329499
0.0398303 0.145162 0.572066 0.11949 0.104512 0.00436659 0.0145728
0.108063 0.0854531 0.112716 0.0565322 0.101524 0.0384352 0.497277
0.035639 0.0624082 0.328488 0.0709445 0.0302626 9.9991E-05 0.472158
0.0482373 0.0499024 0.614996 0.155858 0.130806 9.9982E-05 9.9982E-05
0.110564 9.9982E-05 0.461929 0.0771712 9.9982E-05 0.0110945 0.339042
0.0787455 0.0355093 0.118226 0.045859 0.109775 0.0387538 0.573131
0.0487681 0.066333 0.152323 0.0354418 0.0742592 0.00867987 0.614195
0.0988632 0.0661269 0.570666 0.0356518 0.0402835 0.0611331 0.127275
0.0599991 0.0664187 0.265228 0.0653106 0.0796623 0.0529911 0.41039
0.0792917 0.0338945 0.186 0.0619521 0.0933904 0.060389 0.485082
0.0623507 0.0413409 0.583944 0.138312 0.0719078 9.9991E-05 0.102045
0.480807 0.0197512 0.0281307 0.00101421 9.9982E-05 9.9982E-05 0.470096
0.718402 0.00453949 0.155567 9.9973E-05 9.9973E-05 9.9973E-05 0.121192
0.217076 0.113181 0.0968797 9.9991E-05 0.00554118 0.0350583 0.532164
0.852198 9.9955E-05 9.9955E-05 9.9955E-05 0.147303 9.9955E-05 9.9955E-05
0.828985 9.9955E-05 9.9955E-05 9.9955E-05 0.170516 9.9955E-05 9.9955E-05
0.7039 9.9964E-05 9.9964E-05 9.9964E-05 0.0781312 9.9964E-05 0.217569
0.444535 0.0618912 0.0823651 0.0257254 9.9982E-05 9.9982E-05 0.385284
0.217414 0.0968341 0.0165642 0.0623976 0.0507784 0.0649979 0.491014
0.483771 9.9982E-05 0.0369013 9.9982E-05 0.0133281 0.0398962 0.425903
0.601025 0.0280191 0.227496 0.0627985 9.9982E-05 9.9982E-05 0.080461
0.527667 0.00470401 0.192541 0.0725131 9.9982E-05 9.9982E-05 0.202375
0.252667 0.0869444 0.0714883 0.0450244 9.9991E-05 0.0418459 0.50193
0.548722 0.0258845 0.133718 9.9973E-05 9.9973E-05 9.9973E-05 0.291376
0.43974 0.00127114 0.143981 0.0100696 9.9982E-05 9.9982E-05 0.404739
0.451824 9.9964E-05 9.9964E-05 9.9964E-05 0.101548 9.9964E-05 0.446228
0.640978 9.9964E-05 9.9964E-05 0.0122265 0.346396 9.9964E-05 9.9964E-05
0.21752 0.0203985 9.9991E-05 0.0175335 0.0958494 0.0249555 0.623643
0.00596676 0.839048 0.0123137 0.0815769 9.9991E-05 0.000338046 0.0606571
9.9955E-05 0.928722 9.9955E-05 9.9955E-05 9.9955E-05 9.9955E-05 0.0707784
9.9964E-05 0.86756 9.9964E-05 9.9964E-05 9.9964E-05 0.0298189 0.102222
9.9964E-05 0.935416 9.9964E-05 9.9964E-05 9.9964E-05 0.029643 0.0345415
9.9964E-05 0.946925 0.0179872 9.9964E-05 9.9964E-05 0.034688 9.9964E-05
9.9973E-05 0.880298 9.9973E-05 9.9973E-05 0.00240418 0.0361054 0.0808929
9.9955E-05 0.922515 9.9955E-05 9.9955E-05 9.9955E-05 9.9955E-05 0.0769852
0.191649 0.107485 0.0518354 0.054172 0.0392225 0.0399408 0.515695
0.164627 0.130116 0.0953557 0.034943 0.00827273 0.0486589 0.518027
0.678335 0.0490996 0.178998 0.0932676 9.9973E-05 9.9973E-05 9.9973E-05
0.105254 0.0887982 0.127859 0.0302953 0.0481664 0.0338384 0.565789
0.450943 0.0381977 0.0970604 0.0658365 9.9982E-05 9.9982E-05 0.347762
0.400588 0.0628772 0.0197878 9.9982E-05 9.9982E-05 0.0120106 0.504536
0.262241 0.0563418 9.9973E-05 9.9973E-05 0.10806 9.9973E-05 0.573057
0.382745 0.0035428 0.0538203 0.0166283 0.00055768 0.0761276 0.466578
0.630516 0.0116538 0.237129 0.120401 9.9973E-05 9.9973E-05 9.9973E-05
0.238981 0.0952981 9.9982E-05 0.116024 9.9982E-05 0.0536061 0.495891
0.183575 0.101763 0.0227466 0.0389172 0.0093687 0.0150575 0.628571
0.163202 0.132697 0.0282669 0.0496498 0.0223093 0.0805634 0.523311
0.4924 9.9982E-05 0.0636995 9.9982E-05 0.205627 0.00399179 0.234082
0.424836 0.00873272 9.9982E-05 9.9982E-05 0.0598026 0.0321662 0.474262
0.389922 0.0159346 0.132014 0.0540146 9.9982E-05 9.9982E-05 0.407915
0.5557 9.9964E-05 9.9964E-05 9.9964E-05 0.0505025 9.9964E-05 0.393398
0.363382 0.0471094 0.085263 0.0841276 9.9982E-05 9.9982E-05 0.419918
0.257367 0.119515 0.0438436 0.0373644 0.0237101 9.9991E-05 0.518101
9.9991E-05 0.0203478 0.184422 0.224647 0.224955 0.0256432 0.319885
0.0105182 0.0750008 0.254486 0.193913 0.0482992 0.00847205 0.409311
9.9991E-05 0.110141 0.154672 0.0743646 0.100169 0.0317438 0.52881
0.071422 0.0857838 0.0150737 0.0997776 0.0544186 0.068758 0.604766
0.0460985 0.0486952 0.295724 0.156669 9.9982E-05 9.9982E-05 0.452614
0.0106157 0.0610477 0.121125 0.150822 0.0159945 0.0253861 0.61501
9.9973E-05 0.0431858 0.249513 0.252331 9.9973E-05 9.9973E-05 0.45467
0.0364568 0.0803811 0.134405 0.0597436 0.13924 0.024108 0.525665
0.0301252 0.0474758 0.0669265 0.144257 0.0448172 0.0837543 0.582644
0.00312139 0.0411134 0.206973 0.132352 0.0461275 9.9991E-05 0.570212
9.9982E-05 0.0215871 0.193051 0.14978 0.0803103 9.9982E-05 0.555071
0.0450325 0.0577949 0.0916878 0.115046 0.0687015 0.0329214 0.588816
9.9991E-05 0.0744009 0.104506 0.10141 0.0911914 0.0305401 0.597851
0.0636616 9.9991E-05 0.123583 0.111916 0.0798099 0.0664676 0.554462
9.9991E-05 0.0712879 0.0331311 0.11137 0.150871 0.0788324 0.554408
0.0414684 9.9991E-05 0.068324 0.108535 0.127838 0.0464714 0.607263
0.0160941 0.0656473 0.102147 0.152896 0.250658 0.0314826 0.381075
0.0400821 0.0605017 0.0321175 0.134229 0.0685109 0.0411619 0.623397
9.9982E-05 0.00487058 9.9982E-05 0.162891 0.137048 0.0179902 0.676999
0.0557045 9.9982E-05 0.522907 0.274255 0.0127641 9.9982E-05 0.134169
0.0365982 9.9991E-05 0.319594 0.112177 0.377448 0.0333657 0.120717
0.0526639 0.0521156 0.177417 0.110264 0.0948596 0.00863161 0.504048
0.0971805 9.9982E-05 0.264896 0.178313 0.40667 9.9982E-05 0.0527411
9.9964E-05 9.9964E-05 0.522134 0.192376 9.9964E-05 9.9964E-05 0.28509
0.0461589 9.9973E-05 0.417179 0.168458 9.9973E-05 9.9973E-05 0.367904
0.104965 0.0182687 0.38596 0.184405 9.9982E-05 9.9982E-05 0.306201
0.0307143 9.9982E-05 0.46491 0.209707 0.0233575 9.9982E-05 0.271111
0.0341611 0.0493558 0.135814 0.0857426 0.0700503 9.9991E-05 0.624776
0.0528698 0.0924808 0.173635 0.0639464 0.0288247 0.0550581 0.533185
0.0525246 0.0321888 0.203185 0.100971 0.065848 0.0101772 0.535106
0.00541706 9.9982E-05 0.357049 0.159664 0.331129 9.9982E-05 0.146541
0.13588 0.152751 0.0478396 0.0512012 0.0520155 0.064416 0.495897
0.0238363 0.0626683 9.9991E-05 0.0748141 0.285194 0.0529727 0.500415
0.107128 0.100919 0.00854946 0.0584797 0.724723 9.9982E-05 9.9982E-05
0.0278088 0.0535686 0.0586148 0.0325124 0.143185 0.0548729 0.629438
0.107747 0.0813398 0.176024 0.00055811 0.344069 0.0317821 0.25848
0.0104128 0.117121 0.0828215 0.0271098 0.201422 0.05789 0.503223
0.0757652 0.0886552 0.0389075 0.0842753 0.466974 9.9991E-05 0.245323
0.0644977 0.0690718 0.0318152 0.103784 0.608172 9.9991E-05 0.12256
0.0797328 0.047024 0.0129873 0.0950351 0.335797 0.0131957 0.416228
0.0632195 0.0764715 0.092299 0.0558431 0.150301 0.107728 0.454138
0.00776184 0.149825 0.115904 0.0623453 0.210295 0.0327757 0.421093
0.14385 0.0247339 0.271863 9.9991E-05 0.436611 0.0744201 0.0484215
9.9991E-05 0.116439 0.0629185 0.034349 0.19126 0.00826199 0.586671
0.0991323 9.9973E-05 0.116085 9.9973E-05 0.476389 9.9973E-05 0.308094
0.104546 9.9982E-05 0.0554483 0.0554998 0.328971 9.9982E-05 0.455335
0.0261774 0.0879667 0.0430371 0.0343738 0.150064 0.0560638 0.602317
9.9991E-05 0.356466 0.00717883 0.0225585 0.223273 0.252218 0.138205
9.9964E-05 0.481073 9.9964E-05 9.9964E-05 0.390865 0.127662 9.9964E-05
9.9964E-05 0.461816 9.9964E-05 9.9964E-05 0.435956 0.101828 9.9964E-05
9.9973E-05 0.364837 9.9973E-05 9.9973E-05 0.290882 0.253186 0.0907953
0.0770756 9.9982E-05 0.045763 0.0110217 0.261874 9.9982E-05 0.604066
0.0595208 0.089362 0.0548627 0.0237831 0.108704 0.0348115 0.628956
0.0105933 9.9973E-05 0.00956714 9.9973E-05 9.9973E-05 0.657904 0.321636
0.0233921 0.0414428 0.142073 0.0195457 9.9991E-05 0.427402 0.346043
0.101118 0.035019 9.9982E-05 0.0866315 9.9982E-05 0.400867 0.376165
0.0529977 0.0112896 0.0787903 0.03542 0.536337 0.00407125 0.281094
0.116323 0.0773205 0.0891277 0.0854794 0.117652 0.0165806 0.497517
0.00930816 9.9973E-05 0.168707 9.9973E-05 0.574991 9.9973E-05 0.246694
0.0185717 0.0413094 0.0697273 9.9982E-05 0.281051 9.9982E-05 0.589141
9.9982E-05 0.0244322 0.0571813 0.0150384 0.385547 9.9982E-05 0.517601
9.9973E-05 9.9973E-05 0.00999681 0.00190791 0.377274 9.9973E-05 0.610522
0.0283341 9.9982E-05 0.0588056 0.0177532 0.651985 9.9982E-05 0.242922
0.0576128 0.0697509 0.0149037 0.0112591 0.155177 9.9991E-05 0.691197
0.0629343 0.106577 0.0426357 0.0214645 0.181313 0.0109503 0.574125
0.0356385 9.9964E-05 9.9964E-05 0.000546702 9.9964E-05 0.963415 9.9964E-05
0.00348107 9.9973E-05 0.0379873 9.9973E-05 9.9973E-05 0.904276 0.0539553
0.0252529 0.0595046 0.0610149 9.9982E-05 9.9982E-05 0.541347 0.31268
0.0303745 9.9973E-05 0.00847796 9.9973E-05 9.9973E-05 0.6299 0.330948
9.9973E-05 0.00661535 9.9973E-05 0.0311141 9.9973E-05 0.823031 0.13894
9.995E-05 9.995E-05 9.995E-05 9.995E-05 9.995E-05 0.9994 9.995E-05
9.9964E-05 9.9964E-05 9.9964E-05 0.0361662 9.9964E-05 0.950654 0.0127802
0.00703777 9.9973E-05 0.0179609 9.9973E-05 9.9973E-05 0.831189 0.143513
9.9955E-05 9.9955E-05 9.9955E-05 0.0579321 9.9955E-05 0.941568 9.9955E-05
9.995E-05 9.995E-05 9.995E-05 9.995E-05 9.995E-05 0.9994 9.995E-05
9.995E-05 9.995E-05 9.995E-05 9.995E-05 9.995E-05 0.9994 9.995E-05
9.9973E-05 0.0032145 0.0728285 9.9973E-05 9.9973E-05 0.736196 0.187461
0.0167306 0.0371459 0.0412434 0.0155833 0.00763209 0.791059 0.0906056
9.995E-05 9.995E-05 9.995E-05 9.995E-05 9.995E-05 0.9994 9.995E-05
0.0208048 0.100135 0.112956 0.0540578 0.0237668 0.391653 0.296628
0.0318278 0.0384759 9.9982E-05 0.0473194 9.9982E-05 0.644301 0.237876
0.00871273 0.0446414 9.9973E-05 9.9973E-05 9.9973E-05 0.806113 0.140233
0.0331935 9.9964E-05 9.9964E-05 9.9964E-05 9.9964E-05 0.91043 0.0559768
9.995E-05 9.995E-05 9.995E-05 9.995E-05 9.995E-05 0.9994 9.995E-05
9.9973E-05 0.0098222 0.0152331 9.9973E-05 9.9973E-05 0.962355 0.0122897
9.9955E-05 0.00604012 9.9955E-05 9.9955E-05 9.9955E-05 0.99346 9.9955E-05
0.0505435 0.0213794 0.0596541 0.00394348 9.9991E-05 0.617483 0.246896
0.0358505 9.9955E-05 9.9955E-05 9.9955E-05 9.9955E-05 0.96365 9.9955E-05
9.9964E-05 0.293174 9.9964E-05 9.9964E-05 0.646624 0.0598018 9.9964E-05
9.9991E-05 0.203879 0.00673142 0.0554574 0.261035 0.108377 0.36442
9.9982E-05 0.156683 9.9982E-05 0.00207146 0.321028 0.0342167 0.485801
9.9982E-05 0.176052 9.9982E-05 0.0271547 0.500564 0.0977327 0.198297
0.0708727 0.137156 0.0423349 0.0407597 0.154078 0.103123 0.451676
9.9982E-05 0.227564 0.0464968 9.9982E-05 0.513753 0.113132 0.0988543
9.9991E-05 0.15948 0.0884208 0.0127316 0.186885 0.0863032 0.46608
9.9973E-05 0.173148 9.9973E-05 9.9973E-05 0.378302 0.124009 0.324241
9.9991E-05 0.170798 0.00542702 0.00771594 0.237939 0.0870008 0.491019
0.0395346 0.195896 0.0276316 9.9991E-05 0.274087 0.0959424 0.366809
9.9982E-05 0.184482 0.107186 9.9982E-05 0.157022 0.117522 0.433588
0.0202507 0.875689 9.9982E-05 0.0386273 0.00915561 9.9982E-05 0.0560778
0.0098403 0.901209 9.9991E-05 0.00288909 0.00681787 0.069873 0.00927109
0.0134051 0.946081 9.9982E-05 0.0339268 9.9982E-05 0.00327698 0.00311039
9.9964E-05 0.973745 0.0224995 9.9964E-05 0.00335554 9.9964E-05 9.9964E-05
9.9973E-05 0.911835 0.00690322 0.0184902 9.9973E-05 9.9973E-05 0.062472
0.00730782 0.984696 9.9964E-05 9.9964E-05 0.00759628 9.9964E-05 9.9964E-05
9.9973E-05 0.928019 0.00640204 9.9973E-05 9.9973E-05 0.00296806 0.0623109
9.9973E-05 0.92869 0.00881331 0.0518112 0.0103853 9.9973E-05 9.9973E-05
0.0230174 0.891906 9.9991E-05 0.0269577 0.0164564 0.035249 0.00631318
9.9973E-05 0.895736 9.9973E-05 0.0373559 0.0436271 0.0229812 9.9973E-05
0.0576335 0.586238 0.0470213 0.251946 0.0569609 9.9982E-05 9.9982E-05
0.0245653 0.613667 0.0491901 0.268779 0.0435981 9.9982E-05 9.9982E-05
0.0219754 0.534846 0.151746 0.21429 0.0769422 9.9982E-05 9.9982E-05
0.00804385 0.436001 0.176305 0.28694 0.0925107 9.9982E-05 9.9982E-05
0.266867 0.0754231 0.204564 0.0388833 9.9991E-05 0.00537292 0.40879
0.302995 0.0352831 0.105547 0.0499568 0.0192353 0.0210764 0.465906
0.234405 0.0170565 0.152588 0.0976194 9.9991E-05 0.0217235 0.476508
0.225943 0.0131347 0.283053 0.153275 0.00498566 9.9991E-05 0.319508
0.0490985 9.9982E-05 0.474383 0.312822 0.0419222 9.9982E-05 0.121575
0.186346 0.0529607 0.100728 0.00864398 0.0250973 0.00343542 0.622788
0.234654 9.9973E-05 0.0980863 0.0843148 9.9973E-05 9.9973E-05 0.582645
0.254073 9.9982E-05 0.0136378 0.0252346 0.156936 9.9982E-05 0.549919
0.539882 9.9964E-05 9.9964E-05 9.9964E-05 0.0830721 9.9964E-05 0.376646
0.154227 0.0546518 0.00733327 0.0550523 0.112901 0.0417011 0.574133
0.474815 0.0251963 0.10043 0.0317301 9.9982E-05 9.9982E-05 0.367629
0.786514 9.9955E-05 9.9955E-05 9.9955E-05 0.212986 9.9955E-05 9.9955E-05
0.138963 0.0837658 0.100078 0.0394734 0.0543687 9.9991E-05 0.583251
0.639675 9.9964E-05 9.9964E-05 9.9964E-05 0.218076 9.9964E-05 0.141848
0.333501 0.038038 0.0183205 9.9991E-05 0.0716328 0.00498601 0.533422
0.633269 0.00878041 0.225237 0.0442171 9.9982E-05 9.9982E-05 0.0882967
9.9973E-05 0.0878575 9.9973E-05 0.852337 0.0524785 9.9973E-05 0.00702726
9.9973E-05 0.0506496 9.9973E-05 0.835364 0.0253821 9.9973E-05 0.0883045
0.00744694 0.0449245 9.9982E-05 0.857972 0.0506508 9.9982E-05 0.0388061
0.0298723 0.0773413 9.9973E-05 0.852668 0.039818 9.9973E-05 9.9973E-05
0.000590001 0.0119886 9.9982E-05 0.834825 0.0112941 9.9982E-05 0.141103
9.9982E-05 0.0431169 9.9982E-05 0.814071 0.0182494 0.0178855 0.106477
0.0488496 0.859154 9.9982E-05 0.0160389 9.9982E-05 0.0455028 0.0302552
0.0187456 0.828775 0.0201211 0.0328526 9.9991E-05 0.00123093 0.0981742
0.0121718 0.789991 0.00647474 0.0206316 9.9991E-05 0.0263564 0.144275
0.0685955 0.829203 0.0231492 0.00847715 9.9982E-05 0.0703754 9.9982E-05
0.0211689 0.786686 0.00580663 0.00803117 9.9991E-05 0.0361068 0.142101
0.0112893 0.373243 9.9973E-05 0.524126 0.0910418 9.9973E-05 9.9973E-05
9.9973E-05 0.435687 9.9973E-05 0.489619 0.0684573 0.00593668 9.9973E-05
9.9991E-05 0.417957 0.0341222 0.48891 0.0197251 0.00596213 0.0332234
9.9973E-05 0.874126 9.9973E-05 0.0101683 9.9973E-05 0.000231729 0.115174
0.0398706 0.384598 0.0178893 0.487023 0.0704191 9.9982E-05 9.9982E-05
9.9973E-05 0.254952 9.9973E-05 9.9973E-05 0.161391 0.286031 0.297325
9.9991E-05 0.156652 0.00605934 0.0521997 0.0381553 0.184954 0.56188
9.9964E-05 0.198394 9.9964E-05 9.9964E-05 9.9964E-05 0.234979 0.566228
0.0154016 0.253443 0.0110186 9.9991E-05 0.159765 0.26513 0.295142
0.0196165 0.173091 0.0147775 0.0795584 0.0589024 0.131824 0.52223
9.9964E-05 0.435942 9.9964E-05 9.9964E-05 0.264314 0.299344 9.9964E-05
0.0406146 9.9982E-05 0.278623 0.224678 0.0479939 9.9982E-05 0.407891
0.055279 9.9982E-05 0.148539 0.0895595 0.240876 9.9982E-05 0.465547
0.0546175 9.9973E-05 0.604582 0.158978 9.9973E-05 9.9973E-05 0.181522
0.0353161 9.9982E-05 0.160037 0.070012 0.224929 9.9982E-05 0.509506
0.0626197 9.9973E-05 0.154445 0.177382 0.605254 9.9973E-05 9.9973E-05
0.0753831 0.0811854 0.144855 0.0757868 0.072216 0.0181299 0.532444
0.0711453 0.0285598 0.0798582 0.0984403 0.154484 0.0145257 0.552987
0.0242587 9.9982E-05 0.396027 0.231942 0.0712798 9.9982E-05 0.276293
0.0794052 0.121627 0.16233 0.0861571 0.01456 0.0183843 0.517537
0.0883656 9.9982E-05 0.429187 0.0592137 0.348956 9.9982E-05 0.0740778
0.0315762 0.0277341 0.119551 0.113005 0.138322 9.9991E-05 0.569712
0.0649981 0.0241023 0.270143 0.136146 0.0422332 9.9991E-05 0.462278
0.0789243 0.0883871 0.111049 0.00999546 0.150038 0.173855 0.387752
0.0861236 9.9991E-05 0.284086 0.0829186 0.242588 0.0289129 0.275271
0.0654524 9.9991E-05 0.174417 0.0770347 0.248424 0.0359688 0.398602
0.0304589 9.9991E-05 0.181996 0.0891636 0.117921 0.0174852 0.562875
0.0504578 9.9982E-05 0.213418 0.0933007 0.100845 9.9982E-05 0.541778
0.0326409 0.00413739 0.0469437 0.095148 0.107898 0.0552058 0.658026
0.0752884 0.101935 0.119386 0.0801957 0.0556487 0.0190038 0.548543
0.0523086 0.0867176 0.15453 0.100637 0.0320816 0.00480871 0.568916
9.9964E-05 0.845818 9.9964E-05 9.9964E-05 9.9964E-05 0.0400575 0.113725
9.9955E-05 0.889917 9.9955E-05 9.9955E-05 9.9955E-05 9.9955E-05 0.109584
9.9973E-05 0.869052 9.9973E-05 0.0713747 0.00121468 9.9973E-05 0.0580588
0.028537 0.89909 0.0192937 9.9973E-05 9.9973E-05 0.0527789 9.9973E-05
9.9973E-05 0.904768 9.9973E-05 0.00494017 9.9973E-05 0.00371972 0.0862717
0.0400984 0.0219411 0.68164 0.180002 0.0441955 0.032023 9.9991E-05
0.0517847 0.0296867 0.148781 0.0553381 0.131236 0.0638235 0.51935
0.0283855 0.164893 9.9991E-05 0.032985 0.150023 0.255625 0.367988
0.010336 0.0430074 0.22457 0.0650455 9.9991E-05 0.0349563 0.621985
0.0480855 0.00483689 0.313372 0.150121 9.9991E-05 0.00123386 0.482251
0.0195718 9.9991E-05 0.277033 0.126387 0.279991 0.0110216 0.285896
9.9973E-05 0.0529957 0.551027 0.330119 0.0655592 9.9973E-05 9.9973E-05
0.0018559 0.0345403 0.311065 0.19053 9.9991E-05 0.00655457 0.455354
9.9991E-05 0.0253396 0.424878 0.308032 0.0215011 0.0406432 0.179506
0.0685052 0.0633027 0.126155 0.105997 0.144639 9.9991E-05 0.491301
9.9982E-05 0.0724326 0.525516 0.275481 0.0524309 9.9982E-05 0.0739391
0.0391839 0.0605975 0.162125 0.148949 9.9991E-05 0.0830978 0.505947
0.0566701 0.0321609 0.636316 0.205043 0.0290072 0.0064236 0.0343792
0.0563619 9.9991E-05 0.390694 0.0814005 0.183955 0.0846606 0.202829
0.00986998 0.0547853 0.173613 0.0511665 0.195206 9.9991E-05 0.515259
0.0158254 9.9982E-05 0.0863628 0.0601183 0.523243 9.9982E-05 0.314251
0.0150266 0.0297634 0.0122655 0.0462893 0.309259 9.9991E-05 0.587296
9.9982E-05 0.138552 0.00813009 0.0580772 0.208054 9.9982E-05 0.586987
0.0435774 9.9982E-05 0.0947751 0.0159323 0.567596 9.9982E-05 0.277919
0.0651453 0.0771005 0.0389389 0.0532373 0.193367 0.0260771 0.546134
0.00275314 0.00843773 9.9982E-05 0.058887 0.342214 9.9982E-05 0.587508
0.10083 9.9973E-05 9.9973E-05 0.0374584 0.698019 9.9973E-05 0.163392
0.0283841 9.9973E-05 9.9973E-05 0.0592452 0.688881 9.9973E-05 0.22319
0.0280109 9.9982E-05 0.0602554 0.0693717 0.358155 9.9982E-05 0.484007
0.188497 9.9973E-05 9.9973E-05 0.110082 0.618006 9.9973E-05 0.0831151
0.0385764 9.9982E-05 0.0879547 0.0748405 0.343901 9.9982E-05 0.454527
0.00972527 0.00565888 0.628727 0.290515 9.9991E-05 0.00642296 0.0588507
0.0363767 9.9991E-05 0.389111 0.104239 0.246947 0.0485336 0.174693
0.0135913 0.0252744 0.394101 0.186936 9.9991E-05 0.0521781 0.32782
0.0261176 0.0598235 0.264925 0.129043 9.9991E-05 0.0499788 0.470011
0.0970761 9.9982E-05 0.519396 0.246337 9.9982E-05 0.0305533 0.106438
9.9991E-05 0.0568466 0.196445 0.104792 0.107066 0.0697008 0.46505
0.0737427 0.0609866 0.15785 0.103213 9.9991E-05 0.0164936 0.587614
0.121197 0.00163326 0.254364 0.0787144 0.0369577 0.0642045 0.442929
0.0522163 0.0190684 0.245329 0.131588 0.0283981 0.0578149 0.465586
9.9973E-05 9.9973E-05 0.327292 0.241432 9.9973E-05 0.0260905 0.404886
0.067195 0.00013488 0.519645 0.204223 9.9991E-05 0.0282658 0.180437
0.0307044 9.9991E-05 0.324928 0.237775 0.00291971 0.0292795 0.374292
0.0442812 9.9991E-05 0.121701 0.0930775 0.130357 0.0128406 0.597643
0.0795691 0.0410712 0.144981 0.0811121 0.0397518 0.109876 0.503639
0.0656756 0.0193585 0.274143 0.162883 0.1377 0.103827 0.236414
0.110678 9.9991E-05 0.203521 0.0896695 0.0768746 0.0888946 0.430262
0.0270206 9.9991E-05 0.38241 0.233083 0.0159078 0.0512953 0.290184
0.0251523 0.02546 0.264504 0.101953 0.0210225 0.0480778 0.513831
0.0394945 0.053571 0.281681 0.150741 9.9991E-05 0.0806655 0.393748
0.101958 0.0881879 0.024144 0.10144 0.0800253 0.0522717 0.551974
9.9982E-05 0.340995 0.0835204 9.9982E-05 0.0147004 0.109902 0.450682
9.9991E-05 0.147082 0.0674654 0.00500329 0.0935527 0.169273 0.517524
0.0623744 0.17393 0.0939665 0.00468827 0.104545 0.113349 0.447148
0.0139436 0.0883271 0.0388751 0.0574347 0.122739 0.169891 0.508789
0.0549823 0.182555 9.9982E-05 9.9982E-05 0.112882 0.213587 0.435794
0.0354435 9.9982E-05 0.114733 0.115788 0.238999 9.9982E-05 0.494836
0.0781504 0.149681 0.00922755 0.0638177 0.0394689 0.129338 0.530316
9.9982E-05 0.208071 0.140737 9.9982E-05 0.427393 0.185201 0.0383984
9.9991E-05 0.0826921 0.12414 0.0606721 0.0842384 0.126248 0.521909
0.0638734 0.132465 0.0140783 0.0178222 0.111476 0.127149 0.533136
0.070636 0.126405 0.0659699 0.0157558 0.0586927 0.148239 0.514301
9.9982E-05 0.18147 0.161547 9.9982E-05 0.248427 0.082745 0.325611
9.9991E-05 0.21256 0.0894595 0.0150892 0.0174818 0.112584 0.552725
9.9982E-05 0.119337 9.9982E-05 0.0788839 0.10251 0.161774 0.537294
9.9964E-05 0.470485 9.9964E-05 9.9964E-05 0.388719 0.140396 9.9964E-05
9.9991E-05 0.233477 0.0640822 0.0318034 0.0304206 0.121584 0.518533
9.9982E-05 0.212278 0.0115852 9.9982E-05 0.0717957 0.165542 0.538599
0.0186675 0.079478 0.0975338 0.00532387 0.132516 0.107179 0.559302
9.9973E-05 0.19356 9.9973E-05 9.9973E-05 0.0710019 0.19199 0.543149
0.0653621 0.191145 0.132515 9.9991E-05 0.036231 0.070065 0.504582
0.123572 0.0189653 9.9991E-05 0.0714109 0.310316 0.0413554 0.43428
0.127507 0.0611201 0.138142 9.9991E-05 0.149292 0.0559138 0.467924
0.181088 9.9982E-05 0.0737024 0.0647809 0.675208 9.9982E-05 0.00502125
0.122004 9.9982E-05 0.053184 0.0342139 0.7317 9.9982E-05 0.0586979
0.0472003 0.116057 0.0187907 0.0269134 0.269951 0.00590289 0.515185
9.9982E-05 0.135792 9.9982E-05 0.00625514 0.188058 0.31758 0.352115
9.9973E-05 0.131897 9.9973E-05 9.9973E-05 0.211509 0.265877 0.390417
9.9973E-05 0.135692 9.9973E-05 9.9973E-05 0.320057 0.305184 0.238767
9.9973E-05 0.130874 9.9973E-05 9.9973E-05 0.258884 0.242435 0.367508
9.9973E-05 0.0617304 9.9973E-05 9.9973E-05 0.716853 0.00868449 0.212432
0.0478701 0.0755721 9.9991E-05 0.024433 0.582332 0.0403048 0.229388
0.058555 9.9982E-05 0.0182719 9.9982E-05 0.258118 0.0358168 0.629039
9.9982E-05 0.0333062 9.9982E-05 0.0224798 0.40177 0.0806227 0.461622
0.0344384 0.0271987 9.9991E-05 0.0642105 0.510861 0.0608014 0.30239
0.0209298 0.0448966 0.0433467 0.0709706 0.209823 0.0404515 0.569582
9.9982E-05 0.0264676 9.9982E-05 0.011335 0.281566 0.0493599 0.631072
0.0765152 0.0724472 9.9991E-05 0.0561557 0.217208 0.0606014 0.516973
0.102659 9.9982E-05 0.00630071 0.0480154 0.416854 9.9982E-05 0.425971
0.119547 9.9982E-05 0.0639257 0.0521772 0.350599 9.9982E-05 0.413552
0.0634165 0.0136518 9.9982E-05 0.0856123 0.239299 9.9982E-05 0.59782
0.051131 9.9973E-05 9.9973E-05 0.10134 0.328922 9.9973E-05 0.518307
0.100501 0.0377308 0.0291887 0.0610588 0.210538 0.0578016 0.503182
0.105181 9.9973E-05 9.9973E-05 0.00314432 0.372826 9.9973E-05 0.518548
0.125344 9.9973E-05 9.9973E-05 0.0355932 0.572383 9.9973E-05 0.266381
0.0269553 9.9982E-05 9.9982E-05 0.0212999 0.264242 0.00185552 0.685447
0.124543 9.9982E-05 0.016884 0.0875522 0.525105 9.9982E-05 0.245715
0.0583856 9.9973E-05 9.9973E-05 0.0607638 0.384064 9.9973E-05 0.496487
0.0450542 0.0488635 0.0129797 0.0953034 0.21314 9.9991E-05 0.584559
0.0550243 0.0450766 0.0527071 0.0343495 0.212145 0.0300837 0.570614
9.9982E-05 0.201536 0.0969585 9.9982E-05 0.0728999 0.142831 0.485574
0.0695282 0.142178 0.0251397 0.0864152 0.119619 0.127708 0.429411
9.9982E-05 0.202599 0.0130651 9.9982E-05 0.188237 0.300832 0.295066
9.9982E-05 0.171123 0.0792609 9.9982E-05 0.180254 0.221981 0.347182
0.0534306 0.147823 0.105495 0.000226694 0.069637 0.197599 0.425789
0.0603617 0.138126 0.00546819 0.00122341 0.220455 0.127746 0.44662
0.0199625 0.136871 9.9991E-05 0.00684143 0.663434 0.144731 0.0280601
9.9982E-05 0.0902653 9.9982E-05 0.0037578 0.154566 0.167759 0.583452
9.9964E-05 0.288472 9.9964E-05 9.9964E-05 0.593006 0.118122 9.9964E-05
9.9982E-05 0.039678 9.9982E-05 0.0314738 0.218052 0.14656 0.564037
0.129776 9.9964E-05 9.9964E-05 9.9964E-05 0.629812 9.9964E-05 0.240013
0.262929 9.9973E-05 9.9973E-05 0.0443182 0.639688 9.9973E-05 0.052764
0.0884591 9.9982E-05 0.00942453 0.0158296 0.349265 9.9982E-05 0.536821
0.0839832 9.9973E-05 9.9973E-05 0.0164048 0.241481 9.9973E-05 0.657831
0.0864261 9.9973E-05 9.9973E-05 0.0362622 0.384326 9.9973E-05 0.492686
0.123456 9.9973E-05 9.9973E-05 0.021371 0.240971 9.9973E-05 0.613902
0.0716205 9.9973E-05 9.9973E-05 0.00637069 0.299151 9.9973E-05 0.622558
0.0189666 0.880865 0.0161151 0.0630855 9.9982E-05 9.9982E-05 0.0207681
9.9982E-05 0.74892 9.9982E-05 0.0782521 0.0538052 0.0477992 0.0710232
9.9982E-05 0.931257 0.000188208 0.0496817 9.9982E-05 0.00756477 0.0111082
9.9964E-05 0.936533 9.9964E-05 9.9964E-05 0.0169393 9.9964E-05 0.046128
0.35069 0.0137593 0.036912 0.0171102 0.0556706 0.0827407 0.443117
0.315148 0.0300274 0.101274 0.0288619 9.9991E-05 0.0312835 0.493305
0.427746 0.0094384 0.0804063 0.000391637 9.9991E-05 0.00418035 0.477737
0.202448 0.0561969 0.163499 0.0208172 9.9991E-05 0.00395618 0.552983
0.130692 0.0931776 0.0611183 0.0421704 0.0708765 0.028067 0.573898
0.579913 0.0446449 0.137851 0.0178849 9.9982E-05 9.9982E-05 0.219506
0.322877 0.0300183 9.9964E-05 9.9964E-05 9.9964E-05 9.9964E-05 0.646705
0.56222 0.00504774 9.9973E-05 9.9973E-05 0.157791 9.9973E-05 0.274641
9.9982E-05 0.322322 0.0862605 0.0592427 9.9982E-05 0.163116 0.368859
0.403776 9.9973E-05 9.9973E-05 9.9973E-05 0.154474 0.0138333 0.427617
0.531085 0.00809926 0.0857357 0.065886 9.9982E-05 9.9982E-05 0.308994
0.369905 9.9973E-05 0.0450402 9.9973E-05 0.0743367 9.9973E-05 0.510418
0.473098 0.0149364 0.0611369 0.0712882 9.9991E-05 0.0379445 0.341496
0.388444 9.9973E-05 9.9973E-05 9.9973E-05 0.0304534 0.00510063 0.575702
0.327147 0.0741588 9.9973E-05 0.0623654 9.9973E-05 9.9973E-05 0.536029
0.817731 9.9955E-05 9.9955E-05 9.9955E-05 0.181769 9.9955E-05 9.9955E-05
0.563793 9.9982E-05 0.0117791 9.9982E-05 0.138803 0.0130426 0.272382
0.559447 9.9973E-05 9.9973E-05 9.9973E-05 0.0597912 0.0233623 0.3571
0.774027 9.9955E-05 9.9955E-05 9.9955E-05 0.225474 9.9955E-05 9.9955E-05
0.403876 0.0631386 0.0960619 0.0693091 9.9982E-05 9.9982E-05 0.367414
0.574382 9.9973E-05 0.0185191 9.9973E-05 0.338529 9.9973E-05 0.0682701
0.759195 9.9955E-05 9.9955E-05 9.9955E-05 0.240305 9.9955E-05 9.9955E-05
0.329495 0.065247 9.9991E-05 0.0361533 0.0142212 0.0223362 0.532447
0.604214 0.0345167 0.170147 0.0815955 9.9982E-05 9.9982E-05 0.109326
0.394646 0.0123441 0.164345 0.0100693 9.9991E-05 0.00344457 0.415051
0.169849 0.10292 9.9982E-05 9.9982E-05 0.0690272 0.0422477 0.615756
0.366494 0.0259427 0.114493 0.0100159 9.9982E-05 9.9982E-05 0.482854
0.029283 9.9991E-05 0.23791 0.100724 0.255711 0.00126814 0.375003
0.337537 0.0189798 0.0250241 0.0883648 9.9991E-05 0.0170944 0.5129
0.372226 0.0122904 0.13561 0.0291405 9.9982E-05 9.9982E-05 0.450533
0.581903 9.9973E-05 0.0182172 9.9973E-05 0.0968384 9.9973E-05 0.302742
0.282469 0.0723686 0.140856 0.0156257 0.00155033 0.0279363 0.459194
9.9973E-05 0.672528 0.00611272 0.259352 0.0617079 9.9973E-05 9.9973E-05
0.0317072 0.772701 9.9973E-05 0.173166 0.0221261 9.9973E-05 9.9973E-05
0.000976018 0.856904 9.9973E-05 0.116691 0.0251291 9.9973E-05 9.9973E-05
9.9964E-05 0.825076 9.9964E-05 0.144741 0.029783 9.9964E-05 9.9964E-05
9.9982E-05 0.757199 0.0234745 0.159211 0.0352253 9.9982E-05 0.0246897
0.681145 0.0583985 0.138999 0.0410012 9.9982E-05 9.9982E-05 0.0802573
0.657831 0.0538834 0.128028 0.0590892 9.9982E-05 9.9982E-05 0.100968
0.72988 9.9973E-05 9.9973E-05 9.9973E-05 0.0982619 0.00609391 0.165464
0.146246 0.105891 0.085664 0.0487438 0.0510692 0.0555711 0.506814
0.256024 0.105329 9.9991E-05 0.0707518 0.00194924 0.0784129 0.487434
0.630961 9.9973E-05 9.9973E-05 9.9973E-05 0.112503 0.0686887 0.187547
0.324908 0.0340117 9.9982E-05 9.9982E-05 0.0129493 0.0652839 0.562647
0.500835 0.0161796 9.9982E-05 9.9982E-05 0.0868314 0.0443946 0.351559
0.399349 0.0306455 0.0504249 0.0357489 9.9991E-05 0.0288769 0.454855
0.29307 0.0292621 9.9982E-05 0.0431299 9.9982E-05 0.0481748 0.586163
0.631345 9.9982E-05 0.136923 0.0492964 9.9982E-05 0.00953779 0.172699
0.611704 0.000844198 0.123282 0.0389381 9.9991E-05 0.00221881 0.222913
0.533622 0.0392958 0.111474 0.0454174 9.9982E-05 9.9982E-05 0.269991
0.0312161 0.0941791 0.0463106 0.0378674 0.142502 9.9991E-05 0.647825
0.530624 0.0413885 0.0610992 0.0116924 9.9982E-05 9.9982E-05 0.354996
0.464796 0.046504 0.0438124 0.047004 9.9991E-05 0.0265378 0.371246
9.9982E-05 0.0689079 9.9982E-05 0.0237934 0.0566672 0.394253 0.456179
0.0252916 0.12966 0.00714401 0.0279951 0.0924542 0.433492 0.283964
9.9982E-05 0.0892965 0.0295169 9.9982E-05 0.0434928 0.379751 0.457743
9.9982E-05 0.164574 0.0303316 9.9982E-05 0.0510494 0.474538 0.279307
0.018737 0.115129 0.0426881 9.9991E-05 0.0473332 0.284328 0.491685
0.193541 0.0444871 9.9982E-05 0.00629802 0.208404 9.9982E-05 0.54707
9.9982E-05 0.260456 9.9982E-05 0.00111253 0.0842234 0.634237 0.0197714
9.9982E-05 0.150958 9.9982E-05 0.030093 0.0211762 0.494802 0.30277
0.0684549 0.161056 9.9991E-05 0.0312054 0.227997 0.133154 0.378033
0.0109352 0.130739 0.116916 0.0215266 0.178555 9.9991E-05 0.541229
9.9982E-05 0.148086 0.0922801 0.0339904 0.248286 9.9982E-05 0.477157
9.9991E-05 0.118498 0.0753997 0.0154539 0.163747 0.0371852 0.589616
0.0294494 0.153948 0.0421882 9.9991E-05 0.131522 0.0199535 0.622839
9.9964E-05 0.19188 9.9964E-05 9.9964E-05 9.9964E-05 0.442153 0.365567
0.0325875 0.153418 9.9982E-05 9.9982E-05 0.0548407 0.315049 0.443905
9.9964E-05 0.104069 9.9964E-05 9.9964E-05 9.9964E-05 0.467987 0.427545
0.0299165 0.099523 0.0134533 0.086653 0.0300569 0.312959 0.427438
0.0192711 0.162607 9.9991E-05 0.028179 0.0650614 0.499019 0.225762
0.0535772 0.142043 0.0542454 9.9991E-05 0.0146886 0.33202 0.403326
0.0169826 0.137715 9.9991E-05 0.0205921 0.0604481 0.481983 0.282179
0.0169831 0.145623 0.00811876 0.0421291 0.0648284 0.351053 0.371265
0.107815 0.0916319 9.9982E-05 9.9982E-05 0.313325 0.0130537 0.473974
0.00146653 0.153278 9.9991E-05 0.0645869 0.069288 0.333183 0.378097
9.9973E-05 0.211795 9.9973E-05 9.9973E-05 0.0592451 0.571927 0.156733
0.0657782 0.110265 0.0158447 0.0331684 0.0116213 0.363134 0.400188
0.0475056 0.177967 0.243344 0.0415884 0.237925 9.9991E-05 0.251571
9.9982E-05 0.0139125 0.0683214 9.9982E-05 0.258339 0.0380044 0.621223
0.0624514 0.146497 9.9991E-05 0.0638156 0.00738713 0.347808 0.371941
9.9982E-05 0.118108 0.167193 0.0312062 0.176666 9.9982E-05 0.506626
9.9973E-05 0.169267 0.122523 9.9973E-05 0.213841 9.9973E-05 0.494069
0.0350382 0.196739 0.009154 0.0133448 0.180911 0.206063 0.358751
9.9973E-05 0.211237 9.9973E-05 9.9973E-05 0.165941 0.261974 0.360549
0.0485571 0.154718 9.9991E-05 0.0229584 0.117004 0.0632234 0.59344
9.9982E-05 0.152947 0.0663327 9.9982E-05 0.0555678 0.261341 0.463611
9.9982E-05 0.105325 0.0196561 9.9982E-05 0.00452451 0.397873 0.472421
9.9973E-05 0.191259 9.9973E-05 9.9973E-05 0.0590933 0.590104 0.159244
0.0779561 0.0677912 0.0350949 0.0272031 0.0862417 0.0988655 0.606848
0.0178444 0.147313 0.155393 9.9982E-05 0.254499 9.9982E-05 0.424751
9.9964E-05 0.118379 9.9964E-05 9.9964E-05 0.682177 9.9964E-05 0.199044
0.03483 0.17517 0.0068079 0.0524578 0.104699 0.0316091 0.594426
9.9991E-05 0.0778687 0.132172 0.0788224 0.27616 0.0177595 0.417117
9.9982E-05 0.177906 0.0260059 9.9982E-05 0.149628 0.141408 0.504851
0.0338767 0.125557 0.106743 0.00238753 0.188253 0.0671052 0.476079
9.9964E-05 0.359487 9.9964E-05 9.9964E-05 0.519681 0.120432 9.9964E-05
9.9964E-05 0.298635 9.9964E-05 9.9964E-05 0.618975 0.0819901 9.9964E-05
0.0336715 0.184879 0.0334227 9.9991E-05 0.382335 0.0765281 0.289063
9.9973E-05 0.319525 9.9973E-05 9.9973E-05 0.470683 0.192275 0.0172165
9.9964E-05 0.44582 9.9964E-05 9.9964E-05 0.361437 0.192342 9.9964E-05
9.9973E-05 0.191158 9.9973E-05 9.9973E-05 0.309128 0.0694763 0.429938
9.9991E-05 0.24304 0.028912 0.0348725 0.195922 0.138449 0.358704
9.9982E-05 0.285397 0.0180515 9.9982E-05 0.413859 0.141966 0.140526
9.9973E-05 0.257335 9.9973E-05 9.9973E-05 0.511053 0.117769 0.113543
9.9982E-05 0.156669 0.0443798 9.9982E-05 0.183331 0.124662 0.490759
9.9973E-05 0.250173 9.9973E-05 9.9973E-05 0.458053 0.118226 0.173249
9.9964E-05 0.343343 9.9964E-05 9.9964E-05 0.606668 0.0495887 9.9964E-05
0.0466588 0.107786 0.0334816 0.0840018 0.124067 0.138423 0.465582
9.9982E-05 0.212222 0.0424952 9.9982E-05 0.286249 0.165777 0.293057
0.0308494 0.314613 0.0780919 9.9991E-05 0.0466069 0.164037 0.365701
9.9973E-05 0.207791 9.9973E-05 0.00668346 9.9973E-05 0.185165 0.600061
9.9982E-05 0.169562 0.00271734 9.9982E-05 0.126168 0.191717 0.509635
0.0421235 0.173605 0.0393837 9.9991E-05 0.0326496 0.24184 0.470298
9.9973E-05 0.353275 0.180916 9.9973E-05 9.9973E-05 0.214612 0.250897
9.9991E-05 0.198959 0.0760693 0.0311107 0.022581 0.172136 0.499044
9.9973E-05 0.238145 0.137791 9.9973E-05 9.9973E-05 0.229228 0.394536
9.9991E-05 0.217104 0.00399779 0.00476513 0.2164 0.289031 0.268602
0.201419 0.194617 0.244847 9.9991E-05 0.0113495 0.145218 0.20245
0.0810441 0.248501 0.060043 9.9991E-05 0.030586 0.0833182 0.496407
0.00277698 0.142938 0.0671921 0.045199 0.0640698 0.127734 0.55009
0.0668624 0.137748 0.0794922 0.0424807 0.0271327 0.104781 0.541503
9.9982E-05 0.264169 0.00717821 9.9982E-05 0.106866 0.171548 0.450039
0.0430923 0.236578 0.000225178 9.9991E-05 0.0575512 0.176184 0.48627
9.9973E-05 0.367158 9.9973E-05 9.9973E-05 0.271476 0.319861 0.0412049
0.0814114 0.154236 9.9991E-05 0.0536282 0.0271954 0.124956 0.558473
9.9973E-05 0.293299 9.9973E-05 9.9973E-05 0.221885 0.267824 0.216692
9.9964E-05 0.806993 0.0649089 0.127699 9.9964E-05 9.9964E-05 9.9964E-05
0.0018116 0.0514109 0.0783266 0.707241 9.9991E-05 0.00568839 0.155421
9.9955E-05 9.9955E-05 0.0153521 0.984148 9.9955E-05 9.9955E-05 9.9955E-05
0.00962446 9.9955E-05 9.9955E-05 0.989876 9.9955E-05 9.9955E-05 9.9955E-05
9.9973E-05 9.9973E-05 0.0225421 0.936339 9.9973E-05 0.000766729 0.0400525
9.9973E-05 9.9973E-05 0.0345714 0.929096 9.9973E-05 0.0327483 0.00328393
9.9955E-05 9.9955E-05 9.9955E-05 0.913529 9.9955E-05 9.9955E-05 0.0859708
9.9955E-05 9.9955E-05 0.0573559 0.942144 9.9955E-05 9.9955E-05 9.9955E-05
9.9964E-05 0.118507 9.9964E-05 0.86946 9.9964E-05 0.0116339 9.9964E-05
0.0416963 0.897045 0.0143307 0.0466277 9.9973E-05 9.9973E-05 9.9973E-05
9.9964E-05 0.79044 9.9964E-05 0.130035 9.9964E-05 9.9964E-05 0.079125
0.0518116 0.878089 9.9973E-05 0.0410964 9.9973E-05 0.0287031 9.9973E-05
9.9982E-05 0.86363 0.0494329 0.050794 0.00957605 9.9982E-05 0.0263672
9.99801E-05 0.87753 9.99801E-05 0.075734 9.99801E-05 0.0298662 0.0165695
0.00120459 0.912215 0.00623987 0.0317098 9.9982E-05 9.9982E-05 0.0484306
0.00974799 0.761241 0.0178023 0.0188465 0.0197196 0.0595952 0.113047
9.9955E-05 0.902983 9.9955E-05 9.9955E-05 9.9955E-05 9.9955E-05 0.0965173
9.9991E-05 0.728481 0.0425311 0.0395897 0.0333752 0.0574604 0.0984629
0.00420026 0.92474 9.9973E-05 9.9973E-05 9.9973E-05 0.0462052 0.0245546
9.9955E-05 0.978675 9.9955E-05 9.9955E-05 0.0208247 9.9955E-05 9.9955E-05
0.014966 0.88029 0.0312187 9.9982E-05 9.9982E-05 0.0120826 0.0612429
9.9955E-05 0.989659 0.00984135 9.9955E-05 9.9955E-05 9.9955E-05 9.9955E-05
0.00829534 0.953616 9.9964E-05 9.9964E-05 9.9964E-05 9.9964E-05 0.0376888
0.00550681 0.909873 9.9973E-05 9.9973E-05 9.9973E-05 0.000498914 0.0838215
9.9964E-05 0.930112 9.9964E-05 9.9964E-05 9.9964E-05 0.00127667 0.0682111
9.9964E-05 0.859197 9.9964E-05 9.9964E-05 9.9964E-05 0.0452372 0.0951661
9.9964E-05 0.843023 9.9964E-05 9.9964E-05 9.9964E-05 0.025943 0.130635
9.9964E-05 0.829576 9.9964E-05 9.9964E-05 9.9964E-05 0.0721818 0.0978425
0.0806124 0.137474 0.14296 9.9982E-05 0.268033 9.9982E-05 0.370721
9.9982E-05 0.0743341 0.0483605 0.00508951 0.194847 9.9982E-05 0.677169
0.0302365 0.139082 0.147581 9.9991E-05 0.105921 0.00214195 0.574938
0.0470271 0.0910026 9.9982E-05 9.9982E-05 0.727566 0.00770669 0.126497
0.0186314 0.108326 0.19977 0.00656862 0.205967 9.9991E-05 0.460638
9.9964E-05 0.111119 9.9964E-05 9.9964E-05 0.753338 9.9964E-05 0.135143
9.9973E-05 0.098672 9.9973E-05 9.9973E-05 0.233383 0.0458547 0.62179
0.0824083 0.132641 0.213475 9.9982E-05 0.206183 9.9982E-05 0.365093
9.9982E-05 0.13963 0.114103 0.00301638 0.239309 9.9982E-05 0.503742
0.392883 0.0471192 0.138717 9.9982E-05 9.9982E-05 0.044737 0.376344
0.0577914 0.136379 0.116628 0.0218035 0.207085 9.9991E-05 0.460212
9.9973E-05 0.076342 9.9973E-05 0.0492052 0.1682 9.9973E-05 0.705953
0.0127051 0.119391 0.100344 0.0643979 0.18344 9.9991E-05 0.519623
0.143482 9.9982E-05 0.292293 0.241955 0.281596 0.0404738 9.9982E-05
9.9973E-05 0.0901622 0.0333203 9.9973E-05 0.818687 9.9973E-05 0.0575304
0.00118621 0.10213 9.9973E-05 9.9973E-05 0.69448 9.9973E-05 0.201904
0.0325368 0.128087 0.0860162 9.9991E-05 0.141739 0.00344579 0.608075
9.9982E-05 0.0448862 0.0384338 9.9982E-05 0.391672 0.00405176 0.520756
