0.00533624 0.958245 0.0190293 0.0173895
9.9982E-05 0.992466 0.00733408 9.9982E-05
0.0868364 0.84888 9.9991E-05 0.0641833
0.0438029 0.818591 0.0370918 0.100514
0.0561872 0.892482 9.9991E-05 0.0512311
0.128436 0.680878 0.142692 0.0479945
9.999E-05 0.886268 0.0952304 0.0184019
9.999E-05 0.790738 0.1663 0.0428614
9.9982E-05 0.838233 0.161567 9.9982E-05
0.0965161 0.739641 0.0834055 0.0804374
0.0342796 0.796396 0.169225 9.9991E-05
0.41729 0.0435063 0.489287 0.0499163
0.637374 0.0770584 0.197017 0.0885506
0.313491 0.0781528 0.464627 0.14373
0.426484 0.0867332 0.299375 0.187407
0.394775 0.19751 0.25505 0.152666
0.661294 0.11746 0.116324 0.104923
0.532252 0.0546059 0.275471 0.137671
0.426075 0.147026 0.361956 0.0649426
0.0614558 0.151605 0.69546 0.0914795
0.627132 0.0913139 0.249326 0.0322288
0.519367 0.0879626 0.308145 0.0845249
0.669848 0.0845832 0.216988 0.0285813
0.46295 0.0534124 0.399156 0.0844817
0.678997 0.127141 0.07195 0.121912
0.646546 0.0706213 0.164541 0.118292
0.300215 0.101547 0.494308 0.10393
0.318225 0.0696822 0.428512 0.183581
0.396804 0.063999 0.539097 9.9991E-05
0.069359 0.861784 9.9991E-05 0.0687573
0.111175 0.848384 9.9991E-05 0.0403413
0.111447 0.810463 9.9991E-05 0.0779897
0.159816 0.769104 9.9991E-05 0.0709799
0.747848 0.0226699 0.213937 0.0155448
0.714729 0.123696 0.161474 9.9991E-05
0.808224 0.0175583 0.174118 9.9991E-05
0.264989 0.178774 0.556137 9.9991E-05
0.491433 9.9991E-05 0.4201 0.0883677
0.658584 0.0896011 0.221797 0.0300183
0.793875 9.9991E-05 0.0716081 0.134417
0.692757 0.153843 0.132529 0.0208703
0.838138 0.0903445 0.071417 9.9991E-05
0.418394 0.00523976 0.576266 9.9991E-05
0.670043 0.0224521 0.203928 0.103577
0.857337 0.0821857 0.0409003 0.019577
0.635908 0.1586 0.0805935 0.124899
0.638663 9.9982E-05 0.361137 9.9982E-05
0.858005 0.0735721 0.0477126 0.0207106
0.641761 0.129525 0.1392 0.0895136
0.0652887 0.0842711 0.85034 9.9991E-05
0.364914 0.014347 0.620639 9.9991E-05
0.108634 0.0216715 0.731445 0.13825
0.662993 0.145964 0.134906 0.0561365
0.745362 0.102197 0.0256946 0.126746
0.637296 0.0462705 0.149561 0.166873
0.273438 0.170067 0.556395 9.9991E-05
0.674221 0.054443 0.220009 0.0513272
0.530712 0.11322 0.144167 0.211902
0.451519 0.147076 0.353065 0.0483397
0.144008 0.220478 0.548926 0.0865888
0.643358 0.0935235 0.208491 0.0546277
0.555551 0.090552 0.295428 0.058469
0.183449 0.110043 0.706408 9.9991E-05
0.648341 0.0535935 0.297966 9.9991E-05
0.770114 0.00664184 0.134189 0.0890556
0.717638 0.131021 0.12547 0.0258712
0.456876 0.114658 0.380853 0.0476131
0.576766 0.050391 0.257237 0.115606
0.673235 0.134673 0.147201 0.0448907
0.385332 0.0766609 0.537907 9.9991E-05
0.755578 9.9982E-05 0.244222 9.9982E-05
0.516406 9.9982E-05 0.483395 9.9982E-05
0.608148 0.0367887 0.207471 0.147592
0.284515 9.9982E-05 0.715285 9.9982E-05
0.262715 9.9982E-05 0.737085 9.9982E-05
0.578109 9.9982E-05 0.421691 9.9982E-05
0.672107 0.0595598 0.268233 9.9991E-05
0.814554 0.159188 9.9991E-05 0.0261586
0.569074 9.9991E-05 0.340479 0.090347
0.423375 0.0591389 0.517386 9.9991E-05
0.493863 0.0280338 0.478003 9.9991E-05
0.617894 0.058355 0.18478 0.138971
0.630934 0.0202784 0.348688 9.9991E-05
0.609546 0.0401972 0.322305 0.0279522
0.657127 0.0162295 0.326544 9.9991E-05
0.126316 9.9991E-05 0.798969 0.0746155
0.792846 0.0111555 0.123005 0.0729935
0.117726 0.854057 9.9991E-05 0.028117
0.0586857 0.941114 9.9982E-05 9.9982E-05
0.0138165 0.907831 9.9991E-05 0.0782524
0.0766704 0.92313 9.9982E-05 9.9982E-05
0.0968786 0.889917 9.9991E-05 0.0131049
0.0375655 0.90442 0.00118118 0.0568336
0.00977029 0.966425 9.9991E-05 0.023705
0.679649 0.122329 0.135308 0.0627145
0.68796 0.0978023 0.0709559 0.143281
0.3621 9.9982E-05 0.6377 9.9982E-05
0.643294 0.138137 0.152291 0.0662776
0.641493 0.0565395 0.289296 0.0126712
0.788424 0.0889277 0.112017 0.0106311
0.705725 0.116811 0.176873 0.000591124
0.732253 0.0331989 0.177415 0.0571335
0.226127 0.074097 0.699676 9.9991E-05
0.611873 0.0979323 0.212076 0.0781186
0.803232 0.0549869 0.0956265 0.0461547
0.671028 0.123605 0.0926561 0.112711
0.46656 9.9991E-05 0.466604 0.066736
0.756838 0.0181954 0.223331 0.00163541
0.636181 0.0329133 0.330806 9.9991E-05
0.622532 9.9991E-05 0.343522 0.0338465
0.643555 0.0632172 0.293128 9.9991E-05
0.692071 0.182264 0.0836096 0.0420561
0.371263 0.031656 0.567885 0.0291955
0.489307 0.202416 0.234616 0.0736604
0.756118 0.153842 0.0895813 0.000458802
0.689837 0.0363515 0.144204 0.129607
0.637304 0.0922779 0.270318 9.9991E-05
0.643227 0.0577804 0.218247 0.080746
0.600787 0.131657 0.267456 9.9991E-05
0.563548 0.0622432 0.275374 0.0988351
0.647232 0.0523037 0.177984 0.12248
0.738977 0.0595616 0.191337 0.0101241
0.707648 0.0280183 0.264234 9.9991E-05
0.635288 0.0929458 0.150895 0.120871
0.680118 0.120241 0.0996624 0.0999788
0.749189 0.0247363 0.175213 0.0508613
0.668537 0.0951495 0.126049 0.110264
0.669055 0.0389035 0.145789 0.146252
0.481625 0.188731 0.314056 0.0155879
0.678409 0.00157803 0.172864 0.147149
0.741199 0.100814 0.103838 0.0541489
0.310236 0.0617094 0.52916 0.0988949
0.171481 0.0565014 0.663867 0.10815
0.689444 0.113522 0.164801 0.0322338
0.127188 9.9991E-05 0.762817 0.109895
0.445495 0.0912579 0.451845 0.0114029
0.563229 0.049818 0.386853 9.9991E-05
0.548977 0.0595982 0.391325 9.9991E-05
0.4396 0.0277824 0.505544 0.0270727
0.792811 0.0827669 0.0451075 0.0793151
0.542088 0.122445 0.199532 0.135935
0.737318 0.0814727 0.171605 0.00960435
0.20362 0.0393831 0.668023 0.0889738
0.611271 0.1556 0.172611 0.0605175
0.574917 0.0760268 0.261487 0.0875691
0.08866 0.211028 0.695782 0.00453053
0.787724 0.137301 0.0402568 0.034719
0.443085 0.084408 0.401774 0.0707334
0.526124 0.177024 0.165418 0.131434
0.302058 0.101596 0.50346 0.0928862
0.302594 0.167621 0.529685 9.9991E-05
0.553026 0.127377 0.319497 9.9991E-05
0.489785 0.149975 0.175148 0.185093
0.536824 0.167817 0.266175 0.0291835
0.0431183 0.0888705 0.646774 0.221237
0.632357 0.124971 0.173495 0.0691769
0.578852 9.9991E-05 0.420247 0.000800958
0.626107 0.0174306 0.344197 0.0122654
0.674292 0.136514 0.0788795 0.110315
0.078536 0.37081 0.208848 0.341805
9.9991E-05 0.629805 0.189736 0.180359
9.9991E-05 0.4996 0.308441 0.19186
0.0639068 0.425494 0.13465 0.375949
0.752995 9.9991E-05 0.18537 0.0615355
0.682007 0.0974328 0.183099 0.0374616
0.232669 9.9982E-05 9.9982E-05 0.767131
0.305895 0.0604121 0.126459 0.507234
0.311417 9.9991E-05 0.220372 0.468111
0.493586 0.0585539 0.426716 0.0211434
0.658424 0.130242 0.166511 0.0448227
0.29399 9.9991E-05 0.609636 0.0962731
0.737811 0.0287066 0.193853 0.0396287
0.538714 0.0644521 0.36477 0.0320636
0.60099 0.0663508 0.263215 0.0694442
0.221063 0.0169815 0.658042 0.103913
0.724323 0.051894 0.111258 0.112525
0.606966 0.0181851 0.199831 0.175017
9.9982E-05 9.9982E-05 0.0116103 0.98819
0.070809 9.9982E-05 9.9982E-05 0.928991
0.313591 0.0775749 0.0254679 0.583366
0.238734 0.00278406 9.9991E-05 0.758382
0.183501 9.9991E-05 0.0117808 0.804618
9.998E-05 9.998E-05 9.998E-05 0.9997
9.998E-05 9.998E-05 9.998E-05 0.9997
0.0997135 9.9982E-05 9.9982E-05 0.900087
0.0176001 9.9982E-05 9.9982E-05 0.9822
9.998E-05 9.998E-05 9.998E-05 0.9997
9.998E-05 9.998E-05 9.998E-05 0.9997
0.126068 0.0298385 0.0163615 0.827732
0.191896 0.0563365 9.9991E-05 0.751668
9.9982E-05 9.9982E-05 0.00638604 0.993414
0.495262 0.0864939 0.0427029 0.375542
0.149444 0.0352729 0.0912183 0.724065
0.184961 0.101959 0.00649287 0.706587
0.105387 9.9982E-05 9.9982E-05 0.894413
9.998E-05 9.998E-05 9.998E-05 0.9997
0.0570434 0.0384702 9.9991E-05 0.904386
9.998E-05 9.998E-05 9.998E-05 0.9997
0.296297 0.0787833 9.9991E-05 0.62482
0.0556638 9.9991E-05 0.0536304 0.890606
9.9991E-05 0.353564 0.501589 0.144748
0.406237 0.185937 0.232276 0.17555
0.412317 0.24486 0.19419 0.148633
0.149275 0.263582 0.399842 0.187301
0.528222 0.138946 0.138643 0.194189
0.206121 0.291014 0.288893 0.213972
0.548208 0.19099 0.12879 0.132012
0.416546 0.189218 0.223418 0.170818
0.390976 0.196184 0.171302 0.241537
0.403645 0.172784 0.204317 0.219254
0.546127 0.130084 0.147182 0.176607
0.0344647 0.885772 0.0796005 0.00016294
9.9982E-05 0.953153 9.9982E-05 0.0466471
9.998E-05 0.9997 9.998E-05 9.998E-05
0.00957158 0.990228 9.9982E-05 9.9982E-05
0.044526 0.939923 9.9991E-05 0.015451
9.9991E-05 0.888762 0.000782851 0.110355
0.018086 0.895584 9.9991E-05 0.0862302
9.9991E-05 0.894403 0.0833762 0.0221211
0.034875 0.930134 9.9991E-05 0.0348907
9.9982E-05 0.873446 9.9982E-05 0.126354
9.9991E-05 0.666969 0.309346 0.0235847
9.9982E-05 0.676172 0.323628 9.9982E-05
9.9982E-05 0.606659 0.393141 9.9982E-05
9.9982E-05 0.566336 0.433464 9.9982E-05
0.674177 0.0948787 0.229788 0.00115554
0.727374 0.0228849 0.21566 0.0340817
0.698309 0.00659848 0.258281 0.0368111
0.561796 0.127331 0.310773 9.9991E-05
0.332391 0.0609584 0.606551 9.9991E-05
0.771145 0.0358244 0.0951892 0.0978415
0.712042 0.00965347 0.228363 0.0499411
0.646637 9.9991E-05 0.323481 0.0297824
0.61038 9.9991E-05 0.352272 0.0372478
0.746889 0.0535142 0.142134 0.0574628
0.672351 0.0245289 0.30302 9.9991E-05
0.0886282 9.9991E-05 0.88665 0.0246219
0.688089 0.138993 0.151348 0.0215694
0.442403 9.9991E-05 0.549121 0.00837624
0.697151 9.9991E-05 0.263555 0.0391942
0.390391 0.0556381 0.553871 9.9991E-05
0.0727294 0.242956 0.684215 9.9991E-05
0.154256 0.217429 0.628216 9.9991E-05
0.0937429 0.183741 0.722416 9.9991E-05
0.00874972 0.261611 0.729539 9.9991E-05
0.134138 0.127977 0.737786 9.9991E-05
0.185766 0.23066 0.583474 9.9991E-05
0.052729 0.883227 9.9991E-05 0.0639444
0.0834433 0.881204 9.9991E-05 0.0352529
0.0998659 0.797572 9.9991E-05 0.102462
0.0162796 0.821861 0.0276155 0.134244
0.0135281 0.853453 9.9991E-05 0.132919
0.00686156 0.488968 0.504071 9.9991E-05
9.9982E-05 0.534551 0.465249 9.9982E-05
0.0351709 0.556321 0.408408 9.9991E-05
0.156269 0.843531 9.9982E-05 9.9982E-05
0.0320923 0.492812 0.474546 0.000550065
0.249999 0.222845 0.0820663 0.44509
0.614229 0.15333 0.0279069 0.204533
0.535902 0.134376 9.9991E-05 0.329622
0.363686 0.296748 0.0234417 0.316123
0.55869 0.197244 0.0864929 0.157573
9.9991E-05 0.469474 0.154197 0.376228
0.64503 0.0630185 0.291852 9.9991E-05
0.432749 0.0451707 0.443417 0.0786634
0.450454 0.102516 0.446931 9.9991E-05
0.604443 0.00906315 0.345411 0.0410821
9.998E-05 9.998E-05 0.9997 9.998E-05
0.618509 0.0880796 0.22088 0.0725322
0.577965 0.069362 0.307569 0.0451037
0.485206 0.105391 0.409304 9.9991E-05
0.572132 0.129336 0.20648 0.0920525
0.242513 0.0139024 0.707911 0.0356732
0.483875 0.0235948 0.390496 0.102034
0.684423 0.0431665 0.231952 0.0404589
0.481263 0.152555 0.185901 0.180282
0.441642 9.9991E-05 0.491089 0.0671685
0.580614 0.0402906 0.327872 0.0512233
0.628412 9.9991E-05 0.271448 0.10004
0.67601 0.0208197 0.293513 0.00965719
0.648101 0.0589124 0.194426 0.0985604
0.572971 0.167574 0.13646 0.122995
0.672208 0.095872 0.134994 0.0969267
0.0914254 0.782366 9.9991E-05 0.126109
0.0587061 0.835877 9.9991E-05 0.105317
0.103554 0.845127 0.0512188 9.9991E-05
0.0657415 0.864346 0.0295362 0.0403764
0.0907002 0.846242 9.9991E-05 0.0629577
0.28524 0.131385 0.566015 0.0173595
0.470871 0.0632488 0.299689 0.166191
0.511122 0.200524 0.0889774 0.199377
0.778773 0.0565334 0.11121 0.0534836
0.680473 0.071438 0.216762 0.0313267
0.249424 0.0279963 0.540548 0.182032
0.0806986 0.24642 0.672781 9.9991E-05
0.647387 0.0492169 0.241676 0.0617208
0.212534 0.150963 0.570766 0.0657364
0.514714 0.0835903 0.353514 0.0481816
0.146097 0.216451 0.583926 0.0535268
0.59049 0.087689 0.169854 0.151967
0.297784 0.160171 0.541945 9.9991E-05
0.373742 0.0448849 0.490847 0.0905264
0.590514 0.127666 0.264752 0.0170674
0.35822 0.0633391 0.530298 0.0481432
0.759693 0.0527848 0.1567 0.0308223
0.625575 0.159455 0.127435 0.0875349
0.501123 0.0232829 0.453362 0.0222323
0.583644 0.0830512 0.232003 0.101301
0.721802 0.106882 0.171216 9.9991E-05
0.181455 9.9982E-05 0.818345 9.9982E-05
0.376806 0.00974158 0.575865 0.0375877
0.567172 0.000131475 0.343549 0.089148
0.308802 0.0478742 0.643224 9.9991E-05
0.63602 0.0247386 0.339142 9.9991E-05
0.266328 0.148534 0.585039 9.9991E-05
0.283262 9.9991E-05 0.626255 0.0903829
0.481244 0.0691387 0.395593 0.0540242
0.738367 0.0343355 0.139947 0.0873503
0.385047 0.0180072 0.595289 0.00165691
0.504419 0.0866082 0.24457 0.164403
0.579297 0.0823522 0.170334 0.168017
0.609065 0.0417775 0.249743 0.0994146
0.546466 0.0485112 0.273315 0.131708
0.569849 0.0613624 0.31781 0.0509786
0.331742 0.00226266 0.583336 0.0826595
0.422283 0.0378933 0.39665 0.143174
0.74849 9.9991E-05 0.178673 0.0727363
0.70558 0.109971 0.141821 0.0426277
0.410535 0.0974854 0.425479 0.0665011
0.561414 0.0312849 0.231606 0.175696
0.416612 0.1378 0.412808 0.0327798
0.704916 0.0152332 0.264478 0.0153728
0.603645 0.0191652 0.255842 0.121348
0.5796 0.101296 0.166004 0.1531
0.401757 0.373661 0.0507118 0.17387
0.522306 0.15936 0.0494153 0.268918
0.527666 0.137416 0.105259 0.229659
0.686127 0.0754576 0.106917 0.131499
0.459297 0.210386 0.0774432 0.252874
0.579634 9.9991E-05 0.380512 0.0397538
0.512715 0.1293 0.193842 0.164144
0.0219388 0.305715 0.459802 0.212544
0.590937 0.122033 0.0880762 0.198954
0.605791 0.102565 0.0806416 0.211002
0.48586 0.085444 0.167221 0.261475
0.30673 0.211062 0.261662 0.220547
0.571868 0.216876 9.9991E-05 0.211156
0.600755 0.189369 0.00691264 0.202964
9.9991E-05 0.504545 0.241928 0.253426
0.50717 0.228321 9.9991E-05 0.264408
0.555255 0.187553 9.9991E-05 0.257092
0.625541 0.151425 0.0706375 0.152397
0.546834 0.200946 0.0246307 0.227589
0.622257 0.247158 0.0178085 0.112776
0.575373 0.0252153 0.320464 0.0789483
0.679611 0.144638 0.150212 0.0255387
0.162782 9.9991E-05 0.823657 0.0134611
0.0706888 9.9991E-05 0.875683 0.053528
0.52396 0.0578357 0.238103 0.180102
0.438041 0.142597 0.061581 0.357781
0.317941 0.114818 0.122186 0.445054
0.187652 0.183824 0.236702 0.391822
0.388175 0.175911 0.08278 0.353134
0.114782 0.0691107 0.598873 0.217234
0.228237 0.0920551 0.472619 0.207088
0.580363 9.9991E-05 0.186274 0.233263
0.488493 0.0362878 0.258553 0.216666
0.329478 0.0798387 0.436694 0.153989
0.578861 0.0831422 0.152953 0.185044
0.612544 9.9991E-05 0.193722 0.193634
0.482919 0.138575 0.189803 0.188703
0.507412 0.01356 0.478928 9.9991E-05
0.473347 9.9991E-05 0.427508 0.0990446
0.552858 0.0983315 0.283914 0.0648974
0.484744 0.0785437 0.357994 0.0787178
0.470813 0.0524131 0.294927 0.181847
0.548706 9.9991E-05 0.414594 0.0365999
0.382226 9.9991E-05 0.599252 0.0184219
0.647276 0.0265897 0.274275 0.0518598
0.320301 9.9991E-05 0.602194 0.0774053
0.52595 0.0173245 0.373329 0.0833972
0.697601 0.0894634 0.190066 0.0228695
0.583458 9.9991E-05 0.316303 0.100139
0.554268 0.190375 0.0372418 0.218116
0.523726 0.113239 0.200142 0.162893
0.365182 0.202822 0.13555 0.296446
0.484757 0.281344 0.0845611 0.149338
0.456192 0.215863 0.143049 0.184896
0.481667 0.119615 0.184093 0.214625
9.9991E-05 0.196758 0.566513 0.236628
0.618149 0.088841 0.00847378 0.284536
9.9991E-05 0.370929 0.379202 0.249769
0.569504 0.0780323 0.0936995 0.258765
0.316654 9.9982E-05 0.683146 9.9982E-05
0.0287641 9.9991E-05 0.915207 0.0559291
0.578754 9.9991E-05 0.350988 0.0701579
0.727975 0.0321418 0.193001 0.0468824
0.543329 9.9982E-05 0.456471 9.9982E-05
0.692173 9.9991E-05 0.256266 0.0514607
0.644556 9.9991E-05 0.266117 0.0892273
0.0655404 0.812722 0.037331 0.0844068
9.9991E-05 0.735705 0.116844 0.147351
9.9982E-05 0.938116 9.9982E-05 0.0616842
0.0416618 0.958138 9.9982E-05 9.9982E-05
0.555392 0.0464978 0.2759 0.122211
0.696776 0.0787867 0.210624 0.0138129
0.694821 0.0117486 0.293331 9.9991E-05
0.745907 0.118684 0.135309 9.9991E-05
0.696575 0.160991 0.142334 9.9991E-05
0.450973 0.0150392 0.533888 9.9991E-05
0.79779 0.0404885 0.0981157 0.0636061
0.565583 9.9982E-05 0.434217 9.9982E-05
0.560759 0.191708 0.0280761 0.219458
0.58548 9.9991E-05 0.356054 0.0583656
0.562978 0.0243261 0.412596 9.9991E-05
0.76052 9.9991E-05 0.190937 0.0484426
0.633266 0.0249944 0.34164 9.9991E-05
0.813674 9.9991E-05 0.184574 0.0016521
0.728237 0.0734086 0.192363 0.00599119
0.384823 9.9982E-05 0.614977 9.9982E-05
0.46995 0.0051144 0.523329 0.00160664
0.568672 0.00107041 0.385028 0.0452297
0.197777 9.9982E-05 0.802023 9.9982E-05
0.677956 0.0403365 0.276753 0.00495375
0.341126 9.9991E-05 0.658374 0.000400358
0.126727 9.9991E-05 0.843373 0.0298004
0.619143 0.0519588 0.234148 0.0947508
0.481059 0.017188 0.501653 9.9991E-05
0.65082 0.029555 0.277887 0.0417384
0.730414 0.104772 0.130162 0.0346517
0.747688 9.9991E-05 0.204581 0.0476309
0.393672 9.9991E-05 0.512956 0.0932727
0.739878 0.0694934 0.179777 0.0108519
0.652551 0.0703379 0.233052 0.0440586
0.59711 9.9982E-05 0.40269 9.9982E-05
0.746265 0.0923761 0.155367 0.00599224
0.0445551 0.704551 0.250794 9.9991E-05
0.0561741 0.814002 0.116005 0.0138194
9.9982E-05 0.884064 0.115736 9.9982E-05
9.9982E-05 0.832045 0.167755 9.9982E-05
0.0225832 0.806247 0.17107 9.9991E-05
0.443968 0.0107049 0.545227 9.9991E-05
0.374592 0.0898815 0.535426 9.9991E-05
0.46728 9.9982E-05 0.53252 9.9982E-05
0.603681 0.125601 0.176857 0.0938611
0.696461 0.0899171 0.136086 0.0775358
0.575433 0.0109692 0.413326 0.000271766
0.829233 0.0315321 0.102842 0.0363923
0.578835 0.0142583 0.342184 0.0647223
0.825887 0.0408903 0.133123 9.9991E-05
0.862881 0.000899566 0.123838 0.0123822
0.508259 0.0247017 0.466939 9.9991E-05
0.607909 9.9982E-05 0.391891 9.9982E-05
0.550425 9.9982E-05 0.449375 9.9982E-05
0.67023 0.146475 0.134784 0.0485115
0.706964 9.9982E-05 0.292836 9.9982E-05
0.663839 0.0740031 0.244123 0.0180356
0.481793 0.0211094 9.9991E-05 0.496997
0.416704 0.12317 0.029937 0.430189
0.411312 0.0902833 9.9991E-05 0.498304
0.239903 0.208747 0.0168562 0.534494
0.447669 0.157056 0.0115853 0.38369
0.670311 0.0684393 0.203383 0.0578667
0.055261 0.274398 0.0147921 0.655549
0.322944 0.155204 9.9991E-05 0.521752
0.460585 0.187295 0.144756 0.207364
0.687754 0.196347 0.0924522 0.0234471
0.546866 0.12107 0.32513 0.00693406
0.739615 0.124891 0.0122812 0.123212
0.722667 0.197613 0.0362343 0.0434854
0.307714 0.17819 9.9991E-05 0.513997
0.355087 0.15827 0.0523235 0.43432
0.409948 0.0109335 9.9991E-05 0.579018
0.564703 0.182255 9.9991E-05 0.252942
0.355585 0.144628 9.9991E-05 0.499687
0.391814 0.0905082 0.135548 0.382129
0.294821 0.102193 0.0131446 0.589842
0.460806 0.107745 0.0474928 0.383956
0.620218 0.0262041 0.248999 0.104579
0.391584 0.180187 0.0243175 0.403911
0.11397 0.224695 9.9991E-05 0.661235
0.294457 0.150793 0.137508 0.417242
0.309339 0.248658 0.441903 9.9991E-05
0.597869 0.0254636 0.219557 0.157111
0.516388 0.237682 9.9991E-05 0.24583
0.607587 0.16569 0.148658 0.0780643
0.628069 0.163289 0.208542 9.9991E-05
0.41894 0.193058 0.0968876 0.291115
0.380592 0.272796 0.0229178 0.323694
0.565756 0.154531 0.127086 0.152627
0.400022 0.129534 0.0384407 0.432003
0.398944 0.0682326 9.9991E-05 0.532723
0.130479 0.187708 9.9991E-05 0.681713
0.653637 0.129702 0.13837 0.0782923
0.626154 0.185445 0.1883 9.9991E-05
0.218922 0.16128 0.512722 0.107075
0.727344 0.138356 0.107897 0.026403
0.469395 0.0948018 0.307516 0.128287
0.53227 0.225257 0.0654795 0.176994
0.565581 0.11516 0.22383 0.0954281
9.9991E-05 0.332905 0.394512 0.272483
9.9991E-05 0.406378 0.409621 0.183901
0.3331 0.171129 0.300608 0.195163
9.9991E-05 0.358089 0.330654 0.311158
9.9991E-05 0.481311 0.213173 0.305416
0.423937 0.186133 0.205265 0.184665
0.391399 0.281981 0.131121 0.195498
0.161764 0.330652 0.255108 0.252477
0.111062 0.356102 0.334812 0.198024
0.52831 0.189574 0.136514 0.145602
0.183152 0.235986 0.368475 0.212387
9.9991E-05 0.493031 0.344575 0.162294
0.580353 0.159212 0.0990142 0.161421
0.371315 0.183527 0.11088 0.334277
0.468943 0.274468 0.0512941 0.205294
0.609604 0.142003 9.9991E-05 0.248292
0.501106 0.14332 0.101822 0.253751
0.476048 0.183936 0.0158643 0.324152
0.423743 0.376068 9.9991E-05 0.20009
0.578893 0.210889 0.020382 0.189836
0.395721 0.252525 9.9991E-05 0.351653
0.349521 0.278578 0.087596 0.284305
0.411108 0.20094 0.236664 0.151287
0.631535 0.247948 9.9991E-05 0.120417
0.625908 0.1842 0.0471869 0.142705
0.68726 0.0856894 0.0935677 0.133483
0.409041 0.326376 0.000674944 0.263908
0.600025 0.198082 0.0223162 0.179577
0.122047 0.337126 0.253191 0.287637
0.56141 0.175713 0.0291484 0.233729
0.12549 0.265585 0.191235 0.41769
0.029748 0.856454 0.113698 9.9991E-05
0.19087 0.158525 0.650505 9.9991E-05
9.9982E-05 0.204607 0.795193 9.9982E-05
0.0484239 0.209242 0.742234 9.9991E-05
0.0686994 0.164437 0.766764 9.9991E-05
0.13767 0.211784 0.650446 9.9991E-05
0.191322 0.154822 0.653757 9.9991E-05
9.9982E-05 0.225509 0.774291 9.9982E-05
0.0483241 0.410965 0.540611 9.9991E-05
9.9991E-05 0.943287 0.00507292 0.0515403
0.0515412 0.826086 0.0938278 0.0285447
0.0625601 0.890167 9.9991E-05 0.0471732
0.0571668 0.881294 0.0614396 9.9991E-05
0.0201994 0.935048 9.9991E-05 0.044653
9.9982E-05 0.952555 0.0472455 9.9982E-05
9.9991E-05 0.746195 0.111011 0.142695
0.0508133 0.894253 9.9991E-05 0.0548332
0.0407264 0.755242 0.0760491 0.127982
0.00674135 0.9263 0.013847 0.0531114
9.9982E-05 0.984722 0.0150776 9.9982E-05
0.0286185 0.865062 0.0500081 0.0563117
0.0217174 0.978083 9.9982E-05 9.9982E-05
0.0476065 0.937137 9.9991E-05 0.0151565
0.0868897 0.880049 9.9991E-05 0.0329618
0.0433317 0.847545 9.9991E-05 0.109024
0.0228606 0.786919 9.9991E-05 0.190121
0.0819538 0.798252 9.9991E-05 0.119694
0.0993671 0.836877 9.9991E-05 0.0636562
0.539899 0.220049 0.236889 0.00316287
0.891815 0.0896067 0.0184779 9.9991E-05
0.703795 0.1626 0.0324189 0.101186
0.20626 0.0895682 0.621522 0.0826498
0.659508 0.178656 0.138646 0.0231902
0.115399 0.152855 0.615316 0.116429
0.747443 0.148418 0.0831838 0.0209545
0.556853 0.150603 0.292444 9.9991E-05
0.642316 0.104726 0.244924 0.00803377
0.762223 0.0113888 0.226289 9.9991E-05
0.592955 0.109382 0.297563 9.9991E-05
0.729853 0.062735 0.163554 0.0438582
0.701084 0.138945 0.159871 9.9991E-05
0.170184 0.0430703 0.72957 0.0571758
0.0718556 0.12749 0.800555 9.9991E-05
0.137098 0.128078 0.601338 0.133487
0.770065 0.153317 0.022792 0.0538261
0.661685 0.126997 0.166443 0.044875
0.552358 0.131012 0.219613 0.0970169
0.829273 0.0589834 0.0311813 0.0805627
0.566866 0.173756 0.0216431 0.237735
0.602311 0.174592 9.9991E-05 0.222997
0.162058 0.450212 0.233298 0.154431
0.648879 0.195525 0.127982 0.0276138
0.487499 0.270882 0.11291 0.128708
9.9991E-05 0.45552 0.310779 0.233601
0.360146 0.305608 0.0996748 0.234571
0.293388 0.418008 0.0873602 0.201244
0.460588 0.371151 0.0871633 0.0810981
0.516257 0.1257 0.128413 0.22963
0.594558 0.232155 9.9991E-05 0.173187
0.573233 0.137897 0.0374537 0.251416
0.438821 0.125204 0.16652 0.269455
0.31053 0.507833 9.9991E-05 0.181537
