9.9982E-05 9.9982E-05 0.0785333 0.921267
0.00213013 9.9991E-05 0.0273149 0.970455
0.0438884 0.0172838 0.0553949 0.883433
0.123797 9.9991E-05 0.0284246 0.847679
0.0617394 9.9991E-05 0.0253571 0.912803
0.122027 0.126018 0.066889 0.685066
0.0197515 0.094846 0.0394794 0.845923
0.0246078 0.154815 0.0663759 0.754202
9.9982E-05 0.128527 9.9982E-05 0.871273
0.0387382 0.12817 0.0583156 0.774776
0.115306 0.0703605 0.0388601 0.775473
0.556209 0.293651 9.9991E-05 0.150041
0.707019 0.0710015 0.111689 0.110291
0.581421 0.247061 0.027259 0.144259
0.5638 0.221182 0.0903978 0.12462
0.609563 0.0968525 0.141099 0.152486
0.713941 0.073858 0.137263 0.0749385
0.706895 0.105044 0.0802579 0.107803
0.53629 0.205328 0.0227499 0.235632
0.347423 0.485596 9.9991E-05 0.166881
0.682019 0.172566 0.0317704 0.113644
0.550814 0.284321 0.155133 0.00973235
0.761391 0.0926551 0.0681648 0.0777887
0.507823 0.288086 0.0415688 0.162522
0.728962 9.9991E-05 0.157069 0.113869
0.775883 0.0568361 0.0609869 0.106294
0.53036 0.316661 9.9991E-05 0.152878
0.535084 0.214117 0.0617227 0.189076
0.515846 0.370132 9.9991E-05 0.113922
0.0339122 9.9991E-05 0.0773932 0.888595
0.0723839 9.9991E-05 0.0504113 0.877105
0.0502804 9.9991E-05 0.157167 0.792453
0.111465 9.9991E-05 0.137174 0.75126
0.717328 0.129808 0.0772729 0.0755903
0.686928 0.0835554 0.149148 0.0803685
0.777521 0.108754 0.113625 9.9991E-05
0.500201 0.331898 9.9991E-05 0.167801
0.54894 0.394483 0.0564765 9.9991E-05
0.745071 0.0659977 0.0934267 0.0955045
0.823487 9.9991E-05 0.156848 0.019565
0.658975 0.0963993 0.0816021 0.163024
0.751121 0.0190403 0.124736 0.105102
0.58706 0.369606 9.9991E-05 0.0432334
0.687869 0.0541653 0.162778 0.0951873
0.792448 0.0254045 0.087334 0.0948132
0.698605 0.0321658 0.155207 0.114021
0.673981 0.302393 0.0235259 9.9991E-05
0.821769 0.0165533 0.078938 0.0827402
0.663367 0.0728823 0.149455 0.114296
0.109087 0.867708 0.00787889 0.0153263
0.487491 0.427571 9.9991E-05 0.0848373
0.369763 0.488203 0.099609 0.0424249
0.67203 0.0463268 0.216592 0.065051
0.690937 0.0315872 0.166928 0.110547
0.652418 0.065474 0.20946 0.0726478
0.457038 0.320172 9.9991E-05 0.22269
0.784464 0.0928345 0.0584591 0.0642419
0.718511 0.0457318 0.165748 0.0700091
0.604429 0.152274 0.06605 0.177247
0.385621 0.362005 9.9991E-05 0.252273
0.705053 0.0569084 0.125953 0.112086
0.697581 0.11956 0.0779831 0.104876
0.401173 0.410894 9.9991E-05 0.187833
0.708598 0.20633 9.9991E-05 0.0849719
0.689352 0.0921809 0.153728 0.0647387
0.754689 0.0109618 0.0851011 0.149248
0.578044 0.211865 0.00870487 0.201386
0.700826 0.120329 0.0877739 0.0910718
0.717255 0.0635415 0.115743 0.103461
0.52361 0.343426 9.9991E-05 0.132864
0.823286 0.0822456 0.0372778 0.0571906
0.686195 0.274185 9.9991E-05 0.0395207
0.67204 0.0867684 0.15687 0.0843219
0.392104 0.607696 9.9982E-05 9.9982E-05
0.393687 0.606113 9.9982E-05 9.9982E-05
0.62295 0.37685 9.9982E-05 9.9982E-05
0.808817 0.105065 0.025217 0.0609008
0.674289 0.0579455 0.160645 0.10712
0.80102 0.13914 0.0597395 9.9991E-05
0.603849 0.326186 9.9991E-05 0.0698652
0.68047 0.26185 9.9991E-05 0.0575794
0.716375 0.0634659 0.116282 0.103877
0.749959 0.192498 9.9991E-05 0.057443
0.782233 0.137237 0.00376404 0.076766
0.738824 0.211585 0.0494913 9.9991E-05
0.210597 0.755934 0.0333695 9.9991E-05
0.810341 0.0443621 0.131961 0.0133358
0.10905 9.9991E-05 0.00173018 0.88912
9.9982E-05 9.9982E-05 0.0760211 0.923779
0.0401458 9.9991E-05 0.112922 0.846832
9.9982E-05 9.9982E-05 0.0641402 0.93566
9.9982E-05 9.9982E-05 0.0610789 0.938721
0.0528206 9.9991E-05 0.0752598 0.87182
0.0272747 9.9991E-05 0.0457032 0.926922
0.723931 0.0188189 0.139568 0.117683
0.717111 0.0188622 0.143802 0.120225
0.476869 0.468064 9.9991E-05 0.0549673
0.739639 0.0450021 0.135246 0.0801128
0.79583 0.146039 9.9991E-05 0.0580313
0.78896 0.0496815 0.0566829 0.104675
0.745637 0.124284 0.0993831 0.0306951
0.740605 0.142022 0.0887824 0.0285905
0.442258 0.498356 9.9991E-05 0.0592857
0.692158 0.072961 0.0942648 0.140616
0.776899 0.00123361 0.139569 0.082298
0.669124 0.0477146 0.175911 0.107251
0.558116 0.385715 0.0560687 9.9991E-05
0.770135 0.148812 0.0809528 9.9991E-05
0.83191 0.0862834 0.00722542 0.0745811
0.701515 0.25826 0.0401242 9.9991E-05
0.784746 0.141568 0.00467928 0.0690067
0.716819 0.0813124 0.121428 0.0804404
0.492807 0.358531 0.0554922 0.0931704
0.655747 0.160589 0.0323831 0.151281
0.661034 0.0578693 0.153213 0.127884
0.683338 0.0827465 0.141266 0.0926495
0.73664 0.110714 0.0161671 0.136478
0.73534 0.0705812 0.0970564 0.0970224
0.733963 0.0855566 9.9991E-05 0.18038
0.682921 0.111483 0.107792 0.097804
0.712495 0.0181849 0.147088 0.122232
0.794065 0.0560935 0.0426647 0.107177
0.7687 0.0867975 0.0417314 0.102771
0.717264 0.0567473 0.148522 0.0774675
0.66664 0.0515914 0.154256 0.127513
0.729942 0.0661305 0.153359 0.0505692
0.674432 0.043743 0.171194 0.110631
0.723481 0.0776228 0.15349 0.0454067
0.433749 0.29861 0.137905 0.129736
0.75514 0.00601093 0.141633 0.0972165
0.780772 0.0380001 0.136829 0.0443995
0.559058 0.324134 9.9991E-05 0.116708
0.36263 0.558626 0.0786444 9.9991E-05
0.727518 0.0992835 0.0610909 0.112108
0.296407 0.663046 0.0404478 9.9991E-05
0.647927 0.211587 9.9991E-05 0.140386
0.750133 0.155298 9.9991E-05 0.0944688
0.651154 0.220692 9.9991E-05 0.128054
0.659195 0.252632 9.9991E-05 0.088073
0.719697 0.0726117 0.119812 0.0878787
0.692795 0.0241863 0.121956 0.161064
0.744811 0.0354536 0.0863166 0.133419
0.406675 0.501117 0.0549126 0.0372951
0.619818 0.0584795 0.151947 0.169756
0.570881 0.187329 0.176843 0.0649468
9.9991E-05 0.776559 0.0840693 0.139272
0.683715 0.0581137 0.213955 0.044216
0.420007 0.377775 0.118477 0.0837414
0.57358 0.140603 0.171081 0.114736
0.295397 0.499773 0.102956 0.101874
0.196376 0.652596 0.0621047 0.0889229
0.515608 0.305142 0.119282 0.0599683
0.542013 0.14435 0.180912 0.132725
0.514321 0.15575 0.169032 0.160897
0.218264 0.574698 0.152067 0.0549711
0.642494 0.0691915 0.192867 0.0954474
0.504265 0.456528 0.0391072 9.9991E-05
0.613835 0.289404 0.0966614 9.9991E-05
0.64076 0.0366723 0.146558 0.176009
0.0690591 0.214039 0.356176 0.360726
9.9991E-05 0.339546 0.201295 0.459059
9.9991E-05 0.362324 0.190502 0.447074
0.0486085 0.240951 0.341487 0.368953
0.773511 0.120385 0.106004 9.9991E-05
0.679907 0.0474404 0.174637 0.098016
0.267206 9.9982E-05 0.732594 9.9982E-05
0.413067 0.00568085 0.527863 0.0533886
0.409886 0.0353051 0.471235 0.0835742
0.351262 0.500668 0.145283 0.00278608
0.592146 0.152231 0.147634 0.107989
0.361814 0.554644 0.0834415 9.9991E-05
0.662817 0.137255 0.128837 0.0710905
0.549845 0.284599 0.151221 0.0143342
0.630021 0.199839 0.165096 0.00504391
0.288927 0.59232 0.118652 9.9991E-05
0.733494 0.0662458 0.13018 0.0700805
0.62776 0.100435 0.1611 0.110706
0.0118125 0.00384007 0.951922 0.0324258
0.0759536 0.00955172 0.914395 9.9991E-05
0.327652 9.9991E-05 0.593936 0.0783121
0.284641 9.9982E-05 0.715159 9.9982E-05
0.160261 9.9991E-05 0.826695 0.0129439
9.998E-05 9.998E-05 0.9997 9.998E-05
0.0363802 0.00562504 0.932734 0.025261
0.113283 9.9982E-05 0.886517 9.9982E-05
0.0483748 0.00391581 0.911759 0.0359504
9.998E-05 9.998E-05 0.9997 9.998E-05
9.998E-05 9.998E-05 0.9997 9.998E-05
0.184426 9.9991E-05 0.811186 0.00428757
0.131085 9.9991E-05 0.802508 0.0663076
9.998E-05 9.998E-05 0.9997 9.998E-05
0.423318 0.0352831 0.444992 0.0964064
0.253705 9.9991E-05 0.697764 0.0484305
0.120236 9.9991E-05 0.845083 0.034581
0.093978 9.9982E-05 0.905822 9.9982E-05
9.998E-05 9.998E-05 0.9997 9.998E-05
0.0326963 9.9991E-05 0.958448 0.00875557
9.998E-05 9.998E-05 0.9997 9.998E-05
0.262583 9.9991E-05 0.669498 0.067819
9.9991E-05 0.0206444 0.95765 0.0216055
9.9991E-05 0.542516 0.167762 0.289622
0.349234 0.208936 0.209058 0.232773
0.456543 0.186617 0.214399 0.142441
0.161777 0.378362 0.262165 0.197696
0.496368 0.135219 0.241129 0.127284
0.108809 0.425887 0.238782 0.226523
0.460575 0.167374 0.222973 0.149078
0.316226 0.244903 0.238375 0.200496
0.476634 0.119729 0.259736 0.143901
0.341001 0.225014 0.278801 0.155184
0.50167 0.0960908 0.224136 0.178103
0.0385215 9.9991E-05 0.0297467 0.931632
9.9991E-05 0.0157778 0.0964318 0.88769
0.030771 9.9991E-05 0.00143524 0.967694
9.9982E-05 9.9982E-05 0.00512595 0.994674
0.0263003 9.9991E-05 0.0271457 0.946454
9.9982E-05 9.9982E-05 0.0397362 0.960064
0.0170574 9.9991E-05 0.0505822 0.93226
0.0162531 0.00815478 0.0170814 0.958511
0.00898287 0.015101 0.0633983 0.912518
9.9991E-05 0.0371658 0.0646744 0.89806
0.0741376 0.260353 0.00035493 0.665155
0.0544276 0.249848 9.9991E-05 0.695625
0.0990835 0.280673 9.9991E-05 0.620143
0.0990417 0.34541 9.9991E-05 0.555448
0.742655 0.0860316 0.0526702 0.118644
0.761951 0.0998126 0.0588602 0.0793762
0.784069 0.0862232 0.0762539 0.0534543
0.701406 0.217691 9.9991E-05 0.080803
0.520688 0.38175 9.9991E-05 0.0974626
0.832869 0.0318109 0.113188 0.0221322
0.831087 0.0854395 0.0833736 9.9991E-05
0.756561 0.165907 0.0774319 9.9991E-05
0.684278 0.282332 0.0332909 9.9991E-05
0.711068 0.0713831 0.164073 0.0534762
0.802399 0.138404 0.00209626 0.0571012
0.345742 0.654058 9.9982E-05 9.9982E-05
0.708393 0.0541411 0.113742 0.123723
0.488418 0.479779 0.0317032 9.9991E-05
0.75861 0.130932 0.101485 0.00897338
0.59503 0.376195 9.9991E-05 0.0286757
0.211468 0.48345 9.9991E-05 0.304981
0.268742 0.463846 9.9991E-05 0.267312
0.262665 0.476158 9.9991E-05 0.261077
0.1951 0.51165 9.9991E-05 0.293151
0.385383 0.390896 9.9991E-05 0.223621
0.33858 0.421624 9.9991E-05 0.239696
0.0507132 0.00155946 0.0769218 0.870806
0.0922479 9.9991E-05 0.0611516 0.846501
0.129141 9.9991E-05 0.0913939 0.779365
0.046689 0.014912 0.0968256 0.841573
0.124537 9.9991E-05 0.0994032 0.77596
0.11814 0.33732 9.9991E-05 0.544439
0.114469 0.33739 9.9991E-05 0.548041
0.182619 0.268049 9.9991E-05 0.549231
0.0880247 9.9991E-05 0.0579225 0.853953
0.132851 0.349968 9.9991E-05 0.517081
0.238941 0.103846 0.422143 0.23507
0.503416 9.9991E-05 0.350147 0.146337
0.470606 9.9991E-05 0.371299 0.157994
0.287801 0.0778186 0.362901 0.271479
0.522441 0.0546979 0.250865 0.171996
9.9991E-05 0.225809 0.355531 0.418561
0.734475 0.181009 9.9991E-05 0.0844164
0.612253 0.291049 0.0702825 0.0264157
0.598806 0.297031 9.9991E-05 0.104063
0.644568 0.210195 0.132394 0.0128436
0.0844382 0.913159 0.00230263 9.9991E-05
0.67883 0.0534402 0.150957 0.116773
0.703405 0.130716 0.12143 0.0444489
0.639598 0.226995 9.9991E-05 0.133307
0.660261 0.101578 0.136262 0.101899
0.378418 0.604092 0.0173894 9.9991E-05
0.69925 0.144226 0.118448 0.0380767
0.717285 0.142783 0.0525872 0.0873452
0.483479 0.148226 0.246011 0.122284
0.519521 0.378011 0.102368 9.9991E-05
0.595094 0.29014 0.0974922 0.0172733
0.732138 0.117859 0.137429 0.0125731
0.804651 0.166561 0.0286877 9.9991E-05
0.764119 0.0176434 0.143412 0.0748253
0.639663 0.084969 0.150406 0.124962
0.683329 0.0804759 0.103315 0.13288
0.06038 9.9991E-05 0.0975887 0.841931
0.0710859 9.9991E-05 0.0455933 0.883221
0.0530439 0.0215003 0.024377 0.901079
0.01218 9.9991E-05 0.0733952 0.914325
0.063075 9.9991E-05 0.0288634 0.907962
0.445772 0.382901 9.9991E-05 0.171227
0.613517 0.142309 0.144546 0.0996285
0.461493 0.0421695 0.30901 0.187328
0.791492 0.0228605 0.14758 0.0380667
0.748444 0.112254 0.0310689 0.108234
0.434504 0.445138 0.0760038 0.0443541
0.281623 0.503177 9.9991E-05 0.215099
0.680305 0.121918 0.0215416 0.176236
0.521788 0.291098 9.9991E-05 0.187015
0.631588 0.169519 0.108489 0.0904034
0.457679 0.361912 9.9991E-05 0.18031
0.701534 0.00848763 0.134111 0.155867
0.460588 0.375088 9.9991E-05 0.164224
0.434482 0.365614 0.126418 0.0734861
0.661028 0.154045 0.0892165 0.0957103
0.44882 0.48261 0.0364286 0.0321418
0.565875 0.226114 0.140156 0.067855
0.688171 0.0631363 0.0910657 0.157627
0.419203 0.520248 0.0454906 0.0150583
0.554837 0.149378 0.198567 0.0972178
0.634339 0.216139 0.0937368 0.0557854
0.286623 0.682203 0.0310735 9.9991E-05
0.331372 0.599513 0.0631683 0.00594645
0.590117 0.274079 0.0949813 0.040823
0.237437 0.702739 0.0597243 9.9991E-05
0.581425 0.308482 0.0933148 0.0167783
0.47378 0.375661 9.9991E-05 0.150458
0.414217 0.471011 0.114672 9.9991E-05
0.682867 0.140059 0.0359526 0.141121
0.709096 0.068032 0.134504 0.0883679
0.604513 0.318158 9.9991E-05 0.0772293
0.617851 0.134066 0.134092 0.11399
0.753255 0.06693 0.109782 0.0700336
0.65505 0.157409 0.148051 0.03949
0.663878 0.140305 0.14061 0.0552065
0.720787 0.130561 0.0352168 0.113435
0.604475 0.289752 9.9991E-05 0.105673
0.726495 0.166262 0.0173425 0.089901
0.721339 0.135043 0.143518 9.9991E-05
0.69498 0.0602529 0.201991 0.0427754
0.4507 0.312974 0.142134 0.0941925
0.6295 0.183287 0.168704 0.0185086
0.64634 0.181206 0.0430947 0.129359
0.769088 0.0486535 0.0967972 0.0854616
0.694298 0.0769173 0.0927082 0.136077
0.657463 0.0681141 0.147267 0.127156
0.45133 9.9991E-05 0.254268 0.294302
0.567378 0.034832 0.295951 0.101839
0.467823 0.108561 0.239186 0.184429
0.580098 0.073257 0.258451 0.0881942
0.440539 0.0478964 0.33824 0.173325
0.630575 0.264807 0.104518 9.9991E-05
0.56354 0.0431513 0.249204 0.144104
0.0264772 0.471598 0.294832 0.207094
0.628266 0.0268134 0.24883 0.0960901
0.562381 9.9991E-05 0.293919 0.1436
0.575307 0.0523279 0.291112 0.0812532
0.328602 0.277637 0.228065 0.165696
0.589301 9.9991E-05 0.222777 0.187821
0.505934 0.0582307 0.298329 0.137506
9.9991E-05 0.34956 0.197724 0.452616
0.543713 9.9991E-05 0.273034 0.183153
0.569368 9.9991E-05 0.287103 0.143429
0.617968 0.0654691 0.246068 0.0704952
0.470265 9.9991E-05 0.385588 0.144047
0.577843 9.9991E-05 0.213384 0.208673
0.559483 0.287539 0.139382 0.0135967
0.562962 0.176209 0.203288 0.0575419
0.179499 0.785133 0.0352685 9.9991E-05
0.218029 0.748262 0.0336092 9.9991E-05
0.623716 0.166546 0.161018 0.0487209
0.337689 0.103766 0.431627 0.126918
0.32307 0.124882 0.42524 0.126808
0.167333 0.260107 0.42291 0.14965
0.361894 0.124237 0.379221 0.134648
0.15513 0.603193 0.20504 0.0366366
0.222822 0.548672 0.198833 0.029673
0.633013 0.155094 0.211793 9.9991E-05
0.468233 0.247088 0.262708 0.0219707
0.353852 0.452901 0.184202 0.00904514
0.627667 0.132056 0.206082 0.0341953
0.650844 0.0942756 0.227365 0.0275155
0.597529 0.121108 0.216743 0.0646197
0.508568 0.40928 0.0820518 9.9991E-05
0.590891 0.314216 0.0934228 0.00146959
0.661468 0.206237 0.125396 0.00689872
0.56091 0.262482 0.145379 0.0312302
0.62674 0.118809 0.159944 0.0945066
0.62074 0.261601 0.11756 9.9991E-05
0.373566 0.552925 0.0734096 9.9991E-05
0.712655 0.114928 0.172317 9.9991E-05
0.344762 0.572308 0.0828306 9.9991E-05
0.606386 0.274412 0.119102 9.9991E-05
0.628476 0.176545 0.14133 0.0536492
0.619938 0.175968 0.164178 0.0399158
0.563606 0.0477368 0.237325 0.151332
0.535045 0.0931333 0.222356 0.149466
0.280206 0.146644 0.407476 0.165674
0.354974 0.105483 0.343454 0.196088
0.525554 0.0652486 0.25996 0.149238
0.475822 0.114737 0.280889 0.128552
9.9991E-05 0.612687 0.270567 0.116645
0.598457 9.9991E-05 0.326172 0.0752717
9.9991E-05 0.502804 0.202767 0.294329
0.550031 0.086993 0.303726 0.0592506
0.388158 0.586953 0.024789 9.9991E-05
0.249636 0.740075 0.0101887 9.9991E-05
0.659081 0.241546 0.0992729 9.9991E-05
0.710511 0.133424 0.155964 9.9991E-05
0.597373 0.311496 0.0910312 9.9991E-05
0.720885 0.152387 0.126628 9.9991E-05
0.693777 0.190449 0.115674 9.9991E-05
0.0169698 0.0470422 0.0310984 0.90489
0.0736024 0.0618304 0.0836843 0.780883
9.9991E-05 0.0117814 0.0462043 0.941914
0.0249038 0.0016128 0.0280138 0.94547
0.710089 0.101353 0.142158 0.0464006
0.768169 0.106786 0.079015 0.0460296
0.839581 0.0658088 0.0359412 0.0586694
0.751858 0.0748292 0.0813329 0.0919803
0.689021 0.0732847 0.123865 0.113829
0.702454 0.23486 9.9991E-05 0.0625859
0.867645 0.0113825 0.102421 0.0185519
0.599729 0.373336 0.0268352 9.9991E-05
0.46676 9.9991E-05 0.229586 0.303554
0.748432 0.186201 0.0652672 9.9991E-05
0.75339 0.22669 9.9991E-05 0.01982
0.761556 0.126741 0.111603 9.9991E-05
0.736943 0.167667 0.0548918 0.0404977
0.806436 0.0934801 0.0999844 9.9991E-05
0.79174 0.0409908 0.0677073 0.0995615
0.404174 0.595626 9.9982E-05 9.9982E-05
0.632985 0.316614 0.0503006 9.9991E-05
0.621011 0.314796 0.0640933 9.9991E-05
0.280523 0.719277 9.9982E-05 9.9982E-05
0.741598 0.172336 0.00274113 0.0833246
0.413754 0.586046 9.9982E-05 9.9982E-05
0.244981 0.754819 9.9982E-05 9.9982E-05
0.759827 0.107881 0.117707 0.0145855
0.59435 0.333129 9.9991E-05 0.0724205
0.796882 0.106921 0.0657067 0.0304898
0.685801 0.0580223 0.183863 0.072313
0.833131 0.0695422 9.9991E-05 0.0972272
0.555094 0.370452 0.074354 9.9991E-05
0.82038 0.0511839 0.0832802 0.0451563
0.831215 0.0863087 0.0137655 0.0687109
0.683233 0.294328 0.0223392 9.9991E-05
0.706299 0.0853514 0.0734655 0.134884
0.0376369 0.218095 9.9991E-05 0.744168
0.0333558 0.147284 9.9991E-05 0.81926
9.9982E-05 0.090922 9.9982E-05 0.908878
9.9982E-05 0.116198 9.9982E-05 0.883602
0.0804044 0.121421 9.9991E-05 0.798074
0.585362 0.356029 9.9991E-05 0.0585093
0.575487 0.370389 9.9991E-05 0.0540241
0.555569 0.41617 0.0281615 9.9991E-05
0.698497 0.0424674 0.177634 0.0814016
0.700897 0.0615989 0.172079 0.065426
0.583844 0.352519 0.0635374 9.9991E-05
0.748091 0.05879 0.165334 0.0277853
0.685397 0.201925 0.0995833 0.0130944
0.833336 0.0974294 0.0459773 0.0232576
0.792534 0.0290236 0.13288 0.0455618
0.688179 0.279675 9.9991E-05 0.0320456
0.747119 0.252681 9.9982E-05 9.9982E-05
0.714245 0.235369 9.9991E-05 0.0502862
0.644571 0.0631552 0.171381 0.120893
0.788496 0.137963 9.9991E-05 0.0734409
0.758173 0.153517 9.9991E-05 0.0882105
0.432292 9.9991E-05 0.46599 0.101618
0.285841 0.041096 0.575233 0.0978303
0.380218 9.9991E-05 0.51402 0.105662
0.268458 0.0197486 0.549149 0.162644
0.456939 9.9991E-05 0.422306 0.120655
0.631401 0.198678 0.142644 0.0272768
9.9991E-05 0.0853034 0.673749 0.240847
0.268013 0.00593545 0.608833 0.117219
0.386524 0.176887 0.265802 0.170788
0.622816 0.128683 0.0960232 0.152478
0.596533 0.145374 0.101044 0.157049
0.648318 0.0416661 0.156863 0.153153
0.691567 9.9991E-05 0.14607 0.162263
0.304061 9.9991E-05 0.547005 0.148834
0.384302 0.0264994 0.487065 0.102134
0.336719 9.9991E-05 0.610102 0.0530787
0.484534 9.9991E-05 0.391666 0.1237
0.239311 0.0645824 0.558263 0.137844
0.463467 0.00316536 0.419135 0.114233
0.229156 0.020506 0.611371 0.138967
0.405455 0.0633314 0.419571 0.111642
0.561155 0.190303 0.127496 0.121046
0.327867 0.0751741 0.449032 0.147928
0.0880488 0.0719578 0.647224 0.192769
0.359499 0.0536277 0.456722 0.130152
0.505144 0.26449 9.9991E-05 0.230265
0.636518 0.115486 0.205526 0.0424703
0.378559 0.0155008 0.451701 0.154239
0.669388 0.0692609 0.0745074 0.186844
0.616885 0.103664 0.0843668 0.195084
0.369638 0.14619 0.301333 0.182839
0.324447 0.124902 0.355728 0.194923
0.592389 0.0922521 0.20512 0.110239
0.472357 9.9991E-05 0.389896 0.137646
0.426926 9.9991E-05 0.498122 0.0748518
0.052574 0.0614218 0.735244 0.15076
0.67832 0.00182134 0.17753 0.142329
0.617401 0.165396 0.0150483 0.202155
0.120594 0.603001 0.172489 0.103915
0.697992 0.00077235 0.127275 0.173961
0.497109 0.281945 0.140066 0.0808802
0.49144 0.0866295 0.28243 0.1395
0.541783 0.141649 0.19731 0.119257
9.9991E-05 0.43703 0.222738 0.340132
9.9991E-05 0.520126 0.17396 0.305813
0.336374 0.278596 0.206569 0.178461
9.9991E-05 0.387931 0.290352 0.321617
9.9991E-05 0.26588 0.28378 0.45024
0.377803 0.210151 0.246259 0.165787
0.331631 0.168347 0.305861 0.194161
0.108784 0.313169 0.280469 0.297578
0.0188818 0.458205 0.275501 0.247412
0.499407 0.106172 0.244423 0.149998
0.114186 0.400367 0.268182 0.217266
9.9991E-05 0.497512 0.185232 0.317156
0.577931 0.0424431 0.235669 0.143956
0.316786 0.18788 0.309473 0.185861
0.454515 9.9991E-05 0.256633 0.288752
0.517915 9.9991E-05 0.359924 0.122061
0.500898 0.0130966 0.362627 0.123379
0.440891 0.0219615 0.387003 0.150145
0.340894 9.9991E-05 0.284906 0.374099
0.47027 9.9991E-05 0.310946 0.218684
0.491045 9.9991E-05 0.280203 0.228652
0.246471 0.156767 0.345504 0.251258
0.517651 0.119003 0.138106 0.22524
0.531979 0.0261495 0.249572 0.192299
0.601118 9.9991E-05 0.253777 0.145004
0.633065 9.9991E-05 0.218572 0.148263
0.420451 9.9991E-05 0.339699 0.23975
0.461601 9.9991E-05 0.352237 0.186062
9.9991E-05 0.24046 0.39556 0.36388
0.572531 9.9991E-05 0.253786 0.173582
0.134143 0.17246 0.406193 0.287205
0.0364104 0.101761 0.00802115 0.853807
0.426368 0.38527 9.9991E-05 0.188263
0.211041 0.562298 9.9991E-05 0.226561
0.251573 0.56198 9.9991E-05 0.186347
0.31691 0.520103 9.9991E-05 0.162887
0.298416 0.517213 9.9991E-05 0.184271
0.348155 0.482787 9.9991E-05 0.168959
0.260383 0.520591 9.9991E-05 0.218925
0.232483 0.422875 9.9991E-05 0.344542
0.051349 0.0202348 0.00456408 0.923852
0.085772 0.059366 0.020552 0.83431
0.0221308 0.0576822 0.0376855 0.882501
0.0262056 0.0606714 0.0210902 0.892033
0.0486115 0.0119988 0.0258306 0.913559
0.0411751 9.9991E-05 0.0374383 0.921287
0.0902742 0.00707675 0.132168 0.770481
0.0459212 9.9991E-05 0.0631492 0.89083
0.12312 0.0368263 0.106676 0.733378
9.9982E-05 9.9982E-05 0.101594 0.898206
9.9991E-05 0.00258207 0.0099383 0.98738
0.0292806 9.9991E-05 0.0711137 0.899506
9.9982E-05 9.9982E-05 0.00952238 0.990278
0.016817 9.9991E-05 0.0378534 0.94523
0.0482343 9.9991E-05 0.0684292 0.883236
0.0247466 9.9991E-05 0.0530711 0.922082
0.0165882 9.9991E-05 0.105566 0.877746
0.0597302 9.9991E-05 0.0879715 0.852198
0.053239 9.9991E-05 0.132478 0.814183
0.537546 0.227773 0.0536332 0.181047
0.795869 9.9991E-05 0.102236 0.101795
0.728667 0.0167719 0.13903 0.115531
0.132995 0.652717 0.158306 0.0559824
0.603157 0.146689 0.104152 0.146002
0.0965213 0.650183 0.141535 0.111761
0.629671 0.103014 0.228694 0.0386205
0.603378 0.182619 0.00982958 0.204173
0.581032 0.131915 0.0802663 0.206786
0.764109 0.116017 0.045638 0.0742362
0.619418 0.167139 0.0592542 0.154188
0.712052 0.0431324 0.191675 0.053141
0.658256 0.117519 0.0949585 0.129267
0.258117 0.628566 0.0850445 0.0282729
0.00977711 0.790471 0.117438 0.0823144
0.186049 0.587687 0.130739 0.0955257
0.649679 0.0226259 0.150891 0.176805
0.518337 0.233939 0.191583 0.056141
0.640064 0.130538 0.138844 0.0905535
0.639505 0.0656768 0.203694 0.0911245
0.486977 0.0159654 0.262017 0.235041
0.560724 9.9991E-05 0.230748 0.208428
0.228424 0.165811 0.1776 0.428164
0.684822 0.0132231 0.133255 0.168701
0.525892 0.0464972 0.164951 0.26266
9.9991E-05 0.377992 0.247542 0.374367
0.28871 0.122337 0.335168 0.253785
0.369528 0.0389279 0.207352 0.384192
0.472359 0.0174279 0.158972 0.351241
0.544276 0.013515 0.233201 0.209008
0.582663 9.9991E-05 0.207106 0.210131
0.635345 9.9991E-05 0.200897 0.163658
0.447627 0.091682 0.273506 0.187185
0.27698 0.0346223 0.192029 0.496369
