0.890598 0.0113453 9.9991E-05 0.0979565
0.961885 9.9982E-05 9.9982E-05 0.0379151
0.867771 0.0297092 0.0361748 0.0663453
0.794291 0.0743446 9.9991E-05 0.131265
0.880654 0.0361835 9.9991E-05 0.083062
0.684554 0.0998473 0.102644 0.112954
0.832365 0.0582248 0.0831422 0.026268
0.761762 0.106363 0.0626654 0.0692091
0.880561 0.119239 9.9982E-05 9.9982E-05
0.798796 0.093553 0.0550045 0.052647
0.768017 0.0918259 0.0464181 0.0937389
0.0602926 0.710558 0.111436 0.117713
9.999E-05 0.558081 0.075029 0.36679
0.0485042 0.635337 0.141282 0.174877
0.0692411 0.632747 0.0489232 0.249089
0.0866242 0.481902 0.0827837 0.34869
9.9991E-05 0.436141 0.148047 0.415712
9.9991E-05 0.512159 0.176417 0.311324
0.147875 0.562493 0.0894158 0.200216
0.113497 0.757875 0.128528 9.9991E-05
9.9991E-05 0.55169 0.190155 0.258056
0.0169536 0.311152 0.377416 0.294478
9.9991E-05 0.452095 0.19882 0.348985
0.0987304 0.595298 0.174771 0.131201
0.0455003 0.33936 0.143225 0.471915
9.9991E-05 0.506353 0.151442 0.342105
0.0690521 0.718188 0.0913714 0.121388
0.0657176 0.615677 0.0991469 0.219458
0.0450403 0.687897 0.207273 0.0597898
0.863099 9.9982E-05 9.9982E-05 0.136701
0.83961 0.0291274 9.9991E-05 0.131162
0.792031 0.0205931 9.9991E-05 0.187276
0.764448 9.9991E-05 0.00593878 0.229513
0.00591628 0.353081 0.322014 0.318989
0.00603728 0.323585 0.285216 0.385162
9.9991E-05 0.210708 0.446427 0.342766
0.0769461 0.811016 0.0590289 0.0530089
9.9991E-05 0.173214 0.676032 0.150654
0.00974796 0.363538 0.233113 0.393601
9.9991E-05 0.27039 0.265204 0.464306
0.0708694 0.319928 0.295121 0.314082
0.0370122 0.303952 0.257077 0.401959
9.9991E-05 0.569791 0.394589 0.0355207
0.0178805 0.246965 0.293766 0.441389
9.9991E-05 0.35102 0.259023 0.389857
0.067817 0.287537 0.210932 0.433715
9.9991E-05 0.237171 0.578072 0.184658
9.9991E-05 0.341701 0.248327 0.409871
0.0765396 0.249474 0.301201 0.372785
0.133072 0.0266889 0.840139 9.9991E-05
0.0462196 0.798553 0.155128 9.9991E-05
0.115718 0.309242 0.510717 0.0643238
0.014089 0.329367 0.234785 0.421759
0.0207519 0.295368 0.241139 0.442741
0.0201624 0.339919 0.198975 0.440943
0.142179 0.664512 0.117937 0.0753724
9.9991E-05 0.578631 0.108572 0.312698
0.0177658 0.350973 0.238057 0.393204
0.0882022 0.469892 0.211269 0.230637
0.204489 0.620164 0.137154 0.0381935
0.0337725 0.330873 0.265241 0.370114
0.0211913 0.514216 0.148929 0.315664
0.142959 0.695913 0.161029 9.9991E-05
9.9991E-05 0.614503 0.14979 0.235607
9.9991E-05 0.313301 0.277914 0.408685
0.00647958 0.430357 0.172461 0.390702
0.101814 0.548688 0.187642 0.161857
0.0263702 0.47833 0.187586 0.307713
0.019766 0.391138 0.218265 0.370831
0.0637234 0.702512 0.145369 0.0883965
9.9991E-05 0.36785 0.349235 0.282814
9.9991E-05 0.452078 0.436754 0.111068
0.0514003 0.296845 0.291424 0.360331
0.0014146 0.15611 0.842375 9.9991E-05
9.9982E-05 0.158757 0.841043 9.9982E-05
9.9991E-05 0.149428 0.7191 0.131372
9.9991E-05 0.455908 0.271201 0.272792
0.0400457 0.307347 0.22841 0.424197
9.9991E-05 0.254364 0.448535 0.297001
0.0385711 0.502514 0.423518 0.0353973
9.9991E-05 0.49821 0.388681 0.113009
9.9991E-05 0.354639 0.276607 0.368654
9.9991E-05 0.411876 0.396761 0.191263
9.9991E-05 0.376018 0.362824 0.261058
9.9991E-05 0.210027 0.519391 0.270482
0.0734393 0.0865259 0.839935 9.9991E-05
9.9991E-05 0.264793 0.333808 0.401299
0.821171 0.111284 9.9991E-05 0.0674455
0.893043 9.9982E-05 9.9982E-05 0.106757
0.836169 0.00193575 9.9991E-05 0.161795
0.909948 9.9982E-05 9.9982E-05 0.0898516
0.935309 9.9982E-05 9.9982E-05 0.0644915
0.870403 9.9982E-05 9.9982E-05 0.129397
0.898282 0.001385 9.9991E-05 0.100233
9.9991E-05 0.395869 0.202937 0.401094
0.0540205 0.324984 0.222547 0.398448
0.0438646 0.461302 0.494734 9.9991E-05
0.0176911 0.341954 0.255512 0.384844
9.9991E-05 0.433649 0.346876 0.219375
9.9991E-05 0.353736 0.288852 0.357312
9.9991E-05 0.235723 0.434019 0.330159
9.9991E-05 0.282197 0.384809 0.332894
0.0371279 0.56883 0.393942 9.9991E-05
0.0546422 0.343825 0.2184 0.383133
9.9991E-05 0.334096 0.245833 0.41997
0.0849969 0.29519 0.245008 0.374805
0.00158713 0.249119 0.617968 0.131326
9.9991E-05 0.153053 0.532844 0.314003
9.9991E-05 0.480381 0.260513 0.259006
9.9991E-05 0.231303 0.542653 0.225945
9.9991E-05 0.476841 0.279194 0.243865
0.0312934 0.303624 0.311876 0.353207
0.0470704 0.474992 0.289574 0.188364
0.0753391 0.560813 0.138756 0.225092
0.069564 0.38313 0.1517 0.395606
0.0282831 0.335006 0.2264 0.410311
0.0244388 0.609605 0.083931 0.282026
9.9991E-05 0.448115 0.142375 0.40941
0.0255759 0.637117 0.0901327 0.247174
0.0294468 0.383265 0.241618 0.34567
0.0109837 0.3704 0.197577 0.421039
9.9991E-05 0.516162 0.142776 0.340962
9.9991E-05 0.502055 0.159117 0.338728
0.0313419 0.361602 0.181839 0.425217
0.0363476 0.343584 0.177573 0.442495
9.9991E-05 0.372607 0.246924 0.380369
0.0389174 0.336898 0.215035 0.40915
9.9991E-05 0.346559 0.258716 0.394625
0.0975691 0.352123 0.343268 0.20704
0.00131254 0.388568 0.174902 0.435217
9.9991E-05 0.353336 0.219128 0.427436
0.0648429 0.713915 0.125465 0.0957774
0.0681142 0.399662 0.465824 0.0663998
0.00390198 0.459277 0.193525 0.343296
0.0230737 0.389445 0.587382 9.9991E-05
0.0253199 0.720676 0.12074 0.133264
9.9991E-05 0.703092 0.0877569 0.209051
0.0171716 0.677633 0.140154 0.165042
9.9991E-05 0.705151 0.141677 0.153072
9.9991E-05 0.443155 0.200509 0.356236
0.0203357 0.341 0.233879 0.404786
9.9991E-05 0.453709 0.154318 0.391874
0.0584567 0.470793 0.425314 0.0454362
0.0856803 0.344104 0.220224 0.349992
0.0791393 0.18779 0.398452 0.334618
0.243712 9.9982E-05 0.756088 9.9982E-05
9.9991E-05 0.280774 0.276038 0.443088
0.14106 0.168728 0.519274 0.170937
0.081425 0.193731 0.361233 0.36361
0.165336 0.19988 0.547945 0.086839
0.217077 0.14156 0.641263 9.9991E-05
0.0769598 0.209597 0.498891 0.214552
0.0713337 0.303414 0.264202 0.36105
0.121057 0.280585 0.28878 0.309578
0.175673 0.125836 0.648358 0.050133
0.0748569 0.294021 0.266631 0.364491
9.9991E-05 0.219529 0.675384 0.104987
9.9991E-05 0.25858 0.536347 0.204973
0.0520475 0.244532 0.267848 0.435573
0.449763 0.0268507 0.219678 0.303709
0.681871 9.9991E-05 0.276198 0.0418313
0.681443 9.9982E-05 0.318358 9.9982E-05
0.458537 9.9991E-05 0.245229 0.296134
9.9991E-05 0.21659 0.453479 0.32983
0.0622393 0.220605 0.284834 0.432322
0.0357253 0.0734241 0.00544124 0.885409
0.0695725 0.158289 0.0811003 0.691038
0.0953258 0.191729 0.108487 0.604459
0.0686205 0.106299 0.701974 0.123106
0.0822417 0.306405 0.303648 0.307705
0.0531929 0.176962 0.713196 0.0566488
0.022272 0.205173 0.42097 0.351585
0.0516897 0.202 0.470082 0.276228
9.9991E-05 0.155005 0.480076 0.364818
0.101754 0.034974 0.807114 0.0561587
9.9991E-05 0.247233 0.329903 0.422764
0.0596564 0.239739 0.319174 0.38143
0.125859 9.9982E-05 9.9982E-05 0.873941
0.11262 9.9982E-05 9.9982E-05 0.88718
0.125685 0.106854 0.0522856 0.715176
0.0375266 0.0799714 0.00411951 0.878382
0.120412 9.9982E-05 9.9982E-05 0.879388
0.117559 9.9982E-05 9.9982E-05 0.882241
0.105235 9.9982E-05 9.9982E-05 0.894565
0.0458957 9.9982E-05 9.9982E-05 0.953904
0.15056 9.9982E-05 9.9982E-05 0.84924
0.102589 9.9982E-05 9.9982E-05 0.897211
0.124375 9.9982E-05 9.9982E-05 0.875425
0.102719 0.0169745 9.9991E-05 0.880206
0.156009 9.9982E-05 9.9982E-05 0.843791
0.0965806 9.9982E-05 9.9982E-05 0.903219
0.0942984 0.170906 0.121048 0.613748
0.127455 0.0229043 0.0522969 0.797344
0.141611 9.9982E-05 9.9982E-05 0.858189
0.118506 9.9982E-05 9.9982E-05 0.881294
0.100403 9.9982E-05 9.9982E-05 0.899397
0.113284 9.9982E-05 9.9982E-05 0.886516
0.130874 9.9982E-05 9.9982E-05 0.868926
0.146132 0.0600048 0.064357 0.729506
0.136209 9.9982E-05 9.9982E-05 0.863591
0.440736 9.9982E-05 0.559064 9.9982E-05
0.236007 0.157687 0.272012 0.334294
0.157245 0.118576 0.380062 0.344117
0.317628 9.9991E-05 0.489697 0.192576
0.105315 0.217605 0.258331 0.418748
0.3537 9.9991E-05 0.518558 0.127643
0.180395 0.134962 0.338418 0.346225
0.260994 0.0180043 0.415688 0.305314
0.162846 0.0747 0.344189 0.418265
0.224979 0.065566 0.380522 0.328933
0.149585 0.157478 0.316737 0.376199
0.882468 0.0485952 9.9991E-05 0.0688367
0.902494 9.9982E-05 9.9982E-05 0.097306
0.943353 0.0176253 9.9991E-05 0.0389214
0.97965 0.0117182 9.9991E-05 0.00853166
0.895924 0.0471382 9.9991E-05 0.0568376
0.948816 9.9982E-05 9.9982E-05 0.0509842
0.899574 0.0216957 9.9991E-05 0.0786303
0.940706 0.0335105 9.9991E-05 0.0256838
0.903914 0.0127998 0.0154008 0.0678853
0.920376 0.0228911 9.9991E-05 0.0566327
0.649284 0.301416 0.0492001 9.9991E-05
0.675295 0.324505 9.9982E-05 9.9982E-05
0.587747 0.367499 0.0446545 9.9991E-05
0.524763 0.416491 0.0586465 9.9991E-05
0.0196505 0.474893 0.230365 0.275091
9.9991E-05 0.379775 0.318588 0.301538
9.9991E-05 0.471962 0.199622 0.328316
0.00473504 0.603239 0.195144 0.196882
0.0319896 0.767688 0.146135 0.0541875
9.9991E-05 0.362724 0.21825 0.418926
9.9991E-05 0.392104 0.267251 0.340545
9.9991E-05 0.284936 0.426973 0.287992
9.9991E-05 0.167413 0.605368 0.22712
9.9991E-05 0.273698 0.309307 0.416895
9.9991E-05 0.407536 0.370231 0.222133
9.9982E-05 0.179392 0.820408 9.9982E-05
0.0221564 0.388565 0.225282 0.363997
9.9991E-05 0.103334 0.834759 0.0618069
9.9991E-05 0.272258 0.396542 0.331101
9.9991E-05 0.517941 0.424279 0.0576803
0.230409 0.769391 9.9982E-05 9.9982E-05
0.210208 0.763267 0.0264246 9.9991E-05
0.179908 0.817264 0.00272802 9.9991E-05
0.207995 0.791805 9.9982E-05 9.9982E-05
0.136874 0.843434 0.0195918 9.9991E-05
0.185882 0.787871 0.0226733 0.00357319
0.868165 0.00950416 9.9991E-05 0.122231
0.817393 0.0415667 9.9991E-05 0.14094
0.757561 0.052857 0.0234322 0.166149
0.836114 0.0303455 9.9991E-05 0.133441
0.757235 0.0580054 0.0137826 0.170977
0.469143 0.530657 9.9982E-05 9.9982E-05
0.506232 0.493568 9.9982E-05 9.9982E-05
0.513557 0.486243 9.9982E-05 9.9982E-05
0.822422 0.0607521 9.9991E-05 0.116726
0.483935 0.51413 0.00183466 9.9991E-05
0.329075 9.9991E-05 0.193412 0.477413
0.0921105 0.223606 0.130973 0.553311
0.172625 0.139306 0.0646744 0.623394
0.310949 0.0335771 0.205531 0.449943
0.167345 0.220701 0.158169 0.453784
0.569483 9.9991E-05 0.18465 0.245767
9.9991E-05 0.642834 0.143482 0.213584
9.9991E-05 0.350754 0.391711 0.257436
0.0286741 0.738325 0.140441 0.0925599
9.9991E-05 0.368676 0.326836 0.304388
0.0583114 0.302697 0.638892 9.9991E-05
0.0162242 0.354142 0.242313 0.38732
9.9991E-05 0.377162 0.270138 0.3526
0.0336452 0.694206 0.124508 0.147642
0.0296942 0.418479 0.180188 0.371639
0.0241804 0.398091 0.577628 9.9991E-05
9.9991E-05 0.395506 0.261433 0.342961
9.9991E-05 0.554421 0.16654 0.278939
0.0980676 0.218717 0.299987 0.383229
9.9991E-05 0.396819 0.419164 0.183917
9.9991E-05 0.367443 0.392077 0.24038
9.9991E-05 0.319685 0.269026 0.411189
9.9991E-05 0.390154 0.310256 0.29949
9.9991E-05 0.326739 0.253732 0.419429
0.0436244 0.354872 0.21221 0.389294
0.0412495 0.453347 0.151916 0.353487
0.824858 9.9982E-05 9.9982E-05 0.174942
0.848874 0.0202147 9.9991E-05 0.130811
0.872386 0.0509105 0.0140247 0.0626793
0.897696 0.00698675 9.9991E-05 0.0952171
0.879356 0.014493 9.9991E-05 0.106051
0.103459 0.749241 0.116912 0.0303883
9.9991E-05 0.400244 0.221408 0.378249
0.2005 0.124636 0.178726 0.496137
9.9991E-05 0.436191 0.134106 0.429603
9.9991E-05 0.620346 0.0702988 0.309256
0.0473353 0.354028 0.453629 0.145008
0.138799 0.828702 0.0323992 9.9991E-05
0.0272766 0.584319 0.129253 0.259152
0.0883691 0.734029 0.0564156 0.121186
0.0206444 0.335349 0.367938 0.276069
0.140472 0.746066 0.0920787 0.0213832
0.000643384 0.547364 0.0321339 0.419858
0.101777 0.739926 0.126472 0.0318242
0.0646145 0.390771 0.346402 0.198212
0.0296011 0.304082 0.326832 0.339485
0.0914222 0.147833 0.674932 0.0858135
0.0266879 0.211781 0.436618 0.324913
0.100496 0.248173 0.310465 0.340866
0.0848037 0.144999 0.713174 0.0570233
0.0203509 0.295093 0.316487 0.36807
0.0606834 0.255986 0.413147 0.270184
0.0925164 0.0681885 0.839195 9.9991E-05
0.121634 0.0579939 0.808412 0.0119607
0.0356952 0.228361 0.513187 0.222757
0.0929356 0.0896509 0.817313 9.9991E-05
9.9991E-05 0.263949 0.534117 0.201834
0.0524782 0.864017 0.0481738 0.0353311
0.00119073 0.441014 0.404918 0.152877
0.000462878 0.687977 0.0564884 0.255072
9.9991E-05 0.471529 0.145508 0.382863
9.9991E-05 0.79641 0.108557 0.0949324
0.0190427 0.348065 0.264297 0.368595
0.0161824 0.472343 0.111394 0.400081
9.9991E-05 0.4624 0.216535 0.320965
9.9991E-05 0.515604 0.153807 0.330489
9.9991E-05 0.650331 0.0821357 0.267433
9.9991E-05 0.780301 0.102668 0.116931
9.9991E-05 0.672234 0.0960329 0.231633
9.9991E-05 0.380046 0.268808 0.351046
9.9991E-05 0.385504 0.193029 0.421367
0.0628605 0.372441 0.30602 0.258678
9.9991E-05 0.429918 0.201378 0.368605
9.9991E-05 0.698977 0.0583811 0.242542
9.9991E-05 0.47892 0.175221 0.345759
0.00450778 0.508824 0.147104 0.339564
0.0593512 0.330069 0.214524 0.396056
0.267246 0.231484 0.0796363 0.421634
0.0894755 0.190042 0.20891 0.511572
0.141549 0.16381 0.280952 0.413689
0.0751438 0.219042 0.224208 0.481606
0.168928 0.123284 0.218641 0.489147
9.9991E-05 0.346993 0.38039 0.272517
0.102584 0.224164 0.223727 0.449525
0.367599 0.0292785 0.451956 0.151166
0.0567791 0.248147 0.224642 0.470432
0.110813 0.200637 0.168123 0.520427
0.0820357 0.210051 0.244697 0.463215
0.229418 0.100729 0.386266 0.283587
0.163844 0.218974 0.139215 0.477967
0.126694 0.165811 0.22145 0.486045
0.661186 9.9991E-05 0.304246 0.0344681
0.147277 0.235135 0.138068 0.479519
0.13968 0.169418 0.152228 0.538674
0.00639504 0.288384 0.245143 0.460079
0.154149 0.10436 0.15672 0.584771
0.169729 0.248235 0.128648 0.453388
0.0120841 0.145402 0.544221 0.298293
0.00373058 0.294119 0.318203 0.383948
0.0524041 0.051871 0.895625 9.9991E-05
0.0769289 0.0348529 0.888118 9.9991E-05
0.0360945 0.224532 0.429365 0.310008
0.21356 0.0619945 0.185668 0.538778
0.206343 9.9991E-05 0.277064 0.516493
0.24056 9.9991E-05 0.346762 0.412578
0.199413 0.00772623 0.303421 0.48944
0.201902 9.9991E-05 0.736676 0.0613219
0.174923 9.9991E-05 0.684851 0.140126
9.9991E-05 0.164829 0.440744 0.394327
0.0739351 0.0675214 0.490638 0.367906
0.139707 0.0233614 0.673639 0.163293
0.0340439 0.206045 0.377681 0.38223
9.9991E-05 0.220304 0.335398 0.444198
0.0536908 0.196474 0.366589 0.383246
0.0136437 0.140347 0.66451 0.1815
0.0269527 0.181263 0.577732 0.214053
9.9991E-05 0.275545 0.415942 0.308413
0.0203416 0.25026 0.455422 0.273977
0.0312572 0.245651 0.314679 0.408413
9.9991E-05 0.17091 0.586582 0.242408
0.053246 0.0944579 0.788545 0.0637509
9.9991E-05 0.160724 0.458798 0.380378
0.031665 0.155854 0.751663 0.060818
0.00646108 0.15529 0.591387 0.246862
0.0418254 0.293334 0.363137 0.301704
0.0615286 0.194893 0.40333 0.340248
0.127297 0.197757 0.218464 0.456482
0.154187 0.154494 0.297278 0.394042
0.256646 9.9991E-05 0.279898 0.463356
0.206643 0.106862 0.23644 0.450056
0.16158 0.154602 0.207956 0.475861
0.152495 0.0877165 0.306617 0.453172
0.292356 9.9991E-05 0.632556 0.0749878
0.0884164 0.121248 0.225197 0.565139
0.520608 9.9982E-05 0.479192 9.9982E-05
0.0680321 0.0912296 0.361618 0.47912
0.0435322 0.0364903 0.911516 0.00846128
0.0483058 0.0431637 0.90843 9.9991E-05
9.9991E-05 0.194198 0.539078 0.266624
9.9991E-05 0.207984 0.391418 0.400499
9.9991E-05 0.151064 0.605684 0.243152
9.9991E-05 0.152953 0.489403 0.357544
9.9991E-05 0.118418 0.560439 0.321043
0.864304 0.0882965 9.9991E-05 0.0472995
0.769544 0.0573327 0.079144 0.0939791
0.941908 9.9982E-05 9.9982E-05 0.0578921
0.954204 9.9982E-05 9.9982E-05 0.0455963
9.9991E-05 0.299886 0.337031 0.362983
9.9991E-05 0.340361 0.318699 0.34084
9.9991E-05 0.340173 0.361296 0.298431
0.0030048 0.390728 0.235055 0.371213
0.0436447 0.37762 0.210765 0.36797
0.00157833 0.414733 0.44277 0.140919
9.9991E-05 0.299711 0.325877 0.374312
9.9991E-05 0.177535 0.675643 0.146722
0.297584 0.217958 0.0416438 0.442814
9.9991E-05 0.19733 0.541909 0.260661
9.9991E-05 0.426728 0.383647 0.189525
9.9991E-05 0.216185 0.47913 0.304585
9.9991E-05 0.418437 0.314377 0.267085
9.9991E-05 0.200445 0.462353 0.337102
9.9991E-05 0.340231 0.329469 0.3302
9.9982E-05 0.117031 0.882769 9.9982E-05
9.9991E-05 0.183041 0.633144 0.183715
9.9991E-05 0.198275 0.582696 0.218929
9.9982E-05 0.0234456 0.976354 9.9982E-05
9.9991E-05 0.407787 0.357655 0.234458
0.0162953 0.124432 0.859173 9.9991E-05
0.0202475 0.0699934 0.909659 9.9991E-05
9.9991E-05 0.261493 0.387119 0.351287
0.00325137 0.524186 0.387356 0.0852072
9.9991E-05 0.384602 0.364434 0.250864
0.0418598 0.277089 0.297757 0.383294
9.9991E-05 0.426632 0.254851 0.318417
9.9991E-05 0.44281 0.373091 0.183998
9.9991E-05 0.386033 0.262363 0.351505
9.9991E-05 0.400703 0.312185 0.287012
9.9991E-05 0.227229 0.622105 0.150567
0.0520193 0.380377 0.249582 0.318022
0.738561 0.255867 0.00547209 9.9991E-05
0.788209 0.195099 0.0165926 9.9991E-05
0.884134 0.115666 9.9982E-05 9.9982E-05
0.87952 0.12028 9.9982E-05 9.9982E-05
0.780429 0.208843 0.010628 9.9991E-05
0.03406 0.477706 0.426997 0.0612367
0.0313051 0.499866 0.423337 0.0454921
9.9991E-05 0.155766 0.723493 0.120641
0.0667455 0.311472 0.246586 0.375197
0.0285345 0.277124 0.277723 0.416619
0.0100773 0.16849 0.644234 0.177199
9.9991E-05 0.217821 0.348781 0.433298
9.9991E-05 0.223661 0.501301 0.274938
9.9991E-05 0.383038 0.304896 0.311966
9.9991E-05 0.345721 0.260458 0.393721
9.9991E-05 0.446229 0.449603 0.104068
9.9991E-05 0.457262 0.397043 0.145595
9.9991E-05 0.453082 0.383363 0.163454
0.0711588 0.272623 0.250934 0.405285
9.9991E-05 0.451788 0.340124 0.207988
9.9991E-05 0.454474 0.304373 0.241053
0.126354 0.085018 0.158064 0.630564
0.156828 0.0567605 0.1412 0.645212
0.144641 0.0602691 0.078396 0.716694
0.208824 9.9991E-05 0.102407 0.688669
0.138977 0.134144 0.145907 0.580972
0.0356156 0.14791 0.488472 0.328002
0.377962 9.9982E-05 9.9982E-05 0.621838
0.215337 0.0290272 0.0601787 0.695457
0.183419 0.101461 0.352735 0.362385
0.117865 0.261202 0.297922 0.323011
0.110408 0.236121 0.369093 0.284377
0.0666861 0.266565 0.276497 0.390252
0.0718251 0.242326 0.257662 0.428187
0.212031 0.0604452 0.0312879 0.696236
0.16924 0.112338 0.0777701 0.640652
0.108293 0.0571383 0.0650756 0.769493
0.112906 0.167757 0.150205 0.569132
0.225241 0.0562908 0.0761776 0.64229
0.121061 0.15189 0.0849371 0.642112
0.232316 9.9991E-05 0.0881889 0.679395
0.133058 0.185286 0.0863367 0.59532
0.0798134 0.180964 0.431166 0.308056
0.163276 0.102901 0.128479 0.605344
0.30891 9.9991E-05 0.0278715 0.663119
0.124418 0.189478 0.0962521 0.589852
0.208143 0.306735 0.377967 0.107155
0.025303 0.125244 0.437961 0.411492
0.159494 0.099282 0.137485 0.603739
0.11529 0.289103 0.259379 0.336228
0.157366 0.235023 0.310433 0.297178
0.239448 0.0466868 0.285158 0.428707
0.242299 0.0717509 0.208958 0.476992
0.100078 0.233927 0.235131 0.430864
0.162768 0.113751 0.152894 0.570587
0.111987 0.123273 0.07018 0.694559
0.303137 9.9991E-05 0.0269011 0.669862
0.0278417 0.234039 0.293826 0.444293
0.151501 0.219424 0.397284 0.23179
0.251604 9.9991E-05 0.720076 0.0282197
0.122272 0.256804 0.253902 0.367022
0.0990632 0.262347 0.381842 0.256747
0.168553 0.139436 0.257335 0.434676
0.150407 0.222176 0.260771 0.366645
0.539694 9.9991E-05 0.420506 0.0397003
0.485916 9.9982E-05 0.513884 9.9982E-05
0.251354 0.0519516 0.450129 0.246565
0.446218 9.9991E-05 0.413196 0.140486
0.599815 9.9991E-05 0.273617 0.126468
0.220015 0.023275 0.43495 0.32176
0.252194 0.0789752 0.293939 0.374891
0.397665 9.9991E-05 0.390606 0.211629
0.388648 9.9991E-05 0.482669 0.128583
0.169442 0.0678246 0.344813 0.417921
0.355503 9.9991E-05 0.448477 0.19592
0.532657 9.9982E-05 0.467143 9.9982E-05
0.0875539 0.223341 0.260914 0.428192
0.252993 0.0815877 0.317879 0.34754
0.291076 0.138417 0.137492 0.433014
0.117827 0.18192 0.063288 0.636965
0.115478 0.130647 0.20654 0.547334
0.157301 0.0794129 0.198 0.565286
0.357444 0.18352 0.0415829 0.417453
0.160458 0.198863 0.0967347 0.543945
0.209319 0.203058 0.0699219 0.517702
0.294568 9.9991E-05 0.287282 0.41805
0.203658 0.262853 0.224852 0.308637
0.180127 0.233122 0.16759 0.419161
0.0966194 0.240773 0.149341 0.513267
0.0392215 0.26324 0.19085 0.506688
0.243632 0.116209 0.146197 0.493962
0.1723 0.153808 0.150507 0.523385
0.450637 9.9991E-05 0.229898 0.319365
0.126246 0.195575 0.157851 0.520327
0.376188 9.9991E-05 0.209024 0.414688
0.835234 0.164566 9.9982E-05 9.9982E-05
0.133732 0.86331 0.00285759 9.9991E-05
0.0744509 0.925349 9.9982E-05 9.9982E-05
0.0660978 0.933702 9.9982E-05 9.9982E-05
0.0487103 0.95109 9.9982E-05 9.9982E-05
0.0675704 0.93223 9.9982E-05 9.9982E-05
0.0371085 0.962691 9.9982E-05 9.9982E-05
0.0795884 0.920212 9.9982E-05 9.9982E-05
0.215903 0.783897 9.9982E-05 9.9982E-05
0.901397 0.0693249 9.9991E-05 0.0291782
0.779534 0.15255 9.9991E-05 0.0678164
0.872538 0.0645971 9.9991E-05 0.0627647
0.862038 0.099946 9.9991E-05 0.0379162
0.887811 0.0670999 9.9991E-05 0.044989
0.892176 0.0340742 9.9991E-05 0.0736494
0.73952 0.0307931 0.0318998 0.197787
0.875877 9.9982E-05 9.9982E-05 0.123923
0.728035 0.1134 0.00387516 0.15469
0.896622 9.9982E-05 9.9982E-05 0.103178
0.979895 9.9982E-05 9.9982E-05 0.0199053
0.85503 0.0428157 9.9991E-05 0.102054
0.9724 9.9982E-05 9.9982E-05 0.0273997
0.92346 9.9982E-05 9.9982E-05 0.0763397
0.871465 0.000202698 9.9991E-05 0.128233
0.892945 9.9982E-05 9.9982E-05 0.106855
0.840856 9.9982E-05 9.9982E-05 0.158944
0.842998 9.9982E-05 9.9982E-05 0.156802
0.796992 9.9982E-05 9.9982E-05 0.202808
0.13845 0.264448 0.415134 0.181968
0.0152354 0.304522 0.281808 0.398435
0.0909529 0.257899 0.25355 0.397598
0.219079 9.9982E-05 0.780721 9.9982E-05
0.0916931 0.329928 0.280309 0.29807
0.244152 9.9982E-05 0.755648 9.9982E-05
0.0413758 0.159483 0.355148 0.443993
0.13753 0.311667 0.337193 0.21361
0.124446 0.309197 0.294834 0.271523
9.9991E-05 0.33965 0.349259 0.310991
0.139573 0.288305 0.338874 0.233248
0.0169272 0.174334 0.385601 0.423138
0.0782512 0.265517 0.343118 0.313113
0.104679 0.464576 0.430645 9.9991E-05
0.227733 9.9982E-05 0.772067 9.9982E-05
0.225609 9.9991E-05 0.760704 0.0135875
0.107536 0.290406 0.23363 0.368429
0.0756938 0.120161 0.498282 0.305863
0.044602 0.144015 0.441999 0.369384
0.0397117 0.266162 0.246463 0.447663
0.191502 0.237923 0.119566 0.45101
0.160129 0.21393 0.118947 0.506993
0.422129 0.264175 0.0794086 0.234288
0.0758578 0.363792 0.152377 0.407973
0.21181 0.32384 0.0997334 0.364617
0.57076 9.9991E-05 0.325667 0.103473
0.323656 9.9991E-05 0.294758 0.381487
0.384479 0.17338 0.0878642 0.354278
0.303402 0.262341 0.0864629 0.347794
0.118968 0.212341 0.201109 0.467582
0.143422 0.263446 0.129104 0.464028
0.0963442 0.288729 0.10751 0.507417
0.15355 0.134825 0.330284 0.381341
0.510785 0.119218 0.119205 0.250793
