9.9991E-05 0.939286 0.0486051 0.0120092
9.9982E-05 0.988299 0.011501 9.9982E-05
0.0177524 0.91095 0.0227207 0.0485765
9.999E-05 0.85629 0.015656 0.127954
9.9982E-05 0.923177 9.9982E-05 0.0766231
0.14722 0.687374 0.0725673 0.0928384
0.124018 0.844561 0.0313207 9.9991E-05
0.169021 0.750032 0.0471903 0.0337566
0.13236 0.86744 9.9982E-05 9.9982E-05
0.108102 0.800983 0.0385977 0.0523168
0.0919465 0.788305 9.9991E-05 0.119649
0.516684 0.130477 9.9991E-05 0.352739
0.19783 0.0907919 0.0226924 0.688686
0.453274 0.118579 0.0286365 0.399511
0.373077 0.15159 0.0512949 0.424039
0.248747 0.151901 0.0784266 0.520925
0.232152 0.0630749 0.0721213 0.632652
0.292617 0.0983781 0.0138419 0.595163
0.364746 0.214348 0.0335544 0.387351
0.691764 0.160185 9.9991E-05 0.147951
0.338373 0.0806973 9.9991E-05 0.58083
0.395113 0.0399202 0.085566 0.479401
0.231459 0.100754 0.0263481 0.641438
0.445316 0.16315 0.0193131 0.372221
0.114544 0.0913583 0.14338 0.650717
0.239752 0.108704 9.9991E-05 0.651445
0.497708 0.137511 9.9991E-05 0.364682
0.406325 0.143067 0.0318911 0.418717
0.535261 0.103027 9.9991E-05 0.361612
9.9991E-05 0.889408 0.0130849 0.0974069
9.9982E-05 0.886685 9.9982E-05 0.113116
9.9991E-05 0.818428 0.0979743 0.0834976
9.9991E-05 0.754162 0.097963 0.147775
0.286185 0.11834 9.9991E-05 0.595375
0.185686 0.117013 0.0281534 0.669147
0.2691 0.0139426 0.0147583 0.702199
0.526158 0.153151 9.9991E-05 0.320592
0.552354 9.9991E-05 0.0285181 0.419028
0.207516 0.111909 9.9991E-05 0.680475
0.129392 0.0650257 0.00117094 0.804411
0.221519 0.144065 9.9991E-05 0.634315
0.157149 0.103912 0.0198362 0.719102
0.613422 0.0024479 9.9991E-05 0.38403
0.152987 0.0937005 0.034975 0.718338
0.167803 0.102486 0.0343727 0.695338
0.166875 0.14168 0.0653008 0.626144
0.470506 9.9982E-05 9.9982E-05 0.529294
0.143725 0.0912609 0.0106408 0.754373
0.165901 0.122559 0.0666926 0.644847
0.973727 9.9982E-05 0.0260731 9.9982E-05
0.622157 0.0881519 9.9991E-05 0.289591
0.641568 0.0434451 0.0909064 0.224081
0.23572 0.0635248 0.085121 0.615634
0.200039 0.110147 0.0848864 0.604927
0.172391 0.10516 0.0815402 0.640908
0.471952 0.21297 9.9991E-05 0.314978
0.222626 0.109178 9.9991E-05 0.668095
0.160397 0.103954 0.0556853 0.679963
0.309145 0.168458 0.0199083 0.502489
0.495052 0.244364 9.9991E-05 0.260483
0.204364 0.106834 0.04241 0.646392
0.306536 0.121553 0.0180349 0.553876
0.638432 0.163227 9.9991E-05 0.198241
0.375152 0.0580567 9.9991E-05 0.566692
0.237101 0.0547997 0.0569482 0.651151
0.135837 0.144893 0.00506591 0.714204
0.415275 0.170544 0.00522801 0.408953
0.255812 0.0912028 0.0522634 0.600722
0.232269 0.0893571 0.0478412 0.630532
0.49359 0.133428 9.9991E-05 0.372882
0.309615 9.9982E-05 9.9982E-05 0.690185
0.543798 9.9982E-05 9.9982E-05 0.456002
0.224108 0.12774 0.0507969 0.597355
0.75982 9.9982E-05 9.9982E-05 0.23998
0.795312 9.9982E-05 9.9982E-05 0.204488
0.539669 9.9991E-05 0.00250821 0.457723
0.343402 0.0418163 9.9991E-05 0.614682
0.190791 0.0789907 0.0971873 0.633031
0.344783 9.9991E-05 0.00231922 0.652797
0.561129 0.0530649 9.9991E-05 0.385706
0.533161 0.0130981 9.9991E-05 0.453641
0.206311 0.0691387 0.0411221 0.683428
0.398491 0.0410635 9.9991E-05 0.560345
0.350273 0.0251452 9.9991E-05 0.624482
0.354031 9.9982E-05 9.9982E-05 0.645769
0.882446 9.9991E-05 0.0626613 0.0547927
0.221203 0.0463742 0.0421376 0.690285
0.0293543 0.883853 9.9991E-05 0.0866928
9.9991E-05 0.928616 0.0398196 0.031464
9.9991E-05 0.864928 0.0447854 0.0901867
9.9991E-05 0.94039 0.0582373 0.00127303
9.9982E-05 0.949805 0.0499947 9.9982E-05
9.9991E-05 0.886659 0.0716935 0.041548
9.9991E-05 0.936581 0.0203621 0.0429565
0.212136 0.0775646 0.0602646 0.650035
0.143408 0.119709 0.0511162 0.685767
0.682004 0.0522911 9.9991E-05 0.265605
0.222985 0.0544059 0.049087 0.673522
0.399668 0.0437224 9.9991E-05 0.556509
0.268453 0.0583097 9.9991E-05 0.673137
0.295167 0.0122238 0.0373848 0.655224
0.308828 9.9991E-05 0.0502064 0.640866
0.711008 0.0585165 9.9991E-05 0.230376
0.215497 0.126975 0.0278948 0.629633
0.136151 0.0849848 0.0399441 0.73892
0.182531 0.108374 0.0634291 0.645666
0.538853 9.9991E-05 0.0163951 0.444652
0.356351 9.9991E-05 0.00731829 0.636231
0.329332 0.0126951 9.9991E-05 0.657873
0.409313 9.9982E-05 9.9982E-05 0.590487
0.310838 0.0562878 9.9991E-05 0.632775
0.204677 0.109976 0.0617427 0.623604
0.504242 0.0799523 0.0710308 0.344775
0.325967 0.162271 9.9991E-05 0.511661
0.2004 0.180098 0.0324453 0.587057
0.15948 0.0999819 0.0604017 0.680136
0.278666 0.103435 9.9991E-05 0.617799
0.185473 0.115134 0.0363934 0.663
0.262409 0.137511 9.9991E-05 0.59998
0.267445 0.107056 0.0517632 0.573736
0.212117 0.0702772 0.0395994 0.678006
0.236707 0.104666 9.9991E-05 0.658527
0.224533 0.0999821 9.9991E-05 0.675385
0.185749 0.108246 0.0855117 0.620493
0.173085 0.107041 0.100775 0.619099
0.24766 0.0319633 0.096404 0.623973
0.200806 0.109938 0.116987 0.57227
0.244976 0.0368519 0.0711166 0.647055
0.433765 0.119134 0.0949937 0.352107
0.198307 0.0882718 0.0351809 0.67824
0.140302 0.0693742 0.0374449 0.752879
0.520959 0.115569 9.9991E-05 0.363372
0.676005 0.00815292 0.0964847 0.219357
0.25847 0.081654 0.0271122 0.632763
0.797742 9.9991E-05 0.0858026 0.116356
0.43819 0.109342 9.9991E-05 0.452368
0.390775 0.032179 9.9991E-05 0.576946
0.412829 0.088655 9.9991E-05 0.498416
0.480661 0.0414747 9.9991E-05 0.477764
0.204995 0.111835 0.0159319 0.667239
0.195468 0.123519 0.0841043 0.596909
0.178508 0.0979463 9.9991E-05 0.723446
0.681994 0.0402561 0.0653561 0.212394
0.200825 0.186754 0.0551011 0.55732
0.281113 0.104884 0.0788561 0.535148
0.813748 0.134244 0.0519081 9.9991E-05
0.173466 0.0333454 0.126718 0.66647
0.468593 0.107833 0.0865914 0.336983
0.208021 0.108055 0.0879802 0.595944
0.566677 0.105607 0.0224609 0.305255
0.74549 0.0912642 0.0534306 0.109815
0.432325 0.0827133 0.0520212 0.43294
0.212615 0.150018 0.0926272 0.544741
0.274312 0.1928 0.0769642 0.455923
0.688198 0.0468185 0.14012 0.124864
0.220843 0.13462 0.0635015 0.581036
0.551998 9.9991E-05 0.0129406 0.434961
0.451258 9.9991E-05 0.0484471 0.500195
0.179619 0.0812174 0.0581103 0.681053
0.199523 0.380292 0.307608 0.112576
0.274245 0.522044 0.20361 9.9991E-05
0.296156 0.497977 0.205766 9.9991E-05
0.237823 0.3628 0.325278 0.0740986
0.286302 0.00602128 0.0421141 0.665562
0.205828 0.0821627 0.0926396 0.619369
9.9982E-05 9.9982E-05 0.652776 0.347024
0.060116 0.0481737 0.440979 0.450731
0.0716706 0.0819327 0.391859 0.454538
0.635792 9.9991E-05 0.121658 0.24245
0.275262 0.0647262 0.111957 0.548055
0.659406 9.9991E-05 0.0452276 0.295266
0.239795 0.0961248 0.0300937 0.633986
0.40644 0.0585264 0.0914078 0.443626
0.299833 0.00481082 0.0668494 0.628507
0.701405 9.9991E-05 0.100346 0.198148
0.193736 0.0524854 0.0598619 0.693916
0.233376 0.0907722 0.0684243 0.607428
9.9982E-05 9.9982E-05 0.948102 0.0516978
9.9982E-05 9.9982E-05 0.882381 0.117419
0.0280823 0.0498701 0.525044 0.397003
9.9982E-05 9.9982E-05 0.613267 0.386533
9.9991E-05 0.0173385 0.761241 0.221321
9.998E-05 9.998E-05 0.9997 9.998E-05
0.00975895 9.9991E-05 0.954447 0.0356939
9.9982E-05 9.9982E-05 0.818509 0.181291
0.0049862 0.0249901 0.929661 0.040363
9.998E-05 9.998E-05 0.9997 9.998E-05
9.998E-05 9.998E-05 0.9997 9.998E-05
9.9982E-05 9.9982E-05 0.754767 0.245033
0.0106619 0.0419096 0.779879 0.16755
9.998E-05 9.998E-05 0.9997 9.998E-05
0.124428 0.0981568 0.376091 0.401324
0.0434917 0.0141679 0.653084 0.289257
9.9991E-05 0.0269718 0.792814 0.180115
9.9982E-05 9.9982E-05 0.87114 0.12866
9.998E-05 9.998E-05 0.9997 9.998E-05
9.9982E-05 9.9982E-05 0.928707 0.0710934
9.998E-05 9.998E-05 0.9997 9.998E-05
0.00246246 0.0702223 0.634177 0.293138
9.9982E-05 9.9982E-05 0.970901 0.0288993
0.562984 0.298929 0.137986 9.9991E-05
0.270927 0.214234 0.157469 0.357369
0.25467 0.181577 0.111129 0.452623
0.434637 0.212253 0.218744 0.134366
0.232427 0.158347 0.12191 0.487317
0.467167 0.243089 0.214657 0.0750871
0.246053 0.176774 0.160695 0.416478
0.331939 0.179559 0.19899 0.289512
0.130543 0.18148 0.176997 0.51098
0.269644 0.18768 0.209513 0.333163
0.211842 0.166605 0.176601 0.444952
0.0168029 0.921432 9.9991E-05 0.0616647
9.9991E-05 0.920426 0.076004 0.00347025
0.00196082 0.976239 9.9991E-05 0.0217005
0.00485704 0.994943 9.9982E-05 9.9982E-05
9.9982E-05 0.938512 9.9982E-05 0.061288
9.9982E-05 0.983638 0.0161615 9.9982E-05
9.9991E-05 0.939511 0.0352055 0.0251831
0.00872449 0.973955 9.9991E-05 0.0172207
0.0334729 0.90069 0.0532586 0.0125781
0.0214985 0.932985 0.0454163 9.9991E-05
0.325494 0.65996 0.0133236 0.00122187
0.301868 0.697932 9.9982E-05 9.9982E-05
0.365257 0.619097 9.9991E-05 0.0155459
0.445761 0.547661 9.9991E-05 0.0064784
0.263096 0.109031 9.9991E-05 0.627773
0.278675 0.0472629 9.9991E-05 0.673962
0.255622 0.0354299 9.9991E-05 0.708848
0.402401 0.0546133 9.9991E-05 0.542886
0.583284 0.0693111 9.9991E-05 0.347305
0.142421 0.0563485 0.00905204 0.792178
0.246288 9.9991E-05 0.0100518 0.74356
0.303624 0.00131808 0.0056284 0.68943
0.425881 9.9982E-05 9.9982E-05 0.573919
0.194217 0.0527977 0.0533236 0.699661
0.371688 0.00635826 9.9991E-05 0.621854
0.835111 9.9982E-05 9.9982E-05 0.16469
0.168609 0.112446 0.0383197 0.680625
0.646722 9.9982E-05 9.9982E-05 0.353078
0.288298 0.0167604 0.00753833 0.687403
0.606657 0.0133577 9.9991E-05 0.379885
0.633378 0.308158 9.9991E-05 0.0583637
0.608605 0.247202 9.9991E-05 0.144093
0.629631 0.255665 9.9991E-05 0.114604
0.671208 0.275983 9.9991E-05 0.0527089
0.604075 0.209433 9.9991E-05 0.186392
0.556636 0.246705 9.9991E-05 0.196558
9.9991E-05 0.899766 0.0617873 0.0383471
0.00930555 0.848151 9.9991E-05 0.142444
0.00638026 0.81448 0.0448696 0.13427
0.00658229 0.882048 0.0452348 0.0661344
9.9991E-05 0.79941 0.0456124 0.154877
0.491537 0.508263 9.9982E-05 9.9982E-05
0.409644 0.560127 9.9991E-05 0.0301281
0.374461 0.545565 9.9991E-05 0.079875
9.9982E-05 0.853337 9.9982E-05 0.146463
0.442599 0.530676 9.9991E-05 0.0266253
0.0850061 0.279748 0.348999 0.286247
0.073574 0.155227 0.262232 0.508967
9.9991E-05 0.176488 0.271892 0.551521
0.0906691 0.323903 0.26582 0.319609
0.101803 0.21891 0.138538 0.54075
0.200802 0.447906 0.351191 9.9991E-05
0.362485 0.0711558 9.9991E-05 0.56626
0.430435 9.9991E-05 0.0477248 0.52174
0.476001 0.0895994 9.9991E-05 0.4343
0.35757 9.9991E-05 0.0231216 0.619208
0.981987 9.9982E-05 0.0178129 9.9982E-05
0.157638 0.109502 0.0583414 0.674518
0.294271 0.0250003 0.106373 0.574356
0.438968 0.101594 9.9991E-05 0.459338
0.218618 0.12398 0.0399372 0.617464
0.754461 9.9991E-05 0.0114925 0.233947
0.251201 0.0847761 0.0132319 0.650791
0.286499 0.087509 9.9991E-05 0.625892
0.236346 0.138636 0.156944 0.468074
0.513551 0.0412129 0.0421607 0.403075
0.446574 9.9991E-05 0.0642683 0.489057
0.263448 0.0471442 0.0316501 0.657758
0.319736 0.0202328 9.9991E-05 0.659931
0.167541 0.0545027 0.0708279 0.707129
0.192252 0.0965563 0.0901223 0.621069
0.227493 0.116927 0.0124199 0.643159
9.9991E-05 0.83556 0.0496016 0.114738
9.9991E-05 0.882642 0.0204995 0.0967585
0.00634391 0.917026 9.9991E-05 0.0765305
9.9991E-05 0.929986 0.0323206 0.0375938
9.9982E-05 0.920352 9.9982E-05 0.0794478
0.595768 0.144498 9.9991E-05 0.259634
0.273868 0.0872877 0.0591489 0.579696
0.139555 0.187845 0.304157 0.368442
0.158076 0.0569267 0.0576461 0.727351
0.27383 0.074366 0.00943496 0.642369
0.592027 0.0240394 0.0527773 0.331156
0.666379 0.213168 9.9991E-05 0.120353
0.254929 0.119919 9.9991E-05 0.625053
0.480253 0.151656 9.9991E-05 0.367991
0.365073 0.0412665 0.0801889 0.513472
0.562595 0.173795 9.9991E-05 0.26351
0.156929 0.136577 0.0633837 0.64311
0.567402 0.146676 9.9991E-05 0.285823
0.493271 0.0324862 0.157694 0.316549
0.245989 0.102038 0.0646376 0.587335
0.585492 0.0253628 0.0241014 0.365043
0.257804 0.0872526 0.0586958 0.596248
0.219154 0.123823 0.067333 0.589689
0.634782 0.0349194 0.0275905 0.302708
0.239029 0.0774181 0.0233234 0.66023
0.309584 0.0941947 0.0295462 0.566675
0.762217 9.9991E-05 0.0200294 0.217654
0.69662 0.0343531 0.0267329 0.242294
0.422122 0.0610003 0.00449557 0.512382
0.819843 0.0157873 0.0313982 0.132972
0.442963 0.0118452 0.0214703 0.523722
0.566025 0.119703 9.9991E-05 0.314172
0.608219 9.9991E-05 0.125346 0.266335
0.320962 0.131751 9.9991E-05 0.547187
0.219287 0.100328 0.0295672 0.650818
0.532493 0.0789422 9.9991E-05 0.388465
0.249625 0.0864083 0.0616745 0.602292
0.149338 0.102249 0.00725953 0.741154
0.337112 0.0156169 0.066046 0.581225
0.286582 0.0602393 0.0580145 0.595164
0.276944 0.111501 9.9991E-05 0.611455
0.482064 0.0879558 9.9991E-05 0.42988
0.366114 0.0585058 0.00368177 0.571699
0.254147 0.0225169 0.0607555 0.662581
0.169396 0.0510089 0.0845271 0.695068
0.420164 0.0657522 0.101153 0.412932
0.319311 0.0199983 0.104545 0.556146
0.369269 0.112054 0.00828994 0.510387
0.260752 0.0590435 0.0460057 0.634199
0.289526 0.102537 0.0525875 0.555349
0.207129 0.105139 0.0867147 0.601017
0.0627657 0.35193 0.131495 0.45381
0.0971004 0.136505 0.18648 0.579914
0.174083 0.169926 0.17478 0.481211
0.124064 0.138023 0.173131 0.564782
0.112019 0.174114 0.283486 0.430381
0.425833 9.9991E-05 0.0379851 0.536082
0.122405 0.170249 0.086933 0.620413
0.487233 0.246156 0.25534 0.0112705
0.133962 0.141485 0.121069 0.603484
0.0681283 0.170967 0.206248 0.554656
0.121407 0.120081 0.175718 0.582794
0.304804 0.212717 0.161724 0.320756
0.0489864 0.194599 0.165803 0.590611
0.113672 0.136312 0.247512 0.502504
0.304176 0.491092 0.204631 9.9991E-05
0.0739974 0.205283 0.187441 0.533278
0.0498597 0.20263 0.210272 0.537238
0.145832 0.113977 0.107809 0.632382
0.0158162 0.208042 0.262235 0.513907
0.0711272 0.238581 0.109722 0.58057
0.400956 0.0150826 0.0528191 0.531142
0.25145 0.0830954 0.0810453 0.584409
0.923737 9.9991E-05 0.0693372 0.00682596
0.883531 9.9991E-05 0.0367939 0.079575
0.271384 0.0988164 0.0877589 0.542041
0.130533 0.146265 0.353506 0.369697
0.136392 0.166766 0.355972 0.34087
0.289072 0.131782 0.414058 0.165088
0.155862 0.157267 0.329032 0.357839
0.656181 0.0669252 0.18823 0.0886639
0.593379 0.0565932 0.154854 0.195175
0.261696 9.9991E-05 0.0960794 0.642125
0.306834 0.0678317 0.178563 0.446772
0.577665 0.0217008 0.152853 0.247781
0.27181 0.0423607 0.130335 0.555494
0.224229 0.0225063 0.134349 0.618916
0.236822 0.0795898 0.122863 0.560725
0.520571 9.9991E-05 0.015285 0.464044
0.463422 0.00211641 0.0465276 0.487934
0.286947 0.0616789 0.0643516 0.587022
0.374402 0.0492398 0.0632471 0.513111
0.235354 0.0997104 0.106506 0.558429
0.425684 9.9991E-05 0.0417802 0.532436
0.66829 9.9991E-05 0.0692545 0.262355
0.259119 9.9991E-05 0.043165 0.697616
0.671456 9.9991E-05 0.0569427 0.271501
0.417646 0.00537305 0.0311865 0.545794
0.243983 0.102915 0.0555485 0.597554
0.255131 0.0982922 0.0716767 0.5749
0.110434 0.195484 0.150417 0.543665
0.177365 0.173641 0.159296 0.489698
0.166999 0.194278 0.318503 0.32022
0.183165 0.191914 0.256057 0.368865
0.0779883 0.156168 0.2278 0.538044
0.153773 0.171094 0.159885 0.515248
0.623353 0.128048 0.248498 9.9991E-05
0.0533608 0.120087 0.226168 0.600385
0.449169 0.336469 0.214261 9.9991E-05
0.160395 0.058901 0.228126 0.552579
0.717147 9.9982E-05 9.9982E-05 0.282653
0.870316 9.9991E-05 0.0443195 0.0852644
0.39225 9.9991E-05 0.0462667 0.561383
0.235376 9.9991E-05 0.0789397 0.685584
0.443561 9.9991E-05 0.0213655 0.534973
0.295356 9.9991E-05 0.0512115 0.653333
0.336384 9.9991E-05 0.01452 0.648996
0.0463824 0.909803 0.0291711 0.0146434
0.0863187 0.791778 0.0613242 0.0605792
9.9991E-05 0.967037 0.0176994 0.0151641
9.9991E-05 0.976104 0.00105133 0.022745
0.260087 0.0472428 0.0282238 0.664447
0.24133 0.0781899 9.9991E-05 0.680381
0.251718 0.0219127 9.9991E-05 0.726269
0.179566 0.103969 0.00942924 0.707036
0.164721 0.0924169 0.0334847 0.709378
0.471601 0.0417844 9.9991E-05 0.486515
0.175699 0.0162289 9.9991E-05 0.807972
0.541733 9.9991E-05 0.0258968 0.43227
0.0312001 0.345616 0.154041 0.469143
0.416605 9.9991E-05 0.0531574 0.530138
0.389068 0.0294167 9.9991E-05 0.581416
0.295864 9.9991E-05 0.00852604 0.69551
0.355796 0.0118343 9.9991E-05 0.63227
0.237688 9.9991E-05 0.023363 0.738849
0.267818 0.0637465 9.9991E-05 0.668335
0.75096 9.9982E-05 9.9982E-05 0.24884
0.49028 9.9982E-05 9.9982E-05 0.50952
0.479412 9.9991E-05 0.0188245 0.501663
0.902644 9.9982E-05 9.9982E-05 0.0971558
0.371971 0.0533071 9.9991E-05 0.574622
0.745067 9.9982E-05 9.9982E-05 0.254733
0.931919 9.9982E-05 9.9982E-05 0.0678815
0.252614 9.9991E-05 0.0446506 0.702635
0.574302 0.0376156 9.9991E-05 0.387982
0.324689 0.0132996 9.9991E-05 0.661912
0.154993 0.154205 0.0314472 0.659355
0.266357 0.0303783 9.9991E-05 0.703164
0.535901 9.9991E-05 0.0640052 0.399994
0.234001 0.0646742 9.9991E-05 0.701225
0.284708 0.02302 9.9991E-05 0.692172
0.501149 9.9982E-05 9.9982E-05 0.498651
0.233152 0.112796 0.0210563 0.632996
0.253193 0.746607 9.9982E-05 9.9982E-05
0.16476 0.829767 9.9991E-05 0.0053727
0.100862 0.898938 9.9982E-05 9.9982E-05
0.117257 0.882543 9.9982E-05 9.9982E-05
0.150675 0.795194 9.9991E-05 0.054031
0.571157 0.051095 9.9991E-05 0.377648
0.56385 0.0434802 9.9991E-05 0.39257
0.576865 9.9991E-05 0.00117226 0.421862
0.151435 0.117331 0.0798773 0.651357
0.16154 0.114079 0.0866359 0.637744
0.517714 9.9991E-05 0.0205572 0.461629
0.231909 9.9991E-05 0.0804107 0.68758
0.387082 0.0233494 0.0258109 0.563757
0.28645 0.028736 9.9991E-05 0.684714
0.162735 0.0683351 9.9991E-05 0.76883
0.549634 0.00109352 9.9991E-05 0.449173
0.482895 0.0109185 9.9991E-05 0.506087
0.4529 0.0298762 9.9991E-05 0.517124
0.157551 0.15693 0.00426713 0.681253
0.402839 0.0407482 9.9991E-05 0.556312
0.357486 0.0516585 9.9991E-05 0.590755
0.0690325 0.0931659 0.390505 0.447297
0.0850659 0.115864 0.485581 0.313489
0.0231409 0.0935437 0.404976 0.478339
0.0121004 0.149716 0.566309 0.271875
0.0620554 0.12821 0.343756 0.465979
0.278999 0.090491 0.0238116 0.606698
0.0464695 0.263363 0.690067 9.9991E-05
0.0150127 0.163703 0.480752 0.340532
0.255451 0.205886 0.219557 0.319106
0.226426 0.141532 9.9991E-05 0.631942
0.263106 0.174169 0.0521623 0.510563
0.163995 0.171124 0.0478684 0.617013
0.11101 0.177606 0.0387134 0.672671
9.9991E-05 0.181458 0.459873 0.358569
0.0398962 0.162524 0.361813 0.435766
9.9991E-05 0.0733932 0.502808 0.423699
0.0621427 0.14635 0.30339 0.488117
0.079677 0.159374 0.487585 0.273364
0.0659429 0.131471 0.381838 0.420748
0.0295096 0.110286 0.581276 0.278929
0.0931893 0.101299 0.368502 0.43701
0.282495 0.141659 0.0573041 0.518542
0.0251101 0.154865 0.368903 0.451122
0.0348546 0.204182 0.595611 0.165353
0.0533533 0.145823 0.365589 0.435235
0.386667 0.219791 9.9991E-05 0.393442
0.195066 0.101602 0.0369465 0.666385
0.0323982 0.186326 0.364645 0.416631
0.210874 0.1622 9.9991E-05 0.626826
0.234564 0.206082 0.0311448 0.528209
0.144996 0.242267 0.239747 0.37299
0.118621 0.222423 0.281084 0.377872
0.176973 0.105628 0.130799 0.586599
0.0547737 0.160148 0.333373 0.451705
9.9991E-05 0.111006 0.403753 0.485141
0.0232983 0.175996 0.666903 0.133802
0.118852 0.136043 0.0485515 0.696553
0.28115 0.195318 9.9991E-05 0.523433
0.615177 0.118323 0.115718 0.150782
0.139632 0.173387 0.0435213 0.64346
0.358234 0.118608 0.0869102 0.436248
0.104386 0.20004 0.191417 0.504157
0.186678 0.16515 0.145457 0.502715
0.405212 0.385561 0.209127 9.9991E-05
0.487454 0.327953 0.184493 9.9991E-05
0.34552 0.190604 0.171984 0.291892
0.381735 0.344789 0.268273 0.00520333
0.267257 0.472942 0.2597 9.9991E-05
0.274253 0.200811 0.152512 0.372424
0.213219 0.227458 0.192476 0.366847
0.346521 0.311553 0.24634 0.0955864
0.444811 0.283573 0.242038 0.0295788
0.139231 0.183521 0.198557 0.478691
0.411524 0.253918 0.211401 0.123156
0.452171 0.37259 0.175138 9.9991E-05
0.159274 0.148453 0.148551 0.543722
0.240427 0.233681 0.232505 0.293387
0.0486464 0.309372 0.19566 0.446321
9.9991E-05 0.15668 0.242756 0.600464
0.0687158 0.140222 0.21556 0.575502
0.0464983 0.169748 0.260534 0.52322
0.0288456 0.392306 0.195893 0.382955
0.0291858 0.241456 0.191817 0.537542
0.00316895 0.283306 0.232761 0.480764
0.211926 0.217991 0.319295 0.250788
0.222001 0.223574 0.123634 0.430792
0.111797 0.201137 0.132398 0.554669
0.0965245 0.146053 0.206459 0.550964
0.126783 0.129376 0.16054 0.583302
0.0458971 0.303957 0.221205 0.42894
0.0116986 0.25983 0.177963 0.550509
0.250561 0.35037 0.391442 0.00762666
0.0890128 0.189906 0.185227 0.535854
0.155532 0.319932 0.347059 0.177476
0.145039 0.850994 0.00386758 9.9991E-05
0.560794 0.198163 9.9991E-05 0.240943
0.733887 0.225116 9.9991E-05 0.0408963
0.775272 0.189363 9.9991E-05 0.0352648
0.702108 0.152849 9.9991E-05 0.144943
0.698518 0.166375 9.9991E-05 0.135008
0.652844 0.164445 9.9991E-05 0.182611
0.717194 0.218702 9.9991E-05 0.0640035
0.561671 0.349719 9.9991E-05 0.0885105
0.0163828 0.94907 9.9991E-05 0.0344471
0.0660138 0.850429 9.9991E-05 0.0834571
0.0385343 0.908977 0.00977318 0.0427155
0.0393997 0.899712 9.9991E-05 0.060788
0.022651 0.923781 9.9991E-05 0.0534679
9.9991E-05 0.933633 0.00185221 0.064415
0.00210392 0.781499 0.104431 0.111967
9.9991E-05 0.892161 0.03354 0.0741993
0.0536117 0.759875 0.0729972 0.113516
9.9991E-05 0.92378 0.058774 0.0173459
0.00211656 0.994452 0.00333124 9.9991E-05
9.9991E-05 0.913032 0.0249242 0.0619439
9.9982E-05 0.998995 0.000804997 9.9982E-05
9.9982E-05 0.957645 9.9982E-05 0.0421549
9.9991E-05 0.904894 0.0300251 0.0649805
9.9991E-05 0.940132 0.0171788 0.0425896
9.9991E-05 0.873493 0.0717668 0.0546406
9.9991E-05 0.834957 0.0481344 0.116809
9.9991E-05 0.832309 0.0786834 0.0889079
0.339447 0.161243 9.9991E-05 0.49921
0.137879 0.137896 9.9991E-05 0.724125
0.142859 0.139794 0.0365202 0.680827
0.702463 0.0836946 0.125126 0.0887169
0.269593 0.152876 9.9991E-05 0.577431
0.693387 0.129732 0.137104 0.039776
0.1796 0.0654064 0.135433 0.61956
0.328658 0.176592 9.9991E-05 0.494649
0.224681 0.20081 9.9991E-05 0.574409
0.244494 0.102022 9.9991E-05 0.653384
0.331904 0.160301 9.9991E-05 0.507695
0.157822 0.105753 0.0516731 0.684752
0.256826 0.166583 9.9991E-05 0.576491
0.781049 0.00883425 0.130045 0.0800722
0.797681 0.126507 0.0757119 9.9991E-05
0.658058 0.116674 0.110827 0.114441
0.128414 0.194801 0.00901589 0.667769
0.364458 0.0655308 0.0893719 0.480639
0.182213 0.0869242 0.040091 0.690772
0.130242 0.124273 0.09775 0.647735
0.107687 0.246721 0.140281 0.505311
0.0308934 0.209309 0.184412 0.575386
0.217304 0.415595 0.166158 0.200942
0.132452 0.170229 0.0479467 0.649372
0.164788 0.25372 0.0754557 0.506036
0.344986 0.418635 0.236279 9.9991E-05
0.161769 0.285504 0.257328 0.2954
0.117662 0.3905 0.17097 0.320868
0.0851613 0.393951 0.0679105 0.452977
0.0992999 0.195318 0.11039 0.594992
0.0681923 0.203599 0.12152 0.606689
0.0512561 0.178222 0.132051 0.638471
0.162963 0.179434 0.18599 0.471614
0.0814806 0.522207 0.106436 0.289876
