0.0459701 9.9982E-05 0.0364005 0.881556 0.0358734 9.9982E-05
9.9973E-05 9.9973E-05 9.9973E-05 0.947772 0.00402665 0.047901
0.0556381 0.0480006 0.0877542 0.808407 9.9982E-05 9.9982E-05
0.0781538 0.0159596 0.122215 0.783472 9.9982E-05 9.9982E-05
0.0193176 0.0574666 0.0567957 0.86622 9.9982E-05 9.9982E-05
0.0893105 9.9991E-05 0.116893 0.57624 0.0531983 0.164259
0.0261879 9.9982E-05 0.0276658 0.852846 9.9982E-05 0.0931001
0.0904687 9.9982E-05 0.0390604 0.727232 9.9982E-05 0.143039
0.120007 9.99729E-05 9.99729E-05 0.809086 9.99729E-05 0.0706069
0.0342128 0.101399 0.0575183 0.691988 9.9991E-05 0.114782
0.0997596 0.00822359 9.9982E-05 0.750995 9.9982E-05 0.140822
0.440955 0.232698 0.0743655 9.9982E-05 0.251781 9.9982E-05
0.335284 0.522823 0.0796782 9.9982E-05 9.9982E-05 0.0620151
0.38565 0.215706 0.122431 0.0194485 0.114878 0.141887
0.314044 0.292286 0.147678 0.0701339 0.143696 0.032162
0.17681 0.427194 0.086302 0.162963 0.0959972 0.0507337
0.0867746 0.643023 0.056799 0.0118041 0.100813 0.100787
0.226393 0.407038 0.0779634 9.9991E-05 0.187312 0.101193
0.352973 0.265016 0.116816 0.0816614 0.183435 9.9991E-05
0.643634 9.9991E-05 0.076789 0.0164567 0.163742 0.0992786
0.342832 0.36273 0.0730239 0.0237346 0.127075 0.0706041
0.189106 0.492156 0.0418195 0.0236327 0.040039 0.213246
0.27272 0.518416 0.0664039 9.9991E-05 0.141414 0.000946369
0.425153 0.281414 0.10312 9.9991E-05 0.168115 0.0220985
0.062157 0.67751 0.0795282 0.113945 0.00847906 0.0583808
0.186353 0.532898 0.125268 0.0085488 0.0358741 0.111058
0.453334 0.193765 0.09666 0.0117229 0.190857 0.0536621
0.440509 0.173568 0.214735 9.9991E-05 0.137038 0.0340494
0.449327 0.260219 0.0043972 9.9991E-05 0.0956581 0.190299
9.9973E-05 0.140466 0.0367975 0.822436 9.9973E-05 9.9973E-05
9.9964E-05 0.166616 9.9964E-05 0.832984 9.9964E-05 9.9964E-05
0.0262903 0.149591 0.0140604 0.809858 9.9982E-05 9.9982E-05
9.9982E-05 0.113151 0.0748649 0.759654 0.0521301 9.9982E-05
0.112336 0.548787 9.9982E-05 0.0564349 0.282242 9.9982E-05
0.0449923 0.480923 0.128338 0.0323898 0.261015 0.0523418
9.9991E-05 0.541619 0.0132803 0.080241 0.332474 0.0322855
0.643575 0.152764 0.044206 0.0286037 0.053704 0.0771475
9.9991E-05 0.288265 0.0467835 0.0427266 0.593944 0.0281815
0.129961 0.515792 0.0484109 0.0892023 0.216534 9.9991E-05
9.9991E-05 0.695077 0.0977071 0.0186906 0.187767 0.000657545
0.111403 0.566678 0.0722536 0.125996 0.123569 9.9991E-05
0.0827706 0.67352 9.9991E-05 0.0863098 0.0848681 0.0724312
0.150558 0.0873707 9.9991E-05 0.0121974 0.744796 0.00497794
0.0721203 0.517326 0.097292 0.0572908 0.0801749 0.175796
9.9991E-05 0.527295 0.109434 0.017754 0.28577 0.0596472
9.9991E-05 0.52567 0.0897325 0.120937 0.212906 0.0506543
9.9973E-05 0.293557 9.9973E-05 9.9973E-05 0.648412 0.0577306
9.9982E-05 0.65846 9.9982E-05 0.0692001 0.183118 0.0890221
0.0188052 0.590572 0.0657347 0.0539901 0.187528 0.0833699
9.9973E-05 9.9973E-05 9.9973E-05 0.0762294 0.534155 0.389315
0.410991 0.197469 0.025937 9.9991E-05 0.224566 0.140937
0.203249 0.0185991 0.0685863 9.9991E-05 0.272129 0.437337
0.143505 0.545534 0.0899746 0.0607446 0.098634 0.0616084
9.9982E-05 0.627269 0.113902 0.102006 9.9982E-05 0.156623
9.9991E-05 0.550295 0.124231 0.0885633 0.0729682 0.163843
0.363247 0.10356 0.0128058 0.133403 0.30699 0.0799941
0.241307 0.609009 9.9991E-05 0.0290919 0.081374 0.0391181
0.124827 0.552057 0.0697665 0.0811264 0.100263 0.0719601
0.214634 0.390628 9.9991E-05 0.0998314 0.192756 0.102051
0.369595 0.0285593 0.0928328 0.166767 0.140156 0.20209
0.173689 0.56535 9.9982E-05 0.112393 0.148367 9.9982E-05
0.375708 0.406081 0.0734992 0.0298927 0.0968262 0.0179934
0.51481 0.0649208 9.9991E-05 0.0172224 0.260589 0.142358
0.167207 0.457137 0.0684452 9.9991E-05 0.161534 0.145577
0.0712833 0.603542 0.0815963 0.00184077 0.0502606 0.191477
0.107998 0.552086 0.0679361 0.124552 9.9991E-05 0.147328
0.268144 0.216367 0.0595759 0.0700801 0.248401 0.137433
0.175139 0.505772 0.0385269 9.9991E-05 0.0976919 0.18277
0.246353 0.536049 0.0790516 0.0318545 0.0170504 0.0896425
0.381067 0.245262 9.9982E-05 9.9982E-05 0.109174 0.264297
0.0227938 0.534483 0.000146672 9.9982E-05 0.442376 9.9982E-05
0.0808148 0.124472 0.0151563 0.0048961 0.774561 9.9991E-05
0.0995168 0.555846 0.0438117 0.0493544 0.172881 0.0785901
9.9964E-05 9.9964E-05 9.9964E-05 9.9964E-05 0.880682 0.118918
0.00590303 9.9973E-05 9.9973E-05 9.9973E-05 0.872789 0.121008
9.9973E-05 0.208972 9.9973E-05 9.9973E-05 0.761229 0.029499
0.0462283 0.400414 9.9982E-05 0.0524105 0.500747 9.9982E-05
0.0871102 0.50592 0.0951902 0.14314 0.16854 9.9991E-05
0.00284677 0.339276 0.0885657 9.9982E-05 0.569112 9.9982E-05
0.17566 0.0579919 0.0461327 0.0115186 0.708597 9.9991E-05
0.229187 0.186005 9.9982E-05 0.0320092 0.552599 9.9982E-05
0.0673223 0.498146 0.0910375 0.0997972 0.243597 9.9991E-05
0.0744672 0.156704 0.0877462 0.0013518 0.679631 9.9991E-05
9.9982E-05 0.366054 9.9982E-05 0.0896215 0.536236 0.00788874
9.9982E-05 0.339187 9.9982E-05 0.0391717 0.609686 0.0117561
0.0078931 9.9973E-05 9.9973E-05 9.9973E-05 0.771317 0.22049
0.0295586 0.617432 0.0048608 0.0779142 0.237766 0.0324683
0.0590812 0.0986137 0.0260006 0.816104 9.9982E-05 9.9982E-05
9.9964E-05 0.105501 9.9964E-05 0.894099 9.9964E-05 9.9964E-05
9.9973E-05 0.0933291 0.0207405 0.885631 9.9973E-05 9.9973E-05
9.9982E-05 0.0478706 0.0312115 0.915558 0.00516032 9.9982E-05
9.9973E-05 0.118536 9.9973E-05 0.868976 9.9973E-05 0.0121882
9.9982E-05 0.0504868 0.00903511 0.91158 9.9982E-05 0.028698
0.00501507 0.023412 0.0521804 0.919193 9.9982E-05 9.9982E-05
0.17317 0.508855 0.0267186 0.095799 0.161153 0.0343041
0.0889986 0.584246 0.0755771 0.108351 0.142727 9.9991E-05
0.0879705 0.0383434 9.9982E-05 0.0360934 0.837393 9.9982E-05
0.0604047 0.480123 0.128484 0.0931622 0.211026 0.0267999
0.0969711 0.447813 9.9982E-05 0.0212579 0.433758 9.9982E-05
0.0396127 0.647695 9.9991E-05 0.0171851 0.239827 0.0555797
9.9973E-05 0.529445 9.9973E-05 9.9973E-05 0.31021 0.160045
9.9991E-05 0.389365 0.0942676 0.0144617 0.440389 0.0614173
0.185202 9.9982E-05 9.9982E-05 0.0625901 0.711141 0.0408671
0.0237355 0.532616 0.015182 0.179568 0.1422 0.106697
0.0201659 0.645866 0.0121841 0.0698582 0.251826 9.9991E-05
0.128821 0.501265 0.0522209 0.115046 0.19823 0.00441677
9.9982E-05 0.266642 0.0512152 9.9982E-05 0.506036 0.175907
9.9973E-05 0.5262 9.9973E-05 9.9973E-05 0.401902 0.0715977
0.0775511 0.381498 0.0442157 9.9991E-05 0.495446 0.00118964
9.9973E-05 0.229162 0.105018 9.9973E-05 0.66552 9.9973E-05
0.0931024 0.445169 9.9991E-05 0.057698 0.371026 0.0329045
0.148641 0.604681 0.0121697 0.113097 0.121312 9.9991E-05
0.320218 0.262977 0.0431151 9.9991E-05 0.12687 0.246719
0.378324 0.372219 0.084594 0.0992682 0.0478762 0.0177188
0.142826 0.540392 0.0372615 0.13959 0.0596436 0.0802874
0.0924964 0.552208 0.0969557 0.0807858 0.177454 9.9991E-05
0.345961 0.499411 9.9991E-05 0.0569556 0.0351212 0.062452
0.312955 0.596605 0.0450439 9.9982E-05 0.0451958 9.9982E-05
0.41202 0.544461 9.9982E-05 0.0261286 0.0171907 9.9982E-05
0.140076 0.531646 0.0196458 0.0794048 0.0672183 0.16201
0.258908 0.479832 0.133966 0.0400809 0.0109677 0.0762452
0.192208 0.645605 0.000848533 0.0243772 0.0943038 0.0426576
0.39484 0.556677 9.9982E-05 0.00555642 0.0427265 9.9982E-05
0.112157 0.687343 0.0318617 0.0575157 0.0201046 0.0910182
0.0763635 0.492756 0.111249 0.108559 0.108884 0.102189
0.244038 0.473378 0.132952 9.9982E-05 0.149431 9.9982E-05
0.108486 0.548293 0.0997183 0.0229398 9.9991E-05 0.220463
0.178512 0.51702 0.0766693 0.0267116 0.090827 0.110261
0.206462 0.406121 9.9982E-05 0.0929699 9.9982E-05 0.294247
0.234288 0.595326 0.0447264 0.00235148 0.101729 0.021579
0.128725 0.734484 9.9982E-05 0.0255455 9.9982E-05 0.111046
0.411218 0.238449 0.0288987 9.9991E-05 0.193482 0.127853
0.281086 0.180674 0.0761032 9.9991E-05 0.0655752 0.396462
0.237726 0.576621 0.0387513 0.0142166 0.0808829 0.0518017
0.275246 0.0253161 0.0790282 9.9991E-05 0.217449 0.40286
0.429458 0.255764 0.0102728 0.0274977 0.231187 0.0458208
0.276884 0.451309 9.9982E-05 9.9982E-05 0.262098 0.00950826
0.459789 0.371495 9.9982E-05 9.9982E-05 0.158329 0.010187
0.430017 0.284307 0.0879664 9.9991E-05 0.131067 0.0665426
0.134409 0.593005 0.0644714 0.0668213 0.00777268 0.133521
0.142589 0.496927 0.0909217 0.0590956 0.147748 0.0627186
0.195471 0.460692 0.0627871 0.127391 0.153559 9.9991E-05
0.329813 0.125889 0.0861604 9.9991E-05 0.212965 0.245073
0.0950402 0.547736 0.0210238 0.115193 0.0714981 0.14951
0.0301442 0.474709 0.114271 0.0112531 0.072335 0.297288
0.0765506 9.9982E-05 9.9982E-05 0.129638 0.150579 0.643033
9.9991E-05 0.61142 0.0812082 0.0798076 0.122485 0.104979
0.0677776 0.361047 0.00934418 0.134193 0.170449 0.257189
9.9991E-05 0.545593 0.0381356 0.138362 0.0610798 0.216729
0.0888915 0.314693 9.9991E-05 0.104427 0.0113837 0.480505
0.189322 0.243754 9.9991E-05 0.0638345 0.0229567 0.480032
0.140204 0.55204 9.9991E-05 0.00154598 0.00943508 0.296676
0.0875681 0.479885 0.0756674 0.0745011 0.0749764 0.207402
0.173657 0.350584 0.0296993 0.134995 0.0899721 0.221093
0.11318 9.9991E-05 0.176954 0.0281594 0.285556 0.39605
0.0559036 0.659482 0.0788351 0.0724959 9.9991E-05 0.133183
0.116062 0.398809 9.9982E-05 9.9982E-05 0.106817 0.378111
0.120253 0.47358 9.9982E-05 9.9982E-05 0.11312 0.292847
0.0592005 0.607407 0.0546792 0.139417 0.0429461 0.0963509
0.0416948 0.0943441 0.28774 0.302389 0.0170851 0.256747
9.9973E-05 9.9973E-05 0.163955 0.536537 9.9973E-05 0.299207
9.9973E-05 9.9973E-05 0.157945 0.39504 9.9973E-05 0.446715
0.0556882 0.0784319 0.356594 0.361692 9.9991E-05 0.147494
9.9973E-05 0.718019 9.9973E-05 9.9973E-05 0.016895 0.264786
0.0888373 0.527534 0.0268453 0.0956136 0.0484995 0.21267
9.9964E-05 0.321926 0.677674 9.9964E-05 9.9964E-05 9.9964E-05
0.0811567 0.158264 0.529345 9.9982E-05 0.231034 9.9982E-05
0.0200787 0.42654 0.354831 0.0699655 0.0853249 0.0432598
9.9982E-05 0.312836 0.0339588 9.9982E-05 0.0753104 0.577695
0.0944204 0.371473 0.112853 0.0693611 0.195028 0.156864
9.9964E-05 0.258894 9.9964E-05 9.9964E-05 9.9964E-05 0.740707
0.0130012 0.636755 0.0427759 0.0410688 0.0124888 0.25391
0.0818129 0.487295 0.0288511 0.0520381 9.9991E-05 0.349903
0.0342083 0.638075 9.9982E-05 9.9982E-05 0.0181386 0.309378
0.0479014 0.212771 0.0366635 9.9991E-05 0.132094 0.57047
0.0244188 0.758288 0.0278301 0.0171914 0.0412896 0.130983
0.047503 0.538017 0.107316 0.0768672 0.156431 0.0738657
9.9973E-05 0.017696 0.970055 9.9973E-05 9.9973E-05 0.011949
0.00357608 0.0761489 0.889287 9.9982E-05 0.0307882 9.9982E-05
0.0595056 0.172244 0.609425 0.0286498 0.130075 9.9991E-05
9.9964E-05 0.302871 0.696729 9.9964E-05 9.9964E-05 9.9964E-05
9.9982E-05 0.0699581 0.790096 0.0574504 0.0822955 9.9982E-05
9.996E-05 9.996E-05 0.9995 9.996E-05 9.996E-05 9.996E-05
0.0618638 9.9964E-05 0.937736 9.9964E-05 9.9964E-05 9.9964E-05
9.9964E-05 0.142772 0.856828 9.9964E-05 9.9964E-05 9.9964E-05
0.0162277 0.00112472 0.982348 9.9973E-05 9.9973E-05 9.9973E-05
9.996E-05 9.996E-05 0.9995 9.996E-05 9.996E-05 9.996E-05
9.996E-05 9.996E-05 0.9995 9.996E-05 9.996E-05 9.996E-05
0.0414484 0.199928 0.749554 0.00887022 9.9982E-05 9.9982E-05
0.0206802 0.0993911 0.798994 0.0588037 0.0220313 9.9991E-05
9.9964E-05 9.9964E-05 0.931842 9.9964E-05 0.0677577 9.9964E-05
0.122558 0.440926 0.39481 0.0415062 9.9982E-05 9.9982E-05
0.0540784 0.206001 0.660891 0.0606766 9.9991E-05 0.018253
0.0421835 0.179397 0.710231 0.0679882 9.9982E-05 9.9982E-05
0.0490026 0.086475 0.840805 0.023517 9.9982E-05 9.9982E-05
9.9964E-05 9.9964E-05 0.988529 0.0110709 9.9964E-05 9.9964E-05
9.9982E-05 0.0717161 0.890347 0.0346266 0.00311028 9.9982E-05
9.996E-05 9.996E-05 0.9995 9.996E-05 9.996E-05 9.996E-05
0.0881904 0.229178 0.627335 0.025717 0.0294794 9.9991E-05
9.99737E-05 9.99737E-05 0.961524 9.99737E-05 0.0264454 0.0117303
9.9982E-05 9.9982E-05 0.0373243 0.320048 0.0176178 0.62481
0.142653 0.426962 0.0899359 0.137118 9.9991E-05 0.203231
0.03844 0.419294 0.0480091 0.277393 0.0516909 0.165173
9.9991E-05 0.177027 0.10271 0.224833 0.0196789 0.475651
0.0242696 0.447143 0.21588 0.112425 9.9991E-05 0.200182
9.9991E-05 0.183845 0.0990859 0.23391 0.0641024 0.418956
9.9991E-05 0.458001 0.130811 0.231259 0.0959637 0.0838659
9.9982E-05 0.316009 0.166948 0.159811 9.9982E-05 0.357032
9.9991E-05 0.536503 0.0942064 0.172591 0.00136321 0.195237
9.9982E-05 0.284713 0.253818 0.166989 9.9982E-05 0.29428
0.00215508 0.444564 0.122238 0.198434 0.118437 0.114172
0.117593 0.0355501 9.9991E-05 0.828706 0.0139705 0.00408001
9.9973E-05 9.9973E-05 0.0705845 0.89556 9.9973E-05 0.0335551
0.0243224 9.9973E-05 9.9973E-05 0.967527 0.00785096 9.9973E-05
0.0380055 0.0203641 9.9973E-05 0.94133 9.9973E-05 9.9973E-05
0.0794006 0.0168564 0.0163611 0.887182 9.9982E-05 9.9982E-05
9.9973E-05 9.9973E-05 0.0734761 0.87475 9.9973E-05 0.0514736
0.016471 0.00821303 0.0834441 0.891672 9.9982E-05 9.9982E-05
9.9964E-05 9.9964E-05 9.9964E-05 0.882653 9.9964E-05 0.116947
0.0168513 0.0432054 0.0189577 0.904613 0.0162721 9.9991E-05
0.00958193 9.9982E-05 0.110764 0.823923 9.9982E-05 0.0555319
0.219287 9.9991E-05 0.00992719 0.612921 0.142993 0.0147719
0.3238 0.0346393 9.9982E-05 0.582661 0.0586995 9.9982E-05
0.301631 9.9982E-05 9.9982E-05 0.532976 0.0126996 0.152493
0.332742 9.9982E-05 9.9982E-05 0.490976 0.0730453 0.103037
0.119484 0.561199 9.9991E-05 0.0525011 0.219385 0.0473314
0.0806115 0.459114 0.0502048 0.0467591 0.308282 0.0550287
0.228989 0.573284 0.0362004 9.9982E-05 0.161326 9.9982E-05
0.30646 0.374331 9.9991E-05 0.0225557 0.257326 0.0392268
0.604613 0.216236 9.9982E-05 9.9982E-05 0.13506 0.0438908
0.023459 0.631966 9.9991E-05 0.0645264 0.253583 0.0263663
0.0672548 0.572999 9.9982E-05 9.9982E-05 0.295698 0.0638488
0.0721758 0.541293 9.9982E-05 9.9982E-05 0.325697 0.0606347
9.9982E-05 0.315317 0.0657503 9.9982E-05 0.602232 0.0165014
0.00174746 0.633957 9.9982E-05 0.112705 0.25139 9.9982E-05
0.113865 0.419729 9.9991E-05 0.00858376 0.455975 0.00174749
0.0376784 9.9973E-05 9.9973E-05 9.9973E-05 0.710153 0.251869
0.0784094 0.502408 9.9991E-05 0.15105 0.159337 0.108696
9.9982E-05 0.228875 0.0493557 9.9982E-05 0.492396 0.229174
0.0432437 0.45143 9.9982E-05 9.9982E-05 0.460279 0.0448474
0.175037 0.0972999 9.9982E-05 0.043341 0.684122 9.9982E-05
0.711007 0.0163867 9.9991E-05 0.14687 0.00881547 0.116822
0.684713 0.0696058 9.9982E-05 0.088845 9.9982E-05 0.156636
0.798001 9.9973E-05 9.9973E-05 0.0399719 9.9973E-05 0.161727
0.810902 9.9982E-05 9.9982E-05 0.105583 0.0451179 0.0381972
0.772081 0.0703121 0.00856224 9.9982E-05 9.9982E-05 0.148844
0.698329 0.104352 0.00709943 0.0706515 9.9991E-05 0.119468
9.9973E-05 0.0649494 0.0371683 0.897582 9.9973E-05 9.9973E-05
0.0984175 0.0321373 0.0748255 0.79442 9.9982E-05 9.9982E-05
0.0268829 0.0866353 0.121753 0.742525 9.9991E-05 0.0221045
0.0797898 0.0526823 0.128435 0.738893 9.9982E-05 9.9982E-05
0.0206109 0.0832816 0.0987395 0.797168 9.9982E-05 9.9982E-05
0.604363 9.9973E-05 9.9973E-05 0.35148 0.0438569 9.9973E-05
0.419609 9.9982E-05 9.9982E-05 0.462367 0.00821256 0.109611
0.456769 9.9991E-05 0.00814476 0.423812 0.0849229 0.0262515
9.9964E-05 0.179387 9.9964E-05 0.820213 9.9964E-05 9.9964E-05
0.488256 9.9982E-05 9.9982E-05 0.373198 0.105193 0.0331525
9.9982E-05 0.29628 0.335648 0.238607 9.9982E-05 0.129265
0.0486747 0.576449 0.218427 0.142539 0.0138095 9.9991E-05
9.9973E-05 0.6078 0.237548 0.154352 9.9973E-05 9.9973E-05
9.9991E-05 0.363678 0.209486 0.247846 0.0120399 0.16685
0.0834721 0.535917 0.0988443 0.215726 0.06332 0.00272116
9.9973E-05 9.9973E-05 0.301806 0.427603 9.9973E-05 0.270292
0.316931 0.425298 0.0124813 9.9991E-05 0.125293 0.119897
0.200716 0.386128 9.9991E-05 0.029117 0.111124 0.272816
0.495703 0.317848 0.00724026 0.0925995 0.0463108 0.0402982
0.122443 0.518669 9.9982E-05 9.9982E-05 0.106715 0.251973
0.231963 9.9973E-05 9.9973E-05 9.9973E-05 0.182303 0.585433
0.139907 0.600732 9.9991E-05 0.0812691 0.110464 0.067528
0.157845 0.536946 9.9991E-05 0.0236869 0.14278 0.138642
0.408575 0.417455 9.9991E-05 0.00228432 0.146363 0.025223
0.161034 0.635623 9.9982E-05 0.101915 9.9982E-05 0.101227
0.34482 0.115946 9.9982E-05 9.9982E-05 0.181715 0.357319
0.222389 0.496728 9.9982E-05 9.9982E-05 0.099039 0.181644
0.227653 0.554002 9.9991E-05 0.0106223 0.079935 0.127688
0.149385 0.362844 0.17707 0.150246 0.151166 0.0092884
0.268362 0.385945 0.0486024 9.9982E-05 9.9982E-05 0.296891
0.30302 0.405817 0.0632955 9.9991E-05 0.0914308 0.136337
0.0931603 0.442222 0.127305 9.9991E-05 0.142244 0.194969
0.151628 0.513838 9.9991E-05 0.010294 0.187614 0.136526
0.135568 0.608782 0.0916272 0.0422093 0.0856251 0.0361884
0.0926366 0.477174 0.102808 0.15734 0.146739 0.0233027
0.105965 0.582339 0.00525564 0.109924 0.0171254 0.179391
9.9973E-05 0.11146 0.0901046 0.798136 9.9973E-05 9.9973E-05
9.9982E-05 0.0527321 0.0494183 0.820549 0.0771007 9.9982E-05
0.0838128 0.0815161 0.0111873 0.762587 9.9991E-05 0.0607964
0.0258439 0.0459286 0.0238716 0.81356 0.090696 9.9991E-05
9.9964E-05 0.132589 9.9964E-05 0.867011 9.9964E-05 9.9964E-05
0.560226 0.140719 0.096756 9.9991E-05 0.0810859 0.121113
0.195264 0.494662 0.0702213 9.9991E-05 0.103519 0.136234
0.0245779 0.558138 0.0943479 0.18602 9.9991E-05 0.136816
0.216537 0.631197 0.0475526 0.00310034 0.0522569 0.049356
0.28376 0.587381 9.9991E-05 0.00527055 0.11757 0.00591921
0.296057 0.33982 0.0384457 9.9982E-05 9.9982E-05 0.325477
0.577478 0.027299 9.9991E-05 0.123822 0.0883758 0.182925
0.325028 0.564731 0.0207996 9.9991E-05 0.0238876 0.0654544
0.516682 0.172023 0.0334057 0.0646176 0.0257751 0.187497
0.182589 0.403336 0.0396819 9.9991E-05 0.119638 0.254655
0.531763 0.135597 0.0316319 0.118709 0.0543331 0.127967
0.258652 0.543741 0.0975123 0.0926382 0.00735676 9.9991E-05
0.518286 0.208841 9.9991E-05 0.0831154 0.130018 0.0596394
0.287608 0.317166 0.0506642 0.0158486 0.117262 0.211451
0.114895 0.425737 0.0408223 0.0490325 0.0691606 0.300354
0.0704967 0.360959 0.00395058 9.9982E-05 9.9982E-05 0.564394
0.0889335 0.577807 9.9991E-05 0.0589723 0.0823021 0.191885
9.9991E-05 0.437996 0.0435101 0.166852 0.240037 0.111505
0.135051 0.40476 9.9973E-05 9.9973E-05 9.9973E-05 0.459889
0.0928276 0.505802 0.0792276 0.0432264 0.0858856 0.193031
9.9973E-05 0.606892 9.9973E-05 0.0444436 9.9973E-05 0.348364
0.0533638 0.165336 9.9982E-05 9.9982E-05 0.0679723 0.713128
0.0319048 0.331969 9.9982E-05 9.9982E-05 0.0284968 0.60743
9.9964E-05 0.529585 9.9964E-05 9.9964E-05 9.9964E-05 0.470016
0.114848 0.203016 9.9982E-05 9.9982E-05 0.101453 0.580483
0.187493 0.467581 9.9982E-05 9.9982E-05 0.0257827 0.318943
0.624821 0.0914946 0.0524336 9.9991E-05 0.183888 0.047262
0.315067 0.327189 9.9982E-05 9.9982E-05 0.100362 0.257182
0.36844 0.249633 0.108969 0.0716918 0.201166 9.9991E-05
0.157042 0.579105 0.104562 0.0420631 9.9991E-05 0.117128
0.49793 0.225806 0.0187722 9.9991E-05 0.251653 0.00573929
0.12695 0.536223 0.0613768 0.028064 9.9991E-05 0.247286
0.220178 0.541923 0.112615 0.0702995 9.9991E-05 0.0548845
0.259306 0.563715 9.9982E-05 0.0913607 0.0854178 9.9982E-05
0.331067 0.434558 0.133718 0.0342341 0.0663231 9.9991E-05
0.351835 0.387068 0.0603943 0.0228061 0.177796 9.9991E-05
0.561278 0.200399 0.094104 9.9991E-05 0.133294 0.010825
0.395278 0.363048 0.0810428 9.9991E-05 0.0362615 0.12427
0.214222 0.583581 0.0906043 9.9982E-05 0.111393 9.9982E-05
0.121656 0.69628 9.9991E-05 0.0530672 0.013581 0.115316
0.279398 0.443861 9.9991E-05 0.0833852 0.0861443 0.107112
0.218838 0.546686 0.0720279 9.9991E-05 0.0816647 0.0806832
0.400655 0.430013 0.0315841 0.0609863 9.9991E-05 0.0766613
0.222367 0.721346 9.9982E-05 0.00616721 9.9982E-05 0.0499197
0.295572 0.471554 0.0232909 0.10124 0.108243 9.9991E-05
0.182004 0.535964 0.0896294 0.159066 0.0213811 0.0119559
9.9982E-05 0.389046 0.143482 0.357502 0.109771 9.9982E-05
0.0248607 0.470354 0.212009 0.161952 0.0513017 0.0795233
0.0801569 0.460926 0.217024 0.131154 0.027321 0.0834173
0.0608168 0.69627 0.063958 0.0372957 0.0441011 0.0975585
9.9982E-05 0.467931 0.208204 0.220416 0.103249 9.9982E-05
0.200637 0.460109 0.0182766 9.9991E-05 0.0743113 0.246566
0.0332805 0.506459 0.125426 0.1823 0.111171 0.0413641
9.9991E-05 0.00963406 0.141915 0.266087 0.142588 0.439675
0.113461 0.414294 0.288321 0.0650084 0.00533983 0.113576
0.0643793 0.502708 0.180685 0.100726 0.078464 0.073038
0.042004 0.483339 0.245668 0.0157835 0.110347 0.102859
0.132388 0.387012 0.119109 0.171168 0.00496271 0.185361
0.101008 0.509877 0.17595 0.159206 0.0414178 0.0125418
0.0279303 0.57684 0.122262 0.184428 9.9991E-05 0.0884393
9.9973E-05 9.9973E-05 0.194804 0.46937 9.9973E-05 0.335525
9.9991E-05 0.426348 0.268557 0.209067 0.0851819 0.0107458
9.9982E-05 0.570893 0.174083 0.188113 9.9982E-05 0.0667108
0.00461979 0.542274 0.0772443 0.19398 0.121511 0.060371
9.9973E-05 0.582744 0.183295 0.233661 9.9973E-05 9.9973E-05
0.193303 0.445981 0.110539 0.181156 0.0102562 0.058764
0.136572 0.371163 0.143916 9.9991E-05 0.124834 0.223414
0.09596 0.566426 0.0145718 0.0863102 0.0708046 0.165927
0.0812986 0.0725563 9.9982E-05 9.9982E-05 0.190978 0.654967
0.0936401 0.0655288 9.9982E-05 9.9982E-05 0.173111 0.66752
0.0860044 0.47765 0.0851566 0.0927738 0.0808982 0.177517
9.9982E-05 0.383718 0.311488 0.101674 9.9982E-05 0.202921
9.9991E-05 0.246692 0.414981 0.0156925 0.0495651 0.272969
9.9982E-05 0.138931 0.319993 0.186852 9.9982E-05 0.354023
9.9982E-05 0.349889 0.285172 0.179181 9.9982E-05 0.185558
9.9982E-05 0.135258 0.0902983 0.0411416 9.9982E-05 0.733102
9.9982E-05 0.270028 0.0398482 0.0876181 9.9982E-05 0.602306
0.0118231 0.549249 0.102909 9.9991E-05 0.0764477 0.259471
9.9991E-05 0.477752 0.133954 0.051551 0.0905749 0.246068
0.00589663 0.327619 0.0500517 0.0437027 0.0145807 0.55815
0.0340011 0.499404 0.0809799 0.112347 0.123041 0.150227
0.0753295 0.523051 0.118498 9.9982E-05 9.9982E-05 0.282921
0.126826 0.431228 0.111116 0.0491108 0.046291 0.235429
0.0775282 0.340681 9.9982E-05 9.9982E-05 0.191259 0.390332
0.140663 0.336687 0.0122453 9.9991E-05 0.168348 0.341957
0.0166493 0.662652 0.00815065 0.0419159 0.0373 0.233332
0.0732174 0.394479 0.0805282 9.9991E-05 0.113648 0.338027
0.0257091 0.340798 0.0988979 0.0455554 0.238993 0.250047
9.9973E-05 0.551945 9.9973E-05 9.9973E-05 0.029425 0.41833
0.0745685 0.292507 9.9982E-05 9.9982E-05 0.0982203 0.534504
9.9982E-05 0.614908 0.0139909 9.9982E-05 0.103017 0.267884
0.103429 0.234697 0.00203063 9.9991E-05 0.144719 0.515025
0.016534 0.511562 9.9973E-05 9.9973E-05 9.9973E-05 0.471604
0.0446282 0.561844 0.101517 9.9991E-05 0.0898125 0.202098
0.107853 0.481996 0.044512 9.9991E-05 0.122386 0.243154
9.9991E-05 0.510013 0.190849 0.0756384 0.0458816 0.177519
0.0716016 0.515617 0.103369 0.118858 9.9991E-05 0.190454
0.0781223 0.320409 0.275646 0.153435 9.9991E-05 0.172288
0.149045 0.375865 0.208211 0.147268 9.9991E-05 0.119511
0.125181 0.468166 0.203779 0.157104 9.9991E-05 0.0456699
0.0746924 0.461008 0.202251 0.157727 9.9991E-05 0.104222
0.00520496 9.9982E-05 0.181262 0.19229 9.9982E-05 0.621043
9.9982E-05 0.569782 0.205497 0.0923237 9.9982E-05 0.132198
9.9973E-05 9.9973E-05 0.181941 0.305773 9.9973E-05 0.511986
9.9991E-05 0.495475 0.248168 0.035898 0.0444946 0.175865
9.9973E-05 0.171788 9.9973E-05 9.9973E-05 0.243725 0.584187
0.05156 9.9973E-05 9.9973E-05 9.9973E-05 0.258166 0.689974
0.0293794 0.538349 9.9982E-05 9.9982E-05 0.0899869 0.342085
0.0325247 0.616634 0.0555259 9.9991E-05 0.12887 0.166345
0.0598896 0.426032 9.9982E-05 9.9982E-05 0.145389 0.368489
0.0375713 0.474974 9.9982E-05 9.9982E-05 0.292106 0.195149
9.9982E-05 0.620134 0.0166764 9.9982E-05 0.0703792 0.29261
9.9982E-05 0.0618237 0.0416856 0.806489 9.9982E-05 0.0898016
0.175506 9.9982E-05 0.0871602 0.716645 9.9982E-05 0.0204888
0.0448867 9.9973E-05 0.0564124 0.898401 9.9973E-05 9.9973E-05
9.9973E-05 0.0811933 9.9973E-05 0.899298 9.9973E-05 0.019209
0.083336 0.47475 0.0472769 0.0291638 0.365374 9.9991E-05
9.9982E-05 0.489316 0.0217121 9.9982E-05 0.423137 0.0656354
0.052264 0.413864 0.0357513 9.9982E-05 0.497921 9.9982E-05
9.9991E-05 0.614528 0.0251029 0.0750562 0.233405 0.0518075
0.00412134 0.585544 0.0042705 0.125881 0.0663645 0.213819
0.159823 0.17867 0.0364697 0.0376377 0.55896 0.0284403
0.00737367 0.617586 0.0459571 9.9982E-05 0.328883 9.9982E-05
0.0116444 0.229239 9.9991E-05 0.0177822 0.515676 0.225559
0.124372 0.492009 0.15616 0.227259 9.9982E-05 9.9982E-05
0.0243606 0.379189 0.116877 9.9982E-05 0.479374 9.9982E-05
0.190304 0.343758 9.9982E-05 0.00729693 0.45844 9.9982E-05
0.0563273 0.562118 0.00253446 9.9982E-05 0.37882 9.9982E-05
0.0874196 0.400701 9.9982E-05 0.00654518 0.505134 9.9982E-05
9.9982E-05 0.431394 0.0722806 9.9982E-05 0.408989 0.0871368
9.9982E-05 0.584692 9.9982E-05 0.0396663 0.287072 0.0883703
9.9973E-05 0.0371205 9.9973E-05 9.9973E-05 0.85943 0.10315
0.0505973 0.193771 0.0616687 9.9991E-05 0.555499 0.138363
0.0162208 0.28548 9.9982E-05 0.038283 0.659817 9.9982E-05
9.9964E-05 9.9964E-05 9.9964E-05 9.9964E-05 0.698829 0.300771
0.106787 0.512151 9.9991E-05 0.0399993 0.329676 0.0112867
9.9973E-05 0.120773 9.9973E-05 9.9973E-05 0.534394 0.344534
9.9964E-05 9.9964E-05 9.9964E-05 9.9964E-05 0.750978 0.248622
9.9982E-05 0.43435 0.0874165 0.0130005 0.465033 9.9982E-05
0.0965499 0.185922 9.9982E-05 0.04293 0.674398 9.9982E-05
0.0743667 0.366988 0.0797808 9.9982E-05 0.478665 9.9982E-05
0.000916924 0.617668 0.0412968 0.0671536 0.11086 0.162105
0.0674895 0.440165 0.0782699 9.9982E-05 0.413876 9.9982E-05
0.271147 0.328961 0.129253 9.9991E-05 0.0634589 0.20708
0.0430197 0.555186 0.00727652 0.00315833 0.391259 9.9991E-05
0.122516 0.464604 0.0276553 9.9982E-05 0.385024 9.9982E-05
9.9982E-05 0.274619 9.9982E-05 0.000656963 0.680321 0.0442035
0.0838599 0.415205 0.149385 0.0446819 0.197757 0.109111
0.26068 9.9991E-05 0.0168986 0.619273 0.032655 0.0703935
0.115925 0.0290299 9.9991E-05 0.764608 0.0516778 0.0386592
0.104928 9.9982E-05 9.9982E-05 0.7997 0.00292678 0.0922452
0.16693 9.9982E-05 9.9982E-05 0.81745 0.0134259 0.00199357
0.245723 0.0423121 9.9973E-05 0.711665 9.9973E-05 9.9973E-05
0.10549 0.079413 0.0202536 0.00168294 0.79306 9.9991E-05
0.122895 0.0811662 9.9982E-05 0.0668912 0.728848 9.9982E-05
9.9973E-05 0.0854326 9.9973E-05 9.9973E-05 0.794675 0.119592
0.0385139 0.484843 0.102645 0.0828694 0.200926 0.090203
0.0598292 0.613887 0.0048732 0.137845 0.101973 0.0815924
9.9982E-05 0.269878 9.9982E-05 0.0331509 0.599168 0.0976037
9.9973E-05 0.500241 0.0896713 9.9973E-05 0.409788 9.9973E-05
9.9982E-05 0.352064 0.0328178 0.0729641 0.541954 9.9982E-05
0.0719689 0.491051 9.9991E-05 0.00720639 0.409944 0.0197299
0.0473829 0.59031 0.112128 0.0285063 0.197021 0.0246519
0.104588 0.211238 0.0288526 9.9991E-05 0.619971 0.0352505
0.0453039 0.299713 9.9973E-05 9.9973E-05 0.654683 9.9973E-05
0.142857 0.356088 9.9973E-05 9.9973E-05 0.500755 9.9973E-05
0.039012 0.551209 0.0147845 0.138686 0.0804025 0.175906
0.0611631 0.376844 9.9982E-05 0.0190207 0.542772 9.9982E-05
0.0441729 0.442729 0.0483001 0.0217338 0.442964 9.9991E-05
9.9991E-05 0.400628 0.439503 0.065658 0.0834338 0.0106767
0.0274969 0.304168 0.431359 0.13342 0.021903 0.0816533
9.9982E-05 0.446638 0.424621 0.0978482 9.9982E-05 0.0306932
9.9982E-05 0.338476 0.438081 0.144966 9.9982E-05 0.0782768
0.0695504 0.500856 0.22968 0.131471 9.9991E-05 0.0683433
9.9991E-05 0.47567 0.0276359 0.00495048 0.263765 0.227879
9.9991E-05 0.0164532 0.678804 0.252592 0.0205447 0.0315061
9.9982E-05 0.356567 0.417544 0.206845 0.0188445 9.9982E-05
9.9991E-05 0.441658 0.134241 0.195249 0.0244038 0.204348
0.0400038 0.613371 9.9982E-05 0.138678 9.9982E-05 0.207747
0.119156 0.491444 0.0128014 0.120827 0.0496319 0.20614
9.9991E-05 0.646802 0.0302178 0.156325 0.0214011 0.145154
0.0493218 0.628522 9.9982E-05 0.0511465 9.9982E-05 0.27081
9.9973E-05 0.359355 0.41071 0.229635 9.9973E-05 9.9973E-05
0.182135 0.318926 0.386419 0.109345 0.00307427 9.9991E-05
9.9973E-05 0.432105 0.493566 0.0740291 9.9973E-05 9.9973E-05
0.0793011 0.435644 0.264659 0.134001 0.0316097 0.0547839
0.000195407 0.338508 0.522921 0.135714 9.9991E-05 0.00256189
0.0566775 0.482278 0.228834 0.177912 0.0282387 0.0260588
9.9991E-05 0.278413 0.513121 0.126873 0.012085 0.0694077
0.094235 0.458228 0.341759 0.0515767 0.0185328 0.0356681
9.9982E-05 0.561985 9.9982E-05 0.102252 0.0759382 0.259625
0.0717111 0.284581 0.378153 0.133528 0.0220754 0.109951
9.9982E-05 0.217754 0.598465 0.14888 9.9982E-05 0.0347021
0.183659 0.294962 0.344356 0.126689 0.0249899 0.0253441
0.216496 0.202538 9.9991E-05 0.17285 0.0734542 0.334561
0.0741664 0.560721 0.0850226 0.0370465 9.9991E-05 0.242943
0.0849907 0.390489 0.259947 0.172698 9.9991E-05 0.0917751
0.041956 0.634283 9.9982E-05 0.135686 9.9982E-05 0.187875
0.0436109 0.462896 9.9991E-05 0.170174 0.155189 0.168031
9.9991E-05 0.350812 0.209285 0.183928 0.126718 0.129157
9.9982E-05 0.40043 0.242472 0.229751 9.9982E-05 0.127147
9.9991E-05 0.621219 0.108847 0.0754269 0.0352744 0.159134
0.0814766 0.412566 0.319318 0.119397 0.0149165 0.0523261
9.9982E-05 0.41878 0.419974 0.0604615 0.100585 9.9982E-05
9.9982E-05 0.187909 0.588443 0.203211 9.9982E-05 0.0202367
0.0969054 0.521689 0.100932 0.0416924 0.0318955 0.206886
0.0802075 0.474146 9.9991E-05 0.0960299 0.0626485 0.286868
9.9991E-05 0.151627 0.0392732 0.0769156 0.0858007 0.646283
0.0955967 0.562467 0.043813 0.109261 0.188762 9.9991E-05
0.25937 0.48206 9.9982E-05 0.115745 9.9982E-05 0.142625
9.9991E-05 0.401306 0.167356 0.23757 0.0757079 0.11796
0.103798 0.365538 0.143287 0.0635747 0.104411 0.219391
9.9973E-05 9.9973E-05 0.209051 0.255038 9.9973E-05 0.535611
9.9973E-05 9.9973E-05 0.126423 0.267125 9.9973E-05 0.606152
0.0318138 0.31849 0.120894 0.136819 0.0107295 0.381253
9.9982E-05 0.0355397 0.186953 0.333552 9.9982E-05 0.443756
9.9973E-05 9.9973E-05 0.239341 0.423305 9.9973E-05 0.337054
0.0157046 0.397482 0.108229 0.104761 0.00508723 0.368736
9.9982E-05 0.448618 0.156936 0.216955 9.9982E-05 0.177291
9.9991E-05 0.197449 0.158266 0.277829 0.037542 0.328814
9.9982E-05 0.119937 0.120959 0.292646 9.9982E-05 0.466258
0.0660238 0.451828 0.157052 0.128267 9.9991E-05 0.196728
0.0240176 0.164822 0.120515 0.205234 0.046509 0.438903
9.9973E-05 9.9973E-05 0.0419671 0.445869 9.9973E-05 0.511864
0.140209 0.574451 0.131532 0.113864 9.9991E-05 0.0398436
0.0887726 0.294166 0.24658 0.182917 9.9991E-05 0.187464
9.9982E-05 0.350209 0.137173 0.327298 0.18512 9.9982E-05
9.9973E-05 0.584917 0.26588 0.148902 9.9973E-05 9.9973E-05
0.0358131 0.595378 0.124368 0.204944 9.9991E-05 0.0393973
9.9982E-05 0.517147 0.246095 0.115026 9.9982E-05 0.121532
0.0305018 0.369474 0.234259 0.338446 9.9991E-05 0.0272187
0.0204486 0.553357 0.125047 0.191345 0.0421468 0.0676559
9.9982E-05 0.411749 0.269443 0.236749 0.0818588 9.9982E-05
9.9991E-05 0.339304 0.215502 0.273904 0.0176331 0.153557
0.108238 0.219628 0.134721 0.202256 0.323446 0.0117116
0.187954 0.492915 0.124151 0.13668 0.0582005 9.9991E-05
0.125492 0.551302 0.126128 0.122043 0.0749342 9.9991E-05
9.9991E-05 0.685153 0.0631372 0.211951 0.0126009 0.0270577
0.0815967 0.353135 0.269836 0.251786 9.9991E-05 0.0435472
0.0328863 0.488596 0.172739 0.243525 9.9991E-05 0.0621538
9.9991E-05 0.136831 0.221603 0.341867 0.0614132 0.238186
0.0527685 0.568367 0.127246 0.184539 9.9991E-05 0.0669799
9.9982E-05 0.224621 0.285779 0.289397 9.9982E-05 0.200003
0.0984044 9.9982E-05 9.9982E-05 0.783387 0.0526389 0.0653702
0.817335 0.0403833 9.9982E-05 0.0649236 0.0771584 9.9982E-05
0.9995 9.996E-05 9.996E-05 9.996E-05 9.996E-05 9.996E-05
0.9995 9.996E-05 9.996E-05 9.996E-05 9.996E-05 9.996E-05
0.93761 0.0496804 0.0124096 9.9973E-05 9.9973E-05 9.9973E-05
0.905612 0.0355126 0.0585755 9.9973E-05 9.9973E-05 9.9973E-05
0.966612 0.0329877 9.9964E-05 9.9964E-05 9.9964E-05 9.9964E-05
0.940142 9.9964E-05 9.9964E-05 0.0594586 9.9964E-05 9.9964E-05
0.795496 9.9973E-05 0.0174437 0.186761 9.9973E-05 9.9973E-05
0.044503 0.0244941 0.0466042 0.870788 9.9991E-05 0.0135103
0.137761 0.0344675 0.0129609 0.814611 9.9982E-05 9.9982E-05
9.9982E-05 0.043888 0.0416272 0.901563 0.0127217 9.9982E-05
0.0878901 0.0324982 9.9982E-05 0.818422 9.9982E-05 0.0609897
0.025121 0.00457141 0.10049 0.869617 9.9982E-05 9.9982E-05
0.0582659 9.9991E-05 0.000152138 0.883826 0.0504222 0.00723341
0.0403393 0.0223641 0.136598 0.730603 0.0699956 9.9991E-05
9.9973E-05 0.0492329 0.0885126 0.861955 9.9973E-05 9.9973E-05
0.0998366 9.9982E-05 0.107278 0.694874 0.0978119 9.9982E-05
9.9973E-05 9.9973E-05 0.043243 0.920276 0.0361806 9.9973E-05
0.0312236 9.9964E-05 9.9964E-05 0.968377 9.9964E-05 9.9964E-05
0.040284 0.0188255 0.0811332 0.841712 9.9991E-05 0.0179454
9.9973E-05 0.031212 0.0089066 0.959582 9.9973E-05 9.9973E-05
9.9982E-05 0.0685953 0.00155137 0.92611 9.9982E-05 0.00354363
9.9973E-05 0.0700497 0.0409022 0.888748 9.9973E-05 9.9973E-05
9.9964E-05 0.12996 9.9964E-05 0.86964 9.9964E-05 9.9964E-05
9.9973E-05 0.105128 0.119226 0.775346 9.9973E-05 9.9973E-05
9.9973E-05 0.127776 0.102411 0.769513 9.9973E-05 9.9973E-05
9.9982E-05 0.11345 0.070672 0.806109 0.00956919 9.9982E-05
0.0831769 0.400849 9.9991E-05 0.156172 0.0866583 0.273044
0.0224692 0.682042 9.9991E-05 0.111019 0.0326207 0.151749
0.0702005 0.613409 0.00542982 0.166365 0.0187174 0.125878
0.0123862 0.204598 9.9991E-05 0.0359564 0.0444533 0.702506
0.0884561 0.620091 9.9982E-05 0.102737 9.9982E-05 0.188516
9.9982E-05 0.158985 0.0182692 0.170917 9.9982E-05 0.651629
9.9991E-05 0.659215 0.00238667 0.0595845 0.005387 0.273326
0.126257 0.44311 9.9991E-05 0.0732563 0.138146 0.21913
0.0899708 0.518256 9.9991E-05 0.0574441 0.0421352 0.292094
0.0271116 0.523085 9.9991E-05 0.0794696 0.291696 0.0785381
0.102724 0.434681 9.9991E-05 0.0725324 0.0613026 0.32866
0.0247828 0.659159 0.0911018 0.022498 0.00898041 0.193478
0.201201 0.571308 9.9991E-05 0.0630381 0.0121998 0.152153
0.493124 0.119437 0.0194263 9.9991E-05 0.0847496 0.283163
0.122939 0.00864826 9.9973E-05 9.9973E-05 9.9973E-05 0.868113
9.9973E-05 0.21728 9.9973E-05 0.0741747 9.9973E-05 0.708246
0.0151109 0.663451 0.0360094 0.147166 0.0495532 0.0887092
0.02863 0.579103 9.9982E-05 0.117343 9.9982E-05 0.274725
9.9982E-05 0.529759 9.9982E-05 0.175555 0.0739533 0.220532
0.0424356 0.673698 9.9991E-05 0.0998092 0.0922111 0.0917465
0.012525 0.634187 0.070358 0.201606 0.0264426 0.0548816
0.0733975 0.552921 0.182861 0.190621 9.9982E-05 9.9982E-05
0.177065 0.111262 0.164097 0.387262 0.0663155 0.0939982
0.0759847 0.610565 0.0316794 0.154729 9.9991E-05 0.126941
0.100753 0.456696 0.107965 0.196168 0.0701131 0.0683044
9.9973E-05 9.9973E-05 0.18982 0.381116 9.9973E-05 0.428764
9.9982E-05 0.36338 0.180355 0.29442 9.9982E-05 0.161645
0.0790146 0.321213 0.155303 0.334739 0.0722791 0.0374511
0.0869583 0.463989 0.0750973 0.32282 0.0510363 9.9991E-05
0.134659 0.456187 0.220045 0.107404 9.9991E-05 0.0816059
0.0550293 0.462438 0.216018 0.166121 0.0169968 0.0833972
0.0185928 0.676261 0.102508 0.106641 9.9991E-05 0.0958973
9.9991E-05 0.358037 0.148306 0.157651 0.157154 0.178751
9.9982E-05 0.30746 0.105037 0.49654 0.0907629 9.9982E-05
