0.0912055 9.9973E-05 9.9973E-05 0.864268 0.0442266 9.9973E-05
0.0838379 9.9982E-05 0.00427017 0.905597 9.9982E-05 0.00609498
0.0407229 0.084376 9.9982E-05 0.812753 0.0619484 9.9982E-05
0.127116 9.9973E-05 9.9973E-05 0.767343 0.105241 9.9973E-05
0.0362868 9.9982E-05 0.0148146 0.855121 0.0935779 9.9982E-05
0.100385 0.0178437 0.225477 0.564793 0.0914005 9.9991E-05
0.000416553 9.9991E-05 0.134078 0.799845 0.0517348 0.0138255
0.122486 9.9982E-05 0.0949096 0.744958 0.0374469 9.9982E-05
0.114017 9.99729E-05 0.0536908 0.831992 9.99729E-05 9.99729E-05
9.9982E-05 0.121595 0.142288 0.677989 0.0579277 9.9982E-05
0.0953081 0.0538082 0.136687 0.713996 9.9982E-05 9.9982E-05
0.422944 0.25715 0.0816824 9.9991E-05 0.0574424 0.180681
0.326069 0.549152 0.00131307 9.9991E-05 0.0406319 0.082734
0.492911 0.30398 0.151189 0.00941651 0.0424043 9.9991E-05
0.401873 0.2769 0.0289508 0.0458195 0.16207 0.0843876
0.217356 0.352388 0.0995593 0.0523113 0.186856 0.0915289
0.195611 0.526631 0.0600555 0.046521 0.129432 0.0417491
0.287746 0.40759 0.0962786 0.00281346 0.0909519 0.11462
0.317206 0.29333 9.9991E-05 0.144343 0.086954 0.158067
0.61801 0.0420358 0.156355 0.02092 0.0739105 0.0887689
0.290163 0.36629 0.0630734 0.00997335 0.0650858 0.205414
0.145038 0.453504 0.256825 9.9991E-05 0.125466 0.0190662
0.203332 0.584909 0.108456 9.9991E-05 0.051452 0.0517515
0.411996 0.182205 0.0717509 9.9991E-05 0.121621 0.212326
0.128465 0.642667 0.039543 0.0847824 0.0752371 0.0293053
0.264215 0.505743 0.0558006 9.9991E-05 0.145907 0.0282342
0.481389 0.154302 0.00188791 0.0102615 0.118118 0.234041
0.42375 0.0823749 0.0390589 0.00488823 0.239173 0.210755
0.426272 0.224889 0.164954 0.0166871 0.0518619 0.115336
9.9973E-05 0.113994 9.9973E-05 0.826915 0.0587909 9.9973E-05
9.9964E-05 0.144856 9.9964E-05 0.854744 9.9964E-05 9.9964E-05
9.9973E-05 0.144133 9.9973E-05 0.801314 0.0542529 9.9973E-05
9.9982E-05 0.0646861 9.9982E-05 0.754369 0.0660824 0.114662
0.0794676 0.655449 0.0607562 0.0511685 9.9991E-05 0.153059
0.0834592 0.528212 9.9991E-05 0.0296634 0.117831 0.240734
9.9982E-05 0.531376 9.9982E-05 0.0418921 0.0176545 0.408878
0.543149 0.119744 9.99981E-05 0.109647 0.0253833 0.201977
9.9982E-05 0.26374 0.0253888 9.9982E-05 0.0521359 0.658535
0.093759 0.479179 9.9991E-05 0.0387319 0.106661 0.28157
9.9982E-05 0.637877 0.0882178 0.0592083 9.9982E-05 0.214497
0.072851 0.507327 0.116637 0.0984559 0.00978966 0.194939
0.128752 0.610047 9.9982E-05 0.107748 9.9982E-05 0.153253
0.16227 0.107648 9.9982E-05 0.0586904 9.9982E-05 0.671192
0.0475972 0.557226 0.147577 0.0368571 0.0900438 0.120698
9.9991E-05 0.542535 0.0191634 0.0929949 0.0941163 0.25109
9.9991E-05 0.509799 0.0161857 0.144688 0.131836 0.197391
0.00666131 0.273506 0.037293 9.9982E-05 9.9982E-05 0.682339
9.9982E-05 0.541515 9.9982E-05 0.0492353 0.0719987 0.337051
0.0105958 0.6259 9.9991E-05 0.099985 0.105661 0.157758
9.9973E-05 9.9973E-05 0.276311 0.0823695 9.9973E-05 0.641019
0.385651 0.128262 0.169389 9.9982E-05 9.9982E-05 0.316499
0.18125 0.082948 0.454621 0.0234954 0.0451107 0.212574
0.139218 0.622719 0.07461 0.0773234 0.0391507 0.0469791
0.0471527 0.634946 0.0982403 0.0472731 0.100616 0.0717723
0.0656141 0.595043 0.155884 0.0127788 0.106496 0.0641834
0.343628 0.277503 0.121491 0.0785424 9.9991E-05 0.178736
0.287995 0.631746 0.0171657 9.9982E-05 9.9982E-05 0.0628934
0.124036 0.549576 0.0985887 0.0385127 0.108606 0.0806803
0.211261 0.35242 0.191599 0.12012 0.0301185 0.0944814
0.337316 0.101621 0.204008 0.194046 0.0512953 0.111714
0.116694 0.501651 9.9991E-05 0.0441958 0.0905799 0.246778
0.326418 0.326693 0.0773073 9.9991E-05 0.141556 0.127926
0.540041 9.9982E-05 0.194412 0.0389553 9.9982E-05 0.226391
0.258495 0.491718 0.145292 0.0103918 0.0569706 0.0371327
0.0485974 0.547435 0.174569 0.00779304 0.130226 0.0913804
0.153845 0.572637 0.0829979 0.0736846 0.0543042 0.0625312
0.312034 0.294013 0.053299 0.0198812 0.0877822 0.232991
0.165565 0.435974 0.137537 0.0153705 0.0934743 0.152079
0.163401 0.516858 0.0415468 0.067505 0.14179 0.0688995
0.365927 0.190822 0.20455 9.99891E-05 9.99891E-05 0.238502
0.0310851 0.499956 0.00651941 9.9982E-05 9.9982E-05 0.46224
0.0844625 0.219024 9.9982E-05 0.021629 9.9982E-05 0.674684
0.0713625 0.464067 0.075407 0.0586352 0.157192 0.173336
9.9973E-05 9.9973E-05 0.113301 0.00827371 9.9973E-05 0.878126
0.0396302 9.9982E-05 0.120854 0.00191167 9.9982E-05 0.837405
0.0241997 0.257586 0.00956579 9.9991E-05 0.013705 0.694843
0.120236 0.378969 9.9991E-05 0.00240694 0.0215051 0.476783
0.00127394 0.488069 9.9982E-05 0.211241 9.9982E-05 0.299216
0.0901491 0.313298 9.9982E-05 9.9982E-05 0.108257 0.488097
0.161273 0.122538 9.9991E-05 0.00431442 0.0330404 0.678734
0.220571 0.221362 9.9982E-05 0.0216578 9.9982E-05 0.53621
0.125524 0.546593 9.9991E-05 0.0660528 0.0650726 0.196658
0.101682 0.271403 9.9991E-05 0.00227131 0.0531977 0.571346
9.9982E-05 0.372114 0.0308842 0.0673672 9.9982E-05 0.529435
9.9973E-05 0.340919 0.12693 9.9973E-05 9.9973E-05 0.531851
9.9973E-05 9.9973E-05 0.296007 0.00758671 9.9973E-05 0.696107
0.0869125 0.536413 0.0300917 9.9991E-05 0.0899764 0.256506
0.0434567 0.130236 9.9982E-05 0.811747 0.0143603 9.9982E-05
9.9964E-05 0.109181 9.9964E-05 0.890419 9.9964E-05 9.9964E-05
9.9973E-05 0.116628 9.9973E-05 0.873653 0.00941875 9.9973E-05
9.9982E-05 0.0642999 9.9982E-05 0.922789 0.00707653 0.00563493
9.9973E-05 0.0995547 9.9973E-05 0.858399 9.9973E-05 0.0417464
0.0209852 9.9982E-05 9.9982E-05 0.872505 0.0580928 0.0482169
9.9964E-05 0.0891925 9.9964E-05 0.910408 9.9964E-05 9.9964E-05
0.0345643 0.530247 0.0175632 0.100237 0.0472814 0.270106
0.177826 0.397801 0.0216464 0.0480558 0.148639 0.206032
0.103166 0.000867126 0.0170947 0.0313675 9.9991E-05 0.847405
0.176738 0.429917 9.9991E-05 0.0493703 0.184787 0.159089
0.0609009 0.371202 9.9982E-05 0.0395394 9.9982E-05 0.528157
9.9982E-05 0.516436 9.9982E-05 0.0906943 0.0178718 0.374798
9.9973E-05 0.557637 0.0839777 9.9973E-05 9.9973E-05 0.358086
9.9982E-05 0.390487 9.9982E-05 0.0127748 0.10727 0.489269
0.205711 9.9982E-05 0.0296231 0.0329168 9.9982E-05 0.731549
0.102218 0.541959 0.132659 0.100661 0.0459945 0.0765078
9.9991E-05 0.606201 0.102566 0.0596525 0.036407 0.195074
0.0742334 0.576608 0.12182 0.0943109 0.100946 0.0320824
9.9973E-05 0.291302 0.158266 9.9973E-05 9.9973E-05 0.550132
9.9982E-05 0.533415 0.0188323 0.0235554 9.9982E-05 0.423997
0.115771 0.369708 9.9991E-05 0.0279259 0.030729 0.455766
9.9973E-05 0.184568 9.9973E-05 9.9973E-05 0.112494 0.702638
0.076597 0.436453 9.9982E-05 0.0491778 9.9982E-05 0.437572
0.0882757 0.591344 9.9991E-05 0.148857 0.00168874 0.169735
0.308131 0.287796 0.248765 0.00625374 0.0171137 0.131941
0.309659 0.344578 0.0203563 0.11138 0.119946 0.0940816
0.156254 0.4778 0.0143715 0.167562 0.065061 0.118951
0.113067 0.608355 0.0972749 0.0715898 0.109613 9.9991E-05
0.307526 0.55392 0.0200261 9.9982E-05 9.9982E-05 0.118329
0.280714 0.627922 0.0545765 9.9982E-05 0.0365872 9.9982E-05
0.394304 0.425375 9.9991E-05 0.0232574 0.044798 0.112166
0.166583 0.606133 0.0725456 0.0397914 9.9991E-05 0.114846
0.226958 0.473385 9.9991E-05 0.0632426 0.129684 0.106631
0.185113 0.619875 0.0865641 0.0397326 9.9991E-05 0.0686153
0.31039 0.514484 0.0366435 9.9982E-05 9.9982E-05 0.138282
0.127057 0.645318 0.104657 0.0404777 0.0804248 0.00206575
0.0624818 0.581096 0.183927 0.136079 0.0363164 9.9991E-05
0.208973 0.589095 9.9982E-05 9.9982E-05 0.100683 0.10105
0.0960686 0.557822 0.125022 0.0824888 0.132316 0.00628237
0.172907 0.519144 0.174167 9.9982E-05 0.133581 9.9982E-05
0.295982 0.471452 0.176862 0.0433143 0.0122902 9.9991E-05
0.177657 0.613126 9.9982E-05 9.9982E-05 0.0529907 0.156027
0.146907 0.64627 0.0689924 0.0478917 0.0898383 9.9991E-05
0.409235 0.150641 0.0255747 9.9991E-05 0.120011 0.294438
0.283675 0.170012 0.402842 9.9991E-05 0.0534329 0.0899384
0.26424 0.505138 0.103654 0.0579946 0.0688732 9.9991E-05
0.337196 0.0454844 0.380751 9.9991E-05 0.0646811 0.171787
0.365809 0.37344 0.0325511 0.0516124 0.00181693 0.17477
0.368738 0.475855 9.9973E-05 9.9973E-05 9.9973E-05 0.155107
0.416933 0.372813 9.9982E-05 0.0461003 9.9982E-05 0.163953
0.431318 0.277842 0.0413834 9.9991E-05 0.0571516 0.192205
0.0715324 0.666083 0.0723216 0.151441 9.9991E-05 0.038522
0.0521686 0.547697 0.177815 0.0596959 0.109461 0.0531634
0.160704 0.540071 0.0926082 0.107586 0.0123589 0.0866724
0.389067 0.0974153 0.275139 9.9991E-05 0.104441 0.133839
0.0807676 0.466723 0.0746301 0.146257 0.0242424 0.20738
0.0273576 0.544379 0.263843 0.0580503 0.0179398 0.0884309
0.116944 9.9982E-05 0.527251 0.148055 9.9982E-05 0.207551
0.0171806 0.67463 0.135097 0.0925468 0.0253193 0.0552262
9.9991E-05 0.366201 0.27049 0.125398 0.0371356 0.200675
0.0696643 0.427114 0.149739 0.0932733 0.119669 0.140541
0.0844584 0.352174 0.399499 0.120443 9.9991E-05 0.0433253
0.158406 0.254945 0.520318 0.0661315 9.9982E-05 9.9982E-05
0.124719 0.48778 0.247777 0.0412035 9.9991E-05 0.09842
0.140277 0.563483 0.173086 0.0946646 9.9991E-05 0.0283893
0.143964 0.302215 0.133016 0.137453 0.127083 0.156269
0.10209 0.00463742 0.485752 0.0485921 0.192199 0.166729
0.0606767 0.510363 0.285363 0.135022 9.9991E-05 0.00847633
0.130583 0.387535 0.284899 9.9982E-05 9.9982E-05 0.196783
0.0456494 0.521013 0.255814 9.9991E-05 0.0133487 0.164075
0.0223033 0.628088 0.134567 0.131643 9.9991E-05 0.0832989
9.9991E-05 0.129453 0.217982 0.343995 0.221137 0.087332
9.9973E-05 9.9973E-05 0.352463 0.525096 0.122141 9.9973E-05
9.9973E-05 9.9973E-05 0.441621 0.415437 0.142643 9.9973E-05
0.00874309 0.0592221 0.254461 0.398364 0.27911 9.9991E-05
9.9964E-05 0.704689 0.294911 9.9964E-05 9.9964E-05 9.9964E-05
0.186655 0.503003 0.117602 0.0998749 0.0585105 0.0343542
0.0428289 0.192534 9.9982E-05 9.9982E-05 0.704504 0.0599333
0.118024 0.278234 9.9991E-05 0.00914129 0.465077 0.129424
0.033299 0.3039 0.0998874 0.0613712 0.438272 0.063271
0.0123196 0.334302 0.556436 9.9991E-05 0.0101451 0.0866971
0.032636 0.611075 0.117325 0.131196 0.0269219 0.0808469
0.00814986 0.238672 0.656034 9.9982E-05 9.9982E-05 0.096944
0.0165617 0.612323 0.205726 9.9982E-05 9.9982E-05 0.165189
0.0193428 0.463366 0.311301 0.034004 9.9991E-05 0.171887
0.0720946 0.578472 0.265385 0.00381632 0.0596986 0.0205333
0.0632113 0.230324 0.605707 9.9982E-05 9.9982E-05 0.100558
0.129426 0.61089 9.9982E-05 9.9982E-05 0.143285 0.1162
9.9991E-05 0.500492 0.246893 0.119649 0.0406564 0.0922099
9.996E-05 9.996E-05 9.996E-05 9.996E-05 0.9995 9.996E-05
9.99733E-05 0.0324363 9.99733E-05 9.99733E-05 0.87407 0.0931941
0.0341231 0.231454 9.9991E-05 0.0393503 0.60343 0.091542
0.0376336 0.259082 9.9982E-05 0.0315178 0.671566 9.9982E-05
9.9982E-05 0.122513 0.0169123 0.0588899 0.801485 9.9982E-05
0.000174222 9.9964E-05 9.9964E-05 9.9964E-05 0.999426 9.9964E-05
9.9964E-05 9.9964E-05 9.9964E-05 9.9964E-05 0.931948 0.0676521
9.9964E-05 0.130457 9.9964E-05 9.9964E-05 0.869143 9.9964E-05
0.0284937 9.9973E-05 9.9973E-05 9.9973E-05 0.967416 0.00379002
9.996E-05 9.996E-05 9.996E-05 9.996E-05 0.9995 9.996E-05
9.996E-05 9.996E-05 9.996E-05 9.996E-05 0.9995 9.996E-05
0.0714406 0.129919 9.9973E-05 9.9973E-05 0.798341 9.9973E-05
0.0239505 0.0603977 0.00592723 0.0601218 0.849503 9.9991E-05
9.9964E-05 9.9964E-05 9.9964E-05 9.9964E-05 0.992412 0.00718783
0.0987519 0.207644 0.0125271 0.0489438 0.506926 0.125208
0.0602946 0.282938 9.9982E-05 0.0508077 0.605759 9.9982E-05
9.99819E-05 0.180659 9.99819E-05 0.0753321 0.743709 9.99819E-05
0.0581776 0.0164558 9.9982E-05 0.0141992 0.910967 9.9982E-05
9.996E-05 9.996E-05 9.996E-05 9.996E-05 0.9995 9.996E-05
9.9973E-05 0.0700207 9.9973E-05 0.0631545 0.866525 9.9973E-05
9.996E-05 9.996E-05 9.996E-05 9.996E-05 0.9995 9.996E-05
0.0928149 0.280165 9.9991E-05 0.0096211 0.597875 0.0194245
0.0243976 0.0677461 9.9991E-05 0.0272665 0.878329 0.00216116
9.9982E-05 9.9982E-05 0.616825 0.314012 0.050754 0.0182085
0.158946 0.430516 0.185756 0.13836 0.0863222 9.9991E-05
0.0254549 0.427932 0.182085 0.221828 0.0864192 0.0562804
9.9982E-05 0.230264 0.464595 0.239196 0.0657452 9.9982E-05
0.023609 0.462315 0.253952 0.144951 0.115073 9.9991E-05
9.9991E-05 0.221595 0.443584 0.257495 0.0744462 0.00278055
0.0864431 0.492615 0.157994 0.127709 0.0967685 0.0384696
9.9991E-05 0.292632 0.294637 0.136651 0.225031 0.0509492
9.9982E-05 0.525615 0.207314 0.182866 0.0840052 9.9982E-05
9.9982E-05 0.28744 0.396783 0.0801493 0.235428 9.9982E-05
9.9991E-05 0.477084 0.173039 0.287395 0.00981892 0.0525627
0.0879627 0.0449899 9.9982E-05 0.829224 9.9982E-05 0.0376229
9.9982E-05 0.00426929 0.0013711 0.902818 0.091342 9.9982E-05
0.0142816 0.00117107 9.9973E-05 0.984247 9.9973E-05 9.9973E-05
0.0250366 0.0323552 9.9973E-05 0.942308 9.9973E-05 9.9973E-05
0.0839935 0.0125562 9.9973E-05 0.90315 9.9973E-05 9.9973E-05
9.9982E-05 9.9982E-05 0.0415342 0.863879 0.0890498 0.0053368
0.0141267 0.0538842 9.9982E-05 0.892416 0.0393728 9.9982E-05
0.0136807 9.9982E-05 0.0665611 0.864819 9.9982E-05 0.0547389
9.9982E-05 0.000686532 9.9982E-05 0.925842 0.0086733 0.0645984
0.0142551 9.9982E-05 0.0467065 0.831803 0.107035 9.9982E-05
0.241166 9.9973E-05 9.9973E-05 0.598953 9.9973E-05 0.159581
0.283045 9.9973E-05 9.9973E-05 0.608432 9.9973E-05 0.108223
0.328776 9.9982E-05 0.171752 0.498561 9.9982E-05 0.000710449
0.330358 9.9982E-05 0.0494038 0.489315 9.9982E-05 0.130724
0.145558 0.539029 9.9982E-05 0.0343792 9.9982E-05 0.280834
0.0856111 0.491861 9.9991E-05 0.0279041 0.0211162 0.373408
0.224123 0.49833 0.0725063 9.9991E-05 0.0524783 0.152462
0.148609 0.416996 0.151513 0.047906 9.9991E-05 0.234876
0.596873 0.197164 0.0809764 9.9982E-05 9.9982E-05 0.124787
0.0465853 0.56823 0.0313014 0.0325832 0.0969833 0.224317
0.0336433 0.522831 0.0365785 9.9991E-05 0.0227468 0.3841
0.0389506 0.581421 0.0819179 9.9991E-05 0.0245386 0.273072
9.9991E-05 0.336358 0.0702892 0.0038722 0.0571653 0.532216
0.177483 0.628987 0.0410359 0.0220783 0.0682212 0.0621949
0.146702 0.42096 0.0301977 9.9991E-05 0.000505264 0.401536
0.0854389 9.9973E-05 0.2222 9.9973E-05 9.9973E-05 0.692061
0.155233 0.537738 0.0656498 0.0291445 9.9991E-05 0.212135
0.00428769 0.205684 0.258068 9.9991E-05 0.0168243 0.515036
0.0912896 0.359401 0.00236044 0.00788859 0.0910493 0.448011
0.173177 0.0745626 9.9982E-05 0.0203266 9.9982E-05 0.731734
0.778451 9.9973E-05 0.113516 0.107733 9.9973E-05 9.9973E-05
0.781184 0.0798534 0.0862452 0.0525175 9.9982E-05 9.9982E-05
0.907332 0.0214153 0.0697922 0.00126 9.9982E-05 9.9982E-05
0.872182 9.9973E-05 0.0191372 0.108381 9.9973E-05 9.9973E-05
0.851758 0.0254994 0.122442 9.9973E-05 9.9973E-05 9.9973E-05
0.779622 0.0671133 0.0282952 0.0578094 0.0670605 9.9991E-05
9.9982E-05 0.0893908 9.9982E-05 0.833503 0.0634005 0.0135061
0.0473639 0.080534 9.9982E-05 0.78994 0.0819621 9.9982E-05
9.9973E-05 0.136435 9.9973E-05 0.768896 0.0943697 9.9973E-05
0.0893929 0.0467218 9.9982E-05 0.726647 0.137039 9.9982E-05
0.0257624 0.0978792 9.9991E-05 0.790829 0.0734279 0.0120018
0.557792 9.9973E-05 9.9973E-05 0.365082 9.9973E-05 0.0768267
0.417645 9.9982E-05 0.0565942 0.45399 9.9982E-05 0.0715705
0.469362 9.9982E-05 0.0238581 0.422791 9.9982E-05 0.0837885
0.0378031 0.109372 9.9982E-05 0.799597 0.0530283 9.9982E-05
0.533872 9.9982E-05 0.0294639 0.349223 9.9982E-05 0.0872403
9.9982E-05 0.242118 0.167132 0.17351 0.417041 9.9982E-05
0.118312 0.523496 0.00804567 0.101663 0.248384 9.9991E-05
9.9973E-05 0.611472 9.9973E-05 0.134616 0.253613 9.9973E-05
0.0376879 0.393686 0.129997 0.201014 0.237516 9.9991E-05
0.0786055 0.501847 0.0475446 0.174712 0.15277 0.04452
9.9973E-05 9.9973E-05 0.273966 0.425945 0.299789 9.9973E-05
0.341752 0.441812 0.0955369 9.9982E-05 9.9982E-05 0.120699
0.185377 0.400944 0.296278 9.9982E-05 9.9982E-05 0.117201
0.550561 0.327263 9.9982E-05 0.082491 9.9982E-05 0.0394852
0.183877 0.541011 0.180574 9.9982E-05 9.9982E-05 0.0943386
0.144605 9.9973E-05 0.5896 9.9973E-05 9.9973E-05 0.265495
0.212139 0.46379 0.199847 0.00501895 0.114107 0.00509775
0.256021 0.470595 0.231714 0.00254612 9.9991E-05 0.0390241
0.339082 0.34487 0.10051 0.0342868 9.9991E-05 0.181151
0.103464 0.509402 0.0862486 0.123108 0.061002 0.116775
0.267513 0.0946212 0.373041 9.9991E-05 0.000101349 0.264624
0.116477 0.512056 0.292638 0.0164203 0.0219469 0.040462
0.268528 0.583063 0.0312874 9.9991E-05 0.0439962 0.073026
0.0588884 0.280252 0.12679 0.135056 0.216992 0.182021
0.280062 0.385324 0.22874 9.9991E-05 0.0126426 0.0931313
0.201939 0.455636 0.0754304 0.0408584 0.0593723 0.166764
0.0789285 0.430636 0.132824 0.012556 0.128328 0.216728
0.194911 0.545189 0.0993039 0.0316221 9.9991E-05 0.128874
0.190673 0.557209 0.0602164 9.9991E-05 0.103292 0.0885096
0.121258 0.469605 0.0194817 0.0916172 0.104579 0.193459
0.169518 0.54781 0.0326605 0.0991925 0.0441241 0.106695
9.9973E-05 0.120499 9.9973E-05 0.781666 0.0975344 9.9973E-05
9.9991E-05 0.0338623 0.0179916 0.775311 0.101421 0.0713143
9.9973E-05 0.03904 9.9973E-05 0.830419 9.9973E-05 0.130241
0.0368371 0.0235575 0.00240432 0.779677 0.0560166 0.101508
9.9982E-05 0.116686 9.9982E-05 0.850462 0.0262258 0.00642604
0.675982 0.0871995 0.0394159 9.9991E-05 0.0945176 0.102785
0.0548159 0.423092 0.221803 0.0846822 0.0751782 0.140429
0.0173974 0.383489 0.180914 0.17913 0.171751 0.0673184
0.158482 0.665489 0.0928684 9.9991E-05 0.0743979 0.00866267
0.273299 0.480055 9.9991E-05 0.0588505 0.0359427 0.151752
0.286069 0.2672 0.35513 9.9991E-05 0.0846131 0.00688826
0.569211 9.9982E-05 0.152827 0.116544 9.9982E-05 0.161218
0.331168 0.534562 9.9991E-05 0.0529666 0.00364182 0.0775611
0.55034 0.148424 0.039425 0.0814691 0.0373049 0.143037
0.249764 0.433236 0.121515 0.0263969 0.0690402 0.100048
0.521919 0.087861 0.121986 0.096693 0.0607842 0.110757
0.190521 0.548535 9.9991E-05 0.0926536 0.0744479 0.0937423
0.476833 0.174707 0.0954497 0.0453448 0.0680414 0.139624
0.243341 0.345194 0.268799 0.0039172 0.0771024 0.0616471
0.134164 0.499505 0.275469 0.00656006 0.0122625 0.0720396
0.108994 0.338814 0.550221 9.9982E-05 9.9982E-05 0.00177159
0.038355 0.587929 0.221817 0.0196404 9.9991E-05 0.132159
0.0463708 0.597963 0.230994 0.109319 0.0126661 0.00268762
0.128534 0.401238 0.469929 9.9973E-05 9.9973E-05 9.9973E-05
0.0379862 0.593602 0.263067 0.0688195 0.0223736 0.014151
0.0279008 0.548615 0.283617 0.0569583 9.9991E-05 0.0828093
0.102376 0.163563 0.717866 9.9982E-05 9.9982E-05 0.015995
9.9973E-05 0.31323 0.683683 9.9973E-05 9.9973E-05 0.00278688
0.136227 0.504125 0.339217 0.0202316 9.9982E-05 9.9982E-05
0.078156 0.247934 0.535842 9.9982E-05 9.9982E-05 0.137869
0.141797 0.484202 0.26248 9.9982E-05 9.9982E-05 0.111321
0.607256 0.102724 0.0318315 0.0223437 0.0450928 0.190752
0.336134 0.317781 0.205161 9.9982E-05 9.9982E-05 0.140724
0.38728 0.208236 9.9982E-05 9.9982E-05 0.125356 0.278929
0.169863 0.676112 0.0257189 0.03932 0.0806314 0.00835482
0.494081 0.281904 9.9973E-05 9.9973E-05 9.9973E-05 0.223715
0.224226 0.522758 0.132772 0.0600798 0.0600645 9.9991E-05
0.227858 0.513713 0.0639573 0.0440548 0.125625 0.0247924
0.380418 0.417721 0.0610587 9.9991E-05 0.106741 0.0339611
0.235915 0.485944 0.0910429 0.0204401 0.115406 0.051252
0.397229 0.406061 9.9991E-05 0.0206859 0.022494 0.153431
0.512844 0.194845 9.9982E-05 9.9982E-05 0.135453 0.156657
0.456467 0.34508 0.00813558 0.0140127 0.0893476 0.0869571
0.245467 0.579696 0.0229432 9.9991E-05 0.0387191 0.113075
0.148546 0.621131 9.9991E-05 0.0810727 0.0401291 0.109021
0.245433 0.388042 0.123193 0.066411 0.0260587 0.150862
0.316429 0.568187 0.0392865 9.9991E-05 0.0746968 0.00130038
0.334542 0.464671 0.0882336 0.112353 9.9982E-05 9.9982E-05
0.167438 0.591063 9.9991E-05 0.0618244 0.00934902 0.170226
0.191166 0.520235 0.106799 0.019285 0.0587416 0.103773
0.134455 0.326087 0.0845647 0.0936295 0.122144 0.23912
9.9983E-05 0.430971 9.9983E-05 0.40386 0.11677 0.0481995
9.9991E-05 0.486742 0.0716022 0.136686 0.224024 0.0808453
0.0817461 0.522442 0.0457871 0.18837 0.161555 9.9991E-05
0.0973272 0.583449 0.141552 0.0186329 0.147345 0.0116936
9.9991E-05 0.439903 0.0092341 0.196191 0.207879 0.146692
0.191849 0.539286 0.232593 9.9982E-05 9.9982E-05 0.0360724
0.177172 0.487794 9.9991E-05 0.219238 0.111674 0.00402155
9.9991E-05 0.0142961 0.493508 0.25217 0.117352 0.122574
0.0810591 0.467688 0.0986901 0.100651 0.19098 0.0609317
0.102802 0.491335 0.0694768 0.0516878 0.222184 0.0625138
0.0513243 0.512752 0.109068 0.0814504 0.204404 0.0410008
0.0303329 0.35161 0.284722 0.192248 0.101893 0.039193
9.9982E-05 0.539752 0.155343 0.171807 0.132898 9.9982E-05
9.9982E-05 0.551303 0.105592 0.155106 0.1878 9.9982E-05
9.9973E-05 9.9973E-05 0.3304 0.486494 0.182806 9.9973E-05
9.9982E-05 0.517298 9.9982E-05 0.200131 0.17153 0.110841
0.0347017 0.530065 0.0187279 0.156765 0.25964 9.9991E-05
0.0613493 0.615918 0.154254 0.0971504 0.0712285 9.9991E-05
0.0488671 0.527628 0.0503169 0.168879 0.204209 9.9991E-05
0.0305371 0.492313 0.0186339 0.205624 0.161831 0.0910605
0.0411627 0.422845 0.195239 0.0257898 0.0788941 0.236069
0.0144842 0.59677 0.234595 0.124741 0.0293102 9.9991E-05
0.083153 0.0640001 0.571766 9.9982E-05 9.9982E-05 0.280881
0.0833485 0.00026457 0.643857 9.9982E-05 9.9982E-05 0.27233
0.0254902 0.423131 0.178476 0.105361 0.0810973 0.186445
0.0818633 0.391606 0.0809173 0.0944434 0.35107 9.9991E-05
9.9991E-05 0.312675 0.180687 0.104197 0.354032 0.0483092
0.0482804 0.149461 0.313803 0.230146 0.258211 9.9991E-05
9.9982E-05 0.315124 0.218238 0.193432 0.273007 9.9982E-05
9.9982E-05 0.243735 0.680365 0.0628017 0.012898 9.9982E-05
9.9991E-05 0.213059 0.520546 0.0960679 0.110396 0.0598315
9.9982E-05 0.576478 0.216075 9.9982E-05 0.0859216 0.121326
9.9982E-05 0.460141 0.213023 9.9982E-05 0.150239 0.176397
0.0284776 0.282152 0.498471 0.0784184 0.0669379 0.045543
9.9991E-05 0.565919 0.255968 0.0363114 0.0986933 0.0430088
9.9982E-05 0.563898 0.365386 9.9982E-05 0.0665895 0.00392692
0.101034 0.372865 0.108355 0.0700449 0.180714 0.166988
0.0906317 0.349559 0.33118 9.9982E-05 9.9982E-05 0.228429
0.0928376 0.375478 0.425309 9.9982E-05 9.9982E-05 0.106176
0.153128 0.482176 0.106855 0.0172261 0.114777 0.125837
0.174409 0.350402 0.295785 0.0279668 0.0732519 0.0781854
0.121638 0.489793 0.209787 0.0356109 0.093375 0.0497965
0.0117426 0.495405 0.421865 9.9982E-05 9.9982E-05 0.0707866
0.0828709 0.315315 0.51527 9.9982E-05 9.9982E-05 0.0863445
9.9982E-05 0.600723 0.224094 0.0475836 9.9982E-05 0.127399
0.0524326 0.248809 0.510533 9.9982E-05 9.9982E-05 0.188025
0.0515897 0.499138 0.444163 9.9982E-05 9.9982E-05 0.00490989
0.0366941 0.65216 0.180566 0.0393906 9.9991E-05 0.0910896
0.0342784 0.458691 0.250317 0.0167992 0.00107499 0.238838
9.9991E-05 0.483041 0.102092 0.159953 0.149556 0.105259
0.0661612 0.522849 0.160332 0.187266 0.0632918 9.9991E-05
0.0757182 0.351594 0.163322 0.129082 0.244679 0.0356044
0.153674 0.262956 0.160717 0.147757 0.270535 0.00436119
0.102721 0.385581 0.0314487 0.205683 0.213525 0.0610416
0.0819177 0.434614 0.192047 0.124235 0.167087 9.9991E-05
0.0202745 9.9991E-05 0.628298 0.175446 0.14302 0.0328609
0.0905022 0.659338 0.0501392 0.0600941 0.139827 9.9991E-05
9.9973E-05 9.9973E-05 0.536106 0.34461 0.118984 9.9973E-05
0.0119331 0.549495 0.197611 0.0624848 0.178376 9.9991E-05
9.9973E-05 0.173887 0.585785 9.9973E-05 9.9973E-05 0.240028
9.9964E-05 9.9964E-05 0.663638 9.9964E-05 9.9964E-05 0.335962
9.9973E-05 0.498686 0.350035 9.9973E-05 9.9973E-05 0.150979
9.9991E-05 0.59755 0.127689 0.0714976 0.0750773 0.128086
0.0570894 0.432732 0.407134 9.9982E-05 9.9982E-05 0.102844
9.9982E-05 0.574571 0.274551 9.9982E-05 0.00723118 0.143447
9.9973E-05 0.574359 0.241546 9.9973E-05 9.9973E-05 0.183795
0.0357939 0.0504692 9.9991E-05 0.802229 0.0911514 0.0202565
0.153443 9.9982E-05 0.00873389 0.695733 0.141891 9.9982E-05
0.0271051 0.0170395 9.9982E-05 0.890913 0.0647423 9.9982E-05
9.9964E-05 0.0540271 9.9964E-05 0.945573 9.9964E-05 9.9964E-05
0.028287 0.49124 0.0807271 0.0298306 0.088195 0.28172
0.0059812 0.515376 9.9991E-05 0.138595 0.0383318 0.301615
0.0659522 0.517983 9.9982E-05 0.000948211 9.9982E-05 0.414916
0.0670064 0.655017 9.9982E-05 0.0928156 9.9982E-05 0.184961
0.121759 0.55591 0.0779827 0.0677423 0.00922963 0.167376
0.110031 0.244205 0.0852513 9.9982E-05 9.9982E-05 0.560313
0.0695939 0.489591 9.9991E-05 0.00954485 0.0558811 0.375289
9.9973E-05 0.343651 0.225526 9.9973E-05 9.9973E-05 0.430523
0.0379173 0.505685 0.013199 0.263603 0.170564 0.00903072
9.9982E-05 0.466975 0.136186 9.9982E-05 0.0381068 0.358533
0.0885841 0.300737 9.9982E-05 9.9982E-05 0.0067205 0.603758
0.0315358 0.53587 0.0147161 9.9991E-05 0.0138119 0.403966
0.106582 0.404722 9.9982E-05 0.0226709 9.9982E-05 0.465825
9.9964E-05 0.599943 9.9964E-05 9.9964E-05 9.9964E-05 0.399658
9.9973E-05 0.600138 9.9973E-05 0.10855 9.9973E-05 0.291012
9.9973E-05 0.0386128 0.0171017 9.9973E-05 9.9973E-05 0.943986
9.9982E-05 0.218846 0.116237 9.9982E-05 0.0206202 0.644096
0.00654796 0.359544 0.00287577 0.0478793 9.9991E-05 0.583053
9.9964E-05 9.9964E-05 0.250794 9.9964E-05 9.9964E-05 0.748806
0.0985866 0.37402 9.9991E-05 0.0409927 0.021565 0.464735
9.9973E-05 0.0854696 0.302833 9.9973E-05 9.9973E-05 0.611397
0.000344665 9.9973E-05 0.298157 9.9973E-05 9.9973E-05 0.701198
0.0318086 0.499735 9.9991E-05 0.0288476 0.0815215 0.357988
0.0981747 0.199194 0.00581661 0.0328225 9.9991E-05 0.663892
0.108734 0.423868 9.9991E-05 0.0342653 0.0388903 0.394142
9.9982E-05 0.54745 9.9982E-05 0.0822793 0.118778 0.251292
0.11058 0.461899 9.9991E-05 0.0294304 0.0183011 0.379689
0.282309 0.396947 0.175513 9.9991E-05 0.0100875 0.135043
0.0587522 0.553599 0.0632292 9.9982E-05 9.9982E-05 0.324219
0.10285 0.469063 9.9991E-05 0.035114 0.0184019 0.374471
9.9973E-05 0.271842 0.0388743 9.9973E-05 9.9973E-05 0.688984
0.0531176 0.522732 0.0131954 0.152368 0.00182878 0.256757
0.294537 9.9991E-05 0.0525746 0.630493 0.00418896 0.0181061
0.127311 0.0404909 0.00253223 0.760843 9.9991E-05 0.0687229
0.136575 9.9982E-05 0.0572392 0.797227 9.9982E-05 0.00875841
0.150467 9.9982E-05 0.0551681 0.770426 9.9982E-05 0.0237394
0.203408 0.0412867 9.9982E-05 0.728904 9.9982E-05 0.0262016
0.106807 0.0146249 9.9991E-05 0.0495683 0.0454195 0.78348
0.0847993 0.130751 0.0305406 0.0766812 9.9991E-05 0.677128
9.9982E-05 0.112076 0.106154 9.9982E-05 0.000742034 0.780828
9.9991E-05 0.613137 0.0790968 0.109343 0.0963468 0.101976
0.109357 0.455841 0.00375539 0.0902831 0.0694493 0.271314
9.9991E-05 0.207522 0.0965248 0.0257842 0.0279321 0.642137
0.0241177 0.501702 9.9991E-05 0.0251487 0.144772 0.304159
9.9991E-05 0.309838 0.0602928 0.0748854 0.0574253 0.497458
0.0232294 0.592791 0.0646393 0.0766916 9.9991E-05 0.242548
9.9991E-05 0.691154 0.0201139 0.0579916 0.0249975 0.205643
0.146277 0.169664 0.0352517 9.9991E-05 0.0315164 0.617191
0.0437227 0.36281 9.9973E-05 9.9973E-05 9.9973E-05 0.593167
0.165807 0.345335 9.9973E-05 9.9973E-05 9.9973E-05 0.488559
0.0717517 0.651594 0.116758 0.147143 9.9991E-05 0.0126533
0.0924271 0.399414 9.9982E-05 0.00396949 9.9982E-05 0.503989
0.0261813 0.524406 9.9991E-05 0.0577899 0.0385106 0.353013
9.9991E-05 0.442985 0.0331556 0.0201148 0.386751 0.116894
9.9982E-05 0.24645 0.0740276 0.0958325 0.58349 9.9982E-05
9.9982E-05 0.478677 0.0424162 0.0536558 0.425051 9.9982E-05
0.00886519 0.390838 0.0873699 0.124839 0.387988 9.9991E-05
0.0209208 0.473449 0.0394809 0.152417 0.280076 0.0336565
9.9991E-05 0.532627 0.168532 0.0370533 0.0183499 0.243338
9.9982E-05 0.103262 0.0702455 0.266631 0.559661 9.9982E-05
9.9982E-05 0.307846 0.00709518 0.182579 0.50228 9.9982E-05
9.9991E-05 0.473706 0.166484 0.209291 0.118899 0.0315202
0.0632137 0.608615 0.128538 0.199434 9.9982E-05 9.9982E-05
0.0917226 0.459138 0.333224 0.0872158 0.0285995 9.9991E-05
0.0205607 0.555857 0.202053 0.102072 0.064774 0.0546834
0.0847559 0.656698 0.0235783 0.0911904 0.000655684 0.143122
9.9973E-05 0.391388 9.9973E-05 0.214935 0.393377 9.9973E-05
9.9982E-05 0.431473 9.9982E-05 0.11524 0.381654 0.0714332
9.9982E-05 0.492623 0.00170979 0.0658199 0.439647 9.9982E-05
0.170008 0.364378 9.9982E-05 0.0870103 0.378404 9.9982E-05
9.9991E-05 0.217241 0.0983594 0.0811196 0.521253 0.0819267
0.039938 0.393191 0.0166803 0.117473 0.354647 0.0780708
9.9991E-05 0.230918 0.0520395 0.140318 0.56174 0.0148849
0.146295 0.425188 9.9991E-05 0.0646319 0.347281 0.0165039
9.9991E-05 0.520459 0.305581 0.0852901 0.0460261 0.0425435
9.9982E-05 0.420072 0.0713387 0.169925 0.338464 9.9982E-05
9.9982E-05 0.152235 0.00347293 0.158054 0.686038 9.9982E-05
0.11545 0.315031 0.0567108 0.0629499 0.449758 9.9991E-05
0.226908 0.240337 0.339434 0.162931 9.9991E-05 0.0302905
0.0822932 0.594153 0.273668 9.9982E-05 0.049685 9.9982E-05
0.0450588 0.341295 0.0520361 0.134961 0.36505 0.0615993
0.113832 0.630378 0.144109 0.111481 9.9982E-05 9.9982E-05
0.0746522 0.488628 0.207596 0.16169 0.00210792 0.0653259
0.011307 0.364412 0.111081 0.199565 0.240429 0.0732055
9.9982E-05 0.395977 0.121682 0.248418 0.233723 9.9982E-05
0.0884194 0.553868 0.0827812 0.140799 0.0610694 0.0730633
0.0205925 0.321169 9.9991E-05 0.171601 0.396204 0.0903333
9.9982E-05 0.395453 0.0829772 0.0731018 0.448268 9.9982E-05
9.9982E-05 0.155055 0.0495708 0.191833 0.603341 9.9982E-05
0.0594114 0.638434 0.218677 0.0684305 0.0149465 9.9991E-05
0.0455912 0.490102 0.225664 0.126708 9.9991E-05 0.111835
9.9982E-05 0.268085 0.645632 0.0773754 0.00870807 9.9982E-05
0.112771 0.548998 0.0790374 0.0691544 0.110222 0.0798174
0.278825 0.37376 0.230384 0.102572 0.0143595 9.9991E-05
9.9991E-05 0.402221 0.12542 0.241121 0.154682 0.0764554
0.107372 0.36985 0.0765665 0.0306794 0.186379 0.229153
9.9973E-05 9.9973E-05 0.519024 0.282856 0.197821 9.9973E-05
9.9973E-05 9.9973E-05 0.592126 0.315911 0.0916637 9.9973E-05
0.043741 0.306056 0.372363 0.162136 0.115604 9.9991E-05
9.9982E-05 0.0244636 0.441188 0.331795 0.202353 9.9982E-05
9.9973E-05 9.9973E-05 0.354076 0.414973 0.230651 9.9973E-05
9.9991E-05 0.366588 0.336053 0.136481 0.155593 0.00518387
9.9991E-05 0.320256 0.240708 0.203438 0.135281 0.100217
0.0048356 0.115254 0.339657 0.303569 0.198529 0.0381562
9.9982E-05 0.0983833 0.515169 0.255888 0.13036 9.9982E-05
0.0391155 0.522372 0.185615 0.139148 0.113649 9.9991E-05
9.9991E-05 0.128313 0.486914 0.137537 0.169392 0.0777446
9.9973E-05 9.9973E-05 0.527941 0.432011 0.0397484 9.9973E-05
0.140261 0.425364 9.9991E-05 0.076209 0.211964 0.146102
9.9982E-05 0.3621 0.24439 0.190254 0.203056 9.9982E-05
0.0107991 0.324821 0.000880493 0.302432 0.159468 0.201599
9.9973E-05 0.575453 9.9973E-05 0.194002 0.230245 9.9973E-05
9.9991E-05 0.439059 0.038292 0.150677 0.212347 0.159526
9.9991E-05 0.381211 0.0344812 0.150933 0.278928 0.154347
0.0366999 0.339053 0.0262085 0.408403 0.189535 9.9991E-05
0.00468854 0.611001 0.000253998 0.287551 0.0698951 0.0266102
9.9982E-05 0.417852 9.9982E-05 0.231967 0.247012 0.102969
0.0303834 0.352699 0.145031 0.307212 0.164575 9.9991E-05
0.137122 0.233512 0.0139041 0.215671 0.115229 0.284561
0.0820894 0.489953 0.0503293 0.125007 0.128575 0.124046
0.050883 0.56743 0.100872 0.159558 0.121157 9.9991E-05
0.0206552 0.610064 0.14889 0.16703 9.9991E-05 0.0532605
0.00711441 0.42475 0.11357 0.235326 0.21914 9.9991E-05
0.034408 0.538533 0.00262338 0.227178 0.166275 0.0309828
9.9982E-05 0.165677 0.265453 0.336985 0.231685 9.9982E-05
0.0588076 0.478331 0.0782011 0.173317 0.211243 9.9991E-05
9.9991E-05 0.0917867 0.240109 0.225566 0.378862 0.0635768
0.106527 9.9982E-05 0.0301301 0.8045 9.9982E-05 0.0586431
0.765124 0.0994879 9.9982E-05 0.0549407 9.9982E-05 0.0802474
0.9995 9.996E-05 9.996E-05 9.996E-05 9.996E-05 9.996E-05
0.995579 0.00128377 9.9973E-05 0.00283735 9.9973E-05 9.9973E-05
0.92954 0.0700601 9.9964E-05 9.9964E-05 9.9964E-05 9.9964E-05
0.918421 9.9964E-05 9.9964E-05 9.9964E-05 0.0811791 9.9964E-05
0.890311 0.10929 9.9964E-05 9.9964E-05 9.9964E-05 9.9964E-05
0.970872 9.9964E-05 9.9964E-05 0.028728 9.9964E-05 9.9964E-05
0.763517 9.9964E-05 9.9964E-05 0.236083 9.9964E-05 9.9964E-05
0.0713655 0.0131693 9.9982E-05 0.881799 0.0334658 9.9982E-05
0.0865571 0.0781187 9.9973E-05 0.835024 9.9973E-05 9.9973E-05
9.9982E-05 0.0362537 9.9982E-05 0.861633 0.0827825 0.0191304
0.104164 0.0364016 0.0597618 0.799472 9.9982E-05 9.9982E-05
0.0247161 0.0347305 9.9982E-05 0.880482 0.0598712 9.9982E-05
0.0903035 0.00649408 9.9973E-05 0.902903 9.9973E-05 9.9973E-05
0.111313 0.038019 9.9982E-05 0.684322 0.166147 9.9982E-05
0.037513 0.0561366 9.9982E-05 0.846225 0.0599259 9.9982E-05
0.119534 0.100752 9.9991E-05 0.692952 0.0442435 0.0424182
9.9973E-05 9.9973E-05 9.9973E-05 0.894497 0.0919372 0.0132663
0.0434722 9.9964E-05 9.9964E-05 0.956128 9.9964E-05 9.9964E-05
0.074885 0.0270862 0.00133483 0.820257 0.0686068 0.00783017
0.0383055 9.9964E-05 9.9964E-05 0.961295 9.9964E-05 9.9964E-05
0.0393471 0.0450032 0.00549067 0.881162 0.028897 9.9991E-05
9.9982E-05 0.0640155 9.9982E-05 0.857791 0.0418689 0.0361251
9.9973E-05 0.10685 9.9973E-05 0.856464 0.0363856 9.9973E-05
9.9973E-05 0.0522151 9.9973E-05 0.783661 0.163824 9.9973E-05
9.9973E-05 0.104971 9.9973E-05 0.777594 0.117135 9.9973E-05
9.9973E-05 0.0807534 9.9973E-05 0.806134 0.112812 9.9973E-05
0.0644439 0.436667 0.356453 0.132692 0.00301488 0.00672842
0.0270234 0.681367 0.154268 0.0596099 9.9991E-05 0.0776314
0.00955417 0.665816 0.0471024 0.153841 0.0167795 0.106907
0.0408545 0.195676 0.748079 0.0151905 9.9982E-05 9.9982E-05
0.093273 0.5926 0.24586 0.0495787 9.9991E-05 0.0185888
0.00777737 0.12629 0.713594 0.129772 0.0224662 9.9991E-05
9.9982E-05 0.71178 0.172502 0.0911638 0.0243545 9.9982E-05
0.151943 0.415585 0.205922 0.0801784 9.9991E-05 0.146271
0.0881115 0.50835 0.211146 0.119081 0.0140065 0.0593047
0.0108208 0.560433 0.0430411 0.0587236 0.0210504 0.305931
0.126206 0.572493 0.20547 0.0956315 9.9982E-05 9.9982E-05
9.9982E-05 0.688751 0.13781 0.0752604 9.9982E-05 0.0979789
0.125284 0.5809 0.21132 0.0822955 9.9982E-05 9.9982E-05
0.42732 0.0509064 0.223634 9.9991E-05 0.0564944 0.241546
0.0521544 9.9982E-05 0.906726 0.0165519 9.9982E-05 0.024368
9.9973E-05 0.239308 0.724163 0.0362287 9.9973E-05 9.9973E-05
0.0328608 0.702152 0.144925 0.0649396 0.0550229 9.9991E-05
0.00434142 0.616488 0.282442 0.0965284 9.9982E-05 9.9982E-05
9.9982E-05 0.547298 0.201314 0.14472 9.9982E-05 0.106468
0.00897802 0.656229 0.0790263 0.110863 9.9991E-05 0.144804
0.0268075 0.516764 0.118092 0.150468 0.187768 9.9991E-05
0.0629719 0.546295 9.9982E-05 0.19306 0.197474 9.9982E-05
0.0811396 0.167557 0.201966 0.417137 0.118489 0.0137114
0.0534354 0.657271 0.0177136 0.176409 0.0130202 0.0821514
0.0727002 0.393453 0.142802 0.248478 0.142467 9.9991E-05
9.9973E-05 9.9973E-05 0.437945 0.384735 0.177021 9.9973E-05
9.9991E-05 0.380525 0.186774 0.250131 0.161739 0.0207309
0.0455626 0.277599 0.0753335 0.352686 0.179671 0.0691486
0.131808 0.448893 0.0106254 0.322579 0.0715729 0.0145225
0.137757 0.490313 0.0739245 0.0896776 0.208228 9.9991E-05
0.0252839 0.482771 0.0125426 0.235512 0.142276 0.101615
0.0770656 0.563778 0.00730761 0.17061 0.143445 0.0377935
9.9991E-05 0.499615 0.208478 0.167364 0.108655 0.0157884
9.9991E-05 0.330084 0.0101843 0.467037 0.103766 0.0888289
