0.0247443 9.9973E-05 9.9973E-05 9.9973E-05 0.879384 0.0955717
9.9973E-05 0.0494606 0.0478833 9.9973E-05 0.902356 9.9973E-05
0.0690048 9.9991E-05 0.0287459 0.0850668 0.773312 0.0437707
0.115355 9.9982E-05 9.9982E-05 0.00985976 0.770088 0.104497
0.0495372 0.0110371 9.9991E-05 0.038928 0.875557 0.024841
0.0584749 0.155004 0.0376547 0.0925758 0.578169 0.0781217
9.9973E-05 0.133176 9.9973E-05 9.9973E-05 0.845627 0.0208971
0.028681 0.182826 9.9982E-05 9.9982E-05 0.721786 0.0665071
9.9982E-05 0.0851621 0.0157264 9.9982E-05 0.842291 0.0566207
0.0900927 0.160339 9.9991E-05 0.0691789 0.65251 0.0277792
9.999E-05 0.142561 0.0322405 0.0268814 0.721644 0.0765728
0.128979 9.9982E-05 0.239443 0.156567 9.9982E-05 0.474811
0.0919307 0.121188 0.0364915 0.523238 9.9991E-05 0.227052
0.0750409 0.0671834 0.193179 0.210919 0.0320686 0.421609
0.190182 0.0278066 0.140212 0.190639 0.0507448 0.400416
0.183225 0.0813673 0.0557246 0.303008 0.0967325 0.279943
0.0887292 0.0350301 0.0812307 0.583013 0.0909386 0.121059
0.061861 0.00336403 0.217827 0.465127 0.0420554 0.209765
0.15122 9.9991E-05 0.196451 0.221051 0.11048 0.320698
0.0582196 0.161053 0.0980055 0.0124372 0.0481692 0.622115
0.115423 0.0390902 0.203379 0.333842 0.0249044 0.283361
0.172435 0.187826 0.0604813 0.444917 9.9991E-05 0.134241
0.057909 0.011407 0.207393 0.509179 0.0475714 0.166541
0.150942 0.0349836 0.280089 0.204494 0.0294594 0.300032
0.146762 0.0107269 0.121372 0.535386 0.0876283 0.0981239
0.103971 9.9991E-05 0.0871993 0.544272 0.0555281 0.20893
0.101475 0.0535924 0.161276 0.192473 9.9991E-05 0.491084
0.16417 0.0357956 0.180406 0.187807 0.00344637 0.428375
0.0712471 0.114024 0.150787 0.19514 9.9991E-05 0.468702
0.0697657 9.9973E-05 9.9973E-05 0.0849739 0.844961 9.9973E-05
9.9964E-05 9.9964E-05 9.9964E-05 0.142139 0.857461 9.9964E-05
0.0502447 9.9982E-05 0.0233037 0.139831 0.786421 9.9982E-05
0.113195 9.9982E-05 0.126157 0.0368051 0.723643 9.9982E-05
0.0117742 0.132695 0.250305 0.536571 0.0368864 0.0317691
0.0251846 9.9991E-05 0.289125 0.515506 0.157604 0.0124803
0.0758621 9.9973E-05 0.459511 0.464327 9.9973E-05 9.9973E-05
0.00240441 0.0294671 0.151345 0.132988 0.116791 0.567004
0.0660942 0.0520139 0.604362 0.212419 0.0650114 9.9991E-05
9.9982E-05 9.9982E-05 0.167595 0.599402 0.0747739 0.158029
0.0477325 0.0559659 0.259809 0.605981 0.030412 9.9991E-05
9.9991E-05 0.187306 0.0428438 0.583587 0.0770748 0.109089
9.9991E-05 0.0105085 0.0676896 0.66884 0.14126 0.111602
9.9982E-05 9.9982E-05 0.767582 0.0899004 0.0847669 0.0575505
0.013975 0.171242 0.0956418 0.656833 0.019825 0.0424829
0.0966993 9.9991E-05 0.259002 0.458551 0.0652041 0.120444
0.0803254 9.9991E-05 0.0787202 0.649464 0.173707 0.0176839
9.9973E-05 0.0449643 0.676085 0.278651 9.9973E-05 9.9973E-05
0.0346812 9.9991E-05 0.313337 0.608242 0.0218623 0.0217773
0.173594 0.0731213 0.265457 0.451807 0.0359206 9.9991E-05
9.9973E-05 0.319128 0.637197 9.9973E-05 0.0433756 9.9973E-05
9.9982E-05 0.150594 0.227536 0.179795 9.9982E-05 0.441876
0.0388416 0.422996 0.214636 0.0839302 9.9991E-05 0.239496
0.071508 0.0789338 0.140355 0.452206 0.0954127 0.161585
0.0676391 0.11362 0.0580205 0.618587 0.110662 0.0314712
0.0542788 0.139868 0.02835 0.62462 0.0843018 0.0685822
9.9991E-05 0.112087 0.307752 0.170103 0.105514 0.304443
9.9991E-05 0.0486262 0.201586 0.52884 0.0458938 0.174954
0.152681 0.0411139 0.106388 0.559857 9.9991E-05 0.13986
9.9991E-05 0.0344296 0.255018 0.355778 0.156414 0.198261
0.0306092 0.284927 0.103418 0.0840158 0.191308 0.305722
9.9991E-05 0.108292 0.130503 0.50679 0.104649 0.149666
0.0334813 0.0775127 0.140055 0.425534 0.0879163 0.235501
9.9991E-05 0.194945 0.268813 0.00404884 0.0292118 0.502881
0.0698296 0.142711 0.140683 0.452853 9.9991E-05 0.193824
0.0556047 0.12523 0.0899643 0.611848 0.0487678 0.0685856
0.157827 9.9991E-05 0.0287593 0.482664 0.12142 0.20923
0.0254249 0.259944 0.174234 0.296706 0.00472813 0.238963
0.0426116 0.124221 0.165026 0.498255 0.00981008 0.160076
0.118243 0.0699665 0.0721222 0.537218 0.0426588 0.159792
9.9991E-05 0.113351 0.19002 0.248299 0.0754163 0.372814
9.9982E-05 0.00239424 0.439837 0.501771 9.9982E-05 0.0557977
0.00461168 9.9991E-05 0.825979 0.120501 0.0135619 0.0352471
0.032134 0.0499346 0.167497 0.605849 0.107087 0.0374982
9.9973E-05 0.154448 0.841654 9.9973E-05 0.0035981 9.9973E-05
9.9964E-05 0.221876 0.777724 9.9964E-05 9.9964E-05 9.9964E-05
9.9964E-05 9.9964E-05 0.762833 0.236768 9.9964E-05 9.9964E-05
9.9991E-05 0.0763814 0.423424 0.43257 0.0472509 0.0202743
0.0528759 0.00150523 0.223782 0.492925 0.181761 0.0471503
0.135204 9.9991E-05 0.504054 0.293478 0.00295657 0.0642075
0.0429021 9.9991E-05 0.659913 0.079888 0.0357545 0.181443
0.000337167 9.9991E-05 0.575569 0.167035 0.064771 0.192188
0.0856351 0.0366976 0.199928 0.578793 0.0599756 0.0389706
0.0732853 9.9991E-05 0.640804 0.216069 0.0545494 0.0151921
9.9991E-05 0.0657098 0.494205 0.372289 0.0669743 0.000721674
9.9982E-05 0.068041 0.631083 0.300441 0.000234202 9.9982E-05
9.9982E-05 0.256896 0.702482 9.9982E-05 0.019496 0.0209253
9.9991E-05 0.00137481 0.259738 0.60514 0.0578592 0.0757884
0.0275885 9.9982E-05 9.9982E-05 0.0870514 0.795902 0.089258
9.9964E-05 9.9964E-05 9.9964E-05 0.0820294 0.917571 9.9964E-05
0.042145 9.9982E-05 9.9982E-05 0.0668749 0.877337 0.0134432
0.00986398 0.0176911 9.9982E-05 0.0247303 0.947515 9.9982E-05
9.9964E-05 9.9964E-05 9.9964E-05 0.114908 0.884693 9.9964E-05
0.00746613 0.014894 9.9982E-05 0.0551116 0.922328 9.9982E-05
9.9991E-05 0.00355402 0.0210903 0.0394659 0.934615 0.0011753
0.0870548 9.9991E-05 0.243914 0.533058 0.130715 0.00515783
0.0686978 0.140659 0.17294 0.547459 0.0697007 0.000544131
9.9982E-05 9.9982E-05 0.875395 0.00129183 0.063261 0.0598526
0.0295387 9.9991E-05 0.212705 0.576745 0.130732 0.0501796
9.9991E-05 0.0396582 0.453964 0.395341 0.0579594 0.0529765
0.0544295 0.0680834 0.30734 0.510766 0.0592815 9.9991E-05
9.9982E-05 0.128871 0.257087 0.572899 9.9982E-05 0.0409423
0.0807 9.9982E-05 0.518122 0.347478 0.0535004 9.9982E-05
9.9982E-05 0.051691 0.776015 9.9982E-05 0.0326029 0.139491
0.0260146 9.9991E-05 0.188505 0.584536 0.10224 0.0986041
9.9973E-05 9.9973E-05 0.185848 0.681019 0.132834 9.9973E-05
0.138663 9.9991E-05 0.153921 0.454107 0.0633757 0.189833
0.0324 0.185767 0.504512 0.246326 0.030895 9.9991E-05
9.9982E-05 0.0304273 0.446039 0.465012 0.0583218 9.9982E-05
0.0050203 9.9991E-05 0.475486 0.408115 0.00497972 0.106299
0.132457 9.9973E-05 0.658707 0.208535 9.9973E-05 9.9973E-05
9.9982E-05 9.9982E-05 0.459739 0.397299 0.072231 0.0705308
0.0335983 0.0814019 0.162195 0.52416 0.117719 0.0809248
0.103642 0.234266 0.0746643 0.21962 9.9991E-05 0.367708
0.0189639 0.0342948 9.9991E-05 0.496095 0.118564 0.331983
9.9991E-05 0.0479489 0.0854493 0.59723 0.120937 0.148335
0.041145 0.0331997 0.0429362 0.626076 0.124874 0.131768
9.9991E-05 0.0425136 0.0613082 0.545833 0.0465727 0.303673
9.9973E-05 9.9973E-05 0.0235801 0.64353 9.9973E-05 0.33259
9.9991E-05 0.0493681 0.0295869 0.468219 0.0281217 0.424605
9.9991E-05 0.14123 0.0455688 0.658097 0.0601277 0.0948764
0.0336169 0.135781 0.0544021 0.529914 0.146935 0.0993517
9.9991E-05 0.0408516 0.0368842 0.668527 0.0689513 0.184685
9.9991E-05 0.00280369 0.0847851 0.553862 0.0436784 0.314771
0.0519012 0.118462 9.9991E-05 0.662263 0.0349024 0.132371
0.0345432 0.0352213 0.0189964 0.727014 0.0794082 0.104817
0.171717 0.0162324 0.0570585 0.438113 9.9991E-05 0.316779
0.0695371 0.129745 9.9991E-05 0.593192 0.094979 0.112447
0.0867487 0.0545797 0.0726657 0.555835 0.00436189 0.225809
9.9982E-05 0.219583 9.9982E-05 0.406864 0.099306 0.274048
0.118672 9.9982E-05 0.111908 0.575166 9.9982E-05 0.194054
0.0477909 0.0698281 9.9982E-05 0.700741 9.9982E-05 0.18144
0.134572 0.00751988 0.266395 0.164706 0.00722276 0.419585
9.9991E-05 0.351073 0.0890894 0.219138 0.0663613 0.274239
0.0248633 9.9991E-05 0.118027 0.537875 0.0316272 0.287507
0.0394015 0.359407 0.127418 0.11676 9.9991E-05 0.356914
9.9991E-05 0.0188872 0.186313 0.301163 0.0150528 0.478484
9.9991E-05 0.00600263 0.221942 0.455048 0.000500136 0.316407
9.9982E-05 9.9982E-05 0.268322 0.315276 0.0275406 0.388661
0.0293019 0.0834217 0.115567 0.28892 9.9991E-05 0.48269
0.0603995 0.0105777 0.170224 0.604857 0.0384967 0.115445
0.0590422 0.00990928 0.110829 0.563197 0.112785 0.144237
9.9982E-05 9.9982E-05 0.265016 0.535846 0.117318 0.0816204
0.0978093 0.23943 0.110978 0.13131 9.9991E-05 0.420373
0.00768569 0.0261328 0.160538 0.524913 0.227867 0.0528635
0.103825 0.197887 0.149025 0.4702 0.0045722 0.0744903
9.9991E-05 0.638801 0.0689658 0.0510916 0.104249 0.136792
0.0633999 0.0969973 0.161254 0.555818 0.103292 0.0192392
0.0323555 0.262486 0.266584 0.292343 0.146133 9.9991E-05
0.090069 0.245656 0.0264621 0.497509 0.113023 0.027281
9.9991E-05 0.489165 0.0959731 0.294905 0.0656058 0.0542517
9.9991E-05 0.482221 0.151407 0.209329 0.0568283 0.100115
0.00329579 0.231167 0.121042 0.429735 0.0757296 0.13903
9.9982E-05 0.159169 9.9982E-05 0.589186 0.170306 0.0811388
9.9991E-05 0.190329 0.0845054 0.521136 0.123296 0.0806327
0.195963 0.413206 0.28254 9.9991E-05 0.0243213 0.0838705
0.0473292 0.196765 0.0237429 0.582651 0.0957274 0.0537841
9.9982E-05 0.326576 0.170738 0.35587 9.9982E-05 0.146617
9.9982E-05 0.281638 0.0871807 0.531882 9.9982E-05 0.0990998
0.0623163 9.9991E-05 0.153655 0.560926 0.0726008 0.150402
0.266912 0.201481 0.0372818 0.146912 0.344776 0.00263684
0.148726 0.325285 9.9973E-05 9.9973E-05 0.525689 9.9973E-05
0.132407 0.400036 9.9973E-05 9.9973E-05 0.467257 9.9973E-05
0.280684 0.15674 9.9991E-05 0.131554 0.427655 0.00326756
9.9973E-05 0.271027 0.0542252 0.674448 9.9973E-05 9.9973E-05
0.0633665 0.118931 0.0739476 0.591851 0.0773624 0.0745419
0.686735 9.9973E-05 9.9973E-05 0.294776 9.9973E-05 0.0181887
0.456965 9.9982E-05 0.0980759 0.268485 9.9982E-05 0.176275
0.474749 0.0386686 0.0567518 0.255462 0.0292183 0.14515
9.9973E-05 0.494384 0.131884 0.373432 9.9973E-05 9.9973E-05
0.109607 0.121476 0.174456 0.486171 9.9991E-05 0.10819
9.9973E-05 0.64145 0.0464722 0.311778 9.9973E-05 9.9973E-05
0.00112934 0.260712 0.0252517 0.656624 0.0517036 0.00458012
0.0561475 0.372379 0.0107289 0.490127 0.00854198 0.0620762
0.0693121 0.324483 0.0293584 0.521797 0.0549496 9.9991E-05
0.0279121 0.606428 0.05584 0.216826 9.9991E-05 0.0928941
0.128985 0.0919284 0.114091 0.607847 0.0570493 9.9991E-05
0.0178741 0.267526 9.9991E-05 0.541443 0.0944732 0.0785838
0.960629 9.9964E-05 0.0389714 9.9964E-05 9.9964E-05 9.9964E-05
0.900569 9.9973E-05 0.0138318 0.0852997 9.9973E-05 9.9973E-05
0.707752 9.9982E-05 0.0999064 0.146202 9.9982E-05 0.0459389
0.70659 9.9973E-05 9.9973E-05 0.273054 0.0200562 9.9973E-05
0.876615 9.9982E-05 0.0143046 0.106255 0.00262545 9.9982E-05
0.9995 9.996E-05 9.996E-05 9.996E-05 9.996E-05 9.996E-05
0.975132 9.9964E-05 9.9964E-05 9.9964E-05 9.9964E-05 0.0244684
0.91052 9.9973E-05 0.00421328 0.084967 9.9973E-05 9.9973E-05
0.964939 9.9964E-05 9.9964E-05 9.9964E-05 9.9964E-05 0.034661
0.9995 9.996E-05 9.996E-05 9.996E-05 9.996E-05 9.996E-05
0.9995 9.996E-05 9.996E-05 9.996E-05 9.996E-05 9.996E-05
0.727387 9.9973E-05 9.9973E-05 0.239866 0.0324474 9.9973E-05
0.809028 9.9982E-05 9.9982E-05 0.097712 0.0558297 0.0372302
0.975021 9.9964E-05 0.0245787 9.9964E-05 9.9964E-05 9.9964E-05
0.489079 0.119802 0.0865681 0.287739 0.0167112 9.9991E-05
0.75922 0.0290076 0.0121621 0.110662 0.00382708 0.0851208
0.79767 0.0277239 0.0492758 0.0746371 0.042754 0.00793922
0.874265 9.9973E-05 9.9973E-05 0.0915182 0.0339173 9.9973E-05
0.9995 9.996E-05 9.996E-05 9.996E-05 9.996E-05 9.996E-05
0.889449 9.9982E-05 0.000137819 0.0373753 0.0728375 9.9982E-05
0.9995 9.996E-05 9.996E-05 9.996E-05 9.996E-05 9.996E-05
0.646714 9.9982E-05 9.9982E-05 0.213953 0.0380257 0.101108
0.92989 9.9982E-05 0.0384369 0.00995121 9.9982E-05 0.0215222
0.0648181 0.6108 9.9973E-05 9.9973E-05 0.324082 9.9973E-05
0.0383709 0.179912 9.9991E-05 0.393361 0.210462 0.177794
0.14692 0.133471 0.10131 0.4021 0.203056 0.0131431
0.158197 0.456976 9.9991E-05 0.10976 0.194545 0.0804225
0.175491 0.18656 9.9991E-05 0.456186 0.148163 0.0335005
0.111676 0.390778 0.0949335 0.140035 0.262477 9.9991E-05
0.134242 0.139908 0.0162974 0.400125 0.196442 0.112986
0.216283 0.364833 9.9982E-05 0.311585 0.107098 9.9982E-05
0.230079 0.261511 9.9982E-05 0.391761 0.116449 9.9982E-05
0.220252 0.312013 9.9982E-05 0.350499 0.117035 9.9982E-05
0.0588289 0.166527 9.9991E-05 0.533122 0.192646 0.0487768
9.9982E-05 0.0829904 9.9982E-05 0.049997 0.813384 0.0534286
0.0240532 0.0613053 9.9982E-05 0.014282 0.90016 9.9982E-05
9.996E-05 9.996E-05 9.996E-05 9.996E-05 0.9995 9.996E-05
9.9982E-05 0.000570878 9.9982E-05 0.0202154 0.933215 0.0457985
9.9973E-05 0.0130934 9.9973E-05 9.9973E-05 0.907541 0.0790652
0.0635967 0.0421649 0.00708989 9.9982E-05 0.886949 9.9982E-05
0.112855 9.9982E-05 0.0282589 0.00998248 0.848704 9.9982E-05
9.9982E-05 0.0394294 0.0415395 0.0228693 0.895962 9.9982E-05
0.0340197 9.9982E-05 0.055635 0.00407225 0.906073 9.9982E-05
0.0709705 0.00632889 9.9991E-05 0.0570178 0.857753 0.00783027
9.9982E-05 0.0132923 0.147672 9.9982E-05 0.605407 0.233429
0.0125188 9.9982E-05 0.0797033 9.9982E-05 0.543806 0.363771
9.9982E-05 0.160637 0.0808787 9.9982E-05 0.521077 0.237208
9.9982E-05 0.133619 0.134829 9.9982E-05 0.479415 0.251937
0.0134874 0.00813453 0.333185 0.475961 0.106295 0.0629364
0.0646784 0.0754715 0.283045 0.487871 9.9991E-05 0.0888335
0.0814247 0.0782975 0.231174 0.48666 9.9991E-05 0.122344
9.9991E-05 0.13429 0.236533 0.39145 0.0267955 0.210831
0.049968 0.0296779 0.198365 0.116071 9.9991E-05 0.605817
0.0690843 0.0109236 0.309509 0.499815 0.0843738 0.0262945
0.0225214 0.0426056 0.278377 0.56599 9.9991E-05 0.0904065
0.00238958 0.119476 0.200819 0.542871 9.9991E-05 0.134345
0.0616327 0.115513 0.510315 0.31234 9.9982E-05 9.9982E-05
9.9991E-05 0.0695107 0.165395 0.64407 0.0503525 0.0705718
0.0074955 0.0193341 0.421469 0.420464 9.9991E-05 0.131138
9.9973E-05 0.24093 0.686426 9.9973E-05 9.9973E-05 0.0723443
0.0659706 0.0357682 0.22172 0.49117 9.9991E-05 0.185271
0.00539491 0.220535 0.533364 0.240506 9.9982E-05 9.9982E-05
9.9982E-05 0.0893234 0.344345 0.532573 0.0335584 9.9982E-05
9.9991E-05 0.0499604 0.627805 0.0472879 0.0195863 0.255261
9.9973E-05 0.130051 9.9973E-05 9.9973E-05 0.115976 0.753673
9.9982E-05 0.225238 9.9982E-05 0.0527805 0.106334 0.615448
9.9982E-05 0.157409 9.9982E-05 0.0267547 0.0104504 0.805186
9.9982E-05 0.0526256 0.0545075 9.9982E-05 0.124775 0.767892
0.0133209 0.17406 9.9991E-05 0.0387356 0.000926635 0.772857
0.0511952 0.155735 9.9991E-05 0.0518365 0.0466976 0.694436
0.036725 9.9982E-05 0.0199081 0.0817466 0.86142 9.9982E-05
0.00939367 9.9982E-05 9.9982E-05 0.0801987 0.780655 0.129552
0.0600323 9.9982E-05 9.9982E-05 0.164905 0.770893 0.00397014
0.129847 9.9982E-05 9.9982E-05 0.0368719 0.758237 0.0748439
0.0354304 9.9982E-05 9.9982E-05 0.122948 0.816569 0.0248534
9.9973E-05 0.0859271 9.9973E-05 9.9973E-05 0.356232 0.557541
9.9982E-05 0.156067 0.0368373 9.9982E-05 0.474456 0.33244
9.9982E-05 0.095811 0.0103585 9.9982E-05 0.441263 0.452367
9.9973E-05 9.9973E-05 9.9973E-05 0.157753 0.837303 0.00464361
9.9982E-05 0.0769669 0.0658714 9.9982E-05 0.39479 0.462172
0.370372 0.116187 0.0298032 0.259204 0.216909 0.00752455
0.295789 0.00530288 9.9991E-05 0.526332 0.117435 0.055041
0.260651 9.9973E-05 9.9973E-05 0.538917 0.200132 9.9973E-05
0.20759 0.175194 9.9991E-05 0.303662 0.295055 0.0183987
0.268362 0.0302299 0.158102 0.384855 0.0637538 0.0946973
0.318591 0.231712 9.9973E-05 9.9973E-05 0.449397 9.9973E-05
9.9982E-05 0.108125 0.0824572 0.480074 9.9982E-05 0.329144
9.9991E-05 0.205855 0.184891 0.380713 0.00751585 0.220925
0.0074626 9.9991E-05 0.0805061 0.275778 0.102174 0.533979
9.9982E-05 0.159686 0.106926 0.535019 9.9982E-05 0.198168
9.9973E-05 0.595313 0.203192 9.9973E-05 9.9973E-05 0.201195
0.0677034 0.0979786 0.201009 0.501209 0.0224178 0.109683
0.0458957 0.174487 0.00829394 0.524875 9.9991E-05 0.246347
9.9991E-05 0.0256677 0.189466 0.286679 0.0623904 0.435697
0.14188 0.0135699 0.151964 0.474874 0.0919124 0.1258
9.9982E-05 0.39292 0.205031 0.147094 9.9982E-05 0.254755
0.0344358 0.147866 0.13658 0.483106 0.0410191 0.156993
0.0402528 0.057772 0.121696 0.508842 9.9991E-05 0.271338
0.201666 0.0534072 0.157288 0.346322 0.151032 0.0902837
9.9982E-05 0.192124 0.139955 0.426126 9.9982E-05 0.241595
0.000423858 0.113091 0.0860011 0.496032 0.0586052 0.245846
0.145119 0.146976 0.156842 0.433441 9.9991E-05 0.117523
9.9991E-05 0.131476 0.145784 0.534583 0.0740461 0.11401
0.111455 0.060048 0.0769407 0.579564 0.0191243 0.152868
0.047621 0.147713 0.0568331 0.498626 0.132208 0.116999
0.0687309 9.9991E-05 0.123586 0.493291 0.088087 0.226205
0.0764976 9.9973E-05 9.9973E-05 0.125513 0.797689 9.9973E-05
0.0505246 9.9982E-05 0.0677453 0.0382205 0.84331 9.9982E-05
0.0333396 0.00153903 0.115738 9.9991E-05 0.781832 0.0674515
0.0310636 9.9991E-05 0.122949 0.0335642 0.804284 0.00803993
9.9964E-05 9.9964E-05 9.9964E-05 0.163491 0.83611 9.9964E-05
0.0491307 0.0661649 0.0931333 0.212298 0.00552274 0.57375
0.0731922 0.096344 0.116379 0.523227 0.042654 0.148204
0.165807 0.232127 9.9982E-05 0.447953 0.153913 9.9982E-05
0.094674 9.9991E-05 0.0484566 0.616451 0.043068 0.19725
9.9991E-05 0.0656107 0.0606262 0.587408 0.0801763 0.206078
0.0292651 0.280678 9.9991E-05 0.40315 0.0360745 0.250732
9.9982E-05 0.156402 0.0922821 9.9982E-05 0.12007 0.631046
9.9982E-05 9.9982E-05 0.118468 0.485915 0.00601762 0.3894
0.0357517 0.097918 0.100678 0.167677 0.0717994 0.526176
9.9991E-05 0.125987 0.197889 0.436774 0.0770357 0.162215
9.9991E-05 0.0331542 0.174612 0.124327 0.160433 0.507374
0.00238868 9.9991E-05 0.00832175 0.703504 0.0834713 0.202214
0.0230043 0.0314382 0.131694 0.18773 0.0626501 0.563483
0.066657 0.177211 0.0843522 0.370854 0.0205848 0.280341
0.0389306 0.178165 0.0874179 0.49413 0.0679551 0.133401
9.9982E-05 0.510785 9.9982E-05 0.356698 0.020403 0.111914
9.9991E-05 0.243134 0.0270321 0.614591 0.0958746 0.0192687
0.0214143 0.228512 0.110395 0.505084 0.134495 9.9991E-05
9.9982E-05 0.537302 0.0523314 0.356069 9.9982E-05 0.0540981
0.0484519 0.269591 0.102114 0.496463 0.0421316 0.0412479
9.9991E-05 0.285255 0.0448106 0.565627 0.037047 0.06716
9.9982E-05 0.673845 0.155563 0.108722 9.9982E-05 0.0616698
9.9973E-05 0.631823 0.0329344 0.334943 9.9973E-05 9.9973E-05
9.9973E-05 0.34387 9.9973E-05 0.59178 9.9973E-05 0.0640499
9.9982E-05 0.564159 0.166315 0.193734 9.9982E-05 0.0755922
9.9982E-05 0.376385 0.0619606 0.468775 9.9982E-05 0.0926797
0.035881 0.0459003 0.190533 0.0735873 0.0181825 0.635916
0.0144069 0.315853 0.0867931 0.245652 9.9991E-05 0.337194
0.065573 9.9982E-05 0.079784 0.384297 9.9982E-05 0.470146
0.0925942 9.9982E-05 0.0232491 0.587367 9.9982E-05 0.296589
0.00584604 0.0260145 0.217838 0.244421 9.9991E-05 0.50578
0.133341 0.156107 0.0102324 0.426081 0.0991468 0.175092
0.0332725 0.0893389 0.0336595 0.640976 0.0377769 0.164976
0.161494 0.0254584 0.1418 0.378614 9.9991E-05 0.292534
0.0749174 9.9982E-05 0.169793 0.492203 9.9982E-05 0.262887
0.108548 0.0215764 0.0880408 0.394416 0.023051 0.364368
0.0845985 0.051232 0.189984 0.137839 9.9991E-05 0.536247
0.11656 0.0273 0.0901929 0.274444 9.9991E-05 0.491404
0.0541658 9.9982E-05 0.090036 0.623893 9.9982E-05 0.231705
0.0670003 0.133498 0.00164548 0.595596 0.0565237 0.145737
9.9991E-05 0.141989 0.0170961 0.518135 0.0866131 0.236066
0.0436429 0.121393 0.0484662 0.534917 9.9991E-05 0.251481
0.10343 9.9991E-05 0.0302498 0.358803 0.0494407 0.457976
0.0509303 9.9991E-05 0.0664613 0.62766 0.0444494 0.210399
0.0962617 9.9991E-05 0.0436618 0.516577 0.0465041 0.296896
0.0538053 0.0768955 0.14683 0.461987 0.136187 0.124295
0.0742835 0.080869 0.030301 0.406703 0.38376 0.0240837
0.299215 0.115304 0.0362961 0.456591 0.0924941 9.9991E-05
0.204835 0.0402573 0.0610246 0.440286 0.132421 0.121176
0.134161 0.1215 0.0991206 0.561015 0.0454838 0.0387192
0.27524 0.124139 0.0538211 0.393854 0.152846 9.9991E-05
0.0190587 0.268293 9.9982E-05 0.533079 9.9982E-05 0.17937
0.0465639 9.9991E-05 0.0942897 0.541054 0.249725 0.0682676
0.130418 0.4409 0.155755 0.024913 0.247914 9.9991E-05
0.211916 0.0295589 0.10844 0.427638 0.102119 0.120328
0.173454 0.0313713 0.0709202 0.540658 0.109128 0.0744682
0.233157 0.186318 0.00789397 0.46967 0.0883982 0.0145638
0.100865 0.235938 0.0148258 0.339608 0.197528 0.111236
0.183818 0.0269861 0.119218 0.468428 0.188828 0.0127225
0.193721 0.101728 9.9991E-05 0.527713 0.0970382 0.0797005
0.229128 0.334357 9.9973E-05 9.9973E-05 0.436215 9.9973E-05
0.165426 9.9982E-05 9.9982E-05 0.602265 0.191221 0.0408879
0.256683 0.127108 0.0736324 0.39557 0.124567 0.0224402
0.135293 0.122796 0.0331481 0.586539 0.122123 9.9991E-05
0.171275 0.0953015 9.9982E-05 0.537482 0.195742 9.9982E-05
0.177513 0.00872774 0.0914035 0.541106 0.162402 0.0188481
0.0666887 0.267582 0.11846 0.457924 9.9991E-05 0.0892455
0.0779285 0.226552 0.0184106 0.619931 9.9991E-05 0.057078
9.9982E-05 0.558815 0.235608 0.0753275 9.9982E-05 0.13005
9.9982E-05 0.637386 0.21033 0.0498892 9.9982E-05 0.102195
0.193852 0.191625 0.215216 0.375628 0.0231692 0.000509563
0.280214 0.113801 9.9991E-05 0.450798 0.138734 0.0163534
0.360383 0.240373 0.0266632 0.281521 0.0909601 9.9991E-05
0.361101 0.298842 0.0142323 0.157781 0.164307 0.00373662
0.2451 0.168269 9.9982E-05 0.421622 0.164808 9.9982E-05
0.0151098 0.684006 9.9982E-05 0.244857 0.0558274 9.9982E-05
0.104114 0.612494 0.0241186 0.21841 0.0407634 9.9991E-05
0.0874981 0.225636 0.132206 0.55446 9.9982E-05 9.9982E-05
0.129143 0.291215 0.156769 0.406086 0.0166874 9.9991E-05
0.0910996 0.588444 9.9991E-05 0.280325 0.0150118 0.0250195
0.0783324 0.223246 0.0579135 0.524798 0.0408929 0.0748176
0.1349 0.21596 0.0761026 0.503832 0.0493821 0.0198241
0.193763 0.219369 0.0770446 0.413708 0.0093051 0.0868104
9.9991E-05 0.374467 0.178723 0.352235 0.0140011 0.0804739
0.0235863 0.341938 0.173884 0.386577 9.9991E-05 0.0739144
0.043036 0.199238 0.0226226 0.60626 0.0463623 0.0824816
9.9982E-05 0.357375 9.9982E-05 0.406394 0.0609883 0.175043
0.107621 0.235221 0.0775424 0.379953 0.0734519 0.126211
9.9982E-05 0.407256 0.0880182 0.489304 9.9982E-05 0.0152216
9.9982E-05 0.561704 0.0545462 0.293926 9.9982E-05 0.089624
9.9982E-05 0.193012 0.203031 0.577552 0.026205 9.9982E-05
9.9982E-05 0.520241 0.149671 0.239122 9.9982E-05 0.0907665
9.9973E-05 0.396836 0.0745439 0.52832 9.9973E-05 9.9973E-05
0.0622305 0.0669187 0.142584 0.495086 0.0989936 0.134187
9.9991E-05 0.191874 0.214916 0.435703 0.0444113 0.112996
0.189541 0.0430279 0.088455 0.533311 0.120655 0.0250097
0.128454 0.118157 0.0223442 0.480503 0.146259 0.104283
0.236873 0.149858 0.0124179 0.392539 0.146696 0.0616159
0.182245 0.264802 9.9991E-05 0.357505 0.164287 0.0310611
0.187992 0.0828199 0.164141 0.332393 0.17078 0.061874
0.216504 0.141817 0.105707 0.335856 0.146917 0.0531985
0.167851 0.594048 0.0559235 9.9991E-05 0.167604 0.0144734
0.169014 0.0657534 9.9991E-05 0.641841 0.0501172 0.0731741
0.159917 0.525238 9.9973E-05 9.9973E-05 0.314545 9.9973E-05
0.236618 0.186436 0.0399086 0.504356 0.0325815 9.9991E-05
9.9973E-05 0.533906 0.32578 0.140015 9.9973E-05 9.9973E-05
9.9973E-05 0.650289 0.335723 9.9973E-05 9.9973E-05 0.0136874
9.9973E-05 0.270191 0.217964 0.511545 9.9973E-05 9.9973E-05
0.0245253 0.189408 0.134282 0.651585 9.9982E-05 9.9982E-05
9.9973E-05 0.328391 0.235336 0.435974 9.9973E-05 9.9973E-05
0.0370964 0.14949 0.28365 0.529563 9.9982E-05 9.9982E-05
9.9973E-05 0.257647 0.133512 0.608542 9.9973E-05 9.9973E-05
0.0962792 0.0472572 0.040048 0.0295798 0.786736 9.9991E-05
0.100365 0.0702488 0.00703453 9.9991E-05 0.712161 0.11009
0.0830283 9.9973E-05 9.9973E-05 9.9973E-05 0.860242 0.0564301
9.9964E-05 9.9964E-05 9.9964E-05 0.05881 0.94079 9.9964E-05
0.032868 0.0541696 0.407022 0.430089 0.0757517 9.9991E-05
0.0233835 9.9982E-05 0.468556 0.432402 0.0754581 9.9982E-05
0.00752337 9.9991E-05 0.564546 0.381002 0.0234942 0.0233342
0.0240276 9.9982E-05 0.2908 0.582397 0.102576 9.9982E-05
0.0598338 0.125896 0.198539 0.476486 0.0815695 0.0576761
0.00139527 0.164418 0.494508 0.204275 0.00261787 0.132785
0.0849037 9.9982E-05 0.397069 0.509391 0.00843606 9.9982E-05
9.9973E-05 0.247485 0.396314 0.3559 9.9973E-05 9.9973E-05
0.177599 0.115873 9.9991E-05 0.436933 0.261413 0.00808227
0.122592 0.0502546 0.39544 0.359651 9.9991E-05 0.0719631
9.9973E-05 9.9973E-05 0.648975 0.249532 9.9973E-05 0.101193
9.9982E-05 9.9982E-05 0.363652 0.540211 0.0375381 0.058399
9.9982E-05 9.9982E-05 0.527948 0.344771 0.0384066 0.088675
0.0480968 9.9973E-05 0.438727 0.512876 9.9973E-05 9.9973E-05
0.0564735 0.0129588 0.288537 0.480525 0.103902 0.0576043
9.9964E-05 0.0846032 0.914997 9.9964E-05 9.9964E-05 9.9964E-05
0.0833867 0.119628 0.639112 0.157673 9.9982E-05 9.9982E-05
9.9991E-05 0.0703646 0.531419 0.307943 0.0264432 0.0637302
9.9964E-05 0.236231 0.763369 9.9964E-05 9.9964E-05 9.9964E-05
9.9982E-05 9.9982E-05 0.402901 0.376081 0.0483125 0.172506
9.9982E-05 0.256658 0.58007 0.150008 9.9982E-05 0.0130629
9.9973E-05 0.25125 0.744663 9.9973E-05 9.9973E-05 0.00378728
0.0520015 0.0522978 0.325922 0.539526 0.0301528 9.9991E-05
0.0280256 0.00367847 0.65378 0.129216 0.0610853 0.124214
0.113944 0.0547956 0.428567 0.27628 9.9991E-05 0.126314
0.113956 0.027617 0.205864 0.52848 0.123984 9.9991E-05
0.0402553 9.9991E-05 0.367895 0.468769 0.0369452 0.0860357
9.9982E-05 0.188056 0.0162427 0.472208 9.9982E-05 0.323293
0.0495404 9.9982E-05 0.460543 0.483314 9.9982E-05 0.0064025
0.0331537 9.9991E-05 0.412915 0.404993 0.0699252 0.0789125
9.9973E-05 0.0968479 0.626888 0.275964 9.9973E-05 9.9973E-05
0.0807776 0.0299612 0.16401 0.571188 0.0828855 0.0711779
9.9982E-05 0.024209 0.0358655 9.9982E-05 0.635079 0.304647
9.9991E-05 0.0831016 0.0676548 0.0400032 0.76614 0.0430002
9.9973E-05 0.0939687 9.9973E-05 9.9973E-05 0.810671 0.09506
9.9982E-05 0.0316723 0.0161882 9.9982E-05 0.797818 0.154121
9.9982E-05 0.0663379 9.9982E-05 0.0325666 0.689689 0.211206
0.0458706 9.9991E-05 0.701165 0.0502621 0.0616468 0.140955
9.9982E-05 9.9982E-05 0.62599 0.0992975 0.0870755 0.187437
0.0187409 0.132316 0.734338 0.114405 9.9982E-05 9.9982E-05
0.118962 0.107108 0.205931 0.4233 0.115553 0.0291456
0.0677528 0.0409468 0.177575 0.575041 0.137221 0.00146432
0.0430503 0.0679643 0.624538 0.241706 0.0226415 9.9991E-05
0.0550146 0.0873327 0.305054 0.546919 9.9991E-05 0.00558038
0.00745825 0.0281496 0.488759 0.404902 0.0706306 9.9991E-05
9.9982E-05 0.0579557 0.309632 0.568871 0.0633408 9.9982E-05
0.0374974 0.0820699 0.253869 0.546317 0.023994 0.0562521
0.0442031 9.9982E-05 0.732403 0.149715 9.9982E-05 0.0734789
0.00436053 9.9991E-05 0.677029 0.284445 0.0204884 0.013577
9.9973E-05 9.9973E-05 0.618443 0.276269 9.9973E-05 0.104988
0.0365798 0.159528 9.9991E-05 0.576178 0.128811 0.0988028
9.9982E-05 9.9982E-05 0.489479 0.428456 0.0255265 0.0563384
9.9991E-05 0.0435181 0.404552 0.434911 0.0693099 0.0476087
0.362775 0.115156 0.0367204 0.455706 0.0295423 9.9991E-05
0.443209 0.0603566 0.0425273 0.346788 0.10702 9.9991E-05
0.450545 0.00173372 9.9991E-05 0.39488 0.100651 0.0520902
0.471163 0.0140282 0.0216844 0.326185 0.16684 9.9991E-05
0.285039 9.9982E-05 9.9982E-05 0.513906 0.149975 0.0508798
0.0845536 0.112036 0.249219 0.519299 9.9991E-05 0.0347926
0.615212 0.0140418 9.9982E-05 0.0665797 0.303967 9.9982E-05
0.475758 0.00132357 0.0864296 0.26216 0.174229 9.9991E-05
0.200367 0.122584 0.0908499 0.407653 0.178445 9.9991E-05
9.9982E-05 0.195663 9.9982E-05 0.575884 0.140814 0.0874388
0.0485023 0.299032 0.0207104 0.373906 0.1313 0.126549
0.0358442 0.205756 9.9991E-05 0.542052 0.142767 0.0734807
0.0163626 0.132212 0.00691974 0.619921 0.123437 0.101147
0.462014 9.9973E-05 9.9973E-05 0.354402 0.183284 9.9973E-05
0.329201 9.9991E-05 0.0673275 0.395815 0.175321 0.0322356
0.433051 0.0137196 9.9982E-05 0.416961 0.136069 9.9982E-05
0.301226 9.9991E-05 0.134154 0.369133 0.150786 0.0446003
0.603186 0.0340642 0.0775698 0.21024 0.0748395 9.9991E-05
0.361147 0.0747473 0.0923268 0.29997 0.0800429 0.0917659
0.541565 0.0734926 9.9991E-05 0.263718 0.0979174 0.0232068
0.407661 0.0925704 9.9991E-05 0.363629 0.0586028 0.0774361
9.9982E-05 0.322868 0.00681967 0.590361 0.0797521 9.9982E-05
0.36713 0.0481078 0.0117551 0.380732 0.157112 0.0351641
0.654453 0.0623888 9.9982E-05 0.152396 0.130562 9.9982E-05
0.417248 0.0473061 0.0625839 0.300635 0.0969933 0.0752339
0.0166265 0.30383 0.154624 0.171332 0.127857 0.225731
0.0903422 0.271945 0.0390036 0.579555 9.9991E-05 0.0190547
0.303129 0.0732006 0.0977642 0.308379 0.217427 9.9991E-05
9.9982E-05 0.183882 9.9982E-05 0.600349 0.103991 0.111578
9.9991E-05 0.219934 0.0160982 0.523239 0.169375 0.071255
0.222309 0.123852 0.0706746 0.399594 0.183471 9.9991E-05
0.290988 0.183666 9.9991E-05 0.326961 0.193129 0.00515632
0.0878107 0.177281 0.0606597 0.621208 0.0481768 0.00486373
0.361255 0.0287818 0.0959717 0.439472 0.0744193 9.9991E-05
0.443232 0.0776523 0.073152 0.316474 0.0893903 9.9991E-05
0.587791 0.0891923 9.9982E-05 0.148888 0.173929 9.9982E-05
0.0758547 0.0804427 0.0939399 0.575971 0.102525 0.0712676
9.9991E-05 0.220952 0.0700199 0.505428 0.0992206 0.10428
9.9991E-05 0.604781 0.0116048 0.22696 0.106343 0.0502115
0.13311 0.142273 0.032478 0.582288 0.018454 0.0913972
0.0334321 0.241866 0.0643729 0.444642 0.0222628 0.193424
0.123246 0.111619 0.061093 0.533504 0.170439 9.9991E-05
0.154488 9.9991E-05 0.120715 0.445444 0.0941603 0.185093
0.241536 0.482194 9.9973E-05 9.9973E-05 0.275971 9.9973E-05
0.111881 0.606582 9.9973E-05 9.9973E-05 0.281237 9.9973E-05
0.177771 0.383037 9.9991E-05 0.29254 0.0928496 0.0537021
0.238939 0.398245 9.9982E-05 0.0258917 0.336725 9.9982E-05
0.242587 0.316388 9.9973E-05 9.9973E-05 0.440724 9.9973E-05
0.126796 0.302592 0.0547842 0.326985 0.180806 0.00803699
0.146463 0.150107 0.0813353 0.370708 0.251287 9.9991E-05
0.202272 0.284406 9.9991E-05 0.151951 0.315547 0.0457238
0.142076 0.457302 9.9982E-05 0.156538 0.243884 9.9982E-05
0.133646 0.185917 0.0655989 0.488616 0.126122 9.9991E-05
0.147301 0.414114 0.0948386 0.109949 0.233698 9.9991E-05
0.0986037 0.479619 9.9973E-05 9.9973E-05 0.421478 9.9973E-05
0.122585 0.0422568 0.0897372 0.538458 0.206863 9.9991E-05
0.259979 0.211139 0.0888015 0.266829 0.155501 0.0177496
0.165144 0.0755542 0.042934 0.4298 0.266341 0.0202272
0.229255 9.9982E-05 0.00276336 0.583814 0.183968 9.9982E-05
0.180616 0.0578251 0.0196571 0.580551 0.135535 0.0258161
0.27051 0.146575 9.9982E-05 0.459419 0.123296 9.9982E-05
0.153533 0.0627992 0.024842 0.387352 0.371374 9.9991E-05
0.155049 0.0425056 9.9991E-05 0.577342 0.216832 0.00817212
0.301658 9.9991E-05 0.113796 0.364765 0.210124 0.00955652
0.217517 0.174953 0.0277616 0.337075 0.22646 0.0162343
0.154519 0.0214186 0.301005 0.169403 0.212415 0.14124
0.129991 0.00857667 0.0999565 0.533404 0.140837 0.087235
0.202349 0.0638973 0.0263699 0.517916 0.13249 0.0569789
0.066467 0.0562668 0.0800839 0.640393 0.0824309 0.0743581
0.321363 0.105847 9.9991E-05 0.305497 0.22924 0.0379534
0.0998639 0.0392742 0.060823 0.564247 0.235692 9.9991E-05
0.223732 0.233777 9.9982E-05 0.178084 0.364208 9.9982E-05
0.16152 0.0254511 9.9991E-05 0.617935 0.1452 0.049794
0.327805 0.169656 0.00114989 0.231898 0.269391 9.9991E-05
9.9982E-05 0.00582201 0.0969532 9.9982E-05 0.805237 0.0917874
9.9991E-05 0.0556175 0.0347619 0.120275 0.0821689 0.707076
9.9964E-05 9.9964E-05 9.9964E-05 9.9964E-05 0.0230387 0.976561
9.9964E-05 9.9964E-05 9.9964E-05 9.9964E-05 0.0274732 0.972127
9.9964E-05 9.9964E-05 9.9964E-05 0.0305519 9.9964E-05 0.969048
0.0248206 9.9973E-05 9.9973E-05 0.0267592 9.9973E-05 0.94812
9.9964E-05 9.9964E-05 9.9964E-05 0.134204 9.9964E-05 0.865396
9.9964E-05 9.9964E-05 9.9964E-05 9.9964E-05 0.0167269 0.982873
0.0037845 9.9973E-05 9.9973E-05 9.9973E-05 0.203931 0.791985
9.9973E-05 9.9973E-05 9.9973E-05 0.0344197 0.932719 0.0325617
0.00783153 9.9982E-05 9.9982E-05 0.0786199 0.794708 0.11864
0.0515529 0.0429248 9.9973E-05 9.9973E-05 0.905222 9.9973E-05
9.9982E-05 0.0510381 9.9982E-05 0.034468 0.824378 0.0899157
0.0498697 9.9991E-05 0.0202735 0.00680806 0.8581 0.0648483
9.9973E-05 0.0615611 9.9973E-05 9.9973E-05 0.88641 0.0517292
0.119215 9.9982E-05 9.9982E-05 0.0607991 0.772573 0.0472133
0.0758619 0.00654551 9.9982E-05 0.0555126 0.86188 9.9982E-05
0.0700556 9.9991E-05 0.0120612 0.0354718 0.7019 0.180412
0.0613706 0.0178872 0.00446509 9.9982E-05 0.916077 9.9982E-05
9.9982E-05 0.0116331 0.0271935 9.9982E-05 0.937633 0.0233404
0.0175371 9.9991E-05 0.0166776 0.0581917 0.837562 0.0699314
0.00777162 9.9982E-05 9.9982E-05 0.0353108 0.954577 0.00214063
0.0155436 0.0216319 9.9982E-05 0.0663808 0.896244 9.9982E-05
9.9982E-05 9.9982E-05 0.0234268 0.101849 0.873558 0.000966386
0.0349056 9.9973E-05 9.9973E-05 0.1213 0.843494 9.9973E-05
0.0722026 9.9973E-05 9.9973E-05 0.140295 0.787203 9.9973E-05
0.122025 9.9973E-05 9.9973E-05 0.104507 0.773168 9.9973E-05
0.0296052 9.9982E-05 0.0122617 0.139887 0.818046 9.9982E-05
9.9991E-05 0.246674 0.0564793 0.417789 0.146611 0.132346
9.9982E-05 0.148406 0.129616 0.66353 0.0582489 9.9982E-05
0.04886 0.0989601 0.107809 0.574186 0.161129 0.00905605
9.9982E-05 0.669109 0.108719 0.171671 0.0503008 9.9982E-05
9.9991E-05 0.140473 0.0352948 0.561901 0.136506 0.125725
9.9973E-05 0.703061 9.9973E-05 0.174009 0.122631 9.9973E-05
9.9973E-05 0.215985 9.9973E-05 0.62767 0.156045 9.9973E-05
9.9991E-05 0.254231 0.0661643 0.424046 0.1068 0.148658
9.9991E-05 0.202514 0.144723 0.532596 0.070459 0.0496087
0.00920751 0.00320899 0.380719 0.499471 0.0497699 0.0576243
9.9991E-05 0.234537 0.0921614 0.441853 0.115841 0.115508
9.9982E-05 0.194897 0.121968 0.584636 0.0982994 9.9982E-05
9.9991E-05 0.201425 0.018852 0.622534 0.0855505 0.0715387
0.00534935 0.270314 0.117205 0.124191 9.9991E-05 0.48284
9.9982E-05 0.867482 0.00122392 0.0114615 9.9982E-05 0.119632
9.9973E-05 0.685264 9.9973E-05 0.266233 0.0482031 9.9973E-05
0.00305827 0.219942 0.0207833 0.659411 0.0634162 0.0333889
9.9991E-05 0.25214 0.0725245 0.548248 0.108086 0.0189003
9.9991E-05 0.192417 0.0814679 0.570875 0.12848 0.0266598
9.9982E-05 0.181015 0.024271 0.714583 0.0799313 9.9982E-05
0.165769 0.127591 0.01695 0.476241 0.213349 9.9991E-05
0.179639 9.9991E-05 0.0338549 0.55357 0.187455 0.0453813
0.174736 0.148014 0.0984701 0.112941 0.370915 0.0949233
0.000349 0.0607102 0.146043 0.637159 0.118863 0.0368762
0.131154 0.0140152 0.0309493 0.452679 0.278978 0.0922236
0.199916 0.436185 9.9973E-05 9.9973E-05 0.363599 9.9973E-05
0.15036 0.151899 0.0183159 0.376502 0.302824 9.9991E-05
0.187176 0.0322242 0.133053 0.245983 0.354402 0.0471621
0.0911356 0.0450022 9.9991E-05 0.44123 0.301452 0.121081
0.288468 0.0644264 0.0717793 0.3734 0.153802 0.0481245
0.10128 0.0743777 0.0255687 0.556392 0.231954 0.0104272
0.159765 0.0453427 0.0703375 0.595 0.104888 0.0246667
0.165364 0.205774 0.0667268 0.381079 0.180956 9.9991E-05
0.127555 9.9982E-05 0.0543183 0.331339 0.486587 9.9982E-05
