0.00701357 9.9982E-05 0.0440071 9.9982E-05 0.913187 0.035592
9.9982E-05 0.000759404 0.00722246 0.0538677 0.93795 9.9982E-05
0.0893385 0.00589885 0.0232264 9.9991E-05 0.815091 0.0663453
0.131433 9.9991E-05 0.116386 0.00311685 0.742814 0.00614968
0.0147857 0.00592039 0.0452029 0.0245528 0.84945 0.0600884
0.0170299 0.00381711 0.0875006 0.096892 0.629273 0.165487
0.0243074 9.9991E-05 0.0216844 0.106046 0.845577 0.0022857
0.0463614 9.9982E-05 0.142819 0.0751274 0.735493 9.9982E-05
9.9982E-05 0.0806505 0.0317242 0.0478363 0.839589 9.9982E-05
0.0766727 9.9991E-05 0.0216096 0.150286 0.67364 0.0776918
9.9982E-05 9.9982E-05 0.164969 0.0816615 0.74521 0.00795932
0.118612 0.294557 0.392977 9.9982E-05 9.9982E-05 0.193654
0.0509085 0.0430257 0.247605 0.0635466 0.0287365 0.566178
0.0823865 0.0688386 0.397288 0.140807 0.0262704 0.28441
0.170735 0.121622 0.295315 0.0383466 0.0561685 0.317814
0.180738 0.143036 0.232384 0.0817928 0.0845635 0.277485
0.141175 0.0749415 0.153717 0.123055 0.0333378 0.473774
0.110929 0.216133 0.218392 0.0395371 0.00919767 0.40581
0.179335 0.222507 0.28403 9.9991E-05 0.0763993 0.237629
0.0950262 0.128224 0.609024 0.13232 0.035306 9.9991E-05
0.0608795 0.189391 0.26156 0.075751 9.9991E-05 0.412319
0.0491102 0.134636 0.151291 0.176007 0.0252406 0.463715
0.0172661 0.152748 0.221331 0.0449449 0.0370532 0.526657
0.124595 0.228705 0.342966 0.0763143 9.9991E-05 0.227319
0.157954 9.9991E-05 0.130235 0.0945328 0.0621749 0.555004
0.0713976 0.12555 0.159544 0.0202151 0.0608792 0.562414
0.079553 0.266363 0.386032 0.0545725 0.0765362 0.136943
0.238966 0.27226 0.360538 9.9982E-05 9.9982E-05 0.128037
9.9982E-05 0.12578 0.389275 0.217633 9.9982E-05 0.267112
0.0433408 9.9973E-05 9.9973E-05 9.9973E-05 0.839895 0.116464
9.9964E-05 9.9964E-05 9.9964E-05 9.9964E-05 0.843717 0.155883
0.0265358 0.0684668 9.9982E-05 9.9982E-05 0.771062 0.133736
0.111798 0.0396314 9.9982E-05 9.9982E-05 0.734457 0.113914
0.0519903 0.231337 0.130314 0.0333645 0.0160653 0.536929
0.0318762 0.329546 0.0769381 9.9991E-05 0.101582 0.459958
0.00661407 0.383876 0.0423522 9.9991E-05 0.0370656 0.529992
0.0570126 0.230905 0.492662 0.00630566 0.0940496 0.119065
0.00910088 0.562538 0.0313377 0.0424215 0.0426588 0.311943
0.0247075 0.304396 0.0845091 9.9991E-05 0.116904 0.469383
0.0639718 0.078247 0.0227659 0.0870179 0.0276294 0.720368
9.9991E-05 0.0448487 0.0114507 0.169259 0.138076 0.636266
9.9991E-05 0.0696453 0.0795991 0.120274 0.0885217 0.64186
9.9982E-05 0.733403 0.0997736 9.9982E-05 0.0573655 0.109258
0.0690501 0.118191 0.0229252 0.191519 0.0108737 0.58744
0.116958 0.223447 0.0417332 0.0637465 0.0248458 0.52927
0.22399 0.163835 0.100018 0.0171124 0.0884404 0.406605
9.9973E-05 0.646713 9.9973E-05 0.0573016 9.9973E-05 0.295686
0.00626158 0.275722 0.00543233 9.9991E-05 0.0889127 0.623571
0.112771 0.254336 9.9991E-05 0.127768 0.099281 0.405744
9.9973E-05 0.560732 9.9973E-05 0.37872 0.0602486 9.9973E-05
9.9982E-05 0.276966 0.400357 0.113517 9.9982E-05 0.20896
0.0378725 0.225286 0.215538 0.429652 9.9991E-05 0.0915522
0.0747703 0.100762 0.172514 0.0348848 0.0738155 0.543253
0.0779194 9.9991E-05 0.0515214 0.10732 0.103158 0.659981
0.0489675 9.9991E-05 0.108597 0.156879 0.0554741 0.629982
9.9991E-05 0.246864 0.316081 0.150236 0.102667 0.184052
9.9982E-05 0.126205 0.197159 0.0478048 9.9982E-05 0.628631
0.102196 9.9991E-05 0.149838 0.102647 0.100471 0.544748
0.0463923 0.242075 0.196452 0.1284 0.115649 0.271032
0.128787 0.145423 0.376741 0.178961 0.153329 0.0167585
0.0980073 0.124581 0.148509 0.0454088 0.0527919 0.530702
0.0871524 0.097146 0.204065 0.191534 0.0240142 0.396089
9.9991E-05 0.301137 0.488977 0.110406 0.0603868 0.0389931
0.0340768 0.234012 0.178375 0.113581 9.9991E-05 0.439856
0.0305034 0.0716103 0.121052 0.136447 9.9991E-05 0.640287
0.0872453 0.0251975 0.161641 0.104328 0.049394 0.572193
0.113143 0.283008 0.201346 0.176937 9.9991E-05 0.225467
0.111176 0.183971 0.127931 0.126975 0.0328772 0.417069
0.0113525 0.0551471 0.177345 0.0533906 0.0861587 0.616606
0.00596289 0.32658 0.292114 0.169459 0.0438184 0.162066
9.9973E-05 0.423924 0.0216488 9.9973E-05 9.9973E-05 0.554127
9.9982E-05 0.713039 0.0182041 9.9982E-05 0.0431322 0.225424
0.0182339 0.159077 0.0396163 0.0663185 0.125646 0.591109
9.9964E-05 0.835343 9.9964E-05 0.164257 9.9964E-05 9.9964E-05
9.9964E-05 0.821197 9.9964E-05 0.178403 9.9964E-05 9.9964E-05
9.9973E-05 0.767089 0.00661544 9.9973E-05 9.9973E-05 0.225996
9.9982E-05 0.491145 0.0187747 9.9982E-05 0.0703586 0.419522
0.0219078 0.145464 0.0719692 0.0305668 0.085325 0.644767
0.0758205 0.511581 0.00983043 9.9982E-05 9.9982E-05 0.402568
0.0522232 0.685117 0.132681 9.9991E-05 0.0376805 0.0921988
9.9982E-05 0.587133 0.150245 9.9982E-05 0.0650719 0.197351
0.191381 0.296822 0.116928 9.9991E-05 0.00973931 0.38503
0.0380668 0.594008 0.0578881 9.9991E-05 0.0262526 0.283685
0.0709553 0.564427 0.0207184 9.9991E-05 0.0257062 0.318093
9.9973E-05 0.508154 9.9973E-05 0.0960463 9.9973E-05 0.3955
0.0192919 0.700454 9.9973E-05 0.279954 9.9973E-05 9.9973E-05
0.11975 0.227316 0.0222962 0.043073 0.00358553 0.583979
0.0352109 9.9982E-05 0.0661627 9.9982E-05 0.818224 0.0802022
9.9964E-05 9.9964E-05 9.9964E-05 9.9964E-05 0.909763 0.089837
9.9964E-05 9.9964E-05 9.9964E-05 9.9964E-05 0.873723 0.125877
0.0426825 0.0155424 9.9991E-05 0.0280112 0.882634 0.0310304
0.024606 9.9982E-05 9.9982E-05 0.0286188 0.846825 0.0997502
0.000657367 0.000176917 9.9991E-05 0.0172008 0.905541 0.0763235
9.9973E-05 9.9973E-05 9.9973E-05 0.0118489 0.916386 0.0714652
9.9982E-05 0.302922 0.0643782 9.9982E-05 0.117553 0.514947
0.0940669 0.243092 9.9991E-05 0.0109226 0.100591 0.551228
9.9982E-05 0.877612 0.0521899 0.0151312 0.0548675 9.9982E-05
0.0572137 0.2124 0.0829069 0.0218967 0.12986 0.495722
9.9982E-05 0.493239 0.0697844 9.9982E-05 0.0467775 0.389999
0.068703 0.301242 9.9982E-05 9.9982E-05 0.109413 0.520443
0.0488371 0.280296 9.9991E-05 0.0779241 0.0324707 0.560372
0.0535193 0.447256 9.9982E-05 0.0451854 9.9982E-05 0.45384
9.9973E-05 0.775396 0.14997 9.9973E-05 0.0743342 9.9973E-05
0.104757 0.229323 0.0443185 0.083112 0.146022 0.392467
0.0395017 0.228423 9.9991E-05 0.0396398 0.0957187 0.596617
0.076802 0.171277 0.0754559 9.9991E-05 0.113846 0.562519
0.0205639 0.593714 9.9982E-05 0.149766 9.9982E-05 0.235756
0.0514937 0.355917 9.9991E-05 0.0843497 0.00531104 0.502828
9.9991E-05 0.364019 0.083322 0.00956676 0.0508899 0.492102
0.0846602 0.548135 9.9973E-05 9.9973E-05 9.9973E-05 0.366905
9.9982E-05 0.429904 0.0907715 9.9982E-05 0.0659599 0.413164
0.087121 0.278875 0.0911705 9.9998E-05 0.0744262 0.468308
9.9991E-05 0.124973 0.295372 0.22586 0.0460705 0.307625
0.0327638 0.0929985 0.27413 9.9991E-05 0.11608 0.483928
0.0439327 0.0334306 0.189582 0.118118 0.0451706 0.569767
0.0380134 0.180996 0.0698341 0.0604209 0.0423799 0.608355
9.9991E-05 0.120114 0.291822 0.0667194 0.0191885 0.502057
0.00853079 0.0568983 0.163891 0.107756 0.0519708 0.610952
0.0206309 0.0945022 0.341438 0.0578838 9.9991E-05 0.485445
0.0491894 0.180765 0.0918624 0.0401099 0.123557 0.514516
0.126336 0.081915 0.142128 0.0739763 0.061352 0.514293
9.9991E-05 0.0413119 0.165154 0.121231 0.039631 0.632573
9.9973E-05 0.108464 0.367567 9.9973E-05 9.9973E-05 0.523669
0.0459825 9.9982E-05 0.0486141 0.205037 9.9982E-05 0.700166
0.110838 0.260583 0.137975 0.0410974 9.9991E-05 0.449406
0.0440759 0.144351 0.196164 0.019376 9.9991E-05 0.595934
0.105606 9.9982E-05 0.245747 0.0908234 9.9982E-05 0.557624
0.0995465 0.0689515 0.191362 0.0765732 9.9991E-05 0.563467
0.0528405 0.0146143 0.249812 0.206294 0.095083 0.381356
0.12951 0.0845674 0.155092 0.0228992 9.9991E-05 0.607831
0.0229484 9.9991E-05 0.0903955 0.103099 0.0817817 0.701675
0.0772306 0.257955 0.424128 0.0339058 9.9991E-05 0.20668
9.9982E-05 0.119581 0.306031 0.351669 9.9982E-05 0.22252
0.0348681 0.136905 0.203661 0.0969897 9.9991E-05 0.527476
0.0499584 0.238105 0.303293 0.299881 9.9991E-05 0.108663
0.0128894 0.183549 0.397249 0.126713 0.0294632 0.250136
9.9982E-05 0.195245 0.300109 0.0709245 9.9982E-05 0.433522
9.9991E-05 0.228831 0.337979 0.115109 0.0208632 0.297119
9.9991E-05 0.188987 0.403265 0.0648633 0.0110479 0.331737
0.0778087 0.0795774 0.0911019 0.0607481 0.0980184 0.592746
0.0411236 0.11722 0.0777555 0.0361729 0.163496 0.564231
9.9991E-05 0.0821333 0.181976 0.0614067 0.0790259 0.595358
0.0815445 0.139207 0.300981 0.344838 9.9991E-05 0.13333
9.9991E-05 0.171067 0.0371672 0.140265 0.168349 0.483052
0.124267 0.149409 0.0382856 0.192193 0.0482042 0.447642
9.9991E-05 0.0985446 0.183826 0.51354 0.134858 0.0691312
9.9991E-05 0.0694213 0.0338944 0.0955954 0.116209 0.68478
9.9991E-05 0.148047 0.0772505 0.247348 0.12329 0.403964
0.0098341 0.100852 0.0483173 0.198413 0.118412 0.524171
0.000189426 0.00408728 0.0780847 0.49434 0.0801544 0.343144
9.9991E-05 0.0860313 0.167379 0.467252 0.0373805 0.241856
9.9991E-05 0.0659555 0.139787 0.265553 0.0190248 0.50958
0.0680136 0.018605 0.0503065 0.210281 0.081247 0.571547
0.0520435 0.131939 0.0667894 0.199319 0.0951062 0.454803
0.167426 0.276854 0.105382 0.371388 0.0788512 9.9991E-05
0.036822 0.117598 0.0387165 0.136438 0.11206 0.558367
9.9982E-05 0.137411 0.0637939 0.387797 9.9982E-05 0.410799
9.9982E-05 0.198829 0.128125 0.21458 9.9982E-05 0.458266
0.0290823 0.127287 0.0121267 0.115324 0.123736 0.592444
0.25083 9.9982E-05 9.9982E-05 0.24862 0.293751 0.2066
0.115393 9.9973E-05 9.9973E-05 0.342234 0.542073 9.9973E-05
0.141233 9.9973E-05 9.9973E-05 0.407968 0.450499 9.9973E-05
0.299456 9.9982E-05 9.9982E-05 0.156193 0.389192 0.154959
9.9973E-05 0.00332229 9.9973E-05 0.335962 9.9973E-05 0.660416
0.052162 0.0146442 0.0592174 0.149795 0.147595 0.576586
0.681416 0.0412108 9.9973E-05 9.9973E-05 9.9973E-05 0.277073
0.440259 0.0138101 0.118367 9.9991E-05 0.00901214 0.418452
0.409946 0.0376864 0.0674848 0.0569419 0.153729 0.274212
9.9973E-05 0.0443336 9.9973E-05 0.574031 9.9973E-05 0.381335
9.9991E-05 0.134909 0.025067 0.143273 0.106367 0.590284
9.9982E-05 0.0656076 0.00456343 0.685917 9.9982E-05 0.243712
9.9982E-05 0.050778 9.9982E-05 0.313476 0.0412721 0.594274
9.9991E-05 0.0758155 0.0527071 0.374353 0.0237889 0.473236
9.9982E-05 9.9982E-05 0.0300986 0.26673 0.0559674 0.647004
9.9982E-05 0.0645974 0.0554322 0.594269 9.9982E-05 0.285501
0.0657801 0.05695 0.0772376 0.15185 0.0450746 0.603108
0.0893647 0.0754074 9.9991E-05 0.223591 0.100865 0.510672
0.9995 9.996E-05 9.996E-05 9.996E-05 9.996E-05 9.996E-05
0.924956 9.9964E-05 9.9964E-05 9.9964E-05 9.9964E-05 0.0746446
0.612453 0.0677452 0.0517863 9.9991E-05 0.032324 0.235592
0.658044 9.9964E-05 9.9964E-05 9.9964E-05 9.9964E-05 0.341557
0.855906 0.0219246 0.00520456 9.9982E-05 9.9982E-05 0.116765
0.9995 9.996E-05 9.996E-05 9.996E-05 9.996E-05 9.996E-05
0.974472 9.9964E-05 0.0251284 9.9964E-05 9.9964E-05 9.9964E-05
0.844042 9.9964E-05 9.9964E-05 9.9964E-05 9.9964E-05 0.155558
0.920353 0.00332057 0.00252578 9.9982E-05 9.9982E-05 0.0736005
0.9995 9.996E-05 9.996E-05 9.996E-05 9.996E-05 9.996E-05
0.9995 9.996E-05 9.996E-05 9.996E-05 9.996E-05 9.996E-05
0.741797 9.9973E-05 9.9973E-05 9.9973E-05 0.054848 0.203055
0.810591 9.9982E-05 0.0746681 0.0312857 9.9982E-05 0.0832553
0.989587 0.010013 9.9964E-05 9.9964E-05 9.9964E-05 9.9964E-05
0.364346 9.9991E-05 0.16047 0.0805059 0.0263619 0.368217
0.602383 9.9982E-05 0.0548448 9.9982E-05 0.0767961 0.265776
0.701953 9.9982E-05 0.0400497 9.9982E-05 0.0890365 0.168761
0.84339 9.9973E-05 0.0329369 9.9973E-05 9.9973E-05 0.123374
0.9995 9.996E-05 9.996E-05 9.996E-05 9.996E-05 9.996E-05
0.873251 9.9982E-05 0.00970012 9.9982E-05 0.0402411 0.0766083
0.9995 9.996E-05 9.996E-05 9.996E-05 9.996E-05 9.996E-05
0.640753 0.0377545 0.0520386 0.0210026 9.9991E-05 0.248351
0.945549 0.027334 9.9973E-05 9.9973E-05 0.0268173 9.9973E-05
0.0150433 9.9973E-05 9.9973E-05 0.646343 0.338313 9.9973E-05
0.0370237 0.0296826 0.0865387 0.204686 0.17943 0.462639
0.0426105 0.0561671 0.00806092 0.259561 0.258776 0.374825
0.0919033 9.9991E-05 0.0723341 0.355966 0.247346 0.23235
0.152118 9.9982E-05 9.9982E-05 0.252193 0.158645 0.436845
0.104091 0.0651459 9.9991E-05 0.383415 0.244501 0.202746
0.0920909 0.0412116 0.0498685 0.231223 0.126001 0.459605
0.1731 9.9982E-05 9.9982E-05 0.37312 0.127067 0.326513
0.134233 9.9991E-05 0.0136298 0.255029 0.145325 0.451683
0.118654 9.9982E-05 9.9982E-05 0.310159 0.203548 0.367439
0.0520169 0.0465267 0.0722335 0.19172 0.159067 0.478436
9.9982E-05 9.9982E-05 0.0580862 0.075435 0.8057 0.060579
0.0485767 9.9973E-05 9.9973E-05 0.0508804 0.900243 9.9973E-05
9.9982E-05 0.0173843 0.0422449 9.9982E-05 0.935394 0.00477674
9.9973E-05 9.9973E-05 0.0445863 9.9973E-05 0.92309 0.0320233
9.9982E-05 9.9982E-05 0.087782 0.0247365 0.866125 0.0211567
0.0670291 0.00455946 9.9973E-05 9.9973E-05 0.928111 9.9973E-05
0.0872311 0.00337316 0.00260163 9.9991E-05 0.877899 0.028795
9.9982E-05 0.00601211 9.9982E-05 0.0826155 0.877584 0.0335889
0.00726254 0.0728606 9.9982E-05 9.9982E-05 0.906088 0.0135886
0.121563 9.9982E-05 0.016564 0.0496988 0.811974 9.9982E-05
9.9973E-05 0.162952 0.206764 9.9973E-05 0.629984 9.9973E-05
9.9973E-05 0.0577001 0.348213 9.9973E-05 0.593787 9.9973E-05
9.9982E-05 0.109389 0.288515 0.0595471 0.542349 9.9982E-05
9.9982E-05 0.091148 0.317043 0.0884374 0.503171 9.9982E-05
9.9982E-05 0.268984 0.102729 9.9982E-05 0.0815056 0.546581
0.0850185 0.384442 0.0532305 9.9991E-05 0.0304361 0.446773
0.00861333 0.257395 0.0538941 9.9991E-05 0.0533433 0.626654
9.9982E-05 0.288055 0.27042 0.0290314 9.9982E-05 0.412294
9.9982E-05 0.195535 0.551081 0.0996547 9.9982E-05 0.153529
0.0742909 0.288931 9.9982E-05 9.9982E-05 0.0837692 0.552809
0.0394164 0.299376 0.0857535 9.9991E-05 0.023119 0.552235
0.00817927 0.260804 0.0835353 0.14067 0.0139311 0.49288
0.127451 0.587236 9.9982E-05 0.00248222 9.9982E-05 0.282632
0.0708523 0.249934 0.0434474 0.00604661 0.0984724 0.531247
9.9982E-05 0.392688 0.133397 9.9982E-05 0.0492408 0.424474
9.9973E-05 0.735134 0.0413638 0.223203 9.9973E-05 9.9973E-05
0.101272 0.164859 0.177449 0.100497 0.0203778 0.435545
9.9982E-05 0.608396 9.9982E-05 0.170638 0.0313582 0.189408
0.015221 0.406803 9.9982E-05 9.9982E-05 0.0559354 0.521841
9.9982E-05 0.722618 0.20291 9.9982E-05 0.0293657 0.0449065
9.9982E-05 9.9982E-05 0.729112 0.151403 0.0891139 0.030171
9.9982E-05 9.9982E-05 0.702928 0.0986734 0.0915807 0.106618
9.9982E-05 9.9982E-05 0.837311 0.090232 0.0396186 0.0326383
9.9991E-05 0.0463961 0.796881 0.0630313 0.0798755 0.0137166
9.99751E-05 9.99751E-05 0.821626 0.0406915 9.99751E-05 0.137382
0.00485263 9.9991E-05 0.76215 0.00433254 0.0566621 0.171903
0.00461849 9.9982E-05 0.0203361 9.9982E-05 0.85486 0.119986
0.0375722 9.9982E-05 0.0823709 9.9982E-05 0.814591 0.0652662
0.164439 9.9982E-05 0.0226006 9.9982E-05 0.745786 0.0669749
0.155421 9.9982E-05 0.124246 9.9982E-05 0.696154 0.0239781
0.0754355 9.9982E-05 0.050377 9.9982E-05 0.79266 0.0813275
9.9982E-05 0.0222618 0.543479 0.0516397 0.38242 9.9982E-05
9.9982E-05 0.143434 0.332822 0.0384662 0.485077 9.9982E-05
9.9982E-05 0.0907854 0.42845 0.0252003 0.455365 9.9982E-05
9.9973E-05 9.9973E-05 0.00696606 9.9973E-05 0.817423 0.175311
9.9973E-05 0.167288 0.463891 9.9973E-05 0.368521 9.9973E-05
0.330998 9.9982E-05 9.9982E-05 0.151699 0.231623 0.28548
0.306369 0.0231854 0.0418549 0.0402447 0.0692441 0.519102
0.223278 9.9973E-05 9.9973E-05 9.9973E-05 0.165835 0.610587
0.229907 0.0877126 9.9991E-05 0.136994 0.233013 0.312273
0.184751 0.0615014 9.9991E-05 0.0909596 0.176406 0.486283
0.327738 9.9973E-05 9.9973E-05 0.231683 0.44028 9.9973E-05
9.9991E-05 0.216436 0.253184 0.107564 0.00396086 0.418755
0.0434092 0.148339 0.193887 0.253796 0.0039958 0.356573
0.0223043 0.199736 0.429469 0.011398 0.080499 0.256594
9.9982E-05 0.134988 0.143821 0.174992 9.9982E-05 0.545999
9.9973E-05 0.224601 0.126732 0.648367 9.9973E-05 9.9973E-05
0.056664 0.114669 0.152593 0.146901 0.0343429 0.494831
9.9991E-05 0.142317 0.20089 0.13424 0.0394271 0.483027
9.9991E-05 0.169554 0.414141 0.0686587 0.0493828 0.298164
0.0615138 0.0766973 0.134614 0.1382 0.0259685 0.563005
9.9982E-05 0.277762 0.189183 0.423758 9.9982E-05 0.109096
9.9991E-05 0.054818 0.121794 0.279074 0.00229477 0.54192
9.9982E-05 0.167357 0.231498 9.9982E-05 0.0509465 0.549998
0.119299 0.138833 0.0751613 0.0781033 0.15098 0.437624
0.0138758 0.134029 0.187567 0.262786 9.9991E-05 0.401643
0.0578615 0.172075 0.186692 0.0924219 0.038683 0.452266
0.0889975 0.176027 0.086381 0.158555 0.0123584 0.477681
9.9982E-05 0.200658 0.107576 0.120011 9.9982E-05 0.571555
0.0407794 0.12962 0.18649 9.9991E-05 0.0319988 0.611012
0.14367 0.203472 0.0748877 9.9991E-05 0.0534978 0.524373
0.109207 0.0329279 0.190197 0.145729 9.9991E-05 0.521838
0.110791 9.9982E-05 9.9982E-05 0.00627727 0.786923 0.0958084
0.0663137 0.06248 9.9991E-05 0.0127235 0.828035 0.030348
9.9991E-05 0.0839177 0.0136819 0.0227901 0.78301 0.0964999
0.0691863 0.13159 9.9982E-05 9.9982E-05 0.797001 0.00202241
0.0204904 9.9973E-05 9.9973E-05 9.9973E-05 0.829643 0.149566
0.0903456 0.118338 0.552564 0.111316 9.9991E-05 0.127337
0.0306865 0.0662821 0.145388 0.124743 0.0904318 0.542468
0.297953 0.091611 0.0357626 0.148803 0.126353 0.299517
0.0736426 0.0132772 0.19716 0.0422455 0.0250708 0.648604
0.0532541 0.181092 0.135769 0.021438 0.0911489 0.517298
0.0439038 9.9982E-05 0.272913 0.311975 9.9982E-05 0.371009
9.9982E-05 0.206255 0.523005 0.133374 0.137167 9.9982E-05
0.0216685 0.114162 0.221002 0.0801857 0.0329488 0.530033
0.0673271 0.0892119 0.48458 0.176552 0.0191808 0.163148
0.0654513 0.164604 0.226414 0.0976617 0.0124683 0.4334
0.021977 0.182026 0.497144 0.0799562 0.112234 0.106663
0.188298 9.9991E-05 0.113279 0.150571 0.0442443 0.503507
0.0755175 0.192545 0.424686 0.0928377 0.0811451 0.133269
0.0334267 0.0762221 0.274786 0.220625 0.0809269 0.314013
0.0819581 0.064057 0.131686 0.249301 0.0481242 0.424874
9.9982E-05 9.9982E-05 0.0812727 0.560164 0.014063 0.344301
9.9991E-05 0.0578116 0.0306218 0.194382 0.094581 0.622503
9.9991E-05 0.0903534 0.0716301 0.105423 0.138896 0.593597
9.9982E-05 0.0328285 0.0765422 0.498702 9.9982E-05 0.391728
0.177336 9.9991E-05 0.106214 0.257597 0.0286001 0.430152
9.9991E-05 0.110657 0.0449944 0.308705 0.0254651 0.510078
9.9982E-05 0.045425 0.0226031 0.723034 9.9982E-05 0.208738
9.9964E-05 9.9964E-05 9.9964E-05 0.638596 9.9964E-05 0.361004
9.9973E-05 9.9973E-05 0.0830504 0.377146 9.9973E-05 0.539503
9.9982E-05 0.197223 0.0886124 0.488738 9.9982E-05 0.225227
9.9982E-05 0.0848293 0.0863798 0.293751 9.9982E-05 0.53484
9.9991E-05 0.224878 0.559347 0.0844292 0.00379973 0.127447
0.00192222 0.135316 0.309951 0.240631 9.9991E-05 0.312079
0.119582 0.283588 0.34736 9.9991E-05 0.028777 0.220592
0.0691568 0.0371493 0.19861 0.00912087 0.0501189 0.635844
0.0362413 0.315972 0.41664 0.0355575 9.9991E-05 0.195489
0.0833785 0.0560319 0.214653 0.144481 0.00977258 0.491683
0.106199 0.0946963 0.128935 0.121298 0.0240209 0.52485
0.106878 0.304292 0.214975 9.9982E-05 9.9982E-05 0.373655
0.140437 0.150757 0.263945 9.9982E-05 9.9982E-05 0.44466
0.0471243 0.234722 0.229102 0.000485405 0.0708717 0.417694
0.0963627 0.241697 0.469917 9.9982E-05 9.9982E-05 0.191823
0.0848766 0.104596 0.431721 0.0503087 0.0212863 0.307212
0.00631996 0.0502248 0.151144 0.0920989 0.0120811 0.688131
9.9991E-05 0.0848081 0.200923 0.0923422 0.0177739 0.604053
9.9991E-05 0.0488287 0.205754 0.206561 0.0734047 0.465351
0.0646841 0.0373737 0.276989 0.11755 9.9991E-05 0.503303
0.119812 0.113139 0.394829 0.00634134 0.0441462 0.321732
0.00414017 0.0859922 0.239245 0.00728448 0.032659 0.630679
0.0207187 0.132853 0.239353 0.054198 0.0576054 0.495272
0.0715808 0.0143224 0.067647 0.210793 0.0733507 0.562306
0.164665 0.00396602 0.0327726 0.0650979 0.33723 0.396269
0.247914 0.0227317 9.9991E-05 0.130242 0.144843 0.454169
0.143293 0.093578 0.00992416 0.121152 0.116256 0.515797
0.124143 0.135648 0.0798283 0.0468968 0.0768917 0.536593
0.259004 0.0703862 0.00392147 0.0835661 0.164552 0.41857
0.0112367 0.0531311 0.199528 0.227302 9.9991E-05 0.508702
0.266035 0.166222 0.0636293 0.000539707 0.106257 0.397316
0.120491 0.169019 9.9991E-05 0.412725 0.264735 0.0329292
0.186115 9.9991E-05 0.0926032 0.204339 0.0488375 0.468005
0.0699385 9.9991E-05 0.0271961 0.141747 0.147264 0.613755
0.214206 0.0345876 0.049881 0.150902 0.0979527 0.452471
0.117265 0.0530371 0.0941407 0.196763 0.188776 0.350018
0.213726 0.0235999 0.0648128 0.102485 0.104027 0.49135
0.149713 9.9982E-05 9.9982E-05 0.141665 0.0821513 0.626271
0.157665 9.9973E-05 9.9973E-05 0.37674 0.465295 9.9973E-05
0.191475 0.0711857 9.9991E-05 0.0857662 0.168982 0.482491
0.175364 9.9991E-05 0.0462624 0.0927288 0.165052 0.520492
0.112981 9.9991E-05 0.0239347 0.184112 0.101544 0.577328
0.195753 9.9982E-05 9.9982E-05 0.125159 0.189259 0.489628
0.102131 0.059297 0.0459501 0.0553815 0.164127 0.573114
0.178673 0.149439 0.0931755 0.23883 0.00736853 0.332515
0.0191507 0.0032308 0.124089 0.135138 0.0933331 0.625058
9.9982E-05 0.372253 0.0427625 0.557431 9.9982E-05 0.027354
9.9982E-05 0.221186 0.0781892 0.659433 9.9982E-05 0.0409913
0.0977728 0.200874 0.028618 0.192159 0.0163638 0.464212
0.313485 9.9982E-05 9.9982E-05 0.17438 0.110595 0.40134
0.393392 0.0800257 9.9991E-05 0.177039 0.0399932 0.30945
0.305122 0.00572318 9.9991E-05 0.318023 0.176343 0.194688
0.256941 0.0801159 9.9991E-05 0.148038 0.171143 0.343662
0.0456741 0.018191 9.9991E-05 0.68244 0.0600988 0.193496
0.0993139 0.0679781 9.9991E-05 0.554302 0.0716708 0.206635
0.126551 0.135396 9.9982E-05 0.175016 9.9982E-05 0.562837
0.165528 0.0743794 9.9991E-05 0.254684 0.0192102 0.486098
0.0901692 9.9991E-05 0.0374121 0.52562 0.0639446 0.282754
0.133487 0.0378746 0.0890826 0.193547 0.0579733 0.488036
0.136403 0.0344522 0.0540758 0.174069 0.000497397 0.600503
0.126352 0.0518633 0.0784171 0.167483 0.125473 0.450411
9.9982E-05 0.220257 0.0415674 0.39388 9.9982E-05 0.344096
9.9982E-05 0.169614 0.138813 0.257709 9.9982E-05 0.433664
9.9982E-05 0.0528736 0.108296 0.186389 9.9982E-05 0.652241
0.0128104 0.0389094 0.129362 0.329771 0.0693332 0.419815
0.0916885 0.0842853 0.0546416 0.20355 0.0344241 0.53141
9.9982E-05 0.111728 0.0521018 0.32583 9.9982E-05 0.51014
9.9982E-05 0.0353703 0.134978 0.587447 9.9982E-05 0.242004
9.9982E-05 0.0971669 9.9982E-05 0.207998 0.0390716 0.655564
9.9982E-05 0.152781 0.0315735 0.521003 9.9982E-05 0.294443
0.0189043 0.0942538 0.0391598 0.346775 9.9991E-05 0.500807
9.9982E-05 0.143951 9.9982E-05 0.171233 0.0941278 0.590487
0.0693239 0.168839 0.0257054 0.264559 9.9991E-05 0.471473
0.265394 0.0693866 0.000811574 0.0879299 0.140894 0.435583
0.129696 0.0787246 9.9991E-05 0.279888 0.0855673 0.426024
0.301349 0.0502354 9.9991E-05 0.249967 0.0932878 0.305061
0.273359 9.9991E-05 0.116652 0.12982 0.174753 0.305316
0.214229 0.059981 0.0950704 0.0387732 0.147976 0.44397
0.215993 0.059027 0.0172953 0.170353 0.122026 0.415306
0.153382 9.9982E-05 0.0447829 0.617524 0.184111 9.9982E-05
0.156385 9.9991E-05 0.0367957 0.0933886 0.0623006 0.65103
0.135989 9.9973E-05 9.9973E-05 0.526796 0.336915 9.9973E-05
0.197862 9.9982E-05 9.9982E-05 0.239617 0.00585033 0.55647
9.9973E-05 0.324324 9.9973E-05 0.551007 9.9973E-05 0.124368
9.9973E-05 0.364458 0.0429501 0.592292 9.9973E-05 9.9973E-05
9.9973E-05 0.182085 9.9973E-05 0.324335 9.9973E-05 0.49328
0.00649216 0.0213786 9.9982E-05 0.285694 9.9982E-05 0.686235
9.9982E-05 0.135623 0.0478423 0.36188 9.9982E-05 0.454455
9.9973E-05 0.245554 9.9973E-05 0.260034 9.9973E-05 0.494112
0.0282518 0.0655415 0.0623226 0.279941 9.9991E-05 0.563843
0.0598528 0.0413751 9.9982E-05 9.9982E-05 0.821671 0.076901
0.104843 9.9982E-05 0.125189 0.0153048 0.754463 9.9982E-05
0.074722 9.9973E-05 0.0586889 9.9973E-05 0.866289 9.9973E-05
9.9973E-05 9.9973E-05 9.9973E-05 0.0107699 0.927943 0.0609867
9.9982E-05 0.334307 0.049138 9.9982E-05 0.0796427 0.536712
0.0533022 0.375638 0.0428906 9.9991E-05 0.0125184 0.515551
9.9982E-05 0.52989 0.00791811 9.9982E-05 0.0432021 0.41879
0.0224172 0.229294 0.0490893 9.9991E-05 0.0845368 0.614563
9.9991E-05 0.231161 0.0897425 0.0237885 0.0961806 0.559028
9.9991E-05 0.568477 0.183149 0.0310367 0.00252294 0.214714
0.0316005 0.390063 9.9982E-05 9.9982E-05 0.00879108 0.569345
9.9973E-05 0.438887 9.9973E-05 0.202485 9.9973E-05 0.358328
0.0848851 9.9991E-05 0.0399022 0.129901 0.208044 0.537168
0.0643286 0.382068 9.9982E-05 0.129046 9.9982E-05 0.424357
9.99753E-05 0.538862 0.114399 9.99753E-05 9.99753E-05 0.346439
9.9973E-05 0.435413 0.0189262 9.9973E-05 9.9973E-05 0.545361
0.0123132 0.553288 0.0513838 0.00273391 9.9991E-05 0.380182
0.0494499 0.397681 9.9991E-05 0.0194832 0.0369768 0.49631
9.9982E-05 0.332754 0.0509407 9.9982E-05 0.0749991 0.541106
9.9964E-05 0.950845 9.9964E-05 0.0487555 9.9964E-05 9.9964E-05
0.0477435 0.639051 0.0230291 0.0978547 0.00811197 0.184209
0.0159138 0.623677 0.0457582 0.0328238 9.9991E-05 0.281727
9.9964E-05 0.735504 9.9964E-05 0.264096 9.9964E-05 9.9964E-05
9.9991E-05 0.516982 0.0340456 0.0395544 0.0383535 0.370965
0.00046753 0.562393 9.9982E-05 0.324168 9.9982E-05 0.112771
9.9964E-05 0.685023 9.9964E-05 0.314577 9.9964E-05 9.9964E-05
0.0645624 0.362733 9.9982E-05 9.9982E-05 0.043303 0.529202
9.9982E-05 0.667673 0.060423 9.9982E-05 0.0410276 0.230677
0.127334 0.477091 0.0931701 0.00645536 0.0216004 0.27435
9.9973E-05 0.190104 9.9973E-05 9.9973E-05 0.141747 0.667849
9.9973E-05 0.369387 0.101994 9.9973E-05 9.9973E-05 0.528319
0.00397844 0.00426239 0.31499 0.288718 9.9991E-05 0.387952
0.0390573 0.310552 0.10958 9.9982E-05 9.9982E-05 0.540611
0.0906697 0.43206 0.107619 0.0130246 9.9991E-05 0.356526
9.9973E-05 0.717382 9.9973E-05 0.0410729 9.9973E-05 0.241245
0.0193339 0.260047 0.0595109 0.032555 0.103327 0.525226
0.0248506 0.0100268 0.300295 0.0519099 0.612817 9.9991E-05
0.0245005 0.118918 0.0730623 0.0305235 0.752878 0.00011721
9.9973E-05 9.9973E-05 0.0906831 0.0977591 0.811258 9.9973E-05
9.9982E-05 0.0460305 0.116047 0.044121 0.793601 9.9982E-05
9.9982E-05 9.9982E-05 0.165288 0.0458683 0.740529 0.048115
0.0899279 0.786988 0.114915 9.9982E-05 0.00796867 9.9982E-05
9.9982E-05 0.71881 9.9982E-05 0.0679379 0.105773 0.107279
0.0258925 0.810803 9.9982E-05 0.0677395 9.9982E-05 0.0953648
0.133879 0.225963 0.0460245 0.0242582 0.0610624 0.508813
0.0282035 0.147936 0.000831245 0.0796547 0.105346 0.638029
0.011456 0.59362 9.9991E-05 0.0974392 0.0754955 0.221889
0.091991 0.335312 9.9982E-05 0.0419264 9.9982E-05 0.530571
0.0757702 0.454094 9.9982E-05 0.0791885 9.9982E-05 0.390748
9.9982E-05 0.33752 0.0179052 9.9982E-05 0.0635915 0.580784
0.0235265 0.233135 0.112733 0.0768834 0.097836 0.455886
9.9991E-05 0.585608 0.109615 0.0293602 0.0246658 0.250651
9.9982E-05 0.595264 0.0705593 9.9982E-05 0.0074974 0.32648
9.9973E-05 0.63073 0.0977757 9.9973E-05 9.9973E-05 0.271195
9.9991E-05 0.034048 0.0830038 0.185999 0.0687279 0.628121
9.9982E-05 0.532061 0.0239447 9.9982E-05 0.0615064 0.382288
0.0158375 0.447043 9.9991E-05 0.0730471 0.0547081 0.409264
0.400368 9.9982E-05 0.0991411 9.9982E-05 0.048244 0.452047
0.37932 9.9991E-05 0.00493256 0.0802327 0.126566 0.408848
0.391649 9.9973E-05 9.9973E-05 9.9973E-05 0.114798 0.493253
0.504744 9.9982E-05 9.9982E-05 0.126565 0.12131 0.247181
0.328636 9.9982E-05 9.9982E-05 0.0604451 0.155307 0.455412
0.0142988 0.245476 9.9982E-05 0.22706 9.9982E-05 0.512965
0.662049 9.9982E-05 9.9982E-05 0.0479063 0.260969 0.0288751
0.436335 9.9982E-05 9.9982E-05 0.0422385 0.175613 0.345614
0.165676 0.0784508 0.0238567 0.187436 0.107054 0.437527
9.9973E-05 9.9973E-05 9.9973E-05 0.233609 0.148427 0.617664
0.0186709 9.9991E-05 0.122604 0.302792 0.115397 0.440436
0.0994906 0.0515946 0.111062 0.113676 0.0963424 0.527835
0.0438692 0.0888895 0.0923154 0.0923211 0.124901 0.557704
0.476859 9.9973E-05 9.9973E-05 9.9973E-05 0.254184 0.268657
0.418507 0.132916 0.00476461 9.9991E-05 0.099841 0.343871
0.448809 9.9982E-05 9.9982E-05 0.0227168 0.0975732 0.430701
0.335003 0.0967552 0.0859148 0.0168882 0.10066 0.364778
0.520596 9.9982E-05 9.9982E-05 0.0407884 0.15203 0.286386
0.30951 0.0760516 0.0187552 9.9991E-05 0.177047 0.418536
0.602755 9.9982E-05 9.9982E-05 0.0880974 0.149534 0.159413
0.367064 0.0648649 0.103055 0.0359364 0.111446 0.317634
0.0146987 9.9991E-05 0.0299307 0.28887 0.0606896 0.605711
0.37116 0.112398 9.9991E-05 0.0758305 0.136535 0.303977
0.633865 9.9982E-05 9.9982E-05 0.00340901 0.148309 0.214217
0.391039 0.0816935 0.0861202 0.0734156 0.0875937 0.280138
9.9991E-05 0.094465 0.223591 0.297046 0.160311 0.224488
0.0350752 9.9973E-05 9.9973E-05 0.273958 9.9973E-05 0.690667
0.270426 9.9991E-05 0.127687 0.0933408 0.110023 0.398422
9.9982E-05 9.9982E-05 0.0992218 0.162807 0.115408 0.622363
9.9991E-05 0.136573 0.0774019 0.090816 0.158242 0.536867
0.285725 0.127577 9.9991E-05 0.112564 0.21241 0.261624
0.318715 9.9991E-05 0.0470354 0.184922 0.175281 0.273946
0.0720632 0.0752244 9.9991E-05 0.125 0.141737 0.585875
0.342956 0.109161 0.00779719 0.0267488 0.170277 0.34306
0.520948 0.00852397 0.0358645 0.0143453 0.0517998 0.368519
0.52787 9.9982E-05 9.9982E-05 0.0238213 0.258527 0.189582
0.038078 0.0254839 0.0429801 0.165237 0.081644 0.646577
9.9991E-05 0.109709 0.0402308 0.282205 0.114072 0.453683
9.9973E-05 9.9973E-05 9.9973E-05 0.681689 0.0744127 0.243599
0.0676152 0.0992296 0.0349721 0.0623254 0.143763 0.592095
0.0579558 9.9991E-05 0.236739 0.204452 0.0684393 0.432314
0.154409 9.9982E-05 9.9982E-05 0.16601 0.240625 0.438756
0.158887 0.0956263 0.072704 0.0748385 0.114203 0.48374
0.202273 9.9973E-05 9.9973E-05 0.497172 0.300255 9.9973E-05
0.123616 9.9973E-05 9.9973E-05 0.60011 0.275975 9.9973E-05
0.160207 9.9991E-05 0.0689364 0.358265 0.13866 0.273831
0.20183 0.00964786 9.9991E-05 0.476835 0.297343 0.0142439
0.205823 9.9973E-05 9.9973E-05 0.37994 0.413937 9.9973E-05
0.151896 0.0456318 9.9991E-05 0.322611 0.102666 0.377096
0.1959 0.168246 9.9991E-05 0.192638 0.177109 0.266007
0.181222 0.099736 9.9991E-05 0.302233 0.248204 0.168504
0.152123 9.9982E-05 9.9982E-05 0.456379 0.262293 0.129006
0.142134 0.137679 9.9991E-05 0.0784627 0.168412 0.473213
0.167501 0.10512 0.0147712 0.413045 0.16363 0.135932
0.0717154 9.9973E-05 9.9973E-05 0.492357 0.435628 9.9973E-05
0.218149 9.9991E-05 0.117029 0.111162 0.124208 0.429351
0.225488 0.0686282 0.0196329 0.195584 0.155562 0.335105
0.192021 0.109033 9.9982E-05 9.9982E-05 0.2587 0.440046
0.290108 9.9982E-05 9.9982E-05 0.044729 0.158833 0.50613
0.205258 9.9982E-05 9.9982E-05 0.123441 0.151446 0.519655
0.214812 9.9991E-05 0.0824475 0.051575 0.155677 0.495389
0.206304 9.9991E-05 0.0162259 0.0676127 0.339419 0.370338
0.19284 9.9991E-05 0.00715509 0.0514505 0.15902 0.589434
0.256234 0.0317395 9.9991E-05 0.053542 0.229933 0.428451
0.155213 9.9991E-05 0.0609285 0.105352 0.274552 0.403854
0.193945 0.359747 0.089073 0.0126119 0.142348 0.202275
0.106349 0.17385 0.0905596 9.9991E-05 0.168954 0.460188
0.133405 0.0338746 0.0144859 0.0997777 0.157602 0.560855
0.0849046 0.116321 0.0056196 0.0385354 0.124307 0.630312
0.212506 9.9991E-05 0.0874649 0.0781452 0.24832 0.373464
0.237925 0.0478559 0.0041155 0.151185 0.156116 0.402803
0.190395 9.9982E-05 9.9982E-05 0.244821 0.375327 0.189257
0.310995 9.9991E-05 0.0759201 0.0595156 0.105905 0.447565
0.336065 9.9982E-05 9.9982E-05 0.278771 0.201805 0.183159
0.01296 0.0401092 0.113326 0.0471531 0.786351 9.9991E-05
0.0196312 9.9982E-05 0.818665 9.9982E-05 0.0515312 0.109973
9.9964E-05 0.00688795 0.992712 9.9964E-05 9.9964E-05 9.9964E-05
9.9964E-05 9.9964E-05 0.980513 9.9964E-05 0.0190869 9.9964E-05
0.029537 9.9964E-05 0.970063 9.9964E-05 9.9964E-05 9.9964E-05
0.0584619 9.9973E-05 0.940122 9.9973E-05 9.9973E-05 0.00111591
9.9973E-05 0.0055387 0.925454 9.9973E-05 9.9973E-05 0.0687076
9.9964E-05 9.9964E-05 0.969098 9.9964E-05 0.0305018 9.9964E-05
9.9964E-05 9.9964E-05 0.805604 9.9964E-05 0.193996 9.9964E-05
0.0244796 0.00820252 0.0992805 9.9982E-05 0.867837 9.9982E-05
0.0298352 9.9982E-05 0.16053 9.9982E-05 0.752364 0.0570711
0.0741229 0.0159119 0.0536811 9.9991E-05 0.848047 0.00813663
9.9982E-05 9.9982E-05 0.11602 0.0979017 0.766329 0.019549
0.0570644 9.9982E-05 0.0717401 9.9982E-05 0.858505 0.0124909
0.00688574 0.022207 9.9982E-05 0.0824397 0.888268 9.9982E-05
0.135256 9.9982E-05 0.0444039 9.9982E-05 0.71874 0.1014
0.0632487 0.000688682 9.9982E-05 9.9982E-05 0.870823 0.0650393
0.0297743 0.0594976 0.116821 0.00744183 0.690212 0.0962528
0.0602031 0.0272332 9.9982E-05 9.9982E-05 0.90631 0.00605412
9.9982E-05 0.0291803 0.0208591 9.9982E-05 0.932157 0.0176039
0.0372517 9.9982E-05 0.0652729 9.9982E-05 0.833254 0.0640211
9.9973E-05 9.9973E-05 0.0331588 9.9973E-05 0.922338 0.0442033
0.0331346 9.9973E-05 9.9973E-05 9.9973E-05 0.898203 0.0683629
0.0695232 0.0285228 9.9982E-05 9.9982E-05 0.85845 0.0433043
0.0184481 9.9973E-05 9.9973E-05 9.9973E-05 0.848844 0.132408
0.130808 9.9973E-05 9.9973E-05 9.9973E-05 0.775312 0.0935808
0.0702035 9.9973E-05 9.9973E-05 9.9973E-05 0.797452 0.132045
0.0761301 9.9973E-05 9.9973E-05 9.9973E-05 0.794299 0.129271
0.0321288 0.0799017 0.0304368 0.310011 0.12359 0.423932
9.9991E-05 0.0230444 0.00680489 0.187626 0.0754691 0.706955
0.149784 0.107664 0.0470542 0.108396 0.0821939 0.504907
9.9991E-05 0.0398894 0.00553272 0.751468 0.0318951 0.171115
9.9991E-05 0.00946591 0.085093 0.225683 0.119065 0.560593
0.00836997 9.9982E-05 9.9982E-05 0.68553 0.140326 0.165573
0.00454596 9.9991E-05 0.0290635 0.23876 0.0732928 0.654238
9.9991E-05 0.170684 0.153546 0.177014 0.0716306 0.427026
0.023612 0.157165 0.0297158 0.197914 0.0798906 0.511702
0.0643522 0.392724 0.0350381 0.0482512 0.0259007 0.433734
9.9991E-05 0.0684487 0.15799 0.252807 0.0651093 0.455546
9.9991E-05 0.0115184 0.104723 0.182083 0.0775677 0.624008
9.9982E-05 9.9982E-05 0.0831842 0.190918 0.126652 0.599046
0.0294859 0.162987 0.436973 0.284696 9.9991E-05 0.0857589
9.9973E-05 9.9973E-05 0.100552 0.893548 0.00560014 9.9973E-05
9.9982E-05 9.9982E-05 0.0159795 0.744427 0.0421652 0.197228
0.0716844 0.180529 0.00375582 0.0984598 0.0403579 0.605213
0.000728111 0.028452 9.9991E-05 0.292527 0.110161 0.568032
9.9982E-05 0.0815876 9.9982E-05 0.224919 0.1132 0.580093
9.9982E-05 0.0245656 9.9982E-05 0.176668 0.106174 0.692392
0.160118 0.00267275 9.9991E-05 0.159586 0.143579 0.533943
0.193871 0.0703037 0.0109616 9.9991E-05 0.143706 0.581057
0.196573 0.0203447 0.1943 0.136219 0.318699 0.133864
0.0617786 9.9991E-05 0.0733817 0.133959 0.0809378 0.649843
0.137057 0.0593741 0.0604398 0.1327 0.186174 0.424255
0.164976 9.9973E-05 9.9973E-05 0.449394 0.38533 9.9973E-05
0.245141 0.0361059 9.9991E-05 0.172269 0.238992 0.307392
0.145013 0.103213 0.0364317 0.114931 0.340724 0.259687
0.0381539 0.0839545 0.116639 9.9991E-05 0.323413 0.437739
0.153896 0.0820234 0.111434 0.0512185 0.15148 0.449948
0.0327566 0.0159898 0.0788058 0.0824683 0.201491 0.588489
0.20916 9.9991E-05 0.0173315 0.0491726 0.155497 0.568739
0.245106 0.0421879 9.9991E-05 0.257953 0.104934 0.349719
0.149115 0.0452171 9.9991E-05 0.0328109 0.45399 0.318767
