0.900583 9.9991E-05 0.0541524 0.0451645
0.96574 0.0340603 9.9982E-05 9.9982E-05
0.810123 9.9991E-05 0.137099 0.0526778
0.799416 9.9991E-05 0.142911 0.0575729
0.826112 9.9991E-05 0.125657 0.0481306
0.650292 0.135208 0.118969 0.0955311
0.885271 9.9991E-05 0.0320378 0.0825911
0.781616 9.9991E-05 0.0601034 0.15818
0.892224 9.9982E-05 9.9982E-05 0.107576
0.730666 0.0265862 0.184986 0.0577615
0.777033 0.0647836 0.0301887 0.127995
9.999E-05 0.296207 0.174275 0.529418
9.999E-05 0.370424 0.30707 0.322406
0.0435246 0.29506 0.132724 0.528691
0.039358 0.198379 0.277385 0.484878
0.12165 0.293035 0.32448 0.260835
0.0211915 0.320772 0.449011 0.209025
0.0354174 0.395004 0.292558 0.277021
0.105374 0.199534 0.27546 0.419633
0.0881824 0.210602 0.0171921 0.684024
9.9991E-05 0.44162 0.272125 0.286155
0.0205692 0.492932 0.26759 0.218909
9.9991E-05 0.452447 0.304737 0.242716
0.00915411 0.365509 0.222965 0.402372
0.00575996 0.47422 0.423602 0.096418
9.9991E-05 0.345068 0.414765 0.240067
0.0335362 0.254654 0.151898 0.559912
0.0571014 0.0980802 0.290446 0.554372
0.00102983 0.395751 0.0963744 0.506844
0.820401 9.9982E-05 0.179399 9.9982E-05
0.797953 9.9991E-05 0.163825 0.0381216
0.782907 0.0234139 0.187224 0.00645592
0.767487 0.0567057 0.175707 9.9991E-05
9.9991E-05 0.4561 0.324598 0.219203
0.106948 0.406623 0.314009 0.172421
9.9991E-05 0.740124 0.246392 0.0133837
0.0880284 0.18578 0.0551863 0.671005
0.0189988 0.766757 0.19763 0.0166146
0.00900152 0.475001 0.307862 0.208135
0.0384178 0.556078 0.405404 9.9991E-05
0.0832606 0.566332 0.252302 0.0981051
0.0446662 0.462662 0.398552 0.0941206
0.0547357 0.762979 9.9991E-05 0.182185
0.0728177 0.593312 0.33377 9.9991E-05
0.0591414 0.585654 0.355105 9.9991E-05
0.0690023 0.484243 0.377706 0.069049
9.9991E-05 0.814131 0.0878602 0.0979093
9.9982E-05 0.67606 0.32374 9.9982E-05
0.0602114 0.4594 0.327495 0.152893
0.172914 0.79401 9.9991E-05 0.032976
0.00176962 0.465807 9.9991E-05 0.532323
0.129325 0.640469 9.9991E-05 0.230106
9.9991E-05 0.299414 0.394025 0.306461
0.169459 0.401813 0.328918 0.0998106
0.0737095 0.459327 0.371472 0.0954909
0.13832 0.414974 0.068234 0.378473
9.9991E-05 0.381021 0.305207 0.313672
0.0119857 0.363163 0.415721 0.20913
0.104459 0.414049 0.204214 0.277278
0.230531 0.288591 0.0531549 0.427723
0.0363915 0.519054 0.302106 0.142449
0.0851326 0.323222 0.266989 0.324657
0.114949 0.315831 9.9991E-05 0.56912
9.9991E-05 0.44894 0.264959 0.286001
9.9991E-05 0.467622 0.421762 0.110516
0.0823534 0.35776 0.324026 0.23586
0.0576688 0.363197 0.175829 0.403305
9.9991E-05 0.444398 0.272307 0.283195
0.0319795 0.324265 0.384918 0.258837
0.0595084 0.442269 0.0328867 0.465336
9.9991E-05 0.677263 0.241017 0.0816199
0.00740383 0.652036 0.0898388 0.250721
0.0664741 0.554141 0.301207 0.0781787
0.0450464 0.895556 9.9991E-05 0.0592974
0.0596293 0.915907 9.9991E-05 0.0243634
9.9982E-05 0.89461 0.10519 9.9982E-05
9.9991E-05 0.585133 0.212907 0.20186
0.00849849 0.426208 0.39626 0.169033
9.9991E-05 0.629195 0.250021 0.120684
0.0306734 0.656013 0.0601266 0.253187
0.0144868 0.582454 0.0595482 0.343511
0.00140379 0.473561 0.409799 0.115236
0.0305901 0.652544 0.161335 0.155531
0.074336 0.668058 0.200223 0.0573832
0.0791402 0.851011 0.069749 9.9991E-05
0.125159 0.832247 9.9991E-05 0.0424941
9.9991E-05 0.584953 0.340639 0.0743082
0.781365 9.9991E-05 0.112653 0.105882
0.921132 9.9982E-05 0.0786683 9.9982E-05
0.880893 9.9982E-05 0.118907 9.9982E-05
0.929791 9.9982E-05 0.0700091 9.9982E-05
0.856113 9.9991E-05 0.131317 0.0124705
0.914931 9.9982E-05 0.0848688 9.9982E-05
0.891743 9.9982E-05 0.108057 9.9982E-05
0.0761879 0.365377 0.359055 0.19938
0.0455158 0.448167 0.378105 0.128211
0.0542991 0.740521 9.9991E-05 0.20508
0.0443189 0.501549 0.372167 0.081965
9.9991E-05 0.55255 0.226054 0.221297
9.9991E-05 0.633662 0.286728 0.0795102
9.9991E-05 0.69049 0.296622 0.0127877
9.9991E-05 0.745977 0.240285 0.0136378
0.0657279 0.597481 9.9991E-05 0.336691
0.0707887 0.41436 0.307902 0.20695
0.0630125 0.536607 0.305765 0.0946152
0.03196 0.529155 0.34679 0.0920954
0.0985904 0.836989 0.0643202 9.9991E-05
0.0046863 0.73991 0.255304 9.9991E-05
0.0244802 0.623055 0.188383 0.164082
9.9982E-05 0.793377 0.206423 9.9982E-05
0.0596443 0.640772 0.161923 0.137661
0.0516871 0.476851 0.334537 0.136925
0.0994446 0.448425 0.0798308 0.3723
0.0902551 0.287122 0.233324 0.389299
0.0750629 0.41144 0.322587 0.19091
0.0050812 0.533138 0.374551 0.087229
9.9991E-05 0.350112 0.234347 0.415441
9.9991E-05 0.400416 0.306938 0.292547
9.9991E-05 0.3051 0.237808 0.456992
0.00851311 0.448594 0.271586 0.271307
0.00438044 0.397891 0.388554 0.209175
9.9991E-05 0.446255 0.277146 0.276499
9.9991E-05 0.328197 0.216848 0.454854
9.9991E-05 0.470156 0.381045 0.148699
0.0210812 0.285287 0.462376 0.231256
9.9991E-05 0.391848 0.357611 0.250441
0.0599973 0.406373 0.341971 0.191658
9.9991E-05 0.3613 0.32939 0.30921
0.110042 0.39585 0.199191 0.294917
0.00670473 0.443938 0.365579 0.183778
9.9991E-05 0.444849 0.363446 0.191605
0.0218878 0.332394 0.174888 0.47083
0.0916505 0.480309 0.0782493 0.349791
9.9991E-05 0.373358 0.327845 0.298697
0.00348643 0.533067 0.0125789 0.450867
0.0117298 0.417789 0.110764 0.459718
9.9991E-05 0.440473 0.179938 0.37949
0.0221541 0.432915 0.0914796 0.453451
9.9991E-05 0.349762 0.132637 0.517501
9.9991E-05 0.378887 0.430729 0.190284
0.0152402 0.396683 0.400773 0.187304
9.9991E-05 0.374872 0.314501 0.310527
0.100731 0.484285 0.0720249 0.342959
0.129967 0.48658 0.298489 0.0849639
0.0425547 0.602724 0.268847 0.0858744
0.263264 0.579572 9.9991E-05 0.157064
0.127961 0.486353 0.385587 9.9991E-05
0.196725 0.519777 0.188313 0.095186
0.128279 0.410555 0.358639 0.102526
0.187063 0.593143 0.0855099 0.134284
0.224277 0.656636 9.9991E-05 0.118987
0.0139247 0.580602 0.213559 0.191914
0.110164 0.432372 0.343163 0.114301
0.209846 0.427345 0.268473 0.094336
0.239648 0.601141 0.0786207 0.0805912
0.0388248 0.504654 0.326306 0.130215
9.9991E-05 0.789503 0.0614504 0.148947
9.9991E-05 0.598448 0.197532 0.203919
0.0770308 0.565328 0.317502 0.0401387
0.412122 0.219315 0.351885 0.0166781
0.799169 0.140232 0.060499 9.9991E-05
0.719284 0.213646 0.0669703 9.9991E-05
0.472384 0.0586887 0.388453 0.0804736
9.9991E-05 0.649593 0.325152 0.0251549
0.0987502 0.464936 0.314196 0.122117
9.9991E-05 0.0695044 0.900671 0.0297247
0.0789127 0.116528 0.664221 0.140339
0.131996 0.168211 0.571435 0.128359
0.0454948 0.767513 0.12611 0.0608821
9.9991E-05 0.658408 0.291367 0.0501246
0.135892 0.846459 0.0175496 9.9991E-05
0.0038574 0.684417 0.301406 0.0103198
0.0330032 0.636675 0.220664 0.109658
0.04718 0.565253 0.331904 0.0556635
0.121476 0.800656 0.00495564 0.0729118
9.9991E-05 0.491985 0.407263 0.100652
9.9991E-05 0.583031 0.323734 0.0931341
0.0688421 9.9982E-05 0.930958 9.9982E-05
0.0278543 9.9991E-05 0.936252 0.0357939
0.0782216 0.170483 0.719565 0.0317302
0.0332717 0.054959 0.876724 0.0350458
0.139279 9.9982E-05 0.860521 9.9982E-05
0.0760794 9.9982E-05 0.923721 9.9982E-05
0.082135 9.9982E-05 0.917665 9.9982E-05
0.0371987 9.9982E-05 0.962601 9.9982E-05
0.0425337 9.9982E-05 0.957266 9.9982E-05
0.0341684 9.9982E-05 0.965632 9.9982E-05
0.0893536 9.9982E-05 0.910446 9.9982E-05
0.0896954 9.9991E-05 0.895895 0.0143097
0.115088 0.000735761 0.884077 9.9991E-05
0.0612613 9.9982E-05 0.938539 9.9982E-05
0.0802308 0.0992248 0.641447 0.179097
0.00673493 0.0395376 0.788213 0.165514
0.081558 0.0288 0.829638 0.060004
0.0835724 9.9982E-05 0.916228 9.9982E-05
0.0445312 9.9982E-05 0.955269 9.9982E-05
0.0806028 9.9982E-05 0.919197 9.9982E-05
0.0646689 9.9982E-05 0.935131 9.9982E-05
0.0452107 0.0680355 0.776771 0.109983
0.0760758 9.9982E-05 0.923724 9.9982E-05
0.549516 0.450284 9.9982E-05 9.9982E-05
0.149681 0.399992 0.310555 0.139772
0.238029 0.487701 0.23353 0.0407407
0.333598 0.498338 0.167964 9.9991E-05
0.189676 0.44568 0.364545 9.9991E-05
0.367986 0.460746 0.171168 9.9991E-05
0.165421 0.245521 0.343977 0.245081
0.248305 0.442928 0.308667 9.9991E-05
0.130006 0.402646 0.404461 0.0628869
0.230464 0.39528 0.374155 9.9991E-05
0.191534 0.398776 0.305551 0.104139
0.870905 0.0309544 0.0168284 0.0813121
0.930069 9.9982E-05 0.0697313 9.9982E-05
0.969616 9.9982E-05 9.9982E-05 0.0301843
0.932904 9.9991E-05 0.020738 0.0462577
0.896716 9.9991E-05 0.0370763 0.0661073
0.9127 9.9982E-05 0.0870999 9.9982E-05
0.867498 9.9982E-05 0.132302 9.9982E-05
0.913422 0.040034 0.0140892 0.0324553
0.923429 0.00589895 0.0557783 0.0148937
0.866408 9.9982E-05 0.133392 9.9982E-05
0.662143 0.0580455 9.9991E-05 0.279711
0.619475 0.0163449 0.0016613 0.362519
0.588813 0.0849337 9.9991E-05 0.326153
0.523952 0.126046 9.9991E-05 0.349902
0.0597269 0.58189 0.260233 0.0981501
9.9991E-05 0.589765 0.248624 0.161512
9.9991E-05 0.396485 0.330937 0.272478
0.0330443 0.532594 0.17045 0.263912
9.9991E-05 0.232442 0.0650749 0.702383
9.9991E-05 0.549375 0.403047 0.0474784
9.9991E-05 0.588675 0.279368 0.131857
9.9991E-05 0.641115 0.245744 0.113041
9.9991E-05 0.783993 0.185898 0.0300085
0.00265727 0.545061 0.277133 0.175149
0.00662518 0.618277 0.199294 0.175804
0.00161143 0.812125 9.9991E-05 0.186163
0.0732523 0.424492 0.27169 0.230566
0.0693152 0.853812 0.00923177 0.0676413
9.9991E-05 0.682266 0.263987 0.0536472
0.0400272 0.650165 9.9991E-05 0.309708
0.152048 0.0951661 9.9991E-05 0.752686
0.140477 0.118534 0.00820614 0.732783
0.111178 0.0138588 9.9991E-05 0.874863
0.120167 9.9982E-05 9.9982E-05 0.879633
0.0368341 0.0474395 9.9991E-05 0.915626
0.0927039 9.9991E-05 0.0733807 0.833815
0.878714 0.00342903 0.117757 9.9991E-05
0.768585 9.9991E-05 0.136423 0.094892
0.766759 0.00372147 0.18795 0.0415693
0.715331 9.9991E-05 0.201408 0.0831611
0.847675 9.9991E-05 0.143344 0.00888091
0.427185 9.9982E-05 9.9982E-05 0.572615
0.535486 0.0743647 9.9991E-05 0.390049
0.446082 9.9982E-05 9.9982E-05 0.553718
0.789243 9.9991E-05 0.168804 0.0418531
0.448115 0.00684633 9.9991E-05 0.544939
0.272045 0.217783 0.510072 9.9991E-05
0.104132 0.289942 0.452126 0.1538
0.152643 0.180148 0.654038 0.0131712
0.283247 0.256135 0.416496 0.0441226
0.0971403 0.394609 0.419484 0.0887671
0.604336 0.0873963 0.308168 9.9991E-05
9.9991E-05 0.449455 0.189962 0.360483
0.0179737 0.537013 0.163406 0.281607
0.050354 0.171365 0.13176 0.646521
9.9991E-05 0.517702 0.270712 0.211486
0.0619414 0.676588 9.9991E-05 0.261371
0.126893 0.328019 0.338851 0.206237
0.063323 0.557443 0.204915 0.174319
0.0122651 0.405722 0.137888 0.444125
9.9991E-05 0.348967 0.387814 0.263119
0.0493273 0.586337 9.9991E-05 0.364235
0.0436456 0.459838 0.263599 0.232917
0.0100569 0.420209 0.270032 0.299702
0.152462 0.404841 0.386925 0.0557721
9.9991E-05 0.497995 0.198038 0.303867
0.0343825 0.424324 0.254842 0.286451
0.0410156 0.544953 0.306505 0.107527
0.00495658 0.564164 0.260507 0.170373
9.9991E-05 0.394038 0.437208 0.168654
0.0573939 0.423044 0.40938 0.110182
0.0357257 0.472456 0.351214 0.140605
0.795975 9.9982E-05 0.203825 9.9982E-05
0.836783 0.0714172 0.0916995 9.9991E-05
0.792217 0.106526 0.0297557 0.0715018
0.838265 0.0301471 0.0772316 0.0543563
0.845972 9.9991E-05 0.13723 0.0166974
0.0147683 0.12 0.145021 0.720211
0.0110483 0.549442 0.289882 0.149628
0.229414 0.340448 0.422847 0.00729127
9.9991E-05 0.44471 0.363532 0.191658
9.9991E-05 0.414973 0.290016 0.294911
0.0130675 0.402085 0.179773 0.405074
0.170852 0.15904 9.9991E-05 0.670007
0.00169251 0.29531 0.339283 0.363714
0.084405 0.247461 0.104048 0.564086
0.0563368 0.522864 0.302954 0.117845
0.138487 0.230058 0.0681538 0.563301
0.122912 0.222557 0.391235 0.263296
0.0789258 0.189264 0.0828268 0.648983
0.0529727 0.369912 0.231069 0.346046
0.112519 0.450343 0.249863 0.187275
0.129608 0.615443 0.0966357 0.158313
0.0571494 0.57957 0.275338 0.087943
0.0707316 0.498445 0.343206 0.0876169
0.0873355 0.747395 0.0619403 0.103329
0.0690853 0.505644 0.30938 0.115891
0.00974152 0.607325 0.295732 0.0872022
0.0770825 0.832654 9.9991E-05 0.0901633
0.104952 0.830879 0.0389613 0.0252079
0.0419138 0.711976 0.225524 0.0205861
0.0930864 0.767716 9.9991E-05 0.139097
9.9991E-05 0.667198 0.159236 0.173466
0.0708478 0.251286 0.0388582 0.639008
9.9991E-05 0.475365 0.125055 0.39948
9.9991E-05 0.211558 0.32457 0.463772
9.9991E-05 0.390946 0.405161 0.203793
9.9991E-05 0.282873 0.113716 0.603311
0.0205346 0.463877 0.378729 0.136859
9.9991E-05 0.291812 0.399065 0.309023
9.9991E-05 0.34914 0.374874 0.275886
9.9991E-05 0.323086 0.375519 0.301295
9.9991E-05 0.315277 0.285491 0.399132
9.9991E-05 0.208404 0.211386 0.580111
9.9991E-05 0.24084 0.253249 0.505811
9.9991E-05 0.394882 0.3346 0.270419
9.9991E-05 0.431708 0.33636 0.231831
0.0570446 0.556366 0.157024 0.229566
9.9991E-05 0.447627 0.328833 0.22344
0.0209009 0.27419 0.236965 0.467944
9.9991E-05 0.402807 0.32479 0.272303
9.9991E-05 0.337083 0.348468 0.314349
0.138292 0.445271 0.326874 0.0895621
0.300689 0.2338 0.362604 0.102906
0.169225 0.384166 0.438805 0.00780386
0.12323 0.412372 0.425274 0.0391241
9.9991E-05 0.393601 0.481959 0.12434
0.174942 0.31132 0.482046 0.0316914
9.9991E-05 0.526229 0.247469 0.226202
0.144116 0.287872 0.451954 0.116058
0.419994 0.495827 0.0817121 0.00246715
0.0861698 0.349543 0.445002 0.119285
0.0963586 0.343636 0.411113 0.148893
0.107504 0.394729 0.483945 0.0138228
0.231461 0.390942 0.297184 0.0804133
0.175654 0.390845 0.391307 0.0421944
0.147845 0.414033 0.438022 9.9991E-05
0.701299 0.178647 0.119954 9.9991E-05
0.135117 0.263255 0.516144 0.0854841
0.113359 0.333796 0.515428 0.0374159
0.0562935 0.40826 0.411596 0.12385
0.167947 0.291842 0.516202 0.0240086
0.0730622 0.28035 0.429336 0.217251
0.0169261 0.542943 0.305425 0.134706
0.127512 0.474642 0.296338 0.101509
0.0425931 0.789243 9.9991E-05 0.168064
0.0979219 0.769154 9.9991E-05 0.132824
0.027177 0.506517 0.321877 0.144429
0.139656 0.262892 0.532226 0.0652263
0.156558 0.319879 0.523463 9.9991E-05
0.313157 0.314926 0.371816 9.9991E-05
0.202867 0.34087 0.456163 9.9991E-05
0.212365 0.716393 0.0711422 9.9991E-05
0.213867 0.646961 0.139072 9.9991E-05
0.00905284 0.503899 0.411045 0.0760036
0.0757167 0.561947 0.359014 0.00332202
0.12615 0.692495 0.175576 0.00577926
0.0535422 0.498173 0.353059 0.0952259
9.9991E-05 0.573448 0.357722 0.0687295
0.135403 0.482008 0.325299 0.0572899
0.0158338 0.747609 0.0790194 0.157538
0.0109601 0.670476 0.156175 0.162389
0.0314463 0.617076 0.274413 0.0770644
0.0865434 0.552391 0.243106 0.11796
0.0806158 0.449197 0.271484 0.198703
0.0114656 0.738829 0.249606 9.9991E-05
0.0171942 0.753836 0.0556913 0.173279
0.0417785 0.672806 0.285316 9.9991E-05
0.0457814 0.799894 0.0619185 0.0924066
0.0855149 0.764326 0.150059 9.9991E-05
9.9991E-05 0.574455 0.366083 0.0593616
0.0654607 0.666673 0.187147 0.0807191
0.150242 0.386714 0.438813 0.0242312
0.181064 0.418582 0.298074 0.102279
0.196632 0.344361 0.410876 0.0481311
0.170267 0.268474 0.37375 0.187509
0.130494 0.356083 0.320339 0.193085
0.119483 0.484628 0.395788 9.9991E-05
0.383592 0.55011 0.0661979 9.9991E-05
0.0630156 0.35092 0.484864 0.1012
0.615513 0.319285 0.0651026 9.9991E-05
0.0829195 0.415723 0.501257 9.9991E-05
0.0654478 0.933422 9.9991E-05 0.00102986
0.0762203 0.80235 9.9991E-05 0.12133
9.9982E-05 0.763725 0.236075 9.9982E-05
9.9982E-05 0.647691 0.352109 9.9982E-05
9.9991E-05 0.793487 0.142875 0.0635378
9.9991E-05 0.621613 0.271472 0.106815
9.9991E-05 0.753093 0.236841 0.00996567
0.797913 0.0541759 0.0873889 0.0605221
0.739886 9.9991E-05 0.0959644 0.16405
0.859989 9.9991E-05 0.125024 0.0148872
0.93899 9.9982E-05 0.0608099 9.9982E-05
9.9991E-05 0.611128 0.271625 0.117147
9.9991E-05 0.539076 0.260264 0.20056
9.9991E-05 0.742452 0.218918 0.0385298
0.0423393 0.470844 0.316662 0.170156
0.0846433 0.489437 0.36124 0.0646796
0.0233278 0.691058 0.12142 0.164194
9.9991E-05 0.637504 0.347131 0.0152649
0.0569773 0.883769 0.0591542 9.9991E-05
0.225433 0.214987 0.440233 0.119348
9.9991E-05 0.655234 0.246144 0.0985226
9.9991E-05 0.691168 0.0950134 0.213719
9.9991E-05 0.63548 0.257542 0.106878
0.0231464 0.684447 0.188828 0.103578
9.9982E-05 0.736668 0.263132 9.9982E-05
0.0448043 0.474952 0.320408 0.159835
9.998E-05 0.9997 9.998E-05 9.998E-05
0.041812 0.758094 0.0984242 0.10167
0.0623098 0.767187 0.101816 0.0686871
0.0371084 0.962692 9.9982E-05 9.9982E-05
9.9991E-05 0.578414 0.241252 0.180234
0.0767855 0.916518 9.9991E-05 0.00659685
0.113439 0.865755 9.9991E-05 0.0207057
9.9991E-05 0.646328 0.315823 0.0377488
0.0204847 0.694809 0.116901 0.167806
9.9991E-05 0.512898 0.263224 0.223779
0.0397779 0.521502 0.386598 0.0521223
9.9991E-05 0.595179 0.271044 0.133677
9.9991E-05 0.537305 0.198322 0.264273
9.9991E-05 0.612465 0.242362 0.145073
0.016593 0.522153 0.299019 0.162235
0.00819391 0.892966 0.0904564 0.00838418
0.0849034 0.496296 0.315804 0.102997
0.677685 0.016101 9.9991E-05 0.306114
0.757732 0.0748605 0.0585562 0.108851
0.835411 9.9982E-05 9.9982E-05 0.164389
0.833614 9.9982E-05 9.9982E-05 0.166186
0.745279 0.0188415 0.0262358 0.209644
0.0614967 0.642497 0.0521318 0.243875
0.105041 0.713952 9.9991E-05 0.180908
9.9982E-05 0.981964 0.0178361 9.9982E-05
0.107651 0.474367 0.389328 0.0286543
0.0885213 0.469101 0.372956 0.0694214
0.0910707 0.819012 0.0729816 0.0169352
0.00173224 0.594459 0.403709 9.9991E-05
0.0711014 0.680336 0.248462 9.9991E-05
0.0220286 0.704573 0.254778 0.0186209
0.0146566 0.60584 0.34982 0.0296829
9.9991E-05 0.714419 0.125056 0.160425
9.9991E-05 0.707745 0.133257 0.158898
9.9991E-05 0.613288 0.176437 0.210175
0.109756 0.520859 0.312271 0.0571141
0.00780133 0.654254 0.18122 0.156724
9.9991E-05 0.608823 0.253982 0.137094
0.136276 0.228358 0.618003 0.017363
0.0934995 0.187792 0.679166 0.0395426
0.0801366 0.176492 0.701279 0.0420932
0.1545 0.188184 0.657215 9.9991E-05
0.141009 0.263671 0.580172 0.0151473
0.0605223 0.722715 0.216663 9.9991E-05
0.317551 9.9982E-05 0.682249 9.9982E-05
0.20123 0.152433 0.646237 9.9991E-05
0.175501 0.470308 0.354091 9.9991E-05
0.135385 0.491638 0.249371 0.123606
0.153562 0.459911 0.229972 0.156555
0.0609004 0.450739 0.3421 0.146261
9.9991E-05 0.494234 0.305174 0.200493
0.178521 0.0886142 0.697589 0.0352755
0.105807 0.147058 0.652249 0.0948854
0.0808335 0.15783 0.761237 9.9991E-05
0.128021 0.249424 0.588206 0.034348
0.148062 0.12875 0.713816 0.00937153
0.198767 0.244406 0.497442 0.0593855
0.170399 0.131027 0.687769 0.0108048
0.143586 0.0924275 0.65057 0.113417
0.1459 0.573279 0.256135 0.0246851
0.176085 0.263655 0.517914 0.0423453
0.253049 0.00506348 0.741788 9.9991E-05
0.186471 0.288853 0.524576 9.9991E-05
0.216108 0.434685 0.0361968 0.31301
9.9991E-05 0.473013 0.410426 0.116461
0.156982 0.262612 0.517601 0.0628047
0.0970521 0.477078 0.358456 0.067414
0.135318 0.431854 0.295927 0.1369
0.213405 0.286305 0.421857 0.0784323
0.246936 0.316292 0.431369 0.00540304
9.9991E-05 0.418086 0.408166 0.173648
0.105448 0.267192 0.627259 9.9991E-05
0.130295 0.142913 0.701335 0.0254566
0.261461 0.0181287 0.72031 9.9991E-05
0.0943559 0.492791 0.337253 0.0756007
0.109002 0.60926 0.161987 0.119751
0.257744 0.690548 0.0516082 9.9991E-05
0.139353 0.443878 0.387232 0.0295372
0.133239 0.330222 0.228809 0.30773
0.210622 0.387777 0.401501 9.9991E-05
0.072912 0.328744 0.432951 0.165393
0.509497 0.358611 0.131792 9.9991E-05
0.557204 0.395128 0.0475676 9.9991E-05
0.231258 0.517009 0.227844 0.0238886
0.499132 0.314762 0.186006 9.9991E-05
0.606679 0.259384 0.133838 9.9991E-05
0.208883 0.442235 0.31861 0.0302716
0.241711 0.419282 0.329147 0.00986046
0.381528 0.358937 0.247478 0.0120572
0.468244 0.377797 0.153859 9.9991E-05
0.119416 0.471926 0.354948 0.0537092
0.354402 0.504224 0.141274 9.9991E-05
0.689399 0.310402 9.9982E-05 9.9982E-05
0.0699445 0.317987 0.500463 0.111605
0.215698 0.291399 0.403707 0.0891961
0.237715 0.176614 0.45345 0.132221
0.112477 0.204473 0.647274 0.0357759
0.151337 0.390478 0.458085 9.9991E-05
0.161369 0.326496 0.485904 0.0262299
0.366997 0.121278 0.452138 0.0595881
0.178931 0.37682 0.415965 0.0282833
0.202972 0.243632 0.553296 9.9991E-05
0.247103 0.326717 0.408978 0.0172022
0.207667 0.284794 0.324095 0.183444
0.107288 0.354551 0.402733 0.135427
0.110077 0.351859 0.437331 0.100733
0.133546 0.522163 0.344191 9.9991E-05
0.344979 0.17536 0.453383 0.0262784
0.185042 0.308402 0.45923 0.0473252
0.478362 0.276921 0.244617 9.9991E-05
0.198221 0.288884 0.412741 0.100154
0.394552 0.254731 0.350616 9.9991E-05
0.816929 9.9991E-05 0.0402105 0.142761
0.085396 0.0668274 0.021466 0.826311
9.998E-05 9.998E-05 9.998E-05 0.9997
0.00552354 9.9982E-05 9.9982E-05 0.994276
9.998E-05 9.998E-05 9.998E-05 0.9997
0.0119118 9.9991E-05 0.0284989 0.959489
9.9982E-05 9.9982E-05 0.0104391 0.989361
0.0541125 9.9982E-05 9.9982E-05 0.945687
0.198754 9.9982E-05 9.9982E-05 0.801046
0.939169 9.9982E-05 0.0606306 9.9982E-05
0.815378 9.9991E-05 0.0531062 0.131415
0.873178 0.00950361 0.0887459 0.0285729
0.845743 0.0419829 9.9991E-05 0.112174
0.918976 9.9991E-05 0.0724332 0.00849043
0.89103 9.9991E-05 0.038294 0.0705765
0.745485 9.9991E-05 0.161414 0.0930002
0.852338 9.9991E-05 0.132817 0.0147447
0.713711 0.0172964 0.14518 0.123813
0.890806 9.9982E-05 0.108994 9.9982E-05
0.965921 9.9982E-05 9.9982E-05 0.0338794
0.841874 0.00421233 0.100245 0.053669
0.946878 9.9991E-05 0.0341449 0.018877
0.914722 9.9982E-05 0.0850781 9.9982E-05
0.87936 9.9991E-05 0.10908 0.0114609
0.851463 9.9982E-05 0.148337 9.9982E-05
0.769629 9.9982E-05 0.230171 9.9982E-05
0.776993 9.9982E-05 0.222807 9.9982E-05
0.815245 9.99824E-05 0.184555 9.99824E-05
0.172363 0.479295 0.207633 0.140709
0.0311897 0.554437 0.35502 0.0593529
0.053994 0.341815 0.386595 0.217596
0.219264 0.780536 9.9982E-05 9.9982E-05
0.0836123 0.478366 0.302556 0.135465
0.333136 0.666664 9.9982E-05 9.9982E-05
0.089261 0.533693 0.347476 0.0295707
0.0896371 0.585793 0.158184 0.166386
0.0498732 0.499857 0.251529 0.198741
0.0368653 0.542286 0.260651 0.160198
0.0852016 0.533721 0.21224 0.168837
9.9991E-05 0.56655 0.420395 0.0129547
0.0334572 0.425353 0.325128 0.216062
0.0477165 0.429396 9.9991E-05 0.522788
0.190649 0.687612 9.9991E-05 0.121639
0.242085 0.72219 0.00561943 0.030106
0.0367077 0.37676 0.431728 0.154804
0.128194 0.566926 0.264928 0.0399523
0.13733 0.649801 0.212769 9.9991E-05
0.0720512 0.554392 0.373457 9.9991E-05
0.126163 0.384365 0.469072 0.0203998
0.118717 0.36095 0.519063 0.00126954
0.415937 0.232993 0.219907 0.131163
0.119731 0.398282 0.3165 0.165488
0.198413 0.31397 0.37303 0.114587
0.612296 0.269773 0.117831 9.9991E-05
0.314758 0.309175 0.375967 9.9991E-05
0.361894 0.175556 0.355054 0.107497
0.277128 0.205416 0.335865 0.181591
0.155133 0.344966 0.44921 0.050691
0.167356 0.32915 0.455769 0.0477238
0.129632 0.353914 0.504971 0.0114826
0.160127 0.477502 0.362271 9.9991E-05
0.457027 0.178808 0.361175 0.00298963
