9.9991E-05 0.916851 0.0131012 0.0239153 0.0460325
9.9973E-05 0.984951 0.0147494 9.9973E-05 9.9973E-05
0.0136194 0.901876 0.0761339 0.0082702 9.9991E-05
9.9982E-05 0.868387 0.123535 0.00787829 9.9982E-05
9.9973E-05 0.929328 0.070372 9.9973E-05 9.9973E-05
0.122958 0.684312 0.0799534 0.0742186 0.0385574
0.117727 0.847095 9.9982E-05 0.0349779 9.9982E-05
0.10505 0.761375 0.00949695 0.0994808 0.0245966
0.0247688 0.841821 9.9982E-05 0.13321 9.9982E-05
0.0862212 0.809901 0.0379793 0.0513671 0.0145314
0.0573243 0.776285 0.0752809 0.0760926 0.0150173
0.0870097 0.0442286 0.297494 0.543457 0.0278101
9.9991E-05 0.0234128 0.588802 0.314343 0.0733424
0.103268 9.9991E-05 0.28006 0.508215 0.108358
0.0358916 0.0229281 0.302211 0.501838 0.137131
0.00847475 0.0829943 0.428152 0.34515 0.135229
0.0444894 0.0445206 0.583622 0.224058 0.10331
0.0696729 0.0166124 0.551454 0.279449 0.0828114
0.058731 0.123084 0.310331 0.43522 0.0726344
0.117183 0.0417034 0.0982198 0.742794 9.9991E-05
0.0920217 0.0372163 0.483068 0.326641 0.0610521
0.280722 0.0444355 0.457306 0.122237 0.0952998
0.036398 0.0440143 0.62574 0.245629 0.0482187
0.0978259 0.0696086 0.291778 0.495559 0.0452279
0.0398834 0.11136 0.622485 0.129787 0.0964835
0.0215254 0.0781821 0.580098 0.298042 0.0221523
0.111355 0.0217247 0.284968 0.546854 0.0350977
0.0398943 0.0493286 0.356771 0.483406 0.0705998
0.163343 0.0191497 0.313887 0.50352 9.9991E-05
9.9982E-05 0.899106 0.0885548 9.9982E-05 0.012139
9.9973E-05 0.892486 0.107214 9.9973E-05 9.9973E-05
9.9982E-05 0.838175 0.0998972 9.9982E-05 0.0617277
9.9982E-05 0.775437 0.143922 9.9982E-05 0.0804411
0.194885 0.117279 0.612458 0.0752786 9.9991E-05
0.135172 0.0546261 0.61537 0.131324 0.0635084
0.29229 0.00366514 0.700339 0.0036061 9.9991E-05
0.034941 0.035614 0.238592 0.680971 0.00988219
0.517819 9.9982E-05 0.451553 0.0304283 9.9982E-05
0.17802 0.0699142 0.572677 0.130538 0.0488505
0.12767 0.0591462 0.793961 0.0172187 0.00200362
0.151204 0.131652 0.605677 0.111367 9.9991E-05
0.0927161 0.115034 0.643194 0.101762 0.0472942
0.317967 9.9982E-05 0.329985 0.351848 9.9982E-05
0.168923 0.111393 0.656716 0.00364968 0.0593191
0.150003 0.0666574 0.671388 0.054957 0.0569944
0.133312 0.13705 0.607173 0.0515657 0.0708987
0.418684 9.9982E-05 0.508589 0.0725264 9.9982E-05
0.08841 0.0782289 0.679942 0.11934 0.0340787
0.180451 0.135217 0.58445 0.0319439 0.0679382
0.867433 0.0139781 9.9982E-05 0.118389 9.9982E-05
0.130764 9.9982E-05 0.231397 0.637639 9.9982E-05
0.470806 0.00667722 0.19628 0.252134 0.0741029
0.0845559 0.0912505 0.587208 0.176177 0.0608084
0.106676 0.0446012 0.622643 0.1414 0.0846803
0.0956762 0.114189 0.656969 0.0666313 0.0665346
0.0952565 0.112215 0.257101 0.52783 0.00759708
0.0367718 0.0318637 0.576547 0.293958 0.0608588
0.0868523 0.115809 0.621649 0.135522 0.0401677
0.11919 0.109141 0.429566 0.301496 0.0406068
0.164304 0.156054 0.18316 0.463274 0.033207
0.0923809 0.0943407 0.603524 0.175885 0.0338691
0.0982141 0.101394 0.523622 0.249974 0.0267954
0.180669 0.0712975 0.152402 0.595532 9.9991E-05
0.077109 0.0164627 0.524134 0.382194 9.9991E-05
0.131313 0.0409081 0.596833 0.148031 0.0829156
0.0585222 0.122667 0.668847 0.11747 0.0324937
0.136775 0.0648889 0.341876 0.417537 0.038923
0.121116 0.0640048 0.52734 0.230066 0.057473
0.0984434 0.0603267 0.559917 0.193702 0.0876116
0.136913 0.0465268 0.30277 0.513691 9.9991E-05
0.184481 0.0254985 0.646229 0.143692 9.9991E-05
0.300756 9.9982E-05 0.427751 0.271294 9.9982E-05
0.141965 0.0799131 0.583107 0.112953 0.0820627
0.708493 9.9982E-05 0.20618 0.0851273 9.9982E-05
0.740505 9.9982E-05 0.193842 0.0654525 9.9982E-05
0.528375 9.9982E-05 0.444353 0.0270717 9.9982E-05
0.14026 0.00176865 0.647901 0.20997 9.9991E-05
0.14549 0.0984758 0.624606 0.0390129 0.0924152
0.272595 9.9982E-05 0.627206 0.0999992 9.9982E-05
0.286037 0.00833665 0.358769 0.346757 9.9991E-05
0.250139 9.9982E-05 0.430221 0.31944 9.9982E-05
0.160539 0.0735176 0.588729 0.123587 0.0536273
0.217475 0.00717891 0.546573 0.228673 9.9991E-05
0.180846 9.9982E-05 0.593667 0.225288 9.9982E-05
0.318023 9.9982E-05 0.649334 0.0324428 9.9982E-05
0.826686 9.9991E-05 0.060264 0.110484 0.0024666
0.129103 0.0552152 0.694651 0.0516442 0.069387
9.9982E-05 0.852122 0.0851737 0.0625046 9.9982E-05
9.9982E-05 0.941858 0.0569236 9.9982E-05 0.00101891
9.9982E-05 0.865445 0.10081 9.9982E-05 0.0335453
9.9982E-05 0.957555 0.0186853 9.9982E-05 0.0235599
9.9982E-05 0.94773 0.00122893 9.9982E-05 0.0508408
0.00862877 0.874478 0.0669022 9.9991E-05 0.0498911
9.9982E-05 0.940804 0.0551949 9.9982E-05 0.00380146
0.149185 0.0942555 0.63289 0.0803619 0.0433076
0.0828838 0.124372 0.650159 0.0617989 0.0807868
0.392008 9.9982E-05 0.220228 0.387564 9.9982E-05
0.0967204 0.100579 0.673771 0.0919607 0.0369686
0.177149 0.0233145 0.574587 0.22485 9.9991E-05
0.152833 0.0583207 0.697477 0.0912697 9.9991E-05
0.246182 0.0402126 0.683955 0.0185499 0.0111005
0.248938 9.9991E-05 0.592524 0.107182 0.0512558
0.346537 9.9982E-05 0.178533 0.47473 9.9982E-05
0.120722 0.124373 0.60559 0.110614 0.0386999
0.0712756 0.117915 0.717082 0.059112 0.0346157
0.116112 0.100535 0.574857 0.136364 0.072131
0.533166 9.9982E-05 0.420834 0.0458002 9.9982E-05
0.341283 9.9991E-05 0.646972 0.00498771 0.00665797
0.160265 0.00324744 0.60399 0.232397 9.9991E-05
0.403284 9.9982E-05 0.580751 0.0157645 9.9982E-05
0.157852 0.00595581 0.597269 0.238823 9.9991E-05
0.124397 0.0949585 0.632718 0.10016 0.0477662
0.242245 0.0322715 0.31354 0.321528 0.0904157
0.0702555 0.116592 0.490412 0.32137 0.00137072
0.0662189 0.156229 0.592899 0.131583 0.0530698
0.0747941 0.107325 0.592034 0.163324 0.0625232
0.010428 0.038988 0.513156 0.409036 0.0283922
0.00972109 0.0555285 0.625114 0.250245 0.0593913
9.9982E-05 0.0637789 0.536625 0.399397 9.9982E-05
0.175822 0.12957 0.57232 0.0595504 0.062737
0.05651 0.0655201 0.593787 0.20028 0.083903
0.0755852 0.0861679 0.596207 0.24194 9.9991E-05
0.0203938 0.0688389 0.627154 0.283513 9.9991E-05
0.0750946 0.0255598 0.606739 0.170806 0.121801
0.0506151 0.1011 0.630648 0.12698 0.0906572
0.103405 0.0283215 0.62672 0.162828 0.0787245
0.106063 0.0940463 0.557712 0.133771 0.108408
0.0998126 9.9991E-05 0.599416 0.198619 0.102052
0.25072 0.0815201 0.326508 0.257513 0.0837391
0.0816147 0.0642504 0.631886 0.141778 0.0804707
0.105127 0.064779 0.678645 0.104116 0.0473334
0.0648888 9.9991E-05 0.285922 0.619969 0.0291202
0.415559 9.9991E-05 0.189127 0.340618 0.0545961
0.118848 0.0805329 0.578591 0.196637 0.0253914
0.535281 9.9991E-05 0.111493 0.326183 0.0269421
0.0234006 0.00315169 0.416353 0.547245 0.0098492
0.0597549 9.9991E-05 0.483479 0.452637 0.0040289
0.0759195 0.0202061 0.420082 0.483692 9.9991E-05
0.00899778 9.9991E-05 0.441955 0.547438 0.00150974
0.0783779 0.0891559 0.639628 0.171558 0.0212808
0.0144389 0.108549 0.652793 0.183085 0.041134
0.0602218 0.0303548 0.628713 0.201543 0.079167
0.369956 9.9991E-05 0.188651 0.381958 0.0593353
0.0959879 0.18157 0.576025 0.0999925 0.0464236
0.248898 0.116744 0.52918 0.0673513 0.0378255
0.759998 0.172261 9.9982E-05 0.0675405 9.9982E-05
0.145074 0.0838756 0.660498 0.0255256 0.085027
0.447153 0.139463 0.345039 0.0282784 0.0400673
0.212193 0.177651 0.556758 9.9991E-05 0.053298
0.502681 0.115654 0.283023 0.098542 9.9991E-05
0.627551 0.114763 0.148975 0.108611 9.9991E-05
0.360449 0.0817703 0.389348 0.111377 0.0570563
0.164637 0.145436 0.51996 0.0918519 0.078115
0.195529 0.183275 0.48666 0.0857803 0.0487563
0.601034 0.0791393 0.124145 0.10528 0.0904013
0.20385 0.124205 0.532098 0.0661191 0.0737274
0.519888 9.9982E-05 0.404297 0.0756145 9.9982E-05
0.395526 0.00161748 0.50019 0.102567 9.9991E-05
0.163146 0.118659 0.589492 0.0528844 0.0758186
0.207014 0.407978 0.125429 9.9991E-05 0.259479
0.330065 0.525811 9.9982E-05 9.9982E-05 0.143924
0.359307 0.501904 9.9982E-05 9.9982E-05 0.138589
0.247034 0.38777 0.0798949 0.00846057 0.276841
0.310001 0.0224049 0.661269 9.9991E-05 0.00622467
0.134139 0.0973217 0.647968 0.0550321 0.065539
9.9973E-05 9.9973E-05 0.30732 9.9973E-05 0.692381
0.0191059 0.00596759 0.396317 0.103728 0.474881
0.0081216 0.0617306 0.389525 0.122761 0.417862
0.566399 0.0527534 0.325971 0.0272602 0.0276161
0.240774 0.122336 0.460497 0.0998095 0.0765842
0.620066 9.9982E-05 0.300633 0.0791019 9.9982E-05
0.281129 0.0947386 0.58704 9.9991E-05 0.0369924
0.333458 0.0745633 0.494006 0.0596415 0.0383304
0.313018 0.0332508 0.653532 9.9982E-05 9.9982E-05
0.688763 0.0292995 0.241748 0.0100738 0.0301154
0.142614 0.075602 0.715691 9.9991E-05 0.0659927
0.103685 0.164171 0.638746 0.0425577 0.050841
9.9982E-05 9.9982E-05 0.0168021 0.0143268 0.968671
9.9982E-05 9.9982E-05 0.100619 0.0122356 0.886946
0.0135182 0.0672751 0.281567 0.0728821 0.564757
9.9982E-05 9.9982E-05 0.347121 0.00290252 0.649777
9.9982E-05 9.9982E-05 0.158595 0.0378548 0.803351
9.997E-05 9.997E-05 9.997E-05 9.997E-05 0.9996
9.9982E-05 9.9982E-05 0.00997983 0.0330749 0.956745
9.9973E-05 9.9973E-05 0.128792 9.9973E-05 0.870908
9.9973E-05 9.9973E-05 9.9973E-05 0.0734649 0.926235
9.997E-05 9.997E-05 9.997E-05 9.997E-05 0.9996
9.997E-05 9.997E-05 9.997E-05 9.997E-05 0.9996
9.9982E-05 9.9982E-05 0.169591 0.0188531 0.811356
9.9991E-05 0.0262185 0.0936153 0.0808678 0.799198
9.997E-05 9.997E-05 9.997E-05 9.997E-05 0.9996
0.0822803 0.0382288 0.32898 0.131049 0.419461
9.9991E-05 0.0427266 0.262747 0.0298716 0.664555
9.9991E-05 0.0556385 0.147016 0.0105737 0.786672
9.9982E-05 9.9982E-05 0.094606 0.01253 0.892664
9.997E-05 9.997E-05 9.997E-05 9.997E-05 0.9996
9.9982E-05 0.00483671 0.0320233 9.9982E-05 0.96294
9.997E-05 9.997E-05 9.997E-05 9.997E-05 0.9996
9.9991E-05 0.0372606 0.230954 0.0464913 0.685195
9.9991E-05 0.00540655 0.00229153 0.0255806 0.966621
0.590442 0.336441 9.9982E-05 9.9982E-05 0.072917
0.202399 0.259092 0.369942 0.0445025 0.124064
0.257349 0.203382 0.475308 9.9991E-05 0.0638606
0.433904 0.240471 0.172847 9.9991E-05 0.152678
0.188684 0.133303 0.414248 0.0844214 0.179343
0.478402 0.300312 0.0726526 9.9991E-05 0.148533
0.22903 0.186839 0.402426 0.0369176 0.144787
0.344088 0.214692 0.274886 9.9991E-05 0.166235
0.178763 0.20087 0.483757 0.0026961 0.133914
0.255127 0.242269 0.3551 9.9991E-05 0.147404
0.201296 0.206478 0.465615 9.9991E-05 0.126512
0.0262929 0.917237 0.0508115 0.00555856 9.9991E-05
0.0193257 0.89453 9.9991E-05 0.0238362 0.0622083
9.9973E-05 0.967863 0.0318366 9.9973E-05 9.9973E-05
9.9973E-05 0.985198 9.9973E-05 0.0145016 9.9973E-05
9.9982E-05 0.92641 0.0407571 0.0326332 9.9982E-05
9.9982E-05 0.983038 0.008546 0.0082164 9.9982E-05
9.9991E-05 0.922614 0.0272144 0.034373 0.0156986
9.9973E-05 0.94363 9.9973E-05 0.05607 9.9973E-05
0.0214202 0.932289 0.00740883 0.0155774 0.0233044
0.01361 0.903625 0.0103339 0.0431687 0.0292626
0.095103 0.599414 9.9982E-05 0.305283 9.9982E-05
0.0306925 0.621857 9.9982E-05 0.34725 9.9982E-05
0.104607 0.542314 9.9982E-05 0.352879 9.9982E-05
0.0851194 0.47442 9.9982E-05 0.44026 9.9982E-05
0.111621 0.0544366 0.594926 0.238916 9.9991E-05
0.139405 0.0278969 0.628531 0.182656 0.021511
0.0524894 0.0499758 0.647108 0.248592 0.00183493
0.140108 0.0303712 0.476456 0.352965 9.9991E-05
0.100263 9.9991E-05 0.252023 0.629973 0.0176407
0.139078 0.0380636 0.692452 0.0698242 0.0605829
0.150897 9.9982E-05 0.726565 0.122337 9.9982E-05
0.257937 9.9991E-05 0.672446 0.061741 0.00777567
0.393626 9.9982E-05 0.580194 0.02598 9.9982E-05
0.143362 0.0727615 0.599667 0.122817 0.0613927
0.201876 0.00956796 0.602188 0.186268 9.9991E-05
0.748282 9.9982E-05 0.16334 0.0881776 9.9982E-05
0.0571918 0.0664542 0.644875 0.200165 0.0313146
0.641936 9.9973E-05 0.357764 9.9973E-05 9.9973E-05
0.250582 0.0343506 0.656727 0.0582408 9.9991E-05
0.324099 9.9982E-05 0.331783 0.343918 9.9982E-05
0.0215317 0.164516 9.9982E-05 0.813752 9.9982E-05
0.0276129 0.137319 0.0726467 0.762321 9.9991E-05
0.065526 0.119225 0.0395306 0.775619 9.9991E-05
0.062837 0.128682 9.9982E-05 0.808281 9.9982E-05
0.0304765 0.0668659 0.129797 0.772761 9.9991E-05
0.0120395 0.069184 0.125497 0.768564 0.0247154
9.9991E-05 0.891381 0.0596893 0.0284484 0.0203808
0.00839354 0.829886 0.0938868 0.0371586 0.0306746
9.9991E-05 0.791561 0.147542 0.0357347 0.0250614
9.9991E-05 0.843578 0.0442768 0.0540614 0.0579836
9.9991E-05 0.780098 0.130509 0.0294079 0.0598855
0.0333577 0.398529 9.9982E-05 0.567913 9.9982E-05
9.9973E-05 0.443178 9.9973E-05 0.556522 9.9973E-05
0.00699683 0.462709 0.00868424 0.50106 0.02055
9.9982E-05 0.870577 0.119711 0.00951165 9.9982E-05
0.0456723 0.410938 9.9982E-05 0.543189 9.9982E-05
0.100078 0.308165 0.27062 9.9991E-05 0.321037
0.00839498 0.176147 0.522464 0.0491851 0.243809
9.9982E-05 0.197608 0.52741 9.9982E-05 0.274782
0.123752 0.291713 0.300985 9.9991E-05 0.283451
0.0773402 0.198665 0.53109 0.041523 0.151382
0.234051 0.460452 9.9982E-05 9.9982E-05 0.305297
0.0577809 0.00902156 0.519511 0.413586 9.9991E-05
0.295851 0.00749314 0.464797 0.197801 0.0340584
0.0605704 9.9982E-05 0.342512 0.596718 9.9982E-05
0.22085 9.9991E-05 0.560659 0.189898 0.0284926
0.659938 9.9973E-05 9.9973E-05 0.339762 9.9973E-05
0.144463 0.0636336 0.587998 0.130847 0.0730587
0.172458 0.021498 0.530741 0.195051 0.0802515
0.0770577 0.0375162 0.414709 0.470617 9.9991E-05
0.0844009 0.0851538 0.555389 0.216933 0.0581234
0.472164 9.9982E-05 0.21014 0.317497 9.9982E-05
0.173392 0.0252481 0.593808 0.161613 0.0459392
0.0627264 0.00241229 0.548389 0.34571 0.0407629
0.168884 0.127025 0.468429 0.0725759 0.163087
0.270557 9.9991E-05 0.354982 0.289893 0.084468
0.267996 9.9991E-05 0.450849 0.221075 0.0599798
0.128842 0.00536992 0.639828 0.181635 0.0443251
0.146307 9.9991E-05 0.632263 0.21224 0.00908948
0.102256 0.0376931 0.649737 0.12905 0.0812633
0.0792425 0.0843974 0.578575 0.135925 0.12186
0.062392 0.0989685 0.614163 0.184524 0.0399524
9.9982E-05 0.856774 0.103535 9.9982E-05 0.0394909
9.9973E-05 0.889941 0.109759 9.9973E-05 9.9973E-05
0.0368723 0.899314 0.0492165 0.0144968 9.9991E-05
9.9991E-05 0.914328 0.00600837 0.0324052 0.0471587
9.9982E-05 0.919543 0.0783693 0.00188747 9.9982E-05
0.101733 0.0146548 0.149476 0.664072 0.0700642
0.147141 0.0521932 0.541014 0.200661 0.0589913
0.070317 0.228165 0.477293 9.9991E-05 0.224124
0.0152825 0.0338533 0.640012 0.220493 0.0903589
9.9991E-05 0.0498047 0.532784 0.364188 0.0531228
0.387923 9.9991E-05 0.276025 0.26945 0.0665015
0.0950966 0.0648968 0.0564078 0.776183 0.00741556
0.00277226 0.0476347 0.516941 0.384147 0.0485048
0.0445575 0.0358927 0.276952 0.574961 0.0676361
0.185584 0.0761565 0.559594 0.178566 9.9991E-05
0.102619 0.0822202 0.183192 0.624439 0.00752982
9.9991E-05 0.068234 0.557842 0.244509 0.129314
0.112429 0.0536806 0.210613 0.61122 0.0120568
0.292742 9.9991E-05 0.276585 0.298776 0.131797
0.212028 0.111109 0.571387 0.0705418 0.0349352
0.543194 0.0457694 0.362958 0.047978 9.9991E-05
0.342822 0.071838 0.558529 9.9991E-05 0.0267111
0.193489 0.109273 0.62824 0.0364988 0.0324992
0.595164 0.0156998 0.319366 0.0696706 9.9991E-05
0.163608 0.0979389 0.617111 0.0801389 0.0412033
0.311238 0.0927053 0.548991 0.0469651 9.9991E-05
0.767688 9.9982E-05 0.194393 0.0377196 9.9982E-05
0.706386 0.0454438 0.24797 9.9982E-05 9.9982E-05
0.378077 0.0830789 0.501003 0.037741 9.9991E-05
0.746316 0.0269096 0.153241 0.0734333 9.9991E-05
0.368341 0.0328327 0.480194 0.108406 0.0102262
0.0421955 9.9991E-05 0.212899 0.721914 0.0228913
0.302574 9.9991E-05 0.193083 0.37948 0.124764
9.9991E-05 0.0212533 0.422738 0.461558 0.0943513
0.0463947 0.0332192 0.571115 0.259109 0.0901627
0.06935 9.9991E-05 0.267266 0.619976 0.0433082
0.166506 0.0613859 0.537241 0.127851 0.107016
0.018313 0.0658073 0.615725 0.257319 0.0428365
0.119639 9.9991E-05 0.517075 0.254131 0.109055
0.0869378 9.9991E-05 0.502517 0.305841 0.104604
9.9991E-05 0.0186737 0.490676 0.430414 0.0601365
0.0805675 9.9991E-05 0.321256 0.574993 0.0230834
0.0393771 9.9991E-05 0.418812 0.49167 0.0500413
0.0839002 9.9991E-05 0.595559 0.240593 0.079848
0.112441 0.0531255 0.57835 0.142167 0.113916
0.22391 0.0201922 0.326985 0.296904 0.132008
0.164155 9.9991E-05 0.481815 0.230899 0.123031
0.0276851 0.0140974 0.372686 0.492813 0.0927183
0.0600193 0.0249707 0.549045 0.290169 0.0757958
0.0365445 0.0281851 0.502791 0.324882 0.107598
0.0708072 0.112333 0.57242 0.154501 0.0899386
9.9991E-05 0.355447 0.482256 0.017628 0.144569
0.0383428 0.13784 0.558043 0.0395069 0.226268
0.100035 0.18929 0.512815 0.0700396 0.127819
0.111534 0.130141 0.518538 0.0598834 0.179904
0.113403 0.179424 0.475656 9.9991E-05 0.231417
0.243287 9.9982E-05 0.559769 0.196745 9.9982E-05
0.108158 0.167728 0.509969 0.068883 0.145263
0.446201 0.245237 0.0327351 0.0701171 0.20571
0.0556485 0.145338 0.596473 0.0660718 0.136469
0.0622113 0.157953 0.526554 0.0581063 0.195175
0.114886 0.10658 0.513433 0.0540683 0.211034
0.292444 0.191881 0.332352 0.0400255 0.143297
0.0521775 0.213545 0.536769 0.0345706 0.162938
0.106767 0.14451 0.49173 0.0464001 0.210593
0.365953 0.517292 9.9982E-05 9.9982E-05 0.116556
0.0111254 0.172956 0.497402 0.0927739 0.225743
0.095139 0.176838 0.523143 9.9991E-05 0.204779
0.107582 0.126418 0.611853 0.0321346 0.122012
9.9982E-05 0.220649 0.531942 9.9982E-05 0.247209
0.0881483 0.246946 0.553764 9.9991E-05 0.111041
0.393752 0.0389013 0.514125 0.0396085 0.0136129
0.258456 0.0524051 0.561294 0.0555073 0.0723375
0.843052 9.9991E-05 0.0499785 0.102869 0.00400017
0.832328 9.9982E-05 0.105475 0.0619976 9.9982E-05
0.262726 0.113698 0.558583 0.0119505 0.0530426
0.169604 0.163292 0.344808 9.9991E-05 0.322197
0.131992 0.213333 0.362389 9.9991E-05 0.292187
0.299888 0.187967 0.202871 9.9991E-05 0.309174
0.168924 0.181166 0.398671 9.9991E-05 0.25114
0.691685 0.103206 0.134993 9.9991E-05 0.0700158
0.633951 0.0824536 0.171487 9.9991E-05 0.112009
0.291908 0.017084 0.619751 9.9991E-05 0.0711567
0.332798 0.0884261 0.439991 9.9991E-05 0.138684
0.556671 0.0662208 0.298935 9.9991E-05 0.0780729
0.219462 0.102214 0.589047 0.00304174 0.0862357
0.21436 0.0610989 0.631816 0.00303751 0.0896875
0.23426 0.111769 0.526125 0.0463388 0.0815074
0.514795 9.9991E-05 0.413081 0.0475251 0.0244994
0.409109 0.0324784 0.500637 0.0576758 9.9991E-05
0.274761 0.0275382 0.604316 0.0522931 0.0410917
0.372847 0.048352 0.472487 0.0500853 0.0562284
0.190523 0.113808 0.550927 0.0723943 0.0723476
0.442865 0.0160192 0.540916 9.9982E-05 9.9982E-05
0.658327 9.9982E-05 0.2865 0.0549726 9.9982E-05
0.26295 9.9982E-05 0.710796 9.9982E-05 0.0260547
0.589419 9.9991E-05 0.278972 0.123239 0.00827071
0.395752 0.0273518 0.566506 9.9991E-05 0.0102895
0.238452 0.104712 0.559818 0.0473611 0.0496576
0.240272 0.0855535 0.57279 0.0532771 0.0481078
0.0812081 0.233563 0.543509 0.0113958 0.130325
0.154479 0.166395 0.427189 0.0846842 0.167253
0.162636 0.223367 0.300122 9.9991E-05 0.313775
0.228581 0.192207 0.301068 9.9991E-05 0.278044
0.123057 0.162716 0.478802 0.0440952 0.19133
0.196025 0.15848 0.448487 0.0395944 0.157413
0.642102 0.191901 9.9982E-05 9.9982E-05 0.165796
0.111158 0.117554 0.557706 9.9991E-05 0.213482
0.509087 0.360348 9.9982E-05 9.9982E-05 0.130365
0.191202 0.0764592 0.528751 0.00465082 0.198937
0.731413 9.9973E-05 0.268287 9.9973E-05 9.9973E-05
0.857357 9.9982E-05 0.1148 0.0276426 9.9982E-05
0.404666 9.9991E-05 0.582933 0.0096479 0.00265232
0.238102 0.0160831 0.670095 0.0223346 0.0533857
0.488708 9.9982E-05 0.507044 0.00404766 9.9982E-05
0.301144 0.00112206 0.659573 0.0171481 0.0210121
0.348272 9.9982E-05 0.644143 9.9982E-05 0.00738533
0.0137154 0.887372 0.0290199 0.0697924 9.9991E-05
0.0723798 0.77171 0.0258254 0.0466892 0.0833959
9.9982E-05 0.947236 9.9982E-05 0.0343007 0.0182633
9.9973E-05 0.953595 0.0461049 9.9973E-05 9.9973E-05
0.217077 0.0119518 0.665254 0.0677042 0.0380127
0.167533 0.0344949 0.656619 0.130844 0.0105088
0.154224 0.0205687 0.657386 0.167722 9.9991E-05
0.115103 0.08922 0.696108 0.099469 9.9991E-05
0.102924 0.0933022 0.613201 0.157851 0.032722
0.29523 9.9982E-05 0.449088 0.255482 9.9982E-05
0.151798 0.00159471 0.785503 0.0610049 9.9991E-05
0.530671 9.9982E-05 0.432985 0.0361439 9.9982E-05
9.9991E-05 0.32844 0.410351 0.070016 0.191093
0.369198 0.000172669 0.568691 0.0562369 0.00570142
0.24246 9.9982E-05 0.518395 0.238946 9.9982E-05
0.281698 9.9982E-05 0.678669 0.0394332 9.9982E-05
0.162375 0.0165242 0.571061 0.249941 9.9991E-05
0.276466 9.9991E-05 0.703621 0.00161274 0.0182004
0.162696 0.0648918 0.671495 0.100817 9.9991E-05
0.727313 9.9982E-05 0.250072 0.0224158 9.9982E-05
0.499469 9.9982E-05 0.469387 0.0309437 9.9982E-05
0.434298 9.9982E-05 0.533421 0.0320804 9.9982E-05
0.887681 9.9982E-05 0.103407 0.00871239 9.9982E-05
0.198399 0.0342803 0.566255 0.200966 9.9991E-05
0.697139 9.9982E-05 0.246915 0.0557462 9.9982E-05
0.862353 9.9982E-05 0.0478282 0.0896184 9.9982E-05
0.205421 0.0341367 0.641779 0.0797307 0.0389335
0.275973 0.00863659 0.373882 0.341409 9.9991E-05
0.228451 0.012541 0.627742 0.131166 9.9991E-05
0.123693 0.10667 0.634472 0.0549597 0.0802049
0.175572 0.00766587 0.642105 0.174557 9.9991E-05
0.26264 9.9991E-05 0.405864 0.283381 0.0480155
0.126161 0.0542021 0.677183 0.142354 9.9991E-05
0.16078 0.0374255 0.636588 0.165106 9.9991E-05
0.449876 9.9982E-05 0.49686 0.0530644 9.9982E-05
0.140508 0.121875 0.647113 0.0904038 9.9991E-05
0.034418 0.678644 9.9982E-05 0.286738 9.9982E-05
0.0350051 0.789464 9.9982E-05 0.175331 9.9982E-05
9.9973E-05 0.865767 9.9973E-05 0.133933 9.9973E-05
9.9973E-05 0.849466 9.9973E-05 0.150234 9.9973E-05
0.0313001 0.77466 0.0218502 0.172089 9.9991E-05
0.297059 0.000456519 0.340097 0.362287 9.9991E-05
0.323089 9.9982E-05 0.348011 0.3287 9.9982E-05
0.588748 9.9973E-05 0.410952 9.9973E-05 9.9973E-05
0.113188 0.128699 0.649767 0.0524024 0.0559441
0.130998 0.143953 0.603538 0.0439708 0.0775408
0.50396 0.0165974 0.454654 0.0216719 0.00311685
0.173584 0.00614768 0.720041 0.045019 0.0552079
0.387431 0.0242315 0.546616 9.9991E-05 0.0416215
0.164366 0.042323 0.670365 0.122846 9.9991E-05
0.133261 0.0419843 0.700354 0.07145 0.0529508
0.279633 9.9982E-05 0.403894 0.316274 9.9982E-05
0.258808 9.9982E-05 0.494993 0.245999 9.9982E-05
0.218498 9.9982E-05 0.518587 0.262715 9.9982E-05
0.140041 0.148427 0.688921 0.02251 9.9991E-05
0.220739 9.9982E-05 0.558592 0.22047 9.9982E-05
0.173732 0.01523 0.572594 0.238343 9.9991E-05
0.0175374 0.114184 0.457318 0.00828575 0.402674
0.0563158 0.157457 0.340706 9.9991E-05 0.445421
0.000666069 0.0914105 0.44772 0.0377431 0.422461
0.0429891 0.169584 0.28273 9.9991E-05 0.504597
0.0528149 0.12525 0.457487 0.00561949 0.358828
0.300121 0.0818072 0.617872 9.9982E-05 9.9982E-05
0.0587391 0.271387 9.9991E-05 0.0155967 0.654177
0.0111048 0.16806 0.30113 0.000192269 0.519513
0.238403 0.247325 0.382368 9.9991E-05 0.131804
0.19315 0.182019 0.563143 0.061588 9.9991E-05
0.186349 0.170802 0.548945 0.0734074 0.0204975
0.125409 0.173281 0.61441 0.0394257 0.047474
0.130517 0.148406 0.677559 0.0254917 0.0180261
9.9982E-05 0.170036 0.363577 9.9982E-05 0.466187
9.9991E-05 0.184966 0.427742 0.0117704 0.375421
9.9982E-05 0.100444 0.399032 9.9982E-05 0.500324
0.0897419 0.156342 0.431836 0.0364425 0.285637
0.0667036 0.179691 0.270977 0.0169328 0.465695
0.0209834 0.13149 0.443294 0.0582516 0.345982
0.0179796 0.163136 0.255179 0.00159621 0.562109
0.062305 0.129641 0.421965 0.0539835 0.332106
0.269613 0.156364 0.533085 0.0333962 0.00754177
0.0649222 0.210557 0.382754 0.00322069 0.338546
0.041457 0.234981 0.137817 9.9991E-05 0.585645
0.0241209 0.143985 0.434019 0.0590355 0.33884
0.281618 0.204341 0.358556 0.155384 9.9991E-05
0.209987 0.0763705 0.659402 9.9991E-05 0.0541405
0.0442977 0.128273 0.410062 0.0444749 0.372892
0.163429 0.165012 0.583855 0.0668875 0.0208155
0.172327 0.188608 0.546735 0.0844012 0.00792809
0.183239 0.225634 0.363946 0.00581725 0.221364
0.116239 0.235859 0.371184 9.9991E-05 0.276618
0.135966 0.15254 0.5689 0.0702904 0.0723032
0.0756209 0.156363 0.467897 9.9991E-05 0.300019
9.9982E-05 0.12579 0.427552 9.9982E-05 0.446458
0.0422695 0.217143 0.14796 9.9991E-05 0.592528
0.0726767 0.147507 0.69173 0.0404322 0.0476547
0.251386 0.193827 0.491046 0.0636402 9.9991E-05
0.664458 0.163172 0.125029 9.9991E-05 0.0472416
0.116919 0.193924 0.612285 0.0279332 0.0489383
0.282779 0.113527 0.440596 0.121218 0.0418801
0.0943967 0.196566 0.519523 0.0425478 0.146967
0.153461 0.176556 0.495218 0.063943 0.110821
0.464604 0.415315 9.9982E-05 9.9982E-05 0.119882
0.539861 0.379526 9.9982E-05 9.9982E-05 0.0804133
0.355189 0.229976 0.315658 9.9991E-05 0.0990767
0.422831 0.359279 0.00899025 9.9991E-05 0.208799
0.299785 0.499007 9.9982E-05 9.9982E-05 0.201008
0.287698 0.236174 0.365891 9.9991E-05 0.110137
0.203337 0.232483 0.388162 0.00619093 0.169827
0.37365 0.316135 0.129515 9.9991E-05 0.1806
0.459076 0.318736 0.0816292 9.9991E-05 0.140459
0.135856 0.183124 0.526236 9.9991E-05 0.154685
0.404138 0.28583 0.162608 9.9991E-05 0.147324
0.507061 0.419054 9.9982E-05 9.9982E-05 0.073685
0.0611011 0.186783 0.566181 0.0741361 0.111799
0.24718 0.234441 0.28439 0.0261842 0.207806
0.0486435 0.347868 0.416668 0.00337049 0.18345
9.9982E-05 0.17452 0.56336 9.9982E-05 0.261919
0.0830817 0.175546 0.540878 9.9991E-05 0.200395
0.0634885 0.186774 0.491109 9.9991E-05 0.258529
9.9991E-05 0.367125 0.325927 0.0808225 0.226025
0.0437192 0.256564 0.499807 9.9991E-05 0.19981
9.9982E-05 0.289298 0.489047 9.9982E-05 0.221456
0.186993 0.268952 0.268682 9.9991E-05 0.275272
0.0936787 0.204444 0.422323 0.185693 0.0938603
0.0970752 0.241761 0.520711 0.00970049 0.130753
0.0943646 0.14044 0.54099 0.0595413 0.164664
0.0647989 0.168908 0.617545 0.0289649 0.119783
0.026915 0.269886 0.420105 0.0391791 0.243915
0.0466281 0.251239 0.525625 9.9991E-05 0.176408
0.274385 0.38096 0.02375 9.9991E-05 0.320805
0.0870051 0.202719 0.521714 9.9991E-05 0.188462
0.164457 0.332507 0.214462 9.9991E-05 0.288474
9.9973E-05 0.80671 9.9973E-05 0.19299 9.9973E-05
0.00715694 0.0366234 0.118021 0.804391 0.0338073
9.997E-05 9.997E-05 9.997E-05 0.9996 9.997E-05
9.997E-05 9.997E-05 9.997E-05 0.9996 9.997E-05
9.9982E-05 9.9982E-05 0.00584125 0.979684 0.0142747
9.9973E-05 9.9973E-05 9.9973E-05 0.975499 0.0242007
9.9973E-05 9.9973E-05 0.0463679 0.953332 9.9973E-05
9.997E-05 9.997E-05 9.997E-05 0.9996 9.997E-05
9.9973E-05 0.144345 9.9973E-05 0.855356 9.9973E-05
9.9982E-05 0.905161 0.00988993 0.0847495 9.9982E-05
9.9982E-05 0.822375 0.053315 0.12411 9.9982E-05
0.0216847 0.892053 0.0528965 0.033266 9.9991E-05
0.00520409 0.885057 0.012878 0.0967612 9.9991E-05
9.99856E-05 0.901953 0.0243813 0.0734662 9.99856E-05
9.9982E-05 0.908078 0.0591176 0.0326042 9.9982E-05
0.00150218 0.764297 0.148306 0.0145845 0.0713103
9.9973E-05 0.90162 0.0980805 9.9973E-05 9.9973E-05
9.9991E-05 0.722067 0.120877 0.0951095 0.0618458
9.9982E-05 0.930286 0.0176021 9.9982E-05 0.0519123
0.000377275 0.999323 9.9973E-05 9.9973E-05 9.9973E-05
9.9991E-05 0.902352 0.0815651 0.012863 0.0031201
9.9973E-05 0.98251 9.9973E-05 0.0171905 9.9973E-05
0.00437848 0.96269 0.0327314 9.9982E-05 9.9982E-05
9.9982E-05 0.915259 0.0744514 9.9982E-05 0.0100897
9.9973E-05 0.938353 0.0613474 9.9973E-05 9.9973E-05
9.9982E-05 0.887531 0.0595999 9.9982E-05 0.0526695
9.9982E-05 0.854391 0.134377 9.9982E-05 0.0110316
9.9982E-05 0.828445 0.102489 9.9982E-05 0.0688658
0.262545 0.19809 0.442814 0.0964499 9.9991E-05
0.127879 0.119723 0.730218 0.0220808 9.9991E-05
0.0830588 0.198975 0.630623 0.0650833 0.0222608
0.74915 0.119393 0.102625 9.9991E-05 0.0287319
0.181416 0.144966 0.576865 0.0966536 9.9991E-05
0.712802 0.187926 0.0804757 9.9991E-05 0.018696
0.196992 0.0961533 0.667683 9.9991E-05 0.0390716
0.230639 0.195499 0.461696 0.112066 9.9991E-05
0.166721 0.219009 0.527783 0.0863869 9.9991E-05
0.187827 0.092675 0.593006 0.118445 0.00804629
0.22387 0.162104 0.507772 0.106155 9.9991E-05
0.194887 0.0999726 0.669832 9.9991E-05 0.0352086
0.150967 0.140855 0.54886 0.130578 0.028741
0.426371 9.9991E-05 0.0218188 0.457582 0.0941279
0.814578 0.171874 0.0133484 9.9982E-05 9.9982E-05
0.675314 0.162075 0.142062 9.9991E-05 0.0204488
0.147171 0.156018 0.634301 0.040981 0.0215294
0.342323 0.104736 0.499899 9.9991E-05 0.052942
0.269201 0.0873547 0.628513 9.9991E-05 0.0148312
0.13636 0.0994189 0.634526 0.0379716 0.0917231
0.0855367 0.248057 0.435191 0.0578414 0.173374
0.0379116 0.23535 0.537509 0.0216591 0.167571
0.0465474 0.397012 0.189049 0.214566 0.152826
0.0313127 0.186563 0.571794 0.153798 0.0565327
0.075115 0.237384 0.468568 0.111461 0.107472
0.403731 0.425928 9.9982E-05 9.9982E-05 0.170141
0.177418 0.316202 0.286673 9.9991E-05 0.219607
0.062903 0.36711 0.312846 0.0880774 0.169063
0.033256 0.310143 0.415968 0.129797 0.110836
0.0923489 0.117649 0.531527 0.0887347 0.16974
0.060181 0.190157 0.597483 0.0317199 0.120459
0.108186 0.176637 0.58673 0.00846786 0.11998
0.18237 0.196507 0.412094 0.00641253 0.202617
0.0638219 0.5028 0.25564 0.0599257 0.117812
