0.0213019 9.9991E-05 0.027656 0.933508 0.0174342
9.9973E-05 9.9973E-05 9.9973E-05 0.981186 0.0185139
0.0115823 0.00357944 0.0669518 0.904847 0.0130392
9.9982E-05 9.9982E-05 0.139681 0.840071 0.0200489
9.9973E-05 9.9973E-05 0.0734432 0.926257 9.9973E-05
0.0620602 0.122719 0.0518778 0.678838 0.0845052
0.0258975 0.11477 9.9991E-05 0.802062 0.0571712
0.0350176 0.115242 0.00877336 0.734153 0.106814
9.9982E-05 0.0141578 9.9982E-05 0.818445 0.167198
0.00224467 0.0876792 0.0337795 0.803167 0.0731299
0.00343929 0.0610447 0.0859015 0.776359 0.0732555
0.0384745 0.118685 0.286741 0.04383 0.51227
0.0539529 0.0424124 0.559479 0.0570626 0.287093
0.0875246 0.115332 0.310218 9.9991E-05 0.486825
0.116553 0.039008 0.334267 0.0247127 0.485459
0.138806 0.0259222 0.428437 0.104044 0.302791
0.0705979 0.0623236 0.606883 0.0585767 0.201619
0.0128828 0.118487 0.529677 0.0695868 0.269367
0.0887847 0.0852447 0.298692 0.119709 0.407569
0.00525672 0.160187 0.0970214 0.0400296 0.697505
0.0171997 0.136371 0.469162 0.069351 0.307917
0.097291 0.27417 0.418741 0.0435797 0.166218
0.0432231 0.0970304 0.607144 0.0575685 0.195034
0.088563 0.144604 0.252161 0.0661323 0.44854
0.10225 0.0444209 0.617218 0.104446 0.131665
0.0322231 0.108517 0.586269 0.0555247 0.217466
0.0371768 0.108036 0.290809 0.0654392 0.498538
0.0789334 0.0802458 0.319066 0.0423834 0.479372
9.9991E-05 0.161327 0.283458 0.0133941 0.541721
0.0108318 9.9982E-05 0.0878793 0.901089 9.9982E-05
9.9973E-05 9.9973E-05 0.132801 0.866899 9.9973E-05
0.0723466 9.9991E-05 0.0972282 0.826866 0.00345922
0.0914343 9.9982E-05 0.137799 0.770566 9.9982E-05
9.9991E-05 0.189407 0.586427 0.105219 0.118847
0.0631015 0.120547 0.573828 0.0592558 0.183267
9.9991E-05 0.230306 0.68775 0.0418169 0.0400272
0.00236794 0.0760629 0.253442 0.0447989 0.623329
9.9982E-05 0.534936 0.407706 9.9982E-05 0.0571585
0.0593989 0.0734882 0.597909 0.0476445 0.221559
9.9982E-05 0.118906 0.807672 0.0732222 9.9982E-05
9.9991E-05 0.14236 0.600015 0.158263 0.0992616
0.0143798 0.156238 0.648149 0.100723 0.0805113
9.9982E-05 0.321938 0.327286 9.9982E-05 0.350576
0.0311675 0.181611 0.668719 0.118403 9.9991E-05
0.0281103 0.168066 0.681693 0.0938601 0.0282706
0.0230505 0.127908 0.692197 0.110942 0.0459024
9.9982E-05 0.443783 0.517499 9.9982E-05 0.038518
0.0122369 0.11923 0.704691 0.0918888 0.071953
0.041565 0.198544 0.575632 0.112479 0.0717798
9.9982E-05 0.876945 9.9982E-05 0.0246744 0.0981807
9.9982E-05 0.200513 0.192574 9.9982E-05 0.606714
0.0876174 0.490252 0.167305 0.013557 0.241269
0.102171 0.100255 0.592566 0.0548192 0.150189
0.101431 0.104313 0.604575 0.0666956 0.122986
0.0873634 0.135452 0.591356 0.109815 0.0760129
0.0166356 0.107741 0.229615 0.0961337 0.549874
9.9991E-05 0.0315483 0.619239 0.0339459 0.315167
0.0883479 0.0912693 0.561804 0.0800253 0.178554
9.9991E-05 0.11423 0.455586 0.154554 0.275531
0.0462059 0.17066 0.126759 0.141578 0.514797
0.0567123 0.151287 0.596583 0.0860913 0.109326
0.0793398 0.05908 0.529713 0.0815416 0.250326
9.9991E-05 0.214503 0.125604 0.0649822 0.594811
9.9991E-05 0.107353 0.506499 0.00183906 0.384209
0.0584251 0.172972 0.596047 0.0765565 0.0959998
0.0192916 0.0321857 0.682342 0.103472 0.162708
0.0638464 0.121544 0.328715 0.0667861 0.419109
0.0796287 0.0949925 0.509914 0.0544293 0.261036
0.0763994 0.0977855 0.577326 0.0393383 0.209151
9.9991E-05 0.145016 0.304281 0.0371697 0.513433
9.9991E-05 0.164871 0.686288 0.0223695 0.126371
9.9982E-05 0.338216 0.415931 9.9982E-05 0.245653
0.0632308 0.130831 0.600549 0.0990108 0.106378
9.9982E-05 0.728225 0.218914 9.9982E-05 0.0526612
9.9982E-05 0.784806 0.170215 9.9982E-05 0.0447782
9.9982E-05 0.521591 0.423838 9.9982E-05 0.054371
9.9982E-05 0.215768 0.638016 9.9982E-05 0.146016
0.0786339 0.148655 0.601422 0.139744 0.0315461
0.00489632 0.340463 0.626006 9.9991E-05 0.0285345
9.9982E-05 0.273974 0.356237 9.9982E-05 0.369589
9.9982E-05 0.292753 0.427437 9.9982E-05 0.27961
0.089367 0.158303 0.540041 0.0915161 0.120773
9.9991E-05 0.276734 0.545588 0.0104879 0.167089
9.9991E-05 0.220909 0.604081 0.00451605 0.170393
9.9982E-05 0.37835 0.597033 9.9982E-05 0.0244172
0.00415248 0.857782 0.0477996 9.9991E-05 0.0901659
0.0513298 0.206072 0.693646 0.00639245 0.0425593
9.9982E-05 9.9982E-05 0.0658402 0.853866 0.080094
9.9973E-05 9.9973E-05 0.0522044 0.947496 9.9973E-05
0.048129 9.9982E-05 0.107275 0.844396 9.9982E-05
0.0289695 9.9982E-05 0.035312 0.935519 9.9982E-05
0.0122241 9.9982E-05 0.0170905 0.970485 9.9982E-05
0.0390624 9.9982E-05 0.0679442 0.892793 9.9982E-05
9.9973E-05 9.9973E-05 0.0704525 0.929248 9.9973E-05
0.0536828 0.127805 0.62863 0.0793411 0.110541
0.0599427 0.105938 0.64123 0.124527 0.0683621
9.9991E-05 0.402798 0.215228 0.00312193 0.378752
0.0358507 0.155857 0.637341 0.0681071 0.102844
9.9991E-05 0.22887 0.535859 0.000300861 0.23487
9.9991E-05 0.131023 0.67008 0.0690106 0.129786
9.9991E-05 0.260247 0.642549 0.0569966 0.0401074
0.0286695 0.25623 0.637989 0.0135095 0.0636022
9.9982E-05 0.380573 0.175348 9.9982E-05 0.443879
0.0474658 0.133921 0.603105 0.0902561 0.125252
0.0706468 0.0784186 0.671443 0.0596443 0.119847
0.0580213 0.123544 0.628594 0.111293 0.0785471
9.9982E-05 0.523196 0.430078 9.9982E-05 0.046526
9.9973E-05 0.339261 0.660439 9.9973E-05 9.9973E-05
9.9982E-05 0.201621 0.621422 9.9982E-05 0.176757
9.9982E-05 0.421315 0.569493 9.9982E-05 0.00899162
9.9991E-05 0.110668 0.606135 0.0300752 0.253022
0.0631492 0.161931 0.620207 0.0648611 0.089852
0.0734731 0.241376 0.328822 0.00547522 0.350853
9.9991E-05 0.0548513 0.47957 0.0821607 0.383318
0.0832696 0.0756017 0.559944 0.100531 0.180654
0.0854923 0.137761 0.565101 0.130834 0.0808116
9.9991E-05 0.0162073 0.54256 0.0456647 0.395468
0.0464297 0.0161689 0.63737 0.0579185 0.242113
9.9991E-05 0.00086024 0.514763 0.0796625 0.404615
0.0354304 0.161097 0.603244 0.0900328 0.110195
0.0873226 0.014556 0.619099 0.0905721 0.188451
0.0166706 0.032849 0.644591 0.072343 0.233547
0.0152269 0.010522 0.609458 0.0349902 0.329803
0.0726074 0.146645 0.601504 0.069212 0.110032
0.0649552 0.0852732 0.647651 0.128738 0.0733827
0.134545 0.0889288 0.570462 9.9991E-05 0.205964
0.0744585 0.11276 0.573379 0.100012 0.139391
0.0919098 0.0801518 0.599259 0.0242922 0.204387
0.0935353 0.257372 0.329446 0.093402 0.226245
0.0867842 0.0541108 0.630903 0.0670347 0.161167
0.0891075 0.0680571 0.670253 0.0315623 0.14102
0.0238497 0.112015 0.2789 0.0161808 0.569054
0.0701786 0.421937 0.200114 9.9991E-05 0.30767
0.0468792 0.122103 0.553433 0.0464859 0.231099
0.0353346 0.505084 0.105587 9.9991E-05 0.353895
9.9991E-05 0.065161 0.376294 0.00471092 0.553734
9.9982E-05 0.0384998 0.536158 9.9982E-05 0.425142
9.9991E-05 0.0319109 0.416643 0.0131638 0.538183
0.00778169 0.0727011 0.407912 9.9991E-05 0.511506
9.9991E-05 0.0682309 0.647416 0.0819134 0.20234
0.0728584 0.0539567 0.564799 0.0978522 0.210534
0.038788 0.0442329 0.644473 0.0287397 0.243766
0.047627 0.344308 0.173367 9.9991E-05 0.434598
0.0205406 0.151067 0.544171 0.198071 0.0861509
0.050393 0.23765 0.519455 0.122663 0.0698391
9.9982E-05 0.794695 9.9982E-05 0.177129 0.0279763
0.0166742 0.143707 0.699126 0.0975113 0.0429811
0.0433557 0.479575 0.330961 0.135043 0.0110648
0.0645319 0.190735 0.553434 0.169017 0.0222822
9.9991E-05 0.491007 0.255703 0.156248 0.0969421
9.9991E-05 0.633415 0.139426 0.105873 0.121187
0.0437471 0.392581 0.428198 0.0679509 0.0675234
0.119634 0.151085 0.462853 0.13333 0.133097
0.0583183 0.196951 0.449295 0.171983 0.123453
0.0755859 0.565867 0.170803 0.0789155 0.108829
0.067514 0.143849 0.555272 0.113096 0.120269
9.9982E-05 0.543784 0.371178 9.9982E-05 0.0848373
9.9982E-05 0.405862 0.496712 9.9982E-05 0.0972259
0.0743212 0.186867 0.577396 0.130749 0.0306671
0.253289 0.21006 0.113866 0.422686 9.9991E-05
0.154626 0.321456 9.9982E-05 0.523718 9.9982E-05
0.148065 0.349747 9.9982E-05 0.501988 9.9982E-05
0.298352 0.260819 0.0603198 0.366263 0.0142461
9.9991E-05 0.304055 0.679585 0.0140319 0.00222807
0.0413251 0.142272 0.61625 0.135386 0.0647664
0.697207 9.9973E-05 0.302493 9.9973E-05 9.9973E-05
0.484384 9.9991E-05 0.377637 0.0491672 0.0887122
0.417517 0.036176 0.410573 0.0435951 0.0921385
0.0352719 0.590665 0.293237 0.0351466 0.0456794
0.0315935 0.216435 0.53431 0.126505 0.0911562
9.9982E-05 0.647859 0.292251 9.9982E-05 0.0596894
0.00579663 0.26138 0.630499 0.102224 9.9991E-05
0.0120706 0.317686 0.506293 0.110902 0.053049
0.0167474 0.33997 0.59708 0.0461031 9.9991E-05
0.0151726 0.685922 0.230992 0.0678127 9.9991E-05
0.065495 0.191797 0.661875 0.0807333 9.9991E-05
0.0555841 0.201836 0.592698 0.134779 0.0151027
0.968033 0.00284831 0.0289188 9.9982E-05 9.9982E-05
0.884556 9.9982E-05 0.0766367 9.9982E-05 0.0386075
0.526908 9.9991E-05 0.372453 0.0562759 0.044263
0.649661 9.9973E-05 0.350039 9.9973E-05 9.9973E-05
0.811314 9.9982E-05 0.146901 9.9982E-05 0.0415848
0.9996 9.997E-05 9.997E-05 9.997E-05 9.997E-05
0.956284 9.9973E-05 9.9973E-05 9.9973E-05 0.0434156
0.85243 9.9973E-05 0.14727 9.9973E-05 9.9973E-05
0.948706 9.9973E-05 9.9973E-05 9.9973E-05 0.0509944
0.9996 9.997E-05 9.997E-05 9.997E-05 9.997E-05
0.9996 9.997E-05 9.997E-05 9.997E-05 9.997E-05
0.766331 9.9982E-05 0.216282 0.0171871 9.9982E-05
0.811043 9.9991E-05 0.0970909 0.0229588 0.0688073
0.9996 9.997E-05 9.997E-05 9.997E-05 9.997E-05
0.412708 0.0514119 0.322493 0.117916 0.0954705
0.651493 9.9991E-05 0.23691 0.046144 0.0653534
0.810631 9.9982E-05 0.154489 0.0346803 9.9982E-05
0.905639 9.9982E-05 0.0854751 9.9982E-05 0.00868631
0.9996 9.997E-05 9.997E-05 9.997E-05 9.997E-05
0.977188 9.9982E-05 0.0171845 0.00542803 9.9982E-05
0.9996 9.997E-05 9.997E-05 9.997E-05 9.997E-05
0.617048 0.0142302 0.267482 0.0637458 0.0374938
0.97479 0.0233553 9.9982E-05 9.9982E-05 0.00165507
0.0903241 0.565376 9.9982E-05 0.3441 9.9982E-05
0.142846 0.224235 0.37646 0.219802 0.0366575
0.083566 0.235755 0.473024 0.207555 9.9991E-05
0.132028 0.439181 0.179526 0.249164 9.9991E-05
0.175508 0.141444 0.444411 0.160919 0.0777181
0.1448 0.452821 0.102309 0.29997 9.9991E-05
0.13184 0.167794 0.455449 0.187847 0.0570699
0.144696 0.296823 0.319118 0.239264 9.9991E-05
0.130013 0.208301 0.456388 0.205198 9.9991E-05
0.126906 0.273753 0.360015 0.239226 9.9991E-05
0.148908 0.158519 0.447502 0.206275 0.0387965
9.9991E-05 0.00424551 0.0641046 0.906199 0.0253514
0.0506797 0.00129647 9.9991E-05 0.935522 0.0124022
9.9982E-05 9.9982E-05 0.0146088 0.96077 0.0244217
9.9982E-05 0.00783828 9.9982E-05 0.988467 0.00349515
9.9982E-05 9.9982E-05 0.0477859 0.914677 0.0373373
0.0017297 9.9973E-05 9.9973E-05 0.99797 9.9973E-05
0.0120501 9.9991E-05 0.0525924 0.931456 0.00380135
9.9982E-05 9.9982E-05 0.0166422 0.950682 0.032476
0.0223805 0.0112505 0.0233791 0.913738 0.0292519
0.014369 9.9991E-05 0.0168539 0.934255 0.0344223
9.9982E-05 0.0887206 9.9982E-05 0.603003 0.308077
9.9982E-05 0.0374942 9.9982E-05 0.613667 0.348638
9.9982E-05 0.113906 9.9982E-05 0.535313 0.35058
9.9982E-05 0.117211 9.9982E-05 0.46412 0.418468
0.0013244 0.167171 0.551552 0.0877498 0.192203
0.0144493 0.177326 0.612515 0.0342473 0.161462
0.000281129 0.0624561 0.664928 0.0410459 0.231289
9.9991E-05 0.200108 0.443546 0.000838978 0.355407
0.00841695 0.0661122 0.265823 9.9991E-05 0.659548
0.00378957 0.0911307 0.779053 0.0507193 0.0753077
0.0110231 0.121777 0.711818 9.9991E-05 0.155282
9.9982E-05 0.295628 0.661463 9.9982E-05 0.0427089
9.9982E-05 0.447965 0.550218 9.9982E-05 0.00161658
0.056781 0.165982 0.6618 0.0889366 0.0265011
9.9982E-05 0.225745 0.578628 9.9982E-05 0.195428
9.9982E-05 0.743592 0.164671 9.9982E-05 0.0915367
0.0496819 0.0661681 0.646788 0.104184 0.133178
9.9973E-05 0.658115 0.341585 9.9973E-05 9.9973E-05
0.0196758 0.243306 0.639915 0.0313111 0.065792
9.9982E-05 0.321355 0.339988 9.9982E-05 0.338457
9.9991E-05 0.00847685 0.0120835 0.152647 0.826693
9.9991E-05 0.00715863 0.0881761 0.12976 0.774805
9.9991E-05 0.0364924 0.0453968 0.109515 0.808495
9.9982E-05 0.0466769 9.9982E-05 0.142795 0.810328
9.9991E-05 0.0338646 0.122164 0.0562369 0.787634
0.00293572 0.0155418 0.122722 0.0919198 0.766881
0.045344 9.9991E-05 0.0393837 0.878636 0.0365362
0.0154998 9.9991E-05 0.119892 0.821414 0.0430937
0.0398985 9.9991E-05 0.13616 0.809896 0.0139462
0.075689 9.9991E-05 0.0309202 0.845489 0.0478021
0.0339995 9.9991E-05 0.144867 0.806674 0.0143602
9.9982E-05 0.0336377 9.9982E-05 0.409449 0.556713
9.9982E-05 0.0210251 9.9982E-05 0.434137 0.544638
0.0107938 9.9991E-05 0.0102014 0.440773 0.538132
9.9982E-05 9.9982E-05 0.108289 0.869376 0.0221357
9.9982E-05 0.0602791 9.9982E-05 0.399283 0.540238
0.358285 0.106016 0.236069 0.29953 9.9991E-05
0.259003 0.0613257 0.507608 0.153397 0.0186668
0.239943 9.9982E-05 0.535926 0.22393 9.9982E-05
0.239284 0.0846224 0.380452 0.295542 9.9991E-05
0.169846 0.0982555 0.467756 0.166388 0.0977536
0.308428 0.225119 9.9982E-05 0.466254 9.9982E-05
9.9991E-05 0.0799015 0.504969 0.00896112 0.406068
0.0248096 0.308741 0.475623 9.9991E-05 0.190727
9.9982E-05 0.102624 0.347681 9.9982E-05 0.549495
0.0391592 0.219061 0.560857 9.9991E-05 0.180823
9.9973E-05 0.686972 9.9973E-05 9.9973E-05 0.312729
0.0774863 0.106031 0.607879 0.0853802 0.123223
0.0353245 0.188437 0.593839 0.0473731 0.135026
9.9991E-05 0.0717423 0.39716 0.0541941 0.476804
0.0605761 0.129177 0.567266 0.0865007 0.156481
9.9982E-05 0.509722 0.204243 9.9982E-05 0.285836
0.0321551 0.198559 0.599915 0.0280443 0.141327
9.9991E-05 0.051893 0.591186 0.0223201 0.3345
0.14786 0.192894 0.457544 0.145103 0.0565992
0.0368774 0.32827 0.385324 9.9991E-05 0.249428
0.0393957 0.304234 0.463378 9.9991E-05 0.192892
0.02204 0.140184 0.649245 0.00330996 0.185222
0.00922543 0.169568 0.602211 9.9991E-05 0.218896
0.0632596 0.0556794 0.682079 0.063491 0.135491
0.0652381 0.113653 0.580177 0.0552477 0.185684
0.0706384 0.0129784 0.637531 0.076681 0.202171
0.0436006 9.9982E-05 0.0959564 0.860243 9.9982E-05
9.9973E-05 9.9973E-05 0.119085 0.880615 9.9973E-05
9.9991E-05 0.00029562 0.0591649 0.921711 0.0187287
0.0541398 9.9991E-05 0.0173424 0.914085 0.0143325
9.9982E-05 9.9982E-05 0.0682941 0.918808 0.0126982
0.0690961 0.131759 0.145724 0.0105694 0.642851
0.086832 0.168618 0.503689 0.0569943 0.183866
0.241848 0.113697 0.412349 0.208383 0.023723
0.07712 0.0391306 0.668981 0.0223312 0.192437
0.0690884 0.00656579 0.550023 0.0122624 0.362061
0.0486863 0.329198 0.302848 9.9991E-05 0.319168
9.9991E-05 0.0761392 0.0428912 0.0733479 0.807522
0.0357542 0.0384096 0.486046 0.068772 0.371018
0.0576935 0.0635911 0.266544 0.0327516 0.57942
0.0684321 0.201445 0.486552 0.034138 0.209432
0.0156432 0.0791344 0.205951 0.0576166 0.641654
0.0874855 9.9991E-05 0.596484 0.0873456 0.228585
0.0188034 0.143538 0.187229 0.054514 0.595915
0.145131 0.283254 0.269572 9.9991E-05 0.301944
0.0202276 0.184681 0.57893 0.124054 0.0921078
9.9991E-05 0.539315 0.35803 0.024397 0.0781582
9.9991E-05 0.310552 0.551509 0.0974613 0.0403776
0.021847 0.175889 0.55766 0.155528 0.089076
9.9991E-05 0.618665 0.29712 0.0526811 0.0314341
0.0548488 0.219227 0.557889 0.0997619 0.0682733
9.9991E-05 0.330794 0.559972 0.0594791 0.0496553
9.9982E-05 0.762955 0.179685 9.9982E-05 0.0571597
9.9991E-05 0.688147 0.236973 0.0661488 0.00863085
9.9991E-05 0.350162 0.501655 0.0656477 0.0824355
9.9991E-05 0.775135 0.135268 0.0194925 0.0700043
0.0332162 0.421117 0.471756 0.00632704 0.0675837
0.0473119 0.000836794 0.192814 9.9991E-05 0.758938
0.115085 0.301266 0.191312 9.9991E-05 0.392237
0.0878901 9.9991E-05 0.420502 0.0281277 0.46338
0.106443 0.0445338 0.547638 0.0417864 0.259599
0.0175821 0.0512215 0.2986 9.9991E-05 0.632496
0.0941636 0.173322 0.512007 0.037365 0.183143
0.0537279 0.0336909 0.587952 0.0391717 0.285458
0.0671006 0.12377 0.538586 0.0164764 0.254067
0.0783162 0.0225874 0.549112 0.0270498 0.322934
0.0317965 9.9982E-05 0.538317 9.9982E-05 0.429686
0.0411993 0.0648484 0.322361 9.9991E-05 0.571492
0.0689387 0.00233031 0.437924 9.9991E-05 0.490707
0.0637094 0.124983 0.604081 9.9991E-05 0.207127
0.0827951 0.0732029 0.598821 0.0748502 0.170331
0.138872 0.255627 0.30152 0.0350974 0.268884
0.119758 0.141042 0.486181 9.9991E-05 0.252919
0.0632459 9.9991E-05 0.403759 0.0165017 0.516393
0.0807358 0.017539 0.549253 0.0453838 0.307088
0.0930559 0.0420751 0.520854 0.0203404 0.323674
0.0783205 0.0885754 0.588029 0.0755726 0.169503
0.153514 9.9991E-05 0.440238 0.360073 0.046075
0.184785 0.0521389 0.530065 0.188672 0.0443394
0.167215 0.12681 0.487551 0.139655 0.078768
0.159652 0.100349 0.5534 0.130671 0.0559287
0.230193 0.108422 0.439972 0.221313 9.9991E-05
0.0226848 0.268742 0.513399 9.9991E-05 0.195074
0.144967 0.126708 0.532958 0.172563 0.022805
0.219126 0.443448 0.0120306 0.251572 0.0738232
0.167792 0.0433705 0.566192 0.111749 0.110896
0.17404 0.0456615 0.547894 0.170795 0.0616091
0.157611 0.130166 0.544014 0.119762 0.0484466
0.146234 0.313591 0.30815 0.218501 0.0135234
0.150357 9.9991E-05 0.582768 0.215243 0.0515324
0.171784 0.10629 0.509481 0.178995 0.0334496
0.124896 0.35714 9.9982E-05 0.517764 9.9982E-05
0.153471 0.0149607 0.589095 0.164149 0.078324
0.227715 0.0705661 0.520254 0.181365 9.9991E-05
0.0929764 0.132498 0.584418 0.142563 0.0475448
0.248256 0.0338507 0.524312 0.193481 9.9991E-05
0.0929674 0.0388749 0.598762 0.234073 0.0353221
0.0259596 0.375805 0.504597 0.0781298 0.0155082
0.10383 0.247662 0.527969 0.0571679 0.0633713
9.9982E-05 0.868243 0.0635737 9.9982E-05 0.0679834
9.9991E-05 0.851382 0.0927088 0.00242098 0.0533882
0.0479155 0.286584 0.534161 0.094634 0.0367058
0.327906 0.160615 0.328437 0.158352 0.0246896
0.312557 0.160486 0.34216 0.184697 9.9991E-05
0.350298 0.277625 0.180819 0.191158 9.9991E-05
0.286075 0.209952 0.341302 0.16257 9.9991E-05
0.0812885 0.673635 0.140062 0.104915 9.9991E-05
0.115708 0.639475 0.150734 0.0939828 9.9991E-05
0.10745 0.257961 0.609685 0.0248044 9.9991E-05
0.143984 0.353902 0.420939 0.0810755 9.9991E-05
0.0903916 0.5636 0.294732 0.0504523 0.000823294
0.0928496 0.221385 0.566145 0.0637419 0.0558785
0.1169 0.217762 0.58216 0.0830784 9.9991E-05
0.143502 0.256787 0.47281 0.0967334 0.0301671
9.9982E-05 0.52848 0.440813 0.030507 9.9982E-05
0.0370663 0.464784 0.466947 0.0124868 0.0187158
0.00677197 0.296607 0.605087 0.0437802 0.0477546
0.0122705 0.290157 0.560341 0.0575397 0.0796919
0.0600615 0.220807 0.536655 0.0811463 0.10133
9.9991E-05 0.437829 0.527189 0.0302389 0.00464308
9.9991E-05 0.675712 0.303341 0.0108277 0.010019
9.9982E-05 0.241512 0.716277 0.0420112 9.9982E-05
0.0198819 0.640508 0.261449 9.9991E-05 0.0780615
0.000852884 0.424433 0.543271 0.0313432 9.9991E-05
0.0260463 0.276155 0.57652 0.0648343 0.0564446
0.038811 0.233977 0.562337 0.0936582 0.0712158
0.184286 0.141889 0.454417 0.197588 0.0218196
0.176046 0.195709 0.418964 0.160436 0.0488446
0.298394 0.178874 0.292465 0.230168 9.9991E-05
0.228396 0.189595 0.32818 0.210184 0.0436455
0.165321 0.0949556 0.50198 0.202495 0.0352489
0.139974 0.166016 0.493335 0.200575 9.9991E-05
0.185458 0.638874 9.9982E-05 0.175469 9.9982E-05
0.214498 0.0876885 0.575178 0.122536 9.9991E-05
0.129918 0.504719 9.9982E-05 0.365163 9.9982E-05
0.183236 0.196174 0.552403 0.0680867 9.9991E-05
9.9973E-05 0.754678 0.245022 9.9973E-05 9.9973E-05
9.9982E-05 0.875627 0.107441 9.9982E-05 0.0167323
0.00551661 0.40813 0.581988 0.00358016 0.000785013
0.0349942 0.244605 0.695567 0.0247343 9.9991E-05
9.9982E-05 0.467501 0.515144 9.9982E-05 0.0171548
0.0225779 0.322943 0.654279 9.9982E-05 9.9982E-05
9.9973E-05 0.344224 0.655477 9.9973E-05 9.9973E-05
0.000569113 9.9991E-05 0.00562858 0.88211 0.111592
0.0479054 0.0282066 0.0454999 0.77597 0.102418
0.00574287 9.9982E-05 9.9982E-05 0.960501 0.033556
9.9973E-05 9.9973E-05 0.0433399 0.95636 9.9973E-05
0.0408976 0.239558 0.611479 0.0447453 0.0633203
0.0116199 0.189062 0.653205 0.0286862 0.117427
9.9991E-05 0.177059 0.674899 0.0109248 0.137017
0.000589424 0.0984263 0.70082 0.085692 0.114472
0.0178774 0.102921 0.661383 0.146802 0.0710167
9.9991E-05 0.279281 0.4531 0.0202685 0.24725
0.0180025 0.135616 0.747314 0.0167263 0.082342
9.9982E-05 0.521282 0.467729 9.9982E-05 0.0107892
0.134167 9.9991E-05 0.433416 0.33269 0.0996259
0.0113216 0.386214 0.555416 9.9991E-05 0.0469484
9.9982E-05 0.229741 0.535263 9.9982E-05 0.234796
9.9982E-05 0.296418 0.655527 9.9982E-05 0.0478553
0.0189312 0.198309 0.565035 9.9991E-05 0.217624
9.9973E-05 0.269412 0.730288 9.9973E-05 9.9973E-05
9.9991E-05 0.141228 0.685181 0.0737409 0.0997508
9.9973E-05 0.761758 0.237942 9.9973E-05 9.9973E-05
9.9982E-05 0.509128 0.47641 9.9982E-05 0.0142623
9.9973E-05 0.466553 0.533147 9.9973E-05 9.9973E-05
9.9973E-05 0.911577 0.0881232 9.9973E-05 9.9973E-05
9.9991E-05 0.199777 0.556253 0.0468272 0.197043
9.9982E-05 0.748766 0.225868 9.9982E-05 0.0251669
9.9982E-05 0.874415 0.0677282 9.9982E-05 0.0576573
0.0361404 0.238448 0.674447 0.0213526 0.0296121
9.9982E-05 0.314518 0.359108 9.9982E-05 0.326174
9.9991E-05 0.223561 0.59931 0.00884648 0.168182
0.0351972 0.126627 0.647712 0.140565 0.0498976
0.00525022 0.142465 0.655194 0.00395135 0.19314
0.0411141 0.285536 0.38945 9.9991E-05 0.2838
0.00228717 0.180871 0.683595 9.9991E-05 0.133147
0.00955711 0.153549 0.604127 0.0150789 0.217688
9.9982E-05 0.475535 0.489688 9.9982E-05 0.0345768
9.9991E-05 0.105434 0.653263 0.128098 0.113104
9.9982E-05 0.0495791 9.9982E-05 0.674307 0.275914
9.9991E-05 0.0602268 0.00121967 0.782668 0.155786
9.99762E-05 9.99762E-05 9.99762E-05 0.862764 0.136936
9.9982E-05 0.0154886 9.9982E-05 0.844153 0.140158
9.9991E-05 0.019906 0.030368 0.761743 0.187883
9.9991E-05 0.309604 0.348379 0.0237807 0.318137
9.9982E-05 0.378988 0.336706 9.9982E-05 0.284106
9.9973E-05 0.579111 0.42059 9.9973E-05 9.9973E-05
0.0902916 0.125817 0.618525 0.096985 0.0683817
0.0756274 0.136059 0.599444 0.0958096 0.0930598
0.000925131 0.500254 0.441302 0.0168726 0.0406459
0.0660996 0.182579 0.706884 0.0180942 0.0263437
0.0282842 0.390931 0.515918 0.0395102 0.0253561
9.9991E-05 0.177457 0.669542 0.027976 0.124925
0.0519011 0.109609 0.683269 0.0728618 0.082359
9.9982E-05 0.28448 0.390038 9.9982E-05 0.325282
9.9982E-05 0.261398 0.502457 9.9982E-05 0.235945
9.9982E-05 0.292512 0.498338 9.9982E-05 0.20895
0.00192306 0.123908 0.700467 0.132267 0.0414357
9.9991E-05 0.210836 0.571231 0.00461515 0.213218
9.9991E-05 0.207197 0.584774 0.00206486 0.205864
0.381407 0.0470277 0.425234 0.112166 0.0341654
0.482498 0.0683259 0.306512 0.136485 0.00617906
0.428094 0.000199116 0.438798 0.0940706 0.0388381
0.520223 0.0488363 0.257723 0.165703 0.00751419
0.328834 0.066619 0.480833 0.0904381 0.033276
9.9982E-05 0.320602 0.596939 0.0822594 9.9982E-05
0.651108 0.0859418 9.9982E-05 0.262751 9.9982E-05
0.489639 0.0177189 0.319607 0.172936 9.9991E-05
0.159421 0.220325 0.412131 0.208022 9.9991E-05
0.00189844 0.14056 0.579599 0.195081 0.0828617
0.00813548 0.199855 0.540584 0.175251 0.0761748
0.0405327 0.194665 0.620739 0.143963 9.9991E-05
0.0358694 0.0715615 0.661462 0.142078 0.0890284
0.465724 9.9982E-05 0.338007 0.19607 9.9982E-05
0.378933 0.0322319 0.415058 0.133305 0.040472
0.52179 9.9982E-05 0.40406 0.0739497 9.9982E-05
0.287673 0.0747618 0.475146 0.150354 0.0120661
0.51213 0.122104 0.203489 0.162176 9.9991E-05
0.341351 0.00814309 0.437831 0.172004 0.0406711
0.533178 0.0617028 0.264741 0.139373 0.00100583
0.33935 0.0512311 0.4003 0.135865 0.0732539
0.00204255 0.294154 0.550918 0.152786 9.9991E-05
0.385919 0.0460675 0.354003 0.162595 0.0514157
0.598809 0.0367442 0.146966 0.217381 9.9991E-05
0.358675 0.0139689 0.410893 0.142846 0.0736175
9.9991E-05 0.265811 0.366482 0.212941 0.154666
0.0612213 0.218237 0.635377 0.0850646 9.9991E-05
0.360761 0.0576041 0.388949 0.130197 0.0624893
9.9991E-05 0.137359 0.584194 0.189456 0.0888917
0.0084615 0.163023 0.536769 0.213496 0.078251
0.213231 0.162678 0.352149 0.271842 9.9991E-05
0.281792 0.122204 0.345513 0.250391 9.9991E-05
0.107973 0.123813 0.554281 0.134499 0.0794342
0.299786 0.0370732 0.434825 0.161607 0.0667097
0.459582 9.9991E-05 0.428629 0.0943531 0.0173365
0.626891 0.0521209 0.112509 0.20838 9.9991E-05
0.042327 0.10677 0.685813 0.124049 0.0410412
9.9991E-05 0.251336 0.488699 0.192511 0.0673537
0.0526035 0.659655 0.123942 0.1637 9.9991E-05
0.0486199 0.0492259 0.625068 0.17001 0.107076
0.0639297 0.296574 0.400982 0.104451 0.134064
0.201109 0.105454 0.491947 0.201389 9.9991E-05
0.0993334 0.144087 0.513216 0.193587 0.0497765
0.131221 0.461941 9.9982E-05 0.406639 9.9982E-05
0.0829271 0.534536 9.9982E-05 0.382337 9.9982E-05
0.0965619 0.367545 0.308168 0.227625 9.9991E-05
0.187454 0.402248 0.024613 0.385585 9.9991E-05
0.213314 0.305239 9.9982E-05 0.481247 9.9982E-05
0.106101 0.291415 0.361187 0.241197 9.9991E-05
0.173249 0.173186 0.352393 0.266611 0.0345602
0.185863 0.373465 0.124027 0.316545 9.9991E-05
0.150404 0.467423 0.0600618 0.322012 9.9991E-05
0.16536 0.147364 0.488208 0.198968 9.9991E-05
0.160575 0.42278 0.130216 0.286329 9.9991E-05
0.0775528 0.499561 9.9982E-05 0.422686 9.9982E-05
0.131657 0.131001 0.544082 0.130621 0.0626394
0.183915 0.231916 0.319286 0.264783 9.9991E-05
0.124341 0.0344665 0.441896 0.363089 0.036207
0.1922 9.9982E-05 0.60436 0.20324 9.9982E-05
0.222082 0.0785412 0.495586 0.203691 9.9991E-05
0.257561 0.0934933 0.486999 0.154157 0.0077902
0.191914 0.0258762 0.314139 0.387948 0.0801234
0.182791 9.9991E-05 0.518381 0.23826 0.060468
0.21435 9.9991E-05 0.475181 0.295139 0.0152295
0.264585 0.204401 0.243504 0.28741 9.9991E-05
0.108574 0.179102 0.358638 0.226469 0.127216
0.150573 0.102037 0.481453 0.235553 0.0303845
0.152668 0.107107 0.560077 0.160834 0.0193134
0.0748441 0.0512492 0.642671 0.191081 0.0401541
0.223563 0.0146028 0.453026 0.308709 9.9991E-05
0.19939 0.0526203 0.491776 0.240545 0.0156679
0.321138 0.229071 0.0368461 0.412845 9.9991E-05
0.175934 0.0618073 0.529737 0.232421 9.9991E-05
0.320401 0.174335 0.171659 0.333505 9.9991E-05
9.9973E-05 9.9973E-05 9.9973E-05 0.798675 0.201025
9.9982E-05 9.9982E-05 0.165405 0.0644877 0.769907
9.997E-05 9.997E-05 9.997E-05 9.997E-05 0.9996
9.997E-05 9.997E-05 9.997E-05 9.997E-05 0.9996
9.9973E-05 9.9973E-05 0.0212201 9.9973E-05 0.97848
0.0207118 9.9973E-05 9.9973E-05 9.9973E-05 0.978988
9.9973E-05 9.9973E-05 0.0425708 9.9973E-05 0.957129
9.997E-05 9.997E-05 9.997E-05 9.997E-05 0.9996
9.9973E-05 9.9973E-05 9.9973E-05 0.154184 0.845516
9.9991E-05 0.0221093 0.00386714 0.928028 0.045896
9.9982E-05 9.9982E-05 0.0631862 0.801137 0.135477
9.9991E-05 0.0190479 0.0430867 0.904019 0.0337465
9.9991E-05 0.0192308 0.020965 0.888709 0.070995
0.013865 9.9991E-05 0.0287661 0.882566 0.0747027
0.00504686 9.9991E-05 0.0501985 0.909156 0.0354989
0.0653645 0.0228644 0.124611 0.769597 0.0175634
9.9973E-05 9.9973E-05 0.0865937 0.913106 9.9973E-05
0.0481551 0.00919752 0.12212 0.72612 0.094407
0.0440134 9.9982E-05 0.0245054 0.931281 9.9982E-05
9.9973E-05 9.9973E-05 9.9973E-05 0.994595 0.00510495
0.0272418 9.9991E-05 0.0458556 0.891339 0.0354633
9.997E-05 9.997E-05 9.997E-05 0.9996 9.997E-05
9.9973E-05 9.9973E-05 0.0479797 0.95172 9.9973E-05
0.00115081 9.9982E-05 0.0901427 0.908506 9.9982E-05
9.9973E-05 9.9973E-05 0.0534291 0.946271 9.9973E-05
0.0479236 9.9982E-05 0.0749276 0.876949 9.9982E-05
0.0159731 9.9982E-05 0.126306 0.857521 9.9982E-05
0.0722147 9.9982E-05 0.0962981 0.831287 9.9982E-05
9.9991E-05 0.30409 0.426326 0.161486 0.107998
9.9991E-05 0.114629 0.720217 0.131142 0.0339123
0.0210395 0.13078 0.640305 0.139781 0.0680942
0.0441231 0.744102 0.0974928 0.114182 9.9991E-05
0.0276656 0.226692 0.505372 0.145056 0.095215
0.022564 0.717951 0.0900454 0.169339 9.9991E-05
0.0565709 0.173793 0.635375 0.134162 9.9991E-05
9.9991E-05 0.253495 0.470884 0.185973 0.0895486
9.9991E-05 0.176113 0.545937 0.210473 0.0673769
0.0109985 0.174191 0.599704 0.0731041 0.142002
9.9991E-05 0.225423 0.481722 0.176174 0.116581
0.0332194 0.149282 0.706235 0.111164 9.9991E-05
9.9991E-05 0.195588 0.538751 0.164789 0.100772
0.0915622 0.402016 0.0287718 9.9991E-05 0.47755
9.9982E-05 0.829914 0.00112348 0.168762 9.9982E-05
0.0190751 0.650029 0.163148 0.167648 9.9991E-05
0.00732204 0.137895 0.647201 0.202559 0.00502362
0.055054 0.351386 0.48442 0.10904 9.9991E-05
9.9982E-05 0.222544 0.653353 0.123903 9.9982E-05
0.0572405 0.170605 0.657633 0.106397 0.00812396
0.168748 0.0393784 0.483119 0.258888 0.0498654
0.146166 9.9991E-05 0.573889 0.240365 0.0394798
0.185165 0.0793151 0.144577 0.362026 0.228917
0.073017 0.0194052 0.606397 0.132228 0.168953
0.128838 0.0484064 0.425514 0.225421 0.171821
0.171805 0.378947 9.9982E-05 0.449048 9.9982E-05
0.19911 0.156646 0.333307 0.310837 9.9991E-05
0.166851 0.027805 0.309148 0.393095 0.103101
0.0987272 0.0227489 0.416267 0.326183 0.136074
0.126986 0.0670758 0.593429 0.133875 0.0786341
0.103735 0.0615848 0.562931 0.211115 0.0606352
0.128138 0.0408447 0.576192 0.153517 0.101308
0.180342 0.179384 0.41825 0.188313 0.0337121
0.113772 0.0739624 0.233731 0.516561 0.0619729
