0.0222205 0.0305329 0.934856 0.0122907 9.9991E-05
9.9973E-05 9.9973E-05 0.986535 0.0131646 9.9973E-05
0.031166 9.9991E-05 0.907037 0.0527541 0.00894331
0.0271351 9.9982E-05 0.844557 0.128108 9.9982E-05
9.9973E-05 9.9973E-05 0.928397 0.0713028 9.9973E-05
0.0704597 0.0283562 0.686344 0.0903897 0.12445
0.0473363 9.9982E-05 0.827688 9.9982E-05 0.124776
0.0957446 0.00169234 0.762071 0.0175594 0.122933
0.153328 9.9982E-05 0.83349 9.9982E-05 0.012982
0.0444973 9.9991E-05 0.803075 0.0576394 0.0946878
0.0430244 9.9991E-05 0.781413 0.107741 0.0677225
0.536709 0.0464074 0.0496636 0.259054 0.108165
0.309066 0.070921 0.0436411 0.553112 0.0232596
0.524114 0.123113 9.9991E-05 0.290038 0.0626345
0.486909 0.128388 0.0485875 0.300745 0.0353703
0.338686 0.164355 0.059101 0.395207 0.0426506
0.232579 0.111519 0.00874146 0.591684 0.0554766
0.353759 0.0793618 0.000409403 0.501803 0.0646669
0.421266 0.0873717 0.106196 0.303388 0.0817781
0.703241 0.0129326 0.0203238 0.110356 0.153147
0.341533 0.0300891 0.0313973 0.506358 0.0906218
0.209929 0.0765928 0.0512274 0.461315 0.200936
0.260734 0.0523574 0.0426085 0.572439 0.0718613
0.496133 0.0735821 0.0594241 0.26532 0.10554
0.159941 0.106227 0.0889849 0.639335 0.00551199
0.284158 0.101409 0.0150344 0.537438 0.0619611
0.528071 0.0285532 0.0505303 0.306601 0.0862451
0.48014 0.0954647 0.0402872 0.304505 0.0796029
0.52859 9.9982E-05 9.9982E-05 0.278739 0.192471
9.9973E-05 9.9973E-05 0.900125 0.0995746 9.9973E-05
9.9982E-05 0.00387328 0.882289 0.113638 9.9982E-05
0.00175092 0.0681913 0.821946 0.108011 9.9991E-05
9.9982E-05 0.0885895 0.76206 0.14915 9.9982E-05
0.120609 9.9991E-05 0.110084 0.562055 0.207152
0.123608 0.0313168 0.0921841 0.586074 0.166817
0.0637303 0.00616365 0.000946301 0.686775 0.242385
0.677318 0.00524917 0.0269379 0.226651 0.0638435
0.0322809 9.9982E-05 9.9982E-05 0.448287 0.519232
0.197297 0.0874564 0.0633612 0.560937 0.0909479
0.00880842 0.0219781 0.0460099 0.754488 0.168716
0.107027 0.00169065 0.144375 0.579332 0.167577
0.143723 0.0230637 0.146774 0.617555 0.068884
0.315025 9.9982E-05 9.9982E-05 0.34213 0.342645
0.0162799 0.0709589 0.0752926 0.648253 0.189216
0.0389995 0.0541272 0.0587201 0.658043 0.19011
0.00691539 9.9991E-05 0.158448 0.659594 0.174942
0.00811715 9.9982E-05 9.9982E-05 0.487016 0.504667
0.12679 9.9991E-05 0.100747 0.6778 0.0945623
0.110797 0.0565437 0.140026 0.556059 0.136575
0.143254 9.9973E-05 9.9973E-05 9.9973E-05 0.856446
0.654644 9.9982E-05 9.9982E-05 0.203158 0.141999
0.250225 0.04891 0.024882 0.200433 0.47555
0.155646 0.107387 0.0563137 0.596299 0.0843552
0.120378 0.0684384 0.0895205 0.589697 0.131966
0.0947087 0.111116 0.0810154 0.611454 0.101707
0.551172 0.00947589 0.0911748 0.236155 0.112022
0.402179 0.0111418 9.9982E-05 0.586479 9.9982E-05
0.083468 0.0511467 0.106405 0.656019 0.102962
0.319652 0.0334451 0.111068 0.431825 0.104009
0.471978 0.00472074 0.157936 0.199275 0.16609
0.226915 0.0685186 0.0531454 0.563117 0.0883043
0.263759 0.0243965 0.0916447 0.551436 0.0687641
0.625656 9.9991E-05 0.068756 0.125968 0.179521
0.407869 0.0322446 9.9991E-05 0.484973 0.0748138
0.103912 0.113848 0.0449132 0.562844 0.174483
0.172906 0.0408903 0.0909311 0.647489 0.0477842
0.39382 0.0226372 0.121639 0.341196 0.120707
0.251725 0.0681008 0.0219756 0.521562 0.136637
0.218588 0.0860503 0.0272478 0.563616 0.104498
0.538486 9.9991E-05 0.0405162 0.279088 0.14181
0.128712 9.9982E-05 9.9982E-05 0.646865 0.224223
0.23654 9.9982E-05 9.9982E-05 0.424572 0.338689
0.136455 0.0168802 0.107001 0.598682 0.140981
0.0577547 9.9982E-05 9.9982E-05 0.195361 0.746684
0.0368145 9.9982E-05 9.9982E-05 0.208183 0.754802
0.00370976 9.9982E-05 9.9982E-05 0.423071 0.573019
0.183556 9.9991E-05 0.0189169 0.620214 0.177213
0.102164 0.0550961 0.103878 0.62034 0.118521
0.0574437 9.9982E-05 9.9982E-05 0.634181 0.308175
0.357429 9.9982E-05 9.9982E-05 0.358381 0.28399
0.267934 9.9982E-05 9.9982E-05 0.428221 0.303644
0.10202 0.0629673 0.0740264 0.620505 0.140482
0.246746 9.9982E-05 9.9982E-05 0.525815 0.227239
0.167258 9.9991E-05 0.00513978 0.591628 0.235875
9.9973E-05 9.9973E-05 9.9973E-05 0.612837 0.386863
0.107333 0.00949961 9.9991E-05 0.0542268 0.828841
0.0387139 0.0167639 0.0543177 0.683262 0.206943
0.0873723 9.9982E-05 0.83633 0.0760975 9.9982E-05
9.9982E-05 0.000699594 0.943117 0.0559833 9.9982E-05
9.9982E-05 0.0488293 0.852176 0.0987951 9.9982E-05
9.9982E-05 0.0453772 0.933654 0.0207691 9.9982E-05
0.00240715 0.0143129 0.973583 0.00959685 9.9991E-05
9.9982E-05 0.0291574 0.880793 0.0898496 9.9982E-05
9.9973E-05 9.9973E-05 0.918241 0.0814588 9.9973E-05
0.133296 0.0389336 0.0577343 0.616969 0.153067
0.100715 0.0568159 0.0979939 0.608352 0.136123
0.346652 9.9982E-05 9.9982E-05 0.220839 0.432308
0.113569 0.0119332 0.11629 0.682269 0.0759393
0.219418 9.9991E-05 0.020412 0.5255 0.23457
0.126379 0.00520324 0.0912399 0.607795 0.169384
0.0357899 0.0473472 0.0260684 0.634956 0.255839
0.0761827 0.0277698 0.0338927 0.626673 0.235482
0.42258 9.9982E-05 9.9982E-05 0.174358 0.402862
0.129153 0.0832033 0.0800454 0.560524 0.147074
0.0461987 0.0337 0.0740259 0.710684 0.135391
0.123055 0.0434984 0.10337 0.60795 0.122126
0.0852188 9.9982E-05 9.9982E-05 0.394878 0.519703
0.0105486 9.9991E-05 0.0145487 0.659338 0.315465
0.230484 9.9982E-05 9.9982E-05 0.597548 0.171768
0.0389002 9.9982E-05 9.9982E-05 0.557576 0.403324
0.251527 9.9991E-05 0.0207904 0.55921 0.168373
0.0798366 0.0542417 0.0816225 0.628278 0.156021
0.365661 0.100511 9.9991E-05 0.276618 0.257111
0.375709 9.9991E-05 0.0936473 0.461921 0.0686225
0.17426 0.0496148 0.105263 0.592264 0.0785986
0.153504 0.0383261 0.0855355 0.636191 0.0864432
0.421054 0.0110728 0.0276814 0.534304 0.00588758
0.255215 0.0478946 0.0534857 0.605043 0.038362
0.412 0.0132526 0.0536814 0.503542 0.017524
0.127004 0.0172703 0.0972952 0.566663 0.191768
0.134506 0.083264 0.0691986 0.619615 0.0934162
0.288269 0.0194116 0.0442563 0.592452 0.0556108
0.26708 9.9991E-05 0.0738731 0.623791 0.0351556
0.155969 0.064507 0.0530615 0.655357 0.0711053
0.151121 0.0622712 0.104363 0.612095 0.0701499
0.176822 0.124809 9.9991E-05 0.588437 0.109832
0.126823 0.11416 0.10874 0.548656 0.101621
0.18267 0.0749846 9.9991E-05 0.624347 0.117899
0.231619 0.0980955 0.0737326 0.345219 0.251333
0.148449 0.0576249 0.0484079 0.653343 0.0921751
0.123013 0.0762774 0.0580268 0.67688 0.0658033
0.618503 0.0540766 9.9991E-05 0.265319 0.0620016
0.301542 0.0925251 9.9991E-05 0.159379 0.446453
0.231471 0.0724753 0.0658544 0.518022 0.112177
0.328219 0.0305362 9.9991E-05 0.12603 0.515115
0.531586 9.9982E-05 9.9982E-05 0.412323 0.0558913
0.451349 0.00156059 9.9991E-05 0.496851 0.0501396
0.49537 9.9991E-05 0.0237105 0.410678 0.0701414
0.559967 9.9982E-05 9.9982E-05 0.398971 0.0408617
0.193535 0.0079376 0.0843597 0.645693 0.0684744
0.18934 0.0636237 0.0941599 0.60273 0.0501466
0.235203 0.0322646 0.0493134 0.653235 0.029984
0.397273 0.0290075 9.9991E-05 0.204525 0.369094
0.0972956 0.0404704 0.185391 0.574932 0.101911
0.0515364 0.0423776 0.100111 0.537179 0.268796
0.0638666 9.9982E-05 0.174284 9.9982E-05 0.761649
0.00451602 0.0679275 0.0987075 0.692768 0.136081
0.0566549 0.0558575 0.117545 0.312964 0.456978
0.0311872 0.0616485 0.12974 0.544159 0.233265
0.09483 9.9991E-05 0.12685 0.289351 0.488869
0.109278 9.9991E-05 0.119379 0.121733 0.64951
0.0906889 0.0331767 0.0595912 0.476773 0.33977
0.0880013 0.0742073 0.159152 0.520586 0.158053
0.138102 0.0667186 0.170084 0.452363 0.172732
0.0843649 0.0951745 0.0717094 0.145726 0.603026
0.159616 0.0673836 0.10053 0.586658 0.0858124
0.112501 9.9982E-05 9.9982E-05 0.355868 0.531431
0.0945644 0.00444343 0.000432247 0.501374 0.399186
0.103925 0.128666 0.0772012 0.534979 0.155229
0.0351049 0.267164 0.397534 0.106313 0.193884
9.9982E-05 0.153015 0.524393 9.9982E-05 0.322392
9.9982E-05 0.128305 0.520981 9.9982E-05 0.350515
9.9991E-05 0.283562 0.399517 0.0662462 0.250575
9.9982E-05 9.9982E-05 0.0072932 0.659994 0.332512
0.0806205 0.0693446 0.0750505 0.635975 0.13901
0.00569584 0.677184 9.9982E-05 0.31692 9.9982E-05
0.104682 0.479436 0.0289437 0.350909 0.0360291
0.142701 0.420753 0.0676199 0.368826 9.9991E-05
0.0251988 0.056213 0.0346741 0.287139 0.596775
0.0967654 0.0612369 0.128301 0.490831 0.222866
0.0862903 0.00898121 0.00771647 0.290841 0.606171
9.9991E-05 0.0192805 0.110687 0.595751 0.274182
0.017223 0.0175362 0.0821843 0.532643 0.350413
9.9991E-05 0.0247804 0.0383911 0.59969 0.337038
9.9982E-05 9.9982E-05 0.0342743 0.2398 0.725725
9.9991E-05 0.0345355 0.0914251 0.690398 0.183541
9.9982E-05 9.9982E-05 0.145787 0.648946 0.205067
9.9973E-05 0.972883 9.9973E-05 0.0268175 9.9973E-05
0.00639198 0.920005 9.9982E-05 0.0734027 9.9982E-05
0.0694394 0.556349 0.051384 0.322728 9.9991E-05
0.00300442 0.665288 9.9982E-05 0.331508 9.9982E-05
0.0384797 0.853683 9.9982E-05 0.107638 9.9982E-05
9.997E-05 0.9996 9.997E-05 9.997E-05 9.997E-05
0.0356693 0.964031 9.9973E-05 9.9973E-05 9.9973E-05
9.9973E-05 0.856962 9.9973E-05 0.142738 9.9973E-05
0.0514002 0.9483 9.9973E-05 9.9973E-05 9.9973E-05
9.997E-05 0.9996 9.997E-05 9.997E-05 9.997E-05
9.997E-05 0.9996 9.997E-05 9.997E-05 9.997E-05
0.00104219 0.745342 0.0271266 0.226389 9.9991E-05
0.0541273 0.813388 0.0356005 0.0967838 9.9991E-05
9.997E-05 0.9996 9.997E-05 9.997E-05 9.997E-05
0.137907 0.449361 0.0293267 0.329672 0.0537333
0.0215067 0.675125 0.0399205 0.263347 9.9991E-05
9.9982E-05 0.825878 0.0135841 0.160338 9.9982E-05
9.9973E-05 0.92731 9.9973E-05 0.07239 9.9973E-05
9.997E-05 0.9996 9.997E-05 9.997E-05 9.997E-05
9.9973E-05 0.973488 9.9973E-05 0.0262117 9.9973E-05
9.997E-05 0.9996 9.997E-05 9.997E-05 9.997E-05
0.0308568 0.629089 0.0854059 0.254548 9.9991E-05
0.0164941 0.983206 9.9973E-05 9.9973E-05 9.9973E-05
9.9982E-05 0.0641667 0.338777 9.9982E-05 0.596856
0.0395168 0.143284 0.230693 0.344776 0.241731
9.9991E-05 0.0564676 0.221756 0.472966 0.24871
9.9991E-05 0.157428 0.251437 0.154144 0.436891
9.9991E-05 0.127198 0.182789 0.460468 0.229445
9.9991E-05 0.149082 0.278643 0.0951181 0.477057
9.9991E-05 0.127173 0.208273 0.421923 0.242531
9.9991E-05 0.126399 0.23565 0.329412 0.308439
9.9991E-05 0.165749 0.172299 0.420964 0.240888
9.9991E-05 0.138854 0.234088 0.355369 0.271589
0.0360113 0.161088 0.192027 0.438812 0.172062
0.0146302 9.9991E-05 0.906957 0.0639004 0.0144123
9.9982E-05 0.0624758 0.910264 9.9982E-05 0.02706
0.0280311 9.9982E-05 0.957772 0.0139967 9.9982E-05
9.9973E-05 9.9973E-05 0.983104 9.9973E-05 0.0165958
0.0218958 9.9982E-05 0.919219 0.0586857 9.9982E-05
0.00163657 9.9982E-05 0.986153 0.0120103 9.9982E-05
0.0228655 0.00194736 0.928463 0.0466238 9.9991E-05
0.0536437 9.9973E-05 0.946056 9.9973E-05 9.9973E-05
0.0107301 0.0256278 0.909522 0.0430438 0.0110763
0.0506737 0.0109318 0.913715 0.00943707 0.0152424
0.288876 9.9982E-05 0.610427 9.9982E-05 0.100497
0.358555 9.9982E-05 0.607189 9.9982E-05 0.0340563
0.354467 9.9982E-05 0.55037 9.9982E-05 0.0949632
0.428955 9.9982E-05 0.4583 9.9982E-05 0.112546
0.238243 9.9991E-05 0.07533 0.561854 0.124473
0.186757 0.0365217 0.0421285 0.591289 0.143304
0.263596 9.9991E-05 0.0254695 0.634342 0.0764923
0.348235 9.9991E-05 0.00931633 0.477181 0.165168
0.639327 0.0352566 9.9991E-05 0.235174 0.0901419
0.0392699 0.0148138 0.0634318 0.750326 0.132158
0.163071 0.019309 9.9991E-05 0.724338 0.0931818
0.0642665 9.9982E-05 9.9982E-05 0.673969 0.261565
9.9973E-05 9.9973E-05 9.9973E-05 0.542234 0.457466
0.0735187 0.0246006 0.0390648 0.707169 0.155647
0.219543 9.9991E-05 0.00412352 0.560192 0.216042
0.112386 9.9982E-05 9.9982E-05 0.144731 0.742682
0.205541 0.0122512 0.0783302 0.621579 0.0822987
9.9973E-05 9.9973E-05 9.9973E-05 0.32688 0.67282
0.0597653 0.00212754 0.0252799 0.632146 0.280681
0.371815 9.9982E-05 9.9982E-05 0.310727 0.317258
0.805126 9.9991E-05 0.151891 0.00800758 0.0348749
0.74975 0.00177168 0.145437 0.0487966 0.0542452
0.797957 9.9991E-05 0.112779 0.0232823 0.0658809
0.834825 9.9982E-05 0.1362 9.9982E-05 0.028775
0.785194 0.00266788 0.0574666 0.123298 0.0313737
0.749184 0.0368623 0.0813607 0.0927481 0.0398445
0.0265397 0.0389691 0.886889 0.0475022 9.9991E-05
0.0315354 0.00767164 0.846991 0.113702 9.9991E-05
0.00323676 0.0517888 0.78398 0.152993 0.00800128
0.0647287 0.0690204 0.850452 0.0156989 9.9991E-05
9.9991E-05 0.0388792 0.808902 0.149981 0.00213812
0.579501 9.9982E-05 0.404787 9.9982E-05 0.0155113
0.569795 9.9982E-05 0.428677 9.9982E-05 0.00132808
0.533227 0.0236488 0.442925 9.9982E-05 9.9982E-05
0.0273709 9.9982E-05 0.862559 0.109871 9.9982E-05
0.57431 9.9982E-05 0.395167 9.9982E-05 0.0303227
9.9991E-05 0.328192 0.283903 0.283699 0.104106
0.0373857 0.233874 0.180981 0.490061 0.0576981
9.9982E-05 0.237982 0.201471 0.560347 9.9982E-05
9.9991E-05 0.269452 0.272533 0.352179 0.105736
0.0790292 0.144443 0.19654 0.505888 0.0740996
9.9982E-05 0.292583 0.483574 9.9982E-05 0.223643
0.415784 9.9991E-05 0.0228563 0.500929 0.0603307
0.198674 0.0372767 9.9991E-05 0.472091 0.291859
0.56168 9.9991E-05 0.0275625 0.348486 0.0621722
0.144694 0.0393336 9.9991E-05 0.557465 0.258407
0.325865 9.9973E-05 9.9973E-05 9.9973E-05 0.673835
0.169628 0.0714434 0.109423 0.574165 0.0753398
0.142427 0.0644018 0.0467317 0.541441 0.204998
0.473608 9.9991E-05 0.0340585 0.424848 0.0673857
0.149022 0.0385014 0.129625 0.572278 0.110573
0.290401 9.9982E-05 9.9982E-05 0.18341 0.525989
0.156022 0.0203866 0.0341179 0.590774 0.198699
0.327086 0.0215725 0.0123537 0.558574 0.0804142
0.057308 0.154547 0.140488 0.46461 0.183046
0.246353 0.0229513 9.9991E-05 0.40482 0.325775
0.220468 0.0764472 9.9991E-05 0.442018 0.260967
0.152435 0.0590108 9.9991E-05 0.620968 0.167486
0.212013 0.0266324 9.9991E-05 0.574783 0.186472
0.0727062 0.103746 0.0366838 0.63273 0.154134
0.146909 0.0410632 0.121211 0.605422 0.0853954
0.200429 9.9991E-05 0.0944828 0.658314 0.0466742
9.9982E-05 0.0422187 0.856422 0.101159 9.9982E-05
9.9973E-05 9.9973E-05 0.873291 0.126409 9.9973E-05
9.9982E-05 9.9982E-05 0.922074 0.0743862 0.00334024
0.010315 0.0395845 0.918106 0.0318941 9.9991E-05
9.9973E-05 9.9973E-05 0.911695 0.0880051 9.9973E-05
0.644767 0.0672085 0.0125954 0.105641 0.169788
0.18212 0.106255 0.0417339 0.529022 0.14087
9.9991E-05 0.259304 0.227292 0.374936 0.138369
0.218366 0.109538 0.00543073 0.610609 0.0560567
0.34236 0.0400997 0.0180013 0.554587 0.0449523
0.303015 0.0529994 9.9991E-05 0.309263 0.334623
0.811749 0.00289391 0.0530759 0.0404163 0.0918649
0.348913 0.017592 0.0600624 0.531745 0.041688
0.604857 0.0825692 0.0273046 0.257442 0.0278266
0.210318 0.0639677 0.029329 0.493937 0.202448
0.671449 0.0129176 0.0664363 0.172645 0.0765524
0.264348 0.110593 0.0545377 0.570421 9.9991E-05
0.618031 0.0242878 0.0367249 0.187846 0.13311
0.256804 0.103439 0.030888 0.293694 0.315175
0.0718919 0.0222258 0.112528 0.600253 0.193102
0.0719322 9.9991E-05 0.0504858 0.333708 0.543774
0.00986191 0.0415339 0.0879798 0.520949 0.339675
0.0781378 0.0382352 0.160786 0.534251 0.18859
0.0326969 9.9991E-05 0.0466856 0.2903 0.630217
0.10054 0.0551374 0.0954737 0.581498 0.167352
0.0267918 9.9991E-05 0.10133 0.561498 0.31028
0.0230469 9.9991E-05 0.00621678 0.170786 0.79985
0.00461168 9.9991E-05 0.0728328 0.225934 0.696521
0.0614435 9.9991E-05 0.0580439 0.49554 0.384872
0.0705917 9.9991E-05 0.0196747 0.135688 0.773946
0.10229 0.000290084 0.0132949 0.49763 0.386495
0.734081 0.0300947 9.9991E-05 0.206758 0.0289659
0.397174 0.104381 9.9991E-05 0.202991 0.295354
0.48108 0.0867013 0.000527396 0.431591 9.9991E-05
0.253437 0.0540682 0.0663707 0.582683 0.043441
0.633333 0.0321696 9.9991E-05 0.271086 0.0633117
0.157138 0.0364576 0.0826589 0.581061 0.142685
0.251998 0.0848704 0.0271653 0.609735 0.0262316
0.233145 0.064727 9.9991E-05 0.570314 0.131714
0.297975 0.0837899 0.0261841 0.51738 0.0746713
0.453446 0.0566017 0.000201519 0.489651 9.9991E-05
0.581494 0.00769376 9.9991E-05 0.321131 0.0895818
0.479185 0.037481 9.9991E-05 0.467797 0.0154368
0.22991 0.109039 9.9991E-05 0.557613 0.103339
0.16365 0.0808774 0.0519906 0.613585 0.089897
0.303445 0.122942 0.0378066 0.343272 0.192535
0.235702 0.110453 9.9991E-05 0.498917 0.154829
0.510937 0.0896797 9.9991E-05 0.385236 0.0140474
0.332352 0.0491111 0.000938935 0.562233 0.0553644
0.302107 0.120007 0.0279415 0.482227 0.0677173
0.145041 0.0489862 0.164406 0.591886 0.0496806
0.0811709 0.141711 0.335288 0.441731 9.9991E-05
0.0183997 0.177119 0.188509 0.542344 0.0736279
0.0974032 0.180951 0.152885 0.462385 0.106375
0.0446457 0.152575 0.125067 0.578126 0.0995854
9.9991E-05 0.243155 0.177589 0.430788 0.148368
0.166617 0.0358364 9.9991E-05 0.549094 0.248353
0.0886093 0.125952 0.166949 0.538827 0.0796634
0.0262616 0.219452 0.253083 0.011862 0.489341
0.0564789 0.147077 0.151656 0.573431 0.0713571
0.0576063 0.173625 0.163082 0.548705 0.0569823
0.0865758 0.188922 0.110798 0.502165 0.111538
0.0413119 0.111754 0.242476 0.342042 0.262415
0.0716972 0.153924 0.203652 0.537559 0.0331681
0.0231538 0.19908 0.164775 0.531147 0.0818442
9.9982E-05 0.12848 0.52225 9.9982E-05 0.349071
0.101698 0.215004 0.164793 0.507976 0.0105288
9.9991E-05 0.18231 0.201343 0.538323 0.0779238
0.0404377 0.131002 0.132869 0.614468 0.0812227
9.9991E-05 0.230574 0.2237 0.525512 0.020114
0.0138548 0.0981304 0.25079 0.559812 0.0774134
0.0361374 0.0106855 0.0614685 0.50423 0.387478
0.0669901 0.0598882 0.0913453 0.569785 0.211991
0.0972967 9.9982E-05 9.9982E-05 0.0362555 0.866248
0.0853117 9.9982E-05 9.9982E-05 0.0984841 0.816004
0.0713369 0.0639014 0.0783862 0.510826 0.275549
9.9991E-05 0.339985 0.163082 0.323139 0.173694
9.9991E-05 0.30162 0.191622 0.355467 0.15119
9.9991E-05 0.350641 0.175077 0.157672 0.31651
9.9991E-05 0.271364 0.16289 0.365253 0.200393
9.9991E-05 0.0983631 0.112999 0.115096 0.673442
9.9991E-05 0.0884313 0.0988408 0.199985 0.612643
9.9991E-05 0.0846846 0.0131723 0.644544 0.2575
9.9991E-05 0.124518 0.0938836 0.443655 0.337843
0.003536 0.039641 0.0814027 0.326107 0.549313
0.0669731 0.080225 0.0616619 0.585342 0.205798
9.9991E-05 0.0844582 0.0677476 0.623401 0.224293
0.053785 0.0915309 0.0853769 0.533383 0.235924
0.0189741 9.9982E-05 9.9982E-05 0.433844 0.546982
0.0523504 0.0098988 0.0247231 0.501492 0.411536
0.0187799 0.0556749 0.0283353 0.563505 0.333705
0.124273 0.03382 0.039635 0.497237 0.305034
0.0714788 0.0399761 0.10223 0.605778 0.180537
0.00090268 9.9991E-05 0.0286975 0.530204 0.440096
0.0216721 9.9982E-05 9.9982E-05 0.29011 0.688018
9.9982E-05 0.0458793 9.9982E-05 0.682013 0.271907
0.0882432 0.0208226 9.9991E-05 0.264723 0.626111
9.9991E-05 0.0144399 0.039587 0.525359 0.420514
0.0693849 0.0433041 0.0741645 0.55313 0.260017
0.0912086 0.0492599 0.0777685 0.524498 0.257265
0.0160264 0.134424 0.180457 0.514818 0.154274
0.0778114 0.192049 0.15035 0.427468 0.152321
9.9991E-05 0.30646 0.22884 0.282604 0.181996
0.0169604 0.279071 0.218785 0.280546 0.204639
0.054189 0.178819 0.208528 0.478576 0.0798874
0.00307842 0.137043 0.2077 0.466457 0.185721
9.9982E-05 0.161615 0.172435 9.9982E-05 0.66575
9.9991E-05 0.232905 0.0989565 0.533116 0.134922
9.9982E-05 0.131437 0.364467 9.9982E-05 0.503897
9.9991E-05 0.216217 0.0511062 0.526426 0.206151
9.9973E-05 9.9973E-05 9.9973E-05 0.231531 0.768169
0.0288594 9.9982E-05 9.9982E-05 0.106244 0.864697
0.0273206 9.9982E-05 9.9982E-05 0.576261 0.396218
0.00955015 0.0603523 0.00732442 0.65673 0.266044
9.9982E-05 0.00713223 9.9982E-05 0.521311 0.471357
0.0140064 0.00761942 9.9991E-05 0.68135 0.296924
9.9982E-05 0.00752794 9.9982E-05 0.625572 0.3667
0.0669516 0.008683 0.888648 0.0356175 9.9991E-05
0.0804502 0.0638901 0.782859 0.0231061 0.0496942
0.0398343 0.0150815 0.944884 9.9982E-05 9.9982E-05
9.9973E-05 9.9973E-05 0.961732 0.0379683 9.9973E-05
0.0403004 0.00975341 0.0313466 0.673693 0.244906
0.155028 9.9991E-05 0.0346945 0.654014 0.156164
0.138034 9.9982E-05 9.9982E-05 0.691217 0.170549
0.105024 0.0354236 0.104684 0.631616 0.123253
0.117739 0.0275872 0.120211 0.660871 0.0735908
0.243772 9.9991E-05 0.00762547 0.464542 0.28396
0.0419095 9.9982E-05 9.9982E-05 0.772583 0.185307
0.034222 9.9982E-05 9.9982E-05 0.443004 0.522574
0.0996126 0.181552 0.324076 0.394659 9.9991E-05
0.0477327 9.9991E-05 0.00184978 0.545795 0.404523
0.204098 9.9982E-05 9.9982E-05 0.541713 0.25399
0.0238317 9.9982E-05 9.9982E-05 0.669791 0.306177
0.208395 9.9982E-05 9.9982E-05 0.585708 0.205697
9.9973E-05 9.9973E-05 9.9973E-05 0.722008 0.277693
0.0819932 9.9991E-05 0.0609738 0.671189 0.185744
0.000490166 9.9982E-05 9.9982E-05 0.244958 0.754352
0.0248747 9.9982E-05 9.9982E-05 0.469117 0.505808
0.0376183 9.9982E-05 9.9982E-05 0.527836 0.434346
9.9973E-05 9.9973E-05 9.9973E-05 0.0951347 0.904565
0.220832 9.9991E-05 0.0493692 0.529739 0.19996
0.0376892 9.9982E-05 9.9982E-05 0.24522 0.71689
0.0855737 9.9982E-05 9.9982E-05 0.0418192 0.872407
0.0506434 9.9991E-05 0.0576794 0.674701 0.216876
0.349799 9.9982E-05 9.9982E-05 0.338133 0.311868
0.168567 9.9982E-05 9.9982E-05 0.617791 0.213442
0.0474683 0.0527382 0.124098 0.649721 0.125974
0.161703 9.9991E-05 0.0239713 0.648408 0.165817
0.250812 0.0467646 9.9991E-05 0.409994 0.29233
0.148634 0.00975471 0.0273635 0.686783 0.127465
0.229735 9.9991E-05 0.00427616 0.614619 0.15127
0.0211795 9.9982E-05 9.9982E-05 0.487159 0.491462
0.128717 0.0148002 0.12536 0.595463 0.13566
0.285334 9.9982E-05 0.674863 9.9982E-05 0.039603
0.170004 9.9982E-05 0.786375 9.9982E-05 0.0434216
0.154135 9.9973E-05 0.845565 9.9973E-05 9.9973E-05
0.156694 9.9973E-05 0.843006 9.9973E-05 9.9973E-05
0.213241 9.9991E-05 0.749006 0.00894722 0.0287053
0.352732 9.9991E-05 0.0128781 0.334533 0.299757
0.296845 9.9982E-05 9.9982E-05 0.356425 0.346529
9.9973E-05 9.9973E-05 9.9973E-05 0.40203 0.59767
0.0850253 0.0502066 0.103227 0.618397 0.143144
0.0559978 0.0762831 0.119718 0.629426 0.118575
0.0299431 9.9982E-05 9.9982E-05 0.450662 0.519195
0.0282612 0.0524035 0.0295326 0.685766 0.204037
0.0272813 0.00533301 0.0615306 0.564213 0.341642
0.158313 9.9991E-05 0.00183585 0.652794 0.186957
0.0767795 0.0130973 0.0603736 0.712992 0.136758
0.298868 9.9982E-05 9.9982E-05 0.398014 0.302919
0.244447 9.9982E-05 9.9982E-05 0.491024 0.264329
0.278613 9.9982E-05 9.9982E-05 0.461993 0.259194
0.0393471 9.9991E-05 0.170165 0.654257 0.136131
0.219464 9.9982E-05 9.9982E-05 0.546457 0.23388
0.2342 9.9991E-05 0.0201267 0.525576 0.219998
0.0319844 0.385276 0.107951 0.425466 0.0493227
9.9991E-05 0.460516 0.162039 0.301227 0.0761184
0.043989 0.431571 0.0914651 0.432874 9.9991E-05
9.9991E-05 0.545654 0.172484 0.241746 0.0400158
0.00339518 0.296849 0.135589 0.521213 0.0429535
9.9991E-05 0.0185473 0.0947372 0.575749 0.310867
9.9982E-05 0.651145 0.267543 9.9982E-05 0.0811114
0.0313537 0.520552 0.162385 0.274327 0.0113831
9.9991E-05 0.137918 0.211698 0.401899 0.248386
0.0590814 9.9991E-05 0.19543 0.577696 0.167693
0.0837522 0.0175118 0.1818 0.524612 0.192324
0.0322504 0.0132125 0.147244 0.626563 0.18073
0.0369318 0.0274848 0.155812 0.643456 0.136315
0.00708768 0.468942 0.181336 0.342535 9.9991E-05
0.00892641 0.417979 0.112397 0.404183 0.0565151
9.9982E-05 0.542956 0.075807 0.381037 9.9982E-05
0.0209346 0.312 0.13492 0.447305 0.0848401
0.0319027 0.507035 0.180375 0.223403 0.057285
0.0313429 0.365791 0.121461 0.447284 0.0341206
0.0023435 0.554019 0.152318 0.236522 0.0547969
9.9991E-05 0.347861 0.154896 0.407015 0.0901284
9.9991E-05 0.0420685 0.147581 0.500288 0.309963
0.0441142 0.368239 0.174314 0.358696 0.0546368
9.9991E-05 0.584205 0.233076 0.131309 0.05131
0.0958834 0.374296 0.112033 0.369475 0.0483131
0.205364 9.9991E-05 0.190636 0.340548 0.263352
9.9991E-05 0.0489636 0.103843 0.614353 0.23274
0.0567428 0.345368 0.161307 0.403302 0.0332801
0.069434 9.9991E-05 0.159455 0.624703 0.146308
0.0817167 0.0278921 0.191029 0.512894 0.186469
0.0061074 0.236816 0.238797 0.333886 0.184393
9.9991E-05 0.297474 0.226357 0.330361 0.145708
0.00653441 0.103574 0.123325 0.581252 0.185314
0.0260271 0.348897 0.182655 0.426032 0.0163888
0.0317137 0.394072 0.141307 0.432808 9.9991E-05
9.9991E-05 0.668439 0.186685 0.107164 0.0376125
0.006139 0.03896 0.159299 0.6751 0.120502
0.0560644 9.9991E-05 0.196117 0.476138 0.27158
9.9991E-05 0.0568831 0.154535 0.116801 0.671681
0.00364596 0.0485829 0.175534 0.606639 0.165598
0.176935 0.0480855 0.0996987 0.405862 0.269418
9.9991E-05 0.238504 0.180446 0.416762 0.164188
0.0135991 0.115735 0.172719 0.492617 0.20533
9.9982E-05 0.138784 0.405999 9.9982E-05 0.455017
9.9982E-05 0.0986753 0.379341 9.9982E-05 0.521784
9.9991E-05 0.116493 0.207913 0.309886 0.365608
9.9991E-05 0.195366 0.371092 0.0314129 0.402029
9.9982E-05 0.205707 0.488023 9.9982E-05 0.30607
9.9991E-05 0.105371 0.22397 0.352293 0.318266
0.0218881 0.180349 0.268884 0.359856 0.169024
9.9991E-05 0.204232 0.30383 0.0998853 0.391953
9.9991E-05 0.175345 0.291231 0.0492531 0.484072
9.9991E-05 0.152375 0.185822 0.51659 0.145113
9.9991E-05 0.154729 0.260092 0.161132 0.423947
9.9982E-05 0.0814387 0.405738 9.9982E-05 0.512623
0.11131 0.13098 0.107811 0.526785 0.123114
0.0152363 0.242191 0.197057 0.293229 0.252286
0.0323471 0.149684 0.357859 0.433766 0.0263435
9.9982E-05 0.240881 0.175999 0.58292 9.9982E-05
0.00538585 0.201791 0.165936 0.557607 0.0692802
9.9991E-05 0.246531 0.163645 0.52 0.0697244
0.0856771 0.225711 0.37302 0.29167 0.0239222
0.0522765 0.191077 0.22954 0.527006 9.9991E-05
0.00358457 0.200237 0.269115 0.512571 0.0144927
9.9991E-05 0.254411 0.268876 0.294951 0.181662
0.16893 0.136423 0.200601 0.344973 0.149074
0.00166702 0.12886 0.270028 0.554425 0.0450194
0.0450758 0.204836 0.166832 0.530178 0.0530787
0.0546847 0.119454 0.142552 0.597663 0.0856459
0.00773647 0.216569 0.31994 0.427784 0.0279704
0.0218843 0.178395 0.247309 0.552229 0.000182437
9.9991E-05 0.312592 0.398743 0.0222619 0.266303
0.0206707 0.181554 0.185566 0.563749 0.0484607
9.9991E-05 0.315671 0.33396 0.165903 0.184366
0.190611 9.9973E-05 0.809089 9.9973E-05 9.9973E-05
0.808583 0.0470304 0.0177773 0.12651 9.9991E-05
0.9996 9.997E-05 9.997E-05 9.997E-05 9.997E-05
0.9996 9.997E-05 9.997E-05 9.997E-05 9.997E-05
0.967464 9.9973E-05 9.9973E-05 0.0322364 9.9973E-05
0.987492 0.0122077 9.9973E-05 9.9973E-05 9.9973E-05
0.93649 9.9973E-05 9.9973E-05 0.0632096 9.9973E-05
0.9996 9.997E-05 9.997E-05 9.997E-05 9.997E-05
0.858296 9.9973E-05 0.141404 9.9973E-05 9.9973E-05
0.0862065 9.9982E-05 0.90502 0.00857314 9.9982E-05
0.142773 9.9982E-05 0.799116 0.0579102 9.9982E-05
0.0447844 9.9991E-05 0.899774 0.0368069 0.0185347
0.103252 9.9982E-05 0.873311 0.0232374 9.9982E-05
0.0957928 9.9982E-05 0.889473 0.0145342 9.9982E-05
0.0410173 9.9982E-05 0.907444 0.0513387 9.9982E-05
0.0294969 0.091388 0.751176 0.12784 9.9991E-05
9.9973E-05 9.9973E-05 0.916317 0.0833834 9.9973E-05
0.0491327 0.0605246 0.736541 0.0967815 0.0570201
9.9982E-05 0.0574759 0.924961 0.0173627 9.9982E-05
9.997E-05 9.997E-05 0.9996 9.997E-05 9.997E-05
0.0289527 0.0243041 0.906092 0.0405507 9.9991E-05
0.0101394 9.9973E-05 0.989561 9.9973E-05 9.9973E-05
9.9982E-05 0.00243649 0.954855 0.0425086 9.9982E-05
9.9973E-05 9.9973E-05 0.917704 0.081996 9.9973E-05
9.9973E-05 9.9973E-05 0.937493 0.0622071 9.9973E-05
9.9982E-05 0.0323015 0.883026 0.0844721 9.9982E-05
9.9982E-05 0.0190054 0.851757 0.129038 9.9982E-05
9.9982E-05 0.0636612 0.820952 0.115186 9.9982E-05
0.102473 9.9991E-05 0.167382 0.462539 0.267506
0.0385453 9.9991E-05 0.111586 0.746897 0.102871
0.0654642 0.0306453 0.158748 0.645414 0.0997291
9.9991E-05 0.0386991 0.15519 0.0836591 0.722352
0.114316 9.9991E-05 0.146907 0.55866 0.180017
9.9991E-05 0.0338773 0.174197 0.0820223 0.709803
9.9991E-05 0.094215 0.0734228 0.65604 0.176222
0.139714 9.9991E-05 0.171588 0.439533 0.249065
0.0738022 9.9991E-05 0.193361 0.513022 0.219715
0.0989309 9.9991E-05 0.052586 0.619826 0.228557
0.120833 9.9991E-05 0.157247 0.499729 0.222091
9.9991E-05 0.0375271 0.0949919 0.688423 0.178958
0.0565761 9.9991E-05 0.168286 0.559349 0.215689
0.404374 0.0978978 9.9991E-05 0.0409909 0.456637
9.9982E-05 9.9982E-05 0.181667 0.0108314 0.807302
9.9991E-05 0.0299853 0.164204 0.158035 0.647675
0.001903 0.0116789 0.1671 0.624707 0.194611
9.9991E-05 0.0585177 0.11096 0.487316 0.343107
9.9982E-05 9.9982E-05 0.119141 0.640312 0.240347
0.0534887 0.119094 0.111027 0.585359 0.131032
0.0532355 0.161468 0.245676 0.454797 0.0848242
0.0352621 0.152032 0.196479 0.572276 0.0439501
0.169575 0.143402 0.401871 0.180814 0.104338
0.145988 0.0423339 0.160936 0.591986 0.0587562
0.135889 0.10761 0.252637 0.445911 0.0579524
9.9982E-05 0.18194 0.435964 9.9982E-05 0.381896
9.9991E-05 0.202306 0.29842 0.305408 0.193766
0.0845617 0.163183 0.377191 0.305794 0.06927
0.107864 0.0806911 0.326605 0.435202 0.0496385
0.0920938 0.153758 0.139084 0.512754 0.10231
0.040273 0.103656 0.201451 0.576176 0.0784439
0.0227979 0.103351 0.181734 0.652716 0.0394016
0.0176051 0.1818 0.180085 0.434147 0.186364
0.0643559 0.0935477 0.541057 0.264657 0.0363827
