9.9955E-05 9.9955E-05 9.9955E-05 0.158875 0.809474 9.9955E-05 9.9955E-05 0.0311517
9.9973E-05 0.04339 9.9973E-05 0.0179594 0.909951 0.0204236 9.9973E-05 0.00797642
0.020031 9.9973E-05 0.00431185 0.20501 0.717359 9.9973E-05 9.9973E-05 0.0529877
0.0455282 9.9973E-05 9.9973E-05 0.11219 0.727881 9.9973E-05 0.0189101 0.0951907
9.9964E-05 9.9964E-05 9.9964E-05 0.0919883 0.846541 9.9964E-05 0.0325527 0.0285183
0.0764759 0.0852233 0.0319872 9.9991E-05 0.575937 0.162205 0.00877576 0.0592955
0.0399497 0.0148983 9.9973E-05 9.9973E-05 0.748209 0.0963179 9.9973E-05 0.100326
0.0304556 9.9973E-05 0.039494 9.9973E-05 0.723086 0.129287 9.9973E-05 0.0773767
9.99639E-05 0.0672231 9.99639E-05 9.99639E-05 0.815006 0.0166458 9.99639E-05 0.100725
0.0841077 9.9973E-05 0.10651 9.9973E-05 0.649082 0.136886 0.0231147 9.9973E-05
0.00441147 9.9973E-05 0.0181871 9.9973E-05 0.681628 0.200207 9.9973E-05 0.0952662
0.146185 0.182995 0.188114 9.9973E-05 9.9973E-05 0.0582344 9.9973E-05 0.424172
0.0748589 0.013779 0.488996 0.118708 9.9973E-05 9.9973E-05 9.9973E-05 0.303359
0.0685536 0.0536749 0.22434 0.0583119 0.031932 0.0354023 0.133172 0.394614
0.11246 0.0478212 0.32861 0.0521481 0.0423543 0.00316617 0.0554759 0.357964
0.104498 0.015343 0.350226 0.0430442 0.107075 0.036259 0.0721722 0.271382
0.0437429 0.0370009 0.491865 0.0909774 0.0829427 0.027737 0.143678 0.0820558
0.110075 0.150864 0.447227 9.9982E-05 0.0173949 0.0951065 9.9982E-05 0.179132
0.0954649 0.109676 0.213547 0.11921 0.0691824 9.9991E-05 0.034371 0.358448
0.0936835 0.0579391 0.0407636 9.9991E-05 0.0411155 0.126802 0.0507749 0.588821
0.0538671 0.164492 0.386661 0.0696522 0.0341423 0.036558 0.015563 0.239064
0.0917676 0.112921 0.350776 0.0413345 0.0202383 0.174308 0.115998 0.0926581
0.0164974 0.0548398 0.578158 0.0549723 0.0496027 0.037745 0.0754567 0.132728
0.161271 0.16407 0.267035 9.9973E-05 9.9973E-05 0.069261 9.9973E-05 0.338063
9.9982E-05 0.0860354 0.557257 0.266679 0.0148091 0.0683461 9.9982E-05 0.00667314
0.0709739 0.0406571 0.538097 0.0205164 0.0624265 0.0517859 9.9991E-05 0.215443
0.200107 0.188466 0.0457439 9.9991E-05 0.00139373 0.0428025 0.0207034 0.500683
0.153199 0.155825 0.22024 9.9982E-05 0.0450121 0.0540002 9.9982E-05 0.371524
9.9973E-05 0.057428 0.31749 9.9973E-05 9.9973E-05 0.106416 0.0676554 0.450711
0.0874492 9.9955E-05 0.1163 9.9955E-05 0.795751 9.9955E-05 9.9955E-05 9.9955E-05
0.0464528 9.9955E-05 0.138131 9.9955E-05 0.814916 9.9955E-05 9.9955E-05 9.9955E-05
0.0664859 9.9955E-05 0.184195 9.9955E-05 0.748819 9.9955E-05 9.9955E-05 9.9955E-05
0.000810417 0.0612919 0.056337 0.183825 0.697436 9.9973E-05 9.9973E-05 9.9973E-05
9.9982E-05 0.196081 0.586309 9.9982E-05 0.0479563 0.0974803 0.0010212 0.0709516
0.0492537 0.286492 0.474125 0.0312389 0.0775904 9.9982E-05 9.9982E-05 0.0811003
9.9964E-05 0.359191 0.500233 0.105735 0.0344419 9.9964E-05 9.9964E-05 9.9964E-05
0.0134601 0.121675 0.155296 0.00178748 0.0888626 0.0196317 0.000926238 0.598361
0.0696712 0.523567 0.314602 9.9973E-05 9.9973E-05 9.9973E-05 0.0510252 0.0408351
0.0957386 0.158079 0.479543 0.00995088 0.0839581 9.9991E-05 0.0216795 0.15095
0.0430278 0.27083 0.594907 0.0779076 0.0130285 9.9973E-05 9.9973E-05 9.9973E-05
9.9973E-05 0.0955651 0.568637 9.9973E-05 0.174134 0.144168 9.9973E-05 0.017196
0.0750873 0.0879864 0.613618 9.9973E-05 0.129767 0.0932412 9.9973E-05 9.9973E-05
9.9982E-05 0.661315 0.109156 0.0465622 0.0425558 0.0231193 9.9982E-05 0.117091
9.9973E-05 9.9973E-05 0.616798 0.0883927 0.00128819 0.241894 9.9973E-05 0.0513275
0.0717089 0.253289 0.431635 0.107598 0.0711803 0.0427354 0.0217534 9.9991E-05
0.0172106 0.0569204 0.643979 0.0585264 0.17141 9.9982E-05 0.0517536 9.9982E-05
0.0136435 0.638231 0.28521 9.9964E-05 9.9964E-05 9.9964E-05 0.0625161 9.9964E-05
9.9973E-05 0.299154 0.522169 0.130582 0.0295828 0.0182118 9.9973E-05 9.9973E-05
9.9973E-05 0.195278 0.546909 0.0703035 0.113867 9.9973E-05 0.0733431 9.9973E-05
9.9964E-05 0.727728 9.9964E-05 9.9964E-05 0.0586967 0.20712 9.9964E-05 0.00605493
9.9973E-05 0.160827 0.137411 9.9973E-05 9.9973E-05 0.078897 0.145816 0.476748
9.9982E-05 0.201328 0.0421898 0.0907745 9.9982E-05 0.302569 0.143106 0.219832
0.0998438 0.0568189 0.514739 0.0683479 0.00751645 0.077294 0.0070031 0.168437
0.05443 0.00696782 0.541577 9.9991E-05 0.0977881 0.116728 0.0571535 0.125255
0.139371 9.9982E-05 0.56526 9.9982E-05 0.0242547 0.0459887 0.0266657 0.19826
9.9982E-05 0.299752 0.210114 0.0196463 0.0911021 0.0954153 9.9982E-05 0.28377
0.0441216 0.0239927 0.556516 0.0193442 0.035717 0.00674864 0.060939 0.252621
0.0183001 0.0369252 0.631359 0.0338733 0.13537 0.0681016 0.0380625 0.0380083
0.0281557 0.117164 0.405874 9.9991E-05 0.097327 0.0618235 0.072698 0.216857
9.9991E-05 0.138297 0.0401384 0.122793 0.133101 0.157386 0.0681856 0.339999
0.0135678 9.9991E-05 0.60284 0.0807231 0.0503162 0.0608325 0.111281 0.0803398
9.9982E-05 0.0897929 0.287363 0.249062 9.9982E-05 0.028643 0.0271596 0.31778
9.9982E-05 0.248857 0.0244201 0.0463154 0.00990142 0.122098 9.9982E-05 0.548208
9.9973E-05 0.139179 0.373696 0.193249 9.9973E-05 9.9973E-05 0.0386674 0.254909
0.0357104 0.00123467 0.533496 0.1435 9.9991E-05 0.0959677 0.183689 0.0063018
9.9982E-05 0.0522238 0.520319 0.103459 0.0301488 9.9982E-05 0.097917 0.195733
0.0797372 0.200008 0.230619 9.9991E-05 0.014474 0.0941208 0.0572723 0.323669
0.0434397 0.142153 0.466203 0.0512729 0.0172269 0.122067 0.0472239 0.110413
9.9982E-05 0.0961932 0.448692 0.110383 0.0934687 9.9982E-05 0.119733 0.13133
9.9982E-05 0.148542 0.270544 9.9982E-05 0.00830198 0.117613 0.0629986 0.3918
9.9955E-05 0.330906 0.60977 9.9955E-05 9.9955E-05 9.9955E-05 9.9955E-05 0.0588241
0.000838554 0.641008 0.236942 9.9973E-05 0.0156997 9.9973E-05 9.9973E-05 0.105211
9.9973E-05 0.183879 0.60286 0.0891845 0.0707263 9.9973E-05 9.9973E-05 0.0530497
9.9964E-05 0.91677 9.9964E-05 0.0249675 9.9964E-05 0.0529312 0.00493106 9.9964E-05
9.9973E-05 0.87082 0.0318748 9.9973E-05 9.9973E-05 0.0663502 0.0123644 0.0182906
9.9955E-05 0.690101 0.224005 0.0853937 9.9955E-05 9.9955E-05 9.9955E-05 9.9955E-05
9.9982E-05 0.376404 0.451934 0.0201348 0.0276349 0.0306991 9.9982E-05 0.0929931
0.140256 0.153597 0.391068 0.0947728 0.0902757 9.9982E-05 9.9982E-05 0.129831
0.0289351 0.385632 0.348248 0.0880412 0.0447287 9.9982E-05 9.9982E-05 0.104215
0.0496798 0.660639 0.139425 9.9973E-05 0.0440289 9.9973E-05 9.9973E-05 0.105928
0.0057994 0.449193 0.28888 9.9973E-05 0.0317204 9.9973E-05 9.9973E-05 0.224107
0.0139297 0.116154 0.563768 9.9982E-05 0.142417 9.9982E-05 0.103319 0.0602114
0.0256547 0.596968 0.30668 9.9964E-05 0.0702972 9.9964E-05 9.9964E-05 9.9964E-05
9.9982E-05 0.381953 0.461496 0.00645761 0.0832234 9.9982E-05 0.0176744 0.0489959
9.9964E-05 0.492615 0.371156 9.9964E-05 0.0207121 9.9964E-05 0.115117 9.9964E-05
9.9955E-05 0.678678 9.9955E-05 9.9955E-05 9.9955E-05 0.160267 0.160555 9.9955E-05
0.0562852 0.200937 0.597882 9.9973E-05 9.9973E-05 0.0716315 9.9973E-05 0.0729641
0.0204266 9.9964E-05 0.115353 9.9964E-05 0.834093 9.9964E-05 0.0297281 9.9964E-05
0.000803522 9.9955E-05 0.0913699 9.9955E-05 0.907327 9.9955E-05 9.9955E-05 9.9955E-05
9.9946E-05 9.9946E-05 9.9946E-05 0.228435 0.770966 9.9946E-05 9.9946E-05 9.9946E-05
9.9955E-05 0.0319702 9.9955E-05 0.161105 0.806425 9.9955E-05 9.9955E-05 9.9955E-05
9.9964E-05 0.00911737 0.0379255 0.137229 0.815329 9.9964E-05 9.9964E-05 9.9964E-05
0.0803301 0.0331638 0.0417074 9.9973E-05 0.827112 0.0173868 9.9973E-05 9.9973E-05
9.99551E-05 9.99551E-05 0.00843719 0.122962 0.868101 9.99551E-05 9.99551E-05 9.99551E-05
0.0815077 0.302813 0.423637 0.0588586 0.0656098 9.9982E-05 9.9982E-05 0.0673736
0.0450326 0.174269 0.466032 0.114071 0.0661482 0.0706996 9.9991E-05 0.0636475
9.9982E-05 0.779048 0.00435584 9.9982E-05 0.00271307 0.0304534 0.0816257 0.101604
0.132897 0.150126 0.428965 9.9991E-05 0.107124 0.0930065 0.0152242 0.0725566
0.0533394 0.399494 0.438271 9.9973E-05 0.0454013 9.9973E-05 9.9973E-05 0.0631945
0.0603515 0.261925 0.509035 0.0850996 0.0263419 9.9982E-05 0.0570479 9.9982E-05
0.0052142 0.267326 0.551288 9.9982E-05 0.054871 0.0292816 0.0918195 9.9982E-05
0.0901612 0.424911 0.428114 0.0564143 9.9964E-05 9.9964E-05 9.9964E-05 9.9964E-05
9.9964E-05 0.714782 9.9964E-05 9.9964E-05 0.0390445 0.0166327 9.9964E-05 0.229141
0.140474 0.113003 0.396871 0.0387301 0.0300062 0.0528793 0.103827 0.12421
0.0268153 0.175331 0.644623 9.9973E-05 0.0667327 9.9973E-05 0.0861983 9.9973E-05
0.0473353 0.0931876 0.418764 0.204658 0.0647042 9.9991E-05 0.0642345 0.107016
0.0219275 0.544088 0.278715 9.9973E-05 9.9973E-05 0.121655 0.0333145 9.9973E-05
0.0274427 0.424461 0.462932 0.0165546 0.00479527 9.9982E-05 0.0636142 9.9982E-05
0.0151099 0.364178 0.420094 0.0293954 0.0341039 9.9982E-05 9.9982E-05 0.136919
0.109517 0.579135 0.310848 9.9955E-05 9.9955E-05 9.9955E-05 9.9955E-05 9.9955E-05
9.9973E-05 0.359698 0.462455 0.0354819 0.0246704 9.9973E-05 9.9973E-05 0.117395
9.9982E-05 0.100845 0.507149 0.173835 0.0779031 9.9982E-05 0.0411518 0.0989167
0.00186734 0.167265 0.136364 0.173084 0.0118149 0.0465666 0.159688 0.30335
0.0115222 9.9991E-05 0.366907 0.111277 0.106533 0.0882557 0.0373531 0.278052
0.0562594 0.0392441 0.616695 9.9991E-05 0.117185 0.0147038 0.0413269 0.114486
0.0990156 0.0596341 0.547773 9.9991E-05 0.0489662 0.0624791 0.0486796 0.133353
9.9982E-05 0.0662106 0.441925 0.0668646 0.0426537 9.9982E-05 0.0496071 0.332539
9.9982E-05 9.9982E-05 0.619744 0.0377222 0.00290257 0.022527 0.0735428 0.243362
9.9982E-05 0.0766075 0.448417 0.0369672 0.0565389 9.9982E-05 0.00126411 0.380005
9.9982E-05 0.0333197 0.5084 0.115171 0.123417 9.9982E-05 0.120551 0.0989416
0.0683681 0.000477354 0.526728 0.0852302 9.9982E-05 0.104113 9.9982E-05 0.214883
9.9982E-05 0.0567534 0.55965 0.0781001 9.9982E-05 0.0953689 0.033256 0.176672
9.9973E-05 0.0628128 0.492253 0.028279 9.9973E-05 9.9973E-05 0.0722619 0.344093
0.00606796 9.9991E-05 0.62043 0.0914568 0.0357054 0.112318 0.107805 0.0261172
0.0536898 9.9991E-05 0.586542 0.0392118 0.042345 0.066296 0.102421 0.109395
0.105377 0.0358616 0.532696 9.9973E-05 9.9973E-05 9.9973E-05 0.104038 0.221727
0.0300861 9.9982E-05 0.518002 0.149977 9.9982E-05 0.0898417 0.0555173 0.156377
0.0175172 0.0429853 0.437653 0.145038 9.9991E-05 0.00428419 0.16383 0.188592
9.9991E-05 0.1044 0.307186 0.165376 0.0598319 0.0919794 0.0696485 0.201478
9.9964E-05 0.092763 0.552267 0.187923 9.9964E-05 9.9964E-05 9.9964E-05 0.166647
0.0228563 9.9973E-05 0.645669 0.146521 9.9973E-05 9.9973E-05 0.160153 0.0245009
0.0450301 0.216822 0.211472 0.0102022 9.9982E-05 9.9982E-05 0.132683 0.383591
0.0128165 0.0451194 0.125115 0.0696471 0.00297384 0.217876 0.228065 0.298387
9.9991E-05 0.0307456 0.647071 0.0220974 0.00967885 0.0670562 0.0141005 0.20915
0.0484303 0.154433 0.0638226 9.9982E-05 9.9982E-05 0.119006 0.284147 0.329961
9.9973E-05 0.18241 0.269367 9.9973E-05 0.0121323 9.9973E-05 0.0914457 0.444346
9.9973E-05 0.109662 0.493605 9.9973E-05 0.0445991 9.9973E-05 0.0229616 0.328872
9.9973E-05 0.108465 0.372777 9.9973E-05 0.0496679 9.9973E-05 0.0695629 0.399228
9.9973E-05 0.145582 0.330678 9.9973E-05 0.013591 0.0074598 9.9973E-05 0.50239
0.0838652 9.9973E-05 0.595948 9.9973E-05 9.9973E-05 0.0570208 0.0519324 0.210933
0.0350686 0.0821292 0.462999 0.19297 0.0720172 0.00569685 9.9991E-05 0.149019
0.105054 0.190396 0.482025 9.9991E-05 0.0684263 0.00997402 0.00493483 0.13909
9.9982E-05 0.152375 0.108008 0.0964024 9.9982E-05 0.197253 0.157571 0.28819
9.9973E-05 0.158879 0.476849 9.9973E-05 0.205231 0.102882 9.9973E-05 0.0558598
0.0623326 0.0879158 0.518255 9.9991E-05 0.0319958 0.267398 0.0132208 0.0187815
9.9982E-05 0.175691 9.9982E-05 0.0349984 0.0641421 0.415352 0.12141 0.188206
0.0509894 0.0221119 0.648233 0.00674733 0.07693 0.0345449 0.160344 9.9991E-05
0.0461147 0.0760721 0.389189 9.9991E-05 0.130578 0.17262 0.126857 0.0584691
0.0819891 0.109176 0.267572 0.210313 0.0209152 0.0819573 0.098953 0.129125
9.9991E-05 0.08194 0.306263 0.0764782 0.0415931 0.319809 0.082273 0.0915439
9.9982E-05 0.0135416 0.287734 9.9982E-05 0.037225 0.401697 0.106493 0.15311
9.9982E-05 9.9982E-05 0.441247 0.0125736 0.0508668 0.175142 0.175566 0.144405
0.0576057 0.0038109 0.572883 9.9991E-05 0.0773929 0.150664 0.0481653 0.0893776
0.0930526 9.9991E-05 0.433103 0.0215091 0.0776242 0.160271 0.100496 0.113844
0.0992533 0.195906 9.9982E-05 0.116542 9.9982E-05 0.366142 0.0516628 0.170294
0.149173 0.0704427 0.464185 9.9991E-05 0.0383557 0.074004 0.0487469 0.154993
9.9973E-05 0.235591 0.402097 9.9973E-05 9.9973E-05 0.212753 0.0289778 0.120282
0.0433586 0.191761 0.442459 9.9982E-05 9.9982E-05 0.1499 0.0770727 0.0952488
0.0376176 0.00305395 0.63655 0.020448 0.0981205 0.136123 0.0679872 9.9991E-05
0.187389 9.9973E-05 0.173768 0.110113 0.263783 0.264648 9.9973E-05 9.9973E-05
0.116713 9.9955E-05 9.9955E-05 9.9955E-05 0.469803 0.412984 9.9955E-05 9.9955E-05
0.159049 9.9955E-05 9.9955E-05 9.9955E-05 0.391747 0.448704 9.9955E-05 9.9955E-05
0.165023 9.9964E-05 9.9964E-05 0.312773 0.313702 0.208102 9.9964E-05 9.9964E-05
0.0788356 0.11223 0.58606 9.9964E-05 9.9964E-05 0.222474 9.9964E-05 9.9964E-05
0.0531056 9.9973E-05 0.577089 9.9973E-05 0.158256 0.113218 0.0980318 9.9973E-05
0.70557 9.9946E-05 0.29383 9.9946E-05 9.9946E-05 9.9946E-05 9.9946E-05 9.9946E-05
0.478523 0.0387898 0.342572 9.9982E-05 0.0656874 9.9982E-05 0.0337599 0.0404681
0.335165 9.9982E-05 0.430692 0.0267664 0.131976 0.0404054 0.0347951 9.9982E-05
9.9964E-05 0.10666 0.367559 9.9964E-05 9.9964E-05 0.368988 0.156393 9.9964E-05
0.0210759 0.190632 0.420069 0.100031 0.0316765 0.110514 0.0416465 0.0843553
0.0139701 0.12301 0.199614 9.9973E-05 9.9973E-05 0.485419 0.177688 9.9973E-05
9.9982E-05 0.0753426 0.653925 0.0174467 9.9982E-05 0.167737 0.0781603 0.00718822
0.0945461 0.10576 0.423808 9.9973E-05 9.9973E-05 0.192734 0.182851 9.9973E-05
0.0259299 0.0848717 0.616337 0.0188854 9.9982E-05 0.214719 0.0390575 9.9982E-05
9.9973E-05 0.0852657 0.273466 9.9973E-05 9.9973E-05 0.462085 0.152619 0.0262636
0.112376 9.9982E-05 0.672152 9.9982E-05 0.0502072 0.0819536 0.0554818 0.0276296
0.074976 0.0442659 0.564843 0.0170727 0.0208007 0.232375 0.0455667 9.9991E-05
0.903321 9.9964E-05 0.0469178 9.9964E-05 9.9964E-05 0.00148274 0.0478783 9.9964E-05
0.906766 9.9955E-05 0.0821821 9.9955E-05 9.9955E-05 9.9955E-05 9.9955E-05 0.0105518
0.422456 0.0306877 0.134404 0.359593 0.0106558 9.9982E-05 9.9982E-05 0.0420036
0.569828 9.9955E-05 0.287693 0.14198 9.9955E-05 9.9955E-05 9.9955E-05 9.9955E-05
0.745077 9.9973E-05 0.150359 0.0914241 0.00398143 0.00885871 9.9973E-05 9.9973E-05
0.9993 9.994E-05 9.994E-05 9.994E-05 9.994E-05 9.994E-05 9.994E-05 9.994E-05
0.919955 9.9973E-05 9.9973E-05 0.0324146 9.9973E-05 0.00258628 0.0185817 0.0261623
0.755588 9.9964E-05 0.0677232 0.1474 9.9964E-05 9.9964E-05 0.028889 9.9964E-05
0.977155 9.9946E-05 9.9946E-05 9.9946E-05 9.9946E-05 9.9946E-05 9.9946E-05 0.0222452
0.9993 9.994E-05 9.994E-05 9.994E-05 9.994E-05 9.994E-05 9.994E-05 9.994E-05
0.99773 9.9946E-05 9.9946E-05 9.9946E-05 0.0016702 9.9946E-05 9.9946E-05 9.9946E-05
0.718434 9.9982E-05 0.163638 9.9982E-05 0.042002 0.0477997 0.0166373 0.0112883
0.700918 9.9964E-05 0.12033 0.14615 0.0322025 9.9964E-05 9.9964E-05 9.9964E-05
0.982625 9.9946E-05 0.0167753 9.9946E-05 9.9946E-05 9.9946E-05 9.9946E-05 9.9946E-05
0.448909 0.0679852 0.227135 9.9991E-05 0.125799 0.0062051 0.0349804 0.0888871
0.534578 0.0177969 0.229571 0.0654643 0.0502924 0.0347835 9.9991E-05 0.067414
0.62539 9.9982E-05 0.133284 0.212201 0.0118784 0.00879669 9.9982E-05 0.00824981
0.857742 9.9964E-05 0.0902828 0.0135345 0.0380406 9.9964E-05 9.9964E-05 9.9964E-05
0.874729 9.9946E-05 9.9946E-05 0.124672 9.9946E-05 9.9946E-05 9.9946E-05 9.9946E-05
0.747443 9.9973E-05 0.036905 0.173321 0.0304412 9.9973E-05 9.9973E-05 0.0115905
0.972712 9.9946E-05 9.9946E-05 0.0266882 9.9946E-05 9.9946E-05 9.9946E-05 9.9946E-05
0.564291 9.9982E-05 0.206452 0.16298 0.0147216 9.9982E-05 0.0176434 0.0337117
0.859563 0.005163 0.0652579 0.0154163 0.00538686 9.9982E-05 9.9982E-05 0.0490133
9.9973E-05 0.0360373 9.9973E-05 0.123237 0.232729 0.521629 0.0860676 9.9973E-05
0.046591 9.9982E-05 0.454797 0.0379722 0.192583 0.210228 9.9982E-05 0.0576288
0.0520981 0.056934 0.411035 0.0245482 0.247532 0.194072 9.9991E-05 0.013681
9.9973E-05 9.9973E-05 0.172994 0.176135 0.145716 0.428195 0.0766606 9.9973E-05
0.0259133 0.0698592 0.446885 0.138528 0.100065 0.21855 9.9982E-05 9.9982E-05
0.147278 0.0480121 0.190854 9.9982E-05 0.193497 0.407494 0.0126645 9.9982E-05
0.0651615 0.0689945 0.44283 0.0204958 0.151737 0.117181 0.133501 9.9991E-05
0.144084 0.0509728 0.310053 0.105584 0.0980059 0.2911 9.9982E-05 9.9982E-05
0.167023 9.9982E-05 0.45245 0.014107 0.0990193 0.251678 0.0155225 9.9982E-05
0.108337 9.9973E-05 0.281971 0.248003 0.0301141 0.331275 9.9973E-05 9.9973E-05
0.070524 0.0506402 0.384162 0.115386 0.113428 0.26566 9.9982E-05 9.9982E-05
9.9973E-05 9.9973E-05 0.0808624 9.9973E-05 0.808256 0.0558372 0.0111066 0.0436381
0.0260108 9.9973E-05 9.9973E-05 0.0984597 0.872349 0.000876067 0.00200425 9.9973E-05
9.9955E-05 9.9955E-05 9.9955E-05 0.0985227 0.867963 9.9955E-05 9.9955E-05 0.0330149
9.9964E-05 9.9964E-05 0.00123613 0.038273 0.89458 9.9964E-05 9.9964E-05 0.0655111
9.9964E-05 9.9964E-05 9.9964E-05 0.0670585 0.828103 0.0184994 9.9964E-05 0.0859397
0.00870379 9.9955E-05 9.9955E-05 0.165099 0.825697 9.9955E-05 9.9955E-05 9.9955E-05
0.0539517 9.9955E-05 0.0759803 9.9955E-05 0.869568 9.9955E-05 9.9955E-05 9.9955E-05
9.9973E-05 9.9973E-05 9.9973E-05 0.0631226 0.829913 0.0492543 0.0339465 0.0234637
9.9964E-05 0.00930496 9.9964E-05 0.121357 0.863138 9.9964E-05 0.00580023 9.9964E-05
9.9955E-05 9.9955E-05 9.9955E-05 0.223714 0.742283 0.0335032 9.9955E-05 9.9955E-05
0.00528052 0.0914175 9.9973E-05 9.9973E-05 0.599833 9.9973E-05 0.0368269 0.266342
9.9964E-05 0.0906668 9.9964E-05 0.025078 0.574404 9.9964E-05 9.9964E-05 0.309451
9.9964E-05 0.0692423 9.9964E-05 9.9964E-05 0.542321 0.123995 9.9964E-05 0.264041
9.9973E-05 0.162974 9.9973E-05 9.9973E-05 0.487875 0.0342779 0.0264758 0.288098
9.9973E-05 0.280444 0.498004 0.0371786 0.0840639 9.9973E-05 9.9973E-05 0.10001
0.00217642 0.0994467 0.601669 9.9982E-05 0.0092087 9.9982E-05 0.157693 0.129606
9.9973E-05 0.142385 0.612981 9.9973E-05 0.0636456 9.9973E-05 0.018972 0.161716
9.9982E-05 0.265911 0.329001 0.0899239 0.0269405 9.9982E-05 0.00795731 0.280066
0.0318455 0.14061 0.196961 9.9973E-05 9.9973E-05 0.050814 9.9973E-05 0.579469
9.9973E-05 0.0490342 0.537551 0.233317 9.9973E-05 9.9973E-05 0.0861437 0.0936548
0.0455038 0.297033 0.528671 9.9991E-05 0.0100578 0.0550054 0.017905 0.0457237
9.9982E-05 0.219347 0.461127 0.110337 9.9982E-05 0.0481288 0.111115 0.0497445
0.0108395 0.547557 0.376373 0.0559396 9.9973E-05 0.00899079 9.9973E-05 9.9973E-05
0.0474723 0.146675 0.562432 0.0938915 0.017146 9.9991E-05 0.00679747 0.125485
9.9982E-05 0.237751 0.400147 9.9982E-05 0.0186119 0.0406381 0.133369 0.169282
9.9964E-05 0.728757 9.9964E-05 9.9964E-05 9.9964E-05 0.00367107 0.169186 0.0979857
9.9982E-05 0.108438 0.402868 0.0928325 0.0424333 9.9982E-05 0.186526 0.166702
9.9982E-05 0.507693 0.254518 9.9982E-05 0.0219516 0.0557059 0.131517 0.0284146
0.0159347 0.433791 0.467866 0.0189456 9.9973E-05 9.9973E-05 0.0631624 9.9973E-05
9.9964E-05 0.6616 0.12401 9.9964E-05 0.0340896 9.9964E-05 9.9964E-05 0.1799
9.9964E-05 9.9964E-05 0.00937141 9.9964E-05 0.0940225 0.17506 9.9964E-05 0.721146
9.9973E-05 9.9973E-05 0.074097 9.9973E-05 0.0617697 0.109943 0.0271807 0.72671
9.9973E-05 9.9973E-05 0.0168961 9.9973E-05 0.0569324 0.00349267 0.0801254 0.842254
9.9955E-05 0.0953968 9.9955E-05 9.9955E-05 0.122099 9.9955E-05 9.9955E-05 0.782004
0.0262647 9.9982E-05 0.0702148 9.9982E-05 0.0396222 0.133046 0.00212081 0.728532
9.9982E-05 9.9982E-05 0.068866 0.0849319 0.0557551 0.0126991 0.0193688 0.758179
9.9955E-05 0.0486535 9.9955E-05 0.164717 0.786129 9.9955E-05 9.9955E-05 9.9955E-05
9.9964E-05 9.9964E-05 0.018588 0.15252 0.748629 9.9964E-05 9.9964E-05 0.0798627
0.0493709 9.9973E-05 0.0750254 0.126606 0.715751 0.0329467 9.9973E-05 9.9973E-05
0.100431 9.9964E-05 9.9964E-05 0.0921855 0.663532 9.9964E-05 9.9964E-05 0.143452
0.0445952 9.9982E-05 0.0602615 0.0961539 0.74064 0.024168 9.9982E-05 0.0339814
9.9964E-05 0.0172848 9.9964E-05 9.9964E-05 0.350442 0.114819 9.9964E-05 0.517054
9.9973E-05 0.0300026 9.9973E-05 9.9973E-05 0.462998 0.0830261 0.0487468 0.374927
9.9964E-05 0.0335626 9.9964E-05 9.9964E-05 0.430594 9.9964E-05 0.0994826 0.435961
0.0408517 9.9964E-05 0.126523 9.9964E-05 0.816019 9.9964E-05 9.9964E-05 0.0162057
0.00441523 0.0536869 9.9982E-05 9.9982E-05 0.379425 0.0331944 0.0747353 0.454344
0.175682 0.00242112 0.105765 0.399259 0.143825 0.117457 0.0554908 9.9991E-05
0.117733 0.0517083 0.409719 0.276374 0.0540887 9.9982E-05 9.9982E-05 0.0901766
0.111514 9.9964E-05 0.413972 0.298429 0.175686 9.9964E-05 9.9964E-05 9.9964E-05
0.130536 0.0422837 0.245537 0.277244 0.183119 0.12108 9.9982E-05 9.9982E-05
0.0811116 9.9991E-05 0.426498 0.227749 0.0857264 0.0685466 0.0919 0.0183692
0.12626 9.9964E-05 9.9964E-05 0.27952 0.347508 0.246312 9.9964E-05 9.9964E-05
0.0156195 0.0357194 0.506674 9.9982E-05 9.9982E-05 0.100458 0.0573075 0.284021
9.9982E-05 0.126983 0.309709 0.0924458 9.9982E-05 0.0700668 0.150506 0.250089
9.9973E-05 0.0272834 0.300056 0.0465157 0.0678177 9.9973E-05 9.9973E-05 0.558028
9.9973E-05 0.0499889 0.440908 9.9973E-05 9.9973E-05 0.0514099 0.335762 0.121631
9.9964E-05 0.230436 9.9964E-05 9.9964E-05 9.9964E-05 0.285901 0.355171 0.128092
9.9982E-05 0.0810102 0.461386 0.196561 0.0985828 0.0681505 9.9982E-05 0.0941097
0.0240844 9.9982E-05 0.493867 9.9982E-05 0.0240483 0.0984444 0.173687 0.185669
9.9982E-05 0.0698852 0.346539 9.9982E-05 0.0699008 0.0494559 0.0897604 0.374259
0.0569996 0.00948176 0.490119 0.0306873 0.089048 0.0766551 0.00683327 0.240176
9.9982E-05 0.33742 0.0419315 0.0389992 9.9982E-05 0.22011 0.107927 0.253412
0.0431282 9.9973E-05 0.402773 9.9973E-05 9.9973E-05 0.187353 0.183875 0.182571
0.0133295 0.0614677 0.601673 9.9982E-05 0.0248998 0.0858963 9.9982E-05 0.212533
0.0759714 0.219767 0.262021 0.264794 0.0977811 9.9982E-05 9.9982E-05 0.0794658
9.9964E-05 9.9964E-05 0.430714 9.9964E-05 9.9964E-05 0.0746711 0.205633 0.288582
9.9973E-05 0.0496945 0.408475 0.0872703 9.9973E-05 9.9973E-05 0.136324 0.317936
0.00138674 0.00463126 0.491359 0.132197 9.9991E-05 0.112355 0.175008 0.0829625
0.0011029 0.161204 0.443761 0.082881 0.0281134 0.03185 0.0646624 0.186426
0.0318609 9.9991E-05 0.574728 0.0666747 0.0433367 0.0273682 0.115248 0.140683
0.00884705 0.00596015 0.462392 0.204023 0.0474379 0.112047 9.9991E-05 0.159192
9.9982E-05 0.151243 0.51476 0.152495 0.080375 9.9982E-05 0.00527105 0.0956568
0.0869452 0.012624 0.122151 9.9964E-05 0.77788 9.9964E-05 9.9964E-05 9.9964E-05
0.0448599 9.9964E-05 0.116487 9.9964E-05 0.793383 9.9964E-05 0.0448712 9.9964E-05
0.0201688 9.9982E-05 0.0894387 9.9982E-05 0.765846 0.072144 0.0338776 0.0183254
0.0286794 0.0248413 0.0520877 0.0512269 0.783676 9.9982E-05 0.0592886 9.9982E-05
0.0494046 9.9964E-05 0.119989 9.9964E-05 0.829625 9.9964E-05 0.000581784 9.9964E-05
0.0336209 0.0966628 0.144354 0.097008 9.9982E-05 0.0195546 9.9982E-05 0.6086
0.0360317 0.104706 0.319118 0.187851 0.00518143 0.107925 0.0939149 0.145272
9.9991E-05 0.0173595 0.35228 0.263742 0.181147 0.124748 0.0522161 0.00840807
9.99998E-05 0.0153519 0.606896 0.0871178 0.0505532 0.0208472 0.105026 0.114108
9.9982E-05 0.183023 0.495037 0.0622134 0.0407195 9.9982E-05 0.0483211 0.170486
0.105903 0.0179984 0.251296 0.00402605 9.9991E-05 0.153769 0.125612 0.341295
9.9982E-05 0.167112 0.0206294 0.000877549 0.113397 0.111402 9.9982E-05 0.586381
0.000620137 9.9964E-05 0.506322 0.121217 9.9964E-05 9.9964E-05 9.9964E-05 0.371442
0.063713 0.0613757 0.16293 9.9982E-05 0.0559265 9.9982E-05 0.186641 0.469213
9.9991E-05 0.0911956 0.336027 0.2056 0.0675393 0.084704 0.0694288 0.145406
0.0212258 0.0884939 0.0266936 0.117193 0.0768604 0.00964897 0.101625 0.55826
0.064764 9.9991E-05 0.598734 0.0291503 0.107255 0.0193589 0.0168366 0.163801
0.0218363 0.0645628 0.197704 0.024 0.0842854 9.9991E-05 0.0865893 0.520923
0.0972997 0.133898 0.317865 9.9991E-05 0.00760381 0.101486 0.060066 0.281682
0.0154429 9.9982E-05 0.538869 9.9982E-05 0.0466954 0.288509 0.019154 0.0911292
9.9964E-05 9.9964E-05 0.321256 9.9964E-05 9.9964E-05 0.474878 0.0876731 0.115793
0.0171098 0.0403274 0.633183 9.9982E-05 0.0578891 0.241911 9.9982E-05 0.00937982
9.9982E-05 9.9982E-05 0.60337 0.044231 0.0902056 0.164693 0.079835 0.0174652
9.9964E-05 9.9964E-05 0.371024 9.9964E-05 9.9964E-05 0.457978 0.0876009 0.082997
0.0839541 0.0560348 0.487103 9.9991E-05 0.144284 0.101725 0.0600011 0.0667983
9.9982E-05 0.0968507 0.537567 0.0397207 0.046979 0.197698 0.080984 9.9982E-05
9.9973E-05 0.181189 0.100807 9.9973E-05 9.9973E-05 0.520643 0.143749 0.0533116
9.9964E-05 0.0400647 0.28876 9.9964E-05 9.9964E-05 0.596766 0.0740102 9.9964E-05
9.9964E-05 9.9964E-05 0.583663 9.9964E-05 9.9964E-05 0.346636 0.0260559 0.0432447
9.9973E-05 0.151221 0.195845 9.9973E-05 9.9973E-05 0.533015 0.0322111 0.0874085
9.9973E-05 0.0761778 0.489492 0.0230048 9.9973E-05 0.330307 9.9973E-05 0.080719
9.9973E-05 0.242761 0.0348909 0.177966 9.9973E-05 0.0176691 9.9973E-05 0.526414
0.00909404 0.0502417 0.225765 9.9982E-05 9.9982E-05 0.033585 0.334606 0.346509
0.0404367 0.124103 0.29588 0.102352 9.9982E-05 9.9982E-05 0.0820222 0.355007
9.9955E-05 9.9955E-05 0.576153 0.156146 9.9955E-05 9.9955E-05 9.9955E-05 0.267202
9.9964E-05 0.215076 0.246364 0.0194218 9.9964E-05 9.9964E-05 9.9964E-05 0.518739
0.000998328 9.9991E-05 0.361372 0.267584 0.0267983 0.038555 0.2237 0.0808928
0.050665 9.9982E-05 0.577187 0.144001 9.9982E-05 0.0157618 0.0575726 0.154613
9.9964E-05 0.0956933 0.356585 0.248634 9.9964E-05 9.9964E-05 9.9964E-05 0.298688
0.0756032 0.0390539 0.475653 0.0948679 9.9982E-05 9.9982E-05 0.00797527 0.306647
0.10653 0.109366 0.35268 0.0493989 0.000721902 9.9982E-05 9.9982E-05 0.381104
0.159474 0.18171 0.14133 9.9973E-05 9.9973E-05 9.9973E-05 0.0113843 0.505802
0.0990655 0.110914 0.309451 0.0405734 9.9982E-05 9.9982E-05 0.0193709 0.420425
0.0247859 9.9982E-05 0.526274 0.0971389 9.9982E-05 0.0310996 0.150257 0.170245
9.9982E-05 0.0834168 0.525052 0.113859 9.9982E-05 0.0682909 0.124139 0.0850433
9.9982E-05 0.120377 0.294724 0.202485 9.9982E-05 0.0323987 0.0604755 0.28934
0.117773 9.9982E-05 0.404555 0.0485504 0.0312366 9.9982E-05 0.125256 0.272428
0.0858632 9.9991E-05 0.367979 0.000544323 0.093076 0.0435357 0.010995 0.397907
0.0211638 9.9982E-05 0.626854 0.00150875 0.0756789 9.9982E-05 0.0669748 0.20762
0.0702883 0.0592758 0.537427 9.9982E-05 0.0476883 9.9982E-05 0.0678942 0.217227
0.130108 9.9982E-05 0.521472 9.9982E-05 0.0475208 0.0482762 0.0468988 0.205524
0.0165075 0.0204467 0.38606 0.225752 0.250732 0.0528448 9.9991E-05 0.0475569
0.0685885 0.0761198 0.325728 0.282312 0.0938989 0.113027 0.040225 9.9991E-05
0.0404549 0.070025 0.529965 0.101552 0.173284 0.0404022 0.0442168 9.9991E-05
0.0617626 9.9982E-05 0.595479 0.0549059 0.083155 0.0886982 0.115799 9.9982E-05
0.0120037 0.0771523 0.343321 0.351298 0.150375 9.9982E-05 0.0656502 9.9982E-05
0.0190204 9.9973E-05 0.423383 9.9973E-05 9.9973E-05 0.126215 0.200223 0.230859
0.00334514 0.095967 0.444408 0.303463 0.0942831 9.9982E-05 9.9982E-05 0.0583335
9.9973E-05 0.101631 9.9973E-05 0.273859 0.122898 0.453189 9.9973E-05 0.0481238
0.226713 0.129379 0.467003 0.0127676 0.10296 9.9991E-05 0.0154998 0.0455772
0.0533595 0.0591901 0.482598 0.191995 0.068007 9.9991E-05 0.136557 0.0081929
0.231882 0.0353913 0.458423 0.0599332 0.0261979 0.0926361 9.9991E-05 0.0954362
9.9991E-05 0.0647323 0.226249 0.344131 0.10168 0.120936 0.0682238 0.0739478
0.0859386 9.9973E-05 0.42074 0.240496 0.112533 0.139992 9.9973E-05 9.9973E-05
0.0702255 9.9991E-05 0.478874 0.201998 0.116361 0.125209 0.00576034 0.00147219
0.0653234 9.9973E-05 9.9973E-05 0.226295 0.399022 0.295099 0.013961 9.9973E-05
0.0818689 0.0594231 0.468088 0.223375 0.138582 9.9982E-05 9.9982E-05 0.0284627
0.0468511 9.9982E-05 0.408285 0.327893 0.135206 0.0621079 0.0194573 9.9982E-05
0.0686266 0.125225 0.548754 0.180586 0.0214854 0.050702 9.9991E-05 0.00452112
0.0142055 9.9982E-05 0.326954 0.491149 0.0749146 0.0512474 0.0413298 9.9982E-05
0.0682831 0.110424 0.476844 0.137814 0.147694 0.0311796 0.00411383 0.0236475
0.0993302 0.0428692 0.243111 9.9982E-05 0.0732927 9.9982E-05 0.437771 0.103426
0.0588084 0.025275 0.388038 0.149894 9.9991E-05 0.0917639 0.255551 0.03057
9.9964E-05 0.0968111 0.0017401 9.9964E-05 9.9964E-05 9.9964E-05 0.835278 0.0657713
9.9964E-05 0.0475042 9.9964E-05 9.9964E-05 0.00888044 9.9964E-05 0.91073 0.0324857
0.0738274 0.0937826 0.307077 0.156634 9.9982E-05 9.9982E-05 0.309274 0.0592052
0.0625155 9.9982E-05 0.343055 0.352552 0.103262 0.0838297 0.0545862 9.9982E-05
0.0946597 9.9964E-05 0.0360906 0.593999 9.9964E-05 9.9964E-05 0.274851 9.9964E-05
0.128341 9.9991E-05 0.0780366 0.331003 0.11722 0.159602 0.16217 0.0235271
0.0195867 9.9973E-05 0.151656 0.60553 0.0497001 9.9973E-05 0.173227 9.9973E-05
9.9964E-05 9.9964E-05 9.9964E-05 0.135084 0.0433813 0.141413 0.679722 9.9964E-05
9.9955E-05 9.9955E-05 9.9955E-05 0.2604 0.0597325 9.9955E-05 0.679368 9.9955E-05
0.134741 9.9973E-05 0.426802 0.050403 9.9973E-05 9.9973E-05 0.375396 0.0123581
0.0867683 9.9973E-05 0.363866 0.0537249 0.0445589 9.9973E-05 0.450782 9.9973E-05
9.9964E-05 9.9964E-05 0.0315412 0.199995 0.0437675 9.9964E-05 0.724297 9.9964E-05
0.0629433 0.036672 0.378121 0.239713 9.9991E-05 0.0136405 0.245391 0.0234189
0.072726 9.9973E-05 0.360573 0.157122 9.9973E-05 0.0084928 0.400786 9.9973E-05
0.0960767 0.0434181 0.41757 0.0968264 0.046364 0.0911713 0.202266 0.00630808
9.9973E-05 9.9973E-05 0.268073 0.0049561 0.0316592 9.9973E-05 0.630749 0.0642631
0.0147609 9.9973E-05 0.372135 9.9973E-05 9.9973E-05 0.0661645 0.465113 0.0815267
0.0549208 0.0200948 0.458065 0.106501 0.0158348 9.9991E-05 0.271465 0.0730193
0.0915027 0.0634909 0.302483 9.9991E-05 0.0519891 0.0475089 0.343097 0.0998282
0.0726146 0.0885784 0.293448 0.190081 0.0766959 0.181478 0.0823304 0.014774
9.9964E-05 9.9964E-05 0.417026 9.9964E-05 9.9964E-05 0.119789 0.4497 0.0130849
9.9955E-05 9.9955E-05 0.148177 9.9955E-05 9.9955E-05 9.9955E-05 0.757168 0.094155
0.0271779 0.024087 0.46459 0.12405 9.9973E-05 9.9973E-05 0.359795 9.9973E-05
9.9955E-05 0.133995 0.195608 9.9955E-05 9.9955E-05 9.9955E-05 0.669897 9.9955E-05
9.9973E-05 9.9973E-05 0.433551 9.9973E-05 0.0191075 0.00780322 0.525782 0.013456
9.9964E-05 9.9964E-05 0.529861 0.0628106 0.126009 9.9964E-05 0.28092 9.9964E-05
0.0838837 0.108476 0.340127 9.9991E-05 0.0169801 0.00951226 0.344707 0.0962133
0.0865338 0.0678364 0.412259 0.169441 0.196819 0.0669108 9.9988E-05 9.9988E-05
0.140259 0.0298109 0.447202 0.0606375 0.0383908 0.0802254 0.117969 0.085506
0.193641 9.9991E-05 0.232462 0.173178 0.141485 0.12227 0.0673649 0.0694988
0.15565 9.9991E-05 0.358248 0.0567069 0.166773 0.101362 0.0962851 0.0648752
0.095494 0.0926117 0.363257 0.194998 0.112726 0.0468732 9.9991E-05 0.0939397
0.115004 9.9991E-05 0.208008 0.321868 0.0800088 0.0302136 0.145268 0.0995296
0.0760772 9.9973E-05 9.9973E-05 0.0235351 0.167844 0.118446 0.613798 9.9973E-05
0.103558 9.9982E-05 0.458097 0.215065 0.0546347 9.9982E-05 0.119522 0.0489221
0.0898874 9.9964E-05 9.9964E-05 9.9964E-05 0.343979 0.145037 0.420697 9.9964E-05
0.0880364 9.9973E-05 0.282092 0.31886 0.00492942 9.9973E-05 0.305783 9.9973E-05
9.9964E-05 0.128015 0.089628 9.9964E-05 9.9964E-05 0.0109402 0.771017 9.9964E-05
9.9964E-05 0.0654181 9.9964E-05 9.9964E-05 0.0390661 9.9964E-05 0.852477 0.0426393
9.9964E-05 0.0869354 0.351999 0.072977 9.9964E-05 9.9964E-05 0.487689 9.9964E-05
0.0429629 9.9964E-05 0.574857 9.9964E-05 0.02713 9.9964E-05 0.35465 9.9964E-05
0.00619609 0.0571116 0.324635 9.9973E-05 0.0228622 9.9973E-05 0.588896 9.9973E-05
9.9946E-05 9.9946E-05 0.498862 9.9946E-05 9.9946E-05 9.9946E-05 0.500539 9.9946E-05
9.9955E-05 9.9955E-05 0.438319 0.0411715 9.9955E-05 9.9955E-05 0.52001 9.9955E-05
0.0669288 9.9973E-05 0.0795871 9.9973E-05 0.727441 0.0727358 0.0530078 9.9973E-05
0.131639 9.9973E-05 9.9973E-05 9.9973E-05 0.717323 0.00975562 0.033915 0.107067
0.100203 9.9955E-05 9.9955E-05 9.9955E-05 0.868124 9.9955E-05 9.9955E-05 0.031173
9.9973E-05 9.9973E-05 0.0169333 0.0775367 0.891299 0.00622464 0.00770689 9.9973E-05
9.9982E-05 0.288173 0.380074 0.215688 0.00378007 9.9982E-05 0.0421526 0.0699319
0.075102 0.290115 0.479169 0.0369046 0.0542454 9.9982E-05 0.0642641 9.9982E-05
9.9973E-05 0.436843 0.443413 0.0940155 9.9973E-05 9.9973E-05 0.0226043 0.00282379
9.9982E-05 0.215297 0.510744 0.0843685 0.101974 0.0643936 9.9982E-05 0.0230232
0.119674 0.181681 0.500855 9.9982E-05 0.0490865 0.115657 9.9982E-05 0.0328461
9.9973E-05 0.490235 0.278449 9.9973E-05 9.9973E-05 0.0484004 0.0525958 0.13002
0.0618779 0.269051 0.550583 0.0710213 9.9982E-05 9.9982E-05 0.036112 0.0111545
9.9964E-05 0.494426 0.300167 9.9964E-05 9.9964E-05 0.118131 0.0868751 9.9964E-05
0.057117 0.00765498 0.393703 0.229018 0.240691 9.9991E-05 0.0515613 0.0201542
0.000664035 0.289379 0.424557 0.0525543 9.9991E-05 0.0739605 0.0740914 0.0846947
9.9964E-05 0.537603 0.291362 0.0270303 9.9964E-05 9.9964E-05 9.9964E-05 0.143605
0.0506052 0.275611 0.548833 0.0218521 9.9973E-05 9.9973E-05 0.102799 9.9973E-05
9.9973E-05 0.39781 0.406363 9.9973E-05 0.0411723 9.9973E-05 0.0342111 0.120144
0.0331856 0.236158 0.60548 9.9973E-05 9.9973E-05 0.0109944 0.113882 9.9973E-05
9.9964E-05 0.288867 0.613099 9.9964E-05 0.055911 9.9964E-05 0.0417236 9.9964E-05
9.9955E-05 0.806123 0.059035 9.9955E-05 9.9955E-05 9.9955E-05 0.134342 9.9955E-05
0.0333989 0.601067 0.238545 9.9982E-05 0.0207308 0.104002 0.00205583 9.9982E-05
0.0545545 0.563135 0.252385 9.9973E-05 0.0568498 9.9973E-05 9.9973E-05 0.0727761
9.9955E-05 0.842864 9.9955E-05 9.9955E-05 9.9955E-05 0.153051 0.00358517 9.9955E-05
9.9982E-05 0.323013 0.446817 0.0525311 0.0669874 9.9982E-05 0.039347 0.0711039
9.9973E-05 0.600478 0.10582 9.9973E-05 9.9973E-05 0.246223 0.0172516 0.0299284
9.9955E-05 0.720107 9.9955E-05 9.9955E-05 9.9955E-05 0.227136 0.0522572 9.9955E-05
0.075314 0.227837 0.551206 0.00433656 0.0564233 9.9991E-05 0.0468315 0.0379526
0.035114 0.658261 0.211263 9.9982E-05 0.0252854 9.9982E-05 0.0101207 0.0597556
0.0819962 0.340861 0.354962 0.0338002 0.0548829 0.0386649 9.9991E-05 0.0947323
0.149097 0.0775304 0.539807 9.9982E-05 0.0453221 0.165135 0.0229078 9.9982E-05
9.9964E-05 0.322262 0.528108 9.9964E-05 0.0120324 9.9964E-05 9.9964E-05 0.137198
9.9982E-05 0.0792604 0.337105 0.0962868 9.9982E-05 0.098022 0.190276 0.19885
0.0655318 0.222274 0.461194 9.9973E-05 0.0802601 9.9973E-05 0.17044 9.9973E-05
0.047433 0.343748 0.426543 0.107767 0.00445203 9.9982E-05 9.9982E-05 0.0698564
0.00803721 0.656801 0.312477 9.9964E-05 9.9964E-05 0.0222848 9.9964E-05 9.9964E-05
9.9991E-05 0.19576 0.473863 0.0892243 0.0581138 0.00298848 0.0652253 0.114725
0.0286162 0.0227785 9.9982E-05 9.9982E-05 0.607879 0.0505202 0.0639688 0.226037
9.9973E-05 0.0703675 0.0641812 9.9973E-05 0.75784 0.0484404 9.9973E-05 0.058871
9.9964E-05 0.0262164 9.9964E-05 9.9964E-05 0.823365 0.0182065 9.9964E-05 0.131812
9.9964E-05 0.037228 9.9964E-05 9.9964E-05 0.797187 0.0639023 9.9964E-05 0.101283
9.9955E-05 9.9955E-05 9.9955E-05 9.9955E-05 0.689572 0.120981 9.9955E-05 0.188947
9.9964E-05 0.667514 0.122973 0.0313486 9.9964E-05 9.9964E-05 9.9964E-05 0.177764
9.9973E-05 0.729316 0.116753 9.9973E-05 0.0434772 0.016277 9.9973E-05 0.0938775
0.0304341 0.767815 0.121511 9.9973E-05 9.9973E-05 0.0789082 0.00103149 9.9973E-05
0.01654 0.158677 0.432237 0.165468 0.0877771 0.0415417 0.0460242 0.0517353
0.00798739 0.140843 0.54364 9.9991E-05 0.194679 0.0244896 0.0544661 0.0337956
9.9973E-05 0.559488 0.322728 0.0758855 0.0202923 0.0213063 9.9973E-05 9.9973E-05
0.1243 0.244528 0.534374 9.9964E-05 9.9964E-05 0.0963981 9.9964E-05 9.9964E-05
0.0697625 0.381022 0.364799 9.9982E-05 0.0749815 0.0460558 0.0631792 9.9982E-05
0.0036699 0.331066 0.566007 0.00209236 9.9982E-05 0.0677915 9.9982E-05 0.029173
9.9982E-05 0.210087 0.498957 0.164291 9.9982E-05 0.0192174 0.0394098 0.0678373
0.0445982 0.597984 0.228878 9.9973E-05 9.9973E-05 0.0297336 9.9973E-05 0.0985071
9.9964E-05 0.570633 0.350798 9.9964E-05 0.00503813 9.9964E-05 9.9964E-05 0.0731311
9.9955E-05 0.427596 0.379371 9.9955E-05 9.9955E-05 9.9955E-05 9.9955E-05 0.192533
9.9982E-05 0.0126607 0.625167 0.0488552 0.0556406 0.249573 0.0079034 9.9982E-05
9.9964E-05 0.435241 0.418588 9.9964E-05 0.086093 9.9964E-05 9.9964E-05 0.0596778
9.9973E-05 0.385106 0.361591 0.170903 9.9973E-05 0.015841 9.9973E-05 0.0662596
0.109958 0.0907984 0.259637 0.523479 9.9973E-05 0.0158282 9.9973E-05 9.9973E-05
0.226424 0.00615277 0.246451 0.457727 0.051472 9.9982E-05 0.0115735 9.9982E-05
0.204641 9.9955E-05 0.265174 0.529685 9.9955E-05 9.9955E-05 9.9955E-05 9.9955E-05
0.0917909 9.9973E-05 0.192778 0.628647 0.0251392 0.0613452 9.9973E-05 9.9973E-05
0.0429133 9.9982E-05 0.342947 0.456402 0.0635435 9.9982E-05 0.040934 0.0530607
9.9964E-05 0.251494 0.489831 0.0441847 9.9964E-05 0.21409 9.9964E-05 9.9964E-05
0.172045 9.9955E-05 9.9955E-05 0.751533 0.0759215 9.9955E-05 9.9955E-05 9.9955E-05
0.12719 0.0641085 0.0150961 0.760371 9.9973E-05 9.9973E-05 0.0329342 9.9973E-05
0.0833244 0.0374893 0.446998 0.144938 0.110859 0.176191 9.9982E-05 9.9982E-05
9.9955E-05 9.9955E-05 0.610013 9.9955E-05 0.0876096 0.301877 9.9955E-05 9.9955E-05
9.9964E-05 9.9964E-05 0.496296 9.9964E-05 0.101654 0.373921 9.9964E-05 0.0277291
0.0773543 0.0262094 0.548182 0.0434558 0.0785481 0.144428 9.9991E-05 0.081723
0.00368937 0.0768651 0.661985 9.9982E-05 0.0748146 0.154252 9.9982E-05 0.0281933
0.078406 9.9964E-05 0.244669 0.626022 0.0505028 9.9964E-05 9.9964E-05 9.9964E-05
0.113241 9.9964E-05 0.152391 0.655111 9.9964E-05 9.9964E-05 9.9964E-05 0.0788574
0.106772 9.9955E-05 0.24063 0.652098 9.9955E-05 9.9955E-05 9.9955E-05 9.9955E-05
0.0999495 0.0949674 0.302094 0.387673 0.0314134 9.9991E-05 0.0305621 0.0532403
0.139425 9.9964E-05 0.135929 0.722393 0.00185313 9.9964E-05 9.9964E-05 9.9964E-05
0.0533702 9.9973E-05 0.295784 0.538084 9.9973E-05 0.061209 9.9973E-05 0.0512519
0.245911 0.0780019 9.9955E-05 0.675588 9.9955E-05 9.9955E-05 9.9955E-05 9.9955E-05
0.0996507 9.9964E-05 0.197193 0.597233 9.9964E-05 9.9964E-05 9.9964E-05 0.105523
9.9973E-05 9.9973E-05 0.495059 0.138959 0.011547 0.345281 9.9973E-05 0.0088544
0.0723347 9.9973E-05 0.154998 0.567591 0.101723 9.9973E-05 9.9973E-05 0.103054
0.261828 9.9955E-05 9.9955E-05 0.715728 0.0219444 9.9955E-05 9.9955E-05 9.9955E-05
0.163655 0.0994201 0.292698 0.325387 0.105611 9.9982E-05 9.9982E-05 0.0130287
9.9973E-05 0.0118026 0.291314 9.9973E-05 0.105689 0.381528 9.9973E-05 0.209366
0.0693887 9.9955E-05 0.600118 9.9955E-05 9.9955E-05 0.329994 9.9955E-05 9.9955E-05
0.0900296 9.9973E-05 0.133652 0.666766 9.9973E-05 9.9973E-05 0.0285367 0.0807164
0.0617644 9.9982E-05 0.493152 0.106753 0.0687062 0.193819 9.9982E-05 0.0756056
9.9973E-05 0.038069 0.509687 0.0190311 0.142997 0.289916 9.9973E-05 9.9973E-05
0.0718448 0.1322 0.182515 0.444246 0.0875908 0.00467093 9.9991E-05 0.0768321
0.0572102 0.0212846 0.204599 0.406888 0.189962 9.9982E-05 0.119857 9.9982E-05
0.0981255 0.0129581 0.452403 0.0563825 0.021195 0.159065 0.0916414 0.10823
0.148765 0.0801321 0.189403 0.54122 0.0401808 9.9973E-05 9.9973E-05 9.9973E-05
0.132572 9.9964E-05 0.226367 0.622811 9.9964E-05 0.0178512 9.9964E-05 9.9964E-05
0.169098 9.9955E-05 9.9955E-05 0.750267 0.0801353 9.9955E-05 9.9955E-05 9.9955E-05
9.9982E-05 0.0196576 0.611286 0.0636421 0.128284 0.108464 9.9982E-05 0.0684666
9.9973E-05 0.0707406 0.457769 9.9973E-05 0.109589 0.261534 9.9973E-05 0.100068
9.9955E-05 9.9955E-05 0.256039 9.9955E-05 0.0301961 0.713266 9.9955E-05 9.9955E-05
0.0381132 0.0279214 0.546788 0.123092 0.0671998 0.13398 9.9991E-05 0.0628052
9.9982E-05 9.9982E-05 0.397319 0.0833822 0.0639978 0.157553 0.0508842 0.246665
0.0856877 0.0174236 0.393995 0.175485 0.0935156 0.233694 9.9982E-05 9.9982E-05
9.9982E-05 0.0808175 0.386315 0.156398 0.161573 0.0435234 0.171173 9.9982E-05
9.9955E-05 9.9955E-05 9.9955E-05 0.282878 0.191846 0.524776 9.9955E-05 9.9955E-05
9.9955E-05 9.9955E-05 9.9955E-05 0.300419 0.124583 0.574498 9.9955E-05 9.9955E-05
