9.9964E-05 9.9964E-05 0.0407643 0.0489947 9.9964E-05 0.88694 0.0229013 9.9964E-05
0.0617798 9.9964E-05 9.9964E-05 9.9964E-05 9.9964E-05 0.867246 0.011319 0.0592552
9.9973E-05 9.9973E-05 0.0155254 0.0272798 0.133744 0.809645 0.0135062 9.9973E-05
0.0297234 9.9964E-05 9.9964E-05 0.113147 9.9964E-05 0.767046 0.089683 9.9964E-05
9.9973E-05 9.9973E-05 9.9973E-05 0.0260172 0.0552534 0.873994 0.0257427 0.0186927
9.9982E-05 0.122503 0.111063 0.0452362 0.0436521 0.604855 0.0724907 9.9982E-05
0.0968775 0.084985 9.9955E-05 9.9955E-05 9.9955E-05 0.817638 9.9955E-05 9.9955E-05
0.0428801 0.0975837 9.9973E-05 0.0536028 9.9973E-05 0.67486 0.130773 9.9973E-05
9.99729E-05 0.0295398 0.0323216 9.99729E-05 9.99729E-05 0.80801 0.0553391 0.0744891
0.100481 0.0738893 9.9982E-05 0.0643069 0.07339 0.684736 9.9982E-05 0.00299658
0.0491536 0.0661253 0.0522827 9.9973E-05 9.9973E-05 0.732931 0.0992075 9.9973E-05
0.851792 0.0658771 0.00549896 0.0269926 0.049539 9.9973E-05 9.9973E-05 9.9973E-05
0.470563 0.0572345 9.9982E-05 0.0558879 0.366082 0.0438037 0.00622823 9.9982E-05
0.742546 0.0650626 9.9982E-05 0.0229789 0.0894721 0.0691036 9.9982E-05 0.0106372
0.710436 9.9964E-05 9.9964E-05 0.105713 0.162336 0.0211148 9.9964E-05 9.9964E-05
0.477159 0.0582033 9.9973E-05 0.148017 0.219311 0.0970093 9.9973E-05 9.9973E-05
0.291973 9.9973E-05 9.9973E-05 0.0771945 0.477737 0.105368 9.9973E-05 0.0474271
0.371219 0.0653529 0.146454 0.0630952 0.330945 0.0194407 0.00339413 9.9991E-05
0.640185 9.9964E-05 9.9964E-05 0.0917865 0.171213 0.0964155 9.9964E-05 9.9964E-05
0.782593 0.0904355 9.9964E-05 9.9964E-05 9.9964E-05 0.00825695 0.118315 9.9964E-05
0.430082 0.0640887 0.0676297 0.0628078 0.31779 0.00691751 0.0505844 9.9991E-05
0.226648 0.145301 0.0634071 0.00328828 0.42588 0.042688 0.0331134 0.0596752
0.210449 9.9991E-05 0.128698 0.0291615 0.5426 0.0374242 0.0263641 0.0252035
0.695191 0.0859891 0.0302732 0.149367 0.0388803 9.9973E-05 9.9973E-05 9.9973E-05
0.217129 0.129232 9.9991E-05 0.0461067 0.500477 0.0598458 0.0263194 0.0207899
0.471222 0.0101003 9.9964E-05 0.12799 0.390287 9.9964E-05 9.9964E-05 9.9964E-05
0.845088 0.0104864 0.052326 0.0730966 9.9973E-05 0.0187031 9.9973E-05 9.9973E-05
0.839299 9.9964E-05 9.9964E-05 0.142505 0.0040849 0.0137114 9.9964E-05 9.9964E-05
0.794292 0.0959417 9.9964E-05 9.9964E-05 0.055975 9.9964E-05 9.9964E-05 0.0533915
9.9955E-05 9.9955E-05 9.9955E-05 0.0306779 0.117523 0.851299 9.9955E-05 9.9955E-05
9.9946E-05 9.9946E-05 9.9946E-05 9.9946E-05 0.169315 0.830085 9.9946E-05 9.9946E-05
0.0329068 9.9973E-05 0.0106312 0.0424563 0.141805 0.771901 9.9973E-05 9.9973E-05
9.9955E-05 9.9955E-05 0.0985094 9.9955E-05 0.162992 0.737998 9.9955E-05 9.9955E-05
0.0530957 0.0475124 0.304772 0.0378124 0.505331 0.0296597 0.0217169 9.9991E-05
0.0795173 0.00386397 0.230288 0.118607 0.408957 0.0648184 0.0344094 0.0595381
9.9973E-05 9.9973E-05 0.442054 0.0193504 0.46598 0.0281629 9.9973E-05 0.0441529
0.578145 9.9982E-05 0.0174781 9.9982E-05 0.0229262 0.0933621 0.201713 0.0861756
9.9973E-05 9.9973E-05 0.591036 0.0353076 0.253492 0.0553349 9.9973E-05 0.0645296
0.143031 9.9991E-05 0.237736 0.0743754 0.375615 0.0591038 0.0334708 0.076569
9.9973E-05 0.086236 0.21306 0.0475561 0.633296 9.9973E-05 0.0195516 9.9973E-05
0.0169791 0.133196 0.116105 9.9982E-05 0.589913 0.0978803 0.0457268 9.9982E-05
0.033528 9.9973E-05 0.17277 9.9973E-05 0.590353 0.129731 0.073318 9.9973E-05
0.154157 0.0170599 0.755667 9.9982E-05 9.9982E-05 0.052087 0.012405 0.00842366
0.0969942 0.234564 0.0445471 0.0429497 0.543686 0.037059 9.9982E-05 9.9982E-05
0.0328877 0.0166065 0.22483 0.0807543 0.499504 0.0792924 9.9991E-05 0.0660259
0.161849 0.0449515 0.0046503 0.0125391 0.576022 0.155936 0.00518626 0.0388661
9.9955E-05 9.9955E-05 0.608961 9.9955E-05 0.318731 9.9955E-05 9.9955E-05 0.0718087
9.9982E-05 0.0341855 0.299862 0.0341123 0.561824 0.0499572 0.0198593 9.9982E-05
0.0828971 0.0742686 0.160841 0.0797822 0.517735 0.0842772 9.9982E-05 9.9982E-05
9.9973E-05 0.170535 0.605081 9.9973E-05 9.9973E-05 0.0563904 0.0130179 0.154676
0.408253 0.0814736 0.199212 9.9982E-05 0.0648552 9.9982E-05 0.15483 0.0911754
0.366248 0.321377 0.102515 0.0318224 0.00886966 9.9991E-05 0.0165969 0.152471
0.198482 0.173016 0.0883713 0.0250433 0.469038 0.0318023 0.0141466 9.9991E-05
0.16721 0.179395 0.0117964 0.0535344 0.587764 9.9973E-05 9.9973E-05 9.9973E-05
0.0248293 9.9982E-05 9.9982E-05 0.0853353 0.613513 0.0197189 0.111646 0.144758
0.237979 0.139916 0.196951 9.9991E-05 0.140618 0.0498122 0.216676 0.0179485
0.133085 0.0525549 0.0338546 9.9982E-05 0.544019 9.9982E-05 0.163588 0.072698
0.205944 0.136299 9.9982E-05 0.0273148 0.48277 0.099143 0.0483291 9.9982E-05
0.278209 0.0807018 0.153958 0.00794082 0.311199 0.0868851 0.017529 0.0635774
0.457146 0.120742 0.0499743 0.0343153 0.0140654 0.217856 0.0679757 0.0379254
0.170806 0.130797 0.0459625 0.035933 0.49669 0.0378881 0.0311122 0.0508109
0.319528 9.9982E-05 9.9982E-05 0.0250248 0.411304 0.13219 0.0609279 0.0508245
0.51965 0.175301 0.098099 9.9982E-05 9.9982E-05 0.00334667 0.156328 0.047075
0.397484 0.0583703 0.0445413 9.9991E-05 0.452276 0.00336297 0.00855375 0.0353115
0.075833 0.0256819 9.9982E-05 9.9982E-05 0.633204 0.0144271 0.0663897 0.184264
0.0948354 9.9991E-05 0.114452 0.0450349 0.548264 0.0868342 0.0581257 0.0523532
0.421251 0.084302 0.0895489 9.9991E-05 0.247386 0.0839282 0.00592438 0.06756
0.322217 0.134763 0.0692922 9.9973E-05 0.431486 9.9973E-05 9.9973E-05 0.0419427
0.0909602 0.123047 0.0406062 0.0685631 0.53157 9.9991E-05 0.0689076 0.0762461
0.492089 0.163538 0.0180911 9.9991E-05 0.117943 0.019924 0.0272304 0.161084
0.0745227 9.9955E-05 0.481852 9.9955E-05 0.443125 9.9955E-05 9.9955E-05 9.9955E-05
0.206598 9.9964E-05 0.676448 9.9964E-05 0.110403 0.00615075 9.9964E-05 9.9964E-05
0.047066 0.0405174 0.207223 0.181256 0.366405 0.020773 0.0428561 0.093903
9.9955E-05 0.12075 0.820222 9.9955E-05 9.9955E-05 9.9955E-05 9.9955E-05 0.0585275
0.0551347 0.0529469 0.725542 9.9973E-05 9.9973E-05 9.9973E-05 0.00335701 0.16272
9.9955E-05 9.9955E-05 0.721601 9.9955E-05 0.201473 9.9955E-05 9.9955E-05 0.0764263
0.0532773 0.0060844 0.519039 9.9973E-05 0.40229 9.9973E-05 0.0190101 9.9973E-05
9.9991E-05 0.0245857 0.259423 0.0610802 0.491101 0.143402 0.00568507 0.0146234
0.0962199 9.9973E-05 0.511676 0.0452472 0.321268 0.0252884 9.9973E-05 9.9973E-05
0.0753952 9.9982E-05 0.716759 0.0577633 0.0431864 9.9982E-05 0.0990228 0.0076738
9.9973E-05 9.9973E-05 0.504373 0.00341601 0.251959 0.0281745 0.211777 9.9973E-05
9.9973E-05 9.9973E-05 0.312014 0.127123 0.396428 0.115853 9.9973E-05 0.0482822
0.145366 0.000632696 0.607946 0.0210522 0.2244 0.000402655 9.9982E-05 9.9982E-05
0.128801 9.9973E-05 0.499121 0.0277004 0.318214 0.0258641 9.9973E-05 9.9973E-05
9.9964E-05 0.0988191 0.469648 9.9964E-05 0.426237 9.9964E-05 9.9964E-05 0.00489637
0.0476578 0.0940073 0.621373 9.9973E-05 9.9973E-05 0.0376313 9.9973E-05 0.199031
9.9973E-05 0.0540218 0.340184 0.0384774 0.517271 0.0497453 9.9973E-05 9.9973E-05
0.118269 9.9964E-05 9.9964E-05 0.00957014 0.066406 0.805355 9.9964E-05 9.9964E-05
9.9946E-05 9.9946E-05 9.9946E-05 9.9946E-05 0.125234 0.874166 9.9946E-05 9.9946E-05
9.9964E-05 9.9964E-05 9.9964E-05 0.0324452 0.10506 0.833878 0.0282176 9.9964E-05
9.9955E-05 0.0221976 9.9955E-05 9.9955E-05 0.0981593 0.879143 9.9955E-05 9.9955E-05
9.9973E-05 0.011929 9.9973E-05 0.0374044 0.094884 0.826601 9.9973E-05 0.0288817
9.9982E-05 0.0622788 9.9982E-05 0.0138893 0.0591135 0.84719 0.00602214 0.0113066
9.99551E-05 9.99551E-05 9.99551E-05 9.99551E-05 0.0821419 0.908525 9.99551E-05 0.00883371
9.9982E-05 9.9982E-05 0.264728 0.129386 0.393491 0.123722 0.0738717 0.0146007
9.9973E-05 9.9973E-05 0.223863 0.153728 0.511417 0.00663757 0.104054 9.9973E-05
0.0836947 9.9964E-05 0.723652 9.9964E-05 9.9964E-05 0.017693 9.9964E-05 0.174561
0.0393846 0.0441106 0.207441 9.9982E-05 0.545657 0.087934 0.0752732 9.9982E-05
0.179895 9.9973E-05 0.462076 0.0513248 0.300827 9.9973E-05 0.00557667 9.9973E-05
9.9973E-05 9.9973E-05 0.335919 0.0379961 0.508497 0.0692973 9.9973E-05 0.0479899
0.0987697 9.9982E-05 0.327119 0.0630532 0.431725 0.0290989 9.9982E-05 0.0500345
9.9955E-05 9.9955E-05 0.510698 0.0983278 0.390474 9.9955E-05 9.9955E-05 9.9955E-05
0.175454 9.9964E-05 0.709335 9.9964E-05 9.9964E-05 0.0758221 0.0389889 9.9964E-05
0.0597841 0.0358751 0.137903 0.0889512 0.466315 0.154394 9.9991E-05 0.0566785
0.0236453 9.9973E-05 0.169171 9.9973E-05 0.681978 0.0512669 9.9973E-05 0.0736392
0.110923 9.9991E-05 0.1536 0.127532 0.478382 0.0722324 0.0216647 0.0355662
0.0190857 0.103485 0.46672 9.9973E-05 0.27379 9.9973E-05 9.9973E-05 0.13662
9.9982E-05 0.0169247 0.38177 0.0015433 0.511048 0.0125407 9.9982E-05 0.0759727
0.104277 9.9973E-05 0.412462 9.9973E-05 0.400781 0.0518707 0.030309 9.9973E-05
9.9955E-05 9.9955E-05 0.671851 0.110034 0.217616 9.9955E-05 9.9955E-05 9.9955E-05
0.0352085 9.9973E-05 0.497468 9.9973E-05 0.391052 0.0390986 0.0368728 9.9973E-05
9.9982E-05 9.9982E-05 0.184364 0.0753573 0.543297 0.126918 0.0125972 0.0572662
0.416252 0.00330579 9.9991E-05 0.0330018 0.16759 0.0223366 0.0749514 0.282463
0.309724 0.0314236 0.0314809 0.094687 0.315532 0.0623507 0.154702 9.9991E-05
0.113492 9.9991E-05 0.0539626 0.0373977 0.505174 0.105733 0.078889 0.105251
9.9991E-05 0.027217 0.0447864 0.111985 0.537598 0.140892 0.0784879 0.0589336
0.329155 0.0295729 0.0433977 9.9982E-05 0.449752 0.0615826 9.9982E-05 0.0863405
0.239122 0.108943 9.9973E-05 9.9973E-05 0.527097 9.9973E-05 0.115807 0.00873135
0.369342 9.9982E-05 0.00467025 9.9982E-05 0.407897 0.0539858 0.099854 0.0640504
0.0941106 0.0614689 0.00773336 9.9991E-05 0.598971 0.0365102 0.0734318 0.127675
0.237922 0.00964197 9.9982E-05 9.9982E-05 0.566255 0.0621969 0.0708919 0.0528922
0.264551 9.9982E-05 0.141569 9.9982E-05 0.479942 0.0402994 0.0130171 0.0604206
0.187164 0.0551661 0.0770774 9.9973E-05 0.510127 9.9973E-05 0.170165 9.9973E-05
0.00234775 0.116642 0.0477453 0.0692937 0.591125 9.9982E-05 0.172646 9.9982E-05
0.0695432 0.103454 0.011184 0.0373279 0.536056 0.0593689 0.112777 0.070289
0.273709 9.9964E-05 9.9964E-05 9.9964E-05 0.566179 9.9964E-05 0.1253 0.0344125
0.0639862 0.136001 9.9982E-05 0.0469676 0.551666 9.9982E-05 0.158364 0.0428149
0.0733753 0.00368466 0.0715902 0.0996825 0.483236 9.9991E-05 0.176446 0.0918854
0.319168 0.104295 0.00740664 0.01945 0.294987 0.103302 0.0970952 0.0542958
0.215558 0.0398943 9.9982E-05 0.0279782 0.575868 9.9982E-05 0.0869064 0.0535953
0.082099 0.0245675 9.9982E-05 9.9982E-05 0.686584 0.0134751 0.0889291 0.104146
0.344901 9.9982E-05 0.106159 0.0714402 0.15076 9.9982E-05 0.235475 0.0910648
0.264721 0.186734 0.00298666 9.9991E-05 0.159172 0.0191167 0.101737 0.265432
0.166608 0.103959 0.126681 0.000157697 0.450835 9.9982E-05 0.15156 9.9982E-05
0.0730825 0.0932431 0.139216 0.028126 0.0686566 9.9991E-05 0.186052 0.411523
0.541304 0.0243807 0.0233578 9.9991E-05 0.196577 0.0633215 0.101346 0.0496134
0.253975 0.00774547 0.0623911 9.9991E-05 0.40604 0.0080829 0.13725 0.124416
0.423151 9.9982E-05 0.106481 9.9982E-05 0.218954 0.00696683 0.195655 0.0485918
0.463558 0.0850229 0.105555 9.9982E-05 0.187537 9.9982E-05 0.150996 0.0071304
0.0887958 0.0683953 0.0985802 0.0341327 0.611549 0.0293452 0.0209428 0.0482585
0.154815 0.0392824 9.9982E-05 0.104361 0.470506 0.140532 0.0903049 9.9982E-05
0.253208 9.9982E-05 0.0879944 0.0351087 0.530907 9.9982E-05 0.0482568 0.0443254
0.304998 0.136541 0.0367581 0.0102046 0.144679 9.9991E-05 0.113218 0.253502
0.0973067 0.134842 9.9982E-05 9.9982E-05 0.572722 0.154608 0.0335873 0.00673426
0.0457501 0.263132 0.0606628 0.0847423 0.396565 0.0301838 0.0236473 0.0953176
0.0470718 0.312598 0.1823 9.9982E-05 9.9982E-05 0.143178 0.106716 0.207937
9.9982E-05 0.102869 0.0903223 0.0740274 0.545707 0.116886 9.9982E-05 0.0699881
0.066114 0.189646 0.102419 0.00969956 0.402478 0.0564326 0.0330126 0.140198
0.0490929 0.153767 0.149686 0.040825 0.473215 0.0709769 0.0270214 0.0354146
0.0851507 0.396608 0.0383946 0.0206072 0.238636 0.0446223 0.0611469 0.114834
0.091043 0.432316 9.9973E-05 9.9973E-05 0.221911 9.9973E-05 0.107158 0.147271
9.9982E-05 0.166724 0.0863884 9.9982E-05 0.438332 0.0130087 0.0939419 0.201405
0.00447066 0.17634 9.9991E-05 0.0672202 0.577107 0.063724 0.0249347 0.0861035
0.180743 0.0716383 0.03341 0.0538789 0.395657 0.117137 0.0571152 0.0904201
0.201827 0.371034 0.142 0.140019 9.9982E-05 0.0140924 9.9982E-05 0.130828
0.00285314 0.139768 9.9991E-05 0.0534272 0.622058 0.0941413 0.00387919 0.0837731
0.151818 0.385962 0.0715121 9.9982E-05 0.361982 9.9982E-05 0.027814 0.00071256
0.121143 0.183206 0.155758 9.9982E-05 0.468602 9.9982E-05 0.0239981 0.0470931
9.9973E-05 0.0400146 0.127739 0.0304032 0.617993 0.18355 9.9973E-05 9.9973E-05
0.133999 0.276178 0.0106943 0.275177 0.0539455 0.249807 9.9982E-05 9.9982E-05
9.9955E-05 0.360859 9.9955E-05 0.145429 9.9955E-05 0.493212 9.9955E-05 9.9955E-05
9.9964E-05 0.44155 9.9964E-05 0.145348 9.9964E-05 0.397775 9.9964E-05 0.0149274
0.0227874 0.177071 9.9973E-05 0.311691 0.102099 0.386052 9.9973E-05 9.9973E-05
9.9964E-05 0.238582 0.0474792 9.9964E-05 0.628216 9.9964E-05 9.9964E-05 0.085323
9.9991E-05 0.0381627 0.0899352 0.076492 0.593773 0.0696005 0.0148587 0.117078
0.0505498 9.9955E-05 9.9955E-05 0.661106 0.287845 9.9955E-05 9.9955E-05 9.9955E-05
0.144154 9.9964E-05 9.9964E-05 0.418762 0.397328 9.9964E-05 9.9964E-05 0.0393564
9.9973E-05 9.9973E-05 0.127039 0.366179 0.394248 0.053042 0.0591919 9.9973E-05
9.9964E-05 0.405425 0.196373 9.9964E-05 0.285767 9.9964E-05 9.9964E-05 0.112035
0.00713274 0.177404 9.9991E-05 0.031573 0.547166 0.0880788 0.0584201 0.0901255
0.0728754 0.440896 0.0738998 9.9973E-05 0.185539 9.9973E-05 9.9973E-05 0.22649
9.9973E-05 0.264657 0.0472476 9.9973E-05 0.611015 9.9973E-05 0.0544047 0.0223753
0.0197758 0.218282 0.168648 9.9982E-05 0.467361 0.0204293 9.9982E-05 0.105304
0.0242781 0.203367 0.0794562 0.0444532 0.497984 0.0232351 0.0190464 0.10818
0.127483 0.442562 0.10965 9.9973E-05 0.176508 9.9973E-05 9.9973E-05 0.143499
0.0405495 0.107405 0.0849138 0.0420703 0.62523 0.0549479 0.044783 9.9991E-05
9.9982E-05 0.101099 0.170252 0.0936397 0.46606 0.0206389 9.9982E-05 0.148112
9.9955E-05 9.9955E-05 0.0285527 0.938207 0.0327402 9.9955E-05 9.9955E-05 9.9955E-05
9.9973E-05 9.9973E-05 0.0211389 0.915647 0.04642 9.9973E-05 0.000363191 0.0161308
0.0457138 9.9982E-05 0.0600347 0.534363 0.269533 0.089299 0.000856954 9.9982E-05
9.9955E-05 9.9955E-05 9.9955E-05 0.695848 0.267785 9.9955E-05 0.0358673 9.9955E-05
9.9955E-05 9.9955E-05 0.0878155 0.848074 0.0636108 9.9955E-05 9.9955E-05 9.9955E-05
9.994E-05 9.994E-05 9.994E-05 0.9993 9.994E-05 9.994E-05 9.994E-05 9.994E-05
0.0108681 9.9955E-05 9.9955E-05 0.95975 9.9955E-05 9.9955E-05 0.0288823 9.9955E-05
9.9955E-05 0.00529711 9.9955E-05 0.804488 0.189715 9.9955E-05 9.9955E-05 9.9955E-05
9.9946E-05 9.9946E-05 9.9946E-05 0.946203 9.9946E-05 9.9946E-05 0.053197 9.9946E-05
9.994E-05 9.994E-05 9.994E-05 0.9993 9.994E-05 9.994E-05 9.994E-05 9.994E-05
9.994E-05 9.994E-05 9.994E-05 0.9993 9.994E-05 9.994E-05 9.994E-05 9.994E-05
0.143969 9.9964E-05 9.9964E-05 0.722218 0.102897 0.0305155 9.9964E-05 9.9964E-05
9.9964E-05 9.9964E-05 9.9964E-05 0.826988 0.102918 0.00254246 0.0671526 9.9964E-05
9.994E-05 9.994E-05 9.994E-05 0.9993 9.994E-05 9.994E-05 9.994E-05 9.994E-05
9.9964E-05 9.9964E-05 0.234055 0.392662 0.318026 0.0548571 9.9964E-05 9.9964E-05
9.9991E-05 0.0262999 0.0122087 0.662865 0.204041 0.0592851 0.0223292 0.0128711
9.9991E-05 0.024637 0.00629222 0.687716 0.212803 0.0341623 0.00997835 0.0243103
0.016107 9.9955E-05 9.9955E-05 0.869281 0.114112 9.9955E-05 9.9955E-05 9.9955E-05
9.9946E-05 9.9946E-05 9.9946E-05 0.982212 0.017188 9.9946E-05 9.9946E-05 9.9946E-05
9.9964E-05 9.9964E-05 9.9964E-05 0.867855 0.101893 0.0208122 9.9964E-05 0.00903905
9.9946E-05 9.9946E-05 0.0214192 0.977981 9.9946E-05 9.9946E-05 9.9946E-05 9.9946E-05
0.0231275 0.0995853 9.9973E-05 0.623047 0.213931 9.9973E-05 0.040009 9.9973E-05
0.0210018 9.9973E-05 0.0615974 0.890973 9.9973E-05 9.9973E-05 0.0224671 0.00366063
0.0145241 0.588765 9.9973E-05 0.00632831 9.9973E-05 0.285769 9.9973E-05 0.104313
0.0376185 0.18299 0.0970762 0.0439625 0.404741 0.12016 0.113352 9.9991E-05
0.00141418 0.170817 0.054494 0.0361657 0.410222 0.226888 0.0998989 9.9991E-05
9.9982E-05 0.455547 9.9982E-05 0.0839509 0.217092 0.145461 0.0449765 0.052772
0.0907857 0.223016 0.0492593 0.0971303 0.472458 0.0645691 9.9991E-05 0.00268183
0.0367607 0.363279 0.101728 0.0856046 0.153265 0.254458 9.9991E-05 0.00480439
0.0371244 0.0979105 0.111158 0.0990329 0.424687 0.171215 9.9991E-05 0.0587717
9.9973E-05 0.391367 0.0225371 0.119857 0.362779 0.103161 9.9973E-05 9.9973E-05
0.0872332 0.215447 9.9991E-05 0.137004 0.38116 0.098954 0.00406891 0.0760333
9.9964E-05 0.348743 9.9964E-05 0.218919 0.307533 0.124405 9.9964E-05 9.9964E-05
0.0196862 0.200804 0.11228 0.0821585 0.410425 0.158386 0.000747001 0.0155141
9.9982E-05 0.023223 0.0180925 9.9982E-05 0.0245304 0.782356 0.112283 0.0393153
9.9955E-05 9.9955E-05 9.9955E-05 0.0611478 9.9955E-05 0.898447 9.9955E-05 0.039905
0.0250633 9.9973E-05 0.0222312 9.9973E-05 0.0160213 0.913038 0.0233462 9.9973E-05
9.9955E-05 9.9955E-05 9.9955E-05 9.9955E-05 0.0262414 0.9118 0.0614591 9.9955E-05
0.11154 9.9955E-05 9.9955E-05 0.0169785 9.9955E-05 0.870982 9.9955E-05 9.9955E-05
9.9964E-05 9.9964E-05 0.0156417 0.0899391 9.9964E-05 0.821048 9.9964E-05 0.0729711
9.9964E-05 9.9964E-05 0.0015875 0.112769 9.9964E-05 0.851286 0.0339575 9.9964E-05
9.9955E-05 9.9955E-05 0.0164728 9.9955E-05 9.9955E-05 0.893141 9.9955E-05 0.0898865
0.0287609 9.9973E-05 9.9973E-05 0.0137939 0.073362 0.865748 9.9973E-05 0.0180356
0.00484581 0.0536383 9.9982E-05 0.0588467 0.0308954 0.844331 0.00724258 9.9982E-05
0.167794 9.9973E-05 0.0325264 9.9973E-05 9.9973E-05 0.604013 0.101382 0.0939855
0.142406 9.9973E-05 0.039821 0.0141326 9.9973E-05 0.551684 0.251656 9.9973E-05
0.164176 0.0823852 0.0313223 9.9982E-05 9.9982E-05 0.507493 0.148535 0.0658889
0.202023 9.9973E-05 0.122812 9.9973E-05 9.9973E-05 0.489611 0.159241 0.0260122
0.228032 0.00825729 0.237351 9.9991E-05 0.448367 0.0468239 0.0193088 0.0117597
0.0777946 9.9982E-05 0.262553 0.00398604 0.516508 9.9982E-05 0.0890704 0.0498886
0.119471 9.9982E-05 0.232349 0.00920316 0.472132 9.9982E-05 0.0935374 0.0731068
0.306457 0.0818974 0.193573 9.9982E-05 0.327487 9.9982E-05 0.0503717 0.0400138
0.395405 0.0522016 0.182303 9.9982E-05 0.0768028 9.9982E-05 0.286421 0.00666628
0.0404781 9.9982E-05 0.215084 0.0425103 0.528686 0.0624601 9.9982E-05 0.110581
0.112436 0.00816885 0.222589 0.00880239 0.57286 9.9991E-05 0.0664687 0.00857564
9.9982E-05 0.0530189 0.258783 0.0390101 0.476075 9.9982E-05 0.0706838 0.102229
9.9973E-05 0.0463191 0.521769 0.0159069 0.326133 9.9973E-05 9.9973E-05 0.0895726
9.9982E-05 0.0300135 0.14147 0.0497388 0.616074 9.9982E-05 0.144188 0.0183152
0.0627594 9.9964E-05 0.399517 9.9964E-05 0.395066 9.9964E-05 0.142258 9.9964E-05
9.9955E-05 9.9955E-05 0.61611 9.9955E-05 9.9955E-05 9.9955E-05 0.0740399 0.30935
0.187838 0.0182536 0.104788 9.9991E-05 0.481019 0.0360961 0.0329504 0.138955
0.0135244 0.151024 0.410554 9.9991E-05 0.265844 0.00685265 0.0238259 0.128276
9.9973E-05 9.9973E-05 0.376757 9.9973E-05 0.491909 0.0080565 0.0119993 0.110979
0.15676 9.9982E-05 0.716697 9.9982E-05 0.00762487 0.0365871 0.0382446 0.0438858
9.9973E-05 0.113348 9.9973E-05 0.00588118 0.0340328 0.0330792 0.813359 9.9973E-05
9.9964E-05 0.133827 9.9964E-05 9.9964E-05 0.0505896 0.0137548 0.801428 9.9964E-05
9.9964E-05 0.0306162 0.0343478 9.9964E-05 9.9964E-05 9.9964E-05 0.926905 0.00773127
9.9982E-05 0.0239121 0.015008 9.9982E-05 0.0147116 0.0621474 0.83206 0.0519609
9.9964E-05 0.162669 9.9964E-05 0.00533848 0.0612883 9.9964E-05 0.770304 9.9964E-05
9.9964E-05 0.0282363 9.9964E-05 0.0563595 0.0601295 9.9964E-05 0.854875 9.9964E-05
9.9955E-05 9.9955E-05 9.9955E-05 0.061711 0.0788621 0.858927 9.9955E-05 9.9955E-05
0.14856 9.9955E-05 9.9955E-05 9.9955E-05 0.0546549 0.796285 9.9955E-05 9.9955E-05
0.00970912 0.00337515 9.9973E-05 0.0682492 0.161445 0.756922 9.9973E-05 9.9973E-05
0.0913226 9.9973E-05 9.9973E-05 0.106693 0.0300642 0.752863 0.0187569 9.9973E-05
0.0817018 0.0209997 9.9982E-05 0.100757 0.0105296 0.737988 0.0478237 9.9982E-05
0.0283009 0.0681362 0.0529195 9.9973E-05 9.9973E-05 0.331143 0.519201 9.9973E-05
9.9973E-05 0.0673127 0.0739546 9.9973E-05 9.9973E-05 0.456013 0.387834 0.0145858
9.9964E-05 9.9964E-05 0.0758819 9.9964E-05 9.9964E-05 0.405426 0.46486 0.0534319
0.0394537 9.9955E-05 9.9955E-05 9.9955E-05 0.139421 0.820626 9.9955E-05 9.9955E-05
9.9982E-05 0.0369302 0.0431072 0.0015595 9.9982E-05 0.339456 0.517229 0.0615176
9.9973E-05 0.146506 9.9973E-05 0.37528 0.204894 0.225188 9.9973E-05 0.0478327
9.9964E-05 9.9964E-05 0.0640227 0.17134 0.609972 0.154266 9.9964E-05 9.9964E-05
9.9955E-05 9.9955E-05 9.9955E-05 0.264905 0.546833 0.187762 9.9955E-05 9.9955E-05
0.00715089 0.213595 0.0437442 0.250025 0.294519 0.166402 0.0244646 9.9991E-05
0.0554609 0.10884 9.9991E-05 0.168624 0.458105 0.100252 0.0821843 0.0264343
9.9964E-05 0.226695 9.9964E-05 0.326092 9.9964E-05 0.419563 9.9964E-05 0.02725
0.150712 0.00775811 0.13252 9.9982E-05 0.442688 9.9982E-05 0.14097 0.12515
0.155086 0.149695 9.9991E-05 0.0136192 0.306802 0.0148046 0.11043 0.249463
0.651666 9.9982E-05 0.0349774 9.9982E-05 0.0840157 0.100545 0.0947522 0.0338436
0.0950328 0.00418217 0.00850659 9.9991E-05 0.520191 0.00362304 0.0661342 0.30223
0.108112 0.198735 0.137661 9.9973E-05 9.9973E-05 9.9973E-05 0.0489512 0.506242
0.182814 0.132794 9.9973E-05 9.9973E-05 0.58716 0.0913321 9.9973E-05 0.00559937
0.19953 0.0100931 0.0933393 9.9991E-05 0.501263 0.0577739 0.0456801 0.0922206
0.512736 9.9982E-05 0.13152 9.9982E-05 0.21146 0.000154376 0.109573 0.0343567
0.19332 0.048002 0.0794948 0.0668952 0.490018 0.0587919 0.039386 0.0240923
0.453822 0.235775 0.1143 9.9982E-05 0.031939 9.9982E-05 0.0256317 0.138332
0.104237 0.111878 0.0887943 0.00594685 0.490504 9.9991E-05 0.0314906 0.167049
0.269109 0.0415849 0.144405 0.00389483 0.476925 9.9982E-05 0.0638804 9.9982E-05
0.146269 0.0866788 0.121112 0.192755 0.322257 0.106164 0.0246642 9.9991E-05
0.335509 0.00683531 9.9973E-05 9.9973E-05 0.342089 9.9973E-05 0.069822 0.245444
0.221161 0.0213339 0.00837569 0.00950353 0.430789 0.0299881 0.125052 0.153797
0.136328 0.0752214 0.0167404 0.109335 0.453844 9.9991E-05 0.0643535 0.144079
0.14203 0.0988933 0.0816471 9.9982E-05 0.555692 9.9982E-05 0.10238 0.0191577
0.156335 0.00943334 0.0175628 0.119831 0.524122 0.000468619 0.0603823 0.111864
0.255984 9.9991E-05 0.0661825 0.143906 0.40527 0.0357795 0.0328584 0.0599193
0.143011 0.0905022 0.0831235 9.9982E-05 0.592181 0.0626528 0.0283292 9.9982E-05
9.9955E-05 9.9955E-05 9.9955E-05 0.103826 0.146096 0.749578 9.9955E-05 9.9955E-05
9.9973E-05 9.9973E-05 0.0187881 0.0253379 0.0846201 0.834065 9.9973E-05 0.0368892
0.00977732 0.047164 0.00977973 9.9991E-05 0.0623669 0.744922 0.0059473 0.119943
9.9973E-05 9.9973E-05 0.0723913 0.0315392 9.9973E-05 0.767521 0.0498594 0.0783892
9.9955E-05 9.9955E-05 9.9955E-05 9.9955E-05 0.154853 0.840802 0.00384543 9.9955E-05
0.612632 9.9982E-05 0.0519223 0.0232641 0.0733971 9.9982E-05 0.220587 0.0179969
0.215377 0.00577425 0.0293898 0.052456 0.509106 0.0479557 0.0201183 0.119824
9.9982E-05 0.118193 9.9982E-05 0.16671 0.462915 0.166225 0.0825014 0.00325486
0.196091 9.9964E-05 9.9964E-05 9.9964E-05 0.700163 0.0314077 9.9964E-05 0.0719378
0.0921085 9.9991E-05 0.154565 0.00343074 0.454374 0.110499 0.12941 0.0555126
0.296872 0.0646325 9.9991E-05 0.0581173 0.190158 0.0114179 0.129255 0.249447
0.439129 0.0398844 0.0351153 9.9982E-05 9.9982E-05 0.138647 0.251582 0.0954427
0.20364 9.9982E-05 9.9982E-05 0.0837154 0.448009 0.00972036 0.159732 0.0949832
0.366072 0.027623 9.9991E-05 0.0396367 0.0811852 0.062951 0.259642 0.16279
0.0955237 0.0994202 0.0951813 0.0274908 0.35263 0.0117536 0.212415 0.105585
0.425906 9.9991E-05 0.0696615 0.00646413 0.0402133 0.123344 0.208304 0.126007
0.15887 9.9973E-05 9.9973E-05 0.0905104 0.578843 0.118345 0.053132 9.9973E-05
0.581139 9.9973E-05 9.9973E-05 9.9973E-05 0.108426 0.0703789 0.0878006 0.151955
0.386761 0.0426361 0.0345176 0.0757002 0.214496 0.0339609 0.0120501 0.199878
0.0980305 0.224777 0.0769354 0.0430066 0.440675 0.0276794 0.0574916 0.0314042
9.9973E-05 0.497542 0.000828196 9.9973E-05 0.322197 9.9973E-05 0.0779168 0.101216
9.9973E-05 0.324225 0.0697331 9.9973E-05 0.549079 0.0522698 0.0043939 9.9973E-05
0.0838893 0.194514 0.0936047 0.0063366 0.589272 0.0156484 0.016635 9.9991E-05
0.020043 0.426764 0.055263 9.9982E-05 0.34198 9.9982E-05 0.0450079 0.110743
0.0162728 0.0677995 0.0863104 0.0134202 0.559228 0.0321695 0.133176 0.0916237
9.9973E-05 0.234917 0.0850752 9.9973E-05 0.54065 9.9973E-05 0.0222626 0.116796
0.0123588 0.552416 0.144926 9.9982E-05 0.101442 9.9982E-05 0.0615334 0.127123
9.9973E-05 0.553035 0.120951 9.9973E-05 0.257609 9.9973E-05 0.0268724 0.0412327
0.00972562 0.364517 9.9973E-05 9.9973E-05 0.508659 9.9973E-05 0.0463631 0.0704359
0.0474928 0.435071 0.26105 9.9982E-05 0.0678439 9.9982E-05 0.0925017 0.0958409
0.201778 0.340735 9.9964E-05 9.9964E-05 0.411472 9.9964E-05 0.0456153 9.9964E-05
0.504627 9.9973E-05 0.209935 0.0183554 9.9973E-05 9.9973E-05 0.259585 0.00719687
0.372301 9.9982E-05 0.00670975 0.0111577 0.1867 9.9982E-05 0.122735 0.300197
0.431296 9.9991E-05 0.00290842 0.0022511 0.306336 0.0618574 0.160861 0.0343903
0.197287 0.0749949 9.9973E-05 0.0785349 0.57779 9.9973E-05 0.0710936 9.9973E-05
0.505085 9.9964E-05 0.147784 9.9964E-05 0.161255 9.9964E-05 0.185476 9.9964E-05
0.178409 9.9982E-05 9.9982E-05 0.155709 0.452018 0.0294104 0.0376627 0.14659
0.0459064 0.0118068 0.0795403 0.0997846 0.493613 0.0815181 0.162689 0.0251414
0.411717 0.0897459 9.9964E-05 0.127432 0.370705 9.9964E-05 9.9964E-05 9.9964E-05
0.240836 9.9991E-05 0.0645114 0.0655072 0.413429 0.00927095 0.149577 0.0567685
0.230632 9.9991E-05 0.131002 0.0180936 0.413234 0.0415208 0.163785 0.00163304
0.413589 9.9982E-05 0.195404 0.0363312 0.145551 9.9982E-05 0.167507 0.0414181
0.257427 9.9973E-05 9.9973E-05 0.10109 0.244984 9.9973E-05 0.25625 0.139948
0.173914 9.9982E-05 0.0228249 0.00435233 0.596666 9.9982E-05 0.0778609 0.124182
0.298569 0.0963431 9.9973E-05 0.0612674 0.534938 9.9973E-05 9.9973E-05 0.00858263
0.123885 0.029167 0.167731 0.00662539 0.35919 0.0369777 0.169985 0.106439
0.119786 9.9973E-05 9.9973E-05 0.127284 0.458193 9.9973E-05 0.147515 0.146923
0.293862 0.143422 9.9982E-05 0.0679597 0.33637 0.0382746 0.119912 9.9982E-05
0.207772 9.9982E-05 0.0827957 0.0123569 0.561427 9.9982E-05 0.0920251 0.0434238
0.25183 0.040347 0.0754613 0.0801405 0.449523 0.0296772 0.0593321 0.0136887
0.0248588 9.9991E-05 0.0844776 0.125927 0.46771 0.0556472 0.0962414 0.145038
0.0751443 0.0275621 0.0814468 0.0862646 0.35033 0.379052 9.9982E-05 9.9982E-05
0.077104 0.0420825 0.186345 0.26852 0.347228 0.0785204 9.9982E-05 9.9982E-05
0.252908 0.049359 9.9982E-05 0.146 0.431418 0.077554 9.9982E-05 0.0425606
0.0923637 0.0812442 0.030873 0.121452 0.559529 0.0705862 0.0229957 0.020956
0.113271 9.9982E-05 0.120577 0.217303 0.331622 0.200057 9.9982E-05 0.0169692
0.217472 0.0589749 9.9973E-05 9.9973E-05 0.473386 9.9973E-05 0.0520643 0.197803
0.0647513 0.0713189 0.0975164 0.199036 0.410628 0.101475 0.0551747 9.9991E-05
0.125679 0.419814 0.0480709 0.12485 9.9982E-05 0.200006 9.9982E-05 0.0813804
0.15809 0.0394418 0.0225514 0.166731 0.436377 0.138093 0.0307194 0.00799615
0.0406785 0.0869897 9.9991E-05 0.135747 0.53623 0.090594 0.0134205 0.0962405
0.0935902 0.00278344 0.0402509 0.281782 0.370255 0.0557715 0.0784234 0.0771441
0.14055 0.22331 0.0474325 0.0754932 0.257929 0.209322 9.9991E-05 0.0458633
0.0525392 0.105491 0.0260128 0.144901 0.504849 0.145335 0.0104427 0.0104299
9.9973E-05 0.082708 9.9973E-05 0.0481603 0.628619 0.181267 9.9973E-05 0.0589462
0.0059453 0.30164 9.9973E-05 0.227436 9.9973E-05 0.419914 9.9973E-05 0.0447644
9.9982E-05 0.0397525 0.104653 0.226018 0.460852 0.160743 0.00778165 9.9982E-05
9.9973E-05 0.13676 0.0516997 0.282791 0.435638 0.0928109 9.9973E-05 9.9973E-05
0.0984135 0.086887 0.136794 0.136317 0.495234 0.0461539 9.9982E-05 9.9982E-05
0.0733993 9.9973E-05 9.9973E-05 0.187507 0.560306 0.164246 9.9973E-05 0.0142417
9.9991E-05 0.127033 0.0383877 0.0811196 0.521324 0.145612 0.0313265 0.055096
9.9982E-05 9.9982E-05 0.123076 0.0556928 0.380761 0.0353859 0.063543 0.341342
0.113639 0.0342157 0.128985 0.0499403 0.428737 0.0481962 0.00717828 0.189109
0.119119 9.9955E-05 0.0467763 9.9955E-05 9.9955E-05 9.9955E-05 9.9955E-05 0.833605
0.00181439 9.9964E-05 9.9964E-05 9.9964E-05 0.0202549 9.9964E-05 0.0350685 0.942462
9.9955E-05 9.9955E-05 9.9955E-05 9.9955E-05 0.514731 0.0984021 9.9955E-05 0.386367
0.00530621 0.127411 9.9982E-05 0.310347 0.347367 0.0765087 9.9982E-05 0.132861
9.9973E-05 0.0143914 9.9973E-05 0.302723 0.363371 0.0966869 9.9973E-05 0.222527
9.9982E-05 0.180849 9.9982E-05 0.377909 0.145157 0.168696 0.00259981 0.124589
0.0655683 0.0749134 9.9982E-05 0.251972 0.341301 0.101856 9.9982E-05 0.16419
9.9973E-05 0.031712 9.9973E-05 0.0340506 0.134467 0.115255 9.9973E-05 0.684216
9.9973E-05 0.0266299 9.9973E-05 0.121632 0.185777 0.102722 9.9973E-05 0.562939
9.9973E-05 9.9973E-05 9.9973E-05 0.165399 0.496433 0.00957327 0.0287552 0.29954
9.9964E-05 9.9964E-05 9.9964E-05 0.0906496 0.480818 0.0321171 9.9964E-05 0.396016
9.9964E-05 9.9964E-05 9.9964E-05 0.121836 0.191864 0.0539655 9.9964E-05 0.631934
0.0897212 9.9982E-05 9.9982E-05 0.105437 0.544551 0.0218135 0.00609399 0.232184
9.9973E-05 0.0333365 9.9973E-05 0.0450353 0.586207 0.027592 9.9973E-05 0.30753
9.9991E-05 0.0187592 0.0596745 0.187364 0.391873 0.163544 0.0264717 0.152213
9.9964E-05 9.9964E-05 0.073065 9.9964E-05 0.315856 9.9964E-05 0.0558581 0.554821
0.121247 0.0274323 0.130124 9.9973E-05 0.319071 9.9973E-05 9.9973E-05 0.401827
0.00930015 9.9964E-05 9.9964E-05 9.9964E-05 0.564053 0.0801406 9.9964E-05 0.346106
0.000234809 9.9982E-05 9.9982E-05 0.0497404 0.485867 0.0262665 0.124198 0.313494
0.0768763 0.0858696 0.0859914 0.119559 0.372266 0.0802418 9.9991E-05 0.179095
9.9955E-05 0.0881884 9.9955E-05 9.9955E-05 0.480863 9.9955E-05 9.9955E-05 0.430449
9.9955E-05 9.9955E-05 9.9955E-05 9.9955E-05 0.236554 9.9955E-05 0.077544 0.685402
9.9964E-05 9.9964E-05 0.0473005 0.000788004 0.605527 9.9964E-05 9.9964E-05 0.345984
0.0182687 9.9955E-05 9.9955E-05 9.9955E-05 0.268454 9.9955E-05 9.9955E-05 0.712778
9.9964E-05 9.9964E-05 9.9964E-05 9.9964E-05 0.436273 0.0200307 0.0606837 0.482612
0.00378692 9.9982E-05 0.0685098 9.9982E-05 0.593375 0.0746874 0.0104815 0.248959
9.9964E-05 9.9964E-05 0.0603159 9.9964E-05 0.465509 9.9964E-05 0.099551 0.374225
0.10303 0.166218 9.9982E-05 0.114015 0.458309 0.131232 9.9982E-05 0.0269954
0.0895088 0.158492 0.00365523 0.129228 0.413369 0.152497 9.9991E-05 0.0531498
0.0576857 0.158863 9.9991E-05 0.232294 0.300984 0.106231 0.0569852 0.0868559
0.0548841 0.0880536 9.9991E-05 0.226242 0.330104 0.0625433 0.143186 0.0948872
0.0628807 0.0128749 0.0871916 0.0553315 0.461925 0.138685 0.181012 9.9991E-05
9.9991E-05 0.0754551 0.0331123 0.170333 0.389238 0.142703 0.0233846 0.165674
9.9973E-05 0.0191906 9.9973E-05 0.178553 9.9973E-05 0.186182 0.0162385 0.599537
9.9982E-05 0.00946016 9.9982E-05 0.126311 0.628655 0.103619 0.0136689 0.118086
9.9964E-05 0.068283 9.9964E-05 0.114253 9.9964E-05 0.352269 9.9964E-05 0.464796
9.9964E-05 9.9964E-05 9.9964E-05 0.184296 0.536164 0.00999038 9.9964E-05 0.26915
9.9955E-05 9.9955E-05 0.121641 9.9955E-05 0.0908535 9.9955E-05 9.9955E-05 0.787006
0.0303158 9.9964E-05 0.0432576 9.9964E-05 9.9964E-05 0.0124329 9.9964E-05 0.913594
0.0400981 9.9973E-05 0.0226879 0.000306353 0.460751 9.9973E-05 9.9973E-05 0.475857
9.9955E-05 9.9955E-05 0.0389535 9.9955E-05 0.642015 9.9955E-05 9.9955E-05 0.318532
0.0282965 9.9964E-05 0.051607 9.9964E-05 0.384496 9.9964E-05 9.9964E-05 0.535201
9.9964E-05 9.9964E-05 0.0492229 9.9964E-05 0.541696 0.0169429 9.9964E-05 0.391738
9.9946E-05 9.9946E-05 9.9946E-05 9.9946E-05 0.505933 9.9946E-05 9.9946E-05 0.493467
0.0431023 0.0382529 0.0207185 0.0883346 0.0545897 0.739113 0.0104272 0.00546155
0.0523491 0.0135119 0.018926 0.11672 9.9991E-05 0.692479 0.104863 0.00105016
0.0114961 9.9973E-05 9.9973E-05 0.0558593 0.0112323 0.892761 0.0283514 9.9973E-05
9.9946E-05 9.9946E-05 9.9946E-05 9.9946E-05 0.0635906 0.93581 9.9946E-05 9.9946E-05
9.9982E-05 0.0666777 0.27388 9.9982E-05 0.500041 0.0421627 0.0235797 0.0934596
0.0535689 9.9973E-05 0.433619 0.0977885 0.398234 0.0164902 9.9973E-05 9.9973E-05
0.131442 9.9964E-05 0.427531 9.9964E-05 0.420995 9.9964E-05 9.9964E-05 0.0196321
0.0946286 0.032177 0.251099 9.9973E-05 0.551283 0.0705123 9.9973E-05 9.9973E-05
9.9982E-05 0.0649577 0.261308 0.0258044 0.47719 0.113129 0.057412 9.9982E-05
0.188011 0.0986237 0.535188 9.9982E-05 0.116938 0.0199469 0.0410929 9.9982E-05
0.0387121 9.9973E-05 0.409432 0.00517886 0.542283 0.00409479 9.9973E-05 9.9973E-05
9.9964E-05 0.128541 0.522174 9.9964E-05 0.267696 9.9964E-05 9.9964E-05 0.0811884
0.0405932 9.9964E-05 9.9964E-05 0.1014 0.560086 0.297521 9.9964E-05 9.9964E-05
9.9982E-05 0.0638747 0.349307 0.0505242 0.341479 9.9982E-05 0.0763554 0.11826
0.0730354 9.9964E-05 0.532359 9.9964E-05 0.266872 9.9964E-05 0.127334 9.9964E-05
0.0425534 9.9973E-05 0.353357 0.00253069 0.493073 9.9973E-05 9.9973E-05 0.108186
0.0131962 9.9973E-05 0.417436 9.9973E-05 0.408226 9.9973E-05 0.0240806 0.136761
9.9964E-05 9.9964E-05 0.357365 0.0183627 0.497207 9.9964E-05 9.9964E-05 0.126665
0.0132874 9.9973E-05 0.422791 9.9973E-05 0.482306 0.0664923 9.9973E-05 0.0148237
9.9955E-05 9.9955E-05 0.827758 9.9955E-05 0.0425306 9.9955E-05 9.9955E-05 0.129212
0.0428617 0.112889 0.548129 9.9982E-05 0.214021 9.9982E-05 0.0303211 0.0515776
9.9964E-05 9.9964E-05 0.500695 9.9964E-05 0.301213 9.9964E-05 0.0365776 0.161115
9.9955E-05 0.0773242 0.731095 9.9955E-05 9.9955E-05 9.9955E-05 9.9955E-05 0.191081
0.138241 0.0500201 0.42756 0.00965954 0.301514 0.00633943 9.9991E-05 0.0665665
9.9973E-05 0.216142 0.530211 9.9973E-05 0.111014 9.9973E-05 0.014619 0.127715
9.9955E-05 0.148169 0.559646 9.9955E-05 9.9955E-05 9.9955E-05 9.9955E-05 0.291686
0.00663146 9.9982E-05 0.375825 0.022268 0.506727 0.0250651 9.9982E-05 0.0632834
0.147664 0.009438 0.632265 9.9982E-05 0.13296 0.0427598 9.9982E-05 0.0347137
0.0339106 9.9973E-05 0.490574 0.101915 0.366498 9.9973E-05 0.00680258 9.9973E-05
9.9991E-05 0.0350554 0.130409 0.115641 0.50367 0.103068 0.043786 0.06827
0.118667 9.9973E-05 0.372416 0.00371852 0.441127 9.9973E-05 0.0637715 9.9973E-05
0.315613 0.0374164 9.9973E-05 9.9973E-05 0.341694 9.9973E-05 0.0706625 0.234313
9.9973E-05 9.9973E-05 0.333886 0.0464546 0.515746 9.9973E-05 0.0174841 0.0861289
0.0949345 9.9973E-05 0.472544 0.0476532 0.350555 0.0340128 9.9973E-05 9.9973E-05
9.9964E-05 0.0132448 0.697458 9.9964E-05 0.247698 9.9964E-05 9.9964E-05 0.0411996
9.9991E-05 0.0234897 0.229077 0.0523258 0.532902 0.0433313 0.0705195 0.0482538
0.0775906 0.0744837 0.0201171 9.9982E-05 0.0252179 0.582343 0.220048 9.9982E-05
0.00982812 0.0189112 0.102696 0.00395218 0.0100326 0.770139 0.0843416 9.9991E-05
0.0334762 0.0804911 9.9973E-05 9.9973E-05 9.9973E-05 0.795222 0.0861312 0.00437937
9.9973E-05 0.0248548 0.0264539 9.9973E-05 9.9973E-05 0.803563 0.0999525 0.0448756
0.00218829 0.0301107 0.0508626 9.9982E-05 0.0273796 0.667105 0.222154 9.9982E-05
0.19438 9.9982E-05 0.715825 0.0309233 0.00958358 0.0362003 0.0128881 9.9982E-05
0.0994922 0.0674627 0.673769 9.9991E-05 0.0377525 0.0494695 0.0328221 0.0391323
9.9964E-05 0.0460462 0.728958 9.9964E-05 0.12776 9.9964E-05 9.9964E-05 0.0968353
0.0821843 9.9991E-05 0.115035 0.044301 0.541775 0.10545 0.0126263 0.0985278
9.9991E-05 0.0555741 0.0463104 0.109931 0.525905 0.0717282 0.148603 0.0418483
9.9973E-05 0.0938163 0.681498 0.0428546 0.176852 0.00467842 9.9973E-05 9.9973E-05
9.9964E-05 0.118446 0.157176 0.0800555 0.643923 9.9964E-05 9.9964E-05 9.9964E-05
9.9973E-05 0.0839406 0.387205 9.9973E-05 0.391481 0.0675591 9.9973E-05 0.0695148
0.231967 9.9982E-05 0.1968 9.9982E-05 0.487312 0.0189988 0.0319018 0.0328199
0.00280294 0.061378 0.316706 0.0216293 0.549476 0.00344821 9.9991E-05 0.0444596
0.0293689 0.0717636 0.654851 0.0361705 0.182775 9.9982E-05 0.0248707 9.9982E-05
0.0537116 9.9973E-05 0.620735 0.00912822 0.300852 0.0152732 9.9973E-05 9.9973E-05
0.147785 9.9964E-05 0.588814 9.9964E-05 0.23171 9.9964E-05 0.0312909 9.9964E-05
0.091345 0.220287 0.000345974 9.9973E-05 0.633428 0.0542943 9.9973E-05 9.9973E-05
0.014874 9.9964E-05 0.582169 9.9964E-05 0.377763 9.9964E-05 0.0247935 9.9964E-05
0.057789 0.026767 0.399294 9.9991E-05 0.45749 0.0303314 0.0044584 0.0237701
0.0268858 0.00626703 0.0416087 0.359629 0.455345 0.110064 9.9982E-05 9.9982E-05
9.9973E-05 0.0892473 9.9973E-05 0.411314 0.359299 0.0960594 0.0437806 9.9973E-05
9.9973E-05 0.0170698 0.0825956 0.447306 0.402471 0.0502571 9.9973E-05 9.9973E-05
9.9973E-05 0.112413 9.9973E-05 0.422006 0.333983 0.074606 9.9973E-05 0.0566919
0.102947 0.115802 0.0407566 0.314205 0.347868 0.0782209 9.9982E-05 9.9982E-05
9.9973E-05 0.201753 0.281721 0.00959576 0.434082 9.9973E-05 9.9973E-05 0.0725484
0.0441961 0.0798414 9.9973E-05 0.636139 9.9973E-05 0.213877 9.9973E-05 0.0256458
0.0368133 0.0123427 9.9982E-05 0.448685 0.310002 0.167347 9.9982E-05 0.0246097
9.9973E-05 0.193903 0.124783 0.158898 0.420412 0.101704 9.9973E-05 9.9973E-05
0.057824 0.277922 9.9964E-05 9.9964E-05 0.51127 0.152584 9.9964E-05 9.9964E-05
0.166621 0.346705 0.00596707 0.000162526 0.410421 0.0692431 0.000780183 9.9991E-05
9.9973E-05 0.228806 9.9973E-05 0.106343 0.518428 0.0268659 0.119257 9.9973E-05
9.9982E-05 0.0796921 0.165247 9.9982E-05 0.560262 0.10145 0.0928629 0.000285609
9.9973E-05 0.0290958 9.9973E-05 0.459128 0.30043 0.210043 9.9973E-05 0.00100321
0.144053 0.00965199 9.9982E-05 0.294736 0.442823 0.0901606 0.0183761 9.9982E-05
9.9964E-05 0.0547613 9.9964E-05 0.424692 0.497241 0.0229065 9.9964E-05 9.9964E-05
9.9982E-05 9.9982E-05 0.151673 0.327427 0.34326 0.0469216 0.128177 0.00234113
0.0412773 9.9973E-05 0.0195171 0.508949 0.333289 0.0966678 9.9973E-05 9.9973E-05
0.0367409 0.000182772 0.108749 0.336233 0.36218 0.099878 0.0488351 0.00720155
9.9973E-05 0.0504137 9.9973E-05 0.51644 0.259232 0.137987 0.0356273 9.9973E-05
9.9991E-05 0.0378168 0.0670981 0.448418 0.267485 0.104179 0.0715309 0.00337276
9.9955E-05 0.344357 9.9955E-05 9.9955E-05 0.562119 9.9955E-05 0.0930244 9.9955E-05
9.9991E-05 0.0397752 0.0586743 0.474748 0.246173 0.102356 0.0442419 0.0339313
9.9964E-05 0.0275038 9.9964E-05 0.586211 0.202676 0.18321 9.9964E-05 9.9964E-05
0.117681 0.0209263 9.9982E-05 0.438443 0.307542 0.0635225 9.9982E-05 0.0516849
0.213329 0.390669 0.0591392 0.0174672 0.154028 0.0518565 0.113411 9.9991E-05
0.153605 0.220756 0.0495084 0.124246 0.451585 9.9973E-05 9.9973E-05 9.9973E-05
9.9973E-05 9.9973E-05 9.9973E-05 0.274102 0.39292 0.136257 0.107954 0.0884668
0.184146 0.199209 9.9982E-05 9.9982E-05 0.537754 0.045051 0.031785 0.00185526
0.0619281 0.267748 0.0545958 9.9982E-05 0.472139 0.134981 0.00840886 9.9982E-05
9.9991E-05 0.0887896 0.167264 0.239216 0.233024 0.215838 0.040019 0.0157494
0.0708985 0.046839 9.9982E-05 0.307475 0.279517 0.178529 9.9982E-05 0.116541
9.9973E-05 0.201496 0.051422 0.13378 0.545253 9.9973E-05 0.067748 9.9973E-05
9.9973E-05 9.9973E-05 0.113875 0.366038 0.355495 0.128465 0.0358281 9.9973E-05
0.0276868 0.0653466 9.9991E-05 0.456433 0.33514 0.0781588 0.0117673 0.0253669
9.9973E-05 0.0456338 9.9973E-05 0.597017 0.134532 0.190197 9.9973E-05 0.0323212
9.9982E-05 0.166024 0.0029164 0.132182 0.563106 0.0764444 0.0591276 9.9982E-05
0.0998301 0.255826 0.0840467 9.9973E-05 0.45791 0.102087 9.9973E-05 9.9973E-05
0.000453065 0.717592 0.00771075 0.0217685 0.167594 0.0230469 0.0116286 0.0502069
0.020805 0.116056 0.103654 0.0949529 0.468371 0.0926823 0.0558681 0.0476109
0.106547 9.9991E-05 0.0472157 0.0388956 0.343392 0.126164 0.127504 0.210182
0.0850017 0.159923 0.129599 0.091939 0.395837 0.1375 9.9982E-05 9.9982E-05
0.00405801 0.0386221 0.0914339 0.0958143 0.447929 0.149584 0.117737 0.054821
9.9955E-05 0.551096 9.9955E-05 0.170559 9.9955E-05 0.277845 9.9955E-05 9.9955E-05
9.9955E-05 0.691406 9.9955E-05 0.102426 9.9955E-05 0.205669 9.9955E-05 9.9955E-05
