0.0424033 0.034108 9.9973E-05 0.0413698 0.864018 9.9973E-05 9.9973E-05 0.0178012
0.0181428 9.9964E-05 9.9964E-05 0.0271482 0.874606 0.0797031 9.9964E-05 9.9964E-05
0.0212591 0.0506246 0.0154366 0.0860987 0.745735 9.9982E-05 9.9982E-05 0.0806461
0.0574531 0.0798756 9.9982E-05 0.0869424 0.69242 0.0500865 9.9982E-05 0.0330229
0.0137741 0.0371803 9.9964E-05 9.9964E-05 0.878393 9.9964E-05 9.9964E-05 0.0702529
0.124076 0.0924393 0.0572298 0.0409876 0.54063 9.9991E-05 0.100758 0.0437783
0.081244 9.9982E-05 9.9982E-05 0.131298 0.696721 0.00926796 0.079883 0.00138648
0.16579 0.057175 9.9973E-05 0.0438181 0.687048 9.9973E-05 0.0458693 9.9973E-05
0.0489623 9.99729E-05 0.0611083 0.0248235 0.808926 9.99729E-05 0.0558799 9.99729E-05
0.0829547 0.0737546 9.9982E-05 0.0771987 0.618293 9.9982E-05 0.0850438 0.0625552
0.115027 9.9973E-05 9.9973E-05 0.00910154 0.743253 9.9973E-05 0.0716131 0.0607054
0.00152395 0.0519445 0.000830794 9.9973E-05 9.9973E-05 0.803449 9.9973E-05 0.141952
0.0401036 0.0114481 9.9973E-05 0.0524792 9.9973E-05 0.450774 9.9973E-05 0.444895
9.999E-05 0.0693647 0.0337711 0.0179866 0.0282191 0.736691 0.0101143 0.103753
9.9982E-05 0.122017 9.9982E-05 0.0104097 0.0496335 0.668906 0.0165093 0.132324
9.9973E-05 0.0657942 0.0821109 9.9973E-05 0.119916 0.375303 9.9973E-05 0.356576
9.999E-05 0.0802465 0.000936615 0.0592223 0.0323296 0.305568 0.0308034 0.490793
9.9982E-05 0.0537548 0.085069 0.0257856 9.9982E-05 0.419793 0.0599306 0.355467
9.9964E-05 0.159443 9.9964E-05 9.9964E-05 0.0808263 0.661363 9.9964E-05 0.0979682
0.0128065 9.9973E-05 9.9973E-05 0.0103143 0.0223415 0.837975 0.116263 9.9973E-05
9.9982E-05 0.0621638 0.102491 0.0313447 9.9982E-05 0.431847 0.063144 0.30881
9.9982E-05 0.0523714 0.0385939 0.0408316 9.9982E-05 0.274228 0.236977 0.356798
0.0894541 0.0229808 0.0638502 0.0249092 9.9991E-05 0.251824 0.0395036 0.507378
9.9973E-05 0.121828 0.0212873 9.9973E-05 9.9973E-05 0.692863 0.0448661 0.118855
9.9964E-05 0.1424 9.9964E-05 9.9964E-05 0.0649494 0.20955 9.9964E-05 0.5827
9.9964E-05 0.0524114 9.9964E-05 0.0166298 9.9964E-05 0.512108 9.9964E-05 0.418451
9.9973E-05 0.0872678 0.0586508 0.0266656 9.9973E-05 0.804392 9.9973E-05 0.022724
9.9973E-05 0.162141 9.9973E-05 0.00285835 0.00221756 0.792524 9.9973E-05 0.0399595
9.9973E-05 0.00960441 9.9973E-05 9.9973E-05 0.0149883 0.829106 0.0945184 0.051483
9.994E-05 9.994E-05 9.994E-05 0.9993 9.994E-05 9.994E-05 9.994E-05 9.994E-05
9.994E-05 9.994E-05 9.994E-05 0.9993 9.994E-05 9.994E-05 9.994E-05 9.994E-05
9.9982E-05 0.0479824 0.0328843 0.339852 0.491808 0.0374507 9.9982E-05 0.0498228
9.9973E-05 0.10922 0.0891208 0.228492 0.513751 9.9973E-05 9.9973E-05 0.0591164
0.0051503 0.0246359 0.314476 9.9991E-05 0.0250578 0.210179 0.0594041 0.360997
0.00941089 0.0139111 0.346333 0.0234441 0.133285 0.0547752 9.9991E-05 0.418741
0.000236747 0.133419 0.404027 9.9973E-05 0.011235 9.9973E-05 9.9973E-05 0.450783
0.167059 9.9982E-05 0.0301016 0.0116937 0.118634 0.614732 9.9982E-05 0.0575794
9.9973E-05 0.00296084 0.590844 0.0351606 9.9973E-05 9.9973E-05 0.0991031 0.271631
0.0139353 0.0636029 0.338243 0.0227539 9.9982E-05 0.116408 9.9982E-05 0.444857
9.9964E-05 9.9964E-05 0.187693 0.0250987 9.9964E-05 9.9964E-05 0.0390429 0.747766
0.0662171 0.0401438 0.059504 0.0340928 0.0821465 9.9991E-05 0.126684 0.591112
0.121448 9.9973E-05 0.149831 0.0779801 0.0636875 9.9973E-05 9.9973E-05 0.586753
9.9973E-05 9.9973E-05 0.715264 0.0425437 9.9973E-05 0.147558 0.0426014 0.0517334
0.00896969 0.0577211 0.0531074 9.9991E-05 0.0684289 0.0983328 0.165113 0.548227
0.0266816 0.173132 0.205624 0.0255971 0.00100697 0.0399248 0.0709248 0.457108
0.034889 0.0429944 0.209458 0.00902167 0.0975535 0.0543934 9.9991E-05 0.55159
9.9973E-05 9.9973E-05 0.62633 0.00790622 9.9973E-05 0.00114468 0.0296391 0.33468
0.0156848 0.0931725 0.267048 0.0514354 0.0663802 0.000108989 9.9991E-05 0.50607
0.0762853 0.12471 0.165937 0.0637995 0.0480854 0.0261235 9.9991E-05 0.494959
9.9955E-05 9.9955E-05 0.571698 9.9955E-05 0.0524599 9.9955E-05 0.375343 9.9955E-05
0.188454 9.9973E-05 0.201283 9.9973E-05 9.9973E-05 0.406249 0.0778364 0.125878
9.9973E-05 9.9973E-05 0.147146 0.0183856 9.9973E-05 0.361629 0.440399 0.0321402
0.083937 0.115526 0.0605345 0.0566293 9.9991E-05 0.191526 0.00817542 0.483572
9.9973E-05 0.055615 9.9973E-05 9.9973E-05 0.118356 0.134508 0.100679 0.590542
9.9991E-05 0.11748 0.0484814 0.0322113 0.0890426 0.0618177 0.163667 0.4872
0.214212 9.9991E-05 0.199165 0.00647927 0.0817184 0.240219 0.0927328 0.165374
0.138503 9.9973E-05 9.9973E-05 0.0502181 9.9973E-05 0.159652 0.0906992 0.560627
9.9973E-05 0.0542852 9.9973E-05 9.9973E-05 0.0969279 0.271649 0.0365881 0.54025
0.0936307 9.9991E-05 0.0691281 0.022625 0.112772 0.29191 0.130532 0.279302
0.0718819 0.0243829 0.0652232 0.0195573 0.167888 0.456796 0.174572 0.0196982
0.0937524 9.9973E-05 0.16204 0.105523 9.9973E-05 0.129605 9.9973E-05 0.508779
0.028388 0.012058 0.117839 9.9991E-05 0.0980018 0.345751 0.0415181 0.356345
0.108837 9.9982E-05 0.0371259 0.0521399 0.00359828 0.689348 0.10875 9.9982E-05
0.0640592 0.00427417 0.0864987 0.0173546 9.9991E-05 0.394802 0.0264953 0.406416
0.0180842 9.9982E-05 0.0326408 0.00439282 9.9982E-05 0.117689 0.144844 0.68215
0.0455195 0.0886267 0.0264167 0.0547638 0.0663703 0.235312 0.0548612 0.42813
9.9991E-05 0.0961319 0.174047 0.0331122 0.000723408 0.458301 0.107467 0.130118
9.9982E-05 0.0982925 0.128606 0.0161401 9.9982E-05 0.38 0.0145647 0.362196
0.124124 0.0631366 0.168871 0.0420366 9.9991E-05 0.0807021 0.0634738 0.457556
0.0137778 9.9982E-05 0.162258 0.0557811 9.9982E-05 0.531463 0.121723 0.114797
0.0734076 9.9973E-05 0.36684 0.0275963 9.9973E-05 0.0207214 9.9973E-05 0.511135
9.9955E-05 9.9955E-05 0.689062 9.9955E-05 9.9955E-05 0.18435 9.9955E-05 0.126088
9.9982E-05 0.172494 0.234127 0.0346195 9.9982E-05 0.0867466 0.100642 0.37117
9.9955E-05 9.9955E-05 0.822351 9.9955E-05 0.00564843 9.9955E-05 0.1715 9.9955E-05
0.0488426 9.9964E-05 0.764085 9.9964E-05 9.9964E-05 0.00902561 0.177647 9.9964E-05
9.9955E-05 9.9955E-05 0.68541 9.9955E-05 9.9955E-05 9.9955E-05 0.0142954 0.299795
0.100818 9.9982E-05 0.39164 0.0379379 0.0115374 0.0262919 9.9982E-05 0.431575
9.9982E-05 0.0587249 0.199142 0.0193672 0.15743 9.9982E-05 0.0944071 0.470729
0.00267063 0.0874199 0.440444 0.0239565 9.9982E-05 0.0965572 9.9982E-05 0.348752
0.10826 0.0482754 0.627722 0.013645 0.0337784 0.0635477 9.9991E-05 0.104671
0.175145 9.9973E-05 0.533195 9.9973E-05 0.028299 0.0650352 9.9973E-05 0.198026
0.011538 0.0930161 0.268837 0.0310666 0.0698262 9.9982E-05 9.9982E-05 0.525517
9.9973E-05 0.0499023 0.499803 9.9973E-05 0.0132938 0.194154 9.9973E-05 0.242547
9.9991E-05 0.0310581 0.44541 0.0559286 0.0521133 0.0565377 0.0109288 0.347923
9.9964E-05 9.9964E-05 0.54578 0.0267647 9.9964E-05 9.9964E-05 0.0166178 0.410438
0.0238811 0.0388035 0.648171 9.9964E-05 9.9964E-05 9.9964E-05 0.288744 9.9964E-05
0.0664382 0.0421765 0.218451 0.0106213 9.9991E-05 0.0144289 0.0517546 0.59603
0.00977098 0.0167292 9.9982E-05 0.039553 0.756027 0.0925377 9.9982E-05 0.0851825
9.9955E-05 9.9955E-05 9.9955E-05 0.0916627 0.819833 9.9955E-05 9.9955E-05 0.0880048
0.0289206 0.0336403 9.9973E-05 0.086564 0.784498 9.9973E-05 9.9973E-05 0.0660776
9.9964E-05 9.9964E-05 0.0286738 0.094674 0.835353 9.9964E-05 9.9964E-05 0.0408992
9.9973E-05 0.000953025 0.0230772 0.0744598 0.817121 9.9973E-05 9.9973E-05 0.0840896
9.9973E-05 0.03959 9.9973E-05 0.0400431 0.828032 9.9973E-05 0.0500183 0.0420165
9.99551E-05 9.99551E-05 9.99551E-05 0.0329793 0.892114 9.99551E-05 9.99551E-05 0.0744073
0.0307748 0.0820405 0.216523 0.0300832 0.0460426 0.0196104 0.0313676 0.543558
9.9991E-05 0.0153915 0.111382 0.0468435 0.0677289 0.0760884 0.103244 0.579222
9.9955E-05 9.9955E-05 0.82865 9.9955E-05 0.0246131 0.146237 9.9955E-05 9.9955E-05
0.0274673 0.139416 0.319291 0.035191 0.0863815 0.0198424 0.0171393 0.355271
0.00210089 0.00476314 0.466485 9.9982E-05 0.0478429 0.0671378 9.9982E-05 0.41147
0.0886575 0.000954165 0.183732 0.0300212 0.0289376 9.9991E-05 0.0592093 0.608388
9.9982E-05 0.0108231 0.270795 9.9982E-05 0.00809239 0.0209353 0.0868264 0.602328
9.9982E-05 0.0496555 0.442382 0.00744738 0.0107985 9.9982E-05 0.0319904 0.457526
0.00630017 9.9964E-05 0.723056 9.9964E-05 0.0447908 0.225454 9.9964E-05 9.9964E-05
0.143511 9.9982E-05 0.130504 0.0618422 0.0388791 9.9982E-05 0.0499608 0.575103
0.0369581 0.0888551 0.151138 0.0112171 0.0724976 9.9991E-05 0.0806683 0.558566
0.124844 0.102217 0.176452 0.0450039 0.0472913 0.112341 9.9991E-05 0.391751
9.9982E-05 0.0146142 0.49551 0.041875 9.9982E-05 0.0340992 0.115564 0.298138
9.9973E-05 9.9973E-05 0.425761 0.0208938 0.0279776 9.9973E-05 0.0222454 0.502822
0.0322235 0.0057005 0.437244 0.088482 9.9982E-05 0.0190242 9.9982E-05 0.417125
9.9973E-05 0.0975275 0.629073 0.0036292 9.9973E-05 9.9973E-05 0.0525088 0.216962
0.0588459 9.9982E-05 0.400461 0.0472868 0.0241911 0.0843662 9.9982E-05 0.384649
0.0271625 9.9982E-05 0.240342 0.052645 0.117703 9.9982E-05 0.0206719 0.541276
0.0600476 9.9991E-05 0.0558456 0.00180107 0.0364017 0.436813 0.222205 0.186787
0.131887 0.0357422 0.096434 0.0100633 0.088462 0.271545 9.9991E-05 0.365767
0.111713 0.099975 0.103365 0.0249914 0.0710179 0.0734285 9.9991E-05 0.51541
9.9982E-05 9.9982E-05 0.126605 0.033424 0.0813462 0.11986 0.0973049 0.54126
0.102836 9.9973E-05 9.9973E-05 0.0561066 9.9973E-05 0.350241 0.0434638 0.447052
0.085065 0.0742615 9.9982E-05 0.0180302 9.9982E-05 0.305747 0.0321938 0.484502
0.211378 9.9964E-05 9.9964E-05 9.9964E-05 0.0238407 0.265399 9.9964E-05 0.498982
0.139852 9.9982E-05 0.065963 9.9982E-05 0.0561662 0.0961071 0.0951168 0.546595
0.00227234 0.0371309 0.0341578 0.0171673 0.108952 0.169842 0.0427966 0.58768
9.9982E-05 9.9982E-05 0.0433116 0.0489788 0.0122389 0.239427 0.10577 0.550074
0.208634 9.9982E-05 0.0556826 0.0257877 0.0301421 0.217362 9.9982E-05 0.462192
0.187404 0.0179969 9.9982E-05 9.9982E-05 0.0612991 0.0660321 0.0944641 0.572604
0.126367 0.0375089 0.0272454 0.0355237 0.0491306 0.0310479 0.0873963 0.605781
0.0728266 0.0189201 0.0979267 0.0329948 0.00477843 0.201491 0.00979631 0.561266
0.170659 0.113528 9.9982E-05 9.9982E-05 0.00131101 0.0455063 0.128197 0.540599
0.0603696 0.127089 9.9991E-05 0.013717 0.00289978 0.255772 0.0683305 0.471722
0.0327565 0.0101874 9.9991E-05 0.0268732 0.0928534 0.303469 0.190117 0.343644
0.119285 0.101742 9.9982E-05 0.00513733 9.9982E-05 0.0731534 0.116121 0.584362
0.0431114 9.9973E-05 9.9973E-05 9.9973E-05 0.0527659 0.133192 0.0617994 0.708831
0.0931103 0.050423 0.120658 9.9991E-05 0.0183551 0.399 0.127227 0.191126
0.097306 9.9982E-05 0.0275058 9.9982E-05 0.0149828 0.421559 0.257296 0.18115
0.114681 0.0480948 0.0806237 9.9982E-05 0.0151694 0.283983 9.9982E-05 0.457247
0.198548 0.0456694 0.185815 9.9982E-05 9.9982E-05 0.206865 0.360475 0.00242766
0.132346 9.9982E-05 0.0503016 9.9982E-05 0.0469412 0.553186 0.0295986 0.187427
0.11752 9.9982E-05 0.0691292 9.9982E-05 0.00919408 0.343019 0.0485243 0.412414
0.123097 9.9973E-05 0.162923 0.0566362 9.9973E-05 0.463249 9.9973E-05 0.193794
0.120091 9.9973E-05 0.0687598 9.9973E-05 9.9973E-05 0.568075 0.0156714 0.227104
0.0523582 9.9991E-05 0.022057 0.0494722 0.0636384 0.168236 0.00544357 0.638695
0.0123875 0.0560169 0.0647564 0.00414257 0.127589 0.183677 0.0138033 0.537627
0.13287 0.0223037 0.0661793 9.9991E-05 0.023603 0.200123 0.0541585 0.500663
0.0818593 0.0270855 0.0625948 9.9982E-05 9.9982E-05 0.42885 0.307968 0.0914419
9.9982E-05 9.9982E-05 0.207693 0.0375453 0.159717 0.0368778 0.102476 0.455491
0.0486525 0.121228 0.132744 9.9991E-05 0.0128664 0.0291187 0.242064 0.413227
0.00794432 9.9991E-05 0.130448 0.0146058 0.109003 0.17928 0.556129 0.00249079
9.9991E-05 0.0255386 0.00524877 0.0538732 0.106123 0.146863 0.0833642 0.578888
0.0503584 0.0543539 0.101588 9.9991E-05 0.0315103 0.0169263 0.323247 0.421916
0.0038014 0.0260071 0.0638353 0.016406 0.112887 0.169532 0.112611 0.49492
0.0782285 9.9982E-05 0.0280662 9.9982E-05 0.124495 0.0791187 0.39025 0.299642
0.132478 9.9991E-05 0.0961882 0.006081 0.0611906 0.0507971 0.445207 0.207958
0.0943896 9.9982E-05 0.0609132 9.9982E-05 0.0573361 0.0994788 0.220375 0.467307
0.0776231 0.098139 0.00393875 0.0260524 0.0144407 0.12738 0.180517 0.471908
9.9991E-05 0.146539 0.0833497 0.00845237 0.0238624 0.279482 0.138338 0.319877
9.9982E-05 0.123078 0.213263 0.0254141 0.0341231 0.223735 0.380187 9.9982E-05
0.0374071 0.14453 0.0782802 0.0143632 0.11497 9.9991E-05 0.196961 0.413389
0.019856 9.9973E-05 0.0806677 9.9973E-05 9.9973E-05 0.18206 0.302142 0.414974
0.0288128 9.9973E-05 0.112114 9.9973E-05 9.9973E-05 0.166554 0.177792 0.514428
0.0163917 0.0468428 0.0914245 0.0425398 0.0831487 0.111498 0.018274 0.58988
9.9982E-05 0.245634 9.9982E-05 0.0739386 0.279024 0.0589014 0.269957 0.0723442
9.9964E-05 0.138983 9.9964E-05 0.00208636 0.51882 9.9964E-05 0.33971 9.9964E-05
9.9964E-05 0.160386 9.9964E-05 0.0204581 0.402517 9.9964E-05 0.416239 9.9964E-05
9.9982E-05 0.358437 9.9982E-05 0.0326728 0.321811 0.0950368 0.149561 0.0422812
0.0275233 9.9964E-05 0.0999592 9.9964E-05 9.9964E-05 9.9964E-05 0.161369 0.710749
0.0499452 0.0694374 0.0837397 9.9991E-05 0.0794364 0.104934 0.0710815 0.541326
9.9964E-05 0.649468 0.00595062 9.9964E-05 9.9964E-05 0.0684719 9.9964E-05 0.27571
0.0190818 0.420432 0.153535 0.0604107 9.9982E-05 0.115042 9.9982E-05 0.231299
0.0516352 0.393013 0.00435017 9.9991E-05 0.0303844 0.0638452 0.117253 0.339419
0.00378192 9.9973E-05 0.0868721 0.0172313 9.9973E-05 9.9973E-05 0.531365 0.36045
0.0872781 0.0745145 0.0394041 0.0192427 0.0170728 9.9991E-05 0.220671 0.541717
9.9973E-05 9.9973E-05 0.0700371 0.0106691 9.9973E-05 0.02868 0.632308 0.258006
0.0917212 9.9973E-05 0.0054122 9.9973E-05 0.00469367 9.9973E-05 0.222272 0.675601
0.0475915 0.0310528 0.0467483 0.00200438 0.00896949 0.0131556 0.340473 0.510005
9.9973E-05 0.0239687 9.9973E-05 9.9973E-05 0.10451 0.0682781 0.240678 0.562266
9.9973E-05 9.9973E-05 0.0678631 0.00745888 9.9973E-05 0.120198 0.56231 0.24187
0.0113213 0.0624577 0.149064 9.9982E-05 0.0553471 9.9982E-05 0.0994991 0.622111
9.9982E-05 0.0731224 0.118847 9.9982E-05 0.0966587 0.0592351 0.0557938 0.596143
9.9946E-05 0.973499 9.9946E-05 9.9946E-05 9.9946E-05 0.0259015 9.9946E-05 9.9946E-05
0.0147946 0.898387 9.9955E-05 9.9955E-05 9.9955E-05 9.9955E-05 9.9955E-05 0.086319
0.00277811 0.556288 0.0612946 0.0227731 0.0825556 0.0660464 9.9991E-05 0.208164
0.0166697 0.60955 9.9964E-05 9.9964E-05 0.015794 9.9964E-05 9.9964E-05 0.357586
9.9955E-05 0.844577 0.0838096 9.9955E-05 9.9955E-05 9.9955E-05 9.9955E-05 0.0711139
9.994E-05 0.9993 9.994E-05 9.994E-05 9.994E-05 9.994E-05 9.994E-05 9.994E-05
0.0173637 0.962911 9.9955E-05 9.9955E-05 0.0192259 9.9955E-05 9.9955E-05 9.9955E-05
0.0038174 0.869947 0.0165822 0.0148959 9.9973E-05 9.9973E-05 9.9973E-05 0.094458
0.0174978 0.940587 9.9964E-05 9.9964E-05 9.9964E-05 0.0318431 9.9964E-05 0.00967203
9.994E-05 0.9993 9.994E-05 9.994E-05 9.994E-05 9.994E-05 9.994E-05 9.994E-05
9.9946E-05 0.975853 9.9946E-05 0.0235469 9.9946E-05 9.9946E-05 9.9946E-05 9.9946E-05
9.9964E-05 0.728535 9.9964E-05 0.0790969 9.9964E-05 0.0478428 9.9964E-05 0.144126
0.0594407 0.798257 0.0121497 9.9973E-05 0.0306281 9.9973E-05 9.9973E-05 0.0992244
9.9955E-05 0.929871 0.0564551 0.0131743 9.9955E-05 9.9955E-05 9.9955E-05 9.9955E-05
0.0196637 0.428177 9.9982E-05 9.9982E-05 0.0536955 0.10213 0.0258871 0.370247
0.0399716 0.653649 0.0668883 0.0101052 0.0436857 0.0262698 9.9991E-05 0.159331
0.0986348 0.716289 9.9973E-05 0.0325586 0.00302304 9.9973E-05 9.9973E-05 0.149194
0.0069855 0.823236 9.9973E-05 0.036622 0.0183784 9.9973E-05 9.9973E-05 0.114479
9.994E-05 0.9993 9.994E-05 9.994E-05 9.994E-05 9.994E-05 9.994E-05 9.994E-05
0.0369568 0.878913 9.9955E-05 9.9955E-05 9.9955E-05 9.9955E-05 9.9955E-05 0.0836304
9.9946E-05 0.980962 9.9946E-05 0.0184387 9.9946E-05 9.9946E-05 9.9946E-05 9.9946E-05
0.0951486 0.626489 0.00830367 0.0107859 0.0310494 0.0238892 9.9991E-05 0.204234
0.0664958 0.90844 0.00649134 0.0181729 9.9964E-05 9.9964E-05 9.9964E-05 9.9964E-05
9.9973E-05 0.0361751 0.00401319 9.9973E-05 0.352933 0.00730807 0.599271 9.9973E-05
0.160233 0.0921471 9.9991E-05 0.0429587 0.126847 0.0729593 0.106047 0.398708
0.00733066 0.0609212 0.0827917 0.00766752 0.249951 0.0490122 0.120284 0.422042
9.9982E-05 0.0931844 0.0157879 0.0486938 0.199983 9.9982E-05 0.454092 0.188059
0.011784 0.0985503 9.9991E-05 0.0442546 0.0581009 0.027379 0.268757 0.491075
9.9991E-05 0.137049 0.0703019 0.0303731 0.187749 0.0621678 0.350169 0.16209
0.142526 0.0221851 0.0128982 0.0081231 0.14488 0.0335749 0.0843082 0.551504
9.9973E-05 0.158318 9.9973E-05 0.000678089 0.160525 9.9973E-05 0.327904 0.352274
0.073072 0.171954 9.9991E-05 0.0663962 0.0612803 0.0608436 0.169929 0.396424
9.9973E-05 0.218421 9.9973E-05 0.0318225 0.11106 9.9973E-05 0.289144 0.349252
0.0907367 0.137461 0.0241594 0.0711637 0.107638 0.0329126 0.0919982 0.443931
0.0788804 9.9964E-05 9.9964E-05 9.9964E-05 0.856584 9.9964E-05 0.00491981 0.059216
9.9973E-05 0.0493967 9.9973E-05 0.0466712 0.878782 9.9973E-05 0.00488561 0.0199644
0.0350445 9.9973E-05 9.9973E-05 0.00800563 0.923922 0.00838881 9.9973E-05 0.0243389
0.017883 9.9982E-05 0.0184387 0.000329973 0.948479 0.0107294 9.9982E-05 0.00393987
0.0237689 0.0252385 9.9982E-05 0.111671 0.792097 9.9982E-05 0.0124185 0.0346064
9.9973E-05 0.0699867 9.9973E-05 0.0631954 0.842559 0.00143982 0.0225191 9.9973E-05
0.0178139 0.0961965 0.0140108 0.0494593 0.82222 9.9973E-05 9.9973E-05 9.9973E-05
9.9973E-05 9.9973E-05 0.0394916 0.0252903 0.858142 9.9973E-05 0.0709732 0.00580337
9.9964E-05 9.9964E-05 0.0239641 0.0259448 0.86335 0.0863413 9.9964E-05 9.9964E-05
9.9964E-05 0.0968685 9.9964E-05 9.9964E-05 0.849592 0.0380671 0.0150727 9.9964E-05
0.103254 9.9982E-05 0.108466 0.0448734 0.557101 0.171983 0.0141233 9.9982E-05
0.165196 9.9973E-05 0.0639825 0.043264 0.541445 0.185812 9.9973E-05 9.9973E-05
0.0386416 9.9982E-05 0.0103779 0.0660394 0.455709 0.33085 0.0981827 9.9982E-05
0.0802563 9.9973E-05 0.102137 9.9973E-05 0.496273 0.319496 0.00153789 9.9973E-05
9.9973E-05 0.0143924 0.287212 9.9973E-05 0.0415922 0.231274 9.9973E-05 0.425229
0.116165 0.047735 0.233225 9.9973E-05 9.9973E-05 0.148989 9.9973E-05 0.453586
0.0691402 9.9982E-05 0.151153 9.9982E-05 0.0304257 0.197888 0.0367677 0.514425
0.0161029 9.9991E-05 0.167262 0.0259177 0.0883035 0.327917 0.043399 0.330997
0.255069 0.0256416 0.191101 0.0274235 9.9991E-05 0.395983 0.0322621 0.0724204
9.9991E-05 0.071236 0.163045 0.00774325 0.0858729 0.0772741 0.0353706 0.559359
0.0654622 9.9964E-05 0.267532 9.9964E-05 9.9964E-05 0.0840284 9.9964E-05 0.582577
0.0523502 9.9973E-05 0.239232 9.9973E-05 9.9973E-05 0.08666 0.104527 0.516931
0.0229465 0.0576793 0.520939 9.9973E-05 9.9973E-05 9.9973E-05 0.114173 0.283963
0.128928 0.0298347 0.115239 0.0224515 0.0714535 9.9982E-05 9.9982E-05 0.631893
0.0520818 0.0161179 0.455934 0.00670698 9.9982E-05 0.0954205 9.9982E-05 0.373539
0.0776973 9.9964E-05 0.697006 0.00457325 9.9964E-05 9.9964E-05 0.220324 9.9964E-05
0.138578 0.00639844 0.176222 0.0188543 0.0333698 0.1547 0.0287522 0.443126
9.9982E-05 0.0124043 0.485459 0.0100157 9.9982E-05 0.0189884 0.21664 0.256293
0.0296122 0.0505215 0.304424 0.00435591 9.9982E-05 9.9982E-05 0.101173 0.509713
0.114028 0.00973184 0.679631 9.9982E-05 0.0189132 0.162246 9.9982E-05 0.0152505
0.823018 0.015103 9.9973E-05 9.9973E-05 0.101184 9.9973E-05 0.0471219 0.0132725
0.82014 9.9964E-05 9.9964E-05 9.9964E-05 0.0330243 9.9964E-05 0.0634797 0.0829556
0.978265 9.9955E-05 9.9955E-05 9.9955E-05 9.9955E-05 9.9955E-05 0.00604595 0.0151897
0.866176 9.9955E-05 0.0712133 9.9955E-05 0.0621113 9.9955E-05 9.9955E-05 9.9955E-05
0.904056 0.0185234 0.0048389 0.0142012 9.9982E-05 9.9982E-05 0.035153 0.0230272
0.848042 0.102673 9.9964E-05 9.9964E-05 9.9964E-05 9.9964E-05 0.0201254 0.02876
9.9973E-05 0.0156563 0.0202314 0.0272497 0.873733 9.9973E-05 9.9973E-05 0.0628298
0.00869193 0.00579862 9.9982E-05 0.012065 0.841957 0.0479607 9.9982E-05 0.0833265
0.0182264 0.102142 9.9982E-05 0.029036 0.732932 0.00712858 9.9982E-05 0.110334
9.9964E-05 0.11825 9.9964E-05 0.0163455 0.751564 0.113441 9.9964E-05 9.9964E-05
9.9973E-05 0.0717439 0.00177236 9.9973E-05 0.831012 0.0272481 9.9973E-05 0.0679242
0.503028 9.9982E-05 0.0162966 0.00329033 0.369799 0.0492981 0.0580876 9.9982E-05
0.386171 9.9964E-05 0.0341156 9.9964E-05 0.462089 9.9964E-05 0.117225 9.9964E-05
0.455832 9.9973E-05 0.0635039 9.9973E-05 0.397043 0.0264314 0.05689 9.9973E-05
9.994E-05 9.994E-05 9.994E-05 0.9993 9.994E-05 9.994E-05 9.994E-05 9.994E-05
0.485254 9.9973E-05 0.0917768 0.00337404 0.360539 9.9973E-05 0.0587571 9.9973E-05
9.9973E-05 0.322039 9.9973E-05 9.9973E-05 0.234072 0.00549551 0.0986788 0.339415
0.0115449 0.209 9.9982E-05 0.0673597 0.121705 0.0505405 9.9982E-05 0.539649
9.9964E-05 0.246497 9.9964E-05 0.0180993 0.173147 9.9964E-05 9.9964E-05 0.561857
0.051299 0.235727 0.0685639 9.9982E-05 0.241029 9.9982E-05 0.094472 0.308709
0.00043212 0.168872 9.9982E-05 0.0539459 0.0798963 0.201635 9.9982E-05 0.495019
9.9955E-05 0.344317 9.9955E-05 9.9955E-05 0.443374 9.9955E-05 0.211809 9.9955E-05
0.12456 0.00542457 0.00584603 9.9991E-05 0.0196231 0.32311 0.075769 0.445568
0.0399593 9.9982E-05 0.0572585 9.9982E-05 0.0270288 0.271226 0.225112 0.379216
0.144648 9.9973E-05 9.9973E-05 0.00243067 0.0703878 0.619936 9.9973E-05 0.162298
0.0632898 9.9973E-05 0.0914893 9.9973E-05 9.9973E-05 0.135694 0.182877 0.52635
0.0181687 9.9964E-05 0.176306 9.9964E-05 9.9964E-05 0.208855 0.59627 9.9964E-05
0.0643603 0.0881044 0.110825 0.0186231 0.0810274 0.185435 0.0686578 0.382967
0.0527832 0.0015625 0.0469911 0.0259982 0.00290179 0.262683 0.142305 0.464776
0.0747296 9.9991E-05 0.00872404 0.0296219 0.0253358 0.541905 0.0779923 0.241592
0.167094 0.128149 9.9982E-05 9.9982E-05 0.0738127 0.153578 0.0335274 0.443638
9.9964E-05 9.9964E-05 0.0962161 9.9964E-05 9.9964E-05 0.532277 0.299437 0.0716701
0.0791271 0.0622881 0.137978 9.9982E-05 9.9982E-05 0.13801 0.158537 0.423859
0.0860965 0.0323116 0.0527387 0.0144342 9.9991E-05 0.295355 0.0142487 0.504716
0.0598116 0.172444 0.0721417 0.010226 0.115919 0.110424 0.0778583 0.381175
0.0951455 9.9964E-05 9.9964E-05 9.9964E-05 9.9964E-05 0.369164 0.189725 0.345566
0.0996204 0.0440211 0.0888699 0.0338321 9.9991E-05 0.325374 0.0176926 0.39049
0.0647848 0.0830569 0.0280748 9.9991E-05 0.0043124 0.172717 0.160851 0.486103
0.0789504 9.9982E-05 0.114218 9.9982E-05 0.00361751 0.172574 0.129825 0.500615
0.114627 0.0699357 0.0550008 9.9982E-05 9.9982E-05 0.0632772 0.0822029 0.614756
0.0141002 0.0154717 0.219245 0.0999281 0.0265682 9.9991E-05 0.0331207 0.591466
9.9991E-05 0.122092 0.104992 0.0314905 0.0578319 0.221472 0.0318121 0.43021
9.9964E-05 0.10547 0.00977553 9.9964E-05 0.765063 9.9964E-05 9.9964E-05 0.119292
9.9973E-05 0.0382924 0.0374252 9.9973E-05 0.826207 9.9973E-05 0.0100775 0.0876983
0.0648434 9.9964E-05 9.9964E-05 9.9964E-05 0.758251 9.9964E-05 0.0963642 0.0801419
0.0424677 0.022104 0.0944259 0.0211085 0.791384 9.9982E-05 9.9982E-05 0.0283096
9.9964E-05 9.9964E-05 0.0100451 0.0628908 0.799773 9.9964E-05 9.9964E-05 0.126891
0.110307 0.0125076 9.9982E-05 0.0032621 0.0206353 0.788916 9.9982E-05 0.0641721
0.066238 9.9991E-05 0.164794 0.0334535 0.0654879 0.111412 0.0967971 0.461718
0.0741909 0.172191 9.9973E-05 9.9973E-05 0.185277 9.9973E-05 0.151928 0.416113
0.0535633 0.0431912 0.0106131 0.0483828 9.9991E-05 0.252356 0.0129879 0.578806
0.111626 9.9982E-05 0.130499 0.00861778 0.0233947 0.229026 9.9982E-05 0.496636
0.0979061 0.0483833 9.9982E-05 0.0232303 9.9982E-05 0.354004 0.257048 0.219228
0.206967 9.9982E-05 0.0134989 0.0105423 0.0984734 0.539593 0.130726 9.9982E-05
0.181283 9.9991E-05 0.0833264 0.0226418 0.0279165 0.100508 0.00760023 0.576624
0.250154 0.00277088 0.0726389 0.0137948 0.0930473 0.361463 0.0749964 0.131134
0.190486 0.0649559 0.198853 9.9991E-05 0.0173003 0.11787 0.109697 0.300737
0.163467 9.9982E-05 9.9982E-05 0.00222214 0.107554 0.556984 0.0989758 0.0705958
0.096095 0.126604 9.9982E-05 0.0208222 0.0590791 0.135391 9.9982E-05 0.561808
0.151641 0.0164937 0.0379683 0.0393783 0.0663421 0.603657 0.0410928 0.0434261
0.209176 0.0852228 9.9982E-05 9.9982E-05 0.000925741 0.212943 0.2113 0.280232
0.0633589 9.9973E-05 9.9973E-05 9.9973E-05 0.106966 0.125529 0.19964 0.504206
0.0421798 9.9973E-05 9.9973E-05 9.9973E-05 0.00888579 0.0823925 0.518582 0.34766
0.0334015 9.9982E-05 0.0456847 9.9982E-05 0.121861 0.0995942 0.144204 0.555054
9.9991E-05 0.01466 0.150676 0.0752217 0.0662606 0.12065 0.111116 0.461314
0.0631139 9.9973E-05 0.0200528 9.9973E-05 9.9973E-05 0.0577819 0.468765 0.389987
0.0176534 0.07231 0.114044 0.056388 0.0265881 0.0108234 0.226115 0.476079
0.0818569 9.9973E-05 0.0483451 0.0519213 9.9973E-05 9.9973E-05 0.245423 0.572154
0.159811 9.9964E-05 0.0785655 9.9964E-05 9.9964E-05 9.9964E-05 0.650598 0.110626
0.0492428 9.9955E-05 9.9955E-05 9.9955E-05 9.9955E-05 9.9955E-05 0.618541 0.331716
0.143743 9.9955E-05 9.9955E-05 9.9955E-05 9.9955E-05 9.9955E-05 0.293268 0.56249
0.116751 9.9973E-05 0.24092 9.9973E-05 9.9973E-05 0.0522851 0.468041 0.121702
0.0506973 9.9973E-05 0.06089 9.9973E-05 9.9973E-05 0.123974 0.285436 0.478703
0.221404 0.0184768 0.169646 0.0221657 0.0015016 0.538307 0.0186174 0.00988188
0.198781 9.9973E-05 0.0595658 9.9973E-05 9.9973E-05 0.260494 0.255148 0.225712
0.132021 0.0495546 0.179841 9.9982E-05 0.0388984 0.327362 9.9982E-05 0.272124
0.163393 0.0661216 9.9991E-05 0.023768 0.0150887 0.106679 0.0150595 0.60979
0.172677 0.00830353 0.145318 9.9982E-05 9.9982E-05 0.555342 0.00488109 0.113279
0.0314479 0.117526 9.9991E-05 0.0341938 0.0299698 0.221786 0.148243 0.416734
0.134686 0.165898 0.122042 0.0197191 9.9982E-05 0.15942 9.9982E-05 0.398035
0.111059 0.120056 0.0630123 0.0059834 9.9991E-05 0.29158 0.0372707 0.370938
0.196236 0.0944695 0.0417089 0.00557253 9.9991E-05 0.121235 0.0778337 0.462845
0.143161 0.0903786 0.193328 9.9982E-05 0.00286663 0.258893 9.9982E-05 0.311173
0.225884 0.100936 0.0932733 9.9973E-05 9.9973E-05 0.430868 9.9973E-05 0.148739
0.306183 0.140241 0.0584428 9.9982E-05 9.9982E-05 0.169761 0.063236 0.261937
0.0915572 0.029565 9.9973E-05 9.9973E-05 9.9973E-05 0.229152 0.0756149 0.573811
0.0228234 0.0644161 9.9982E-05 9.9982E-05 0.084336 0.312895 0.00839626 0.506933
0.0934941 9.9991E-05 0.0331892 0.00587389 0.0704624 0.272369 0.162685 0.361827
0.190443 0.0682184 0.0173148 9.9982E-05 9.9982E-05 0.135555 0.0427368 0.545532
0.234738 0.0842731 0.0178579 0.0454097 0.00406454 0.338895 9.9991E-05 0.274661
0.125204 0.0404428 9.9973E-05 9.9973E-05 0.0520305 0.251927 9.9973E-05 0.530096
0.200668 0.0343721 0.0948901 0.00933789 9.9982E-05 0.182273 9.9982E-05 0.478259
0.0440035 0.121256 0.0240171 0.049382 0.0204129 0.163053 0.124386 0.45349
9.9991E-05 0.188906 0.12634 0.0415761 0.294909 0.101513 0.00701518 0.23964
9.9991E-05 0.196747 0.0848187 0.0142041 0.122053 0.104973 0.0148622 0.462242
9.9982E-05 0.120215 9.9982E-05 0.0751681 0.0958935 0.175526 0.055244 0.477753
0.0166787 0.0911232 0.0998801 0.0294405 0.0115487 0.118403 0.0310237 0.601903
9.9973E-05 0.184418 0.0942422 9.9973E-05 0.202545 0.0837788 9.9973E-05 0.434716
0.0663099 9.9964E-05 9.9964E-05 9.9964E-05 9.9964E-05 0.245301 0.217556 0.470433
0.0114505 0.119996 0.0888082 0.0502711 0.0913495 0.173562 0.0183154 0.446247
9.9973E-05 0.141444 0.0827949 9.9973E-05 0.261988 0.141184 0.372289 9.9973E-05
0.00816837 0.194301 0.0845223 0.0501551 0.0793883 0.0884802 0.102664 0.392321
9.9982E-05 0.163426 9.9982E-05 0.0641182 0.0536939 0.0410991 0.0688303 0.608633
9.9991E-05 0.307023 0.0897533 0.00156456 0.0807375 0.162938 0.0305076 0.327375
9.9991E-05 0.122383 0.000158898 0.0400959 0.176063 0.217775 0.174047 0.269377
9.9973E-05 0.122517 0.0791083 9.9973E-05 0.207548 9.9973E-05 0.0862624 0.504264
9.9982E-05 0.142444 9.9982E-05 0.0316245 0.087351 0.0641831 0.103582 0.570615
9.9964E-05 0.18524 9.9964E-05 0.0315364 0.437009 9.9964E-05 0.345815 9.9964E-05
9.9991E-05 0.306724 0.0456315 0.0222982 0.11154 0.105917 0.0212296 0.38656
0.0352772 0.205547 0.0180457 0.0298101 0.150871 0.0371217 0.0855722 0.437756
0.0490583 0.134783 0.0351829 0.00367737 0.073389 0.0883117 0.0374155 0.578182
9.9973E-05 0.148027 9.9973E-05 0.00768177 0.194388 0.0801235 9.9973E-05 0.56948
9.9991E-05 0.0986328 0.0865581 0.0624135 0.150854 0.0384891 0.0332694 0.529683
0.0640864 0.038946 0.105333 0.0356586 0.012053 9.9991E-05 0.284436 0.459386
0.00188984 0.115475 0.0617037 0.0293545 0.036232 0.0946787 0.20505 0.455616
9.9964E-05 9.9964E-05 0.158263 9.9964E-05 9.9964E-05 0.137024 0.63362 0.0706924
0.033483 9.9973E-05 0.140091 9.9973E-05 9.9973E-05 0.0580295 0.698383 0.0697131
0.041725 0.0687209 0.0343524 0.00665882 0.00344718 0.170932 0.212104 0.46206
9.9973E-05 0.307277 9.9973E-05 9.9973E-05 0.117145 0.0703481 0.0959894 0.40894
9.9982E-05 0.316925 0.0481924 0.00752985 0.0979478 9.9982E-05 0.201451 0.327753
9.9991E-05 0.31877 0.0185779 0.0394821 0.158987 0.0631934 0.2511 0.149789
9.9991E-05 0.274588 0.00363336 0.0208818 0.173861 0.0815441 0.103515 0.341877
9.9973E-05 0.082206 9.9973E-05 9.9973E-05 0.0427062 0.0347491 0.699907 0.140132
9.9973E-05 0.0699789 9.9973E-05 0.0616822 0.0267819 9.9973E-05 0.591147 0.25011
0.0355786 0.110773 9.9982E-05 0.0323409 9.9982E-05 0.0296532 0.258143 0.533311
9.9982E-05 0.108905 0.0686153 9.9982E-05 0.0203374 0.0418704 0.234218 0.525855
9.9982E-05 0.0557051 0.0170831 0.055056 0.0418095 9.9982E-05 0.504634 0.325513
9.9991E-05 0.0668745 0.0268883 0.0240715 0.0689648 0.156697 0.13128 0.525124
0.0566532 0.0938864 0.0148077 9.9982E-05 0.0462626 9.9982E-05 0.216279 0.571911
9.9991E-05 0.183545 0.18525 0.0395592 0.024095 0.159781 0.0674267 0.340243
0.0974735 9.9964E-05 0.157369 9.9964E-05 9.9964E-05 9.9964E-05 0.348552 0.396205
0.057602 9.9982E-05 0.0723483 0.0079125 9.9982E-05 0.0901127 0.394113 0.377712
0.0723951 9.9973E-05 0.0353618 0.0121934 9.9973E-05 9.9973E-05 0.216107 0.663643
0.10299 0.0663478 0.103511 0.0343514 9.9982E-05 9.9982E-05 0.304942 0.387658
0.00683021 0.134264 0.154615 0.0109023 0.0612759 0.239056 0.108383 0.284673
0.032061 9.9973E-05 9.9973E-05 0.0236711 9.9973E-05 0.0116806 0.371967 0.56032
0.0909413 9.9973E-05 0.0678344 9.9973E-05 9.9973E-05 0.0672741 0.501308 0.272342
9.9991E-05 0.0117654 0.0846862 0.0348557 0.0422282 0.00341006 0.276562 0.546392
0.0879131 9.9973E-05 0.169599 9.9973E-05 9.9973E-05 0.0553337 0.409852 0.277002
0.00519483 0.0334915 9.9973E-05 0.0365061 9.9973E-05 9.9973E-05 0.43364 0.490868
0.0623682 0.0768067 0.187846 0.0659884 9.9982E-05 9.9982E-05 0.131206 0.475585
9.9991E-05 0.0437038 0.161114 0.0169102 0.0327204 0.0695577 0.18669 0.489205
0.0193299 0.227223 9.9991E-05 0.0384984 0.0942491 0.0941425 0.086101 0.440356
0.0314718 0.171286 0.045003 0.0107717 0.0919877 0.128923 0.0921699 0.428387
0.0897084 0.225591 9.9991E-05 0.029517 0.1325 0.0458265 0.176628 0.300129
0.0803599 0.242291 9.9991E-05 0.0525429 0.0885475 0.153033 0.132767 0.250359
0.0128679 0.187448 9.9991E-05 0.069197 0.131598 0.158407 0.0131618 0.427221
0.0482689 0.174893 0.00496058 0.014849 0.14526 9.9991E-05 0.252547 0.359121
0.0899949 0.152898 0.036322 0.000814152 0.136125 9.9982E-05 0.583646 9.9982E-05
0.109311 0.209845 9.9982E-05 0.0478338 0.053031 9.9982E-05 0.0677923 0.511987
9.9955E-05 0.129895 9.9955E-05 9.9955E-05 0.353613 9.9955E-05 0.515992 9.9955E-05
9.9973E-05 0.258908 0.051527 9.9973E-05 0.0123633 9.9973E-05 0.18316 0.493742
9.9955E-05 9.9955E-05 0.288854 9.9955E-05 9.9955E-05 9.9955E-05 0.558088 0.152559
9.9964E-05 9.9964E-05 0.259732 0.0272312 9.9964E-05 0.08743 0.625207 9.9964E-05
0.0207568 9.9982E-05 0.196169 0.013775 9.9982E-05 0.00618516 0.304497 0.458417
9.9973E-05 0.0370301 0.0604372 0.0193344 9.9973E-05 9.9973E-05 0.246 0.636898
9.9964E-05 9.9964E-05 0.138699 9.9964E-05 9.9964E-05 0.0940484 0.351913 0.41494
0.0590994 9.9964E-05 0.189932 9.9964E-05 9.9964E-05 9.9964E-05 0.227387 0.523181
9.9964E-05 0.0175745 0.0100607 9.9964E-05 9.9964E-05 9.9964E-05 0.3775 0.594465
9.9991E-05 0.0689239 0.00551658 0.0253709 0.775129 0.0220616 0.0235888 0.0793094
0.0854876 0.101123 0.0271594 0.0229504 0.730916 0.0301123 0.00215083 9.9991E-05
9.9964E-05 0.0946411 9.9964E-05 0.0334977 0.850369 0.0210929 9.9964E-05 9.9964E-05
9.9955E-05 9.9955E-05 9.9955E-05 0.132515 0.825643 9.9955E-05 9.9955E-05 0.0413421
9.9991E-05 0.053801 0.437269 0.0507943 0.00990965 0.0118986 0.0299435 0.406284
9.9982E-05 0.0243377 0.397895 0.0694103 0.020329 0.138723 9.9982E-05 0.349105
9.9964E-05 9.9964E-05 0.479594 0.0352818 9.9964E-05 0.0509072 9.9964E-05 0.433817
0.0546373 0.0404551 0.236042 9.9982E-05 0.0906793 0.00670605 9.9982E-05 0.57128
0.136106 0.0980185 0.186732 0.023773 0.0408209 9.9991E-05 0.105564 0.408885
0.00198549 0.00101384 0.504408 0.00213333 9.9991E-05 0.188667 0.0804445 0.221248
9.9973E-05 0.0442906 0.284692 0.0129652 9.9973E-05 0.0784665 9.9973E-05 0.579286
9.9964E-05 9.9964E-05 0.524749 0.0185864 9.9964E-05 9.9964E-05 0.145884 0.310381
0.050906 0.145122 0.00378046 0.0231205 0.212833 0.128859 0.00764088 0.427738
0.0277466 0.0755618 0.363716 9.9982E-05 9.9982E-05 0.0288064 0.101462 0.402507
0.0320112 9.9973E-05 0.572512 0.0211036 9.9973E-05 0.11772 9.9973E-05 0.256353
0.016871 9.9973E-05 0.418663 0.0102721 9.9973E-05 0.0148417 9.9973E-05 0.539052
0.0738552 9.9973E-05 0.454688 9.9973E-05 9.9973E-05 0.0229908 0.0587514 0.389414
9.9973E-05 0.0155028 0.364261 9.9973E-05 0.00514271 9.9973E-05 0.0838516 0.530942
0.0598738 0.00524726 0.274172 0.0149587 0.0198784 9.9991E-05 0.0192188 0.606551
9.9955E-05 9.9955E-05 0.834444 9.9955E-05 9.9955E-05 9.9955E-05 0.137861 0.0271957
9.9982E-05 0.144789 0.566772 9.9982E-05 0.00252041 0.0766367 0.114662 0.0944202
0.0751314 9.9991E-05 0.414585 0.00497784 0.0188273 0.00433218 0.124239 0.357808
9.9946E-05 9.9946E-05 0.777375 9.9946E-05 9.9946E-05 9.9946E-05 0.222025 9.9946E-05
0.0577089 9.9982E-05 0.427898 0.006718 0.015491 0.132297 9.9982E-05 0.359687
0.0264523 0.0187857 0.488023 9.9973E-05 9.9973E-05 9.9973E-05 0.345952 0.120487
0.00838466 9.9964E-05 0.6586 9.9964E-05 0.00611666 9.9964E-05 0.326499 9.9964E-05
0.0168028 0.0651057 0.343331 0.0232501 0.0161202 0.0160447 9.9991E-05 0.519245
0.0536536 0.0174869 0.573265 9.9982E-05 0.0274608 0.152163 9.9982E-05 0.17577
0.0403964 0.0584618 0.477962 9.9982E-05 0.000921359 0.0523067 9.9982E-05 0.369752
9.9982E-05 0.0486905 0.150981 0.0331311 0.112674 9.9982E-05 0.0547648 0.599558
9.9964E-05 0.0268316 0.364979 9.9964E-05 9.9964E-05 0.117711 9.9964E-05 0.490079
0.0232135 0.0427822 9.9973E-05 9.9973E-05 9.9973E-05 0.306924 0.24474 0.38204
0.0523144 0.0823896 0.407035 9.9982E-05 9.9982E-05 0.0117888 0.0214971 0.424775
0.00792988 9.9973E-05 0.343474 9.9973E-05 0.066138 0.147522 9.9973E-05 0.434636
9.9955E-05 9.9955E-05 0.739321 0.0197343 9.9955E-05 9.9955E-05 9.9955E-05 0.240445
0.100088 0.0551745 0.206928 9.9973E-05 0.0494949 9.9973E-05 9.9973E-05 0.588015
0.207436 0.0171057 0.00365772 0.037933 0.609094 0.0988532 0.0258205 9.9991E-05
0.0948121 9.9982E-05 0.065934 0.061672 0.700146 9.9982E-05 0.0135332 0.0637028
0.096232 9.9973E-05 9.9973E-05 0.0945731 0.70982 0.0226965 0.0763789 9.9973E-05
0.13218 9.9973E-05 0.0117639 0.0647473 0.745181 9.9973E-05 0.0458279 9.9973E-05
0.172556 9.9973E-05 9.9973E-05 0.0308532 0.701836 9.9973E-05 0.0591016 0.0353532
0.0161473 0.0373499 0.65084 9.9982E-05 0.0498372 0.179666 9.9982E-05 0.0659599
0.00286845 9.9991E-05 0.657384 0.0331821 0.043319 0.118925 0.0453024 0.0989188
9.9955E-05 9.9955E-05 0.785267 9.9955E-05 9.9955E-05 9.9955E-05 0.0776306 0.136603
0.0700516 0.059764 0.19451 9.9991E-05 0.140365 0.0227182 0.0151539 0.497337
0.07178 0.0747057 0.177494 0.0176825 0.104829 9.9982E-05 9.9982E-05 0.553309
9.9964E-05 0.036911 0.575015 9.9964E-05 9.9964E-05 9.9964E-05 0.131332 0.256342
9.9964E-05 0.0511333 0.290286 0.0142656 9.9964E-05 9.9964E-05 9.9964E-05 0.643915
9.9982E-05 0.0718725 0.485996 9.9982E-05 0.0550725 0.030218 0.0116441 0.344997
0.0463712 9.9982E-05 0.242837 9.9982E-05 0.0472382 0.0379685 0.0455044 0.579881
9.9973E-05 0.0165196 0.22142 9.9973E-05 0.0701189 0.0834877 9.9973E-05 0.608154
0.0736736 0.0576497 0.645744 9.9991E-05 0.00364905 0.0208568 0.0334445 0.164883
0.00160687 9.9982E-05 0.64896 0.0320517 0.00528307 0.0206191 9.9982E-05 0.291279
0.129404 9.9973E-05 0.47818 0.0189144 9.9973E-05 0.118652 9.9973E-05 0.25455
0.0384937 0.00761449 0.0559178 0.0174083 0.109101 0.0619049 0.159354 0.550205
9.9964E-05 9.9964E-05 0.625861 0.0278662 0.0294258 9.9964E-05 9.9964E-05 0.316447
9.9973E-05 9.9973E-05 0.451115 0.019831 0.0699633 0.0568956 9.9973E-05 0.401895
9.9973E-05 0.448284 0.0531394 9.9973E-05 0.0759706 0.064468 9.9973E-05 0.357838
0.0289297 0.476693 9.9982E-05 0.0762719 0.0890094 9.9982E-05 0.05304 0.275856
0.0067273 0.413029 0.0593417 9.9982E-05 0.134895 9.9982E-05 0.0338776 0.351929
9.9973E-05 0.410465 9.9973E-05 0.014959 0.107442 9.9973E-05 0.110868 0.355965
0.00991774 0.242313 0.0116139 0.0234588 0.139766 9.9991E-05 0.0639756 0.508855
0.0115695 0.0226382 0.301538 9.9991E-05 0.0363564 0.034029 0.103048 0.490721
9.9973E-05 0.640869 9.9973E-05 0.0481027 0.191152 9.9973E-05 0.0788365 0.0407401
0.0141441 0.464916 9.9982E-05 0.0283445 0.1323 9.9982E-05 0.0146724 0.345423
0.0558238 0.194902 0.0826871 0.0586989 0.103598 9.9991E-05 0.160214 0.343976
9.9982E-05 9.9982E-05 0.0183395 0.0392851 0.143922 0.0799122 0.210881 0.507461
0.0679215 0.0488523 0.0279851 0.054551 0.0638321 0.0568038 0.294674 0.385381
0.177105 0.00405891 9.9982E-05 0.00271378 0.126814 9.9982E-05 0.0965648 0.592543
0.0908103 0.0995826 0.0517487 0.0094276 0.0259061 0.0340058 0.180053 0.508466
9.9964E-05 0.398672 9.9964E-05 0.0327395 0.243023 9.9964E-05 9.9964E-05 0.325166
0.0402364 0.326812 0.0619912 0.0281917 0.0980936 0.0418032 9.9991E-05 0.402772
0.0237055 0.515772 9.9982E-05 0.0124743 0.033566 9.9982E-05 0.049675 0.364607
0.0565375 0.332845 0.0594366 0.0342671 0.0559609 0.0369498 9.9991E-05 0.423903
9.9982E-05 0.459391 0.0437431 0.0104216 0.149189 9.9982E-05 0.0387133 0.298343
9.9991E-05 0.317107 0.0852833 0.0088623 0.156488 0.0374371 0.0180983 0.376624
9.9973E-05 0.660082 9.9973E-05 0.0387503 0.0611745 0.121896 9.9973E-05 0.117798
9.9991E-05 0.335157 0.018214 0.0256206 0.116631 0.0316303 0.0390771 0.43357
0.0106624 0.0196112 9.9982E-05 0.0267984 0.0592653 9.9982E-05 0.29053 0.592933
0.0215212 0.365882 0.0315393 0.0302268 0.126214 9.9991E-05 0.0334843 0.391033
9.9964E-05 0.617501 9.9964E-05 0.0310585 0.185324 9.9964E-05 9.9964E-05 0.165717
0.0112613 0.36026 9.9991E-05 0.0379432 0.0958524 0.0381204 0.148625 0.307838
0.16279 0.0129439 0.0880213 0.0115586 0.154658 0.194586 0.22486 0.150582
9.9973E-05 0.072013 9.9973E-05 0.0691201 9.9973E-05 0.225553 0.150082 0.482932
0.0453287 0.31208 0.0971225 0.0048387 0.129145 0.0227535 9.9991E-05 0.388632
0.063322 0.0778733 0.0339792 0.0217347 0.0723375 0.0255483 0.18991 0.515295
0.0714887 0.0023433 0.0267525 0.054276 0.0697994 0.0606962 0.225746 0.488897
0.123403 0.261046 0.101615 9.9982E-05 0.176032 9.9982E-05 0.0343533 0.30335
0.0163193 0.284409 0.0187649 0.0109814 0.223664 9.9991E-05 0.118295 0.327466
0.0990175 0.199881 0.000581034 0.0273148 0.026589 9.9991E-05 0.0991953 0.547322
9.9991E-05 0.281903 0.128379 0.0492703 0.103244 0.0397589 0.00379215 0.393552
9.9973E-05 0.44806 9.9973E-05 9.9973E-05 0.0908206 0.0552891 0.0487626 0.356768
9.9973E-05 0.546332 9.9973E-05 0.0193036 0.228403 9.9973E-05 0.0173853 0.188276
0.0371429 0.0449034 0.0990076 0.0162341 0.183943 0.0620487 0.0450222 0.511699
0.0881385 9.9991E-05 0.0723273 0.0263627 0.0964341 0.0837033 0.151771 0.481163
9.9973E-05 0.00499736 9.9973E-05 0.0719812 0.0492213 9.9973E-05 0.638112 0.235388
0.0949624 0.143696 0.0670186 9.9991E-05 0.106571 0.0241165 0.065589 0.497947
0.128754 0.0476781 0.10632 0.0287829 0.114784 0.132621 0.145284 0.295776
9.9991E-05 0.12808 0.0839968 0.0789483 0.108023 0.0947368 0.0814774 0.424639
9.9982E-05 0.130863 0.0667051 0.0592927 9.9982E-05 0.179782 0.150922 0.412235
9.9955E-05 0.157905 9.9955E-05 9.9955E-05 0.318473 9.9955E-05 0.523122 9.9955E-05
9.9964E-05 0.0787755 9.9964E-05 0.0598737 0.270693 9.9964E-05 0.590258 9.9964E-05
0.0387394 0.111785 0.0317279 0.0396849 0.140282 0.071969 0.352589 0.213223
9.9982E-05 0.201782 9.9982E-05 0.075365 0.262666 0.0643513 0.355642 0.0399941
