9.9955E-05 0.877204 0.0817978 9.9955E-05 9.9955E-05 0.0404984 9.9955E-05 9.9955E-05
9.9955E-05 0.939117 0.0192625 0.0411204 9.9955E-05 9.9955E-05 9.9955E-05 9.9955E-05
0.00116601 0.790212 0.0573976 9.9991E-05 0.00263211 0.0467106 0.100628 0.00115326
9.9973E-05 0.794394 0.0733043 9.9973E-05 9.9973E-05 0.0643132 0.0600698 0.0076187
9.9973E-05 0.833626 0.0211572 0.0374546 9.9973E-05 0.0763228 0.0311395 9.9973E-05
9.9982E-05 0.545425 0.0867305 9.9982E-05 0.194977 0.061363 0.08824 0.0230639
9.9964E-05 0.756527 0.00889638 9.9964E-05 0.138978 9.9964E-05 9.9964E-05 0.0951983
9.9973E-05 0.699512 0.117303 9.9973E-05 0.112486 0.039342 9.9973E-05 0.031058
0.0789417 0.83118 0.0634031 9.99639E-05 0.0260755 9.99639E-05 9.99639E-05 9.99639E-05
9.9982E-05 0.708061 0.050143 0.0509376 0.0430797 0.0224511 0.125128 9.9982E-05
9.9973E-05 0.674761 0.137828 9.9973E-05 0.132007 9.9973E-05 0.0259943 0.0291105
0.054295 0.00573142 0.027561 9.9982E-05 9.9982E-05 0.0483608 0.0273286 0.836523
9.9964E-05 9.9964E-05 9.9964E-05 9.9964E-05 0.057624 0.077759 0.373587 0.49063
9.9982E-05 0.00272317 9.9982E-05 0.0738526 0.0328251 0.0594049 0.102565 0.728429
9.9964E-05 9.9964E-05 9.9964E-05 0.060798 9.9964E-05 0.127635 0.076338 0.734829
9.9982E-05 0.0726398 9.9982E-05 0.0109989 0.0470215 0.105609 0.330726 0.432804
9.9982E-05 0.0845028 9.9982E-05 0.0491803 0.0132397 0.0243525 0.472075 0.35645
9.9964E-05 9.9964E-05 9.9964E-05 9.9964E-05 0.095384 0.0307609 0.356125 0.517331
0.0314729 0.0832941 9.9982E-05 0.0360614 9.9982E-05 0.0718476 0.132202 0.644922
9.9964E-05 0.0391612 0.074193 9.9964E-05 0.0162214 9.9964E-05 9.9964E-05 0.870024
0.0447588 0.00152571 0.0159852 0.0287198 9.9991E-05 0.0908653 0.336387 0.481659
9.9982E-05 0.0136347 9.9982E-05 0.0998656 0.101727 0.0238407 0.398769 0.361963
9.9982E-05 0.0411445 0.0124546 0.0256825 0.0647789 9.9982E-05 0.497052 0.358687
9.9964E-05 9.9964E-05 9.9964E-05 9.9964E-05 0.00522486 0.095295 0.103666 0.795414
0.0840137 0.0237924 0.0916391 0.0220298 0.0345091 0.0766955 0.552961 0.114359
9.9955E-05 9.9955E-05 9.9955E-05 9.9955E-05 9.9955E-05 0.132434 0.410364 0.456702
9.9955E-05 9.9955E-05 9.9955E-05 9.9955E-05 9.9955E-05 0.0523688 0.0352585 0.911873
9.9964E-05 0.0186068 9.9964E-05 9.9964E-05 9.9964E-05 0.140207 0.0299297 0.810857
9.9973E-05 9.9973E-05 9.9973E-05 0.0672022 0.0767743 0.00943159 0.079305 0.766987
9.9955E-05 0.826345 9.9955E-05 9.9955E-05 9.9955E-05 0.0378442 0.135311 9.9955E-05
9.9946E-05 0.835358 9.9946E-05 9.9946E-05 9.9946E-05 9.9946E-05 0.164042 9.9946E-05
0.0057036 0.758813 9.9973E-05 9.9973E-05 9.9973E-05 0.0553882 0.13694 0.0428552
0.0195396 0.75891 9.9964E-05 9.9964E-05 9.9964E-05 0.0374757 0.183675 9.9964E-05
0.183913 0.00222481 0.105682 0.0723124 0.00730875 9.9991E-05 0.544203 0.0842567
0.24072 0.0602173 0.124743 0.00402837 9.9982E-05 0.0420974 0.527994 9.9982E-05
0.37448 0.0125066 0.0152817 9.9982E-05 0.0611217 0.0201531 0.516257 9.9982E-05
0.0335512 0.110825 0.264117 0.0239175 9.9982E-05 9.9982E-05 0.0897662 0.477623
0.577395 0.0132234 0.0226289 0.0188184 0.0205093 0.0568928 0.27848 0.0120525
0.214808 0.0626375 0.0322609 9.9982E-05 9.9982E-05 0.0596855 0.455988 0.174421
0.178734 0.0567369 9.9964E-05 9.9964E-05 9.9964E-05 0.025396 0.738733 9.9964E-05
0.184002 0.049776 0.0676342 9.9982E-05 0.100095 9.9982E-05 0.581922 0.0163711
0.107005 0.0668752 0.0353802 0.0129897 9.9982E-05 9.9982E-05 0.584778 0.192772
0.604636 0.0485594 0.104637 9.9973E-05 9.9973E-05 9.9973E-05 0.11846 0.123408
9.9973E-05 9.9973E-05 0.0547356 9.9973E-05 0.259301 0.0379867 0.522334 0.125343
0.171651 0.0438796 9.9982E-05 9.9982E-05 0.0063436 0.0541459 0.577965 0.145815
0.0869472 0.104983 0.0874689 9.9982E-05 0.0714132 0.0717155 0.577272 9.9982E-05
0.654916 9.9955E-05 9.9955E-05 0.00618613 9.9955E-05 9.9955E-05 0.338398 9.9955E-05
0.23333 0.0327918 0.0905685 0.0154676 0.0431526 0.0121046 0.572485 9.9991E-05
0.133361 0.119677 9.9973E-05 9.9973E-05 9.9973E-05 0.0295623 0.573784 0.143317
0.722889 0.0537287 9.9955E-05 9.9955E-05 0.222882 9.9955E-05 9.9955E-05 9.9955E-05
0.173546 9.9982E-05 0.161562 0.0924595 0.0520476 9.9982E-05 0.124014 0.39617
0.0478757 9.9991E-05 0.0318448 0.15265 0.307422 0.0165468 0.0403232 0.403238
0.0927599 0.0475989 0.0697853 9.9991E-05 0.103455 0.0443691 0.484626 0.157305
9.9973E-05 0.118505 9.9973E-05 0.111923 9.9973E-05 0.100274 0.548913 0.120085
0.0513926 0.0314288 0.0501683 0.0797639 0.0502367 0.071967 0.623704 0.0413383
0.221121 0.0811794 0.196169 0.036091 0.052613 9.9991E-05 0.151601 0.261124
0.0747139 0.00357201 0.131653 9.9982E-05 0.0189261 9.9982E-05 0.539558 0.231377
9.9982E-05 0.023253 0.00659327 9.9982E-05 0.159422 0.06242 0.552932 0.19518
0.0894743 0.0923291 0.0542604 0.0971455 0.082203 0.0652213 0.291862 0.227505
0.0988208 0.199568 0.054284 9.9982E-05 0.125652 0.00877384 9.9982E-05 0.512701
0.167446 0.033599 0.082765 0.0330773 9.9991E-05 0.0238931 0.487485 0.171635
9.9982E-05 0.0867782 0.0790385 0.119066 9.9982E-05 0.0583499 0.333933 0.322634
0.0772843 0.0363487 0.126755 0.108313 0.0448385 9.9982E-05 9.9982E-05 0.606261
0.0954023 9.9973E-05 9.9973E-05 0.0381789 0.0437259 9.9973E-05 0.391374 0.431019
0.0579062 9.9982E-05 9.9982E-05 0.149442 0.0819599 0.0668064 0.566464 0.077221
0.0369805 0.120519 0.0386325 0.12976 9.9991E-05 0.0639415 0.450557 0.159509
0.223171 0.0474714 0.0380049 0.0759437 0.00650503 0.0655314 0.143131 0.400241
0.00377677 9.9973E-05 9.9973E-05 9.9973E-05 0.142471 0.102751 0.340227 0.410474
9.9982E-05 0.113074 0.0799287 0.0111475 0.0195495 9.9982E-05 0.605511 0.17059
0.0403844 0.0340539 0.0856814 0.106821 0.0445662 9.9991E-05 0.0592194 0.629174
0.340438 9.9964E-05 0.0503351 9.9964E-05 9.9964E-05 9.9964E-05 0.499616 0.109211
0.611907 9.9964E-05 0.0228111 9.9964E-05 9.9964E-05 9.9964E-05 0.154166 0.210715
0.156078 0.0832596 0.0622154 0.0827649 0.0421682 0.0480374 0.426351 0.099126
0.822672 9.9973E-05 9.9973E-05 0.013311 0.155606 0.00689295 9.9973E-05 0.00121752
0.742995 9.9964E-05 9.9964E-05 0.121878 0.0842247 9.9964E-05 9.9964E-05 0.0505029
0.75129 9.9973E-05 9.9973E-05 0.00976687 9.9973E-05 0.0457514 0.173613 0.0192787
0.476257 9.9982E-05 0.0188814 9.9982E-05 0.00462732 0.0064823 0.452746 0.0408059
0.0636108 0.179905 0.0438842 0.0647154 0.0083757 0.039881 0.599528 9.9991E-05
0.484543 0.0123606 9.9973E-05 9.9973E-05 9.9973E-05 0.0630057 0.369969 0.0698225
0.6265 0.00460841 0.0893514 9.9982E-05 9.9982E-05 0.0644664 0.11022 0.104654
0.482948 0.00888666 0.172183 9.9973E-05 9.9973E-05 9.9973E-05 0.215081 0.120602
0.337039 0.13255 0.00148937 0.0118813 9.9982E-05 0.0924801 0.42436 9.9982E-05
0.496258 0.0838428 9.9982E-05 0.0099295 9.9982E-05 0.0263165 0.241596 0.141858
0.447041 0.0474716 9.9973E-05 9.9973E-05 0.0240582 9.9973E-05 0.346017 0.135112
0.520552 0.0139815 9.9964E-05 0.0707387 9.9964E-05 9.9964E-05 0.394328 9.9964E-05
0.744924 9.9964E-05 0.0176898 0.0505577 0.186429 9.9964E-05 9.9964E-05 9.9964E-05
0.230908 0.0217689 0.0563174 0.0572896 0.023758 9.9982E-05 0.609759 9.9982E-05
9.9973E-05 0.772182 0.0152944 9.9973E-05 9.9973E-05 0.0427934 0.0944812 0.0749494
9.9955E-05 0.904902 9.9955E-05 9.9955E-05 9.9955E-05 9.9955E-05 0.0928655 0.00173296
9.9964E-05 0.872552 0.0309103 9.9964E-05 9.9964E-05 0.0299829 0.0661553 9.9964E-05
9.9964E-05 0.901563 9.9964E-05 9.9964E-05 0.0534614 0.00317446 0.0414014 9.9964E-05
9.9955E-05 0.854445 9.9955E-05 9.9955E-05 0.0578344 9.9955E-05 0.0872204 9.9955E-05
9.9964E-05 0.895663 9.9964E-05 0.0643608 9.9964E-05 0.00390015 0.0356763 9.9964E-05
9.9964E-05 0.910958 9.9964E-05 9.9964E-05 0.0255973 0.0350371 0.0280074 9.9964E-05
0.144426 9.9982E-05 0.143791 0.0286457 0.0672454 0.13237 0.483322 9.9982E-05
0.124332 0.0722931 0.0132308 0.0338049 0.0392207 0.0435596 0.525199 0.148359
0.821527 0.00688965 0.0416074 0.0524879 9.9982E-05 9.9982E-05 0.0103817 0.0669067
0.185138 0.017286 0.0880691 0.0331491 0.0425183 0.112883 0.49991 0.0210471
0.392472 0.0196423 0.0262964 9.9973E-05 9.9973E-05 9.9973E-05 0.423105 0.138185
0.340502 0.0162015 9.9982E-05 0.0510291 9.9982E-05 0.00643745 0.56944 0.0161904
0.333337 0.0213631 9.9991E-05 0.137752 0.00599258 0.0566672 0.409027 0.0357613
0.465697 9.9964E-05 9.9964E-05 0.0750141 9.9964E-05 0.100937 0.357953 9.9964E-05
0.677865 0.0681749 0.0164904 9.9964E-05 9.9964E-05 9.9964E-05 9.9964E-05 0.23707
0.0952281 0.0797853 0.0443263 0.0241074 0.109226 9.9991E-05 0.550936 0.0962916
0.210834 0.0572941 0.00537064 0.0137748 9.9982E-05 9.9982E-05 0.643846 0.0686804
0.184185 0.0374831 0.101501 9.9991E-05 0.00651615 0.19109 0.426447 0.0526767
0.493459 0.00399242 0.0142243 0.0341989 0.144422 0.00132928 0.273885 0.0344892
0.399655 0.0200492 9.9973E-05 0.053728 0.0096726 9.9973E-05 0.516596 9.9973E-05
0.369376 0.0431634 0.030841 9.9973E-05 9.9973E-05 9.9973E-05 0.393453 0.162867
0.614543 9.9964E-05 9.9964E-05 0.00181468 9.9964E-05 0.101884 0.281358 9.9964E-05
0.470079 0.0881578 0.0179469 9.9973E-05 9.9973E-05 9.9973E-05 0.391576 0.0319405
0.282633 0.124264 9.9973E-05 0.0538193 9.9973E-05 0.0224426 0.516542 9.9973E-05
0.0354423 0.0717848 0.10394 0.203112 0.00850135 0.0156677 0.184536 0.377016
9.9982E-05 0.115141 0.201665 9.9982E-05 0.0811696 0.0788173 0.37134 0.151667
0.0217989 0.150179 0.0281726 0.140877 0.0403287 0.0385665 0.482627 0.0974495
0.0100403 0.0565612 0.0672863 0.0759978 0.0583612 0.0128906 0.601238 0.117625
9.9973E-05 0.0753655 0.0640771 0.06287 9.9973E-05 9.9973E-05 0.394968 0.402419
0.0126876 9.9982E-05 0.120766 9.9982E-05 0.0626576 0.075066 0.506908 0.221715
9.9973E-05 0.0186994 0.177422 0.0539833 9.9973E-05 9.9973E-05 0.462348 0.287248
0.140992 0.0341447 0.139232 0.073053 0.0658718 9.9991E-05 0.519096 0.0275105
0.0650088 0.0270783 0.0678558 9.9991E-05 0.184883 0.000870546 0.579857 0.074346
0.0397779 0.0191779 0.102911 0.100581 9.9982E-05 9.9982E-05 0.576678 0.160674
9.9964E-05 9.9964E-05 0.120068 0.0968057 9.9964E-05 9.9964E-05 0.475651 0.307075
9.9973E-05 9.9973E-05 0.143701 0.0716223 0.120902 0.0061655 0.657309 9.9973E-05
0.0739842 0.0931172 0.0425654 0.0582243 0.118232 0.109669 0.504108 9.9991E-05
0.0482369 9.9982E-05 0.0319673 0.0862196 9.9982E-05 0.0306972 0.56816 0.234519
9.9991E-05 0.0272738 0.178324 0.00939638 0.109648 0.0922112 0.529346 0.0537004
0.0904589 0.000211835 0.132455 0.0636171 0.09278 0.112696 0.477779 0.0300024
9.9982E-05 0.0762213 0.130579 0.173854 0.125071 9.9982E-05 0.315432 0.178642
0.00528569 0.0431231 0.114552 0.00537053 0.0541844 9.9991E-05 0.614645 0.162739
9.9973E-05 0.0323524 0.104331 0.0885914 9.9973E-05 9.9973E-05 0.635307 0.139119
0.154146 0.00895595 0.19684 0.124956 0.0325777 0.108944 0.0732167 0.300363
0.0285433 0.0338107 0.0809967 0.273163 0.206762 0.0353092 0.0888917 0.252523
0.0450303 0.0431816 0.198944 0.0609591 9.9991E-05 0.0604932 0.432537 0.158755
0.143618 9.9991E-05 0.209681 0.316583 0.113903 0.0403657 0.0422294 0.133521
0.101983 0.079809 0.113093 0.0740255 9.9982E-05 9.9982E-05 0.185139 0.445751
0.102412 0.00371163 0.181092 0.0803327 9.9982E-05 9.9982E-05 0.384462 0.24779
0.0917662 0.0594577 0.20616 0.0387986 9.9982E-05 9.9982E-05 0.230932 0.372686
0.0472179 9.9991E-05 0.210103 0.0413051 0.00309039 0.089225 0.136592 0.472367
0.181934 0.0811882 0.0232488 0.0634317 0.0155062 0.000556947 0.54804 0.0860946
0.000643408 0.042677 0.0343776 0.0998396 0.102117 0.0434768 0.666231 0.0106383
0.114096 0.054175 0.125907 0.081547 0.0182623 0.0879009 0.380264 0.137848
0.118763 9.9991E-05 0.200529 0.092612 0.210046 0.0306913 0.134752 0.212507
9.9991E-05 0.120975 0.0691191 0.116346 0.0149074 0.0486463 0.513896 0.11601
0.0985335 9.9991E-05 0.167404 0.0543456 0.177423 0.0255995 0.4271 0.0494937
0.0834659 0.122195 0.0646287 0.227257 0.342851 9.9982E-05 9.9982E-05 0.159403
0.144192 0.0787256 9.9991E-05 0.0597422 0.0124981 0.00759148 0.628256 0.068895
0.101805 0.0338354 0.0701856 0.122796 0.292188 0.0155471 0.309971 0.0536728
0.119238 0.0570664 0.011112 0.176554 0.0720014 0.0281529 0.399778 0.136098
0.0807069 0.032619 0.0550088 9.9991E-05 0.436724 0.000159146 0.318565 0.0761172
0.0312788 0.0375838 0.0800896 0.124819 0.383633 9.9991E-05 0.158175 0.18432
0.0661308 0.0407666 0.14676 0.0893307 0.185983 9.9991E-05 0.427089 0.0438408
0.0426296 0.0867546 0.026246 0.209901 9.9991E-05 0.0207268 0.513632 0.100009
0.094328 0.134118 0.0290457 0.0527722 0.0846676 9.9991E-05 0.402748 0.20222
0.221828 9.9982E-05 0.0303401 0.142202 0.280194 0.16845 9.9982E-05 0.156787
9.9982E-05 0.105528 9.9982E-05 0.0823316 0.155262 0.0183742 0.517576 0.120728
0.129183 9.9973E-05 0.0487874 9.9973E-05 0.307417 9.9973E-05 0.349702 0.164611
0.118788 9.9982E-05 0.0198611 0.0363751 0.144485 9.9982E-05 0.461847 0.218444
9.9991E-05 0.0594469 0.185779 0.0277204 0.0653545 0.0819611 0.556207 0.0234306
9.9964E-05 0.247097 9.9964E-05 9.9964E-05 0.324187 0.227668 0.200648 9.9964E-05
9.9955E-05 0.480225 9.9955E-05 9.9955E-05 0.384178 0.135097 9.9955E-05 9.9955E-05
9.9964E-05 0.367683 9.9964E-05 0.0236947 0.459547 0.148676 9.9964E-05 9.9964E-05
9.9982E-05 0.3366 0.0430363 9.9982E-05 0.204974 0.354973 0.0523776 0.00783832
0.0214017 9.9973E-05 0.0276945 9.9973E-05 0.260961 0.00650148 0.683142 9.9973E-05
0.0663132 0.0554741 0.0680741 0.123571 0.0890236 0.0493114 0.543313 0.00491945
0.0152563 9.9973E-05 0.0213989 9.9973E-05 9.9973E-05 0.619154 0.301423 0.0424676
0.0425678 0.0083075 0.0254533 0.00281833 9.9991E-05 0.522159 0.278728 0.119866
0.0434648 9.9982E-05 0.00696383 9.9982E-05 0.0927793 0.392728 0.403859 0.0600051
0.0357058 9.9964E-05 9.9964E-05 0.23454 0.370402 9.9964E-05 0.358952 9.9964E-05
0.0155538 0.0111431 0.146265 0.0700527 0.204906 0.0753356 0.476643 9.9991E-05
0.0617478 9.9973E-05 9.9973E-05 0.16684 0.473474 9.9973E-05 0.19663 0.101009
0.0017038 9.9973E-05 0.0129699 0.130553 0.233103 9.9973E-05 0.621371 9.9973E-05
9.9982E-05 9.9982E-05 0.0881787 0.192808 0.174555 0.00177474 0.483254 0.0592293
0.00612418 9.9982E-05 0.0564579 0.116938 0.210973 9.9982E-05 0.594225 0.0150827
0.0859871 9.9982E-05 0.038097 0.17938 0.392866 9.9982E-05 0.21281 0.0906603
0.0357335 0.0505569 0.00589388 0.0899723 0.116068 0.0482436 0.643157 0.0103749
0.0284664 0.0139551 0.092758 0.0702396 0.213589 0.0320393 0.548853 9.9991E-05
0.0374248 9.9973E-05 9.9973E-05 0.00763671 9.9973E-05 0.950981 0.000621842 0.00303551
9.9964E-05 9.9964E-05 9.9964E-05 0.0135717 9.9964E-05 0.857984 0.0932141 0.0348307
0.00639216 0.0181027 0.0799966 0.0209566 0.00788098 0.493746 0.272024 0.100902
9.9982E-05 0.0404324 0.00976988 0.0457319 9.9982E-05 0.647672 0.234099 0.0220948
0.0926646 0.0298567 9.9964E-05 9.9964E-05 9.9964E-05 0.796124 0.0809547 9.9964E-05
9.994E-05 9.994E-05 9.994E-05 9.994E-05 9.994E-05 0.9993 9.994E-05 9.994E-05
9.9964E-05 0.0235058 0.0248912 9.9964E-05 0.0169416 0.934262 9.9964E-05 9.9964E-05
9.9946E-05 9.9946E-05 9.9946E-05 9.9946E-05 9.9946E-05 0.833919 0.165481 9.9946E-05
9.9955E-05 9.9955E-05 0.0180958 9.9955E-05 9.9955E-05 0.959677 0.0217273 9.9955E-05
9.994E-05 9.994E-05 9.994E-05 9.994E-05 9.994E-05 0.9993 9.994E-05 9.994E-05
9.994E-05 9.994E-05 9.994E-05 9.994E-05 9.994E-05 0.9993 9.994E-05 9.994E-05
9.9982E-05 0.0175929 9.9982E-05 0.00166324 0.00817088 0.778968 0.166887 0.0265179
0.00898079 9.9973E-05 0.0238185 9.9973E-05 9.9973E-05 0.828564 0.0802245 0.0581119
0.00647789 9.9955E-05 0.0163095 9.9955E-05 9.9955E-05 0.976713 9.9955E-05 9.9955E-05
0.19238 9.9991E-05 0.0802923 0.00171884 0.0238833 0.428838 0.230921 0.0418674
0.0364555 0.0685517 0.0283016 9.9973E-05 9.9973E-05 0.657127 0.209264 9.9973E-05
0.0313204 0.0271688 0.0261299 9.9982E-05 0.0177468 0.730617 0.166817 9.9982E-05
9.9964E-05 0.0306123 9.9964E-05 9.9964E-05 9.9964E-05 0.808589 0.0999659 0.0604328
0.00503235 9.9946E-05 9.9946E-05 9.9946E-05 9.9946E-05 0.994368 9.9946E-05 9.9946E-05
9.9955E-05 0.0579395 9.9955E-05 9.9955E-05 9.9955E-05 0.825092 0.116469 9.9955E-05
9.994E-05 9.994E-05 9.994E-05 9.994E-05 9.994E-05 0.9993 9.994E-05 9.994E-05
0.0611764 0.0612753 0.0431778 9.9982E-05 9.9982E-05 0.573204 0.249192 0.0117745
0.0264295 9.9982E-05 0.0085297 0.0602563 9.9982E-05 0.884715 0.0173503 0.00251905
0.117872 0.236797 9.9964E-05 9.9964E-05 0.562839 0.082093 9.9964E-05 9.9964E-05
0.0639558 0.071205 0.128083 9.9991E-05 0.235835 0.0421977 0.431457 0.0271662
0.0600364 0.260374 0.0318681 0.00936567 0.20745 9.9982E-05 0.430706 9.9982E-05
0.0209671 0.182961 0.0479444 0.0248806 0.397688 0.0713112 0.254148 9.9991E-05
0.0546445 0.191644 0.0423628 0.0700355 0.104014 0.0833128 0.453886 9.9991E-05
0.116629 0.207517 9.9973E-05 9.9973E-05 0.377553 0.0699529 0.228048 9.9973E-05
0.0209387 0.131165 0.0262727 0.0578936 0.200052 0.0652625 0.440262 0.0581534
0.0497095 0.0869292 9.9982E-05 0.0502885 0.346509 0.13863 0.327734 9.9982E-05
9.9982E-05 0.139954 0.0137634 9.9982E-05 0.220046 0.117586 0.468909 0.0395413
9.9973E-05 0.141821 0.02462 9.9973E-05 0.304825 0.153615 0.37482 9.9973E-05
0.038524 0.165833 0.0123082 0.00646848 0.146746 0.081937 0.454971 0.0932117
9.9973E-05 0.794089 0.0797466 0.0512483 0.00976924 9.9973E-05 0.0648473 9.9973E-05
0.0224802 0.915075 9.9964E-05 9.9964E-05 9.9964E-05 0.0559499 0.0060945 9.9964E-05
9.9955E-05 0.909035 0.0589498 9.9955E-05 9.9955E-05 9.9955E-05 0.0315158 9.9955E-05
9.9955E-05 0.913726 0.0403776 9.9955E-05 9.9955E-05 9.9955E-05 0.0453969 9.9955E-05
9.9973E-05 0.88028 0.00271102 9.9973E-05 0.0124526 9.9973E-05 0.0475125 0.0567441
9.9955E-05 0.908064 9.9955E-05 0.0276811 9.9955E-05 0.0637556 9.9955E-05 9.9955E-05
9.9964E-05 0.845302 0.0347587 9.9964E-05 9.9964E-05 0.0802746 0.0392648 9.9964E-05
9.9973E-05 0.8857 0.0122612 0.0163119 0.0401445 9.9973E-05 0.0452821 9.9973E-05
0.0378266 0.905248 9.9964E-05 9.9964E-05 9.9964E-05 9.9964E-05 0.0296354 0.0268902
9.9973E-05 0.83314 0.0195547 9.9973E-05 0.032844 0.0767147 9.9973E-05 0.0374464
0.083296 0.57257 0.114094 0.0196923 9.9973E-05 9.9973E-05 9.9973E-05 0.210048
0.0454962 0.572939 0.219934 9.9973E-05 0.00609948 9.9973E-05 9.9973E-05 0.155232
9.9973E-05 0.52695 0.0686529 0.0369626 0.0773003 9.9973E-05 9.9973E-05 0.289835
0.0381841 0.479651 0.189713 9.9973E-05 0.023997 9.9973E-05 9.9973E-05 0.268156
0.142194 0.126929 0.0845424 0.0287761 9.9982E-05 9.9982E-05 0.515508 0.10185
0.312676 0.0799558 0.0141116 9.9982E-05 9.9982E-05 0.017307 0.472045 0.103705
0.186262 0.0283993 0.058918 9.9973E-05 9.9973E-05 9.9973E-05 0.565272 0.160849
0.125878 0.0623148 0.0923126 9.9982E-05 0.125915 9.9982E-05 0.347905 0.245475
0.0793101 9.9982E-05 0.287367 0.0101288 9.9982E-05 0.0145221 0.0941541 0.514318
0.276599 9.9982E-05 9.9982E-05 0.0612642 0.0212117 0.0623366 0.542317 0.0360715
0.285771 9.9964E-05 0.000713308 9.9964E-05 9.9964E-05 9.9964E-05 0.604996 0.10812
0.209674 9.9982E-05 0.00391885 9.9982E-05 0.112917 0.00337389 0.532115 0.137801
0.57256 9.9982E-05 0.000359683 0.0334523 0.0333247 0.035216 0.324888 9.9982E-05
0.0951118 0.0267516 0.0696064 0.0629075 0.0678645 0.0603521 0.572113 0.045293
0.50378 9.9982E-05 0.0345533 0.0647207 9.9982E-05 0.0093409 0.351553 0.0358522
0.680199 9.9964E-05 0.0735574 0.23337 0.012473 9.9964E-05 9.9964E-05 9.9964E-05
0.102833 0.0612233 0.106771 0.126558 9.9982E-05 9.9982E-05 0.482836 0.119578
0.478567 0.00232254 9.9982E-05 0.08592 0.1834 9.9982E-05 0.237353 0.0122386
0.327209 9.9982E-05 0.0344829 9.9982E-05 0.077698 0.00941494 0.513156 0.0378386
0.58282 0.0496387 0.0586042 9.9973E-05 9.9973E-05 9.9973E-05 0.0640414 0.244596
0.0101777 0.0420062 0.758734 9.9973E-05 0.174183 9.9973E-05 0.0145992 9.9973E-05
9.9973E-05 0.0210921 0.792587 0.0245758 0.0764045 9.9973E-05 0.0850411 9.9973E-05
9.9955E-05 9.9955E-05 0.911254 0.0583455 0.029901 9.9955E-05 9.9955E-05 9.9955E-05
0.0174649 0.0412048 0.821425 0.0437364 0.0758689 9.9973E-05 9.9973E-05 9.9973E-05
9.9955E-05 9.9955E-05 0.777416 9.9955E-05 0.0913288 9.9955E-05 0.130756 9.9955E-05
9.9964E-05 9.9964E-05 0.838653 9.9964E-05 0.0306748 0.0646757 0.065597 9.9964E-05
0.0170941 0.843475 9.9982E-05 9.9982E-05 0.0201888 0.038527 0.0782144 0.00230108
9.9964E-05 0.799344 0.0767673 9.9964E-05 9.9964E-05 9.9964E-05 0.0909079 0.0325808
9.9973E-05 0.738587 9.9973E-05 9.9973E-05 0.0281754 0.0903846 0.121175 0.0213779
9.9973E-05 0.734907 0.0174677 9.9973E-05 9.9973E-05 0.155129 0.00767848 0.0845178
9.9982E-05 0.791394 0.0617353 9.9982E-05 0.0130663 0.0819949 0.0490825 0.00252709
0.0853378 0.353026 0.475381 9.9973E-05 0.034466 9.9973E-05 9.9973E-05 0.0514894
0.069037 0.462588 0.383499 0.0844766 9.9964E-05 9.9964E-05 9.9964E-05 9.9964E-05
0.0661333 0.451899 0.406083 0.0754847 9.9964E-05 9.9964E-05 9.9964E-05 9.9964E-05
9.9955E-05 0.826972 9.9955E-05 9.9955E-05 9.9955E-05 9.9955E-05 0.148702 0.0238261
0.0803445 0.344167 0.444724 0.130365 9.9964E-05 9.9964E-05 9.9964E-05 9.9964E-05
9.9964E-05 0.199125 9.9964E-05 9.9964E-05 0.15795 0.34241 0.300116 9.9964E-05
9.9982E-05 0.116572 0.155186 9.9982E-05 0.0110877 0.225925 0.474585 0.0164435
9.9964E-05 0.193371 9.9964E-05 9.9964E-05 9.9964E-05 0.259202 0.527253 0.0197751
0.0739544 0.256385 9.9982E-05 9.9982E-05 0.126225 0.141352 0.366755 0.0351282
0.0278446 0.178944 0.124548 0.00295485 0.107165 0.125686 0.432758 9.9991E-05
9.9955E-05 0.414757 9.9955E-05 9.9955E-05 0.291347 0.293396 9.9955E-05 9.9955E-05
0.08638 0.0253325 0.168752 0.0176372 0.00390215 9.9991E-05 0.423199 0.274697
0.0657234 9.9982E-05 0.151981 0.19585 0.128242 9.9982E-05 0.391411 0.0665928
9.9973E-05 0.126759 0.131282 0.040985 9.9973E-05 9.9973E-05 0.154777 0.545897
0.22099 9.9973E-05 0.138406 0.151098 9.9973E-05 9.9973E-05 0.414382 0.0748241
0.216211 9.9973E-05 0.0221882 0.361606 0.305257 9.9973E-05 9.9973E-05 0.0944375
0.0695322 0.0618604 0.0172929 0.0722418 0.0663221 0.0493615 0.404757 0.258632
0.0919764 9.9982E-05 0.208791 0.108503 0.108365 9.9982E-05 0.460565 0.0215998
0.102713 9.9982E-05 0.154566 0.0365127 0.0155128 9.9982E-05 0.259492 0.431003
0.176536 0.0802496 0.083007 9.9982E-05 9.9982E-05 0.0286863 0.485896 0.145426
0.137451 9.9982E-05 0.0171126 0.174354 0.205031 9.9982E-05 0.0534942 0.412357
9.9982E-05 9.9982E-05 0.0951239 0.246334 0.112099 0.0454509 0.420096 0.0806962
0.0455666 9.9982E-05 0.183164 0.0365718 9.9982E-05 0.0818561 0.490084 0.162558
0.106972 0.077592 0.0639321 0.0189645 0.065037 0.164891 0.402823 0.0997876
0.0682907 9.9982E-05 0.119508 0.190176 0.0479966 9.9982E-05 0.330824 0.243005
0.0499886 0.0316499 0.111818 0.141068 9.9991E-05 0.0379308 0.421171 0.206275
9.9982E-05 9.9982E-05 0.0300359 0.125717 0.137619 0.0948249 0.461672 0.149931
0.114715 9.9982E-05 0.123994 0.101519 0.08088 9.9982E-05 0.502616 0.0760758
0.0817198 0.00373645 0.0884436 9.9982E-05 0.0770178 9.9982E-05 0.700704 0.048178
0.0766335 0.0620681 0.112933 0.0185821 0.0955829 9.9991E-05 0.529516 0.104585
9.9982E-05 0.0931751 0.0983523 9.9982E-05 0.0968349 0.049189 0.609943 0.0523059
9.9964E-05 0.785453 9.9964E-05 0.00790609 9.9964E-05 0.0933427 0.112899 9.9964E-05
9.9964E-05 0.81627 9.9964E-05 0.074824 9.9964E-05 0.0365998 0.0719067 9.9964E-05
0.0209408 0.773568 0.0261508 0.0385088 0.0399239 0.00663259 0.0650085 0.0292667
0.0930089 0.805668 0.0180732 0.049891 9.9973E-05 0.0330594 9.9973E-05 9.9973E-05
9.9964E-05 0.823372 9.9964E-05 0.035102 9.9964E-05 0.0107937 0.130333 9.9964E-05
0.023395 9.9982E-05 0.201523 9.9982E-05 0.081925 0.0110275 0.0294481 0.652481
0.0805661 0.0283299 0.0246057 0.0837107 0.0363374 0.0673124 0.489494 0.189643
0.0428248 0.120198 0.00988015 0.100438 0.0562345 0.209054 0.346326 0.115045
9.9991E-05 0.00819092 0.12884 0.0544829 0.0290049 0.00376211 0.709955 0.065665
0.11739 0.0289545 0.130293 0.0314253 9.9982E-05 9.9982E-05 0.484723 0.207015
9.9982E-05 9.9982E-05 0.212754 0.22683 0.120938 0.0778845 0.177632 0.183761
0.045977 0.129801 0.259417 9.9973E-05 0.101131 9.9973E-05 9.9973E-05 0.463374
9.9973E-05 0.00247574 0.247169 0.0790321 9.9973E-05 9.9973E-05 0.476976 0.194047
0.0336686 0.0480982 0.300264 0.0762755 0.0126623 0.143065 0.0719848 0.313982
0.114305 0.0518434 0.117216 0.100055 0.105558 9.9991E-05 0.481147 0.0297764
0.0824564 0.123216 0.238527 0.0950489 9.9982E-05 0.00564115 9.9982E-05 0.454911
9.9982E-05 0.0138993 0.206732 9.9982E-05 0.0704535 0.0904961 0.518857 0.0993624
0.0151409 0.0838026 0.239081 0.0821173 9.9982E-05 9.9982E-05 0.0919388 0.487719
0.086292 9.9991E-05 0.120686 0.177386 0.0690371 0.0358782 0.30159 0.209031
0.0524949 0.0732638 0.0940276 0.0747272 0.112611 0.0509999 0.459303 0.0825731
9.9973E-05 9.9973E-05 0.057028 0.0923664 0.448128 9.9973E-05 0.307359 0.0948192
0.0393075 0.0244914 9.9982E-05 9.9982E-05 0.274538 0.0495643 0.475651 0.136247
0.0648794 0.0549615 0.00355102 0.0404936 0.185261 0.126432 0.404958 0.119464
0.101957 9.9982E-05 0.0406952 0.0761006 0.429542 9.9982E-05 0.317404 0.0341016
0.0648176 0.104796 0.0399596 0.0580192 0.187075 9.9991E-05 0.485747 0.0594857
0.0542312 0.000905503 0.110924 0.084999 0.197631 9.9982E-05 0.55111 9.9982E-05
0.1042 9.9982E-05 0.106249 0.201556 0.466598 9.9982E-05 0.0866697 0.0345274
0.0379328 9.9973E-05 0.040451 0.142569 0.51297 9.9973E-05 0.265778 9.9973E-05
0.0150292 9.9982E-05 0.0710581 0.0488103 0.281122 9.9982E-05 0.530661 0.0531194
0.221798 9.9982E-05 0.087592 0.0627671 0.439349 9.9982E-05 0.167873 0.0204215
0.0911609 9.9982E-05 0.0726916 0.0397392 0.218959 9.9982E-05 0.489747 0.0875029
0.0721865 9.9991E-05 0.31795 0.0309118 0.037425 0.0124412 0.0682363 0.46075
0.107178 9.9973E-05 0.188473 0.277625 9.9973E-05 9.9973E-05 0.202287 0.224137
0.0617914 9.9982E-05 0.154245 0.0610812 9.9982E-05 0.0680912 0.242832 0.411759
0.0275508 9.9991E-05 0.127457 0.0698411 0.0456007 0.101764 0.503225 0.124461
0.193037 9.9982E-05 0.197524 9.9982E-05 0.0280994 0.0334099 0.134914 0.412816
9.9991E-05 0.0232161 0.0123648 0.212592 0.0583835 0.120558 0.443752 0.129033
0.0887196 0.0442508 0.163604 9.9982E-05 9.9982E-05 0.0929892 0.561511 0.0487254
0.105864 9.9973E-05 0.10667 9.9973E-05 0.0873182 9.9973E-05 0.423416 0.276431
0.052198 0.0182601 0.148676 0.140328 0.00918182 0.119803 0.372966 0.138588
0.155153 0.0125729 0.194797 0.0363228 9.9991E-05 0.0476517 0.357203 0.1962
0.0234466 9.9982E-05 0.253024 0.0341477 9.9982E-05 0.037957 0.177951 0.473273
0.0904159 9.9982E-05 0.333775 0.0927166 9.9982E-05 0.0863927 0.302666 0.093833
0.00959372 9.9982E-05 0.156219 0.133575 9.9982E-05 0.0177722 0.585821 0.0968188
0.0210216 0.0232407 0.113506 0.0220545 0.0725382 0.0626779 0.600013 0.0849484
0.0925507 0.0181224 0.109835 0.124375 0.0976251 9.9991E-05 0.42397 0.133422
0.0440234 9.9982E-05 0.228246 0.147454 0.0127207 0.0817669 0.48559 9.9982E-05
9.9973E-05 0.0170429 0.202982 9.9973E-05 0.175238 9.9973E-05 0.336867 0.267571
9.9973E-05 0.041575 0.144388 0.0311128 9.9973E-05 9.9973E-05 0.584872 0.197752
0.0309366 0.0381923 0.113011 0.0517293 0.0419667 0.00919394 0.457388 0.257582
0.0335705 0.179956 0.115488 0.0486961 0.00893452 0.0631363 0.377137 0.173082
9.9973E-05 0.357386 9.9973E-05 9.9973E-05 0.0703942 0.0514096 0.436231 0.084279
0.0643003 0.121343 9.9982E-05 9.9982E-05 0.124915 0.198201 0.463157 0.0278844
0.0234493 0.0973195 0.0546736 9.9991E-05 0.0262897 0.172092 0.450187 0.175889
0.0113729 0.0294777 9.9982E-05 0.106171 9.9982E-05 0.140158 0.556361 0.15626
0.00886135 0.198616 9.9991E-05 0.0383038 0.00121539 0.218525 0.385069 0.14931
9.9973E-05 9.9973E-05 0.0822948 0.182834 0.0942962 9.9973E-05 0.474451 0.165824
0.0362096 0.20496 9.9991E-05 0.0572307 0.0278438 0.178527 0.38965 0.105478
0.0639323 0.183821 9.9982E-05 0.0284146 0.470595 0.139765 9.9982E-05 0.113272
9.9973E-05 0.116169 9.9973E-05 9.9973E-05 0.133645 0.0839444 0.557826 0.108115
0.000415295 0.0899039 0.120277 0.10174 0.0190149 0.187005 0.481544 9.9991E-05
9.9982E-05 9.9982E-05 0.0734751 0.0566364 0.0534167 0.288077 0.424965 0.10323
0.0615398 0.183872 0.0324607 0.0425314 0.176537 0.0765745 0.315909 0.110576
0.0399234 0.149851 9.9991E-05 0.00923317 0.051812 0.185366 0.49276 0.0709545
9.9982E-05 0.183194 0.00161293 0.0600866 9.9982E-05 0.173999 0.510159 0.0707487
0.051816 0.447148 9.9973E-05 0.0136705 0.294465 0.192601 9.9973E-05 9.9973E-05
9.9982E-05 0.207689 9.9982E-05 0.0362972 0.0337299 0.166403 0.490955 0.0647263
9.9973E-05 0.0863201 0.001041 9.9973E-05 0.132953 0.167173 0.612213 9.9973E-05
0.0558424 0.0825568 9.9991E-05 0.0284774 0.104823 0.0377798 0.582458 0.107962
9.9982E-05 0.137874 9.9982E-05 0.03751 0.0758658 0.178185 0.539011 0.0313543
0.0513423 0.129188 0.0427286 0.0688033 0.0416952 0.078683 0.537179 0.0503805
0.0766257 0.00927714 0.0636511 0.383756 9.9982E-05 0.0731637 0.393327 9.9982E-05
0.0416121 0.0939146 0.026954 0.271152 0.106053 0.0111635 0.449051 9.9991E-05
0.0955159 9.9955E-05 9.9955E-05 0.773012 9.9955E-05 9.9955E-05 9.9955E-05 0.130972
0.0115656 0.01501 0.0433706 0.929654 9.9964E-05 9.9964E-05 9.9964E-05 9.9964E-05
0.039335 0.0382603 0.0115022 0.417479 0.0186219 0.0366916 0.43801 9.9991E-05
9.9982E-05 0.075533 9.9982E-05 0.13 0.128673 0.221158 0.399989 0.0444466
9.9973E-05 0.0878293 9.9973E-05 0.15991 0.110866 0.276946 0.364148 9.9973E-05
9.9973E-05 0.179441 9.9973E-05 0.131893 0.223732 0.320498 0.144136 9.9973E-05
9.9973E-05 0.136424 9.9973E-05 0.168527 0.0752635 0.285014 0.334472 9.9973E-05
9.9973E-05 0.0758439 9.9973E-05 0.667436 0.118786 0.0919707 0.0456631 9.9973E-05
9.9973E-05 0.0736884 9.9973E-05 0.609478 0.107824 0.0242279 0.184481 9.9973E-05
9.9964E-05 0.0320119 9.9964E-05 0.354925 9.9964E-05 0.130209 0.482455 9.9964E-05
0.00869105 0.0472145 9.9982E-05 0.435995 9.9982E-05 0.13718 0.364789 0.00593153
9.9964E-05 0.0401438 9.9964E-05 0.762731 9.9964E-05 0.0946803 0.102045 9.9964E-05
0.0552783 0.0390327 9.9982E-05 0.265649 9.9982E-05 0.0740278 0.435798 0.130015
9.9955E-05 9.9955E-05 9.9955E-05 0.351581 9.9955E-05 0.0952079 0.552711 9.9955E-05
0.017525 0.0862794 0.0305402 0.261104 0.0899689 0.104003 0.410479 9.9991E-05
0.00285243 0.0149143 0.00859361 0.570718 0.00686153 9.9991E-05 0.294384 0.101577
0.101228 9.9991E-05 0.0128511 0.434944 0.0346491 0.0273019 0.275437 0.113489
0.0443028 0.00446043 0.0684104 0.262467 9.9991E-05 0.092191 0.455179 0.0728887
9.9982E-05 0.121391 0.0625683 0.45609 0.0210887 9.9982E-05 0.27965 0.0590123
0.173686 0.0263636 9.9982E-05 0.190918 0.154797 0.129473 0.324562 9.9982E-05
0.00522859 0.00151438 9.9973E-05 0.48759 0.0648299 9.9973E-05 0.440537 9.9973E-05
9.9955E-05 9.9955E-05 0.049098 0.745607 9.9955E-05 9.9955E-05 0.204795 9.9955E-05
0.109392 9.9982E-05 0.0172945 0.316853 0.0255761 0.035439 0.495245 9.9982E-05
0.05247 9.9964E-05 9.9964E-05 0.754898 9.9964E-05 0.0209467 0.171285 9.9964E-05
0.00155665 9.9955E-05 9.9955E-05 0.543262 9.9955E-05 9.9955E-05 0.454682 9.9955E-05
0.0905854 0.0629363 0.00746059 0.249301 0.00673489 0.0076253 0.566902 0.00845525
0.00415945 0.0585488 0.0250279 0.404009 9.9991E-05 0.00427485 0.428314 0.0755659
0.0289568 0.142431 9.9991E-05 0.0931317 0.0780783 0.0914991 0.485564 0.0802395
9.9991E-05 0.117908 0.0513844 0.181926 0.0424694 0.113566 0.385008 0.107637
9.9982E-05 0.116321 9.9982E-05 0.059974 0.179518 0.187671 0.382273 0.0740436
9.9991E-05 0.156838 0.0468649 0.0597312 0.126849 0.20695 0.336708 0.0659587
0.0480823 0.176393 0.0388488 0.0740757 9.9991E-05 0.140305 0.497499 0.0246958
0.050938 0.111294 0.0464583 0.140406 0.0812244 0.133931 0.435648 9.9991E-05
9.9964E-05 0.158016 9.9964E-05 0.526337 0.176493 0.138755 9.9964E-05 9.9964E-05
9.9982E-05 0.0519519 0.0209589 0.165559 0.0269768 0.146019 0.588335 9.9982E-05
9.9964E-05 0.359199 9.9964E-05 0.391862 0.1809 0.0676398 9.9964E-05 9.9964E-05
9.9964E-05 0.0544621 9.9964E-05 0.288634 9.9964E-05 0.207784 0.448721 9.9964E-05
0.165625 9.9955E-05 9.9955E-05 0.740516 9.9955E-05 9.9955E-05 0.093359 9.9955E-05
0.0460186 0.00872043 9.9955E-05 0.944761 9.9955E-05 9.9955E-05 9.9955E-05 9.9955E-05
0.0764715 9.9973E-05 9.9973E-05 0.44989 9.9973E-05 0.0237391 0.40743 0.0421693
0.023973 9.9964E-05 9.9964E-05 0.357882 9.9964E-05 9.9964E-05 0.605264 0.0124811
0.0729587 9.9964E-05 9.9964E-05 0.548347 9.9964E-05 9.9964E-05 0.338677 0.0396175
0.0114089 9.9964E-05 9.9964E-05 0.506184 9.9964E-05 0.00269562 0.479312 9.9964E-05
9.9955E-05 9.9955E-05 0.0265171 0.441302 9.9955E-05 9.9955E-05 0.531681 9.9955E-05
9.9973E-05 0.827675 9.9973E-05 0.0922733 9.9973E-05 0.0200474 0.0489609 0.0107434
0.0581693 0.677274 0.121672 0.0127128 9.9973E-05 0.129872 9.9973E-05 9.9973E-05
9.9964E-05 0.878191 0.0186131 9.9964E-05 9.9964E-05 0.0751638 9.9964E-05 0.0276325
9.9955E-05 0.928045 9.9955E-05 9.9955E-05 0.0144379 9.9955E-05 0.0570172 9.9955E-05
0.262276 0.067705 9.9982E-05 0.0680429 9.9982E-05 0.0220776 0.502954 0.076745
0.448566 0.0566926 0.0128099 9.9982E-05 9.9982E-05 0.0184849 0.444832 0.0184139
0.461955 0.0327488 9.9964E-05 9.9964E-05 9.9964E-05 9.9964E-05 0.424754 0.0801422
0.231855 0.0361757 0.0889821 9.9973E-05 9.9973E-05 9.9973E-05 0.604154 0.0385333
0.137393 0.0779225 0.0572907 9.9991E-05 0.0676901 0.0208773 0.555873 0.0828533
0.555803 0.0304819 0.0608743 9.9991E-05 0.00899135 0.0207432 0.20938 0.113627
0.319997 9.9964E-05 9.9964E-05 9.9964E-05 9.9964E-05 0.0385615 0.585353 0.055688
0.501581 9.9964E-05 9.9964E-05 0.0265822 0.101685 9.9964E-05 0.369751 9.9964E-05
9.9991E-05 0.202508 0.0735086 0.0126587 0.0779729 0.127917 0.431639 0.0736952
0.384261 9.9991E-05 0.0987129 0.0469787 0.0307084 0.0395127 0.386991 0.0127358
0.511773 9.9964E-05 0.0389661 9.9964E-05 9.9964E-05 9.9964E-05 0.336702 0.112159
0.300394 0.00866277 0.00965116 0.0272175 9.9982E-05 9.9982E-05 0.570274 0.0836005
0.516376 0.00265893 0.0386549 0.0049728 9.9982E-05 9.9982E-05 0.368073 0.0690643
0.373741 0.0135422 9.9982E-05 0.0342916 0.0337274 0.00343575 0.541062 9.9982E-05
0.336065 0.0493104 9.9973E-05 9.9973E-05 9.9973E-05 0.0300781 0.549304 0.0349428
0.87759 9.9955E-05 9.9955E-05 0.0344485 9.9955E-05 9.9955E-05 0.0874617 9.9955E-05
0.583421 0.00183115 9.9982E-05 0.0941927 0.0490452 0.0697955 0.201515 9.9982E-05
0.486809 0.0345029 0.0567985 0.115307 9.9982E-05 9.9982E-05 0.304858 0.00152467
0.882044 9.9955E-05 9.9955E-05 0.016542 0.100915 9.9955E-05 9.9955E-05 9.9955E-05
0.299302 0.0607223 0.0629097 0.0107285 9.9982E-05 9.9982E-05 0.464749 0.101388
0.517475 9.9973E-05 0.00818206 0.0834065 0.269153 9.9973E-05 0.121484 9.9973E-05
0.767251 9.9955E-05 9.9955E-05 0.0942663 0.137983 9.9955E-05 9.9955E-05 9.9955E-05
0.334815 0.00733671 9.9982E-05 0.0483731 9.9982E-05 0.110153 0.461101 0.0380205
0.622371 0.0572063 0.0211355 9.9973E-05 9.9973E-05 9.9973E-05 0.167369 0.131618
0.356486 0.0254305 0.0323342 9.9982E-05 9.9982E-05 0.094737 0.348772 0.14204
0.228486 0.0499801 9.9982E-05 0.0534878 0.0604786 0.128731 0.478636 9.9982E-05
0.335728 9.9973E-05 0.0441003 9.9973E-05 0.0885881 9.9973E-05 0.485317 0.0459665
0.0732088 9.9991E-05 0.13785 0.111757 0.107025 0.0470793 0.310341 0.212638
0.338533 0.0166101 0.0599583 0.0792302 9.9982E-05 0.00420136 0.501267 9.9982E-05
0.285405 0.0248717 0.0138786 9.9982E-05 9.9982E-05 0.0116088 0.460385 0.20365
0.637234 9.9955E-05 9.9955E-05 9.9955E-05 0.073173 9.9955E-05 0.289093 9.9955E-05
0.243428 0.0976715 0.0140443 0.0692775 0.0458226 0.0471527 0.451535 0.0310675
0.102183 0.644961 0.206304 9.9973E-05 0.0137123 9.9973E-05 9.9973E-05 0.0325399
0.0626911 0.699616 0.0810501 9.9991E-05 0.0432023 0.00689058 0.0522494 0.0542006
0.0209251 0.799179 0.117489 0.0357432 0.0263641 9.9973E-05 9.9973E-05 9.9973E-05
0.0106291 0.77208 0.133784 0.047322 0.0358855 9.9973E-05 9.9973E-05 9.9973E-05
9.9964E-05 0.725339 0.145038 9.9964E-05 0.0426887 9.9964E-05 9.9964E-05 0.0865342
0.628653 0.0337834 9.9973E-05 9.9973E-05 9.9973E-05 0.0229411 0.0434778 0.270845
0.593233 0.030893 0.0557766 0.00490643 0.0658222 9.9991E-05 0.0704303 0.178838
0.756483 9.9964E-05 9.9964E-05 0.0500962 0.0646973 9.9964E-05 0.128323 9.9964E-05
0.238006 0.092932 0.0179121 9.9982E-05 9.9982E-05 0.113945 0.427793 0.109213
0.0800072 0.0979823 9.9991E-05 0.0444672 0.0442741 0.00195422 0.583571 0.147644
0.552894 9.9955E-05 9.9955E-05 9.9955E-05 0.128992 9.9955E-05 0.317614 9.9955E-05
0.320546 9.9973E-05 9.9973E-05 9.9973E-05 0.0244641 0.0360743 0.567943 0.0506731
0.478345 0.0794815 9.9991E-05 0.0281959 0.0271447 0.055856 0.324585 0.00629267
0.332517 9.9973E-05 9.9973E-05 0.00295237 9.9973E-05 0.0146347 0.480197 0.169399
0.276331 9.9982E-05 0.0316743 0.0396672 0.0434001 0.136991 0.471736 9.9982E-05
0.57183 9.9982E-05 0.0261325 0.0135679 9.9982E-05 0.0199411 0.186121 0.182207
0.575603 9.9973E-05 0.0330554 9.9973E-05 9.9973E-05 0.00287955 0.336103 0.0520586
0.482164 9.9964E-05 0.0835747 9.9964E-05 9.9964E-05 9.9964E-05 0.313813 0.120049
0.0331676 0.0675415 0.0774713 9.9982E-05 0.159817 9.9982E-05 0.589732 0.0720706
0.579808 0.0452978 0.00919441 9.9964E-05 9.9964E-05 9.9964E-05 0.3653 9.9964E-05
0.464571 0.020017 0.0295853 9.9982E-05 9.9982E-05 0.0295947 0.4197 0.0363317
9.9973E-05 0.0671871 9.9973E-05 0.0272588 9.9973E-05 0.389961 0.452368 0.0629255
0.00635501 0.105294 9.9991E-05 0.00439423 0.06328 0.394865 0.385701 0.0400109
9.9973E-05 0.134787 9.9973E-05 0.0105274 0.0386295 0.355855 0.459901 9.9973E-05
9.9964E-05 0.0978875 9.9964E-05 9.9964E-05 0.11509 0.438778 0.347845 9.9964E-05
9.9982E-05 0.139713 0.0145738 0.0229166 0.0904939 0.234209 0.497893 9.9982E-05
0.290758 0.0142065 9.9982E-05 9.9982E-05 0.202381 0.0201761 0.460226 0.012053
9.9973E-05 0.244317 9.9973E-05 0.00212085 0.0787006 0.587246 0.0873159 9.9973E-05
9.9973E-05 0.196112 9.9973E-05 0.0178619 0.0259683 0.404375 0.355383 9.9973E-05
0.102473 0.112054 0.0575014 9.9982E-05 0.199449 0.163114 0.365209 9.9982E-05
9.9964E-05 0.0890266 9.9964E-05 9.9964E-05 0.32351 9.9964E-05 0.556417 0.0306459
9.9964E-05 0.0720369 9.9964E-05 9.9964E-05 0.243439 9.9964E-05 0.424443 0.259681
0.100797 0.0601357 0.123488 9.9991E-05 0.160748 0.00614057 0.532987 0.0156037
0.0640698 0.0700968 0.0308551 0.127462 0.0748045 0.00365699 0.601026 0.0280289
0.0485154 0.2364 9.9973E-05 9.9973E-05 0.0351922 0.382654 0.296939 9.9973E-05
0.0398974 0.175688 0.000288321 9.9982E-05 9.9982E-05 0.285503 0.440147 0.0582764
9.9973E-05 0.0722965 0.00268959 9.9973E-05 0.0459842 0.368364 0.510366 9.9973E-05
0.0290067 0.110071 0.0987821 9.9982E-05 0.0412067 0.244835 0.475899 9.9982E-05
9.9973E-05 0.109034 0.0580311 9.9973E-05 0.00690448 0.45833 0.367401 9.9973E-05
0.0178123 0.205826 0.00311201 0.0920778 9.9991E-05 0.251685 0.353226 0.0761611
9.9973E-05 0.0839136 9.9973E-05 0.0557909 0.0672159 0.511224 0.281556 9.9973E-05
0.0201617 0.051074 0.0198029 0.0383028 0.017169 0.447018 0.406372 9.9991E-05
0.0839333 0.0370552 0.0538594 9.9973E-05 0.306211 9.9973E-05 0.518641 9.9973E-05
0.11725 0.161342 0.00756917 9.9982E-05 0.0444142 0.322024 0.347201 9.9982E-05
9.9964E-05 0.144455 9.9964E-05 9.9964E-05 0.0684443 0.582867 0.203835 9.9964E-05
0.00956156 0.166963 0.0574508 0.0560734 0.0279933 0.284136 0.397722 9.9991E-05
0.0917671 0.128382 0.0768998 9.9982E-05 0.287119 9.9982E-05 0.156551 0.259081
0.0724388 9.9973E-05 9.9973E-05 9.9973E-05 0.172367 0.0774883 0.505998 0.171408
0.0136395 0.158907 9.9991E-05 0.0523154 0.0759915 0.28424 0.409267 0.00553936
9.9982E-05 0.072585 0.0444345 9.9982E-05 0.229958 0.00305015 0.549419 0.100353
0.0483172 0.135319 0.0241759 9.9982E-05 0.250723 9.9982E-05 0.516787 0.0244778
0.110807 0.136578 0.103134 9.9982E-05 0.0523002 0.265416 0.331564 9.9982E-05
9.9982E-05 0.229428 0.00591283 0.131525 0.0915046 0.218255 0.323175 9.9982E-05
0.129205 0.0889391 0.0735393 0.0453212 0.0399104 0.0851227 0.537863 9.9991E-05
0.0777736 0.209451 9.9964E-05 9.9964E-05 9.9964E-05 0.277149 0.435227 9.9964E-05
9.9964E-05 0.123664 9.9964E-05 9.9964E-05 0.0350996 0.420131 0.420706 9.9964E-05
9.9964E-05 0.209291 9.9964E-05 9.9964E-05 0.0345341 0.515432 0.240343 9.9964E-05
0.0512638 0.130661 0.0199622 0.02752 0.147528 0.045273 0.564602 0.0131899
0.0702505 0.0541953 0.0301525 9.9982E-05 0.254355 9.9982E-05 0.402997 0.187849
0.0759537 0.0587298 0.0467859 9.9982E-05 0.611788 0.011197 0.195346 9.9982E-05
0.152762 0.16906 0.0649095 9.9982E-05 0.0550877 0.128941 0.429039 9.9982E-05
9.9982E-05 0.0645148 0.168053 0.0509944 0.125362 9.9982E-05 0.403125 0.18775
0.0764749 0.179834 9.9982E-05 9.9982E-05 0.141795 0.0897414 0.47596 0.035995
0.0486136 0.124855 0.0653345 0.0808665 0.15339 0.0351882 0.445242 0.0465099
9.9955E-05 0.256207 9.9955E-05 9.9955E-05 0.582751 0.160543 9.9955E-05 9.9955E-05
9.9955E-05 0.19148 9.9955E-05 9.9955E-05 0.701785 0.106236 9.9955E-05 9.9955E-05
0.0492164 0.141028 0.0232981 0.0342482 0.318347 0.0783909 0.319686 0.0357853
