0.822595 0.054903 0.0519938 0.0701081 9.9964E-05 9.9964E-05 9.9964E-05 9.9964E-05
0.871426 9.9955E-05 9.9955E-05 0.0395675 0.0885067 9.9955E-05 9.9955E-05 9.9955E-05
0.793733 0.0162227 0.0489415 0.0375407 9.9982E-05 0.00152982 0.101832 9.9982E-05
0.74696 0.0231408 0.0986196 0.0643921 9.9973E-05 0.0665878 9.9973E-05 9.9973E-05
0.853296 9.9973E-05 0.0502537 9.9973E-05 0.0262966 0.00261858 0.0672355 9.9973E-05
0.557512 0.103943 0.0509723 0.0301024 0.0573858 0.0335009 0.069158 0.0974258
0.77105 0.058579 9.9964E-05 0.059767 9.9964E-05 9.9964E-05 9.9964E-05 0.110204
0.682022 9.9982E-05 0.0397281 0.0687384 0.037395 0.113053 9.9982E-05 0.0588629
0.81066 0.00692851 9.9982E-05 0.0458313 0.0491165 0.0477225 9.9982E-05 0.039541
0.630265 9.9991E-05 0.0765678 0.0679651 0.0606516 0.0398924 0.0827179 0.0418402
0.700657 0.0147472 9.9982E-05 0.00163367 9.9982E-05 0.0866105 0.0666781 0.129473
9.9973E-05 0.829272 0.0354445 9.9973E-05 9.9973E-05 0.0370648 0.0646012 0.0333174
9.9982E-05 0.424233 0.0209803 0.0764234 9.9982E-05 0.0198664 0.433946 0.0243501
9.9982E-05 0.60805 0.046047 0.017465 9.9982E-05 0.100396 0.149206 0.0786363
0.0152843 0.658365 0.122302 0.0076983 9.9982E-05 9.9982E-05 0.0932212 0.10293
0.147119 0.386302 0.0705378 9.9982E-05 0.000592192 9.9982E-05 0.309242 0.0860077
0.013762 0.195004 0.133759 0.0779317 0.0469693 0.0629016 0.446531 0.0231414
9.999E-05 0.456911 0.118887 0.0155107 0.00629076 0.0402694 0.315298 0.0467332
0.114434 0.663002 0.0558202 9.9973E-05 9.9973E-05 9.9973E-05 0.123665 0.0427788
9.9964E-05 0.756941 9.9964E-05 0.0436784 9.9964E-05 0.106569 9.9964E-05 0.092412
9.9982E-05 0.523237 0.102537 0.0129346 9.9982E-05 0.0281214 0.251222 0.0817475
9.9982E-05 0.303121 9.9982E-05 0.0388726 0.0319129 0.00761607 0.374166 0.244112
0.0718355 0.27594 0.0620568 9.9982E-05 0.0805243 0.0630439 0.4464 9.9982E-05
9.9973E-05 0.759222 0.0380157 0.0301529 9.9973E-05 9.9973E-05 0.133211 0.0390989
0.0392839 0.197519 0.0379588 0.0497593 9.9991E-05 0.0291466 0.599388 0.0468444
9.9973E-05 0.469926 0.149074 0.0579532 9.9973E-05 9.9973E-05 0.307342 0.0154056
0.000526822 0.866351 0.0813906 0.0513313 9.9964E-05 9.9964E-05 9.9964E-05 9.9964E-05
9.9946E-05 0.811918 0.187482 9.9946E-05 9.9946E-05 9.9946E-05 9.9946E-05 9.9946E-05
9.9973E-05 0.734591 9.9973E-05 9.9973E-05 0.036121 0.0446984 0.101689 0.0826006
9.994E-05 9.994E-05 9.994E-05 0.9993 9.994E-05 9.994E-05 9.994E-05 9.994E-05
9.994E-05 9.994E-05 9.994E-05 0.9993 9.994E-05 9.994E-05 9.994E-05 9.994E-05
0.489473 0.0291314 0.0443164 0.370655 9.9973E-05 9.9973E-05 0.0661252 9.9973E-05
0.482903 0.0251694 0.0330891 0.310235 0.0208436 9.9991E-05 0.0807166 0.0469423
0.0677616 0.21128 9.9991E-05 0.00699147 0.115889 0.03905 0.554046 0.00488151
0.053146 0.142662 0.0389029 0.0253922 0.214049 9.9982E-05 0.525649 9.9982E-05
0.0338748 0.069399 9.9982E-05 0.0202085 0.200229 0.00806717 0.668021 9.9982E-05
0.0828462 0.624888 0.00411521 0.0552854 0.0257183 0.180781 0.0262661 9.9991E-05
0.0248439 0.130889 9.9982E-05 0.0197292 0.458315 0.0020015 0.364022 9.9982E-05
0.0809672 0.109459 0.0209253 0.0239883 0.157096 0.0541467 0.553317 9.9991E-05
9.9973E-05 0.0811302 0.0532171 0.0592745 0.138806 9.9973E-05 0.667273 9.9973E-05
0.0936112 0.0486124 0.0155472 0.0254439 0.0947124 0.018424 0.662961 0.0406876
0.071299 0.111271 0.0320995 0.0409719 9.9991E-05 0.0542313 0.665331 0.0246964
0.0477633 0.509213 9.9964E-05 9.9964E-05 0.342997 9.9964E-05 0.0996269 9.9964E-05
0.0262645 0.167031 0.00246145 0.0158143 0.0484473 0.00452721 0.574686 0.160768
0.0630756 0.173374 0.165747 9.9973E-05 0.124389 9.9973E-05 0.473115 9.9973E-05
0.100722 0.137191 0.0797068 0.0702349 0.0625526 0.0100613 0.539431 9.9991E-05
9.9955E-05 0.111083 9.9955E-05 9.9955E-05 0.491631 9.9955E-05 0.396786 9.9955E-05
0.0226263 9.9982E-05 9.9982E-05 0.0838134 0.1754 0.0684322 0.622175 0.0273538
0.149318 0.050248 0.00761685 9.9982E-05 0.24667 9.9982E-05 0.53974 0.00620763
0.119117 0.0724607 9.9964E-05 9.9964E-05 0.696449 9.9964E-05 9.9964E-05 0.111573
9.9982E-05 0.387907 9.9982E-05 0.00221054 0.143008 0.235662 0.184753 0.0462598
9.9973E-05 0.281188 9.9973E-05 9.9973E-05 0.336759 0.0253978 0.0751863 0.281169
0.124567 0.0706763 0.0722199 0.0347822 9.9991E-05 0.119652 0.567579 0.0104241
0.135898 0.132231 0.0437495 0.00427497 9.9991E-05 0.106733 0.550929 0.026085
0.00373849 0.121499 0.0454272 0.0110938 0.0161135 0.0621646 0.608571 0.131393
0.115262 0.309086 9.9982E-05 9.9982E-05 0.177413 0.195729 0.181743 0.0205681
0.00104234 0.164384 9.9973E-05 9.9973E-05 9.9973E-05 0.20078 0.569129 0.0643642
0.0387067 0.283631 0.0287936 9.9973E-05 9.9973E-05 9.9973E-05 0.54913 0.0994385
0.0830883 0.380882 0.0198318 0.0779954 0.107328 9.9991E-05 0.305316 0.0254574
0.173647 0.504342 9.9982E-05 0.0113495 9.9982E-05 0.0430494 0.0416765 0.225736
9.999E-05 0.101577 0.120859 0.0637359 0.0437207 0.148978 0.445122 0.0759067
0.0782342 0.216948 0.0334412 9.9982E-05 9.9982E-05 0.125684 0.431005 0.114488
9.9973E-05 0.634199 9.9973E-05 0.0601542 0.0824663 0.170814 9.9973E-05 0.0520663
9.9973E-05 0.341473 0.0286219 9.9973E-05 9.9973E-05 0.0159932 0.489356 0.124256
0.0269448 9.9991E-05 0.080058 0.0092843 0.111938 0.0174458 0.638609 0.115621
0.0902697 0.119747 0.0149087 0.0318916 0.0466502 0.0159662 0.590029 0.0905383
0.0629965 0.45181 0.026855 0.0344709 0.0713091 0.0935739 0.203313 0.0556716
9.9964E-05 0.30022 9.9964E-05 0.0425133 9.9964E-05 9.9964E-05 0.493963 0.162903
9.9973E-05 0.234368 9.9973E-05 0.0627509 9.9973E-05 0.119446 0.517702 0.0654342
9.9982E-05 0.497711 9.9982E-05 0.0568423 0.0922386 0.135131 0.129367 0.0885108
9.9964E-05 0.249725 9.9964E-05 9.9964E-05 0.167898 0.0317566 0.550221 9.9964E-05
9.9955E-05 0.495871 9.9955E-05 9.9955E-05 0.331017 9.9955E-05 0.172612 9.9955E-05
0.0764123 0.229866 0.0457416 9.9973E-05 0.12144 9.9973E-05 0.52624 9.9973E-05
9.9964E-05 0.211741 9.9964E-05 9.9964E-05 0.724393 9.9964E-05 0.0266722 0.0367946
9.9964E-05 0.282752 0.00448193 9.9964E-05 0.682818 0.0295488 9.9964E-05 9.9964E-05
9.9955E-05 0.110729 9.9955E-05 9.9955E-05 0.517132 9.9955E-05 0.371639 9.9955E-05
9.9964E-05 0.233531 9.9964E-05 9.9964E-05 0.24835 0.0343411 0.483378 9.9964E-05
0.111823 0.198587 0.0433581 0.0113772 0.0349428 0.0839964 0.498614 0.017302
9.9982E-05 0.266871 0.0259574 0.00899989 0.239811 9.9982E-05 0.423269 0.0348911
0.0705229 0.406839 0.0356114 9.9982E-05 0.312129 0.00796872 0.166729 9.9982E-05
9.9973E-05 0.317319 9.9973E-05 0.00526649 0.264305 0.139574 0.273236 9.9973E-05
0.0936416 0.155046 0.0795745 0.0532353 0.105847 0.00260722 0.469507 0.0405417
0.0279079 0.473139 9.9964E-05 9.9964E-05 0.206648 9.9964E-05 0.291905 9.9964E-05
0.0488115 0.268806 9.9973E-05 9.9973E-05 0.251124 0.0366696 0.394289 9.9973E-05
0.0188411 0.175962 9.9973E-05 9.9973E-05 0.36242 9.9973E-05 0.442011 0.000466242
0.0233596 0.220336 0.0369591 9.9973E-05 0.667677 9.9973E-05 9.9973E-05 0.0513684
0.006423 0.0659276 9.9982E-05 0.0766754 0.0920119 0.100642 0.65812 9.9982E-05
0.763528 0.0275804 0.02881 0.061709 9.9982E-05 0.0646369 0.0535359 9.9982E-05
0.813794 9.9964E-05 9.9964E-05 0.134065 9.9964E-05 9.9964E-05 0.049658 0.00208237
0.751509 9.9964E-05 0.0577415 0.123986 9.9964E-05 9.9964E-05 0.0663638 9.9964E-05
0.788449 9.9964E-05 9.9964E-05 0.147409 9.9964E-05 9.9964E-05 0.0416811 0.022062
0.73269 9.9964E-05 9.9964E-05 0.135821 9.9964E-05 9.9964E-05 0.081997 0.0490926
0.805128 9.9973E-05 0.0197196 0.0993737 9.9973E-05 9.9973E-05 0.0446377 0.0308414
0.88729 9.9964E-05 0.00467293 0.0557653 9.9964E-05 9.9964E-05 0.0518724 9.9964E-05
0.0934569 0.126119 0.102956 0.00249246 0.1039 0.0393839 0.490485 0.0412078
0.0766005 0.0740871 0.103322 0.0717853 0.108772 0.0331621 0.532171 9.9991E-05
0.01029 0.383164 9.9964E-05 9.9964E-05 0.57155 9.9964E-05 0.0345963 9.9964E-05
0.0787047 0.121545 0.0805783 9.9982E-05 0.162635 9.9982E-05 0.511586 0.0447519
0.026907 0.316493 9.9973E-05 0.0284316 0.187598 9.9973E-05 0.440271 9.9973E-05
0.0620524 9.9982E-05 0.0225662 0.0200269 0.186901 0.0874072 0.620846 9.9982E-05
0.0829059 0.0696685 0.0470363 0.0324089 0.264865 9.9982E-05 0.502915 9.9982E-05
0.0136523 0.101677 0.086891 0.0275686 0.308498 9.9982E-05 0.461514 9.9982E-05
0.0453893 0.402625 9.9964E-05 9.9964E-05 0.529557 0.0220288 9.9964E-05 9.9964E-05
0.0813373 9.9982E-05 9.9982E-05 0.0742677 0.175921 0.0453884 0.566958 0.0559276
0.0922087 0.0922233 0.015569 9.9973E-05 0.155747 9.9973E-05 0.643952 9.9973E-05
0.0290731 0.155922 0.0472613 0.0474424 0.0541211 0.0150597 0.625889 0.0252315
9.9982E-05 0.131245 0.00755277 0.0802381 0.384132 9.9982E-05 0.356307 0.0403255
0.0868842 9.9964E-05 0.0025256 9.9964E-05 0.334931 9.9964E-05 0.57526 9.9964E-05
0.0604868 0.271215 9.9964E-05 9.9964E-05 0.213823 9.9964E-05 0.454075 9.9964E-05
9.9964E-05 0.0768923 0.134103 9.9964E-05 0.492494 9.9964E-05 0.296111 9.9964E-05
0.0652358 0.241761 9.9964E-05 9.9964E-05 0.265438 9.9964E-05 0.427166 9.9964E-05
0.0544388 0.0376765 0.00706966 0.00936935 0.0674017 0.0830347 0.591656 0.149353
9.9982E-05 0.403135 0.0197789 9.9982E-05 0.090915 0.129619 0.176387 0.179965
0.0560329 0.205524 0.0407039 0.0551317 9.9991E-05 0.201434 0.362603 0.0784707
0.0931553 0.108397 0.0615086 0.00551193 0.0287529 0.107897 0.594677 9.9991E-05
0.0977985 9.9982E-05 0.0874213 0.0126238 0.0963255 0.167485 0.538146 9.9982E-05
9.9964E-05 0.371176 9.9964E-05 0.0897872 9.9964E-05 0.153487 0.38515 9.9964E-05
0.0417881 0.239854 9.9973E-05 9.9973E-05 9.9973E-05 0.0611908 0.597875 0.058992
0.00927094 0.216776 0.0282975 9.9973E-05 9.9973E-05 0.278234 0.467121 9.9973E-05
9.9991E-05 0.0378426 0.0269742 0.0265263 0.0695512 0.16851 0.528263 0.142233
0.0961366 0.0643609 0.0204377 0.0188054 0.0529665 0.175435 0.571758 9.9991E-05
0.0246106 0.311873 0.0283384 0.0453352 9.9991E-05 0.00819897 0.528361 0.0531831
9.9964E-05 0.258329 9.9964E-05 0.0114721 9.9964E-05 0.216634 0.513165 9.9964E-05
0.0193918 9.9982E-05 9.9982E-05 0.0441991 0.0529176 0.129334 0.6586 0.0953579
0.0898191 0.0384635 0.0527017 0.0326938 0.04804 0.0731562 0.597678 0.0674476
9.9982E-05 0.114264 0.0148991 0.0141446 0.0349363 0.212244 0.609312 9.9982E-05
0.00414644 9.9991E-05 0.0495618 0.0562993 0.0530113 0.171011 0.568566 0.0973044
9.9982E-05 0.0833774 0.125994 0.0421668 0.081709 0.174163 0.49239 9.9982E-05
0.0589185 0.289483 9.9991E-05 0.0333184 0.00340147 0.107861 0.344529 0.162389
0.00781327 0.185753 0.104835 0.0305879 9.9991E-05 0.113169 0.528722 0.029021
9.9973E-05 0.0351046 0.00227089 9.9973E-05 9.9973E-05 0.222418 0.676846 0.0630608
0.0059489 0.332252 0.0647354 9.9991E-05 0.158183 0.213202 0.210381 0.015197
9.9982E-05 0.326698 0.000579124 9.9982E-05 0.145075 0.140181 0.147832 0.239435
0.0412731 0.117988 0.0710405 9.9991E-05 0.0388286 0.149026 0.498554 0.0831894
9.9973E-05 0.0856484 9.9973E-05 9.9973E-05 0.362785 0.275433 0.155194 0.12064
0.0278119 0.496524 0.00498933 9.9991E-05 0.0532412 0.173996 0.185518 0.0578189
0.0313086 0.428619 9.9973E-05 9.9973E-05 0.0816652 0.0495017 0.408605 9.9973E-05
9.9973E-05 0.309055 9.9973E-05 0.0567443 0.0580291 0.260978 0.314893 9.9973E-05
9.9973E-05 0.459354 0.0668298 9.9973E-05 0.036713 0.243365 0.193438 9.9973E-05
0.0602788 0.087868 0.00439193 0.0565885 0.128114 0.0235524 0.639106 9.9991E-05
0.082536 0.077688 9.9982E-05 9.9982E-05 0.0569654 0.120293 0.621542 0.0407755
0.000419665 0.205391 0.0439784 0.0560331 0.166124 0.0625022 0.465451 9.9991E-05
9.9982E-05 0.393274 0.0619004 9.9982E-05 0.193011 0.120189 0.0647812 0.166645
0.109172 0.0411615 0.0878784 9.9991E-05 0.0774398 0.175314 0.492603 0.016331
9.9982E-05 0.22628 0.00474525 0.0107124 0.0843672 9.9982E-05 0.423704 0.249991
0.121702 0.0879954 9.9982E-05 9.9982E-05 0.341565 0.122478 0.00880165 0.317259
0.0986778 9.9964E-05 9.9964E-05 9.9964E-05 0.131334 9.9964E-05 0.676815 0.0927736
0.0523449 9.9982E-05 0.0168795 9.9982E-05 0.20593 0.105825 0.392048 0.226773
0.0857707 0.143445 0.0476516 9.9982E-05 0.0195187 9.9982E-05 0.527726 0.175689
9.9982E-05 0.0117995 9.9982E-05 0.0130577 0.199597 0.145312 0.238253 0.391781
9.9973E-05 9.9973E-05 9.9973E-05 0.0455909 0.233071 0.186999 0.204422 0.329617
9.9982E-05 0.119661 9.9982E-05 0.0111209 0.118903 0.117036 0.439823 0.193256
0.0115249 0.100891 0.00236338 9.9982E-05 9.9982E-05 0.0637178 0.595158 0.226145
0.137283 0.23265 9.9982E-05 9.9982E-05 0.0340938 0.00591148 0.418334 0.171527
9.9982E-05 0.232944 0.115163 0.00388557 0.261802 0.0429822 9.9982E-05 0.343023
0.0802706 0.165692 0.116348 9.9982E-05 0.132115 0.0635349 0.441839 9.9982E-05
9.9973E-05 0.0965017 9.9973E-05 9.9973E-05 0.176704 0.129383 0.423883 0.173228
9.9973E-05 0.170334 9.9973E-05 9.9973E-05 0.217332 0.0325602 0.482594 0.0968795
0.00367377 9.9991E-05 0.00202276 0.00495967 0.00289307 0.0976556 0.712775 0.175921
0.226997 0.0797674 0.212209 0.0642943 9.9982E-05 9.9982E-05 0.131556 0.284976
0.40099 9.9964E-05 0.0904093 0.00941142 9.9964E-05 9.9964E-05 9.9964E-05 0.498789
0.298929 9.9964E-05 0.091722 0.00714003 9.9964E-05 9.9964E-05 9.9964E-05 0.601809
0.270251 0.0158582 0.286726 0.0378728 9.9991E-05 0.0122872 0.0682642 0.308641
9.9964E-05 9.9964E-05 9.9964E-05 9.9964E-05 0.118986 0.0202804 0.698044 0.162289
0.126217 9.9982E-05 9.9982E-05 0.0350534 0.0827945 0.047932 0.697773 0.0100296
9.9964E-05 0.108273 0.673928 9.9964E-05 9.9964E-05 0.00842185 0.208977 9.9964E-05
0.0759687 0.181921 0.468214 9.9973E-05 9.9973E-05 0.0209694 0.252627 9.9973E-05
0.0698287 0.0479126 0.433793 9.9982E-05 9.9982E-05 0.0353335 0.366489 0.0464431
9.9982E-05 0.0579645 9.9982E-05 0.0344179 0.312186 0.00221775 0.390415 0.202598
0.118415 0.0720966 9.9982E-05 0.00699483 0.189308 9.9982E-05 0.522907 0.0900794
9.9964E-05 9.9964E-05 9.9964E-05 9.9964E-05 0.369749 0.119559 0.224239 0.286053
9.9964E-05 9.9964E-05 9.9964E-05 9.9964E-05 0.154718 0.0957417 0.593747 0.155394
9.9982E-05 0.117785 9.9982E-05 0.0147272 0.216863 0.003544 0.514462 0.132418
0.00594335 0.0361514 0.0302335 9.9991E-05 0.0604516 0.0744014 0.6183 0.174419
9.9973E-05 0.161953 9.9973E-05 9.9973E-05 0.319846 0.0125259 0.226998 0.278378
9.9982E-05 9.9982E-05 0.0826831 0.0170153 0.0621797 0.143073 0.655919 0.0389304
0.0554267 0.105531 0.0392974 9.9991E-05 0.0126364 0.0738611 0.566399 0.146749
9.9946E-05 9.9946E-05 0.943247 9.9946E-05 0.0561538 9.9946E-05 9.9946E-05 9.9946E-05
9.9973E-05 0.0290957 0.883866 9.9973E-05 0.015489 0.0187083 0.0525408 9.9973E-05
0.0498114 0.21485 0.527966 0.00392728 9.99731E-05 9.99731E-05 0.203146 9.99731E-05
9.9955E-05 9.9955E-05 0.593781 0.0208892 9.9955E-05 9.9955E-05 0.38483 9.9955E-05
9.9964E-05 9.9964E-05 0.823447 0.00416277 9.9964E-05 9.9964E-05 0.0922753 0.0797154
9.9946E-05 9.9946E-05 0.959775 9.9946E-05 9.9946E-05 9.9946E-05 9.9946E-05 0.0396253
0.00183254 9.9973E-05 0.955694 0.0270801 0.00440239 0.0106907 9.9973E-05 9.9973E-05
9.9946E-05 9.9946E-05 0.795446 9.9946E-05 9.9946E-05 9.9946E-05 0.203954 9.9946E-05
9.9955E-05 0.0306776 0.96103 9.9955E-05 9.9955E-05 0.00779253 9.9955E-05 9.9955E-05
9.994E-05 9.994E-05 0.9993 9.994E-05 9.994E-05 9.994E-05 9.994E-05 9.994E-05
9.9946E-05 9.9946E-05 0.987524 0.0118766 9.9946E-05 9.9946E-05 9.9946E-05 9.9946E-05
9.9973E-05 0.00154648 0.787829 0.0282142 9.9973E-05 9.9973E-05 0.171971 0.0101393
0.0508779 9.9973E-05 0.785496 9.9973E-05 9.9973E-05 0.0401889 0.0795479 0.043589
9.9946E-05 9.9946E-05 0.960515 9.9946E-05 0.0388858 9.9946E-05 9.9946E-05 9.9946E-05
0.0179078 0.186742 0.470301 0.015819 0.0728133 9.9982E-05 0.236217 9.9982E-05
0.0377621 0.0324654 0.67672 0.062173 0.0124905 0.0709241 0.107365 9.9991E-05
0.0265155 9.9982E-05 0.702201 0.025398 9.9982E-05 0.0716136 0.14997 0.0241025
9.9964E-05 0.086036 0.816574 0.0126242 9.9964E-05 9.9964E-05 0.0843655 9.9964E-05
9.9955E-05 9.9955E-05 0.972058 9.9955E-05 9.9955E-05 9.9955E-05 0.0152396 0.0122022
0.0518083 9.9973E-05 0.828207 0.0138172 9.9973E-05 9.9973E-05 0.0784983 0.0273696
9.9946E-05 9.9946E-05 0.952964 0.046436 9.9946E-05 9.9946E-05 9.9946E-05 9.9946E-05
0.0274657 0.0562328 0.65666 0.0111496 0.0546742 0.0253699 0.168348 9.9991E-05
0.0612083 9.9955E-05 0.882906 9.9955E-05 0.0553858 9.9955E-05 9.9955E-05 9.9955E-05
0.283842 9.9964E-05 0.00526458 9.9964E-05 0.281378 9.9964E-05 9.9964E-05 0.429115
0.126114 9.9991E-05 0.00861274 0.0231197 0.0216127 0.11392 0.454232 0.252289
0.222813 9.9991E-05 0.00308626 0.0310565 0.0861652 0.0360582 0.473602 0.147119
0.0986871 9.9991E-05 0.0303328 0.0550505 0.167238 0.0668994 0.166223 0.415469
0.108149 9.9982E-05 0.10046 9.9982E-05 0.0566375 0.0449351 0.523115 0.166502
0.14218 0.0112032 0.10425 0.0405749 0.140242 9.9991E-05 0.206699 0.354751
0.115853 9.9991E-05 0.0759993 0.0445878 0.133943 0.0640878 0.462497 0.102932
0.0354378 0.012226 0.177497 0.0109588 9.9991E-05 0.118238 0.296164 0.349379
0.0982981 0.000717446 0.109554 0.0544555 0.0657618 9.9991E-05 0.453845 0.217269
0.0587608 9.9973E-05 0.133693 0.0563982 9.9973E-05 9.9973E-05 0.374829 0.376019
0.169227 0.0851023 0.030939 0.0631202 0.0816216 0.0306241 0.434477 0.104889
0.831085 9.9973E-05 9.9973E-05 9.9973E-05 0.0365258 0.0820067 0.0448944 0.0051884
0.858915 9.9964E-05 0.0534483 0.0824357 0.00480091 9.9964E-05 9.9964E-05 9.9964E-05
0.811219 9.9964E-05 9.9964E-05 0.103635 9.9964E-05 0.0222334 9.9964E-05 0.0625134
0.891884 9.9955E-05 9.9955E-05 0.0599919 9.9955E-05 0.0476248 9.9955E-05 9.9955E-05
0.714025 9.9964E-05 9.9964E-05 0.16836 9.9964E-05 0.0374743 9.9964E-05 0.0797407
0.832609 0.00193346 0.0796096 0.0684946 9.9973E-05 9.9973E-05 9.9973E-05 0.0170537
0.807183 9.9955E-05 0.0964438 0.0958735 9.9955E-05 9.9955E-05 9.9955E-05 9.9955E-05
0.807575 9.9964E-05 9.9964E-05 0.0548331 0.0461131 9.9964E-05 9.9964E-05 0.0910785
0.868863 0.0419405 0.00843781 0.0510841 0.0134622 9.9991E-05 0.00201184 0.0141002
0.794683 9.9973E-05 0.0699971 0.0218037 9.9973E-05 0.0181515 9.9973E-05 0.0950648
0.55 0.21614 9.9973E-05 0.0846781 0.0789566 0.069926 9.9973E-05 9.9973E-05
0.565369 0.195405 9.9973E-05 0.0473521 0.0332023 0.158371 9.9973E-05 9.9973E-05
0.463578 0.311304 9.9982E-05 0.0701481 0.0217131 0.0782708 9.9982E-05 0.0547864
0.514799 0.312527 9.9964E-05 9.9964E-05 0.0340181 0.138256 9.9964E-05 9.9964E-05
0.0188282 0.330759 9.9973E-05 0.0385817 0.0671926 9.9973E-05 0.544339 9.9973E-05
0.0625184 0.204903 0.0567015 9.9982E-05 0.219284 0.0162617 0.440131 9.9982E-05
9.9982E-05 0.240558 0.019924 0.0289708 0.08664 0.0614451 0.562262 9.9982E-05
0.0630184 0.366297 9.9991E-05 0.0159808 0.0792967 0.12114 0.336784 0.0173835
9.9964E-05 0.534907 9.9964E-05 9.9964E-05 9.9964E-05 0.327421 0.120292 0.0169808
0.0583334 0.0425973 0.0228974 9.9982E-05 0.178953 0.0435226 0.653496 9.9982E-05
0.0124238 0.0781448 9.9973E-05 9.9973E-05 0.193428 0.0602608 0.655443 9.9973E-05
9.9973E-05 0.133326 9.9973E-05 9.9973E-05 0.214991 0.0568202 0.545439 0.0491239
9.9964E-05 9.9964E-05 0.0473932 9.9964E-05 0.524518 0.00057507 0.427114 9.9964E-05
0.0655769 0.077489 9.9973E-05 9.9973E-05 0.138334 0.0671567 0.651143 9.9973E-05
0.0380717 0.243159 9.9973E-05 9.9973E-05 0.226661 0.0697998 0.422009 9.9973E-05
9.9973E-05 0.19398 0.00224314 0.00445868 0.756845 0.0421729 9.9973E-05 9.9973E-05
0.0215078 0.145413 0.0928499 9.9982E-05 0.138704 0.199512 0.401813 9.9982E-05
9.9964E-05 0.151902 9.9964E-05 9.9964E-05 0.459736 9.9964E-05 0.305985 0.0819779
9.9973E-05 0.101027 0.0666374 0.00833219 0.332605 9.9973E-05 0.491098 9.9973E-05
0.0233582 0.514047 9.9973E-05 9.9973E-05 0.390834 0.0321627 0.0392975 9.9973E-05
0.0798713 9.9973E-05 0.0150961 9.9973E-05 0.0347137 0.823789 9.9973E-05 0.0462299
0.0669272 9.9964E-05 9.9964E-05 9.9964E-05 9.9964E-05 0.787515 0.102612 0.0425459
9.9946E-05 9.9946E-05 9.9946E-05 9.9946E-05 0.0970766 0.902324 9.9946E-05 9.9946E-05
0.106968 9.9955E-05 9.9955E-05 9.9955E-05 0.0437206 0.848812 9.9955E-05 9.9955E-05
9.9982E-05 0.0447297 0.0297396 0.000653786 9.9982E-05 0.818079 0.0623979 0.0442006
0.0257853 9.9973E-05 0.0803093 9.9973E-05 0.00643339 0.78459 0.102582 9.9973E-05
0.772711 9.9973E-05 0.0698667 0.0912347 9.9973E-05 9.9973E-05 0.0397074 0.0261801
0.806513 0.0266127 0.0589149 0.0280938 9.9991E-05 0.0181718 0.0530251 0.00856843
0.679533 9.9973E-05 0.129969 0.0879692 9.9973E-05 9.9973E-05 0.0970564 0.00517226
0.746197 0.095464 0.136566 0.0183274 9.9973E-05 9.9973E-05 0.00314562 9.9973E-05
0.747156 9.9973E-05 0.0376859 0.0555093 9.9973E-05 0.0394842 0.119865 9.9973E-05
0.311369 0.0789574 9.9973E-05 0.051267 9.9973E-05 0.505361 9.9973E-05 0.0527464
0.461899 9.9973E-05 9.9973E-05 0.0224761 0.12759 0.357907 9.9973E-05 0.0298279
0.410565 0.00572062 9.9973E-05 0.0594314 0.115547 0.408435 9.9973E-05 9.9973E-05
9.994E-05 9.994E-05 9.994E-05 0.9993 9.994E-05 9.994E-05 9.994E-05 9.994E-05
0.320256 0.0841718 9.9973E-05 0.04537 0.0795019 0.4704 9.9973E-05 9.9973E-05
0.171456 9.9982E-05 0.277642 0.0168376 0.0117635 9.9982E-05 0.326091 0.19601
0.105835 0.034574 0.176249 0.00959517 9.9982E-05 9.9982E-05 0.602698 0.0708482
0.147597 9.9964E-05 0.244231 0.0596844 9.9964E-05 9.9964E-05 0.548088 9.9964E-05
0.218582 9.9982E-05 0.227208 0.0164669 0.123391 9.9982E-05 0.329297 0.0848549
0.133321 9.9991E-05 0.255497 0.0673035 0.0684937 0.0186996 0.414596 0.0419897
0.320315 9.9955E-05 0.292378 9.9955E-05 9.9955E-05 9.9955E-05 9.9955E-05 0.386807
9.9973E-05 0.248036 9.9973E-05 9.9973E-05 0.021661 0.203149 0.437977 0.0888775
9.9973E-05 0.109737 9.9973E-05 9.9973E-05 0.219244 0.16966 0.33387 0.167189
0.0575837 0.602037 9.9982E-05 0.0372102 9.9982E-05 0.136998 0.137122 0.0288499
9.9973E-05 0.0578774 9.9973E-05 9.9973E-05 0.179398 0.156124 0.497972 0.108328
9.9964E-05 0.0866926 9.9964E-05 9.9964E-05 0.4939 0.175926 9.9964E-05 0.243081
9.9982E-05 0.244453 9.9982E-05 0.0829909 0.0205228 0.0419702 0.488537 0.121326
0.0282689 0.149001 0.00678281 0.023271 0.0896246 0.133388 0.492706 0.0769572
0.0309079 0.414152 9.9982E-05 0.0131766 9.9982E-05 0.200089 0.280928 0.0605466
0.165646 0.0783623 0.0150293 0.00672758 0.131512 0.0229561 0.529076 0.0506908
9.9973E-05 0.502183 9.9973E-05 9.9973E-05 0.211638 0.00837613 0.0529271 0.224575
9.9973E-05 0.0951499 9.9973E-05 9.9973E-05 0.129611 0.149642 0.504367 0.12093
9.9982E-05 0.215722 0.0131886 0.0686831 0.048423 0.13627 0.517514 9.9982E-05
0.150491 0.0679535 0.147589 9.9991E-05 0.0135807 0.0533401 0.436374 0.130572
9.9973E-05 0.217842 9.9973E-05 9.9973E-05 0.147502 0.135123 0.404363 0.09487
0.000360014 0.156852 0.0468978 9.9991E-05 0.104983 0.145468 0.453856 0.0914826
9.9982E-05 0.158483 0.0694337 9.9982E-05 0.155857 0.0361632 0.482917 0.0969467
0.0369216 0.0655823 0.00828699 9.9991E-05 0.115326 0.112683 0.652257 0.00884371
9.9982E-05 0.0704451 0.0385344 0.0591518 0.147524 0.0538485 0.630296 9.9982E-05
0.102783 0.131862 9.9991E-05 0.0224103 0.020795 0.123067 0.545313 0.0536693
0.092602 0.0665169 0.00973713 0.0242329 0.0762491 0.0429628 0.628041 0.0596578
0.793897 9.9955E-05 0.102229 9.9955E-05 9.9955E-05 9.9955E-05 0.103374 9.9955E-05
0.816169 9.9973E-05 0.052552 0.0223924 0.0453738 9.9973E-05 0.0632134 9.9973E-05
0.815635 0.0283217 9.9982E-05 9.9982E-05 0.0491266 0.0116907 0.0783584 0.016668
0.792824 9.9982E-05 0.0264543 0.0320673 0.0677791 0.0567641 0.0239116 9.9982E-05
0.783799 9.9964E-05 0.0474028 0.0575682 9.9964E-05 9.9964E-05 0.11083 9.9964E-05
0.00753376 0.599995 0.0516345 9.9982E-05 9.9982E-05 0.288404 0.00558267 0.0466504
0.0186762 0.177938 0.0584849 0.0505571 0.0811917 0.0472932 0.506086 0.0597728
0.251671 0.0306186 0.127235 9.9991E-05 0.0372911 0.0453199 0.421288 0.0864768
0.058362 0.055499 0.0856127 0.0103245 0.00887876 0.077204 0.64392 0.0601985
0.0209745 0.232676 0.0112521 0.0332889 0.0171883 0.190488 0.494032 9.9991E-05
9.9991E-05 0.231112 0.0375808 0.0125344 0.0178328 0.289564 0.209508 0.201769
0.0612012 0.477792 9.9973E-05 0.0568189 9.9973E-05 0.32367 9.9973E-05 0.0802182
0.0111279 0.0814422 0.0623801 0.00928341 0.0193348 0.291031 0.5253 9.9991E-05
0.0210105 0.332594 0.0450642 0.042594 0.17203 0.295301 0.0911089 0.000297634
0.100143 0.0435607 0.0268351 9.9991E-05 0.206146 0.185965 0.383711 0.0535378
0.124899 0.352731 0.0212365 0.0310332 0.0581888 0.30366 0.0781599 0.0300911
0.0927257 0.0997635 0.12364 9.9982E-05 0.00806629 0.161982 0.513622 9.9982E-05
0.0404703 0.483004 0.0288705 0.0471234 0.0418058 0.272294 0.086331 9.9991E-05
0.0180311 0.167318 0.103597 0.0487939 0.152531 0.209037 0.284306 0.016386
0.00993413 0.132699 0.123522 0.0136742 0.0701809 0.110389 0.403382 0.136219
9.9973E-05 0.0328962 9.9973E-05 9.9973E-05 0.21348 0.152915 0.352167 0.248242
0.0433114 0.0752918 9.9982E-05 9.9982E-05 0.0461948 0.0840241 0.595809 0.155168
0.132735 0.0892681 9.9991E-05 0.0163133 0.0989717 0.0559808 0.556136 0.0504949
9.9964E-05 9.9964E-05 9.9964E-05 9.9964E-05 0.212365 0.135834 0.370902 0.280499
0.0772372 0.172472 0.033739 0.060631 0.0933248 0.0396683 0.439272 0.0836564
0.0596544 9.9982E-05 9.9982E-05 0.0437142 0.175514 0.100917 0.539041 0.0809596
9.9964E-05 9.9964E-05 9.9964E-05 9.9964E-05 0.40798 0.207939 0.102097 0.281584
9.9973E-05 0.0302359 9.9973E-05 9.9973E-05 0.205349 0.0784701 0.304394 0.381252
9.9964E-05 9.9964E-05 9.9964E-05 9.9964E-05 0.0933168 0.168068 0.522276 0.215939
9.9973E-05 0.058183 9.9973E-05 9.9973E-05 0.394604 0.119821 0.201843 0.225249
9.9973E-05 0.201199 9.9973E-05 9.9973E-05 0.0600116 0.0506671 0.502617 0.185205
0.0188571 0.628225 0.0247858 0.000862656 0.0309018 0.289761 9.9991E-05 0.00650718
9.9982E-05 0.233461 0.0461933 9.9982E-05 0.26514 0.224852 0.199181 0.0309726
9.9982E-05 0.34376 0.0952658 0.0436931 0.0163872 0.239731 0.260963 9.9982E-05
9.9982E-05 0.212252 0.131652 0.0114483 9.9982E-05 0.131878 0.508085 0.00448498
9.9964E-05 0.59652 9.9964E-05 9.9964E-05 0.0138643 0.185616 0.203601 9.9964E-05
0.000648039 0.157766 0.0970237 0.0514125 0.0394479 0.112544 0.420458 0.1207
0.0199181 0.185562 0.115734 0.0161464 0.000692425 0.156857 0.467431 0.0376588
9.9982E-05 0.39767 0.0832321 9.9982E-05 0.0238153 0.107407 0.329821 0.0578552
0.00300857 0.227876 0.0759228 0.00843412 0.0183392 0.140312 0.474282 0.0518246
0.0288715 0.261607 0.0428179 9.9982E-05 0.0590295 0.187939 0.419535 9.9982E-05
9.9982E-05 0.459764 0.0864941 0.000370672 0.0469141 0.247441 0.158816 9.9982E-05
9.9973E-05 0.312508 0.175957 9.9973E-05 0.0175565 0.292375 0.201304 9.9973E-05
9.9973E-05 0.231917 9.9973E-05 0.0203011 9.9973E-05 0.134564 0.531263 0.0816554
0.00301018 0.12477 0.00738366 0.0579121 0.038603 0.0575719 0.63445 0.0763001
0.00518048 0.164816 9.9991E-05 0.0419895 0.0508936 0.154232 0.445788 0.137
9.9982E-05 0.107046 0.0609183 9.9982E-05 0.0479716 0.201056 0.542098 0.0407096
9.9982E-05 0.231004 0.0759527 0.0438669 9.9982E-05 0.234001 0.323017 0.0919582
0.026225 0.143269 0.00481826 0.0101956 9.9982E-05 0.177596 0.637696 9.9982E-05
0.0762592 0.185869 0.0532012 9.9982E-05 0.0894376 0.1516 0.443433 9.9982E-05
0.0686382 9.9991E-05 0.0804791 0.050726 0.103483 0.153131 0.44836 0.0950831
0.236184 0.0336829 0.123152 0.0555862 0.00491329 9.9991E-05 0.389936 0.156446
0.067402 9.9982E-05 0.155497 0.0271365 0.0177837 9.9982E-05 0.534677 0.197304
0.0923656 0.0948651 0.105065 0.0703803 0.00824813 0.0160243 0.458033 0.155019
0.00475337 0.00128881 0.0404605 0.067914 0.0481983 0.067413 0.648726 0.121246
0.166901 0.139929 0.209628 0.0385489 0.016241 9.9991E-05 0.422234 0.00641711
9.9973E-05 0.102062 9.9973E-05 9.9973E-05 0.106483 0.163843 0.501417 0.125896
0.160597 0.108394 0.181703 0.00274474 0.0405624 0.0356861 0.470212 9.9991E-05
0.135461 0.138646 0.0815196 9.9982E-05 0.186248 9.9982E-05 0.0268541 0.431072
0.0404201 0.147182 0.188726 0.0559916 9.9991E-05 0.0760542 0.429217 0.0623097
0.0969655 0.034107 0.156717 0.0474294 9.9991E-05 0.0302269 0.558377 0.0760777
0.0101332 0.0469191 0.184103 0.0478723 0.0999836 0.0624701 0.444264 0.104255
0.107288 0.197238 0.0287699 0.0398459 0.0419968 9.9991E-05 0.310321 0.27444
0.181498 9.9964E-05 0.118442 9.9964E-05 9.9964E-05 9.9964E-05 0.544649 0.155012
0.0209809 0.0240682 0.179657 0.102203 0.0457497 9.9991E-05 0.520355 0.106886
0.324294 9.9973E-05 0.111711 0.0378255 0.0618469 9.9973E-05 9.9973E-05 0.464022
0.148219 0.178334 0.214812 0.112424 0.0255799 9.9991E-05 0.309725 0.0108056
0.126206 0.0365671 0.3094 9.9991E-05 0.0221408 0.0627265 0.391558 0.051302
0.0335467 0.0850123 0.143917 0.00048839 0.0560276 0.0771601 0.528113 0.0757354
0.131355 9.9973E-05 0.179657 0.0551037 9.9973E-05 9.9973E-05 0.518908 0.114676
0.0666783 0.1404 0.144955 0.0462367 9.9982E-05 9.9982E-05 0.463363 0.138167
9.9973E-05 9.9973E-05 0.128827 0.0213992 0.370599 0.131997 0.346877 9.9973E-05
0.0889674 9.9991E-05 0.0493618 0.000995838 0.173747 0.0162028 0.582428 0.0881971
9.9964E-05 0.140435 0.0644456 9.9964E-05 0.739771 0.0549481 9.9964E-05 9.9964E-05
9.9964E-05 9.9964E-05 9.9964E-05 9.9964E-05 0.811555 0.100912 0.0634255 0.0237079
9.9982E-05 0.106677 0.1098 0.0518243 0.251184 0.0384471 0.441868 9.9982E-05
0.0685207 9.9982E-05 0.245417 9.9982E-05 0.0455299 0.0269655 0.458414 0.154953
9.9973E-05 9.9973E-05 0.346094 0.0405557 0.176638 9.9973E-05 0.312427 0.123985
0.147623 9.9982E-05 0.253695 0.0607155 0.174894 9.9982E-05 0.139623 0.22325
0.0937379 0.0437695 0.217601 0.0604643 0.0512401 9.9991E-05 0.362883 0.170205
0.0288448 9.9991E-05 0.108882 0.016047 0.548468 0.0146244 0.0605641 0.222469
0.0177043 9.9991E-05 0.13335 0.0093497 0.45198 0.0026091 0.140035 0.244872
0.0136574 9.9973E-05 0.137739 0.0114773 0.315236 9.9973E-05 0.52159 9.9973E-05
0.0394282 9.9982E-05 0.154224 0.00828743 0.351377 0.00311051 0.443373 9.9982E-05
9.9982E-05 9.9982E-05 0.165013 0.0946133 0.515973 0.0119592 0.129724 0.0825178
0.0194616 0.097073 0.117841 0.0280479 0.169139 0.0318872 0.521103 0.0154469
9.9973E-05 9.9973E-05 0.0863431 9.9973E-05 0.19808 0.141308 0.537268 0.0367013
0.0544234 0.0449962 0.2066 0.0267942 0.114308 0.162397 0.389967 0.000514243
0.0342341 0.00603962 9.9982E-05 0.0234121 0.523372 0.0915033 0.321239 9.9982E-05
9.9991E-05 0.134726 0.0775103 0.0457135 0.455698 0.0156632 0.269626 0.000963064
0.0769113 9.9982E-05 0.0609199 0.0271587 0.278458 0.123297 0.433056 9.9982E-05
0.0280854 9.9991E-05 0.0702719 0.0703136 0.353615 0.121118 0.33692 0.0195755
0.0352215 0.108817 0.139649 9.9991E-05 0.142743 0.0550452 0.394448 0.123976
9.9973E-05 0.0393097 9.9973E-05 9.9973E-05 0.289451 0.0390222 0.52199 0.109927
9.9973E-05 9.9973E-05 0.0385498 9.9973E-05 0.554643 0.124972 0.218849 0.062686
0.0977034 9.9964E-05 9.9964E-05 0.000816643 0.290671 9.9964E-05 0.610409 9.9964E-05
9.9982E-05 0.0309437 0.0357964 9.9982E-05 0.628857 0.0546377 0.202671 0.046894
0.00627666 9.9991E-05 0.0278138 0.0569901 0.416608 0.0587463 0.418215 0.0152502
0.0563382 0.0420737 0.0212979 0.0476285 0.168431 0.0245305 0.6396 9.9991E-05
9.9991E-05 0.143414 0.119296 0.0200732 0.266992 0.0103839 0.426069 0.0136719
0.134768 0.111695 0.15812 0.0562609 0.064872 9.9991E-05 0.393664 0.0805201
0.0326029 0.0432436 0.118852 0.0161272 0.0821714 0.132107 0.391403 0.183493
0.0940233 9.9991E-05 0.202585 0.0248035 0.034754 0.0792049 0.401942 0.162588
9.9982E-05 9.9982E-05 0.176212 0.0871349 0.0639737 0.163604 0.292927 0.215949
0.161169 0.1315 0.261984 9.9991E-05 0.0437686 0.0513518 0.294829 0.0552976
0.136392 0.0325778 0.145424 0.0504441 0.0910133 0.0531323 0.436959 0.0540569
0.086358 9.9982E-05 0.133911 0.0403117 0.411036 0.121395 9.9982E-05 0.206788
0.042613 9.9991E-05 0.213861 0.0217267 0.0350609 0.0885322 0.539957 0.0581493
0.275855 9.9973E-05 0.100193 0.0263987 0.287516 9.9973E-05 9.9973E-05 0.309738
0.0267749 9.9973E-05 0.200906 9.9973E-05 0.166211 9.9973E-05 0.543549 0.0622598
9.9973E-05 9.9973E-05 9.9973E-05 0.0246175 0.776485 0.0239242 0.139525 0.0351486
9.9964E-05 9.9964E-05 0.0113118 0.0408143 0.873508 0.0739658 9.9964E-05 9.9964E-05
9.9973E-05 0.0867012 9.9973E-05 0.0191832 0.380215 9.9973E-05 0.480578 0.0330234
9.9964E-05 9.9964E-05 0.00173141 0.0651022 0.265011 9.9964E-05 0.667755 9.9964E-05
0.00523143 9.9964E-05 9.9964E-05 9.9964E-05 0.500546 0.0333877 0.460435 9.9964E-05
9.9964E-05 0.116488 0.039609 9.9964E-05 0.360333 9.9964E-05 0.483171 9.9964E-05
0.0139267 9.9973E-05 0.00566656 9.9973E-05 0.415314 0.00799733 0.556796 9.9973E-05
0.705052 9.9973E-05 0.0882226 0.0750108 0.0710283 9.9973E-05 0.0603866 9.9973E-05
0.674349 0.0685694 0.099628 0.0723808 0.0239472 0.0606745 9.9991E-05 0.000350906
0.852433 9.9964E-05 0.0735106 0.0525789 9.9964E-05 0.0210777 9.9964E-05 9.9964E-05
0.776236 9.9964E-05 9.9964E-05 0.173213 9.9964E-05 9.9964E-05 0.034367 0.0157844
9.9973E-05 0.223581 0.0337527 0.104358 0.235711 9.9973E-05 0.402297 9.9973E-05
0.060458 0.17126 0.0237694 0.0312075 0.153607 0.0760588 0.483539 9.9991E-05
9.9964E-05 0.270778 9.9964E-05 0.0248787 0.20194 9.9964E-05 0.502003 9.9964E-05
0.0647701 0.0241206 9.9991E-05 0.0215839 0.057593 0.0884223 0.715681 0.0277291
0.112787 0.0444915 0.0189395 9.9991E-05 0.0934975 0.0736721 0.61549 0.0410226
0.0405113 0.267477 9.99818E-05 9.99818E-05 0.398981 0.0293626 0.263368 9.99818E-05
9.9955E-05 0.247657 9.9955E-05 9.9955E-05 0.126063 9.9955E-05 0.625781 9.9955E-05
9.9964E-05 0.0297078 9.9964E-05 0.0525073 0.55063 9.9964E-05 0.366755 9.9964E-05
0.229116 9.9982E-05 0.190119 0.00957705 9.9982E-05 0.04348 0.450813 0.076695
0.0134177 0.108162 0.0440028 9.9991E-05 0.380634 0.0326809 0.418834 0.00216841
9.9973E-05 0.28145 9.9973E-05 0.04387 0.252117 0.0855876 0.336675 9.9973E-05
0.00653005 0.172745 9.9973E-05 0.0085851 0.286103 9.9973E-05 0.525737 9.9973E-05
0.00830364 0.171441 9.9982E-05 0.0037592 0.339679 0.0467287 0.429888 9.9982E-05
9.9973E-05 0.0722014 0.0381743 9.9973E-05 0.283832 0.0058211 0.599671 9.9973E-05
0.103368 0.0543948 0.013933 0.0166924 0.20254 9.9982E-05 0.608871 9.9982E-05
9.9955E-05 0.121101 9.9955E-05 9.9955E-05 0.734328 9.9955E-05 0.144072 9.9955E-05
0.0212409 0.0740027 0.032284 0.00763723 0.548261 9.9982E-05 0.316374 9.9982E-05
0.0461703 0.180793 9.9973E-05 9.9973E-05 0.435047 0.00889847 0.328791 9.9973E-05
9.9955E-05 0.0494438 9.9955E-05 9.9955E-05 0.926843 9.9955E-05 9.9955E-05 0.0232133
0.0197103 0.26334 0.0673948 0.0212368 0.255922 9.9982E-05 0.372196 9.9982E-05
9.9964E-05 0.140855 9.9964E-05 9.9964E-05 0.574105 9.9964E-05 0.155571 0.129069
9.9955E-05 0.140874 9.9955E-05 9.9955E-05 0.747475 9.9955E-05 9.9955E-05 0.111151
0.0347825 9.9973E-05 0.0807689 0.0603269 0.257103 9.9973E-05 0.566719 9.9973E-05
0.0547215 0.358964 9.99639E-05 9.99639E-05 0.396624 9.99639E-05 0.189291 9.99639E-05
9.9964E-05 0.226397 0.121472 9.9964E-05 0.338361 9.9964E-05 0.31337 9.9964E-05
0.112235 0.0779994 0.0877264 0.0123506 0.124963 9.9982E-05 0.584525 9.9982E-05
0.0266369 0.260726 9.9973E-05 9.9973E-05 0.117758 9.9973E-05 0.589863 0.00471533
9.9982E-05 0.256236 0.0198376 9.9982E-05 0.0661931 0.184924 0.338635 0.133975
9.9991E-05 0.0760011 0.043957 0.0170294 0.249544 0.0207048 0.584135 0.00852885
9.9973E-05 0.336975 0.0358249 0.0655047 0.12173 9.9973E-05 0.439666 9.9973E-05
9.9964E-05 0.180371 9.9964E-05 0.00331234 0.477519 9.9964E-05 0.338397 9.9964E-05
0.114562 0.0594337 9.9973E-05 9.9973E-05 0.118098 0.0464447 0.661162 9.9973E-05
0.592305 0.00670245 9.9982E-05 0.0628119 0.130279 0.204864 0.00283814 9.9982E-05
0.707957 0.00811885 9.9991E-05 0.0896263 0.0868193 0.0337527 0.0501228 0.0235033
0.663224 9.9973E-05 9.9973E-05 0.162926 0.0198823 0.120635 9.9973E-05 0.0330327
0.739826 9.9973E-05 9.9973E-05 0.0759803 0.0368151 0.118149 9.9973E-05 0.0289297
0.687197 0.0887122 9.9973E-05 0.0668465 9.9973E-05 0.130564 0.0263806 9.9973E-05
0.0152933 0.502204 0.0249624 9.9973E-05 0.319241 9.9973E-05 0.137999 9.9973E-05
0.0511111 0.34429 9.9964E-05 9.9964E-05 0.428852 9.9964E-05 0.175347 9.9964E-05
9.9955E-05 0.205107 9.9955E-05 9.9955E-05 0.627456 9.9955E-05 0.166937 9.9955E-05
0.0926641 0.119221 0.0947428 0.0400714 0.113255 9.9991E-05 0.425299 0.114646
0.124922 0.0913273 0.0459657 0.0274736 0.113165 0.0412062 0.55584 9.9991E-05
0.0761693 0.0857784 0.00867198 9.9982E-05 0.48599 9.9982E-05 0.323321 0.0198692
9.9964E-05 0.185012 0.0536375 9.9964E-05 0.11401 9.9964E-05 0.646941 9.9964E-05
9.9964E-05 0.184658 0.0747346 9.9964E-05 0.384726 9.9964E-05 0.355481 9.9964E-05
9.9964E-05 0.244994 9.9964E-05 9.9964E-05 0.150582 9.9964E-05 0.545077 0.0589471
9.9973E-05 0.171194 0.0544685 9.9973E-05 0.124754 0.0318804 0.617403 9.9973E-05
9.99549E-05 0.398397 9.99549E-05 9.99549E-05 0.353176 9.99549E-05 0.247928 9.99549E-05
9.9964E-05 0.466629 9.9964E-05 0.0122777 0.197341 9.9964E-05 0.323353 9.9964E-05
9.9955E-05 0.452872 9.9955E-05 9.9955E-05 0.245442 9.9955E-05 0.301186 9.9955E-05
0.112314 9.9973E-05 9.9973E-05 9.9973E-05 0.0873385 0.0806754 0.599833 0.119539
0.0170017 0.309322 9.9982E-05 0.020132 0.278635 0.027749 0.34696 9.9982E-05
0.108163 0.121436 0.00799177 9.9973E-05 0.280364 9.9973E-05 0.481746 9.9973E-05
0.0056773 0.0345223 0.363388 0.0344678 9.9991E-05 0.0828314 0.432846 0.0461673
0.0807292 9.9973E-05 0.384632 9.9973E-05 0.0585428 9.9973E-05 0.385088 0.090708
0.125195 9.9964E-05 0.370638 9.9964E-05 9.9964E-05 9.9964E-05 0.458795 0.0449722
0.0738701 9.9973E-05 0.457665 0.0587531 9.9973E-05 9.9973E-05 0.27177 0.137642
9.9973E-05 9.9973E-05 0.254432 0.0767091 9.9973E-05 0.0797193 0.490564 0.0982757
0.0470268 0.193672 0.00453629 9.9991E-05 0.226535 0.0015917 0.468756 0.0577826
0.113645 9.9973E-05 0.60087 0.0694029 9.9973E-05 9.9973E-05 0.0267038 0.189078
0.179441 9.9973E-05 0.441212 0.0439675 0.0118994 9.9973E-05 0.32318 9.9973E-05
0.0590971 9.9991E-05 0.140185 0.0474762 0.108502 0.0738555 0.415512 0.155272
0.0685735 0.0765752 9.9982E-05 0.0672431 9.9982E-05 0.0184614 0.58627 0.182677
0.0831219 0.200908 9.9991E-05 0.0384872 0.0860898 0.000495187 0.38547 0.205328
0.0536251 0.0531385 0.0658469 0.00827757 0.0195647 0.0159761 0.637447 0.146125
0.0874199 0.0477822 0.0200746 9.9991E-05 0.0542187 0.0870523 0.551231 0.152121
0.145197 0.0482739 0.460678 0.0682053 9.9982E-05 9.9982E-05 0.2405 0.0369454
0.0812976 0.0588487 0.37733 0.0913776 0.0281756 9.9982E-05 0.36277 9.9982E-05
0.0594397 9.9982E-05 0.473017 0.00831978 9.9982E-05 0.00418692 0.342239 0.112597
0.136214 9.9991E-05 0.233896 0.0794598 0.0701065 0.0223047 0.427065 0.0308539
0.116554 0.00352312 0.442132 0.00738927 9.9982E-05 9.9982E-05 0.321061 0.109141
0.0997291 0.00224425 0.322734 0.0683564 0.073728 0.0363882 0.39672 9.9991E-05
0.155649 9.9973E-05 0.548767 0.0430682 0.00793547 9.9973E-05 0.24428 9.9973E-05
9.9964E-05 0.156973 0.438207 0.063866 9.9964E-05 9.9964E-05 0.340554 9.9964E-05
9.9982E-05 0.0349127 9.9982E-05 0.0325293 0.0268202 0.0829128 0.589547 0.233078
0.197794 9.9991E-05 0.247676 0.0470292 0.00558952 0.00978777 0.443287 0.0487363
0.125783 9.9973E-05 0.568743 0.0287615 9.9973E-05 9.9973E-05 0.147003 0.129409
0.0940634 0.0512053 0.326911 0.0839158 0.101613 0.0259586 0.312866 0.0034667
0.100445 0.314807 9.9991E-05 0.0633692 0.152006 0.0592653 0.194515 0.115493
9.9991E-05 0.14281 0.0666824 0.0235352 0.0293309 0.0513111 0.558421 0.12781
0.0883422 0.136371 0.324175 9.9982E-05 9.9982E-05 0.0163339 0.294927 0.139651
0.0759304 0.0671187 0.0392333 0.0532388 0.128134 0.0948823 0.496791 0.0446714
0.151934 0.101681 9.9991E-05 0.0148433 0.105696 0.0130819 0.536654 0.0760105
0.117976 9.9991E-05 0.239838 0.0344784 0.0964677 0.0681281 0.364326 0.0786865
0.172393 9.9991E-05 0.300491 0.00844246 0.0105733 0.0815622 0.296761 0.129678
0.0894824 0.0931443 0.0483868 0.0563894 9.9991E-05 0.0235847 0.649236 0.0396759
0.081472 0.0177281 0.371753 0.0393066 0.0778237 0.0425338 0.346632 0.0227505
0.0544738 0.0322474 0.48501 0.000531265 9.9982E-05 9.9982E-05 0.316673 0.110864
0.143916 9.9973E-05 0.55279 0.0624121 9.9973E-05 9.9973E-05 0.132729 0.107853
0.0723882 9.9982E-05 9.9982E-05 0.0652825 0.0820732 0.00378341 0.694092 0.0821809
0.0898171 0.13215 9.9991E-05 0.0242238 0.068054 0.0905572 0.479648 0.11545
0.0322634 9.9982E-05 9.9982E-05 0.0362926 0.309475 0.0635491 0.181742 0.376478
0.106868 0.0540322 0.017427 0.0582703 9.9982E-05 9.9982E-05 0.594964 0.168239
0.053265 0.119403 0.0525092 0.0107706 0.144977 0.103583 0.362584 0.152908
0.0867153 0.0899623 0.158285 0.0136794 0.0354642 0.00451767 0.407447 0.203929
0.034345 0.042145 0.0555956 0.0666025 0.0394564 0.0593526 0.46799 0.234513
0.108298 0.0372003 0.0809168 9.9964E-05 9.9964E-05 9.9964E-05 9.9964E-05 0.773185
0.0183697 9.9955E-05 9.9955E-05 0.0465349 9.9955E-05 9.9955E-05 9.9955E-05 0.934596
9.9982E-05 9.9982E-05 0.055396 0.0301311 0.0535848 0.0757178 0.270483 0.514488
