9.9982E-05 0.00563391 0.00525322 0.0655737 9.9982E-05 0.869026 0.00899592 0.0453171
9.9955E-05 0.0533876 9.9955E-05 9.9955E-05 9.9955E-05 0.906444 9.9955E-05 0.039669
0.00135186 9.9973E-05 0.110816 0.0640387 9.9973E-05 0.765063 9.9973E-05 0.0584302
0.00198614 9.9973E-05 0.101875 0.0485555 9.9973E-05 0.786335 9.9973E-05 0.0609483
9.9973E-05 9.9973E-05 0.0156952 0.0577783 0.0103875 0.862598 9.9973E-05 0.0532412
9.9982E-05 0.0403256 0.0465953 0.106886 9.9982E-05 0.546458 0.178753 0.0807816
9.9964E-05 9.9964E-05 9.9964E-05 0.0228454 9.9964E-05 0.827128 0.114235 0.0353917
0.0156189 9.9982E-05 0.0208012 0.00701004 9.9982E-05 0.693431 0.121216 0.141723
0.00101093 0.0295955 9.99729E-05 9.99729E-05 9.99729E-05 0.78707 0.106659 0.0753649
9.9973E-05 9.9973E-05 0.121743 0.0493706 9.9973E-05 0.641274 0.141203 0.046109
9.9973E-05 0.00905039 0.037176 9.9973E-05 9.9973E-05 0.724607 0.0945684 0.134298
0.82124 0.00325497 0.111628 0.0387158 9.9973E-05 9.9973E-05 0.0248606 9.9973E-05
0.465838 9.9955E-05 0.496387 9.9955E-05 9.9955E-05 9.9955E-05 9.9955E-05 0.0372754
0.765591 9.9982E-05 0.0698387 0.113896 0.0195685 0.00771878 9.9982E-05 0.0231876
0.685754 9.9955E-05 0.112719 0.201027 9.9955E-05 9.9955E-05 9.9955E-05 9.9955E-05
0.418789 9.9973E-05 0.353236 0.0797955 9.9973E-05 0.103276 0.0446038 9.9973E-05
0.27894 9.9973E-05 0.457957 0.13372 0.0459501 9.9973E-05 0.0831332 9.9973E-05
0.484763 0.0348486 0.363756 0.0571004 0.0395269 0.0198056 9.9982E-05 9.9982E-05
0.610441 9.9964E-05 0.213511 0.0828321 9.9964E-05 0.0928164 9.9964E-05 9.9964E-05
0.849949 9.9964E-05 9.9964E-05 9.9964E-05 9.9964E-05 0.046771 0.0678484 0.035032
0.388571 0.0964838 0.362046 0.032803 0.00692369 0.0528789 0.0601936 9.9991E-05
0.256156 0.00130429 0.389757 0.0443637 0.0869248 0.00188112 0.211035 0.00857832
0.316159 0.0759213 0.558095 9.9973E-05 9.9973E-05 0.0479391 0.00158592 9.9973E-05
0.639933 0.0753438 0.146229 0.0922493 9.9982E-05 0.000504286 0.0455401 9.9982E-05
0.186487 0.0176408 0.591339 0.0370456 9.9991E-05 0.0600509 0.0356119 0.0717249
0.516773 9.9973E-05 0.392485 0.0332602 9.9973E-05 0.0324164 0.0247648 9.9973E-05
0.898764 9.9955E-05 9.9955E-05 0.0885141 9.9955E-05 9.9955E-05 0.0122222 9.9955E-05
0.81886 0.0256548 0.0414864 0.113599 9.9964E-05 9.9964E-05 9.9964E-05 9.9964E-05
0.786122 9.9955E-05 0.138734 9.9955E-05 9.9955E-05 9.9955E-05 0.0746438 9.9955E-05
9.9955E-05 9.9955E-05 0.0987871 0.068577 9.9955E-05 0.832136 9.9955E-05 9.9955E-05
0.0581736 9.9964E-05 0.124458 0.0064221 9.9964E-05 0.810546 9.9964E-05 9.9964E-05
0.000837365 0.0357331 0.168009 0.00708991 9.9973E-05 0.788031 9.9973E-05 9.9973E-05
9.9964E-05 0.0283584 0.163331 0.0976072 9.9964E-05 0.710304 9.9964E-05 9.9964E-05
0.0430755 0.164944 0.586001 9.9982E-05 0.102897 0.0163766 9.9982E-05 0.0865057
9.9973E-05 0.258122 0.559525 0.0611523 9.9973E-05 0.0788988 9.9973E-05 0.0420025
9.9973E-05 0.373808 0.504547 0.0134917 0.0296063 0.0782478 9.9973E-05 9.9973E-05
0.515066 0.093126 0.0771776 9.9973E-05 9.9973E-05 0.121569 9.9973E-05 0.192761
0.0344062 0.509075 0.321656 0.0652514 0.0394172 9.9982E-05 0.0299947 9.9982E-05
0.0989934 0.246398 0.562333 9.9982E-05 0.0204684 0.0160706 9.9982E-05 0.055537
9.9973E-05 0.111625 0.753354 9.9973E-05 0.00580465 0.0648984 0.0640179 9.9973E-05
0.0394107 0.103351 0.588472 9.9982E-05 9.9982E-05 0.0644691 0.101888 0.10221
0.0836668 0.0548664 0.612633 9.9991E-05 0.0207675 0.0627602 0.0503478 0.114859
0.112278 0.647853 0.163938 9.9982E-05 9.9982E-05 0.0328447 0.0132568 0.0296297
0.00961962 0.109233 0.513112 0.038996 9.9991E-05 0.00166598 0.267072 0.0602008
9.9982E-05 0.2589 0.513276 0.0951594 0.0498007 0.0772168 9.9982E-05 0.00544693
0.0970213 0.164415 0.527481 0.0613408 9.9982E-05 0.0708076 0.0787342 9.9982E-05
9.9964E-05 0.596175 0.332328 9.9964E-05 0.0652677 9.9964E-05 9.9964E-05 0.00582935
0.0422868 0.260794 0.54834 0.0241945 0.00712794 0.0540852 0.0185116 0.0446599
9.999E-05 0.116327 0.489362 0.118381 0.0572647 0.0964819 0.0914683 0.0306154
9.9964E-05 0.66699 9.9964E-05 9.9964E-05 0.0140281 0.0683497 0.250233 9.9964E-05
0.381758 0.169209 0.0598698 9.9982E-05 0.103498 9.9982E-05 0.0998559 0.18561
0.389879 0.154658 0.0130992 9.9982E-05 0.107295 9.9982E-05 0.308252 0.0266168
0.211875 9.9982E-05 0.569288 0.0847722 9.9982E-05 0.0820318 0.0235648 0.0282681
0.130569 9.9982E-05 0.562988 0.0578904 0.147041 0.0472853 0.0540261 9.9982E-05
9.9982E-05 9.9982E-05 0.636834 0.0328013 0.119462 0.072567 0.0781146 0.0600216
0.225192 0.200009 0.100048 9.9991E-05 0.140851 0.12572 0.0593109 0.148769
0.212392 9.9982E-05 0.556883 0.000446743 0.0220308 9.9982E-05 0.0903822 0.117664
0.187871 0.0222947 0.473552 0.0668223 9.9991E-05 0.116734 0.0833603 0.0492657
0.209639 0.21287 0.283145 0.0315927 0.0818688 0.137645 9.9991E-05 0.0431392
0.399941 0.0890794 0.0356939 0.0191639 0.00788427 0.222509 0.134702 0.091026
0.114475 0.148925 0.480311 0.105793 0.0650009 0.0770327 0.00836283 9.9991E-05
0.253202 0.0350692 0.407919 0.0258627 0.0878756 0.092127 9.9991E-05 0.0978443
0.611438 0.0879947 9.9982E-05 9.9982E-05 0.0072897 0.0313762 0.0942224 0.167479
0.428515 0.00618342 0.411427 0.00107547 0.102011 9.9982E-05 9.9982E-05 0.0505873
0.000296813 0.078509 0.62972 0.0461295 0.110386 9.9991E-05 0.125417 0.00944171
0.312569 0.00847736 0.449729 0.0419313 0.0545014 0.0879301 9.9991E-05 0.044761
0.392034 0.127945 0.222699 0.0140175 0.105888 0.0589487 0.0608982 0.01757
0.373518 0.112632 0.329094 0.0719704 0.00931225 9.9982E-05 0.103273 9.9982E-05
0.160621 0.0607111 0.488856 0.0551409 0.0405841 0.0850649 0.0496248 0.0593963
0.548911 0.0767458 0.109007 9.9982E-05 0.125457 9.9982E-05 0.107459 0.0322197
0.183574 0.33471 0.466329 9.9964E-05 9.9964E-05 9.9964E-05 0.0149873 9.9964E-05
0.172511 0.664762 0.162227 9.9955E-05 9.9955E-05 9.9955E-05 9.9955E-05 9.9955E-05
0.104143 0.188044 0.564786 0.0327378 0.0365759 0.0352661 9.9991E-05 0.0383475
9.9946E-05 0.874931 9.9946E-05 9.9946E-05 9.9946E-05 9.9946E-05 0.124469 9.9946E-05
0.0674421 0.752547 9.9964E-05 9.9964E-05 0.0924787 9.9964E-05 0.087132 9.9964E-05
0.0203925 0.671328 0.268553 9.9973E-05 0.0310114 0.00841534 9.9973E-05 9.9973E-05
0.12099 0.366479 0.412426 9.9973E-05 9.9973E-05 0.0532025 9.9973E-05 0.0466016
0.017137 0.220884 0.51304 0.019457 9.9982E-05 0.197927 9.9982E-05 0.0313558
9.9982E-05 0.463696 0.311154 0.076719 0.033115 9.9982E-05 0.0275379 0.0875781
0.0206952 0.696123 0.0944653 0.046714 9.9982E-05 0.0212565 9.9982E-05 0.120546
0.0862034 0.469229 0.207025 9.9973E-05 9.9973E-05 0.0566984 9.9973E-05 0.180544
0.0424185 0.224681 0.511546 0.0573742 0.0362538 0.111765 9.9991E-05 0.0158614
0.176624 0.532 0.24093 9.9973E-05 0.000606787 0.0495385 9.9973E-05 9.9973E-05
0.14935 0.412388 0.373515 0.0194952 9.9982E-05 0.0189652 0.0260867 9.9982E-05
9.9973E-05 0.434749 0.417715 9.9973E-05 0.0851973 0.00854333 0.0534958 9.9973E-05
9.9973E-05 0.694002 0.0128624 9.9973E-05 0.10069 0.00844481 0.183701 9.9973E-05
0.173783 0.183694 0.587332 0.0499998 9.9973E-05 0.00489087 9.9973E-05 9.9973E-05
0.0727819 9.9982E-05 0.073749 0.0136926 0.00559737 0.815492 9.9982E-05 0.0184872
9.9946E-05 9.9946E-05 0.105884 9.9946E-05 9.9946E-05 0.893516 9.9946E-05 9.9946E-05
0.00991246 9.9964E-05 0.08771 0.0267866 9.9964E-05 0.875191 9.9964E-05 9.9964E-05
9.9973E-05 0.00729657 0.0488073 0.0265231 9.9973E-05 0.837757 0.0793157 9.9973E-05
9.9964E-05 9.9964E-05 0.108674 9.9964E-05 0.0234431 0.850389 0.0170944 9.9964E-05
9.9982E-05 9.9982E-05 0.0246169 0.0577605 0.0248388 0.845171 0.00472952 0.0426832
9.9964E-05 9.9964E-05 0.0760068 0.0080725 9.9964E-05 0.897587 0.0179341 9.9964E-05
0.120603 0.202106 0.536125 0.0826604 9.9982E-05 0.0321266 9.9982E-05 0.0261794
0.0693837 0.177439 0.53481 0.0240353 0.0623778 0.122062 9.9991E-05 0.00979162
0.137595 0.815701 9.9964E-05 9.9964E-05 0.0130086 0.0332962 9.9964E-05 9.9964E-05
0.176936 0.13775 0.465294 0.0792349 9.9982E-05 0.113756 0.0268292 9.9982E-05
0.136688 0.340116 0.445707 9.9982E-05 9.9982E-05 0.0426672 0.0111445 0.0234772
9.9982E-05 0.299507 0.582715 0.0562435 0.00512366 0.04681 0.00940177 9.9982E-05
0.0166883 0.204414 0.613851 9.9973E-05 9.9973E-05 0.00837525 0.156372 9.9973E-05
9.9982E-05 0.401666 0.468354 0.0497835 0.0566714 0.008432 9.9982E-05 0.0148926
0.167017 0.712102 9.9964E-05 9.9964E-05 9.9964E-05 0.0567002 9.9964E-05 0.0637814
9.9982E-05 0.185239 0.562772 9.9982E-05 0.0685268 0.139163 0.0107551 0.0333451
0.0510723 0.159456 0.608643 0.0716756 0.0441729 0.0329878 0.0318928 9.9991E-05
0.0200474 0.125773 0.600114 0.0718224 9.9982E-05 0.0616787 9.9982E-05 0.120365
0.00878303 0.653096 0.125981 0.0928282 0.0414256 9.9982E-05 0.0776859 9.9982E-05
9.9964E-05 0.412131 0.521694 9.9964E-05 0.0582543 9.9964E-05 0.00752039 9.9964E-05
0.133128 0.403379 0.388044 9.99897E-05 9.99897E-05 0.00738369 0.0545366 0.0133288
9.9955E-05 0.66233 0.267845 0.0693256 9.9955E-05 9.9955E-05 9.9955E-05 9.9955E-05
0.0578153 0.414113 0.438378 0.0186256 9.9982E-05 0.0207553 9.9982E-05 0.0501133
0.0462842 0.245522 0.449725 0.100716 0.0278975 0.0426898 9.9991E-05 0.0870657
0.431839 0.00479579 0.216526 9.9991E-05 0.152856 0.0179017 0.134868 0.041114
0.337747 9.9982E-05 0.354939 0.0265462 9.9982E-05 0.100671 0.0345274 0.14537
0.137476 0.0212562 0.596961 9.9991E-05 0.0476978 0.0518791 0.0587365 0.0858936
0.0807559 0.0672731 0.46456 0.1164 0.11769 0.0988679 9.9991E-05 0.0543521
0.483083 9.9973E-05 0.357376 9.9973E-05 0.0731592 0.00400871 9.9973E-05 0.0820727
0.278611 0.0328396 0.476535 0.0132295 0.0210048 0.0359578 0.0119029 0.129919
0.363809 9.9973E-05 0.395605 9.9973E-05 0.0617203 0.0346271 9.9973E-05 0.143939
0.0263623 0.0525734 0.588271 9.9991E-05 0.0160157 0.0627136 0.129272 0.124692
0.177177 0.00785137 0.602589 9.9973E-05 9.9973E-05 9.9973E-05 0.115054 0.0970288
0.31547 0.0388672 0.530109 9.9991E-05 0.018941 0.0268905 0.0247672 0.044855
0.397588 9.9973E-05 0.432458 9.9973E-05 0.0633016 0.00961575 9.9973E-05 0.0967366
0.115207 9.9991E-05 0.545884 0.0462777 0.0499938 0.0351076 0.124164 0.0832664
9.9982E-05 0.0614475 0.593427 9.9982E-05 0.137804 0.0852823 0.0413149 0.0805246
0.288976 0.0212425 0.472136 0.0346773 0.151015 9.9982E-05 9.9982E-05 0.0317522
0.0705146 9.9991E-05 0.600631 0.0129333 0.0524054 0.05894 0.0990888 0.105387
0.263716 0.0355046 0.432848 0.120341 0.0464911 9.9982E-05 9.9982E-05 0.100899
0.340743 9.9982E-05 0.335138 9.9982E-05 0.108597 0.0820476 0.129128 0.00414708
0.126263 0.0290863 0.59748 0.0317145 0.146348 0.0124105 9.9991E-05 0.0565983
0.108231 9.9991E-05 0.584192 0.00512041 0.0420024 0.0483768 0.125633 0.0863445
0.256525 0.137664 0.182215 0.0915724 0.0537921 0.065859 9.9991E-05 0.212272
0.418252 9.9991E-05 0.119614 0.0204047 0.220272 0.0114812 0.169537 0.0403391
0.0953721 0.0917493 0.568898 0.0489022 0.0445029 0.0166496 0.0484494 0.0854769
0.198011 0.213106 9.9982E-05 0.0566096 0.226422 9.9982E-05 0.0936692 0.211983
0.45975 0.0729274 0.227679 9.9982E-05 0.10474 0.0460848 9.9982E-05 0.0886187
0.354222 0.0846584 0.397738 9.9982E-05 0.0259812 9.9982E-05 0.0387724 0.0984281
0.411205 0.0718078 0.231797 9.9982E-05 0.0561366 0.0578278 9.9982E-05 0.171026
0.520975 0.0367844 0.25498 9.9982E-05 0.0123885 0.00596704 9.9982E-05 0.168705
0.0642336 0.0374674 0.581797 0.0676269 0.0817563 0.103315 9.9991E-05 0.0637038
0.142291 0.0409058 0.453211 0.117482 0.0338162 0.128662 0.02055 0.0630809
0.217502 0.0333402 0.423868 0.0405976 0.109623 0.0667126 0.0100807 0.0982752
0.343598 0.19531 0.0531788 0.0566435 0.0648309 9.9991E-05 0.182035 0.104305
0.0116304 0.175181 0.448779 0.00288421 0.0313716 0.19582 0.0658118 0.0685221
0.0183147 0.119457 0.604024 0.00853429 9.9982E-05 9.9982E-05 0.22577 0.0237
0.0822385 0.14781 0.00231476 9.9991E-05 0.171839 0.133919 0.373909 0.0878695
9.9964E-05 0.144024 0.655127 9.9964E-05 0.113998 0.0864511 9.9964E-05 9.9964E-05
0.116322 0.234011 0.324259 0.0192176 0.0216922 0.0934313 0.190967 9.9991E-05
0.0156381 0.0594269 0.574155 0.0288944 0.0760197 0.0512865 0.146774 0.0478052
0.0192097 0.136054 0.288063 9.9991E-05 0.0315198 0.0700479 0.41355 0.0414563
0.125404 0.0373406 0.211879 9.9991E-05 0.0790749 0.015816 0.442122 0.0882628
0.0716636 0.0726501 0.457443 9.9982E-05 0.158814 9.9982E-05 0.145229 0.0940002
0.126492 9.9982E-05 0.446409 0.103234 0.0588523 0.0434025 0.221411 9.9982E-05
0.0620682 0.0472892 0.389277 0.0497925 0.179038 0.229478 0.035139 0.00791818
0.18811 0.246316 9.9991E-05 0.134744 0.034985 0.0641231 0.301639 0.0299839
0.122167 9.9991E-05 0.561526 0.0292199 0.0917658 0.062484 0.113106 0.0196309
0.0685723 0.147151 0.372158 9.9982E-05 0.043027 9.9982E-05 0.284462 0.0844299
0.177965 0.0497924 0.483496 9.9982E-05 0.153753 9.9982E-05 0.134449 0.000344519
0.0622172 0.175812 0.594222 9.9991E-05 0.0370716 0.0593158 0.00297282 0.068289
0.0158829 0.0323764 0.154987 0.252619 9.9982E-05 0.263276 0.280659 9.9982E-05
9.9955E-05 9.9955E-05 9.9955E-05 0.120429 9.9955E-05 0.461459 0.417612 9.9955E-05
9.9964E-05 9.9964E-05 9.9964E-05 0.115524 0.0467966 0.415728 0.421551 9.9964E-05
0.0579047 9.9973E-05 0.00411031 0.387041 9.9973E-05 0.307844 0.242801 9.9973E-05
9.9964E-05 0.0689303 0.640812 9.9964E-05 0.0555547 9.9964E-05 0.234303 9.9964E-05
9.9982E-05 0.104355 0.666351 0.00948843 9.9982E-05 0.00594267 0.145268 0.0683948
0.0397569 0.016667 0.300718 0.640656 0.00190225 9.9973E-05 9.9973E-05 9.9973E-05
0.0719563 0.0756218 0.329007 0.451298 9.9973E-05 9.9973E-05 9.9973E-05 0.0718168
9.9991E-05 0.0614684 0.292309 0.440797 0.0783116 0.0320711 0.0266214 0.0683208
0.00776406 0.115271 0.316225 9.9973E-05 0.23475 9.9973E-05 0.325691 9.9973E-05
9.9991E-05 0.103718 0.519955 0.0467144 0.0809596 0.0350345 0.149411 0.0641075
0.100541 9.9964E-05 0.213593 9.9964E-05 0.182623 9.9964E-05 0.502843 9.9964E-05
0.0362993 0.0738509 0.528133 0.0255282 0.144374 0.0253093 0.166405 9.9991E-05
0.109672 0.0914584 0.440274 9.9982E-05 0.113875 9.9982E-05 0.180309 0.0642113
0.0226088 9.9991E-05 0.549734 0.0570727 0.0278165 0.0171384 0.28246 0.0430694
0.0702209 0.100843 0.205649 9.9982E-05 0.0743548 9.9982E-05 0.526999 0.0217333
9.9991E-05 0.10874 0.593577 0.0355359 0.0576565 0.0295746 0.11618 0.0586366
0.0528535 0.0448711 0.506122 0.0182457 0.150845 0.069518 0.113612 0.0439329
9.9955E-05 9.9955E-05 9.9955E-05 0.968137 0.00485899 9.9955E-05 0.0265047 9.9955E-05
9.9955E-05 9.9955E-05 0.0416722 0.898241 9.9955E-05 9.9955E-05 9.9955E-05 0.059587
0.0780911 0.0581246 0.193629 0.593434 0.024273 0.052248 9.9982E-05 9.9982E-05
9.9955E-05 9.9955E-05 0.311818 0.651481 9.9955E-05 9.9955E-05 9.9955E-05 0.036201
9.9973E-05 0.033377 0.159795 0.711565 9.9973E-05 0.0843266 9.9973E-05 0.0106364
9.994E-05 9.994E-05 9.994E-05 0.9993 9.994E-05 9.994E-05 9.994E-05 9.994E-05
9.9955E-05 0.0190688 9.9955E-05 0.934538 9.9955E-05 9.9955E-05 9.9955E-05 0.0458935
9.9946E-05 9.9946E-05 0.136675 0.862725 9.9946E-05 9.9946E-05 9.9946E-05 9.9946E-05
9.9946E-05 0.0322807 9.9946E-05 0.96712 9.9946E-05 9.9946E-05 9.9946E-05 9.9946E-05
9.994E-05 9.994E-05 9.994E-05 0.9993 9.994E-05 9.994E-05 9.994E-05 9.994E-05
9.994E-05 9.994E-05 9.994E-05 0.9993 9.994E-05 9.994E-05 9.994E-05 9.994E-05
0.0514212 9.9973E-05 0.127914 0.78052 0.0191059 9.9973E-05 9.9973E-05 0.0207384
0.039478 9.9982E-05 0.127194 0.764123 9.9982E-05 0.0363356 0.0292955 0.00337331
9.9946E-05 0.0677334 9.9946E-05 0.931667 9.9946E-05 9.9946E-05 9.9946E-05 9.9946E-05
0.0146834 0.161299 0.302367 0.404859 0.0033038 0.0134897 9.9991E-05 0.0998979
0.104699 9.9991E-05 0.193609 0.626016 0.00635238 0.0166169 0.0484689 0.0041374
9.9964E-05 9.9964E-05 0.235666 0.717487 9.9964E-05 0.0353458 9.9964E-05 0.0111015
0.0499266 9.9973E-05 0.0567804 0.882302 9.9973E-05 9.9973E-05 0.0104643 0.000226998
9.9946E-05 9.9946E-05 0.0467749 0.952625 9.9946E-05 9.9946E-05 9.9946E-05 9.9946E-05
9.9982E-05 0.021859 0.0191536 0.921084 0.0119307 0.00501429 9.9982E-05 0.0207588
9.9946E-05 9.9946E-05 9.9946E-05 0.992639 9.9946E-05 9.9946E-05 0.00676158 9.9946E-05
0.0167424 9.9982E-05 0.325355 0.553502 0.0716404 0.0130449 9.9982E-05 0.0195155
0.0425437 0.0272546 9.9973E-05 0.879893 9.9973E-05 0.0188688 9.9973E-05 0.0311405
0.0398947 0.0268465 9.9973E-05 0.0135318 9.9973E-05 0.277853 0.641574 9.9973E-05
0.00744884 0.0701323 0.385196 0.0737469 0.00424632 0.15302 0.197754 0.108456
9.9982E-05 0.0259708 0.452975 0.0314465 9.9982E-05 0.183776 0.229475 0.0761562
9.9982E-05 0.00889932 0.202011 0.0889083 9.9982E-05 0.157509 0.446114 0.096358
9.9991E-05 0.00935867 0.412104 0.175885 0.0876685 0.0593844 0.204871 0.0506277
0.0072757 0.0612861 0.212579 0.0559519 0.0472496 0.219504 0.396053 9.9991E-05
9.9991E-05 0.0802797 0.449897 0.0912307 0.0653033 0.16126 0.107366 0.0445638
9.9982E-05 0.00844407 0.3167 0.157171 0.0140296 0.0668636 0.436591 9.9982E-05
0.028022 9.9982E-05 0.41461 0.189178 0.0090493 0.0775679 0.281373 9.9982E-05
9.9964E-05 9.9964E-05 0.366053 0.166667 9.9964E-05 0.123318 0.343562 9.9964E-05
0.00899972 0.0104778 0.431527 0.0876928 9.9991E-05 0.242758 0.209802 0.00864201
9.9982E-05 0.0152339 0.0322323 9.9982E-05 0.0376562 0.805687 0.0461871 0.0628036
0.00561119 9.9964E-05 9.9964E-05 0.0341889 0.0361462 0.923654 9.9964E-05 9.9964E-05
9.9955E-05 0.0223862 9.9955E-05 9.9955E-05 9.9955E-05 0.947976 9.9955E-05 0.0291379
9.9964E-05 0.00185346 9.9964E-05 9.9964E-05 0.00726141 0.921517 9.9964E-05 0.0689684
9.9982E-05 9.9982E-05 0.0145315 0.00241639 0.0497752 0.880412 0.0323141 0.0203504
9.9955E-05 9.9955E-05 9.9955E-05 0.0828213 0.0225803 0.894099 9.9955E-05 9.9955E-05
9.9955E-05 9.9955E-05 9.9955E-05 0.0988573 9.9955E-05 0.855315 9.9955E-05 0.0453281
9.9973E-05 0.0306634 0.00451768 9.9973E-05 9.9973E-05 0.907225 0.0472274 0.0100671
9.9955E-05 0.0647691 0.0314818 9.9955E-05 9.9955E-05 0.903249 9.9955E-05 9.9955E-05
0.012063 9.9973E-05 9.9973E-05 0.0694802 9.9973E-05 0.813105 0.0925073 0.0125448
0.186408 0.100253 9.9973E-05 9.9973E-05 0.0434361 0.625526 9.9973E-05 0.0440765
0.156377 0.0538038 9.9964E-05 9.9964E-05 9.9964E-05 0.584342 9.9964E-05 0.205076
0.281294 0.0110965 9.9982E-05 9.9982E-05 0.0028525 0.499557 0.0969642 0.108036
0.340421 0.0339427 9.9982E-05 9.9982E-05 0.025559 0.466215 0.0262111 0.107452
0.111116 0.292655 0.480699 0.0102069 9.9982E-05 0.0427287 9.9982E-05 0.0623943
0.0691062 0.267182 0.474134 0.0390243 0.135077 9.9982E-05 9.9982E-05 0.0152771
0.146711 0.109464 0.57622 0.0265426 0.0129637 9.9991E-05 0.0307436 0.0972552
0.189398 0.185309 0.416332 9.9982E-05 0.0598494 0.0185374 9.9982E-05 0.130374
0.474904 0.104834 0.140638 9.9973E-05 0.00650259 9.9973E-05 9.9973E-05 0.272822
9.9982E-05 0.229262 0.566016 0.0207913 0.0966153 0.0586031 9.9982E-05 0.0285124
0.0564364 0.355084 0.497488 0.000565364 0.0784527 9.9982E-05 9.9982E-05 0.0117739
0.0825889 0.212433 0.518507 9.9982E-05 0.0701043 9.9982E-05 0.0456305 0.0705368
9.9973E-05 0.593382 0.245785 0.0522486 0.0574006 9.9973E-05 0.0508835 9.9973E-05
9.9982E-05 0.134556 0.667037 0.0252891 0.0686145 9.9982E-05 0.04532 0.0589834
0.078294 0.333741 0.409668 9.9973E-05 0.082185 9.9973E-05 9.9973E-05 0.0958124
9.9964E-05 0.719604 9.9964E-05 9.9964E-05 0.189281 9.9964E-05 0.0485199 0.0421951
0.0741605 0.103726 0.513511 9.9991E-05 0.00655527 0.110263 0.0183705 0.173314
0.0279697 0.457711 0.223427 0.00452154 0.118579 9.9991E-05 0.161196 0.00649489
9.9973E-05 0.353141 0.548394 9.9973E-05 0.062533 9.9973E-05 0.0135851 0.0220467
0.173195 0.692627 0.0827005 9.9973E-05 9.9973E-05 0.0295391 9.9973E-05 0.021639
9.9982E-05 0.0149759 0.0199348 0.0111594 9.9982E-05 0.0521422 0.0947692 0.806819
9.9964E-05 9.9964E-05 0.0447754 0.00223346 9.9964E-05 9.9964E-05 0.11277 0.839821
9.9955E-05 9.9955E-05 9.9955E-05 9.9955E-05 0.0401239 9.9955E-05 0.0134706 0.945906
9.9964E-05 0.0300652 9.9964E-05 9.9964E-05 9.9964E-05 0.0598926 0.0529303 0.856712
9.9964E-05 9.9964E-05 0.0856028 0.0222536 9.9964E-05 9.9964E-05 0.0953332 0.796411
9.9964E-05 9.9964E-05 0.0208982 0.101616 0.0275372 9.9964E-05 9.9964E-05 0.849548
9.9964E-05 0.00954086 0.122103 0.0108382 9.9964E-05 0.857118 9.9964E-05 9.9964E-05
9.9964E-05 9.9964E-05 0.0872606 0.0149011 9.9964E-05 0.821921 9.9964E-05 0.0755177
9.9964E-05 9.9964E-05 0.142609 0.10454 9.9964E-05 0.750852 0.00159983 9.9964E-05
0.0575017 9.9973E-05 0.0460974 0.121737 9.9973E-05 0.732493 9.9973E-05 0.0418707
0.0134805 9.9973E-05 0.0768422 0.0854903 9.9973E-05 0.793249 9.9973E-05 0.0306376
0.127175 0.027885 9.9973E-05 9.9973E-05 9.9973E-05 0.393242 0.0820617 0.369336
9.9973E-05 0.0728624 9.9973E-05 9.9973E-05 0.0419807 0.454031 0.0630924 0.367734
9.9964E-05 0.0131363 9.9964E-05 9.9964E-05 0.159004 0.423997 9.9964E-05 0.403463
0.0611594 9.9964E-05 0.0972269 0.0267433 9.9964E-05 0.814471 9.9964E-05 9.9964E-05
9.9973E-05 0.109819 9.9973E-05 9.9973E-05 0.0307492 0.380089 0.0325655 0.446477
9.9973E-05 9.9973E-05 0.20633 0.396283 0.0879471 0.1559 0.15324 9.9973E-05
0.105324 9.9973E-05 0.531972 0.234875 9.9973E-05 0.081623 0.0459055 9.9973E-05
9.9955E-05 9.9955E-05 0.587843 0.198861 9.9955E-05 0.212797 9.9955E-05 9.9955E-05
0.00478104 0.0236159 0.355008 0.183207 0.00229789 0.207893 0.176239 0.0469571
0.0583598 0.0303027 0.453693 0.166552 0.14091 0.149983 9.9982E-05 9.9982E-05
9.9964E-05 9.9964E-05 9.9964E-05 0.308852 0.000436005 0.408619 0.281693 9.9964E-05
0.258934 0.0348463 0.387191 9.9982E-05 0.158333 9.9982E-05 0.0114168 0.149079
0.174159 0.0632036 0.325169 9.9982E-05 0.260564 9.9982E-05 0.0959567 0.0807474
0.547443 9.9973E-05 0.205971 9.9973E-05 0.010609 0.124663 9.9973E-05 0.111014
0.127663 0.105309 0.433214 9.9982E-05 0.218286 9.9982E-05 0.00429273 0.111034
0.181641 0.174723 9.9973E-05 9.9973E-05 0.354405 9.9973E-05 0.276727 0.0122038
0.260514 0.00363015 0.525924 0.0207886 9.9982E-05 0.128341 0.0606026 9.9982E-05
0.176437 0.0712796 0.426445 0.0353151 0.124159 0.0486723 0.0473057 0.0703869
0.458014 0.103525 0.259212 9.9982E-05 0.0411134 0.0496468 9.9982E-05 0.0882892
0.157774 9.9991E-05 0.415074 0.0884995 0.141809 0.0981079 0.0203868 0.0782492
0.531478 0.104371 0.0163665 9.9973E-05 0.178933 9.9973E-05 0.168551 9.9973E-05
0.135502 0.0841756 0.367871 0.0453189 0.165086 9.9991E-05 0.129903 0.0720438
0.234497 0.103703 0.35849 0.0950567 0.0286323 9.9991E-05 0.00496015 0.174561
0.0860045 0.0858636 0.402951 0.173168 0.037252 0.0954045 0.060665 0.0586914
0.311588 9.9973E-05 0.337364 9.9973E-05 0.264879 9.9973E-05 0.0279767 0.0578928
0.3065 0.0358786 0.351035 0.00999548 0.177742 0.00221692 0.0504943 0.0661377
0.209973 9.9973E-05 0.491794 0.0501811 0.126793 9.9973E-05 0.120958 9.9973E-05
0.227631 0.0763302 0.490847 0.0211454 0.0778748 0.0294631 0.0637183 0.0129909
0.0549376 0.0500098 0.648929 0.0476112 0.0281759 0.0853276 9.9991E-05 0.0849085
0.146307 0.151527 0.498005 0.0592009 0.0212562 0.0925764 0.00699419 0.0241323
0.107911 9.9991E-05 0.545143 0.0114744 0.11307 0.154146 0.0283663 0.03979
9.9964E-05 9.9964E-05 0.121606 0.121436 0.0071276 0.749431 9.9964E-05 9.9964E-05
9.9973E-05 0.0481291 0.0465942 0.0336956 0.0443521 0.826929 9.9973E-05 9.9973E-05
0.0273018 9.9991E-05 0.0863929 0.00203762 0.0238787 0.751437 0.10238 0.00647147
9.9973E-05 0.0990516 9.9973E-05 0.0488856 0.059212 0.776778 9.9973E-05 0.0157729
0.0082976 9.9964E-05 0.145657 9.9964E-05 9.9964E-05 0.823056 9.9964E-05 0.0225897
0.683066 0.00594754 0.143904 0.0203558 9.9982E-05 0.0213098 9.9982E-05 0.125218
0.146329 0.0300704 0.400973 0.0778107 0.117906 0.0228627 0.167068 0.0369806
9.9991E-05 0.175603 0.30096 0.204197 0.0749697 0.168499 0.0593452 0.0163253
0.179764 0.000289887 0.637155 0.064391 0.0481041 9.9982E-05 9.9982E-05 0.0700964
0.130579 0.0791981 0.500819 9.9982E-05 0.178759 0.00802408 9.9982E-05 0.102421
0.346822 9.9982E-05 0.214002 0.0664175 0.0889864 9.9982E-05 0.13485 0.148723
0.546324 0.0849566 9.9982E-05 9.9982E-05 0.00698415 0.130858 0.0508923 0.179785
0.148448 0.0202887 0.490927 0.00667324 0.0738432 0.0320462 9.9991E-05 0.227674
0.31717 0.0125808 0.137844 0.0544806 0.161114 0.0661644 9.9991E-05 0.250546
0.0348335 0.083312 0.503519 9.9991E-05 0.0763603 0.00352925 0.15282 0.145526
0.460994 9.9973E-05 0.0368148 9.9973E-05 0.172072 0.152267 9.9973E-05 0.177552
0.174763 9.9982E-05 0.456354 0.109806 9.9982E-05 0.113888 0.0656722 0.0793172
0.586278 9.9982E-05 0.113105 9.9982E-05 0.0590622 0.0361643 0.0857712 0.119419
0.324393 0.0132258 0.299153 0.0353429 0.112191 0.00421129 0.0741565 0.137326
0.0993976 9.9991E-05 0.522815 0.0453855 0.0839561 0.0250268 0.187604 0.035715
0.0369495 0.0257789 0.244671 9.9982E-05 0.106351 9.9982E-05 0.497822 0.0882274
0.0573626 0.00240909 0.558711 9.9982E-05 0.0119098 0.0656874 0.30372 9.9982E-05
0.138785 0.0483951 0.57285 9.9982E-05 9.9982E-05 0.0473109 0.16904 0.0234189
0.047928 0.0203011 0.354399 9.9982E-05 0.0326072 9.9982E-05 0.43273 0.111835
0.170742 0.024106 0.535372 0.00658235 0.0697799 0.0487664 0.107676 0.0369754
9.9973E-05 9.9973E-05 0.548401 9.9973E-05 0.133685 0.0188103 0.189846 0.108957
9.9973E-05 0.17781 0.0826089 9.9973E-05 0.107939 9.9973E-05 0.514778 0.116565
9.9973E-05 0.0110166 0.263042 9.9973E-05 0.0515651 9.9973E-05 0.63802 0.0360559
0.112061 9.9973E-05 0.476939 9.9973E-05 0.0500816 9.9973E-05 0.322557 0.0380611
0.0734536 0.167726 0.132669 9.9982E-05 0.116834 9.9982E-05 0.387255 0.121862
0.0602597 0.130792 0.488721 9.9973E-05 9.9973E-05 9.9973E-05 0.276308 0.0436188
0.584736 0.081356 0.00862573 0.0365231 0.0181354 9.9991E-05 0.0338371 0.236687
0.293719 0.105763 0.14784 0.0261104 0.284468 9.9991E-05 0.0207729 0.121226
0.308913 0.0681798 0.281879 0.0825634 0.0943631 9.9982E-05 9.9982E-05 0.163901
0.12624 0.0154952 0.543874 0.10371 0.0818924 9.9991E-05 0.0102347 0.118453
0.423342 0.161932 0.154832 9.9973E-05 0.00746392 9.9973E-05 9.9973E-05 0.25213
0.0671279 0.0628973 0.40875 0.068347 0.128036 0.0419996 0.11903 0.103812
0.164848 0.0698423 0.450862 0.0914551 0.0218127 0.0981673 0.0513923 0.0516196
0.344293 9.9973E-05 0.386853 0.136729 0.124886 9.9973E-05 9.9973E-05 0.00693969
0.164973 0.194358 0.39543 0.0938103 0.00062864 0.0169864 0.0285214 0.105292
0.23734 0.0710246 0.399616 0.0424546 9.9982E-05 9.9982E-05 0.0337352 0.21563
0.438355 0.133841 0.143005 0.0786765 0.0248941 9.9982E-05 9.9982E-05 0.181028
0.250448 0.0857088 0.308511 0.0712702 0.0266586 9.9991E-05 0.00330887 0.253995
0.207615 0.0932237 0.552839 0.0395339 0.00918341 9.9982E-05 9.9982E-05 0.0974048
0.0686923 0.0601269 0.53555 0.0456035 0.0152547 0.0834881 0.109077 0.0822075
0.268954 0.032737 0.324797 9.9991E-05 0.086318 0.0603171 0.174893 0.051884
0.109273 9.9973E-05 0.563941 0.00951644 0.175938 9.9973E-05 9.9973E-05 0.141031
0.268078 9.9991E-05 0.350141 0.0365747 0.0416417 0.0510432 0.0572971 0.195124
0.263692 0.125089 0.529992 9.9982E-05 0.0429486 0.00464094 9.9982E-05 0.0334368
0.188463 9.9973E-05 0.490633 0.0951237 0.0444159 9.9973E-05 9.9973E-05 0.181064
0.168093 0.00744541 0.4539 0.10359 0.107886 0.0940133 0.0308991 0.0341728
0.0972473 0.0144186 0.422597 0.0725783 9.9982E-05 0.321202 0.0717568 9.9982E-05
0.0532239 0.149339 0.39911 0.198113 0.0124572 0.0938526 0.0938043 9.9991E-05
0.247636 0.0183615 0.428742 0.116321 9.9982E-05 0.09463 0.0941095 9.9982E-05
0.082699 0.0634665 0.581707 0.06647 0.0668296 0.0847136 0.0540147 9.9991E-05
0.0575251 0.0501784 0.478175 0.171412 0.0481342 0.194375 9.9982E-05 9.9982E-05
0.280877 9.9982E-05 0.381166 0.0439042 0.149699 9.9982E-05 0.106025 0.0381293
0.108164 0.0259435 0.52575 0.0870391 0.0782098 0.138418 0.0188827 0.0175938
0.103219 0.154482 9.9982E-05 0.133195 0.0286238 0.201401 0.37888 9.9982E-05
0.153578 0.0426657 0.46185 0.168586 0.0206745 0.0862236 0.0265001 0.0399221
9.9982E-05 0.0919851 0.609831 0.117751 0.0387731 0.130865 0.0105944 9.9982E-05
0.192662 0.0227235 0.361749 0.225047 0.037155 0.0858175 0.0747457 9.9991E-05
0.135616 0.0864093 0.29456 0.102013 0.0165982 0.18845 0.176254 9.9991E-05
9.9973E-05 0.0343499 0.473861 0.154316 9.9973E-05 0.188808 0.148366 9.9973E-05
0.0646136 9.9982E-05 0.619499 0.0329504 0.0292635 0.0908568 0.162617 9.9982E-05
9.9964E-05 9.9964E-05 9.9964E-05 0.179037 0.0468459 0.450489 0.323228 9.9964E-05
9.9973E-05 9.9973E-05 0.444121 0.214888 0.109292 0.189073 9.9973E-05 0.0423257
0.0645204 9.9982E-05 0.416411 0.254037 0.0528156 0.166588 0.0454279 9.9982E-05
0.165236 9.9982E-05 0.526341 0.0477205 0.0748449 0.168709 0.0169493 9.9982E-05
9.9982E-05 0.00602401 0.508365 0.204432 0.0833086 0.172254 0.0254169 9.9982E-05
0.035164 9.9982E-05 0.557772 0.10645 9.9982E-05 0.144967 0.109952 0.0454957
0.0185406 0.00436923 0.341028 0.0946511 0.465705 9.9982E-05 9.9982E-05 0.0755063
0.0128895 9.9991E-05 0.494876 0.0847568 0.241525 0.0868141 0.0466288 0.0324097
0.0867079 0.0930276 9.9973E-05 9.9973E-05 0.800671 9.9973E-05 0.00968474 0.00960848
0.0139181 9.9964E-05 9.9964E-05 9.9964E-05 0.892809 9.9964E-05 0.0574634 0.0354095
0.130738 0.00103173 0.422301 0.0614429 0.331514 0.0527718 9.9982E-05 9.9982E-05
9.9973E-05 9.9973E-05 0.411761 0.235408 0.149103 0.102833 0.100594 9.9973E-05
9.9973E-05 9.9973E-05 0.274723 0.38299 0.238264 0.0906879 0.0130353 9.9973E-05
0.0631275 9.9982E-05 0.11977 0.329951 0.137919 0.173251 0.175781 9.9982E-05
0.00240545 9.9982E-05 0.373808 0.230488 0.177999 0.210938 0.00416098 9.9982E-05
9.9973E-05 9.9973E-05 0.00643244 0.110205 0.710639 0.0600169 0.112407 9.9973E-05
9.9973E-05 9.9973E-05 0.022035 0.108314 0.73292 0.101543 0.0348891 9.9973E-05
9.9964E-05 9.9964E-05 0.448181 0.100196 0.442566 0.00865715 9.9964E-05 9.9964E-05
9.9964E-05 9.9964E-05 0.261461 0.219378 0.486253 0.0325073 9.9964E-05 9.9964E-05
9.9964E-05 9.9964E-05 0.152866 0.0420927 0.692291 0.112351 9.9964E-05 9.9964E-05
9.9973E-05 9.9973E-05 0.494217 0.053101 0.383877 0.0639731 0.00453212 9.9973E-05
9.9973E-05 9.9973E-05 0.500616 0.10301 0.277157 0.0476906 0.0712271 9.9973E-05
0.100187 9.9991E-05 0.404885 0.175999 0.20377 0.0301995 0.0236173 0.0612416
0.103224 9.9973E-05 0.264054 9.9973E-05 0.606799 9.9973E-05 0.00452886 0.0210941
0.0683166 0.0313846 0.228642 0.0737578 0.517009 9.9991E-05 0.00897956 0.0718108
9.9982E-05 0.0101181 0.402524 0.0705709 0.347681 9.9982E-05 0.0529123 0.115994
0.100903 9.9991E-05 0.373146 0.0164429 0.363341 0.0293502 0.0724324 0.0442836
0.07093 0.0753881 0.376888 0.128571 0.270049 0.0487469 0.00322333 0.0262034
0.0588951 9.9964E-05 0.448563 9.9964E-05 0.47368 9.9964E-05 0.0184627 9.9964E-05
9.9964E-05 9.9964E-05 0.158893 9.9964E-05 0.771978 9.9964E-05 0.0267474 0.0419818
9.9973E-05 0.0469127 0.563394 9.9973E-05 0.32546 0.0582401 9.9973E-05 0.00569318
0.0519559 0.0420664 0.113683 9.9973E-05 0.773573 9.9973E-05 9.9973E-05 0.0184216
9.9964E-05 9.9964E-05 0.366743 0.01581 0.615699 0.00134824 9.9964E-05 9.9964E-05
9.9991E-05 0.085932 0.475622 0.072589 0.20652 0.0460109 0.0794513 0.0337749
0.0902117 0.00390279 0.515739 9.9973E-05 0.298489 0.0913576 9.9973E-05 9.9973E-05
0.0541373 9.9982E-05 0.386718 0.188997 0.104218 0.195434 0.0702962 9.9982E-05
0.0649143 9.9991E-05 0.437757 0.101985 0.151479 0.134928 0.0604301 0.0484073
9.9991E-05 0.0400973 0.307529 0.26016 0.0276737 0.141909 0.145129 0.0774021
0.108877 9.9991E-05 0.317678 0.226901 0.0600193 0.152452 0.131668 0.00230529
0.041377 0.0381573 0.444653 0.145528 9.9991E-05 0.186389 0.0877627 0.0560332
9.9982E-05 9.9982E-05 0.371699 0.128313 0.234846 0.164854 0.0558001 0.044288
9.9973E-05 9.9973E-05 9.9973E-05 0.120545 0.571969 0.153851 0.101974 0.0513623
9.9973E-05 9.9973E-05 0.591313 0.156755 0.0732331 0.10667 9.9973E-05 0.0717285
9.9964E-05 9.9964E-05 9.9964E-05 0.0682063 0.385594 0.379494 0.166306 9.9964E-05
9.9964E-05 9.9964E-05 0.399021 0.235073 0.330559 0.0349476 9.9964E-05 9.9964E-05
9.9973E-05 0.163306 0.0613599 9.9973E-05 0.742579 9.9973E-05 0.0268624 0.00559228
0.0257075 0.0357516 9.9955E-05 9.9955E-05 0.938041 9.9955E-05 9.9955E-05 9.9955E-05
9.9964E-05 0.0975457 0.460082 9.9964E-05 0.390514 9.9964E-05 9.9964E-05 0.0514585
0.0315552 9.9973E-05 0.547385 0.00177629 0.369497 0.0494866 9.9973E-05 9.9973E-05
9.9964E-05 0.0577238 0.333197 9.9964E-05 0.573158 9.9964E-05 9.9964E-05 0.035521
9.9964E-05 0.00534537 0.458793 9.9964E-05 0.521465 9.9964E-05 9.9964E-05 0.0139967
9.9955E-05 9.9955E-05 0.488687 0.0101082 0.500705 9.9955E-05 9.9955E-05 9.9955E-05
0.0603173 9.9982E-05 0.0429166 0.0564478 0.0432857 0.793935 9.9982E-05 0.00289741
9.9964E-05 9.9964E-05 9.9964E-05 0.12769 0.0705335 0.690261 9.9964E-05 0.111116
0.016574 9.9955E-05 9.9955E-05 0.0898329 9.9955E-05 0.893093 9.9955E-05 9.9955E-05
9.9955E-05 9.9955E-05 0.091861 9.9955E-05 9.9955E-05 0.902174 0.00546536 9.9955E-05
0.0198717 0.381576 0.488753 0.102841 9.9973E-05 0.00665841 9.9973E-05 9.9973E-05
0.178842 0.323818 0.418455 0.00566343 9.9982E-05 0.0530655 0.0199559 9.9982E-05
0.0748499 0.449 0.45241 9.9973E-05 9.9973E-05 0.0048302 9.9973E-05 0.0186097
0.0912668 0.209287 0.574843 9.9964E-05 9.9964E-05 0.124204 9.9964E-05 9.9964E-05
9.9991E-05 0.221712 0.391465 0.126051 0.00218692 0.00152136 0.134119 0.122845
0.0679118 0.520807 0.222037 9.9991E-05 0.0102767 0.0470867 0.0220717 0.109709
0.0414903 0.345888 0.539346 0.00276278 0.0602264 9.9982E-05 9.9982E-05 0.0100872
9.9964E-05 0.461472 0.35152 9.9964E-05 0.0763872 9.9964E-05 0.110221 9.9964E-05
9.9982E-05 9.9982E-05 0.446148 0.156381 0.0514414 0.293357 0.0161489 0.0363234
0.0203093 0.327848 0.407037 0.0269709 0.137328 9.9982E-05 9.9982E-05 0.0803071
0.183263 0.464897 0.264518 9.9964E-05 9.9964E-05 9.9964E-05 9.9964E-05 0.0869216
0.0490718 0.284049 0.567189 9.9973E-05 0.050003 9.9973E-05 9.9973E-05 0.0493875
0.0852269 0.458277 0.411591 0.020363 9.9973E-05 9.9973E-05 9.9973E-05 0.0242415
9.9964E-05 0.354654 0.532499 0.0421196 0.0703281 9.9964E-05 9.9964E-05 9.9964E-05
0.0833583 0.246935 0.600621 0.0375004 0.0269429 0.00434035 9.9991E-05 0.000202141
9.9964E-05 0.841107 0.0542209 9.9964E-05 0.0950944 9.9964E-05 0.00917766 9.9964E-05
0.0670383 0.580604 0.227478 0.00463203 0.0472753 9.9982E-05 0.0727717 9.9982E-05
9.9973E-05 0.54523 0.29982 9.9973E-05 0.0817151 0.0219001 9.9973E-05 0.0510345
9.9946E-05 0.793065 9.9946E-05 9.9946E-05 9.9946E-05 9.9946E-05 0.206336 9.9946E-05
0.125529 0.25941 0.412779 9.9991E-05 0.0463453 0.0363614 0.0278213 0.0916539
9.9973E-05 0.597588 0.0876321 0.0257331 9.9973E-05 9.9973E-05 0.204745 0.0840021
9.9955E-05 0.698111 9.9955E-05 9.9955E-05 0.139903 9.9955E-05 0.161486 9.9955E-05
9.9982E-05 0.334874 0.498409 0.0659073 0.0184507 9.9982E-05 0.0571789 0.0249806
0.135388 0.579058 0.141079 0.0188698 0.0846548 0.0407497 9.9982E-05 9.9982E-05
0.160695 0.402291 0.332916 0.0827799 9.9973E-05 9.9973E-05 9.9973E-05 0.0210186
0.115412 0.0180944 0.534215 0.0823331 0.0552444 0.0905723 0.104029 9.9991E-05
0.0578933 0.388351 0.527167 0.0116129 9.9973E-05 9.9973E-05 0.0146758 9.9973E-05
0.324297 9.9982E-05 0.2975 0.0282111 0.154121 9.9982E-05 0.132824 0.0628478
9.9964E-05 0.221607 0.597023 9.9964E-05 0.0910166 9.9964E-05 9.9964E-05 0.0899534
0.279232 0.228604 0.440359 0.0114542 9.9973E-05 0.0400508 9.9973E-05 9.9973E-05
9.9964E-05 0.623698 0.30792 9.9964E-05 9.9964E-05 9.9964E-05 0.0540741 0.0139085
0.0104989 0.23577 0.52365 0.0553737 0.0581281 0.0418353 0.0364889 0.0382552
0.0814996 0.012856 0.00447744 9.9982E-05 9.9982E-05 0.62364 0.0668849 0.210442
0.131744 0.0286164 0.0349347 9.9982E-05 9.9982E-05 0.770643 0.0276732 0.00618827
0.0400962 9.9964E-05 9.9964E-05 9.9964E-05 9.9964E-05 0.796843 0.0635243 0.0991368
0.0316824 9.9964E-05 9.9964E-05 9.9964E-05 0.0625503 0.790716 9.9964E-05 0.114651
0.0844405 9.9973E-05 0.0123853 9.9973E-05 9.9973E-05 0.71039 0.0697721 0.122712
0.183136 0.668023 0.0940532 0.010903 9.9973E-05 0.0435841 9.9973E-05 9.9973E-05
0.0707331 0.63378 0.119382 9.9982E-05 9.9982E-05 0.058543 0.0600962 0.0572656
9.9964E-05 0.810385 0.151439 0.016781 9.9964E-05 9.9964E-05 0.0209953 9.9964E-05
9.9991E-05 0.117503 0.559361 0.109244 0.0781667 0.04601 0.034953 0.0546616
0.059449 0.149193 0.496154 0.0766774 9.9991E-05 0.117877 0.0530798 0.0474696
9.9982E-05 0.560956 0.278016 0.0171222 0.0222255 0.0428102 0.0786703 9.9982E-05
9.9982E-05 0.253384 0.538803 0.0858687 0.10419 9.9982E-05 0.0117075 0.0058462
9.9973E-05 0.429608 0.396718 0.0451747 9.9973E-05 0.0263597 0.10184 9.9973E-05
0.0414772 0.378426 0.521565 9.9973E-05 9.9973E-05 0.0437197 9.9973E-05 0.0145119
9.9982E-05 0.177686 0.616057 0.0775262 9.9982E-05 0.0119761 0.0274493 0.0891064
0.112339 0.581534 0.24679 0.00602498 9.9973E-05 9.9973E-05 9.9973E-05 0.0530123
0.121566 0.501866 0.323291 9.9973E-05 9.9973E-05 0.015665 9.9973E-05 0.0373114
0.178153 0.480601 0.297024 9.9964E-05 9.9964E-05 9.9964E-05 9.9964E-05 0.043822
9.9964E-05 9.9964E-05 0.615813 9.9964E-05 9.9964E-05 0.0521865 0.241222 0.0903795
0.0303891 0.533224 0.394992 9.9964E-05 9.9964E-05 0.0409945 9.9964E-05 9.9964E-05
0.0473573 0.414094 0.391082 0.0692959 0.0670419 9.9982E-05 9.9982E-05 0.0109291
9.9973E-05 0.0854029 0.347617 0.435162 9.9973E-05 0.11743 0.0140884 9.9973E-05
0.0360097 9.9982E-05 0.238827 0.441847 0.103834 0.168184 0.0110988 9.9982E-05
9.9982E-05 0.00963994 0.419791 0.401871 9.9982E-05 0.0971886 0.0100912 0.0612185
9.9973E-05 9.9973E-05 0.300028 0.480609 0.0301522 0.119478 0.0694335 9.9973E-05
0.0231014 9.9982E-05 0.500518 0.280765 0.0438778 0.0981808 9.9982E-05 0.0533568
0.0140312 0.378903 0.431604 0.0574052 9.9973E-05 9.9973E-05 0.117757 9.9973E-05
0.0585552 9.9964E-05 9.9964E-05 0.658809 9.9964E-05 0.222287 0.0599494 9.9964E-05
9.9973E-05 0.0192791 0.296152 0.477699 0.0733069 0.133264 9.9973E-05 9.9973E-05
9.9982E-05 0.0974991 0.35307 0.172195 9.9982E-05 0.0792708 0.194285 0.103481
0.118735 9.9973E-05 0.554195 9.9973E-05 0.00798864 0.120941 0.19784 9.9973E-05
0.0744694 9.9982E-05 0.475489 9.9982E-05 0.0593985 0.102307 0.273507 0.0146294
0.0724988 9.9973E-05 0.640384 9.9973E-05 9.9973E-05 0.12227 0.113445 0.0511023
9.9973E-05 0.0842659 0.597192 9.9973E-05 9.9973E-05 0.0280362 0.213774 0.0764317
9.9964E-05 9.9964E-05 0.305681 0.455479 9.9964E-05 0.18883 0.0496103 9.9964E-05
0.0616988 0.038539 0.371248 0.370153 9.9982E-05 0.12724 9.9982E-05 0.0309212
9.9964E-05 9.9964E-05 0.389706 0.444962 9.9964E-05 0.042796 0.122136 9.9964E-05
9.9982E-05 0.0326242 0.478807 0.255608 9.9982E-05 0.0795976 0.066147 0.0870157
0.038218 0.0576451 0.261664 0.499167 0.000408707 0.115465 0.027332 9.9991E-05
0.0477015 9.9982E-05 0.37256 0.287106 0.193443 0.080643 0.0183468 9.9982E-05
0.02442 9.9982E-05 0.308025 0.495889 0.0195901 0.114624 0.0372524 9.9982E-05
0.0486474 0.0643 0.29848 0.409288 0.0335996 0.0105168 0.0950212 0.040147
9.9955E-05 9.9955E-05 0.607919 9.9955E-05 9.9955E-05 0.0594868 0.332094 9.9955E-05
0.0352741 0.0373962 0.327871 0.380699 9.9991E-05 0.128509 0.0631422 0.0270085
9.9964E-05 9.9964E-05 0.170692 0.621722 9.9964E-05 0.150385 0.0568013 9.9964E-05
0.0229625 0.0512614 0.357981 0.362274 0.0223174 0.153677 9.9991E-05 0.0294265
0.182351 0.0563425 0.161018 9.9982E-05 9.9982E-05 0.129661 0.347703 0.122725
0.157522 9.9964E-05 0.588812 0.0450136 9.9964E-05 9.9964E-05 0.208252 9.9964E-05
0.0618124 0.0333388 0.312725 0.352733 0.0227568 0.122793 0.00474197 0.0890992
0.187037 0.0130109 0.582608 9.9982E-05 9.9982E-05 0.0558793 0.122245 0.039019
9.9982E-05 0.145589 0.475965 0.0111303 9.9982E-05 0.176259 0.170633 0.0202237
0.0179452 0.0784446 0.433567 0.15116 0.0637637 0.222529 0.0308461 0.00174508
0.0242933 9.9982E-05 0.337082 0.271922 0.0995563 0.200845 0.0661017 9.9982E-05
0.0777595 0.0846606 0.50412 0.127239 9.9991E-05 0.0855133 0.0975573 0.0230496
0.096523 0.0122968 0.459551 0.290298 9.9982E-05 0.120191 9.9982E-05 0.0209397
9.9973E-05 9.9973E-05 0.376264 0.444063 0.048679 0.122066 0.00862827 9.9973E-05
9.9973E-05 9.9973E-05 0.141112 0.605068 9.9973E-05 0.21174 0.0326375 0.0091432
0.0313936 0.0493046 0.594003 0.0296713 0.0215893 0.106075 0.167863 9.9991E-05
0.0038515 0.0422301 0.534573 9.9982E-05 9.9982E-05 0.110422 0.281123 0.0276012
9.9982E-05 0.00924691 0.215188 9.9982E-05 0.00740062 0.0523813 0.685065 0.0305182
9.9973E-05 0.052118 0.616415 9.9973E-05 9.9973E-05 0.128092 0.163333 0.0397419
0.197344 9.9991E-05 0.343801 0.0571428 0.11444 0.067116 0.103289 0.116766
0.0170738 9.9982E-05 0.484916 0.126262 9.9982E-05 0.120913 0.197431 0.053204
9.9991E-05 0.141127 0.418635 0.0674891 0.0842011 0.1252 0.12454 0.0387069
9.9955E-05 9.9955E-05 9.9955E-05 0.192345 9.9955E-05 0.232915 0.574241 9.9955E-05
9.9955E-05 9.9955E-05 9.9955E-05 0.115972 9.9955E-05 0.262572 0.620956 9.9955E-05
0.0295494 9.9982E-05 0.311903 0.0929239 0.130113 0.120266 0.315044 9.9982E-05
