9.9955E-05 9.9955E-05 0.864919 9.9955E-05 0.0149297 9.9955E-05 9.9955E-05 0.119651
0.0548901 9.9973E-05 0.879609 0.0242268 0.0341781 9.9973E-05 0.00679567 9.9973E-05
9.9973E-05 9.9973E-05 0.780184 9.9973E-05 0.0200576 0.101337 0.0459702 0.0521511
9.9973E-05 9.9973E-05 0.722165 9.9973E-05 0.0858654 0.038601 0.0759887 0.0770799
9.9964E-05 9.9964E-05 0.844559 9.9964E-05 0.0143306 0.0988628 0.0418473 9.9964E-05
0.0258241 9.9982E-05 0.573021 0.275762 0.0286281 0.0434156 0.0531496 9.9982E-05
9.9946E-05 9.9946E-05 0.762096 0.237305 9.9946E-05 9.9946E-05 9.9946E-05 9.9946E-05
9.9964E-05 9.9964E-05 0.664168 0.237806 0.0487798 9.9964E-05 0.0488466 9.9964E-05
0.114923 0.00102054 0.821447 9.99639E-05 0.0622097 9.99639E-05 9.99639E-05 9.99639E-05
9.9982E-05 9.9982E-05 0.61999 0.198765 0.00105991 0.0651876 0.0593553 0.0554421
9.9955E-05 9.9955E-05 0.671077 0.283278 0.0451443 9.9955E-05 9.9955E-05 9.9955E-05
0.331089 9.9955E-05 9.9955E-05 9.9955E-05 0.169575 9.9955E-05 9.9955E-05 0.498836
0.0932973 0.00911549 9.9991E-05 0.00403168 0.153914 0.190742 0.0299627 0.518836
0.181805 0.0624947 9.9964E-05 9.9964E-05 0.254455 9.9964E-05 9.9964E-05 0.500845
0.191954 0.0574894 9.9964E-05 9.9964E-05 0.120464 9.9964E-05 9.9964E-05 0.629693
0.141767 9.9991E-05 0.0828911 0.0888906 0.0683156 0.0558217 0.0839353 0.478279
0.107142 0.0489332 0.000995354 9.9982E-05 9.9982E-05 0.247421 0.0223117 0.572998
0.152983 0.0845692 9.9991E-05 0.045131 0.0981785 0.193972 0.0751061 0.34996
0.224719 0.0176715 0.0989692 9.9973E-05 0.120555 9.9973E-05 9.9973E-05 0.537786
0.244405 9.9973E-05 0.0035247 0.0694023 0.365851 9.9973E-05 9.9973E-05 0.316517
0.152144 0.0406108 9.9973E-05 9.9973E-05 0.148239 0.222948 9.9973E-05 0.435758
0.0412855 0.123793 9.9991E-05 0.112041 0.0824346 0.214332 0.00499676 0.421018
0.128182 9.9982E-05 0.00386286 0.0315631 0.0638172 0.508043 9.9982E-05 0.264332
0.272617 9.9964E-05 9.9964E-05 0.0418148 0.117063 9.9964E-05 9.9964E-05 0.568105
0.152858 9.9991E-05 0.0390348 0.0300802 0.0186568 0.302042 0.0640707 0.393157
0.152183 9.9982E-05 9.9982E-05 0.0463218 0.0575415 0.331552 0.0320832 0.380118
0.283812 9.9955E-05 9.9955E-05 9.9955E-05 0.18691 9.9955E-05 9.9955E-05 0.528778
0.282643 9.9964E-05 9.9964E-05 9.9964E-05 0.0947486 9.9964E-05 0.0552427 0.566966
0.234079 0.0805464 9.9973E-05 0.0368562 0.194584 9.9973E-05 9.9973E-05 0.453634
9.9946E-05 9.9946E-05 0.780522 9.9946E-05 9.9946E-05 9.9946E-05 9.9946E-05 0.218878
9.9946E-05 9.9946E-05 0.73357 9.9946E-05 9.9946E-05 9.9946E-05 9.9946E-05 0.265831
9.9964E-05 9.9964E-05 0.732262 9.9964E-05 9.9964E-05 0.114976 0.0265779 0.125785
0.0198944 9.9973E-05 0.720956 9.9973E-05 9.9973E-05 0.143092 0.0407567 0.0750015
0.201248 0.0151105 9.9982E-05 0.0828385 0.0403701 0.407674 9.9982E-05 0.252558
0.166595 9.9991E-05 0.0610458 0.0299284 0.0850166 0.565417 0.0331454 0.0587511
0.354844 9.9955E-05 9.9955E-05 9.9955E-05 9.9955E-05 0.510119 9.9955E-05 0.134537
0.262754 9.9973E-05 0.0663363 9.9973E-05 0.380417 0.0634451 9.9973E-05 0.226748
0.571076 9.9982E-05 0.00632048 0.00566187 0.0079007 0.379547 0.029294 9.9982E-05
0.137871 0.0782092 0.0567904 9.9991E-05 0.0769315 0.423483 0.0837157 0.142899
0.142841 9.9982E-05 0.00114044 0.0721106 9.9982E-05 0.63974 0.00199012 0.141978
9.9964E-05 9.9964E-05 0.110351 0.209834 0.0425605 0.636855 9.9964E-05 9.9964E-05
9.9973E-05 9.9973E-05 0.0848333 0.226115 0.0218019 0.649395 0.0175547 9.9973E-05
0.666165 9.9973E-05 0.0447786 9.9973E-05 0.0539456 0.148681 9.9973E-05 0.0861299
0.0329047 9.9982E-05 0.0308831 0.261807 9.9982E-05 0.464381 0.0119533 0.197872
0.0623779 0.0272079 0.0933581 0.116588 9.9982E-05 0.61103 0.0892383 9.9982E-05
0.100015 0.101236 0.0571466 0.0740062 0.000804456 0.509103 0.0538509 0.103839
0.47732 0.101625 9.9955E-05 9.9955E-05 9.9955E-05 0.420555 9.9955E-05 9.9955E-05
0.154717 9.9973E-05 0.0863932 9.9973E-05 9.9973E-05 0.590932 0.0558374 0.111821
0.0785394 9.9973E-05 0.0868563 0.122498 9.9973E-05 0.708224 0.0035823 9.9973E-05
0.816693 9.9955E-05 0.101601 0.0812055 9.9955E-05 9.9955E-05 9.9955E-05 9.9955E-05
0.270232 0.0252464 9.9982E-05 0.0724562 0.336996 0.141265 9.9982E-05 0.153604
0.362072 0.113319 9.9973E-05 0.1881 0.0722349 9.9973E-05 9.9973E-05 0.263973
0.0806684 0.0601815 9.9982E-05 9.9982E-05 0.17077 0.380838 0.0801848 0.227157
9.9973E-05 0.165236 9.9973E-05 0.0062607 9.9973E-05 0.386689 0.0321367 0.409377
0.0050855 0.0958509 9.9991E-05 0.137168 0.00716166 0.47583 0.132164 0.146641
0.34812 0.00507517 0.0489721 0.0423149 0.259215 0.0683755 9.9991E-05 0.227827
0.0700381 0.0120202 9.9973E-05 9.9973E-05 0.160462 0.458267 9.9973E-05 0.298913
9.9982E-05 0.102996 9.9982E-05 0.122352 0.01676 0.319894 0.0274346 0.410363
0.227648 9.9982E-05 0.131515 0.106285 0.113352 0.345989 9.9982E-05 0.0750106
0.168543 0.029272 0.180568 0.123323 0.181526 9.9982E-05 9.9982E-05 0.316567
0.124665 0.00687999 0.0292008 0.0780278 0.064596 0.379254 9.9991E-05 0.317276
0.101973 0.117104 0.0100001 9.9991E-05 0.187749 0.175355 0.0144489 0.39327
0.377705 0.00382481 0.0373296 0.0266309 0.295186 9.9982E-05 9.9982E-05 0.259123
0.197436 0.0937178 9.9982E-05 0.0160417 0.0423198 0.180822 9.9982E-05 0.469463
0.0517623 0.116807 9.9982E-05 9.9982E-05 0.0439583 0.458026 0.056374 0.272873
0.130166 9.9982E-05 0.0266189 0.0749266 0.0317573 0.175868 9.9982E-05 0.560463
0.300424 0.111338 0.0213016 9.9991E-05 0.130566 0.117855 0.000361641 0.318054
0.0529679 0.137488 9.9982E-05 0.168345 0.0719478 0.178445 9.9982E-05 0.390606
0.024216 0.0563767 9.9991E-05 0.0600985 0.191747 0.51639 0.0929356 0.0581363
0.280948 0.137176 9.9973E-05 0.052786 0.240668 9.9973E-05 9.9973E-05 0.288122
0.355712 9.9964E-05 9.9964E-05 9.9964E-05 9.9964E-05 0.569577 0.0196446 0.0546672
0.675714 9.9955E-05 9.9955E-05 9.9955E-05 9.9955E-05 0.284319 9.9955E-05 0.0394679
0.216503 0.0596075 0.0666374 9.9982E-05 0.0805804 0.431693 9.9982E-05 0.144778
0.899695 9.9964E-05 9.9964E-05 0.040622 9.9964E-05 0.0214288 0.0378542 9.9964E-05
0.826733 0.0176143 9.9964E-05 0.0879592 9.9964E-05 0.0672933 9.9964E-05 9.9964E-05
0.587853 9.9955E-05 9.9955E-05 9.9955E-05 9.9955E-05 0.387615 0.0240325 9.9955E-05
0.349934 9.9982E-05 0.0142595 0.0250783 0.0369412 0.449086 9.9982E-05 0.124501
0.141161 0.00508008 0.141595 9.9991E-05 0.0663875 0.517717 0.0359817 0.0919774
0.348724 9.9964E-05 9.9964E-05 9.9964E-05 9.9964E-05 0.364487 0.0721651 0.214224
0.54086 9.9964E-05 0.0443313 9.9964E-05 0.138069 0.27634 9.9964E-05 9.9964E-05
0.362018 9.9964E-05 0.0321999 9.9964E-05 0.23227 0.373112 9.9964E-05 9.9964E-05
0.185392 9.9991E-05 0.0328603 0.000534974 0.102409 0.389944 0.0578909 0.230869
0.459937 9.9973E-05 0.0510729 9.9973E-05 0.00917363 0.425674 0.0538431 9.9973E-05
0.374034 9.9973E-05 0.0828785 0.0120663 9.9973E-05 0.474711 9.9973E-05 0.0560105
0.372035 9.9964E-05 9.9964E-05 0.0868749 0.00579936 0.53489 9.9964E-05 9.9964E-05
0.604339 0.105271 0.00169626 0.1685 9.9973E-05 0.119895 9.9973E-05 9.9973E-05
0.156614 9.9964E-05 9.9964E-05 0.0758823 9.9964E-05 0.653549 0.113555 9.9964E-05
9.9973E-05 9.9973E-05 0.741775 9.9973E-05 0.0437701 0.0468484 0.0484814 0.118825
9.9946E-05 9.9946E-05 0.858369 9.9946E-05 9.9946E-05 0.141032 9.9946E-05 9.9946E-05
9.9964E-05 9.9964E-05 0.82112 9.9964E-05 9.9964E-05 0.106383 0.0244029 0.0476943
0.00298044 9.9973E-05 0.903847 0.0226771 9.9973E-05 0.0562059 0.0139896 9.9973E-05
0.0361607 9.9973E-05 0.815394 9.9973E-05 9.9973E-05 0.115773 0.0153228 0.0170491
9.9946E-05 9.9946E-05 0.868081 9.9946E-05 9.9946E-05 0.131319 9.9946E-05 9.9946E-05
9.99461E-05 9.99461E-05 0.904501 9.99461E-05 9.99461E-05 0.094899 9.99461E-05 9.99461E-05
0.148886 0.0416352 0.0151896 0.00128471 0.0650641 0.438633 0.0525998 0.236708
0.121609 9.9982E-05 0.0244941 9.9982E-05 0.0817168 0.544455 0.109968 0.117558
0.79135 9.9964E-05 0.0294669 9.9964E-05 0.0273281 0.151455 9.9964E-05 9.9964E-05
0.208493 9.9982E-05 0.07294 9.9982E-05 0.0108624 0.473175 0.0868588 0.147471
0.359631 9.9991E-05 0.016913 0.0196993 0.0442909 0.498359 0.0263106 0.0346967
0.190115 9.9964E-05 0.0953158 9.9964E-05 9.9964E-05 0.703674 9.9964E-05 0.0104954
0.22466 0.0606969 0.0127328 0.0497328 9.9991E-05 0.557096 0.0100005 0.0849807
0.37978 9.9964E-05 0.05293 9.9964E-05 9.9964E-05 0.450182 0.116708 9.9964E-05
0.696793 9.9964E-05 0.0880751 9.9964E-05 0.143489 0.0712431 9.9964E-05 9.9964E-05
0.170347 0.108753 0.106375 0.0277716 0.015096 0.413642 9.9991E-05 0.157915
0.10581 9.9964E-05 0.066041 9.9964E-05 9.9964E-05 0.651523 9.9964E-05 0.176226
0.123699 9.9991E-05 0.00317588 0.035243 0.102874 0.409412 0.0152938 0.310203
0.44067 0.0561703 0.0198892 0.0985958 9.9991E-05 0.332102 0.0307583 0.0217144
0.38503 0.0358808 9.9955E-05 9.9955E-05 9.9955E-05 0.578589 9.9955E-05 9.9955E-05
0.311108 9.9973E-05 0.0163972 9.9973E-05 0.0779365 0.524583 9.9973E-05 0.0696759
0.51239 9.9955E-05 9.9955E-05 9.9955E-05 9.9955E-05 0.384454 0.102656 9.9955E-05
0.273607 9.9964E-05 0.0321163 9.9964E-05 0.0899868 0.60389 9.9964E-05 9.9964E-05
0.115928 0.0136362 0.113341 9.9991E-05 0.0712191 0.624312 0.0557363 0.00572885
0.178248 0.276244 9.9964E-05 9.9964E-05 0.142417 9.9964E-05 9.9964E-05 0.402691
0.109975 9.9982E-05 0.043105 0.0465225 0.244076 0.168668 9.9982E-05 0.387454
0.0567218 9.9991E-05 0.0656496 0.0759323 0.122184 0.444792 0.0865381 0.148083
0.0561524 0.084897 0.00480959 9.9991E-05 0.0316445 0.511346 0.135093 0.175958
0.0251865 0.0644267 0.0115686 9.9982E-05 0.245711 0.294535 9.9982E-05 0.358372
0.0751311 0.0457534 9.9982E-05 0.019263 0.186869 0.415256 9.9982E-05 0.257527
0.130737 0.0558439 9.9973E-05 9.9973E-05 0.210142 0.184317 9.9973E-05 0.41866
0.0141636 0.0736809 0.0897915 9.9982E-05 0.167577 0.481882 9.9982E-05 0.172705
0.0885722 0.0440372 9.9991E-05 0.0601511 0.102402 0.424045 0.0310851 0.249608
9.9982E-05 0.0129258 0.0415957 0.0622842 0.152007 0.545499 9.9982E-05 0.185488
0.0772524 0.00922537 9.9973E-05 9.9973E-05 0.217186 0.421939 9.9973E-05 0.274097
9.9991E-05 0.117797 0.053016 0.0102753 0.146247 0.583034 0.00209066 0.08744
9.9991E-05 0.00577801 0.0382538 0.210245 0.00553889 0.452156 0.0636446 0.224283
0.131477 0.0568965 9.9982E-05 9.9982E-05 0.0667734 0.409065 0.00160811 0.33398
0.0463944 0.156756 0.0169113 0.000923658 0.190586 0.368323 0.0453535 0.174752
0.0534127 0.0801372 9.9991E-05 0.0267787 0.119965 0.447607 0.0455035 0.226496
0.0555985 0.173388 0.0303807 0.0341085 0.161332 0.100118 9.9991E-05 0.444976
0.105623 0.1129 9.9982E-05 9.9982E-05 0.05684 0.37454 0.0420407 0.307856
9.9982E-05 0.10177 0.0116157 9.9982E-05 0.0902478 0.515877 0.0220507 0.258239
0.278826 0.059574 9.9982E-05 9.9982E-05 0.2727 0.0471404 0.0140886 0.327471
0.226234 0.252056 9.9973E-05 0.0931006 0.168033 9.9973E-05 9.9973E-05 0.260276
0.179133 9.9973E-05 9.9973E-05 0.0443244 0.116577 0.361945 9.9973E-05 0.29772
0.214251 0.327956 9.9991E-05 0.0406565 0.265551 0.08779 0.043016 0.0206792
0.223634 0.0561104 9.9973E-05 9.9973E-05 0.291848 0.157578 9.9973E-05 0.27053
0.190971 0.0581758 9.9982E-05 0.023675 0.249639 0.383596 9.9982E-05 0.0937435
0.248867 9.9964E-05 9.9964E-05 9.9964E-05 0.306588 0.154116 9.9964E-05 0.29003
0.209728 9.9964E-05 9.9964E-05 9.9964E-05 0.33709 0.0858359 9.9964E-05 0.366946
0.0360775 0.00805565 0.0463795 0.0924582 0.0843093 0.515027 0.00656226 0.211131
9.9982E-05 0.116932 0.154178 9.9982E-05 0.0801941 0.482477 0.018328 0.14769
9.9991E-05 0.0419612 0.0503707 0.0345679 0.123627 0.623288 0.0113162 0.11477
0.272941 0.181442 9.9973E-05 0.137482 0.168023 9.9973E-05 9.9973E-05 0.239811
0.152518 9.9982E-05 0.117539 0.0562094 9.9982E-05 0.398856 0.0386449 0.236033
0.0295724 0.0338256 9.9991E-05 0.208043 0.101067 0.400482 0.0150313 0.211879
0.218133 0.154504 0.132266 0.438403 0.0563945 9.9973E-05 9.9973E-05 9.9973E-05
0.0796083 9.9973E-05 0.067992 0.12383 9.9973E-05 0.374964 9.9973E-05 0.353306
0.240705 0.121195 0.0495103 0.153028 0.0634929 0.259418 0.0309354 0.0817157
0.0699139 0.0944071 0.131865 0.0407138 0.0473104 0.531753 0.00943327 0.0746032
0.0852833 0.0915629 0.109747 0.387874 0.0702416 0.255091 9.9982E-05 9.9982E-05
0.0682222 0.0718234 0.0567486 0.452835 0.121731 0.111145 9.9991E-05 0.117394
0.0713477 0.143668 0.0551652 0.212871 0.0373252 0.397802 0.00668703 0.0751343
9.9991E-05 0.0604354 0.0907862 0.14169 0.012522 0.370115 0.0560332 0.268318
0.144798 0.036743 0.13296 0.145289 0.0962151 0.339173 0.0547585 0.0500631
0.291824 0.100138 0.0480148 0.315157 0.0111247 9.9991E-05 0.0924529 0.141189
0.0311879 0.154697 0.0052156 0.172502 0.0527613 0.348687 0.0979961 0.136953
0.163133 0.0743611 9.9982E-05 0.325298 0.047168 0.323946 9.9982E-05 0.0658943
0.225964 0.0345676 9.9982E-05 0.154237 0.0774369 0.357516 9.9982E-05 0.150079
0.0953755 0.0297107 0.0645025 0.0785949 0.0556554 0.550088 0.0266087 0.0994644
9.9973E-05 0.0431637 0.270975 0.230817 9.9973E-05 9.9973E-05 0.248629 0.206115
9.9964E-05 0.144868 0.536951 0.187893 9.9964E-05 9.9964E-05 0.129888 9.9964E-05
9.9964E-05 0.246681 0.477206 0.182891 9.9964E-05 9.9964E-05 0.0928225 9.9964E-05
9.9973E-05 0.0487224 0.31917 0.153029 9.9973E-05 9.9973E-05 0.246475 0.232303
9.9964E-05 9.9964E-05 9.9964E-05 0.309603 0.0237868 0.653788 0.0124222 9.9964E-05
0.0161413 9.9982E-05 9.9982E-05 0.182287 0.0657062 0.57667 0.00561825 0.153377
0.010591 9.9964E-05 9.9964E-05 9.9964E-05 9.9964E-05 0.257947 0.681218 0.0498445
0.11922 9.9973E-05 0.0568461 9.9973E-05 0.0200833 0.353639 0.449912 9.9973E-05
0.0560127 0.0513927 0.0264334 0.0294027 0.0845592 0.238963 0.464205 0.0490316
0.0514212 0.158723 9.9982E-05 0.429011 9.9982E-05 0.304632 0.0108796 0.0451333
0.128223 0.0510846 0.0449849 0.220007 0.0774306 0.359159 0.119011 9.9991E-05
0.119066 0.15889 9.9982E-05 0.495363 9.9982E-05 0.148907 0.0429964 0.0345766
0.0557228 0.0837704 0.00824587 0.185326 0.0227123 0.521685 0.0246205 0.0979171
9.9982E-05 0.160295 0.00622829 0.229273 0.000650402 0.422727 9.9982E-05 0.180626
9.9973E-05 9.9973E-05 9.9973E-05 0.339928 0.0738215 0.475626 0.086407 0.023918
0.213762 0.115912 9.9982E-05 0.475436 0.0224992 0.130021 9.9982E-05 0.0421689
0.0959329 0.0151694 0.0286563 0.129604 0.0168359 0.614862 0.0402233 0.0587154
0.0776075 0.141448 0.0832473 0.0465194 0.0419199 0.555226 0.0539317 9.9991E-05
0.0199592 0.00835352 9.9964E-05 9.9964E-05 9.9964E-05 0.0288322 0.942455 9.9964E-05
9.9964E-05 9.9964E-05 9.9964E-05 0.000445317 0.0171449 0.126582 0.855428 9.9964E-05
0.0304215 0.00966492 9.9991E-05 0.0134659 0.0297359 0.171368 0.614968 0.130277
9.9955E-05 9.9955E-05 0.0390986 9.9955E-05 9.9955E-05 0.30726 0.653141 9.9955E-05
9.9973E-05 9.9973E-05 9.9973E-05 0.00362489 0.0213207 0.118846 0.816847 0.0390619
9.994E-05 9.994E-05 9.994E-05 9.994E-05 9.994E-05 9.994E-05 0.9993 9.994E-05
9.9955E-05 0.0163698 9.9955E-05 9.9955E-05 0.0246364 9.9955E-05 0.958494 9.9955E-05
9.9955E-05 9.9955E-05 9.9955E-05 9.9955E-05 9.9955E-05 0.106248 0.829372 0.0638806
9.9955E-05 9.9955E-05 9.9955E-05 9.9955E-05 0.0097666 0.0427341 0.947 9.9955E-05
9.9955E-05 0.00184346 9.9955E-05 9.9955E-05 9.9955E-05 0.0219723 0.975684 9.9955E-05
9.994E-05 9.994E-05 9.994E-05 9.994E-05 9.994E-05 9.994E-05 0.9993 9.994E-05
9.9973E-05 9.9973E-05 0.0282223 9.9973E-05 0.0175684 0.0758381 0.742469 0.135603
9.9982E-05 9.9982E-05 0.025507 0.000326804 0.0657129 0.0513808 0.788893 0.0679791
0.0215781 9.9955E-05 9.9955E-05 9.9955E-05 9.9955E-05 0.0136954 0.964227 9.9955E-05
0.0780616 9.9982E-05 0.0446568 9.9982E-05 0.148244 0.272419 0.365872 0.0905466
9.9982E-05 0.00565916 0.0267293 9.9982E-05 0.056677 0.151675 0.664889 0.09417
9.9973E-05 9.9973E-05 0.037787 0.0632028 9.9973E-05 0.0609449 0.77641 0.0613557
9.9964E-05 9.9964E-05 9.9964E-05 9.9964E-05 0.0287281 0.0638963 0.797729 0.109246
9.9946E-05 9.9946E-05 9.9946E-05 9.9946E-05 9.9946E-05 0.00203621 0.997364 9.9946E-05
9.9973E-05 0.0602988 0.0511886 9.9973E-05 9.9973E-05 0.0335809 0.827738 0.026894
0.0100559 9.9955E-05 0.0134103 9.9955E-05 9.9955E-05 9.9955E-05 0.976034 9.9955E-05
0.00380966 0.0432553 0.0374616 9.9991E-05 0.00330863 0.139869 0.610768 0.161428
0.0751926 0.00356409 9.9964E-05 9.9964E-05 9.9964E-05 9.9964E-05 0.814471 0.106372
0.0274968 0.103168 0.314442 0.527897 9.9973E-05 9.9973E-05 0.0266969 9.9973E-05
0.107349 0.0122021 0.167318 0.10512 0.0459976 0.245124 0.0280978 0.288791
9.9991E-05 0.00180835 0.162101 0.272712 0.0437772 0.265226 0.0602154 0.19406
9.9973E-05 0.142083 0.246389 0.368979 9.9973E-05 0.141887 0.100362 9.9973E-05
9.9991E-05 0.0658967 0.106342 0.146356 0.0593991 0.486983 0.053946 0.0809772
9.9982E-05 0.212718 0.202638 0.264823 9.9982E-05 0.146025 0.0838192 0.0897774
0.0630749 0.0161705 0.154852 0.0957504 0.0942927 0.404814 0.112639 0.0584062
0.00146328 0.132018 0.0956432 0.281917 9.9991E-05 0.236698 0.17352 0.0786398
0.0369513 0.0969519 0.135722 0.186058 9.9991E-05 0.29442 0.138854 0.110942
9.9982E-05 0.00968886 0.0456304 0.35881 9.9982E-05 0.0805774 0.247323 0.25777
9.9991E-05 0.0327773 0.071595 0.265437 0.0542152 0.203553 0.1486 0.223722
9.9973E-05 0.00073225 0.803368 0.0876535 0.0367148 0.0712316 9.9973E-05 9.9973E-05
9.9973E-05 0.0448247 0.907207 9.9973E-05 9.9973E-05 0.00385623 0.0106796 0.0331323
9.9955E-05 9.9955E-05 0.917541 9.9955E-05 0.0144893 9.9955E-05 9.9955E-05 0.0674698
9.9955E-05 9.9955E-05 0.902764 9.9955E-05 0.0389043 0.057832 9.9955E-05 9.9955E-05
9.9973E-05 0.00436261 0.824071 0.0170596 0.000334875 9.9973E-05 9.9973E-05 0.153872
9.9964E-05 0.110125 0.823394 9.9964E-05 9.9964E-05 9.9964E-05 0.0657179 0.000363605
9.9964E-05 9.9964E-05 0.825236 9.9964E-05 0.0321856 9.9964E-05 0.0871295 0.0550495
0.0157959 0.0483923 0.867837 9.9973E-05 0.0640434 9.9973E-05 9.9973E-05 0.00363126
0.0114667 0.0595261 0.854693 9.9982E-05 9.9982E-05 0.0591329 0.0105367 0.00444509
9.9964E-05 0.0411386 0.811467 9.9964E-05 9.9964E-05 9.9964E-05 0.0632897 0.0837048
0.185338 0.0526455 0.61636 9.9964E-05 0.145257 9.9964E-05 9.9964E-05 9.9964E-05
0.088904 0.0200064 0.574671 9.9973E-05 0.230079 9.9973E-05 9.9973E-05 0.0860402
0.0942253 0.144061 0.539643 9.9964E-05 0.221671 9.9964E-05 9.9964E-05 9.9964E-05
0.190331 9.9973E-05 0.491732 0.0287274 0.242815 9.9973E-05 9.9973E-05 0.0460947
0.240479 0.0300243 0.0164399 0.0646743 0.0514838 0.546029 9.9991E-05 0.0507694
0.184828 0.0559374 0.0821217 9.9982E-05 0.114511 0.511404 0.0509974 9.9982E-05
0.174038 9.9982E-05 9.9982E-05 0.035125 0.102937 0.549296 0.0412677 0.0971363
0.300023 9.9973E-05 9.9973E-05 0.0564116 0.177946 0.373517 9.9973E-05 0.0918017
0.283391 0.0247838 9.9964E-05 9.9964E-05 0.440817 9.9964E-05 9.9964E-05 0.250609
0.209584 0.0375437 9.9973E-05 9.9973E-05 9.9973E-05 0.511304 0.0955546 0.145714
0.243593 0.0232715 9.9973E-05 9.9973E-05 0.0335295 0.625942 9.9973E-05 0.0733639
0.158113 0.0680444 9.9982E-05 0.0634603 0.0659959 0.383353 9.9982E-05 0.260834
0.414092 0.0232436 9.9973E-05 0.0411039 9.9973E-05 0.493587 0.0276742 9.9973E-05
0.0382562 0.0538444 0.0366348 9.9982E-05 0.134323 0.716564 0.0201781 9.9982E-05
0.3623 0.0383479 9.9982E-05 0.0123813 0.0684188 0.456577 9.9982E-05 0.0617752
0.870248 0.115669 9.9955E-05 9.9955E-05 9.9955E-05 9.9955E-05 0.0135836 9.9955E-05
0.176989 0.0244576 0.0366983 9.9982E-05 0.0226995 0.360197 9.9982E-05 0.378758
0.442874 0.0264795 0.0091823 0.106975 0.0144239 0.39486 0.00510446 9.9991E-05
0.296387 0.0882275 9.9973E-05 9.9973E-05 9.9973E-05 0.529916 0.0533845 0.0317845
0.659353 0.00299927 0.0599967 9.9973E-05 0.0973505 0.18 9.9973E-05 9.9973E-05
9.9973E-05 9.9973E-05 0.101053 0.172436 0.679859 0.0291366 0.0172156 9.9973E-05
9.9964E-05 9.9964E-05 0.0540773 0.198599 0.71029 0.0366344 9.9964E-05 9.9964E-05
9.9955E-05 9.9955E-05 9.9955E-05 0.148461 0.814931 0.0361083 9.9955E-05 9.9955E-05
0.0561537 9.9964E-05 0.0976944 0.140234 0.705518 9.9964E-05 9.9964E-05 9.9964E-05
9.9973E-05 0.0178174 9.9973E-05 0.160415 0.77277 0.0301036 0.0185944 9.9973E-05
9.9964E-05 9.9964E-05 9.9964E-05 0.0376188 0.813719 0.00430502 0.143958 9.9964E-05
9.9955E-05 9.9955E-05 0.847732 9.9955E-05 9.9955E-05 0.107095 9.9955E-05 0.0446726
9.9964E-05 9.9964E-05 0.759364 9.9964E-05 0.0991875 9.9964E-05 0.0114036 0.129645
9.9964E-05 9.9964E-05 0.723086 9.9964E-05 9.9964E-05 0.0433502 0.0356714 0.197492
9.9964E-05 9.9964E-05 0.71048 9.9964E-05 0.0466178 9.9964E-05 0.0678691 0.174633
9.9964E-05 9.9964E-05 0.756029 9.9964E-05 0.0437025 0.122931 0.0769375 9.9964E-05
0.0606825 9.9964E-05 0.383143 0.0860455 0.469729 9.9964E-05 9.9964E-05 9.9964E-05
9.9964E-05 0.0756801 0.448163 0.0849896 0.390767 9.9964E-05 9.9964E-05 9.9964E-05
0.0125915 0.0666539 0.430739 9.9973E-05 0.478522 0.0111936 9.9973E-05 9.9973E-05
9.9946E-05 9.9946E-05 0.714428 9.9946E-05 9.9946E-05 9.9946E-05 9.9946E-05 0.284973
0.109292 0.0148372 0.378362 0.0213986 0.459679 0.00742062 0.00891092 9.9991E-05
9.9973E-05 0.147905 0.132059 9.9973E-05 9.9973E-05 0.146356 0.332905 0.240475
9.9973E-05 9.9973E-05 0.1207 0.0348865 9.9973E-05 0.424023 0.0892035 0.330887
9.9964E-05 9.9964E-05 0.0776549 9.9964E-05 9.9964E-05 0.311484 0.237177 0.373285
0.102296 0.0204878 0.203245 0.00835413 0.0627741 0.241067 0.246003 0.115773
0.0167487 9.9982E-05 0.128207 0.091972 9.9982E-05 0.257648 0.232075 0.273149
9.9964E-05 0.079468 0.464298 0.20017 9.9964E-05 9.9964E-05 0.255664 9.9964E-05
0.0839426 9.9982E-05 0.00498698 0.0570862 0.291693 0.499509 9.9982E-05 0.0625818
0.121425 0.206881 9.9982E-05 0.054744 0.192636 0.319352 9.9982E-05 0.104762
0.109966 0.0453563 9.9964E-05 9.9964E-05 0.37278 9.9964E-05 9.9964E-05 0.471497
0.0755524 0.210269 0.0182417 9.9973E-05 0.131701 0.563936 9.9973E-05 9.9973E-05
0.401772 0.41117 9.9964E-05 0.0604742 0.126184 9.9964E-05 9.9964E-05 9.9964E-05
0.0192602 0.153584 0.0723453 9.9982E-05 0.104403 0.391442 9.9982E-05 0.258766
0.0554321 0.123587 0.0520795 0.03151 0.118344 0.443618 0.0104347 0.164995
0.171872 0.0538952 0.0110207 0.0479185 0.290246 0.166546 9.9991E-05 0.258401
0.0643607 0.0625824 0.0979552 0.0586794 0.125352 0.406882 9.9991E-05 0.184089
0.314112 0.146113 9.9973E-05 0.121708 0.149682 9.9973E-05 9.9973E-05 0.268086
0.0224925 0.213406 9.9991E-05 0.0857625 0.075872 0.48214 0.0389106 0.0813162
0.0656384 0.106702 0.00213396 0.0315924 0.198519 0.515098 9.9991E-05 0.0802168
0.176374 9.9991E-05 0.0251885 0.0850192 0.0156433 0.223484 0.193812 0.280378
0.149101 0.191479 9.9982E-05 0.047869 0.197981 0.220024 9.9982E-05 0.193346
0.140324 0.137829 9.9973E-05 9.9973E-05 0.194208 0.355656 9.9973E-05 0.171684
0.115712 0.1272 9.9991E-05 0.0956928 0.0750883 0.398198 0.109053 0.0789554
0.0485876 0.0619566 0.0557887 0.114555 0.131266 0.57362 9.9991E-05 0.0141264
0.0469041 0.045172 9.9991E-05 0.0422267 0.0945119 0.423695 0.0310737 0.316316
0.111581 0.161763 0.0638617 9.9982E-05 0.00560265 0.527746 0.129245 9.9982E-05
0.0773616 0.0205665 0.0416429 9.9991E-05 0.138031 0.425214 0.0484368 0.248647
9.9955E-05 9.9955E-05 0.7384 9.9955E-05 9.9955E-05 0.149704 0.111397 9.9955E-05
0.0196047 9.9964E-05 0.802976 9.9964E-05 9.9964E-05 0.091129 0.0858901 9.9964E-05
0.0441015 0.0117224 0.736051 0.0624409 0.0559452 0.028132 0.0615069 9.9991E-05
0.0629015 0.00550648 0.801589 9.9982E-05 0.0181838 0.0970715 0.0145475 9.9982E-05
9.9955E-05 9.9955E-05 0.820872 9.9955E-05 9.9955E-05 0.136144 0.0424847 9.9955E-05
0.200085 0.0289222 9.9964E-05 9.9964E-05 0.360203 9.9964E-05 9.9964E-05 0.41039
0.136024 0.0224096 0.0521245 0.0832036 0.0379412 0.42112 0.0318214 0.215356
0.0200998 0.141551 0.0964409 0.0663257 0.0227081 0.133913 0.161736 0.357226
0.0206948 0.087447 9.9973E-05 9.9973E-05 0.0600794 0.604418 9.9973E-05 0.227061
0.167077 9.9982E-05 0.0249258 9.9982E-05 0.156095 0.38736 0.000473884 0.263869
0.112798 0.266587 9.9991E-05 0.0139372 0.212542 0.0977234 0.0569096 0.239404
0.310826 9.9973E-05 0.153995 0.0197591 0.40028 9.9973E-05 9.9973E-05 0.114841
9.9982E-05 0.0862624 0.0117859 0.0136724 0.244709 0.62733 9.9982E-05 0.0160404
0.169729 0.133426 0.036802 9.9991E-05 0.399444 0.102774 0.0473255 0.110401
0.118994 0.121162 0.0444081 0.0385419 0.178666 0.406803 0.0913246 9.9991E-05
0.13825 0.176596 0.0768074 9.9973E-05 0.403391 9.9973E-05 9.9973E-05 0.204655
0.0575461 0.00133497 0.00106018 9.9991E-05 0.152129 0.267134 0.0763277 0.444367
0.229642 0.0156439 0.0223336 9.9973E-05 0.349705 9.9973E-05 9.9973E-05 0.382375
0.196817 0.0714595 9.99744E-05 9.99744E-05 0.188127 0.185269 9.99744E-05 0.358028
0.0789272 0.0786679 9.9991E-05 0.280156 0.0764712 0.368409 0.0364658 0.0808033
0.0397401 0.0587883 9.9991E-05 0.621302 0.0669318 0.187953 0.00754656 0.0176386
9.9973E-05 9.9973E-05 9.9973E-05 0.369185 0.0145593 0.322122 0.0036971 0.290137
0.102545 9.9973E-05 0.0650747 0.181746 9.9973E-05 0.450389 9.9973E-05 0.199946
0.0135197 0.0734259 9.9982E-05 0.516286 0.099514 0.286849 9.9982E-05 0.0102058
9.9991E-05 0.0112733 0.0585911 0.232326 0.0690888 0.51432 0.0745257 0.0397755
9.9973E-05 0.0252673 0.0490501 0.296193 0.0269281 0.602262 9.9973E-05 9.9973E-05
0.180692 0.0632227 9.9973E-05 0.667602 0.030551 0.057633 9.9973E-05 9.9973E-05
0.0552124 0.0965395 9.9973E-05 0.627491 0.00483024 0.215627 9.9973E-05 9.9973E-05
9.9973E-05 0.0592487 9.9973E-05 0.374838 0.0427473 0.420122 9.9973E-05 0.102744
0.232883 0.0575432 9.9973E-05 0.535289 0.0376836 0.136301 9.9973E-05 9.9973E-05
0.0480696 9.9973E-05 9.9973E-05 0.359053 0.0408269 0.288064 9.9973E-05 0.263686
0.246174 0.0623713 9.9964E-05 9.9964E-05 0.397327 9.9964E-05 9.9964E-05 0.293727
0.104649 0.349491 9.9982E-05 9.9982E-05 0.262236 0.182719 0.0268566 0.0738492
0.151329 0.0368533 9.9982E-05 9.9982E-05 0.252728 0.218065 0.0336762 0.307149
9.9973E-05 9.9973E-05 9.9973E-05 0.0464988 0.1292 0.387085 0.00875366 0.428163
0.290884 0.0217328 9.9973E-05 9.9973E-05 0.353418 0.119408 9.9973E-05 0.214258
9.9991E-05 0.157409 0.0839526 0.0533242 0.11441 0.408565 0.0190366 0.163202
9.9982E-05 0.0859317 9.9982E-05 0.00366689 0.187956 0.481297 0.0840405 0.156908
0.140363 0.0378968 0.000982172 9.9991E-05 0.218183 0.29987 0.0682751 0.23433
0.117569 0.0130273 9.9982E-05 9.9982E-05 0.223397 0.31009 0.138163 0.197554
0.145383 9.9991E-05 0.0407471 0.0131034 0.263971 0.433801 0.0599709 0.0429235
0.219217 0.033435 9.9982E-05 9.9982E-05 0.369142 0.197951 0.048893 0.131162
0.094351 0.163449 9.9982E-05 9.9982E-05 0.299302 0.167346 0.104968 0.170384
9.9982E-05 0.173236 0.0142667 9.9982E-05 0.171982 0.522445 0.0448743 0.0729969
0.0495142 0.0671063 9.9982E-05 9.9982E-05 0.191792 0.306076 0.0858994 0.299412
0.0856543 0.165106 0.0245314 9.9982E-05 0.208477 0.184884 9.9982E-05 0.331147
0.0167892 0.168018 9.9982E-05 9.9982E-05 0.230585 0.419817 0.0820675 0.0825234
0.0137129 0.0920158 0.0283535 9.9982E-05 0.335657 0.253132 9.9982E-05 0.276928
0.02119 0.0213398 9.9973E-05 9.9973E-05 0.208201 0.410642 9.9973E-05 0.338327
0.144298 0.0304547 9.9991E-05 0.0116623 0.134221 0.349515 0.0443332 0.285416
0.102168 0.030732 9.9991E-05 0.0514619 0.10985 0.303162 0.0952194 0.307307
0.0502762 9.9991E-05 0.265967 0.0441446 0.031062 0.178076 0.0652743 0.3651
0.0618052 0.0544536 0.0129453 0.037495 9.9991E-05 0.0788117 0.213812 0.540577
0.110003 0.0218108 0.0615652 0.0719529 9.9991E-05 0.289514 0.0906439 0.35441
0.047621 0.0858853 0.0208905 9.9991E-05 0.048018 0.368587 0.135106 0.293792
0.0165295 0.0405813 0.178847 9.9982E-05 9.9982E-05 0.295251 0.158521 0.310071
0.0304037 0.206434 9.9982E-05 0.14476 0.0853287 0.342228 9.9982E-05 0.190646
0.0513274 0.04231 0.153392 0.00385977 0.0672123 0.457388 0.0409666 0.183544
0.17436 0.0827524 0.234929 0.24234 9.9982E-05 9.9982E-05 0.0673798 0.198039
0.0484845 0.0624896 0.0446396 0.0323598 0.0485788 0.133553 0.188697 0.441197
9.9982E-05 0.0735651 0.0526294 9.9982E-05 0.00498426 0.388028 0.0875126 0.393081
0.0755326 9.9991E-05 0.00678557 0.0573212 0.0561911 0.372375 0.25702 0.174674
0.217091 0.0505517 0.0855421 0.0658763 0.0374477 0.0144194 0.0852249 0.443847
0.0506835 9.9982E-05 0.157991 0.058577 9.9982E-05 0.23426 0.120155 0.378135
9.9982E-05 0.0980086 0.0783752 0.124552 9.9982E-05 0.268595 0.172178 0.258092
0.0790839 0.186717 0.49501 0.0764979 9.9973E-05 9.9973E-05 0.162392 9.9973E-05
0.0151115 9.9973E-05 0.171451 9.9973E-05 9.9973E-05 0.439834 0.152231 0.221073
9.9973E-05 9.9973E-05 0.11495 0.0898143 9.9973E-05 0.204802 0.154382 0.435753
0.0727148 9.9991E-05 0.026911 0.126086 0.0582737 0.302133 0.120456 0.293325
9.9982E-05 0.0184778 0.122626 0.0180401 9.9982E-05 0.32931 0.131689 0.379658
9.9991E-05 0.0435735 0.0893727 0.0697219 0.0182157 0.29541 0.109986 0.37362
9.9982E-05 0.467786 9.9982E-05 0.00504121 0.0565572 0.403683 0.047103 0.0196301
0.0349015 0.211834 0.114211 9.9982E-05 0.029939 0.58115 9.9982E-05 0.0277646
0.19755 0.64802 9.9964E-05 9.9964E-05 0.0762712 0.0777593 9.9964E-05 9.9964E-05
0.188988 0.694249 9.9973E-05 0.0308543 0.0732851 0.0123237 9.9973E-05 9.9973E-05
0.134296 0.240713 0.0133758 9.9991E-05 0.0319418 0.275288 0.0272391 0.277046
9.9982E-05 0.143184 0.0597549 0.0611887 9.9982E-05 0.291834 0.232151 0.211687
9.9973E-05 0.328982 0.0204136 9.9973E-05 9.9973E-05 0.195476 0.297914 0.156914
9.9982E-05 0.287149 0.196681 0.0354534 9.9982E-05 0.0222926 0.231226 0.226998
9.9973E-05 0.237409 0.145579 9.9973E-05 9.9973E-05 0.187918 0.159403 0.269392
9.9982E-05 0.693821 0.0539189 0.0691486 9.9982E-05 0.103301 0.0449845 0.034626
0.00884774 0.663962 0.107857 9.9982E-05 9.9982E-05 0.166709 0.0441814 0.0082421
9.9955E-05 0.32844 9.9955E-05 9.9955E-05 9.9955E-05 0.521749 0.149312 9.9955E-05
9.9973E-05 0.41022 0.0285215 9.9973E-05 9.9973E-05 0.408162 0.10463 0.0481664
9.9964E-05 0.664053 0.0892979 9.9964E-05 9.9964E-05 0.201864 0.044385 9.9964E-05
0.0092258 0.220526 0.0645164 9.9982E-05 0.0467581 0.330023 9.9982E-05 0.328751
9.9982E-05 0.427128 0.0213916 9.9982E-05 0.0290472 0.440426 0.0149988 0.0668083
0.00733485 0.153782 0.147419 0.040142 0.0922051 0.357905 0.0426703 0.158542
9.9955E-05 0.500952 9.9955E-05 9.9955E-05 0.100503 0.398045 9.9955E-05 9.9955E-05
0.0917653 0.463468 9.9973E-05 9.9973E-05 0.0362792 0.345762 9.9973E-05 0.0624255
9.9982E-05 0.23775 0.0452709 0.0696024 0.0348028 0.591483 0.0208916 9.9982E-05
9.9973E-05 0.322137 9.9973E-05 0.104978 0.114021 0.387685 9.9973E-05 0.0708794
0.119523 0.168626 0.0451537 0.026773 0.0224604 0.251243 0.0137153 0.352506
0.0317531 0.445807 9.9973E-05 0.0823514 9.9973E-05 0.361353 9.9973E-05 0.0784357
0.0557941 0.583378 9.9964E-05 9.9964E-05 0.129108 0.231321 9.9964E-05 9.9964E-05
9.9964E-05 0.360792 9.9964E-05 0.047865 9.9964E-05 0.576495 0.0144482 9.9964E-05
0.0812555 0.651591 9.99639E-05 9.99639E-05 0.030257 0.236496 9.99639E-05 9.99639E-05
9.9982E-05 0.47435 0.0255111 0.0584915 9.9982E-05 0.420969 0.0103978 0.0100807
0.0342409 0.394373 0.0623151 0.000495576 9.9991E-05 0.500971 0.000789507 0.00671462
0.101201 0.295955 9.9973E-05 0.00684644 0.0554227 0.540274 9.9973E-05 9.9973E-05
0.121471 0.0389775 0.108311 0.00625024 0.0489728 0.288731 0.273212 0.114075
0.00594581 0.284271 0.137707 9.9991E-05 0.0438843 0.339343 0.10989 0.0788595
0.0469106 0.097678 0.125176 0.0862175 0.0156476 0.167219 0.201179 0.259972
9.9991E-05 0.0080674 0.116289 0.214856 0.124132 0.179799 0.227218 0.129539
0.0201801 0.0143744 0.0384063 0.130277 0.0728071 0.345694 0.138473 0.239789
0.030554 0.161703 0.10572 0.0650226 0.0389758 0.270539 0.0954477 0.232037
9.9973E-05 0.633743 0.185554 0.00436173 0.0670546 9.9973E-05 0.108987 9.9973E-05
9.9982E-05 0.0735003 0.0487827 9.9982E-05 0.0639443 0.404364 0.120375 0.288834
9.9955E-05 0.575347 0.352604 9.9955E-05 9.9955E-05 9.9955E-05 0.0715496 9.9955E-05
9.9964E-05 0.254144 9.9964E-05 9.9964E-05 9.9964E-05 0.447059 0.129492 0.168906
0.156906 0.689223 9.9955E-05 9.9955E-05 9.9955E-05 0.153372 9.9955E-05 9.9955E-05
0.262974 0.731739 9.9955E-05 9.9955E-05 0.00478711 9.9955E-05 9.9955E-05 9.9955E-05
0.080104 0.418684 9.9964E-05 9.9964E-05 9.9964E-05 0.461139 9.9964E-05 0.0396726
9.9955E-05 0.352322 9.9955E-05 9.9955E-05 9.9955E-05 0.633798 0.0133798 9.9955E-05
0.0224448 0.50288 9.9964E-05 9.9964E-05 0.0401053 0.43417 9.9964E-05 9.9964E-05
0.0207438 0.360051 9.9964E-05 9.9964E-05 0.0572712 0.561534 9.9964E-05 9.9964E-05
9.9955E-05 0.389322 9.9955E-05 9.9955E-05 0.0365028 0.573675 9.9955E-05 9.9955E-05
0.0384695 0.0230979 0.793187 0.00158113 0.0315397 0.0888858 0.00476894 0.0184702
9.9964E-05 0.0709937 0.729197 9.9964E-05 0.0937153 9.9964E-05 0.105694 9.9964E-05
9.9964E-05 9.9964E-05 0.890006 9.9964E-05 0.0102403 9.9964E-05 0.0718594 0.0274941
9.9946E-05 9.9946E-05 0.927388 9.9946E-05 9.9946E-05 0.0720119 9.9946E-05 9.9946E-05
0.284728 0.0202982 0.00989255 0.0358296 0.0421608 0.425959 9.9991E-05 0.181032
0.297 9.9964E-05 0.0692885 0.113494 9.9964E-05 0.519818 9.9964E-05 9.9964E-05
0.353727 9.9955E-05 9.9955E-05 9.9955E-05 9.9955E-05 0.571051 9.9955E-05 0.0747217
0.128298 9.9982E-05 0.104081 0.0475175 9.9982E-05 0.561377 0.0188586 0.139668
0.0293369 9.9982E-05 0.124649 0.126149 0.0739523 0.6197 0.0260131 9.9982E-05
0.473645 0.0203904 0.0185956 0.0782271 0.071861 0.337081 9.9982E-05 9.9982E-05
0.235994 9.9973E-05 9.9973E-05 9.9973E-05 0.0163234 0.597067 0.0176086 0.132707
0.335087 0.0610264 9.9964E-05 0.177152 9.9964E-05 0.426335 9.9964E-05 9.9964E-05
9.9973E-05 0.0334841 0.223963 9.9973E-05 9.9973E-05 0.159447 0.084175 0.498631
0.286018 0.104072 9.9982E-05 0.0724047 0.0168122 0.467759 9.9982E-05 0.052734
0.417782 9.9973E-05 0.00621122 9.9973E-05 0.133473 0.400577 9.9973E-05 0.0416578
0.313086 0.0653032 0.0337147 9.9973E-05 9.9973E-05 0.586145 0.00145157 9.9973E-05
0.309471 0.0900071 0.0095243 9.9973E-05 0.0503032 0.540394 9.9973E-05 9.9973E-05
0.238257 0.147514 9.9964E-05 9.9964E-05 9.9964E-05 0.551446 0.062383 9.9964E-05
0.229289 9.9964E-05 0.103735 9.9964E-05 9.9964E-05 0.61682 9.9964E-05 0.0497563
0.783197 0.0156468 9.9955E-05 9.9955E-05 9.9955E-05 0.200656 9.9955E-05 9.9955E-05
0.534831 9.9982E-05 0.0271122 0.103793 9.9982E-05 0.274784 0.0219833 0.0372966
0.506365 0.00862965 9.9973E-05 9.9973E-05 0.0744962 0.389946 9.9973E-05 0.0202637
0.905611 0.0340716 9.9955E-05 0.0598175 9.9955E-05 9.9955E-05 9.9955E-05 9.9955E-05
0.333024 0.0552991 0.0379233 9.9982E-05 0.0327592 0.47917 9.9982E-05 0.0616237
0.563235 0.0497071 9.9964E-05 0.245989 9.9964E-05 0.140669 9.9964E-05 9.9964E-05
0.761305 0.165149 0.0328959 0.0402508 9.9964E-05 9.9964E-05 9.9964E-05 9.9964E-05
0.28992 0.0144266 0.0483561 9.9982E-05 0.00157407 0.57871 0.0668141 9.9982E-05
0.621576 0.0216519 0.0415293 9.9973E-05 0.0152911 0.299652 9.9973E-05 9.9973E-05
0.272577 9.9991E-05 0.0075191 0.113632 0.0657128 0.384657 0.111239 0.0445637
0.00700684 9.9964E-05 0.124014 0.161057 9.9964E-05 0.707523 9.9964E-05 9.9964E-05
0.268937 9.9982E-05 9.9982E-05 0.0113649 0.0616917 0.493049 0.0422009 0.122556
0.118804 0.272798 9.9982E-05 0.033653 0.146651 0.109414 9.9982E-05 0.318479
0.372885 9.9955E-05 9.9955E-05 9.9955E-05 9.9955E-05 0.616785 0.00983069 9.9955E-05
0.379229 9.9982E-05 0.00407967 9.9982E-05 0.0178699 0.360837 0.0507531 0.187032
0.550751 0.0201224 9.9964E-05 0.00964604 9.9964E-05 0.419081 9.9964E-05 9.9964E-05
0.150499 0.0405302 0.0414724 0.123896 0.0891804 0.464314 0.0900075 9.9991E-05
0.0139826 9.9973E-05 0.621121 0.0822852 0.254171 9.9973E-05 9.9973E-05 0.0281406
0.0200229 9.9982E-05 0.734674 0.0413289 0.113235 0.0868819 0.00365704 9.9982E-05
0.0498238 9.9964E-05 0.793569 0.0290099 0.127197 9.9964E-05 9.9964E-05 9.9964E-05
9.9964E-05 0.0398688 0.786173 0.029454 0.144104 9.9964E-05 9.9964E-05 9.9964E-05
9.9964E-05 9.9964E-05 0.686358 0.0740751 0.201087 0.0380802 9.9964E-05 9.9964E-05
0.661211 9.9982E-05 0.013962 9.9982E-05 0.0830583 0.20548 0.0256812 0.0104083
0.670042 9.9964E-05 0.0756564 9.9964E-05 0.0346166 0.219285 9.9964E-05 9.9964E-05
0.694166 0.00912378 9.9964E-05 9.9964E-05 9.9964E-05 0.287605 0.00870491 9.9964E-05
0.102109 0.0435354 0.0272985 0.0670637 0.0883742 0.536638 0.0684941 0.0664877
0.197168 0.0569493 0.100774 9.9991E-05 0.0334513 0.409174 0.0524486 0.149934
0.527089 9.9973E-05 0.000902922 0.0691935 9.9973E-05 0.325355 0.0771593 9.9973E-05
0.158462 9.9982E-05 0.0512859 0.0440031 9.9982E-05 0.653363 0.0333758 0.0593097
0.455648 0.00141301 0.0324976 0.00419318 9.9982E-05 0.450004 0.0560449 9.9982E-05
0.195768 0.0534765 0.061713 0.0172316 0.0399986 0.60735 0.0101957 0.0142672
0.120029 0.0104812 0.0763466 0.0775723 0.0235982 0.691773 9.9982E-05 9.9982E-05
0.547296 9.9982E-05 9.9982E-05 0.0802587 0.0592682 0.283733 0.00253777 0.0267066
0.46318 9.9955E-05 9.9955E-05 9.9955E-05 0.0243004 0.51202 9.9955E-05 9.9955E-05
0.403537 9.9955E-05 9.9955E-05 9.9955E-05 0.106792 0.489171 9.9955E-05 9.9955E-05
9.9964E-05 9.9964E-05 0.062975 0.291853 9.9964E-05 0.313301 9.9964E-05 0.331472
0.408537 9.9973E-05 0.0537229 9.9973E-05 0.0356536 0.470362 9.9973E-05 0.0314247
0.270401 0.0639194 0.0275232 9.9982E-05 0.0433266 0.541217 0.0534129 9.9982E-05
0.0110026 9.9973E-05 0.0417307 9.9973E-05 9.9973E-05 0.295579 0.3335 0.317888
9.9982E-05 0.0238178 0.0605129 0.0756023 9.9982E-05 0.161054 0.414732 0.264082
9.9973E-05 0.0481022 0.025344 9.9973E-05 9.9973E-05 0.183463 0.36909 0.373701
9.9982E-05 0.0795844 0.0892789 0.0203885 9.9982E-05 0.0182401 0.397332 0.394976
9.9973E-05 0.0925409 0.173025 9.9973E-05 9.9973E-05 0.178426 0.292606 0.263101
0.158016 9.9973E-05 9.9973E-05 0.251292 9.9973E-05 0.466731 0.0167289 0.106932
9.9964E-05 0.00965971 0.204335 9.9964E-05 9.9964E-05 9.9964E-05 0.541349 0.244257
0.0366004 9.9982E-05 0.106096 0.0107169 9.9982E-05 0.0799863 0.436671 0.329729
9.9982E-05 0.0588775 0.167474 0.248383 9.9982E-05 0.40204 0.107101 0.0159246
9.9964E-05 9.9964E-05 0.104316 0.257768 9.9964E-05 0.464406 9.9964E-05 0.173109
9.9973E-05 9.9973E-05 0.125481 0.365657 0.026785 0.295137 9.9973E-05 0.186641
9.9973E-05 9.9973E-05 0.0187856 0.318607 9.9973E-05 0.436609 0.0494594 0.176238
0.0320638 0.00295222 0.0652007 0.167302 9.9982E-05 0.418255 9.9982E-05 0.314026
9.9964E-05 9.9964E-05 0.207217 9.9964E-05 9.9964E-05 0.125514 0.402785 0.264084
0.0305645 9.9982E-05 0.182587 0.000246869 9.9982E-05 0.117821 0.248429 0.420152
9.9973E-05 9.9973E-05 0.042537 9.9973E-05 0.0116383 0.139806 0.462897 0.342821
9.9982E-05 0.0962454 0.0989569 9.9982E-05 0.0190964 0.373091 0.270966 0.141444
0.000868954 0.0628899 0.0598223 9.9982E-05 9.9982E-05 0.0618577 0.476615 0.337746
0.0701283 0.0367731 0.0546122 9.9991E-05 0.00483582 0.216729 0.270095 0.346727
9.9982E-05 0.019621 0.0707568 9.9982E-05 0.00325613 0.0920837 0.442841 0.371242
9.9973E-05 0.130968 0.0822917 9.9973E-05 9.9973E-05 0.229973 0.276223 0.280244
0.00255443 9.9982E-05 0.0468017 0.444954 9.9982E-05 0.465572 0.00479848 0.0351197
0.0314379 9.9982E-05 0.138589 0.0942003 9.9982E-05 0.0829798 0.311218 0.341375
9.9973E-05 0.00206385 0.100836 0.0207059 9.9973E-05 9.9973E-05 0.550354 0.32574
0.0148174 0.0571738 0.0367915 0.0712338 0.0133829 0.10882 0.294065 0.403717
0.00794421 9.9982E-05 0.0634017 0.51746 0.154377 0.0111552 9.9982E-05 0.245463
9.9964E-05 9.9964E-05 9.9964E-05 0.361448 9.9964E-05 0.289139 0.0405365 0.308477
9.9991E-05 0.0266277 0.0560773 0.0797968 0.0687063 0.132515 0.218048 0.418129
9.9982E-05 0.0131999 0.0934988 0.198641 0.00560756 0.296575 9.9982E-05 0.392278
9.9973E-05 9.9973E-05 0.0948423 0.36717 0.0140281 0.359159 9.9973E-05 0.1645
0.0802621 0.119546 0.128526 0.0123435 9.9991E-05 0.162031 0.140533 0.356659
9.9973E-05 0.15689 0.203226 9.9973E-05 9.9973E-05 0.146505 0.219022 0.274057
9.9991E-05 0.045546 0.0783142 0.0877537 0.0250625 0.341962 0.118567 0.302694
0.102175 9.9973E-05 0.0575315 9.9973E-05 9.9973E-05 0.0606567 0.383852 0.395485
9.9982E-05 0.0230162 0.023321 0.00752384 9.9982E-05 0.212981 0.373673 0.359285
9.9973E-05 0.0544597 0.18064 9.9973E-05 9.9973E-05 0.00488814 0.498241 0.261471
0.00235349 0.065378 0.067742 0.215439 9.9982E-05 0.559893 0.0889946 9.9982E-05
0.0532849 9.9973E-05 0.0590744 0.372859 9.9973E-05 0.334633 9.9973E-05 0.17985
0.0146318 0.0987774 0.0674307 0.644974 9.9991E-05 0.0480228 0.0259041 0.100159
0.0218078 9.9991E-05 0.0139394 0.210018 0.0826401 0.389273 0.102978 0.179245
0.0824768 0.0770467 0.117601 0.101792 0.129301 0.188229 9.9991E-05 0.303454
9.9982E-05 0.095592 0.205442 0.00712135 9.9982E-05 0.348067 0.0512637 0.292314
9.9991E-05 0.182625 0.0774002 0.0605728 0.0246991 0.31995 0.00204014 0.332613
9.9964E-05 0.316617 0.292745 0.24907 9.9964E-05 9.9964E-05 0.141168 9.9964E-05
9.9964E-05 0.332428 0.324344 0.28117 9.9964E-05 9.9964E-05 0.061658 9.9964E-05
0.0474984 0.164645 0.175258 0.13922 9.9991E-05 0.249541 0.083169 0.140568
