0.015596 0.0337991 9.9991E-05 0.905385 0.0304568 0.0146629
0.0144546 9.9973E-05 0.0459966 0.939249 9.9973E-05 9.9973E-05
0.019094 0.135479 9.9982E-05 0.812891 9.9982E-05 0.0323361
0.147256 9.9973E-05 9.9973E-05 0.737478 9.9973E-05 0.114966
0.0153738 0.0626984 9.9982E-05 0.86487 9.9982E-05 0.0568579
0.0523416 0.0621694 0.0719137 0.620217 0.0937254 0.0996326
0.03258 9.9982E-05 0.0366563 0.800521 0.130043 9.9982E-05
0.146613 9.9991E-05 0.017676 0.718614 0.0829581 0.0340386
0.0982061 9.9982E-05 0.0361109 0.799 0.0664832 9.9982E-05
0.0638679 0.0914663 0.0200543 0.675099 0.0869952 0.0625177
0.100845 0.0112716 9.9982E-05 0.747175 0.140508 9.9982E-05
0.44168 0.203227 0.232888 9.9982E-05 9.9982E-05 0.122005
0.30054 0.511738 0.0476965 0.0304424 0.0405422 0.0690414
0.354045 0.244706 0.166369 0.052618 0.0832404 0.0990219
0.313756 0.365664 0.082805 0.033285 0.0774772 0.127012
0.205306 0.349564 0.160969 0.136456 0.0340689 0.113637
0.0261789 0.60083 0.124463 0.0465641 0.113575 0.0883903
0.224494 0.415829 0.234662 0.037491 0.0291824 0.058342
0.321384 0.333633 0.148631 0.0892377 9.9991E-05 0.107014
0.672796 9.9991E-05 0.103543 0.00680537 0.127244 0.0895113
0.306781 0.339526 0.139295 0.000878204 0.0847024 0.128818
0.0533564 0.489981 0.120476 0.0137323 0.255859 0.066595
0.262169 0.572711 0.10737 0.01152 0.0226221 0.0236077
0.351269 0.241306 0.188793 9.9991E-05 0.0676191 0.150913
0.0954364 0.726495 9.9973E-05 0.177769 9.9973E-05 9.9973E-05
0.184437 0.636187 0.0813752 0.0451619 0.035547 0.0172919
0.450744 0.20082 0.169673 0.00994985 0.0829897 0.0858241
0.395131 0.140193 0.145998 9.9991E-05 0.0457632 0.272815
0.439807 0.226124 0.179513 9.9991E-05 0.104875 0.0495812
9.9973E-05 0.126128 9.9973E-05 0.855616 9.9973E-05 0.0179566
9.9964E-05 0.166395 9.9964E-05 0.833206 9.9964E-05 9.9964E-05
0.0146582 0.12779 0.0313801 0.779866 9.9991E-05 0.0462058
9.9982E-05 0.120938 0.0562799 0.7287 9.9982E-05 0.0938825
0.140758 0.618459 0.221909 9.9982E-05 0.0186743 9.9982E-05
0.0735799 0.462694 0.285619 0.0570642 9.9991E-05 0.120942
9.9973E-05 0.571652 0.407532 0.0205152 9.9973E-05 9.9973E-05
0.512296 0.168596 0.144785 0.111617 0.0626053 9.9991E-05
9.9991E-05 0.189548 0.677539 0.0248789 0.0551845 0.0527495
0.117232 0.495379 0.258187 0.0790035 9.9991E-05 0.0500978
9.9991E-05 0.744914 0.214926 0.0374998 0.00115763 0.0014024
0.013136 0.543824 0.161687 0.169582 0.111671 9.9991E-05
0.144082 0.719279 0.0109995 0.116453 0.0090863 9.9991E-05
0.169069 0.110563 0.690035 0.0301328 9.9982E-05 9.9982E-05
0.0630661 0.624246 0.107151 0.0449777 0.128851 0.0317074
9.9991E-05 0.642337 0.251034 0.0528379 0.0204161 0.0332752
0.035474 0.556884 0.115646 0.1588 0.0809299 0.0522659
9.9973E-05 0.285884 0.703056 9.9973E-05 0.0107595 9.9973E-05
9.9991E-05 0.567904 0.290901 0.035593 0.0620031 0.0434992
9.9973E-05 0.570182 0.243225 0.186294 9.9973E-05 9.9973E-05
9.9973E-05 9.9973E-05 0.662822 0.0558107 0.281067 9.9973E-05
0.473205 0.171091 0.212445 9.9982E-05 0.143059 9.9982E-05
0.174056 0.111139 0.240561 0.0253022 0.428816 0.0201267
0.215012 0.630337 9.9991E-05 0.0389874 0.0402316 0.0753314
0.069689 0.619877 0.0530599 0.077025 0.144273 0.0360762
0.0846462 0.564721 0.0920877 0.089962 0.0853695 0.0832135
0.363166 0.131288 0.299429 0.0989026 0.102051 0.00516324
0.246521 0.629865 0.0284134 0.0059991 0.089101 9.9991E-05
0.121233 0.566362 0.0797318 0.0410189 0.110217 0.0814372
0.17813 0.353587 0.270325 0.0865914 0.111266 9.9991E-05
0.317511 0.0850603 0.0977726 0.152161 0.250977 0.0965192
0.0801894 0.551529 0.188268 0.0905564 0.089357 9.9991E-05
0.196561 0.39811 0.11065 0.078999 0.131931 0.0837485
0.484439 0.0625809 0.240402 0.0503011 0.162177 9.9991E-05
0.270729 0.555922 0.132306 9.9991E-05 0.0302648 0.0106781
0.0137136 0.702743 0.0262068 9.9991E-05 0.183611 0.0736258
0.0627247 0.631054 0.0268749 0.0906816 0.10861 0.0800543
0.261865 0.208517 0.310452 0.0641705 0.0599098 0.0950861
0.114606 0.392188 0.23267 9.9991E-05 0.169745 0.0906917
0.0557408 0.511245 0.138387 0.129235 0.0755446 0.0898473
0.373485 0.268208 0.138341 0.0241521 0.195715 9.9991E-05
0.0980784 0.504141 0.397481 9.9973E-05 9.9973E-05 9.9973E-05
0.114044 0.21854 0.653723 0.0134938 9.9982E-05 9.9982E-05
0.159734 0.534869 0.198967 0.0763057 0.0159043 0.0142207
9.9964E-05 9.9964E-05 0.844541 9.9964E-05 0.155059 9.9964E-05
9.9964E-05 9.9964E-05 0.760484 9.9964E-05 0.239116 9.9964E-05
9.9973E-05 0.174319 0.795917 9.9973E-05 9.9973E-05 0.0294649
0.0872741 0.424477 0.487556 0.000493 9.9982E-05 9.9982E-05
0.0411859 0.470554 0.223411 0.185152 0.05125 0.0284473
0.0633918 0.400635 0.43961 0.0236759 0.01273 0.0599571
0.158483 0.114225 0.65988 0.0248616 9.9991E-05 0.0424505
0.202566 0.166148 0.56796 0.0406997 9.9991E-05 0.0225268
0.00823466 0.443688 0.262401 0.0920475 0.104298 0.089331
0.0614093 0.247734 0.639797 0.030223 9.9991E-05 0.0207366
0.017091 0.438217 0.491233 0.0445478 0.0088111 9.9991E-05
9.9973E-05 0.433206 0.524555 9.9973E-05 0.0419389 9.9973E-05
9.9973E-05 9.9973E-05 0.672568 9.9973E-05 0.324413 0.0027192
0.00771812 0.66845 0.232145 0.0914869 9.9982E-05 9.9982E-05
0.064787 0.100915 9.9982E-05 0.809494 9.9982E-05 0.0246042
9.9964E-05 0.0776469 9.9964E-05 0.921953 9.9964E-05 9.9964E-05
9.9973E-05 0.100656 9.9973E-05 0.869132 9.9973E-05 0.0299118
9.9982E-05 9.9982E-05 0.0616316 0.912124 0.00479354 0.0212512
9.9964E-05 0.114336 9.9964E-05 0.885264 9.9964E-05 9.9964E-05
9.9982E-05 9.9982E-05 0.0381309 0.885829 0.0147692 0.0610708
9.9973E-05 0.0622975 0.0105552 0.926847 9.9973E-05 9.9973E-05
9.9982E-05 0.490312 0.347276 0.110805 9.9982E-05 0.0514075
0.0306219 0.634789 0.182927 0.134198 9.9991E-05 0.0173643
0.0745694 9.9973E-05 0.880313 0.0448179 9.9973E-05 9.9973E-05
0.0200579 0.625436 0.118567 0.127093 0.0525448 0.0563012
0.0446413 0.4203 0.468173 0.0304865 0.0112689 0.0251306
9.9991E-05 0.541717 0.293331 0.0717626 0.0455119 0.0475773
9.9982E-05 0.58494 0.278688 0.0464461 0.0897257 9.9982E-05
9.9982E-05 0.455905 0.448243 9.9982E-05 0.0101652 0.085486
0.196802 9.9982E-05 0.709468 0.0540274 0.0395026 9.9982E-05
0.012788 0.466583 0.228006 0.157246 0.0471428 0.0882345
0.00685204 0.587058 0.157635 0.121413 0.073993 0.0530493
0.0729891 0.574878 0.176186 0.110861 9.9991E-05 0.064985
9.9982E-05 0.260509 0.545036 0.0452386 0.149017 9.9982E-05
9.9973E-05 0.540451 0.338579 9.9973E-05 0.120671 9.9973E-05
0.135182 0.465634 0.373256 0.00543669 9.9991E-05 0.0203912
0.0412503 0.20598 0.609088 9.9982E-05 9.9982E-05 0.143482
0.103296 0.449687 0.42454 0.0222765 9.9982E-05 9.9982E-05
0.028486 0.586473 0.279603 0.105237 9.9982E-05 9.9982E-05
0.296953 0.315705 0.0655026 0.0217541 0.299986 9.9991E-05
0.327085 0.430283 9.9991E-05 0.143406 0.0565925 0.042533
0.11436 0.615506 9.9991E-05 0.141772 0.121988 0.00627369
0.0823679 0.645601 0.140337 0.0977479 0.0330026 0.000943577
0.339172 0.526568 0.0259752 0.0686399 0.039545 9.9991E-05
0.189429 0.593581 0.0910527 0.023246 0.083266 0.0194258
0.406623 0.460537 0.0630903 0.0580427 9.9991E-05 0.0116078
0.103896 0.49326 0.200942 0.154637 0.0471653 9.9991E-05
0.121117 0.479082 0.127531 0.0510589 0.115815 0.105396
0.218659 0.619725 0.0435263 0.0359483 0.0820415 9.9991E-05
0.356098 0.544047 0.0995544 9.9973E-05 9.9973E-05 9.9973E-05
0.0965531 0.646481 9.9991E-05 0.0457974 0.15977 0.0512989
0.10716 0.623958 9.9991E-05 0.157034 0.104868 0.00688015
0.288945 0.496773 0.0405556 9.9982E-05 9.9982E-05 0.173526
0.149625 0.518734 0.0417204 0.0439316 0.154288 0.0917014
0.150982 0.539923 0.0576702 9.9991E-05 0.112933 0.138391
0.213012 0.452118 0.0248731 0.0708489 0.239048 9.9991E-05
0.144391 0.65666 0.117112 9.9991E-05 0.0617564 0.0199804
0.260247 0.688132 9.9991E-05 0.0356778 0.00310634 0.0127375
0.423611 0.174782 0.283683 0.0208475 9.9991E-05 0.0969765
0.298418 0.177521 0.0820482 9.9991E-05 0.359523 0.08239
0.209303 0.522246 0.173484 9.9982E-05 0.0947675 9.9982E-05
0.342059 0.120149 0.206515 9.9991E-05 0.303768 0.0274084
0.437414 0.293379 0.166367 0.0416473 0.0610917 9.9991E-05
0.315293 0.455859 0.191656 0.0100871 0.0270043 9.9991E-05
0.399046 0.319006 0.23055 0.0511979 9.9982E-05 9.9982E-05
0.467826 0.280361 0.198698 9.9982E-05 9.9982E-05 0.0529161
0.101154 0.609723 0.124566 0.0581549 0.0752417 0.0311602
0.147115 0.563502 0.0339665 0.0405767 0.070586 0.144253
0.265424 0.560651 0.0286247 0.124669 0.020531 9.9991E-05
0.335495 0.204019 0.1289 9.9991E-05 0.291831 0.0396543
0.108776 0.523086 0.0943735 0.19161 0.0820555 9.9991E-05
0.101917 0.513052 0.0870989 0.0334534 0.163624 0.100855
0.166973 0.0281432 0.091967 0.138051 0.574766 9.9991E-05
9.9991E-05 0.635461 0.0981766 0.0851249 0.173393 0.0077445
0.0316879 0.266759 0.2319 0.0373839 0.307071 0.125199
0.0245131 0.507879 0.117442 0.0647474 0.22102 0.0643988
0.112771 0.238354 0.128938 0.102947 0.416891 9.9991E-05
0.0872035 0.288555 0.00447948 0.0618735 0.557788 9.9991E-05
0.114284 0.491124 0.0274881 0.0610417 0.305962 9.9991E-05
0.103858 0.468919 0.144325 0.186598 0.0962002 9.9991E-05
0.125966 0.461381 0.119665 0.177093 0.0850724 0.0308226
0.129485 9.9991E-05 0.194278 0.0288639 0.457576 0.189697
0.0769456 0.634935 9.9982E-05 0.103993 0.183926 9.9982E-05
0.111112 0.367448 0.166093 9.9982E-05 0.355147 9.9982E-05
0.0970391 0.518803 0.210765 9.9982E-05 0.173193 9.9982E-05
0.017015 0.612429 0.0691541 0.085124 0.168934 0.0473441
0.0130895 0.155237 9.9991E-05 0.30308 0.270388 0.258105
9.9973E-05 9.9973E-05 9.9973E-05 0.516756 0.323291 0.159653
9.9973E-05 9.9973E-05 9.9973E-05 0.411322 0.44213 0.146248
0.045421 0.00929504 9.9991E-05 0.381126 0.198458 0.3656
9.9982E-05 0.66058 0.0681466 9.9982E-05 0.267579 0.00349522
0.0857087 0.592452 0.0129537 0.101709 0.187442 0.0197346
9.9964E-05 0.24658 9.9964E-05 9.9964E-05 9.9964E-05 0.75302
0.0501732 0.445494 0.0971465 0.0586488 9.9991E-05 0.348438
0.0478781 0.361806 0.132003 0.0868263 0.0394755 0.332012
9.9973E-05 0.389371 0.067981 9.9973E-05 0.542349 9.9973E-05
0.150365 0.387914 0.133192 0.0355845 0.16085 0.132094
0.0312482 0.32015 0.00699155 9.9982E-05 0.64141 9.9982E-05
0.0202705 0.610014 0.0475176 0.0203942 0.270832 0.0309722
0.0411488 0.501554 0.12321 0.00015658 0.33383 9.9991E-05
9.9982E-05 0.631768 0.057077 0.0442723 0.266682 9.9982E-05
0.0387615 0.25854 0.0903968 9.9982E-05 0.612102 9.9982E-05
0.0422262 0.650136 0.0708972 0.0226288 0.12118 0.0929323
9.9991E-05 0.595474 0.162254 0.104317 0.123406 0.014449
9.9964E-05 9.9964E-05 9.9964E-05 9.9964E-05 0.0173492 0.982251
9.9964E-05 0.0653585 9.9964E-05 9.9964E-05 9.9964E-05 0.934242
0.0583934 0.1938 0.120832 9.9982E-05 9.9982E-05 0.626775
0.0048307 0.295575 9.9973E-05 9.9973E-05 9.9973E-05 0.699294
0.00338509 0.113924 0.0720219 0.0097743 9.9991E-05 0.800795
9.996E-05 9.996E-05 9.996E-05 9.996E-05 9.996E-05 0.9995
0.00159407 9.9973E-05 9.9973E-05 9.9973E-05 0.00582427 0.992282
9.9964E-05 0.128158 9.9964E-05 9.9964E-05 9.9964E-05 0.871442
0.0199282 0.019052 0.00241951 9.9982E-05 9.9982E-05 0.9584
9.996E-05 9.996E-05 9.996E-05 9.996E-05 9.996E-05 0.9995
9.996E-05 9.996E-05 9.996E-05 9.996E-05 9.996E-05 0.9995
0.00887091 0.21687 9.9982E-05 9.9982E-05 0.0188059 0.755253
0.0338369 0.141521 9.9982E-05 0.0375226 9.9982E-05 0.786919
9.9964E-05 9.9964E-05 0.0157173 9.9964E-05 9.9964E-05 0.983883
0.142109 0.306254 0.0356669 0.0561505 9.9991E-05 0.45972
9.9991E-05 0.235419 0.0439795 0.0406237 0.0131862 0.666692
0.0505506 0.158625 9.9982E-05 0.0373978 9.9982E-05 0.753227
0.0368647 0.0717658 9.9973E-05 9.9973E-05 9.9973E-05 0.89107
9.9964E-05 9.9964E-05 9.9964E-05 9.9964E-05 0.00393714 0.995663
9.9982E-05 0.108768 9.9982E-05 0.0117113 0.0130659 0.866255
9.9964E-05 9.9964E-05 9.9964E-05 0.00471407 9.9964E-05 0.994886
0.064402 0.20391 9.9991E-05 0.0542513 0.0312456 0.646091
0.0233248 0.00135448 9.9991E-05 0.0140861 0.00712951 0.954005
9.9973E-05 9.9973E-05 9.9973E-05 0.328506 0.604665 0.0665298
0.126632 0.440734 0.0132003 0.153015 0.187249 0.079169
0.0491967 0.325278 0.0950736 0.19725 0.217477 0.115725
9.9982E-05 0.263252 9.9982E-05 0.224792 0.431941 0.0798149
0.0867872 0.480748 9.9991E-05 0.120592 0.225746 0.0860264
9.9991E-05 0.155512 0.0529401 0.25563 0.391626 0.144192
0.101656 0.413576 0.0396546 0.155768 0.211539 0.077807
9.9991E-05 0.363221 0.0001809 0.154689 0.340925 0.140885
0.00377883 0.510728 0.0148912 0.19369 0.170843 0.106068
9.9982E-05 0.372184 9.9982E-05 0.196232 0.275902 0.155482
0.0248476 0.428066 0.110566 0.21228 0.140927 0.0833135
0.0950259 0.0292629 9.9982E-05 0.816228 0.0592835 9.9982E-05
9.9973E-05 9.9973E-05 9.9973E-05 0.909512 0.0392283 0.0509595
0.0156053 9.9973E-05 0.0240797 0.960015 9.9973E-05 9.9973E-05
0.0545677 0.00646856 9.9973E-05 0.938664 9.9973E-05 9.9973E-05
0.0654314 0.0310969 9.9982E-05 0.882667 9.9982E-05 0.020605
9.9973E-05 9.9973E-05 9.9973E-05 0.889761 0.00827221 0.101667
9.9973E-05 0.0146786 9.9973E-05 0.884958 9.9973E-05 0.100063
0.0141338 0.0324207 0.016908 0.880095 0.0563426 9.9991E-05
9.9973E-05 9.9973E-05 0.0582356 0.921112 9.9973E-05 0.0203525
0.0182753 0.0109178 9.9982E-05 0.875274 9.9982E-05 0.0953325
0.213 9.9982E-05 0.145622 0.624214 0.0169647 9.9982E-05
0.301362 9.9982E-05 0.0648378 0.601022 9.9982E-05 0.0325788
0.31634 9.9982E-05 0.0393559 0.527267 0.116837 9.9982E-05
0.292217 9.9982E-05 0.134494 0.507593 0.0654959 9.9982E-05
0.161038 0.564395 0.225366 0.0397621 9.9991E-05 0.00933894
0.0459718 0.430312 0.326962 0.0486298 0.0563118 0.0918124
0.222334 0.548892 0.166926 9.9982E-05 9.9982E-05 0.0616476
0.276357 0.360325 0.328027 0.0350919 9.9982E-05 9.9982E-05
0.57869 0.161584 0.227365 9.9982E-05 9.9982E-05 0.0321611
9.9991E-05 0.676432 0.23992 0.0446399 0.0301689 0.00873938
0.061685 0.58535 0.286194 9.9991E-05 0.0385707 0.0281006
0.126913 0.48163 0.381556 9.9982E-05 0.00970123 9.9982E-05
9.9982E-05 0.316943 0.55881 9.9982E-05 0.0815889 0.0424581
0.0892731 0.663917 0.124892 0.0676094 0.0104687 0.0438397
0.153728 0.387493 0.455651 9.9982E-05 9.9982E-05 0.00292811
0.087348 9.9973E-05 0.761329 9.9973E-05 0.151024 9.9973E-05
0.138201 0.462489 0.256223 9.9991E-05 0.107773 0.0352145
9.9973E-05 0.26567 0.508956 9.9973E-05 0.225074 9.9973E-05
9.9991E-05 0.484999 0.393926 0.0227594 0.0638915 0.0343242
0.205914 0.00844514 0.70954 0.0759008 9.9982E-05 9.9982E-05
0.705015 0.0195649 9.9982E-05 0.124285 0.150935 9.9982E-05
0.719248 0.0835556 9.9982E-05 0.0718477 0.125149 9.9982E-05
0.879292 9.9973E-05 9.9973E-05 0.0364069 0.0840009 9.9973E-05
0.76617 9.9982E-05 0.0286845 0.135568 0.0693773 9.9982E-05
0.818292 0.0898881 9.9973E-05 9.9973E-05 0.0915198 9.9973E-05
0.79053 0.0457679 9.9982E-05 0.0777343 9.9982E-05 0.0857678
9.9982E-05 0.0769205 0.00824854 0.84653 9.9982E-05 0.0681013
0.0764589 0.045644 9.9982E-05 0.814438 9.9982E-05 0.0632594
9.9973E-05 0.123658 9.9973E-05 0.771724 9.9973E-05 0.104317
0.0985606 0.0396769 9.9982E-05 0.753309 9.9982E-05 0.108254
0.0623205 0.0454375 9.9982E-05 0.79957 9.9982E-05 0.0924724
0.507058 9.9973E-05 9.9973E-05 0.403274 0.0893683 9.9973E-05
0.424219 9.9982E-05 0.0150441 0.419537 0.141 9.9982E-05
0.462335 9.9982E-05 0.0321327 0.444277 0.0610553 9.9982E-05
9.9964E-05 0.152149 9.9964E-05 0.847451 9.9964E-05 9.9964E-05
0.493339 9.9982E-05 0.0641454 0.387568 0.0547474 9.9982E-05
9.9982E-05 0.304244 9.9982E-05 0.229484 0.100733 0.365338
0.0518721 0.50836 9.9991E-05 0.121826 0.0628912 0.254951
9.9982E-05 0.566748 0.0171669 0.19401 9.9982E-05 0.221875
0.00723479 0.327941 0.0833311 0.24627 0.108731 0.226492
0.0272914 0.487963 0.103423 0.182642 0.023056 0.175625
9.9973E-05 9.9973E-05 9.9973E-05 0.430297 0.282037 0.287366
0.335885 0.452923 0.0188769 9.9991E-05 0.169593 0.0226217
0.222138 0.419655 0.0845643 9.9991E-05 0.243811 0.0297314
0.496093 0.350562 0.055824 0.0537465 0.0436746 9.9991E-05
0.16014 0.516429 0.179873 9.9982E-05 0.143358 9.9982E-05
0.182405 9.9973E-05 0.156052 9.9973E-05 0.661243 9.9973E-05
0.0431755 0.621321 0.0245501 0.177616 0.133238 9.9991E-05
0.186523 0.537928 0.0819625 0.0154062 0.178081 9.9991E-05
0.372741 0.380679 0.123309 0.0118787 0.111292 9.9991E-05
0.245505 0.529131 0.065089 0.109811 9.9991E-05 0.0503631
0.25475 0.172188 0.214748 9.9982E-05 0.358115 9.9982E-05
0.112425 0.423624 0.135494 9.9991E-05 0.245629 0.0827272
0.331535 0.563672 0.0574869 0.0164486 9.9991E-05 0.0307577
0.108082 0.37847 0.0894371 0.105631 0.137399 0.180982
0.219924 0.425283 0.135206 9.9982E-05 0.219386 9.9982E-05
0.226404 0.491671 0.195394 9.9982E-05 0.0863309 9.9982E-05
0.186855 0.467997 0.103292 9.9991E-05 0.139392 0.102363
0.177622 0.510362 0.19697 0.0278476 0.0870992 9.9991E-05
0.0507851 0.599026 0.0836387 0.047126 0.110452 0.108972
0.148702 0.496882 0.19998 0.106569 9.9991E-05 0.0477671
0.116009 0.530856 0.140787 0.091182 0.0764366 0.04473
9.9991E-05 0.0883729 0.0121089 0.792237 0.00969163 0.0974897
9.9982E-05 0.0971253 0.0249172 0.83476 9.9982E-05 0.042998
0.0330284 0.0618995 0.0463911 0.784379 0.0742023 9.9991E-05
9.9982E-05 0.0121702 0.0977699 0.862121 9.9982E-05 0.0277394
9.9964E-05 0.165337 9.9964E-05 0.834263 9.9964E-05 9.9964E-05
0.604954 0.174776 0.0834185 0.00172661 0.0447883 0.0903368
0.204644 0.518147 0.100262 0.0431984 0.067573 0.0661757
0.0466473 0.417695 9.9991E-05 0.194278 0.189147 0.152133
0.154624 0.68182 0.0633528 0.029146 0.0215888 0.0494688
0.205887 0.507074 0.212944 0.0292056 0.0447892 9.9991E-05
0.338871 0.361847 0.0150512 9.9991E-05 0.25881 0.0253204
0.531587 0.0184072 0.170008 0.148621 0.131277 9.9991E-05
0.280446 0.527995 0.136188 0.0340436 0.005109 0.0162189
0.486978 0.223135 0.0257859 0.0378775 0.136229 0.0899943
0.181873 0.369494 0.215386 0.0295577 0.156484 0.0472053
0.545506 0.0982446 0.0972511 0.110362 0.0769656 0.0716709
0.177235 0.610523 0.0862011 0.125841 9.9982E-05 9.9982E-05
0.54189 0.141468 0.174354 0.053877 9.9991E-05 0.08831
0.199356 0.367928 0.0996762 0.0703904 0.252069 0.0105803
0.0843803 0.582659 0.0904922 9.9982E-05 0.242268 9.9982E-05
0.168952 0.299395 9.9973E-05 9.9973E-05 0.531354 9.9973E-05
0.0816666 0.620494 9.9982E-05 0.0322077 0.265432 9.9982E-05
9.9991E-05 0.599228 0.100326 0.151841 0.14409 0.00441618
0.100288 0.430758 9.9973E-05 9.9973E-05 0.468654 9.9973E-05
0.0733755 0.502989 0.0273746 0.0989879 0.225156 0.0721162
9.9982E-05 0.487501 0.0768427 0.0683619 0.367094 9.9982E-05
0.0461722 0.153662 0.0910522 9.9982E-05 0.708914 9.9982E-05
0.00355082 0.336594 0.0532773 9.9982E-05 0.606378 9.9982E-05
0.0992147 0.528615 9.9973E-05 9.9973E-05 0.37187 9.9973E-05
0.089071 0.197616 0.207025 0.0124285 0.49376 9.9991E-05
0.179149 0.488743 0.0607896 9.9982E-05 0.271118 9.9982E-05
0.604127 0.0967891 0.270021 0.0117237 9.9991E-05 0.0172396
0.341246 0.261069 0.131093 9.9982E-05 0.266392 9.9982E-05
0.439774 0.32908 0.115484 0.00457668 0.0128137 0.0982724
0.220733 0.509351 0.0686343 9.9991E-05 0.0727718 0.128409
0.45165 0.248103 0.221692 9.9991E-05 0.0538915 0.0245639
0.144037 0.427533 0.178515 0.00403819 0.0932185 0.152658
0.227754 0.564328 0.0852917 0.0307857 9.9991E-05 0.0917401
0.235752 0.451652 0.122936 9.9991E-05 0.096387 0.0931722
0.234458 0.428861 0.094593 9.9991E-05 0.0867314 0.155256
0.268177 0.443178 0.221037 0.0572691 9.9991E-05 0.010239
0.460275 0.194156 0.233531 9.9982E-05 9.9982E-05 0.111839
0.426651 0.324731 0.116746 9.9991E-05 0.000145772 0.131625
0.126986 0.679569 0.0662116 9.9991E-05 0.116012 0.0111204
0.170836 0.566636 0.059314 0.0375584 0.0551718 0.110483
0.21667 0.53186 9.9982E-05 0.0734694 0.177801 9.9982E-05
0.209877 0.587486 9.9982E-05 9.9982E-05 0.147818 0.0546188
0.394955 0.418551 0.0170631 0.0846799 0.0760691 0.00868187
0.234693 0.653415 0.0980829 0.0136088 9.9982E-05 9.9982E-05
0.224991 0.663362 0.0368873 0.0490494 0.000369812 0.0253406
0.155793 0.426987 0.074596 0.0419649 0.155048 0.145611
0.0155696 0.387144 0.130978 0.313726 0.0181978 0.134384
9.9991E-05 0.454997 0.124608 0.138996 0.036891 0.244409
0.10145 0.572269 0.0242706 0.153337 0.0632412 0.0854323
0.116368 0.543176 0.0827963 0.0756688 0.0438278 0.138163
9.9991E-05 0.46729 0.0783016 0.201772 0.0446978 0.207839
0.190511 0.558 9.9982E-05 9.9982E-05 0.232923 0.0183669
0.0186014 0.512893 0.117944 0.17456 0.00135718 0.174645
9.9991E-05 0.0432227 0.0665907 0.256958 0.483375 0.149753
0.0658277 0.58983 9.9991E-05 0.107666 0.107423 0.129153
0.0215452 0.596445 9.9991E-05 0.100855 0.120013 0.161042
0.0680071 0.510788 0.052779 9.9991E-05 0.126121 0.242205
0.078089 0.307079 0.00308617 0.199319 0.301021 0.111406
0.055926 0.520239 0.0159353 0.204704 0.0194565 0.183739
9.9982E-05 0.554061 9.9982E-05 0.18461 0.095911 0.165218
9.9973E-05 9.9973E-05 9.9973E-05 0.473261 0.331629 0.19481
0.00949405 0.516828 0.0128185 0.142428 0.110304 0.208127
9.9982E-05 0.612014 9.9982E-05 0.138298 0.142293 0.107195
9.9991E-05 0.563743 0.107937 0.146177 0.0602667 0.121777
9.9982E-05 0.529085 9.9982E-05 0.188446 0.0272173 0.255052
0.0444431 0.561047 9.9991E-05 0.075543 0.154414 0.164453
0.0769523 0.439233 0.163361 0.00531275 0.205521 0.10962
0.0879722 0.483689 0.054125 0.0179333 0.236106 0.120174
0.113198 0.0430197 0.318607 9.9982E-05 0.524975 9.9982E-05
0.0879073 0.077408 0.211842 9.9982E-05 0.622643 9.9982E-05
0.0342615 0.422011 0.189325 9.9991E-05 0.229219 0.125083
9.9982E-05 0.420308 9.9982E-05 0.0757259 0.223783 0.279983
9.9982E-05 0.362372 9.9982E-05 0.0632932 0.228985 0.345149
0.0441921 0.0943919 9.9991E-05 0.19535 0.308595 0.357371
0.0124526 0.405414 9.9991E-05 0.166555 0.14639 0.269088
9.9982E-05 0.176964 9.9982E-05 0.0423019 0.735407 0.0451277
9.9982E-05 0.236322 9.9982E-05 0.0250509 0.598423 0.140003
0.0154749 0.645667 0.0701145 0.0300042 0.145501 0.0932387
0.00575864 0.455283 0.163616 0.0284732 0.239261 0.107608
9.9982E-05 0.251692 9.9982E-05 0.0532741 0.581825 0.113009
0.0862648 0.611101 0.00107135 0.117348 0.132761 0.0514539
9.9991E-05 0.569511 0.0436787 0.0799867 0.232641 0.0740826
0.120389 0.459967 0.0525479 0.02581 0.204457 0.136829
0.130002 0.413014 0.174682 9.9982E-05 0.282102 9.9982E-05
0.113953 0.393596 0.0783979 9.9991E-05 0.357389 0.056564
0.102022 0.571239 0.0676335 9.9991E-05 0.169167 0.089839
0.0959847 0.450222 0.0767988 0.0812925 0.295602 9.9991E-05
0.0210509 0.423441 0.0817633 0.107402 0.192441 0.173902
0.0236507 0.592873 0.0248802 9.9982E-05 0.358396 9.9982E-05
0.108442 0.31573 0.0453398 9.9982E-05 0.530288 9.9982E-05
9.9991E-05 0.603558 0.103245 0.0282572 0.237871 0.0269686
0.120848 0.24698 0.157842 9.9982E-05 0.47413 9.9982E-05
0.0407631 0.563915 0.00124342 9.9982E-05 0.393878 9.9982E-05
9.9991E-05 0.667817 0.0801786 0.0645339 0.177522 0.00984774
9.9982E-05 0.564968 0.100332 0.0397757 0.294724 9.9982E-05
0.0296802 0.439538 0.0923383 0.214014 0.0582503 0.16618
0.164663 0.357869 9.9991E-05 0.0721514 0.21815 0.187066
0.0541933 0.37191 9.9991E-05 0.117553 0.179363 0.276881
0.0631057 0.363489 9.9991E-05 0.265953 0.134508 0.172844
9.9991E-05 0.441731 0.145541 0.197524 0.0158128 0.199292
9.9982E-05 0.507659 9.9982E-05 0.119922 0.212255 0.159965
0.0404784 9.9991E-05 0.00796286 0.131625 0.646269 0.173564
0.0222445 0.602903 9.9991E-05 0.108695 0.0266539 0.239403
9.9973E-05 9.9973E-05 9.9973E-05 0.333675 0.507878 0.158148
9.9991E-05 0.610335 0.0447822 0.0529717 0.135728 0.156083
9.9973E-05 0.161042 0.280697 9.9973E-05 0.55796 9.9973E-05
0.0762582 9.9973E-05 0.325164 9.9973E-05 0.598278 9.9973E-05
9.9973E-05 0.549472 0.186132 9.9973E-05 0.264097 9.9973E-05
9.9982E-05 0.625213 0.0413161 9.9982E-05 0.29952 0.0337511
0.0519958 0.453262 0.160604 9.9982E-05 0.333938 9.9982E-05
0.0105563 0.58786 0.114798 9.9991E-05 0.253353 0.0333323
0.00290688 0.621195 0.136465 9.9982E-05 0.239233 9.9982E-05
0.0304979 0.10254 0.0109191 0.800336 0.0166107 0.0390966
0.154403 9.9982E-05 9.9982E-05 0.695322 0.0272495 0.122825
0.0308895 9.9973E-05 9.9973E-05 0.878283 9.9973E-05 0.0905274
9.9973E-05 0.0363357 9.9973E-05 0.917205 0.0461598 9.9973E-05
0.0575737 0.539783 0.314016 0.087243 9.9991E-05 0.00128368
0.0559306 0.367729 0.487971 0.0255948 9.9991E-05 0.0626749
0.0376573 0.463395 0.498648 9.9973E-05 9.9973E-05 9.9973E-05
9.9973E-05 0.560536 0.311306 0.127858 9.9973E-05 9.9973E-05
0.0344103 0.463885 0.159348 0.0928886 0.112912 0.136556
0.136811 0.202937 0.620853 0.0391985 9.9982E-05 9.9982E-05
9.9982E-05 0.547113 0.4217 0.0286135 9.9982E-05 0.00237356
9.9973E-05 0.346199 0.43587 9.9973E-05 0.217631 9.9973E-05
9.9982E-05 0.48363 9.9982E-05 0.267548 0.0571535 0.191469
0.100822 0.409666 0.343247 9.9991E-05 0.0989257 0.0472396
0.158084 0.308297 0.533319 9.9973E-05 9.9973E-05 9.9973E-05
9.9973E-05 0.610216 0.369259 0.0202246 9.9973E-05 9.9973E-05
0.0337683 0.406224 0.541129 0.0102943 9.9991E-05 0.00848437
9.9982E-05 0.480762 0.465792 0.0295154 9.9982E-05 0.0237305
0.0119135 0.539652 0.340879 0.106664 9.9991E-05 0.000790944
9.9964E-05 9.9964E-05 0.94081 9.9964E-05 0.05879 9.9964E-05
9.9982E-05 0.243205 0.61082 9.9982E-05 0.104052 0.0417231
0.0625415 0.268763 0.619726 0.0463114 0.00255833 9.9991E-05
9.9964E-05 9.9964E-05 0.723736 9.9964E-05 0.275865 9.9964E-05
0.0556535 0.399568 0.443524 0.0680646 9.9991E-05 0.0330903
0.0245993 0.0835358 0.613967 9.9982E-05 0.277697 9.9982E-05
9.9964E-05 9.9964E-05 0.65466 9.9964E-05 0.344941 9.9964E-05
9.9991E-05 0.543332 0.330544 0.0627599 0.0435413 0.0197223
0.0267737 0.163935 0.739224 0.0698671 9.9982E-05 9.9982E-05
0.0988295 0.322086 0.456069 0.0374796 9.9991E-05 0.0854365
0.0508202 0.646164 0.0611772 0.137867 0.0991231 0.00484839
0.0504174 0.548132 0.388861 9.9982E-05 9.9982E-05 0.0123897
0.248107 0.424615 0.0568084 9.9991E-05 0.254748 0.0156206
0.031666 0.559156 0.285681 0.0440945 0.0616572 0.0177448
0.096764 0.426695 0.36661 9.9982E-05 9.9982E-05 0.109731
9.9973E-05 0.250442 0.738051 9.9973E-05 0.0112079 9.9973E-05
0.0541323 0.498397 0.302164 0.0880242 0.0218834 0.0353989
0.282116 0.00332063 9.9991E-05 0.596586 0.0978641 0.0200127
0.14244 0.011739 0.0812654 0.745292 9.9991E-05 0.019164
0.118706 9.9973E-05 9.9973E-05 0.812822 0.068172 9.9973E-05
0.121389 9.9982E-05 0.00873115 0.785889 0.0837901 9.9982E-05
0.222714 9.9973E-05 9.9973E-05 0.759898 0.017089 9.9973E-05
0.12535 9.9982E-05 0.769222 0.0289742 9.9982E-05 0.0762537
0.0950506 0.101477 0.714738 0.0694313 0.0192029 9.9991E-05
9.9982E-05 0.0466882 0.806281 9.9982E-05 0.116964 0.0298668
0.199368 0.519441 0.183943 0.0349068 9.9991E-05 0.0622411
0.0479092 0.727749 0.0677655 0.0914122 0.0650645 9.9991E-05
9.9982E-05 0.251856 0.617938 0.0568744 0.0731323 9.9982E-05
0.0118126 0.566973 0.365252 9.9991E-05 0.0420912 0.0137713
9.9982E-05 0.285325 0.559079 0.105951 9.9982E-05 0.0494453
0.0503037 0.530587 0.363785 0.01414 0.0410836 9.9991E-05
0.052518 0.447881 0.321888 0.00592418 0.0820001 0.0897886
0.0962373 0.203868 0.617564 0.00495349 0.0275116 0.049866
0.0597743 0.335754 0.593347 0.0109243 9.9982E-05 9.9982E-05
0.114511 0.32058 0.564609 9.9973E-05 9.9973E-05 9.9973E-05
0.033039 0.58517 0.0869993 0.0879411 0.20675 9.9991E-05
0.106028 0.345672 0.537095 0.0110055 9.9982E-05 9.9982E-05
0.0772457 0.390219 0.439959 0.021488 0.0231469 0.0479417
0.139032 0.309501 0.00125349 0.0452055 0.114188 0.39082
0.119061 0.266965 0.00896776 0.0799324 0.0350933 0.48998
0.0294769 0.44342 0.0146955 0.127208 0.0167699 0.36843
9.9982E-05 0.2388 9.9982E-05 0.147873 0.0614541 0.551673
0.0331344 0.459499 9.9991E-05 0.116475 0.0982841 0.292508
9.9991E-05 0.414799 0.368917 0.0734108 0.0775426 0.0652304
9.9982E-05 0.0704803 9.9982E-05 0.204841 0.0743507 0.650128
9.9991E-05 0.276636 0.0490356 0.144377 0.0322929 0.497558
9.9991E-05 0.428197 0.0828842 0.107109 0.267456 0.114253
9.9973E-05 0.601052 9.9973E-05 0.21197 0.186678 9.9973E-05
0.104473 0.471241 0.0342058 0.0938111 0.293114 0.00315519
0.115244 0.654096 9.9982E-05 0.13365 0.0968105 9.9982E-05
0.060896 0.564287 0.0991352 0.132593 0.142036 0.00105319
9.9982E-05 0.412329 9.9982E-05 0.192041 0.0256811 0.369748
0.0502556 0.395375 0.0662438 0.172997 9.9991E-05 0.315029
0.0133408 0.389489 9.9982E-05 0.0815338 9.9982E-05 0.515437
0.0579759 0.529071 0.0544191 0.175933 9.9991E-05 0.182501
9.9982E-05 0.19281 0.15677 0.105884 9.9982E-05 0.544335
0.0593572 0.434411 9.9991E-05 0.133042 0.0577435 0.315346
0.00362906 0.208795 0.0478578 0.11537 0.0536605 0.570688
0.0633289 0.340615 9.9991E-05 0.0550087 0.0764207 0.464526
0.0110877 0.546019 9.9991E-05 0.0927133 0.312113 0.0379669
0.0106397 0.35957 0.0480186 0.168662 9.9991E-05 0.41301
9.9982E-05 0.105563 9.9982E-05 0.148115 0.0710905 0.675031
0.0215787 0.331451 0.087192 0.144226 0.0300435 0.385509
0.222718 0.228221 0.161696 0.0940178 0.265159 0.0281888
0.00538569 0.55149 0.0959494 9.9991E-05 0.214393 0.132682
0.0389833 0.230256 0.213604 0.152635 0.00680361 0.357718
0.0309253 0.6767 9.9991E-05 0.124349 0.156857 0.0110692
0.0445245 0.535605 0.0288894 0.17515 0.215731 9.9991E-05
0.0165133 0.307365 0.158759 0.178115 0.0674286 0.27182
9.9982E-05 0.416499 9.9982E-05 0.231682 0.121219 0.2304
0.0995816 0.484104 0.102436 0.0968395 0.0436739 0.173366
9.9982E-05 0.305028 0.190773 0.0986415 9.9982E-05 0.405357
9.9982E-05 0.352636 9.9982E-05 0.111075 0.0895666 0.446522
9.9991E-05 0.138354 0.00807955 0.162036 0.0620631 0.629368
0.00519379 0.667855 9.9982E-05 0.059311 0.267441 9.9982E-05
0.0877292 0.449306 0.11175 0.121222 0.229893 9.9991E-05
9.9991E-05 0.251449 0.0319499 0.0895111 0.600967 0.026023
0.0532583 0.624088 0.0607544 0.163608 0.0981917 9.9991E-05
0.272125 0.378486 9.9991E-05 0.0669976 0.197787 0.084505
9.9991E-05 0.489332 0.0981691 0.253361 0.0541841 0.104854
0.0941478 0.377126 0.0404082 0.107867 0.191451 0.189001
9.9973E-05 9.9973E-05 9.9973E-05 0.301148 0.471564 0.226988
9.9973E-05 9.9973E-05 9.9973E-05 0.267709 0.581796 0.150195
0.0273509 0.341038 0.0260297 0.218221 0.327193 0.0601675
9.9982E-05 0.056761 9.9982E-05 0.288609 0.421741 0.232688
9.9982E-05 9.9982E-05 0.000823575 0.425371 0.34438 0.229225
9.9991E-05 0.321422 0.0503252 0.112499 0.33575 0.179904
9.9991E-05 0.429181 0.0274649 0.258536 0.134065 0.150654
0.0107654 0.236966 9.9991E-05 0.286317 0.32881 0.137042
9.9982E-05 0.0732836 9.9982E-05 0.287252 0.465577 0.173687
0.0804956 0.437554 0.0193082 0.12099 0.157031 0.184621
9.9991E-05 0.192522 0.093501 0.21461 0.366465 0.132802
9.9973E-05 9.9973E-05 9.9973E-05 0.426017 0.506041 0.0676418
0.107623 0.315809 9.9991E-05 0.127213 0.160833 0.288422
9.9982E-05 0.382187 9.9982E-05 0.164474 0.238565 0.214575
9.9982E-05 0.405767 0.0911088 0.289316 9.9982E-05 0.213609
9.9973E-05 0.573939 9.9973E-05 0.19188 9.9973E-05 0.233881
9.9991E-05 0.414934 0.0971932 0.165084 0.0651629 0.257525
9.9982E-05 0.522624 9.9982E-05 0.189295 0.0321285 0.255752
0.00795969 0.413738 9.9991E-05 0.382277 0.0392671 0.156658
9.9991E-05 0.527444 0.0266914 0.221599 0.0946498 0.129516
9.9982E-05 0.357227 0.0341175 0.281698 9.9982E-05 0.326757
0.0554423 0.342074 0.0318443 0.253266 0.108489 0.208884
0.155454 0.316495 0.247486 0.165358 9.9991E-05 0.115107
0.0457093 0.473136 0.119018 0.055881 0.138136 0.168119
0.0379699 0.488387 0.141106 0.262687 9.9991E-05 0.0697506
9.9991E-05 0.572015 0.154335 0.202527 0.00124968 0.0697736
0.00319183 0.402226 9.9991E-05 0.265134 0.066224 0.263124
9.9991E-05 0.419683 0.0104766 0.197362 0.0997197 0.272658
9.9982E-05 0.223516 9.9982E-05 0.390845 0.212706 0.172734
0.0348608 0.558021 0.0981647 0.150401 9.9991E-05 0.158453
9.9991E-05 0.257897 0.0168116 0.272148 0.169764 0.28328
0.0810987 9.9982E-05 0.0535957 0.813236 0.0518697 9.9982E-05
0.742324 0.113975 0.048066 0.0698776 0.0230625 0.00269414
0.971478 9.9964E-05 0.0281221 9.9964E-05 9.9964E-05 9.9964E-05
0.963541 9.9964E-05 9.9964E-05 0.0360591 9.9964E-05 9.9964E-05
0.981756 0.017844 9.9964E-05 9.9964E-05 9.9964E-05 9.9964E-05
0.908976 0.0122874 9.9973E-05 9.9973E-05 9.9973E-05 0.0784364
0.908575 0.0910254 9.9964E-05 9.9964E-05 9.9964E-05 9.9964E-05
0.972471 9.9964E-05 9.9964E-05 0.0271294 9.9964E-05 9.9964E-05
0.768733 9.9973E-05 9.9973E-05 0.224615 9.9973E-05 0.00635285
0.00247849 0.0518122 0.00872744 0.916433 9.9991E-05 0.0204491
0.10115 0.0799071 9.9973E-05 0.818643 9.9973E-05 9.9973E-05
9.9973E-05 0.0428336 9.9973E-05 0.889271 9.9973E-05 0.0675956
0.0829226 0.050552 9.9982E-05 0.785232 0.0810934 9.9982E-05
0.00742955 0.0259339 0.0203865 0.903527 9.9991E-05 0.0426233
0.0712429 9.9982E-05 9.9982E-05 0.883155 0.0378682 0.00753399
0.0753281 0.0203247 9.9991E-05 0.761965 0.00608397 0.136198
9.9991E-05 0.0300629 0.0240951 0.856117 0.00657179 0.0830531
0.0941927 0.109956 0.00951256 0.758115 9.9991E-05 0.0281241
9.9982E-05 9.9982E-05 0.0236133 0.898008 0.0187556 0.059423
9.9964E-05 9.9964E-05 9.9964E-05 0.960204 0.0393965 9.9964E-05
0.0625389 0.00779754 0.0426448 0.803068 0.026116 0.0578351
0.000680011 0.0443796 9.9973E-05 0.95464 9.9973E-05 9.9973E-05
9.9982E-05 0.0641601 9.9982E-05 0.913239 0.0189482 0.00345239
9.9982E-05 0.072834 0.0576443 0.868644 9.9982E-05 0.000678265
9.9973E-05 0.123689 9.9973E-05 0.859347 9.9973E-05 0.0166639
9.9973E-05 0.14082 9.9973E-05 0.77522 9.9973E-05 0.0836599
9.9982E-05 0.113951 0.0079468 0.767954 9.9982E-05 0.109948
9.9982E-05 0.0932816 0.0296176 0.794614 9.9982E-05 0.0822865
0.0934087 0.44907 0.147678 0.127439 0.182304 9.9991E-05
0.03685 0.714612 0.0574124 0.0403041 0.150721 9.9991E-05
0.0902124 0.590893 0.0719876 0.114944 0.10167 0.0302926
9.9982E-05 0.172079 0.0466177 0.0184919 0.762611 9.9982E-05
0.0898026 0.596082 0.00940871 0.0973082 0.207298 9.9991E-05
9.9973E-05 0.179202 9.9973E-05 0.147889 0.672609 9.9973E-05
9.9973E-05 0.68581 9.9973E-05 0.0967851 0.217105 9.9973E-05
0.14019 0.420166 0.15015 0.0615385 0.227856 9.9991E-05
0.0340934 0.596056 0.0320741 0.0931824 0.244494 9.9991E-05
0.0681394 0.458357 0.386448 0.00165587 9.9991E-05 0.0852994
0.132322 0.414993 0.0206989 0.0673952 0.36402 0.00057095
0.0304845 0.742692 9.9982E-05 0.0783571 0.148267 9.9982E-05
0.136785 0.606575 9.9982E-05 0.118006 0.138434 9.9982E-05
0.45753 0.0340498 0.164701 9.9991E-05 0.265343 0.0782765
0.0878111 0.00675565 0.0603657 0.0198293 0.825138 9.9991E-05
0.013691 0.257471 9.9982E-05 0.0633815 0.665256 9.9982E-05
0.101984 0.643231 9.9991E-05 0.0597144 0.160035 0.0349358
0.0190834 0.557329 0.00303815 0.130749 0.289701 9.9991E-05
9.9973E-05 0.597755 9.9973E-05 0.151491 0.250454 9.9973E-05
9.9991E-05 0.494761 0.100617 0.102098 0.228732 0.0736915
9.9982E-05 0.546098 9.9982E-05 0.197131 0.117593 0.138978
0.0395242 0.531531 0.0397716 0.232255 9.9991E-05 0.156818
0.150718 0.129411 9.9991E-05 0.372679 0.159732 0.18736
0.0259159 0.583907 0.0990811 0.1758 0.114527 0.000768675
0.0969103 0.377896 0.143324 0.184114 0.0301974 0.167559
9.9973E-05 9.9973E-05 9.9973E-05 0.417722 0.428213 0.153765
9.9991E-05 0.35936 0.033474 0.31041 0.115408 0.181248
0.0373871 0.359071 0.0716322 0.394746 0.00756636 0.129597
0.0784949 0.451206 0.0325852 0.377163 9.9991E-05 0.0604506
0.0280877 0.526442 0.0841943 0.179011 0.0302543 0.152011
0.0450097 0.49826 0.0508667 0.213176 0.0272916 0.165396
0.0493187 0.657086 9.9991E-05 0.166774 0.0671696 0.0595518
9.9991E-05 0.487749 0.0873419 0.162196 0.145434 0.117178
9.9982E-05 0.24979 0.070685 0.505775 9.9982E-05 0.17355
