0.00326562 0.889563 9.9982E-05 0.0752131 0.0317579 9.9982E-05
9.9982E-05 0.948393 0.0154569 0.00708969 9.9982E-05 0.0288605
0.150645 0.820625 9.9982E-05 0.000768658 0.027762 9.9982E-05
0.0205383 0.788101 9.9982E-05 0.106405 0.0847562 9.9982E-05
0.0445856 0.877211 0.00916863 9.9982E-05 0.0688351 9.9982E-05
0.0229557 0.618437 0.0623668 0.0852336 0.0799232 0.131084
9.9982E-05 0.820502 0.141387 0.00951233 9.9982E-05 0.028398
9.9991E-05 0.75777 0.0921495 0.115907 0.0207791 0.0132941
9.9982E-05 0.840358 0.0314346 0.0913021 9.9982E-05 0.036705
0.0776022 0.724325 0.138629 0.0113918 0.0479515 9.9991E-05
0.0330489 0.742952 0.116519 0.102284 9.9991E-05 0.00509676
0.2284 9.9982E-05 9.9982E-05 0.481048 0.0971392 0.193213
0.591559 0.0433621 0.0345028 0.273176 0.0477256 0.00967478
0.222844 0.0468907 0.0327136 0.450482 0.105721 0.141349
0.368635 0.028139 0.0285537 0.391974 0.132807 0.049891
0.346555 0.0541193 0.0939961 0.229641 0.170585 0.105104
0.578091 0.0713855 0.0236475 0.105422 0.168368 0.0530859
0.504379 0.0157508 9.9991E-05 0.236166 0.105265 0.138339
0.262343 0.151315 0.0342466 0.307827 0.0861934 0.158074
9.999E-05 0.0375213 0.101806 0.658836 0.0792671 0.122469
0.305858 9.9991E-05 0.118027 0.284032 0.132988 0.158994
0.455338 0.0313507 0.216667 0.176185 0.0306977 0.0897617
0.599005 0.0434349 0.0911636 0.226216 9.9991E-05 0.0400802
0.383169 0.0213645 0.0690781 0.348769 0.072747 0.104872
0.6362 9.9991E-05 0.102434 0.0953614 0.158863 0.00704079
0.572072 0.0221935 0.0397721 0.251911 0.113951 9.9991E-05
0.126252 0.0231982 0.0127949 0.482916 0.150425 0.204414
0.219959 0.00413977 0.0389893 0.406831 0.19142 0.138661
0.28362 0.0317638 0.175961 0.455595 0.0031895 0.0498704
0.0744262 0.828805 9.9973E-05 9.9973E-05 0.0964687 9.9973E-05
0.15618 0.83148 9.9973E-05 9.9973E-05 0.0120402 9.9973E-05
0.0662 0.782046 9.9982E-05 9.9982E-05 0.0893406 0.0622133
0.0763925 0.74586 9.9982E-05 9.9982E-05 0.132215 0.0453318
0.549332 0.00847278 0.0855918 0.0953686 9.9991E-05 0.261134
0.550097 0.103431 9.9982E-05 0.0412943 9.9982E-05 0.304978
0.526862 0.0511231 9.9973E-05 9.9973E-05 9.9973E-05 0.421715
0.168929 0.113779 0.00612309 0.555297 0.0189331 0.136939
0.271748 0.0384411 0.0295149 9.9991E-05 0.009264 0.650932
0.629507 0.000262056 9.9982E-05 0.171495 9.9982E-05 0.198536
0.739461 9.9964E-05 9.9964E-05 9.9964E-05 9.9964E-05 0.260139
0.600411 0.146871 0.0999567 0.0560086 9.9991E-05 0.0966532
0.589636 0.118409 9.9991E-05 0.0616864 0.0578096 0.172359
0.113811 0.0468597 0.024413 0.112722 9.9991E-05 0.702094
0.672551 0.0547776 0.264887 0.00758427 9.9982E-05 9.9982E-05
0.571124 0.0135805 0.0537944 9.9991E-05 0.0760866 0.285315
0.584353 0.191944 0.0419616 0.0953854 0.0126012 0.0737557
0.320733 9.9964E-05 9.9964E-05 9.9964E-05 9.9964E-05 0.678867
0.682115 0.0774343 0.00439209 9.9982E-05 9.9982E-05 0.235859
0.48228 0.0812469 0.0562207 0.00671553 0.123249 0.250288
9.9973E-05 0.0617766 0.291141 9.9973E-05 9.9973E-05 0.646783
0.159796 9.9991E-05 0.146105 0.395056 0.0083874 0.290556
0.114633 9.9982E-05 0.492092 0.217487 9.9982E-05 0.175588
0.504888 0.0751382 0.0554383 0.142712 0.0940537 0.12777
0.595847 0.0529517 0.141316 0.048133 0.0938162 0.0679359
0.596573 0.0667839 0.168259 9.9991E-05 0.0616842 0.106601
0.173733 0.106034 0.0712153 0.400875 9.9991E-05 0.248042
0.571434 9.9991E-05 0.130595 0.271335 0.023006 0.00352967
0.624309 0.0823814 0.0607002 0.129984 0.0462569 0.0563685
0.344161 0.123118 0.0839755 0.215877 0.00216919 0.230699
0.0668256 0.2017 0.172475 0.334733 0.0591117 0.165155
0.522127 9.9991E-05 0.122831 0.180459 0.0670294 0.107454
0.442487 0.0854194 0.0549418 0.322883 0.0202564 0.0740131
0.0682254 0.0707249 0.111979 0.58934 9.9991E-05 0.159631
0.543312 9.9991E-05 0.104941 0.297433 0.00403653 0.0501777
0.611537 9.9991E-05 0.173707 0.0415036 0.0556359 0.117516
0.51223 0.0671321 0.0420012 0.213381 0.109616 0.0556396
0.266061 0.0461978 0.153433 0.232917 0.0938915 0.2075
0.493425 0.0184706 0.128952 0.188235 0.0303284 0.14059
0.600395 0.0671231 0.0601098 0.196968 0.0549111 0.020493
0.229604 0.045251 0.145738 0.406739 9.9991E-05 0.172568
0.505174 9.9982E-05 9.9982E-05 0.0396775 0.00709753 0.447851
0.120754 0.0188584 9.9991E-05 0.0864395 0.025399 0.748449
0.398464 0.0547454 0.0685494 0.0703651 0.144439 0.263437
9.9964E-05 9.9964E-05 0.16594 9.9964E-05 9.9964E-05 0.833661
9.9982E-05 0.000786942 0.117849 0.026524 9.9982E-05 0.85464
0.216098 9.9982E-05 0.00427397 0.0214092 9.9982E-05 0.758019
0.441085 0.0229189 9.9973E-05 9.9973E-05 9.9973E-05 0.535696
0.60146 0.150433 0.0108385 0.0891801 9.9991E-05 0.147988
0.378323 0.0447151 9.9991E-05 0.0385875 0.0546236 0.483651
0.129476 0.0635568 9.9991E-05 0.154319 0.0183956 0.634152
0.236014 0.0410468 9.9982E-05 0.210175 9.9982E-05 0.512564
0.495098 0.0586314 9.9991E-05 0.0494815 0.100802 0.295887
0.291557 0.033039 9.9991E-05 0.0401329 0.02291 0.612262
0.459668 0.0289987 0.0488156 0.0883581 9.9991E-05 0.37406
0.40382 9.9973E-05 0.0856419 9.9973E-05 9.9973E-05 0.510238
9.9973E-05 9.9973E-05 0.310818 0.0171773 9.9973E-05 0.671705
0.55353 9.9991E-05 0.0160018 0.0867974 0.0621171 0.281453
0.0806946 0.819762 9.9982E-05 0.0717276 0.0276163 9.9982E-05
0.0713811 0.928219 9.9964E-05 9.9964E-05 9.9964E-05 9.9964E-05
0.0537083 0.860447 9.9973E-05 9.9973E-05 0.0855447 9.9973E-05
0.0289829 0.91349 0.0141272 9.9991E-05 0.0230487 0.0202511
0.0882532 0.872044 9.9982E-05 9.9982E-05 0.0193777 0.0201251
0.0575891 0.900441 9.9982E-05 9.9982E-05 0.00551052 0.0362592
9.9973E-05 0.897012 9.9973E-05 9.9973E-05 0.0812571 0.0214306
0.401926 0.098872 9.9991E-05 0.0700246 0.144022 0.285055
0.496505 0.0267372 0.0541171 0.12603 0.148045 0.148566
9.9982E-05 0.0393959 0.00667198 0.0945478 9.9982E-05 0.859184
0.564021 0.129907 0.089885 0.0344658 0.0140889 0.167632
0.440903 0.0124055 9.9991E-05 0.131354 0.0092222 0.406015
0.561314 0.0933774 9.9991E-05 0.0327229 0.0650848 0.247401
0.602454 0.0983427 0.0490029 9.9991E-05 0.0251181 0.224982
0.476102 0.0143374 0.0180971 9.9991E-05 0.0549555 0.436408
9.9973E-05 0.0720551 9.9973E-05 0.164865 9.9973E-05 0.76278
0.505235 0.16179 0.0932124 0.0484456 9.9991E-05 0.191217
0.676118 0.0203527 9.9982E-05 0.069928 9.9982E-05 0.233402
0.433441 0.0403147 0.140351 0.0597255 0.11397 0.212198
0.313018 0.0393623 0.21821 9.9982E-05 9.9982E-05 0.429209
0.516419 0.0150683 0.0600737 9.9991E-05 0.0466954 0.361644
0.444119 0.0633414 9.9991E-05 0.0756721 0.0190491 0.397719
0.286288 9.9973E-05 9.9973E-05 9.9973E-05 0.0886874 0.624725
0.423159 0.086303 9.9982E-05 0.119504 9.9982E-05 0.370833
0.482862 0.0121267 0.10028 0.0922482 0.117844 0.194639
0.238784 0.037817 0.235607 0.339175 0.00857356 0.140044
0.461694 0.117706 0.023817 0.268443 0.0614684 0.0668714
0.566546 0.100073 0.10762 0.181647 0.0440139 9.9991E-05
0.464437 0.0808728 0.0644086 0.11082 0.138162 0.141299
0.479077 0.0971107 0.0137538 0.3564 9.9991E-05 0.0535586
0.544105 9.9991E-05 0.00942674 0.248491 0.0648144 0.133064
0.548678 9.9982E-05 0.046787 0.33961 9.9982E-05 0.0647247
0.521917 0.063334 0.108919 0.219944 0.00934586 0.07654
0.640599 0.02262 0.00524818 0.2087 0.112673 0.0101598
0.564437 0.129736 0.0641425 0.1752 9.9991E-05 0.0663844
0.522466 0.0247718 0.0678063 0.313145 9.9991E-05 0.0717115
0.666357 9.9991E-05 0.0972343 0.164644 0.0649723 0.00669182
0.628432 0.0946267 0.169273 0.0486954 0.0356065 0.0233668
0.604747 9.9991E-05 0.0436274 0.259586 0.0620363 0.029903
0.685538 0.0366576 0.142686 0.134918 9.9982E-05 9.9982E-05
0.485559 9.9991E-05 0.0627393 0.270252 0.157082 0.0242677
0.449625 0.115848 0.192028 0.2423 9.9982E-05 9.9982E-05
0.650527 9.9982E-05 0.0426427 0.234178 0.072452 9.9982E-05
0.656723 0.0186951 0.123233 0.153042 0.0482069 9.9991E-05
0.236146 9.9991E-05 0.0690507 0.416483 0.104439 0.173782
0.198904 9.9991E-05 0.389425 0.315067 0.0570998 0.0394042
0.629789 0.0706625 0.0181859 0.274118 0.00714497 9.9991E-05
0.101254 9.9991E-05 0.370782 0.306852 0.0432369 0.177775
0.314603 0.0420744 0.090035 0.430081 9.9991E-05 0.123107
0.459974 9.9982E-05 0.041127 0.363179 9.9982E-05 0.13552
0.329921 0.0274779 0.0027753 0.372842 9.9991E-05 0.266884
0.315869 0.041368 0.0503732 0.478188 0.020435 0.0937667
0.608144 0.0215854 0.0990709 0.116993 0.0887563 0.0654505
0.519692 0.089703 0.0433711 0.197384 0.0275297 0.12232
0.585007 0.0821161 0.0379263 0.121002 0.0129323 0.161016
0.135113 9.9991E-05 0.273929 0.409715 0.0737952 0.107348
0.539796 0.199398 0.0768025 9.9991E-05 0.035743 0.148161
0.39923 0.0181233 0.222163 0.0214432 0.172772 0.166268
0.0825362 0.11733 0.637976 0.0887744 9.9991E-05 0.0732836
0.625144 0.0786308 0.188873 9.9991E-05 0.00739934 0.0998532
0.412266 0.104905 0.341595 0.0594876 9.9991E-05 0.0816477
0.524367 0.0545197 0.233171 0.0407497 0.0877715 0.059421
0.266359 0.0559298 0.469539 0.115665 0.0405912 0.0519164
0.26922 0.0769051 0.47079 0.182654 9.9991E-05 0.000331727
0.472742 0.0363227 0.283975 0.136884 9.9991E-05 0.0699759
0.410892 0.0556286 0.348479 0.0740555 0.110845 9.9991E-05
0.47973 0.12438 0.154606 0.160276 0.0476401 0.0333678
9.9991E-05 0.0446464 0.450469 0.102283 0.184873 0.217629
0.618178 0.0655025 0.0931374 0.0635425 0.0205087 0.139131
0.397679 9.9982E-05 0.410058 0.112914 9.9982E-05 0.0791484
0.50823 9.9982E-05 0.269662 0.069982 9.9982E-05 0.151926
0.476806 0.0854131 0.126921 0.123096 0.0870812 0.100683
0.113025 0.286871 0.315229 9.9982E-05 0.284675 9.9982E-05
9.9973E-05 0.553243 0.326565 9.9973E-05 0.119892 9.9973E-05
9.9973E-05 0.462085 0.420169 9.9973E-05 0.117446 9.9973E-05
0.0741451 0.416837 0.192923 0.00503212 0.310963 9.9991E-05
0.648592 9.9982E-05 0.288596 9.9982E-05 0.0222465 0.0403651
0.557762 0.105461 0.118656 0.120735 0.0159977 0.0813885
0.289583 9.9973E-05 9.9973E-05 0.0308608 0.679257 9.9973E-05
0.280904 0.022513 9.9991E-05 0.14627 0.483745 0.0664668
0.36498 0.169152 0.0743557 0.0294405 0.326316 0.0357556
0.341509 9.9982E-05 0.549682 0.0136291 9.9982E-05 0.0949799
0.44846 0.0491519 0.202574 0.0295098 0.114341 0.155963
0.270354 9.9982E-05 0.699158 0.0264106 9.9982E-05 0.00387713
0.61074 9.9973E-05 0.351469 9.9973E-05 9.9973E-05 0.0374916
0.460572 0.00333693 0.280014 0.102529 0.0335928 0.119955
0.571662 9.9991E-05 0.267299 0.0136111 0.0568892 0.0904382
0.253669 9.9982E-05 0.602746 0.0851846 9.9982E-05 0.0582004
0.64925 9.9991E-05 0.154517 0.0247474 0.102833 0.0685532
0.613573 0.060464 0.166432 9.9991E-05 0.0647653 0.0946657
9.9973E-05 9.9973E-05 0.0186294 9.9973E-05 0.951585 0.029486
0.0511569 9.9982E-05 0.0245175 0.0110786 0.913047 9.9982E-05
0.282718 0.0483204 0.0117544 0.0131408 0.607958 0.0361088
0.296765 9.9964E-05 9.9964E-05 9.9964E-05 0.702835 9.9964E-05
0.141448 0.0620084 9.9982E-05 9.9982E-05 0.748252 0.0480925
9.996E-05 9.996E-05 9.996E-05 9.996E-05 0.9995 9.996E-05
9.9973E-05 9.9973E-05 9.9973E-05 0.031454 0.943489 0.0247566
0.164316 9.9964E-05 9.9964E-05 9.9964E-05 0.835284 9.9964E-05
0.0154436 9.9973E-05 9.9973E-05 0.0438381 0.940418 9.9973E-05
9.996E-05 9.996E-05 9.996E-05 9.996E-05 0.9995 9.996E-05
9.996E-05 9.996E-05 9.996E-05 9.996E-05 0.9995 9.996E-05
0.13668 0.00169686 9.9982E-05 0.0706029 0.790821 9.9982E-05
0.0655582 0.0252054 9.9982E-05 0.050057 0.85898 9.9982E-05
9.9973E-05 9.9973E-05 9.9973E-05 0.00208584 0.978809 0.0188056
0.334308 0.0692301 9.9982E-05 0.111594 0.484668 9.9982E-05
0.201582 9.9982E-05 9.9982E-05 0.0728605 0.690453 0.0349037
0.171548 0.0348996 9.9982E-05 0.0287024 0.76465 9.9982E-05
0.0772196 0.029566 9.9982E-05 0.0096038 0.883411 9.9982E-05
9.996E-05 9.996E-05 9.996E-05 9.996E-05 0.9995 9.996E-05
0.11537 0.0493825 9.9982E-05 0.019455 0.815592 9.9982E-05
9.996E-05 9.996E-05 9.996E-05 9.996E-05 0.9995 9.996E-05
0.236274 9.9982E-05 0.0722001 0.045838 0.645487 9.9982E-05
0.0339259 9.9982E-05 9.9982E-05 0.0556913 0.877787 0.0323954
9.9973E-05 0.351089 0.640844 9.9973E-05 0.0077672 9.9973E-05
0.400442 0.173777 0.246413 0.126414 0.0528543 9.9991E-05
0.436222 0.194656 0.168979 0.011514 0.0636235 0.125005
0.180262 0.195889 0.497088 9.9982E-05 0.126561 9.9982E-05
0.494237 0.181994 0.199949 0.0244315 0.0992876 9.9991E-05
0.171723 0.263525 0.388352 9.9991E-05 0.135925 0.0403752
0.570157 0.18953 0.0497616 0.131496 0.0303139 0.0287408
0.292656 0.125121 0.395316 9.9982E-05 0.186708 9.9982E-05
0.46398 0.152123 0.167082 0.0392994 0.177416 9.9991E-05
0.364076 0.135838 0.369522 9.9982E-05 0.130364 9.9982E-05
0.429781 0.184301 0.198859 9.9991E-05 0.0836825 0.103276
0.0455047 0.841423 0.0264686 0.0794368 9.9991E-05 0.00706729
9.9982E-05 0.924146 0.00150431 9.9982E-05 0.0561989 0.017951
9.9973E-05 0.964404 9.9973E-05 0.0106566 9.9973E-05 0.0246399
9.9964E-05 0.966842 9.9964E-05 0.0327577 9.9964E-05 9.9964E-05
0.0259247 0.907157 9.9982E-05 0.0462355 0.0204831 9.9982E-05
9.9973E-05 0.894998 9.9973E-05 9.9973E-05 0.0819123 0.0227898
0.0235042 0.904637 9.9982E-05 9.9982E-05 0.0507076 0.0209515
0.0146445 0.867967 0.0770784 0.0106003 0.0296102 9.9991E-05
9.9973E-05 0.862662 9.9973E-05 9.9973E-05 0.0447648 0.0922729
9.9982E-05 0.868797 0.0397654 0.000422632 0.0908152 9.9982E-05
9.9982E-05 0.61889 0.0374517 0.226999 9.9982E-05 0.11646
9.9973E-05 0.6122 9.9973E-05 0.294611 9.9973E-05 0.0928888
9.9982E-05 0.522056 0.151237 0.299841 9.9982E-05 0.0266655
9.9982E-05 0.495263 0.0877377 0.295694 9.9982E-05 0.121106
0.551543 0.037098 9.9982E-05 0.113972 9.9982E-05 0.297188
0.498301 9.9982E-05 9.9982E-05 0.10261 0.0297359 0.369154
0.507536 0.0152864 9.9991E-05 0.189004 0.099858 0.188215
0.410574 9.9982E-05 0.0752432 0.296417 9.9982E-05 0.217566
0.172638 9.9991E-05 0.0536173 0.57577 0.00740367 0.19047
0.576452 0.115417 9.9991E-05 0.00603493 0.0628769 0.23912
0.634667 9.9991E-05 0.0174075 0.0933166 0.000537741 0.253971
0.557262 0.00396615 0.117532 0.0571895 9.9991E-05 0.26395
0.316812 9.9982E-05 0.0511562 9.9982E-05 0.0671225 0.564709
0.636546 0.0398292 0.0963838 0.159939 0.0035614 0.0637402
0.405592 9.9982E-05 0.011108 0.157416 9.9982E-05 0.425684
9.9973E-05 9.9973E-05 0.205133 0.0262565 9.9973E-05 0.76831
0.515654 9.9991E-05 0.0747107 0.169093 0.0161228 0.224319
0.293955 0.0193165 0.217933 9.9982E-05 9.9982E-05 0.468596
0.54182 9.9982E-05 0.0537963 0.0064408 9.9982E-05 0.397743
0.086725 0.0356157 9.9982E-05 0.185592 9.9982E-05 0.691867
0.0223835 0.134989 0.14941 0.693017 9.9982E-05 9.9982E-05
0.0849454 0.103831 0.157536 0.653487 9.9982E-05 9.9982E-05
9.9973E-05 0.0516678 0.137539 0.810493 9.9973E-05 9.9973E-05
9.9982E-05 0.126747 0.0776746 0.766507 9.9982E-05 0.0288708
0.0307333 9.9982E-05 0.112636 0.793209 0.0632227 9.9982E-05
0.121458 0.0567414 0.0358651 0.785735 9.9982E-05 9.9982E-05
0.0927024 0.887043 9.9982E-05 9.9982E-05 0.00335363 0.0167009
0.0479278 0.834312 0.00424349 0.0398578 0.0735591 9.9991E-05
0.0855156 0.763341 9.9982E-05 0.01087 0.140073 9.9982E-05
0.0914652 0.781138 9.9982E-05 0.0789886 0.0482079 9.9982E-05
0.114793 0.778475 9.9982E-05 0.0445576 0.0619744 9.9982E-05
9.9982E-05 0.391205 0.0224833 0.538824 9.9982E-05 0.0472872
9.9982E-05 0.45445 0.109036 0.422352 9.9982E-05 0.0139615
9.9973E-05 0.450864 9.9973E-05 0.445807 9.9973E-05 0.103029
0.109179 0.83083 9.9982E-05 0.0295842 0.0302067 9.9982E-05
9.9982E-05 0.381426 0.0690406 0.412421 9.9982E-05 0.136912
0.283099 0.206672 0.108852 9.9991E-05 0.365376 0.0359009
0.492153 0.155753 9.9982E-05 9.9982E-05 0.26068 0.0912147
0.593206 0.210507 9.9973E-05 9.9973E-05 0.195987 9.9973E-05
0.252188 0.265415 0.104645 9.9991E-05 0.331761 0.0458898
0.530412 0.102753 9.9991E-05 0.120927 0.212839 0.0329691
9.9973E-05 0.479139 0.229698 9.9973E-05 0.290864 9.9973E-05
0.467767 0.00311284 0.0597563 0.336183 9.9991E-05 0.133081
0.431769 9.9982E-05 0.283833 0.208457 9.9982E-05 0.0757409
0.341055 0.083429 0.0131269 0.508536 9.9991E-05 0.0537527
0.47675 9.9982E-05 0.250258 0.184489 9.9982E-05 0.0883036
9.9973E-05 9.9973E-05 0.661773 0.153577 9.9973E-05 0.18435
0.585353 0.0858951 0.0678688 0.203166 0.0201703 0.0375466
0.563139 9.9982E-05 0.253478 0.12902 9.9982E-05 0.0541641
0.41799 0.0601829 0.0325106 0.403586 9.9991E-05 0.0856301
0.597798 0.0287373 0.113229 0.180804 0.0349502 0.0444811
0.174074 9.9982E-05 0.379197 0.231598 9.9982E-05 0.214931
0.533578 9.9991E-05 0.227553 0.116846 0.0202364 0.101687
0.534593 9.99907E-05 0.0590266 0.349792 0.0563888 9.99907E-05
0.385118 0.156862 0.094206 0.101682 0.18054 0.081593
0.467098 9.9973E-05 0.24266 0.289942 9.9973E-05 9.9973E-05
0.521763 0.0483353 0.111511 0.268119 9.9991E-05 0.0501716
0.490217 0.0154439 0.271675 0.131851 0.0691729 0.0216404
0.622705 0.00719186 0.0401339 0.151978 9.9991E-05 0.177892
0.56362 9.9991E-05 0.0878701 0.088217 0.115269 0.144924
0.577057 0.0366115 0.145912 0.166574 0.0314507 0.0423956
0.658707 0.0598397 0.0840168 0.176262 9.9991E-05 0.0210748
0.130685 0.768191 9.9973E-05 9.9973E-05 0.100825 9.9973E-05
0.112691 0.836891 0.00914246 9.9991E-05 0.0404065 0.000769192
0.0800385 0.774416 0.0518771 0.0629362 9.9991E-05 0.0306327
0.0355711 0.84949 9.9982E-05 9.9982E-05 0.0332645 0.0814743
0.124015 0.843653 9.9973E-05 9.9973E-05 0.0320317 9.9973E-05
0.131468 9.9991E-05 0.000408224 0.581364 0.107502 0.179157
0.476322 0.0367559 0.142079 0.14824 0.0714785 0.125125
0.436466 0.174414 0.201072 9.9982E-05 0.187848 9.9982E-05
0.679307 9.9991E-05 0.0210465 0.196612 0.0759489 0.0269854
0.555615 0.0167502 0.0496212 0.248649 0.0385133 0.0908517
0.343903 9.9982E-05 0.280769 0.333503 0.0416261 9.9982E-05
0.02819 0.15733 0.13943 0.559314 9.9991E-05 0.115637
0.504246 9.9991E-05 0.0334876 0.29251 0.0697632 0.099893
0.186801 0.0385147 0.104075 0.508124 0.0496881 0.112797
0.47671 0.011961 0.232985 0.223457 0.0514319 0.00345466
0.118406 0.121851 0.0615918 0.573252 0.0274579 0.0974415
0.588885 0.130143 9.9991E-05 0.164814 0.0753886 0.0406694
0.197365 0.0435738 0.195728 0.529162 0.000587475 0.0335829
0.330125 9.9991E-05 0.136997 0.337279 0.0894515 0.106047
0.451914 9.9991E-05 0.233489 0.139692 0.0844893 0.0903157
0.342816 9.9973E-05 0.551007 0.105878 9.9973E-05 9.9973E-05
0.581334 0.0570014 0.170326 0.0451716 9.9991E-05 0.146067
0.610458 0.144506 0.150089 9.9982E-05 9.9982E-05 0.0947468
0.446343 9.9973E-05 0.479758 0.0735984 9.9973E-05 9.9973E-05
0.547037 0.00682262 0.200932 0.0744745 0.0904459 0.0802882
0.607508 0.0502083 0.225328 0.0071932 9.9991E-05 0.109663
0.133149 9.9982E-05 0.699744 0.121514 9.9982E-05 0.0453937
0.266063 9.9973E-05 0.634568 9.9973E-05 9.9973E-05 0.0990693
0.544149 9.9973E-05 0.40216 0.0533914 9.9973E-05 9.9973E-05
0.169156 9.9982E-05 0.590395 0.0950817 9.9982E-05 0.145167
0.531384 9.9982E-05 0.384107 0.0742757 9.9982E-05 0.0100334
0.127003 0.0466288 0.0582128 0.530586 0.0752222 0.162347
0.235629 9.9991E-05 0.242983 0.302631 0.0292307 0.189427
0.366594 0.0596691 9.9982E-05 0.497963 0.0755734 9.9982E-05
0.655744 0.0259951 0.0677483 0.190411 0.0600013 9.9991E-05
0.24338 9.9982E-05 0.0108913 0.5054 9.9982E-05 0.240129
0.642359 0.120722 0.10831 0.111587 0.0169218 9.9991E-05
0.638593 0.0148589 9.9991E-05 0.166901 0.0772415 0.102306
0.55032 0.026516 9.9991E-05 0.300398 0.0327382 0.0899276
0.424887 9.9982E-05 9.9982E-05 0.229584 0.121158 0.224171
0.444596 0.0228255 9.9991E-05 0.296073 0.0355237 0.200882
0.234414 9.9991E-05 0.00985916 0.546343 0.0798808 0.129403
0.346764 9.9991E-05 0.0480927 0.444832 0.0685178 0.0916936
0.574244 9.9982E-05 9.9982E-05 0.288666 0.0603163 0.0765738
0.564627 0.00268182 0.0922265 0.154055 0.152288 0.0341211
0.439852 0.0102608 0.184116 0.260406 0.072025 0.0333406
0.579991 9.9991E-05 0.103315 0.248744 0.0616401 0.00620997
0.400815 0.058244 0.0798017 0.411897 0.0491426 9.9991E-05
0.627761 9.9991E-05 0.0795168 0.21589 0.0436842 0.0330487
0.469797 0.104348 0.0318228 0.265834 0.0791486 0.0490495
0.443236 0.107192 0.214865 0.124365 0.110242 9.9991E-05
0.439795 0.388128 0.0524395 0.0411002 0.058191 0.0203461
0.462969 0.128571 0.0785221 9.9991E-05 0.235959 0.0938792
0.528237 0.206272 0.0765242 0.054319 0.134548 9.9991E-05
0.593068 0.0964029 0.0934309 0.00706761 0.131218 0.0788129
0.446892 0.188537 0.145474 9.9991E-05 0.21302 0.00597719
0.518339 9.9991E-05 0.242709 0.167218 0.0171523 0.0544817
0.390896 0.101146 9.9991E-05 0.225466 0.213467 0.068925
9.9982E-05 0.239508 0.497047 9.9982E-05 0.186822 0.0764236
0.476188 0.0365802 0.0599136 0.140735 0.271646 0.0149369
0.506995 0.0772989 0.0973043 0.0987935 0.219509 9.9991E-05
0.467369 0.0849856 0.0288276 0.0363166 0.264421 0.11808
0.27558 0.154035 0.160637 0.102492 0.175662 0.131594
0.540066 0.271009 0.0534544 0.0328245 0.0713837 0.0312619
0.511122 0.0976168 0.195144 9.9982E-05 0.195917 9.9982E-05
9.9973E-05 0.468464 0.32404 9.9973E-05 0.207197 9.9973E-05
0.559202 0.216323 0.0432856 9.9982E-05 0.18099 9.9982E-05
0.488422 0.21455 0.020714 9.9991E-05 0.203513 0.0727011
0.533593 0.135109 0.124102 0.0221297 0.116588 0.0684783
0.525636 0.188356 0.0667564 0.0412699 0.177882 9.9991E-05
0.497238 0.172873 0.0591578 0.0295793 0.136056 0.105096
0.419199 0.0885088 0.180756 0.0379071 0.0583588 0.21527
0.562193 0.0936351 0.262796 0.0439872 0.0160369 0.0213512
0.0294421 9.9982E-05 0.494396 0.115897 9.9982E-05 0.360064
0.0463564 9.9982E-05 0.642057 0.0833538 9.9982E-05 0.228033
0.518765 0.0428556 0.199953 0.087681 0.0854782 0.0652671
0.435735 0.0344258 0.217063 0.00480871 0.307868 9.9991E-05
0.257766 0.0642745 0.206195 9.9991E-05 0.421928 0.0497371
0.181325 0.228503 0.227817 9.9991E-05 0.304703 0.0575516
0.386538 0.148086 0.206877 9.9982E-05 0.258299 9.9982E-05
0.162647 0.0508336 0.68431 9.9991E-05 0.0706398 0.0314698
0.175851 0.0653216 0.560444 9.9991E-05 0.12597 0.0723132
0.594682 9.9982E-05 0.278333 9.9982E-05 0.101362 0.0254223
0.523444 0.0244389 0.226909 9.9991E-05 0.102054 0.123054
0.233239 0.0380227 0.54698 0.00480845 0.142106 0.0348424
0.465481 0.00860767 0.190706 0.0900034 0.170222 0.0749788
0.502346 9.9991E-05 0.221622 0.0111338 0.168625 0.0961732
0.461313 0.0544433 0.142691 0.143217 0.147264 0.0510725
0.417214 9.9982E-05 0.307819 0.116968 9.9982E-05 0.157799
0.397087 9.9991E-05 0.364008 0.0513033 0.00690701 0.180595
0.539692 0.0073795 0.211616 0.0584321 0.0649553 0.117925
0.404112 0.000439307 0.294998 0.103575 0.0849854 0.11189
0.40854 0.106968 0.219087 0.0549735 0.076534 0.133897
0.476465 9.9973E-05 0.437167 9.9973E-05 9.9973E-05 0.0860682
0.29576 9.9982E-05 0.507659 0.126164 9.9982E-05 0.0702171
0.567676 9.9982E-05 0.188164 9.9982E-05 0.0459049 0.198055
0.172615 9.9991E-05 0.493475 0.0790905 0.0413681 0.213352
0.383708 9.9991E-05 0.314948 0.0486386 0.0518157 0.200789
0.576594 0.0828549 0.137163 9.9991E-05 0.0172156 0.186073
0.579069 9.9982E-05 0.2752 9.9982E-05 0.0241777 0.121353
0.448764 0.155186 0.151095 9.9991E-05 0.230803 0.0140526
0.488012 0.141818 0.165098 0.0137631 0.147828 0.0434803
0.29295 0.179595 0.0880255 0.0370009 0.286246 0.116183
0.328472 0.127116 0.157267 0.1134 0.220747 0.0529982
0.42043 0.122667 9.9991E-05 0.141058 0.198204 0.117542
0.398794 0.14021 0.119845 0.0484998 0.173011 0.11964
9.9982E-05 0.168211 0.645163 9.9982E-05 0.166963 0.0194627
0.553748 0.13223 0.117737 0.0262937 0.169892 9.9991E-05
9.9973E-05 0.342453 0.51718 9.9973E-05 0.140067 9.9973E-05
0.590587 9.9982E-05 0.208672 9.9982E-05 0.184045 0.0164953
0.0980895 9.9973E-05 0.554557 9.9973E-05 9.9973E-05 0.347053
9.9973E-05 9.9973E-05 0.61083 0.0650347 9.9973E-05 0.323835
0.481879 9.9973E-05 0.321838 9.9973E-05 9.9973E-05 0.195982
0.677687 0.0260622 0.14387 0.0342712 9.9991E-05 0.11801
0.441722 9.9982E-05 0.327086 0.0820757 9.9982E-05 0.148916
0.518707 9.9982E-05 0.17406 9.9982E-05 0.0324968 0.274536
0.533954 9.9991E-05 0.268065 0.0281037 0.0171894 0.152588
0.114754 0.798072 0.0515545 9.9982E-05 9.9982E-05 0.0354197
9.9991E-05 0.720642 0.0675258 0.0677523 0.10921 0.0347705
9.9973E-05 0.922773 9.9973E-05 0.0448994 0.0320276 9.9973E-05
0.0518946 0.927061 0.0207447 9.9973E-05 9.9973E-05 9.9973E-05
0.443664 0.0681671 9.9991E-05 0.0294665 0.030427 0.428175
0.454908 0.0454294 9.9991E-05 0.0658229 0.0582858 0.375454
0.548735 0.0593169 9.9982E-05 0.0326173 9.9982E-05 0.359131
0.609972 0.076511 9.9991E-05 0.0957488 0.0238598 0.193808
0.505902 0.0578555 0.0864174 0.116058 0.0491265 0.18464
0.231205 0.0480129 0.0686368 0.111531 9.9991E-05 0.540515
0.67839 9.9973E-05 9.9973E-05 0.0275424 9.9973E-05 0.293768
0.36759 0.00152665 0.162298 9.9982E-05 9.9982E-05 0.468386
0.416278 0.18267 0.0849824 0.0687171 0.209562 0.0377897
0.411217 9.9991E-05 0.148735 0.058064 0.0523951 0.329489
0.316216 9.9982E-05 0.061513 0.159126 9.9982E-05 0.462944
0.507485 0.00373934 0.0428126 0.0662013 0.052614 0.327148
0.404656 0.0477875 9.9982E-05 0.0522156 9.9982E-05 0.495141
0.594535 0.0145515 0.0675648 0.0123748 9.9991E-05 0.310874
0.561323 0.111994 9.9973E-05 9.9973E-05 9.9973E-05 0.326383
0.0561834 9.9973E-05 0.103613 9.9973E-05 9.9973E-05 0.839904
0.20185 9.9991E-05 0.135684 0.019897 0.0692005 0.573269
0.336246 9.9982E-05 0.0468957 0.011324 9.9982E-05 0.605334
9.9964E-05 9.9964E-05 0.255454 9.9964E-05 9.9964E-05 0.744146
0.454065 0.0629104 0.011033 0.141143 0.0171795 0.313668
0.112386 9.9973E-05 0.310959 9.9973E-05 9.9973E-05 0.576355
9.9964E-05 9.9964E-05 0.244351 9.9964E-05 9.9964E-05 0.755249
0.512246 0.00891631 0.0335058 0.0130282 0.0510672 0.381236
0.16018 0.0554391 9.9982E-05 0.107585 9.9982E-05 0.676596
0.364221 0.0379236 9.9991E-05 0.109981 0.0602739 0.4275
0.530487 0.115225 0.0101339 0.00580762 0.101301 0.237045
0.560316 0.011823 9.9982E-05 0.116142 9.9982E-05 0.311519
0.316915 9.9991E-05 0.239689 0.301456 0.0840222 0.0578188
0.543877 9.9973E-05 0.148565 9.9973E-05 9.9973E-05 0.307258
0.439253 0.034223 9.9991E-05 0.116924 0.0659732 0.343526
0.250671 9.9973E-05 0.101228 9.9973E-05 9.9973E-05 0.647801
0.565522 0.0967072 0.0203753 0.0729529 0.0202554 0.224187
0.0013122 0.619892 0.0653132 0.254129 9.9991E-05 0.0592532
0.0185581 0.767315 0.00868493 0.0844017 0.00179652 0.119244
9.9973E-05 0.807511 0.0450703 0.147118 9.9973E-05 9.9973E-05
9.9973E-05 0.804713 0.0732359 0.121751 9.9973E-05 9.9973E-05
0.0664296 0.710934 0.0402242 0.182212 9.9982E-05 9.9982E-05
9.9982E-05 0.0382836 9.9982E-05 0.151273 0.0581445 0.752099
0.124543 0.0789002 9.9982E-05 0.208749 9.9982E-05 0.587609
0.150447 9.9973E-05 0.0952142 9.9973E-05 9.9973E-05 0.754039
0.505554 0.134136 9.9982E-05 9.9982E-05 0.0376658 0.322444
0.625918 0.15494 9.9991E-05 0.0181872 0.0215211 0.179334
0.212767 0.0328101 0.113021 9.9991E-05 0.0549659 0.586336
0.611886 0.00119092 0.0868596 0.00360489 0.0599901 0.236469
0.349535 0.0462132 0.147018 9.9991E-05 0.0530803 0.404053
0.547563 0.0162991 0.112978 0.0329671 0.0311372 0.259056
0.533684 0.00386866 0.0047708 0.0725004 0.0771787 0.307998
0.253453 9.9982E-05 0.0890348 0.128101 9.9982E-05 0.529211
0.320737 9.9982E-05 0.0415064 0.0705451 9.9982E-05 0.567011
0.296514 9.9982E-05 9.9982E-05 0.14167 0.00262087 0.558996
0.602917 0.0736247 0.245747 0.0775111 9.9982E-05 9.9982E-05
0.359893 0.0564275 9.9973E-05 9.9973E-05 9.9973E-05 0.583379
0.420883 0.0504649 9.9991E-05 0.0239544 0.00132184 0.503276
0.368458 0.0224857 0.154474 9.9982E-05 0.454383 9.9982E-05
0.290023 0.110316 0.0904654 9.9991E-05 0.473857 0.0352387
0.405709 0.0820778 0.0878005 9.9982E-05 0.424213 9.9982E-05
0.268598 0.118601 0.11912 9.9982E-05 0.493481 9.9982E-05
0.467993 0.108178 9.9991E-05 0.0956637 0.30275 0.0253148
0.479347 0.0471741 0.217484 9.9982E-05 9.9982E-05 0.255794
0.0186261 0.234708 0.0884735 9.9982E-05 0.657993 9.9982E-05
0.281725 0.146372 0.0808697 9.9982E-05 0.490834 9.9982E-05
0.386721 0.197255 0.183846 9.9991E-05 0.125864 0.106213
0.607372 0.126444 0.258503 0.00748138 9.9982E-05 9.9982E-05
0.519389 0.138827 0.258646 0.0515656 0.00804691 0.0235256
0.607848 0.116486 0.139144 0.0534637 9.9991E-05 0.0829582
0.624481 0.0915256 0.0733275 0.12067 0.0217132 0.0682832
0.377196 0.177443 9.9973E-05 9.9973E-05 0.445062 9.9973E-05
0.352225 0.136305 0.0217324 0.104226 0.345709 0.0398022
0.453257 0.0926527 9.9973E-05 9.9973E-05 0.453791 9.9973E-05
0.365827 0.0635686 0.0411026 0.0424668 0.385861 0.101173
0.204536 0.0861934 0.0555657 9.9991E-05 0.567161 0.0864441
0.348815 0.195582 0.00886135 9.9991E-05 0.316462 0.130179
0.171802 0.130259 0.0332233 0.0244214 0.584264 0.0560299
0.429662 0.0483771 0.0655235 0.0699913 0.386346 9.9991E-05
0.561288 0.0579708 0.307136 9.9991E-05 0.0547658 0.0187392
0.332441 0.143877 0.119458 0.0830719 0.320859 0.000293741
0.232086 0.141242 0.00950949 9.9982E-05 0.616962 9.9982E-05
0.28206 0.178393 9.9991E-05 0.120518 0.383363 0.0355662
0.217916 0.158606 0.33492 0.220836 9.9991E-05 0.0676208
0.564155 0.000902405 0.317403 0.0343309 0.0831082 9.9991E-05
0.282119 0.208852 0.0403634 0.118062 0.284285 0.0663174
0.588039 0.0996651 0.236771 0.0714521 0.00397293 9.9991E-05
0.502469 0.117639 0.219628 0.0294711 0.013375 0.117418
0.281755 0.222958 9.9991E-05 0.013504 0.196705 0.284978
0.411275 0.220869 0.134473 9.9982E-05 0.233183 9.9982E-05
0.699286 0.0731598 0.104625 0.00173077 0.12019 0.00100883
0.323073 0.0800316 0.000593752 0.06574 0.437962 0.0926002
0.408057 0.0879584 0.0307487 9.9982E-05 0.473036 9.9982E-05
0.149263 0.18614 0.0594085 9.9982E-05 0.604988 9.9982E-05
0.647617 0.0927439 0.0763645 0.156846 9.9991E-05 0.0263291
0.488216 0.0975518 0.142313 0.18344 9.9991E-05 0.0883801
0.200003 0.103321 0.680393 9.9991E-05 0.00781582 0.00836713
0.609275 0.140657 0.0919678 0.036542 0.0165053 0.105052
0.44986 0.101829 0.119476 0.250006 0.0499347 0.0288948
0.445203 0.184366 0.121348 0.00909169 0.1607 0.0792909
0.366984 0.124844 0.142904 0.188557 0.150711 0.0259991
9.9973E-05 0.322024 0.483261 9.9973E-05 0.194415 9.9973E-05
9.9973E-05 0.286747 0.594453 9.9973E-05 0.1185 9.9973E-05
0.292792 0.137066 0.344188 0.114297 0.111557 9.9991E-05
0.0168515 0.367302 0.386531 9.9991E-05 0.219619 0.00959685
9.9973E-05 0.442986 0.332531 9.9973E-05 0.224182 9.9973E-05
0.406373 0.117075 0.284786 0.0190389 0.0977318 0.0749953
0.369475 0.204387 0.214824 9.9991E-05 0.130674 0.0805408
0.223012 0.274034 0.29897 0.0110625 0.184864 0.00805822
0.120669 0.267235 0.465853 9.9982E-05 0.146043 9.9982E-05
0.545186 0.0698635 0.189889 0.05814 0.10105 0.0358717
0.127589 0.251098 0.4313 9.9991E-05 0.116441 0.073473
9.9973E-05 0.458466 0.521641 9.9973E-05 0.0195938 9.9973E-05
0.445665 0.141076 0.0121718 0.147502 0.199867 0.0537182
0.32703 0.161106 0.213612 0.0554114 0.24274 9.9991E-05
0.535915 0.331453 0.00664091 9.9991E-05 0.0998331 0.0260589
0.569497 0.188742 0.0235735 9.9982E-05 0.217988 9.9982E-05
0.541409 0.142858 9.9991E-05 0.0103063 0.215572 0.0897554
0.444524 0.126108 0.115664 9.9982E-05 0.313504 9.9982E-05
0.418917 0.389312 0.0222316 9.9982E-05 0.169339 9.9982E-05
0.584326 0.239934 0.0442835 9.9991E-05 0.124275 0.00708209
0.354847 0.216929 9.9982E-05 9.9982E-05 0.346666 0.0813587
0.261948 0.236809 0.17425 0.0128153 0.28523 0.0289479
0.264414 0.165121 0.0300356 0.0870319 0.139271 0.314126
0.603842 0.158302 0.0584782 0.0547788 0.0747798 0.04982
0.515886 0.111739 0.0449539 0.121137 0.196934 0.00935006
0.662622 0.0822181 0.00830605 0.0296429 0.078995 0.138216
0.349545 0.329719 0.035808 9.9982E-05 0.284728 9.9982E-05
0.506867 0.153251 0.0654251 9.9991E-05 0.183461 0.090896
0.182128 0.337285 0.28592 9.9982E-05 0.194467 9.9982E-05
0.530793 0.0957088 9.9991E-05 0.0907243 0.247584 0.03509
0.222407 0.29535 0.18022 9.9982E-05 0.301823 9.9982E-05
9.9982E-05 0.782944 0.094563 0.11992 9.9982E-05 0.00237309
0.0439112 0.0615723 9.9991E-05 0.80399 0.0532071 0.0372197
9.9973E-05 0.0159981 9.9973E-05 0.97408 9.9973E-05 0.00962166
9.9964E-05 0.00526397 9.9964E-05 0.994336 9.9964E-05 9.9964E-05
9.996E-05 9.996E-05 9.996E-05 0.9995 9.996E-05 9.996E-05
0.0508617 9.9964E-05 9.9964E-05 0.948738 9.9964E-05 9.9964E-05
0.0922524 0.0400013 9.9982E-05 0.863563 9.9982E-05 0.00398324
9.9964E-05 0.0523829 9.9964E-05 0.947217 9.9964E-05 9.9964E-05
9.9964E-05 0.19316 9.9964E-05 0.80644 9.9964E-05 9.9964E-05
9.9991E-05 0.918109 0.00570109 0.0139566 0.0333399 0.028793
0.0174174 0.786469 9.9991E-05 0.0956815 0.0283681 0.0719644
0.00755368 0.906234 9.9982E-05 9.9982E-05 0.0603936 0.0256183
0.0727913 0.778399 9.9973E-05 0.14851 9.9973E-05 9.9973E-05
0.0122039 0.884054 9.9982E-05 0.0290425 0.0744999 9.9982E-05
9.9973E-05 0.928008 0.0392161 0.0324759 9.9973E-05 9.9973E-05
0.00871474 0.740288 9.9982E-05 0.105422 0.145375 9.9982E-05
0.0357208 0.844956 0.0125699 9.9991E-05 0.0733943 0.0332592
0.0455243 0.742362 9.9982E-05 0.159522 0.0523923 9.9982E-05
0.0310626 0.903978 9.9982E-05 9.9982E-05 0.0498746 0.0148849
9.9973E-05 0.92294 0.0210097 0.0557508 9.9973E-05 9.9973E-05
0.0310908 0.834765 0.0150545 0.0448571 0.0741329 9.9991E-05
9.9973E-05 0.96932 9.9973E-05 0.0127128 0.0176669 9.9973E-05
0.0363619 0.935724 0.000394611 9.9982E-05 0.02732 9.9982E-05
0.0962086 0.872333 9.9973E-05 9.9973E-05 9.9973E-05 0.0311589
0.136182 0.863418 9.9964E-05 9.9964E-05 9.9964E-05 9.9964E-05
0.0895263 0.795046 9.9973E-05 9.9973E-05 0.115127 9.9973E-05
0.135953 0.772636 9.9973E-05 9.9973E-05 0.0911114 9.9973E-05
0.13439 0.827418 9.9982E-05 9.9982E-05 0.0242817 0.0137106
0.442109 0.147697 0.265124 0.0700756 9.9991E-05 0.0748949
0.688492 0.0667059 0.19955 0.0369347 9.9991E-05 0.00821698
0.558526 0.0772652 0.12449 0.101461 0.0547904 0.0834679
0.110966 0.0395879 0.706988 0.0233511 0.00945174 0.109656
0.553178 0.0887915 0.247021 0.110809 9.9982E-05 9.9982E-05
0.154948 0.107067 0.737685 9.9973E-05 9.9973E-05 9.9973E-05
0.622494 0.0483624 0.328843 9.9973E-05 9.9973E-05 9.9973E-05
0.445416 0.0970913 0.206958 0.160874 9.9991E-05 0.0895605
0.546478 0.0678178 0.217035 0.096806 9.9991E-05 0.0717632
0.496734 0.0553478 9.9991E-05 0.0428136 0.050773 0.354231
0.489845 0.0611088 0.303116 0.139512 9.9991E-05 0.00631873
0.681586 0.0765668 0.241547 9.9973E-05 9.9973E-05 9.9973E-05
0.56428 0.0857591 0.233082 0.0969881 9.9991E-05 0.0197908
0.0187258 9.9991E-05 0.270028 0.528301 0.0871651 0.0956801
9.9973E-05 0.0123108 0.916298 0.0710914 9.9973E-05 9.9973E-05
0.186177 0.0853737 0.662133 0.0661162 9.9982E-05 9.9982E-05
0.615305 0.0922608 0.0948852 0.0735796 0.101375 0.0225943
0.608912 0.130473 0.232206 0.0282094 9.9982E-05 9.9982E-05
0.471694 0.175296 0.299253 0.0179626 9.9991E-05 0.0356936
0.597622 0.041908 0.24632 0.0171336 0.0969165 9.9991E-05
0.523655 0.190489 0.0910694 0.014033 0.180653 9.9991E-05
0.614896 0.198277 9.9982E-05 0.031772 0.154855 9.9982E-05
0.244683 0.39545 0.0975609 0.140177 0.118095 0.00403405
0.643057 0.136864 0.0322136 0.0944923 0.0432739 0.0500983
0.356302 0.200929 0.0635675 0.158092 0.151576 0.0695334
9.9973E-05 0.447758 0.396515 9.9973E-05 0.155428 9.9973E-05
0.320275 0.313223 0.133405 9.9991E-05 0.150705 0.0822918
0.262146 0.368622 9.9991E-05 0.000162441 0.165883 0.203087
0.483651 0.302349 0.0534928 0.093198 0.0663376 0.000971265
0.486134 0.152853 0.0439532 0.0434297 0.209523 0.0641079
0.47311 0.203703 0.0127062 0.059935 0.219498 0.0310485
0.641072 0.115412 0.100765 9.9991E-05 0.0859462 0.0567054
0.348104 0.163322 0.288093 0.0365931 0.13854 0.0253475
0.3016 0.493273 9.9991E-05 0.0023429 0.138444 0.0642404
