0.0191236 9.9982E-05 0.89618 0.00460092 9.9982E-05 0.0798958
9.9973E-05 0.0499877 0.927013 9.9973E-05 9.9973E-05 0.0226994
0.0363661 9.9982E-05 0.821344 0.117941 9.9982E-05 0.0241486
0.100292 9.9973E-05 0.753978 9.9973E-05 9.9973E-05 0.14543
0.0737368 9.9991E-05 0.825834 0.0293051 0.0384282 0.032596
0.0383066 0.0713365 0.616009 0.0398639 0.197977 0.0365067
0.0112528 9.9982E-05 0.82639 9.9982E-05 0.140222 0.0219347
0.0186999 9.9982E-05 0.718743 9.9982E-05 0.11727 0.145088
9.9982E-05 0.055129 0.824191 9.9982E-05 0.0429677 0.077512
0.0209111 9.9991E-05 0.735098 0.127362 0.0779049 0.0386238
9.9982E-05 9.9982E-05 0.729114 0.0488123 0.10665 0.115224
0.115345 0.202881 9.9991E-05 0.206211 0.00749397 0.467968
0.0614934 0.0736413 0.0425041 0.509258 9.9991E-05 0.313003
0.0695395 0.0434595 9.9991E-05 0.274955 0.105203 0.506744
0.173013 0.036914 9.9991E-05 0.325365 0.0715454 0.393062
0.154569 0.0442399 0.0849567 0.412714 0.0379615 0.265559
0.0732111 0.0601215 0.0602599 0.651878 0.0820837 0.072446
0.114327 0.109322 9.9991E-05 0.428407 0.0766662 0.271178
0.0759909 0.199994 0.104284 0.278236 9.9991E-05 0.341395
0.107461 0.0957372 9.9982E-05 9.9982E-05 0.129195 0.667407
0.098124 0.0854055 9.9991E-05 0.481959 0.0275147 0.306896
9.9991E-05 0.116726 0.0898075 0.520256 0.156483 0.116627
0.0137524 0.155823 0.0861106 0.545965 0.0157254 0.182624
0.139379 0.263792 9.9991E-05 0.203187 0.0601934 0.333348
0.0573634 0.0571239 0.0376135 0.638012 0.0138429 0.196044
0.063394 0.108472 0.0646957 0.56869 9.9991E-05 0.194648
0.163682 0.251517 0.00158426 0.128125 9.9991E-05 0.454991
0.249726 0.144571 0.0112647 0.125888 9.9991E-05 0.468452
0.0612524 0.238436 9.9991E-05 0.16124 0.0826036 0.456369
0.0206481 9.9973E-05 0.837686 0.141366 9.9973E-05 9.9973E-05
9.9964E-05 9.9964E-05 0.850318 0.149282 9.9964E-05 9.9964E-05
0.0565281 0.0056472 0.774213 0.133313 9.9991E-05 0.0301985
0.0131416 0.0648798 0.766918 0.154861 9.9982E-05 9.9982E-05
9.999E-05 0.264856 0.0543013 0.533396 0.0482391 0.0991082
0.0757979 0.37084 0.0945274 0.458635 9.9982E-05 9.9982E-05
0.0306594 0.409361 0.0686361 0.491143 9.9982E-05 9.9982E-05
0.0699651 0.1331 0.0568355 0.144433 0.0270242 0.568643
0.000589411 0.583808 9.9991E-05 0.361317 0.0367192 0.0174664
0.0734476 0.196753 0.0339216 0.498756 9.9991E-05 0.197021
0.118684 0.178775 0.0247369 0.658531 0.0191734 9.9991E-05
9.9991E-05 0.141057 0.131135 0.585776 0.0654383 0.0764948
9.9982E-05 0.102115 0.0884378 0.604918 9.9982E-05 0.204329
9.9991E-05 0.719687 0.0212978 0.0915098 0.0394787 0.127927
0.0502835 0.0321087 0.0890901 0.64473 0.14674 0.0370477
0.148452 0.235933 9.9991E-05 0.522036 0.0430672 0.0504118
0.0351422 0.186634 0.101873 0.548012 0.128238 9.9991E-05
0.006291 0.737473 9.9982E-05 0.209398 0.0466377 9.9982E-05
0.0677087 0.314816 0.0470002 0.563991 0.00638491 9.9991E-05
0.0629907 0.280612 0.128062 0.528135 9.9982E-05 9.9982E-05
9.9973E-05 0.650915 0.0676679 9.9973E-05 0.281118 9.9973E-05
0.00298486 0.226985 9.9991E-05 0.211374 0.164134 0.394421
0.00715438 0.117993 9.9991E-05 0.110386 0.512007 0.25236
0.102513 0.0296517 0.0787928 0.589489 0.0731877 0.126365
0.0765029 0.134536 0.0674638 0.587768 0.077153 0.0565763
0.0852247 0.0635089 0.0392255 0.617109 0.150792 0.0441399
0.0580918 0.198525 0.0607574 0.111735 0.134405 0.436486
0.034902 0.0577547 0.0176099 0.594962 0.032404 0.262367
0.0612858 9.9991E-05 0.106345 0.627094 0.143105 0.06207
0.0589489 0.18068 0.142149 0.333293 0.064278 0.22065
0.0568668 0.0215389 0.184746 0.136725 0.200476 0.399648
9.9991E-05 0.265102 0.101591 0.545293 0.0319343 0.0559797
0.0348798 9.9991E-05 0.136078 0.464134 0.0930468 0.271762
9.9991E-05 0.259417 0.0324374 0.0366971 0.138435 0.532913
9.9991E-05 0.0743737 0.00312929 0.557119 0.0982133 0.267064
0.0506153 9.9991E-05 0.042194 0.668802 0.156439 0.0818491
0.0408036 0.0994704 0.110032 0.535113 0.00558157 0.208999
0.0621969 0.277483 0.0400041 0.263259 0.082035 0.275022
0.0201986 0.147529 0.00325552 0.505767 0.142436 0.180813
0.0390615 0.116094 0.0704214 0.605714 0.0841806 0.0845292
9.9991E-05 0.236191 0.0256747 0.234364 0.119032 0.384638
9.9982E-05 0.44353 9.9982E-05 0.49155 0.0500247 0.0146952
0.031869 0.76974 0.0102684 0.137038 9.9991E-05 0.0509848
0.0215722 0.345237 0.136167 0.496823 9.9982E-05 9.9982E-05
9.9964E-05 0.851913 9.9964E-05 9.9964E-05 0.147687 9.9964E-05
9.9964E-05 0.811032 9.9964E-05 9.9964E-05 0.188568 9.9964E-05
9.9973E-05 0.749514 9.9973E-05 0.197328 0.0528586 9.9973E-05
9.9982E-05 0.495578 0.0264072 0.413155 0.0646606 9.9982E-05
9.9991E-05 0.277682 0.104501 0.587758 0.00466995 0.025289
0.0605991 0.402433 0.0341475 0.424037 9.9991E-05 0.0786836
0.0123645 0.588995 0.0659105 0.14266 9.9991E-05 0.18997
9.9982E-05 0.494744 0.0350866 0.241435 9.9982E-05 0.228535
9.9991E-05 0.19035 0.10632 0.552243 0.056502 0.0944845
0.0303496 0.714759 0.0445533 0.210138 9.9982E-05 9.9982E-05
9.9982E-05 0.460688 0.0540609 0.43724 0.0478105 9.9982E-05
9.9973E-05 0.564855 9.9973E-05 0.381198 0.0536472 9.9973E-05
0.0118411 0.671846 9.9973E-05 9.9973E-05 0.316012 9.9973E-05
0.0310716 0.335861 0.0297953 0.574746 0.00317998 0.0253467
0.0477795 0.00545336 0.793499 0.0379572 9.9991E-05 0.115211
9.9964E-05 9.9964E-05 0.908413 0.0911869 9.9964E-05 9.9964E-05
0.028033 9.9973E-05 0.85409 0.117577 9.9973E-05 9.9973E-05
9.9982E-05 0.0144389 0.953103 0.0295396 0.00271822 9.9982E-05
0.00789171 0.00123484 0.905247 0.0854266 9.9982E-05 9.9982E-05
0.0248446 0.0420876 0.892216 0.0359318 0.00482035 9.9991E-05
0.03065 9.9973E-05 0.904338 0.0647118 9.9973E-05 9.9973E-05
0.125858 0.385469 0.0768608 0.390457 9.9991E-05 0.0212553
0.10681 0.309731 0.0802033 0.446263 9.9991E-05 0.0568931
9.9982E-05 0.859646 0.0242395 9.9982E-05 0.0523179 0.0635971
0.0870122 0.19447 0.0473998 0.516246 0.101051 0.0538211
0.0171209 0.471548 0.00750195 0.407432 9.9991E-05 0.0962967
0.0548792 0.378224 0.0317597 0.534937 9.9982E-05 9.9982E-05
0.0367242 0.319009 0.00690503 0.588248 0.049014 9.9991E-05
0.0963831 0.538801 9.9973E-05 0.364516 9.9973E-05 9.9973E-05
9.9973E-05 0.777704 0.074257 9.9973E-05 9.9973E-05 0.147739
0.0445011 0.25496 0.12189 0.51513 0.0234922 0.0400268
9.9991E-05 0.177805 0.0466991 0.604744 0.102891 0.0677615
0.121548 0.215557 0.10013 0.502679 9.9991E-05 0.0599858
9.9991E-05 0.625681 0.018618 0.268467 0.0700395 0.017095
9.9991E-05 0.304249 0.0250337 0.580025 0.0849265 0.00566565
9.9982E-05 0.460124 0.0246504 0.427697 9.9982E-05 0.0873289
0.0677429 0.626182 9.9982E-05 0.301571 0.00430392 9.9982E-05
9.9982E-05 0.405909 0.0819116 0.437426 9.9982E-05 0.0745537
9.9991E-05 0.202292 0.0793607 0.576112 0.0760317 0.0661031
0.0312517 0.0830018 0.0227625 0.229278 0.195261 0.438445
0.0574767 0.0892847 0.13559 0.426324 0.0186318 0.272693
0.0797305 0.109347 0.0694504 0.443077 0.0704761 0.227919
0.139144 0.0999672 0.0814524 0.576584 9.9991E-05 0.102752
9.9973E-05 9.9973E-05 0.0713516 0.521711 9.9973E-05 0.406638
0.0403016 0.0403749 0.00391027 0.567092 0.00414244 0.344179
0.020132 0.0411964 9.9982E-05 0.504965 9.9982E-05 0.433507
9.9991E-05 0.0401977 0.134002 0.569918 0.106788 0.148994
0.00622914 0.108965 0.150649 0.62866 9.9991E-05 0.105397
9.9982E-05 0.120128 0.0343634 0.630934 9.9982E-05 0.214375
9.9973E-05 0.0549153 9.9973E-05 0.544782 9.9973E-05 0.400003
0.0639582 9.9991E-05 0.0717425 0.606954 0.163013 0.0942323
0.116616 0.0988245 0.060702 0.506759 0.140174 0.0769244
0.0573373 0.170675 9.9982E-05 0.582065 9.9982E-05 0.189723
0.0460749 0.109862 0.0644963 0.54563 0.162152 0.0717848
0.0888702 0.0683418 9.9982E-05 0.596635 9.9982E-05 0.245953
9.9982E-05 9.9982E-05 0.0819466 0.432721 0.172527 0.312605
0.103005 0.0183878 9.9991E-05 0.607305 0.0684377 0.202764
0.0333029 9.9991E-05 0.0127062 0.757105 0.0152771 0.181509
0.124365 0.195237 9.9991E-05 0.234002 0.00129896 0.444997
0.0748163 0.141551 0.0147258 0.193067 0.351547 0.224292
0.089362 0.0951924 0.0155764 0.464161 0.0666919 0.269016
9.9982E-05 0.0925491 9.9982E-05 0.173333 0.417246 0.316672
9.9991E-05 0.222452 0.0796863 0.272676 0.031023 0.394063
9.9982E-05 0.108196 9.9982E-05 0.492664 0.0256752 0.373264
9.9991E-05 0.190229 0.0275025 0.374153 0.0215655 0.386451
0.0126813 0.0959845 9.9991E-05 0.331923 0.0206741 0.538637
0.10238 0.0962611 0.0331667 0.551708 0.0195677 0.196917
0.0974012 0.0730325 0.113699 0.553348 0.0608818 0.101638
0.0350318 0.120741 0.0748391 0.564361 9.9991E-05 0.204927
0.0482506 0.0455279 9.9991E-05 0.182341 0.380566 0.343215
0.00250301 0.185084 0.163859 0.466115 0.0761405 0.106299
0.0412154 0.141905 0.0334494 0.517175 0.246961 0.0192936
9.9991E-05 0.133415 0.161055 0.0169262 0.571675 0.116829
0.0416422 0.174868 0.0910876 0.574947 0.0957408 0.0217145
0.0265485 0.25837 0.110444 0.368124 0.236413 9.9991E-05
0.0931371 0.12114 0.0546407 0.454696 0.214446 0.0619401
9.9991E-05 0.0676205 0.0857484 0.28271 0.401264 0.162557
9.9991E-05 0.0151048 0.0810076 0.260072 0.495698 0.148018
9.9991E-05 0.0589111 0.0449896 0.541749 0.269232 0.0850175
0.183998 0.121783 0.00355518 0.386168 0.185308 0.119188
0.0598852 0.146604 0.138413 0.412414 0.149759 0.0929255
0.185738 0.15501 0.0400451 9.9991E-05 0.45073 0.168377
0.0124256 0.087756 0.0648203 0.67093 0.161035 0.0030335
9.9982E-05 0.11647 9.9982E-05 0.37288 0.310367 0.200083
9.9982E-05 0.132573 9.9982E-05 0.464873 0.261445 0.140908
0.0337784 0.0819255 0.16281 0.589472 0.131913 9.9991E-05
0.187392 9.9982E-05 0.367756 0.203045 0.241607 9.9982E-05
0.124406 9.9973E-05 0.505575 9.9973E-05 0.369719 9.9973E-05
0.148258 9.9973E-05 0.420827 9.9973E-05 0.430615 9.9973E-05
0.298709 9.9991E-05 0.418662 0.108534 0.165714 0.00828139
9.9973E-05 0.0189315 9.9973E-05 0.665871 0.314897 9.9973E-05
9.9982E-05 0.0943446 0.170198 0.617436 0.117821 9.9982E-05
0.735921 9.9973E-05 9.9973E-05 0.228839 9.9973E-05 0.0349402
0.491961 0.177199 9.9982E-05 0.270304 9.9982E-05 0.0603361
0.464338 0.0238703 0.0366401 0.329925 0.0813972 0.0638294
9.9982E-05 0.0510946 9.9982E-05 0.394361 0.515182 0.0391622
0.0723836 0.120393 0.127939 0.547153 0.132031 9.9991E-05
0.0231426 0.0833417 0.00798493 0.223224 0.655572 0.00673442
9.9973E-05 0.0754023 9.9973E-05 0.671989 0.252308 9.9973E-05
0.0107054 0.0235462 0.0382957 0.517967 0.345569 0.0639168
0.0260941 0.0533328 0.00356628 0.56497 0.253785 0.0982523
9.9982E-05 0.0566373 9.9982E-05 0.23253 0.62704 0.0835932
0.0803875 0.0998368 0.0400783 0.595409 0.184188 9.99933E-05
0.113597 9.9991E-05 0.101014 0.531471 0.229134 0.0246841
0.9434 0.0227256 9.9982E-05 0.0218732 0.0118015 9.9982E-05
0.915417 9.9973E-05 9.9973E-05 0.0731167 9.9973E-05 0.0111662
0.610164 0.120733 0.0648659 0.174608 0.0153495 0.0142793
0.668103 0.00130543 9.9982E-05 0.313302 9.9982E-05 0.0170896
0.830956 0.0548078 9.9982E-05 0.110273 0.0037629 9.9982E-05
0.9995 9.996E-05 9.996E-05 9.996E-05 9.996E-05 9.996E-05
0.979308 0.00700437 9.9973E-05 9.9973E-05 9.9973E-05 0.0133882
0.899134 9.9964E-05 9.9964E-05 0.100466 9.9964E-05 9.9964E-05
0.959263 9.9964E-05 9.9964E-05 9.9964E-05 9.9964E-05 0.040337
0.9995 9.996E-05 9.996E-05 9.996E-05 9.996E-05 9.996E-05
0.9995 9.996E-05 9.996E-05 9.996E-05 9.996E-05 9.996E-05
0.767825 9.9982E-05 0.0135556 0.18803 9.9982E-05 0.0303896
0.806733 9.9982E-05 0.0464026 0.105172 9.9982E-05 0.0414928
0.990618 0.00898241 9.9964E-05 9.9964E-05 9.9964E-05 9.9964E-05
0.374892 0.218726 0.0726505 0.272403 9.9991E-05 0.0612292
0.680072 0.0986975 0.0218895 0.126872 9.9991E-05 0.0723689
0.747511 9.9982E-05 0.0580086 0.159007 9.9982E-05 0.0352736
0.941844 0.0151089 9.9973E-05 0.0427468 9.9973E-05 9.9973E-05
0.9995 9.996E-05 9.996E-05 9.996E-05 9.996E-05 9.996E-05
0.848786 9.9982E-05 0.0540711 0.0722486 9.9982E-05 0.0246943
0.981765 9.9964E-05 9.9964E-05 9.9964E-05 0.0178349 9.9964E-05
0.621327 0.00128641 0.021159 0.204406 0.034098 0.117723
0.93481 0.0587836 9.9982E-05 9.9982E-05 0.00157428 0.00463168
0.0591914 0.00950705 0.344618 9.9982E-05 0.586484 9.9982E-05
0.151822 9.9991E-05 0.178965 0.356886 0.176302 0.135924
0.0451166 0.104386 0.278709 0.370111 0.201578 9.9991E-05
0.102186 9.9982E-05 0.235881 0.200472 0.46126 9.9982E-05
0.106824 0.0417513 0.0946434 0.484681 0.217184 0.0549163
0.0976148 0.0301497 0.300874 0.236302 0.334959 9.9991E-05
0.116031 0.0232888 0.172209 0.407352 0.175682 0.105437
0.131421 0.0224171 0.144244 0.398264 0.303554 9.9991E-05
0.138382 0.0182719 0.203793 0.473506 0.165947 9.9991E-05
0.216555 9.9982E-05 0.104419 0.29792 0.380906 9.9982E-05
0.178582 0.035597 0.118641 0.486489 0.158645 0.0220452
9.9991E-05 0.0697854 0.831465 0.0376456 0.0286849 0.032319
0.0696948 9.9973E-05 0.901028 9.9973E-05 0.028977 9.9973E-05
9.9964E-05 0.0232669 0.976333 9.9964E-05 9.9964E-05 9.9964E-05
9.9964E-05 9.9964E-05 0.950267 9.9964E-05 9.9964E-05 0.0493332
9.9973E-05 9.9973E-05 0.901541 0.0373456 9.9973E-05 0.060813
0.0677547 0.0162044 0.898366 9.9982E-05 0.0174746 9.9982E-05
0.0673386 0.0176608 0.886696 0.0281042 9.9982E-05 9.9982E-05
9.9982E-05 0.0641899 0.888143 0.0118808 0.0355866 9.9982E-05
9.9964E-05 0.0660603 0.93354 9.9964E-05 9.9964E-05 9.9964E-05
0.0867341 9.9982E-05 0.883895 0.00883279 0.0203383 9.9982E-05
9.9973E-05 0.172506 0.628574 9.9973E-05 9.9973E-05 0.198619
0.0064052 0.121413 0.595566 9.9982E-05 9.9982E-05 0.276416
9.9982E-05 0.0547876 0.518604 9.9982E-05 0.128335 0.298073
9.9982E-05 0.118104 0.475886 9.9982E-05 0.0706047 0.335205
0.000743622 0.2603 0.0550661 0.478265 9.9991E-05 0.205525
0.0383091 0.34386 0.00802646 0.491082 0.036421 0.0823014
0.0255951 0.197121 0.0299699 0.508101 0.0548718 0.184341
9.9991E-05 0.205346 0.0692931 0.456108 0.0466982 0.222455
0.0288276 0.112088 9.9991E-05 0.123127 0.03289 0.702967
0.0345555 0.184281 0.0235352 0.604774 0.0757052 0.077149
0.00343931 0.239889 9.9991E-05 0.580569 0.0465041 0.129499
9.9982E-05 0.231629 9.9982E-05 0.523065 0.0911917 0.153914
0.0286609 0.510924 9.9982E-05 0.385746 0.0744694 9.9982E-05
0.0474449 0.206857 0.0376097 0.614773 0.0123968 0.080918
0.0125133 0.422539 9.9982E-05 0.375024 9.9982E-05 0.189723
9.9973E-05 0.680259 9.9973E-05 9.9973E-05 0.253532 0.0659085
0.0253395 0.106624 0.0494806 0.632867 0.063207 0.122483
9.9982E-05 0.439612 9.9982E-05 0.285362 0.273119 0.00170646
9.9982E-05 0.388296 0.017057 0.555814 9.9982E-05 0.0386332
9.9982E-05 0.70594 0.0472677 0.0608214 9.9982E-05 0.185771
9.9982E-05 9.9982E-05 0.120297 0.00332343 0.125992 0.750188
9.9982E-05 9.9982E-05 0.0884884 0.11047 0.132692 0.66815
9.9982E-05 9.9982E-05 0.0324099 0.0339001 0.0956237 0.837866
9.9982E-05 0.031375 0.112461 9.9982E-05 0.100377 0.755587
9.9973E-05 9.9973E-05 9.9973E-05 0.0567619 0.135071 0.807867
0.0563197 9.9991E-05 0.0442387 0.0551198 0.0726197 0.771602
0.0467928 0.00589683 0.863125 0.0839858 9.9982E-05 9.9982E-05
0.0496409 9.9982E-05 0.783075 0.0421036 9.9982E-05 0.124981
0.0734649 9.9973E-05 0.802945 0.12329 9.9973E-05 9.9973E-05
0.0932695 9.9982E-05 0.723898 0.0516851 9.9982E-05 0.130948
0.100731 9.9982E-05 0.788641 0.0640297 9.9982E-05 0.046398
9.9982E-05 0.00405142 0.381658 9.9982E-05 0.0394587 0.574632
9.9982E-05 0.033134 0.442188 9.9982E-05 0.142157 0.382321
9.9982E-05 0.0850773 0.431198 9.9982E-05 0.032014 0.45151
0.0495054 9.9982E-05 0.83404 0.100388 9.9982E-05 0.0158666
9.9982E-05 0.0181953 0.33956 9.9982E-05 0.0971827 0.544862
0.356805 9.9982E-05 0.170773 0.302674 0.169547 9.9982E-05
0.139598 9.9982E-05 0.207234 0.584174 9.9982E-05 0.0687937
0.294109 9.9973E-05 0.176312 0.529278 9.9973E-05 9.9973E-05
0.240158 0.0201554 0.283988 0.332135 0.123463 9.9991E-05
0.0946308 0.0306277 0.197455 0.5747 0.0885535 0.014033
0.284325 9.9973E-05 0.457344 9.9973E-05 0.258031 9.9973E-05
9.9991E-05 0.195733 0.00708118 0.387329 0.060718 0.349039
9.9982E-05 0.0829503 9.9982E-05 0.404674 0.313423 0.198752
9.9982E-05 0.112213 0.0729707 0.23796 9.9982E-05 0.576657
0.0454458 0.11395 9.9991E-05 0.473682 0.168215 0.198607
9.9973E-05 0.141984 9.9973E-05 9.9973E-05 0.687207 0.170509
9.9982E-05 9.9982E-05 0.0736361 0.632305 0.0694278 0.224431
9.9991E-05 0.0653259 0.0198779 0.529103 0.124602 0.26099
9.9991E-05 0.116057 0.00971017 0.371736 0.0688456 0.433551
0.0644978 0.0957885 0.108907 0.583615 9.9991E-05 0.147091
9.9982E-05 0.179331 9.9982E-05 0.186721 0.344612 0.289136
0.0243213 0.108621 0.00528676 0.482778 0.198896 0.180097
0.0572461 0.0886262 9.9982E-05 0.548922 9.9982E-05 0.305006
0.185614 0.122668 0.112463 0.407806 0.0573414 0.114107
9.9982E-05 0.112312 9.9982E-05 0.44127 0.150789 0.295429
0.0233858 0.13118 0.00285329 0.437638 0.0946252 0.310318
0.0830856 0.0765862 9.9991E-05 0.55071 0.211822 0.0776965
9.9991E-05 0.144694 0.0534335 0.569776 0.119676 0.11232
0.100497 0.079327 9.9991E-05 0.565724 0.083821 0.170531
0.0944893 0.0212887 0.130885 0.489356 0.0797739 0.184207
0.0894618 0.0217943 0.0312451 0.539179 0.161552 0.156768
0.059657 9.9973E-05 0.797904 0.142139 9.9973E-05 9.9973E-05
0.011566 9.9973E-05 0.849619 0.138515 9.9973E-05 9.9973E-05
9.9991E-05 0.0926631 0.807759 0.0525208 0.010596 0.0363608
0.0183818 0.0923449 0.848136 0.0339074 9.9991E-05 0.00712971
0.0267824 9.9973E-05 0.84451 0.128408 9.9973E-05 9.9973E-05
0.094675 0.0952018 9.9991E-05 0.207341 0.0173346 0.585347
0.161746 0.0799155 9.9991E-05 0.456642 0.09366 0.207936
0.230586 0.0791255 0.137895 0.451071 0.0448219 0.0565002
0.12997 0.0538523 9.9991E-05 0.54688 0.0823858 0.186811
0.0385529 0.159255 0.066054 0.521575 9.9991E-05 0.214464
0.0552369 9.9982E-05 9.9982E-05 0.36538 0.265065 0.314117
9.9982E-05 0.143712 0.106858 9.9982E-05 0.116187 0.633043
0.0594806 0.0902722 9.9982E-05 0.482304 9.9982E-05 0.367743
0.104525 0.0972049 0.0154954 0.105939 0.0547885 0.622047
9.9991E-05 0.109806 0.0495913 0.452731 0.223925 0.163847
0.0888228 0.115873 0.132537 0.0500536 0.0762967 0.536417
0.0433614 0.0165324 0.0486981 0.663146 0.0309276 0.197335
0.011994 0.146558 0.0862494 0.22837 9.9991E-05 0.526728
0.0906636 0.0665961 0.0443103 0.311168 0.218929 0.268333
9.9991E-05 0.0860311 0.0879466 0.534954 0.211865 0.0791033
9.9982E-05 9.9982E-05 0.033932 0.361376 0.515074 0.0894179
0.0092768 0.101144 0.0448622 0.52624 0.1747 0.143776
9.9982E-05 0.0287866 0.219022 0.525697 0.226295 9.9982E-05
9.9973E-05 9.9973E-05 9.9973E-05 0.456662 0.483896 0.0591419
0.0062087 0.156339 0.0972544 0.574932 0.148259 0.0170073
9.9973E-05 9.9973E-05 0.045059 0.610254 0.344387 9.9973E-05
9.9982E-05 0.0717034 9.9982E-05 0.189784 0.654101 0.0842115
9.9982E-05 0.0295783 9.9982E-05 0.314544 0.618853 0.0368246
9.9982E-05 0.0431913 9.9982E-05 0.528112 0.380871 0.0476257
9.9991E-05 0.121675 0.000734721 0.175131 0.536763 0.165595
9.9982E-05 0.0370593 9.9982E-05 0.50545 0.314126 0.143165
0.0105167 0.190815 9.9991E-05 0.151613 0.0469922 0.599963
9.9982E-05 0.0314736 9.9982E-05 0.322776 0.287565 0.357985
0.0895143 0.15326 0.0255091 0.280169 0.0165945 0.434953
0.117765 9.9991E-05 0.00471983 0.577433 0.11821 0.181772
0.00741343 0.212023 9.9991E-05 0.253319 0.0150167 0.512128
0.0727432 0.0590785 0.0788343 0.539548 0.146995 0.102801
0.1359 9.9982E-05 0.0670549 0.574664 9.9982E-05 0.222181
0.0548719 0.0438849 0.0216224 0.560758 0.0660418 0.252822
0.0902117 0.109716 9.9982E-05 0.484833 9.9982E-05 0.315039
0.0413456 0.192978 0.0508977 0.406451 0.0100401 0.298288
0.0970974 0.225533 9.9982E-05 0.186352 9.9982E-05 0.490818
0.105322 0.155102 9.9982E-05 0.268296 9.9982E-05 0.47108
9.9973E-05 9.9973E-05 9.9973E-05 0.675462 0.0696391 0.254599
0.0672217 0.022819 9.9991E-05 0.680428 0.0892981 0.140133
9.9991E-05 0.0648227 0.059889 0.441619 0.1675 0.26607
0.0929665 0.0522764 9.9991E-05 0.5615 0.067495 0.225663
0.0168488 9.9991E-05 0.120226 0.442855 0.0348727 0.385097
0.0126681 0.0661254 0.00249575 0.673285 0.0403146 0.205111
0.134923 0.0460559 0.00188669 0.46221 0.126092 0.228832
0.0503112 0.00284238 0.0826755 0.582251 0.0844414 0.197479
0.128986 0.0514342 0.343506 0.445187 0.0307865 9.9991E-05
0.255944 0.113428 0.144745 0.426588 0.0591953 9.9991E-05
0.130653 0.105821 0.153439 0.449725 0.0816419 0.0787195
0.130013 0.0820097 0.0649707 0.548479 0.0975816 0.0769461
0.216345 0.107086 0.191051 0.449707 0.0204763 0.0153353
0.00730838 9.9982E-05 9.9982E-05 0.520808 0.272762 0.198921
0.192801 0.162544 0.183397 0.395294 0.0351327 0.0308315
0.124828 0.187558 0.291656 9.9982E-05 0.395759 9.9982E-05
0.229521 0.0972393 0.0963554 0.465171 0.00682084 0.104892
0.157737 9.9991E-05 0.0401908 0.532282 0.120769 0.148921
0.274089 9.9991E-05 0.0244365 0.419152 0.173945 0.108278
0.148191 0.107804 0.202004 0.298654 0.147757 0.0955894
0.186939 0.0338807 0.223681 0.531688 0.0237123 9.9991E-05
0.220021 9.9982E-05 0.165843 0.582742 0.0311937 9.9982E-05
0.172417 9.9973E-05 0.474548 9.9973E-05 0.352735 9.9973E-05
0.142205 0.00151488 0.237996 0.604915 0.0132693 9.9991E-05
0.204385 9.9991E-05 0.184375 0.50896 0.0642834 0.0378965
0.149424 0.0280706 0.0990721 0.59619 0.0649885 0.0622543
0.141505 9.9982E-05 0.209984 0.611146 0.037165 9.9982E-05
0.130254 0.0273018 0.160427 0.512323 0.0131038 0.15659
0.0131588 0.0246492 9.9991E-05 0.527393 0.388141 0.0465574
0.0912792 0.0672425 0.0421112 0.4667 0.203055 0.129612
9.9982E-05 0.331956 9.9982E-05 0.0290033 0.597361 0.0414798
9.9982E-05 0.181183 9.9982E-05 0.0280002 0.709305 0.0813118
9.9991E-05 0.0610861 0.0972558 0.572476 0.193616 0.0754662
0.352264 9.9991E-05 0.107249 0.359139 0.162313 0.0189359
0.376855 9.9982E-05 0.0921481 0.282534 0.248263 9.9982E-05
0.302843 0.0019179 0.194766 0.152103 0.34827 9.9991E-05
0.258846 0.0146017 0.151991 0.403177 0.171285 9.9991E-05
0.0703991 9.9982E-05 0.0616144 0.146889 0.720898 9.9982E-05
0.0686059 9.9982E-05 0.104135 0.263162 0.563897 9.9982E-05
0.149764 0.0952826 9.9991E-05 0.52542 0.186721 0.0427128
0.139988 0.0435329 0.0286978 0.471799 0.294478 0.0215046
0.149459 0.0356693 0.0533938 0.23841 0.522968 9.9991E-05
0.107171 0.0279947 9.9991E-05 0.572637 0.188606 0.103492
0.0816519 0.075149 0.0211514 0.554746 0.267202 9.9991E-05
0.13302 0.0373331 0.0254598 0.60948 0.169654 0.0250528
9.9982E-05 0.0991168 9.9982E-05 0.360587 0.435459 0.104638
0.0879312 0.133789 9.9991E-05 0.339355 0.373332 0.0654928
0.00856939 0.113057 0.0224152 0.546935 0.18911 0.119914
0.0533638 0.0757427 0.0690923 0.416522 0.276252 0.109028
0.0963868 0.0444649 0.0601976 0.458358 0.256649 0.0839442
9.9982E-05 0.0582075 9.9982E-05 0.562862 0.354844 0.023886
9.9982E-05 0.0839344 9.9982E-05 0.249709 0.532377 0.133779
9.9982E-05 0.151941 0.0730995 0.5885 0.18626 9.9982E-05
0.00511588 0.152883 9.9991E-05 0.270717 0.52191 0.0492741
0.00539386 0.0442287 9.9991E-05 0.500665 0.430211 0.019401
0.0539995 0.174083 0.071154 0.548586 0.141212 0.0109655
0.00443127 0.117901 0.00396607 0.564701 0.257098 0.0519032
0.247067 0.0359368 0.146458 0.480919 0.0689437 0.0206759
0.215648 0.0336907 0.0394876 0.374196 0.304093 0.0328838
0.282416 0.0509202 0.153189 0.349012 0.113206 0.0512576
0.238594 0.0347097 0.144764 0.362202 0.1276 0.0921313
0.154671 0.0466622 0.188696 0.466137 0.0914564 0.0523777
0.155669 0.00737401 0.104663 0.460594 0.229588 0.0421119
0.17119 9.9982E-05 0.145374 9.9982E-05 0.6486 0.0346358
0.161641 9.9982E-05 0.025739 0.67638 0.13604 9.9982E-05
0.139924 9.9973E-05 0.34242 9.9973E-05 0.517355 9.9973E-05
0.264388 9.9982E-05 0.0275701 0.448833 0.259009 9.9982E-05
9.9973E-05 0.312468 9.9973E-05 0.0983568 0.588875 9.9973E-05
9.9973E-05 0.283312 9.9973E-05 9.9973E-05 0.689292 0.0270959
9.9982E-05 0.169451 9.9982E-05 0.517036 0.273933 0.0393801
0.00368827 0.0761974 9.9982E-05 0.652328 0.267586 9.9982E-05
9.9982E-05 0.183539 9.9982E-05 0.386109 0.414878 0.0152745
0.0273054 0.237143 9.9982E-05 0.5756 0.159751 9.9982E-05
0.0232427 0.0879312 9.9991E-05 0.556062 0.328937 0.00372786
0.096032 0.0666845 0.784824 0.0363414 9.9991E-05 0.0160177
0.105887 9.9973E-05 0.725236 9.9973E-05 9.9973E-05 0.168577
0.0871611 9.9973E-05 0.864739 9.9973E-05 9.9973E-05 0.0478002
0.000794505 9.9973E-05 0.947516 0.0513895 9.9973E-05 9.9973E-05
0.0178855 0.239322 0.0801621 0.510016 0.080873 0.0717413
0.0522538 0.446726 0.0630957 0.437724 9.9982E-05 9.9982E-05
9.9973E-05 0.555808 0.0177395 0.426153 9.9973E-05 9.9973E-05
9.9982E-05 0.283411 0.101814 0.593975 9.9982E-05 0.0205999
0.0152568 0.240328 0.132487 0.469422 0.115527 0.0269794
0.0352862 0.634377 0.0459906 0.132141 0.0465434 0.105662
0.0461609 0.324517 9.9973E-05 0.629022 9.9973E-05 9.9973E-05
9.9973E-05 0.456506 9.9973E-05 0.35018 0.193014 9.9973E-05
0.177149 9.9991E-05 0.25105 0.495653 0.065656 0.010392
0.0960118 0.430899 9.9982E-05 0.330928 0.141962 9.9982E-05
9.9982E-05 0.569517 0.0263447 0.325034 9.9982E-05 0.078904
9.9982E-05 0.346467 9.9982E-05 0.616567 0.0235809 0.0131847
0.0110769 0.526718 0.0330122 0.361953 9.9991E-05 0.0671397
0.0497955 0.368054 9.9982E-05 0.5542 0.02775 9.9982E-05
0.00556291 0.395631 0.0910067 0.507599 9.9982E-05 9.9982E-05
9.9973E-05 0.905763 9.9973E-05 0.0408356 0.0531014 9.9973E-05
0.0133434 0.557342 0.0245717 0.258344 0.144874 0.0015251
9.9973E-05 0.637422 9.9973E-05 0.301214 0.0610643 9.9973E-05
9.9964E-05 0.75628 9.9964E-05 9.9964E-05 0.24332 9.9964E-05
9.9991E-05 0.403732 0.0868118 0.369262 0.0381175 0.101977
9.9973E-05 0.523729 9.9973E-05 0.0954959 0.380475 9.9973E-05
9.9964E-05 0.687008 9.9964E-05 9.9964E-05 0.312593 9.9964E-05
0.0416861 0.357372 0.0723562 0.479213 0.0492725 9.9991E-05
0.0117738 0.683833 9.9991E-05 0.167934 0.0239415 0.112417
0.115293 0.497687 9.9991E-05 0.345395 0.00307606 0.0384495
0.0908498 0.176932 0.0930011 0.52561 0.0852819 0.0283249
9.9982E-05 0.374091 0.055066 0.538341 9.9982E-05 0.0323022
0.046536 9.9982E-05 9.9982E-05 0.422267 0.292379 0.238618
0.00292629 0.385734 0.047577 0.552427 9.9991E-05 0.0112362
0.0104201 0.316718 0.029607 0.472974 9.9991E-05 0.170181
9.9973E-05 0.650579 9.9973E-05 0.284292 0.0648288 9.9973E-05
0.069665 0.268407 0.0409674 0.434408 0.0481351 0.138417
9.9982E-05 0.00363085 0.625325 9.9982E-05 0.0504769 0.320367
9.9991E-05 0.0895452 0.731823 0.0242687 0.0180587 0.136205
9.9973E-05 9.9973E-05 0.834868 9.9973E-05 0.0204565 0.144376
9.9973E-05 9.9973E-05 0.827816 9.9973E-05 0.0677414 0.104143
9.9973E-05 9.9973E-05 0.737031 0.0512248 9.9973E-05 0.211445
0.0527263 0.748221 0.0542433 0.0391087 9.9991E-05 0.1056
0.0259115 0.698996 0.0412467 0.0646787 0.0404459 0.128721
0.000850798 0.747586 9.9982E-05 0.114795 0.136568 9.9982E-05
0.0714929 0.178298 0.0995195 0.62713 0.0197126 0.00384699
0.0681586 0.0947516 0.10225 0.559276 0.0659163 0.109647
0.0779035 0.528936 0.00945634 0.295068 0.0885357 9.9991E-05
0.166844 0.350681 9.9973E-05 0.482175 9.9973E-05 9.9973E-05
0.0539073 0.480075 9.9991E-05 0.395918 0.0359864 0.0340132
0.0709376 0.340944 0.0186897 0.48167 0.0478205 0.039939
9.9982E-05 0.27028 0.055043 0.665688 9.9982E-05 0.00878959
0.0152503 0.606055 9.9991E-05 0.25534 0.00642453 0.11683
9.9973E-05 0.628169 9.9973E-05 0.320805 9.9973E-05 0.0507261
0.0300065 0.61977 9.9982E-05 0.254548 9.9982E-05 0.0954751
9.9991E-05 0.0116954 0.134199 0.65712 0.144337 0.0525485
0.0201543 0.611513 0.00243499 0.365698 9.9982E-05 9.9982E-05
0.0257196 0.457749 0.024296 0.42423 0.0102174 0.0577885
0.444749 0.027424 0.0332399 0.380272 0.0611276 0.0531867
0.419192 9.9982E-05 0.106892 0.359005 0.114711 9.9982E-05
0.402757 9.9973E-05 0.140077 0.456867 9.9973E-05 9.9973E-05
0.478416 0.0654982 0.180837 0.229958 0.0451917 9.9991E-05
0.336242 0.0686345 0.105891 0.420251 9.9991E-05 0.068882
0.0927005 0.340075 9.9982E-05 0.40259 0.164435 9.9982E-05
0.626775 9.9982E-05 0.291012 0.0208701 0.0611421 9.9982E-05
0.484419 9.9982E-05 0.187018 0.299568 0.028795 9.9982E-05
0.142408 0.0966136 0.157603 0.438238 0.154716 0.0104207
9.9982E-05 9.9982E-05 0.171052 0.619823 0.179335 0.0295904
0.0630091 0.145622 0.0749355 0.361695 0.245385 0.109353
9.9982E-05 9.9982E-05 0.110949 0.692111 0.123024 0.0737155
0.0620049 9.9991E-05 0.0581005 0.619856 0.157414 0.102525
0.383694 9.9973E-05 0.220671 0.395335 9.9973E-05 9.9973E-05
0.387679 0.00926598 0.14497 0.399603 9.9991E-05 0.0583821
0.471707 9.9973E-05 0.0755316 0.452462 9.9973E-05 9.9973E-05
0.389538 0.0151515 0.113051 0.336676 0.0659846 0.0795996
0.541279 0.100237 0.108911 0.249373 9.9982E-05 9.9982E-05
0.360071 0.0536609 0.136957 0.347219 9.9991E-05 0.101992
0.559725 9.9991E-05 0.127891 0.20395 0.0763339 0.0319999
0.326376 9.9991E-05 0.0726427 0.429918 0.0412676 0.129696
9.9982E-05 9.9982E-05 0.0947911 0.598362 0.300089 0.0065583
0.383937 0.0507084 0.166507 0.298513 0.100234 9.9991E-05
0.592856 9.9982E-05 0.159647 0.231612 0.0156852 9.9982E-05
0.367762 0.0767774 0.0655805 0.354121 0.0358659 0.0998932
0.0125314 0.0898323 0.191683 0.221765 0.295079 0.18911
0.09388 0.0673324 0.0226321 0.603375 0.15538 0.0573997
0.205454 9.9991E-05 0.173366 0.496872 0.0677459 0.0564623
0.0200475 9.9991E-05 0.110844 0.585181 0.223368 0.0604597
0.0440023 0.138782 0.188497 0.470373 0.117073 0.0412728
0.267219 0.087211 0.18011 0.354579 0.0836564 0.0272246
0.289112 0.0428596 0.18267 0.33416 0.0877567 0.0634413
0.234331 0.111281 0.0606898 0.389744 0.136152 0.0678022
0.331676 0.0537876 0.170063 0.42074 0.023634 9.9991E-05
0.464562 0.00312586 0.0943392 0.388793 0.0159398 0.0332406
0.530698 9.9991E-05 0.200688 0.224218 0.0375577 0.00673865
0.0637447 9.9991E-05 0.0705099 0.660659 0.145069 0.0599174
9.9991E-05 0.135596 0.138161 0.467128 0.180955 0.0780604
0.0394443 9.9982E-05 0.0879194 0.222457 0.64998 9.9982E-05
0.117649 0.0637276 0.147402 0.473889 0.18506 0.0122724
9.9991E-05 0.0440885 0.0831291 0.501628 0.213835 0.15722
0.17348 0.0410626 0.178758 0.425298 0.181302 9.9991E-05
0.0390147 0.121836 0.113483 0.539232 0.134685 0.0517494
0.173075 9.9973E-05 0.340664 9.9973E-05 0.485961 9.9973E-05
0.0909751 9.9973E-05 0.307955 9.9973E-05 0.600769 9.9973E-05
0.0900797 9.9991E-05 0.136869 0.358601 0.394171 0.0201787
0.161649 9.9982E-05 0.342006 0.0831684 0.412977 9.9982E-05
0.240848 9.9973E-05 0.41571 9.9973E-05 0.343142 9.9973E-05
0.0857588 9.9982E-05 0.118973 0.510483 0.284585 9.9982E-05
0.208355 9.9991E-05 0.220722 0.346734 0.20113 0.0229587
0.190127 0.0261287 0.278433 0.193134 0.312076 9.9991E-05
0.125763 9.9982E-05 0.293706 0.157401 0.42293 9.9982E-05
0.09285 9.9991E-05 0.164153 0.482948 0.158754 0.101195
0.0928223 0.0963245 0.210178 0.201061 0.399514 9.9991E-05
0.0212789 9.9973E-05 0.464681 9.9973E-05 0.513741 9.9973E-05
0.0729783 0.0356684 0.217797 0.506416 0.0787823 0.0883581
0.243349 0.0321628 0.189227 0.328291 0.174325 0.0326466
0.187043 0.000752608 0.268388 0.468841 9.9991E-05 0.0748748
0.211647 9.9973E-05 0.168764 0.619289 9.9973E-05 9.9973E-05
0.182268 0.0878981 0.227333 0.502301 9.9982E-05 9.9982E-05
0.216036 0.00223907 0.152532 0.521675 0.0850891 0.0224293
0.169309 0.0203395 0.389975 0.405401 9.9991E-05 0.0148757
0.222109 0.00080287 0.172995 0.487544 0.0802066 0.0363417
0.248797 9.9982E-05 0.249102 0.496113 0.00578834 9.9982E-05
0.207664 0.0971667 0.262056 0.326096 0.106917 9.9991E-05
0.098429 0.277124 0.183029 0.285987 0.0260382 0.129393
0.186233 0.185661 0.150131 0.30597 0.0832484 0.0887571
0.0766935 0.142808 0.152507 0.498797 9.9991E-05 0.129095
0.0608398 0.144362 0.150369 0.636366 9.9991E-05 0.00796297
0.27664 9.9982E-05 0.317369 0.36117 0.044621 9.9982E-05
0.184041 0.0476067 0.23213 0.46963 9.9991E-05 0.0664922
0.205711 9.9982E-05 0.393418 0.184468 0.216202 9.9982E-05
0.235216 0.0031672 0.129815 0.509432 0.116894 0.0054757
0.304122 9.9982E-05 0.277244 0.233525 0.184909 9.9982E-05
9.9991E-05 0.0557207 0.813723 0.000207421 0.0323933 0.0978561
0.0291912 0.091622 0.0848085 0.0858158 9.9991E-05 0.708463
9.996E-05 9.996E-05 9.996E-05 9.996E-05 9.996E-05 0.9995
9.9964E-05 9.9964E-05 0.00186796 9.9964E-05 9.9964E-05 0.997732
0.025484 9.9973E-05 9.9973E-05 9.9973E-05 0.00515261 0.969064
0.0292458 9.9973E-05 9.9973E-05 0.0139703 9.9973E-05 0.956484
9.9964E-05 9.9964E-05 9.9964E-05 0.102313 9.9964E-05 0.897287
9.9964E-05 9.9964E-05 0.016828 9.9964E-05 9.9964E-05 0.982772
0.0239886 9.9982E-05 0.205655 0.0103196 9.9982E-05 0.759836
0.00892179 9.9982E-05 0.87851 0.0777485 9.9982E-05 0.0346195
0.0155886 0.0570389 0.761994 9.9982E-05 9.9982E-05 0.165178
0.0666169 0.0227931 0.91029 9.9973E-05 9.9973E-05 9.9973E-05
9.9982E-05 9.9982E-05 0.847169 0.0259177 0.013 0.113713
0.0138433 9.9982E-05 0.919428 0.0314619 9.9982E-05 0.0350668
0.0184161 0.0437332 0.84935 9.9982E-05 9.9982E-05 0.0883007
0.131523 0.0138004 0.720528 9.9991E-05 0.016663 0.117386
0.0535692 9.9982E-05 0.885818 0.0287998 0.0316134 9.9982E-05
9.9973E-05 9.9973E-05 0.711307 0.163025 9.9973E-05 0.125369
0.063914 0.0491507 0.879656 0.0068476 9.9991E-05 0.00033176
9.9964E-05 9.9964E-05 0.966445 9.9964E-05 9.9964E-05 0.0331552
0.0222138 9.9982E-05 0.857255 0.0511931 0.0691381 9.9982E-05
9.9973E-05 9.9973E-05 0.964593 0.000464817 9.9973E-05 0.0346422
0.0186027 9.9982E-05 0.890736 0.072997 0.0174643 9.9982E-05
0.0446509 9.9982E-05 0.861328 0.0784508 9.9982E-05 0.0153706
0.0461659 9.9973E-05 0.830423 0.123111 9.9973E-05 9.9973E-05
0.112189 9.9973E-05 0.773898 0.113613 9.9973E-05 9.9973E-05
0.111199 9.9973E-05 0.77082 0.117681 9.9973E-05 9.9973E-05
0.0664713 0.0279007 0.830089 0.0753387 9.9982E-05 9.9982E-05
9.9991E-05 0.0608936 0.171467 0.453557 0.229894 0.0840896
9.9982E-05 9.9982E-05 0.0657531 0.728298 0.161879 0.04387
0.092832 0.12937 0.0704919 0.559552 0.0967056 0.0510482
9.9991E-05 0.124841 0.0580933 0.146424 0.628531 0.042011
9.9991E-05 0.040567 0.0994712 0.584148 0.166242 0.109472
9.9973E-05 9.9973E-05 0.162211 0.145299 0.69219 9.9973E-05
0.0416961 9.9991E-05 0.0404092 0.7292 0.175734 0.0128609
9.9991E-05 0.21818 0.0597001 0.376814 0.159965 0.185241
9.9991E-05 0.150789 0.100261 0.545591 0.0613715 0.141887
9.9991E-05 0.370233 0.0829245 0.470269 0.00372912 0.0727442
0.00941853 0.0779898 0.0953568 0.424575 0.258832 0.133828
9.9991E-05 0.0103459 0.0875527 0.648927 0.19637 0.056704
9.9991E-05 0.0560872 0.061724 0.610452 0.163379 0.108258
0.0681917 0.143787 9.9991E-05 0.0594064 0.226536 0.501979
9.9982E-05 9.9982E-05 0.00980853 0.0169276 0.840115 0.132949
9.9982E-05 9.9982E-05 0.065581 0.241439 0.684656 0.00812459
9.9982E-05 9.9982E-05 0.102711 0.688998 0.163374 0.0447178
9.9982E-05 0.000645307 0.147224 0.561658 0.290272 9.9982E-05
9.9982E-05 0.112474 0.13582 0.539356 0.21215 9.9982E-05
0.0663774 0.137423 0.0967109 0.588462 0.110926 9.9991E-05
0.129526 0.0694282 0.207255 0.555808 0.0378837 9.9991E-05
0.149204 9.9991E-05 0.206998 0.608435 0.00372101 0.0315423
0.251945 9.9991E-05 0.366791 0.0501172 0.178434 0.152613
0.129609 0.0443464 0.064531 0.5225 0.0146651 0.224349
0.0932284 9.9991E-05 0.273083 0.45073 0.0905542 0.0923039
0.169346 9.9973E-05 0.425268 9.9973E-05 0.405085 9.9973E-05
0.228743 0.0146983 0.264661 0.376234 0.115565 9.9991E-05
0.180376 0.159953 0.322597 0.264634 9.9991E-05 0.0723396
0.042381 9.9991E-05 0.360467 0.470355 0.0272965 0.0994009
0.264457 0.0692849 0.0779281 0.456881 9.9991E-05 0.131348
0.160918 0.0272123 0.168989 0.502865 0.139917 9.9991E-05
0.143251 9.9982E-05 0.0648286 0.708022 0.0836982 9.9982E-05
0.147356 0.0959206 0.180803 0.422983 0.121829 0.0311079
0.0953141 0.0317887 0.529016 0.328189 0.0155917 9.9991E-05
