0.0419674 0.846465 0.00839866 0.0330388 0.00462991 9.9982E-05 9.9982E-05 0.0652999
9.9973E-05 0.924659 0.00528418 9.9973E-05 0.0203901 9.9973E-05 0.0386218 0.0107453
0.0367346 0.786518 9.9973E-05 0.0391294 9.9973E-05 0.105531 9.9973E-05 0.0317867
0.0809369 0.803255 9.9973E-05 0.0399186 9.9973E-05 0.0572915 0.0182981 9.9973E-05
0.00483467 0.86586 9.9982E-05 0.0296371 0.0368415 0.0329613 0.029665 9.9982E-05
0.00303666 0.642187 0.0611228 0.0627065 0.230647 9.9973E-05 9.9973E-05 9.9973E-05
9.9964E-05 0.799652 9.9964E-05 0.00254428 0.163047 9.9964E-05 0.0343567 9.9964E-05
0.0314508 0.709569 9.9955E-05 9.9955E-05 0.258481 9.9955E-05 9.9955E-05 9.9955E-05
0.0865036 0.781203 0.0654271 9.99639E-05 9.99639E-05 9.99639E-05 9.99639E-05 0.0664668
9.9964E-05 0.654296 9.9964E-05 0.115144 0.228521 9.9964E-05 0.00163876 9.9964E-05
0.0399733 0.73235 9.9955E-05 9.9955E-05 0.227177 9.9955E-05 9.9955E-05 9.9955E-05
0.411853 9.9982E-05 0.166414 0.0561093 0.0369392 0.293454 9.9982E-05 0.0350314
0.219329 0.0184887 0.0827526 0.0268536 9.9982E-05 0.57805 9.9982E-05 0.0743267
0.412367 9.9964E-05 9.9964E-05 9.9964E-05 9.9964E-05 0.371655 0.0139998 0.201578
0.364785 0.0232313 0.0388402 0.151856 9.9982E-05 0.334398 9.9982E-05 0.0866896
0.13688 0.13936 0.0860828 0.00621808 0.0500668 0.453304 9.9991E-05 0.127989
0.0849302 0.0190127 0.0637651 0.0537185 0.0867802 0.626837 0.00340666 0.0615494
0.206705 0.0582281 0.119487 0.060439 0.0457963 0.446546 0.0607786 0.00202106
0.349211 0.0486193 0.0823935 0.0672511 9.9982E-05 0.366568 9.9982E-05 0.0857565
0.655808 0.0234967 0.0219188 0.0558447 0.157494 0.041657 0.0436804 9.9991E-05
0.285552 9.9991E-05 0.20023 0.11943 0.0592129 0.322495 0.011108 0.00187191
0.158779 9.9973E-05 0.049787 9.9973E-05 0.183327 0.454895 9.9973E-05 0.152912
0.20116 0.0160252 0.121133 0.00195637 0.0591333 0.573319 9.9991E-05 0.0271735
0.355556 0.00977286 0.135446 0.149687 0.104083 0.229161 0.0125208 0.00377378
0.0805263 0.102366 0.127464 0.0374808 0.0627411 0.544352 9.9991E-05 0.04497
0.192476 0.0227341 0.0195999 0.0820807 9.9982E-05 0.602809 9.9982E-05 0.0800999
0.403465 0.0740574 0.100057 0.041518 9.99891E-05 0.292054 0.0886483 9.99891E-05
0.426657 9.9973E-05 0.0664056 0.140643 9.9973E-05 0.309266 9.9973E-05 0.0567282
0.439798 9.9991E-05 0.0947814 0.00263829 0.0700348 0.26594 0.122929 0.00377784
9.9955E-05 0.837924 9.9955E-05 0.0400572 9.9955E-05 0.12152 9.9955E-05 9.9955E-05
9.9955E-05 0.84216 9.9955E-05 0.00311668 9.9955E-05 0.154223 9.9955E-05 9.9955E-05
9.99461E-05 0.826277 9.99461E-05 9.99461E-05 9.99461E-05 0.173124 9.99461E-05 9.99461E-05
9.9973E-05 0.724428 0.0754596 0.0326484 0.00555486 0.161609 9.9973E-05 9.9973E-05
0.0529432 0.0186723 0.316178 9.9973E-05 0.0631791 0.548728 9.9973E-05 9.9973E-05
0.044629 0.12754 0.199218 0.0852794 9.9973E-05 0.543034 9.9973E-05 9.9973E-05
9.9964E-05 0.0235586 0.372958 9.9964E-05 0.0389158 0.564168 9.9964E-05 9.9964E-05
0.572356 0.0926184 0.0893346 9.9982E-05 9.9982E-05 0.21199 0.023019 0.0104818
9.9982E-05 0.0422146 0.546393 0.0574535 9.9982E-05 0.270137 0.0540201 0.0295816
0.100278 0.0949587 0.261229 0.0264589 9.9991E-05 0.460333 0.048994 0.0076481
9.9973E-05 9.9973E-05 0.202486 0.0947474 0.0976518 0.581372 9.9973E-05 0.0234426
0.0360824 0.101113 9.9973E-05 0.0428958 0.30064 0.518969 9.9973E-05 9.9973E-05
9.9964E-05 0.16109 0.0953906 9.9964E-05 0.168303 0.574816 9.9964E-05 9.9964E-05
0.119136 0.0156096 0.651459 9.9973E-05 9.9973E-05 0.143526 9.9973E-05 0.0699706
0.0178061 0.00628588 0.0928722 0.0389168 0.32 0.512329 9.9991E-05 0.0116898
0.0269639 0.0572451 0.244757 9.9973E-05 9.9973E-05 0.585565 9.9973E-05 0.0851692
0.0632573 0.140999 0.0389244 9.9991E-05 0.101498 0.578728 0.0255723 0.0509214
9.9973E-05 9.9973E-05 0.580805 9.9973E-05 0.0520577 0.290551 0.0346977 0.0415885
9.9973E-05 0.0813057 0.318284 0.0199989 9.9973E-05 0.527683 0.0524283 9.9973E-05
9.9982E-05 0.114119 0.22425 0.0661781 0.0231126 0.503982 9.9982E-05 0.068159
9.9964E-05 0.0491287 0.817782 9.9964E-05 0.00255894 9.9964E-05 9.9964E-05 0.13013
0.387702 9.9973E-05 0.286062 9.9973E-05 9.9973E-05 0.186795 0.0376954 0.101445
0.187979 9.9982E-05 0.253673 0.0163002 0.183479 9.9982E-05 0.172881 0.185487
0.212852 0.0423198 9.9982E-05 0.0919017 9.9982E-05 0.614486 0.000103233 0.038137
0.0364738 0.0819423 0.129893 0.0750805 0.0380139 0.554542 0.0194069 0.0646477
0.00550485 0.0523595 0.126749 9.9982E-05 0.0690664 0.608116 9.9982E-05 0.138004
0.403353 0.0531631 0.169182 9.9982E-05 9.9982E-05 0.219629 0.089274 0.0651991
0.233569 9.9991E-05 0.0594093 0.0137724 0.0164762 0.552274 0.100633 0.0237661
0.191533 0.0567315 0.0651485 0.0884074 0.027146 0.517 0.0141055 0.0399287
0.219872 0.125337 0.173723 9.9991E-05 0.0655099 0.339003 0.0558706 0.0205844
0.353853 0.117475 0.182847 0.0499516 0.0488123 0.0738841 0.0235311 0.149647
0.100272 0.00798234 0.133393 9.9973E-05 9.9973E-05 0.628396 9.9973E-05 0.129657
0.164074 0.0363871 0.136993 0.00429239 9.9991E-05 0.468296 0.0426255 0.147232
0.5552 0.0386051 0.209924 9.9991E-05 0.0479904 0.080691 0.0397639 0.0277257
0.218516 9.9973E-05 0.0656168 9.9973E-05 9.9973E-05 0.55644 0.0436595 0.115468
0.067768 0.0438734 0.0669723 0.0507558 0.103151 0.597919 0.0363894 0.0331716
0.180891 9.9982E-05 0.103263 0.0299056 0.0716896 0.506913 9.9982E-05 0.107138
0.244977 0.0245848 0.20474 0.0368402 0.0142144 0.331106 0.048477 0.0950605
0.165294 9.9973E-05 0.142095 9.9973E-05 9.9973E-05 0.531031 0.0564888 0.104792
0.144162 9.9982E-05 0.219733 0.0419926 9.9982E-05 0.525492 0.0307522 0.0376686
0.424233 0.00520597 0.120467 9.9991E-05 0.122405 0.220781 0.0535316 0.0532763
0.0448103 9.9964E-05 0.382653 9.9964E-05 0.0223163 0.54982 9.9964E-05 9.9964E-05
0.0531619 0.0269966 0.698104 9.9973E-05 0.0317274 0.189711 9.9973E-05 9.9973E-05
9.9973E-05 0.0808923 0.226047 9.9973E-05 9.9973E-05 0.571413 0.00909684 0.11225
9.9955E-05 9.9955E-05 0.903565 9.9955E-05 0.0426243 9.9955E-05 9.9955E-05 0.0533114
9.9982E-05 0.00669138 0.915959 0.000418758 0.0589058 9.9982E-05 0.0160229 0.00180209
9.9955E-05 9.9955E-05 0.67818 9.9955E-05 9.9955E-05 0.292618 0.0287024 9.9955E-05
0.0612682 9.9964E-05 0.465526 0.0270577 9.9964E-05 0.445748 9.9964E-05 9.9964E-05
9.9991E-05 0.136854 0.133398 0.011811 0.106903 0.541707 0.0284722 0.040756
0.0631288 0.0209968 0.400591 0.0644358 9.9982E-05 0.379852 9.9982E-05 0.0707961
0.178529 0.0159476 0.649142 0.0233695 9.9973E-05 0.132712 9.9973E-05 9.9973E-05
0.219483 0.0299076 0.48989 9.9973E-05 9.9973E-05 0.260031 0.000387829 9.9973E-05
0.02449 0.0450175 0.237957 0.0840781 0.00843648 0.505471 0.0929673 0.00158226
0.0472703 0.0646373 0.54955 0.047311 0.0526788 0.238353 9.9982E-05 9.9982E-05
9.9982E-05 0.0536978 0.479324 0.0487765 0.0740415 0.329138 0.0148217 9.9982E-05
9.9964E-05 9.9964E-05 0.566912 9.9964E-05 0.0635184 0.345221 9.9964E-05 0.0239486
0.00610075 9.9973E-05 0.718566 9.9973E-05 0.0625371 9.9973E-05 0.107416 0.10508
9.9982E-05 0.02101 0.323283 0.0619761 0.081103 0.507909 9.9982E-05 0.00451914
0.0425775 0.801006 0.0103113 0.0550055 9.9973E-05 0.0907996 9.9973E-05 9.9973E-05
9.9946E-05 0.913265 9.9946E-05 9.9946E-05 9.9946E-05 0.0861355 9.9946E-05 9.9946E-05
9.9964E-05 0.851123 9.9964E-05 0.0161141 9.9964E-05 0.0726083 9.9964E-05 0.059755
9.9955E-05 0.872065 9.9955E-05 9.9955E-05 9.9955E-05 0.0652524 9.9955E-05 0.062183
9.9955E-05 0.769622 9.9955E-05 9.9955E-05 9.9955E-05 0.103782 9.9955E-05 0.126095
9.9991E-05 0.8634 0.0026183 0.054581 0.00807855 0.0364626 0.00714814 0.0276115
9.99551E-05 0.923424 9.99551E-05 9.99551E-05 9.99551E-05 0.0627639 9.99551E-05 0.0133123
0.0676393 0.0390188 0.192635 0.0837444 0.0461681 0.438998 0.0714211 0.0603755
0.152247 9.9973E-05 0.212946 0.12454 9.9973E-05 0.461004 0.0489619 9.9973E-05
0.0620771 0.0463981 0.801011 9.9973E-05 9.9973E-05 0.0626299 0.0275835 9.9973E-05
0.021696 0.172924 0.0805605 0.0347432 0.0975193 0.592357 9.9982E-05 9.9982E-05
0.129532 9.9955E-05 0.423427 9.9955E-05 9.9955E-05 0.446542 9.9955E-05 9.9955E-05
9.9991E-05 0.0593601 0.256382 0.0242133 0.081051 0.53544 0.0180489 0.0254049
9.9982E-05 0.0303385 0.282034 0.0134864 0.0241678 0.540756 0.109017 9.9982E-05
9.9964E-05 9.9964E-05 0.45669 0.0583691 9.9964E-05 0.45414 0.0304003 9.9964E-05
0.189174 0.0486341 0.761693 9.9955E-05 9.9955E-05 9.9955E-05 9.9955E-05 9.9955E-05
0.0117398 0.174568 0.183374 9.9982E-05 9.9982E-05 0.569542 0.0144376 0.0461393
0.0180646 0.0657675 0.100733 0.0200572 0.0861399 0.677431 0.0245001 0.00730718
0.146137 0.11645 0.170196 0.0786053 9.9982E-05 0.476986 9.9982E-05 0.0114252
0.00519018 0.00601984 0.503828 0.06332 0.109153 0.25098 0.0324592 0.0290501
9.9991E-05 0.018127 0.342231 0.0142225 0.00891989 0.53886 0.0469948 0.0305445
0.115516 0.0228568 0.311084 0.00559503 9.9991E-05 0.432628 0.0208644 0.0913553
9.9955E-05 9.9955E-05 0.610727 0.150592 9.9955E-05 0.238181 9.9955E-05 9.9955E-05
0.0447947 0.0838774 0.435827 9.9964E-05 9.9964E-05 0.435101 9.9964E-05 9.9964E-05
0.0487747 0.104494 0.130089 9.9973E-05 0.0606366 0.655706 9.9973E-05 9.9973E-05
0.325582 9.9973E-05 0.034645 9.9973E-05 9.9973E-05 0.286676 0.1722 0.180597
0.290652 0.102906 0.044988 0.0208396 0.0362072 0.467682 9.9991E-05 0.0366255
0.117662 0.120608 0.0959366 0.0854094 0.0687062 0.466348 0.0452305 9.9991E-05
0.0678011 0.0699733 0.0859453 0.118977 0.0273941 0.625615 0.00419419 9.9991E-05
0.291643 0.019455 9.9973E-05 9.9973E-05 9.9973E-05 0.568444 0.0606879 0.0594702
0.250448 9.9982E-05 9.9982E-05 0.0797031 0.0166786 0.548695 0.0775856 0.0266905
0.343172 0.0296746 9.9964E-05 9.9964E-05 9.9964E-05 0.503024 0.12373 9.9964E-05
0.127526 0.0612791 0.00246846 9.9991E-05 0.103229 0.613531 0.036031 0.0558355
0.0989475 9.9991E-05 0.0280339 0.155837 0.157254 0.500889 0.0101155 0.0488234
0.193217 0.0260911 0.0607965 9.9991E-05 0.0347389 0.592858 0.087362 0.00483675
0.408191 0.0184899 0.0454618 9.9982E-05 9.9982E-05 0.518052 0.00721209 0.00239273
0.162866 0.0310126 0.0710402 9.9982E-05 0.085185 0.627884 9.9982E-05 0.0218125
0.065962 0.11646 0.0848285 0.00839122 0.0247346 0.548353 0.151171 9.9991E-05
0.199534 0.0133826 0.0821885 9.9982E-05 9.9982E-05 0.634247 0.0476881 0.0227602
0.148491 0.0553882 9.9973E-05 9.9973E-05 9.9973E-05 0.648836 0.0667033 0.0802818
0.148371 0.058121 0.0428085 9.9982E-05 0.0529481 0.599701 0.0978507 9.9982E-05
0.293374 0.0522708 9.9982E-05 9.9982E-05 0.0529383 0.49003 0.0115087 0.0996781
0.184295 9.9964E-05 9.9964E-05 9.9964E-05 9.9964E-05 0.674971 0.0653498 0.0749839
0.0864057 0.00993949 9.9973E-05 9.9973E-05 9.9973E-05 0.71152 0.0476214 0.144213
0.369598 0.0157565 0.183873 0.111256 0.0441599 0.218652 0.032677 0.0240274
0.322731 9.9982E-05 0.0117354 9.9982E-05 0.0940488 0.195248 0.249165 0.126872
0.228662 0.0262901 0.0352439 0.00181853 0.114684 0.586356 0.00684593 9.9991E-05
0.353823 9.9991E-05 0.139821 0.00375137 0.0341708 0.117014 0.217806 0.133513
0.429702 0.00827785 0.170954 9.9982E-05 9.9982E-05 0.291139 0.0725548 0.0271726
0.316286 0.0171191 0.155262 9.9982E-05 9.9982E-05 0.462333 0.0387181 0.0100822
0.413771 0.0303968 0.129079 9.9982E-05 0.000640956 0.399981 0.0259312 9.9982E-05
0.485689 0.0202145 0.0364262 9.9982E-05 0.0695608 0.355932 0.0319774 9.9982E-05
0.168057 0.063571 0.0563532 0.0439163 0.0644922 0.554412 0.0490989 9.9991E-05
0.0731354 0.0868594 0.110173 0.0127362 9.9991E-05 0.564376 0.0104933 0.142127
0.205743 0.0406741 0.101598 9.9982E-05 0.00379303 0.610819 0.0371727 9.9982E-05
0.367406 9.9991E-05 0.157092 0.029514 0.00747839 0.174432 0.0921982 0.171779
0.016351 0.125564 0.115825 9.9991E-05 0.0384624 0.545935 0.00598846 0.151774
0.0215217 9.9991E-05 0.168411 0.0768276 0.261539 0.412328 0.0191679 0.0401039
0.126252 0.0682251 0.163226 9.9982E-05 0.241579 9.9982E-05 0.233926 0.166592
9.99859E-05 0.0996462 0.112358 0.026682 9.99859E-05 0.60462 0.124918 0.0315752
9.9982E-05 0.0129715 0.256358 0.00802797 9.9982E-05 0.301615 0.200031 0.220797
0.0911583 0.0201707 0.0817961 0.0302817 0.169741 0.435713 0.0298369 0.141303
0.128261 9.9982E-05 0.0773656 9.9982E-05 0.148061 0.26748 0.142532 0.2361
0.130145 0.0614709 0.066298 9.9991E-05 0.345211 0.148449 0.19615 0.0521766
0.0792854 0.0071258 0.0957163 0.0187731 0.163057 0.336759 0.200605 0.0986783
9.9991E-05 0.123753 0.069125 0.0154704 0.113257 0.483329 0.101236 0.093729
0.1773 0.0202197 0.132645 0.0565665 0.0926814 0.393183 9.9991E-05 0.127305
0.123969 9.9982E-05 0.219318 0.139587 0.19389 9.9982E-05 0.16673 0.156305
0.0706223 0.0908589 0.0868841 0.0756347 0.0750952 0.517219 9.9991E-05 0.083586
0.0156104 9.9982E-05 0.240988 9.9982E-05 0.274131 0.333474 0.0250767 0.11052
0.0895368 9.9982E-05 0.213621 9.9982E-05 0.11912 0.426264 0.0324493 0.118809
0.0334698 0.153961 0.0528164 0.0289378 0.0116362 0.564446 0.154632 9.9991E-05
0.0822334 0.256857 9.9982E-05 0.233327 0.100012 0.148504 9.9982E-05 0.178867
9.9973E-05 0.451743 9.9973E-05 0.0727112 0.0552226 9.9973E-05 0.0352177 0.384806
9.9973E-05 0.270446 9.9973E-05 0.0697903 0.0734896 9.9973E-05 0.0830742 0.5029
0.0133745 0.304551 9.9982E-05 0.284353 0.0964315 0.0914103 9.9982E-05 0.20968
9.9955E-05 9.9955E-05 0.00527996 9.9955E-05 0.465293 0.528927 9.9955E-05 9.9955E-05
0.0239145 0.058893 0.204842 0.148839 0.0824393 0.469447 0.00931506 0.00231052
0.0227036 9.9955E-05 9.9955E-05 0.624666 9.9955E-05 0.35213 9.9955E-05 9.9955E-05
0.0503718 0.0832202 0.150949 0.346112 9.9973E-05 0.369047 9.9973E-05 9.9973E-05
0.0693621 0.0313198 0.0899259 0.398629 0.0851708 0.289347 9.9991E-05 0.0361455
9.9982E-05 9.9982E-05 0.125951 0.00293563 0.453258 0.227867 0.133912 0.0558768
0.00745834 0.112362 0.245442 0.0664141 0.103353 0.446919 9.9991E-05 0.0179504
9.9973E-05 9.9973E-05 0.0119269 9.9973E-05 0.465872 0.113706 0.297981 0.110214
0.0104636 9.9973E-05 0.0971307 9.9973E-05 0.312653 0.536312 9.9973E-05 0.0431405
0.0127188 9.9973E-05 9.9973E-05 9.9973E-05 0.22386 0.424163 0.172853 0.166106
0.0331576 0.00264575 0.0177687 0.00160224 0.217991 0.504256 0.0813959 0.141183
0.0116814 9.9982E-05 0.196173 9.9982E-05 0.428436 0.112051 0.144983 0.106476
9.9991E-05 0.0305566 0.0702145 0.0762007 0.131684 0.612972 0.00397625 0.0742963
9.9991E-05 0.0553956 0.0800759 0.077695 0.200766 0.47511 0.0355553 0.0753027
9.9964E-05 9.9964E-05 0.0265445 0.964298 0.00526416 9.9964E-05 0.00349376 9.9964E-05
0.0424093 9.9955E-05 9.9955E-05 0.921104 9.9955E-05 9.9955E-05 0.035987 9.9955E-05
0.0176288 0.0548545 0.000846491 0.59998 0.0416411 0.283329 0.00162083 9.9991E-05
0.0366766 9.9955E-05 9.9955E-05 0.68124 9.9955E-05 0.281584 9.9955E-05 9.9955E-05
9.9964E-05 0.0119845 9.9964E-05 0.782611 0.094054 0.110951 9.9964E-05 9.9964E-05
9.9946E-05 9.9946E-05 9.9946E-05 0.99921 9.9946E-05 9.9946E-05 9.9946E-05 0.000190387
0.027253 9.9946E-05 9.9946E-05 0.972147 9.9946E-05 9.9946E-05 9.9946E-05 9.9946E-05
9.9946E-05 9.9946E-05 9.9946E-05 0.800693 9.9946E-05 0.198707 9.9946E-05 9.9946E-05
0.0174237 9.9964E-05 0.0167079 0.940829 9.9964E-05 0.0246398 9.9964E-05 9.9964E-05
9.994E-05 9.994E-05 9.994E-05 0.9993 9.994E-05 9.994E-05 9.994E-05 9.994E-05
9.994E-05 9.994E-05 9.994E-05 0.9993 9.994E-05 9.994E-05 9.994E-05 9.994E-05
0.03225 0.0634926 9.9964E-05 0.72137 9.9964E-05 0.182487 9.9964E-05 9.9964E-05
0.0543363 0.0298708 9.9973E-05 0.769797 9.9973E-05 0.125176 9.9973E-05 0.0205194
0.0194449 9.9955E-05 0.0208414 0.959214 9.9955E-05 9.9955E-05 9.9955E-05 9.9955E-05
0.10471 0.0503722 0.0940062 0.350049 9.9982E-05 0.352049 0.048614 9.9982E-05
0.0302116 0.0465453 0.035553 0.616114 0.00586976 0.231425 9.9991E-05 0.0341807
9.9973E-05 0.0590362 9.9973E-05 0.696376 0.0400273 0.17772 9.9973E-05 0.0265404
0.0325494 0.00104561 9.9982E-05 0.850859 9.9982E-05 0.100151 0.00414834 0.0110471
9.9955E-05 9.9955E-05 9.9955E-05 0.946521 9.9955E-05 0.025193 9.9955E-05 0.0277863
0.0127167 0.0766454 9.9964E-05 0.813563 9.9964E-05 0.0966751 9.9964E-05 9.9964E-05
9.9946E-05 0.00123669 9.9946E-05 0.998164 9.9946E-05 9.9946E-05 9.9946E-05 9.9946E-05
0.0959869 0.0562034 0.0553256 0.594744 0.000261496 0.179982 0.0173961 9.9991E-05
0.041121 9.9973E-05 0.0374649 0.900515 9.9973E-05 0.0147598 0.00583956 9.9973E-05
9.9982E-05 0.2255 0.0156129 0.00389014 0.382255 9.9982E-05 0.0973746 0.275167
0.134295 0.15544 9.9991E-05 0.0869949 0.143353 0.327781 0.0709412 0.0810951
9.9982E-05 0.26436 0.0118432 9.9982E-05 0.282007 0.395546 0.0144045 0.0316393
0.061917 0.14049 0.0264789 0.0926128 0.327319 0.0847202 0.0161763 0.250286
9.9982E-05 0.0410368 0.0719534 0.138847 0.136896 0.41798 9.9982E-05 0.193088
9.9991E-05 0.188056 0.0853385 0.121332 0.226357 0.100821 0.0608134 0.217183
0.0661142 0.19515 9.9982E-05 9.9982E-05 0.13461 0.500888 0.025058 0.0779799
9.9982E-05 0.0856458 0.014547 0.151897 0.348776 0.265744 9.9982E-05 0.133191
9.9982E-05 0.0804416 9.9982E-05 0.160991 0.308791 0.283303 0.0845131 0.0817605
9.9973E-05 0.122751 9.9973E-05 0.171745 0.300036 0.230361 9.9973E-05 0.174807
0.0465933 0.0918549 0.0996425 0.0393153 0.164771 0.417767 9.9991E-05 0.139956
0.0843973 0.812957 9.9982E-05 0.00937605 0.036714 0.00853374 0.0478217 9.9982E-05
9.9973E-05 0.862185 0.0103934 0.0465206 9.9973E-05 9.9973E-05 0.0114947 0.0691061
0.00551024 0.929026 0.000787028 9.9973E-05 9.9973E-05 9.9973E-05 0.0283751 0.0360013
0.0215413 0.950797 9.9964E-05 9.9964E-05 9.9964E-05 0.0188985 9.9964E-05 0.00836288
0.0747333 0.846074 9.9964E-05 9.9964E-05 9.9964E-05 0.0256715 9.9964E-05 0.0531215
9.9955E-05 0.79115 9.9955E-05 0.0814757 9.9955E-05 9.9955E-05 9.9955E-05 0.126874
0.00200578 0.866687 0.0189202 0.090845 9.9973E-05 0.0212425 9.9973E-05 9.9973E-05
9.9955E-05 0.828472 9.9955E-05 9.9955E-05 9.9955E-05 9.9955E-05 0.0798032 0.0912252
9.9973E-05 0.839552 0.00683869 0.00218024 9.9973E-05 0.0248789 9.9973E-05 0.12625
9.9964E-05 0.765036 9.9964E-05 0.0886376 0.016927 9.9964E-05 9.9964E-05 0.129
0.234124 0.589539 0.0655846 0.00418164 9.9973E-05 9.9973E-05 0.106271 9.9973E-05
0.33757 0.559131 0.0720496 9.9964E-05 9.9964E-05 9.9964E-05 9.9964E-05 0.030849
0.3341 0.46856 0.0504267 9.9973E-05 9.9973E-05 9.9973E-05 0.0424392 0.104175
0.272015 0.492721 0.0798098 9.9973E-05 0.0801089 9.9973E-05 0.075045 9.9973E-05
0.121122 0.0984497 0.286096 9.9973E-05 9.9973E-05 0.466709 0.0273236 9.9973E-05
0.0291429 0.0606527 0.308489 0.0299059 9.9982E-05 0.489435 0.0821736 9.9982E-05
0.138134 0.028888 0.149321 0.0499399 0.0600612 0.560419 0.013137 9.9991E-05
0.237024 9.9982E-05 0.169025 9.9982E-05 0.0069662 0.457032 0.00744516 0.122307
0.567866 9.9991E-05 0.115825 0.0184165 0.0511102 0.207099 0.0393036 0.000279717
0.0135289 0.0639349 0.180611 0.0682165 0.0638147 0.554842 0.0549521 9.9991E-05
0.0490239 9.9982E-05 0.283314 0.0137731 9.9982E-05 0.574422 0.0627438 0.0165232
0.0950066 9.9973E-05 0.256549 9.9973E-05 0.0265479 0.552175 0.0694217 9.9973E-05
9.9964E-05 9.9964E-05 0.549821 0.0308084 0.0901053 0.328866 9.9964E-05 9.9964E-05
0.0842564 0.0316216 0.144406 9.9982E-05 0.0222834 0.614614 9.9982E-05 0.102619
0.0896297 9.9982E-05 0.380072 0.00794117 0.0234847 0.412741 0.0859307 9.9982E-05
0.0546476 9.9955E-05 0.720035 9.9955E-05 9.9955E-05 9.9955E-05 0.224817 9.9955E-05
0.137915 0.0462731 0.236718 9.9973E-05 9.9973E-05 0.48382 0.094974 9.9973E-05
9.9964E-05 9.9964E-05 0.519485 9.9964E-05 9.9964E-05 0.203411 0.177132 0.0995715
0.06384 9.9964E-05 0.354937 9.9964E-05 9.9964E-05 0.47842 0.102403 9.9964E-05
0.184784 0.0174614 0.632051 9.9964E-05 9.9964E-05 0.165304 9.9964E-05 9.9964E-05
0.697113 0.0738625 9.9955E-05 9.9955E-05 0.228524 9.9955E-05 9.9955E-05 9.9955E-05
0.603267 0.0875212 9.9973E-05 9.9973E-05 0.297432 0.00429205 0.00718774 9.9973E-05
0.71506 0.0171684 9.9955E-05 9.9955E-05 0.267271 9.9955E-05 9.9955E-05 9.9955E-05
0.681422 0.0675224 9.9955E-05 9.9955E-05 0.250556 9.9955E-05 9.9955E-05 9.9955E-05
0.70993 9.9955E-05 9.9955E-05 0.0571863 0.232384 9.9955E-05 9.9955E-05 9.9955E-05
0.692215 0.0615274 9.9982E-05 0.0233431 0.185375 0.0187324 9.9982E-05 0.0186068
9.9973E-05 0.821755 9.9973E-05 0.0124423 9.9973E-05 0.076166 0.0398325 0.0495047
0.0309675 0.778339 9.9973E-05 0.0609426 9.9973E-05 0.062916 9.9973E-05 0.0665345
0.0244226 0.712596 9.9973E-05 0.0664198 9.9973E-05 0.144115 9.9973E-05 0.0521464
0.0789689 0.71498 9.9973E-05 0.144825 9.9973E-05 0.0223736 9.9973E-05 0.0385517
0.0266783 0.74929 0.00488982 0.0660323 0.0261327 0.0752171 9.9991E-05 0.0516598
0.48079 0.371566 0.0547917 9.9973E-05 0.0891974 9.9973E-05 9.9973E-05 0.00335491
0.300473 0.474094 0.0517414 9.9982E-05 0.0684951 9.9982E-05 0.100828 0.00416915
0.372552 0.486591 0.0728486 9.9964E-05 9.9964E-05 9.9964E-05 0.067609 9.9964E-05
9.9946E-05 0.819244 9.9946E-05 9.9946E-05 9.9946E-05 0.180156 9.9946E-05 9.9946E-05
0.45608 0.365455 0.0727979 9.9973E-05 0.07923 9.9973E-05 0.0261369 9.9973E-05
9.9982E-05 0.102292 9.9982E-05 0.338512 0.045442 0.263291 0.0180552 0.232208
0.0661897 0.129759 0.0423447 0.221845 9.9973E-05 0.539561 9.9973E-05 9.9973E-05
9.9955E-05 0.166317 9.9955E-05 0.30096 9.9955E-05 0.532223 9.9955E-05 9.9955E-05
9.9982E-05 0.215419 0.033633 0.21423 0.0697582 0.337728 9.9982E-05 0.129033
9.9973E-05 0.0730893 0.127952 0.201192 0.16112 0.436346 9.9973E-05 9.9973E-05
9.9973E-05 0.31845 0.00480482 0.261039 0.10687 9.9973E-05 9.9973E-05 0.308537
0.317705 9.9973E-05 0.0334354 9.9973E-05 0.0979172 0.428574 0.122069 9.9973E-05
0.192472 9.9982E-05 0.0949008 9.9982E-05 0.0288357 0.351899 0.158658 0.173034
0.512463 0.0342529 0.0335499 9.9982E-05 9.9982E-05 0.360872 0.00601212 0.0526501
0.0964219 9.9982E-05 0.0742327 9.9982E-05 0.0251622 0.511497 0.2858 0.00668627
0.16417 9.9964E-05 0.258819 9.9964E-05 9.9964E-05 9.9964E-05 0.379213 0.197399
0.141014 0.0938398 0.0811877 9.9982E-05 0.0675175 0.51614 9.9982E-05 0.100101
0.179086 0.022748 0.03432 9.9982E-05 9.9982E-05 0.565357 0.118243 0.0800456
0.387315 0.0431499 0.119828 9.9982E-05 9.9982E-05 0.384456 0.0198432 0.0452085
0.12535 0.0298042 0.036449 0.113973 0.0642913 0.514981 0.0361895 0.0789612
0.264543 9.9973E-05 0.160618 9.9973E-05 9.9973E-05 0.144764 0.226896 0.202879
0.152287 9.9982E-05 0.0186355 9.9982E-05 0.0620137 0.488508 0.14418 0.134176
0.243287 9.9982E-05 0.0985849 0.0215157 0.0698883 0.516111 9.9982E-05 0.0504136
0.0195284 0.0920959 0.199901 0.211263 0.106639 0.314148 9.9991E-05 0.0563253
0.221085 9.9982E-05 0.0421087 9.9982E-05 0.0189364 0.427281 0.224776 0.0656126
0.150483 0.0590025 0.0986396 9.9982E-05 9.9982E-05 0.504578 0.150361 0.0367363
0.117284 9.9982E-05 0.122792 0.0479875 0.0911657 0.514347 0.106224 9.9982E-05
0.128313 9.9982E-05 0.0645987 9.9982E-05 0.0960821 0.553362 0.143866 0.0135784
0.0536089 0.0107882 0.103271 9.9982E-05 9.9982E-05 0.700742 0.0718632 0.0595257
0.107579 0.0525892 0.0400763 0.0583901 0.0250814 0.614563 9.9991E-05 0.10162
0.070638 0.0582231 0.184305 0.0167328 0.049981 0.55412 0.0198267 0.0461735
9.9964E-05 0.76098 9.9964E-05 0.10471 0.0312827 0.102628 9.9964E-05 9.9964E-05
9.9973E-05 0.786121 9.9973E-05 0.0984819 0.0465116 0.0191868 0.0493987 9.9973E-05
0.0186975 0.764366 0.0725791 9.9982E-05 0.0339811 0.0523251 9.9982E-05 0.0578512
0.0262005 0.82792 0.0112488 0.0382687 9.9982E-05 0.042122 0.0540404 9.9982E-05
9.9964E-05 0.805037 9.9964E-05 0.0302588 0.0554066 0.108897 9.9964E-05 9.9964E-05
0.572984 9.9964E-05 0.0273103 9.9964E-05 9.9964E-05 0.261101 9.9964E-05 0.138205
0.0937068 0.0498369 0.126402 0.0871987 9.9991E-05 0.456028 0.0707906 0.115937
9.9991E-05 0.158831 0.106503 0.187024 0.114519 0.373872 0.0200171 0.0391346
0.158785 0.021218 0.0355642 0.00908044 9.9982E-05 0.76872 0.00643244 9.9982E-05
0.197235 0.0778926 0.098141 9.9973E-05 9.9973E-05 0.565857 0.0605739 9.9973E-05
0.270641 9.9982E-05 0.0189716 0.0474422 9.9982E-05 0.295986 0.246279 0.120479
0.591657 0.0752384 0.109381 9.9973E-05 9.9973E-05 0.0673241 9.9973E-05 0.1561
0.284763 0.013909 0.0676104 0.0241574 9.9982E-05 0.557627 0.0517326 9.9982E-05
0.565985 0.0347417 0.0646251 0.0935207 0.0115048 0.113579 0.115943 9.9991E-05
0.100494 0.00676925 0.144816 9.9982E-05 0.0616471 0.480184 9.9982E-05 0.205891
0.572156 0.140158 0.0165455 0.0097952 9.9991E-05 0.138409 0.0945905 0.0282454
0.113905 0.0799345 0.077688 0.0921471 0.0712453 0.52084 9.9991E-05 0.04414
0.49044 0.0719929 0.145969 9.9982E-05 9.9982E-05 0.226889 0.0237638 0.0407441
0.301264 9.9991E-05 0.113357 0.0466874 0.105782 0.354763 0.0655059 0.0125402
0.0794446 0.0473497 0.139524 9.9991E-05 0.144737 0.484925 0.0205825 0.0833373
9.9973E-05 0.0187336 9.9973E-05 9.9973E-05 0.537508 0.233963 0.129454 0.080042
0.137556 0.0349059 0.00715997 9.9973E-05 0.356215 0.463863 9.9973E-05 9.9973E-05
9.9982E-05 0.0855693 0.0617701 9.9982E-05 0.133932 0.565573 0.0603511 0.0926048
9.9973E-05 9.9973E-05 0.0327938 9.9973E-05 0.510849 0.265714 0.185657 0.00468642
0.0690345 0.0805513 0.072064 0.0451411 0.0638291 0.514996 0.146377 0.00800662
9.9982E-05 0.0365217 0.0682933 9.9982E-05 0.22889 0.497095 0.0388983 0.130102
9.9964E-05 9.9964E-05 0.0753714 9.9964E-05 0.686812 9.9964E-05 0.201129 0.036288
9.9973E-05 9.9973E-05 0.0233825 9.9973E-05 0.553835 0.163628 0.113715 0.145139
0.066183 9.9982E-05 0.0639656 9.9982E-05 0.35224 0.410459 0.0806935 0.0262591
0.0408291 9.9982E-05 0.215149 9.9982E-05 0.528017 0.0603191 0.154967 0.000517473
0.0701205 9.9973E-05 0.142995 9.9973E-05 0.306302 0.415337 9.9973E-05 0.0649456
0.587719 9.9982E-05 0.140369 0.000116559 9.9982E-05 0.1444 0.0399539 0.0872415
0.303975 9.9973E-05 0.0924148 9.9973E-05 9.9973E-05 0.274619 0.224681 0.10401
0.417659 0.0224932 0.0973563 9.9973E-05 9.9973E-05 0.456609 0.00558254 9.9973E-05
0.173592 9.9991E-05 0.00319506 0.04437 0.017266 0.676329 0.0214789 0.0636691
0.516259 9.9964E-05 0.158075 9.9964E-05 0.0759128 0.249353 9.9964E-05 9.9964E-05
0.221783 9.9991E-05 0.0118539 0.0607871 0.0384333 0.429941 0.0788603 0.158242
0.151281 9.9973E-05 0.0290805 0.040414 9.9973E-05 0.642872 9.9973E-05 0.136052
0.267278 9.9982E-05 0.00907462 0.101156 9.9982E-05 0.491393 0.0588906 0.0720079
0.226613 9.9982E-05 0.0801275 0.137892 0.0596678 0.485936 0.00956385 9.9982E-05
0.309552 0.00523365 0.0820106 0.0631492 0.0587166 0.461849 0.0193893 9.9991E-05
0.45665 9.9964E-05 0.208557 0.0561538 9.9964E-05 0.278239 9.9964E-05 9.9964E-05
0.400191 9.9973E-05 0.0570139 0.0565339 9.9973E-05 0.334305 0.151656 9.9973E-05
0.236746 9.9973E-05 0.086278 9.9973E-05 0.0146598 0.655958 0.00605877 9.9973E-05
0.210527 9.9991E-05 0.0205096 0.0515199 0.0367541 0.584274 0.0593392 0.0369767
0.271864 9.9973E-05 0.0413803 9.9973E-05 9.9973E-05 0.457906 0.0144701 0.21408
0.191079 9.9982E-05 0.0201733 0.00158214 9.9982E-05 0.589565 0.125491 0.0719087
0.383337 0.0325763 9.9982E-05 0.056798 0.117215 0.365875 9.9982E-05 0.0439988
0.219768 9.9973E-05 0.0266892 9.9973E-05 9.9973E-05 0.719703 0.00221434 0.0313253
0.273998 0.0156217 9.9982E-05 0.0687221 0.0956791 0.471387 0.0743928 9.9982E-05
0.0547503 0.107305 0.00952102 0.157002 0.0429877 0.506551 0.0743581 0.0475245
9.9982E-05 0.300955 0.00576056 0.0284197 0.0969146 0.430622 9.9982E-05 0.137128
9.9991E-05 0.0769326 0.0438282 0.226647 0.0248796 0.49853 0.0113726 0.11771
0.00331105 0.112443 9.9982E-05 0.0968326 0.149752 0.56707 9.9982E-05 0.070392
0.138222 0.00948082 0.0383627 0.0876132 9.9991E-05 0.605893 0.0333571 0.086971
9.9982E-05 0.212387 0.0416207 0.193269 9.9982E-05 0.440866 0.0704796 0.0411779
0.181902 9.9991E-05 0.069303 0.0161383 0.0641331 0.453057 0.210021 0.00534497
0.0211284 0.0632321 0.0492297 0.0550635 0.0770424 0.566313 9.9991E-05 0.167891
0.00826015 0.111609 0.213243 0.099564 0.101225 9.9991E-05 0.0277877 0.43821
0.119811 0.065669 0.0133201 0.197781 9.9991E-05 0.517308 0.0571581 0.0288527
9.9991E-05 0.0995094 0.0799149 0.195408 0.0255731 0.39895 0.128857 0.0716879
0.0738737 0.0335599 0.127402 0.247777 0.0742421 0.411839 0.0296618 0.00164434
0.0966522 0.0654796 0.0867753 0.0595773 0.0159405 0.328005 0.0660659 0.281504
0.00481951 0.10106 0.00711965 0.184694 0.0424167 0.456387 0.0226733 0.18083
9.9982E-05 0.122197 9.9982E-05 0.107205 0.0821797 0.621529 0.029267 0.0374223
9.9973E-05 0.343004 0.0539129 0.119351 9.9973E-05 9.9973E-05 0.0351914 0.44824
9.9964E-05 0.159675 9.9964E-05 0.245926 9.9964E-05 0.516532 9.9964E-05 0.0774674
9.9982E-05 0.0656397 0.00117044 0.185679 0.101425 0.501832 9.9982E-05 0.144054
9.9991E-05 0.100145 0.0332976 0.0901893 0.00257405 0.625706 0.0483813 0.0996071
9.9991E-05 0.100962 0.0109855 0.163181 0.0255188 0.524978 0.0182586 0.156017
0.0430517 0.123478 0.0336486 0.141567 0.099998 0.484345 0.0397776 0.0341335
0.0264988 0.0373056 0.025232 0.0964352 0.115692 0.36423 0.334507 9.9991E-05
0.063998 0.0311361 9.9991E-05 0.0394524 0.0340795 0.518435 0.229447 0.0833516
0.079552 9.9964E-05 0.129157 9.9964E-05 9.9964E-05 0.00117981 0.789711 9.9964E-05
0.0297629 0.0070339 9.9964E-05 9.9964E-05 0.00322438 9.9964E-05 0.959579 9.9964E-05
9.9982E-05 0.0666555 0.010385 0.059654 9.9982E-05 0.468558 0.359652 0.0348952
9.9982E-05 0.0330991 9.9982E-05 0.308816 0.0711045 0.346064 0.0758932 0.164823
9.9973E-05 0.0963676 9.9973E-05 0.255308 9.9973E-05 0.311494 0.209082 0.127448
9.9973E-05 0.148881 9.9973E-05 0.251004 9.9973E-05 0.138021 0.241716 0.220078
9.9973E-05 0.172068 9.9973E-05 0.178897 9.9973E-05 0.391915 0.146524 0.110296
9.9964E-05 9.9964E-05 9.9964E-05 0.0593448 9.9964E-05 0.066488 0.642361 0.231407
9.9973E-05 0.00357777 9.9973E-05 0.0618199 9.9973E-05 0.138155 0.611805 0.184343
9.9973E-05 0.00687178 9.9973E-05 0.115457 9.9973E-05 0.488782 0.360168 0.0284212
9.9964E-05 0.0278436 9.9964E-05 0.145384 9.9964E-05 0.349551 0.476821 9.9964E-05
9.9973E-05 0.0281647 9.9973E-05 0.153541 9.9973E-05 0.118265 0.662029 0.0377009
0.0652038 0.0297783 9.9991E-05 0.148624 0.0298279 0.436734 0.26691 0.0228214
0.00634781 9.9973E-05 9.9973E-05 0.157512 9.9973E-05 0.462568 0.349822 0.0234497
0.0515769 0.104471 9.9991E-05 0.108374 0.0826126 0.389034 0.257039 0.00679283
0.0820569 0.00516713 0.00831453 9.9982E-05 0.0709879 0.322728 0.510545 9.9982E-05
0.025964 9.9973E-05 9.9973E-05 0.0384719 0.104989 0.336329 0.493946 9.9973E-05
0.0377601 9.9982E-05 0.0122016 0.0819554 0.153255 0.451382 0.263246 9.9982E-05
0.0875674 0.0374289 9.9991E-05 0.105652 0.051852 0.324861 0.364297 0.0282428
0.0336519 0.00565745 0.0703815 0.151898 0.14444 0.385209 0.152407 0.0563557
9.9955E-05 9.9955E-05 9.9955E-05 9.9955E-05 0.0924513 0.484832 0.422217 9.9955E-05
0.0837633 9.9973E-05 0.000871378 9.9973E-05 0.0925946 0.170479 0.651992 9.9973E-05
9.9973E-05 0.0659971 0.0423537 9.9973E-05 0.0270825 0.566669 0.297597 9.9973E-05
0.0299448 9.9973E-05 0.00283544 9.9973E-05 0.0312326 0.199451 0.736236 9.9973E-05
9.9973E-05 0.00176296 0.0304173 9.9973E-05 0.0331218 0.357584 0.576814 9.9973E-05
0.0476913 0.0679037 0.0340498 9.9982E-05 9.9982E-05 0.627787 0.220871 0.00149709
0.0278279 0.0612327 0.0607138 9.9973E-05 9.9973E-05 0.479378 0.370548 9.9973E-05
9.9982E-05 0.128767 9.9982E-05 0.120496 0.00143158 0.507989 0.137566 0.10355
0.0327032 0.20526 9.9982E-05 0.110078 0.154254 0.324649 0.172856 9.9982E-05
0.0250515 0.129162 0.00278385 0.311653 0.226598 0.245807 0.0423883 0.0165571
0.0164067 0.179921 9.9991E-05 0.23269 0.151133 0.276603 0.113258 0.029889
0.0720031 0.14557 0.162222 0.173686 0.0106676 0.393081 0.042671 9.9991E-05
0.0145993 0.0640979 9.9982E-05 0.261241 0.184896 0.333617 0.141348 9.9982E-05
9.9964E-05 0.194811 9.9964E-05 0.140824 0.00663526 9.9964E-05 0.657331 9.9964E-05
9.9973E-05 0.0428819 9.9973E-05 0.228616 0.119933 0.517182 0.0910876 9.9973E-05
9.9964E-05 0.292109 9.9964E-05 0.0642981 9.9964E-05 9.9964E-05 0.444725 0.198469
9.9973E-05 0.0588217 9.9973E-05 0.171034 9.9973E-05 0.513997 0.248196 0.00765176
9.9964E-05 9.9964E-05 0.0820408 9.9964E-05 0.0264661 0.0492498 0.841844 9.9964E-05
9.9955E-05 0.00485154 0.0574303 9.9955E-05 9.9955E-05 9.9955E-05 0.937218 9.9955E-05
9.9964E-05 9.9964E-05 0.0598523 0.00177591 9.9964E-05 0.449765 0.488207 9.9964E-05
9.9964E-05 0.00610728 0.00710808 9.9964E-05 9.9964E-05 0.644154 0.34223 9.9964E-05
9.9955E-05 9.9955E-05 9.9955E-05 9.9955E-05 0.00458904 0.386482 0.608429 9.9955E-05
9.9964E-05 0.00395163 0.0274449 9.9964E-05 9.9964E-05 0.504658 0.463545 9.9964E-05
9.9955E-05 9.9955E-05 0.0394404 9.9955E-05 9.9955E-05 0.52426 0.4358 9.9955E-05
9.9982E-05 0.753607 0.0166736 0.0862354 0.0866788 0.0202884 0.0363163 9.9982E-05
0.0780603 0.701016 9.9973E-05 0.153677 0.0602379 9.9973E-05 0.00670967 9.9973E-05
0.00190822 0.88604 9.9964E-05 0.0579152 9.9964E-05 9.9964E-05 9.9964E-05 0.053737
9.9955E-05 0.89204 9.9955E-05 9.9955E-05 9.9955E-05 0.0654257 9.9955E-05 0.0420343
0.00430151 0.0440347 0.383727 0.0213553 9.9982E-05 0.542806 9.9982E-05 0.00357485
0.0798126 0.09401 0.316591 0.0171706 9.9991E-05 0.421499 0.0527031 0.0181131
0.0181721 0.0213003 0.454108 9.9964E-05 9.9964E-05 0.506019 9.9964E-05 9.9964E-05
0.0128976 0.114347 0.238984 0.0629738 0.0578994 0.504202 9.9991E-05 0.00859525
0.104287 0.0286915 0.193333 0.0563274 0.107004 0.469122 0.0411343 9.9991E-05
0.149712 9.9991E-05 0.494596 0.0159452 0.0444535 0.211418 0.0832813 0.000494309
9.9964E-05 9.9964E-05 0.359174 0.0692187 0.0421106 0.529097 9.9964E-05 9.9964E-05
9.9964E-05 9.9964E-05 0.481456 9.9964E-05 0.170744 0.308369 0.0390317 9.9964E-05
0.0218877 0.172833 9.9991E-05 0.133375 0.0460107 0.459761 0.0850098 0.0810224
0.0810418 9.9982E-05 0.41362 0.0455867 9.9982E-05 0.354557 0.0645149 0.0404793
0.091487 0.0276924 0.538859 0.0164394 9.9973E-05 0.325222 9.9973E-05 9.9973E-05
0.00182384 9.9964E-05 0.317958 9.9964E-05 9.9964E-05 0.56136 0.118458 9.9964E-05
0.0421641 9.9964E-05 0.550039 0.0402695 9.9964E-05 0.367127 9.9964E-05 9.9964E-05
9.9946E-05 9.9946E-05 0.439201 9.9946E-05 9.9946E-05 0.560199 9.9946E-05 9.9946E-05
9.9955E-05 0.0957515 0.401182 9.9955E-05 9.9955E-05 0.502567 9.9955E-05 9.9955E-05
9.9964E-05 9.9964E-05 0.900147 9.9964E-05 0.00476505 0.0919606 0.00272767 9.9964E-05
9.9982E-05 0.0375732 0.611717 0.0278477 0.0619931 0.176139 0.0845304 9.9982E-05
0.036357 0.0191493 0.600314 0.006853 9.9982E-05 0.318918 9.9982E-05 0.018209
9.9955E-05 9.9955E-05 0.891175 9.9955E-05 9.9955E-05 9.9955E-05 0.0490494 0.0592758
0.0762129 0.0469824 0.370739 9.9982E-05 9.9982E-05 0.403625 0.0966773 0.00556284
9.9973E-05 9.9973E-05 0.610959 9.9973E-05 0.0837373 0.0838755 0.107798 0.113331
0.0244419 9.9964E-05 0.760906 9.9964E-05 9.9964E-05 9.9964E-05 0.0305367 0.183715
9.9982E-05 0.0290583 0.248414 0.0240585 9.9982E-05 0.562242 0.102256 0.0337718
0.0678368 0.0533963 0.628917 9.9982E-05 0.0484702 0.195542 0.00563689 9.9982E-05
0.0170365 9.9982E-05 0.337099 0.0347718 0.183089 0.420418 9.9982E-05 0.00738556
9.9991E-05 0.0424589 0.223271 0.101919 0.0878113 0.517251 0.00485854 0.0223306
0.0573311 0.00240129 0.346428 9.9982E-05 0.0337068 0.507168 9.9982E-05 0.0527643
0.27412 9.9982E-05 0.139303 0.0252202 9.9982E-05 0.377546 0.10173 0.0818797
0.0206552 0.0461017 0.318694 0.00133354 9.9982E-05 0.580849 0.0321664 9.9982E-05
0.103226 0.0314448 0.414086 0.0667935 0.00560217 0.378647 9.9982E-05 9.9982E-05
9.9955E-05 9.9955E-05 0.641893 9.9955E-05 0.0830403 0.274567 9.9955E-05 9.9955E-05
0.0500482 0.0713289 0.185885 0.0692979 0.0556504 0.534178 0.0335121 9.9991E-05
0.229514 0.645386 9.9973E-05 9.9973E-05 0.100379 0.00956975 0.0148511 9.9973E-05
0.102556 0.740703 0.0737541 0.00754616 9.9982E-05 0.0188693 9.9982E-05 0.0563715
0.153611 0.787187 9.9955E-05 9.9955E-05 9.9955E-05 9.9955E-05 9.9955E-05 0.0587023
0.112441 0.770061 0.0165812 9.9982E-05 0.00135078 9.9982E-05 0.0318308 0.0675355
0.193895 0.699594 9.9964E-05 9.9964E-05 0.10041 0.00570082 9.9964E-05 9.9964E-05
0.153057 0.0500958 0.63589 0.021259 9.9973E-05 0.139398 9.9973E-05 9.9973E-05
0.098739 0.0692404 0.584867 9.9982E-05 0.0851364 0.121178 0.0406391 9.9982E-05
9.9955E-05 9.9955E-05 0.76444 9.9955E-05 9.9955E-05 0.128443 0.106617 9.9955E-05
0.0354929 0.080793 0.30034 0.0546586 9.9982E-05 0.514741 0.0137747 9.9982E-05
9.9973E-05 0.167299 0.226466 9.9973E-05 0.0420387 0.556227 0.0076689 9.9973E-05
9.9973E-05 0.0078123 0.67931 0.0824811 0.0625005 0.167596 9.9973E-05 9.9973E-05
9.9973E-05 9.9973E-05 0.280308 0.09016 0.11759 0.461462 0.0501802 9.9973E-05
9.9991E-05 0.0084413 0.429008 0.0439432 0.107583 0.353313 0.0260262 0.0315855
0.0534128 9.9982E-05 0.202103 0.00570915 0.050101 0.5706 0.117875 9.9982E-05
0.00110994 0.0135172 0.318425 0.127219 0.00301684 0.536512 9.9982E-05 9.9982E-05
0.0852305 9.9973E-05 0.547813 0.00258525 0.142532 0.221539 9.9973E-05 9.9973E-05
0.0927102 0.0037135 0.513061 9.9964E-05 9.9964E-05 0.390116 9.9964E-05 9.9964E-05
0.108358 9.9964E-05 0.524841 9.9964E-05 0.0866973 0.279704 9.9964E-05 9.9964E-05
0.0192949 0.0746577 0.0248722 9.9982E-05 0.269063 0.563456 9.9982E-05 0.0484564
0.0327625 0.00856337 0.539293 9.9964E-05 9.9964E-05 0.418981 9.9964E-05 9.9964E-05
9.9982E-05 0.0855431 0.367981 0.00700079 0.0854937 0.44781 9.9982E-05 0.00597147
9.9964E-05 0.062795 9.9964E-05 0.435115 0.16014 0.341551 9.9964E-05 9.9964E-05
9.9991E-05 0.0760181 0.0849781 0.525009 0.0523811 0.228383 0.0309003 0.00223091
9.9973E-05 0.000892298 9.9973E-05 0.446686 0.0507288 0.389745 9.9973E-05 0.111647
9.9982E-05 0.0631245 9.9982E-05 0.486578 0.0327811 0.222579 0.00255824 0.192179
9.9973E-05 0.00937484 9.9973E-05 0.361017 0.0413557 0.461626 9.9973E-05 0.126326
9.9964E-05 9.9964E-05 0.229421 9.9964E-05 0.261612 0.474621 9.9964E-05 0.0339461
9.9982E-05 0.222696 9.9982E-05 0.643997 0.0109201 0.0152757 0.00463856 0.102272
9.9973E-05 0.079231 9.9973E-05 0.504575 9.9973E-05 0.265164 0.103115 0.0476153
9.9982E-05 0.0805233 0.0420925 0.146289 0.220361 0.399997 9.9982E-05 0.110538
9.9973E-05 0.095495 9.9973E-05 0.0596753 0.482449 0.361924 9.9973E-05 0.000156585
0.0411325 0.091389 0.0668266 0.0615799 0.44093 0.296899 9.9991E-05 0.00114306
0.0316875 0.0108222 0.0145606 0.109112 0.363199 0.470419 9.9982E-05 9.9982E-05
9.9991E-05 0.0923605 0.115214 0.0133234 0.146822 0.552618 0.0233393 0.0562227
9.9964E-05 0.158828 9.9964E-05 0.469855 9.9964E-05 0.334868 9.9964E-05 0.0360495
0.124556 0.112714 0.0188484 0.319508 0.000648876 0.345189 9.9991E-05 0.0784354
9.9973E-05 0.0280639 9.9973E-05 0.451985 0.0171305 0.409587 9.9973E-05 0.0929334
9.9991E-05 0.102663 0.0663648 0.280099 0.0447258 0.346432 0.0992233 0.0603913
9.9964E-05 0.074998 9.9964E-05 0.473898 9.9964E-05 0.299901 9.9964E-05 0.150803
0.0184227 0.0531256 0.173479 0.390342 9.9982E-05 0.308656 9.9982E-05 0.0557742
9.9991E-05 0.0857495 0.0336309 0.570909 0.000909034 0.186941 0.0517896 0.069971
9.9991E-05 0.0158924 0.0962149 0.387493 0.0645748 0.352624 0.0306589 0.0524423
9.9982E-05 0.0685647 0.0285489 0.0102406 0.403094 0.451189 9.9982E-05 0.0381626
9.9973E-05 0.227849 0.0711079 0.331725 0.0296682 0.33935 9.9973E-05 9.9973E-05
9.9973E-05 0.125578 9.9973E-05 0.64128 0.0240353 0.110512 9.9973E-05 0.0982951
0.00518864 0.188845 0.0900785 0.30242 9.9982E-05 0.363603 9.9982E-05 0.0496655
0.158124 0.124519 9.9964E-05 9.9964E-05 0.619669 0.0972878 9.9964E-05 9.9964E-05
0.00320462 9.9964E-05 9.9964E-05 0.122379 0.490187 0.383829 9.9964E-05 9.9964E-05
0.113199 0.136236 9.9982E-05 0.322444 9.9982E-05 0.364291 0.00288183 0.0607484
9.9973E-05 0.0877315 9.9973E-05 0.0340292 0.327442 0.547572 0.00292523 9.9973E-05
0.0506291 0.108862 0.0296884 0.0357389 0.367513 0.407368 9.9982E-05 9.9982E-05
0.105727 0.109339 0.123575 0.203618 0.0575389 0.320901 9.9991E-05 0.0792002
9.9982E-05 0.196102 9.9982E-05 0.206793 0.00800759 0.330599 0.13957 0.118729
9.9982E-05 0.0713037 0.154452 0.17518 0.192202 0.384536 9.9982E-05 0.0221262
0.000975758 0.143282 9.9991E-05 0.353872 0.051581 0.369355 0.0439449 0.036889
9.9973E-05 0.0653663 9.9973E-05 0.434315 0.0120595 0.392821 9.9973E-05 0.0951377
9.9964E-05 0.126048 9.9964E-05 0.598894 9.9964E-05 0.156961 9.9964E-05 0.117697
9.9982E-05 0.111541 0.0734533 9.9982E-05 0.162972 0.529364 0.0402879 0.0821809
0.0277361 0.0938094 0.0162667 9.9973E-05 0.471197 0.390691 9.9973E-05 9.9973E-05
9.9991E-05 0.0120942 0.0404471 0.0536862 0.614453 0.0194336 0.0517728 0.208013
9.9982E-05 0.047909 0.0653918 0.0543214 0.239464 0.552021 9.9982E-05 0.0406928
0.143826 0.154738 0.020834 0.00861642 0.134813 0.423656 0.0948085 0.0187077
9.9973E-05 0.170606 0.0860783 0.106655 9.9973E-05 0.44589 9.9973E-05 0.190471
0.168998 0.0801706 0.107286 0.0607408 0.0285015 0.416596 9.9991E-05 0.137607
0.0359006 0.011864 0.0567685 0.0563095 9.9982E-05 0.00839409 9.9982E-05 0.830563
9.994E-05 9.994E-05 9.994E-05 9.994E-05 9.994E-05 9.994E-05 9.994E-05 0.9993
