0.909857 9.9991E-05 0.0900432
0.94368 0.0167518 0.0395679
0.831588 0.00432745 0.164085
0.810511 0.0159183 0.173571
0.879765 9.9991E-05 0.120135
0.686698 0.22032 0.0929815
0.891326 0.0576751 0.0509985
0.793751 0.125768 0.0804805
0.916618 0.0832816 9.9991E-05
0.737937 0.0952874 0.166776
0.823734 0.138108 0.038158
0.0849038 0.731611 0.183486
0.0384254 0.645085 0.316489
0.166012 0.699711 0.134277
0.0869005 0.59534 0.317759
0.154269 0.475577 0.370154
0.0403465 0.513824 0.44583
0.000674928 0.653086 0.346239
0.215461 0.576243 0.208297
0.215422 0.784478 9.9991E-05
0.0795769 0.637774 0.282649
0.0685597 0.602546 0.328894
0.0490265 0.595628 0.355345
0.0815953 0.664416 0.253988
0.0756007 0.524499 0.399901
0.0702168 0.574114 0.35567
0.139724 0.723048 0.137228
0.126401 0.633978 0.239621
0.0889041 0.784272 0.126823
0.810007 9.9991E-05 0.189893
0.785064 9.9991E-05 0.214836
0.756405 0.0256861 0.217909
0.760182 9.9991E-05 0.239718
9.9991E-05 0.629752 0.370148
0.0638045 0.608922 0.327273
9.9991E-05 0.693838 0.306062
0.251392 0.746879 0.00172965
9.9991E-05 0.794383 0.205517
0.0223615 0.645587 0.332051
9.9991E-05 0.509647 0.490253
0.0783838 0.567979 0.353637
0.0226587 0.576617 0.400724
0.0745145 0.922838 0.00264707
9.9991E-05 0.555133 0.444767
0.00417897 0.579487 0.416334
0.0941852 0.46926 0.436554
9.9991E-05 0.8418 0.1581
9.9991E-05 0.58533 0.41457
0.135016 0.492928 0.372056
0.17596 0.82394 9.9991E-05
0.126176 0.851123 0.0227009
0.142412 0.845705 0.0118827
9.9991E-05 0.558278 0.441622
0.0294555 0.506675 0.46387
0.114146 0.502299 0.383555
0.156193 0.805698 0.0381086
9.9991E-05 0.691659 0.308241
0.0388183 0.555307 0.405874
0.124662 0.662234 0.213104
0.351448 0.60175 0.0468018
9.9991E-05 0.645644 0.354256
0.0970233 0.577606 0.325371
0.173415 0.826485 9.9991E-05
9.9991E-05 0.720688 0.279212
9.9991E-05 0.575988 0.423912
0.059676 0.512341 0.427983
0.104721 0.702681 0.192598
0.0367284 0.648456 0.314815
0.0132535 0.575249 0.411497
0.0929241 0.82654 0.0805355
9.9991E-05 0.70025 0.29965
0.0320187 0.888088 0.0798929
0.0220517 0.558888 0.41906
0.00182269 0.998077 9.9991E-05
0.0514135 0.948487 9.9991E-05
9.9991E-05 0.877004 0.122896
9.9991E-05 0.728843 0.271057
0.00129764 0.604428 0.394274
9.9991E-05 0.741115 0.258785
0.0715477 0.864106 0.0643464
0.10948 0.802264 0.0882564
0.0465877 0.588147 0.365265
0.0348044 0.784994 0.180201
0.0560811 0.752622 0.191297
9.9991E-05 0.805767 0.194133
0.0790278 0.920872 9.9991E-05
9.9991E-05 0.600394 0.399506
0.834545 9.9991E-05 0.165355
0.853517 9.9991E-05 0.146383
0.814712 9.9991E-05 0.185188
0.89189 9.9991E-05 0.10801
0.842183 9.9991E-05 0.157717
0.876557 9.9991E-05 0.123343
0.892434 9.9991E-05 0.107466
0.0674264 0.610817 0.321757
0.0375945 0.583026 0.37938
0.0432645 0.956636 9.9991E-05
0.0736849 0.539295 0.38702
0.0153411 0.758617 0.226042
9.9991E-05 0.606053 0.393847
9.9991E-05 0.61547 0.38443
9.9991E-05 0.617666 0.382234
0.120569 0.879331 9.9991E-05
0.0676757 0.469966 0.462358
0.0341244 0.550025 0.415851
0.0324492 0.55161 0.415941
0.00372218 0.828128 0.16815
9.9991E-05 0.670596 0.329304
0.0206497 0.723716 0.255635
9.9991E-05 0.713435 0.286465
0.0318917 0.716906 0.251202
0.0422384 0.554883 0.402878
0.150867 0.735141 0.113992
0.132861 0.591791 0.275349
0.130807 0.520511 0.348681
0.082053 0.477296 0.440651
0.0667665 0.713493 0.219741
9.9991E-05 0.619705 0.380195
0.0585144 0.665031 0.276455
0.0444048 0.611471 0.344124
0.0406486 0.571892 0.387459
0.0159457 0.674974 0.30908
9.9991E-05 0.795793 0.204107
9.9991E-05 0.567794 0.432106
0.0987035 0.509078 0.392218
9.9991E-05 0.634392 0.365508
0.00988976 0.586274 0.403836
9.9991E-05 0.61739 0.38251
0.160871 0.599881 0.239248
9.9991E-05 0.523959 0.475941
0.0400759 0.532123 0.427801
0.108877 0.744111 0.147013
0.163434 0.787741 0.0488252
0.0795675 0.601715 0.318718
0.0532109 0.895056 0.0517334
0.128643 0.761148 0.110208
0.00928078 0.755928 0.234791
0.0797645 0.809733 0.110503
0.0997448 0.788095 0.11216
0.0338489 0.547689 0.418462
0.0370737 0.520291 0.442635
0.0772899 0.563551 0.359159
0.0950612 0.826772 0.0781669
0.187082 0.463044 0.349874
0.0376778 0.611365 0.350957
0.3046 0.6953 9.9991E-05
0.0463129 0.505533 0.448154
0.106254 0.630603 0.263142
0.0851892 0.550954 0.363857
0.22568 0.625942 0.148379
0.194247 0.753634 0.0521196
0.0720248 0.709527 0.218449
0.186451 0.447183 0.366365
0.129967 0.563981 0.306052
0.195394 0.652879 0.151727
0.0328143 0.595372 0.371813
9.9991E-05 0.794987 0.204913
0.0217269 0.718032 0.260241
0.044498 0.560743 0.394759
0.380501 0.216131 0.403368
0.733995 0.0979054 0.168099
0.654953 0.177453 0.167594
0.487677 0.0940452 0.418278
9.9991E-05 0.628774 0.371126
0.117954 0.563522 0.318524
0.0118282 0.100132 0.88804
0.0326403 0.299542 0.667818
0.0953088 0.286745 0.617946
0.0485968 0.783492 0.167911
0.0278223 0.5397 0.432478
0.0841118 0.808475 0.107413
9.9991E-05 0.590324 0.409576
0.0303097 0.740672 0.229019
0.0249375 0.577801 0.397261
0.0619095 0.82896 0.109131
9.9991E-05 0.491008 0.508892
0.0111618 0.586023 0.402815
0.0756879 9.9991E-05 0.924212
0.0615154 9.9991E-05 0.938385
0.103193 0.1883 0.708507
0.0491376 0.0884083 0.862454
0.0427971 0.0450051 0.912198
0.059497 9.9991E-05 0.940403
0.0693803 9.9991E-05 0.93052
9.999E-05 9.999E-05 0.9998
0.0455749 9.9991E-05 0.954325
0.0151914 9.9991E-05 0.984709
0.0687494 9.9991E-05 0.931151
0.133527 0.0165888 0.849884
0.108054 9.9991E-05 0.891846
0.0298789 9.9991E-05 0.970021
0.0683097 0.289314 0.642376
0.125108 0.0696071 0.805285
0.136104 9.9991E-05 0.863796
0.0669426 9.9991E-05 0.932957
0.0216437 9.9991E-05 0.978256
0.124633 9.9991E-05 0.875267
0.0501265 9.9991E-05 0.949773
0.0780147 0.140117 0.781868
0.0910201 9.9991E-05 0.90888
0.51898 0.432643 0.0483765
0.226098 0.430541 0.343361
0.201356 0.526134 0.27251
0.29857 0.45797 0.24346
0.144259 0.427541 0.4282
0.344303 0.398755 0.256942
0.179387 0.489153 0.33146
0.172891 0.417897 0.409213
0.197381 0.391972 0.410647
0.18028 0.36122 0.4585
0.149676 0.499468 0.350856
0.85783 0.0589583 0.0832115
0.930704 9.9991E-05 0.0691964
0.960935 9.9991E-05 0.0389647
0.958127 9.9991E-05 0.0417726
0.940024 9.9991E-05 0.0598755
0.86514 9.9991E-05 0.13476
0.863215 9.9991E-05 0.136685
0.925774 0.00755447 0.0666711
0.889068 9.9991E-05 0.110832
0.854078 9.9991E-05 0.145822
0.696569 0.303331 9.9991E-05
0.661624 0.321363 0.0170127
0.630642 0.369258 9.9991E-05
0.589102 0.410798 9.9991E-05
0.019846 0.633475 0.346679
9.9991E-05 0.648796 0.351104
9.9991E-05 0.674891 0.325009
0.0159084 0.785201 0.198891
0.129105 0.825904 0.0449907
9.9991E-05 0.600268 0.399632
9.9991E-05 0.696573 0.303327
9.9991E-05 0.688956 0.310944
9.9991E-05 0.727151 0.272749
9.9991E-05 0.580469 0.419431
9.9991E-05 0.777727 0.222173
0.0305153 0.969385 9.9991E-05
9.9991E-05 0.69664 0.30326
0.0533158 0.846875 0.0998096
9.9991E-05 0.70458 0.29532
0.0800693 0.919831 9.9991E-05
0.320456 0.679444 9.9991E-05
0.293831 0.706069 9.9991E-05
0.249936 0.749964 9.9991E-05
0.297506 0.702394 9.9991E-05
0.268965 0.730935 9.9991E-05
0.279226 0.720674 9.9991E-05
0.867151 9.9991E-05 0.132749
0.836141 0.0158533 0.148006
0.758592 9.9991E-05 0.241308
0.79575 0.00206642 0.202184
0.834037 9.9991E-05 0.165863
0.538987 0.460913 9.9991E-05
0.594963 0.404937 9.9991E-05
0.578377 0.421523 9.9991E-05
0.805985 9.9991E-05 0.193915
0.565784 0.434116 9.9991E-05
0.255526 0.176594 0.56788
0.0962379 0.35739 0.546372
0.139403 0.163584 0.697013
0.247902 0.274056 0.478042
0.147065 0.332625 0.52031
0.537112 0.0535427 0.409346
0.0108632 0.784787 0.20435
0.0440077 0.75808 0.197912
0.187232 0.717087 0.0956812
9.9991E-05 0.716793 0.283107
0.067891 0.932009 9.9991E-05
0.123837 0.513833 0.362331
0.0559827 0.63443 0.309588
0.123007 0.778093 0.0989007
0.113429 0.562451 0.32412
0.101803 0.898097 9.9991E-05
0.0188472 0.664942 0.316211
0.0213827 0.653215 0.325403
0.178499 0.415703 0.405798
9.9991E-05 0.764375 0.235525
0.0173369 0.668947 0.313716
0.0550257 0.577266 0.367708
9.9991E-05 0.72184 0.27806
9.9991E-05 0.569657 0.430243
0.0863968 0.572629 0.340974
9.9991E-05 0.564999 0.434901
0.74191 9.9991E-05 0.25799
0.833356 0.00278565 0.163858
0.780036 0.128704 0.0912599
0.831034 0.067516 0.10145
0.832931 9.9991E-05 0.166969
0.128495 0.820056 0.051449
0.0642426 0.50952 0.426238
0.203804 0.331553 0.464643
9.9991E-05 0.609418 0.390482
9.9991E-05 0.657444 0.342456
0.144373 0.716146 0.139481
0.323975 0.675925 9.9991E-05
0.0286089 0.641006 0.330385
0.213479 0.736633 0.0498876
0.097255 0.60453 0.298215
0.29048 0.70544 0.00407974
0.0479547 0.493084 0.458961
0.184451 0.754409 0.0611397
0.0988404 0.676741 0.224419
0.0370533 0.615198 0.347749
0.088422 0.741137 0.170441
0.0726008 0.597873 0.329526
0.0820355 0.556511 0.361453
0.0443304 0.755828 0.199842
0.0627789 0.54667 0.390552
0.0459823 0.618292 0.335726
0.0655376 0.934362 9.9991E-05
0.0432245 0.846242 0.110534
0.0615526 0.73686 0.201587
0.118998 0.880902 9.9991E-05
0.0133554 0.752856 0.233788
0.154016 0.845884 9.9991E-05
9.9991E-05 0.86499 0.13491
0.0486128 0.692804 0.258584
9.9991E-05 0.52386 0.47604
0.0510438 0.885964 0.0629917
0.077486 0.530577 0.391937
0.00833398 0.624025 0.367641
0.058916 0.589411 0.351673
0.0393703 0.524267 0.436363
0.100015 0.659877 0.240108
0.0810759 0.756645 0.162279
0.0317871 0.723381 0.244832
9.9991E-05 0.663958 0.335942
9.9991E-05 0.599584 0.400316
0.0892449 0.71234 0.198415
9.9991E-05 0.64533 0.354571
0.140433 0.631483 0.228084
0.00249034 0.606514 0.390995
0.00231218 0.612994 0.384694
0.024107 0.507442 0.468451
0.307777 0.294528 0.397695
0.114694 0.399193 0.486113
0.103592 0.470279 0.426129
0.0245224 0.506353 0.469125
0.136668 0.347458 0.515875
9.9991E-05 0.732533 0.267367
0.105833 0.442768 0.451399
0.377385 0.442863 0.179751
0.133831 0.411386 0.454783
0.0651606 0.403763 0.531077
0.0153657 0.449651 0.534983
0.20498 0.469737 0.325283
0.190561 0.326913 0.482526
0.112814 0.340169 0.547017
0.632285 0.154986 0.212729
0.153119 0.353192 0.493689
0.0786669 0.337843 0.58349
0.0580429 0.479703 0.462254
0.168491 0.307168 0.524341
0.173806 0.425608 0.400586
0.0128223 0.705392 0.281786
0.117419 0.566706 0.315876
0.0228375 0.977062 9.9991E-05
0.0553956 0.944504 9.9991E-05
0.095958 0.549116 0.354926
0.149649 0.272772 0.577579
0.155074 0.283275 0.561651
0.252284 0.326704 0.421012
0.157039 0.303542 0.539419
0.175958 0.677052 0.146989
0.173828 0.615737 0.210435
9.9991E-05 0.577366 0.422534
0.0397306 0.545168 0.415101
0.116826 0.618996 0.264178
0.0364401 0.520142 0.443418
9.9991E-05 0.493335 0.506565
0.155505 0.422684 0.421811
0.0123844 0.860171 0.127444
0.0113755 0.763958 0.224667
0.0312583 0.647507 0.321235
0.0629269 0.664097 0.272976
0.102843 0.55191 0.345247
9.9991E-05 0.697671 0.302229
0.0524237 0.830692 0.116884
9.9991E-05 0.665321 0.334579
0.057253 0.845565 0.0971822
0.00898137 0.716931 0.274088
0.0346013 0.570569 0.39483
0.0348458 0.686695 0.278459
0.148757 0.348654 0.50259
0.199313 0.398556 0.402131
0.164137 0.394735 0.441128
0.15371 0.398662 0.447629
0.0926013 0.493682 0.413717
0.183263 0.415771 0.400966
0.311077 0.536281 0.152643
0.0649927 0.387745 0.547262
0.521259 0.344069 0.134672
0.00545196 0.411975 0.582573
0.0298864 0.930624 0.0394893
0.0636649 0.936235 9.9991E-05
9.9991E-05 0.749567 0.250333
9.9991E-05 0.602245 0.397655
9.9991E-05 0.867927 0.131973
9.9991E-05 0.718113 0.281787
9.9991E-05 0.692428 0.307472
0.801554 9.9991E-05 0.198346
0.794291 0.0638038 0.141905
0.910462 9.9991E-05 0.0894378
0.924851 9.9991E-05 0.0750489
9.9991E-05 0.655688 0.344212
0.0365275 0.668217 0.295255
9.9991E-05 0.711824 0.288076
0.0535198 0.552923 0.393557
0.00587584 0.660713 0.333411
0.0492921 0.820676 0.130032
9.9991E-05 0.633925 0.365975
9.9991E-05 0.811852 0.188048
0.27047 0.289248 0.440281
9.9991E-05 0.707573 0.292327
9.9991E-05 0.802307 0.197593
9.9991E-05 0.679718 0.320182
9.9991E-05 0.795927 0.203973
9.9991E-05 0.634027 0.365873
0.00257617 0.581802 0.415622
9.999E-05 0.9998 9.999E-05
0.0129729 0.818302 0.168725
9.9991E-05 0.800924 0.198976
0.0274891 0.972411 9.9991E-05
9.9991E-05 0.686175 0.313725
0.0580419 0.901675 0.0402835
0.0765962 0.923304 9.9991E-05
9.9991E-05 0.581107 0.418793
0.0474754 0.844977 0.107547
9.9991E-05 0.737195 0.262705
0.073951 0.522502 0.403547
9.9991E-05 0.682687 0.317213
0.00789493 0.748454 0.243651
9.9991E-05 0.673994 0.325906
9.9991E-05 0.688923 0.310977
9.9991E-05 0.872567 0.127333
9.9991E-05 0.660274 0.339626
0.749242 0.250659 9.9991E-05
0.792096 0.11033 0.0975741
0.910177 0.0897232 9.9991E-05
0.890273 0.109627 9.9991E-05
0.776034 0.206688 0.0172788
0.0523042 0.858652 0.0890433
0.105569 0.881372 0.0130597
9.9991E-05 0.89212 0.10778
0.0532784 0.577952 0.368769
0.0714675 0.554187 0.374346
9.9991E-05 0.777686 0.222214
9.9991E-05 0.614926 0.384974
0.0944204 0.586717 0.318863
9.9991E-05 0.722569 0.277331
9.9991E-05 0.619267 0.380633
0.00663885 0.837817 0.155544
9.9991E-05 0.800868 0.199032
9.9991E-05 0.850906 0.148994
0.0489173 0.580955 0.370128
9.9991E-05 0.787492 0.212408
9.9991E-05 0.684327 0.315573
0.0805361 0.263356 0.656107
0.0898225 0.233559 0.676618
0.126075 0.15775 0.716175
0.121965 0.142802 0.735233
0.0878121 0.301892 0.610296
0.0132795 0.669426 0.317294
0.352921 9.9991E-05 0.646979
0.156147 0.132284 0.711569
0.127345 0.420291 0.452364
0.169134 0.472432 0.358434
0.148789 0.586268 0.264943
0.0908144 0.461205 0.44798
0.0277592 0.588872 0.383369
0.223934 0.0180672 0.757998
0.149152 0.193723 0.657125
0.0671762 0.0995482 0.833276
0.110588 0.306144 0.583268
0.14742 0.101756 0.750825
0.091536 0.283168 0.625296
0.179349 0.100611 0.72004
0.150324 0.137141 0.712536
0.0361699 0.601118 0.362712
0.193049 0.242896 0.564054
0.268184 9.9991E-05 0.731716
0.116074 0.269448 0.614478
0.24056 0.660657 0.0987837
9.9991E-05 0.578492 0.421408
0.195858 0.287594 0.516549
0.0625307 0.583468 0.354002
0.166913 0.503931 0.329155
0.236726 0.297656 0.465617
0.239755 0.247325 0.51292
0.074778 0.442939 0.482283
0.084989 0.269433 0.645578
0.121116 0.145449 0.733436
0.252077 0.0058059 0.742117
0.0511489 0.506611 0.442241
0.0994944 0.63187 0.268635
0.232562 0.621337 0.146101
0.038154 0.435942 0.525904
0.148259 0.639578 0.212163
0.187114 0.360711 0.452176
0.116938 0.499628 0.383433
0.500794 0.320987 0.178219
0.495972 0.344119 0.159908
0.190935 0.50312 0.305945
0.470749 0.293615 0.235636
0.538992 0.18963 0.271378
0.153953 0.511272 0.334776
0.28114 0.328296 0.390565
0.355858 0.348078 0.296064
0.394684 0.336407 0.268909
0.0896978 0.46987 0.440432
0.303358 0.472313 0.224328
0.651684 0.267768 0.0805474
0.116494 0.378181 0.505326
0.184174 0.378896 0.43693
0.350042 0.244061 0.405897
0.100933 0.25207 0.646997
0.110137 0.377282 0.512582
0.147764 0.271551 0.580684
0.388664 0.1601 0.451236
0.146322 0.237664 0.616013
0.239234 0.219842 0.540924
0.236212 0.31554 0.448248
0.152592 0.504039 0.343369
0.14143 0.411549 0.447021
0.113792 0.361785 0.524423
9.9991E-05 0.56378 0.43612
0.262255 0.209796 0.527949
0.12869 0.326885 0.544425
0.474903 0.210666 0.314432
0.168756 0.271112 0.560132
0.328259 0.217584 0.454157
0.85229 0.133196 0.0145135
0.255396 0.744504 9.9991E-05
0.248303 0.751597 9.9991E-05
0.260698 0.739202 9.9991E-05
0.2161 0.7838 9.9991E-05
0.279463 0.720437 9.9991E-05
0.17488 0.82502 9.9991E-05
0.284839 0.715061 9.9991E-05
0.390162 0.609738 9.9991E-05
0.914384 9.9991E-05 0.0855165
0.860948 0.0243105 0.114742
0.873245 9.9991E-05 0.126655
0.863447 0.0946213 0.0419313
0.887047 9.9991E-05 0.112853
0.943938 0.00645044 0.0496112
0.792217 9.9991E-05 0.207683
0.876186 9.9991E-05 0.123714
0.71627 0.106914 0.176817
0.880628 9.9991E-05 0.119272
0.987399 9.9991E-05 0.012501
0.865938 9.9991E-05 0.133962
0.95655 9.9991E-05 0.0433504
0.884983 9.9991E-05 0.114917
0.846321 0.00171712 0.151962
0.817949 9.9991E-05 0.181951
0.757567 9.9991E-05 0.242333
0.747112 9.9991E-05 0.252788
0.803425 9.9991E-05 0.196475
0.130668 0.604604 0.264728
9.9991E-05 0.613749 0.386151
9.9991E-05 0.575163 0.424737
0.15065 0.764854 0.0844959
0.0815097 0.604122 0.314368
0.29979 0.631583 0.0686267
0.00686269 0.510223 0.482914
0.0819542 0.688783 0.229263
0.075967 0.588015 0.336018
9.9991E-05 0.713466 0.286434
0.119698 0.618839 0.261464
0.0538448 0.564149 0.382006
0.0579595 0.632325 0.309716
0.1529 0.84046 0.00663994
0.202744 0.797156 9.9991E-05
0.184091 0.715565 0.100344
0.0719536 0.560096 0.367951
0.106194 0.600818 0.292989
0.0927642 0.576852 0.330384
0.0199422 0.50364 0.476418
0.126392 0.349449 0.52416
0.0933998 0.393095 0.513506
0.489314 0.303267 0.207419
0.111299 0.464747 0.423955
0.245424 0.425208 0.329368
0.57042 0.262438 0.167142
0.259049 0.228407 0.512544
0.322497 0.30561 0.371893
0.275474 0.370584 0.353943
0.0911669 0.364761 0.544072
0.187583 0.32088 0.491537
0.0973973 0.353107 0.549496
0.180783 0.39836 0.420857
0.448065 0.155008 0.396927
