0.111339 0.888561 9.9991E-05
0.0693157 0.917885 0.0127989
0.184161 0.815739 9.9991E-05
0.177754 0.812235 0.0100116
0.142855 0.857045 9.9991E-05
0.165003 0.63283 0.202167
0.0731903 0.861922 0.0648872
0.0730956 0.776224 0.15068
9.9991E-05 0.918278 0.0816219
0.19197 0.717222 0.0908078
0.0405493 0.7868 0.172651
0.174191 0.0851072 0.740701
0.341725 0.0822162 0.576059
0.152052 0.178794 0.669154
0.286601 0.121375 0.592024
0.308383 0.151808 0.539809
0.41976 0.0390954 0.541145
0.331866 0.0223783 0.645756
0.24621 0.179289 0.574501
9.9991E-05 0.229127 0.770773
0.371963 9.9991E-05 0.627937
0.242961 0.0300499 0.726989
0.357139 0.0186546 0.624206
0.196531 0.104136 0.699333
0.387726 0.0812019 0.531072
0.354202 0.031508 0.61429
0.10063 0.168807 0.730562
0.233289 0.136937 0.629774
0.0993668 0.121136 0.779497
0.18478 0.81512 9.9991E-05
0.194837 0.805063 9.9991E-05
0.180578 0.785043 0.034379
0.248115 0.724923 0.026962
0.314563 9.9991E-05 0.685337
0.395866 9.9991E-05 0.604034
0.294042 9.9991E-05 0.705858
0.0612559 0.259534 0.67921
0.136231 0.0421382 0.821631
0.326795 0.0642263 0.608978
0.448989 9.9991E-05 0.550911
0.390258 0.0459138 0.563828
0.42371 9.9991E-05 0.57619
0.0230415 0.094905 0.882054
0.444561 0.0316541 0.523785
0.444707 0.0271047 0.528189
0.452931 0.0166952 0.530374
0.143226 9.9991E-05 0.856674
0.454707 9.9991E-05 0.545193
0.393244 0.0901725 0.516583
9.9991E-05 0.172751 0.827149
0.0291355 0.0794752 0.891389
0.00458389 0.187059 0.808357
0.467982 0.028506 0.503512
0.462586 0.0219473 0.515467
0.453566 0.0311465 0.515288
0.00922525 0.256115 0.73466
0.317932 9.9991E-05 0.681968
0.425651 0.0579892 0.516359
0.194611 0.160238 0.64515
0.0294767 0.315242 0.655281
0.313663 0.0735154 0.612821
0.346638 0.029196 0.624166
9.9991E-05 0.201524 0.798376
0.29034 0.011976 0.697684
0.473801 9.9991E-05 0.526099
0.334557 0.0969467 0.568497
0.209469 0.114243 0.676288
0.329708 0.0344572 0.635835
0.343261 0.0592633 0.597476
0.0408088 0.143289 0.815902
0.258962 9.9991E-05 0.740938
0.120151 0.0220699 0.857779
0.357107 0.100711 0.542183
9.9991E-05 0.0531157 0.946784
9.9991E-05 0.0155166 0.984383
0.148741 9.9991E-05 0.851159
0.241743 9.9991E-05 0.758157
0.44842 0.0162339 0.535346
0.30129 9.9991E-05 0.69861
0.0827464 0.0859418 0.831312
0.138002 0.0801933 0.781804
0.367164 0.0881877 0.544649
0.207762 0.0221002 0.770137
0.282029 0.0217489 0.696222
0.205493 9.9991E-05 0.794407
9.9991E-05 0.0732055 0.926695
0.382756 9.9991E-05 0.617144
0.199817 0.800083 9.9991E-05
0.112034 0.887866 9.9991E-05
0.173214 0.826686 9.9991E-05
0.1147 0.8852 9.9991E-05
0.152749 0.847151 9.9991E-05
0.121382 0.878519 9.9991E-05
0.110669 0.889231 9.9991E-05
0.357224 0.0510749 0.591702
0.389602 0.0395705 0.570828
9.9991E-05 0.067852 0.932048
0.406791 0.0372205 0.555988
0.310893 9.9991E-05 0.689007
0.423355 9.9991E-05 0.576545
0.354918 9.9991E-05 0.644982
0.324611 9.9991E-05 0.675289
9.9991E-05 0.0976399 0.90226
0.367691 0.112289 0.520021
0.429795 9.9991E-05 0.570105
0.404211 0.0518036 0.543985
0.170589 0.00950782 0.819903
0.30959 9.9991E-05 0.69031
0.26231 9.9991E-05 0.73759
0.217276 9.9991E-05 0.782624
0.266216 9.9991E-05 0.733684
0.27078 0.087103 0.642117
0.115081 0.158707 0.726212
0.287545 0.141864 0.57059
0.313756 0.125483 0.560761
0.373706 0.0659676 0.560326
0.270231 9.9991E-05 0.729669
0.328317 9.9991E-05 0.671583
0.251532 0.0528432 0.695625
0.313946 0.0646257 0.621428
0.388594 9.99931E-05 0.611306
0.330115 0.010016 0.659869
0.204204 9.9991E-05 0.795696
0.421333 0.0622567 0.51641
0.372018 0.0689764 0.559006
0.412227 9.9991E-05 0.587673
0.424042 0.00378755 0.57217
0.373625 9.9991E-05 0.626275
0.184376 0.140713 0.674911
0.434894 9.9991E-05 0.565006
0.463502 9.9991E-05 0.536398
0.181806 0.119759 0.698436
0.0748067 0.172575 0.752619
0.380522 0.0378073 0.581671
0.0177201 0.069505 0.912775
0.0823831 0.106309 0.811308
0.186967 9.9991E-05 0.812933
0.121372 0.0943494 0.784279
0.143091 0.127206 0.729704
0.378096 0.0019076 0.619996
0.352229 0.154337 0.493434
0.331555 0.0856144 0.58283
0.0621419 0.13426 0.803598
0.321322 0.191142 0.487536
0.374257 0.0673187 0.558424
9.9991E-05 0.279741 0.720159
0.430042 0.0459832 0.523975
0.230265 0.103295 0.66644
0.405309 0.0596672 0.535023
0.129691 0.205929 0.664379
0.0321286 0.221574 0.746297
0.220307 0.0948627 0.684831
0.336469 0.0429015 0.62063
0.230158 0.209208 0.560634
0.121789 0.204228 0.673983
0.327465 0.0684088 0.604126
0.124647 9.9991E-05 0.875253
0.262406 9.9991E-05 0.737494
0.36205 0.126782 0.511168
0.333222 0.402802 0.263976
0.178595 0.736796 0.0846094
0.151219 0.665632 0.183149
0.429236 0.470392 0.100371
0.385327 9.9991E-05 0.614573
0.333752 0.0601053 0.606143
0.892493 0.0253622 0.0821446
0.667542 0.0776105 0.254848
0.667759 0.0780367 0.254204
0.173991 0.0346441 0.791365
0.415224 0.0531225 0.531654
0.114076 0.111964 0.77396
0.349512 9.9991E-05 0.650388
0.301057 9.9991E-05 0.698843
0.394216 9.9991E-05 0.605684
0.0722931 0.0952244 0.832482
0.425018 0.00762774 0.567355
0.378215 0.0539312 0.567854
0.968336 0.0315643 9.9991E-05
0.929653 0.0647245 0.00562233
0.753399 0.06629 0.180311
0.906494 9.9991E-05 0.0934061
0.92764 0.0591898 0.0131698
0.969219 0.0306815 9.9991E-05
0.887414 0.112486 9.9991E-05
0.976239 0.0236614 9.9991E-05
0.974466 0.0254344 9.9991E-05
0.973643 0.0262571 9.9991E-05
0.947457 0.052443 9.9991E-05
0.877777 0.109634 0.0125894
0.873282 0.126618 9.9991E-05
0.921011 0.0788886 9.9991E-05
0.610172 0.0430049 0.346823
0.814852 0.0263009 0.158848
0.852959 0.0980821 0.0489592
0.923977 0.0759231 9.9991E-05
0.982241 0.0176592 9.9991E-05
0.901971 0.0979294 9.9991E-05
0.939041 0.0608585 9.9991E-05
0.756405 0.126131 0.117464
0.909726 0.0901741 9.9991E-05
0.0475409 0.513599 0.43886
0.394834 0.174788 0.430378
0.290507 0.246305 0.463188
0.199889 0.32303 0.477081
0.398971 0.121418 0.479611
0.247097 0.320347 0.432556
0.353504 0.18963 0.456866
0.375048 0.16734 0.457612
0.435154 0.170898 0.393947
0.461841 0.209497 0.328662
0.388149 0.131452 0.480399
0.0806255 0.874567 0.0448072
0.119535 0.880365 9.9991E-05
0.042988 0.956912 9.9991E-05
0.05325 0.94665 9.9991E-05
0.120587 0.879313 9.9991E-05
0.109808 0.890092 9.9991E-05
0.124127 0.875773 9.9991E-05
0.0783502 0.906139 0.0155105
0.121203 0.878697 9.9991E-05
0.129792 0.870108 9.9991E-05
9.9991E-05 0.713053 0.286847
9.9991E-05 0.685708 0.314192
9.9991E-05 0.642608 0.357292
9.9991E-05 0.608656 0.391244
0.287386 0.0445396 0.668074
0.262539 9.9991E-05 0.737361
0.327455 0.00187617 0.670668
0.18565 0.0505675 0.763782
0.0364821 0.16566 0.797858
0.413429 9.9991E-05 0.586471
0.345224 9.9991E-05 0.654676
0.321157 9.9991E-05 0.678743
0.223418 9.9991E-05 0.776482
0.396332 9.9991E-05 0.603568
0.229514 9.9991E-05 0.770386
9.9991E-05 0.0241648 0.975735
0.371373 0.00316441 0.625463
0.128793 0.00188777 0.869319
0.302661 9.9991E-05 0.697239
0.00474836 0.0736739 0.921578
9.9991E-05 0.349305 0.650595
9.9991E-05 0.302063 0.697837
9.9991E-05 0.248865 0.751035
9.9991E-05 0.294414 0.705486
9.9991E-05 0.228889 0.771011
0.00324446 0.295533 0.701222
0.154251 0.845649 9.9991E-05
0.171572 0.828328 9.9991E-05
0.262372 0.737528 9.9991E-05
0.220284 0.779616 9.9991E-05
0.180053 0.797891 0.0220561
9.9991E-05 0.55649 0.44341
9.9991E-05 0.621412 0.378488
9.9991E-05 0.575741 0.424159
0.180591 0.819309 9.9991E-05
9.9991E-05 0.554933 0.444967
0.585718 0.251756 0.162525
0.539374 0.067853 0.392773
0.652551 0.183132 0.164317
0.421898 0.271998 0.306105
0.53058 0.133604 0.335816
0.383164 0.557226 0.0596101
0.205865 0.0944475 0.699688
0.217947 0.0601427 0.72191
0.0950561 0.18707 0.717873
0.274265 9.9991E-05 0.725635
9.9991E-05 0.115704 0.884196
0.422423 0.0712926 0.506285
0.321679 0.0419144 0.636407
0.153469 0.119461 0.72707
0.396004 0.134824 0.469172
9.9991E-05 0.12488 0.87502
0.308786 0.011788 0.679426
0.2625 9.9991E-05 0.7374
0.429997 0.101046 0.468956
0.182261 9.9991E-05 0.817639
0.252165 0.0738801 0.673955
0.329128 9.9991E-05 0.670772
0.280017 9.9991E-05 0.719883
0.444532 9.9991E-05 0.555368
0.425982 0.0429713 0.531047
0.366978 0.0495689 0.583453
0.263331 0.736569 9.9991E-05
0.184691 0.815209 9.9991E-05
0.133073 0.793884 0.0730431
0.126254 0.844372 0.0293733
0.17375 0.82615 9.9991E-05
0.026682 0.165572 0.807746
0.414388 0.0209562 0.564656
0.454298 0.170763 0.374939
0.468054 9.9991E-05 0.531846
0.353349 9.9991E-05 0.646551
0.17662 0.111665 0.711715
9.9991E-05 0.305808 0.694092
0.331718 9.9991E-05 0.668182
0.0861474 0.208966 0.704887
0.212347 0.0958752 0.691778
9.9991E-05 0.276348 0.723552
0.416503 0.00569135 0.577806
0.0593077 0.221708 0.718984
0.218192 0.10665 0.675159
0.249374 0.0402251 0.710401
0.181659 0.0863847 0.731957
0.339116 0.0716805 0.589204
0.375698 0.0233975 0.600905
0.160866 0.0372855 0.801848
0.373351 0.0852404 0.541408
0.296854 0.0191419 0.684005
9.9991E-05 0.0784171 0.921483
0.0901967 0.0598794 0.849924
0.287461 0.0597588 0.652781
9.9991E-05 0.112456 0.887444
0.185009 9.9991E-05 0.814891
0.0193048 0.161239 0.819456
0.118212 9.9991E-05 0.881688
0.231328 0.0776216 0.69105
0.445847 9.9991E-05 0.554053
0.0753748 0.0162231 0.908402
0.406528 0.0529448 0.540527
0.41176 0.00588485 0.582355
0.372997 9.9991E-05 0.626903
0.389696 0.110793 0.499511
0.264697 0.0855303 0.649773
0.170437 0.0491142 0.780448
0.253576 0.0615832 0.684841
0.366705 9.9991E-05 0.633195
0.397879 9.9991E-05 0.602021
0.250427 0.121397 0.628176
0.403218 9.9991E-05 0.596682
0.244775 0.144636 0.610589
0.410378 9.9991E-05 0.589522
0.356927 0.0516938 0.591379
0.42588 0.120751 0.453368
0.49989 0.261051 0.239059
0.526358 0.136157 0.337485
0.414289 0.155777 0.429934
0.476402 0.0152414 0.508357
0.580285 0.17477 0.244945
0.3175 9.9991E-05 0.6824
0.363054 0.202928 0.434017
0.168619 0.383916 0.447465
0.476434 0.0911625 0.432403
0.564846 0.0833711 0.351783
0.48552 0.112929 0.401551
0.355203 0.198257 0.446539
0.429933 0.221642 0.348425
0.563368 0.132699 0.303933
0.163181 0.658335 0.178484
0.512526 0.170978 0.316496
0.560884 0.101759 0.337357
0.560049 0.0643783 0.375573
0.621365 0.119152 0.259483
0.484904 0.157217 0.357879
0.278365 9.9991E-05 0.721536
0.40553 9.9991E-05 0.59437
9.9991E-05 0.0264729 0.973427
9.9991E-05 0.113896 0.886004
0.426158 0.0283142 0.545528
0.540187 0.0977831 0.36203
0.523041 0.1187 0.358259
0.404633 0.291414 0.303953
0.514627 0.211779 0.273594
0.13892 0.182515 0.678565
0.232778 0.145488 0.621734
0.450366 9.9991E-05 0.549534
0.425258 0.0408131 0.533929
0.239496 0.0970648 0.663439
0.410313 0.00587033 0.583816
0.432621 9.9991E-05 0.567279
0.402 0.104576 0.493424
0.177764 0.0833517 0.738884
0.228955 0.011994 0.759051
0.320862 0.0218387 0.6573
0.275261 0.0713059 0.653433
0.361535 0.0603605 0.578105
0.303388 0.0114019 0.68521
0.098875 0.0343501 0.866775
0.418804 9.9991E-05 0.581096
0.119348 0.0161198 0.864533
0.271828 0.0752638 0.652909
0.357386 0.0463276 0.596287
0.275879 0.0100278 0.714093
0.531071 0.162888 0.306041
0.395645 0.137731 0.466624
0.490785 0.182846 0.326368
0.445328 0.16059 0.394082
0.470717 0.100173 0.429111
0.449103 0.189765 0.361132
0.0951687 0.356623 0.548208
0.630757 0.0365076 0.332735
0.131797 0.527323 0.34088
0.488325 0.0452563 0.466419
0.0369582 0.0197316 0.94331
9.9991E-05 0.0868263 0.913074
0.233355 9.9991E-05 0.766545
0.384183 9.9991E-05 0.615717
0.187879 9.9991E-05 0.812021
0.261286 0.0294798 0.709235
0.324164 9.9991E-05 0.675736
0.178052 0.789821 0.0321268
0.108256 0.816407 0.0753376
0.124149 0.875751 9.9991E-05
0.0710589 0.928841 9.9991E-05
0.358137 9.9991E-05 0.641763
0.342368 0.0136872 0.643945
0.28277 9.9991E-05 0.71713
0.416839 0.0255962 0.557564
0.360458 0.0412009 0.598342
0.111143 0.0369398 0.851917
0.350807 9.9991E-05 0.649093
0.177613 9.9991E-05 0.822287
0.495015 0.19363 0.311354
0.277087 9.9991E-05 0.722813
0.202156 0.0115616 0.786283
0.25923 9.9991E-05 0.74067
0.256969 9.9991E-05 0.742931
0.32588 9.9991E-05 0.67402
0.374701 0.0361032 0.589196
9.999E-05 9.999E-05 0.9998
0.151004 0.0309834 0.818012
0.21381 9.9991E-05 0.78609
9.9991E-05 0.017253 0.982647
0.269072 9.9991E-05 0.730828
0.0793231 0.0281745 0.892502
9.9991E-05 0.0860944 0.913806
0.377706 9.9991E-05 0.622194
0.117078 0.0389172 0.844005
0.293521 9.9991E-05 0.706379
0.415939 0.0706889 0.513372
0.274386 9.9991E-05 0.725514
0.242118 9.9991E-05 0.757782
0.314904 9.9991E-05 0.684996
0.286338 0.0156688 0.697993
0.122175 9.9991E-05 0.877725
0.383554 0.0498002 0.566646
0.0219086 0.759703 0.218388
0.0608504 0.797022 0.142127
9.9991E-05 0.903259 0.0966406
9.9991E-05 0.871132 0.128768
9.9991E-05 0.80587 0.19403
0.0578198 0.078638 0.863542
9.9991E-05 0.119729 0.880171
0.063972 9.9991E-05 0.935928
0.499897 0.0470863 0.453017
0.415256 0.0140401 0.570704
0.197673 0.0191251 0.783202
0.40155 9.9991E-05 0.59835
0.263046 0.0866379 0.650316
0.33805 9.9991E-05 0.66185
0.394912 0.0260751 0.579013
0.12972 0.0207443 0.849536
0.161272 9.9991E-05 0.838628
0.144475 9.9991E-05 0.855425
0.385454 0.073183 0.541363
0.189774 9.9991E-05 0.810126
0.270048 9.9991E-05 0.729852
0.721597 0.0577848 0.220619
0.770597 0.0629531 0.16645
0.727183 0.0875666 0.18525
0.689683 0.172214 0.138104
0.554136 0.163006 0.282858
0.297008 9.9991E-05 0.702892
0.713483 0.286417 9.9991E-05
0.684464 0.191265 0.124271
0.403168 0.106067 0.490765
0.391775 0.105421 0.502804
0.294207 0.125695 0.580098
0.409847 0.0584177 0.531735
0.395575 0.0545038 0.549922
0.772176 0.169225 0.0585987
0.588033 0.0575577 0.35441
0.761978 0.0474898 0.190532
0.596206 0.158118 0.245676
0.730247 0.103654 0.166099
0.653809 0.0822788 0.263913
0.791169 0.168058 0.0407723
0.581244 0.053672 0.365084
0.375813 9.9991E-05 0.624087
0.609227 0.166684 0.224089
0.752698 0.247202 9.9991E-05
0.569069 0.186201 0.24473
0.0549138 0.277419 0.667667
0.415786 9.9991E-05 0.584114
0.58434 0.128256 0.287403
0.413914 0.0522422 0.533843
0.265546 0.185188 0.549266
0.445834 0.210245 0.34392
0.487202 0.246855 0.265943
0.443077 0.106871 0.450051
0.693982 0.0529269 0.253091
0.760265 0.070722 0.169013
0.741057 0.250114 0.00882866
0.40284 0.058384 0.538776
0.211919 0.126647 0.661434
0.141436 0.219966 0.638598
0.447099 9.9991E-05 0.552801
0.221195 0.170956 0.607849
0.43908 0.19574 0.36518
0.381725 0.117957 0.500318
0.212822 0.483501 0.303676
0.141978 0.521393 0.336629
0.269839 0.238715 0.491446
0.26992 0.461298 0.268782
0.300166 0.579211 0.120623
0.355911 0.141018 0.503071
0.338414 0.226379 0.435207
0.310781 0.299688 0.389531
0.261739 0.385067 0.353194
0.39765 0.153517 0.448833
0.225138 0.295249 0.479613
0.114772 0.643676 0.241552
0.476347 0.111252 0.412402
0.453495 0.231976 0.314529
0.447265 0.336342 0.216393
0.682656 0.078982 0.238362
0.54118 0.114323 0.344497
0.583656 0.0757122 0.340632
0.457474 0.389137 0.153389
0.574763 0.113409 0.311827
0.5727 0.253875 0.173425
0.474924 0.185445 0.33963
0.332295 0.1338 0.533906
0.476241 0.134713 0.389046
0.469527 0.146305 0.384168
0.445769 0.0584391 0.495792
0.539925 0.315296 0.144779
0.540976 0.142806 0.316217
0.320052 0.443104 0.236844
0.520439 0.171944 0.307617
0.47396 0.32012 0.205919
0.0634888 0.826527 0.109984
9.9991E-05 0.258628 0.741272
9.9991E-05 0.23531 0.76459
9.9991E-05 0.260966 0.738934
9.9991E-05 0.193674 0.806226
9.9991E-05 0.260678 0.739222
9.9991E-05 0.216907 0.782993
9.9991E-05 0.311642 0.688258
9.9991E-05 0.423688 0.576212
0.108712 0.891188 9.9991E-05
0.0880199 0.805779 0.106202
0.146382 0.853518 9.9991E-05
0.0599226 0.84884 0.0912377
0.126355 0.873545 9.9991E-05
0.0601924 0.939708 9.9991E-05
0.211724 0.713383 0.0748933
0.156935 0.842965 9.9991E-05
0.118012 0.75792 0.124068
0.1479 0.852 9.9991E-05
0.069414 0.930486 9.9991E-05
0.176933 0.822967 9.9991E-05
0.068237 0.931663 9.9991E-05
0.121295 0.878605 9.9991E-05
0.179259 0.820641 9.9991E-05
0.210176 0.789724 9.9991E-05
0.249805 0.750095 9.9991E-05
0.253564 0.746336 9.9991E-05
0.228615 0.771285 9.9991E-05
0.224022 0.141086 0.634892
0.37522 0.00349352 0.621287
0.381411 0.112304 0.506285
0.0016786 0.214694 0.783627
0.280553 0.0979768 0.62147
0.0668874 0.302797 0.630316
0.41138 0.0359536 0.552666
0.209622 0.0847377 0.70564
0.32241 0.0877418 0.589848
0.281598 9.9991E-05 0.718302
0.24948 0.105192 0.645328
0.383968 0.0281493 0.587883
0.341349 0.0364208 0.62223
0.0226542 0.122477 0.854869
9.9991E-05 0.213682 0.786218
0.0864808 0.191099 0.72242
0.380935 0.0501996 0.568865
0.340718 0.104299 0.554984
0.327943 0.117972 0.554085
0.402347 0.0825001 0.515153
0.507315 0.0952327 0.397453
0.614469 0.102852 0.282678
0.300625 0.451018 0.248357
0.384768 0.0436344 0.571598
0.377009 0.21074 0.412251
0.154001 0.592949 0.253049
0.461825 0.2786 0.259575
0.355578 0.371082 0.27334
0.3201 0.311229 0.368671
0.54916 0.135479 0.315361
0.485097 0.136013 0.37889
0.550901 0.128981 0.320118
0.419277 0.212729 0.367994
0.387347 0.438921 0.173731
