0.0760404 0.92386 9.9991E-05
0.0149737 0.984926 9.9991E-05
0.166014 0.833886 9.9991E-05
0.157343 0.825991 0.0166657
0.109521 0.890379 9.9991E-05
0.128507 0.654702 0.216791
0.0260277 0.859489 0.114484
0.0493624 0.820408 0.130229
9.9991E-05 0.936515 0.0633847
0.171891 0.741876 0.0862325
0.00046797 0.847825 0.151707
0.15608 0.0760722 0.767848
0.378454 0.0381094 0.583437
0.186559 0.148958 0.664483
0.318068 0.0822849 0.599647
0.305275 0.140836 0.553888
0.425308 0.0559831 0.518709
0.373315 0.0219403 0.604744
0.214324 0.188131 0.597544
9.9991E-05 0.223388 0.776512
0.310957 0.0156843 0.673358
0.294697 0.0824012 0.622902
0.319313 0.0395894 0.641097
0.260885 0.0775433 0.661572
0.476261 0.0463671 0.477372
0.422775 0.0887955 0.488429
0.14924 0.141271 0.709489
0.256672 0.137272 0.606056
0.0720864 0.11264 0.815274
0.203076 0.796824 9.9991E-05
0.162526 0.837374 9.9991E-05
0.200869 0.77184 0.0272907
0.164884 0.799415 0.0357001
0.333466 9.9991E-05 0.666434
0.411602 0.0824864 0.505912
0.337902 9.9991E-05 0.661998
0.0416779 0.247189 0.711134
0.249628 9.9991E-05 0.750272
0.397918 9.9991E-05 0.601982
0.492769 9.9991E-05 0.507131
0.359866 0.092701 0.547433
0.446115 0.0441936 0.509692
0.0871854 0.0658132 0.847001
0.428761 0.0572191 0.51402
0.516809 0.0511989 0.431992
0.336309 0.138413 0.525278
0.192928 9.9991E-05 0.806972
0.414787 9.9991E-05 0.585113
0.395364 0.0723634 0.532272
9.9991E-05 0.148589 0.851311
0.0272525 0.0748584 0.897889
0.0272815 0.120367 0.852351
0.416029 0.125682 0.458289
0.417272 0.0385288 0.544199
0.492748 9.9991E-05 0.507152
0.0290282 0.192941 0.778031
0.338507 9.9991E-05 0.661393
0.444947 0.040626 0.514427
0.235747 0.159382 0.604871
0.0619269 0.311264 0.626809
0.402346 0.0324038 0.56525
0.307735 0.108351 0.583914
9.9991E-05 0.162404 0.837496
0.30746 9.9991E-05 0.69244
0.41104 9.9991E-05 0.58886
0.479537 0.0449228 0.47554
0.174062 0.089385 0.736553
0.367016 0.0105617 0.622422
0.422918 0.0203474 0.556735
0.0383573 0.151213 0.81043
0.320594 9.9991E-05 0.679306
0.120337 0.00215701 0.877506
0.448526 0.00828309 0.543191
9.9991E-05 0.0431852 0.956715
9.9991E-05 0.0073494 0.992551
0.190377 9.9991E-05 0.809523
0.337622 9.9991E-05 0.662278
0.428601 0.0961455 0.475254
0.315559 0.0342683 0.650172
0.0849947 0.0670539 0.847951
0.137176 0.043648 0.819176
0.458993 0.119545 0.421461
0.22348 9.9991E-05 0.77642
0.328588 0.0241587 0.647253
0.228353 9.9991E-05 0.771547
9.9991E-05 0.056437 0.943463
0.461567 9.9991E-05 0.538333
0.117177 0.851745 0.031078
0.0875888 0.912311 9.9991E-05
0.141531 0.858369 9.9991E-05
0.127275 0.872625 9.9991E-05
0.139134 0.860766 9.9991E-05
0.135734 0.864166 9.9991E-05
0.0966318 0.903268 9.9991E-05
0.394336 0.015952 0.589712
0.458351 0.0286037 0.513045
9.9991E-05 0.0554469 0.944453
0.364261 0.0803606 0.555379
0.273327 0.0242327 0.70244
0.353526 9.9991E-05 0.646374
0.345501 9.9991E-05 0.654399
0.36065 9.9991E-05 0.63925
9.9991E-05 0.0771199 0.92278
0.371742 0.0814464 0.546812
0.517924 9.9991E-05 0.481976
0.515166 0.0484355 0.436398
0.246997 9.9991E-05 0.752903
0.294579 9.9991E-05 0.705321
0.28117 9.9991E-05 0.71873
0.292999 9.9991E-05 0.706901
0.311537 0.0217682 0.666695
0.385467 0.0580005 0.556532
0.169398 0.0768278 0.753774
0.302954 0.140619 0.556426
0.395588 0.108591 0.495821
0.387165 0.116173 0.496663
0.220569 0.0890723 0.690359
0.395717 9.9991E-05 0.604183
0.243578 0.0499969 0.706426
0.398209 0.0327122 0.569079
0.422673 0.0213473 0.55598
0.353374 0.0114237 0.635203
0.291153 9.9991E-05 0.708747
0.48732 0.020075 0.492605
0.45584 0.0868828 0.457278
0.402838 9.9991E-05 0.597062
0.416127 0.0337394 0.550133
0.439706 0.00594853 0.554346
0.236271 0.175531 0.588198
0.449983 9.9991E-05 0.549917
0.474207 9.9991E-05 0.525693
0.179428 0.0753657 0.745206
0.0854352 0.13869 0.775875
0.367229 0.0645893 0.568181
0.0956282 0.0360539 0.868318
0.132271 0.0953947 0.772334
0.230423 0.0385784 0.730999
0.125645 0.0992628 0.775093
0.14673 0.0685464 0.784723
0.38888 0.0524389 0.558682
0.493434 0.064619 0.441947
0.354316 0.0291848 0.616499
0.0932986 0.151468 0.755233
0.367317 0.148432 0.484251
0.366378 0.0372524 0.59637
9.9991E-05 0.248523 0.751377
0.458816 0.0748571 0.466327
0.21343 0.124087 0.662483
0.405376 0.0457018 0.548922
0.174405 0.13027 0.695325
0.0714246 0.174794 0.753781
0.242852 0.0573197 0.699829
0.373563 0.0683762 0.558061
0.330958 0.0994163 0.569626
0.12735 0.198963 0.673686
0.365717 0.114995 0.519288
0.175559 9.9991E-05 0.824341
0.285528 9.9991E-05 0.714372
0.484851 0.029456 0.485693
0.323536 0.470765 0.205699
0.136531 0.755618 0.107851
0.121329 0.703547 0.175124
0.425383 0.508808 0.0658093
0.40185 9.9991E-05 0.59805
0.400334 0.0747955 0.52487
0.941499 0.0181183 0.0403827
0.686647 0.0576343 0.255719
0.697952 0.104802 0.197247
0.223545 0.0328935 0.743562
0.407424 9.9991E-05 0.592476
0.119424 0.0875905 0.792986
0.399329 9.9991E-05 0.600571
0.268484 0.0358338 0.695683
0.422434 0.0211153 0.556451
0.120946 0.0904846 0.788569
0.501315 9.9991E-05 0.498585
0.400477 0.0548318 0.544691
0.937329 0.0625714 9.9991E-05
0.957574 0.0423263 9.9991E-05
0.776361 0.0965491 0.12709
0.874502 0.0570314 0.0684665
0.884514 0.115386 9.9991E-05
0.928088 0.0718124 9.9991E-05
0.92683 0.07307 9.9991E-05
0.9998 9.999E-05 9.999E-05
0.962055 0.0378453 9.9991E-05
0.91359 0.0863104 9.9991E-05
0.94439 0.0555096 9.9991E-05
0.851425 0.148475 9.9991E-05
0.860371 0.139529 9.9991E-05
0.906467 0.0934332 9.9991E-05
0.548515 0.122347 0.329138
0.735263 0.127554 0.137183
0.899042 0.100858 9.9991E-05
0.901626 0.0982741 9.9991E-05
0.940181 0.0597193 9.9991E-05
0.847862 0.152038 9.9991E-05
0.935379 0.064521 9.9991E-05
0.764737 0.110823 0.12444
0.881337 0.118563 9.9991E-05
0.0207105 0.48786 0.491429
0.350454 0.191723 0.457824
0.351635 0.263771 0.384595
0.25358 0.329396 0.417024
0.432012 0.102419 0.46557
0.254642 0.302123 0.443235
0.356701 0.227449 0.41585
0.400536 0.160197 0.439267
0.447537 0.164879 0.387584
0.440077 0.199097 0.360827
0.355989 0.219206 0.424805
0.0547242 0.880425 0.0648504
0.0744878 0.925412 9.9991E-05
0.028667 0.971233 9.9991E-05
0.0213323 0.978568 9.9991E-05
0.0838315 0.916069 9.9991E-05
0.130158 0.869742 9.9991E-05
0.117686 0.882214 9.9991E-05
0.0551287 0.944771 9.9991E-05
0.0634326 0.936467 9.9991E-05
0.101817 0.898083 9.9991E-05
9.9991E-05 0.72092 0.27898
9.9991E-05 0.677242 0.322658
9.9991E-05 0.665077 0.334823
9.9991E-05 0.588238 0.411662
0.26034 0.102364 0.637297
0.377252 9.9991E-05 0.622648
0.354115 9.9991E-05 0.645785
0.175526 0.0774353 0.747039
0.0491348 0.107365 0.8435
0.411484 9.9991E-05 0.588416
0.4005 9.9991E-05 0.5994
0.327594 0.00515031 0.667256
0.253514 9.9991E-05 0.746386
0.407982 0.0230374 0.56898
0.216248 9.9991E-05 0.783652
9.9991E-05 0.0418057 0.958094
0.324597 0.0698368 0.605566
0.151944 0.0201296 0.827927
0.319629 9.9991E-05 0.680271
0.0434297 0.104313 0.852257
9.9991E-05 0.335141 0.66476
9.9991E-05 0.317608 0.682292
9.9991E-05 0.219151 0.780749
9.9991E-05 0.314896 0.685004
9.9991E-05 0.232525 0.767375
0.0198484 0.278112 0.70204
0.142002 0.853037 0.00496144
0.13305 0.86685 9.9991E-05
0.207509 0.792391 9.9991E-05
0.180624 0.813475 0.00590115
0.177308 0.822592 9.9991E-05
9.9991E-05 0.52229 0.47761
9.9991E-05 0.601567 0.398333
9.9991E-05 0.57819 0.42171
0.188105 0.811795 9.9991E-05
9.9991E-05 0.538924 0.460976
0.536738 0.289848 0.173413
0.665618 0.0395725 0.294809
0.651323 0.179235 0.169442
0.476812 0.228511 0.294677
0.469438 0.259706 0.270856
0.346037 0.589726 0.0642368
0.190527 0.0378276 0.771645
0.208392 0.06915 0.722458
0.087803 0.205492 0.706705
0.293467 9.9991E-05 0.706433
9.9991E-05 0.080415 0.919485
0.392164 0.0848634 0.522972
0.379292 0.0326492 0.588059
0.160126 0.101567 0.738307
0.353176 0.0326209 0.614203
0.0339049 0.0876101 0.878485
0.311072 9.9991E-05 0.688828
0.307492 9.9991E-05 0.692408
0.384558 0.153426 0.462016
0.219678 9.9991E-05 0.780222
0.270424 0.052023 0.677553
0.350266 0.0206789 0.629055
0.304526 9.9991E-05 0.695374
0.498805 9.9991E-05 0.501095
0.424801 0.0279277 0.547271
0.405417 0.0791985 0.515384
0.195174 0.804726 9.9991E-05
0.167577 0.832323 9.9991E-05
0.0712054 0.821613 0.107181
0.113996 0.836107 0.0498979
0.156536 0.843364 9.9991E-05
0.133354 0.126958 0.739688
0.413262 0.0139253 0.572813
0.455577 0.251729 0.292694
0.453165 9.9991E-05 0.546735
0.336878 0.0209907 0.642131
0.212983 0.0950083 0.692009
9.9991E-05 0.309138 0.690762
0.378247 0.00485597 0.616897
0.0863355 0.160483 0.753182
0.254567 0.0670602 0.678372
0.0162498 0.252864 0.730886
0.417089 0.0758153 0.507096
0.084839 0.171618 0.743543
0.229486 0.0596584 0.710856
0.32073 0.0784725 0.600798
0.0929912 0.106634 0.800375
0.442459 9.9991E-05 0.557441
0.413961 0.085661 0.500378
0.175597 0.0528549 0.771548
0.291701 0.0577949 0.650504
0.333775 0.0665878 0.599637
0.00648832 0.0774619 0.91605
0.131537 0.0337696 0.834694
0.259226 0.024341 0.716433
0.015739 0.136461 0.8478
0.269202 0.00944224 0.721356
0.0270573 0.167357 0.805586
0.16758 9.9991E-05 0.83232
0.207846 0.0868244 0.70533
0.459496 9.9991E-05 0.540404
0.137857 0.0378254 0.824318
0.368248 0.0753354 0.556417
0.430397 0.0443201 0.525282
0.408032 0.0468234 0.545145
0.412778 0.0066672 0.580555
0.268588 0.0916665 0.639745
0.160433 0.0572842 0.782283
0.313191 0.0738491 0.61296
0.379772 9.9991E-05 0.620128
0.456142 0.0449832 0.498874
0.251463 0.0828947 0.665642
0.379641 9.9991E-05 0.620259
0.211444 0.132804 0.655753
0.384023 9.9991E-05 0.615877
0.462472 0.0337849 0.503743
0.394057 0.0716074 0.534336
0.443134 0.326908 0.229958
0.524879 0.101555 0.373566
0.526668 0.120519 0.352813
0.535311 0.0367998 0.427889
0.55963 0.229718 0.210652
0.268583 9.9991E-05 0.731317
0.468178 0.130856 0.400966
0.135848 0.405146 0.459006
0.46525 0.0713441 0.463406
0.466865 0.155299 0.377836
0.557788 0.0420885 0.400124
0.350516 0.25625 0.393234
0.619525 0.104798 0.275677
0.500632 0.111384 0.387984
0.13879 0.70203 0.15918
0.529107 0.188288 0.282605
0.550898 0.145784 0.303318
0.559862 0.0738485 0.366289
0.569248 0.145605 0.285147
0.465826 0.117171 0.417003
0.332876 0.0654183 0.601705
0.385247 0.0642806 0.550473
0.0116787 0.0364751 0.951846
9.9991E-05 0.0864628 0.913437
0.388028 9.9991E-05 0.611872
0.631676 0.122693 0.245631
0.530523 0.200412 0.269065
0.472513 0.244985 0.282502
0.558662 0.209665 0.231673
0.117834 0.197459 0.684707
0.244958 0.161423 0.593619
0.479794 9.9991E-05 0.520106
0.433954 0.0505253 0.515521
0.222586 0.172465 0.604948
0.500925 9.9991E-05 0.498975
0.442765 9.9991E-05 0.557135
0.425411 0.180174 0.394414
0.143025 0.0036141 0.853361
0.252426 0.0322733 0.715301
0.33969 0.024077 0.636233
0.258182 0.0628639 0.678954
0.41963 0.0422911 0.538079
0.302627 0.00503822 0.692335
0.0871214 0.0301614 0.882717
0.429969 9.9991E-05 0.569931
0.159054 0.0158278 0.825119
0.269252 0.0433461 0.687401
0.414863 0.0487262 0.536411
0.336455 0.0340001 0.629544
0.427373 0.208927 0.363699
0.342955 0.11294 0.544105
0.483754 0.185206 0.33104
0.393702 0.22789 0.378408
0.460013 0.137694 0.402293
0.438989 0.168183 0.392828
0.135916 0.334541 0.529543
0.639032 0.018419 0.342549
0.148184 0.575392 0.276424
0.606789 0.0302209 0.36299
0.0583027 9.9991E-05 0.941597
9.9991E-05 0.101457 0.898443
0.278154 9.9991E-05 0.721746
0.406756 9.9991E-05 0.593144
0.208658 9.9991E-05 0.791242
0.30212 9.9991E-05 0.69778
0.362768 9.9991E-05 0.637132
0.142946 0.806359 0.0506948
0.11193 0.822985 0.0650844
0.0772624 0.922638 9.9991E-05
0.0806557 0.919244 9.9991E-05
0.391435 9.9991E-05 0.608465
0.402954 9.9991E-05 0.596946
0.291188 9.9991E-05 0.708712
0.384385 0.0348003 0.580815
0.342548 0.0545096 0.602942
0.136382 9.9991E-05 0.863518
0.403096 9.9991E-05 0.596804
0.209575 0.00821511 0.78221
0.490441 0.279931 0.229628
0.302653 9.9991E-05 0.697247
0.18799 9.9991E-05 0.81191
0.324747 9.9991E-05 0.675153
0.237837 0.00383242 0.758331
0.358568 9.9991E-05 0.641332
0.381177 0.0157334 0.603089
0.0183902 9.9991E-05 0.98151
0.164246 0.0343039 0.80145
0.223428 0.0225784 0.753993
9.999E-05 9.999E-05 0.9998
0.268066 0.00794202 0.723992
0.075425 0.0211346 0.90344
9.9991E-05 0.0744584 0.925442
0.358722 9.9991E-05 0.641178
0.114367 0.0280864 0.857547
0.327177 9.9991E-05 0.672723
0.372117 0.0699762 0.557907
0.339637 9.9991E-05 0.660263
0.267183 9.9991E-05 0.732717
0.353011 9.9991E-05 0.646889
0.323113 9.9991E-05 0.676787
0.175213 9.9991E-05 0.824687
0.341698 0.0278478 0.630454
9.9991E-05 0.722802 0.277098
0.0271265 0.8197 0.153174
9.9991E-05 0.932011 0.0678894
9.9991E-05 0.899099 0.100801
9.9991E-05 0.808814 0.191086
0.0615211 0.0544212 0.884058
0.00419508 0.100695 0.89511
0.0980515 9.9991E-05 0.901848
0.447082 0.0710689 0.481849
0.414579 0.128332 0.457089
0.229279 0.00238751 0.768333
0.392534 9.9991E-05 0.607366
0.309541 0.00834886 0.68211
0.337599 9.9991E-05 0.662301
0.410814 0.0280624 0.561123
0.160078 0.00147677 0.838446
0.196706 0.00618645 0.797108
0.171145 9.9991E-05 0.828755
0.394409 0.0897387 0.515852
0.234032 9.9991E-05 0.765868
0.334789 9.9991E-05 0.665111
0.706218 0.0332022 0.26058
0.717994 0.104411 0.177595
0.735606 0.105641 0.158753
0.720872 0.174233 0.104894
0.683319 0.0661349 0.250546
0.350508 0.0224503 0.627042
0.696093 0.303807 9.9991E-05
0.654268 0.224146 0.121587
0.456373 0.156174 0.387453
0.367655 0.0766771 0.555668
0.244453 0.138213 0.617334
0.416259 0.0231909 0.56055
0.384942 0.0670384 0.548019
0.652281 0.260343 0.0873757
0.578055 0.231622 0.190323
0.766862 0.0400142 0.193124
0.553851 0.11098 0.33517
0.769836 0.119131 0.111033
0.63868 0.164935 0.196384
0.725833 0.179794 0.0943734
0.68845 0.148293 0.163257
0.458203 0.0182824 0.523515
0.671325 0.147862 0.180813
0.753393 0.246508 9.9991E-05
0.669144 0.0998806 0.230975
0.0922453 0.262021 0.645733
0.481204 9.9991E-05 0.518696
0.535857 0.167086 0.297056
0.419893 0.0907088 0.489399
0.321524 0.165562 0.512914
0.45599 0.274087 0.269923
0.42231 0.304092 0.273599
0.461388 0.0442621 0.49435
0.613343 0.199612 0.187045
0.754158 0.0722333 0.173608
0.737903 0.258357 0.00374061
0.415743 0.111052 0.473206
0.273325 0.106549 0.620126
0.129565 0.239328 0.631107
0.436398 0.0546551 0.508947
0.287146 0.102942 0.609911
0.430024 0.179003 0.390973
0.327767 0.1067 0.565533
0.165944 0.522239 0.311817
0.10582 0.561441 0.332738
0.315913 0.235356 0.448731
0.215202 0.483729 0.301069
0.273467 0.583515 0.143018
0.417821 0.142355 0.439824
0.456999 0.221717 0.321284
0.322582 0.350468 0.32695
0.251567 0.421514 0.326919
0.454727 0.145487 0.399786
0.240598 0.304681 0.454721
0.0782035 0.661812 0.259984
0.523738 0.124123 0.352138
0.506337 0.181779 0.311884
0.371171 0.303245 0.325584
0.638608 0.147611 0.21378
0.500318 0.142862 0.35682
0.572412 0.131275 0.296314
0.452511 0.362917 0.184572
0.546053 0.187477 0.26647
0.579278 0.21137 0.209352
0.444435 0.27627 0.279295
0.391565 0.182557 0.425878
0.524192 0.154076 0.321732
0.482561 0.144463 0.372975
0.488676 0.049939 0.461385
0.486325 0.272875 0.2408
0.488225 0.246924 0.26485
0.359944 0.449819 0.190236
0.510843 0.163359 0.325798
0.509538 0.259647 0.230815
0.011913 0.846616 0.14147
9.9991E-05 0.235936 0.763964
9.9991E-05 0.241355 0.758545
9.9991E-05 0.270495 0.729405
9.9991E-05 0.189564 0.810336
9.9991E-05 0.238212 0.761688
9.9991E-05 0.213378 0.786522
9.9991E-05 0.278736 0.721164
9.9991E-05 0.381686 0.618214
0.0852717 0.914628 9.9991E-05
0.0598048 0.888486 0.0517088
0.10118 0.89872 9.9991E-05
0.0226918 0.845484 0.131824
0.0713561 0.928544 9.9991E-05
0.0390537 0.955949 0.0049976
0.183362 0.765711 0.0509266
0.14196 0.85794 9.9991E-05
0.115367 0.765746 0.118887
0.0810763 0.918824 9.9991E-05
9.9991E-05 0.994257 0.00564345
0.0727029 0.892592 0.034705
0.0408221 0.959078 9.9991E-05
0.082044 0.917856 9.9991E-05
0.152114 0.847786 9.9991E-05
0.182579 0.817321 9.9991E-05
0.240891 0.759009 9.9991E-05
0.229482 0.770418 9.9991E-05
0.217371 0.782529 9.9991E-05
0.304494 0.164319 0.531187
0.387131 9.9991E-05 0.612769
0.39732 0.0564188 0.546261
0.104112 0.151581 0.744307
0.338535 0.087178 0.574287
0.104631 0.246421 0.648948
0.423672 0.0108783 0.565449
0.208682 0.125619 0.665699
0.413784 0.00462036 0.581596
0.335947 9.9991E-05 0.663953
0.316234 0.0819554 0.601811
0.403275 0.0288962 0.567828
0.366966 0.0234591 0.609575
0.0205371 0.115249 0.864213
9.9991E-05 0.224797 0.775103
0.0969107 0.204963 0.698126
0.429558 0.0605698 0.509872
0.392283 0.0374181 0.570299
0.35283 0.0891157 0.558054
0.464126 9.9991E-05 0.535774
0.488493 0.154533 0.356974
0.543749 0.0774934 0.378757
0.262841 0.433541 0.303617
0.409848 0.0819326 0.508219
0.444876 0.145063 0.410061
0.167301 0.587837 0.244862
0.416451 0.305099 0.27845
0.374298 0.330672 0.295031
0.367158 0.29448 0.338363
0.495217 0.109789 0.394994
0.516468 0.139067 0.344465
0.61987 0.0506495 0.32948
0.410031 0.149276 0.440693
0.369884 0.451137 0.17898
