9.9991E-05 0.902711 0.0971889
9.999E-05 0.947168 0.0527315
0.00751196 0.880854 0.111634
0.0449158 0.817619 0.137465
9.9991E-05 0.894481 0.105419
0.162257 0.712371 0.125372
0.0922072 0.84083 0.0669632
0.14993 0.795124 0.0549462
0.0692722 0.930628 9.9991E-05
0.104437 0.801877 0.0936864
0.127057 0.771181 0.101761
0.752737 0.159543 0.0877195
0.572269 0.0405801 0.387151
0.728291 0.115385 0.156325
0.658785 0.132451 0.208764
0.535835 0.107136 0.35703
0.58135 0.0256618 0.392988
0.696663 0.0375037 0.265833
0.617367 0.178933 0.2037
0.786951 0.212949 9.9991E-05
0.706218 0.0413904 0.252391
0.682587 0.0531396 0.264273
0.659319 0.0162207 0.32446
0.708103 0.160958 0.130939
0.491468 0.0550125 0.45352
0.660268 0.0195026 0.320229
0.739613 0.188456 0.0719311
0.690951 0.152798 0.156251
0.817458 0.131333 0.051209
9.9991E-05 0.856586 0.143314
9.9991E-05 0.843079 0.156821
9.9991E-05 0.799068 0.200832
0.0026608 0.750739 0.2466
0.644965 0.0591326 0.295902
0.655711 9.9991E-05 0.344189
0.687878 9.9991E-05 0.312022
0.779525 0.191814 0.0286609
0.868453 9.9991E-05 0.131447
0.615924 0.0556396 0.328437
0.57737 9.9991E-05 0.42253
0.625356 0.0770314 0.297613
0.584882 0.0565054 0.358613
0.92668 0.0561514 0.0171688
0.592224 0.00925828 0.398518
0.616618 9.9991E-05 0.383282
0.521153 0.0655374 0.41331
0.815838 9.9991E-05 0.184062
0.622314 0.00842307 0.369263
0.579883 0.0684992 0.351617
0.854758 0.145142 9.9991E-05
0.860709 0.139191 9.9991E-05
0.805429 0.109901 0.0846706
0.591513 0.0265835 0.381904
0.568787 0.017428 0.413785
0.558644 0.0286972 0.412659
0.736789 0.220115 0.0430951
0.695905 0.00169383 0.302401
0.594467 0.0495218 0.356012
0.644379 0.12979 0.225831
0.703368 0.286215 0.0104173
0.574302 0.0338819 0.391816
0.627627 0.0800652 0.292308
0.786937 0.212963 9.9991E-05
0.778738 0.0319149 0.189348
0.640712 9.9991E-05 0.359188
0.586312 0.0326794 0.381009
0.721785 0.147267 0.130948
0.610284 0.0411986 0.348517
0.633142 0.0349682 0.331889
0.812192 0.146527 0.0412808
0.716607 9.9991E-05 0.283293
0.86924 0.0287029 0.102057
0.580796 0.0747523 0.344452
0.983604 0.0162963 9.9991E-05
0.9998 9.999E-05 9.999E-05
0.877497 9.9991E-05 0.122403
0.74366 9.9991E-05 0.25624
0.502022 0.0769314 0.421047
0.72758 9.9991E-05 0.27232
0.892094 0.0764797 0.0314262
0.883672 0.0270799 0.0892483
0.586941 0.038124 0.374935
0.806292 0.0318155 0.161893
0.748918 9.9991E-05 0.250982
0.800828 9.9991E-05 0.199072
0.915256 0.0846444 9.9991E-05
0.618623 9.9991E-05 0.381277
0.0319985 0.867876 0.100125
9.9991E-05 0.897743 0.102157
9.9991E-05 0.812487 0.187413
9.9991E-05 0.886137 0.113763
9.9991E-05 0.924107 0.0757929
9.9991E-05 0.858699 0.141201
9.9991E-05 0.895111 0.104789
0.628162 9.9991E-05 0.371738
0.544138 0.0631636 0.392698
0.910894 0.0890064 9.9991E-05
0.59998 0.0202292 0.379791
0.792449 0.0163649 0.191186
0.676208 0.0060213 0.317771
0.656449 9.9991E-05 0.343451
0.67179 9.9991E-05 0.32811
0.882693 0.117207 9.9991E-05
0.554572 0.104556 0.340873
0.617718 0.00166254 0.38062
0.604294 0.0484856 0.34722
0.842877 0.0113835 0.145739
0.729526 9.9991E-05 0.270374
0.765833 9.9991E-05 0.234067
0.79527 9.9991E-05 0.20463
0.740171 0.030875 0.228954
0.631751 0.0282867 0.339962
0.735111 0.0952509 0.169638
0.696708 0.11723 0.186062
0.492356 0.105985 0.401659
0.56846 0.0548667 0.376673
0.70153 0.0628983 0.235572
0.585752 0.00959723 0.40465
0.681464 0.0955359 0.223
0.589144 0.0790951 0.331761
0.551856 0.0453084 0.402836
0.629581 0.0383535 0.332066
0.678508 0.0271302 0.294361
0.57869 9.9991E-05 0.42121
0.57829 0.0344937 0.387216
0.60478 9.9991E-05 0.39512
0.555015 0.0559872 0.388997
0.622241 0.00923236 0.368527
0.662272 0.112889 0.224839
0.54344 0.0254088 0.431152
0.583558 9.9991E-05 0.416342
0.810642 0.142987 0.0463704
0.80493 0.122393 0.0726765
0.634707 0.0521649 0.313128
0.910994 0.0889056 9.9991E-05
0.787828 0.0930798 0.119092
0.793549 0.0136345 0.192816
0.763117 0.098967 0.137916
0.808985 0.0658589 0.125156
0.614528 0.035 0.350472
0.582721 0.0411742 0.376105
0.619328 0.0264507 0.354222
0.838837 0.120295 0.040868
0.558594 0.0815849 0.359821
0.592691 0.0924354 0.314873
0.716312 0.283588 9.9991E-05
0.559997 9.9991E-05 0.439903
0.6869 0.131777 0.181322
0.553045 0.0991285 0.347827
0.723653 0.173294 0.103054
0.801792 0.198109 9.9991E-05
0.713144 0.0705219 0.216335
0.582134 0.126354 0.291512
0.563758 0.156096 0.280146
0.765197 0.173435 0.0613677
0.534761 0.0881213 0.377118
0.88459 0.00294983 0.11246
0.782498 9.9991E-05 0.217402
0.554615 0.0687319 0.376653
0.217747 0.431905 0.350349
0.1641 0.708529 0.127371
0.178685 0.716483 0.104833
0.227443 0.460755 0.311802
0.688542 9.9991E-05 0.311358
0.555298 0.0384287 0.406273
0.109695 9.9991E-05 0.890205
0.282902 0.0180739 0.699025
0.314796 0.0910135 0.59419
0.812209 0.0742056 0.113585
0.578905 0.100084 0.321011
0.883128 0.0586877 0.0581838
0.634922 0.0317102 0.333368
0.649903 0.0570352 0.293062
0.668124 0.00102963 0.330847
0.817506 0.115895 0.0665988
0.590339 9.9991E-05 0.409561
0.587635 0.029629 0.382736
9.9991E-05 0.0607104 0.93919
9.9991E-05 0.0689547 0.930945
0.182699 0.0908678 0.726434
0.154759 0.00554074 0.8397
0.0389471 0.0561566 0.904896
9.9991E-05 0.0859648 0.913935
9.9991E-05 0.0951889 0.904711
0.0256164 0.0215382 0.952845
9.9991E-05 0.097842 0.902058
9.9991E-05 0.0461036 0.953796
9.9991E-05 0.0717403 0.92816
0.0350505 0.0746586 0.890291
0.000494427 0.122917 0.876589
9.9991E-05 0.0526579 0.947242
0.290342 0.132214 0.577444
0.122248 0.106399 0.771353
9.9991E-05 0.100223 0.899677
9.9991E-05 0.0841897 0.91571
9.9991E-05 0.0385885 0.961311
9.9991E-05 0.0568454 0.943055
9.9991E-05 0.0950958 0.904804
0.133888 0.0962765 0.769835
9.9991E-05 0.0779396 0.92196
0.515719 0.457919 0.0263619
0.444989 0.224713 0.330297
0.485558 0.197751 0.316691
0.492916 0.302227 0.204857
0.493406 0.147592 0.359002
0.467865 0.358881 0.173254
0.488429 0.160972 0.350599
0.457694 0.248448 0.293858
0.459596 0.15015 0.390254
0.444953 0.196327 0.35872
0.493102 0.141877 0.365021
0.0207745 0.890894 0.0883311
9.9991E-05 0.903001 0.0968988
9.9991E-05 0.948701 0.0511986
9.9991E-05 0.978915 0.0209854
9.9991E-05 0.907012 0.0928877
9.9991E-05 0.946218 0.0536823
9.9991E-05 0.904122 0.0957778
9.9991E-05 0.944171 0.0557288
9.9991E-05 0.897109 0.102791
9.9991E-05 0.920599 0.0793015
0.281786 0.718114 9.9991E-05
0.255255 0.744645 9.9991E-05
0.356256 0.643644 9.9991E-05
0.400676 0.599224 9.9991E-05
0.681265 0.0531845 0.265551
0.690894 9.9991E-05 0.309006
0.654385 9.9991E-05 0.345515
0.799237 0.0652708 0.135492
0.835096 0.121076 0.0438282
0.604835 9.9991E-05 0.395065
0.668284 9.9991E-05 0.331616
0.704423 9.9991E-05 0.295477
0.79992 9.9991E-05 0.19998
0.598077 9.9991E-05 0.401823
0.786783 9.9991E-05 0.213117
0.9998 9.999E-05 9.999E-05
0.630536 0.0271818 0.342282
0.938926 0.000185728 0.0608881
0.689452 9.9991E-05 0.310448
0.91695 0.0593543 0.0236956
0.654574 0.345326 9.9991E-05
0.67544 0.32446 9.9991E-05
0.695467 0.304433 9.9991E-05
0.673576 0.326324 9.9991E-05
0.758185 0.241715 9.9991E-05
0.714111 0.285789 9.9991E-05
9.9991E-05 0.860121 0.139779
0.0568096 0.791524 0.151666
0.0616035 0.757507 0.18089
0.0020906 0.853955 0.143954
0.0469595 0.763627 0.189413
0.422312 0.577588 9.9991E-05
0.395445 0.604455 9.9991E-05
0.402712 0.597188 9.9991E-05
0.0203167 0.847971 0.131712
0.451379 0.548521 9.9991E-05
0.19184 0.305361 0.5028
0.363762 0.116067 0.520171
0.228465 0.119088 0.652446
0.23974 0.259907 0.500353
0.459836 0.119875 0.420289
0.105547 0.584085 0.310367
0.759579 0.0693403 0.171081
0.762948 0.0149501 0.222102
0.795803 0.114468 0.0897283
0.70707 9.9991E-05 0.29283
0.895792 0.104108 9.9991E-05
0.568336 0.0478235 0.383841
0.678525 0.0108434 0.310631
0.773365 0.104663 0.121972
0.598872 0.0739135 0.327214
0.909463 0.0904368 9.9991E-05
0.643548 0.0316116 0.32484
0.719608 0.0141765 0.266216
0.500516 0.12556 0.373924
0.815958 0.0309919 0.15305
0.740873 0.0215722 0.237555
0.673972 9.9991E-05 0.325928
0.705535 9.9991E-05 0.294365
0.587188 9.9991E-05 0.412712
0.55665 0.0502038 0.393147
0.614108 0.0282409 0.357651
9.9991E-05 0.802761 0.197139
9.9991E-05 0.837496 0.162404
0.00259667 0.909176 0.0882273
9.9991E-05 0.884381 0.115519
9.9991E-05 0.881059 0.118841
0.798115 0.193613 0.00827165
0.605884 0.0399482 0.354168
0.332787 0.171986 0.495227
0.570634 9.9991E-05 0.429266
0.691815 0.0275776 0.280608
0.788619 0.0886656 0.122715
0.748928 0.250972 9.9991E-05
0.684621 0.0741278 0.241251
0.733417 0.165373 0.101211
0.688692 0.0303095 0.280998
0.745083 0.229108 0.0258093
0.538917 0.0564243 0.404659
0.77593 0.201555 0.0225157
0.706192 0.106176 0.187632
0.605472 0.0519388 0.342589
0.859043 0.0577934 0.0831632
0.647496 0.0255711 0.326933
0.575676 0.0872504 0.337074
0.854418 0.0989435 0.0466389
0.595995 0.0596495 0.344355
0.715297 0.0236241 0.261079
0.924558 0.0753424 9.9991E-05
0.860664 0.115448 0.0238873
0.731361 0.0357541 0.232885
0.90524 0.0946602 9.9991E-05
0.788595 9.9991E-05 0.211305
0.832085 0.167815 9.9991E-05
0.823344 0.0402107 0.136445
0.640191 0.1203 0.239509
0.629081 0.0117076 0.359211
0.831074 0.0799383 0.0889872
0.602052 0.0629722 0.334976
0.624022 0.0273646 0.348613
0.66348 0.00819655 0.328323
0.663255 0.0107669 0.325978
0.711126 0.0387366 0.250137
0.821432 0.0889678 0.0896001
0.751087 0.0242771 0.224636
0.663255 9.9991E-05 0.336645
0.57591 0.0287577 0.395332
0.625147 0.109534 0.265319
0.643149 9.9991E-05 0.356751
0.716892 0.073862 0.209246
0.636112 0.00890343 0.354984
0.631412 0.0599773 0.30861
0.594835 0.0501449 0.35502
0.258414 0.303182 0.438404
0.417281 0.0938691 0.48885
0.450212 0.136576 0.413212
0.436658 0.0986139 0.464728
0.340772 0.148961 0.510267
0.7609 9.9991E-05 0.239
0.451364 0.0985578 0.450078
0.472111 0.353762 0.174126
0.45297 0.0798644 0.467165
0.417502 0.102064 0.480435
0.45443 0.0527284 0.492842
0.488357 0.218737 0.292906
0.335374 0.151982 0.512644
0.409993 0.0864697 0.503537
0.195801 0.681466 0.122733
0.322494 0.167117 0.510389
0.353489 0.137724 0.508787
0.515778 0.0111116 0.473111
0.301719 0.130062 0.56822
0.394525 0.153573 0.451903
0.720013 0.00810454 0.271882
0.610777 0.0277609 0.361462
0.95336 0.0465402 9.9991E-05
0.905562 0.0943384 9.9991E-05
0.614901 0.0466512 0.338447
0.302067 0.1617 0.536234
0.283369 0.191475 0.525156
0.329667 0.229992 0.440341
0.327314 0.164687 0.507999
0.699622 0.193004 0.107375
0.701231 0.1725 0.126269
0.594718 9.9991E-05 0.405182
0.587959 0.053203 0.358838
0.721644 0.0935284 0.184827
0.555943 0.0292591 0.414798
0.607804 9.9991E-05 0.392096
0.576754 0.0618676 0.361379
0.783987 0.0213212 0.194692
0.762657 0.00694142 0.230402
0.682561 0.0130971 0.304342
0.684399 0.0264024 0.289199
0.559797 0.0792305 0.360972
0.765052 9.9991E-05 0.234848
0.868767 0.0419829 0.0892496
0.610794 9.9991E-05 0.389106
0.879193 0.0363807 0.0844263
0.732854 0.0253462 0.241799
0.67078 0.0319238 0.297296
0.618871 0.0501004 0.331028
0.412569 0.172948 0.414483
0.444676 0.14947 0.405854
0.289943 0.214891 0.495166
0.336207 0.211223 0.45257
0.41672 0.155253 0.428028
0.418854 0.152888 0.428258
0.568791 0.316693 0.114516
0.36616 0.0628643 0.570976
0.365986 0.55294 0.0810743
0.480691 0.0294545 0.489854
0.935402 0.0353183 0.0292798
0.944543 0.0553572 9.9991E-05
0.739266 9.9991E-05 0.260634
0.649034 9.9991E-05 0.350866
0.782752 9.9991E-05 0.217148
0.670299 9.9991E-05 0.329601
0.683298 9.9991E-05 0.316602
0.0214417 0.90956 0.0689978
0.0644799 0.799221 0.136299
9.9991E-05 0.934187 0.0657129
9.9991E-05 0.917694 0.0822063
0.668435 9.9991E-05 0.331465
0.691346 9.9991E-05 0.308554
0.733582 9.9991E-05 0.266318
0.633976 0.0252446 0.34078
0.626467 0.0349563 0.338577
0.83518 0.0150927 0.149728
0.654838 9.9991E-05 0.345062
0.86406 9.9991E-05 0.13584
0.281732 0.296718 0.421551
0.753658 9.9991E-05 0.246242
0.833426 9.9991E-05 0.166474
0.73178 9.9991E-05 0.26812
0.76567 9.9991E-05 0.23423
0.664661 9.9991E-05 0.335239
0.684213 0.00232518 0.313462
0.998788 0.00111199 9.9991E-05
0.84997 9.9991E-05 0.14993
0.810014 9.9991E-05 0.189886
0.9998 9.999E-05 9.999E-05
0.738157 0.0482668 0.213576
0.984927 0.0149735 9.9991E-05
0.970682 0.0292182 9.9991E-05
0.657918 9.9991E-05 0.341982
0.880645 0.0577551 0.0615999
0.741333 9.9991E-05 0.258567
0.579866 0.0293325 0.390802
0.694729 9.9991E-05 0.305171
0.812417 0.0045725 0.18301
0.671577 9.9991E-05 0.328323
0.713024 9.9991E-05 0.286876
0.867285 9.9991E-05 0.132615
0.608598 0.0646393 0.326763
0.216243 0.783657 9.9991E-05
0.13826 0.859837 0.00190377
0.0670875 0.932813 9.9991E-05
0.0931475 0.906753 9.9991E-05
0.166225 0.819847 0.0139288
0.887157 0.0860884 0.0267544
0.947569 0.037449 0.0149825
0.911313 9.9991E-05 0.088587
0.599342 0.0337231 0.366935
0.5743 0.053983 0.371717
0.850412 9.9991E-05 0.149488
0.604079 9.9991E-05 0.395821
0.742625 9.9991E-05 0.257275
0.713916 9.9991E-05 0.285984
0.591633 0.0137614 0.394605
0.908952 9.9991E-05 0.0909479
0.870537 9.9991E-05 0.129363
0.828598 0.0237274 0.147674
0.559874 0.0648582 0.375268
0.799259 9.9991E-05 0.200641
0.76619 0.0110901 0.22272
0.27783 0.0772921 0.644878
0.208726 0.122602 0.668672
0.211571 0.0902124 0.698217
0.0873344 0.214766 0.6979
0.29227 0.0870327 0.620698
0.667173 0.020379 0.312448
9.9991E-05 0.359135 0.640765
0.14419 0.188692 0.667118
0.415623 0.197795 0.386582
0.566346 0.126017 0.307638
0.601686 0.117834 0.28048
0.547974 0.08442 0.367606
0.494595 0.0900625 0.415343
0.133909 0.161814 0.704277
0.260911 0.148881 0.590207
0.144606 0.0833172 0.772077
0.347 0.0933305 0.55967
0.160707 0.208063 0.631231
0.272168 0.126729 0.601103
0.111984 0.172239 0.715777
0.310885 0.0910972 0.598018
0.611844 0.106709 0.281447
0.249082 0.14399 0.606928
0.0471329 0.252782 0.700085
0.270961 0.13813 0.590909
0.650617 0.244783 0.1046
0.607224 0.00641864 0.386357
0.244941 0.146191 0.608869
0.563164 0.127918 0.308919
0.570166 0.146295 0.283538
0.353245 0.221039 0.425716
0.296084 0.208209 0.495707
0.540109 0.0628385 0.397052
0.303186 0.1414 0.555414
0.182796 0.0983683 0.718836
0.00867386 0.249155 0.742171
0.514675 0.0781814 0.407144
0.612687 0.159243 0.22807
0.698064 0.240577 0.0613588
0.46311 0.135221 0.401669
0.650017 0.125908 0.224075
0.429271 0.130374 0.440355
0.516415 0.110122 0.373462
0.35444 0.538817 0.106743
0.417202 0.53545 0.0473474
0.523529 0.206022 0.270448
0.328413 0.467751 0.203836
0.171745 0.628868 0.199387
0.467853 0.223324 0.308824
0.366334 0.234405 0.399261
0.370423 0.383245 0.246333
0.422435 0.413801 0.163764
0.421668 0.154022 0.424311
0.408017 0.352595 0.239387
0.344565 0.604452 0.0509823
0.46922 0.103284 0.427496
0.365744 0.251604 0.382652
0.294508 0.272061 0.433431
0.301142 0.108886 0.589972
0.366231 0.101787 0.531983
0.324147 0.124141 0.551712
0.217581 0.374988 0.407431
0.330257 0.179992 0.489751
0.292381 0.197409 0.51021
0.307811 0.274515 0.417674
0.455709 0.21665 0.327642
0.385415 0.192978 0.421607
0.403437 0.0919754 0.504588
0.477432 0.07105 0.451518
0.251394 0.274406 0.4742
0.346056 0.165704 0.48824
0.173424 0.458073 0.368502
0.378554 0.102756 0.518691
0.217709 0.348994 0.433297
0.103404 0.867021 0.0295757
0.775584 0.224316 9.9991E-05
0.704818 0.295082 9.9991E-05
0.745379 0.254521 9.9991E-05
0.77883 0.22107 9.9991E-05
0.769553 0.230347 9.9991E-05
0.798361 0.201539 9.9991E-05
0.734531 0.265369 9.9991E-05
0.607468 0.392432 9.9991E-05
0.00849985 0.931021 0.0604788
0.0967261 0.821337 0.0819368
0.0210833 0.896882 0.0820346
0.045369 0.896071 0.0585599
0.0054874 0.902861 0.091652
9.9991E-05 0.889887 0.110013
0.0563707 0.739177 0.204453
9.9991E-05 0.859685 0.140215
0.0945172 0.738353 0.16713
9.9991E-05 0.875589 0.124311
9.9991E-05 0.958522 0.0413778
9.9991E-05 0.891238 0.108662
9.9991E-05 0.972553 0.027347
9.9991E-05 0.914035 0.0858647
9.9991E-05 0.862772 0.137128
9.9991E-05 0.890553 0.109347
9.9991E-05 0.845183 0.154717
9.9991E-05 0.812952 0.186948
9.9991E-05 0.790294 0.209606
0.654583 0.149894 0.195522
0.592725 0.0192371 0.388038
0.558092 0.0394159 0.402492
0.767412 0.219133 0.0134549
0.613285 0.0997533 0.286961
0.725277 0.266591 0.00813209
0.541628 0.0353063 0.423066
0.639751 0.15299 0.207259
0.611754 0.150658 0.237589
0.679832 9.9991E-05 0.320068
0.645168 0.149943 0.204889
0.569254 0.0301995 0.400546
0.59526 0.123705 0.281035
0.867514 0.132386 9.9991E-05
0.735492 0.264408 9.9991E-05
0.731763 0.221737 0.0465006
0.557885 0.0729723 0.369142
0.642594 0.0517121 0.305694
0.594438 0.0609044 0.344658
0.520823 0.0705603 0.408617
0.388569 0.182201 0.42923
0.3305 0.185316 0.484184
0.321976 0.446493 0.231531
0.506792 0.102433 0.390775
0.424315 0.208425 0.36726
0.271895 0.579906 0.148199
0.299944 0.309403 0.390653
0.286239 0.377887 0.335874
0.35358 0.296698 0.349722
0.449136 0.120209 0.430655
0.418279 0.158028 0.423693
0.459914 0.06732 0.472766
0.438861 0.144086 0.417053
0.238449 0.495155 0.266395
