9.9991E-05 0.115994 0.883906
9.999E-05 0.0699341 0.929966
0.00856027 0.101611 0.889829
0.0376613 0.129832 0.832506
9.9991E-05 0.109973 0.889927
0.154829 0.117971 0.7272
0.0783004 0.0624374 0.859262
0.14008 0.0709454 0.788975
0.0755434 9.9991E-05 0.924357
0.112441 0.0850332 0.802526
0.0929824 0.122599 0.784419
0.761121 0.0825532 0.156326
0.631623 0.32634 0.042037
0.735768 0.144003 0.120229
0.663435 0.2173 0.119265
0.528762 0.341071 0.130168
0.579388 0.420512 9.9991E-05
0.680586 0.305539 0.0138748
0.630867 0.169894 0.199239
0.780453 9.9991E-05 0.219447
0.674458 0.275856 0.0496864
0.646522 0.295438 0.0580399
0.658471 0.337815 0.00371365
0.702263 0.125508 0.172229
0.472535 0.475954 0.0515115
0.609447 0.336403 0.0541494
0.74046 0.0841513 0.175389
0.672173 0.155149 0.172679
0.790731 0.0670655 0.142203
9.9991E-05 0.156525 0.843375
9.9991E-05 0.141775 0.858125
9.9991E-05 0.209949 0.789951
9.9991E-05 0.272039 0.727861
0.669438 0.29359 0.0369715
0.612676 0.330134 0.0571901
0.689298 0.310602 9.9991E-05
0.80925 0.00793208 0.182818
0.839263 0.160637 9.9991E-05
0.610892 0.372146 0.016962
0.566585 0.433315 9.9991E-05
0.589428 0.328909 0.0816633
0.598861 0.357431 0.0437083
0.905828 0.0214252 0.072747
0.56772 0.415084 0.0171954
0.600076 0.377928 0.0219961
0.476872 0.424206 0.0989219
0.857498 0.142402 9.9991E-05
0.614979 0.371231 0.0137899
0.551835 0.372177 0.0759882
0.866413 9.9991E-05 0.133487
0.860579 9.9991E-05 0.139321
0.811716 0.0680238 0.12026
0.566111 0.421379 0.0125098
0.583918 0.41082 0.00526207
0.537992 0.407896 0.0541118
0.718815 0.0451056 0.23608
0.667276 0.325989 0.00673556
0.584479 0.367645 0.0478758
0.644785 0.220852 0.134363
0.670664 0.0388633 0.290473
0.563638 0.362052 0.07431
0.630077 0.305451 0.0644724
0.773691 9.9991E-05 0.226209
0.745559 0.21694 0.037501
0.628218 0.36565 0.00613194
0.560875 0.399096 0.0400292
0.683216 0.152093 0.164692
0.646754 0.330299 0.0229477
0.602918 0.370777 0.0263051
0.773181 0.0698724 0.156947
0.711961 0.287939 9.9991E-05
0.874354 0.0956306 0.0300157
0.55563 0.3666 0.0777701
0.996183 9.9991E-05 0.00371686
0.998201 9.9991E-05 0.00169889
0.890652 0.109248 9.9991E-05
0.73215 0.267751 9.9991E-05
0.519634 0.386503 0.0938635
0.738539 0.261361 9.9991E-05
0.892442 0.0332629 0.0742951
0.851292 0.10262 0.0460887
0.588991 0.351701 0.0593082
0.789764 0.172334 0.0379026
0.769721 0.230179 9.9991E-05
0.748679 0.251221 9.9991E-05
0.923988 9.9991E-05 0.075912
0.604046 0.395854 9.9991E-05
0.0391993 0.111586 0.849215
9.9991E-05 0.118535 0.881365
9.9991E-05 0.175944 0.823956
9.9991E-05 0.105861 0.894039
9.9991E-05 0.0901267 0.909773
9.9991E-05 0.160528 0.839372
9.9991E-05 0.101453 0.898447
0.635823 0.364077 9.9998E-05
0.531327 0.389988 0.0786845
0.897944 9.9991E-05 0.101956
0.61139 0.366865 0.0217452
0.803491 0.196409 9.9991E-05
0.675584 0.324316 9.9991E-05
0.657243 0.342657 9.9991E-05
0.669466 0.330434 9.9991E-05
0.884752 9.9991E-05 0.115148
0.607116 0.344167 0.048717
0.546637 0.448944 0.00441849
0.552397 0.383395 0.0642074
0.819232 0.154031 0.0267372
0.728068 0.271832 9.9991E-05
0.730328 0.269572 9.9991E-05
0.800644 0.199256 9.9991E-05
0.75787 0.219324 0.0228057
0.553279 0.38473 0.0619914
0.737573 0.152218 0.110209
0.653342 0.231915 0.114744
0.510559 0.377493 0.111948
0.567443 0.382709 0.0498472
0.690579 0.235932 0.0734895
0.605156 0.357844 0.0370004
0.664722 0.236442 0.0988359
0.604015 0.300687 0.095298
0.577713 0.415312 0.00697464
0.645721 0.304 0.0502788
0.699185 0.287365 0.0134492
0.535345 0.42887 0.0357847
0.554124 0.38769 0.0581868
0.604171 0.395729 9.9991E-05
0.542251 0.410891 0.0468579
0.594635 0.405265 9.9991E-05
0.676314 0.205026 0.11866
0.574891 0.402532 0.022577
0.560977 0.438923 9.9991E-05
0.797512 0.0499679 0.15252
0.843078 0.0358315 0.121091
0.656164 0.292929 0.0509065
0.926283 9.9991E-05 0.0736165
0.78593 0.123336 0.0907345
0.778501 0.199534 0.0219653
0.771335 0.139269 0.0893958
0.791886 0.134944 0.0731698
0.644722 0.332428 0.0228504
0.552936 0.386754 0.0603101
0.567239 0.392582 0.0401793
0.846378 0.0348637 0.118758
0.516123 0.379 0.104878
0.628848 0.325562 0.0455895
0.723266 9.9991E-05 0.276634
0.556422 0.442647 0.000931023
0.662021 0.197939 0.140041
0.534404 0.373699 0.091897
0.746245 0.0619423 0.191813
0.784689 9.9991E-05 0.215211
0.691719 0.217605 0.0906761
0.53591 0.334772 0.129318
0.534825 0.321879 0.143297
0.763209 0.0720527 0.164738
0.570202 0.386735 0.0430632
0.875118 0.122028 0.00285439
0.789523 0.210377 9.9991E-05
0.542159 0.402142 0.0556984
0.229821 0.319027 0.451152
0.159346 0.12 0.720654
0.157941 0.110063 0.731996
0.226325 0.321425 0.452251
0.707688 0.292212 9.9991E-05
0.53523 0.409425 0.0553454
0.0923608 0.903827 0.00381253
0.267319 0.67029 0.0623916
0.283034 0.633003 0.083963
0.781373 0.126688 0.0919387
0.555612 0.360476 0.0839116
0.874352 0.0628557 0.0627926
0.648967 0.326412 0.0246205
0.667371 0.26516 0.0674688
0.660374 0.339526 9.9991E-05
0.84275 0.0597027 0.0975469
0.53975 0.426144 0.0341055
0.574594 0.36419 0.0612157
9.9991E-05 0.91979 0.08011
9.9991E-05 0.904348 0.0955517
0.179922 0.751377 0.0687002
0.145989 0.853911 9.9991E-05
0.00921779 0.901447 0.0893353
9.9991E-05 0.918682 0.081218
9.9991E-05 0.919808 0.0800925
9.9991E-05 0.985569 0.0143307
9.9991E-05 0.889719 0.110181
9.9991E-05 0.943464 0.0564363
9.9991E-05 0.929574 0.0703265
0.00419342 0.917476 0.0783305
0.0362274 0.83488 0.128892
9.9991E-05 0.947826 0.0520743
0.300599 0.603401 0.0960004
0.121174 0.768857 0.109969
0.0136782 0.883985 0.102337
9.9991E-05 0.911661 0.0882394
9.9991E-05 0.958722 0.0411776
9.9991E-05 0.926277 0.0736234
9.9991E-05 0.926023 0.0738774
0.128078 0.785471 0.086451
9.9991E-05 0.914107 0.0857931
0.4857 0.0269403 0.48736
0.442742 0.319285 0.237973
0.484933 0.338753 0.176314
0.489135 0.207821 0.303044
0.478133 0.379253 0.142614
0.507233 0.139872 0.352895
0.46055 0.364184 0.175265
0.455354 0.305882 0.238764
0.412558 0.440033 0.14741
0.39687 0.375992 0.227138
0.443163 0.399702 0.157136
0.00954023 0.10378 0.88668
9.9991E-05 0.117766 0.882134
9.9991E-05 0.0722729 0.927627
9.9991E-05 0.034624 0.965276
9.9991E-05 0.0915284 0.908372
9.9991E-05 0.0592394 0.940661
9.9991E-05 0.10404 0.89586
9.9991E-05 0.0605263 0.939374
9.9991E-05 0.0984606 0.901439
9.9991E-05 0.105196 0.894704
0.290028 9.9991E-05 0.709872
0.25044 9.9991E-05 0.74946
0.339673 9.9991E-05 0.660227
0.400022 9.9991E-05 0.599878
0.682907 0.28059 0.036503
0.700502 0.299398 9.9991E-05
0.703908 0.295992 9.9991E-05
0.802423 0.179211 0.0183663
0.854766 0.028569 0.116665
0.614158 0.385742 9.9991E-05
0.670562 0.329338 9.9991E-05
0.722751 0.277149 9.9991E-05
0.791623 0.208277 9.9991E-05
0.607593 0.392307 9.9991E-05
0.78292 0.21698 9.9991E-05
0.9998 9.999E-05 9.999E-05
0.645264 0.302411 0.0523246
0.929439 0.0687435 0.00181778
0.690476 0.309424 9.9991E-05
0.95013 0.0168804 0.0329893
0.638088 9.9991E-05 0.361812
0.676872 9.9991E-05 0.323028
0.695749 9.9991E-05 0.304151
0.663747 9.9991E-05 0.336153
0.762097 9.9991E-05 0.237803
0.731392 9.9991E-05 0.268508
9.9991E-05 0.115188 0.884712
0.0459748 0.145625 0.8084
0.0449905 0.197131 0.757879
9.9991E-05 0.15517 0.84473
0.0296131 0.204471 0.765916
0.464175 9.9991E-05 0.535725
0.405777 9.9991E-05 0.594123
0.403181 9.9991E-05 0.596719
0.00543495 0.144611 0.849954
0.444753 9.9991E-05 0.555147
0.184115 0.507112 0.308773
0.36217 0.543394 0.0944359
0.211127 0.622423 0.16645
0.241457 0.481133 0.27741
0.391323 0.45383 0.154848
0.107845 0.307591 0.584564
0.769226 0.169975 0.0607985
0.738949 0.235719 0.0253314
0.800344 0.0799782 0.119678
0.716586 0.283314 9.9991E-05
0.904537 9.9991E-05 0.0953632
0.560304 0.379217 0.0604789
0.677504 0.310104 0.0123915
0.754282 0.126533 0.119185
0.579851 0.343524 0.0766247
0.919226 9.9991E-05 0.0806744
0.679681 0.320219 9.9991E-05
0.703144 0.273565 0.0232918
0.486201 0.398427 0.115373
0.76977 0.179729 0.0505009
0.739415 0.254266 0.0063195
0.665683 0.334217 9.9991E-05
0.727031 0.272869 9.9991E-05
0.56657 0.43333 9.9991E-05
0.571967 0.378523 0.0495092
0.603587 0.342585 0.0538278
9.9991E-05 0.189263 0.810637
9.9991E-05 0.155852 0.844048
0.0189789 0.100235 0.880786
9.9991E-05 0.113682 0.886218
9.9991E-05 0.131787 0.868113
0.782527 0.022631 0.194842
0.629925 0.354178 0.0158968
0.311066 0.481636 0.207297
0.599541 0.400359 9.9991E-05
0.659607 0.306174 0.0342194
0.807629 0.130752 0.0616198
0.756523 9.9991E-05 0.243377
0.666385 0.268555 0.0650598
0.725559 0.0999183 0.174523
0.697201 0.267479 0.0353206
0.751541 0.0109912 0.237468
0.559938 0.407454 0.0326082
0.80189 0.000123152 0.197987
0.694369 0.214334 0.0912973
0.649568 0.291198 0.0592342
0.827925 0.0928283 0.0792468
0.646624 0.309883 0.0434923
0.604886 0.348581 0.0465327
0.84104 0.0734758 0.0854843
0.577239 0.35586 0.066901
0.685257 0.274576 0.0401664
0.929188 9.9991E-05 0.0707122
0.877969 0.0045022 0.117529
0.738522 0.204878 0.0566001
0.890541 9.9991E-05 0.109359
0.782605 0.196727 0.0206676
0.820753 0.0239791 0.155267
0.808734 0.162323 0.0289431
0.660077 0.256792 0.0831307
0.579313 0.389843 0.0308436
0.829619 0.0686279 0.101753
0.620299 0.360863 0.0188378
0.645115 0.33183 0.0230549
0.673102 0.326658 0.000240099
0.649494 0.331496 0.0190101
0.660859 0.284321 0.0548194
0.786698 0.109112 0.104191
0.710431 0.225421 0.0641486
0.648001 0.351899 9.9991E-05
0.553753 0.425771 0.0204759
0.663833 0.230716 0.105451
0.661564 0.338336 9.9991E-05
0.712961 0.224023 0.0630156
0.616332 0.364406 0.0192613
0.62951 0.325647 0.0448433
0.528795 0.402397 0.0688084
0.276861 0.439087 0.284052
0.394862 0.514882 0.0902559
0.423208 0.404852 0.17194
0.487783 0.468322 0.0438952
0.347897 0.510352 0.141751
0.757946 0.241954 9.9991E-05
0.428764 0.443555 0.12768
0.472154 0.175076 0.35277
0.476867 0.486694 0.0364393
0.388052 0.499315 0.112632
0.477316 0.463308 0.059376
0.482481 0.297062 0.220457
0.370402 0.497629 0.131969
0.384505 0.494578 0.120918
0.206722 0.10466 0.688618
0.37103 0.497353 0.131617
0.340896 0.542135 0.11697
0.448592 0.483478 0.0679301
0.302276 0.574869 0.122855
0.380722 0.459445 0.159832
0.726262 0.259863 0.0138753
0.609946 0.355254 0.0347994
0.952355 9.9991E-05 0.0475447
0.920382 9.9991E-05 0.0795182
0.613435 0.352117 0.0344482
0.284186 0.548549 0.167265
0.312982 0.518603 0.168415
0.337028 0.422631 0.240341
0.334032 0.48174 0.184227
0.720392 0.0954074 0.1842
0.701117 0.138588 0.160296
0.61191 0.38799 9.9991E-05
0.576417 0.36409 0.0594935
0.706439 0.189079 0.104483
0.569472 0.423984 0.00654386
0.55583 0.44407 9.9991E-05
0.586941 0.357155 0.0559044
0.800314 0.179382 0.0203043
0.79219 0.181737 0.0260726
0.686104 0.306456 0.0074403
0.721739 0.254893 0.0233677
0.606898 0.330362 0.0627392
0.777899 0.222001 9.9991E-05
0.885944 0.0708846 0.0431716
0.617294 0.382606 9.9991E-05
0.891386 0.0741982 0.0344153
0.723001 0.276899 9.9991E-05
0.627249 0.303735 0.0690167
0.660745 0.287394 0.0518612
0.396364 0.450771 0.152865
0.420847 0.410928 0.168225
0.292426 0.475006 0.232568
0.346455 0.439167 0.214379
0.358933 0.460046 0.181021
0.434351 0.39555 0.170099
0.587561 0.1 0.312439
0.375712 0.55179 0.0724984
0.351617 0.0944725 0.55391
0.455076 0.494242 0.0506822
0.942771 0.0290697 0.0281597
0.949493 9.9991E-05 0.0504066
0.733002 0.266898 9.9991E-05
0.617389 0.382511 9.9991E-05
0.773654 0.226246 9.9991E-05
0.66394 0.33596 9.9991E-05
0.689659 0.310241 9.9991E-05
0.0265259 0.0775599 0.895914
0.056379 0.132773 0.810848
9.9991E-05 0.0585374 0.941363
9.9991E-05 0.0762425 0.923657
0.664957 0.334943 9.9991E-05
0.678849 0.321051 9.9991E-05
0.716067 0.283833 9.9991E-05
0.641432 0.349934 0.00863399
0.577629 0.348936 0.0734345
0.817154 0.125922 0.0569242
0.634544 0.365356 9.9991E-05
0.859754 0.140146 9.9991E-05
0.27936 0.423174 0.297466
0.744415 0.255485 9.9991E-05
0.861889 0.136252 0.00185957
0.728998 0.270902 9.9991E-05
0.760457 0.239443 9.9991E-05
0.668467 0.331433 9.9991E-05
0.653082 0.346818 9.9991E-05
0.994115 9.9991E-05 0.0057853
0.819696 0.180204 9.9991E-05
0.780013 0.219887 9.9991E-05
0.9998 9.999E-05 9.999E-05
0.72688 0.260342 0.0127784
0.971584 9.9991E-05 0.0283163
0.962963 9.9991E-05 0.0369368
0.646553 0.353347 9.9991E-05
0.867842 0.0614853 0.0706725
0.740055 0.259845 9.9991E-05
0.541017 0.398059 0.0609238
0.733916 0.265984 9.9991E-05
0.762143 0.212316 0.0255411
0.692364 0.307536 9.9991E-05
0.724297 0.275603 9.9991E-05
0.849755 0.150145 9.9991E-05
0.661278 0.302056 0.0366662
0.22979 9.9991E-05 0.77011
0.153955 0.00175201 0.844293
0.0612699 9.9991E-05 0.93863
0.0894563 9.9991E-05 0.910444
0.178879 0.0086718 0.812449
0.859525 0.0688049 0.0716697
0.902606 0.017559 0.0798347
0.88849 0.11141 9.9991E-05
0.60176 0.39814 9.9991E-05
0.56204 0.387782 0.050178
0.817951 0.181949 9.9991E-05
0.624017 0.375883 9.9991E-05
0.702664 0.269394 0.027942
0.732397 0.267503 9.9991E-05
0.598785 0.401115 9.9991E-05
0.891451 0.0885995 0.0199498
0.861136 0.134444 0.00442035
0.828747 0.163757 0.00749525
0.539829 0.427012 0.0331594
0.792148 0.183271 0.0245812
0.7654 0.232295 0.00230521
0.247291 0.651694 0.101015
0.184048 0.676025 0.139927
0.212473 0.694645 0.0928817
0.121535 0.678842 0.199623
0.282892 0.616284 0.100824
0.673058 0.316215 0.0107271
9.9991E-05 0.654374 0.345526
0.140822 0.7069 0.152277
0.444338 0.366118 0.189543
0.57747 0.302997 0.119534
0.557047 0.29375 0.149203
0.555591 0.365964 0.0784457
0.479325 0.430525 0.0901503
0.10521 0.703616 0.191174
0.220974 0.658028 0.120999
0.118288 0.805683 0.0760289
0.32456 0.552204 0.123235
0.162664 0.622593 0.214743
0.262421 0.637387 0.100192
0.0910872 0.708254 0.200659
0.318071 0.566323 0.115605
0.614269 0.293236 0.0924955
0.21325 0.623257 0.163493
0.0184222 0.695397 0.286181
0.26293 0.576231 0.160839
0.648677 0.127998 0.223325
0.569168 0.429768 0.00106378
0.265825 0.600188 0.133987
0.528466 0.344208 0.127326
0.534725 0.304328 0.160947
0.369245 0.401947 0.228808
0.291269 0.494692 0.214038
0.477385 0.405218 0.117397
0.309591 0.553081 0.137329
0.166004 0.719925 0.114071
0.0102085 0.720358 0.269434
0.503132 0.417449 0.0794191
0.63077 0.208641 0.160588
0.717923 0.0592763 0.2228
0.522765 0.391235 0.0859999
0.649273 0.24315 0.107577
0.398218 0.443504 0.158278
0.472923 0.385549 0.141528
0.353268 0.0990238 0.547708
0.418779 0.0538124 0.527409
0.51742 0.260925 0.221655
0.342704 0.184482 0.472814
0.191157 0.197182 0.611662
0.455886 0.315445 0.22867
0.396012 0.351176 0.252812
0.377809 0.23804 0.384152
0.420342 0.180892 0.398766
0.440341 0.452465 0.107194
0.414453 0.234315 0.351232
0.357782 0.0443113 0.597907
0.489124 0.385446 0.125431
0.387726 0.373877 0.238397
0.244577 0.48337 0.272053
0.267104 0.612226 0.12067
0.343108 0.566726 0.0901659
0.309695 0.551108 0.139197
0.211368 0.417789 0.370843
0.304112 0.512521 0.183367
0.263835 0.501439 0.234726
0.320144 0.422838 0.257018
0.50473 0.291489 0.203781
0.383128 0.435031 0.18184
0.422014 0.481061 0.0969247
0.423494 0.481897 0.0946093
0.238967 0.509462 0.25157
0.321895 0.520277 0.157829
0.172239 0.356304 0.471458
0.380333 0.485288 0.134379
0.198281 0.428846 0.372873
0.0988663 0.0374325 0.863701
0.739532 9.9991E-05 0.260368
0.723353 9.9991E-05 0.276547
0.753809 9.9991E-05 0.246091
0.788853 9.9991E-05 0.211047
0.766031 9.9991E-05 0.233869
0.776532 9.9991E-05 0.223368
0.750196 9.9991E-05 0.249704
0.603403 9.9991E-05 0.396497
0.0335157 0.0453177 0.921167
0.0770264 0.0801507 0.842823
0.0236505 0.0978694 0.87848
0.0495851 0.0495611 0.900854
0.0158457 0.0843072 0.899847
9.9991E-05 0.123575 0.876325
0.0716852 0.197206 0.731109
9.9991E-05 0.129532 0.870368
0.10609 0.172925 0.720985
9.9991E-05 0.112511 0.887389
9.9991E-05 0.0190872 0.980813
9.9991E-05 0.13476 0.86514
9.9991E-05 0.0314998 0.9684
9.9991E-05 0.0821275 0.917773
9.9991E-05 0.128194 0.871706
9.9991E-05 0.114449 0.885451
9.9991E-05 0.162197 0.837703
9.9991E-05 0.194836 0.805064
9.9991E-05 0.205728 0.794172
0.620681 0.219551 0.159767
0.604177 0.395723 9.9991E-05
0.540405 0.399188 0.0604073
0.759937 0.0207328 0.21933
0.625419 0.269052 0.105529
0.701464 0.0356072 0.262929
0.541541 0.435765 0.0226938
0.632318 0.208216 0.159465
0.599825 0.262967 0.137208
0.699754 0.289535 0.0107115
0.622491 0.237309 0.1402
0.554753 0.396443 0.0488032
0.61122 0.288843 0.0999374
0.853767 9.9991E-05 0.146133
0.735544 9.9991E-05 0.264356
0.725082 0.0329473 0.24197
0.550343 0.39261 0.0570473
0.610203 0.324635 0.0651614
0.593448 0.36109 0.0454623
0.519759 0.45022 0.0300212
0.35508 0.44642 0.1985
0.350506 0.494073 0.155421
0.304802 0.254885 0.440313
0.488765 0.408352 0.102884
0.425144 0.359167 0.215689
0.288578 0.134817 0.576605
0.293 0.410723 0.296276
0.265166 0.353864 0.38097
0.353677 0.341323 0.305
0.439088 0.464719 0.0961934
0.394463 0.470292 0.135245
0.421116 0.478882 0.100002
0.422734 0.425733 0.151532
0.210026 0.29785 0.492124
