0.90369 9.9991E-05 0.0962098
0.942301 9.9991E-05 0.0575992
0.888324 0.00839238 0.103283
0.821789 0.034635 0.143576
0.901381 9.9991E-05 0.0985188
0.717541 0.156646 0.125813
0.854756 0.0965004 0.0487434
0.802183 0.130399 0.0674176
0.923796 0.0761036 9.9991E-05
0.806753 0.125892 0.0673552
0.776295 0.118148 0.105557
0.166334 0.759231 0.0744345
0.0425677 0.606301 0.351131
0.119011 0.71144 0.169549
0.13963 0.659612 0.200758
0.122866 0.527516 0.349618
0.042493 0.571596 0.385911
0.0543167 0.623418 0.322265
0.198779 0.635282 0.165939
0.213263 0.786637 9.9991E-05
0.037597 0.710144 0.252259
0.0643154 0.671674 0.264011
0.0265805 0.639375 0.334045
0.164277 0.699123 0.1366
0.0648993 0.471575 0.463526
0.01679 0.64004 0.34317
0.172215 0.747794 0.0799908
0.14521 0.678069 0.176721
0.162878 0.799003 0.038119
0.857013 9.9991E-05 0.142887
0.845465 9.9991E-05 0.154435
0.793794 9.9991E-05 0.206106
0.752588 9.9991E-05 0.247312
0.0419174 0.667022 0.291061
0.0498319 0.630052 0.320117
9.9991E-05 0.671098 0.328802
0.189575 0.793981 0.0164439
9.9991E-05 0.862216 0.137684
0.056611 0.618764 0.324625
9.9991E-05 0.600583 0.399317
0.0639286 0.620652 0.315419
0.0544897 0.59219 0.353321
0.0730964 0.922826 0.00407734
0.0333845 0.563407 0.403208
0.00923731 0.61363 0.377133
0.0407481 0.57327 0.385982
9.9991E-05 0.841591 0.158309
9.9991E-05 0.605422 0.394478
0.0652971 0.567469 0.367234
0.13598 0.86392 9.9991E-05
0.13248 0.86742 9.9991E-05
0.117967 0.822286 0.0597464
0.025977 0.591811 0.382212
0.0357767 0.564974 0.399249
0.0131903 0.544239 0.44257
0.247594 0.688885 0.063521
0.03445 0.654301 0.311249
0.0304459 0.582952 0.386602
0.123991 0.647948 0.22806
0.300865 0.687727 0.0114084
0.048447 0.605078 0.346475
0.0591327 0.661047 0.279821
0.221045 0.778855 9.9991E-05
0.0323002 0.75216 0.21554
0.0165124 0.612534 0.370953
0.040073 0.583641 0.376286
0.167563 0.715772 0.116665
0.0230807 0.661465 0.315454
0.0113575 0.611966 0.376676
0.171485 0.784795 0.0437198
9.9991E-05 0.740218 0.259682
0.0274566 0.877966 0.0945772
0.0769227 0.566946 0.356131
0.0194102 0.98049 9.9991E-05
9.999E-05 0.9998 9.999E-05
9.9991E-05 0.917216 0.0826844
9.9991E-05 0.740237 0.259663
0.085703 0.525928 0.388369
9.9991E-05 0.731328 0.268572
0.0913289 0.865074 0.0435971
0.0358169 0.870171 0.0940122
0.0349322 0.634978 0.330089
9.9991E-05 0.819681 0.180219
9.9991E-05 0.775833 0.224067
9.9991E-05 0.75093 0.24897
0.0867126 0.913187 9.9991E-05
9.9991E-05 0.604479 0.395421
0.860073 0.0397547 0.100172
0.88162 9.9991E-05 0.11828
0.81383 9.9991E-05 0.18607
0.895205 9.9991E-05 0.104695
0.924637 9.9991E-05 0.0752629
0.843759 9.9991E-05 0.156141
0.878819 9.9991E-05 0.121081
0.0343897 0.596342 0.369268
0.0682911 0.522593 0.409116
0.0984489 0.901451 9.9991E-05
0.031602 0.611006 0.357392
0.0157446 0.811136 0.17312
9.9991E-05 0.694448 0.305452
9.9991E-05 0.667537 0.332363
9.9991E-05 0.69752 0.30238
0.103725 0.896175 9.9991E-05
0.0836195 0.580125 0.336256
9.9991E-05 0.59233 0.40757
0.0391666 0.576904 0.383929
0.0178901 0.836781 0.145329
9.9991E-05 0.715265 0.284635
9.9991E-05 0.741004 0.258896
9.9991E-05 0.784836 0.215064
0.0463851 0.755635 0.197979
0.0503919 0.627648 0.32196
0.110553 0.724586 0.164861
0.112296 0.697951 0.189753
0.0703482 0.5526 0.377052
0.037002 0.537965 0.425033
0.0752763 0.683186 0.241538
9.9991E-05 0.628525 0.371375
0.0752912 0.680199 0.244509
0.0758189 0.569559 0.354622
0.0229902 0.597059 0.379951
0.0505196 0.641019 0.308461
0.0189707 0.680612 0.300417
0.0191487 0.55851 0.422341
0.0262444 0.557732 0.416024
9.9991E-05 0.637731 0.362169
0.0471939 0.602329 0.350477
9.9991E-05 0.609812 0.390088
0.146744 0.643682 0.209574
0.00986928 0.577621 0.41251
9.9991E-05 0.594688 0.405212
0.137419 0.811661 0.0509196
0.111019 0.820805 0.0681759
0.0839158 0.612658 0.303426
0.0901524 0.909748 9.9991E-05
0.0863998 0.784162 0.129439
0.00683728 0.793688 0.199474
0.0882351 0.769283 0.142482
0.0703827 0.815029 0.114588
0.0601229 0.589471 0.350406
0.0481383 0.563587 0.388274
9.9991E-05 0.634105 0.365795
0.113311 0.8623 0.0243892
0.108656 0.543092 0.348252
0.0592305 0.61555 0.325219
0.277021 0.722879 9.9991E-05
9.9991E-05 0.582333 0.417567
0.151369 0.701825 0.146807
0.113613 0.536726 0.349662
0.190854 0.725232 0.0839135
0.194734 0.805166 9.9991E-05
0.0584081 0.719798 0.221794
0.118097 0.547786 0.334117
0.182246 0.548951 0.268803
0.154912 0.751368 0.0937196
0.0426748 0.592537 0.364788
0.0286887 0.873492 0.0978194
9.9991E-05 0.8052 0.1947
0.0849136 0.542138 0.372948
0.447541 0.230592 0.321867
0.730943 0.158214 0.110843
0.73076 0.191048 0.0781925
0.482655 0.211143 0.306202
9.9991E-05 0.679582 0.320318
0.0323823 0.566762 0.400856
0.0155734 0.111118 0.873309
0.0596799 0.270971 0.669349
0.104478 0.259927 0.635595
0.0835711 0.796854 0.119575
0.0739762 0.578638 0.347386
0.054959 0.858148 0.0868929
0.040831 0.630465 0.328704
0.038389 0.687284 0.274327
9.9991E-05 0.677396 0.322504
0.0999821 0.831914 0.0681036
9.9991E-05 0.56243 0.43747
0.0574252 0.597844 0.344731
0.0733177 9.9991E-05 0.926582
0.0513878 9.9991E-05 0.948512
0.0822957 0.182818 0.734886
9.9991E-05 0.144707 0.855193
0.0501285 0.0435854 0.906286
0.0776174 9.9991E-05 0.922283
0.0793067 9.9991E-05 0.920593
0.031362 0.00844648 0.960192
0.0967228 9.9991E-05 0.903177
0.0400563 9.9991E-05 0.959844
0.0624579 9.9991E-05 0.937442
0.0742229 0.0543265 0.871451
0.132939 0.00972353 0.857337
0.0474355 9.9991E-05 0.952464
0.087192 0.286583 0.626225
0.0693731 0.0990506 0.831576
0.0985075 9.9991E-05 0.901392
0.0699031 9.9991E-05 0.929997
0.0428927 9.9991E-05 0.957007
0.0768893 9.9991E-05 0.923011
0.0673972 9.9991E-05 0.932503
0.106653 0.107403 0.785943
0.100113 9.9991E-05 0.899787
0.473632 0.512315 0.0140525
0.253913 0.459037 0.28705
0.175854 0.519005 0.305141
0.304227 0.483275 0.212498
0.138684 0.506541 0.354775
0.349247 0.477996 0.172756
0.15754 0.485274 0.357185
0.240104 0.451103 0.308792
0.14452 0.442974 0.412505
0.19304 0.453887 0.353073
0.163345 0.451712 0.384942
0.887956 0.0226167 0.0894269
0.897868 9.9991E-05 0.102032
0.94236 9.9991E-05 0.0575402
0.956876 9.9991E-05 0.0430238
0.895692 9.9991E-05 0.104208
0.944414 9.9991E-05 0.0554856
0.896925 9.9991E-05 0.102975
0.959881 9.9991E-05 0.0400193
0.896267 0.0028457 0.100887
0.91207 9.9991E-05 0.0878297
0.70751 0.29239 9.9991E-05
0.733635 0.266265 9.9991E-05
0.65707 0.34283 9.9991E-05
0.589017 0.410883 9.9991E-05
0.0569206 0.692188 0.250891
0.0114083 0.687111 0.301481
0.0267079 0.678025 0.295267
0.0827367 0.762405 0.154858
0.130141 0.834813 0.0350459
9.9991E-05 0.608258 0.391642
9.9991E-05 0.681739 0.318161
9.9991E-05 0.713678 0.286222
9.9991E-05 0.794324 0.205576
9.9991E-05 0.6035 0.3964
9.9991E-05 0.787009 0.212891
0.000474103 0.999426 9.9991E-05
0.0394237 0.619693 0.340883
0.00764645 0.925109 0.0672442
9.9991E-05 0.696798 0.303102
0.0520835 0.933121 0.014796
0.356629 0.643271 9.9991E-05
0.319365 0.680535 9.9991E-05
0.306153 0.693747 9.9991E-05
0.321835 0.678065 9.9991E-05
0.254145 0.745755 9.9991E-05
0.278785 0.721115 9.9991E-05
0.87191 9.9991E-05 0.12799
0.825646 0.0253082 0.149046
0.75766 0.067613 0.174727
0.855754 0.000319538 0.143927
0.769268 0.034343 0.196389
0.570017 0.429883 9.9991E-05
0.587371 0.412529 9.9991E-05
0.603319 0.396581 9.9991E-05
0.830698 0.0414502 0.127852
0.555925 0.443975 9.9991E-05
0.315905 0.199986 0.484109
0.129836 0.318301 0.551864
0.168807 0.206278 0.624916
0.302987 0.216427 0.480586
0.125896 0.442525 0.431579
0.60705 0.0927964 0.300154
0.0491825 0.768459 0.182358
9.9991E-05 0.754035 0.245865
0.143054 0.765999 0.0909473
9.9991E-05 0.714878 0.285022
0.111924 0.887976 9.9991E-05
0.0169097 0.608654 0.374436
0.00464231 0.660525 0.334833
0.103482 0.77609 0.120428
0.0573871 0.601362 0.34125
0.0804766 0.919423 9.9991E-05
0.01874 0.693265 0.287995
0.0504235 0.68672 0.262857
0.102242 0.503017 0.394741
0.062947 0.771532 0.165521
0.0305594 0.747146 0.222295
9.9991E-05 0.666221 0.333679
9.9991E-05 0.70392 0.29598
9.9991E-05 0.577667 0.422233
0.0546623 0.606752 0.338585
0.056947 0.633853 0.3092
0.802939 9.9991E-05 0.196961
0.848148 9.9991E-05 0.151752
0.902353 0.0176794 0.0799674
0.88164 9.9991E-05 0.11826
0.878816 9.9991E-05 0.121084
0.215537 0.772746 0.0117166
0.0264527 0.625889 0.347658
0.197 0.337616 0.465384
9.9991E-05 0.60396 0.39594
0.0459969 0.653921 0.300082
0.0749708 0.801991 0.123038
0.260819 0.739081 9.9991E-05
0.106915 0.641748 0.251337
0.187097 0.712815 0.100088
0.0585318 0.68272 0.258748
0.231794 0.752744 0.015462
0.0433495 0.571197 0.385454
0.196555 0.793715 0.00973023
0.109125 0.704428 0.186447
0.0738953 0.614121 0.311984
0.100182 0.818066 0.0817512
0.0308591 0.65429 0.314851
0.0988043 0.567361 0.333835
0.107608 0.837895 0.054497
0.0500357 0.595367 0.354597
0.0284721 0.694684 0.276844
0.0916435 0.908257 9.9991E-05
0.131645 0.858649 0.00970557
0.0642818 0.752776 0.182942
0.105229 0.894671 9.9991E-05
0.00795134 0.773921 0.218127
0.168229 0.807437 0.0243342
0.0471848 0.819603 0.133212
0.11841 0.639509 0.242081
0.048173 0.6144 0.337427
0.0848798 0.856093 0.0590273
0.0311409 0.617537 0.351322
0.0539873 0.607116 0.338897
0.0241362 0.632638 0.343225
0.0238734 0.660755 0.315372
0.0696589 0.658447 0.271894
0.0853099 0.820204 0.0944861
0.0372041 0.725813 0.236983
9.9991E-05 0.622136 0.377764
0.0168818 0.580691 0.402428
0.0860099 0.668432 0.245558
9.9991E-05 0.658308 0.341592
0.0912961 0.690424 0.21828
0.0275154 0.633094 0.33939
0.0552341 0.643248 0.301518
0.100251 0.567345 0.332404
0.305246 0.267056 0.427699
0.0934785 0.418179 0.488342
0.169434 0.400638 0.429928
0.0715893 0.463696 0.464715
0.160932 0.329412 0.509656
9.9991E-05 0.742237 0.257663
0.0930575 0.475328 0.431614
0.356391 0.469029 0.174579
0.0766054 0.458152 0.465243
0.109138 0.386641 0.504221
0.088656 0.446105 0.465239
0.227491 0.497058 0.275451
0.158622 0.372255 0.469123
0.108837 0.392112 0.499051
0.695679 0.206781 0.0975394
0.116234 0.394941 0.488826
0.13482 0.336275 0.528905
0.0612113 0.468018 0.47077
0.161095 0.30215 0.536756
0.134542 0.441398 0.424061
0.00778849 0.733995 0.258216
0.0244663 0.610639 0.364895
0.0463088 0.953591 9.9991E-05
0.0912757 0.908624 9.9991E-05
0.0366178 0.629803 0.333579
0.189018 0.314354 0.496628
0.162436 0.294412 0.543152
0.230025 0.343157 0.426819
0.157577 0.340242 0.502181
0.187539 0.711253 0.101208
0.170988 0.681294 0.147718
9.9991E-05 0.599218 0.400682
0.0667382 0.581398 0.351864
0.0914373 0.731656 0.176907
0.0227576 0.604496 0.372746
9.9991E-05 0.57439 0.42551
0.0515993 0.575043 0.373358
9.9991E-05 0.82228 0.17762
0.0194098 0.792277 0.188313
9.9991E-05 0.683176 0.316724
0.0317244 0.684661 0.283615
0.0929293 0.570635 0.336436
9.9991E-05 0.750883 0.249017
0.0372808 0.87755 0.0851694
9.9991E-05 0.605998 0.393902
0.0426792 0.873607 0.0837137
0.00516384 0.737447 0.257389
0.0261151 0.662436 0.311449
0.0272145 0.623347 0.349439
0.148558 0.416484 0.434957
0.170069 0.439818 0.390113
0.214157 0.311833 0.474009
0.212001 0.346887 0.441112
0.163774 0.398601 0.437626
0.162409 0.436381 0.40121
0.309943 0.592486 0.0975711
0.0436867 0.402313 0.554
0.5479 0.378321 0.0737783
0.0103164 0.474898 0.514786
0.0331128 0.948829 0.0180586
0.0441783 0.955722 9.9991E-05
9.9991E-05 0.755666 0.244234
9.9991E-05 0.621707 0.378193
9.9991E-05 0.796889 0.203011
9.9991E-05 0.646191 0.353709
9.9991E-05 0.696315 0.303585
0.887497 0.021224 0.0912792
0.807315 0.069793 0.122892
0.932373 9.9991E-05 0.0675268
0.929646 9.9991E-05 0.0702543
9.9991E-05 0.668374 0.331526
9.9991E-05 0.67905 0.32085
9.9991E-05 0.710875 0.289025
9.9991E-05 0.614432 0.385468
0.0621406 0.592981 0.344878
0.0394952 0.820827 0.139678
9.9991E-05 0.655949 0.343951
9.9991E-05 0.849194 0.150706
0.298686 0.291479 0.409835
9.9991E-05 0.769879 0.230021
9.9991E-05 0.855512 0.144388
9.9991E-05 0.705961 0.293939
9.9991E-05 0.758498 0.241402
9.9991E-05 0.676895 0.323005
9.9991E-05 0.684821 0.315079
0.0167824 0.983118 9.9991E-05
9.9991E-05 0.819629 0.180271
9.9991E-05 0.78527 0.21463
9.999E-05 0.9998 9.999E-05
0.0158803 0.744531 0.239589
0.0144984 0.985402 9.9991E-05
0.0514112 0.948489 9.9991E-05
9.9991E-05 0.651645 0.348255
0.0653175 0.882202 0.0524801
9.9991E-05 0.743434 0.256466
0.0542659 0.571311 0.374423
9.9991E-05 0.7205 0.2794
0.0107228 0.784857 0.20442
9.9991E-05 0.677001 0.322899
9.9991E-05 0.710715 0.289185
9.9991E-05 0.856048 0.143852
0.0291101 0.642653 0.328237
0.763401 0.236499 9.9991E-05
0.852086 0.145037 0.002877
0.926617 0.0732827 9.9991E-05
0.911324 0.0851349 0.00354133
0.815753 0.180059 0.00418823
0.0853861 0.875796 0.0388181
0.0653649 0.92473 0.0099055
9.9991E-05 0.901886 0.0980138
0.0675878 0.567043 0.365369
0.068395 0.520062 0.411543
9.9991E-05 0.830173 0.169727
9.9991E-05 0.627815 0.372085
9.9991E-05 0.753606 0.246294
9.9991E-05 0.739043 0.260857
9.9991E-05 0.626657 0.373243
0.00728277 0.883478 0.10924
9.9991E-05 0.876389 0.123511
0.0225142 0.835849 0.141637
0.033133 0.586976 0.379891
9.9991E-05 0.810633 0.189267
0.00692332 0.77521 0.217867
0.0768552 0.254795 0.66835
0.137656 0.204993 0.657351
0.100562 0.227482 0.671956
0.199986 0.0941019 0.705912
0.0892348 0.307097 0.603668
0.028998 0.656333 0.314669
0.372086 9.9991E-05 0.627814
0.193072 0.127498 0.679431
0.190306 0.44922 0.360474
0.137664 0.551405 0.310931
0.155768 0.559806 0.284426
0.079353 0.54466 0.375987
0.0874003 0.523401 0.389199
0.186714 0.108165 0.705121
0.118937 0.269145 0.611918
0.0855753 0.120203 0.794222
0.193739 0.30182 0.504441
0.218391 0.151618 0.629991
0.0995757 0.277824 0.6226
0.161345 0.142156 0.696498
0.119712 0.319027 0.561261
0.0829508 0.630098 0.286952
0.152615 0.241779 0.605606
0.282645 0.00186085 0.715494
0.17107 0.245064 0.583866
0.234084 0.661537 0.104379
0.02159 0.569714 0.408696
0.159717 0.24308 0.597203
0.124329 0.554061 0.32161
0.152399 0.559462 0.288139
0.199468 0.353704 0.446828
0.219612 0.282363 0.498025
0.0915808 0.529217 0.379203
0.109985 0.292853 0.597161
0.069353 0.216846 0.713801
0.254244 0.00146548 0.744291
0.0964342 0.485759 0.417807
0.179313 0.612857 0.20783
0.2538 0.685659 0.0605412
0.111724 0.53137 0.356906
0.125999 0.638928 0.235073
0.16236 0.395326 0.442314
0.124469 0.504136 0.371395
0.560884 0.347209 0.0919078
0.516546 0.428857 0.0545966
0.225152 0.530367 0.244481
0.461075 0.355483 0.183442
0.625106 0.169839 0.205055
0.222882 0.455877 0.321241
0.236213 0.372125 0.391662
0.39837 0.345297 0.256333
0.391703 0.450777 0.15752
0.150308 0.434676 0.415017
0.329875 0.456778 0.213346
0.577924 0.384118 0.0379583
0.112476 0.491074 0.396449
0.212411 0.403267 0.384322
0.273215 0.27368 0.453105
0.0949309 0.268754 0.636315
0.14661 0.325871 0.527518
0.150412 0.318317 0.531271
0.361446 0.240353 0.398201
0.187214 0.33848 0.474306
0.222142 0.255653 0.522205
0.284842 0.297409 0.41775
0.227407 0.44934 0.323253
0.177042 0.403921 0.419038
0.100613 0.378226 0.521161
0.0615976 0.456985 0.481417
0.23863 0.257538 0.503832
0.171783 0.315926 0.512291
0.482612 0.159802 0.357586
0.115288 0.379454 0.505259
0.35458 0.224916 0.420504
0.868397 0.106123 0.0254808
0.238108 0.761793 9.9991E-05
0.285908 0.713992 9.9991E-05
0.24096 0.75894 9.9991E-05
0.20067 0.79923 9.9991E-05
0.260166 0.739734 9.9991E-05
0.212113 0.787787 9.9991E-05
0.273007 0.726893 9.9991E-05
0.39667 0.60323 9.9991E-05
0.914475 0.0280258 0.0574993
0.822051 0.084547 0.0934021
0.890847 0.0328137 0.0763396
0.882434 0.0608524 0.0567138
0.916382 0.00197425 0.0816437
0.902908 9.9991E-05 0.0969917
0.738813 0.0387678 0.222419
0.874962 9.9991E-05 0.124938
0.748373 0.0898838 0.161743
0.881008 9.9991E-05 0.118892
0.968867 9.9991E-05 0.031033
0.885342 9.9991E-05 0.114558
0.973248 9.9991E-05 0.0266523
0.918235 9.9991E-05 0.0816649
0.881462 9.9991E-05 0.118438
0.899468 9.9991E-05 0.100432
0.84402 9.9991E-05 0.15588
0.816141 9.9991E-05 0.183759
0.788757 9.9991E-05 0.211143
0.164831 0.617135 0.218035
0.0282755 0.580513 0.391212
0.081083 0.515638 0.403279
0.236544 0.735751 0.0277045
0.12466 0.599554 0.275786
0.274723 0.711343 0.0139338
0.0225109 0.536091 0.441398
0.16933 0.646378 0.184291
0.146034 0.612861 0.241105
9.9991E-05 0.706581 0.293319
0.139746 0.622162 0.238092
0.0209384 0.550848 0.428213
0.124787 0.585613 0.2896
0.131575 0.868325 9.9991E-05
0.254997 0.744903 9.9991E-05
0.243659 0.711114 0.045227
0.0738328 0.550188 0.375979
0.0690511 0.628708 0.302241
0.0154094 0.61094 0.373651
0.0208835 0.554935 0.424181
0.199032 0.375966 0.425002
0.164427 0.311278 0.524295
0.460497 0.300403 0.2391
0.0959149 0.506302 0.397783
0.208729 0.414888 0.376383
0.572313 0.278328 0.149359
0.292762 0.309422 0.397816
0.359428 0.287747 0.352825
0.325604 0.346616 0.32778
0.115712 0.426148 0.45814
0.153606 0.409721 0.436673
0.0958893 0.424182 0.479929
0.149916 0.444113 0.405971
0.517488 0.216917 0.265595
