9.9991E-05 0.0296518 0.935509 0.0347392
0.0193504 9.9991E-05 0.971036 0.00951353
0.100211 0.0250564 0.874633 9.9991E-05
0.0535171 0.0890203 0.857363 9.9991E-05
0.0145546 0.0798306 0.905515 9.9991E-05
0.1541 0.0283674 0.678666 0.138866
9.999E-05 0.026659 0.889183 0.0840581
9.9991E-05 0.0636165 0.781857 0.154426
9.9982E-05 9.9982E-05 0.874056 0.125744
0.0894067 0.116843 0.755825 0.0379243
0.0202039 9.9991E-05 0.825111 0.154585
0.426052 0.0583937 0.0414323 0.474122
0.592506 0.154075 0.0423934 0.211026
0.366494 0.0734871 0.131069 0.42895
0.405862 0.160451 0.100964 0.332723
0.475093 0.0814714 0.235461 0.207974
0.724255 0.099833 0.118977 0.056935
0.609928 0.0798486 0.052803 0.25742
0.416257 0.0824688 0.209969 0.291305
0.135089 0.0494693 0.124213 0.691229
0.62604 0.0386866 0.0775569 0.257717
0.557033 0.0892879 0.0432217 0.310458
0.729273 9.9991E-05 0.0862626 0.184364
0.479511 0.0561311 0.0773501 0.387007
0.657396 0.0742586 0.153165 0.11518
0.630723 0.0792639 0.0438834 0.246129
0.378757 0.0138774 0.109263 0.498103
0.325964 0.196026 0.066233 0.411778
0.382041 9.9991E-05 0.06606 0.551799
0.071493 0.0742121 0.854195 9.9991E-05
0.129463 0.00119546 0.869242 9.9991E-05
0.115228 0.0594131 0.825259 9.9991E-05
0.125645 0.124276 0.749979 9.9991E-05
0.694755 0.0388326 0.0158991 0.250514
0.722832 9.9991E-05 0.130956 0.146112
0.775452 9.9991E-05 0.048292 0.176156
0.322342 9.9991E-05 0.196548 0.48101
0.532099 0.0276502 0.00474919 0.435502
0.582991 0.103004 0.149053 0.164952
0.786695 0.0706201 0.040837 0.101848
0.726878 0.0228803 0.139313 0.110929
0.702718 0.0702394 0.11904 0.108003
0.43442 9.9982E-05 9.9982E-05 0.56538
0.56386 0.173486 0.012766 0.249888
0.745237 0.10248 0.0407888 0.111494
0.616859 0.094868 0.162525 0.125747
0.604087 9.9982E-05 9.9982E-05 0.395713
0.751253 0.0524534 0.0566931 0.1396
0.676148 0.0655781 0.108393 0.149882
0.0761642 9.9991E-05 0.106845 0.816891
0.317767 9.9991E-05 0.0319037 0.650229
0.110318 0.129369 0.0276286 0.732684
0.56495 0.11879 0.116391 0.199869
0.604242 0.169566 0.111545 0.114647
0.566728 0.176235 0.113836 0.143201
0.339766 9.9991E-05 0.114571 0.545564
0.66138 0.0791129 0.0204997 0.239008
0.55385 0.136488 0.140061 0.1696
0.499435 0.0195814 0.181534 0.299449
0.181574 0.048839 0.235274 0.534313
0.658718 0.0419401 0.172889 0.126453
0.407359 0.143169 0.0781744 0.371298
0.187437 9.9991E-05 0.141732 0.670732
0.657206 0.0075727 0.0577546 0.277467
0.643644 0.125586 0.0295019 0.201267
0.608183 0.108916 0.126694 0.156207
0.377514 0.121633 0.0237493 0.477103
0.507275 0.0937047 0.0306294 0.368391
0.622648 0.102432 0.097719 0.177202
0.339638 9.9991E-05 0.0847353 0.575527
0.7463 9.9982E-05 9.9982E-05 0.2535
0.49399 9.9991E-05 0.0212266 0.484683
0.652668 0.04336 0.130796 0.173176
0.333284 9.9982E-05 9.9982E-05 0.666516
0.257439 9.9982E-05 9.9982E-05 0.742361
0.563472 9.9982E-05 9.9982E-05 0.436328
0.672392 9.9991E-05 0.0588627 0.268645
0.490737 0.160444 0.173138 0.175681
0.629231 0.00473834 0.0565016 0.309529
0.471875 9.9991E-05 0.0473246 0.480701
0.50558 9.9991E-05 0.0621003 0.43222
0.695394 0.0934952 0.0828653 0.128245
0.569805 0.00380752 0.0487825 0.377605
0.662052 9.9991E-05 0.0539747 0.283873
0.675059 9.9982E-05 9.9982E-05 0.324741
0.158561 0.0513872 9.9991E-05 0.789952
0.808707 0.0145141 0.0413188 0.13546
0.100526 0.0661153 0.833258 9.9991E-05
0.053603 9.9982E-05 0.946197 9.9982E-05
0.0346441 0.0832981 0.881958 9.9991E-05
0.0181823 0.0541902 0.927528 9.9991E-05
0.0549827 0.0330052 0.911912 9.9991E-05
0.0532389 0.0282345 0.918427 9.9991E-05
0.0372079 0.0332019 0.92949 9.9991E-05
0.631767 0.0931403 0.143258 0.131835
0.657194 0.0509149 0.0885201 0.203371
0.318893 9.9982E-05 9.9982E-05 0.680907
0.751978 0.045048 0.138204 0.0647693
0.599838 9.9991E-05 0.0502551 0.349807
0.72384 0.0580608 0.0765991 0.1415
0.695704 0.0887458 0.000196808 0.215353
0.751453 0.0243512 9.9991E-05 0.224096
0.248485 9.9991E-05 0.012791 0.738624
0.604524 0.066933 0.12259 0.205952
0.746455 0.0606748 0.044788 0.148082
0.740208 0.0215572 0.0724579 0.165777
0.591086 9.9982E-05 9.9982E-05 0.408714
0.770323 9.9991E-05 0.0136583 0.215919
0.704179 9.9991E-05 0.00714877 0.288573
0.54816 0.0757423 9.9991E-05 0.375997
0.66542 9.9991E-05 0.0944987 0.239981
0.624462 9.9991E-05 0.175256 0.200181
0.332562 0.0509672 0.0701846 0.546286
0.425588 0.0955165 0.185064 0.293832
0.576891 0.105576 0.157147 0.160386
0.614665 0.12971 0.113996 0.141628
0.607194 9.9991E-05 0.134665 0.258041
0.676229 0.0109591 0.115594 0.197218
0.638695 9.9991E-05 0.0991656 0.26204
0.604498 0.0199617 0.102811 0.272729
0.625607 0.0393627 0.173548 0.161482
0.731939 9.9991E-05 0.0888436 0.179118
0.635682 9.9991E-05 0.100301 0.263917
0.669669 0.124765 0.0485472 0.157019
0.542652 0.13524 0.0957807 0.226327
0.71936 0.0961059 0.0341651 0.150369
0.660698 0.0542745 0.140785 0.144243
0.593474 0.124322 0.04939 0.232814
0.426186 0.0776585 0.157398 0.338757
0.734774 0.0740019 0.0345673 0.156657
0.649338 0.125279 0.0248737 0.200509
0.384659 0.0704662 0.0497844 0.49509
0.213369 0.089552 0.0856565 0.611422
0.698316 0.0149423 0.10998 0.176762
0.137916 0.128517 9.9991E-05 0.733466
0.403664 0.0192503 0.109027 0.468059
0.595165 9.9991E-05 0.0551823 0.349552
0.483421 9.9991E-05 0.0706041 0.445875
0.453148 9.9991E-05 0.119635 0.427117
0.758001 0.0471926 0.0905215 0.104285
0.624057 0.142145 0.14393 0.0898677
0.719236 9.9991E-05 0.108102 0.172562
0.205851 0.137344 0.0214111 0.635394
0.543337 0.0713368 0.232873 0.152453
0.645374 0.0859242 0.120156 0.148546
0.13053 0.000364901 0.21245 0.656655
0.696441 0.0934011 0.11245 0.0977081
0.456366 0.051176 0.0911538 0.401304
0.437837 0.183721 0.109355 0.269087
0.324112 0.0861511 0.112905 0.476833
0.335494 9.9991E-05 0.122393 0.542014
0.524839 9.9991E-05 0.0882864 0.386775
0.447861 0.179561 0.0478913 0.324687
0.504408 0.0487825 0.185275 0.261534
9.9991E-05 0.292517 0.0547886 0.652594
0.581725 0.0927326 0.0932467 0.232296
0.515192 9.9982E-05 9.9982E-05 0.484608
0.599223 0.0244599 0.0123837 0.363934
0.686053 9.9991E-05 0.124929 0.188918
0.0779958 0.367747 0.301052 0.253206
9.9991E-05 0.207877 0.604095 0.187928
9.9991E-05 0.239518 0.460217 0.300166
0.00757926 0.438512 0.394648 0.159261
0.668387 0.0866764 9.9991E-05 0.244837
0.619886 0.0797765 0.103256 0.197082
0.322419 0.677381 9.9982E-05 9.9982E-05
0.314416 0.536116 0.0474746 0.101994
0.440203 0.401119 0.112392 0.0462867
0.388625 0.108215 9.9991E-05 0.50306
0.470731 0.14607 0.095611 0.287588
0.254126 0.10903 0.0168405 0.620004
0.57439 0.154356 0.0149259 0.256328
0.577608 0.053619 0.0402436 0.32853
0.65352 0.0893481 0.0280659 0.229066
0.307449 0.0858223 0.0186031 0.588125
0.720979 0.116442 0.0590259 0.103553
0.568088 0.154899 0.134925 0.142089
0.0160868 0.983713 9.9982E-05 9.9982E-05
0.0867948 0.913005 9.9982E-05 9.9982E-05
0.24901 0.646351 0.050375 0.0542635
0.243352 0.756448 9.9982E-05 9.9982E-05
0.148748 0.826614 0.0245385 9.9991E-05
9.998E-05 0.9997 9.998E-05 9.998E-05
9.9982E-05 0.984585 9.9982E-05 0.0152148
0.150045 0.849756 9.9982E-05 9.9982E-05
0.0614382 0.931472 9.9991E-05 0.00699013
9.998E-05 0.9997 9.998E-05 9.998E-05
9.998E-05 0.9997 9.998E-05 9.998E-05
0.170329 0.828081 0.00148984 9.9991E-05
0.138807 0.807612 0.0392777 0.0143041
9.998E-05 0.9997 9.998E-05 9.998E-05
0.39325 0.429595 0.0727854 0.10437
0.288427 0.677911 0.0331921 0.000470102
0.149632 0.756736 0.0935321 9.9991E-05
0.0440263 0.918809 0.0370645 9.9991E-05
0.041636 0.944108 0.0141562 9.9991E-05
0.0480842 0.9237 0.0281155 9.9991E-05
9.9982E-05 0.998094 0.0017056 9.9982E-05
0.223499 0.639123 0.0267158 0.110663
0.0649864 0.906268 9.9991E-05 0.0286457
9.9991E-05 0.17529 0.300876 0.523733
0.376278 0.166614 0.165199 0.291909
0.428434 0.135348 0.253994 0.182224
0.142478 0.213179 0.295753 0.34859
0.526727 0.188341 0.156778 0.128155
0.202725 0.17908 0.2721 0.346095
0.464171 0.216723 0.167267 0.151839
0.346227 0.251056 0.14015 0.262567
0.402099 0.21718 0.138258 0.242462
0.287858 0.296133 0.181435 0.234575
0.483545 0.225045 0.161923 0.129487
0.0695866 9.9991E-05 0.891172 0.0391418
9.9982E-05 0.0481463 0.951654 9.9982E-05
0.0262215 9.9982E-05 0.973579 9.9982E-05
0.0308324 9.9982E-05 0.968968 9.9982E-05
0.00132858 0.0342084 0.947481 0.0169816
9.9982E-05 0.0813378 0.918462 9.9982E-05
9.9982E-05 0.0920934 0.907707 9.9982E-05
9.9991E-05 0.0265203 0.919141 0.0542384
0.0819216 9.9982E-05 0.917878 9.9982E-05
9.9982E-05 0.107413 0.892387 9.9982E-05
9.9982E-05 9.9982E-05 0.632618 0.367182
0.0170014 9.9991E-05 0.688246 0.294653
9.9982E-05 9.9982E-05 0.622981 0.376819
0.00656862 9.9991E-05 0.557297 0.436035
0.72487 9.9991E-05 0.13346 0.14157
0.64725 0.0401912 0.048262 0.264296
0.76457 9.9991E-05 0.0217296 0.2136
0.566294 9.9991E-05 0.104341 0.329266
0.357535 9.9991E-05 0.0602289 0.582136
0.752523 0.0869979 0.0607322 0.0997471
0.720097 0.0347643 9.9991E-05 0.245039
0.692393 0.0245112 9.9991E-05 0.282996
0.591656 0.0238982 9.9991E-05 0.384346
0.785657 0.0409323 0.0828264 0.0905844
0.64111 9.9982E-05 9.9982E-05 0.35869
0.16461 9.9982E-05 9.9982E-05 0.83519
0.527116 0.186184 0.04981 0.23689
0.461829 0.0424654 9.9991E-05 0.495605
0.764322 0.0290252 9.9991E-05 0.206553
0.354998 9.9991E-05 0.0575591 0.587343
0.110457 9.9991E-05 0.254243 0.6352
0.149682 9.9991E-05 0.221346 0.628872
0.0469535 9.9991E-05 0.168695 0.784251
0.0202037 9.9991E-05 0.227665 0.752031
0.120471 9.9991E-05 0.123028 0.756401
0.169798 9.9991E-05 0.213794 0.616308
0.0443603 0.0496489 0.905891 9.9991E-05
0.0753717 0.0155324 0.908996 9.9991E-05
0.0528011 0.168144 0.778955 9.9991E-05
0.0429354 0.148197 0.802629 0.00623817
0.0324204 0.143516 0.823964 9.9991E-05
9.9982E-05 9.9982E-05 0.486954 0.512846
9.9982E-05 9.9982E-05 0.530378 0.469422
9.9982E-05 9.9982E-05 0.540051 0.459749
0.100136 0.0647709 0.834993 9.9991E-05
0.00900254 9.9991E-05 0.44633 0.544567
0.253544 0.389448 0.214519 0.14249
0.647842 0.213801 0.138257 9.9991E-05
0.516936 0.352711 0.130253 9.9991E-05
0.346105 0.276817 0.238242 0.138836
0.538986 0.222717 0.202837 0.0354606
9.9991E-05 0.386178 0.47008 0.143642
0.588128 9.9982E-05 9.9982E-05 0.411672
0.493761 0.00479499 0.118694 0.382751
0.441319 9.9991E-05 0.185566 0.373015
0.542297 0.0961196 9.9991E-05 0.361483
9.998E-05 9.998E-05 9.998E-05 0.9997
0.627047 0.0257173 0.144337 0.202899
0.655595 9.9991E-05 0.0637861 0.280519
0.495585 9.9991E-05 0.0808772 0.423438
0.591275 0.0616043 0.155874 0.191246
0.18489 0.075925 0.0112401 0.727945
0.519597 0.118206 0.0165051 0.345691
0.611313 0.0491173 0.0767802 0.262789
0.431033 0.233816 0.111502 0.223648
0.483012 0.0738315 9.9991E-05 0.443056
0.563349 9.9991E-05 0.112105 0.324446
0.588803 0.124513 0.00862073 0.278063
0.749274 9.9991E-05 0.0242083 0.226418
0.695765 0.103106 0.13308 0.0680486
0.598919 0.0230248 0.179543 0.198513
0.661934 0.0753264 0.110312 0.152427
0.129081 0.0756467 0.795173 9.9991E-05
0.0978853 0.056618 0.845397 9.9991E-05
0.100369 9.9991E-05 0.828337 0.0711932
0.0675246 0.0174724 0.837908 0.0770948
0.10415 0.0257735 0.869977 9.9991E-05
0.291532 0.0447627 0.0904751 0.573231
0.520479 0.113303 0.112985 0.253233
0.438129 0.173811 0.182219 0.205842
0.624094 0.153167 0.122312 0.100427
0.6529 0.0265952 0.0802517 0.240253
0.326181 0.123155 0.0556183 0.495046
0.10215 9.9991E-05 0.205794 0.691956
0.607471 0.0395501 0.079894 0.273085
0.251497 0.0057313 0.202232 0.54054
0.619763 0.0218356 0.0677315 0.29067
0.264967 9.9991E-05 0.181321 0.553612
0.638904 0.0859673 0.103092 0.172037
0.301514 9.9991E-05 0.176159 0.522227
0.387552 0.122362 0.0705281 0.419558
0.59442 0.0948297 0.0846846 0.226066
0.314324 0.0947494 0.0178299 0.573096
0.751014 0.00379766 0.0821868 0.163001
0.628863 0.0543215 0.1772 0.139616
0.403769 0.0540258 0.043431 0.498774
0.586043 0.17436 0.0802253 0.159372
0.659005 9.9991E-05 0.13964 0.201255
0.236278 0.00708484 9.9991E-05 0.756537
0.390821 0.0412491 9.9991E-05 0.56783
0.638331 0.0268023 0.00636068 0.328506
0.308153 9.9991E-05 0.0059493 0.685797
0.620438 0.0108855 0.0246575 0.344019
0.246749 0.0135686 0.0927297 0.646953
0.331244 0.0584512 9.9991E-05 0.610205
0.48754 0.0608056 0.0815397 0.370115
0.645425 0.118448 0.0873766 0.148751
0.404124 9.9991E-05 0.0158216 0.579955
0.520604 0.134323 0.11677 0.228302
0.731278 0.0345116 0.141214 0.0929965
0.512479 0.102336 0.070185 0.315
0.618081 0.0825359 0.073255 0.226128
0.498689 0.080417 0.0691941 0.3517
0.375432 0.0874181 0.000550523 0.536599
0.478955 0.0854208 0.0315953 0.404028
0.710246 0.0763388 9.9991E-05 0.213315
0.687033 0.0602594 0.0739365 0.178771
0.464773 0.106141 0.0764135 0.352673
0.616315 0.0983463 0.0413463 0.243992
0.383451 0.136688 0.106146 0.373714
0.76166 0.0183944 0.0714968 0.148448
0.523903 0.138657 0.0823095 0.25513
0.527529 0.217484 0.0180138 0.236974
0.496614 0.144753 0.352433 0.00619949
0.562845 0.232948 0.123291 0.0809152
0.53235 0.164234 0.223097 0.080318
0.567081 0.183047 0.0806982 0.169174
0.48018 0.235538 0.205873 0.078409
0.572174 0.0708973 9.9991E-05 0.356829
0.661314 0.0709245 0.248549 0.0192124
9.9991E-05 0.264273 0.231104 0.504524
0.522003 0.25205 0.0826502 0.143297
0.529708 0.252335 0.0837331 0.134224
0.533457 0.276835 0.0693457 0.120362
0.414654 0.171674 0.132701 0.280972
0.534847 0.165543 0.238761 0.0608483
0.566592 0.226998 0.19324 0.0131695
9.9991E-05 0.253994 0.489535 0.256371
0.554428 0.248454 0.196572 0.000545997
0.521085 0.271751 0.138662 0.0685019
0.707435 0.104117 0.188348 9.9991E-05
0.529399 0.238876 0.178031 0.0536938
0.529481 0.181581 0.143034 0.145904
0.557923 0.118048 0.00690465 0.317125
0.596281 0.102925 0.133192 0.167603
0.138274 0.0711527 9.9991E-05 0.790473
0.0993093 0.0606845 9.9991E-05 0.839906
0.497477 0.0845881 0.133956 0.283979
0.388467 0.403348 0.111671 0.0965142
0.397286 0.39726 0.0747765 0.130678
0.164208 0.392992 0.199964 0.242835
0.407041 0.258955 0.225254 0.10875
0.109739 0.247492 0.0463219 0.596448
0.228385 0.210197 0.116822 0.444596
0.560771 0.233511 9.9991E-05 0.205618
0.521766 0.181902 0.0771203 0.219212
0.322904 0.135759 0.0911014 0.450236
0.538622 0.211204 0.0699806 0.180193
0.584073 0.218748 0.0110017 0.186178
0.379324 0.275456 0.106894 0.238326
0.511014 9.9991E-05 0.0301863 0.458699
0.429893 0.120804 9.9991E-05 0.449203
0.652536 0.0490793 0.118722 0.179662
0.480096 0.0658461 0.067715 0.386343
0.469191 0.156771 0.08832 0.285719
0.578768 0.0401341 9.9991E-05 0.380998
0.285535 0.0648258 9.9991E-05 0.649539
0.76785 0.00934678 0.0608566 0.161947
0.345324 0.0547521 9.9991E-05 0.599824
0.532094 0.0566513 0.0120684 0.399186
0.668425 0.0894944 0.0159096 0.226171
0.55894 0.0914835 0.0447758 0.3048
0.518859 0.230903 0.124473 0.125766
0.449172 0.220328 0.119048 0.211452
0.364609 0.312416 0.178589 0.144386
0.411699 0.223316 0.209892 0.155094
0.488942 0.239612 0.143829 0.127618
0.48975 0.21965 0.204063 0.0865369
9.9991E-05 0.251572 0.177107 0.571221
0.620345 0.260797 0.107357 0.0115017
9.9991E-05 0.227321 0.402639 0.36994
0.553128 0.261379 9.9991E-05 0.185393
0.343158 9.9982E-05 9.9982E-05 0.656643
0.115389 0.0493184 9.9991E-05 0.835193
0.566052 0.0781085 9.9991E-05 0.355739
0.755943 0.00290946 9.9991E-05 0.241047
0.53537 0.0223019 9.9991E-05 0.442228
0.618203 0.0846829 9.9991E-05 0.297014
0.668518 0.0615468 9.9991E-05 0.269835
0.129462 0.012491 0.857947 9.9991E-05
0.0793616 0.0519777 0.827668 0.0409929
9.9982E-05 0.086551 0.913249 9.9982E-05
0.0245081 9.9982E-05 0.975292 9.9982E-05
0.714307 0.0356127 9.9991E-05 0.24998
0.674946 0.0163822 0.0930287 0.215643
0.702707 9.9982E-05 9.9982E-05 0.297093
0.751096 9.9991E-05 0.139183 0.109621
0.60086 0.0487591 0.166089 0.184293
0.50591 0.00404709 9.9991E-05 0.489943
0.844476 9.9991E-05 0.0339095 0.121514
0.628118 9.9982E-05 9.9982E-05 0.371682
0.446568 0.242479 0.310854 9.9991E-05
0.562605 0.0762423 9.9991E-05 0.361052
0.57611 9.9991E-05 0.0378166 0.385973
0.724165 0.0464558 9.9991E-05 0.229279
0.649522 9.9982E-05 9.9982E-05 0.350278
0.829023 9.9982E-05 9.9982E-05 0.170777
0.743656 0.00082215 0.0977904 0.157731
0.407069 9.9982E-05 9.9982E-05 0.592731
0.49378 9.9991E-05 0.0232437 0.482876
0.570228 9.9991E-05 0.0178752 0.411796
0.182324 9.9982E-05 9.9982E-05 0.817476
0.647805 9.9991E-05 0.044028 0.308067
0.328017 0.0118372 9.9991E-05 0.660045
0.162204 0.0252368 9.9991E-05 0.812459
0.737952 0.0705872 0.0473157 0.144145
0.487302 9.9991E-05 0.00357562 0.509023
0.600888 0.0263328 0.0401007 0.332678
0.673927 0.0654493 0.131048 0.129576
0.711175 0.0334064 9.9991E-05 0.255318
0.441783 0.0962105 9.9991E-05 0.461907
0.779235 0.0149129 0.00883497 0.197018
0.665118 0.00598907 0.082389 0.246504
0.589714 9.9982E-05 9.9982E-05 0.410086
0.624811 0.0482959 0.112669 0.214224
0.020195 9.9991E-05 0.726823 0.252882
0.101331 9.9991E-05 0.828055 0.0705137
9.9982E-05 9.9982E-05 0.866924 0.132876
9.9982E-05 9.9982E-05 0.871789 0.128011
9.9982E-05 9.9982E-05 0.831172 0.168628
0.463199 9.9991E-05 0.0424011 0.4943
0.410621 9.9991E-05 0.00296075 0.586318
0.411437 9.9982E-05 9.9982E-05 0.588363
0.663186 0.0365596 0.152988 0.147267
0.633958 0.0797141 0.110294 0.176034
0.595803 0.00511891 0.044319 0.354759
0.82065 0.0392536 0.000469472 0.139627
0.655785 0.0365072 9.9991E-05 0.307608
0.722497 0.026284 0.0396303 0.211589
0.794747 9.9991E-05 0.048144 0.157008
0.512633 9.9982E-05 9.9982E-05 0.487167
0.592572 9.9982E-05 9.9982E-05 0.407229
0.586585 9.9982E-05 9.9982E-05 0.413215
0.700859 0.021222 0.172284 0.105635
0.694379 9.9991E-05 0.0258411 0.27968
0.654928 9.9991E-05 0.044745 0.300227
0.445939 0.477535 0.0704267 0.00609929
0.354932 0.474975 0.169993 9.9991E-05
0.410428 0.446092 0.143381 9.9991E-05
0.339388 0.507925 0.152005 0.000682255
0.486613 0.298103 0.215184 9.9991E-05
0.559887 0.0941293 0.08465 0.261334
0.020539 0.683816 0.295545 9.9991E-05
0.344135 0.474067 0.181698 9.9991E-05
0.478482 0.226383 0.138734 0.1564
0.640154 0.00158781 0.210004 0.148254
0.490561 0.0530332 0.208981 0.247424
0.629909 0.0888094 0.133876 0.147405
0.713375 0.0416761 0.151681 0.0932677
0.32054 0.467263 0.212097 9.9991E-05
0.436643 0.434347 0.12891 9.9991E-05
0.404351 0.540698 0.0548513 9.9991E-05
0.494362 0.305163 0.140876 0.0595997
0.253035 0.549756 0.143914 0.0532953
0.37221 0.358896 0.18317 0.085724
0.359747 0.49459 0.145563 9.9991E-05
0.398305 0.451352 0.0797913 0.0705518
0.604549 0.0349677 0.139652 0.220832
0.265852 0.396119 0.203842 0.134187
0.145334 0.687727 0.166839 9.9991E-05
0.398136 0.45804 0.113013 0.0308102
0.305363 0.0206338 0.220996 0.453007
0.571283 0.250701 0.0219375 0.156078
0.435788 0.31716 0.246952 9.9991E-05
0.614305 0.139011 0.118562 0.128122
0.611521 9.9991E-05 0.229039 0.15934
0.48967 0.216814 0.237845 0.0556712
0.376917 0.360986 0.206992 0.0551054
0.620261 0.12455 0.0789854 0.176204
0.484397 0.380221 0.118899 0.0164834
0.360674 0.521549 0.083637 0.0341399
0.1391 0.623288 0.237512 9.9991E-05
0.714376 0.097357 0.120409 0.067858
0.604929 9.9991E-05 0.122414 0.272557
0.250362 0.131137 0.145652 0.47285
0.590179 0.0961881 0.192201 0.121432
0.515139 0.0636538 0.158433 0.262775
0.52599 0.159477 0.190732 0.123801
0.558776 0.128795 0.128349 0.18408
9.9991E-05 0.299681 0.34115 0.359068
9.9991E-05 0.245793 0.348227 0.40588
0.257014 0.214117 0.105003 0.423866
0.0211606 0.281057 0.327 0.370782
9.9991E-05 0.295405 0.485723 0.218772
0.309769 0.273918 0.126268 0.290045
0.31008 0.233545 0.229117 0.227258
0.278882 0.166527 0.348703 0.205888
9.9991E-05 0.326125 0.262412 0.411363
0.524859 0.189061 0.0783557 0.207724
0.141939 0.235401 0.19265 0.43001
9.9991E-05 0.155077 0.487166 0.357656
0.439166 0.246832 0.220514 0.0934887
0.300319 0.34281 0.179433 0.177438
0.542173 0.120438 0.321895 0.0154946
0.521374 0.312468 0.166058 9.9991E-05
0.521991 0.315106 0.154557 0.00834635
0.533223 0.312644 0.111516 0.0426164
0.379044 0.277323 0.343533 9.9991E-05
0.559843 0.184226 0.255832 9.9991E-05
0.461816 0.235228 0.302856 9.9991E-05
0.327861 0.30292 0.271111 0.0981075
0.410459 0.165101 0.16389 0.26055
0.478555 0.146064 0.216931 0.15845
0.574854 0.144217 0.218298 0.0626313
0.665462 0.133801 0.10183 0.0989072
0.367879 0.290295 0.320339 0.0214869
0.606309 0.140994 0.252596 9.9991E-05
0.123895 0.307778 0.413374 0.154953
0.563 0.2274 0.2095 9.9991E-05
0.211972 0.428491 0.236972 0.122565
9.9982E-05 9.9982E-05 0.845639 0.154161
0.23058 9.9991E-05 0.203447 0.565873
9.9982E-05 9.9982E-05 0.170037 0.829763
0.0406916 9.9991E-05 0.180021 0.779187
0.102471 9.9991E-05 0.132833 0.764596
0.210018 9.9991E-05 0.129276 0.660606
0.155306 9.9991E-05 0.127435 0.71716
0.070241 9.9991E-05 0.22541 0.704249
0.070445 9.9991E-05 0.367162 0.562293
0.0643561 0.0184204 0.917123 9.9991E-05
0.100394 0.0103544 0.864259 0.0249924
0.0116087 0.0517073 0.928837 0.00784653
0.017127 0.028823 0.837699 0.116351
0.00994982 0.0874869 0.902463 9.9991E-05
9.9982E-05 9.9982E-05 0.933266 0.0665337
0.054596 0.157893 0.73616 0.0513507
0.0239998 0.0789394 0.896961 9.9991E-05
0.068771 0.0408932 0.743993 0.146343
0.000786971 0.0953232 0.90379 9.9991E-05
9.9982E-05 9.9982E-05 0.9878 0.0119996
0.000932745 0.0870444 0.854751 0.0572714
0.00448637 0.0138282 0.981585 9.9991E-05
0.0348662 0.0619236 0.897299 0.00591148
0.0394445 0.0739163 0.886539 9.9991E-05
0.0725046 0.0901908 0.837205 9.9991E-05
0.0511078 0.177246 0.771546 9.9991E-05
0.0894111 0.14733 0.763159 9.9991E-05
0.0593041 0.129295 0.811301 9.9991E-05
0.471338 0.0372418 0.194908 0.296513
0.798312 9.9991E-05 0.106212 0.0953763
0.631758 0.108235 0.112222 0.147785
0.108481 0.193836 0.0450172 0.652666
0.675166 9.9991E-05 0.184726 0.140008
0.165145 0.122015 0.174641 0.538199
0.635607 0.11868 0.114585 0.131128
0.569133 9.9991E-05 0.147022 0.283746
0.669185 9.9991E-05 0.132888 0.197827
0.768336 9.9991E-05 0.0379476 0.193617
0.576881 9.9991E-05 0.153671 0.269348
0.796918 0.00917042 0.081724 0.112187
0.702436 0.027487 0.172918 0.0971594
0.104784 0.0973804 0.00145642 0.796379
9.9991E-05 0.0921325 0.0723779 0.83539
0.179391 0.146084 0.0613783 0.613147
0.674113 0.105249 0.122588 0.0980505
0.576324 0.0804281 0.121269 0.22198
0.623355 0.0233472 0.178504 0.174794
0.815353 9.9991E-05 0.170902 0.0136449
0.564249 0.219339 0.216312 9.9991E-05
0.612795 0.217868 0.158958 0.0103787
0.108315 0.189992 0.441113 0.26058
0.683777 0.0743289 0.178273 0.0636211
0.490822 0.161296 0.271431 0.0764505
9.9991E-05 0.220199 0.445179 0.334522
0.424022 0.222224 0.353654 9.9991E-05
0.350042 0.206754 0.305918 0.137285
0.508038 0.106414 0.382142 0.00340598
0.478523 0.296926 0.0658473 0.158703
0.524463 0.214722 0.217552 0.0432627
0.613336 0.159136 0.187499 0.0400288
0.519573 0.177495 0.121262 0.18167
0.286151 0.219583 0.475567 0.0186988
