9.9973E-05 0.0203423 9.9973E-05 0.013663 9.9973E-05 0.0377804 0.927914
9.9973E-05 9.9973E-05 0.00767838 0.0138087 9.9973E-05 0.00253695 0.975676
9.9973E-05 9.9973E-05 0.0497966 0.0540302 0.0204306 9.9973E-05 0.875443
9.9973E-05 0.0422134 0.010415 0.126758 9.9973E-05 9.9973E-05 0.820314
9.9955E-05 9.9955E-05 9.9955E-05 0.0795176 9.9955E-05 9.9955E-05 0.919983
9.9991E-05 0.0612752 0.0394755 0.0789608 0.142476 0.0355611 0.642152
9.9973E-05 0.0574149 9.9973E-05 9.9973E-05 0.13683 0.0118621 0.793593
0.00790679 0.106663 9.9982E-05 9.9982E-05 0.151478 0.0281899 0.705563
9.99639E-05 0.133684 9.99639E-05 9.99639E-05 0.0430285 9.99639E-05 0.822888
0.00141432 0.0607138 9.9991E-05 0.0480556 0.13087 0.0111664 0.74768
9.9973E-05 0.0707013 9.9973E-05 0.0907191 0.109467 9.9973E-05 0.728813
9.999E-05 0.484765 0.116776 0.244816 0.10063 0.0371197 0.0157936
0.036821 0.252349 0.0190802 0.53369 0.0463967 0.0553001 0.056363
9.999E-05 0.432114 0.0759991 0.323611 0.102179 0.0561503 0.00984716
9.9991E-05 0.433602 0.0668969 0.297529 0.0404871 0.12026 0.0411242
9.99925E-05 0.290795 0.0338145 0.455191 0.0540034 0.0811468 0.0849501
0.00314396 0.204449 0.0381588 0.55545 0.100428 0.0673305 0.03104
9.999E-05 0.289201 0.125942 0.487945 0.0581421 0.0291279 0.00954113
0.0225478 0.370073 0.0569623 0.307545 0.0860155 0.0646461 0.0922102
9.9982E-05 0.657078 0.0737013 0.081487 0.179541 9.9982E-05 0.00799296
0.0143907 0.293031 0.111566 0.444078 0.0788161 0.0580177 9.9991E-05
0.0685399 0.176664 0.0936527 0.440614 0.182012 0.0328593 0.00565846
0.0194573 0.196411 0.104591 0.551083 0.0475903 0.0311547 0.0497135
9.999E-05 0.419889 0.0757447 0.290392 0.142006 0.0510037 0.0208645
0.0444563 0.0777381 0.00823411 0.680277 0.0738767 0.0248801 0.0905373
9.999E-05 0.261598 0.0308094 0.569741 0.111696 0.00205424 0.0240019
9.9982E-05 0.476748 0.0976771 0.285579 0.101274 9.9982E-05 0.0385218
9.999E-05 0.415576 0.0818945 0.327644 0.101718 0.046106 0.026962
9.9973E-05 0.466179 0.123795 0.242208 0.167518 9.9973E-05 9.9973E-05
9.9964E-05 9.9964E-05 9.9964E-05 0.0953513 9.9964E-05 0.0163908 0.887858
0.00335533 9.9964E-05 9.9964E-05 0.116638 9.9964E-05 9.9964E-05 0.879607
9.9973E-05 0.0233137 9.9973E-05 0.0862245 9.9973E-05 0.0832487 0.806913
0.0042788 9.9991E-05 0.00273022 0.154428 0.00832047 0.0876495 0.742493
9.9982E-05 0.0519483 0.214022 0.526554 0.150482 9.9982E-05 0.0567935
0.0128363 0.0922824 0.23613 0.510678 0.0113177 0.0554404 0.081315
0.0522216 9.9982E-05 0.371255 0.519964 0.0264341 0.0299253 9.9982E-05
0.00781571 0.622762 0.125512 0.188444 9.9991E-05 0.00341954 0.0519472
0.0580161 9.9982E-05 0.572898 0.254535 0.0888753 0.0254764 9.9982E-05
0.0198083 0.0980858 0.260018 0.507638 9.9991E-05 0.0435716 0.0707785
0.0214564 0.00261395 0.205136 0.704147 0.0330024 9.9991E-05 0.0335441
9.9982E-05 0.0437631 0.0932374 0.532859 0.227274 9.9982E-05 0.102667
0.0274571 0.0677487 0.105368 0.562452 0.104535 0.0151634 0.117275
9.9973E-05 0.19582 0.620397 0.162018 9.9973E-05 9.9973E-05 0.0214652
9.9973E-05 9.9973E-05 9.9973E-05 0.661029 0.287387 0.0166606 0.0346233
9.9991E-05 0.0836214 0.192936 0.563248 0.0164103 0.054956 0.0887275
0.0315388 0.0402629 0.094521 0.579276 0.0531684 0.04837 0.152863
0.0877796 9.9973E-05 0.557693 0.325438 0.0287892 9.9973E-05 9.9973E-05
9.9982E-05 9.9982E-05 0.262754 0.582711 0.0508529 0.0170735 0.0864083
9.9991E-05 0.0358511 0.190013 0.532446 0.0728377 0.0497469 0.119005
0.0325496 9.9964E-05 0.648443 9.9964E-05 0.318608 9.9964E-05 9.9964E-05
0.0179343 0.583321 0.0924976 0.193764 0.112283 9.9982E-05 9.9982E-05
0.14583 0.26388 0.131208 0.169121 0.255097 0.0347639 9.9991E-05
0.0546775 0.135726 0.0507421 0.578843 0.10565 0.0126425 0.0617182
0.0601655 0.125475 0.047502 0.553628 0.06204 0.05948 0.0917093
0.0502062 0.0165205 0.0336378 0.652868 0.126996 0.0495 0.0702717
0.0134525 0.485277 0.106299 0.226393 0.0536708 9.9991E-05 0.114808
0.0587719 0.356419 0.00167495 0.559714 0.0147669 9.9991E-05 0.00855358
0.026993 0.177746 0.111176 0.522431 0.0082334 0.104658 0.048763
0.0396595 0.267559 0.0963642 0.40058 0.0438389 0.0338981 0.1181
9.9991E-05 0.478143 0.0887888 0.162105 0.130715 0.00612868 0.134019
0.0223838 0.134052 0.0988986 0.552971 0.0912292 0.0418107 0.0586539
0.0564233 0.229367 0.108386 0.473839 0.022687 0.0269399 0.0823584
0.00410255 0.553381 0.147998 0.109274 0.141023 9.9991E-05 0.0441223
0.0588857 0.350607 0.118365 0.450999 0.0209436 9.9982E-05 9.9982E-05
0.103839 0.0766734 0.133306 0.5274 0.0606408 0.0759394 0.0222011
0.0830839 0.174548 0.000449832 0.642863 0.0138526 9.9991E-05 0.0851027
9.9991E-05 0.394048 0.163404 0.261093 0.0978165 0.0492118 0.0343264
0.0642509 0.198802 0.0935482 0.492599 0.0637348 0.0602512 0.0268136
0.0981029 0.21123 0.0380051 0.556701 0.0450559 0.0384257 0.0124795
0.00643207 0.467842 0.126229 0.256225 0.12558 9.9991E-05 0.0175918
9.9973E-05 0.0269781 0.432521 0.522114 9.9973E-05 9.9973E-05 0.0180869
9.9973E-05 0.0629741 0.712083 0.189733 9.9973E-05 9.9973E-05 0.0349104
0.0497115 0.0499193 0.233391 0.527632 9.9991E-05 0.0475679 0.0916776
0.0714679 9.9973E-05 0.835521 9.9973E-05 0.0751719 0.0175394 9.9973E-05
0.0956977 9.9964E-05 0.846902 9.9964E-05 0.0570001 9.9964E-05 9.9964E-05
0.0790672 9.9973E-05 0.682693 0.205751 0.0321883 9.9973E-05 9.9973E-05
9.9973E-05 0.0606303 0.440241 0.46764 9.9973E-05 9.9973E-05 0.0311892
0.0580834 0.072266 0.135971 0.557172 0.0127828 0.0465116 0.117213
0.0205315 9.9982E-05 0.489651 0.457163 9.9982E-05 0.0192368 0.013218
9.9973E-05 0.176149 0.627166 0.153721 9.9973E-05 9.9973E-05 0.0426649
0.00169979 0.157962 0.541893 0.287434 9.9982E-05 9.9982E-05 0.0108112
9.9982E-05 0.0493996 0.316747 0.468593 9.9982E-05 0.101429 0.0636318
9.9973E-05 0.0471858 0.576075 0.348277 9.9973E-05 9.9973E-05 0.0281622
0.0231518 0.037703 0.470792 0.446368 9.9982E-05 9.9982E-05 0.021785
0.0870423 9.9973E-05 0.398377 0.471929 0.0423524 9.9973E-05 9.9973E-05
0.08647 9.9964E-05 0.67526 9.9964E-05 0.23787 9.9964E-05 9.9964E-05
0.0377283 9.9991E-05 0.27231 0.58889 0.0361175 0.0481547 0.0167
9.9964E-05 0.0669029 9.9964E-05 0.0898375 9.9964E-05 9.9964E-05 0.84286
9.9955E-05 9.9955E-05 9.9955E-05 0.0663958 9.9955E-05 9.9955E-05 0.933104
9.9964E-05 9.9964E-05 9.9964E-05 0.110916 9.9964E-05 0.0354187 0.853265
9.9964E-05 9.9964E-05 9.9964E-05 0.0242799 9.9964E-05 0.0517538 0.923566
0.0202216 9.9973E-05 0.00506814 9.9973E-05 9.9973E-05 0.0248422 0.949568
0.0266807 9.9973E-05 9.9973E-05 0.0585744 9.9973E-05 0.0421015 0.872344
9.9955E-05 9.9955E-05 9.9955E-05 0.0744769 9.9955E-05 9.9955E-05 0.925023
0.0395101 0.0791916 0.177161 0.53974 9.9991E-05 0.0762115 0.088086
9.9991E-05 0.0570557 0.174636 0.503985 0.0417231 0.101516 0.120984
9.9973E-05 0.19828 0.717389 0.028529 9.9973E-05 9.9973E-05 0.0555017
0.0637723 0.0456041 0.16771 0.581441 0.0130149 0.0279189 0.100538
9.9973E-05 0.11028 0.486759 0.373049 9.9973E-05 9.9973E-05 0.0296116
9.9982E-05 0.0130449 0.373564 0.538187 0.00671652 9.9982E-05 0.0682876
0.0554604 9.9982E-05 0.287514 0.565606 0.0443971 9.9982E-05 0.0468224
0.0505814 0.00399203 0.366308 0.504529 9.9991E-05 0.0244832 0.050007
9.9964E-05 0.244798 0.722718 9.9964E-05 9.9964E-05 9.9964E-05 0.0320836
0.0582274 0.0744345 0.181353 0.488142 0.0524418 0.00443944 0.140961
0.0101743 0.0727853 0.131157 0.655602 0.0763502 0.0161358 0.0377955
0.0601521 0.0843184 0.155709 0.558865 0.00194779 0.0293972 0.109611
0.0153887 0.0206032 0.507557 0.244969 0.194946 0.0164362 9.9991E-05
0.0743213 9.99877E-05 0.411925 0.492913 0.0176252 0.00301519 9.99877E-05
9.9973E-05 0.122661 0.411341 0.456429 9.9973E-05 9.9973E-05 0.00926981
0.0478786 9.9982E-05 0.565914 0.341234 0.0146757 0.0300981 9.9982E-05
9.9973E-05 0.121223 0.363561 0.47055 9.9973E-05 9.9973E-05 0.0443668
0.0397418 0.0558538 0.148088 0.587016 0.011625 0.0106287 0.147047
0.166192 0.373411 0.0210256 0.287458 0.106714 0.0394323 0.00576763
9.9982E-05 0.343275 0.0236098 0.447956 0.136743 9.9982E-05 0.0482159
0.0127233 0.12944 0.0388295 0.581196 0.0842645 0.0623798 0.0911669
0.102069 0.151902 0.0339529 0.54238 0.045823 0.0460563 0.0778174
9.9982E-05 0.403972 0.0106676 0.525273 0.0450739 9.9982E-05 0.0148138
0.00856209 0.225274 0.0399975 0.586082 0.0558222 0.0277936 0.0564691
0.0206731 0.421774 9.9973E-05 0.507193 9.9973E-05 9.9973E-05 0.0500602
0.0370921 0.138462 0.0772279 0.561007 0.0931238 0.023473 0.0696136
0.0590224 0.160022 0.0143669 0.574035 0.0458286 0.0823573 0.0643685
9.9973E-05 0.286392 9.9973E-05 0.586012 0.0668387 9.9973E-05 0.060457
0.0367892 0.277136 0.017166 0.600459 0.0374229 9.9991E-05 0.0309272
0.0786203 0.180197 9.9991E-05 0.605782 0.0614697 0.0539432 0.0198875
0.0712589 0.133588 9.9991E-05 0.594983 0.0276556 0.0530089 0.119406
0.102586 0.213148 0.0184951 0.548813 0.0548754 0.0619831 9.9991E-05
0.073453 0.131483 0.0112439 0.590967 0.0602353 0.0359878 0.0966305
0.135319 0.198778 0.0342293 0.587288 9.9982E-05 0.0441865 9.9982E-05
0.0745977 0.289149 0.0146453 0.341393 0.192283 0.0550445 0.032887
0.0676444 0.139922 0.0218325 0.625648 0.0165599 0.0387231 0.0896701
0.116335 0.164894 9.9982E-05 0.667675 0.0237404 9.9982E-05 0.0271556
0.0579881 0.5753 0.0754952 0.246096 0.0214994 0.0159478 0.00767324
0.231409 0.317789 0.0495253 0.170246 0.225276 0.00565597 9.9991E-05
0.073114 0.229727 0.0645297 0.545657 0.0324131 0.0143391 0.0402202
0.251766 0.329329 0.130134 0.0627745 0.225796 9.9982E-05 9.9982E-05
0.0217981 0.536992 0.0409887 0.355584 0.0444373 9.9982E-05 9.9982E-05
0.0342368 0.443421 0.0658744 0.456168 9.9973E-05 9.9973E-05 9.9973E-05
0.00490709 0.458365 0.153021 0.372823 9.9982E-05 9.9982E-05 0.0106841
0.0246025 0.519181 0.0568828 0.381408 0.0177253 9.9982E-05 9.9982E-05
0.0200932 0.164671 0.03947 0.621185 0.0726239 9.9991E-05 0.0818576
0.0420585 0.138506 0.0795329 0.540074 0.045302 0.0575941 0.0969325
0.0629549 0.207477 0.0598068 0.60061 0.0140791 0.0175721 0.0374998
0.124497 0.361389 0.0977848 0.20529 0.208556 0.00238295 9.9991E-05
0.007822 0.0835817 0.0917677 0.523099 0.109077 0.0160588 0.168594
0.0680931 0.0074134 0.0792196 0.513631 0.264943 0.00342639 0.0632734
0.0932985 0.0911994 0.123627 9.9982E-05 0.646376 9.9982E-05 0.0452991
0.0147528 9.9991E-05 0.0619274 0.688862 0.15979 0.0222645 0.0523037
0.0596978 0.0824062 0.106531 0.362743 0.333135 9.9991E-05 0.0553878
0.0984028 0.0451316 9.9991E-05 0.513844 0.21662 0.0354652 0.090437
0.0391093 0.152899 0.0703636 0.26254 0.432422 9.9991E-05 0.0425668
0.123973 0.172726 0.0584529 0.101149 0.543236 9.9991E-05 0.000362663
0.0849927 0.0793381 0.027754 0.443415 0.349222 9.9991E-05 0.015178
0.0371942 0.0656298 0.107656 0.504621 0.170321 0.0361666 0.0784113
0.0726339 0.081935 0.0870089 0.389562 0.166166 0.0607223 0.141972
0.142636 0.0896781 0.157058 0.106602 0.41098 0.0820268 0.0110187
0.100449 0.0862865 0.0472149 0.547578 0.085389 0.0481255 0.0849569
0.0699524 0.0687329 0.0825571 0.34768 0.430877 9.9982E-05 9.9982E-05
0.094507 0.0937829 0.100449 0.447508 0.263553 9.9982E-05 9.9982E-05
0.0903331 0.0855573 0.0639306 0.574626 0.0598426 0.0497556 0.0759549
9.9982E-05 0.0147655 9.9982E-05 0.15085 0.249413 0.223092 0.36168
9.9964E-05 9.9964E-05 9.9964E-05 9.9964E-05 0.43463 0.13026 0.43471
9.9964E-05 9.9964E-05 9.9964E-05 9.9964E-05 0.486819 0.12219 0.390591
9.9973E-05 9.9973E-05 9.9973E-05 0.102663 0.343136 0.253681 0.30022
0.0443764 0.0326696 0.0632114 0.604975 0.254568 9.9982E-05 9.9982E-05
0.0379057 0.0879485 0.0829347 0.610676 0.0884928 0.0170155 0.0750273
9.9955E-05 9.9955E-05 9.9955E-05 0.312535 9.9955E-05 0.686966 9.9955E-05
0.00138966 0.0827846 0.0577269 0.443863 9.9991E-05 0.411026 0.00310985
0.0119887 0.125961 0.0310587 0.368357 9.9991E-05 0.412282 0.0502529
0.133884 0.0559925 0.0522947 0.291207 0.466422 9.9982E-05 9.9982E-05
0.0878073 0.0784426 0.0599619 0.511704 0.106069 0.0474682 0.108547
0.104924 0.0837933 0.0271757 0.262906 0.521001 9.9982E-05 9.9982E-05
0.0498494 0.028115 0.0365226 0.596437 0.26198 9.9991E-05 0.0269953
0.135528 0.0659985 0.00671177 0.469561 0.317564 9.9991E-05 0.00453669
0.0409956 0.00262315 9.9973E-05 0.602381 0.3537 9.9973E-05 9.9973E-05
0.0835085 0.0414916 0.0594337 0.216703 0.598663 9.9982E-05 9.9982E-05
9.9973E-05 9.9973E-05 0.0170242 0.704297 0.242565 9.9973E-05 0.0358141
0.0395781 0.0056372 0.0122752 0.590744 0.194058 0.0233165 0.134391
9.9964E-05 9.9964E-05 9.9964E-05 0.0284988 9.9964E-05 0.957673 0.0134282
0.0192135 9.9973E-05 0.00813199 0.072365 9.9973E-05 0.89999 9.9973E-05
9.9982E-05 0.0527364 0.00604251 0.299653 9.9982E-05 0.5666 0.0747673
0.015874 0.0295652 9.99788E-05 0.32276 9.99788E-05 0.631501 9.99788E-05
9.9973E-05 0.000234153 0.0438508 0.100231 9.9973E-05 0.855384 9.9973E-05
9.995E-05 9.995E-05 9.995E-05 9.995E-05 9.995E-05 0.9994 9.995E-05
9.9955E-05 0.0394458 9.9955E-05 9.9955E-05 9.9955E-05 0.960054 9.9955E-05
9.9955E-05 9.9955E-05 9.9955E-05 0.14333 9.9955E-05 0.85617 9.9955E-05
9.9973E-05 0.0473677 9.9973E-05 0.0091677 9.9973E-05 0.940157 0.00300721
9.995E-05 9.995E-05 9.995E-05 9.995E-05 9.995E-05 0.9994 9.995E-05
9.995E-05 9.995E-05 9.995E-05 9.995E-05 9.995E-05 0.9994 9.995E-05
9.9973E-05 0.012109 9.9973E-05 0.238338 9.9973E-05 0.746432 0.00282074
9.9973E-05 0.0469409 9.9973E-05 0.128125 9.9973E-05 0.800194 0.0244402
9.995E-05 9.995E-05 9.995E-05 9.995E-05 9.995E-05 0.9994 9.995E-05
0.0746457 0.0473703 0.00353942 0.373587 0.0321316 0.356114 0.112612
9.9982E-05 0.0440329 0.0219577 0.274768 9.9982E-05 0.626276 0.0327652
9.9973E-05 9.9973E-05 0.00976473 0.148212 9.9973E-05 0.824579 0.0171447
9.9973E-05 9.9973E-05 0.0277132 0.0762171 9.9973E-05 0.891288 0.00448222
9.995E-05 9.995E-05 9.995E-05 9.995E-05 9.995E-05 0.9994 9.995E-05
9.9955E-05 9.9955E-05 9.9955E-05 0.0428025 9.9955E-05 0.956698 9.9955E-05
9.995E-05 9.995E-05 9.995E-05 9.995E-05 9.995E-05 0.9994 9.995E-05
9.9991E-05 0.0182455 0.0596813 0.221333 0.024782 0.633846 0.0420125
9.9964E-05 9.9964E-05 0.022269 9.9964E-05 9.9964E-05 0.968466 0.00886489
0.0502575 9.9973E-05 9.9973E-05 9.9973E-05 0.645919 0.0728155 0.230708
9.9982E-05 0.0441646 9.9982E-05 0.350154 0.318491 0.0956026 0.191387
0.0158834 9.9982E-05 9.9982E-05 0.469634 0.354156 0.0209627 0.139164
9.9973E-05 9.9973E-05 9.9973E-05 0.242147 0.541684 0.0776095 0.13826
0.0290426 0.039982 0.0796985 0.425853 0.153508 0.102103 0.169813
0.0326056 9.9982E-05 9.9982E-05 0.138644 0.520131 0.105602 0.202818
0.0232009 0.0982877 0.0255617 0.437682 0.162152 0.0811703 0.171945
9.9973E-05 9.9973E-05 9.9973E-05 0.35617 0.394227 0.0905171 0.158786
9.9973E-05 9.9973E-05 9.9973E-05 0.490032 0.269688 0.119037 0.120943
0.0262421 9.9991E-05 0.00661769 0.380784 0.332514 0.116744 0.136998
0.042777 0.00734513 0.0653798 0.417352 0.136281 0.135378 0.195488
9.9982E-05 0.00319568 0.00571231 0.080305 0.0119837 9.9982E-05 0.898603
0.0181269 9.9982E-05 0.0146849 9.9982E-05 0.0061066 0.0748612 0.88602
0.0140877 0.0325668 9.9964E-05 9.9964E-05 9.9964E-05 9.9964E-05 0.952946
9.9964E-05 9.9964E-05 0.0084962 9.9964E-05 0.0315549 9.9964E-05 0.959549
9.9964E-05 0.034903 9.9964E-05 0.0626278 9.9964E-05 9.9964E-05 0.902069
9.9973E-05 0.00868131 9.9973E-05 0.014624 9.9973E-05 0.0097892 0.966606
9.9973E-05 0.0113982 9.9973E-05 0.0559997 9.9973E-05 0.00470177 0.9276
0.0346688 0.0252669 9.9964E-05 9.9964E-05 9.9964E-05 9.9964E-05 0.939664
9.9991E-05 0.0341973 0.0213698 0.0220054 0.00180751 0.0154154 0.905105
9.9982E-05 0.0325193 9.9982E-05 0.0140901 0.0397076 0.0152616 0.898221
9.9973E-05 0.301594 0.0488409 9.9973E-05 0.0676884 9.9973E-05 0.581577
9.9973E-05 0.350994 0.0131938 9.9973E-05 0.0303091 9.9973E-05 0.605204
0.000732689 0.335309 0.0554004 9.9982E-05 0.0915655 9.9982E-05 0.516793
9.9973E-05 0.435169 0.0238691 9.9973E-05 0.0937396 9.9973E-05 0.446923
9.9991E-05 0.125973 0.307595 0.473264 0.0306876 0.0155279 0.0468531
0.0393707 0.101638 0.315717 0.458816 9.9991E-05 0.0325619 0.0517959
0.0134643 0.157033 0.229981 0.560385 9.9991E-05 0.00497383 0.0340639
9.9973E-05 0.280739 0.302022 0.414182 0.00275763 9.9973E-05 9.9973E-05
0.0483083 0.613003 0.0612623 0.236874 0.0403522 9.9982E-05 9.9982E-05
0.0320087 0.0738151 0.179909 0.654423 9.9991E-05 0.00817451 0.051569
0.0336143 0.104008 0.258587 0.603491 9.9973E-05 9.9973E-05 9.9973E-05
0.0605385 0.0217777 0.316061 0.51346 0.0827756 0.00528745 9.9991E-05
0.0763238 9.9964E-05 0.564131 0.359145 9.9964E-05 9.9964E-05 9.9964E-05
0.00653226 0.0645566 0.165706 0.587598 0.0639407 0.0391724 0.0724946
9.9964E-05 0.082427 0.519308 0.397865 9.9964E-05 9.9964E-05 9.9964E-05
0.103848 0.00346926 0.80335 9.9973E-05 0.0890335 9.9973E-05 9.9973E-05
0.0344012 0.153374 0.165388 0.54924 9.9991E-05 0.0246465 0.072851
0.101984 9.9973E-05 0.671052 0.12184 0.104823 9.9973E-05 9.9973E-05
0.0238622 0.0264874 0.394615 0.497897 9.9991E-05 0.0245887 0.0324488
9.9964E-05 0.199231 0.668696 0.131674 9.9964E-05 9.9964E-05 9.9964E-05
9.9964E-05 0.786605 9.9964E-05 9.9964E-05 0.0634817 9.9964E-05 0.149514
0.0463026 0.749349 9.9982E-05 0.0709008 0.0203687 9.9982E-05 0.112879
0.0212839 0.754945 0.0412124 0.0394217 0.0304831 9.9991E-05 0.112554
0.036287 0.812618 9.9973E-05 9.9973E-05 0.0141535 9.9973E-05 0.136641
0.0405545 0.750644 9.9982E-05 0.108973 0.038499 9.9982E-05 0.0611292
0.0100222 0.759955 9.9991E-05 0.0854816 0.0388694 0.0511812 0.0543905
9.9982E-05 0.00840209 0.0401785 0.0286942 9.9982E-05 0.0543194 0.868206
0.00573122 0.00902028 0.0373678 0.102771 0.00351266 9.9991E-05 0.841497
0.00537689 9.9982E-05 0.0276374 0.139834 9.9982E-05 0.0476336 0.779319
9.9982E-05 0.000569418 0.093222 0.0088318 9.9982E-05 0.0617452 0.835432
9.9982E-05 9.9982E-05 0.00070836 0.118613 0.0479726 0.0759354 0.75657
9.9964E-05 0.532962 9.9964E-05 9.9964E-05 0.0848418 9.9964E-05 0.381796
0.0179315 0.486708 9.9973E-05 9.9973E-05 0.0612259 9.9973E-05 0.433835
0.0363226 0.505606 9.9982E-05 0.0187323 9.9982E-05 0.00549927 0.433639
0.0136341 9.9973E-05 0.0113048 0.108427 9.9973E-05 9.9973E-05 0.866334
0.0633916 0.522951 0.00571903 9.9973E-05 9.9973E-05 9.9973E-05 0.407639
9.9973E-05 9.9973E-05 9.9973E-05 0.273931 0.178908 0.303931 0.24293
9.9982E-05 0.0359053 9.9982E-05 0.585122 0.0711998 0.174385 0.133188
9.9964E-05 9.9964E-05 9.9964E-05 0.563701 9.9964E-05 0.234437 0.201462
9.9973E-05 9.9973E-05 9.9973E-05 0.331716 0.150085 0.228963 0.288936
0.00312049 0.0903454 9.9991E-05 0.514371 0.121022 0.147628 0.123413
9.9964E-05 9.9964E-05 9.9964E-05 9.9964E-05 0.310432 0.281868 0.4073
0.0298807 0.383097 0.0408228 0.483468 0.0625318 9.9982E-05 9.9982E-05
0.141902 0.195056 0.0872349 0.455633 0.119975 9.9982E-05 9.9982E-05
0.00300048 0.530057 0.0922123 0.317391 0.0571392 9.9982E-05 9.9982E-05
0.188313 0.178845 0.0338144 0.529057 0.0697706 9.9982E-05 9.9982E-05
0.306622 0.321377 0.0453968 9.9973E-05 0.326304 9.9973E-05 9.9973E-05
0.00958766 0.114847 0.0706846 0.565041 0.118416 0.0734786 0.0479449
0.13344 0.162307 0.0402501 0.500577 0.102268 0.0386874 0.0224706
0.0272283 0.454996 0.033875 0.39129 0.0875794 9.9991E-05 0.00493197
0.0405702 0.174029 0.0820496 0.511963 0.0389531 0.0442855 0.108149
0.159298 0.287597 0.141406 0.131775 0.279725 9.9982E-05 9.9982E-05
0.0828751 0.186904 0.0167709 0.595495 0.111167 9.9991E-05 0.00668823
0.0708697 0.306006 0.0748511 0.485936 0.0289207 0.0233732 0.0100442
0.0718795 0.0816463 0.0881765 0.395092 0.099674 0.139081 0.124451
0.129439 0.216454 0.138466 0.329009 0.171822 0.0147093 9.9991E-05
0.08772 0.216321 0.101154 0.423342 0.149972 0.0213905 9.9991E-05
0.107409 0.133937 0.0640886 0.587606 0.0881607 0.0186978 9.9991E-05
0.0725501 0.205378 0.0825366 0.554988 0.0843473 9.9982E-05 9.9982E-05
0.132684 0.0780872 0.048226 0.612732 0.0353998 0.0650735 0.0277976
0.0189189 0.126418 0.110898 0.551705 0.0489566 0.0382174 0.104885
0.00736179 0.18657 0.0655758 0.586886 0.0717101 0.012232 0.0696641
9.9964E-05 9.9964E-05 9.9964E-05 0.116521 9.9964E-05 0.0347838 0.848296
9.9964E-05 9.9964E-05 0.00601801 0.107605 9.9964E-05 9.9964E-05 0.885978
0.00260031 0.011228 0.0177202 0.0541085 0.0340467 9.9991E-05 0.880196
0.0161245 9.9973E-05 0.018419 9.9973E-05 9.9973E-05 0.0657269 0.89943
9.9955E-05 9.9955E-05 9.9955E-05 0.0981395 9.9955E-05 9.9955E-05 0.901361
9.9982E-05 0.608281 0.103546 0.145955 0.0978507 0.0441674 9.9982E-05
0.0889056 0.18994 9.9991E-05 0.532643 0.0851538 0.0629644 0.0402933
0.0590082 0.0411346 0.0172341 0.383168 0.105252 0.222921 0.171281
0.0116114 0.215445 0.0438363 0.668484 0.0325673 0.0183163 0.00973993
9.9982E-05 0.360696 0.053618 0.544956 0.0281379 0.0123924 9.9982E-05
0.137671 0.310085 0.0125903 0.306042 0.233412 9.9982E-05 9.9982E-05
0.0106558 0.733096 0.102032 0.038948 0.0489673 9.99935E-05 0.0662007
9.9982E-05 0.347108 0.0531251 0.485087 0.0569192 9.9982E-05 0.0575607
0.0415721 0.570037 0.0130052 0.272053 0.0319058 0.0412815 0.0301451
0.0987515 0.173108 0.0586506 0.512689 0.126456 9.9991E-05 0.0302453
0.069463 0.625049 0.0228991 0.193841 0.0186612 9.9991E-05 0.0699864
0.0253973 0.231411 0.0559041 0.530927 0.015983 0.0801498 0.0602277
0.023367 0.567495 0.0994033 0.194789 0.0723998 0.00700644 0.0355391
0.128256 0.303973 0.0929154 0.251883 0.131642 0.0912307 9.9991E-05
0.0553742 0.0563978 0.0755103 0.558679 0.192121 0.0242576 0.0376594
0.0978932 0.070843 0.04588 0.307597 0.477587 9.9982E-05 9.9982E-05
0.0297554 0.0407439 0.031141 0.572759 0.306419 9.9991E-05 0.0190816
9.9982E-05 0.0952018 0.044486 0.557021 0.205771 9.9982E-05 0.09732
0.0410034 0.0459911 0.0742191 0.275039 0.563548 9.9982E-05 9.9982E-05
0.0365636 0.0434167 0.0994589 0.57187 0.142835 0.000560751 0.105294
0.0209003 0.101847 0.0592011 0.558387 0.259464 9.9982E-05 9.9982E-05
0.175506 0.01673 0.125799 0.1207 0.561066 9.9982E-05 9.9982E-05
0.034115 0.0871485 0.0473025 0.184985 0.646249 9.9982E-05 9.9982E-05
0.0555376 0.0599299 0.00641782 0.508406 0.369508 9.9982E-05 9.9982E-05
0.0882457 0.0425355 0.205536 0.0665418 0.596941 9.9982E-05 9.9982E-05
9.9973E-05 0.13132 0.0523635 0.458385 0.357632 9.9973E-05 9.9973E-05
0.050346 0.695262 0.0676999 0.171984 9.9982E-05 0.0145081 9.9982E-05
0.279154 0.366822 0.0389356 0.202824 0.0449166 0.0672472 9.9991E-05
0.0332575 0.453469 0.000419996 0.442536 9.9991E-05 0.0513778 0.0188393
0.0569138 0.226048 0.0789359 0.559181 9.9991E-05 0.0454267 0.033394
0.00647733 0.625435 0.100981 0.234443 9.9982E-05 0.0324634 9.9982E-05
0.0607382 0.176451 0.0526773 0.553042 0.0623256 0.019936 0.0748295
0.0501919 0.281939 9.9991E-05 0.605413 0.00570204 0.0188305 0.0378235
0.0717542 0.23259 0.084202 0.452148 0.0360263 0.0822952 0.0409845
0.0386767 0.287383 0.0644108 0.514689 0.0054192 0.0893208 9.9991E-05
9.9973E-05 0.403163 0.0499398 0.541357 9.9973E-05 0.00524043 9.9973E-05
0.0667847 0.509162 0.102184 0.297373 9.9991E-05 0.0166806 0.00771532
0.054211 0.456556 0.024824 0.439617 9.9982E-05 0.0245925 9.9982E-05
0.0726355 0.201178 0.0220967 0.590438 0.0729622 0.0405895 9.9991E-05
0.0263733 0.126567 0.0298944 0.636412 0.103219 0.0396234 0.037911
0.0726964 0.341142 0.0951098 0.284433 0.0842014 0.111838 0.0105797
0.138407 0.247789 0.0574119 0.456704 9.9982E-05 0.0994878 9.9982E-05
0.032458 0.470346 0.0534177 0.386329 9.9982E-05 0.0572491 9.9982E-05
0.0320855 0.279382 0.060908 0.552271 9.9991E-05 0.0576469 0.0176064
0.0472228 0.313436 0.065858 0.470102 9.9991E-05 0.0576042 0.0456766
0.067309 0.106904 0.0758169 0.55115 0.0545357 0.0544391 0.0898452
9.9982E-05 0.0246791 9.9982E-05 0.478004 0.072492 0.115453 0.309172
0.0255346 0.0463994 0.0281669 0.552942 0.101806 0.127425 0.117726
0.0417047 0.0563769 0.0219977 0.513507 0.106147 0.109516 0.150751
0.0494988 0.0472297 0.0045226 0.561293 0.11163 0.11855 0.107276
0.00277525 9.9991E-05 0.0119197 0.472061 0.147238 0.169536 0.19637
0.13605 0.219026 0.00561877 0.524273 0.114833 9.9982E-05 9.9982E-05
9.9991E-05 0.0669387 0.0409276 0.494937 0.123778 0.105362 0.167956
0.0656523 0.104392 0.0461563 0.0284979 0.398399 0.189412 0.16749
9.9982E-05 0.0704202 9.9982E-05 0.586387 0.135895 0.128338 0.0787593
0.0263676 0.0697999 0.0213205 0.501239 0.0536978 0.19072 0.136856
0.0580833 0.0224722 0.0737756 0.541049 0.0374206 0.124993 0.142207
0.0658878 0.0390814 0.0468895 0.314669 0.252779 0.0902516 0.190442
9.9991E-05 0.035977 0.0298518 0.557556 0.0481242 0.123926 0.204464
0.107955 0.0304272 9.9991E-05 0.533951 0.0197843 0.135663 0.172119
9.9964E-05 9.9964E-05 9.9964E-05 9.9964E-05 0.435786 0.128327 0.435488
0.0144894 0.0511547 0.032535 0.522508 0.0537648 0.178174 0.147374
0.0482205 9.9982E-05 9.9982E-05 0.536764 0.0333867 0.198213 0.183216
0.0245016 0.047865 0.0315949 0.568585 0.139257 0.113939 0.0742577
0.00259942 9.9982E-05 9.9982E-05 0.530575 0.100524 0.178139 0.187963
9.9991E-05 0.0292411 0.0391973 0.533525 0.0702368 0.0942405 0.23346
0.441105 0.0168977 0.0598247 0.425297 9.9982E-05 9.9982E-05 0.0566752
0.26444 0.00194446 0.0931527 0.502636 0.0520863 0.0205306 0.0652099
0.930557 0.051198 0.0119257 9.9973E-05 0.00601897 9.9973E-05 9.9973E-05
0.915011 0.0337776 0.0224439 9.9973E-05 0.0284678 9.9973E-05 9.9973E-05
0.286856 0.042885 0.0183605 0.520081 0.0131849 0.0198747 0.0987576
0.116994 9.9982E-05 9.9982E-05 0.312434 0.121792 0.306938 0.141642
0.227864 9.9982E-05 9.9982E-05 0.328443 0.0331021 0.262122 0.148269
0.284982 9.9982E-05 9.9982E-05 0.152418 0.090486 0.286572 0.185342
0.194551 9.9982E-05 9.9982E-05 0.340129 0.050066 0.239 0.176055
0.705904 9.9982E-05 9.9982E-05 0.0385155 0.117517 0.0413684 0.096495
0.73383 9.9982E-05 9.9982E-05 0.0831304 0.00649861 0.055814 0.120527
0.362076 9.9973E-05 9.9973E-05 0.537822 9.9973E-05 0.0627991 0.0370022
0.506587 9.9973E-05 9.9973E-05 0.326342 9.9973E-05 0.11471 0.052061
0.701559 9.9973E-05 9.9973E-05 0.196442 9.9973E-05 0.0264245 0.0752747
0.29939 0.0391938 9.9982E-05 0.536716 9.9982E-05 0.0703502 0.0541499
0.343962 9.9973E-05 9.9973E-05 0.556417 9.9973E-05 0.0532792 0.0460419
0.306514 0.0428887 0.0449158 0.456052 9.9991E-05 0.0777373 0.0717921
0.689316 9.9955E-05 9.9955E-05 0.310184 9.9955E-05 9.9955E-05 9.9955E-05
0.491324 0.0772433 0.00521554 0.374718 0.0155934 9.9991E-05 0.0358059
0.31293 0.029242 0.0423467 0.530971 0.0391647 9.9991E-05 0.0452456
0.409179 0.0629691 0.0197523 0.443794 0.0180511 9.9991E-05 0.0461548
0.268764 0.02307 0.0282136 0.501172 0.0528838 0.0181068 0.10779
0.439271 9.9973E-05 0.0487593 0.456519 0.055151 9.9973E-05 9.9973E-05
0.787542 0.0526043 9.9964E-05 0.159454 9.9964E-05 9.9964E-05 9.9964E-05
0.37243 9.9964E-05 9.9964E-05 0.609983 9.9964E-05 0.0171875 9.9964E-05
0.765434 0.102192 9.9973E-05 0.12578 9.9973E-05 0.00629385 9.9973E-05
0.55848 9.9964E-05 9.9964E-05 0.408931 9.9964E-05 9.9964E-05 0.0321891
0.395972 0.0466415 9.9982E-05 0.454205 0.0185824 9.9982E-05 0.0843994
0.342075 0.053244 0.0446708 0.479823 9.9991E-05 0.0213325 0.0587541
0.109109 0.0487647 9.9991E-05 0.513024 0.0493908 0.104544 0.175067
0.141241 0.0554172 0.0490279 0.425895 0.045952 0.137926 0.144541
0.068129 9.9982E-05 9.9982E-05 0.357108 0.152414 0.236259 0.18589
0.1052 9.9991E-05 0.025354 0.335651 0.10786 0.213502 0.212334
0.0429176 0.0374002 0.0437174 0.501546 0.0952927 0.120111 0.159015
0.193779 0.000873972 0.00770502 0.437147 0.0551607 0.14735 0.157985
0.657521 9.9973E-05 9.9973E-05 9.9973E-05 0.0764563 0.0963401 0.169383
0.160248 9.9982E-05 9.9982E-05 0.516895 0.0421441 0.189219 0.0912929
0.392922 9.9973E-05 9.9973E-05 9.9973E-05 0.215149 0.0689886 0.322641
0.318624 9.9973E-05 9.9973E-05 0.467533 9.9973E-05 0.149688 0.0638544
0.95063 9.9964E-05 0.00571404 0.0432564 9.9964E-05 9.9964E-05 9.9964E-05
0.955225 9.9955E-05 0.0442753 9.9955E-05 9.9955E-05 9.9955E-05 9.9955E-05
0.557506 9.9955E-05 9.9955E-05 0.441994 9.9955E-05 9.9955E-05 9.9955E-05
0.431173 9.9973E-05 9.9973E-05 0.555066 9.9973E-05 0.00479236 0.00866923
0.635074 9.9955E-05 9.9955E-05 0.364426 9.9955E-05 9.9955E-05 9.9955E-05
0.457886 9.9964E-05 0.00166373 0.540051 9.9964E-05 9.9964E-05 9.9964E-05
0.478834 9.99674E-05 0.0036093 0.517157 9.99674E-05 9.99674E-05 9.99674E-05
0.0442745 0.0546366 9.9982E-05 0.0131738 9.9982E-05 0.0115681 0.876147
0.0238817 0.0503101 0.012784 0.04646 0.0335061 0.0569123 0.776146
0.0143239 0.0265903 9.9991E-05 0.00296428 0.0132473 0.0209938 0.92178
9.9964E-05 9.9964E-05 9.9964E-05 0.0453479 0.0191267 9.9964E-05 0.935126
0.0131079 9.9991E-05 0.350907 0.498825 0.0271607 0.0596413 0.0502584
9.9982E-05 0.0742464 0.325856 0.559368 9.9982E-05 0.00329822 0.0370322
0.0014163 0.00436673 0.440748 0.538659 9.9982E-05 9.9982E-05 0.0146104
9.9982E-05 0.0565164 0.237889 0.61482 0.00852421 9.9982E-05 0.0820498
9.9991E-05 0.110676 0.092623 0.584166 0.108866 0.0181481 0.0854211
9.9973E-05 0.111433 0.56258 0.302413 9.9973E-05 9.9973E-05 0.023273
0.0298467 9.9982E-05 0.291304 0.64108 9.9982E-05 0.00872741 0.0288419
0.0907316 9.9991E-05 0.561018 0.264918 0.0635527 0.0139279 0.00575181
9.9991E-05 0.0849536 0.0176039 0.440826 0.018298 0.136157 0.302062
0.130704 9.9982E-05 0.36946 0.443297 0.0512104 0.00512908 9.9982E-05
9.9973E-05 0.058801 0.585668 0.327236 9.9973E-05 9.9973E-05 0.0279947
0.0428419 0.0167206 0.372961 0.532017 0.0321499 9.9991E-05 0.0032089
0.00947635 0.0780851 0.453363 0.417474 9.9991E-05 0.0242029 0.0172979
0.0861699 9.9973E-05 0.378352 0.530754 9.9973E-05 0.00442451 9.9973E-05
0.00449812 0.0286081 0.342295 0.530708 9.9982E-05 9.9982E-05 0.0936906
0.0587971 9.9973E-05 0.860715 0.000669898 0.0795178 9.9973E-05 9.9973E-05
0.0601585 9.9973E-05 0.595165 0.271226 0.0731511 9.9973E-05 9.9973E-05
0.0861472 9.9982E-05 0.521591 0.332679 0.036249 0.0231345 9.9982E-05
0.114766 9.9964E-05 0.800088 9.9964E-05 0.0847464 9.9964E-05 9.9964E-05
9.9973E-05 0.0913462 0.424347 0.410703 9.9973E-05 9.9973E-05 0.0733038
0.0763783 9.9973E-05 0.612937 0.0743549 0.23603 9.9973E-05 9.9973E-05
0.0314391 9.9964E-05 0.79699 9.9964E-05 0.171171 9.9964E-05 9.9964E-05
0.0425727 9.9982E-05 0.283858 0.615168 0.0152593 9.9982E-05 0.0429415
9.9982E-05 0.153177 0.618329 0.175953 0.0114735 9.9982E-05 0.0408681
9.9982E-05 0.0691038 0.433689 0.430999 9.9982E-05 0.0355249 0.0304834
0.00737485 9.9991E-05 0.231287 0.587772 0.0350707 0.0393223 0.0990729
9.9982E-05 0.0752081 0.386792 0.478148 9.9982E-05 0.0277274 0.0319245
0.0874248 0.288354 0.0575817 0.39597 0.166636 0.00393333 9.9991E-05
0.0117753 0.045194 0.31543 0.570707 9.9982E-05 9.9982E-05 0.056694
9.9973E-05 0.0959997 0.374892 0.515887 9.9973E-05 9.9973E-05 0.0129206
0.086954 9.9973E-05 0.573345 0.321194 0.0182075 9.9973E-05 9.9973E-05
0.0239118 0.0715356 0.29287 0.509997 9.9982E-05 9.9982E-05 0.101486
9.9964E-05 0.284178 9.9964E-05 9.9964E-05 0.0501126 9.9964E-05 0.665309
0.00760943 0.153861 0.0448769 9.9982E-05 0.0175088 9.9982E-05 0.775943
9.9964E-05 0.134235 9.9964E-05 9.9964E-05 0.0324738 9.9964E-05 0.832891
9.9964E-05 0.132462 9.9964E-05 9.9964E-05 0.0270074 9.9964E-05 0.84013
9.9982E-05 0.131804 0.0108987 0.03564 0.0668443 9.9982E-05 0.754613
9.9982E-05 0.150019 0.679854 0.116526 9.9982E-05 0.0113241 0.0420775
9.9973E-05 0.136124 0.67196 0.148545 9.9973E-05 9.9973E-05 0.0430705
0.0287146 9.9982E-05 0.758368 0.144534 0.0431304 0.0250528 9.9982E-05
0.0467205 0.0619638 0.177388 0.531974 0.0558382 0.041629 0.0844862
0.0481944 0.0147963 0.195295 0.55296 0.0161233 0.0289182 0.143713
9.9973E-05 9.9973E-05 0.605344 0.245771 0.110843 0.0377415 9.9973E-05
0.0526574 9.9991E-05 0.257324 0.587602 0.0342927 0.0307351 0.0372888
9.9982E-05 9.9982E-05 0.452351 0.38157 0.0990023 0.044021 0.0228551
9.9973E-05 0.0583504 0.382508 0.529149 9.9973E-05 9.9973E-05 0.0296926
0.00461957 0.0303056 0.283395 0.599492 9.9991E-05 0.0406525 0.0414354
9.9964E-05 0.138164 0.62818 0.233257 9.9964E-05 9.9964E-05 9.9964E-05
9.9964E-05 0.096921 0.603117 0.299562 9.9964E-05 9.9964E-05 9.9964E-05
9.9973E-05 0.131683 0.555509 0.293339 9.9973E-05 9.9973E-05 0.0191691
0.00336221 0.0245945 9.9982E-05 0.677951 0.213689 9.9982E-05 0.0802037
9.9973E-05 0.0843829 0.518591 0.379325 9.9973E-05 9.9973E-05 0.0174013
9.9982E-05 0.09963 0.470676 0.380687 9.9982E-05 0.00466731 0.0441398
0.0186758 0.00957708 0.00598509 0.488556 0.0486721 0.343958 0.0845757
9.9973E-05 9.9973E-05 9.9973E-05 0.34682 0.110583 0.419535 0.122762
9.9982E-05 0.0336251 9.9982E-05 0.428918 0.00932191 0.43686 0.0910755
0.0452161 0.0110296 9.9991E-05 0.294198 0.00258299 0.501631 0.145242
9.9991E-05 0.0275006 0.0045735 0.515379 0.101284 0.251261 0.0999016
0.00674354 9.9982E-05 0.194252 0.535755 0.193807 9.9982E-05 0.0692423
9.9982E-05 0.00403275 9.9982E-05 0.0204633 0.114258 0.644393 0.216653
0.0163751 0.00823145 9.9991E-05 0.297869 0.034847 0.488089 0.154488
0.0127824 9.9991E-05 0.0492435 0.362206 0.292752 0.155129 0.127787
9.9982E-05 0.0653798 0.0119213 0.557196 0.271573 9.9982E-05 0.0937297
9.9982E-05 0.0603428 9.9982E-05 0.478858 0.33684 0.013788 0.109971
9.9973E-05 0.0388079 9.9973E-05 0.641902 0.224085 9.9973E-05 0.0949057
0.0196774 0.0240205 0.0259465 0.616087 0.157474 9.9991E-05 0.156695
9.9973E-05 9.9973E-05 9.9973E-05 0.400696 0.00178922 0.427804 0.169411
0.041744 0.0369882 0.0358147 0.360724 0.0453301 0.379394 0.100005
9.9964E-05 9.9964E-05 9.9964E-05 0.399995 9.9964E-05 0.490341 0.109264
0.0303166 0.0568351 0.0408128 0.397014 0.0693715 0.293545 0.112104
0.0136424 0.0311747 0.0559061 0.22373 0.039674 0.476022 0.159851
0.0312775 0.00567128 0.0576661 0.40682 9.9991E-05 0.358088 0.140377
0.0168452 9.9982E-05 9.9982E-05 0.271155 0.071403 0.510165 0.130232
0.0258022 0.0310067 0.0143395 0.463179 0.0776194 0.299126 0.0889272
9.9982E-05 0.000915224 0.0431125 0.517067 0.36228 9.9982E-05 0.0764252
0.0130439 0.0532874 9.9991E-05 0.407919 0.0799347 0.320183 0.125531
9.9982E-05 9.9982E-05 0.010692 0.153671 0.0516558 0.590454 0.193327
0.00516934 0.0450174 0.107053 0.367908 0.00625451 0.366232 0.102365
9.9982E-05 0.135429 0.0382443 0.332718 0.378579 9.9982E-05 0.114829
9.9973E-05 9.9973E-05 9.9973E-05 0.640264 0.335657 0.00720861 0.0165698
0.0274307 0.0282196 0.00499232 0.417348 0.0599366 0.300438 0.161635
9.9973E-05 0.120874 9.9973E-05 0.563223 0.235319 9.9973E-05 0.080284
9.9973E-05 0.0393831 9.9973E-05 0.550175 0.271064 9.9973E-05 0.139078
0.0528126 9.9991E-05 0.0332687 0.359465 0.169269 0.201714 0.183372
0.0868733 9.9982E-05 9.9982E-05 0.356484 0.103267 0.242222 0.210955
9.9991E-05 0.0334139 0.0877523 0.554602 0.168524 0.0795126 0.076096
0.040791 0.0310198 0.0699113 0.371324 0.0240746 0.311013 0.151865
9.9982E-05 0.0342913 9.9982E-05 0.420751 0.0433973 0.408303 0.0930575
0.0108381 9.9982E-05 9.9982E-05 0.176703 0.0565853 0.573271 0.182402
9.9982E-05 0.0874068 9.9982E-05 0.670125 0.172566 0.000900161 0.0688017
9.9982E-05 0.0454737 0.019425 0.458507 0.38568 9.9982E-05 0.0907146
9.9964E-05 9.9964E-05 9.9964E-05 0.198817 0.775579 9.9964E-05 0.0252038
9.9991E-05 0.062425 0.0654708 0.55938 0.118926 0.0275409 0.166158
0.0594141 0.204267 0.0472532 0.378543 0.199251 0.0533281 0.0579438
9.9991E-05 0.017613 0.0460319 0.498858 0.119211 0.124079 0.194107
9.9982E-05 9.9982E-05 0.0557795 0.522782 0.203758 0.0440872 0.173394
9.9964E-05 9.9964E-05 9.9964E-05 9.9964E-05 0.59904 0.11713 0.28343
9.9964E-05 9.9964E-05 9.9964E-05 9.9964E-05 0.699737 0.0649982 0.234865
0.0223479 9.9991E-05 0.0211816 0.359261 0.401025 0.0542738 0.14181
9.9973E-05 9.9973E-05 9.9973E-05 0.0737022 0.502982 0.145452 0.277564
9.9964E-05 9.9964E-05 9.9964E-05 9.9964E-05 0.393781 0.189757 0.416062
0.0306915 9.9991E-05 0.0237447 0.40491 0.316263 0.054124 0.170167
9.9982E-05 0.0558839 9.9982E-05 0.364433 0.237734 0.141433 0.200316
9.9991E-05 0.00335388 0.00756423 0.158245 0.462337 0.141015 0.227385
9.9973E-05 9.9973E-05 9.9973E-05 0.100169 0.602895 0.118745 0.177892
0.00563616 9.9991E-05 0.0569262 0.474786 0.192993 0.127234 0.142325
0.0206273 9.9982E-05 9.9982E-05 0.210265 0.467786 0.100657 0.200465
9.9964E-05 9.9964E-05 9.9964E-05 9.9964E-05 0.689727 0.0512718 0.258601
0.071427 0.0605244 0.0767902 0.468764 0.0627697 0.125646 0.134078
0.0203413 0.0145791 9.9991E-05 0.332542 0.28665 0.166919 0.178868
9.9982E-05 0.0520425 9.9982E-05 0.421589 0.0730276 0.133587 0.319554
9.9973E-05 9.9973E-05 0.00931448 0.600811 9.9973E-05 0.197831 0.191744
9.9982E-05 9.9982E-05 0.0280614 0.527687 0.121944 0.194187 0.127921
0.0588852 9.9982E-05 9.9982E-05 0.476184 0.0588445 0.22017 0.185716
9.9991E-05 0.0550226 0.0258073 0.319399 0.0572702 0.186754 0.355647
0.0126541 0.0284016 9.9991E-05 0.532909 0.0293662 0.157121 0.239448
9.9991E-05 0.046373 0.00117826 0.462503 0.0408978 0.207309 0.241639
0.0418982 9.9991E-05 0.0124343 0.3249 0.190442 0.204325 0.2259
9.9991E-05 0.0973934 0.206396 0.339354 0.0483316 0.115126 0.193299
9.9991E-05 0.0472706 0.0835528 0.522201 0.101716 0.0748769 0.170282
0.0373091 0.048276 0.0336177 0.53787 0.0700497 0.14658 0.126297
0.00936542 0.104694 0.0762748 0.576423 0.021826 0.0984395 0.112977
0.00580771 9.9982E-05 9.9982E-05 0.459889 0.0972805 0.18947 0.247352
0.0338483 9.9991E-05 0.0317886 0.48701 0.0514154 0.176345 0.219493
9.9973E-05 9.9973E-05 9.9973E-05 0.0588473 0.317417 0.307506 0.31593
0.027734 0.00757628 0.01456 0.557549 0.0800107 0.121652 0.190918
0.0130239 9.9982E-05 9.9982E-05 0.224102 0.225216 0.256319 0.281138
0.00961122 0.196001 9.9973E-05 9.9973E-05 9.9973E-05 0.0100614 0.784027
0.000493284 0.79942 9.9982E-05 0.109066 9.9982E-05 0.043733 0.0470882
9.995E-05 0.9994 9.995E-05 9.995E-05 9.995E-05 9.995E-05 9.995E-05
9.995E-05 0.9994 9.995E-05 9.995E-05 9.995E-05 9.995E-05 9.995E-05
9.9955E-05 0.96518 9.9955E-05 0.0343205 9.9955E-05 9.9955E-05 9.9955E-05
9.9955E-05 0.971695 9.9955E-05 9.9955E-05 9.9955E-05 0.0278051 9.9955E-05
9.9955E-05 0.966615 9.9955E-05 0.0328857 9.9955E-05 9.9955E-05 9.9955E-05
9.995E-05 0.9994 9.995E-05 9.995E-05 9.995E-05 9.995E-05 9.995E-05
9.9955E-05 0.853414 9.9955E-05 9.9955E-05 9.9955E-05 9.9955E-05 0.146086
9.9982E-05 0.0356298 0.0341329 0.00934934 0.0325228 9.9982E-05 0.888165
9.9964E-05 0.153498 9.9964E-05 0.0482979 9.9964E-05 9.9964E-05 0.797804
0.00872856 0.0267649 0.0537611 0.0118232 9.9982E-05 9.9982E-05 0.898722
9.9973E-05 0.0760212 9.9973E-05 0.0450769 0.0169283 9.9973E-05 0.861674
9.9973E-05 0.0684459 0.0307408 9.9973E-05 9.9973E-05 0.0265198 0.873993
9.9973E-05 0.0333448 9.9973E-05 0.0587174 9.9973E-05 0.0132441 0.894394
0.0499475 0.00136179 9.9991E-05 0.117131 0.0307689 0.0782269 0.722463
0.00293173 9.9973E-05 9.9973E-05 0.0908902 9.9973E-05 0.00183126 0.904047
0.0553971 0.0460309 9.9991E-05 0.0922517 0.0441333 0.0574874 0.7046
9.9964E-05 9.9964E-05 9.9964E-05 0.0323183 9.9964E-05 0.0532153 0.914066
0.01207 9.9955E-05 9.9955E-05 9.9955E-05 9.9955E-05 9.9955E-05 0.98743
9.9982E-05 0.0196475 0.00270854 0.0767368 9.9982E-05 0.00612261 0.894585
0.000677041 0.0111788 9.9964E-05 9.9964E-05 9.9964E-05 9.9964E-05 0.987744
0.018697 9.9964E-05 9.9964E-05 0.0282583 9.9964E-05 9.9964E-05 0.952645
9.9973E-05 9.9973E-05 0.00374902 0.0848122 9.9973E-05 0.0137213 0.897418
9.9964E-05 9.9964E-05 9.9964E-05 0.0621562 9.9964E-05 0.00365815 0.933786
9.9964E-05 9.9964E-05 9.9964E-05 0.0880365 9.9964E-05 0.0507188 0.860845
9.9964E-05 9.9964E-05 9.9964E-05 0.124643 9.9964E-05 0.0285604 0.846397
9.9964E-05 9.9964E-05 9.9964E-05 0.111901 9.9964E-05 0.0610966 0.826603
9.9982E-05 0.0864244 0.0910778 0.416533 0.336146 9.9982E-05 0.069618
9.9973E-05 0.0239298 9.9973E-05 0.707562 0.22023 9.9973E-05 0.047978
9.9991E-05 0.0775866 0.0807788 0.551934 0.135812 0.0728349 0.0809544
9.9964E-05 9.9964E-05 0.076766 0.159287 0.763547 9.9964E-05 9.9964E-05
9.9973E-05 0.114955 9.9973E-05 0.534938 0.28034 9.9973E-05 0.0694672
9.9964E-05 9.9964E-05 9.9964E-05 0.13294 0.861358 9.9964E-05 0.00530177
0.00499099 9.9982E-05 9.9982E-05 0.632367 0.254301 0.0693034 0.0388372
9.9982E-05 0.124354 0.0786005 0.417576 0.284224 9.9982E-05 0.0950451
9.9973E-05 0.0877827 9.9973E-05 0.491373 0.302141 9.9973E-05 0.118403
9.9973E-05 0.0258104 0.417208 0.460835 9.9973E-05 9.9973E-05 0.0958467
9.9982E-05 0.107332 0.0686878 0.437252 0.323774 9.9982E-05 0.0627545
9.9982E-05 0.0268787 0.0145055 0.678929 0.247654 9.9982E-05 0.0318333
9.9973E-05 0.0937457 9.9973E-05 0.555451 0.29923 9.9973E-05 0.0512735
0.209595 0.440902 0.139816 0.00823777 0.119426 0.0819241 9.9991E-05
0.0291746 0.0297167 0.0266691 0.0413305 0.872909 9.9982E-05 9.9982E-05
9.9964E-05 9.9964E-05 9.9964E-05 0.202103 0.782709 9.9964E-05 0.0147883
9.9982E-05 0.00609296 0.00496879 0.645636 0.208419 9.9982E-05 0.134684
9.9955E-05 9.9955E-05 9.9955E-05 0.526386 0.473114 9.9955E-05 9.9955E-05
0.000210064 9.9982E-05 0.0149459 0.615307 0.347707 9.9982E-05 0.0216303
