0.856975 0.01741 9.9982E-05 0.00500128 9.9982E-05 0.00643162 0.113982
0.932819 0.0193115 9.9964E-05 9.9964E-05 9.9964E-05 9.9964E-05 0.0474697
0.872692 9.9973E-05 9.9973E-05 0.0532234 0.0394359 9.9973E-05 0.0343491
0.8285 0.0252362 9.9973E-05 0.143955 9.9973E-05 9.9973E-05 0.00200869
0.908799 9.9955E-05 9.9955E-05 0.0907014 9.9955E-05 9.9955E-05 9.9955E-05
0.648918 0.0470239 0.147287 0.108062 9.9982E-05 9.9982E-05 0.0485086
0.814191 0.0200017 0.132355 0.0080689 0.0152884 0.00999516 9.9991E-05
0.741521 0.0717847 0.124525 0.0228973 9.9982E-05 0.0390725 9.9982E-05
0.81412 0.141611 0.0438684 9.99639E-05 9.99639E-05 9.99639E-05 9.99639E-05
0.763431 0.0366797 0.123422 0.0649972 9.9982E-05 0.0112702 9.9982E-05
0.756956 0.040908 0.0994726 0.102363 9.9973E-05 9.9973E-05 9.9973E-05
0.0473324 0.498312 9.9991E-05 0.236472 0.183253 0.0273498 0.0071811
0.0370738 0.280753 0.0103018 0.520539 0.0393559 9.9991E-05 0.111877
9.9991E-05 0.486984 0.0495198 0.238631 0.11451 0.0651616 0.045093
0.00172769 0.486374 9.9991E-05 0.243174 0.0654336 0.0348884 0.168301
0.0733478 0.287227 0.0238519 0.446968 0.0243533 0.0971121 0.0471393
0.0348351 0.221384 0.0359507 0.559989 0.0616669 0.0312961 0.0548788
0.0205255 0.30078 0.0390768 0.466868 0.107057 0.0148145 0.050878
0.0782148 0.423262 0.0428129 0.220301 0.0758277 0.0629517 0.0966301
0.0160673 0.689816 0.117764 0.0628993 0.0936666 0.0196867 9.9991E-05
0.0206291 0.288278 0.0623174 0.448383 0.115866 0.0514364 0.0130896
0.0477776 0.167978 0.206158 0.457248 0.0530517 0.0676863 9.9991E-05
0.026092 0.206427 0.0490084 0.555466 0.111508 0.0451183 0.00638075
0.0574951 0.457215 0.0512752 0.245867 0.103342 0.0808977 0.00390812
0.0906332 0.0753474 0.0965684 0.638786 9.9991E-05 0.0258092 0.0727559
0.0348769 0.285916 0.0379231 0.546972 0.0558699 0.00701813 0.0314241
0.0530241 0.490677 0.0805123 0.25559 0.0963569 0.0237396 9.9991E-05
0.0545942 0.444297 0.0114327 0.29916 0.105092 0.0563995 0.0290245
0.0247331 0.467586 0.117294 0.23686 0.153327 9.9982E-05 9.9982E-05
0.869962 9.9964E-05 9.9964E-05 0.0873934 9.9964E-05 0.0422451 9.9964E-05
0.866844 9.9964E-05 9.9964E-05 0.120189 9.9964E-05 0.012567 9.9964E-05
0.80338 0.00221508 9.9982E-05 0.095762 9.9982E-05 0.0791399 0.0193026
0.728283 9.9973E-05 9.9973E-05 0.129397 9.9973E-05 0.0309726 0.111048
0.131369 0.0644971 0.0638912 0.530231 0.209812 9.9982E-05 9.9982E-05
0.0675175 0.0735724 0.0311836 0.451235 0.306362 0.0610495 0.00907959
9.9973E-05 9.9973E-05 9.9973E-05 0.562523 0.381186 0.0243152 0.0316758
0.0326944 0.640418 9.9991E-05 0.164905 0.125945 0.0210733 0.0148641
9.9973E-05 9.9973E-05 0.134304 0.274774 0.568288 0.0223338 9.9973E-05
0.0447941 0.132449 9.9991E-05 0.449179 0.247838 0.00563156 0.120009
0.0654402 0.0068809 9.9982E-05 0.684974 0.212021 9.9982E-05 0.0304844
0.146471 0.0341742 0.16362 0.596955 0.0585801 9.9982E-05 9.9982E-05
0.114819 0.0400363 0.099185 0.574883 0.123031 0.0479461 9.9991E-05
0.0438586 0.140332 9.9982E-05 0.142462 0.672054 9.9982E-05 0.00109289
0.0726261 0.031375 0.215927 0.628248 9.9991E-05 0.0371833 0.0145409
0.0836002 0.0153548 0.0507048 0.581665 0.237708 0.0308668 9.9991E-05
0.15352 0.0440819 0.085078 0.583503 0.0875494 9.9991E-05 0.0461675
9.9973E-05 9.9973E-05 0.0423572 0.304685 0.621267 9.9973E-05 0.0313912
0.10977 0.0177128 9.9973E-05 0.590268 0.281949 9.9973E-05 9.9973E-05
0.131556 0.0469972 0.0488002 0.469839 0.178735 0.0026456 0.121428
9.9955E-05 9.9955E-05 0.38452 9.9955E-05 0.61498 9.9955E-05 9.9955E-05
9.9973E-05 0.60899 0.131816 0.176364 0.0825295 9.9973E-05 9.9973E-05
9.9991E-05 0.261627 0.335467 0.160219 0.14758 0.00100539 0.0940021
0.00522066 0.161507 0.102232 0.536837 0.0547962 0.00711248 0.132295
0.0644712 0.120417 0.128776 0.562448 0.0229203 0.100867 9.9991E-05
0.0759027 0.078562 0.146551 0.609037 0.0059518 0.0359271 0.0480686
0.100826 0.520003 0.0671645 0.177164 0.101415 9.9991E-05 0.0333266
0.0218648 0.373908 9.9982E-05 0.53806 0.0281161 9.9982E-05 0.0378508
0.0843138 0.112549 9.9991E-05 0.590722 0.135545 0.0249859 0.0517843
0.116819 0.276985 0.0876856 0.399696 0.0796427 0.0310345 0.00813761
0.151434 0.468002 0.0956886 0.128011 0.122988 0.0291074 0.00476933
0.0827757 0.183096 9.9991E-05 0.509651 0.114256 0.026829 0.0832919
0.0721911 0.258385 0.0320668 0.469491 0.0643739 9.9991E-05 0.103392
0.0696701 0.57612 0.149784 0.0893524 0.114874 9.9982E-05 9.9982E-05
0.0116777 0.374828 0.0358593 0.442802 0.126766 0.00796659 9.9991E-05
0.0268585 0.080971 0.112397 0.574272 0.0895645 0.0411175 0.0748196
0.119562 0.0962715 0.0316973 0.647667 0.0769276 0.00639668 0.0214775
0.08145 0.344743 0.0969205 0.251181 0.158289 0.0673175 9.9991E-05
0.0198442 0.233068 0.0944149 0.498953 0.05924 0.0446738 0.0498056
0.0215657 0.20041 0.0209722 0.537178 0.0995812 0.0650008 0.0552919
0.00810542 0.494375 0.12276 0.224968 0.116479 9.9991E-05 0.033212
0.0210374 0.0519355 9.9973E-05 0.476578 0.450149 9.9973E-05 9.9973E-05
0.0240734 0.0809754 9.9973E-05 0.200408 0.694243 9.9973E-05 9.9973E-05
0.12319 0.0737686 9.9991E-05 0.512653 0.240247 0.0431691 0.00687219
9.9955E-05 9.9955E-05 0.139222 9.9955E-05 0.860278 9.9955E-05 9.9955E-05
9.9955E-05 9.9955E-05 0.174935 9.9955E-05 0.824565 9.9955E-05 9.9955E-05
9.9964E-05 9.9964E-05 0.08244 0.226818 0.690342 9.9964E-05 9.9964E-05
0.0375686 0.0534043 9.9973E-05 0.447785 0.460943 9.9973E-05 9.9973E-05
0.147791 0.0309802 0.0474164 0.536442 0.176503 0.0607683 9.9991E-05
9.9982E-05 9.9982E-05 0.0334969 0.436736 0.496353 0.0322224 0.000991765
0.0625954 0.168288 9.9973E-05 0.129135 0.639681 9.9973E-05 9.9973E-05
0.031549 0.163722 9.9973E-05 0.276262 0.528167 9.9973E-05 9.9973E-05
0.0688002 0.0274007 0.031232 0.477659 0.273146 0.121662 9.9991E-05
0.0458381 0.0444271 9.9982E-05 0.302028 0.577357 0.0301503 9.9982E-05
0.0264748 0.0861603 9.9982E-05 0.433194 0.430334 9.9982E-05 0.0236363
0.0258363 9.9982E-05 0.0653972 0.463506 0.443746 9.9982E-05 0.00131428
9.9964E-05 9.9964E-05 0.332697 9.9964E-05 0.659914 9.9964E-05 0.00698958
0.0639496 9.9982E-05 0.0518279 0.586637 0.255883 0.0415025 9.9982E-05
0.828191 0.0726404 9.9973E-05 0.0774235 9.9973E-05 9.9973E-05 0.0214448
0.907042 9.9964E-05 9.9964E-05 0.0681607 9.9964E-05 9.9964E-05 0.0243974
0.808933 9.9964E-05 9.9964E-05 0.089436 9.9964E-05 9.9964E-05 0.101231
0.923628 9.9964E-05 9.9964E-05 0.0052361 9.9964E-05 0.0707364 9.9964E-05
0.921693 9.9973E-05 9.9973E-05 9.9973E-05 0.0097519 0.0362254 0.0320298
0.876187 9.9964E-05 9.9964E-05 0.077627 9.9964E-05 0.045786 9.9964E-05
0.925357 9.9955E-05 9.9955E-05 0.0741429 9.9955E-05 9.9955E-05 9.9955E-05
0.0744823 0.0836716 9.9991E-05 0.510179 0.248747 0.0612309 0.0215896
0.119034 0.0623944 0.0640908 0.468552 0.190441 0.0914303 0.00405842
0.0550365 0.221472 9.9964E-05 9.9964E-05 0.723091 9.9964E-05 9.9964E-05
0.119979 0.0545407 0.0737192 0.584087 0.117591 0.0393244 0.0107582
0.0437634 0.109312 9.9973E-05 0.366843 0.479781 9.9973E-05 9.9973E-05
0.066366 0.0667289 9.9982E-05 0.536369 0.326197 0.00413929 9.9982E-05
0.0608189 9.9982E-05 0.0972726 0.555165 0.268018 0.0185264 9.9982E-05
0.0304054 0.00396187 0.00299915 0.471322 0.413404 0.051862 0.0260454
0.038286 0.245466 9.9964E-05 9.9964E-05 0.715848 9.9964E-05 9.9964E-05
0.12772 0.0793668 0.00845269 0.527941 0.23569 0.0125139 0.00831567
0.0699327 0.0593625 0.0376542 0.662163 0.116258 0.00515383 0.0494761
0.077065 0.0710027 0.0562131 0.574349 0.171821 0.0239493 0.0256
0.010946 9.9991E-05 0.196526 0.240185 0.537471 0.0133692 0.00140317
9.9973E-05 9.9973E-05 0.0457703 0.487053 0.428353 0.0385244 9.9973E-05
0.0359276 0.14064 9.9982E-05 0.451247 0.370985 0.00100153 9.9982E-05
9.9973E-05 9.9973E-05 0.0899693 0.366638 0.520824 0.022269 9.9973E-05
0.0456395 0.115866 9.9973E-05 0.44248 0.395715 9.9973E-05 9.9973E-05
0.0837747 0.127848 9.9991E-05 0.481994 0.225543 0.0241607 0.0565797
9.9982E-05 0.423565 0.160039 0.226183 0.0545426 9.9982E-05 0.13547
0.0881266 0.353082 0.0503015 0.434778 0.0735116 9.9982E-05 9.9982E-05
0.115869 0.207395 0.031921 0.529999 0.0253503 0.0369941 0.0524715
0.112077 0.10281 0.0985294 0.563566 0.0553557 9.9991E-05 0.0675629
0.010928 0.423387 9.9982E-05 0.459961 0.0681942 9.9982E-05 0.0373303
0.0462161 0.261667 0.0225612 0.587938 0.00201615 0.0384593 0.0411416
0.0421466 0.424644 9.9973E-05 0.489581 9.9973E-05 9.9973E-05 0.043328
0.0786255 0.145356 0.0734782 0.522401 0.101644 0.0103556 0.0681397
0.031744 0.191378 0.0487348 0.608966 0.0303741 9.9991E-05 0.0887036
0.0798253 0.248363 0.0308358 0.640676 9.9973E-05 9.9973E-05 9.9973E-05
0.0346703 0.301139 0.0442592 0.580318 0.0394129 9.9982E-05 9.9982E-05
0.0449637 0.163509 0.0800088 0.577901 0.000251194 0.0291312 0.104235
0.0666596 0.139175 0.056342 0.657416 9.9982E-05 9.9982E-05 0.0802073
9.9991E-05 0.188578 0.0892233 0.577703 0.028907 0.0469392 0.0685496
0.103519 0.180764 0.062377 0.567426 0.0221368 0.034888 0.0288882
9.9991E-05 0.162198 0.0983831 0.593232 0.0267842 0.0041143 0.115188
0.00954769 0.284601 0.182206 0.256031 0.0379706 9.9991E-05 0.229543
0.0427471 0.172686 0.0104407 0.582579 0.0675364 9.9991E-05 0.12391
0.0427595 0.117584 0.0941406 0.671783 0.0264386 0.0185782 0.0287153
0.000419417 0.592879 0.0407543 0.201962 0.118691 0.0322684 0.0130259
9.9982E-05 0.328519 0.373125 0.16987 0.0462682 9.9982E-05 0.0820182
0.0317183 0.237734 0.075778 0.560228 0.0354022 0.0590393 9.9991E-05
9.9982E-05 0.32856 0.437896 0.10688 0.113407 0.0130568 9.9982E-05
9.9973E-05 0.536372 0.0244481 0.376549 0.062331 9.9973E-05 9.9973E-05
9.9982E-05 0.458982 0.00321147 0.453158 0.0814174 9.9982E-05 0.00303116
0.0177945 0.479938 9.9982E-05 0.325701 0.150308 9.9982E-05 0.0260586
9.9973E-05 0.511829 0.0782066 0.378571 0.0310937 9.9973E-05 9.9973E-05
0.0642668 0.23864 0.0394163 0.591659 0.0288403 9.9991E-05 0.037078
0.128617 0.176271 0.0391387 0.510594 0.0693099 9.9991E-05 0.0759687
0.041499 0.231097 9.9982E-05 0.602657 0.0801443 9.9982E-05 0.044403
9.9991E-05 0.400802 0.304329 0.21202 0.0773203 0.00416471 0.00126499
0.15544 0.143051 0.0701241 0.544084 0.0278503 0.0572864 0.00216381
0.0731718 0.0555671 0.294764 0.527731 0.0114937 9.9991E-05 0.0371716
0.117449 0.0506683 0.718712 9.9982E-05 0.104994 9.9982E-05 0.00797753
0.0771615 0.00729653 0.142322 0.709204 0.0226058 0.0413108 9.9991E-05
0.0696069 0.0991951 0.358997 0.297342 0.101366 0.0650022 0.00849034
0.14437 0.0196133 0.194089 0.528364 0.00623619 0.0182845 0.0890429
0.0648144 0.153506 0.495259 0.239988 9.9982E-05 9.9982E-05 0.046233
0.0558384 0.138189 0.638479 0.116406 0.0508873 9.9982E-05 9.9982E-05
0.0285236 0.110381 0.33522 0.416133 0.04908 9.9991E-05 0.0605629
0.0805635 0.0478298 0.169713 0.528326 0.076552 0.0248263 0.0721889
0.173154 0.144336 0.137958 0.499186 0.0166309 0.00822949 0.0205056
0.0402779 0.101993 0.492191 0.132014 0.154431 0.0789932 9.9991E-05
0.093594 0.128548 0.149238 0.50719 0.033054 0.0563603 0.0320158
9.9973E-05 0.12915 0.460063 0.381192 0.029295 9.9973E-05 9.9973E-05
9.9973E-05 0.0956367 0.366314 0.464049 0.0737013 9.9973E-05 9.9973E-05
0.089871 0.0717782 0.0970819 0.593195 0.0257699 0.0166817 0.105622
0.321413 9.9982E-05 0.197464 0.110214 9.9982E-05 0.068133 0.302576
0.400358 9.9964E-05 0.344239 9.9964E-05 9.9964E-05 9.9964E-05 0.255004
0.422569 9.9973E-05 0.425716 9.9973E-05 9.9973E-05 0.0851016 0.0663132
0.298194 0.0117842 0.220998 0.0442294 9.9991E-05 0.0812411 0.343453
0.0142898 0.0173782 0.265657 0.657439 0.0450365 9.9982E-05 9.9982E-05
0.0726858 0.0689923 0.0875626 0.570128 0.107505 0.0858183 0.00730738
9.9982E-05 0.0100394 9.9982E-05 0.33502 0.00491774 0.609516 0.0403064
0.00634833 0.0673638 0.0315564 0.375077 0.038203 0.457748 0.0237028
0.105409 0.0458945 0.0168699 0.39553 0.0437456 0.354782 0.0377693
9.9973E-05 0.0728755 0.578723 0.33814 9.9973E-05 0.00996154 9.9973E-05
0.0798416 0.0931093 0.224413 0.52687 0.0169772 0.0343739 0.024415
9.9973E-05 0.0819749 0.583515 0.313822 0.0203881 9.9973E-05 9.9973E-05
0.0461335 0.0314092 0.279732 0.597724 0.0113052 9.9991E-05 0.0335956
0.0370844 0.0580246 0.358985 0.520546 9.9982E-05 9.9982E-05 0.0251602
0.00771188 9.9973E-05 0.346185 0.617699 9.9973E-05 0.0281045 9.9973E-05
9.9973E-05 0.041756 0.684885 0.258113 0.0149467 9.9973E-05 9.9973E-05
0.0839841 9.9991E-05 0.155315 0.684774 0.0102076 0.0510797 0.01454
0.127247 0.0533099 0.182377 0.583014 0.0082041 9.9991E-05 0.0457471
0.0106833 9.99756E-05 9.99756E-05 0.020225 0.00878815 0.960004 9.99756E-05
9.9973E-05 9.9973E-05 0.00982532 0.0730298 0.00344036 0.913405 9.9973E-05
0.0717761 0.0738783 9.9991E-05 0.284338 0.0225985 0.525628 0.0216811
0.000301034 0.0447614 9.9973E-05 0.320502 9.9973E-05 0.634136 9.9973E-05
9.9973E-05 0.0461902 9.9973E-05 0.13793 9.9973E-05 0.789815 0.0257652
9.995E-05 9.995E-05 9.995E-05 9.995E-05 9.995E-05 0.9994 9.995E-05
9.9964E-05 0.04905 9.9964E-05 0.00125206 9.9964E-05 0.949298 9.9964E-05
9.9955E-05 9.9955E-05 9.9955E-05 0.178449 9.9955E-05 0.821051 9.9955E-05
9.9955E-05 0.0565624 9.9955E-05 9.9955E-05 9.9955E-05 0.942938 9.9955E-05
9.995E-05 9.995E-05 9.995E-05 9.995E-05 9.995E-05 0.9994 9.995E-05
9.995E-05 9.995E-05 9.995E-05 9.995E-05 9.995E-05 0.9994 9.995E-05
9.9982E-05 0.0146261 9.9982E-05 0.220409 0.00686939 0.702983 0.0549131
0.00135987 0.0694539 9.9982E-05 0.087574 9.9982E-05 0.748385 0.0930275
9.995E-05 9.995E-05 9.995E-05 9.995E-05 9.995E-05 0.9994 9.995E-05
0.060399 0.103516 0.0294556 0.362012 0.0114614 0.311059 0.122097
0.0663458 0.0314371 9.9982E-05 0.253224 9.9982E-05 0.583213 0.0655802
0.0153886 9.99904E-05 0.00201941 0.134598 9.99904E-05 0.742468 0.105326
0.00752751 9.9973E-05 9.9973E-05 0.0881616 9.9973E-05 0.866833 0.037178
9.9955E-05 9.9955E-05 9.9955E-05 9.9955E-05 9.9955E-05 0.958421 0.0410795
9.9964E-05 9.9964E-05 9.9964E-05 0.0136341 9.9964E-05 0.911554 0.0744126
0.00608186 9.9964E-05 9.9964E-05 9.9964E-05 9.9964E-05 0.979606 0.0139126
0.0488118 0.0561868 9.9982E-05 0.223691 9.9982E-05 0.663824 0.00728664
9.9973E-05 9.9973E-05 9.9973E-05 0.00229026 0.02277 0.932824 0.0418154
0.266264 9.9964E-05 0.596617 9.9964E-05 9.9964E-05 9.9964E-05 0.136719
0.196355 0.0519457 0.269654 0.350226 9.9991E-05 0.0522724 0.079446
0.164771 9.9973E-05 0.262608 0.439692 9.9973E-05 9.9973E-05 0.13263
0.163179 9.9973E-05 0.451976 0.209551 9.9973E-05 9.9973E-05 0.174994
0.119874 0.0834963 0.122044 0.37299 0.090557 0.128889 0.08215
0.214148 9.9982E-05 0.485189 0.117944 9.9982E-05 0.0580098 0.12451
0.127114 0.104204 0.174762 0.393822 0.01586 0.0496316 0.134607
0.174713 9.9982E-05 0.35126 0.339571 9.9982E-05 0.0526163 0.0816391
0.136709 9.9973E-05 0.227813 0.424308 9.9973E-05 9.9973E-05 0.210871
0.157097 9.9991E-05 0.250002 0.38476 0.0208349 0.0338907 0.153316
0.173221 0.0557951 0.161125 0.365246 0.0483488 0.0876152 0.108648
0.894294 9.9973E-05 0.0277482 0.0706282 9.9973E-05 0.00702987 9.9973E-05
0.87003 9.9982E-05 0.0212769 9.9982E-05 0.0188093 0.0671493 0.0225348
0.956105 0.0143741 9.9964E-05 0.0291209 9.9964E-05 9.9964E-05 9.9964E-05
0.965343 9.9955E-05 9.9955E-05 9.9955E-05 0.0341571 9.9955E-05 9.9955E-05
0.921048 9.9964E-05 9.9964E-05 0.07237 9.9964E-05 9.9964E-05 0.0061822
0.927308 9.9955E-05 9.9955E-05 9.9955E-05 9.9955E-05 9.9955E-05 0.0721925
0.879266 0.0287084 9.9973E-05 0.0436308 9.9973E-05 0.0480948 9.9973E-05
0.935564 0.0378508 9.9964E-05 9.9964E-05 9.9964E-05 9.9964E-05 0.0261856
0.88192 0.0133334 0.00511435 0.0341264 0.0201944 0.0277817 0.0175293
0.860756 0.0367554 0.0199636 0.00320499 9.9982E-05 9.9982E-05 0.0791202
0.588011 0.286755 0.0683601 9.9982E-05 0.0563121 0.000361506 9.9982E-05
0.603365 0.341286 0.0484858 9.9973E-05 0.00656305 9.9973E-05 9.9973E-05
0.545599 0.33117 0.0750998 9.9973E-05 0.0478319 9.9973E-05 9.9973E-05
0.446012 0.408369 0.118062 9.9973E-05 0.0272569 9.9973E-05 9.9973E-05
0.0860296 0.136792 9.9982E-05 0.450087 0.305346 0.0215451 9.9982E-05
0.0267225 0.155878 0.00337448 0.454393 0.304463 0.0550681 9.9991E-05
0.00420565 0.207933 9.9991E-05 0.512369 0.200251 0.0432846 0.031857
0.0292651 0.314647 9.9973E-05 0.3836 0.272188 9.9973E-05 9.9973E-05
9.9982E-05 0.573933 0.0779709 0.22418 0.113832 0.00988475 9.9982E-05
0.0599815 0.0816869 0.0163163 0.644464 0.179309 0.0181427 9.9991E-05
9.9973E-05 0.136102 9.9973E-05 0.579254 0.259207 0.0251371 9.9973E-05
0.0221516 0.0744299 0.0905218 0.522278 0.276703 9.9991E-05 0.0138163
9.9973E-05 9.9973E-05 0.0525931 0.37385 0.562517 9.9973E-05 0.0107401
0.0224042 0.118299 0.0559469 0.587716 0.120252 0.0297266 0.065655
0.021785 0.103538 9.9973E-05 0.412427 0.46195 9.9973E-05 9.9973E-05
9.9964E-05 0.00271395 0.219052 9.9964E-05 0.777834 9.9964E-05 9.9964E-05
0.0730865 0.130199 0.00490561 0.560091 0.144401 9.9991E-05 0.0872166
9.9964E-05 9.9964E-05 0.204295 0.164199 0.631106 9.9964E-05 9.9964E-05
0.0427962 9.9991E-05 0.0957024 0.521806 0.328167 0.00473312 0.00669497
9.9973E-05 0.214748 9.9973E-05 0.118295 0.655168 9.9973E-05 0.0114892
0.140584 0.777242 0.0817732 9.9964E-05 9.9964E-05 9.9964E-05 9.9964E-05
0.118488 0.721082 0.0950586 0.0650709 9.9973E-05 9.9973E-05 9.9973E-05
0.110663 0.743721 0.0990715 0.0406025 0.00574223 9.9982E-05 9.9982E-05
0.114314 0.795008 0.0902777 9.9964E-05 9.9964E-05 9.9964E-05 9.9964E-05
0.0537411 0.780411 0.0851134 0.0804346 9.9973E-05 9.9973E-05 9.9973E-05
0.0876564 0.717811 0.0811098 0.107404 9.9982E-05 0.00581848 9.9982E-05
0.856864 0.00583517 9.9973E-05 9.9973E-05 0.0707941 0.0662069 9.9973E-05
0.803367 0.00404904 9.9991E-05 0.0861943 0.0398452 0.0323143 0.0341298
0.767328 9.9991E-05 0.00504206 0.123832 0.0368385 0.056245 0.0106148
0.835307 0.0150081 9.9973E-05 9.9973E-05 0.0653891 0.0839962 9.9973E-05
0.776486 0.0188301 9.9982E-05 0.110554 0.0245731 0.0693575 9.9982E-05
0.400032 0.530835 0.0598679 9.9973E-05 0.00896507 9.9973E-05 9.9973E-05
0.422332 0.509224 0.0529144 9.9973E-05 9.9973E-05 9.9973E-05 0.0152294
0.398402 0.52246 0.000278059 9.9973E-05 9.9973E-05 9.9973E-05 0.0785596
0.843817 0.00535114 9.9973E-05 0.124166 9.9973E-05 0.0263657 9.9973E-05
0.39325 0.517177 0.0708782 9.9973E-05 0.0183948 9.9973E-05 9.9973E-05
0.19112 9.9982E-05 0.112283 0.230503 9.9982E-05 0.0819492 0.383945
0.0781762 0.0500358 0.00955559 0.494104 0.012801 0.116248 0.23908
0.150163 9.9973E-05 9.9973E-05 0.491867 9.9973E-05 0.132175 0.225495
0.22397 0.00753055 0.0953257 0.299071 9.9991E-05 0.0688028 0.3052
0.155894 0.0365133 0.0217753 0.512082 0.0718435 0.031603 0.170289
0.344252 9.9973E-05 0.17728 9.9973E-05 9.9973E-05 0.0534848 0.424683
9.9973E-05 0.394773 0.0769906 0.480656 0.0472807 9.9973E-05 9.9973E-05
9.9982E-05 0.204784 0.235651 0.442236 0.0751014 9.9982E-05 0.0420263
0.0157355 0.544729 0.0621044 0.299518 0.0777131 9.9982E-05 9.9982E-05
9.9982E-05 0.144026 0.237816 0.545847 0.0478736 0.0242382 9.9982E-05
9.9964E-05 0.325523 0.612572 9.9964E-05 0.0615045 9.9964E-05 9.9964E-05
0.0611953 0.135864 0.0956417 0.585304 0.0302719 0.0404577 0.0512654
0.0296917 0.160848 0.130153 0.585803 0.048359 9.9991E-05 0.0450448
0.0428473 0.44696 0.0831779 0.381248 0.0455675 9.9982E-05 9.9982E-05
0.0889996 0.188757 0.0469937 0.527475 0.0870308 0.011827 0.0489169
9.9973E-05 0.301891 0.359776 0.169284 0.168749 9.9973E-05 9.9973E-05
0.050596 0.145422 0.166008 0.599674 0.0380996 9.9982E-05 9.9982E-05
0.0426932 0.316608 0.00111304 0.544078 0.0804073 9.9991E-05 0.0150007
0.0491947 0.100236 0.116515 0.392653 0.0870587 0.0454852 0.208857
9.9982E-05 0.246749 0.245861 0.362054 0.116543 9.9982E-05 0.0285928
9.9991E-05 0.213421 0.232927 0.406471 0.102286 0.00807521 0.0367196
9.9991E-05 0.194955 0.140461 0.566887 0.047864 0.0124296 0.0373035
9.9973E-05 0.176122 0.171469 0.605522 0.0465875 9.9973E-05 9.9973E-05
0.0337803 0.0865039 0.135334 0.626259 0.0213825 0.067388 0.0293519
0.0743333 0.235078 0.0267169 0.477767 0.0558421 0.0523992 0.0778628
0.0754538 0.184071 0.0324261 0.494445 0.100094 0.00878967 0.10472
0.844568 9.9964E-05 9.9964E-05 0.11406 9.9964E-05 0.0409717 9.9964E-05
0.879087 9.9955E-05 9.9955E-05 0.120413 9.9955E-05 9.9955E-05 9.9955E-05
0.89268 0.00231623 0.0269672 0.0777368 9.9973E-05 9.9973E-05 9.9973E-05
0.882143 9.9982E-05 9.9982E-05 0.00814381 0.032121 0.0483167 0.0290757
0.90277 9.9955E-05 9.9955E-05 0.0967301 9.9955E-05 9.9955E-05 9.9955E-05
0.0123196 0.647772 0.049148 0.125924 0.0932409 0.0024985 0.0690971
0.000440018 0.206479 0.129977 0.488785 0.0711586 0.0133593 0.089801
0.178342 0.00335163 0.137104 0.40658 0.00195724 0.120727 0.151938
0.0404583 0.209431 9.9991E-05 0.603266 0.0596095 0.0701251 0.0170106
0.0076426 0.343103 9.9991E-05 0.45762 0.116332 0.0498703 0.0253319
9.9982E-05 0.341902 0.282587 0.25839 0.0787099 9.9982E-05 0.038211
0.0547434 0.739489 0.0811533 9.9982E-05 0.107435 0.0169789 9.9982E-05
0.058425 0.381051 9.9982E-05 0.446051 0.0787415 9.9982E-05 0.0355312
0.025114 0.623328 0.0533231 0.209288 0.00471434 0.0841319 9.9991E-05
0.0274938 0.186735 0.156679 0.500006 0.0725029 9.9991E-05 0.0564832
0.0649246 0.631057 0.0993388 0.174986 0.0106595 9.9991E-05 0.018935
0.04543 0.265035 9.9991E-05 0.523795 0.0289592 0.0941609 0.0425197
0.0431973 0.611418 0.0693351 0.138055 0.101137 0.0367573 9.9991E-05
9.9991E-05 0.304099 0.206389 0.21656 0.106282 0.0614257 0.105145
0.088626 0.0739439 0.213812 0.5608 0.0232578 9.9991E-05 0.0394597
9.9973E-05 0.0875064 0.555032 0.356062 0.00109998 9.9973E-05 9.9973E-05
0.075792 0.0096754 0.328745 0.583538 9.9982E-05 0.00204902 9.9982E-05
0.0366164 0.107245 0.179948 0.540603 0.00479295 9.9991E-05 0.130695
0.011218 0.0348936 0.5941 0.316228 0.0433601 9.9982E-05 9.9982E-05
0.0997576 0.0491149 0.168082 0.55436 0.0829257 0.0334636 0.0122962
0.0411441 0.0389548 0.3404 0.579201 9.9973E-05 9.9973E-05 9.9973E-05
9.9973E-05 0.0446599 0.686417 0.20929 0.0593342 9.9973E-05 9.9973E-05
9.9964E-05 0.0379882 0.689707 0.271905 9.9964E-05 9.9964E-05 9.9964E-05
0.0174273 0.0961739 0.36885 0.510924 0.00642436 9.9982E-05 9.9982E-05
9.9973E-05 0.06047 0.689344 0.123544 0.126342 9.9973E-05 9.9973E-05
9.9973E-05 0.142666 0.357963 0.489999 0.00907222 9.9973E-05 9.9973E-05
9.9973E-05 0.6827 9.9973E-05 0.147202 0.145608 0.0241899 9.9973E-05
9.9991E-05 0.346185 0.225475 0.192504 0.130679 0.0582491 0.0468073
0.0457368 0.397995 9.9991E-05 0.394265 0.0781354 0.0646117 0.0191556
0.0365682 0.253863 0.00523404 0.55441 0.0683264 0.00934192 0.0722561
9.9973E-05 0.573441 9.9973E-05 0.215051 0.158278 9.9973E-05 0.05293
0.0242564 0.206099 0.0879142 0.479037 0.0733879 0.0350184 0.0942867
0.0819517 0.230569 0.0463247 0.590162 0.0424086 0.00848391 9.9991E-05
9.9991E-05 0.261686 0.0716131 0.506169 0.0936359 0.0207924 0.0460034
9.9991E-05 0.323562 0.012974 0.47112 0.0947779 0.0389604 0.0585051
9.9991E-05 0.428508 0.0124926 0.488101 0.0384141 0.0322015 0.000182875
9.9982E-05 0.500069 9.9982E-05 0.280462 0.173541 0.0123467 0.0333821
9.9982E-05 0.471852 0.00550723 0.382466 0.0956562 0.0443187 9.9982E-05
9.9991E-05 0.21994 0.060583 0.572999 0.0595503 0.0122983 0.0745294
0.00827016 0.124091 0.0587974 0.562144 0.0779823 0.0451991 0.123516
9.9991E-05 0.302287 0.11671 0.239002 0.129661 0.0280283 0.184212
9.9991E-05 0.250511 0.0629431 0.456225 0.109409 0.0726777 0.048135
9.9982E-05 0.475737 9.9982E-05 0.367189 0.0887687 0.0469102 0.0211954
0.0139509 0.309568 9.9991E-05 0.558759 0.0200409 0.00638915 0.0911923
0.0162478 0.351404 0.0388646 0.513302 0.0166819 0.0634004 9.9991E-05
0.0676972 0.207497 0.0576502 0.593861 0.00728828 0.04481 0.0211967
0.267627 0.0617766 9.9991E-05 0.41301 0.0261514 0.0524553 0.17888
0.110407 0.0162253 0.106472 0.506975 0.0064669 0.00542531 0.248029
0.1552 0.0939238 0.0986004 0.470853 9.9991E-05 0.0180666 0.163256
0.0932148 9.9991E-05 0.155816 0.487145 0.0319691 0.0365023 0.195253
0.109511 9.9982E-05 0.10403 0.441059 9.9982E-05 0.0212745 0.323926
9.9973E-05 0.169176 0.276185 0.503027 0.0513127 9.9973E-05 9.9973E-05
0.137392 9.9991E-05 0.123736 0.513082 0.0386973 0.025644 0.161348
0.175269 0.0610096 0.358501 0.0197407 0.0740011 0.065479 0.246
0.0750607 0.0735852 0.0441214 0.558349 0.00201254 0.000284622 0.246587
0.125769 0.0378384 0.071856 0.525861 0.0399061 0.110614 0.0881553
0.124042 0.032949 0.0972553 0.519622 0.0142467 0.0645754 0.14731
0.166631 0.0592621 0.22502 0.311077 0.0536704 9.9991E-05 0.18424
0.180925 0.0736567 0.0141569 0.517211 9.9991E-05 0.0389077 0.175043
0.116287 0.0466037 0.0819065 0.502113 9.9991E-05 0.0275304 0.225459
0.422847 9.9964E-05 0.326324 9.9964E-05 9.9964E-05 9.9964E-05 0.250429
0.16322 0.0611066 0.0741178 0.484383 0.0092034 0.115975 0.0919938
0.143352 9.9982E-05 0.0345833 0.544969 9.9982E-05 0.0445496 0.232346
0.0807247 0.0365655 0.12729 0.595102 0.0438194 0.0750606 0.0414377
0.156687 9.9982E-05 0.0507297 0.478362 9.9982E-05 0.101763 0.212258
0.230033 0.000707963 0.0266632 0.514111 0.086109 0.024744 0.117632
0.0328559 9.9983E-05 0.341286 0.50372 0.103631 0.0183073 9.9983E-05
0.0640985 0.0850543 0.18432 0.53503 0.0867472 0.0446499 9.9991E-05
9.9973E-05 0.0905194 0.751353 0.0473425 0.110485 9.9973E-05 9.9973E-05
9.9973E-05 0.0441012 0.791038 0.130038 0.0345221 9.9973E-05 9.9973E-05
0.0658989 0.0483992 0.25345 0.498943 0.0602122 0.031796 0.0413007
0.0846555 0.00208441 0.155576 0.295119 9.9991E-05 0.142565 0.3199
0.0494404 9.9982E-05 0.175816 0.318683 9.9982E-05 0.0773731 0.378487
0.105501 9.9991E-05 0.262747 0.157179 0.0037229 0.126486 0.344264
0.064034 9.9982E-05 0.190796 0.303887 9.9982E-05 0.0945126 0.34657
0.0253669 9.9973E-05 0.69999 0.158365 9.9973E-05 9.9973E-05 0.115978
0.0245205 0.0309242 0.5776 0.206817 0.00814422 9.9991E-05 0.151894
9.9991E-05 0.0247845 0.248029 0.615038 0.0297624 0.0128895 0.0693969
0.0480713 9.9982E-05 0.368563 0.483483 9.9982E-05 0.0815222 0.0181605
0.00641889 0.0150445 0.537043 0.305952 0.0556693 0.0185373 0.0613347
0.039496 0.104413 0.213666 0.58277 9.9991E-05 0.0569579 0.00259714
0.00328188 0.00888177 0.269265 0.616379 9.9991E-05 0.0272272 0.0748649
0.0482704 0.0571459 0.239466 0.499434 0.0597626 0.0627021 0.0332186
9.9973E-05 0.0251269 0.45214 0.43012 0.0923133 9.9973E-05 9.9973E-05
0.0102064 0.0707583 0.401041 0.477295 0.0404987 9.9982E-05 9.9982E-05
0.0574378 0.076386 0.223839 0.560281 0.0802843 0.00167115 9.9991E-05
0.0213642 0.12921 0.317976 0.484388 9.9982E-05 0.046862 9.9982E-05
0.0885121 0.0672668 0.2084 0.534722 0.0293074 0.0716917 9.9991E-05
9.9964E-05 9.9964E-05 0.394892 0.509763 0.0949449 9.9964E-05 9.9964E-05
9.9973E-05 0.0334661 0.615637 0.30306 0.047537 9.9973E-05 9.9973E-05
0.0148911 9.9973E-05 0.266621 0.688733 0.0294543 9.9973E-05 9.9973E-05
9.9973E-05 0.0687735 0.563262 0.295137 0.0725285 9.9973E-05 9.9973E-05
0.0174762 0.000730996 0.387069 0.57471 0.0198143 9.9982E-05 9.9982E-05
0.0611562 0.0785798 0.217599 0.558269 0.0721883 9.9991E-05 0.0121083
0.039909 0.0632768 0.239225 0.581053 0.0523396 0.0240969 9.9991E-05
0.158715 0.0267813 0.0751393 0.45905 0.0366602 0.0572405 0.186414
0.0835153 0.073349 0.124599 0.45296 0.0632269 0.0873658 0.114985
0.13561 9.9982E-05 0.144283 0.304067 9.9982E-05 0.0785128 0.337327
0.149254 0.0408498 0.145655 0.297873 0.0129435 0.108682 0.244743
0.130923 0.0380406 0.100577 0.49362 0.00524195 0.0752917 0.156306
0.122459 0.0272666 0.196901 0.451101 0.00232832 0.0783158 0.121629
0.107279 9.9991E-05 0.626368 0.0250116 0.0234568 0.0435484 0.174237
0.0675521 9.9991E-05 0.101574 0.508799 0.0141992 0.107026 0.20075
0.277526 9.9964E-05 0.536236 9.9964E-05 9.9964E-05 9.9964E-05 0.185838
0.0445483 9.9982E-05 0.193608 0.533288 9.9982E-05 0.0748771 0.153479
9.9964E-05 9.9964E-05 0.64706 0.245715 0.106825 9.9964E-05 9.9964E-05
9.9973E-05 0.00542815 0.722623 0.0890109 0.182638 9.9973E-05 9.9973E-05
9.9973E-05 0.0309871 0.37181 0.534802 0.0621005 9.9973E-05 9.9973E-05
0.00716337 9.9982E-05 0.289522 0.679971 0.00258487 0.020559 9.9982E-05
9.9964E-05 9.9964E-05 0.439042 0.526215 0.0343435 9.9964E-05 9.9964E-05
9.9973E-05 9.9973E-05 0.300129 0.645272 0.047878 0.00642118 9.9973E-05
9.9964E-05 9.9964E-05 0.355952 0.6358 0.00784786 9.9964E-05 9.9964E-05
0.853528 0.076667 9.9991E-05 0.0168809 0.0107276 0.0275658 0.0145309
0.731198 0.0736036 0.0335513 0.0167487 0.0142781 0.0178348 0.112785
0.933527 0.0321146 9.9964E-05 9.9964E-05 9.9964E-05 0.0339584 9.9964E-05
0.914647 9.9973E-05 0.0272777 0.027724 9.9973E-05 9.9973E-05 0.0300519
0.0597896 9.9991E-05 0.00580956 0.468566 0.408349 0.0284106 0.0289751
0.0775098 0.0971592 0.0334039 0.526984 0.253146 9.9991E-05 0.0116971
9.9973E-05 0.0366284 9.9973E-05 0.509367 0.445041 0.00866413 9.9973E-05
0.0866976 0.0496114 9.9982E-05 0.596748 0.236403 9.9982E-05 0.0303399
0.0925325 0.107988 0.0760573 0.562317 0.105229 0.0557763 9.9991E-05
0.035058 0.151718 9.9973E-05 0.283718 0.529206 9.9973E-05 9.9973E-05
0.0119446 9.9964E-05 9.9964E-05 0.605117 0.382538 9.9964E-05 9.9964E-05
9.9982E-05 9.9982E-05 0.178609 0.285161 0.522225 0.0132385 0.000565784
0.264673 0.0813083 0.00864001 0.358414 0.0274071 0.0738939 0.185663
9.9973E-05 9.9973E-05 0.143304 0.454769 0.361482 9.9973E-05 0.0401457
0.013704 0.0969115 9.9973E-05 0.341562 0.547523 9.9973E-05 9.9973E-05
9.9973E-05 9.9973E-05 0.0922268 0.496103 0.380813 0.0305577 9.9973E-05
0.0127322 0.131433 9.9982E-05 0.357195 0.443742 0.054698 9.9982E-05
9.9973E-05 9.9973E-05 0.0606973 0.539272 0.374272 0.0254593 9.9973E-05
0.104119 0.0281057 9.9982E-05 0.48779 0.367873 0.0119117 9.9982E-05
9.9955E-05 9.9955E-05 0.149889 9.9955E-05 0.849611 9.9955E-05 9.9955E-05
9.9973E-05 9.9973E-05 0.131873 0.273999 0.547102 0.0467257 9.9973E-05
9.9973E-05 9.9973E-05 0.0807102 0.388866 0.52669 0.00343317 9.9973E-05
9.9955E-05 9.9955E-05 0.243161 9.9955E-05 0.756339 9.9955E-05 9.9955E-05
0.0835924 0.118217 9.9973E-05 0.380334 0.417557 9.9973E-05 9.9973E-05
9.9964E-05 9.9964E-05 0.30645 0.0623579 0.630793 9.9964E-05 9.9964E-05
9.9955E-05 9.9955E-05 0.243758 9.9955E-05 0.755742 9.9955E-05 9.9955E-05
0.0427165 9.9982E-05 0.0584555 0.55341 0.295687 0.0495306 9.9982E-05
0.0479635 0.158737 9.9982E-05 0.149585 0.634024 0.00949082 9.9982E-05
0.0298925 0.067668 9.9982E-05 0.427092 0.445669 9.9982E-05 0.0294792
0.065033 0.0738569 0.0283127 0.54301 0.181697 0.0220905 0.0859992
0.0376333 0.071344 9.9973E-05 0.526439 0.364284 9.9973E-05 9.9973E-05
9.9982E-05 0.289004 0.234716 0.367275 0.0562063 9.9982E-05 0.0525982
0.0459473 0.0720102 9.9991E-05 0.530185 0.305827 0.0216892 0.0242414
0.0130139 0.130258 9.9973E-05 0.527367 0.329061 9.9973E-05 9.9973E-05
9.9973E-05 9.9973E-05 0.141012 0.330357 0.513462 0.0148692 9.9973E-05
0.110947 0.082559 0.0600979 0.457473 0.23727 0.0515531 9.9991E-05
0.658402 0.265146 0.0695442 9.9973E-05 9.9973E-05 0.00660785 9.9973E-05
0.774572 0.146319 0.0323049 9.9982E-05 0.0391632 9.9982E-05 0.00744064
0.842925 0.136999 0.0196764 9.9964E-05 9.9964E-05 9.9964E-05 9.9964E-05
0.827224 0.138028 0.0343482 9.9964E-05 9.9964E-05 9.9964E-05 9.9964E-05
0.733066 0.174799 0.0338548 0.0365252 0.0215548 9.9982E-05 9.9982E-05
0.0567734 0.142906 9.9982E-05 0.140828 0.649783 9.9982E-05 0.00950902
0.0569267 0.148411 9.9973E-05 0.140688 0.653674 9.9973E-05 9.9973E-05
9.9973E-05 9.9973E-05 0.0711685 0.131861 0.754056 9.9973E-05 0.0426149
0.107884 0.0493643 0.0806808 0.569158 0.130487 0.0526485 0.009778
0.105262 0.074406 0.0239587 0.482175 0.194363 0.00397644 0.115859
0.0333156 9.9982E-05 0.0790164 0.251779 0.621243 0.014446 9.9982E-05
0.0556947 9.9991E-05 0.0388309 0.551372 0.268092 0.0741626 0.0117476
0.0298907 9.9991E-05 0.061657 0.363196 0.474677 0.0580445 0.012435
0.060793 0.0934563 9.9973E-05 0.507084 0.338367 9.9973E-05 9.9973E-05
0.0548897 0.0305772 9.9991E-05 0.576667 0.272306 0.0109357 0.0545247
9.9973E-05 0.142627 9.9973E-05 0.210652 0.642307 0.00411429 9.9973E-05
0.00657845 0.108038 9.9973E-05 0.285419 0.599665 9.9973E-05 9.9973E-05
0.0575896 0.0721237 9.9973E-05 0.3352 0.534787 9.9973E-05 9.9973E-05
0.116466 0.0532391 0.158771 0.652348 9.9982E-05 9.9982E-05 0.0189763
0.0311329 0.0714808 9.9973E-05 0.366067 0.53102 9.9973E-05 9.9973E-05
0.0647396 0.0897291 9.9982E-05 0.404383 0.421664 0.0192849 9.9982E-05
9.9973E-05 0.0736403 9.9973E-05 0.371764 9.9973E-05 0.0675439 0.486752
0.0147793 0.00356951 9.9991E-05 0.257264 0.0168023 0.0978258 0.609659
9.9973E-05 0.000268312 9.9973E-05 0.373373 9.9973E-05 0.0465408 0.579518
9.9973E-05 0.00496261 9.9973E-05 0.148054 9.9973E-05 0.0227889 0.823895
0.0298543 0.0584662 9.9982E-05 0.429602 9.9982E-05 0.0138312 0.468046
0.0826806 9.9982E-05 0.208976 0.53282 0.172934 9.9982E-05 0.00238901
0.0321659 9.9955E-05 9.9955E-05 9.9955E-05 9.9955E-05 9.9955E-05 0.967334
9.9955E-05 9.9955E-05 9.9955E-05 0.159496 9.9955E-05 9.9955E-05 0.840005
0.126792 9.9991E-05 0.234421 0.324387 0.0390448 0.048703 0.226551
0.148376 0.0723637 0.199894 0.562449 0.0167179 9.9982E-05 9.9982E-05
0.150266 0.0542921 0.247891 0.518441 9.9991E-05 0.00816087 0.0208481
0.15816 9.9982E-05 0.169252 0.590114 0.0443465 9.9982E-05 0.0379275
0.118786 0.0579713 0.130122 0.688947 9.9982E-05 0.00397405 9.9982E-05
0.0128814 9.9973E-05 9.9973E-05 0.219912 9.9973E-05 0.0375563 0.72935
0.00553052 0.0210257 9.9973E-05 0.328683 9.9973E-05 9.9973E-05 0.644461
9.9964E-05 9.9964E-05 9.9964E-05 0.296933 9.9964E-05 0.0910476 0.61162
0.136494 0.0386913 0.0239739 0.378666 0.0218908 0.124973 0.275311
9.9982E-05 0.0381803 9.9982E-05 0.117584 0.0103115 0.0345038 0.799221
0.0493989 0.0466161 9.9982E-05 0.365472 9.9982E-05 0.0602953 0.478018
9.9973E-05 9.9973E-05 9.9973E-05 0.128593 0.022091 0.0228207 0.826195
0.0239243 0.0926743 0.0438784 0.320821 9.9991E-05 0.102731 0.415871
0.129721 0.00365594 0.27023 0.495524 0.0348691 9.9991E-05 0.065899
9.9982E-05 0.0344113 9.9982E-05 0.311512 0.0453679 0.0175001 0.591008
9.995E-05 9.995E-05 9.995E-05 9.995E-05 9.995E-05 9.995E-05 0.9994
0.0398719 0.0223049 0.000638026 0.320082 0.0709009 0.0452909 0.500911
0.193991 0.138222 0.310912 0.323493 0.033182 9.9982E-05 9.9982E-05
0.0367008 9.9973E-05 0.275545 0.661035 9.9973E-05 0.0264188 9.9973E-05
0.0332568 0.0314301 0.0166893 0.31201 0.0135394 0.0648636 0.528211
0.14319 0.0750294 0.218635 0.562846 9.9973E-05 9.9973E-05 9.9973E-05
0.166964 0.0704354 0.20978 0.552521 9.9973E-05 9.9973E-05 9.9973E-05
0.136167 0.0212908 0.111447 0.284026 0.0529484 9.9991E-05 0.394021
0.119898 0.00875555 0.116754 0.317777 9.9991E-05 0.0310108 0.405705
0.136617 0.0418992 0.109881 0.563817 0.0199855 0.105072 0.0227289
0.088526 0.0073814 9.9991E-05 0.365044 0.047227 0.0536738 0.438048
9.9964E-05 9.9964E-05 9.9964E-05 0.336382 9.9964E-05 0.0303446 0.632873
9.9955E-05 9.9955E-05 9.9955E-05 9.9955E-05 9.9955E-05 0.0310129 0.968487
0.124747 0.0212194 0.137453 0.674265 9.9991E-05 0.0419883 0.000226092
0.174915 0.0343984 0.267548 0.501517 0.0214221 9.9982E-05 9.9982E-05
0.104588 9.9973E-05 0.689238 0.195594 9.9973E-05 0.0102803 9.9973E-05
0.185611 0.0383507 0.0708816 0.614913 0.0326692 9.9991E-05 0.0574752
0.0731891 0.167099 0.291193 0.40939 9.9982E-05 0.0589286 9.9982E-05
0.158629 0.0274534 0.0974672 0.470644 0.0193639 0.0886625 0.13778
0.125071 0.0618057 0.125744 0.498302 0.0290318 9.9991E-05 0.159946
0.274975 9.9964E-05 0.463002 9.9964E-05 9.9964E-05 9.9964E-05 0.261623
0.22627 9.9964E-05 0.549311 9.9964E-05 9.9964E-05 9.9964E-05 0.224019
0.142714 0.0165025 0.344445 0.286507 0.0336281 9.9991E-05 0.176103
0.246176 9.9973E-05 0.360237 0.0130214 9.9973E-05 9.9973E-05 0.380265
0.386254 9.9964E-05 0.26417 9.9964E-05 9.9964E-05 9.9964E-05 0.349177
0.153185 9.9982E-05 0.31117 0.319375 0.0123242 9.9982E-05 0.203746
0.16378 0.0213582 0.19786 0.288512 0.0264205 9.9991E-05 0.30197
0.222418 9.9982E-05 0.325614 0.0999583 0.00461554 9.9982E-05 0.347194
0.207786 9.9973E-05 0.439533 0.0519396 9.9973E-05 9.9973E-05 0.300441
0.107141 9.9982E-05 0.124281 0.412459 0.0775929 9.9982E-05 0.278326
0.17527 9.9973E-05 0.394115 0.157566 9.9973E-05 9.9973E-05 0.272749
0.281136 9.9964E-05 0.487646 9.9964E-05 9.9964E-05 9.9964E-05 0.230818
0.137287 0.0886242 0.0550037 0.495686 0.0597748 0.032887 0.130737
0.111115 0.0193574 0.220819 0.271145 9.9982E-05 9.9982E-05 0.377363
0.257825 0.032728 9.9991E-05 0.369639 0.0383756 0.0259608 0.275371
0.142005 9.9982E-05 9.9982E-05 0.552617 0.00101558 0.128395 0.175767
0.143056 9.9991E-05 0.0495245 0.52154 0.011845 0.0969286 0.177006
0.146493 9.9991E-05 0.0318466 0.45473 0.0222196 0.128888 0.215722
0.322159 0.0687715 9.9991E-05 0.287096 0.00164802 0.0272113 0.293014
0.21484 0.0166729 0.00956972 0.516145 0.00341395 0.0914157 0.147942
0.22978 0.00705168 9.9991E-05 0.432808 0.00749259 0.0513427 0.271426
0.174843 0.014798 0.133188 0.268208 0.013967 0.0719975 0.322999
0.179292 0.139758 0.0251044 0.26785 0.200293 0.063737 0.123966
0.200101 0.0510785 0.0405405 0.502406 0.0238339 0.0567063 0.125334
0.138839 0.0466563 0.0489345 0.535892 0.0515821 0.0848185 0.0932768
0.0772568 0.0678738 0.0731001 0.542195 0.0431544 0.0443311 0.152089
0.232194 0.00273917 0.0191808 0.38302 9.9991E-05 0.0794843 0.283281
0.183318 9.9991E-05 0.0494443 0.477393 0.0234886 0.0635813 0.202675
0.276231 9.9973E-05 0.223653 9.9973E-05 9.9973E-05 0.0374365 0.46238
0.148605 0.0908154 0.0176529 0.521462 9.9991E-05 0.0275358 0.193829
0.184019 9.9982E-05 0.130403 0.125861 0.00968794 9.9982E-05 0.54983
0.779289 0.175584 0.00380377 9.9991E-05 0.0134685 0.00239367 0.0253615
0.0499824 0.787912 9.9964E-05 0.161706 9.9964E-05 9.9964E-05 9.9964E-05
9.995E-05 0.9994 9.995E-05 9.995E-05 9.995E-05 9.995E-05 9.995E-05
9.995E-05 0.9994 9.995E-05 9.995E-05 9.995E-05 9.995E-05 9.995E-05
9.9964E-05 0.962695 9.9964E-05 0.0251538 9.9964E-05 0.0117515 9.9964E-05
9.9955E-05 0.99102 9.9955E-05 9.9955E-05 9.9955E-05 0.00848022 9.9955E-05
9.9955E-05 0.944277 9.9955E-05 0.0552234 9.9955E-05 9.9955E-05 9.9955E-05
0.00928203 0.990218 9.9955E-05 9.9955E-05 9.9955E-05 9.9955E-05 9.9955E-05
0.123215 0.876285 9.9955E-05 9.9955E-05 9.9955E-05 9.9955E-05 9.9955E-05
0.883338 0.055898 9.9973E-05 9.9973E-05 0.0271181 9.9973E-05 0.033346
0.782564 0.124187 9.9973E-05 0.041381 9.9973E-05 9.9973E-05 0.0515682
0.862209 0.0301598 0.0132903 0.0273116 0.032336 0.0307727 0.00392065
0.855453 0.0778551 0.0189661 0.0206521 9.9982E-05 9.9982E-05 0.0268741
0.863575 0.0688416 9.9991E-05 0.0130988 0.00730528 0.0226839 0.0243957
0.90218 0.00545683 9.9982E-05 0.0359881 0.0210685 9.9982E-05 0.0351065
0.772162 9.9973E-05 0.00676057 0.13749 9.9973E-05 0.0832868 9.9973E-05
0.862038 9.9973E-05 9.9973E-05 0.0417623 0.00211045 9.9973E-05 0.093789
0.693136 0.0818474 0.0113401 0.103587 9.9991E-05 0.0197866 0.090203
0.897831 9.9964E-05 9.9964E-05 0.0243289 9.9964E-05 0.0774402 9.9964E-05
0.968374 9.9964E-05 0.0235486 9.9964E-05 9.9964E-05 0.00767715 9.9964E-05
0.860718 0.0120595 9.9991E-05 0.029657 0.028304 0.0234651 0.045696
0.945065 9.9955E-05 9.9955E-05 9.9955E-05 9.9955E-05 9.9955E-05 0.0544349
0.945805 9.9964E-05 9.9964E-05 0.0505799 9.9964E-05 0.00321475 9.9964E-05
0.887106 9.9964E-05 9.9964E-05 0.0703948 9.9964E-05 0.0420997 9.9964E-05
0.91695 9.9964E-05 9.9964E-05 0.0631317 9.9964E-05 0.0195183 9.9964E-05
0.852085 9.9964E-05 9.9964E-05 0.073603 9.9964E-05 0.0739125 9.9964E-05
0.834849 9.9964E-05 9.9964E-05 0.0993915 9.9964E-05 0.0653595 9.9964E-05
0.80757 9.9964E-05 9.9964E-05 0.0921343 9.9964E-05 0.0998954 9.9964E-05
0.132408 0.104339 0.285489 0.449271 0.0282935 9.9982E-05 9.9982E-05
0.101167 0.0464195 0.152621 0.699492 9.9973E-05 9.9973E-05 9.9973E-05
0.14332 0.0722505 0.122286 0.577505 0.0175143 9.9991E-05 0.0670239
0.0849801 9.9991E-05 0.707618 0.135387 0.0551144 0.00240042 0.0144003
0.135925 0.107526 0.199631 0.552755 9.9982E-05 0.00396417 9.9982E-05
0.109268 9.9973E-05 0.745413 0.134666 9.9973E-05 0.010353 9.9973E-05
0.105485 9.9982E-05 0.180579 0.643974 9.9982E-05 0.0115568 0.0582047
0.146396 0.0925813 0.208862 0.428212 0.123749 9.9982E-05 9.9982E-05
0.162649 0.041687 0.254148 0.541216 9.9973E-05 9.9973E-05 9.9973E-05
0.0519995 0.0439934 9.9982E-05 0.467318 0.412487 9.9982E-05 0.0240018
0.140661 0.102878 0.22321 0.485351 0.0476998 9.9982E-05 9.9982E-05
0.0958711 9.9982E-05 0.181777 0.684763 9.9982E-05 0.0201548 0.0172343
0.12118 0.0959639 0.231182 0.547595 0.0038788 9.9982E-05 9.9982E-05
9.9973E-05 0.423608 0.244164 9.9973E-05 0.186839 9.9973E-05 0.14509
0.0895714 0.00340954 0.843254 0.0634647 9.9973E-05 9.9973E-05 9.9973E-05
0.100773 9.9964E-05 0.686461 0.212366 9.9964E-05 9.9964E-05 9.9964E-05
0.148788 0.0111246 0.129293 0.649829 0.0451701 0.0156964 9.9991E-05
0.0645829 9.9973E-05 0.373684 0.497908 9.9973E-05 9.9973E-05 0.0635254
0.0989258 9.9973E-05 0.245889 0.642398 0.0124876 9.9973E-05 9.9973E-05
