0.0573752 0.0532073 9.9991E-05 0.889317
9.999E-05 0.0282533 0.0452773 0.926369
0.158295 0.038541 9.9991E-05 0.803064
0.147437 0.0893508 9.9991E-05 0.763112
0.107944 0.0380658 9.9991E-05 0.85389
0.107415 0.0446891 0.164226 0.683669
9.999E-05 0.0148546 0.0819342 0.903111
0.061869 0.0978118 0.0670602 0.773259
9.9982E-05 0.122618 9.9982E-05 0.877182
0.164906 0.0784093 0.03192 0.724765
0.0203832 0.089152 0.077172 0.813293
0.159524 0.435676 0.4047 9.9991E-05
0.378206 0.299783 0.321911 9.9991E-05
0.218339 0.526505 0.230503 0.0246535
0.329577 0.393381 0.254802 0.0222403
0.251498 0.165874 0.406984 0.175644
0.421485 0.245069 0.333346 9.9991E-05
0.288029 0.308212 0.351678 0.0520813
0.247677 0.365966 0.272833 0.113525
0.00493148 0.738688 0.216015 0.0403651
0.288739 0.352199 0.357385 0.00167612
0.258969 0.201817 0.501276 0.0379376
0.320481 0.25819 0.421229 9.9991E-05
0.211454 0.375505 0.412941 9.9991E-05
0.37108 0.104328 0.524492 9.9991E-05
0.397217 0.213027 0.389656 9.9991E-05
0.21045 0.524803 0.264647 9.9991E-05
0.233853 0.41039 0.270596 0.08516
0.0924741 0.494271 0.347979 0.065276
0.197641 9.9982E-05 9.9982E-05 0.802159
0.193634 9.9982E-05 9.9982E-05 0.806166
0.180255 0.0103381 0.0343694 0.775037
0.131915 9.9991E-05 0.0900335 0.777952
0.277862 0.135611 0.55422 0.0323083
0.297339 0.121096 0.521326 0.060239
0.256921 9.9982E-05 0.742879 9.9982E-05
0.0678715 0.607245 0.253342 0.0715413
0.149992 9.9982E-05 0.849808 9.9982E-05
0.298059 0.145145 0.520065 0.036731
0.377207 9.9982E-05 0.622593 9.9982E-05
0.314131 0.0613076 0.53423 0.0903313
0.309096 0.095141 0.534245 0.0615177
9.9991E-05 0.20484 0.729449 0.0656116
0.353703 0.0534292 0.572067 0.020801
0.345541 9.9991E-05 0.600086 0.0542735
0.34855 0.136159 0.470143 0.0451485
0.110707 9.9982E-05 0.889093 9.9982E-05
0.37163 0.0222966 0.605974 9.9991E-05
0.287814 0.0624441 0.608448 0.041294
9.9991E-05 0.0704672 0.767263 0.162169
9.9982E-05 0.535198 0.464602 9.9982E-05
9.9991E-05 0.270709 0.629993 0.0991981
0.399697 0.17901 0.410867 0.0104251
0.377572 0.133237 0.467603 0.0215876
0.391732 0.0728884 0.519596 0.0157831
0.0527781 0.439296 0.404201 0.103725
0.376269 0.25019 0.373441 9.9991E-05
0.349388 0.171116 0.423926 0.0555698
0.172719 0.236873 0.477505 0.112903
0.0563166 0.388324 0.302633 0.252727
0.309196 0.217584 0.445935 0.0272863
0.258702 0.288049 0.450293 0.00295557
9.9991E-05 0.580262 0.34344 0.0761983
0.300727 0.293832 0.405341 9.9991E-05
0.370448 0.110305 0.519148 9.9991E-05
0.294058 0.0753417 0.507785 0.122815
0.19288 0.349085 0.400736 0.0572996
0.292735 0.208595 0.498569 9.9991E-05
0.35294 0.233869 0.413091 9.9991E-05
0.00876577 0.407217 0.502769 0.0812483
0.206703 0.0275582 0.765639 9.9991E-05
0.041128 0.215349 0.737863 0.00566014
0.349215 0.147275 0.46995 0.03356
9.9991E-05 0.00608254 0.916825 0.0769923
9.9991E-05 0.104843 0.885719 0.00933788
0.0732974 0.0971223 0.82948 9.9991E-05
0.227299 0.100769 0.671833 9.9991E-05
0.324039 0.0791759 0.508578 0.0882078
0.24324 0.104436 0.642629 0.00969456
0.0835043 0.245983 0.62914 0.0413721
0.0819715 0.33203 0.567989 0.018009
0.334936 0.068716 0.484188 0.11216
0.130066 0.0912314 0.743127 0.0355755
0.194831 0.0708868 0.713509 0.020773
0.172522 9.9991E-05 0.819653 0.00772479
9.9991E-05 0.0885724 0.830297 0.0810309
0.314418 0.031255 0.654227 9.9991E-05
0.145435 0.0995005 9.9991E-05 0.754964
0.0749155 9.9991E-05 0.0251675 0.899817
0.142052 9.9982E-05 9.9982E-05 0.857748
0.080001 9.9982E-05 9.9982E-05 0.919799
0.129625 9.9991E-05 0.0298211 0.840453
0.0824078 0.0154614 0.0201926 0.881938
0.0872438 0.0148058 9.9991E-05 0.89785
0.336417 0.144773 0.51871 9.9991E-05
0.356539 0.092863 0.445884 0.104714
9.9991E-05 0.161449 0.80849 0.0299607
0.348009 0.0697623 0.515905 0.066323
0.218993 0.154003 0.626903 9.9991E-05
0.283367 9.9991E-05 0.690245 0.0262885
0.335571 0.0197372 0.625277 0.0194146
0.272963 9.9982E-05 0.726837 9.9982E-05
9.9991E-05 0.264267 0.604561 0.131072
0.316104 0.0877723 0.460255 0.135869
0.319192 0.00860308 0.663561 0.00864402
0.456421 0.110924 0.432554 9.9991E-05
0.0942949 9.9991E-05 0.880993 0.0246123
0.211856 9.9982E-05 0.787944 9.9982E-05
0.201042 0.0938548 0.663402 0.0417009
0.163501 0.031546 0.804853 9.9991E-05
0.207068 0.142701 0.613755 0.0364758
0.36961 0.0958834 0.464394 0.0701124
0.108038 0.332256 0.450449 0.109257
0.292906 0.339405 0.268609 0.0990796
0.352048 0.189047 0.438119 0.0207857
0.410526 0.0385676 0.510543 0.0403637
0.1962 0.441661 0.362039 9.9991E-05
0.302795 0.271852 0.425254 9.9991E-05
0.287553 0.383705 0.31514 0.0136011
0.283859 0.213804 0.500793 0.00154407
0.285957 0.217808 0.496135 9.9991E-05
0.302593 0.206366 0.490941 9.9991E-05
0.23439 0.313387 0.452123 9.9991E-05
0.341446 0.157176 0.486157 0.0152211
0.416328 0.106103 0.416643 0.0609251
0.386167 0.271053 0.342679 9.9991E-05
0.390482 0.198537 0.388467 0.0225132
0.355076 0.236408 0.408416 9.9991E-05
0.219191 0.341018 0.377643 0.0621479
0.332273 0.21059 0.457037 9.9991E-05
0.386464 0.168817 0.444619 9.9991E-05
0.162608 0.420031 0.417261 9.9991E-05
0.0611001 0.345542 0.469709 0.123649
0.318598 0.252438 0.428864 9.9991E-05
0.0812195 0.39655 0.49566 0.0265704
0.145481 0.446767 0.384114 0.0236378
0.14896 0.34627 0.50467 9.9991E-05
0.15942 0.480225 0.342534 0.0178218
0.123386 0.49913 0.377384 9.9991E-05
0.356962 0.141161 0.500096 0.00178031
0.348475 0.107447 0.514856 0.0292222
0.334425 0.103288 0.531591 0.0306957
0.0649918 0.421163 0.476899 0.0369461
0.296805 0.0400384 0.479207 0.18395
0.301454 0.0423871 0.585661 0.0704986
9.9991E-05 0.12765 0.589982 0.282268
0.33489 0.0379263 0.576549 0.0506355
0.149877 0.0754388 0.609308 0.165376
0.254966 0.11635 0.483105 0.145579
0.0664383 0.0563287 0.643817 0.233416
9.9991E-05 0.123807 0.67043 0.205663
0.194546 0.20968 0.53171 0.0640643
0.301397 0.153584 0.413139 0.13188
0.238566 0.12366 0.501893 0.135881
0.0486197 0.125074 0.601246 0.225061
0.321001 9.9991E-05 0.557344 0.121555
0.0770505 0.113325 0.8093 0.000324266
0.168022 0.126028 0.705851 9.9991E-05
0.387412 0.0444424 0.481431 0.0867139
0.310331 0.0189401 0.255942 0.414786
0.108087 9.9991E-05 0.112786 0.779027
0.0506718 9.9991E-05 0.225031 0.724198
0.369679 0.0241228 0.120882 0.485316
0.291296 9.9982E-05 0.708504 9.9982E-05
0.364175 0.0191593 0.567697 0.0489692
0.921221 0.0180487 0.0606308 9.9991E-05
0.685999 0.134067 0.179834 9.9991E-05
0.619295 0.0716189 0.26325 0.0458361
0.0908244 9.9991E-05 0.816204 0.0928715
0.324834 0.0219531 0.561495 0.0917181
0.0261994 0.0326776 0.806515 0.134608
0.264851 0.0546247 0.619054 0.0614701
0.218247 0.0343417 0.663628 0.0837841
0.351336 0.0434539 0.565973 0.039237
0.0383086 0.097568 0.765425 0.0986987
0.471126 0.0550679 0.446548 0.0272583
0.271866 0.0508888 0.582713 0.0945313
0.961683 9.9982E-05 9.9982E-05 0.0381172
0.943412 0.00453916 9.9991E-05 0.0519487
0.699157 0.0378065 0.141616 0.12142
0.913143 0.0688224 9.9991E-05 0.017935
0.886717 9.9991E-05 0.0468592 0.0663238
0.96199 9.9982E-05 9.9982E-05 0.0378096
0.885493 9.9982E-05 9.9982E-05 0.114307
0.973848 9.9982E-05 9.9982E-05 0.0259523
0.974786 0.000736257 9.9991E-05 0.0243773
0.957363 9.9982E-05 9.9982E-05 0.0424371
0.91762 9.9982E-05 9.9982E-05 0.0821803
0.86242 0.0635123 9.9991E-05 0.0739678
0.852499 9.9982E-05 9.9982E-05 0.147301
0.918051 9.9982E-05 9.9982E-05 0.0817486
0.596501 0.119762 0.241133 0.0426041
0.792323 0.0367395 0.0564543 0.114483
0.840745 9.9991E-05 0.0806861 0.0784685
0.912386 0.0470137 9.9991E-05 0.0405007
0.964057 9.9982E-05 9.9982E-05 0.0357434
0.869411 9.9982E-05 9.9982E-05 0.130389
0.931682 9.9982E-05 9.9982E-05 0.0681175
0.785796 9.9991E-05 0.123177 0.0909268
0.872034 0.0175287 9.9991E-05 0.110337
9.9982E-05 9.9982E-05 0.453197 0.546603
0.262735 0.131403 0.421375 0.184487
0.298255 9.9991E-05 0.450862 0.250783
0.199746 0.00283408 0.44583 0.351589
0.383176 0.0898023 0.403625 0.123397
0.146609 9.9991E-05 0.476153 0.377138
0.363756 0.0872969 0.354703 0.194244
0.302123 9.9991E-05 0.456811 0.240967
0.382114 9.9991E-05 0.407043 0.210742
0.35807 9.9991E-05 0.386787 0.255042
0.32607 0.0504992 0.466509 0.156922
0.0366495 0.0535332 0.0301502 0.879667
0.0788342 9.9982E-05 9.9982E-05 0.920966
0.0184145 0.014465 9.9991E-05 0.967021
0.0218097 0.0389418 9.9991E-05 0.939148
0.0542359 0.0523754 9.9991E-05 0.893289
0.0918654 9.9982E-05 9.9982E-05 0.907935
0.121569 0.00785288 9.9991E-05 0.870478
0.0160722 0.0192091 0.0239179 0.940801
0.0676463 9.9991E-05 0.00522804 0.927026
0.12806 9.9982E-05 9.9982E-05 0.87174
9.9991E-05 0.301338 0.0507382 0.647824
0.0131306 0.345111 0.0315609 0.610197
9.9991E-05 0.329261 0.100094 0.570545
9.9991E-05 0.322233 0.153597 0.52407
0.22588 0.197783 0.559757 0.0165795
0.293772 0.156761 0.549367 9.9991E-05
0.319901 0.223323 0.456675 9.9991E-05
0.113015 0.363738 0.451546 0.071701
0.0509751 0.651196 0.297729 9.9991E-05
0.330766 0.0738005 0.583337 0.0120962
0.307741 0.0678193 0.624339 9.9991E-05
0.281032 0.0940548 0.624813 9.9991E-05
0.125922 0.00355679 0.870421 9.9991E-05
0.381682 0.123332 0.494887 9.9991E-05
0.174059 0.198801 0.627041 9.9991E-05
9.9991E-05 0.175212 0.777585 0.0471027
0.275939 0.27774 0.439376 0.00694525
0.048823 0.0936989 0.823519 0.0339595
0.264855 0.019763 0.715282 9.9991E-05
9.9991E-05 0.277451 0.661443 0.061006
9.9991E-05 0.815924 0.0190485 0.164928
9.9991E-05 0.839714 0.0548988 0.105287
9.9982E-05 0.970296 9.9982E-05 0.0295045
9.9991E-05 0.827412 0.0342554 0.138233
0.0373515 0.874343 0.0420711 0.0462339
0.0847156 0.845774 0.0101765 0.0593334
0.0947877 9.9991E-05 0.0262025 0.87891
0.126851 0.0712202 9.9991E-05 0.801829
0.211 9.9982E-05 9.9982E-05 0.7888
0.141544 0.119036 9.9991E-05 0.73932
0.184707 0.0391709 9.9991E-05 0.776022
9.9991E-05 0.580919 0.017172 0.401809
9.9991E-05 0.442991 0.0454941 0.511415
9.9982E-05 0.567251 9.9982E-05 0.432549
0.173534 0.0451704 9.9991E-05 0.781195
9.9991E-05 0.592334 0.00356248 0.404004
0.560208 9.9991E-05 0.184793 0.254899
0.578856 0.0835336 0.283032 0.054579
0.634746 0.0210434 0.174985 0.169226
0.43452 0.104312 0.194766 0.266403
0.439487 0.0651031 0.370871 0.124539
0.299573 9.9991E-05 0.0657888 0.634538
0.137108 0.283679 0.579113 9.9991E-05
0.194507 0.221091 0.537314 0.0470877
0.152744 0.574669 0.226968 0.045619
0.23553 0.19712 0.56725 9.9991E-05
9.9991E-05 0.340856 0.616219 0.0428251
0.288298 0.10665 0.450913 0.154139
0.264061 0.206361 0.524939 0.00463846
0.113894 0.453084 0.432922 9.9991E-05
0.266802 0.205517 0.48523 0.0424516
9.9991E-05 0.327963 0.622941 0.0489966
0.290046 0.250489 0.459365 9.9991E-05
0.311266 0.324322 0.364312 9.9991E-05
0.374137 0.125424 0.390833 0.109606
0.168097 0.358816 0.472988 9.9991E-05
0.242637 0.313258 0.411668 0.0324367
0.317546 0.134769 0.547584 9.9991E-05
0.252559 0.22073 0.51043 0.0162813
0.386236 0.216879 0.396786 9.9991E-05
0.373154 0.2758 0.350946 9.9991E-05
0.368147 0.211666 0.372586 0.0476007
0.212226 9.9982E-05 9.9982E-05 0.787574
0.093418 9.9991E-05 0.0414731 0.865009
0.0316329 0.0419775 0.109711 0.816679
0.0853523 0.0676894 0.0173238 0.829634
0.0973409 9.9991E-05 0.0317991 0.87076
0.117821 0.637347 0.225761 0.0190708
0.318654 0.116275 0.56497 9.9991E-05
0.446103 0.0352515 0.343176 0.175469
0.358261 0.161724 0.479916 9.9991E-05
0.282217 0.308156 0.397782 0.0118449
0.199528 0.447051 0.346953 0.00646778
9.9991E-05 0.672676 0.158754 0.16847
0.290257 0.330628 0.371048 0.00806669
0.0792022 0.556038 0.250851 0.113909
0.243418 0.241982 0.5145 9.9991E-05
0.0782046 0.606234 0.182986 0.132575
0.453209 0.268527 0.253457 0.0248065
0.0772793 0.537547 0.27643 0.108744
0.25404 0.392727 0.353133 9.9991E-05
0.290648 0.12118 0.520466 0.0677068
0.063037 0.110728 0.660523 0.165712
0.248406 9.9991E-05 0.648635 0.102859
0.304908 0.0513912 0.572365 0.0713361
0.0840014 0.110333 0.729208 0.0764574
0.300478 0.114245 0.560723 0.0245543
0.193283 0.0444939 0.685537 0.0766861
9.9991E-05 0.14654 0.797191 0.0561688
9.9991E-05 0.027823 0.849071 0.123006
0.220661 0.0996717 0.663013 0.0166548
9.9991E-05 0.090668 0.793344 0.115888
0.162154 0.144064 0.629202 0.0645803
0.0843533 0.654346 0.239759 0.0215416
0.101944 0.433887 0.464069 9.9991E-05
0.214449 0.428846 0.316929 0.0397761
0.342791 0.250598 0.406511 9.9991E-05
0.0594388 0.506622 0.43384 9.9991E-05
0.370313 0.228287 0.330147 0.071252
0.372225 0.224399 0.340641 0.0627349
0.353271 0.295511 0.351118 9.9991E-05
0.329581 0.318642 0.347373 0.00440445
0.31185 0.346814 0.341236 9.9991E-05
0.165738 0.50654 0.327622 9.9991E-05
0.239998 0.48416 0.275742 9.9991E-05
0.377295 0.212712 0.409893 9.9991E-05
0.38854 0.209899 0.401461 9.9991E-05
0.209002 0.252831 0.484228 0.0539388
0.363825 0.251342 0.384733 9.9991E-05
0.222993 0.459665 0.259369 0.0579727
0.384889 0.262291 0.35272 9.9991E-05
0.349791 0.293692 0.356417 9.9991E-05
0.389167 0.246335 0.296547 0.0679511
0.361405 0.0514357 0.281956 0.305203
0.51946 9.9991E-05 0.373074 0.107367
0.384695 0.0835521 0.469089 0.0626631
0.438244 0.0691874 0.468353 0.0242152
0.474192 0.0302203 0.344659 0.150928
0.245491 0.243461 0.510948 9.9991E-05
0.435174 0.106403 0.342628 0.115795
0.0698605 9.9991E-05 0.505134 0.424906
0.440331 0.0289423 0.395607 0.135119
0.509242 0.0789524 0.364724 0.0470807
0.465217 0.0783953 0.3508 0.105588
0.237915 0.139304 0.402512 0.220269
0.450534 9.9991E-05 0.409888 0.139478
0.475024 0.156612 0.275528 0.0928356
0.0972568 9.9991E-05 0.208633 0.69401
0.55617 0.0673256 0.314353 0.0621506
0.493441 9.9991E-05 0.305314 0.201146
0.416496 0.117388 0.397789 0.0683269
0.54369 0.0408035 0.292315 0.123192
0.417507 0.0463562 0.37251 0.163627
0.259117 0.0929968 0.572529 0.0753571
0.356003 0.11462 0.529277 9.9991E-05
9.9991E-05 0.16455 0.761187 0.0741633
9.9991E-05 0.202935 0.730618 0.0663476
0.282798 0.00764858 0.663194 0.04636
0.573172 0.0234263 0.290829 0.112572
0.466453 9.9991E-05 0.373456 0.159991
0.356748 0.0331275 0.298928 0.311197
0.469406 9.9991E-05 0.284942 0.245551
0.0643987 0.00850405 0.692103 0.234994
0.129198 9.9991E-05 0.65659 0.214112
0.392022 0.0130145 0.594864 9.9991E-05
0.310586 9.9991E-05 0.594396 0.0949183
0.143762 0.0407535 0.628431 0.187054
0.345375 0.0905028 0.543056 0.021066
0.359672 0.0451264 0.595101 9.9991E-05
0.400849 0.133162 0.426722 0.0392665
0.0723673 0.232606 0.686885 0.00814149
0.173629 0.158731 0.663182 0.00445816
0.309825 0.0925672 0.579724 0.0178837
0.182217 0.108977 0.583693 0.125114
0.33571 0.108644 0.471437 0.0842094
0.23095 0.103549 0.665401 9.9991E-05
0.049926 0.142237 0.749789 0.0580483
0.342171 9.9991E-05 0.655624 0.00210566
0.0540216 0.198619 0.719514 0.0278449
0.192026 0.0679536 0.719762 0.0202582
0.376069 0.0731687 0.526467 0.0242949
0.2632 0.0621564 0.674543 9.9991E-05
0.534691 0.0348674 0.335311 0.0951312
0.389334 0.027397 0.417026 0.166244
0.41459 0.0522369 0.31883 0.214344
0.417468 0.142606 0.306595 0.133332
0.349322 0.0608001 0.386818 0.20306
0.391035 0.0663658 0.317632 0.224968
0.0905597 0.0662254 0.490181 0.353034
0.57373 0.0619125 0.353748 0.0106089
0.0865339 9.9991E-05 0.32323 0.590137
0.494275 0.0462779 0.428155 0.0312923
9.9982E-05 9.9982E-05 0.950505 0.0492945
9.9991E-05 0.123612 0.752449 0.123839
0.242946 0.0805167 0.676437 9.9991E-05
0.340565 0.00030186 0.659033 9.9991E-05
0.13596 0.0970822 0.751885 0.0150725
0.229832 9.9982E-05 0.769968 9.9982E-05
0.279711 0.0192486 0.70094 9.9991E-05
0.14221 0.00949533 0.0718306 0.776464
0.142835 0.1238 9.9991E-05 0.733265
0.0923205 0.00773331 9.9991E-05 0.899846
0.0389433 9.9982E-05 9.9982E-05 0.960857
0.236663 0.0484444 0.671632 0.04326
0.343467 0.109501 0.538656 0.00837631
0.178461 0.0496977 0.771741 9.9991E-05
0.302493 0.0935424 0.530643 0.0733213
0.36475 0.129255 0.476111 0.0298848
0.00850432 0.12798 0.772635 0.0908812
0.282931 9.9982E-05 0.716869 9.9982E-05
0.0892056 9.9991E-05 0.875641 0.0350536
0.418539 0.04154 0.262303 0.277619
0.197235 0.148565 0.654099 9.9991E-05
0.116682 0.22334 0.659877 9.9991E-05
0.24194 0.0750613 0.682899 9.9991E-05
0.153664 0.135402 0.710833 9.9991E-05
0.257593 9.9982E-05 0.742207 9.9982E-05
0.327504 0.0262377 0.610064 0.0361945
9.998E-05 9.998E-05 0.9997 9.998E-05
0.0798258 0.0752518 0.796583 0.0483397
0.148534 0.0870657 0.739073 0.0253276
9.9982E-05 9.9982E-05 0.985271 0.014529
0.218572 0.160791 0.573967 0.0466705
9.9991E-05 0.0201915 0.901077 0.0786311
9.9991E-05 0.0580099 0.841807 0.100083
0.311473 0.0950851 0.585386 0.00805555
0.0488874 0.157792 0.739898 0.0534226
0.22606 0.157318 0.616522 9.9991E-05
0.386272 0.0826857 0.475323 0.0557194
0.228301 0.146613 0.624986 9.9991E-05
0.254385 0.280156 0.465359 9.9991E-05
0.305795 0.140277 0.553827 9.9991E-05
0.232355 0.166977 0.600568 9.9991E-05
0.106858 0.0600197 0.833022 9.9991E-05
0.331774 0.0698985 0.569552 0.0287763
0.0132011 0.279753 0.0259093 0.681136
0.0608921 0.108439 0.0787669 0.751902
9.9982E-05 0.159746 9.9982E-05 0.840054
9.9991E-05 0.128075 0.0240818 0.847743
9.9991E-05 0.231845 0.0396765 0.728378
0.0721691 0.219053 0.650833 0.0579453
9.9991E-05 0.195328 0.687031 0.117541
0.0061614 9.9991E-05 0.992559 0.00118011
0.302873 0.0331856 0.574903 0.0890383
0.311553 0.0781536 0.485352 0.124942
0.118313 0.00631817 0.809339 0.0660304
0.360075 0.019242 0.620583 9.9991E-05
0.219611 0.0376232 0.693156 0.0496107
0.268774 0.0236206 0.707506 9.9991E-05
0.302374 0.125502 0.556176 0.0159482
0.0800205 0.158517 0.761363 9.9991E-05
0.0976838 0.137973 0.764243 9.9991E-05
0.11818 0.223929 0.649756 0.00813479
0.335532 0.0449904 0.542564 0.0769139
0.175819 0.183501 0.64058 9.9991E-05
0.228367 0.140436 0.631098 9.9991E-05
0.596443 0.0936038 0.259394 0.050559
0.658306 0.0644493 0.1332 0.144044
0.716767 9.9991E-05 0.165068 0.118066
0.64648 9.9991E-05 0.200149 0.153271
0.613704 0.115138 0.198605 0.072552
0.264359 9.9991E-05 0.7173 0.0182407
0.662107 0.00771727 9.9991E-05 0.330075
0.700222 0.0138562 0.121523 0.164398
0.333334 9.9991E-05 0.423632 0.242934
0.233598 0.0143685 0.60417 0.147864
0.195268 0.12245 0.502713 0.179569
0.38297 0.0441878 0.484462 0.08838
0.322271 0.0185612 0.59075 0.0684175
0.661324 9.9991E-05 0.135496 0.20308
0.5605 0.090822 0.203056 0.145621
0.755854 0.0144986 0.17082 0.0588273
0.534289 0.0148586 0.326635 0.124217
0.674488 0.0526908 0.134855 0.137967
0.594932 0.043888 0.277627 0.0835524
0.738502 0.0122759 0.0818225 0.1674
0.661358 0.146814 0.154455 0.0373724
0.237802 9.9991E-05 0.633044 0.129054
0.594902 0.0740587 0.181424 0.149616
0.756082 9.9991E-05 0.0396857 0.204132
0.633769 0.068807 0.181262 0.116162
0.023631 0.300265 0.468449 0.207655
0.367047 0.0776525 0.548848 0.00645276
0.594347 0.122822 0.202536 0.0802947
0.391705 0.21728 0.329879 0.0611364
0.259899 0.0398541 0.516226 0.18402
0.414565 0.00841468 0.35802 0.219
0.489268 0.0369809 0.241619 0.232132
0.460696 0.144177 0.377835 0.0172917
0.531479 0.0360071 0.290704 0.141809
0.716092 0.0514822 0.149175 0.0832506
0.692512 9.9991E-05 0.0294002 0.277988
0.305225 9.9991E-05 0.536542 0.158134
0.185101 0.0486679 0.61519 0.15104
0.0304026 9.9991E-05 0.675574 0.293923
0.42539 0.098942 0.475568 9.9991E-05
0.287016 0.265131 0.347164 0.100689
0.323798 9.9991E-05 0.464177 0.211925
0.321706 0.175978 0.400483 0.101833
0.112254 9.9991E-05 0.357489 0.530157
9.9982E-05 9.9982E-05 0.436991 0.562809
0.293874 0.0735909 0.425913 0.206622
0.159883 0.044774 0.324378 0.470965
0.172359 9.9991E-05 0.247966 0.579575
0.289357 0.0798025 0.433112 0.197729
0.363657 0.0754529 0.301114 0.259776
0.215814 9.9991E-05 0.431484 0.352601
0.153595 9.9991E-05 0.427062 0.419243
0.354372 0.0263564 0.474786 0.144486
0.144173 9.9991E-05 0.516431 0.339296
9.9982E-05 9.9982E-05 0.301159 0.698641
0.466054 0.109282 0.372444 0.0522198
0.403136 0.0989546 0.307231 0.190679
0.439628 0.0531283 0.257895 0.249349
0.638492 0.00648014 0.237411 0.117618
0.434067 9.9991E-05 0.371194 0.194639
0.525135 0.0354549 0.327807 0.111603
0.375368 0.135517 0.150408 0.338707
0.477588 0.0485275 0.315804 0.15808
0.535207 9.9991E-05 0.241784 0.222909
0.38787 9.9991E-05 0.284824 0.327206
0.277898 0.194311 0.359884 0.167908
0.35987 0.132671 0.381841 0.125619
0.479684 0.0937229 0.310144 0.116449
0.358749 0.00112557 0.553728 0.0863975
0.527363 0.0486015 0.132773 0.291263
0.507175 0.00239037 0.338256 0.152179
0.321094 9.9991E-05 0.234365 0.444442
0.573541 0.0960118 0.191008 0.139439
0.451507 9.9991E-05 0.207182 0.341211
0.0114917 0.181982 9.9991E-05 0.806426
0.0395998 0.782853 0.0932548 0.0842921
9.998E-05 0.9997 9.998E-05 9.998E-05
9.998E-05 0.9997 9.998E-05 9.998E-05
0.00806184 0.991738 9.9982E-05 9.9982E-05
0.0365926 0.959297 9.9991E-05 0.00401077
9.998E-05 0.9997 9.998E-05 9.998E-05
9.998E-05 0.9997 9.998E-05 9.998E-05
9.9982E-05 0.813745 9.9982E-05 0.186055
0.0544962 0.030242 9.9991E-05 0.915162
0.0735052 0.131621 9.9991E-05 0.794774
0.067649 9.9982E-05 9.9982E-05 0.932151
0.0444217 0.146525 0.0134957 0.795558
0.0835372 0.0268413 9.9991E-05 0.889521
0.0115596 0.0496588 9.9991E-05 0.938682
0.20022 0.0598388 0.0313017 0.708639
0.134081 9.9991E-05 0.00129173 0.864528
0.103932 0.161082 0.0285256 0.70646
0.0788113 9.9982E-05 9.9982E-05 0.920989
9.9982E-05 0.0152051 9.9982E-05 0.984595
0.0817181 0.076106 9.9991E-05 0.842076
0.0339223 0.0219644 9.9991E-05 0.944013
0.0698912 9.9982E-05 9.9982E-05 0.929909
0.114742 9.9991E-05 0.0208637 0.864295
0.158798 9.9982E-05 9.9982E-05 0.841002
0.250568 9.9982E-05 9.9982E-05 0.749232
0.197462 9.9982E-05 9.9982E-05 0.802338
0.18848 9.9982E-05 9.9982E-05 0.81132
0.255491 0.082371 0.485986 0.176152
0.33329 9.9991E-05 0.599167 0.0674431
0.33987 0.182681 0.431714 0.0457343
9.9991E-05 0.0405657 0.747072 0.212262
0.274673 0.0825188 0.507845 0.134963
9.9982E-05 9.9982E-05 0.673791 0.326009
0.398483 0.0195038 0.524684 0.0573293
0.145667 0.192852 0.56224 0.0992402
0.225107 0.0301273 0.648524 0.0962418
0.21412 0.078407 0.667771 0.0397015
0.174405 0.176791 0.509434 0.139369
0.325388 0.0522873 0.582593 0.039732
0.306191 0.0674594 0.56619 0.0601595
0.0379346 0.546313 0.380077 0.0356758
9.9991E-05 0.103551 0.684395 0.211954
9.9991E-05 0.0353914 0.706913 0.257596
0.381104 0.116979 0.467551 0.0343653
0.258503 9.9991E-05 0.581558 0.159839
0.271953 9.9991E-05 0.60797 0.119977
0.38629 9.9991E-05 0.562967 0.0506433
0.38946 0.0153017 0.371468 0.223771
0.535051 0.0420428 0.285515 0.137391
0.252711 0.203932 0.123612 0.419744
0.326661 0.125461 0.458759 0.0891193
0.353782 0.132966 0.324117 0.189135
0.119344 0.0214784 0.264683 0.594494
0.334591 9.9991E-05 0.368334 0.296975
0.328977 0.083187 0.233554 0.354281
0.37478 0.174536 0.184976 0.265708
0.456042 0.0926111 0.381448 0.0698991
0.456756 0.0281616 0.34632 0.168762
0.563213 0.182995 0.238088 0.0157046
0.399602 0.0150592 0.395645 0.189693
0.271835 9.9991E-05 0.279862 0.448203
