9.9991E-05 0.956468 0.0216258 0.0218063
9.9982E-05 0.970561 9.9982E-05 0.0292393
0.0668529 0.831736 0.074791 0.0266199
0.0482156 0.845897 0.0894243 0.0164636
0.0113964 0.894105 0.0943982 9.9991E-05
0.12344 0.679094 0.0671942 0.130272
9.999E-05 0.823448 0.0313839 0.145069
9.999E-05 0.778006 0.0383069 0.183587
9.9982E-05 0.846324 9.9982E-05 0.153476
0.101123 0.777552 0.0606604 0.0606649
0.0120965 0.787907 9.9991E-05 0.199897
0.261825 9.9991E-05 0.115067 0.623008
0.57801 0.0867951 0.0927375 0.242457
0.246563 0.0805241 0.109867 0.563046
0.298515 0.0784567 0.204743 0.418285
0.446161 0.119961 0.186288 0.24759
0.630664 0.0910502 0.158278 0.120008
0.459997 0.002359 0.16266 0.374984
0.350148 0.14372 0.129881 0.376251
9.9991E-05 0.0789511 0.13562 0.785328
0.49072 0.0546875 0.0814559 0.373136
0.504412 0.0428056 0.0569997 0.395782
0.649082 0.0448874 0.0197537 0.286276
0.353377 0.0418235 0.141904 0.462896
0.712907 0.154041 0.0586921 0.0743595
0.553933 0.0205042 0.207472 0.218091
0.203405 0.0705656 0.127117 0.598912
0.228525 0.0537602 0.199687 0.518028
0.223048 0.0648984 0.0842073 0.627847
0.0417759 0.828874 0.12925 9.9991E-05
0.0681957 0.82599 0.105714 9.9991E-05
0.124477 0.793583 0.0818399 9.9991E-05
0.146889 0.767264 0.0857469 9.9991E-05
0.691985 0.0125052 0.0619594 0.23355
0.73299 0.146575 0.011979 0.108456
0.771681 0.0389375 9.9991E-05 0.189282
0.276691 0.188549 9.9991E-05 0.534661
0.506499 9.9991E-05 0.0234737 0.469927
0.639871 0.0795836 0.0389341 0.241612
0.886285 0.0132196 0.0236304 0.0768649
0.704733 0.176962 0.00510069 0.113204
0.706363 0.17632 9.9991E-05 0.117217
0.398881 0.0471088 9.9991E-05 0.553911
0.645513 0.0797368 0.138569 0.136182
0.635871 0.0821539 0.0866948 0.19528
0.695723 0.21372 0.0904576 9.9991E-05
0.600015 9.9982E-05 9.9982E-05 0.399785
0.753983 0.0553982 0.0543492 0.13627
0.604461 0.156878 0.110481 0.12818
0.0708862 0.0810849 9.9991E-05 0.847929
0.297153 0.0263445 0.000649315 0.675853
0.131119 0.0540331 0.115461 0.699387
0.56244 0.105671 0.119456 0.212433
0.632546 0.108785 0.0788175 0.179851
0.826379 0.0626891 0.0500382 0.0608934
0.307357 0.169092 9.9991E-05 0.523451
0.707099 0.0816825 0.0506097 0.160608
0.544351 0.11472 0.152573 0.188357
0.390912 0.149473 0.0696716 0.389943
0.13726 0.243466 0.0505185 0.568756
0.625257 0.0537798 0.10136 0.219602
0.375751 0.110304 0.101481 0.412464
0.173037 0.122823 9.9991E-05 0.70404
0.615544 0.0301545 0.0292146 0.325087
0.680913 0.0195313 0.134574 0.164981
0.6674 0.122539 0.059763 0.150298
0.304442 0.0813497 0.139502 0.474707
0.549842 0.025443 0.0890177 0.335698
0.613458 0.13336 0.0421912 0.21099
0.318544 0.0580832 9.9991E-05 0.623273
0.761503 9.9982E-05 9.9982E-05 0.238297
0.48073 0.00326572 9.9991E-05 0.515904
0.634099 0.0885097 0.103337 0.174055
0.274917 9.9982E-05 9.9982E-05 0.724883
0.243308 9.9982E-05 9.9982E-05 0.756492
0.553523 9.9982E-05 9.9982E-05 0.446277
0.742036 9.9982E-05 9.9982E-05 0.257764
0.650996 0.212151 0.0181323 0.118721
0.65187 0.0263774 0.0157764 0.305977
0.507618 0.0234336 9.9991E-05 0.468848
0.459398 0.0268033 9.9991E-05 0.513699
0.622993 0.155818 0.0907733 0.130415
0.546081 0.0388937 9.9991E-05 0.414925
0.637638 0.0803628 9.9991E-05 0.281899
0.631957 9.9982E-05 9.9982E-05 0.367843
0.241169 9.9991E-05 0.003936 0.754795
0.736771 9.9991E-05 0.0939105 0.169218
0.112199 0.808447 0.0453252 0.0340297
0.0663414 0.933459 9.9982E-05 9.9982E-05
0.0598237 0.910501 0.0295755 9.9991E-05
0.0467499 0.950648 0.00250193 9.9991E-05
0.0753964 0.922044 0.00245988 9.9991E-05
0.0674972 0.92425 0.00815256 9.9991E-05
0.0405096 0.95929 9.9982E-05 9.9982E-05
0.629985 0.112313 0.0738912 0.183811
0.595729 0.0840864 0.106882 0.213303
0.32187 9.9982E-05 9.9982E-05 0.67793
0.609603 0.176801 0.0753967 0.138199
0.595771 0.0814164 9.9991E-05 0.322712
0.790672 0.0811236 9.9991E-05 0.128104
0.689134 0.0343161 0.0399485 0.236601
0.608652 0.0708346 0.0581864 0.262327
0.176853 0.0353612 9.9991E-05 0.787685
0.613371 0.263459 0.0163292 0.106841
0.715032 0.0866951 0.034318 0.163955
0.666795 0.128093 0.0855894 0.119522
0.490033 0.0184296 0.0263523 0.465185
0.679092 0.0053686 9.9991E-05 0.315439
0.64406 0.015584 0.00280364 0.337552
0.549915 9.9991E-05 0.0847176 0.365267
0.649365 0.0948056 9.9991E-05 0.25573
0.65379 0.208203 9.9991E-05 0.137907
0.360916 0.0473766 0.0405138 0.551194
0.528392 0.197282 0.0474569 0.226869
0.736006 0.181184 0.0192691 0.0635409
0.637539 0.137074 0.117837 0.107551
0.64353 0.0702776 9.9991E-05 0.286093
0.612249 0.0766797 0.0915183 0.219553
0.516473 0.0458682 0.0820442 0.355614
0.61708 0.093983 0.0426937 0.246244
0.613316 0.0533369 0.146736 0.186611
0.696343 0.01305 0.0285482 0.262059
0.669641 0.0460513 9.9991E-05 0.284208
0.673604 0.0615443 0.106292 0.15856
0.617426 0.118549 0.121702 0.142323
0.619447 0.0152652 0.121524 0.243764
0.690995 0.120992 0.0367171 0.151296
0.538808 0.0385357 0.156007 0.266649
0.378982 0.172413 0.045193 0.403412
0.707052 0.0266002 0.0711188 0.195229
0.700514 0.052817 0.120054 0.126616
0.240373 0.0358609 0.125411 0.598355
0.164875 0.0505914 0.118508 0.666025
0.553128 0.0894444 0.0895945 0.267834
0.113078 9.9991E-05 0.127516 0.759306
0.35812 0.122815 9.9991E-05 0.518966
0.593422 0.0266831 9.9991E-05 0.379795
0.394868 0.0681527 9.9991E-05 0.536879
0.412682 0.0197802 0.0223945 0.545143
0.730426 0.084249 0.0359871 0.149338
0.548606 0.116605 0.0938247 0.240964
0.627832 0.108717 0.0120938 0.251358
0.0819987 9.9991E-05 0.200246 0.717655
0.524361 0.150717 0.0610798 0.263842
0.568815 0.0865857 0.114072 0.230526
0.121958 0.22488 9.9991E-05 0.653063
0.759694 0.167929 9.9991E-05 0.0722773
0.433442 0.158539 0.0800175 0.328002
0.576351 0.110022 0.136686 0.176941
0.408627 0.168642 9.9991E-05 0.422631
0.30725 0.143302 9.9991E-05 0.549347
0.541694 0.0912111 9.9991E-05 0.366995
0.594523 0.131034 0.0615752 0.212868
0.516926 0.216875 0.0708769 0.195323
0.08878 0.0641274 0.20553 0.641562
0.603426 0.0397571 0.11191 0.244907
0.504966 0.00500127 9.9991E-05 0.489933
0.568322 9.9991E-05 0.0275344 0.404044
0.699482 0.179679 0.0426229 0.0782166
0.180536 0.304309 0.335058 0.180098
9.9991E-05 0.607901 0.224393 0.167606
9.9991E-05 0.478274 0.21339 0.308236
0.0251708 0.424737 0.418494 0.131598
0.774345 0.0753581 0.00596911 0.144328
0.612642 0.131375 0.0566535 0.19933
0.250536 9.9982E-05 0.749264 9.9982E-05
0.307814 9.9991E-05 0.48491 0.207176
0.388906 0.0904835 0.453257 0.0673534
0.429143 0.0365529 0.0543978 0.479906
0.500516 0.0686084 0.209467 0.221409
0.262674 9.9991E-05 0.0672697 0.669956
0.707371 0.023787 0.0409899 0.227852
0.499503 0.112365 0.0242664 0.363866
0.669603 0.0736033 0.0609339 0.19586
0.315649 9.9991E-05 0.0625515 0.621699
0.604782 0.0765803 0.132798 0.185839
0.524908 0.0869826 0.104685 0.283424
9.998E-05 9.998E-05 0.9997 9.998E-05
0.0336706 9.9982E-05 0.966129 9.9982E-05
0.261393 0.0633724 0.62174 0.053494
0.315029 0.014046 0.670825 9.9991E-05
0.188075 9.9982E-05 0.811725 9.9982E-05
9.998E-05 9.998E-05 0.9997 9.998E-05
9.9991E-05 0.0218658 0.966221 0.0118129
0.119202 9.9982E-05 0.880598 9.9982E-05
0.000535466 9.9982E-05 0.999265 9.9982E-05
9.998E-05 9.998E-05 0.9997 9.998E-05
9.998E-05 9.998E-05 0.9997 9.998E-05
0.142653 0.0210579 0.836189 9.9991E-05
0.0550192 0.0291147 0.850121 0.0657449
0.0106582 9.9982E-05 0.989142 9.9982E-05
0.381796 0.070918 0.392329 0.154956
0.209156 0.0012871 0.789457 9.9991E-05
0.194223 0.0173515 0.788326 9.9991E-05
0.0469857 0.034714 0.9182 9.9991E-05
9.998E-05 9.998E-05 0.9997 9.998E-05
0.0482878 0.0501625 0.90145 9.9991E-05
9.998E-05 9.998E-05 0.9997 9.998E-05
0.27928 0.0758373 0.644783 9.9991E-05
0.0758676 9.9991E-05 0.907035 0.016998
9.9991E-05 0.356999 0.152302 0.490599
0.377378 0.256859 0.128174 0.237589
0.518026 0.28845 0.0417349 0.151788
0.16468 0.259582 0.175276 0.400463
0.53232 0.236531 0.104254 0.126894
0.23885 0.274649 0.13927 0.347231
0.516269 0.23723 0.094694 0.151806
0.389961 0.156964 0.220102 0.232974
0.569205 0.185282 0.121782 0.12373
0.367334 0.176777 0.305298 0.150591
0.507684 0.2315 0.0907937 0.170023
0.091142 0.884188 9.9991E-05 0.0245702
9.9982E-05 0.975076 0.024724 9.9982E-05
0.017026 0.976075 9.9991E-05 0.00679925
0.0159866 0.983813 9.9982E-05 9.9982E-05
0.0420051 0.956255 0.00164035 9.9991E-05
9.9982E-05 0.912298 0.0875021 9.9982E-05
0.0113053 0.887564 0.101031 9.9991E-05
0.0241244 0.94329 0.0064851 0.0261009
0.0390823 0.960718 9.9982E-05 9.9982E-05
9.9982E-05 0.903107 0.0966927 9.9982E-05
9.9982E-05 0.646 9.9982E-05 0.3538
9.9991E-05 0.615879 0.0462707 0.33775
9.9982E-05 0.610608 9.9982E-05 0.389192
0.0199887 0.555479 9.9991E-05 0.424432
0.598097 0.0316744 0.0463908 0.323838
0.638393 0.0288531 0.0171835 0.31557
0.731298 0.0391254 0.0237242 0.205852
0.55554 0.0691494 9.9991E-05 0.375211
0.280594 0.0512228 9.9991E-05 0.668083
0.694306 0.0581023 0.0441502 0.203442
0.75795 0.00482437 0.0181629 0.219063
0.6546 9.9982E-05 9.9982E-05 0.3452
0.603403 9.9991E-05 0.0319271 0.36457
0.710794 0.0517086 0.0605392 0.176958
0.673417 9.9982E-05 9.9982E-05 0.326383
0.136413 9.9982E-05 9.9982E-05 0.863387
0.592487 0.131304 0.0275264 0.248683
0.418865 0.00303326 0.00470211 0.5734
0.693924 0.000640796 9.9991E-05 0.305336
0.344951 0.0423924 9.9991E-05 0.612556
0.0648504 0.23234 9.9991E-05 0.70271
0.151342 0.191947 9.9991E-05 0.656611
0.0420013 0.174465 9.9991E-05 0.783434
0.0378663 0.240901 9.9991E-05 0.721133
0.105408 0.160975 0.0114889 0.722128
0.160908 0.20913 0.0120376 0.617924
0.0741518 0.903597 0.0221515 9.9991E-05
0.109567 0.877256 0.0107123 0.00246467
0.0946332 0.793021 0.112246 9.9991E-05
0.0815523 0.812566 0.0977327 0.00814856
0.0830046 0.847155 0.0697401 9.9991E-05
9.9982E-05 0.4598 9.9982E-05 0.54
9.9982E-05 0.540574 9.9982E-05 0.459226
0.0108851 0.536138 9.9991E-05 0.452877
0.077746 0.860358 0.0617958 9.9991E-05
9.9982E-05 0.483409 9.9982E-05 0.516391
0.243514 0.253131 0.424498 0.0788577
0.542188 0.135544 0.228939 0.0933291
0.445129 0.184179 0.370592 9.9991E-05
0.309485 0.287568 0.261691 0.141256
0.528853 0.165758 0.22695 0.078438
9.9991E-05 0.496721 0.340828 0.162351
0.569815 0.0770256 9.9991E-05 0.353059
0.415584 0.0543088 0.0403482 0.489759
0.3189 0.13474 0.0559591 0.490401
0.576358 0.0711896 9.9991E-05 0.352352
9.998E-05 9.998E-05 9.998E-05 0.9997
0.653024 0.08087 0.0497771 0.216329
0.577055 0.0319195 0.0831192 0.307906
0.428312 0.0689009 9.9991E-05 0.502687
0.644636 0.132856 0.0719356 0.150572
0.225798 0.0278166 0.0123509 0.734034
0.493946 9.9991E-05 0.136015 0.369939
0.638841 0.0156348 0.030171 0.315353
0.453726 0.145647 0.209091 0.191536
0.40833 9.9991E-05 0.0859519 0.505619
0.550185 0.0530993 0.0359757 0.36074
0.550769 0.0228637 0.104457 0.321911
0.613276 0.0239386 0.0479941 0.314792
0.707141 0.0508479 0.0846233 0.157388
0.589087 0.108673 0.119807 0.182433
0.536367 0.119861 0.106208 0.237564
0.108848 0.785779 0.105272 9.9991E-05
0.0745016 0.890251 0.0351474 9.9991E-05
0.115597 0.794797 0.0148229 0.0747837
0.038096 0.873704 0.0315344 0.0566658
0.117271 0.856502 0.0261279 9.9991E-05
0.177084 0.0298397 0.102762 0.690314
0.515171 0.106868 0.149205 0.228757
0.666041 0.237725 0.0961334 9.9991E-05
0.626284 0.05429 0.109826 0.2096
0.572976 0.0437981 0.0427676 0.340459
0.410609 0.10201 0.0199367 0.467444
0.114391 0.20373 9.9991E-05 0.681779
0.648809 0.120504 9.9991E-05 0.230587
0.253614 0.163926 0.0644496 0.51801
0.583745 0.0592446 9.9991E-05 0.356911
0.14187 0.176587 0.0680609 0.613482
0.698965 0.11913 0.104622 0.077283
0.186219 0.0587357 0.102437 0.652608
0.408807 0.105563 0.060854 0.424775
0.526447 0.0722948 0.0692867 0.331972
0.372771 0.112896 0.00311756 0.511216
0.624007 0.0984437 0.0451386 0.232411
0.674148 0.143685 0.0402153 0.141952
0.44721 0.0626845 0.0144978 0.475608
0.613771 0.111609 0.103168 0.171452
0.728941 0.0851285 9.9991E-05 0.18583
0.180534 9.9991E-05 0.022638 0.796728
0.429579 0.0212718 9.9991E-05 0.549049
0.555479 0.0448703 0.0425823 0.357068
0.263713 0.0585413 9.9991E-05 0.677646
0.514237 0.0388501 9.9991E-05 0.446813
0.192303 0.0172757 0.072098 0.718323
0.333015 9.9991E-05 0.0736091 0.593276
0.419293 0.0515201 0.0974313 0.431756
0.656085 0.0229227 0.127229 0.193763
0.382479 9.9991E-05 0.00439753 0.613023
0.540052 0.126598 0.106184 0.227165
0.595507 9.9991E-05 0.211539 0.192854
0.471273 0.0320142 0.143325 0.353388
0.514892 9.9991E-05 0.160515 0.324493
0.448446 0.0586974 0.0783529 0.414504
0.314392 0.0294486 0.126938 0.529221
0.416918 9.9991E-05 0.139659 0.443324
0.680779 9.9991E-05 0.0644385 0.254683
0.683002 0.0954633 0.0643435 0.157191
0.537266 0.109212 0.0208402 0.332682
0.611577 9.9991E-05 0.129787 0.258537
0.455338 0.145491 0.0405671 0.358604
0.63649 0.0701291 0.0459056 0.247476
0.554145 0.0680522 0.122016 0.255787
0.619927 0.0966585 0.139816 0.143599
0.453783 0.394075 0.152042 9.9991E-05
0.610054 0.167373 0.208211 0.0143618
0.531384 0.213446 0.153294 0.101876
0.630236 0.136567 0.157816 0.0753814
0.438431 0.172386 0.264424 0.124759
0.583419 9.9991E-05 0.0190048 0.397476
0.504708 0.229149 0.114203 0.151939
9.9991E-05 0.254872 0.239833 0.505195
0.597769 0.195456 0.138026 0.0687489
0.612647 0.135539 0.187436 0.064378
0.441122 0.113266 0.314103 0.131509
0.238771 0.228446 0.225309 0.307475
0.560614 0.228645 0.172534 0.0382069
0.491326 0.176346 0.26721 0.0651181
9.9991E-05 0.503525 0.235893 0.260481
0.525311 0.21896 0.224149 0.0315804
0.561004 0.192202 0.188471 0.0583225
0.572787 0.122306 0.174393 0.130514
0.533346 0.200174 0.26638 9.9991E-05
0.683275 0.138496 0.0883138 0.0899155
0.5832 0.0290456 0.12512 0.262635
0.612639 0.112656 0.0932875 0.181417
0.184383 9.9991E-05 0.0202358 0.795281
0.193296 9.9982E-05 9.9982E-05 0.806504
0.505791 0.0365219 0.180309 0.277378
0.401892 0.090353 0.394631 0.113123
0.371693 0.149507 0.370702 0.108098
0.178283 0.255425 0.355286 0.211006
0.473971 0.200687 0.273719 0.051622
0.120613 0.0826718 0.211708 0.585007
0.229995 0.0841982 0.20121 0.484597
0.599886 0.0185078 0.153029 0.228577
0.558902 0.0911515 0.138199 0.211748
0.258413 0.107817 0.141597 0.492173
0.576713 0.0717596 0.171179 0.180348
0.638305 0.057438 0.131718 0.172539
0.489673 0.0925986 0.152948 0.26478
0.467511 0.00442054 0.0280825 0.499986
0.534941 0.0264075 0.0260645 0.412587
0.681641 0.0705401 0.0274138 0.220405
0.429001 0.020665 0.0916548 0.458679
0.551347 0.0805077 0.146821 0.221325
0.642481 0.0446343 9.9991E-05 0.312785
0.428286 9.9991E-05 0.00586217 0.565752
0.754543 0.0244721 0.0500326 0.170952
0.370744 9.9991E-05 0.0257342 0.603422
0.56909 0.0281828 0.0419703 0.360757
0.556071 0.100833 0.108711 0.234385
0.67197 0.0125601 0.0502111 0.265259
0.466812 0.153516 0.293832 0.0858405
0.509283 0.18222 0.146612 0.161885
0.345274 0.15164 0.289896 0.213191
0.336437 0.190292 0.286301 0.18697
0.443823 0.17868 0.216352 0.161146
0.513991 0.231521 0.164799 0.0896896
9.9991E-05 0.180327 0.269909 0.549664
0.542464 0.102013 0.28226 0.0732627
9.9991E-05 0.404363 0.193563 0.401973
0.544324 0.0203822 0.290081 0.145212
0.327974 9.9982E-05 9.9982E-05 0.671826
0.0667098 9.9991E-05 0.0540205 0.87917
0.599977 9.9982E-05 9.9982E-05 0.399823
0.835841 0.0209536 0.0215056 0.121699
0.570086 9.9982E-05 9.9982E-05 0.429714
0.72293 9.9991E-05 0.0127219 0.264248
0.659746 9.9991E-05 0.0300986 0.310055
0.101223 0.848297 0.0329348 0.0175452
9.9991E-05 0.766059 0.0989886 0.134852
9.9982E-05 0.911169 0.0886314 9.9982E-05
0.03774 0.96206 9.9982E-05 9.9982E-05
0.552399 0.00576167 0.130624 0.311216
0.621097 0.0957984 0.00649351 0.276611
0.689992 0.0202781 9.9991E-05 0.28963
0.766445 0.117832 0.00784447 0.107879
0.694423 0.140768 9.9991E-05 0.164709
0.427201 0.0240584 9.9991E-05 0.548641
0.782316 9.9991E-05 0.0638372 0.153747
0.611644 9.9982E-05 9.9982E-05 0.388156
0.488455 0.215544 0.226242 0.0697591
0.604267 9.9991E-05 0.0368369 0.358796
0.5423 9.9982E-05 9.9982E-05 0.4575
0.765433 9.9982E-05 9.9982E-05 0.234367
0.584769 0.00518241 0.0129377 0.397111
0.771138 9.9982E-05 9.9982E-05 0.228662
0.723589 0.107827 0.0072903 0.161294
0.418318 9.9982E-05 9.9982E-05 0.581482
0.486324 0.000307227 0.0144774 0.498891
0.461701 0.0394347 9.9991E-05 0.498764
0.20297 9.9982E-05 9.9982E-05 0.79683
0.588406 0.0106289 0.0564171 0.344548
0.258111 9.9991E-05 0.0475586 0.69423
0.179181 9.9982E-05 9.9982E-05 0.820619
0.748092 0.0165481 0.00502786 0.230332
0.424809 0.0368988 9.9991E-05 0.538192
0.676955 9.9991E-05 0.0429736 0.279971
0.650538 0.256027 0.0933354 9.9991E-05
0.722165 9.9991E-05 0.0327198 0.245015
0.385529 9.9991E-05 0.141179 0.473192
0.679915 0.00375484 0.0645308 0.251799
0.66609 0.0606348 0.00147645 0.271799
0.52716 9.9982E-05 9.9982E-05 0.47264
0.603946 0.0788756 0.135688 0.18149
0.00251289 0.735804 0.00921464 0.252469
0.0982487 0.80251 9.9991E-05 0.0991415
9.9982E-05 0.877161 9.9982E-05 0.122639
9.9982E-05 0.846365 9.9982E-05 0.153435
0.0524832 0.820492 9.9991E-05 0.126925
0.368152 0.0233539 9.9991E-05 0.608394
0.357988 0.0323198 9.9991E-05 0.609592
0.466942 9.9982E-05 9.9982E-05 0.532858
0.607522 0.123977 0.0846073 0.183894
0.669468 0.132948 0.0129441 0.184639
0.558195 0.0201265 9.9991E-05 0.421579
0.677855 9.9991E-05 0.110351 0.211694
0.578777 0.082886 0.0241575 0.31418
0.664469 0.0660759 0.037651 0.231804
0.691383 0.0693895 0.108066 0.131161
0.497321 9.9982E-05 9.9982E-05 0.502479
0.561793 9.9982E-05 9.9982E-05 0.438007
0.57019 9.9982E-05 9.9982E-05 0.42961
0.735149 0.184919 9.9991E-05 0.0798317
0.699075 0.00950303 9.9991E-05 0.291322
0.569486 0.0493054 0.0329777 0.348231
0.359988 0.0866626 0.509727 0.0436227
0.429594 0.0826408 0.487665 9.9991E-05
0.382839 0.110381 0.506679 9.9991E-05
0.298137 0.180393 0.52137 9.9991E-05
0.455802 0.258475 0.285623 9.9991E-05
0.631184 0.0642922 0.050461 0.254063
0.000529094 0.246138 0.716527 0.0368062
0.285623 0.142364 0.532195 0.039818
0.435292 0.136328 0.227687 0.200693
0.652702 0.194404 0.013094 0.139799
0.453481 0.126823 0.096988 0.322708
0.619757 0.188928 0.108429 0.0828851
0.818292 0.0935757 9.9991E-05 0.0880325
0.253847 0.231671 0.514382 9.9991E-05
0.417648 0.176758 0.405493 9.9991E-05
0.422892 0.0533241 0.523684 9.9991E-05
0.584236 0.133191 0.227458 0.0551149
0.344024 0.130455 0.525421 9.9991E-05
0.532018 0.150366 0.317516 9.9991E-05
0.30028 0.151499 0.512162 0.0360599
0.382181 0.11097 0.460341 0.0465084
0.630046 0.134601 0.0579004 0.177453
0.34687 0.237821 0.415209 9.9991E-05
0.194483 0.194979 0.610437 9.9991E-05
0.347526 0.146206 0.423041 0.0832273
0.358648 0.2342 9.9991E-05 0.407052
0.581863 0.0405254 0.193504 0.184108
0.410277 0.178516 0.354886 0.0563215
0.581568 0.0711003 0.115735 0.231596
0.555257 0.241375 0.0283665 0.175001
0.433863 0.163376 0.240004 0.162757
0.28889 0.207102 0.362481 0.141527
0.641917 0.124361 0.18728 0.0464424
0.390756 0.138199 0.414093 0.0569526
0.371169 0.0901578 0.527903 0.0107701
0.172437 0.242057 0.585405 9.9991E-05
0.639267 0.156201 0.0585713 0.14596
0.560407 0.173188 9.9991E-05 0.266305
0.187212 0.171459 0.115619 0.52571
0.546379 0.111576 0.149806 0.19224
0.445278 0.14343 0.058916 0.352376
0.463199 0.237671 0.195554 0.103576
0.525652 0.188515 0.0747817 0.211051
9.9991E-05 0.348968 0.279646 0.371286
9.9991E-05 0.391391 0.213791 0.394718
0.327513 0.249389 0.104692 0.318406
0.0305185 0.390993 0.243897 0.334592
9.9991E-05 0.523389 0.293227 0.183284
0.442817 0.14309 0.189593 0.2245
0.450373 0.224682 0.216958 0.107986
0.173931 0.271491 0.23323 0.321348
0.121278 0.395217 0.193017 0.290489
0.557464 0.188868 0.152958 0.10071
0.23259 0.24994 0.181432 0.336038
9.9991E-05 0.500186 0.161558 0.338155
0.518637 0.15058 0.225228 0.105555
0.374494 0.219276 0.251217 0.155012
0.45589 0.351746 0.192264 9.9991E-05
0.570581 0.122501 0.306818 9.9991E-05
0.702014 0.16347 0.134416 9.9991E-05
0.458025 0.157628 0.307038 0.07731
0.377953 0.415307 0.206639 9.9991E-05
0.596645 0.236368 0.166886 9.9991E-05
0.464147 0.296459 0.239294 9.9991E-05
0.277974 0.251121 0.326103 0.144802
0.385997 0.171462 0.14046 0.30208
0.616268 0.196858 0.119055 0.0678188
0.525231 0.291309 0.18336 9.9991E-05
0.688773 0.171595 0.0720771 0.0675546
0.384577 0.266055 0.334463 0.0149047
0.515533 0.230386 0.186353 0.0677285
0.151648 0.432152 0.248508 0.167693
0.490809 0.180461 0.269234 0.0594954
0.250836 0.317661 0.331095 0.100408
0.0451165 0.820849 0.0156039 0.118431
0.207661 0.193683 9.9991E-05 0.598555
9.9982E-05 0.156398 9.9982E-05 0.843402
0.0906461 0.19967 9.9991E-05 0.709584
0.0920214 0.118054 9.9991E-05 0.789825
0.139571 0.150462 9.9991E-05 0.709868
0.201418 0.0945026 9.9991E-05 0.703979
9.9982E-05 0.20942 9.9982E-05 0.79038
0.0843481 0.329258 9.9991E-05 0.586294
0.0399805 0.929442 0.0304771 9.9991E-05
0.0733797 0.876535 9.9991E-05 0.049985
0.0397501 0.90044 0.0597097 9.9991E-05
0.0652345 0.86724 9.9991E-05 0.067426
9.9991E-05 0.886575 0.0918946 0.0214304
9.9991E-05 0.91656 0.0201833 0.063157
9.9991E-05 0.764615 0.178931 0.0563544
0.0605425 0.891561 0.0477968 9.9991E-05
0.0717782 0.757541 0.0740602 0.096621
9.9982E-05 0.924357 0.0754434 9.9982E-05
9.998E-05 0.9997 9.998E-05 9.998E-05
0.034498 0.862911 0.0601169 0.0424743
9.9982E-05 0.998862 0.000938352 9.9982E-05
0.08287 0.904189 0.0128415 9.9991E-05
0.0824462 0.867201 0.0502528 9.9991E-05
0.0360156 0.869827 0.0940579 9.9991E-05
0.0341459 0.773193 0.192561 9.9991E-05
0.107988 0.784288 0.107624 9.9991E-05
0.104089 0.833363 0.0624478 9.9991E-05
0.504953 0.208018 0.00801497 0.279013
0.793285 0.0975423 9.9991E-05 0.109073
0.692557 0.165183 0.0349347 0.107325
0.143465 0.0483475 0.126291 0.681897
0.657335 0.12562 9.9991E-05 0.216944
0.210224 0.209467 0.0522629 0.528047
0.689824 0.15147 0.119781 0.0389246
0.491931 0.145991 9.9991E-05 0.361978
0.611194 0.141207 0.000575362 0.247023
0.687639 0.0722517 9.9991E-05 0.24001
0.570243 0.186052 0.0175383 0.226167
0.78944 0.0561131 9.9991E-05 0.154347
0.64964 0.187681 9.9991E-05 0.162579
0.0645349 9.9991E-05 0.147039 0.788326
0.0342978 0.0820204 0.0315067 0.852175
0.196622 0.147982 0.0829457 0.57245
0.647083 0.139362 0.0605197 0.153035
0.614899 0.18181 0.00332108 0.19997
0.646088 0.161987 9.9991E-05 0.191825
0.695765 0.0913078 0.112527 0.1004
0.61934 0.227727 0.137819 0.0151137
0.628373 0.190013 0.159729 0.0218857
0.15056 0.419841 0.169091 0.260509
0.718945 0.180218 0.0646458 0.0361916
0.483173 0.273451 0.134165 0.109211
9.9991E-05 0.471892 0.2092 0.318808
0.345154 0.250882 0.304026 0.0999375
0.348751 0.398087 0.156307 0.0968549
0.516024 0.372105 0.0503194 0.0615516
0.57617 0.178418 0.212778 0.0326337
0.591319 0.243126 0.146882 0.0186735
0.613146 0.154095 0.232659 9.9991E-05
0.405792 0.123917 0.230708 0.239582
0.350955 0.517264 0.131682 9.9991E-05
