0.0479213 9.9991E-05 0.948758 0.00322064
0.0106574 0.00192041 0.95616 0.0312626
0.0472114 0.0923874 0.860301 9.9991E-05
0.0729808 0.0746928 0.850755 0.00157165
0.0526341 0.052501 0.894765 9.9991E-05
0.179786 9.9991E-05 0.609985 0.210128
9.9982E-05 9.9982E-05 0.860358 0.139442
0.045356 0.0221425 0.780705 0.151797
9.9982E-05 9.9982E-05 0.850902 0.148898
0.117988 0.0536076 0.725611 0.102793
9.9991E-05 0.0564394 0.781334 0.162126
0.0619416 0.36749 0.0548834 0.515685
0.0329829 0.724612 0.0404559 0.201949
0.0232267 0.405622 0.108805 0.462347
0.121782 0.456574 0.11989 0.301754
0.113684 0.514139 0.173475 0.198702
0.151775 0.627227 0.0739161 0.147081
0.0743662 0.554251 0.0859902 0.285393
0.0783819 0.455909 0.159504 0.306204
0.0478825 0.0934139 0.152496 0.706208
0.0930027 0.581718 0.0204777 0.304802
0.0981662 0.469487 0.0968866 0.335461
9.9991E-05 0.692487 0.122191 0.185222
0.122149 0.440791 0.0221404 0.41492
0.0806723 0.611035 0.182706 0.125587
0.0218281 0.748157 0.0544521 0.175563
0.104153 0.305293 0.088951 0.501603
0.176922 0.340792 0.090232 0.392055
0.00413734 0.364062 0.112525 0.519276
0.118408 0.060611 0.820881 9.9991E-05
0.0190619 0.144052 0.836786 9.9991E-05
0.0540811 0.134415 0.811404 9.9991E-05
0.11494 0.0851668 0.788591 0.0113023
9.9991E-05 0.746957 0.0365483 0.216395
9.9991E-05 0.677118 0.14123 0.181553
0.0360076 0.686087 0.0215485 0.256357
9.9991E-05 0.299386 0.201516 0.498998
0.0536682 0.528522 0.00797879 0.409831
0.083426 0.587114 0.0869096 0.24255
0.0707034 0.831429 0.0340363 0.0638313
9.9991E-05 0.750651 0.142591 0.106658
0.0609185 0.609512 0.147545 0.182025
9.9982E-05 0.383361 9.9982E-05 0.616439
0.0888803 0.680173 0.0336987 0.197248
0.0473964 0.669198 0.124535 0.158871
0.0966085 0.587294 0.1742 0.141898
9.9982E-05 0.5621 9.9982E-05 0.4377
0.0154131 0.731462 0.0895443 0.16358
0.057689 0.643462 0.115617 0.183232
9.9991E-05 0.0478873 0.0949144 0.857098
9.9991E-05 0.334841 0.0552333 0.609825
0.0682916 0.168722 0.0566424 0.706344
0.0928015 0.63811 0.122074 0.147015
0.166459 0.586132 0.0624958 0.184913
0.0924296 0.645544 0.112773 0.149253
9.9991E-05 0.208096 0.153673 0.638131
0.0426481 0.613048 0.0627072 0.281597
0.123672 0.5898 0.107995 0.178534
9.9991E-05 0.48337 0.231278 0.285251
0.0818415 0.134408 0.234322 0.549428
0.0462914 0.658357 0.10645 0.188902
0.0752566 0.510648 0.0985383 0.315557
9.9991E-05 0.125221 0.122782 0.751897
0.040881 0.611179 0.0295413 0.318399
9.9991E-05 0.72649 0.122447 0.150963
0.130792 0.551153 0.152734 0.165321
0.0656706 0.340285 0.0365899 0.557454
0.00311697 0.657001 0.0820424 0.257839
0.0226292 0.643139 0.0621967 0.272035
9.9991E-05 0.312985 0.12835 0.558566
9.9982E-05 0.691762 9.9982E-05 0.308038
9.9991E-05 0.432022 0.00804089 0.559837
9.9991E-05 0.679343 0.131887 0.18867
9.9982E-05 0.245302 9.9982E-05 0.754498
9.9982E-05 0.224947 9.9982E-05 0.774854
9.9982E-05 0.519906 9.9982E-05 0.479894
9.9991E-05 0.627601 0.0702547 0.302044
0.0382016 0.64884 0.17537 0.137589
0.0233471 0.611109 0.0287842 0.33676
9.9991E-05 0.421092 0.0742782 0.50453
9.9991E-05 0.467566 0.0667486 0.465586
0.0700137 0.613509 0.0860192 0.230458
0.0114305 0.534009 0.0536999 0.40086
0.0033096 0.642218 0.0340196 0.320453
9.9982E-05 0.625981 9.9982E-05 0.373819
0.0341396 0.197614 9.9991E-05 0.768147
0.0974318 0.642461 0.0230866 0.237021
0.0377254 0.0757168 0.847869 0.0386891
9.9982E-05 0.0808984 0.918902 9.9982E-05
0.0513443 0.0775148 0.871041 9.9991E-05
0.0244402 0.0570076 0.918452 9.9991E-05
0.0452444 0.0794727 0.875183 9.9991E-05
0.0687959 0.0279741 0.90313 9.9991E-05
0.048213 0.0260789 0.925608 9.9991E-05
0.0900022 0.667961 0.135965 0.106072
0.0743032 0.728142 0.118342 0.079213
9.9991E-05 0.279764 0.00369846 0.716437
0.0599946 0.604357 0.150374 0.185275
9.9991E-05 0.649466 0.0906678 0.259766
0.049378 0.766056 0.0817955 0.10277
0.00503601 0.759704 0.0823971 0.152862
0.0750999 0.654619 9.9991E-05 0.270181
9.9991E-05 0.165494 0.0493468 0.785059
0.058236 0.617943 0.122296 0.201525
0.032874 0.721693 0.0953914 0.150042
0.0633746 0.619976 0.129177 0.187472
0.0207938 0.522437 0.0451482 0.411621
9.9982E-05 0.725738 9.9982E-05 0.274062
9.9991E-05 0.613008 0.0829273 0.303965
0.0399426 0.581164 9.9991E-05 0.378794
9.9991E-05 0.588549 0.116651 0.2947
0.101423 0.56634 0.126303 0.205934
0.0558335 0.270419 0.0844826 0.589265
0.0468337 0.511753 0.194787 0.246627
0.0401997 0.667293 0.118399 0.174109
0.111906 0.65597 0.102808 0.129317
9.9991E-05 0.621616 0.0886777 0.289607
0.0606396 0.626776 0.0410065 0.271578
9.9991E-05 0.613091 0.1495 0.237309
9.9991E-05 0.747752 0.0943343 0.157814
0.105969 0.607325 0.0700212 0.216685
9.9991E-05 0.749979 0.0879261 0.161995
9.9991E-05 0.591801 0.0518417 0.356258
0.149402 0.677656 0.023345 0.149596
0.00962007 0.668486 0.158353 0.163541
0.0762943 0.625048 0.0661148 0.232543
0.0953961 0.700545 0.0311904 0.172868
0.146531 0.629968 0.0197145 0.203786
0.0427365 0.421661 0.22551 0.310093
0.0117743 0.803705 0.0869515 0.097569
0.080971 0.791376 0.0127586 0.114895
0.0609751 0.335913 0.0728259 0.530286
0.0623353 0.22539 0.104137 0.608137
0.0593768 0.62741 0.0498253 0.263387
0.0978184 0.149381 9.9991E-05 0.752701
9.9991E-05 0.423009 0.0938318 0.483059
9.9991E-05 0.557653 0.0681346 0.374113
9.9991E-05 0.435223 0.0880598 0.476618
0.017506 0.409864 0.0491493 0.52348
0.00185463 0.695234 0.186364 0.116547
0.0523699 0.716444 0.0485528 0.182633
0.00781171 0.632621 0.156808 0.202759
0.0761946 0.198012 0.0367908 0.689003
9.9991E-05 0.624949 0.174071 0.20088
0.003586 0.66362 0.135724 0.19707
0.0440661 0.0951813 0.216477 0.644276
0.0334502 0.737389 0.148281 0.0808804
0.117815 0.419512 0.112382 0.350292
0.112204 0.560967 0.132196 0.194634
0.066404 0.312884 0.139453 0.481259
9.9991E-05 0.289022 0.137741 0.573138
9.9991E-05 0.553884 0.10435 0.341666
0.0556112 0.607666 0.173865 0.162858
0.103888 0.537584 0.141606 0.216922
0.29217 9.9991E-05 0.0561653 0.651565
0.106582 0.591644 0.126515 0.17526
9.9982E-05 0.51979 9.9982E-05 0.48001
0.108156 0.511898 9.9991E-05 0.379847
0.0832001 0.647949 0.0868116 0.182039
0.285814 0.167851 0.361366 0.184969
0.225049 9.9991E-05 0.591949 0.182902
0.22801 9.9991E-05 0.496661 0.275229
0.365862 0.0700654 0.417633 0.14644
0.050875 0.688471 9.9991E-05 0.260554
0.0964411 0.616863 0.101638 0.185058
0.658459 0.341341 9.9982E-05 9.9982E-05
0.439411 0.448235 0.0363229 0.0760305
0.420634 0.384882 0.0803062 0.114178
0.0740776 0.431309 0.0233827 0.471231
0.0897526 0.636008 0.0785915 0.195648
0.0942106 0.262282 0.0206497 0.622857
0.118309 0.634518 0.0267015 0.220472
9.9991E-05 0.601472 0.0556481 0.34278
0.119905 0.610068 0.010608 0.259419
0.0600577 0.295912 0.0179333 0.626098
0.120358 0.62325 0.0823795 0.174012
0.0255112 0.566 0.134073 0.274416
0.963561 0.0362393 9.9982E-05 9.9982E-05
0.882104 0.117696 9.9982E-05 9.9982E-05
0.664277 0.274011 9.9991E-05 0.0616116
0.737455 0.244384 0.0180612 9.9991E-05
0.829178 0.168419 0.00230314 9.9991E-05
0.9997 9.998E-05 9.998E-05 9.998E-05
0.974883 9.9982E-05 0.0249174 9.9982E-05
0.861699 0.138101 9.9982E-05 9.9982E-05
0.980903 0.0188967 9.9982E-05 9.9982E-05
0.9997 9.998E-05 9.998E-05 9.998E-05
0.9997 9.998E-05 9.998E-05 9.998E-05
0.79208 0.190286 0.0175346 9.9991E-05
0.779101 0.101592 0.119207 9.9991E-05
0.98877 9.9982E-05 9.9982E-05 0.0110297
0.381988 0.510572 0.0769876 0.0304521
0.662203 0.231844 0.0722635 0.0336889
0.721779 0.205272 0.0728491 9.9991E-05
0.841976 0.146351 9.9991E-05 0.0115729
0.9997 9.998E-05 9.998E-05 9.998E-05
0.89628 0.0661882 0.032559 0.00497298
0.9997 9.998E-05 9.998E-05 9.998E-05
0.6218 0.314747 0.0362894 0.0271628
0.908555 0.0371343 0.0294752 0.0248359
0.154471 9.9991E-05 0.369649 0.47578
0.102015 0.459914 0.226893 0.211177
0.0807572 0.501039 0.238634 0.17957
0.197769 0.191827 0.212276 0.398128
0.147863 0.543743 0.14835 0.160044
0.168224 0.267001 0.294086 0.270688
0.0695843 0.477763 0.232868 0.219785
0.240521 0.355576 0.1593 0.244603
0.155846 0.568652 0.224729 0.050773
0.25254 0.390402 0.181018 0.176039
0.0807058 0.653967 0.179515 0.0858117
9.9991E-05 0.0445862 0.868678 0.0866357
0.0950611 9.9991E-05 0.898948 0.00589081
9.9991E-05 0.00169559 0.987608 0.0105964
9.9982E-05 0.0221335 0.977667 9.9982E-05
0.0167363 0.032248 0.944451 0.00656474
0.0903628 9.9982E-05 0.909437 9.9982E-05
0.107406 9.9982E-05 0.892394 9.9982E-05
0.00473005 0.040227 0.924627 0.0304159
0.0412466 0.0110057 0.937535 0.0102127
0.10608 9.9982E-05 0.89372 9.9982E-05
9.9982E-05 9.9982E-05 0.685021 0.314779
9.9991E-05 0.0225831 0.662208 0.315109
9.9982E-05 9.9982E-05 0.591641 0.408159
9.9991E-05 0.000313519 0.563903 0.435684
9.9991E-05 0.685449 0.0852708 0.22918
0.0243828 0.625119 0.052776 0.297722
0.0215301 0.674889 0.041478 0.262103
9.9991E-05 0.507715 0.12373 0.368456
0.00282992 0.255185 0.00885354 0.733131
0.06334 0.724111 0.0287566 0.183793
0.0305671 0.737264 9.9991E-05 0.232069
0.0179411 0.69664 9.9991E-05 0.285319
9.9982E-05 0.640792 9.9982E-05 0.359008
0.0317791 0.781645 0.0939272 0.0926483
9.9991E-05 0.611765 0.0194505 0.368685
0.055764 0.0449661 9.9991E-05 0.89917
0.00377734 0.685528 0.0086934 0.302001
0.0524874 0.419765 0.00718792 0.52056
0.0278947 0.673457 0.0254515 0.273196
9.9991E-05 0.329988 0.0353551 0.634557
9.9991E-05 0.0138125 0.243739 0.742348
9.9991E-05 0.0794606 0.231457 0.688982
9.9991E-05 0.0081622 0.174012 0.817726
9.9982E-05 9.9982E-05 0.237063 0.762737
9.9991E-05 0.0791726 0.161962 0.758766
9.9991E-05 0.165795 0.217504 0.616601
0.0446373 0.0838553 0.871407 9.9991E-05
0.104355 0.0565556 0.838989 9.9991E-05
0.152409 0.0713134 0.776177 9.9991E-05
0.135685 0.0540643 0.803639 0.00661175
0.059291 0.115552 0.800668 0.0244884
9.9982E-05 9.9982E-05 0.491161 0.508639
9.9982E-05 9.9982E-05 0.570193 0.429607
9.9982E-05 9.9982E-05 0.536679 0.463122
0.0710939 0.0946099 0.834196 9.9991E-05
9.9982E-05 9.9982E-05 0.492404 0.507396
0.387704 0.345114 0.253966 0.0132158
0.28237 0.539042 0.139239 0.0393493
0.268405 0.57785 0.153645 9.9991E-05
0.204468 0.400565 0.288176 0.10679
0.110515 0.586063 0.187575 0.115848
0.398931 9.9991E-05 0.447073 0.153896
9.9991E-05 0.592664 0.0232388 0.383998
9.9991E-05 0.453287 0.0746978 0.471915
9.9991E-05 0.377189 0.168297 0.454414
0.0272285 0.597755 0.00468424 0.370332
0.00802105 9.9982E-05 9.9982E-05 0.991779
0.0820681 0.561605 0.151802 0.204525
9.9991E-05 0.663135 0.0290265 0.307738
9.9991E-05 0.482823 0.0791602 0.437917
0.0245274 0.635947 0.117089 0.222437
0.0284246 0.205884 0.0329361 0.732755
0.0376296 0.541097 0.0723579 0.348915
0.044162 0.650054 0.0339245 0.27186
0.205005 0.469994 0.167 0.158001
0.0734251 0.434284 9.9991E-05 0.492191
0.0698133 0.493884 0.0506823 0.38562
0.117154 0.599159 0.042346 0.241341
9.9991E-05 0.699608 0.0298614 0.270431
0.129697 0.670829 0.0322625 0.167212
0.0859055 0.605008 0.119701 0.189385
0.0648395 0.678739 0.101542 0.15488
0.117416 0.101891 0.780593 9.9991E-05
0.0779772 0.0805979 0.841325 9.9991E-05
0.0072104 0.0855687 0.823897 0.0833238
0.0395547 0.0600553 0.861452 0.0389381
0.0314621 0.112658 0.85578 9.9991E-05
0.0343906 0.259617 0.101201 0.604792
0.0878188 0.586683 0.0753789 0.250119
0.160604 0.55036 0.244507 0.0445283
0.088418 0.691209 0.0223714 0.198002
9.9991E-05 0.639149 0.125328 0.235423
0.0991191 0.329181 0.041639 0.530061
9.9991E-05 0.0781697 0.252274 0.669457
0.00414785 0.611866 0.0882386 0.295748
9.9991E-05 0.276476 0.13716 0.586264
0.0675585 0.512776 0.0545908 0.365074
0.00486755 0.230975 0.196546 0.567611
0.0346723 0.6996 0.181935 0.0837928
9.9991E-05 0.297251 0.172366 0.530282
0.073704 0.436227 0.0754641 0.414605
0.129232 0.497411 0.00632916 0.367028
0.0699518 0.376508 0.0575112 0.496029
9.9991E-05 0.694302 0.0923825 0.213215
0.0774195 0.552601 0.152145 0.217834
9.9991E-05 0.50872 0.0533976 0.437783
0.137241 0.468321 0.0890704 0.305367
9.9991E-05 0.655852 0.0733502 0.270698
9.9991E-05 0.230601 0.0179839 0.751315
0.0362166 0.380944 0.00346839 0.579371
9.9991E-05 0.662397 0.0392784 0.298224
9.9991E-05 0.291683 0.036813 0.671404
9.9991E-05 0.594737 0.0503185 0.354844
0.00267465 0.232133 0.114464 0.650728
0.0166132 0.329746 9.9991E-05 0.653541
0.0962789 0.4175 0.0759207 0.410301
0.0836347 0.686392 0.0758729 0.154101
9.9982E-05 0.35509 9.9982E-05 0.64471
0.0923039 0.54294 0.113856 0.2509
0.105321 0.641849 0.0376918 0.215138
0.0397384 0.577208 0.112302 0.270752
0.132755 0.50717 0.0270984 0.332976
0.077523 0.504099 0.0964862 0.321891
0.107341 0.316556 0.0356701 0.540433
0.120411 0.441131 0.00348175 0.434977
0.0678358 0.717436 0.0173938 0.197334
0.0483474 0.625365 0.0918706 0.234417
0.0300348 0.462906 0.101368 0.405691
0.206926 0.503673 0.00363426 0.285767
0.0700996 0.422765 0.137093 0.370042
9.9991E-05 0.756397 0.0640611 0.179441
9.9991E-05 0.700135 0.096875 0.20289
0.114361 0.580101 0.11975 0.185788
0.182401 0.447551 0.351958 0.0180903
0.253851 0.507096 0.151311 0.0877428
0.240221 0.523197 0.144485 0.0920961
0.144833 0.662358 0.0741509 0.118658
0.263126 0.512742 0.220161 0.00397059
0.0722979 0.52977 9.9991E-05 0.397832
0.182454 0.519996 0.166914 0.130636
0.233814 0.0236926 0.255881 0.486613
0.217083 0.532427 0.0995028 0.150987
0.200629 0.626636 0.140389 0.0323461
0.230614 0.507429 0.0924933 0.169465
0.165341 0.336185 0.217715 0.280759
0.146003 0.599171 0.19769 0.0571354
0.265385 0.511733 0.152939 0.0699437
0.236208 9.9991E-05 0.52621 0.237481
0.195475 0.549636 0.254789 9.9991E-05
0.225205 0.590368 0.152168 0.0322593
0.0539331 0.692442 0.14917 0.104455
0.215282 0.602254 0.182364 9.9991E-05
0.150285 0.580315 0.192805 0.0765953
0.149674 0.523414 9.9991E-05 0.326811
0.118114 0.499266 0.0951065 0.287513
0.0692828 0.145998 9.9991E-05 0.784619
0.0173262 0.145705 9.9991E-05 0.836869
0.0944627 0.587915 0.0807892 0.236833
0.335744 0.413405 0.112976 0.137874
0.398001 0.39124 0.12689 0.0838692
0.348086 0.177187 0.216264 0.258463
0.325599 0.368222 0.207246 0.0989326
0.268018 0.0836444 0.0365436 0.611794
0.162368 0.297369 0.13008 0.410183
0.226177 0.50577 9.9991E-05 0.267953
0.19629 0.444427 0.028954 0.330329
0.269654 0.220146 0.00575696 0.504444
0.119979 0.617452 0.121682 0.140888
0.183556 0.536511 9.9991E-05 0.279833
0.114298 0.571765 0.145101 0.168835
9.9991E-05 0.467408 0.00367929 0.528812
0.0652519 0.459045 0.000607848 0.475095
0.0659052 0.673181 9.9991E-05 0.260813
0.073265 0.470309 0.0709016 0.385524
0.0779725 0.586814 0.148857 0.186357
0.0306251 0.653098 9.9991E-05 0.316177
0.0783867 0.286359 9.9991E-05 0.635154
0.133448 0.626985 0.0218967 0.21767
0.0852501 0.314058 9.9991E-05 0.600592
0.0737709 0.511701 0.0618805 0.352647
0.10488 0.672007 0.0304061 0.192707
0.0889374 0.573974 9.9991E-05 0.336988
0.174363 0.59865 0.14936 0.0776263
0.207921 0.45556 0.183833 0.152685
0.296687 0.430891 0.143763 0.128659
0.299346 0.245442 0.168937 0.286275
0.28932 0.448556 0.175038 0.087086
0.205175 0.482676 0.166644 0.145505
0.240089 9.9991E-05 0.176236 0.583575
0.23375 0.583557 0.140481 0.0422124
0.234302 9.9991E-05 0.386209 0.379389
0.303449 0.536361 0.0168934 0.143297
0.0218853 0.244788 9.9991E-05 0.733227
0.0684158 0.071145 9.9991E-05 0.860339
0.055117 0.571453 9.9991E-05 0.37333
0.0233666 0.674191 0.0787666 0.223676
9.9982E-05 0.542707 9.9982E-05 0.457093
0.0857492 0.607106 9.9991E-05 0.307045
0.0437545 0.616251 9.9991E-05 0.339894
0.085024 0.0783216 0.788506 0.0481487
0.157157 9.9991E-05 0.727139 0.115604
0.0536105 9.9982E-05 0.94619 9.9982E-05
9.9982E-05 0.046594 0.953206 9.9982E-05
0.0231482 0.65686 0.0445744 0.275417
0.0702273 0.613687 0.0923024 0.223784
9.9982E-05 0.702766 9.9982E-05 0.297034
9.9991E-05 0.767392 0.134665 0.0978427
0.0759792 0.655412 0.123158 0.145451
9.9991E-05 0.457227 0.016438 0.526235
0.0162544 0.847261 0.0121372 0.124347
9.9991E-05 0.556604 0.0107113 0.432585
0.232294 0.428737 0.307716 0.0312531
0.0544873 0.618065 9.9991E-05 0.327348
9.9982E-05 0.595051 9.9982E-05 0.404749
9.9991E-05 0.739206 0.0223305 0.238364
9.9991E-05 0.616729 0.0319462 0.351225
0.0525487 0.731391 9.9991E-05 0.21596
0.0012791 0.802439 0.0957612 0.100521
9.9982E-05 0.356122 9.9982E-05 0.643678
0.0149438 0.487883 9.9991E-05 0.497074
0.0509225 0.495172 9.9991E-05 0.453806
0.000247597 0.162767 9.9991E-05 0.836885
9.9991E-05 0.645284 0.0676454 0.286971
9.9982E-05 0.332302 9.9982E-05 0.667498
0.0588752 0.0417042 9.9991E-05 0.899321
0.0530862 0.717824 9.9991E-05 0.22899
9.9991E-05 0.441253 0.0338507 0.524797
0.0984575 0.511467 9.9991E-05 0.389976
0.0714323 0.720351 0.0854818 0.122734
0.0135509 0.707518 0.0259281 0.253003
0.14182 0.328906 9.9991E-05 0.529174
0.0225186 0.722053 9.9991E-05 0.255329
0.00956186 0.606373 0.049965 0.3341
9.9982E-05 0.556699 9.9982E-05 0.443101
0.0292561 0.591688 0.15237 0.226686
9.9982E-05 9.9982E-05 0.708951 0.29085
0.0220023 0.0825995 0.814715 0.0806836
9.9982E-05 9.9982E-05 0.863102 0.136698
9.9982E-05 9.9982E-05 0.874819 0.124981
9.9991E-05 0.0802652 0.812992 0.106642
9.9991E-05 0.452675 0.029253 0.517972
9.9991E-05 0.362979 0.0386771 0.598244
9.9982E-05 0.41515 9.9982E-05 0.58465
0.144442 0.510034 0.0628026 0.282722
0.00794552 0.73882 0.244306 0.00892933
9.9991E-05 0.54869 0.0245922 0.426618
0.112624 0.642653 9.9991E-05 0.244622
0.0812711 0.621304 9.9991E-05 0.297325
0.0244806 0.737173 0.0962271 0.14212
0.0619363 0.801924 0.065114 0.0710261
9.9982E-05 0.479979 9.9982E-05 0.519821
9.9982E-05 0.611093 9.9982E-05 0.388707
9.9982E-05 0.55014 9.9982E-05 0.44966
0.0281092 0.682363 0.186717 0.102811
9.9982E-05 0.647277 9.9982E-05 0.352523
0.0615885 0.534387 0.0311422 0.372882
0.408521 0.454959 0.136419 9.9991E-05
0.428555 0.444932 0.126413 9.9991E-05
0.401582 0.49 0.108318 9.9991E-05
0.469814 0.276446 0.207379 0.0463604
0.386278 0.415719 0.166945 0.0310584
0.0468326 0.623579 0.0309525 0.298636
0.659859 0.0617981 0.278243 9.9991E-05
0.495543 0.276063 0.228295 9.9991E-05
0.196308 0.508632 0.137712 0.157348
9.9991E-05 0.767107 0.196448 0.0363456
9.9991E-05 0.589767 0.192647 0.217485
0.0337491 0.700657 0.131492 0.134102
9.9991E-05 0.770253 0.182531 0.0471158
0.513369 0.289624 0.196907 9.9991E-05
0.403252 0.463724 0.10178 0.031245
0.557007 0.39976 0.0245078 0.0187252
0.308036 0.457429 0.111651 0.122884
0.55384 0.299058 0.095856 0.0512459
0.369764 0.431311 0.136481 0.0624441
0.553726 0.326148 0.120026 9.9991E-05
0.301592 0.495159 0.181974 0.0212744
0.0573011 0.69755 0.134056 0.111093
0.220677 0.501704 0.273107 0.00451278
0.68788 0.151486 0.160306 0.00032735
0.412448 0.332361 0.126999 0.128192
9.9991E-05 0.294043 0.243222 0.462636
0.0758349 0.716091 0.0328586 0.175215
0.318724 0.423254 0.171496 0.0865252
0.0731936 0.683276 0.132393 0.111137
0.0360283 0.605738 0.189021 0.169213
0.215276 0.452832 0.231081 0.10081
0.327857 0.363586 0.223256 0.0853004
0.0954435 0.681311 0.129474 0.0937715
0.354197 0.461921 0.183782 9.9991E-05
0.495302 0.410201 0.0943977 9.9991E-05
0.622183 0.182132 0.195585 9.9991E-05
0.0860872 0.670235 0.160432 0.0832457
9.9991E-05 0.555328 0.182215 0.262357
0.0829838 0.182287 0.219027 0.515702
0.0686112 0.635322 0.25119 0.0448769
0.0591214 0.474223 0.151363 0.315292
0.147094 0.575099 0.23926 0.0385473
0.0957091 0.559653 0.178486 0.166152
0.287332 9.9991E-05 0.350383 0.362185
0.222075 9.9991E-05 0.382009 0.395816
0.143328 0.317202 0.185456 0.354013
0.304744 9.9991E-05 0.334524 0.360632
0.310931 9.9991E-05 0.467315 0.221654
0.211534 0.395722 0.11922 0.273525
0.196577 0.39935 0.229034 0.17504
0.215575 0.189593 0.333073 0.261759
0.270485 0.0367568 0.323445 0.369313
0.110165 0.501724 0.188064 0.200046
0.236725 0.149056 0.212778 0.401441
0.15687 9.9991E-05 0.523418 0.319612
0.142075 0.636201 0.134683 0.0870411
0.263121 0.368631 0.205787 0.162461
0.156904 0.479391 0.355511 0.00819463
0.333399 0.538333 0.128168 9.9991E-05
0.22254 0.550423 0.17162 0.0554169
0.227433 0.60377 0.154157 0.0146402
0.230674 0.3936 0.375626 9.9991E-05
0.149207 0.588305 0.262389 9.9991E-05
0.266584 0.491954 0.241362 9.9991E-05
0.263442 0.379936 0.218178 0.138445
0.124424 0.446775 0.16608 0.262721
0.0810763 0.638157 0.144099 0.136668
0.143566 0.610957 0.201832 0.0436451
0.111762 0.656029 0.119377 0.112831
0.295281 0.383716 0.320904 9.9991E-05
0.206665 0.488123 0.205092 0.100121
0.285543 0.155353 0.397667 0.161437
0.217497 0.601525 0.180878 9.9991E-05
0.399454 0.213938 0.247311 0.139298
0.0280383 9.9991E-05 0.820127 0.151735
9.9991E-05 0.203652 0.159916 0.636332
9.9982E-05 9.9982E-05 0.177087 0.822713
9.9991E-05 0.021894 0.209561 0.768445
9.9991E-05 0.0892371 0.135213 0.77545
9.9991E-05 0.0916205 0.190761 0.717518
9.9991E-05 0.153404 0.150138 0.696358
9.9982E-05 9.9982E-05 0.204637 0.795163
9.9991E-05 0.0523858 0.384204 0.563311
0.0169913 0.0327424 0.950166 9.9991E-05
9.9991E-05 0.0742348 0.873192 0.0524728
0.0859558 0.0269363 0.874534 0.0125736
9.9991E-05 0.0605119 0.857411 0.0819767
0.0171775 0.0337586 0.948964 9.9991E-05
0.00427831 9.9991E-05 0.944328 0.0512941
0.135488 0.0180809 0.777037 0.0693941
0.0839859 0.0319508 0.883963 9.9991E-05
0.0521337 0.0915264 0.75433 0.10201
0.0802857 9.9982E-05 0.919514 9.9982E-05
9.9982E-05 9.9982E-05 0.99494 0.00486014
0.0551414 0.014078 0.848352 0.0824291
0.00152699 9.9982E-05 0.998273 9.9982E-05
0.0493853 0.035893 0.914622 9.9991E-05
0.0541952 0.0797495 0.865955 9.9991E-05
0.073659 0.11353 0.812711 9.9991E-05
0.170758 0.0596236 0.769519 9.9991E-05
0.134962 0.0998735 0.765065 9.9991E-05
0.101829 0.0907947 0.807276 9.9991E-05
9.9991E-05 0.496453 0.217372 0.286074
9.9991E-05 0.805753 0.0916866 0.10246
0.0950688 0.601155 0.0971336 0.206643
0.115098 0.135795 0.0793264 0.669781
9.9991E-05 0.691248 0.159977 0.148676
0.0724809 0.141481 0.216866 0.569172
0.0319709 0.746156 0.131249 0.0906248
9.9991E-05 0.564336 0.16598 0.269584
9.9991E-05 0.664554 0.111675 0.223671
0.0345979 0.738791 0.0638218 0.162789
9.9991E-05 0.560304 0.158811 0.280785
0.0368925 0.742285 0.118244 0.102579
9.9991E-05 0.675324 0.111278 0.213298
0.0323286 0.227552 0.044439 0.69568
0.0457319 0.020771 0.0864948 0.847002
0.0613999 0.252503 0.155691 0.530406
0.0441072 0.758879 0.122042 0.0749717
0.0179834 0.607925 0.167306 0.206786
9.9991E-05 0.64362 0.188593 0.167687
0.0635462 0.714333 0.089479 0.132642
0.204525 0.547172 0.201072 0.0472316
0.131349 0.65369 0.214862 9.9991E-05
0.166341 0.170525 0.427232 0.235903
0.0305863 0.716946 0.120123 0.132344
0.206181 0.452678 0.220896 0.120245
0.232167 9.9991E-05 0.452013 0.315721
0.279498 0.354488 0.291263 0.0747504
0.158213 0.323452 0.343289 0.175046
0.0499575 0.524034 0.35614 0.0698686
0.221858 0.42611 0.206085 0.145948
0.175777 0.58591 0.201884 0.0364292
0.117667 0.637599 0.201874 0.0428597
0.339601 0.323221 0.148257 0.188921
0.157788 0.355189 0.462657 0.0243669
