0.037702 9.9991E-05 0.0592281 0.90297
0.0738326 9.9982E-05 9.9982E-05 0.925967
0.0599228 9.9991E-05 0.140262 0.799716
0.0895976 9.9991E-05 0.138001 0.772301
0.0215971 9.9991E-05 0.104655 0.873648
0.0454903 0.169579 0.107112 0.677819
0.0985632 9.9991E-05 0.0208349 0.880502
0.124708 0.119197 0.0198857 0.736209
0.126831 9.9982E-05 9.9982E-05 0.872969
0.0756129 0.0577058 0.130674 0.736007
0.136623 0.0277761 0.0300161 0.805585
0.521829 0.301967 0.176103 9.9991E-05
0.328864 0.329099 0.341937 9.9991E-05
0.583203 0.131801 0.241431 0.0435652
0.5105 0.189757 0.299644 9.9991E-05
0.235269 0.300874 0.365428 0.0984296
0.211562 0.370779 0.417559 9.9991E-05
0.276817 0.444836 0.278247 9.9991E-05
0.377991 0.245207 0.260205 0.116597
0.687486 0.198987 0.00524245 0.108284
0.31218 0.39981 0.28791 9.9991E-05
0.15865 0.559044 0.233752 0.0485536
0.104964 0.559247 0.335689 9.9991E-05
0.439063 0.295447 0.244378 0.0211121
0.194917 0.392105 0.391286 0.0216917
0.382719 0.203681 0.4135 9.9991E-05
0.556846 0.243529 0.199525 9.9991E-05
0.505629 0.218881 0.268889 0.00660124
0.488792 0.314124 0.18087 0.0162132
9.9982E-05 9.9982E-05 0.201439 0.798361
0.0400017 9.9991E-05 0.158558 0.801341
9.9991E-05 0.0514707 0.160824 0.787606
9.9991E-05 0.0566945 0.171984 0.771221
0.0814661 0.610243 0.278147 0.0301434
0.0319829 0.501266 0.346423 0.120328
0.0300876 0.663947 0.305866 9.9991E-05
0.632571 0.203698 0.0576752 0.106056
0.0443068 0.785925 0.135396 0.0343721
0.205123 0.476244 0.318532 9.9991E-05
9.9982E-05 0.616163 0.383637 9.9982E-05
0.0734957 0.555408 0.308868 0.062228
0.156478 0.445407 0.353572 0.0445428
0.189737 0.713845 9.9991E-05 0.0963181
0.0612097 0.519715 0.360041 0.059034
0.0676588 0.579957 0.293985 0.0583992
0.117425 0.380212 0.402226 0.100137
0.0416091 0.87125 0.0870405 9.9991E-05
9.9991E-05 0.567471 0.376692 0.0557374
0.0186128 0.62965 0.33828 0.0134568
0.0094327 0.770345 9.9991E-05 0.220122
0.556247 0.437103 0.00654986 9.9991E-05
0.202934 0.627643 9.9991E-05 0.169323
0.174453 0.41447 0.410976 9.9991E-05
0.123845 0.389374 0.432308 0.0544733
0.060041 0.498827 0.441032 9.9991E-05
0.415449 0.387202 0.0630198 0.134329
0.270538 0.460515 0.268846 9.9991E-05
0.221104 0.365031 0.358267 0.0555974
0.202261 0.509333 0.121512 0.166893
0.304673 0.336491 0.0879559 0.27088
0.103368 0.430024 0.400281 0.0663268
0.411821 0.248945 0.324412 0.0148227
0.555945 0.35021 9.9991E-05 0.0937449
0.242302 0.474524 0.283074 9.9991E-05
0.118196 0.486295 0.39541 9.9991E-05
0.142527 0.374101 0.408372 0.0750002
0.316826 0.455334 0.22315 0.00468957
0.17749 0.473976 0.321685 0.0268486
0.254954 0.37563 0.35316 0.0162557
0.476559 0.438698 0.066897 0.0178465
0.0520214 0.739017 0.208862 9.9991E-05
0.24419 0.684816 0.0628374 0.00815684
0.137963 0.440725 0.350791 0.0705214
0.0398095 0.870617 9.9991E-05 0.0894732
0.0950331 0.858138 9.9991E-05 0.0467288
0.0369913 0.856281 0.0795532 0.0271743
0.139985 0.643222 0.216693 9.9991E-05
0.0731278 0.492606 0.339077 0.0951895
0.104977 0.625674 0.26925 9.9991E-05
0.187046 0.64725 0.0960366 0.0696668
0.30062 0.540907 0.112959 0.0455141
0.0666971 0.522173 0.33607 0.0750596
0.014167 0.811209 0.115556 0.059068
0.0487937 0.698315 0.220168 0.0327234
0.0116678 0.856912 0.13132 9.9991E-05
0.0601585 0.845948 9.9991E-05 0.0937932
9.9982E-05 0.60875 0.39105 9.9982E-05
0.08028 9.9991E-05 0.151566 0.768055
9.9982E-05 9.9982E-05 0.0827573 0.917043
9.9982E-05 9.9982E-05 0.133089 0.866711
9.9991E-05 0.0143817 0.0740804 0.911438
9.9991E-05 0.0140238 0.101537 0.884339
9.9982E-05 9.9982E-05 0.105563 0.894237
9.9982E-05 9.9982E-05 0.114099 0.885701
0.011571 0.590984 0.247368 0.150077
0.174958 0.423575 0.374474 0.0269935
0.138598 0.799491 9.9991E-05 0.0618114
0.125006 0.435871 0.396593 0.0425306
0.138236 0.63367 0.227994 9.9991E-05
9.9991E-05 0.632333 0.356763 0.0108035
0.051073 0.599515 0.291079 0.0583335
9.9982E-05 0.670493 0.329307 9.9982E-05
0.303365 0.596275 9.9991E-05 0.100261
0.126227 0.430115 0.306124 0.137534
0.0607144 0.556818 0.366494 0.0159738
0.157314 0.416348 0.422342 0.00399598
0.0253157 0.80166 0.0936681 0.0793561
9.9982E-05 0.758232 0.241568 9.9982E-05
0.123096 0.641505 0.23489 0.000508799
9.9982E-05 0.77851 0.22129 9.9982E-05
0.179947 0.605617 0.149892 0.0645436
0.168148 0.507485 0.291741 0.032626
0.306133 0.461142 0.133757 0.0989677
0.368774 0.228348 0.32167 0.0812083
0.255551 0.340557 0.369292 0.0345998
0.142654 0.450076 0.380632 0.0266382
0.448615 0.289224 0.26206 9.9991E-05
0.37246 0.258101 0.369339 9.9991E-05
0.455829 0.262716 0.262939 0.0185162
0.193868 0.521539 0.259044 0.0255489
0.248485 0.361726 0.389689 9.9991E-05
0.116034 0.583497 0.300369 9.9991E-05
0.349254 0.431861 0.218786 9.9991E-05
0.137093 0.451799 0.400439 0.0106683
0.132854 0.471302 0.369174 0.0266705
0.23899 0.447984 0.312926 9.9991E-05
0.118263 0.485067 0.336839 0.0598306
0.215107 0.415852 0.368941 9.9991E-05
0.34192 0.399148 0.229392 0.0295396
0.231345 0.37737 0.391185 9.9991E-05
0.219552 0.417606 0.362742 9.9991E-05
0.500297 0.304787 0.192596 0.0023209
0.396906 0.432448 0.085116 0.0855293
0.178485 0.457886 0.363529 9.9991E-05
0.461552 0.525996 0.0123527 9.9991E-05
0.465279 0.36005 0.137305 0.0373661
0.31548 0.462904 0.220692 0.000923928
0.549334 0.261159 0.189406 9.9991E-05
0.578499 0.301449 0.119952 9.9991E-05
0.236939 0.354478 0.408483 9.9991E-05
0.134213 0.418475 0.393914 0.0533979
0.185094 0.50531 0.309497 9.9991E-05
0.367896 0.471487 0.094412 0.0662042
9.9991E-05 0.529445 0.267938 0.202517
0.053417 0.600938 0.30031 0.0453349
0.107923 0.598158 9.9991E-05 0.293819
9.9991E-05 0.557425 0.375113 0.0673614
0.0463194 0.594679 0.160388 0.198614
0.0965871 0.444435 0.3404 0.118578
0.0921374 0.624035 0.102995 0.180833
0.204745 0.629542 9.9991E-05 0.165613
0.19685 0.542698 0.211024 0.0494278
0.152179 0.418021 0.305424 0.124376
0.0917098 0.432436 0.251801 0.224053
0.14983 0.558694 0.0633795 0.228096
0.0444477 0.520431 0.339844 0.095278
0.161669 0.750547 0.0876834 9.9991E-05
0.173996 0.595925 0.229979 9.9991E-05
0.0512117 0.556088 0.289662 0.103039
0.0267137 0.209107 0.350266 0.413913
9.9991E-05 0.136955 0.102825 0.76012
9.9991E-05 0.240954 0.040144 0.718802
0.0325807 0.123631 0.362181 0.481607
9.9982E-05 0.689907 0.309893 9.9982E-05
0.0491113 0.501015 0.366502 0.0833712
0.0186913 0.119992 0.861217 9.9991E-05
0.257932 0.0113201 0.702425 0.0283231
0.148597 0.229795 0.548935 0.072673
0.0292681 0.76529 0.115096 0.0903462
0.169298 0.47732 0.353282 9.9991E-05
9.9991E-05 0.818769 0.0252956 0.155836
0.0563786 0.606022 0.254729 0.0828701
0.11689 0.615336 0.189002 0.0787724
0.0971143 0.59645 0.301439 0.00499619
0.0852946 0.777053 9.9991E-05 0.137552
0.0588565 0.522291 0.383352 0.0355007
0.130734 0.496987 0.341704 0.030576
9.9982E-05 9.9982E-05 0.945095 0.0547047
0.00303287 9.9991E-05 0.983247 0.0136202
0.0452855 0.170478 0.736427 0.0478104
0.0338415 0.0611461 0.852488 0.0525247
9.9991E-05 0.0631085 0.82473 0.112061
9.9982E-05 9.9982E-05 0.962668 0.0371316
9.9982E-05 9.9982E-05 0.918937 0.0808632
9.998E-05 9.998E-05 0.9997 9.998E-05
9.9982E-05 9.9982E-05 0.986425 0.0133753
9.9982E-05 9.9982E-05 0.934083 0.0657173
9.9982E-05 9.9982E-05 0.939347 0.060453
0.0432645 9.9991E-05 0.878098 0.0785376
0.0277275 9.9991E-05 0.850207 0.121965
9.9982E-05 9.9982E-05 0.973994 0.0258064
0.189654 0.117235 0.635444 0.0576675
0.108195 0.0476824 0.796579 0.0475436
0.0485118 9.9991E-05 0.846527 0.104861
0.00574727 9.9991E-05 0.884136 0.110017
9.9982E-05 9.9982E-05 0.941979 0.0578208
0.0246948 9.9991E-05 0.899278 0.0759267
9.9982E-05 9.9982E-05 0.943534 0.0562662
0.050607 0.0504911 0.781688 0.117213
0.0313148 9.9991E-05 0.907336 0.0612488
9.9982E-05 0.449045 9.9982E-05 0.550755
0.136647 0.389522 0.278825 0.195007
0.0680173 0.468614 0.233188 0.23018
0.0187231 0.473337 0.149543 0.358396
0.132991 0.442462 0.381264 0.0432821
9.9991E-05 0.490276 0.127542 0.382082
0.131273 0.445579 0.306891 0.116257
9.9991E-05 0.472366 0.302994 0.22454
0.016709 0.416719 0.387919 0.178653
9.9991E-05 0.396253 0.362351 0.241296
0.0867858 0.439517 0.309638 0.16406
0.0670358 0.0238548 0.06249 0.846619
9.9982E-05 9.9982E-05 0.0994239 0.900376
0.0138645 9.9991E-05 0.0168599 0.969176
0.0346903 9.9991E-05 0.0189369 0.946273
0.0758555 9.9991E-05 0.0630979 0.860947
9.9982E-05 9.9982E-05 0.105903 0.893897
9.9982E-05 9.9982E-05 0.130676 0.869124
9.9991E-05 0.0214845 0.0356462 0.942769
9.9982E-05 9.9982E-05 0.0865775 0.913223
0.0153255 9.9991E-05 0.10389 0.880684
0.324716 0.0487895 9.9991E-05 0.626394
0.381421 9.9982E-05 9.9982E-05 0.618379
0.320699 0.0913003 9.9991E-05 0.587901
0.332967 0.142099 9.9991E-05 0.524835
0.131909 0.593778 0.240847 0.0334657
0.150534 0.55288 0.296487 9.9991E-05
0.221481 0.491922 0.286497 9.9991E-05
0.293407 0.521416 0.132031 0.0531459
0.660099 0.235294 0.104507 9.9991E-05
9.9982E-05 0.604245 0.395555 9.9982E-05
0.118241 0.570939 0.31072 9.9991E-05
0.0959847 0.668185 0.23573 9.9991E-05
9.9982E-05 0.852839 0.146961 9.9982E-05
0.0436371 0.576447 0.343407 0.0365092
0.192082 0.628218 0.1796 9.9991E-05
0.176735 0.789752 9.9991E-05 0.033413
0.147488 0.620569 0.231844 9.9991E-05
0.00833061 0.843083 0.0689691 0.0796173
0.0057796 0.720236 0.273885 9.9991E-05
0.234425 0.698662 0.00740828 0.0595048
0.804379 0.0593432 9.9991E-05 0.136178
0.756808 0.119126 9.9991E-05 0.123965
0.961528 9.9982E-05 9.9982E-05 0.0382717
0.843938 0.0434358 9.9991E-05 0.112526
0.858129 0.114348 0.0274233 9.9991E-05
0.876731 9.9991E-05 0.0761511 0.0470175
9.9991E-05 0.0102786 0.146383 0.843238
0.0558416 9.9991E-05 0.141384 0.802675
9.9982E-05 9.9982E-05 0.256881 0.742919
0.086475 9.9991E-05 0.218066 0.695359
0.0258846 9.9991E-05 0.169109 0.804907
0.564669 9.9982E-05 9.9982E-05 0.435131
0.373322 0.0649121 9.9991E-05 0.561666
0.478683 0.0335214 9.9991E-05 0.487696
0.0645151 9.9991E-05 0.155809 0.779576
0.529746 0.0252482 9.9991E-05 0.444906
9.9991E-05 0.171934 0.55578 0.272186
0.0438527 0.305319 0.527827 0.123002
0.00232296 0.188787 0.636951 0.171939
0.0351556 0.249258 0.447376 0.26821
0.188407 0.197106 0.525332 0.0891553
9.9991E-05 0.0675475 0.333521 0.598831
0.351059 0.425866 0.222974 9.9991E-05
0.272258 0.55746 0.164725 0.00555621
0.537645 0.226568 0.184521 0.0512659
0.156314 0.627505 0.216081 9.9991E-05
0.264565 0.664565 9.9991E-05 0.0707692
0.172605 0.368278 0.402982 0.056134
0.269034 0.468202 0.235363 0.0274018
0.437976 0.405518 0.118782 0.0377234
0.260317 0.340015 0.328364 0.0713044
0.39903 0.547773 9.9991E-05 0.0530974
0.223299 0.489297 0.277113 0.0102915
0.296505 0.432649 0.270747 9.9991E-05
0.0441403 0.421317 0.410227 0.124316
0.345296 0.501254 0.15335 9.9991E-05
0.339649 0.42424 0.236011 9.9991E-05
0.0599638 0.586335 0.353602 9.9991E-05
0.257964 0.516951 0.214963 0.0101217
0.117405 0.439318 0.443178 9.9991E-05
0.25793 0.323474 0.418496 9.9991E-05
0.231753 0.381031 0.354406 0.0328101
9.9991E-05 0.000840316 0.242361 0.756699
9.9991E-05 0.0453693 0.0999012 0.85463
0.0664098 0.0794185 0.061068 0.793104
0.0257704 0.0477002 0.122238 0.804291
0.010535 9.9991E-05 0.169799 0.819566
0.630573 0.23567 0.133657 9.9991E-05
0.142352 0.440313 0.376276 0.0410593
9.9991E-05 0.342395 0.443212 0.214293
0.219214 0.379562 0.401123 9.9991E-05
0.299422 0.40344 0.297038 9.9991E-05
0.390698 0.349971 0.18571 0.0736208
0.638452 0.187928 9.9991E-05 0.173521
0.360318 0.320515 0.319067 9.9991E-05
0.582377 0.224291 0.109999 0.0833332
0.156272 0.51529 0.226793 0.101645
0.560886 0.219141 0.0683991 0.151573
0.190208 0.280691 0.487552 0.041549
0.584867 0.261365 0.0919701 0.0617985
0.29862 0.406447 0.192261 0.102672
0.28575 0.422366 0.263243 0.0286408
0.112944 0.677893 0.0625092 0.146654
0.00861592 0.652949 0.251685 0.0867495
0.065866 0.51793 0.320051 0.0961532
0.160438 0.698578 0.0800267 0.0609564
0.0957566 0.537478 0.343804 0.0229614
0.0423011 0.648558 0.213142 0.095999
0.108168 0.835676 9.9991E-05 0.0560564
0.0211403 0.870189 9.9991E-05 0.10857
0.0487543 0.66716 0.213767 0.0703194
0.0828802 0.794338 9.9991E-05 0.122682
0.178295 0.595003 0.226602 9.9991E-05
0.696691 0.221054 0.0672522 0.0150024
0.449267 0.434135 0.116498 9.9991E-05
0.504045 0.256627 0.239227 9.9991E-05
0.283291 0.280466 0.436143 9.9991E-05
0.45795 0.422515 0.119435 9.9991E-05
0.234638 0.394185 0.339028 0.0321487
0.304378 0.267751 0.427771 9.9991E-05
0.312046 0.351091 0.336763 9.9991E-05
0.310837 0.305026 0.384037 9.9991E-05
0.348864 0.401238 0.249799 9.9991E-05
0.53866 0.293626 0.167614 9.9991E-05
0.463274 0.259909 0.276717 9.9991E-05
0.205061 0.463903 0.330936 9.9991E-05
0.19995 0.399931 0.400019 9.9991E-05
0.291799 0.445543 0.207847 0.0548112
0.254426 0.391733 0.35374 9.9991E-05
0.495171 0.263138 0.195226 0.0464649
0.203074 0.434333 0.362493 9.9991E-05
0.208304 0.395052 0.383657 0.0129865
0.216433 0.345625 0.422191 0.0157507
0.0751307 0.224881 0.396533 0.303455
0.0658295 0.300138 0.538688 0.0953445
0.0411174 0.396504 0.44595 0.116429
0.147714 0.370117 0.413424 0.0687448
9.9991E-05 0.341287 0.470653 0.18796
0.233938 0.499948 0.266014 9.9991E-05
0.0930326 0.289082 0.446353 0.171533
9.9991E-05 0.490419 0.112197 0.397284
0.184666 0.248096 0.488183 0.0790553
0.0934093 0.355283 0.498602 0.052706
0.0948776 0.317856 0.53914 0.0481261
0.0980856 0.365803 0.304493 0.231619
9.9991E-05 0.433477 0.470176 0.096247
0.0660276 0.351381 0.443676 0.138916
9.9991E-05 0.193602 0.107209 0.699089
0.00269909 0.270361 0.505769 0.221171
0.0767622 0.263816 0.528031 0.131391
0.0763734 0.441326 0.425393 0.056908
0.0552773 0.271318 0.521121 0.152284
0.18393 0.287675 0.413572 0.114823
0.12901 0.608514 0.251325 0.011151
0.171828 0.407826 0.306744 0.113603
0.176149 0.779794 9.9991E-05 0.0439565
0.171911 0.751536 9.9991E-05 0.0764536
0.131817 0.481082 0.347819 0.0392818
0.0438605 0.328853 0.521904 0.105382
9.9991E-05 0.318468 0.526182 0.15525
9.9991E-05 0.379434 0.331529 0.288937
9.9991E-05 0.314176 0.46353 0.222194
9.9991E-05 0.645191 0.0622099 0.292499
9.9991E-05 0.650638 0.129716 0.219547
9.9991E-05 0.594132 0.394928 0.0108398
0.0305703 0.567876 0.344921 0.0566329
0.0295242 0.594755 0.155326 0.220395
0.0665484 0.518996 0.371046 0.0434098
0.014604 0.550731 0.38184 0.052825
0.0210839 0.564068 0.301975 0.112873
0.181783 0.650341 0.120157 0.0477194
0.20648 0.642638 0.150783 9.9991E-05
0.109212 0.58727 0.303419 9.9991E-05
0.196244 0.544604 0.193249 0.0659026
0.152904 0.448689 0.329233 0.0691743
9.9991E-05 0.714473 0.226947 0.0584794
0.158044 0.775745 0.0391271 0.0270831
0.013745 0.682029 0.304126 9.9991E-05
0.160195 0.712774 0.0634242 0.0636064
0.0399837 0.700585 0.186562 0.0728693
0.0757261 0.570751 0.289322 0.0642003
0.0394307 0.681036 0.220811 0.0587223
0.08797 0.326404 0.451811 0.133815
0.14615 0.416256 0.334456 0.103138
0.0924074 0.337478 0.411823 0.158292
0.0791112 0.308238 0.404672 0.207979
0.0819366 0.322947 0.429646 0.165471
0.0274091 0.443608 0.32884 0.200143
0.0404864 0.478031 0.129445 0.352037
0.0753873 0.260501 0.634232 0.0298796
9.9991E-05 0.34805 0.0750963 0.576754
0.108212 0.362166 0.508301 0.0213208
0.0531931 0.865141 9.9991E-05 0.0815657
0.103232 0.797597 9.9991E-05 0.0990712
0.0675874 0.746668 0.185644 9.9991E-05
0.0998583 0.522087 0.377955 9.9991E-05
0.0565968 0.816168 0.127135 9.9991E-05
0.0161 0.753446 0.230354 9.9991E-05
9.9982E-05 0.722699 0.277101 9.9982E-05
0.0243942 0.0276991 0.10782 0.840087
0.101074 9.9991E-05 0.134244 0.764582
9.9982E-05 9.9982E-05 0.106988 0.892812
9.9982E-05 9.9982E-05 0.0614391 0.938361
0.117146 0.597889 0.284864 9.9991E-05
9.9991E-05 0.68095 0.305818 0.0131312
0.101242 0.682801 0.215857 9.9991E-05
0.15284 0.498072 0.306558 0.0425299
0.112459 0.497887 0.316755 0.0728987
0.22913 0.668664 0.0565893 0.0456167
0.0139235 0.615573 0.370403 9.9991E-05
9.9991E-05 0.834657 0.13011 0.0351328
0.0814767 0.229412 0.435154 0.253957
0.0769602 0.666011 0.256929 9.9991E-05
0.244017 0.638658 0.117225 9.9991E-05
0.00633731 0.674417 0.319146 9.9991E-05
0.132881 0.678533 0.188486 9.9991E-05
9.9982E-05 0.705583 0.294217 9.9982E-05
9.9991E-05 0.661236 0.259579 0.0790859
9.998E-05 0.9997 9.998E-05 9.998E-05
0.0127764 0.851711 0.0458529 0.0896598
0.136617 0.70965 0.151988 0.00174427
9.9982E-05 0.973379 9.9982E-05 0.0264211
0.112952 0.625557 0.202652 0.0588397
9.9982E-05 0.873168 9.9982E-05 0.126632
0.0305158 0.840199 9.9991E-05 0.129185
0.0188303 0.669761 0.309406 0.00200246
0.166784 0.696311 0.0512871 0.0856178
0.104796 0.657574 0.23753 9.9991E-05
0.0448343 0.532639 0.422427 9.9991E-05
0.0868921 0.629333 0.283675 9.9991E-05
0.279823 0.499399 0.220678 9.9991E-05
0.0859935 0.621663 0.292244 9.9991E-05
0.106025 0.634199 0.251226 0.00855044
9.9982E-05 0.926674 0.073126 9.9982E-05
0.105097 0.553658 0.307827 0.0334177
0.292584 0.036648 9.9991E-05 0.670668
0.11468 0.060508 0.0402502 0.784561
0.147836 9.9982E-05 9.9982E-05 0.851964
0.148636 9.9982E-05 9.9982E-05 0.851164
0.253673 9.9991E-05 0.0171928 0.729034
0.256808 0.679705 0.0417003 0.0217865
0.0860344 0.814716 9.9991E-05 0.0991495
9.9982E-05 0.959078 0.0407217 9.9982E-05
0.028252 0.574419 0.321979 0.0753497
0.148013 0.469748 0.345648 0.0365909
9.9991E-05 0.84762 0.131216 0.021064
9.9982E-05 0.661617 0.338183 9.9982E-05
9.9991E-05 0.678338 0.259794 0.0617681
0.0808875 0.604284 0.314728 9.9991E-05
0.0176433 0.583985 0.398272 9.9991E-05
0.194034 0.693369 0.112497 9.9991E-05
0.129682 0.708566 0.161652 9.9991E-05
0.236731 0.656723 0.106447 9.9991E-05
0.114205 0.495396 0.316812 0.0735875
0.165023 0.667201 0.167676 9.9991E-05
0.129789 0.633161 0.236078 0.000971378
9.9991E-05 0.252307 0.698629 0.0489644
9.9991E-05 0.203691 0.660527 0.135683
0.015687 0.254705 0.594529 0.135079
9.9991E-05 0.103069 0.714614 0.182217
0.0165839 0.257387 0.650382 0.0756475
0.0320445 0.664565 0.283022 0.0203687
9.9982E-05 9.9982E-05 0.688769 0.311031
9.9991E-05 0.14026 0.654073 0.205568
9.9991E-05 0.441662 0.397827 0.160412
0.0292702 0.522785 0.285165 0.162779
0.137592 0.527331 0.208879 0.126197
0.0206847 0.554492 0.321911 0.102912
0.0382501 0.521949 0.395255 0.0445452
9.9991E-05 0.0568999 0.692034 0.250966
0.0864005 0.21556 0.572252 0.125788
0.0182515 0.173579 0.778936 0.0292337
0.0433321 0.281418 0.567451 0.107799
0.0297128 0.128859 0.693026 0.148402
0.0425705 0.255202 0.573692 0.128535
9.9991E-05 0.0952054 0.74571 0.158985
0.0971003 0.17174 0.633555 0.0976045
9.9991E-05 0.620764 0.333184 0.0459521
0.0957424 0.120826 0.589738 0.193694
9.9991E-05 0.024308 0.778248 0.197344
0.0328024 0.238031 0.534003 0.195163
0.285973 0.3961 0.0591444 0.258782
0.076071 0.481551 0.442278 9.9991E-05
0.0498823 0.212183 0.61195 0.125985
0.114607 0.45289 0.350598 0.081905
0.0393585 0.545188 0.231195 0.184259
0.104733 0.287218 0.400182 0.207867
0.0562684 0.239831 0.483321 0.220579
0.0372461 0.493739 0.430098 0.0389167
0.0420952 0.198275 0.637699 0.121931
9.9991E-05 0.248019 0.6547 0.0971818
9.9991E-05 0.00985126 0.717224 0.272825
9.9991E-05 0.558481 0.34656 0.094859
0.0899497 0.587703 0.193633 0.128714
9.9991E-05 0.663783 0.00412279 0.331994
0.119409 0.386121 0.42287 0.0716002
0.330651 0.346654 0.23073 0.0919657
0.0415224 0.36582 0.389682 0.202976
0.183014 0.380792 0.404385 0.0318093
9.9991E-05 0.345708 0.117833 0.536359
9.9991E-05 0.36822 0.0481736 0.583506
0.12502 0.385642 0.302789 0.186549
9.9991E-05 0.355128 0.190171 0.454602
9.9991E-05 0.221389 0.198281 0.58023
9.9991E-05 0.509083 0.302919 0.187898
0.0254418 0.405235 0.295223 0.2741
0.0575314 0.314555 0.255534 0.372379
9.9991E-05 0.361877 0.186578 0.451445
0.0712905 0.377609 0.410104 0.140996
9.9991E-05 0.487797 0.189376 0.322726
9.9991E-05 0.275334 0.0372268 0.687339
0.0998221 0.309819 0.427951 0.162408
0.00686556 0.362114 0.414766 0.216254
0.0888431 0.212341 0.467236 0.231579
0.00423425 0.242589 0.626543 0.126634
9.9991E-05 0.378996 0.512431 0.108473
0.026885 0.316863 0.520543 0.135709
0.0213198 0.169373 0.436537 0.372769
9.9991E-05 0.329205 0.49258 0.178115
0.0765298 0.136541 0.611919 0.175009
9.9991E-05 0.299802 0.411448 0.288649
0.0549865 0.444526 0.284015 0.216473
0.073544 0.357635 0.450726 0.118095
0.110527 0.304793 0.477069 0.107611
0.0129636 0.467578 0.430138 0.0893203
0.0500585 0.17716 0.441426 0.331355
0.0602627 0.284075 0.499678 0.155984
9.9991E-05 0.25219 0.279222 0.468488
0.0504233 0.364212 0.502216 0.083149
9.9991E-05 0.267842 0.394772 0.337286
0.170858 0.00363899 0.0136389 0.811864
0.837406 0.0680636 0.0428717 0.0516591
0.9997 9.998E-05 9.998E-05 9.998E-05
0.9997 9.998E-05 9.998E-05 9.998E-05
0.97674 9.9982E-05 0.0230596 9.9982E-05
0.970198 9.9982E-05 0.0296024 9.9982E-05
0.964879 9.9982E-05 0.0349206 9.9982E-05
0.965098 9.9982E-05 9.9982E-05 0.0347019
0.828442 9.9991E-05 0.015436 0.156022
0.016994 9.9991E-05 0.0790301 0.903876
0.0804789 9.9991E-05 0.0777959 0.841625
9.9982E-05 9.9982E-05 0.117153 0.882647
0.162124 0.0159776 0.0333658 0.788532
0.00822309 9.9991E-05 0.089616 0.902061
0.0249725 9.9991E-05 0.0412403 0.933687
0.0434373 9.9991E-05 0.196445 0.760018
9.9991E-05 0.0119088 0.133058 0.854934
0.092845 9.9991E-05 0.185281 0.721774
9.9982E-05 9.9982E-05 0.106495 0.893305
0.0156917 9.9991E-05 0.0138205 0.970388
0.0130561 9.9991E-05 0.145286 0.841558
9.9982E-05 9.9982E-05 0.0673507 0.932449
9.9982E-05 9.9982E-05 0.0856188 0.914181
0.0235203 9.9991E-05 0.135429 0.840951
9.9982E-05 9.9982E-05 0.165434 0.834366
9.9982E-05 9.9982E-05 0.270178 0.729622
9.9982E-05 9.9982E-05 0.245142 0.754658
9.9982E-05 9.9982E-05 0.176214 0.823586
0.0948471 0.494594 0.199952 0.210607
0.0156792 0.585186 0.332874 0.0662606
0.102623 0.407092 0.450849 0.0394358
9.9982E-05 0.767292 9.9982E-05 0.232508
0.178059 0.47431 0.291039 0.0565926
9.9982E-05 0.667227 9.9982E-05 0.332573
9.9991E-05 0.554523 0.351792 0.0935848
0.175946 0.553302 0.134207 0.136544
0.0413143 0.649077 0.230648 0.0789607
0.143745 0.607032 0.245215 0.00400832
0.151212 0.54736 0.203992 0.0974364
0.119068 0.535421 0.287286 0.058225
0.133892 0.445617 0.332665 0.0878259
0.505645 0.388893 0.0302164 0.0752456
0.0870144 0.696537 9.9991E-05 0.216348
0.0628706 0.687777 9.9991E-05 0.249252
0.140138 0.407322 0.417307 0.0352327
0.0257253 0.580066 0.288319 0.10589
9.9991E-05 0.564925 0.285458 0.149517
9.9982E-05 0.637638 0.362162 9.9982E-05
0.0790548 0.334414 0.476741 0.10979
0.162615 0.18865 0.516289 0.132446
0.185271 0.155859 0.209726 0.449144
0.218516 0.406846 0.319727 0.0549107
0.142056 0.277856 0.389747 0.19034
0.00978726 0.259398 0.136695 0.59412
9.9991E-05 0.338229 0.367467 0.294205
0.121162 0.169087 0.340865 0.368886
0.159957 0.173629 0.366335 0.30008
0.0478305 0.309488 0.521251 0.12143
0.0384822 0.347797 0.449088 0.164633
9.9991E-05 0.359918 0.508821 0.131161
0.0555162 0.364166 0.366794 0.213524
0.0763404 0.166864 0.354649 0.402147
