9.9955E-05 9.9955E-05 0.0335289 0.0298736 0.0268617 0.885673 9.9955E-05 9.9955E-05 0.0235627 9.9955E-05
9.9955E-05 0.0136391 9.9955E-05 0.0133262 0.029738 0.935198 9.9955E-05 0.00759908 9.9955E-05 9.9955E-05
0.00853127 0.0319711 0.0401265 0.0157232 9.9982E-05 0.840673 9.9982E-05 0.0338253 0.0280782 0.000871392
9.9955E-05 0.018724 9.9955E-05 0.0463527 9.9955E-05 0.782142 9.9955E-05 9.9955E-05 0.130715 0.0215669
9.99281E-05 9.99281E-05 9.99281E-05 9.99281E-05 9.99281E-05 0.913915 9.99281E-05 9.99281E-05 0.0852861 9.99281E-05
0.233282 9.9973E-05 0.0563383 0.032944 9.9973E-05 0.628106 0.00699514 9.9973E-05 0.00636218 0.0356719
0.224258 9.9946E-05 0.0252106 0.0302594 9.9946E-05 0.719672 9.9946E-05 9.9946E-05 9.9946E-05 9.9946E-05
0.266644 9.9955E-05 0.0320881 0.0456708 9.9955E-05 0.639911 9.9955E-05 9.9955E-05 9.9955E-05 0.0151865
9.99639E-05 0.0411025 9.99639E-05 0.0204354 0.0304176 0.78885 9.99639E-05 0.00554338 9.99639E-05 0.113251
0.191028 9.9973E-05 0.0522595 0.00525213 0.00700862 0.722058 0.00254221 9.9973E-05 9.9973E-05 0.0195519
0.212726 9.9955E-05 9.9955E-05 0.0142252 9.9955E-05 0.70664 9.9955E-05 9.9955E-05 0.0495195 0.0163896
9.9937E-05 9.9937E-05 0.0264071 9.9937E-05 0.955316 0.0175773 9.9937E-05 9.9937E-05 9.9937E-05 9.9937E-05
0.0130845 9.9964E-05 0.00700894 0.0269129 0.483108 0.0356114 9.9964E-05 9.9964E-05 0.433874 9.9964E-05
9.9946E-05 9.9946E-05 0.0825759 0.000211008 0.887615 9.9946E-05 9.9946E-05 9.9946E-05 0.0289986 9.9946E-05
9.9955E-05 9.9955E-05 0.0750188 0.00328334 0.767978 0.051907 9.9955E-05 9.9955E-05 0.101313 9.9955E-05
9.9955E-05 0.00165056 0.13249 9.9955E-05 0.516583 0.0695767 9.9955E-05 9.9955E-05 0.2792 9.9955E-05
0.0353874 9.9964E-05 0.0587072 0.0025605 0.408031 0.0298662 9.9964E-05 9.9964E-05 0.465048 9.9964E-05
0.00576401 0.0130783 0.0133454 0.00328016 0.539503 9.9982E-05 0.0155344 0.0279745 0.381321 9.9982E-05
9.9964E-05 0.0184365 0.0554609 0.00636286 0.720266 0.0951945 9.9964E-05 9.9964E-05 0.10388 9.9964E-05
0.0522702 9.9946E-05 9.9946E-05 9.9946E-05 0.906511 0.00175981 9.9946E-05 9.9946E-05 9.9946E-05 0.0388594
0.0329261 0.0230413 0.00745779 9.9973E-05 0.540811 0.0294555 0.0432831 9.9973E-05 0.322725 9.9973E-05
0.100132 0.0602315 0.0478802 0.00342292 0.385703 9.9982E-05 0.0432892 0.0367597 0.322382 9.9982E-05
0.0711258 9.9982E-05 0.00881003 0.0027007 0.260713 0.0293151 9.9982E-05 0.0839428 0.498995 0.0441979
0.0294735 9.9946E-05 0.0800354 9.9946E-05 0.87329 0.0166015 9.9946E-05 9.9946E-05 9.9946E-05 9.9946E-05
0.0659282 9.9982E-05 0.0275621 0.00433298 0.100299 0.0832949 0.065087 9.9982E-05 0.635744 0.0175524
0.013124 0.0372363 9.9955E-05 9.9955E-05 0.483271 0.0267009 9.9955E-05 9.9955E-05 0.439168 9.9955E-05
0.0256231 9.9946E-05 0.0239751 9.9946E-05 0.906633 0.0431694 9.9946E-05 9.9946E-05 9.9946E-05 9.9946E-05
9.9946E-05 9.9946E-05 0.0742352 9.9946E-05 0.873274 0.0303939 9.9946E-05 9.9946E-05 0.0214977 9.9946E-05
0.10514 9.9937E-05 0.00166173 9.9937E-05 0.892499 9.9937E-05 9.9937E-05 9.9937E-05 9.9937E-05 9.9937E-05
9.99201E-05 9.99201E-05 9.99201E-05 0.999101 9.99201E-05 9.99201E-05 9.99201E-05 9.99201E-05 9.99201E-05 9.99201E-05
9.99201E-05 9.99201E-05 9.99201E-05 0.999101 9.99201E-05 9.99201E-05 9.99201E-05 9.99201E-05 9.99201E-05 9.99201E-05
9.9964E-05 0.00351535 0.0697026 0.377277 0.0063292 0.480297 9.9964E-05 9.9964E-05 0.0624787 9.9964E-05
9.9955E-05 0.0424454 0.0769396 0.308268 9.9955E-05 0.467799 9.9955E-05 9.9955E-05 0.104048 9.9955E-05
0.204727 9.9982E-05 0.00174917 0.0237522 0.00658501 0.0431479 9.9982E-05 0.190398 0.47308 0.0563612
9.9982E-05 9.9982E-05 0.0548233 0.000768025 0.0763228 0.0714797 0.00452695 0.256979 0.520784 0.0141166
9.9937E-05 9.9937E-05 9.9937E-05 9.9937E-05 9.9937E-05 9.9937E-05 9.9937E-05 0.362746 0.59274 0.043814
9.9964E-05 9.9964E-05 9.9964E-05 9.9964E-05 0.662335 0.023708 0.0277176 0.0169623 0.0636302 0.205247
0.0295759 0.0733368 9.9964E-05 0.00353446 9.9964E-05 9.9964E-05 0.000680525 0.599121 0.293352 9.9964E-05
9.9982E-05 9.9982E-05 0.0328392 0.00987462 0.206281 0.0439645 0.0146359 0.20294 0.459305 0.0299607
0.0552583 0.020215 0.00370145 0.00525018 9.9982E-05 0.00707131 9.9982E-05 0.171127 0.676145 0.0610322
0.387245 9.9973E-05 9.9973E-05 0.0229901 0.0713654 0.0524829 9.9973E-05 0.0142703 0.441627 0.00971934
0.214206 9.9964E-05 0.01241 9.9964E-05 0.126327 0.067327 9.9964E-05 0.0350872 0.544244 9.9964E-05
9.9964E-05 9.9964E-05 9.9964E-05 0.00534834 0.224897 0.0309585 9.9964E-05 0.624897 0.106423 0.00707626
0.315022 0.0286257 9.9964E-05 9.9964E-05 0.0163167 0.00291021 9.9964E-05 9.9964E-05 0.579279 0.057447
0.0659175 0.00147914 0.0349288 0.00376655 0.0106282 0.0547053 0.0026651 0.197895 0.58533 0.0426844
0.0730509 0.0563244 9.9982E-05 0.0333546 0.00118617 0.100618 9.9982E-05 0.0746292 0.61283 0.0478064
9.9946E-05 0.0227319 9.9946E-05 9.9946E-05 9.9946E-05 9.9946E-05 0.0204298 0.584739 0.371499 9.9946E-05
9.9973E-05 0.0145969 9.9973E-05 0.00615914 0.0472636 0.0842214 9.9973E-05 0.273516 0.571757 0.00218542
0.023192 0.048766 0.0274958 9.9982E-05 0.0303314 0.107924 9.9982E-05 0.177219 0.510641 0.0742308
0.104883 0.141448 9.9955E-05 9.9955E-05 9.9955E-05 9.9955E-05 0.00977754 0.717196 9.9955E-05 0.0261963
0.0639961 9.9973E-05 9.9973E-05 0.00990342 0.516153 9.9973E-05 0.0514188 0.0305364 0.0592373 0.268455
0.126707 0.134269 0.0251946 9.9982E-05 0.368511 9.9982E-05 0.159798 0.108324 0.0568141 0.0201833
0.000740821 0.0699254 0.0498542 9.9991E-05 0.153281 0.0379001 0.0299077 0.0248997 0.575639 0.0577522
0.0864884 9.9982E-05 0.0147774 9.9982E-05 0.161403 0.0721301 0.0787644 0.000397025 0.577815 0.00802545
0.0148806 0.0662907 0.0152453 0.0269576 0.0633448 0.0407787 0.0761471 0.0526246 0.595565 0.0481653
0.0450461 0.0450467 0.00415139 0.0165086 0.407353 0.0728425 9.9991E-05 0.0843324 0.106946 0.217673
9.9973E-05 9.9973E-05 0.00215682 0.0338827 0.306323 9.9973E-05 0.0356251 0.0548525 0.478511 0.0883482
0.0102822 0.0235325 0.0359563 0.0254365 0.115031 0.0671998 0.0574812 0.0634642 0.55072 0.0508966
0.051686 0.0385582 0.00280863 0.0269397 0.252972 0.0787401 0.055182 0.0472827 0.338475 0.107355
0.105674 9.9991E-05 0.0220932 0.0102742 0.567008 0.137648 0.00267116 0.0420332 0.00289705 0.109601
0.134463 0.0115758 0.0432485 0.010014 0.15043 0.0272681 0.0340167 0.0575454 0.477885 0.0535535
9.999E-05 0.016166 0.0222616 0.0152038 0.303025 0.0577413 0.0571247 0.0639955 0.419868 0.0445136
0.0779228 0.0242575 9.9982E-05 0.0461666 0.639513 0.0123237 0.00396836 0.0684347 9.9982E-05 0.127213
9.9964E-05 9.9964E-05 9.9964E-05 0.0152554 0.414989 9.9964E-05 0.0801675 0.0658482 0.33941 0.0839305
9.999E-05 0.0749811 0.00161179 0.0127025 0.10361 0.019695 0.102757 0.0311506 0.591494 0.0618977
0.0633022 0.0259368 9.9982E-05 0.0173752 0.177519 0.0466031 0.0323974 9.9982E-05 0.585153 0.0515134
0.0189837 9.9991E-05 0.0307273 0.0505316 0.535157 0.0457288 0.022142 0.0961234 0.163833 0.0366729
0.00868434 0.0248471 0.0216017 0.0420788 0.243255 9.9991E-05 0.0200099 0.101541 0.459574 0.0783077
9.999E-05 0.0480061 0.0231009 0.0278708 0.216581 0.012758 0.0675801 0.0327872 0.52114 0.0500758
0.00607464 0.0631093 9.9982E-05 0.054828 0.575181 9.9982E-05 0.0111097 0.0470235 0.123873 0.118601
9.9955E-05 9.9955E-05 9.9955E-05 0.015048 0.0383251 0.00265687 9.9955E-05 0.434443 0.509027 9.9955E-05
9.9955E-05 9.9955E-05 9.9955E-05 0.0268014 0.102559 0.0084379 9.9955E-05 0.671264 0.190438 9.9955E-05
9.9982E-05 0.0476951 0.00523737 0.0444294 9.9982E-05 0.0432307 0.00184275 0.238036 0.560235 0.059094
9.9955E-05 0.0232928 0.0182464 0.00777246 9.9955E-05 9.9955E-05 0.0662461 0.883942 9.9955E-05 9.9955E-05
0.0114852 0.029237 9.9955E-05 9.9955E-05 0.00841408 9.9955E-05 0.0576198 0.892744 9.9955E-05 9.9955E-05
9.9955E-05 0.00957051 0.00276333 9.9955E-05 9.9955E-05 9.9955E-05 0.0447064 0.694289 0.248171 9.9955E-05
9.9955E-05 9.9955E-05 9.9955E-05 0.0343809 0.082474 9.9955E-05 9.9955E-05 0.378722 0.447274 0.0566487
0.0625022 0.0426809 0.0609928 0.0188688 0.0464332 0.0507298 9.9991E-05 0.117066 0.555938 0.0446889
9.9946E-05 9.9946E-05 9.9946E-05 9.9946E-05 0.0345532 9.9946E-05 0.00451342 0.441226 0.519108 9.9946E-05
9.9955E-05 9.9955E-05 9.9955E-05 9.9955E-05 0.243155 0.0684722 9.9955E-05 0.572013 0.109515 0.00634489
9.9964E-05 9.9964E-05 9.9964E-05 0.00909351 0.198037 0.0158546 9.9964E-05 0.541517 0.22216 0.0129377
9.999E-05 0.0171129 0.0419054 0.0226158 0.0450263 0.0494654 0.00801737 0.255303 0.516661 0.0437929
9.99499E-05 9.99499E-05 9.99499E-05 0.0267935 0.133567 9.99499E-05 9.99499E-05 0.50557 0.33347 9.99499E-05
0.00583561 9.9964E-05 9.9964E-05 0.0345866 0.11665 9.9964E-05 9.9964E-05 0.404584 0.407263 0.0306806
0.0235759 0.0225316 9.9955E-05 9.9955E-05 9.9955E-05 9.9955E-05 0.0351594 0.458618 0.459616 9.9955E-05
9.9937E-05 0.136051 9.9937E-05 9.9937E-05 9.9937E-05 9.9937E-05 0.122674 0.740576 9.9937E-05 9.9937E-05
9.9973E-05 0.035097 9.9973E-05 0.0105358 0.00320137 0.0525721 9.9973E-05 0.2462 0.625394 0.0266999
9.9973E-05 0.00779458 9.9973E-05 0.0576579 0.00403237 0.794751 9.9973E-05 0.00855475 0.0746937 0.0522158
9.99371E-05 9.99371E-05 9.99371E-05 0.055603 9.99371E-05 0.883983 9.99371E-05 9.99371E-05 0.0597147 9.99371E-05
9.9955E-05 0.0144763 0.0198273 0.0364079 9.9955E-05 0.810079 9.9955E-05 9.9955E-05 0.118709 9.9955E-05
9.9946E-05 9.9946E-05 0.063037 0.0284943 9.9946E-05 0.894423 9.9946E-05 9.9946E-05 0.0134461 9.9946E-05
9.9955E-05 0.00381917 0.0522085 0.0425197 9.9955E-05 0.890334 0.0106186 9.9955E-05 9.9955E-05 9.9955E-05
9.9955E-05 9.9955E-05 0.0251135 0.00361924 9.9955E-05 0.878004 0.0225222 9.9955E-05 0.0702413 9.9955E-05
9.9946E-05 9.9946E-05 0.00998969 0.0231001 9.9946E-05 0.895955 9.9946E-05 9.9946E-05 0.0703558 9.9946E-05
0.00164116 9.9982E-05 0.00649095 0.0340136 0.0741177 0.0549052 9.9982E-05 0.199908 0.575076 0.0536471
0.0215987 0.0117153 0.0547236 0.0248859 0.0573579 0.0938764 0.0445864 0.114166 0.546247 0.0308432
9.9946E-05 9.9946E-05 9.9946E-05 9.9946E-05 0.173811 0.0573129 9.9946E-05 0.694987 9.9946E-05 0.0732897
9.9973E-05 9.9973E-05 9.9973E-05 0.00563004 0.0307842 0.0953989 0.00212083 0.220259 0.609248 0.036259
9.9973E-05 9.9973E-05 9.9973E-05 0.0212324 0.0824317 0.0165349 0.00555962 0.482051 0.360601 0.0312899
9.9964E-05 9.9964E-05 9.9964E-05 0.0212522 0.0207626 0.0725686 9.9964E-05 0.329884 0.529794 0.0253391
0.0861234 9.9973E-05 9.9973E-05 9.9973E-05 0.01786 0.0509657 0.0815782 0.240158 0.506934 0.0160808
9.9973E-05 0.00470892 0.0164029 9.9973E-05 0.0367356 0.0290651 0.0225821 0.366902 0.523303 9.9973E-05
9.9955E-05 9.9955E-05 9.9955E-05 0.00491129 0.253453 0.0482442 9.9955E-05 0.608095 9.9955E-05 0.0847968
0.0420676 9.9991E-05 0.0321567 0.0176071 0.0441928 0.0992134 0.0355909 0.185663 0.490927 0.0524819
0.0492247 0.00626218 0.00755209 9.9991E-05 0.0542892 0.0871431 0.0195865 0.0890289 0.642796 0.0440171
0.0852141 0.0340731 0.00977443 0.0330757 0.0866815 0.0670339 0.00231516 0.0801738 0.556936 0.0447226
0.0985746 0.0522383 0.0116086 0.0125466 9.9982E-05 9.9982E-05 0.046227 0.520612 0.218763 0.0392294
9.9946E-05 9.9946E-05 9.9946E-05 0.00997278 9.9946E-05 9.9946E-05 0.0695172 0.405101 0.514809 9.9946E-05
9.9964E-05 9.9964E-05 9.9964E-05 0.00247653 0.106804 0.0147301 9.9964E-05 0.38599 0.445455 0.0441451
0.0164582 9.9964E-05 0.00498699 0.00225265 9.9964E-05 9.9964E-05 0.0160054 0.569737 0.39016 9.9964E-05
9.9955E-05 9.9955E-05 9.9955E-05 9.9955E-05 0.0884181 0.0392926 9.9955E-05 0.343469 0.431616 0.0967039
0.0150338 0.036739 9.9982E-05 9.9982E-05 0.063753 0.0436084 0.00235406 0.188638 0.562006 0.0876678
9.9964E-05 0.133939 9.9964E-05 0.0214859 0.197266 9.9964E-05 0.183837 9.9964E-05 0.26487 0.198202
0.122207 0.00325414 9.9973E-05 0.00263277 0.259271 0.0534875 9.9973E-05 9.9973E-05 0.376487 0.18236
0.0673635 0.0552053 0.0204581 9.9991E-05 0.0955073 0.0726005 0.0413785 0.0121303 0.514997 0.120259
0.0772569 0.0211454 0.0281635 9.9991E-05 0.0628618 0.0646097 0.0519286 0.0481334 0.558318 0.0874832
0.0247616 0.00346012 9.9991E-05 0.017853 0.300617 0.0424586 0.00982924 0.0293013 0.433682 0.137937
0.0256874 0.0195724 0.00644294 9.9973E-05 0.170028 0.0476988 9.9973E-05 9.9973E-05 0.588126 0.142144
9.9973E-05 0.00725108 9.9973E-05 0.0143796 0.295303 0.0526757 0.02317 9.9973E-05 0.401483 0.205438
0.0250113 0.0421157 9.9991E-05 0.0395322 0.120676 0.0535731 0.0702202 0.0643644 0.478518 0.105889
0.0244309 0.0355865 0.0129744 9.9991E-05 0.0107592 0.0480599 0.0922767 0.022023 0.620081 0.133708
0.0760187 0.00406422 9.9991E-05 0.0212376 0.16937 0.0281739 0.0180739 0.00167115 0.541674 0.139617
9.9973E-05 0.0237903 9.9973E-05 0.0148437 0.244001 9.9973E-05 0.0103509 0.0185444 0.506529 0.18164
0.0813645 0.0215415 0.0821745 9.9982E-05 0.0832325 0.0369212 0.0796729 9.9982E-05 0.540574 0.074319
0.0671568 0.0826773 0.032676 0.00747857 0.0334909 0.0333856 0.0333842 0.0194024 0.565094 0.125254
9.9973E-05 0.0192972 0.0277911 9.9973E-05 0.197966 9.9973E-05 0.0861838 0.00217822 0.569991 0.0962926
0.0620504 0.00120626 0.0113829 0.0134885 0.0950969 0.0758719 0.116883 0.0153518 0.550199 0.0584693
9.9973E-05 0.0511974 9.9973E-05 0.0195549 0.0472687 9.9973E-05 0.152109 0.00854682 0.599291 0.121732
0.086038 0.158756 0.0351634 0.00402957 0.111349 0.0227977 0.0746861 0.0649803 0.293147 0.149054
9.9982E-05 0.0738198 9.9982E-05 0.00110395 0.0439365 0.0711657 0.0767278 0.0146559 0.620612 0.0977783
0.0569973 0.0566348 0.00623459 0.0133465 0.0371536 9.9982E-05 0.0598035 9.9982E-05 0.653472 0.116158
0.0371141 9.9973E-05 9.9973E-05 9.9973E-05 0.503026 0.0174223 0.0438417 0.0587068 0.118046 0.221543
0.0437141 0.131226 0.00762449 9.9982E-05 0.314907 9.9982E-05 0.244702 0.0492871 0.108186 0.100153
0.0639816 9.9991E-05 0.00811044 0.0102112 0.214918 0.056588 0.058259 0.0389079 0.438689 0.110235
0.0368894 0.09654 9.9964E-05 9.9964E-05 0.317077 9.9964E-05 0.29995 0.101745 9.9964E-05 0.1474
9.9955E-05 9.9955E-05 9.9955E-05 0.0180383 0.539301 9.9955E-05 0.051881 9.9955E-05 0.23157 0.15871
9.9946E-05 9.9946E-05 9.9946E-05 9.9946E-05 0.450369 9.9946E-05 0.018794 9.9946E-05 0.376934 0.153304
9.9964E-05 0.0444038 9.9964E-05 0.0185835 0.403552 9.9964E-05 9.9964E-05 0.0636383 0.283982 0.185441
0.0376703 9.9964E-05 9.9964E-05 9.9964E-05 0.505299 9.9964E-05 0.057797 0.00197132 0.232642 0.16422
0.0239058 0.0120306 9.9991E-05 0.03219 0.204934 0.0204322 0.0557232 0.0176065 0.536526 0.0965516
0.0524176 0.026013 0.0137289 0.00532075 0.168861 0.0642226 0.0621774 0.0283351 0.514736 0.0641873
0.00419161 0.0552649 9.9991E-05 0.00443922 0.234193 0.0139569 0.00733534 0.0116258 0.575741 0.0931523
0.0175677 0.0829932 0.00821133 9.9982E-05 0.389649 9.9982E-05 0.175992 0.10308 0.0875682 0.134739
0.0644414 9.99933E-05 0.0454838 0.0206521 0.0792953 0.129254 0.0748486 0.0720462 0.446524 0.0673551
0.176741 0.0958137 0.0387285 0.00939312 0.0137584 0.0343853 0.081245 0.0808151 0.449087 0.0200327
0.362001 0.267005 9.9955E-05 9.9955E-05 9.9955E-05 9.9955E-05 0.128893 0.160245 9.9955E-05 0.0813565
0.109015 0.0199998 0.0206737 9.9991E-05 0.0384866 0.0364279 0.0271145 0.0843031 0.631279 0.0325996
0.276132 0.0828363 0.0291123 0.00162663 0.118421 0.0683841 0.0948307 0.117235 0.191577 0.0198436
0.117817 0.121808 9.9991E-05 0.0245006 0.042603 0.0555882 0.0495124 0.0209142 0.527659 0.0394972
0.380591 0.149402 9.9991E-05 0.0219648 0.0276579 0.0216101 0.0342046 0.101486 0.159569 0.103414
0.383864 0.152713 9.9982E-05 0.0148417 0.0954699 9.9982E-05 0.150172 0.126993 0.00912645 0.0666195
0.232936 0.0842298 0.00403664 9.9991E-05 0.046007 0.0127065 0.108993 0.0863665 0.360477 0.0641478
0.0596867 0.0703382 0.0639556 9.9991E-05 0.0707162 0.0616325 0.0830429 0.0602883 0.43633 0.0939092
0.0816709 0.104356 9.9991E-05 0.0342549 0.0559435 0.113813 0.0487429 0.0685821 0.396489 0.0960478
0.14628 0.181429 0.0528865 9.9973E-05 0.258507 9.9973E-05 0.158638 0.166205 0.0357557 9.9973E-05
0.121102 0.00946083 0.0487706 0.00733481 0.0254344 0.0834618 0.0408604 0.0537007 0.537101 0.0727735
0.329032 0.0888944 9.9973E-05 9.9973E-05 0.117894 9.9973E-05 0.129626 0.0965087 0.208199 0.0295468
0.155618 0.0729881 9.9973E-05 9.9973E-05 0.0935791 9.9973E-05 0.12194 0.115515 0.406678 0.0333808
0.111086 9.9991E-05 0.0483972 0.00905564 0.0254952 0.102149 0.0376466 0.0659265 0.571394 0.0287501
0.142419 0.196877 0.197232 0.0227014 9.9964E-05 0.290769 9.9964E-05 9.9964E-05 0.149602 9.9964E-05
0.124678 0.479661 0.080625 0.0169858 9.9955E-05 0.297551 9.9955E-05 9.9955E-05 9.9955E-05 9.9955E-05
0.112486 0.506222 0.0991247 0.00257857 9.9955E-05 0.279089 9.9955E-05 9.9955E-05 9.9955E-05 9.9955E-05
0.138218 0.322186 0.180576 0.013864 9.9973E-05 0.228911 9.9973E-05 9.9973E-05 0.10828 0.0076649
0.280199 9.9964E-05 9.9964E-05 0.00301943 0.0232308 9.9964E-05 0.0676578 0.0825757 0.542918 9.9964E-05
0.12004 0.036004 0.0274513 0.0254045 0.0194615 0.0267255 0.0332506 0.0983637 0.588724 0.0245747
9.9955E-05 9.9955E-05 0.610074 0.0102314 0.0363806 9.9955E-05 9.9955E-05 9.9955E-05 0.334175 0.00863884
9.9973E-05 0.00434648 0.44965 0.0284446 0.137687 0.0164675 0.0174027 9.9973E-05 0.345702 9.9973E-05
9.9991E-05 0.0234173 0.387241 0.0357081 0.00549929 0.0367764 0.0322695 0.000492574 0.380381 0.0981144
0.461474 0.0154436 0.0275165 9.9982E-05 0.0889154 9.9982E-05 0.189294 0.0466447 0.13705 0.0334611
0.118573 0.048757 9.9982E-05 0.0135974 9.9982E-05 0.0907257 0.0911086 0.085426 0.483103 0.0685099
0.533255 0.0179412 9.9964E-05 9.9964E-05 0.132682 9.9964E-05 0.162336 0.0300598 0.123325 9.9964E-05
0.25572 0.0444595 9.9973E-05 9.9973E-05 0.0177953 0.0269325 0.0939541 0.0287468 0.532092 9.9973E-05
0.267272 0.0619448 9.9982E-05 9.9982E-05 0.101418 0.0133886 0.133704 0.00794306 0.412514 0.00161651
0.360858 0.00820331 9.9973E-05 0.0204872 0.0240248 9.9973E-05 0.0890252 0.00936655 0.487735 9.9973E-05
0.528946 0.0932329 9.9964E-05 9.9964E-05 0.0612354 9.9964E-05 0.125587 0.0536423 0.136956 9.9964E-05
0.209247 9.9973E-05 0.0613154 0.0448382 9.9973E-05 9.9973E-05 0.0135279 0.047235 0.599972 0.023564
0.196445 0.0191916 9.9991E-05 0.0205811 0.00483256 0.0745841 0.070759 0.0557748 0.545877 0.0118547
0.0189741 9.9937E-05 0.955615 9.9937E-05 9.9937E-05 9.9937E-05 9.9937E-05 9.9937E-05 0.024711 9.9937E-05
9.9955E-05 9.9955E-05 0.916532 9.9955E-05 0.0605931 9.9955E-05 0.00343986 9.9955E-05 0.0163128 0.00262202
9.9973E-05 9.9973E-05 0.551751 0.00831054 0.0992424 0.0560213 0.00677623 0.0216296 0.255969 9.9973E-05
9.9946E-05 9.9946E-05 0.604319 9.9946E-05 9.9946E-05 9.9946E-05 0.0154958 9.9946E-05 0.341912 0.0376734
9.9946E-05 9.9946E-05 0.784394 0.0106323 0.0335959 9.9946E-05 9.9946E-05 9.9946E-05 0.170778 9.9946E-05
9.99201E-05 9.99201E-05 0.999101 9.99201E-05 9.99201E-05 9.99201E-05 9.99201E-05 9.99201E-05 9.99201E-05 9.99201E-05
9.9946E-05 9.9946E-05 0.951407 9.9946E-05 0.0158211 9.9946E-05 0.00664931 9.9946E-05 9.9946E-05 0.025523
9.9928E-05 9.9928E-05 0.840155 9.9928E-05 9.9928E-05 9.9928E-05 9.9928E-05 9.9928E-05 0.159046 9.9928E-05
9.9955E-05 9.9955E-05 0.94149 0.000593236 0.0161223 9.9955E-05 9.9955E-05 0.0219146 9.9955E-05 0.0193801
9.99201E-05 9.99201E-05 0.999101 9.99201E-05 9.99201E-05 9.99201E-05 9.99201E-05 9.99201E-05 9.99201E-05 9.99201E-05
9.99201E-05 9.99201E-05 0.999101 9.99201E-05 9.99201E-05 9.99201E-05 9.99201E-05 9.99201E-05 9.99201E-05 9.99201E-05
0.0123862 9.99762E-05 0.777472 9.99762E-05 0.0149598 0.00412653 0.032495 9.99762E-05 0.157782 0.000478201
9.9955E-05 9.9955E-05 0.772685 0.0195836 0.0625518 9.9955E-05 9.9955E-05 9.9955E-05 0.106327 0.0383527
9.99201E-05 9.99201E-05 0.999101 9.99201E-05 9.99201E-05 9.99201E-05 9.99201E-05 9.99201E-05 9.99201E-05 9.99201E-05
0.0655358 9.9991E-05 0.413853 0.025741 0.0935053 0.0491706 0.00171535 0.00912027 0.331798 0.00946107
9.9973E-05 0.0244017 0.636765 0.0159342 0.0579935 0.0123196 9.9973E-05 9.9973E-05 0.242939 0.00934749
9.9973E-05 0.0157783 0.780316 0.0121933 9.9973E-05 0.0125295 9.9973E-05 0.00395658 0.16378 0.0111461
9.9955E-05 9.9955E-05 0.870229 0.0129325 0.0236006 9.9955E-05 9.9955E-05 0.00303675 0.0897009 9.9955E-05
9.9928E-05 9.9928E-05 0.987072 9.9928E-05 9.9928E-05 9.9928E-05 9.9928E-05 9.9928E-05 0.0121289 9.9928E-05
9.9937E-05 9.9937E-05 0.947568 9.9937E-05 9.9937E-05 0.00534029 9.9937E-05 9.9937E-05 0.0463925 9.9937E-05
9.9928E-05 9.9928E-05 0.99885 0.000350896 9.9928E-05 9.9928E-05 9.9928E-05 9.9928E-05 9.9928E-05 9.9928E-05
0.0172751 9.9982E-05 0.61499 9.9982E-05 0.0119061 0.0486469 0.00151254 0.059113 0.225469 0.0208866
9.9955E-05 0.003951 0.960818 0.0190489 9.9955E-05 9.9955E-05 0.00225961 0.0134227 9.9955E-05 9.9955E-05
0.512275 0.222443 0.00369507 9.9955E-05 9.9955E-05 0.194609 0.0664789 9.9955E-05 9.9955E-05 9.9955E-05
0.297603 0.0692507 0.0598295 0.0250924 0.0135149 0.150629 0.0115748 9.9991E-05 0.360782 0.0116234
0.266001 0.0941023 0.0093541 0.000728288 9.9982E-05 0.114161 0.0311068 9.9982E-05 0.447382 0.0369654
0.486988 0.13696 0.118311 0.025841 9.9973E-05 0.0959666 9.9973E-05 9.9973E-05 0.113371 0.0222631
0.152744 0.0743037 0.111184 0.0278702 0.123304 0.0945689 9.9991E-05 0.0484403 0.35606 0.0114244
0.501055 0.183472 0.109175 0.0202433 9.9973E-05 0.127995 0.0118934 9.9973E-05 0.0458663 9.9973E-05
0.170627 0.0908345 0.0753745 0.00498586 0.0966386 0.126216 0.0325817 9.9991E-05 0.392226 0.0104164
0.433522 0.108207 0.101818 0.00339255 9.9964E-05 0.0885437 9.9964E-05 9.9964E-05 0.264116 9.9964E-05
0.254378 0.0999809 0.0756388 0.022224 9.9964E-05 0.0901963 9.9964E-05 9.9964E-05 0.457182 9.9964E-05
0.391216 0.0516414 0.0921408 0.0383406 9.9964E-05 0.110547 9.9964E-05 9.9964E-05 0.315715 9.9964E-05
0.216331 0.0536745 0.114111 0.0274176 0.101299 0.105177 9.9982E-05 0.00288296 0.378906 9.9982E-05
0.043304 9.99591E-05 9.99591E-05 0.0177269 9.99591E-05 0.861418 9.99591E-05 9.99591E-05 0.0598041 0.0172471
9.9955E-05 0.00951778 0.0542268 0.0428432 9.9955E-05 0.874374 0.0185384 9.9955E-05 9.9955E-05 9.9955E-05
9.9955E-05 0.027635 9.9955E-05 0.0422925 9.9955E-05 0.88757 9.9955E-05 9.9955E-05 0.0154194 0.0265831
9.9937E-05 0.0587033 9.9937E-05 0.00928834 9.9937E-05 0.931309 9.9937E-05 9.9937E-05 9.9937E-05 9.9937E-05
9.9955E-05 0.0309253 9.9955E-05 0.0495921 0.0339093 0.845527 9.9955E-05 9.9955E-05 0.0395467 9.9955E-05
9.9964E-05 0.0187796 0.00663246 0.0322551 0.00192652 0.93498 9.9964E-05 9.9964E-05 0.00502631 9.9964E-05
9.9964E-05 9.9964E-05 0.0117958 0.0557125 0.00962627 0.869596 9.9964E-05 9.9964E-05 0.0451678 0.00770144
9.9964E-05 0.00225386 9.9964E-05 0.0451459 0.0279513 0.90037 0.00986313 9.9964E-05 9.9964E-05 0.0140158
0.00223483 0.0216329 0.0556247 0.0269863 0.0351853 0.837565 9.9973E-05 0.0204715 9.9973E-05 9.9973E-05
9.9964E-05 0.0788546 0.0149111 0.0281986 9.9964E-05 0.84456 9.9964E-05 9.9964E-05 0.0318439 0.00123245
0.084966 0.00567844 9.9964E-05 9.9964E-05 0.0227778 0.581566 9.9964E-05 0.0719739 9.9964E-05 0.232638
9.9964E-05 0.0500034 9.9964E-05 0.0326413 0.0620218 0.573341 9.9964E-05 0.0357642 9.9964E-05 0.245828
0.0577259 0.0355158 9.9973E-05 0.00557783 0.119268 0.511795 9.9973E-05 0.060215 9.9973E-05 0.209602
0.126898 9.9964E-05 9.9964E-05 9.9964E-05 0.163858 0.454982 0.00336083 0.00602228 9.9964E-05 0.24448
0.0343942 9.9973E-05 9.9973E-05 0.0276459 0.191105 0.0300783 9.9973E-05 0.229294 0.441334 0.0458477
9.9973E-05 9.9973E-05 9.9973E-05 0.0336276 0.115767 0.0232114 0.0158292 0.289389 0.482953 0.0389225
9.9973E-05 9.9973E-05 0.0113832 9.9973E-05 0.134488 0.0214069 0.0270103 0.154892 0.533837 0.116682
9.9973E-05 0.00278715 9.9973E-05 0.0176984 0.240852 0.0142542 9.9973E-05 0.235056 0.338845 0.150207
0.00735456 9.9964E-05 9.9964E-05 9.9964E-05 0.517056 9.9964E-05 0.0532621 0.0576493 0.116248 0.24803
9.9964E-05 9.9964E-05 9.9964E-05 9.9964E-05 0.0799579 0.0444468 0.0575964 0.160615 0.648289 0.00869492
9.9946E-05 9.9946E-05 9.9946E-05 9.9946E-05 0.0586856 9.9946E-05 9.9946E-05 0.215785 0.621319 0.10361
0.0624533 0.0447416 9.9973E-05 9.9973E-05 0.00235117 9.9973E-05 0.0804237 0.275629 0.502988 0.0311128
9.9946E-05 9.9946E-05 0.00372876 9.9946E-05 9.9946E-05 9.9946E-05 0.0558459 0.552043 0.387783 9.9946E-05
0.0183639 0.0447515 0.00092401 0.0246245 9.9991E-05 0.0281806 0.0111893 0.135424 0.654736 0.0817058
9.9955E-05 9.9955E-05 9.9955E-05 0.0166261 0.0801342 9.9955E-05 9.9955E-05 0.448283 0.422863 0.0315946
9.9946E-05 0.022472 9.9946E-05 9.9946E-05 9.9946E-05 9.9946E-05 0.123205 0.840222 9.9946E-05 0.0135017
9.9973E-05 0.057484 9.9973E-05 9.9973E-05 0.163997 0.0451205 0.00388194 0.143433 0.535901 0.0498822
0.0147894 0.0541903 9.9955E-05 9.9955E-05 9.9955E-05 9.9955E-05 0.0699233 0.687026 0.173571 9.9955E-05
9.9973E-05 0.0176103 9.9973E-05 0.0248549 0.00130441 9.9973E-05 0.00343312 0.363298 0.557272 0.0319279
9.9955E-05 9.9955E-05 9.9955E-05 9.9955E-05 0.17765 0.0234662 9.9955E-05 0.613297 0.114088 0.0710001
0.104084 9.9937E-05 9.9937E-05 9.9937E-05 9.9937E-05 0.0785326 9.9937E-05 9.9937E-05 9.9937E-05 0.816684
0.10729 9.9946E-05 9.9946E-05 9.9946E-05 9.9946E-05 0.0613483 9.9946E-05 9.9946E-05 0.0615442 0.769218
0.116844 9.9946E-05 9.9946E-05 9.9946E-05 9.9946E-05 0.0470475 9.9946E-05 9.9946E-05 0.03107 0.804439
0.124492 9.9937E-05 9.9937E-05 9.9937E-05 9.9937E-05 0.0981471 9.9937E-05 9.9937E-05 9.9937E-05 0.776661
0.100534 9.9937E-05 9.9937E-05 9.9937E-05 9.9937E-05 9.9937E-05 9.9937E-05 9.9937E-05 0.111337 0.787429
0.139854 9.9955E-05 0.0422201 9.9955E-05 9.9955E-05 0.00048086 9.9955E-05 9.9955E-05 0.0727086 0.744237
9.9964E-05 9.9964E-05 0.0580046 0.00198229 9.9964E-05 0.872352 9.9964E-05 0.0166287 0.0335009 0.0171315
9.9973E-05 0.00428293 0.0056302 9.9973E-05 0.0100421 0.817975 9.9973E-05 0.0268543 0.124822 0.0100933
9.9982E-05 0.0334636 0.0281954 0.0201565 0.0173396 0.745737 0.00551877 9.9982E-05 0.144665 0.00472398
9.9955E-05 9.9955E-05 0.0795243 9.9955E-05 0.0162334 0.837577 9.9955E-05 0.05609 9.9955E-05 0.0100758
0.055709 0.00703798 0.0473366 0.0205041 9.9982E-05 0.737049 9.9982E-05 0.00273295 0.127128 0.00230269
0.0753114 0.049432 9.9955E-05 0.0181848 9.9955E-05 0.330277 9.9955E-05 9.9955E-05 9.9955E-05 0.526295
0.0543764 9.9973E-05 0.00296196 0.0359641 0.0308005 0.380616 0.0209847 9.9973E-05 9.9973E-05 0.473997
9.9973E-05 0.0487632 9.9973E-05 0.0258729 0.0176709 0.380781 0.0197438 9.9973E-05 0.0327825 0.474086
9.99201E-05 9.99201E-05 9.99201E-05 0.999101 9.99201E-05 9.99201E-05 9.99201E-05 9.99201E-05 9.99201E-05 9.99201E-05
0.0312789 9.9973E-05 9.9973E-05 0.0375179 0.0414154 0.342649 0.0644858 0.0276774 9.9973E-05 0.454676
9.9955E-05 0.207489 0.211397 9.9955E-05 9.9955E-05 0.198608 0.0278592 9.9955E-05 0.354148 9.9955E-05
0.0209599 0.0792338 0.170772 0.00491928 0.0159047 0.11096 9.9991E-05 0.0236735 0.558697 0.0147795
0.00749806 0.0157429 0.198466 9.9955E-05 9.9955E-05 0.195591 9.9955E-05 9.9955E-05 0.582202 9.9955E-05
0.0890985 0.122266 0.190669 9.9964E-05 9.9964E-05 0.214914 0.0184978 9.9964E-05 0.364156 9.9964E-05
9.9982E-05 0.0114376 0.121741 0.0265757 0.059059 0.150989 0.0521681 9.9982E-05 0.509794 0.0680363
0.0514061 0.350423 0.251196 0.0196959 9.9973E-05 0.289458 0.0212612 9.9973E-05 9.9973E-05 0.0162594
0.0305212 9.9955E-05 9.9955E-05 9.9955E-05 0.283782 9.9955E-05 0.0548989 9.9955E-05 0.399217 0.231081
0.0848819 0.0466065 9.9973E-05 9.9973E-05 0.14692 9.9973E-05 0.157019 0.0695044 0.397416 0.0973517
0.0369815 9.9964E-05 9.9964E-05 9.9964E-05 0.55925 9.9964E-05 0.0673356 0.0516805 0.139827 0.144526
0.0206592 0.0346265 9.9973E-05 9.9973E-05 0.163163 9.9973E-05 0.195182 0.0457352 0.483346 0.0569883
0.087096 0.10861 9.9964E-05 9.9964E-05 0.157451 9.9964E-05 0.368224 0.115941 9.9964E-05 0.162279
0.135332 0.0192235 0.0186953 0.0339455 0.180881 0.0491145 9.9991E-05 0.0115358 0.499853 0.0513197
0.073371 0.0469154 9.9973E-05 9.9973E-05 0.125515 9.9973E-05 0.0943704 0.0404399 0.521152 0.0979356
0.00399731 0.0316494 9.9991E-05 0.034392 0.405488 0.0103755 0.00944076 0.0232257 0.288857 0.192474
0.0408401 0.00328202 0.0329396 0.0180581 0.178879 0.0950173 0.0442089 0.00911045 0.47875 0.0989149
0.138375 0.064335 9.9973E-05 9.9973E-05 0.399709 9.9973E-05 0.173897 0.140686 0.0169848 0.065714
0.0115045 0.050291 9.9973E-05 9.9973E-05 0.1836 9.9973E-05 0.0577934 0.0870302 0.526563 0.0829187
9.9973E-05 0.01647 9.9973E-05 0.000639558 0.281585 9.9973E-05 0.0419305 0.0415189 0.454653 0.162904
0.0323117 0.14426 0.0630449 9.9991E-05 0.110718 0.0587585 0.0560703 0.0327045 0.453838 0.0481943
9.9964E-05 0.101729 9.9964E-05 9.9964E-05 0.313335 9.9964E-05 0.147124 0.0944754 0.27678 0.0661562
0.0432146 0.0978556 9.9973E-05 9.9973E-05 0.173937 9.9973E-05 0.126605 0.0824994 0.379118 0.0964708
0.00436684 0.0358309 9.9973E-05 9.9973E-05 0.0860529 9.9973E-05 0.115691 0.0404745 0.587059 0.130225
0.0449935 0.0432186 9.9973E-05 9.9973E-05 0.175336 9.9973E-05 0.11643 0.0730664 0.475661 0.0709945
0.0187584 0.015352 0.0190529 0.0141773 0.100205 0.0135608 0.0715795 0.03804 0.632727 0.0765467
0.045593 0.0192488 0.0251418 0.0111771 0.130099 0.0669126 0.0188033 0.0583681 0.556739 0.0679172
0.0343968 0.0403088 9.9991E-05 0.0222884 0.16841 0.0472978 0.0347873 0.0654822 0.512513 0.0744163
9.9946E-05 9.9946E-05 0.0562954 0.0236374 9.9946E-05 0.813604 9.9946E-05 9.9946E-05 0.105863 9.9946E-05
9.9946E-05 9.9946E-05 0.00560029 0.00776755 9.9946E-05 0.865145 9.9946E-05 9.9946E-05 0.120888 9.9946E-05
0.0206822 0.00352674 9.9964E-05 0.0321555 9.9964E-05 0.859334 9.9964E-05 9.9964E-05 0.0525234 0.0313782
9.9973E-05 9.9973E-05 0.0691245 0.0257196 9.9973E-05 0.872586 0.0101895 0.00870006 0.00669641 0.00668444
9.9955E-05 9.9955E-05 0.00053926 0.0305995 9.9955E-05 0.87337 9.9955E-05 9.9955E-05 0.0906186 0.00437285
0.0207013 0.026683 0.0464188 9.9982E-05 0.625832 0.0324578 0.0110237 0.0441543 9.9982E-05 0.192529
9.9991E-05 0.0813605 0.0103969 0.00843683 0.125545 0.00312443 0.143334 0.0302035 0.511152 0.0863467
0.102878 0.0454149 0.23419 0.00837922 0.0358743 0.164563 0.0432465 9.9991E-05 0.3561 0.00925457
0.0255225 9.9982E-05 0.0288015 0.0139648 0.202137 0.0102134 9.9982E-05 0.024214 0.611158 0.0837894
9.9964E-05 0.0351749 9.9964E-05 0.00928865 0.38851 0.00614845 9.9964E-05 9.9964E-05 0.451223 0.109256
0.0987506 0.0746632 9.9973E-05 9.9973E-05 0.278114 9.9973E-05 0.159189 0.0379061 0.22691 0.124167
9.9964E-05 0.0479159 9.9964E-05 0.0224036 0.576189 0.0275349 9.9964E-05 0.0225682 9.9964E-05 0.302988
0.04578 9.9973E-05 9.9973E-05 0.0357874 0.290683 0.0197006 9.9973E-05 0.0453176 0.412421 0.15001
0.0194343 9.9982E-05 0.0178452 9.9982E-05 0.471595 0.0442323 0.0242374 0.00824933 0.15333 0.260876
0.0707345 0.0164546 9.9991E-05 0.0114123 0.180987 0.0246291 0.0700987 0.117198 0.417312 0.0910741
9.9964E-05 0.0486768 9.9964E-05 9.9964E-05 0.51857 0.0605323 0.0399834 9.9964E-05 0.0766924 0.255146
0.00463836 0.017105 0.0559752 9.9991E-05 0.224949 0.0778896 0.035226 0.00782085 0.465532 0.110764
0.0393165 0.0168329 0.010449 0.015678 0.595635 0.0434027 0.0105819 0.0832984 0.0209618 0.163844
0.0758841 0.0296431 0.0907337 0.00425244 0.407092 9.9991E-05 0.138546 0.0524832 0.166092 0.0351732
0.114689 0.0332606 0.0130675 0.00259286 0.148877 0.0445454 0.0757307 0.0326107 0.503546 0.0310804
0.54797 9.9964E-05 9.9964E-05 9.9964E-05 0.145509 9.9964E-05 0.121505 0.0342036 0.145331 0.00508148
0.387069 0.0105122 0.0143976 0.0045198 9.9991E-05 0.00617373 0.0299349 0.0279359 0.479023 0.0403335
0.212593 0.026281 0.0256322 0.0206032 0.0277652 0.0814951 0.0337668 0.0394962 0.497873 0.034494
0.608352 0.0546139 9.9964E-05 9.9964E-05 0.0557134 9.9964E-05 0.0744288 0.0687401 0.137752 9.9964E-05
0.129674 0.041435 0.0150455 0.0427714 0.0386116 0.0502077 0.0334561 0.111732 0.485584 0.0514827
0.323857 0.0308394 9.9982E-05 0.0212961 9.9982E-05 0.00978655 0.0974053 0.000259995 0.462524 0.0538315
0.553345 0.0649615 9.9973E-05 9.9973E-05 0.0102683 9.9973E-05 0.20181 0.133139 0.0166601 0.0195163
0.693391 0.0286354 9.9973E-05 9.9973E-05 0.0449712 9.9973E-05 0.0997971 0.0476203 0.0795384 0.00574688
0.357911 9.9964E-05 9.9964E-05 9.9964E-05 0.0830436 9.9964E-05 0.0558691 0.0637004 0.392312 0.0467638
0.672539 0.01038 9.9955E-05 9.9955E-05 9.9955E-05 9.9955E-05 0.101288 0.174574 9.9955E-05 0.0407185
0.433885 9.9964E-05 9.9964E-05 9.9964E-05 0.0933913 9.9964E-05 0.0647202 0.00979908 0.34462 0.0531847
9.9955E-05 9.9955E-05 9.9955E-05 0.00864429 0.658934 9.9955E-05 9.9955E-05 0.0291227 0.0618811 0.240919
9.9973E-05 0.0361294 0.0727958 9.9973E-05 0.337794 9.9973E-05 0.292129 0.0317155 0.083302 0.145834
9.9964E-05 9.9964E-05 0.0506237 0.0310112 0.368966 9.9964E-05 9.9964E-05 0.0120939 0.357217 0.179688
9.9991E-05 0.00761466 0.0157071 0.000585966 0.215188 0.0609325 0.055886 0.0489277 0.500603 0.0944553
9.9955E-05 9.9955E-05 0.0066665 9.9955E-05 0.503426 9.9955E-05 9.9955E-05 0.0766726 0.14742 0.265315
9.9991E-05 0.0843003 0.0194678 0.00591068 0.0828533 0.0142405 0.0575237 0.104909 0.509774 0.120921
0.0198823 0.0409496 9.9973E-05 0.0274624 0.213764 9.9973E-05 0.0286754 9.9973E-05 0.533064 0.135902
9.9964E-05 0.0708133 9.9964E-05 9.9964E-05 0.181139 9.9964E-05 0.101461 0.0192378 0.522847 0.104101
9.9964E-05 0.013385 0.0396291 9.9964E-05 0.29131 9.9964E-05 0.0904735 9.9964E-05 0.461517 0.103286
9.9973E-05 0.0130944 9.9973E-05 0.0108948 0.326983 0.00167784 9.9973E-05 0.0224571 0.436179 0.188414
9.9973E-05 9.9973E-05 0.00449039 0.0200364 0.514217 9.9973E-05 0.0654342 0.0544148 0.166615 0.174492
9.9964E-05 9.9964E-05 0.0294421 9.9964E-05 0.343597 9.9964E-05 0.029205 0.0396127 0.36019 0.197553
0.00401227 0.0663029 9.9982E-05 0.00428007 0.105876 9.9982E-05 0.0690047 0.0792833 0.570057 0.100984
0.0218789 0.0115507 0.0821734 9.9991E-05 0.0757938 0.0468116 0.034044 0.0596988 0.567931 0.100018
9.9982E-05 0.148919 0.0493615 9.9982E-05 0.197352 0.017502 0.0836144 0.0837152 0.27505 0.144285
9.9973E-05 0.0330113 0.0820956 9.9973E-05 0.140235 9.9973E-05 0.109516 0.0410716 0.443376 0.150394
9.9973E-05 0.00901119 0.0297697 0.0137722 0.346379 9.9973E-05 9.9973E-05 0.0562507 0.319446 0.225072
9.9982E-05 0.0336289 0.0449498 9.9982E-05 0.328715 0.0204798 0.0171193 0.0469294 0.432683 0.0752952
9.9982E-05 9.9982E-05 0.0535219 0.000588193 0.29372 0.039328 0.0761596 0.0225471 0.410706 0.103229
0.057878 9.9991E-05 0.0459137 0.00954179 0.011494 0.0804679 0.100364 0.0286925 0.532988 0.13256
0.0220817 0.0480788 0.0906498 0.013988 0.0848101 0.278048 9.9973E-05 9.9973E-05 0.462043 9.9973E-05
9.9973E-05 0.122237 0.0686376 0.00671559 0.150622 0.0947271 0.0132959 9.9973E-05 0.543465 9.9973E-05
0.0287137 0.117676 0.023545 0.0282049 0.0738008 0.119026 0.0302862 0.0242785 0.554369 9.9991E-05
0.0258651 0.0681166 0.103552 0.0139277 0.0246845 0.0860035 0.0382231 0.065059 0.53841 0.0361589
0.0142014 0.184274 0.105556 0.0034971 9.9982E-05 0.135371 0.0217142 9.9982E-05 0.529673 0.00551359
0.06815 0.0121982 9.9973E-05 9.9973E-05 0.114896 9.9973E-05 0.206339 0.0628797 0.426908 0.10833
0.141109 0.0362536 0.0636076 0.00409928 9.9982E-05 0.147427 9.9982E-05 0.0407563 0.529684 0.0368632
0.104252 0.302419 0.116956 9.9982E-05 0.166325 0.134078 0.0927669 0.0425806 0.0404236 9.9982E-05
0.0450146 0.119244 0.065094 0.015854 0.0249448 0.0165852 0.00539325 9.9991E-05 0.625861 0.0819084
0.0120939 0.0864294 0.111797 0.0208402 0.0381121 0.127022 0.0643201 0.0102137 0.529072 9.9991E-05
9.9991E-05 0.0426101 0.107368 0.0410945 0.0647535 0.0694617 0.0139977 0.0851267 0.536498 0.0389897
0.0554094 0.182595 0.0735531 0.040581 0.132365 0.0904765 0.0825773 0.0496418 0.292702 9.9991E-05
0.0541973 0.0369651 0.124463 0.00177326 0.0588307 0.181092 9.9991E-05 0.0131326 0.508819 0.0206271
0.0307172 0.123362 0.133267 0.0115471 9.9982E-05 0.042181 0.0533986 9.9982E-05 0.532858 0.072469
0.04457 0.532837 0.0790647 0.0127696 9.9973E-05 0.300841 0.0247276 0.00488966 9.9973E-05 9.9973E-05
0.00420104 0.0744413 0.127972 0.0176818 0.0772535 0.171971 0.0234735 0.0148404 0.476453 0.0117124
0.0219868 0.120981 0.134788 0.0197453 0.0292748 0.130976 0.0164915 9.9982E-05 0.525556 9.9982E-05
0.0785811 0.0605993 0.0945958 0.0104836 0.118151 0.0392934 0.0376991 0.010522 0.549975 9.9991E-05
0.0173881 0.132596 0.112776 0.0336886 9.9964E-05 0.119128 9.9964E-05 9.9964E-05 0.584024 9.9964E-05
0.094469 0.00741793 0.115427 0.0333163 0.0611814 0.161476 9.9982E-05 0.0455187 0.480994 9.9982E-05
9.9955E-05 9.9955E-05 9.9955E-05 0.0266035 9.9955E-05 0.055713 0.463045 0.0603823 0.393756 9.9955E-05
0.0159266 9.9991E-05 0.0543165 0.0238039 0.0789482 0.0598517 0.211351 0.0862318 0.453245 0.0162249
9.9946E-05 9.9946E-05 9.9946E-05 9.9946E-05 0.021341 9.9946E-05 0.933022 0.0330683 9.9946E-05 0.0119688
9.9955E-05 9.9955E-05 9.9955E-05 0.000520459 0.0247201 0.0317237 0.930442 9.9955E-05 9.9955E-05 0.0120943
0.0418724 0.0168816 0.0367912 0.0330951 0.0640723 0.0315754 0.300112 9.9991E-05 0.470606 0.00489365
0.0759092 0.128047 0.298812 9.9964E-05 9.9964E-05 0.0956565 0.107865 9.9964E-05 0.29331 9.9964E-05
9.9955E-05 0.0818875 0.232127 9.9955E-05 9.9955E-05 0.127773 0.201266 9.9955E-05 0.356446 9.9955E-05
9.9955E-05 0.151276 0.248817 9.9955E-05 9.9955E-05 0.122551 0.270452 9.9955E-05 0.206404 9.9955E-05
9.9964E-05 0.143816 0.183672 0.0382119 9.9964E-05 0.071931 0.185299 9.9964E-05 0.376671 9.9964E-05
0.0140461 0.126252 9.9964E-05 0.0191343 9.9964E-05 0.0668674 0.686452 9.9964E-05 0.0868477 9.9964E-05
9.9964E-05 0.1377 0.0221997 0.0166854 9.9964E-05 0.0359654 0.635646 9.9964E-05 0.151404 9.9964E-05
0.014094 0.0370976 0.0115882 9.9964E-05 9.9964E-05 9.9964E-05 0.336776 0.00249574 0.597548 9.9964E-05
9.9946E-05 9.9946E-05 0.0891042 9.9946E-05 9.9946E-05 0.0667101 0.485274 9.9946E-05 0.358312 9.9946E-05
9.9964E-05 0.0394664 0.0147358 0.00722303 9.9964E-05 0.0593488 0.663906 9.9964E-05 0.21492 9.9964E-05
9.9973E-05 9.9973E-05 0.00625965 0.0284411 0.070817 0.0672901 0.299882 9.9973E-05 0.523067 0.00394272
9.9955E-05 0.00491963 0.0201509 9.9955E-05 9.9955E-05 0.0451083 0.321664 9.9955E-05 0.607657 9.9955E-05
0.0721124 9.9982E-05 0.0650241 0.0141457 0.0670465 0.0465948 0.258879 0.00367126 0.472326 9.9982E-05
9.9964E-05 9.9964E-05 9.9964E-05 0.00733176 0.0481761 0.014698 0.641467 9.9964E-05 0.277455 0.0104716
0.0446541 9.9955E-05 9.9955E-05 0.0173172 0.0937361 9.9955E-05 0.47181 9.9955E-05 0.371983 9.9955E-05
0.0188939 0.0212092 9.9982E-05 9.9982E-05 0.0129612 0.0340707 0.34281 0.0311739 0.479793 0.058888
0.0451087 0.0109962 9.9982E-05 9.9982E-05 0.0134298 0.00337282 0.354649 0.018947 0.447411 0.105886
9.9991E-05 0.0203552 0.034859 0.0213608 0.048168 0.0884865 0.214089 0.0693529 0.499502 0.00372604
0.0286692 9.9955E-05 9.9955E-05 0.0128766 9.9955E-05 9.9955E-05 0.45916 0.077942 0.420852 9.9955E-05
9.9964E-05 9.9964E-05 9.9964E-05 0.00438507 9.9964E-05 0.0137928 0.800452 0.012939 0.161864 0.00616726
9.9964E-05 9.9964E-05 0.00531189 0.00125803 9.9964E-05 0.0242003 0.401173 9.9964E-05 0.56714 0.000516662
9.9955E-05 9.9955E-05 9.9955E-05 9.9955E-05 0.0313668 9.9955E-05 0.756127 0.03353 0.132674 0.0458028
0.0279619 9.9955E-05 9.9955E-05 0.00526001 9.9955E-05 0.0135247 0.555865 9.9955E-05 0.396888 9.9955E-05
0.0291897 9.9991E-05 0.0197177 0.0229775 0.0167996 0.0519978 0.346324 0.00449161 0.477725 0.0306775
9.9973E-05 9.9973E-05 0.0338451 0.019947 9.9973E-05 0.0620986 0.325097 0.0576584 0.48207 0.018984
0.0932707 0.0301633 0.134523 0.0291902 0.0423953 0.110252 0.114678 9.9991E-05 0.4377 0.00772745
0.0688706 0.0381067 0.116646 0.0284385 9.9991E-05 0.0910821 0.102662 0.0440348 0.478784 0.0312751
0.115301 0.11521 0.22066 0.0269508 9.9973E-05 0.143308 0.0629528 9.9973E-05 0.315317 9.9973E-05
0.103403 0.0689561 0.212178 0.0412426 0.002055 0.138393 0.107927 0.0163522 0.291649 0.0178446
0.073409 0.0467574 0.120367 0.00593619 0.0677482 0.151751 0.0425312 0.0191606 0.455854 0.0164852
0.0110311 0.105441 0.0989472 0.0453904 9.9982E-05 0.106875 0.157936 9.9982E-05 0.438274 0.035906
9.9955E-05 0.0921219 0.0764189 0.017801 9.9955E-05 0.13691 0.676249 9.9955E-05 9.9955E-05 9.9955E-05
0.0560216 0.0172983 0.183204 9.9973E-05 9.9973E-05 0.109425 0.0999385 9.9973E-05 0.526061 0.00775187
9.9946E-05 0.254297 0.0564225 9.9946E-05 9.9946E-05 0.273264 0.415417 9.9946E-05 9.9946E-05 9.9946E-05
9.9964E-05 0.00801823 0.152968 0.0170835 9.9964E-05 0.0296437 0.3083 9.9964E-05 0.483587 9.9964E-05
9.9928E-05 9.9928E-05 9.9928E-05 9.9928E-05 9.9928E-05 9.9928E-05 0.921782 9.9928E-05 0.0774187 9.9928E-05
9.9937E-05 9.9937E-05 9.9937E-05 0.00625311 9.9937E-05 9.9937E-05 0.913079 0.0799679 9.9937E-05 9.9937E-05
