9.9955E-05 0.0356388 9.9955E-05 9.9955E-05 9.9955E-05 0.0608543 0.0235156 0.878823 9.9955E-05 0.000668797
9.9946E-05 0.0170749 9.9946E-05 9.9946E-05 9.9946E-05 0.0140646 0.0234483 0.944813 9.9946E-05 9.9946E-05
0.0278149 0.0227391 0.0213018 9.9964E-05 9.9964E-05 9.9964E-05 9.9964E-05 0.827124 0.0431324 0.0574878
0.0236025 0.0330659 9.9955E-05 9.9955E-05 9.9955E-05 9.9955E-05 9.9955E-05 0.786546 0.0303307 0.125955
0.0090754 9.9937E-05 9.9937E-05 9.9937E-05 9.9937E-05 9.9937E-05 9.9937E-05 0.907958 9.9937E-05 0.0822671
0.0455316 0.0303712 9.9964E-05 0.248484 9.9964E-05 0.0366257 9.9964E-05 0.607351 9.9964E-05 0.0312364
9.9937E-05 0.0205171 9.9937E-05 0.224484 9.9937E-05 9.9937E-05 9.9937E-05 0.754299 9.9937E-05 9.9937E-05
0.0445914 0.0224669 9.9955E-05 0.246734 9.9955E-05 0.0146535 9.9955E-05 0.671055 9.9955E-05 9.9955E-05
0.00856858 0.0180474 9.99639E-05 0.000157789 9.99639E-05 9.99639E-05 0.13089 0.802376 0.0395605 9.99639E-05
0.0119716 9.9964E-05 9.9964E-05 0.202888 0.0047569 0.0115714 9.9964E-05 0.751429 9.9964E-05 0.0169833
9.9946E-05 0.00460647 9.9946E-05 0.237688 9.9946E-05 9.9946E-05 9.9946E-05 0.703038 9.9946E-05 0.0540678
9.9964E-05 9.9964E-05 0.0539725 0.0833352 9.9964E-05 0.041283 0.640854 0.0264515 9.9964E-05 0.153704
9.9973E-05 0.0229713 0.0133302 9.9973E-05 9.9973E-05 0.0543293 0.352987 0.0269976 0.0367549 0.49233
9.9955E-05 9.9955E-05 9.9955E-05 0.00577356 9.9955E-05 0.0447858 0.621403 9.9955E-05 0.0753111 0.252227
9.9973E-05 0.00629511 0.000897711 9.9973E-05 9.9973E-05 0.103511 0.568299 0.014767 0.0625017 0.243429
9.9973E-05 9.9973E-05 0.0179003 0.00386195 9.9973E-05 0.115016 0.365076 0.047275 0.0548917 0.395679
9.9973E-05 0.0192521 9.9973E-05 0.0770488 9.9973E-05 0.0707099 0.290966 0.00120545 0.0459497 0.494568
9.9973E-05 0.0211812 0.0925961 0.0858955 9.9973E-05 0.0448562 0.328118 9.9973E-05 0.0117886 0.415264
9.9973E-05 0.0120057 9.9973E-05 0.0653652 9.9973E-05 0.0463725 0.539256 0.0541417 0.0594935 0.223066
9.9937E-05 9.9937E-05 9.9937E-05 0.189008 9.9937E-05 9.9937E-05 0.802012 0.00828024 9.9937E-05 9.9937E-05
9.9973E-05 0.00806524 0.0786641 0.100023 9.9973E-05 0.013429 0.363661 9.9973E-05 0.0226479 0.41321
9.9982E-05 0.00627944 0.0482092 0.167747 0.0924002 0.0428174 0.219999 9.9982E-05 0.0479286 0.37442
0.0269837 9.9973E-05 0.134723 0.0596341 9.9973E-05 0.0334351 0.205363 0.0318254 9.9973E-05 0.507736
9.9964E-05 0.00474671 9.9964E-05 0.191902 9.9964E-05 0.0691587 0.552995 0.0359667 9.9964E-05 0.14483
0.0145526 0.000184527 0.0839936 0.0323877 0.0300684 0.056774 0.0826386 0.0708969 0.0125678 0.615936
9.9982E-05 0.00652157 0.0190397 0.0596926 9.9982E-05 0.00207513 0.353711 0.0235215 0.0281261 0.507112
9.9964E-05 9.9964E-05 9.9964E-05 0.100757 0.0110737 0.0276805 0.614562 0.0476584 9.9964E-05 0.197869
9.9973E-05 9.9973E-05 0.046963 0.0442719 9.9973E-05 0.0400196 0.525278 0.0356499 0.0417998 0.265717
9.9955E-05 9.9955E-05 0.0206925 0.19997 9.9955E-05 9.9955E-05 0.606479 0.00659567 9.9955E-05 0.165763
9.99201E-05 0.999101 9.99201E-05 9.99201E-05 9.99201E-05 9.99201E-05 9.99201E-05 9.99201E-05 9.99201E-05 9.99201E-05
9.99201E-05 0.999101 9.99201E-05 9.99201E-05 9.99201E-05 9.99201E-05 9.99201E-05 9.99201E-05 9.99201E-05 9.99201E-05
9.9955E-05 0.375062 9.9955E-05 0.0151741 9.9955E-05 0.0787065 9.9955E-05 0.473968 9.9955E-05 0.0565893
9.9955E-05 0.294024 9.9955E-05 9.9955E-05 9.9955E-05 0.0743741 9.9955E-05 0.465327 0.0314617 0.134314
0.0537129 0.0016754 0.180671 0.17583 9.9973E-05 9.9973E-05 0.00575572 0.0817716 9.9973E-05 0.500284
9.9973E-05 0.0242878 0.262958 0.0515315 9.9973E-05 0.0549516 0.064385 0.0736071 9.9973E-05 0.467979
0.0094394 0.0047971 0.395161 9.9964E-05 0.0122155 9.9964E-05 9.9964E-05 9.9964E-05 0.0116686 0.566318
0.0387165 9.9973E-05 0.0302118 9.9973E-05 0.0381745 0.0052548 0.674421 0.0576487 9.9973E-05 0.155273
9.9964E-05 9.9964E-05 0.61652 0.00873066 0.0181012 0.00168006 9.9964E-05 9.9964E-05 0.0532513 0.301317
9.9955E-05 0.0223925 0.226397 9.9955E-05 9.9955E-05 9.9955E-05 0.117904 0.0817305 9.9955E-05 0.551076
0.0162349 0.0258918 0.173316 0.0703929 9.9973E-05 0.00531852 9.9973E-05 0.0317202 9.9973E-05 0.676825
0.0182329 0.0168989 0.0081516 0.454024 9.9973E-05 9.9973E-05 0.0170786 0.0606139 9.9973E-05 0.4247
9.9973E-05 0.0122663 0.0597148 0.202731 9.9973E-05 0.023806 0.0786643 0.0818957 9.9973E-05 0.540622
9.9955E-05 0.00460871 0.634577 9.9955E-05 9.9955E-05 9.9955E-05 0.181916 0.0251614 9.9955E-05 0.153237
0.00874166 0.000764448 9.9982E-05 0.347148 9.9982E-05 0.0160711 0.0116837 0.000761338 0.0326897 0.58194
0.0187358 0.00612195 0.223842 0.0584756 0.0351061 0.052457 9.9982E-05 0.0654354 9.9982E-05 0.539626
0.00848425 0.0565808 0.0700683 0.132601 0.00797068 0.0100887 0.0263512 0.0980062 9.9991E-05 0.589749
9.9946E-05 9.9946E-05 0.582921 9.9946E-05 0.0562858 9.9946E-05 9.9946E-05 9.9946E-05 0.0232142 0.336979
0.0122749 0.0060903 0.271551 9.9982E-05 9.9982E-05 0.0196224 0.0411139 0.0464144 0.00831611 0.594417
0.042471 0.0138168 0.172201 0.0264128 0.0396494 0.0342758 0.0243672 0.127181 9.9991E-05 0.519525
0.0118261 9.9955E-05 0.746399 0.0896757 0.0579594 9.9955E-05 9.9955E-05 9.9955E-05 0.0936403 9.9955E-05
0.0968704 9.9964E-05 0.0451348 0.0872373 0.0319522 9.9964E-05 0.617409 9.9964E-05 9.9964E-05 0.120996
9.9973E-05 9.9973E-05 0.159305 0.149223 0.142586 0.0258802 0.303451 9.9973E-05 0.105879 0.113376
0.03403 0.0170979 0.0492531 9.9991E-05 0.0838498 0.0285989 0.152364 0.00267706 0.0784657 0.553564
0.00362655 9.9991E-05 0.0159453 0.0218617 0.106889 0.0256749 0.11933 0.106214 0.0183757 0.581984
9.9991E-05 0.00305688 0.0749945 0.0106759 0.0652016 0.0393295 0.14862 0.0627559 0.0353619 0.559904
0.0362063 0.00379426 0.060801 0.0653141 9.9982E-05 9.9982E-05 0.529856 0.110212 0.0214297 0.172187
0.0489696 0.0238237 0.0393068 9.9973E-05 0.0202051 9.9973E-05 0.328524 9.9973E-05 0.0175169 0.521354
0.0144755 0.0434806 0.103585 0.0209556 9.9982E-05 9.9982E-05 0.150531 0.060762 0.0384365 0.567574
0.0733107 0.0354595 0.0336628 0.0740119 0.0599913 9.9982E-05 0.262283 0.0847712 9.9982E-05 0.37631
0.0414161 9.9973E-05 0.079956 0.108807 9.9973E-05 0.0141098 0.490695 0.167901 9.9973E-05 0.0968145
0.0173669 9.9991E-05 0.0809629 0.00216563 0.00385649 0.0236337 0.175448 0.0907386 0.0352634 0.570464
0.0264722 0.0311348 0.0607577 0.014 0.033083 0.0135535 0.248656 0.0637877 0.0140745 0.49448
0.0297447 0.0354807 0.0701244 0.176553 9.9982E-05 9.9982E-05 0.621435 0.0244644 0.00101425 0.0409842
0.0119614 9.9964E-05 0.0403114 0.0319952 0.0384795 9.9964E-05 0.447291 9.9964E-05 9.9964E-05 0.429561
0.0276624 0.00898937 0.0704613 0.0468765 0.124278 0.0412949 0.136217 0.0143889 0.0335126 0.496319
9.9973E-05 0.0496063 0.00379501 0.0354227 9.9973E-05 9.9973E-05 0.22724 0.0352589 0.0196598 0.628718
9.9991E-05 0.0573557 0.0714289 0.0650866 0.0164377 0.0172121 0.456867 0.0288201 0.0256259 0.261066
0.00976073 0.0534471 0.052667 0.0369308 0.0407317 0.030156 0.280199 9.9982E-05 9.9982E-05 0.495908
0.0151728 0.0200963 0.106553 0.000681549 0.076339 0.056057 0.152422 9.9991E-05 0.0494571 0.523121
0.0177689 0.0175099 0.0992361 0.0297357 0.018462 9.9982E-05 0.577068 9.9982E-05 0.0421005 0.197919
0.0213763 9.9955E-05 0.408783 9.9955E-05 9.9955E-05 9.9955E-05 0.0401515 0.00554388 9.9955E-05 0.523645
9.9946E-05 0.0311113 0.665009 9.9946E-05 9.9946E-05 9.9946E-05 0.0979729 9.9946E-05 9.9946E-05 0.205308
9.9973E-05 0.0449155 0.299081 9.9973E-05 9.9973E-05 0.0306251 0.0210935 0.0478672 0.0664372 0.48968
9.9955E-05 0.00433362 0.871558 9.9955E-05 0.0611138 0.0131823 9.9955E-05 9.9955E-05 0.0493123 9.9955E-05
9.9937E-05 9.9937E-05 0.880357 0.0421774 0.0767663 9.9937E-05 9.9937E-05 9.9937E-05 9.9937E-05 9.9937E-05
9.9937E-05 9.9937E-05 0.737984 9.9937E-05 0.03915 9.9937E-05 9.9937E-05 9.9937E-05 9.9937E-05 0.222167
0.0170377 0.029214 0.386077 9.9955E-05 9.9955E-05 9.9955E-05 0.0733324 9.9955E-05 9.9955E-05 0.493839
0.0146111 0.0192852 0.169607 9.9991E-05 0.0883891 0.0477953 0.0816465 0.0940832 0.0170008 0.467482
9.9982E-05 0.00704027 0.481177 9.9982E-05 0.00717049 0.00168734 0.00430289 0.00562656 0.00869742 0.484098
0.0119149 9.9964E-05 0.624702 9.9964E-05 9.9964E-05 0.00310329 0.157028 0.0493202 9.9964E-05 0.153532
0.00813479 0.00833897 0.528851 9.9973E-05 0.00925575 9.9973E-05 0.171175 0.00958088 9.9973E-05 0.264363
0.0771851 0.0188428 0.243561 9.9982E-05 9.9982E-05 0.0386018 0.0356593 0.0398639 0.00920074 0.536886
0.0138246 0.00606325 0.519659 9.9964E-05 9.9964E-05 9.9964E-05 0.0642462 0.0299501 9.9964E-05 0.365857
0.0301144 0.0346511 0.39967 9.9964E-05 9.9964E-05 9.9964E-05 0.0762899 0.00299522 9.9964E-05 0.455879
9.9946E-05 9.9946E-05 0.461675 9.9946E-05 0.0454108 9.9946E-05 9.9946E-05 9.9946E-05 0.029227 0.463087
9.9946E-05 9.9946E-05 0.72712 0.0222997 0.127824 9.9946E-05 9.9946E-05 9.9946E-05 0.122157 9.9946E-05
9.9982E-05 0.025391 0.278661 0.0045846 0.0251453 0.00603971 9.9982E-05 0.0401099 0.003822 0.616047
0.0493834 0.0547863 9.9973E-05 9.9973E-05 9.9973E-05 0.00466097 0.0311189 0.770181 0.00585775 0.0837115
9.99371E-05 0.0677407 9.99371E-05 9.99371E-05 9.99371E-05 9.99371E-05 9.99371E-05 0.864184 9.99371E-05 0.0673754
9.9955E-05 0.0330228 9.9955E-05 9.9955E-05 9.9955E-05 0.0450691 9.9955E-05 0.805304 0.00454152 0.111563
9.9955E-05 0.0244454 9.9955E-05 9.9955E-05 9.9955E-05 0.0461382 9.9955E-05 0.881465 0.023272 0.0241792
9.9946E-05 0.0181606 9.9946E-05 9.9946E-05 0.00960062 0.0484105 9.9946E-05 0.923229 9.9946E-05 9.9946E-05
9.9964E-05 0.0200637 9.9964E-05 9.9964E-05 0.00996209 0.0303771 9.9964E-05 0.855448 0.00877819 0.0749711
9.9937E-05 0.0154591 9.9937E-05 9.9937E-05 9.9937E-05 9.9937E-05 9.9937E-05 0.88859 9.9937E-05 0.0952513
0.0519802 0.00445744 0.173048 0.00551747 0.0102861 0.0627367 0.150207 0.0616802 0.0026088 0.477479
0.0108223 0.0311084 0.178625 9.9991E-05 0.00771193 0.0605243 0.0998891 0.087109 0.00314012 0.520969
0.059771 9.9955E-05 0.69235 9.9955E-05 9.9955E-05 9.9955E-05 0.154697 0.0531456 9.9955E-05 0.0395365
0.0219713 0.0236449 0.163351 0.0462071 0.0489992 0.0438485 0.0586732 0.0405018 0.0129379 0.539865
0.0205257 0.0114583 0.464263 9.9964E-05 9.9964E-05 9.9964E-05 0.105747 0.0432281 9.9964E-05 0.354377
0.0266738 0.0339414 0.352805 0.0269175 9.9973E-05 9.9973E-05 0.0433883 0.0368008 9.9973E-05 0.479173
9.9973E-05 9.9973E-05 0.23405 0.0520971 0.0441755 9.9973E-05 0.0141796 0.052994 0.0196021 0.582601
0.00524528 0.019466 0.368581 9.9973E-05 0.0781922 0.0094895 9.9973E-05 0.0213871 9.9973E-05 0.497339
0.00883937 9.9946E-05 0.662215 9.9946E-05 9.9946E-05 9.9946E-05 0.272215 0.0561302 9.9946E-05 9.9946E-05
0.0722539 0.0459428 0.160473 0.0346522 0.0641941 0.0164864 0.0810121 0.0394288 0.00337569 0.482181
0.0064234 9.9964E-05 0.17907 9.9964E-05 9.9964E-05 9.9964E-05 0.0394195 0.0540208 0.0604785 0.660188
0.0381538 0.0202213 0.152142 0.0429691 9.9991E-05 0.00413677 0.0210276 0.0930378 0.0519536 0.576258
0.00849257 0.0212481 0.588415 0.0808145 0.0226944 0.0134563 0.0178331 9.9991E-05 0.0367325 0.210213
9.9946E-05 9.9946E-05 0.405485 0.0302202 0.0519358 9.9946E-05 9.9946E-05 9.9946E-05 9.9946E-05 0.511759
0.0170793 9.9955E-05 0.376194 9.9955E-05 9.9955E-05 9.9955E-05 0.127125 0.0101309 9.9955E-05 0.468971
0.0178459 9.9955E-05 0.530083 0.00268414 0.056553 9.9955E-05 9.9955E-05 9.9955E-05 9.9955E-05 0.392334
0.00778963 9.9955E-05 0.395223 9.9955E-05 9.9955E-05 9.9955E-05 0.087341 0.0749327 9.9955E-05 0.434214
0.0477455 9.9973E-05 0.222208 9.9973E-05 0.0136228 0.0230439 0.0377078 0.0973389 9.9973E-05 0.558033
0.0356984 0.0316387 0.0310393 9.9982E-05 0.132094 0.00786183 0.371443 9.9982E-05 0.103528 0.286496
0.0581505 9.9973E-05 0.00956759 0.0959885 0.0264266 9.9973E-05 0.33867 0.0697714 9.9973E-05 0.401125
0.0120627 0.021041 9.9991E-05 0.0641312 0.0166695 0.0156857 0.239557 0.0802285 0.0319025 0.518622
0.0696302 0.0142575 0.0290565 9.9991E-05 0.0348445 0.0411389 0.142357 0.0708644 0.0417013 0.55605
0.0695915 0.00642422 0.0129459 0.0345115 9.9973E-05 9.9973E-05 0.373339 0.0331061 9.9973E-05 0.469782
9.9973E-05 9.9973E-05 0.0223264 0.0607214 0.0199793 9.9973E-05 0.248877 0.015418 0.0366266 0.595752
0.0540596 0.00100132 9.9973E-05 0.0210544 9.9973E-05 9.9973E-05 0.434799 0.0405129 0.00372556 0.444547
0.0948794 0.016871 0.0380741 9.9973E-05 0.0446486 9.9973E-05 0.153215 9.9973E-05 0.128664 0.523348
0.042954 0.0211734 9.9982E-05 9.9982E-05 0.0517314 0.0180751 0.193148 0.011448 0.0676212 0.593649
0.018117 0.00518808 9.9964E-05 0.0867145 9.9964E-05 9.9964E-05 0.305692 0.0371861 9.9964E-05 0.546702
0.0672361 0.0196355 0.0223171 0.0162357 0.0239695 9.9991E-05 0.266052 0.0170266 0.00512024 0.562307
0.0472238 9.9982E-05 9.9982E-05 0.0361567 0.0388235 0.0197659 0.136628 0.0400242 0.0421948 0.638984
9.9982E-05 9.9982E-05 0.0358464 0.0679743 0.0241833 0.023566 0.143364 0.118926 0.0135335 0.572407
0.0317647 9.9973E-05 0.0363777 9.9973E-05 0.0701175 0.0301254 0.192006 9.9973E-05 0.0695928 0.569716
0.0447234 0.00663181 9.9991E-05 0.0229664 0.0589775 0.0325175 0.118329 0.0664975 0.0831856 0.566072
0.0719156 0.0152829 0.0494636 9.9973E-05 0.118138 9.9973E-05 0.15117 0.00343596 9.9973E-05 0.590294
0.0559441 0.0284882 0.0118117 0.0149026 0.0888894 0.0143713 0.264271 0.0111918 0.149888 0.360242
0.0111949 0.00791132 0.00475182 9.9982E-05 0.0915858 9.9982E-05 0.154317 0.0271499 0.0645634 0.638326
0.00123875 9.9982E-05 9.9982E-05 0.021312 0.10477 0.00394971 0.161218 0.02465 0.0339134 0.648748
0.0166092 9.9982E-05 0.0402673 0.0599246 0.00909074 9.9982E-05 0.625867 0.0320347 0.00522977 0.210777
0.0300707 9.9982E-05 0.0850799 0.0356392 0.233293 0.0228717 0.335492 9.9982E-05 0.135495 0.121859
0.0321415 9.9982E-05 0.0907717 0.0650747 9.9982E-05 0.0153682 0.22321 0.0592291 0.028531 0.485474
9.9964E-05 9.9964E-05 0.128576 0.0694128 0.267279 9.9964E-05 0.38836 9.9964E-05 0.0942084 0.0517644
0.0122325 0.0280161 0.0103221 0.0320784 0.0356866 9.9973E-05 0.567125 9.9973E-05 9.9973E-05 0.314239
9.9955E-05 9.9955E-05 0.0157218 0.0170284 0.0140467 9.9955E-05 0.540856 9.9955E-05 9.9955E-05 0.411847
0.015825 0.0206403 0.0898687 9.9973E-05 0.0310143 9.9973E-05 0.480499 9.9973E-05 0.0184816 0.343371
0.00934424 9.9964E-05 0.00235018 0.048049 0.0394315 9.9964E-05 0.575169 9.9964E-05 9.9964E-05 0.325256
9.9982E-05 0.0372312 0.0197524 0.0645154 0.0474009 9.9982E-05 0.211086 0.0193623 0.0462476 0.554204
0.00756973 9.9982E-05 0.00227568 9.9982E-05 0.0606986 0.0205509 0.22176 0.114424 0.0362839 0.536237
0.0038319 9.9982E-05 0.0136789 0.0314774 0.0444758 9.9982E-05 0.240684 0.0242789 0.0727894 0.568584
9.9973E-05 9.9973E-05 0.087621 0.0763758 0.165444 0.00350027 0.500105 9.9973E-05 0.0790101 0.0876443
0.0206527 0.00841116 0.057885 0.134903 0.0384766 0.0151048 0.119996 0.102499 0.0230206 0.479051
0.0530316 9.9991E-05 0.0122263 0.131141 0.112031 0.0165783 0.0269331 0.0287902 0.15443 0.464739
0.05343 9.9964E-05 0.135127 0.349313 0.161554 9.9964E-05 0.0516356 9.9964E-05 0.24854 9.9964E-05
0.036729 0.00315182 0.0236062 0.0941978 9.9982E-05 9.9982E-05 0.0574138 0.0367813 0.104332 0.643588
0.00908729 9.9998E-05 0.116881 0.198543 0.13239 0.0135523 0.0772629 0.0601846 0.125158 0.26684
0.0308674 0.0206186 9.9991E-05 0.120864 0.0692796 0.0264357 0.0396238 0.0413823 0.139492 0.511337
0.112825 0.00770308 0.0873046 0.339286 0.0496354 9.9982E-05 0.0878394 9.9982E-05 0.163448 0.151759
0.0437498 0.00857221 0.107193 0.353669 0.188202 9.9982E-05 0.101908 9.9982E-05 0.174855 0.0216505
0.0360131 9.9982E-05 0.0977201 0.236923 0.0822031 9.9982E-05 0.0639619 0.0111027 0.0915505 0.380326
0.0605054 0.0112708 0.0578947 0.0698516 0.0761999 0.0669392 0.0508808 0.0643192 0.0967247 0.445414
0.0836089 0.0164696 9.9991E-05 0.127199 0.046081 0.0156049 0.110951 0.043094 0.130799 0.426093
9.9973E-05 9.9973E-05 0.222823 0.132566 0.173912 0.0425174 0.162375 9.9973E-05 0.205136 0.0603695
9.99871E-05 9.99871E-05 0.0317151 0.0396853 0.0993692 0.0600458 0.155369 0.0409311 0.0815449 0.491139
9.9964E-05 9.9964E-05 0.0901569 0.258949 0.184019 9.9964E-05 0.105233 9.9964E-05 0.0922625 0.268979
9.9964E-05 9.9964E-05 0.074307 0.174707 0.157597 9.9964E-05 0.108615 9.9964E-05 0.106011 0.378364
0.0542417 9.9991E-05 0.0807556 0.155475 0.0645951 0.0537472 0.0114451 0.065675 0.0336264 0.480339
0.0315278 0.0236144 0.0149594 0.120047 9.9991E-05 0.204654 0.0246742 0.23758 0.207138 0.135705
0.0120597 0.0223992 9.9973E-05 0.0934741 0.0220325 0.0814184 9.9973E-05 0.314689 0.453627 9.9973E-05
9.9946E-05 9.9946E-05 9.9946E-05 0.154036 9.9946E-05 0.0768393 9.9946E-05 0.313373 0.455153 9.9946E-05
9.9964E-05 0.00586596 9.9964E-05 0.190778 9.9964E-05 0.196148 9.9964E-05 0.255573 0.251367 0.0998676
9.9964E-05 0.011215 0.105319 0.235244 0.0659647 9.9964E-05 0.0448913 9.9964E-05 9.9964E-05 0.536967
0.00512319 0.012079 0.0183068 0.143025 0.0435967 0.0209294 0.0895202 0.076362 9.9991E-05 0.590958
9.9946E-05 0.0216638 9.9946E-05 9.9946E-05 9.9946E-05 0.622843 0.0163068 9.9946E-05 9.9946E-05 0.338587
0.0264903 0.00999551 0.0159902 9.9982E-05 0.0423103 0.43913 0.0929611 9.9982E-05 0.00886572 0.364056
9.9982E-05 0.000876222 0.0275341 0.0235442 0.0235876 0.390491 0.0728977 0.102966 9.9982E-05 0.357903
9.9982E-05 0.00222578 0.0681883 0.450829 0.199295 0.0255678 0.0617851 9.9982E-05 0.0457962 0.146113
0.0896284 0.0247412 0.0464675 0.128087 0.0697412 0.0419778 0.0648877 9.9991E-05 0.046883 0.487486
9.9964E-05 9.9964E-05 0.0166003 0.517711 0.197131 9.9964E-05 0.0998592 9.9964E-05 0.0176295 0.15067
0.00280144 0.0121736 0.0354854 0.248803 0.133182 9.9973E-05 9.9973E-05 0.0378674 9.9973E-05 0.529387
0.0308584 9.9991E-05 0.0226265 0.269421 0.132672 0.0175406 0.00414356 0.00327706 0.0851517 0.43421
9.9946E-05 0.0198627 9.9946E-05 0.360068 0.0951215 9.9946E-05 9.9946E-05 9.9946E-05 9.9946E-05 0.524348
9.9964E-05 9.9964E-05 0.0628515 0.525964 0.192905 9.9964E-05 0.0208995 9.9964E-05 0.0820077 0.114973
9.9982E-05 0.0106592 0.0231335 0.237342 0.0187176 0.0335504 9.9982E-05 0.0273522 0.00381125 0.645234
0.0638728 9.9982E-05 0.0124669 0.136079 0.0801194 9.9982E-05 0.00453211 0.0438814 0.0791227 0.579726
0.0167317 9.9937E-05 9.9937E-05 0.00129868 9.9937E-05 0.98127 9.9937E-05 9.9937E-05 9.9937E-05 9.9937E-05
9.9964E-05 9.9964E-05 0.0132247 0.00578557 0.030268 0.930101 0.00849485 9.9964E-05 9.9964E-05 0.0117264
0.00391505 0.0339741 0.0532478 9.9973E-05 9.9973E-05 0.541007 0.0467561 0.0703148 9.9973E-05 0.250485
0.0160032 9.9937E-05 9.9937E-05 9.9937E-05 9.9937E-05 0.650288 9.9937E-05 9.9937E-05 9.9937E-05 0.33301
9.9955E-05 0.00812954 0.0127469 9.9955E-05 9.9955E-05 0.807068 0.0304402 9.9955E-05 9.9955E-05 0.141116
9.99201E-05 9.99201E-05 9.99201E-05 9.99201E-05 9.99201E-05 0.999101 9.99201E-05 9.99201E-05 9.99201E-05 9.99201E-05
0.0188707 9.9946E-05 9.9946E-05 9.9946E-05 0.00888723 0.954174 0.017468 9.9946E-05 9.9946E-05 9.9946E-05
9.9928E-05 9.9928E-05 9.9928E-05 9.9928E-05 9.9928E-05 0.853141 9.9928E-05 9.9928E-05 9.9928E-05 0.14606
0.0150828 9.9937E-05 9.9937E-05 9.9937E-05 9.9937E-05 0.94347 0.040748 9.9937E-05 9.9937E-05 9.9937E-05
9.99201E-05 9.99201E-05 9.99201E-05 9.99201E-05 9.99201E-05 0.999101 9.99201E-05 9.99201E-05 9.99201E-05 9.99201E-05
9.99201E-05 9.99201E-05 9.99201E-05 9.99201E-05 9.99201E-05 0.999101 9.99201E-05 9.99201E-05 9.99201E-05 9.99201E-05
9.9955E-05 0.00882446 9.9955E-05 0.00506192 9.9955E-05 0.762961 0.0323134 9.9955E-05 9.9955E-05 0.19034
9.9964E-05 9.9964E-05 0.0189909 9.9964E-05 9.9964E-05 0.786598 0.0226795 0.0241102 0.0349524 0.112269
9.99201E-05 9.99201E-05 9.99201E-05 9.99201E-05 9.99201E-05 0.999101 9.99201E-05 9.99201E-05 9.99201E-05 9.99201E-05
9.9982E-05 0.0137394 9.9982E-05 0.0863908 0.0564546 0.360181 0.0706719 0.0654582 0.00240515 0.344499
0.0570958 0.000154023 9.9964E-05 9.9964E-05 9.9964E-05 0.650246 0.0391654 0.0233048 9.9964E-05 0.229634
9.9955E-05 0.0233019 0.0274544 9.9955E-05 9.9955E-05 0.812198 9.9955E-05 0.00353882 9.9955E-05 0.133007
0.017566 0.00499493 9.9946E-05 9.9946E-05 9.9946E-05 0.886254 9.9946E-05 9.9946E-05 9.9946E-05 0.090585
9.99201E-05 9.99201E-05 9.99201E-05 9.99201E-05 9.99201E-05 0.999101 9.99201E-05 9.99201E-05 9.99201E-05 9.99201E-05
9.9937E-05 9.9937E-05 9.9937E-05 9.9937E-05 9.9937E-05 0.954912 9.9937E-05 9.9937E-05 0.0042672 0.0401217
9.9928E-05 0.0168911 9.9928E-05 9.9928E-05 9.9928E-05 0.982309 9.9928E-05 9.9928E-05 9.9928E-05 9.9928E-05
0.0361377 0.0153333 0.0463055 9.9982E-05 9.9982E-05 0.572275 0.00838857 0.0581012 0.0186827 0.244576
9.9946E-05 0.02342 0.0240588 9.9946E-05 9.9946E-05 0.950695 0.00122666 9.9946E-05 9.9946E-05 9.9946E-05
9.9946E-05 9.9946E-05 9.9946E-05 0.48373 0.0887598 9.9946E-05 9.9946E-05 0.188517 0.238393 9.9946E-05
0.00680811 0.0211061 0.0145749 0.336661 0.0129829 0.134498 0.0374682 0.152176 0.0497535 0.233971
9.9973E-05 0.0129449 9.9973E-05 0.319297 0.0571891 0.015665 9.9973E-05 0.0888577 0.0896519 0.416095
0.00994354 0.0116875 9.9982E-05 0.469526 0.0111927 0.0980291 9.9982E-05 0.0555244 0.203201 0.140696
0.00938102 0.00520593 0.0531351 0.190233 0.0315705 0.10509 0.0171999 0.109188 0.0620722 0.416925
9.9973E-05 0.0175661 9.9973E-05 0.50213 0.060948 0.107884 9.9973E-05 0.117548 0.165914 0.0277105
0.0185952 0.00108462 0.0131024 0.151986 0.0661226 0.063242 0.0428255 0.151524 0.0748928 0.416624
0.00752689 0.0102085 9.9982E-05 0.375653 0.0101859 0.105231 9.9982E-05 0.0995653 0.11092 0.280509
0.0193539 0.0488477 9.9973E-05 0.204127 9.9973E-05 0.0905716 9.9973E-05 0.0641591 0.15113 0.421511
9.9973E-05 0.0318327 0.0360562 0.338594 9.9973E-05 0.144321 9.9973E-05 0.0583844 0.104392 0.286119
9.9973E-05 9.9973E-05 0.0683556 0.196536 0.0349165 0.0911173 9.9973E-05 0.141573 0.0678497 0.399352
0.0310662 9.9973E-05 0.00214758 0.0360241 0.0120406 0.00414546 9.9973E-05 0.868148 9.9973E-05 0.0461281
9.9955E-05 0.00577421 9.9955E-05 0.00271971 0.0390206 0.0808787 9.9955E-05 0.871107 9.9955E-05 9.9955E-05
0.0106631 0.0307541 9.9955E-05 9.9955E-05 0.0260046 9.9955E-05 9.9955E-05 0.91239 9.9955E-05 0.0196886
9.9946E-05 9.9946E-05 0.0082802 9.9946E-05 9.9946E-05 9.9946E-05 9.9946E-05 0.942462 0.0445393 0.00411887
9.9955E-05 0.0426481 9.9955E-05 9.9955E-05 9.9955E-05 9.9955E-05 0.0468207 0.854845 0.0066532 0.048533
9.9955E-05 0.0419523 9.9955E-05 9.9955E-05 9.9955E-05 0.0020272 9.9955E-05 0.907525 0.0404329 0.00756312
0.00094254 0.0506648 9.9964E-05 9.9964E-05 9.9964E-05 0.0106181 0.0252985 0.871768 9.9964E-05 0.0403085
9.9955E-05 0.0326314 9.9955E-05 9.9955E-05 0.0177213 9.9955E-05 0.0301975 0.875194 0.0437559 9.9955E-05
0.00493566 0.0114909 0.0160714 0.0242908 9.9982E-05 0.023446 9.9982E-05 0.855146 0.0343583 0.0300614
0.0299577 0.0200544 9.9964E-05 9.9964E-05 9.9964E-05 0.0147022 9.9964E-05 0.830473 0.0857662 0.0186466
0.197103 9.9955E-05 0.0768463 0.0475602 9.9955E-05 9.9955E-05 0.0954311 0.58256 9.9955E-05 9.9955E-05
0.23259 0.0179777 9.9955E-05 9.9955E-05 0.0379758 9.9955E-05 0.147018 0.56394 9.9955E-05 9.9955E-05
0.193866 0.0147235 0.0382426 0.0580243 9.9973E-05 9.9973E-05 0.176971 0.488723 0.0291495 9.9973E-05
0.157213 9.9955E-05 0.00695293 0.140706 9.9955E-05 9.9955E-05 0.262286 0.432343 9.9955E-05 9.9955E-05
0.0234204 0.0547896 0.263127 9.9973E-05 9.9973E-05 9.9973E-05 0.141744 0.0267737 0.0234754 0.46637
0.038826 0.0173562 0.294484 9.9982E-05 0.0253877 0.00393828 0.089548 0.0411722 9.9982E-05 0.489087
0.041201 9.9964E-05 0.150435 9.9964E-05 0.013963 9.9964E-05 0.22798 0.0330532 9.9964E-05 0.532968
0.0389818 0.0298972 0.274374 9.9955E-05 9.9955E-05 9.9955E-05 0.306131 9.9955E-05 9.9955E-05 0.350116
0.0793643 9.9964E-05 0.0328437 0.0491739 0.029209 9.9964E-05 0.62021 9.9964E-05 9.9964E-05 0.1888
0.0280564 9.9982E-05 0.191775 9.9982E-05 0.0292804 0.0115945 0.00329072 0.0663596 0.0183798 0.651063
0.0119145 9.9955E-05 0.257133 9.9955E-05 0.0053216 9.9955E-05 0.127864 9.9955E-05 9.9955E-05 0.597268
0.0254123 0.0056187 0.279957 0.0238774 0.0803747 9.9982E-05 0.0622065 9.9982E-05 0.0100915 0.512262
9.9946E-05 9.9946E-05 0.547092 9.9946E-05 0.0719302 0.0182033 9.9946E-05 9.9946E-05 9.9946E-05 0.362175
0.0314906 0.0280921 0.12314 0.0360838 0.0792694 0.0144016 0.0315383 0.0390493 0.0402642 0.576671
9.9955E-05 9.9955E-05 0.471599 9.9955E-05 9.9955E-05 0.000654119 0.120534 0.0115461 9.9955E-05 0.395167
9.9946E-05 9.9946E-05 0.81808 9.9946E-05 0.157425 9.9946E-05 0.020163 9.9946E-05 0.00373276 9.9946E-05
0.0194453 0.0372382 0.157626 9.9973E-05 0.0169317 9.9973E-05 0.135069 0.0387482 9.9973E-05 0.594642
9.9964E-05 9.9964E-05 0.660278 0.0922161 0.0806976 0.015011 9.9964E-05 9.9964E-05 0.0277275 0.12367
9.9973E-05 0.028608 0.374964 9.9973E-05 0.0545016 0.00624659 0.0223161 0.0172538 9.9973E-05 0.49581
9.99459E-05 9.99459E-05 0.610449 9.99459E-05 9.99459E-05 9.99459E-05 0.233756 0.0117672 9.99459E-05 0.143428
0.963864 0.00460013 0.00204037 9.9955E-05 9.9955E-05 9.9955E-05 9.9955E-05 0.016215 0.0127811 9.9955E-05
0.999101 9.99201E-05 9.99201E-05 9.99201E-05 9.99201E-05 9.99201E-05 9.99201E-05 9.99201E-05 9.99201E-05 9.99201E-05
0.999101 9.99201E-05 9.99201E-05 9.99201E-05 9.99201E-05 9.99201E-05 9.99201E-05 9.99201E-05 9.99201E-05 9.99201E-05
0.945319 9.9946E-05 0.0311269 9.9946E-05 9.9946E-05 9.9946E-05 0.0198149 0.003139 9.9946E-05 9.9946E-05
0.92684 9.9928E-05 9.9928E-05 9.9928E-05 9.9928E-05 9.9928E-05 9.9928E-05 9.9928E-05 9.9928E-05 0.0723605
0.937573 9.9937E-05 9.9937E-05 9.9937E-05 9.9937E-05 0.00150895 9.9937E-05 9.9937E-05 9.9937E-05 0.0602184
0.00229597 0.0056261 0.0492818 9.9964E-05 9.9964E-05 0.0545771 9.9964E-05 0.860614 9.9964E-05 0.0272052
0.0132906 0.00221699 0.00879538 9.9982E-05 9.9982E-05 0.024346 0.0345432 0.795994 0.0333543 0.0872593
9.9982E-05 0.0208973 0.00277247 9.9982E-05 0.0323334 0.0214227 0.0155005 0.741643 0.00436624 0.160864
9.9955E-05 9.9955E-05 0.051517 0.0124864 9.9955E-05 0.0923505 0.0243107 0.818836 9.9955E-05 9.9955E-05
9.9955E-05 9.9955E-05 9.9955E-05 0.0659139 9.9955E-05 0.067545 0.00717675 0.765387 9.9955E-05 0.0934776
0.393131 0.0231693 9.9964E-05 0.049281 9.9964E-05 9.9964E-05 0.203689 0.324484 0.00584597 9.9964E-05
0.414729 0.0417584 9.9964E-05 0.00616165 0.0696328 9.9964E-05 0.135686 0.331633 9.9964E-05 9.9964E-05
0.425583 0.0227321 9.9973E-05 9.9973E-05 0.0195399 9.9973E-05 0.134887 0.357231 0.00766141 0.0320656
9.99201E-05 0.999101 9.99201E-05 9.99201E-05 9.99201E-05 9.99201E-05 9.99201E-05 9.99201E-05 9.99201E-05 9.99201E-05
0.375027 0.0290427 9.9973E-05 0.0014589 0.0171694 9.9973E-05 0.241466 0.319112 0.0164242 9.9973E-05
9.9973E-05 0.0141838 9.9973E-05 0.00613994 0.0188614 0.227402 9.9973E-05 0.212312 0.197808 0.322993
0.0125349 0.00157458 9.9982E-05 0.0439115 9.9982E-05 0.171424 0.0549142 0.120183 0.063363 0.531895
0.00705725 0.00464029 9.9964E-05 9.9964E-05 9.9964E-05 0.169308 9.9964E-05 0.223654 0.0225042 0.572437
9.9973E-05 0.00442276 9.9973E-05 0.0655533 0.0418224 0.203611 9.9973E-05 0.246697 0.114617 0.322977
0.0437183 0.0211826 0.0269015 0.0388173 0.0538766 0.106385 0.0544473 0.158333 9.9991E-05 0.496238
0.0257105 0.0251629 9.9973E-05 0.0298291 0.0205174 0.243488 9.9973E-05 0.32426 0.330732 9.9973E-05
0.0895247 9.9964E-05 0.00884395 0.0532344 0.0599734 9.9964E-05 0.380887 9.9964E-05 9.9964E-05 0.407137
0.0395228 0.00298095 0.0870354 0.0248206 0.202499 9.9982E-05 0.163501 9.9982E-05 0.0695067 0.409934
0.0379171 0.00216849 0.0435596 0.0728478 0.00592952 9.9973E-05 0.583923 9.9973E-05 9.9973E-05 0.253355
0.0133572 9.9973E-05 0.072667 0.0632278 0.167084 9.9973E-05 0.156059 9.9973E-05 0.0410125 0.486293
0.0133673 9.9964E-05 0.0936407 0.0639002 0.395969 9.9964E-05 0.328459 9.9964E-05 0.104264 9.9964E-05
0.0275212 9.9982E-05 0.0131796 0.0789021 0.00387115 9.9982E-05 0.147789 0.0963894 0.056493 0.575655
0.0814361 9.9991E-05 0.0323586 0.0163876 0.128564 0.000184407 0.105758 0.0147402 0.0582114 0.56226
0.0257736 0.0208603 0.0242652 0.0976183 9.9973E-05 9.9973E-05 0.49947 9.9973E-05 0.00783362 0.323879
0.0655536 0.0211482 0.0642812 0.0684484 0.00094175 9.9982E-05 0.18406 0.0798694 9.9982E-05 0.515497
9.9964E-05 9.9964E-05 0.153307 0.148846 0.164661 9.9964E-05 0.418732 9.9964E-05 0.0578298 0.0562243
0.0388643 9.9982E-05 0.102424 0.00397012 0.104141 9.9982E-05 0.144876 0.0221093 0.0588458 0.52457
0.0445199 9.9982E-05 0.0113626 0.0132629 0.0626704 9.9982E-05 0.36407 0.0213114 0.00850155 0.474101
9.9973E-05 9.9973E-05 0.0757953 9.9973E-05 0.0559148 0.127774 0.101758 0.052954 0.153811 0.431694
0.00307916 9.9973E-05 0.113336 0.0175232 0.15524 9.9973E-05 0.279495 9.9973E-05 0.122708 0.308318
0.00697145 9.9973E-05 0.097761 0.0389345 0.105838 9.9973E-05 0.253525 9.9973E-05 0.114877 0.381793
0.0696955 9.9964E-05 0.0340871 0.0484021 0.145191 9.9964E-05 0.121054 9.9964E-05 9.9964E-05 0.581171
0.0288003 0.00403952 0.0554259 0.0477688 0.114174 9.9982E-05 0.187167 9.9982E-05 0.0139564 0.548468
0.0758457 0.0362517 0.0288448 0.0172835 0.0810704 0.0368834 0.0601505 9.9991E-05 0.0191742 0.644396
0.0314602 0.0251821 0.0676328 0.0465507 0.0371701 0.0310395 0.142459 0.0316075 0.0327377 0.55416
0.0368918 0.00490855 0.0869248 9.9973E-05 9.9973E-05 9.9973E-05 0.192913 0.0707039 0.0571487 0.55021
9.9946E-05 0.020209 9.9946E-05 9.9946E-05 9.9946E-05 0.0390631 9.9946E-05 0.812629 9.9946E-05 0.127499
9.9937E-05 9.9937E-05 9.9937E-05 9.9937E-05 9.9937E-05 0.000183565 9.9937E-05 0.866217 9.9937E-05 0.1329
0.0147671 0.0374759 9.99782E-05 0.0156487 0.0028627 9.99782E-05 9.99782E-05 0.845248 0.0281506 0.0555472
0.0211157 0.0247573 0.00644566 9.9973E-05 0.0104935 0.0673862 9.9973E-05 0.860369 9.9973E-05 0.00913249
0.0115368 0.0221296 9.9946E-05 9.9946E-05 9.9946E-05 9.9946E-05 9.9946E-05 0.870563 9.9946E-05 0.0951712
0.0383584 0.00205051 0.0470139 0.0542117 9.9991E-05 0.0390118 0.695286 0.0128523 0.0463397 0.0647758
9.9982E-05 0.0120763 0.0381433 0.0213618 0.103083 9.9982E-05 0.228947 0.0344644 0.0565897 0.505134
0.0712338 0.02139 9.9991E-05 0.0532266 0.0386435 0.184333 0.0182838 0.143925 0.097003 0.371861
0.0137009 0.00487695 0.0272975 0.0379568 0.0151559 0.034376 0.209453 9.9991E-05 0.0224367 0.634646
9.9955E-05 0.00857279 0.0768168 9.9955E-05 9.9955E-05 9.9955E-05 0.386955 0.0274309 9.9955E-05 0.499725
9.9964E-05 9.9964E-05 0.0476587 0.0396197 0.157712 9.9964E-05 0.369532 9.9964E-05 0.118358 0.266721
0.0294 0.0278193 0.0215424 0.0238715 9.9973E-05 9.9973E-05 0.814133 0.0497989 0.033135 9.9973E-05
0.0504191 0.0218698 0.0553435 0.0134235 9.9982E-05 9.9982E-05 0.314465 0.0378575 0.0368761 0.469546
0.11938 9.9964E-05 9.9964E-05 9.9964E-05 0.0167686 0.0393833 0.585887 0.0292705 9.9964E-05 0.20891
0.0260273 9.9991E-05 0.158597 0.0660138 0.0519076 0.0130122 0.153918 0.0260946 0.0641985 0.440132
0.0719772 9.9973E-05 9.9973E-05 0.00183688 0.0545837 9.9973E-05 0.630081 0.0681695 0.0476684 0.125383
0.0614502 0.00548845 9.9991E-05 0.010438 0.0148284 0.0323583 0.277152 0.068212 0.00657394 0.523399
9.9991E-05 0.0200909 0.083501 0.0766397 0.000694213 0.00813713 0.639553 0.0362261 0.0253963 0.109662
0.00230034 0.0133958 0.0998609 0.0533283 0.109691 0.075722 0.33731 9.9991E-05 0.0703661 0.237926
0.0364119 0.0226208 0.00557511 0.234327 0.0542092 9.9991E-05 0.0652363 0.00609859 0.0655013 0.50992
0.023536 9.9973E-05 0.0739141 0.503891 0.118441 9.9973E-05 0.0502148 9.9973E-05 0.042152 0.187552
0.0333013 0.00450999 0.0752148 0.338107 0.0295927 0.0157796 9.9991E-05 0.00664358 0.0338936 0.462858
0.0364508 0.0148529 0.0143172 0.197189 0.0269587 0.00106868 0.0527911 0.0994747 0.0440676 0.512829
9.9964E-05 9.9964E-05 0.0914904 0.543747 0.124194 9.9964E-05 0.0300016 9.9964E-05 0.0535838 0.156584
0.0511135 9.9982E-05 0.0559774 0.134735 0.079191 0.0477646 0.0587902 0.0628162 9.9982E-05 0.509412
0.0565328 0.00901039 0.0600547 0.275144 0.0764114 9.9982E-05 9.9982E-05 0.0111018 0.0281313 0.483414
0.0506909 9.9964E-05 0.148629 0.500896 0.230101 9.9964E-05 9.9964E-05 9.9964E-05 0.0369685 0.0323142
0.045505 9.9964E-05 0.0440659 0.647837 0.116583 9.9964E-05 9.9964E-05 9.9964E-05 0.0619335 0.0836763
0.0462916 0.0239289 0.0599533 0.359412 0.107478 9.9982E-05 0.0207815 9.9982E-05 0.0281059 0.353849
0.066036 9.9955E-05 0.164673 0.578736 0.182659 9.9955E-05 9.9955E-05 9.9955E-05 0.00739607 9.9955E-05
0.0532844 9.9964E-05 0.0510919 0.440215 0.0303311 9.9964E-05 0.0792495 9.9964E-05 9.9964E-05 0.345429
9.9964E-05 0.00805499 0.0402839 9.9964E-05 0.0121964 9.9964E-05 0.766013 0.024089 9.9964E-05 0.148962
9.9964E-05 9.9964E-05 0.00696008 9.9964E-05 0.253202 0.0574696 0.456072 9.9964E-05 0.0722597 0.153637
0.0416175 0.0279224 9.9964E-05 9.9964E-05 9.9964E-05 0.046556 0.48169 0.00979323 9.9964E-05 0.392021
0.0182843 0.000353814 0.0573023 9.9991E-05 0.0184352 0.0273821 0.221747 0.0604222 0.0284477 0.567525
0.0110744 9.9964E-05 0.0744469 9.9964E-05 0.0229966 0.0272126 0.682689 9.9964E-05 9.9964E-05 0.18118
0.0255927 0.00593223 0.0585015 9.9991E-05 0.049322 0.0189199 0.179479 0.0509769 0.0753639 0.535812
0.0583043 0.0261484 0.0260716 0.0139996 0.0503127 0.00983658 0.257204 0.00641191 9.9991E-05 0.551611
0.0276831 0.0205513 0.0818692 9.9991E-05 0.036568 0.0440377 0.258826 0.00275341 0.0564033 0.471208
0.0010634 9.9982E-05 0.0366965 0.0360609 0.0324021 0.0504252 0.326882 9.9982E-05 0.0253173 0.490952
0.0761349 0.0263543 0.0206486 9.9973E-05 9.9973E-05 0.00723036 0.412281 0.000505761 9.9973E-05 0.456545
0.00158967 0.0157765 0.0664171 9.9982E-05 0.0218036 0.00446522 0.600761 9.9982E-05 0.0322511 0.256736
9.9955E-05 9.9955E-05 9.9955E-05 9.9955E-05 0.070318 0.00624605 0.509879 0.00657452 9.9955E-05 0.406483
0.0283806 0.00229696 0.0238872 9.9973E-05 0.0624167 9.9973E-05 0.204585 9.9973E-05 0.0935763 0.584557
0.0485847 9.9973E-05 9.9973E-05 9.9973E-05 0.0632577 0.0280424 0.158578 0.0492311 0.0388592 0.613147
0.0328539 9.9973E-05 0.0727395 9.9973E-05 0.065105 0.0773771 0.290859 9.9973E-05 0.132009 0.328757
0.0106237 9.9973E-05 0.066966 9.9973E-05 0.114783 0.095493 0.243221 9.9973E-05 0.0369498 0.431664
0.011608 0.0196483 0.049296 9.9982E-05 0.00191452 0.030103 0.514413 0.0178932 9.9982E-05 0.354924
0.00201585 9.9982E-05 0.0287326 9.9982E-05 0.0678175 0.0387182 0.307316 0.0284847 0.011469 0.515247
0.063451 0.0126178 0.0300343 9.9982E-05 0.0588591 0.021662 0.31081 0.0462211 9.9982E-05 0.456145
0.0240322 0.0235158 0.0130174 0.0631374 0.0835863 9.9991E-05 0.105927 0.0952946 0.00301663 0.588372
9.9964E-05 9.9964E-05 9.9964E-05 0.00483131 9.9964E-05 0.0740692 0.0481353 0.306043 0.0698498 0.496671
0.0239596 9.9973E-05 9.9973E-05 9.9973E-05 0.000216726 0.111181 0.0386971 0.0989399 0.122705 0.604001
9.9991E-05 0.0373102 0.0292153 0.0175582 0.0838735 0.109033 0.0556672 0.0809104 0.126575 0.459758
0.0442497 0.0194094 0.01561 0.0395426 0.0572798 0.0618826 0.00288881 0.0547013 0.118109 0.586326
9.9991E-05 0.0156962 0.0525436 0.0253339 0.00805966 0.147485 0.0109564 0.135664 0.145147 0.459014
0.0336683 9.9973E-05 0.02419 0.108727 0.190082 9.9973E-05 0.152366 9.9973E-05 0.0201875 0.470479
0.0596593 9.9973E-05 0.0189919 0.0612475 9.9973E-05 0.0887264 9.9973E-05 0.13917 0.0894107 0.542495
9.9991E-05 0.0019164 0.0516769 0.135134 0.0832084 0.130235 0.145062 0.107047 0.304833 0.0407881
0.0186432 0.00891023 9.9991E-05 0.00703595 0.0064599 0.0709736 0.0842583 0.0668607 0.114177 0.622581
0.0112809 9.9973E-05 9.9973E-05 9.9973E-05 0.0555004 0.095 0.0777672 0.108228 0.0917325 0.560191
0.01754 0.0150474 0.0252257 0.0454213 0.0765862 0.0866587 0.0716153 0.0906792 0.0433358 0.52789
0.00507298 0.0440834 0.0506366 0.0214887 0.117201 0.0495511 0.0455857 0.0854533 0.235495 0.345432
9.9982E-05 0.000930079 0.0255672 0.0288591 9.9982E-05 0.0563518 0.0398416 0.186197 0.0616565 0.600397
0.0048298 0.0124355 9.9991E-05 0.0144062 0.0941826 0.102552 0.0353872 0.169903 0.0451089 0.521095
9.9973E-05 0.0011104 0.0140835 0.022753 0.0220713 0.0696878 9.9973E-05 0.33313 0.536864 9.9973E-05
0.0469967 0.0452461 0.0312212 0.014752 9.9991E-05 0.181779 0.0294165 0.106925 0.0595787 0.483985
9.9964E-05 9.9964E-05 9.9964E-05 9.9964E-05 0.0249332 0.124628 0.0096703 0.133538 0.134311 0.572519
0.0201086 0.0151534 9.9991E-05 0.0117573 0.0751656 0.0704889 0.0318139 0.0758455 0.100313 0.599254
9.9973E-05 0.0359834 9.9973E-05 0.0312669 0.0379883 0.157751 9.9973E-05 0.108402 0.0887761 0.539532
9.9982E-05 0.0155245 9.9982E-05 0.137005 0.00645629 0.0793868 0.0398692 0.169493 0.0365178 0.515547
0.0140735 0.00750774 0.0706923 0.0224729 0.413601 9.9973E-05 9.9973E-05 0.0344934 9.9973E-05 0.43686
9.9982E-05 0.0257205 0.0659144 9.9982E-05 0.220415 0.0153205 0.0911537 0.0635041 0.0154008 0.502371
9.9937E-05 9.9937E-05 0.0338733 9.9937E-05 0.901532 9.9937E-05 0.063895 9.9937E-05 9.9937E-05 9.9937E-05
9.9946E-05 9.9946E-05 9.9946E-05 0.0014331 0.926581 9.9946E-05 0.0612572 0.0101291 9.9946E-05 9.9946E-05
0.0404068 9.9973E-05 9.9973E-05 9.9973E-05 0.317279 0.0158394 0.022573 0.0642469 0.0430909 0.496264
0.00500649 0.0103576 9.9982E-05 0.0695451 0.103566 0.248825 9.9982E-05 0.105802 0.0924074 0.364291
9.9955E-05 9.9955E-05 9.9955E-05 9.9955E-05 0.219789 0.250454 9.9955E-05 0.132065 0.0676531 0.32954
9.9955E-05 9.9955E-05 9.9955E-05 9.9955E-05 0.289114 0.257119 9.9955E-05 0.12035 0.163085 0.169832
9.9964E-05 0.0341073 9.9964E-05 9.9964E-05 0.186117 0.178392 9.9964E-05 0.0863331 0.115173 0.399478
9.9973E-05 0.0467035 9.9973E-05 0.0133054 0.716456 0.0452633 9.9973E-05 0.0439979 0.0923113 0.0416624
0.0148718 0.0400368 9.9973E-05 9.9973E-05 0.640424 0.0416164 9.9973E-05 0.030786 0.108814 0.123151
0.0104611 9.9964E-05 9.9964E-05 0.0201962 0.355907 0.0289295 9.9964E-05 0.032343 9.9964E-05 0.551763
9.9946E-05 9.9946E-05 9.9946E-05 9.9946E-05 0.484134 0.108326 9.9946E-05 0.0625904 9.9946E-05 0.34435
9.9955E-05 0.0255207 9.9955E-05 9.9955E-05 0.690555 0.0398862 9.9955E-05 0.0542868 9.9955E-05 0.189251
9.9982E-05 0.00564277 9.9982E-05 0.0175226 0.303852 0.0237724 0.0657118 0.0187804 0.0228192 0.541698
0.0207958 0.00313879 9.9964E-05 9.9964E-05 0.338635 0.0481294 9.9964E-05 0.0306771 9.9964E-05 0.558224
9.9982E-05 0.00571992 0.0299889 0.0506105 0.26698 0.0849567 0.0217846 0.0704505 9.9982E-05 0.469309
9.9946E-05 0.0120762 9.9946E-05 9.9946E-05 0.654841 9.9946E-05 0.0239346 9.9946E-05 9.9946E-05 0.308548
9.9955E-05 0.0367905 9.9955E-05 0.0519227 0.479179 9.9955E-05 0.0624346 9.9955E-05 9.9955E-05 0.369174
0.0186815 0.0223667 9.9973E-05 9.9973E-05 0.3427 9.9973E-05 0.0683387 0.026733 0.0229022 0.497977
0.0417964 0.0259425 9.9991E-05 0.0584422 0.333391 0.00552555 0.0733658 0.0213092 0.00419934 0.435928
0.0192517 9.9973E-05 0.0346587 9.9973E-05 0.285827 0.0654778 0.0325941 0.081144 9.9973E-05 0.480747
9.9964E-05 0.00807839 0.0667158 0.0586092 0.437949 9.9964E-05 9.9964E-05 0.0138036 9.9964E-05 0.414444
0.0090524 0.0113022 9.9946E-05 9.9946E-05 0.830887 9.9946E-05 9.9946E-05 9.9946E-05 9.9946E-05 0.148159
9.9964E-05 0.0195072 9.9964E-05 0.00470394 0.357405 0.00439055 0.00388652 9.9964E-05 9.9964E-05 0.609707
0.0107644 9.9955E-05 9.9955E-05 9.9955E-05 0.768331 0.0151814 0.0618052 9.9955E-05 9.9955E-05 0.143419
0.00882706 0.00354197 0.000632619 0.00238081 0.538231 9.9973E-05 9.9973E-05 0.0194742 9.9973E-05 0.426612
0.0220031 0.0218769 0.0325842 0.01573 0.293569 9.9991E-05 0.023861 0.0803553 0.00108639 0.508834
0.0636465 0.0166349 0.0175294 9.9982E-05 0.326827 0.033921 0.0611411 0.0200934 9.9982E-05 0.460007
0.0428374 0.0202739 0.0056748 0.10782 0.0900337 0.112059 0.00225528 0.137369 0.0230831 0.458595
0.0332159 0.05918 0.0471844 0.0662163 0.0816919 0.15649 0.0344604 0.0795113 0.0634571 0.378593
9.9982E-05 0.0327581 9.9982E-05 0.0871984 0.0547892 0.2514 0.011497 0.102028 0.17194 0.288189
0.0126512 0.0341746 9.9991E-05 0.051867 0.0973154 0.221158 0.0856265 0.115008 0.0996553 0.282444
0.0124097 0.0279666 9.9991E-05 0.052576 0.0849961 0.138414 0.0721805 0.0915501 0.0835896 0.436217
0.00877137 0.00570523 0.0238651 0.0642076 0.163731 0.115158 9.9991E-05 0.118082 0.056882 0.443498
9.9955E-05 0.0247989 9.9955E-05 9.9955E-05 0.680736 0.0778503 9.9955E-05 0.129926 0.0861896 9.9955E-05
0.00240845 0.000699382 0.000380802 0.0322075 0.137231 0.156398 9.9991E-05 0.0800413 0.0401826 0.550351
9.9946E-05 9.9946E-05 9.9946E-05 9.9946E-05 0.418892 0.0605649 9.9946E-05 0.276217 0.243726 9.9946E-05
9.9955E-05 0.00393377 9.9955E-05 9.9955E-05 0.302131 0.134602 9.9955E-05 0.0681975 9.9955E-05 0.490637
9.9928E-05 9.9928E-05 9.9928E-05 9.9928E-05 0.920468 9.9928E-05 9.9928E-05 9.9928E-05 9.9928E-05 0.0787328
