0.0662496 9.9964E-05 0.00674307 9.9964E-05 9.9964E-05 0.00557179 0.0405961 9.9964E-05 0.769002 0.111437
0.00386923 9.9955E-05 9.9955E-05 9.9955E-05 0.0159669 9.9955E-05 0.0307601 9.9955E-05 0.781187 0.167717
9.9964E-05 9.9964E-05 9.9964E-05 0.011885 0.0698068 0.0484428 0.0173385 9.9964E-05 0.743008 0.109119
9.9955E-05 9.9955E-05 9.9955E-05 9.9955E-05 0.0411305 0.120847 0.0369448 9.9955E-05 0.777884 0.0226943
9.9937E-05 9.9937E-05 9.9937E-05 9.9937E-05 9.9937E-05 0.0803999 9.9937E-05 9.9937E-05 0.830121 0.0887795
0.0540681 9.9973E-05 0.00491206 9.9973E-05 9.9973E-05 0.0180748 0.0283736 0.279961 0.574058 0.040253
9.9946E-05 9.9946E-05 9.9946E-05 9.9946E-05 9.9946E-05 9.9946E-05 0.0210984 0.209541 0.766902 0.00185848
0.0006357 9.9964E-05 0.0217766 9.9964E-05 9.9964E-05 9.9964E-05 0.0170112 0.264037 0.677878 0.0182617
9.99549E-05 9.99549E-05 0.137233 9.99549E-05 0.0311161 9.99549E-05 0.0216666 9.99549E-05 0.720133 0.0893516
0.0308447 0.00670474 9.9955E-05 9.9955E-05 9.9955E-05 0.00663367 9.9955E-05 0.199615 0.755702 9.9955E-05
9.9946E-05 9.9946E-05 9.9946E-05 9.9946E-05 9.9946E-05 0.070293 9.9946E-05 0.195194 0.729019 0.00489465
0.0281031 9.9982E-05 0.462331 0.147218 0.0274732 0.229173 9.9982E-05 0.0642249 0.0265084 0.014769
0.0415768 9.9991E-05 0.28154 0.0330728 0.00618134 0.548086 0.00935161 0.0270131 0.0393495 0.0137292
0.0520121 9.9964E-05 0.46006 0.0831962 0.104658 0.297098 9.9964E-05 0.00257575 9.9964E-05 9.9964E-05
0.0716632 9.9964E-05 0.424128 0.0551065 0.0946279 0.332991 9.9964E-05 9.9964E-05 0.0210834 9.9964E-05
0.0735525 9.9973E-05 0.28813 9.9973E-05 0.0750301 0.47669 0.00444044 0.0256777 0.0561791 9.9973E-05
0.0181022 9.9973E-05 0.171508 0.0639413 0.0758992 0.615709 0.0183995 9.9973E-05 0.0361406 9.9973E-05
0.00611754 9.9982E-05 0.272524 0.110778 0.00236601 0.486879 0.0411975 0.0709735 0.00896504 9.9982E-05
9.9973E-05 9.9973E-05 0.371517 0.00666372 0.120918 0.353317 0.0137496 0.0481416 0.0853934 9.9973E-05
9.9973E-05 9.9973E-05 0.654858 0.0587796 0.0415441 0.071017 0.00297792 0.157241 0.013282 9.9973E-05
9.9973E-05 9.9973E-05 0.320659 0.0565282 0.0663975 0.474755 0.0111036 0.0675125 9.9973E-05 0.0027441
0.0157911 0.121882 0.148408 0.0816799 0.0989927 0.421979 0.0135754 0.0974918 9.9982E-05 9.9982E-05
9.9964E-05 9.9964E-05 0.189103 0.134738 9.9964E-05 0.548939 0.0312137 0.0605641 9.9964E-05 0.0350429
0.0370701 9.9982E-05 0.411237 0.0738703 0.061705 0.280421 0.00877684 0.0934067 0.0333131 9.9982E-05
0.0571237 0.0360945 0.0964265 0.050046 0.0151642 0.63455 0.00769977 9.9991E-05 0.079136 0.0236597
9.9964E-05 9.9964E-05 0.295236 0.0356069 0.0399012 0.568796 9.9964E-05 0.0232077 9.9964E-05 0.0368523
9.9982E-05 0.0152829 0.478181 0.0848592 0.0118698 0.26884 9.9982E-05 0.0727612 0.0600962 0.00791068
0.0129784 9.9973E-05 0.416295 0.0784824 0.121993 0.333889 9.9973E-05 9.9973E-05 0.0213255 0.0147366
9.9964E-05 9.9964E-05 0.453542 0.0980327 0.0355043 0.264719 9.9964E-05 0.137647 0.0101561 9.9964E-05
9.99201E-05 9.99201E-05 9.99201E-05 9.99201E-05 9.99201E-05 9.99201E-05 0.999101 9.99201E-05 9.99201E-05 9.99201E-05
9.99201E-05 9.99201E-05 9.99201E-05 9.99201E-05 9.99201E-05 9.99201E-05 0.999101 9.99201E-05 9.99201E-05 9.99201E-05
0.055394 9.9964E-05 9.9964E-05 9.9964E-05 0.0495157 0.04333 0.389335 9.9964E-05 0.394962 0.0670637
0.0600765 9.9964E-05 9.9964E-05 9.9964E-05 0.0562228 0.123331 0.326787 9.9964E-05 0.411368 0.0218147
9.9973E-05 9.9973E-05 0.0290977 0.201948 9.9973E-05 0.478784 0.021417 0.19068 0.0766781 0.0010948
0.016639 9.9964E-05 0.0469069 0.292119 9.9964E-05 0.519789 0.0393826 9.9964E-05 0.0847637 9.9964E-05
0.00387973 0.0253459 9.9973E-05 0.402858 9.9973E-05 0.523735 0.00065758 9.9973E-05 0.0301321 0.013092
9.9964E-05 0.00454744 0.642787 0.0863035 0.029823 0.209898 9.9964E-05 9.9964E-05 9.9964E-05 0.026241
9.9964E-05 0.0319475 9.9964E-05 0.613585 0.0496943 0.259854 0.0375955 0.00692323 9.9964E-05 9.9964E-05
0.00160537 9.9982E-05 0.109604 0.228548 0.0046898 0.514874 0.0193848 9.9982E-05 0.107179 0.0139139
9.9964E-05 9.9964E-05 9.9964E-05 0.198074 9.9964E-05 0.670504 0.0014725 0.0622761 0.0491909 0.018083
9.9973E-05 9.9973E-05 0.00435454 0.0199217 9.9973E-05 0.486883 0.00680692 0.412184 0.0504782 0.0190712
0.0286999 9.9973E-05 0.0856152 0.0576971 9.9973E-05 0.584964 0.0143082 0.163281 0.0651348 9.9973E-05
9.9955E-05 9.9955E-05 0.154296 0.651375 9.9955E-05 0.129845 0.00221209 9.9955E-05 0.0617729 9.9955E-05
0.0108592 0.00124784 0.0135503 9.9973E-05 9.9973E-05 0.584642 0.00365133 0.31131 0.0744398 9.9973E-05
9.9973E-05 0.0418121 0.0491763 0.155446 9.9973E-05 0.570118 9.9973E-05 0.0719011 0.0980778 0.0131691
0.0279221 0.0338937 0.0260941 0.141992 9.9991E-05 0.570812 0.0199956 0.0652071 0.0928751 0.0211075
9.9937E-05 0.043328 9.9937E-05 0.60747 9.9937E-05 0.348503 9.9937E-05 9.9937E-05 9.9937E-05 9.9937E-05
9.9982E-05 9.9982E-05 0.0230356 0.243389 0.00466426 0.607888 0.0140291 0.0273271 0.0483398 0.0311271
0.0196205 0.0332691 9.9982E-05 0.213438 0.0171254 0.552378 0.0172996 9.9982E-05 0.0880658 0.0586034
9.9955E-05 0.0687976 0.0109127 0.673345 0.106406 9.9955E-05 9.9955E-05 0.140039 9.9955E-05 9.9955E-05
9.9964E-05 0.0463314 0.582592 0.0875382 9.9964E-05 0.168958 9.9964E-05 0.113054 9.9964E-05 0.00112641
0.00302494 0.109276 0.229878 0.190123 0.139862 0.16099 9.9982E-05 0.159142 9.9982E-05 0.00750345
0.0470077 0.00303569 0.162461 0.0322091 0.0610464 0.587504 0.0036343 0.0533381 0.0496635 9.9991E-05
0.000487303 0.0331501 0.136723 9.9982E-05 0.0722488 0.652686 9.9982E-05 0.0445835 0.0492456 0.010675
0.0447169 0.0639769 0.0486963 0.020818 0.0486676 0.611082 9.9991E-05 0.0675016 0.0679703 0.0264701
9.9973E-05 9.9973E-05 0.496215 0.121245 0.0390137 0.212174 0.0122671 0.0258679 0.0929171 9.9973E-05
9.9964E-05 9.9964E-05 0.322526 0.0430942 0.0346389 0.574877 0.00363221 9.9964E-05 9.9964E-05 0.0208325
0.0479497 0.0119231 0.124397 0.137462 9.9991E-05 0.541975 0.0313689 0.0437281 0.0075237 0.0535728
0.00815367 0.0461518 0.240446 0.0881759 0.0349527 0.391873 0.0167868 0.0670387 0.106321 9.9991E-05
0.00315274 9.9991E-05 0.435137 0.103943 0.0166858 0.152274 0.0014708 0.121348 0.105393 0.0604946
9.999E-05 0.0321726 0.134082 0.123877 0.043695 0.537326 0.0125244 0.0327522 0.0336688 0.049802
0.0339433 0.0420477 0.220394 0.0679024 0.0451156 0.483115 0.0336729 0.0231545 0.0505553 9.9991E-05
9.9973E-05 9.9973E-05 0.524212 0.132371 0.0879513 0.0883728 0.048387 0.116696 0.00170989 9.9973E-05
9.9964E-05 0.0413383 0.360326 0.129556 0.0078372 0.455686 0.00485685 9.9964E-05 9.9964E-05 9.9964E-05
0.00931879 0.08689 0.074396 0.0386294 0.100636 0.617295 0.00386758 0.0603847 0.00848272 9.9991E-05
9.9982E-05 0.0214517 0.127779 0.0539072 0.0836689 0.605841 0.0437221 9.9982E-05 0.0457225 0.0177078
0.0298113 9.9982E-05 0.37614 0.150575 0.0737214 0.277733 0.0305964 0.0391062 0.0221164 9.9982E-05
0.00494869 0.0505551 0.212955 0.0652878 0.04799 0.509574 0.0549909 0.0466758 9.9991E-05 0.00692242
0.0171806 0.0630817 0.178499 0.0552616 0.0249422 0.561277 0.019216 9.9991E-05 0.0188368 0.0616048
9.9973E-05 0.0376681 0.47327 0.117049 0.0832619 0.255171 0.0186546 9.9973E-05 9.9973E-05 0.0146255
9.9955E-05 9.9955E-05 0.0132854 0.461584 9.9955E-05 0.483244 0.00139329 9.9955E-05 9.9955E-05 0.0399937
0.00513443 9.9964E-05 0.036012 0.727852 9.9964E-05 0.177531 0.0205788 9.9964E-05 9.9964E-05 0.0324914
0.00861722 0.011279 9.9982E-05 0.282309 0.00785476 0.539361 9.9982E-05 0.000541053 0.116947 0.0328909
0.00926731 0.083128 9.9946E-05 0.883434 0.023571 9.9946E-05 9.9946E-05 9.9946E-05 9.9946E-05 9.9946E-05
9.9946E-05 0.0546958 9.9946E-05 0.869332 0.024425 9.9946E-05 9.9946E-05 0.0509471 9.9946E-05 9.9946E-05
9.9946E-05 0.0375147 9.9946E-05 0.716712 0.0224018 0.222772 9.9946E-05 9.9946E-05 9.9946E-05 9.9946E-05
9.9964E-05 9.9964E-05 0.0754541 0.434279 9.9964E-05 0.440987 0.0180527 9.9964E-05 0.00767496 0.0231524
0.00266915 0.0240202 0.0357169 0.169177 0.0796798 0.539444 0.0196482 9.9991E-05 0.0771828 0.052362
0.00306148 9.9946E-05 9.9946E-05 0.470323 0.0396044 0.486411 9.9946E-05 9.9946E-05 9.9946E-05 9.9946E-05
9.9955E-05 9.9955E-05 0.199732 0.589017 9.9955E-05 0.172669 9.9955E-05 9.9955E-05 0.035894 0.00218828
9.9955E-05 9.9955E-05 0.174565 0.528817 9.9955E-05 0.269183 0.0147975 9.9955E-05 9.9955E-05 0.0121383
0.0277165 0.0394776 0.00352849 0.250794 0.0279135 0.543054 9.9982E-05 9.9982E-05 0.0871205 0.020195
0.0035247 9.9973E-05 0.0234343 0.57716 9.9973E-05 0.348389 0.0023862 9.9973E-05 0.0318076 0.0129974
9.9946E-05 9.9946E-05 0.0863454 0.403288 9.9946E-05 0.460916 0.0488505 9.9946E-05 9.9946E-05 9.9946E-05
9.9973E-05 0.0340967 9.9973E-05 0.47445 0.0283847 0.419383 0.0141202 0.0211636 9.9973E-05 0.00810213
9.9946E-05 0.141081 9.9946E-05 0.707024 0.130124 9.9946E-05 9.9946E-05 0.0211715 9.9946E-05 9.9946E-05
0.0100751 0.0135843 0.00411787 0.281579 0.0418175 0.593008 0.019662 0.026242 9.9991E-05 0.00981418
9.9955E-05 9.9955E-05 0.0635613 9.9955E-05 9.9955E-05 0.0634296 0.0539512 9.9955E-05 0.754745 0.0638133
9.9937E-05 9.9937E-05 9.9937E-05 9.9937E-05 9.9937E-05 0.0696437 0.0471627 9.9937E-05 0.882494 9.9937E-05
0.0373311 9.9946E-05 9.9946E-05 9.9946E-05 9.9946E-05 0.0989508 0.0380117 9.9946E-05 0.825107 9.9946E-05
0.0429874 9.9964E-05 9.9964E-05 9.9964E-05 0.00396067 0.0281781 0.0292772 9.9964E-05 0.875244 0.0199532
0.0468792 0.00990127 9.9955E-05 9.9955E-05 9.9955E-05 9.9955E-05 0.0236305 9.9955E-05 0.898854 0.0202354
0.0401103 0.0166367 9.9964E-05 9.9964E-05 9.9964E-05 0.0741311 0.0283677 9.9964E-05 0.824551 0.0158036
9.9946E-05 9.9946E-05 9.9946E-05 9.9946E-05 9.9946E-05 0.0639733 0.0122297 9.9946E-05 0.905305 0.0178921
0.0259349 0.00939533 0.102013 0.213981 9.9982E-05 0.518767 0.0267129 9.9982E-05 0.0594878 0.0435084
0.0543177 0.0595504 0.0420675 0.162896 0.038815 0.538046 0.0272407 9.9991E-05 0.066522 0.0104448
9.9946E-05 9.9946E-05 0.220726 0.659769 9.9946E-05 0.0585991 9.9946E-05 9.9946E-05 0.0603055 9.9946E-05
9.999E-05 0.0408886 0.0515045 0.1323 0.0455501 0.589719 0.0335677 0.0468201 0.0477711 0.0117793
9.9964E-05 9.9964E-05 0.0607874 0.511401 9.9964E-05 0.388946 0.00859513 9.9964E-05 0.0206233 0.00924657
9.9973E-05 9.9973E-05 0.0455821 0.364663 9.9973E-05 0.509027 0.0139587 0.00151139 0.0289103 0.036048
9.9973E-05 0.0540849 9.9973E-05 0.257691 9.9973E-05 0.578292 0.00815072 0.0504352 0.0285937 0.0224527
0.0335625 0.058876 9.9973E-05 0.352946 0.0131485 0.510095 0.010278 9.9973E-05 9.9973E-05 0.0207939
9.9955E-05 9.9955E-05 0.22865 0.696681 9.9955E-05 0.00754123 0.00317755 9.9955E-05 0.0634509 9.9955E-05
0.00854206 0.0148048 0.0625266 0.204381 0.0295687 0.522025 0.0291424 0.0453079 0.0541305 0.0295711
0.0153459 9.9982E-05 0.0128985 0.181025 9.9982E-05 0.627307 0.0211998 0.063236 0.0593431 0.0194444
0.0530107 0.057919 0.0139246 0.211245 9.9982E-05 0.53469 0.0257124 9.9982E-05 0.0765654 0.0267328
0.0110075 0.0897874 0.0222848 0.504874 0.0495366 0.23904 0.011765 0.0704685 0.00113653 9.9991E-05
0.0132631 0.0787486 9.9973E-05 0.386428 0.011575 0.491595 0.0151905 9.9973E-05 9.9973E-05 0.0028995
9.9955E-05 9.9955E-05 0.124359 0.366274 9.9955E-05 0.440102 9.9955E-05 9.9955E-05 0.0494884 0.0192774
0.00143041 0.0730015 9.9964E-05 0.52035 9.9964E-05 0.390258 0.00711399 0.00744631 9.9964E-05 9.9964E-05
9.9955E-05 9.9955E-05 0.109431 0.350512 9.9955E-05 0.44136 9.9955E-05 0.0313408 0.0668557 9.9955E-05
0.0231137 0.0230361 0.106201 0.193044 0.054242 0.500638 9.9991E-05 0.00618375 0.0587835 0.0346579
0.0199199 0.158981 0.336566 9.9973E-05 0.159492 0.301519 0.0136934 0.0095293 9.9973E-05 9.9973E-05
9.9982E-05 0.0216596 0.32469 0.0323871 0.0507669 0.417063 0.00298181 0.0900837 0.0601683 9.9982E-05
0.0660168 9.9982E-05 0.192669 0.014612 0.0464764 0.530282 9.9982E-05 0.0608295 0.0754126 0.0135026
0.00817738 0.0835547 0.114685 0.0451589 0.0427456 0.570689 0.00667956 0.011838 0.0992632 0.0172081
9.9973E-05 9.9973E-05 0.35197 0.0536111 0.0215573 0.468614 0.0350222 0.0401979 0.0287277 9.9973E-05
0.000187412 0.0409124 0.228513 9.9964E-05 0.0488653 0.637679 9.9964E-05 9.9964E-05 0.0434428 9.9964E-05
9.9973E-05 0.0335514 0.424097 9.9973E-05 0.000525008 0.461724 9.9973E-05 0.0121909 0.0373753 0.0302372
9.9991E-05 0.038795 0.130042 0.0962466 0.115193 0.531459 0.011977 0.0362388 0.023297 0.0166518
0.0122726 9.9991E-05 0.192288 0.0269322 0.0558312 0.622311 0.00322996 0.0151921 0.0544107 0.0174319
9.9973E-05 0.0100766 0.246422 9.9973E-05 0.0300984 0.601872 0.0192752 0.0578044 0.0341518 9.9973E-05
9.9973E-05 0.0262168 0.263675 0.0102596 9.9973E-05 0.588328 0.034674 0.0563201 9.9973E-05 0.0202273
0.0122386 0.0980524 0.111069 0.0104028 9.9991E-05 0.635858 0.00834133 0.0168373 0.0728588 0.034241
0.0112002 0.0437274 0.0685695 0.02342 0.10842 0.641882 9.9991E-05 0.0233079 0.0568823 0.0224912
0.0266841 0.105948 0.146555 0.0327182 0.0583542 0.596763 9.9973E-05 9.9973E-05 9.9973E-05 0.0326767
0.0492588 0.0520374 0.0925832 0.0277491 0.0613526 0.58946 0.00967348 0.0569939 0.0427793 0.0181117
0.0343319 0.136329 0.144377 0.0141296 0.0134057 0.606495 9.9982E-05 0.0158213 9.9982E-05 0.0349112
0.0163416 0.079954 0.283507 0.0185856 0.118221 0.311816 0.0128397 0.11298 9.9991E-05 0.045655
9.9982E-05 0.041191 0.162978 0.0349359 0.0844222 0.616262 0.00956789 9.9982E-05 0.039666 0.0107775
0.00940059 0.0718088 0.17941 9.9982E-05 0.032244 0.662857 0.0210087 0.0110119 9.9982E-05 0.0120586
9.9982E-05 0.0198967 0.598692 0.0750541 0.0267589 0.256758 9.9982E-05 0.00418235 0.0141439 0.00431374
0.00691123 0.221633 0.336328 0.0800901 0.145661 0.159085 9.9973E-05 0.0499915 9.9973E-05 9.9973E-05
9.9973E-05 0.0363082 0.208414 0.0548415 9.9973E-05 0.503399 9.9973E-05 0.121831 0.0592634 0.0156423
9.9964E-05 0.276729 0.343346 0.119816 0.140109 0.0544471 9.9964E-05 0.0651528 9.9964E-05 9.9964E-05
9.9982E-05 0.0187057 0.498605 0.0484195 0.0240992 0.373149 0.00211945 0.0168093 9.9982E-05 0.0178929
9.9955E-05 0.0657468 0.412546 0.0649368 9.9955E-05 0.436336 9.9955E-05 0.0199346 9.9955E-05 9.9955E-05
9.9973E-05 0.00872862 0.438548 0.118476 0.0263098 0.36284 0.0290408 9.9973E-05 9.9973E-05 0.0157573
0.00276953 9.9955E-05 0.524751 0.0484521 9.9955E-05 0.351594 9.9955E-05 0.0719332 9.9955E-05 9.9955E-05
0.0206273 0.0497219 0.183855 0.071261 0.013949 0.559128 0.0169945 0.0134049 0.0390669 0.0319913
0.0655381 0.0512598 0.13538 0.0250841 0.0522921 0.562448 9.9991E-05 0.00915586 0.0734766 0.025265
9.9982E-05 0.0285992 0.195989 0.074351 0.0153892 0.591356 9.9982E-05 0.0285269 0.0171834 0.0484048
9.9964E-05 0.152912 0.38 0.0959345 0.141488 0.169998 9.9964E-05 0.0592674 9.9964E-05 9.9964E-05
0.00897573 0.0197732 0.105177 0.0453301 0.0395422 0.485445 0.0340555 0.12184 0.0661984 0.0736639
9.9982E-05 0.0489681 0.0419165 0.0316369 0.149747 0.462358 9.9982E-05 0.228871 0.0151509 0.021152
9.9964E-05 0.128115 0.0867724 0.115323 0.305191 9.9964E-05 9.9964E-05 0.357665 0.006534 9.9964E-05
0.0390185 0.0421547 0.0247148 0.0357753 0.0361811 0.615152 0.0177251 0.154754 0.0344242 9.9991E-05
0.0563097 0.0617284 0.0528927 0.13999 0.133158 0.236545 0.0148945 0.276748 0.0134073 0.0143258
0.0596428 0.049615 0.0206766 0.0340193 0.0278702 0.476979 0.058582 0.202128 0.0383413 0.0321456
9.9982E-05 0.0310432 0.109307 0.0817257 0.192703 0.187212 0.00217801 0.374679 0.0209519 9.9982E-05
9.9973E-05 0.153108 0.12499 0.102681 0.186731 0.0276469 0.00553998 0.399004 9.9973E-05 9.9973E-05
0.0311748 0.0992272 0.0956357 0.0754297 0.0650172 0.349433 0.000250834 0.266342 0.0173893 9.9991E-05
0.0357388 0.0497868 0.0884804 0.0685959 0.0460619 0.457226 9.9991E-05 0.145893 0.0823024 0.0258149
9.9982E-05 0.0306784 0.108037 9.9982E-05 0.189218 0.458714 0.0440943 0.117802 0.0157238 0.0355333
0.00966769 0.129466 0.102598 0.240184 0.264319 0.102565 0.00168059 0.14932 9.9982E-05 9.9982E-05
0.0550841 0.0991958 0.106356 9.9991E-05 0.0275217 0.522259 0.00672557 0.109973 0.039531 0.033254
9.9964E-05 0.1444 0.0911878 0.0914789 0.0617189 0.265447 9.9964E-05 0.345368 9.9964E-05 9.9964E-05
9.9964E-05 0.112246 0.07416 0.114191 0.108838 0.40357 9.9964E-05 0.186595 9.9964E-05 9.9964E-05
0.0306619 0.0448618 0.0446747 0.0497204 0.0481637 0.527844 9.9991E-05 0.15986 0.0352406 0.0588734
0.195763 9.9964E-05 9.9964E-05 9.9964E-05 0.210162 0.14642 0.0270086 0.143175 0.277071 9.9964E-05
0.0728747 9.9946E-05 9.9946E-05 9.9946E-05 0.475197 9.9946E-05 9.9946E-05 0.11353 0.337799 9.9946E-05
0.0803495 9.9955E-05 9.9955E-05 9.9955E-05 0.454895 9.9955E-05 0.0201867 0.119497 0.324572 9.9955E-05
0.208649 9.9973E-05 0.00166736 0.0143377 0.247568 0.103747 9.9973E-05 0.15157 0.272161 9.9973E-05
9.9964E-05 0.0287929 0.0154135 0.0777434 9.9964E-05 0.537899 0.0156526 0.324099 9.9964E-05 9.9964E-05
0.0339905 0.054112 0.0572259 0.0541765 0.0442632 0.563711 9.9991E-05 0.129695 0.0367826 0.0259434
0.670393 9.9937E-05 9.9937E-05 9.9937E-05 9.9937E-05 0.323479 0.00542802 9.9937E-05 9.9937E-05 9.9937E-05
0.419421 9.9973E-05 0.06412 0.0448119 9.9973E-05 0.377401 0.0402014 9.9973E-05 0.0237713 0.0299737
0.382226 0.0400761 0.0908042 0.0400506 9.9991E-05 0.348566 0.00932545 0.0335572 0.00859932 0.0466959
0.0116537 0.185461 0.0703607 0.044073 0.0568609 0.19845 0.00552082 0.42742 9.9982E-05 9.9982E-05
0.0190031 0.0437361 0.0888968 0.0887004 0.0834975 0.495082 9.9991E-05 0.0897522 0.0370143 0.0542174
9.9964E-05 0.132136 0.0915272 0.0267643 0.0675273 0.184098 9.9964E-05 0.497547 9.9964E-05 9.9964E-05
9.9955E-05 0.126266 9.9955E-05 9.9955E-05 0.059913 0.545841 9.9955E-05 0.220528 0.0469519 9.9955E-05
9.9973E-05 0.128326 0.0352687 0.0183049 0.0548258 0.427665 9.9973E-05 0.317421 9.9973E-05 0.0178886
0.0152609 0.0421836 9.9964E-05 0.0102771 0.00667759 0.515133 9.9964E-05 0.410068 9.9964E-05 9.9964E-05
9.9964E-05 0.112566 0.00337658 0.0770816 0.0851301 0.108457 9.9964E-05 0.612988 9.9964E-05 9.9964E-05
0.0136259 9.9973E-05 9.9973E-05 0.0892279 9.9973E-05 0.614527 0.0155781 0.207867 0.0499926 0.00888118
9.9991E-05 0.0390918 0.018252 0.0390682 0.0561906 0.606133 0.012987 0.162575 0.0498163 0.015786
0.954962 0.0122417 9.9946E-05 9.9946E-05 9.9946E-05 9.9946E-05 9.9946E-05 0.00997406 9.9946E-05 0.0222223
0.925514 0.0342262 9.99441E-05 9.99441E-05 9.99441E-05 0.0395603 9.99441E-05 9.99441E-05 9.99441E-05 9.99441E-05
0.556868 9.9964E-05 0.0040984 0.0528659 9.9964E-05 0.285828 0.0400061 9.9964E-05 0.0599339 9.9964E-05
0.620901 9.9946E-05 0.0155655 9.9946E-05 9.9946E-05 0.350736 9.9946E-05 9.9946E-05 0.0121985 9.9946E-05
0.816047 9.9955E-05 0.0235799 0.0286662 9.9955E-05 0.122346 0.0088612 9.9955E-05 9.9955E-05 9.9955E-05
0.999101 9.99201E-05 9.99201E-05 9.99201E-05 9.99201E-05 9.99201E-05 9.99201E-05 9.99201E-05 9.99201E-05 9.99201E-05
0.971683 0.00150689 0.0261106 9.9937E-05 9.9937E-05 9.9937E-05 9.9937E-05 9.9937E-05 9.9937E-05 9.9937E-05
0.846263 9.9937E-05 0.000105118 9.9937E-05 9.9937E-05 0.152933 9.9937E-05 9.9937E-05 9.9937E-05 9.9937E-05
0.949958 9.9937E-05 0.0415805 9.9937E-05 9.9937E-05 9.9937E-05 0.00776219 9.9937E-05 9.9937E-05 9.9937E-05
0.999101 9.99201E-05 9.99201E-05 9.99201E-05 9.99201E-05 9.99201E-05 9.99201E-05 9.99201E-05 9.99201E-05 9.99201E-05
0.999101 9.99201E-05 9.99201E-05 9.99201E-05 9.99201E-05 9.99201E-05 9.99201E-05 9.99201E-05 9.99201E-05 9.99201E-05
0.763216 9.9955E-05 9.9955E-05 9.9955E-05 9.9955E-05 0.202693 0.0110401 0.00883993 0.0137106 9.9955E-05
0.761359 9.9973E-05 0.055639 9.9973E-05 0.0291572 0.113908 0.00731329 9.9973E-05 0.0051507 0.0271728
0.999101 9.99201E-05 9.99201E-05 9.99201E-05 9.99201E-05 9.99201E-05 9.99201E-05 9.99201E-05 9.99201E-05 9.99201E-05
0.360025 0.0415696 0.103094 9.9982E-05 0.0440321 0.349926 0.013819 0.0381848 0.0491497 9.9982E-05
0.631099 9.9964E-05 0.0432863 0.0206825 9.9964E-05 0.234698 0.0390484 9.9964E-05 9.9964E-05 0.0307856
0.782478 9.9964E-05 0.00262767 0.038853 9.9964E-05 0.140113 0.00188376 9.9964E-05 0.0336449 9.9964E-05
0.869526 9.9946E-05 9.9946E-05 0.0217817 9.9946E-05 0.106734 9.9946E-05 0.00135902 9.9946E-05 9.9946E-05
0.999101 9.99201E-05 9.99201E-05 9.99201E-05 9.99201E-05 9.99201E-05 9.99201E-05 9.99201E-05 9.99201E-05 9.99201E-05
0.943687 9.9946E-05 9.9946E-05 9.9946E-05 9.9946E-05 0.0368591 9.9946E-05 9.9946E-05 0.0028394 0.0160153
0.996665 9.9928E-05 9.9928E-05 9.9928E-05 9.9928E-05 9.9928E-05 0.00253596 9.9928E-05 9.9928E-05 9.9928E-05
0.656661 9.9964E-05 9.9964E-05 0.0525579 9.9964E-05 0.195492 9.9964E-05 0.0213118 0.0593459 0.0142311
0.955648 0.0105389 9.9946E-05 0.0250507 9.9946E-05 9.9946E-05 0.00816274 9.9946E-05 9.9946E-05 9.9946E-05
9.9955E-05 0.064773 9.9955E-05 9.9955E-05 0.221969 9.9955E-05 9.9955E-05 0.504983 0.205664 0.00211059
0.10768 9.9982E-05 0.0419594 9.9982E-05 0.0486267 0.297333 0.00966571 0.325887 0.161896 0.00675214
0.0287784 0.00145715 0.014987 9.9982E-05 0.055341 0.432756 0.0272561 0.296609 0.142615 9.9982E-05
0.128884 0.0126561 0.00729536 9.9982E-05 0.121591 0.11765 0.0192935 0.476578 0.115852 9.9982E-05
0.0874283 0.0176242 0.074985 0.0767688 0.089206 0.434959 0.0215506 0.108836 0.0885423 9.9991E-05
0.117397 0.0319508 9.9973E-05 9.9973E-05 0.14598 9.9973E-05 0.0225886 0.521618 0.150217 0.00994864
0.0869396 0.0808007 0.0637036 0.00220912 0.0671235 0.412065 0.00714295 0.157437 0.122148 0.000430922
0.12322 9.9973E-05 9.9973E-05 9.9973E-05 0.110355 0.258976 0.000438734 0.37992 0.0580686 0.0687212
0.102217 9.9964E-05 9.9964E-05 9.9964E-05 0.117748 0.412546 0.030589 0.224563 0.111937 9.9964E-05
0.130119 9.9982E-05 9.9982E-05 0.0131155 0.0804768 0.304576 0.0371033 0.305967 0.0934568 0.0349851
0.107034 9.99768E-05 0.0414928 0.0348423 0.101024 0.418918 9.99768E-05 0.198882 0.0975077 9.99768E-05
9.9964E-05 0.0196926 9.9964E-05 9.9964E-05 9.9964E-05 0.0343484 0.0113928 0.0361047 0.841554 0.0565075
0.06569 0.0041038 9.9982E-05 0.003901 0.0255762 9.9982E-05 0.0219556 0.00730982 0.845032 0.0262315
9.9964E-05 0.00791786 9.9964E-05 9.9964E-05 0.0313752 0.0239198 0.0421865 9.9964E-05 0.8508 0.0434004
9.9937E-05 9.9937E-05 9.9937E-05 9.9937E-05 0.0405035 9.9937E-05 9.9937E-05 9.9937E-05 0.95152 0.00727733
9.9955E-05 9.9955E-05 9.9955E-05 9.9955E-05 0.0398768 0.0592594 0.0490729 9.9955E-05 0.812478 0.0388132
9.9946E-05 9.9946E-05 9.9946E-05 9.9946E-05 0.0179819 9.9946E-05 0.0442557 9.9946E-05 0.773233 0.16393
9.9955E-05 9.9955E-05 0.00334716 9.9955E-05 9.9955E-05 0.0432926 0.0539768 9.9955E-05 0.80253 0.0963534
9.9955E-05 9.9955E-05 0.035557 9.9955E-05 0.0315007 9.9955E-05 0.0438705 9.9955E-05 0.825365 0.0632067
0.0258534 9.9964E-05 9.9964E-05 0.0319009 0.0576148 9.9964E-05 0.0339398 9.9964E-05 0.786763 0.0635278
9.9955E-05 9.9955E-05 9.9955E-05 9.9955E-05 0.0946112 0.0241261 0.0254068 9.9955E-05 0.716901 0.138455
9.9964E-05 9.9964E-05 0.242844 0.061003 0.00191813 9.9964E-05 9.9964E-05 0.0815494 0.598747 0.0135392
9.9973E-05 0.00719119 0.326589 0.0195941 0.00572215 9.9973E-05 0.026178 0.0126775 0.601748 9.9973E-05
9.9973E-05 9.9973E-05 0.320478 0.0638724 0.0248779 9.9973E-05 0.0260148 0.059187 0.481688 0.023582
9.9955E-05 9.9955E-05 0.385688 0.0126294 9.9955E-05 9.9955E-05 9.9955E-05 0.128419 0.468514 0.00424886
0.00977973 9.9982E-05 0.152144 0.230805 0.00423458 0.446203 0.00779262 0.0884968 0.0603432 9.9982E-05
0.0472084 0.0223594 0.070535 0.338751 9.9973E-05 0.458648 9.9973E-05 9.9973E-05 0.0617912 0.000406479
9.9964E-05 9.9964E-05 0.194513 0.178516 9.9964E-05 0.568307 0.018981 9.9964E-05 0.0225727 0.0167104
9.9973E-05 9.9973E-05 0.238658 0.30119 0.0213098 0.36164 0.0173567 0.0207795 0.0387655 9.9973E-05
0.00851949 0.0650286 0.613484 0.0616055 0.0162412 0.216996 9.9973E-05 0.017825 9.9973E-05 9.9973E-05
0.00558705 0.0286002 0.103734 0.143809 0.000299153 0.643955 9.9982E-05 0.028274 0.045542 9.9982E-05
9.9955E-05 0.0355055 0.118115 0.239665 9.9955E-05 0.602542 9.9955E-05 9.9955E-05 9.9955E-05 0.00367252
9.9973E-05 0.0852979 0.0142986 0.259673 0.0577872 0.537415 0.00528745 0.0399408 9.9973E-05 9.9973E-05
9.9946E-05 0.0546573 9.9946E-05 0.561506 9.9946E-05 0.375717 9.9946E-05 9.9946E-05 9.9946E-05 0.00751978
9.9973E-05 0.0368323 0.107699 0.0994813 0.0873639 0.632083 0.0258328 9.9973E-05 9.9973E-05 0.010408
9.9964E-05 9.9964E-05 0.0524834 0.473263 9.9964E-05 0.432564 0.00638687 9.9964E-05 0.0147643 0.0201386
9.9937E-05 0.188792 9.9937E-05 0.802455 0.00805416 9.9937E-05 9.9937E-05 9.9937E-05 9.9937E-05 9.9937E-05
0.0044106 0.0663636 0.145111 0.109343 9.9982E-05 0.605849 0.0167947 0.0308304 9.9982E-05 0.0210973
9.9955E-05 0.0761003 9.9955E-05 0.602549 0.0457869 0.17583 9.9955E-05 0.0992346 9.9955E-05 9.9955E-05
9.9964E-05 0.0975343 0.00283021 0.350917 9.9964E-05 0.480273 0.033874 9.9964E-05 9.9964E-05 0.0341712
9.9946E-05 9.9946E-05 0.178324 0.657241 9.9946E-05 0.150052 9.9946E-05 9.9946E-05 9.9946E-05 0.0137828
9.9955E-05 9.9955E-05 0.708709 9.9955E-05 9.9955E-05 9.9955E-05 0.000679289 0.150595 0.0805964 0.0589205
9.9964E-05 0.00546084 0.673477 9.9964E-05 9.9964E-05 0.00975144 9.9964E-05 0.188697 0.0463572 0.0758569
9.9955E-05 9.9955E-05 0.667437 9.9955E-05 9.9955E-05 9.9955E-05 0.00594548 0.225947 0.0342358 0.065935
9.9946E-05 9.9946E-05 0.71836 9.9946E-05 9.9946E-05 9.9946E-05 9.9946E-05 0.169577 0.0408346 0.0706285
9.9946E-05 9.9946E-05 0.708578 9.9946E-05 9.9946E-05 0.0721106 9.9946E-05 0.14044 9.9946E-05 0.078271
0.0228981 9.9955E-05 0.674362 9.9955E-05 9.9955E-05 0.0561902 9.9955E-05 0.18216 9.9955E-05 0.0638898
0.0255139 9.9964E-05 9.9964E-05 0.0329991 9.9964E-05 0.04396 0.0037267 9.9964E-05 0.881309 0.0120912
0.00562226 9.9973E-05 0.00331569 0.0235706 0.0139429 0.11734 0.00115305 9.9973E-05 0.834756 9.9973E-05
0.0460683 0.0238684 0.0174185 9.9973E-05 0.00642816 0.131861 0.0120275 9.9973E-05 0.762028 9.9973E-05
0.0956288 9.9964E-05 0.0125486 0.0383334 9.9964E-05 0.00624657 0.00208428 9.9964E-05 0.844759 9.9964E-05
0.0390544 9.9964E-05 0.00480092 9.9964E-05 9.9964E-05 0.153642 0.0239423 0.00600191 0.772158 9.9964E-05
9.9955E-05 9.9955E-05 0.512181 9.9955E-05 9.9955E-05 9.9955E-05 0.0160138 0.0991015 0.364231 0.00797335
9.9964E-05 0.0270032 0.507968 9.9964E-05 9.9964E-05 9.9964E-05 0.0241941 0.0423636 0.391294 0.00677787
9.9973E-05 0.0407394 0.452368 9.9973E-05 9.9973E-05 0.0158651 0.0136741 0.0235505 0.431658 0.0218454
9.99201E-05 9.99201E-05 9.99201E-05 9.99201E-05 9.99201E-05 9.99201E-05 0.999101 9.99201E-05 9.99201E-05 9.99201E-05
9.9973E-05 0.0398872 0.484755 0.0156844 9.9973E-05 9.9973E-05 0.0336502 0.0495528 0.321577 0.0545935
0.247109 9.9964E-05 9.9964E-05 9.9964E-05 0.249047 0.300651 0.00539398 9.9964E-05 0.148077 0.0493229
0.15726 0.0110369 0.00618482 9.9991E-05 0.104504 0.566862 0.000413357 0.0106094 0.103644 0.0393862
0.229094 9.9955E-05 9.9955E-05 9.9955E-05 0.0185591 0.559544 9.9955E-05 9.9955E-05 0.166006 0.0262965
0.170797 0.00965223 9.9982E-05 0.000170652 0.134118 0.380753 9.9982E-05 0.0445676 0.235731 0.0240102
0.126805 0.000340433 0.063124 0.0367918 9.9991E-05 0.491935 0.0348473 0.0916474 0.15098 0.00342965
0.263087 0.00967476 9.9964E-05 9.9964E-05 0.333524 9.9964E-05 0.0199561 0.0476504 0.325709 9.9964E-05
9.9973E-05 0.0420222 0.394361 0.0149362 9.9973E-05 0.453606 0.0018641 0.0897422 9.9973E-05 0.0031682
9.9973E-05 0.163768 0.159712 0.0815198 0.0665259 0.444798 0.00257681 0.0808 9.9973E-05 9.9973E-05
9.9964E-05 0.0267407 0.522631 0.0794082 9.9964E-05 0.300658 9.9964E-05 0.0579141 0.0122476 9.9964E-05
9.9964E-05 0.154681 0.16807 0.0285071 0.0630429 0.558629 9.9964E-05 0.0266704 9.9964E-05 9.9964E-05
9.9955E-05 0.333405 0.345334 0.124241 0.106962 9.9955E-05 9.9955E-05 0.0895578 9.9955E-05 9.9955E-05
0.0284922 0.0324967 0.144865 0.0471133 0.0278314 0.567132 0.018089 0.0722192 0.0563754 0.00538577
0.0201035 0.104113 0.175887 9.9973E-05 0.0209096 0.531811 9.9973E-05 0.107103 0.0397728 9.9973E-05
9.9973E-05 9.9973E-05 0.461044 0.0817761 0.0521944 0.357028 0.0120519 0.0224832 9.9973E-05 0.0131219
9.9982E-05 0.0404565 0.101768 0.0606319 0.0185064 0.546426 0.0114164 0.0920604 0.128534 9.9982E-05
9.9964E-05 0.144438 0.33013 0.133749 0.109503 0.127407 9.9964E-05 0.154374 9.9964E-05 9.9964E-05
0.0165123 0.0465121 0.122196 0.0861818 0.0601617 0.566878 9.9982E-05 0.0768329 9.9982E-05 0.0245249
9.9973E-05 0.0385308 0.297513 0.0834773 0.0404 0.512191 9.9973E-05 0.00123188 9.9973E-05 0.0263564
0.112079 0.0741058 0.0813807 0.0692189 0.111819 0.428079 9.9991E-05 0.0378036 0.0790108 0.00640251
9.9964E-05 0.122389 0.25525 0.120884 0.144438 0.354996 9.9964E-05 0.0016427 9.9964E-05 9.9964E-05
9.9964E-05 0.128294 0.188747 0.113512 0.114291 0.438616 9.9964E-05 0.0161409 9.9964E-05 9.9964E-05
9.9964E-05 0.0977336 0.147629 0.0371571 0.0270052 0.630464 9.9964E-05 0.0596112 9.9964E-05 9.9964E-05
9.9964E-05 0.0981345 0.209279 0.0672419 0.0298678 0.515109 9.9964E-05 0.0799681 9.9964E-05 9.9964E-05
0.0157618 0.0699269 0.0982624 0.0757633 0.015485 0.637743 0.0288251 0.040448 9.9991E-05 0.0176842
0.0200791 0.039487 0.149034 0.0877819 0.0454566 0.540037 0.011579 0.0124828 0.0883051 0.00575776
9.9964E-05 9.9964E-05 0.156015 0.127371 0.0832719 0.561999 0.0324993 9.9964E-05 0.038444 9.9964E-05
9.99201E-05 9.99201E-05 9.99201E-05 9.99201E-05 9.99201E-05 9.99201E-05 9.99201E-05 9.99201E-05 9.99201E-05 0.999101
9.99201E-05 9.99201E-05 9.99201E-05 9.99201E-05 9.99201E-05 9.99201E-05 9.99201E-05 9.99201E-05 9.99201E-05 0.999101
9.9964E-05 9.9964E-05 9.9964E-05 0.00504352 9.9964E-05 0.00721684 0.0405541 0.0531499 0.445081 0.448555
0.00295153 9.9937E-05 9.9937E-05 9.9937E-05 9.9937E-05 9.9937E-05 9.9937E-05 9.9937E-05 0.0410032 0.955346
9.9946E-05 9.9946E-05 9.9946E-05 9.9946E-05 9.9946E-05 9.9946E-05 0.00147739 0.00834785 0.112483 0.877092
9.9973E-05 9.9973E-05 0.597636 0.104451 0.0961427 0.163596 0.000674213 0.0215598 0.0156406 9.9973E-05
0.0151503 0.0698374 0.204305 0.0406282 0.0955585 0.551238 0.00715983 9.9982E-05 9.9982E-05 0.0159221
0.195092 0.0643406 9.9982E-05 0.00818129 0.0355521 0.374127 0.0236682 0.0914995 0.20734 9.9982E-05
0.0292581 0.00185905 0.197651 0.0385282 9.9973E-05 0.660558 9.9973E-05 0.0332514 9.9973E-05 0.0385945
9.9964E-05 9.9964E-05 0.344413 0.0459169 0.0211187 0.551989 0.00779925 9.9964E-05 9.9964E-05 0.0283631
9.9964E-05 0.156134 0.291298 0.069921 0.166633 0.268957 9.9964E-05 0.0466571 9.9964E-05 9.9964E-05
9.9973E-05 9.9973E-05 0.717973 0.089122 0.0936512 0.0400949 0.010117 9.9973E-05 0.0289078 0.019834
9.9973E-05 9.9973E-05 0.314538 0.0461552 0.0116764 0.479448 0.0228844 0.0613587 9.9973E-05 0.06364
0.0637546 0.0407174 0.569717 0.0197537 9.9973E-05 0.214733 9.9973E-05 0.0456408 9.9973E-05 0.0453836
9.9991E-05 0.0914269 0.184436 0.118056 0.0613052 0.442842 0.0084876 0.0640371 0.00842514 0.020885
9.9964E-05 0.0562218 0.632193 9.9964E-05 0.0559839 0.171323 9.9964E-05 9.9964E-05 0.0505436 0.0333343
0.0616177 0.034199 0.223893 0.00407806 9.9982E-05 0.554495 0.0155415 9.9982E-05 0.0841454 0.0218305
9.9973E-05 9.9973E-05 0.592039 0.0946041 0.0508591 0.185976 0.0238225 0.0249521 9.9973E-05 0.0274473
0.0872672 0.12618 0.314936 0.0930637 0.0532432 0.26612 9.9982E-05 0.0561786 9.9982E-05 0.00281218
9.9982E-05 9.9982E-05 0.126935 0.0549413 0.0407058 0.490843 0.0124657 0.232641 0.00310576 0.0381621
9.9964E-05 0.106723 0.0241321 0.0673259 0.0083779 0.211515 9.9964E-05 0.581527 9.9964E-05 9.9964E-05
0.0119365 0.0110604 9.9982E-05 0.0570546 0.0432808 0.447563 9.9982E-05 0.353393 0.032876 0.0426359
0.00558673 0.0135619 0.0793753 0.0120389 0.0846474 0.568362 0.0307972 0.164868 9.9991E-05 0.0406629
9.9964E-05 0.0973239 0.0127151 0.0985057 0.0302716 0.157737 9.9964E-05 0.603047 9.9964E-05 9.9964E-05
0.0451789 0.0442925 0.0666678 0.0559777 0.0243826 0.512315 0.0056318 0.196115 0.0384382 0.0110011
9.9982E-05 0.0795688 0.0272351 0.05694 0.0296891 0.474299 0.0126649 0.302425 0.016978 9.9982E-05
9.9955E-05 0.190017 9.9955E-05 0.126752 0.0765467 0.0352762 9.9955E-05 0.570908 9.9955E-05 9.9955E-05
9.9955E-05 0.0788542 9.9955E-05 0.0680807 0.042107 0.0693006 9.9955E-05 0.741158 9.9955E-05 9.9955E-05
9.9973E-05 0.0669396 0.0419807 0.0217024 9.9973E-05 0.394226 0.0233939 0.450262 9.9973E-05 0.00119484
9.9946E-05 0.0782498 0.0396987 0.176665 9.9946E-05 9.9946E-05 9.9946E-05 0.704787 9.9946E-05 9.9946E-05
9.9955E-05 0.0132485 0.0884689 0.0629718 9.9955E-05 0.369009 9.9955E-05 0.465802 9.9955E-05 9.9955E-05
9.9964E-05 0.000155259 0.649934 0.140367 0.0112184 0.192178 0.005747 9.9964E-05 9.9964E-05 9.9964E-05
0.0567452 0.235952 0.360633 0.0509267 0.10915 0.186193 9.9964E-05 9.9964E-05 9.9964E-05 9.9964E-05
0.0496143 0.0031236 0.459439 0.0288539 9.9973E-05 0.410309 0.00580672 9.9973E-05 9.9973E-05 0.0425543
0.0522858 0.0264294 0.270057 0.0346787 0.0586276 0.528363 0.0115349 9.9982E-05 0.0178241 9.9982E-05
0.0363781 0.0128989 0.594848 0.150707 9.9955E-05 0.204668 9.9955E-05 9.9955E-05 9.9955E-05 9.9955E-05
0.0261828 9.9973E-05 0.134972 0.0787647 0.112532 0.569761 9.9973E-05 0.0192935 0.0581946 9.9973E-05
0.00155558 0.069184 0.243668 0.0569142 0.027652 0.550124 0.0133377 0.00817937 9.9991E-05 0.0292852
9.9964E-05 0.0813805 0.195971 0.104282 0.0879372 0.511046 0.018984 9.9964E-05 9.9964E-05 9.9964E-05
0.0304161 0.0691948 0.303711 0.0384021 9.9973E-05 0.510778 0.00310846 9.9973E-05 0.0440896 9.9973E-05
0.00275601 9.9964E-05 0.400636 0.0394386 0.0267934 0.506157 9.9964E-05 9.9964E-05 9.9964E-05 0.0238194
0.00134113 0.00207813 0.528049 0.107697 0.0493558 0.296238 0.014941 9.9973E-05 9.9973E-05 9.9973E-05
0.0205798 0.0375655 0.456055 0.0451044 0.00636836 0.42471 9.9973E-05 9.9973E-05 9.9973E-05 0.00931685
9.9964E-05 0.147117 0.176593 0.0192837 0.0519679 0.584609 0.0200292 9.9964E-05 9.9964E-05 9.9964E-05
0.0290585 0.0685975 0.120844 0.00976312 0.0893475 0.633286 0.0224219 0.0182297 0.00835128 9.9991E-05
0.05022 0.0956986 0.214296 0.103979 0.166731 0.330712 0.00870753 9.9982E-05 9.9982E-05 0.0294551
0.0949979 0.135915 0.221343 0.0619831 0.0404793 0.444882 9.9964E-05 9.9964E-05 9.9964E-05 9.9964E-05
0.0218063 0.0395076 0.467819 0.0361551 0.0149245 0.397331 9.9973E-05 9.9973E-05 9.9973E-05 0.0221565
0.0253328 0.0408707 0.258214 0.0104844 0.0668885 0.577381 9.9973E-05 9.9973E-05 0.0205288 9.9973E-05
0.106009 0.0749904 0.334948 0.0820528 9.9964E-05 0.399077 9.9964E-05 9.9964E-05 0.00252213 9.9964E-05
0.038047 0.0448353 0.139504 0.0943615 0.0368365 0.514964 0.0264673 0.024166 0.0650594 0.0157596
0.0907438 9.9973E-05 0.00488527 9.9973E-05 0.0746991 0.46062 9.9973E-05 0.0381136 0.231756 0.0988823
0.0946269 0.0101754 0.060468 9.9991E-05 0.124772 0.547807 0.00329346 0.0460126 0.0835959 0.0291481
0.0970754 0.0589465 0.065463 0.0406072 0.0264208 0.472619 0.0200206 0.0571742 0.161573 9.9991E-05
0.0993966 0.0397882 0.0474389 0.00261484 0.136782 0.55768 0.0065224 0.0297649 0.0423148 0.0376978
0.132494 9.9991E-05 0.00931774 0.0303135 0.170757 0.492274 0.00446988 0.00186024 0.142548 0.0158667
9.9955E-05 0.16664 0.178539 9.9955E-05 0.023622 0.503524 9.9955E-05 0.127176 9.9955E-05 9.9955E-05
0.0685346 0.014522 0.0581338 0.0708222 0.117772 0.507334 0.0113042 0.0195156 0.131962 9.9991E-05
0.11477 0.045425 0.0740125 0.0737305 0.377838 0.0838833 9.9991E-05 0.113465 0.0887976 0.0279781
0.0628713 0.00537365 0.0685487 9.9991E-05 0.167375 0.60402 0.0193014 0.0222528 0.0173597 0.0327975
0.138398 0.0244442 0.037169 0.0183157 0.0743592 0.542602 0.00469759 0.0212064 0.0823634 0.056444
0.109825 0.0512056 0.0380843 0.0998648 0.0289641 0.555455 9.9982E-05 9.9982E-05 0.111303 0.00509801
0.0577805 0.0880983 0.0560242 0.0615916 0.213822 0.331484 0.0289698 0.0372124 0.123077 0.0019409
0.105458 9.9973E-05 0.0385322 9.9973E-05 0.0696176 0.548348 9.9973E-05 0.0612877 0.167329 0.00912803
0.141843 0.0806993 0.0244988 9.9982E-05 0.0958799 0.531127 0.016217 9.9982E-05 0.0747948 0.0347403
0.0667151 9.9955E-05 9.9955E-05 0.0294334 0.57106 9.9955E-05 9.9955E-05 0.00413765 0.328154 9.9955E-05
0.138875 9.9991E-05 0.077259 0.0607592 0.0994095 0.461785 0.0172659 0.00467148 0.0995684 0.0403063
0.0916401 0.0390427 9.9991E-05 0.0106079 0.102227 0.541222 0.0167245 0.0237342 0.161793 0.0129082
0.0884048 0.066581 0.0323675 0.0114034 0.0573004 0.59056 9.9991E-05 0.0484786 0.0789013 0.0259028
0.169674 9.9964E-05 9.9964E-05 9.9964E-05 0.0965073 0.556072 0.0172174 9.9964E-05 0.111493 0.0486371
0.102394 9.9991E-05 0.0120384 0.0404869 0.0317297 0.518277 0.0434453 0.0701152 0.167598 0.0138151
0.0225733 0.449124 9.9973E-05 0.0643667 9.9973E-05 0.392697 9.9973E-05 0.0160131 0.00556255 0.0493636
0.0212508 0.227459 0.00743979 0.120761 9.9991E-05 0.464947 0.0195003 0.0516609 0.0756055 0.0112757
9.9937E-05 0.91454 0.0596463 0.0251144 9.9937E-05 9.9937E-05 9.9937E-05 9.9937E-05 9.9937E-05 9.9937E-05
9.9955E-05 0.954874 0.0277372 9.9955E-05 9.9955E-05 9.9955E-05 0.00607637 9.9955E-05 0.0074613 0.00335138
9.9973E-05 0.282668 0.024167 0.0103675 0.051597 0.525127 9.9973E-05 0.0417126 0.0640605 9.9973E-05
0.292977 0.110363 9.9973E-05 9.9973E-05 0.0878348 0.313198 9.9973E-05 0.0544043 0.0973079 0.0436146
0.222132 0.182112 9.9955E-05 9.9955E-05 0.0883173 0.350971 9.9955E-05 9.9955E-05 0.155968 9.9955E-05
0.227212 0.256823 9.9955E-05 9.9955E-05 0.164418 0.213564 9.9955E-05 9.9955E-05 0.137484 9.9955E-05
0.182083 0.173276 9.9973E-05 9.9973E-05 0.149933 0.381966 0.0340803 9.9973E-05 0.0720975 0.00626467
0.00472231 0.687082 9.9973E-05 9.9973E-05 0.134342 0.0821016 0.0112239 0.0167201 0.0635084 9.9973E-05
0.0231602 0.634057 0.000217065 9.9973E-05 0.149147 0.133287 0.0351326 9.9973E-05 0.024699 9.9973E-05
0.0243062 0.322802 9.9964E-05 0.0279137 9.9964E-05 0.559832 9.9964E-05 0.0318673 0.032878 9.9964E-05
0.100342 0.458766 9.9955E-05 9.9955E-05 9.9955E-05 0.369169 9.9955E-05 9.9955E-05 0.0484259 0.0227974
0.0512009 0.66762 9.9964E-05 9.9964E-05 0.0303888 0.179156 0.0195044 9.9964E-05 9.9964E-05 0.0517299
0.0569671 0.30036 0.0335657 9.9991E-05 0.00659902 0.522404 0.0242811 0.0412401 0.00463551 0.0098472
0.0586806 0.287383 9.9973E-05 9.9973E-05 9.9973E-05 0.578934 0.0013873 0.0344146 0.027507 0.0113942
0.0600398 0.275683 0.0107274 0.0434884 9.9982E-05 0.456991 9.9982E-05 0.0287222 0.0989587 0.0251893
9.9955E-05 0.647719 9.9955E-05 0.0215958 9.9955E-05 0.300494 0.0194974 9.9955E-05 0.0101938 9.9955E-05
9.9964E-05 0.50515 0.0486438 9.9964E-05 9.9964E-05 0.367254 0.0027126 0.0513727 0.0244676 9.9964E-05
9.9982E-05 0.285645 0.0221413 0.0580276 0.0303036 0.521051 0.0116292 0.0380427 9.9982E-05 0.0329591
9.99886E-05 0.386845 0.0901796 0.0235092 9.99886E-05 0.397495 0.00754291 0.0305264 0.0528929 0.0108088
0.0495827 0.203728 0.0669753 0.0620385 9.9982E-05 0.499311 0.00944502 0.0288227 0.079897 9.9982E-05
9.9973E-05 0.483387 0.0107736 0.0524687 0.00446658 0.431142 0.000702903 9.9973E-05 0.0167602 9.9973E-05
9.9946E-05 0.84613 0.010114 9.9946E-05 9.9946E-05 0.125477 0.0176791 9.9946E-05 9.9946E-05 9.9946E-05
9.9946E-05 0.395287 9.9946E-05 9.9946E-05 9.9946E-05 0.594225 0.00569115 9.9946E-05 0.00419766 9.9946E-05
9.9946E-05 0.767115 0.0552755 0.0424272 9.9946E-05 0.134582 9.9946E-05 9.9946E-05 9.9946E-05 9.9946E-05
9.9946E-05 0.552577 9.9946E-05 9.9946E-05 9.9946E-05 0.383406 0.0142416 9.9946E-05 0.0491762 9.9946E-05
9.9982E-05 0.315371 0.0310025 0.00384194 9.9982E-05 0.476966 0.0153448 0.0503345 0.0872162 0.0197229
9.9982E-05 0.320269 0.0197977 0.0640671 0.0105377 0.483014 0.00223439 0.0119488 0.0879311 9.9982E-05
0.158535 0.103136 9.9991E-05 0.0160823 0.0199217 0.432627 0.0439032 0.0605984 0.13017 0.0349262
0.139536 0.12675 0.0518208 0.0117758 0.0449175 0.422545 0.0342706 0.0593176 0.108967 9.9991E-05
0.259939 0.0717813 9.9982E-05 9.9982E-05 0.0905898 0.300854 0.0156614 0.112173 0.102832 0.0459701
0.207188 0.122825 0.0264813 9.9991E-05 0.0659555 0.304724 0.0469886 0.0486257 0.162625 0.0144867
0.163237 0.064228 0.0606746 0.00810011 9.9982E-05 0.47267 9.9982E-05 0.0908702 0.122645 0.0173753
0.049973 0.171475 9.9991E-05 0.0488902 0.0932998 0.477021 0.0279696 0.00857344 0.0982715 0.0244256
0.0729629 0.680653 9.9955E-05 9.9955E-05 0.0841575 9.9955E-05 0.0197958 9.9955E-05 0.141931 9.9955E-05
0.139846 0.126638 9.9982E-05 9.9982E-05 0.0542364 0.546244 0.0193095 0.0220425 0.0518231 0.0396604
0.0670706 0.384288 9.9946E-05 9.9946E-05 0.286308 9.9946E-05 9.9946E-05 9.9946E-05 0.261734 9.9946E-05
0.116854 0.316701 9.9946E-05 9.9946E-05 9.9946E-05 0.473595 9.9946E-05 9.9946E-05 0.0922506 9.9946E-05
9.9937E-05 0.914289 9.9937E-05 9.9937E-05 9.9937E-05 0.084552 9.9937E-05 9.9937E-05 9.9937E-05 0.000459268
