9.9973E-05 0.0547876 0.0397423 0.0185332 0.851708 9.9973E-05 0.0349291 9.9973E-05
0.00413977 9.9973E-05 0.0176484 9.9973E-05 0.893866 0.0107009 9.9973E-05 0.073345
9.9964E-05 9.9964E-05 0.0155492 0.143019 0.829025 9.9964E-05 9.9964E-05 0.0120069
9.9973E-05 0.0336647 0.0619499 0.0563111 0.787239 9.9973E-05 0.0605355 9.9973E-05
0.0395986 9.9973E-05 0.0639232 0.0464015 0.827306 9.9973E-05 0.0224708 9.9973E-05
0.0251288 9.9991E-05 0.121758 0.0283367 0.569384 0.157227 0.0656992 0.0323671
9.9964E-05 9.9964E-05 0.0827381 9.9964E-05 0.794456 0.107639 0.0147679 9.9964E-05
0.0594324 9.9982E-05 0.106969 0.00285536 0.670694 0.128486 0.0313628 9.9982E-05
9.99639E-05 9.99639E-05 0.0471032 9.99639E-05 0.825415 0.0583015 9.99639E-05 0.0687807
0.00431264 9.9982E-05 0.0889501 0.0745976 0.663849 0.110445 0.0576461 9.9982E-05
9.9973E-05 9.9973E-05 0.0868547 0.0294783 0.68548 0.185177 9.9973E-05 0.0127098
9.9973E-05 0.733892 9.9973E-05 0.131761 9.9973E-05 0.0477436 0.0352577 0.0510462
0.0421754 0.434358 0.0174377 0.480724 9.9973E-05 9.9973E-05 0.0250057 9.9973E-05
0.0251168 0.675044 9.9982E-05 0.145319 0.0274011 0.0315532 0.0953661 9.9982E-05
0.00652243 0.56985 9.9982E-05 0.220661 0.0283868 0.00237815 0.172002 9.9982E-05
0.0918739 0.357536 9.9991E-05 0.301109 0.111594 0.00949697 0.1091 0.019189
0.0692841 0.291253 9.9982E-05 0.505742 0.0273161 0.0549182 0.0512872 9.9982E-05
0.0323202 0.386043 9.9991E-05 0.383301 0.0060222 0.0879449 0.0368718 0.0673973
9.9982E-05 0.55646 9.9982E-05 0.193106 0.126634 0.00980203 0.0729512 0.0408468
9.9964E-05 0.87891 0.0209172 9.9964E-05 0.0493501 0.0504228 9.9964E-05 9.9964E-05
0.052491 0.340488 0.0363786 0.305577 0.0367194 0.00116883 0.0904953 0.136682
0.0434847 0.240791 0.00956612 0.371165 0.0254492 0.166074 0.042741 0.100729
9.9982E-05 0.282066 0.0366343 0.54521 0.0180355 0.0393205 9.9982E-05 0.0785344
9.9973E-05 0.613675 9.9973E-05 0.171583 9.9973E-05 0.0803356 0.115931 0.0181763
0.050981 0.103349 0.0143232 0.625834 0.0451346 0.0663981 0.0210667 0.0729129
9.9964E-05 0.372905 9.9964E-05 0.507607 9.9964E-05 0.0862884 0.0327998 9.9964E-05
0.0121921 0.762109 9.9973E-05 0.0802477 9.9973E-05 0.0332042 0.111947 9.9973E-05
9.9964E-05 0.688608 9.9964E-05 0.106174 9.9964E-05 0.0629116 0.141907 9.9964E-05
9.9973E-05 0.793349 9.9973E-05 0.131869 0.0213956 0.0489287 9.9973E-05 0.00415777
9.9955E-05 9.9955E-05 9.9955E-05 0.138076 0.823962 9.9955E-05 0.0374624 9.9955E-05
9.9946E-05 9.9946E-05 9.9946E-05 0.168996 0.830405 9.9946E-05 9.9946E-05 9.9946E-05
9.9964E-05 0.0227376 9.9964E-05 0.16592 0.776639 9.9964E-05 0.0343032 9.9964E-05
9.9964E-05 9.9964E-05 9.9964E-05 0.159293 0.764389 9.9964E-05 0.0535383 0.0223801
9.9973E-05 0.00540675 0.114483 0.590833 9.9973E-05 0.0199658 9.9973E-05 0.269011
9.9964E-05 9.9964E-05 0.127643 0.484757 0.0321008 9.9964E-05 9.9964E-05 0.3551
9.9973E-05 9.9973E-05 0.0347307 0.61033 0.0304758 9.9973E-05 0.0050397 0.319124
9.9991E-05 0.769564 0.0212564 0.0537442 0.121062 0.00179789 0.00404128 0.0284339
9.9973E-05 0.0208879 9.9973E-05 0.234175 9.9973E-05 0.0281349 0.0810833 0.635419
0.0588832 0.098851 9.9982E-05 0.44857 0.0968042 9.9982E-05 0.0287311 0.267961
0.0205541 9.9973E-05 9.9973E-05 0.715981 0.0315409 0.0939569 9.9973E-05 0.137667
0.0486359 9.9982E-05 0.0635332 0.610004 0.0824608 0.119845 9.9982E-05 0.0753207
0.01318 0.144636 0.0734115 0.58404 0.087199 0.00425603 9.9991E-05 0.0931774
9.9982E-05 0.20696 0.0130987 0.0344775 0.0238795 9.9982E-05 0.0400492 0.681335
9.999E-05 0.069966 0.0707916 0.516917 0.0119712 0.186855 0.0855959 0.0578037
0.0175712 9.9991E-05 0.0337125 0.488714 0.0351016 0.0606671 0.0589163 0.305218
9.9991E-05 0.0334976 0.0233712 0.516102 0.150975 0.0589321 0.0480972 0.168925
0.0606006 9.9955E-05 9.9955E-05 0.294972 9.9955E-05 9.9955E-05 9.9955E-05 0.643928
0.0191235 9.9973E-05 9.9973E-05 0.60006 9.9973E-05 0.0390819 0.0822649 0.25917
0.194361 0.0034727 0.0227931 0.553052 0.0720465 9.9991E-05 0.0609435 0.0932322
9.9964E-05 0.00830477 9.9964E-05 9.9964E-05 0.0470362 0.269217 9.9964E-05 0.675042
0.0230456 0.454538 0.0838914 0.0952871 9.9982E-05 0.112696 9.9982E-05 0.230343
0.0993474 0.35972 9.9982E-05 0.0198454 0.0112742 0.354893 9.9982E-05 0.15472
9.9973E-05 0.207539 9.9973E-05 0.562929 0.0789947 0.0893804 0.0608574 9.9973E-05
0.130309 0.143837 9.9982E-05 0.580492 0.053495 0.0330992 0.0585688 9.9982E-05
0.0750598 0.107875 0.0580375 0.486709 0.0196451 0.210007 0.0364681 0.0061985
0.0500824 0.311265 0.141431 0.147013 0.0793618 0.0891642 9.9991E-05 0.181582
0.0263056 0.145644 0.136367 0.586742 9.9982E-05 0.100033 9.9982E-05 0.00470937
9.9973E-05 0.167385 9.9973E-05 0.635581 0.0281355 0.100441 0.0681568 9.9973E-05
9.9982E-05 0.293054 0.0270116 0.310193 0.140788 0.066589 9.9982E-05 0.162164
0.0217128 0.531894 0.081504 0.0258015 0.133695 0.165611 0.0396815 9.9991E-05
0.0106239 0.147514 9.9991E-05 0.523616 0.0687386 0.123994 0.0464782 0.0789357
0.0653434 0.2883 0.0321712 0.336177 0.0308851 0.113204 0.0802005 0.0537192
9.9973E-05 0.680173 0.0695304 9.9973E-05 0.0327144 0.187513 9.9973E-05 0.029769
0.0540112 0.504451 9.9955E-05 0.441038 9.9955E-05 9.9955E-05 9.9955E-05 9.9955E-05
0.19067 0.0343559 9.9991E-05 0.570344 0.0490166 0.0297173 0.0763874 0.0494095
0.0747577 0.263327 9.9982E-05 0.463976 0.0910313 0.0433107 0.0633976 9.9982E-05
0.0769916 0.377821 0.0187854 0.242849 0.0100394 0.109931 0.0744199 0.0891621
0.0134361 0.233259 9.9982E-05 0.493096 9.9982E-05 0.137355 0.000654421 0.121999
0.0795092 0.118382 0.146995 0.461806 9.9991E-05 0.00530125 0.0622943 0.125611
0.092385 0.460118 0.0754415 0.110447 0.0255852 0.13041 9.9991E-05 0.105513
9.9964E-05 0.00873867 0.0023765 0.538394 9.9964E-05 9.9964E-05 9.9964E-05 0.450091
9.9964E-05 0.162471 9.9964E-05 0.169242 0.0333128 9.9964E-05 9.9964E-05 0.634574
9.9973E-05 0.213353 9.9973E-05 0.507333 9.9973E-05 0.0965555 0.014398 0.16806
9.9955E-05 9.9955E-05 0.0323641 9.9955E-05 9.9955E-05 0.123603 9.9955E-05 0.843533
9.9964E-05 0.0400604 0.00696291 9.9964E-05 9.9964E-05 0.100768 9.9964E-05 0.851808
9.9946E-05 9.9946E-05 9.9946E-05 0.200082 9.9946E-05 9.9946E-05 9.9946E-05 0.799318
9.9982E-05 0.0522846 0.0362364 0.401443 0.0373658 0.00473881 9.9982E-05 0.467732
0.00334325 0.0892148 0.0206867 0.547088 0.119846 9.9991E-05 0.0588841 0.160838
9.9973E-05 0.104298 9.9973E-05 0.4683 9.9973E-05 0.028917 0.0264713 0.371714
9.9982E-05 0.156398 0.0553296 0.136353 0.0269262 9.9982E-05 0.0598521 0.564941
0.00677662 0.0940542 0.178984 0.195555 0.00227672 9.9991E-05 0.00138566 0.520868
0.00582035 0.0394921 9.9991E-05 0.445025 0.106084 0.0319482 0.0830026 0.288528
9.9964E-05 0.218086 9.9964E-05 0.189806 9.9964E-05 9.9964E-05 0.0570287 0.534679
9.9964E-05 0.052587 9.9964E-05 0.401499 0.0375076 9.9964E-05 9.9964E-05 0.508006
0.0664378 9.9955E-05 9.9955E-05 0.3754 9.9955E-05 9.9955E-05 9.9955E-05 0.557663
0.0742356 0.0255721 0.0359907 9.9982E-05 9.9982E-05 0.160111 0.0134849 0.690406
0.0263349 0.00910026 0.0591882 0.537642 9.9982E-05 9.9982E-05 0.0302947 0.33724
9.9973E-05 0.0585018 0.0504298 0.0650088 0.7553 9.9973E-05 0.0704601 9.9973E-05
9.9946E-05 9.9946E-05 9.9946E-05 0.106048 0.893353 9.9946E-05 9.9946E-05 9.9946E-05
9.9964E-05 0.00375716 9.9964E-05 0.126742 0.840067 9.9964E-05 0.0290347 9.9964E-05
9.9946E-05 9.9946E-05 9.9946E-05 0.10168 0.897721 9.9946E-05 9.9946E-05 9.9946E-05
0.0229654 9.9973E-05 9.9973E-05 0.0890899 0.877128 9.9973E-05 0.00991931 0.000598023
0.0242114 9.9991E-05 0.0136609 0.0299087 0.872596 0.0245813 0.0326151 0.00232673
9.9955E-05 9.9955E-05 9.9955E-05 0.0721085 0.920058 9.9955E-05 0.00733407 9.9955E-05
0.0843539 0.0127378 0.0307095 0.454416 0.0502267 0.0233645 0.116198 0.227993
0.123548 0.132875 0.0258223 0.446962 0.0541729 9.9991E-05 0.101859 0.114661
9.9964E-05 0.183238 0.00294697 9.9964E-05 0.0686908 9.9964E-05 9.9964E-05 0.744724
9.9982E-05 9.9982E-05 0.00656291 0.49696 0.0510679 0.0503738 0.0782476 0.316587
9.9982E-05 0.107546 0.00178359 0.316878 0.0605743 9.9982E-05 0.0340238 0.478995
0.0648968 9.9982E-05 9.9982E-05 0.51596 0.0237322 0.00747801 0.0291112 0.358622
0.0785732 9.9964E-05 9.9964E-05 0.536251 9.9964E-05 0.0938479 9.9964E-05 0.290928
0.0194155 9.9964E-05 9.9964E-05 0.411205 9.9964E-05 9.9964E-05 0.0868718 0.482107
9.9964E-05 0.198846 0.0747496 9.9964E-05 0.0328117 9.9964E-05 9.9964E-05 0.693193
9.9973E-05 9.9973E-05 0.0517873 0.596872 0.153917 0.0549937 9.9973E-05 0.142131
0.0303764 9.9973E-05 9.9973E-05 0.601984 9.9973E-05 0.095702 0.116535 0.155102
9.9982E-05 0.151956 0.0389368 0.460162 9.9982E-05 0.0322525 0.127662 0.18883
0.0241813 9.9964E-05 9.9964E-05 0.319296 9.9964E-05 0.203599 9.9964E-05 0.452524
0.0528101 9.9973E-05 9.9973E-05 0.435456 9.9973E-05 0.029316 0.0267068 0.455411
0.04113 0.0456099 0.0418263 0.442235 9.9973E-05 9.9973E-05 9.9973E-05 0.428899
0.00926885 9.9964E-05 9.9964E-05 0.265654 9.9964E-05 9.9964E-05 0.109588 0.61509
9.9973E-05 0.0544943 9.9973E-05 0.388069 0.0829179 0.0222345 9.9973E-05 0.451985
0.00152927 0.148725 0.0733488 0.553949 0.055128 0.0389291 9.9991E-05 0.128291
0.224302 0.36456 0.0379379 0.157788 0.0307916 0.083684 0.0420209 0.058915
9.9982E-05 0.282575 0.138849 0.355251 0.101009 0.0329086 0.089207 9.9982E-05
0.0342899 0.251597 9.9964E-05 0.579897 0.133817 9.9964E-05 9.9964E-05 9.9964E-05
0.0346266 0.0937166 0.0725878 0.655048 0.120389 9.9991E-05 0.00154966 0.0219827
0.0423496 0.429769 9.9982E-05 0.465221 0.0139752 0.0254391 9.9982E-05 0.0230454
0.00854714 0.248727 0.058563 0.575339 0.0352574 0.0733663 9.9982E-05 9.9982E-05
0.112391 0.285985 0.149405 0.451819 9.9964E-05 9.9964E-05 9.9964E-05 9.9964E-05
0.0602455 0.172155 0.0128511 0.516176 0.0951656 0.0796359 9.9991E-05 0.0636705
9.9991E-05 0.0982766 0.0740038 0.494665 0.0652914 0.0455366 0.0878168 0.13431
0.0105423 0.306073 9.9991E-05 0.54904 0.0119682 0.0361747 0.00609165 0.0800103
0.0290609 0.318884 0.134869 0.467368 0.0385116 9.9982E-05 9.9982E-05 0.0111065
0.0822574 0.0828157 0.0141949 0.639904 0.0142119 0.100006 0.0238454 0.0427654
0.0418024 0.20061 9.9982E-05 0.519398 0.104361 0.0634917 0.070137 9.9982E-05
0.0968158 0.280395 0.0468802 0.54561 9.9982E-05 9.9982E-05 0.000362757 0.0297361
0.120481 0.0903245 0.0475185 0.586168 0.123627 0.0280825 0.00369852 9.9991E-05
0.0779278 0.162257 0.0618088 0.58117 0.00186816 0.0559856 0.0588821 9.9991E-05
0.0742235 0.171358 0.0475329 0.45113 0.0410308 0.214525 9.9982E-05 9.9982E-05
0.124268 0.169636 0.102942 0.520605 0.000907959 0.0156489 0.057888 0.00810489
0.106722 0.13515 0.0529136 0.596738 0.029054 0.0464709 0.0328512 9.9991E-05
0.0775288 0.40559 0.0929397 0.215417 0.0243091 9.9991E-05 0.025066 0.15905
0.164847 0.388536 0.0170026 0.108548 9.9982E-05 0.284249 0.0366173 9.9982E-05
0.0204881 0.0585171 0.173286 0.532664 0.0054114 0.153259 9.9991E-05 0.0562745
0.245929 0.213724 0.145112 0.0423698 9.9991E-05 0.159534 0.0348124 0.15842
0.0440059 0.563475 9.9982E-05 0.244733 0.0517309 0.0227309 9.9982E-05 0.0731252
0.0255781 0.370133 9.9964E-05 0.403824 9.9964E-05 9.9964E-05 9.9964E-05 0.200065
0.0497969 0.43734 0.0867575 0.279276 0.070183 9.9982E-05 9.9982E-05 0.0764466
0.0501299 0.608892 0.0433863 0.22738 0.00126204 0.0125746 0.00298446 0.0533908
9.9973E-05 0.250811 0.0272968 0.53951 0.0655484 0.116533 9.9973E-05 9.9973E-05
0.0230517 0.127185 0.0585746 0.442707 9.9991E-05 0.122943 0.138296 0.0871429
0.00495096 0.194348 0.0820593 0.512279 0.0825878 9.9991E-05 0.000168375 0.123507
0.124997 0.374791 9.9982E-05 0.121907 9.9982E-05 0.224272 0.0404622 0.113371
9.9982E-05 9.9982E-05 0.0860852 0.448458 0.114127 0.0454123 0.127016 0.178702
0.0887099 0.0493216 0.0353242 0.40146 0.0469086 0.193496 0.0919082 0.0928719
0.213757 0.1186 0.101251 0.00622616 0.10991 0.368889 9.9991E-05 0.0812677
0.0609368 0.00491519 9.9991E-05 0.595033 0.0375007 0.138458 0.0263957 0.136661
0.0221912 0.0361766 0.0565454 0.37365 0.0663363 0.361974 9.9991E-05 0.0830265
0.126999 0.155109 9.9991E-05 0.461509 0.0657201 0.0965534 0.0911093 0.00290065
9.9973E-05 9.9973E-05 0.12412 0.298353 0.0416445 0.411485 9.9973E-05 0.124098
0.0570247 0.122229 0.0941737 0.213807 9.9982E-05 0.456132 9.9982E-05 0.0564333
0.11209 9.9982E-05 0.108277 0.447416 0.0622999 0.178344 9.9982E-05 0.0913722
0.106877 0.0386845 0.0438521 0.478849 0.0786973 0.25284 9.9982E-05 9.9982E-05
0.0319775 0.132236 0.0453731 0.336481 0.109849 0.120287 0.0914023 0.132394
0.0403111 0.19282 9.9982E-05 9.9982E-05 0.0168626 0.368962 0.179301 0.201543
0.0182368 0.140321 0.00499999 0.498971 0.0319967 0.117091 0.0727484 0.115635
0.0238896 0.154324 0.00466695 0.355604 9.9982E-05 0.317828 9.9982E-05 0.143487
9.9964E-05 0.178014 9.9964E-05 0.431502 9.9964E-05 0.152217 9.9964E-05 0.237867
0.0972801 0.0981784 9.9991E-05 0.609702 0.0551551 0.116564 0.0200598 0.00296097
9.9973E-05 0.0424912 9.9973E-05 0.115177 0.265757 0.288375 0.2879 9.9973E-05
9.9955E-05 9.9955E-05 9.9955E-05 9.9955E-05 0.496677 0.382375 0.120448 9.9955E-05
9.9955E-05 9.9955E-05 9.9955E-05 9.9955E-05 0.431222 0.447117 0.121161 9.9955E-05
9.9973E-05 0.044831 9.9973E-05 0.0713195 0.351789 0.214849 0.316911 9.9973E-05
0.00385648 9.9973E-05 0.0273141 0.611268 9.9973E-05 0.251892 9.9973E-05 0.105369
0.0862799 0.0188641 0.0400048 0.555936 0.0997015 0.162779 0.00520451 0.0312302
0.000320541 0.0674746 9.9973E-05 0.218471 0.0211308 9.9973E-05 0.692303 9.9973E-05
0.0933098 0.0567941 9.9982E-05 0.36832 0.00571453 9.9982E-05 0.381378 0.094284
0.0107019 0.157713 0.00772789 0.344879 0.0342813 9.9991E-05 0.359439 0.0851575
0.0923083 0.0299174 9.9973E-05 0.353295 9.9973E-05 0.422215 9.9973E-05 0.101965
0.0528534 0.0143244 0.107482 0.523727 9.9991E-05 0.090945 0.0882067 0.122361
0.194096 0.0628822 9.9973E-05 0.165988 9.9973E-05 0.553654 9.9973E-05 0.0230799
0.0271564 9.9991E-05 0.0273634 0.5568 0.0160257 0.229859 0.0402734 0.102422
0.0834733 0.0938664 0.00854578 0.412031 9.9982E-05 0.236615 9.9982E-05 0.165269
0.0860421 0.00132099 0.0343342 0.589687 9.9982E-05 0.270581 9.9982E-05 0.0178347
0.152571 0.0209243 0.068413 0.203853 9.9982E-05 0.469652 9.9982E-05 0.0843864
9.9955E-05 9.9955E-05 9.9955E-05 0.706422 9.9955E-05 0.217214 9.9955E-05 0.0758641
0.0876146 0.0185277 0.0567397 0.64925 0.0908644 0.0968032 9.9982E-05 9.9982E-05
0.0148639 9.9946E-05 9.9946E-05 9.9946E-05 9.9946E-05 9.9946E-05 0.984536 9.9946E-05
0.0631972 9.9955E-05 9.9955E-05 0.0272371 9.9955E-05 9.9955E-05 0.909066 9.9955E-05
9.9964E-05 0.0957597 9.9964E-05 0.304213 0.0685186 9.9964E-05 0.531109 9.9964E-05
9.9964E-05 9.9964E-05 0.024217 0.327204 0.0183932 9.9964E-05 0.629785 9.9964E-05
9.9973E-05 0.000436094 9.9973E-05 0.111953 9.9973E-05 0.0325309 0.842941 0.011839
9.994E-05 9.994E-05 9.994E-05 9.994E-05 9.994E-05 9.994E-05 0.9993 9.994E-05
9.9946E-05 9.9946E-05 0.0300863 9.9946E-05 9.9946E-05 9.9946E-05 0.969314 9.9946E-05
9.9946E-05 9.9946E-05 9.9946E-05 0.0982399 9.9946E-05 9.9946E-05 0.90116 9.9946E-05
9.9955E-05 0.0323988 9.9955E-05 9.9955E-05 9.9955E-05 9.9955E-05 0.965965 0.00113646
9.994E-05 9.994E-05 9.994E-05 9.994E-05 9.994E-05 9.994E-05 0.9993 9.994E-05
9.994E-05 9.994E-05 9.994E-05 9.994E-05 9.994E-05 9.994E-05 0.9993 9.994E-05
9.9964E-05 0.0610204 9.9964E-05 0.0783371 9.9964E-05 9.9964E-05 0.798113 0.06213
9.9973E-05 9.9973E-05 0.0521231 0.101212 9.9973E-05 0.00655463 0.832102 0.00770866
9.9955E-05 0.0214991 9.9955E-05 9.9955E-05 9.9955E-05 9.9955E-05 0.942059 0.0359424
0.06651 9.9982E-05 0.0446702 0.257905 0.103904 9.9982E-05 0.420738 0.106072
9.9982E-05 0.0399865 0.0198935 0.242407 0.0559923 9.9982E-05 0.623385 0.0181361
9.9973E-05 0.0122024 0.0789746 0.173895 9.9973E-05 0.0245309 0.710097 9.9973E-05
9.9964E-05 0.0380482 9.9964E-05 0.0790808 0.0264016 9.9964E-05 0.85607 9.9964E-05
9.9955E-05 9.9955E-05 9.9955E-05 0.00100226 9.9955E-05 9.9955E-05 0.990226 0.00827223
9.9955E-05 0.052628 9.9955E-05 9.9955E-05 0.0593832 9.9955E-05 0.887489 9.9955E-05
9.994E-05 9.994E-05 9.994E-05 9.994E-05 9.994E-05 9.994E-05 0.9993 9.994E-05
0.0639172 9.9964E-05 0.0988561 0.169494 9.9964E-05 9.9964E-05 0.667333 9.9964E-05
0.0314149 9.9955E-05 9.9955E-05 9.9955E-05 9.9955E-05 9.9955E-05 0.930029 0.038056
0.0391933 0.00529625 9.9973E-05 9.9973E-05 0.289614 0.592696 0.0728998 9.9973E-05
9.9982E-05 9.9982E-05 0.165369 0.406031 0.154981 0.19839 0.0663021 0.0087262
0.0754954 9.9991E-05 0.0667831 0.362626 0.162826 0.211249 0.090223 0.0306971
0.00423848 9.9991E-05 0.0608785 0.186535 0.171604 0.459867 0.109205 0.00757267
0.0149344 0.0432359 0.0133448 0.42142 0.0887477 0.265966 0.152251 9.9991E-05
0.0578333 9.9982E-05 9.9982E-05 0.132241 0.216899 0.415688 0.126948 0.0501903
0.156134 0.022931 0.0844087 0.374494 0.116146 0.123914 0.121873 9.9991E-05
9.9973E-05 9.9973E-05 9.9973E-05 0.32419 0.0979361 0.405541 0.136757 0.0352765
9.9982E-05 0.0767851 0.000302838 0.427746 0.174836 0.179122 0.141008 9.9982E-05
9.9964E-05 9.9964E-05 9.9964E-05 0.39035 0.149747 0.311211 0.148292 9.9964E-05
0.0198572 0.0564087 9.9991E-05 0.370986 0.151904 0.224393 0.101987 0.0743651
9.9964E-05 9.9964E-05 0.119494 0.0532469 0.779292 0.0475679 9.9964E-05 9.9964E-05
0.0116557 9.9973E-05 0.000501944 9.9973E-05 0.90651 0.0198055 0.0612272 9.9973E-05
9.9973E-05 9.9973E-05 0.0155725 0.00415728 0.948986 0.010232 9.9973E-05 0.0207521
9.9964E-05 9.9964E-05 0.0339787 0.0414226 0.922887 9.9964E-05 0.00131232 9.9964E-05
9.9964E-05 0.0874378 9.9964E-05 0.0105053 0.873657 0.0279997 9.9964E-05 9.9964E-05
0.0351862 9.9955E-05 9.9955E-05 9.9955E-05 0.888331 9.9955E-05 0.0759832 9.9955E-05
9.9964E-05 9.9964E-05 0.0234555 0.0422066 0.897401 9.9964E-05 0.0365371 9.9964E-05
0.02549 9.9964E-05 9.9964E-05 0.0178972 0.866704 0.0895091 9.9964E-05 9.9964E-05
9.9973E-05 0.0103879 9.9973E-05 0.0141882 0.902295 9.9973E-05 0.0334094 0.0394196
9.9973E-05 0.0238885 9.9973E-05 0.0068501 0.77842 0.0925786 0.0979628 9.9973E-05
0.0247256 0.163264 0.0889586 9.9973E-05 0.614466 9.9973E-05 9.9973E-05 0.108287
9.9964E-05 0.15583 0.19836 9.9964E-05 0.580893 9.9964E-05 9.9964E-05 0.0645169
0.0170101 0.237528 0.0916469 9.9982E-05 0.529227 0.0630004 9.9982E-05 0.0613873
9.9973E-05 0.346614 0.0993246 9.9973E-05 0.461809 0.0271829 9.9973E-05 0.0647692
9.9982E-05 0.116632 0.0581677 0.489391 0.0566091 9.9982E-05 0.0298365 0.249163
0.0695974 0.00614022 0.0975598 0.500234 9.9991E-05 0.00961892 0.00853949 0.30821
0.0607878 0.228974 0.0422376 0.474553 9.9982E-05 9.9982E-05 0.0364135 0.156834
0.026152 0.376354 0.0121172 0.294879 0.0120625 0.0297471 9.9991E-05 0.248588
0.0176665 0.60631 0.179225 0.101366 9.9973E-05 9.9973E-05 9.9973E-05 0.0951317
9.9964E-05 0.0701805 9.9964E-05 0.653278 0.0334012 9.9964E-05 9.9964E-05 0.24274
9.9964E-05 0.0960716 9.9964E-05 0.54736 9.9964E-05 9.9964E-05 0.0464215 0.309747
0.0355852 0.14059 0.0610605 0.504957 9.9973E-05 9.9973E-05 9.9973E-05 0.257507
0.0120298 9.9982E-05 0.0283903 0.278156 9.9982E-05 0.0554288 0.0530466 0.572749
9.9973E-05 0.0410462 0.0956474 0.595753 0.0312195 9.9973E-05 9.9973E-05 0.236034
0.0384197 0.0821737 0.0842987 0.347418 9.9991E-05 0.0178791 0.0153355 0.414376
0.197173 0.0805438 0.0072898 9.9973E-05 9.9973E-05 0.0356267 9.9973E-05 0.679066
0.141455 0.0932115 0.0828475 0.520933 0.0348116 0.0473377 9.9991E-05 0.0793044
0.115474 0.0181396 9.9982E-05 0.232188 0.0402621 0.171617 9.9982E-05 0.42212
0.101948 0.0907044 9.9964E-05 0.503994 9.9964E-05 9.9964E-05 9.9964E-05 0.302954
0.0332199 0.2188 0.0323635 0.0721492 0.0233738 9.9982E-05 9.9982E-05 0.619894
9.9973E-05 9.9973E-05 0.810194 9.9973E-05 0.032482 0.120149 0.00975275 0.0271227
9.9955E-05 9.9955E-05 0.906182 0.0480519 9.9955E-05 0.0452667 9.9955E-05 9.9955E-05
9.9946E-05 9.9946E-05 0.996648 9.9946E-05 9.9946E-05 9.9946E-05 0.00275243 9.9946E-05
0.0371633 9.9964E-05 0.916519 9.9964E-05 0.00947106 9.9964E-05 9.9964E-05 0.0364465
9.9964E-05 0.0541979 0.838293 0.0697866 9.9964E-05 0.0373224 9.9964E-05 9.9964E-05
9.9955E-05 9.9955E-05 0.921557 0.0464406 9.9955E-05 9.9955E-05 0.0315028 9.9955E-05
9.9955E-05 9.9955E-05 9.9955E-05 0.128464 0.834433 9.9955E-05 0.0366034 9.9955E-05
9.9973E-05 0.107805 0.00900621 0.0822208 0.770728 9.9973E-05 0.0299405 9.9973E-05
9.9964E-05 0.0314794 9.9964E-05 0.119906 0.754456 9.9964E-05 0.0937595 9.9964E-05
9.9964E-05 0.131825 9.9964E-05 0.00285898 0.721526 9.9964E-05 0.14339 9.9964E-05
9.9982E-05 0.103138 0.00264204 0.0254608 0.724055 0.0128214 0.131682 9.9982E-05
9.9973E-05 0.139458 0.399817 9.9973E-05 0.375969 0.0672596 9.9973E-05 0.0171966
0.0893945 0.0069606 0.343136 9.9973E-05 0.457476 9.9973E-05 9.9973E-05 0.102733
0.124561 9.9964E-05 0.431659 9.9964E-05 0.36048 9.9964E-05 9.9964E-05 0.0829006
9.9955E-05 0.0128747 9.9955E-05 0.166437 0.820188 9.9955E-05 9.9955E-05 9.9955E-05
0.0356324 0.0617835 0.413803 9.9973E-05 0.339014 9.9973E-05 9.9973E-05 0.149467
0.0747391 9.9973E-05 9.9973E-05 0.232028 0.198474 0.0820111 0.412448 9.9973E-05
9.9991E-05 0.00174888 0.0721575 0.532956 0.0785549 0.0664577 0.2322 0.0158251
9.9955E-05 9.9955E-05 9.9955E-05 0.602531 0.111657 9.9955E-05 0.285311 9.9955E-05
0.0275108 9.9991E-05 0.011941 0.355217 0.22824 0.139782 0.203673 0.0335358
9.9991E-05 0.0614863 0.0726759 0.547711 0.0821711 0.0565076 0.165604 0.0137438
0.0224121 9.9964E-05 9.9964E-05 9.9964E-05 0.404673 0.247468 0.325047 9.9964E-05
0.0258261 0.353024 0.0712981 0.394781 9.9982E-05 0.0295274 9.9982E-05 0.125343
0.198138 0.213413 0.0673371 0.299949 0.00359035 0.138565 9.9991E-05 0.0789076
0.0297267 0.648685 0.0756662 0.165708 0.0799137 9.9973E-05 9.9973E-05 9.9973E-05
0.267174 0.190381 0.0552652 0.391013 9.9982E-05 0.0380355 9.9982E-05 0.057931
0.331081 0.206496 9.9964E-05 9.9964E-05 9.9964E-05 0.346906 9.9964E-05 0.115117
9.9991E-05 0.316319 0.0171818 0.494513 0.102983 0.0245572 0.0205196 0.0238252
0.149504 0.35297 9.9991E-05 0.422045 0.0204995 0.0124149 0.00421083 0.0382551
0.0321592 0.567536 0.0272566 0.31573 0.0112204 0.0358313 9.9991E-05 0.0101668
0.0149127 0.258338 0.048459 0.408959 0.0294284 0.0351916 0.0677556 0.136956
0.0729858 0.404167 9.9973E-05 0.0623442 9.9973E-05 0.316874 9.9973E-05 0.143329
0.129213 0.190687 0.0850978 0.413754 9.9973E-05 0.180948 9.9973E-05 9.9973E-05
0.0431677 0.265856 0.0847372 0.508624 0.0222937 0.000552143 9.9991E-05 0.0746691
9.9982E-05 0.050759 9.9982E-05 0.377346 0.13218 0.0917533 0.195036 0.152726
0.241903 0.398053 9.9964E-05 0.315214 9.9964E-05 0.0444306 9.9964E-05 9.9964E-05
0.117824 0.190216 0.172056 0.381379 0.0138306 0.0507094 0.00272568 0.0712603
0.106374 0.235179 9.9982E-05 0.390577 9.9982E-05 0.0496161 0.0758234 0.142231
0.0356569 0.0976922 0.0263485 0.507926 9.9982E-05 0.145442 9.9982E-05 0.186734
0.0770173 0.155133 0.0259101 0.581945 0.0116151 0.0650307 0.0402853 0.0430635
0.0328237 0.215964 0.0771441 0.573163 9.9982E-05 9.9982E-05 0.0874893 0.0132158
9.9991E-05 0.149028 0.0476804 0.504176 0.0290605 0.141086 0.0594442 0.0694253
9.9955E-05 9.9955E-05 9.9955E-05 0.172553 0.778418 9.9955E-05 0.048529 9.9955E-05
0.0422031 9.9973E-05 9.9973E-05 0.0258868 0.824324 9.9973E-05 0.0529452 0.0543409
0.0112194 0.0284119 0.00758879 0.00240963 0.763654 0.0986131 0.0170252 0.0710779
0.0373292 9.9973E-05 0.0379166 9.9973E-05 0.810162 9.9973E-05 0.0169106 0.0973813
9.9964E-05 9.9964E-05 0.017331 0.169614 0.811795 9.9964E-05 0.00085958 9.9964E-05
0.0393573 0.687866 0.0795212 0.126067 0.0157564 9.9982E-05 9.9982E-05 0.0512319
0.183074 0.0995803 9.9982E-05 0.398144 0.12705 0.0106248 9.9982E-05 0.181327
0.0299932 9.9991E-05 0.00167723 0.474344 0.242014 0.0960673 0.120748 0.0350568
0.0428897 0.162746 0.0185558 0.652155 9.9982E-05 0.022581 0.100873 9.9982E-05
9.9982E-05 0.352222 0.0464545 0.447309 0.0121963 0.0837297 9.9982E-05 0.0578889
0.139495 0.329176 0.0945001 0.276089 9.9982E-05 0.146865 0.0136752 9.9982E-05
9.9964E-05 0.67634 0.0960046 9.9964E-05 0.110216 0.117039 9.9964E-05 9.9964E-05
0.0393195 0.225963 0.153427 0.422693 0.0699512 9.9991E-05 0.0512076 0.0373392
0.168847 0.487597 0.122979 0.0855224 0.123476 9.9982E-05 0.0113785 9.9982E-05
0.0587878 0.233412 0.0606023 0.351106 0.0599654 0.184293 9.9991E-05 0.0517327
0.160939 0.605288 0.0718699 0.0118475 0.130278 9.9982E-05 0.0195776 9.9982E-05
0.0337106 0.171262 0.0772497 0.595154 0.100404 0.0110885 0.0108206 0.000310461
0.100154 0.673618 9.9982E-05 0.107548 0.092446 0.00725378 0.0187795 9.9982E-05
0.0879389 0.324346 0.0174757 0.2775 0.0644596 0.200506 9.9991E-05 0.0276736
0.0963133 0.0801126 0.136803 0.39036 0.00409995 0.160067 0.1007 0.031545
0.089376 0.0762815 0.0800121 0.320549 9.9973E-05 0.433481 9.9973E-05 9.9973E-05
9.9964E-05 0.173268 9.9964E-05 0.564886 0.0256134 0.235833 9.9964E-05 9.9964E-05
0.00565942 9.9973E-05 0.0710544 0.620308 0.0673357 0.235343 9.9973E-05 9.9973E-05
0.0363056 0.0196009 0.0423058 0.361612 9.9982E-05 0.401232 9.9982E-05 0.138743
0.107783 0.0573775 0.062096 0.508499 0.0943534 0.129903 9.9991E-05 0.0398886
0.0903727 9.9982E-05 0.134049 0.529842 0.0217484 0.189264 9.9982E-05 0.0345237
0.115907 9.9973E-05 0.0759913 0.0693743 9.9973E-05 0.570853 9.9973E-05 0.167575
0.0443939 9.9973E-05 0.0416804 0.273641 9.9973E-05 0.549545 9.9973E-05 0.0904396
0.101252 9.9973E-05 0.0360087 0.547156 9.9973E-05 0.270211 9.9973E-05 0.0450717
0.0627462 0.114327 0.0445914 0.160062 9.9982E-05 0.460434 9.9982E-05 0.157639
9.9973E-05 0.172995 0.0226728 0.422844 9.9973E-05 0.337386 9.9973E-05 0.0438021
9.9973E-05 0.731525 0.111624 9.9973E-05 9.9973E-05 0.0402815 0.0527957 0.0634731
0.298563 0.332454 0.00670395 0.225335 9.9982E-05 0.0517271 9.9982E-05 0.0850176
0.00871319 0.455307 0.0677484 0.285361 9.9982E-05 9.9982E-05 0.109349 0.073321
9.9973E-05 0.250507 0.104096 0.55652 9.9973E-05 9.9973E-05 0.0436945 0.0448827
0.0704186 0.562168 0.112113 0.163731 9.9973E-05 9.9973E-05 9.9973E-05 0.0912699
0.071883 0.108053 0.0736399 0.432787 0.0284282 0.0734145 0.0861523 0.125642
9.9991E-05 0.201847 0.0754334 0.401633 0.0602006 0.0460066 0.123825 0.0909552
0.0257246 0.357138 0.10128 0.455718 9.9973E-05 9.9973E-05 0.0598395 9.9973E-05
0.058815 0.289386 0.0797819 0.432373 0.0748864 9.9991E-05 0.0428488 0.021808
0.0458343 0.280688 0.108857 0.356492 0.0131582 9.9991E-05 0.00439777 0.190472
9.9973E-05 0.631076 0.0773193 0.155699 9.9973E-05 9.9973E-05 0.0875532 0.0480531
0.0858203 0.316905 0.172936 0.250486 9.9982E-05 9.9982E-05 0.0941036 0.0795492
0.0957439 0.280347 0.0604384 0.524679 9.9982E-05 9.9982E-05 0.0174654 0.021127
0.118247 0.291402 9.9982E-05 0.48614 9.9982E-05 0.0672713 0.0115007 0.0252389
0.222986 0.272624 0.0928938 0.352799 0.0113963 0.0471005 9.9982E-05 9.9982E-05
0.176277 0.233979 0.0871681 0.447805 9.9973E-05 9.9973E-05 0.0544709 9.9973E-05
9.9982E-05 0.381031 0.132597 0.31412 0.0927759 0.051652 0.0276242 9.9982E-05
9.9964E-05 0.295591 0.0672579 0.575136 9.9964E-05 9.9964E-05 9.9964E-05 0.0616161
0.0875939 0.339641 0.081042 0.392316 0.0259779 9.9982E-05 0.0732299 9.9982E-05
0.0199585 0.372451 0.0445666 0.325146 0.0398348 0.0417074 0.113605 0.042731
9.9973E-05 0.0883931 9.9973E-05 0.408691 0.316554 0.0893909 0.0966714 9.9973E-05
0.0359733 9.9982E-05 9.9982E-05 0.451996 0.0966492 0.109346 0.219075 0.0867608
0.085883 0.117991 9.9991E-05 0.397931 0.116045 0.0392354 0.156148 0.0866654
0.126753 0.0877309 9.9991E-05 0.552599 0.0641485 0.00231516 0.131568 0.0347853
0.0534231 0.091453 9.9982E-05 0.353177 0.174676 9.9982E-05 0.230045 0.0970257
0.159391 0.326641 9.9964E-05 0.470337 9.9964E-05 0.0432323 9.9964E-05 9.9964E-05
9.9973E-05 0.0420599 9.9973E-05 0.561428 0.212863 9.9973E-05 0.103576 0.0797727
9.9973E-05 0.0972668 9.9973E-05 9.9973E-05 0.229204 0.45408 0.133604 0.0855461
0.0487364 0.221633 9.9982E-05 0.441657 0.0571697 0.0374274 0.193177 9.9982E-05
0.0786986 0.0286331 0.00234375 0.427338 0.0858345 0.0664122 0.280065 0.0306747
0.161897 0.173598 9.9973E-05 0.374081 9.9973E-05 9.9973E-05 0.267406 0.0227192
9.9991E-05 0.156331 0.00034863 0.237318 0.126412 0.19065 0.160706 0.128135
0.00232648 0.105889 9.9982E-05 0.513283 0.123394 0.114809 0.140099 9.9982E-05
0.0917305 0.0116029 9.9982E-05 0.531285 0.171332 0.100049 0.0938007 9.9982E-05
9.9964E-05 9.9964E-05 9.9964E-05 9.9964E-05 0.454539 0.360573 0.181026 0.00346185
0.000920867 0.0140198 0.127846 0.498702 0.106181 0.0227038 0.200012 0.0296149
0.0579629 0.0188689 9.9991E-05 0.528877 0.127888 0.0286799 0.210652 0.0269713
0.0488274 0.0364632 9.9991E-05 0.511656 0.12434 0.0916392 0.0567515 0.130222
0.0359898 0.0288697 9.9982E-05 0.481302 0.183466 0.0630264 0.207147 9.9982E-05
0.0500103 0.0938075 0.0221601 0.51149 0.176048 0.00628406 0.136818 0.0033822
0.428379 9.9982E-05 0.019855 0.367722 0.0206152 9.9982E-05 0.0300074 0.133221
0.306418 0.106161 0.0308985 0.438824 0.0457779 9.9991E-05 0.0543641 0.0174567
0.721036 0.0767442 9.9964E-05 9.9964E-05 9.9964E-05 0.0725609 9.9964E-05 0.129259
0.936195 0.0242774 0.00279908 9.9964E-05 9.9964E-05 9.9964E-05 9.9964E-05 0.0363286
0.453775 0.0658614 9.9973E-05 0.369467 0.0137159 9.9973E-05 0.0968813 9.9973E-05
0.124515 0.0478657 9.9982E-05 0.361526 0.1554 0.0267187 0.283774 9.9982E-05
0.2823 9.9973E-05 9.9973E-05 0.28307 0.127553 0.00287476 0.303902 9.9973E-05
0.115568 9.9973E-05 9.9973E-05 0.156959 0.189469 0.262123 0.275581 9.9973E-05
0.222277 0.0546516 9.9973E-05 0.286231 0.184178 9.9973E-05 0.252362 9.9973E-05
0.738977 9.9964E-05 9.9964E-05 9.9964E-05 0.0465015 0.149847 0.064275 9.9964E-05
0.675613 9.9973E-05 9.9973E-05 0.111311 0.140454 0.00721684 0.0651053 9.9973E-05
0.420374 0.0151737 0.00151967 0.43974 9.9973E-05 9.9973E-05 0.122892 9.9973E-05
0.493486 9.9964E-05 9.9964E-05 0.410885 0.0257742 9.9964E-05 0.0694547 9.9964E-05
0.717976 9.9964E-05 9.9964E-05 0.109781 0.0383583 9.9964E-05 0.133485 9.9964E-05
0.329631 9.9982E-05 0.00342026 0.507118 0.059958 9.9982E-05 0.0955191 0.00415396
0.286721 9.9973E-05 0.0342497 0.538764 9.9973E-05 0.0258766 0.114088 9.9973E-05
0.230629 0.0505617 9.9991E-05 0.405044 0.110665 0.0341568 0.0898734 0.0789691
0.576234 0.0190985 0.0526866 0.256904 0.0298763 9.9982E-05 9.9982E-05 0.0650008
0.506354 0.105107 9.9982E-05 0.222979 0.00483303 9.9982E-05 0.104921 0.0556054
0.378789 9.9982E-05 0.0198949 0.455378 0.0461062 9.9982E-05 0.0336561 0.0659762
0.373243 9.9982E-05 0.113958 0.27217 9.9982E-05 0.00340364 0.177013 0.0600126
0.177078 0.151502 0.0263401 0.371955 9.9991E-05 0.155917 0.0877805 0.0293263
0.449349 0.0236202 0.00457796 0.42551 9.9973E-05 0.0966433 9.9973E-05 9.9973E-05
0.755078 9.9955E-05 0.0706085 0.173813 9.9955E-05 9.9955E-05 9.9955E-05 9.9955E-05
0.367288 9.9973E-05 9.9973E-05 0.473232 0.0376805 0.0355706 9.9973E-05 0.0859285
0.718652 0.0260298 9.9964E-05 0.126089 9.9964E-05 9.9964E-05 9.9964E-05 0.128829
0.531384 0.0290843 0.0263869 0.358483 9.9982E-05 0.0360174 9.9982E-05 0.0184442
0.193027 0.040021 9.9991E-05 0.535272 0.0576407 0.0127124 0.0454741 0.115753
0.404159 0.00962431 9.9973E-05 0.496893 0.026236 9.9973E-05 9.9973E-05 0.0627875
0.152672 0.0302008 9.9991E-05 0.37872 0.162651 0.014358 0.154118 0.107181
0.0698768 0.0446177 0.0886221 0.278997 0.103957 0.191882 0.221948 9.9991E-05
0.0674425 9.9991E-05 0.0963917 0.285226 0.174858 0.100163 0.254636 0.0211828
0.102113 0.0835453 0.0719473 0.291354 0.141181 0.0389357 0.270824 9.9991E-05
9.9991E-05 0.0063751 0.11622 0.423029 0.146024 0.0888322 0.1819 0.03752
0.183373 9.9991E-05 0.0790457 0.389872 0.125207 0.0295645 0.171626 0.0212114
0.62262 9.9973E-05 0.0184089 9.9973E-05 0.171189 0.0770533 0.110429 9.9973E-05
0.175954 9.9973E-05 0.0193878 0.567537 0.0438981 9.9973E-05 0.192923 9.9973E-05
0.394227 9.9964E-05 9.9964E-05 9.9964E-05 0.383227 0.141218 0.0809281 9.9964E-05
0.29182 9.9964E-05 9.9964E-05 0.500851 0.0483074 9.9964E-05 0.158622 9.9964E-05
0.722347 9.9964E-05 9.9964E-05 0.0229834 9.9964E-05 0.051433 9.9964E-05 0.202837
0.851053 0.0224409 9.9964E-05 9.9964E-05 9.9964E-05 0.0073162 9.9964E-05 0.11879
0.414082 0.138942 9.9964E-05 0.39286 9.9964E-05 9.9964E-05 9.9964E-05 0.0537161
0.398247 9.9955E-05 9.9955E-05 0.580724 9.9955E-05 9.9955E-05 0.0205286 9.9955E-05
0.472788 0.023279 0.0117058 0.344889 9.9982E-05 0.026862 9.9982E-05 0.120277
0.435061 0.0371743 0.0139337 0.414719 9.9973E-05 9.9973E-05 9.9973E-05 0.0988114
0.531677 9.9946E-05 9.9946E-05 0.467724 9.9946E-05 9.9946E-05 9.9946E-05 9.9946E-05
0.042304 0.0369812 0.0215166 0.0699207 0.790462 0.0225251 0.00762352 0.00866723
0.0474965 0.0868469 0.0550927 9.9982E-05 0.689517 9.9982E-05 0.0894533 0.0313936
9.9955E-05 0.0912083 9.9955E-05 9.9955E-05 0.859789 9.9955E-05 0.0485034 9.9955E-05
9.9946E-05 9.9946E-05 9.9946E-05 0.0631027 0.936298 9.9946E-05 9.9946E-05 9.9946E-05
0.0472204 0.0257206 0.078053 0.403069 0.0576554 9.9991E-05 0.0122097 0.375972
9.9964E-05 0.0485098 9.9964E-05 0.404831 0.0908046 9.9964E-05 9.9964E-05 0.455455
0.0218554 9.9964E-05 9.9964E-05 0.433614 9.9964E-05 9.9964E-05 0.0118839 0.532247
9.9982E-05 9.9982E-05 0.0181875 0.529521 0.102365 0.0160527 0.0272042 0.306469
9.9991E-05 0.0285326 0.0868999 0.464438 0.0770625 0.0676866 0.051474 0.223806
0.0411777 0.0795372 0.0878264 0.201589 0.0158634 0.0823696 0.00501879 0.486618
9.9964E-05 0.0937266 9.9964E-05 0.553588 9.9964E-05 9.9964E-05 0.00534884 0.346937
0.0301892 9.9973E-05 9.9973E-05 0.358192 0.00174817 0.145342 9.9973E-05 0.464228
0.114417 0.00317269 0.0201266 0.422354 0.281212 9.9991E-05 0.113149 0.0454691
0.119742 0.0260993 9.9973E-05 0.37275 9.9973E-05 9.9973E-05 0.120711 0.360398
9.9973E-05 0.0630647 0.0415637 0.31725 0.0123642 9.9973E-05 9.9973E-05 0.565457
0.0813397 9.9964E-05 0.0821203 0.492307 9.9964E-05 9.9964E-05 9.9964E-05 0.343833
9.9973E-05 0.102998 0.0302148 0.372358 0.00657424 9.9973E-05 9.9973E-05 0.487556
9.9964E-05 9.9964E-05 0.023853 0.510218 9.9964E-05 9.9964E-05 0.0112224 0.454307
0.0268597 9.9973E-05 0.0872427 0.548468 0.121139 9.9973E-05 9.9973E-05 0.21599
0.0517443 9.9964E-05 9.9964E-05 0.0527224 9.9964E-05 0.0259647 9.9964E-05 0.869169
0.0110823 0.105456 9.9982E-05 0.196457 9.9982E-05 0.0774399 0.0335581 0.575807
0.0268069 9.9973E-05 0.0218386 0.325962 9.9973E-05 0.0427283 9.9973E-05 0.582364
9.9946E-05 9.9946E-05 9.9946E-05 9.9946E-05 9.9946E-05 0.174595 9.9946E-05 0.824805
0.090324 0.135503 0.0476406 0.355732 9.9973E-05 9.9973E-05 9.9973E-05 0.3705
0.0104145 9.9973E-05 0.00101032 0.100285 9.9973E-05 0.280656 9.9973E-05 0.607333
0.0168879 9.9955E-05 9.9955E-05 9.9955E-05 9.9955E-05 0.24037 9.9955E-05 0.742242
0.0857318 0.0161122 9.9982E-05 0.476646 0.0300626 9.9982E-05 0.0772967 0.313951
0.0957286 0.221311 9.9982E-05 0.111388 0.02545 9.9982E-05 0.0532354 0.492686
9.9982E-05 0.12421 9.9982E-05 0.352516 0.0154544 0.0128037 0.0777608 0.417055
0.0107606 0.0899015 0.0369458 0.616065 0.0409796 0.0687551 0.0013944 0.135198
9.9982E-05 0.17129 0.0207701 0.445846 0.0208961 9.9982E-05 0.0375255 0.303472
0.053376 0.325114 0.0352181 0.351879 9.9991E-05 0.190076 0.00419564 0.0400413
9.9973E-05 0.108875 0.0127063 0.474485 9.9973E-05 9.9973E-05 0.0588994 0.344734
9.9973E-05 0.214659 9.9973E-05 0.38272 0.0131036 9.9973E-05 0.023539 0.365678
9.9955E-05 9.9955E-05 9.9955E-05 0.310739 9.9955E-05 0.0751991 9.9955E-05 0.613562
9.9973E-05 9.9973E-05 0.118163 0.534784 0.0359254 0.0613903 9.9973E-05 0.249437
9.9964E-05 0.141838 0.171662 9.9964E-05 0.588613 0.0974876 9.9964E-05 9.9964E-05
9.9982E-05 0.0611311 0.0344876 0.0339924 0.750353 0.0267203 9.9982E-05 0.0931158
9.9964E-05 0.0898106 0.0559167 9.9964E-05 0.805745 0.0481279 9.9964E-05 9.9964E-05
0.0157783 9.9973E-05 0.147425 9.9973E-05 0.780602 0.0416571 9.9973E-05 0.0142375
9.9973E-05 0.0238759 0.165965 0.0555768 0.708477 0.0458062 9.9973E-05 9.9973E-05
9.9973E-05 0.216809 9.9973E-05 0.0455817 0.0449313 9.9973E-05 0.0360413 0.656337
0.0408503 0.143582 0.00907657 0.0457309 0.0818284 9.9982E-05 9.9982E-05 0.678732
0.0196466 9.9973E-05 9.9973E-05 0.0973273 9.9973E-05 0.103261 0.0261246 0.753341
9.9964E-05 9.9964E-05 9.9964E-05 0.517599 0.104459 9.9964E-05 0.0994669 0.278075
0.115775 0.0847778 0.0366183 0.486259 0.0628032 9.9991E-05 0.0928572 0.120809
9.9973E-05 9.9973E-05 9.9973E-05 0.261565 0.0299053 0.0490825 0.0240057 0.635142
0.00281225 9.9982E-05 0.059401 0.590388 9.9982E-05 0.0325683 0.041293 0.273338
0.0463926 9.9991E-05 0.00779108 0.403272 0.00500311 0.0301708 0.0400301 0.467241
9.9982E-05 0.11325 0.0176066 0.525042 0.0402405 0.0170328 9.9982E-05 0.286629
0.0392658 9.9973E-05 0.110294 0.569987 9.9973E-05 9.9973E-05 0.0482116 0.231942
9.9982E-05 0.0837999 0.0890232 0.150025 9.9982E-05 0.0032072 0.0439407 0.629804
9.9973E-05 0.0747551 0.0125943 0.317042 9.9973E-05 9.9973E-05 0.00176835 0.59354
9.9964E-05 0.117884 0.0619183 0.260376 9.9964E-05 9.9964E-05 9.9964E-05 0.559422
0.0375603 0.0209228 0.0813522 0.52753 0.0680554 0.220866 0.0156864 0.0280271
0.02788 0.0165029 9.9973E-05 0.37558 0.0286426 9.9973E-05 9.9973E-05 0.551095
9.9991E-05 0.108061 0.0105323 0.405039 0.0304378 0.0752306 0.0770662 0.293533
9.9991E-05 0.00856844 0.00453163 0.415636 0.0404767 0.088848 0.408378 0.0334607
0.0554094 0.00582359 9.9991E-05 0.337502 0.0640247 0.0845608 0.439098 0.0134817
0.0076054 9.9991E-05 0.00635683 0.408883 0.100996 0.0671545 0.387103 0.0218021
9.9964E-05 9.9964E-05 9.9964E-05 0.280821 0.100189 0.158818 0.459772 9.9964E-05
0.0977516 0.0516311 0.0157952 0.47225 0.0808688 0.0174173 0.264186 9.9991E-05
9.9973E-05 9.9973E-05 9.9973E-05 0.399448 0.00367883 0.15022 0.0716408 0.374713
9.9982E-05 0.052329 0.00417318 0.0498403 0.237061 0.0119218 0.644474 9.9982E-05
0.0713678 0.047659 9.9991E-05 0.233458 0.148474 0.0193651 0.455474 0.0241021
0.0486533 9.9991E-05 0.0308039 0.40629 0.0903809 0.173887 0.132585 0.1173
9.9964E-05 0.133953 9.9964E-05 0.549685 0.129188 0.186774 9.9964E-05 9.9964E-05
0.0319411 0.0891301 0.0864213 0.357648 0.0119692 0.343107 0.0796836 9.9991E-05
9.9991E-05 0.0162081 0.0402336 0.553211 0.0540604 0.253339 0.0089175 0.07393
9.9973E-05 0.0696022 9.9973E-05 0.50135 0.203988 0.148223 9.9973E-05 0.0765372
9.9955E-05 9.9955E-05 9.9955E-05 0.433013 0.190974 9.9955E-05 0.375513 9.9955E-05
0.00215749 0.0864639 0.0287933 0.295917 0.0891834 0.0116568 0.385693 0.100135
9.9964E-05 9.9964E-05 9.9964E-05 0.430384 0.0918128 0.00634471 0.471059 9.9964E-05
0.0725424 0.0142322 0.00758215 0.447165 0.137867 0.040289 0.250351 0.0299712
0.0731789 9.9973E-05 9.9973E-05 0.268859 0.0926509 9.9973E-05 0.507569 0.0574416
0.0377116 0.106259 9.9991E-05 0.287945 0.0918086 0.0323651 0.421457 0.022354
0.0756602 0.0693802 0.000151651 0.177882 0.0965488 0.000396711 0.57988 9.9991E-05
0.00891956 0.109282 0.0360303 0.365099 0.0130218 0.0277888 0.437933 0.00192568
9.9973E-05 9.9973E-05 0.0536123 0.54352 0.0251875 0.350847 9.9973E-05 0.0265337
9.9973E-05 9.9973E-05 0.153502 0.267868 0.172173 0.0454655 0.360692 9.9973E-05
9.9973E-05 9.9973E-05 0.0302986 0.155729 0.108581 0.0826694 0.622423 9.9973E-05
0.0459166 0.00471507 0.0142816 0.366175 0.149794 0.00937732 0.345245 0.0644949
9.9982E-05 0.22637 0.12478 0.230958 0.0915864 0.295514 9.9982E-05 0.0305903
9.9964E-05 0.111655 9.9964E-05 0.558423 9.9964E-05 0.292065 0.0374568 9.9964E-05
0.00468718 0.0714446 0.0231198 0.325879 0.0786216 0.0525822 0.320075 0.12359
0.0706699 0.0416757 0.0944891 0.588302 0.111049 0.0936135 9.9982E-05 9.9982E-05
9.9982E-05 0.0798253 0.0534412 0.469707 0.136656 0.184757 9.9982E-05 0.0754128
9.9982E-05 9.9982E-05 0.0127769 0.249404 0.138577 0.0959787 0.287723 0.215341
0.179063 9.9982E-05 0.00877584 0.297208 0.215252 0.0298603 0.269642 9.9982E-05
0.00297053 9.9991E-05 0.108378 0.495683 0.0594716 0.0947728 0.142987 0.095636
0.0385342 9.9982E-05 9.9982E-05 0.309143 0.106378 0.0755998 0.380714 0.0894306
0.00501722 9.9982E-05 0.0648612 0.410174 0.0949675 0.0270925 0.397687 9.9982E-05
0.0189081 9.9973E-05 9.9973E-05 0.174917 0.20988 0.0266572 0.569338 9.9973E-05
0.167174 9.9991E-05 0.077874 0.520064 0.113527 0.0151979 0.0433663 0.0626973
9.9982E-05 0.139998 0.00397931 0.448823 0.0995538 0.270789 9.9982E-05 0.0366572
0.0295495 9.9982E-05 0.0704284 0.21002 0.0639607 0.617419 0.00842263 9.9982E-05
9.9982E-05 0.145826 9.9982E-05 0.577088 0.0941306 0.10687 0.0381532 0.0377318
0.0490364 0.309052 0.0513612 0.334296 0.0666515 0.163613 0.00925695 0.0167329
9.9982E-05 0.126626 9.9982E-05 0.289836 0.186844 0.16545 0.201924 0.0291193
0.165507 9.9991E-05 0.0976339 0.411755 0.0831161 0.159179 0.0730184 0.00969077
9.9964E-05 9.9964E-05 0.0032556 9.9964E-05 0.230832 0.60787 0.157643 9.9964E-05
9.9955E-05 9.9955E-05 9.9955E-05 9.9955E-05 0.236839 0.684566 0.0780951 9.9955E-05
