0.0151932 0.808417 0.0296258 0.0881107 0.0458259 0.0126272 9.9982E-05 9.9982E-05
9.9964E-05 0.907771 9.9964E-05 0.0294856 0.0116216 9.9964E-05 9.9964E-05 0.0507224
0.122043 0.745883 0.0467261 9.9964E-05 0.0849481 9.9964E-05 9.9964E-05 9.9964E-05
0.0540039 0.735036 0.0616981 0.105891 0.0430709 9.9973E-05 9.9973E-05 9.9973E-05
0.0435982 0.876539 0.0374578 9.9973E-05 9.9973E-05 0.0416288 9.9973E-05 0.000476028
9.9973E-05 0.595332 0.0726325 0.0751228 9.9973E-05 0.253596 0.00301604 9.9973E-05
9.9955E-05 0.793115 9.9955E-05 9.9955E-05 0.0281912 0.178194 9.9955E-05 9.9955E-05
0.00686313 0.655143 0.0532993 0.0561482 0.00703786 0.221309 9.9982E-05 9.9982E-05
9.9982E-05 0.804309 9.9982E-05 0.0735466 0.0116684 0.0169677 0.073019 0.0202894
0.0927662 0.68039 0.00983185 9.9973E-05 0.0317679 0.184944 9.9973E-05 9.9973E-05
0.0400844 0.694332 9.9973E-05 0.0671214 0.00984573 0.188316 9.9973E-05 9.9973E-05
0.253566 9.9973E-05 0.0883911 0.463074 9.9973E-05 0.0956777 0.0989918 9.9973E-05
0.598024 0.0507686 9.9991E-05 0.273264 0.0115445 0.00119207 0.0519895 0.0131175
0.255647 9.9982E-05 0.0810436 0.427948 0.0334154 9.9982E-05 0.0377185 0.164027
0.246751 0.00988193 0.193205 0.318535 0.0211488 0.0111806 0.0342318 0.165067
0.43426 0.175753 0.0751543 0.162618 9.9991E-05 0.0527835 0.0122295 0.087102
0.578728 9.9991E-05 0.0917538 0.170158 0.0315682 0.0160231 0.025726 0.0859431
0.427606 9.9991E-05 0.035722 0.198756 0.0536785 0.0351105 0.223208 0.0258182
0.367244 0.128677 0.0214619 0.322617 9.9973E-05 9.9973E-05 0.159699 9.9973E-05
9.9991E-05 0.0202886 0.0805291 0.612521 0.0281318 0.122251 0.0220394 0.114139
0.361958 0.037296 0.10818 0.253384 0.00998762 0.00580971 0.204784 0.0186004
0.45763 9.9991E-05 0.0273158 0.223806 0.029286 0.129707 0.0248245 0.107331
0.544179 0.0233436 0.0223636 0.258029 0.0264748 0.0617747 0.0637347 9.9991E-05
0.23149 9.9991E-05 0.13743 0.291352 0.0414096 0.0809854 0.178321 0.0389115
0.5497 0.0883091 0.0865557 0.107843 0.0404026 0.0737776 0.0533124 9.9991E-05
0.498999 9.9991E-05 0.0816346 0.18251 0.0559391 0.0716847 0.102678 0.00645499
0.16267 0.015645 0.126577 0.439437 9.9991E-05 0.0881307 0.118687 0.0487532
0.224528 9.9973E-05 0.206356 0.416369 9.9973E-05 0.0401043 0.112343 9.9973E-05
0.325381 0.00429118 9.9982E-05 0.370644 9.9982E-05 0.146218 0.0717439 0.0815221
9.994E-05 9.994E-05 9.994E-05 9.994E-05 0.9993 9.994E-05 9.994E-05 9.994E-05
9.994E-05 9.994E-05 9.994E-05 9.994E-05 0.9993 9.994E-05 9.994E-05 9.994E-05
0.050764 0.476175 0.0205817 9.9973E-05 0.384718 9.9973E-05 0.0674608 9.9973E-05
0.0592902 0.513423 0.0455836 9.9973E-05 0.243728 9.9973E-05 0.137676 9.9973E-05
0.527479 0.0146268 0.00577476 0.0770118 0.0091535 0.0594574 0.220588 0.0859088
0.577772 0.101541 9.9973E-05 9.9973E-05 0.0268223 9.9973E-05 0.277891 0.0156743
0.502995 0.0166362 0.0664618 9.9982E-05 0.0290525 0.0519602 0.332695 9.9982E-05
0.206114 0.105719 9.9982E-05 0.556695 9.9982E-05 0.00442944 0.121612 0.00523102
0.304198 0.0103634 0.0266095 0.00582488 0.0304232 9.9991E-05 0.60378 0.0187007
0.517039 0.0526194 0.0203928 0.123034 0.00809588 9.9991E-05 0.23755 0.0411693
0.646962 0.0443846 0.0230079 9.9982E-05 0.00673199 9.9982E-05 0.227951 0.0507629
0.580969 0.0590029 9.9973E-05 0.0931469 0.00554183 0.261039 9.9973E-05 9.9973E-05
0.568064 0.0229063 9.9982E-05 0.111752 0.104684 0.0709635 0.12143 9.9982E-05
0.161511 9.9964E-05 9.9964E-05 0.118801 0.0399417 9.9964E-05 0.679347 9.9964E-05
0.519461 0.0370864 0.0793977 0.00127643 9.9982E-05 0.27315 0.0894283 9.9982E-05
0.477567 0.0193831 0.0640968 9.9973E-05 9.9973E-05 0.121882 0.316771 9.9973E-05
0.524079 0.202145 0.0262467 0.0569041 0.0503391 9.9991E-05 0.0909755 0.0492114
0.33591 9.9955E-05 9.9955E-05 9.9955E-05 9.9955E-05 9.9955E-05 0.601858 0.0617317
0.588722 0.0169406 0.0114805 9.9982E-05 0.0656604 0.0945545 0.222442 9.9982E-05
0.460966 0.0641495 0.138979 9.9982E-05 0.0442327 0.0958158 0.195657 9.9982E-05
9.9964E-05 0.102464 9.9964E-05 9.9964E-05 9.9964E-05 0.120435 0.660581 0.11612
0.154095 9.9982E-05 0.00851145 0.455687 9.9982E-05 0.102633 0.205782 0.0730902
0.00714605 0.0021676 0.0560783 0.190981 9.9991E-05 0.298451 0.148693 0.296383
0.556029 9.9973E-05 0.0585011 0.212197 0.0737066 9.9973E-05 9.9973E-05 0.0992665
0.625484 0.101237 9.9982E-05 0.0673361 0.0420559 0.0356518 9.9982E-05 0.128035
0.528491 0.0407086 0.139585 0.126333 9.9991E-05 0.064093 0.070065 0.030625
0.161874 0.0410101 9.9991E-05 0.34302 0.0269119 0.0497135 0.18174 0.19563
0.611029 9.9982E-05 9.9982E-05 0.220186 0.0375887 0.0144118 0.10714 0.00944444
0.601308 0.0479881 0.0744883 0.144449 9.9973E-05 0.131466 9.9973E-05 9.9973E-05
0.332044 0.0661932 9.9991E-05 0.274792 0.0541439 0.132723 0.113658 0.0263451
0.0106702 0.157105 0.0833863 0.365392 0.0300196 0.146842 0.0819952 0.12459
0.517527 0.112848 0.0240234 0.0983928 0.0399061 0.0286501 0.158203 0.0204493
0.391948 0.0121518 0.0761852 0.262178 0.0141515 9.9991E-05 0.0810212 0.162264
9.9973E-05 9.9973E-05 9.9973E-05 0.538603 0.0431011 0.171129 0.189981 0.0568863
0.45978 9.9982E-05 0.0179327 0.261887 9.9982E-05 0.0434393 0.141457 0.075303
0.674854 0.0434451 0.05948 0.0431919 0.0118234 0.0709605 0.0472502 0.0489954
0.476716 9.9982E-05 0.109485 0.181167 0.0380184 0.119922 9.9982E-05 0.0744913
0.341027 0.027961 0.0246699 0.219348 0.0268028 0.000482664 0.189214 0.170494
0.509458 9.9991E-05 0.0329739 0.149227 0.0324119 0.0396834 0.141228 0.0949171
0.612736 0.0578664 9.9982E-05 0.165468 0.053206 9.9982E-05 0.0531597 0.0573639
0.287684 9.9973E-05 9.9973E-05 0.414695 0.0545398 9.9973E-05 0.103389 0.139392
0.51213 9.9964E-05 9.9964E-05 0.0310857 9.9964E-05 0.0215359 0.434848 9.9964E-05
0.176676 9.9964E-05 9.9964E-05 0.0917798 0.0189674 9.9964E-05 0.712177 9.9964E-05
0.554447 0.101817 0.0135802 0.13487 9.9991E-05 0.022483 0.151156 0.0215473
9.9946E-05 9.9946E-05 9.9946E-05 9.9946E-05 9.9946E-05 0.119584 0.879816 9.9946E-05
9.9964E-05 9.9964E-05 9.9964E-05 0.0212648 9.9964E-05 0.0463916 0.826875 0.105069
0.266651 9.9955E-05 0.0141523 9.9955E-05 9.9955E-05 9.9955E-05 0.718697 9.9955E-05
0.32168 9.9973E-05 9.9973E-05 0.126891 0.0523473 0.0605469 0.438235 9.9973E-05
0.570636 0.194043 9.9973E-05 0.077786 9.9973E-05 0.00388057 0.153355 9.9973E-05
0.333787 9.9991E-05 0.0332854 0.105803 0.0228862 0.0231796 0.454857 0.0261027
0.196878 0.0306844 9.9973E-05 0.14537 0.00222115 9.9973E-05 0.624547 9.9973E-05
0.246757 0.0729254 9.9973E-05 0.218647 0.0171782 9.9973E-05 0.444192 9.9973E-05
0.613609 0.103751 0.0559549 0.0742625 0.0115541 9.9991E-05 0.0273464 0.113423
0.244374 0.0360055 0.0320716 0.0591861 0.0246044 0.0438123 0.559846 9.9991E-05
0.403454 0.0645697 0.00132583 0.0575966 0.0207001 9.9982E-05 0.452154 9.9982E-05
0.349957 0.0326924 9.9982E-05 9.9982E-05 0.0275462 0.0501791 0.4897 0.0497255
9.9973E-05 0.00791821 9.9973E-05 0.049917 9.9973E-05 0.163013 0.657769 0.121083
0.595787 9.9973E-05 9.9973E-05 0.060785 0.0569118 0.0463375 0.239879 9.9973E-05
0.116987 0.765041 0.0217272 0.0655288 0.0304156 9.9973E-05 9.9973E-05 9.9973E-05
0.0876334 0.785231 9.9955E-05 9.9955E-05 0.126636 9.9955E-05 9.9955E-05 9.9955E-05
0.082222 0.762443 0.0497589 9.9964E-05 0.105176 9.9964E-05 9.9964E-05 9.9964E-05
0.0812024 0.826633 9.9955E-05 9.9955E-05 0.0916649 9.9955E-05 9.9955E-05 9.9955E-05
0.10481 0.797239 9.9964E-05 9.9964E-05 0.0795136 0.018037 9.9964E-05 9.9964E-05
0.0377416 0.842982 0.0492807 0.0136909 0.0560051 9.9973E-05 9.9973E-05 9.9973E-05
0.0320807 0.855056 0.0351038 9.9964E-05 0.0773595 9.9964E-05 9.9964E-05 9.9964E-05
0.353823 0.0746655 0.154972 0.103527 0.00833579 0.0784494 0.182144 0.0440835
0.596566 9.9982E-05 0.0694709 0.0852604 0.0967445 0.0116709 0.140088 9.9982E-05
0.0576417 0.0514881 9.9973E-05 0.0729079 9.9973E-05 9.9973E-05 0.802683 0.0149793
0.526174 0.0499146 0.0768681 9.9991E-05 0.0355821 0.101311 0.150797 0.059253
0.415947 0.00238919 0.00640621 0.112132 0.0318301 0.016711 0.414485 9.9991E-05
0.646028 0.0628172 9.9973E-05 9.9973E-05 0.0166117 9.9973E-05 0.263722 0.0105216
0.487836 0.0108403 9.9973E-05 9.9973E-05 0.0393492 9.9973E-05 0.336117 0.125558
0.403984 9.9964E-05 0.0919995 9.9964E-05 0.0201192 9.9964E-05 0.483497 9.9964E-05
9.9964E-05 0.0603985 9.9964E-05 0.157993 9.9964E-05 9.9964E-05 0.776091 0.0051183
0.429816 0.119296 0.141988 0.0901926 9.9991E-05 0.023212 0.0485578 0.146837
0.6145 0.0649853 0.0420614 9.9982E-05 9.9982E-05 0.0122649 0.237177 0.0288106
0.54045 0.012162 0.0845618 0.106059 0.0325168 0.0372147 0.126497 0.0605385
0.300791 9.9973E-05 9.9973E-05 9.9973E-05 0.0202593 0.175808 0.479738 0.0231031
0.460722 0.00577681 9.9973E-05 9.9973E-05 0.0502422 9.9973E-05 0.402925 0.0800332
0.424916 0.017444 0.0451025 0.0326013 9.9991E-05 0.0780519 0.401416 0.000368184
0.22102 9.9964E-05 0.127739 9.9964E-05 9.9964E-05 9.9964E-05 0.64466 0.00618071
0.428203 0.117001 9.9973E-05 0.0215463 9.9973E-05 0.0441068 0.388843 9.9973E-05
0.519466 0.1257 9.9982E-05 0.070882 0.0700851 9.9982E-05 0.181439 0.032228
0.270597 0.0427355 9.9991E-05 0.314761 0.0573419 0.000727652 0.0699213 0.243816
0.366927 0.0601475 0.0291692 0.241181 0.0803693 0.0971035 0.125003 9.9991E-05
0.612385 0.168453 0.00304431 0.108611 9.9991E-05 0.00759017 0.0433839 0.056432
0.562549 0.0720669 0.119148 0.122343 0.0259042 9.9982E-05 9.9982E-05 0.0977889
0.479385 0.00163421 9.9973E-05 0.320869 0.0647999 9.9973E-05 9.9973E-05 0.133012
0.586088 0.0482277 0.0182893 0.299404 9.9973E-05 9.9973E-05 9.9973E-05 0.0476911
0.492369 0.0385433 9.9973E-05 0.380808 0.00134903 9.9973E-05 9.9973E-05 0.0866308
0.510137 0.0447286 9.9991E-05 0.14097 0.0716973 0.00350214 0.0473467 0.181518
0.550342 0.0880182 0.00297401 0.179317 0.015426 0.0379302 0.0614429 0.0645498
0.570386 0.00914683 0.0252337 0.217574 0.0247635 0.025706 0.0359676 0.091223
0.553196 9.9973E-05 9.9973E-05 0.360645 0.0152587 9.9973E-05 0.000713132 0.0698875
0.599578 0.00460404 0.0517353 0.149545 9.9991E-05 0.088157 0.0615397 0.044741
0.508262 0.0255226 0.0805301 0.247628 9.9973E-05 9.9973E-05 9.9973E-05 0.137758
0.578615 9.9964E-05 0.105626 0.262396 9.9964E-05 9.9964E-05 9.9964E-05 0.0529639
0.507704 9.9982E-05 0.0950926 0.226531 0.032184 0.0331875 9.9982E-05 0.1051
0.529625 0.0341932 0.0667946 0.132648 9.9991E-05 0.0204292 0.0737497 0.14246
0.377855 0.0995826 0.0357072 0.301253 0.00316977 0.0247757 9.9991E-05 0.157556
0.69191 0.0202585 9.9982E-05 0.174168 9.9982E-05 0.0296187 0.0445139 0.0393306
0.682549 0.057298 0.0081998 0.126011 0.00409618 9.9982E-05 9.9982E-05 0.121645
0.168888 9.9982E-05 0.147099 0.345758 0.00446697 9.9982E-05 0.179811 0.153777
0.139121 9.9991E-05 0.0471795 0.326267 0.00608632 0.137122 0.0614107 0.282713
0.472972 0.0189572 0.00850206 0.221748 0.0203994 0.151023 0.0856323 0.0207658
0.0906219 9.9982E-05 0.040351 0.299614 9.9982E-05 0.118011 0.0734845 0.377718
0.262463 0.0326541 9.9982E-05 0.416546 0.0257993 9.9982E-05 0.116069 0.146269
0.441091 0.0328125 9.9973E-05 0.31732 9.9973E-05 9.9973E-05 0.128984 0.079493
0.362968 0.031319 9.9982E-05 0.442554 0.0307186 9.9982E-05 0.0961933 0.0360475
0.333517 0.00380767 9.9973E-05 0.440777 9.9973E-05 0.0526194 0.168978 9.9973E-05
0.659584 0.0972154 9.9973E-05 0.153979 0.042819 0.0461019 9.9973E-05 9.9973E-05
0.517182 0.113432 0.105696 0.121193 9.9973E-05 9.9973E-05 9.9973E-05 0.142196
0.538986 9.9982E-05 9.9982E-05 0.17548 0.101614 0.0247588 0.0373768 0.121584
0.117471 9.9991E-05 0.0557082 0.318143 0.0353015 0.110534 0.105577 0.257165
0.552246 0.0995399 9.9991E-05 0.0699345 0.0314327 0.103657 0.0264163 0.116673
0.488538 0.0413584 0.0674667 0.0174394 9.9991E-05 0.130499 0.136565 0.118034
9.9982E-05 0.151419 9.9982E-05 0.0579959 0.0314913 0.246956 0.181913 0.330025
0.586434 0.0830741 0.10384 9.9982E-05 9.9982E-05 0.00716527 0.0798239 0.139463
0.388931 0.132381 0.0291023 0.0546762 9.9991E-05 0.0774531 0.0612548 0.256101
0.569974 0.0640558 0.0375137 0.0218617 9.9985E-05 0.245453 9.9985E-05 0.0609424
0.243327 0.0318673 0.028314 0.0355163 0.0285445 0.408856 0.146957 0.0766181
0.1517 0.0279132 9.9982E-05 0.145005 9.9982E-05 0.371781 0.103575 0.199826
0.412413 0.017405 9.9982E-05 0.0893252 9.9982E-05 0.182948 0.0269068 0.270801
0.558149 0.104218 9.9991E-05 0.0721003 0.0293094 0.137913 0.0252751 0.0729357
0.356381 0.139133 0.118195 0.0902184 9.9991E-05 0.129972 0.0663639 0.0996367
9.9991E-05 0.053558 0.160676 0.0987573 0.014831 0.238389 0.229134 0.204555
0.514593 0.0751126 0.109951 0.105523 9.9991E-05 0.0750676 0.0902372 0.0294164
0.355163 9.9973E-05 9.9973E-05 0.102117 9.9973E-05 0.350815 0.096326 0.0952794
0.441507 9.9973E-05 9.9973E-05 0.0681297 9.9973E-05 0.238034 0.14692 0.10511
0.555327 0.0668852 0.115145 0.0664935 9.9991E-05 0.056645 0.0750458 0.0643582
0.115497 0.233903 0.241761 9.9982E-05 0.0720419 0.258119 9.9982E-05 0.0784791
9.9973E-05 0.49582 0.155546 9.9973E-05 0.0298922 0.27816 9.9973E-05 0.0402822
9.9973E-05 0.43582 0.138868 9.9973E-05 0.0212152 0.301865 9.9973E-05 0.101932
0.0491278 0.329972 0.344331 0.0142798 0.027667 0.234422 9.9982E-05 9.9982E-05
0.611281 9.9973E-05 9.9973E-05 9.9973E-05 0.0258408 0.317249 0.0310161 0.0143133
0.659453 0.103928 9.9991E-05 0.0259851 0.0032679 0.142535 0.0253208 0.03941
0.383621 9.9964E-05 0.594028 0.0039831 0.017968 9.9964E-05 9.9964E-05 9.9964E-05
0.247633 9.9973E-05 0.482485 0.178445 0.0174448 9.9973E-05 9.9973E-05 0.0736926
0.34337 0.13035 0.346853 0.0618705 0.0190523 9.9991E-05 0.0721374 0.026267
0.276601 9.9973E-05 9.9973E-05 9.9973E-05 0.00629348 0.405744 0.0884507 0.222611
0.430815 0.0377718 0.0533997 0.0571446 9.9991E-05 0.132009 0.146876 0.141884
0.211077 9.9973E-05 0.00589084 9.9973E-05 9.9973E-05 0.529481 0.0611063 0.192146
0.538849 0.0199762 9.9973E-05 9.9973E-05 9.9973E-05 0.278251 0.0800017 0.0826222
0.329267 0.0116733 9.9982E-05 9.9982E-05 0.0590137 0.23004 0.176027 0.193779
0.518565 9.9964E-05 0.0753692 9.9964E-05 9.9964E-05 0.383632 0.0220338 9.9964E-05
0.214524 9.9973E-05 9.9973E-05 0.0215205 9.9973E-05 0.474834 0.0502698 0.238551
0.557977 0.0663329 0.0901338 9.9982E-05 9.9982E-05 0.0962668 0.116564 0.0725258
0.609225 0.0752817 0.0193516 9.9982E-05 0.00874287 0.282836 9.9982E-05 0.00436286
9.9955E-05 9.9955E-05 0.983843 0.00924361 9.9955E-05 9.9955E-05 9.9955E-05 0.00641363
0.0257628 9.9964E-05 0.936598 0.031615 9.9964E-05 9.9964E-05 9.9964E-05 0.0056248
0.288829 0.0156733 0.548747 0.0235317 0.00769277 0.0400377 0.0753879 9.9991E-05
0.322981 9.9955E-05 0.668721 0.00779823 9.9955E-05 9.9955E-05 9.9955E-05 9.9955E-05
0.114667 9.9955E-05 0.809577 0.0752564 9.9955E-05 9.9955E-05 9.9955E-05 9.9955E-05
9.9946E-05 9.9946E-05 0.997962 9.9946E-05 0.00143868 9.9946E-05 9.9946E-05 9.9946E-05
9.9955E-05 9.9955E-05 0.940565 0.0413879 9.9955E-05 9.9955E-05 0.0175471 9.9955E-05
0.223918 9.9946E-05 0.775482 9.9946E-05 9.9946E-05 9.9946E-05 9.9946E-05 9.9946E-05
0.0436232 9.9964E-05 0.940072 0.0130906 0.00281392 9.9964E-05 9.9964E-05 9.9964E-05
9.994E-05 9.994E-05 0.9993 9.994E-05 9.994E-05 9.994E-05 9.994E-05 9.994E-05
9.9946E-05 9.9946E-05 0.978688 9.9946E-05 0.0207123 9.9946E-05 9.9946E-05 9.9946E-05
0.185586 0.0612847 0.689345 0.0157755 0.0477089 9.9973E-05 9.9973E-05 9.9973E-05
0.148662 0.116204 0.725075 0.00752886 0.00222929 9.9973E-05 9.9973E-05 9.9973E-05
9.9946E-05 9.9946E-05 0.943861 9.9946E-05 9.9946E-05 9.9946E-05 0.0555395 9.9946E-05
0.347253 0.0729115 0.402367 0.0821046 9.9973E-05 0.0950638 9.9973E-05 9.9973E-05
0.217009 0.0208866 0.655016 0.0766641 0.0254803 0.00207933 9.9991E-05 0.00276469
0.134918 9.9973E-05 0.758984 0.0429184 0.0403885 9.9973E-05 9.9973E-05 0.0224914
0.0665277 0.0154417 0.876747 0.0136413 0.0273428 9.9973E-05 9.9973E-05 9.9973E-05
0.00935585 0.0376863 0.949122 9.9964E-05 0.00343544 9.9964E-05 9.9964E-05 9.9964E-05
0.0564357 0.0205261 0.868085 9.9973E-05 0.0160002 9.9973E-05 0.038653 9.9973E-05
9.9946E-05 9.9946E-05 0.979139 9.9946E-05 0.020261 9.9946E-05 9.9946E-05 9.9946E-05
0.269316 0.0793623 0.561055 9.9973E-05 0.0606956 0.0292711 9.9973E-05 9.9973E-05
0.0230906 0.00421985 0.880649 0.00266711 0.0276665 9.9991E-05 0.0587667 0.00284022
9.9973E-05 0.294577 0.0123262 9.9973E-05 9.9973E-05 0.58346 0.0141718 0.0951645
0.321019 0.0962795 0.0777278 0.134164 0.0488723 0.298209 9.9991E-05 0.0236288
0.422417 0.163606 0.0915966 9.9991E-05 0.0259317 0.271692 0.0233475 0.00131002
0.0792201 0.155031 0.15263 9.9982E-05 0.0617794 0.504265 9.9982E-05 0.046875
0.495405 0.112151 0.0955161 9.9982E-05 0.0381215 0.250412 0.00819457 9.9982E-05
0.111494 0.215781 0.0843509 9.9991E-05 0.0448344 0.356476 0.0741173 0.112847
0.416792 0.200884 0.0447971 0.0603605 0.0220662 0.0789833 0.0905446 0.0855729
0.184737 0.10101 0.186669 9.9973E-05 9.9973E-05 0.47678 0.050504 9.9973E-05
0.397812 0.0722207 0.123317 0.0154894 0.0859769 0.304984 9.9982E-05 9.9982E-05
0.239274 0.128686 0.156357 9.9973E-05 0.0183488 0.457034 9.9973E-05 9.9973E-05
0.480261 0.217673 0.0568693 9.9991E-05 0.00122225 0.192825 0.0306799 0.02037
0.0235015 0.824348 9.9964E-05 0.0998136 9.9964E-05 0.0519369 9.9964E-05 9.9964E-05
9.9964E-05 0.872831 0.0394551 9.9964E-05 0.0537207 9.9964E-05 9.9964E-05 0.0335936
9.9964E-05 0.921762 9.9964E-05 0.0361914 0.0370763 9.9964E-05 0.00457035 9.9964E-05
0.0613577 0.91448 9.9964E-05 0.00547616 0.0182864 9.9964E-05 9.9964E-05 9.9964E-05
0.0522271 0.788374 0.0100172 0.0450576 0.104024 9.9973E-05 9.9973E-05 9.9973E-05
9.9964E-05 0.808824 0.0393093 9.9964E-05 0.0954137 9.9964E-05 9.9964E-05 0.0560535
0.0498072 0.826128 0.0603799 9.9964E-05 0.0632853 9.9964E-05 9.9964E-05 9.9964E-05
0.0402418 0.814005 9.9982E-05 9.9982E-05 0.0697321 0.0169059 0.0165091 0.0424066
0.0632928 0.923905 9.9955E-05 9.9955E-05 0.0123027 9.9955E-05 9.9955E-05 9.9955E-05
0.00928795 0.843335 0.0978282 0.00319217 0.0129909 9.9982E-05 9.9982E-05 0.033166
9.9973E-05 0.570712 9.9973E-05 0.248036 0.0531127 9.9973E-05 0.120299 0.00754001
9.9982E-05 0.603215 0.0137606 0.309508 0.0149783 9.9982E-05 0.0560511 0.00228732
9.9982E-05 0.514877 9.9982E-05 0.286991 0.0307489 0.0720963 0.011051 0.0840353
9.9973E-05 0.521905 9.9973E-05 0.2526 9.9973E-05 0.0549965 0.0905178 0.0796814
0.49528 0.0441944 9.9982E-05 0.159433 0.011349 0.0108786 0.278665 9.9982E-05
0.461774 9.9982E-05 0.0572653 0.036854 9.9982E-05 0.021419 0.342181 0.080306
0.554167 0.0548524 0.0223625 0.144709 0.00475401 9.9991E-05 0.193773 0.0252824
0.393645 0.027535 9.9991E-05 0.260282 0.0242208 0.00148262 0.254409 0.0383251
0.170913 9.9991E-05 0.0109019 0.613137 0.00825469 0.0371624 0.15428 0.00525162
0.588234 0.0218865 0.0286831 9.9991E-05 0.00582497 0.00475182 0.19763 0.15289
0.563795 9.9982E-05 0.0698876 0.00622821 9.9982E-05 0.0154101 0.298458 0.046021
0.514127 9.9973E-05 9.9973E-05 0.127432 9.9973E-05 0.0248152 0.210496 0.122829
0.262467 9.9973E-05 0.0794983 9.9973E-05 9.9973E-05 0.0509198 0.57076 0.0360553
0.673863 0.0109761 0.0347739 0.119783 0.0183213 0.142083 9.9982E-05 9.9982E-05
0.429611 9.9973E-05 9.9973E-05 0.210957 0.030964 9.9973E-05 0.252243 0.0759259
9.9955E-05 9.9955E-05 9.9955E-05 0.034974 9.9955E-05 9.9955E-05 0.657633 0.306893
0.598353 0.0862038 9.9973E-05 0.188209 0.0077283 9.9973E-05 0.119206 9.9973E-05
0.231041 0.02007 9.9991E-05 0.00392716 0.00968514 0.052208 0.479916 0.203053
0.53566 9.9955E-05 9.9955E-05 9.9955E-05 9.9955E-05 9.9955E-05 0.360576 0.103264
0.0997764 0.0615624 9.9973E-05 0.200353 9.9973E-05 9.9973E-05 0.624235 0.0137739
0.0103386 0.10359 9.9982E-05 0.66865 0.0194419 0.182303 0.0154764 9.9982E-05
0.0450851 0.0769625 9.9964E-05 0.666905 9.9964E-05 0.210648 9.9964E-05 9.9964E-05
9.9973E-05 0.0259704 9.9973E-05 0.773367 0.018486 0.179765 9.9973E-05 0.00211133
9.9964E-05 0.102719 9.9964E-05 0.768944 9.9964E-05 0.116797 0.0111406 9.9964E-05
9.9964E-05 9.9964E-05 0.0377112 0.767606 0.0236143 0.170669 9.9964E-05 9.9964E-05
0.077099 0.0770793 9.9964E-05 0.747983 9.9964E-05 0.0974385 9.9964E-05 9.9964E-05
0.071432 0.827631 0.0202068 9.9973E-05 0.0401564 9.9973E-05 0.0402735 9.9973E-05
0.0960833 0.803641 0.0169938 0.0727063 0.0102754 9.9973E-05 9.9973E-05 9.9973E-05
0.0937835 0.682213 0.14575 9.9973E-05 0.0678252 0.0101289 9.9973E-05 9.9973E-05
0.0673393 0.699853 0.105883 0.0902779 0.0363461 9.9973E-05 9.9973E-05 9.9973E-05
0.0818306 0.718788 0.0986934 0.0638227 9.9973E-05 0.036565 9.9973E-05 9.9973E-05
9.9964E-05 0.332508 9.9964E-05 0.531187 0.0189814 0.116924 9.9964E-05 9.9964E-05
9.9973E-05 0.468687 9.9973E-05 0.359285 9.9973E-05 0.0910476 0.0445698 0.0361107
9.9973E-05 0.427522 9.9973E-05 0.494857 0.00519164 9.9973E-05 0.028283 0.0438459
9.994E-05 9.994E-05 9.994E-05 9.994E-05 0.9993 9.994E-05 9.994E-05 9.994E-05
9.9973E-05 0.377929 9.9973E-05 0.472662 0.0119756 0.0559904 0.0811428 9.9973E-05
0.223464 0.180978 0.399023 9.9982E-05 0.0244695 0.0798095 9.9982E-05 0.0920561
0.548536 0.14322 0.150024 0.0623215 9.9982E-05 0.042533 0.0531649 9.9982E-05
0.541756 0.162479 0.27243 9.9964E-05 0.0229347 9.9964E-05 9.9964E-05 9.9964E-05
0.307853 0.223774 0.244527 0.0328503 9.9991E-05 0.140337 0.0313381 0.0192219
0.463893 0.0228089 0.209017 0.0676037 0.128224 0.0390359 0.0548445 0.0145741
9.9964E-05 0.467131 0.273111 9.9964E-05 9.9964E-05 0.162325 9.9964E-05 0.0970329
0.447845 9.9973E-05 9.9973E-05 0.338356 9.9973E-05 0.102806 0.022072 0.0886204
0.351795 0.0726176 9.9982E-05 0.18359 9.9982E-05 0.0790399 0.0595766 0.253182
0.318348 0.019516 9.9973E-05 0.51712 0.0323862 9.9973E-05 9.9973E-05 0.11233
0.525772 9.9964E-05 9.9964E-05 0.0993561 9.9964E-05 9.9964E-05 0.114955 0.259516
9.9964E-05 9.9964E-05 9.9964E-05 0.17283 9.9964E-05 0.0590415 0.154815 0.612914
0.518183 0.120874 9.9991E-05 0.105352 0.0294006 0.0761985 0.0423839 0.107508
0.474075 9.9991E-05 0.02886 0.205104 0.0376557 0.0242001 0.0404882 0.189518
0.392839 0.0104457 9.9991E-05 0.390113 0.0258788 0.0306459 0.0985075 0.051471
0.535789 0.092714 0.0110789 0.138063 0.0165991 0.0597576 0.139345 0.0066538
0.108978 0.00365941 9.9982E-05 0.21907 9.9982E-05 0.106233 0.182087 0.379773
0.440579 9.9973E-05 0.0193424 0.190849 9.9973E-05 0.199819 9.9973E-05 0.14911
0.550786 9.9982E-05 9.9982E-05 0.214589 0.0121958 0.0508224 0.148464 0.0229431
0.332758 0.148871 0.18961 0.0670307 9.9991E-05 0.118046 0.133635 0.00994849
0.436682 9.9964E-05 9.9964E-05 0.223367 9.9964E-05 9.9964E-05 0.00938462 0.330166
0.452356 9.9973E-05 9.9973E-05 0.295655 0.00237688 9.9973E-05 0.0243103 0.225002
0.410958 9.9982E-05 0.0950331 0.151569 9.9982E-05 0.0954814 0.0560499 0.190708
0.59087 9.9973E-05 9.9973E-05 0.211486 9.9973E-05 0.0740434 0.0436828 0.0796178
0.676682 9.9964E-05 9.9964E-05 0.121914 9.9964E-05 9.9964E-05 0.0871014 0.113902
0.411478 0.0811583 0.0707109 0.138814 0.0286618 9.9991E-05 0.159411 0.109666
0.570065 0.0634611 0.0925535 0.151564 9.9982E-05 9.9982E-05 0.0454761 0.0766807
0.151437 0.768871 0.079193 9.9955E-05 9.9955E-05 9.9955E-05 9.9955E-05 9.9955E-05
0.0637867 0.803757 0.0545593 9.9973E-05 9.9973E-05 9.9973E-05 0.0122965 0.0653005
0.0837363 0.774275 0.0078718 0.0400565 9.9982E-05 0.0210951 0.072765 9.9982E-05
0.0551859 0.792771 0.00610323 9.9982E-05 0.0103019 9.9982E-05 0.0764377 0.059
0.128716 0.820245 0.00385406 0.00278404 0.0441008 9.9973E-05 9.9973E-05 9.9973E-05
0.197381 9.9973E-05 0.0631624 0.611561 0.000624719 9.9973E-05 0.126971 9.9973E-05
0.511591 0.0217313 0.0538723 0.106501 0.0646484 0.0304343 0.0364495 0.174772
0.400093 0.15639 0.225723 9.9991E-05 0.00288518 0.183217 0.00938316 0.0222079
0.678982 9.9982E-05 0.0360273 0.133923 0.0687648 9.9982E-05 0.0192517 0.0628517
0.537863 0.119435 9.9973E-05 0.198852 0.000842546 9.9973E-05 0.142707 9.9973E-05
0.352128 9.9982E-05 0.0164518 0.286761 0.0977488 0.0579816 9.9982E-05 0.18873
0.0507868 0.131627 9.9991E-05 0.551661 0.0226715 0.0129033 0.15291 0.0773404
0.498915 9.9982E-05 9.9982E-05 0.309461 0.0382471 0.0747685 0.0753991 0.00300929
0.17368 0.0112787 0.0442352 0.492156 0.0500026 9.9991E-05 0.0164459 0.212102
0.408619 0.0872805 0.0103551 0.147342 9.9991E-05 0.0414923 0.20143 0.103382
0.131162 0.0841624 9.9982E-05 0.534996 0.0399187 9.9982E-05 0.0270978 0.182463
0.494107 0.0131927 0.0908693 0.161983 0.05276 0.106951 0.0800373 9.9991E-05
0.214403 0.0919093 9.9982E-05 0.491988 0.00108149 9.9982E-05 0.126369 0.0740488
0.368388 0.0613835 0.0382863 0.285163 0.0195202 0.0139921 0.0255557 0.187711
0.528722 0.00929266 0.0043515 0.0932337 0.00477401 0.301154 0.0311151 0.0273563
0.261713 9.9964E-05 9.9964E-05 0.0659733 9.9964E-05 0.493957 9.9964E-05 0.177957
0.547986 0.0202488 0.0056025 0.0213357 9.9982E-05 0.368628 0.0359988 9.9982E-05
0.570738 9.9973E-05 9.9973E-05 0.0687139 0.0504404 0.240404 9.9973E-05 0.0694038
0.307403 9.9964E-05 9.9964E-05 0.0454749 9.9964E-05 0.524083 9.9964E-05 0.122638
0.509504 0.0729646 0.0443728 9.9991E-05 0.0129538 0.185521 0.119928 0.0546552
0.539666 0.0361454 9.9973E-05 9.9973E-05 9.9973E-05 0.257939 0.049592 0.116358
0.0596795 9.9973E-05 9.9973E-05 0.0604771 9.9973E-05 0.599479 0.0981062 0.181959
0.240811 9.9964E-05 9.9964E-05 9.9964E-05 9.9964E-05 0.523865 0.0590296 0.175895
0.503988 0.00333485 9.9991E-05 0.0272978 0.0072077 0.320806 0.0252083 0.112058
0.134929 9.9973E-05 9.9973E-05 0.121117 9.9973E-05 0.510817 0.156224 0.0766135
0.399451 9.9973E-05 9.9973E-05 0.124705 9.9973E-05 0.30709 0.123425 0.0450291
0.150463 0.00202791 0.025996 0.585228 0.0189392 9.9991E-05 0.14166 0.0755857
0.351921 9.9964E-05 9.9964E-05 0.272613 9.9964E-05 9.9964E-05 0.0104128 0.364654
0.337416 9.9982E-05 0.0652581 0.376345 0.0628619 9.9982E-05 0.00743583 0.150484
0.591822 9.9982E-05 0.0804362 0.195732 0.0428943 9.9982E-05 0.0196452 0.0692704
0.280318 9.9973E-05 0.0110617 0.476482 9.9973E-05 9.9973E-05 0.177651 0.0541879
0.473614 0.0447794 0.124335 0.135844 0.0172652 0.019564 9.9991E-05 0.184497
0.595458 9.9973E-05 0.0697481 0.193608 0.0461034 9.9973E-05 9.9973E-05 0.0947834
0.561571 0.0783646 0.00540965 0.218546 9.9991E-05 0.054975 0.0439438 0.0370901
0.356107 9.9982E-05 0.144254 0.173798 0.0444893 9.9982E-05 0.156818 0.124333
0.357776 9.9973E-05 0.0781245 0.321743 0.0413488 9.9973E-05 0.200708 9.9973E-05
0.201482 9.9973E-05 0.120462 0.472788 0.0294551 9.9973E-05 0.175513 9.9973E-05
0.326862 9.9982E-05 0.115053 0.45815 9.9982E-05 0.00768265 0.0173442 0.0747074
0.604862 9.9982E-05 0.0417189 0.151671 0.015761 0.10269 9.9982E-05 0.0830974
0.659962 9.9964E-05 9.9964E-05 0.106702 0.0488638 9.9964E-05 9.9964E-05 0.184072
0.39893 0.0204609 9.9991E-05 0.253542 0.0526104 0.0356318 0.0440813 0.194644
0.59133 9.9982E-05 0.000556142 0.17543 0.0122577 9.9982E-05 0.0423611 0.177865
0.389857 0.055379 0.0155978 0.388327 0.0249252 0.0946964 0.0311175 9.9991E-05
0.655647 0.0805792 9.9982E-05 0.152302 0.00904347 9.9982E-05 0.0283153 0.0739132
0.626611 0.0540461 9.9973E-05 0.259531 0.00518521 9.9973E-05 9.9973E-05 0.0543267
0.436534 0.081915 0.106123 0.150087 0.0348055 0.0687354 0.100205 0.0215949
0.318506 0.306938 0.142491 9.9982E-05 0.0216117 0.090944 0.119309 9.9982E-05
0.437849 0.142976 0.1665 9.9982E-05 0.0521632 0.151117 9.9982E-05 0.0491942
0.494238 0.119151 0.152337 0.102596 9.9973E-05 0.131378 9.9973E-05 9.9973E-05
0.576228 9.9991E-05 0.0715223 0.0655422 0.0914998 0.0734613 0.044441 0.0772053
0.455534 0.135046 0.257316 9.9973E-05 9.9973E-05 9.9973E-05 0.0491782 0.102626
0.448542 9.9964E-05 9.9964E-05 0.184319 9.9964E-05 0.0967143 9.9964E-05 0.270025
0.538187 0.122896 0.0413892 0.083969 0.0396406 9.9991E-05 0.0836209 0.0901971
9.9982E-05 0.255107 0.127267 9.9982E-05 0.006185 0.319285 0.160933 0.131022
0.460052 0.0728998 0.189921 0.116699 9.9991E-05 0.0324509 0.0248004 0.103077
0.381774 0.0215328 0.259449 0.102064 0.0614364 0.0680529 0.105591 9.9991E-05
0.5179 0.0724964 0.148628 0.137177 0.0311682 0.0201569 9.9991E-05 0.072374
0.30138 0.153787 0.0919362 0.110528 0.0303874 0.102989 0.0864138 0.122579
0.537611 0.234036 0.11102 9.9991E-05 0.0439182 0.00660253 0.0272569 0.0394552
0.530182 0.13037 0.145912 0.0211404 0.0524797 0.00856023 9.9991E-05 0.111256
9.9973E-05 0.451782 0.171618 9.9973E-05 0.0516153 0.221113 9.9973E-05 0.103572
0.596081 0.202031 0.117053 9.9982E-05 0.00886738 0.0555677 0.0202002 9.9982E-05
0.529866 0.100523 0.138757 0.0666764 0.0177876 0.12418 9.9991E-05 0.0221105
0.5433 0.0801531 0.13348 9.9991E-05 0.0387034 0.0755001 0.0860046 0.0427585
0.587871 0.201386 0.149285 9.9973E-05 9.9973E-05 0.0517008 9.9973E-05 0.00945713
0.546667 0.174175 0.0468976 0.0670505 0.0582831 0.00138314 0.0174113 0.088132
0.418363 9.9982E-05 0.0183907 0.000727737 0.0530189 9.9982E-05 0.127073 0.382227
0.474263 0.0155719 0.0574155 0.0697384 0.0347484 0.147123 0.0435384 0.157602
0.061555 9.9964E-05 9.9964E-05 0.0480323 9.9964E-05 9.9964E-05 0.0878778 0.802135
0.0268702 0.0021558 9.9973E-05 0.00564155 9.9973E-05 9.9973E-05 0.0340817 0.930951
0.423216 0.0310857 0.0832253 9.9973E-05 9.9973E-05 9.9973E-05 0.0722666 0.389906
0.353877 0.0972426 0.349125 9.9973E-05 9.9973E-05 0.0451585 9.9973E-05 0.154297
0.262793 0.0752427 0.35138 9.9973E-05 0.0232381 9.9973E-05 9.9973E-05 0.287046
0.0984638 0.166015 0.365272 0.0123426 0.0264193 0.0321665 0.0428116 0.25651
0.310773 0.13875 0.294311 9.9973E-05 0.0309747 9.9973E-05 9.9973E-05 0.224893
0.0878896 0.0767238 0.0412453 9.9973E-05 9.9973E-05 0.0144734 9.9973E-05 0.779368
0.146414 0.0408671 0.0702879 9.9973E-05 0.0396514 9.9973E-05 9.9973E-05 0.70248
0.520294 0.0242888 0.105618 9.9982E-05 0.00303017 9.9982E-05 0.00378677 0.342782
0.444427 0.0846869 0.0700633 9.9964E-05 9.9964E-05 9.9964E-05 9.9964E-05 0.400423
0.148628 0.0249526 0.10793 9.9973E-05 0.0302665 9.9973E-05 9.9973E-05 0.687923
0.423909 0.0689862 0.112188 0.0720391 9.9982E-05 0.0541984 9.9982E-05 0.268479
0.500982 9.9973E-05 0.112151 0.0279801 9.9973E-05 0.0676014 9.9973E-05 0.290986
0.449033 0.0680828 0.137858 0.114448 0.0375175 0.0849004 0.0183336 0.0898273
0.2956 9.9955E-05 9.9955E-05 9.9955E-05 9.9955E-05 9.9955E-05 0.0430271 0.660873
0.382224 9.9982E-05 0.0237771 0.0818264 0.022319 9.9982E-05 0.052945 0.436708
0.53198 0.0301226 0.0410038 0.0785107 9.9982E-05 0.10095 9.9982E-05 0.217232
0.39675 0.021611 0.0286833 0.0988322 0.0131563 0.0765304 9.9991E-05 0.364337
0.425018 9.9982E-05 0.12784 0.168633 0.0418395 0.160332 9.9982E-05 0.0761378
0.458916 9.9973E-05 9.9973E-05 0.0109955 0.0287583 0.0774933 9.9973E-05 0.423537
0.294406 9.9955E-05 9.9955E-05 0.00873706 9.9955E-05 9.9955E-05 9.9955E-05 0.696357
0.614918 0.0278326 0.0164667 9.9991E-05 0.00131424 0.0141086 0.0449568 0.280303
0.254497 9.9964E-05 9.9964E-05 0.0407414 9.9964E-05 9.9964E-05 0.0323012 0.672061
0.445314 9.9973E-05 9.9973E-05 0.0231378 0.0151415 9.9973E-05 0.0177522 0.498354
0.398694 0.0101984 0.0532314 0.0256895 0.102282 0.0954072 0.0724506 0.242047
0.41025 0.0425166 0.0306862 0.100539 9.9982E-05 9.9982E-05 0.0902651 0.325544
0.532582 0.134291 0.128082 0.0375739 0.0606785 0.0877218 0.0170559 0.00201489
0.398826 0.0882703 0.167367 0.133912 0.0221429 0.0290712 0.0161543 0.144256
0.302201 0.136502 0.308532 9.9991E-05 0.0564877 0.0549771 0.0535854 0.0876145
0.362227 0.147039 0.12125 0.102988 0.0382616 0.108822 9.9991E-05 0.119311
0.408094 0.203787 0.149621 9.9991E-05 0.0231622 0.0835341 0.0945033 0.0371989
0.461382 0.118783 0.123356 0.00858065 0.0569667 0.0493969 9.9991E-05 0.181435
9.9973E-05 0.171964 0.127561 9.9973E-05 0.00694124 0.0513051 9.9973E-05 0.641929
0.518567 0.118577 0.181053 0.00664641 0.0251818 0.0629731 9.9991E-05 0.0869011
9.9973E-05 0.37698 0.100418 9.9973E-05 0.00078485 0.0505892 9.9973E-05 0.470928
0.500812 0.0538159 0.196552 9.9964E-05 9.9964E-05 9.9964E-05 9.9964E-05 0.24842
0.0973559 9.9955E-05 9.9955E-05 9.9955E-05 9.9955E-05 9.9955E-05 0.0645707 0.837574
9.9946E-05 9.9946E-05 9.9946E-05 9.9946E-05 9.9946E-05 9.9946E-05 0.101848 0.897552
0.458407 9.9964E-05 9.9964E-05 9.9964E-05 0.0115503 9.9964E-05 0.0623543 0.467289
0.540572 0.00149264 0.092514 9.9973E-05 0.03405 9.9973E-05 9.9973E-05 0.331072
0.388887 9.9955E-05 9.9955E-05 0.0164354 9.9955E-05 9.9955E-05 9.9955E-05 0.594178
0.451604 0.044075 9.9973E-05 9.9973E-05 0.00489747 9.9973E-05 0.13449 0.364634
0.555849 9.9955E-05 9.9955E-05 9.9955E-05 9.9955E-05 9.9955E-05 0.013149 0.430502
0.0595241 0.743644 0.0484618 0.0135129 0.0655751 0.0156678 9.9991E-05 0.0535142
9.9973E-05 0.705464 0.0853227 0.114552 0.044098 9.9973E-05 9.9973E-05 0.0502639
9.9964E-05 0.879927 0.0528608 0.0290678 0.0377443 9.9964E-05 9.9964E-05 9.9964E-05
0.0153631 0.813168 9.9964E-05 9.9964E-05 0.134632 9.9964E-05 9.9964E-05 0.0364374
0.464174 0.0280746 0.0315595 0.0793212 0.0459005 0.0609512 0.289919 9.9991E-05
0.434942 0.0877303 0.0175346 9.9982E-05 0.0194229 9.9982E-05 0.427015 0.013155
0.452034 9.9955E-05 9.9955E-05 9.9955E-05 0.0572746 9.9955E-05 0.490191 9.9955E-05
0.595928 0.0737102 9.9964E-05 9.9964E-05 0.0395248 9.9964E-05 0.290437 9.9964E-05
0.558886 0.0988403 0.00410037 9.9991E-05 0.0125934 0.149245 0.158288 0.0179467
0.189351 0.0251583 0.0339494 0.124762 9.9991E-05 0.0713722 0.532336 0.0229707
0.610905 9.9955E-05 9.9955E-05 9.9955E-05 0.0434504 9.9955E-05 0.345145 9.9955E-05
0.343647 9.9973E-05 9.9973E-05 9.9973E-05 0.0147816 0.0734685 0.41972 0.148084
0.485668 0.257225 0.0977199 9.9982E-05 0.0445859 0.0511653 9.9982E-05 0.0634362
0.354046 9.9973E-05 0.0505964 0.0407197 9.9973E-05 9.9973E-05 0.377867 0.17647
0.332129 9.9964E-05 9.9964E-05 0.144137 0.0158199 9.9964E-05 0.507514 9.9964E-05
0.526281 9.9973E-05 9.9973E-05 0.0163393 0.0283066 9.9973E-05 0.406907 0.021866
0.38081 0.014103 9.9982E-05 0.0589879 0.0212339 9.9982E-05 0.521629 0.00303676
0.462545 9.9973E-05 0.0803262 9.9973E-05 9.9973E-05 0.0050886 0.443299 0.00844125
0.549322 0.0644738 9.9982E-05 0.00959582 0.017305 9.9982E-05 0.246692 0.112411
0.0634193 9.9955E-05 9.9955E-05 9.9955E-05 9.9955E-05 9.9955E-05 0.815501 0.12058
0.223438 9.9991E-05 0.0045491 0.0157763 0.0134073 0.0968905 0.566988 0.0788507
0.266649 0.0122513 9.9964E-05 0.0149963 9.9964E-05 9.9964E-05 0.705704 9.9964E-05
9.9955E-05 9.9955E-05 9.9955E-05 9.9955E-05 9.9955E-05 0.0384753 0.850562 0.110463
0.40932 0.0245721 0.042481 0.142548 0.0144946 9.9982E-05 0.366385 9.9982E-05
0.0458486 9.9973E-05 0.0083447 9.9973E-05 9.9973E-05 0.225085 0.585425 0.134996
9.9964E-05 9.9964E-05 9.9964E-05 9.9964E-05 0.00401546 0.0162931 0.74016 0.239131
0.45053 0.0210261 0.0620475 9.9991E-05 0.00539736 0.0532222 0.357373 0.0503038
0.179623 0.0216843 0.0301392 0.167927 9.9982E-05 0.0105716 0.589855 9.9982E-05
0.319512 9.9973E-05 0.0881952 0.122966 9.9973E-05 0.0400006 0.429026 9.9973E-05
0.53323 0.0590655 0.0824264 9.9973E-05 9.9973E-05 0.112818 0.21216 9.9973E-05
0.503558 0.031112 9.9973E-05 9.9973E-05 0.0103054 0.0178246 0.4369 9.9973E-05
0.382274 9.9982E-05 0.0449774 0.260496 9.9982E-05 0.0705917 0.0134158 0.228045
0.524073 0.0829245 9.9964E-05 0.0472387 9.9964E-05 9.9964E-05 0.345364 9.9964E-05
0.453061 9.9991E-05 0.0349739 0.136642 0.0522262 0.0184887 0.273873 0.0306345
0.320249 9.9964E-05 9.9964E-05 0.00452622 9.9964E-05 0.053416 0.621408 9.9964E-05
0.559047 0.115724 0.0189808 9.9991E-05 0.0132952 0.129445 0.100228 0.0631801
0.000209235 0.589333 0.0007211 0.318958 0.0354073 0.0417902 9.9991E-05 0.0134816
0.0614983 0.729423 9.9991E-05 0.0747712 0.0317546 0.0207131 0.0726923 0.00904777
9.9973E-05 0.675997 9.9973E-05 0.11428 0.120088 0.0510439 0.0382914 9.9973E-05
9.9964E-05 0.74089 9.9964E-05 0.158412 0.0909482 9.9964E-05 9.9964E-05 0.00935018
0.0406208 0.679341 9.9973E-05 0.168138 0.0349183 0.0766813 9.9973E-05 9.9973E-05
0.0485569 0.0147991 0.103122 0.132655 0.00556647 9.9982E-05 0.6951 9.9982E-05
0.125765 0.043453 9.9991E-05 0.117613 0.0210079 0.0192043 0.655508 0.0173487
0.131074 9.9973E-05 0.0187816 9.9973E-05 9.9973E-05 0.0300903 0.78155 0.038205
0.543025 0.1311 0.00726032 0.0298327 9.9973E-05 9.9973E-05 0.288481 9.9973E-05
0.451163 0.0737174 0.125012 0.00788382 0.0164449 0.0622116 0.232991 0.0305763
0.291783 0.0856763 0.0148933 9.9964E-05 9.9964E-05 9.9964E-05 0.607248 9.9964E-05
0.516204 9.9973E-05 0.0684862 9.9973E-05 0.00773388 0.159524 0.247752 9.9973E-05
0.309023 0.0481857 0.0624417 0.0230327 9.9991E-05 0.12811 0.379045 0.0500615
0.448009 0.00473021 0.0630129 0.0823203 9.9991E-05 0.0132834 0.338852 0.0496925
0.612007 0.0106232 9.9973E-05 0.050787 9.9973E-05 0.0551644 0.271118 9.9973E-05
0.233008 9.9973E-05 0.032485 0.0900813 9.9973E-05 0.0784985 0.565627 9.9973E-05
0.34641 9.9964E-05 9.9964E-05 0.0197946 0.0266605 9.9964E-05 0.606735 9.9964E-05
0.288666 9.9964E-05 9.9964E-05 0.112397 0.0230154 9.9964E-05 0.575522 9.9964E-05
0.606808 0.0925244 0.0337614 0.0090128 0.0190528 0.223771 9.9991E-05 0.01497
0.425952 9.9964E-05 9.9964E-05 0.0344968 0.0350422 9.9964E-05 0.504109 9.9964E-05
0.437714 0.0605888 9.9982E-05 0.0972752 0.0149151 0.00792894 0.381378 9.9982E-05
0.391785 0.0297278 0.434997 0.0475911 0.00493357 0.0907658 9.9982E-05 9.9982E-05
0.284806 0.142543 0.508301 9.9973E-05 9.9973E-05 0.00658782 0.0574624 9.9973E-05
0.402891 0.107487 0.421615 9.9964E-05 9.9964E-05 0.0676071 9.9964E-05 9.9964E-05
0.228863 0.0691546 0.509322 9.9973E-05 0.0241597 0.168201 9.9973E-05 9.9973E-05
0.412036 0.156473 0.308283 9.9973E-05 9.9973E-05 0.0954784 9.9973E-05 0.0274299
0.459889 0.0242449 0.0113622 9.9973E-05 9.9973E-05 0.245857 0.258348 9.9973E-05
0.068058 0.237007 0.633374 0.00710151 0.0291738 0.0250852 9.9982E-05 9.9982E-05
0.248261 0.121702 0.499462 9.9991E-05 0.0352035 0.0453606 0.0338361 0.016074
0.276534 0.0961696 0.177059 9.9982E-05 0.0177927 0.268294 0.16395 9.9982E-05
0.488114 0.101405 9.9973E-05 9.9973E-05 0.0693502 0.279409 9.9973E-05 0.0614222
0.383542 0.0641936 0.0526787 0.0834995 0.0441616 0.371725 9.9982E-05 9.9982E-05
0.517847 0.0405834 0.0384639 0.0512247 0.0263046 0.325377 9.9982E-05 9.9982E-05
0.525217 0.120122 0.031364 9.9982E-05 0.00315798 0.129807 0.190132 9.9982E-05
0.253542 0.168409 0.457379 9.9982E-05 0.0459206 0.0613042 9.9982E-05 0.0132449
0.48373 0.132459 0.326213 9.9991E-05 0.015757 0.023443 0.0168045 0.00149345
0.369525 0.098661 0.509828 9.9964E-05 9.9964E-05 0.0215865 9.9964E-05 9.9964E-05
0.423479 0.104751 0.288841 9.9982E-05 0.0347404 0.036822 9.9982E-05 0.111167
0.162853 0.0981936 0.587531 9.9982E-05 0.0195454 0.0593047 0.0723731 9.9982E-05
0.407502 0.129109 0.329486 9.9982E-05 9.9982E-05 0.0161457 0.116658 0.000898824
0.147417 0.0279289 0.609286 0.0511506 0.0605231 9.9982E-05 9.9982E-05 0.103495
0.327013 0.0669696 0.344093 0.0349716 0.0549317 9.9991E-05 0.126537 0.0453848
0.474582 9.9964E-05 0.0418252 9.9964E-05 9.9964E-05 0.429407 0.0537865 9.9964E-05
0.363498 0.121913 0.304932 0.118526 0.00812005 0.0687695 9.9991E-05 0.0141408
0.169654 0.139306 0.599217 9.9973E-05 0.029834 0.0616898 9.9973E-05 9.9973E-05
0.331958 0.128215 0.342692 0.06511 0.0341203 9.9991E-05 0.083469 0.0143361
0.0861712 0.0780155 0.0281184 0.173237 0.011243 0.555551 0.0675642 9.9991E-05
0.421117 9.9973E-05 0.111841 9.9973E-05 0.0117095 0.379401 0.0756308 9.9973E-05
0.404985 0.186502 0.25275 0.0772209 9.9982E-05 0.0321376 9.9982E-05 0.0462047
0.516326 0.0762961 0.0269687 0.108269 9.9973E-05 0.271841 9.9973E-05 9.9973E-05
0.452304 0.075387 0.030803 0.0136785 0.0259071 0.376879 0.0249413 9.9991E-05
0.363814 0.186533 0.173423 9.9991E-05 0.0303916 0.096882 0.0124697 0.136386
0.348002 0.238799 0.219758 9.9973E-05 9.9973E-05 9.9973E-05 0.0340773 0.159063
0.592578 0.0171004 0.0639128 0.123496 0.0142083 0.151107 0.0374981 9.9991E-05
0.336849 0.109892 0.393925 0.0218996 0.034767 0.0285272 0.0200951 0.054044
0.378807 0.0179312 0.447396 9.9982E-05 0.0396066 0.0606037 9.9982E-05 0.0554558
0.199673 0.204793 0.54837 9.9982E-05 9.9982E-05 0.0416088 0.000172519 0.00518274
0.492437 0.109566 0.106389 0.00217811 0.00958995 0.232966 0.00836366 0.0385098
0.440975 0.116415 9.9973E-05 9.9973E-05 0.0184949 0.409686 0.0141297 9.9973E-05
0.107345 0.0170365 0.0111413 9.9991E-05 0.0529099 0.693113 0.0473905 0.0709638
0.564509 0.102094 0.051091 0.0319982 9.9991E-05 0.241066 0.000396784 0.00874463
0.40642 0.0217153 0.0348903 0.219675 0.0029774 0.109576 0.153218 0.0515287
0.451438 0.231784 0.0949345 9.9991E-05 0.0741245 0.0343075 0.0445153 0.0687957
0.483619 0.117285 0.0609135 0.0612675 9.9991E-05 0.0605979 0.0377262 0.178491
9.9964E-05 0.355034 0.161945 9.9964E-05 9.9964E-05 0.321553 9.9964E-05 0.161068
9.9973E-05 0.2385 0.117094 9.9973E-05 0.0959788 0.366234 9.9973E-05 0.181893
0.291896 0.119705 0.118923 0.0882036 9.9991E-05 0.26134 0.00438852 0.115445
