9.9964E-05 0.0181284 9.9964E-05 0.859767 9.9964E-05 9.9964E-05 0.0401762 0.0815283
9.9982E-05 0.00304739 0.0336972 0.906006 9.9982E-05 0.0224541 0.0203599 0.0142358
0.160055 9.9955E-05 9.9955E-05 0.801065 9.9955E-05 9.9955E-05 0.0383803 9.9955E-05
0.0437564 0.0831511 9.9964E-05 0.771739 9.9964E-05 9.9964E-05 9.9964E-05 0.100954
0.0132075 0.0843103 9.9982E-05 0.817819 9.9982E-05 0.043256 0.0347137 0.00649393
9.9955E-05 0.113661 9.9955E-05 0.546936 0.338902 9.9955E-05 9.9955E-05 9.9955E-05
9.9946E-05 9.9946E-05 9.9946E-05 0.796823 0.202578 9.9946E-05 9.9946E-05 9.9946E-05
9.9964E-05 0.0211359 9.9964E-05 0.691928 0.241449 9.9964E-05 9.9964E-05 0.0450867
9.99639E-05 9.99639E-05 0.0817998 0.773584 9.99639E-05 9.99639E-05 0.106553 0.0376635
0.0278995 0.0679551 9.9973E-05 0.686675 0.188422 0.0287494 9.9973E-05 9.9973E-05
9.9955E-05 9.9955E-05 9.9955E-05 0.709304 0.250233 9.9955E-05 9.9955E-05 0.039963
0.185276 0.102998 0.232905 9.9973E-05 0.0339889 9.9973E-05 9.9973E-05 0.444533
0.514077 0.0450877 0.0570163 9.9982E-05 0.051562 9.9982E-05 0.070444 0.261613
0.223977 0.108835 0.0729599 9.9982E-05 9.9982E-05 0.0807197 0.111264 0.402044
0.358684 0.0685384 0.100615 9.9973E-05 9.9973E-05 9.9973E-05 0.148454 0.323409
0.327362 0.118531 0.15657 0.106191 0.0443255 0.0129049 0.01579 0.218326
0.598573 0.0918828 0.0542038 0.0345391 0.0701095 0.0309699 0.0391428 0.0805791
0.463291 0.0401273 0.0500321 9.9982E-05 0.0977859 9.9982E-05 0.0960947 0.252469
0.355581 0.0476068 0.0816018 0.0891731 9.9991E-05 0.00785859 0.0973501 0.320728
9.9982E-05 0.0849048 0.0856987 0.0490024 0.16035 0.00191917 9.9982E-05 0.617925
0.3627 0.0984957 0.183116 9.9991E-05 0.031756 0.0238171 0.0273906 0.272624
0.453306 9.9982E-05 0.0385458 9.9982E-05 0.101697 0.0316458 0.163407 0.211198
0.550274 9.9982E-05 0.0751129 0.0718962 0.0349544 0.127632 9.9982E-05 0.139931
0.261937 0.0786289 0.226276 9.9982E-05 0.0575851 9.9982E-05 0.0188266 0.356547
0.67035 0.0111174 0.0368085 0.0903743 0.0856558 0.0414545 0.0126297 0.0516098
0.479688 0.104088 0.0724758 9.9982E-05 0.0257141 9.9982E-05 0.049759 0.268075
0.0930171 0.121408 0.304201 9.9973E-05 9.9973E-05 9.9973E-05 0.0358435 0.44523
0.156723 0.183152 0.207745 0.0119458 9.9982E-05 9.9982E-05 0.0571058 0.383129
0.246011 0.0240269 0.167631 9.9982E-05 0.0233432 9.9982E-05 0.0898441 0.448944
0.136859 0.0216822 9.9955E-05 0.840959 9.9955E-05 9.9955E-05 9.9955E-05 9.9955E-05
0.177933 9.9946E-05 9.9946E-05 0.821467 9.9946E-05 9.9946E-05 9.9946E-05 9.9946E-05
0.149135 0.00869281 0.0417445 0.800028 9.9964E-05 9.9964E-05 9.9964E-05 9.9964E-05
0.0870793 0.102662 0.0554501 0.725001 9.9973E-05 9.9973E-05 0.0295078 9.9973E-05
0.527827 9.9982E-05 0.209524 0.0812079 0.0979962 0.0044875 9.9982E-05 0.078757
0.435308 0.0447784 0.345613 0.0981226 9.9982E-05 0.00734674 9.9982E-05 0.0686307
0.593798 9.9955E-05 0.33878 9.9955E-05 0.066923 9.9955E-05 9.9955E-05 9.9955E-05
0.134533 0.0168679 0.175553 0.0963731 9.9973E-05 9.9973E-05 9.9973E-05 0.576374
0.231858 0.0639905 0.663361 9.9964E-05 9.9964E-05 9.9964E-05 0.040391 9.9964E-05
0.524177 9.9973E-05 0.263024 0.105051 9.9973E-05 0.0122839 9.9973E-05 0.095164
0.722116 9.9973E-05 0.21611 0.0195031 0.0248098 0.0171617 9.9973E-05 9.9973E-05
0.451538 0.0273743 0.120431 0.1124 0.264521 9.9982E-05 9.9982E-05 0.0235353
0.567169 9.9973E-05 0.045956 0.0913991 0.251785 0.043391 9.9973E-05 9.9973E-05
0.102856 9.9973E-05 0.727155 0.0118171 9.9973E-05 9.9973E-05 0.0974334 0.0604389
0.579807 0.0137374 0.0522015 0.0494415 0.290639 9.9982E-05 0.0139738 9.9982E-05
0.466192 0.0932992 0.172616 0.0683608 0.0655311 0.02822 0.0659141 0.0398674
0.492671 0.0842927 0.140036 0.124622 0.0619904 9.9991E-05 0.0877955 0.00849236
0.277173 9.9964E-05 0.688292 9.9964E-05 9.9964E-05 0.0174675 0.0166676 9.9964E-05
0.570862 0.0228554 0.335768 0.0683199 9.9973E-05 9.9973E-05 0.00189459 9.9973E-05
0.488363 0.0660985 0.183089 0.0677535 0.017277 0.032447 0.110992 0.0339799
9.9982E-05 9.9982E-05 0.768143 0.0142577 0.00455001 0.00204557 0.170797 0.0400073
0.136862 9.9973E-05 0.246199 9.9973E-05 0.159077 9.9973E-05 0.0262936 0.431269
0.0151033 0.0107811 0.280372 9.9991E-05 0.157475 0.152091 0.1604 0.223677
0.418102 0.155548 0.0608846 0.0597022 0.0452216 0.0521612 0.0611828 0.147198
0.519923 0.0921439 0.00627416 0.0740275 0.0683277 0.0720506 0.0332401 0.134013
0.527355 0.0443811 0.115618 0.0401968 0.0531164 9.9991E-05 0.132364 0.0868687
0.161989 9.9982E-05 0.22266 0.123274 9.9982E-05 0.106987 0.00767235 0.377217
0.543112 9.9973E-05 0.0145796 9.9973E-05 9.9973E-05 0.220331 0.00124178 0.220436
0.592562 0.0582251 0.104241 9.9982E-05 0.012861 9.9982E-05 0.118485 0.113426
0.317482 9.9991E-05 0.158128 0.0678608 0.121651 0.0255142 0.0993315 0.209933
0.042671 0.0751737 0.173326 0.148906 0.100675 0.0486792 0.125988 0.284581
0.528951 0.0361613 0.0753807 9.9991E-05 0.0907714 0.0909492 0.120192 0.0574946
0.442937 9.9982E-05 0.0930472 0.0517013 9.9982E-05 0.0775907 0.108919 0.225605
0.0255044 9.9991E-05 0.208338 0.0106329 0.0504116 0.0759686 0.0860576 0.542987
0.488729 9.9973E-05 0.150787 9.9973E-05 9.9973E-05 0.0314933 0.162183 0.166507
0.69834 0.00707139 9.9991E-05 0.00548617 0.0328555 0.0530683 0.179271 0.0238078
0.561236 0.10718 9.9982E-05 9.9982E-05 0.00258357 0.0699453 0.101734 0.157121
0.212421 0.0683703 0.272426 0.0505922 9.9991E-05 0.0371935 0.125718 0.233179
0.487844 9.9982E-05 0.0817535 9.9982E-05 0.0662233 0.0551192 0.123489 0.185371
0.611311 9.9991E-05 0.0285766 0.0567664 0.0182668 0.0310326 0.0408962 0.21305
0.199559 9.9982E-05 0.130964 9.9982E-05 0.0135791 0.148621 0.100974 0.406104
0.497521 9.9964E-05 0.397117 9.9964E-05 0.0514276 9.9964E-05 9.9964E-05 0.0535346
0.170588 0.0153729 0.729676 0.0132053 9.9973E-05 9.9973E-05 9.9973E-05 0.0708578
0.557233 0.0296364 0.112786 0.105224 9.9991E-05 0.106555 0.0117803 0.0766848
9.9964E-05 9.9964E-05 0.870326 9.9964E-05 0.0591507 0.0440578 0.0260656 9.9964E-05
9.9973E-05 9.9973E-05 0.820761 9.9973E-05 0.0112341 0.0850034 0.028203 0.0544991
0.244632 0.000630252 0.754238 9.9955E-05 9.9955E-05 9.9955E-05 9.9955E-05 9.9955E-05
0.428783 9.9964E-05 0.516241 0.0234382 0.0311385 9.9964E-05 9.9964E-05 9.9964E-05
0.570455 0.0600869 0.164015 0.0612083 9.9991E-05 0.0156257 0.104254 0.0242544
0.388176 0.0423505 0.451275 9.9973E-05 9.9973E-05 9.9973E-05 0.0407238 0.077174
0.0478033 0.067325 0.698438 0.0289569 9.9973E-05 9.9973E-05 9.9973E-05 0.157177
0.20504 9.9982E-05 0.471559 0.0365625 0.0326178 0.0239109 9.9982E-05 0.23011
0.522586 0.0334103 0.183956 0.095389 9.9982E-05 0.0869519 9.9982E-05 0.0775061
0.203373 0.0385036 0.654761 0.0393314 9.9982E-05 0.00650663 9.9982E-05 0.0573247
0.458816 9.9973E-05 0.417239 0.0228624 0.0775596 9.9973E-05 9.9973E-05 0.0232233
0.384589 0.019187 0.510413 0.00802504 0.0362517 0.0413339 9.9982E-05 9.9982E-05
9.9973E-05 9.9973E-05 0.675662 9.9973E-05 0.104522 0.152976 0.0619611 0.00457846
0.612146 0.0106953 0.260322 0.0416424 0.0748953 9.9973E-05 9.9973E-05 9.9973E-05
0.109774 0.0198643 9.9964E-05 0.817527 9.9964E-05 9.9964E-05 9.9964E-05 0.0524351
0.0981341 9.9946E-05 9.9946E-05 0.901266 9.9946E-05 9.9946E-05 9.9946E-05 9.9946E-05
0.0777927 0.0256539 9.9964E-05 0.835746 9.9964E-05 9.9964E-05 0.060408 9.9964E-05
0.0702591 0.0228016 9.9964E-05 0.790306 9.9964E-05 9.9964E-05 0.116234 9.9964E-05
0.0742641 0.0281224 0.0152497 0.82763 9.9973E-05 9.9973E-05 0.0544337 9.9973E-05
0.0647331 9.9964E-05 9.9964E-05 0.846684 9.9964E-05 0.0234059 0.064777 9.9964E-05
0.0617982 0.00694645 9.9973E-05 0.887072 9.9973E-05 0.00102175 0.0428614 9.9973E-05
0.555447 0.0166784 0.295226 0.118304 9.9973E-05 9.9973E-05 9.9973E-05 0.0140439
0.50298 0.0629993 0.194256 0.0749888 0.00914828 9.9991E-05 0.0119174 0.14361
0.0472325 9.9973E-05 0.843321 0.0320054 9.9973E-05 0.0148785 9.9973E-05 0.0622626
0.530339 0.0574394 0.108416 0.0773175 0.0231832 0.116489 9.9991E-05 0.0867157
0.393261 9.9973E-05 0.431574 0.0218118 0.0730986 9.9973E-05 9.9973E-05 0.079955
0.584677 9.9973E-05 0.236513 0.127217 0.0246945 0.0265995 9.9973E-05 9.9973E-05
0.497306 0.0182439 0.243813 0.0554375 0.0528613 0.132139 9.9982E-05 9.9982E-05
0.33697 0.163352 0.474044 0.0252348 9.9964E-05 9.9964E-05 9.9964E-05 9.9964E-05
9.9955E-05 9.9955E-05 0.73022 0.0463373 9.9955E-05 9.9955E-05 9.9955E-05 0.222943
0.441028 0.0519345 0.183688 0.143387 9.9991E-05 0.146851 0.00264688 0.0303645
0.670398 9.9991E-05 0.098831 0.0273889 0.01504 0.0859233 0.0908068 0.0115119
0.394079 0.199804 0.10865 9.9973E-05 0.210117 9.9973E-05 9.9973E-05 0.0870494
0.222567 0.0184078 0.564339 9.9982E-05 0.18469 0.00509287 0.00470305 9.9982E-05
0.472413 9.9964E-05 0.398719 0.0816906 9.9964E-05 0.0467776 9.9964E-05 9.9964E-05
0.473719 9.9982E-05 0.310553 0.03295 0.0633867 9.9982E-05 0.0128425 0.106349
0.255214 0.131479 0.56013 9.9973E-05 0.000273596 0.0526037 9.9973E-05 9.9973E-05
0.445562 9.9964E-05 0.399639 0.0418046 9.9964E-05 9.9964E-05 9.9964E-05 0.112595
0.517699 0.0121264 0.216818 0.106827 0.0201016 0.0779626 0.0235047 0.0249604
0.276845 0.00393111 0.0505403 0.0308671 9.9991E-05 0.171861 0.13465 0.331205
0.356604 0.100802 0.0525317 0.0814643 0.0800348 9.9982E-05 9.9982E-05 0.328363
0.559955 0.0502898 0.0201325 0.0992128 0.0167735 0.011126 9.9991E-05 0.242411
0.454386 0.0506156 0.221978 0.0892026 0.0965356 9.9991E-05 0.0470355 0.0401477
0.450705 9.9982E-05 0.05359 0.0344541 9.9982E-05 0.0305553 0.112853 0.317643
0.576168 0.0109029 0.0531189 0.0178493 0.0411285 0.00103229 0.0590871 0.240713
0.480009 0.0334687 9.9982E-05 0.00658507 9.9982E-05 0.0437591 0.0395975 0.396381
0.531238 9.9991E-05 0.0536734 0.0412118 0.075916 0.0595621 0.110986 0.127313
0.56023 0.0406733 0.116039 0.129283 9.9982E-05 9.9982E-05 0.025423 0.128151
0.570215 9.9982E-05 0.0608176 0.0357722 0.114962 0.100806 9.9982E-05 0.117228
0.499242 9.9973E-05 0.0554046 0.0133225 9.9973E-05 0.0778505 9.9973E-05 0.353881
0.57204 0.0935923 9.9991E-05 0.0448859 0.0608716 0.023769 0.100933 0.103808
0.485975 0.0811733 0.0669603 0.0923621 0.13471 0.0444997 0.0478261 0.0464931
0.595268 0.0240612 9.9973E-05 9.9973E-05 9.9973E-05 0.113559 0.0485326 0.218279
0.540497 0.10074 9.9982E-05 0.0320508 0.138241 0.080356 9.9982E-05 0.107915
0.444315 0.162077 0.0713492 9.9982E-05 0.0424487 0.0502851 9.9982E-05 0.229325
0.413535 9.9982E-05 9.9982E-05 0.0494132 0.00103638 0.144277 0.0900563 0.301482
0.700374 9.9991E-05 0.018617 0.00179954 0.0111658 0.0527308 0.0642372 0.150975
0.654494 9.9964E-05 9.9964E-05 9.9964E-05 9.9964E-05 0.158364 0.0536559 0.133087
0.196735 0.103955 0.141785 9.9991E-05 0.0170214 0.168887 0.0158927 0.355624
0.128117 9.9982E-05 0.144618 9.9982E-05 0.049176 0.153223 0.243183 0.281483
0.452946 0.0754243 0.0615264 0.044686 0.0447337 0.065634 0.0790385 0.176012
0.0338581 0.0178931 0.098603 9.9991E-05 0.00740017 0.392728 0.119477 0.329941
0.292115 9.9973E-05 0.112772 0.0692308 9.9973E-05 0.0864755 9.9973E-05 0.439107
0.366213 9.9982E-05 0.224998 0.0181887 0.0107333 0.0554861 9.9982E-05 0.324181
0.402123 9.9973E-05 0.139125 0.0333542 9.9973E-05 0.0597274 9.9973E-05 0.365371
0.298678 0.0142472 0.138815 9.9991E-05 0.0197625 0.00418113 0.0513094 0.472907
0.56318 0.0751908 0.0756645 0.0380459 0.054402 0.0425563 9.9991E-05 0.150861
0.557684 9.9982E-05 0.0662379 0.125287 9.9982E-05 0.0791841 0.00902219 0.162384
0.535484 9.9991E-05 0.0433427 0.0562427 0.0027707 0.136213 0.00665666 0.21919
0.141713 0.0363783 0.133866 9.9991E-05 0.0243864 0.170107 0.16994 0.323509
0.501225 0.000287839 0.156083 0.184813 0.102169 9.9991E-05 0.0144968 0.0408251
0.3384 0.086594 0.0994165 0.0052981 0.214351 0.110892 0.0519232 0.093124
9.9982E-05 9.9982E-05 0.168296 0.0873312 0.259995 0.203624 0.137846 0.142707
0.664143 9.9982E-05 0.0950405 0.131527 0.0644902 0.0124716 0.0321281 9.9982E-05
0.383627 9.9991E-05 0.134969 0.0431909 0.0359057 0.122347 0.20624 0.0736207
0.49276 9.9991E-05 0.0547509 0.100624 0.13482 0.0772111 0.0822914 0.0574433
0.191112 9.9982E-05 0.138334 9.9982E-05 0.284167 0.0137212 0.257126 0.115341
0.156755 9.9991E-05 0.0444585 0.0342813 0.437371 0.103129 0.0793938 0.144512
0.38631 9.9991E-05 0.0513877 0.0619284 0.180231 0.106859 0.0433676 0.169817
0.496341 0.0394028 9.9991E-05 0.0338044 0.283446 0.0849391 0.0134879 0.0484785
0.353407 0.0138856 0.104306 0.0681929 0.161558 0.069814 0.153585 0.075252
9.9982E-05 0.129394 0.246647 9.9982E-05 0.20291 0.107349 0.217954 0.0955462
0.48479 0.0509989 0.000705326 9.9991E-05 0.09546 0.203606 0.110514 0.0538259
0.292643 9.9982E-05 0.153563 9.9982E-05 0.300427 0.185395 0.00430038 0.0634731
0.456513 9.9982E-05 0.0811692 9.9982E-05 0.140944 0.179987 0.0342232 0.106964
0.434342 0.0470796 0.236149 0.156777 0.107053 0.0184007 9.9982E-05 9.9982E-05
0.0719482 0.27085 9.9982E-05 0.220696 0.214721 9.9982E-05 0.165272 0.0563135
9.9964E-05 0.084824 9.9964E-05 0.362817 0.140683 9.9964E-05 0.411276 9.9964E-05
9.9973E-05 0.0907109 9.9973E-05 0.284559 0.117953 0.038958 0.467519 9.9973E-05
0.120524 0.267274 9.9973E-05 0.243549 0.0710688 9.9973E-05 0.297283 9.9973E-05
0.516411 9.9973E-05 0.0426312 9.9973E-05 0.293213 0.101087 0.0463582 9.9973E-05
0.504027 0.0512838 0.101052 0.0571297 0.0157939 0.0638405 0.157021 0.0498522
0.318489 0.680911 9.9946E-05 9.9946E-05 9.9946E-05 9.9946E-05 9.9946E-05 9.9946E-05
0.286346 0.510144 0.123792 9.9973E-05 9.9973E-05 9.9973E-05 0.0200778 0.0593409
0.330406 0.34228 9.9982E-05 0.100407 0.0580951 0.0654153 9.9982E-05 0.103198
0.225275 0.0105373 0.115086 0.0231844 0.436663 0.189054 9.9982E-05 9.9982E-05
0.474543 0.0441912 0.115696 0.0637205 0.0825626 0.0412875 0.0730053 0.104993
0.0849691 0.0853039 0.113444 9.9982E-05 0.46537 0.216921 0.0337913 9.9982E-05
0.568798 9.9982E-05 0.114368 9.9982E-05 0.14869 0.0565367 0.0804601 0.0309469
0.47461 9.9982E-05 0.0100316 9.9982E-05 0.181868 0.167883 0.108083 0.057325
0.535888 9.9982E-05 0.0647597 9.9982E-05 0.257722 0.0420772 0.0909969 0.00835626
0.127706 9.9982E-05 0.103767 9.9982E-05 0.482413 0.168808 0.0927555 0.0243513
0.593143 0.076368 0.0863774 0.0522977 0.113944 0.0177883 0.0306685 0.029413
0.490951 0.0731914 0.0722171 9.9982E-05 0.20798 0.0725219 0.0829393 9.9982E-05
9.9946E-05 0.969825 9.9946E-05 9.9946E-05 9.9946E-05 0.0295749 9.9946E-05 9.9946E-05
0.114674 0.877113 9.9964E-05 9.9964E-05 0.00423743 9.9964E-05 9.9964E-05 0.00357518
0.300823 0.565933 0.029535 0.0433941 0.0600147 9.9973E-05 9.9973E-05 9.9973E-05
0.344392 0.613858 9.9955E-05 9.9955E-05 9.9955E-05 0.0412498 9.9955E-05 9.9955E-05
0.0702226 0.787257 0.0422071 0.0261399 0.0663762 9.9982E-05 9.9982E-05 0.00759713
9.9946E-05 0.970223 9.9946E-05 9.9946E-05 9.9946E-05 9.9946E-05 0.0291769 9.9946E-05
9.9955E-05 0.976032 9.9955E-05 9.9955E-05 9.9955E-05 0.018217 9.9955E-05 0.00525101
0.20996 0.78944 9.9946E-05 9.9946E-05 9.9946E-05 9.9946E-05 9.9946E-05 9.9946E-05
0.0279668 0.971434 9.9946E-05 9.9946E-05 9.9946E-05 9.9946E-05 9.9946E-05 9.9946E-05
9.994E-05 0.9993 9.994E-05 9.994E-05 9.994E-05 9.994E-05 9.994E-05 9.994E-05
9.994E-05 0.9993 9.994E-05 9.994E-05 9.994E-05 9.994E-05 9.994E-05 9.994E-05
0.146448 0.76693 9.9973E-05 0.0458681 9.9973E-05 0.0260422 9.9973E-05 0.0144112
0.0141742 0.862214 0.0601182 9.9982E-05 0.0240479 9.9982E-05 0.0317795 0.00746623
9.9946E-05 0.979441 0.0199591 9.9946E-05 9.9946E-05 9.9946E-05 9.9946E-05 9.9946E-05
0.278217 0.427859 0.0704296 0.0569081 0.0426864 0.0404454 9.9991E-05 0.0833551
0.134532 0.69427 0.0524434 0.0926364 9.9973E-05 9.9973E-05 9.9973E-05 0.025818
0.197368 0.730771 9.9982E-05 0.0312988 0.00997874 9.9982E-05 0.0131332 0.0172502
0.0693842 0.870263 9.9964E-05 0.00407238 9.9964E-05 9.9964E-05 9.9964E-05 0.0558808
9.9946E-05 0.996636 9.9946E-05 9.9946E-05 9.9946E-05 9.9946E-05 0.00276425 9.9946E-05
0.0512255 0.87716 9.9964E-05 0.0512607 9.9964E-05 9.9964E-05 0.0199536 9.9964E-05
9.994E-05 0.9993 9.994E-05 9.994E-05 9.994E-05 9.994E-05 9.994E-05 9.994E-05
0.238516 0.608012 9.9973E-05 0.0527922 0.0827749 9.9973E-05 9.9973E-05 0.0176046
0.0194996 0.899151 9.9973E-05 0.0130235 9.9973E-05 0.0329612 9.9973E-05 0.0350646
9.9973E-05 9.9973E-05 0.0189505 0.214024 0.491695 0.0271874 0.247843 9.9973E-05
0.336444 0.029666 9.9991E-05 0.158038 0.209971 0.0324659 0.143853 0.0894623
0.35277 0.0580068 0.0134787 0.138353 0.359932 0.0137335 9.9991E-05 0.063626
0.124097 0.126871 9.9982E-05 0.102382 0.360506 0.0254145 0.260529 9.9982E-05
0.514958 0.0653247 9.9982E-05 0.108095 0.163697 0.0538953 0.0938289 9.9982E-05
0.048691 0.126777 0.0932643 0.194321 0.303277 0.033633 0.199937 9.9991E-05
0.353757 0.0686639 0.063423 0.115945 0.111729 0.0442427 0.161156 0.0810833
0.232366 0.156632 0.0272237 0.116803 0.341239 0.0119657 0.113669 9.9991E-05
0.420389 0.107605 9.9964E-05 0.10876 0.362846 9.9964E-05 9.9964E-05 9.9964E-05
0.281101 0.112094 9.9982E-05 0.0930828 0.342512 0.0273226 0.143687 9.9982E-05
0.381743 0.124114 9.9973E-05 0.156711 0.29554 9.9973E-05 0.0415921 9.9973E-05
0.0239542 9.9982E-05 9.9982E-05 0.799982 0.0806837 0.0360814 0.0119057 0.0471933
9.9964E-05 0.0591582 9.9964E-05 0.822282 9.9964E-05 0.0261701 0.0919898 9.9964E-05
9.9946E-05 9.9946E-05 9.9946E-05 0.852963 9.9946E-05 9.9946E-05 0.146437 9.9946E-05
0.0378848 9.9964E-05 9.9964E-05 0.952374 9.9964E-05 9.9964E-05 0.00241207 0.00692905
0.0277142 9.9964E-05 9.9964E-05 0.839243 9.9964E-05 9.9964E-05 0.0650339 0.0676092
9.9964E-05 0.0342943 9.9964E-05 0.834052 9.9964E-05 0.0220869 0.109167 9.9964E-05
0.00131339 0.0964548 0.0495218 0.85231 9.9964E-05 9.9964E-05 9.9964E-05 9.9964E-05
0.0420524 9.9964E-05 9.9964E-05 0.824951 9.9964E-05 0.035703 0.096894 9.9964E-05
0.0586294 9.9955E-05 9.9955E-05 0.87859 9.9955E-05 9.9955E-05 0.0622812 9.9955E-05
0.0114165 0.0690873 9.9973E-05 0.762206 9.9973E-05 9.9973E-05 0.150775 0.00621539
9.9955E-05 9.9955E-05 0.160003 0.613595 9.9955E-05 9.9955E-05 9.9955E-05 0.225903
9.9973E-05 0.00791152 0.0842369 0.553509 9.9973E-05 9.9973E-05 0.0423966 0.311646
9.9982E-05 9.9982E-05 0.0807239 0.560258 0.0301965 0.0426298 0.0451479 0.240844
9.9964E-05 9.9964E-05 0.11974 0.521833 0.0683165 9.9964E-05 9.9964E-05 0.289711
0.499529 9.9973E-05 0.17453 0.0672554 0.170087 9.9973E-05 9.9973E-05 0.0882994
0.397039 0.0944884 0.322975 9.9982E-05 0.0254133 0.115442 9.9982E-05 0.0444416
0.451876 0.0743556 0.248065 0.0367656 0.0518419 0.0264541 9.9991E-05 0.110542
0.438133 9.9982E-05 0.126762 9.9982E-05 0.00641648 0.0674131 0.119626 0.241449
0.169584 9.9973E-05 0.111389 9.9973E-05 0.0886715 0.0551604 9.9973E-05 0.574895
0.555667 0.0511255 0.117025 0.128917 0.00260635 0.0911805 9.9991E-05 0.0533796
0.599824 9.9964E-05 0.301417 9.9964E-05 0.0872352 9.9964E-05 9.9964E-05 0.0111244
0.475936 0.0264594 0.300753 9.9991E-05 0.10933 0.0261235 0.00614882 0.055149
0.292774 0.0866738 0.516283 9.9973E-05 0.0384656 0.0655038 9.9973E-05 9.9973E-05
0.537135 0.0333143 0.189618 0.0652514 0.0869126 0.0125448 0.0182469 0.0569763
0.448313 9.9973E-05 0.364641 9.9973E-05 0.000602294 0.101036 9.9973E-05 0.0851077
9.9955E-05 9.9955E-05 0.647789 9.9955E-05 9.9955E-05 0.2512 9.9955E-05 0.100511
0.562446 9.9973E-05 0.0954144 0.061106 9.9973E-05 0.137239 9.9973E-05 0.143494
0.204454 9.9982E-05 0.448371 0.0231143 0.0936444 0.205998 0.024218 9.9982E-05
0.497633 9.9973E-05 0.219509 0.0224378 0.0759699 0.18415 9.9973E-05 9.9973E-05
0.132149 9.9964E-05 0.608215 0.0391303 9.9964E-05 9.9964E-05 9.9964E-05 0.220106
9.9955E-05 9.9955E-05 9.9955E-05 0.115249 0.261412 9.9955E-05 9.9955E-05 0.622839
9.9955E-05 9.9955E-05 9.9955E-05 0.0702396 0.294895 9.9955E-05 9.9955E-05 0.634365
9.9955E-05 9.9955E-05 9.9955E-05 0.0379518 0.253826 9.9955E-05 9.9955E-05 0.707722
9.9973E-05 9.9973E-05 0.0105964 0.129922 0.172234 0.0146243 9.9973E-05 0.672323
0.0557998 0.0311384 9.9964E-05 9.9964E-05 0.252785 9.9964E-05 9.9964E-05 0.659876
0.0279637 0.0501055 9.9973E-05 0.0711623 0.196692 9.9973E-05 9.9973E-05 0.653776
0.0260547 0.0847712 9.9964E-05 0.829934 9.9964E-05 0.0588402 9.9964E-05 9.9964E-05
0.105437 0.0229621 9.9964E-05 0.811493 9.9964E-05 9.9964E-05 9.9964E-05 0.0597078
0.0740515 0.121109 9.9964E-05 0.743907 0.0605321 9.9964E-05 9.9964E-05 9.9964E-05
0.0626359 0.139387 9.9964E-05 0.718861 9.9964E-05 9.9964E-05 9.9964E-05 0.0787155
0.0143661 0.137897 9.9973E-05 0.755864 0.0552066 9.9973E-05 9.9973E-05 0.0363656
9.9973E-05 9.9973E-05 0.0156206 0.371039 0.0762882 9.9973E-05 0.03099 0.505762
9.9973E-05 9.9973E-05 0.00390275 0.453789 0.152995 9.9973E-05 0.0135954 0.375418
9.9964E-05 9.9964E-05 0.0837886 0.450505 9.9964E-05 0.0857786 9.9964E-05 0.379528
0.165605 9.9955E-05 9.9955E-05 0.824547 9.9955E-05 9.9955E-05 9.9955E-05 0.00934801
9.9982E-05 9.9982E-05 0.0361843 0.371275 0.0591951 0.0321233 0.0310428 0.46998
0.288056 0.279432 9.9964E-05 0.129125 9.9964E-05 9.9964E-05 0.302987 9.9964E-05
0.498381 0.244991 0.0358593 0.123129 0.0473591 9.9982E-05 0.0500809 9.9982E-05
0.555484 0.218888 9.9964E-05 0.162822 9.9964E-05 9.9964E-05 0.0624062 9.9964E-05
0.453943 0.120655 0.0387343 0.264209 9.9973E-05 9.9973E-05 0.12216 9.9973E-05
0.437419 0.118644 0.0781929 0.190587 0.129157 0.0250954 9.9991E-05 0.0208043
9.9973E-05 0.236966 9.9973E-05 0.331827 0.0648295 0.00663986 0.359438 9.9973E-05
0.440236 9.9973E-05 0.107666 9.9973E-05 0.0479013 0.0900754 9.9973E-05 0.313821
0.408712 9.9982E-05 0.00891901 0.0113626 9.9982E-05 0.171895 0.130979 0.267932
0.288559 9.9982E-05 0.0602525 0.0723956 9.9982E-05 0.015506 0.0608929 0.502194
0.455314 9.9973E-05 0.136921 9.9973E-05 9.9973E-05 0.265411 0.0289454 0.113108
9.9964E-05 9.9964E-05 0.168815 9.9964E-05 9.9964E-05 0.509124 0.114277 0.207385
0.563276 9.9991E-05 0.0753914 0.0410796 0.096523 0.0640013 0.0528727 0.106756
0.482228 9.9982E-05 0.0959464 9.9982E-05 0.0855774 0.150182 0.0562737 0.129592
0.3696 9.9973E-05 0.13516 0.0420302 9.9973E-05 9.9973E-05 0.0371489 0.415761
0.536855 0.0119334 0.0571796 0.002044 9.9982E-05 9.9982E-05 0.101027 0.290761
0.0608213 9.9982E-05 0.214424 9.9982E-05 0.0352994 0.217664 0.213163 0.258429
0.464173 9.9973E-05 9.9973E-05 9.9973E-05 0.138151 0.271595 0.0297091 0.0960718
0.560398 0.02809 0.0519508 0.0373645 0.0101994 0.0338104 0.0271706 0.251016
0.306195 0.197455 0.186979 0.116918 9.9982E-05 9.9982E-05 0.0379701 0.154283
0.398358 9.9973E-05 0.0893004 9.9973E-05 9.9973E-05 0.20561 0.0604385 0.245993
0.420905 0.0262133 0.0739657 0.0254591 9.9991E-05 0.170461 0.0065924 0.276303
0.327796 0.1106 0.120046 0.0251654 0.21514 0.079824 0.00264636 0.118782
0.539098 9.9982E-05 0.103379 9.9982E-05 0.0753034 0.0908888 0.0377001 0.153431
0.547565 0.113026 0.023891 9.9982E-05 0.149063 0.0400411 9.9982E-05 0.126214
0.511095 0.0224912 0.133722 0.0558085 9.9991E-05 0.00288405 0.152257 0.121643
0.587983 0.0331558 0.035647 0.0277488 0.0243641 9.9991E-05 0.0927776 0.198224
0.134004 0.0862898 0.00907526 0.764321 0.00600978 9.9973E-05 9.9973E-05 9.9973E-05
0.0473348 0.066639 9.9973E-05 0.816508 9.9973E-05 0.0590994 0.0101186 9.9973E-05
0.0259812 9.9991E-05 0.0687303 0.716102 0.0131973 0.00808207 0.098351 0.0694563
9.9982E-05 0.039011 0.072819 0.815741 9.9982E-05 0.0713585 0.000133659 0.000736568
0.0968495 0.0576056 9.9964E-05 0.8235 0.0216453 9.9964E-05 9.9964E-05 9.9964E-05
0.185064 0.0466267 0.112265 9.9973E-05 9.9973E-05 9.9973E-05 0.095799 0.559945
0.523896 0.0155958 0.141612 0.0996069 0.0436936 0.0725928 9.9991E-05 0.102903
0.388414 0.141853 9.9991E-05 0.142911 0.0981732 0.0912294 0.106378 0.0309401
0.733045 9.9964E-05 0.0178253 9.9964E-05 9.9964E-05 9.9964E-05 0.065742 0.182988
0.548313 9.9973E-05 0.0182077 0.104605 9.9973E-05 0.046929 9.9973E-05 0.281645
0.300207 0.00781194 9.9991E-05 0.011535 0.00113875 0.167425 0.168628 0.343154
0.0334157 9.9982E-05 0.149103 0.0487488 9.9982E-05 0.0458646 0.173704 0.548964
0.525816 0.0189922 0.063431 0.0469689 0.0241686 0.0638025 9.9991E-05 0.256721
0.115819 0.0564243 0.0615483 0.0977397 0.0669215 0.0683245 0.00188378 0.531339
0.374397 0.061856 0.167508 9.9982E-05 9.9982E-05 0.131276 0.06122 0.203543
0.111624 0.00745811 0.152919 0.153173 9.9991E-05 0.0581581 0.039141 0.477427
0.513738 0.0404469 0.064253 0.0440921 0.0361116 9.9991E-05 0.0818672 0.219391
0.185443 9.9973E-05 0.100125 0.10412 9.9973E-05 0.126151 9.9973E-05 0.483861
0.303296 0.0612363 0.152931 9.9991E-05 0.0651002 0.0729119 0.045661 0.298764
0.368337 0.0979322 0.0595222 0.0316555 0.286723 0.0724133 0.0249185 0.0584979
0.184317 0.0252354 9.9982E-05 9.9982E-05 0.583934 0.0899901 0.0462553 0.0700681
0.539429 0.00581145 9.9982E-05 0.0393181 0.397601 0.0110669 9.9982E-05 0.00657391
0.574676 9.9982E-05 0.0187713 0.131069 0.13968 0.0554078 0.080196 9.9982E-05
0.248722 9.9973E-05 0.00978062 9.9973E-05 0.584788 0.14589 0.010519 9.9973E-05
0.440275 0.0749487 0.0745744 0.0980464 0.155942 0.0786761 9.9991E-05 0.0774382
0.491365 9.9973E-05 0.143714 0.0235671 0.250371 0.090683 9.9973E-05 9.9973E-05
9.9964E-05 9.9964E-05 0.127494 9.9964E-05 0.664424 0.151819 9.9964E-05 0.0558634
0.139785 9.9973E-05 0.0749929 9.9973E-05 0.538901 0.119571 0.12645 9.9973E-05
0.402639 9.9982E-05 0.0850328 9.9982E-05 0.296667 0.0977598 0.0216853 0.0960162
0.0679274 9.9982E-05 0.190736 9.9982E-05 0.588374 0.0745314 0.0232819 0.0549491
0.394226 9.9982E-05 0.0637057 9.9982E-05 0.402732 0.015522 0.0189891 0.104625
0.091871 0.0281919 0.235753 9.9982E-05 9.9982E-05 0.0331814 0.0883261 0.522476
0.205498 9.9973E-05 0.0788619 9.9973E-05 9.9973E-05 0.27949 0.114915 0.320935
0.371266 0.00530813 0.095586 0.0287176 9.9991E-05 0.0221702 0.0897327 0.38712
0.660698 0.0446573 0.0174762 9.9982E-05 9.9982E-05 0.0195604 0.0651656 0.192242
0.274365 0.00927953 0.252821 9.9991E-05 0.00199096 0.00301368 0.00129474 0.457136
0.39071 0.110118 0.0786652 9.9991E-05 0.0497639 0.0603762 0.133952 0.176315
0.538823 9.9991E-05 0.12905 0.00939084 0.0142476 0.000486472 0.165934 0.141967
0.541774 0.0704374 0.0627645 9.9991E-05 0.0658734 0.0654552 0.0156542 0.177942
0.499527 0.0556032 0.0303711 0.00363318 9.9982E-05 0.0909763 9.9982E-05 0.319689
0.459398 9.9982E-05 0.0993352 0.0766526 0.0750355 0.0254839 9.9982E-05 0.263895
0.273288 0.0584703 0.129078 9.9973E-05 9.9973E-05 9.9973E-05 0.0415663 0.497297
0.276558 0.157472 0.0227263 9.9982E-05 9.9982E-05 0.0516685 0.0167249 0.47465
0.541129 0.0413985 0.0501065 9.9991E-05 0.0333786 0.143421 0.00377397 0.186691
0.59906 0.0121007 9.9991E-05 0.0577798 0.0969678 0.0979845 0.00637862 0.129628
0.441208 9.9964E-05 9.9964E-05 9.9964E-05 9.9964E-05 0.0985494 0.2135 0.246342
0.481319 0.0608341 0.0627882 9.9973E-05 9.9973E-05 0.16325 9.9973E-05 0.231508
0.388669 0.0802129 0.0072327 9.9973E-05 9.9973E-05 9.9973E-05 0.102987 0.420598
0.591749 9.9973E-05 0.0195817 9.9973E-05 0.0402376 0.155565 9.9973E-05 0.192567
0.512214 0.0357834 0.0606994 0.0469083 0.0213058 0.0407884 9.9991E-05 0.282201
0.526362 0.0728132 0.0357505 0.139247 0.0329575 0.134421 0.0278113 0.0306373
0.46853 0.0285467 0.0401487 0.307305 0.0268555 9.9982E-05 0.128414 9.9982E-05
0.427367 0.213561 0.122538 0.128777 9.9973E-05 9.9973E-05 0.107457 9.9973E-05
0.500993 0.125685 0.060625 0.213062 0.0669262 9.9991E-05 0.0216608 0.0109471
0.574959 0.0282051 0.0582214 0.0579984 0.162595 0.0514373 0.0412875 0.0252961
0.492174 0.160836 0.084149 0.0803603 9.9982E-05 0.0942832 0.0879976 9.9982E-05
0.480539 0.00332317 9.9982E-05 9.9982E-05 0.102784 0.241827 0.00968736 0.161641
0.515207 0.0391743 0.0758834 0.122058 0.0241877 0.0395009 0.183889 9.9991E-05
9.9991E-05 0.0989744 0.2157 0.135483 0.151109 0.0258162 0.3545 0.0183176
0.439948 0.2351 9.9982E-05 0.0682275 9.9982E-05 0.0725265 0.0534751 0.130523
0.614866 0.133804 0.0654414 0.0971635 9.9982E-05 0.0799151 9.9982E-05 0.0086109
0.425807 0.197176 0.055373 0.0935797 9.9991E-05 0.106836 0.0987306 0.0223976
0.33866 0.0772702 0.0553708 0.138616 0.0484053 9.9991E-05 0.252866 0.0887116
0.575967 0.119974 9.9973E-05 0.160083 0.0395517 9.9973E-05 0.104124 9.9973E-05
0.549821 0.128741 9.9982E-05 0.0739331 0.0766601 0.0886775 0.0819677 9.9982E-05
9.9973E-05 0.121975 0.0711105 0.321052 9.9973E-05 0.00641396 0.479148 9.9973E-05
0.622625 0.160854 0.0144198 0.121411 9.9982E-05 9.9982E-05 0.0692332 0.0112568
0.492921 0.143015 0.030194 0.148537 0.00992505 0.0102002 0.118342 0.0468657
0.470668 0.194859 9.9991E-05 0.110486 0.0305193 0.113637 0.056686 0.0230458
0.581274 0.140717 9.9973E-05 0.110981 9.9973E-05 0.00434413 0.162384 9.9973E-05
0.475842 0.0864971 0.0614545 0.213621 0.0516307 0.0774226 9.9991E-05 0.0334322
0.335306 0.0762509 0.0280585 0.0862082 9.9973E-05 0.473876 9.9973E-05 9.9973E-05
0.535474 0.000631818 0.133014 0.0200246 0.0597251 0.0812489 0.149353 0.0205293
9.9964E-05 9.9964E-05 0.131562 9.9964E-05 0.0166848 0.773227 9.9964E-05 0.0781263
9.9964E-05 9.9964E-05 0.00459481 0.0180645 9.9964E-05 0.896015 9.9964E-05 0.0809255
0.518333 0.00397549 9.9973E-05 0.0922128 9.9973E-05 0.283782 9.9973E-05 0.101397
0.345159 0.279673 9.9982E-05 0.0425871 0.0907951 0.0920516 0.149534 9.9982E-05
0.256245 0.348768 9.9973E-05 0.00663673 9.9973E-05 0.184296 0.203755 9.9973E-05
0.163811 0.255188 9.9991E-05 0.165456 0.105889 0.111052 0.176236 0.0222698
0.293302 0.253982 9.9982E-05 0.121933 9.9982E-05 0.176619 0.125289 0.0286751
0.00629643 0.0577674 9.9982E-05 0.00924635 0.112193 0.641027 0.17327 9.9982E-05
0.178132 0.0559978 9.9973E-05 0.0509516 9.9973E-05 0.559849 0.154769 9.9973E-05
0.496292 0.0875037 9.9982E-05 0.0254068 0.019333 0.367609 0.0036557 9.9982E-05
0.404992 0.0814675 9.9964E-05 0.0686574 9.9964E-05 0.444484 9.9964E-05 9.9964E-05
0.165759 0.0832367 9.9973E-05 0.0821893 9.9973E-05 0.616486 0.0520294 9.9973E-05
0.496485 0.0788679 0.0111815 0.0263438 9.9991E-05 0.315784 0.064063 0.00717439
0.532448 0.0435162 9.9973E-05 9.9973E-05 0.0354136 0.302521 0.085801 9.9973E-05
0.444382 0.0221445 0.131261 0.115811 9.9991E-05 0.154468 0.0892715 0.042563
0.300029 9.9973E-05 0.0286633 0.0333243 9.9973E-05 0.603159 9.9973E-05 0.0345245
0.265099 0.0461784 0.0343094 9.9973E-05 0.106409 0.547705 9.9973E-05 9.9973E-05
0.522993 0.0662278 0.0630587 0.0210336 0.0264826 0.277912 0.0221918 9.9991E-05
0.294657 0.0816616 0.0544532 0.0311084 0.103659 0.368128 9.9991E-05 0.0662325
0.344996 0.13289 0.0819848 0.0746369 0.0822009 0.144679 0.0491773 0.0894346
0.422464 9.9964E-05 9.9964E-05 0.0198913 0.13537 0.421874 9.9964E-05 9.9964E-05
0.18625 9.9964E-05 9.9964E-05 9.9964E-05 0.0540884 0.707039 9.9964E-05 0.052223
0.507718 0.0176107 0.0785885 0.0409309 9.9982E-05 0.343504 0.011448 9.9982E-05
0.163426 9.9964E-05 0.00212737 9.9964E-05 9.9964E-05 0.790685 9.9964E-05 0.0433627
0.3379 0.00798201 9.9973E-05 0.0296742 0.0989433 0.5252 9.9973E-05 9.9973E-05
0.498238 0.0257957 0.0954892 0.101973 9.9982E-05 0.260137 0.0181674 9.9982E-05
0.482829 9.9982E-05 0.0794253 0.034187 0.0953042 0.287474 9.9982E-05 0.0205807
0.42835 0.175415 0.146963 0.122826 0.00733891 0.0527085 0.0662984 9.9991E-05
0.27696 0.161923 0.0431656 0.121816 0.0226382 0.221406 0.0458355 0.106256
0.339968 0.235873 0.030215 0.134885 0.0163556 0.0595113 0.121021 0.0621709
0.265524 0.20828 0.0343218 0.149348 0.104474 0.121642 0.0745422 0.0418681
0.41061 0.199515 0.0357056 0.143977 9.9982E-05 0.0594503 9.9982E-05 0.150542
0.413149 0.166056 9.9982E-05 0.118923 0.0357445 0.181977 0.083951 9.9982E-05
9.9964E-05 0.0621508 9.9964E-05 0.157753 9.9964E-05 0.571431 0.208265 9.9964E-05
0.583937 0.145568 9.9991E-05 0.0794492 0.0336369 0.0563568 0.0992312 0.00172146
9.9964E-05 0.0837686 9.9964E-05 0.29208 9.9964E-05 0.425679 0.198072 9.9964E-05
0.567045 0.111848 9.9964E-05 0.0883771 9.9964E-05 0.232329 9.9964E-05 9.9964E-05
0.0623649 9.9964E-05 0.0655692 9.9964E-05 0.126896 0.74477 9.9964E-05 9.9964E-05
9.9955E-05 9.9955E-05 0.0639348 0.00694192 9.9955E-05 0.928624 9.9955E-05 9.9955E-05
0.480028 9.9946E-05 9.9946E-05 9.9946E-05 9.9946E-05 0.519373 9.9946E-05 9.9946E-05
0.588169 9.9955E-05 9.9955E-05 0.0223279 9.9955E-05 0.389003 9.9955E-05 9.9955E-05
0.378369 9.9973E-05 0.00162171 9.9973E-05 0.0513944 0.550546 9.9973E-05 0.0177693
0.417098 0.00945121 0.11244 0.0241313 9.9973E-05 0.43658 9.9973E-05 9.9973E-05
0.498337 9.9955E-05 9.9955E-05 0.0131977 9.9955E-05 0.487965 9.9955E-05 9.9955E-05
0.0416686 0.032172 0.0177299 0.797892 0.0276012 0.0674694 0.00906163 0.00640488
9.9982E-05 0.117817 0.0208913 0.687761 0.0433395 9.9982E-05 0.00506202 0.12493
0.0104697 0.0778056 9.9964E-05 0.884383 9.9964E-05 9.9964E-05 9.9964E-05 0.0269416
0.0330315 9.9964E-05 9.9964E-05 0.879877 9.9964E-05 0.0607384 0.0259534 9.9964E-05
0.443141 0.0116789 0.392149 0.0986531 9.9991E-05 0.0212618 0.0295713 0.00344529
0.43266 0.0452459 0.336742 0.0490182 9.9982E-05 0.0901748 0.0459587 9.9982E-05
0.538338 9.9973E-05 0.414768 0.00316928 9.9973E-05 9.9973E-05 0.00227165 0.0411524
0.514828 9.9964E-05 0.31648 0.091781 0.0765112 9.9964E-05 9.9964E-05 9.9964E-05
0.461245 0.0518541 0.127928 0.0476161 0.226132 9.9982E-05 9.9982E-05 0.085025
0.163451 0.0148722 0.565382 0.00981018 0.105025 9.9991E-05 0.0410621 0.100298
0.549147 0.0352767 0.407348 0.00229335 9.9973E-05 9.9973E-05 9.9973E-05 0.0056357
0.246061 0.00796333 0.47318 0.0284151 0.221559 0.0226219 9.9982E-05 9.9982E-05
0.442818 0.125248 9.9991E-05 0.207709 0.0696706 0.00691105 0.0735318 0.0740125
0.461875 9.9973E-05 0.256099 9.9973E-05 9.9973E-05 0.138449 0.0683966 0.0748811
0.289213 9.9973E-05 0.545318 0.00256418 9.9973E-05 9.9973E-05 0.00544138 0.157164
0.462706 9.9964E-05 0.32788 9.9964E-05 9.9964E-05 0.140406 9.9964E-05 0.0686078
0.385551 9.9973E-05 0.453402 0.0314215 9.9973E-05 0.0803684 9.9973E-05 0.0489572
0.595406 9.9964E-05 0.346274 9.9964E-05 9.9964E-05 9.9964E-05 0.0435995 0.0143211
0.571962 9.9955E-05 0.360638 0.0668999 9.9955E-05 9.9955E-05 9.9955E-05 9.9955E-05
0.0351363 9.9964E-05 0.858075 9.9964E-05 0.0271762 0.0792125 9.9964E-05 9.9964E-05
0.242209 0.0277346 0.519357 9.9991E-05 0.103738 0.0698813 0.0182726 0.0187082
0.338844 9.9973E-05 0.493699 9.9973E-05 9.9973E-05 0.0681698 0.035695 0.0632931
9.9955E-05 9.9955E-05 0.826584 9.9955E-05 9.9955E-05 0.118178 0.0547385 9.9955E-05
0.415295 0.0538595 0.410784 0.00314106 0.00372433 9.9982E-05 9.9982E-05 0.112996
0.0525477 9.9973E-05 0.678915 9.9973E-05 0.159938 0.0110741 0.0972256 9.9973E-05
9.9955E-05 9.9955E-05 0.724176 9.9955E-05 9.9955E-05 0.160634 0.114691 9.9955E-05
0.56746 0.0409503 0.276525 0.0160382 9.9991E-05 0.0236641 0.0582128 0.0170494
0.204774 9.9973E-05 0.660326 0.0395958 0.0597536 9.9973E-05 9.9973E-05 0.0352505
0.292614 0.0919793 0.418225 9.9973E-05 0.094905 9.9973E-05 9.9973E-05 0.101976
0.561643 0.0873011 0.248503 0.037244 9.9982E-05 0.0581944 0.00691477 9.9982E-05
0.536786 9.9964E-05 0.374631 9.9964E-05 9.9964E-05 9.9964E-05 0.027268 0.0609153
0.334895 0.0424091 0.107502 9.9982E-05 9.9982E-05 0.194667 0.0630935 0.257233
0.449313 0.0667296 0.275802 9.9982E-05 0.0323522 0.0858856 9.9982E-05 0.0897176
0.339867 0.110755 0.387917 9.9973E-05 0.0042863 9.9973E-05 9.9973E-05 0.156875
0.292122 9.9964E-05 0.627433 9.9964E-05 0.0548685 0.0251772 9.9964E-05 9.9964E-05
0.444545 0.0321188 0.250978 9.9991E-05 0.0753985 0.0687081 0.0767267 0.0514247
9.9964E-05 0.00612377 9.9964E-05 0.597843 0.132485 9.9964E-05 9.9964E-05 0.263148
0.0604961 9.9991E-05 0.0764481 0.743986 0.00945844 0.015199 0.0190957 0.0752168
9.9973E-05 9.9973E-05 0.00303265 0.783278 0.0457908 9.9973E-05 0.0443289 0.12327
9.9973E-05 9.9973E-05 0.0342031 0.771765 9.9973E-05 0.0174984 0.0762951 0.0999388
0.0108779 9.9964E-05 9.9964E-05 0.700941 0.12452 9.9964E-05 9.9964E-05 0.163262
0.130197 9.9964E-05 0.650688 0.0435591 9.9964E-05 9.9964E-05 9.9964E-05 0.175156
0.110804 9.9982E-05 0.689462 0.109905 0.0211249 9.9982E-05 0.00744646 0.0610583
0.109817 0.00747733 0.78322 9.9973E-05 0.0745653 0.0246202 9.9973E-05 9.9973E-05
0.405896 0.0748581 0.24049 0.092334 0.097284 0.088938 9.9982E-05 9.9982E-05
0.493796 9.9982E-05 0.21741 0.187493 0.0265711 0.0554226 9.9982E-05 0.0191072
0.273156 9.9982E-05 0.599406 0.0113237 0.0891521 0.0258938 0.000868271 9.9982E-05
0.482961 0.118199 0.204058 9.9973E-05 0.138149 0.0563323 9.9973E-05 9.9973E-05
0.320573 0.0454493 0.519297 9.9964E-05 0.114281 9.9964E-05 9.9964E-05 9.9964E-05
0.486261 9.9982E-05 0.406572 0.0286216 0.0392322 0.00828801 9.9982E-05 0.0308246
0.612379 0.0260797 0.270816 9.9973E-05 9.9973E-05 0.0538628 0.036563 9.9973E-05
0.245021 0.0288003 0.522232 9.9973E-05 0.0692133 9.9973E-05 9.9973E-05 0.134433
0.332634 9.9964E-05 0.545669 0.0231365 9.9964E-05 9.9964E-05 9.9964E-05 0.0981606
0.29327 9.9955E-05 0.576317 9.9955E-05 9.9955E-05 9.9955E-05 9.9955E-05 0.129913
0.564654 9.9973E-05 9.9973E-05 0.092449 0.277947 9.9973E-05 0.025422 0.0392277
0.372536 9.9955E-05 0.619019 0.00794483 9.9955E-05 9.9955E-05 9.9955E-05 9.9955E-05
0.423869 0.0336209 0.425472 0.0581961 9.9973E-05 9.9973E-05 9.9973E-05 0.0585418
0.409517 0.367742 9.9973E-05 0.100802 0.108064 9.9973E-05 0.0135737 9.9973E-05
0.351836 0.43428 9.9982E-05 0.0754747 0.0251356 0.0953472 0.0177271 9.9982E-05
0.449933 0.379652 9.9973E-05 0.0333054 0.0601014 9.9973E-05 0.0767085 9.9973E-05
0.418405 0.346502 9.9964E-05 0.0101184 9.9964E-05 9.9964E-05 0.224574 9.9964E-05
0.466581 0.328901 9.9982E-05 0.0707928 9.9982E-05 0.00288185 0.0419882 0.0886554
0.359699 0.084072 0.354788 0.0350498 0.127129 0.0390624 9.9982E-05 9.9982E-05
0.0600181 0.607736 9.9964E-05 0.192238 9.9964E-05 9.9964E-05 0.139608 9.9964E-05
0.343346 0.397883 9.9973E-05 0.126785 9.9973E-05 0.0381137 0.0935715 9.9973E-05
0.381328 0.120718 0.045805 0.0507273 0.30797 9.9982E-05 0.0932523 9.9982E-05
0.440484 9.9973E-05 9.9973E-05 0.111566 0.418168 0.00412735 9.9973E-05 0.0253551
0.409823 9.9964E-05 9.9964E-05 0.0776808 0.476052 9.9964E-05 9.9964E-05 0.0360446
0.605716 0.00931193 9.9964E-05 0.0368559 0.347717 9.9964E-05 9.9964E-05 9.9964E-05
0.584731 0.0461947 0.0313896 0.037054 0.218418 9.9991E-05 0.0562586 0.025854
0.435914 0.267423 9.9973E-05 0.192835 9.9973E-05 0.0209089 0.0826198 9.9973E-05
0.446878 0.355581 9.9991E-05 0.0973115 0.0314484 0.025707 0.0149307 0.0280432
0.455773 0.401072 9.9964E-05 0.101655 9.9964E-05 9.9964E-05 0.0411004 9.9964E-05
0.533237 0.187553 9.9973E-05 0.12783 9.9973E-05 9.9973E-05 0.113538 0.0375425
0.328129 0.430362 0.00497986 0.0552678 9.9973E-05 9.9973E-05 0.180962 9.9973E-05
0.321303 0.349255 0.0169602 0.123377 0.0228537 0.110121 0.000669821 0.0554601
0.296041 0.507816 9.9964E-05 0.0572585 9.9964E-05 9.9964E-05 0.138485 9.9964E-05
0.462142 0.369529 0.0230679 0.0727805 0.00285279 0.0516469 0.00734744 0.0106332
0.5112 0.00023214 0.0637066 0.0780286 0.346532 9.9973E-05 9.9973E-05 9.9973E-05
0.315808 0.415669 0.0421073 0.154023 0.0187522 0.000889296 0.0414031 0.0113477
0.243551 0.509486 9.9964E-05 0.127125 9.9964E-05 9.9964E-05 0.119438 9.9964E-05
0.4135 0.218305 0.0345133 0.0954268 0.0179312 0.00853177 0.179639 0.0321525
0.10521 9.9973E-05 0.0251889 0.146856 0.579216 9.9973E-05 9.9973E-05 0.143229
0.495905 0.102155 9.9964E-05 9.9964E-05 0.392481 0.00905887 9.9964E-05 9.9964E-05
0.33661 0.265845 9.9973E-05 0.110022 9.9973E-05 9.9973E-05 0.128193 0.15903
0.544489 9.9973E-05 0.0261676 0.0567502 0.352755 9.9973E-05 9.9973E-05 0.0195389
0.41776 9.9973E-05 0.0729279 0.0989226 0.357526 9.9973E-05 0.052564 9.9973E-05
0.3008 0.228186 0.0144438 0.097766 0.172423 0.0829182 0.103363 9.9991E-05
0.338429 0.258527 0.0454511 0.202041 9.9991E-05 0.01965 0.104061 0.0317406
0.525672 0.0844606 0.0510589 0.15122 0.187289 9.9973E-05 9.9973E-05 9.9973E-05
0.384781 0.361622 0.0224138 0.0498095 0.115601 9.9982E-05 0.0655729 9.9982E-05
0.354421 0.448453 9.9982E-05 0.0785113 0.0610025 0.0322778 0.0251347 9.9982E-05
0.182105 0.530668 9.9964E-05 0.150424 9.9964E-05 9.9964E-05 0.136403 9.9964E-05
0.624052 0.0119725 0.064083 0.13329 0.132517 9.9982E-05 0.0338865 9.9982E-05
0.406215 9.9973E-05 0.0189804 0.0978164 0.449565 9.9973E-05 9.9973E-05 0.0271226
0.109648 0.0484113 9.9982E-05 0.0438212 0.675942 0.0473027 0.0746749 9.9982E-05
0.620367 9.9973E-05 0.074708 0.0994319 0.105783 9.9973E-05 0.0994094 9.9973E-05
0.342207 0.0373107 0.105843 0.129715 0.0874047 0.0900225 0.0315168 0.175981
0.455937 0.054159 0.141778 0.178972 9.9973E-05 9.9973E-05 0.168855 9.9973E-05
0.500229 0.0568223 9.9991E-05 0.0164498 0.00549888 0.128522 0.204001 0.0883781
0.0102284 0.0578602 0.0398819 9.9964E-05 9.9964E-05 9.9964E-05 0.89163 9.9964E-05
9.994E-05 9.994E-05 9.994E-05 9.994E-05 9.994E-05 9.994E-05 0.9993 9.994E-05
0.372714 0.00446925 0.0599209 9.9982E-05 9.9982E-05 0.00859099 0.504476 0.0496288
