9.9955E-05 9.9955E-05 9.9955E-05 9.9955E-05 0.0511639 0.00742726 0.906671 9.9955E-05 0.0342384
9.9955E-05 0.00934065 0.0238278 9.9955E-05 0.00807154 9.9955E-05 0.95826 9.9955E-05 9.9955E-05
9.9964E-05 0.096372 0.0263278 9.9964E-05 9.9964E-05 0.0499314 0.819047 9.9964E-05 0.00792191
9.9955E-05 0.0625895 9.9955E-05 9.9955E-05 9.9955E-05 0.119281 0.785054 9.9955E-05 0.0325754
0.0140042 0.0124848 9.9955E-05 9.9955E-05 9.9955E-05 0.0721974 0.900814 9.9955E-05 9.9955E-05
0.271515 9.9964E-05 9.9964E-05 9.9964E-05 0.040071 9.9964E-05 0.642618 0.007269 0.0381272
0.212066 9.9946E-05 9.9946E-05 0.016585 9.9946E-05 9.9946E-05 0.770749 9.9946E-05 9.9946E-05
0.249368 9.9955E-05 9.9955E-05 0.00643092 9.9955E-05 9.9955E-05 0.686914 9.9955E-05 0.0567869
9.99459E-05 9.99459E-05 9.99459E-05 0.0656107 9.99459E-05 9.99459E-05 0.824481 9.99459E-05 0.109308
0.217366 9.9955E-05 9.9955E-05 0.0335824 9.9955E-05 9.9955E-05 0.742827 9.9955E-05 0.00572467
0.28852 9.9955E-05 9.9955E-05 9.9955E-05 9.9955E-05 9.9955E-05 0.695427 0.00308623 0.0124666
0.143902 0.0538649 0.198483 0.0338984 0.0278442 0.12829 9.9982E-05 9.9982E-05 0.413518
0.124893 0.00410307 0.103258 0.00873994 0.0336708 0.435746 0.0622585 0.0226274 0.204704
0.0261412 0.103505 0.121959 9.9973E-05 0.0670422 0.246919 9.9973E-05 9.9973E-05 0.434134
0.105837 0.0754319 0.0890888 9.9982E-05 0.0975179 0.237928 9.9982E-05 0.000487108 0.39351
0.0928346 0.0659977 0.0549549 9.9982E-05 0.105712 0.373585 0.043703 9.9982E-05 0.263013
0.10241 0.0514727 0.109926 0.000961784 0.0630371 0.502739 0.0217465 9.9991E-05 0.147607
0.146486 0.0347115 0.16335 9.9982E-05 0.0203526 0.393364 9.9982E-05 0.00845276 0.233083
0.0138431 0.113371 0.0769362 9.9991E-05 0.0416585 0.272146 0.093479 0.000651737 0.387815
0.236287 0.0479179 0.122315 9.9955E-05 9.9955E-05 9.9955E-05 9.9955E-05 9.9955E-05 0.59298
0.0806257 0.0518496 0.170742 9.9982E-05 0.0309652 0.343344 9.9982E-05 0.00982933 0.312444
0.0966147 0.0523563 0.0223163 0.193267 0.0129987 0.443022 9.9991E-05 0.0667747 0.112551
0.124618 9.9982E-05 0.146936 9.9982E-05 0.0238411 0.458501 0.00933532 0.0178048 0.218764
0.194682 0.0274101 0.156913 9.9982E-05 0.0664929 0.144633 0.0420772 9.9982E-05 0.367592
0.0690533 9.9991E-05 0.0133629 0.0516177 0.0596555 0.568888 0.122272 0.0398768 0.0751746
0.128148 0.0353766 0.103599 9.9982E-05 0.0230254 0.462678 0.0216727 9.9982E-05 0.2253
0.135301 0.0545107 0.14453 9.9973E-05 0.0393672 0.144496 9.9973E-05 9.9973E-05 0.481495
0.108459 0.0657691 0.132947 9.9982E-05 0.087973 0.21511 0.0104848 9.9982E-05 0.379057
0.22863 0.0556074 0.157586 0.0425721 9.9973E-05 0.112248 9.9973E-05 9.9973E-05 0.403057
9.9946E-05 9.9946E-05 9.9946E-05 9.9946E-05 0.00980803 0.108673 0.88092 9.9946E-05 9.9946E-05
9.9955E-05 9.9955E-05 0.00310506 9.9955E-05 9.9955E-05 0.119752 0.875212 0.00143175 9.9955E-05
9.9964E-05 0.013682 9.9964E-05 9.9964E-05 0.0661184 0.115929 0.794066 9.9964E-05 0.00980469
9.9964E-05 0.0464911 0.0322027 9.9964E-05 0.0535208 0.15307 0.714315 9.9964E-05 9.9964E-05
0.25645 9.9982E-05 0.241181 0.0569234 9.9982E-05 0.320077 0.0459149 0.00738607 0.071867
0.0784908 0.00685578 0.331295 0.00564894 0.0762733 0.373723 0.0700245 0.00921721 0.048471
0.00719052 9.9955E-05 0.287644 0.172304 9.9955E-05 0.532361 9.9955E-05 9.9955E-05 9.9955E-05
9.9964E-05 9.9964E-05 0.0786666 0.0763875 9.9964E-05 0.225597 0.0336113 9.9964E-05 0.585337
9.9964E-05 9.9964E-05 0.37608 0.342095 0.00747773 0.269373 9.9964E-05 0.0045748 9.9964E-05
0.0289941 9.9982E-05 0.200381 0.0652677 0.00377732 0.529493 0.0862123 9.9982E-05 0.085675
0.136808 9.9973E-05 0.167404 0.0756886 0.0140415 0.603247 0.00251098 9.9973E-05 9.9973E-05
0.625478 9.9964E-05 0.0822931 9.9964E-05 0.00893526 0.245297 0.0375969 9.9964E-05 9.9964E-05
0.268512 9.9982E-05 0.156418 9.9982E-05 0.00075559 0.452221 0.0898646 0.017114 0.0149139
9.9964E-05 0.0374223 0.702501 0.0559205 9.9964E-05 0.0168375 9.9964E-05 9.9964E-05 0.186919
0.355277 0.0254018 9.9991E-05 0.0573901 0.0240801 0.488016 0.0153965 0.0320724 0.00226662
0.0412482 9.9991E-05 0.23176 0.0626949 0.0351758 0.485514 0.083903 0.0415011 0.0181033
0.202234 0.0145489 0.0813125 0.013275 9.9991E-05 0.513675 0.105885 0.0312509 0.0377193
9.9964E-05 0.00363981 0.477589 0.192697 9.9964E-05 0.28949 9.9964E-05 0.0361849 9.9964E-05
0.0347584 0.02963 0.256724 0.0291326 0.000693467 0.530319 0.0917792 9.9991E-05 0.0268625
0.187343 9.9973E-05 0.236857 9.9973E-05 0.0580188 0.380902 0.0782042 0.0583752 9.9973E-05
9.9946E-05 9.9946E-05 0.272197 0.712708 9.9946E-05 9.9946E-05 0.0144957 9.9946E-05 9.9946E-05
0.0859682 9.9973E-05 0.155145 0.0582681 9.9973E-05 0.141642 9.9973E-05 0.0228618 0.535815
9.9964E-05 9.9964E-05 9.9964E-05 0.497189 0.0143212 0.287967 0.02456 9.9964E-05 0.175563
0.0408026 0.0208713 9.9982E-05 0.130924 0.0347989 0.637382 0.047605 9.9982E-05 0.0874158
0.0350804 0.057692 9.9991E-05 0.107808 0.01724 0.618346 0.0682224 0.0452188 0.0502924
0.012824 0.00367995 9.9991E-05 0.137554 0.0318796 0.650417 0.0910071 0.0255348 0.0470032
0.0208243 0.0127066 0.0943485 0.109214 9.9982E-05 0.212127 0.108305 9.9982E-05 0.442275
9.9964E-05 0.0104371 0.0460313 0.0680473 9.9964E-05 0.57191 9.9964E-05 9.9964E-05 0.303175
0.0874323 0.0326344 0.106342 0.0378815 0.0406844 0.505537 0.0693206 0.0125063 0.107661
0.104372 0.0540343 0.129302 9.9991E-05 0.0341545 0.298488 0.0692827 0.0615221 0.248744
0.0470429 9.9973E-05 0.0730622 0.177606 9.9973E-05 0.169293 0.158482 9.9973E-05 0.374214
0.0222703 0.0491183 0.0665846 0.0538395 0.0102726 0.567587 0.0774884 0.0168571 0.135982
0.0608352 0.0191872 0.103256 0.00111366 0.0449512 0.415949 0.046065 0.0713531 0.23729
0.0985677 0.010141 0.144005 0.1648 9.9982E-05 0.0503274 0.0466764 9.9982E-05 0.485282
0.0235684 0.0200183 0.173187 0.0385275 9.9982E-05 0.395064 9.9982E-05 0.0307329 0.318702
9.999E-05 0.00718094 0.0464286 0.106053 0.0223005 0.582627 0.0660586 0.0982645 0.0709869
0.0417742 9.9982E-05 0.00492914 0.0655069 9.9982E-05 0.631828 0.0923642 0.0201659 0.143231
0.0640693 0.0289216 0.185172 0.0662476 0.0402452 0.225655 0.0683333 9.9991E-05 0.321255
0.0514519 9.9991E-05 0.0621962 0.0764709 0.0416078 0.46019 0.0469409 0.0719067 0.189135
9.999E-05 0.0167788 0.134755 0.0433811 0.0207861 0.550141 0.0447184 0.0554813 0.133858
0.0684526 0.0426796 0.167653 0.0871312 9.9982E-05 0.190124 9.9982E-05 0.0126099 0.43115
0.0273313 9.9964E-05 0.559765 9.9964E-05 9.9964E-05 0.350059 0.0201629 9.9964E-05 0.0422819
9.9955E-05 9.9955E-05 0.870365 9.9955E-05 0.0199843 9.9955E-05 0.0361365 9.9955E-05 0.0730147
0.0730945 0.0588393 0.279988 9.9982E-05 0.0188015 0.432306 0.0767314 9.9982E-05 0.0600392
9.9937E-05 9.9937E-05 0.622841 0.376459 9.9937E-05 9.9937E-05 9.9937E-05 9.9937E-05 9.9937E-05
9.9937E-05 9.9937E-05 0.620121 0.379179 9.9937E-05 9.9937E-05 9.9937E-05 9.9937E-05 9.9937E-05
9.9955E-05 9.9955E-05 0.608238 0.225724 9.9955E-05 0.136731 9.9955E-05 0.0288073 9.9955E-05
0.0210973 0.014056 0.489168 0.00306759 9.9982E-05 0.39271 0.0365165 9.9982E-05 0.0431848
0.0262098 0.0845707 0.146609 0.0202885 0.063655 0.484128 0.0674277 0.0153952 0.0917156
9.9964E-05 0.0208223 0.52974 0.0752328 9.9964E-05 0.357694 9.9964E-05 0.0161111 9.9964E-05
0.00543123 0.0442764 0.736897 9.9973E-05 9.9973E-05 9.9973E-05 0.00920892 0.0189302 0.184956
0.104015 9.9964E-05 0.680057 9.9964E-05 9.9964E-05 0.0411466 9.9964E-05 0.0214707 0.15291
0.0271771 0.0135928 0.319199 0.0894162 0.0250821 0.423583 0.0829871 0.00407923 0.0148831
0.0145036 9.9973E-05 0.703951 9.9973E-05 0.0463448 0.133479 0.0438985 9.9973E-05 0.0575238
0.000759823 9.9973E-05 0.545321 9.9973E-05 9.9973E-05 0.309341 0.0314186 0.0348854 0.0779741
9.9964E-05 0.0256004 0.471216 0.0847825 9.9964E-05 0.37274 9.9964E-05 0.0452607 9.9964E-05
9.9946E-05 0.0213154 0.435575 0.54251 9.9946E-05 9.9946E-05 9.9946E-05 9.9946E-05 9.9946E-05
9.9964E-05 9.9964E-05 0.288716 0.0963621 0.0149224 0.558679 0.0409207 9.9964E-05 9.9964E-05
9.9964E-05 0.0174857 0.0100941 9.9964E-05 9.9964E-05 0.0833058 0.832871 9.9964E-05 0.0558434
9.9946E-05 0.0127756 9.9946E-05 9.9946E-05 9.9946E-05 0.0679652 0.91866 9.9946E-05 9.9946E-05
9.9946E-05 9.9946E-05 9.9946E-05 9.9946E-05 0.0174058 0.119942 0.862052 9.9946E-05 9.9946E-05
9.9955E-05 0.0194908 9.9955E-05 9.9955E-05 0.0417159 0.0330216 0.905272 9.9955E-05 9.9955E-05
9.9964E-05 9.9964E-05 0.00116127 0.00151261 0.0257022 9.9964E-05 0.952347 0.0188773 9.9964E-05
9.9955E-05 9.9955E-05 9.9955E-05 9.9955E-05 0.0177387 0.0951459 0.868652 0.0179632 9.9955E-05
9.9937E-05 9.9937E-05 9.9937E-05 9.9937E-05 9.9937E-05 0.0739923 0.925308 9.9937E-05 9.9937E-05
0.00183626 0.0364707 0.249051 0.0382549 0.0193873 0.506751 0.0835629 9.9991E-05 0.0645862
0.0967576 9.9991E-05 0.12112 0.0520882 0.0307405 0.486901 0.140118 0.0198373 0.0523371
9.9964E-05 9.9964E-05 0.646509 0.09111 9.9964E-05 9.9964E-05 0.0450397 0.0392486 0.177693
0.0946335 9.9982E-05 0.216025 9.9982E-05 0.0155499 0.504411 0.0717512 0.0275139 0.0699161
0.0395384 9.9973E-05 0.526416 9.9973E-05 9.9973E-05 0.258604 0.0342462 0.0210819 0.119814
0.0143399 0.0175446 0.479327 9.9991E-05 0.00703389 0.382191 0.0502198 0.0123769 0.0368669
0.0486966 9.9973E-05 0.284362 0.0960298 9.9973E-05 0.519816 0.0322837 0.0185126 9.9973E-05
9.9973E-05 9.9973E-05 0.387813 0.0707272 0.0334027 0.430578 0.0201737 0.0570048 9.9973E-05
9.9955E-05 9.9955E-05 0.65057 0.0905272 9.9955E-05 9.9955E-05 0.0174603 9.9955E-05 0.240943
0.0772554 0.0296904 0.198564 0.0035426 0.0141673 0.44829 0.0747108 0.029917 0.123863
0.0341057 0.0220087 0.0729417 0.0238178 9.9991E-05 0.656495 0.0975275 0.0112193 0.0817846
9.9982E-05 0.0335026 0.212577 9.9982E-05 0.0178689 0.539886 0.085412 0.0166495 0.0939036
0.0579765 0.0237232 0.397625 0.275237 9.9991E-05 0.210785 0.00209124 0.0172376 0.0152245
9.9964E-05 9.9964E-05 0.39164 0.125336 0.015266 0.411948 9.9964E-05 0.0554101 9.9964E-05
9.9991E-05 0.0239759 0.464653 0.0169252 0.00401389 0.341793 0.014237 0.00903134 0.125271
9.9955E-05 9.9955E-05 0.531914 0.141892 9.9955E-05 0.271614 9.9955E-05 0.05408 9.9955E-05
0.0689566 0.00653737 0.446382 9.9982E-05 9.9982E-05 0.286717 0.0385951 0.0402884 0.112324
9.9982E-05 0.029669 0.241671 0.0487787 0.0269294 0.496454 0.0785702 9.9982E-05 0.0777282
9.9982E-05 0.0111291 9.9982E-05 0.272314 0.0156268 0.352233 0.00619252 0.0345549 0.30775
0.0804186 9.9973E-05 0.00667018 0.111537 9.9973E-05 0.418034 0.0699955 9.9973E-05 0.313045
0.0674947 0.00548892 0.00656542 0.104404 9.9982E-05 0.579508 0.119329 9.9982E-05 0.11701
0.047713 0.0137397 0.0727083 0.0850177 0.00933204 0.56308 0.105387 0.00614086 0.0968812
0.0172986 9.9973E-05 0.0580661 0.0941221 9.9973E-05 0.477624 0.0420416 9.9973E-05 0.310547
0.0939312 0.0113358 0.00809315 0.0622238 0.0236401 0.558698 9.9991E-05 0.0480759 0.193902
0.0200995 0.0045606 0.0480287 0.0311964 9.9991E-05 0.479858 0.0527239 0.00731938 0.356114
0.00379256 9.9964E-05 9.9964E-05 0.200353 9.9964E-05 0.610937 0.0785814 9.9964E-05 0.105936
9.9991E-05 0.0249458 0.00627397 0.103239 0.00409 0.614862 0.0503112 0.0409817 0.155197
0.0421617 9.9964E-05 9.9964E-05 0.117949 9.9964E-05 0.563944 0.0571165 9.9964E-05 0.218429
0.0890928 0.0139746 0.0760827 0.00454113 9.9982E-05 0.540729 0.030125 9.9982E-05 0.245255
0.0607936 9.9982E-05 9.9982E-05 0.0956415 0.0264353 0.603194 0.03821 0.0370794 0.138447
0.0297807 0.0684127 0.018657 0.0605086 0.00100486 0.629739 0.100225 0.0284855 0.0631866
9.9982E-05 0.0206595 0.00709983 0.157685 0.0152375 0.628572 9.9982E-05 0.0101198 0.160426
9.9982E-05 0.0226458 9.9982E-05 0.143921 0.00394886 0.651181 0.0635263 0.00184771 0.112729
9.9973E-05 9.9973E-05 9.9973E-05 0.0793941 0.0157358 0.656997 0.0185658 0.0522205 0.176786
9.9982E-05 0.0243441 9.9982E-05 0.24909 0.0248337 0.391289 0.0902509 0.0396737 0.180319
9.9973E-05 9.9973E-05 0.0247696 0.110668 0.00543865 0.676661 0.0776942 9.9973E-05 0.104468
9.9973E-05 0.023348 9.9973E-05 0.154355 9.9973E-05 0.690707 0.0429456 0.00383551 0.0845086
0.047404 0.0448795 0.138106 9.9973E-05 9.9973E-05 0.187574 9.9973E-05 0.0477904 0.533947
9.9973E-05 0.0550891 9.9973E-05 0.360702 0.00965987 0.232242 9.9973E-05 0.0923162 0.24969
0.0482376 0.0541887 0.131467 9.9982E-05 9.9982E-05 0.478656 0.0220256 0.0300391 0.235186
9.9955E-05 9.9955E-05 9.9955E-05 0.510807 9.9955E-05 0.182798 9.9955E-05 0.0705852 0.23531
0.0743254 9.9964E-05 0.103937 9.9964E-05 9.9964E-05 0.31357 9.9964E-05 0.0179059 0.489861
9.9964E-05 9.9964E-05 0.110685 0.0226085 9.9964E-05 0.448026 9.9964E-05 0.0196651 0.398615
9.9964E-05 0.0520226 0.133576 9.9964E-05 9.9964E-05 0.36405 9.9964E-05 0.000623141 0.449328
0.0953386 9.9973E-05 0.0885687 9.9973E-05 0.000667048 0.314791 9.9973E-05 0.0479744 0.45236
0.0840789 0.0111689 0.0702386 0.032888 9.9991E-05 0.583014 0.0471051 0.0208354 0.150572
0.0498526 9.9991E-05 0.041305 0.0129124 0.0586825 0.528538 0.101301 0.0719101 0.135399
9.9964E-05 9.9964E-05 9.9964E-05 0.0637244 9.9964E-05 0.6383 0.0382607 0.0508465 0.208469
9.9946E-05 9.9946E-05 9.9946E-05 0.464417 9.9946E-05 0.288341 9.9946E-05 9.9946E-05 0.246642
0.151208 9.9991E-05 0.0736285 0.0842671 0.026482 0.407886 0.149091 0.00961437 0.0977237
0.147148 0.109794 0.0390969 0.107211 0.0294416 0.436611 0.03813 0.0567109 0.0358574
0.150942 0.093902 9.9973E-05 0.604276 9.9973E-05 9.9973E-05 0.0905214 0.0560691 0.00399027
0.141691 0.012281 0.0128351 0.150666 9.9973E-05 0.64109 0.0411371 9.9973E-05 9.9973E-05
0.142893 0.0593675 0.00709319 0.287485 9.9991E-05 0.318758 0.0881056 0.0532957 0.0429023
0.132677 0.0966059 0.0147137 0.0875601 0.0462317 0.497295 0.0705006 0.0292216 0.0251943
0.193832 0.0896666 0.0059453 0.346214 9.9991E-05 0.223096 0.0464917 0.0170969 0.0775573
0.196474 0.105978 9.9982E-05 0.425491 9.9982E-05 0.0718898 0.0160251 0.0977102 0.0862326
0.205333 9.9973E-05 9.9973E-05 0.340517 9.9973E-05 0.377664 0.0456291 0.0129926 0.0175639
0.165304 0.0558774 0.0761968 0.0555285 0.0377727 0.416251 0.109794 0.0335692 0.0497066
0.0980395 0.0733926 0.00595356 0.0820927 0.038 0.378103 0.106872 0.0735195 0.144028
9.9991E-05 0.0788489 0.0246957 0.555532 0.0135762 0.229994 0.061359 0.0307154 0.00517854
0.0724354 0.0111178 0.0568302 0.0536592 0.0578147 0.51001 0.0957214 0.0817536 0.0606576
0.186077 0.0404331 9.9973E-05 0.42213 9.9973E-05 0.327572 9.9973E-05 0.0157956 0.0076916
0.117376 0.0561978 0.0453692 0.230676 9.9982E-05 0.44945 9.9982E-05 0.0401821 0.0605483
0.112654 0.0508772 0.0188774 0.133098 9.9982E-05 0.581629 0.100988 0.00167612 9.9982E-05
0.0816017 0.102051 9.9973E-05 0.143181 0.22488 0.109816 0.33817 9.9973E-05 9.9973E-05
9.9955E-05 0.237768 9.9955E-05 0.257035 0.107671 9.9955E-05 0.397026 9.9955E-05 9.9955E-05
9.9955E-05 0.255757 9.9955E-05 0.267445 0.114697 9.9955E-05 0.361602 9.9955E-05 9.9955E-05
0.149781 0.13743 9.9973E-05 0.156568 0.256272 0.0304275 0.269221 9.9973E-05 9.9973E-05
0.236325 0.010388 0.0556271 0.175906 9.9964E-05 0.521354 9.9964E-05 9.9964E-05 9.9964E-05
0.128062 9.9982E-05 0.0119017 0.167147 0.0039418 0.590596 0.0870576 9.9982E-05 0.0110942
9.9946E-05 9.9946E-05 0.0355506 9.9946E-05 0.620339 0.343511 9.9946E-05 9.9946E-05 9.9946E-05
9.9973E-05 0.00764952 0.071744 9.9973E-05 0.449383 0.361654 0.00846657 9.9973E-05 0.100802
0.00187808 0.00278526 0.0267449 9.9991E-05 0.409599 0.35227 0.116825 0.0200567 0.0697416
0.298183 0.0129298 9.9964E-05 0.378794 9.9964E-05 0.220685 9.9964E-05 0.0890079 9.9964E-05
0.103273 0.0278656 0.0591155 0.151843 0.053116 0.470927 0.0294716 0.0371932 0.0671945
0.344412 0.00291564 9.9973E-05 0.43058 9.9973E-05 0.168377 9.9973E-05 0.0524682 0.000946758
0.226265 0.00889142 9.9973E-05 0.18245 9.9973E-05 0.495097 0.045893 0.0411033 9.9973E-05
0.240188 0.0253342 9.9982E-05 0.167825 0.00801717 0.40104 0.0436919 0.113705 9.9982E-05
0.27927 0.0101729 9.9964E-05 0.204757 9.9964E-05 0.497593 9.9964E-05 0.00780791 9.9964E-05
0.284856 9.99459E-05 9.99459E-05 0.53453 9.99459E-05 0.180014 9.99459E-05 9.99459E-05 9.99459E-05
0.207621 9.9982E-05 0.0190599 0.101078 0.00443379 0.562046 0.0721526 0.0334092 9.9982E-05
0.21324 0.0222078 0.0819659 0.0526795 9.9991E-05 0.486882 0.0956606 0.0291901 0.0180748
0.00161656 9.9955E-05 0.0221617 9.9955E-05 0.959357 0.0163649 9.9955E-05 9.9955E-05 9.9955E-05
0.00524613 9.9973E-05 0.0145593 9.9973E-05 0.908421 0.0261969 9.9973E-05 0.0366298 0.00864687
0.0725683 9.9973E-05 0.0724602 9.9973E-05 0.57356 0.220691 0.0322834 9.9973E-05 0.0281374
9.9937E-05 9.9937E-05 9.9937E-05 9.9937E-05 0.608014 0.391286 9.9937E-05 9.9937E-05 9.9937E-05
0.0220366 9.9964E-05 0.0567841 9.9964E-05 0.814184 0.0886777 9.9964E-05 9.9964E-05 0.0179177
9.993E-05 9.993E-05 9.993E-05 9.993E-05 0.999201 9.993E-05 9.993E-05 9.993E-05 9.993E-05
9.9946E-05 9.9946E-05 9.9946E-05 9.9946E-05 0.948295 9.9946E-05 9.9946E-05 0.00839761 0.0427074
9.9946E-05 9.9946E-05 0.0279254 9.9946E-05 0.841441 0.130034 9.9946E-05 9.9946E-05 9.9946E-05
9.9937E-05 9.9937E-05 9.9937E-05 9.9937E-05 0.940045 9.9937E-05 9.9937E-05 9.9937E-05 0.0592557
9.993E-05 9.993E-05 9.993E-05 9.993E-05 0.999201 9.993E-05 9.993E-05 9.993E-05 9.993E-05
9.993E-05 9.993E-05 9.993E-05 9.993E-05 0.999201 9.993E-05 9.993E-05 9.993E-05 9.993E-05
0.035065 9.9964E-05 0.00904168 9.9964E-05 0.741218 0.200106 0.0141693 9.9964E-05 9.9964E-05
0.014093 0.00656745 0.00520635 9.9982E-05 0.785413 0.129354 0.0250556 9.9982E-05 0.0341103
9.993E-05 9.993E-05 9.993E-05 9.993E-05 0.999201 9.993E-05 9.993E-05 9.993E-05 9.993E-05
0.0347721 9.9973E-05 9.9973E-05 0.0570828 0.367868 0.384264 0.0805668 9.9973E-05 0.0751469
9.9973E-05 9.9973E-05 0.000827345 9.9973E-05 0.651831 0.239042 0.0442141 0.0204986 0.0432871
9.9955E-05 9.9955E-05 0.034855 9.9955E-05 0.788197 0.144551 0.0318968 9.9955E-05 9.9955E-05
0.0238478 9.9964E-05 0.0622636 9.9964E-05 0.885457 0.0278443 9.9964E-05 9.9964E-05 0.000187911
9.993E-05 9.993E-05 9.993E-05 9.993E-05 0.999201 9.993E-05 9.993E-05 9.993E-05 9.993E-05
9.9946E-05 0.0167628 9.9946E-05 9.9946E-05 0.969271 0.0133664 9.9946E-05 9.9946E-05 9.9946E-05
9.993E-05 9.993E-05 9.993E-05 9.993E-05 0.999201 9.993E-05 9.993E-05 9.993E-05 9.993E-05
0.0517761 9.9973E-05 0.062688 9.9973E-05 0.614606 0.195752 0.0315324 0.0433459 9.9973E-05
9.9955E-05 9.9955E-05 0.025181 0.0105746 0.956776 9.9955E-05 0.00696869 9.9955E-05 9.9955E-05
0.257813 0.196363 9.9973E-05 0.289051 0.00353452 9.9973E-05 0.205159 0.0477805 9.9973E-05
0.32114 0.0249316 9.9991E-05 0.136542 0.102608 0.215284 0.178322 0.00742061 0.0136514
0.315511 0.0288323 9.9982E-05 0.0877433 0.0600404 0.322416 0.138469 0.0467873 9.9982E-05
0.384231 0.133541 9.9973E-05 0.21183 0.110485 0.0516545 0.107958 9.9973E-05 9.9973E-05
0.22247 0.0515006 0.0365327 0.0250266 0.0963277 0.384405 0.12786 0.0557771 9.9991E-05
0.384749 0.105226 9.9973E-05 0.234919 0.110364 9.9973E-05 0.15783 0.00661191 9.9973E-05
0.166919 0.0709095 9.9991E-05 0.0583399 0.0800996 0.393168 0.116165 0.0517758 0.0625232
0.34484 0.0688518 9.9973E-05 0.169676 0.142304 0.162341 0.111687 9.9973E-05 9.9973E-05
0.268542 0.0646498 9.9982E-05 0.0880832 0.152791 0.33443 0.0853892 0.00591545 9.9982E-05
0.371056 0.00221082 0.00625389 0.157451 0.152527 0.181107 0.129194 9.9982E-05 9.9982E-05
0.144284 0.0347007 0.0289255 0.111751 0.0767131 0.421753 0.172434 9.9991E-05 0.00933868
0.0458453 0.0208218 9.9973E-05 0.00158615 9.9973E-05 0.0356479 0.866086 0.0297129 9.9973E-05
9.9973E-05 0.0028442 0.01699 0.022689 0.0749739 9.9973E-05 0.867451 0.0147524 9.9973E-05
9.9973E-05 0.0280913 9.9973E-05 0.00465216 9.9973E-05 0.00942994 0.923605 0.00149741 0.0324246
9.9946E-05 0.0424951 9.9946E-05 0.0434818 9.9946E-05 9.9946E-05 0.913423 9.9946E-05 9.9946E-05
9.99618E-05 9.99618E-05 9.99618E-05 0.00202744 9.99618E-05 0.076438 0.899702 9.99618E-05 0.0213328
9.9955E-05 0.0216209 9.9955E-05 9.9955E-05 0.00701357 0.0152964 0.955569 9.9955E-05 9.9955E-05
0.0328204 9.9964E-05 9.9964E-05 9.9964E-05 0.027052 0.0293267 0.90563 9.9964E-05 0.00477148
9.9955E-05 0.0493019 9.9955E-05 9.9955E-05 9.9955E-05 9.9955E-05 0.90223 0.000966354 0.0470019
0.0187124 0.0173245 9.9982E-05 0.0252283 0.0267276 0.0140076 0.883471 9.9982E-05 0.0143282
9.9955E-05 0.0860725 9.9955E-05 9.9955E-05 9.9955E-05 0.0193861 0.865828 9.9955E-05 0.0282138
0.0255816 9.9973E-05 0.010471 0.097323 0.00557084 9.9973E-05 0.582297 9.9973E-05 0.278457
9.9955E-05 9.9955E-05 9.9955E-05 0.0583304 9.9955E-05 9.9955E-05 0.597433 0.00564297 0.338094
0.0265194 0.0288445 0.0367783 0.0979505 9.9982E-05 9.9982E-05 0.509081 0.00830432 0.292322
0.06498 9.9955E-05 9.9955E-05 0.0998755 9.9955E-05 9.9955E-05 0.445741 9.9955E-05 0.388903
0.0622707 0.0310697 0.293137 0.0298619 9.9991E-05 0.404311 0.048615 0.00636682 0.124269
9.9973E-05 9.9973E-05 0.40481 9.9973E-05 0.0517233 0.353053 0.0585968 0.074106 0.0574112
9.9982E-05 0.0033939 0.264518 9.9982E-05 0.0259893 0.480894 0.0591669 0.00246214 0.163375
9.9964E-05 0.0548994 0.330022 0.0125622 9.9964E-05 0.326782 9.9964E-05 9.9964E-05 0.275335
0.0921562 0.0180938 0.0807806 0.0181745 9.9982E-05 0.181721 9.9982E-05 0.0548436 0.554031
0.0158669 0.0119583 0.232609 0.0204145 9.9991E-05 0.562092 0.0702339 0.0388251 0.0478998
9.9973E-05 9.9973E-05 0.237043 0.054153 0.0140865 0.557618 9.9973E-05 0.0166807 0.120119
0.0233083 0.00790919 0.203345 0.17371 9.9982E-05 0.521275 9.9982E-05 0.0504797 0.0197718
9.9955E-05 9.9955E-05 0.500078 0.175454 9.9955E-05 0.295338 9.9955E-05 0.0286306 9.9955E-05
9.99826E-05 0.0502067 0.126467 0.0496203 9.99826E-05 0.5783 0.0742839 0.0833086 0.0376134
0.0196462 9.9955E-05 0.564775 9.9955E-05 9.9955E-05 0.295808 9.9955E-05 9.9955E-05 0.11927
9.9937E-05 9.9937E-05 0.506296 0.493004 9.9937E-05 9.9937E-05 9.9937E-05 9.9937E-05 9.9937E-05
9.9982E-05 0.0235334 0.134158 0.0669627 0.0163187 0.552566 0.078453 9.9982E-05 0.127808
9.9946E-05 9.9946E-05 0.438209 0.408101 9.9946E-05 0.153089 9.9946E-05 9.9946E-05 9.9946E-05
0.00511669 9.9964E-05 0.324093 0.143619 9.9964E-05 0.503812 0.0229598 9.9964E-05 9.9964E-05
9.9973E-05 0.0126874 0.722016 0.0628689 0.0117173 9.9973E-05 0.00152289 9.9973E-05 0.188887
0.159561 9.9955E-05 9.9955E-05 9.9955E-05 9.9955E-05 9.9955E-05 0.113199 0.00389893 0.722842
0.214236 9.9955E-05 9.9955E-05 9.9955E-05 9.9955E-05 9.9955E-05 0.0671591 0.0434179 0.674687
0.247762 9.9946E-05 9.9946E-05 9.9946E-05 9.9946E-05 9.9946E-05 0.0693866 9.9946E-05 0.682251
0.117386 9.9955E-05 9.9955E-05 0.0300449 9.9955E-05 9.9955E-05 0.104757 9.9955E-05 0.747313
0.23406 9.9964E-05 9.9964E-05 9.9964E-05 9.9964E-05 0.0175663 0.00510109 0.0547185 0.688154
0.266262 9.9955E-05 9.9955E-05 9.9955E-05 0.037369 9.9955E-05 9.9955E-05 0.0296395 0.66623
9.9973E-05 9.9973E-05 0.0572479 9.9973E-05 0.0507388 0.0217999 0.847749 0.0153015 0.00686319
9.9964E-05 0.0468172 0.0493204 9.9964E-05 0.0243175 0.0933084 0.785837 9.9964E-05 9.9964E-05
0.0184306 0.0164949 0.0260493 9.9982E-05 0.0457896 0.127679 0.756693 0.00866382 9.9982E-05
0.0126545 0.036109 0.067713 9.9964E-05 0.0806077 9.9964E-05 0.802516 9.9964E-05 9.9964E-05
0.0297291 0.0349008 0.0154571 9.9973E-05 0.028577 0.124768 0.766268 9.9973E-05 9.9973E-05
0.139686 0.0257958 9.9955E-05 9.9955E-05 9.9955E-05 9.9955E-05 0.344663 9.9955E-05 0.489355
0.108608 9.9955E-05 9.9955E-05 9.9955E-05 9.9955E-05 9.9955E-05 0.425957 0.0478142 0.417121
0.0936465 0.00675049 9.9973E-05 9.9973E-05 0.00790243 9.9973E-05 0.383785 0.0482699 0.459345
9.9955E-05 9.9955E-05 0.0204965 9.9955E-05 9.9955E-05 0.102586 0.85594 9.9955E-05 0.0204769
0.066764 9.9964E-05 0.023317 9.9964E-05 9.9964E-05 9.9964E-05 0.366256 0.0748726 0.468391
0.0179154 0.137065 9.9982E-05 0.0503096 0.250554 0.317518 0.220713 0.0057251 9.9982E-05
0.086736 0.0181086 9.9973E-05 9.9973E-05 0.163163 0.548372 0.157841 0.0254807 9.9973E-05
0.0193573 0.000569155 9.9964E-05 9.9964E-05 0.233081 0.533322 0.21327 9.9964E-05 9.9964E-05
0.0343512 0.0134756 9.9973E-05 0.121027 0.260889 0.301819 0.268138 9.9973E-05 9.9973E-05
0.0336072 9.9982E-05 9.9982E-05 0.0678303 0.090665 0.523582 0.195659 0.0355148 0.0529416
9.9955E-05 0.17544 9.9955E-05 0.180868 0.265076 9.9955E-05 0.378115 9.9955E-05 9.9955E-05
0.071169 9.9964E-05 0.077967 0.0709002 9.9964E-05 0.438891 9.9964E-05 9.9964E-05 0.340674
9.9955E-05 9.9955E-05 9.9955E-05 0.309959 9.9955E-05 0.509511 9.9955E-05 0.0424913 0.137538
0.0634821 9.9964E-05 0.120622 0.0812527 9.9964E-05 0.271903 9.9964E-05 9.9964E-05 0.46234
9.9955E-05 9.9955E-05 9.9955E-05 0.223814 9.9955E-05 0.573975 9.9955E-05 0.0927528 0.108959
9.9946E-05 9.9946E-05 9.9946E-05 0.687957 9.9946E-05 9.9946E-05 9.9946E-05 0.068853 0.242591
0.0609312 0.0313127 9.9973E-05 0.112611 9.9973E-05 0.5742 0.0749187 9.9973E-05 0.145727
0.0268625 9.9991E-05 0.012792 0.147263 0.00439812 0.529764 0.0218254 0.108427 0.148568
0.136471 0.0297801 0.113911 0.0368316 9.9973E-05 0.296184 9.9973E-05 9.9973E-05 0.386523
0.0955049 9.9991E-05 0.0551039 0.0499069 0.0215867 0.491805 0.100503 0.0391258 0.146363
9.9946E-05 9.9946E-05 9.9946E-05 0.544395 9.9946E-05 0.27513 9.9946E-05 9.9946E-05 0.179875
9.9964E-05 0.0223406 9.9964E-05 0.209929 9.9964E-05 0.656979 0.00291372 9.9964E-05 0.107438
0.0708388 0.0183107 0.0967007 0.0488207 0.000558985 0.442349 9.9991E-05 0.0300886 0.292232
9.9982E-05 0.0527094 0.0059512 0.24122 0.0994822 0.478778 0.0985939 9.9982E-05 0.0230652
9.9964E-05 0.0143178 0.0160247 0.340925 9.9964E-05 0.438099 9.9964E-05 9.9964E-05 0.190234
9.9955E-05 9.9955E-05 9.9955E-05 0.29367 9.9955E-05 0.505039 0.0180667 9.9955E-05 0.182724
9.9964E-05 9.9964E-05 9.9964E-05 0.107643 0.0278582 0.631943 9.9964E-05 0.0537856 0.17837
0.0253431 0.0164909 0.0516887 0.153124 9.9982E-05 0.595839 9.9982E-05 0.0129898 0.144325
0.0812573 9.9991E-05 0.0255972 0.110288 0.0443538 0.594367 0.00501299 0.0634873 0.075536
0.0355632 0.029635 0.0763984 0.0265577 0.0389101 0.497113 0.0697055 0.0614542 0.164663
9.9982E-05 0.0240007 0.0273296 0.100741 0.00704344 0.61331 0.0678692 9.9982E-05 0.159505
9.9946E-05 9.9946E-05 9.9946E-05 9.9946E-05 0.0448623 0.100687 0.853851 9.9946E-05 9.9946E-05
9.9946E-05 9.9946E-05 9.9946E-05 9.9946E-05 0.00452952 0.124215 0.870656 9.9946E-05 9.9946E-05
0.0698248 0.00221349 0.016153 9.9982E-05 0.0128483 9.9982E-05 0.874242 0.023051 0.00146783
0.00882276 9.9964E-05 0.0127097 9.9964E-05 0.0686506 9.9964E-05 0.883087 0.0263306 9.9964E-05
9.9937E-05 9.9937E-05 9.9937E-05 9.9937E-05 9.9937E-05 0.103316 0.895985 9.9937E-05 9.9937E-05
0.0245112 0.044177 0.0984447 0.0983517 0.0186764 0.141114 0.0169909 9.9991E-05 0.557634
9.9982E-05 0.0390042 9.9982E-05 0.0916077 0.0354665 0.576378 0.0214082 0.0992771 0.136659
0.0996896 0.0573465 9.9982E-05 0.0771785 0.195993 0.379308 0.164771 0.0255134 9.9982E-05
0.0212969 0.0328619 0.0862467 0.000691542 0.0249684 0.6499 0.00779242 9.9991E-05 0.176142
9.9973E-05 0.00954559 0.0365432 0.0797608 9.9973E-05 0.573817 0.0209501 9.9973E-05 0.279084
9.9955E-05 0.0464928 9.9955E-05 0.380758 9.9955E-05 0.37008 9.9955E-05 9.9955E-05 0.20217
9.9973E-05 0.0247189 0.0933097 0.094669 9.9973E-05 0.0476565 0.0487447 9.9973E-05 0.690601
0.0567058 0.0241209 0.0924941 9.9973E-05 9.9973E-05 0.457116 0.0614528 9.9973E-05 0.307811
0.0340702 0.000904586 9.9991E-05 0.0548265 0.0477069 0.261865 0.029532 0.0296386 0.541357
0.0213421 0.0291746 0.0838992 0.159824 9.9982E-05 0.517245 0.0511568 9.9982E-05 0.137158
0.0255049 0.0221678 0.0236373 0.0619958 9.9991E-05 0.185367 0.0566882 0.0435403 0.580999
0.0442872 9.9982E-05 0.0275319 0.0129517 0.0292949 0.563528 0.0796289 9.9982E-05 0.242577
0.0638386 0.0238077 0.050322 0.128763 9.9982E-05 0.186371 0.0190144 9.9982E-05 0.527683
9.9964E-05 9.9964E-05 9.9964E-05 0.378351 0.082654 0.328168 0.0136753 9.9964E-05 0.196752
0.238833 0.0185728 0.047517 0.049988 0.0406509 0.435735 0.0666366 0.0413393 0.0607272
0.40414 0.0172993 9.9973E-05 0.347958 9.9973E-05 0.157372 9.9973E-05 0.0680424 0.00488779
0.377654 9.9973E-05 0.0107681 0.176546 9.9973E-05 0.38916 0.0136936 0.0318785 9.9973E-05
0.202048 0.0632809 0.0148536 0.0758585 0.0079312 0.514798 0.0654537 0.0185752 0.0372008
0.563863 0.0280931 0.0223795 0.295351 9.9973E-05 0.0572738 9.9973E-05 0.0327398 9.9973E-05
0.207982 0.0308444 0.0860213 0.0144294 0.0581475 0.3707 0.0786714 0.113059 0.0401444
0.249588 9.9982E-05 0.029238 0.141879 9.9982E-05 0.41307 0.0484524 0.107329 0.0102441
0.305065 0.00482095 9.9964E-05 0.545932 9.9964E-05 0.0801122 9.9964E-05 0.0636695 9.9964E-05
0.544596 0.0305321 9.99549E-05 0.365855 9.99549E-05 9.99549E-05 9.99549E-05 0.0585172 9.99549E-05
0.378552 0.0316918 9.9973E-05 0.182781 9.9973E-05 0.348871 9.9973E-05 0.0530002 0.00480383
0.384303 9.99549E-05 0.0371189 0.512016 9.99549E-05 9.99549E-05 9.99549E-05 0.0660624 9.99549E-05
0.398746 9.9955E-05 9.9955E-05 0.222762 9.9955E-05 0.33375 9.9955E-05 9.9955E-05 0.0442428
9.9955E-05 9.9955E-05 0.0556795 0.0787259 9.9955E-05 0.237534 9.9955E-05 9.9955E-05 0.627561
9.9964E-05 9.9964E-05 9.9964E-05 0.358076 0.0299274 0.332345 9.9964E-05 0.0273709 0.251881
9.9973E-05 9.9973E-05 0.0826886 9.9973E-05 0.0561924 0.411132 0.0298223 0.033147 0.386718
9.9982E-05 0.0210544 0.116238 9.9982E-05 0.024297 0.562251 0.0182288 0.028524 0.229207
9.9955E-05 9.9955E-05 0.143025 0.0615062 9.9955E-05 0.25997 9.9955E-05 9.9955E-05 0.534999
9.9973E-05 0.0453575 0.0662208 0.159436 9.9973E-05 0.562493 0.0360576 9.9973E-05 0.130135
0.0213277 0.0209616 0.0765678 0.00605685 9.9982E-05 0.584342 0.0382619 9.9982E-05 0.252282
9.9991E-05 0.0390274 0.0152466 0.15441 0.0123426 0.53647 0.0232631 0.0485073 0.170633
9.9991E-05 0.0454271 0.112123 0.0188166 0.0243668 0.507714 0.0220091 0.0246294 0.244813
0.0105317 9.9982E-05 0.0708706 0.00638291 0.0191179 0.508912 0.0318049 9.9982E-05 0.35218
9.9964E-05 0.0285346 0.101692 0.065047 9.9964E-05 0.30983 9.9964E-05 9.9964E-05 0.494497
0.0030649 0.0336811 0.0795687 0.00610068 0.000633592 0.413555 9.9991E-05 0.0335656 0.429731
9.9973E-05 0.0310252 0.00562586 0.147625 0.00210647 0.645918 9.9973E-05 9.9973E-05 0.167399
9.9964E-05 9.9964E-05 9.9964E-05 0.161474 0.0125827 0.648457 0.107106 9.9964E-05 0.0699804
9.9982E-05 0.0498837 0.0150389 0.248486 0.0544285 0.37163 0.0474309 9.9982E-05 0.212901
9.9982E-05 0.021412 0.0265496 0.0884019 0.0612755 0.52381 9.9982E-05 0.0798618 0.19849
9.9982E-05 0.0182448 0.111781 0.0170887 0.0419525 0.365964 9.9982E-05 0.032148 0.412621
9.9982E-05 9.9982E-05 0.0559345 0.0401922 0.0297533 0.560121 0.0867697 0.0229319 0.204098
9.9982E-05 9.9982E-05 0.0510559 0.101836 0.081792 0.436777 0.00717188 0.0431933 0.277974
0.0256953 0.00589988 0.0733917 0.148055 0.000748739 0.579848 0.104977 0.00712357 0.0542603
0.096036 0.0465284 9.9982E-05 9.9982E-05 0.102786 0.396789 0.301849 0.00705166 0.0487597
0.025934 0.0608884 9.9982E-05 0.093873 0.138976 0.55826 0.119685 0.00218355 9.9982E-05
0.043085 0.0526287 0.0298987 0.0702105 0.101343 0.471374 0.165839 0.0304612 0.0351599
9.9973E-05 0.0419241 9.9973E-05 0.111278 0.0734406 0.598545 0.158764 9.9973E-05 0.0157488
9.9973E-05 0.120714 0.00686031 0.0918399 0.141335 0.485875 0.153076 9.9973E-05 9.9973E-05
9.9955E-05 9.9955E-05 9.9955E-05 0.30657 9.9955E-05 0.582239 9.9955E-05 0.00285966 0.107831
0.0562037 0.00831442 0.0557184 0.0424667 0.115828 0.450754 0.178947 0.0523545 0.0394128
9.9964E-05 0.0857432 9.9964E-05 0.459899 0.133593 0.113545 0.206821 9.9964E-05 9.9964E-05
0.114679 0.0226235 9.9982E-05 0.0761423 0.0872667 0.571563 0.101533 9.9982E-05 0.0259922
9.9991E-05 0.0271758 0.00430746 0.0800917 0.160817 0.512738 0.150166 0.0095062 0.0550973
0.0679959 0.0462967 0.061559 0.0343372 0.163979 0.471414 0.0869185 0.0346782 0.0328211
9.9982E-05 0.11744 9.9982E-05 0.236566 0.0641716 0.370131 0.143144 0.0316283 0.0367185
0.0970942 0.0406059 0.0114555 0.0529895 0.0685508 0.51613 0.197621 0.0123099 0.00324269
9.9973E-05 0.0323251 9.9973E-05 0.131174 0.11769 0.552599 0.13746 0.0284518 9.9973E-05
9.9955E-05 0.259635 9.9955E-05 0.282986 0.0762975 9.9955E-05 0.380582 9.9955E-05 9.9955E-05
0.0423752 0.0455083 0.00538129 0.02164 0.167146 0.477944 0.134654 0.0154035 0.0899481
0.0553562 0.0740059 9.9973E-05 9.9973E-05 0.15091 0.546435 0.143144 0.0298495 9.9973E-05
9.9991E-05 0.0298594 0.0382222 0.145098 0.0797646 0.579356 0.0977493 0.00147427 0.028376
9.9964E-05 0.0769555 9.9964E-05 0.0482655 0.165115 0.544562 0.164701 9.9964E-05 9.9964E-05
0.159763 9.9982E-05 0.0254461 0.0682448 0.0776234 0.437428 0.226174 0.00512089 9.9982E-05
0.0228256 9.9982E-05 0.0784758 0.0180408 0.0219317 0.360478 0.0435651 0.454483 9.9982E-05
0.063518 0.0159518 0.0607225 0.0696559 0.0459797 0.468386 0.0598908 0.215795 9.9991E-05
9.9946E-05 9.9946E-05 9.9946E-05 0.177683 9.9946E-05 9.9946E-05 9.9946E-05 0.80002 0.0216974
9.9946E-05 9.9946E-05 9.9946E-05 0.121653 9.9946E-05 9.9946E-05 9.9946E-05 0.839422 0.0383251
0.0710432 0.00789414 0.0611311 9.9991E-05 0.0189686 0.439779 0.0876195 0.282762 0.0307023
0.100497 0.058619 0.00954181 9.9982E-05 0.290667 0.291524 0.122275 0.126676 9.9982E-05
0.00212314 0.057245 9.9973E-05 9.9973E-05 0.258376 0.306084 0.13216 0.243711 9.9973E-05
9.9964E-05 0.139138 9.9964E-05 9.9964E-05 0.295038 0.143437 0.112958 0.309029 9.9964E-05
0.00875803 0.103622 9.9973E-05 9.9973E-05 0.211309 0.324974 0.114937 0.2361 9.9973E-05
0.0129138 0.0953732 9.9973E-05 0.0229012 0.0358242 9.9973E-05 0.0673744 0.765313 9.9973E-05
9.9973E-05 0.10522 0.0185263 9.9973E-05 0.0217402 0.0663078 0.0504101 0.737496 9.9973E-05
0.0411505 0.0221458 0.0149119 9.9973E-05 0.0576822 0.470884 9.9973E-05 0.392926 9.9973E-05
9.9964E-05 0.0314277 9.9964E-05 9.9964E-05 0.109363 0.304717 0.0217518 0.532341 9.9964E-05
9.9964E-05 0.038249 9.9964E-05 9.9964E-05 0.0306715 0.154718 0.0371581 0.738803 9.9964E-05
0.0729418 0.00887875 0.0108115 9.9991E-05 0.0405371 0.49555 0.0192711 0.296735 0.055174
0.00787277 0.0108881 9.9973E-05 9.9973E-05 0.04322 0.539727 0.0536483 0.344344 9.9973E-05
0.0320136 0.00414002 0.067353 0.0315402 0.0738487 0.431295 0.0728759 0.275196 0.0117377
0.0367343 9.9964E-05 9.9964E-05 0.0150404 0.00254697 0.235083 9.9964E-05 0.710196 9.9964E-05
0.0598869 9.9973E-05 0.0130898 0.0692532 9.9973E-05 0.344708 9.9973E-05 0.465052 0.0477098
0.00558593 0.047059 0.0149504 0.0102439 9.9991E-05 0.506585 0.0344673 0.3642 0.0168087
0.0583158 0.0118133 0.037566 9.9991E-05 0.0038419 0.369261 0.0433361 0.397104 0.0786621
0.011523 0.00544549 0.114621 9.9982E-05 0.039172 0.467828 0.116469 0.244742 9.9982E-05
9.9973E-05 0.00940508 0.0357693 0.0590447 9.9973E-05 0.435065 0.00641022 0.454006 9.9973E-05
9.9964E-05 0.023972 0.0144427 9.9964E-05 9.9964E-05 0.126128 9.9964E-05 0.832217 0.00283996
0.0168735 9.9964E-05 0.0217938 9.9964E-05 9.9964E-05 0.557604 0.00868257 0.394646 9.9964E-05
0.0299578 9.9973E-05 0.0159365 0.0336213 9.9973E-05 0.0880195 9.9973E-05 0.800307 0.0318575
0.0600258 9.9964E-05 0.000706459 9.9964E-05 9.9964E-05 0.365993 0.0138742 0.559001 9.9964E-05
0.0677918 9.9973E-05 0.0272161 9.9973E-05 9.9973E-05 0.459734 0.0903388 0.326084 0.028535
0.0712695 0.000400604 0.0345996 0.00824163 0.0213471 0.418955 0.0454836 0.348546 0.0511566
0.0419087 9.9982E-05 0.0191453 0.0652145 0.130446 0.468017 0.147096 0.127972 9.9982E-05
0.0746105 0.00924637 0.109439 0.00690988 0.17385 0.284977 0.131328 0.14082 0.0688201
0.127307 0.0511233 9.9982E-05 0.0458239 0.261757 0.255044 0.155012 0.103733 9.9982E-05
0.119281 0.0305529 9.9982E-05 0.0695671 0.21302 0.242391 0.199753 0.125236 9.9982E-05
0.0759079 0.0112758 9.9982E-05 0.101211 0.11971 0.474888 0.187747 9.9982E-05 0.0290607
0.0593019 0.0543701 0.0226993 9.9991E-05 0.108649 0.385305 0.144041 0.181428 0.044106
9.9964E-05 0.00281593 9.9964E-05 0.137839 0.0775052 9.9964E-05 0.157793 0.623647 9.9964E-05
0.094792 0.0415261 9.9973E-05 9.9973E-05 0.182254 0.470294 0.0762766 0.134557 9.9973E-05
9.9964E-05 0.139111 9.9964E-05 0.177749 0.0523095 9.9964E-05 0.288825 0.341605 9.9964E-05
9.9955E-05 9.9955E-05 9.9955E-05 9.9955E-05 0.121076 0.470341 0.071033 0.33705 9.9955E-05
9.9946E-05 9.9946E-05 0.00122653 9.9946E-05 9.9946E-05 0.0146625 9.9946E-05 0.983511 9.9946E-05
9.9937E-05 9.9937E-05 9.9937E-05 0.0754857 9.9937E-05 9.9937E-05 9.9937E-05 0.923815 9.9937E-05
9.9946E-05 9.9946E-05 0.0511293 9.9946E-05 9.9946E-05 0.387174 9.9946E-05 0.561097 9.9946E-05
9.9955E-05 9.9955E-05 9.9955E-05 9.9955E-05 0.0136775 0.534105 0.0180066 0.433711 9.9955E-05
9.9937E-05 9.9937E-05 9.9937E-05 9.9937E-05 9.9937E-05 0.317888 9.9937E-05 0.681412 9.9937E-05
9.9955E-05 0.0124789 0.0129943 9.9955E-05 9.9955E-05 0.525261 9.9955E-05 0.448767 9.9955E-05
0.006773 9.9955E-05 0.00762777 9.9955E-05 9.9955E-05 0.495351 9.9955E-05 0.489748 9.9955E-05
9.9973E-05 0.0167406 0.0131243 9.9973E-05 0.0120748 9.9973E-05 0.84647 0.0381177 0.0731728
0.0696872 0.0235916 0.0168383 9.9991E-05 0.0726712 0.00255273 0.732972 0.0277741 0.053813
0.0429256 9.9964E-05 9.9964E-05 9.9964E-05 0.0137204 9.9964E-05 0.921178 0.00616044 0.0156154
9.9946E-05 0.0638483 9.9946E-05 9.9946E-05 9.9946E-05 0.0377223 0.89783 9.9946E-05 9.9946E-05
0.00149316 0.0151047 0.334383 0.117544 9.9982E-05 0.432938 0.0561438 0.0421932 9.9982E-05
9.9973E-05 0.0114005 0.374366 0.0313362 9.9973E-05 0.4621 0.0372276 9.9973E-05 0.0832694
0.0242087 0.00306077 0.558346 9.9973E-05 9.9973E-05 0.368002 0.026868 9.9973E-05 0.0192148
0.0788646 9.9973E-05 0.242778 0.0329008 9.9973E-05 0.517737 0.0987095 9.9973E-05 0.0287107
0.252651 9.9982E-05 0.195515 0.0388241 0.0459326 0.38818 0.0641431 9.9982E-05 0.0145543
0.0269551 9.9973E-05 0.61875 9.9973E-05 9.9973E-05 0.131693 0.0177676 0.07236 0.132174
0.0242359 9.9955E-05 0.405298 9.9955E-05 0.0298674 0.540099 9.9955E-05 9.9955E-05 9.9955E-05
0.0141106 9.9964E-05 0.511278 0.242409 9.9964E-05 0.174564 9.9964E-05 0.0572385 9.9964E-05
0.118743 0.0155692 9.9973E-05 9.9973E-05 0.111527 0.382524 0.313349 9.9973E-05 0.0579866
9.9955E-05 9.9955E-05 0.310125 0.181006 9.9955E-05 0.39337 9.9955E-05 0.114999 9.9955E-05
9.9964E-05 9.9964E-05 0.653707 9.9964E-05 9.9964E-05 0.199362 0.0128214 0.0146757 0.119034
0.0510805 9.9964E-05 0.356512 0.114802 9.9964E-05 0.473791 9.9964E-05 0.00341493 9.9964E-05
9.9955E-05 9.9955E-05 0.567715 9.9955E-05 0.0598451 0.266275 9.9955E-05 9.9955E-05 0.105665
9.9955E-05 9.9955E-05 0.360117 0.096959 9.9955E-05 0.50883 9.9955E-05 0.0335935 9.9955E-05
0.0413814 0.0326873 0.411831 0.0120903 0.0239377 0.427231 0.0397621 9.9991E-05 0.0109792
9.9937E-05 9.9937E-05 0.605178 0.394123 9.9937E-05 9.9937E-05 9.9937E-05 9.9937E-05 9.9937E-05
0.0252278 0.00671791 0.526345 0.17359 0.00713363 0.201818 9.9982E-05 0.0589673 9.9982E-05
9.9964E-05 9.9964E-05 0.469516 0.219844 0.0144993 0.289715 9.9964E-05 0.00602491 9.9964E-05
9.9937E-05 9.9937E-05 0.505774 0.493526 9.9937E-05 9.9937E-05 9.9937E-05 9.9937E-05 9.9937E-05
0.0782248 0.0112023 0.505841 9.9973E-05 9.9973E-05 0.248653 0.0387501 9.9973E-05 0.117029
9.9955E-05 9.9955E-05 0.512652 0.433186 9.9955E-05 0.0259666 9.9955E-05 0.0276955 9.9955E-05
9.9937E-05 9.9937E-05 0.455779 0.543522 9.9937E-05 9.9937E-05 9.9937E-05 9.9937E-05 9.9937E-05
0.033258 9.9982E-05 0.302841 0.102122 0.0420475 0.480957 0.0227947 0.0157798 9.9982E-05
0.0811212 9.9982E-05 0.691686 0.0103385 0.0093994 9.9982E-05 0.0215084 0.0150341 0.170713
0.106225 0.0578052 0.464977 9.9964E-05 9.9964E-05 0.307948 9.9964E-05 9.9964E-05 0.0626449
0.0941894 0.0253993 0.138907 0.0732422 0.0468894 0.460022 0.0723959 0.0231353 0.0658193
9.9973E-05 9.9973E-05 0.460991 9.9973E-05 0.00673991 0.374407 0.0490547 0.0165941 0.0919129
9.9946E-05 9.9946E-05 9.9946E-05 0.3835 9.9946E-05 0.458152 9.9946E-05 9.9946E-05 0.157749
0.0914312 9.9982E-05 0.369019 9.9982E-05 0.0343201 0.408908 0.00898273 0.0254954 0.0616435
0.111471 9.9973E-05 0.461521 9.9973E-05 0.0107047 0.341967 0.00888534 9.9973E-05 0.0651506
9.9973E-05 0.00364143 0.471549 0.198759 0.00540647 0.232063 9.9973E-05 0.0882806 9.9973E-05
0.0526795 0.0445891 0.296881 0.0013244 0.013781 0.389192 0.0842457 0.057858 0.0594495
9.9946E-05 9.9946E-05 9.9946E-05 0.0824896 9.9946E-05 9.9946E-05 0.67848 9.9946E-05 0.238431
9.9973E-05 0.0168092 0.0408334 0.0534048 9.9973E-05 0.00522446 0.763658 9.9973E-05 0.11977
9.9946E-05 9.9946E-05 9.9946E-05 0.0591509 9.9946E-05 9.9946E-05 0.831262 9.9946E-05 0.108988
0.00744979 0.0184141 9.9964E-05 0.0220459 9.9964E-05 9.9964E-05 0.82335 9.9964E-05 0.12834
0.0924544 9.9955E-05 0.0228799 9.9955E-05 9.9955E-05 9.9955E-05 0.745188 9.9955E-05 0.138978
9.9964E-05 9.9964E-05 0.743987 0.00766435 9.9964E-05 9.9964E-05 0.0454787 0.0156392 0.18683
