9.9964E-05 9.9964E-05 0.0627498 0.0312514 0.882553 0.000531729 9.9964E-05 9.9964E-05 0.0225145
9.9973E-05 9.9973E-05 0.00301003 0.0316778 0.930241 0.00416272 9.9973E-05 0.0134598 0.0171486
9.9964E-05 0.0469632 9.9964E-05 0.0169455 0.838305 9.9964E-05 9.9964E-05 0.0538759 0.0435105
9.9964E-05 0.125571 9.9964E-05 0.048865 0.7813 0.00977054 9.9964E-05 0.0340937 9.9964E-05
9.9946E-05 0.0753264 9.9946E-05 9.9946E-05 0.918172 9.9946E-05 0.00590204 9.9946E-05 9.9946E-05
9.9973E-05 0.0214447 0.0573751 0.0125169 0.618328 0.0213814 0.268654 9.9973E-05 9.9973E-05
9.9946E-05 9.9946E-05 9.9946E-05 0.0295778 0.75777 9.9946E-05 0.212053 9.9946E-05 9.9946E-05
9.9964E-05 9.9964E-05 0.0137393 0.0309205 0.685612 0.0220482 0.24728 9.9964E-05 9.9964E-05
9.99549E-05 9.99549E-05 9.99549E-05 0.0267589 0.797526 0.146645 9.99549E-05 0.0285706 9.99549E-05
9.9964E-05 9.9964E-05 0.0443515 0.00330458 0.744831 0.0238589 0.183254 9.9964E-05 9.9964E-05
9.9973E-05 0.041027 0.0266836 0.0225099 0.704291 0.0017424 0.203446 9.9973E-05 9.9973E-05
9.9982E-05 0.24669 0.00876103 9.9982E-05 0.0189879 0.450915 0.0387445 0.0913419 0.14436
9.999E-05 0.567273 0.0304473 0.0230247 0.0286465 0.243499 0.00861683 0.0560161 0.0423771
9.9964E-05 0.302929 0.0303238 9.9964E-05 9.9964E-05 0.45817 9.9964E-05 0.126613 0.0815647
9.9964E-05 0.312178 0.0830113 9.9964E-05 9.9964E-05 0.43531 9.9964E-05 0.120204 0.0488961
9.9982E-05 0.42334 0.116962 9.9982E-05 0.0259466 0.285127 0.0413588 0.0744807 0.032586
9.9982E-05 0.580788 0.0574586 0.0287958 9.9982E-05 0.179409 0.00072283 0.0765528 0.0760723
9.9982E-05 0.490046 0.00883666 0.0268114 9.9982E-05 0.267359 0.0290625 0.0732997 0.104385
9.9991E-05 0.310868 0.032716 0.0273707 0.0489141 0.367504 0.0103332 0.117609 0.0845845
9.9973E-05 0.0396694 9.9973E-05 9.9973E-05 0.00216641 0.647153 0.141094 0.0671964 0.10242
0.00406116 0.424947 9.9982E-05 0.0107953 9.9982E-05 0.31096 0.0205117 0.0904244 0.138101
0.0587742 0.413182 0.0329679 0.0171824 9.9991E-05 0.178257 0.0857249 0.0963444 0.117467
9.999E-05 0.550685 0.0383971 0.0214614 0.0425761 0.174807 0.00574714 0.00792 0.158307
9.9991E-05 0.211611 0.069722 0.0190648 0.0156061 0.37309 0.111036 0.0538085 0.145962
9.9991E-05 0.632402 0.0303024 0.0404882 0.0382942 0.123534 0.0770118 0.0481449 0.00972244
9.9973E-05 0.566933 9.9973E-05 9.9973E-05 0.0103635 0.24669 0.0495099 0.0817928 0.0444106
9.99769E-05 0.262339 9.99769E-05 9.99769E-05 0.0397634 0.471381 0.0303787 0.0727819 0.123056
9.9982E-05 0.283889 0.0608506 0.0135068 9.9982E-05 0.433094 0.0171999 0.0889522 0.102308
9.9973E-05 0.2094 9.9973E-05 9.9973E-05 0.0127276 0.446634 0.096559 0.0632112 0.171169
9.993E-05 9.993E-05 9.993E-05 0.999201 9.993E-05 9.993E-05 9.993E-05 9.993E-05 9.993E-05
9.993E-05 9.993E-05 9.993E-05 0.999201 9.993E-05 9.993E-05 9.993E-05 9.993E-05 9.993E-05
9.9973E-05 0.0454236 0.0775158 0.379012 0.474631 0.0155612 9.9973E-05 0.00755606 9.9973E-05
9.9964E-05 0.100666 0.0929499 0.291009 0.467431 9.9964E-05 9.9964E-05 0.0475446 9.9964E-05
9.9982E-05 0.430264 0.0149629 0.0346215 0.0250094 0.110599 0.213804 9.9982E-05 0.17054
0.0087636 0.533069 0.0165662 0.0256318 0.0612129 0.0534475 0.0166946 0.0284432 0.256171
0.0114247 0.562419 0.00759545 9.9973E-05 0.0277007 9.9973E-05 0.0383888 9.9973E-05 0.352171
0.00503097 0.213285 9.9973E-05 9.9973E-05 0.0579672 0.594708 9.9973E-05 0.0158799 0.112829
0.0266869 0.236551 0.0184771 0.00578285 9.9982E-05 9.9982E-05 0.12835 0.00584618 0.578106
9.9982E-05 0.557554 0.00109015 0.0194666 0.0823246 0.115332 0.0159091 9.9982E-05 0.208123
9.9955E-05 0.66935 9.9955E-05 9.9955E-05 0.0554031 9.9955E-05 0.0841951 9.9955E-05 0.190552
9.9973E-05 0.466404 0.0248786 0.0138895 0.0474011 0.0454533 0.401673 9.9973E-05 9.9973E-05
9.9973E-05 0.560831 9.9973E-05 0.0187571 0.075206 0.0965063 0.168483 9.9973E-05 0.0799172
9.9964E-05 0.155436 9.9964E-05 0.00645148 0.0164946 0.137549 9.9964E-05 9.9964E-05 0.683669
9.9982E-05 0.593738 0.00989622 0.0227322 0.0396465 0.00930852 0.322921 0.00155755 9.9982E-05
0.0125577 0.573144 0.0116977 0.0023032 0.105966 0.0599188 0.0225793 0.00561331 0.20622
0.0170465 0.599074 9.9982E-05 9.9982E-05 0.0950758 0.0557097 0.10594 0.012545 0.114409
0.0813566 0.340825 9.9955E-05 9.9955E-05 9.9955E-05 9.9955E-05 9.9955E-05 0.0133475 0.563971
9.9973E-05 0.59694 9.9973E-05 0.00445713 0.0923965 0.00300988 9.9973E-05 0.00942357 0.293473
0.0177189 0.565424 0.0103839 0.0305858 0.100304 0.0696019 0.0318945 0.017325 0.156762
0.0937465 9.9955E-05 9.9955E-05 9.9955E-05 9.9955E-05 9.9955E-05 0.148831 0.0845887 0.672334
0.0281263 0.169705 9.9964E-05 9.9964E-05 9.9964E-05 0.570479 0.119495 9.9964E-05 0.111795
0.167157 0.163403 0.0177351 9.9982E-05 9.9982E-05 0.252639 0.10856 0.129992 0.160314
0.0730031 0.583029 0.0393337 0.0122979 0.0471166 0.129073 0.0156963 0.0762244 0.0242261
0.0919016 0.551782 0.0575704 9.9991E-05 0.0704555 0.0782607 0.0986169 0.0376602 0.0136524
0.0892509 0.632136 0.0391563 0.0217524 0.0200198 0.117212 0.000227577 0.0801452 9.9991E-05
9.9982E-05 0.216107 9.9982E-05 0.00348309 0.076621 0.460283 0.0634211 0.0523801 0.127505
9.9964E-05 0.549261 9.9964E-05 0.0136251 9.9964E-05 0.300743 9.9964E-05 0.0777521 0.0582184
0.0279682 0.581116 0.0688552 9.9991E-05 0.0605411 0.0961138 0.0528864 0.0280157 0.0844041
0.080612 0.379729 0.00078466 9.9991E-05 0.116878 0.224976 0.0759166 0.0229165 0.0980868
9.9973E-05 0.139729 9.9973E-05 9.9973E-05 0.153846 0.440112 0.0964501 0.044641 0.124923
0.0557203 0.538217 0.00231311 0.00652768 0.0705652 0.117967 0.051411 0.0561121 0.101167
0.0395025 0.48413 0.0210643 0.0292963 0.0105427 0.254924 0.0167263 0.055047 0.0887661
9.9982E-05 0.0954749 9.9982E-05 0.046298 0.0170671 0.533064 0.117077 0.0540304 0.136788
0.0213565 0.462937 9.9964E-05 9.9964E-05 9.9964E-05 0.341102 9.9964E-05 0.041323 0.132881
0.110221 0.535834 0.0231904 0.0191864 0.00546266 0.135025 9.9991E-05 0.0747587 0.0962218
0.00875862 0.607894 9.9982E-05 0.0223279 0.0492508 0.145766 0.0963204 0.069483 9.9982E-05
0.0252677 0.23554 0.0385311 0.0417945 0.0728961 0.333054 0.0250637 0.0120149 0.215838
0.0800387 0.485072 0.042171 0.0253933 9.9991E-05 0.192451 0.0557687 0.0479522 0.071053
0.0388714 0.515535 0.0601653 0.0439864 9.9982E-05 0.176099 9.9982E-05 0.0668162 0.0983265
0.0325093 0.223806 9.9982E-05 0.0327978 9.9982E-05 0.460154 0.0173749 0.0743463 0.158812
9.9955E-05 0.473387 9.9955E-05 0.0150579 9.9955E-05 0.0483658 9.9955E-05 9.9955E-05 0.462689
9.9955E-05 0.210764 9.9955E-05 0.0255307 9.9955E-05 0.0777623 9.9955E-05 9.9955E-05 0.685443
9.9982E-05 0.521363 0.0248669 0.0243322 0.0728124 0.0274441 9.9982E-05 0.0313535 0.297628
0.0659326 0.0024509 0.0258406 9.9964E-05 9.9964E-05 9.9964E-05 9.9964E-05 0.0223154 0.883061
0.0912398 9.9955E-05 9.9955E-05 9.9955E-05 9.9955E-05 9.9955E-05 0.00622202 0.0221153 0.879923
0.055357 0.237008 9.9955E-05 9.9955E-05 9.9955E-05 9.9955E-05 0.00455338 9.9955E-05 0.702582
9.9964E-05 0.482614 9.9964E-05 0.0220059 0.0184723 0.0487889 9.9964E-05 9.9964E-05 0.427719
0.04965 0.472584 0.0493554 9.9984E-05 0.146566 0.0539689 0.0809651 9.9984E-05 0.146711
0.0269622 0.446946 0.0289275 9.9955E-05 9.9955E-05 9.9955E-05 9.9955E-05 9.9955E-05 0.496664
9.9964E-05 0.170296 9.9964E-05 0.00191209 0.0598748 0.153104 9.9964E-05 9.9964E-05 0.614414
9.9955E-05 0.271877 9.9955E-05 9.9955E-05 0.0234097 0.14072 9.9955E-05 9.9955E-05 0.563493
9.9982E-05 0.488334 0.0564915 0.00135359 0.0500359 0.0869565 0.0635393 9.9982E-05 0.253089
9.9955E-05 0.349374 9.9955E-05 9.9955E-05 0.0380895 0.0227929 9.9955E-05 9.9955E-05 0.589244
0.00342744 0.44253 9.9973E-05 0.0425846 0.000219734 0.0617707 9.9973E-05 9.9973E-05 0.449168
0.025091 0.441481 9.9973E-05 9.9973E-05 9.9973E-05 0.0128148 0.00284582 0.034348 0.483119
0.145523 9.9955E-05 9.9955E-05 9.9955E-05 9.9955E-05 9.9955E-05 0.0100824 0.133707 0.710189
0.0215478 0.597698 0.0275336 9.9982E-05 0.0297291 0.0138169 9.9982E-05 0.0540067 0.255468
9.9955E-05 0.0825492 9.9955E-05 0.0573728 0.796391 0.0631871 9.9955E-05 9.9955E-05 9.9955E-05
9.9955E-05 0.0544364 0.0144894 0.0726125 0.857962 9.9955E-05 9.9955E-05 9.9955E-05 9.9955E-05
9.9964E-05 0.116306 0.0196257 0.0458654 0.796414 9.9964E-05 9.9964E-05 0.0213884 9.9964E-05
9.9964E-05 0.0129879 0.0318169 0.039971 0.906115 9.9964E-05 9.9964E-05 0.00870974 9.9964E-05
0.0019043 9.9964E-05 0.0465709 0.0321108 0.914813 9.9964E-05 9.9964E-05 9.9964E-05 0.00420076
0.00676098 0.0938477 0.00246542 0.0285256 0.851357 9.9973E-05 9.9973E-05 0.0167434 9.9973E-05
9.9946E-05 0.0664726 9.9946E-05 0.0278948 0.905033 9.9946E-05 9.9946E-05 9.9946E-05 9.9946E-05
9.9973E-05 0.536168 0.0470252 0.0282639 9.9973E-05 0.116277 9.9973E-05 0.0476515 0.224315
0.0436882 0.595651 9.9991E-05 0.0343293 0.117407 0.0544166 0.0479615 0.00541272 0.101034
0.0239206 0.056022 9.9964E-05 9.9964E-05 0.0674413 0.168484 9.9964E-05 9.9964E-05 0.683733
9.9982E-05 0.589626 0.0145814 0.0258442 0.0578691 0.0848505 9.9982E-05 0.0628563 0.164172
0.00646334 0.376253 9.9973E-05 0.0161373 0.0380888 0.0911586 9.9973E-05 9.9973E-05 0.471599
9.9973E-05 0.543915 9.9973E-05 0.0356318 0.0394349 0.0400433 0.00132938 9.9973E-05 0.339346
0.0964536 0.524359 0.00137922 0.00440155 0.0356149 9.9982E-05 0.121563 9.9982E-05 0.216029
0.0617245 0.49161 0.0136309 0.0202358 0.0240561 0.0160639 9.9982E-05 9.9982E-05 0.372479
9.9946E-05 9.9946E-05 9.9946E-05 9.9946E-05 0.0609577 0.231254 9.9946E-05 9.9946E-05 0.707188
0.00389873 0.497181 0.0353223 0.00352078 0.0745864 0.141375 0.010846 0.0318174 0.201452
9.9982E-05 0.653984 9.9982E-05 0.00525939 0.0778813 0.0609766 0.054597 0.0181283 0.128973
0.0393893 0.590941 9.9991E-05 0.0312111 0.0640179 0.0536093 0.0472696 0.0164466 0.157015
0.0724817 0.241746 0.0199442 0.0134578 9.9991E-05 0.0331208 0.103999 0.00497769 0.510173
0.0996932 0.488577 9.9955E-05 0.0173448 9.9955E-05 9.9955E-05 9.9955E-05 9.9955E-05 0.393885
0.0255297 0.440168 9.9964E-05 9.9964E-05 0.0221907 0.139343 9.9964E-05 9.9964E-05 0.372369
0.0681425 0.33254 0.0340301 0.00723927 9.9973E-05 9.9973E-05 0.0279068 9.9973E-05 0.529842
9.9964E-05 0.434461 9.9964E-05 9.9964E-05 0.0706975 0.0952776 0.00942796 9.9964E-05 0.389737
0.0475396 0.552892 0.00510254 0.0418057 0.0584294 0.106325 9.9991E-05 0.0110073 0.176799
0.16447 0.318046 9.9973E-05 0.00722193 9.9973E-05 0.352806 9.9973E-05 0.153367 0.00378901
9.9973E-05 0.446527 9.9973E-05 9.9973E-05 0.0720679 0.360077 0.0520856 0.0240692 0.0448731
0.0514956 0.569916 0.00995725 9.9982E-05 0.0983394 0.177143 0.0391462 0.0538025 9.9982E-05
0.0417781 0.563872 0.0223268 0.0196349 0.109494 0.102319 0.0549557 0.0297286 0.0558905
0.0260658 0.474204 9.9991E-05 0.012782 0.0308761 0.354701 0.00957757 0.0218195 0.0698745
0.0761633 0.609866 9.9982E-05 9.9982E-05 0.0541093 0.232653 0.0208527 0.00584301 0.000313465
0.0566097 0.455017 9.9991E-05 0.0256398 0.0177232 0.374553 0.0271332 0.0397537 0.00347109
0.0592428 0.531761 9.9991E-05 0.0350125 0.0242474 0.14364 0.00318828 0.126806 0.0760027
0.0532568 0.615275 9.9973E-05 9.9973E-05 0.0749827 0.146397 9.9973E-05 0.0784918 0.0312961
9.9982E-05 0.574323 9.9982E-05 0.00721666 0.020133 0.258819 0.0557148 0.0315346 0.052059
0.047696 0.5507 9.9982E-05 0.0142895 9.9982E-05 0.278546 0.0254238 0.0207332 0.0624115
0.0526752 0.620989 0.0731633 9.9982E-05 0.0528869 0.13767 0.0270541 0.0353619 9.9982E-05
9.9991E-05 0.639222 0.014978 0.00843346 0.0469157 0.129627 0.0759593 0.0725666 0.0121973
0.0452365 0.601778 0.0421936 9.9982E-05 9.9982E-05 0.214917 0.0161795 0.0444637 0.0350315
0.067038 0.556919 0.047824 9.9991E-05 0.0504219 0.160568 0.0147662 0.0702021 0.0321613
0.133997 0.591218 0.0194696 9.9982E-05 0.0501162 0.139441 0.0203721 9.9982E-05 0.0451866
0.105366 0.360659 0.0006061 0.0138243 9.9982E-05 0.257456 0.0890009 0.172888 9.9982E-05
0.0196505 0.661757 0.00995489 0.00636445 0.00751889 0.138418 9.9991E-05 0.0817834 0.0744527
0.03682 0.66325 9.9973E-05 0.0180222 9.9973E-05 0.160196 0.0561608 0.0652516 9.9973E-05
0.0226339 0.236916 9.9973E-05 9.9973E-05 0.0231983 0.543508 9.9973E-05 0.0382311 0.135213
0.240699 0.154262 9.9973E-05 9.9973E-05 9.9973E-05 0.300487 0.0411498 0.176452 0.0866501
0.0363121 0.526826 0.000326245 0.00110754 0.0859408 0.194081 0.0701817 9.9991E-05 0.0851241
0.251437 0.0558365 9.9973E-05 9.9973E-05 9.9973E-05 0.297302 0.100189 0.103163 0.191773
0.0098136 0.351995 9.9982E-05 0.00917948 9.9982E-05 0.519542 0.000338378 0.0183108 0.0906216
0.0410713 0.444503 9.9964E-05 9.9964E-05 9.9964E-05 0.400579 0.00954369 9.9964E-05 0.103903
9.9964E-05 0.362846 9.9964E-05 0.0285321 9.9964E-05 0.449307 9.9964E-05 0.0221992 0.136716
0.019281 0.353357 9.9964E-05 9.9964E-05 9.9964E-05 0.477121 0.0678355 9.9964E-05 0.0820054
0.0165902 0.575515 9.9991E-05 0.0156732 0.0569556 0.21799 0.0473247 0.0213248 0.0485264
0.0500679 0.592539 0.0313562 9.9973E-05 0.104272 0.165289 9.9973E-05 9.9973E-05 0.056175
0.0380343 0.591145 0.0168005 0.00204107 0.0443495 0.226926 9.9991E-05 0.020474 0.0601303
0.15199 0.162605 9.9973E-05 9.9973E-05 9.9973E-05 0.372717 0.130457 0.0763398 0.105591
0.050063 0.498613 0.0361387 0.0221661 0.108872 0.0661547 0.152891 9.9991E-05 0.0650002
0.149259 0.51771 0.00870648 0.0205106 0.0547526 0.0112971 0.129153 0.0831474 0.0254643
0.188425 9.9964E-05 9.9964E-05 9.9964E-05 9.9964E-05 0.0808682 0.340956 0.262223 0.127127
0.00609161 0.612233 0.0383299 9.9991E-05 0.0319428 0.0318528 0.108362 0.0746291 0.0964594
0.107235 0.26457 0.0268188 9.9991E-05 0.0517731 0.0902985 0.220834 0.1104 0.127972
0.0973075 0.513124 0.01119 0.0349897 0.087792 0.00342519 0.17434 0.0757851 0.00204712
0.0248433 0.214055 9.9991E-05 0.00255169 0.0186131 0.136362 0.350155 0.167388 0.0859322
0.151312 0.0255864 9.9982E-05 0.00472333 9.9982E-05 0.140589 0.400729 0.179668 0.0971924
0.0915802 0.383917 9.9982E-05 9.9982E-05 0.0131471 0.0791495 0.270575 0.0868919 0.0745395
0.0624619 0.460146 0.0386049 0.00619666 0.103535 0.101006 0.125791 0.073333 0.0289247
0.0517036 0.406654 0.0605064 0.0371975 0.0378946 0.139077 0.125132 0.111483 0.0303518
0.159094 0.111253 0.0345517 0.00692515 9.9991E-05 0.105402 0.2089 0.188613 0.185161
0.0455375 0.550811 0.00672702 0.0324488 0.0897623 0.0802804 0.0533021 0.0457796 0.0953511
0.125858 0.255541 9.9973E-05 9.9973E-05 9.9973E-05 0.104676 0.288755 0.114618 0.110252
0.113859 0.38997 9.9973E-05 9.9973E-05 9.9973E-05 0.0919008 0.19327 0.0904394 0.120261
0.0127084 0.552928 0.0431875 0.0109696 0.0514699 0.082873 0.131833 0.0645814 0.0494493
9.9982E-05 0.136921 0.210426 0.018379 0.291909 0.00897623 0.152477 0.180711 9.9982E-05
9.9955E-05 9.9955E-05 0.0768598 9.9955E-05 0.347378 9.9955E-05 0.140137 0.435125 9.9955E-05
0.0249851 9.9964E-05 0.0733516 9.9964E-05 0.326261 9.9964E-05 0.116932 0.45807 9.9964E-05
9.9964E-05 0.0919395 0.211568 9.9964E-05 0.268128 9.9964E-05 0.183955 0.244009 9.9964E-05
0.0570659 0.56199 9.9973E-05 0.0037442 9.9973E-05 0.010726 0.258845 9.9973E-05 0.107328
0.00454192 0.607523 9.9982E-05 0.00540896 0.114984 0.0596266 0.103532 9.9982E-05 0.104184
9.9955E-05 0.332652 0.644724 0.0122486 9.9955E-05 0.00987535 9.9955E-05 9.9955E-05 9.9955E-05
0.0189008 0.350342 0.475999 9.9982E-05 0.0134505 0.0775042 9.9982E-05 0.0156898 0.0479136
0.0129132 0.356373 0.426033 0.0295567 0.0144382 0.108524 0.051962 9.9982E-05 9.9982E-05
0.168678 0.209835 0.0116889 9.9982E-05 9.9982E-05 0.0589139 0.465829 0.0393886 0.0454667
0.0839084 0.44067 0.0365018 0.0235769 0.0806681 0.116367 0.10102 0.0440174 0.0732703
0.147452 0.167548 9.9973E-05 9.9973E-05 9.9973E-05 0.0801806 0.484624 0.0451641 0.0747324
0.0757981 0.545345 9.9991E-05 0.0185991 0.0246197 0.0504913 0.218556 0.0326267 0.0338639
0.15218 0.430845 0.00670186 9.9982E-05 0.0288849 0.0326509 0.310974 0.0375623 9.9982E-05
0.057596 0.555447 9.9973E-05 0.0147041 9.9973E-05 0.0125923 0.358498 9.9973E-05 0.000862464
0.113471 0.130049 9.9973E-05 9.9973E-05 9.9973E-05 0.0171442 0.575447 0.0871802 0.0764078
0.051838 0.575105 0.026321 0.0173761 0.0460709 9.9982E-05 0.222746 9.9982E-05 0.0603428
0.118415 0.569869 9.9982E-05 0.0181515 0.0563814 9.9982E-05 0.132316 0.0638819 0.040786
9.9964E-05 0.0031639 0.969827 9.9964E-05 0.00760567 9.9964E-05 0.0072485 9.9964E-05 0.0117552
0.0306521 0.0529217 0.915826 9.9946E-05 9.9946E-05 9.9946E-05 9.9946E-05 9.9946E-05 9.9946E-05
0.0184318 0.306731 0.548422 0.00491786 0.0419386 0.0458831 9.9982E-05 9.9982E-05 0.033475
0.00157775 0.361348 0.612193 9.9955E-05 9.9955E-05 0.0243815 9.9955E-05 9.9955E-05 9.9955E-05
9.9964E-05 0.132138 0.806595 0.0243773 9.9964E-05 0.0341394 9.9964E-05 9.9964E-05 0.00235082
9.993E-05 9.993E-05 0.999201 9.993E-05 9.993E-05 9.993E-05 9.993E-05 9.993E-05 9.993E-05
0.0226679 9.9955E-05 0.952018 0.00105333 9.9955E-05 0.0237605 9.9955E-05 9.9955E-05 9.9955E-05
9.9946E-05 0.124942 0.857568 9.9946E-05 9.9946E-05 0.0168895 9.9946E-05 9.9946E-05 9.9946E-05
9.9946E-05 9.9946E-05 0.922765 0.0210221 9.9946E-05 0.0556128 9.9946E-05 9.9946E-05 9.9946E-05
9.993E-05 9.993E-05 0.999201 9.993E-05 9.993E-05 9.993E-05 9.993E-05 9.993E-05 9.993E-05
9.993E-05 9.993E-05 0.999201 9.993E-05 9.993E-05 9.993E-05 9.993E-05 9.993E-05 9.993E-05
9.9964E-05 0.188978 0.762634 0.0111042 0.0152194 0.0216647 9.9964E-05 9.9964E-05 9.9964E-05
9.9964E-05 0.104035 0.773949 0.0367074 9.9964E-05 0.0467467 9.9964E-05 0.0381618 9.9964E-05
9.993E-05 9.993E-05 0.999201 9.993E-05 9.993E-05 9.993E-05 9.993E-05 9.993E-05 9.993E-05
9.9982E-05 0.344983 0.354335 0.0371766 0.0421558 0.0871639 0.0538409 9.9982E-05 0.0801445
9.9982E-05 0.232124 0.628163 0.0198986 0.0262036 9.9982E-05 0.0315814 0.0136079 0.048222
9.9946E-05 0.127487 0.806435 9.9946E-05 0.0654787 9.9946E-05 9.9946E-05 9.9946E-05 9.9946E-05
9.9973E-05 0.0781245 0.891432 0.00796544 0.0147198 9.9973E-05 0.00685707 9.9973E-05 0.000601238
9.993E-05 9.993E-05 0.999201 9.993E-05 9.993E-05 9.993E-05 9.993E-05 9.993E-05 9.993E-05
9.9946E-05 0.0359823 0.958284 9.9946E-05 9.9946E-05 9.9946E-05 9.9946E-05 0.00513419 9.9946E-05
9.9937E-05 9.9937E-05 0.987971 0.0113289 9.9937E-05 9.9937E-05 9.9937E-05 9.9937E-05 9.9937E-05
9.9982E-05 0.243676 0.64366 9.9982E-05 0.0371181 0.0406669 0.00419539 0.00711769 0.0233663
0.00216077 9.9955E-05 0.977648 0.010141 9.9955E-05 0.00955003 9.9955E-05 9.9955E-05 9.9955E-05
0.0748537 9.9964E-05 0.00446027 9.9964E-05 0.213049 9.9964E-05 0.498493 0.208744 9.9964E-05
9.9982E-05 0.309452 0.0789115 0.0225882 0.131292 0.0497578 0.360142 0.0476559 9.9982E-05
0.0493747 0.364653 0.0626681 0.0242372 0.117745 9.9982E-05 0.323657 0.0574644 9.9982E-05
9.9982E-05 0.109867 0.10852 0.000483392 0.110832 0.0115503 0.492754 0.165793 9.9982E-05
0.0444609 0.354966 0.133313 0.0178369 0.116253 0.0677193 0.149324 0.0362138 0.0799125
0.0523455 0.0523396 0.108655 0.0164205 0.161811 9.9982E-05 0.450867 0.157362 9.9982E-05
0.0597335 0.397428 0.0933882 0.0208104 0.117478 0.0586494 0.223496 0.0141768 0.0148398
9.9964E-05 0.263874 0.10502 9.9964E-05 0.121526 9.9964E-05 0.396682 0.112498 9.9964E-05
9.9973E-05 0.425805 0.0993868 0.0360648 0.101244 9.9973E-05 0.211671 0.125528 9.9973E-05
9.9982E-05 0.304422 0.123362 0.0523808 0.0788352 9.9982E-05 0.320629 0.0823184 0.037852
9.9982E-05 0.419063 0.0878622 0.0203004 0.133047 9.9982E-05 0.144443 0.130352 0.064733
0.00134741 0.0545629 9.9973E-05 0.00918284 0.884837 9.9973E-05 0.0455126 0.00425758 9.9973E-05
0.0284831 9.9973E-05 0.0622791 0.0376301 0.831821 9.9973E-05 9.9973E-05 0.0212425 0.018244
9.9964E-05 0.0204941 9.9964E-05 0.0455359 0.897728 0.00962135 9.9964E-05 0.0262207 9.9964E-05
9.9946E-05 9.9946E-05 9.9946E-05 0.00974216 0.935335 9.9946E-05 9.9946E-05 0.0543236 9.9946E-05
9.9964E-05 0.0531484 9.9964E-05 0.0410236 0.881081 0.0200158 9.9964E-05 0.0043309 9.9964E-05
9.9964E-05 0.0164422 0.00531287 0.0444282 0.91764 9.9964E-05 9.9964E-05 0.0157772 9.9964E-05
9.9955E-05 0.073947 0.019598 0.0421154 0.86384 9.9955E-05 9.9955E-05 9.9955E-05 9.9955E-05
9.9955E-05 9.9955E-05 9.9955E-05 0.0428918 0.880245 0.0524241 9.9955E-05 0.0239393 9.9955E-05
9.9982E-05 0.00617922 0.0452757 0.0221156 0.854404 9.9982E-05 0.0369953 0.0148613 0.0199685
9.9964E-05 0.0203462 9.9964E-05 0.0347919 0.832234 0.0154106 9.9964E-05 0.0968171 9.9964E-05
9.9973E-05 9.9973E-05 0.00250767 9.9973E-05 0.597209 0.268757 0.0875945 0.00303038 0.0406015
9.9955E-05 9.9955E-05 9.9955E-05 0.0147389 0.593412 0.338522 0.052827 9.9955E-05 9.9955E-05
0.00540725 9.9982E-05 9.9982E-05 0.0239567 0.524954 0.306371 0.07897 0.0176396 0.0425019
9.9955E-05 9.9955E-05 9.9955E-05 9.9955E-05 0.448728 0.373061 0.143929 9.9955E-05 0.0337823
9.9982E-05 0.480243 9.9982E-05 0.0260136 0.0369029 0.162968 0.0222383 0.00748784 0.263947
0.0783675 0.460138 0.0328309 0.00408641 0.0243383 0.0907631 0.00148665 0.0110794 0.29691
0.0118248 0.495585 0.0298868 0.00791704 0.0339658 0.193088 9.9982E-05 9.9982E-05 0.227533
9.9982E-05 0.362922 9.9982E-05 0.0203693 0.00388309 0.279567 0.00807535 0.0400273 0.284956
0.0675891 0.199251 0.00779605 9.9973E-05 9.9973E-05 0.556218 0.0633389 9.9973E-05 0.105506
0.0400456 0.658017 0.00385874 0.0014187 0.0452156 0.0552869 9.9982E-05 9.9982E-05 0.195957
0.0391714 0.617351 9.9964E-05 9.9964E-05 9.9964E-05 0.0968223 0.00711283 9.9964E-05 0.239142
0.0624692 0.526676 9.9982E-05 0.00490388 9.9982E-05 0.0260551 0.039655 0.0450588 0.294982
0.088772 0.365468 0.00832213 9.9955E-05 9.9955E-05 9.9955E-05 9.9955E-05 9.9955E-05 0.536938
0.0474489 0.593673 0.0172332 0.0149279 0.0172093 0.0735178 0.0426854 0.0457525 0.147552
9.9964E-05 0.393318 9.9964E-05 0.00829502 0.0084173 0.0831534 9.9964E-05 9.9964E-05 0.506417
0.168856 9.9955E-05 9.9955E-05 9.9955E-05 9.9955E-05 0.0113746 9.9955E-05 0.00599973 0.81327
0.0401835 0.576308 9.9982E-05 0.0110175 0.0301103 0.145805 9.9982E-05 0.0637825 0.132593
0.0587867 0.153621 9.9964E-05 9.9964E-05 9.9964E-05 9.9964E-05 0.0651405 0.0531699 0.668882
0.0281052 0.515119 9.9982E-05 0.0224645 0.000972893 0.0303259 9.9982E-05 0.0246322 0.37818
9.9955E-05 0.152726 9.9955E-05 9.9955E-05 0.00422922 0.179794 9.9955E-05 9.9955E-05 0.662751
9.9946E-05 9.9946E-05 9.9946E-05 9.9946E-05 0.123963 0.716901 0.158537 9.9946E-05 9.9946E-05
9.9955E-05 0.0330298 9.9955E-05 9.9955E-05 0.118457 0.667909 0.180104 9.9955E-05 9.9955E-05
9.9955E-05 9.9955E-05 9.9955E-05 0.0054464 0.0875934 0.723472 0.182988 9.9955E-05 9.9955E-05
9.9946E-05 9.9946E-05 9.9946E-05 9.9946E-05 0.120191 0.737191 0.142018 9.9946E-05 9.9946E-05
9.9955E-05 0.063545 9.9955E-05 9.9955E-05 0.0448377 0.724111 0.167006 9.9955E-05 9.9955E-05
9.9973E-05 0.0251107 0.0350909 0.0245766 0.0483976 0.684201 0.182324 9.9973E-05 9.9973E-05
9.9973E-05 0.0351382 0.0475716 0.023225 0.848172 0.0121991 9.9973E-05 9.9973E-05 0.0333939
9.9964E-05 0.12 9.9964E-05 0.000458846 0.828854 0.0397522 9.9964E-05 0.010535 9.9964E-05
0.00848847 0.160288 0.0152565 0.0221126 0.771568 0.00644712 9.9991E-05 0.0109622 0.00477695
9.9946E-05 9.9946E-05 0.0778967 9.9946E-05 0.857137 9.9946E-05 9.9946E-05 9.9946E-05 0.0643667
9.9964E-05 0.130119 0.0186872 0.0258514 0.776075 9.9964E-05 0.0488678 9.9964E-05 9.9964E-05
9.9955E-05 9.9955E-05 9.9955E-05 0.0112818 0.37904 0.519016 0.0901633 9.9955E-05 9.9955E-05
0.0409249 9.9964E-05 9.9964E-05 0.0495004 0.386596 0.456728 0.0658515 9.9964E-05 9.9964E-05
0.0307324 0.0143552 9.9973E-05 0.0322316 0.432068 0.485588 0.00472465 9.9973E-05 9.9973E-05
9.993E-05 9.993E-05 9.993E-05 0.999201 9.993E-05 9.993E-05 9.993E-05 9.993E-05 9.993E-05
0.0422518 9.9973E-05 9.9973E-05 0.0342346 0.367106 0.502581 0.0409506 9.9973E-05 0.0125768
0.0158021 0.345927 0.21785 0.00658398 0.206559 9.9982E-05 0.00943053 0.197648 9.9982E-05
9.9982E-05 0.524686 0.160044 0.00788966 0.155299 0.0578839 9.9982E-05 0.0753003 0.0186965
9.9964E-05 0.562897 0.221785 0.00018016 0.204186 9.9964E-05 9.9964E-05 0.0105519 9.9964E-05
9.9973E-05 0.292729 0.241992 9.9973E-05 0.267399 9.9973E-05 0.0671777 0.119309 0.011094
0.0649206 0.488768 0.119069 0.0320026 0.124511 0.0661527 0.0804405 0.0240356 9.9991E-05
0.0359068 9.9973E-05 0.24398 0.0143498 0.349298 9.9973E-05 0.0401712 0.315994 9.9973E-05
0.0387212 0.447112 9.9964E-05 9.9964E-05 9.9964E-05 0.374452 0.10483 9.9964E-05 0.0344863
0.167509 0.431079 9.9973E-05 9.9973E-05 9.9973E-05 0.187878 0.081056 0.0335658 0.0986122
9.9964E-05 0.288493 9.9964E-05 0.0166043 9.9964E-05 0.52014 0.0805132 9.9964E-05 0.0938495
0.194542 0.499668 9.9973E-05 9.9973E-05 9.9973E-05 0.151658 0.0777014 0.0161652 0.0599654
0.356155 9.9964E-05 9.9964E-05 9.9964E-05 9.9964E-05 0.276876 0.163924 0.0891295 0.113515
9.9991E-05 0.615248 0.0224679 0.0196821 0.0757154 0.0747038 0.0745715 0.0591156 0.0583957
0.153532 0.513478 9.9991E-05 0.0203524 0.0291366 0.144504 0.0585767 0.0318775 0.0484438
0.0333322 0.340216 9.9982E-05 0.022828 9.9982E-05 0.447432 0.067436 0.0246717 0.0638843
0.0279628 0.524996 0.0205888 9.9991E-05 0.0905925 0.133628 0.0710106 0.0210682 0.110053
0.141975 0.113058 9.9973E-05 9.9973E-05 9.9973E-05 0.296043 0.154748 0.0845435 0.209333
0.0738967 0.571291 9.9982E-05 9.9982E-05 0.0111839 0.172427 0.075173 0.0441829 0.0516456
0.00326979 0.523275 9.9982E-05 9.9982E-05 0.00834365 0.310308 0.0417866 0.00871858 0.104099
0.0563594 0.440179 0.0760606 9.9991E-05 0.0757171 0.115745 0.0330397 0.130105 0.0726945
0.119168 0.352587 9.9973E-05 9.9973E-05 9.9973E-05 0.266577 0.00285962 0.121183 0.137325
0.116361 0.424141 9.9973E-05 9.9973E-05 9.9973E-05 0.247439 0.0850554 0.0466924 0.0800108
0.119496 0.586582 0.0148049 9.9991E-05 0.00517993 0.182161 0.0744539 0.0110343 0.00618779
0.0955184 0.542528 9.9973E-05 9.9973E-05 9.9973E-05 0.145806 0.0625967 0.0637461 0.0895055
0.117762 0.613389 0.0470969 0.0107815 0.00681098 0.0971961 0.0806936 0.0231365 0.00313319
0.104352 0.505733 0.0147571 0.0234701 0.0536446 0.169038 0.0231091 0.0450624 0.0608335
0.00977184 0.553727 0.0212075 0.00573928 0.0655246 0.18755 0.0235249 0.0582961 0.0746591
9.9955E-05 0.105438 0.0389864 0.00926117 0.845815 9.9955E-05 9.9955E-05 9.9955E-05 9.9955E-05
0.000926113 0.128437 9.9955E-05 0.00517515 0.864962 9.9955E-05 9.9955E-05 9.9955E-05 9.9955E-05
9.9964E-05 0.0578709 9.9964E-05 0.044974 0.864776 0.0132952 0.0186841 9.9964E-05 9.9964E-05
0.00784283 0.0148499 0.0627358 0.0323244 0.871582 9.9973E-05 9.9973E-05 9.9973E-05 0.0103653
9.9946E-05 0.0842441 9.9946E-05 0.0256303 0.889526 9.9946E-05 9.9946E-05 9.9946E-05 9.9946E-05
9.9973E-05 0.183291 0.00472873 9.9973E-05 9.9973E-05 0.582222 0.0187017 0.100103 0.110653
0.0788478 0.532693 0.0161444 0.00804603 9.9991E-05 0.1786 0.0186733 0.0944958 0.0724
9.9982E-05 0.372543 0.198396 0.0426784 0.132768 0.0468601 0.10901 0.0975443 9.9982E-05
0.0197475 0.600194 0.0457234 0.0435903 9.9991E-05 0.176688 0.0131968 0.0211799 0.07958
9.9973E-05 0.483979 0.0238029 0.0018725 9.9973E-05 0.302884 9.9973E-05 0.0866374 0.100525
0.120883 0.278159 9.9973E-05 9.9973E-05 9.9973E-05 0.276358 0.0832103 0.137554 0.103536
0.0178976 0.021067 9.9982E-05 0.0221885 0.0299113 0.712727 9.9982E-05 0.0881571 0.107852
9.9982E-05 0.478263 9.9982E-05 0.00884242 0.0501699 0.326244 0.0065293 0.0570665 0.0726851
0.0314911 0.256458 0.0223465 0.00733992 0.0327012 0.570277 0.016224 0.0251359 0.0380271
0.111927 0.438538 0.00952496 9.9991E-05 0.0494854 0.172665 0.068705 0.0377621 0.111292
0.0706812 0.170189 9.9973E-05 9.9973E-05 0.0648411 0.582588 9.9973E-05 0.0670856 0.044315
0.010019 0.586763 0.0452913 0.00593357 0.0653136 0.260207 9.9982E-05 0.0262733 9.9982E-05
9.9982E-05 0.149471 9.9982E-05 0.0284049 0.0125531 0.566574 0.0215494 0.0749423 0.146305
0.130523 0.25203 0.0750788 0.00179401 9.9991E-05 0.297644 0.0294196 0.0906772 0.122733
0.075096 0.518453 0.00878272 0.00625387 0.0374067 0.0510814 0.171215 0.0927913 0.03892
0.122177 0.217713 9.9973E-05 9.9973E-05 9.9973E-05 0.0420108 0.522578 0.0167533 0.0784681
0.0746355 0.468713 9.9982E-05 9.9982E-05 0.0265164 0.0285522 0.363863 0.0349078 0.00261231
0.0278949 0.511492 9.9991E-05 0.00605822 0.0905205 0.0731483 0.181294 0.0763755 0.0331167
0.0767585 0.180076 9.9973E-05 9.9973E-05 9.9973E-05 0.0275204 0.591065 0.0540476 0.0702331
0.0735527 0.502377 0.0337134 0.015654 0.0814614 0.0272872 0.156636 0.0299815 0.0793367
0.111579 0.44377 9.9982E-05 9.9982E-05 0.0445284 0.0154809 0.301954 0.0229295 0.0595586
0.190754 0.058289 9.9973E-05 9.9973E-05 9.9973E-05 0.0112032 0.558764 0.0557521 0.124938
0.0672843 0.0904304 9.9973E-05 9.9973E-05 9.9973E-05 0.0218233 0.692914 0.0516178 0.0756307
0.0567104 0.419451 9.9982E-05 0.00623782 9.9982E-05 0.0883187 0.37396 0.0427745 0.0123475
0.119066 9.99707E-05 9.99707E-05 9.99707E-05 9.99707E-05 0.0710075 0.60925 0.013334 0.186943
0.0466758 0.412606 9.9973E-05 9.9973E-05 9.9973E-05 0.0477888 0.403182 0.0126091 0.0768385
0.03931 0.156295 0.0224027 0.00908034 9.9982E-05 0.648038 9.9982E-05 0.025544 0.0991295
0.257769 0.205908 0.0135083 9.9973E-05 9.9973E-05 0.35984 9.9973E-05 0.119227 0.0434472
0.0335481 0.388066 0.0532915 0.0112974 0.0440878 0.431352 9.9982E-05 9.9982E-05 0.0381577
0.0187921 0.594363 0.020646 0.00641235 0.0441296 0.211378 9.9991E-05 0.0319559 0.0722232
0.0139726 0.245516 0.0231043 9.9973E-05 9.9973E-05 0.55386 9.9973E-05 0.025327 0.137919
0.0376723 0.559163 0.00940708 0.0122526 0.0320726 0.196414 9.9991E-05 0.105599 0.0473198
0.0195705 0.585046 9.9973E-05 0.0603549 9.9973E-05 0.249615 9.9973E-05 0.0583787 0.0267348
0.071137 0.517428 0.00504023 0.00630216 9.9991E-05 0.206439 0.0188614 0.0472179 0.127474
0.0688363 0.509378 0.02728 0.00862773 9.9982E-05 0.270308 9.9982E-05 0.0426013 0.0727686
0.0195122 0.491278 0.00867173 0.012427 0.0174918 0.384364 9.9991E-05 0.0313892 0.0347654
0.0155758 0.315951 9.9973E-05 0.00743108 9.9973E-05 0.471317 9.9973E-05 0.0255812 0.163844
0.0631375 0.421681 0.00259253 0.0116654 9.9982E-05 0.426029 9.9982E-05 0.0130539 0.0616405
0.0661636 0.588373 9.9973E-05 0.00268082 9.9973E-05 0.177336 9.9973E-05 0.0957499 0.0693965
0.0640989 0.597765 0.0300186 0.0167837 0.0206771 0.121232 0.026489 0.0778655 0.04507
0.0980132 0.307255 0.0874156 0.00184592 0.00320672 0.2991 9.9991E-05 0.124191 0.0788734
0.114715 0.484562 0.0611963 0.000246282 9.9982E-05 0.207025 9.9982E-05 0.0290935 0.102963
0.0165451 0.372451 0.0307057 0.00709846 9.9982E-05 0.435093 9.9982E-05 0.0518896 0.0860168
9.9973E-05 0.569842 0.0236727 9.9973E-05 0.00425423 0.282752 9.9973E-05 0.0798278 0.0393511
0.0728136 0.444716 0.0493363 0.000655299 0.0390761 0.267432 9.9991E-05 0.0145527 0.111319
0.0588393 0.61899 9.9973E-05 9.9973E-05 0.0648897 0.151713 0.0364229 0.068845 9.9973E-05
9.9982E-05 0.452003 0.101118 9.9982E-05 0.296163 0.0302153 0.0628785 0.037328 0.0200946
0.000265086 0.589034 0.0767481 9.9991E-05 0.0742223 0.0229742 0.039975 0.182154 0.0145278
0.0403049 0.457808 0.11417 0.055296 0.131966 0.0512061 0.0224297 0.053026 0.0737923
0.0324953 0.569568 0.098454 0.015303 0.0630824 0.0670288 0.0191577 0.115151 0.0197596
0.0187277 0.480474 0.13474 0.00310675 0.150072 9.9991E-05 0.0543059 0.145497 0.012976
0.162956 0.496126 9.9973E-05 9.9973E-05 9.9973E-05 0.176516 0.0781215 0.0498368 0.0361436
0.0522224 0.560935 0.0825705 9.9991E-05 0.111788 0.0532473 0.0455624 0.048175 0.0453986
0.0828132 0.0688749 0.121939 9.9991E-05 0.139917 0.0633323 0.136386 0.298584 0.0880538
0.0120137 0.604671 0.053819 0.0231772 0.034342 0.111681 0.039204 0.120992 9.9991E-05
0.0529762 0.534957 0.142061 9.9991E-05 0.120686 0.0529762 0.0279796 0.0655535 0.0027099
0.0240662 0.56313 0.1069 0.0117674 0.0874509 0.0524872 0.0683616 0.058728 0.0271091
0.119027 0.324803 0.0460032 0.017212 0.130059 0.0491556 0.0416113 0.216968 0.0551602
0.0021071 0.521496 0.099955 9.9991E-05 0.173565 0.0688 0.0576479 0.0538199 0.0225088
0.0815989 0.545338 0.100371 0.00906436 0.139659 0.017803 9.9982E-05 0.105967 9.9982E-05
0.0283863 9.9973E-05 0.0702602 9.9973E-05 0.33839 9.9973E-05 0.0553721 0.503053 0.00423778
0.0267786 0.522058 0.132407 0.0179389 0.12241 0.0911319 0.00117669 0.0859989 9.9991E-05
0.0682698 0.558184 0.0986692 0.0283813 0.135297 9.9982E-05 9.9982E-05 0.0958018 0.0151973
0.0301723 0.564182 0.0759998 0.006904 0.0594528 0.064979 0.0579377 0.0868093 0.0535632
0.0470563 0.547676 0.153858 0.0312906 0.131948 9.9982E-05 0.0209387 0.0670318 9.9982E-05
9.9991E-05 0.547221 0.0727031 0.0409199 0.151839 0.0250378 0.0893043 0.0313716 0.0415032
0.438286 0.41454 0.021438 0.00703735 0.0396972 9.9973E-05 9.9973E-05 9.9973E-05 0.0787014
0.188967 0.466269 0.0982573 0.0121052 0.0703823 0.00831248 0.0392504 9.9991E-05 0.116357
0.896567 9.9955E-05 9.9955E-05 9.9955E-05 9.9955E-05 0.0660376 0.0109742 9.9955E-05 0.0259219
0.923988 9.9955E-05 9.9955E-05 9.9955E-05 0.00849361 0.0182438 0.0487749 9.9955E-05 9.9955E-05
0.319723 0.49372 0.0425329 9.9982E-05 0.0656676 0.0210071 9.9982E-05 0.0540687 0.00308072
0.0563206 0.34724 0.291198 9.9982E-05 0.159585 9.9982E-05 0.0643923 0.0544424 0.0266217
0.243014 0.322033 0.228846 9.9964E-05 0.152119 9.9964E-05 9.9964E-05 0.0535875 9.9964E-05
0.252344 0.174966 0.245924 9.9964E-05 0.168184 9.9964E-05 9.9964E-05 0.158181 9.9964E-05
0.207843 0.342364 0.22105 0.0211518 0.0773886 9.9973E-05 9.9973E-05 0.129903 9.9973E-05
0.710081 0.0603559 0.0317798 0.0232644 0.055925 9.9982E-05 0.0470419 0.0713522 9.9982E-05
0.630468 0.140763 0.0201043 0.0582242 0.018419 9.9973E-05 9.9973E-05 0.131722 9.9973E-05
0.382019 0.546878 0.0291186 9.9964E-05 0.0277828 9.9964E-05 0.0138017 9.9964E-05 9.9964E-05
0.473661 0.354553 0.095273 9.9955E-05 0.0760129 9.9955E-05 9.9955E-05 9.9955E-05 9.9955E-05
0.709033 0.200788 0.0062009 0.0209287 0.0589008 9.9973E-05 9.9973E-05 0.00384861 9.9973E-05
0.295669 0.55835 0.0310614 0.00703996 0.0311701 0.0579496 9.9982E-05 0.0185603 9.9982E-05
0.329814 0.59163 0.00958215 0.0154921 0.0240095 9.9973E-05 9.9973E-05 0.0291722 9.9973E-05
0.242215 0.494647 0.0797416 9.9991E-05 0.0679706 0.0568115 0.0475927 0.00368478 0.00723633
0.645353 0.327625 9.9964E-05 0.0101284 0.00586669 0.010627 9.9964E-05 9.9964E-05 9.9964E-05
0.455149 0.383523 9.9973E-05 9.9973E-05 0.0208108 0.0706175 0.0569306 0.0126698 9.9973E-05
0.29541 0.494266 0.00214821 0.00156569 0.0862037 0.0192906 0.0386869 0.00801838 0.0544109
0.362326 0.405513 0.0416512 0.0396681 0.0130471 0.0832301 0.0398792 9.9991E-05 0.0145857
0.227353 0.461635 0.0505903 9.9982E-05 0.100531 0.0312013 0.0929402 9.9982E-05 0.0355494
0.440005 0.404958 9.9964E-05 0.00684184 9.9964E-05 9.9964E-05 0.0808717 9.9964E-05 0.0669239
0.809468 0.140957 9.9964E-05 0.0103296 0.00975621 0.0290892 9.9964E-05 9.9964E-05 9.9964E-05
0.392001 0.573923 0.0234371 0.000784069 9.9964E-05 9.9964E-05 0.00945421 9.9964E-05 9.9964E-05
0.765846 0.144121 9.9946E-05 9.9946E-05 9.9946E-05 0.089434 9.9946E-05 9.9946E-05 9.9946E-05
0.516362 0.428356 9.9973E-05 0.0120467 0.025701 0.0170222 0.000212005 9.9973E-05 9.9973E-05
0.315836 0.474616 0.00997112 0.0460013 0.0580397 0.0341647 0.0111357 9.9991E-05 0.0501355
0.298669 0.512348 0.0345548 9.9973E-05 0.039547 0.0904703 0.0241108 9.9973E-05 9.9973E-05
0.0713255 0.535354 0.0872463 0.0342828 0.167246 9.9982E-05 0.0758018 9.9982E-05 0.0285436
0.139762 0.42563 0.09835 0.0103629 0.168396 9.9991E-05 0.0669136 0.030297 0.060189
0.0746233 0.295765 0.237118 0.0346073 0.13989 9.9982E-05 0.0965782 0.121219 9.9982E-05
0.0734651 0.300291 0.20448 0.0440128 0.144739 0.0280325 0.109392 0.0725492 0.0230378
0.0413687 0.46487 0.146078 0.020337 0.164113 0.0192165 0.0946092 0.0205678 0.0288399
0.164748 0.43742 0.0958382 0.00811545 0.12781 0.0140524 0.0440989 0.107817 9.9991E-05
0.672088 9.9964E-05 0.0974693 0.0158517 0.136309 9.9964E-05 9.9964E-05 0.0778828 9.9964E-05
0.142983 0.521434 0.200075 0.0137529 0.0780694 9.9982E-05 0.0376163 0.00586938 9.9982E-05
0.428481 9.9955E-05 0.0502578 9.9955E-05 0.292664 9.9955E-05 9.9955E-05 0.228097 9.9955E-05
0.322379 0.489302 0.104983 9.9955E-05 0.0828365 9.9955E-05 9.9955E-05 9.9955E-05 9.9955E-05
0.916687 0.0826137 9.9937E-05 9.9937E-05 9.9937E-05 9.9937E-05 9.9937E-05 9.9937E-05 9.9937E-05
0.958587 9.9937E-05 9.9937E-05 9.9937E-05 9.9937E-05 9.9937E-05 9.9937E-05 9.9937E-05 0.0407138
0.575848 0.421604 9.9946E-05 9.9946E-05 9.9946E-05 0.00194836 9.9946E-05 9.9946E-05 9.9946E-05
0.3896 0.577905 9.9955E-05 9.9955E-05 0.0263849 9.9955E-05 9.9955E-05 9.9955E-05 0.00561079
0.630338 0.368962 9.9937E-05 9.9937E-05 9.9937E-05 9.9937E-05 9.9937E-05 9.9937E-05 9.9937E-05
0.468305 0.528126 9.9946E-05 0.00296955 9.9946E-05 9.9946E-05 9.9946E-05 9.9946E-05 9.9946E-05
0.46283 0.53647 9.9937E-05 9.9937E-05 9.9937E-05 9.9937E-05 9.9937E-05 9.9937E-05 9.9937E-05
9.9991E-05 0.042609 0.00578204 0.0627021 0.822115 0.0493808 0.00904077 0.000622909 0.00764746
0.0238913 0.0286393 0.0738613 0.0472706 0.670752 0.0543054 9.9991E-05 0.0627432 0.0384373
0.000372289 9.9973E-05 0.015922 0.0293578 0.92128 0.00570907 0.027059 9.9973E-05 9.9973E-05
9.9955E-05 0.0214124 9.9955E-05 0.0507933 0.853911 9.9955E-05 9.9955E-05 0.0733832 9.9955E-05
0.000606314 0.526341 9.9964E-05 9.9964E-05 0.0256391 9.9964E-05 9.9964E-05 0.0850518 0.361962
9.9991E-05 0.52123 0.0113887 0.0148263 0.0184243 0.0642224 0.0349902 0.0427869 0.292031
9.9964E-05 0.529547 9.9964E-05 0.0275951 0.0199987 0.00622769 9.9964E-05 9.9964E-05 0.416232
9.9973E-05 0.553615 9.9973E-05 0.0124776 0.0797122 0.0581145 0.0636809 9.9973E-05 0.2321
9.9982E-05 0.534958 0.0355637 0.0220142 0.0692307 0.0482885 0.181047 9.9982E-05 0.108698
9.9964E-05 0.279978 9.9964E-05 0.0180236 0.036145 0.110446 9.9964E-05 9.9964E-05 0.555008
0.0154677 0.665523 9.9955E-05 0.0212061 9.9955E-05 9.9955E-05 9.9955E-05 9.9955E-05 0.297303
0.100146 0.249871 9.9964E-05 0.0258559 9.9964E-05 9.9964E-05 0.0618232 9.9964E-05 0.561904
9.9982E-05 0.452006 0.105275 0.0143851 0.287207 0.0691983 0.0168488 0.0548801 9.9982E-05
0.121173 0.422517 0.0185047 9.9964E-05 9.9964E-05 9.9964E-05 0.0778219 9.9964E-05 0.359584
9.9955E-05 0.327176 9.9955E-05 0.0125213 9.9955E-05 0.109715 9.9955E-05 9.9955E-05 0.550088
0.0678654 0.490727 0.0187935 9.9964E-05 9.9964E-05 9.9964E-05 0.0684128 9.9964E-05 0.353801
9.9973E-05 0.386669 0.0242677 0.0240708 0.00685232 0.0939274 9.9973E-05 9.9973E-05 0.463913
0.0669385 0.554897 9.9946E-05 9.9946E-05 9.9946E-05 9.9946E-05 9.9946E-05 9.9946E-05 0.377564
9.9973E-05 0.527581 9.9973E-05 0.0300167 0.0619025 0.00140154 0.00195557 9.9973E-05 0.376843
0.0639437 9.9946E-05 9.9946E-05 9.9946E-05 9.9946E-05 9.9946E-05 0.0180424 9.9946E-05 0.917414
0.0684829 0.320129 0.00905152 0.00707113 9.9982E-05 9.9982E-05 0.0476406 0.0328466 0.514578
0.0434619 0.387131 0.000221781 9.9964E-05 9.9964E-05 9.9964E-05 9.9964E-05 0.0152331 0.553553
0.115322 9.9946E-05 9.9946E-05 9.9946E-05 9.9946E-05 9.9946E-05 9.9946E-05 0.0201014 0.863977
9.9964E-05 0.403577 9.9964E-05 9.9964E-05 0.0916488 0.0606453 0.0185466 9.9964E-05 0.425182
0.0823368 0.019514 9.9964E-05 9.9964E-05 9.9964E-05 9.9964E-05 0.158067 0.0670108 0.672672
0.0639869 9.99528E-05 9.99528E-05 9.99528E-05 9.99528E-05 9.99528E-05 9.99528E-05 0.079255 0.856158
0.017213 0.567433 9.9991E-05 0.0100551 0.045715 0.00219042 0.0711897 0.0178305 0.268274
9.9973E-05 0.173209 9.9973E-05 0.00163839 0.0618685 0.125961 0.0031133 9.9973E-05 0.63391
9.9973E-05 0.480098 0.00104453 9.9973E-05 0.0254174 0.0677143 0.0242532 9.9973E-05 0.401173
9.9982E-05 0.539906 0.0535851 0.00615487 0.13852 0.0533455 0.0464223 9.9982E-05 0.161866
0.00850045 0.482334 0.0209776 0.00319058 0.0345975 0.100049 9.9982E-05 9.9982E-05 0.35015
0.0922485 0.357457 9.9973E-05 9.9973E-05 9.9973E-05 0.294278 0.108398 0.0885546 0.0587648
9.99785E-05 0.527842 0.0144745 0.00589257 0.0695049 0.034555 9.99785E-05 9.99785E-05 0.347431
9.9973E-05 0.485743 9.9973E-05 0.00059027 0.0366423 0.0555566 0.0290894 9.9973E-05 0.392078
0.107427 0.299097 9.9964E-05 0.00302994 9.9964E-05 9.9964E-05 9.9964E-05 0.00326459 0.586782
0.0617106 0.517717 9.9991E-05 0.0177892 0.102504 0.0304062 0.002906 0.0149857 0.251881
0.0165188 9.9973E-05 9.9973E-05 0.0587907 0.618273 0.272814 0.0310624 0.00224134 9.9973E-05
9.9973E-05 9.9973E-05 9.9973E-05 0.0666087 0.716764 0.142559 0.0120043 0.0195461 0.0422178
9.9955E-05 9.9955E-05 9.9955E-05 0.167801 0.668925 0.121278 9.9955E-05 0.0414968 9.9955E-05
9.9964E-05 9.9964E-05 9.9964E-05 0.111871 0.717239 0.111927 0.0421008 0.0164624 9.9964E-05
9.9955E-05 9.9955E-05 9.9955E-05 0.0260054 0.704668 0.140534 0.128293 9.9955E-05 9.9955E-05
9.9955E-05 0.164443 9.9955E-05 9.9955E-05 0.0629707 0.112628 9.9955E-05 9.9955E-05 0.659458
