0.00872069 0.888931 0.0181198 9.9973E-05 9.9973E-05 9.9973E-05 0.0614708 0.019035 0.00342248
9.9964E-05 0.911892 9.9964E-05 0.0353464 0.0158089 0.0117588 0.0247939 9.9964E-05 9.9964E-05
0.0295504 0.801547 0.0261899 9.9964E-05 9.9964E-05 9.9964E-05 9.9964E-05 0.0299368 0.112376
9.9955E-05 0.768338 0.0700627 9.9955E-05 9.9955E-05 9.9955E-05 9.9955E-05 0.0782603 0.0828388
9.9964E-05 0.807013 0.090227 0.0532292 9.9964E-05 9.9964E-05 9.9964E-05 0.0342863 0.0148447
9.9955E-05 0.505193 0.134846 9.9955E-05 9.9955E-05 0.317743 9.9955E-05 0.0417176 9.9955E-05
9.9946E-05 0.770547 9.9946E-05 9.9946E-05 9.9946E-05 0.224339 9.9946E-05 0.00451432 9.9946E-05
9.9955E-05 0.680185 0.0170279 9.9955E-05 9.9955E-05 0.232996 9.9955E-05 0.0692916 9.9955E-05
0.104171 0.77992 9.99639E-05 0.0195527 0.0286877 9.99639E-05 9.99639E-05 0.0672688 9.99639E-05
9.9955E-05 0.617694 0.102473 9.9955E-05 9.9955E-05 0.253035 9.9955E-05 0.0262984 9.9955E-05
9.9946E-05 0.679705 9.9946E-05 9.9946E-05 9.9946E-05 0.271007 9.9946E-05 0.0486884 9.9946E-05
9.9964E-05 9.9964E-05 0.0945338 9.9964E-05 0.0165948 0.0281597 0.766554 9.9964E-05 0.0937575
0.020783 0.0017849 0.0448095 9.9973E-05 0.0077643 9.9973E-05 0.453041 9.9973E-05 0.471517
0.119111 9.9964E-05 0.0350922 0.0135142 9.9964E-05 9.9964E-05 0.67609 9.9964E-05 0.155792
0.0264378 0.0155947 0.194222 9.9964E-05 9.9964E-05 9.9964E-05 0.64025 9.9964E-05 0.123095
9.9973E-05 0.111997 0.146522 9.9973E-05 0.062668 0.0654486 0.401631 9.9973E-05 0.211433
9.9973E-05 0.0669503 0.0651193 0.074774 9.9973E-05 0.0822138 0.232129 9.9973E-05 0.478513
0.0265535 9.9991E-05 0.123217 0.0273947 0.056744 0.0621763 0.34157 0.0284983 0.333746
0.0262767 0.142791 0.017628 9.9964E-05 9.9964E-05 9.9964E-05 0.54426 9.9964E-05 0.268644
9.9946E-05 0.0439351 9.9946E-05 9.9946E-05 9.9946E-05 0.11287 0.842595 9.9946E-05 9.9946E-05
0.0357146 9.9991E-05 0.0191153 0.0209326 0.0608242 0.0320896 0.376562 0.0422447 0.412417
0.190018 9.9955E-05 9.9955E-05 9.9955E-05 9.9955E-05 0.0414143 0.345247 9.9955E-05 0.422821
9.9982E-05 0.0247851 0.0131973 0.0950727 0.00613275 0.0982391 0.206232 9.9982E-05 0.556141
9.9964E-05 9.9964E-05 0.101657 9.9964E-05 0.082175 0.0544576 0.630064 9.9964E-05 0.131246
0.0477326 0.0483867 0.0548571 0.0335387 9.9982E-05 0.121338 0.175799 9.9982E-05 0.518148
9.9973E-05 0.0536687 0.042858 0.0187055 9.9973E-05 0.0284926 0.384314 9.9973E-05 0.471661
9.9955E-05 0.0213334 0.077933 9.9955E-05 9.9955E-05 9.9955E-05 0.871787 9.9955E-05 0.0284469
0.00014432 0.0256021 0.209906 9.9955E-05 9.9955E-05 9.9955E-05 0.763848 9.9955E-05 9.9955E-05
9.9964E-05 0.0220635 9.9964E-05 0.0482478 9.9964E-05 0.0822245 0.732803 9.9964E-05 0.114262
9.9946E-05 0.812203 0.0277366 9.9946E-05 9.9946E-05 9.9946E-05 9.9946E-05 9.9946E-05 0.159461
9.9946E-05 0.822288 9.9946E-05 9.9946E-05 9.9946E-05 9.9946E-05 0.00750762 9.9946E-05 0.169605
9.99461E-05 0.818075 9.99461E-05 9.99461E-05 9.99461E-05 9.99461E-05 0.00932022 9.99461E-05 0.172005
0.0882964 0.675249 0.0389428 9.9964E-05 0.0239546 9.9964E-05 9.9964E-05 9.9964E-05 0.173157
9.9973E-05 0.0194609 9.9973E-05 0.0514688 0.211472 0.165958 0.0691995 9.9973E-05 0.482141
9.9982E-05 0.0858466 0.0659309 0.00856397 0.287063 0.0546916 0.130366 9.9982E-05 0.367338
9.9964E-05 0.0226337 0.0388411 9.9964E-05 0.40955 9.9964E-05 9.9964E-05 0.0361426 0.492432
9.9973E-05 0.1092 9.9973E-05 0.0519723 0.0130517 9.9973E-05 0.646777 0.11788 0.0608194
0.0187283 0.020318 0.01058 9.9991E-05 0.61657 0.008508 0.0419983 0.0148956 0.268302
9.9991E-05 0.0202237 0.119552 0.0862539 0.207342 0.00479395 0.230642 0.0382086 0.292883
0.0144296 0.0792412 9.9982E-05 0.00905949 0.242127 0.0158314 9.9982E-05 0.0174618 0.62165
9.9973E-05 0.107314 9.9973E-05 0.028846 0.0345932 0.275488 9.9973E-05 0.0248861 0.528573
9.9973E-05 0.136541 9.9973E-05 9.9973E-05 0.113446 0.0613797 0.0398276 0.0985769 0.549928
0.0212505 0.017964 9.9973E-05 9.9973E-05 0.62042 9.9973E-05 0.205044 0.039419 0.0956024
0.0473423 0.000234534 0.0644769 9.9982E-05 0.0673982 0.171356 0.134835 9.9982E-05 0.514157
9.9964E-05 9.9964E-05 0.0844646 9.9964E-05 0.24261 0.164504 9.9964E-05 0.0248768 0.483145
9.9973E-05 0.131246 0.0748178 9.9973E-05 0.116888 0.0627489 0.079708 9.9973E-05 0.534292
9.9946E-05 9.9946E-05 9.9946E-05 9.9946E-05 0.588757 9.9946E-05 9.9946E-05 0.0606854 0.349958
0.0219647 0.00768604 0.0352298 9.9973E-05 0.230406 9.9973E-05 9.9973E-05 0.0313219 0.673092
0.0440807 0.0851938 0.087704 0.00414072 0.201234 0.0493306 9.9991E-05 0.0339712 0.494245
0.195624 0.0377115 9.9946E-05 9.9946E-05 0.766065 9.9946E-05 9.9946E-05 9.9946E-05 9.9946E-05
0.037801 9.9982E-05 9.9982E-05 0.0109836 0.158449 0.143432 0.337968 0.208713 0.102453
0.208076 9.9973E-05 9.9973E-05 0.111774 0.150287 0.149928 0.331301 0.0483337 9.9973E-05
0.126869 0.027583 0.0466648 0.0366886 9.9982E-05 9.9982E-05 0.0739335 0.111597 0.576464
9.9982E-05 0.0685449 0.0382718 0.0821401 9.9982E-05 0.168814 0.117635 0.0192455 0.505148
0.0459989 0.0132601 0.0431448 0.0942868 9.9991E-05 0.110417 0.124721 0.0267385 0.541333
0.00897481 0.0864561 9.9991E-05 0.0878991 0.183912 0.0655506 0.289995 0.154878 0.122234
0.0331597 9.9973E-05 9.9973E-05 9.9973E-05 0.0616228 0.068956 0.187878 0.148067 0.500016
0.0613323 9.9982E-05 0.119113 9.9982E-05 0.0664563 0.133476 0.167298 0.0223181 0.429807
9.999E-05 0.0958747 0.0189679 0.0891545 0.100385 0.0391385 0.292976 0.0534026 0.310001
0.0994225 0.1363 0.0652817 9.9982E-05 0.036061 0.158875 0.4869 0.0169596 9.9982E-05
0.100506 9.9991E-05 0.0107303 0.0846253 0.0842005 0.0562588 0.0715875 0.101126 0.490866
0.140817 9.9973E-05 9.9973E-05 0.0631793 0.0123568 9.9973E-05 0.292693 0.0970407 0.393614
0.0337222 0.0635131 9.9982E-05 0.012518 0.10772 0.06696 0.580056 0.135311 9.9982E-05
0.0271193 9.9982E-05 9.9982E-05 0.0713045 0.0284779 0.0228915 0.387572 0.0209659 0.441469
0.0658985 0.0348776 0.0290547 0.168889 9.9982E-05 0.0763026 0.0494051 9.9982E-05 0.575373
0.0879697 0.0911041 9.9973E-05 9.9973E-05 9.9973E-05 0.0759869 0.0680382 0.0989983 0.577603
0.0650246 0.0285635 0.0646449 0.0420668 0.126932 9.9991E-05 0.461306 0.000534961 0.210827
0.193812 9.9964E-05 9.9964E-05 9.9964E-05 0.0384724 0.0374696 0.303176 9.9964E-05 0.42667
0.0680103 0.00281219 9.9982E-05 9.9982E-05 0.0548551 0.0692625 0.0858948 0.160853 0.558113
0.069184 0.0140666 9.9991E-05 0.0421357 0.0777778 0.0853115 0.45661 0.10963 0.145184
0.0124241 9.9955E-05 9.9955E-05 9.9955E-05 0.434022 9.9955E-05 9.9955E-05 0.085933 0.467121
9.9964E-05 0.055377 0.00319104 9.9964E-05 0.608736 9.9964E-05 0.181778 9.9964E-05 0.150518
0.0197038 0.0809842 9.9964E-05 9.9964E-05 0.288481 9.9964E-05 9.9964E-05 0.0852947 0.525136
0.0621507 9.9946E-05 9.9946E-05 9.9946E-05 0.935524 0.00172606 9.9946E-05 9.9946E-05 9.9946E-05
0.0291768 9.9964E-05 9.9964E-05 0.04791 0.865771 9.9964E-05 0.0126703 0.044072 9.9964E-05
9.99371E-05 9.99371E-05 9.99371E-05 9.99371E-05 0.721037 9.99371E-05 9.99371E-05 9.99371E-05 0.278264
0.0166599 0.00501603 9.9982E-05 9.9982E-05 0.431497 0.0123002 0.0489836 0.0175502 0.467793
9.9982E-05 0.11378 9.9982E-05 0.146555 0.0689219 0.0183629 0.0678475 0.0152811 0.569051
0.036783 0.0449925 0.0288503 9.9973E-05 0.429824 9.9973E-05 0.0338467 9.9973E-05 0.425403
9.9973E-05 0.0386273 0.0198156 9.9973E-05 0.560765 9.9973E-05 0.0898918 0.126717 0.163883
9.9955E-05 0.0246213 9.9955E-05 9.9955E-05 0.439542 9.9955E-05 9.9955E-05 0.276549 0.258788
9.9973E-05 0.146395 0.0662042 0.0499196 0.228383 9.9973E-05 9.9973E-05 0.042386 0.466412
9.9955E-05 9.9955E-05 0.0436294 9.9955E-05 0.575488 9.9955E-05 0.157832 9.9955E-05 0.222551
9.9973E-05 0.0340022 0.0137577 9.9973E-05 0.460411 0.0206799 0.107785 9.9973E-05 0.363065
9.9955E-05 9.9955E-05 9.9955E-05 0.0157773 0.506431 0.142187 9.9955E-05 9.9955E-05 0.335105
0.0523121 9.9973E-05 0.0157725 0.163457 0.668058 0.0795545 0.0205458 9.9973E-05 9.9973E-05
0.0540544 9.9973E-05 0.00954472 9.9973E-05 0.339358 0.048755 9.9973E-05 0.0152609 0.532727
9.9955E-05 0.800884 0.0134181 9.9955E-05 9.9955E-05 9.9955E-05 0.0745401 9.9955E-05 0.110658
9.99371E-05 0.887116 9.99371E-05 9.99371E-05 9.99371E-05 9.99371E-05 9.99371E-05 9.99371E-05 0.112185
0.00883146 0.863279 9.9946E-05 9.9946E-05 9.9946E-05 9.9946E-05 9.9946E-05 9.9946E-05 0.127289
0.098888 0.83793 9.9946E-05 9.9946E-05 9.9946E-05 9.9946E-05 9.9946E-05 9.9946E-05 0.0625822
0.043548 0.823051 9.9955E-05 0.0159884 9.9955E-05 9.9955E-05 9.9955E-05 9.9955E-05 0.116912
0.116422 0.788378 0.0409745 0.00293865 9.9973E-05 9.9973E-05 9.9973E-05 0.018549 0.0324377
9.9955E-05 0.914889 0.0198708 9.9955E-05 9.9955E-05 0.0315936 9.9955E-05 9.9955E-05 0.033147
9.9973E-05 0.110859 0.0703275 9.9973E-05 0.233858 9.9973E-05 0.096496 0.0456669 0.442493
9.9982E-05 0.0424791 0.0640459 0.00195916 0.193202 9.9982E-05 0.170224 0.00179864 0.526091
9.9964E-05 0.0397399 9.9964E-05 9.9964E-05 0.765638 9.9964E-05 0.108495 0.0523905 0.033337
0.0644832 9.9982E-05 0.151051 9.9982E-05 0.132406 0.119654 0.0184823 0.0575954 0.456128
9.9964E-05 0.0365059 9.9964E-05 9.9964E-05 0.356969 0.0598196 0.110051 9.9964E-05 0.436255
9.9964E-05 0.0861082 0.0278483 0.0622872 0.184812 9.9964E-05 9.9964E-05 9.9964E-05 0.638544
9.9982E-05 0.0311893 0.00763784 0.131682 0.25718 0.0599772 0.00188014 9.9982E-05 0.510254
9.9964E-05 0.00471989 0.111829 9.9964E-05 0.397832 0.0213915 9.9964E-05 9.9964E-05 0.463828
9.9955E-05 0.0572093 9.9955E-05 9.9955E-05 0.711045 9.9955E-05 0.200221 0.0310255 9.9955E-05
0.120295 0.00412474 9.9982E-05 9.9982E-05 0.118015 0.0112319 0.108213 0.074266 0.563654
0.0287097 0.035295 0.0973815 9.9973E-05 0.197171 9.9973E-05 0.130569 9.9973E-05 0.510574
0.0201272 0.0629091 0.0733531 9.9991E-05 0.0586393 0.0785462 0.071624 0.140467 0.494234
0.0459469 9.9982E-05 0.00907499 0.0653514 0.534011 0.0465173 0.0121059 9.9982E-05 0.286793
9.9964E-05 0.00339556 0.0150005 9.9964E-05 0.414309 0.100048 9.9964E-05 9.9964E-05 0.466848
0.0038336 0.031074 9.9982E-05 9.9982E-05 0.339093 0.0417203 0.103833 0.00595454 0.474291
9.9982E-05 9.9982E-05 0.110973 0.00522161 0.565837 0.0427162 0.0363573 0.00142307 0.237272
9.9955E-05 0.0724359 9.9955E-05 9.9955E-05 0.40404 9.9955E-05 9.9955E-05 0.11147 0.411554
9.9982E-05 0.0970587 0.0663208 0.074513 0.0873407 9.9982E-05 0.0385334 0.109275 0.526758
0.109124 9.9982E-05 0.00249538 0.140919 0.0708138 9.9982E-05 0.357774 0.127168 0.191506
9.9982E-05 0.106591 0.0186198 9.9982E-05 0.0233613 0.0723192 0.316525 0.113582 0.348802
9.9991E-05 0.0806875 0.0743599 0.0706777 0.0939658 0.0338798 0.212423 0.0210351 0.412871
9.9982E-05 0.129606 9.9982E-05 0.0865852 0.120655 0.0401661 0.0180486 0.0287778 0.575962
9.9964E-05 0.0314328 9.9964E-05 0.0300724 9.9964E-05 9.9964E-05 0.343969 0.0958152 0.498311
0.0447672 9.9973E-05 0.0198514 9.9973E-05 0.0546986 9.9973E-05 0.201404 0.128882 0.550097
9.9973E-05 0.0150794 9.9973E-05 0.025302 0.00596617 9.9973E-05 0.273514 0.186208 0.493631
0.0161311 0.147152 9.9982E-05 0.0572376 0.18061 9.9982E-05 0.1226 0.0469821 0.429087
0.13292 0.00258418 0.0146494 9.9991E-05 0.207701 0.0129704 0.0270151 0.0744413 0.527619
0.018708 9.9982E-05 9.9982E-05 0.0491013 0.0271073 0.127679 0.143347 0.0823372 0.55152
9.9973E-05 9.9973E-05 9.9973E-05 0.00258263 0.0798119 0.0346782 0.324882 0.1113 0.446445
9.9982E-05 0.00750554 0.0781936 9.9982E-05 0.0830127 0.0693379 0.118459 0.0612552 0.582036
0.0980528 0.0407429 0.0498472 9.9991E-05 0.0268136 0.104185 0.0305693 0.165698 0.483991
9.9973E-05 9.9973E-05 0.0677971 0.0326181 0.0327724 9.9973E-05 0.265249 0.0821026 0.519161
0.138907 0.0250716 0.0197209 0.0853247 9.9991E-05 0.0151557 0.219122 0.0377121 0.458886
0.0521266 9.9973E-05 0.0556931 0.102806 9.9973E-05 9.9973E-05 0.191013 0.113136 0.484926
0.120894 0.0515122 9.9982E-05 0.104215 9.9982E-05 0.116973 0.29984 0.0278773 0.278488
9.9982E-05 9.9982E-05 0.0401375 0.0466278 0.034648 0.0263042 0.124292 0.144892 0.582899
0.0616521 9.9973E-05 9.9973E-05 0.0340672 0.0558332 9.9973E-05 0.0841142 0.0967879 0.667245
9.9982E-05 9.9982E-05 0.106429 0.111841 0.0901272 0.0438756 0.342171 0.15437 0.150986
0.226697 9.9982E-05 9.9982E-05 0.183584 0.018063 0.0386463 0.373584 0.0486817 0.110543
9.9973E-05 0.0596917 9.9973E-05 9.9973E-05 0.0281425 0.0478683 0.17588 0.129382 0.558735
0.0422067 9.9973E-05 0.068527 0.26284 0.194297 9.9973E-05 0.316472 0.115358 9.9973E-05
9.9982E-05 0.0388483 9.9982E-05 0.0679263 0.0856814 0.0034358 0.49703 0.115151 0.191727
9.9973E-05 9.9973E-05 9.9973E-05 0.0223561 0.117607 0.00485762 0.351425 0.129299 0.374155
9.9964E-05 9.9964E-05 9.9964E-05 0.0214464 0.116378 9.9964E-05 0.364846 0.185301 0.311628
9.9973E-05 9.9973E-05 0.022174 9.9973E-05 0.0798789 0.0882852 0.536489 0.0720154 0.200858
0.00421215 0.00587677 0.0310794 0.0169617 9.9991E-05 0.164707 0.14768 0.0663019 0.563081
9.9991E-05 0.112729 0.0307576 0.0328915 0.0264489 0.0898667 0.0898454 0.0988142 0.518547
9.9991E-05 0.0601727 0.0357145 0.0258417 0.159001 0.041317 0.137164 0.066038 0.474651
0.141519 9.9991E-05 0.0138411 0.12785 0.0908223 0.0616982 0.35816 0.123117 0.0828922
0.0798316 0.0810059 0.0195549 0.01533 0.0875806 0.102413 0.0490491 0.0935075 0.471727
0.0510767 9.9982E-05 0.118875 9.9982E-05 0.0879738 0.28306 0.0988902 0.0438136 0.316111
0.116555 0.0848811 9.9982E-05 0.172316 0.07012 0.396168 0.117055 0.0427055 9.9982E-05
0.00313793 0.140887 9.9973E-05 0.0687331 0.0255513 0.171339 9.9973E-05 9.9973E-05 0.590051
0.230322 0.0225761 0.023096 0.136614 0.165701 0.101064 0.0805383 9.9991E-05 0.239989
0.171701 0.0493416 0.0851198 0.0527684 0.137056 0.0053106 9.9991E-05 0.0503517 0.44825
0.212844 9.9982E-05 9.9982E-05 0.0264943 0.172574 0.319081 0.00853756 0.0319704 0.228299
0.0937253 9.9982E-05 9.9982E-05 0.105521 0.0568019 0.447072 0.161097 0.0298223 0.105762
0.110811 9.9982E-05 9.9982E-05 0.160705 0.103943 0.180735 0.00592642 0.074596 0.363083
9.9982E-05 0.0752956 0.104282 9.9982E-05 0.0831748 0.150706 0.0744816 0.0867426 0.425117
0.0437854 0.137969 0.0656212 0.0324776 0.0404872 0.19839 0.107804 0.0138098 0.359656
0.176975 0.01213 0.118887 0.0573348 0.258243 0.244249 0.131981 9.9982E-05 9.9982E-05
0.019554 0.0565809 0.0152209 0.142739 0.0761066 0.159051 0.0209101 0.037698 0.47214
9.9973E-05 9.9973E-05 9.9973E-05 0.017998 0.256655 0.28535 0.190116 0.0249674 0.224614
0.0230891 9.9982E-05 9.9982E-05 0.0105571 0.282401 0.28623 0.0132838 0.022009 0.36223
9.9973E-05 0.0833183 9.9973E-05 0.054499 0.186752 0.0410244 9.9973E-05 0.0791425 0.554964
0.179692 0.249165 0.231026 9.9973E-05 0.00170913 0.186181 9.9973E-05 9.9973E-05 0.151928
0.463557 0.36851 0.0854843 9.9955E-05 9.9955E-05 0.0819488 9.9955E-05 9.9955E-05 9.9955E-05
0.490407 0.312 0.062623 9.9955E-05 9.9955E-05 0.134471 9.9955E-05 9.9955E-05 9.9955E-05
0.286631 0.31514 0.23651 9.9982E-05 9.9982E-05 0.0367664 0.0316993 0.00880066 0.0842528
9.9946E-05 9.9946E-05 9.9946E-05 9.9946E-05 0.0780609 0.355005 9.9946E-05 9.9946E-05 0.566335
0.0327504 0.0163619 0.104813 0.0781537 0.0238385 0.0786802 0.0934039 0.0727523 0.499246
9.9946E-05 9.9946E-05 0.605238 9.9946E-05 9.9946E-05 9.9946E-05 0.059289 9.9946E-05 0.334874
9.9964E-05 0.0558815 0.389981 9.9964E-05 0.024568 9.9964E-05 0.196292 9.9964E-05 0.332878
9.9982E-05 0.0075736 0.421132 9.9982E-05 0.101855 0.0482696 0.0412626 0.00922838 0.370479
0.0290674 9.9973E-05 9.9973E-05 0.174785 0.121316 0.419238 0.0120696 9.9973E-05 0.243224
0.0284497 0.00839922 0.0207621 0.153482 9.9991E-05 0.0425473 0.0581807 0.12178 0.566299
0.0944547 9.9973E-05 9.9973E-05 0.114266 0.0984215 0.466594 0.126393 9.9973E-05 0.0995709
0.0776909 9.9964E-05 9.9964E-05 0.0304193 0.0833546 0.237019 9.9964E-05 9.9964E-05 0.571116
0.00933555 0.0505157 0.0357455 0.152596 0.141264 0.122131 0.0844802 9.9991E-05 0.403832
0.0548192 9.9991E-05 0.0254256 0.082894 0.070437 0.213415 0.031041 0.00719238 0.514676
0.151658 9.9973E-05 9.9973E-05 0.122246 0.129491 0.344519 0.160682 9.9973E-05 0.0911049
0.0314339 0.0413324 0.100505 0.0640088 0.0797912 0.0677285 0.0744604 9.9991E-05 0.54064
9.9982E-05 0.0719741 9.9982E-05 0.11076 0.0250322 0.232063 0.0701288 0.00374861 0.486093
0.00557582 9.9964E-05 0.941688 0.0121182 0.0294261 0.0107918 9.9964E-05 9.9964E-05 9.9964E-05
9.9964E-05 9.9964E-05 0.841941 0.0253454 9.9964E-05 0.0451882 9.9964E-05 0.00612137 0.0810044
9.9973E-05 9.9973E-05 0.591763 0.00534809 0.00556096 0.0864558 0.0926305 9.9973E-05 0.217942
9.9955E-05 0.00041011 0.568666 9.9955E-05 9.9955E-05 9.9955E-05 9.9955E-05 0.0434442 0.38698
9.9964E-05 0.0295042 0.810095 9.9964E-05 9.9964E-05 0.0576898 9.9964E-05 0.0174452 0.0848661
0.000962116 9.9937E-05 0.998338 9.9937E-05 9.9937E-05 9.9937E-05 9.9937E-05 9.9937E-05 9.9937E-05
0.0354083 9.9955E-05 0.922548 9.9955E-05 9.9955E-05 9.9955E-05 0.0111041 0.0304398 9.9955E-05
9.9946E-05 9.9946E-05 0.781477 9.9946E-05 0.0191318 9.9946E-05 9.9946E-05 9.9946E-05 0.198791
9.9946E-05 9.9946E-05 0.933079 9.9946E-05 9.9946E-05 9.9946E-05 0.0560421 9.9946E-05 0.0102792
9.9937E-05 9.9937E-05 0.998249 9.9937E-05 0.0010518 9.9937E-05 9.9937E-05 9.9937E-05 9.9937E-05
9.993E-05 9.993E-05 0.999201 9.993E-05 9.993E-05 9.993E-05 9.993E-05 9.993E-05 9.993E-05
9.9964E-05 0.0119068 0.791033 9.9964E-05 9.9964E-05 0.0730374 0.0345326 9.9964E-05 0.0890902
0.0285723 0.0472792 0.732552 9.9964E-05 9.9964E-05 9.9964E-05 9.9964E-05 0.0938865 0.09731
9.9946E-05 9.9946E-05 0.951469 9.9946E-05 0.0320487 9.9946E-05 0.0158825 9.9946E-05 9.9946E-05
9.9973E-05 0.0297128 0.378209 9.9973E-05 0.0987793 9.9973E-05 0.146052 0.033149 0.313797
0.000482721 9.9982E-05 0.712967 9.9982E-05 0.0590886 0.040624 0.0118737 0.00880863 0.165956
0.00632949 0.0214836 0.732853 9.9982E-05 0.0731343 0.0120381 9.9982E-05 0.0105484 0.143413
9.9955E-05 0.0343108 0.818995 9.9955E-05 9.9955E-05 9.9955E-05 9.9955E-05 0.00407743 0.142117
0.00606266 9.9955E-05 0.972338 9.9955E-05 0.00743677 9.9955E-05 9.9955E-05 9.9955E-05 0.013663
9.9973E-05 0.0107293 0.85645 0.0313876 9.9973E-05 9.9973E-05 0.00813553 0.0215828 0.0714152
9.9937E-05 9.9937E-05 0.998601 9.9937E-05 9.9937E-05 0.000699418 9.9937E-05 9.9937E-05 9.9937E-05
9.9982E-05 0.0621102 0.593971 0.058798 0.059703 9.9982E-05 0.0119996 0.0283811 0.184837
9.9955E-05 0.0208516 0.919288 0.0563843 9.9955E-05 9.9955E-05 0.00297653 9.9955E-05 9.9955E-05
0.20176 0.220853 9.9955E-05 0.0674347 9.9955E-05 0.509453 9.9955E-05 9.9955E-05 9.9955E-05
0.0323511 0.18732 0.0145737 0.0528963 9.9991E-05 0.246388 0.00448636 0.0567296 0.405155
0.0642575 0.191413 0.0786551 9.9982E-05 0.00967609 0.277831 9.9982E-05 0.0110981 0.366869
0.227809 0.138697 0.147567 0.0637912 0.0737845 0.268719 9.9991E-05 0.0214041 0.0581284
0.11985 0.0503631 0.0886413 0.0148338 0.141772 0.175924 0.002522 0.0087613 0.397333
0.230633 0.171224 0.0921229 9.9982E-05 0.113327 0.266099 0.00806479 9.9982E-05 0.11833
0.0986059 0.159474 9.9982E-05 0.0816669 0.0324774 0.0764312 9.9982E-05 0.0788653 0.472279
0.135569 0.0724218 0.190498 9.9982E-05 0.0677353 0.331925 9.9982E-05 0.00481497 0.196836
0.193726 0.0148665 0.100321 9.9973E-05 0.0317788 0.244524 9.9973E-05 9.9973E-05 0.414484
0.126943 0.0959171 0.162301 9.9973E-05 0.0256542 0.310921 9.9973E-05 9.9973E-05 0.277964
0.0476968 0.0508286 0.234025 0.00304304 0.0875488 0.228615 9.9991E-05 0.0171713 0.330972
0.0536334 0.732348 9.9964E-05 9.9964E-05 9.9964E-05 0.0626797 9.9964E-05 0.107653 0.0432861
9.9955E-05 0.903629 0.0421217 0.0514041 9.9955E-05 9.9955E-05 9.9955E-05 0.0023451 9.9955E-05
0.0347524 0.897921 9.9964E-05 9.9964E-05 0.03334 9.9964E-05 9.9964E-05 0.0217998 0.0117865
0.0250681 0.893897 9.9955E-05 9.9955E-05 9.9955E-05 9.9955E-05 9.9955E-05 0.0404387 0.0400963
0.0697459 0.812368 0.0241447 9.9973E-05 9.9973E-05 9.9973E-05 0.0382899 0.0482051 0.00694662
0.0414349 0.845102 0.066053 0.00718477 0.0398259 9.9964E-05 9.9964E-05 9.9964E-05 9.9964E-05
0.00380467 0.866791 0.0809897 9.9973E-05 0.0251722 9.9973E-05 9.9973E-05 0.0163325 0.00660993
0.102244 0.844926 9.9946E-05 0.0522294 9.9946E-05 9.9946E-05 9.9946E-05 9.9946E-05 9.9946E-05
0.0879166 0.826664 9.9964E-05 9.9964E-05 0.0304639 9.9964E-05 0.00564483 9.9964E-05 0.0489107
0.0914092 0.805345 0.0662834 9.9955E-05 9.9955E-05 9.9955E-05 0.0364629 9.9955E-05 9.9955E-05
0.00145425 0.594205 9.9973E-05 0.00434267 0.0664463 9.9973E-05 0.202085 0.131166 9.9973E-05
0.0782306 0.521142 9.9964E-05 9.9964E-05 0.0353903 9.9964E-05 0.101734 0.263103 9.9964E-05
0.160486 0.455867 9.9964E-05 9.9964E-05 0.0409106 9.9964E-05 0.229858 0.112479 9.9964E-05
9.9964E-05 0.47368 9.9964E-05 9.9964E-05 0.0345513 0.0697241 0.267342 0.154303 9.9964E-05
0.00682787 0.00371592 9.9982E-05 9.9982E-05 0.208354 0.0459341 0.134679 0.0892415 0.511048
9.9982E-05 9.9982E-05 0.0759435 0.0643581 0.240187 0.00141651 0.160709 0.0178106 0.439375
9.9991E-05 0.0248493 0.0334746 0.000883551 0.241203 0.0196795 0.16453 0.0711715 0.444108
9.9982E-05 0.0211841 9.9982E-05 0.0937583 0.107983 0.0253094 0.332929 0.0719785 0.346657
9.9964E-05 9.9964E-05 9.9964E-05 0.0662107 0.0674038 9.9964E-05 0.424547 0.302142 0.139297
9.9973E-05 9.9973E-05 0.119514 0.039002 0.318387 0.0549335 9.9973E-05 0.0143227 0.453541
0.0482634 9.9973E-05 9.9973E-05 0.0316772 0.211479 9.9973E-05 0.0754146 0.0733036 0.559563
0.00445192 9.9982E-05 9.9982E-05 0.000863813 0.34984 0.0648263 0.0255999 0.070148 0.484071
9.9964E-05 9.9964E-05 0.0999578 0.043375 0.59417 9.9964E-05 9.9964E-05 0.0187647 0.243333
9.9982E-05 0.0146964 0.0200574 0.0414611 0.0935142 0.0527096 9.9982E-05 0.182174 0.595188
9.9973E-05 9.9973E-05 9.9973E-05 0.0693897 0.293595 0.0771082 0.0416931 0.0822871 0.435627
9.9955E-05 9.9955E-05 9.9955E-05 0.24042 0.693766 9.9955E-05 0.0417039 0.0236102 9.9955E-05
0.0277076 0.0475581 0.0150807 9.9982E-05 0.212658 9.9982E-05 0.120811 0.0470559 0.528929
0.0791225 9.9973E-05 9.9973E-05 0.16465 0.501299 0.0609266 9.9973E-05 0.00209869 0.191603
9.9955E-05 9.9955E-05 9.9955E-05 0.07935 0.395563 9.9955E-05 0.097139 9.9955E-05 0.427448
9.9964E-05 0.029358 9.9964E-05 9.9964E-05 0.636358 9.9964E-05 0.119656 0.102895 0.111334
0.0127882 0.0346304 0.0120399 9.9964E-05 9.9964E-05 0.172721 9.9964E-05 0.767421 9.9964E-05
9.9946E-05 0.0275919 9.9946E-05 9.9946E-05 9.9946E-05 0.239115 9.9946E-05 0.732693 9.9946E-05
9.9946E-05 9.9946E-05 9.9946E-05 9.9946E-05 0.0132759 0.176728 9.9946E-05 0.809396 9.9946E-05
9.9955E-05 0.0534999 9.9955E-05 9.9955E-05 0.0643479 0.109265 9.9955E-05 0.772387 9.9955E-05
9.9946E-05 9.9946E-05 9.9946E-05 9.9946E-05 9.9946E-05 0.155979 9.9946E-05 0.761895 0.0815261
0.011498 9.9973E-05 0.0505499 0.0198067 9.9973E-05 0.0360458 9.9973E-05 0.837191 0.0446083
0.0218574 0.846491 0.0177717 0.00720272 9.9973E-05 9.9973E-05 0.0180622 9.9973E-05 0.088315
0.041178 0.766134 0.0576509 9.9973E-05 9.9973E-05 9.9973E-05 0.014757 0.0268101 0.0931704
9.9964E-05 0.724671 0.131203 0.00499663 9.9964E-05 0.0771356 9.9964E-05 9.9964E-05 0.0615942
0.012248 0.686683 0.133189 0.0156564 9.9964E-05 9.9964E-05 0.151824 9.9964E-05 9.9964E-05
0.0688718 0.70457 0.120674 9.9964E-05 9.9964E-05 0.0930554 9.9964E-05 9.9964E-05 0.0124287
0.0361208 0.329548 9.9982E-05 0.0186227 0.010953 0.0542688 0.00324511 0.547041 9.9982E-05
0.0218115 0.445795 9.9964E-05 0.0576057 0.100634 9.9964E-05 9.9964E-05 0.373753 9.9964E-05
9.9964E-05 0.434931 9.9964E-05 0.0931992 0.0751649 9.9964E-05 0.0301025 0.366202 9.9964E-05
9.9946E-05 0.801088 9.9946E-05 9.9946E-05 9.9946E-05 9.9946E-05 0.0285765 9.9946E-05 0.169736
0.00888893 0.342831 0.0207069 0.036235 0.0709384 9.9973E-05 9.9973E-05 0.5201 9.9973E-05
0.328563 0.0682425 0.270969 9.9964E-05 9.9964E-05 9.9964E-05 9.9964E-05 0.015817 0.316009
0.107173 0.106035 0.182919 0.064577 0.00185647 9.9982E-05 9.9982E-05 0.0489456 0.488295
0.00472048 0.219391 0.209242 9.9964E-05 9.9964E-05 9.9964E-05 0.00348553 9.9964E-05 0.562761
0.0522425 0.250201 0.214029 9.9982E-05 0.0505709 0.111893 9.9982E-05 0.0555847 0.265278
9.9973E-05 0.151839 0.122586 9.9973E-05 9.9973E-05 0.242853 0.0467012 0.0446165 0.391104
0.298425 0.366402 0.230443 9.9955E-05 9.9955E-05 0.104229 9.9955E-05 9.9955E-05 9.9955E-05
9.9982E-05 0.00485808 9.9982E-05 0.0423391 0.0632076 0.0631896 0.262121 0.181427 0.382658
0.111073 0.000961657 9.9991E-05 0.177905 0.0301528 0.0299275 0.282866 0.02856 0.338455
9.9964E-05 0.0680342 9.9964E-05 0.0693878 9.9964E-05 9.9964E-05 0.532401 0.132421 0.197356
0.0424866 9.9982E-05 9.9982E-05 0.163207 0.0653742 0.00875213 0.159319 0.0843802 0.476281
0.177077 9.9964E-05 9.9964E-05 0.427408 0.200821 9.9964E-05 0.134825 0.0594698 9.9964E-05
0.0943304 9.9973E-05 9.9973E-05 0.0351549 9.9973E-05 0.0480497 0.222239 0.0726675 0.527259
0.0744117 9.9982E-05 0.0139923 0.168115 0.0863205 9.9982E-05 0.140606 0.110983 0.405372
9.99873E-05 0.00987687 9.99873E-05 0.0142871 0.0294525 0.0287274 0.475852 0.151815 0.289789
0.0567489 0.100126 0.0435253 0.0148443 0.0710839 0.169897 9.9991E-05 0.127179 0.416495
0.22607 9.9964E-05 9.9964E-05 0.0851272 0.170848 0.0938763 0.423679 9.9964E-05 9.9964E-05
0.0623491 9.9991E-05 0.0282027 0.177271 0.192112 0.12653 0.0652611 0.0292906 0.318884
0.0206791 9.9991E-05 0.0639086 0.0641091 0.0693828 0.0033704 0.178298 0.175049 0.425103
0.152654 0.0879462 0.120183 0.00270646 0.122376 9.9991E-05 0.0839389 0.0411924 0.388903
0.0781852 9.9973E-05 9.9973E-05 0.159578 9.9973E-05 0.0133414 0.367157 0.0343039 0.347135
0.014432 0.0281233 0.0214866 0.140525 0.0344271 0.020684 0.301234 0.0398605 0.399228
9.9982E-05 9.9982E-05 0.110415 0.139766 0.051044 0.176971 0.0827347 0.071224 0.367645
0.0391099 9.9982E-05 9.9982E-05 0.0823392 0.114452 0.099101 0.139685 0.0224438 0.502669
0.0399967 9.9964E-05 9.9964E-05 0.167689 9.9964E-05 9.9964E-05 0.177204 0.0397377 0.574973
0.0513943 0.0815894 0.0523053 0.0871515 0.0866045 9.9991E-05 0.0923358 0.0334493 0.51507
0.136555 9.9964E-05 9.9964E-05 9.9964E-05 0.0480502 9.9964E-05 0.0711986 0.206278 0.537519
9.9955E-05 0.757993 0.119604 9.9955E-05 9.9955E-05 0.0389754 9.9955E-05 9.9955E-05 0.0829276
9.9964E-05 0.794257 0.0735938 0.0141214 9.9964E-05 0.0886066 9.9964E-05 9.9964E-05 0.0290211
0.0684893 0.723134 0.0194364 9.9982E-05 0.0333779 0.0479499 9.9982E-05 0.0519304 0.0554824
9.9964E-05 0.764146 0.0564789 0.0900521 0.039008 9.9964E-05 9.9964E-05 0.0499153 9.9964E-05
9.9955E-05 0.846483 0.0302997 9.9955E-05 9.9955E-05 0.0301438 9.9955E-05 9.9955E-05 0.0925734
0.0374561 9.9955E-05 9.9955E-05 9.9955E-05 9.9955E-05 9.9955E-05 0.68806 0.117658 0.156326
0.0805178 0.0434972 0.0499379 0.108767 0.0265756 9.9991E-05 0.0755134 0.0930975 0.521994
0.200639 0.188689 0.0743213 0.0460284 9.9982E-05 0.0175132 0.0502465 9.9982E-05 0.422362
0.0294556 0.0244636 9.9982E-05 0.0309559 9.9982E-05 0.0129197 0.27549 0.0268705 0.599645
9.9964E-05 0.0882277 9.9964E-05 9.9964E-05 0.0851519 9.9964E-05 0.25076 0.0754738 0.499986
0.11995 9.9982E-05 0.0356525 0.127712 0.00116013 9.9982E-05 0.366017 0.145661 0.203648
0.0770981 0.119619 9.9964E-05 9.9964E-05 0.0340355 9.9964E-05 0.662193 0.106654 9.9964E-05
9.9982E-05 0.000204657 0.014371 0.0455769 0.0802358 9.9982E-05 0.137642 0.219754 0.502016
9.9982E-05 0.0353117 0.040816 0.117435 9.9982E-05 0.0895812 0.463551 0.205678 0.0474272
0.0264625 0.0388957 0.101545 0.177309 0.181896 0.0826826 0.0803933 0.0221449 0.28867
0.0418312 0.131161 9.9973E-05 0.0865721 9.9973E-05 9.9973E-05 0.542959 0.137231 0.0599458
0.0260134 0.10571 0.10342 0.0495064 0.0474155 9.9991E-05 0.16136 0.068027 0.438447
0.0313997 0.0836991 0.0240846 0.0290692 0.00935784 0.0179467 0.531368 0.187506 0.0855693
0.0498496 0.0249478 0.042402 0.10261 0.0821063 0.0674728 0.272286 0.0909143 0.267411
0.114851 9.9991E-05 0.00926956 0.0847008 0.0419393 0.0491217 0.0443594 0.217475 0.438183
9.9973E-05 9.9973E-05 0.0270956 0.146072 9.9973E-05 0.593174 0.0446136 0.0121332 0.176612
0.0253662 0.0165371 0.00732079 9.9973E-05 9.9973E-05 0.311425 0.153989 9.9973E-05 0.485061
0.0436945 0.0750899 9.9982E-05 9.9982E-05 0.0116567 0.216868 0.151669 0.0518119 0.44901
0.0122624 9.9982E-05 9.9982E-05 0.0861019 0.069971 0.522839 0.0290329 0.0225248 0.257068
9.9982E-05 0.0866847 0.0568513 0.0478755 0.111667 0.20335 0.0863163 9.9982E-05 0.407055
0.135003 0.024658 9.9982E-05 0.0668631 0.0161263 0.22422 9.9982E-05 0.0679025 0.465027
0.00976039 9.9973E-05 9.9973E-05 0.220298 0.152988 0.533596 0.0306018 0.0524558 9.9973E-05
0.117833 9.9973E-05 9.9973E-05 0.0802645 0.11879 0.518753 0.00945529 9.9973E-05 0.154604
0.00374918 9.9973E-05 0.0112185 0.163597 9.9973E-05 0.314323 9.9973E-05 0.0448045 0.462007
9.9973E-05 9.9973E-05 9.9973E-05 0.0793933 0.200284 0.558844 0.0728525 0.0263426 0.0619836
0.0302914 9.9964E-05 9.9964E-05 9.9964E-05 0.101789 0.34406 0.222657 9.9964E-05 0.300803
0.0422782 0.0235374 0.0409332 0.0159162 0.0707855 9.9991E-05 0.525463 0.234713 0.0462736
0.0423726 9.9973E-05 9.9973E-05 0.34024 0.0440464 9.9973E-05 0.220028 0.150954 0.202059
9.9982E-05 0.0258161 0.0639215 0.101663 0.00309139 9.9982E-05 0.418094 0.1256 0.261613
0.0589588 0.0276904 0.0497295 9.9982E-05 0.0926938 9.9982E-05 0.0894142 0.147357 0.533956
9.9964E-05 9.9964E-05 9.9964E-05 9.9964E-05 0.128761 0.064913 0.507566 0.151265 0.147096
0.0640038 0.0605596 0.0653743 0.170846 9.9982E-05 9.9982E-05 0.131526 0.0758073 0.431684
0.0950047 0.0258353 9.9973E-05 0.0583356 9.9973E-05 9.9973E-05 0.036551 0.169793 0.614181
0.0809117 9.9982E-05 0.00436197 0.0311476 0.0722537 9.9982E-05 0.231808 0.0585784 0.520739
0.0752835 9.9982E-05 0.0499035 0.0943707 9.9982E-05 0.0277049 0.195237 0.127297 0.430004
9.9991E-05 0.0448704 0.0343145 0.0159143 0.150568 0.0217029 0.230208 0.116146 0.386176
9.9964E-05 9.9964E-05 0.105091 9.9964E-05 0.135116 9.9964E-05 0.432388 0.20794 0.119065
9.9982E-05 0.0143264 0.0661575 0.0964372 0.0806127 9.9982E-05 0.190676 0.246652 0.304937
9.9955E-05 9.9955E-05 9.9955E-05 0.15684 9.9955E-05 9.9955E-05 0.160607 0.0858183 0.596235
0.053368 0.0397174 9.9964E-05 9.9964E-05 9.9964E-05 9.9964E-05 0.261599 0.110866 0.53405
0.111049 9.9991E-05 0.0245062 0.125693 0.0929579 0.0652935 0.0992023 0.209483 0.271715
0.0287697 9.9973E-05 0.006008 0.178687 9.9973E-05 9.9973E-05 0.152087 0.14077 0.493379
0.0623264 0.0243506 0.0666739 9.9982E-05 9.9982E-05 0.125959 0.305675 0.14956 0.265256
9.9973E-05 0.040789 9.9973E-05 0.02064 0.0103486 9.9973E-05 0.240093 0.0829375 0.604892
9.9973E-05 0.0553236 0.0513388 9.9973E-05 0.0392918 9.9973E-05 0.29238 0.120492 0.440873
0.0396499 9.9982E-05 0.226756 0.0511938 0.0204764 9.9982E-05 0.130628 0.156717 0.374379
0.0795971 0.329127 0.0703668 9.9982E-05 0.0345131 0.0365 0.0712805 9.9982E-05 0.378416
0.185575 0.0971313 0.164355 9.9973E-05 0.0958853 9.9973E-05 0.0156499 9.9973E-05 0.441104
0.13888 0.0743147 0.106354 9.9991E-05 0.0991525 0.00659936 0.0223889 0.0469474 0.505263
0.212111 0.0238053 0.0383065 0.0717353 9.9982E-05 0.000115789 9.9982E-05 0.0755528 0.578173
0.0682394 0.191425 0.159657 0.03037 0.0344907 9.9982E-05 0.0774487 9.9982E-05 0.438169
0.0777521 9.9973E-05 9.9973E-05 0.212897 9.9973E-05 0.0616785 0.245849 0.0220744 0.379448
0.0368912 0.120714 0.165189 9.9982E-05 0.117844 0.0349471 0.0960979 9.9982E-05 0.428117
0.409665 0.114687 0.0690234 0.0218499 0.0966999 0.148227 0.139648 9.9982E-05 9.9982E-05
0.0853026 0.031574 0.175124 0.00300157 0.0299753 0.0568584 0.211582 0.0203766 0.386206
0.0760501 0.0738486 0.109334 0.0669367 9.9973E-05 9.9973E-05 0.148162 9.9973E-05 0.525368
9.9973E-05 9.9973E-05 0.19732 0.0810618 0.0788401 9.9973E-05 0.157001 0.000919661 0.484557
0.271128 0.0945061 0.0615739 0.00385564 0.0911171 9.9982E-05 0.17323 9.9982E-05 0.304389
0.223144 0.136588 0.0231082 9.9973E-05 9.9973E-05 9.9973E-05 0.0543375 0.0263273 0.536195
0.0839849 0.144843 0.138727 0.0565419 9.9982E-05 0.0035852 0.0315847 9.9982E-05 0.540534
0.559835 0.301361 0.0961422 0.0133293 0.028933 9.9964E-05 9.9964E-05 9.9964E-05 9.9964E-05
0.187901 0.0856562 0.079455 9.9982E-05 0.0202561 0.0467387 9.9982E-05 0.0267975 0.552995
0.0390878 0.158209 0.256599 0.0677705 9.9964E-05 9.9964E-05 9.9964E-05 9.9964E-05 0.477935
9.9982E-05 0.123638 0.0712856 0.0376534 0.0845624 0.106104 0.0425047 9.9982E-05 0.534052
0.232831 0.0983109 0.0908567 9.9964E-05 9.9964E-05 9.9964E-05 0.0274035 9.9964E-05 0.550198
0.0687018 0.119014 0.149691 0.00959527 0.0563422 0.0383626 9.9991E-05 0.0730722 0.485122
9.9982E-05 0.0584276 0.0951935 0.341443 0.0497593 0.0354668 9.9982E-05 0.0705925 0.348918
9.9973E-05 0.174116 9.9973E-05 0.224197 0.0587597 0.0461427 0.027033 9.9973E-05 0.469451
9.9955E-05 9.9955E-05 9.9955E-05 0.774274 0.047738 9.9955E-05 0.17076 9.9955E-05 0.00672759
9.9964E-05 0.0188735 9.9964E-05 0.921013 0.0111541 0.045443 0.00311643 9.9964E-05 9.9964E-05
9.9982E-05 0.0376892 0.157948 0.283753 0.0289965 0.0996722 0.094807 9.9982E-05 0.296935
0.0762111 0.0587727 0.267519 0.164944 9.9973E-05 9.9973E-05 0.0438376 9.9973E-05 0.388416
0.148449 0.0606063 0.238831 0.17088 9.9964E-05 9.9964E-05 9.9964E-05 9.9964E-05 0.380833
0.175452 0.139588 0.273911 0.168876 9.9982E-05 0.0624655 9.9982E-05 0.0280645 0.151443
0.0795324 0.146803 0.203561 0.150837 9.9973E-05 9.9973E-05 0.0245669 9.9973E-05 0.3944
0.216734 0.0390751 9.9973E-05 0.535443 9.9973E-05 0.0387389 9.9973E-05 0.0126807 0.157029
0.177435 0.0532249 0.0108373 0.564632 9.9964E-05 9.9964E-05 9.9964E-05 9.9964E-05 0.193471
9.9946E-05 9.9946E-05 0.0787093 0.377333 9.9946E-05 9.9946E-05 9.9946E-05 9.9946E-05 0.543358
9.9964E-05 0.0315935 0.111449 0.416019 9.9964E-05 9.9964E-05 0.0067231 9.9964E-05 0.433816
9.9955E-05 0.0896738 0.0738846 0.659758 9.9955E-05 9.9955E-05 9.9955E-05 9.9955E-05 0.176184
0.0511053 0.017579 0.00968883 0.349667 0.0512618 9.9973E-05 9.9973E-05 9.9973E-05 0.520398
0.104049 9.9964E-05 0.0180629 0.265869 9.9964E-05 9.9964E-05 9.9964E-05 0.0504684 0.56115
0.0741001 0.0382549 0.106238 0.118487 0.213686 9.9973E-05 9.9973E-05 9.9973E-05 0.448934
9.9964E-05 0.0294894 9.9964E-05 0.523721 0.0163609 9.9964E-05 9.9964E-05 0.109679 0.32035
9.9964E-05 9.9964E-05 0.00730222 0.563577 9.9964E-05 0.0311783 0.0824257 9.9964E-05 0.315117
9.9982E-05 0.0410089 0.0690926 0.225242 0.0549097 0.059697 9.9982E-05 0.0868736 0.462976
9.9973E-05 0.0923438 9.9973E-05 0.398626 0.0980563 0.00812812 9.9973E-05 0.0592087 0.343337
0.0205202 0.0943712 0.169195 0.117381 0.162283 0.093223 9.9991E-05 0.0686356 0.274291
0.0402026 9.9973E-05 9.9973E-05 0.377763 0.0379839 0.0260789 0.0473971 9.9973E-05 0.470274
9.9955E-05 9.9955E-05 9.9955E-05 0.73235 9.9955E-05 0.0491444 9.9955E-05 0.0248675 0.193139
9.9964E-05 0.0342073 9.9964E-05 0.215087 0.117715 0.06755 9.9964E-05 9.9964E-05 0.56504
9.9964E-05 9.9964E-05 0.0151747 0.646582 0.109655 9.9964E-05 0.0158375 9.9964E-05 0.212351
9.9964E-05 0.0551966 9.9964E-05 0.463799 9.9964E-05 0.0838752 9.9964E-05 0.0457817 0.350947
9.9973E-05 0.127366 9.9973E-05 0.15938 0.0356826 0.0467174 0.055982 9.9973E-05 0.574572
0.00838257 0.0174221 0.0375937 0.247119 0.0799303 0.0408419 0.107731 9.9991E-05 0.460879
0.071124 0.102131 0.122274 0.0524023 9.9982E-05 0.0111406 0.122899 9.9982E-05 0.517829
0.0245008 0.0964406 0.19371 0.218023 0.0155256 9.9982E-05 9.9982E-05 0.0863265 0.365273
0.127323 0.0957183 0.239531 0.123086 0.0335309 0.0125885 9.9991E-05 0.0369499 0.331173
0.0154188 0.140614 0.275105 0.0348188 0.0204174 0.169571 0.0153787 0.03525 0.293427
9.9973E-05 0.158845 0.117491 0.00452194 9.9973E-05 9.9973E-05 0.10802 0.0846732 0.526149
0.143686 0.0655763 0.129374 0.127227 0.00970351 0.101998 9.9991E-05 0.0449344 0.377402
0.0464077 0.16643 0.135914 0.64376 9.9964E-05 9.9964E-05 9.9964E-05 0.00708792 9.9964E-05
0.100371 0.0356125 0.148144 0.0834562 9.9982E-05 0.00212604 9.9982E-05 0.072183 0.557908
0.238024 0.300541 0.0750174 0.385917 9.9955E-05 9.9955E-05 9.9955E-05 9.9955E-05 9.9955E-05
0.026993 0.0696652 0.145287 0.285054 9.9964E-05 9.9964E-05 9.9964E-05 9.9964E-05 0.472601
9.9955E-05 9.9955E-05 9.9955E-05 0.79304 0.139853 0.0150285 9.9955E-05 9.9955E-05 0.0515787
9.9955E-05 0.00890813 9.9955E-05 0.8687 0.0379799 9.9955E-05 0.0839123 9.9955E-05 9.9955E-05
9.9955E-05 9.9955E-05 9.9955E-05 0.473682 0.0810855 9.9955E-05 0.0511032 9.9955E-05 0.393629
9.9955E-05 0.00359178 9.9955E-05 0.30806 9.9955E-05 0.0340294 9.9955E-05 9.9955E-05 0.653819
9.9955E-05 9.9955E-05 9.9955E-05 0.596281 0.0191738 0.0680663 9.9955E-05 9.9955E-05 0.315979
9.9964E-05 9.9964E-05 9.9964E-05 0.368586 0.0698672 0.0329026 0.076503 9.9964E-05 0.451741
9.9937E-05 9.9937E-05 9.9937E-05 0.477361 9.9937E-05 9.9937E-05 9.9937E-05 9.9937E-05 0.52194
9.9973E-05 0.775016 0.0680638 0.0326834 0.041301 9.9973E-05 0.0509338 9.9973E-05 0.0317021
9.9973E-05 0.68481 0.127097 0.00310641 9.9973E-05 0.0638821 0.0641693 0.0566351 9.9973E-05
9.9946E-05 0.895447 0.0805133 9.9946E-05 9.9946E-05 9.9946E-05 0.02344 9.9946E-05 9.9946E-05
9.9946E-05 0.932968 9.9946E-05 0.0261042 9.9946E-05 9.9946E-05 9.9946E-05 9.9946E-05 0.0403279
0.0829375 0.0349948 0.0209348 9.9982E-05 0.37313 9.9982E-05 0.00773197 0.0785268 0.401544
0.0373603 0.0209318 0.0179088 9.9982E-05 0.404878 9.9982E-05 0.0216753 0.0132595 0.483787
9.9955E-05 9.9955E-05 9.9955E-05 9.9955E-05 0.51073 9.9955E-05 0.00104908 0.0456479 0.442073
0.00698366 0.106477 9.9973E-05 9.9973E-05 0.223168 0.0347552 0.0661989 9.9973E-05 0.562117
9.9982E-05 0.00623114 9.9982E-05 0.0662051 0.10874 0.22154 0.0222564 0.103861 0.470965
9.9982E-05 0.0318006 0.0104133 9.9982E-05 0.478512 0.097059 0.112163 0.0779047 0.191947
9.9946E-05 9.9946E-05 9.9946E-05 9.9946E-05 0.348357 9.9946E-05 0.10018 9.9946E-05 0.550864
0.0512625 0.00855769 9.9964E-05 0.0833898 0.53832 9.9964E-05 9.9964E-05 9.9964E-05 0.318071
0.0463247 0.245591 0.127566 0.0153018 9.9982E-05 0.0876349 9.9982E-05 0.0313407 0.446041
0.0969402 9.9973E-05 9.9973E-05 0.0496434 0.308534 9.9973E-05 0.0133369 0.0974023 0.433843
9.9964E-05 0.00683355 9.9964E-05 9.9964E-05 0.420433 9.9964E-05 0.135215 0.0874985 0.34962
9.9964E-05 9.9964E-05 0.0401695 0.0167182 0.406485 9.9964E-05 0.00170184 9.9964E-05 0.534525
9.9964E-05 9.9964E-05 9.9964E-05 0.0806195 0.398707 9.9964E-05 0.147276 0.0164847 0.356513
0.0269225 9.9973E-05 0.000831109 0.042703 0.35603 9.9973E-05 9.9973E-05 0.0197549 0.553458
9.9955E-05 0.102931 0.0158234 9.9955E-05 0.342998 9.9955E-05 9.9955E-05 9.9955E-05 0.537748
9.9955E-05 9.9955E-05 9.9955E-05 0.0470777 0.868235 9.9955E-05 0.00138914 9.9955E-05 0.0827982
0.0402473 0.000331133 0.00690242 0.0434027 0.623096 0.100731 9.9982E-05 9.9982E-05 0.18509
0.0395106 0.0162173 0.0305528 0.0199077 0.543811 9.9982E-05 9.9982E-05 0.0603932 0.289407
0.0954304 9.9946E-05 9.9946E-05 0.0147726 0.889197 9.9946E-05 9.9946E-05 9.9946E-05 9.9946E-05
0.0463876 0.0569983 9.9973E-05 0.0138069 0.495908 9.9973E-05 9.9973E-05 0.0271978 0.359401
0.0818286 9.9964E-05 9.9964E-05 9.9964E-05 0.676869 0.129208 9.9964E-05 0.0161706 0.0955231
0.188051 9.9946E-05 9.9946E-05 0.040865 0.770484 9.9946E-05 9.9946E-05 9.9946E-05 9.9946E-05
9.9964E-05 0.014394 0.0653044 0.0149834 0.389208 9.9964E-05 9.9964E-05 9.9964E-05 0.515711
9.9982E-05 0.0467202 0.0120479 0.0460231 0.582576 0.0199968 0.143938 9.9982E-05 0.148499
0.0214406 0.0257689 9.9982E-05 9.9982E-05 0.37082 0.0273659 0.0612373 0.0275863 0.465581
9.9982E-05 0.0928377 0.0615044 0.0118302 0.255127 0.0400138 0.0419418 9.9982E-05 0.496546
0.049634 9.9964E-05 9.9964E-05 9.9964E-05 0.354158 9.9964E-05 0.0766698 0.0460777 0.473061
0.127875 9.9973E-05 9.9973E-05 0.0849344 0.00259556 9.9973E-05 0.376314 0.0301342 0.377847
0.000152187 0.0370766 0.00507893 0.0803754 0.297077 9.9982E-05 9.9982E-05 0.0653936 0.514647
9.9955E-05 9.9955E-05 9.9955E-05 9.9955E-05 0.280222 0.0622589 0.170335 9.9955E-05 0.486685
9.9937E-05 9.9937E-05 9.9937E-05 9.9937E-05 0.717625 9.9937E-05 9.9937E-05 9.9937E-05 0.281676
0.0689622 0.0273787 0.00320368 0.03615 0.278882 0.0245288 9.9991E-05 0.0459306 0.514864
9.9955E-05 0.647813 9.9955E-05 9.9955E-05 9.9955E-05 0.0864266 0.0897975 0.175463 9.9955E-05
0.0282596 0.744603 9.9982E-05 9.9982E-05 0.0288017 0.0446962 0.0827243 0.0332293 0.0374862
0.0498923 0.787126 9.9964E-05 9.9964E-05 9.9964E-05 0.0293611 0.0383392 0.094882 9.9964E-05
0.0288057 0.765141 9.9955E-05 0.0569528 9.9955E-05 9.9955E-05 9.9955E-05 0.148601 9.9955E-05
9.9955E-05 0.685564 9.9955E-05 9.9955E-05 9.9955E-05 0.162332 9.9955E-05 0.147119 0.00448571
0.0023993 0.0443635 0.0537693 9.9973E-05 0.665566 9.9973E-05 0.201995 9.9973E-05 0.0316075
9.9955E-05 0.0668793 9.9955E-05 9.9955E-05 0.615747 9.9955E-05 0.218797 9.9955E-05 0.0980771
