0.00550338 0.059699 0.0256293 0.075953 9.9973E-05 0.821597 0.0113184 9.9973E-05 9.9973E-05
9.9964E-05 9.9964E-05 9.9964E-05 0.0178469 9.9964E-05 0.881446 0.0438931 0.0544971 0.00191747
9.9982E-05 0.024497 0.0171138 0.0433429 0.113437 0.789495 0.0100065 9.9982E-05 0.00190722
9.9982E-05 0.052668 0.0406638 0.0594077 0.0761439 0.741604 0.0146609 0.0146519 9.9982E-05
9.9964E-05 0.0604121 0.0502041 9.9964E-05 0.068031 0.801829 9.9964E-05 0.0191241 9.9964E-05
0.0448411 0.0636626 0.0816995 0.00538854 0.0675794 0.574643 9.9991E-05 0.0415921 0.120494
0.0658369 0.0255995 9.9982E-05 0.0584651 0.0098866 0.74123 0.0336247 9.9982E-05 0.0651569
0.0787091 0.148358 0.0488907 0.012384 9.9973E-05 0.687758 9.9973E-05 9.9973E-05 0.0236004
0.0347137 0.0242476 9.99729E-05 9.99729E-05 9.99729E-05 0.838999 0.0129144 0.0141935 0.0746318
0.0192522 0.0764029 0.0863228 0.0148957 0.0793845 0.659509 9.9982E-05 0.0640326 9.9982E-05
0.109613 0.120827 9.9973E-05 9.9973E-05 0.0227506 0.718819 0.016388 9.9973E-05 0.0113016
0.0111716 9.9964E-05 0.0990391 9.9964E-05 0.109497 9.9964E-05 0.696584 9.9964E-05 0.0833088
9.9964E-05 9.9964E-05 0.0609044 0.0472478 0.455465 9.9964E-05 0.415306 9.9964E-05 0.0206763
0.0403236 9.9973E-05 0.0448923 0.0319287 0.247972 9.9973E-05 0.579178 0.0554055 9.9973E-05
0.0774336 9.9973E-05 0.123274 0.0538208 0.238463 9.9973E-05 0.476038 9.9973E-05 0.0306701
0.179041 0.000378447 0.0748487 0.0653598 0.339023 0.0193681 0.319216 0.00118097 0.00158325
0.0780992 9.9973E-05 0.141249 0.023044 0.459114 9.9973E-05 0.23549 0.0627038 9.9973E-05
0.0679543 0.00534722 0.0723447 0.0691736 0.3235 9.9982E-05 0.24607 9.9982E-05 0.21541
0.0180348 9.9982E-05 0.0514339 0.020052 0.260828 0.0988697 0.529797 9.9982E-05 0.0207845
0.0877393 9.9964E-05 0.00785704 9.9964E-05 9.9964E-05 0.0456278 0.839301 9.9964E-05 0.0190748
9.9982E-05 0.0114023 0.0796112 0.0545816 0.349129 9.9982E-05 0.358579 0.090057 0.0564394
0.113039 9.9973E-05 0.0424372 0.0334107 0.389827 9.9973E-05 0.216203 9.9973E-05 0.204784
9.9964E-05 0.0542057 9.9964E-05 9.9964E-05 0.535268 9.9964E-05 0.26033 0.0892358 0.0605603
0.0586204 9.9973E-05 0.0605279 0.0310638 0.220257 9.9973E-05 0.524901 9.9973E-05 0.10433
0.0825774 0.0681057 0.00774567 9.9982E-05 0.615249 0.0941571 0.0580641 9.9982E-05 0.0739007
0.075756 9.9973E-05 0.0610981 0.0351527 0.522419 9.9973E-05 0.293545 9.9973E-05 0.0117292
0.0266027 9.9982E-05 0.0557184 0.0495645 0.128113 9.9982E-05 0.682958 0.0261561 0.030687
0.0423143 9.9955E-05 0.188775 9.9955E-05 0.13843 9.9955E-05 0.629981 9.9955E-05 9.9955E-05
0.076045 9.9973E-05 0.080098 9.9973E-05 0.107934 9.9973E-05 0.646013 0.0640536 0.0255567
9.993E-05 9.993E-05 9.993E-05 0.999201 9.993E-05 9.993E-05 9.993E-05 9.993E-05 9.993E-05
9.993E-05 9.993E-05 9.993E-05 0.999201 9.993E-05 9.993E-05 9.993E-05 9.993E-05 9.993E-05
9.9973E-05 9.9973E-05 0.0471683 0.346765 0.0371659 0.483233 0.0502386 9.9973E-05 0.0351292
0.00251816 9.9973E-05 0.113587 0.219459 0.059862 0.550736 9.9973E-05 9.9973E-05 0.0535378
9.999E-05 0.111535 0.0202088 0.0416517 0.533518 0.00221646 0.0195299 0.072401 0.198839
9.9982E-05 0.0606434 9.9982E-05 0.00669985 0.570408 0.116583 0.013928 0.00652346 0.225014
9.9973E-05 9.9973E-05 0.0159586 0.0823089 0.450474 0.0122903 9.9973E-05 0.00503136 0.433637
9.9964E-05 0.0468554 9.9964E-05 9.9964E-05 0.122904 0.0999724 0.690693 9.9964E-05 0.0391754
9.9964E-05 9.9964E-05 0.0691117 0.010481 0.24114 9.9964E-05 0.106588 9.9964E-05 0.572279
9.9973E-05 9.9973E-05 9.9973E-05 0.0389344 0.511288 0.0575673 0.149837 0.0352674 0.206806
9.9964E-05 9.9964E-05 0.0318346 0.0102665 0.624965 0.0656383 9.9964E-05 9.9964E-05 0.266896
0.086321 0.117297 0.0544601 0.0206629 0.513189 0.0410878 9.9982E-05 9.9982E-05 0.166783
9.9973E-05 0.122246 9.9973E-05 0.0525342 0.644419 0.0468408 0.00893512 9.9973E-05 0.124725
0.0657598 9.9964E-05 9.9964E-05 0.0216177 0.0676782 9.9964E-05 0.208942 9.9964E-05 0.635602
0.203488 0.0650155 0.0383532 9.9964E-05 0.622407 9.9964E-05 9.9964E-05 9.9964E-05 0.0703366
9.9982E-05 9.9982E-05 0.0718438 0.0550956 0.481811 0.0884284 0.018387 0.0818127 0.202421
0.0484445 0.0304665 0.150684 0.0870611 0.373965 0.0510071 0.0794844 0.0431853 0.135702
0.027543 9.9955E-05 9.9955E-05 9.9955E-05 0.275437 9.9955E-05 9.9955E-05 0.0708756 0.625644
0.00404558 9.9964E-05 0.0137326 0.0188719 0.577189 9.9964E-05 9.9964E-05 9.9964E-05 0.385761
0.120196 0.0666285 0.00382212 0.0203626 0.495685 0.0661396 9.9982E-05 9.9982E-05 0.226966
0.212116 9.9964E-05 9.9964E-05 9.9964E-05 9.9964E-05 0.0181927 0.050348 0.0475769 0.671366
0.106118 0.105693 9.9973E-05 9.9973E-05 0.116362 9.9973E-05 0.453341 0.0462026 0.171983
0.336759 9.9964E-05 9.9964E-05 9.9964E-05 0.0836823 9.9964E-05 0.289878 0.147847 0.141434
0.0484051 0.0237508 0.124682 0.0313903 0.479847 0.0426559 0.206326 0.0428434 9.9991E-05
0.0134408 0.072502 0.0664679 0.0390014 0.605691 0.027333 0.153898 0.0215666 9.9991E-05
0.0340141 0.053442 0.0147948 0.0120368 0.630419 0.0465754 0.0690529 9.9991E-05 0.139565
0.0535849 0.045637 0.015515 0.0197734 0.115117 0.119093 0.354775 9.9991E-05 0.276404
0.0341929 0.0983954 0.0474287 0.0340426 0.505392 9.9982E-05 0.166247 9.9982E-05 0.114101
0.0769179 9.9973E-05 0.0560861 9.9973E-05 0.555403 0.0846954 0.109967 9.9973E-05 0.11663
0.0752736 9.9982E-05 9.9982E-05 0.00438526 0.368997 0.132396 0.123549 0.0900963 0.205102
0.207721 0.0367663 0.0406749 0.00880856 0.014343 0.181359 0.383274 0.0103657 0.116687
0.0228092 0.0920386 0.0668561 0.0359587 0.544752 0.00201574 0.130391 0.0161665 0.0890127
0.00144472 0.00873214 0.0742193 0.018101 0.325216 0.081528 0.353841 0.132109 0.00480829
0.0977739 0.0933829 9.9973E-05 0.0527615 9.9973E-05 9.9973E-05 0.607773 0.0246504 0.123358
0.0881143 0.0535331 9.9973E-05 9.9973E-05 0.464224 9.9973E-05 0.346615 0.0177425 0.029472
0.0479492 9.9964E-05 9.9964E-05 0.0101755 0.650897 9.9964E-05 0.118909 0.17167 9.9964E-05
0.0163198 0.0228318 0.0866157 0.0473013 0.396237 0.0550761 0.24662 0.0402812 0.0887171
0.0493123 9.9973E-05 9.9973E-05 9.9973E-05 0.272389 0.0819428 0.349928 0.0971275 0.149001
0.122923 9.9973E-05 9.9973E-05 0.0367079 0.442875 9.9973E-05 0.284745 0.0233968 0.089053
0.0567261 0.130208 0.0111227 0.0408445 0.555349 0.0316189 0.0155865 0.107591 0.0509531
0.0678131 0.0248042 9.9982E-05 0.0674019 0.15797 9.9982E-05 0.48913 0.117206 0.0754752
9.9955E-05 9.9955E-05 9.9955E-05 0.00454772 0.505891 9.9955E-05 0.073117 9.9955E-05 0.415945
9.9955E-05 9.9955E-05 9.9955E-05 0.015537 0.137368 9.9955E-05 0.13807 9.9955E-05 0.708525
9.9964E-05 9.9964E-05 9.9964E-05 9.9964E-05 0.530222 0.110028 0.053675 0.0702154 0.23546
0.100559 0.0347312 9.9946E-05 9.9946E-05 9.9946E-05 9.9946E-05 9.9946E-05 9.9946E-05 0.86411
0.0742406 9.9955E-05 9.9955E-05 9.9955E-05 9.9955E-05 9.9955E-05 0.0115242 0.0442857 0.86945
9.9937E-05 9.9937E-05 9.9937E-05 9.9937E-05 0.28731 9.9937E-05 9.9937E-05 9.9937E-05 0.71199
9.9964E-05 0.0940516 9.9964E-05 0.0382888 0.407852 9.9964E-05 0.0466739 9.9964E-05 0.412733
9.9982E-05 0.00804335 0.11423 0.0180979 0.449011 0.1196 0.0660566 9.9982E-05 0.224761
9.9982E-05 9.9982E-05 0.0546669 0.0211302 0.407688 0.0066303 0.097782 0.0202915 0.391611
9.9982E-05 0.0109633 0.0313272 0.012489 0.0664781 0.0471198 0.12073 9.9982E-05 0.710693
9.9982E-05 0.102595 0.0198222 0.0128953 0.159187 0.0117895 0.173406 9.9982E-05 0.520105
9.9982E-05 0.0215901 0.134115 0.0173332 0.397473 0.0506255 9.9982E-05 0.0565781 0.322085
9.9964E-05 9.9964E-05 0.0747204 9.9964E-05 0.183017 0.0232682 0.122218 9.9964E-05 0.596377
9.9991E-05 0.0383694 0.0326321 0.0162764 0.376554 0.0326185 0.0449946 0.0129773 0.445478
0.0289863 0.00712943 9.9973E-05 9.9973E-05 0.304794 0.000287477 9.9973E-05 0.0501629 0.60834
0.104514 9.9964E-05 0.000288337 9.9964E-05 9.9964E-05 9.9964E-05 0.0369154 0.194553 0.66333
0.0147631 0.025814 0.0937609 9.9982E-05 0.509828 0.0120408 9.9982E-05 0.0378633 0.30573
9.9955E-05 9.9955E-05 9.9955E-05 0.0639533 0.0834574 0.76616 0.0859297 9.9955E-05 9.9955E-05
9.99486E-05 9.99486E-05 9.99486E-05 0.101457 0.0636336 0.83431 9.99486E-05 9.99486E-05 9.99486E-05
9.9946E-05 9.9946E-05 9.9946E-05 0.132584 0.115512 0.751305 9.9946E-05 9.9946E-05 9.9946E-05
0.0624699 9.9964E-05 0.0265106 0.0776912 0.0397162 0.793212 9.9964E-05 9.9964E-05 9.9964E-05
9.9964E-05 9.9964E-05 0.0186547 0.103828 0.0562364 0.791145 9.9964E-05 0.0297361 9.9964E-05
0.000111456 0.0476103 0.03621 0.0528122 0.0248292 0.818996 9.9982E-05 0.0192307 9.9982E-05
0.0181042 9.9955E-05 9.9955E-05 0.00692839 0.079929 0.894539 9.9955E-05 9.9955E-05 9.9955E-05
9.9991E-05 0.0643648 0.114129 0.0462457 0.434818 0.0663002 0.0428522 0.0602938 0.170896
0.0838215 0.0456851 0.00431385 0.0578028 0.627808 0.0405987 0.136556 9.9991E-05 0.00331475
9.9964E-05 9.9964E-05 9.9964E-05 9.9964E-05 0.00322413 0.0477015 0.11817 0.0349061 0.795598
0.00715665 0.0608695 0.0164668 0.0375049 0.57877 0.0858155 0.0853857 9.9991E-05 0.12793
9.9973E-05 0.0335649 9.9973E-05 0.000549394 0.382652 0.032761 0.0423831 9.9973E-05 0.50779
9.9964E-05 9.9964E-05 0.0939647 9.9964E-05 0.475871 0.0598657 0.0127602 9.9964E-05 0.357139
9.9973E-05 9.9973E-05 0.00632042 0.0498651 0.469331 0.0621797 9.9973E-05 0.131351 0.280653
9.9955E-05 9.9955E-05 9.9955E-05 0.0185876 0.47574 9.9955E-05 9.9955E-05 0.0960783 0.409094
9.9955E-05 0.0655422 9.9955E-05 9.9955E-05 9.9955E-05 0.0744959 0.199805 9.9955E-05 0.659657
0.100651 9.9982E-05 0.00583776 0.0492081 0.515156 0.120029 0.064441 9.9982E-05 0.144478
0.104175 0.0127875 0.00863837 0.0440995 0.598181 9.9973E-05 9.9973E-05 9.9973E-05 0.231819
9.9982E-05 0.0128851 0.129578 0.0202591 0.470517 0.017612 0.178018 9.9982E-05 0.17093
0.125207 0.00668336 9.9982E-05 0.0252088 0.28848 0.001045 9.9982E-05 0.0951871 0.457989
9.9964E-05 9.9964E-05 0.0223627 0.0516209 0.46605 9.9964E-05 9.9964E-05 0.0014946 0.458072
9.9964E-05 0.0650112 9.9964E-05 0.0432309 0.438236 9.9964E-05 0.0893324 9.9964E-05 0.36379
9.9964E-05 0.0235736 0.0709986 0.00154156 0.261586 9.9964E-05 9.9964E-05 9.9964E-05 0.6419
9.9982E-05 9.9982E-05 0.00521045 0.0224205 0.348247 0.0829479 0.0694644 0.021035 0.450475
0.0142056 9.9991E-05 0.020853 0.0384321 0.449742 0.0888053 0.0794451 0.0439475 0.264469
0.166831 0.0148 0.0287405 9.9982E-05 0.1739 9.9982E-05 0.423478 0.17858 0.0134706
0.0753659 0.151331 0.100476 0.0704186 0.311139 0.0306761 0.260393 9.9982E-05 9.9982E-05
9.9982E-05 9.9982E-05 0.0848968 0.0473337 0.426823 0.0471347 0.207252 0.0822405 0.104119
9.9991E-05 0.0874357 0.0295768 0.00791241 0.567087 0.0594079 0.0744967 0.132005 0.041979
0.0219824 9.9964E-05 9.9964E-05 0.0429791 0.397444 9.9964E-05 0.459001 0.0781931 9.9964E-05
0.031725 0.0328998 0.0638273 0.0187687 0.520631 9.9982E-05 0.274034 0.0579138 9.9982E-05
9.9964E-05 0.0756902 9.9964E-05 9.9964E-05 0.46191 9.9964E-05 0.345311 0.107219 0.00947087
0.0061372 9.9973E-05 9.9973E-05 9.9973E-05 0.54755 0.129219 0.161317 0.107929 0.047549
0.0224635 0.123595 0.0456785 9.9982E-05 0.519477 0.0993369 0.0698605 9.9982E-05 0.119388
0.0108869 9.9973E-05 9.9973E-05 9.9973E-05 0.576871 0.0297232 0.265343 0.066529 0.0503468
0.0130616 0.106593 9.9964E-05 9.9964E-05 0.469206 9.9964E-05 0.402478 9.9964E-05 0.00826114
0.0887811 0.0519656 9.9964E-05 9.9964E-05 0.701657 9.9964E-05 0.106282 0.0509142 9.9964E-05
0.0200332 0.0487373 0.103271 0.0117101 0.526205 0.0567864 0.0883628 0.14086 0.00403472
9.9982E-05 0.0510752 0.0467182 0.0269056 0.475413 9.9982E-05 0.203097 0.0736691 0.122921
0.108772 0.0369998 0.0282865 0.0226384 0.580899 0.0215325 0.126764 0.0146545 0.0594533
0.0159768 9.9982E-05 0.12297 0.0143582 0.504154 9.9982E-05 0.185642 0.0862471 0.0704518
0.128391 0.0547513 9.9982E-05 0.0376636 0.38923 0.0437105 0.267174 0.0788791 9.9982E-05
0.0478366 0.0973728 0.0953046 9.9973E-05 0.519698 9.9973E-05 0.211128 9.9973E-05 0.0283605
0.047121 0.0574132 9.9973E-05 9.9973E-05 0.681522 0.01126 0.148149 0.0542347 9.9973E-05
9.9973E-05 9.9973E-05 0.0490312 9.9973E-05 0.201864 0.0247854 0.449931 0.114939 0.15915
0.132194 9.9982E-05 0.0270248 9.9982E-05 0.169845 0.0270984 0.387976 0.192713 0.062949
0.0385635 0.0810468 0.0607135 9.9991E-05 0.515303 0.0586673 0.189654 0.0462681 0.00968429
0.0747068 0.126011 0.0534293 9.9982E-05 0.0435264 9.9982E-05 0.236931 0.31394 0.151255
9.9964E-05 9.9964E-05 9.9964E-05 9.9964E-05 0.198779 0.0594982 0.526209 0.140223 0.0748902
9.9973E-05 0.0256434 9.9973E-05 9.9973E-05 0.422445 0.0186433 0.35549 0.0850261 0.0924527
9.9964E-05 0.0652197 9.9964E-05 0.0394183 0.272701 9.9964E-05 0.532 9.9964E-05 0.0902609
9.9982E-05 0.00252686 0.0209944 9.9982E-05 0.260591 0.0250859 0.580949 0.0724687 0.0371849
9.9964E-05 9.9964E-05 9.9964E-05 0.0482931 0.626012 0.068086 0.160067 9.9964E-05 0.0971415
0.0114915 0.0304337 0.0391405 9.9991E-05 0.542651 0.126986 0.151344 0.0151189 0.0827344
9.9991E-05 0.0154946 0.0333035 0.0795322 0.490428 0.012517 0.216006 0.148512 0.00410635
0.208503 0.0234013 0.039874 0.0127526 0.0894089 9.9991E-05 0.449696 0.0340054 0.142258
0.13654 0.0548487 9.9973E-05 9.9973E-05 0.512089 0.12032 0.0941022 0.0817999 9.9973E-05
0.208283 0.017313 0.0289209 9.9991E-05 0.476175 0.0165012 0.0658908 0.0755421 0.111274
0.32899 0.0564247 9.9982E-05 0.0302651 9.9982E-05 0.0743155 0.134274 0.237737 0.137794
0.00680455 9.9982E-05 9.9982E-05 0.0189821 0.625969 0.155788 0.00259542 0.153816 0.035845
0.190344 0.00401955 0.00440757 9.9991E-05 0.417396 0.0754932 0.0318795 0.0617376 0.214622
0.0728967 9.9973E-05 9.9973E-05 9.9973E-05 0.50583 0.117689 0.0725559 0.0977034 0.133025
0.361667 0.0704045 9.9991E-05 0.0224285 0.263013 0.00333003 0.0815095 0.0348417 0.162705
0.334612 0.0584301 9.9991E-05 0.0112994 0.188752 0.0224596 0.129401 0.167656 0.0872898
0.19298 0.131159 9.9973E-05 9.9973E-05 0.45087 0.00332644 0.0688237 0.152541 9.9973E-05
0.115641 0.0653355 0.0965859 9.9991E-05 0.470723 0.0525717 0.0991156 0.0293035 0.0706239
0.178566 0.0642066 0.100936 0.0173361 0.350904 0.060627 0.107889 0.0758289 0.0437052
0.321293 0.0234325 0.135456 0.00577238 9.9982E-05 9.9982E-05 0.121513 0.130261 0.262072
0.0431301 9.9991E-05 0.0173504 0.0455134 0.495503 0.0668595 0.0916967 0.168949 0.0708982
0.28647 9.9964E-05 9.9964E-05 9.9964E-05 0.292234 9.9964E-05 0.238556 0.0312941 0.151046
0.0866054 9.9964E-05 9.9964E-05 9.9964E-05 0.432697 9.9964E-05 0.221545 0.155655 0.103098
0.0234202 0.00889329 9.9982E-05 0.0257674 0.664636 0.0409789 0.097477 0.138627 9.9982E-05
0.2217 0.0185476 0.230157 0.0634162 0.15931 0.228112 0.0476551 9.9991E-05 0.031003
0.453225 9.9955E-05 0.12406 0.0205159 9.9955E-05 0.4017 9.9955E-05 9.9955E-05 9.9955E-05
0.474532 9.9964E-05 0.118601 0.0425361 9.9964E-05 0.349545 9.9964E-05 0.0143858 9.9964E-05
0.24742 9.9973E-05 0.329803 0.0417893 0.0420696 0.250259 0.0883589 9.9973E-05 9.9973E-05
0.181338 9.9964E-05 9.9964E-05 9.9964E-05 0.662653 9.9964E-05 0.0460485 0.0441821 0.0653779
0.0122752 0.107751 0.0486298 0.0402673 0.49538 0.0339922 9.9991E-05 0.16494 0.0966644
9.9946E-05 9.9946E-05 0.638205 0.0147725 0.346423 9.9946E-05 9.9946E-05 9.9946E-05 9.9946E-05
9.9991E-05 0.0244365 0.4347 0.0155954 0.320042 0.0524722 0.0509771 0.028582 0.0730944
9.9973E-05 0.0410943 0.467478 0.0586857 0.283671 9.9973E-05 9.9973E-05 0.0590843 0.089687
0.258487 9.9973E-05 9.9973E-05 0.00519875 0.304314 9.9973E-05 0.0954571 0.151705 0.184538
0.101318 0.0450001 0.00306658 0.0147462 0.460589 0.0758491 9.9991E-05 0.162596 0.136735
0.393004 0.00200495 9.9973E-05 9.9973E-05 0.187251 9.9973E-05 0.0596257 0.208646 0.149169
0.167624 0.0220959 9.9973E-05 9.9973E-05 0.573148 9.9973E-05 0.0963647 0.0164455 0.124022
0.164251 0.0769368 9.9973E-05 9.9973E-05 0.428579 9.9973E-05 0.105243 0.213752 0.0109379
0.231349 0.0572164 9.9964E-05 9.9964E-05 0.574666 9.9964E-05 9.9964E-05 0.093566 0.0428024
0.372844 0.0557569 9.9973E-05 9.9973E-05 0.185991 9.9973E-05 0.0692979 0.122631 0.193179
0.053086 0.0586641 0.0532941 9.9991E-05 0.61026 0.0257908 0.0591713 0.00448095 0.135153
0.0978852 9.9973E-05 0.0201718 9.9973E-05 0.513178 0.11075 0.0271937 9.9973E-05 0.230521
9.9955E-05 9.9955E-05 0.943013 9.9955E-05 0.0159556 9.9955E-05 9.9955E-05 0.0250146 0.0155165
9.9946E-05 9.9946E-05 0.924942 9.9946E-05 0.0452688 9.9946E-05 9.9946E-05 0.0291901 9.9946E-05
9.9982E-05 0.00645309 0.562689 0.0315698 0.299403 9.9982E-05 0.0564051 0.00530494 0.0379759
9.9973E-05 0.0268344 0.610294 0.00965931 0.333148 0.0154102 9.9973E-05 0.00435486 9.9973E-05
0.016571 0.0346832 0.841026 9.9964E-05 0.0835763 9.9964E-05 9.9964E-05 9.9964E-05 0.0237433
0.0184195 9.9946E-05 0.977807 0.00317336 9.9946E-05 9.9946E-05 9.9946E-05 9.9946E-05 9.9946E-05
9.9955E-05 0.0232823 0.941304 9.9955E-05 9.9955E-05 0.0259805 9.9955E-05 0.00893333 9.9955E-05
9.9937E-05 9.9937E-05 0.86057 9.9937E-05 0.13873 9.9937E-05 9.9937E-05 9.9937E-05 9.9937E-05
9.9955E-05 0.0340958 0.936321 0.0170592 9.9955E-05 9.9955E-05 0.0120242 9.9955E-05 9.9955E-05
9.9946E-05 9.9946E-05 0.992338 9.9946E-05 9.9946E-05 9.9946E-05 9.9946E-05 0.00590195 0.00116045
9.9937E-05 9.9937E-05 0.9514 0.0479 9.9937E-05 9.9937E-05 9.9937E-05 9.9937E-05 9.9937E-05
9.9973E-05 9.9973E-05 0.766777 0.0600404 0.0849307 9.9973E-05 0.0445524 0.0423376 0.00106146
9.9964E-05 0.0257782 0.81244 9.9964E-05 0.084982 0.00976756 0.0666323 9.9964E-05 9.9964E-05
9.9937E-05 9.9937E-05 0.964309 9.9937E-05 9.9937E-05 9.9937E-05 9.9937E-05 9.9937E-05 0.0349919
9.9982E-05 0.0667179 0.466924 9.9982E-05 0.259971 0.0173698 0.0195028 0.0433797 0.125934
9.9973E-05 0.0380626 0.6267 0.0469552 0.224342 0.0546373 9.9973E-05 9.9973E-05 0.00900359
0.0385592 0.0391888 0.742809 0.0185463 0.160497 9.9964E-05 9.9964E-05 9.9964E-05 9.9964E-05
9.9964E-05 0.0195295 0.909898 0.00142764 0.0410216 9.9964E-05 0.0277234 9.9964E-05 9.9964E-05
9.9946E-05 0.000483041 0.976407 9.9946E-05 0.0225105 9.9946E-05 9.9946E-05 9.9946E-05 9.9946E-05
0.025784 9.9955E-05 0.824318 9.9955E-05 0.125689 0.0237092 9.9955E-05 9.9955E-05 9.9955E-05
9.9937E-05 9.9937E-05 0.983759 0.0155418 9.9937E-05 9.9937E-05 9.9937E-05 9.9937E-05 9.9937E-05
9.9955E-05 9.9955E-05 0.564952 9.9955E-05 0.222633 0.0588726 0.153042 9.9955E-05 9.9955E-05
9.9964E-05 9.9964E-05 0.878919 9.9964E-05 0.041701 0.0227802 0.0232888 0.0329108 9.9964E-05
0.562494 9.9973E-05 0.0268777 9.9973E-05 9.9973E-05 0.26673 0.0651675 0.0640006 0.0144303
0.229437 0.13125 0.0692043 0.0383059 0.401364 0.087014 0.0261863 9.9991E-05 0.0171378
0.18267 0.0782549 0.0154383 0.0230361 0.389904 0.223495 9.9991E-05 0.0250657 0.0620357
0.443432 0.0882629 0.0626021 0.0470075 0.187878 0.101904 9.9982E-05 9.9982E-05 0.0687137
0.0865334 0.0180959 0.135982 0.0741978 0.321087 0.0563186 9.9991E-05 0.177663 0.130022
0.333456 9.9982E-05 0.0891697 0.0856658 0.191468 0.117078 9.9982E-05 0.108239 0.0747226
0.0617692 0.115852 9.9973E-05 9.9973E-05 0.50068 0.221459 9.9973E-05 0.030127 0.0698126
0.312179 0.031469 0.0653902 0.00373445 0.417886 0.146978 9.9982E-05 9.9982E-05 0.0221635
0.204007 0.0344726 0.102976 0.0656727 0.510216 0.016016 0.0664401 9.9982E-05 9.9982E-05
0.353824 9.9964E-05 0.206662 0.0161769 0.364119 0.0588181 9.9964E-05 9.9964E-05 9.9964E-05
0.139883 0.023354 0.0304933 9.9991E-05 0.439638 0.219352 0.101146 0.00527449 0.0407599
0.0282442 0.0833532 9.9964E-05 9.9964E-05 0.0726885 0.803554 9.9964E-05 9.9964E-05 0.0117598
0.0202424 9.9964E-05 0.0879053 0.0738961 9.9964E-05 0.804709 9.9964E-05 0.0128475 9.9964E-05
9.9964E-05 9.9964E-05 9.9964E-05 0.0120815 0.0173845 0.940369 0.00874286 0.0210219 9.9964E-05
9.9964E-05 0.0321631 9.9964E-05 0.0147697 0.0254236 0.921079 0.00616486 9.9964E-05 9.9964E-05
0.0334953 9.9955E-05 9.9955E-05 0.0933724 9.9955E-05 0.799588 0.0730442 9.9955E-05 9.9955E-05
9.9955E-05 9.9955E-05 0.079404 0.0629233 9.9955E-05 0.827759 9.9955E-05 0.0294135 9.9955E-05
9.9964E-05 0.0142949 0.0740506 0.0337517 9.9964E-05 0.856829 9.9964E-05 9.9964E-05 0.0206742
0.0962031 9.9973E-05 9.9973E-05 0.0344786 0.0251444 0.801582 0.00820485 0.0340871 9.9973E-05
0.0165988 9.9973E-05 9.9973E-05 0.035259 0.0584236 0.867024 0.00524625 9.9973E-05 0.0171488
0.0819029 9.9955E-05 0.0635461 9.9955E-05 0.0276651 0.826386 9.9955E-05 9.9955E-05 9.9955E-05
9.9973E-05 0.0791241 9.9973E-05 0.0333344 9.9973E-05 0.602234 0.195014 0.0155325 0.074461
9.9973E-05 0.17787 9.9973E-05 0.0189227 9.9973E-05 0.54573 0.217708 0.0113517 0.028118
0.0797441 0.0625015 9.9973E-05 0.0378951 9.9973E-05 0.479906 0.338396 0.00125741 9.9973E-05
9.9964E-05 0.0849483 9.9964E-05 9.9964E-05 9.9964E-05 0.51258 0.272979 0.0551044 0.0739885
0.0189544 9.9982E-05 9.9982E-05 0.0410122 0.506703 0.02184 0.138748 0.00688925 0.265653
9.9973E-05 0.094123 0.045897 9.9973E-05 0.446038 9.9973E-05 0.043301 0.0990989 0.271242
9.9982E-05 0.0500971 0.100695 9.9982E-05 0.473996 0.022556 0.202432 0.02601 0.124014
0.0447305 0.0303861 9.9982E-05 0.0224592 0.389056 9.9982E-05 0.310955 0.0428406 0.159373
9.9982E-05 0.107175 0.023597 0.00199295 0.0648611 9.9982E-05 0.673481 0.0250869 0.103607
0.0307323 0.0423016 0.089184 9.9982E-05 0.514727 0.00573935 9.9982E-05 0.0558232 0.261293
9.9955E-05 9.9955E-05 9.9955E-05 9.9955E-05 0.57207 9.9955E-05 0.0604634 0.0645722 0.302395
0.0517585 0.0385275 9.9982E-05 0.00559717 0.470653 9.9982E-05 0.131033 0.109649 0.192581
9.9955E-05 9.9955E-05 0.0410352 9.9955E-05 0.349641 9.9955E-05 9.9955E-05 0.0658523 0.542972
0.0187634 0.0928777 9.9982E-05 9.9982E-05 0.672748 0.0398311 0.000674404 0.0547907 0.120114
9.9973E-05 0.112423 9.9973E-05 0.0518267 0.376735 9.9973E-05 0.059686 0.0521737 0.346856
0.000692171 0.014025 9.9982E-05 0.00762405 9.9982E-05 0.00269041 0.0974696 0.221588 0.655711
0.0316204 0.0503181 0.0279994 9.9991E-05 0.432525 0.038502 0.219838 0.0642997 0.134798
0.160218 9.9973E-05 9.9973E-05 9.9973E-05 0.228291 0.000747802 0.0279842 0.10764 0.474818
9.9973E-05 9.9973E-05 9.9973E-05 0.00108428 0.489578 0.0499739 0.0263005 0.07952 0.353244
9.9964E-05 0.0159961 9.9964E-05 9.9964E-05 0.0115899 0.0402985 0.264039 9.9964E-05 0.667677
0.0487071 0.844084 0.0191687 0.0187356 9.9973E-05 0.0273528 9.9973E-05 9.9973E-05 0.0416515
0.0146178 0.958 0.0239648 9.9955E-05 0.00291738 9.9955E-05 9.9955E-05 9.9955E-05 9.9955E-05
9.993E-05 0.999201 9.993E-05 9.993E-05 9.993E-05 9.993E-05 9.993E-05 9.993E-05 9.993E-05
9.9955E-05 0.872706 9.9955E-05 9.9955E-05 9.9955E-05 0.0559518 9.9955E-05 0.0434071 0.0274353
9.9955E-05 0.877772 0.0517519 9.9955E-05 0.00413775 9.9955E-05 0.0658382 9.9955E-05 9.9955E-05
9.9946E-05 0.894631 0.0264026 9.9946E-05 0.0783667 9.9946E-05 9.9946E-05 9.9946E-05 9.9946E-05
9.9955E-05 9.9955E-05 0.00149431 0.0347697 0.102586 0.86065 9.9955E-05 9.9955E-05 9.9955E-05
9.9964E-05 9.9964E-05 0.0331817 0.0335845 0.0599852 0.780625 0.0922239 9.9964E-05 9.9964E-05
0.0290467 9.9973E-05 0.129161 0.0304772 0.086212 0.718406 0.0063967 9.9973E-05 9.9973E-05
9.9955E-05 9.9955E-05 0.133227 0.0321581 9.9955E-05 0.713987 0.120128 9.9955E-05 9.9955E-05
0.0306786 9.9964E-05 0.050738 9.9964E-05 0.0927611 0.790671 0.0347513 9.9964E-05 9.9964E-05
0.0218005 0.289324 9.9982E-05 0.00503923 9.9982E-05 0.377966 0.286446 0.000113672 0.0191102
9.9973E-05 0.328594 9.9973E-05 0.00695897 9.9973E-05 0.451747 0.055703 0.114396 0.0423008
9.9973E-05 0.323901 9.9973E-05 0.0474712 9.9973E-05 0.354456 0.128031 0.0996746 0.046166
9.993E-05 9.993E-05 9.993E-05 0.999201 9.993E-05 9.993E-05 9.993E-05 9.993E-05 9.993E-05
9.9973E-05 0.390459 9.9973E-05 0.00138102 9.9973E-05 0.389527 0.0350393 0.0937898 0.0895046
0.178799 9.9973E-05 0.379636 9.9973E-05 0.239344 0.159325 0.0214189 0.0211779 9.9973E-05
9.9982E-05 0.0111837 0.249392 0.00552987 0.552974 0.110783 0.0575084 0.0124283 9.9982E-05
0.0326103 9.9964E-05 0.208267 0.000140752 0.544011 0.21457 9.9964E-05 9.9964E-05 9.9964E-05
0.090263 0.0411366 0.194551 9.9973E-05 0.402425 0.251981 9.9973E-05 9.9973E-05 0.0193431
0.0706366 0.0445355 0.228485 0.03246 0.426689 0.0392347 0.0946722 9.9991E-05 0.0631865
0.279914 9.9955E-05 0.305684 9.9955E-05 9.9955E-05 0.391953 9.9955E-05 0.0219494 9.9955E-05
9.9973E-05 0.0812203 9.9973E-05 9.9973E-05 0.423382 0.0219521 0.33947 0.0523667 0.0813088
0.171554 0.0387504 9.9973E-05 9.9973E-05 0.308456 9.9973E-05 0.175916 0.2353 0.0697243
9.9964E-05 0.0542511 9.9964E-05 0.0644375 0.261334 0.0498418 0.569736 9.9964E-05 9.9964E-05
0.061846 0.00301676 0.0124175 9.9982E-05 0.423668 9.9982E-05 0.115082 0.286427 0.0973436
0.221651 0.052484 9.9964E-05 9.9964E-05 9.9964E-05 9.9964E-05 0.17874 0.364833 0.181892
0.0546356 0.0199042 0.0787614 0.0629492 0.412322 0.0337526 0.191544 0.00992063 0.136211
0.139454 0.0267552 9.9973E-05 9.9973E-05 0.411602 9.9973E-05 0.235305 0.161477 0.025107
0.0616303 9.9982E-05 9.9982E-05 0.0468757 0.284406 0.0257429 0.452963 0.00872073 0.119461
0.0735523 0.0195399 9.9991E-05 0.0284405 0.502055 0.0652094 0.169373 0.0961878 0.0455422
0.195681 9.9964E-05 9.9964E-05 9.9964E-05 0.0848504 9.9964E-05 0.438319 0.163345 0.117405
0.0169681 0.104208 9.9991E-05 0.0338779 0.438271 0.01627 0.163736 0.214222 0.0123477
9.9973E-05 0.0652411 0.0583217 0.0641032 0.448347 9.9973E-05 0.196364 9.9973E-05 0.167323
0.0607839 0.0224724 0.207083 9.9991E-05 0.333662 0.131523 0.147887 0.0112317 0.085257
0.0734485 0.0185857 9.9973E-05 9.9973E-05 0.371205 9.9973E-05 0.336056 0.183368 0.0170371
0.0235634 0.016609 0.072896 0.0127551 0.319204 9.9991E-05 0.292054 0.0985867 0.164231
0.10877 9.9973E-05 0.0628344 9.9973E-05 0.360551 9.9973E-05 0.214305 0.110182 0.143058
0.0182758 0.0946242 9.9973E-05 9.9973E-05 0.503075 9.9973E-05 0.187176 0.0753 0.121249
0.0277552 0.0189705 0.0450395 0.0196709 0.610208 9.9991E-05 0.156544 0.0995715 0.0221405
0.0428119 0.0282415 0.0646346 0.0476639 0.506113 0.0187081 0.0976666 0.0652485 0.128912
0.0045496 0.0168426 0.0637067 9.9991E-05 0.497879 0.073663 0.129212 0.111437 0.102611
9.9946E-05 9.9946E-05 0.0775549 9.9946E-05 0.152879 0.768966 9.9946E-05 9.9946E-05 9.9946E-05
9.9955E-05 9.9955E-05 0.0304924 9.9955E-05 0.127543 0.81694 9.9955E-05 0.0245251 9.9955E-05
0.0168511 0.0172798 9.9973E-05 9.9973E-05 0.0868942 0.785976 0.0699905 0.0227085 9.9973E-05
9.9973E-05 0.0465654 0.090408 0.0180698 9.9973E-05 0.741386 9.9973E-05 0.0729342 0.0303366
9.9955E-05 0.0142221 9.9955E-05 0.0837041 0.132664 0.76891 9.9955E-05 9.9955E-05 9.9955E-05
0.0198691 0.0777142 0.0155582 0.00210589 0.13086 0.0327308 0.720962 9.9982E-05 9.9982E-05
0.103693 0.00977784 0.0645377 0.0179204 0.491768 0.0342782 0.16522 0.0549584 0.057846
0.0588324 9.9991E-05 0.173028 0.00828379 0.405347 0.175974 0.0916134 0.0274077 0.0594141
0.038141 0.0191422 0.0477958 0.030963 0.646712 9.9991E-05 0.149316 0.0527205 0.015109
9.9982E-05 0.0316004 0.00889579 9.9982E-05 0.542662 0.0891882 0.233224 0.0110733 0.083156
0.204817 0.00366149 0.00568285 9.9973E-05 0.251961 9.9973E-05 0.426488 0.107089 9.9973E-05
0.0669111 0.0454506 9.9973E-05 0.0555487 9.9973E-05 0.0893098 0.645531 9.9973E-05 0.0969486
0.0103819 0.112593 0.0226366 9.9991E-05 0.532427 0.0373102 0.191844 0.0570353 0.0356723
9.9982E-05 0.0758725 0.0274284 9.9982E-05 0.109451 0.0964505 0.47127 0.189095 0.0302332
0.0687885 0.137867 0.00497455 9.9991E-05 0.468301 0.0454211 0.0495381 0.110567 0.114443
9.9973E-05 0.0112252 0.0411547 9.9973E-05 0.0465075 0.16065 0.626366 0.113797 9.9973E-05
9.9982E-05 0.0164327 0.0621287 0.0192679 0.556266 0.0991381 0.174592 9.9982E-05 0.0719747
9.9973E-05 9.9973E-05 9.9973E-05 0.0134484 0.120266 0.0847632 0.627896 0.0891617 0.0641656
0.0362422 0.00190808 0.021046 9.9991E-05 0.289496 0.0930243 0.397956 0.040496 0.119731
0.0736292 0.0168861 0.0133018 0.0129823 0.501415 0.00484343 0.129092 0.0828932 0.164956
0.351985 0.165634 9.9973E-05 9.9973E-05 0.275338 9.9973E-05 0.0302627 0.108427 0.068053
0.169925 0.0475951 9.9982E-05 0.0049382 0.593103 9.9982E-05 0.0249821 0.0271839 0.132072
0.138726 0.0670446 9.9991E-05 0.0414067 0.611291 0.0249455 0.0673522 0.00222729 0.0469064
0.278818 0.0910871 9.9973E-05 9.9973E-05 0.33739 9.9973E-05 0.000735953 0.129466 0.162203
0.0735455 0.0388202 0.0714034 0.00607836 0.478929 0.0568002 0.000161619 0.132199 0.142062
0.141589 0.143518 9.9964E-05 9.9964E-05 0.470537 9.9964E-05 9.9964E-05 0.127254 0.116702
0.396945 0.0851265 9.9973E-05 9.9973E-05 0.0444919 9.9973E-05 0.0336463 0.176555 0.262936
0.445939 0.0457962 9.9964E-05 9.9964E-05 0.249484 9.9964E-05 9.9964E-05 0.0831009 0.17528
0.291914 0.101184 9.9973E-05 0.00135063 0.520329 9.9973E-05 9.9973E-05 0.0140753 0.0708473
0.342641 0.11424 9.9973E-05 9.9973E-05 0.122201 9.9973E-05 0.0875134 0.121524 0.21158
0.225593 0.0550373 9.9964E-05 9.9964E-05 0.468904 9.9964E-05 0.144212 9.9964E-05 0.105854
0.0367835 0.0782729 0.0491544 9.9991E-05 0.0562357 0.00956023 0.645525 0.033323 0.0910458
9.9964E-05 0.0211139 9.9964E-05 9.9964E-05 0.21609 9.9964E-05 0.404966 0.332537 0.0248933
9.9991E-05 0.0420778 0.0936864 0.00775256 0.302103 0.00535708 0.463795 0.0792859 0.0058416
9.9982E-05 0.0318079 0.0503839 0.00670424 0.635135 0.0667988 0.198322 9.9982E-05 0.0106486
9.9982E-05 0.0571262 0.00410177 0.0203454 0.150259 9.9982E-05 0.53236 0.0600595 0.175549
9.9982E-05 0.0661688 9.9982E-05 0.0520471 0.560932 0.0717452 0.0244195 0.182778 0.0417093
0.0295872 0.0352604 0.026294 0.0498584 0.559362 0.0289296 0.213148 0.0574605 9.9991E-05
0.0104776 9.9973E-05 0.0825488 0.0507258 0.459163 9.9973E-05 0.345335 9.9973E-05 0.0514493
0.00349326 9.9982E-05 0.0822447 0.00837612 0.368261 9.9982E-05 0.323152 0.141795 0.0724779
9.9982E-05 0.0550176 0.0425483 0.0224329 0.38994 0.029309 0.310748 9.9982E-05 0.149805
9.9973E-05 0.072839 0.106991 0.0327728 0.0847305 9.9973E-05 0.499349 9.9973E-05 0.203018
9.9973E-05 0.153892 0.102309 9.9973E-05 0.2701 9.9973E-05 0.389317 0.0263897 0.0576929
9.9964E-05 0.0165871 9.9964E-05 9.9964E-05 0.524697 9.9964E-05 0.311272 0.142943 0.00410019
9.9982E-05 9.9982E-05 0.0325268 0.0742309 0.489927 0.00336152 0.242307 0.0415824 0.115864
9.9991E-05 0.0398822 0.00419252 0.0328101 0.427188 0.0520047 0.229693 0.102481 0.111649
9.9964E-05 0.0620423 0.104958 9.9964E-05 0.455696 9.9964E-05 0.304562 0.0723424 9.9964E-05
0.0774428 0.0688035 0.0628892 0.0233615 0.295897 0.0663632 0.405043 9.9982E-05 9.9982E-05
0.021227 0.0653153 9.9982E-05 9.9982E-05 0.548621 0.0259232 0.232299 0.0894382 0.0169768
9.9973E-05 0.0410427 0.0296554 9.9973E-05 0.490663 0.0778185 0.288111 0.0724103 9.9973E-05
9.9982E-05 0.0801474 0.101697 0.0395654 0.428116 0.0614505 0.207857 0.0809664 9.9982E-05
0.0747017 9.9982E-05 0.0727383 0.0408152 0.428255 0.300382 0.00274462 9.9982E-05 0.0801626
0.120231 9.9982E-05 0.183843 0.0566735 0.404635 0.069102 0.0540836 9.9982E-05 0.111231
0.0801647 9.9973E-05 0.0924119 9.9973E-05 0.462224 0.132459 0.151251 0.0811892 9.9973E-05
0.0117858 9.9991E-05 0.0674195 0.104679 0.574994 0.0135326 0.0485084 0.0272505 0.15173
0.00799481 9.9991E-05 0.217698 0.0276576 0.356637 0.243884 0.0294083 0.108745 0.00787511
0.0452675 9.9955E-05 9.9955E-05 9.9955E-05 0.434806 9.9955E-05 0.351696 0.16773 9.9955E-05
9.9982E-05 9.9982E-05 0.13496 0.0442111 0.422375 0.156305 0.0233029 0.0133363 0.20531
0.451551 9.9964E-05 0.134846 9.9964E-05 9.9964E-05 0.156486 0.10274 9.9964E-05 0.153978
0.0462732 0.0778558 0.077194 0.0566256 0.530546 0.0910261 0.115978 0.00440187 9.9991E-05
0.0364727 0.0134545 0.0547666 9.9982E-05 0.677792 0.150818 0.0318728 9.9982E-05 0.0346233
0.0676847 9.9982E-05 0.202154 0.0297217 0.457522 9.9982E-05 0.0939689 0.102998 0.0457504
0.198425 0.011432 0.125502 0.0487172 0.320921 0.0761222 0.128676 0.0785744 0.011631
0.124667 9.9973E-05 0.0993882 9.9973E-05 0.58224 0.128471 0.021675 0.0432587 9.9973E-05
0.0978789 9.9973E-05 0.0596397 0.0570112 0.590221 0.0971532 9.9973E-05 0.0977965 9.9973E-05
0.41551 9.9964E-05 0.164185 0.0220516 9.9964E-05 0.362655 9.9964E-05 0.0351986 9.9964E-05
0.0344955 0.0111353 0.11187 0.139323 0.546602 0.0818009 0.010186 0.0281385 0.0364484
0.0679369 9.9973E-05 0.201327 9.9973E-05 0.52127 0.117502 9.9973E-05 0.090842 0.000821836
0.11353 0.0244083 0.0822516 0.00984587 0.608079 0.0726021 9.9982E-05 9.9982E-05 0.0890824
0.142033 9.9964E-05 0.104608 0.0257742 0.604047 0.123139 9.9964E-05 9.9964E-05 9.9964E-05
0.025477 9.9991E-05 0.103525 0.0136294 0.483723 0.211789 0.0372613 0.103276 0.0212192
9.9973E-05 0.0334017 0.0173424 0.0626805 0.452037 9.9973E-05 9.9973E-05 0.399207 0.0350319
0.0373489 9.9973E-05 9.9973E-05 0.0266862 0.465282 0.136166 0.0780419 0.256176 9.9973E-05
9.9946E-05 9.9946E-05 9.9946E-05 9.9946E-05 9.9946E-05 9.9946E-05 0.0812634 0.868431 0.0497063
9.9964E-05 0.0181715 9.9964E-05 9.9964E-05 9.9964E-05 0.0149637 0.055606 0.907121 0.00373791
9.9973E-05 9.9973E-05 0.0534496 0.0444564 0.417569 0.0731714 0.0517642 0.35929 9.9973E-05
0.0772419 9.9964E-05 0.216829 9.9964E-05 0.470793 0.179486 9.9964E-05 0.0552506 9.9964E-05
0.0855585 9.9973E-05 0.326739 0.0273626 0.26351 0.0800195 9.9973E-05 0.21651 9.9973E-05
0.195885 9.9982E-05 0.294183 0.0258464 0.122364 0.114258 0.0484693 0.198795 9.9982E-05
0.106155 9.9973E-05 0.196123 0.0167592 0.390519 0.129896 9.9973E-05 0.160247 9.9973E-05
0.0664514 9.9964E-05 0.10198 9.9964E-05 0.0326637 0.103148 9.9964E-05 0.695357 9.9964E-05
0.0738118 9.9973E-05 0.0737164 0.0722586 0.133052 0.0133646 9.9973E-05 0.633497 9.9973E-05
9.9964E-05 0.0325411 0.100891 0.00201342 0.533985 9.9964E-05 9.9964E-05 0.33017 9.9964E-05
9.9955E-05 9.9955E-05 0.0648693 9.9955E-05 0.413778 0.0702713 9.9955E-05 0.450581 9.9955E-05
9.9964E-05 9.9964E-05 0.121745 0.0827012 0.0621577 0.0156743 9.9964E-05 0.717321 9.9964E-05
9.9964E-05 9.9964E-05 0.0530864 0.0259696 0.477415 0.0818823 9.9964E-05 0.361247 9.9964E-05
0.0370687 9.9964E-05 0.0837632 9.9964E-05 0.462799 0.0273603 9.9964E-05 0.388609 9.9964E-05
0.0722587 0.022377 0.0874081 0.0335745 0.449124 0.0629345 0.0467655 0.225458 9.9991E-05
9.9955E-05 0.0542325 9.9955E-05 9.9955E-05 0.260486 9.9955E-05 0.0778545 0.606927 9.9955E-05
9.9964E-05 9.9964E-05 9.9964E-05 0.0366487 0.310362 9.9964E-05 0.0853957 0.518903 0.0482908
0.0528442 0.00939614 9.9973E-05 0.0491393 0.53437 9.9973E-05 9.9973E-05 0.295173 0.0587779
0.0328703 0.100978 9.9973E-05 9.9973E-05 0.465144 0.024842 0.0680162 0.307849 9.9973E-05
0.0630697 0.0666624 0.133759 0.027129 0.331444 0.0305958 0.0439959 0.139526 0.163818
0.070368 9.9955E-05 9.9955E-05 0.00532685 0.440571 9.9955E-05 9.9955E-05 0.483234 9.9955E-05
0.00307954 0.109823 9.9964E-05 9.9964E-05 0.199407 9.9964E-05 9.9964E-05 0.669482 0.0178085
0.0508701 9.9955E-05 0.0160956 9.9955E-05 0.535251 9.9955E-05 9.9955E-05 0.397283 9.9955E-05
9.9955E-05 0.0178137 9.9955E-05 9.9955E-05 0.20762 9.9955E-05 9.9955E-05 0.738211 0.0358556
0.0185607 0.0396095 9.9982E-05 9.9982E-05 0.373217 0.0105827 0.00732669 0.531017 0.0194858
9.9973E-05 0.0837094 0.0225898 0.0792202 0.510193 9.9973E-05 9.9973E-05 0.21161 0.0923776
0.0150453 9.9973E-05 9.9973E-05 0.0337588 0.45859 9.9973E-05 0.0366536 0.44516 0.0104925
0.000383172 9.9982E-05 0.0349977 0.0901069 0.548574 0.181329 9.9982E-05 0.0910783 0.0533314
0.0821482 0.0976407 0.108483 0.0261665 0.389065 0.100746 9.9991E-05 0.120087 0.0755635
0.168884 0.0259807 0.298381 9.9991E-05 0.304509 0.077075 0.0916871 0.0076187 0.0257642
0.165815 0.0830735 0.173661 0.0219834 0.389051 0.101093 0.050817 0.014406 9.9991E-05
0.111892 0.014084 0.0760456 0.00116711 0.553613 0.138988 0.0786724 9.9991E-05 0.0254384
0.054272 0.0715279 0.202094 9.9973E-05 0.369728 0.134522 9.9973E-05 0.167556 9.9973E-05
0.123333 0.0368473 0.15 0.0128928 9.9973E-05 0.143164 9.9973E-05 0.533464 9.9973E-05
0.0084688 0.0864911 0.217722 0.00187172 0.502672 0.0961838 9.9982E-05 0.0863899 9.9982E-05
0.244688 9.9955E-05 0.100543 9.9955E-05 9.9955E-05 0.305229 9.9955E-05 0.349041 9.9955E-05
9.9955E-05 9.9955E-05 0.204714 9.9955E-05 0.453887 0.045874 9.9955E-05 0.295025 9.9955E-05
0.0105782 9.9964E-05 9.9964E-05 0.0044567 0.0524599 9.9964E-05 9.9964E-05 0.817103 0.115002
9.9946E-05 9.9946E-05 9.9946E-05 9.9946E-05 9.9946E-05 9.9946E-05 0.0161217 0.92408 0.0591983
9.99706E-05 9.99706E-05 9.99706E-05 0.0222139 0.422633 9.99706E-05 0.0175445 0.473967 0.0632419
9.9955E-05 9.9955E-05 9.9955E-05 0.0696646 0.571603 9.9955E-05 0.0141813 0.344051 9.9955E-05
9.9946E-05 9.9946E-05 9.9946E-05 9.9946E-05 0.368442 9.9946E-05 0.000949285 0.630009 9.9946E-05
9.9946E-05 9.9946E-05 9.9946E-05 9.9946E-05 0.471142 0.00903409 9.9946E-05 0.519224 9.9946E-05
9.9955E-05 0.0331883 9.9955E-05 9.9955E-05 0.524864 9.9955E-05 0.0156379 0.42581 9.9955E-05
9.9973E-05 0.0117823 0.0386064 0.0666137 0.0852017 0.738162 9.9973E-05 0.0593336 9.9973E-05
0.00257768 0.0973901 0.136709 0.00673431 9.9982E-05 0.649652 0.0693393 0.0373968 9.9982E-05
9.9964E-05 0.000839751 0.0702024 0.0135136 9.9964E-05 0.872489 0.0425553 9.9964E-05 9.9964E-05
9.9955E-05 9.9955E-05 9.9955E-05 0.136816 0.0575401 0.803169 9.9955E-05 0.00197526 9.9955E-05
0.0139685 0.0635902 0.0304012 0.0543373 0.486032 9.9991E-05 0.0593097 0.0104232 0.281838
9.9973E-05 9.9973E-05 9.9973E-05 0.0222641 0.487037 0.0495777 0.0978292 0.0580836 0.284909
9.9964E-05 0.0172565 9.9964E-05 9.9964E-05 0.44125 0.0385528 0.0396336 9.9964E-05 0.462907
0.0100071 9.9982E-05 0.0118399 0.00552665 0.572501 0.111777 0.0159245 9.9982E-05 0.272224
0.0585191 0.146624 0.0497725 0.00437986 0.508539 0.017481 0.0362224 9.9991E-05 0.178362
0.00811398 0.0125894 0.0172237 9.9982E-05 0.221719 0.0128898 0.179302 9.9982E-05 0.547962
9.9964E-05 0.00991934 9.9964E-05 9.9964E-05 0.573993 9.9964E-05 0.0683673 0.00732 0.340001
0.106024 9.9964E-05 9.9964E-05 0.0390456 0.296334 9.9964E-05 9.9964E-05 0.0372396 0.520957
0.0128429 0.0096396 0.15334 0.042251 0.425055 0.196991 0.0786817 0.0572928 0.023906
0.0802824 9.9964E-05 0.0801029 9.9964E-05 0.311676 9.9964E-05 9.9964E-05 0.132009 0.39553
9.9964E-05 0.0312731 9.9964E-05 0.0250727 0.302123 9.9964E-05 0.094819 9.9964E-05 0.546313
9.9964E-05 9.9964E-05 9.9964E-05 9.9964E-05 0.514955 0.0138888 0.0495535 0.112251 0.308952
9.9982E-05 0.0137159 0.0375279 9.9982E-05 0.350328 0.00433786 0.0718867 0.0611648 0.460839
9.9964E-05 0.0151487 0.0406557 9.9964E-05 0.532186 9.9964E-05 9.9964E-05 0.052464 0.359146
9.9964E-05 0.0841916 0.0501172 9.9964E-05 0.449863 0.104304 9.9964E-05 9.9964E-05 0.311124
9.9946E-05 9.9946E-05 9.9946E-05 9.9946E-05 0.0165405 9.9946E-05 9.9946E-05 0.0716422 0.911218
0.0632386 0.0172576 0.0216967 9.9991E-05 0.182102 0.0257559 0.0338045 0.0893934 0.566651
0.0733228 9.9973E-05 0.00221281 0.0265007 0.312751 9.9973E-05 0.0616358 9.9973E-05 0.523276
0.179724 9.9946E-05 9.9946E-05 9.9946E-05 9.9946E-05 9.9946E-05 9.9946E-05 0.000943727 0.818733
9.9991E-05 0.0496041 0.0282676 0.0213812 0.3908 0.0483618 0.0137081 0.0565213 0.391256
0.206592 9.9955E-05 9.9955E-05 9.9955E-05 0.108401 9.9955E-05 9.9955E-05 0.0814784 0.603029
0.15049 9.9946E-05 9.9946E-05 9.9946E-05 9.9946E-05 9.9946E-05 9.9946E-05 0.15465 0.694259
9.9973E-05 0.0481636 0.0507576 0.00517158 0.559546 9.9973E-05 9.9973E-05 0.0688571 0.267204
9.99549E-05 9.99549E-05 9.99549E-05 9.99549E-05 0.154591 0.0558988 0.184926 9.99549E-05 0.604084
0.00326797 0.0458867 0.0779167 9.9982E-05 0.354346 0.00528536 0.131835 9.9982E-05 0.381263
9.9973E-05 9.9973E-05 0.0316576 0.00300838 0.525412 0.091068 0.0415331 9.9973E-05 0.307021
0.00579493 0.0242901 0.0666524 9.9973E-05 0.413191 9.9973E-05 0.128188 9.9973E-05 0.361584
0.117445 0.013803 0.0256943 0.0430021 0.303021 9.9991E-05 0.373499 0.0443164 0.0791198
9.9973E-05 0.0509269 9.9973E-05 0.00269982 0.54156 9.9973E-05 0.0161124 0.0751175 0.313283
9.9964E-05 0.0306113 9.9964E-05 9.9964E-05 0.527928 0.0109831 0.120788 9.9964E-05 0.309289
0.0146409 0.0405126 9.9964E-05 0.000178543 0.282179 9.9964E-05 9.9964E-05 9.9964E-05 0.662089
0.00321649 0.0634881 0.0420782 0.0517374 0.544301 9.9991E-05 0.0141006 0.0700503 0.210928
0.0615816 0.113911 9.9973E-05 0.067413 9.9973E-05 0.584058 0.138663 9.9973E-05 0.0340728
0.0527394 0.0666492 0.000538628 0.089498 0.0771433 0.656064 0.0437513 9.9991E-05 0.013516
0.060114 0.0412196 9.9973E-05 0.120547 9.9973E-05 0.712317 0.0572991 9.9973E-05 0.00820331
0.00140225 0.104454 9.9973E-05 0.0978687 9.9973E-05 0.722252 0.0212861 0.0524376 9.9973E-05
0.0114194 0.180592 9.9973E-05 0.0276293 0.0442909 0.682434 0.0533348 9.9973E-05 9.9973E-05
9.9955E-05 9.9955E-05 9.9955E-05 9.9955E-05 0.109883 0.0697456 0.1966 9.9955E-05 0.623271
0.0223747 9.9982E-05 9.9982E-05 0.0208533 0.100417 0.0363491 0.174466 0.0374746 0.607866
