9.9964E-05 9.9964E-05 0.0163497 9.9964E-05 0.0364862 0.0813164 0.00838339 0.857064 9.9964E-05
9.9964E-05 0.0193846 9.9964E-05 0.0146035 9.9964E-05 0.0143609 9.9964E-05 0.92615 0.0251012
0.0386261 9.9964E-05 0.129114 9.9964E-05 0.002861 0.0783756 9.9964E-05 0.750623 9.9964E-05
9.9955E-05 9.9955E-05 9.9955E-05 9.9955E-05 0.105337 0.034776 0.118728 0.740659 9.9955E-05
9.9955E-05 9.9955E-05 0.0276973 0.0471351 9.9955E-05 9.9955E-05 0.0615373 0.863131 9.9955E-05
9.9955E-05 0.325787 9.9955E-05 9.9955E-05 9.9955E-05 9.9955E-05 0.0638088 0.590708 0.0191967
9.9946E-05 0.169618 9.9946E-05 9.9946E-05 9.9946E-05 0.0452696 9.9946E-05 0.784512 9.9946E-05
9.9964E-05 0.262626 9.9964E-05 9.9964E-05 0.0319206 0.0395293 0.0104749 0.65505 9.9964E-05
0.0894991 9.99639E-05 9.99639E-05 9.99639E-05 0.0662254 0.0234742 9.99639E-05 0.791895 0.0285062
9.9964E-05 0.258817 0.00868647 9.9964E-05 9.9964E-05 0.0358959 0.0717809 0.62442 9.9964E-05
9.9937E-05 0.286859 9.9937E-05 9.9937E-05 9.9937E-05 9.9937E-05 9.9937E-05 0.712442 9.9937E-05
9.9982E-05 0.0801147 0.178521 9.9982E-05 0.355742 0.00606477 0.0912878 0.0212354 0.266835
0.0287313 9.9982E-05 0.462629 0.00763551 0.243516 0.0478397 0.101309 9.9982E-05 0.10814
0.0940129 9.9982E-05 0.193792 0.0752388 0.3461 0.0348373 0.0528824 9.9982E-05 0.202937
0.0055716 0.0308759 0.297024 0.0343641 0.29827 0.0367318 0.130676 0.0588156 0.10767
9.9982E-05 0.0674916 0.353503 9.9982E-05 0.191244 0.0188542 0.117086 0.105952 0.145669
9.999E-05 0.0932393 0.49674 0.0127803 0.0946397 0.052144 0.0492085 0.0987734 0.102375
9.9982E-05 0.121719 0.331177 0.0186275 0.199864 0.0328433 0.118155 9.9982E-05 0.177415
0.0988854 9.9982E-05 0.291238 0.0290319 0.260234 0.0516581 0.0635283 9.9982E-05 0.205225
0.00144471 0.098187 9.9982E-05 9.9982E-05 0.483957 0.0597472 0.0483032 0.0516319 0.256529
0.0396404 0.0407491 0.361588 0.0342948 0.266017 0.00589698 0.0901157 9.9991E-05 0.161598
0.101184 0.106398 0.355986 0.0954713 0.112915 0.0442601 0.00626007 9.9991E-05 0.177426
0.0260325 0.0421867 0.592451 0.03479 0.201837 0.00646451 0.00620662 0.0648502 0.0251815
0.00607293 0.0497485 0.18333 9.9982E-05 0.264341 0.0621954 0.142945 9.9982E-05 0.291168
0.084641 0.143663 0.579934 0.018187 0.0597803 0.0366261 9.9991E-05 0.04796 0.0291086
0.0394116 0.0422382 0.510201 9.9991E-05 0.24367 0.0294242 0.0147661 0.0109141 0.109275
9.9973E-05 0.070139 0.0450997 9.9973E-05 0.400233 0.0738632 0.150294 9.9973E-05 0.260072
0.00680363 0.0241594 0.126705 9.9982E-05 0.357098 0.0304586 0.227429 9.9982E-05 0.227146
9.9982E-05 0.122217 0.229103 0.00825801 0.385896 9.9982E-05 0.0258998 0.0299063 0.19852
9.993E-05 9.993E-05 9.993E-05 9.993E-05 9.993E-05 0.999201 9.993E-05 9.993E-05 9.993E-05
9.993E-05 9.993E-05 9.993E-05 9.993E-05 9.993E-05 0.999201 9.993E-05 9.993E-05 9.993E-05
9.9955E-05 9.9955E-05 0.0967805 9.9955E-05 9.9955E-05 0.392038 9.9955E-05 0.475194 0.0354874
0.0535909 9.9973E-05 0.125769 9.9973E-05 9.9973E-05 0.291462 0.000677836 0.507545 0.0206552
9.9982E-05 0.137673 0.491877 0.0477 0.0321159 9.9982E-05 0.0445085 0.0394322 0.206493
9.9973E-05 0.0685785 0.466495 9.9973E-05 0.0145291 9.9973E-05 0.0356302 0.133011 0.281457
9.9973E-05 0.056313 0.517509 0.0047543 9.9973E-05 0.0127778 0.0334095 9.9973E-05 0.374936
0.00281742 9.9991E-05 0.134341 0.054825 0.488276 0.026477 0.0168609 0.0962325 0.180071
9.9964E-05 9.9964E-05 0.20434 0.0194022 9.9964E-05 0.0451167 0.0552772 9.9964E-05 0.675464
9.9982E-05 9.9982E-05 0.468428 0.0158901 0.186262 0.0119343 0.0210746 0.0953854 0.200825
9.9982E-05 0.0772604 0.653041 0.00873627 9.9982E-05 0.00703791 0.024901 0.0543744 0.174449
9.9964E-05 0.358836 0.490653 9.9964E-05 9.9964E-05 0.0332387 9.9964E-05 0.0457949 0.0710775
9.999E-05 0.206169 0.554147 0.0131245 0.0310949 0.0884425 0.00472047 0.0503203 0.0518816
0.057723 0.00673184 0.0883317 9.9973E-05 0.0849504 0.0281086 9.9973E-05 9.9973E-05 0.733855
9.9982E-05 0.257391 0.525942 9.9982E-05 0.000388447 0.00949171 0.0303025 0.0687678 0.107516
9.9982E-05 0.0193667 0.547499 0.0496649 9.9982E-05 0.03789 0.0600117 0.071867 0.2135
0.0142207 0.03863 0.540147 0.0145685 0.044865 9.9991E-05 0.00342121 0.121958 0.222089
0.0350632 9.9955E-05 0.306859 0.0507191 9.9955E-05 9.9955E-05 9.9955E-05 9.9955E-05 0.606859
0.00379346 9.9982E-05 0.631226 0.0742841 0.00384706 0.0509991 0.0233366 9.9982E-05 0.212314
0.0932193 0.00256041 0.562529 0.0164239 0.0679401 0.0561551 0.0248573 9.9991E-05 0.176215
0.160737 0.0062379 9.9973E-05 0.11499 9.9973E-05 0.00467981 9.9973E-05 0.0582009 0.654854
0.0291019 0.159095 0.183218 0.0539279 0.385752 9.9973E-05 9.9973E-05 9.9973E-05 0.188605
0.193851 0.152714 0.034336 0.196177 0.105941 0.0227919 9.9982E-05 9.9982E-05 0.29399
0.0142291 0.133144 0.613401 0.026585 0.0760937 0.0673255 0.00726339 9.9991E-05 0.0618585
9.9973E-05 0.164671 0.677264 0.0642985 0.00621591 0.0362976 9.9973E-05 0.050953 9.9973E-05
0.0696067 0.0910986 0.544982 9.9982E-05 0.0466718 9.9982E-05 0.0966714 0.0658798 0.0848903
0.0366132 0.166561 0.139769 0.0285203 0.282719 0.0276197 9.9991E-05 0.0847893 0.233308
0.0717314 9.9973E-05 0.564972 0.0159459 0.251791 0.0712678 9.9973E-05 9.9973E-05 0.023992
0.0836406 0.0192415 0.516623 9.9991E-05 0.162089 0.00497369 0.0831003 0.06369 0.0665425
9.9991E-05 0.101519 0.30707 0.135021 0.149662 0.0114818 0.0489485 0.0703492 0.175849
0.123505 0.121879 0.00550762 0.0375731 0.241782 0.0134572 0.0437624 0.175104 0.237431
0.0550711 0.00463694 0.557461 0.027903 0.0649656 0.0964177 0.0170102 9.9991E-05 0.176434
0.0895537 9.9982E-05 0.406548 0.118344 0.216768 0.0419756 9.9982E-05 0.0123017 0.114309
0.0826244 0.121424 0.0402308 0.0326982 0.384709 0.0621157 9.9982E-05 9.9982E-05 0.275997
0.103082 9.9973E-05 0.480375 0.0732892 0.213708 0.00466363 9.9973E-05 9.9973E-05 0.124582
0.0706529 9.9973E-05 0.567525 0.139059 0.0471378 9.9973E-05 0.0958051 9.9973E-05 0.0795203
0.0622371 0.0562287 0.625668 9.9973E-05 0.18405 0.0479292 0.0235864 9.9973E-05 9.9973E-05
0.0882689 0.0380785 0.279606 0.0567028 0.205964 9.9991E-05 0.0594396 0.0185822 0.253259
0.143213 0.0405802 0.491829 0.0112375 0.0636062 0.089775 9.9982E-05 9.9982E-05 0.159559
0.0727314 0.00112443 0.591896 0.0486563 0.169093 0.000326497 9.9991E-05 0.0522232 0.0638487
0.0605882 0.0889926 0.128568 0.0659177 0.275109 0.0660941 9.9982E-05 9.9982E-05 0.314531
9.9946E-05 9.9946E-05 0.529307 9.9946E-05 0.0310404 9.9946E-05 9.9946E-05 9.9946E-05 0.439053
9.9964E-05 0.00707394 0.184379 9.9964E-05 0.0439693 0.0363707 9.9964E-05 9.9964E-05 0.727808
0.0253722 9.9982E-05 0.537708 9.9982E-05 0.134388 0.0305479 0.0300747 0.00110136 0.240609
0.0651898 0.0530059 9.9946E-05 9.9946E-05 9.9946E-05 9.9946E-05 9.9946E-05 9.9946E-05 0.881205
9.9955E-05 0.109616 9.9955E-05 0.0394129 0.00152371 9.9955E-05 9.9955E-05 9.9955E-05 0.848947
9.99371E-05 9.99371E-05 0.222157 9.99371E-05 9.99371E-05 9.99371E-05 9.99371E-05 9.99371E-05 0.777143
0.0444672 0.0792985 0.357271 9.9964E-05 9.9964E-05 0.0302463 9.9964E-05 9.9964E-05 0.488317
0.170712 9.9982E-05 0.479138 0.0872603 0.0223675 0.0729178 9.9982E-05 0.0324858 0.134918
0.0506366 9.9964E-05 0.445386 9.9964E-05 0.030364 0.0150578 9.9964E-05 9.9964E-05 0.458156
9.9964E-05 9.9964E-05 0.10628 9.9964E-05 0.107935 9.9964E-05 0.0549593 0.064576 0.66585
9.9982E-05 0.0456889 0.20019 0.0166142 0.209326 0.0137743 9.9982E-05 0.0400184 0.474188
9.9964E-05 9.9964E-05 0.537314 9.9964E-05 0.0474947 0.0737295 9.9964E-05 0.104389 0.236673
9.9973E-05 0.0536228 0.238784 9.9973E-05 0.0130228 0.0449556 0.0551769 9.9973E-05 0.594138
9.9982E-05 0.0325402 0.3711 9.9982E-05 0.0533267 0.0383236 0.00094292 0.0241313 0.479436
0.0417739 9.9955E-05 0.382862 0.0610424 9.9955E-05 9.9955E-05 9.9955E-05 9.9955E-05 0.513822
0.113958 0.0360341 9.9964E-05 0.143597 0.0244911 9.9964E-05 9.9964E-05 9.9964E-05 0.68152
0.0215756 0.110498 0.570236 9.9973E-05 0.0532781 9.9973E-05 9.9973E-05 0.0345073 0.209605
9.9955E-05 9.9955E-05 0.140688 9.9955E-05 0.0363742 0.0322113 9.9955E-05 0.790226 9.9955E-05
0.007456 9.9955E-05 0.0769874 9.9955E-05 9.9955E-05 0.0958483 9.9955E-05 0.819209 9.9955E-05
0.00472448 9.9964E-05 0.049031 9.9964E-05 9.9964E-05 0.115797 0.0637524 0.766295 9.9964E-05
0.105309 9.9955E-05 0.0287107 9.9955E-05 9.9955E-05 0.11588 9.9955E-05 0.749601 9.9955E-05
0.0748879 9.9955E-05 0.0741244 9.9955E-05 9.9955E-05 0.120377 9.9955E-05 0.730111 9.9955E-05
0.0141649 0.0230319 9.9973E-05 9.9973E-05 9.9973E-05 0.024431 0.0799119 0.830536 0.027624
0.0736282 0.000814088 0.032061 9.9973E-05 9.9973E-05 0.0157192 0.0228742 0.854603 9.9973E-05
0.0366902 0.0195817 0.528525 0.0670761 0.0215404 0.0651929 9.9991E-05 0.0627306 0.198563
0.0748604 9.9982E-05 0.475326 0.0559724 0.0392416 9.9982E-05 0.0678439 0.0149297 0.271626
9.9955E-05 9.9955E-05 9.9955E-05 0.0748141 0.0490735 9.9955E-05 9.9955E-05 0.0644104 0.811202
9.9982E-05 0.142185 0.486354 9.9982E-05 0.0432291 0.0090121 0.0639994 0.0671977 0.187823
9.9973E-05 0.0659869 0.411601 9.9973E-05 0.0524014 0.0465742 9.9973E-05 0.0255472 0.397589
9.9973E-05 9.9973E-05 0.513801 0.117868 9.9973E-05 0.0252662 0.0127097 0.0306563 0.299399
9.9964E-05 0.0282901 0.554915 0.0851808 9.9964E-05 9.9964E-05 9.9964E-05 0.0429083 0.288306
9.9973E-05 0.0758676 0.421414 9.9973E-05 9.9973E-05 0.0108493 0.0523604 0.0237085 0.4155
9.9955E-05 0.00554783 9.9955E-05 9.9955E-05 0.141306 9.9955E-05 9.9955E-05 0.106069 0.746578
0.0378576 0.126968 0.52842 0.0253787 0.0169497 0.100395 9.9991E-05 0.0871431 0.0767882
0.0442945 0.0450959 0.674851 0.0168871 0.0131051 0.0321755 9.9991E-05 0.0277813 0.14571
0.0222615 0.0517638 0.550984 0.0622958 0.117388 0.0454147 0.0512168 0.0550285 0.0436464
0.0371969 0.0293463 0.244333 0.0958127 9.9982E-05 0.0382726 0.0123717 9.9982E-05 0.542467
0.00382398 9.9964E-05 0.533358 0.0791532 9.9964E-05 0.00618834 9.9964E-05 9.9964E-05 0.377077
9.9973E-05 0.030799 0.417091 9.9973E-05 0.0189809 0.037358 9.9973E-05 0.0251626 0.470308
9.9964E-05 9.9964E-05 0.19927 0.0116617 9.9964E-05 0.0254631 0.0934008 9.9964E-05 0.669805
9.9955E-05 9.9955E-05 0.430237 9.9955E-05 0.0523708 9.9955E-05 9.9955E-05 0.0368767 0.480015
0.0753641 9.9973E-05 0.488056 0.0461302 0.149574 9.9973E-05 9.9973E-05 0.0719491 0.168627
0.0853699 9.9991E-05 0.177977 0.245401 0.297081 0.0727486 0.027399 0.0241034 0.0698199
9.9982E-05 0.068726 0.342837 9.9982E-05 0.329184 0.0251628 0.095787 0.0199714 0.118131
9.9973E-05 0.0386171 0.588828 0.146774 0.120305 0.00393775 9.9973E-05 0.101238 9.9973E-05
9.9982E-05 0.144553 0.529989 0.0369167 0.0247982 9.9982E-05 0.0969117 0.0664684 0.100163
9.9955E-05 9.9955E-05 0.454811 0.0969022 0.373229 0.0745583 9.9955E-05 9.9955E-05 9.9955E-05
0.0736171 9.9964E-05 0.572333 0.117136 0.222242 9.9964E-05 9.9964E-05 9.9964E-05 0.0142718
9.9964E-05 9.9964E-05 0.462476 0.0730245 0.383905 9.9964E-05 9.9964E-05 0.0593709 0.0208235
0.0279295 9.9982E-05 0.525729 9.9982E-05 0.1612 0.0271808 0.0387347 0.0265129 0.192513
0.16055 0.0356191 0.498903 9.9982E-05 0.189732 9.9982E-05 0.0575128 0.0056733 0.0518101
0.101565 9.9973E-05 0.510944 0.0137189 0.151977 9.9973E-05 9.9973E-05 0.0395775 0.181917
9.9964E-05 0.0741121 0.538713 0.0248289 0.353549 0.00839683 9.9964E-05 9.9964E-05 9.9964E-05
0.0391103 0.0619456 0.593336 0.0841249 0.0583799 0.00245644 0.0628827 9.9991E-05 0.0976642
0.0658334 0.0851153 0.533298 0.000424432 0.143916 0.00543544 0.0678206 0.0980567 9.9991E-05
9.9973E-05 9.9973E-05 0.615682 0.0755589 0.152081 0.0297341 0.0398569 9.9973E-05 0.0867866
0.0634446 0.0118773 0.590302 0.134475 0.161409 0.00539238 0.0162609 9.9991E-05 0.0167381
0.0353884 0.0979652 0.511238 0.0279782 0.151926 0.0601198 0.0393554 9.9991E-05 0.075929
0.122544 0.130702 0.331653 0.0787305 0.275873 0.0601973 9.9973E-05 9.9973E-05 9.9973E-05
9.9973E-05 9.9973E-05 0.632097 9.9973E-05 0.130634 0.0196364 0.0276856 0.047391 0.142256
0.0681851 9.9964E-05 0.677531 0.0989595 0.140055 9.9964E-05 9.9964E-05 0.0148695 9.9964E-05
0.0469806 0.0833465 0.17719 9.9982E-05 0.332959 9.9982E-05 0.0900989 0.00994379 0.259281
0.184638 0.0686847 0.14349 0.208665 0.297887 9.9973E-05 9.9973E-05 9.9973E-05 0.0963365
0.0247059 0.105487 0.566432 0.0083567 0.117374 0.000156741 9.9991E-05 0.0800444 0.0973431
0.127168 0.0649778 0.0365192 0.236041 0.276068 0.0185251 0.0451819 9.9991E-05 0.195419
0.00504062 9.9982E-05 0.237394 0.141313 0.416291 9.9982E-05 0.0140555 0.0138651 0.17184
9.9955E-05 9.9955E-05 0.504276 0.00985629 0.34216 9.9955E-05 9.9955E-05 9.9955E-05 0.143208
9.9982E-05 0.0229823 0.321228 0.0331986 0.379478 0.0283738 9.9982E-05 0.019144 0.195395
9.9973E-05 0.111773 0.246295 0.0598702 0.435667 9.9973E-05 0.0388012 9.9973E-05 0.107293
9.9982E-05 0.0741366 0.55315 9.9982E-05 0.132605 0.0169467 0.0402677 0.036693 0.146001
0.0435899 9.9982E-05 0.528033 9.9982E-05 0.098033 0.0250108 0.0271052 0.0945887 0.183439
0.0373571 9.9973E-05 0.581638 0.039295 0.189376 9.9973E-05 9.9973E-05 0.0638967 0.0881375
0.168507 0.0584001 0.0834708 0.13267 0.314709 9.9982E-05 0.0402511 9.9982E-05 0.201791
9.9991E-05 0.134307 0.380461 0.0584725 0.0325022 0.0247348 0.0235264 0.201696 0.1442
0.0339938 0.173733 0.348824 0.0735068 0.0820392 9.9991E-05 0.110921 0.0644646 0.112419
0.264814 0.341163 9.9973E-05 0.0756157 0.064401 9.9973E-05 9.9973E-05 0.0849251 0.168781
9.9964E-05 0.0136981 0.674058 0.056685 9.9964E-05 9.9964E-05 9.9964E-05 0.132943 0.122216
0.214573 0.123342 0.316177 0.106339 0.0529397 9.9982E-05 9.9982E-05 0.033866 0.152564
0.179343 0.0248925 0.459208 0.0663096 0.0255938 0.0535692 0.0333759 0.0343237 0.123385
0.217727 0.31773 0.257263 9.9982E-05 0.00255073 0.00605476 9.9982E-05 0.037633 0.160841
0.0885729 0.369944 0.146885 0.122357 0.153892 0.00399245 9.9991E-05 0.0528521 0.0614044
0.0999822 0.154409 0.383741 0.124312 0.126727 0.0122165 9.9982E-05 9.9982E-05 0.0984128
0.0845815 0.0830808 0.509603 0.0612005 0.124534 0.00652616 0.0609998 0.0297559 0.0397191
0.155362 0.123623 0.377892 9.9982E-05 0.0575076 9.9982E-05 0.0429953 0.10694 0.135481
0.213352 0.215467 9.9982E-05 0.0776315 0.096197 0.00998548 0.11334 9.9982E-05 0.273827
0.076048 0.1001 0.535342 0.0598586 0.110672 0.0526687 0.00336333 0.0570261 0.00492116
0.056945 0.338067 0.279854 9.9964E-05 0.0697996 9.9964E-05 9.9964E-05 9.9964E-05 0.254934
9.9973E-05 0.269484 0.365192 0.162188 0.06272 0.000653968 9.9973E-05 9.9973E-05 0.139462
0.00308651 0.0359356 0.527249 0.116012 0.0308212 0.0977297 9.9991E-05 0.0806924 0.108373
0.0819077 0.276449 0.125974 9.9973E-05 9.9973E-05 0.0666551 0.173179 0.275536 9.9973E-05
0.420308 0.0890529 9.9964E-05 9.9964E-05 9.9964E-05 0.0374118 0.0989395 0.353888 9.9964E-05
0.568132 0.0891388 9.9964E-05 9.9964E-05 9.9964E-05 0.00371623 0.0685624 0.27005 9.9964E-05
0.187127 0.141213 0.0348682 9.9982E-05 0.00700212 0.0267085 0.294607 0.308275 9.9982E-05
0.04735 0.253508 0.562294 0.00469293 9.9982E-05 0.00501843 0.00246593 9.9982E-05 0.124471
9.9982E-05 0.223494 0.525078 0.0430898 9.9982E-05 0.0555499 0.0522261 0.0603809 0.0399807
9.9946E-05 9.9946E-05 0.314983 9.9946E-05 9.9946E-05 0.00106306 0.683354 9.9946E-05 9.9946E-05
9.9964E-05 9.9964E-05 0.303826 9.9964E-05 0.11083 0.0908772 0.44488 9.9964E-05 0.049187
9.9982E-05 9.9982E-05 0.305652 0.036153 0.0726481 0.010627 0.432935 0.11414 0.0276448
0.072365 0.519941 0.178162 0.161084 9.9973E-05 0.0107251 9.9973E-05 9.9973E-05 0.0574229
0.0540116 0.16814 0.50533 0.0600992 0.0671447 0.00346809 9.9991E-05 0.0383055 0.103402
0.14722 0.526288 0.107044 0.143345 9.9964E-05 9.9964E-05 9.9964E-05 9.9964E-05 0.0757029
0.0485056 0.277387 0.577139 0.0484808 0.00302732 9.9991E-05 0.0170884 0.0217875 0.00648487
0.0484983 0.249361 0.403541 0.176366 0.0309606 9.9982E-05 9.9982E-05 0.02625 0.0648229
0.037025 0.216414 0.493079 0.0430948 0.00777519 9.9991E-05 0.0779595 0.00273177 0.121821
0.0702195 0.527977 0.0905067 0.138804 0.067395 9.9982E-05 0.00285586 9.9982E-05 0.102042
0.00464904 0.0783249 0.539817 0.083393 9.9982E-05 9.9982E-05 0.0684299 0.0848233 0.140363
9.9973E-05 0.309401 0.475389 0.048063 9.9973E-05 0.0609849 0.0730589 0.0328037 9.9973E-05
9.9946E-05 9.9946E-05 9.9946E-05 0.0715529 9.9946E-05 9.9946E-05 0.924612 9.9946E-05 0.0032353
9.9955E-05 0.00626724 0.0357392 9.9955E-05 0.0420993 9.9955E-05 0.915394 9.9955E-05 9.9955E-05
9.9982E-05 0.050785 0.236769 9.9982E-05 0.0256859 0.0237236 0.556749 0.0566754 0.0494127
9.9964E-05 9.9964E-05 0.321366 9.9964E-05 0.0357705 0.00962605 0.601829 0.0310086 9.9964E-05
9.9973E-05 0.0129148 0.116911 0.00525598 9.9973E-05 9.9973E-05 0.807133 0.00217492 0.0553103
9.993E-05 9.993E-05 9.993E-05 9.993E-05 9.993E-05 9.993E-05 0.999201 9.993E-05 9.993E-05
9.9946E-05 9.9946E-05 9.9946E-05 9.9946E-05 0.047835 9.9946E-05 0.9451 0.00646564 9.9946E-05
9.9946E-05 9.9946E-05 0.126253 9.9946E-05 9.9946E-05 0.0073061 0.865841 9.9946E-05 9.9946E-05
9.9946E-05 9.9946E-05 0.0221306 9.9946E-05 0.0172353 9.9946E-05 0.960034 9.9946E-05 9.9946E-05
9.993E-05 9.993E-05 9.993E-05 9.993E-05 9.993E-05 9.993E-05 0.999201 9.993E-05 9.993E-05
9.9946E-05 9.9946E-05 9.9946E-05 9.9946E-05 9.9946E-05 0.0486024 0.943957 0.00684045 9.9946E-05
9.9982E-05 0.0148015 0.12003 0.00453651 0.0225538 0.0443572 0.783847 9.9982E-05 0.00967409
0.0563968 0.0183841 0.0642554 9.9964E-05 0.0439315 9.9964E-05 0.816632 9.9964E-05 9.9964E-05
9.9946E-05 9.9946E-05 9.9946E-05 9.9946E-05 9.9946E-05 0.0115961 0.967329 9.9946E-05 0.020475
0.0305251 0.0964983 0.377332 9.9982E-05 0.0382323 9.9982E-05 0.406037 0.0203088 0.0308674
9.9982E-05 0.0396619 0.159384 0.0096261 0.0498254 0.0532284 0.670004 0.0180695 9.9982E-05
0.0632763 9.9964E-05 0.199405 9.9964E-05 0.0172659 0.037554 0.682099 9.9964E-05 9.9964E-05
9.9955E-05 9.9955E-05 0.083329 9.9955E-05 0.0069783 0.0214172 0.887776 9.9955E-05 9.9955E-05
0.025876 9.9964E-05 0.0224895 9.9964E-05 9.9964E-05 0.00678162 0.939758 0.00469533 9.9964E-05
0.0371341 9.9964E-05 0.00444099 0.0437443 9.9964E-05 0.0208457 0.893435 9.9964E-05 9.9964E-05
9.9937E-05 9.9937E-05 9.9937E-05 9.9937E-05 9.9937E-05 0.0220955 0.977205 9.9937E-05 9.9937E-05
9.9973E-05 9.9973E-05 0.228841 0.0700453 0.0360701 9.9973E-05 0.558788 0.0951083 0.0108475
9.9964E-05 9.9964E-05 0.00665187 0.0256495 9.9964E-05 9.9964E-05 0.891909 0.020526 0.0548633
0.281635 0.399061 9.9955E-05 0.0873693 9.9955E-05 9.9955E-05 9.9955E-05 0.231435 9.9955E-05
0.0287246 0.219635 0.424381 9.9991E-05 0.0806269 0.0724635 0.0173252 0.156443 0.000300788
0.109881 0.161627 0.439122 9.9973E-05 9.9973E-05 0.00770131 0.0263715 0.254997 9.9973E-05
0.215226 0.454648 0.0953613 0.0132392 9.9982E-05 0.0370978 0.0640312 0.120197 9.9982E-05
0.0582107 0.160395 0.4187 0.0403986 9.9982E-05 9.9982E-05 0.16566 0.097641 0.0587944
0.248215 0.21901 0.125282 0.059606 9.9991E-05 0.0534633 0.0935834 0.113183 0.0875575
0.113536 0.173447 0.387626 9.9982E-05 0.14005 0.0174478 0.0504245 0.117269 9.9982E-05
0.206779 0.335828 0.22359 9.9973E-05 9.9973E-05 9.9973E-05 0.156655 0.0544339 0.0224141
0.0606184 0.2387 0.329385 0.0462007 0.00452913 0.0779598 0.170135 0.0723725 9.9991E-05
0.179047 0.367043 0.246741 9.9973E-05 9.9973E-05 0.0608132 0.144534 0.00152196 9.9973E-05
9.9964E-05 0.26642 0.447475 9.9964E-05 9.9964E-05 0.0511589 0.07046 0.164086 9.9964E-05
9.9964E-05 0.0589054 0.00894784 0.0249287 0.0575874 9.9964E-05 9.9964E-05 0.849231 9.9964E-05
0.0924185 9.9955E-05 9.9955E-05 9.9955E-05 9.9955E-05 0.0689868 0.0679503 0.770145 9.9955E-05
0.0783782 9.9946E-05 9.9946E-05 9.9946E-05 9.9946E-05 0.0716224 9.9946E-05 0.8494 9.9946E-05
0.0953283 9.9964E-05 0.00771063 9.9964E-05 0.00891191 0.0558479 9.9964E-05 0.831801 9.9964E-05
0.0775919 9.9964E-05 9.9964E-05 9.9964E-05 0.0217775 0.14633 0.0372131 0.716688 9.9964E-05
0.0865101 9.9955E-05 9.9955E-05 9.9955E-05 9.9955E-05 0.0678162 0.0699395 0.775234 9.9955E-05
0.070408 9.9964E-05 0.0105367 9.9964E-05 9.9964E-05 0.0699062 0.0573988 0.791351 9.9964E-05
0.0553503 9.9973E-05 0.0214145 0.0903057 0.00151734 0.0555104 9.9973E-05 0.775602 9.9973E-05
0.0272789 9.9955E-05 0.0812761 9.9955E-05 9.9955E-05 0.0483242 9.9955E-05 0.842621 9.9955E-05
0.0785878 9.9964E-05 0.0417214 9.9964E-05 9.9964E-05 0.00909839 0.0720261 0.798166 9.9964E-05
9.9964E-05 9.9964E-05 9.9964E-05 0.102734 0.203966 0.0704188 9.9964E-05 0.568105 0.0543764
0.0140355 9.9973E-05 9.9973E-05 0.0394261 0.286976 0.0323221 9.9973E-05 0.567969 0.0589718
0.0828889 9.9973E-05 9.9973E-05 0.066685 0.249998 0.0243592 9.9973E-05 0.49167 0.0840986
9.9964E-05 0.145756 9.9964E-05 0.00871517 0.255846 9.9964E-05 9.9964E-05 0.495471 0.093812
9.9973E-05 0.108811 0.446738 9.9973E-05 0.0750083 9.9973E-05 0.0395433 0.0956456 0.233953
9.9982E-05 0.0355106 0.497658 0.0350456 0.0647189 0.0120205 0.036435 9.9982E-05 0.318411
9.9982E-05 0.0991503 0.563875 9.9982E-05 0.146883 0.00465771 0.011979 0.0432251 0.130029
0.0465548 0.0321536 0.358008 0.0440984 0.162172 0.0365007 9.9982E-05 9.9982E-05 0.320312
9.9955E-05 0.132136 0.180441 9.9955E-05 0.499459 9.9955E-05 9.9955E-05 9.9955E-05 0.187465
9.9973E-05 0.00600201 0.61403 0.0845229 0.0324559 9.9973E-05 9.9973E-05 0.0318999 0.23079
0.0147576 9.9955E-05 0.556898 9.9955E-05 0.0641669 9.9955E-05 9.9955E-05 9.9955E-05 0.363677
0.0472666 0.171124 0.413606 9.9982E-05 0.0519353 0.0161997 9.9982E-05 0.00572537 0.293943
9.9955E-05 0.147407 0.202802 9.9955E-05 9.9955E-05 9.9955E-05 0.122583 9.9955E-05 0.526707
0.0431775 0.0457222 0.593529 0.012918 0.118338 9.9982E-05 9.9982E-05 0.0940289 0.0920865
9.9964E-05 9.9964E-05 0.425675 9.9964E-05 0.14884 0.00835264 9.9964E-05 0.0356589 0.381074
9.9964E-05 0.0540762 9.9964E-05 0.180147 0.0344485 0.0165333 9.9964E-05 9.9964E-05 0.714395
0.0472056 0.0379293 0.46355 9.9982E-05 0.0869637 0.0408407 0.0275993 9.9982E-05 0.295711
0.114836 0.0304131 0.223633 0.0929772 9.9964E-05 9.9964E-05 9.9964E-05 9.9964E-05 0.537741
0.0330228 9.9973E-05 0.533111 0.0472751 0.0141481 0.0299501 9.9973E-05 9.9973E-05 0.342193
9.9955E-05 9.9955E-05 0.107102 9.9955E-05 0.158879 9.9955E-05 9.9955E-05 0.053124 0.680395
9.9946E-05 0.312119 9.9946E-05 9.9946E-05 0.560858 9.9946E-05 9.9946E-05 0.126423 9.9946E-05
9.9946E-05 0.313685 9.9946E-05 9.9946E-05 0.579629 9.9946E-05 9.9946E-05 0.106087 9.9946E-05
9.9955E-05 0.275338 9.9955E-05 9.9955E-05 0.68014 0.0086168 9.9955E-05 0.0354049 9.9955E-05
9.9946E-05 0.240607 9.9946E-05 9.9946E-05 0.675936 9.9946E-05 9.9946E-05 0.0828579 9.9946E-05
9.9964E-05 0.253548 0.0230541 9.9964E-05 0.684448 0.00479309 0.0337573 9.9964E-05 9.9964E-05
9.9964E-05 0.0943341 0.0725091 9.9964E-05 0.731524 9.9964E-05 0.0605314 0.0407015 9.9964E-05
9.9964E-05 9.9964E-05 0.0530867 0.00155749 9.9964E-05 0.0628847 0.0668758 0.815195 9.9964E-05
0.046107 9.9973E-05 0.0629288 9.9973E-05 0.0456207 0.0203068 0.0450863 0.779651 9.9973E-05
9.9955E-05 9.9955E-05 0.15214 9.9955E-05 9.9955E-05 0.0376125 0.0554609 0.754286 9.9955E-05
9.9964E-05 9.9964E-05 0.0257194 9.9964E-05 0.0751954 0.0346913 0.151897 0.712097 9.9964E-05
0.0269721 9.9964E-05 0.0473126 9.9964E-05 0.0569062 9.9964E-05 0.112855 0.755554 9.9964E-05
9.9964E-05 0.117889 9.9964E-05 9.9964E-05 0.453903 0.0366925 9.9964E-05 0.352033 0.0390828
9.9964E-05 0.027155 9.9964E-05 0.0889202 0.328894 9.9964E-05 9.9964E-05 0.504026 0.0506043
9.9964E-05 9.9964E-05 9.9964E-05 0.0329005 0.389711 0.0186896 9.9964E-05 0.465602 0.0926975
9.993E-05 9.993E-05 9.993E-05 9.993E-05 9.993E-05 0.999201 9.993E-05 9.993E-05 9.993E-05
9.9973E-05 0.0404153 9.9973E-05 0.0561761 0.414587 0.00252007 9.9973E-05 0.384631 0.101371
0.247364 9.9964E-05 0.361578 0.0154881 9.9964E-05 9.9964E-05 0.234478 0.140692 9.9964E-05
0.0192631 9.9982E-05 0.570519 0.0665707 0.0670896 0.0117333 0.137827 0.126798 9.9982E-05
0.0414533 9.9964E-05 0.54548 9.9964E-05 9.9964E-05 0.0336638 0.222449 0.156554 9.9964E-05
0.120827 0.0868551 0.299097 9.9991E-05 0.0254358 0.0165848 0.21341 0.18572 0.051969
0.118908 9.9991E-05 0.537214 0.0728217 0.0634738 0.0590157 0.0971755 0.0221977 0.0290939
0.345458 0.0682843 9.9955E-05 9.9955E-05 9.9955E-05 9.9955E-05 0.233054 0.352704 9.9955E-05
9.9964E-05 0.0329263 0.420117 0.18874 0.275179 9.9964E-05 9.9964E-05 9.9964E-05 0.0826375
0.178685 0.0787132 0.327037 0.182391 0.166626 9.9973E-05 9.9973E-05 9.9973E-05 0.0662478
0.0174395 9.9982E-05 0.280831 0.0133613 0.420023 0.0273568 9.9982E-05 0.091358 0.149431
0.0949866 9.9964E-05 0.47538 0.266862 0.160677 9.9964E-05 9.9964E-05 9.9964E-05 0.00169506
0.192802 9.9955E-05 9.9955E-05 0.390957 0.199225 9.9955E-05 9.9955E-05 9.9955E-05 0.216517
0.15399 0.138064 0.537207 9.9991E-05 0.0811132 0.0426264 0.0181222 0.00713405 0.0216432
0.117401 9.9982E-05 0.474311 0.125097 0.2114 0.0135074 9.9982E-05 0.00696424 0.0511193
9.9973E-05 9.9973E-05 0.395291 0.0354418 0.447612 0.035951 9.9973E-05 0.025217 0.0601879
0.0205619 0.0111173 0.612651 0.0764801 0.123227 0.0476175 9.9991E-05 0.0521505 0.0560946
0.213264 0.0888537 0.098423 0.113366 0.207035 9.9973E-05 9.9973E-05 9.9973E-05 0.278759
0.0699297 0.168638 0.383526 0.137623 0.147582 9.9991E-05 0.0198635 0.0174286 0.0553093
0.0289406 0.00875918 0.532949 9.9973E-05 0.239007 0.0129282 9.9973E-05 9.9973E-05 0.177117
0.0484482 0.0655071 0.273549 9.9973E-05 9.9973E-05 9.9973E-05 0.260786 0.117323 0.234087
0.0663516 0.0416036 0.347635 0.20777 0.204966 9.9973E-05 9.9973E-05 9.9973E-05 0.131374
0.0573993 0.0691258 0.355157 0.108494 0.345479 9.9991E-05 0.00486253 0.00242437 0.0569583
0.0391353 0.169511 0.50408 0.156101 0.110628 9.9973E-05 0.0202448 9.9973E-05 9.9973E-05
0.0901355 0.000981914 0.558106 0.125258 0.165164 9.9973E-05 9.9973E-05 9.9973E-05 0.0600552
0.0602466 0.0691036 0.601889 0.14369 0.0881281 0.00326139 0.0321703 9.9991E-05 0.00141088
0.0507415 9.9991E-05 0.544182 0.023329 0.180259 0.0564255 0.0801844 0.0300953 0.0346841
0.135745 9.9973E-05 0.564854 0.051567 0.201358 0.0162816 9.9973E-05 9.9973E-05 0.0298939
9.9946E-05 9.9946E-05 0.141638 9.9946E-05 9.9946E-05 9.9946E-05 0.0652586 0.792504 9.9946E-05
9.9946E-05 9.9946E-05 0.112225 0.0454524 9.9946E-05 9.9946E-05 9.9946E-05 0.841723 9.9946E-05
9.9964E-05 9.9964E-05 0.0734731 0.0999951 0.0395101 9.9964E-05 0.00740222 0.77922 9.9964E-05
9.9973E-05 9.9973E-05 0.0250604 0.0289186 9.9973E-05 0.00454908 0.00903477 0.831786 0.100352
9.9955E-05 9.9955E-05 0.152621 9.9955E-05 9.9955E-05 0.0248191 0.000688065 0.821372 9.9955E-05
0.105063 9.9973E-05 0.19351 0.00382131 0.550734 9.9973E-05 0.0397922 9.9973E-05 0.106779
0.0939348 9.9982E-05 0.488718 0.0987903 0.106641 0.0572164 0.0291017 9.9982E-05 0.125398
0.0361197 0.12529 0.345671 9.9991E-05 0.0380381 0.00376759 0.216704 0.196258 0.0380519
0.0819485 9.9964E-05 0.664833 9.9964E-05 0.172377 0.0312815 9.9964E-05 9.9964E-05 0.0491599
0.0800047 9.9973E-05 0.560839 9.9973E-05 0.208265 0.000255931 9.9973E-05 0.00283366 0.147501
0.18824 9.9964E-05 0.40628 0.142667 0.246975 9.9964E-05 9.9964E-05 9.9964E-05 0.0154373
0.190267 9.9964E-05 9.9964E-05 9.9964E-05 0.535207 0.031368 9.9964E-05 0.0301205 0.212638
9.9982E-05 0.0468441 0.513361 0.048117 0.252757 0.0180724 9.9982E-05 0.0225574 0.0980906
0.0223075 9.9991E-05 0.172694 0.214094 0.481353 0.0424167 0.0180554 0.0412552 0.00772438
0.0812144 0.0773115 0.46418 0.0789308 0.206977 9.9982E-05 9.9982E-05 0.0102568 0.0809298
0.0701557 9.9973E-05 0.142457 0.0753332 0.540262 9.9973E-05 9.9973E-05 0.121484 0.0500076
9.9982E-05 0.0328056 0.579739 9.9982E-05 0.169638 0.0242025 0.0674135 0.0790115 0.0469898
0.0363267 9.9982E-05 0.187755 0.131846 0.523472 0.0218451 9.9982E-05 0.0494905 0.0490637
0.0215515 0.141966 0.298347 0.163537 0.298984 0.0152654 0.0601492 9.9982E-05 9.9982E-05
0.0403045 0.241627 0.427147 9.9982E-05 0.105766 9.9982E-05 0.0478228 0.067681 0.0694518
0.0601177 0.490337 0.185955 0.156907 0.0834462 9.9982E-05 9.9982E-05 0.0160241 0.00701254
0.0149456 0.315772 0.507084 0.0018809 9.9973E-05 9.9973E-05 9.9973E-05 0.0232364 0.136782
0.0525754 0.274598 0.464778 0.0356377 9.9991E-05 0.0524594 0.0100475 0.0759302 0.0338738
0.0205097 0.598596 0.235234 0.0893671 0.0302133 9.9973E-05 9.9973E-05 9.9973E-05 0.02578
0.0371119 0.142995 0.396497 0.113558 0.047912 9.9991E-05 0.0591373 0.104947 0.097742
0.139754 0.127643 0.466347 0.14367 9.9982E-05 0.0565801 9.9982E-05 0.0206085 0.0451972
0.0543666 0.667697 9.9955E-05 0.201906 9.9955E-05 9.9955E-05 9.9955E-05 9.9955E-05 0.0755308
0.161601 0.529928 0.134185 0.109473 9.9964E-05 9.9964E-05 9.9964E-05 9.9964E-05 0.0644128
0.0575283 0.563603 0.321895 0.0471252 9.9964E-05 0.00944854 9.9964E-05 9.9964E-05 9.9964E-05
0.0113647 0.591879 0.051359 0.113448 0.0819754 9.9973E-05 9.9973E-05 9.9973E-05 0.149674
0.00439761 0.356917 0.379716 9.9964E-05 0.139089 9.9964E-05 9.9964E-05 9.9964E-05 0.11948
0.0998525 9.9973E-05 0.0895385 9.9973E-05 0.575529 0.0121197 0.0128552 9.9973E-05 0.209805
0.0391972 9.9964E-05 0.236021 0.298601 0.274843 9.9964E-05 9.9964E-05 9.9964E-05 0.150939
9.9964E-05 9.9964E-05 0.389882 0.0382726 0.397174 9.9964E-05 0.0758196 9.9964E-05 0.0984526
0.0723761 0.092491 0.68194 9.9973E-05 0.0961508 9.9973E-05 0.00607732 0.0506644 9.9973E-05
0.020926 0.00067609 0.245663 9.9973E-05 0.437124 0.0227317 9.9973E-05 9.9973E-05 0.272579
0.0806163 0.0292356 0.512394 0.120213 0.115137 0.00495392 9.9991E-05 0.0374218 0.0999277
0.077657 0.0421606 0.550587 9.9982E-05 0.144635 0.0409935 0.101589 9.9982E-05 0.0421777
0.0420824 9.9964E-05 0.491677 9.9964E-05 0.237942 9.9964E-05 0.0669445 9.9964E-05 0.160954
0.0349313 9.9973E-05 0.488438 0.127079 0.310226 0.0328625 0.00616308 9.9973E-05 9.9973E-05
0.0058009 0.0450169 0.313088 9.9991E-05 0.310687 0.0280876 0.0887322 0.0341827 0.174305
9.9964E-05 9.9964E-05 0.226198 9.9964E-05 0.462197 0.0151888 0.0774981 9.9964E-05 0.218518
0.0163539 0.0395995 0.248842 0.0107813 0.456743 9.9982E-05 0.108223 9.9982E-05 0.119257
0.000727314 0.0383909 0.658987 0.0395163 0.261274 0.000804229 9.9973E-05 9.9973E-05 9.9973E-05
0.104752 0.0131784 0.630394 9.9973E-05 0.132956 0.0482761 9.9973E-05 9.9973E-05 0.0701436
0.161677 9.9973E-05 0.371103 0.0607566 0.202551 0.0428305 9.9973E-05 9.9973E-05 0.160783
0.130174 9.99551E-05 0.562611 0.112591 0.194124 9.99551E-05 9.99551E-05 9.99551E-05 9.99551E-05
0.0795737 0.121928 0.378949 9.9982E-05 0.361068 0.023776 0.0243996 0.0101062 9.9982E-05
9.9973E-05 0.03313 0.635024 0.0309352 0.258543 9.9973E-05 9.9973E-05 0.0115377 0.03053
9.9982E-05 0.00703451 0.510214 0.0839151 0.252438 0.0197874 0.096303 0.030108 9.9982E-05
9.9991E-05 0.106559 0.505258 0.0732041 0.11889 0.0315273 0.0235799 0.112186 0.0286968
0.098213 0.0501444 0.420049 9.9982E-05 0.00259588 0.0543029 0.0160539 0.358441 9.9982E-05
0.177285 9.9964E-05 0.449484 9.9964E-05 9.9964E-05 9.9964E-05 0.206752 0.0611879 0.104892
0.139753 0.0119607 0.520916 0.0159258 9.9991E-05 0.0420593 0.0547917 0.132574 0.0819194
0.0938688 0.0143671 0.639935 0.0401496 0.0814098 0.040381 0.0138314 0.0310321 0.0450255
0.0627835 9.9982E-05 0.453296 9.9982E-05 0.00680215 0.0420964 0.20438 0.162723 0.0677199
9.9982E-05 0.153558 0.423226 0.193977 0.192495 0.00985572 0.00757288 9.9982E-05 0.0191162
0.0463541 0.0282531 0.499799 9.9991E-05 0.0779343 0.0592335 0.0719833 0.185386 0.0309567
0.407343 0.116964 0.0204019 0.0305735 0.0790028 9.9991E-05 0.0673166 0.0891633 0.189135
0.0635533 0.0391949 0.4172 9.9991E-05 0.110399 0.0586482 0.187563 0.035024 0.0883169
0.103508 0.0789067 0.574641 9.9991E-05 0.0123081 0.0476597 0.108403 0.0558499 0.0186239
0.0423003 9.9991E-05 0.454749 0.0786217 0.0490021 0.0548946 0.239468 0.0184005 0.0624643
0.172309 0.0462739 0.311768 9.9991E-05 0.102613 0.0546061 0.0823393 0.099835 0.130156
0.177876 9.9973E-05 0.580763 0.00743224 0.0213689 9.9973E-05 0.0388236 0.173436 9.9973E-05
0.128944 9.9982E-05 0.591254 0.00644321 0.0257951 0.089168 0.145885 0.0123114 9.9982E-05
0.576371 9.9964E-05 9.9964E-05 9.9964E-05 9.9964E-05 0.0332365 0.10297 0.257076 0.0299464
0.0480906 9.9973E-05 0.48847 0.0889102 9.9973E-05 0.0672183 0.231405 0.0756058 9.9973E-05
0.10164 0.0285388 0.594667 9.9982E-05 0.0492898 0.00938996 0.0699746 0.1463 9.9982E-05
0.0172329 0.140465 0.428982 0.0237636 0.0734517 0.0387201 0.18079 0.0796684 0.0169261
0.164734 9.9955E-05 0.59298 9.9955E-05 9.9955E-05 9.9955E-05 0.0883743 0.153412 9.9955E-05
9.9982E-05 0.0849999 0.419575 0.096984 0.0710486 0.0284581 0.16869 0.130044 9.9982E-05
9.9973E-05 9.9973E-05 0.456766 0.35471 9.9973E-05 0.0490166 0.0223184 0.0625252 0.0543641
9.9991E-05 0.0778122 0.458463 0.239714 0.0937377 0.00762078 0.027238 0.0860181 0.00929622
9.9955E-05 0.0487277 9.9955E-05 0.835467 0.042684 9.9955E-05 9.9955E-05 9.9955E-05 0.0726217
9.99459E-05 0.00902839 9.99459E-05 0.898978 0.0913941 9.99459E-05 9.99459E-05 9.99459E-05 9.99459E-05
9.9991E-05 0.0554491 0.34471 0.422835 0.0126089 0.0256304 0.0729024 0.0352213 0.0305435
0.105622 0.0128777 0.473911 0.0693523 0.0373979 9.9982E-05 0.182264 0.118376 9.9982E-05
0.0889693 9.9973E-05 0.300602 0.183837 9.9973E-05 0.0310764 0.358718 0.0364977 9.9973E-05
0.155219 9.9973E-05 0.146317 0.17995 9.9973E-05 9.9973E-05 0.322755 0.184682 0.0107769
0.0858867 0.00346053 0.319375 0.235708 9.9982E-05 0.0245347 0.205681 0.125154 9.9982E-05
0.20175 9.9973E-05 0.0365277 0.681783 9.9973E-05 0.0103751 0.0421195 0.0271448 9.9973E-05
0.106797 9.9964E-05 0.068176 0.705487 9.9964E-05 0.0673223 0.051818 9.9964E-05 9.9964E-05
9.9946E-05 9.9946E-05 0.525285 0.390509 9.9946E-05 9.9946E-05 0.0836066 9.9946E-05 9.9946E-05
0.0266098 9.9964E-05 0.403261 0.435376 9.9964E-05 9.9964E-05 0.0819337 0.052419 9.9964E-05
9.9964E-05 9.9964E-05 0.132157 0.688793 9.9964E-05 0.0688187 0.088291 0.0215399 9.9964E-05
0.0134788 9.9982E-05 0.520705 0.265869 0.0516118 0.0179558 0.0569332 0.0732469 9.9982E-05
0.0196114 9.9955E-05 0.433693 0.362614 9.9955E-05 9.9955E-05 0.183582 9.9955E-05 9.9955E-05
0.0140236 0.119254 0.415515 0.228863 0.0106835 0.0228766 0.151808 0.0368761 9.9991E-05
9.9973E-05 0.0720439 0.279503 0.513911 0.0388477 9.9973E-05 9.9973E-05 0.0217183 0.0736764
9.9982E-05 0.109441 0.335102 0.409159 0.0165755 0.0240809 0.0241182 9.9982E-05 0.0813225
0.0209865 0.0341041 0.457196 0.307224 0.0962682 0.0497107 0.00884915 9.9991E-05 0.0255614
9.9973E-05 0.135816 0.353987 0.377857 0.0840367 9.9973E-05 0.00648095 0.0415233 9.9973E-05
0.124373 9.9982E-05 0.520367 0.131321 0.0866457 0.0376684 0.0661485 0.0332763 9.9982E-05
0.0582126 0.0791192 0.457728 0.343652 0.0579138 9.9973E-05 9.9973E-05 0.00307428 9.9973E-05
9.9955E-05 0.152934 0.160201 0.640194 0.0461717 9.9955E-05 9.9955E-05 9.9955E-05 9.9955E-05
9.9964E-05 0.0211109 0.595172 0.332348 9.9964E-05 9.9964E-05 9.9964E-05 0.0410419 0.00992734
9.9946E-05 0.074558 0.177332 0.747511 9.9946E-05 9.9946E-05 9.9946E-05 9.9946E-05 9.9946E-05
9.9973E-05 0.0451574 0.390305 0.513412 9.9973E-05 0.0378166 0.0114732 0.00153582 9.9973E-05
0.0189094 9.9982E-05 0.594882 0.158321 0.0810413 0.0218383 9.9982E-05 0.0337471 0.0910612
9.9973E-05 9.9973E-05 0.321844 0.354449 9.9973E-05 0.0774772 0.073142 0.0156949 0.157093
0.00166452 0.187683 0.480566 0.0701545 0.0201564 0.00664664 0.181785 0.0512439 9.9991E-05
0.112965 9.9982E-05 0.387081 0.190012 0.113332 0.034144 0.0689422 0.0933241 9.9982E-05
0.058602 0.12585 0.220928 0.0563062 0.0172366 0.0166383 0.351598 0.0722762 0.0805651
0.0978563 0.0584305 0.297042 0.0928468 0.0767549 0.0885881 0.212772 0.0606212 0.0150884
0.00208921 0.105432 0.381467 0.0394243 0.101063 9.9991E-05 0.167845 0.179489 0.0230909
9.9982E-05 0.0787515 0.414119 0.170732 9.9982E-05 0.0204118 0.158135 0.142357 0.0152935
0.0458334 0.0722322 9.9964E-05 0.583185 9.9964E-05 9.9964E-05 0.107472 0.190877 9.9964E-05
9.9973E-05 0.0842356 0.5882 0.0610631 9.9973E-05 0.0352254 0.161295 0.0696809 9.9973E-05
0.192252 9.9955E-05 9.9955E-05 0.429681 9.9955E-05 9.9955E-05 0.0598062 0.317762 9.9955E-05
9.9955E-05 9.9955E-05 0.460903 0.265048 9.9955E-05 9.9955E-05 0.194981 0.0785683 9.9955E-05
9.9946E-05 0.0188981 9.9946E-05 0.773318 9.9946E-05 9.9946E-05 9.9946E-05 9.9946E-05 0.207184
9.9964E-05 0.0172878 9.9964E-05 0.866598 0.00246436 0.0182698 9.9964E-05 9.9964E-05 0.0949801
9.9955E-05 9.9955E-05 0.437813 0.433586 9.9955E-05 0.0407541 9.9955E-05 9.9955E-05 0.0873473
9.9955E-05 9.9955E-05 0.536938 0.41948 0.0215136 0.0215685 9.9955E-05 9.9955E-05 9.9955E-05
9.9955E-05 9.9955E-05 0.300537 0.61402 0.00761189 9.9955E-05 9.9955E-05 9.9955E-05 0.0773314
9.9964E-05 9.9964E-05 0.509846 0.441772 0.0361816 9.9964E-05 9.9964E-05 0.00967277 0.00212774
9.9937E-05 9.9937E-05 0.537094 0.462206 9.9937E-05 9.9937E-05 9.9937E-05 9.9937E-05 9.9937E-05
9.9973E-05 9.9973E-05 0.111551 0.0734476 0.00755448 0.0757598 0.0440604 0.687327 9.9973E-05
9.9973E-05 0.0553691 9.9973E-05 0.0599719 0.0756093 0.0559529 0.0975544 0.655243 9.9973E-05
0.000555506 9.9964E-05 9.9964E-05 9.9964E-05 0.0466148 0.0438235 0.0701963 0.83841 9.9964E-05
9.9946E-05 9.9946E-05 9.9946E-05 0.035469 9.9946E-05 0.16288 9.9946E-05 0.801052 9.9946E-05
0.00816283 9.9982E-05 0.455794 9.9982E-05 0.0329904 0.0417906 0.0190353 0.0116154 0.430411
0.0349116 9.9964E-05 0.505374 9.9964E-05 0.0159299 9.9964E-05 9.9964E-05 0.111494 0.331891
9.9955E-05 9.9955E-05 0.39374 9.9955E-05 9.9955E-05 0.00758991 0.0211295 9.9955E-05 0.57704
0.0113799 0.0594668 0.516606 0.00411759 0.00205489 0.0864649 0.0500768 0.0470732 0.22276
9.9973E-05 0.28611 0.342852 9.9973E-05 0.0286764 9.9973E-05 0.124163 0.0747998 0.1431
9.9973E-05 0.163539 0.170906 9.9973E-05 0.0471466 9.9973E-05 0.0362142 0.0142236 0.567671
9.9955E-05 9.9955E-05 0.57471 9.9955E-05 9.9955E-05 9.9955E-05 0.0299003 0.0193098 0.37558
9.9964E-05 0.194283 0.296366 0.0859214 9.9964E-05 0.0270356 9.9964E-05 9.9964E-05 0.395994
0.0139446 0.0701643 0.433115 0.0445887 0.0305977 9.9982E-05 0.121521 0.285869 9.9982E-05
0.0369596 0.0218477 0.358599 0.115502 0.0349118 9.9982E-05 0.0691157 9.9982E-05 0.362864
9.9964E-05 0.0151377 0.290254 9.9964E-05 0.106942 0.0536281 9.9964E-05 9.9964E-05 0.533638
9.9973E-05 0.0086081 0.508137 0.0559923 0.0399674 9.9973E-05 9.9973E-05 0.014599 0.372396
9.9964E-05 9.9964E-05 0.35779 0.0449082 0.0699861 9.9964E-05 9.9964E-05 0.0422713 0.484645
9.9955E-05 0.0476738 0.576888 9.9955E-05 9.9955E-05 0.0219598 9.9955E-05 9.9955E-05 0.352979
0.0486394 9.9982E-05 0.595013 0.0405706 0.0349301 0.010636 9.9982E-05 0.0123234 0.257688
9.9955E-05 0.0210383 0.0345195 0.117029 9.9955E-05 9.9955E-05 9.9955E-05 9.9955E-05 0.826913
0.0469775 0.0141606 0.180811 0.1113 9.9991E-05 0.00350553 0.0205673 0.0181537 0.604425
0.0362218 9.9964E-05 0.319359 9.9964E-05 0.077144 0.034073 9.9964E-05 9.9964E-05 0.532802
0.0594096 9.9946E-05 9.9946E-05 0.0839188 9.9946E-05 9.9946E-05 9.9946E-05 9.9946E-05 0.856072
9.9964E-05 9.9964E-05 0.35115 9.9964E-05 0.0831638 0.047429 0.0366725 9.9964E-05 0.481184
0.1493 0.0751416 0.0807561 0.108928 0.0263813 9.9973E-05 9.9973E-05 9.9973E-05 0.559193
0.160497 9.9955E-05 9.9955E-05 0.126671 0.0135788 9.9955E-05 9.9955E-05 9.9955E-05 0.698753
0.0261626 9.9964E-05 0.533596 0.138345 9.9964E-05 0.0443029 9.9964E-05 9.9964E-05 0.257194
9.9973E-05 0.0260975 0.173952 9.9973E-05 0.0553159 9.9973E-05 0.00969378 0.0582973 0.676343
0.00997464 0.0815607 0.353892 9.9973E-05 0.0128419 9.9973E-05 0.0580895 9.9973E-05 0.483341
0.0468203 0.0565999 0.496365 0.0578189 0.0413844 0.036675 0.036568 0.0912907 0.136477
0.00103815 9.9964E-05 0.539936 9.9964E-05 0.0335837 9.9964E-05 9.9964E-05 0.0659555 0.359087
0.0680311 0.0712472 0.324901 0.101293 0.265888 9.9982E-05 0.0352098 9.9982E-05 0.133231
9.9973E-05 0.0195098 0.510593 0.0812622 9.9973E-05 0.00638957 9.9973E-05 0.0256639 0.356282
9.9982E-05 0.00607231 0.456537 9.9982E-05 0.138169 0.0136493 0.021928 0.025157 0.338287
9.9955E-05 0.0685541 0.259563 9.9955E-05 9.9955E-05 0.00416892 9.9955E-05 9.9955E-05 0.667214
9.9973E-05 0.142071 0.523927 9.9973E-05 0.0755086 0.065736 0.0179804 9.9973E-05 0.174477
9.9955E-05 0.120767 9.9955E-05 9.9955E-05 0.194425 0.0510431 9.9955E-05 0.633266 9.9955E-05
0.054598 9.9982E-05 0.0667769 0.0279177 0.091988 0.073289 9.9982E-05 0.674832 0.0103986
0.0239073 0.0462595 9.9973E-05 0.0270324 0.0956525 0.136602 9.9973E-05 0.670246 9.9973E-05
0.0566724 9.9964E-05 9.9964E-05 0.0470875 0.110308 0.087598 9.9964E-05 0.697934 9.9964E-05
9.9955E-05 0.160725 9.9955E-05 9.9955E-05 0.140934 0.0553877 9.9955E-05 0.642453 9.9955E-05
9.9964E-05 9.9964E-05 0.10086 9.9964E-05 0.148363 9.9964E-05 0.0054032 0.0318849 0.713089
9.9982E-05 0.0917578 0.0923422 0.0147049 0.0779739 0.00544351 9.9982E-05 0.057118 0.66046
