0.921641 9.9991E-05 0.0782593
0.967325 0.0086695 0.0240059
0.822773 0.00684761 0.170379
0.825197 0.0267586 0.148044
0.843654 9.9991E-05 0.156246
0.631279 0.211811 0.156909
0.878389 0.0560276 0.0655833
0.788185 0.0958627 0.115952
0.928137 0.0717634 9.9991E-05
0.734438 0.0867062 0.178856
0.801646 0.165939 0.0324144
0.0848726 0.753378 0.161749
0.034274 0.5713 0.394426
0.175041 0.634076 0.190883
0.107204 0.568057 0.324739
0.134804 0.527511 0.337685
0.0202955 0.523597 0.456107
0.0275191 0.63498 0.337501
0.174073 0.591096 0.234831
0.206994 0.792906 9.9991E-05
0.0777987 0.620894 0.301307
0.101516 0.647415 0.251069
0.0235368 0.628332 0.348131
0.0616455 0.72328 0.215074
0.000571863 0.551539 0.44789
0.00870101 0.600031 0.391268
0.184591 0.708767 0.106642
0.148779 0.581912 0.26931
0.0905296 0.831795 0.0776759
0.809198 9.9991E-05 0.190702
0.815708 9.9991E-05 0.184192
0.788564 9.9991E-05 0.211336
0.756861 9.9991E-05 0.243039
0.0232311 0.663303 0.313466
9.9991E-05 0.614745 0.385156
9.9991E-05 0.640526 0.359375
0.222217 0.754667 0.0231159
0.0100649 0.775663 0.214272
0.0758657 0.601575 0.322559
9.9991E-05 0.548865 0.451035
0.0895222 0.53824 0.372238
0.0261562 0.592257 0.381587
0.0854654 0.870996 0.0435384
9.9991E-05 0.594909 0.404991
0.0306876 0.52015 0.449162
0.0760085 0.478914 0.445078
9.9991E-05 0.770218 0.229682
9.9991E-05 0.659607 0.340293
0.0679387 0.567318 0.364743
0.173514 0.826386 9.9991E-05
0.0908109 0.879652 0.029537
0.179344 0.788617 0.0320387
0.0697217 0.493924 0.436355
0.0307439 0.481834 0.487423
9.9991E-05 0.595484 0.404416
0.180738 0.774938 0.0443238
0.0171014 0.650686 0.332212
0.0372863 0.463081 0.499633
0.136854 0.643846 0.219301
0.29396 0.638464 0.0675758
0.0688365 0.58403 0.347134
0.0816823 0.546175 0.372143
0.183026 0.816874 9.9991E-05
0.0479664 0.68589 0.266144
9.9991E-05 0.587087 0.412813
0.0882395 0.549839 0.361922
0.0802545 0.746127 0.173619
0.043262 0.658549 0.298189
9.9991E-05 0.641157 0.358743
0.130522 0.814996 0.0544812
9.9991E-05 0.731909 0.267991
0.00967542 0.89987 0.0904543
0.0516937 0.595512 0.352794
0.0259292 0.973971 9.9991E-05
0.00977167 0.990128 9.9991E-05
9.9991E-05 0.869848 0.130052
9.9991E-05 0.756206 0.243694
0.133729 0.448323 0.417948
9.9991E-05 0.710521 0.289379
0.116749 0.784447 0.0988034
0.0851602 0.79175 0.12309
0.00993359 0.548683 0.441383
9.9991E-05 0.810063 0.189837
0.0194046 0.735412 0.245183
9.9991E-05 0.779082 0.220818
0.0742941 0.925606 9.9991E-05
9.9991E-05 0.634348 0.365552
0.807849 0.0280765 0.164075
0.865417 9.9991E-05 0.134483
0.845597 9.9991E-05 0.154303
0.870753 9.9991E-05 0.129147
0.854426 9.9991E-05 0.145474
0.883708 9.9991E-05 0.116192
0.869049 9.9991E-05 0.130851
0.0781674 0.523121 0.398712
0.0875103 0.549479 0.36301
0.0771465 0.922754 9.9991E-05
0.045343 0.565601 0.389056
0.0156673 0.719974 0.264358
9.9991E-05 0.61737 0.38253
0.00762059 0.655772 0.336607
9.9991E-05 0.663647 0.336253
0.134694 0.865206 9.9991E-05
0.0581921 0.606823 0.334985
9.9991E-05 0.591978 0.407922
0.087978 0.54249 0.369532
0.0150873 0.798712 0.186201
9.9991E-05 0.674784 0.325116
0.00751955 0.723531 0.268949
9.9991E-05 0.734007 0.265893
0.0544882 0.718665 0.226846
0.0364646 0.541616 0.42192
0.148806 0.750079 0.101115
0.146314 0.536906 0.31678
0.100838 0.567457 0.331706
0.0718632 0.523479 0.404658
0.0993212 0.653749 0.24693
9.9991E-05 0.681458 0.318442
0.124548 0.62772 0.247732
0.0915296 0.543924 0.364546
0.109711 0.564509 0.325779
0.0485338 0.596193 0.355273
0.0414354 0.689863 0.268702
0.0192496 0.553365 0.427386
0.0628085 0.550799 0.386393
9.9991E-05 0.616295 0.383605
0.045363 0.517263 0.437374
0.00122861 0.57467 0.424101
0.148637 0.623966 0.227397
0.00549344 0.516875 0.477631
9.9991E-05 0.526771 0.473129
0.0982144 0.731201 0.170585
0.146422 0.760028 0.0935506
0.00735391 0.619045 0.373601
0.0598 0.883086 0.0571143
0.153054 0.782509 0.0644374
0.0486554 0.772888 0.178457
0.0883749 0.792559 0.119066
0.0422184 0.796197 0.161584
0.0605123 0.543255 0.396233
0.0234639 0.527425 0.449112
0.0590041 0.622093 0.318903
0.104843 0.85874 0.0364172
0.10024 0.452756 0.447004
0.0538636 0.596319 0.349817
0.300743 0.699157 9.9991E-05
0.0793046 0.508811 0.411885
0.134122 0.632897 0.232982
0.0615817 0.550631 0.387787
0.192926 0.650906 0.156168
0.198959 0.745996 0.0550456
0.0490806 0.719682 0.231237
0.119267 0.462325 0.418408
0.115447 0.61639 0.268162
0.207079 0.69476 0.0981616
0.0665174 0.540911 0.392571
9.9991E-05 0.835444 0.164456
9.9991E-05 0.71738 0.28252
0.000729753 0.536953 0.462317
0.403293 0.210394 0.386313
0.768058 0.0820359 0.149906
0.664422 0.177117 0.158461
0.504539 0.117564 0.377896
9.9991E-05 0.637997 0.361903
0.00394544 0.636752 0.359302
9.9991E-05 0.139741 0.860159
0.0607863 0.294603 0.64461
0.0977523 0.26141 0.640838
0.0465736 0.758698 0.194728
0.061787 0.5712 0.367013
0.0765965 0.818988 0.104415
9.9991E-05 0.608171 0.391729
0.0457934 0.672476 0.281731
0.0149719 0.546731 0.438297
0.0798418 0.854142 0.0660161
9.9991E-05 0.505372 0.494528
0.0137041 0.618245 0.368051
0.0250339 9.9991E-05 0.974866
0.0212678 9.9991E-05 0.978632
0.119151 0.16926 0.711589
0.0151208 0.0616692 0.92321
0.0445415 9.9991E-05 0.955359
0.071756 9.9991E-05 0.928144
0.0927934 9.9991E-05 0.907107
9.999E-05 9.999E-05 0.9998
0.0351607 9.9991E-05 0.964739
0.0431632 9.9991E-05 0.956737
0.0663103 9.9991E-05 0.93359
0.0774411 9.9991E-05 0.922459
0.111195 9.9991E-05 0.888705
0.0423479 9.9991E-05 0.957552
0.103353 0.234738 0.661908
0.0869247 0.12415 0.788925
0.0889052 0.0352479 0.875847
0.0573069 9.9991E-05 0.942593
0.0524055 9.9991E-05 0.947495
0.0967727 9.9991E-05 0.903127
0.0605388 9.9991E-05 0.939361
0.145394 0.0709972 0.783609
0.0623736 9.9991E-05 0.937526
0.523843 0.442768 0.0333887
0.193316 0.495114 0.31157
0.270372 0.441846 0.287782
0.337827 0.496174 0.165999
0.157574 0.442796 0.39963
0.353713 0.417 0.229287
0.198901 0.47877 0.322329
0.214342 0.363748 0.421911
0.131109 0.399098 0.469794
0.181318 0.368674 0.450008
0.144526 0.447981 0.407493
0.872162 0.0443194 0.0835188
0.894078 9.9991E-05 0.105822
0.96201 9.9991E-05 0.0378904
0.935255 9.9991E-05 0.0646454
0.895159 9.9991E-05 0.104741
0.884282 9.9991E-05 0.115618
0.851049 9.9991E-05 0.148851
0.911571 0.00367114 0.0847579
0.890496 9.9991E-05 0.109404
0.875365 9.9991E-05 0.124535
0.720419 0.279481 9.9991E-05
0.708094 0.291806 9.9991E-05
0.633214 0.366686 9.9991E-05
0.592357 0.407543 9.9991E-05
9.9991E-05 0.683888 0.316012
9.9991E-05 0.661223 0.338677
9.9991E-05 0.601409 0.398491
0.0446063 0.744001 0.211392
0.151646 0.848254 9.9991E-05
0.0459948 0.533848 0.420157
9.9991E-05 0.632887 0.367013
9.9991E-05 0.714127 0.285773
9.9991E-05 0.730984 0.268916
9.9991E-05 0.613282 0.386618
9.9991E-05 0.789397 0.210503
0.0305173 0.969383 9.9991E-05
0.0256276 0.675752 0.29862
0.0482483 0.800343 0.151409
9.9991E-05 0.653683 0.346217
0.101023 0.898877 9.9991E-05
0.315202 0.684698 9.9991E-05
0.30752 0.69238 9.9991E-05
0.262085 0.737815 9.9991E-05
0.309741 0.690159 9.9991E-05
0.221251 0.778649 9.9991E-05
0.26719 0.696605 0.0362051
0.86217 9.9991E-05 0.13773
0.829485 9.9991E-05 0.170415
0.733972 0.0118126 0.254216
0.782913 9.9991E-05 0.216987
0.811757 9.9991E-05 0.188143
0.526496 0.473404 9.9991E-05
0.618173 0.381727 9.9991E-05
0.545325 0.454575 9.9991E-05
0.801626 0.0107689 0.187605
0.54964 0.45026 9.9991E-05
0.257105 0.145057 0.597838
0.0887528 0.379024 0.532223
0.114614 0.191427 0.693959
0.295037 0.221151 0.483812
0.124271 0.377443 0.498286
0.574329 0.0730271 0.352644
0.0257007 0.732644 0.241655
0.0569306 0.747148 0.195921
0.218333 0.654203 0.127463
9.9991E-05 0.719427 0.280473
0.0807397 0.91916 9.9991E-05
0.0135714 0.618567 0.367862
0.063075 0.652599 0.284326
0.136861 0.714947 0.148193
0.0629407 0.554173 0.382886
0.112519 0.877853 0.00962721
0.00199932 0.662908 0.335093
0.00169708 0.684389 0.313914
0.134095 0.447875 0.418031
9.9991E-05 0.779022 0.220878
0.0191401 0.733746 0.247114
9.9991E-05 0.650419 0.349481
0.0114995 0.65547 0.333031
9.9991E-05 0.573095 0.426805
0.0510253 0.636964 0.312011
0.102518 0.506326 0.391156
0.72822 9.9991E-05 0.27168
0.82974 9.9991E-05 0.17016
0.788903 0.129308 0.0817899
0.833455 0.0441844 0.122361
0.812785 9.9991E-05 0.187115
0.119308 0.814714 0.065978
0.0473017 0.618519 0.334179
0.225041 0.378612 0.396346
9.9991E-05 0.551182 0.448718
0.0678649 0.632966 0.299169
0.106021 0.720153 0.173825
0.255826 0.744074 9.9991E-05
0.0286127 0.673195 0.298193
0.234161 0.699911 0.0659275
0.0446748 0.625628 0.329697
0.272069 0.727831 9.9991E-05
0.061443 0.548347 0.39021
0.214783 0.748375 0.0368417
0.0615561 0.704734 0.23371
0.0328123 0.610963 0.356224
0.111429 0.734029 0.154542
0.0277947 0.625089 0.347117
0.0826528 0.56028 0.357068
0.0642117 0.796751 0.139037
0.124891 0.633383 0.241726
0.0172176 0.669845 0.312938
0.0472153 0.952685 9.9991E-05
0.0518574 0.848305 0.0998377
9.9991E-05 0.751929 0.247971
0.138955 0.860945 9.9991E-05
0.0560775 0.770956 0.172967
0.196174 0.803726 9.9991E-05
9.9991E-05 0.843437 0.156463
0.0915071 0.707973 0.20052
0.00621823 0.51106 0.482722
0.0401198 0.886804 0.0730765
0.0646683 0.516926 0.418406
0.0106798 0.595421 0.393899
0.0437289 0.621454 0.334817
9.9991E-05 0.605283 0.394617
9.9991E-05 0.709002 0.290898
0.0633312 0.760428 0.176241
0.0733722 0.677057 0.249571
9.9991E-05 0.588797 0.411103
0.0489342 0.588802 0.362264
0.117275 0.612467 0.270259
9.9991E-05 0.654398 0.345502
0.139165 0.648159 0.212676
9.9991E-05 0.601587 0.398313
9.9991E-05 0.633626 0.366274
0.115206 0.509702 0.375092
0.263197 0.308519 0.428284
0.0623085 0.399037 0.538655
0.0852501 0.48182 0.432929
0.0439045 0.453647 0.502448
0.163384 0.283092 0.553524
9.9991E-05 0.691859 0.308041
0.129775 0.370742 0.499483
0.37075 0.465068 0.164182
0.0984707 0.373879 0.52765
0.0516362 0.401065 0.547299
0.0587643 0.445672 0.495564
0.190801 0.478241 0.330958
0.119461 0.350683 0.529856
0.0948603 0.356089 0.549051
0.642529 0.145321 0.21215
0.105743 0.310231 0.584026
0.14397 0.331209 0.524821
0.0908633 0.385812 0.523325
0.144949 0.323412 0.531639
0.127769 0.371228 0.501004
0.0334387 0.653783 0.312778
0.116102 0.579901 0.303997
0.0348284 0.965072 9.9991E-05
0.0945967 0.905303 9.9991E-05
9.9991E-05 0.639305 0.360595
0.0989822 0.321625 0.579393
0.179536 0.282308 0.538155
0.255988 0.283438 0.460574
0.218224 0.300404 0.481372
0.203727 0.659958 0.136315
0.192598 0.587216 0.220186
9.9991E-05 0.54293 0.45697
0.0654768 0.517686 0.416838
0.152947 0.595665 0.251388
0.0466088 0.525523 0.427868
9.9991E-05 0.568924 0.430976
0.161284 0.477386 0.36133
0.0380284 0.842149 0.119823
9.9991E-05 0.842086 0.157814
0.0127863 0.54673 0.440483
0.0946046 0.676789 0.228607
0.0713787 0.5418 0.386821
9.9991E-05 0.727458 0.272442
0.0497674 0.821804 0.128428
9.9991E-05 0.629918 0.369982
0.0424961 0.851148 0.106356
9.9991E-05 0.70462 0.29528
0.00791105 0.565839 0.42625
9.9991E-05 0.666889 0.333011
0.137114 0.372685 0.490201
0.108925 0.43384 0.457235
0.181931 0.346824 0.471245
0.231818 0.37134 0.396842
0.0932655 0.434829 0.471906
0.087071 0.484681 0.428248
0.347251 0.537796 0.114953
0.0587242 0.354544 0.586732
0.536055 0.299598 0.164347
0.0407728 0.403468 0.55576
0.00534561 0.948931 0.0457236
0.0871835 0.912717 9.9991E-05
9.9991E-05 0.770651 0.229249
9.9991E-05 0.546944 0.452956
9.9991E-05 0.822448 0.177452
9.9991E-05 0.717447 0.282453
9.9991E-05 0.666707 0.333193
0.807859 0.055383 0.136758
0.764743 0.0632433 0.172014
0.9005 9.9991E-05 0.0993995
0.903787 9.9991E-05 0.0961135
0.00798676 0.617631 0.374382
0.0220619 0.652434 0.325504
9.9991E-05 0.708167 0.291733
0.0404621 0.658434 0.301104
0.0522823 0.57197 0.375748
0.0325548 0.851659 0.115786
9.9991E-05 0.589692 0.410208
9.9991E-05 0.843012 0.156888
0.205725 0.314276 0.48
9.9991E-05 0.6628 0.3371
0.000190542 0.829704 0.170106
9.9991E-05 0.711219 0.288681
9.9991E-05 0.730187 0.269713
9.9991E-05 0.694716 0.305184
9.9991E-05 0.671591 0.328309
9.9991E-05 0.960011 0.0398886
0.013834 0.838489 0.147678
0.0148401 0.795705 0.189455
0.016092 0.983808 9.9991E-05
0.0363225 0.724709 0.238969
0.0374169 0.887486 0.0750969
0.0900701 0.90983 9.9991E-05
9.9991E-05 0.601377 0.398523
0.0580438 0.835319 0.106637
9.9991E-05 0.716065 0.283835
0.00883108 0.511312 0.479857
9.9991E-05 0.716428 0.283472
0.0178749 0.766166 0.215959
9.9991E-05 0.637368 0.362532
9.9991E-05 0.753708 0.246192
9.9991E-05 0.892558 0.107343
0.0357491 0.637755 0.326496
0.756506 0.239827 0.00366637
0.766974 0.145153 0.0878725
0.893953 0.105947 9.9991E-05
0.878772 0.121128 9.9991E-05
0.808618 0.191282 9.9991E-05
0.0377233 0.858411 0.103866
0.103976 0.869745 0.0262788
9.9991E-05 0.914644 0.085256
0.0248905 0.561541 0.413569
0.0499124 0.608665 0.341422
0.00917786 0.768233 0.222589
9.9991E-05 0.611838 0.388062
0.022805 0.62544 0.351755
9.9991E-05 0.652695 0.347205
9.9991E-05 0.593097 0.406803
9.9991E-05 0.837799 0.162101
9.9991E-05 0.827369 0.172531
9.9991E-05 0.856097 0.143803
0.068819 0.542372 0.388809
0.0249542 0.800915 0.174131
9.9991E-05 0.719651 0.280249
0.0365982 0.278788 0.684614
0.0845914 0.23559 0.679818
0.0947535 0.139315 0.765932
0.154249 0.140189 0.705561
0.0990318 0.263352 0.637616
0.0566505 0.605421 0.337928
0.323879 9.9991E-05 0.676021
0.15967 0.127136 0.713194
0.1868 0.41352 0.39968
0.0868537 0.548875 0.364271
0.156813 0.545796 0.297392
0.105831 0.465544 0.428625
0.0326873 0.558278 0.409034
0.164383 0.112186 0.72343
0.130668 0.215949 0.653382
0.0580739 0.136524 0.805402
0.0595381 0.371136 0.569326
0.16404 0.112156 0.723805
0.080468 0.280919 0.638613
0.199837 0.0425848 0.757579
0.0801951 0.295664 0.624141
0.0508009 0.574313 0.374887
0.216344 0.213095 0.570561
0.249193 9.9991E-05 0.750707
0.155883 0.264745 0.579372
0.247215 0.679863 0.0729221
9.9991E-05 0.534411 0.465489
0.21862 0.244283 0.537097
0.0778715 0.487033 0.435096
0.139207 0.522074 0.33872
0.185316 0.390264 0.42442
0.213379 0.269564 0.517057
0.0818712 0.538118 0.380011
0.0803624 0.256657 0.66298
0.101045 0.205908 0.693046
0.265492 9.9991E-05 0.734408
9.9991E-05 0.519454 0.480446
0.0944236 0.69708 0.208496
0.228282 0.607962 0.163756
0.0233274 0.524436 0.452237
0.109883 0.593965 0.296152
0.194991 0.373685 0.431324
0.103334 0.525358 0.371309
0.507703 0.285541 0.206756
0.498039 0.359311 0.142651
0.224628 0.476881 0.29849
0.487177 0.316518 0.196305
0.568064 0.129462 0.302475
0.169004 0.446069 0.384926
0.227237 0.350603 0.42216
0.351904 0.357061 0.291034
0.434391 0.33528 0.230329
0.125067 0.411502 0.463432
0.285908 0.456197 0.257895
0.662354 0.279516 0.0581301
0.158206 0.378168 0.463626
0.227558 0.311145 0.461297
0.268928 0.200775 0.530297
0.110469 0.211957 0.677574
0.05204 0.414318 0.533642
0.122955 0.300643 0.576402
0.359774 0.153391 0.486836
0.134583 0.351135 0.514281
0.248269 0.242883 0.508849
0.236771 0.308332 0.454897
0.227985 0.488676 0.283338
0.138989 0.439978 0.421033
0.146767 0.445486 0.407747
0.136185 0.469952 0.393863
0.270094 0.137896 0.59201
0.230113 0.290969 0.478917
0.410442 0.182584 0.406974
0.117106 0.323765 0.55913
0.312878 0.247754 0.439368
0.835645 0.108173 0.0561816
0.277607 0.722293 9.9991E-05
0.268273 0.731627 9.9991E-05
0.258338 0.741562 9.9991E-05
0.188681 0.811219 9.9991E-05
0.227646 0.772254 9.9991E-05
0.218247 0.781653 9.9991E-05
0.28366 0.71624 9.9991E-05
0.390945 0.608955 9.9991E-05
0.882936 9.9991E-05 0.116964
0.83562 0.0676335 0.0967461
0.851576 9.9991E-05 0.148324
0.843414 0.0927204 0.0638653
0.876651 9.9991E-05 0.123249
0.900049 0.0399521 0.0599989
0.701987 0.0178068 0.280207
0.846504 9.9991E-05 0.153396
0.753358 0.113186 0.133456
0.875914 9.9991E-05 0.123986
0.961449 9.9991E-05 0.0384512
0.836354 9.9991E-05 0.163546
0.923967 9.9991E-05 0.075933
0.902537 9.9991E-05 0.0973627
0.840435 9.9991E-05 0.159465
0.802959 9.9991E-05 0.196941
0.745895 9.9991E-05 0.254005
0.746646 9.9991E-05 0.253254
0.777704 9.9991E-05 0.222196
0.13634 0.599174 0.264485
0.0126441 0.612261 0.375095
0.108196 0.510243 0.381561
0.17749 0.781953 0.0405565
0.0861648 0.604408 0.309428
0.29546 0.646393 0.058147
0.046805 0.511947 0.441248
0.113297 0.68216 0.204543
0.067637 0.633924 0.298439
0.00917044 0.596227 0.394602
0.102594 0.604343 0.293063
0.0148188 0.585478 0.399704
0.0849213 0.530733 0.384346
0.118666 0.84774 0.0335939
0.226308 0.773592 9.9991E-05
0.23788 0.701839 0.0602811
0.0502354 0.527387 0.422378
0.051223 0.601861 0.346916
0.0718711 0.618777 0.309352
9.9991E-05 0.512966 0.486934
0.167098 0.361286 0.471616
0.117617 0.34652 0.535863
0.451956 0.274515 0.27353
0.100702 0.467893 0.431405
0.23592 0.344283 0.419797
0.582335 0.279268 0.138397
0.31586 0.290598 0.393541
0.31741 0.306587 0.376002
0.321669 0.34236 0.335971
0.0861566 0.4151 0.498743
0.150481 0.379391 0.470128
0.0976024 0.376309 0.526089
0.109263 0.396106 0.494631
0.439002 0.187114 0.373884
