9.9991E-05 0.933545 0.0663547
0.0260089 0.950217 0.0237745
9.999E-05 0.820871 0.179029
0.00630199 0.823981 0.169717
0.00178382 0.854969 0.143248
0.220511 0.642403 0.137085
0.0552538 0.89139 0.0533564
0.150639 0.802037 0.0473234
0.0610245 0.938876 9.9991E-05
0.0800149 0.738922 0.181063
0.183017 0.813181 0.00380138
0.811842 0.0609792 0.127178
0.539572 0.0875838 0.372844
0.695443 0.153724 0.150833
0.556817 0.164453 0.27873
0.479105 0.166603 0.354291
0.647052 9.9991E-05 0.352848
0.697115 0.0250991 0.277786
0.590084 0.189468 0.220447
0.769837 0.230063 9.9991E-05
0.674547 0.0280384 0.297415
0.629774 0.0778917 0.292334
0.640351 0.015288 0.344361
0.698595 0.101549 0.199856
0.597446 0.0614337 0.34112
0.573443 0.0445224 0.382034
0.661635 0.190195 0.14817
0.610624 0.154512 0.234864
0.844347 0.0611142 0.0945383
9.9991E-05 0.788496 0.211404
9.9991E-05 0.800653 0.199247
9.9991E-05 0.789027 0.210873
0.0248626 0.749883 0.225255
0.650016 0.0176337 0.33235
0.66566 0.0607188 0.273621
0.710291 9.9991E-05 0.289609
0.741922 0.25645 0.00162761
0.741135 0.0322782 0.226587
0.65838 0.0200613 0.321559
0.539477 9.9991E-05 0.460423
0.605723 0.0568407 0.337436
0.562975 0.0429686 0.394056
0.918276 0.0299649 0.0517592
0.563472 0.0344664 0.402062
0.622852 9.9991E-05 0.377048
0.593569 0.0211937 0.385237
0.873145 9.9991E-05 0.126755
0.552791 9.9991E-05 0.447109
0.542489 0.0326109 0.424901
0.818191 0.181709 9.9991E-05
0.854952 0.144948 9.9991E-05
0.834255 0.149871 0.0158741
0.547656 0.0625337 0.38981
0.509907 0.0190709 0.471022
0.537719 0.0276638 0.434617
0.749328 0.194042 0.0566305
0.581017 0.0686345 0.350348
0.491267 0.0688871 0.439846
0.670865 0.140233 0.188902
0.606071 0.360114 0.0338147
0.604159 0.072517 0.323324
0.658239 0.0965109 0.24525
0.814979 0.184922 9.9991E-05
0.708349 9.9991E-05 0.291551
0.552357 9.9991E-05 0.447543
0.547068 0.012829 0.440103
0.719563 0.120331 0.160106
0.643417 0.0632504 0.293332
0.619883 0.0198427 0.360274
0.812648 0.170696 0.0166559
0.757327 9.9991E-05 0.242573
0.878983 0.0167204 0.104297
0.678522 0.0373337 0.284144
0.960436 0.039464 9.9991E-05
0.966913 0.0329867 9.9991E-05
0.845115 9.9991E-05 0.154785
0.699999 9.9991E-05 0.299901
0.523507 0.126863 0.34963
0.702671 9.9991E-05 0.297229
0.824763 0.0785942 0.0966424
0.802078 0.0834158 0.114506
0.487621 0.124376 0.388003
0.816463 0.0230238 0.160513
0.671873 0.0222065 0.305921
0.79142 9.9991E-05 0.20848
0.938348 0.0615517 9.9991E-05
0.6184 0.023906 0.357694
0.0243457 0.835367 0.140287
9.9991E-05 0.875368 0.124532
9.9991E-05 0.8326 0.1673
9.9991E-05 0.901107 0.0987925
9.9991E-05 0.857649 0.142251
9.9991E-05 0.875625 0.124275
9.9991E-05 0.880825 0.119075
0.551654 0.0529182 0.395427
0.547837 0.0580287 0.394134
0.923417 0.0764829 9.9991E-05
0.622156 0.0249144 0.35293
0.779936 9.9991E-05 0.219964
0.649304 9.9991E-05 0.350596
0.688136 9.9991E-05 0.311764
0.655641 9.9991E-05 0.344259
0.898934 0.100966 9.9991E-05
0.631809 0.105691 0.2625
0.606883 9.9991E-05 0.393017
0.6195 9.9991E-05 0.3804
0.77695 0.0477318 0.175318
0.70493 9.9991E-05 0.29497
0.74034 9.9991E-05 0.25956
0.736047 9.9991E-05 0.263853
0.720552 0.0320681 0.24738
0.617526 0.0459421 0.336532
0.733523 0.109047 0.15743
0.564324 0.13342 0.302256
0.5708 0.0320217 0.397178
0.565851 0.0248696 0.40928
0.707297 0.0556812 0.237022
0.646995 0.0107045 0.342301
0.765739 0.0185692 0.215692
0.597768 0.0936733 0.308558
0.530402 0.0737091 0.395889
0.658804 0.0350475 0.306148
0.758166 9.9991E-05 0.241734
0.588944 9.9991E-05 0.410956
0.491456 0.0883931 0.420151
0.665119 9.9991E-05 0.334781
0.623997 0.0304449 0.345558
0.585002 0.0485652 0.366433
0.6502 0.13416 0.21564
0.564636 9.9991E-05 0.435264
0.603965 9.9991E-05 0.395935
0.788296 0.0888466 0.122857
0.756664 0.159646 0.0836907
0.704651 9.9991E-05 0.295249
0.905206 0.0849206 0.00987301
0.78909 0.088239 0.122672
0.761119 0.0497214 0.18916
0.798219 0.083005 0.118776
0.784659 0.117345 0.0979958
0.613238 0.0310485 0.355713
0.586188 0.100223 0.313589
0.622085 0.061114 0.316801
0.795633 0.106994 0.0973732
0.503644 0.147202 0.349154
0.650631 0.0113678 0.338001
0.687162 0.312738 9.9991E-05
0.557013 0.0208505 0.422137
0.708397 0.0770538 0.21455
0.555615 0.0191519 0.425233
0.651272 0.20081 0.147918
0.806532 0.181119 0.0123489
0.740477 0.00751046 0.252013
0.5934 0.0465355 0.360065
0.528573 0.157786 0.313642
0.69192 0.214842 0.0932371
0.504622 0.123353 0.372024
0.87569 9.9991E-05 0.12421
0.74144 9.9991E-05 0.25846
0.521506 0.0758492 0.402644
0.252063 0.40704 0.340897
0.0544842 0.777541 0.167975
0.196168 0.690343 0.113488
0.111017 0.484165 0.404818
0.622887 9.9991E-05 0.377013
0.609129 0.0349862 0.355884
0.0687226 0.0174135 0.913864
0.27496 0.0989452 0.626095
0.314361 0.0708979 0.614741
0.767428 0.0517282 0.180844
0.580584 0.0775768 0.34184
0.789312 0.104519 0.106169
0.697755 9.9991E-05 0.302145
0.666761 0.053103 0.280136
0.595527 0.017268 0.387205
0.851938 0.0622842 0.0857778
0.483356 0.0418115 0.474832
0.613145 0.0159522 0.370902
9.9991E-05 0.0320389 0.967861
9.9991E-05 0.0411463 0.958754
0.196444 0.0655158 0.73804
0.0957575 0.00512393 0.899119
9.9991E-05 0.122813 0.877087
9.9991E-05 0.0606477 0.939252
9.9991E-05 0.111651 0.888249
9.9991E-05 0.00307317 0.996827
9.9991E-05 0.0207554 0.979145
9.9991E-05 0.0593467 0.940553
9.9991E-05 0.0707461 0.929154
0.063627 0.0827926 0.85358
0.00271048 0.137149 0.86014
9.9991E-05 0.0738704 0.92603
0.319817 0.0551156 0.625067
0.133568 0.140362 0.72607
0.0821182 0.0298095 0.888072
9.9991E-05 0.0939201 0.90598
9.9991E-05 0.0638074 0.936093
9.9991E-05 0.0699746 0.929925
9.9991E-05 0.0343543 0.965546
0.12349 0.114624 0.761886
9.9991E-05 0.0937924 0.906108
0.433722 0.537263 0.0290156
0.503509 0.200921 0.29557
0.445124 0.265071 0.289805
0.452994 0.352944 0.194062
0.453389 0.0933198 0.453291
0.404178 0.368552 0.227271
0.475131 0.15597 0.368898
0.434557 0.19881 0.366632
0.411321 0.175692 0.412987
0.393633 0.200005 0.406362
0.498803 0.186348 0.314849
0.061132 0.877655 0.0612133
9.9991E-05 0.897591 0.102309
9.999E-05 0.9998 9.999E-05
9.9991E-05 0.92611 0.0737899
9.9991E-05 0.921979 0.0779212
9.9991E-05 0.862038 0.137862
9.9991E-05 0.854333 0.145567
0.00362839 0.906526 0.0898457
9.9991E-05 0.892489 0.107411
9.9991E-05 0.871419 0.128481
0.279069 0.720831 9.9991E-05
0.274426 0.711106 0.0144685
0.340643 0.659257 9.9991E-05
0.414119 0.585781 9.9991E-05
0.799368 9.9991E-05 0.200532
0.68009 0.0635569 0.256353
0.678134 0.0222012 0.299665
0.782451 0.0534833 0.164066
0.844438 0.114497 0.0410655
0.615337 9.9991E-05 0.384563
0.689348 9.9991E-05 0.310552
0.732401 9.9991E-05 0.267499
0.76433 9.9991E-05 0.23557
0.639764 0.00657381 0.353662
0.827711 9.9991E-05 0.172189
0.983667 0.0162334 9.9991E-05
0.651034 0.0705239 0.278442
0.863551 9.9991E-05 0.136349
0.742179 9.9991E-05 0.257721
0.901176 0.0987237 9.9991E-05
0.66353 0.33637 9.9991E-05
0.689932 0.309968 9.9991E-05
0.732393 0.267507 9.9991E-05
0.670733 0.329167 9.9991E-05
0.773392 0.226508 9.9991E-05
0.699576 0.300324 9.9991E-05
9.9991E-05 0.865889 0.134011
9.9991E-05 0.831071 0.168829
9.9991E-05 0.736057 0.263843
9.9991E-05 0.804045 0.195855
9.9991E-05 0.808369 0.191531
0.458016 0.541884 9.9991E-05
0.391127 0.608773 9.9991E-05
0.444439 0.555461 9.9991E-05
9.9991E-05 0.799176 0.200724
0.472018 0.527882 9.9991E-05
0.169785 0.241228 0.588987
0.383464 0.0710038 0.545532
0.205862 0.164126 0.630013
0.246605 0.29149 0.461905
0.42437 0.108774 0.466856
0.0480068 0.599457 0.352536
0.74038 0.0556542 0.203966
0.762892 0.0570366 0.180071
0.687074 0.196871 0.116055
0.713743 0.0342142 0.252043
0.898829 0.101071 9.9991E-05
0.536888 0.0597404 0.403371
0.66264 0.0588678 0.278492
0.750393 0.100657 0.14895
0.618961 0.0407757 0.340264
0.872044 0.12746 0.000496056
0.721567 9.9991E-05 0.278333
0.670928 0.00194314 0.327129
0.474522 0.112942 0.412536
0.780772 9.9991E-05 0.219128
0.717578 0.0556716 0.226751
0.692197 9.9991E-05 0.307703
0.739733 9.9991E-05 0.260167
0.607579 9.9991E-05 0.392321
0.457618 0.03352 0.508862
0.555531 0.0136426 0.430826
9.9991E-05 0.742416 0.257484
9.9991E-05 0.832619 0.167281
0.0946611 0.771605 0.133734
0.0434238 0.815088 0.141488
9.9991E-05 0.843822 0.156078
0.808632 0.13655 0.0548186
0.574846 0.0603456 0.364809
0.370234 0.195283 0.434483
0.598645 9.9991E-05 0.401255
0.705293 0.0442182 0.250489
0.699543 0.10222 0.198237
0.734811 0.265089 9.9991E-05
0.705004 9.9991E-05 0.294896
0.737359 0.181589 0.0810525
0.663976 0.0414923 0.294532
0.681772 0.318128 9.9991E-05
0.581186 0.0329271 0.385887
0.721865 0.235051 0.0430843
0.7084 0.0846524 0.206948
0.679248 0.0672475 0.253504
0.769333 0.128123 0.102544
0.63247 0.0295025 0.338027
0.575421 0.026594 0.397984
0.840558 0.0414364 0.118006
0.611461 0.0203842 0.368154
0.676177 9.9991E-05 0.323723
0.927091 0.0728094 9.9991E-05
0.834942 0.0794904 0.0855681
0.730743 9.9991E-05 0.269157
0.871588 0.0939507 0.0344614
0.779826 0.0211887 0.198985
0.826903 0.172997 9.9991E-05
0.876526 9.9991E-05 0.123374
0.700079 0.0695408 0.23038
0.566592 9.9991E-05 0.433308
0.86341 0.0350861 0.101503
0.552374 0.101878 0.345748
0.547959 0.0482018 0.403839
0.615878 0.0417819 0.34234
0.630611 9.9991E-05 0.369289
0.711031 0.0820074 0.206962
0.773598 0.0667326 0.159669
0.71181 0.0278271 0.260363
0.654246 9.9991E-05 0.345654
0.611873 0.00908417 0.379043
0.704831 0.0949926 0.200176
0.658446 9.9991E-05 0.341454
0.624907 0.199782 0.175311
0.648927 9.9991E-05 0.350973
0.645226 0.0916697 0.263104
0.580547 0.0336704 0.385782
0.238844 0.319591 0.441566
0.378625 0.0988066 0.522568
0.388631 0.131691 0.479679
0.525269 0.0351455 0.439586
0.283896 0.132332 0.583772
0.70684 9.9991E-05 0.29306
0.379721 0.147741 0.472538
0.452746 0.368684 0.178571
0.502621 0.0237457 0.473633
0.41089 0.106353 0.482756
0.429829 0.0568764 0.513294
0.475263 0.199863 0.324874
0.359309 0.108508 0.532183
0.407676 0.105164 0.48716
0.148201 0.651785 0.200014
0.372507 0.128139 0.499354
0.330441 0.104722 0.564837
0.466144 0.0340171 0.499838
0.31377 0.171951 0.51428
0.353195 0.178511 0.468294
0.656043 9.9991E-05 0.343857
0.610187 0.0603997 0.329413
0.989584 0.0103162 9.9991E-05
0.925419 0.0744811 9.9991E-05
0.67033 9.9991E-05 0.32957
0.344104 0.112721 0.543175
0.312887 0.129586 0.557527
0.295708 0.320636 0.383656
0.311248 0.216339 0.472413
0.674899 0.198546 0.126555
0.584395 0.201305 0.2143
0.584641 9.9991E-05 0.415259
0.578854 0.0419881 0.379158
0.586899 0.159634 0.253467
0.505189 0.0845751 0.410236
0.575721 9.9991E-05 0.424179
0.52786 0.0912059 0.380934
0.863316 9.9991E-05 0.136584
0.779345 9.9991E-05 0.220555
0.62936 0.00951926 0.36112
0.650771 0.0948804 0.254348
0.595027 0.0325317 0.372441
0.736899 9.9991E-05 0.263001
0.91453 0.0144969 0.0709736
0.67672 0.00700438 0.316276
0.926116 9.9991E-05 0.0737836
0.720958 0.0208685 0.258173
0.535618 0.0473013 0.417081
0.712458 0.00446067 0.283082
0.4127 0.159876 0.427424
0.460805 0.145281 0.393914
0.321724 0.196544 0.481732
0.396341 0.189699 0.413959
0.49707 0.139933 0.362997
0.457386 0.134131 0.408483
0.557756 0.334242 0.108003
0.374968 0.0161723 0.60886
0.361097 0.513162 0.125741
0.486623 9.9991E-05 0.513277
0.957164 0.0174367 0.0253994
0.92635 0.0735498 9.9991E-05
0.730815 9.9991E-05 0.269085
0.639625 9.9991E-05 0.360275
0.830208 9.9991E-05 0.169692
0.708808 9.9991E-05 0.291092
0.687497 9.9991E-05 0.312403
0.0125674 0.811667 0.175765
0.0530179 0.81829 0.128692
9.9991E-05 0.906748 0.0931523
9.9991E-05 0.941668 0.0582316
0.660878 9.9991E-05 0.339022
0.646055 0.020101 0.333844
0.750245 9.9991E-05 0.249655
0.59503 0.0412599 0.36371
0.606885 0.0542551 0.33886
0.796395 0.0617633 0.141842
0.613925 9.9991E-05 0.385975
0.864783 9.9991E-05 0.135117
0.322924 0.213951 0.463125
0.742016 9.9991E-05 0.257884
0.817359 0.0192394 0.163401
0.715976 9.9991E-05 0.283924
0.776816 9.9991E-05 0.223084
0.659588 9.9991E-05 0.340312
0.661285 0.00775111 0.330964
0.9998 9.999E-05 9.999E-05
0.810958 0.00484628 0.184196
0.823461 9.9991E-05 0.176439
0.971204 0.0286958 9.9991E-05
0.740853 0.040583 0.218564
0.942244 0.0576559 9.9991E-05
0.90808 0.0918202 9.9991E-05
0.62874 9.9991E-05 0.37116
0.869785 0.0376223 0.0925923
0.718001 9.9991E-05 0.281899
0.563505 0.0168042 0.41969
0.694874 9.9991E-05 0.305026
0.783443 9.9991E-05 0.216457
0.703661 9.9991E-05 0.296239
0.745449 9.9991E-05 0.254451
0.820524 9.9991E-05 0.179376
0.666754 0.0262605 0.306985
0.270729 0.729171 9.9991E-05
0.159966 0.786646 0.0533882
0.111017 0.888883 9.9991E-05
0.0988631 0.901037 9.9991E-05
0.187978 0.801698 0.0103233
0.846584 0.0970295 0.0563865
0.909049 0.0908514 9.9991E-05
0.922297 9.9991E-05 0.0776027
0.560578 0.0378448 0.401577
0.509947 0.106227 0.383826
0.781957 0.00994919 0.208094
0.600567 9.9991E-05 0.399333
0.694676 9.9991E-05 0.305224
0.672755 9.9991E-05 0.327145
0.604357 9.9991E-05 0.395543
0.843597 9.9991E-05 0.156303
0.813265 9.9991E-05 0.186635
0.858493 9.9991E-05 0.141407
0.516525 0.0396384 0.443837
0.786678 9.9991E-05 0.213222
0.730134 9.9991E-05 0.269766
0.216823 0.0870983 0.696079
0.165684 0.118483 0.715833
0.161301 0.12274 0.715958
0.194747 0.120133 0.685119
0.274483 0.120455 0.605062
0.674406 0.00153767 0.324057
9.9991E-05 0.304261 0.695639
0.09652 0.201891 0.701589
0.489364 0.127798 0.382838
0.525377 0.103329 0.371294
0.614732 0.142339 0.242929
0.54404 0.0422482 0.413712
0.51549 0.094884 0.389626
0.122372 0.190323 0.687305
0.295313 0.12353 0.581157
0.185632 0.0552788 0.75909
0.31021 0.0722059 0.617584
0.167503 0.131744 0.700753
0.306054 0.129281 0.564665
0.10062 0.150982 0.748398
0.282514 0.118915 0.598571
0.61859 0.0434381 0.337972
0.293728 0.172064 0.534208
0.00156441 0.228902 0.769533
0.337467 0.134617 0.527916
0.664416 0.270277 0.065307
0.632857 0.00894597 0.358197
0.311005 0.167148 0.521848
0.537858 0.0791779 0.382964
0.529474 0.156656 0.31387
0.365441 0.207322 0.427237
0.283407 0.204481 0.512113
0.516459 0.0190771 0.464464
0.226276 0.113297 0.660427
0.19341 0.102379 0.704211
0.0410412 0.275449 0.68351
0.542857 0.050852 0.406291
0.671904 0.092624 0.235472
0.662677 0.246838 0.0904856
0.466428 0.0489904 0.484582
0.602191 0.134679 0.26313
0.435276 0.15182 0.412904
0.489339 0.130777 0.379884
0.30375 0.526813 0.169437
0.347186 0.532215 0.120599
0.527698 0.217808 0.254494
0.303669 0.450442 0.245889
0.158887 0.563129 0.277984
0.527566 0.166589 0.305845
0.407851 0.217925 0.374223
0.360486 0.337996 0.301518
0.318104 0.464249 0.217647
0.523327 0.113047 0.363626
0.442036 0.321902 0.236062
0.242441 0.659304 0.0982558
0.410962 0.0800015 0.509037
0.405998 0.194913 0.399088
0.236081 0.282755 0.481164
0.274855 0.0958419 0.629303
0.376882 0.10411 0.519008
0.357785 0.145546 0.496668
0.155494 0.360533 0.483973
0.325025 0.212946 0.462029
0.234491 0.185667 0.579842
0.314903 0.278883 0.406214
0.532466 0.177876 0.289657
0.424358 0.114255 0.461387
0.4425 0.120441 0.437059
0.465997 0.00843833 0.525565
0.195621 0.274815 0.529563
0.294071 0.197988 0.507941
0.177361 0.44464 0.377999
0.362752 0.142201 0.495047
0.174359 0.344945 0.480697
0.0974095 0.85618 0.046411
0.694292 0.305608 9.9991E-05
0.747364 0.252536 9.9991E-05
0.728136 0.271764 9.9991E-05
0.762873 0.237027 9.9991E-05
0.778832 0.221068 9.9991E-05
0.794694 0.205206 9.9991E-05
0.715046 0.284854 9.9991E-05
0.554083 0.445817 9.9991E-05
9.9991E-05 0.891463 0.108437
0.0716909 0.827943 0.100366
9.9991E-05 0.848237 0.151663
0.0790052 0.869757 0.0512376
9.9991E-05 0.894604 0.105296
9.9991E-05 0.948307 0.0515932
0.0475646 0.800208 0.152227
9.9991E-05 0.828498 0.171402
0.113471 0.712873 0.173655
9.9991E-05 0.892465 0.107435
0.0186661 0.940965 0.0403688
0.00371679 0.857796 0.138488
9.9991E-05 0.947321 0.0525794
9.9991E-05 0.888845 0.111055
9.9991E-05 0.832296 0.167604
9.9991E-05 0.807329 0.192571
9.9991E-05 0.768754 0.231146
9.9991E-05 0.767979 0.231921
9.9991E-05 0.793933 0.205967
0.559784 0.216587 0.223629
0.647643 9.9991E-05 0.352257
0.534461 0.138204 0.327335
0.787237 0.171681 0.0410816
0.588217 0.11981 0.291973
0.638298 0.32068 0.0410219
0.500971 0.0193569 0.479672
0.725541 0.0825055 0.191954
0.652441 0.0902106 0.257348
0.731711 9.9991E-05 0.268189
0.635671 0.130242 0.234087
0.528285 0.0466859 0.425029
0.637202 0.0814742 0.281324
0.856071 0.143829 9.9991E-05
0.767113 0.232787 9.9991E-05
0.743891 0.180578 0.0755304
0.547293 0.0204108 0.432296
0.574691 0.10368 0.321629
0.630339 0.102615 0.267046
0.623686 0.0700719 0.306242
0.35041 0.147832 0.501758
0.3817 0.135326 0.482974
0.34712 0.442515 0.210365
0.595415 0.0484826 0.356102
0.374097 0.193887 0.432016
0.230147 0.593758 0.176095
0.347587 0.252929 0.399484
0.257247 0.355258 0.387495
0.339553 0.309514 0.350933
0.441382 0.129058 0.42956
0.331349 0.180449 0.488202
0.405142 0.0785584 0.5163
0.375091 0.14759 0.477319
0.162677 0.444218 0.393106
