0.0905261 9.9991E-05 0.909374
0.072372 0.000122321 0.927506
0.162678 9.9991E-05 0.837222
0.189198 9.9991E-05 0.810702
0.139095 9.9991E-05 0.860805
0.125216 0.235699 0.639085
0.0932551 0.0175675 0.889177
0.0786572 0.104242 0.817101
9.9991E-05 0.0583204 0.94158
0.175208 0.0993789 0.725413
0.0418183 0.145198 0.812984
0.135025 0.756691 0.108284
0.381905 0.600015 0.0180799
0.136882 0.699235 0.163883
0.312214 0.5857 0.102086
0.370318 0.479155 0.150526
0.469743 0.519981 0.0102752
0.354758 0.645143 9.9991E-05
0.255259 0.586881 0.15786
9.9991E-05 0.743431 0.256469
0.330239 0.636895 0.0328664
0.320705 0.625655 0.0536397
0.317118 0.624867 0.0580144
0.248113 0.701713 0.0501733
0.466424 0.433643 0.0999325
0.383195 0.602417 0.0143881
0.139797 0.725198 0.135005
0.231061 0.667144 0.101795
0.102661 0.767808 0.129531
0.214396 9.9991E-05 0.785504
0.19688 9.9991E-05 0.80302
0.218036 9.9991E-05 0.781864
0.196618 0.0615995 0.741782
0.339621 0.660279 9.9991E-05
0.345909 0.569533 0.0845583
0.330561 0.669339 9.9991E-05
0.0392144 0.760424 0.200362
0.217898 0.781328 0.000773997
0.340576 0.566766 0.0926581
0.445693 0.554207 9.9991E-05
0.352065 0.567457 0.0804785
0.359636 0.613159 0.0272048
0.0527635 0.890845 0.0563918
0.373554 0.626346 9.9991E-05
0.371746 0.627606 0.000648325
0.415338 0.469762 0.114899
0.171052 0.828848 9.9991E-05
0.43877 0.56113 9.9991E-05
0.382911 0.55452 0.0625684
9.9991E-05 0.820934 0.178966
0.0419554 0.887912 0.0701326
9.9991E-05 0.815632 0.184268
0.417654 0.522641 0.0597049
0.46806 0.479169 0.0527712
0.466654 0.533246 9.9991E-05
0.0683447 0.726471 0.205184
0.315204 0.684696 9.9991E-05
0.460497 0.476866 0.0626374
0.155296 0.691535 0.15317
0.0756373 0.594217 0.330146
0.402214 0.54166 0.0561252
0.259972 0.638907 0.101121
9.9991E-05 0.823401 0.176499
0.32213 0.67777 9.9991E-05
0.451383 0.548517 9.9991E-05
0.44516 0.511435 0.0434043
0.199838 0.701945 0.0982167
0.366367 0.614 0.019633
0.40275 0.569766 0.0274839
0.0411196 0.842239 0.116642
0.247886 0.752014 9.9991E-05
0.10543 0.875276 0.0192939
0.345681 0.584221 0.0700971
9.9991E-05 0.965518 0.0343822
9.9991E-05 0.97646 0.0234399
0.138039 0.861861 9.9991E-05
0.281975 0.717925 9.9991E-05
0.387304 0.547003 0.0656927
0.231549 0.768351 9.9991E-05
0.124517 0.811056 0.0644276
0.108492 0.84308 0.0484283
0.414307 0.509739 0.0759535
0.195429 0.804471 9.9991E-05
0.227824 0.757584 0.0145918
0.172335 0.827322 0.000342698
9.9991E-05 0.923907 0.0759932
0.391967 0.607933 9.9991E-05
0.207859 0.000782206 0.791359
0.106063 9.9991E-05 0.893837
0.149589 9.9991E-05 0.850311
0.112467 9.9991E-05 0.887433
0.154452 9.9991E-05 0.845448
0.117878 9.9991E-05 0.882022
0.107276 9.9991E-05 0.892624
0.326871 0.619829 0.0532992
0.366357 0.607513 0.0261303
0.00193833 0.922519 0.075543
0.440777 0.492676 0.066547
0.223326 0.761827 0.0148466
0.365791 0.634109 9.9991E-05
0.352321 0.647579 9.9991E-05
0.346325 0.653575 9.9991E-05
9.9991E-05 0.884653 0.115247
0.404405 0.48521 0.110386
0.464611 0.515794 0.0195952
0.425838 0.548511 0.0256516
0.199 0.779732 0.0212676
0.336063 0.663837 9.9991E-05
0.261796 0.696335 0.0418683
0.291781 0.708119 9.9991E-05
0.255094 0.722911 0.0219954
0.361752 0.560211 0.0780364
0.0742194 0.800336 0.125444
0.306614 0.547186 0.1462
0.40754 0.544201 0.0482586
0.430698 0.513586 0.0557163
0.238434 0.722865 0.0387
0.392624 0.607276 9.9991E-05
0.243457 0.693526 0.0630165
0.296792 0.61955 0.0836579
0.355506 0.535349 0.109145
0.357742 0.642158 9.9991E-05
0.20414 0.74657 0.04929
0.402054 0.56489 0.0330568
0.43834 0.56156 9.9991E-05
0.387283 0.597139 0.0155775
0.417745 0.490473 0.0917821
0.371588 0.628312 9.9991E-05
0.192493 0.61488 0.192627
0.421459 0.578441 9.9991E-05
0.381637 0.618263 9.9991E-05
0.137349 0.744827 0.117823
0.0920907 0.729327 0.178582
0.32978 0.620213 0.0500066
0.038106 0.905058 0.0568355
0.0648305 0.750145 0.185024
0.290179 0.664282 0.045539
0.106145 0.79639 0.0974653
0.0982974 0.80858 0.0931229
0.427871 0.534517 0.0376118
0.398669 0.477335 0.123996
0.379411 0.560113 0.0604762
0.07297 0.826216 0.100814
0.429089 0.465977 0.104934
0.367183 0.526684 0.106134
9.9991E-05 0.67474 0.32516
0.455933 0.509077 0.0349897
0.273464 0.63633 0.0902061
0.346431 0.550239 0.10333
0.153494 0.629203 0.217303
9.9991E-05 0.790749 0.209151
0.231093 0.712499 0.0564074
0.252044 0.628861 0.119095
0.254796 0.561018 0.184186
0.125107 0.65709 0.217802
0.446237 0.505219 0.0485445
0.16517 0.83473 9.9991E-05
0.256998 0.742902 9.9991E-05
0.375335 0.587326 0.0373388
0.370293 0.224287 0.40542
0.157954 0.0768117 0.765235
0.144606 0.153489 0.701905
0.406417 0.129084 0.464499
0.432055 0.567845 9.9991E-05
0.400757 0.553389 0.0458541
0.909843 0.0900566 9.9991E-05
0.652533 0.314134 0.0333333
0.626046 0.293218 0.0807355
0.207269 0.751871 0.0408607
0.367114 0.525675 0.107211
0.0930899 0.792464 0.114447
0.397711 0.58977 0.0125191
0.225799 0.670735 0.103466
0.401741 0.575662 0.0225965
0.0768477 0.87101 0.0521419
0.44459 0.55531 9.9991E-05
0.373555 0.620533 0.00591215
0.906108 9.9991E-05 0.093792
0.942367 9.9991E-05 0.0575333
0.747632 0.161106 0.0912617
0.871534 0.0780215 0.0504449
0.896989 9.9991E-05 0.102911
0.939095 9.9991E-05 0.0608051
0.88954 9.9991E-05 0.11036
0.988915 9.9991E-05 0.0109851
0.994339 9.9991E-05 0.00556123
0.939285 9.9991E-05 0.0606146
0.924293 9.9991E-05 0.075607
0.923946 0.0172017 0.0588519
0.846583 9.9991E-05 0.153317
0.938458 9.9991E-05 0.0614419
0.564661 0.349143 0.0861962
0.789398 0.104084 0.106518
0.863112 0.0236894 0.113198
0.893296 9.9991E-05 0.106604
0.947965 9.9991E-05 0.0519347
0.899842 9.9991E-05 0.100058
0.941817 9.9991E-05 0.0580828
0.799563 0.130397 0.0700399
0.880613 9.9991E-05 0.119287
0.0488245 0.443304 0.507871
0.298436 0.491234 0.21033
0.288286 0.486025 0.225689
0.188408 0.448363 0.363229
0.424093 0.411523 0.164384
0.255389 0.373269 0.371342
0.395363 0.432919 0.171718
0.37328 0.421619 0.205101
0.387996 0.439536 0.172468
0.473251 0.361066 0.165683
0.359826 0.473242 0.166931
0.0558844 0.0937196 0.850396
0.0987949 9.9991E-05 0.901105
0.0344593 9.9991E-05 0.965441
0.0548081 0.00247119 0.942721
0.112752 9.9991E-05 0.887148
0.107939 9.9991E-05 0.891961
0.139315 9.9991E-05 0.860585
0.0657361 0.0120725 0.922191
0.0873679 9.9991E-05 0.912532
0.135871 9.9991E-05 0.864029
9.9991E-05 0.265592 0.734308
9.9991E-05 0.323775 0.676125
9.9991E-05 0.32686 0.67304
9.9991E-05 0.410362 0.589538
0.316872 0.666493 0.0166355
0.281812 0.718088 9.9991E-05
0.278077 0.719584 0.00233894
0.144841 0.748712 0.106446
0.0224653 0.834048 0.143486
0.405932 0.593968 9.9991E-05
0.344152 0.655748 9.9991E-05
0.278487 0.721413 9.9991E-05
0.209712 0.790188 9.9991E-05
0.449234 0.544505 0.00626123
0.206312 0.793588 9.9991E-05
9.9991E-05 0.99117 0.00873008
0.289705 0.636219 0.0740764
0.155675 0.811222 0.0331031
0.273077 0.726823 9.9991E-05
9.9991E-05 0.904101 0.0957994
9.9991E-05 0.690091 0.309809
9.9991E-05 0.713134 0.286766
9.9991E-05 0.730288 0.269612
9.9991E-05 0.694002 0.305898
9.9991E-05 0.752634 0.247266
9.9991E-05 0.71828 0.28162
0.124115 9.9991E-05 0.875785
0.17424 9.9991E-05 0.82566
0.26261 9.9991E-05 0.73729
0.220621 9.9991E-05 0.779279
0.209199 0.0127097 0.778091
9.9991E-05 0.434476 0.565424
9.9991E-05 0.386639 0.613261
9.9991E-05 0.420625 0.579275
0.225758 9.9991E-05 0.774143
9.9991E-05 0.471986 0.527914
0.572342 0.101664 0.325994
0.556556 0.305305 0.138139
0.665384 0.191038 0.143578
0.484647 0.265719 0.249634
0.532495 0.302001 0.165503
0.352432 0.0756133 0.571955
0.19496 0.779171 0.0258688
0.187691 0.770505 0.0418048
0.114281 0.729949 0.15577
0.304371 0.695529 9.9991E-05
9.9991E-05 0.916845 0.0830549
0.396027 0.52501 0.078963
0.340332 0.641006 0.0186621
0.100959 0.805422 0.0936191
0.357759 0.537336 0.104906
9.9991E-05 0.916636 0.0832644
0.322354 0.655152 0.0224946
0.303891 0.696009 9.9991E-05
0.426297 0.474615 0.0990888
0.231487 0.768413 9.9991E-05
0.237673 0.746336 0.015991
0.388185 0.611715 9.9991E-05
0.342009 0.657891 9.9991E-05
0.43277 0.56713 9.9991E-05
0.400627 0.544627 0.0547456
0.343148 0.57454 0.082312
0.233283 9.9991E-05 0.766617
0.166143 0.0253765 0.80848
0.0980642 0.095889 0.806047
0.129922 0.049862 0.820216
0.179673 0.0149848 0.805342
0.0905835 0.771144 0.138273
0.353668 0.587567 0.058765
0.473476 0.287553 0.23897
0.419474 0.580426 9.9991E-05
0.322226 0.622037 0.0557378
0.187477 0.719914 0.0926088
9.9991E-05 0.729991 0.269909
0.352174 0.645464 0.00236167
0.0524792 0.725895 0.221626
0.342785 0.587403 0.0698116
9.9991E-05 0.707291 0.292609
0.405194 0.505819 0.0889872
0.0135756 0.757677 0.228748
0.163083 0.681754 0.155164
0.266938 0.653425 0.0796369
0.131077 0.736323 0.1326
0.354168 0.633218 0.0126133
0.365925 0.541009 0.0930666
0.174414 0.75744 0.0681463
0.361367 0.551863 0.0867706
0.294937 0.654722 0.0503409
9.9991E-05 0.927787 0.0721132
0.0792371 0.849661 0.0711023
0.278387 0.712771 0.00884207
9.9991E-05 0.873657 0.126243
0.227722 0.747244 0.0250334
0.00989428 0.806176 0.183929
0.128087 0.871813 9.9991E-05
0.244335 0.667632 0.0880329
0.436613 0.514856 0.0485305
0.116655 0.850149 0.0331963
0.365209 0.591086 0.0437053
0.396555 0.581522 0.0219227
0.355857 0.644043 9.9991E-05
0.393806 0.581944 0.0242493
0.247641 0.64302 0.10934
0.176724 0.745833 0.0774437
0.273935 0.653909 0.072157
0.393049 0.606851 9.9991E-05
0.394551 0.579589 0.0258601
0.26769 0.623946 0.108365
0.407869 0.592031 9.9991E-05
0.234637 0.609688 0.155674
0.38097 0.61893 9.9991E-05
0.343788 0.647393 0.00881842
0.366712 0.550819 0.0824689
0.448324 0.281598 0.270078
0.530106 0.404919 0.0649753
0.477401 0.460211 0.0623873
0.518486 0.441986 0.0395275
0.523405 0.303868 0.172727
0.272331 0.727569 9.9991E-05
0.469951 0.391778 0.138271
0.150702 0.454458 0.39484
0.43743 0.48923 0.0733395
0.505694 0.463706 0.0305995
0.584517 0.375816 0.0396667
0.325647 0.479803 0.19455
0.487121 0.311472 0.201407
0.548743 0.331801 0.119456
0.181762 0.137981 0.680257
0.573897 0.313696 0.112407
0.559995 0.300215 0.139789
0.483844 0.444365 0.0717915
0.622014 0.250513 0.127474
0.448609 0.421278 0.130113
0.252255 0.715204 0.0325411
0.34807 0.549186 0.102744
9.9991E-05 0.976914 0.0229862
9.9991E-05 0.929184 0.0707158
0.344251 0.564044 0.0917049
0.579781 0.308081 0.112138
0.572408 0.298525 0.129067
0.42551 0.288866 0.285625
0.490132 0.28598 0.223888
0.140262 0.674053 0.185684
0.209362 0.610929 0.179709
0.467092 0.532808 9.9991E-05
0.397349 0.572933 0.0297179
0.264623 0.59432 0.141057
0.423385 0.507681 0.0689334
0.491755 0.508146 9.9991E-05
0.463598 0.464476 0.0719264
0.1344 0.8563 0.00930055
0.232867 0.73921 0.0279235
0.341587 0.633996 0.0244173
0.293963 0.622343 0.0836939
0.328754 0.639258 0.0319872
0.257738 0.742162 9.9991E-05
0.0890666 0.891089 0.0198446
0.399756 0.580767 0.0194773
0.112175 0.878588 0.00923702
0.311336 0.653002 0.0356618
0.344699 0.651461 0.00383973
0.340745 0.65216 0.00709474
0.492325 0.364015 0.14366
0.408052 0.498706 0.0932417
0.496754 0.289515 0.21373
0.410015 0.362453 0.227532
0.441505 0.379543 0.178952
0.415946 0.416967 0.167087
0.126381 0.513999 0.35962
0.629797 0.370103 9.9991E-05
0.131397 0.332374 0.536229
0.524606 0.446472 0.0289216
0.0244654 0.975435 9.99993E-05
9.9991E-05 0.887035 0.112865
0.261529 0.738371 9.9991E-05
0.375302 0.624598 9.9991E-05
0.206507 0.793393 9.9991E-05
0.308228 0.691672 9.9991E-05
0.329131 0.67077 9.9991E-05
0.133064 0.0631078 0.803828
0.162733 0.0378844 0.799382
0.0914256 9.9991E-05 0.908474
0.109694 9.9991E-05 0.890206
0.316759 0.68307 0.000171333
0.348512 0.651388 9.9991E-05
0.214795 0.785105 9.9991E-05
0.42174 0.57816 9.9991E-05
0.384568 0.58547 0.0299623
0.114572 0.85713 0.028298
0.427483 0.572417 9.9991E-05
0.226004 0.773896 9.9991E-05
0.492833 0.31877 0.188397
0.314189 0.685711 9.9991E-05
0.149644 0.850256 9.9991E-05
0.303582 0.696318 9.9991E-05
0.23111 0.76879 9.9991E-05
0.31566 0.68424 9.9991E-05
0.355517 0.644383 9.9991E-05
0.0250165 0.974883 9.9991E-05
0.14884 0.836263 0.0148978
0.159897 0.822029 0.0180744
9.999E-05 0.9998 9.999E-05
0.266633 0.696149 0.037218
0.0122877 0.900644 0.0870681
9.9991E-05 0.909029 0.0908709
0.35067 0.64923 9.9991E-05
0.118374 0.867377 0.0142495
0.302757 0.697143 9.9991E-05
0.405695 0.582413 0.0118916
0.309238 0.690662 9.9991E-05
0.249704 0.750196 9.9991E-05
0.383212 0.604493 0.0122946
0.330758 0.669142 9.9991E-05
0.131333 0.868567 9.9991E-05
0.374385 0.597702 0.0279129
0.0282806 0.247228 0.724491
0.0656244 0.126263 0.808112
9.9991E-05 0.0966071 0.903293
9.9991E-05 0.0892743 0.910626
0.0403909 0.18511 0.774499
0.0701687 0.837588 0.0922437
0.0282281 0.885965 0.0858069
0.0738708 0.926029 9.9991E-05
0.345155 0.513444 0.141401
0.359796 0.597686 0.0425186
0.197876 0.799819 0.00230513
0.419323 0.580577 9.9991E-05
0.329683 0.651384 0.0189328
0.286689 0.713211 9.9991E-05
0.358875 0.633521 0.00760402
0.137546 0.862354 9.9991E-05
0.167553 0.832347 9.9991E-05
0.160382 0.839518 9.9991E-05
0.388572 0.554601 0.0568268
0.218493 0.781407 9.99945E-05
0.253685 0.746215 9.9991E-05
0.734209 0.169983 0.0958085
0.696266 0.157651 0.146083
0.731184 0.184773 0.0840422
0.729944 0.0911894 0.178866
0.633083 0.284005 0.0829117
0.322394 0.65822 0.0193851
0.709658 9.9991E-05 0.290242
0.670634 0.107529 0.221836
0.427202 0.472381 0.100418
0.337752 0.535446 0.126802
0.26793 0.5918 0.14027
0.416505 0.538221 0.0452744
0.364766 0.615498 0.0197363
0.796282 9.9991E-05 0.203618
0.597705 0.312337 0.0899576
0.824619 0.125245 0.0501354
0.624624 0.250331 0.125046
0.744606 0.0921196 0.163275
0.636182 0.279083 0.0847349
0.725552 0.0945184 0.179929
0.710944 0.248139 0.0409168
0.422472 0.483663 0.093865
0.635321 0.257621 0.107058
0.75081 0.0151405 0.234049
0.625025 0.226987 0.147988
0.076946 0.625083 0.297971
0.430573 0.558406 0.0110213
0.494739 0.342115 0.163146
0.410341 0.535046 0.0546133
0.333532 0.528625 0.137843
0.420728 0.362503 0.216769
0.497025 0.254559 0.248415
0.486011 0.456345 0.0576445
0.66901 0.268303 0.0626865
0.713465 0.17942 0.107115
0.711802 9.9991E-05 0.288098
0.376981 0.522158 0.100862
0.215902 0.659979 0.12412
0.16735 0.615719 0.216931
0.486875 0.468504 0.0446212
0.255574 0.577856 0.16657
0.411442 0.362252 0.226306
0.370743 0.498752 0.130505
0.230834 0.234748 0.534417
0.144405 0.340501 0.515094
0.355983 0.464883 0.179134
0.251915 0.254211 0.493874
0.226452 0.192881 0.580667
0.36338 0.479146 0.157474
0.356845 0.373228 0.269927
0.307732 0.308222 0.384046
0.27971 0.342807 0.377482
0.426894 0.402507 0.170599
0.222992 0.484365 0.292643
0.0770832 0.26363 0.659287
0.506143 0.431532 0.0623248
0.464624 0.339079 0.196297
0.431098 0.26248 0.306422
0.620562 0.27615 0.103288
0.509219 0.368238 0.122543
0.554932 0.272856 0.172212
0.510053 0.142451 0.347497
0.528185 0.31834 0.153475
0.544102 0.25368 0.202218
0.45147 0.246886 0.301645
0.328712 0.52919 0.142099
0.42706 0.4434 0.129539
0.410765 0.472089 0.117146
0.506457 0.459596 0.0339471
0.545902 0.204866 0.249232
0.508469 0.306966 0.184565
0.352146 0.202328 0.445527
0.528189 0.287536 0.184275
0.497699 0.203824 0.298477
0.0184846 0.138719 0.842797
9.9991E-05 0.756809 0.243091
9.9991E-05 0.749702 0.250198
9.9991E-05 0.726469 0.273431
9.9991E-05 0.772675 0.227225
9.9991E-05 0.73805 0.26185
9.9991E-05 0.799163 0.200737
9.9991E-05 0.720042 0.279858
9.9991E-05 0.572713 0.427187
0.0981976 0.00266049 0.899142
0.113102 0.0469137 0.839985
0.113664 9.9991E-05 0.886236
0.0423013 0.0984662 0.859232
0.112988 9.9991E-05 0.886912
0.0783057 9.9991E-05 0.921594
0.191243 9.9991E-05 0.808657
0.167838 9.9991E-05 0.832062
0.155218 0.103353 0.741429
0.11954 9.9991E-05 0.88036
0.0274594 9.9991E-05 0.972441
0.16929 9.9991E-05 0.83061
0.0458519 9.9991E-05 0.954048
0.116289 9.9991E-05 0.883611
0.125721 0.0148867 0.859393
0.189758 9.9991E-05 0.810142
0.242684 9.9991E-05 0.757216
0.228773 9.9991E-05 0.771127
0.219126 9.9991E-05 0.780774
0.244773 0.561785 0.193442
0.411686 0.587429 0.000885168
0.430033 0.532138 0.0378293
0.0395227 0.776206 0.184271
0.357296 0.488346 0.154358
0.0398184 0.665819 0.294362
0.465705 0.510966 0.0233289
0.194983 0.703623 0.101393
0.309955 0.660277 0.029768
0.258033 0.665347 0.0766201
0.262772 0.661558 0.0756695
0.3806 0.601161 0.0182388
0.38118 0.577404 0.0414154
9.9991E-05 0.843342 0.156558
9.9991E-05 0.789318 0.210582
0.106631 0.695316 0.198053
0.432033 0.528069 0.0398978
0.361505 0.541572 0.0969232
0.32294 0.554192 0.122868
0.471492 0.528408 9.9991E-05
0.443748 0.393068 0.163184
0.480316 0.411208 0.108476
0.273084 0.253002 0.473915
0.428805 0.48189 0.0893043
0.408574 0.384403 0.207023
0.159985 0.21086 0.629155
0.437044 0.277534 0.285422
0.376692 0.255103 0.368205
0.354676 0.364128 0.281195
0.468351 0.387584 0.144066
0.558075 0.289416 0.15251
0.557478 0.337938 0.104584
0.444645 0.379476 0.175879
0.391387 0.191141 0.417472
