0.0336042 0.920899 0.0400286 9.9982E-05 0.00526841 9.9982E-05
9.9973E-05 0.973688 9.9973E-05 9.9973E-05 0.0240298 0.00198258
0.0337319 0.882537 0.0175246 0.000929149 9.9991E-05 0.0651774
0.133417 0.817105 9.9973E-05 9.9973E-05 0.0491784 9.9973E-05
0.0878092 0.911791 9.9964E-05 9.9964E-05 9.9964E-05 9.9964E-05
0.10352 0.660463 0.0427814 0.120597 0.0525598 0.0200784
0.024461 0.81071 9.9982E-05 0.127413 0.037216 9.9982E-05
0.0365578 0.735672 0.0181508 0.128588 0.080932 9.9991E-05
9.99729E-05 0.825039 9.99729E-05 0.0299739 0.144687 9.99729E-05
0.0557482 0.78447 0.00270891 0.126088 0.0308845 9.9991E-05
0.0869613 0.761703 9.9982E-05 0.107093 0.0440427 9.9982E-05
0.25681 0.0321332 0.0209904 0.070365 0.486132 0.133569
0.545532 0.0680182 0.0438758 0.0045338 0.297058 0.0409816
0.234918 9.9991E-05 0.100237 0.0745849 0.508083 0.082077
0.268072 0.0223542 0.12421 0.0434801 0.474682 0.0672024
0.418529 0.0551979 0.134445 9.9991E-05 0.345191 0.046537
0.540944 0.0392502 0.099403 0.0699222 0.180202 0.0702787
0.481458 0.0364335 0.0130792 0.0760266 0.281901 0.111102
0.292078 0.124279 0.068275 0.0826568 0.388998 0.0437138
0.0519003 0.0308892 0.00237435 0.126136 0.685312 0.103387
0.448847 0.0419427 0.0252308 0.0700803 0.278715 0.135184
0.450293 0.0159981 0.0620848 0.183057 0.213262 0.0753056
0.536963 0.0126311 0.0401763 0.0593892 0.245438 0.105402
0.223006 0.0633765 0.0796949 0.0645161 0.403735 0.165672
0.638417 0.120748 0.0730414 0.00841887 0.106452 0.0529229
0.546958 0.0164488 0.0537701 0.0602811 0.287395 0.0351471
0.239126 0.047952 0.0273814 0.0496829 0.484386 0.151472
0.272331 0.065627 0.0838903 0.0240684 0.438928 0.115155
0.242806 0.00598952 0.00748337 0.142664 0.480356 0.120701
0.0893038 0.887505 0.0228909 9.9973E-05 9.9973E-05 9.9973E-05
0.131399 0.868201 9.9964E-05 9.9964E-05 9.9964E-05 9.9964E-05
0.113827 0.806971 0.0789015 9.9973E-05 9.9973E-05 9.9973E-05
0.16011 0.756244 0.0833462 9.9973E-05 9.9973E-05 9.9973E-05
0.497659 0.0881254 9.9991E-05 0.0974259 0.0805639 0.236126
0.469932 0.0910518 0.0608497 9.9991E-05 0.0574213 0.320645
0.52089 0.00879272 0.0296396 0.0497877 0.012519 0.378371
0.171135 0.0263116 0.00703644 0.0240961 0.670244 0.101177
0.238374 9.9991E-05 0.029929 0.172789 0.000176162 0.558632
0.532466 0.0911804 0.00967321 9.9991E-05 0.12891 0.23767
0.704327 0.0691343 9.9982E-05 0.0163492 9.9982E-05 0.209989
0.569515 0.131371 9.9991E-05 0.172511 0.0493788 0.0771247
0.613013 0.0970903 0.0132945 0.0599391 0.111171 0.105492
0.102716 0.0224764 9.9982E-05 9.9982E-05 0.171881 0.702727
0.649301 0.0468264 0.0261716 0.247351 0.0302507 9.9991E-05
0.626903 0.0552778 0.00301488 0.093391 0.0285462 0.192867
0.600039 0.141284 0.059896 0.0968265 0.00649223 0.0954614
0.32886 9.9973E-05 9.9973E-05 0.11842 9.9973E-05 0.55242
0.629477 0.0987893 0.00429062 9.9991E-05 0.012159 0.255184
0.516107 0.169601 0.0431133 9.9991E-05 0.0624075 0.208672
9.9964E-05 9.9964E-05 9.9964E-05 0.433138 9.9964E-05 0.566462
0.181002 9.9982E-05 9.9982E-05 0.128713 0.598093 0.0919924
0.170386 9.9991E-05 0.0584234 0.371092 0.255744 0.144254
0.623865 0.0413307 0.0406505 0.109984 0.145659 0.0385109
0.630292 0.0889741 0.0334164 0.104869 0.101868 0.04058
0.643538 0.11198 0.030687 0.110803 0.063578 0.039414
0.204767 0.122576 9.9991E-05 0.0488312 0.529766 0.0939601
0.549338 9.9991E-05 0.0271064 0.0608594 0.346587 0.0160096
0.584856 0.0979632 0.00588939 0.0870913 0.125915 0.0982852
0.38574 0.0900719 0.0246781 0.0769251 0.275852 0.146733
0.139493 0.150626 0.0149405 0.142399 0.473681 0.0788609
0.564707 0.100358 0.0492231 0.0787487 0.119465 0.087499
0.465148 0.0739284 0.0451514 0.0925374 0.243509 0.0797254
0.0955321 0.0766219 9.9991E-05 0.146206 0.576903 0.104637
0.445867 9.9991E-05 0.0183564 0.058596 0.395399 0.0816813
0.595672 0.04395 0.0614785 0.131632 0.074009 0.093259
0.63284 0.101098 9.9991E-05 0.0499091 0.181812 0.0342412
0.258109 0.0772983 0.0590151 0.0504171 0.394267 0.160894
0.524349 0.0497808 0.0290536 0.0823341 0.213786 0.100696
0.552289 0.0448953 0.030645 0.0800833 0.168699 0.123388
0.253045 0.0283612 9.9991E-05 0.13601 0.480487 0.101996
0.4603 0.0327875 9.9982E-05 9.9982E-05 0.0443625 0.46235
0.141382 0.0274561 0.0137349 9.9991E-05 0.0735543 0.743772
0.468231 0.10858 0.0470747 0.0619654 0.0532001 0.260949
9.9964E-05 9.9964E-05 9.9964E-05 0.188933 9.9964E-05 0.810667
9.9964E-05 9.9964E-05 9.9964E-05 0.188509 9.9964E-05 0.811091
0.188262 9.9982E-05 0.0172938 0.0964358 9.9982E-05 0.697808
0.45226 0.0407411 9.9982E-05 9.9982E-05 0.0670835 0.439715
0.483163 0.111332 0.081641 0.12301 9.9991E-05 0.200754
0.454498 9.9982E-05 0.008219 0.0404206 9.9982E-05 0.496663
0.102909 0.0539256 9.9982E-05 9.9982E-05 0.201092 0.641873
0.236023 0.00784271 9.9982E-05 9.9982E-05 0.156927 0.599008
0.480825 0.0972011 0.0595616 0.0380177 0.0158027 0.308592
0.292035 0.0585232 9.9982E-05 9.9982E-05 0.0288888 0.620353
0.427557 0.043672 9.9982E-05 9.9982E-05 0.0606413 0.46793
0.454686 0.00871329 9.9982E-05 0.0800578 9.9982E-05 0.456343
9.9964E-05 9.9964E-05 9.9964E-05 0.372066 9.9964E-05 0.627534
0.58417 0.00216151 0.0526493 0.0557139 0.0333992 0.271906
0.075676 0.846273 9.9982E-05 9.9982E-05 0.0632718 0.0145793
0.0715064 0.922191 0.00600239 9.9973E-05 9.9973E-05 9.9973E-05
0.100369 0.86024 0.039091 9.9973E-05 9.9973E-05 9.9973E-05
0.013323 0.917374 0.0586043 9.9982E-05 9.9982E-05 0.0104986
9.9973E-05 0.951553 0.0402493 0.00789828 9.9973E-05 9.9973E-05
0.0772598 0.870462 0.0437306 0.00834711 9.9982E-05 9.9982E-05
0.0653161 0.931859 0.00252473 9.9973E-05 9.9973E-05 9.9973E-05
0.532312 0.0570665 0.0764535 9.9991E-05 0.09466 0.239408
0.558277 0.138051 0.0490533 0.0401248 0.0351103 0.179383
9.9982E-05 0.036067 9.9982E-05 0.00668694 0.212977 0.744069
0.542138 0.0673234 0.0694925 0.0343697 0.0864012 0.200275
0.36078 0.022462 9.9982E-05 9.9982E-05 0.117297 0.499261
0.508427 0.0565756 9.9982E-05 9.9982E-05 0.0466619 0.388135
0.552782 0.035479 0.0134079 0.096183 0.0139231 0.288225
0.429867 0.000958529 0.0783494 0.00407028 0.0307726 0.455982
9.9973E-05 0.0298619 9.9973E-05 9.9973E-05 0.250473 0.719365
0.486167 0.114268 0.0687589 0.019511 0.0939478 0.217348
0.66473 0.0968778 9.9991E-05 0.0451548 0.0387096 0.154428
0.614635 0.119024 0.0316469 0.0485544 0.0620926 0.124047
0.246136 9.9982E-05 0.0186962 0.212202 9.9982E-05 0.522765
0.484533 9.9982E-05 0.00554838 0.0743277 9.9982E-05 0.435391
0.454871 0.0179806 9.9982E-05 9.9982E-05 0.136119 0.390829
0.365263 9.9982E-05 0.00256277 0.0729737 9.9982E-05 0.559
0.433974 0.0594962 9.9982E-05 9.9982E-05 0.112694 0.393636
0.456565 0.114636 0.0681719 0.0401492 0.106459 0.214019
0.31725 9.9991E-05 0.0556432 0.246676 0.367647 0.0126836
0.471501 0.0668593 9.9991E-05 0.0667542 0.378482 0.0163035
0.58732 0.129273 0.0386332 0.101745 0.142929 9.9991E-05
0.584495 0.0858989 0.0585519 0.0747661 0.13786 0.0584285
0.480131 0.0517886 9.9991E-05 0.041529 0.382296 0.044155
0.572495 0.0224798 0.0629579 0.0328849 0.268369 0.0408137
0.497334 0.0620144 9.9991E-05 0.0191896 0.420284 0.00107853
0.54648 0.0573348 0.026183 0.167277 0.170545 0.0321801
0.604046 0.083288 0.0571498 0.00724358 0.218716 0.029557
0.611645 0.0392716 0.00252335 0.0649722 0.253572 0.0280156
0.622494 0.0325004 9.9991E-05 0.0210601 0.30676 0.0170847
0.653639 0.028454 0.0340502 0.102464 0.173131 0.00826243
0.62403 0.102884 0.0364987 0.076327 0.159245 0.00101616
0.585947 9.9991E-05 0.0679793 0.100807 0.213915 0.0312514
0.565354 0.0742287 0.0495234 0.132869 0.168131 0.00989418
0.579297 9.9991E-05 0.049088 0.063595 0.233758 0.0741624
0.350975 0.0943459 0.0362096 0.268329 0.250041 9.9991E-05
0.721725 0.05277 9.9991E-05 0.078898 0.137192 0.00931448
0.70892 0.0043632 0.00831234 0.0812262 0.197078 9.9991E-05
0.202372 0.0130196 0.0317439 0.0375976 0.570194 0.145073
0.204634 9.9991E-05 0.00131344 0.410118 0.348054 0.0357806
0.50719 0.0195626 0.0395704 0.108383 0.250635 0.0746593
0.117843 9.9991E-05 0.00285486 0.444205 0.347367 0.0876306
0.372066 9.9982E-05 9.9982E-05 0.0195142 0.534072 0.0741475
0.452747 9.9991E-05 0.000770915 0.0285454 0.425644 0.0921934
0.369737 0.0215392 9.9991E-05 0.000911343 0.488892 0.11882
0.374009 9.9982E-05 9.9982E-05 0.0391903 0.51021 0.076391
0.573513 0.0469898 0.0149808 0.0849855 0.214103 0.0654281
0.57814 0.137153 0.0185925 0.0617489 0.124221 0.0801447
0.63325 0.0184003 0.0197826 0.0676949 0.254425 0.00644749
0.245378 9.9991E-05 0.0133937 0.323804 0.3833 0.0340246
0.486941 0.177791 0.0384126 0.105941 0.106508 0.0844078
0.518572 0.0623007 0.0187429 0.316818 0.0590825 0.0244841
9.9982E-05 0.118466 9.9982E-05 0.74751 0.0707051 0.0631192
0.687208 0.0708261 0.0531567 0.148685 9.9991E-05 0.0400248
0.359849 0.0712123 0.0138634 0.378101 0.10287 0.0741041
0.506913 0.116878 0.0565522 0.217303 0.0797889 0.022565
0.254211 0.0802594 9.9991E-05 0.479027 0.121172 0.0652306
0.11344 0.0603362 9.9991E-05 0.621989 0.134052 0.0700832
0.451508 0.0543055 0.00606818 0.337764 0.0981577 0.052197
0.536335 0.120802 0.0139981 0.147581 0.133737 0.0475467
0.454574 0.16435 0.0360968 0.216301 0.0984298 0.0302486
0.108509 0.0473282 0.0750183 0.529831 0.0875235 0.15179
0.580276 0.0963794 0.0246768 0.147451 0.101462 0.0497549
0.357401 9.9982E-05 9.9982E-05 0.473824 0.0889125 0.0796622
0.474136 9.9982E-05 9.9982E-05 0.355202 0.0942231 0.0762389
0.583073 0.0988014 0.0421391 0.170433 0.0593654 0.0461881
0.141681 0.36904 0.252269 0.236809 9.9982E-05 9.9982E-05
9.9973E-05 0.469919 0.137342 0.392438 9.9973E-05 9.9973E-05
9.9973E-05 0.439859 0.120551 0.43929 9.9973E-05 9.9973E-05
0.0713272 0.354337 0.285095 0.289041 9.9982E-05 9.9982E-05
0.629619 9.9982E-05 9.9982E-05 0.281447 0.0215366 0.067197
0.620534 0.0939843 0.0355374 0.156118 0.0527632 0.0410623
0.327887 9.9973E-05 0.661537 9.9973E-05 0.0102756 9.9973E-05
0.409544 0.0202609 0.438843 9.9991E-05 0.0872301 0.0440224
0.382528 0.0884468 0.380548 0.00985741 0.0997282 0.0388912
0.301794 9.9991E-05 0.0161777 0.565082 0.0845575 0.0322891
0.507138 0.10656 0.0214591 0.212756 0.0824599 0.0696277
0.301294 9.9973E-05 9.9973E-05 0.620589 0.0778171 9.9973E-05
0.660629 0.0462052 9.9982E-05 0.280393 0.0125726 9.9982E-05
0.527376 0.0674688 9.9982E-05 0.369674 0.035281 9.9982E-05
0.634413 9.9973E-05 9.9973E-05 0.356004 9.9973E-05 0.00928321
0.283066 9.9973E-05 9.9973E-05 0.689437 0.0271974 9.9973E-05
0.664526 0.0950913 0.0138266 0.208066 9.9991E-05 0.0183894
0.61573 0.107965 9.9982E-05 0.192107 0.0839975 9.9982E-05
0.0247168 0.00543391 0.969124 9.9982E-05 0.000525421 9.9982E-05
0.0533813 9.9982E-05 0.903404 9.9982E-05 0.0244061 0.0186084
0.274921 0.0560888 0.55618 0.0241574 0.0450532 0.0435997
0.353642 9.9973E-05 0.620349 9.9973E-05 0.0257094 9.9973E-05
0.122301 0.00261586 0.808243 9.9991E-05 0.0164919 0.0502491
9.996E-05 9.996E-05 0.9995 9.996E-05 9.996E-05 9.996E-05
9.9973E-05 9.9973E-05 0.963854 9.9973E-05 0.0312949 0.00455129
0.137074 9.9964E-05 0.862526 9.9964E-05 9.9964E-05 9.9964E-05
9.9964E-05 9.9964E-05 0.938756 9.9964E-05 0.0608444 9.9964E-05
9.996E-05 9.996E-05 0.9995 9.996E-05 9.996E-05 9.996E-05
9.996E-05 9.996E-05 0.9995 9.996E-05 9.996E-05 9.996E-05
0.210315 0.0248384 0.764547 9.9973E-05 9.9973E-05 9.9973E-05
0.107651 0.0265397 0.809106 9.9982E-05 0.0565035 9.9982E-05
9.996E-05 9.996E-05 0.9995 9.996E-05 9.996E-05 9.996E-05
0.374966 0.0851584 0.393624 0.0502319 0.0577742 0.0382447
0.276088 0.0660321 0.632756 9.9982E-05 0.0249232 9.9982E-05
0.121997 0.0502046 0.804295 9.9982E-05 0.0233042 9.9982E-05
0.119336 0.00415699 0.875399 9.9982E-05 0.000908916 9.9982E-05
9.996E-05 9.996E-05 0.9995 9.996E-05 9.996E-05 9.996E-05
0.0367977 9.9973E-05 0.961974 9.9973E-05 9.9973E-05 0.000928223
9.996E-05 9.996E-05 0.9995 9.996E-05 9.996E-05 9.996E-05
0.215583 0.0643255 0.652096 9.9991E-05 0.0509416 0.0169536
9.9973E-05 0.00858119 0.971162 9.9973E-05 9.9973E-05 0.019957
9.9973E-05 0.284463 0.0662456 0.648991 9.9973E-05 9.9973E-05
0.352909 0.19024 0.124363 0.27186 0.060528 9.9991E-05
0.449689 0.180626 0.0426145 0.326871 9.9982E-05 9.9982E-05
0.214283 0.206276 0.10601 0.473231 9.9982E-05 9.9982E-05
0.432944 0.162382 0.110413 0.167991 0.0609144 0.0653559
0.15865 0.268015 0.0696586 0.503477 9.9982E-05 9.9982E-05
0.489393 0.186012 0.0540195 0.22154 0.0489357 9.9991E-05
0.343073 0.201679 0.0946202 0.360427 9.9982E-05 9.9982E-05
0.464624 0.15095 0.138617 0.236345 0.00936374 9.9991E-05
0.33706 0.200136 0.124715 0.337889 9.9982E-05 9.9982E-05
0.489393 0.21839 0.0765814 0.183741 9.9991E-05 0.0317943
0.0756834 0.877166 9.9982E-05 0.0288769 0.0180739 9.9982E-05
9.9973E-05 0.905127 0.0781305 0.0164428 9.9973E-05 9.9973E-05
0.0137644 0.954271 9.9973E-05 9.9973E-05 0.0316648 9.9973E-05
9.9973E-05 0.978041 9.9973E-05 0.0185179 0.00314088 9.9973E-05
0.0612637 0.901213 9.9973E-05 9.9973E-05 0.0372236 9.9973E-05
0.0116146 0.971657 0.00823222 9.9982E-05 0.00829636 9.9982E-05
0.0555742 0.922469 0.0201219 9.9982E-05 0.00163478 9.9982E-05
9.9964E-05 0.938363 9.9964E-05 9.9964E-05 0.0612368 9.9964E-05
0.0101608 0.888029 0.0292742 0.0120067 0.0130006 0.0475284
0.0119716 0.92299 0.0161842 0.0324106 0.0163441 9.9991E-05
9.9982E-05 0.585122 9.9982E-05 0.0593756 0.32264 0.0326621
9.9982E-05 0.603849 9.9982E-05 0.0467727 0.34521 0.00396914
9.9982E-05 0.52981 9.9982E-05 0.0911236 0.344197 0.0346693
9.9982E-05 0.455631 9.9982E-05 0.105496 0.41358 0.0250928
0.481247 0.0719739 9.9991E-05 0.0063559 0.186515 0.253808
0.473456 0.074567 0.0508304 0.0148718 0.0840961 0.302178
0.546171 0.0618096 0.000275696 9.9991E-05 0.169759 0.221885
0.394756 0.00323641 9.9991E-05 0.0264015 0.312971 0.262535
0.181268 9.9991E-05 0.0296576 0.0668479 0.621323 0.100803
0.667162 0.0618044 0.0124768 0.0191109 0.0731351 0.166311
0.621906 9.9973E-05 9.9973E-05 9.9973E-05 0.140968 0.236826
0.54352 0.000291617 9.9991E-05 0.111562 0.0770605 0.267466
0.344835 9.9982E-05 0.00364331 0.0975224 9.9982E-05 0.553799
0.621954 0.0736228 0.0308072 0.105317 0.0431962 0.125103
0.420163 0.0148042 9.9982E-05 9.9982E-05 0.0874674 0.477366
9.9964E-05 9.9964E-05 9.9964E-05 0.222889 9.9964E-05 0.776712
0.564257 0.0758643 0.0233108 0.0300576 0.168398 0.138112
0.162434 9.9973E-05 9.9973E-05 0.211077 9.9973E-05 0.626189
0.547265 0.0154884 9.9991E-05 0.0579608 0.0201004 0.359085
0.111792 0.00768967 9.9982E-05 9.9982E-05 0.211737 0.668581
9.9973E-05 0.142043 9.9973E-05 0.0524189 0.805238 9.9973E-05
0.0817228 0.103575 9.9982E-05 0.0610943 0.753408 9.9982E-05
0.0391665 0.100169 9.9991E-05 0.0306318 0.812103 0.017829
9.9973E-05 0.11447 9.9973E-05 0.070922 0.814308 9.9973E-05
0.10819 0.0406041 9.9991E-05 0.0536259 0.788287 0.00919248
0.103908 0.0601766 0.00925148 0.0775708 0.748993 9.9991E-05
9.9982E-05 0.847165 0.0824348 9.9982E-05 0.024583 0.0456168
0.10553 0.830118 9.9991E-05 0.00500606 0.0262945 0.0329517
0.134812 0.776328 0.0400037 0.022023 0.0110415 0.0157913
9.9973E-05 0.842351 0.0763768 9.9973E-05 9.9973E-05 0.0809723
0.128608 0.798908 0.0502801 9.9991E-05 0.0204162 0.00168751
9.9982E-05 0.411302 9.9982E-05 0.0366451 0.547869 0.00398445
9.9973E-05 0.435269 9.9973E-05 0.0596686 0.504762 9.9973E-05
0.0410699 0.436896 0.00765631 0.0255397 0.488738 9.9991E-05
0.117827 0.854235 9.9982E-05 9.9982E-05 0.0162208 0.011517
9.9982E-05 0.394734 9.9982E-05 0.086832 0.503539 0.0146943
0.266206 0.267271 0.308963 0.15736 9.9982E-05 9.9982E-05
0.528135 0.158822 0.205962 0.106881 9.9982E-05 9.9982E-05
0.568939 0.20927 0.221491 9.9973E-05 9.9973E-05 9.9973E-05
0.338152 0.282771 0.24898 0.129898 9.9982E-05 9.9982E-05
0.531283 0.172055 0.0952821 0.100315 0.0762652 0.0247995
9.9973E-05 0.414318 0.299707 0.285675 9.9973E-05 9.9973E-05
0.471849 9.9982E-05 9.9982E-05 0.0602211 0.413674 0.0540556
0.462059 9.9982E-05 9.9982E-05 0.242979 0.232257 0.0625046
0.312716 0.00763499 9.9991E-05 0.0518061 0.535775 0.0919681
0.571891 9.9982E-05 9.9982E-05 0.246748 0.155567 0.0255943
9.9973E-05 9.9973E-05 9.9973E-05 0.630168 0.341945 0.0275864
0.609328 0.101776 0.00259004 0.0849681 0.131547 0.0697914
0.549846 0.0185394 0.0339476 0.197583 0.172201 0.0278828
0.356342 0.0225932 9.9991E-05 0.0769611 0.480937 0.063066
0.551602 0.088997 0.0202819 0.0754037 0.189936 0.0737794
0.171549 9.9982E-05 9.9982E-05 0.417661 0.286226 0.124365
0.595685 0.0214409 0.0146972 0.152973 0.153904 0.0612997
0.526016 0.020449 9.9991E-05 0.0458187 0.355058 0.052559
0.44541 0.100091 0.144095 0.1745 0.0953402 0.0405638
0.375947 9.9991E-05 0.0155251 0.271924 0.255767 0.0807363
0.473449 9.9982E-05 9.9982E-05 0.281416 0.186831 0.0581044
0.616012 9.9991E-05 0.00761015 0.157106 0.184814 0.0343576
0.591566 9.9991E-05 0.00694071 0.170848 0.198747 0.0317983
0.665955 9.9991E-05 0.0591187 0.155173 0.0818356 0.0378173
0.535599 0.0962969 0.0394253 0.0572677 0.203057 0.0683547
0.54575 0.0764467 0.0177973 0.076369 0.176113 0.107524
0.124237 0.853699 0.0217644 9.9973E-05 9.9973E-05 9.9973E-05
0.127088 0.872512 9.9964E-05 9.9964E-05 9.9964E-05 9.9964E-05
0.0354136 0.8992 9.9982E-05 0.0351832 9.9982E-05 0.0300036
0.0212582 0.908746 0.0487843 9.9991E-05 0.00509247 0.0160187
0.103571 0.896029 9.9964E-05 9.9964E-05 9.9964E-05 9.9964E-05
0.144516 0.0149967 0.053739 0.0834217 0.609177 0.0941501
0.535573 0.0211685 0.0602654 0.148324 0.192914 0.0417546
0.40635 0.194727 0.22521 0.138601 0.0350115 9.9991E-05
0.671091 0.00916164 0.0511734 0.0171917 0.209446 0.0419363
0.532434 0.0303373 0.00770752 9.9991E-05 0.333669 0.0957518
0.32327 9.9991E-05 0.00953575 0.340371 0.294446 0.0322781
0.0189492 0.0661624 9.9991E-05 0.0721018 0.767059 0.0756272
0.477183 0.0436131 9.9982E-05 9.9982E-05 0.36694 0.112064
0.231453 0.0272817 0.0756616 0.057871 0.583581 0.0241526
0.466998 0.0495674 0.0292829 0.169303 0.197836 0.0870127
0.190405 0.0719548 9.9982E-05 0.0953268 0.642113 9.9982E-05
0.58888 0.0424714 0.0587897 0.0140588 0.260869 0.034931
0.182854 0.040483 9.9991E-05 0.104373 0.574042 0.098148
0.258235 0.00260718 0.0978989 0.245516 0.30716 0.0885832
0.542842 0.103253 9.9991E-05 0.188808 0.0858664 0.0791311
0.347737 9.9982E-05 9.9982E-05 0.541285 0.102398 0.00838009
0.564272 0.058695 9.9982E-05 0.368469 0.00836436 9.9982E-05
0.598497 0.0997376 0.0190557 0.190047 0.0687228 0.0239394
0.277268 0.000147602 9.9991E-05 0.589872 0.0380265 0.0945856
0.503345 0.08815 0.0680424 0.169877 0.0371063 0.13348
0.545912 0.0343739 9.9991E-05 0.302094 0.101887 0.0156337
0.186009 9.9982E-05 9.9982E-05 0.663061 0.0586292 0.0921003
0.252334 9.9973E-05 9.9973E-05 0.693675 0.0536905 9.9973E-05
0.501032 0.0391953 9.9991E-05 0.390557 0.0463419 0.0227734
0.104085 9.9982E-05 9.9982E-05 0.669591 0.0463763 0.179748
0.496017 9.9982E-05 9.9982E-05 0.379128 0.123648 0.00100756
0.148672 9.9991E-05 0.0181319 0.00369252 0.718655 0.110749
0.211045 9.9991E-05 0.074557 0.285722 0.356498 0.0720773
0.426495 0.0482378 0.0461098 9.9991E-05 0.429979 0.0490784
0.555073 0.0221591 0.0471876 0.0373836 0.245783 0.0924141
0.218986 9.9982E-05 0.0337168 9.9982E-05 0.604217 0.14288
0.578242 0.0754715 0.0206011 0.161197 0.0940693 0.0704183
0.61821 0.0606566 0.00677161 0.0267656 0.245973 0.0416233
0.506394 9.9991E-05 0.0467508 0.101318 0.232224 0.113214
0.479004 0.00211616 0.0620138 0.0888637 0.279209 0.0887938
0.446804 9.9982E-05 0.0572624 9.9982E-05 0.45746 0.0382737
0.290404 9.9991E-05 0.0207563 0.0399519 0.53494 0.113848
0.41414 9.9982E-05 0.0497319 9.9982E-05 0.48502 0.0509081
0.550149 9.9991E-05 0.0374975 0.134355 0.211103 0.0667959
0.594843 0.0417546 0.0598796 0.134748 0.154104 0.0146707
0.325814 0.0227057 0.0913292 0.173459 0.29689 0.0898018
0.422855 9.9991E-05 0.0959026 0.126612 0.261561 0.0929686
0.36676 0.0115979 0.0642416 0.00581593 0.456797 0.0947873
0.557488 0.0271797 0.0533459 0.0488079 0.287061 0.0261169
0.452654 0.0234353 0.0744126 0.0318242 0.330301 0.0873725
0.556008 0.0978605 0.0412146 0.1283 0.15264 0.0239768
0.462631 0.325442 0.123382 0.0175991 0.0708458 9.9991E-05
0.567456 0.134079 0.118843 0.129157 0.0503654 9.9991E-05
0.513687 0.191191 0.080178 0.130352 0.0499202 0.0346721
0.563521 0.108641 0.126707 0.167426 0.033605 9.9991E-05
0.471908 0.163602 0.188618 0.135037 0.0407346 9.9991E-05
0.53845 9.9982E-05 9.9982E-05 0.285268 0.175298 0.000783865
0.477019 0.156519 0.145677 0.102708 0.0339321 0.0841446
0.0354424 0.213707 0.189282 0.436237 0.108167 0.017165
0.574352 0.128088 0.0964706 0.0927085 0.10828 9.9991E-05
0.4843 0.150419 0.175498 0.0970796 0.0405731 0.0521299
0.561898 0.107938 0.158957 0.0972243 0.0102535 0.0637283
0.332885 0.163449 0.112154 0.287062 0.0636829 0.0407673
0.557088 0.211941 0.122727 0.0234941 0.0485711 0.0361796
0.537054 0.135018 0.137875 0.159316 0.0306359 9.9991E-05
9.9973E-05 0.456671 0.146649 0.39638 9.9973E-05 9.9973E-05
0.511897 0.175253 0.157422 0.025489 0.121237 0.0087019
0.530875 0.197424 0.159391 0.11211 9.9982E-05 9.9982E-05
0.62116 0.097795 0.0860247 0.132389 0.0625313 9.9991E-05
0.537394 0.218361 0.171545 0.0725 9.9982E-05 9.9982E-05
0.508904 0.228427 0.114459 0.0921523 9.9991E-05 0.0559581
0.509616 0.034396 0.00088372 0.29695 0.0233651 0.13479
0.522064 0.120422 0.0217929 0.149269 0.0791548 0.107297
0.0336165 9.9982E-05 9.9982E-05 0.752892 0.0914957 0.121795
0.109046 9.9982E-05 9.9982E-05 0.742944 0.0451504 0.102659
0.553754 0.041178 0.0158098 0.289977 0.0473316 0.0519491
0.373243 0.114756 0.31068 0.201122 9.9982E-05 9.9982E-05
0.369575 0.160069 0.268109 0.202047 9.9982E-05 9.9982E-05
0.204959 0.160801 0.322337 0.311703 9.9982E-05 9.9982E-05
0.3868 0.165832 0.239957 0.207211 9.9982E-05 9.9982E-05
0.200523 0.0572051 0.0333511 0.708721 9.9982E-05 9.9982E-05
0.251268 0.0687965 0.0504924 0.569498 0.0192374 0.0407076
0.63363 9.9982E-05 0.0377579 0.295288 9.9982E-05 0.0331242
0.484003 0.0256287 0.107727 0.382442 9.9982E-05 9.9982E-05
0.328966 0.0142152 0.0512257 0.525193 0.0374871 0.0429127
0.586543 0.0556284 0.053987 0.198772 0.029517 0.0755525
0.683125 0.0407289 0.022595 0.253351 9.9982E-05 9.9982E-05
0.59847 0.121712 9.9982E-05 0.25473 9.9982E-05 0.0248877
0.407175 9.9982E-05 9.9982E-05 0.440878 0.0366342 0.115113
0.455114 9.9982E-05 9.9982E-05 0.317585 0.0999477 0.127154
0.610024 0.0489691 9.9991E-05 0.211401 0.0467484 0.0827576
0.510116 0.0386723 9.9991E-05 0.282867 0.109459 0.0587854
0.561223 0.0920834 0.0187024 0.155003 0.0420553 0.130933
0.529509 9.9982E-05 9.9982E-05 0.392318 0.0221515 0.0558222
0.284899 9.9982E-05 9.9982E-05 0.573205 0.0478324 0.0938631
0.698951 0.0147702 9.9982E-05 0.259239 9.9982E-05 0.0268404
0.270755 9.9982E-05 9.9982E-05 0.546606 0.0920788 0.0903608
0.520304 0.0162951 9.9991E-05 0.403391 0.025155 0.0347553
0.537612 0.0881012 9.9991E-05 0.228415 0.0651075 0.0806645
0.522637 0.0223431 0.0426051 0.202027 0.111863 0.0985252
0.53174 0.193665 0.1037 0.167079 9.9991E-05 0.00371606
0.482629 0.169243 0.122055 0.126374 0.0434699 0.0562291
0.31843 0.211675 0.269102 0.195491 0.000178167 0.00512423
0.303772 0.184933 0.264875 0.183219 0.0427824 0.0204176
0.434952 0.166552 0.188671 0.1421 0.0676255 9.9991E-05
0.415401 0.131163 0.149039 0.235688 0.0149103 0.0537988
0.0449718 0.144911 0.137384 0.669439 9.9991E-05 0.00319392
0.56097 0.074564 0.166982 0.183169 9.9991E-05 0.0142143
9.9973E-05 0.29114 0.123009 0.58555 9.9973E-05 9.9973E-05
0.604144 0.0514229 0.13528 0.208953 9.9982E-05 9.9982E-05
0.208365 9.9973E-05 9.9973E-05 0.632189 9.9973E-05 0.159146
0.0786824 9.9982E-05 9.9982E-05 0.678134 0.00408237 0.238902
0.550377 9.9982E-05 9.9982E-05 0.352272 0.00511545 0.092036
0.646314 9.9991E-05 0.0227688 0.243933 0.0158359 0.0710477
0.490579 9.9982E-05 9.9982E-05 0.432046 0.0219556 0.0552203
0.612877 9.9973E-05 9.9973E-05 0.27559 9.9973E-05 0.111233
0.60908 9.9973E-05 9.9973E-05 0.326305 9.9973E-05 0.0643156
0.0154402 0.86945 0.0182521 0.033437 0.0441943 0.0192266
0.0636088 0.743214 0.0494561 0.0390753 0.0677968 0.0368487
0.00630889 0.939062 0.0182253 0.0139474 0.0223567 9.9991E-05
0.0355992 0.946938 9.9973E-05 0.0171625 9.9973E-05 9.9973E-05
0.470156 0.0366838 0.0743224 9.9991E-05 0.00466031 0.414078
0.523706 0.0466159 0.0347545 9.9991E-05 0.108232 0.286592
0.498868 0.0200214 9.9982E-05 9.9982E-05 0.0107839 0.470126
0.59358 0.112343 9.9982E-05 9.9982E-05 0.02832 0.265556
0.582635 0.0858615 0.0152215 0.0829929 0.0815811 0.151708
0.291202 0.0418802 9.9982E-05 9.9982E-05 0.0960558 0.570662
0.654453 0.0139959 0.0013112 9.9982E-05 9.9982E-05 0.33004
0.22176 9.9982E-05 0.0190449 0.176264 9.9982E-05 0.582731
0.379561 0.295417 0.183287 0.0541559 0.0712929 0.0162864
0.402558 9.9991E-05 0.0352043 0.185168 0.00672218 0.370247
0.329799 0.0276819 9.9982E-05 9.9982E-05 0.104312 0.538007
0.518575 9.9973E-05 9.9973E-05 0.0605503 9.9973E-05 0.420575
0.338476 0.0134893 0.068338 9.9991E-05 0.113323 0.466274
0.535006 9.9973E-05 9.9973E-05 0.0459645 9.9973E-05 0.41873
0.488866 0.105118 0.0116198 9.9991E-05 0.0283269 0.365969
9.9964E-05 9.9964E-05 9.9964E-05 0.199846 9.9964E-05 0.799755
0.257551 9.9982E-05 0.023557 0.144358 9.9982E-05 0.574333
0.347052 9.9982E-05 0.0100865 0.0831524 9.9982E-05 0.559509
9.9964E-05 9.9964E-05 9.9964E-05 0.234228 9.9964E-05 0.765372
0.404698 0.0541665 9.9982E-05 9.9982E-05 0.102775 0.438161
0.0597303 9.9973E-05 9.9973E-05 0.351494 9.9973E-05 0.588476
9.9964E-05 9.9964E-05 9.9964E-05 0.247867 9.9964E-05 0.751733
0.527114 0.0345844 0.0502759 0.052696 9.9991E-05 0.33523
0.144685 0.0300395 0.013762 9.9991E-05 0.162274 0.64914
0.41211 0.00724453 0.0330804 9.9991E-05 0.0817002 0.465765
0.54409 0.118929 0.0368564 0.124405 9.9991E-05 0.17562
0.475887 0.0273504 0.00436083 9.9991E-05 0.0928946 0.399407
0.438898 9.9982E-05 0.000759067 0.283754 0.276389 9.9982E-05
0.530905 0.0523959 0.012699 9.9991E-05 0.0613733 0.342527
0.506652 9.9982E-05 9.9982E-05 0.0064035 0.093197 0.393547
0.288665 9.9982E-05 0.0116992 0.124952 9.9982E-05 0.574484
0.506555 0.0922774 0.0223451 0.0519789 0.0968639 0.22998
9.9973E-05 0.656908 9.9973E-05 0.0703242 0.272468 9.9973E-05
9.9982E-05 0.786738 9.9982E-05 0.0421984 0.128314 0.0425493
9.9973E-05 0.859621 9.9973E-05 0.0146645 0.125414 9.9973E-05
9.9973E-05 0.833939 9.9973E-05 0.0187372 0.147024 9.9973E-05
0.00601736 0.759644 9.9991E-05 0.0396379 0.184945 0.00965629
0.100323 0.0478261 0.0136745 9.9991E-05 0.162567 0.675509
0.11418 0.0348509 9.9982E-05 9.9982E-05 0.147042 0.703727
0.141829 9.9982E-05 0.0256676 0.0893913 9.9982E-05 0.742913
0.557227 0.106714 0.0658856 0.110444 0.0323841 0.127346
0.502038 0.121079 0.0662085 0.0353621 0.0492433 0.226069
0.188922 9.9982E-05 0.0581009 0.129568 9.9982E-05 0.623209
0.58332 0.0280552 0.0547589 0.0407575 0.00489751 0.288211
0.400178 0.0219714 0.0609646 0.0725548 9.9991E-05 0.444231
0.49082 0.03974 9.9991E-05 0.0241517 0.070642 0.374547
0.577039 0.0561202 0.0486555 9.9982E-05 9.9982E-05 0.317986
0.179527 9.9973E-05 9.9973E-05 9.9973E-05 0.140457 0.679716
0.273807 9.9973E-05 9.9973E-05 9.9973E-05 0.152583 0.57331
0.302898 0.00774796 9.9982E-05 9.9982E-05 0.0802919 0.608862
0.662458 0.0986711 0.00691609 0.192567 0.0392873 9.9991E-05
0.359705 0.0132004 9.9982E-05 9.9982E-05 0.121079 0.505816
0.36981 0.036031 0.00241998 9.9991E-05 0.12429 0.467349
0.476328 0.110127 0.326293 0.0442638 0.0428884 9.9991E-05
0.350317 0.143066 0.417156 0.0657782 0.00574516 0.0179381
0.428321 0.091826 0.412811 0.0443188 0.0226232 9.9991E-05
0.264194 0.144705 0.523252 0.0676494 9.9982E-05 9.9982E-05
0.432294 0.0907971 0.311514 0.0778765 0.0874178 9.9991E-05
0.526523 0.0628436 9.9982E-05 0.207991 9.9982E-05 0.202443
9.9973E-05 0.255907 0.65205 0.0917424 9.9973E-05 9.9973E-05
0.27938 0.153358 0.50085 0.0496204 9.9991E-05 0.0166916
0.370727 0.167103 0.172189 0.278855 9.9991E-05 0.0110265
0.541939 0.160837 9.9991E-05 0.171979 0.10247 0.0226747
0.52558 0.15432 9.9982E-05 0.22739 0.0925091 9.9982E-05
0.626197 0.12494 9.9991E-05 0.167379 0.0350447 0.0463389
0.602315 0.172632 0.0246561 0.122036 0.0429817 0.0353794
0.375695 0.186003 0.438003 9.9973E-05 9.9973E-05 9.9973E-05
0.388004 0.175744 0.359029 0.0352212 0.0315585 0.0104437
0.407789 0.106734 0.485177 9.9973E-05 9.9973E-05 9.9973E-05
0.450691 0.136466 0.254835 0.0748166 0.0427054 0.040486
0.206884 0.173072 0.50703 0.0613467 9.9991E-05 0.051567
0.440558 0.141876 0.297257 0.0572701 9.9991E-05 0.0629385
0.273208 0.140793 0.491484 0.0485411 9.9991E-05 0.0458738
0.378706 0.092772 0.325873 0.123207 0.0793426 9.9991E-05
0.50674 0.108806 0.0181661 0.351144 0.0053886 0.00975575
0.350721 0.174117 0.352094 0.0455912 0.0773759 9.9991E-05
0.142393 0.193102 0.588146 0.0761596 9.9982E-05 9.9982E-05
0.371705 0.132468 0.35485 0.0485521 0.0690036 0.0234217
0.292168 0.209376 9.9991E-05 0.259653 0.114118 0.124585
0.658648 0.0341472 0.00444468 0.30256 9.9982E-05 9.9982E-05
0.440566 0.154394 0.344403 0.0283406 0.0173864 0.0149103
0.569826 0.144657 9.9982E-05 0.181245 0.104072 9.9982E-05
0.532056 0.155722 9.9991E-05 0.204526 0.107243 0.00035214
0.364858 0.190018 0.239113 0.18143 9.9991E-05 0.0244807
0.36293 0.198833 0.26266 0.175377 9.9982E-05 9.9982E-05
0.5907 0.133726 0.0706963 0.0951456 0.0446684 0.0650643
0.429907 0.100415 0.327606 0.0669039 0.0508492 0.0243189
0.442761 0.117066 0.3985 0.013873 0.0276992 9.9991E-05
0.116869 0.171321 0.647477 0.0641333 9.9982E-05 9.9982E-05
0.643152 0.121039 0.0430808 0.152407 0.0139043 0.0264169
0.486874 0.140514 9.9991E-05 0.306391 0.0546226 0.0114989
0.169094 0.096274 0.00415067 0.730281 9.9982E-05 9.9982E-05
0.561709 0.161004 0.0447624 0.143062 0.0797877 0.00967482
0.454212 0.0693798 0.0124421 0.270072 0.190943 0.00295176
0.463737 0.217278 0.150054 0.107237 0.0080636 0.0536295
0.454577 0.143185 0.0741194 0.216087 0.0766461 0.0353861
9.9973E-05 0.35571 0.11607 0.52792 9.9973E-05 9.9973E-05
9.9973E-05 0.305829 0.0732898 0.620582 9.9973E-05 9.9973E-05
0.325084 0.187972 0.0789987 0.403487 9.9991E-05 0.00435895
0.0268055 0.315946 0.195186 0.461863 9.9982E-05 9.9982E-05
9.9973E-05 0.46267 0.170938 0.366092 9.9973E-05 9.9973E-05
0.372382 0.18939 0.0809514 0.357076 9.9982E-05 9.9982E-05
0.402131 0.248526 0.113277 0.206367 0.0295991 9.9991E-05
0.136965 0.28783 0.180893 0.394111 9.9982E-05 9.9982E-05
0.0804197 0.232593 0.147656 0.539132 9.9982E-05 9.9982E-05
0.500988 0.1687 0.121967 0.152836 0.0152258 0.0402817
0.178111 0.241238 0.117622 0.46283 9.9982E-05 9.9982E-05
9.9973E-05 0.344345 0.0688279 0.586527 9.9973E-05 9.9973E-05
0.531268 0.141707 0.090641 0.094097 0.0590716 0.0832155
0.314492 0.193338 0.193091 0.287407 0.0115719 9.9991E-05
0.441663 0.338229 0.128191 0.0885017 9.9991E-05 0.00331551
0.599615 0.19956 0.198614 9.9982E-05 0.00201119 9.9982E-05
0.525383 0.14796 0.215826 0.0761564 0.0345743 9.9991E-05
0.467283 0.179745 0.21236 0.122298 9.9991E-05 0.0182133
0.278967 0.359892 0.226766 0.0322399 0.0248634 0.0772712
0.505291 0.248773 0.173969 0.0617125 0.0101536 9.9991E-05
0.486332 0.26924 0.200928 0.0149084 0.0223424 0.00624961
0.280595 0.246425 0.240269 0.232511 9.9982E-05 9.9982E-05
0.279169 0.197026 0.14921 0.0335024 0.107206 0.233887
0.485788 0.187085 0.110522 0.0922589 0.0511647 0.0731814
0.586849 0.20864 0.121811 0.0298576 0.0527417 9.9991E-05
0.565809 0.149536 0.0997982 0.0396796 0.0655312 0.0796458
0.437671 0.279436 0.17481 0.107882 9.9982E-05 9.9982E-05
0.503424 0.202936 0.189922 0.0916654 9.9991E-05 0.0119533
0.0392473 0.347898 0.301077 0.311578 9.9982E-05 9.9982E-05
0.542979 0.224431 0.134766 0.0304463 0.0672781 9.9991E-05
0.197562 0.29546 0.295484 0.211294 9.9982E-05 9.9982E-05
9.9973E-05 0.825436 0.00807945 9.9973E-05 0.166185 9.9973E-05
0.143224 0.0522533 0.00611245 9.9991E-05 0.785461 0.0128495
9.996E-05 9.996E-05 9.996E-05 9.996E-05 0.9995 9.996E-05
9.996E-05 9.996E-05 9.996E-05 9.996E-05 0.9995 9.996E-05
0.0254958 9.9964E-05 9.9964E-05 9.9964E-05 0.974104 9.9964E-05
9.9964E-05 9.9964E-05 0.00958465 9.9964E-05 0.990015 9.9964E-05
0.0382744 9.9964E-05 9.9964E-05 9.9964E-05 0.961326 9.9964E-05
9.996E-05 9.996E-05 9.996E-05 9.996E-05 0.9995 9.996E-05
9.9964E-05 0.150484 9.9964E-05 9.9964E-05 0.849116 9.9964E-05
0.0178203 0.889056 9.9982E-05 9.9982E-05 0.069773 0.0231509
0.0864555 0.787596 9.9973E-05 9.9973E-05 0.125648 9.9973E-05
0.0359339 0.882871 9.9991E-05 0.0225871 0.04698 0.0115278
0.0471127 0.872198 9.9982E-05 0.0116743 0.0688146 9.9982E-05
0.0302845 0.875428 0.00483122 9.9982E-05 0.089256 9.9982E-05
0.0492134 0.913408 0.00593512 9.9982E-05 0.0312439 9.9982E-05
0.160316 0.765668 0.0349844 0.0367778 0.00215406 9.9991E-05
0.0799262 0.903638 0.0161354 9.9973E-05 9.9973E-05 9.9973E-05
0.10396 0.720904 0.0653789 0.0375619 0.0647157 0.00747959
0.0202661 0.920851 0.0544864 9.9982E-05 9.9982E-05 0.00419671
9.9973E-05 0.97761 0.00544269 0.0166472 9.9973E-05 9.9973E-05
0.0527183 0.879307 0.0375958 9.9991E-05 0.00887374 0.0214051
9.9973E-05 0.995275 9.9973E-05 0.00270781 9.9973E-05 0.00171758
0.0408168 0.949838 9.9973E-05 0.00904542 9.9973E-05 9.9973E-05
0.0678477 0.896507 0.0295039 9.9982E-05 9.9982E-05 0.00594102
0.070852 0.925046 0.00380211 9.9973E-05 9.9973E-05 9.9973E-05
0.082338 0.872987 0.0443748 9.9973E-05 9.9973E-05 9.9973E-05
0.112965 0.854781 0.031954 9.9973E-05 9.9973E-05 9.9973E-05
0.0996979 0.824615 0.0753873 9.9973E-05 9.9973E-05 9.9973E-05
0.391027 0.157515 9.9991E-05 0.242986 0.0819527 0.126419
0.699288 0.0728023 9.9991E-05 0.16794 0.0296559 0.0302134
0.576785 0.121937 0.07535 0.0481564 0.059806 0.117965
0.115126 0.0721684 0.00976073 0.713762 9.9991E-05 0.089082
0.515915 0.110406 9.9991E-05 0.238538 0.0830892 0.0519517
0.129933 0.0983701 9.9973E-05 0.771397 9.9973E-05 9.9973E-05
0.602913 0.0677323 0.0738527 0.247926 9.9991E-05 0.00747633
0.395685 0.161334 9.9991E-05 0.194416 0.0606171 0.187848
0.510514 0.171677 9.9991E-05 0.216606 0.0471846 0.0539173
0.463324 0.0877376 0.00190333 9.9991E-05 0.0268982 0.420037
0.470853 0.142456 9.9991E-05 0.208193 0.104312 0.0740862
0.68039 0.0673924 9.9991E-05 0.198477 0.00865821 0.0449827
0.561569 0.10076 9.9982E-05 0.242067 0.0954044 9.9982E-05
0.0246334 9.9991E-05 0.0846258 0.331734 0.449752 0.109156
0.0611725 0.0932201 9.9982E-05 0.845062 9.9982E-05 0.000345614
0.20441 0.0979146 9.9973E-05 0.697376 9.9973E-05 9.9973E-05
0.612595 0.148387 0.0138022 0.154176 0.0581408 0.0128993
0.517509 0.0835279 0.00348344 0.365649 9.9991E-05 0.029731
0.630037 0.0862073 9.9982E-05 0.278021 9.9982E-05 0.00553418
0.67608 0.102975 0.0306148 0.164668 0.000675245 0.0249863
0.450748 0.194711 0.175176 0.0228462 0.113522 0.0429965
0.564987 0.219801 0.135469 0.0508981 9.9991E-05 0.0287453
0.151917 0.374439 0.15132 0.0871883 0.182676 0.052461
0.604278 0.172403 0.0560674 0.0842309 0.0829203 9.9991E-05
0.44468 0.2049 0.106036 0.0877196 0.156565 9.9991E-05
9.9973E-05 0.400626 0.173776 0.425299 9.9973E-05 9.9973E-05
0.309405 0.259214 0.221867 0.209314 9.9982E-05 9.9982E-05
0.329925 0.384932 0.125223 0.10151 0.0572311 0.00117856
0.394806 0.315871 0.090206 0.0544783 0.144539 9.9991E-05
0.546662 0.152474 0.119204 0.0884165 0.0931441 9.9991E-05
0.547247 0.20917 0.104924 0.00806253 0.0235247 0.107071
0.645064 0.154139 0.0644935 0.0782107 0.0520383 0.00605402
0.401746 0.17628 0.180993 0.18185 9.9991E-05 0.0590313
0.225972 0.497441 0.112124 0.0940296 0.0565242 0.0139098
