0.0379082 0.0472528 0.0229705 9.9991E-05 0.882945 0.00882358
9.9973E-05 0.0397944 9.9973E-05 9.9973E-05 0.942103 0.017803
9.999E-05 0.0308151 0.0477523 0.0487222 0.859488 0.0131228
9.9982E-05 0.0485708 0.129121 9.9982E-05 0.789108 0.0330003
9.9973E-05 0.00518256 0.0927744 9.9973E-05 0.901743 9.9973E-05
0.0317098 0.031042 0.105895 0.0927275 0.671684 0.0669417
0.00980639 0.0448254 0.0186281 0.0876909 0.789585 0.0494646
0.0462034 0.0409477 9.9991E-05 0.10054 0.685267 0.126942
9.99729E-05 0.021928 9.99729E-05 9.99729E-05 0.811218 0.166554
0.0317784 0.015057 0.0402055 0.0902863 0.750431 0.0722414
9.999E-05 0.00885896 0.0880724 0.0939817 0.759397 0.0495895
0.0420801 0.00718305 0.278667 0.0664114 0.0443195 0.561339
0.104451 0.0237744 0.533501 0.0211034 0.0444002 0.27277
0.0816167 0.00244174 0.287734 0.0822685 0.0137242 0.532215
0.169874 9.9991E-05 0.285919 0.0373202 0.0341178 0.472668
0.13372 0.00652273 0.428993 9.9991E-05 0.0983802 0.332285
0.118689 0.0320404 0.535803 0.0496281 0.0195931 0.244246
0.0920383 0.0129421 0.496341 0.0431829 9.9991E-05 0.355396
0.108551 0.0327473 0.25381 0.0899685 0.0822156 0.432708
0.0124416 9.9991E-05 0.0833847 0.159359 0.0185015 0.726213
0.0683227 0.00308494 0.452791 0.122599 0.00604877 0.347153
0.0665892 0.0157537 0.439255 0.303145 0.0481797 0.127078
0.030641 9.9991E-05 0.608523 0.0539082 0.0540726 0.252756
0.0761274 0.0150013 0.289538 0.103463 0.034467 0.481403
0.102598 0.0519918 0.627535 0.0588747 0.0616579 0.0973428
0.0705472 9.9991E-05 0.569004 0.0383805 0.0646567 0.257312
0.0220406 9.9991E-05 0.282102 0.0766065 0.0468862 0.572264
0.0963045 9.9991E-05 0.327385 0.10515 0.0310913 0.439969
9.9982E-05 9.9982E-05 0.303819 0.142259 0.0189049 0.534817
9.996E-05 0.9995 9.996E-05 9.996E-05 9.996E-05 9.996E-05
9.996E-05 0.9995 9.996E-05 9.996E-05 9.996E-05 9.996E-05
0.0821163 0.402367 0.042139 9.9991E-05 0.462647 0.0106309
0.0714402 0.289239 0.137542 9.9982E-05 0.501579 9.9982E-05
9.999E-05 0.0310205 0.557525 0.197055 0.0809352 0.133365
0.0601428 0.0195479 0.559238 0.152537 0.0528837 0.155651
0.0247256 0.00278484 0.719386 0.252904 9.9982E-05 9.9982E-05
9.9982E-05 9.9982E-05 0.242557 0.0203475 0.0463476 0.690548
9.9982E-05 0.00835898 0.401991 0.550979 9.9982E-05 0.0384713
0.0442669 0.010331 0.600959 0.111759 0.0904873 0.142197
9.9991E-05 0.01892 0.768215 0.1199 0.0562926 0.0365733
9.9982E-05 9.9982E-05 0.614134 0.164199 0.129169 0.0922977
0.033435 0.0140435 0.634496 0.0714429 0.116463 0.13012
9.9973E-05 9.9973E-05 0.321097 0.329464 9.9973E-05 0.34914
0.0422996 0.014017 0.659953 0.178915 0.10326 0.00155598
0.0407711 9.9991E-05 0.649753 0.214187 0.0634592 0.0317301
0.0448555 0.0231154 0.624686 0.164483 0.134315 0.0085448
9.9973E-05 9.9973E-05 0.496793 0.497903 9.9973E-05 0.00500394
9.9991E-05 0.0239192 0.70743 0.14441 0.0617814 0.0623591
0.0689386 0.0268833 0.583044 0.119241 0.101603 0.10029
9.9973E-05 9.9973E-05 9.9973E-05 0.897914 0.008049 0.0937375
9.9973E-05 9.9973E-05 0.203826 0.157934 9.9973E-05 0.63794
0.0888428 9.9991E-05 0.162928 0.457467 0.0244867 0.266176
0.113193 0.00949794 0.593473 0.0737017 0.0830764 0.127058
0.082974 9.9991E-05 0.579059 0.101333 0.109827 0.126707
0.0529281 9.9991E-05 0.676639 0.0701669 0.0938794 0.106287
0.0101064 0.018659 0.245596 0.0879267 0.0920385 0.545673
0.0123524 0.022181 0.599483 0.0426089 9.9991E-05 0.323275
0.0837123 0.0349565 0.614015 0.0282437 0.0454143 0.193658
0.0365013 0.0198565 0.45357 0.101904 0.0833297 0.304838
0.0493639 0.0135261 0.13869 0.139133 0.154259 0.505029
0.0742559 0.00165407 0.559847 0.0915448 0.0964741 0.176225
0.00516909 0.0320221 0.534331 0.108715 0.0651993 0.254564
9.9991E-05 0.0535059 0.108916 0.196038 0.0162345 0.625206
0.0189594 0.0153771 0.497445 0.0557124 9.9991E-05 0.412406
0.0639578 0.0135999 0.602431 0.144546 0.0408169 0.134648
0.0262942 0.0194109 0.679356 0.040529 0.0855587 0.148851
0.0515628 0.043472 0.322751 0.1246 0.0266514 0.430963
0.0519829 0.0299687 0.546506 0.0806446 9.9991E-05 0.290798
0.100704 0.0153408 0.567227 0.0792111 0.0182267 0.219291
9.9982E-05 0.0447887 0.307536 0.146612 9.9982E-05 0.500863
9.9991E-05 0.0157723 0.634626 0.216629 0.0171373 0.115735
9.9982E-05 0.017066 0.385346 0.353523 9.9982E-05 0.243865
0.0465082 0.0204667 0.607545 0.152727 0.0683592 0.104393
9.9973E-05 9.9973E-05 0.181507 0.755805 9.9973E-05 0.0623878
9.9973E-05 9.9973E-05 0.168029 0.767693 9.9973E-05 0.0639786
9.9973E-05 9.9973E-05 0.415837 0.557353 9.9973E-05 0.02651
9.9982E-05 0.052083 0.590999 0.193365 9.9982E-05 0.163353
0.0247182 9.9991E-05 0.624752 0.14691 0.132056 0.0714646
0.00173857 0.00936388 0.596086 0.344041 9.9991E-05 0.0486703
9.9982E-05 9.9982E-05 0.340009 0.308196 0.000232957 0.351362
9.9982E-05 0.01032 0.424641 0.277782 9.9982E-05 0.287057
0.0464111 0.00658433 0.601573 0.172373 0.0967461 0.0763124
9.9991E-05 0.00558086 0.504965 0.278079 0.00278218 0.208493
9.9982E-05 0.0338293 0.573896 0.255846 9.9982E-05 0.136229
9.9982E-05 0.013108 0.586148 0.391444 0.00910009 9.9982E-05
0.0131423 9.9982E-05 0.039679 0.853583 9.9982E-05 0.0933958
0.000427385 0.0098784 0.740985 0.180948 0.0676613 9.9991E-05
9.9982E-05 0.0595278 0.078467 9.9982E-05 0.808004 0.0538011
9.9973E-05 0.0684497 0.0533204 9.9973E-05 0.87793 9.9973E-05
0.0388661 0.0517827 0.0951718 9.9982E-05 0.813979 9.9982E-05
0.0312987 0.0371532 0.0225999 9.9982E-05 0.908748 9.9982E-05
0.039887 0.0587395 0.000701446 9.9982E-05 0.900472 9.9982E-05
0.0294429 0.0143018 0.0777993 9.9982E-05 0.878256 9.9982E-05
9.9973E-05 0.0254065 0.0663745 9.9973E-05 0.907919 9.9973E-05
0.0157239 0.0304428 0.618112 0.127177 0.0842181 0.124326
0.0659692 0.0230625 0.593378 0.126838 0.120905 0.0698474
9.9982E-05 9.9982E-05 0.212194 0.451193 0.00722071 0.329192
0.0614108 0.0210039 0.58652 0.159105 0.0582707 0.11369
9.9991E-05 0.0198673 0.555885 0.203062 0.0206712 0.200414
9.9991E-05 0.0115575 0.646642 0.173406 0.0654305 0.102864
0.0137904 0.00647915 0.643529 0.262417 0.0696735 0.00411061
0.0459441 0.0073119 0.610161 0.224218 9.9991E-05 0.112265
9.9973E-05 9.9973E-05 0.165407 0.392132 9.9973E-05 0.442161
0.0379348 0.00365964 0.55842 0.134347 0.142121 0.123518
0.056048 0.00830525 0.722521 0.0472618 0.0944313 0.0714326
0.0373915 0.0211237 0.662537 0.108235 0.11689 0.0538227
9.9991E-05 0.0241656 0.367181 0.509818 0.00262037 0.0961155
9.9973E-05 0.00857429 0.647681 0.343445 9.9973E-05 9.9973E-05
9.9973E-05 9.9973E-05 0.627131 0.162255 9.9973E-05 0.210314
9.9973E-05 9.9973E-05 0.544252 0.409461 9.9973E-05 0.0459868
9.9982E-05 9.9982E-05 0.571854 0.167992 0.023412 0.236541
0.032173 9.9991E-05 0.642137 0.0925825 0.0993215 0.133686
0.083523 0.00963792 0.257017 0.241951 0.0131905 0.39468
9.9982E-05 9.9982E-05 0.467732 0.0712189 0.0996999 0.361149
0.0508238 0.0295158 0.575376 0.0889672 0.10864 0.146677
0.0388485 9.9991E-05 0.617709 0.114059 0.117254 0.11203
0.0145919 0.0323484 0.499158 0.0701373 0.0195698 0.364195
0.0643119 9.9991E-05 0.59859 0.0373706 0.0447539 0.254873
0.00842356 9.9982E-05 0.497205 9.9982E-05 0.0506149 0.443556
0.0632615 0.0243736 0.553775 0.131212 0.0871603 0.140218
0.122722 9.9991E-05 0.575396 0.00349027 0.0789037 0.219388
9.9991E-05 0.0084882 0.627804 0.0106106 0.0561968 0.2968
0.0150724 0.00615879 0.595456 0.00839575 0.0328347 0.342082
0.10432 0.00285357 0.635389 0.0804933 0.0383941 0.13855
0.0342865 0.00341604 0.611065 0.10384 0.138094 0.109298
0.105159 9.9982E-05 0.605547 0.10819 9.9982E-05 0.180904
0.0820803 9.9991E-05 0.598645 0.0828966 0.0688931 0.167385
0.073901 0.00390717 0.629711 0.0968496 0.00902516 0.186606
0.070665 0.0204362 0.327904 0.224069 0.110599 0.246327
0.0611008 9.9991E-05 0.630146 0.107338 0.0661552 0.13516
0.0622526 0.0144539 0.700272 0.0607483 0.0472091 0.115064
0.0439283 9.9991E-05 0.222435 0.0943287 0.00437599 0.634832
0.0846823 9.9982E-05 0.147764 0.453763 9.9982E-05 0.31359
0.0629418 9.9991E-05 0.515843 0.0808991 0.077116 0.2631
0.033314 9.9982E-05 0.117397 0.506846 9.9982E-05 0.342243
9.9982E-05 0.0339875 0.372884 0.0226191 9.9982E-05 0.57031
0.00931403 9.9982E-05 0.505932 0.025312 9.9982E-05 0.459242
9.9991E-05 0.0188939 0.410404 0.0632817 0.00167535 0.505645
9.9973E-05 9.9973E-05 0.412784 0.057108 9.9973E-05 0.529808
0.0449359 0.0277083 0.602796 0.0621121 0.0553678 0.20708
0.050731 0.00225679 0.605124 0.081567 0.113452 0.146869
0.0476851 0.0176631 0.602582 0.0720504 0.0326714 0.227348
0.0678158 9.9982E-05 0.169336 0.340623 9.9982E-05 0.422025
0.0223378 9.9991E-05 0.553824 0.126712 0.185231 0.111795
0.0827967 0.0114412 0.502662 0.223656 0.104541 0.0749036
9.9982E-05 0.00762946 9.9982E-05 0.758922 0.189613 0.0436353
0.0626123 9.9991E-05 0.686514 0.13877 0.109469 0.00253562
0.0364794 0.0152423 0.358106 0.423575 0.113899 0.0526978
0.0489105 0.028144 0.557559 0.19984 0.119533 0.0460139
9.9991E-05 0.0291445 0.295185 0.496496 0.122117 0.0569575
9.9991E-05 0.0315173 0.119897 0.625674 0.114743 0.108069
0.0303281 0.00932426 0.441748 0.382468 0.0647036 0.0714273
0.0781827 0.00638816 0.484148 0.192633 0.13297 0.105678
0.04855 0.0281481 0.500347 0.174878 0.161292 0.0867849
0.117404 0.00556116 0.104803 0.584501 0.0525328 0.135198
0.105129 0.0683666 0.524019 0.190441 0.0502957 0.0617485
9.9982E-05 0.000693502 0.390198 0.538691 9.9982E-05 0.0702181
9.9991E-05 0.00562378 0.530493 0.393784 0.0160229 0.0539759
0.0870947 0.0129344 0.567833 0.0897133 0.100923 0.141501
0.263416 0.0541601 0.116388 0.210955 0.352574 0.00250763
0.161606 9.9973E-05 9.9973E-05 0.31028 0.527814 9.9973E-05
0.137934 0.00407537 9.9982E-05 0.346051 0.51174 9.9982E-05
0.285 0.0111319 0.0453926 0.260039 0.398337 9.9991E-05
9.9982E-05 0.0471667 0.657668 0.286077 9.9982E-05 0.00888814
0.0696517 0.0227869 0.62471 0.170132 0.110479 0.00224052
0.680272 0.00291415 0.284859 9.9982E-05 9.9982E-05 0.0317543
0.444753 0.0210229 0.411307 0.0155189 0.0329278 0.0744711
0.393367 9.9991E-05 0.447522 0.036986 0.038749 0.0832763
0.0361631 0.0142897 0.291248 0.595016 0.041648 0.0216353
0.0812596 0.0338517 0.485611 0.160965 0.0865252 0.151788
9.9982E-05 9.9982E-05 0.310386 0.588067 0.0026811 0.0986658
0.00170246 0.0231447 0.637468 0.292657 0.044928 9.9991E-05
0.0504542 0.00619364 0.472495 0.299429 0.082101 0.0893279
0.0204412 0.0494861 0.605664 0.309036 0.0152724 9.9991E-05
0.0173052 0.0107794 0.223727 0.680459 0.0380565 0.0296731
0.0488079 0.0247788 0.643978 0.193667 0.0886683 9.9991E-05
0.0237174 0.0436108 0.597913 0.208608 0.0902141 0.0359371
0.963407 9.9973E-05 0.0289459 9.9973E-05 0.00734763 9.9973E-05
0.881566 9.9973E-05 0.089051 9.9973E-05 9.9973E-05 0.0290835
0.542145 0.0125665 0.296297 0.000989655 0.0768068 0.0711953
0.657945 9.9973E-05 0.332607 9.9973E-05 9.9973E-05 0.00914792
0.825702 0.00743483 0.117018 9.9982E-05 9.9982E-05 0.0496453
0.9995 9.996E-05 9.996E-05 9.996E-05 9.996E-05 9.996E-05
0.959344 9.9964E-05 9.9964E-05 9.9964E-05 9.9964E-05 0.0402563
0.850978 9.9964E-05 0.148622 9.9964E-05 9.9964E-05 9.9964E-05
0.936816 0.0119256 9.9973E-05 9.9973E-05 9.9973E-05 0.050959
0.9995 9.996E-05 9.996E-05 9.996E-05 9.996E-05 9.996E-05
0.9995 9.996E-05 9.996E-05 9.996E-05 9.996E-05 9.996E-05
0.76947 0.00183714 0.190045 9.9991E-05 0.00247729 0.0360708
0.800149 0.00534003 0.095974 9.9991E-05 0.0440704 0.0543667
0.9995 9.996E-05 9.996E-05 9.996E-05 9.996E-05 9.996E-05
0.427653 0.0299937 0.308363 0.0702353 0.0194062 0.144349
0.671471 0.0149953 0.241933 9.9991E-05 0.018587 0.052913
0.82548 0.00722101 0.157353 9.9982E-05 0.00974591 9.9982E-05
0.894064 0.0116925 0.093944 9.9973E-05 9.9973E-05 9.9973E-05
0.9995 9.996E-05 9.996E-05 9.996E-05 9.996E-05 9.996E-05
0.950615 0.00163973 0.0380365 9.9982E-05 0.00950892 9.9982E-05
0.998051 0.00154917 9.9964E-05 9.9964E-05 9.9964E-05 9.9964E-05
0.644744 9.9982E-05 0.263819 9.9982E-05 0.0268797 0.0643577
0.955713 0.0103808 9.9991E-05 0.00783537 0.0114188 0.0145524
0.0774689 9.9973E-05 9.9973E-05 0.574586 0.347645 9.9973E-05
0.098507 0.0148771 0.374458 0.23755 0.256053 0.018555
0.109636 0.0216173 0.401804 0.277846 0.188997 9.9991E-05
0.139411 0.0081809 0.162497 0.454952 0.234859 9.9991E-05
0.115466 0.0115143 0.487414 0.190875 0.143453 0.0512781
0.156601 0.0361127 0.0716247 0.484126 0.251436 9.9991E-05
0.112166 0.0209901 0.451568 0.192493 0.155846 0.0669365
0.156163 0.00475748 0.304982 0.315679 0.218319 9.9991E-05
0.141719 0.0221339 0.45867 0.179318 0.185637 0.0125231
0.129416 0.0172019 0.32777 0.294347 0.231165 9.9991E-05
0.147014 0.0397224 0.43225 0.175804 0.170256 0.034953
9.9982E-05 0.00129277 0.0572675 0.0307359 0.910504 9.9982E-05
0.0504183 0.0397045 9.9982E-05 0.0177358 0.891941 9.9982E-05
9.9982E-05 0.0482367 0.00231686 9.9982E-05 0.92382 0.0254268
9.9973E-05 0.0196133 9.9973E-05 0.00457711 0.97551 9.9973E-05
9.9982E-05 0.0381384 0.0564204 9.9982E-05 0.878694 0.0265471
9.9973E-05 0.0587626 0.00303323 9.9973E-05 0.937904 9.9973E-05
0.0203287 0.0619495 0.0377223 9.9991E-05 0.859399 0.0205003
9.9973E-05 0.0426151 9.9973E-05 9.9973E-05 0.907079 0.0500061
0.00219527 0.0249889 0.0509471 0.0153237 0.906445 9.9991E-05
0.0278526 0.0463797 9.9982E-05 9.9982E-05 0.884096 0.0414716
0.00202145 9.9982E-05 9.9982E-05 0.0818724 0.596118 0.319788
9.9982E-05 0.029299 9.9982E-05 0.0247756 0.580612 0.365113
9.9982E-05 0.0148935 9.9982E-05 0.102044 0.540235 0.342627
9.9973E-05 9.9973E-05 9.9973E-05 0.0952324 0.467217 0.437251
9.9991E-05 0.00834886 0.560875 0.142513 0.0513402 0.236823
0.0144957 9.9991E-05 0.587777 0.207932 0.047748 0.141948
0.00369629 9.9991E-05 0.661938 0.0913759 0.046271 0.196619
9.9982E-05 0.0205057 0.460666 0.196304 9.9982E-05 0.322325
0.0211623 9.9982E-05 0.222259 0.139906 9.9982E-05 0.616472
9.9982E-05 9.9982E-05 0.74535 0.0902284 0.0713224 0.0928994
0.0179105 9.9982E-05 0.697799 0.148029 9.9982E-05 0.136062
0.00770151 9.99873E-05 0.645927 0.266026 9.99873E-05 0.080145
9.9982E-05 0.000217422 0.553298 0.436894 9.9982E-05 0.00939044
0.076024 0.0467813 0.629552 0.12367 0.0299446 0.0940282
9.9982E-05 0.0108591 0.577815 0.228056 9.9982E-05 0.18307
9.9973E-05 9.9973E-05 0.148481 0.780279 9.9973E-05 0.0709403
0.0351512 0.00444329 0.650631 0.0948842 0.0482978 0.166592
9.9964E-05 9.9964E-05 0.332583 0.667017 9.9964E-05 9.9964E-05
9.9991E-05 0.00986984 0.637756 0.26266 0.0332408 0.0563731
9.9973E-05 9.9973E-05 0.331359 0.312925 9.9973E-05 0.355416
9.9973E-05 9.9973E-05 9.9973E-05 0.0497993 0.166364 0.783537
9.9982E-05 9.9982E-05 0.0523439 0.0569507 0.13821 0.752295
9.9991E-05 0.024736 0.0209456 0.0671082 0.0999102 0.7872
9.9973E-05 9.9973E-05 9.9973E-05 0.0522874 0.140824 0.806589
9.9982E-05 9.9982E-05 0.119205 0.0146928 0.0628116 0.803091
0.0573579 9.9991E-05 0.065187 0.0423666 0.0883881 0.7466
0.0196209 0.0241332 0.0549026 9.9991E-05 0.875699 0.0255445
0.00946295 9.9982E-05 0.124533 9.9982E-05 0.847598 0.0182065
0.0237865 0.0342559 0.157256 0.00339846 0.781203 9.9991E-05
0.0480526 0.000123146 0.0608774 0.00722551 0.860846 0.0228751
0.0276467 0.0253464 0.169193 9.9982E-05 0.777614 9.9982E-05
9.9982E-05 0.000321329 9.9982E-05 0.0136859 0.417506 0.568286
9.9973E-05 0.0251924 9.9973E-05 9.9973E-05 0.434234 0.540273
0.0185563 0.0234573 0.0149787 0.00154828 0.425284 0.516175
9.996E-05 0.9995 9.996E-05 9.996E-05 9.996E-05 9.996E-05
9.9982E-05 0.0337755 9.9982E-05 0.0567668 0.366714 0.542544
0.32027 0.0119362 0.251455 0.137255 0.278984 9.9991E-05
0.224411 0.0102009 0.541025 0.00490714 0.170275 0.0491811
0.230563 0.0110973 0.546067 9.9982E-05 0.212073 9.9982E-05
0.280345 9.9982E-05 0.328515 0.0862927 0.304648 9.9982E-05
0.116642 0.0741272 0.539092 0.0692001 0.0907101 0.110229
0.325447 0.00713866 9.9982E-05 0.21128 0.455934 9.9982E-05
9.9982E-05 9.9982E-05 0.522039 0.0520247 0.0225997 0.403137
0.035346 9.9982E-05 0.491986 0.266627 9.9982E-05 0.205841
0.00376055 0.0214108 0.328194 0.112282 9.9991E-05 0.534252
0.018538 9.9991E-05 0.555114 0.22981 0.004543 0.191894
9.9964E-05 9.9964E-05 9.9964E-05 0.687018 9.9964E-05 0.312582
0.0289329 0.0508545 0.604329 0.0861523 0.0698513 0.15988
0.0711009 0.00797797 0.540233 0.220621 0.0193957 0.140672
9.9991E-05 0.0152185 0.404651 0.093565 0.00957773 0.476887
0.0732853 0.00796244 0.555837 0.0922776 0.105754 0.164884
9.9973E-05 9.9973E-05 0.190304 0.50504 9.9973E-05 0.304356
0.042388 9.9991E-05 0.604391 0.146593 0.0198578 0.186671
0.0177404 0.00104625 0.554987 0.061248 0.0270663 0.337912
0.152244 9.9991E-05 0.436783 0.202172 0.10763 0.101071
0.0420234 9.9982E-05 0.388517 0.293635 9.9982E-05 0.275624
0.073515 0.00440099 0.416118 0.311735 9.9991E-05 0.194131
0.0599008 9.9982E-05 0.631184 0.120862 9.9982E-05 0.187854
0.0345849 9.9982E-05 0.57862 0.224615 9.9982E-05 0.161979
0.0764145 0.0173693 0.635619 0.127759 0.0377365 0.105101
0.0627386 9.9991E-05 0.577412 0.106476 0.0994231 0.153851
0.0605231 0.00494289 0.587325 0.0801008 0.0625234 0.204585
0.0460215 0.0301584 0.106176 9.9982E-05 0.817444 9.9982E-05
0.00683534 0.0148503 0.115467 9.9982E-05 0.862648 9.9982E-05
9.9982E-05 0.0434075 0.0478076 0.0238944 0.884691 9.9982E-05
0.0415027 0.0394242 0.022201 9.9991E-05 0.88728 0.00949187
9.9973E-05 0.0358906 0.0944167 9.9973E-05 0.869393 9.9973E-05
0.0290601 0.00879671 0.168529 0.137523 0.0446268 0.611464
0.0823981 0.0354881 0.547976 0.132372 0.020234 0.181532
0.258268 0.0177196 0.354936 0.122735 0.161207 0.0851346
0.0865944 0.0226366 0.668672 0.0401099 0.000855241 0.181132
0.0523665 0.0056464 0.544585 0.0305186 9.9991E-05 0.366783
0.061155 0.0266135 0.266287 0.318726 9.9991E-05 0.327118
0.00523546 0.00687609 0.0347507 0.111565 0.0508541 0.790718
0.0175681 0.0153342 0.517113 0.0342036 0.045203 0.370578
0.0670047 0.00245489 0.247043 0.00522755 0.0422416 0.636028
0.0319407 0.014472 0.508866 0.229262 0.0388431 0.176616
0.000302965 9.9991E-05 0.209082 0.0522563 0.0855375 0.652721
0.0711677 0.00622009 0.575875 0.00555458 0.0994042 0.241778
0.020508 0.0101745 0.201757 0.123259 0.0346961 0.609605
0.142792 9.9991E-05 0.250609 0.317169 0.00485696 0.284473
0.0292779 0.0311278 0.548282 0.18665 0.11366 0.0910021
9.9982E-05 9.9982E-05 0.327965 0.553134 0.0377011 0.0809997
0.0264427 0.0195183 0.549582 0.338288 0.0660691 9.9991E-05
0.05632 0.0209911 0.564551 0.207823 0.125338 0.0249765
9.9982E-05 9.9982E-05 0.282494 0.610014 0.0617586 0.0455335
0.0425705 0.0433176 0.58043 0.19222 0.087814 0.053648
9.9991E-05 0.00495701 0.542646 0.294229 0.0734465 0.0846215
9.9991E-05 0.0162239 0.179549 0.796823 0.00241164 0.00489331
9.9991E-05 0.0165712 0.212946 0.712224 0.0451737 0.0129849
9.9982E-05 9.9982E-05 0.493945 0.396556 0.0614664 0.0478324
9.9982E-05 0.0240505 0.102774 0.812565 9.9982E-05 0.0604109
0.0206999 0.000672409 0.452531 0.391763 0.0114288 0.122905
0.0315162 0.012662 0.188771 0.0375277 9.9991E-05 0.729423
0.106123 9.9982E-05 0.197064 0.324358 9.9982E-05 0.372255
0.106179 0.0120422 0.390413 9.9991E-05 0.0114261 0.47984
0.0701121 0.00752335 0.57445 0.0421183 0.0871832 0.218613
0.0109586 9.9982E-05 0.29153 0.0542812 9.9982E-05 0.64303
0.100797 9.9991E-05 0.531411 0.117668 0.0751402 0.174885
0.0561925 0.0011011 0.599157 0.0147659 0.0710745 0.257709
0.102151 0.0209621 0.504264 0.123486 9.9991E-05 0.249037
0.0850111 0.0163219 0.564543 0.0580169 9.9991E-05 0.276007
0.0280603 0.0052245 0.523381 0.00156487 9.9991E-05 0.441669
0.0120521 0.024939 0.325534 0.073442 9.9991E-05 0.563933
0.0438819 9.9982E-05 0.444777 0.0372504 9.9982E-05 0.47389
0.0786077 0.0117146 0.577844 0.123899 9.9991E-05 0.207835
0.0926234 0.0611628 0.622987 0.0573601 0.0234207 0.142446
0.104486 9.9991E-05 0.335725 0.245132 0.0524092 0.262147
0.114615 0.00466102 0.475533 0.171846 9.9991E-05 0.233245
0.0646214 0.0104524 0.386269 0.0630328 9.9991E-05 0.475524
0.0554655 9.9991E-05 0.578215 0.022451 0.0553073 0.288461
0.0858025 9.9991E-05 0.503047 0.0240614 0.0358264 0.351163
0.082648 0.0226338 0.568616 0.0461055 0.108449 0.171548
0.116864 0.0172836 0.483952 0.0277858 0.349826 0.00428726
0.193757 0.012435 0.49632 0.0587616 0.134007 0.104719
0.157338 0.0473628 0.449009 0.0996315 0.143242 0.103416
0.153699 0.0222393 0.55418 0.145648 0.124134 9.9991E-05
0.214113 0.00568838 0.477878 0.11298 0.189241 9.9991E-05
0.0187651 9.9982E-05 0.542875 0.271555 9.9982E-05 0.166604
0.145414 0.041866 0.533565 0.101494 0.10642 0.071241
0.209732 9.9982E-05 9.9982E-05 0.448992 0.259724 0.0813531
0.141927 0.0255421 0.592628 0.0778436 0.115825 0.0462345
0.197499 0.000279457 0.534503 0.0838743 0.145265 0.0385802
0.143317 0.0204395 0.570573 0.0933392 0.0745632 0.0977683
0.104031 0.0495649 0.33079 0.295107 0.191057 0.0294513
0.144576 0.00224036 0.563948 0.0333772 0.20516 0.0506985
0.21115 0.026109 0.506523 0.100038 0.125062 0.0311172
0.142755 0.00130039 9.9982E-05 0.326937 0.528807 9.9982E-05
0.186083 0.0045972 0.442624 0.0877694 0.166666 0.112261
0.211541 9.9991E-05 0.519412 0.0493924 0.20436 0.0151942
0.108969 9.9982E-05 0.604515 0.152182 0.134134 9.9982E-05
0.209385 0.00370123 0.526681 0.0236695 0.236463 9.9991E-05
0.100543 0.0457145 0.541242 0.0580435 0.213157 0.0413006
0.0336022 0.0261816 0.493899 0.373833 0.0476598 0.0248236
0.055331 9.9991E-05 0.544612 0.208491 0.0652005 0.126265
0.0139964 9.9982E-05 0.0339699 0.845987 9.9982E-05 0.105847
9.9982E-05 0.0118277 0.079128 0.851829 9.9982E-05 0.0570151
0.0567265 0.00474469 0.539959 0.241804 0.0906145 0.0661516
0.309163 9.9982E-05 0.327384 0.156438 0.206815 9.9982E-05
0.299094 9.9982E-05 0.368905 0.160377 0.171424 9.9982E-05
0.326963 0.00815213 0.176765 0.314248 0.173772 9.9991E-05
0.277233 0.0558404 0.377422 0.1695 0.119905 9.9991E-05
0.102216 0.0326464 0.113104 0.668313 0.0836209 9.9991E-05
0.0995914 0.0314662 0.185921 0.621872 0.0610495 9.9991E-05
0.0677095 9.9982E-05 0.647618 0.267147 0.0173253 9.9982E-05
0.156935 9.9982E-05 0.433848 0.320499 0.088518 9.9982E-05
0.110572 0.0192504 0.278159 0.5717 0.0196607 0.000658189
0.093129 0.00322339 0.571625 0.182614 0.0883797 0.0610286
0.0908407 0.020433 0.600227 0.216314 0.0482871 0.023899
0.130416 9.9991E-05 0.570326 0.194766 0.0639869 0.040406
9.9982E-05 0.0280098 0.422409 0.531427 9.9982E-05 0.0179548
0.0100957 0.00102977 0.505242 0.402263 0.0292481 0.0521218
0.0416183 0.0122236 0.571953 0.309888 0.057503 0.00681387
0.0200427 9.9991E-05 0.529688 0.282291 0.0860655 0.0818126
0.0681596 9.9991E-05 0.564651 0.220505 0.109383 0.0372011
9.9991E-05 0.00826486 0.536078 0.431005 0.0187936 0.00575863
0.000573766 0.00296294 0.302924 0.693339 9.9982E-05 9.9982E-05
0.0404693 0.0233483 0.673341 0.233418 0.0293233 9.9991E-05
0.0157558 9.9982E-05 0.252816 0.637212 9.9982E-05 0.094016
9.9991E-05 0.0120149 0.535486 0.383922 0.0553169 0.013161
0.0525573 0.0226313 0.551734 0.265452 0.0491245 0.0585008
0.0147792 0.0288833 0.551279 0.25465 0.0645542 0.0858537
0.159237 0.0311642 0.476515 0.142522 0.179195 0.0113673
0.131083 0.0600396 0.468423 0.186463 0.133486 0.0205062
0.278178 0.0479187 0.319905 0.16561 0.188289 9.9991E-05
0.260731 0.0264391 0.314494 0.194095 0.192085 0.0121555
0.193226 0.0239811 0.445789 0.104662 0.132256 0.100086
0.144393 0.0334019 0.471485 0.188789 0.16183 9.9991E-05
0.15845 0.0201641 9.9982E-05 0.651202 0.169983 9.9982E-05
0.222448 0.0266616 0.543173 0.118997 0.0886206 9.9991E-05
0.145035 9.9973E-05 9.9973E-05 0.495225 0.35944 9.9973E-05
0.16477 0.00559662 0.559682 0.170296 0.0995558 9.9991E-05
9.9964E-05 9.9964E-05 0.248365 0.751235 9.9964E-05 9.9964E-05
9.9982E-05 0.00459487 0.0634818 0.881382 9.9982E-05 0.0503409
0.0143213 9.9982E-05 0.573005 0.372794 9.9982E-05 0.0396793
0.0402602 0.000589925 0.664108 0.263326 0.0244151 0.00730069
9.9973E-05 9.9973E-05 0.523363 0.468129 9.9973E-05 0.00820808
0.0469267 9.9973E-05 0.624931 0.327842 9.9973E-05 9.9973E-05
0.0301289 9.9973E-05 0.609704 0.359867 9.9973E-05 9.9973E-05
0.0195607 0.0401297 0.0392902 9.9991E-05 0.828655 0.0722648
0.0708827 0.0540007 0.0480319 0.0457274 0.72539 0.0559671
0.0233192 0.0241892 0.000197994 9.9991E-05 0.918962 0.0332315
9.9973E-05 0.0569591 0.029468 9.9973E-05 0.913273 9.9973E-05
0.0282451 9.9991E-05 0.606155 0.313272 0.0330821 0.0191457
0.0137719 0.0260978 0.637853 0.147461 0.0126438 0.162173
9.9982E-05 0.0216342 0.661583 0.181959 9.9982E-05 0.134624
9.9991E-05 0.0347513 0.631088 0.108475 0.0750618 0.150524
0.0113651 0.0236522 0.654682 0.085431 0.114528 0.110342
9.9991E-05 0.00961232 0.489263 0.283398 0.00600543 0.211621
9.9973E-05 0.0457893 0.781599 0.172312 9.9973E-05 9.9973E-05
9.9982E-05 0.001719 0.398559 0.557788 9.9982E-05 0.0417342
0.152195 0.0451476 0.409214 9.9991E-05 0.316677 0.0766664
9.9973E-05 9.9973E-05 0.57332 0.371993 9.9973E-05 0.0543871
9.9982E-05 0.00749478 0.500021 0.277148 9.9982E-05 0.215136
0.00777192 0.00551093 0.637181 0.289465 0.0114819 0.0485893
0.00533663 0.0178757 0.549561 0.202711 9.9991E-05 0.224416
9.9964E-05 9.9964E-05 0.7311 0.2685 9.9964E-05 9.9964E-05
9.9991E-05 0.037241 0.614683 0.186152 0.0655674 0.0962566
9.9964E-05 9.9964E-05 0.204261 0.795339 9.9964E-05 9.9964E-05
9.9973E-05 9.9973E-05 0.469056 0.520219 9.9973E-05 0.0104254
0.0206262 9.9982E-05 0.469218 0.463899 9.9982E-05 0.0460574
9.9973E-05 9.9973E-05 0.06094 0.93582 9.9973E-05 0.00293997
9.9991E-05 0.0178983 0.536357 0.211026 0.0101792 0.22444
9.9973E-05 9.9973E-05 0.212889 0.739326 9.9973E-05 0.0474853
9.9973E-05 9.9973E-05 0.0482306 0.909681 9.9973E-05 0.0417881
0.0231675 0.0107807 0.687888 0.247564 0.0199655 0.0106346
9.9982E-05 0.000774639 0.342559 0.315551 9.9982E-05 0.340915
9.9982E-05 9.9982E-05 0.608376 0.247095 0.0199545 0.124375
0.109825 0.044585 0.572192 0.128812 0.0394544 0.105132
9.9991E-05 0.00373702 0.637261 0.187944 0.0427839 0.128174
0.0524913 9.9982E-05 0.386555 0.268122 9.9982E-05 0.292632
0.00661184 0.0256632 0.699867 0.140877 0.00445273 0.122528
9.9982E-05 0.00775438 0.640505 0.178702 9.9982E-05 0.172839
9.9973E-05 9.9973E-05 0.475324 0.495397 9.9973E-05 0.0289792
0.0349641 9.9991E-05 0.608271 0.113388 0.104315 0.138962
9.9982E-05 0.0507452 9.9982E-05 0.0366521 0.631098 0.281305
9.9982E-05 0.0716987 9.9982E-05 0.0528644 0.69086 0.184376
9.9973E-05 0.172337 9.9973E-05 9.9973E-05 0.689246 0.138117
9.9973E-05 0.117394 9.9973E-05 9.9973E-05 0.730158 0.152147
9.9991E-05 0.0312212 0.0259135 0.0321426 0.725711 0.184911
9.9982E-05 9.9982E-05 0.310171 0.366268 0.00671624 0.316645
9.9982E-05 0.00222125 0.33703 0.380919 9.9982E-05 0.27963
9.9973E-05 9.9973E-05 0.41554 0.582118 9.9973E-05 0.0020424
0.0757723 0.0148843 0.555476 0.162788 0.0980462 0.0930329
0.0687543 0.0103967 0.60778 0.139399 0.0977738 0.0758967
9.9973E-05 9.9973E-05 0.472907 0.509951 9.9973E-05 0.0168427
0.116199 0.014223 0.635718 0.172547 9.9991E-05 0.0612121
0.00798594 0.0293118 0.562607 0.365846 0.0133173 0.0209318
9.9991E-05 0.00310326 0.638986 0.219717 0.0119234 0.12617
0.052217 0.0139221 0.679962 0.18601 0.0268443 0.0410449
9.9973E-05 9.9973E-05 0.430863 0.283671 9.9973E-05 0.285166
9.9973E-05 9.9973E-05 0.480483 0.242347 9.9973E-05 0.27687
9.9973E-05 9.9973E-05 0.471101 0.294447 9.9973E-05 0.234153
0.00450779 9.9991E-05 0.688506 0.105384 0.155494 0.0460074
9.9982E-05 0.0427889 0.569275 0.191635 9.9982E-05 0.196102
9.9982E-05 0.0237482 0.574896 0.218951 9.9982E-05 0.182205
0.383816 9.9991E-05 0.403384 0.067575 0.10502 0.040105
0.496878 0.0209472 0.299188 0.0863808 0.0965063 9.9991E-05
0.405632 0.00669837 0.476526 9.9991E-05 0.0912153 0.0198288
0.546364 0.0536455 0.276157 0.0119093 0.111825 9.9991E-05
0.309791 0.0046088 0.509536 0.0250177 0.150947 9.9991E-05
9.9982E-05 0.0322657 0.592629 0.311443 0.0634626 9.9982E-05
0.656402 0.00922761 0.0218256 0.0478339 0.259902 0.00480932
0.513435 0.0217704 0.312751 9.9982E-05 0.151844 9.9982E-05
0.181421 0.0137918 0.359497 0.249753 0.195437 9.9991E-05
0.00794602 0.0411424 0.567375 0.185614 0.134459 0.0634645
0.00572789 0.0223224 0.53058 0.227763 0.17621 0.0373964
0.0210767 9.9991E-05 0.640346 0.145764 0.182064 0.0106498
0.0288551 9.9991E-05 0.659403 0.0847656 0.169735 0.0571415
0.485045 0.0256665 0.338311 9.9982E-05 0.150778 9.9982E-05
0.385575 9.9991E-05 0.420844 0.0203126 0.141287 0.0318816
0.489468 0.0312227 0.410736 9.9982E-05 0.0683733 9.9982E-05
0.316757 0.0240388 0.491604 0.0325003 0.133925 0.00117571
0.51864 9.9991E-05 0.233476 0.0307573 0.148639 0.0683883
0.334263 9.9991E-05 0.430165 0.0255514 0.16489 0.0450316
0.573098 0.0209073 0.205599 0.0671601 0.133135 9.9991E-05
0.330521 0.0278255 0.4388 0.069994 0.0642781 0.0685812
0.0122089 9.9982E-05 0.522024 0.295703 0.169865 9.9982E-05
0.35992 0.00986214 0.373679 0.0782874 0.164732 0.0135201
0.602694 0.0348851 0.139643 0.0269179 0.195761 9.9991E-05
0.378786 0.00956322 0.394998 0.0121864 0.109402 0.0950633
9.9991E-05 0.022919 0.341436 0.284423 0.209342 0.14178
0.0449958 0.010851 0.635469 0.206234 0.10235 9.9991E-05
0.372834 0.0104849 0.373865 0.0395148 0.153815 0.0494853
9.9991E-05 0.0245156 0.619535 0.104151 0.165913 0.0857851
9.9991E-05 0.0263738 0.544124 0.1707 0.181474 0.0772285
0.214255 0.0332724 0.372744 0.184965 0.192366 0.00239825
0.279386 0.017779 0.372033 0.105986 0.224716 9.9991E-05
0.113882 9.9991E-05 0.553644 0.0922206 0.154629 0.0855243
0.297952 9.9991E-05 0.443987 0.042204 0.172427 0.0433292
0.398309 9.9973E-05 0.476706 9.9973E-05 0.124685 9.9973E-05
0.621005 0.0115656 0.113359 0.0399961 0.213974 9.9991E-05
0.0744792 0.0449865 0.666798 0.122654 0.0466536 0.0444277
9.9991E-05 0.00605476 0.505922 0.257019 0.198126 0.0327782
0.0447539 9.9982E-05 0.139428 0.670013 0.145605 9.9982E-05
0.0128376 0.0366766 0.61325 0.111753 0.164746 0.0607369
0.029628 0.00565944 0.429742 0.284242 0.13042 0.120308
0.154264 0.0452088 0.471306 0.179315 0.149806 9.9991E-05
0.119001 0.0218971 0.472835 0.143758 0.171757 0.0707517
0.128541 0.0162417 9.9982E-05 0.444014 0.411004 9.9982E-05
0.0964143 0.0138983 9.9982E-05 0.543523 0.345964 9.9982E-05
0.101569 0.0298185 0.276784 0.391211 0.200518 9.9991E-05
0.185671 9.9982E-05 0.0182064 0.420544 0.375378 9.9982E-05
0.203874 9.9973E-05 9.9973E-05 0.284379 0.511447 9.9973E-05
0.121458 9.9982E-05 0.368338 0.275333 0.234671 9.9982E-05
0.157539 9.9991E-05 0.379701 0.184143 0.258769 0.0197471
0.18619 9.9982E-05 0.113525 0.368934 0.331152 9.9982E-05
0.146184 9.9982E-05 0.0462158 0.48465 0.32275 9.9982E-05
0.153231 0.0123257 0.494991 0.154501 0.18485 9.9991E-05
0.177091 0.0214068 0.118667 0.424138 0.258597 9.9991E-05
0.0619543 0.00755754 9.9982E-05 0.520112 0.410176 9.9982E-05
0.136147 0.00493748 0.531453 0.114143 0.119882 0.0934367
0.204298 0.00836608 0.304702 0.248922 0.233613 9.9991E-05
0.137145 0.0169422 0.46589 0.0213501 0.346317 0.0123554
0.228682 0.0181653 0.5688 9.9982E-05 0.184153 9.9982E-05
0.22056 0.00968374 0.554769 0.0482717 0.166616 9.9991E-05
0.280913 0.0158544 0.477347 0.0857785 0.140007 9.9991E-05
0.206173 0.0397129 0.313939 9.9991E-05 0.346313 0.0937617
0.192772 0.0247597 0.517275 0.0296227 0.199009 0.0365619
0.207553 0.0499059 0.475177 0.0280503 0.239214 9.9991E-05
0.301239 0.0298537 0.23376 0.213364 0.221683 9.9991E-05
0.092371 0.00883067 0.382177 0.152023 0.197655 0.166943
0.116557 9.9991E-05 0.536074 0.083895 0.230836 0.0325378
0.153856 9.9991E-05 0.602031 0.0404897 0.183947 0.0195765
0.108058 0.00566627 0.640052 0.0495127 0.144433 0.0522778
0.270082 0.0188603 0.405909 0.0019749 0.237797 0.0653777
0.157892 0.0431666 0.562718 0.00946325 0.22666 9.9991E-05
0.328323 0.0028679 0.0185056 0.251863 0.39834 9.9991E-05
0.156513 0.0563879 0.56991 0.0329026 0.15435 0.0299361
0.324832 0.0267269 0.160415 0.204671 0.283255 9.9991E-05
0.00289225 0.0434505 9.9982E-05 9.9982E-05 0.769049 0.184408
9.9973E-05 9.9973E-05 0.163812 9.9973E-05 0.0559777 0.779911
9.9964E-05 0.00262796 9.9964E-05 9.9964E-05 9.9964E-05 0.996972
9.996E-05 9.996E-05 9.996E-05 9.996E-05 9.996E-05 0.9995
0.0170947 0.00520003 9.9973E-05 9.9973E-05 9.9973E-05 0.977405
0.0220761 0.00809167 9.9973E-05 9.9973E-05 9.9973E-05 0.969532
9.9964E-05 9.9964E-05 0.0415462 9.9964E-05 9.9964E-05 0.958054
9.9964E-05 0.00877259 9.9964E-05 9.9964E-05 9.9964E-05 0.990828
9.9973E-05 0.00627007 9.9973E-05 9.9973E-05 0.126325 0.867105
9.9991E-05 0.0621331 0.00832913 0.00130577 0.846171 0.0819614
9.9982E-05 0.0304687 0.0747747 9.9982E-05 0.787009 0.107548
9.9991E-05 0.0484983 0.0319914 0.0219381 0.864541 0.0329316
9.9982E-05 0.0142294 0.0410493 9.9982E-05 0.870509 0.074012
9.9982E-05 0.0310473 0.0299899 9.9982E-05 0.856447 0.0823155
9.9982E-05 0.0221547 0.0582014 9.9982E-05 0.916785 0.0026589
0.0693025 0.0237516 0.129452 0.00142533 0.734781 0.0412878
0.0117651 0.0302429 0.0836082 9.9982E-05 0.874184 9.9982E-05
0.0773056 0.0462625 0.0984458 0.0363784 0.672947 0.0686606
0.0452873 0.0682391 0.0346759 9.9982E-05 0.851598 9.9982E-05
9.9964E-05 0.0677536 9.9964E-05 9.9964E-05 0.931847 9.9964E-05
0.0274538 0.0693768 0.0411605 9.9991E-05 0.82721 0.0346985
9.9964E-05 0.0426212 9.9964E-05 9.9964E-05 0.956979 9.9964E-05
9.9973E-05 0.0810125 0.0376359 9.9973E-05 0.881052 9.9973E-05
0.0302482 0.0348945 0.0845907 9.9982E-05 0.850067 9.9982E-05
0.00268009 0.0489231 0.0631347 9.9982E-05 0.885062 9.9982E-05
0.0522412 0.00839031 0.0693375 9.9982E-05 0.869831 9.9982E-05
0.0298615 9.9973E-05 0.108005 9.9973E-05 0.861833 9.9973E-05
0.0700416 0.0389005 0.10396 9.9982E-05 0.786897 9.9982E-05
9.9991E-05 0.0187743 0.444258 0.27518 0.149296 0.112392
9.9982E-05 9.9982E-05 0.728364 0.10685 0.108126 0.0564605
0.0528609 0.044837 0.629971 0.0995891 0.0977019 0.0750398
0.0508322 9.9982E-05 0.0718488 0.7458 0.131319 9.9982E-05
0.0279025 0.0044324 0.535341 0.207472 0.109842 0.11501
0.0378072 9.9982E-05 0.0663701 0.71731 0.178312 9.9982E-05
0.105325 0.0263927 0.582592 0.233252 0.052338 9.9991E-05
9.9982E-05 9.9982E-05 0.423463 0.285493 0.197039 0.0938057
9.9991E-05 0.019978 0.52283 0.210458 0.190081 0.0565533
9.9991E-05 0.0219795 0.590934 0.244239 0.0555763 0.0871709
9.9991E-05 0.019956 0.511387 0.214037 0.141252 0.113268
0.0212635 0.00644803 0.684499 0.18253 0.105159 9.9991E-05
0.012786 0.0397832 0.572908 0.163528 0.0970553 0.113939
0.101969 9.9982E-05 0.00964258 0.393805 9.9982E-05 0.494383
9.9973E-05 9.9973E-05 0.0233819 0.807415 0.168903 9.9973E-05
0.0192802 9.9982E-05 0.163272 0.650077 0.167171 9.9982E-05
0.0120516 0.0290724 0.649356 0.166274 0.126484 0.0167621
0.0384698 0.00617557 0.507501 0.34039 0.107364 9.9991E-05
9.9982E-05 0.00508166 0.635694 0.237801 0.121224 9.9982E-05
0.109154 0.046134 0.613576 0.171175 0.0463027 0.0136579
0.184665 9.9991E-05 0.455413 0.0622693 0.229138 0.0684153
0.146595 0.0328743 0.546678 0.019619 0.200127 0.0541065
0.141629 0.010726 0.181865 0.0392399 0.402827 0.223714
0.0638442 0.014788 0.580671 0.0458838 0.137248 0.157565
0.109056 9.9991E-05 0.47011 0.03559 0.224526 0.160619
0.164493 9.9973E-05 9.9973E-05 0.392679 0.442528 9.9973E-05
0.235454 0.031877 0.283725 0.164106 0.284738 9.9991E-05
0.132014 0.0454597 0.326704 0.0723566 0.341367 0.0820989
0.0983828 0.0219922 0.403193 0.00753343 0.313463 0.155435
0.160461 0.014985 0.567244 0.0466826 0.15683 0.053797
0.139978 0.0135843 0.537349 0.0570848 0.207896 0.0441087
0.103693 0.0280267 0.650956 0.0523279 0.164896 9.9991E-05
0.222824 0.016975 0.352615 0.183199 0.143794 0.0805921
0.102468 0.0618439 0.248188 0.0779935 0.460472 0.0490352
