0.0340605 9.9982E-05 0.0153465 9.9982E-05 0.924782 0.025611
0.00762009 9.9982E-05 0.0150035 9.9982E-05 0.969308 0.00786873
0.0711518 9.9973E-05 9.9973E-05 0.0423077 0.886241 9.9973E-05
0.117781 9.9982E-05 0.0104728 0.0254076 0.846139 9.9982E-05
0.0668827 9.9964E-05 9.9964E-05 9.9964E-05 0.932717 9.9964E-05
0.0609005 0.107356 0.0882399 9.9991E-05 0.665977 0.0774264
0.00758988 0.125419 0.038708 0.0101475 0.818036 9.9991E-05
0.0131884 0.136123 0.08779 9.9991E-05 0.734924 0.027875
9.99729E-05 0.0252547 0.153538 9.99729E-05 0.820908 9.99729E-05
0.0579226 0.119657 0.0457723 0.000551124 0.738804 0.0372927
0.0914287 0.0985635 0.051659 9.9982E-05 0.758149 9.9982E-05
0.203185 0.0619252 0.511102 0.137434 0.0306926 0.0556608
0.564033 0.0389997 0.268948 0.0204611 0.0582754 0.0492824
0.279529 0.0296959 0.520747 0.0758614 0.0086058 0.0855604
0.237714 0.0234408 0.494213 0.0707173 0.022524 0.151391
0.419709 0.0191968 0.344145 9.9991E-05 0.0807654 0.136084
0.576011 0.0492554 0.192599 0.0875621 0.0324308 0.062142
0.449302 0.0356728 0.284689 0.13072 0.0281601 0.0714565
0.287306 0.087829 0.405722 0.0378624 0.113087 0.0681935
0.052298 0.081277 0.711171 0.109436 0.0457177 9.9991E-05
0.468287 0.0980582 0.339666 0.0718684 9.9991E-05 0.0220208
0.428413 0.201834 0.179082 0.0772819 0.0104057 0.102984
0.549122 0.075825 0.189411 0.129259 0.0256714 0.0307113
0.239701 0.0832978 0.453344 0.113447 0.0383889 0.0718218
0.601137 0.052261 0.171227 0.010339 0.0705074 0.0945282
0.549373 0.0337723 0.279321 0.0847284 0.0527055 9.9991E-05
0.267741 0.0449649 0.506845 0.108188 0.0615808 0.0106798
0.273769 0.0163088 0.505293 0.0890417 0.0277781 0.0878093
0.245734 0.0870862 0.532892 0.126087 9.9991E-05 0.0081
0.0953912 9.9973E-05 9.9973E-05 9.9973E-05 0.897596 0.00671329
0.131126 9.9973E-05 9.9973E-05 0.00113407 0.867441 9.9973E-05
0.0989498 9.9982E-05 9.9982E-05 0.0108293 0.817216 0.0728045
0.200633 9.9973E-05 9.9973E-05 9.9973E-05 0.767887 0.0311805
0.502514 0.0741973 0.120816 0.208869 0.0935035 9.9991E-05
0.507191 0.0101449 0.0637185 0.273427 0.0992385 0.0462802
0.5515 0.0458369 9.9991E-05 0.391982 0.00507375 0.00550724
0.21459 9.9982E-05 0.695352 0.0653461 0.0245114 9.9982E-05
0.243257 0.210034 9.9982E-05 0.528483 9.9982E-05 0.0180255
0.508546 9.9991E-05 0.171619 0.196559 0.0720142 0.0511621
0.728219 0.0401733 0.0109965 0.183875 0.036636 9.9991E-05
0.572283 0.143018 0.0768785 0.0822276 0.125493 9.9991E-05
0.61283 0.0667798 0.0793084 0.112905 0.122015 0.0061611
0.117604 9.9982E-05 0.166574 0.674789 0.0408331 9.9982E-05
0.677175 0.234064 0.0109232 9.9982E-05 0.0776373 9.9982E-05
0.589567 0.0613426 0.00040361 0.224143 0.0872676 0.0372757
0.594183 0.0258247 0.0618003 0.124018 0.133754 0.0604194
0.327264 0.131682 9.9973E-05 0.540753 9.9973E-05 9.9973E-05
0.574807 0.0109236 0.00574021 0.295693 0.111175 0.00166038
0.541773 0.0837317 0.0264895 0.132047 0.150077 0.065882
9.9964E-05 0.446577 9.9964E-05 0.553023 9.9964E-05 9.9964E-05
0.19071 0.102407 0.628378 0.0783042 9.9982E-05 9.9982E-05
0.17993 0.399303 0.247087 0.113722 0.0201038 0.039854
0.558133 0.086125 0.157784 0.0541983 0.0785909 0.0651682
0.603087 0.0902816 0.130325 0.0289668 0.0847582 0.062582
0.644837 0.106559 0.0502236 0.0416951 0.122003 0.0346827
0.196168 0.0291964 0.524124 0.129668 0.100208 0.020636
0.584733 0.0611992 0.315099 0.0222537 0.016616 9.9991E-05
0.571271 0.023723 0.193078 0.0993447 0.0853765 0.0272072
0.399549 0.116903 0.253117 0.0976192 0.0964161 0.0363958
0.147849 0.1348 0.469274 0.091835 0.156142 9.9991E-05
0.567614 0.117802 0.193899 9.9991E-05 0.0737988 0.0467858
0.479028 0.103163 0.199754 0.0765633 0.0987585 0.0427325
0.087144 0.114618 0.584408 0.136105 0.0776252 9.9991E-05
0.446986 0.0680115 0.377768 0.107035 9.9982E-05 9.9982E-05
0.606957 0.148715 0.137666 0.0178186 0.02301 0.0658333
0.67551 0.0808097 0.109478 0.0358588 0.0869726 0.0113707
0.293189 0.0923598 0.356524 0.138824 0.0863626 0.0327402
0.51776 0.0599572 0.198278 0.135742 0.059538 0.0287242
0.548683 0.0604048 0.186558 0.10452 0.038846 0.0609882
0.224231 0.0832144 0.521132 0.142937 0.0283857 9.9991E-05
0.465018 9.9991E-05 0.0447143 0.47621 0.00772811 0.00622976
0.15003 9.9991E-05 0.0644365 0.757917 0.0201947 0.00732192
0.4968 0.0122765 0.026161 0.295832 0.142617 0.0263126
9.9964E-05 0.184058 9.9964E-05 0.815542 9.9964E-05 9.9964E-05
9.9964E-05 0.192196 9.9964E-05 0.807404 9.9964E-05 9.9964E-05
0.220452 0.0976594 9.9973E-05 0.681589 9.9973E-05 9.9973E-05
0.445394 9.9982E-05 0.0690266 0.452505 0.0328746 9.9982E-05
0.543325 0.0921929 0.0372253 0.132943 0.119411 0.074903
0.454822 0.0359224 9.9982E-05 0.489375 9.9982E-05 0.0196814
0.11985 9.9982E-05 0.196704 0.658098 0.0251481 9.9982E-05
0.252694 9.9982E-05 0.154707 0.574049 0.0183493 9.9982E-05
0.488685 9.9991E-05 0.0859779 0.296646 0.063846 0.0647446
0.303458 9.9982E-05 0.0718126 0.587883 0.0366468 9.9982E-05
0.458082 9.9982E-05 0.0956954 0.43549 0.010533 9.9982E-05
0.423051 0.0786644 9.9973E-05 0.497984 9.9973E-05 9.9973E-05
9.9964E-05 0.406835 9.9964E-05 0.592766 9.9964E-05 9.9964E-05
0.636696 0.0917524 9.9991E-05 0.218104 0.0523896 0.000958209
0.0825956 9.9982E-05 0.0601078 0.00106374 0.856033 9.9982E-05
0.0689 9.9964E-05 9.9964E-05 9.9964E-05 0.9307 9.9964E-05
0.11314 9.9973E-05 9.9973E-05 9.9973E-05 0.851202 0.0353584
0.0334493 9.9973E-05 9.9973E-05 9.9973E-05 0.936971 0.0292801
0.00162815 9.9982E-05 9.9982E-05 0.00979865 0.949627 0.0387465
0.0647007 0.00249946 9.9982E-05 9.9982E-05 0.871792 0.0608082
0.0723286 9.9973E-05 9.9973E-05 9.9973E-05 0.92417 0.00320148
0.544055 0.0137229 0.0777544 0.221413 0.0894345 0.0536204
0.561641 0.0411632 0.10504 0.128229 0.124839 0.0390883
0.00847426 0.0107376 0.231619 0.70288 0.0461889 9.9991E-05
0.586535 0.0100837 0.115566 0.14891 0.0646818 0.0742228
0.345747 9.9982E-05 0.146427 0.494464 0.0131624 9.9982E-05
0.498808 9.9982E-05 0.0565991 0.361549 0.0828445 9.9982E-05
0.570827 0.11862 0.0325423 0.252761 0.0251503 9.9991E-05
0.530787 0.00684641 0.00590778 0.398815 0.0208664 0.0367776
9.9973E-05 9.9973E-05 0.237425 0.712737 0.0495381 9.9973E-05
0.497375 0.0327359 0.151749 0.201486 0.0886799 0.0279735
0.645402 0.0160687 0.0148502 0.200039 0.116634 0.00700561
0.594004 0.0622269 0.0562632 0.114634 0.133583 0.0392887
0.260317 0.235554 9.9982E-05 0.497875 9.9982E-05 0.00605452
0.504645 0.10115 9.9973E-05 0.393904 9.9973E-05 9.9973E-05
0.460492 9.9982E-05 0.142242 0.382276 0.0147905 9.9982E-05
0.374485 0.090756 9.9973E-05 0.534459 9.9973E-05 9.9973E-05
0.409795 9.9982E-05 0.135916 0.418272 0.0358172 9.9982E-05
0.524305 0.0668552 0.0962123 0.205067 0.0741928 0.0333671
0.30902 0.243065 0.395029 9.9982E-05 9.9982E-05 0.0526863
0.434542 0.0392307 0.397778 0.0423703 0.0859784 9.9991E-05
0.587306 0.0601184 0.165456 0.0314151 0.107332 0.0483735
0.559389 0.0437837 0.167161 0.0847315 0.0929991 0.0519356
0.500863 0.00729653 0.390978 0.0597089 0.0275739 0.0135789
0.61511 0.0519722 0.239444 0.0131474 0.0581716 0.022155
0.504357 9.9991E-05 0.421033 0.00567022 0.0663708 0.00246926
0.517415 0.177497 0.143139 0.0334137 0.0732861 0.0552494
0.635419 0.0467835 0.198304 9.9991E-05 0.0670547 0.0523396
0.605329 0.0707415 0.241088 0.000887002 0.0818545 9.9991E-05
0.602274 0.0360981 0.310759 0.0506694 9.9982E-05 9.9982E-05
0.606281 0.118832 0.142521 9.9991E-05 0.0545339 0.0777322
0.597169 0.0794176 0.158501 0.0275792 0.100403 0.0369298
0.581716 0.113609 0.186864 0.0402828 9.9991E-05 0.0774278
0.545215 0.143291 0.177099 0.0205392 0.0588315 0.0550236
0.603329 0.136897 0.18733 0.0283646 0.00667904 0.0374001
0.383528 0.240433 0.236398 9.9991E-05 0.0878246 0.0517159
0.667297 0.0791915 0.115253 0.0673764 0.049927 0.0209551
0.695687 0.126935 0.130729 9.9991E-05 0.031549 0.0150006
0.217519 0.0359843 0.60704 0.103265 0.0125533 0.0236379
0.234143 0.402944 0.331165 0.00587968 9.9991E-05 0.0257679
0.54787 0.0935221 0.250986 0.0391309 0.0361877 0.032303
0.128177 0.453193 0.358031 0.0603985 9.9982E-05 9.9982E-05
0.372022 0.017193 0.596843 0.0137422 9.9982E-05 9.9982E-05
0.451921 0.0130957 0.445336 0.0865691 9.9991E-05 0.00297767
0.361989 0.0181215 0.481997 0.121714 0.0160784 9.9991E-05
0.362436 0.0710372 0.50959 0.0567371 9.9982E-05 9.9982E-05
0.623664 0.0803668 0.179202 0.0392693 0.0598658 0.0176315
0.570223 0.0994837 0.163076 0.0277531 0.0940191 0.0454447
0.573259 0.044513 0.249488 0.0744424 0.029719 0.0285779
0.210586 0.334791 0.409402 0.0348328 9.9991E-05 0.0102887
0.549979 0.122982 0.0905337 0.0431264 0.162778 0.0306003
0.539119 0.291383 0.0577152 9.9991E-05 0.0823661 0.0293172
9.9982E-05 0.719757 0.0857124 0.0636673 0.130663 9.9982E-05
0.632676 0.176448 0.00132011 0.0417205 0.0796218 0.0682146
0.313392 0.427419 0.0802915 0.0842336 0.0890187 0.00564592
0.534275 0.308374 9.9982E-05 9.9982E-05 0.115918 0.0412337
0.262405 0.50551 0.115952 0.033215 0.0828176 9.9991E-05
0.126576 0.63425 0.124644 0.0553928 0.0590366 9.9991E-05
0.450968 0.335833 0.0840716 0.0598349 0.0588316 0.0104611
0.498476 0.187385 0.0863073 0.0606144 0.104895 0.0623229
0.427326 0.253492 0.134575 0.0090899 0.126828 0.0486891
0.145967 0.49919 0.11416 0.122425 0.0506974 0.0675596
0.511892 0.150185 0.15566 0.0276781 0.0668443 0.0877417
0.396952 0.537404 0.0571069 0.0083374 9.9982E-05 9.9982E-05
0.46179 0.369913 0.0740886 0.0940084 9.9982E-05 9.9982E-05
0.61728 0.141381 0.0645686 0.0157422 0.12937 0.031658
0.144915 0.211304 9.9991E-05 0.0112648 0.372668 0.259749
9.9973E-05 0.382347 9.9973E-05 9.9973E-05 0.472358 0.144996
9.9973E-05 0.417397 9.9973E-05 9.9973E-05 0.457497 0.124806
0.0686544 0.246144 0.0246813 9.9991E-05 0.362779 0.297641
0.632188 0.28203 9.9973E-05 0.0854822 9.9973E-05 9.9973E-05
0.606723 0.124594 0.085768 0.0362315 0.107676 0.039008
0.334296 9.9973E-05 0.00273326 9.9973E-05 9.9973E-05 0.662671
0.393925 9.9991E-05 0.101444 0.0473297 0.0105853 0.446616
0.380452 0.00469023 0.107251 0.0272592 0.0805775 0.399769
0.312196 0.600549 0.0591187 0.0265813 9.9991E-05 0.00145475
0.429995 0.163192 0.168338 0.0894131 0.100935 0.0481277
0.289506 0.618918 0.0912763 9.9973E-05 9.9973E-05 9.9973E-05
0.622335 0.309453 9.9973E-05 9.9973E-05 0.0679119 9.9973E-05
0.51664 0.384058 0.0251185 9.9991E-05 0.0609931 0.0130903
0.624123 0.364885 9.9973E-05 9.9973E-05 0.0106922 9.9973E-05
0.287947 0.68703 0.0108655 0.0139574 9.9982E-05 9.9982E-05
0.678297 0.150183 9.9991E-05 0.0632702 0.0736676 0.0344821
0.602291 0.209124 0.0379299 0.0359996 0.0997808 0.0148753
0.033063 9.9964E-05 9.9964E-05 9.9964E-05 9.9964E-05 0.966537
0.0677909 9.9982E-05 0.00224754 0.0291335 9.9982E-05 0.900628
0.297351 9.9991E-05 0.0645611 0.00779583 0.0767458 0.553446
0.375026 9.9973E-05 9.9973E-05 0.0111646 9.9973E-05 0.61351
0.136801 9.9982E-05 0.00401692 0.0319142 9.9982E-05 0.827068
9.996E-05 9.996E-05 9.996E-05 9.996E-05 9.996E-05 0.9995
0.0192753 9.9973E-05 0.0182007 9.9973E-05 9.9973E-05 0.962224
0.152924 9.9973E-05 0.00442642 9.9973E-05 9.9973E-05 0.84235
9.9964E-05 9.9964E-05 0.0601861 9.9964E-05 9.9964E-05 0.939414
9.996E-05 9.996E-05 9.996E-05 9.996E-05 9.996E-05 0.9995
9.996E-05 9.996E-05 9.996E-05 9.996E-05 9.996E-05 0.9995
0.203963 9.9973E-05 9.9973E-05 9.9973E-05 0.0198313 0.775906
0.105178 9.9991E-05 0.0109162 0.0315944 0.0481696 0.804041
9.996E-05 9.996E-05 9.996E-05 9.996E-05 9.996E-05 0.9995
0.343179 0.0386325 0.109097 0.0657293 0.0982998 0.345062
0.260427 9.9991E-05 0.014357 0.0154748 0.0512924 0.658349
0.127976 9.9982E-05 9.9982E-05 0.0346516 0.0212482 0.815925
0.059277 9.9982E-05 9.9982E-05 0.0240518 0.00756478 0.908906
9.996E-05 9.996E-05 9.996E-05 9.996E-05 9.996E-05 0.9995
0.0106928 9.9973E-05 9.9973E-05 9.9973E-05 0.0016098 0.987397
9.996E-05 9.996E-05 9.996E-05 9.996E-05 9.996E-05 0.9995
0.24063 9.9991E-05 0.0179449 0.0561921 0.0664222 0.61871
9.9964E-05 9.9964E-05 9.9964E-05 0.0193468 9.9964E-05 0.980253
9.9973E-05 0.647718 9.9973E-05 9.9973E-05 0.29224 0.0597422
0.372424 0.261828 0.0473132 9.9991E-05 0.207283 0.111051
0.499758 0.279611 9.9982E-05 9.9982E-05 0.165214 0.0552167
0.2158 0.474905 9.9982E-05 9.9982E-05 0.21247 0.0966246
0.415513 0.199056 0.0310044 0.0969241 0.136838 0.120664
0.123962 0.486437 9.9982E-05 9.9982E-05 0.255925 0.133476
0.453055 0.212686 0.0460258 9.9991E-05 0.197346 0.0907863
0.328411 0.361862 9.9982E-05 9.9982E-05 0.211706 0.0978208
0.472707 0.218366 0.00408785 9.9991E-05 0.187595 0.117145
0.386125 0.296403 9.9991E-05 0.00524516 0.213377 0.0987504
0.396934 0.19949 0.0419758 0.0175457 0.206671 0.137383
0.0835972 0.0132323 9.9973E-05 9.9973E-05 0.902871 9.9973E-05
0.00220126 0.0331971 9.9982E-05 9.9982E-05 0.902263 0.0621384
0.0163375 9.9973E-05 0.0288078 9.9973E-05 0.954555 9.9973E-05
9.9973E-05 0.0108289 9.9973E-05 0.01414 0.974731 9.9973E-05
0.0457457 9.9973E-05 0.0272973 9.9973E-05 0.926657 9.9973E-05
0.0300897 9.9982E-05 0.00187341 9.9982E-05 0.967363 0.000474198
0.0506322 9.9982E-05 0.00629349 9.9982E-05 0.937731 0.00514326
9.9964E-05 9.9964E-05 0.0633965 9.9964E-05 0.936204 9.9964E-05
0.00390158 0.0108028 0.0324118 0.0258846 0.906909 0.0200901
0.0147923 0.0298775 0.0253179 9.9991E-05 0.914543 0.0153696
9.9991E-05 0.0456125 0.314305 0.0408217 0.598545 0.000615633
9.9982E-05 0.0398912 0.337436 0.00868804 0.613785 9.9982E-05
9.9982E-05 0.0727761 0.329477 0.0519921 0.545555 9.9982E-05
9.9982E-05 0.11184 0.412253 0.0199762 0.45573 9.9982E-05
0.465874 0.0125093 0.131414 0.337481 0.0466656 0.00605694
0.475614 9.9991E-05 0.0982148 0.344543 0.0427549 0.0387731
0.548141 0.0235813 0.193171 0.206531 0.0180291 0.0105467
0.368467 0.0214452 0.286506 0.276201 0.0472813 9.9991E-05
0.185044 0.0460023 0.619148 0.128745 9.9991E-05 0.0209598
0.633223 0.0396352 0.0599259 0.181622 0.058274 0.0273202
0.621687 9.9982E-05 0.118717 0.257558 9.9982E-05 0.00183759
0.539939 0.109546 0.0543775 0.275835 0.0202028 9.9991E-05
0.367994 0.0902313 9.9973E-05 0.541475 9.9973E-05 9.9973E-05
0.649107 0.105413 0.109274 0.0739652 0.0621407 9.9991E-05
0.437691 9.9982E-05 0.10516 0.451361 0.00558828 9.9982E-05
9.9964E-05 0.264957 9.9964E-05 0.734643 9.9964E-05 9.9964E-05
0.572578 0.0505278 0.1462 0.165354 0.0652412 9.9991E-05
0.130129 0.228419 9.9973E-05 0.641152 9.9973E-05 9.9973E-05
0.537777 0.0657237 0.01385 0.343507 0.0338702 0.00527262
0.0999877 9.9982E-05 0.187654 0.687872 0.0242864 9.9982E-05
9.9973E-05 0.0252949 0.837377 9.9973E-05 0.137029 9.9973E-05
0.0711642 0.0620055 0.757032 9.9982E-05 0.109599 9.9982E-05
0.0289123 0.0270688 0.797644 0.0257946 0.12048 9.9991E-05
9.9982E-05 0.0435877 0.824012 0.000132423 0.132068 9.9982E-05
0.128993 0.0314506 0.793968 9.9982E-05 0.0453885 9.9982E-05
0.0764944 0.0253595 0.782199 9.9991E-05 0.0770549 0.0387919
0.00284409 9.9982E-05 9.9982E-05 0.0672638 0.869426 0.0602659
0.0785961 9.9991E-05 0.0278106 0.0405128 0.830965 0.0220159
0.141307 9.9991E-05 0.0127105 0.0269833 0.792278 0.0266213
0.0363776 9.9991E-05 0.0153605 0.0455741 0.842661 0.0599267
0.137788 9.9991E-05 0.0137976 0.013518 0.782424 0.0523726
9.9973E-05 0.0679806 0.527554 9.9973E-05 0.404165 9.9973E-05
9.9973E-05 0.0467532 0.526084 9.9973E-05 0.426863 9.9973E-05
0.0272236 0.00519857 0.529879 9.9982E-05 0.437499 9.9982E-05
0.110129 9.9973E-05 9.9973E-05 0.0221522 0.867419 9.9973E-05
9.9982E-05 0.0219318 0.523807 0.0518231 0.402238 9.9982E-05
0.295569 0.151465 9.9982E-05 9.9982E-05 0.260274 0.292491
0.497827 0.0270663 0.0112445 0.0835878 0.162204 0.21807
0.556042 9.9973E-05 9.9973E-05 9.9973E-05 0.191336 0.252322
0.339779 0.138793 9.9982E-05 9.9982E-05 0.278332 0.242896
0.515714 0.0870769 0.0862546 0.0393099 0.154467 0.117177
9.9973E-05 0.257715 9.9973E-05 9.9973E-05 0.430031 0.311954
0.442421 0.104372 0.396313 0.0549466 0.00184713 9.9991E-05
0.453113 0.283705 0.191823 0.0624269 9.9991E-05 0.0088325
0.310852 0.0379764 0.592777 0.0581939 9.9982E-05 9.9982E-05
0.570093 0.227565 0.193455 0.00868688 9.9982E-05 9.9982E-05
9.9973E-05 0.624954 0.333142 0.0416036 9.9973E-05 9.9973E-05
0.565443 0.0886919 0.146542 0.0837112 0.0794261 0.0361861
0.573276 0.202891 0.119843 0.0441002 0.0412021 0.0186884
0.347325 0.0803552 0.495825 0.0564259 0.0199687 9.9991E-05
0.509286 0.0483642 0.165542 0.11179 0.0847903 0.0802275
0.182635 0.371069 0.316707 0.129388 9.9982E-05 9.9982E-05
0.633197 0.154823 0.179047 0.0172695 0.0155627 9.9991E-05
0.526128 0.0574522 0.325088 0.091132 9.9982E-05 9.9982E-05
0.397333 0.18063 0.126429 0.0377321 0.0830821 0.174793
0.381416 0.254648 0.264199 0.0892102 9.9991E-05 0.010428
0.461773 0.232807 0.231837 0.0532983 9.9991E-05 0.0201835
0.628436 0.152111 0.1764 0.0428536 9.9982E-05 9.9982E-05
0.58562 0.149521 0.213801 0.0508584 9.9982E-05 9.9982E-05
0.6891 0.0976004 0.13621 0.000724996 0.011381 0.0649837
0.567782 0.124806 0.117814 0.0412784 0.0882871 0.0600331
0.567205 0.0435107 0.239264 0.0656269 0.0476286 0.0367652
0.117162 9.9973E-05 9.9973E-05 9.9973E-05 0.863344 0.0191945
0.123323 9.9964E-05 9.9964E-05 9.9964E-05 0.876277 9.9964E-05
0.0732907 0.0166846 0.00994165 0.00604323 0.89394 9.9991E-05
9.9973E-05 9.9973E-05 9.9973E-05 0.0234515 0.917473 0.0587755
0.106 9.9964E-05 9.9964E-05 9.9964E-05 0.8936 9.9964E-05
0.129481 0.0716813 0.649604 0.0786141 0.020582 0.0500375
0.487535 0.163706 0.206001 0.0463257 0.0146301 0.0818031
0.405242 0.126201 0.00422396 0.00893909 0.215152 0.240241
0.633054 9.9991E-05 0.280335 0.0170161 0.00900265 0.0604917
0.521671 9.9991E-05 0.408989 0.0447092 0.00660365 0.0179276
0.336069 0.323263 0.298453 0.0348587 9.9991E-05 0.00725615
0.00219103 0.0386709 0.797017 0.0864222 0.0610893 0.0146097
0.475522 9.9982E-05 0.351845 0.099402 0.0730305 9.9982E-05
0.242459 0.0213507 0.632024 0.0429932 0.0003298 0.0608425
0.495163 0.208565 0.169301 0.0859327 0.0279137 0.013125
0.165149 0.0790865 0.652188 0.0207744 0.0619951 0.0208066
0.577076 9.9982E-05 0.306905 9.9982E-05 0.0494387 0.0663803
0.128567 0.0568111 0.592299 0.145647 0.0505381 0.0261377
0.299334 0.266788 0.275267 0.074768 9.9991E-05 0.0837423
0.545478 0.245659 0.0585439 0.0649347 0.0852844 9.9991E-05
0.342676 0.535894 0.12113 9.9973E-05 9.9973E-05 9.9973E-05
0.572052 0.336198 0.0218037 0.0319127 0.0356787 0.00235454
0.556931 0.212118 0.0855516 9.9991E-05 0.117185 0.0281146
0.309461 0.583625 0.0716001 0.0351139 9.9982E-05 9.9982E-05
0.533209 0.179752 0.095794 0.0497577 0.0868887 0.054598
0.53843 0.305678 0.0410732 0.0539286 0.0607906 9.9991E-05
0.183885 0.700411 0.0432203 0.0722838 9.9982E-05 9.9982E-05
0.266384 0.705225 0.0280918 9.9973E-05 9.9973E-05 9.9973E-05
0.483206 0.400085 0.0911125 9.9982E-05 0.0253958 9.9982E-05
0.111126 0.710239 0.0671768 0.111258 9.9982E-05 9.9982E-05
0.488005 0.373265 0.123207 0.0153225 9.9982E-05 9.9982E-05
0.150542 9.9982E-05 0.703398 0.118121 9.9982E-05 0.0277394
0.216629 0.266992 0.383621 0.0532321 9.9991E-05 0.0794252
0.399403 9.9991E-05 0.470503 0.0363498 0.0162611 0.0773833
0.536269 0.0367333 0.275841 0.0552386 0.0507173 0.0452005
0.179388 9.9982E-05 0.602019 0.148551 9.9982E-05 0.0698423
0.531148 0.158591 0.121213 0.0513034 0.0686944 0.0690497
0.563095 0.0378113 0.259334 0.0539543 0.0564478 0.0293574
0.52741 0.0687287 0.246366 0.0936951 0.013941 0.0498595
0.489744 0.0104455 0.332606 0.0892215 0.0191906 0.0587916
0.494832 0.00759936 0.43474 0.0316364 0.0118081 0.0193849
0.270038 9.9982E-05 0.5755 0.106425 9.9982E-05 0.047837
0.426049 9.9982E-05 0.45376 0.0788449 9.9982E-05 0.0411457
0.598592 0.116696 0.189956 0.0761723 9.9991E-05 0.0184838
0.594739 0.0805814 0.166879 0.0587238 0.0208949 0.0781825
0.315254 0.213976 0.240802 0.101969 0.0116649 0.116335
0.480716 0.116397 0.260578 0.0333012 9.9991E-05 0.108908
0.383567 0.01078 0.489409 0.0486674 0.0215947 0.0459825
0.559535 0.0336521 0.28144 0.0269954 0.028681 0.0696965
0.469841 0.0288565 0.372323 0.0410597 0.00799605 0.0799236
0.553849 0.088368 0.167045 0.0176624 0.113035 0.0600407
0.449933 0.030051 0.053634 0.0191159 0.34532 0.101947
0.557812 0.150688 0.0276744 0.0096168 0.111369 0.142839
0.461929 0.134159 0.0665527 0.0737665 0.125913 0.13768
0.575223 0.139322 0.0592504 9.9991E-05 0.119994 0.106111
0.431611 0.149735 0.00666884 0.0266455 0.186614 0.198725
0.550981 0.251764 0.190534 0.00652041 9.9982E-05 9.9982E-05
0.497087 0.0777657 0.0785304 0.0779148 0.115455 0.153247
0.0633434 0.487454 0.0790713 9.9991E-05 0.193683 0.176348
0.591627 0.130015 0.0962585 9.9991E-05 0.10237 0.0796303
0.580538 0.0933917 0.0425915 9.9991E-05 0.119993 0.163385
0.540618 0.144538 0.0526216 0.0171127 0.127258 0.117852
0.35103 0.298574 0.0432596 0.0129511 0.196092 0.0980936
0.551077 0.0322006 0.0707776 9.9991E-05 0.21107 0.134775
0.517448 0.167901 0.0146348 9.9991E-05 0.149906 0.150011
9.9973E-05 0.380547 9.9973E-05 9.9973E-05 0.48818 0.130973
0.500596 0.0510256 0.0639128 0.0234288 0.202183 0.158854
0.601655 0.0707264 9.9982E-05 9.9982E-05 0.167407 0.160012
0.567394 0.0876643 0.112028 0.0232535 0.118099 0.091561
0.515328 0.102696 9.9982E-05 9.9982E-05 0.16947 0.212306
0.527256 0.0757435 0.0410867 0.0403667 0.199931 0.115616
0.501724 0.335129 0.0388096 0.0817502 0.041904 0.000682549
0.56212 0.175109 0.073272 0.0860331 0.068389 0.0350763
0.00585971 0.76228 0.102911 0.128749 9.9982E-05 9.9982E-05
0.105076 0.751847 0.0837058 0.0591709 9.9982E-05 9.9982E-05
0.513252 0.31941 0.0246404 0.0368168 0.0871204 0.0187604
0.367809 0.168401 0.00579272 9.9991E-05 0.144949 0.312949
0.397333 0.209837 9.9982E-05 9.9982E-05 0.157174 0.235455
0.209659 0.327014 9.9982E-05 9.9982E-05 0.167439 0.295688
0.38708 0.228453 9.9982E-05 9.9982E-05 0.161732 0.222535
0.193729 0.698536 9.9982E-05 9.9982E-05 0.0737853 0.0337502
0.214474 0.63677 9.9991E-05 0.0180795 0.0654572 0.0651186
0.652621 0.29285 0.00404442 0.00744154 9.9991E-05 0.0429433
0.483499 0.376457 9.9982E-05 9.9982E-05 0.0406182 0.0992251
0.315504 0.548552 0.0474765 0.0140019 0.0154265 0.0590392
0.602687 0.263507 0.00859137 9.9991E-05 0.0791124 0.0460023
0.63995 0.269283 0.011945 9.9982E-05 9.9982E-05 0.0786221
0.553025 0.228858 0.0392038 0.0420193 0.078475 0.0584193
0.433981 0.49836 0.0228688 0.0445905 9.9982E-05 9.9982E-05
0.462327 0.427874 0.0537296 0.0478464 0.00812266 9.9991E-05
0.61241 0.283306 9.9982E-05 0.0656029 0.038481 9.9982E-05
0.526397 0.343175 0.0928382 9.9991E-05 0.0166173 0.0208725
0.525519 0.18402 0.0500567 0.106198 0.0610812 0.0731251
0.517037 0.443472 0.00144182 0.0378497 9.9982E-05 9.9982E-05
0.288812 0.632031 0.0214425 0.0575152 9.9982E-05 9.9982E-05
0.708822 0.290778 9.9964E-05 9.9964E-05 9.9964E-05 9.9964E-05
0.253649 0.610097 0.0573935 0.0786602 9.9982E-05 9.9982E-05
0.537574 0.428672 9.9982E-05 0.0232511 0.0103027 9.9982E-05
0.541051 0.270683 0.0567606 0.0706898 0.0607155 9.9991E-05
0.533701 0.268557 0.0822158 0.0448809 0.0387944 0.0318509
0.521016 0.187341 0.00400318 0.0094806 0.160058 0.118101
0.44294 0.201037 0.0190074 0.02271 0.183932 0.130374
0.313444 0.184077 0.0222163 0.00577539 0.194946 0.279542
0.309102 0.140516 0.072285 0.0278966 0.179701 0.2705
0.454781 0.110508 0.0828859 0.0256338 0.144191 0.181999
0.449167 0.191915 0.00524496 0.0413527 0.198329 0.113991
0.0109032 0.674738 9.9982E-05 9.9982E-05 0.144021 0.170137
0.577457 0.161158 9.9991E-05 0.0120941 0.0694393 0.179752
9.9973E-05 0.557825 9.9973E-05 9.9973E-05 0.330613 0.111263
0.544985 0.249729 9.9982E-05 9.9982E-05 0.05388 0.151206
0.248144 0.70724 9.9973E-05 0.0443159 9.9973E-05 9.9973E-05
0.0598813 0.707454 0.0579134 0.174552 9.9982E-05 9.9982E-05
0.540995 0.371841 0.0386813 0.0482827 9.9982E-05 9.9982E-05
0.674511 0.28955 9.9982E-05 0.0294962 0.00624332 9.9982E-05
0.524678 0.454458 0.0160802 0.00458404 9.9982E-05 9.9982E-05
0.651625 0.284964 9.9973E-05 0.0631111 9.9973E-05 9.9973E-05
0.617065 0.360684 9.9973E-05 0.0219511 9.9973E-05 9.9973E-05
0.0106554 9.9991E-05 0.0700073 0.0160215 0.89595 0.00726629
0.0467452 0.0472374 0.079909 9.9991E-05 0.759734 0.0662747
0.0254696 9.9982E-05 0.0220398 9.9982E-05 0.948652 0.00363855
0.0428074 9.9964E-05 9.9964E-05 9.9964E-05 0.956793 9.9964E-05
0.484001 0.0799834 0.0155679 0.329524 0.0321127 0.0588118
0.511702 0.0153088 0.0569878 0.355447 0.0529435 0.00761082
0.49519 9.9982E-05 0.0249767 0.448711 0.0309227 9.9982E-05
0.564339 9.9991E-05 0.0612793 0.269574 0.101055 0.00365259
0.580225 0.0937302 0.0781694 0.101153 0.122497 0.024225
0.263681 9.9982E-05 0.102335 0.582515 0.0512685 9.9982E-05
0.62782 9.9973E-05 9.9973E-05 0.344612 0.027268 9.9973E-05
0.213568 0.191411 9.9982E-05 0.574022 9.9982E-05 0.0207986
0.39705 0.039443 0.0804348 0.0200522 0.305275 0.157745
0.455641 0.157897 9.9973E-05 0.386162 9.9973E-05 9.9973E-05
0.34966 9.9982E-05 0.0745223 0.560065 0.0155529 9.9982E-05
0.534371 0.0941848 9.9973E-05 0.371144 9.9973E-05 9.9973E-05
0.396782 9.9991E-05 0.118424 0.446014 0.0136505 0.0250299
0.556922 0.0334916 9.9982E-05 0.391374 9.9982E-05 0.0180126
0.500419 9.9991E-05 0.0405652 0.364731 0.0802826 0.0139029
9.9964E-05 0.180053 9.9964E-05 0.819547 9.9964E-05 9.9964E-05
0.287926 0.161552 9.9982E-05 0.528585 9.9982E-05 0.0217371
0.337981 0.102368 9.9982E-05 0.545562 9.9982E-05 0.0138886
9.9964E-05 0.273756 9.9964E-05 0.725844 9.9964E-05 9.9964E-05
0.410239 9.9982E-05 0.0946701 0.432962 0.0619285 9.9982E-05
0.0489887 0.351087 9.9973E-05 0.599624 9.9973E-05 9.9973E-05
9.9964E-05 0.258572 9.9964E-05 0.741028 9.9964E-05 9.9964E-05
0.567568 0.0932591 0.0101739 0.288173 0.024799 0.0160266
0.14904 9.9991E-05 0.188465 0.619713 0.0292134 0.0134683
0.471924 0.00361066 0.0875095 0.430534 0.00632204 9.9991E-05
0.543872 0.116667 0.0128877 0.154464 0.104826 0.0672836
0.482127 9.9991E-05 0.0775793 0.386006 0.0414514 0.0127362
0.420419 0.25951 0.285875 0.0339967 9.9982E-05 9.9982E-05
0.531425 9.9991E-05 0.0748985 0.315822 0.0694389 0.0083161
0.490231 9.9982E-05 0.103704 0.380271 0.025594 9.9982E-05
0.310903 0.155628 9.9973E-05 0.533169 9.9973E-05 9.9973E-05
0.528075 0.030209 0.0110301 0.269287 0.126242 0.0351576
9.9973E-05 0.0619245 0.26301 9.9973E-05 0.674765 9.9973E-05
9.9982E-05 0.0258483 0.136879 0.0452557 0.791817 9.9982E-05
9.9973E-05 0.00994418 0.120979 9.9973E-05 0.868777 9.9973E-05
9.9973E-05 0.0103133 0.164307 9.9973E-05 0.82508 9.9973E-05
0.0194815 0.0239249 0.188223 0.0102429 0.758028 9.9991E-05
0.104658 9.9991E-05 0.179707 0.66212 0.0531402 0.000274881
0.0985548 9.9982E-05 0.156578 0.676206 0.0684606 9.9982E-05
0.154103 0.0842204 9.9982E-05 0.745978 9.9982E-05 0.0154983
0.568606 0.0752735 0.072016 0.11006 0.0972297 0.0768155
0.534138 0.0377666 0.0478847 0.17878 0.11623 0.0852008
0.210397 0.113624 9.9982E-05 0.617098 9.9982E-05 0.0586805
0.574706 0.0658093 9.9991E-05 0.262473 0.0179637 0.078948
0.369672 0.126279 9.9991E-05 0.417406 0.0182496 0.0682932
0.472827 9.9991E-05 0.0411103 0.410095 0.0516829 0.0241847
0.550233 0.00484056 9.9991E-05 0.325228 0.0412375 0.0783609
0.184328 9.9982E-05 0.15286 0.655132 9.9982E-05 0.00748013
0.274316 9.9982E-05 0.119912 0.604813 0.000759302 9.9982E-05
0.276588 9.9982E-05 0.137161 0.560018 0.0260321 9.9982E-05
0.637084 0.186535 0.0861391 9.9991E-05 0.0893878 0.000753688
0.3992 9.9982E-05 0.0926425 0.498571 0.00938654 9.9982E-05
0.387623 9.9982E-05 0.102109 0.462102 0.0479654 9.9982E-05
0.465498 0.060588 0.0435551 9.9991E-05 0.0869091 0.34335
0.326795 0.0698421 9.9991E-05 0.0315938 0.118449 0.45322
0.416856 0.0230312 0.00684403 9.9991E-05 0.140331 0.412837
0.272799 0.0373144 9.9982E-05 9.9982E-05 0.185386 0.504301
0.467984 0.0257214 0.00518155 0.0516806 0.144803 0.304629
0.56242 0.221389 9.9982E-05 0.145296 0.0706961 9.9982E-05
0.015402 0.0837956 9.9982E-05 9.9982E-05 0.260965 0.639637
0.337521 0.0410794 9.9991E-05 0.00172582 0.162414 0.45716
0.385108 0.230495 9.9991E-05 0.0602426 0.187546 0.136508
0.538171 0.222022 0.0714343 0.00473986 0.163532 9.9991E-05
0.512267 0.262966 0.0742271 9.9982E-05 0.15034 9.9982E-05
0.601535 0.108038 0.0780485 0.0492388 0.16304 9.9991E-05
0.668077 0.12473 0.0316211 0.00739886 0.168073 9.9991E-05
0.347647 9.9991E-05 0.00764053 0.0130433 0.171283 0.460286
0.43356 0.0502565 0.0104144 9.9991E-05 0.147064 0.358606
0.393691 0.00538433 9.9982E-05 9.9982E-05 0.0963039 0.50442
0.468089 0.0433568 0.0563367 0.0462815 0.119553 0.266383
0.227069 0.0614403 0.00997441 0.0385513 0.146418 0.516547
0.387288 0.0552287 0.0428396 0.0372436 0.0817915 0.395609
0.209295 0.0257368 0.0363312 0.030728 0.142966 0.554943
0.422553 0.131435 0.0206968 0.00640293 0.103975 0.314937
0.508805 0.309397 0.0445676 0.0129823 0.124148 9.9991E-05
0.419676 0.0727576 0.00202705 0.0215498 0.130404 0.353585
0.176758 0.0644849 9.9982E-05 9.9982E-05 0.200247 0.558311
0.392913 0.05999 0.0151572 0.0501013 0.117805 0.364034
0.289204 0.274822 0.165602 0.0914846 0.178788 9.9991E-05
0.645207 0.285192 9.9982E-05 9.9982E-05 0.0612495 0.00815092
0.406606 0.0278208 0.0581906 9.9991E-05 0.142261 0.365021
0.567681 0.166604 0.0788413 0.0298355 0.156938 9.9991E-05
0.520842 0.189503 0.114944 0.00629088 0.16832 9.9991E-05
0.345902 0.185973 9.9991E-05 0.0774852 0.184107 0.206433
0.358283 0.162509 9.9982E-05 9.9982E-05 0.229394 0.249614
0.564365 0.143456 0.0573823 0.0302531 0.148527 0.0560159
0.414189 0.0576896 0.0253939 0.0453344 0.151182 0.306211
0.400726 0.0237017 0.0466706 9.9991E-05 0.0781461 0.450656
0.121 0.0555785 9.9982E-05 9.9982E-05 0.201409 0.621813
0.630157 0.124237 0.0357165 0.0703195 0.101437 0.0381329
0.472269 0.211825 0.0770769 0.0811712 0.157558 9.9991E-05
0.18585 0.693079 9.9973E-05 9.9973E-05 0.120772 9.9973E-05
0.598044 0.119098 0.024632 0.0851469 0.172979 9.9991E-05
0.423544 0.293679 0.169633 9.9991E-05 0.0932808 0.0197636
0.504472 0.132907 9.9991E-05 0.0471457 0.156942 0.158434
0.452869 0.224192 0.0197075 0.0370614 0.150098 0.116072
9.9973E-05 0.511734 9.9973E-05 9.9973E-05 0.378723 0.109243
9.9973E-05 0.594514 9.9973E-05 9.9973E-05 0.325926 0.0792604
0.35666 0.380856 9.9991E-05 0.000250963 0.193895 0.0682386
0.0372857 0.45126 9.9982E-05 9.9982E-05 0.347712 0.163543
9.9973E-05 0.345225 9.9973E-05 9.9973E-05 0.474467 0.180008
0.377401 0.339705 9.9982E-05 9.9982E-05 0.197614 0.0850796
0.408473 0.224794 0.0252258 9.9991E-05 0.208628 0.132779
0.134252 0.396735 9.9982E-05 9.9982E-05 0.297898 0.170916
0.0636746 0.514679 9.9982E-05 9.9982E-05 0.279962 0.141484
0.502219 0.177976 0.0011023 0.0375436 0.167717 0.113442
0.195085 0.423334 9.9982E-05 9.9982E-05 0.245511 0.13587
9.9973E-05 0.576628 9.9973E-05 9.9973E-05 0.358038 0.0650337
0.490146 0.0809945 0.0550194 0.116679 0.113805 0.143357
0.320163 0.258828 9.9982E-05 9.9982E-05 0.209744 0.211066
0.421125 0.0478245 0.0242428 0.0231257 0.307775 0.175907
0.583922 9.9973E-05 9.9973E-05 9.9973E-05 0.200702 0.215076
0.547061 0.11963 9.9991E-05 0.000479832 0.155684 0.177045
0.487292 0.108582 9.9982E-05 9.9982E-05 0.169721 0.234205
0.315098 0.0112623 0.0353327 0.0662491 0.357509 0.214549
0.454575 0.0318366 0.05721 0.0490434 0.200823 0.206512
0.465912 0.0310673 0.0352937 0.0165773 0.253354 0.197796
0.319428 0.19138 9.9982E-05 9.9982E-05 0.243924 0.245068
0.297343 9.9991E-05 0.128131 0.244993 0.201952 0.127481
0.450204 0.0448069 0.0185152 0.145041 0.192778 0.148655
0.510986 0.0838519 0.0593558 0.0210864 0.154877 0.169843
0.551456 0.0399127 0.096059 0.0691562 0.100621 0.142795
0.43536 0.063348 9.9982E-05 9.9982E-05 0.285512 0.21558
0.57172 0.0540113 9.9982E-05 9.9982E-05 0.21494 0.159128
0.0505821 0.269959 9.9982E-05 9.9982E-05 0.373968 0.305291
0.520796 0.0960334 0.0189249 0.0218084 0.180862 0.161575
0.193882 0.211511 9.9982E-05 9.9982E-05 0.316665 0.277741
9.9982E-05 0.00205997 0.18055 9.9982E-05 0.811613 0.00557632
0.142177 0.020812 0.766538 9.9991E-05 0.0418068 0.0285663
9.996E-05 9.996E-05 0.9995 9.996E-05 9.996E-05 9.996E-05
9.996E-05 9.996E-05 0.9995 9.996E-05 9.996E-05 9.996E-05
0.0128869 9.9964E-05 0.986713 9.9964E-05 9.9964E-05 9.9964E-05
9.9964E-05 9.9964E-05 0.975924 9.9964E-05 9.9964E-05 0.0236759
0.0366871 9.9964E-05 0.962913 9.9964E-05 9.9964E-05 9.9964E-05
9.9964E-05 9.9964E-05 0.997947 9.9964E-05 0.00165275 9.9964E-05
9.9964E-05 9.9964E-05 0.861025 9.9964E-05 0.138575 9.9964E-05
0.023457 9.9982E-05 0.0532288 0.0310198 0.892094 9.9982E-05
0.0723579 9.9973E-05 0.132748 9.9973E-05 0.794594 9.9973E-05
0.0141532 0.0304302 9.9991E-05 0.0601473 0.886593 0.00857619
0.0329397 0.0280422 0.0557785 9.9982E-05 0.88304 9.9982E-05
0.0322295 9.9973E-05 0.0799754 9.9973E-05 0.887495 9.9973E-05
0.0579941 9.9982E-05 0.0227477 0.00765029 0.911408 9.9982E-05
0.153525 0.0586951 9.9982E-05 9.9982E-05 0.752008 0.0355723
0.091208 9.9964E-05 9.9964E-05 9.9964E-05 0.908392 9.9964E-05
0.118219 0.0420533 0.0727102 9.9991E-05 0.72104 0.0458781
0.019397 9.9973E-05 9.9973E-05 9.9973E-05 0.927917 0.0523863
9.9973E-05 0.00447833 0.00296861 9.9973E-05 0.992253 9.9973E-05
0.0530038 9.9991E-05 0.0286449 0.00583929 0.882312 0.0301002
9.9982E-05 9.9982E-05 0.0101036 0.00404271 0.976888 0.0087653
0.0450321 9.9964E-05 9.9964E-05 9.9964E-05 0.954568 9.9964E-05
0.0730237 9.9982E-05 9.9982E-05 0.0138352 0.89889 0.0140514
0.0571294 9.9964E-05 9.9964E-05 9.9964E-05 0.942471 9.9964E-05
0.085338 9.9973E-05 9.9973E-05 9.9973E-05 0.863662 0.0507004
0.124853 9.9973E-05 9.9973E-05 9.9973E-05 0.85511 0.019737
0.102849 9.9973E-05 9.9973E-05 9.9973E-05 0.829895 0.0669566
0.402462 0.240147 0.139142 0.0726758 0.145474 9.9991E-05
0.693091 0.168691 0.0510916 0.000372367 0.0866533 9.9991E-05
0.613199 0.0663574 0.0536456 0.102479 0.134649 0.0296698
0.103203 0.693682 9.9991E-05 0.0736453 0.10552 0.0238501
0.509334 0.244306 0.089617 0.0305573 0.126085 9.9991E-05
0.111816 0.757837 9.9973E-05 9.9973E-05 0.130048 9.9973E-05
0.627688 0.213318 0.00867101 9.9991E-05 0.119243 0.0309805
0.414764 0.206449 0.0914558 0.137352 0.149878 9.9991E-05
0.530948 0.218361 0.0962998 9.9982E-05 0.154192 9.9982E-05
0.451489 9.9991E-05 0.0484398 0.419952 0.0744285 0.00559009
0.459721 0.211125 0.111415 0.0879469 0.129692 9.9991E-05
0.691366 0.218549 9.9973E-05 9.9973E-05 0.0897852 9.9973E-05
0.557426 0.217742 0.0708862 0.0341693 0.119677 9.9991E-05
0.00965257 0.330712 0.453216 0.118145 9.9991E-05 0.0881747
0.0266516 0.840612 0.0254475 9.9982E-05 0.107089 9.9982E-05
0.196112 0.706939 9.9973E-05 9.9973E-05 0.0966492 9.9973E-05
0.604603 0.194696 0.0311301 0.0202043 0.149267 9.9991E-05
0.508961 0.404585 9.9982E-05 9.9982E-05 0.0633 0.0229542
0.601269 0.288844 9.9982E-05 0.0262255 0.0834613 9.9982E-05
0.647643 0.119056 0.0302407 0.0449892 0.115656 0.0424146
0.463839 0.126095 0.0533328 9.9991E-05 0.228934 0.127699
0.518155 0.0413091 0.0773749 9.9991E-05 0.188008 0.175052
0.17061 0.0654549 0.214632 0.0284792 0.388984 0.13184
0.600123 0.0366555 0.156346 9.9991E-05 0.12618 0.0805957
0.458514 0.0960463 0.129898 9.9991E-05 0.211613 0.103829
9.9973E-05 0.427011 9.9973E-05 9.9973E-05 0.397254 0.175435
0.311097 0.209972 9.9982E-05 9.9982E-05 0.274517 0.204214
0.333102 0.0799787 0.0816631 9.9991E-05 0.378584 0.126572
0.372861 0.0317008 0.142747 0.0267595 0.338132 0.0878
0.547571 0.143451 0.0133601 0.0166521 0.165335 0.113631
0.559735 0.0414812 0.0314532 0.0530312 0.232693 0.0816069
0.586519 0.092218 9.9991E-05 0.0237485 0.20128 0.0961351
0.343483 0.180719 0.0356407 0.112527 0.143915 0.183715
0.249848 0.102682 0.0640264 9.9991E-05 0.49049 0.092854
