9.9991E-05 0.963917 0.0306845 0.00529833
0.0136379 0.986162 9.9982E-05 9.9982E-05
9.999E-05 0.842919 0.121092 0.0358884
0.00886473 0.837388 0.05234 0.101407
9.999E-05 0.920443 0.016018 0.0634389
0.259751 0.631385 0.0184188 0.0904454
0.12268 0.87712 9.9982E-05 9.9982E-05
0.123812 0.812321 0.0637671 9.9991E-05
0.123562 0.876238 9.9982E-05 9.9982E-05
0.04527 0.746626 0.12601 0.0820946
0.172977 0.818439 0.00848405 9.9991E-05
0.473466 0.0746747 0.451759 9.9991E-05
0.21387 0.0771291 0.662328 0.0466729
0.448619 0.10544 0.399088 0.046853
0.347046 0.0892383 0.399762 0.163953
0.258962 0.160599 0.483158 0.0972807
0.164062 0.127738 0.599518 0.108683
0.277876 0.0571527 0.581765 0.0832064
0.364608 0.132002 0.420119 0.0832716
0.689164 0.132583 0.170248 0.00800559
0.358159 0.0399826 0.502333 0.0995253
0.354801 0.0212874 0.525809 0.0981018
0.189786 0.120059 0.646567 0.0435874
0.44613 0.0877266 0.386795 0.0793482
0.17839 0.0936679 0.609461 0.118481
0.21378 0.127956 0.579744 0.0785199
0.453519 0.140893 0.362855 0.0427328
0.422483 0.0941123 0.352441 0.130964
0.503942 0.0394428 0.405903 0.050713
9.9991E-05 0.88115 0.068572 0.0501777
9.9991E-05 0.858879 0.140292 0.000729693
9.9991E-05 0.816048 0.128603 0.0552487
9.9991E-05 0.782663 0.159722 0.0575154
0.274405 0.0825494 0.642946 9.9991E-05
0.246843 0.0784708 0.592399 0.082287
0.192782 0.0152608 0.791857 9.9991E-05
0.534129 0.190943 0.274828 9.9991E-05
0.488084 9.9982E-05 0.511716 9.9982E-05
0.265885 0.0692291 0.605116 0.0597693
0.111845 9.9991E-05 0.795207 0.0928482
0.162928 0.17095 0.648617 0.0175042
0.0852474 0.113334 0.798875 0.0025436
0.612574 0.0174204 0.369905 9.9991E-05
0.166882 0.0581004 0.562578 0.21244
0.206541 9.9991E-05 0.651218 0.142141
0.151817 0.116198 0.617308 0.114677
0.443848 9.9982E-05 0.555952 9.9982E-05
0.196437 0.0192903 0.760836 0.0234362
0.186227 0.106515 0.580997 0.126261
0.876178 0.0707491 9.9991E-05 0.052973
0.635581 0.0639741 0.300345 9.9991E-05
0.732857 0.0401997 0.136197 0.090747
0.158565 0.100872 0.593224 0.147338
0.152324 0.167292 0.611206 0.0691791
0.187656 0.0601972 0.622844 0.129302
0.578694 0.1423 0.278906 9.9991E-05
0.185155 0.0825182 0.686073 0.0462532
0.11618 0.125986 0.64839 0.109444
0.376666 0.145641 0.477593 9.9991E-05
0.527534 0.262601 0.153665 0.056201
0.0611122 0.226498 0.71229 9.9991E-05
0.286264 0.134571 0.497326 0.0818381
0.70835 0.139797 0.151753 9.9991E-05
0.350876 9.9991E-05 0.586789 0.0622346
0.146018 0.0313756 0.7609 0.0617063
0.14627 0.145764 0.604116 0.10385
0.436812 0.0903427 0.44465 0.0281951
0.354964 9.9991E-05 0.574095 0.0708413
0.111983 0.0724739 0.690956 0.124587
0.598871 0.0872227 0.313806 9.9991E-05
0.211331 9.9982E-05 0.788469 9.9982E-05
0.536795 9.9982E-05 0.463005 9.9982E-05
0.216357 0.0871192 0.62804 0.0684837
0.735099 9.9991E-05 0.248337 0.0164638
0.773796 9.9982E-05 0.226004 9.9982E-05
0.493488 9.9982E-05 0.506312 9.9982E-05
0.336009 9.9982E-05 0.663791 9.9982E-05
0.142104 0.1019 0.650005 0.105992
0.303297 9.9991E-05 0.639027 0.0575763
0.576805 0.0302337 0.392861 9.9991E-05
0.487664 0.0610607 0.451176 9.9991E-05
0.188618 0.125232 0.669376 0.0167739
0.435862 9.9991E-05 0.54953 0.0145086
0.323562 0.0141833 0.662155 9.9991E-05
0.35281 9.9982E-05 0.64699 9.9982E-05
0.792059 9.9991E-05 0.171297 0.0365439
0.172782 0.0520553 0.73923 0.0359326
9.9991E-05 0.845418 0.117176 0.0373056
9.9982E-05 0.935261 0.064539 9.9982E-05
9.9991E-05 0.878442 0.0588063 0.0626516
9.9991E-05 0.937233 0.0429384 0.0197282
9.9991E-05 0.880907 0.0584974 0.0604952
9.9991E-05 0.882761 0.0592072 0.057932
9.9991E-05 0.953063 0.0358726 0.0109648
0.258535 0.0760493 0.551684 0.113732
0.157668 0.10251 0.568885 0.170937
0.692074 0.00137393 0.306453 9.9991E-05
0.188755 0.0352241 0.686202 0.0898194
0.308996 0.00934714 0.681557 9.9991E-05
0.141519 0.0189995 0.792293 0.0471889
0.264355 0.040811 0.62146 0.0733745
0.258576 9.9991E-05 0.652281 0.0890435
0.726556 0.0708576 0.202486 9.9991E-05
0.109837 0.250555 0.538016 0.101592
0.0893523 0.113599 0.670681 0.126368
0.136722 0.141447 0.656606 0.0652248
0.451282 0.0106235 0.531231 0.00686381
0.216835 0.047221 0.723138 0.0128065
0.274465 0.0584534 0.666981 9.9991E-05
0.395838 9.9991E-05 0.588571 0.015491
0.278456 0.115157 0.606287 9.9991E-05
0.156103 0.129516 0.696089 0.0182926
0.516746 0.10639 0.355479 0.0213853
0.282153 0.198539 0.446931 0.0723772
0.174352 0.143004 0.61871 0.0639348
0.147771 0.124312 0.616732 0.111185
0.281617 0.0770206 0.641262 9.9991E-05
0.215179 0.0751826 0.680363 0.0292757
0.368731 0.0220952 0.531811 0.0773626
0.217984 0.0845327 0.693792 0.003692
0.211592 0.0255714 0.636093 0.126743
0.245049 0.0265533 0.70548 0.0229183
0.305416 0.0523802 0.642104 9.9991E-05
0.144454 0.0459718 0.722403 0.0871718
0.120475 0.116269 0.664535 0.0987219
0.273081 0.0492942 0.582539 0.0950856
0.193319 0.0350746 0.648427 0.12318
0.225859 0.00069363 0.635223 0.138224
0.318129 0.179719 0.476695 0.0254574
0.168697 0.0477931 0.735234 0.0482753
0.121251 0.031252 0.748447 0.0990501
0.523723 0.100304 0.329743 0.0462304
0.610294 0.0652958 0.193452 0.130958
0.238009 0.0486696 0.517516 0.195805
0.753333 9.9991E-05 0.16773 0.0788373
0.539639 0.0963444 0.363916 9.9991E-05
0.381286 0.0467462 0.571868 9.9991E-05
0.474907 0.104254 0.420739 9.9991E-05
0.507508 0.0852699 0.407123 9.9991E-05
0.107907 0.11804 0.724083 0.0499703
0.243508 0.0224507 0.550695 0.183347
0.187727 0.121318 0.690856 9.9991E-05
0.66707 0.0625166 0.180692 0.0897217
0.227432 0.150831 0.609311 0.0124258
0.219114 0.0605034 0.61692 0.103462
0.696197 0.173817 0.0932812 0.0367042
0.131249 0.120649 0.685672 0.0624302
0.316349 0.15674 0.467855 0.0590563
0.196737 0.120118 0.557865 0.12528
0.468484 0.118563 0.336054 0.0768981
0.592789 0.107833 0.299278 9.9991E-05
0.42127 0.0685022 0.481646 0.028582
0.168724 0.140826 0.565594 0.124855
0.303189 0.186074 0.466154 0.0445832
0.635039 0.0612032 0.0936478 0.21011
0.207836 0.135782 0.566959 0.0894242
0.468578 9.9982E-05 0.531222 9.9982E-05
0.390143 0.00651565 0.535629 0.067713
0.196339 0.058418 0.648208 0.0970354
0.212061 0.348219 0.11498 0.32474
0.155075 0.615599 9.9991E-05 0.229226
0.266539 0.490233 9.9991E-05 0.243128
0.173552 0.405181 0.0431736 0.378094
0.160525 9.9991E-05 0.800554 0.0388219
0.0873877 0.156448 0.663985 0.0921794
9.9982E-05 9.9982E-05 0.208462 0.791338
0.102098 9.9991E-05 0.448983 0.448819
0.1115 0.0896027 0.367886 0.431011
0.490654 9.9991E-05 0.413868 0.0953777
0.20585 0.107304 0.545184 0.141663
0.655696 9.9991E-05 0.199517 0.144686
0.26752 0.0442448 0.596328 0.0919072
0.338826 0.0889468 0.527709 0.0445176
0.218157 0.067248 0.615504 0.0990902
0.652381 9.9991E-05 0.205085 0.142434
0.0863395 0.107086 0.69964 0.106934
0.149899 0.0979201 0.654934 0.0972477
9.9982E-05 9.9982E-05 0.020319 0.979481
9.9982E-05 9.9982E-05 0.137597 0.862203
0.0849639 9.9991E-05 0.265162 0.649774
9.9991E-05 0.00327224 0.282581 0.714047
9.9991E-05 0.028476 0.167717 0.803707
9.998E-05 9.998E-05 9.998E-05 0.9997
9.998E-05 9.998E-05 9.998E-05 0.9997
9.9982E-05 9.9982E-05 0.0946238 0.905176
0.00236026 9.9991E-05 0.0350635 0.962476
9.998E-05 9.998E-05 9.998E-05 0.9997
9.998E-05 9.998E-05 9.998E-05 0.9997
9.9991E-05 0.0265925 0.208509 0.764799
9.9991E-05 0.0647616 0.122127 0.813011
0.0173956 0.00498065 0.0166974 0.960926
0.0931095 0.103283 0.428072 0.375535
0.0225301 0.0365575 0.253472 0.68744
0.00935986 0.0378274 0.171203 0.78161
9.9991E-05 0.0197037 0.0726629 0.907533
9.9982E-05 9.9982E-05 0.0259183 0.973882
9.9991E-05 0.0506066 0.0722607 0.877033
9.998E-05 9.998E-05 9.998E-05 0.9997
0.0568801 0.044845 0.318691 0.579584
0.0370042 9.9991E-05 0.0234836 0.939412
0.475298 0.393663 9.9991E-05 0.13094
0.203454 0.242062 0.42595 0.128534
0.117062 0.291875 0.458883 0.132181
0.35381 0.263395 0.195996 0.186799
0.105473 0.191884 0.555805 0.146838
0.330419 0.255783 0.168224 0.245573
0.237753 0.176365 0.457932 0.12795
0.226251 0.178723 0.386934 0.208093
0.160879 0.14843 0.52961 0.161082
0.226472 0.150891 0.27929 0.343347
0.116921 0.225554 0.57062 0.0869052
0.072043 0.882736 0.0451206 9.9991E-05
9.9982E-05 0.939374 9.9982E-05 0.060426
9.998E-05 0.9997 9.998E-05 9.998E-05
9.9982E-05 0.985953 0.0138469 9.9982E-05
0.0128642 0.922621 0.000530214 0.0639847
0.00111002 0.917269 9.9991E-05 0.0815212
9.9991E-05 0.913715 0.0311823 0.0550026
0.0492062 0.926409 0.00820749 0.0161777
0.0138352 0.951808 0.00486697 0.0294898
0.0064607 0.889609 9.9991E-05 0.103831
0.343283 0.647807 9.9991E-05 0.00880962
0.306048 0.644989 0.0396351 0.00932728
0.392028 0.607772 9.9982E-05 9.9982E-05
0.406898 0.548553 0.0444494 9.9991E-05
0.216545 0.0939062 0.651311 0.038238
0.283828 0.000737468 0.692644 0.0227911
0.240556 0.049665 0.670117 0.0396621
0.361986 0.0693929 0.525368 0.0432532
0.639514 0.0658465 0.29454 9.9991E-05
0.193958 0.0710158 0.649397 0.0856284
0.283543 9.9982E-05 0.716257 9.9982E-05
0.343784 9.9991E-05 0.602416 0.0537008
0.375505 9.9991E-05 0.586993 0.037402
0.137789 0.100787 0.715534 0.0458893
0.383549 0.0401597 0.576191 9.9991E-05
0.842143 9.9991E-05 0.0887408 0.0690161
0.294094 0.0521249 0.593887 0.0598933
0.516247 0.016423 0.427968 0.0393616
0.268136 0.0277928 0.686923 0.0171489
0.651002 0.0477921 0.301106 9.9991E-05
0.656487 0.269601 0.0738124 9.9991E-05
0.647033 0.267264 0.0856024 9.9991E-05
0.76222 0.208605 0.0290749 9.9991E-05
0.733987 0.252273 0.0136403 9.9991E-05
0.746836 0.136701 0.116363 9.9991E-05
0.635238 0.18221 0.143649 0.038903
9.9991E-05 0.917408 0.00228576 0.0802064
9.9991E-05 0.870234 0.0948742 0.0347923
9.9991E-05 0.76867 0.0896946 0.141535
0.0164805 0.794222 0.0514348 0.137863
9.9991E-05 0.826912 0.0669939 0.105994
0.504807 0.494993 9.9982E-05 9.9982E-05
0.453787 0.546013 9.9982E-05 9.9982E-05
0.462434 0.537366 9.9982E-05 9.9982E-05
9.9982E-05 0.855509 0.144291 9.9982E-05
0.49508 0.478894 0.0259255 9.9991E-05
0.0822466 0.213679 0.271868 0.432207
9.9991E-05 0.238393 0.635862 0.125645
9.9991E-05 0.174692 0.503788 0.32142
0.0730654 0.316973 0.363158 0.246804
0.0294976 0.207615 0.622978 0.139909
0.131995 0.496523 9.9991E-05 0.371383
0.393206 0.0627273 0.543967 9.9991E-05
0.431929 0.0835692 0.422906 0.0615957
0.398579 0.199488 0.401833 9.9991E-05
0.394481 0.0191138 0.488343 0.0980619
0.979054 9.9982E-05 9.9982E-05 0.0207464
0.126428 0.141614 0.694103 0.0378559
0.312896 0.0625673 0.605093 0.0194444
0.455325 0.122406 0.422169 9.9991E-05
0.242655 0.106156 0.651089 9.9991E-05
0.667306 0.0628293 0.238325 0.0315399
0.357633 0.00554279 0.571358 0.0654666
0.326133 0.0471061 0.536934 0.0898275
0.266373 0.148453 0.354346 0.230829
0.462308 9.9991E-05 0.509764 0.0278284
0.323894 0.0886085 0.587398 9.9991E-05
0.288519 0.0114489 0.529587 0.170445
0.240487 0.0717309 0.687682 9.9991E-05
0.100044 0.0738077 0.76275 0.0633985
0.163607 0.18815 0.590279 0.0579637
0.133087 0.121195 0.649512 0.0962064
9.9991E-05 0.77759 0.0808386 0.141472
9.9991E-05 0.866046 0.0815163 0.0523381
0.0916797 0.828181 0.0800391 9.9991E-05
0.0681846 0.858721 0.00829899 0.0647954
9.9991E-05 0.860139 0.0943369 0.045424
0.602815 0.0928218 0.243864 0.060499
0.31517 0.0243885 0.532072 0.12837
0.205758 0.193476 0.381409 0.219357
0.184102 0.0495039 0.688047 0.0783467
0.240952 0.129902 0.629047 9.9991E-05
0.493524 0.0868843 0.272624 0.146968
0.650843 0.249449 0.0996082 9.9991E-05
0.266354 0.0895791 0.609859 0.0342079
0.558157 0.139404 0.265196 0.0372428
0.369572 0.0979126 0.440321 0.092194
0.591426 0.217897 0.190577 9.9991E-05
0.109331 0.155775 0.711967 0.0229272
0.539715 0.182682 0.277503 9.9991E-05
0.389158 0.0780892 0.409791 0.122962
0.262491 0.0986371 0.584517 0.0543545
0.502914 0.10901 0.346011 0.0420654
0.270307 0.0220028 0.598191 0.109499
0.125929 0.157464 0.716508 9.9991E-05
0.562043 0.0293266 0.39694 0.0116904
0.264275 0.0593172 0.575734 0.100674
0.231113 0.0913948 0.677392 9.9991E-05
0.73474 9.9982E-05 0.26506 9.9982E-05
0.601122 0.0212355 0.328577 0.049065
0.371672 0.0733439 0.536873 0.0181109
0.649391 0.025831 0.324678 9.9991E-05
0.364808 0.0273118 0.589189 0.0186915
0.632502 0.10931 0.235923 0.022265
0.62276 9.9991E-05 0.335909 0.0412303
0.36542 0.108474 0.525782 0.000324192
0.0936699 0.082361 0.823869 9.9991E-05
0.618355 0.0113463 0.370199 9.9991E-05
0.281283 0.0629262 0.527079 0.128712
0.179227 0.0977456 0.592243 0.130784
0.225423 0.0411603 0.571996 0.161421
0.215031 0.0821711 0.652233 0.0505655
0.308873 0.116698 0.567221 0.00720791
0.558244 0.000861488 0.356328 0.0845673
0.400753 0.0474337 0.421647 0.130166
0.230766 9.9991E-05 0.675642 0.0934924
0.0942659 0.128706 0.742412 0.0346166
0.371975 0.128224 0.484991 0.0148099
0.279498 9.9991E-05 0.615434 0.104968
0.335352 0.157153 0.504618 0.00287719
0.243101 9.9991E-05 0.695236 0.0615631
0.254674 0.045352 0.650046 0.0499277
0.136756 0.149216 0.62994 0.0840884
0.0265134 0.374222 0.423886 0.175378
0.0523313 0.106407 0.5146 0.326662
0.14024 0.0905521 0.522539 0.246669
0.0824971 0.113518 0.674242 0.129743
0.0846341 0.214435 0.438856 0.262075
0.393742 9.9991E-05 0.54156 0.0645972
0.0825809 0.103017 0.657467 0.156934
0.492907 0.266158 9.9991E-05 0.240835
0.126647 0.127627 0.554951 0.190775
0.069682 0.114071 0.682854 0.133392
0.204055 0.034713 0.473275 0.287956
0.332324 0.140581 0.315129 0.211965
9.9991E-05 0.220578 0.63701 0.142312
9.9991E-05 0.21697 0.620422 0.162508
0.267934 0.493674 9.9991E-05 0.238292
0.0330594 0.202031 0.537996 0.226913
0.0527254 0.13643 0.538063 0.272782
0.150849 0.0700627 0.639531 0.139557
0.0110046 0.211058 0.597084 0.180853
0.057023 0.209989 0.577027 0.155961
0.261984 0.0703349 0.554178 0.113503
0.229124 0.0756643 0.551708 0.143503
0.817958 9.9991E-05 0.0952716 0.0866703
0.82578 9.9991E-05 0.12332 0.0508005
0.236052 0.0289384 0.575811 0.159198
0.0629157 0.0811205 0.45654 0.399424
0.112976 0.106214 0.376395 0.404415
0.231209 0.216642 0.211887 0.340261
0.0916178 0.191865 0.325831 0.390686
0.614569 0.048682 0.0604052 0.276344
0.462203 0.103186 0.238434 0.196177
0.199599 0.0360902 0.628287 0.136024
0.224113 0.0698747 0.568065 0.137947
0.466184 0.0311911 0.239289 0.263336
0.165381 0.128598 0.627116 0.0789046
0.251014 0.019164 0.480167 0.249655
0.269336 0.12502 0.463713 0.14193
0.594554 0.0152567 0.39009 9.9991E-05
0.431468 9.9991E-05 0.454849 0.113583
0.237064 0.0611951 0.577186 0.124555
0.382377 0.0505497 0.566973 9.9991E-05
0.32249 0.0511596 0.380506 0.245845
0.398364 9.9991E-05 0.486711 0.114824
0.651732 9.9991E-05 0.303347 0.0448212
0.192496 0.0301272 0.67145 0.105927
0.64902 9.9991E-05 0.256369 0.0945113
0.373686 0.0171288 0.542232 0.0669533
0.202117 0.140852 0.631296 0.0257349
0.298575 0.0830515 0.618274 9.9991E-05
0.0533255 0.145979 0.610993 0.189703
0.223523 0.196203 0.37627 0.204005
0.174178 0.20791 0.364828 0.253083
0.177606 0.164444 0.412752 0.245198
0.106756 0.179715 0.491275 0.222255
0.144657 0.131219 0.488105 0.23602
0.557788 0.166818 9.9991E-05 0.275294
9.9991E-05 0.140406 0.692815 0.16668
0.374224 0.372347 9.9991E-05 0.253329
0.0611184 0.0921122 0.643067 0.203703
0.745606 9.9991E-05 0.171185 0.0831091
0.908788 9.99983E-05 0.0596611 0.0314505
0.364188 9.9991E-05 0.604003 0.0317084
0.214735 0.0265321 0.700418 0.0583146
0.430014 9.9991E-05 0.55022 0.0196655
0.295301 9.9991E-05 0.690026 0.0145722
0.316907 9.9991E-05 0.648401 0.0345915
9.9991E-05 0.850669 0.118798 0.030433
0.110701 0.788417 0.0174865 0.0833952
9.9982E-05 0.909826 9.9982E-05 0.0899741
9.9982E-05 0.976033 0.0237666 9.9982E-05
0.231098 0.075331 0.622225 0.0713463
0.266811 0.0626439 0.571538 0.0990072
0.276641 9.9982E-05 0.723159 9.9982E-05
0.117373 0.158186 0.724342 9.9991E-05
0.254794 0.0939345 0.647791 0.00348053
0.529683 9.9982E-05 0.470117 9.9982E-05
0.11842 0.0588567 0.806278 0.0164455
0.444631 0.00755629 0.547713 9.9991E-05
0.000629388 0.294774 0.521631 0.182966
0.348377 9.9991E-05 0.575646 0.0758766
0.426091 9.9982E-05 0.573709 9.9982E-05
0.274268 0.0101204 0.681361 0.0342505
0.416243 9.9982E-05 0.583557 9.9982E-05
0.253773 0.000919327 0.670267 0.0750408
0.176989 0.116187 0.706723 9.9991E-05
0.602204 9.9982E-05 0.397596 9.9982E-05
0.47952 0.015605 0.504589 0.000285313
0.477874 9.9991E-05 0.433541 0.0884849
0.820155 9.9991E-05 0.174152 0.00559315
0.39084 0.0601314 0.548929 9.9991E-05
0.655692 9.9982E-05 0.344108 9.9982E-05
0.842879 9.9991E-05 0.120356 0.0366657
0.222837 9.9991E-05 0.771811 0.00525186
0.502517 0.0588377 0.438545 9.9991E-05
0.313558 0.0327928 0.653549 9.9991E-05
0.123804 0.0829878 0.602962 0.190246
0.262327 9.9982E-05 0.737473 9.9982E-05
0.52441 9.9991E-05 0.35608 0.119411
0.306754 9.9991E-05 0.654381 0.0387647
0.301076 0.062577 0.578674 0.0576729
0.422649 9.9982E-05 0.577151 9.9982E-05
0.187631 0.11608 0.631074 0.0652157
0.2585 0.707136 0.0342644 9.9991E-05
0.127479 0.817477 0.044273 0.0107712
0.127301 0.8725 9.9982E-05 9.9982E-05
0.158179 0.841621 9.9982E-05 9.9982E-05
0.195858 0.791624 0.0124177 9.9991E-05
0.57277 0.0383396 0.388791 9.9991E-05
0.607574 0.0328459 0.35948 9.9991E-05
0.570193 9.9982E-05 0.429607 9.9982E-05
0.10899 0.109474 0.682461 0.099075
0.108474 0.153909 0.646471 0.0911455
0.454584 9.9991E-05 0.470678 0.0746381
0.215479 9.9991E-05 0.673301 0.11112
0.331177 0.0866402 0.577518 0.00466486
0.26672 9.9982E-05 0.73308 9.9982E-05
0.128677 0.0959399 0.775283 9.9991E-05
0.541997 9.9982E-05 0.457803 9.9982E-05
0.418225 0.00721219 0.574463 9.9991E-05
0.431862 9.9982E-05 0.567938 9.9982E-05
0.148458 0.176089 0.647499 0.0279548
0.326274 0.0232415 0.650385 9.9991E-05
0.292169 0.0426781 0.608878 0.0562744
9.9991E-05 0.0652386 0.491186 0.443475
0.0247238 0.112025 0.39855 0.4647
0.000887455 0.119655 0.369224 0.510234
0.114853 0.102856 0.256426 0.525866
0.036995 0.128491 0.428742 0.405772
0.262835 0.0893719 0.577054 0.0707389
9.9991E-05 0.278605 0.0158134 0.705481
0.0107034 0.138765 0.269835 0.580696
0.112258 0.201087 0.461457 0.225199
0.152647 0.194239 0.653013 9.9991E-05
0.333447 0.134663 0.475365 0.0565251
0.12369 0.144266 0.661193 0.0708515
0.158158 0.103463 0.645029 0.0933489
9.9991E-05 0.25168 0.278478 0.469742
9.9991E-05 0.16827 0.451368 0.380262
9.9991E-05 0.0874983 0.338328 0.574074
0.107327 0.013932 0.498136 0.380605
9.9991E-05 0.170821 0.283799 0.54528
0.108803 0.160011 0.427535 0.30365
9.9991E-05 0.202039 0.18824 0.609621
0.0136416 0.107802 0.430794 0.447763
0.228075 0.15166 0.543183 0.0770824
9.9991E-05 0.235729 0.44466 0.319512
9.9991E-05 0.15368 0.171299 0.674921
0.095203 0.190006 0.383729 0.331061
0.436224 0.236295 0.327381 9.9991E-05
0.193237 0.0787782 0.563714 0.16427
0.125849 0.14364 0.366482 0.36403
0.136131 0.17582 0.687949 9.9991E-05
0.197581 0.191726 0.513179 0.0975137
0.185311 0.194841 0.366418 0.25343
0.0351074 0.263089 0.377519 0.324284
0.143248 0.0755994 0.589572 0.191581
9.9991E-05 0.15223 0.43065 0.41702
9.9991E-05 0.144971 0.390258 0.464672
9.9991E-05 0.218558 0.145422 0.63592
0.137095 0.14554 0.678152 0.0392133
0.282664 0.125459 0.591777 9.9991E-05
0.529744 0.147984 0.17671 0.145561
0.108419 0.174111 0.659403 0.0580658
0.37587 0.174186 0.373428 0.0765153
0.0711449 0.240185 0.513966 0.174704
0.114451 0.220348 0.535302 0.129899
0.364687 0.346838 9.9991E-05 0.288375
0.361595 0.389538 9.9991E-05 0.248768
0.396539 0.139512 0.259206 0.204743
0.320541 0.382965 9.9991E-05 0.296394
0.153867 0.499283 9.9991E-05 0.34675
0.219532 0.240288 0.352964 0.187215
0.209788 0.227755 0.368936 0.193521
0.286881 0.293075 0.188236 0.231809
0.324828 0.348127 0.0672939 0.259751
0.206308 0.125055 0.504485 0.164152
0.402921 0.247789 0.170044 0.179245
0.311738 0.508149 9.9991E-05 0.180014
0.111993 0.148809 0.460125 0.279073
0.184593 0.209226 0.305055 0.301126
0.0535129 0.325184 0.480027 0.141276
9.9991E-05 0.136022 0.560232 0.303646
9.9991E-05 0.229524 0.595725 0.17465
0.0176536 0.165311 0.596672 0.220363
0.049019 0.42273 0.328645 0.199606
9.9991E-05 0.23476 0.642359 0.122782
9.9991E-05 0.258176 0.442184 0.29954
0.141988 0.292784 0.339926 0.225301
0.266667 0.204447 0.385461 0.143425
0.131422 0.138428 0.546931 0.183219
0.0769516 0.17408 0.550029 0.19894
0.129909 0.135049 0.590007 0.145035
9.9991E-05 0.30771 0.468506 0.223684
9.9991E-05 0.231119 0.625258 0.143523
0.18226 0.406451 0.1267 0.284589
0.0681478 0.192331 0.522858 0.216664
0.1142 0.306945 0.169142 0.409713
0.164944 0.813383 9.9991E-05 0.0215732
0.618097 0.193614 0.188189 9.9991E-05
0.802626 0.197174 9.9982E-05 9.9982E-05
0.751094 0.201585 0.0472205 9.9991E-05
0.727589 0.135021 0.13729 9.9991E-05
0.635568 0.207703 0.156629 9.9991E-05
0.672803 0.163342 0.163755 9.9991E-05
0.784887 0.214913 9.9982E-05 9.9982E-05
0.566111 0.395771 0.038018 9.9991E-05
0.01855 0.926598 0.0373339 0.0175181
0.0108805 0.880062 0.108958 9.9991E-05
0.0352707 0.922168 9.9991E-05 0.0424609
0.111931 0.847961 0.0400081 9.9991E-05
9.9991E-05 0.920607 0.0239733 0.0553195
0.0578211 0.93785 9.9991E-05 0.00422863
0.0395908 0.749472 0.0596198 0.151317
9.9991E-05 0.883448 0.0402025 0.0762495
0.100091 0.740983 0.124819 0.0341071
9.9982E-05 0.913827 9.9982E-05 0.0859728
0.00116599 0.998634 9.9982E-05 9.9982E-05
0.0238058 0.857599 0.0530166 0.0655786
9.9982E-05 0.979311 9.9982E-05 0.0204892
9.9982E-05 0.911214 9.9982E-05 0.0885865
9.9991E-05 0.866555 0.121819 0.0115263
9.9991E-05 0.870042 0.0530286 0.0768292
9.9991E-05 0.771278 0.0460601 0.182562
9.9991E-05 0.790176 0.160145 0.049579
9.9991E-05 0.836246 0.100103 0.0635517
0.30432 0.202406 0.493174 9.9991E-05
0.0798795 0.113325 0.806695 9.9991E-05
0.107045 0.116186 0.686422 0.0903473
0.602976 0.108259 0.1508 0.137965
0.207038 0.170337 0.622524 9.9991E-05
0.589701 0.197406 0.0699161 0.142977
0.14361 0.129668 0.717874 0.00884709
0.313154 0.0966722 0.590073 9.9991E-05
0.220083 0.144162 0.580484 0.0552698
0.340772 0.0250345 0.582089 0.0521047
0.269427 0.142793 0.587681 9.9991E-05
0.0837316 0.135966 0.710305 0.0699973
0.161489 0.174587 0.65684 0.00708389
0.729148 0.0595396 0.14718 0.0641325
0.838626 0.111397 9.9991E-05 0.0498767
0.607385 0.126177 0.133398 0.13304
0.11522 0.186348 0.616238 0.0821947
0.215717 0.177639 0.592025 0.0146195
0.129581 0.161794 0.688178 0.0204467
0.167146 0.0737806 0.61373 0.145343
0.0219832 0.189661 0.599492 0.188863
9.9991E-05 0.167206 0.643431 0.189263
0.181306 0.491286 0.191034 0.136375
0.115084 0.172372 0.674225 0.0383192
0.181356 0.220191 0.47495 0.123503
0.310282 0.459107 9.9991E-05 0.230511
0.0820801 0.305804 0.313768 0.298348
0.124597 0.366778 0.303572 0.205053
0.0261272 0.382002 0.580649 0.0112217
0.142266 0.0950465 0.524907 0.237781
0.0434722 0.211037 0.554153 0.191338
0.019372 0.193941 0.584999 0.201689
0.179283 0.161405 0.458893 0.20042
9.9991E-05 0.480899 0.383054 0.135947
