9.9991E-05 0.866597 0.0762493 0.0570533
9.999E-05 0.97662 0.00198079 0.0212993
0.0180296 0.822224 0.150963 0.00878354
9.999E-05 0.781753 0.130157 0.0879899
9.999E-05 0.881949 0.108508 0.00944307
0.175715 0.607175 0.11973 0.0973805
0.0335594 0.861714 0.0277081 0.0770186
0.0163111 0.734283 0.0708797 0.178526
9.9982E-05 0.901519 9.9982E-05 0.0982806
0.0939932 0.708984 0.148381 0.0486417
0.0858971 0.778114 0.0469822 0.0890063
0.317199 9.9991E-05 0.181095 0.501606
0.337646 9.9991E-05 0.347364 0.31489
0.306105 0.0555005 0.165827 0.472567
0.216943 0.099259 0.289173 0.394625
0.32394 0.110068 0.298605 0.267388
0.322858 9.9991E-05 0.422541 0.254502
0.483323 9.9991E-05 0.292616 0.223961
0.328408 0.126206 0.238958 0.306429
0.203681 0.092784 0.0162162 0.687319
0.438907 9.9991E-05 0.24714 0.313853
0.574679 0.0555053 0.231166 0.13865
0.473146 9.9991E-05 0.333541 0.193213
0.373114 9.9991E-05 0.240259 0.386526
0.363091 0.0505451 0.416229 0.170134
0.346811 9.9991E-05 0.413628 0.23946
0.279102 0.0168107 0.152525 0.551562
0.242316 0.0470034 0.280124 0.430557
0.378717 0.0219687 0.124015 0.4753
9.9982E-05 0.839646 0.160154 9.9982E-05
9.9991E-05 0.840633 0.14023 0.019037
0.0124447 0.802055 0.113713 0.071787
0.00382225 0.759589 0.204872 0.0317173
0.610028 9.9991E-05 0.254131 0.135741
0.392453 0.041866 0.337666 0.228015
0.659591 9.99982E-05 0.331085 0.00922435
0.230535 0.08759 0.0647262 0.617149
0.794994 0.0549267 0.1326 0.0174786
0.50917 0.00560852 0.315362 0.169859
0.583274 9.9982E-05 0.416526 9.9982E-05
0.567778 0.0251108 0.30868 0.0984311
0.460475 0.0687804 0.330944 0.1398
0.676357 0.0483966 9.9991E-05 0.275147
0.532293 0.00634649 0.388489 0.0728717
0.579953 0.0191067 0.380502 0.0204391
0.42031 0.0628687 0.458042 0.0587789
0.845502 0.00235155 0.110937 0.0412091
0.5483 9.9991E-05 0.387141 0.0644596
0.590338 0.144718 0.264845 9.9991E-05
0.790096 0.179727 9.9991E-05 0.0300766
0.491571 0.0184949 0.0276175 0.462316
0.603305 0.131183 9.9991E-05 0.265412
0.440336 9.9991E-05 0.345444 0.21412
0.503644 0.0425698 0.352029 0.101758
0.388511 0.0393788 0.420191 0.151919
0.456134 0.0957915 0.0693614 0.378713
0.386945 9.9991E-05 0.354136 0.258819
0.448936 0.0256739 0.377284 0.148106
0.442671 0.128999 0.200434 0.227897
0.285004 0.232765 0.0964912 0.385739
0.435573 0.0541633 0.329397 0.180866
0.39282 0.00881226 0.251509 0.346858
0.394172 0.0683167 9.9991E-05 0.537411
0.463877 9.9991E-05 0.234445 0.301579
0.506936 9.9991E-05 0.399559 0.0934047
0.323543 0.0175834 0.414469 0.244405
0.419013 0.0676638 0.201569 0.311754
0.441579 0.00884925 0.301922 0.24765
0.361443 0.0470971 0.343562 0.247898
0.427625 0.0538 0.0883336 0.430241
0.686849 9.9991E-05 0.248215 0.0648359
0.745588 0.00996214 0.0361692 0.208281
0.45188 0.0472308 0.379335 0.121554
0.930902 0.0519345 9.9991E-05 0.017064
0.863729 0.0188093 9.9991E-05 0.117361
0.785082 9.9991E-05 0.107452 0.107365
0.675601 9.9991E-05 0.254043 0.0702562
0.427017 0.068895 0.405872 0.0982161
0.607821 0.00530496 0.22319 0.163684
0.590292 0.0411045 0.0587695 0.309834
0.577577 0.0017696 0.0769867 0.343666
0.54386 0.0281219 0.319845 0.108173
0.695054 0.0410182 0.13072 0.133207
0.724167 0.0478357 0.171418 0.0565795
0.850723 0.00408465 0.145092 9.9991E-05
0.819932 0.113208 9.9991E-05 0.0667603
0.510212 9.9991E-05 0.351829 0.137859
9.9991E-05 0.80474 0.117777 0.077383
9.9991E-05 0.904115 0.0781023 0.0176824
9.9991E-05 0.87073 0.119061 0.0101084
9.9982E-05 0.935714 0.0640858 9.9982E-05
0.00532767 0.868756 0.125816 9.9991E-05
9.9991E-05 0.889057 0.103983 0.00686011
9.9991E-05 0.904201 0.0847125 0.0109869
0.480645 0.0517836 0.33035 0.137222
0.480745 9.9991E-05 0.35715 0.162005
0.826549 0.0246144 9.9991E-05 0.148737
0.477525 0.109753 0.352314 0.0604085
0.487949 9.9991E-05 0.246415 0.265535
0.691864 9.9991E-05 0.303047 0.00498924
0.654066 0.0625283 0.248437 0.034968
0.665676 9.9991E-05 0.323595 0.0106292
0.664418 0.0528952 9.9991E-05 0.282587
0.526254 0.0815572 0.338017 0.0541725
0.59782 0.012532 0.327016 0.0626322
0.557212 0.0569633 0.385725 9.9991E-05
0.827981 0.0423968 0.129522 9.9991E-05
0.692775 0.0269814 0.247455 0.0327887
0.570041 0.0362884 0.208661 0.185009
0.75885 9.9991E-05 0.214131 0.0269191
0.648317 0.000696011 0.185333 0.165654
0.388437 0.105591 0.356512 0.14946
0.423765 0.0589109 0.108427 0.408897
0.314104 0.0838754 0.307877 0.294144
0.336621 0.0758601 0.369838 0.217681
0.332595 0.0107214 0.414369 0.242314
0.410833 9.9991E-05 0.210732 0.378335
0.329064 9.9991E-05 0.337349 0.333486
0.310929 9.9991E-05 0.324495 0.364476
0.462048 0.0625593 0.271344 0.204048
0.525412 0.0491481 0.284683 0.140757
0.463827 9.9991E-05 0.326744 0.209329
0.409717 9.9991E-05 0.176596 0.413587
0.450236 0.0428133 0.342194 0.164757
0.380841 0.0188983 0.422503 0.177757
0.436043 9.9991E-05 0.345059 0.218798
0.458152 0.00309034 0.428109 0.110648
0.459276 9.9991E-05 0.353117 0.187507
0.360122 0.120166 0.197971 0.321741
0.397007 9.9991E-05 0.395451 0.207442
0.428584 9.9991E-05 0.420055 0.151261
0.377735 9.9991E-05 0.152504 0.469662
0.501249 0.111313 0.0513944 0.336044
0.324957 9.9991E-05 0.354115 0.320828
0.58011 0.0109186 0.0185387 0.390433
0.386829 0.0107512 0.124221 0.478199
0.448576 9.9991E-05 0.211962 0.339361
0.398241 9.9991E-05 0.116611 0.485047
0.394429 9.9991E-05 0.14194 0.463531
0.422523 9.9991E-05 0.417144 0.160232
0.362359 0.0549699 0.416867 0.165804
0.396979 0.0580311 0.352141 0.192849
0.49443 0.0431734 0.0896344 0.372762
0.45363 0.237775 0.263304 0.0452908
0.529366 0.0900684 0.238198 0.142367
0.614149 0.2908 9.9991E-05 0.0949511
0.512874 0.0759593 0.35679 0.0543766
0.634761 0.138233 0.155748 0.071258
0.475297 0.0754368 0.355789 0.0934779
0.619844 0.173984 0.115696 0.0904755
0.712081 0.213139 9.9991E-05 0.0746804
0.554299 0.0679177 0.211631 0.166152
0.498008 0.0700569 0.299582 0.132354
0.476877 0.167179 0.229106 0.126839
0.637063 0.251725 0.0719219 0.0392905
0.385472 0.0230989 0.411956 0.179473
0.746659 9.9991E-05 0.123467 0.129774
0.666278 9.9991E-05 0.228842 0.10478
0.377734 9.9991E-05 0.440439 0.181727
0.205645 0.372738 0.367888 0.0537291
0.128469 0.787284 0.0841464 9.9991E-05
0.213124 0.717507 0.0692696 9.9991E-05
0.110973 0.461254 0.392703 0.0350703
0.680509 9.9982E-05 0.319291 9.9982E-05
0.494965 0.0696233 0.292962 0.14245
9.9982E-05 9.9982E-05 0.931802 0.0679976
0.218605 0.0193745 0.635924 0.126096
0.30567 0.119422 0.555461 0.0194469
0.762596 0.100602 0.121612 0.0151904
0.550238 0.0354582 0.313051 0.101253
0.778757 0.115512 0.04318 0.0625504
0.719472 9.9991E-05 0.272001 0.00842618
0.612939 0.0635807 0.246153 0.0773263
0.551084 0.0312008 0.316363 0.101353
0.801945 0.146522 9.9991E-05 0.0514326
0.473864 0.0461393 0.375321 0.104676
0.574499 0.0901215 0.292542 0.0428376
9.9982E-05 0.082021 0.917779 9.9982E-05
9.9982E-05 0.0354408 0.964359 9.9982E-05
0.0369774 0.0954048 0.805619 0.0619989
0.0235756 0.00830201 0.883553 0.0845689
0.0553945 0.101131 0.843375 9.9991E-05
9.9982E-05 0.0363535 0.963447 9.9982E-05
9.9982E-05 0.109881 0.889919 9.9982E-05
9.9991E-05 0.0164989 0.972637 0.0107638
9.9991E-05 0.0233594 0.974023 0.00251783
9.9982E-05 0.0262184 0.973582 9.9982E-05
9.9982E-05 0.0749125 0.924888 9.9982E-05
9.9991E-05 0.073631 0.92507 0.00119942
9.9982E-05 0.106075 0.893725 9.9982E-05
9.9982E-05 0.0882996 0.9115 9.9982E-05
0.166631 0.0266915 0.64085 0.165827
0.114598 0.090189 0.724267 0.0709456
0.0196909 0.047351 0.890241 0.0427176
9.9982E-05 0.0793858 0.920414 9.9982E-05
9.9982E-05 0.0190309 0.980769 9.9982E-05
9.9982E-05 0.132685 0.867115 9.9982E-05
9.9982E-05 0.0532733 0.946527 9.9982E-05
0.072874 0.118827 0.760801 0.0474983
9.9991E-05 0.115984 0.872049 0.0118669
0.466361 0.533439 9.9982E-05 9.9982E-05
0.386123 0.234733 0.259173 0.11997
0.36832 0.227379 0.297188 0.107113
0.506512 0.380379 0.113009 9.9991E-05
0.426646 0.145405 0.329339 0.09861
0.487958 0.376063 0.135879 9.9991E-05
0.450893 0.206427 0.267985 0.0746955
0.468006 0.258356 0.273538 9.9991E-05
0.44943 0.157644 0.392826 9.9991E-05
0.420282 0.23833 0.341289 9.9991E-05
0.373692 0.223229 0.346815 0.0562648
9.9991E-05 0.830509 0.0599344 0.109457
9.9982E-05 0.936347 0.0634534 9.9982E-05
0.0167956 0.955736 0.0105662 0.0169025
9.9991E-05 0.94714 0.0151546 0.0376057
9.9991E-05 0.900087 0.0582729 0.0415406
9.9982E-05 0.874246 0.125554 9.9982E-05
9.9982E-05 0.900048 0.0997517 9.9982E-05
0.0241872 0.870233 0.0586676 0.0469122
9.9991E-05 0.933912 0.0624059 0.00358213
9.9982E-05 0.862901 0.136899 9.9982E-05
0.0562488 0.647027 9.9991E-05 0.296624
9.9982E-05 0.592756 9.9982E-05 0.407044
0.0563981 0.588381 9.9991E-05 0.355121
0.11149 0.498444 9.9991E-05 0.389966
0.452524 0.0273727 0.287449 0.232654
0.561701 9.9991E-05 0.30152 0.136679
0.528486 9.9991E-05 0.240412 0.231001
0.464914 0.000450342 0.183841 0.350795
0.275348 9.9991E-05 0.0595918 0.66496
0.487785 9.9991E-05 0.39818 0.113935
0.630086 9.9991E-05 0.296194 0.0736206
0.630601 9.9991E-05 0.232158 0.137142
0.76396 9.9991E-05 0.164896 0.0710448
0.518405 0.0294796 0.333113 0.119002
0.572439 9.9991E-05 0.237412 0.190049
0.752668 0.0039882 9.9991E-05 0.243244
0.534965 0.00361278 0.303604 0.157818
0.838367 0.083034 0.078499 9.9991E-05
0.710244 9.9991E-05 0.215086 0.0745697
0.657023 0.0465592 9.9991E-05 0.296318
0.0704726 0.152147 9.9991E-05 0.77728
0.0894037 0.124747 9.9991E-05 0.78575
0.111866 0.0426227 9.9991E-05 0.845411
0.0135713 0.115182 9.9991E-05 0.871147
0.122909 0.0276373 9.9991E-05 0.849354
0.0162507 0.0555906 0.0702421 0.857917
0.00494743 0.856639 0.138313 9.9991E-05
9.9991E-05 0.80621 0.0905304 0.10316
9.9982E-05 0.763212 0.236588 9.9982E-05
9.9991E-05 0.753908 0.187632 0.0583592
9.9991E-05 0.803843 0.154113 0.0419443
0.0124507 0.388179 9.9991E-05 0.599271
0.0400334 0.479001 9.9991E-05 0.480865
0.0243653 0.455588 9.9991E-05 0.519947
9.9991E-05 0.808619 0.162215 0.0290661
0.0592775 0.415518 9.9991E-05 0.525105
0.213744 0.291525 0.49463 9.9991E-05
0.315092 0.083074 0.499941 0.101893
0.202363 0.120535 0.647419 0.0296829
0.21129 0.286554 0.42029 0.0818656
0.284181 0.151423 0.502664 0.0617327
0.10851 0.587115 0.304275 9.9991E-05
0.469011 9.9991E-05 0.176849 0.35404
0.571549 0.0221831 0.152304 0.253964
0.198793 0.0489379 0.200126 0.552143
0.528181 9.9991E-05 0.241984 0.229734
0.687159 0.0662481 9.9991E-05 0.246493
0.510764 0.109087 0.321316 0.058833
0.540432 0.0304156 0.210811 0.218342
0.431225 9.9991E-05 0.107596 0.461079
0.307441 0.0510416 0.329563 0.311954
0.633238 0.0769955 9.9991E-05 0.289667
0.498351 0.0133159 0.284587 0.203746
0.441636 9.9991E-05 0.314388 0.243876
0.321263 0.0590758 0.439044 0.180617
0.514498 9.9991E-05 0.162603 0.322798
0.391755 9.9991E-05 0.273449 0.334695
0.585554 0.0183773 0.284839 0.11123
0.547165 9.9991E-05 0.266125 0.186611
0.50074 9.9991E-05 0.379128 0.120032
0.357667 0.037332 0.340529 0.264472
0.437946 0.0360989 0.364672 0.161284
9.9982E-05 0.805361 0.194439 9.9982E-05
0.0712507 0.849327 0.0793225 9.9991E-05
0.0856341 0.810438 0.0702429 0.0336849
0.0844781 0.853773 0.0616489 9.9991E-05
0.0125743 0.835431 0.151894 9.9991E-05
0.243112 0.022395 0.139179 0.595314
0.427314 0.0297699 0.327713 0.215202
0.358968 0.198394 0.396133 0.046506
0.416036 9.9991E-05 0.416735 0.167129
0.469241 9.9991E-05 0.303118 0.227541
0.31263 0.0288855 0.229037 0.429447
0.258932 0.129173 9.9991E-05 0.611796
0.347282 9.9991E-05 0.316404 0.336214
0.283277 0.0364664 0.125137 0.55512
0.425111 9.9991E-05 0.342054 0.232734
0.227017 0.122016 0.0885817 0.562386
0.300786 9.9991E-05 0.401054 0.29806
0.298986 0.0521589 0.0754141 0.573441
0.420109 0.0260848 0.236592 0.317214
0.528568 0.0421748 0.321762 0.107496
0.738962 0.116473 0.0454083 0.0991572
0.54099 0.0545965 0.304678 0.0997354
0.599303 0.0703494 0.29878 0.0315679
0.708781 0.0749213 0.0848678 0.13143
0.48387 0.000297921 0.325054 0.190778
0.656669 0.0820742 0.253234 0.00802302
0.81628 0.0691487 9.9991E-05 0.114471
0.81507 0.119616 9.9991E-05 0.0652142
0.589369 0.0337814 0.211894 0.164955
0.7426 0.165291 9.9991E-05 0.0920091
0.691884 9.9991E-05 0.143639 0.164377
0.23809 0.0263727 0.0611936 0.674343
0.484751 9.9991E-05 0.114249 0.4009
0.224592 9.9991E-05 0.265319 0.509988
0.377056 9.9991E-05 0.434733 0.188111
0.32023 9.9991E-05 0.13471 0.54496
0.436736 0.0916944 0.279352 0.192218
0.268068 9.9991E-05 0.449174 0.282658
0.365978 9.9991E-05 0.310131 0.323791
0.376269 9.9991E-05 0.320467 0.303164
0.311982 9.9991E-05 0.298115 0.389803
0.212948 9.9991E-05 0.215785 0.571167
0.181554 9.9991E-05 0.304203 0.514143
0.558619 9.9991E-05 0.335716 0.105565
0.498706 9.9991E-05 0.306241 0.194953
0.441309 0.0478144 0.170339 0.340538
0.426253 9.9991E-05 0.338999 0.234648
0.244297 9.9991E-05 0.294465 0.461138
0.340169 9.9991E-05 0.353508 0.306223
0.298612 9.9991E-05 0.380753 0.320535
0.377783 0.113806 0.338832 0.16958
0.260991 0.367183 0.357576 0.0142491
0.411573 0.122867 0.46546 9.9991E-05
0.314328 0.148536 0.421456 0.115681
0.398147 0.072909 0.460452 0.0684922
0.351181 0.127878 0.477119 0.0438224
0.545337 9.9991E-05 0.233513 0.221049
0.271592 0.181846 0.396772 0.14979
0.525228 0.412994 0.0616785 9.9991E-05
0.30964 0.0152067 0.486994 0.18816
0.311356 0.0330484 0.48507 0.170525
0.353574 0.0387196 0.498629 0.109077
0.415332 0.232424 0.276732 0.0755126
0.289586 0.134575 0.487023 0.0888157
0.275318 0.137135 0.511876 0.075671
0.236962 0.67201 0.0909274 9.9991E-05
0.395386 0.175559 0.428955 9.9991E-05
0.290822 0.176158 0.53292 9.9991E-05
0.441772 0.0376879 0.4554 0.0651401
0.333351 0.172442 0.494107 9.9991E-05
0.410551 0.169466 0.419882 9.9991E-05
0.587336 9.9991E-05 0.23869 0.173874
0.450188 0.116043 0.302344 0.131426
0.812198 0.0303917 9.9991E-05 0.157311
0.750985 0.1254 9.9991E-05 0.123516
0.493471 0.0376511 0.315967 0.152911
0.295154 0.180572 0.503154 0.0211207
0.258696 0.173766 0.567438 9.9991E-05
0.313075 0.314719 0.372106 9.9991E-05
0.337159 0.219977 0.442763 9.9991E-05
0.735963 0.215486 0.0484508 9.9991E-05
0.656717 0.222936 0.120247 9.9991E-05
0.556114 9.9991E-05 0.359916 0.0838695
0.533363 0.0868833 0.379653 9.9991E-05
0.614228 0.184236 0.1491 0.0524361
0.50205 0.0169786 0.378547 0.102425
0.552588 9.9991E-05 0.394105 0.0532075
0.400131 0.0834609 0.371815 0.144593
0.715261 0.0820085 0.0460163 0.156715
0.734109 9.9991E-05 0.147197 0.118594
0.661342 0.029707 0.290535 0.0184157
0.560239 0.125217 0.194881 0.119664
0.591377 0.0727879 0.283117 0.052718
0.720952 9.9991E-05 0.215934 0.0630139
0.702734 0.0601064 0.0595935 0.177566
0.611418 0.0644244 0.324057 9.9991E-05
0.777117 0.0158689 0.0370436 0.169971
0.74478 9.9991E-05 0.172887 0.0822331
0.582035 0.0375749 0.303408 0.0769818
0.596551 0.0249241 0.301055 0.0774705
0.464826 0.127736 0.399349 0.00808801
0.325122 0.0770836 0.384699 0.213095
0.268236 0.189497 0.449764 0.0925026
0.318192 0.240339 0.387869 0.0536002
0.406491 0.112286 0.365104 0.116119
0.394448 0.177146 0.388932 0.0394744
0.512126 0.367305 0.100008 0.0205612
0.353715 0.0278138 0.538098 0.0803732
0.337631 0.601042 0.0612271 9.9991E-05
0.44172 0.0772011 0.452553 0.0285266
0.936682 0.0631185 9.9982E-05 9.9982E-05
0.814692 0.140488 9.9991E-05 0.0447202
0.710442 9.9991E-05 0.240217 0.0492411
0.666157 9.9991E-05 0.313857 0.0198859
0.755597 9.9991E-05 0.125446 0.118857
0.754074 9.9991E-05 0.207706 0.03812
0.64012 9.9991E-05 0.309967 0.0498136
0.0729047 0.804817 0.113736 0.00854237
9.9991E-05 0.762552 0.109585 0.127763
9.9991E-05 0.899153 0.0871365 0.013611
9.9982E-05 0.962446 0.0373539 9.9982E-05
0.656241 0.0140499 0.265801 0.063908
0.625275 0.0608238 0.307922 0.00597987
0.62848 9.9991E-05 0.218451 0.152969
0.520708 9.9991E-05 0.34906 0.130132
0.527989 0.123323 0.256732 0.0919562
0.739723 0.0325885 0.0576139 0.170075
0.646508 9.9982E-05 0.353292 9.9982E-05
0.873689 0.0646001 0.0616108 9.9991E-05
0.258571 0.19844 0.463192 0.0797978
0.661285 9.9991E-05 0.205027 0.133588
0.639456 9.9991E-05 0.114119 0.246325
0.713614 9.9991E-05 0.284272 0.00201333
0.79568 9.9991E-05 0.166585 0.0376355
0.730373 9.9982E-05 0.269427 9.9982E-05
0.602044 0.0833761 0.31448 9.9991E-05
0.988001 0.0117992 9.9982E-05 9.9982E-05
0.702089 0.0446109 0.080072 0.173228
0.752513 9.9991E-05 0.123634 0.123753
0.965627 0.0341726 9.9982E-05 9.9982E-05
0.577219 0.0185549 0.195129 0.209097
0.902558 0.0972417 9.9982E-05 9.9982E-05
0.823133 0.0947306 9.9991E-05 0.0820364
0.655447 9.9982E-05 0.344353 9.9982E-05
0.723108 0.0510519 0.0460568 0.179783
0.588054 9.9991E-05 0.243392 0.168454
0.43524 0.0364188 0.425556 0.102785
0.566492 9.9991E-05 0.27341 0.159998
0.430886 9.9991E-05 0.220485 0.348529
0.524784 9.9991E-05 0.333419 0.141696
0.519267 9.9991E-05 0.311213 0.16942
0.845816 0.0558174 0.0884574 0.00990974
0.571069 0.0114689 0.273968 0.143495
0.0656055 0.677747 9.9991E-05 0.256547
0.0283438 0.76015 0.0421581 0.169349
9.9982E-05 0.847788 9.9982E-05 0.152012
9.9982E-05 0.849253 9.9982E-05 0.150547
9.9982E-05 0.759138 9.9982E-05 0.240662
0.669321 0.00714995 0.0714113 0.252118
0.722656 0.0716683 9.9991E-05 0.205576
0.968348 9.9982E-05 0.0314522 9.9982E-05
0.497156 0.0255858 0.366685 0.110573
0.397413 0.0709589 0.414035 0.117593
0.813808 0.0746504 0.111442 9.9991E-05
0.536793 9.9991E-05 0.395024 0.068083
0.747927 0.0695572 0.182415 9.9991E-05
0.662375 9.9991E-05 0.254204 0.0833212
0.620323 9.9991E-05 0.354318 0.0252596
0.687515 9.9991E-05 0.0939412 0.218444
0.713522 9.9991E-05 0.12941 0.156968
0.644896 9.9991E-05 0.129459 0.225546
0.575395 0.115275 0.277079 0.0322509
0.652226 9.9991E-05 0.177394 0.170279
0.646972 9.9991E-05 0.261933 0.0909955
0.20151 0.0565759 0.668726 0.0731881
0.21475 0.0521483 0.674496 0.0586057
0.239396 0.0856926 0.670374 0.00453813
0.127971 0.17122 0.700709 9.9991E-05
0.203429 0.178201 0.551262 0.0671078
0.711621 0.0214162 0.260106 0.00685592
9.9982E-05 0.362408 0.637392 9.9982E-05
0.145006 0.185656 0.669238 9.9991E-05
0.473542 0.154949 0.371409 9.9991E-05
0.492195 0.106596 0.337455 0.0637549
0.514769 0.154238 0.21535 0.115643
0.394129 0.12056 0.370491 0.114821
0.427558 0.14701 0.332024 0.0934082
0.0783274 0.246656 0.674917 9.9991E-05
0.177947 0.178595 0.61418 0.0292786
0.143029 0.109597 0.747274 9.9991E-05
0.381456 0.157625 0.460819 9.9991E-05
0.177715 0.127988 0.694196 9.9991E-05
0.231821 0.133422 0.564318 0.0704383
0.0898443 0.178071 0.731985 9.9991E-05
0.220264 0.0296667 0.637459 0.112611
0.57805 0.100884 0.268788 0.0522783
0.346934 0.153004 0.499962 9.9991E-05
0.0318855 0.217959 0.750055 9.9991E-05
0.215011 0.137282 0.587392 0.0603141
0.462485 0.213488 0.0857631 0.238265
0.534843 9.9991E-05 0.355716 0.109341
0.26687 0.136504 0.495865 0.100761
0.446174 0.0877566 0.357726 0.108343
0.465014 0.181114 0.241315 0.112556
0.438647 0.213756 0.347497 9.9991E-05
0.245763 0.293097 0.445308 0.0158316
0.362768 0.0811749 0.449768 0.106289
0.235094 0.0832887 0.661441 0.0201761
0.160012 0.106876 0.733013 9.9991E-05
0.0999579 0.263487 0.636455 9.9991E-05
0.404704 0.114576 0.386397 0.094324
0.615117 0.130833 0.172955 0.081095
0.688709 0.311091 9.9982E-05 9.9982E-05
0.488905 0.116912 0.394083 9.9991E-05
0.437136 0.115399 0.241546 0.205919
0.403315 0.241314 0.355271 9.9991E-05
0.303741 0.0624341 0.354371 0.279455
0.333338 0.535624 0.130938 9.9991E-05
0.406505 0.577022 0.0163738 9.9991E-05
0.445177 0.222701 0.241188 0.0909332
0.357504 0.490563 0.151833 9.9991E-05
0.22779 0.604532 0.167579 9.9991E-05
0.507922 0.155547 0.318367 0.0181638
0.360377 0.235734 0.352872 0.051017
0.402308 0.386248 0.211344 9.9991E-05
0.39186 0.492264 0.115776 9.9991E-05
0.36214 0.119368 0.420363 0.0981292
0.509489 0.369074 0.121336 9.9991E-05
0.30631 0.69349 9.9982E-05 9.9982E-05
0.428392 0.185249 0.376219 0.0101401
0.256286 0.193595 0.412762 0.137357
0.204018 0.271433 0.465753 0.0587954
0.219311 0.19454 0.566425 0.0197247
0.339115 0.187 0.447666 0.0262189
0.29564 0.151146 0.526754 0.0264602
0.0690515 0.331608 0.421457 0.177884
0.276418 0.155058 0.457715 0.110809
0.186622 0.195548 0.556227 0.0616019
0.224972 0.27857 0.431938 0.0645204
0.4243 0.17148 0.276026 0.128194
0.29353 0.100554 0.424855 0.181061
0.393909 0.115663 0.479554 0.0108731
0.501236 0.0621061 0.436558 9.9991E-05
0.174818 0.324271 0.451473 0.0494377
0.305787 0.145522 0.548592 9.9991E-05
0.283146 0.483081 0.233673 9.9991E-05
0.329877 0.168757 0.472143 0.0292229
0.282794 0.328824 0.388282 9.9991E-05
0.0354664 0.793273 0.0119318 0.159328
0.114394 0.0256394 0.0639165 0.79605
9.998E-05 9.998E-05 9.998E-05 0.9997
9.998E-05 9.998E-05 9.998E-05 0.9997
9.998E-05 9.998E-05 9.998E-05 0.9997
9.9982E-05 9.9982E-05 0.0448303 0.95497
0.0240986 9.9982E-05 9.9982E-05 0.975701
9.9982E-05 0.0489213 9.9982E-05 0.950879
9.9991E-05 0.169662 0.0093714 0.820866
9.9991E-05 0.949029 0.0427986 0.00807209
9.9991E-05 0.75041 0.116727 0.132763
9.9991E-05 0.868073 0.118736 0.0130912
0.0144446 0.885543 0.0229649 0.0770478
9.9991E-05 0.896759 0.0628503 0.0402903
9.9991E-05 0.937945 0.0136801 0.0482751
9.9991E-05 0.781186 0.210506 0.00820884
9.9982E-05 0.910553 0.0892475 9.9982E-05
0.0156727 0.676263 0.179888 0.128176
9.9982E-05 0.931711 0.0680889 9.9982E-05
9.9982E-05 0.964913 9.9982E-05 0.0348869
0.00844982 0.830944 0.121173 0.0394333
9.9991E-05 0.958897 0.0310836 0.00991902
9.9991E-05 0.881773 0.105211 0.0129157
9.9991E-05 0.865833 0.110596 0.023471
9.9982E-05 0.832159 0.167641 9.9982E-05
9.9982E-05 0.778546 0.221254 9.9982E-05
9.9982E-05 0.764538 0.235262 9.9982E-05
9.9991E-05 0.798977 0.179557 0.0213661
0.588928 0.160202 0.184366 0.0665042
0.636231 0.0194134 0.344256 9.9991E-05
0.439034 0.0844933 0.362117 0.114356
0.756127 0.234378 9.9991E-05 0.00939534
0.497661 0.0722369 0.268312 0.16179
0.661037 0.329589 9.9991E-05 0.00927415
0.495575 0.0609232 0.343101 0.100401
0.580063 0.128997 0.133139 0.1578
0.552862 0.0701452 0.279593 0.0974
0.641008 0.00682611 0.24665 0.105516
0.56421 0.0939264 0.198783 0.143081
0.491532 9.9991E-05 0.358614 0.149754
0.454569 0.0830559 0.297812 0.164563
0.393701 0.0120807 0.0169046 0.577313
0.667564 0.202231 9.9991E-05 0.130106
0.652772 0.238067 0.00981191 0.0993489
0.549065 0.055776 0.357317 0.0378423
0.625971 0.156393 0.212823 0.00481243
0.630375 0.158767 0.210758 9.9991E-05
0.600969 0.0224508 0.37648 9.9991E-05
0.313142 0.202027 0.426912 0.057919
0.285067 0.107142 0.522384 0.0854061
0.165462 0.401976 0.263024 0.169538
0.498886 0.0461753 0.388469 0.0664706
0.279454 0.167521 0.412378 0.140647
0.231359 0.638729 0.129812 9.9991E-05
0.313422 0.29662 0.389858 9.9991E-05
0.253167 0.369628 0.340522 0.0366834
0.129364 0.229953 0.406539 0.234144
0.2552 0.100023 0.475958 0.168819
0.348668 0.154178 0.438036 0.0591179
0.313932 0.0821834 0.553134 0.0507508
0.415607 0.184861 0.399432 9.9991E-05
0.165472 0.417098 0.385323 0.0321072
