9.9991E-05 0.0404234 0.0177668 0.94171
9.9982E-05 9.9982E-05 0.0408898 0.95891
0.101412 0.102296 9.9991E-05 0.796192
0.0548461 0.111706 0.0156351 0.817812
0.0508406 0.0463455 9.9991E-05 0.902714
0.0821616 0.081796 0.171082 0.664961
9.9991E-05 0.00886822 0.12905 0.861982
9.999E-05 0.0982233 0.152148 0.749529
9.9982E-05 9.9982E-05 0.169762 0.830038
0.0714543 0.100723 0.0735228 0.7543
0.0388465 9.9991E-05 0.1599 0.801153
0.429116 0.0372105 0.492386 0.0412876
0.585064 0.0517882 0.31609 0.0470578
0.308116 0.0636483 0.542981 0.0852547
0.325206 0.225422 0.419317 0.0300548
0.446027 0.165226 0.194965 0.193781
0.62064 0.109094 0.168414 0.101853
0.536466 0.087845 0.315362 0.0603276
0.378832 0.097168 0.379268 0.144732
0.122979 0.0365952 0.70031 0.140115
0.54483 0.0522124 0.361929 0.0410284
0.570117 0.0679905 0.318662 0.0432302
0.713252 9.9991E-05 0.170847 0.115802
0.417555 0.0670281 0.41207 0.103347
0.555688 0.225503 0.100219 0.11859
0.600297 0.173272 0.22633 9.9991E-05
0.307979 0.0537613 0.499755 0.138505
0.368172 0.152093 0.394841 0.0848945
0.329703 0.0362562 0.567725 0.0663167
0.0701698 0.0704848 9.9991E-05 0.859245
0.123128 0.032824 9.9991E-05 0.843948
0.151149 0.035496 9.9991E-05 0.813255
0.153294 0.066266 9.9991E-05 0.780341
0.702521 9.9991E-05 0.196857 0.100522
0.669075 0.0280931 0.221392 0.0814404
0.793713 9.9991E-05 0.176108 0.0300788
0.240547 9.9991E-05 0.573009 0.186345
0.576487 0.0176059 0.402516 0.00339132
0.639388 0.0296528 0.196696 0.134263
0.837294 0.0294986 0.0572496 0.0759582
0.683358 9.9991E-05 0.175399 0.141143
0.68905 0.064765 0.108163 0.138022
0.430527 9.9982E-05 0.569273 9.9982E-05
0.674012 0.139206 0.172297 0.0144849
0.652392 0.114474 0.176052 0.0570816
0.686976 0.075518 0.112482 0.125025
0.59735 9.9982E-05 0.40245 9.9982E-05
0.722987 0.148403 0.12851 9.9991E-05
0.746692 0.0266906 0.134869 0.0917488
0.124065 9.9991E-05 0.80317 0.0726653
0.312834 9.9991E-05 0.646676 0.0403897
0.188477 0.0509225 0.72117 0.0394304
0.527851 0.106477 0.220577 0.145095
0.586133 0.148812 0.181301 0.0837538
0.637644 0.137027 0.101554 0.123775
0.345029 9.9991E-05 0.53284 0.122031
0.706273 0.0195343 0.274092 9.9991E-05
0.543953 0.197395 0.186129 0.072523
0.427244 0.0598202 0.390795 0.122141
0.127956 0.0921149 0.547464 0.232466
0.650157 0.119929 0.188019 0.0418953
0.504136 0.0908247 0.282015 0.123024
0.170229 9.9991E-05 0.710168 0.119503
0.568712 0.100569 0.330183 0.000536219
0.614234 0.197826 0.18784 9.9991E-05
0.540989 0.185186 0.216329 0.0574967
0.412338 0.0671048 0.397719 0.122838
0.633999 0.0948717 0.245351 0.0257788
0.663525 0.140223 0.17254 0.0237117
0.328255 9.9991E-05 0.588667 0.0829784
0.808699 9.9982E-05 0.191101 9.9982E-05
0.498945 9.9982E-05 0.500855 9.9982E-05
0.610025 0.0935194 0.191816 0.104639
0.293737 9.9982E-05 0.706063 9.9982E-05
0.303218 9.9982E-05 0.696582 9.9982E-05
0.537714 9.9982E-05 0.462086 9.9982E-05
0.7137 9.9982E-05 0.2861 9.9982E-05
0.672794 0.10356 0.163346 0.0603
0.584212 0.0774523 0.338236 9.9991E-05
0.448288 9.9991E-05 0.517432 0.0341799
0.474311 9.9991E-05 0.448037 0.0775527
0.685903 0.0862807 0.138624 0.0891924
0.596764 9.9982E-05 0.403036 9.9982E-05
0.67865 9.9991E-05 0.261534 0.0597164
0.620747 0.0311059 0.348047 9.9991E-05
0.274253 9.9982E-05 0.725547 9.9982E-05
0.735224 0.0631934 0.201482 9.9991E-05
0.113026 0.0164018 0.0185869 0.851986
0.0974534 9.9982E-05 9.9982E-05 0.902347
0.0716693 0.0442853 9.9991E-05 0.883945
0.0368268 0.0161888 9.9991E-05 0.946884
0.0641332 0.0540019 9.9991E-05 0.881765
0.0431723 0.0449072 0.00895883 0.902962
0.0390684 0.0480022 9.9991E-05 0.912829
0.678742 0.0656149 0.134296 0.121346
0.674771 0.065059 0.158865 0.101305
0.342937 9.9991E-05 0.653452 0.00351158
0.744228 9.9991E-05 0.154792 0.10088
0.658812 9.9991E-05 0.275211 0.065877
0.777219 0.0560562 0.094563 0.0721621
0.716099 9.9991E-05 0.188257 0.0955432
0.725798 0.0624768 0.211625 9.9991E-05
0.218396 9.9991E-05 0.713424 0.06808
0.603732 0.125812 0.156151 0.114304
0.661877 0.0332986 0.206613 0.0982114
0.663521 0.0944466 0.131834 0.110199
0.492363 0.0521092 0.455428 9.9991E-05
0.696869 0.0144737 0.255979 0.0326775
0.687716 0.00995934 0.294181 0.00814386
0.544504 0.117514 0.337883 9.9991E-05
0.645662 9.9991E-05 0.247415 0.106823
0.660867 0.0798738 0.124925 0.134334
0.28005 0.122885 0.521978 0.075088
0.431656 0.0945551 0.295497 0.178291
0.677301 9.9991E-05 0.136207 0.186392
0.580399 0.160344 0.166188 0.0930685
0.565056 0.0176104 0.317093 0.100242
0.674699 0.0531356 0.218717 0.0534476
0.52569 0.0600478 0.344391 0.0698717
0.605348 0.0228693 0.274021 0.0977621
0.649642 0.0776473 0.18394 0.0887707
0.718358 9.9991E-05 0.158577 0.122964
0.620484 9.9991E-05 0.316822 0.062594
0.693202 0.095414 0.161606 0.0497784
0.535491 0.220493 0.164102 0.0799147
0.679396 0.0931367 0.223814 0.00365339
0.614866 0.127045 0.181791 0.0762985
0.662284 0.0622086 0.258236 0.017271
0.503751 0.00950673 0.317297 0.169445
0.675459 0.0949982 0.219848 0.00969508
0.707862 0.121562 0.165327 0.00524873
0.437371 0.0503306 0.445256 0.0670425
0.179868 0.114924 0.605807 0.0994005
0.63071 0.0915271 0.167715 0.110048
0.150788 0.135435 0.713677 9.9991E-05
0.412874 0.014633 0.462971 0.109522
0.535649 9.9991E-05 0.352213 0.112038
0.507516 9.9991E-05 0.413593 0.0787906
0.371654 0.0194345 0.549942 0.0589694
0.650166 0.0945556 0.148341 0.106938
0.653334 0.0912879 0.165452 0.0899265
0.511366 0.11438 0.359369 0.0148852
0.221465 0.09769 0.642511 0.0383339
0.60878 0.042484 0.176807 0.171929
0.561881 0.0880952 0.277308 0.0727162
0.0444418 0.0652064 0.716635 0.173717
0.646426 0.143325 0.0993884 0.11086
0.411993 0.122035 0.384195 0.0817771
0.581396 0.116839 0.185921 0.115845
0.332001 0.0563041 0.50974 0.101955
0.331753 9.9991E-05 0.513074 0.155074
0.531599 0.046904 0.346252 0.0752453
0.511775 0.0644933 0.296821 0.126911
0.385111 0.166518 0.318158 0.130213
0.0560724 0.262146 0.646203 0.0355789
0.658018 0.0709825 0.13622 0.134779
0.563376 9.9982E-05 0.436424 9.9982E-05
0.63493 0.0058522 0.359118 9.9991E-05
0.651168 0.108539 0.118494 0.121799
0.0973617 0.334051 0.21636 0.352227
9.9991E-05 0.214495 0.20594 0.579465
9.9991E-05 0.205494 0.312663 0.481743
0.0223671 0.428395 0.173104 0.376134
0.774534 0.0535958 0.17177 9.9991E-05
0.551141 0.14184 0.146462 0.160557
0.330827 0.668973 9.9982E-05 9.9982E-05
0.319586 0.502721 0.119688 0.0580055
0.408478 0.435786 0.0901594 0.0655763
0.442951 0.0685997 0.460096 0.0283528
0.508241 0.183206 0.279605 0.028948
0.283812 0.0977521 0.618336 9.9991E-05
0.669247 0.0595984 0.243185 0.0279692
0.570613 0.0629065 0.312723 0.0537572
0.588986 0.118024 0.234771 0.0582187
0.236857 0.0739835 0.676915 0.0122439
0.668644 0.130805 0.181245 0.0193053
0.593995 0.153601 0.218316 0.0340886
0.0310179 0.968782 9.9982E-05 9.9982E-05
0.0622583 0.92489 0.0127513 9.9991E-05
0.300523 0.615341 0.0840357 9.9991E-05
0.291706 0.677746 9.9991E-05 0.0304485
0.11908 0.88072 9.9982E-05 9.9982E-05
9.998E-05 0.9997 9.998E-05 9.998E-05
9.9982E-05 0.99091 0.00888955 9.9982E-05
0.135712 0.864088 9.9982E-05 9.9982E-05
0.0187269 0.971122 0.0100513 9.9991E-05
9.998E-05 0.9997 9.998E-05 9.998E-05
9.998E-05 0.9997 9.998E-05 9.998E-05
0.195611 0.769853 9.9991E-05 0.034436
0.120969 0.79166 0.0482619 0.0391091
0.0268508 0.972949 9.9982E-05 9.9982E-05
0.29838 0.437021 0.197296 0.067303
0.254959 0.6523 9.9991E-05 0.092641
0.172241 0.763198 0.00598684 0.0585742
0.09802 0.878229 9.9991E-05 0.0236513
9.998E-05 0.9997 9.998E-05 9.998E-05
0.0337014 0.891549 9.9991E-05 0.07465
9.998E-05 0.9997 9.998E-05 9.998E-05
0.33434 0.593878 9.9991E-05 0.0716824
0.0746498 0.878396 0.0446491 0.00230475
9.9991E-05 0.118069 0.507706 0.374125
0.389893 0.177183 0.195356 0.237569
0.414946 0.15277 0.173512 0.258772
0.132514 0.218994 0.389254 0.259239
0.410633 0.186882 0.199772 0.202713
0.242533 0.18142 0.26224 0.313807
0.431048 0.118715 0.248088 0.202148
0.38702 0.211811 0.25173 0.149439
0.45986 0.23049 0.153533 0.156117
0.397799 0.290053 0.164929 0.147219
0.530146 0.131037 0.140883 0.197934
0.0817107 9.9991E-05 0.0384124 0.879777
9.9982E-05 0.0653291 9.9982E-05 0.934471
9.9982E-05 9.9982E-05 0.0051695 0.994631
9.998E-05 9.998E-05 9.998E-05 0.9997
9.9991E-05 0.0438118 0.0229864 0.933102
9.9982E-05 0.0954519 9.9982E-05 0.904348
0.0453732 0.0568947 9.9991E-05 0.897632
9.9991E-05 0.0129242 0.0738994 0.913076
0.0777947 0.00262455 9.9991E-05 0.919481
0.00276835 0.121531 9.9991E-05 0.875601
9.9982E-05 9.9982E-05 0.358178 0.641622
0.0643653 9.9991E-05 0.266736 0.668798
9.9982E-05 9.9982E-05 0.405092 0.594708
0.0546057 9.9991E-05 0.399454 0.54584
0.692339 9.9991E-05 0.263597 0.0439643
0.628109 0.0208637 0.275017 0.076011
0.709999 0.0628718 0.227029 9.9991E-05
0.532879 9.9991E-05 0.370239 0.0967821
0.364545 9.9991E-05 0.577112 0.0582422
0.743559 0.0585134 0.128536 0.0693908
0.673568 0.0524352 0.273897 9.9991E-05
0.691328 9.9991E-05 0.239737 0.0688358
0.641639 0.00928734 0.348974 9.9991E-05
0.693381 0.0712759 0.151275 0.0840679
0.647948 9.9991E-05 0.341522 0.0104305
0.174336 9.9982E-05 0.825464 9.9982E-05
0.659384 9.9991E-05 0.236733 0.103782
0.420794 0.0485243 0.530582 9.9991E-05
0.758193 9.9991E-05 0.196902 0.0448048
0.381576 9.9991E-05 0.608119 0.0102048
0.0562986 0.0193059 0.681364 0.243031
0.142302 9.9991E-05 0.638846 0.218752
0.104068 9.9991E-05 0.723993 0.171839
0.0534213 9.9991E-05 0.718197 0.228282
0.185532 9.9991E-05 0.668455 0.145914
0.129845 0.0414009 0.649575 0.179179
0.0852913 0.0355682 9.9991E-05 0.87904
0.0776967 0.0398403 9.9991E-05 0.882363
0.103458 0.105011 9.9991E-05 0.791431
0.0626045 0.131574 0.0312646 0.774557
0.0761546 0.108717 9.9991E-05 0.815029
9.9982E-05 9.9982E-05 0.564777 0.435023
9.9982E-05 9.9982E-05 0.467221 0.53258
0.0403887 0.0161865 0.439858 0.503567
0.107611 0.0365307 9.9991E-05 0.855758
0.011494 9.9991E-05 0.504179 0.484227
0.283149 0.408861 0.0951209 0.212869
0.581569 0.239345 0.029222 0.149864
0.514723 0.341448 9.9991E-05 0.143729
0.354074 0.184634 0.102985 0.358306
0.516339 0.252044 0.11312 0.118497
9.9991E-05 0.36492 0.188182 0.446798
0.588992 9.9991E-05 0.341666 0.069242
0.413104 0.0595116 0.524786 0.00259826
0.39251 9.9991E-05 0.438517 0.168873
0.482433 0.0963116 0.421155 9.9991E-05
9.9982E-05 0.0223196 0.97748 9.9982E-05
0.513308 0.134553 0.28876 0.0633784
0.65409 0.00571082 0.254895 0.0853043
0.484764 9.9991E-05 0.415636 0.0995003
0.567543 0.112601 0.21865 0.101206
0.240267 0.0261098 0.733523 9.9991E-05
0.422695 0.174421 0.402783 9.9991E-05
0.687605 0.0202708 0.23846 0.0536644
0.435754 0.229948 0.218728 0.11557
0.470528 0.0300093 0.499363 9.9991E-05
0.548273 0.0219991 0.331823 0.0979049
0.582702 0.116453 0.282593 0.0182516
0.584003 0.0597205 0.312047 0.0442301
0.654256 0.150236 0.195408 9.9991E-05
0.49059 0.223085 0.227172 0.0591526
0.566553 0.105765 0.164035 0.163647
0.0742478 0.153501 9.9991E-05 0.772151
0.100107 0.0625721 9.9991E-05 0.837221
0.109884 0.0111758 0.0974925 0.781448
0.0553907 9.9991E-05 0.102597 0.841912
0.133942 9.9982E-05 9.9982E-05 0.865858
0.326282 0.00612144 0.571044 0.0965521
0.517279 0.101137 0.269548 0.112036
0.395485 0.20595 0.107661 0.290904
0.701713 0.086902 0.149693 0.0616916
0.631326 0.0176421 0.269838 0.0811938
0.31008 0.128396 0.537425 0.0240983
0.102985 9.9991E-05 0.685154 0.211761
0.593641 0.0834584 0.292514 0.0303858
0.262444 0.0727626 0.538476 0.126317
0.441545 0.134525 0.33386 0.0900699
0.204553 9.9991E-05 0.578124 0.217222
0.595488 0.124823 0.139277 0.140412
0.299509 9.9991E-05 0.543996 0.156395
0.35329 0.109312 0.452118 0.0852805
0.592365 0.0610058 0.247246 0.0993832
0.387282 0.0691809 0.484501 0.0590361
0.732851 9.9991E-05 0.164204 0.102845
0.654175 0.0441298 0.174489 0.127205
0.500646 9.9991E-05 0.478548 0.0207054
0.589495 0.105683 0.201172 0.10365
0.697666 0.0326851 0.211164 0.0584852
0.200459 9.9982E-05 0.799341 9.9982E-05
0.372452 0.0570616 0.570387 9.9991E-05
0.570024 0.0420117 0.361523 0.0264412
0.286838 9.9991E-05 0.695309 0.0177532
0.582826 0.014845 0.36101 0.0413192
0.278855 9.9991E-05 0.638365 0.0826795
0.261286 0.0939929 0.644621 9.9991E-05
0.498442 0.0521839 0.368795 0.0805793
0.629986 0.108835 0.176891 0.0842882
0.469798 9.9982E-05 0.530002 9.9982E-05
0.471939 0.156991 0.293088 0.0779812
0.663733 0.0258712 0.201683 0.108713
0.60011 0.0788705 0.271156 0.0498641
0.546234 0.0636445 0.335244 0.0548768
0.602486 0.0171472 0.288549 0.0918183
0.329771 0.0900011 0.580128 9.9991E-05
0.479507 0.080036 0.440357 9.9991E-05
0.716722 0.0837298 0.199448 9.9991E-05
0.621961 0.0753299 0.173116 0.129593
0.543198 0.00184758 0.35767 0.0972842
0.516064 0.158603 0.314097 0.0112364
0.431145 0.0681584 0.346454 0.154242
0.741423 0.0186592 0.178649 0.0612687
0.521605 0.123232 0.259907 0.0952563
0.654621 0.0596093 0.175879 0.10989
0.356955 0.216087 0.0685896 0.358369
0.513486 0.256433 0.0688289 0.161252
0.596524 0.208011 0.0378261 0.157639
0.533302 0.268351 0.138383 0.0599643
0.495796 0.242445 0.0836633 0.178096
0.572134 0.0513077 0.376459 9.9991E-05
0.497747 0.209779 0.101438 0.191036
9.9991E-05 0.252139 0.518323 0.229438
0.541869 0.242895 0.128052 0.0871844
0.546154 0.232823 0.0885433 0.132479
0.416165 0.341693 0.218141 0.0240011
0.344837 0.234597 0.263311 0.157255
0.587275 0.129334 0.0870766 0.196314
0.610579 0.223493 0.0593511 0.106577
9.9991E-05 0.271055 0.244361 0.484485
0.472604 0.22343 0.0661102 0.237856
0.434137 0.285503 0.0962576 0.184103
0.660416 0.192818 0.0804432 0.066323
0.552083 0.226793 0.0078224 0.213302
0.554505 0.176797 0.122754 0.145944
0.597405 0.0658748 0.281973 0.0547469
0.645209 0.0518882 0.163017 0.139885
0.191429 0.0241281 0.784343 9.9991E-05
0.19033 0.0240282 0.785542 9.9991E-05
0.490976 0.203918 0.301928 0.00317834
0.460749 0.319816 0.0339447 0.18549
0.308087 0.454389 0.125868 0.111656
0.0848991 0.401511 0.312257 0.201333
0.412762 0.302576 0.0454547 0.239208
0.124205 0.223279 0.606565 0.0459505
0.150564 0.266553 0.485073 0.0978102
0.572638 0.243619 0.183643 9.9991E-05
0.559791 0.175223 0.203571 0.061416
0.218564 0.250415 0.517184 0.0138362
0.573862 0.133154 0.208313 0.0846714
0.617246 0.199819 0.182836 9.9991E-05
0.469288 0.257896 0.198063 0.0747526
0.506111 9.9991E-05 0.458245 0.0355439
0.435735 0.0620392 0.502126 9.9991E-05
0.670267 0.0558314 0.213191 0.0607113
0.531148 0.062904 0.302353 0.103595
0.443861 0.177426 0.294627 0.0840864
0.556108 0.0709898 0.372802 9.9991E-05
0.347444 0.0544123 0.598043 9.9991E-05
0.64001 0.0821661 0.189144 0.0886796
0.326378 0.0920521 0.58147 9.9991E-05
0.537479 0.0641226 0.374346 0.0240517
0.623488 0.0953364 0.213448 0.067728
0.506857 0.0816353 0.33208 0.0794286
0.494508 0.194788 0.146733 0.163971
0.459062 0.175872 0.162465 0.2026
0.340645 0.326822 0.149281 0.183251
0.353497 0.244708 0.211571 0.190224
0.483819 0.190116 0.164153 0.161913
0.401794 0.275488 0.187031 0.135687
9.9991E-05 0.262256 0.54633 0.191314
0.550083 0.270326 0.111411 0.0681798
9.9991E-05 0.240952 0.380678 0.37827
0.547845 0.293493 0.0847276 0.0739345
0.338765 9.9982E-05 0.661035 9.9982E-05
0.0700084 0.0968066 0.833085 9.9991E-05
0.666354 0.0238079 0.309738 9.9991E-05
0.732465 0.0922054 0.139515 0.0358143
0.548466 9.9991E-05 0.438361 0.0130737
0.675916 0.0600527 0.263932 9.9991E-05
0.653155 0.099246 0.247499 9.9991E-05
0.117626 0.00258678 0.00494625 0.874841
0.0258565 0.1102 0.110165 0.753778
9.9982E-05 0.0817331 9.9982E-05 0.918067
0.0186211 9.9982E-05 9.9982E-05 0.981179
0.744447 9.9991E-05 0.186831 0.0686223
0.601582 0.0618878 0.213528 0.123002
0.800349 9.9991E-05 0.166973 0.0325781
0.763615 9.9991E-05 0.0906708 0.145614
0.591593 0.0909364 0.258899 0.0585711
0.499734 9.9991E-05 0.452911 0.0472546
0.793138 0.00184629 0.155846 0.0491691
0.583232 9.9982E-05 0.416568 9.9982E-05
0.559876 0.174536 9.9991E-05 0.265488
0.545773 0.100376 0.35375 9.9991E-05
0.585973 0.00914517 0.36724 0.0376421
0.709119 0.0609685 0.229813 9.9991E-05
0.654256 9.9991E-05 0.301215 0.0444291
0.780322 0.0216938 0.197884 9.9991E-05
0.67474 0.0414012 0.168463 0.115396
0.422199 9.9982E-05 0.577601 9.9982E-05
0.45917 0.0476947 0.493036 9.9991E-05
0.575075 9.9991E-05 0.415151 0.0096741
0.255568 9.9982E-05 0.744232 9.9982E-05
0.622629 9.9991E-05 0.273369 0.103902
0.357236 0.00283892 0.639825 9.9991E-05
0.190994 9.9982E-05 0.808806 9.9982E-05
0.744766 0.0373033 0.198656 0.0192748
0.490661 9.9991E-05 0.478435 0.0308042
0.612382 0.0441895 0.343328 9.9991E-05
0.682765 0.0879786 0.0834767 0.145779
0.740001 9.9982E-05 0.259799 9.9982E-05
0.469813 0.0459903 0.484097 9.9991E-05
0.651074 0.033817 0.244786 0.0703232
0.69804 0.0116964 0.235161 0.0551025
0.580442 9.9982E-05 0.419358 9.9982E-05
0.697035 0.0212639 0.168175 0.113527
0.0127824 9.9991E-05 0.264061 0.723057
0.0828278 0.000641341 0.106346 0.810184
9.9982E-05 9.9982E-05 0.122778 0.877022
9.9982E-05 9.9982E-05 0.131363 0.868437
0.0897281 9.9991E-05 0.136377 0.773795
0.426046 0.0074889 0.543058 0.0234068
0.42041 9.9991E-05 0.521113 0.0583763
0.46821 9.9982E-05 0.53159 9.9982E-05
0.610711 0.0905383 0.15296 0.14579
0.630622 0.110671 0.157108 0.101599
0.571484 0.0125894 0.415827 9.9991E-05
0.824769 0.103431 0.0693827 0.00241711
0.584439 0.0575477 0.300921 0.0570914
0.731501 0.0264654 0.239319 0.00271503
0.751929 0.105889 0.142082 9.9991E-05
0.506815 0.0236162 0.469468 9.9991E-05
0.658239 9.9991E-05 0.337295 0.00436586
0.584014 9.9982E-05 0.415786 9.9982E-05
0.743227 9.9991E-05 0.145429 0.111244
0.706501 9.9991E-05 0.276717 0.0166818
0.644701 0.0905304 0.245148 0.0196206
0.517748 0.417728 0.0327158 0.0318079
0.381409 0.501156 9.9991E-05 0.117335
0.421208 0.481908 9.9991E-05 0.0967844
0.297116 0.544064 9.9991E-05 0.15872
0.475368 0.368725 0.0424898 0.113418
0.576349 0.113924 0.309627 9.9991E-05
0.00415541 0.718276 0.0560217 0.221547
0.317814 0.494424 9.9991E-05 0.187663
0.4222 0.283988 0.165457 0.128355
0.701032 9.9991E-05 0.1248 0.174068
0.568002 0.0214898 0.270622 0.139886
0.584046 0.111549 0.181004 0.123401
0.663793 0.0581247 0.138272 0.13981
0.298613 0.481051 9.9991E-05 0.220237
0.406637 0.436231 0.0304501 0.126682
0.422406 0.519484 9.9991E-05 0.0580097
0.511102 0.333071 9.9991E-05 0.155726
0.309619 0.515202 0.0222459 0.152934
0.472975 0.350136 0.0122682 0.164621
0.244566 0.588007 0.0358537 0.131573
0.371695 0.473302 0.0570094 0.0979939
0.556122 0.132679 0.205249 0.105951
0.36321 0.42744 0.0387105 0.17064
0.193822 0.663137 9.9991E-05 0.142941
0.315517 0.422891 0.114273 0.147319
0.35522 0.00383605 0.435629 0.205314
0.628087 0.168671 0.203142 9.9991E-05
0.373463 0.360337 0.110603 0.155597
0.657558 0.0508968 0.100236 0.191309
0.572978 0.0468135 0.102132 0.278077
0.480114 0.18766 0.0647159 0.26751
0.386808 0.306119 0.0767714 0.230302
0.540167 0.290688 0.129271 0.0398736
0.349018 0.527114 0.0240815 0.0997872
0.436117 0.467747 9.9991E-05 0.0960363
0.193112 0.588753 9.9991E-05 0.218035
0.602496 0.161194 0.124837 0.111474
0.609317 9.9991E-05 0.193959 0.196624
0.183226 0.136139 0.533657 0.146978
0.616053 0.148897 0.100081 0.134969
0.529303 0.0232376 0.300386 0.147073
0.38895 0.282955 0.172097 0.155998
0.533285 0.114726 0.204127 0.147862
9.9991E-05 0.298071 0.379166 0.322663
9.9991E-05 0.255101 0.457028 0.287771
0.288004 0.22952 0.310629 0.171847
9.9991E-05 0.29414 0.363138 0.342621
9.9991E-05 0.320871 0.222829 0.456199
0.371965 0.22134 0.236637 0.170059
0.362355 0.253717 0.172643 0.211285
0.188936 0.240127 0.270303 0.300634
0.0472683 0.254995 0.348496 0.34924
0.446454 0.252278 0.189995 0.111272
0.0878849 0.278852 0.412757 0.220507
9.9991E-05 0.143826 0.318788 0.537286
0.64026 0.121149 0.0929446 0.145646
0.299161 0.296569 0.231135 0.173135
0.521318 0.151519 9.9991E-05 0.327063
0.529892 0.337287 9.9991E-05 0.132721
0.455131 0.308202 0.0522705 0.184397
0.501999 0.277168 0.0833906 0.137442
0.319893 0.263718 9.9991E-05 0.41629
0.575259 0.195489 9.9991E-05 0.229152
0.478969 0.268362 0.00235534 0.250314
0.365532 0.257204 0.128969 0.248295
0.358801 0.217373 0.266235 0.157591
0.50318 0.237194 0.145999 0.113627
0.559226 0.209389 0.0797396 0.151645
0.709649 0.0973399 0.0950724 0.0979391
0.277502 0.41466 0.069779 0.238058
0.513779 0.236386 0.061419 0.188416
0.164887 0.277423 0.155085 0.402605
0.540405 0.214601 9.9991E-05 0.244895
0.200055 0.374032 0.090241 0.335672
9.9982E-05 9.9982E-05 0.191283 0.808517
0.215556 9.9991E-05 0.519664 0.26468
0.0245591 9.9991E-05 0.819583 0.155758
0.10598 9.9991E-05 0.691011 0.202909
0.0922695 9.9991E-05 0.748995 0.158636
0.123471 9.9991E-05 0.698379 0.178051
0.197717 9.9991E-05 0.706881 0.0953022
0.0306144 9.9991E-05 0.767914 0.201371
0.104771 9.9991E-05 0.520406 0.374723
0.0380772 0.00539065 9.9991E-05 0.956432
0.081125 9.9991E-05 0.0720624 0.846713
0.033862 0.0418535 0.0181507 0.906134
0.0685974 9.9991E-05 0.0688275 0.862475
0.000719959 0.0446238 0.0385657 0.916091
9.9991E-05 0.0101847 0.0544402 0.935275
9.9991E-05 0.170473 0.0279671 0.801459
9.9991E-05 0.0842639 0.0315137 0.884122
0.0590395 0.0515405 0.0909429 0.798477
0.000934818 0.0748933 9.9991E-05 0.924072
9.9982E-05 9.9982E-05 0.00847363 0.991326
0.0169306 0.0871511 0.0734944 0.822424
0.00770351 0.0150833 9.9991E-05 0.977113
0.0189643 0.0609405 9.9991E-05 0.919995
0.067284 0.0829202 0.000259353 0.849536
0.101794 0.0751982 9.9991E-05 0.822908
0.0470832 0.22422 9.9991E-05 0.728597
0.0816173 0.13529 9.9991E-05 0.782993
0.110036 0.073293 9.9991E-05 0.816571
0.493216 0.0142828 0.319962 0.172539
0.786761 9.9991E-05 0.0801891 0.13295
0.580058 0.094783 0.171749 0.15341
0.19987 0.118851 0.606938 0.0743412
0.636848 9.9991E-05 0.127584 0.235468
0.182251 0.0763191 0.550854 0.190576
0.692564 0.0833263 0.135196 0.0889137
0.57699 9.9991E-05 0.283107 0.139803
0.606591 0.0142162 0.257405 0.121788
0.7064 9.9991E-05 0.208983 0.0845168
0.60647 9.9991E-05 0.272185 0.121245
0.685823 0.0639617 0.132834 0.117382
0.648223 0.0442061 0.166369 0.141203
0.0890162 0.101117 0.739438 0.0704289
9.9991E-05 0.0758961 0.873373 0.0506306
0.154977 0.150483 0.632903 0.0616369
0.674011 0.127109 0.122596 0.076284
0.640459 0.0126649 0.22438 0.122496
0.673849 0.00532976 0.16902 0.151801
0.63611 0.183548 0.126998 0.0533443
0.52696 0.222616 0.0306244 0.2198
0.591929 0.253013 0.00380605 0.151252
0.11589 0.206483 0.238939 0.438688
0.680258 0.0687109 0.0769905 0.17404
0.49416 0.154699 0.112988 0.238153
9.9991E-05 0.22836 0.342843 0.428697
0.352056 0.205928 0.137009 0.305006
0.310814 0.209692 0.106096 0.373398
0.496246 0.0715839 0.0429486 0.389221
0.482163 0.263295 0.0401556 0.214386
0.563663 0.20787 9.9991E-05 0.228366
0.551956 0.285655 9.9991E-05 0.162289
0.487495 0.144758 0.162335 0.205412
0.399319 0.169284 9.9991E-05 0.431297
