0.897475 0.102425 9.9991E-05
0.945185 0.0547151 9.9991E-05
0.80811 0.19179 9.9991E-05
0.839208 0.148324 0.0124682
0.875094 0.124806 9.9991E-05
0.676146 0.104948 0.218906
0.902768 0.0500115 0.0472203
0.812583 0.0923982 0.0950183
0.926004 9.9991E-05 0.0738961
0.747547 0.210894 0.0415588
0.806648 0.0226439 0.170708
0.100511 0.133543 0.765946
0.0227869 0.361037 0.616176
0.12723 0.12338 0.74939
0.0964612 0.244121 0.659417
0.180418 0.323 0.496583
0.0927934 0.398673 0.508534
0.0316878 0.317029 0.651283
0.174696 0.238795 0.586509
0.284174 9.9991E-05 0.715726
0.0680196 0.288409 0.643571
0.0706974 0.274835 0.654468
0.0310325 0.404695 0.564273
0.104939 0.223943 0.671117
0.0970776 0.511674 0.391248
0.043408 0.431137 0.525455
0.167273 0.13353 0.699197
0.17884 0.215324 0.605835
0.114498 0.109646 0.775857
0.805818 0.194082 9.9991E-05
0.791046 0.208854 9.9991E-05
0.772241 0.206786 0.0209725
0.699129 0.248667 0.0522039
0.000284011 0.346862 0.652854
9.9991E-05 0.36119 0.63871
9.9991E-05 0.341766 0.658134
0.244354 0.0348313 0.720815
9.9991E-05 0.2124 0.7875
0.0314803 0.326492 0.642027
9.9991E-05 0.470335 0.529565
0.0549847 0.413683 0.531332
0.033238 0.422252 0.54451
0.0454718 0.0383224 0.916206
0.0376121 0.39151 0.570878
0.0849636 0.436988 0.478049
0.100815 0.391531 0.507654
9.9991E-05 0.180413 0.819487
9.9991E-05 0.400268 0.599632
0.0538333 0.379781 0.566386
0.204236 9.9991E-05 0.795664
0.0830951 0.0201814 0.896723
0.19386 0.0380319 0.768108
0.0737534 0.374201 0.552046
0.031356 0.434562 0.534082
0.0372699 0.438773 0.523957
0.194054 0.0143319 0.791615
0.0079383 0.401143 0.590919
0.0599086 0.345312 0.59478
0.131227 0.221836 0.646937
0.342425 0.0319942 0.625581
0.0254506 0.304192 0.670358
0.0847871 0.328495 0.586718
0.206013 9.9991E-05 0.793887
9.9991E-05 0.261263 0.738637
9.9991E-05 0.457886 0.542015
0.0507739 0.372637 0.576589
0.0809796 0.196661 0.72236
0.0369384 0.312154 0.650907
0.0448199 0.410722 0.544459
0.145286 0.0375468 0.817167
9.9991E-05 0.241265 0.758635
0.030012 0.0870835 0.882904
0.0398739 0.350609 0.609517
0.0394906 9.9991E-05 0.960409
0.0334661 9.9991E-05 0.966434
9.9991E-05 0.174171 0.825729
9.9991E-05 0.23979 0.76011
0.0601941 0.41321 0.526596
0.029212 0.318095 0.652693
0.105438 0.0734918 0.82107
0.0721701 0.111977 0.815853
0.0027625 0.428964 0.568273
0.0386211 0.179901 0.781477
0.0119507 0.254416 0.733633
9.9991E-05 0.236149 0.763751
0.114631 9.9991E-05 0.885269
9.9991E-05 0.382281 0.617619
0.821155 0.14121 0.0376347
0.883141 0.116759 9.9991E-05
0.822038 0.177862 9.9991E-05
0.888484 0.111416 9.9991E-05
0.855348 0.138074 0.00657834
0.859308 0.140592 9.9991E-05
0.87602 0.12388 9.9991E-05
0.103235 0.392646 0.504119
0.0949003 0.408406 0.496694
0.070463 9.9991E-05 0.929437
9.9991E-05 0.406601 0.593299
9.9991E-05 0.25803 0.74187
9.9991E-05 0.351703 0.648197
0.0246208 0.316776 0.658603
9.9991E-05 0.377956 0.621944
0.102187 9.9991E-05 0.897713
0.074603 0.410899 0.514498
9.9991E-05 0.454252 0.545648
0.075399 0.394845 0.529756
9.9991E-05 0.207999 0.791901
9.9991E-05 0.324615 0.675285
0.0284028 0.287101 0.684496
9.9991E-05 0.26184 0.73806
0.00242837 0.26799 0.729582
0.0777303 0.302167 0.620103
0.103503 0.125907 0.77059
0.151597 0.314401 0.534002
0.0425663 0.32438 0.633053
0.0886749 0.380057 0.531268
0.0844471 0.289924 0.625629
9.9991E-05 0.370574 0.629326
0.070419 0.253888 0.675693
0.0314042 0.2892 0.679396
0.152308 0.368726 0.478966
0.0013609 0.334743 0.663896
0.0190787 0.250778 0.730143
9.9991E-05 0.403087 0.596813
0.000729484 0.436126 0.563145
9.9991E-05 0.372558 0.627342
0.0368259 0.473907 0.489268
9.9991E-05 0.426739 0.573161
0.142801 0.186906 0.670294
9.9991E-05 0.401106 0.598794
9.9991E-05 0.410945 0.588955
0.123733 0.151321 0.724946
0.160285 0.0460654 0.79365
0.0175051 0.333273 0.649222
0.0355667 0.0638109 0.900622
0.154085 0.0979635 0.747951
9.9991E-05 0.178789 0.821111
0.0887285 0.0748548 0.836417
0.0907966 0.149595 0.759608
0.0475381 0.37367 0.578792
0.0867946 0.381477 0.531729
0.00142878 0.366311 0.63226
0.100955 0.0733497 0.825695
0.159884 0.320287 0.519829
0.0476272 0.288615 0.663758
0.283587 9.9991E-05 0.716313
0.0670129 0.377925 0.555062
0.125825 0.233554 0.64062
0.0487976 0.359465 0.591738
0.192687 0.138153 0.66916
0.188462 0.0657949 0.745743
0.0819291 0.218715 0.699355
0.117839 0.374044 0.508117
0.140943 0.305129 0.553928
0.197917 0.106992 0.695091
0.109733 0.420059 0.470208
9.9991E-05 0.166015 0.833885
9.9991E-05 0.232271 0.767629
0.000310348 0.41201 0.58768
0.392624 0.355421 0.251955
0.780959 0.1346 0.0844413
0.674118 0.105243 0.220639
0.487638 0.440564 0.0717979
9.9991E-05 0.36517 0.63473
0.0868358 0.415696 0.497468
0.0136358 0.859921 0.126443
0.0130042 0.700416 0.28658
0.12952 0.640736 0.229744
0.000655751 0.178412 0.820932
0.0357086 0.321935 0.642357
0.126044 0.10822 0.765736
0.0262548 0.327157 0.646588
0.0790477 0.302396 0.618557
0.0188151 0.374394 0.606791
0.100577 0.0569279 0.842495
9.9991E-05 0.479852 0.520048
0.0813436 0.462624 0.456032
0.0733211 0.926579 9.9991E-05
0.0587566 0.941143 9.9991E-05
0.101636 0.750283 0.148081
0.056145 0.899966 0.0438892
0.098578 0.882228 0.0191938
0.0745948 0.925305 9.9991E-05
0.138826 0.861074 9.9991E-05
0.0190454 0.980855 9.9991E-05
0.0389823 0.960918 9.9991E-05
0.0493852 0.950515 9.9991E-05
0.0651834 0.934717 9.9991E-05
0.115011 0.876094 0.00889459
0.170013 0.815132 0.0148553
0.0815336 0.918366 9.9991E-05
0.0652937 0.585954 0.348752
0.0784061 0.797799 0.123795
0.0969579 0.902942 9.9991E-05
0.105067 0.894833 9.9991E-05
0.0434136 0.956486 9.9991E-05
0.107054 0.892846 9.9991E-05
0.0787809 0.921119 9.9991E-05
0.07866 0.805676 0.115664
0.141037 0.858863 9.9991E-05
0.519254 0.0381375 0.442609
0.196326 0.284153 0.519521
0.192503 0.339546 0.467951
0.344577 0.182618 0.472805
0.149248 0.341854 0.508899
0.313791 0.217003 0.469206
0.200952 0.370943 0.428105
0.222892 0.388883 0.388225
0.168008 0.42683 0.405161
0.190077 0.463692 0.346231
0.19721 0.336217 0.466573
0.859834 0.0668196 0.0733465
0.911942 0.087958 9.9991E-05
0.976847 0.0230533 9.9991E-05
0.934541 0.0653589 9.9991E-05
0.889908 0.109992 9.9991E-05
0.901666 0.0982337 9.9991E-05
0.864594 0.135306 9.9991E-05
0.917041 0.0780226 0.0049359
0.893478 0.106422 9.9991E-05
0.836098 0.163802 9.9991E-05
0.723734 9.9991E-05 0.276166
0.736102 0.00294919 0.260949
0.644409 9.9991E-05 0.355491
0.592186 9.9991E-05 0.407714
0.0326672 0.296316 0.671017
9.9991E-05 0.298076 0.701824
9.9991E-05 0.344317 0.655583
0.0699787 0.224963 0.705058
0.116245 0.0063631 0.877392
9.9991E-05 0.432762 0.567138
9.9991E-05 0.316333 0.683567
9.9991E-05 0.293746 0.706154
9.9991E-05 0.258997 0.740903
0.0272842 0.436243 0.536473
9.9991E-05 0.229178 0.770722
0.0534229 9.9991E-05 0.946477
0.0609722 0.344942 0.594085
0.00321414 0.102811 0.893974
9.9991E-05 0.297003 0.702897
0.109829 0.0110896 0.879081
0.330433 9.9991E-05 0.669467
0.307164 9.9991E-05 0.692736
0.249266 9.9991E-05 0.750634
0.338988 9.9991E-05 0.660912
0.237583 9.9991E-05 0.762317
0.285166 9.9991E-05 0.714734
0.868032 0.131868 9.9991E-05
0.835731 0.164169 9.9991E-05
0.724897 0.275003 9.9991E-05
0.774393 0.225507 9.9991E-05
0.792077 0.207823 9.9991E-05
0.582823 9.9991E-05 0.417077
0.611001 9.9991E-05 0.388899
0.563973 9.9991E-05 0.435927
0.81105 0.18885 9.9991E-05
0.539606 9.9991E-05 0.460294
0.303437 0.535666 0.160897
0.0887295 0.629778 0.281493
0.118588 0.643306 0.238106
0.260289 0.485989 0.253721
0.10959 0.479609 0.410801
0.589994 0.358232 0.0517742
0.0802886 0.230474 0.689237
0.0504795 0.179966 0.769554
0.198213 0.0870017 0.714786
9.9991E-05 0.251197 0.748703
0.0787034 9.9991E-05 0.921197
0.00510038 0.433785 0.561115
0.0296904 0.285115 0.685195
0.153343 0.104872 0.741785
0.0642374 0.425934 0.509828
0.0902663 9.9991E-05 0.909634
0.00475939 0.34661 0.648631
9.9991E-05 0.301582 0.698318
0.140146 0.431358 0.428496
9.9991E-05 0.246107 0.753793
0.0530008 0.271338 0.675661
9.9991E-05 0.386686 0.613214
9.9991E-05 0.293401 0.706499
9.9991E-05 0.440677 0.559223
9.9991E-05 0.365454 0.634446
0.0701628 0.392339 0.537498
0.763098 0.236802 9.9991E-05
0.821479 0.178421 9.9991E-05
0.851653 0.0825971 0.06575
0.817117 0.11301 0.0698727
0.824102 0.175798 9.9991E-05
0.180797 0.0795202 0.739683
0.051169 0.369133 0.579698
0.178137 0.442417 0.379446
9.9991E-05 0.419147 0.580753
0.0212407 0.312511 0.666248
0.149339 0.186448 0.664213
0.295773 9.9991E-05 0.704127
0.0701533 0.301427 0.62842
0.2366 0.00265558 0.760744
0.11628 0.256623 0.627096
0.270963 0.0536148 0.675422
0.0837609 0.443656 0.472584
0.247929 0.0448873 0.707184
0.126059 0.156234 0.717707
0.0429163 0.359769 0.597315
0.116104 0.130138 0.753759
0.0698135 0.280655 0.649532
0.0873129 0.328942 0.583745
0.0372995 0.152088 0.810613
0.0644774 0.381318 0.554205
0.0921356 0.285057 0.622807
0.0584934 9.9991E-05 0.941407
0.0940828 0.0805478 0.825369
9.9991E-05 0.287132 0.712768
0.101311 0.0172706 0.881418
9.9991E-05 0.238579 0.761321
0.171227 9.9991E-05 0.828673
9.9991E-05 0.125998 0.873902
0.101409 0.220938 0.677653
9.9991E-05 0.495648 0.504252
0.0283347 0.0569015 0.914764
0.110458 0.332274 0.557267
0.0131816 0.396897 0.589921
0.10853 0.278704 0.612766
9.9991E-05 0.363707 0.636193
0.0321981 0.284111 0.68369
0.0986352 0.123505 0.77786
0.0541629 0.225229 0.720608
9.9991E-05 0.357294 0.642606
9.9991E-05 0.402141 0.597759
0.0589558 0.280772 0.660272
9.9991E-05 0.349147 0.650753
0.167137 0.204603 0.62826
9.9991E-05 0.409833 0.590067
0.0371922 0.345443 0.617364
0.124573 0.359677 0.51575
0.316175 0.416165 0.26766
0.12794 0.476628 0.395432
0.185792 0.374642 0.439566
0.0383461 0.519977 0.441676
0.191088 0.514564 0.294347
9.9991E-05 0.270426 0.729474
0.120596 0.473017 0.406387
0.38756 0.168955 0.443485
0.0467584 0.493867 0.459375
0.0651213 0.467244 0.467635
0.051948 0.5234 0.424652
0.179359 0.336864 0.483777
0.188782 0.450815 0.360403
0.107095 0.582342 0.310563
0.67749 0.16427 0.158241
0.120888 0.554574 0.324538
0.154711 0.504625 0.340665
0.0796117 0.474551 0.445837
0.12107 0.588956 0.289974
0.195179 0.447232 0.357589
0.0186888 0.327094 0.654218
0.120116 0.359838 0.520047
0.0260538 9.9991E-05 0.973846
0.102843 9.9991E-05 0.897057
0.0478072 0.380743 0.571449
0.170534 0.566105 0.263361
0.129235 0.592591 0.278175
0.280084 0.457336 0.262581
0.207692 0.538879 0.253429
0.180754 0.180403 0.638843
0.232286 0.193088 0.574626
0.0119305 0.415898 0.572172
0.040318 0.412484 0.547198
0.0932926 0.253618 0.65309
0.0160781 0.455177 0.528745
9.9991E-05 0.49924 0.50066
0.049498 0.459558 0.490944
0.0429285 0.151996 0.805075
0.00712746 0.176933 0.81594
0.0250629 0.321227 0.65371
0.05599 0.298431 0.645579
0.0419969 0.401558 0.556445
9.9991E-05 0.26326 0.73664
0.0713818 0.0760603 0.852558
9.9991E-05 0.365675 0.634225
0.00687601 0.102474 0.89065
9.9991E-05 0.279863 0.720037
9.9991E-05 0.373883 0.626017
9.9991E-05 0.34668 0.65322
0.148057 0.558367 0.293576
0.163519 0.396894 0.439587
0.150812 0.514001 0.335187
0.175268 0.433783 0.390949
0.0924786 0.39529 0.512231
0.206779 0.417089 0.376131
0.350908 0.114216 0.534876
0.0640061 0.596219 0.339775
0.556881 0.135709 0.30741
0.00884252 0.546322 0.444835
9.9991E-05 0.0269208 0.972979
0.0934524 9.9991E-05 0.906448
9.9991E-05 0.275077 0.724823
9.9991E-05 0.441462 0.558438
9.9991E-05 0.209463 0.790437
9.9991E-05 0.327178 0.672723
9.9991E-05 0.277416 0.722484
0.804338 0.163869 0.0317928
0.814973 0.120706 0.0643214
0.923868 0.076032 9.9991E-05
0.896628 0.103272 9.9991E-05
0.0190599 0.314992 0.665948
0.02839 0.320015 0.651595
9.9991E-05 0.246261 0.753639
9.9991E-05 0.419411 0.580489
0.0359241 0.440248 0.523828
0.0230588 0.137922 0.839019
9.9991E-05 0.395192 0.604708
0.0415872 0.189002 0.76941
0.205593 0.522728 0.271679
9.9991E-05 0.287213 0.712687
9.9991E-05 0.171297 0.828603
9.9991E-05 0.328591 0.671309
0.0136169 0.14116 0.845223
9.9991E-05 0.374726 0.625174
0.0134292 0.329165 0.657405
9.9991E-05 0.0295682 0.970332
9.9991E-05 0.209365 0.790535
0.0402975 0.179144 0.780558
0.0104222 9.9991E-05 0.989478
0.0268517 0.280779 0.692369
0.0430929 9.9991E-05 0.956807
0.0820011 9.9991E-05 0.917899
0.0128349 0.403871 0.583294
0.0925331 0.10338 0.804087
0.0154751 0.270687 0.713838
0.050711 0.387559 0.56173
9.9991E-05 0.316472 0.683428
9.9991E-05 0.172945 0.826955
9.9991E-05 0.306801 0.693099
0.058226 0.319732 0.622042
9.9991E-05 0.143755 0.856145
9.9991E-05 0.405141 0.594759
0.728952 9.9991E-05 0.270948
0.77915 0.0684711 0.152379
0.900176 9.9991E-05 0.0997236
0.895692 9.9991E-05 0.104208
0.836425 9.9991E-05 0.163475
0.0300842 0.0608117 0.909104
0.107048 0.014533 0.878419
9.9991E-05 0.087857 0.912043
0.109003 0.410039 0.480958
0.0790543 0.446983 0.473962
0.0488095 0.21224 0.738951
9.9991E-05 0.382333 0.617567
0.0150169 0.30987 0.675113
9.9991E-05 0.32823 0.67167
0.0137352 0.392659 0.593606
0.0225773 0.157073 0.820349
9.9991E-05 0.186666 0.813234
9.9991E-05 0.173072 0.826828
0.076055 0.401013 0.522932
9.9991E-05 0.243703 0.756197
0.0583614 0.311409 0.63023
0.121402 0.695063 0.183535
0.143169 0.718415 0.138416
0.102548 0.711014 0.186438
0.188293 0.688053 0.123654
0.100953 0.645739 0.253308
0.00779366 0.301688 0.690518
0.273478 0.726422 9.9991E-05
0.208043 0.725617 0.0663397
0.13943 0.476203 0.384367
0.154887 0.308257 0.536856
0.143429 0.276499 0.580071
0.137272 0.357804 0.504925
0.0536851 0.453558 0.492757
0.194107 0.704563 0.10133
0.0608912 0.64322 0.295888
0.0894465 0.772444 0.13811
0.0927079 0.600985 0.306307
0.161541 0.726702 0.111757
0.167489 0.570194 0.262317
0.219264 0.69094 0.0897966
0.0236638 0.676987 0.299349
0.067262 0.318784 0.613954
0.176838 0.646243 0.176919
0.239206 0.760694 9.9991E-05
0.0812059 0.584234 0.33456
0.25617 0.0946655 0.649164
0.0100321 0.443727 0.546241
0.165732 0.588328 0.24594
0.0565581 0.385049 0.558393
0.151805 0.273577 0.574618
0.274809 0.397146 0.328045
0.241481 0.552252 0.206266
0.0808258 0.485369 0.433805
0.114063 0.608666 0.277271
0.0556542 0.823007 0.121339
0.281757 0.718143 9.9991E-05
0.0409301 0.430428 0.528642
0.0632338 0.246623 0.690143
0.222275 0.122241 0.655483
0.0768279 0.458937 0.464235
0.14143 0.275377 0.583193
0.180102 0.431935 0.387963
0.140569 0.296971 0.56246
0.523108 0.179377 0.297515
0.508499 0.146603 0.344898
0.205531 0.280581 0.513888
0.478352 0.231693 0.289955
0.622066 0.260268 0.117665
0.0892954 0.420524 0.490181
0.17815 0.393417 0.428433
0.326779 0.270576 0.402645
0.397723 0.233907 0.36837
0.150216 0.418241 0.431543
0.304024 0.22464 0.471336
0.658968 0.0707971 0.270235
0.127751 0.440981 0.431268
0.200825 0.425051 0.374124
0.258217 0.512661 0.229121
0.115771 0.661261 0.222968
0.101668 0.552289 0.346042
0.191628 0.514551 0.293821
0.375859 0.456679 0.167462
0.167092 0.499305 0.333603
0.222866 0.539637 0.237497
0.277976 0.457969 0.264054
0.154302 0.321366 0.524332
0.0607255 0.515983 0.423292
0.104561 0.467246 0.428193
0.10482 0.441433 0.453747
0.227695 0.540594 0.231711
0.149917 0.572612 0.277471
0.462362 0.331242 0.206396
0.129443 0.610023 0.260535
0.326465 0.464724 0.208812
0.843703 0.0552569 0.10104
0.270087 9.9991E-05 0.729813
0.24579 9.9991E-05 0.75411
0.259945 9.9991E-05 0.739955
0.200762 9.9991E-05 0.799138
0.269536 9.9991E-05 0.730364
0.226154 9.9991E-05 0.773746
0.273148 9.9991E-05 0.726752
0.420037 9.9991E-05 0.579863
0.920196 0.079704 9.9991E-05
0.849834 0.097918 0.0522478
0.908936 0.090964 9.9991E-05
0.853838 0.0649401 0.0812222
0.877595 0.122305 9.9991E-05
0.941634 0.0582661 9.9991E-05
0.801444 0.198456 9.9991E-05
0.861819 0.138081 9.9991E-05
0.716555 0.13367 0.149774
0.860967 0.138933 9.9991E-05
0.976825 0.0230753 9.9991E-05
0.850568 0.123487 0.0259445
0.923954 0.0759459 9.9991E-05
0.879702 0.120198 9.9991E-05
0.824588 0.175312 9.9991E-05
0.785665 0.214236 9.9991E-05
0.750499 0.249401 9.9991E-05
0.772998 0.226902 9.9991E-05
0.792845 0.207055 9.9991E-05
0.143169 0.193088 0.663743
0.0153241 0.444018 0.540658
0.0941451 0.428454 0.477401
0.168067 0.0875226 0.74441
0.0974371 0.293047 0.609516
0.302981 0.0422254 0.654794
0.0247002 0.48634 0.48896
0.114427 0.185604 0.699969
0.0984986 0.312257 0.589245
9.9991E-05 0.289103 0.710797
0.0771807 0.276072 0.646747
0.0362599 0.384709 0.579031
0.0465977 0.366681 0.586721
0.0905744 0.000986304 0.908439
0.195215 9.9991E-05 0.804685
0.231547 0.0407889 0.727664
0.0348239 0.440479 0.524697
0.0764559 0.316998 0.606546
0.0308986 0.370947 0.598154
0.0640436 0.322007 0.61395
0.111491 0.518034 0.370475
0.0963999 0.579722 0.323878
0.48935 0.232335 0.278315
0.0671564 0.390774 0.542069
0.233875 0.35327 0.412855
0.604885 0.159019 0.236096
0.293358 0.438256 0.268386
0.371306 0.361172 0.267521
0.29742 0.337491 0.365089
0.129512 0.507002 0.363487
0.13447 0.499892 0.365638
0.0549829 0.488799 0.456218
0.232122 0.367551 0.400328
0.453998 0.390523 0.155479
