9.9991E-05 0.0925669 0.907333
9.999E-05 0.0363353 0.963565
9.999E-05 0.176547 0.823353
9.999E-05 0.172381 0.827519
9.9991E-05 0.131603 0.868297
0.183161 0.137422 0.679417
0.0557648 0.0916805 0.852555
0.132093 0.0463326 0.821574
0.0514922 9.9991E-05 0.948408
0.066714 0.184768 0.748518
0.151252 0.0231746 0.825573
0.731019 0.177023 0.0919573
0.612865 0.387035 9.9991E-05
0.671784 0.166684 0.161531
0.518077 0.321335 0.160588
0.520472 0.309988 0.16954
0.543575 0.438825 0.0176004
0.647801 0.334092 0.0181068
0.5693 0.250935 0.179766
0.763276 9.9991E-05 0.236624
0.606286 0.312604 0.0811102
0.649585 0.330749 0.0196656
0.63187 0.35916 0.00897078
0.666365 0.234882 0.0987533
0.527408 0.458919 0.0136728
0.575274 0.374563 0.0501626
0.684539 0.168699 0.146762
0.603404 0.266759 0.129837
0.750061 0.110927 0.139012
9.9991E-05 0.202097 0.797803
9.9991E-05 0.19048 0.80942
9.9991E-05 0.222337 0.777563
0.0401509 0.254807 0.705042
0.676645 0.323255 9.9991E-05
0.547287 0.433798 0.0189152
0.644217 0.355683 9.9991E-05
0.772432 0.00109136 0.226476
0.769965 0.216619 0.0134166
0.567753 0.364182 0.0680647
0.559382 0.440518 9.9991E-05
0.540331 0.399011 0.0606584
0.557171 0.4058 0.0370296
0.893996 0.047648 0.0583565
0.563466 0.428691 0.00784259
0.549075 0.450825 9.9991E-05
0.509339 0.490561 9.9991E-05
0.840052 0.159848 9.9991E-05
0.595494 0.3704 0.0341067
0.554078 0.381767 0.0641547
0.830765 9.9991E-05 0.169135
0.847476 0.0656088 0.0869157
0.81724 0.0433511 0.139409
0.449975 0.465624 0.0844017
0.467777 0.470984 0.0612398
0.508132 0.491768 9.9991E-05
0.755962 0.0252139 0.218824
0.639774 0.360126 9.9991E-05
0.53141 0.426043 0.042547
0.654835 0.221432 0.123733
0.603306 0.0777919 0.318902
0.572455 0.391135 0.0364104
0.619217 0.248651 0.132132
0.789841 9.9991E-05 0.210059
0.641978 0.337386 0.0206359
0.559771 0.430014 0.0102147
0.528559 0.423298 0.0481437
0.70725 0.19151 0.10124
0.658606 0.341294 9.9991E-05
0.537333 0.405293 0.0573745
0.829203 0.0283087 0.142488
0.761997 0.237903 9.9991E-05
0.849804 0.11604 0.0341561
0.53858 0.358249 0.103171
0.947871 9.9991E-05 0.0520288
0.998787 9.9991E-05 0.00111279
0.851344 0.148556 9.9991E-05
0.74027 0.25963 9.9991E-05
0.567458 0.345389 0.0871527
0.72357 0.27633 9.9991E-05
0.800137 0.121949 0.0779134
0.795172 0.170758 0.0340699
0.587011 0.404813 0.00817619
0.732489 0.248548 0.018963
0.72265 0.274716 0.00263393
0.814709 0.185191 9.9991E-05
0.935389 9.9991E-05 0.0645114
0.613513 0.386387 9.9991E-05
9.9991E-05 0.18125 0.81865
9.9991E-05 0.105717 0.894183
9.9991E-05 0.156915 0.842985
9.9991E-05 0.123862 0.876038
9.9991E-05 0.124957 0.874943
9.9991E-05 0.115469 0.884431
9.9991E-05 0.102904 0.896996
0.541258 0.400676 0.0580658
0.518013 0.420293 0.0616937
0.95028 9.9991E-05 0.0496205
0.455851 0.502023 0.0421259
0.700727 0.296863 0.00241049
0.5724 0.4275 9.9991E-05
0.666654 0.333246 9.9991E-05
0.683414 0.316486 9.9991E-05
0.892394 9.9991E-05 0.107506
0.495711 0.405933 0.0983561
0.488262 0.498673 0.0130656
0.515873 0.412314 0.0718133
0.814279 0.165482 0.0202395
0.687614 0.312286 9.9991E-05
0.711399 0.288501 9.9991E-05
0.737683 0.262217 9.9991E-05
0.717774 0.282126 9.9991E-05
0.509325 0.419566 0.0711092
0.68607 0.135296 0.178634
0.512547 0.353113 0.13434
0.579391 0.350516 0.0700934
0.5563 0.4436 9.9991E-05
0.70184 0.262868 0.0352922
0.621274 0.357314 0.0214121
0.669468 0.311772 0.0187596
0.585794 0.317569 0.0966369
0.506766 0.448544 0.0446906
0.64076 0.322699 0.0365407
0.719036 0.258725 0.0222391
0.531025 0.468875 9.9991E-05
0.545888 0.418399 0.0357123
0.62674 0.37316 9.9991E-05
0.570679 0.42656 0.00276103
0.595654 0.372472 0.0318737
0.656767 0.19071 0.152523
0.535518 0.440695 0.0237873
0.53662 0.46328 9.9991E-05
0.739126 0.156051 0.104823
0.743584 0.100764 0.155651
0.658531 0.288797 0.0526717
0.869736 0.0497928 0.0804714
0.773381 0.118524 0.108095
0.730141 0.232342 0.0375162
0.767724 0.132614 0.0996619
0.803999 0.13837 0.0576312
0.521097 0.422275 0.0566281
0.480022 0.423677 0.0963007
0.618803 0.341688 0.0395083
0.795983 0.0864474 0.11757
0.416582 0.457953 0.125464
0.517845 0.434877 0.0472783
0.690571 9.9991E-05 0.309329
0.448165 0.466686 0.085149
0.635344 0.249446 0.11521
0.555941 0.392316 0.0517426
0.630929 0.15789 0.211181
0.754377 0.0684233 0.1772
0.671269 0.269724 0.0590071
0.467036 0.423559 0.109405
0.470734 0.364814 0.164452
0.651778 0.131756 0.216466
0.580915 0.384678 0.0344071
0.766733 0.233167 9.9991E-05
0.724274 0.275626 9.9991E-05
0.479013 0.464815 0.0561724
0.250808 0.345739 0.403453
0.0943317 0.1508 0.754869
0.193462 0.119471 0.687067
0.0499825 0.462005 0.488013
0.629245 0.370655 9.9991E-05
0.499387 0.447533 0.0530795
0.102279 0.897621 9.9991E-05
0.305586 0.660549 0.0338647
0.283373 0.653534 0.0630934
0.736935 0.234655 0.0284107
0.538956 0.372721 0.0883227
0.808639 0.10667 0.084691
0.630657 0.369243 9.9991E-05
0.639779 0.287658 0.0725633
0.57367 0.410463 0.0158668
0.779261 0.108884 0.111856
0.529746 0.463081 0.00717348
0.535419 0.423481 0.0410995
9.9991E-05 0.933656 0.0662445
9.9991E-05 0.971175 0.0287251
0.170412 0.740098 0.0894893
0.0924388 0.898429 0.00913234
0.0269672 0.907229 0.0658037
9.9991E-05 0.94602 0.0538798
9.9991E-05 0.926924 0.0729757
9.9991E-05 0.984681 0.015219
9.9991E-05 0.976357 0.0235433
9.9991E-05 0.960487 0.0394129
9.9991E-05 0.923774 0.0761262
0.012199 0.888937 0.0988637
9.9991E-05 0.897754 0.102146
9.9991E-05 0.931899 0.068001
0.387056 0.612844 9.9991E-05
0.111632 0.776339 0.112029
0.0232406 0.896337 0.0804221
9.9991E-05 0.929447 0.0704535
9.9991E-05 0.920033 0.0798669
9.9991E-05 0.911594 0.0883056
9.9991E-05 0.946463 0.0534366
0.091858 0.7752 0.132942
9.9991E-05 0.899166 0.100734
0.416756 0.0500782 0.533166
0.510911 0.296409 0.19268
0.458484 0.292856 0.24866
0.427417 0.272932 0.299651
0.428042 0.468974 0.102984
0.400981 0.26645 0.332569
0.454372 0.372398 0.17323
0.415197 0.402915 0.181888
0.402824 0.40761 0.189567
0.333287 0.413806 0.252907
0.407204 0.41747 0.175326
0.0356037 0.0948739 0.869522
9.9991E-05 0.115607 0.884293
9.9991E-05 0.0585393 0.941361
9.9991E-05 0.0507652 0.949135
9.9991E-05 0.0920284 0.907872
9.9991E-05 0.120827 0.879073
9.9991E-05 0.147499 0.852401
0.0166137 0.0746549 0.908731
9.9991E-05 0.110513 0.889387
9.9991E-05 0.150799 0.849101
0.263576 9.9991E-05 0.736324
0.26412 0.0204669 0.715413
0.316579 9.9991E-05 0.683321
0.401364 9.9991E-05 0.598536
0.703259 0.296641 9.9991E-05
0.669268 0.330632 9.9991E-05
0.681176 0.318724 9.9991E-05
0.713525 0.230075 0.0564004
0.857427 0.0450655 0.0975071
0.526077 0.473823 9.9991E-05
0.700306 0.299594 9.9991E-05
0.665502 0.334398 9.9991E-05
0.725035 0.274865 9.9991E-05
0.572936 0.39599 0.0310742
0.749191 0.250709 9.9991E-05
0.966455 9.9991E-05 0.0334447
0.620534 0.335321 0.0441449
0.82178 0.132335 0.0458854
0.702476 0.292675 0.00484887
0.926611 9.9991E-05 0.0732889
0.672312 9.9991E-05 0.327588
0.691886 9.9991E-05 0.308014
0.730691 9.9991E-05 0.269209
0.660115 9.9991E-05 0.339785
0.765347 9.9991E-05 0.234553
0.695768 0.0237286 0.280503
9.9991E-05 0.136917 0.862983
9.9991E-05 0.128382 0.871518
9.9991E-05 0.24967 0.75023
0.00069459 0.202682 0.796623
9.9991E-05 0.194876 0.805024
0.400591 9.9991E-05 0.599309
0.386302 9.9991E-05 0.613598
0.416376 9.9991E-05 0.583524
9.9991E-05 0.199194 0.800706
0.483646 9.9991E-05 0.516254
0.162777 0.585111 0.252112
0.241969 0.58765 0.170381
0.205519 0.643399 0.151083
0.270099 0.469965 0.259936
0.34279 0.505256 0.151954
0.0853 0.347631 0.567069
0.741027 0.258873 9.9991E-05
0.779848 0.190662 0.0294894
0.683968 0.109189 0.206843
0.717674 0.282226 9.9991E-05
0.918696 9.9991E-05 0.081204
0.537105 0.389745 0.0731501
0.702842 0.24494 0.0522185
0.76983 0.128917 0.101253
0.51826 0.385129 0.0966108
0.903033 9.9991E-05 0.0968665
0.667779 0.285656 0.0465651
0.671287 0.322765 0.00594846
0.361543 0.455522 0.182936
0.758287 0.241613 9.9991E-05
0.707073 0.270332 0.0225958
0.553644 0.405169 0.0411869
0.710237 0.289663 9.9991E-05
0.582512 0.417388 9.9991E-05
0.588679 0.385701 0.02562
0.59155 0.37423 0.0342192
9.9991E-05 0.233878 0.766022
9.9991E-05 0.156173 0.843727
0.0735797 0.109732 0.816689
0.0950565 0.0814024 0.823541
9.9991E-05 0.193311 0.806589
0.779701 0.0873147 0.132984
0.604292 0.359432 0.0362753
0.418981 0.416201 0.164819
0.592556 0.38743 0.0200136
0.590001 0.359622 0.0503773
0.694735 0.201108 0.104157
0.694771 9.9991E-05 0.305129
0.664952 0.306487 0.0285608
0.71834 0.094879 0.186781
0.625515 0.304847 0.069638
0.684683 0.013484 0.301833
0.50051 0.471026 0.0284637
0.743789 0.0760533 0.180158
0.673966 0.239878 0.0861558
0.608944 0.354893 0.0361634
0.783074 0.100772 0.116154
0.577204 0.352375 0.0704212
0.545208 0.361902 0.0928901
0.814231 0.16647 0.0192988
0.535564 0.407885 0.0565515
0.602727 0.338972 0.0583009
0.929945 9.9991E-05 0.0699549
0.803866 0.119996 0.0761377
0.658502 0.278172 0.0633259
0.864119 0.0219946 0.113887
0.73219 0.247313 0.020497
0.8446 0.00201834 0.153382
0.857292 0.142608 9.9991E-05
0.658196 0.289625 0.0521797
0.549235 0.450665 9.9991E-05
0.840115 0.0873602 0.0725252
0.501419 0.452948 0.0456337
0.532432 0.393452 0.0741161
0.615387 0.359627 0.0249865
0.584929 0.37968 0.0353907
0.655793 0.256091 0.0881167
0.758729 0.163079 0.0781921
0.683381 0.254551 0.0620681
0.63574 0.36416 9.9991E-05
0.597572 0.363258 0.0391701
0.683371 0.235503 0.0811259
0.620325 0.379575 9.9991E-05
0.617307 0.256557 0.126137
0.643974 0.355926 9.9991E-05
0.621429 0.344654 0.0339165
0.477749 0.414041 0.108211
0.259712 0.41527 0.325018
0.373815 0.483437 0.142748
0.362119 0.434918 0.202963
0.460189 0.504965 0.0348455
0.341372 0.48226 0.176367
0.654141 0.345759 9.9991E-05
0.387387 0.426767 0.185846
0.46536 0.156003 0.378637
0.397617 0.477323 0.12506
0.402681 0.557057 0.0402626
0.366202 0.55317 0.0806279
0.442678 0.353639 0.203683
0.342546 0.53769 0.119764
0.333983 0.601859 0.0641579
0.175066 0.190775 0.634159
0.265127 0.541985 0.192887
0.342768 0.554888 0.102344
0.338948 0.53161 0.129442
0.322543 0.492432 0.185025
0.374821 0.453397 0.171782
0.646203 0.303686 0.050111
0.557048 0.415116 0.0278359
0.938891 9.9991E-05 0.0610087
0.937801 9.9991E-05 0.0620993
0.543727 0.385196 0.0710763
0.299164 0.604893 0.0959432
0.279199 0.606881 0.11392
0.255941 0.442964 0.301095
0.277324 0.535784 0.186893
0.629402 0.145862 0.224736
0.621795 0.204648 0.173557
0.554946 0.444954 9.9991E-05
0.529987 0.444238 0.0257751
0.588941 0.268631 0.142428
0.525309 0.390627 0.084064
0.503357 0.496543 9.9991E-05
0.509667 0.426818 0.0635151
0.809829 0.151254 0.0389167
0.7564 0.2435 9.9991E-05
0.626929 0.372971 9.9991E-05
0.620828 0.22993 0.149242
0.522073 0.384191 0.0937362
0.73607 0.26383 9.9991E-05
0.871896 0.109912 0.018192
0.578966 0.420934 9.9991E-05
0.88488 0.11423 0.000889053
0.713914 0.250139 0.0359473
0.572847 0.372554 0.0545987
0.676658 0.323242 9.9991E-05
0.366212 0.487437 0.146351
0.452917 0.40747 0.139614
0.362498 0.52153 0.115972
0.400654 0.44044 0.158906
0.293891 0.463323 0.242786
0.443948 0.445653 0.110399
0.50704 0.126975 0.365985
0.353329 0.524928 0.121743
0.309354 0.145361 0.545285
0.452462 0.547438 9.9991E-05
0.954653 9.9991E-05 0.0452473
0.895487 9.9991E-05 0.104413
0.736961 0.262939 9.9991E-05
0.567216 0.432684 9.9991E-05
0.785413 0.204136 0.0104509
0.676942 0.322958 9.9991E-05
0.641979 0.357921 9.9991E-05
0.0605182 0.131542 0.807939
0.100377 0.105819 0.793804
9.9991E-05 0.105497 0.894403
9.9991E-05 0.085748 0.914152
0.645301 0.339579 0.0151202
0.612378 0.387522 9.9991E-05
0.68936 0.31054 9.9991E-05
0.558307 0.420239 0.0214546
0.561905 0.386127 0.0519684
0.829684 0.118385 0.0519314
0.579993 0.419907 9.9991E-05
0.822926 0.176974 9.9991E-05
0.272531 0.473688 0.253781
0.691441 0.308459 9.9991E-05
0.816766 0.177426 0.00580805
0.681197 0.318703 9.9991E-05
0.802998 0.196902 9.9991E-05
0.641398 0.358502 9.9991E-05
0.620338 0.379562 9.9991E-05
0.994792 0.0051082 9.9991E-05
0.825528 0.151669 0.0228029
0.796728 0.203172 9.9991E-05
0.996686 9.9991E-05 0.00321362
0.713482 0.271041 0.0154768
0.857765 0.0677253 0.0745098
0.94137 9.9991E-05 0.05853
0.668563 0.331337 9.9991E-05
0.845772 0.113832 0.0403959
0.672012 0.327888 9.9991E-05
0.490188 0.411794 0.0980181
0.696997 0.302903 9.9991E-05
0.74298 0.25692 9.9991E-05
0.684512 0.315388 9.9991E-05
0.655306 0.344594 9.9991E-05
0.838684 0.161216 9.9991E-05
0.577438 0.382895 0.0396669
0.248461 0.0069613 0.744578
0.165537 0.0492796 0.785183
0.119803 9.9991E-05 0.880097
0.12425 9.9991E-05 0.87565
0.182464 9.9991E-05 0.817436
0.823859 0.0938166 0.0823247
0.874513 9.9991E-05 0.125387
0.906283 0.093617 9.9991E-05
0.599313 0.364637 0.0360499
0.481066 0.470443 0.0484908
0.809315 0.18713 0.0035553
0.635946 0.363954 9.9991E-05
0.725274 0.274626 9.9991E-05
0.658415 0.32959 0.0119952
0.612415 0.387485 9.9991E-05
0.82318 0.17672 9.9991E-05
0.803749 0.196151 9.9991E-05
0.851494 0.148406 9.9991E-05
0.489013 0.408043 0.102944
0.756589 0.240533 0.00287728
0.684674 0.315226 9.9991E-05
0.232093 0.717612 0.0502948
0.208645 0.685178 0.106177
0.118542 0.742683 0.138775
0.102545 0.667108 0.230347
0.270615 0.588671 0.140714
0.66524 0.33466 9.9991E-05
9.9991E-05 0.691616 0.308284
0.186316 0.681971 0.131713
0.429923 0.453246 0.116831
0.499906 0.38355 0.116544
0.609748 0.293141 0.097111
0.457571 0.407299 0.13513
0.458443 0.479753 0.0618041
0.0583854 0.778891 0.162724
0.188004 0.661475 0.150521
0.0840179 0.817826 0.0981557
0.34002 0.50894 0.151041
0.174463 0.714102 0.111435
0.255534 0.649943 0.094523
0.0656658 0.736751 0.197583
0.207036 0.695956 0.097008
0.625018 0.294029 0.0809536
0.272959 0.56628 0.160761
9.9991E-05 0.763174 0.236726
0.291458 0.569385 0.139157
0.658807 0.0697029 0.27149
0.514462 0.485438 9.9991E-05
0.279609 0.578936 0.141455
0.490566 0.432997 0.0764368
0.568378 0.29854 0.133082
0.351853 0.435444 0.212703
0.181759 0.577759 0.240482
0.500833 0.499067 9.9991E-05
0.283601 0.666048 0.0503501
0.142237 0.700561 0.157202
9.9991E-05 0.754694 0.245206
0.426755 0.500937 0.0723083
0.596326 0.276738 0.126935
0.654291 0.100767 0.244942
0.492691 0.435369 0.0719401
0.555533 0.305174 0.139292
0.399204 0.43886 0.161935
0.450109 0.395093 0.154798
0.310755 0.170285 0.518961
0.351095 0.132103 0.516802
0.447619 0.300914 0.251467
0.31045 0.229538 0.460012
0.190316 0.213677 0.596006
0.48762 0.354336 0.158043
0.319695 0.398534 0.28177
0.333715 0.301327 0.364958
0.36835 0.190253 0.441397
0.454552 0.405709 0.13974
0.444698 0.226629 0.328673
0.253531 0.0703069 0.676162
0.399544 0.494678 0.105778
0.312506 0.440517 0.246977
0.316625 0.41365 0.269726
0.25119 0.653682 0.0951287
0.323908 0.589925 0.0861675
0.282669 0.59029 0.127041
0.201074 0.431425 0.367502
0.241027 0.560158 0.198815
0.203638 0.598332 0.19803
0.23998 0.453309 0.306711
0.445984 0.34739 0.206627
0.396771 0.505706 0.0975225
0.324604 0.501171 0.174225
0.407994 0.53899 0.0530162
0.176529 0.52736 0.296111
0.255712 0.544687 0.199601
0.180496 0.410262 0.409242
0.233887 0.596209 0.169904
0.235163 0.458557 0.30628
0.109991 0.0452581 0.84475
0.706695 9.9991E-05 0.293205
0.74144 9.9991E-05 0.25846
0.732494 9.9991E-05 0.267406
0.81115 9.9991E-05 0.18875
0.729204 9.9991E-05 0.270696
0.802145 9.9991E-05 0.197755
0.709468 9.9991E-05 0.290432
0.571702 9.9991E-05 0.428198
9.9991E-05 0.116591 0.883309
0.0347297 0.122553 0.842717
9.9991E-05 0.136837 0.863063
0.0606051 0.0717861 0.867609
9.9991E-05 0.114902 0.884998
9.9991E-05 0.038266 0.961634
0.0529841 0.193176 0.753839
9.9991E-05 0.160569 0.839331
0.0921856 0.164095 0.743719
9.9991E-05 0.11403 0.88587
9.9991E-05 0.0273544 0.972546
0.00545771 0.140295 0.854248
9.9991E-05 0.0934299 0.90647
9.9991E-05 0.0967926 0.903107
9.9991E-05 0.170516 0.829384
9.9991E-05 0.189479 0.810421
9.9991E-05 0.251055 0.748845
9.9991E-05 0.231674 0.768226
9.9991E-05 0.218485 0.781415
0.557119 0.28815 0.15473
0.614585 0.385315 9.9991E-05
0.490541 0.450457 0.0590019
0.790391 0.0154469 0.194162
0.560712 0.345663 0.0936245
0.675374 0.0475655 0.27706
0.534263 0.440175 0.0255617
0.730685 0.169221 0.100095
0.660973 0.260717 0.0783095
0.629035 0.370865 9.9991E-05
0.641028 0.230288 0.128684
0.529484 0.434979 0.0355368
0.563518 0.353241 0.0832414
0.840305 0.00660436 0.15309
0.801203 9.9991E-05 0.198697
0.701059 0.0935159 0.205425
0.471804 0.456934 0.0712624
0.568147 0.374967 0.0568859
0.612189 0.301022 0.0867887
0.568862 0.421183 0.0099551
0.335643 0.497682 0.166676
0.336073 0.497746 0.166181
0.307831 0.21838 0.473789
0.510478 0.436625 0.0528969
0.32678 0.437347 0.235873
0.23237 0.159222 0.608408
0.292115 0.403144 0.304741
0.288539 0.367042 0.344419
0.322682 0.366862 0.310456
0.269202 0.572694 0.158104
0.296015 0.471997 0.231988
0.269508 0.634908 0.0955836
0.373333 0.458725 0.167942
0.151452 0.40944 0.439108
