9.9991E-05 0.88983 0.11007
9.999E-05 0.970928 0.0289724
9.999E-05 0.833388 0.166512
9.999E-05 0.833996 0.165904
9.9991E-05 0.857379 0.142521
0.211993 0.668561 0.119446
0.049944 0.880214 0.0698421
0.0883313 0.846644 0.065025
0.0828602 0.91704 9.9991E-05
0.0547991 0.745806 0.199395
0.119347 0.80172 0.0789334
0.758987 0.0795939 0.161419
0.600547 0.0473979 0.352055
0.660011 0.175724 0.164265
0.584838 0.128537 0.286625
0.489294 0.194104 0.316602
0.476768 0.0439923 0.47924
0.6253 0.059876 0.314824
0.567419 0.156877 0.275704
0.760477 0.239423 9.9991E-05
0.644488 0.0596348 0.295877
0.605472 0.0779464 0.316581
0.61648 0.0289014 0.354619
0.627217 0.11873 0.254053
0.506028 0.0396347 0.454337
0.579614 0.0377195 0.382667
0.701343 0.157965 0.140692
0.610389 0.139757 0.249854
0.782545 0.119868 0.0975867
9.9991E-05 0.793539 0.206361
9.9991E-05 0.782066 0.217834
0.0133388 0.78041 0.206252
0.0843667 0.715321 0.200313
0.695396 9.9991E-05 0.304504
0.62822 9.9991E-05 0.37168
0.678091 9.9991E-05 0.321809
0.715961 0.238526 0.0455128
0.748981 9.9991E-05 0.250919
0.636866 0.0795013 0.283633
0.535232 9.9991E-05 0.464668
0.558794 0.0691531 0.372052
0.460851 0.0714623 0.467686
0.874954 0.0763104 0.0487357
0.55923 0.00438698 0.436383
0.534874 0.01874 0.446386
0.454701 0.0635671 0.481732
0.83738 9.9991E-05 0.16252
0.54155 9.9991E-05 0.45835
0.58978 0.0217047 0.388515
0.841911 0.157989 9.9991E-05
0.872639 0.0752486 0.052112
0.821301 0.157924 0.0207754
0.590229 9.9991E-05 0.409671
0.574561 0.0534338 0.372006
0.522711 0.0280575 0.449231
0.763074 0.213144 0.0237818
0.640105 9.9991E-05 0.359795
0.490146 0.0971797 0.412675
0.637527 0.142224 0.22025
0.602175 0.352222 0.045603
0.520077 0.0673798 0.412543
0.590997 0.162378 0.246625
0.809453 0.190447 9.9991E-05
0.68965 0.0290561 0.281294
0.527257 9.9991E-05 0.472643
0.50469 0.0496858 0.445624
0.71228 0.0899298 0.19779
0.617358 0.0325348 0.350107
0.62812 0.0224791 0.349401
0.825851 0.141568 0.0325814
0.741578 9.9991E-05 0.258322
0.887059 0.0281477 0.084793
0.589409 0.0048211 0.40577
0.952748 0.0471519 9.9991E-05
0.98249 0.0174099 9.9991E-05
0.875554 9.9991E-05 0.124346
0.723208 9.9991E-05 0.276692
0.435184 0.111434 0.453381
0.675088 0.0279141 0.296998
0.798446 0.107561 0.0939921
0.783576 0.0822641 0.13416
0.511827 0.0511859 0.436987
0.799648 0.0385535 0.161798
0.745187 9.9991E-05 0.254713
0.799833 9.9991E-05 0.200067
0.913938 0.0859624 9.9991E-05
0.617426 9.9991E-05 0.382474
9.9991E-05 0.810599 0.189301
9.9991E-05 0.894431 0.105469
9.9991E-05 0.842279 0.157621
9.9991E-05 0.892904 0.106996
9.9991E-05 0.868062 0.131838
9.9991E-05 0.870199 0.129701
9.9991E-05 0.880261 0.119639
0.547738 0.108602 0.34366
0.502032 0.113387 0.38458
0.938162 0.061738 9.9991E-05
0.580616 0.0427352 0.376649
0.726006 0.0505162 0.223477
0.616174 9.9991E-05 0.383726
0.61911 9.9991E-05 0.38079
0.633342 9.9991E-05 0.366558
0.889894 0.110006 9.9991E-05
0.4656 0.124371 0.410029
0.575435 9.9991E-05 0.424465
0.488841 0.0301058 0.481053
0.849903 0.00214608 0.147951
0.665883 9.9991E-05 0.334017
0.694214 0.0268372 0.278949
0.763834 9.9991E-05 0.236066
0.725495 0.0191329 0.255372
0.519499 0.103331 0.37717
0.739037 0.0971376 0.163825
0.595545 0.120132 0.284322
0.565872 0.0977981 0.336329
0.545588 0.0711403 0.383272
0.681168 0.0639514 0.254881
0.58525 0.00591366 0.408836
0.674293 0.0741807 0.251526
0.603988 0.119777 0.276235
0.58552 0.0547069 0.359773
0.653628 0.0374509 0.308921
0.705563 9.9991E-05 0.294337
0.552195 9.9991E-05 0.447705
0.492729 0.0633966 0.443874
0.61009 9.9991E-05 0.38981
0.498889 0.034754 0.466357
0.600414 9.9991E-05 0.399486
0.607137 0.144948 0.247915
0.59462 9.9991E-05 0.40528
0.530964 9.9991E-05 0.468936
0.703113 0.0707125 0.226175
0.725852 0.176838 0.0973101
0.567609 0.0673533 0.365038
0.905611 0.0683035 0.0260853
0.809638 0.104587 0.0857749
0.784727 9.9991E-05 0.215173
0.818218 0.0631168 0.118665
0.813152 0.0691527 0.117696
0.560375 0.0230026 0.416622
0.535134 0.0652658 0.3996
0.543466 0.0928315 0.363702
0.788622 0.170186 0.0411921
0.461688 0.167161 0.371151
0.588975 0.0576164 0.353409
0.729368 0.270532 9.9991E-05
0.489001 0.0571749 0.453824
0.715528 0.0962359 0.188236
0.502848 0.068715 0.428437
0.670824 0.177393 0.151783
0.766562 0.198362 0.0350753
0.686776 0.080867 0.232357
0.486938 0.119045 0.394017
0.51389 0.133312 0.352798
0.66658 0.23487 0.0985501
0.508667 0.0570424 0.43429
0.820956 0.00429368 0.174751
0.756274 9.9991E-05 0.243626
0.549201 0.0561322 0.394667
0.242113 0.41392 0.343967
0.0710725 0.75669 0.172238
0.168217 0.686663 0.14512
0.106359 0.494905 0.398736
0.59578 9.9991E-05 0.40412
0.616517 0.0353329 0.348151
0.00633356 0.0569737 0.936693
0.309893 0.0670378 0.623069
0.223922 0.120714 0.655364
0.716308 0.0667052 0.216987
0.608517 0.0620234 0.32946
0.814582 0.0969798 0.0884385
0.576786 9.9991E-05 0.423114
0.678777 0.0246234 0.2966
0.566643 9.9991E-05 0.433257
0.816441 0.0727792 0.11078
0.460687 9.9991E-05 0.539213
0.512078 0.0708734 0.417048
9.9991E-05 0.0608493 0.939051
9.9991E-05 0.0567728 0.943127
0.117945 0.0882587 0.793796
0.0383851 0.0190455 0.942569
9.9991E-05 0.0859337 0.913966
9.9991E-05 0.0524323 0.947468
9.9991E-05 0.0894638 0.910436
9.9991E-05 0.0226564 0.977244
9.999E-05 9.999E-05 0.9998
9.9991E-05 0.0654942 0.934406
9.9991E-05 0.0755556 0.924344
0.0698955 0.075025 0.85508
9.9991E-05 0.101125 0.898775
9.9991E-05 0.0815737 0.918326
0.307996 0.110744 0.58126
0.0805954 0.0935038 0.825901
9.9991E-05 0.133674 0.866226
9.9991E-05 0.0777434 0.922157
9.9991E-05 0.0670116 0.932888
9.9991E-05 0.127097 0.872803
9.9991E-05 0.0724537 0.927446
0.155724 0.0596568 0.78462
9.9991E-05 0.108132 0.891768
0.452413 0.505084 0.0425022
0.464267 0.232153 0.303581
0.411299 0.237333 0.351368
0.490987 0.299235 0.209778
0.457013 0.146522 0.396465
0.413127 0.347071 0.239802
0.429042 0.146985 0.423973
0.455065 0.168718 0.376218
0.41663 0.172952 0.410418
0.335595 0.248589 0.415815
0.447322 0.193432 0.359247
0.0559219 0.838274 0.105804
9.9991E-05 0.908328 0.0915721
9.9991E-05 0.954936 0.0449637
9.9991E-05 0.953242 0.0466579
9.9991E-05 0.9138 0.0861005
9.9991E-05 0.870698 0.129202
9.9991E-05 0.826106 0.173794
9.9991E-05 0.924021 0.0758789
0.00904303 0.917878 0.0730788
9.9991E-05 0.865034 0.134866
0.283295 0.716605 9.9991E-05
0.307271 0.692629 9.9991E-05
0.328882 0.671018 9.9991E-05
0.395613 0.604287 9.9991E-05
0.680524 0.0354193 0.284057
0.628125 9.9991E-05 0.371775
0.655623 9.9991E-05 0.344277
0.749434 0.0553986 0.195168
0.817122 0.138479 0.0443997
0.558371 0.0194338 0.422195
0.666725 9.9991E-05 0.333175
0.709217 9.9991E-05 0.290683
0.725063 9.9991E-05 0.274837
0.580317 0.00987615 0.409807
0.79846 9.9991E-05 0.20144
0.93932 0.0605799 9.9991E-05
0.613116 0.0183802 0.368504
0.815076 0.00880667 0.176117
0.704418 9.9991E-05 0.295482
0.882863 0.112138 0.00499908
0.675633 0.324267 9.9991E-05
0.716011 0.283889 9.9991E-05
0.73256 0.26734 9.9991E-05
0.687651 0.312249 9.9991E-05
0.789077 0.210823 9.9991E-05
0.708001 0.291094 0.000904584
9.9991E-05 0.833105 0.166795
9.9991E-05 0.818667 0.181233
9.9991E-05 0.75149 0.24841
0.00673711 0.75859 0.234673
0.0149217 0.808047 0.177031
0.430944 0.568956 9.9991E-05
0.400855 0.599045 9.9991E-05
0.436203 0.563697 9.9991E-05
9.9991E-05 0.831064 0.168836
0.479227 0.520673 9.9991E-05
0.208303 0.235532 0.556165
0.319043 0.0995023 0.581455
0.194812 0.101066 0.704121
0.329675 0.243178 0.427147
0.302989 0.219626 0.477385
0.0954106 0.566543 0.338046
0.741653 0.000898664 0.257448
0.735828 0.0534138 0.210759
0.674614 0.195436 0.12995
0.741832 9.9991E-05 0.258068
0.90148 0.0984201 9.9991E-05
0.566988 0.0488305 0.384181
0.681616 0.0214654 0.296918
0.775584 0.114586 0.10983
0.553648 0.0544193 0.391933
0.855543 0.144357 9.9991E-05
0.672815 0.0585664 0.268619
0.704539 9.9991E-05 0.295361
0.421657 0.109876 0.468467
0.800106 9.9991E-05 0.199794
0.713057 0.0364208 0.250522
0.670525 0.0137937 0.315682
0.701191 9.9991E-05 0.298709
0.56907 9.9991E-05 0.43083
0.573512 0.0538811 0.372607
0.580695 0.0792347 0.34007
9.9991E-05 0.762617 0.237283
0.0111637 0.839155 0.149681
0.0964517 0.824811 0.078737
0.0876311 0.818869 0.0934995
9.9991E-05 0.80534 0.19456
0.76637 0.151151 0.0824785
0.566613 0.0892101 0.344177
0.383588 0.19968 0.416732
0.578972 9.9991E-05 0.420928
0.654032 0.0483189 0.297649
0.689587 0.0855562 0.224857
0.697633 0.302267 9.9991E-05
0.64924 0.0261854 0.324574
0.71798 0.209149 0.0728712
0.692646 9.9991E-05 0.307254
0.71476 0.28514 9.9991E-05
0.532825 0.0421165 0.425058
0.759851 0.204816 0.0353326
0.708332 0.0984135 0.193255
0.572747 0.0595928 0.36766
0.712751 0.141337 0.145913
0.588457 0.0730484 0.338494
0.565257 0.103568 0.331175
0.743471 0.0586519 0.197877
0.565522 0.0994931 0.334985
0.616994 0.0287174 0.354289
0.919999 0.0799012 9.9991E-05
0.863313 0.0638362 0.0728512
0.722628 0.000735832 0.276636
0.874265 0.123418 0.00231695
0.741394 9.9991E-05 0.258506
0.834373 0.155421 0.0102061
0.848231 9.9991E-05 0.151669
0.687218 0.110087 0.202695
0.56648 9.9991E-05 0.43342
0.896333 0.0222451 0.0814215
0.605304 0.0853705 0.309326
0.539054 0.0694109 0.391535
0.551856 0.0380024 0.410142
0.550956 0.0465004 0.402544
0.626469 0.108962 0.264569
0.814072 0.0381221 0.147806
0.700853 0.059409 0.239738
0.592818 9.9991E-05 0.407082
0.512191 0.0653969 0.422412
0.58977 0.176079 0.234151
0.657981 9.9991E-05 0.341919
0.637818 0.12954 0.232642
0.587418 0.0106205 0.401961
0.624056 0.0364404 0.339504
0.534392 0.0613433 0.404265
0.241294 0.325889 0.432817
0.34039 0.159291 0.500319
0.423215 0.103611 0.473174
0.392571 0.0631414 0.544288
0.330725 0.188752 0.480523
0.675617 9.9991E-05 0.324283
0.341572 0.12396 0.534468
0.4561 0.379207 0.164693
0.354548 0.118828 0.526624
0.400638 0.051648 0.547714
0.344479 0.0817472 0.573773
0.423539 0.239876 0.336586
0.335369 0.168751 0.49588
0.353708 0.0914292 0.554862
0.186662 0.656748 0.156589
0.317965 0.168571 0.513465
0.296837 0.151365 0.551799
0.4462 0.0226016 0.531199
0.246549 0.250942 0.50251
0.34624 0.134019 0.51974
0.618894 9.9991E-05 0.381006
0.549648 0.0372588 0.413093
0.950131 0.0497687 9.9991E-05
0.876017 0.123883 9.9991E-05
0.608858 0.0161395 0.375002
0.250449 0.138039 0.611511
0.27439 0.119518 0.606092
0.317729 0.248545 0.433726
0.284246 0.218868 0.496886
0.635413 0.19117 0.173417
0.631792 0.143235 0.224973
0.508646 9.9991E-05 0.491254
0.531773 0.0343432 0.433884
0.626024 0.15156 0.222416
0.554603 0.0699841 0.375413
0.492038 9.9991E-05 0.507862
0.456345 0.117111 0.426544
0.821707 0.0474258 0.130867
0.798647 0.0111325 0.190221
0.639211 9.9991E-05 0.360689
0.673686 0.0972279 0.229087
0.534906 0.0582499 0.406844
0.716427 9.9991E-05 0.283473
0.871708 0.057882 0.07041
0.648947 9.9991E-05 0.350953
0.867964 0.0303675 0.101669
0.753665 0.0259048 0.22043
0.516357 0.0513269 0.432316
0.703045 9.9991E-05 0.296855
0.420671 0.114037 0.465292
0.403073 0.164628 0.432299
0.268021 0.227032 0.504947
0.37662 0.212894 0.410487
0.357676 0.15365 0.488674
0.359915 0.225738 0.414346
0.524326 0.336319 0.139355
0.342676 0.0674065 0.589917
0.292325 0.556729 0.150946
0.40652 0.0208645 0.572615
0.932623 0.00931859 0.0580587
0.906643 0.0932565 9.9991E-05
0.741725 9.9991E-05 0.258175
0.593836 0.0119746 0.39419
0.798053 9.9991E-05 0.201847
0.67538 9.9991E-05 0.32452
0.601358 9.9991E-05 0.398542
0.0319285 0.824535 0.143537
0.113149 0.763831 0.12302
9.9991E-05 0.892622 0.107278
9.9991E-05 0.929121 0.0707793
0.613884 9.9991E-05 0.386016
0.691477 9.9991E-05 0.308423
0.709224 9.9991E-05 0.290676
0.583104 0.0550598 0.361836
0.60586 0.0606598 0.33348
0.859653 0.0341177 0.106229
0.600029 9.9991E-05 0.399871
0.789507 0.00438757 0.206106
0.303008 0.210778 0.486214
0.678551 9.9991E-05 0.321349
0.846315 9.9991E-05 0.153585
0.649577 9.9991E-05 0.350323
0.771576 9.9991E-05 0.228324
0.634697 9.9991E-05 0.365203
0.655561 9.9991E-05 0.344339
0.9998 9.999E-05 9.999E-05
0.844374 0.00513322 0.150492
0.809404 0.0164782 0.174118
0.9998 9.999E-05 9.999E-05
0.739694 9.9991E-05 0.260206
0.877455 0.0616785 0.0608662
0.911528 0.0883724 9.9991E-05
0.589404 9.9991E-05 0.410496
0.831822 0.0816882 0.0864901
0.686722 0.00714834 0.30613
0.537429 9.9991E-05 0.462471
0.728519 9.9991E-05 0.271381
0.750714 9.9991E-05 0.249186
0.65946 9.9991E-05 0.34044
0.680496 9.9991E-05 0.319404
0.825525 9.9991E-05 0.174375
0.621399 9.9991E-05 0.378501
0.257818 0.742082 9.9991E-05
0.119823 0.802806 0.0773707
0.115879 0.884021 9.9991E-05
0.118345 0.881555 9.9991E-05
0.191813 0.808087 9.9991E-05
0.860928 0.0589573 0.0801149
0.877696 0.0806926 0.041611
0.906179 9.9991E-05 0.0937213
0.465942 0.00828856 0.52577
0.473593 0.0528696 0.473538
0.771653 0.0237443 0.204602
0.592301 9.9991E-05 0.407599
0.652779 0.0025591 0.344662
0.720615 9.9991E-05 0.279285
0.591439 9.9991E-05 0.408461
0.849623 0.0194637 0.130913
0.814242 9.9991E-05 0.185658
0.788759 9.9991E-05 0.211141
0.469171 0.109553 0.421277
0.81124 0.00396497 0.184795
0.710921 0.00540012 0.283679
0.224934 0.0663912 0.708675
0.212618 0.0889147 0.698467
0.145767 0.0835562 0.770677
0.0708961 0.210786 0.718318
0.222097 0.0924449 0.685458
0.630453 0.0224656 0.347082
9.9991E-05 0.277298 0.722602
0.0597748 0.226987 0.713238
0.428665 0.159644 0.411691
0.536776 0.0900167 0.373207
0.580253 0.11354 0.306207
0.519563 0.0694022 0.411035
0.522389 0.0163839 0.461227
0.0453268 0.203997 0.750676
0.197384 0.165716 0.6369
0.0959625 0.0408962 0.863141
0.333572 0.0617074 0.60472
0.152926 0.14193 0.705144
0.267532 0.154146 0.578322
0.083619 0.188654 0.727727
0.346719 0.0696398 0.583641
0.610714 0.0399148 0.349371
0.208964 0.181604 0.609432
9.9991E-05 0.225697 0.774203
0.285187 0.13803 0.576783
0.678562 0.272925 0.0485131
0.542564 9.9991E-05 0.457336
0.221773 0.215162 0.563065
0.568449 0.0461445 0.385406
0.541392 0.168022 0.290585
0.298036 0.20558 0.496384
0.266949 0.185828 0.547224
0.419638 0.0970023 0.483359
0.258147 0.111333 0.63052
0.0716083 0.114124 0.814268
9.9991E-05 0.291703 0.708197
0.547375 0.0590997 0.393525
0.604482 0.155286 0.240232
0.642316 0.224906 0.132778
0.550782 0.0402074 0.409011
0.570711 0.188376 0.240913
0.462031 0.10667 0.431299
0.498535 0.0987994 0.402665
0.349232 0.484052 0.166715
0.330069 0.536819 0.133112
0.47602 0.241821 0.282158
0.295417 0.465103 0.23948
0.126788 0.608801 0.264412
0.461432 0.118326 0.420242
0.431223 0.218412 0.350365
0.328345 0.383649 0.288006
0.334873 0.410772 0.254354
0.366125 0.176088 0.457787
0.435939 0.322722 0.241339
0.27817 0.640616 0.081214
0.384795 0.140514 0.474691
0.369765 0.205188 0.425047
0.283539 0.270922 0.445539
0.238308 0.137731 0.623961
0.331436 0.159514 0.509051
0.304861 0.109915 0.585224
0.173915 0.354997 0.471088
0.295713 0.195635 0.508652
0.211205 0.192966 0.595828
0.292445 0.254014 0.453541
0.489566 0.156761 0.353674
0.422398 0.122915 0.454686
0.483015 0.0547121 0.462273
0.426994 0.0964413 0.476564
0.174638 0.262312 0.56305
0.323435 0.150328 0.526237
0.241098 0.43206 0.326842
0.386436 0.111112 0.502452
0.159072 0.360565 0.480362
0.127899 0.830002 0.0420996
0.707466 0.292434 9.9991E-05
0.72907 0.27083 9.9991E-05
0.753968 0.245932 9.9991E-05
0.778936 0.220964 9.9991E-05
0.751978 0.247922 9.9991E-05
0.734832 0.265068 9.9991E-05
0.73708 0.26282 9.9991E-05
0.599112 0.400788 9.9991E-05
9.9991E-05 0.919824 0.0800757
0.0868875 0.803626 0.109487
9.9991E-05 0.891269 0.108631
0.0977073 0.85541 0.0468823
9.9991E-05 0.878855 0.121045
0.0201343 0.956148 0.0237176
9.9991E-05 0.782283 0.217617
9.9991E-05 0.820555 0.179345
0.0938963 0.777275 0.128829
9.9991E-05 0.876585 0.123315
0.00926757 0.954192 0.0365407
9.9991E-05 0.854915 0.144985
9.9991E-05 0.948167 0.0517326
9.9991E-05 0.87235 0.12755
9.9991E-05 0.865154 0.134746
9.9991E-05 0.814552 0.185348
9.9991E-05 0.746165 0.253735
9.9991E-05 0.751347 0.248553
9.9991E-05 0.781381 0.218519
0.579675 0.170361 0.249964
0.572704 9.9991E-05 0.427196
0.40978 0.126469 0.463751
0.748451 0.19021 0.0613385
0.482898 0.126773 0.390329
0.643258 0.308444 0.0482986
0.515658 0.0397328 0.444609
0.676715 0.0959364 0.227348
0.600807 0.0778287 0.321364
0.722858 9.9991E-05 0.277042
0.630609 0.145134 0.224257
0.60198 0.0418126 0.356208
0.557577 0.0558441 0.386579
0.854895 0.132731 0.0123744
0.786418 0.213482 9.9991E-05
0.714962 0.201301 0.0837365
0.497677 0.0141549 0.488168
0.531169 0.0803742 0.388456
0.565426 0.108852 0.325723
0.5485 9.9991E-05 0.4514
0.358251 0.169173 0.472575
0.297907 0.134476 0.567617
0.295514 0.499571 0.204915
0.474004 0.0761129 0.449883
0.438622 0.181474 0.379905
0.29526 0.566961 0.137778
0.298026 0.292758 0.409215
0.260517 0.368776 0.370707
0.336939 0.280497 0.382564
0.369343 0.169481 0.461176
0.375091 0.144488 0.48042
0.38614 0.0704915 0.543369
0.397086 0.161775 0.441139
0.197492 0.433799 0.368708
