0.0340993 0.899717 9.9982E-05 9.9982E-05 0.0659838
9.9982E-05 0.961261 9.9982E-05 0.0308452 0.00769366
0.0112426 0.815815 0.154601 9.9991E-05 0.018241
0.0790669 0.786058 0.0300665 9.9991E-05 0.104708
0.00883258 0.891961 0.0990061 9.9982E-05 9.9982E-05
0.072272 0.640432 0.092501 0.116056 0.0787398
9.9991E-05 0.891168 0.00151181 0.0846231 0.0225969
0.0408273 0.75527 9.9991E-05 0.0671177 0.136685
9.9982E-05 0.82874 9.9982E-05 0.0772278 0.0938327
0.087009 0.724689 0.0740675 0.101402 0.0128329
9.999E-05 0.793028 0.0196427 0.0293132 0.157916
0.0889389 9.9991E-05 0.282889 0.147776 0.480295
0.0906416 0.0305259 0.571831 0.0440511 0.26295
0.0371838 0.0384531 0.328209 0.189819 0.406336
0.14722 0.0463118 0.33226 0.0393854 0.434823
0.0993314 0.120029 0.46186 0.102074 0.216705
0.0870052 0.121201 0.655269 0.0576028 0.0789218
0.0830505 9.9991E-05 0.4591 0.195389 0.26236
0.0949537 0.0985763 0.388852 0.0335433 0.384075
0.0835653 0.0223111 0.00712802 0.181366 0.705629
0.113406 0.0631554 0.428181 0.119024 0.276233
0.0406372 0.0786316 0.527594 0.183559 0.169578
0.0292432 0.0725341 0.611184 0.0469136 0.240125
0.113339 0.00418813 0.338055 0.158487 0.385931
0.131923 0.0868888 0.690962 0.0237342 0.066492
0.0904841 0.0898862 0.633938 9.9991E-05 0.185592
0.108014 0.0201951 0.204574 0.171365 0.495851
0.245714 9.9991E-05 0.194728 0.0368873 0.52257
0.0567648 9.9991E-05 0.2877 0.214962 0.440474
0.0747831 0.819684 0.105333 9.9982E-05 9.9982E-05
9.9973E-05 0.840139 0.159561 9.9973E-05 9.9973E-05
0.0445426 0.795159 0.160099 9.9982E-05 9.9982E-05
0.10787 0.770617 0.121313 9.9982E-05 9.9982E-05
0.0539852 0.0409771 0.581396 0.21311 0.110531
0.03867 0.085237 0.617034 0.128912 0.130147
9.9982E-05 0.0937807 0.669813 0.236207 9.9982E-05
9.9991E-05 0.107022 0.201777 0.100913 0.590188
0.0148445 0.044589 0.453045 0.417092 0.0704295
9.9991E-05 0.0752345 0.612131 0.12657 0.185964
0.0367849 0.1036 0.796532 0.0629823 9.9991E-05
9.9991E-05 0.145491 0.668717 0.128104 0.0575881
0.0472606 0.112484 0.66892 0.0745196 0.0968154
9.9991E-05 0.00764865 0.332849 0.454 0.205402
0.106238 0.0548077 0.652577 0.186278 9.9991E-05
0.0436454 0.0802319 0.708732 0.139221 0.0281692
0.045757 0.175845 0.600057 0.156444 0.0218964
9.9973E-05 9.9973E-05 0.539553 0.460147 9.9973E-05
9.9982E-05 0.0619662 0.708422 0.229412 9.9982E-05
0.0885155 0.127434 0.646951 0.136999 9.9991E-05
9.9982E-05 0.0614163 9.9982E-05 0.857886 0.0804981
9.9982E-05 9.9982E-05 0.291 0.228247 0.480553
0.0585869 0.0114265 0.127845 0.551046 0.251096
0.0780863 0.0972538 0.561637 0.0897759 0.173247
0.145105 0.0927735 0.574829 0.0522494 0.135042
0.075226 0.0580846 0.693815 0.110077 0.0627979
9.9991E-05 0.0897504 0.243131 0.331376 0.335643
0.0650866 0.0514673 0.604987 0.0945604 0.183899
0.121371 0.159642 0.606811 0.0276323 0.084543
0.0192744 0.100104 0.437932 0.212536 0.230154
0.0558655 0.204397 0.121927 0.22489 0.392921
0.100456 0.0318177 0.5718 0.108361 0.187565
0.101242 0.0717954 0.44295 0.0751638 0.308849
9.9991E-05 0.0481043 0.125476 0.300666 0.525654
0.0250527 0.00269748 0.545074 0.156221 0.270955
0.128877 0.00108925 0.642971 0.167358 0.0597048
0.0523282 0.106351 0.567909 0.0704278 0.202984
0.0841126 0.028725 0.357685 0.224135 0.305343
0.129695 0.0178898 0.505705 0.204722 0.141988
0.0295071 0.0960458 0.658735 0.0351755 0.180536
0.0123573 0.00776877 0.232512 0.330076 0.417286
9.9982E-05 9.9982E-05 0.704753 0.186405 0.108643
9.9982E-05 9.9982E-05 0.435253 0.399806 0.164741
0.144889 0.0981647 0.536771 0.146718 0.0734567
9.9982E-05 9.9982E-05 0.206448 0.786923 0.00642858
9.9982E-05 9.9982E-05 0.191045 0.75362 0.0551355
9.9982E-05 9.9982E-05 0.438272 0.505319 0.0562087
9.9991E-05 0.054478 0.558394 0.23957 0.147458
0.0565136 0.183179 0.548253 0.146585 0.06547
0.0181043 0.10817 0.567275 0.270278 0.0361718
9.9991E-05 0.0398046 0.365143 0.344346 0.250606
9.9991E-05 0.00506779 0.374409 0.224847 0.395576
0.150776 0.0975233 0.553634 0.0497516 0.148316
0.015452 0.0440035 0.528585 0.261164 0.150796
9.9991E-05 0.103167 0.560098 0.319212 0.017423
9.9973E-05 9.9973E-05 0.631424 0.368276 9.9973E-05
9.9991E-05 0.00589752 0.147468 0.806217 0.0403172
0.0315928 0.0115939 0.745745 0.0942576 0.116811
0.0194521 0.807866 0.137926 9.9991E-05 0.0346569
9.9973E-05 0.904881 0.0948189 9.9973E-05 9.9973E-05
0.024242 0.85353 0.113947 9.9991E-05 0.0081806
0.0308539 0.937665 0.0312808 9.9982E-05 9.9982E-05
0.00990835 0.883082 0.0987171 0.00819264 9.9991E-05
0.0202109 0.923969 0.0294562 0.0262637 9.9991E-05
0.0131449 0.950549 0.0361058 9.9982E-05 9.9982E-05
0.0574136 0.120774 0.628009 0.0869738 0.106829
0.0567488 0.093133 0.600296 0.135309 0.114513
9.9982E-05 9.9982E-05 0.232098 0.570194 0.197508
0.0425391 0.0614544 0.732146 0.132456 0.0314043
9.9991E-05 0.031917 0.63543 0.210953 0.1216
9.9991E-05 0.0922942 0.725821 0.172792 0.00899271
0.0458439 0.0917269 0.653493 0.174259 0.0346771
0.0998365 0.012674 0.645751 0.241639 9.9991E-05
9.9991E-05 0.0411393 0.133666 0.52185 0.303244
0.0199569 0.17013 0.585391 0.143124 0.0813974
9.9982E-05 0.146285 0.790942 9.9982E-05 0.0625731
0.183349 0.0440189 0.564421 0.0586456 0.149565
9.9982E-05 0.0541971 0.468149 0.477454 9.9982E-05
0.047758 9.9982E-05 0.613623 0.338419 9.9982E-05
9.9991E-05 0.0658673 0.605235 0.229092 0.099706
0.0332888 9.9982E-05 0.577805 0.388706 9.9982E-05
9.9991E-05 0.0681284 0.552712 0.206094 0.172966
0.0248391 0.153249 0.625337 0.0191889 0.177386
0.0725866 9.9991E-05 0.284782 0.27388 0.368651
0.0855185 0.0962737 0.412258 0.0264173 0.379532
0.124908 0.102604 0.557228 0.0544456 0.160814
0.0420755 0.163907 0.636024 9.9991E-05 0.157894
9.9991E-05 0.0283472 0.563399 0.0597272 0.348426
0.00145736 0.0243355 0.70631 9.9991E-05 0.267797
0.0549615 0.0294314 0.500333 0.0533015 0.361972
9.9991E-05 0.131603 0.635117 0.0810096 0.152171
0.107512 0.0278692 0.622686 0.0623852 0.179548
0.0252688 0.0648497 0.632807 0.0715345 0.20554
9.9973E-05 9.9973E-05 0.608643 9.9973E-05 0.391058
0.105559 0.0612036 0.61413 0.0805848 0.138523
0.0668281 0.117903 0.709111 9.9991E-05 0.106058
0.103731 0.00662046 0.637487 9.9991E-05 0.252061
0.101652 0.103142 0.593734 0.0574532 0.144019
0.12395 0.00777567 0.555081 0.15425 0.158943
0.0492739 0.146265 0.358398 0.245943 0.20012
0.133905 0.00383647 0.593398 0.0743987 0.194462
0.0587162 0.0243116 0.761438 0.0733278 0.0822069
0.0668026 9.9991E-05 0.289948 0.220636 0.422514
0.0877601 9.9991E-05 0.156809 0.469869 0.285463
0.10029 0.0114195 0.625165 0.000595179 0.262531
0.0530525 9.9991E-05 0.137213 0.54653 0.263104
9.9991E-05 0.0261367 0.374925 0.0907722 0.508066
9.9982E-05 9.9982E-05 0.52849 0.156183 0.315127
9.9991E-05 0.0372715 0.443665 0.0772612 0.441702
0.0308247 9.9991E-05 0.37382 0.11397 0.481286
0.110503 0.0780059 0.622477 0.115217 0.0737967
0.105014 0.0811311 0.469306 9.9991E-05 0.344448
0.0330607 0.0389099 0.531465 0.0963664 0.300198
0.057204 9.9991E-05 0.188059 0.332532 0.422104
9.9991E-05 0.1837 0.626671 0.18086 0.00866911
0.146693 0.0803324 0.465575 0.251491 0.0559089
0.00016611 0.173169 0.0346925 0.625375 0.166598
9.9982E-05 0.130413 0.701882 0.167505 9.9982E-05
0.0674887 0.0720766 0.36552 0.409764 0.0851501
0.0663335 0.115255 0.563599 0.16991 0.0849024
0.0938625 0.0932353 0.300984 0.416363 0.0955557
9.9991E-05 0.127743 0.292051 0.482468 0.0976389
9.9991E-05 0.0430517 0.483871 0.319395 0.153582
0.0945528 0.0846074 0.499919 0.212421 0.1085
0.0869345 0.138354 0.392834 0.295978 0.0858994
0.161696 0.0788922 0.075784 0.6157 0.0679274
0.0580216 0.156371 0.521068 0.188321 0.0762184
9.9982E-05 9.9982E-05 0.542417 0.358833 0.0985502
0.0131647 9.9991E-05 0.564016 0.250426 0.172293
0.108704 0.0486132 0.603005 0.200349 0.0393285
0.277983 0.354393 0.16608 0.182615 0.0189285
0.164333 0.611213 9.9982E-05 0.224254 9.9982E-05
0.179603 0.492774 9.9982E-05 0.327423 9.9982E-05
0.358914 0.384479 0.0938853 0.162622 9.9991E-05
0.0593215 9.9982E-05 0.657777 0.282702 9.9982E-05
9.9991E-05 0.159583 0.697978 0.138222 0.00411669
0.67755 9.9982E-05 0.301813 9.9982E-05 0.0204372
0.475398 0.0859347 0.316809 9.9991E-05 0.121759
0.424478 0.0770219 0.403168 0.00419556 0.0911374
0.0136869 0.0341918 0.407275 0.544747 9.9991E-05
0.133921 0.0837939 0.536888 0.245297 9.9991E-05
0.0779998 9.9991E-05 0.199165 0.686054 0.0366812
0.0956839 0.016191 0.617408 0.270617 9.9991E-05
0.0303479 0.107157 0.531665 0.296418 0.0344129
0.0757412 0.0511476 0.55399 0.309885 0.00923605
0.0584689 0.0219115 0.211477 0.627288 0.0808549
0.155433 0.0480503 0.634455 0.0995798 0.0624826
9.9982E-05 0.175626 0.653308 0.170866 9.9982E-05
0.974689 9.9973E-05 9.9973E-05 0.025011 9.9973E-05
0.906189 9.9973E-05 0.093511 9.9973E-05 9.9973E-05
0.546756 0.0727629 0.320657 9.9991E-05 0.059724
0.678958 0.00753656 0.296925 9.9991E-05 0.0164808
0.783012 0.0108937 0.202703 0.00329159 9.9991E-05
0.9996 9.997E-05 9.997E-05 9.997E-05 9.997E-05
0.959885 0.0045809 9.9982E-05 9.9982E-05 0.035334
0.841474 9.9973E-05 0.158226 9.9973E-05 9.9973E-05
0.937934 9.9973E-05 0.0617662 9.9973E-05 9.9973E-05
0.9996 9.997E-05 9.997E-05 9.997E-05 9.997E-05
0.980565 0.0191349 9.9973E-05 9.9973E-05 9.9973E-05
0.686875 0.0468896 0.238912 9.9991E-05 0.027223
0.789128 0.00967416 0.109033 9.9991E-05 0.0920648
0.992599 9.9973E-05 9.9973E-05 9.9973E-05 0.00710144
0.376071 0.100798 0.447216 9.9991E-05 0.0758154
0.710598 9.9982E-05 0.193218 9.9982E-05 0.095985
0.767705 0.0694169 0.162678 9.9982E-05 9.9982E-05
0.863932 0.0292488 0.105945 9.9991E-05 0.000774255
0.975281 9.9973E-05 0.0244193 9.9973E-05 9.9973E-05
0.921734 9.9982E-05 0.0412751 9.9982E-05 0.0367905
0.994258 9.9973E-05 9.9973E-05 0.00544214 9.9973E-05
0.630712 0.0501606 0.26156 0.0226832 0.0348844
0.924144 0.0349415 0.00599592 9.9991E-05 0.0348191
0.0645314 0.383881 9.9982E-05 0.551388 9.9982E-05
0.098591 0.214902 0.416288 0.159223 0.110996
0.0727968 0.258964 0.451642 0.193361 0.0232363
0.181511 0.263147 0.121763 0.433479 9.9991E-05
0.212457 0.214153 0.351205 0.164046 0.0581387
0.215477 0.282303 0.0903953 0.411724 9.9991E-05
0.105669 0.236167 0.402246 0.255199 0.000718004
0.24263 0.11721 0.343186 0.296873 9.9991E-05
0.140272 0.16256 0.490763 0.206305 9.9991E-05
0.30191 0.198982 0.271941 0.227067 9.9991E-05
0.105077 0.221442 0.508712 0.1279 0.0368686
9.9991E-05 0.870077 0.0400782 0.0598054 0.0299398
0.0330146 0.936308 0.0169153 0.0115982 0.00216399
9.9973E-05 0.971338 0.0283622 9.9973E-05 9.9973E-05
9.9973E-05 0.955358 9.9973E-05 9.9973E-05 0.0443421
9.9982E-05 0.918112 0.0417732 9.9982E-05 0.0399149
0.0613739 0.938326 9.9973E-05 9.9973E-05 9.9973E-05
0.0587186 0.898693 0.042388 9.9982E-05 9.9982E-05
0.00363285 0.916401 9.9982E-05 0.079766 9.9982E-05
0.013776 0.914684 0.0713399 9.9982E-05 9.9982E-05
0.0977833 0.879209 9.9982E-05 9.9982E-05 0.0228078
9.9982E-05 0.630383 9.9982E-05 0.107614 0.261803
9.9991E-05 0.591341 0.0294907 0.00879913 0.370269
9.9982E-05 0.539526 9.9982E-05 0.154748 0.305526
9.9991E-05 0.492976 0.0138967 0.158201 0.334826
0.0429918 0.0285923 0.612848 0.110608 0.204959
0.0300977 0.0383071 0.562952 0.260995 0.107649
0.0608718 9.9991E-05 0.631581 0.0234055 0.284041
9.9982E-05 9.9982E-05 0.547804 0.156234 0.295762
0.000931643 9.9991E-05 0.212279 0.170124 0.616565
0.0471626 0.0417806 0.664938 0.0968925 0.149227
0.030238 9.9991E-05 0.703025 0.184214 0.082423
9.9982E-05 9.9982E-05 0.636633 0.330509 0.0326581
0.0327423 9.9991E-05 0.517363 0.439218 0.0105763
0.0696026 9.9991E-05 0.715674 0.153942 0.0606817
0.000279568 0.00260282 0.588713 0.257489 0.150916
9.9982E-05 9.9982E-05 0.0723728 0.812879 0.114548
9.9991E-05 0.114445 0.560999 0.131114 0.193342
9.9991E-05 0.0275552 0.370534 0.55516 0.046651
9.9982E-05 0.0281144 0.695882 0.275803 9.9982E-05
9.9982E-05 9.9982E-05 0.330164 0.38529 0.284346
0.0103461 0.140303 9.9991E-05 0.0613823 0.787869
0.00370961 0.0968994 0.0704087 0.0614662 0.767516
9.9982E-05 0.00206522 9.9982E-05 0.0695161 0.928219
9.9982E-05 0.107758 9.9982E-05 0.0530406 0.839001
0.0486612 0.0192133 0.041987 0.0383114 0.851827
0.0648735 0.0347285 0.0336924 0.00681773 0.859888
0.00763482 0.88416 0.108005 9.9982E-05 9.9982E-05
0.0295196 0.82545 0.0814707 9.9991E-05 0.0634596
0.127355 0.727185 0.113167 9.9991E-05 0.0321937
0.0730777 0.796279 0.0720299 9.9991E-05 0.0585136
0.0575367 0.832009 0.108157 9.9991E-05 0.00219669
9.9982E-05 0.418599 9.9982E-05 0.00145169 0.57975
9.9982E-05 0.454309 9.9982E-05 0.127007 0.418485
9.9982E-05 0.424627 9.9982E-05 0.0587211 0.516452
0.00656727 0.844663 0.14857 9.9982E-05 9.9982E-05
0.00177964 0.336865 9.9991E-05 0.0964208 0.564834
0.431855 0.202899 0.228572 0.0950495 0.0416246
0.157538 0.224618 0.617644 9.9982E-05 9.9982E-05
0.360139 0.1727 0.466961 9.9982E-05 9.9982E-05
0.262049 0.27953 0.381581 0.0767399 9.9991E-05
0.280754 0.119018 0.458439 0.0578555 0.0839326
0.345119 0.486164 9.9982E-05 0.168516 9.9982E-05
0.0428169 9.9991E-05 0.499879 0.121338 0.335866
0.0416088 9.9991E-05 0.370617 0.325148 0.262526
9.9991E-05 0.0753066 0.349431 0.0271296 0.548033
0.0223481 9.9991E-05 0.535504 0.257129 0.184919
9.9973E-05 9.9973E-05 9.9973E-05 0.863187 0.136513
0.0832131 0.0549877 0.578134 0.0706045 0.213061
0.0145202 0.0437778 0.557574 0.25646 0.127668
9.9991E-05 0.0323134 0.382028 0.112502 0.473057
0.0906824 0.0386158 0.569691 0.126381 0.17463
9.9991E-05 0.0180456 0.17248 0.536601 0.272773
0.0970808 0.0357622 0.39656 0.260509 0.210089
0.0413826 0.0360736 0.613088 0.0512101 0.258246
0.225737 0.0913339 0.447925 0.101586 0.133418
9.9982E-05 9.9982E-05 0.403173 0.354827 0.2418
0.108218 0.0088336 0.437183 0.211336 0.23443
0.0796778 9.9991E-05 0.555456 0.264125 0.100642
0.0424656 9.9991E-05 0.619126 0.16105 0.177259
0.115535 0.00395009 0.66179 0.0847249 0.134
0.0122199 0.182581 0.646684 0.0290172 0.129498
0.082296 0.0812448 0.588929 0.056192 0.191338
0.0446612 0.802823 0.152316 9.9982E-05 9.9982E-05
0.0126996 0.859371 0.114749 0.0130801 9.9991E-05
0.00674969 0.798851 0.0381487 0.0720028 0.0842475
0.0805244 0.806541 0.0365611 0.0167469 0.0596262
0.030147 0.850511 0.119142 9.9982E-05 9.9982E-05
0.00403029 9.9991E-05 0.293561 0.114967 0.587342
0.136685 0.0155938 0.573841 0.111116 0.162764
0.220837 0.211856 0.439401 0.127807 9.9991E-05
0.173836 0.0305494 0.566935 0.0767106 0.151969
0.0275182 9.9991E-05 0.542497 0.134297 0.295588
0.128182 9.9991E-05 0.251004 0.252005 0.36871
9.9991E-05 0.103696 0.0616531 0.219519 0.615033
0.0556656 0.0017826 0.539117 9.9991E-05 0.403334
0.0815465 0.0502303 0.250637 0.126064 0.491522
0.0669691 0.0910114 0.516367 0.195204 0.130448
0.0369011 0.0808963 0.0818363 0.14581 0.654556
0.123796 0.112559 0.597343 9.9991E-05 0.166202
0.0223421 0.0868258 0.239541 0.187402 0.463889
0.0628201 0.0498437 0.392128 0.216969 0.278239
0.000442329 0.0685384 0.601186 0.232191 0.0976419
0.0629214 0.0531253 0.284285 0.472012 0.127657
0.0463753 0.0692814 0.608999 0.196204 0.0791403
0.0371707 0.142967 0.612855 0.206907 9.9991E-05
9.9991E-05 0.0399344 0.406701 0.471751 0.0815134
0.131358 0.0841852 0.54277 0.241587 9.9991E-05
9.9982E-05 0.0544846 0.599389 0.345926 9.9982E-05
0.00103515 9.9991E-05 0.167687 0.726669 0.104509
9.9973E-05 9.9973E-05 0.359211 0.640489 9.9973E-05
9.9991E-05 0.0901229 0.54916 0.271159 0.0894581
9.9991E-05 0.0388644 0.223512 0.651633 0.0858899
9.9982E-05 9.9982E-05 0.563465 0.3868 0.0495354
0.0305195 9.9991E-05 0.185678 0.13534 0.648362
0.0315819 9.9991E-05 0.274105 0.314034 0.380179
0.105487 9.9991E-05 0.393403 0.0814314 0.419579
0.192305 9.9991E-05 0.588443 0.0841077 0.135044
9.9982E-05 9.9982E-05 0.366355 0.117269 0.516176
0.16076 0.0304297 0.484195 0.132105 0.19251
0.113395 0.0959836 0.619659 0.012066 0.158897
0.151826 9.9991E-05 0.478896 0.0716755 0.297502
0.0886449 0.0030764 0.604078 0.0546146 0.249587
0.0745683 0.0380023 0.508631 0.0386808 0.340118
0.10269 9.9991E-05 0.250757 0.126989 0.519464
0.101459 9.9991E-05 0.33795 0.0620854 0.498406
0.0223204 0.00774952 0.629302 0.0720592 0.268568
0.0233954 0.094277 0.663079 0.0988604 0.120388
0.0773254 0.0411296 0.388655 0.229668 0.263222
0.147896 9.9991E-05 0.513172 0.0964772 0.242355
0.0371835 0.116686 0.449097 9.9991E-05 0.396934
0.0697527 9.9991E-05 0.721553 0.00377857 0.204816
0.0625946 0.0274708 0.572958 9.9991E-05 0.336877
0.162485 0.0719394 0.474486 0.122328 0.168761
0.100292 0.369894 0.515231 9.9991E-05 0.0144837
0.187483 0.18363 0.581148 0.0476391 9.9991E-05
0.249856 0.110029 0.528587 0.0725598 0.0389677
0.222973 0.0977694 0.529524 0.0695622 0.080172
0.259287 0.231005 0.458419 0.0511892 9.9991E-05
0.0859134 9.9991E-05 0.464068 0.288923 0.160996
0.209961 0.152346 0.568692 0.052828 0.0161731
0.172078 0.284404 9.9982E-05 0.543317 9.9982E-05
0.247482 0.0994906 0.498199 9.9991E-05 0.154729
0.195506 0.136585 0.497072 0.0627838 0.108053
0.339984 0.00488167 0.381682 0.0878338 0.185619
0.15999 0.189374 0.280557 0.278905 0.0911743
0.169824 0.201323 0.573112 9.9991E-05 0.0556416
0.211523 0.17805 0.506774 0.0610974 0.0425564
0.19758 0.525938 9.9982E-05 0.276282 9.9982E-05
0.246623 0.213143 0.465609 0.0403261 0.0342979
0.249908 0.202001 0.514278 0.0136538 0.0201591
0.157245 0.137979 0.561719 0.0974029 0.0456543
0.220248 0.209107 0.544708 9.9991E-05 0.0258376
0.130741 0.171326 0.571145 0.0647243 0.062064
0.169971 0.0272337 0.440676 0.36188 0.000238603
0.152635 0.124423 0.52987 0.143786 0.0492856
0.00270434 9.9991E-05 0.146328 0.771745 0.0791232
9.9982E-05 9.9982E-05 0.0632838 0.905068 0.0314486
0.151306 9.9991E-05 0.500013 0.239202 0.109379
0.311489 0.17069 0.358295 0.158869 0.000657574
0.418034 0.0880251 0.323202 0.170639 9.9991E-05
0.294148 0.286719 0.16441 0.254624 9.9991E-05
0.333838 0.166047 0.301001 0.199014 9.9991E-05
0.168492 0.0865239 0.0542337 0.69065 9.9991E-05
0.156754 0.0841258 0.18742 0.571601 9.9991E-05
0.196754 9.9982E-05 0.545291 0.257755 9.9982E-05
0.14566 0.0310393 0.510783 0.312418 9.9991E-05
0.165632 0.07596 0.259639 0.492301 0.00646799
0.0664986 0.0526564 0.649255 0.193621 0.0379686
0.191732 0.0554121 0.500137 0.214524 0.0381957
0.220696 0.0936438 0.407172 0.234589 0.0438986
9.9991E-05 0.0361928 0.400063 0.459288 0.104357
0.0626336 9.9991E-05 0.408845 0.443517 0.0849039
0.0892986 9.9982E-05 0.567914 0.342588 9.9982E-05
0.112179 0.0660273 0.401754 0.336697 0.0833425
0.126536 0.111569 0.435088 0.289044 0.0377632
0.000361277 0.0615052 0.558828 0.377611 0.00169455
9.9982E-05 9.9982E-05 0.316204 0.575359 0.108237
0.0692062 0.0410195 0.613801 0.275873 9.9991E-05
0.0233416 9.9991E-05 0.284925 0.645025 0.0466085
0.0913017 9.9991E-05 0.45673 0.417149 0.0347188
0.0617864 0.11202 0.599975 0.226119 9.9991E-05
0.0452001 9.9991E-05 0.51882 0.411383 0.0244972
0.225867 0.121966 0.487918 0.130429 0.0338192
0.176972 0.148581 0.369634 0.212609 0.0922043
0.304975 0.139593 0.314733 0.158409 0.0822904
0.213595 0.208452 0.306822 0.100693 0.170438
0.180134 0.10349 0.472638 0.136345 0.107394
0.204621 0.134381 0.418225 0.242672 9.9991E-05
0.201615 0.159068 9.9991E-05 0.598879 0.0403385
0.271246 0.119803 0.474173 0.0734365 0.0613418
0.1948 0.388513 9.9982E-05 0.416486 9.9982E-05
0.288202 0.0029951 0.474348 0.164928 0.0695269
9.9973E-05 9.9973E-05 0.205062 0.794638 9.9973E-05
9.9991E-05 0.00604074 0.049104 0.917253 0.0275026
0.0170262 9.9991E-05 0.582555 0.387392 0.0129269
0.101762 0.029317 0.683395 0.185426 9.9991E-05
9.9982E-05 9.9982E-05 0.482453 0.464708 0.0526386
0.060508 9.9982E-05 0.560489 0.378803 9.9982E-05
0.0736757 9.9982E-05 0.520067 0.406057 9.9982E-05
0.0630738 0.823475 0.0591877 0.0539505 0.000313273
0.0915869 0.744452 9.9982E-05 9.9982E-05 0.163761
0.0610955 0.863665 9.9982E-05 9.9982E-05 0.0750395
9.9973E-05 0.925587 0.0741132 9.9973E-05 9.9973E-05
0.00242079 0.06731 0.672643 0.172724 0.084902
9.9982E-05 0.0742747 0.678006 0.247519 9.9982E-05
0.0174966 9.9991E-05 0.649924 0.243214 0.0892659
9.9991E-05 0.105926 0.757311 0.0920031 0.0446603
0.105466 0.0507319 0.546794 0.126438 0.17057
9.9982E-05 9.9982E-05 0.426468 0.423279 0.150053
0.0389474 0.00703879 0.734295 0.165137 0.0545818
9.9982E-05 0.0265433 0.487351 0.485906 9.9982E-05
0.19904 0.298801 0.437193 0.028592 0.0363738
0.0505135 9.9991E-05 0.514242 0.314056 0.121089
9.9982E-05 9.9982E-05 0.502686 0.321063 0.176051
9.9982E-05 9.9982E-05 0.683003 0.229969 0.0868278
9.9982E-05 9.9982E-05 0.557137 0.307221 0.135442
0.00104623 9.9982E-05 0.682957 0.315796 9.9982E-05
9.9982E-05 0.0978347 0.720213 0.181752 9.9982E-05
9.9973E-05 9.9973E-05 0.333886 0.665815 9.9973E-05
0.000477068 0.0562571 0.417346 0.479213 0.0467071
9.9991E-05 0.0158013 0.500544 0.412744 0.0708114
9.9973E-05 9.9973E-05 0.0664024 0.933298 9.9973E-05
0.00187537 0.0247478 0.543007 0.226482 0.203888
9.9973E-05 9.9973E-05 0.284243 0.715457 9.9973E-05
9.9982E-05 9.9982E-05 0.0693937 0.832727 0.097679
0.025288 0.0735356 0.721204 0.120474 0.0594987
9.9991E-05 0.0354116 0.321951 0.479846 0.162691
0.0514748 0.00390578 0.484436 0.223659 0.236525
0.0265316 0.0991723 0.689064 0.171771 0.0134614
9.9982E-05 9.9982E-05 0.690664 0.177107 0.132029
0.0966141 9.9991E-05 0.421799 0.280675 0.200811
0.0513256 9.9991E-05 0.611795 0.170186 0.166593
0.0110859 0.0304211 0.593437 0.229084 0.135972
9.9982E-05 9.9982E-05 0.556047 0.42913 0.0146225
0.0472903 0.140806 0.644411 0.1301 0.0373926
0.00615934 0.622522 9.9991E-05 0.0965692 0.27465
9.9991E-05 0.759105 0.105744 0.0359808 0.0990695
9.9982E-05 0.82014 9.9982E-05 0.0827421 0.0969176
9.9982E-05 0.803447 9.9982E-05 0.0728698 0.123483
9.9991E-05 0.730804 0.00587051 0.0118016 0.251424
9.9991E-05 0.0252154 0.37852 0.371755 0.22441
9.9991E-05 0.00891814 0.290193 0.473722 0.227067
9.9973E-05 9.9973E-05 0.375823 0.623877 9.9973E-05
0.128696 0.12604 0.609793 0.135371 9.9991E-05
9.9991E-05 0.218343 0.60566 0.150988 0.0249095
9.9991E-05 0.0422912 0.42684 0.510558 0.0202109
0.10971 9.9982E-05 0.670421 0.21967 9.9982E-05
0.0136546 0.123909 0.521301 0.337589 0.00354649
9.9982E-05 9.9982E-05 0.724228 0.178108 0.097464
9.9991E-05 0.0194734 0.714465 0.163858 0.102103
9.9982E-05 9.9982E-05 0.420683 0.358116 0.221001
9.9982E-05 9.9982E-05 0.571759 0.264498 0.163543
9.9982E-05 9.9982E-05 0.502185 0.269084 0.228531
9.9991E-05 0.140327 0.685639 0.135699 0.0382349
9.9982E-05 9.9982E-05 0.619302 0.224983 0.155516
9.9991E-05 0.0245999 0.586628 0.285438 0.103234
0.54035 0.0150202 0.309476 0.0635897 0.0715637
0.555251 0.0660318 0.286013 9.9991E-05 0.0926045
0.521857 0.0610416 0.302705 0.114297 9.9991E-05
0.549196 0.164463 0.235428 0.0508132 9.9991E-05
0.446749 0.0551801 0.390756 0.00996341 0.0973516
0.0884081 9.9982E-05 0.562128 0.349264 9.9982E-05
0.696921 0.269859 9.9991E-05 0.0186968 0.014423
0.511583 0.169305 0.295543 0.0234694 9.9991E-05
0.277225 0.134435 0.387835 0.192851 0.00765432
0.00901356 0.15385 0.595537 0.207965 0.0336348
0.0114133 0.161689 0.52146 0.214631 0.0908066
0.0514893 0.0706012 0.618827 0.130661 0.128421
0.142865 0.0944032 0.577016 0.0379946 0.147721
0.479566 0.218147 0.302087 9.9982E-05 9.9982E-05
0.442109 0.132548 0.333666 9.9991E-05 0.0915767
0.524256 0.0556203 0.419924 9.9982E-05 9.9982E-05
0.343047 0.10306 0.383138 0.00421507 0.166541
0.590514 0.078585 0.255078 0.0121807 0.0636429
0.324936 0.183516 0.37333 0.105158 0.01306
0.594593 0.169868 0.19417 0.0407681 0.000600341
0.419363 0.124483 0.361992 9.9991E-05 0.0940622
9.9991E-05 0.13682 0.612081 0.223443 0.0275553
0.443072 0.174331 0.297521 9.9991E-05 0.0849757
0.691392 0.173202 0.135207 9.9982E-05 9.9982E-05
0.334829 0.131728 0.38212 0.114467 0.0368555
9.9991E-05 0.193639 0.248427 0.310078 0.247755
0.165199 9.9991E-05 0.53077 0.169812 0.134119
0.365078 0.2246 0.366566 0.0384739 0.00528102
0.0328895 0.149725 0.646399 0.0702023 0.100784
0.037709 0.184996 0.492842 0.233607 0.050846
0.267256 0.189744 0.386811 0.10947 0.0467183
0.30513 0.242491 0.330922 0.0596913 0.0617652
0.249547 9.9991E-05 0.53766 0.11066 0.102033
0.315297 0.168394 0.516109 9.9982E-05 9.9982E-05
0.510901 0.115892 0.353765 0.0193423 9.9991E-05
0.544212 0.233091 0.222496 9.9982E-05 9.9982E-05
0.103089 0.156105 0.644618 0.0645202 0.0316675
9.9991E-05 0.180657 0.522869 0.244703 0.0516712
0.0822119 0.185057 0.141958 0.590673 9.9991E-05
0.16144 0.171979 0.448829 0.13329 0.0844605
0.112849 0.0351737 0.383611 0.248269 0.220098
0.126899 0.230936 0.482225 0.159839 9.9991E-05
0.174254 0.11771 0.443254 0.178575 0.0862074
0.230061 0.34739 9.9982E-05 0.422349 9.9982E-05
0.116811 0.400005 9.9982E-05 0.482984 9.9982E-05
0.146577 0.179873 0.230531 0.356541 0.086477
0.247395 0.381422 9.9991E-05 0.364568 0.00651518
0.238868 0.471426 9.9982E-05 0.289506 9.9982E-05
0.220839 0.138807 0.358256 0.281999 9.9991E-05
0.238381 0.181551 0.348671 0.231297 9.9991E-05
0.197506 0.295126 0.226596 0.214253 0.0665202
0.192065 0.359273 0.0691605 0.379402 9.9991E-05
0.233861 0.112029 0.398944 0.237413 0.0177532
0.164907 0.242776 0.142032 0.450186 9.9991E-05
0.0880661 0.516948 9.9982E-05 0.394786 9.9982E-05
0.147453 0.187432 0.473662 0.0596658 0.131787
0.369379 0.108064 0.279172 0.196661 0.0467251
0.255035 0.2789 0.373084 0.0590515 0.0339296
0.265051 0.197556 0.537193 9.9982E-05 9.9982E-05
0.241119 0.195536 0.563145 9.9982E-05 9.9982E-05
0.295735 0.139134 0.394174 0.0434838 0.127473
0.212225 0.364259 0.380704 9.9991E-05 0.0427117
0.133504 0.219297 0.64496 9.9991E-05 0.0021384
0.27151 0.238695 0.463077 9.9991E-05 0.0266179
0.243857 0.253342 0.337424 0.13941 0.0259667
0.159019 0.187088 0.318736 0.21951 0.115647
0.13056 0.195212 0.493192 0.0865871 0.094448
0.173044 0.222538 0.50298 0.00579613 0.0956421
0.14606 0.136348 0.604748 0.0343184 0.0785257
0.297893 0.291999 0.395485 0.000972878 0.0136495
0.173458 0.219424 0.549507 0.0222589 0.0353525
0.217135 0.383576 0.184266 0.214923 9.9991E-05
0.292936 0.111028 0.471395 0.0786838 0.0459563
0.300407 0.2979 0.214958 0.186635 9.9991E-05
9.9991E-05 0.777802 0.0341095 0.0811105 0.106878
9.9991E-05 0.0462964 0.0992503 0.00647153 0.847882
9.9973E-05 0.00504351 9.9973E-05 9.9973E-05 0.994657
9.997E-05 9.997E-05 9.997E-05 9.997E-05 0.9996
9.9973E-05 9.9973E-05 0.0247322 9.9973E-05 0.974968
0.0435603 9.9973E-05 9.9973E-05 9.9973E-05 0.95614
9.9973E-05 9.9973E-05 0.0262608 9.9973E-05 0.973439
9.9973E-05 0.0291812 9.9973E-05 9.9973E-05 0.970519
0.01212 0.192156 9.9982E-05 9.9982E-05 0.795525
0.00626215 0.936371 0.0316777 9.9991E-05 0.0255889
0.0177299 0.785747 0.0585843 9.9991E-05 0.137839
0.0554603 0.907511 9.9991E-05 0.00586515 0.0310631
9.9991E-05 0.831726 0.0376192 0.0246478 0.105907
0.0253106 0.888359 0.040119 9.9991E-05 0.0461114
0.00677769 0.913268 9.9991E-05 0.0493264 0.0305284
0.147082 0.771637 9.9991E-05 0.039918 0.0412633
0.0661157 0.894305 0.0393796 9.9982E-05 9.9982E-05
0.0886496 0.683488 0.0634969 0.0671219 0.0972438
0.0757905 0.891083 0.0329268 9.9982E-05 9.9982E-05
9.9973E-05 0.96747 9.9973E-05 9.9973E-05 0.0322303
0.037352 0.850469 0.0496755 0.000526484 0.061977
0.0124083 0.917955 9.9982E-05 9.9982E-05 0.069437
0.0290326 0.913151 0.0576164 9.9982E-05 9.9982E-05
0.0674406 0.85053 0.0818292 9.9982E-05 9.9982E-05
0.0497566 0.860866 0.0891773 9.9982E-05 9.9982E-05
0.159628 0.775967 0.0642042 9.9982E-05 9.9982E-05
0.126632 0.752814 0.120354 9.9982E-05 9.9982E-05
0.0833066 0.817468 0.0990259 9.9982E-05 9.9982E-05
0.0258647 0.203236 0.40076 0.280103 0.0900371
9.9982E-05 0.130585 0.746012 0.123203 9.9982E-05
0.160985 0.129939 0.432772 0.14853 0.127774
0.0493602 0.126047 0.150511 0.652906 0.021176
0.0506529 0.0845666 0.607912 0.127601 0.129267
0.0634485 0.193083 0.107835 0.635534 9.9991E-05
0.0727739 0.162937 0.610051 0.0807652 0.0734725
9.9991E-05 0.0908561 0.48993 0.263832 0.155283
9.9991E-05 0.149258 0.623406 0.164461 0.0627746
0.024062 0.00198527 0.603108 0.350414 0.0204312
9.9991E-05 0.101785 0.524266 0.203289 0.17056
0.0649276 0.130263 0.675401 0.104769 0.0246388
0.057279 0.0945788 0.609443 0.0950039 0.143695
0.0626672 9.9991E-05 0.0524877 0.369762 0.514983
9.9982E-05 0.0789556 9.9982E-05 0.852322 0.0685222
0.0388293 0.107917 0.196852 0.622877 0.0335242
0.0464749 0.133635 0.70923 0.0733902 0.0372693
0.0254154 0.156107 0.557749 0.238503 0.022225
0.0155919 0.163547 0.546095 0.274666 9.9991E-05
0.0869904 0.0582002 0.613487 0.200943 0.0403794
0.267305 0.144494 0.389192 0.103267 0.0957421
0.142752 0.173814 0.66117 9.9991E-05 0.0221636
0.154468 0.405984 0.170697 0.078633 0.190219
0.0479291 0.111769 0.634192 0.0246489 0.181461
0.126289 0.220129 0.474823 0.0149281 0.163831
0.196515 0.415794 9.9991E-05 0.333985 0.0536064
0.264925 0.255969 0.298521 0.180485 9.9991E-05
0.191244 0.369891 0.343432 0.045349 0.0500834
0.0651572 0.323826 0.495409 9.9991E-05 0.115508
0.287502 0.113209 0.396032 0.109733 0.0935239
0.212914 0.219711 0.487703 0.046586 0.0330858
0.194284 0.137138 0.668378 9.9982E-05 9.9982E-05
0.213388 0.177435 0.471262 0.137814 9.9991E-05
0.173749 0.483159 0.250692 0.0558536 0.0365464
