9.9964E-05 0.0145932 9.9964E-05 0.0145452 9.9964E-05 0.0438323 0.0102149 0.868502 9.9964E-05 0.0479128
0.0219379 9.9955E-05 9.9955E-05 9.9955E-05 9.9955E-05 0.0230741 9.9955E-05 0.922522 0.0172056 0.0147603
9.9973E-05 0.0368237 9.9973E-05 9.9973E-05 0.0139437 0.015773 0.0310164 0.839257 0.0329944 0.0298922
0.0191866 0.128916 9.9964E-05 0.00163583 9.9964E-05 0.0535429 0.0345703 0.761749 9.9964E-05 9.9964E-05
9.9937E-05 0.0880677 9.9937E-05 9.9937E-05 9.9937E-05 9.9937E-05 0.00705236 0.90418 9.9937E-05 9.9937E-05
9.999E-05 0.0546983 0.0219386 0.0599512 0.112009 0.0141205 0.0489168 0.623403 0.0267369 0.0381255
9.9964E-05 9.9964E-05 9.9964E-05 0.0673604 0.117717 0.0245726 0.0217863 0.765629 9.9964E-05 0.00253492
0.0079998 0.011411 0.0269319 0.0705654 0.0938004 0.028253 0.0703365 0.675456 9.9991E-05 0.0151461
0.111151 9.99549E-05 9.99549E-05 9.99549E-05 0.072874 0.0272698 0.0148142 0.773391 9.99549E-05 9.99549E-05
9.9973E-05 0.0508058 0.0177308 0.0266496 0.113529 9.9973E-05 0.0483284 0.738204 9.9973E-05 0.00445193
0.0422478 0.110131 9.9946E-05 9.9946E-05 0.120161 9.9946E-05 9.9946E-05 0.726861 9.9946E-05 9.9946E-05
9.9928E-05 9.9928E-05 9.9928E-05 0.98863 9.9928E-05 9.9928E-05 9.9928E-05 9.9928E-05 9.9928E-05 0.010571
0.0181979 0.400221 0.0214178 0.498491 9.9964E-05 9.9964E-05 9.9964E-05 0.0148332 9.9964E-05 0.0464389
9.9946E-05 0.0463808 0.0163186 0.89296 9.9946E-05 9.9946E-05 9.9946E-05 9.9946E-05 9.9946E-05 0.0437411
9.9946E-05 0.0471666 9.9946E-05 0.841458 9.9946E-05 0.00818492 9.9946E-05 9.9946E-05 9.9946E-05 0.10259
9.9955E-05 0.26705 9.9955E-05 0.550823 9.9955E-05 9.9955E-05 0.0184384 0.0663156 9.9955E-05 0.0968729
9.9955E-05 0.474258 0.0216611 0.445083 9.9955E-05 0.022125 9.9955E-05 9.9955E-05 9.9955E-05 0.0363734
9.9973E-05 0.332657 9.9973E-05 0.574417 0.00137173 0.0301753 0.0129813 9.9973E-05 0.00643901 0.0416594
9.9964E-05 0.111543 9.9964E-05 0.71818 0.0157641 0.0283516 9.9964E-05 0.0743318 9.9964E-05 0.0514296
0.0452319 9.9937E-05 9.9937E-05 0.920818 0.0332501 9.9937E-05 9.9937E-05 9.9937E-05 9.9937E-05 9.9937E-05
0.0229767 0.333917 0.0275958 0.514736 0.00988224 0.0201519 0.00958231 0.00190745 0.0591502 9.9991E-05
9.9973E-05 0.355854 0.0703964 0.357303 0.156997 9.9973E-05 0.0305195 9.9973E-05 0.00950953 0.01912
0.0219224 0.475651 0.029444 0.336483 9.9991E-05 0.0213989 0.0359515 0.0207605 0.0391472 0.0191413
9.9937E-05 9.9937E-05 9.9937E-05 0.940299 9.9937E-05 0.000918499 9.9937E-05 9.9937E-05 9.9937E-05 0.058083
9.9982E-05 0.61952 0.0610904 0.169454 0.021705 0.0311103 0.0243344 0.0498602 9.9982E-05 0.022726
9.9946E-05 0.424689 9.9946E-05 0.553157 9.9946E-05 0.00745639 9.9946E-05 0.0140981 9.9946E-05 9.9946E-05
9.9937E-05 9.9937E-05 0.0256868 0.961766 9.9937E-05 9.9937E-05 9.9937E-05 9.9937E-05 9.9937E-05 0.0118478
9.9937E-05 0.0367406 9.9937E-05 0.906387 9.9937E-05 9.9937E-05 9.9937E-05 9.9937E-05 9.9937E-05 0.0561733
9.9928E-05 9.9928E-05 9.9928E-05 0.980216 0.0189842 9.9928E-05 9.9928E-05 9.9928E-05 9.9928E-05 9.9928E-05
9.99201E-05 9.99201E-05 9.99201E-05 9.99201E-05 9.99201E-05 0.999101 9.99201E-05 9.99201E-05 9.99201E-05 9.99201E-05
9.99201E-05 9.99201E-05 9.99201E-05 9.99201E-05 9.99201E-05 0.999101 9.99201E-05 9.99201E-05 9.99201E-05 9.99201E-05
0.0168246 0.0469596 9.9955E-05 9.9955E-05 9.9955E-05 0.366212 9.9955E-05 0.47496 9.9955E-05 0.0945435
9.9964E-05 0.133807 0.00383143 9.9964E-05 0.00169058 0.296725 9.9964E-05 0.498938 9.9964E-05 0.0646077
9.9973E-05 0.453098 9.9973E-05 0.124603 0.0103585 0.0177403 0.097883 0.0415517 0.254466 9.9973E-05
0.0540313 0.461958 9.9973E-05 0.113062 9.9973E-05 0.0203157 9.9973E-05 0.0574317 0.237021 0.0558804
0.0309224 0.507796 0.0101043 9.9964E-05 9.9964E-05 9.9964E-05 9.9964E-05 0.00744676 0.41011 0.0332208
0.309196 0.0985703 0.0396123 0.458527 9.9973E-05 9.9973E-05 0.0242353 0.043291 0.026268 9.9973E-05
9.9955E-05 0.265249 0.0432346 9.9955E-05 0.121498 0.00143142 9.9955E-05 9.9955E-05 0.568087 9.9955E-05
0.0902308 0.449339 9.9973E-05 0.145062 9.9973E-05 0.0109691 9.9973E-05 0.0649149 0.184206 0.054978
9.9973E-05 0.677814 9.9973E-05 0.00848362 0.0368765 0.0413512 0.0257336 0.029745 0.179696 9.9973E-05
9.9973E-05 0.513674 9.9973E-05 0.11363 0.215781 0.0102271 0.0744657 0.042692 0.0292309 9.9973E-05
0.0282157 0.553951 0.00294423 0.141666 0.0597675 9.9991E-05 0.0623931 0.0691287 0.0734076 0.00842623
0.00333429 0.0983805 9.9973E-05 0.202153 9.9973E-05 0.00822757 0.0407102 0.0166901 0.630204 9.9973E-05
9.9973E-05 0.606379 9.9973E-05 0.0827769 0.227654 0.0150651 0.0300319 0.032551 9.9973E-05 0.00524161
0.0278526 0.555041 0.0148541 0.0510999 0.0192984 0.00673558 0.0449963 0.0443719 0.203904 0.0318469
0.0138877 0.604164 9.9991E-05 0.0354343 0.0719088 0.032982 0.00279378 0.0843276 0.132911 0.0214909
9.9946E-05 0.32692 0.0618662 9.9946E-05 0.0625083 9.9946E-05 9.9946E-05 9.9946E-05 0.548106 9.9946E-05
9.9964E-05 0.565715 9.9964E-05 0.0931043 9.9964E-05 0.00346538 9.9964E-05 0.0759846 0.228683 0.0326487
9.999E-05 0.515524 0.0740984 0.0634163 0.0110805 0.0569033 0.0133741 0.0869255 0.133472 0.0451057
0.0133735 9.9946E-05 0.035641 9.9946E-05 0.319811 9.9946E-05 9.9946E-05 9.9946E-05 0.630575 9.9946E-05
0.277104 0.0824336 0.0228741 0.372771 0.0486215 9.9973E-05 0.106367 9.9973E-05 0.089529 9.9973E-05
0.0896899 0.120244 0.124103 0.260785 0.243897 9.9982E-05 0.02084 9.9982E-05 0.119478 0.0207641
0.063815 0.56687 0.0485422 0.119892 0.08049 0.0214736 0.00570996 0.0448297 9.9991E-05 0.048277
0.0517761 0.584634 0.0672898 0.117445 0.0671729 9.9982E-05 9.9982E-05 0.0382663 0.0152 0.0580152
0.0615701 0.601071 0.0462739 0.0408183 0.0967878 9.9982E-05 9.9982E-05 0.106957 0.0330467 0.0132746
0.220953 0.147546 9.9982E-05 0.305847 0.025003 0.00910683 0.0817591 0.10508 0.104505 9.9982E-05
0.165097 0.516315 0.0260361 0.215587 9.9973E-05 0.0280492 0.0140253 9.9973E-05 0.0345896 9.9973E-05
0.102896 0.527526 0.00467563 0.145052 0.0257121 0.0201426 0.00245555 0.0203473 0.0976805 0.0535114
0.0784527 0.314241 0.0746269 0.309672 0.033842 0.00664088 0.0611857 0.0724049 0.0240959 0.0248387
0.117956 0.00852685 0.00909588 0.491123 0.07318 9.9982E-05 0.0817044 0.136678 0.0815357 9.9982E-05
0.100153 0.500909 0.0728556 0.182563 0.0279707 0.00866294 0.0331283 0.0355176 0.0124177 0.0258223
0.0623179 0.407827 0.0528521 0.271021 0.0408434 0.0321033 0.0341675 0.0377514 0.0417761 0.0193398
0.122677 9.9964E-05 9.9964E-05 0.583355 0.114809 0.0421652 0.0790909 9.9964E-05 0.0575037 9.9964E-05
0.103738 0.310214 0.0568 0.428969 9.9973E-05 9.9973E-05 0.0412369 9.9973E-05 0.0395569 0.0191858
0.0961944 0.533207 0.101832 0.103268 0.0599444 0.019045 9.9991E-05 0.0190575 0.045475 0.0218765
0.0759906 0.582599 0.0247073 0.179982 0.0364515 0.0208821 0.00282911 0.076359 9.9982E-05 9.9982E-05
0.09113 0.137951 0.0445881 0.445953 0.046805 0.0619467 0.0109737 0.014834 0.0969752 0.0488433
0.0985772 0.464295 0.0738995 0.154555 0.0784018 0.0339464 0.00380764 0.04302 0.0476167 0.0018802
0.0998324 0.508599 0.0910704 0.16272 0.0302488 0.00535834 0.00469016 0.00750777 0.0499903 0.0399831
0.163904 0.128727 0.0144098 0.502353 0.0788761 0.0215694 0.0255194 9.9982E-05 0.0644411 9.9982E-05
0.00370068 0.438846 9.9955E-05 0.0500141 9.9955E-05 9.9955E-05 9.9955E-05 0.0364253 0.470514 9.9955E-05
9.9955E-05 0.136234 9.9955E-05 0.158013 9.9955E-05 0.024555 9.9955E-05 9.9955E-05 0.679965 0.000733875
0.0513205 0.460314 9.9991E-05 0.0341805 0.00658571 0.0215529 0.0124803 0.0691739 0.274943 0.0693496
9.9946E-05 9.9946E-05 0.0260987 9.9946E-05 0.112831 9.9946E-05 9.9946E-05 9.9946E-05 0.852984 0.00748686
9.9937E-05 9.9937E-05 0.0595579 9.9937E-05 0.111733 9.9937E-05 9.9937E-05 9.9937E-05 0.82801 9.9937E-05
9.9955E-05 0.205601 0.0634139 0.00850927 0.0579187 9.9955E-05 9.9955E-05 9.9955E-05 0.664058 9.9955E-05
9.9964E-05 0.427186 9.9964E-05 0.0725289 9.9964E-05 0.0360566 0.039578 0.021499 0.402752 9.9964E-05
9.9991E-05 0.497512 0.0669882 0.0454138 0.0159042 0.00602394 0.0626826 0.121688 0.137693 0.045994
9.9964E-05 0.41795 0.0243388 0.018632 0.00420632 9.9964E-05 9.9964E-05 9.9964E-05 0.491142 0.0433308
0.00394699 0.0830887 9.9973E-05 0.22311 9.9973E-05 0.00399442 0.0192711 0.0624052 0.603883 9.9973E-05
0.00131057 0.202708 9.9973E-05 0.158301 9.9973E-05 0.0106075 0.0804861 0.00250718 0.54378 9.9973E-05
0.0196538 0.510025 0.0371101 0.0603257 0.00691744 0.0080917 0.0176455 0.0498076 0.248729 0.0416947
9.9964E-05 0.264143 9.9964E-05 0.135696 9.9964E-05 0.0214175 0.0241665 9.9964E-05 0.546613 0.00756374
9.9955E-05 0.415239 9.9955E-05 0.145948 9.9955E-05 0.0241529 0.0190455 9.9955E-05 0.395115 9.9955E-05
9.9955E-05 0.456953 0.00674493 9.9955E-05 0.039723 0.0125147 9.9955E-05 9.9955E-05 0.483564 9.9955E-05
9.99429E-05 9.99429E-05 0.0891399 9.99429E-05 0.235504 9.99429E-05 9.99429E-05 9.99429E-05 0.674656 9.99429E-05
0.00649944 0.601614 9.9982E-05 0.0121917 0.0478893 0.0161699 9.9982E-05 0.0318471 0.272444 0.0111442
0.0499367 0.0763876 9.9964E-05 0.00759371 9.9964E-05 0.0503732 0.0361496 0.779159 9.9964E-05 9.9964E-05
9.9937E-05 0.0676879 9.9937E-05 9.9937E-05 9.9937E-05 0.0408034 9.9937E-05 0.890809 9.9937E-05 9.9937E-05
0.0125821 0.0959443 9.9955E-05 9.9955E-05 9.9955E-05 0.0243755 9.9955E-05 0.837148 9.9955E-05 0.0294506
9.9946E-05 0.0373494 9.9946E-05 9.9946E-05 9.9946E-05 0.0317457 9.9946E-05 0.893693 9.9946E-05 0.036612
9.9964E-05 9.9964E-05 0.0138907 0.0129334 9.9964E-05 0.0504346 9.9964E-05 0.892422 0.00382229 0.0260974
9.9955E-05 0.0551109 0.0330099 9.9955E-05 9.9955E-05 0.0166712 9.9955E-05 0.836825 9.9955E-05 0.0578832
9.9937E-05 0.0669702 9.9937E-05 9.9937E-05 9.9937E-05 0.0136259 9.9937E-05 0.918704 9.9937E-05 9.9937E-05
0.0382503 0.541496 0.0262355 0.0222533 0.0155562 0.0209059 0.0516339 0.0433717 0.192415 0.0478821
9.999E-05 0.533615 0.0780758 0.075976 0.0467433 0.0128938 0.0135125 0.100657 0.0946541 0.0437728
0.0118903 9.9964E-05 0.0152081 0.171473 9.9964E-05 9.9964E-05 0.0522671 0.052598 0.696163 9.9964E-05
0.0243239 0.58915 9.9982E-05 9.9982E-05 0.0504807 0.0105106 0.0526804 0.0551015 0.1825 0.0350532
0.0353652 0.370817 9.9973E-05 0.0967076 9.9973E-05 0.015348 0.00408878 0.0264504 0.450923 9.9973E-05
0.0419886 0.470411 9.9964E-05 0.0468648 9.9964E-05 0.0274102 9.9964E-05 0.0529548 0.35997 9.9964E-05
0.0362228 0.563805 0.0167995 0.0188392 0.064421 0.00266964 9.9991E-05 0.00544193 0.263948 0.0277525
9.9982E-05 0.473868 0.0395427 0.0167649 9.9982E-05 0.00404089 0.0156793 0.0333876 0.373202 0.0433153
0.0592192 9.9964E-05 9.9964E-05 0.192119 9.9964E-05 0.00182998 0.0559154 0.0180585 0.672458 9.9964E-05
0.0439161 0.509916 9.9991E-05 0.0324854 0.0470551 0.024808 0.054017 0.102816 0.172046 0.0128398
0.047323 0.627626 9.9973E-05 0.0341808 0.0580264 9.9973E-05 9.9973E-05 0.0799298 0.150425 0.00218885
9.9991E-05 0.561926 0.0538475 0.090295 0.0120912 0.00599541 0.0739391 0.0613589 0.11174 0.0287072
0.0151999 0.258607 0.0518728 0.018079 0.131629 0.0124386 9.9982E-05 9.9982E-05 0.505765 0.00620868
9.9955E-05 0.471721 0.068345 9.9955E-05 0.0124916 0.0174232 9.9955E-05 9.9955E-05 0.429519 9.9955E-05
0.0122142 0.415388 9.9964E-05 0.13709 9.9964E-05 9.9964E-05 0.00139551 0.024024 0.409488 9.9964E-05
9.9973E-05 0.367972 0.0679271 9.9973E-05 0.0019346 0.00100348 0.00258275 9.9973E-05 0.549841 0.00843896
0.0247909 0.44143 9.9973E-05 0.0829568 9.9973E-05 0.0142807 0.0306991 0.027702 0.377841 9.9973E-05
0.0942482 0.475529 9.9982E-05 9.9982E-05 0.0412475 0.00498207 0.0112446 0.0688354 0.243398 0.0603151
0.322757 0.247538 0.114711 0.0606469 0.146655 0.019349 9.9982E-05 9.9982E-05 0.0342503 0.0538926
0.177341 0.406527 9.9982E-05 0.201267 0.0577273 0.0123413 0.063651 0.0719866 0.00895907 9.9982E-05
0.143115 0.54799 0.0134668 0.102304 0.0557684 0.0167975 9.9982E-05 0.106221 9.9982E-05 0.014137
0.130592 0.570452 0.0146 0.0344948 0.0611382 9.9973E-05 9.9973E-05 0.114283 0.0741402 9.9973E-05
0.226532 0.425247 9.9982E-05 0.246663 0.0081983 0.0348759 0.023141 0.000221424 0.0349216 9.9982E-05
0.168808 0.629584 0.000238568 0.104109 0.000303526 9.9982E-05 0.012979 0.0518564 0.031921 9.9982E-05
0.241626 0.437647 0.0198349 0.187291 9.9973E-05 0.0160365 0.0716213 0.0256434 9.9973E-05 9.9973E-05
0.0940141 0.518354 0.0525225 0.00771451 0.130148 0.0280494 0.042709 0.0352183 0.0807763 0.0104944
0.176894 0.591819 0.0798647 0.0215854 9.9991E-05 0.0014954 0.000968643 0.0813508 0.0316309 0.0142907
0.218364 0.569968 0.0243909 0.0844782 0.0238121 9.9982E-05 0.0017004 0.0275557 0.0495315 9.9982E-05
0.201741 0.537805 0.0200175 0.0846089 0.0377977 0.0322726 0.042704 0.00386825 0.0390853 9.9991E-05
0.130253 0.587661 0.0726226 0.0491511 0.0344449 9.9982E-05 0.0386067 0.0333165 9.9982E-05 0.0537441
0.154677 0.595188 0.017516 9.9982E-05 0.0935503 0.00916428 0.0143561 0.081942 9.9982E-05 0.0334057
0.149453 0.574855 0.04718 0.0683334 0.0531856 9.9982E-05 0.0272931 9.9982E-05 0.0356968 0.0438024
0.0862191 0.574095 0.089419 0.0406552 0.0791921 0.0367516 0.0220713 0.0406504 0.00833755 0.0226085
0.179529 0.609594 0.0749378 0.0519659 0.0535158 9.9973E-05 0.0212515 9.9973E-05 9.9973E-05 0.0089065
0.187712 0.305235 0.108443 0.0535536 0.142703 0.0217286 9.9991E-05 0.0782461 0.0517583 0.0505204
0.159779 0.628036 0.0528702 9.9973E-05 0.0582812 9.9973E-05 9.9973E-05 0.0767474 0.00778182 0.0162044
0.177406 0.670443 0.0623185 9.9973E-05 0.0430104 9.9973E-05 0.000499459 0.0414828 9.9973E-05 0.0045408
0.323305 0.127323 9.9982E-05 0.320292 0.00855973 9.9982E-05 0.0329315 0.00851784 0.139469 0.0394024
0.13176 0.12093 0.223683 0.244105 0.18546 9.9982E-05 0.0324558 9.9982E-05 0.0579981 0.00340847
0.129858 0.468332 0.0571937 0.162831 0.00461966 0.00800519 0.0707735 0.0257776 0.0552496 0.01736
0.277223 0.0621136 0.241346 0.0729508 0.245836 9.9964E-05 9.9964E-05 9.9964E-05 0.100131 9.9964E-05
0.225887 0.245297 0.0572942 0.391848 9.9973E-05 0.0308104 0.0390529 9.9973E-05 0.0095103 9.9973E-05
0.294618 0.398596 9.9946E-05 0.228174 9.9946E-05 9.9946E-05 9.9946E-05 9.9946E-05 0.0780127 9.9946E-05
0.275575 0.344571 0.000393185 0.212157 0.0474528 0.00825844 0.00771942 9.9982E-05 0.103673 9.9982E-05
0.296741 0.266526 0.0493022 0.314909 9.9964E-05 9.9964E-05 0.0282062 9.9964E-05 0.0439154 9.9964E-05
0.15606 0.557671 0.0566074 0.118237 0.0436652 9.9991E-05 0.00349159 0.0271828 0.0151598 0.0218258
0.110607 0.551438 0.081409 0.106075 9.9982E-05 9.9982E-05 0.00122649 0.103842 0.00719035 0.0380126
0.133404 0.556926 0.0338305 0.11693 0.0055339 0.0162478 0.0614304 0.00723671 0.0562386 0.0122216
0.320585 0.181543 0.117361 0.122797 0.182238 9.9964E-05 9.9964E-05 9.9964E-05 0.0750776 9.9964E-05
0.0356602 0.512088 0.0858948 0.100827 0.0695915 0.0364334 0.0278349 0.0941902 0.00441576 0.0330646
0.0080573 0.483572 0.0705978 0.00753956 0.232018 0.0179045 0.0763495 0.0256792 0.0290255 0.0492566
0.0187355 9.9982E-05 0.115603 0.00717162 0.592349 0.0117558 0.0647737 0.040925 0.148487 9.9982E-05
0.0227236 0.688956 0.000981437 0.0227588 0.149143 0.0186721 9.9991E-05 0.0673378 0.0227183 0.00660834
0.0110904 0.285357 0.104728 0.0804383 0.288574 0.0208331 0.0724965 0.0469516 0.0528574 0.0366744
9.9991E-05 0.506573 0.0691155 0.0399522 0.19113 0.0423155 0.0413409 0.0534073 0.0181413 0.0379244
0.00954564 0.254363 0.0127348 0.0371578 0.446788 0.0308505 0.137578 0.00703594 0.0638461 9.9991E-05
0.0804648 0.0751437 0.0988146 0.0725443 0.533505 0.00338337 0.0545891 9.9982E-05 0.081355 9.9982E-05
0.05668 0.388003 0.0791434 0.0368863 0.267468 0.00828154 0.0469888 9.9991E-05 0.100851 0.0155982
0.0476277 0.508079 0.0509834 0.000376353 0.147161 0.0149244 0.0641352 0.0802796 0.0364354 0.0499978
0.0759514 0.415624 0.0677025 0.07618 0.127287 0.0339255 9.9991E-05 0.118424 0.0610499 0.0237555
0.0313283 0.0144027 0.11952 0.226541 0.363684 9.9973E-05 9.9973E-05 9.9973E-05 0.14384 0.100384
0.0341026 0.477902 0.0790972 0.0779806 0.0763881 0.00852613 0.0269097 0.0802204 0.0735825 0.0652903
0.0583977 0.305067 0.102235 0.0681681 0.358902 9.9973E-05 0.010636 9.9973E-05 0.0962936 9.9973E-05
0.0906042 0.414971 0.0712339 0.0395495 0.266498 9.9964E-05 9.9964E-05 9.9964E-05 0.116743 9.9964E-05
0.0272774 0.566584 0.0371455 0.0430818 0.0973913 0.0125448 0.0530458 0.0880359 0.0508687 0.0240253
0.00346811 0.172565 9.9982E-05 0.00541905 0.264438 0.0224945 0.00759903 0.312935 9.9982E-05 0.210882
9.9937E-05 9.9937E-05 9.9937E-05 9.9937E-05 0.445026 9.9937E-05 9.9937E-05 0.427536 9.9937E-05 0.126739
9.9946E-05 9.9946E-05 9.9946E-05 9.9946E-05 0.475145 0.0118582 9.9946E-05 0.388479 9.9946E-05 0.123919
9.9964E-05 0.108183 9.9964E-05 9.9964E-05 0.326026 0.0119109 0.00389169 0.297217 9.9964E-05 0.252372
0.0303636 0.609191 0.0195578 9.9964E-05 0.250533 0.00233442 9.9964E-05 9.9964E-05 0.0876206 9.9964E-05
0.0644702 0.602359 0.00976815 9.9982E-05 0.148018 0.0156638 9.9982E-05 0.0351238 0.0665763 0.05782
0.0107632 0.315203 9.9946E-05 0.0118509 9.9946E-05 9.9946E-05 9.9946E-05 9.9946E-05 9.9946E-05 0.661583
0.0417577 0.339239 0.00403268 0.0700192 9.9982E-05 0.0330826 0.000889411 9.9982E-05 0.0375333 0.473246
0.109469 0.401912 9.9964E-05 9.9964E-05 9.9964E-05 0.0279591 9.9964E-05 0.0576876 0.0582559 0.344317
9.9964E-05 0.259686 0.172017 0.0977379 0.393793 9.9964E-05 0.0410694 9.9964E-05 0.0352961 9.9964E-05
0.0582263 0.487237 0.0450558 9.9982E-05 0.165915 0.0142733 9.9982E-05 0.0659836 0.106159 0.0569501
0.013746 0.229834 0.0884014 0.120697 0.468542 9.9973E-05 0.0247958 9.9973E-05 0.0536842 9.9973E-05
0.00640075 0.55396 0.0493402 0.0944669 0.209482 9.9982E-05 0.0423053 0.0237214 0.0201231 9.9982E-05
9.9964E-05 0.482242 0.126085 0.0651686 0.240378 9.9964E-05 0.0623768 9.9964E-05 0.0233509 9.9964E-05
9.9955E-05 0.592571 0.0328964 9.9955E-05 0.333024 9.9955E-05 0.0227834 9.9955E-05 0.0182261 9.9955E-05
9.9964E-05 0.219185 0.0921296 0.0157277 0.542752 9.9964E-05 0.0619365 9.9964E-05 0.0678689 9.9964E-05
9.9973E-05 0.636605 0.0353615 9.9973E-05 0.196481 0.00564778 0.0306788 9.9973E-05 0.0403626 0.0545629
0.0253883 0.613071 0.0583874 0.0224122 0.148615 9.9982E-05 0.0161971 0.113989 0.00173972 9.9982E-05
9.9955E-05 0.0220945 9.9955E-05 9.9955E-05 9.9955E-05 9.9955E-05 0.00748932 0.00246457 0.00747168 0.95998
9.9946E-05 0.0628876 0.0354622 0.00257409 9.9946E-05 9.9946E-05 9.9946E-05 9.9946E-05 9.9946E-05 0.898476
0.00286024 0.260247 0.0303531 0.0476299 9.9991E-05 0.0287575 0.0409146 0.0163696 0.0253355 0.547433
0.0220945 0.326138 9.9946E-05 9.9946E-05 9.9946E-05 9.9946E-05 0.00819274 9.9946E-05 9.9946E-05 0.642975
0.0327268 0.134198 9.9955E-05 0.019387 9.9955E-05 9.9955E-05 9.9955E-05 9.9955E-05 0.00124849 0.81194
9.99201E-05 9.99201E-05 9.99201E-05 9.99201E-05 9.99201E-05 9.99201E-05 9.99201E-05 9.99201E-05 9.99201E-05 0.999101
9.9946E-05 0.0104481 0.00517843 9.9946E-05 9.9946E-05 9.9946E-05 0.0326646 9.9946E-05 9.9946E-05 0.951109
9.9937E-05 0.15933 9.9937E-05 0.013824 9.9937E-05 9.9937E-05 9.9937E-05 9.9937E-05 9.9937E-05 0.826146
0.0122142 9.9955E-05 9.9955E-05 0.0024797 9.9955E-05 0.008205 0.0186531 9.9955E-05 9.9955E-05 0.957948
9.99201E-05 9.99201E-05 9.99201E-05 9.99201E-05 9.99201E-05 9.99201E-05 9.99201E-05 9.99201E-05 9.99201E-05 0.999101
9.99201E-05 9.99201E-05 9.99201E-05 9.99201E-05 9.99201E-05 9.99201E-05 9.99201E-05 9.99201E-05 9.99201E-05 0.999101
0.0179486 0.186656 0.000111899 0.0255569 9.9973E-05 9.9973E-05 0.0156926 0.00371952 9.9973E-05 0.750015
9.9964E-05 0.10817 9.9964E-05 0.055105 9.9964E-05 0.0220117 0.0232954 0.0174473 9.9964E-05 0.77357
9.99201E-05 9.99201E-05 9.99201E-05 9.99201E-05 9.99201E-05 9.99201E-05 9.99201E-05 9.99201E-05 9.99201E-05 0.999101
0.0256318 0.368952 0.0112592 0.057786 0.0415325 0.0264137 0.0207424 0.0408211 0.0283999 0.378462
0.027878 0.241156 9.9982E-05 0.0236075 0.000490469 0.0367874 0.0245866 0.00108458 9.9982E-05 0.644209
9.9937E-05 0.128709 9.9937E-05 9.9937E-05 9.9937E-05 9.9937E-05 9.9937E-05 0.0454146 9.9937E-05 0.825177
9.9946E-05 0.0999089 9.9946E-05 9.9946E-05 9.9946E-05 0.000485045 0.014514 9.9946E-05 9.9946E-05 0.884492
9.99201E-05 9.99201E-05 9.99201E-05 9.99201E-05 9.99201E-05 9.99201E-05 9.99201E-05 9.99201E-05 9.99201E-05 0.999101
0.00111538 0.0254834 9.9955E-05 9.9955E-05 9.9955E-05 9.9955E-05 0.00100233 0.0131585 9.9955E-05 0.958741
9.9928E-05 9.9928E-05 9.9928E-05 9.9928E-05 9.9928E-05 0.00768543 9.9928E-05 9.9928E-05 9.9928E-05 0.991515
9.9973E-05 0.225769 0.00973772 0.000912373 9.9973E-05 9.9973E-05 0.00981845 0.0629467 0.0630251 0.627491
0.00842806 9.9946E-05 9.9946E-05 9.9946E-05 9.9946E-05 0.0180036 9.9946E-05 0.0128141 9.9946E-05 0.960155
9.9964E-05 0.00420895 0.0493037 0.00989621 0.674684 9.9964E-05 9.9964E-05 0.221674 9.9964E-05 0.0398336
0.00403345 0.359804 9.9982E-05 0.0512907 0.292726 0.0257074 0.0323278 0.148182 9.9982E-05 0.085729
9.9973E-05 0.442271 0.0680959 9.9973E-05 0.255587 0.0220309 0.0428893 0.11822 9.9973E-05 0.0506061
0.0118831 0.213229 9.9973E-05 9.9973E-05 0.514931 0.0168712 0.0610108 0.110955 9.9973E-05 0.0708197
0.02896 0.457888 9.9982E-05 9.9982E-05 0.176577 0.0154714 0.0512971 0.138703 0.0455528 0.085352
9.9991E-05 0.135045 0.0161925 0.00486167 0.534421 0.0301893 0.00793396 0.173764 0.00780095 0.0896915
0.0513061 0.440646 0.0472602 0.111169 0.1518 9.9973E-05 9.9973E-05 0.147037 9.9973E-05 0.0504813
9.9964E-05 0.306322 9.9964E-05 0.0273575 0.373901 9.9964E-05 0.0388084 0.142797 9.9964E-05 0.110414
9.9973E-05 0.457591 9.9973E-05 0.00298534 0.267522 0.044671 0.0280973 0.088092 9.9973E-05 0.110741
9.9982E-05 0.368862 0.0275051 0.0341102 0.284785 0.0152323 0.00897871 0.153878 9.9982E-05 0.106449
9.9982E-05 0.447451 9.9982E-05 0.0467428 0.218337 0.047388 0.00930383 0.127486 0.0155024 0.0875892
0.0149113 0.0740335 9.9964E-05 9.9964E-05 0.017595 0.00328986 0.00481299 0.884957 9.9964E-05 9.9964E-05
9.9964E-05 9.9964E-05 0.0456207 0.01657 9.9964E-05 0.0313866 0.00106163 0.844674 9.9964E-05 0.0602876
0.0425698 0.0161006 9.9946E-05 9.9946E-05 9.9946E-05 0.0390569 9.9946E-05 0.901673 9.9946E-05 9.9946E-05
9.9955E-05 9.9955E-05 9.9955E-05 0.00109359 0.0285492 0.0132451 9.9955E-05 0.939633 0.0169793 9.9955E-05
9.99474E-05 0.0519758 9.99474E-05 0.053504 9.99474E-05 0.0663958 9.99474E-05 0.827525 9.99474E-05 9.99474E-05
9.9964E-05 0.0197778 0.00346255 9.9964E-05 9.9964E-05 0.0368904 0.00873035 0.926256 9.9964E-05 0.0044829
9.9964E-05 0.0293859 9.9964E-05 0.0298601 9.9964E-05 0.055631 0.00795171 0.860101 9.9964E-05 0.0166703
0.0312497 9.9973E-05 0.0113933 0.0149968 0.00526204 0.0472066 0.014297 0.875295 9.9973E-05 9.9973E-05
9.9973E-05 0.0293924 9.9973E-05 0.02675 0.00255891 9.9973E-05 0.0300248 0.870404 0.0210059 0.0195643
0.00226743 0.011945 0.00156303 0.0136037 0.0317477 0.024558 0.0293795 0.867231 9.9991E-05 0.0176047
0.0471666 9.9964E-05 9.9964E-05 0.0613984 0.0440239 9.9964E-05 0.209501 0.574593 0.0629178 9.9964E-05
0.0951368 9.9982E-05 0.0286269 0.0597658 0.00907392 0.0115376 0.212364 0.562518 0.0207764 9.9982E-05
0.0761284 9.9982E-05 0.00746944 0.161729 0.0581852 0.011729 0.165403 0.488164 0.0309924 9.9982E-05
0.110655 9.9973E-05 0.00460558 0.16636 0.0686033 9.9973E-05 0.209405 0.423083 0.0169881 9.9973E-05
0.104105 0.418761 9.9982E-05 0.102946 0.00185459 0.0345653 9.9982E-05 0.029701 0.26884 0.0390269
0.0337566 0.421217 0.0120117 0.129287 9.9982E-05 9.9982E-05 0.044062 0.0190451 0.290715 0.0497051
0.160852 0.467756 0.00747221 0.0821125 9.9991E-05 0.00174226 0.0158788 0.0301868 0.201709 0.0321904
0.147203 0.340943 0.00277182 0.173757 9.9982E-05 0.0342072 0.0396425 0.0145808 0.246694 9.9982E-05
0.304919 0.113053 0.0923274 0.371354 9.9973E-05 9.9973E-05 0.055053 9.9973E-05 0.0603229 0.00267019
0.044808 0.658794 0.0249774 9.9964E-05 9.9964E-05 9.9964E-05 0.0241506 0.0531828 0.193687 9.9964E-05
0.0887645 0.599839 0.0146788 0.050486 9.9955E-05 9.9955E-05 9.9955E-05 9.9955E-05 0.245731 9.9955E-05
0.0801026 0.512535 0.0291716 9.9964E-05 0.0991855 0.00012195 9.9964E-05 9.9964E-05 0.278483 9.9964E-05
9.9955E-05 0.374535 0.0567181 9.9955E-05 0.0290862 9.9955E-05 9.9955E-05 9.9955E-05 0.538394 0.000766614
0.0834226 0.598719 0.0538944 0.009727 9.9991E-05 0.0120418 0.0218656 0.0331669 0.147289 0.0397738
0.00183635 0.369963 9.9964E-05 0.108295 9.9964E-05 9.9964E-05 0.0213521 9.9964E-05 0.463004 0.0351496
0.0296838 9.9946E-05 0.0654027 9.9946E-05 0.107557 9.9946E-05 9.9946E-05 9.9946E-05 0.796757 9.9946E-05
0.150138 0.510796 0.014518 0.136036 9.9982E-05 0.0323246 9.9982E-05 0.010772 0.0936693 0.0515458
9.9946E-05 0.170753 0.0268796 9.9946E-05 0.171642 9.9946E-05 9.9946E-05 9.9946E-05 0.630126 9.9946E-05
0.0487322 0.489747 0.0580132 9.9982E-05 0.0156243 0.0146292 0.0141472 9.9982E-05 0.343201 0.0157059
0.0871577 0.085892 9.9955E-05 0.130344 9.9955E-05 9.9955E-05 9.9955E-05 0.0378305 0.658276 9.9955E-05
0.0562125 9.9937E-05 9.9937E-05 9.9937E-05 9.9937E-05 9.9937E-05 0.915832 0.0272564 9.9937E-05 9.9937E-05
9.99201E-05 9.99201E-05 9.99201E-05 9.99201E-05 9.99201E-05 9.99201E-05 0.999101 9.99201E-05 9.99201E-05 9.99201E-05
9.99201E-05 9.99201E-05 9.99201E-05 9.99201E-05 9.99201E-05 9.99201E-05 0.999101 9.99201E-05 9.99201E-05 9.99201E-05
0.0589628 9.9946E-05 9.9946E-05 9.9946E-05 9.9946E-05 9.9946E-05 0.91508 0.0213514 0.00400601 9.9946E-05
9.9928E-05 0.0453898 9.9928E-05 9.9928E-05 9.9928E-05 9.9928E-05 0.953811 9.9928E-05 9.9928E-05 9.9928E-05
9.9928E-05 9.9928E-05 9.9928E-05 9.9928E-05 9.9928E-05 9.9928E-05 0.975943 9.9928E-05 9.9928E-05 0.0232581
9.9973E-05 0.0238301 0.00336102 9.9973E-05 9.9973E-05 0.0232452 0.0115421 0.837899 0.0464215 0.053401
0.00490093 0.0945001 9.9982E-05 0.0202581 9.9982E-05 0.00818973 0.0338619 0.814944 0.0149005 0.00824443
0.0179846 0.154318 0.00883896 0.000812124 9.9982E-05 0.0188919 9.9982E-05 0.773836 0.0144485 0.01067
0.000446022 0.0219284 9.9964E-05 0.00923759 9.9964E-05 9.9964E-05 9.9964E-05 0.842616 0.0502128 0.0751589
0.0167913 0.163431 9.9964E-05 9.9964E-05 0.0168932 0.00737913 9.9964E-05 0.764841 9.9964E-05 0.0302649
0.282091 9.9955E-05 9.9955E-05 9.9955E-05 0.0717431 0.0112435 0.29598 0.338443 9.9955E-05 9.9955E-05
0.248874 9.9964E-05 0.0360899 9.9964E-05 9.9964E-05 0.0177249 0.304577 0.390642 9.9964E-05 0.00169197
0.165071 0.0121935 0.0396831 0.0236075 9.9982E-05 0.0417726 0.357046 0.359912 9.9982E-05 0.000513761
9.99201E-05 9.99201E-05 9.99201E-05 9.99201E-05 9.99201E-05 0.999101 9.99201E-05 9.99201E-05 9.99201E-05 9.99201E-05
0.177869 9.9973E-05 0.0666762 0.0324818 9.9973E-05 0.0373509 0.345788 0.324827 0.0147068 9.9973E-05
9.9955E-05 0.276179 0.0297135 9.9955E-05 0.151547 9.9955E-05 9.9955E-05 0.251966 9.9955E-05 0.290096
0.0633606 0.532727 9.9973E-05 0.0474429 0.0191918 0.0259775 9.9973E-05 0.127423 9.9973E-05 0.183578
9.9955E-05 0.549008 0.0222932 9.9955E-05 9.9955E-05 9.9955E-05 0.0111738 0.172852 9.9955E-05 0.244174
9.9964E-05 0.347102 9.9964E-05 9.9964E-05 0.121215 9.9964E-05 0.037727 0.249312 0.00728733 0.236957
0.00466146 0.520775 9.9982E-05 0.0823791 0.0902114 0.0241729 0.0312677 0.152273 9.9982E-05 0.0940597
9.9955E-05 9.9955E-05 0.0135537 9.9955E-05 0.277359 0.0111294 9.9955E-05 0.392043 9.9955E-05 0.305415
0.176438 0.417008 0.00925466 0.241512 9.9973E-05 0.00958543 0.0971191 9.9973E-05 0.0487828 9.9973E-05
0.128325 0.412175 0.141659 0.0732686 0.112303 0.00369371 0.0327965 9.9991E-05 0.0918783 0.0038009
0.185809 0.212345 0.0434569 0.430307 9.9973E-05 0.00229206 0.0696552 9.9973E-05 0.0558347 9.9973E-05
0.112134 0.500827 0.17163 0.0351104 0.0829668 9.9973E-05 0.0619447 9.9973E-05 0.0350872 9.9973E-05
0.257251 9.9964E-05 0.308604 0.0230752 0.317554 9.9964E-05 0.0268817 9.9964E-05 0.0662338 9.9964E-05
0.0463186 0.518858 0.0345454 0.130194 0.0522489 0.0256355 9.9991E-05 0.0928107 0.0463141 0.0529747
0.100594 0.513916 0.126538 0.0495553 0.0711015 0.00981622 0.0304302 0.023215 0.0513918 0.0234422
0.27648 0.279385 0.0606443 0.269679 0.0294163 9.9982E-05 0.0373763 0.00357254 0.0432471 9.9982E-05
0.0297342 0.538848 0.0598816 0.149722 0.0411918 0.00386034 0.0089809 0.112506 0.0475277 0.00774696
0.145632 0.0603126 0.131158 0.29169 0.238165 9.9964E-05 9.9964E-05 9.9964E-05 0.132642 9.9964E-05
0.0630281 0.543796 0.0663271 0.0880175 0.115576 9.9982E-05 0.0542747 0.0135899 0.0551907 9.9982E-05
0.190492 0.476962 0.0127598 0.135206 0.0576045 9.9982E-05 0.0369385 9.9982E-05 0.0713487 0.0184888
0.0478053 0.386732 0.0366056 0.120905 0.0996539 9.9991E-05 0.0138206 0.107997 0.0702201 0.11616
0.128455 0.30341 0.12587 0.210249 0.117886 9.9973E-05 0.0187478 9.9973E-05 0.0950834 9.9973E-05
0.131427 0.381153 0.0777468 0.135696 0.163224 9.9973E-05 9.9973E-05 9.9973E-05 0.0874903 0.0229629
0.119861 0.546227 0.0968806 0.0803572 0.078153 9.9991E-05 0.0404079 0.000397584 0.0204159 0.0171998
0.0996923 0.547645 0.070469 0.0799585 0.0629342 0.00159425 0.0306568 9.9982E-05 0.10685 9.9982E-05
0.0594794 0.608132 0.0318531 0.0279192 0.0574412 0.0171383 0.0613317 0.0275993 0.069167 0.039939
0.0931729 0.516833 0.0501474 0.0786364 0.0173231 0.00772387 0.0385578 0.070218 0.0807895 0.046598
0.0585446 0.503043 0.00347782 0.173175 0.0777137 9.9991E-05 0.056482 0.0532077 0.0617547 0.0125023
9.9946E-05 0.123653 9.9946E-05 9.9946E-05 9.9946E-05 0.0176147 9.9946E-05 0.825962 9.9946E-05 0.0321708
9.9937E-05 0.12933 9.9937E-05 9.9937E-05 9.9937E-05 0.00568111 9.9937E-05 0.86429 9.9937E-05 9.9937E-05
0.0139192 0.049672 9.9973E-05 9.9973E-05 0.00586516 0.0572895 0.0357909 0.834438 0.00272513 9.9973E-05
9.9964E-05 0.0151915 9.9964E-05 9.9964E-05 9.9964E-05 0.0186048 0.0451427 0.848189 0.0103261 0.0621463
9.9946E-05 0.0975051 9.9946E-05 9.9946E-05 9.9946E-05 0.0242784 0.003276 0.874341 9.9946E-05 9.9946E-05
0.223689 0.0589359 0.0262607 0.468552 0.0663237 0.00869708 0.0677488 0.00628999 0.0704126 0.00309033
0.154133 0.461994 0.078556 0.112653 0.0775209 0.0146745 0.000717613 0.0140917 0.0152486 0.0704113
9.9982E-05 0.414124 0.00752233 9.9982E-05 0.105338 0.00649969 0.0478584 0.165483 0.0332604 0.219714
0.149795 0.574288 9.9982E-05 0.122375 9.9982E-05 0.0374515 0.0131203 0.000325259 0.047438 0.0550069
0.193049 0.467554 9.9955E-05 0.240577 9.9955E-05 9.9955E-05 9.9955E-05 9.9955E-05 0.067146 0.0311746
0.254735 0.273021 0.1369 0.108094 0.203896 0.00520173 9.9973E-05 9.9973E-05 0.017851 9.9973E-05
0.461092 9.9973E-05 0.018172 0.362358 0.0373007 0.00935813 9.9973E-05 0.0635911 0.0478288 9.9973E-05
0.217781 0.447997 9.9982E-05 0.146709 0.0298447 0.00918172 0.061378 0.0428557 0.0440533 9.9982E-05
0.256509 0.167585 0.0397332 0.348573 9.9982E-05 0.00979527 0.120426 0.00946921 9.9982E-05 0.0477083
0.121995 0.459325 0.00479769 0.0449785 0.159394 0.00882094 0.0277486 0.0165976 0.12934 0.0270018
0.268184 0.0770722 0.0604638 0.397855 0.0275093 9.9973E-05 0.107991 0.0606251 9.9973E-05 9.9973E-05
0.173798 0.547093 0.0331949 0.0648325 9.9991E-05 0.0142985 0.0117124 0.0763528 0.015305 0.0633133
0.288789 0.0531617 0.0291622 0.429343 0.030017 0.0238415 0.0261122 0.0383848 0.0735643 0.00762362
0.157499 0.195567 0.111307 0.2165 0.106722 9.9982E-05 0.0159643 9.9982E-05 0.0987154 0.0975261
9.9982E-05 0.51916 0.0691181 0.0675957 0.138542 0.0139018 0.0791653 0.0303066 0.0820105 9.9982E-05
9.9964E-05 0.250318 0.0666114 0.146571 0.447587 9.9964E-05 0.0580472 9.9964E-05 0.0304659 9.9964E-05
0.0256733 0.583744 0.0223618 9.9955E-05 0.324193 9.9955E-05 0.0435278 9.9955E-05 9.9955E-05 9.9955E-05
0.0251436 0.519819 0.0363365 0.0533533 0.200181 0.0266397 0.0799214 0.0321881 0.0263176 9.9991E-05
9.9964E-05 0.257334 0.037617 0.0646221 0.517171 9.9964E-05 0.0747332 9.9964E-05 0.0481233 9.9964E-05
9.9991E-05 0.466921 0.0631148 0.118545 0.138052 0.0327431 0.0890275 0.0333611 0.0541701 0.00396533
0.0375967 0.531462 0.0544204 9.9973E-05 0.284494 0.0177725 0.0489521 9.9973E-05 0.0250024 9.9973E-05
9.9955E-05 0.117541 0.133914 9.9955E-05 0.530833 9.9955E-05 0.0657618 9.9955E-05 0.15145 9.9955E-05
9.9955E-05 0.193159 0.0738864 9.9955E-05 0.585352 9.9955E-05 0.0902929 9.9955E-05 0.0568098 9.9955E-05
0.0144172 0.461407 0.0505414 0.047889 0.345725 0.000599755 0.0767382 9.9982E-05 0.00248181 9.9982E-05
0.0253759 0.0464967 0.0617599 9.9964E-05 0.552632 9.9964E-05 0.0627359 9.9964E-05 0.2506 9.9964E-05
0.00556353 0.406537 0.0392815 0.0673456 0.336711 9.9973E-05 0.0977863 9.9973E-05 0.0464755 9.9973E-05
0.401077 0.10289 0.023716 0.352219 9.9982E-05 0.00260518 0.0194066 0.00534563 0.0925409 9.9982E-05
0.32322 0.165464 0.24613 0.0751458 0.0403769 9.9973E-05 9.9973E-05 9.9973E-05 0.0768914 0.0724727
0.246884 0.351532 0.0443614 0.209822 9.9991E-05 0.0108867 0.0351803 0.0291677 0.036862 0.0352036
0.198059 0.517418 0.0257952 0.099327 9.9982E-05 0.0163165 9.9982E-05 0.0171961 0.0653732 0.0603151
0.365665 0.172085 0.0233076 0.286215 9.9973E-05 9.9973E-05 0.00320926 9.9973E-05 0.124767 0.0244518
0.145247 0.518563 0.0211918 0.0737537 0.130445 9.9991E-05 0.00107019 0.0158054 0.0450414 0.0487823
0.186116 0.533327 0.0620768 0.0356896 0.0115502 0.0223954 0.018151 0.0360621 0.0655368 0.0290951
0.194589 0.463847 0.0833924 0.0863142 0.034671 0.0214196 0.00178636 9.9991E-05 0.0902337 0.0236469
0.187292 0.438571 0.0717196 0.124994 9.9991E-05 0.00654375 0.0224619 0.0375411 0.053441 0.057336
0.250991 0.476597 0.0162916 0.185327 0.000340699 9.9982E-05 0.0162561 9.9982E-05 0.0377192 0.0162771
0.331745 0.224623 0.0365927 0.256222 9.9973E-05 0.0281623 9.9973E-05 9.9973E-05 0.111114 0.0112419
0.299079 0.414527 0.0216123 0.191121 9.9973E-05 9.9973E-05 0.0275305 9.9973E-05 0.013313 0.0325176
0.209527 0.574635 0.0761267 0.0385844 0.0602547 9.9973E-05 9.9973E-05 9.9973E-05 0.0264966 0.0140755
0.0665803 0.564762 0.0526605 0.0698017 0.0682026 0.034263 0.0366083 0.0188964 0.0315748 0.0566507
0.254087 0.32607 0.0365934 9.9973E-05 0.119073 9.9973E-05 9.9973E-05 0.016837 0.157035 0.0900039
0.208925 0.448122 0.128509 0.052367 0.0112477 9.9982E-05 0.00740378 9.9982E-05 0.066148 0.0770774
0.340392 0.308686 9.9973E-05 0.194129 9.9973E-05 0.0171031 0.0052285 9.9973E-05 0.0819621 0.0521988
0.149001 0.506378 0.0324407 0.166845 9.9982E-05 9.9982E-05 0.00871725 0.0542798 0.0493682 0.0327701
0.165226 0.426158 0.0288878 0.160086 9.9982E-05 9.9982E-05 0.0691259 0.0218539 0.0736429 0.0548192
0.110204 0.586099 0.03094 0.0639804 0.0429987 0.0113843 0.0636052 0.063131 0.00547629 0.0221806
0.0109676 0.440806 9.9982E-05 0.0810853 0.00928965 0.0258542 0.0453327 0.278812 9.9982E-05 0.107652
0.00530658 0.505095 0.0313631 0.0806215 0.0884844 0.0046693 0.0359955 0.0898789 0.0181207 0.140465
0.0629981 0.502534 0.053883 0.0337705 0.0455569 0.0184889 0.0308453 0.148619 0.00153268 0.101771
0.0113529 0.518582 0.0973347 0.0112132 0.0819713 0.0117659 0.042521 0.0745088 0.00576236 0.144987
0.013698 0.445402 0.0115922 9.9982E-05 0.145036 0.0201763 9.9982E-05 0.156279 0.0191925 0.188424
0.111741 0.472038 0.146151 0.0814426 0.0736691 9.9973E-05 0.0679324 9.9973E-05 0.0467255 9.9973E-05
0.0194547 0.455888 0.0456146 0.0547643 0.0693383 0.0424318 0.0298897 0.102451 0.0538551 0.126313
0.0444146 0.0480664 0.0756199 0.148966 0.364736 9.9973E-05 9.9973E-05 0.169463 9.9973E-05 0.148434
0.0611363 0.612152 9.9982E-05 0.0181924 0.108601 0.0076324 9.9982E-05 0.10664 0.00217759 0.0832683
0.0559835 0.525341 0.0446227 0.028059 0.0587729 0.00412854 9.9991E-05 0.130232 0.0226099 0.130151
0.0209388 0.547026 0.0444215 0.0616609 0.0729211 0.0237727 9.9991E-05 0.0935918 0.0142895 0.121277
0.0123774 0.270186 0.112708 0.105556 0.212988 0.0180441 9.9991E-05 0.152235 0.0379933 0.0778109
9.9964E-05 0.571556 9.9964E-05 0.0954552 0.0618904 0.0253129 9.9964E-05 0.135705 9.9964E-05 0.10968
0.0553622 0.558311 0.0485325 9.9973E-05 0.0834475 0.0334012 9.9973E-05 0.0787666 9.9973E-05 0.141879
9.9937E-05 9.9937E-05 9.9937E-05 9.9937E-05 0.425216 9.9937E-05 9.9937E-05 0.437561 9.9937E-05 0.136523
0.00104985 0.470899 0.00497988 0.0818941 0.0120302 0.0114292 0.0495967 0.142576 0.0460376 0.179508
9.9973E-05 0.572506 0.04554 0.00945344 0.0962665 0.0315632 9.9973E-05 0.112131 9.9973E-05 0.13224
0.0180728 0.595512 0.0437088 0.0886922 0.0765711 0.00773421 0.00605478 0.0596182 9.9991E-05 0.103936
9.9955E-05 0.563167 9.9955E-05 9.9955E-05 0.0689213 0.0354554 9.9955E-05 0.157166 9.9955E-05 0.174791
9.9973E-05 0.435472 9.9973E-05 0.113123 0.0368181 0.0414754 9.9973E-05 0.165438 0.0847593 0.122615
9.9973E-05 0.415575 0.444767 9.9973E-05 9.9973E-05 0.0190857 0.0019625 0.036829 0.0675368 0.013944
0.029048 0.496824 0.26254 0.0332884 9.9991E-05 0.00630206 0.00376561 0.0707871 0.0632084 0.0341365
0.037796 9.9946E-05 0.92357 9.9946E-05 0.0249394 9.9946E-05 9.9946E-05 9.9946E-05 0.0130946 9.9946E-05
0.00885382 9.9964E-05 0.940697 0.0305663 0.00060972 0.0044681 0.0144051 9.9964E-05 9.9964E-05 9.9964E-05
0.0168947 0.41663 0.350828 0.0665429 0.00845324 0.0365281 0.0251078 0.0593628 9.9991E-05 0.0195519
9.9955E-05 0.339819 0.0995664 9.9955E-05 0.12632 9.9955E-05 9.9955E-05 0.143851 9.9955E-05 0.289943
9.9955E-05 0.340714 0.226008 9.9955E-05 0.0285251 9.9955E-05 9.9955E-05 0.171553 9.9955E-05 0.232701
9.9955E-05 0.174261 0.267745 9.9955E-05 0.10521 9.9955E-05 9.9955E-05 0.173557 9.9955E-05 0.278727
9.9964E-05 0.345856 0.206826 9.9964E-05 0.0741386 0.0376437 9.9964E-05 0.114439 9.9964E-05 0.220696
9.9955E-05 9.9955E-05 0.705303 9.9955E-05 0.137855 0.0168137 9.9955E-05 0.0656824 9.9955E-05 0.0738462
9.9964E-05 0.0795205 0.703307 9.9964E-05 0.0578272 0.0341978 9.9964E-05 0.070315 9.9964E-05 0.0544329
9.9973E-05 0.51592 0.391509 9.9973E-05 0.00985355 9.9973E-05 0.00102334 0.000187815 0.0152246 0.0659816
9.9946E-05 0.369729 0.461082 9.9946E-05 9.9946E-05 9.9946E-05 9.9946E-05 0.084764 9.9946E-05 0.0838255
0.00574202 0.190141 0.682985 9.9964E-05 9.9964E-05 0.0346039 9.9964E-05 0.0371958 9.9964E-05 0.048933
0.0138697 0.535251 0.255545 0.075169 0.0198051 0.0180436 0.0110837 0.0531938 9.9991E-05 0.0179385
9.9955E-05 0.54493 0.328484 9.9955E-05 9.9955E-05 9.9955E-05 0.00494319 0.0676348 9.9955E-05 0.0535091
9.9973E-05 0.4725 0.281685 9.9973E-05 0.0244417 9.9973E-05 0.0370498 0.0831698 0.0132382 0.0876157
0.000168918 0.269206 0.671943 0.00999304 9.9964E-05 0.0184608 9.9964E-05 9.9964E-05 0.0298281 9.9964E-05
0.0166375 0.332378 0.486558 0.104063 0.0230221 0.00104046 0.0137804 0.0223205 9.9982E-05 9.9982E-05
9.9991E-05 0.446536 0.305513 0.0698793 0.0176123 0.017664 0.0438668 0.0171187 0.0630149 0.0186954
0.0356653 0.420488 0.358178 0.00097064 0.0909476 0.00023454 0.0486129 0.0248717 9.9991E-05 0.0199313
0.031593 0.498434 0.244868 0.0443802 0.0177485 9.9982E-05 9.9982E-05 0.119129 0.020872 0.0227749
0.0177411 0.426344 0.438646 0.0243443 0.0700306 0.0102316 0.0049369 0.00522801 0.00239811 9.9991E-05
9.9946E-05 0.135622 0.836923 9.9946E-05 9.9946E-05 9.9946E-05 0.0169578 9.9946E-05 0.00989819 9.9946E-05
9.9946E-05 0.582921 0.387018 9.9946E-05 9.9946E-05 0.0236893 9.9946E-05 9.9946E-05 9.9946E-05 0.0057721
0.0439342 0.131887 0.759947 0.0457862 9.9964E-05 9.9964E-05 0.0172806 9.9964E-05 0.000765643 9.9964E-05
9.9955E-05 0.439624 0.503229 9.9955E-05 9.9955E-05 0.00864063 0.0458824 0.0021236 9.9955E-05 9.9955E-05
0.0307983 0.476367 0.338195 0.0055004 9.9982E-05 0.0317837 0.0267791 0.0597525 0.0306241 9.9982E-05
0.0208869 0.433716 0.330825 0.0694842 0.0181925 0.0361622 0.0355773 9.9991E-05 0.0102166 0.044839
0.0151006 0.519022 0.0927058 0.002864 0.0777059 0.00852897 0.0292999 0.141529 9.9991E-05 0.113144
9.9982E-05 0.447014 0.079621 0.0456267 0.100273 0.030966 0.0433289 0.12532 9.9982E-05 0.127649
9.9964E-05 0.325106 0.0479023 9.9964E-05 0.197193 0.0378624 9.9964E-05 0.17682 9.9964E-05 0.214717
9.9982E-05 0.259012 0.128275 0.0627215 0.0897781 0.0227762 0.0394221 0.145992 9.9982E-05 0.251824
0.000141861 0.370859 0.0196432 0.119763 0.0870253 9.9991E-05 0.00972829 0.137867 0.061631 0.193241
0.0347656 0.379504 0.117319 9.9982E-05 0.0659631 0.0363354 9.9982E-05 0.14744 0.0545829 0.16389
9.9955E-05 9.9955E-05 0.678085 9.9955E-05 0.0611516 0.00657036 9.9955E-05 0.16358 9.9955E-05 0.0901131
9.9973E-05 0.494983 0.190304 9.9973E-05 0.00224402 0.0146838 0.0142609 0.103619 9.9973E-05 0.179605
9.9946E-05 9.9946E-05 0.36975 9.9946E-05 0.228265 9.9946E-05 9.9946E-05 0.318718 9.9946E-05 0.082667
9.9955E-05 0.480541 0.326729 9.9955E-05 9.9955E-05 0.014089 9.9955E-05 0.0331492 9.9955E-05 0.144992
9.9928E-05 0.0688947 0.930306 9.9928E-05 9.9928E-05 9.9928E-05 9.9928E-05 9.9928E-05 9.9928E-05 9.9928E-05
9.9937E-05 9.9937E-05 0.917913 9.9937E-05 9.9937E-05 9.9937E-05 0.00303016 9.9937E-05 0.0783569 9.9937E-05
