9.9964E-05 9.9964E-05 0.837199 0.0449284 0.0509792 9.9964E-05 9.9964E-05 0.0270285 0.00576311 0.0337023
9.9955E-05 0.00052394 0.89289 0.0575719 0.0423576 9.9955E-05 0.00615672 9.9955E-05 9.9955E-05 9.9955E-05
0.00358266 0.0472261 0.830671 0.0110072 9.9973E-05 9.9973E-05 9.9973E-05 0.0327179 0.0418159 0.0326797
9.9973E-05 9.9973E-05 0.770345 0.0406336 0.0435913 0.0107663 0.00599893 0.00526539 9.9973E-05 0.123099
9.9946E-05 9.9946E-05 0.88278 0.0169858 9.9946E-05 9.9946E-05 9.9946E-05 0.0169474 9.9946E-05 0.0826876
0.137197 0.0205982 0.60625 0.0266356 0.0570901 0.00734253 0.023931 0.0514169 0.0139236 0.0556154
0.150738 0.0120328 0.739404 0.0456045 9.9982E-05 9.9982E-05 0.00928612 0.0148159 0.0065916 0.0213274
0.156204 9.9973E-05 0.662606 0.0328481 9.9973E-05 9.9973E-05 0.0250298 0.0620948 0.0285803 0.0323368
0.0423176 9.99549E-05 0.796163 0.0175336 9.99549E-05 9.99549E-05 0.132497 0.0109892 9.99549E-05 9.99549E-05
0.124699 9.9982E-05 0.698561 0.0249209 9.9982E-05 0.0170048 0.0219247 0.0323748 0.0166323 0.0636826
0.11773 9.9964E-05 0.70431 0.0164604 9.9964E-05 9.9964E-05 0.0378298 0.019093 9.9964E-05 0.104177
0.0678254 0.0337408 0.0185127 9.9964E-05 9.9964E-05 9.9964E-05 0.638744 9.9964E-05 0.0244157 0.216362
0.0417413 0.0460383 0.0285195 0.0250661 0.0186143 0.00472618 0.306991 9.9991E-05 0.0182622 0.509941
0.0443751 9.9964E-05 0.0197123 9.9964E-05 0.00917142 9.9964E-05 0.62123 9.9964E-05 0.0575433 0.247568
9.9964E-05 9.9964E-05 0.0263971 0.00739533 0.0543148 9.9964E-05 0.577334 9.9964E-05 0.0793917 0.254767
0.0347546 9.9973E-05 0.0720585 0.00458473 0.00839956 9.9973E-05 0.373914 9.9973E-05 0.0993526 0.406636
0.0887978 9.9982E-05 0.00241235 0.00875675 0.00467233 0.00517639 0.267368 9.9982E-05 0.0803132 0.542303
0.0537922 0.0504951 9.9973E-05 0.0268695 0.00109991 9.9973E-05 0.361017 9.9973E-05 0.0325578 0.473868
0.0845306 9.9964E-05 0.089371 0.00940046 9.9964E-05 9.9964E-05 0.510535 9.9964E-05 0.0595899 0.246174
0.109553 9.9955E-05 0.0115819 0.0045791 9.9955E-05 9.9955E-05 0.838643 9.9955E-05 9.9955E-05 0.0351436
0.0809767 0.0246461 9.9973E-05 0.015408 9.9973E-05 0.0362399 0.420704 9.9973E-05 0.0210876 0.400638
0.226207 0.017216 9.9973E-05 0.0181252 9.9973E-05 0.0508956 0.220383 9.9973E-05 0.0456582 0.421216
0.0187816 0.0781321 0.0396023 0.035098 9.9991E-05 0.0149405 0.239705 0.00234293 0.0422358 0.529062
0.103933 9.9955E-05 0.0480241 9.9955E-05 9.9955E-05 9.9955E-05 0.563888 9.9955E-05 0.0668802 0.216774
0.0246926 0.00490562 0.0577575 0.0227849 0.0144707 0.0466924 0.146562 0.0040632 0.0661595 0.611911
0.0732791 9.9955E-05 0.00968488 9.9955E-05 9.9955E-05 9.9955E-05 0.357331 9.9955E-05 0.034229 0.524976
0.0715404 9.9955E-05 0.0475111 0.00166527 9.9955E-05 9.9955E-05 0.655862 9.9955E-05 9.9955E-05 0.222921
0.0470611 0.0231107 0.00746078 0.00263687 9.9973E-05 9.9973E-05 0.579758 9.9973E-05 0.083032 0.256641
0.131707 9.9946E-05 9.9946E-05 9.9946E-05 9.9946E-05 9.9946E-05 0.615933 9.9946E-05 0.00333527 0.248425
9.99201E-05 9.99201E-05 9.99201E-05 0.999101 9.99201E-05 9.99201E-05 9.99201E-05 9.99201E-05 9.99201E-05 9.99201E-05
9.99201E-05 9.99201E-05 9.99201E-05 0.999101 9.99201E-05 9.99201E-05 9.99201E-05 9.99201E-05 9.99201E-05 9.99201E-05
9.9964E-05 9.9964E-05 0.447192 0.374222 0.0727759 9.9964E-05 9.9964E-05 0.0287908 0.0523033 0.0243158
9.9964E-05 0.0039065 0.483521 0.280369 0.102524 9.9964E-05 9.9964E-05 9.9964E-05 0.0127928 0.116487
0.100328 0.230545 0.106725 0.0119207 9.9973E-05 9.9973E-05 0.0114734 0.0562055 9.9973E-05 0.482503
9.9973E-05 0.236508 0.0628464 0.0109595 0.0529201 0.0296075 0.0882113 9.9973E-05 9.9973E-05 0.518647
9.9955E-05 0.422293 0.00185701 0.00273614 0.0514094 9.9955E-05 9.9955E-05 9.9955E-05 9.9955E-05 0.521205
9.9964E-05 0.0104835 0.0478123 9.9964E-05 9.9964E-05 0.018784 0.736189 0.0115221 9.9964E-05 0.174809
0.0871934 0.592034 9.9964E-05 0.00795201 9.9964E-05 0.0252083 9.9964E-05 9.9964E-05 0.0502295 0.236983
0.0112607 0.181723 0.0642378 0.0159867 0.0886819 0.0158479 0.157127 0.00547433 9.9991E-05 0.459561
0.0341396 0.187477 0.0598332 0.0107384 9.9964E-05 9.9964E-05 9.9964E-05 0.0322978 9.9964E-05 0.675114
0.25985 0.0101069 0.0475929 0.0187067 9.9982E-05 9.9982E-05 0.0849767 0.00421011 0.00940507 0.564951
0.0929817 0.0738171 0.0743547 0.00818016 9.9991E-05 0.0252462 0.0879015 0.0121942 0.0245345 0.60069
9.9955E-05 0.593549 0.0186096 0.0152458 9.9955E-05 9.9955E-05 0.22739 9.9955E-05 9.9955E-05 0.144706
0.220494 9.9982E-05 0.0262195 0.0142145 0.0177791 0.00163977 0.0146733 0.0371279 9.9982E-05 0.667653
0.0175877 0.233176 0.0669479 9.9982E-05 9.9982E-05 0.0554342 0.0273537 0.0127231 0.0547298 0.531848
0.0656872 0.108932 0.146167 0.0294434 0.0359749 0.0178207 9.9982E-05 0.0378828 9.9982E-05 0.557893
9.9946E-05 0.604981 9.9946E-05 9.9946E-05 0.0298401 0.0744598 9.9946E-05 9.9946E-05 9.9946E-05 0.29012
0.0311719 0.264193 0.0302755 0.0160596 0.0303031 9.9982E-05 0.0411856 0.0134914 9.9982E-05 0.57312
0.0243002 0.12739 0.125251 0.0206799 0.0104687 0.0500666 0.039608 0.0117995 0.0277737 0.562662
0.313243 0.685958 9.9928E-05 9.9928E-05 9.9928E-05 9.9928E-05 9.9928E-05 9.9928E-05 9.9928E-05 9.9928E-05
0.0710439 0.0845431 9.9964E-05 9.9964E-05 9.9964E-05 0.0196614 0.551165 0.106749 9.9964E-05 0.166438
0.23323 0.108227 9.9964E-05 9.9964E-05 0.0673159 0.133515 0.310278 9.9964E-05 9.9964E-05 0.147034
0.0830336 0.0223322 0.0457355 0.00885451 0.00354565 0.059698 0.148306 0.00539954 0.0442034 0.578892
0.0810859 0.0350809 0.0487895 9.9991E-05 0.0123552 0.0573815 0.151506 0.000545618 0.067805 0.54535
0.0413482 0.0018924 0.0271529 0.0362793 0.11923 0.0666739 0.129949 9.9982E-05 9.9982E-05 0.577274
0.0528888 0.0831485 0.0962082 0.0210614 9.9973E-05 9.9973E-05 0.483252 0.0616327 9.9973E-05 0.201508
9.9973E-05 0.0149337 9.9973E-05 0.0271804 0.0156288 0.0340462 0.389988 0.0284791 9.9973E-05 0.489444
0.0147532 0.130158 0.0865936 0.0248979 0.000840323 0.000442899 0.162967 9.9991E-05 0.0677695 0.511478
0.0554462 0.0554321 0.116495 0.011714 0.00253205 0.0791363 0.267502 0.00975305 0.0210164 0.380974
0.113289 0.042929 0.137646 0.00990718 9.9973E-05 9.9973E-05 0.530145 0.0138423 9.9973E-05 0.151941
0.0804027 0.0675091 0.0465545 0.00637628 9.9982E-05 9.9982E-05 0.193409 0.0145943 0.0317978 0.559156
0.0154397 0.068971 0.0533872 0.0146866 0.0538813 0.0431063 0.282147 0.0141919 9.9991E-05 0.454089
0.138572 0.0449398 0.0162284 0.039566 9.9973E-05 9.9973E-05 0.647783 0.033147 9.9973E-05 0.0794636
9.9955E-05 0.045488 9.9955E-05 9.9955E-05 9.9955E-05 0.0983327 0.419393 0.0108835 9.9955E-05 0.425403
0.0249436 0.0569934 9.9991E-05 0.0147356 0.0994418 0.133611 0.129733 0.00443498 0.0391898 0.496817
0.0500553 0.00677235 0.0623238 0.0183701 0.0401784 9.9982E-05 0.159911 0.0134694 9.9982E-05 0.64872
0.101844 0.0766182 0.0278984 0.040158 9.9973E-05 9.9973E-05 0.435336 9.9973E-05 0.0589213 0.258924
0.0541937 0.0319296 0.0390464 0.0181697 9.9982E-05 0.0477362 0.267084 9.9982E-05 0.0399723 0.501668
0.0340836 0.0558649 0.0465298 0.0274877 9.9991E-05 0.0805706 0.207959 0.00488131 0.027316 0.515207
0.0770458 0.0352145 0.0117365 0.0324167 0.0029125 0.0121769 0.586006 9.9982E-05 9.9982E-05 0.242291
9.9973E-05 0.459572 0.0195457 0.00330987 9.9973E-05 9.9973E-05 0.0139313 0.0198276 0.0263673 0.457146
9.9955E-05 0.65921 0.0115488 0.013327 9.9955E-05 9.9955E-05 0.109769 9.9955E-05 9.9955E-05 0.205646
0.00730363 0.238826 0.0488072 0.0344082 0.0477703 9.9991E-05 0.0868693 0.0210599 0.0227019 0.492154
0.0670825 0.848545 9.9946E-05 9.9946E-05 0.025892 0.0578804 9.9946E-05 9.9946E-05 9.9946E-05 9.9946E-05
0.101327 0.872417 9.9937E-05 9.9937E-05 9.9937E-05 0.0255565 9.9937E-05 9.9937E-05 9.9937E-05 9.9937E-05
0.00871444 0.69974 9.9955E-05 9.9955E-05 9.9955E-05 0.0324347 9.9955E-05 9.9955E-05 0.011341 0.24727
9.9955E-05 0.4365 9.9955E-05 0.0141618 9.9955E-05 9.9955E-05 0.0670974 0.0384819 9.9955E-05 0.443259
0.0643338 0.184439 0.119933 0.0239093 0.0121403 0.0213554 0.00649279 0.00586473 0.0233253 0.538206
9.9955E-05 0.471054 9.9955E-05 0.000466488 9.9955E-05 0.0177806 9.9955E-05 0.00667656 9.9955E-05 0.503523
9.9955E-05 0.566094 0.0609214 9.9955E-05 9.9955E-05 9.9955E-05 0.196659 0.00860048 9.9955E-05 0.167225
9.9955E-05 0.516087 9.9955E-05 0.00202372 9.9955E-05 9.9955E-05 0.173688 0.0333798 9.9955E-05 0.274321
9.9991E-05 0.249993 0.0786251 0.0103698 0.0391403 0.00248664 0.0395893 0.0438401 0.027534 0.508322
9.9982E-05 0.540837 0.0175912 0.0199485 0.00472763 9.9982E-05 0.0810391 0.0153131 0.00349282 0.31685
9.9955E-05 0.439178 9.9955E-05 0.0338179 9.9955E-05 9.9955E-05 0.0724847 0.0251217 9.9955E-05 0.428898
0.0371123 0.448249 9.9955E-05 0.00612088 9.9955E-05 0.0463825 9.9955E-05 9.9955E-05 9.9955E-05 0.461636
0.172641 0.703148 9.9937E-05 9.9937E-05 9.9937E-05 0.123512 9.9937E-05 9.9937E-05 9.9937E-05 9.9937E-05
0.00119345 0.233604 0.0543722 0.0376276 9.9973E-05 0.0562137 9.9973E-05 9.9973E-05 0.0256786 0.591011
9.9964E-05 9.9964E-05 0.752242 0.0639099 0.0560279 9.9964E-05 0.0432645 0.0302911 9.9964E-05 0.0538645
9.9946E-05 9.9946E-05 0.83165 0.0690841 0.0363857 9.9946E-05 9.9946E-05 9.9946E-05 9.9946E-05 0.0622804
9.9946E-05 9.9946E-05 0.761977 0.0508683 0.110812 9.9946E-05 9.9946E-05 9.9946E-05 9.9946E-05 0.075743
9.9946E-05 9.9946E-05 0.873954 0.0464912 9.9946E-05 9.9946E-05 9.9946E-05 9.9946E-05 0.0485228 0.0304326
9.9955E-05 0.00158613 0.870446 0.052862 9.9955E-05 0.0113374 9.9955E-05 9.9955E-05 0.0632687 9.9955E-05
9.9964E-05 9.9964E-05 0.82066 0.0288063 0.0337674 0.0141626 9.9964E-05 9.9964E-05 0.0199413 0.0822622
9.9937E-05 9.9937E-05 0.888752 0.0251972 9.9937E-05 9.9937E-05 9.9937E-05 9.9937E-05 9.9937E-05 0.0853513
9.999E-05 0.224595 0.0780762 0.00574817 0.0264679 0.0519471 0.084403 0.0112194 0.0361004 0.481343
0.00538848 0.114542 0.0761063 0.0240593 0.0314288 0.0442271 0.127707 0.00341794 0.0472119 0.525912
9.9955E-05 0.689872 0.0364178 9.9955E-05 9.9955E-05 9.9955E-05 0.143929 0.0712968 9.9955E-05 0.0579848
0.027883 0.16941 0.0755964 0.0258906 0.0149035 0.104794 0.0125452 0.00575304 0.00770424 0.55552
9.9964E-05 0.470039 0.0490415 0.0191665 9.9964E-05 9.9964E-05 0.0585702 0.0193248 9.9964E-05 0.383458
9.9973E-05 0.329968 0.038312 0.0284233 9.9973E-05 9.9973E-05 0.0436003 0.0214217 0.0181379 0.519837
0.00202461 0.294944 0.032694 0.00686018 9.9991E-05 0.0798017 0.034944 0.0136415 0.0157655 0.519224
9.9982E-05 0.349001 0.0154675 0.018462 0.052741 0.0543177 0.0104264 0.014871 9.9982E-05 0.484513
9.9946E-05 0.672391 0.0344637 9.9946E-05 9.9946E-05 9.9946E-05 0.283293 0.00925261 9.9946E-05 9.9946E-05
9.9982E-05 0.222295 0.116653 0.0181483 0.0829275 0.0444851 0.052988 0.00518457 9.9982E-05 0.457119
9.9982E-05 0.142638 0.0565006 0.0230559 0.0409105 9.9982E-05 0.104077 0.0300376 0.0177423 0.584838
0.0513603 0.103166 0.099761 0.0298782 9.9982E-05 0.0189485 0.0676808 9.9982E-05 0.0386015 0.590403
0.127778 0.472039 9.9991E-05 0.0234626 0.00812822 0.0695941 0.0235734 0.0100289 0.00481053 0.260485
9.9955E-05 0.398066 9.9955E-05 0.0186225 9.9955E-05 0.0888741 9.9955E-05 9.9955E-05 0.0272724 0.466666
9.9964E-05 0.401438 0.0257397 9.9964E-05 9.9964E-05 9.9964E-05 0.0749265 0.0316916 0.00100471 0.464799
0.00819249 0.530967 9.9955E-05 9.9955E-05 9.9955E-05 0.0616791 9.9955E-05 9.9955E-05 0.0169794 0.381682
9.9964E-05 0.364432 0.04951 9.9964E-05 9.9964E-05 0.0110044 0.104371 0.0294386 9.9964E-05 0.440844
9.9991E-05 0.200655 0.0779399 0.00667383 0.043274 0.0701842 0.0716262 0.0106652 0.0545895 0.464292
0.0773579 0.0111853 9.9982E-05 0.0163238 0.10416 0.146807 0.396844 0.0210878 9.9982E-05 0.226035
0.0852536 0.0148897 0.0739043 9.9964E-05 9.9964E-05 9.9964E-05 0.350048 0.0359038 9.9964E-05 0.439601
0.0434002 0.000911814 0.0768383 0.0114705 0.0802831 0.0474531 0.166471 0.0449903 0.00671868 0.521463
0.04075 0.0202946 0.0333259 0.0183182 0.0966511 0.0123851 0.175651 0.0238562 0.0105846 0.568183
0.0267181 0.0452243 9.9964E-05 0.0226672 9.9964E-05 9.9964E-05 0.3996 0.0292739 9.9964E-05 0.476116
0.00447639 9.9982E-05 0.0300742 0.00217545 0.0825891 0.00519622 0.273852 0.0532988 9.9982E-05 0.548138
9.9955E-05 9.9955E-05 0.0632907 9.9955E-05 9.9955E-05 0.0217281 0.383134 0.060414 9.9955E-05 0.470934
0.045229 0.050296 0.055792 0.0132305 0.0666859 0.111185 0.137949 0.0314391 0.0189562 0.469237
0.0322037 0.0207127 0.0515696 0.00811199 0.0922443 0.0483363 0.172194 0.00633953 9.9991E-05 0.568188
0.0511457 9.9991E-05 0.0544646 0.0230201 0.0136635 0.034568 0.26183 0.0320863 0.000780115 0.528342
9.9973E-05 0.0271501 0.0378286 0.0133045 9.9973E-05 0.0408802 0.27959 0.0474897 9.9973E-05 0.553457
0.03863 9.9982E-05 0.0271517 9.9982E-05 0.0632873 0.0968041 0.102009 0.0466156 0.026981 0.598321
0.0291176 9.9982E-05 0.113826 9.9982E-05 0.0484584 0.0911612 0.0911233 0.0363691 0.0415179 0.548227
0.0389404 0.00569389 9.9982E-05 9.9982E-05 0.0461772 0.0723096 0.205917 0.0108229 0.0512441 0.568694
0.0572282 0.0238013 0.0405007 0.0101914 0.0289924 0.0870664 0.135151 0.0415515 0.055086 0.520431
9.9982E-05 0.0264731 9.9982E-05 0.0164619 0.0155753 0.119005 0.207503 0.0153205 0.0358409 0.563621
0.101162 0.0579123 0.0344776 0.0162455 0.135912 0.103769 0.245961 0.0463652 9.9991E-05 0.258095
0.00227363 0.0286306 0.0274797 0.0183004 0.147552 0.0640152 0.19405 9.9982E-05 9.9982E-05 0.517498
9.9973E-05 0.00509802 9.9973E-05 0.00847704 0.120408 0.0816363 0.139719 0.0477547 9.9973E-05 0.596607
9.9982E-05 0.0634943 0.0401296 9.9982E-05 0.016207 0.0204385 0.615072 0.0341333 0.00179866 0.208526
0.158083 0.0506704 9.9982E-05 9.9982E-05 0.0876498 0.229168 0.356394 0.0241128 0.00337296 0.09035
0.0449205 0.0222213 9.9982E-05 0.0324154 0.0627054 0.0908833 0.237718 0.0383682 9.9982E-05 0.470568
0.211925 0.0760781 9.9964E-05 9.9964E-05 9.9964E-05 0.247233 0.39189 9.9964E-05 0.000366136 0.0721077
0.010434 9.9973E-05 0.0135146 0.0173915 9.9973E-05 0.0298999 0.581759 0.024413 9.9973E-05 0.322288
9.9955E-05 0.0445002 9.9955E-05 9.9955E-05 9.9955E-05 0.0302665 0.500378 0.000427868 9.9955E-05 0.423927
9.9973E-05 0.0966767 0.0442933 0.013215 9.9973E-05 0.00921516 0.481049 0.0195312 9.9973E-05 0.33572
0.0417736 0.0144916 9.9964E-05 9.9964E-05 9.9964E-05 0.0140138 0.577666 0.0133615 9.9964E-05 0.338293
0.0478708 0.0165475 0.0665975 0.0294843 0.0034887 0.0290343 0.229591 9.9982E-05 9.9982E-05 0.577185
0.00889132 0.0445788 0.0571107 0.00920465 0.0648978 0.0599429 0.156662 0.0524506 0.0170586 0.529203
0.0426183 0.0560845 0.0500139 9.9982E-05 9.9982E-05 0.0604866 0.221552 0.00798306 0.0104253 0.550636
0.166648 0.0557234 9.9973E-05 9.9973E-05 0.00293055 0.150773 0.434014 9.9973E-05 0.00592255 0.183688
0.0892894 0.0592064 0.128595 0.0276814 0.00823882 0.0407888 0.0979451 0.0200079 0.0324742 0.495773
0.246546 0.00239372 0.0403481 9.9982E-05 0.0186073 0.0745085 9.9982E-05 0.072964 0.030218 0.514214
0.611591 0.106286 0.0583391 0.00276113 9.9973E-05 0.119012 0.0753538 0.0263569 9.9973E-05 9.9973E-05
0.13345 0.0299563 0.0640503 9.9982E-05 0.00384475 0.00492124 0.0651169 9.9982E-05 0.0724974 0.625963
0.296112 0.0724763 0.0255107 0.0211273 0.023436 0.125761 0.0168536 0.076168 0.0160763 0.32648
0.200133 0.0379771 0.0861489 0.0241646 0.0817163 0.0732792 0.00242022 9.9991E-05 0.0316004 0.46246
0.450298 0.055772 0.00953941 0.0177691 9.9982E-05 0.0425409 0.00997823 0.143365 9.9982E-05 0.270537
0.49322 0.105131 9.9973E-05 0.0144795 9.9973E-05 0.0983048 0.0743498 0.103956 9.9973E-05 0.110258
0.263983 0.102371 0.013556 0.00267888 0.0327293 0.105098 0.0588932 0.0558805 9.9991E-05 0.364709
0.0704549 0.0806539 0.115482 9.9991E-05 0.0499049 0.0558897 0.0790079 0.0538587 0.035599 0.459049
0.113135 0.0641319 0.14324 0.00746582 0.0200664 0.0650646 0.146607 9.9991E-05 0.049867 0.390323
0.344038 0.146596 9.9982E-05 0.00352352 0.0412985 0.125543 0.192316 9.9982E-05 0.0511982 0.0952874
0.148453 9.9982E-05 0.0909363 0.00266816 0.0818051 0.0788177 0.0283139 0.0299234 9.9982E-05 0.538882
0.394101 0.0709518 9.9964E-05 9.9964E-05 9.9964E-05 0.0846939 0.113369 0.000982871 9.9964E-05 0.335501
0.268876 0.0966066 9.9964E-05 9.9964E-05 9.9964E-05 0.0990668 0.100346 0.00108176 9.9964E-05 0.433624
0.125852 0.0708891 0.0668987 0.0209187 0.0110391 0.0512707 9.9991E-05 0.0734614 0.0281021 0.551468
0.200802 9.9982E-05 0.285296 0.00920855 0.24368 9.9982E-05 0.0354584 0.00748818 0.090578 0.127289
0.385938 9.9937E-05 0.364469 9.9937E-05 0.248893 9.9937E-05 9.9937E-05 9.9937E-05 9.9937E-05 9.9937E-05
0.458413 9.9946E-05 0.400339 9.9946E-05 0.033191 9.9946E-05 9.9946E-05 9.9946E-05 0.107457 9.9946E-05
0.235985 9.9973E-05 0.260121 0.00369414 0.279073 9.9973E-05 0.0522361 9.9973E-05 0.120634 0.0479558
0.217417 0.0670746 9.9964E-05 0.0150198 9.9964E-05 0.0599028 0.0308386 9.9964E-05 9.9964E-05 0.609348
0.0893814 0.125856 0.0871177 9.9982E-05 9.9982E-05 0.0714494 0.0313799 0.00180629 0.0221011 0.570708
9.9955E-05 9.9955E-05 9.9955E-05 0.00527926 0.0317511 9.9955E-05 0.00226822 9.9955E-05 0.614576 0.345626
9.9973E-05 0.00612051 9.9973E-05 0.0176248 0.0688203 0.0125002 0.12765 9.9973E-05 0.425241 0.341744
0.00090134 0.0250003 0.06249 0.0211003 0.0792485 0.0363002 0.0960857 9.9991E-05 0.323413 0.35536
0.429973 0.0538742 9.9973E-05 9.9973E-05 9.9973E-05 0.140078 0.0109217 0.042397 0.0191095 0.303346
0.155426 0.0794876 0.0731417 0.00449614 0.0522593 0.0426874 0.0707698 0.0523236 0.00777145 0.461637
0.515127 0.00679389 9.9955E-05 9.9955E-05 9.9955E-05 0.0981146 0.10511 9.9955E-05 9.9955E-05 0.274355
0.234599 9.9964E-05 0.0367074 9.9964E-05 0.000553193 0.104966 9.9964E-05 0.01829 9.9964E-05 0.604485
0.286106 9.9973E-05 0.00124889 9.9973E-05 9.9973E-05 0.102246 0.044333 0.0470506 0.0434182 0.475298
0.287595 9.9955E-05 9.9955E-05 0.0220059 9.9955E-05 0.0611661 9.9955E-05 0.0198624 9.9955E-05 0.60887
0.58867 0.066191 9.9964E-05 9.9964E-05 9.9964E-05 0.03907 0.0275966 0.0418521 9.9964E-05 0.23622
0.143202 0.0383524 0.0446103 0.0241969 9.9982E-05 0.0660188 9.9982E-05 0.00585548 0.0223075 0.655257
0.196235 0.0199497 0.0515649 0.0265538 0.0348615 0.0276469 0.0153956 0.000631854 0.0632675 0.563893
9.9937E-05 9.9937E-05 9.9937E-05 9.9937E-05 9.9937E-05 0.0314153 9.9937E-05 9.9937E-05 0.956804 0.0110809
9.9937E-05 9.9937E-05 9.9937E-05 9.9937E-05 9.9937E-05 0.0379637 9.9937E-05 9.9937E-05 0.876826 0.0845105
9.9982E-05 9.9982E-05 0.0419772 0.0179577 0.00103321 0.03602 0.0555425 0.00801404 0.54987 0.289385
9.9946E-05 9.9946E-05 9.9946E-05 0.0181832 9.9946E-05 9.9946E-05 9.9946E-05 0.00600047 0.601495 0.373721
9.99701E-05 0.0171429 9.99701E-05 0.0181836 0.0483804 9.99701E-05 9.99701E-05 0.00163312 0.761719 0.152541
9.99201E-05 9.99201E-05 9.99201E-05 9.99201E-05 9.99201E-05 9.99201E-05 9.99201E-05 9.99201E-05 0.999101 9.99201E-05
9.9946E-05 9.9946E-05 9.9946E-05 9.9946E-05 9.9946E-05 0.0261595 9.9946E-05 0.0169743 0.931793 0.0244739
9.99481E-05 9.99481E-05 9.99481E-05 9.99481E-05 9.99481E-05 0.00881028 9.99481E-05 0.00170066 0.826436 0.162453
9.9946E-05 9.9946E-05 9.9946E-05 0.00215708 9.9946E-05 9.9946E-05 0.037267 0.034691 0.925285 9.9946E-05
9.99201E-05 9.99201E-05 9.99201E-05 9.99201E-05 9.99201E-05 9.99201E-05 9.99201E-05 9.99201E-05 0.999101 9.99201E-05
9.99201E-05 9.99201E-05 9.99201E-05 9.99201E-05 9.99201E-05 9.99201E-05 9.99201E-05 9.99201E-05 0.999101 9.99201E-05
9.9964E-05 0.00344443 0.00396526 0.00321585 0.0993211 9.9964E-05 9.9964E-05 9.9964E-05 0.69693 0.192723
9.9973E-05 0.0368109 0.0294523 9.9973E-05 0.0255123 9.9973E-05 0.00784852 0.0482808 0.772313 0.0794825
9.99201E-05 9.99201E-05 9.99201E-05 9.99201E-05 9.99201E-05 9.99201E-05 9.99201E-05 9.99201E-05 0.999101 9.99201E-05
0.0346967 0.023537 0.0707959 9.9991E-05 0.105472 0.0492151 0.0423691 0.0296656 0.337377 0.306771
9.9991E-05 0.00160733 0.0045666 0.0195151 0.0396532 0.0121564 0.0259391 0.0372213 0.619808 0.239433
9.9964E-05 0.0137793 0.0269999 0.0029657 0.0741173 9.9964E-05 9.9964E-05 9.9964E-05 0.72173 0.160008
9.9964E-05 9.9964E-05 9.9964E-05 0.00606322 0.00167386 9.9964E-05 0.00365988 0.0240877 0.906972 0.0571432
9.9937E-05 9.9937E-05 9.9937E-05 9.9937E-05 0.0327199 9.9937E-05 9.9937E-05 9.9937E-05 0.950396 0.0161841
9.9946E-05 9.9946E-05 0.00371675 9.9946E-05 0.0309393 9.9946E-05 9.9946E-05 9.9946E-05 0.912209 0.0525355
9.9928E-05 9.9928E-05 9.9928E-05 0.0104558 9.9928E-05 9.9928E-05 9.9928E-05 9.9928E-05 0.988745 9.9928E-05
9.9973E-05 0.0458145 0.0265364 0.0108157 0.0668775 9.9973E-05 9.9973E-05 0.0409841 0.578464 0.230208
0.00785882 9.9955E-05 9.9955E-05 0.00201799 0.0866465 0.0034716 9.9955E-05 9.9955E-05 0.899505 9.9955E-05
0.644287 9.9964E-05 0.233278 9.9964E-05 0.00771178 0.0429653 9.9964E-05 9.9964E-05 0.0699498 0.00140869
0.299271 9.9973E-05 0.151188 0.00800754 0.0250707 9.9973E-05 9.9973E-05 0.0650503 0.0725994 0.378513
0.300497 9.9973E-05 0.0874725 0.000549518 0.116993 9.9973E-05 9.9973E-05 0.0416979 0.00547386 0.447017
0.460781 9.9973E-05 0.144675 0.000196882 0.106087 9.9973E-05 9.9973E-05 0.0478038 0.0283108 0.211845
0.147843 0.0595823 0.0893873 0.0275344 0.0206975 0.0253852 0.0477883 0.0484865 0.118238 0.415057
0.495308 0.0147486 0.152747 0.0165603 0.0892474 9.9982E-05 0.0226031 9.9982E-05 0.074057 0.134529
0.103836 0.0746324 0.149916 0.00637028 0.0781707 0.0103437 0.0675842 0.0264244 0.0655518 0.417171
0.389292 9.9982E-05 0.147876 0.00448367 0.0261363 0.00518119 9.9982E-05 0.025502 0.0800946 0.321234
0.212444 9.9973E-05 0.142514 0.00124998 0.142068 9.9973E-05 0.0262558 9.9973E-05 0.0252247 0.449943
0.296585 9.9973E-05 0.119293 0.0284552 0.129933 9.9973E-05 9.9973E-05 0.00606995 0.0579622 0.361402
0.191378 0.0258564 0.0771934 0.0392012 0.150859 0.033854 0.0412333 0.00155852 0.0653154 0.373551
0.0119462 9.9964E-05 0.852788 0.0304777 9.9964E-05 9.9964E-05 9.9964E-05 0.0378865 0.00480741 0.0616939
9.9955E-05 0.00760842 0.846054 0.0411479 9.9955E-05 0.0362659 9.9955E-05 9.9955E-05 0.0684239 9.9955E-05
9.9955E-05 9.9955E-05 0.886303 0.0408314 9.9955E-05 0.00857764 9.9955E-05 0.0294003 9.9955E-05 0.0343877
0.0242737 0.0124786 0.939545 0.017487 9.9955E-05 9.9955E-05 0.00571557 9.9955E-05 9.9955E-05 9.9955E-05
9.9955E-05 9.9955E-05 0.864655 0.0477789 9.9955E-05 9.9955E-05 0.0083026 0.0186237 9.9955E-05 0.0601398
9.9955E-05 9.9955E-05 0.887686 0.0454981 0.0524058 0.0038629 0.0100478 9.9955E-05 9.9955E-05 9.9955E-05
9.9964E-05 9.9964E-05 0.850881 0.0428316 9.9964E-05 9.9964E-05 0.0152319 0.0135869 0.036076 0.0409927
9.9973E-05 9.9973E-05 0.882265 0.0416127 0.00339348 0.0120166 0.025603 0.0245032 9.9973E-05 0.0103059
0.0165359 0.0454327 0.854515 0.0278698 9.9973E-05 9.9973E-05 9.9973E-05 0.00152202 0.0389832 0.014841
0.0476406 9.9955E-05 0.838345 0.0257233 0.0747278 9.9955E-05 9.9955E-05 0.0130631 9.9955E-05 9.9955E-05
0.0467464 0.0370374 0.548517 9.9964E-05 0.0316742 9.9964E-05 0.108636 0.226989 9.9964E-05 9.9964E-05
0.0181915 0.02293 0.553212 0.0344155 9.9964E-05 9.9964E-05 0.160837 0.210014 9.9964E-05 9.9964E-05
0.0941435 0.0289046 0.503052 0.0165745 9.9973E-05 0.0177689 0.158412 0.180845 9.9973E-05 9.9973E-05
0.0948984 0.0401842 0.435308 9.9955E-05 9.9955E-05 9.9955E-05 0.24619 0.182919 9.9955E-05 9.9955E-05
0.0110103 0.246616 0.0438289 0.0182583 9.9973E-05 9.9973E-05 0.173763 0.0262604 9.9973E-05 0.479964
9.9982E-05 0.263352 0.0411422 0.00270559 0.0226352 9.9982E-05 0.108464 0.0298996 0.0139094 0.517692
9.9973E-05 0.172439 0.0504525 9.9973E-05 9.9973E-05 0.0471877 0.166517 0.00751268 0.0300936 0.525497
0.00896677 0.239879 0.00672979 0.0188792 9.9973E-05 0.0227362 0.348558 9.9973E-05 9.9973E-05 0.353951
0.020011 0.0475313 9.9973E-05 9.9973E-05 9.9973E-05 0.0527195 0.60856 0.0783709 0.00283104 0.189676
9.9955E-05 0.204976 0.0750109 9.9955E-05 9.9955E-05 0.0460316 9.9955E-05 0.0393833 9.9955E-05 0.634099
9.9964E-05 0.258902 9.9964E-05 9.9964E-05 9.9964E-05 0.0152014 0.101014 0.0194751 0.0171026 0.587905
0.0128013 0.283515 9.9973E-05 9.9973E-05 0.0292211 0.0843429 0.0592853 0.0271996 9.9973E-05 0.503335
9.9946E-05 0.541995 9.9946E-05 9.9946E-05 0.033817 0.0872717 9.9946E-05 9.9946E-05 9.9946E-05 0.336316
0.0325462 0.155888 0.0201439 0.00850413 0.0510318 0.0691641 0.0471352 0.0012327 0.0649191 0.549435
9.9955E-05 0.435347 0.0135535 0.0224733 9.9955E-05 9.9955E-05 0.0949324 9.9955E-05 9.9955E-05 0.433194
0.0498264 0.804443 9.9937E-05 9.9937E-05 9.9937E-05 0.145032 9.9937E-05 9.9937E-05 9.9937E-05 9.9937E-05
9.9982E-05 0.105547 0.025321 0.0334398 0.0675443 0.0396729 0.165248 0.00291955 9.9982E-05 0.560107
0.143776 0.621175 9.9955E-05 9.9955E-05 9.9955E-05 0.0729281 9.9955E-05 9.9955E-05 0.00079397 0.160827
9.9982E-05 0.338214 0.00649169 0.0322255 9.9982E-05 0.0656125 0.0313534 0.00586689 0.0168516 0.503185
9.9946E-05 0.638756 0.0151823 9.9946E-05 9.9946E-05 9.9946E-05 0.18883 9.9946E-05 9.9946E-05 0.156631
9.9937E-05 0.013335 0.0365116 9.9937E-05 9.9937E-05 9.9937E-05 9.9937E-05 0.949454 9.9937E-05 9.9937E-05
9.9928E-05 9.9928E-05 9.9928E-05 9.9928E-05 9.9928E-05 9.9928E-05 9.9928E-05 0.997424 9.9928E-05 0.00177652
9.99201E-05 9.99201E-05 9.99201E-05 9.99201E-05 9.99201E-05 9.99201E-05 9.99201E-05 0.999101 9.99201E-05 9.99201E-05
0.00365444 0.00248747 0.0264997 9.9955E-05 9.9955E-05 9.9955E-05 0.049269 0.91759 9.9955E-05 9.9955E-05
9.99279E-05 9.99279E-05 9.99279E-05 9.99279E-05 9.99279E-05 9.99279E-05 9.99279E-05 0.943624 9.99279E-05 0.055577
9.9937E-05 9.9937E-05 9.9937E-05 9.9937E-05 9.9937E-05 9.9937E-05 9.9937E-05 0.940713 0.0260278 0.0325592
9.9982E-05 0.0347355 0.832706 0.0173636 0.0279594 0.00555982 9.9982E-05 0.0232165 0.0223972 0.0358623
0.00750535 0.00392938 0.806566 0.0049416 0.0227009 9.9982E-05 9.9982E-05 0.0358982 0.00441283 0.113846
9.9964E-05 0.00977065 0.753274 0.0163849 0.057559 0.0145176 9.9964E-05 9.9964E-05 9.9964E-05 0.148093
9.9964E-05 0.0721529 0.833748 0.00323313 0.00407131 9.9964E-05 9.9964E-05 9.9964E-05 0.0600723 0.0263224
0.0286998 0.000611084 0.741234 0.0198646 9.9973E-05 9.9973E-05 9.9973E-05 0.00584179 0.0654185 0.138031
0.0602648 9.9964E-05 0.347013 0.0125012 9.9964E-05 0.000520383 0.187858 0.391443 9.9964E-05 9.9964E-05
9.9964E-05 9.9964E-05 0.33703 0.0244304 0.0406282 0.00417537 0.189006 0.40433 9.9964E-05 9.9964E-05
9.9964E-05 9.9964E-05 0.366293 0.0198843 0.0458527 0.0234618 0.163223 0.380885 9.9964E-05 9.9964E-05
9.99201E-05 9.99201E-05 9.99201E-05 0.999101 9.99201E-05 9.99201E-05 9.99201E-05 9.99201E-05 9.99201E-05 9.99201E-05
9.9964E-05 0.00221647 0.346533 0.0275416 9.9964E-05 0.0650724 0.206789 0.351447 9.9964E-05 9.9964E-05
0.0997639 9.9964E-05 0.190343 9.9964E-05 0.393713 0.00250856 9.9964E-05 9.9964E-05 0.0799437 0.233329
0.0704755 0.00511677 0.117553 9.9973E-05 0.178401 9.9973E-05 0.0390908 9.9973E-05 0.0714857 0.517577
9.9955E-05 9.9955E-05 0.173983 0.0148405 0.153497 9.9955E-05 9.9955E-05 9.9955E-05 0.124176 0.533004
0.0837756 0.00120824 0.240097 9.9991E-05 0.221296 0.0217966 0.00455277 0.00522967 0.100855 0.321089
0.0283007 9.9991E-05 0.153521 0.0339129 0.0312048 0.0457181 0.0716156 0.0216183 0.0847913 0.529217
0.211553 9.9964E-05 0.301654 0.0112858 0.451858 9.9964E-05 9.9964E-05 0.00386353 0.0193859 9.9964E-05
0.0274817 0.0212851 0.00379425 9.9973E-05 9.9973E-05 0.0456943 0.345639 0.130487 9.9973E-05 0.425318
0.0932165 0.0333917 9.9973E-05 9.9973E-05 0.01864 0.224571 0.188691 0.0258209 9.9973E-05 0.415369
0.0389716 0.0762592 0.00791706 9.9973E-05 9.9973E-05 0.000627872 0.578259 0.0333302 9.9973E-05 0.264335
0.0528353 0.0210107 9.9964E-05 9.9964E-05 9.9964E-05 0.190044 0.21714 9.9964E-05 0.00104388 0.517526
0.278271 0.0488902 9.9955E-05 9.9955E-05 9.9955E-05 0.296282 0.369476 0.00658126 9.9955E-05 9.9955E-05
0.0678618 0.0632082 0.0669844 0.0370959 0.0585114 9.9991E-05 0.131357 0.0127127 0.0118612 0.550307
0.0765841 0.0216693 0.00061911 0.02234 0.0401898 0.0819464 0.148361 0.0760026 0.0128456 0.519442
0.104626 9.9973E-05 0.023673 0.0192494 9.9973E-05 0.00282329 0.469301 0.0244542 9.9973E-05 0.355573
0.0101518 0.0759084 0.092258 0.0178644 9.9982E-05 0.0580589 0.205992 9.9982E-05 0.0301175 0.509449
0.273161 0.10109 9.9955E-05 9.9955E-05 9.9955E-05 0.0988268 0.398921 9.9955E-05 9.9955E-05 0.127501
0.109971 0.0266362 9.9982E-05 9.9982E-05 0.0255981 0.06607 0.205594 0.0278726 0.00595254 0.532105
9.9973E-05 0.0454632 0.0184213 9.9973E-05 9.9973E-05 0.0413928 0.349309 0.0482233 0.0128133 0.484077
0.095832 0.0288484 0.0453847 9.9982E-05 0.210871 0.0501164 0.17237 9.9982E-05 0.0105973 0.38578
0.130327 0.104612 9.9964E-05 9.9964E-05 0.0336355 0.142259 0.284437 9.9964E-05 9.9964E-05 0.30433
0.0987363 0.0842855 9.9973E-05 9.9973E-05 0.0714658 0.0861168 0.282751 0.0142004 9.9973E-05 0.362144
0.0342029 0.0163583 9.9982E-05 9.9982E-05 0.0293522 0.15839 0.157193 0.0317366 0.0209828 0.551585
0.0687712 0.0560789 9.9982E-05 0.00594078 0.00459948 0.107822 0.186291 0.0232556 9.9982E-05 0.547041
0.044046 0.0586155 0.0160879 0.0272561 0.0881689 0.0491812 0.0603634 0.0243194 0.000334276 0.631627
0.0248041 0.123893 0.0716844 9.9982E-05 0.0699479 9.9982E-05 0.113957 0.0548483 0.0368023 0.503862
0.0486536 0.0415335 0.0175362 0.0122697 0.0462564 0.0643339 0.158625 0.0624773 0.0384965 0.509818
9.9946E-05 9.9946E-05 0.820179 0.0220883 9.9946E-05 9.9946E-05 9.9946E-05 9.9946E-05 0.0195459 0.137587
9.9937E-05 9.9937E-05 0.861096 0.012357 9.9937E-05 9.9937E-05 9.9937E-05 9.9937E-05 9.9937E-05 0.125848
0.0165904 9.9955E-05 0.834827 0.043412 9.9955E-05 9.9955E-05 9.9955E-05 0.0431826 9.9955E-05 0.0614885
9.9973E-05 0.00401276 0.872562 0.0314565 9.9973E-05 0.00902705 9.9973E-05 0.00353304 0.0614835 0.0176248
9.9946E-05 9.9946E-05 0.858499 0.0230513 9.9946E-05 9.9946E-05 9.9946E-05 0.00993641 9.9946E-05 0.107913
0.0666337 0.0617722 0.0240973 0.0102919 0.0315085 9.9991E-05 0.680326 0.0211892 0.00468152 0.0994001
0.0658168 0.0571318 0.0363588 9.9991E-05 0.0967306 0.0547104 0.190203 0.00564304 0.00346819 0.489837
0.0589361 0.0426967 0.136347 0.0103302 0.217084 9.9991E-05 0.0329611 0.0557596 0.0903756 0.355409
9.9982E-05 0.0107481 0.0165491 9.9982E-05 0.0264521 0.0204248 0.251808 0.0178949 0.0533558 0.602567
9.9964E-05 0.0516892 0.0268537 0.00788683 9.9964E-05 9.9964E-05 0.381355 9.9964E-05 0.0318484 0.499967
0.193782 0.0264217 9.9964E-05 9.9964E-05 9.9964E-05 0.115921 0.380352 9.9964E-05 0.00959358 0.27353
0.0370365 9.9955E-05 0.0553245 0.024428 9.9955E-05 0.00955747 0.873154 9.9955E-05 9.9955E-05 9.9955E-05
9.9982E-05 0.107301 0.0853786 0.00429016 0.0259536 0.00442711 0.265511 0.0863676 9.9982E-05 0.420571
0.0305245 9.9964E-05 0.0350293 9.9964E-05 9.9964E-05 9.9964E-05 0.508506 0.136127 0.0530112 0.236403
0.119621 0.0685372 0.0315391 9.9982E-05 0.0740366 0.057996 0.175395 0.0309702 9.9982E-05 0.441705
0.0110657 9.9964E-05 0.0712645 9.9964E-05 9.9964E-05 0.0525426 0.652744 0.0739863 9.9964E-05 0.137997
9.9982E-05 0.00536368 0.0291606 9.9982E-05 0.0367152 0.0457649 0.231429 0.0847208 0.0723799 0.494266
0.0791521 0.0628452 0.0276598 0.0117929 0.0526021 9.9982E-05 0.629675 0.0239231 9.9982E-05 0.11215
0.0887901 0.0596334 9.9973E-05 9.9973E-05 0.0892129 0.0986832 0.387165 9.9973E-05 0.0372891 0.238926
0.156979 0.0382431 0.0338468 0.0178263 0.0333051 0.0820915 0.0483592 0.0439487 9.9991E-05 0.545301
0.485138 0.0205394 9.9964E-05 9.9964E-05 9.9964E-05 0.0682607 0.0130711 0.0916206 9.9964E-05 0.32097
0.310819 9.9982E-05 0.0178544 9.9982E-05 0.00794986 0.013652 0.0557024 0.0325799 0.0235475 0.537695
0.225517 0.0204308 0.0198247 0.0247254 0.0613232 9.9991E-05 0.0521682 0.0403391 0.014911 0.54066
0.533982 0.0517048 9.9964E-05 9.9964E-05 9.9964E-05 0.0375914 0.0352762 0.0211379 9.9964E-05 0.319908
0.130553 0.0391411 0.0799241 0.0255538 9.9991E-05 0.112865 0.0414049 0.00238714 0.0333021 0.534769
0.299051 0.0463053 9.9964E-05 0.00271136 9.9964E-05 0.0234508 9.9964E-05 0.109064 9.9964E-05 0.519017
0.537148 0.0817242 9.9955E-05 9.9955E-05 9.9955E-05 0.14258 9.9955E-05 0.0767549 9.9955E-05 0.161293
0.611378 0.0294429 9.9955E-05 9.9955E-05 9.9955E-05 0.0415089 9.9955E-05 0.0902859 9.9955E-05 0.226885
0.372226 9.9946E-05 9.9946E-05 9.9946E-05 9.9946E-05 0.0301219 9.9946E-05 0.0947632 9.9946E-05 0.502289
0.56076 0.147415 9.9955E-05 9.9955E-05 9.9955E-05 0.0919754 9.9955E-05 0.0939511 9.9955E-05 0.105398
0.344161 0.0373569 9.9964E-05 9.9964E-05 9.9964E-05 0.0500901 0.0492583 0.0799009 9.9964E-05 0.438833
9.9964E-05 0.0245565 0.00396078 0.00993075 9.9964E-05 0.0244915 0.782074 9.9964E-05 9.9964E-05 0.154587
9.9955E-05 0.0139519 9.9955E-05 9.9955E-05 0.103419 0.261714 0.481873 9.9955E-05 9.9955E-05 0.138542
9.9991E-05 0.0345256 0.00336983 0.0043746 0.072292 0.0299768 0.465098 0.00514011 0.0387069 0.346416
9.9973E-05 0.0422437 0.00505741 9.9973E-05 0.166434 0.0106821 0.321043 0.0119582 9.9973E-05 0.442282
9.9964E-05 0.0936256 9.9964E-05 9.9964E-05 0.00677358 9.9964E-05 0.681454 0.00110611 0.0158918 0.200749
0.0983847 0.0478159 0.0431916 0.0234791 0.0617432 0.0275377 0.164862 0.00396251 9.9991E-05 0.528924
9.9982E-05 0.0224402 0.0346429 0.0296178 9.9982E-05 0.0608955 0.258969 0.0100517 0.0613321 0.521851
9.9973E-05 0.068765 9.9973E-05 0.0256541 0.0711415 0.0739608 0.297093 9.9973E-05 0.0148724 0.448214
9.9982E-05 0.0198845 9.9982E-05 0.0107467 0.117647 0.0752488 0.272659 0.0185071 0.000914796 0.484192
9.9964E-05 0.000929692 9.9964E-05 0.0217547 9.9964E-05 9.9964E-05 0.435548 0.0575044 0.0243889 0.459474
9.9973E-05 0.0655775 9.9973E-05 0.00890662 0.0340507 0.0290338 0.607641 0.00562286 9.9973E-05 0.248868
9.9964E-05 9.9964E-05 9.9964E-05 9.9964E-05 0.00701683 0.0722044 0.481169 0.0183621 0.0127465 0.408101
0.0375315 9.9964E-05 9.9964E-05 9.9964E-05 0.0913091 0.0763764 0.2043 0.0212892 9.9964E-05 0.568794
0.0157036 0.016001 0.0400314 9.9991E-05 0.0652367 0.0669908 0.172941 0.0164131 0.0245877 0.581995
0.0585609 0.0980223 0.0095664 0.00342145 0.159355 0.088659 0.281877 0.0228998 0.0236998 0.253939
9.9973E-05 0.0510593 9.9973E-05 9.9973E-05 0.0973407 0.138988 0.253197 0.023263 0.0475197 0.388333
9.9982E-05 9.9982E-05 0.00182889 0.000765102 0.0350893 0.0385982 0.503808 0.0476234 0.0325414 0.339546
0.00438489 9.9982E-05 0.0259249 9.9982E-05 0.0563232 0.0748225 0.293777 0.00742424 0.0445164 0.492627
9.9982E-05 0.00963806 0.0266419 0.0110958 9.9982E-05 0.0553024 0.307645 0.0488619 0.0841424 0.456473
0.0520528 9.9991E-05 0.0548671 0.00234886 0.0659102 0.0180468 0.182227 0.0267737 0.0354363 0.562237
0.0274414 9.9973E-05 0.293216 0.00680681 0.0903372 9.9973E-05 0.0726018 9.9973E-05 0.0585716 0.450725
0.0797577 9.9982E-05 0.0785375 9.9982E-05 0.222829 0.0229292 0.0705722 0.0127233 0.0298391 0.482612
0.0738949 0.0705862 0.0974752 0.0371292 0.200166 0.0253818 0.0109328 0.0336268 0.0406521 0.410155
0.0446107 0.030717 0.0398362 9.9991E-05 0.24208 0.0766998 0.0627038 0.0330925 0.0188077 0.451352
0.0681349 0.0885363 0.121247 9.9964E-05 0.344252 9.9964E-05 0.00755386 9.9964E-05 9.9964E-05 0.369877
0.101217 9.9955E-05 9.9955E-05 9.9955E-05 9.9955E-05 0.179904 0.170621 0.0421146 9.9955E-05 0.505644
0.0962839 0.0698074 0.094146 0.0601328 0.174947 9.9982E-05 0.0161309 0.0252457 9.9982E-05 0.463106
0.306005 0.0273537 0.146149 9.9973E-05 0.168078 0.0724349 0.166627 9.9973E-05 0.113053 9.9973E-05
0.0551749 9.9982E-05 0.0294215 0.0152862 0.235856 0.0381735 0.119473 0.0103258 9.9982E-05 0.496089
0.0556477 0.0428345 0.0913739 0.012819 0.131553 0.0365847 0.0374627 0.0344172 0.0853408 0.471966
0.0533416 0.0529955 0.0290692 0.0253623 0.135342 0.0531072 0.0773416 9.9991E-05 0.0960093 0.477331
0.153833 0.0283108 0.124322 0.0303531 0.164813 0.0764076 0.133483 9.9991E-05 0.0228477 0.26553
0.0257754 0.00493096 0.165602 0.00829071 0.187035 9.9982E-05 0.104891 9.9982E-05 0.00464921 0.498625
0.036506 9.9982E-05 0.0758486 0.00384677 0.301806 0.0695957 0.0170698 0.0407262 9.9982E-05 0.454401
0.357578 9.9937E-05 0.401601 9.9937E-05 0.240122 9.9937E-05 9.9937E-05 9.9937E-05 9.9937E-05 9.9937E-05
0.0404375 0.0280374 0.11901 0.0421964 0.154844 0.00901539 0.103892 9.9991E-05 0.0826303 0.419838
0.0483694 9.9982E-05 0.123017 0.020543 0.236239 0.0171765 9.9982E-05 0.00568602 0.0508257 0.497944
0.0607654 0.025044 0.0532007 0.024823 0.0771293 0.0861885 0.0699542 9.9991E-05 0.0693449 0.53345
0.0458342 9.9973E-05 0.151221 0.0223666 0.189424 0.0177438 9.9973E-05 9.9973E-05 0.0771288 0.495981
0.0750072 0.0726199 0.163809 0.0255757 0.0262872 9.9982E-05 0.0391127 9.9982E-05 0.0907044 0.506684
9.9973E-05 0.0517899 0.0756697 0.0109827 9.9973E-05 0.416897 9.9973E-05 0.0237754 0.00424272 0.416342
0.00332725 0.0766142 0.0943512 9.9973E-05 9.9973E-05 0.251558 0.0826836 9.9973E-05 0.0387338 0.452432
0.0126495 0.0181991 9.9946E-05 9.9946E-05 9.9946E-05 0.91995 0.048602 9.9946E-05 9.9946E-05 9.9946E-05
0.0413552 9.9946E-05 9.9946E-05 0.0011953 9.9946E-05 0.905798 0.0510521 9.9946E-05 9.9946E-05 9.9946E-05
0.0575023 9.9991E-05 0.0190511 0.0141128 0.0593417 0.339744 0.03986 0.018018 0.0521993 0.400071
0.0411818 9.9964E-05 0.0986197 9.9964E-05 0.333599 0.109883 9.9964E-05 9.9964E-05 0.118504 0.297813
9.9955E-05 9.9955E-05 0.0695326 9.9955E-05 0.430068 0.210734 9.9955E-05 9.9955E-05 0.0345515 0.254613
0.0518489 9.9964E-05 0.116042 9.9964E-05 0.339804 0.275289 9.9964E-05 9.9964E-05 0.121779 0.0948369
0.00842353 9.9973E-05 0.0303565 0.0367384 0.396494 0.228383 9.9973E-05 9.9973E-05 0.034198 0.265107
0.0462394 9.9955E-05 0.0485331 0.0269172 0.127971 0.74984 9.9955E-05 9.9955E-05 9.9955E-05 9.9955E-05
0.00742973 0.00100347 0.0417275 0.0439131 0.15213 0.682783 9.9982E-05 0.00486041 9.9982E-05 0.0659524
9.9964E-05 9.9964E-05 0.00416762 9.9964E-05 0.0717009 0.361618 0.000544823 0.00372686 9.9964E-05 0.557842
9.9955E-05 9.9955E-05 0.072429 9.9955E-05 0.0384592 0.462858 9.9955E-05 9.9955E-05 0.0895965 0.336157
9.9973E-05 0.00434495 0.0276128 0.0213558 0.0868621 0.721798 9.9973E-05 9.9973E-05 0.0106855 0.127041
9.9982E-05 9.9982E-05 0.0547624 0.0178701 0.0189455 0.309316 0.0144953 0.0237278 0.0489004 0.511783
9.9973E-05 9.9973E-05 0.0114453 0.0118733 0.12981 0.333092 9.9973E-05 0.0182756 0.0032578 0.491946
9.9982E-05 0.0194615 0.0576286 9.9982E-05 0.0541404 0.300594 0.0453905 0.00921451 0.0589974 0.454373
9.9946E-05 9.9946E-05 9.9946E-05 0.00931542 9.9946E-05 0.630867 0.0496614 9.9946E-05 9.9946E-05 0.309556
0.0142966 9.9955E-05 0.0252862 9.9955E-05 9.9955E-05 0.492784 0.0691294 9.9955E-05 9.9955E-05 0.398003
0.031691 0.020884 0.0541755 9.9973E-05 9.9973E-05 0.342261 0.0501673 0.012151 9.9973E-05 0.488371
0.0497263 0.0409806 9.9982E-05 0.0105249 0.0509006 0.369408 0.015963 0.0561499 9.9982E-05 0.406147
9.9973E-05 0.0159966 0.0874344 9.9973E-05 0.0652637 0.27274 0.0831374 9.9973E-05 0.0568318 0.418296
9.9946E-05 0.0395862 0.0647628 9.9946E-05 9.9946E-05 0.479634 9.9946E-05 9.9946E-05 9.9946E-05 0.415418
9.9946E-05 9.9946E-05 0.00653323 9.9946E-05 9.9946E-05 0.793283 9.9946E-05 0.0561128 9.9946E-05 0.143472
9.9955E-05 9.9955E-05 0.0519093 9.9955E-05 9.9955E-05 0.369038 9.9955E-05 0.00628858 0.00982627 0.562438
9.9955E-05 0.019323 9.9955E-05 9.9955E-05 9.9955E-05 0.751007 0.0628481 0.00881918 9.9955E-05 0.157503
9.9955E-05 9.9955E-05 0.0347511 0.00981888 9.9955E-05 0.540699 9.9955E-05 0.00196455 9.9955E-05 0.412266
9.9973E-05 0.0515871 0.0671741 0.0323697 9.9973E-05 0.319077 0.0314696 0.0271742 9.9973E-05 0.470849
9.9982E-05 0.0395176 0.0920291 0.00552303 9.9982E-05 0.307538 0.0522225 0.00241546 0.0161809 0.484374
0.0424997 0.032138 0.174392 0.0291324 0.0934703 0.100834 0.0107949 0.00210115 0.0681999 0.446438
0.0280681 0.0394893 0.131678 0.0110554 0.0948526 0.119151 0.0145777 0.068202 0.0902805 0.402645
0.153045 9.9973E-05 0.119292 0.0260803 0.238224 0.062585 9.9973E-05 9.9973E-05 0.12553 0.274943
0.0617882 0.0157415 0.130171 0.0160443 0.133973 0.104222 0.042024 0.0287775 0.159986 0.307272
0.0120434 0.0276403 0.119062 0.0229604 0.174166 0.0655804 0.0817333 9.9991E-05 0.0890985 0.407616
0.0628459 0.0254445 0.105072 0.0343356 0.170593 0.161015 9.9991E-05 0.0380231 0.0204973 0.382074
0.0485571 9.9955E-05 0.11383 0.011999 0.175763 0.649351 9.9955E-05 9.9955E-05 9.9955E-05 9.9955E-05
0.0109908 0.0162226 0.0962136 9.9973E-05 0.176964 0.150331 9.9973E-05 9.9973E-05 0.0866325 0.462345
0.177849 9.9955E-05 0.300493 9.9955E-05 0.128843 0.372168 9.9955E-05 9.9955E-05 0.020147 9.9955E-05
9.9964E-05 9.9964E-05 0.0384203 0.00951315 0.0915596 0.308442 9.9964E-05 9.9964E-05 0.109174 0.442491
9.9928E-05 9.9928E-05 9.9928E-05 9.9928E-05 9.9928E-05 0.922578 9.9928E-05 9.9928E-05 9.9928E-05 0.0766224
