9.9937E-05 9.9937E-05 0.83106 0.0258333 9.9937E-05 9.9937E-05 9.9937E-05 0.142407 9.9937E-05 9.9937E-05
9.9946E-05 0.00512784 0.933578 0.0100634 9.9946E-05 9.9946E-05 9.9946E-05 0.0506313 9.9946E-05 9.9946E-05
0.00130353 0.0915539 0.833654 9.9955E-05 0.0655533 9.9955E-05 0.00743503 9.9955E-05 9.9955E-05 9.9955E-05
9.9955E-05 0.0437656 0.782229 9.9955E-05 0.131188 9.9955E-05 0.0231697 0.0191486 9.9955E-05 9.9955E-05
9.9937E-05 0.0237088 0.880677 9.9937E-05 0.0949141 9.9937E-05 9.9937E-05 9.9937E-05 9.9937E-05 9.9937E-05
9.9964E-05 9.9964E-05 0.600889 9.9964E-05 0.0103281 0.229511 0.0476101 0.0808371 9.9964E-05 0.0304243
9.9937E-05 9.9937E-05 0.742197 9.9937E-05 9.9937E-05 0.240978 9.9937E-05 0.0161249 9.9937E-05 9.9937E-05
9.9946E-05 9.9946E-05 0.658939 9.9946E-05 9.9946E-05 0.257984 0.0515274 9.9946E-05 9.9946E-05 0.0309505
0.00212782 0.037561 0.809045 0.0303213 9.99639E-05 0.0117678 0.108777 9.99639E-05 9.99639E-05 9.99639E-05
9.9955E-05 9.9955E-05 0.722323 9.9955E-05 9.9955E-05 0.229131 0.0171231 0.0269018 9.9955E-05 0.0040215
9.9955E-05 9.9955E-05 0.689159 9.9955E-05 0.0256876 0.204278 0.0319833 0.0483926 9.9955E-05 9.9955E-05
9.9946E-05 9.9946E-05 0.0130655 0.958087 9.9946E-05 0.000234103 9.9946E-05 9.9946E-05 9.9946E-05 0.0280142
9.9973E-05 9.9973E-05 0.0245285 0.447706 0.454416 9.9973E-05 0.00246457 0.0113364 0.0267907 0.0324572
9.9937E-05 9.9937E-05 9.9937E-05 0.883021 0.0535392 9.9937E-05 9.9937E-05 9.9937E-05 9.9937E-05 0.0627402
9.9955E-05 9.9955E-05 0.00907156 0.780402 0.0612697 9.9955E-05 9.9955E-05 0.0946535 9.9955E-05 0.0541038
9.9964E-05 9.9964E-05 0.0722862 0.547578 0.23386 0.00711029 9.9964E-05 0.00787095 9.9964E-05 0.130894
9.9964E-05 0.0415979 0.0219049 0.353975 0.474555 0.0503791 9.9964E-05 9.9964E-05 9.9964E-05 0.0571889
0.0359972 0.0469705 0.0175914 0.509208 0.330706 9.9982E-05 9.9982E-05 0.048182 0.000208859 0.0109358
9.9964E-05 0.0701069 0.0761323 0.672449 0.112379 9.9964E-05 9.9964E-05 0.054697 9.9964E-05 0.0138359
9.9946E-05 9.9946E-05 0.00817152 0.941386 9.9946E-05 0.0376674 0.0121755 9.9946E-05 9.9946E-05 9.9946E-05
0.0281483 9.9973E-05 0.0360398 0.541519 0.342805 0.0176641 9.9973E-05 0.0261848 0.00733918 9.9973E-05
9.9973E-05 0.0797372 9.9973E-05 0.33866 0.318218 0.137447 9.9973E-05 0.0151913 0.0636671 0.0467794
0.0720904 9.9973E-05 0.0262724 0.308616 0.524931 0.0031131 0.0451943 9.9973E-05 9.9973E-05 0.0194822
9.9955E-05 9.9955E-05 0.0189854 0.833309 9.9955E-05 0.0416342 9.9955E-05 0.0424904 9.9955E-05 0.0630815
9.9973E-05 9.9973E-05 0.0681274 0.148227 0.585853 0.0591262 0.02976 9.9973E-05 0.0315961 0.0770101
9.9946E-05 9.9946E-05 0.0239216 0.539774 0.412204 9.9946E-05 9.9946E-05 9.9946E-05 9.9946E-05 0.0235002
9.9946E-05 9.9946E-05 0.0368082 0.875162 0.0610935 9.9946E-05 9.9946E-05 9.9946E-05 9.9946E-05 0.0263367
9.9946E-05 9.9946E-05 0.0535434 0.821101 0.066294 9.9946E-05 9.9946E-05 9.9946E-05 9.9946E-05 0.058462
9.9937E-05 9.9937E-05 9.9937E-05 0.890835 9.9937E-05 0.102726 9.9937E-05 9.9937E-05 9.9937E-05 0.00573875
9.9946E-05 9.9946E-05 0.870464 9.9946E-05 0.0925897 9.9946E-05 9.9946E-05 9.9946E-05 0.00376462 0.0325824
9.9937E-05 9.9937E-05 0.875551 9.9937E-05 0.0939136 9.9937E-05 9.9937E-05 9.9937E-05 9.9937E-05 0.029836
9.9946E-05 9.9946E-05 0.783344 9.9946E-05 0.1022 9.9946E-05 0.0229807 9.9946E-05 9.9946E-05 0.0908756
9.9955E-05 0.0314827 0.708349 9.9955E-05 0.167243 9.9955E-05 9.9955E-05 0.0127903 9.9955E-05 0.0796348
0.162416 9.9973E-05 0.0643635 0.026113 0.464144 0.187701 0.0801579 9.9973E-05 9.9973E-05 0.0148045
0.303474 0.0120725 0.0709718 0.0496817 0.513972 9.9982E-05 0.0167555 0.015879 9.9982E-05 0.0169938
0.385555 9.9982E-05 0.00331006 9.9982E-05 0.545995 0.0172094 0.0109066 0.00584133 0.0099083 0.0210747
0.0219847 9.9955E-05 0.0434014 0.629433 0.089929 9.9955E-05 0.214752 9.9955E-05 9.9955E-05 9.9955E-05
0.564751 0.0453031 9.9964E-05 9.9964E-05 0.297059 0.0786328 0.00705546 9.9964E-05 0.00679871 9.9964E-05
0.221304 9.9973E-05 0.0840337 0.108775 0.487557 9.9973E-05 0.0112169 0.068947 9.9973E-05 0.0178657
0.178012 0.0112856 0.0403465 9.9964E-05 0.694838 0.0718458 9.9964E-05 0.00327183 9.9964E-05 9.9964E-05
0.00667222 9.9973E-05 0.0691086 0.0504069 0.481127 0.370773 0.00829213 9.9973E-05 9.9973E-05 0.0133203
0.0639539 9.9964E-05 0.0581634 0.0885258 0.575885 0.167883 9.9964E-05 9.9964E-05 9.9964E-05 0.0451891
0.602307 9.9964E-05 0.0351673 0.156599 0.157412 9.9964E-05 0.0469018 0.00121376 9.9964E-05 9.9964E-05
9.9973E-05 0.0167041 0.0355546 0.00519522 0.602411 0.287522 0.0217715 0.0305418 9.9973E-05 9.9973E-05
0.193224 0.0149618 0.0564426 0.0518586 0.541542 0.0526267 0.00739118 9.9991E-05 0.0317796 0.050074
0.0959913 0.00478866 0.130004 0.017897 0.594523 0.0894859 9.9991E-05 0.0241374 0.00831147 0.0347614
0.541872 0.0225411 9.9946E-05 9.9946E-05 0.360655 9.9946E-05 9.9946E-05 9.9946E-05 0.074332 9.9946E-05
0.259038 9.9964E-05 0.0852613 0.0304057 0.576968 9.9964E-05 0.0209571 0.0269704 9.9964E-05 9.9964E-05
0.146372 0.0168995 0.0760539 9.99761E-05 0.499682 0.0532123 0.0717026 0.135778 9.99761E-05 9.99761E-05
0.675174 0.0742698 9.9955E-05 9.9955E-05 9.9955E-05 0.172159 0.0168706 9.9955E-05 0.061027 9.9955E-05
0.0189113 9.9964E-05 9.9964E-05 0.478972 0.0722123 0.119027 0.267562 9.9964E-05 0.0429159 9.9964E-05
0.130104 0.0736842 9.9973E-05 0.403317 0.0487415 0.0862359 9.9973E-05 0.0759442 0.181673 9.9973E-05
0.00586774 0.082769 0.0358102 0.0912091 0.581369 0.0392973 0.059843 9.9991E-05 0.0417582 0.0619764
0.0213587 0.0392291 0.0664881 0.14474 0.547228 0.0399083 0.0309626 0.0332824 0.06607 0.0107327
0.0183391 0.0342194 0.0502287 0.11928 0.54845 0.0566002 0.0464743 0.067222 0.0547976 0.00438858
0.0589886 0.0318711 0.0902477 0.397473 0.139096 0.0242624 0.257761 9.9973E-05 9.9973E-05 9.9973E-05
0.0133767 0.0471208 9.9973E-05 0.325359 0.497182 9.9973E-05 0.10399 0.00300587 0.00966513 9.9973E-05
0.0678311 9.9991E-05 0.0953119 0.170018 0.514913 0.0406732 0.0320459 0.0108467 0.0352209 0.0330395
0.0622906 0.0116724 0.101885 0.248416 0.335567 0.0470402 0.0926798 9.9991E-05 0.0706311 0.0297185
0.0661422 9.9982E-05 0.146719 0.540706 0.0356679 0.0853727 0.119429 0.00145283 9.9982E-05 0.00431051
0.0864975 0.0590328 0.0477669 0.126651 0.547007 0.0311485 0.0984341 9.9982E-05 9.9982E-05 0.00326237
0.0320141 0.023673 0.0549534 0.317819 0.429873 0.0118579 0.0249035 0.0277217 0.0715381 0.00564621
0.0690608 0.00112215 0.0741011 0.594481 9.9973E-05 0.122227 0.132267 9.9973E-05 0.00644127 9.9973E-05
0.048154 9.9964E-05 0.0032363 0.437575 0.364722 9.9964E-05 0.10099 9.9964E-05 0.0449228 9.9964E-05
0.0270505 0.0274884 0.00499657 0.156413 0.50047 0.0407746 0.00826076 0.127115 0.107332 9.9991E-05
0.0158561 0.0372554 0.0759709 0.154886 0.580553 0.0491276 0.0281727 0.0333875 0.0246904 9.9991E-05
0.0412363 9.9982E-05 0.104961 0.527228 0.183402 0.0407451 0.0426432 9.9982E-05 0.0289765 0.0306081
0.0365089 0.0326647 0.0399242 0.26442 0.481212 0.0134189 0.0622142 9.9991E-05 0.0326185 0.0369187
0.0796637 0.0501516 0.0119625 0.166103 0.550019 9.9982E-05 0.105985 9.9982E-05 0.0309996 0.00491582
0.0932723 0.0188594 0.0440199 0.583586 0.143147 0.0314541 0.0667101 9.9982E-05 0.018751 9.9982E-05
0.39915 9.9946E-05 0.0117087 0.0555553 0.532986 9.9946E-05 9.9946E-05 9.9946E-05 9.9946E-05 9.9946E-05
0.621359 9.9955E-05 0.0226725 0.145436 0.206728 9.9955E-05 0.00330488 9.9955E-05 9.9955E-05 9.9955E-05
0.228521 0.0342607 0.123802 0.00958373 0.519766 9.9973E-05 0.0319556 0.0518117 9.9973E-05 9.9973E-05
0.846392 9.9946E-05 9.9946E-05 9.9946E-05 9.9946E-05 0.0215227 9.9946E-05 0.0523902 0.0790955 9.9946E-05
0.908061 9.9937E-05 9.9937E-05 9.9937E-05 9.9937E-05 0.0639297 9.9937E-05 9.9937E-05 0.0273097 9.9937E-05
0.683425 0.00936884 9.9964E-05 0.0135325 0.256018 0.0123032 9.9964E-05 9.9964E-05 0.0249526 9.9964E-05
0.41073 0.0167387 0.0275913 0.0413266 0.474207 9.9973E-05 0.0206771 0.00842947 9.9973E-05 9.9973E-05
0.109615 0.021476 0.120267 0.0502641 0.572294 0.0011486 0.0691006 0.0389367 0.0055816 0.0113159
0.451237 9.9955E-05 9.9955E-05 9.9955E-05 0.483556 0.0187333 9.9955E-05 0.0394037 0.00657045 9.9955E-05
0.535384 9.9955E-05 0.0359046 0.238275 0.143158 9.9955E-05 0.0467792 9.9955E-05 9.9955E-05 9.9955E-05
0.491751 9.9946E-05 9.9946E-05 0.168629 0.263614 9.9946E-05 0.0754061 9.9946E-05 9.9946E-05 9.9946E-05
0.259075 0.0051489 0.0883781 0.069526 0.489068 0.0217532 9.9982E-05 0.0394534 9.9982E-05 0.0273979
0.508773 9.9955E-05 0.0353326 0.12214 0.319101 9.9955E-05 9.9955E-05 9.9955E-05 9.9955E-05 0.0141547
0.386518 9.9955E-05 0.021947 0.0896544 0.448933 9.9955E-05 0.0524481 9.9955E-05 9.9955E-05 9.9955E-05
0.410233 0.0385625 9.9955E-05 9.9955E-05 0.471741 0.00900812 9.9955E-05 9.9955E-05 0.0699556 9.9955E-05
0.709673 0.113185 9.9946E-05 9.9946E-05 9.9946E-05 0.0335856 9.9946E-05 9.9946E-05 0.142957 9.9946E-05
0.231693 0.0316228 0.00535201 0.0285268 0.639294 0.0248529 0.00989865 9.9991E-05 0.00675236 0.0219076
9.9964E-05 0.0166595 0.816213 0.0112689 0.0739066 9.9964E-05 0.0794159 9.9964E-05 9.9964E-05 0.0021364
9.99371E-05 9.99371E-05 0.885435 9.99371E-05 0.0456168 9.99371E-05 9.99371E-05 0.0682485 9.99371E-05 9.99371E-05
9.9946E-05 9.9946E-05 0.820213 9.9946E-05 0.0952267 9.9946E-05 9.9946E-05 0.0730573 9.9946E-05 0.0109036
9.9946E-05 0.0349401 0.897292 9.9946E-05 0.0146317 9.9946E-05 9.9946E-05 9.9946E-05 9.9946E-05 0.052537
0.00778699 9.9955E-05 0.925173 0.0177336 9.9955E-05 9.9955E-05 9.9955E-05 0.00339663 9.9955E-05 0.0454096
9.9946E-05 9.9946E-05 0.846775 9.9946E-05 0.0904864 9.9946E-05 9.9946E-05 9.9946E-05 0.00459188 0.057547
9.9937E-05 9.9937E-05 0.936228 9.9937E-05 0.062677 9.9937E-05 9.9937E-05 9.9937E-05 9.9937E-05 0.000395756
0.187136 0.0307323 0.0909585 9.9982E-05 0.569194 0.0217381 0.0244205 9.9982E-05 0.0423411 0.0332793
0.102974 0.0178074 0.0890026 0.0133489 0.533645 0.0392094 0.0714138 0.0468012 0.0469941 0.0388035
0.674785 9.9955E-05 0.0550724 0.127127 0.0437527 9.9955E-05 0.0987632 9.9955E-05 9.9955E-05 9.9955E-05
0.162579 0.0301904 0.109699 9.9982E-05 0.593574 0.0321221 0.0546794 9.9982E-05 0.000760049 0.0161972
0.403643 9.9955E-05 0.0323078 0.013502 0.423148 9.9955E-05 0.126899 9.9955E-05 9.9955E-05 9.9955E-05
0.326938 9.9955E-05 0.0740559 9.9955E-05 0.532525 9.9955E-05 0.0456275 9.9955E-05 9.9955E-05 0.0203542
0.231654 0.0051315 0.0011448 9.9982E-05 0.572748 0.128844 9.9982E-05 0.0299341 0.0149305 0.0154132
0.366621 0.0022473 0.0194123 0.0138525 0.470263 9.9982E-05 0.0327938 9.9982E-05 0.0246816 0.0699283
0.614116 9.9946E-05 0.0362415 0.223534 9.9946E-05 9.9946E-05 0.125508 9.9946E-05 9.9946E-05 9.9946E-05
0.145209 0.0150779 0.0953299 9.9973E-05 0.527739 9.9973E-05 0.154945 9.9973E-05 0.0416284 0.0197713
0.140498 0.0237388 0.0996376 0.00917555 0.66684 0.00631186 0.0376452 0.01183 9.9991E-05 0.00422283
0.0902616 9.9982E-05 0.116241 0.113662 0.483521 0.0565474 0.0210491 9.9982E-05 0.01132 0.107198
0.518935 0.0494488 0.00242314 0.00657863 0.251504 0.108351 0.000254469 9.9991E-05 0.0458853 0.0165207
0.398794 0.0250352 9.9955E-05 9.9955E-05 0.506255 9.9955E-05 9.9955E-05 9.9955E-05 0.0542951 0.0151219
0.322173 9.9955E-05 0.0109049 0.194626 0.460431 9.9955E-05 0.0113658 9.9955E-05 9.9955E-05 9.9955E-05
0.514142 9.9955E-05 9.9955E-05 9.9955E-05 0.417457 0.00150143 9.9955E-05 9.9955E-05 0.0485977 0.0178016
0.379499 9.9955E-05 0.0310426 0.0783673 0.444175 9.9955E-05 0.0664167 9.9955E-05 9.9955E-05 9.9955E-05
0.15989 0.030044 0.0724041 9.9982E-05 0.515959 0.0544653 0.0946389 9.9982E-05 0.0333844 0.0390142
0.00401812 0.097721 9.9973E-05 0.211226 0.267759 9.9973E-05 0.196823 0.0444674 0.177686 9.9973E-05
9.9964E-05 9.9964E-05 0.0656613 0.322627 0.387573 0.0826123 0.134189 0.00693789 9.9964E-05 9.9964E-05
0.0143151 0.00441657 0.117078 0.151118 0.476503 0.045202 0.0765322 0.0499458 0.0341425 0.0307469
0.018496 0.0358762 0.087041 0.13076 0.558887 9.9982E-05 0.0946276 0.0121156 0.0619962 9.9982E-05
9.9964E-05 0.0188124 0.0224483 0.290077 0.452262 9.9964E-05 0.193392 9.9964E-05 0.0226084 9.9964E-05
0.0102122 0.0389933 9.9991E-05 0.139153 0.557768 0.0274832 0.133589 0.0219764 0.0139295 0.0567951
9.9955E-05 9.9955E-05 0.0637828 0.279908 0.455411 9.9955E-05 0.191027 9.9955E-05 0.00937124 9.9955E-05
0.0405907 0.131955 0.0545296 0.0712935 0.573322 0.041929 0.0577898 9.9982E-05 0.0283905 9.9982E-05
0.0484957 0.0192377 0.0732236 0.0570882 0.581671 9.9982E-05 0.0985276 0.0531478 0.068408 9.9982E-05
9.9973E-05 9.9973E-05 0.0623231 0.17247 0.57392 0.0359395 0.130712 0.00361887 0.0207159 9.9973E-05
0.0246539 9.9964E-05 0.0194268 0.186224 0.539521 0.0465329 0.183242 9.9964E-05 9.9964E-05 9.9964E-05
9.9982E-05 0.0290523 0.0136212 0.142204 0.612788 0.00395817 0.0558726 0.0655525 0.0767519 9.9982E-05
0.00405088 0.00309894 0.0655954 0.0347194 0.567462 0.0536507 0.152371 0.0838446 0.0351074 9.9991E-05
9.9964E-05 0.053917 9.9964E-05 0.135017 0.555492 9.9964E-05 0.122512 9.9964E-05 0.0855211 0.0471414
0.0134117 0.020358 0.0367031 0.104588 0.555713 0.0574984 0.0664201 0.0478261 0.0769658 0.0205156
0.024107 9.9973E-05 9.9973E-05 0.133988 0.551807 9.9973E-05 0.0881246 0.0607683 0.136798 0.00410718
0.00224094 0.106723 0.00811261 0.184925 0.24877 0.0800732 0.149638 0.126483 0.092935 9.9991E-05
0.0539916 0.036155 0.0202713 0.0523927 0.599601 9.9982E-05 0.0999048 0.0750885 0.0623954 9.9982E-05
0.00338559 0.0487319 0.0039534 9.9982E-05 0.681871 0.0105846 0.129444 9.9982E-05 0.0908356 0.0309944
0.0696864 9.9973E-05 0.00778886 0.50582 0.134281 9.9973E-05 0.22892 0.039376 0.013828 9.9973E-05
0.0514594 0.0793568 9.9982E-05 0.381359 0.0494092 0.0497034 0.0905102 0.0486736 0.249329 9.9982E-05
0.0412978 0.0383309 0.0485844 0.211109 0.479051 9.9982E-05 0.122036 9.9982E-05 0.0453943 0.0139957
0.122686 0.0737931 9.9973E-05 0.299619 0.0406537 0.0735978 0.14606 9.9973E-05 0.24329 9.9973E-05
9.9955E-05 9.9955E-05 0.00267517 0.515819 0.262756 9.9955E-05 0.183064 9.9955E-05 0.0351866 9.9955E-05
9.9946E-05 9.9946E-05 9.9946E-05 0.423166 0.390205 9.9946E-05 0.159852 9.9946E-05 0.0261777 9.9946E-05
0.0509101 0.0349673 0.00890261 0.356024 0.311357 9.9964E-05 0.237439 9.9964E-05 9.9964E-05 9.9964E-05
9.9955E-05 9.9955E-05 9.9955E-05 0.486042 0.281722 0.0232432 0.184478 9.9955E-05 0.0240154 9.9955E-05
0.0419553 0.035451 0.031602 0.144661 0.6027 9.9973E-05 0.137017 0.00631335 9.9973E-05 9.9973E-05
0.0432407 0.0126641 0.065459 0.119287 0.555111 0.0351801 0.0839821 0.0620162 9.9991E-05 0.0229592
0.0335598 0.0310486 0.00973251 0.15778 0.570478 9.9991E-05 0.0884345 0.0316474 0.0395111 0.0377079
0.0526976 0.0655145 9.9982E-05 0.466704 0.0780696 0.0810096 0.116413 0.00181396 0.137578 9.9982E-05
0.0313014 0.0263084 0.123989 0.134067 0.544416 0.0350364 0.0387262 0.0403674 0.0226037 0.00318495
0.0424693 0.0754504 0.00530731 9.9991E-05 0.43277 0.197829 0.0893832 0.0739286 0.0702714 0.0124913
0.123685 0.194924 0.0283803 0.0112115 9.9973E-05 0.377856 0.0731629 9.9973E-05 0.190481 9.9973E-05
0.0574225 0.0667431 0.00321998 0.0926121 0.626193 0.0791399 9.9991E-05 0.0022819 0.0202816 0.0520056
0.124477 0.0885549 0.0501118 0.0934527 0.236382 0.233164 0.0167256 9.9991E-05 0.0913251 0.0657062
0.0155759 0.0618788 0.0905841 9.9991E-05 0.471156 0.13601 0.0673733 0.0846296 0.0715825 0.00111012
0.0836349 0.136736 0.0317283 0.0975548 0.203301 0.34134 0.0602068 0.00355499 0.0418423 9.9991E-05
0.114224 0.169357 9.9973E-05 0.0466504 0.0315427 0.40124 0.12448 9.9973E-05 0.112205 9.9973E-05
0.0830211 0.0429518 0.00271835 0.0529819 0.334634 0.286341 0.0928243 0.0103622 0.0662004 0.027965
0.102296 0.0349963 0.0653542 0.0178118 0.467036 0.0582429 0.110677 0.0415927 0.0393462 0.0626468
0.0254462 0.0920856 0.124915 0.0996355 0.438077 0.144502 0.0416258 9.9991E-05 0.0289003 0.00471235
0.134981 0.153445 9.9973E-05 0.270471 0.0134088 0.193254 9.9973E-05 9.9973E-05 0.165845 0.0682954
0.0599932 0.0300257 0.0717779 0.155669 0.459807 0.0127137 9.9991E-05 0.0441928 0.0966082 0.069112
0.102871 0.0918009 9.9973E-05 0.138498 0.257976 0.27845 0.00553629 9.9973E-05 0.124569 9.9973E-05
0.0740457 0.10362 9.9973E-05 0.127172 0.421429 0.12761 0.0213432 9.9973E-05 0.12448 9.9973E-05
0.0646644 0.0194717 0.0912494 9.9991E-05 0.545935 0.111073 0.0400766 0.0654104 0.0460439 0.0159759
9.9973E-05 0.136941 0.253099 9.9973E-05 0.0846429 0.140252 0.0407332 0.273557 9.9973E-05 0.0704746
9.9955E-05 0.387004 0.322313 9.9955E-05 9.9955E-05 0.116503 9.9955E-05 0.164807 0.00887352 9.9955E-05
9.9955E-05 0.354705 0.324171 9.9955E-05 9.9955E-05 0.210818 9.9955E-05 9.9955E-05 0.00283285 0.106974
0.0211281 0.159313 0.241601 0.00775619 0.0310637 0.175948 0.0188384 0.232359 9.9991E-05 0.111892
0.0522733 9.9955E-05 9.9955E-05 0.0393483 0.569076 0.270192 9.9955E-05 9.9955E-05 0.0686107 9.9955E-05
0.0522223 0.0282149 0.0636617 0.00920803 0.581916 0.120458 0.0356627 0.097881 0.00384737 0.00692749
9.9946E-05 9.9946E-05 9.9946E-05 0.0316947 0.327159 9.9946E-05 9.9946E-05 0.00327618 9.9946E-05 0.63727
0.0129523 9.9964E-05 0.0144607 0.0718058 0.401781 9.9964E-05 0.0741327 9.9964E-05 9.9964E-05 0.424468
0.036671 9.9991E-05 0.0157206 0.08196 0.370951 0.00488312 0.0408462 0.142712 0.00587275 0.300283
0.0701203 0.0285726 9.9973E-05 0.104801 0.182601 0.437644 9.9973E-05 9.9973E-05 0.160994 0.0149668
0.0402085 0.0366436 0.0779507 0.088373 0.467333 0.106037 0.0649538 9.9991E-05 0.0739332 0.0444679
0.051179 0.0353225 9.9964E-05 0.122571 0.15732 0.517206 9.9964E-05 9.9964E-05 0.116002 9.9964E-05
9.9973E-05 0.0373496 0.0189789 0.0265017 0.529958 0.227892 9.9973E-05 0.057913 0.101107 9.9973E-05
9.9982E-05 0.0709438 9.9982E-05 0.0292178 0.430156 0.281999 0.00636487 0.0403949 0.134564 0.00615877
9.9946E-05 0.0351823 9.9946E-05 9.9946E-05 0.550823 0.343687 9.9946E-05 9.9946E-05 0.0697076 9.9946E-05
0.0344143 0.0741484 9.9964E-05 0.0727983 0.123246 0.561021 9.9964E-05 9.9964E-05 0.133972 9.9964E-05
0.0787456 9.9973E-05 0.0623636 0.00352361 0.627047 0.183258 9.9973E-05 9.9973E-05 0.00122289 0.0435387
0.0111707 0.0644193 0.0798035 0.0163281 0.601856 0.169788 0.0277332 0.00302177 0.0137152 0.0121639
9.9946E-05 9.9946E-05 9.9946E-05 9.9946E-05 0.0445775 0.010494 9.9946E-05 0.0254118 9.9946E-05 0.918917
9.9937E-05 9.9937E-05 9.9937E-05 9.9937E-05 0.0742737 9.9937E-05 9.9937E-05 9.9937E-05 0.0346169 0.89041
0.0152681 9.9973E-05 0.0459917 0.085059 0.295056 9.9973E-05 0.00843889 0.0521832 9.9973E-05 0.497703
9.9946E-05 9.9946E-05 9.9946E-05 9.9946E-05 0.357383 9.9946E-05 0.0255927 9.9946E-05 0.00345914 0.612966
9.9946E-05 9.9946E-05 9.9946E-05 9.9946E-05 0.174714 9.9946E-05 0.0203088 0.027292 9.9946E-05 0.777086
9.99201E-05 9.99201E-05 9.99201E-05 9.99201E-05 9.99201E-05 9.99201E-05 9.99201E-05 9.99201E-05 9.99201E-05 0.999101
9.9937E-05 9.9937E-05 9.9937E-05 0.0341654 9.9937E-05 9.9937E-05 0.0150074 9.9937E-05 9.9937E-05 0.950128
9.9937E-05 9.9937E-05 9.9937E-05 9.9937E-05 0.165083 9.9937E-05 9.9937E-05 9.9937E-05 0.00676782 0.82745
0.0087992 9.9937E-05 9.9937E-05 9.9937E-05 9.9937E-05 9.9937E-05 0.0431395 9.9937E-05 9.9937E-05 0.947362
9.9928E-05 0.00620406 9.9928E-05 9.9928E-05 9.9928E-05 9.9928E-05 9.9928E-05 9.9928E-05 9.9928E-05 0.992997
9.99201E-05 9.99201E-05 9.99201E-05 9.99201E-05 9.99201E-05 9.99201E-05 9.99201E-05 9.99201E-05 9.99201E-05 0.999101
9.9964E-05 9.9964E-05 0.00632957 0.0353389 0.1822 0.00616495 9.9964E-05 9.9964E-05 0.00954247 0.760024
9.9964E-05 0.0268578 0.0314591 0.0485649 0.107916 9.9964E-05 0.0127561 9.9964E-05 9.9964E-05 0.772046
9.99201E-05 9.99201E-05 9.99201E-05 9.99201E-05 9.99201E-05 9.99201E-05 9.99201E-05 9.99201E-05 9.99201E-05 0.999101
0.0393403 0.0110157 0.0808764 0.0244419 0.330839 0.0472615 0.0781671 0.0764517 0.00544404 0.306162
9.9973E-05 9.9973E-05 0.0450998 0.0248295 0.259291 0.0115224 9.9973E-05 0.0419217 0.00772841 0.609308
9.9955E-05 0.0012506 0.0223324 9.9955E-05 0.14229 9.9955E-05 9.9955E-05 0.0940874 9.9955E-05 0.73954
0.0147423 9.9982E-05 0.0008119 0.0269946 0.0623587 0.00283271 0.00444966 0.0220808 9.9982E-05 0.865529
9.9928E-05 9.9928E-05 9.9928E-05 9.9928E-05 9.9928E-05 9.9928E-05 9.9928E-05 0.0747815 9.9928E-05 0.924419
9.9955E-05 0.0283358 0.00593039 9.9955E-05 0.0388918 9.9955E-05 9.9955E-05 0.0162183 9.9955E-05 0.910124
9.9937E-05 0.00606934 0.00754414 9.9937E-05 9.9937E-05 9.9937E-05 9.9937E-05 9.9937E-05 9.9937E-05 0.985687
0.00807482 9.9964E-05 0.0947774 0.0215634 0.26702 9.9964E-05 9.9964E-05 0.0100235 9.9964E-05 0.598141
0.0367559 0.00853831 9.9964E-05 0.00408362 0.00093573 9.9964E-05 9.9964E-05 0.016925 9.9964E-05 0.932362
9.9955E-05 0.154245 0.20424 9.9955E-05 9.9955E-05 0.557964 9.9955E-05 0.023956 0.0590962 9.9955E-05
9.9982E-05 0.0284179 0.158154 0.0510331 0.245361 0.349628 0.00250304 0.0559414 9.9982E-05 0.108761
9.9955E-05 0.00961858 0.11115 9.9955E-05 0.395177 0.34874 9.9955E-05 0.134815 9.9955E-05 9.9955E-05
9.9973E-05 0.0778784 0.111288 9.9973E-05 0.0786719 0.479739 0.0437562 0.187415 0.0209521 9.9973E-05
9.9991E-05 0.0524389 0.0867533 0.099024 0.405529 0.205765 0.00472242 0.0306284 0.0318338 0.0832053
9.9973E-05 0.0731048 0.131517 0.0463785 9.9973E-05 0.515804 9.9973E-05 0.144299 0.0307545 0.0578425
0.0396271 0.0986818 0.151894 0.0371927 0.422616 0.112527 9.9982E-05 9.9982E-05 0.0519203 0.0853412
9.9964E-05 0.0702046 0.143678 9.9964E-05 0.274063 0.379364 9.9964E-05 0.0635775 9.9964E-05 0.0687123
9.9973E-05 0.062261 0.0810531 9.9973E-05 0.426486 0.245375 9.9973E-05 0.104809 0.000133667 0.0795814
0.0299527 9.9973E-05 0.122897 0.0176887 0.221782 0.348081 9.9973E-05 0.224997 9.9973E-05 0.0343018
9.9991E-05 0.0955 0.133359 0.0953453 0.394727 0.138018 0.0145429 0.0105167 0.0179284 0.099963
9.9964E-05 0.0371723 0.855094 9.9964E-05 0.0605495 0.0337848 0.012539 9.9964E-05 9.9964E-05 0.000460121
0.00124223 0.0207869 0.886762 9.9955E-05 9.9955E-05 9.9955E-05 9.9955E-05 9.9955E-05 0.0246378 0.0660712
9.9946E-05 0.0328853 0.918282 9.9946E-05 0.0134048 9.9946E-05 0.0348283 9.9946E-05 9.9946E-05 9.9946E-05
9.9928E-05 0.0701745 0.929026 9.9928E-05 9.9928E-05 9.9928E-05 9.9928E-05 9.9928E-05 9.9928E-05 9.9928E-05
9.9946E-05 0.0278319 0.879981 0.0357823 0.0558048 9.9946E-05 9.9946E-05 9.9946E-05 9.9946E-05 9.9946E-05
9.9937E-05 9.9937E-05 0.919616 9.9937E-05 9.9937E-05 9.9937E-05 9.9937E-05 0.0746729 0.00501192 9.9937E-05
9.9964E-05 0.0180583 0.887943 9.9964E-05 0.0622196 9.9964E-05 0.00380935 0.00124988 9.9964E-05 0.0263199
9.9964E-05 0.0456451 0.892109 0.00883456 0.00720529 9.9964E-05 0.0386186 0.00718727 9.9964E-05 9.9964E-05
0.0460859 0.0372783 0.862881 9.9964E-05 0.0143305 9.9964E-05 0.00246392 9.9964E-05 9.9964E-05 0.0365607
9.9955E-05 0.063237 0.848042 9.9955E-05 0.00134719 9.9955E-05 0.0132021 0.0736723 9.9955E-05 9.9955E-05
0.0598616 9.9964E-05 0.567598 0.0268389 9.9964E-05 0.0643341 0.255198 0.0257694 9.9964E-05 9.9964E-05
0.0110133 9.9964E-05 0.599851 0.0596534 9.9964E-05 0.0367697 0.274318 9.9964E-05 0.0179944 9.9964E-05
0.0610537 0.0297599 0.52069 0.150326 9.9973E-05 0.0245628 0.20524 9.9973E-05 0.00806718 9.9973E-05
0.0240988 9.9955E-05 0.4385 0.185807 9.9955E-05 0.110128 0.240967 9.9955E-05 9.9955E-05 9.9955E-05
0.217161 0.0397913 0.0388551 0.114224 0.469451 0.00737141 0.105503 9.9982E-05 9.9982E-05 0.00744358
0.260288 0.0218425 0.00122309 0.129682 0.435363 9.9991E-05 0.0881187 0.0117304 0.0493391 0.00231275
0.126348 9.9973E-05 0.0324114 0.207092 0.516326 9.9973E-05 0.0962317 9.9973E-05 0.00456817 0.016723
0.26497 0.00997145 0.0150706 0.289215 0.325866 9.9964E-05 0.0945073 9.9964E-05 9.9964E-05 9.9964E-05
0.0203207 9.9973E-05 9.9973E-05 0.519556 0.127094 0.00764543 0.25934 9.9973E-05 0.0490325 0.0167114
0.179416 0.00740203 0.0365184 0.0214753 0.646313 9.9991E-05 0.0364088 0.00812998 0.0328531 0.0313831
0.229952 9.9973E-05 9.9973E-05 0.0457888 0.611262 0.0145539 0.0755221 9.9973E-05 0.0116719 0.0109496
0.282596 0.0442702 9.9973E-05 0.0352691 0.537059 0.0288646 0.0297865 9.9973E-05 0.0418543 9.9973E-05
0.520594 9.9946E-05 9.9946E-05 9.9946E-05 0.385882 9.9946E-05 9.9946E-05 0.0281243 0.0648004 9.9946E-05
0.117214 0.10019 0.0471581 9.9973E-05 0.628007 0.0196278 0.0247309 9.9973E-05 0.0627715 9.9973E-05
0.426851 9.9946E-05 9.9946E-05 0.0777897 0.423863 9.9946E-05 0.0708965 9.9946E-05 9.9946E-05 9.9946E-05
0.791516 0.00363855 9.9955E-05 9.9955E-05 9.9955E-05 9.9955E-05 0.0252465 9.9955E-05 0.173759 0.00533964
0.139964 0.0324614 0.0551978 0.134804 0.553232 9.9982E-05 0.0447517 9.9982E-05 0.0237426 0.0156464
0.621788 0.0519965 9.9955E-05 9.9955E-05 0.172221 0.030764 9.9955E-05 9.9955E-05 0.122731 9.9955E-05
0.287644 0.0365219 0.0191766 9.9982E-05 0.528799 9.9982E-05 0.0203188 0.0121326 0.0943892 0.000818817
0.574698 9.9955E-05 0.0131315 0.193326 0.139401 9.9955E-05 0.0789436 9.9955E-05 9.9955E-05 9.9955E-05
9.9946E-05 9.9946E-05 0.0842003 9.9946E-05 9.9946E-05 0.113157 0.801699 9.9946E-05 9.9946E-05 0.000344355
9.9955E-05 9.9955E-05 0.0141587 9.9955E-05 0.0598573 0.120916 0.799121 9.9955E-05 9.9955E-05 0.00544693
9.9946E-05 9.9946E-05 0.0204985 9.9946E-05 0.038619 0.13082 0.809463 9.9946E-05 9.9946E-05 9.9946E-05
0.0167774 9.9946E-05 0.0580111 9.9946E-05 9.9946E-05 0.107975 0.816637 9.9946E-05 9.9946E-05 9.9946E-05
9.9946E-05 9.9946E-05 9.9946E-05 9.9946E-05 0.103096 0.0788657 0.801773 9.9946E-05 9.9946E-05 0.0156666
9.9955E-05 9.9955E-05 0.00222926 9.9955E-05 0.095104 0.0905863 0.76876 9.9955E-05 9.9955E-05 0.0428207
0.047962 9.9964E-05 0.846277 9.9964E-05 0.0182684 9.9964E-05 0.00645332 0.0360417 9.9964E-05 0.0445978
0.0202405 0.0455837 0.780983 9.9973E-05 0.0949967 9.9973E-05 0.0248635 0.0310234 9.9973E-05 0.00200938
9.9964E-05 0.019258 0.749218 9.9964E-05 0.15923 9.9964E-05 9.9964E-05 0.0405871 0.0166298 0.014677
0.0699457 9.9964E-05 0.834976 9.9964E-05 0.000699508 9.9964E-05 0.00598139 0.000709164 9.9964E-05 0.0872889
0.0166158 0.0110428 0.761847 0.00197623 0.145852 0.0162196 9.9982E-05 0.000893518 9.9982E-05 0.0453531
9.9937E-05 9.9937E-05 0.37116 9.9937E-05 9.9937E-05 0.0892648 0.538876 9.9937E-05 9.9937E-05 9.9937E-05
9.9955E-05 9.9955E-05 0.410299 9.9955E-05 9.9955E-05 0.0449507 0.499075 0.0210439 0.024132 9.9955E-05
9.9964E-05 9.9964E-05 0.402364 9.9964E-05 0.00189261 9.9964E-05 0.504048 0.0479817 0.0300882 0.0132252
0.000639419 9.9973E-05 0.846829 0.0042237 0.111208 9.9973E-05 0.00863651 9.9973E-05 0.00842157 0.0197418
0.0577472 9.9973E-05 0.379991 0.0106392 9.9973E-05 0.0550544 0.457964 9.9973E-05 0.0285961 0.00970806
9.9964E-05 0.156462 0.134576 9.9964E-05 0.245568 0.0448916 9.9964E-05 0.358182 9.9964E-05 0.0599199
9.9982E-05 0.0710229 0.14162 0.0354409 0.476705 0.00276201 0.00522021 0.133666 9.9982E-05 0.133363
9.9955E-05 0.0129145 0.138122 9.9955E-05 0.502246 9.9955E-05 9.9955E-05 0.21173 9.9955E-05 0.134488
0.0347187 0.0480125 0.194488 0.0162467 0.244951 0.0345087 9.9991E-05 0.337442 0.0260493 0.0634828
0.0386385 0.0358313 0.105321 0.0245486 0.463933 0.0616886 0.049475 0.15036 0.0276145 0.042589
9.9964E-05 0.221701 0.283386 9.9964E-05 9.9964E-05 0.0525053 9.9964E-05 0.377411 0.0317115 0.0328842
0.00480495 9.9964E-05 9.9964E-05 0.317324 0.392519 0.0111504 0.217906 9.9964E-05 0.0558957 9.9964E-05
0.0702496 0.000186086 9.9982E-05 0.232946 0.356076 0.0722069 0.0846386 0.0142232 0.169274 9.9982E-05
0.0285064 9.9973E-05 0.000867498 0.571665 0.197383 0.0381851 0.137748 9.9973E-05 0.0253452 9.9973E-05
0.0209109 0.0281151 9.9991E-05 0.188563 0.464939 0.0475251 0.0500457 0.00829882 0.188168 0.00333424
0.0638821 0.0412706 9.9964E-05 0.25865 9.9964E-05 0.131277 0.123044 9.9964E-05 0.381477 9.9964E-05
0.0190311 0.0438101 0.0503675 0.156511 0.548669 0.0379296 0.0447245 0.0307813 0.0413487 0.0268272
0.00127161 0.0552607 9.9991E-05 0.110746 0.487736 0.071918 0.0924173 0.0407901 0.126465 0.0132944
0.000873877 0.0104218 0.0205352 0.399402 0.306128 0.0399333 0.186061 9.9982E-05 0.0364446 9.9982E-05
0.0840564 0.00404726 0.101406 0.158501 0.494973 0.0727464 0.0713158 0.0127537 9.9982E-05 9.9982E-05
0.0982274 0.0595621 9.9973E-05 0.465489 0.0181628 0.144401 0.0357462 9.9973E-05 0.178111 9.9973E-05
0.0355693 0.0256011 9.9982E-05 0.171536 0.536168 0.0805153 0.044826 9.9982E-05 0.104186 0.00139828
0.015923 0.00938551 9.9973E-05 0.289714 0.482916 0.0120127 0.179522 9.9973E-05 0.010226 9.9973E-05
0.0522067 0.112597 0.0364279 0.102575 0.385154 0.0363229 0.0258071 0.157096 0.0442002 0.0476137
0.100623 0.0819768 9.9982E-05 0.28551 0.290732 0.0233889 0.0392249 0.0139012 0.164442 9.9982E-05
0.0666297 0.0539481 9.9982E-05 0.241362 0.363107 0.0454639 0.0735466 0.0236642 0.132079 9.9982E-05
0.0346395 0.00643198 9.9964E-05 0.127561 0.564788 9.9964E-05 0.0880934 9.9964E-05 0.178086 9.9964E-05
0.0661708 0.0345677 9.9973E-05 0.164363 0.499855 0.0650187 0.0503291 9.9973E-05 0.119395 9.9973E-05
0.0784189 0.0085312 9.9982E-05 9.9982E-05 0.62979 0.0489009 0.0582232 0.0578958 0.073617 0.0444234
0.0913387 0.026399 0.0726646 0.136682 0.515425 0.0286342 0.0685305 0.0119683 0.00545416 0.0429032
0.0323779 0.071655 0.0751683 0.191154 0.57258 9.9973E-05 0.0403342 0.0164307 9.9973E-05 9.9973E-05
9.9937E-05 9.9937E-05 0.836985 9.9937E-05 0.13429 9.9937E-05 9.9937E-05 9.9937E-05 9.9937E-05 0.0280262
9.9937E-05 9.9937E-05 0.866567 9.9937E-05 0.124802 9.9937E-05 9.9937E-05 9.9937E-05 0.00793137 9.9937E-05
9.9955E-05 0.0475091 0.847114 9.9955E-05 0.0569783 0.00891887 0.0389802 9.9955E-05 9.9955E-05 9.9955E-05
9.9955E-05 9.9955E-05 0.894432 0.0146972 0.0351765 9.9955E-05 9.9955E-05 9.9955E-05 0.00525436 0.04994
9.9937E-05 9.9937E-05 0.895248 9.9937E-05 0.0992913 9.9937E-05 0.00476076 9.9937E-05 9.9937E-05 9.9937E-05
0.052208 0.0111804 0.0419803 0.633505 0.00869688 0.0323951 0.188619 0.00332794 0.00527397 0.0228134
0.0374191 0.0508064 0.0127629 0.200791 0.491849 9.9982E-05 0.0769621 0.0359601 0.0932504 9.9982E-05
9.9982E-05 9.9982E-05 0.140398 0.0347628 0.329307 0.107727 0.034051 0.212067 0.0395743 0.101912
9.9991E-05 0.0144577 0.00760293 0.200972 0.627285 0.0178136 0.0687449 0.0233304 0.0257636 0.0139305
9.9946E-05 0.0521397 9.9946E-05 0.38146 0.47814 9.9946E-05 0.0876603 9.9946E-05 9.9946E-05 9.9946E-05
0.0599687 0.0819654 9.9973E-05 0.336012 0.190638 0.0878588 0.0865696 9.9973E-05 0.156688 9.9973E-05
0.0106647 0.0368601 0.0675541 0.61029 9.9955E-05 9.9955E-05 0.274131 9.9955E-05 9.9955E-05 9.9955E-05
0.0411657 0.00539335 0.0565639 0.31032 0.417863 0.00644924 0.153905 0.00754516 9.9991E-05 0.000694927
9.9955E-05 9.9955E-05 0.0389218 0.438551 0.185209 9.9955E-05 0.290476 9.9955E-05 9.9955E-05 0.0463428
0.13887 0.055999 0.0172471 0.118401 0.434737 0.0828362 0.0625679 0.0227229 0.0483863 0.0182325
9.9964E-05 0.00325721 0.0721078 0.559944 0.0846959 9.9964E-05 0.212504 9.9964E-05 0.0670911 9.9964E-05
0.00240383 9.9982E-05 0.04709 0.206036 0.501743 9.9982E-05 0.122292 0.03925 0.0280035 0.052981
0.0758614 9.9964E-05 0.0513417 0.594779 0.0730414 0.022699 0.181878 9.9964E-05 9.9964E-05 9.9964E-05
0.0767376 0.000191635 9.9982E-05 0.440298 0.153033 0.0509245 0.0278856 0.135002 0.115727 9.9982E-05
0.0262671 0.0714836 0.0059908 0.0592683 0.486719 0.179008 0.0559155 0.0711574 0.0440907 9.9991E-05
0.00716559 9.9964E-05 9.9964E-05 0.102662 0.237794 0.467383 0.0378173 9.9964E-05 0.146778 9.9964E-05
0.0197301 0.00492556 0.0231563 0.0457683 0.45811 0.324751 0.0114897 0.0730737 0.0388954 9.9991E-05
9.9982E-05 0.0665284 0.0308242 0.109694 0.47736 0.174898 0.0466645 0.0632229 0.0306071 9.9982E-05
0.058048 0.0665665 9.9973E-05 0.0712792 0.182336 0.532259 0.00397602 9.9973E-05 0.085235 9.9973E-05
0.0425935 0.0489085 0.0054674 0.0792057 0.499483 0.161154 0.0493341 9.9991E-05 0.0606641 0.0530899
0.0594065 0.022644 0.0138733 9.9973E-05 0.458932 0.319372 0.0755769 9.9973E-05 0.0498954 9.9973E-05
0.115661 0.0482157 9.9973E-05 0.014345 0.0426477 0.557411 0.0456711 9.9973E-05 0.175748 9.9973E-05
0.0668401 0.0284134 9.9964E-05 9.9964E-05 0.130563 0.684128 0.0202527 9.9964E-05 0.0694026 9.9964E-05
0.019991 0.0389117 9.9973E-05 0.0312485 0.412854 0.366814 0.0521234 9.9973E-05 0.0777573 9.9973E-05
0.175828 9.9955E-05 9.9955E-05 9.9955E-05 0.000293416 0.650609 0.0711191 9.9955E-05 0.10165 9.9955E-05
0.00799073 0.00358411 9.9973E-05 0.0986014 0.373546 0.446971 0.0387992 9.9973E-05 0.0302071 9.9973E-05
0.0294303 9.9946E-05 9.9946E-05 0.679012 0.0659496 9.9946E-05 0.225008 9.9946E-05 9.9946E-05 9.9946E-05
0.0230483 0.0609962 9.9982E-05 0.395248 0.115678 9.9982E-05 0.0739876 0.0315029 0.268327 0.0310114
0.0267062 9.9973E-05 0.0116017 0.376882 0.318552 9.9973E-05 0.188615 0.0464603 9.9973E-05 0.0308832
0.0494223 0.0242863 9.9973E-05 0.214384 0.510985 9.9973E-05 0.127173 0.0662019 0.00724812 9.9973E-05
0.0931764 9.9964E-05 9.9964E-05 0.491025 0.110907 9.9964E-05 0.262686 0.0386682 9.9964E-05 0.00313704
0.00502903 0.0835682 9.9991E-05 0.215093 0.458407 0.0117362 0.112385 0.0675439 0.0380021 0.00813575
9.9973E-05 0.0506524 0.0238699 0.194671 0.491779 9.9973E-05 0.156131 9.9973E-05 0.0226173 0.0599797
0.0588756 0.0508827 9.9973E-05 0.173904 0.429271 9.9973E-05 0.145666 9.9973E-05 0.0678624 0.0732381
0.0126617 0.0122131 0.0293484 0.245046 0.384579 9.9991E-05 0.140896 0.078369 0.0607202 0.036067
0.00557061 9.9982E-05 0.00641096 0.284433 0.44669 9.9982E-05 0.217652 0.00326246 0.00481666 0.0309635
0.03505 0.0152885 9.9964E-05 0.493969 0.219793 9.9964E-05 0.201211 0.0342882 9.9964E-05 9.9964E-05
9.9964E-05 9.9964E-05 9.9964E-05 0.319598 0.370189 9.9964E-05 0.26694 0.0106597 0.0184794 0.0137336
0.00624611 0.047721 9.9973E-05 0.196283 0.558046 9.9973E-05 0.0699243 0.0244136 0.0970662 9.9973E-05
0.0670058 0.0599995 9.9991E-05 0.0852296 0.556017 0.0359945 0.102924 0.0512907 0.00399589 0.0374425
0.0745727 0.118775 9.9973E-05 0.215791 0.291261 9.9973E-05 0.161313 0.0777445 0.0602438 9.9973E-05
0.034976 0.00891852 9.9982E-05 0.235309 0.384422 9.9982E-05 0.0709274 0.0830905 0.110311 0.0718457
9.9964E-05 9.9964E-05 0.015205 0.399985 0.292545 9.9964E-05 0.231051 0.0215545 9.9964E-05 0.0392594
0.0196949 0.0245039 9.9973E-05 0.27044 0.456657 9.9973E-05 0.0819699 0.116965 0.0294695 9.9973E-05
0.0319013 9.9982E-05 0.0182991 0.330948 0.396148 9.9982E-05 0.107656 0.0574278 0.00429672 0.0531234
0.013534 9.9991E-05 0.0818984 0.0976984 0.508038 0.00943575 0.144159 0.0730687 0.0540444 0.0180234
9.9973E-05 0.0187044 0.278168 0.097763 0.381078 0.0351059 9.9973E-05 0.142334 9.9973E-05 0.0465473
0.000691237 0.115239 0.0570673 0.122386 0.447452 9.9982E-05 9.9982E-05 0.205784 0.0461622 0.00501852
0.0257429 0.0210521 0.14134 0.0687517 0.45591 0.0490086 0.0204266 0.0804115 0.0498951 0.0874617
0.0461533 0.0440559 0.0767088 9.9991E-05 0.461737 0.0338517 0.0253779 0.208329 0.082853 0.0208327
0.0653505 0.0719894 0.122031 0.0232076 0.403368 0.0341175 9.9991E-05 0.228156 0.000781917 0.050898
9.9964E-05 0.0274995 9.9964E-05 0.18359 0.492743 0.0395475 0.039752 9.9964E-05 0.216468 9.9964E-05
0.106714 0.00895321 0.101718 0.0370466 0.452408 0.0720063 0.00938615 0.07155 0.0286175 0.1116
0.0326812 0.201096 0.117782 0.19799 9.9982E-05 0.154065 9.9982E-05 0.162897 0.0695432 0.0637463
9.9991E-05 0.0638587 0.00751884 0.141277 0.466475 0.0145183 0.0501106 0.233053 0.0167229 0.00636516
9.9982E-05 0.0764167 0.121833 0.100328 0.50517 9.9982E-05 0.0328257 0.0536319 0.0194334 0.0901617
0.0328487 0.0633317 0.0735117 0.0317067 0.482139 0.0382186 0.0258829 0.105816 0.0509349 0.0956098
0.04733 0.14179 0.131462 0.129522 0.229115 0.0639253 9.9991E-05 0.121625 0.10719 0.0279396
9.9973E-05 0.112235 0.137042 0.0354529 0.531476 0.00288389 9.9973E-05 0.0836196 9.9973E-05 0.0969911
9.9973E-05 0.0575483 0.0754051 9.9973E-05 0.462013 9.9973E-05 0.0613625 0.203053 0.0884473 0.0518712
0.00165369 0.408949 0.320756 9.9955E-05 9.9955E-05 0.109126 9.9955E-05 0.159016 9.9955E-05 9.9955E-05
9.9973E-05 0.00538486 0.17904 0.137118 0.462124 0.0376124 0.0215867 9.9973E-05 9.9973E-05 0.156835
9.9973E-05 0.0841326 0.135387 9.9973E-05 0.529304 0.00158602 9.9973E-05 0.154731 0.0458783 0.0486808
0.0397486 0.048524 0.0663262 0.0450215 0.552518 0.046735 0.0255255 0.0621453 0.0432737 0.0701823
9.9973E-05 0.0781523 0.102885 9.9973E-05 0.519985 0.0357556 9.9973E-05 0.198674 0.00601636 0.0582324
0.0279409 0.0406087 0.187792 0.0823867 0.465376 0.0548393 9.9991E-05 0.0870849 0.00691344 0.0469581
0.0863395 9.9955E-05 0.0679657 9.9955E-05 0.412613 9.9955E-05 9.9955E-05 9.9955E-05 0.426374 0.0062082
0.0373042 0.00558348 0.0566713 0.108596 0.470617 0.015564 0.0113075 0.0422054 0.222057 0.030094
0.0834786 9.9946E-05 9.9946E-05 0.0463431 9.9946E-05 9.9946E-05 0.0185524 9.9946E-05 0.851026 9.9946E-05
9.9946E-05 9.9946E-05 0.0182215 0.0701136 9.9946E-05 0.0115187 9.9946E-05 9.9946E-05 0.899547 9.9946E-05
9.9991E-05 0.0632582 0.0684967 0.0587967 0.450302 0.0156154 0.00233192 0.0528216 0.273658 0.01462
9.9982E-05 0.0441867 0.0582138 9.9982E-05 0.27059 0.0691926 0.0069024 0.330572 0.107221 0.112922
9.9964E-05 0.0135596 0.101763 9.9964E-05 0.297897 9.9964E-05 9.9964E-05 0.276816 0.223921 0.0856436
9.9964E-05 0.092197 0.0710145 9.9964E-05 0.106324 9.9964E-05 9.9964E-05 0.359002 0.293881 0.0771828
9.9964E-05 0.0903597 0.0802328 9.9964E-05 0.290942 9.9964E-05 9.9964E-05 0.248993 0.194023 0.09505
9.9964E-05 0.0525925 0.0348387 9.9964E-05 0.0258725 0.0661958 9.9964E-05 0.129689 0.690412 9.9964E-05
9.9955E-05 0.0732125 0.0553633 9.9955E-05 0.0993264 9.9955E-05 9.9955E-05 0.101513 0.670085 9.9955E-05
9.9964E-05 0.0137729 9.9964E-05 9.9964E-05 0.523984 0.00732885 9.9964E-05 0.12241 0.327763 0.00434161
9.9955E-05 9.9955E-05 0.0799464 9.9955E-05 0.349896 9.9955E-05 9.9955E-05 0.0161908 0.468547 0.0849203
9.9964E-05 0.0193225 0.0311825 9.9964E-05 0.169034 9.9964E-05 0.00762198 0.095424 0.677015 9.9964E-05
9.9982E-05 0.0221718 0.0353658 0.0266299 0.536742 0.0140933 9.9982E-05 0.00501236 0.298401 0.0613841
9.9955E-05 9.9955E-05 0.0399536 9.9955E-05 0.564173 9.9955E-05 9.9955E-05 0.0436884 0.327191 0.0244942
9.9973E-05 9.9973E-05 0.0749019 0.00278774 0.496411 0.058698 9.9973E-05 0.0482503 0.296429 0.0222225
9.9946E-05 9.9946E-05 0.0236132 9.9946E-05 0.349523 9.9946E-05 0.000792946 9.9946E-05 0.625471 9.9946E-05
0.0277131 9.9973E-05 0.032204 0.0655019 0.383753 0.0106677 0.00630846 9.9973E-05 0.473552 9.9973E-05
0.0233867 0.00109493 0.0446501 0.0302984 0.517 0.0382722 0.0460816 0.000966508 0.275217 0.0230327
0.0471359 0.014472 0.0183636 9.9982E-05 0.415952 0.0279855 0.0657287 9.9982E-05 0.365112 0.0450502
0.0717619 0.018573 0.0865976 0.0252851 0.465416 9.9973E-05 9.9973E-05 0.0968209 0.235246 9.9973E-05
0.0376276 0.013896 0.0105348 0.00768276 0.410897 0.0352828 0.0290324 9.9991E-05 0.445379 0.00956723
9.9946E-05 0.0105813 9.9946E-05 9.9946E-05 0.166093 9.9946E-05 0.0224604 9.9946E-05 0.800266 9.9946E-05
9.9955E-05 9.9955E-05 0.0047735 9.9955E-05 0.604555 0.00176806 9.9955E-05 0.0275559 0.360847 9.9955E-05
9.9955E-05 9.9955E-05 9.9955E-05 0.100907 0.107413 9.9955E-05 0.0113195 9.9955E-05 0.774224 0.00563779
9.9937E-05 9.9937E-05 0.0402151 9.9937E-05 0.424392 9.9937E-05 9.9937E-05 9.9937E-05 0.534693 9.9937E-05
9.9973E-05 0.00147245 0.0624535 0.0470671 0.488231 0.0376735 0.0774174 9.9973E-05 0.285385 9.9973E-05
0.0634686 9.9973E-05 0.0773829 0.0258075 0.491515 9.9973E-05 0.00686923 9.9973E-05 0.283787 0.0508697
0.00404908 9.9982E-05 0.198855 0.0336582 0.441491 0.0651072 9.9982E-05 0.0912919 0.11674 0.0486084
0.0210623 0.0388518 0.139731 0.0156362 0.410476 0.0628968 0.0337385 0.0257356 0.131465 0.120406
0.0171695 0.0822092 0.118406 9.9982E-05 0.28597 0.0943046 9.9982E-05 0.227984 0.0686457 0.105112
9.9982E-05 0.0579361 0.13682 0.0421174 0.264495 0.0726659 9.9982E-05 0.215867 0.117884 0.0920148
0.0321583 9.9991E-05 0.161055 0.0504865 0.413544 0.0786558 0.00349176 0.143383 0.0548104 0.0623149
0.000271897 0.0745856 0.145576 0.0207267 0.456339 0.016028 9.9991E-05 0.0438308 0.145432 0.0971092
9.9946E-05 0.0254557 0.135431 9.9946E-05 9.9946E-05 9.9946E-05 9.9946E-05 0.167694 0.670819 9.9946E-05
9.9964E-05 9.9964E-05 0.0353024 9.9964E-05 0.523819 0.042822 9.9964E-05 0.193172 0.151949 0.0525357
9.9955E-05 0.166825 0.266425 9.9955E-05 9.9955E-05 0.0457419 9.9955E-05 0.109782 0.410726 9.9955E-05
9.9955E-05 9.9955E-05 0.0308643 9.9955E-05 0.432189 9.9955E-05 9.9955E-05 0.154237 0.313873 0.0683368
9.9928E-05 9.9928E-05 9.9928E-05 9.9928E-05 0.0862333 9.9928E-05 9.9928E-05 9.9928E-05 0.912967 9.9928E-05
0.0531673 9.9937E-05 9.9937E-05 9.9937E-05 9.9937E-05 9.9937E-05 0.00030417 9.9937E-05 0.945829 9.9937E-05
