9.9955E-05 9.9955E-05 9.9955E-05 0.0499541 9.9955E-05 9.9955E-05 0.877794 0.0316363 0.0401162
0.00172555 9.9955E-05 9.9955E-05 9.9955E-05 9.9955E-05 9.9955E-05 0.93623 0.0242573 0.0372875
0.0491394 0.0146815 9.9973E-05 0.0202612 0.0398656 9.9973E-05 0.872435 9.9973E-05 0.00331715
9.9964E-05 0.0514678 0.00274446 9.9964E-05 0.123429 9.9964E-05 0.778581 9.9964E-05 0.0433779
9.9946E-05 0.00920059 9.9946E-05 9.9946E-05 0.0867663 9.9946E-05 0.903433 9.9946E-05 9.9946E-05
0.0194541 0.0714026 0.000326982 0.0515388 0.0892287 0.129489 0.603194 9.9991E-05 0.0352654
9.9964E-05 0.0681383 9.9964E-05 9.9964E-05 0.0193873 0.134846 0.741228 9.9964E-05 0.0360014
9.9973E-05 0.0861976 9.9973E-05 0.0241824 0.0267034 0.167503 0.670976 9.9973E-05 0.0241372
9.99639E-05 0.111543 9.99639E-05 9.99639E-05 9.99639E-05 0.056274 0.799573 0.0124455 0.0197653
9.9982E-05 0.0561939 0.00641103 9.9982E-05 0.0588299 0.107768 0.756318 0.00450652 0.00977311
9.9964E-05 0.0571932 9.9964E-05 9.9964E-05 0.103874 0.101083 0.733463 9.9964E-05 0.00398685
9.9946E-05 9.9946E-05 9.9946E-05 0.0181335 9.9946E-05 9.9946E-05 0.0192839 0.961983 9.9946E-05
9.9964E-05 9.9964E-05 9.9964E-05 0.0697628 0.393472 9.9964E-05 0.0136935 0.51167 0.0110025
9.9946E-05 9.9946E-05 9.9946E-05 0.0954596 0.00976863 9.9946E-05 9.9946E-05 0.894172 9.9946E-05
9.9964E-05 9.9964E-05 9.9964E-05 0.113897 0.056234 9.9964E-05 0.0177505 0.808882 0.00283651
9.9964E-05 9.9964E-05 9.9964E-05 0.0993606 0.267753 9.9964E-05 0.0293609 0.579959 0.0231662
9.9955E-05 9.9955E-05 9.9955E-05 0.0793917 0.455922 9.9955E-05 0.0248644 0.439322 9.9955E-05
0.055753 9.9973E-05 9.9973E-05 0.030787 0.308195 0.0453682 9.9973E-05 0.526247 0.0333496
9.9973E-05 9.9973E-05 9.9973E-05 0.0553914 0.10131 0.037359 0.100975 0.69751 0.00715451
9.9955E-05 0.0356524 9.9955E-05 9.9955E-05 9.9955E-05 0.0614611 0.00327743 0.899109 9.9955E-05
0.044887 0.00052054 0.0283992 0.00843886 0.338209 0.0478696 0.0180322 0.510177 0.00346632
0.0339492 9.9982E-05 0.0229916 0.0530969 0.340495 0.192204 9.9982E-05 0.34914 0.00792374
0.087089 0.0687733 9.9982E-05 0.0406655 0.444898 9.9982E-05 0.0031743 0.340058 0.0151419
9.9964E-05 9.9964E-05 9.9964E-05 0.028191 0.00876536 9.9964E-05 0.00118476 0.939587 0.0218722
0.00619488 9.9991E-05 0.0185372 0.0650108 0.595002 0.0365309 0.044872 0.212008 0.0217445
9.9955E-05 9.9955E-05 9.9955E-05 0.0200351 0.382984 9.9955E-05 0.00808577 0.588395 9.9955E-05
9.9955E-05 9.9955E-05 9.9955E-05 0.00997489 0.0263724 9.9955E-05 0.0463736 0.916779 9.9955E-05
9.9955E-05 9.9955E-05 9.9955E-05 0.0653258 0.0634391 9.9955E-05 0.0159718 0.854763 9.9955E-05
9.9946E-05 9.9946E-05 9.9946E-05 9.9946E-05 0.0136957 0.0540976 9.9946E-05 0.931607 9.9946E-05
9.993E-05 9.993E-05 9.993E-05 9.993E-05 9.993E-05 9.993E-05 9.993E-05 9.993E-05 0.999201
9.993E-05 9.993E-05 9.993E-05 9.993E-05 9.993E-05 9.993E-05 9.993E-05 9.993E-05 0.999201
9.9973E-05 0.0159234 9.9973E-05 0.0862618 0.0601653 9.9973E-05 0.452189 0.00306573 0.382094
9.9964E-05 9.9964E-05 9.9964E-05 0.0727792 0.129371 0.00738118 0.469016 9.9964E-05 0.321053
0.248084 0.0520601 9.9973E-05 9.9973E-05 0.473589 0.147352 0.053573 9.9973E-05 0.0250423
0.266417 0.0774924 9.9982E-05 0.0555168 0.433053 9.9982E-05 0.0276731 0.122081 0.0175673
0.446462 0.00611045 0.0160174 0.0411395 0.48657 9.9973E-05 0.00340116 9.9973E-05 9.9973E-05
0.00116798 0.237496 0.043336 9.9973E-05 0.0535166 9.9973E-05 0.0427381 0.621445 9.9973E-05
0.59077 9.9973E-05 0.0414215 0.0292229 0.21648 0.0951473 9.9973E-05 9.9973E-05 0.026659
0.212163 9.9973E-05 9.9973E-05 0.0730334 0.438814 9.9973E-05 0.0453218 0.220028 0.0103397
0.201931 0.00472595 9.9973E-05 9.9973E-05 0.6777 0.0483844 0.0532011 0.0137578 9.9973E-05
0.0639416 0.0579953 9.9982E-05 9.9982E-05 0.513859 0.236994 0.0437421 0.0350843 0.0481837
0.0539088 0.0695911 0.00872339 0.00486381 0.585896 0.0837773 0.0549577 0.114065 0.0242171
0.656149 0.0316904 9.9973E-05 9.9973E-05 0.115824 9.9973E-05 0.0326362 0.156135 0.00726509
9.9982E-05 0.00937019 0.0115323 9.9982E-05 0.637298 0.257449 0.0155334 0.0494654 0.0191525
0.217131 0.0622691 0.0463618 0.0032232 0.545469 0.0137259 0.11162 9.9982E-05 9.9982E-05
0.127151 0.0589984 0.0172087 0.017289 0.609473 0.0840833 0.072711 9.9991E-05 0.0129857
0.583231 9.9955E-05 0.0548016 9.9955E-05 0.3263 0.035168 9.9955E-05 9.9955E-05 9.9955E-05
0.272531 9.9991E-05 0.00202962 0.0205515 0.565698 0.0160305 0.04661 0.0463305 0.0301187
0.187558 0.0320396 0.0552726 0.0422277 0.514048 9.9991E-05 0.12593 0.01952 0.0233042
0.61653 0.00804345 0.0429187 9.9955E-05 9.9955E-05 0.332008 9.9955E-05 9.9955E-05 9.9955E-05
0.0340092 0.282168 0.0640939 9.9973E-05 0.0852265 0.0256718 9.9973E-05 0.508531 9.9973E-05
0.115508 0.00206694 0.103344 0.022098 0.0707845 0.222886 9.9982E-05 0.463113 9.9982E-05
0.0248411 0.0437166 0.0807733 0.051292 0.533493 9.9991E-05 0.0470984 0.202476 0.0162092
0.0243501 0.00885638 0.053531 0.059546 0.551423 0.0650335 0.0784333 0.156762 0.00206414
0.05869 9.9991E-05 0.0190425 0.0283608 0.572822 0.0540116 0.0797631 0.186104 0.00110546
0.0806001 0.200737 9.9982E-05 9.9982E-05 0.102282 0.0452191 0.104013 0.457925 0.00902383
0.0299482 0.109794 0.00348696 9.9982E-05 0.503408 0.00381478 9.9982E-05 0.318761 0.0305875
0.108751 0.0950499 9.9982E-05 0.0715553 0.524231 9.9982E-05 0.0458144 0.122323 0.0320741
0.0606167 0.0600909 0.071067 0.0262808 0.328007 0.0341168 0.0932705 0.321829 0.00472142
0.0666251 0.129499 9.9991E-05 0.00241692 0.0304145 0.0882766 0.14565 0.533307 0.0037109
0.0736102 0.0675864 0.0184511 0.0624411 0.504824 0.0594942 0.0436457 0.164738 0.00520948
0.0399931 0.0791564 0.0203085 9.9991E-05 0.434042 0.0343742 0.0534535 0.314215 0.0243573
0.0503401 0.11685 0.0144424 9.9982E-05 9.9982E-05 0.0759839 0.0177024 0.662826 0.0616553
0.012616 0.118814 0.0726424 9.9964E-05 0.328032 9.9964E-05 9.9964E-05 0.467496 9.9964E-05
0.0547016 9.9991E-05 0.117966 0.0501972 0.513485 0.0294406 0.039136 0.181857 0.0131165
0.0341422 0.0566364 0.0218143 9.9991E-05 0.593132 0.0117416 0.088538 0.18587 0.00802558
0.0861803 0.0501551 0.0123198 0.0702227 0.102921 0.0243996 0.0296909 0.562865 0.061246
0.0682543 0.0607028 0.0471756 0.0307481 0.445868 0.0343066 0.0186363 0.260069 0.0342397
0.0713861 0.117112 0.0814158 0.0369761 0.510488 0.00560439 9.9991E-05 0.162542 0.0143753
0.0506496 0.11699 0.0495434 9.9982E-05 0.118389 0.0324649 9.9982E-05 0.585477 0.0462869
0.454007 0.0250835 9.9973E-05 0.00660873 0.495142 9.9973E-05 9.9973E-05 0.0135509 0.00530762
0.712792 9.9955E-05 9.9955E-05 9.9955E-05 0.146929 9.9955E-05 9.9955E-05 0.119569 0.02021
0.277631 0.0295419 0.00888972 0.0729946 0.448809 9.9991E-05 0.0609122 0.084579 0.0165429
0.865126 9.9955E-05 0.0664621 0.00346815 9.9955E-05 0.0644438 9.9955E-05 9.9955E-05 9.9955E-05
0.839018 9.9946E-05 0.0613083 9.9946E-05 9.9946E-05 0.0990737 9.9946E-05 9.9946E-05 9.9946E-05
0.69495 9.9955E-05 0.0488614 9.9955E-05 0.219231 0.0364572 9.9955E-05 9.9955E-05 9.9955E-05
0.442177 0.0114744 9.9964E-05 9.9964E-05 0.449664 9.9964E-05 9.9964E-05 0.0611385 0.0351452
0.103287 0.0462024 0.0651413 0.0539428 0.508213 0.0466731 0.0849044 0.0695025 0.0221338
0.46608 9.9964E-05 0.0404351 9.9964E-05 0.458203 9.9964E-05 9.9964E-05 0.0174418 0.0174408
0.600475 0.0547465 9.9973E-05 9.9973E-05 0.0807397 9.9973E-05 0.0394852 0.219769 0.00448533
0.535141 0.0711834 9.9964E-05 9.9964E-05 0.250344 9.9964E-05 9.9964E-05 0.12644 0.0164913
0.21728 0.0197303 9.9991E-05 0.0470507 0.466673 0.028855 0.0668823 0.134339 0.0190898
0.588712 9.9964E-05 9.9964E-05 9.9964E-05 0.286613 9.9964E-05 0.0506647 0.0694322 0.00417854
0.427374 0.000901665 9.9964E-05 9.9964E-05 0.395606 9.9964E-05 9.9964E-05 0.144991 0.0307275
0.450749 9.9955E-05 0.0555587 9.9955E-05 0.454634 0.0385592 9.9955E-05 9.9955E-05 9.9955E-05
0.635526 9.9946E-05 0.141992 9.9946E-05 9.9946E-05 0.221883 9.9946E-05 9.9946E-05 9.9946E-05
0.235919 9.99963E-05 0.0303957 0.00377929 0.571651 0.0299942 0.0545344 0.0712286 0.00239849
0.00178605 0.0686065 9.9964E-05 9.9964E-05 0.0924482 9.9964E-05 0.788405 9.9964E-05 0.0483547
9.9946E-05 9.9946E-05 9.9946E-05 9.9946E-05 0.0733921 9.9946E-05 0.867519 9.9946E-05 0.0584895
9.9955E-05 9.9955E-05 9.9955E-05 0.0174341 0.122135 9.9955E-05 0.827689 9.9955E-05 0.0322417
9.9955E-05 9.9955E-05 9.9955E-05 0.0299921 0.0392231 9.9955E-05 0.897261 9.9955E-05 0.0330245
9.9964E-05 9.9964E-05 0.0117442 0.0281142 9.9964E-05 9.9964E-05 0.922075 0.0102186 0.0274477
9.9964E-05 9.9964E-05 0.0187352 0.0235748 0.0895734 9.9964E-05 0.848494 9.9964E-05 0.0192224
9.9955E-05 0.00310991 9.9955E-05 9.9955E-05 0.0780918 9.9955E-05 0.908817 9.9955E-05 0.00948117
0.204617 0.0378297 0.0439782 0.0369148 0.535555 9.9991E-05 0.0291988 0.0868039 0.0250023
0.13015 0.0122543 0.0176125 0.00728437 0.567932 0.084554 0.0664685 0.0824932 0.031251
0.652468 0.124329 0.0102494 9.9964E-05 9.9964E-05 9.9964E-05 0.0565288 0.156026 9.9964E-05
0.103261 0.0320869 0.0503107 0.0620954 0.565827 0.0143489 0.0535019 0.105216 0.0133527
0.490929 0.0476675 9.9973E-05 9.9973E-05 0.368659 9.9973E-05 0.00484764 0.0544759 0.0331213
0.306553 0.0698999 9.9964E-05 9.9964E-05 0.525242 9.9964E-05 0.0527435 0.0451619 9.9964E-05
0.282677 0.00522487 0.0431685 0.0245015 0.529712 0.0731288 0.0186144 0.0228734 9.9991E-05
0.382197 9.9982E-05 0.0724953 0.051177 0.432631 9.9982E-05 0.0140888 0.0403208 0.00689042
0.681879 0.112956 9.9964E-05 9.9964E-05 9.9964E-05 9.9964E-05 0.038222 0.165879 0.000663347
0.186523 0.102035 0.0325271 0.0152718 0.489799 0.0643359 0.0676155 0.00915202 0.0327398
0.158261 0.0268166 0.00764892 0.0307758 0.574414 0.0363482 0.061209 0.102511 0.00201527
0.0945173 0.0720675 0.00498778 0.0314722 0.568899 0.107378 0.0664123 0.0473578 0.00690839
0.508058 0.0314668 0.0428515 0.0250943 0.212073 0.148831 9.9991E-05 0.0289702 0.00255516
0.426551 9.9955E-05 0.0957423 9.9955E-05 0.467644 9.9955E-05 9.9955E-05 9.9955E-05 0.00956351
0.426561 0.0488853 9.9964E-05 9.9964E-05 0.39138 9.9964E-05 0.0190159 0.113759 9.9964E-05
0.542842 9.9955E-05 0.0840048 0.00557909 0.367075 9.9955E-05 9.9955E-05 9.9955E-05 9.9955E-05
0.391741 0.0888943 9.9973E-05 9.9973E-05 0.403749 9.9973E-05 0.0588439 0.0508579 0.00561394
0.222367 0.0175651 0.0271554 0.0537314 0.482439 0.060127 0.0762473 0.0602675 9.9991E-05
9.9982E-05 0.188224 0.181925 0.038205 0.226105 0.0898566 9.9982E-05 0.254683 0.0208005
0.0147648 0.178125 9.9973E-05 9.9973E-05 0.399362 0.0855183 0.0359258 0.286004 9.9973E-05
9.9991E-05 0.0422917 0.0452062 0.0331743 0.545821 0.0581382 0.152063 0.106725 0.0164809
0.064999 0.118005 0.000252135 0.0464365 0.55023 0.0402545 0.0892864 0.08697 0.00356715
0.0477453 0.171049 9.9973E-05 9.9973E-05 0.395951 0.0577545 9.9973E-05 0.286652 0.0405494
9.9982E-05 0.159186 0.0417137 9.9982E-05 0.572794 0.0234225 0.0115042 0.183943 0.00723692
9.9973E-05 0.209276 0.013797 9.9973E-05 0.441976 9.9973E-05 0.0490738 0.271963 0.0136142
0.0574688 0.0703385 0.0336595 0.0193348 0.519591 0.10877 0.0370747 0.136445 0.0173179
0.0553723 0.0809349 0.0429615 0.0344699 0.575286 0.0120199 0.0744372 0.121963 0.00255463
0.00797747 0.130553 9.9982E-05 9.9982E-05 0.551023 0.09653 0.0119153 0.188709 0.0130928
0.019259 0.181847 0.0475527 9.9991E-05 0.521638 0.00402844 0.054269 0.163503 0.00780358
9.9982E-05 0.068083 0.108696 0.040111 0.560592 0.033353 0.0480516 0.140914 9.9982E-05
9.9982E-05 0.116293 0.00847992 0.0502741 0.614337 0.101332 0.0816553 9.9982E-05 0.0274285
0.0558566 0.0737872 0.0529697 0.0346797 0.565071 0.0825894 9.9982E-05 0.134847 9.9982E-05
9.9991E-05 0.101864 0.115695 0.0626545 0.527714 0.0409415 0.0601364 0.080435 0.0104603
0.0214498 0.123952 0.112464 0.0513851 0.5703 9.9982E-05 9.9982E-05 0.112043 0.00820634
0.0310482 0.131338 0.0539932 0.0385228 0.340472 0.202004 0.0512888 0.149895 0.00143778
0.0740502 0.100775 0.0802518 0.0312704 0.579765 9.9991E-05 0.0657899 0.0653699 0.00262771
9.9982E-05 0.131117 0.0887573 0.0261094 0.686065 0.0612471 0.00197148 0.00453268 9.9982E-05
0.0574383 0.23827 0.0536652 0.0198249 0.11599 9.9982E-05 0.0227062 0.491905 9.9982E-05
0.0291984 0.091682 0.217411 0.0211864 0.0590842 0.192477 9.9982E-05 0.388761 9.9982E-05
0.082168 0.124135 0.0510099 0.0662301 0.477186 0.00361666 0.0395238 0.15603 9.9991E-05
0.0855882 0.116528 0.244693 0.00596344 0.018945 0.218976 9.9982E-05 0.309106 9.9982E-05
0.00932005 0.164987 0.0189338 9.9973E-05 0.230226 9.9973E-05 9.9973E-05 0.564443 0.0117897
0.0333796 0.166103 0.0351443 9.9964E-05 0.374789 9.9964E-05 9.9964E-05 0.390185 9.9964E-05
0.0591933 0.251253 9.9964E-05 9.9964E-05 0.312042 9.9964E-05 9.9964E-05 0.3494 0.0277114
0.011061 0.205702 0.051685 9.9964E-05 0.271225 9.9964E-05 9.9964E-05 0.459927 9.9964E-05
0.0279019 0.0778501 0.0536935 9.9991E-05 0.549257 0.0378097 0.00568693 0.215735 0.0319659
9.9982E-05 0.0854376 0.0633374 0.0655314 0.523475 0.032443 0.0470227 0.182553 9.9982E-05
0.0220374 0.117818 0.0525232 0.00504052 0.544718 9.9991E-05 0.00145089 0.22079 0.0355212
0.079816 0.116966 0.150243 0.00667053 0.10749 0.159345 9.9982E-05 0.37927 9.9982E-05
0.0627204 0.0365525 0.0677292 0.0133552 0.484168 0.0518441 0.143801 0.13973 9.9991E-05
0.0129883 0.0347107 0.0632857 9.9991E-05 0.530497 0.234624 0.0230211 0.0735597 0.0272128
0.121431 0.0504769 0.10592 9.9973E-05 9.9973E-05 0.627822 0.0509846 0.0430648 9.9973E-05
0.0557594 0.0211542 0.00828083 0.0404632 0.624479 0.119716 0.0215282 0.105707 0.00291168
0.091582 0.00496567 0.0973048 9.9991E-05 0.307018 0.30306 0.0352408 0.139521 0.0212078
0.00748579 0.0331818 0.0303324 0.0225113 0.544928 0.198199 0.0677376 0.0606392 0.0349847
0.0958951 0.106958 0.000194809 9.9991E-05 0.246758 0.464382 0.0343201 0.0291592 0.0222331
0.0779209 0.117296 0.0777663 9.9982E-05 0.10131 0.540119 9.9982E-05 0.0736852 0.0117027
0.0645623 0.0730496 0.0285839 0.00806655 0.383313 0.312687 0.00973734 0.1199 9.9991E-05
0.115854 0.0351864 0.0298131 0.0670524 0.394023 0.114657 0.0664538 0.152541 0.0244193
0.0656981 0.0709116 0.0399697 0.0594191 0.371278 0.114345 0.123904 0.147523 0.00695165
0.126282 9.9982E-05 0.128402 0.0844909 0.029902 0.350238 9.9982E-05 0.275942 0.00454315
0.0279303 0.0305452 0.0366648 0.0667932 0.488992 0.128914 0.0357686 0.166011 0.0183814
0.0655204 0.0300577 0.0873132 9.9973E-05 0.292262 0.403888 9.9973E-05 0.120658 9.9973E-05
0.130627 0.0323683 0.0347752 9.9973E-05 0.431301 0.265061 9.9973E-05 0.105568 9.9973E-05
0.0581668 0.0451134 0.0121353 0.0515235 0.542718 0.159089 0.0784896 0.026466 0.0262985
9.9964E-05 9.9964E-05 9.9964E-05 0.210442 0.17644 0.287467 0.295979 9.9964E-05 0.0292728
9.9955E-05 9.9955E-05 9.9955E-05 0.125367 9.9955E-05 0.448836 0.41256 9.9955E-05 0.0127376
9.9955E-05 9.9955E-05 9.9955E-05 0.124788 9.9955E-05 0.506219 0.363035 9.9955E-05 0.00545813
9.9964E-05 9.9964E-05 9.9964E-05 0.263723 0.108262 0.290362 0.332225 9.9964E-05 0.00502709
0.0725566 0.00606894 0.0653961 9.9982E-05 0.603368 0.18191 9.9982E-05 0.069587 0.000913046
0.0307142 0.00201078 0.0458566 9.9991E-05 0.629075 0.13419 0.0769141 0.0640797 0.0170603
0.00201732 9.9964E-05 9.9964E-05 0.661886 0.313528 9.9964E-05 9.9964E-05 0.020661 0.00150765
0.0490503 0.0411823 9.9982E-05 0.455106 0.354856 9.9982E-05 0.00755418 0.0595973 0.0324542
0.0361048 0.081368 9.9991E-05 0.357504 0.399956 0.0138649 0.00261672 0.0659607 0.0425246
0.0852101 0.0309213 0.111366 9.9973E-05 0.282134 0.435713 9.9973E-05 0.0543559 9.9973E-05
0.086692 0.0247877 0.125571 0.0480395 0.424878 0.11351 0.0694852 0.0902745 0.016762
0.00894451 9.9964E-05 0.0685616 9.9964E-05 0.215688 0.507956 9.9964E-05 0.19845 9.9964E-05
0.0439816 9.9964E-05 0.0257675 9.9964E-05 0.561067 0.27973 9.9964E-05 0.0890544 9.9964E-05
9.9982E-05 0.0595061 0.118586 0.021759 0.451203 0.272558 0.00831088 0.0678774 9.9982E-05
0.00978286 0.00979833 0.0620214 9.9973E-05 0.598675 0.317001 9.9973E-05 9.9973E-05 0.00242127
0.0745063 0.00524652 0.0457925 9.9973E-05 0.204734 0.581734 9.9973E-05 0.0876869 9.9973E-05
0.0873404 0.0028699 9.9982E-05 0.0233848 0.6462 0.20471 9.9982E-05 0.0171005 0.0181952
9.9982E-05 0.00610463 0.0159231 0.016371 0.612944 0.19494 0.0993985 0.0541193 9.9982E-05
9.9946E-05 0.0206193 9.9946E-05 0.95388 0.0249015 9.9946E-05 9.9946E-05 9.9946E-05 9.9946E-05
9.9964E-05 9.9964E-05 0.0236462 0.906374 0.0624656 9.9964E-05 9.9964E-05 0.00505071 0.0020638
0.0407885 0.00705319 0.0434406 0.530218 0.235942 9.9991E-05 0.0426239 0.0646487 0.0351846
9.9946E-05 0.0435418 9.9946E-05 0.614114 0.341745 9.9946E-05 9.9946E-05 9.9946E-05 9.9946E-05
9.9955E-05 0.0311416 9.9955E-05 0.805311 0.149413 9.9955E-05 9.9955E-05 0.0136353 9.9955E-05
9.993E-05 9.993E-05 9.993E-05 0.999201 9.993E-05 9.993E-05 9.993E-05 9.993E-05 9.993E-05
9.9937E-05 0.0296127 9.9937E-05 0.969688 9.9937E-05 9.9937E-05 9.9937E-05 9.9937E-05 9.9937E-05
9.9946E-05 9.9946E-05 9.9946E-05 0.822274 0.176059 9.9946E-05 9.9946E-05 0.00106724 9.9946E-05
0.00396851 0.0463571 9.9946E-05 0.949075 9.9946E-05 9.9946E-05 9.9946E-05 9.9946E-05 9.9946E-05
9.993E-05 9.993E-05 9.993E-05 0.999201 9.993E-05 9.993E-05 9.993E-05 9.993E-05 9.993E-05
9.993E-05 9.993E-05 9.993E-05 0.999201 9.993E-05 9.993E-05 9.993E-05 9.993E-05 9.993E-05
9.9973E-05 0.00534639 9.9973E-05 0.739892 0.231897 9.9973E-05 0.0116144 0.00957461 0.00137567
0.00944399 0.0396657 9.9982E-05 0.770751 0.103566 9.9982E-05 0.0400559 0.0290923 0.00722563
9.993E-05 9.993E-05 9.993E-05 0.999201 9.993E-05 9.993E-05 9.993E-05 9.993E-05 9.993E-05
0.0234025 0.0208608 0.0299205 0.373304 0.356418 0.0307441 0.055987 0.0787095 0.0306538
0.0372501 0.0190047 9.9973E-05 0.640222 0.263044 9.9973E-05 0.0246415 9.9973E-05 0.0155372
9.9955E-05 0.00648052 9.9955E-05 0.803747 0.16143 9.9955E-05 0.0278425 9.9955E-05 9.9955E-05
9.9955E-05 0.0140598 9.9955E-05 0.865673 0.118613 9.9955E-05 9.9955E-05 9.9955E-05 0.00115385
9.993E-05 9.993E-05 9.993E-05 0.999201 9.993E-05 9.993E-05 9.993E-05 9.993E-05 9.993E-05
9.9946E-05 9.9946E-05 9.9946E-05 0.956057 0.0349083 9.9946E-05 9.9946E-05 9.9946E-05 0.00843512
9.9937E-05 9.9937E-05 9.9937E-05 0.994413 9.9937E-05 9.9937E-05 9.9937E-05 9.9937E-05 0.00488754
0.0509438 0.0419062 0.000238697 0.630786 0.237184 9.9991E-05 0.0275389 0.00823745 0.00306497
0.00648892 9.9955E-05 9.9955E-05 0.974742 9.9955E-05 0.00772012 9.9955E-05 9.9955E-05 0.010549
9.9973E-05 9.9973E-05 0.0525315 0.0616103 0.00903431 0.644202 0.224559 0.00776278 9.9973E-05
9.9973E-05 0.0462655 9.9973E-05 0.0770403 0.353048 0.336047 0.160313 9.9973E-05 0.0269861
9.9982E-05 0.0123408 0.000272324 0.0128197 0.517329 0.32653 0.129254 9.9982E-05 0.00125407
9.9973E-05 0.0407098 9.9973E-05 0.0860279 0.225858 0.509312 0.12908 9.9973E-05 0.00871201
0.0496347 0.0232288 0.0218064 0.112575 0.402143 0.146146 0.147906 0.0704207 0.0261386
0.0300093 9.9982E-05 9.9982E-05 0.0697237 0.167044 0.533781 0.164364 0.0036944 0.0311835
9.9991E-05 0.0103564 0.0659273 0.0981033 0.395226 0.205625 0.127422 0.0865568 0.0106836
9.9964E-05 9.9964E-05 9.9964E-05 0.0618216 0.380387 0.410846 0.135827 9.9964E-05 0.0107182
9.9964E-05 9.9964E-05 9.9964E-05 0.0985685 0.498994 0.251987 0.110991 9.9964E-05 0.039059
0.0161839 0.00880491 9.9991E-05 0.0856788 0.400196 0.339955 0.118567 0.00144682 0.0290682
0.0217773 0.0505349 0.0111313 0.128846 0.427504 0.197643 0.160789 9.9991E-05 0.00167479
0.00488616 0.0228734 9.9973E-05 9.9973E-05 0.0659046 0.0330241 0.855817 9.9973E-05 0.0171949
9.9964E-05 0.00125563 0.031863 0.0585276 9.9964E-05 9.9964E-05 0.87969 9.9964E-05 0.0282638
9.9964E-05 0.0266821 0.0206146 9.9964E-05 9.9964E-05 9.9964E-05 0.906965 0.00519241 0.040146
0.0115776 9.9946E-05 9.9946E-05 9.9946E-05 9.9946E-05 0.0288052 0.959018 9.9946E-05 9.9946E-05
9.9955E-05 9.9955E-05 9.9955E-05 9.9955E-05 0.0535876 9.9955E-05 0.853418 0.0461624 0.0463323
9.9964E-05 9.9964E-05 0.00625512 9.9964E-05 0.0141153 9.9964E-05 0.933663 0.00885765 0.0367095
9.9964E-05 0.000254179 9.9964E-05 0.0211689 0.051797 9.9964E-05 0.869938 9.9964E-05 0.0564423
9.9964E-05 0.0469512 0.00530934 9.9964E-05 9.9964E-05 9.9964E-05 0.891814 0.0120701 0.0434552
0.0255127 9.9982E-05 9.9982E-05 0.0438954 0.0116415 0.0312831 0.844688 0.0207331 0.0220464
9.9973E-05 0.0119704 9.9973E-05 0.0242429 0.0165426 0.0388534 0.874031 9.9973E-05 0.0340598
0.0416781 0.27772 9.9964E-05 9.9964E-05 9.9964E-05 0.0809979 0.567181 0.0320232 9.9964E-05
0.0126768 0.286563 0.0145568 9.9982E-05 9.9982E-05 0.0431949 0.566624 0.0413053 0.0348799
0.0454597 0.235122 0.00776482 9.9982E-05 9.9982E-05 0.0661785 0.499632 0.115787 0.0298562
0.012432 0.309421 9.9964E-05 9.9964E-05 9.9964E-05 0.0973392 0.450924 0.129484 9.9964E-05
0.26189 0.057334 9.9973E-05 9.9973E-05 0.440402 9.9973E-05 0.0616478 0.159229 0.0191966
0.300969 0.0274275 0.00857607 0.022204 0.437392 9.9982E-05 0.0287476 0.174483 9.9982E-05
0.168783 0.108252 0.00263445 0.0106444 0.512389 9.9982E-05 0.00310382 0.193993 9.9982E-05
0.269801 0.112327 9.9973E-05 9.9973E-05 0.323348 9.9973E-05 0.0124887 0.273201 0.00853521
0.0758201 0.302785 0.00697189 0.00300478 0.10572 0.0248179 9.9982E-05 0.480681 9.9982E-05
0.181489 0.00191819 0.0710461 0.00287177 0.639248 9.9991E-05 0.0372144 0.054591 0.0115215
0.25574 0.0873259 0.0101008 9.9964E-05 0.588677 9.9964E-05 9.9964E-05 0.0577563 9.9964E-05
0.301497 0.0163478 0.0433172 9.9982E-05 0.533284 0.0808642 0.00401809 0.0204718 9.9982E-05
0.556323 9.9946E-05 0.0662594 9.9946E-05 0.376818 9.9946E-05 9.9946E-05 9.9946E-05 9.9946E-05
0.136906 0.0444761 0.0841504 0.0235597 0.55062 0.0336338 0.0470565 0.0699075 0.00968978
0.450319 0.0466487 9.9964E-05 9.9964E-05 0.405452 9.9964E-05 9.9964E-05 0.0756156 0.0215651
0.752648 0.00722327 0.173631 9.9955E-05 9.9955E-05 0.0659979 9.9955E-05 9.9955E-05 9.9955E-05
0.113575 0.0595599 0.0578317 0.00922854 0.562773 9.9991E-05 0.0359164 0.156539 0.00447703
0.587301 9.9955E-05 0.099735 9.9955E-05 0.163079 0.149385 9.9955E-05 9.9955E-05 9.9955E-05
0.346803 0.0334514 0.0383798 0.0257006 0.50356 0.0474981 9.9982E-05 9.9982E-05 0.00440638
0.629039 0.0781658 9.9955E-05 9.9955E-05 0.0879124 9.9955E-05 9.9955E-05 0.204383 9.9955E-05
9.9964E-05 0.861968 9.9964E-05 9.9964E-05 0.0105268 0.0445439 0.0822413 9.9964E-05 0.000320367
9.9955E-05 0.835373 9.9955E-05 9.9955E-05 0.0946258 0.0437997 0.0257021 9.9955E-05 9.9955E-05
0.0200138 0.839334 9.9973E-05 9.9973E-05 0.0449107 0.0479062 0.0439593 9.9973E-05 0.00357631
0.0216805 0.82069 9.9955E-05 9.9955E-05 9.9955E-05 0.0825272 0.074602 9.9955E-05 9.9955E-05
9.9946E-05 0.82317 9.9946E-05 9.9946E-05 0.132895 0.0433349 9.9946E-05 9.9946E-05 9.9946E-05
9.9955E-05 0.80325 9.9955E-05 0.0399017 0.101833 0.0545156 9.9955E-05 9.9955E-05 9.9955E-05
0.0339275 0.033791 9.9973E-05 0.0715382 0.0169525 9.9973E-05 0.830075 9.9973E-05 0.013416
0.0125033 0.0299264 9.9973E-05 9.9973E-05 0.115594 9.9973E-05 0.804327 0.0321343 0.00521532
0.00486768 0.010509 9.9982E-05 0.0345677 0.158196 0.0117611 0.742774 9.9982E-05 0.0371246
0.0620515 0.0149956 9.9964E-05 0.0630951 0.0195408 9.9964E-05 0.839917 9.9964E-05 9.9964E-05
9.9973E-05 0.00978395 9.9973E-05 0.0317479 0.162803 9.9973E-05 0.760522 0.0223632 0.0124799
0.0054976 0.541314 9.9964E-05 9.9964E-05 9.9964E-05 0.0798314 0.341623 9.9964E-05 0.0313333
9.9973E-05 0.541383 0.00583812 0.00619657 9.9973E-05 0.0450578 0.356818 9.9973E-05 0.0444064
9.9973E-05 0.490318 0.047862 0.00853105 0.040084 9.9973E-05 0.389281 9.9973E-05 0.0236238
9.993E-05 9.993E-05 9.993E-05 9.993E-05 9.993E-05 9.993E-05 9.993E-05 9.993E-05 0.999201
0.050719 0.484453 0.0670335 0.00614688 9.9991E-05 0.0128801 0.336095 0.00243317 0.0401399
9.9964E-05 9.9964E-05 0.0097671 0.288788 0.280749 0.191632 0.228665 9.9964E-05 9.9964E-05
9.9982E-05 9.9982E-05 0.00385186 0.176895 0.555116 0.0754015 0.115051 0.0452985 0.0281867
9.9955E-05 9.9955E-05 9.9955E-05 0.198987 0.587786 0.0196814 0.193046 9.9955E-05 9.9955E-05
9.9973E-05 9.9973E-05 0.0332476 0.235986 0.346887 0.135221 0.239131 0.00922722 9.9973E-05
0.00317512 0.0571178 0.00785961 0.0883028 0.491985 0.0747456 0.140716 0.0918181 0.0442799
9.9964E-05 9.9964E-05 0.0147254 0.290162 9.9964E-05 0.284954 0.389189 9.9964E-05 0.0205695
0.021359 0.231564 0.0373791 9.9973E-05 0.402264 0.03546 9.9973E-05 0.271674 9.9973E-05
0.0616398 0.095688 0.135552 9.9973E-05 0.383787 0.128359 9.9973E-05 0.194674 9.9973E-05
0.0423412 0.18624 0.00642605 9.9973E-05 0.170519 9.9973E-05 0.0136562 0.580518 9.9973E-05
0.0302209 0.0623059 0.15284 9.9973E-05 0.490185 0.0862758 9.9973E-05 0.177873 9.9973E-05
0.0339452 0.115735 0.330103 9.9964E-05 9.9964E-05 0.28433 9.9964E-05 0.235487 9.9964E-05
0.00239127 0.0536066 0.0629098 0.0402763 0.549944 0.0760426 0.0688465 0.111906 0.0340766
0.0147389 0.106952 0.12101 0.00877084 0.515794 0.0934081 9.9991E-05 0.127664 0.011562
0.0231007 0.170409 0.047171 9.9991E-05 0.25254 0.0139826 0.037969 0.448427 0.00629992
0.078389 0.0430947 0.0184779 0.00695062 0.483936 0.0111571 0.126746 0.231149 9.9991E-05
0.122504 0.00469988 0.139581 9.9973E-05 0.0657188 0.232177 9.9973E-05 0.435019 9.9973E-05
0.0586777 0.0781247 0.0931689 0.007113 0.523066 0.0791719 0.0132572 0.14732 9.9991E-05
0.0311237 0.157598 0.0377396 9.9973E-05 0.488205 0.01574 9.9973E-05 0.269294 9.9973E-05
0.0518389 0.000284204 0.0441969 0.120577 0.406425 0.12711 0.0784866 0.170981 9.9991E-05
0.076276 0.0744199 0.140201 9.9973E-05 0.304552 0.0960995 9.9973E-05 0.308151 9.9973E-05
0.0446309 0.11107 0.0861618 0.013764 0.385709 0.150351 9.9982E-05 0.208113 9.9982E-05
0.0737469 0.121865 0.113446 0.0012953 0.538698 0.0408933 0.0011079 0.108848 9.9991E-05
0.047039 0.0808368 0.0884251 9.9973E-05 0.529098 0.0809711 9.9973E-05 0.173331 9.9973E-05
0.0311865 0.0874342 0.079401 0.0453823 0.605453 0.0570779 9.9991E-05 0.0642289 0.0297358
0.0421656 0.0594426 0.0694853 0.0105566 0.549229 9.9991E-05 0.0890131 0.164602 0.015406
0.0700815 0.0543908 0.0393993 9.9991E-05 0.540691 0.0204277 0.0362936 0.219042 0.0195747
9.9955E-05 9.9955E-05 9.9955E-05 0.041348 0.102367 9.9955E-05 0.854991 9.9955E-05 0.000794502
9.9937E-05 9.9937E-05 9.9937E-05 9.9937E-05 0.125951 9.9937E-05 0.87335 9.9937E-05 9.9937E-05
0.00900849 0.0577907 0.00693508 9.9982E-05 0.0526884 0.00210802 0.833161 9.9982E-05 0.0381079
9.9964E-05 9.9964E-05 0.0137751 0.0589287 0.0216895 9.9964E-05 0.888915 9.9964E-05 0.0162918
9.9946E-05 9.9946E-05 9.9946E-05 9.9946E-05 0.111036 9.9946E-05 0.8706 9.9946E-05 0.0177636
0.0200897 0.189704 9.99873E-05 0.0205121 0.0184632 0.0841813 9.99873E-05 0.649687 0.0171625
0.0381995 0.0753531 0.134079 0.0317262 0.488776 9.9991E-05 0.00313879 0.184751 0.0438759
0.0254362 0.0318143 9.9991E-05 0.228928 0.40657 0.13866 0.138469 0.0143258 0.0156972
0.0339611 0.0792967 0.0409209 0.0552229 0.590263 9.9991E-05 0.00312283 0.185284 0.011828
0.0584235 0.0834393 9.9973E-05 0.0039886 0.441721 9.9973E-05 0.0300008 0.382127 9.9973E-05
0.0293329 0.0647663 0.154468 0.0186786 0.1883 0.190818 9.9991E-05 0.342925 0.0106114
0.0114905 0.311117 0.04175 9.9973E-05 9.9973E-05 0.0160452 0.0576057 0.561692 9.9973E-05
0.0477923 0.190953 9.9973E-05 9.9973E-05 0.418395 9.9973E-05 0.0447956 0.282072 0.0156924
9.9982E-05 0.290705 0.0317501 0.0278565 0.172488 0.00949339 0.0437527 0.423754 9.9982E-05
0.118497 0.0731006 0.0206494 0.0367721 0.406719 0.0950427 0.0148872 0.224228 0.0101037
9.9973E-05 0.226147 0.027467 9.9973E-05 0.0777482 0.0344297 0.0886975 0.545211 9.9973E-05
9.9982E-05 0.137803 0.0386641 0.0377352 0.517207 9.9982E-05 0.05992 0.192332 0.0161382
0.0556655 0.176005 0.0143273 9.9991E-05 0.0523341 0.0631524 0.0268225 0.586067 0.0255265
0.0499041 0.0608519 0.0718064 0.0947557 0.178424 0.133022 9.9982E-05 0.411037 9.9982E-05
0.0692644 0.0547592 0.0106596 0.00390452 0.514926 0.184061 0.0426397 0.10166 0.0181261
0.0399515 0.033257 0.0680225 9.9973E-05 0.293918 0.454771 9.9973E-05 0.10978 9.9973E-05
9.9973E-05 0.0523663 0.0406704 9.9973E-05 0.533643 0.315968 0.0212714 0.0357809 9.9973E-05
9.9982E-05 0.0675955 9.9982E-05 0.00820655 0.538965 0.229873 0.0334445 0.0861342 0.0355813
0.0836865 0.0405338 0.0225214 9.9973E-05 0.262773 0.559564 9.9973E-05 0.0306216 9.9973E-05
0.0532945 0.0813778 0.0381101 0.057808 0.502414 0.148175 0.032394 0.0801353 0.0062914
0.0642064 0.0569481 0.062315 9.9982E-05 0.56075 0.246586 0.00804119 9.9982E-05 0.000953376
0.120503 0.0445578 0.130785 9.9964E-05 0.147581 0.556173 9.9964E-05 9.9964E-05 9.9964E-05
0.0624566 0.0595003 0.0202904 9.9964E-05 0.216045 0.641308 9.9964E-05 9.9964E-05 9.9964E-05
0.0238024 0.0841945 9.9973E-05 9.9973E-05 0.482128 0.381368 9.9973E-05 0.0168822 0.011325
0.213119 0.0835687 0.0565054 9.9964E-05 0.0724556 0.573951 9.9964E-05 9.9964E-05 9.9964E-05
0.0406537 0.0618842 0.0660537 9.9973E-05 0.417214 0.321636 9.9973E-05 0.092258 9.9973E-05
0.012314 0.23369 0.0284379 0.0114895 0.0258755 9.9982E-05 9.9982E-05 0.678901 0.00909194
9.9973E-05 0.0682063 0.25985 0.0591685 0.106983 0.0386885 9.9973E-05 0.466804 9.9973E-05
9.9982E-05 0.173344 0.0625192 0.0375996 0.355517 9.9982E-05 0.0281201 0.333146 0.00955372
0.0723233 0.158624 9.9982E-05 0.0582332 0.488026 0.00720745 0.0378768 0.177509 9.9982E-05
0.0744026 0.239954 9.9964E-05 0.0320936 0.119033 9.9964E-05 9.9964E-05 0.534116 9.9964E-05
0.0282673 0.0584311 0.0644775 0.0715066 0.46316 0.0795964 0.0300606 0.201167 0.00333292
9.9973E-05 0.0721872 0.06039 9.9973E-05 0.589163 9.9973E-05 0.0209578 0.211774 0.0452277
0.0582062 0.0507739 0.0722476 0.0404413 0.453307 0.0475322 9.9991E-05 0.258223 0.0191682
0.0403644 0.126789 0.0464207 0.0447597 0.457096 9.9982E-05 0.0136084 0.270762 9.9982E-05
0.0335306 0.178712 9.9964E-05 0.0292473 0.403736 9.9964E-05 9.9964E-05 0.354374 9.9964E-05
0.0730246 0.213522 0.0408259 0.00666531 0.172141 9.9982E-05 9.9982E-05 0.455099 0.0385218
0.00977962 0.208899 0.0222938 0.010455 0.348983 9.9982E-05 9.9982E-05 0.388804 0.0105863
0.0426007 0.0812778 0.0600612 0.0105157 0.514595 0.0904733 9.9982E-05 0.200276 9.9982E-05
0.0166023 0.109784 0.0508046 0.0401987 0.582765 0.0935431 0.015398 0.0896906 0.00121338
0.128856 0.140496 0.0838326 0.126439 0.197452 0.0785211 0.0148503 0.225854 0.00369915
0.0186606 0.102506 0.142775 0.0931037 0.390407 0.00761718 9.9991E-05 0.231711 0.0131201
0.0202853 0.190879 0.027506 0.0289132 0.289575 9.9991E-05 0.0139773 0.418413 0.0103511
0.0401459 0.0622427 0.031309 0.0427981 0.4888 0.0167669 0.0315213 0.286316 9.9991E-05
0.0403324 0.0910666 0.0693678 0.0752457 0.388386 9.9982E-05 0.0401817 0.29522 9.9982E-05
0.0175902 0.0939745 0.063752 0.0499914 0.520147 0.0616806 0.0748045 0.105357 0.0127029
9.9982E-05 0.00502817 9.9982E-05 0.100451 0.457625 0.0613369 0.334526 0.0319403 0.00889211
0.0157924 0.00188664 0.0398351 0.165966 0.48008 0.0638548 0.131451 0.0922078 0.00892582
0.0489175 0.0269113 0.0166669 0.10853 0.452965 0.0868324 0.162836 0.0784079 0.0179318
9.9991E-05 0.00598483 0.0819404 0.0954964 0.564004 0.0813956 0.103452 0.0523378 0.0152897
0.0184437 0.00867758 9.9982E-05 0.206095 0.419429 0.136649 0.167061 0.0434447 9.9982E-05
9.9964E-05 0.0790702 0.169745 9.9964E-05 0.465024 0.12721 9.9964E-05 0.158551 9.9964E-05
0.0514224 0.00722131 9.9991E-05 0.0972972 0.558755 0.102256 0.138815 0.0406097 0.00352298
9.9973E-05 9.9973E-05 0.071995 0.163868 0.0092114 0.355611 0.189864 0.209151 9.9973E-05
9.9991E-05 0.0180104 0.0489824 0.106271 0.559958 0.0403775 0.101469 0.112292 0.0125389
0.00589532 0.0181617 0.0587515 0.185651 0.496704 0.0682908 0.0789383 0.0822201 0.0053869
0.0318615 0.0259739 0.0245874 0.128989 0.549316 0.0968964 0.0237792 0.0927224 0.0258743
0.0443265 9.9991E-05 0.118146 0.108612 0.244732 0.188002 0.12499 0.161559 0.00953253
9.9991E-05 0.0360197 0.0143853 0.127425 0.526313 0.0752213 0.184878 0.0188001 0.0168587
9.9982E-05 0.051169 0.0764037 0.171899 0.517706 0.0765165 0.0962612 9.9982E-05 0.00984474
9.9955E-05 9.9955E-05 9.9955E-05 0.135559 9.9955E-05 0.427279 0.435868 9.9955E-05 0.000794508
0.0205068 0.0476783 0.00517341 0.165932 0.456391 0.0347275 0.184732 0.0633454 0.021514
9.9973E-05 9.9973E-05 0.0464545 0.175657 0.562245 0.0681129 0.139644 9.9973E-05 0.00758629
0.0158885 9.9991E-05 0.0482291 0.114652 0.564959 0.0673588 0.0774541 0.0951091 0.01625
9.9973E-05 9.9973E-05 0.0159771 0.171926 0.541728 0.0859564 0.151753 9.9973E-05 0.0323591
0.0396667 0.000291771 0.0125681 0.0780739 0.566155 0.0898871 0.165248 0.020593 0.0275165
0.0708508 0.0454109 0.428425 0.0106548 0.420522 9.9973E-05 9.9973E-05 9.9973E-05 0.0238364
0.0609137 0.0361029 0.22781 0.0532872 0.482515 0.0263024 0.0512143 0.0386239 0.0232303
0.0205 0.0161471 0.911236 9.9964E-05 9.9964E-05 0.0294087 9.9964E-05 0.0223081 9.9964E-05
9.9955E-05 0.0151762 0.919049 9.9955E-05 9.9955E-05 0.019485 9.9955E-05 0.04579 9.9955E-05
9.9982E-05 9.9982E-05 0.304472 0.00217578 0.512717 0.0494145 0.067883 0.0447157 0.0184224
9.9964E-05 9.9964E-05 0.0641341 0.267168 0.379018 0.142946 0.146334 9.9964E-05 9.9964E-05
9.9964E-05 9.9964E-05 0.198687 0.232105 0.357139 0.0530999 0.158569 9.9964E-05 9.9964E-05
9.9964E-05 9.9964E-05 0.303374 0.308159 0.155338 0.0687416 0.163988 9.9964E-05 9.9964E-05
9.9973E-05 9.9973E-05 0.158774 0.247553 0.355026 0.0890283 0.121786 9.9973E-05 0.0275323
9.9973E-05 9.9973E-05 0.70716 0.043531 0.0609264 0.087917 0.0799042 9.9973E-05 0.0202613
9.9982E-05 0.00112982 0.699862 0.0550819 0.108123 0.0412963 0.0581506 9.9982E-05 0.0361563
9.9982E-05 0.0190995 0.348672 0.0286106 0.538614 0.0143507 0.0380159 0.0124378 9.9982E-05
9.9955E-05 9.9955E-05 0.479343 0.0883988 0.361542 9.9955E-05 0.0702163 9.9955E-05 9.9955E-05
9.9964E-05 9.9964E-05 0.708903 0.0421874 0.187522 9.9964E-05 0.0151727 9.9964E-05 0.0458158
9.9982E-05 0.0373045 0.268006 0.048249 0.572465 9.9982E-05 0.0189773 0.0264433 0.0283551
9.9964E-05 0.0211978 0.310384 0.0223349 0.598756 9.9964E-05 0.0469273 9.9964E-05 9.9964E-05
0.0374446 9.9991E-05 0.229396 0.0970918 0.469089 0.00063743 0.0767964 0.084779 0.00466643
0.00463383 0.0101747 0.651153 9.9973E-05 0.32655 9.9973E-05 9.9973E-05 0.000776153 0.00641273
0.00923128 0.0434345 0.445581 9.9991E-05 0.387202 0.0486495 0.0072607 0.0553761 0.00316509
0.0458035 0.0345502 0.29872 9.9982E-05 0.490336 0.0550028 0.0270782 0.0483098 9.9982E-05
9.9982E-05 0.0861647 0.37039 0.00833845 0.450007 0.042942 0.0330365 9.9982E-05 0.0089209
0.058547 0.0130379 0.195048 0.0513461 0.497519 0.0188324 0.100909 0.0589383 0.00582264
0.0498721 0.0154094 0.440707 9.9982E-05 0.436569 0.0183571 9.9982E-05 0.0383353 0.000549928
0.00401986 0.00367621 0.813919 9.9982E-05 0.153412 9.9982E-05 0.0166652 0.00571037 0.00239698
9.9964E-05 9.9964E-05 0.375323 0.00737435 0.577943 9.9964E-05 0.0187335 9.9964E-05 0.0202259
0.0134896 0.0486658 0.763311 9.9964E-05 0.167341 9.9964E-05 9.9964E-05 0.00679224 9.9964E-05
9.9964E-05 0.00897285 0.525837 9.9964E-05 0.418988 0.013729 0.032073 9.9964E-05 9.9964E-05
0.0345296 0.0277906 0.303205 9.9982E-05 0.530455 0.0481516 0.0350269 9.9982E-05 0.0206413
0.025732 0.0623557 0.319328 9.9973E-05 0.513565 9.9973E-05 0.0509413 9.9973E-05 0.0277781
9.9991E-05 0.0135481 0.0984999 0.117983 0.46419 0.0778688 0.135079 0.0666089 0.026123
9.9991E-05 0.0413469 0.104244 0.11764 0.423167 0.084235 0.100464 0.0953788 0.0334234
9.9973E-05 9.9973E-05 0.0829152 0.232075 0.320788 0.179653 0.151826 9.9973E-05 0.032443
0.0404609 0.0245348 0.0924988 0.274912 0.264762 0.124219 0.152941 9.9991E-05 0.0255711
9.9991E-05 0.0188385 0.0705614 0.147488 0.471837 0.0727383 0.13228 0.0672114 0.0189453
0.0485581 9.9982E-05 0.129692 0.10492 0.471566 0.0865412 0.15478 9.9982E-05 0.00374271
9.9964E-05 9.9964E-05 0.675134 0.0937145 9.9964E-05 0.0543357 0.151759 9.9964E-05 0.0246566
9.9982E-05 0.0106927 0.131999 0.16734 0.552507 0.0285893 0.0956821 9.9982E-05 0.0129897
9.9955E-05 9.9955E-05 0.366608 0.100626 9.9955E-05 0.247546 0.284721 9.9955E-05 9.9955E-05
9.9973E-05 9.9973E-05 0.327337 0.151729 0.479448 9.9973E-05 0.0341991 0.00114722 0.0058402
9.9937E-05 9.9937E-05 0.892327 9.9937E-05 0.106973 9.9937E-05 9.9937E-05 9.9937E-05 9.9937E-05
0.0567327 9.9946E-05 0.942414 9.9946E-05 9.9946E-05 9.9946E-05 9.9946E-05 9.9946E-05 0.000253952
9.9955E-05 9.9955E-05 0.550453 9.9955E-05 0.430598 9.9955E-05 9.9955E-05 0.0165431 0.00190594
9.9946E-05 9.9946E-05 0.397704 0.0164272 0.585269 9.9946E-05 9.9946E-05 9.9946E-05 9.9946E-05
9.9937E-05 9.9937E-05 0.63116 9.9937E-05 0.368141 9.9937E-05 9.9937E-05 9.9937E-05 9.9937E-05
9.9946E-05 9.9946E-05 0.437153 0.00692658 0.555321 9.9946E-05 9.9946E-05 9.9946E-05 9.9946E-05
9.9937E-05 9.9937E-05 0.487286 9.9937E-05 0.512015 9.9937E-05 9.9937E-05 9.9937E-05 9.9937E-05
0.0230278 0.0538511 0.0170357 0.0130467 0.0215027 0.00969 0.806868 9.9991E-05 0.054878
0.00711245 0.0891299 0.0333277 0.0760211 0.0274172 0.0228462 0.679195 0.00264276 0.0623074
9.9955E-05 0.0531785 9.9955E-05 0.0265542 9.9955E-05 9.9955E-05 0.888746 9.9955E-05 0.0310215
9.9955E-05 9.9955E-05 9.9955E-05 9.9955E-05 0.0372437 0.0201228 0.901811 9.9955E-05 0.0403228
0.357761 0.000836879 9.9982E-05 0.0404744 0.512338 0.0570634 0.0216041 9.9982E-05 0.00972218
0.315345 0.0607357 9.9991E-05 0.0108086 0.528145 0.0105643 0.0300934 0.039278 0.0049299
0.420607 9.9955E-05 9.9955E-05 9.9955E-05 0.478248 9.9955E-05 9.9955E-05 0.081385 0.01926
0.243948 0.00492779 9.9991E-05 0.0135314 0.556689 0.0361477 0.0549032 0.0702636 0.0194893
0.123291 0.00827744 0.000473869 0.00422886 0.5464 0.128008 0.0941835 0.0950373 9.9991E-05
0.560592 0.052552 9.9973E-05 9.9973E-05 0.242072 9.9973E-05 0.0162452 0.0927984 0.0354408
0.345509 9.9973E-05 0.0181168 0.0101538 0.609727 9.9973E-05 0.00135509 9.9973E-05 0.014839
0.570449 9.9973E-05 0.080666 0.03389 0.196736 0.103272 9.9973E-05 9.9973E-05 0.0146869
9.9991E-05 0.0412477 0.00107381 0.175238 0.37634 0.0223674 0.268959 0.0923395 0.0223352
0.397138 9.9973E-05 0.140458 0.0265642 0.371718 0.0382775 9.9973E-05 0.0255441 9.9973E-05
0.526133 0.0753729 9.9955E-05 9.9955E-05 0.336567 9.9955E-05 9.9955E-05 0.061428 9.9955E-05
0.369903 9.9955E-05 0.0495592 9.9955E-05 0.532779 0.0472593 9.9955E-05 9.9955E-05 9.9955E-05
0.403244 0.0926385 9.9973E-05 0.0432182 0.364793 9.9973E-05 0.0252332 0.0705736 9.9973E-05
0.362205 9.9964E-05 0.0277988 0.0360656 0.541293 0.0322372 9.9964E-05 9.9964E-05 9.9964E-05
0.35942 0.0107327 9.9973E-05 0.000591225 0.530697 9.9973E-05 0.0784744 9.9973E-05 0.0197844
0.81988 9.9946E-05 0.103785 9.9946E-05 9.9946E-05 0.0757355 9.9946E-05 9.9946E-05 9.9946E-05
0.54257 9.9973E-05 0.0367242 0.0216883 0.271926 0.0772148 9.9973E-05 0.0495769 9.9973E-05
0.584747 9.9955E-05 0.0640411 0.0133468 0.337366 9.9955E-05 9.9955E-05 9.9955E-05 9.9955E-05
0.806597 9.9946E-05 0.0875603 9.9946E-05 9.9946E-05 0.105243 9.9946E-05 9.9946E-05 9.9946E-05
0.421229 0.070836 9.9973E-05 9.9973E-05 0.381773 9.9973E-05 0.0634297 0.0593326 0.00309944
0.59853 9.9955E-05 0.0962698 9.9955E-05 0.0445279 0.260172 9.9955E-05 9.9955E-05 9.9955E-05
0.803488 9.9946E-05 0.0619914 9.9946E-05 9.9946E-05 0.133921 9.9946E-05 9.9946E-05 9.9946E-05
0.321655 0.000412474 0.0772044 0.0286786 0.522419 0.000169426 0.0459791 9.9991E-05 0.0033824
0.606227 0.0567678 9.9973E-05 9.9973E-05 0.146314 9.9973E-05 0.0298616 0.146024 0.0145058
0.419889 0.0205871 9.9973E-05 9.9973E-05 0.420541 0.0220434 0.0200117 0.0966277 9.9973E-05
0.184267 0.0169439 0.0148303 0.0703293 0.51319 0.0206739 0.0692772 0.0769921 0.0334961
0.364385 0.0245618 9.9973E-05 9.9973E-05 0.449725 9.9973E-05 0.0518497 0.103307 0.00587077
0.0912202 0.0572149 0.146465 9.9973E-05 0.283215 0.115269 9.9973E-05 0.306316 9.9973E-05
0.354113 0.0397035 0.00463588 0.041794 0.495228 9.9991E-05 0.0122314 0.0264619 0.0257325
0.335803 0.00611682 9.9964E-05 9.9964E-05 0.471217 9.9964E-05 9.9964E-05 0.176577 0.00988671
0.54301 9.9964E-05 0.0935629 9.9964E-05 0.303379 0.0503625 9.9964E-05 0.00928638 9.9964E-05
0.190887 0.0228431 0.0557072 0.0242432 0.481095 0.0310575 0.090166 0.103901 9.99925E-05
9.9964E-05 0.262403 9.9964E-05 9.9964E-05 9.9964E-05 0.0761883 0.595178 0.0127292 0.0531013
0.0419513 0.138059 0.00155666 9.9973E-05 9.9973E-05 0.0490424 0.697488 9.9973E-05 0.071603
9.9955E-05 0.0921146 9.9955E-05 9.9955E-05 9.9955E-05 0.0487637 0.694177 9.9955E-05 0.164445
9.9955E-05 0.127562 9.9955E-05 9.9955E-05 9.9955E-05 0.0530184 0.705011 9.9955E-05 0.113909
0.0422705 0.163685 9.9982E-05 9.9982E-05 0.0110854 0.0363066 0.686394 0.0231354 0.0369238
0.646833 0.063995 9.9964E-05 9.9964E-05 0.0902253 9.9964E-05 0.0710574 0.127489 9.9964E-05
