0.846284 9.9955E-05 9.9955E-05 0.00479952 0.0323435 9.9955E-05 9.9955E-05 9.9955E-05 0.116073
0.903993 9.9946E-05 9.9946E-05 9.9946E-05 0.0287921 9.9946E-05 9.9946E-05 9.9946E-05 0.0666151
0.850426 0.0428748 0.025333 0.0181457 9.9982E-05 9.9982E-05 0.0574092 0.000960371 0.0046512
0.799748 9.9964E-05 9.9964E-05 0.0299495 0.0118045 9.9964E-05 0.133871 9.9964E-05 0.0242269
0.899018 9.9964E-05 0.00718993 0.0219449 9.9964E-05 9.9964E-05 0.0701587 0.00128848 9.9964E-05
0.602646 0.00670723 0.285815 0.0389854 9.9973E-05 9.9973E-05 9.9973E-05 0.00620165 0.0593444
0.746628 9.9946E-05 0.237751 0.0150214 9.9946E-05 9.9946E-05 9.9946E-05 9.9946E-05 9.9946E-05
0.675946 9.9955E-05 0.28452 0.0150003 0.0240339 9.9955E-05 9.9955E-05 9.9955E-05 9.9955E-05
0.808257 9.99549E-05 9.99549E-05 0.0100633 0.13775 0.0434297 9.99549E-05 9.99549E-05 9.99549E-05
0.708071 9.9973E-05 0.208617 0.0345496 0.00406505 0.00826603 9.9973E-05 9.9973E-05 0.0361311
0.679546 9.9955E-05 0.282186 9.9955E-05 0.0185912 9.9955E-05 9.9955E-05 9.9955E-05 0.0191764
0.00668852 0.0458669 0.158042 9.9973E-05 0.61791 9.9973E-05 0.132259 0.0389328 9.9973E-05
0.0450655 0.0413949 0.0705587 9.9973E-05 0.313932 9.9973E-05 0.469951 0.0587972 9.9973E-05
9.9982E-05 0.0082134 0.116495 9.9982E-05 0.582113 0.00342448 0.203557 0.0657633 0.0202334
0.0225788 0.00282729 0.0948161 9.9982E-05 0.511448 9.9982E-05 0.211887 0.123044 0.0331985
0.0725073 0.0111511 0.120141 9.9982E-05 0.299287 9.9982E-05 0.325799 0.0847509 0.0861631
0.0270709 9.9964E-05 0.145291 9.9964E-05 0.244083 9.9964E-05 0.505939 0.0772168 9.9964E-05
0.0295584 0.0552302 0.100433 9.9973E-05 0.350736 9.9973E-05 0.376633 0.0871099 9.9973E-05
0.0514887 9.9973E-05 0.110902 9.9973E-05 0.507987 9.9973E-05 0.178104 0.0546567 0.0965619
9.9937E-05 9.9937E-05 0.240245 9.9937E-05 0.759056 9.9937E-05 9.9937E-05 9.9937E-05 9.9937E-05
9.9973E-05 0.0886787 0.124667 0.0268246 0.335943 9.9973E-05 0.367817 0.0557692 9.9973E-05
0.0286898 0.00519025 0.117043 0.00143227 0.208535 0.149941 0.411235 0.0729642 0.00497009
0.0303268 0.0885292 0.090821 0.0511857 0.202323 9.9982E-05 0.467963 0.0686518 9.9982E-05
0.0124667 0.0597484 0.211681 9.9982E-05 0.519067 9.9982E-05 0.0999377 0.0853439 0.0115561
0.0827233 9.9982E-05 0.111548 0.00116566 0.0952947 9.9982E-05 0.672624 0.00247228 0.0339725
0.0268432 9.9964E-05 0.170314 9.9964E-05 0.326845 9.9964E-05 0.441526 0.0340722 9.9964E-05
0.0196679 0.0370046 0.139837 9.9973E-05 0.604354 9.9973E-05 0.159869 0.0389674 9.9973E-05
9.9973E-05 0.0247087 0.156631 9.9973E-05 0.523887 9.9973E-05 0.178156 0.112439 0.00387884
9.9964E-05 0.0208605 0.26348 9.9964E-05 0.573921 9.9964E-05 0.113316 0.0280225 9.9964E-05
0.864582 9.9946E-05 9.9946E-05 9.9946E-05 9.9946E-05 9.9946E-05 0.0895068 0.0453115 9.9946E-05
0.841759 9.9946E-05 9.9946E-05 9.9946E-05 9.9946E-05 9.9946E-05 0.124024 0.0336175 9.9946E-05
0.77337 9.9973E-05 0.00879727 9.9973E-05 0.00059446 9.9973E-05 0.0948889 0.0815879 0.0404618
0.73721 9.9955E-05 9.9955E-05 9.9955E-05 9.9955E-05 9.9955E-05 0.156364 0.0506661 0.0552596
0.0635213 0.171557 0.267271 0.0473175 0.0590356 9.9982E-05 0.374981 0.0161169 9.9982E-05
0.0572968 0.267212 0.0219531 0.00683465 0.107435 9.9991E-05 0.456851 0.0390138 0.0433042
0.00786482 0.394843 9.9982E-05 0.00240245 0.0322282 0.016611 0.490452 0.0553981 9.9982E-05
0.029897 0.0213448 0.0187507 0.0255689 0.711693 0.00231127 0.190234 9.9982E-05 9.9982E-05
0.0136375 0.561977 0.0160414 0.000292042 9.9982E-05 0.139662 0.239344 0.0288456 9.9982E-05
0.0768651 0.221454 0.00093603 9.9982E-05 0.102807 9.9982E-05 0.470841 0.0458225 0.0810751
0.0354871 0.232666 0.0804535 0.011679 9.9982E-05 9.9982E-05 0.629598 0.000416597 0.00949985
0.0409265 0.0297592 0.515205 9.9973E-05 0.0642587 9.9973E-05 0.324087 0.025463 9.9973E-05
0.0959025 0.0856915 0.220152 9.9964E-05 0.0783389 9.9964E-05 0.519515 9.9964E-05 9.9964E-05
0.0142915 0.686861 0.00935528 0.0185541 0.192506 9.9973E-05 0.078132 9.9973E-05 9.9973E-05
0.00178556 9.9973E-05 0.441309 9.9973E-05 9.9973E-05 0.042377 0.449818 0.0476317 0.0167795
0.0678041 0.287705 0.0621087 0.0258597 9.9973E-05 9.9973E-05 0.495541 0.0606817 9.9973E-05
0.0917987 0.11635 0.187037 0.0569529 0.0119647 9.9982E-05 0.439481 9.9982E-05 0.0962154
9.9946E-05 0.575083 9.9946E-05 9.9946E-05 9.9946E-05 0.0999545 0.324362 9.9946E-05 9.9946E-05
0.131934 0.282875 0.00188392 0.00459481 0.001982 9.9982E-05 0.54756 9.9982E-05 0.0289703
0.115696 0.168858 0.103166 0.0546363 9.9991E-05 0.0325022 0.466901 0.0565374 0.0016029
0.025146 0.588886 9.9946E-05 9.9946E-05 9.9946E-05 0.385368 9.9946E-05 9.9946E-05 9.9946E-05
9.9973E-05 0.0545326 0.108289 0.0658138 0.577706 0.0387506 0.154608 9.9973E-05 9.9973E-05
9.9973E-05 0.104472 0.0858254 9.9973E-05 0.298329 0.278051 0.135259 9.9973E-05 0.0977637
0.0648025 9.9982E-05 0.034352 0.0575956 0.115727 0.0954793 0.541655 0.090189 9.9982E-05
0.0651653 0.0515723 0.0949171 0.0286026 0.0764819 0.0325958 0.562871 9.9991E-05 0.0876943
0.0641473 0.0513279 0.0373199 0.00127863 0.0508494 0.0944039 0.573055 0.00472376 0.122894
0.127097 0.0965013 0.0437468 0.0494054 0.495334 9.9973E-05 0.187616 9.9973E-05 9.9973E-05
9.9982E-05 0.00527137 0.0503148 0.00635532 0.352326 0.0175605 0.519661 9.9982E-05 0.0483112
0.0714756 0.115116 0.12495 9.9982E-05 0.142818 9.9982E-05 0.457223 0.030586 0.0576324
0.0894977 0.0744279 0.146924 0.0342972 0.249436 0.00794709 0.36143 0.0359402 9.9991E-05
0.119639 0.0976982 0.190911 0.0216835 0.469518 0.0141198 0.0456901 0.00416233 0.0365787
0.0589013 0.110615 0.0504889 0.035333 0.160195 0.0172102 0.514218 0.0110307 0.0420079
0.0711763 0.0768958 0.0775482 0.0127224 0.238202 0.0232377 0.446671 0.00481535 0.0487314
0.0716925 0.0962632 0.126325 0.0350505 0.593857 0.0489145 0.0276973 9.9982E-05 9.9982E-05
0.00554872 0.0825102 0.0252672 0.0171507 0.357331 0.0678264 0.444166 9.9982E-05 9.9982E-05
0.025969 9.9991E-05 0.0592149 0.0435508 0.0716264 0.127149 0.578735 0.0296204 0.0640341
0.12401 0.0323238 0.0922438 0.0115151 0.134962 0.0332832 0.562256 9.9991E-05 0.00930582
0.0754364 0.103484 0.0884094 9.9982E-05 0.403088 0.0307164 0.24693 0.0517363 9.9982E-05
0.0569604 0.0774148 0.0836173 0.0178047 0.196747 0.081791 0.45544 0.0301242 9.9991E-05
0.0771193 0.0211343 0.0879096 0.00222241 0.156285 0.0442941 0.558808 0.0340355 0.0181924
0.0471586 0.125745 0.0913957 0.00576443 0.528697 0.0313715 0.169667 9.9982E-05 9.9982E-05
0.0373252 0.476623 0.0220665 0.0216253 0.0180945 9.9973E-05 0.423966 9.9973E-05 9.9973E-05
0.00343284 0.737855 0.00803363 9.9973E-05 0.10465 9.9973E-05 0.122993 0.0227348 9.9973E-05
0.0873255 0.25061 9.9991E-05 0.0380644 0.0221688 0.0257395 0.422792 0.0228311 0.130368
9.9937E-05 0.822984 9.9937E-05 9.9937E-05 9.9937E-05 0.176317 9.9937E-05 9.9937E-05 9.9937E-05
9.9937E-05 0.809321 9.9937E-05 9.9937E-05 9.9937E-05 0.18998 9.9937E-05 9.9937E-05 9.9937E-05
9.9946E-05 0.680257 9.9946E-05 9.9946E-05 9.9946E-05 0.0980814 0.221062 9.9946E-05 9.9946E-05
0.0297603 0.435191 9.9964E-05 0.0435311 0.045795 9.9964E-05 0.445322 9.9964E-05 9.9964E-05
0.0757877 0.133317 0.0236896 0.0480255 0.0872292 9.9991E-05 0.478091 0.0712829 0.0824764
9.9964E-05 0.506123 0.0607034 9.9964E-05 9.9964E-05 9.9964E-05 0.383253 0.0147444 0.0347768
0.0503775 0.676778 9.9964E-05 0.0210485 0.15761 9.9964E-05 0.093787 9.9964E-05 9.9964E-05
0.00673385 0.542915 0.053242 0.0155919 0.144401 9.9973E-05 0.236816 9.9973E-05 9.9973E-05
0.0641315 0.262949 0.0990934 0.0582798 0.0180036 9.9982E-05 0.425399 0.0719439 9.9982E-05
0.019322 0.567782 0.0290491 0.0364736 0.0613448 9.9982E-05 0.281833 9.9982E-05 0.00399573
0.00212822 0.440921 0.0490216 0.0243771 0.0436071 9.9982E-05 0.403594 9.9982E-05 0.0361504
9.9973E-05 0.466975 0.0132488 9.9973E-05 9.9973E-05 0.0680192 0.439066 0.00275214 0.00963901
9.99404E-05 0.620867 9.99404E-05 9.99404E-05 9.99404E-05 0.378433 9.99404E-05 9.99404E-05 9.99404E-05
0.0312022 0.268531 0.0107247 0.0060242 9.9991E-05 0.0661824 0.594347 0.00356723 0.0193214
0.807061 9.9964E-05 9.9964E-05 0.0506085 0.0409043 9.9964E-05 0.0858757 9.9964E-05 0.0151505
0.901916 9.9946E-05 9.9946E-05 9.9946E-05 9.9946E-05 9.9946E-05 0.0949327 9.9946E-05 0.00255128
0.800703 9.9946E-05 9.9946E-05 9.9946E-05 9.9946E-05 9.9946E-05 0.0875675 9.9946E-05 0.11113
0.896368 9.9955E-05 0.00907368 9.9955E-05 9.9955E-05 9.9955E-05 0.0373325 0.0567265 9.9955E-05
0.921435 0.0164267 9.9955E-05 9.9955E-05 0.00820096 9.9955E-05 9.9955E-05 0.0534377 9.9955E-05
0.829301 9.9955E-05 9.9955E-05 0.0223913 9.9955E-05 9.9955E-05 0.0896982 0.0581096 9.9955E-05
0.904889 9.9946E-05 9.9946E-05 9.9946E-05 9.9946E-05 9.9946E-05 0.0863169 9.9946E-05 0.00819483
0.0387422 0.241952 0.00871898 0.0987639 0.0191931 9.9991E-05 0.437679 0.0346749 0.120176
0.121994 0.153042 0.113737 0.0280557 0.0196193 9.9982E-05 0.479687 0.0836656 9.9982E-05
0.0146922 0.699044 0.0311146 0.0772554 0.157155 0.0198322 0.000706798 9.9982E-05 9.9982E-05
0.0573954 0.166213 0.0653721 0.0522738 0.0313611 0.0129889 0.550837 0.0261742 0.0373846
0.0489348 0.427757 0.00831409 0.0393672 0.1094 9.9973E-05 0.365927 9.9973E-05 9.9973E-05
0.0895752 0.345795 9.9964E-05 0.055362 9.9964E-05 9.9964E-05 0.503372 0.00549627 9.9964E-05
0.0520023 0.228047 0.0913584 9.9982E-05 0.0225731 0.0738626 0.521105 0.0108515 9.9982E-05
0.0370505 0.379093 9.9991E-05 0.00369583 0.0106254 0.0409504 0.491509 0.0298325 0.00714341
0.0314396 0.695224 9.9955E-05 0.0322457 0.240591 9.9955E-05 9.9955E-05 9.9955E-05 9.9955E-05
0.102693 0.200771 0.0291331 0.0520479 0.0361231 0.0505497 0.46753 0.0316958 0.0294572
0.0624085 0.12482 0.124363 0.0241857 0.00141001 0.00689029 0.565754 0.02362 0.0665492
0.0931936 0.190471 0.0261221 0.0573769 0.0304172 0.0149866 0.525986 0.0530152 0.00843175
0.0148928 0.494521 0.0322852 0.0196471 0.0195329 0.170701 0.213335 0.000865113 0.0342197
9.9973E-05 0.351705 0.0270282 0.044087 9.9973E-05 0.0671386 0.488478 0.0212634 9.9973E-05
0.028998 0.376543 0.0052955 0.0486716 0.0980238 9.9982E-05 0.435574 0.00669422 9.9982E-05
9.9964E-05 0.520629 9.9964E-05 0.00934567 9.9964E-05 0.0729163 0.386317 0.0103926 9.9964E-05
0.0424773 0.350175 0.0261997 0.0150778 0.140041 9.9982E-05 0.418822 9.9982E-05 0.00700736
0.0913558 0.193671 0.064428 0.0250154 0.069806 0.00615105 0.492345 0.0571272 9.9991E-05
9.9964E-05 9.9964E-05 9.9964E-05 0.00861176 0.380889 0.194572 0.295364 9.9964E-05 0.120163
0.0559363 0.0128303 0.171934 0.0593518 0.339496 9.9982E-05 0.344594 9.9982E-05 0.0156578
0.0827049 9.9973E-05 0.104869 0.0468467 0.211497 9.9973E-05 0.504585 0.0491983 9.9973E-05
0.0972648 0.0977787 9.9991E-05 0.0614815 0.0755875 0.0390675 0.557422 0.038662 0.032636
0.0180176 0.0175442 0.13511 9.9991E-05 0.365348 0.00819375 0.424028 0.0057073 0.0259508
0.00817635 9.9982E-05 0.117927 0.0240534 0.257674 9.9982E-05 0.531329 0.041857 0.0187838
0.0662295 9.9973E-05 0.0616762 0.0790603 0.347156 9.9973E-05 0.441109 9.9973E-05 0.0044694
0.080569 0.030291 0.028881 0.0971732 0.058096 0.101117 0.54351 0.0184455 0.0419178
0.0714601 9.9973E-05 9.9973E-05 0.0742283 0.118616 0.0665595 0.628729 0.0401081 9.9973E-05
0.0509885 0.00696739 0.0550384 0.0306327 0.272775 0.00702229 0.57633 9.9991E-05 0.000145315
0.0379476 0.0275484 0.0514349 0.0292657 0.28339 0.00262026 0.567593 9.9982E-05 9.9982E-05
0.0425201 9.9991E-05 0.0175647 0.0313387 0.125102 0.0749401 0.581207 0.0221775 0.10505
0.0819362 0.0648023 0.0245299 0.0709933 0.0652757 0.0381359 0.541358 0.00457183 0.108397
9.9973E-05 9.9973E-05 0.0184203 0.0291015 0.204609 0.0853778 0.591529 0.0706633 9.9973E-05
0.0381954 9.9982E-05 9.9982E-05 0.0866475 0.148887 0.0907593 0.556061 0.0261471 0.0531029
0.00491832 9.9982E-05 9.9982E-05 0.0705025 0.143211 0.0954031 0.588601 0.0511868 0.0459772
0.0320033 0.0173332 0.0792457 0.0370668 0.261219 0.127419 0.259536 9.9991E-05 0.186077
0.0458206 0.0486267 0.0171156 9.9991E-05 0.184408 0.0206515 0.581879 0.00450655 0.0968921
0.0626614 9.9973E-05 9.9973E-05 0.0468561 0.0975629 0.108905 0.669776 9.9973E-05 0.0139389
0.00495622 0.058068 0.0761614 0.0190384 0.612322 9.9991E-05 0.212715 0.00171883 0.0149209
9.9982E-05 0.0304805 0.0180077 0.0615476 0.308607 0.334249 0.161605 9.9982E-05 0.0853036
0.0545228 0.0645011 0.0413276 0.0660888 0.19544 0.0608661 0.456476 0.0529601 0.00781729
9.9973E-05 0.0463941 0.0190173 0.0180178 0.356138 0.396356 0.163777 9.9973E-05 9.9973E-05
9.9964E-05 9.9964E-05 0.0518986 0.0336561 0.554017 0.0139341 0.346094 9.9964E-05 9.9964E-05
9.9955E-05 0.0272206 0.0741823 9.9955E-05 0.457318 9.9955E-05 0.440779 9.9955E-05 9.9955E-05
0.0459681 0.103366 0.000847163 0.0350035 0.448381 0.00885343 0.35738 9.9982E-05 9.9982E-05
9.9955E-05 9.9955E-05 0.115797 0.0117808 0.539054 9.9955E-05 0.332869 9.9955E-05 9.9955E-05
0.0713708 0.00393569 0.0876209 9.9991E-05 0.191625 0.031759 0.581118 0.00211066 0.0303602
0.070134 0.0470595 0.125638 0.0187605 0.117811 0.0502153 0.5311 0.0164895 0.022792
0.0135682 0.0526768 0.00391958 0.0704786 0.180734 0.0546234 0.577903 9.9991E-05 0.0459967
9.9973E-05 9.9973E-05 9.9973E-05 0.000527437 0.399331 0.325488 0.246431 0.0118139 0.0161092
0.128177 0.056976 0.145826 0.0264155 0.0781003 0.0437653 0.478505 0.0421352 9.9991E-05
0.015273 0.0230301 0.184638 0.0681589 0.00990136 0.169296 0.427763 0.0362326 0.0657064
0.0886112 0.0630623 0.2688 0.0388846 0.0203324 0.520009 9.9973E-05 9.9973E-05 9.9973E-05
0.0533126 0.0299286 0.168829 9.9991E-05 0.0463652 0.0301537 0.609473 0.0364737 0.0253641
0.0656923 0.0615419 0.306241 0.0422649 0.0640577 0.218476 0.216262 0.0253647 9.9991E-05
0.105974 9.9991E-05 0.176846 0.0252561 0.021108 0.111279 0.480553 0.0046371 0.0742477
0.0121786 0.0781764 0.334741 0.0880182 0.0696875 0.230039 0.103915 9.9991E-05 0.0831442
0.0134417 0.0767716 0.349739 0.0908623 0.0431023 0.36979 9.9982E-05 9.9982E-05 0.0560928
0.0320891 0.0710911 0.206847 0.0410041 0.0515629 0.198911 0.339053 9.9991E-05 0.0593415
0.0590305 0.0306866 0.155518 0.0575 0.0931488 0.0432713 0.41394 0.0358955 0.111009
0.129891 0.0688452 0.14498 0.0184871 0.0823215 0.101348 0.392034 0.00640895 0.0556845
0.0483332 0.125406 0.146857 9.9991E-05 0.128254 0.368233 0.104073 0.0650703 0.0136736
0.0775771 0.0224071 0.117822 0.0228095 0.147514 0.0398436 0.485616 0.0432426 0.0431677
9.9964E-05 0.0370415 0.302061 9.9964E-05 0.0770182 0.305605 0.277874 9.9964E-05 9.9964E-05
9.9973E-05 0.0654959 0.222244 0.0393574 0.0453608 0.215248 0.411993 9.9973E-05 9.9973E-05
0.0800057 0.0808458 0.202228 0.0442266 0.0221115 0.027423 0.469051 0.0740081 9.9991E-05
0.266263 9.9991E-05 0.192659 0.0154605 0.0150229 0.0740665 0.0101919 0.0852032 0.341033
0.403724 9.9946E-05 9.9946E-05 9.9946E-05 9.9946E-05 0.3069 9.9946E-05 9.9946E-05 0.288776
0.443048 9.9955E-05 9.9955E-05 9.9955E-05 9.9955E-05 0.366351 9.9955E-05 0.0898072 0.100294
0.298281 0.00796702 0.192681 0.015657 9.9982E-05 0.118393 9.9982E-05 0.116953 0.249868
9.9964E-05 0.0708229 0.275554 9.9964E-05 0.00890144 0.0953134 0.549009 9.9964E-05 9.9964E-05
0.0759855 0.0325981 0.122065 0.0406063 0.057781 0.0587177 0.554423 0.00454774 0.0532757
9.9964E-05 0.0123926 9.9964E-05 9.9964E-05 0.0170504 9.9964E-05 0.287934 0.612657 0.0695656
0.0210006 0.00719995 9.9982E-05 0.00261758 0.103655 9.9982E-05 0.381121 0.438101 0.046106
0.0395977 0.0344551 0.044257 0.0297034 0.0658466 9.9991E-05 0.33634 0.328475 0.121224
9.9973E-05 0.0194354 0.381388 0.0262564 9.9973E-05 0.354163 0.197385 0.0210717 9.9973E-05
0.111077 0.091753 0.0882896 0.0660548 0.0285636 0.0951637 0.442296 0.0149786 0.0618235
9.9955E-05 9.9955E-05 0.465964 9.9955E-05 0.0655408 0.31139 0.156605 9.9955E-05 9.9955E-05
0.0449878 9.9964E-05 0.272027 9.9964E-05 9.9964E-05 0.143237 0.506473 9.9964E-05 0.0328748
0.00851686 9.9991E-05 0.300601 0.00899351 0.0372504 0.196063 0.40161 0.0166765 0.0301889
9.9964E-05 9.9964E-05 0.355474 0.0187984 9.9964E-05 0.14721 0.466317 0.0118014 9.9964E-05
9.9964E-05 0.0228126 0.505484 0.0209845 9.9964E-05 0.33983 0.110488 9.9964E-05 9.9964E-05
0.0491947 0.0256795 0.26149 9.9973E-05 9.9973E-05 0.0492594 0.547873 0.0662033 9.9973E-05
0.129347 0.0261662 0.167835 9.9973E-05 0.0534959 0.0536179 0.569238 9.9973E-05 9.9973E-05
9.9946E-05 9.9946E-05 0.0445646 9.9946E-05 9.9946E-05 9.9946E-05 9.9946E-05 0.952598 0.00223741
9.9946E-05 9.9946E-05 0.0249806 9.9946E-05 9.9946E-05 9.9946E-05 0.0772871 0.897133 9.9946E-05
0.0596794 0.0105422 0.048204 0.0292285 0.0315347 9.9982E-05 0.298721 0.52189 9.9982E-05
9.9955E-05 9.9955E-05 9.9955E-05 0.0130409 0.0159125 9.9955E-05 0.350297 0.620249 9.9955E-05
0.00295014 9.9964E-05 9.9964E-05 0.0276546 0.0197406 9.9964E-05 0.168409 0.780845 9.9964E-05
9.993E-05 9.993E-05 9.993E-05 9.993E-05 9.993E-05 9.993E-05 9.993E-05 0.999201 9.993E-05
9.9946E-05 9.9946E-05 9.9946E-05 0.00345392 0.0305435 9.9946E-05 9.9946E-05 0.965403 9.9946E-05
9.9946E-05 9.9946E-05 9.9946E-05 9.9946E-05 9.9946E-05 9.9946E-05 0.158884 0.819408 0.0211087
9.9955E-05 0.0128073 9.9955E-05 0.0168489 0.0332704 9.9955E-05 9.9955E-05 0.936574 9.9955E-05
9.993E-05 9.993E-05 9.993E-05 9.993E-05 9.993E-05 9.993E-05 9.993E-05 0.999201 9.993E-05
9.993E-05 9.993E-05 9.993E-05 9.993E-05 9.993E-05 9.993E-05 9.993E-05 0.999201 9.993E-05
0.00505912 9.9964E-05 0.044071 9.9964E-05 9.9964E-05 9.9964E-05 0.201133 0.747528 0.00180934
0.0249639 0.0116273 9.9982E-05 0.017288 0.0136654 9.9982E-05 0.106077 0.701347 0.124832
9.993E-05 9.993E-05 9.993E-05 9.993E-05 9.993E-05 9.993E-05 9.993E-05 0.999201 9.993E-05
0.0723808 0.102049 0.0650894 9.9982E-05 0.0768241 9.9982E-05 0.301645 0.278393 0.103419
0.0295653 0.00212378 0.0548182 0.0220104 9.9982E-05 9.9982E-05 0.21957 0.56322 0.108492
0.00530923 9.9955E-05 9.9955E-05 9.9955E-05 9.9955E-05 9.9955E-05 0.163983 0.725788 0.10442
9.9964E-05 0.0224943 9.9964E-05 0.0186575 9.9964E-05 9.9964E-05 0.0459538 0.854456 0.0580382
9.9937E-05 9.9937E-05 9.9937E-05 9.9937E-05 9.9937E-05 9.9937E-05 9.9937E-05 0.988126 0.0111749
9.9946E-05 9.9946E-05 9.9946E-05 9.9946E-05 9.9946E-05 9.9946E-05 0.0135026 0.896318 0.0895801
9.993E-05 9.993E-05 9.993E-05 9.993E-05 9.993E-05 9.993E-05 9.993E-05 0.999201 9.993E-05
0.0106994 0.023036 0.0427565 0.0191698 0.029789 9.9991E-05 0.204675 0.604181 0.0655937
9.9964E-05 0.0254275 9.9964E-05 9.9964E-05 9.9964E-05 0.0222152 0.0167389 0.929199 0.00601967
0.225418 9.9955E-05 0.385931 9.9955E-05 9.9955E-05 0.325279 9.9955E-05 9.9955E-05 0.0628724
0.137845 9.9991E-05 0.292498 0.0740681 0.0141782 0.112027 0.171413 0.137204 0.0606666
0.0605267 9.9982E-05 0.359359 0.0302075 0.0147597 0.0740634 0.233607 9.9982E-05 0.227277
0.0861123 9.9982E-05 0.505906 0.0214796 9.9982E-05 0.149618 0.000119185 0.0238542 0.212711
0.113709 0.105439 0.137155 9.9991E-05 0.0861532 0.0393976 0.317933 0.116947 0.0831662
0.175547 9.9964E-05 0.451217 9.9964E-05 9.9964E-05 0.19978 9.9964E-05 0.0250413 0.148015
0.110376 0.00250184 0.264622 0.0204948 0.051765 0.0418689 0.264817 0.0144758 0.229078
0.0983444 9.9982E-05 0.505133 0.0468464 9.9982E-05 0.0468521 0.0964773 0.0902366 0.11591
0.0925821 9.9982E-05 0.307596 0.0143997 9.9982E-05 0.0406541 0.304299 0.00378691 0.236482
0.113693 0.0366686 0.382064 0.00944314 9.9991E-05 0.0413027 0.157352 0.047578 0.211798
0.113303 0.0485621 0.120224 0.025167 0.061044 0.0766657 0.3058 0.0654055 0.183828
0.874788 9.9973E-05 0.0118842 0.033968 9.9973E-05 0.000571442 0.0598478 9.9973E-05 0.0186409
0.873403 0.00778671 9.9973E-05 0.00974098 9.9973E-05 0.0181626 9.9973E-05 0.0589119 0.0316945
0.927817 9.9955E-05 9.9955E-05 0.0139703 0.0151317 9.9955E-05 0.0425817 9.9955E-05 9.9955E-05
0.950083 0.0214795 9.9964E-05 9.9964E-05 0.011698 0.0129475 9.9964E-05 0.00339193 9.9964E-05
0.89766 9.9946E-05 9.9946E-05 9.9946E-05 0.028666 9.9946E-05 0.0730742 9.9946E-05 9.9946E-05
0.899877 9.9946E-05 9.9946E-05 0.0150563 9.9946E-05 9.9946E-05 9.9946E-05 9.9946E-05 0.0844671
0.901929 9.9964E-05 9.9964E-05 0.00245881 9.9964E-05 9.9964E-05 0.0721603 0.0139867 0.00906562
0.906835 9.9964E-05 9.9964E-05 0.0279503 0.0512439 9.9964E-05 0.00564896 9.9964E-05 0.00792148
0.868544 0.0165214 0.0113634 0.0203424 0.0179478 9.9991E-05 0.017517 0.0325265 0.0151371
0.8318 9.9955E-05 9.9955E-05 0.0491018 9.9955E-05 0.039374 9.9955E-05 9.9955E-05 0.0792244
0.563983 0.0428464 0.0252908 0.185553 0.125678 0.0563485 9.9973E-05 9.9973E-05 9.9973E-05
0.573756 0.00569141 9.9964E-05 0.201275 0.16851 0.050368 9.9964E-05 9.9964E-05 9.9964E-05
0.51211 0.0385418 0.0163443 0.147934 0.209071 0.0756987 9.9973E-05 9.9973E-05 9.9973E-05
0.429268 0.0134402 0.0791594 0.152415 0.295846 0.0295717 9.9973E-05 9.9973E-05 9.9973E-05
0.069688 0.241187 0.111592 9.9982E-05 0.121999 9.9982E-05 0.44133 0.00795727 0.00604735
0.0378265 0.302342 0.0535112 0.0556542 0.0905834 9.9982E-05 0.390532 0.069351 9.9982E-05
0.0371799 0.168769 0.0175799 0.0177134 0.217535 0.003225 0.509846 0.0280518 9.9991E-05
0.033674 0.294052 9.9973E-05 0.0362248 0.270205 9.9973E-05 0.345289 9.9973E-05 0.0202549
9.9973E-05 0.0442521 0.0735676 0.0285558 0.597719 0.0484672 0.207139 9.9973E-05 9.9973E-05
0.0625539 0.179852 0.000284212 0.0737478 9.9973E-05 9.9973E-05 0.681735 0.00152693 9.9973E-05
9.9964E-05 0.23998 9.9964E-05 0.0249427 0.122185 9.9964E-05 0.581393 0.0310989 9.9964E-05
9.9973E-05 0.280458 9.9973E-05 0.0124765 0.0300638 0.128995 0.491896 9.9973E-05 0.0558113
9.9946E-05 0.541276 9.9946E-05 9.9946E-05 9.9946E-05 0.0923834 0.365741 9.9946E-05 9.9946E-05
0.0512831 0.147296 9.9991E-05 0.0738857 0.055955 0.0116867 0.592005 0.0420636 0.0257249
0.022963 0.478254 9.9982E-05 0.00372643 0.0950541 9.9982E-05 0.381667 0.00201253 0.0161229
9.9937E-05 0.720328 9.9937E-05 9.9937E-05 9.9937E-05 0.278972 9.9937E-05 9.9937E-05 9.9937E-05
0.106975 0.0684139 0.00379871 0.0176048 0.130796 0.0470414 0.563096 0.0216481 0.0406261
9.9946E-05 0.598971 9.9946E-05 9.9946E-05 9.9946E-05 0.257437 0.142993 9.9946E-05 9.9946E-05
0.0537605 0.35935 9.9982E-05 0.0135169 0.0245809 0.0457508 0.48167 0.0211708 9.9982E-05
0.00973992 0.703528 9.9964E-05 9.9964E-05 0.209405 9.9964E-05 0.0720407 9.9964E-05 0.00488625
0.0202233 9.9946E-05 9.9946E-05 0.960819 0.0183579 9.9946E-05 9.9946E-05 9.9946E-05 9.9946E-05
9.993E-05 9.993E-05 9.993E-05 0.999201 9.993E-05 9.993E-05 9.993E-05 9.993E-05 9.993E-05
9.993E-05 9.993E-05 9.993E-05 0.999201 9.993E-05 9.993E-05 9.993E-05 9.993E-05 9.993E-05
0.0272808 0.0170744 9.9955E-05 0.901191 0.0539539 9.9955E-05 9.9955E-05 9.9955E-05 9.9955E-05
9.9946E-05 9.9946E-05 9.9946E-05 0.944338 9.9946E-05 9.9946E-05 0.0482764 0.0067855 9.9946E-05
9.9946E-05 9.9946E-05 9.9946E-05 0.954314 9.9946E-05 9.9946E-05 0.0193609 0.0257252 9.9946E-05
0.830838 0.0439612 9.9964E-05 0.033966 9.9964E-05 9.9964E-05 0.0192952 0.0715395 9.9964E-05
0.784845 0.0430941 9.9982E-05 0.0109849 0.0038214 0.0133632 0.117074 9.9982E-05 0.0266171
0.768809 9.9973E-05 9.9973E-05 9.9973E-05 0.0126117 0.0303745 0.13547 0.0370209 0.0154139
0.817998 0.0509479 9.9964E-05 9.9964E-05 0.0253632 9.9964E-05 0.00370017 0.101591 9.9964E-05
0.749654 9.9973E-05 0.0715666 0.000240395 9.9973E-05 9.9973E-05 0.1008 0.0770459 0.000393249
0.343218 9.9964E-05 0.0672053 0.357409 0.23065 0.00111812 9.9964E-05 9.9964E-05 9.9964E-05
0.382447 9.9964E-05 0.00721263 0.394028 0.197755 0.0181565 9.9964E-05 9.9964E-05 9.9964E-05
0.36358 9.9964E-05 9.9964E-05 0.403518 0.173829 0.0211009 9.9964E-05 9.9964E-05 0.037572
0.839097 9.9964E-05 0.00081252 9.9964E-05 0.0285663 9.9964E-05 0.111732 0.0193925 9.9964E-05
0.359129 0.0403032 9.9973E-05 0.37074 0.204327 0.0165046 9.9973E-05 0.00869598 9.9973E-05
0.191037 9.9973E-05 0.0708348 9.9973E-05 9.9973E-05 0.0612369 0.198672 0.0641103 0.413809
0.0951155 0.0518912 0.0340835 0.00476166 9.9982E-05 9.9982E-05 0.489988 0.0949099 0.229051
0.182851 9.9955E-05 9.9955E-05 9.9955E-05 9.9955E-05 9.9955E-05 0.512016 0.179715 0.124919
0.186754 0.0158786 0.062426 0.0456406 9.9991E-05 0.0461633 0.242728 0.0882271 0.312082
0.150502 0.0113884 0.0587516 0.0201493 0.0505616 0.0812339 0.470358 0.126234 0.0308216
0.333496 9.9964E-05 9.9964E-05 0.0034433 9.9964E-05 0.182309 9.9964E-05 0.0347905 0.445561
9.9973E-05 0.0375295 0.111228 0.0951919 0.330564 0.0139457 0.411241 9.9973E-05 9.9973E-05
9.9982E-05 0.0326429 0.0588472 0.0707813 0.175471 0.205577 0.441697 9.9982E-05 0.0147831
9.9973E-05 0.0574209 0.102988 0.0126241 0.572964 0.0056733 0.24803 9.9973E-05 9.9973E-05
9.9964E-05 9.9964E-05 0.00679352 0.0199058 0.179927 0.204196 0.588777 9.9964E-05 9.9964E-05
9.9955E-05 0.0205353 9.9955E-05 0.0413969 0.343573 0.593995 9.9955E-05 9.9955E-05 9.9955E-05
0.0701718 0.00792784 0.136873 9.9991E-05 0.0981284 0.0285032 0.55904 0.0268978 0.0723586
0.00963737 0.0159071 0.0508678 0.0597023 0.121036 0.137507 0.590274 0.00271684 0.012352
0.0260074 0.0267142 0.106983 0.0325857 0.485654 0.0274816 0.294374 9.9982E-05 9.9982E-05
0.0330143 0.061847 0.0361613 0.0462279 0.202595 0.00914212 0.494526 9.9991E-05 0.116387
9.9964E-05 0.121249 0.101243 9.9964E-05 0.353047 0.285525 0.138537 9.9964E-05 9.9964E-05
0.0201902 0.00447287 0.0708282 0.0547174 0.0941278 0.144164 0.6113 9.9982E-05 9.9982E-05
0.0397798 0.067949 0.0733026 0.0294342 0.291675 0.00074968 0.491839 0.00517061 9.9991E-05
0.0517037 0.0812563 0.0760228 9.9991E-05 0.118461 0.0753232 0.332793 0.0272218 0.237118
9.9973E-05 0.062073 9.9973E-05 0.000628094 0.261594 0.271743 0.396503 0.00715864 9.9973E-05
9.9982E-05 0.042112 0.056468 0.037899 0.226477 0.164051 0.431281 9.9982E-05 0.0415123
0.01805 0.024195 0.0644837 0.0618105 0.0860071 0.119257 0.615398 0.0106995 9.9991E-05
9.9973E-05 0.0556744 0.0350949 0.0254453 0.189611 0.114506 0.579369 9.9973E-05 9.9973E-05
0.0204108 0.00391717 0.0656836 0.0589209 0.0792168 0.0566803 0.617994 0.0578012 0.0393756
0.0899492 0.0963539 0.0723499 0.0745473 0.0545711 9.9982E-05 0.531654 9.9982E-05 0.0803748
0.0727173 0.0682875 0.0482162 0.0300828 0.146795 0.0401645 0.541203 9.9991E-05 0.0524339
0.836989 9.9946E-05 9.9946E-05 9.9946E-05 9.9946E-05 9.9946E-05 0.120554 0.0418576 9.9946E-05
0.869127 9.9946E-05 9.9946E-05 9.9946E-05 9.9946E-05 9.9946E-05 0.125944 0.00432912 9.9946E-05
0.859897 0.00205691 0.0597146 0.0215089 9.9964E-05 9.9964E-05 0.0564228 9.9964E-05 9.9964E-05
0.887487 0.00492796 9.9973E-05 9.9973E-05 0.0251637 9.9973E-05 0.0199321 0.056566 0.00562344
0.868019 9.9964E-05 0.0102218 0.0244743 9.9964E-05 9.9964E-05 0.0955105 0.00137465 9.9964E-05
0.0159223 0.0494422 0.0772189 0.0413849 0.612983 0.0450657 0.117041 0.0163493 0.0245931
0.0214094 0.00997509 9.9991E-05 0.0224941 0.168783 0.13096 0.553431 0.00899028 0.0838577
0.11492 0.0105779 0.102879 0.0506744 9.9991E-05 0.0176314 0.37294 0.107007 0.22327
0.0148307 0.0345392 0.0694202 0.0132855 0.208141 9.9991E-05 0.606781 0.0353146 0.0175878
0.0107019 0.0314897 9.9973E-05 9.9973E-05 0.385917 9.9973E-05 0.508287 0.0106886 0.0526166
9.9973E-05 0.0470322 0.0167975 9.9973E-05 0.355475 0.249304 0.299381 9.9973E-05 0.0317107
0.0764802 0.0493459 9.9964E-05 9.9964E-05 0.798304 0.0581612 0.0173085 9.9964E-05 9.9964E-05
0.0423349 0.0584969 0.0203332 0.0836593 0.315258 9.9991E-05 0.459439 0.00591409 0.0144639
0.0187055 9.9982E-05 0.0609147 0.111647 0.523973 0.0121338 0.223067 0.049359 9.9982E-05
0.00928644 0.11624 0.0453231 0.0433499 0.182599 0.0997918 0.420919 0.00188809 0.080602
0.0789563 9.9973E-05 0.00227959 0.0576978 0.596056 0.0889941 0.175717 9.9973E-05 9.9973E-05
0.0926559 0.0138172 0.0231295 0.0452378 0.194919 0.0128183 0.532154 0.0430521 0.042217
0.0296469 0.0844152 0.0685478 0.00807812 0.632476 0.0350159 0.0833587 0.0475819 0.0108791
9.9982E-05 0.0359027 9.9982E-05 0.0253254 0.302939 0.210438 0.302385 0.0680358 0.0547743
0.102291 0.00209092 0.233839 0.050589 0.0727321 0.0582231 0.480035 9.9982E-05 9.9982E-05
9.9955E-05 9.9955E-05 0.50554 0.0485216 9.9955E-05 0.286348 0.159091 9.9955E-05 9.9955E-05
9.9973E-05 9.9973E-05 0.396437 0.0455963 9.9973E-05 0.112596 0.412489 0.0168124 0.015769
0.0238964 0.0458516 0.3131 0.0505522 9.9991E-05 0.0419121 0.417545 0.0359666 0.0710763
9.9973E-05 0.0346154 0.54711 0.0283562 0.0144762 0.261482 0.11366 9.9973E-05 9.9973E-05
0.0792349 0.0552059 0.193078 0.0401741 9.9991E-05 0.0942186 0.490398 0.0398335 0.00775677
0.0249639 0.0598773 0.331115 0.059433 9.9973E-05 0.118206 0.406105 9.9973E-05 9.9973E-05
9.9964E-05 0.0797664 0.444438 0.0563387 9.9964E-05 0.379325 0.039732 9.9964E-05 9.9964E-05
9.9955E-05 9.9955E-05 0.651804 0.0650184 9.9955E-05 0.275095 0.00758316 9.9955E-05 9.9955E-05
9.9973E-05 0.039738 0.440747 0.0414239 0.0137405 0.126608 0.337443 9.9973E-05 9.9973E-05
9.9955E-05 0.141204 0.456488 0.0559398 9.9955E-05 0.345869 9.9955E-05 9.9955E-05 9.9955E-05
9.9973E-05 0.0594778 0.385713 0.0583462 0.0394605 0.128687 0.328016 9.9973E-05 9.9973E-05
9.9964E-05 0.0324041 9.9964E-05 9.9964E-05 0.779732 0.00309476 0.159141 0.0252286 9.9964E-05
9.9964E-05 9.9964E-05 9.9964E-05 9.9964E-05 0.383935 0.290263 0.273012 0.026544 0.0258466
0.0410898 0.0263442 9.9982E-05 0.0033677 0.462024 9.9982E-05 0.405975 0.048546 0.0124537
0.0242059 0.0317687 0.0218375 0.0373273 0.246691 9.9982E-05 0.500969 9.9982E-05 0.137
9.9973E-05 0.093794 9.9973E-05 0.0293118 0.631646 0.00885158 0.215873 0.0202233 9.9973E-05
0.0607927 0.0317254 9.9982E-05 0.0229043 0.209699 0.0724194 0.563106 9.9982E-05 0.0391532
0.0709208 0.0451816 9.9991E-05 0.0223081 0.221396 0.0561713 0.526941 0.0459189 0.0110618
0.028269 0.0917302 0.000903174 0.00125694 0.236243 0.060246 0.549288 9.9991E-05 0.0319642
9.9991E-05 0.0153203 0.0502489 0.0289993 0.317622 0.0102412 0.482304 0.0180959 0.0770679
0.0274895 9.9973E-05 0.001102 0.0397009 0.448938 9.9973E-05 0.459255 0.0232148 9.9973E-05
9.9973E-05 0.0663819 9.9973E-05 9.9973E-05 0.571466 0.0302388 0.268416 0.0335014 0.0296958
9.9964E-05 9.9964E-05 9.9964E-05 0.0355084 0.472263 0.0181788 0.448858 0.0247918 9.9964E-05
9.9982E-05 0.048087 0.0071895 0.0354959 0.203729 0.0619923 0.585148 9.9982E-05 0.0581579
0.0436709 0.0200971 0.0633546 0.0177255 0.100551 0.0645216 0.581438 0.0453536 0.0632877
0.047771 0.0565539 9.9982E-05 0.0191762 0.230996 0.165448 0.352036 9.9982E-05 0.127819
9.9973E-05 0.0587963 9.9973E-05 9.9973E-05 0.260465 0.0787035 0.476667 0.0449152 0.0801533
0.0125308 0.0321273 0.0364137 0.0127972 0.481516 9.9991E-05 0.3311 0.0392097 0.0542059
0.0368011 0.0481846 0.000105376 0.00638954 0.265851 0.0360811 0.542244 0.0642433 9.9991E-05
0.0220972 0.0480908 9.9982E-05 0.0592269 0.295051 9.9982E-05 0.497787 0.0402039 0.0373436
0.0556568 9.99901E-05 0.0823251 0.0670396 0.131911 0.0225632 0.545625 0.00389246 0.0908867
0.26874 9.9973E-05 0.107027 9.9973E-05 0.0522912 9.9973E-05 0.357518 0.00590887 0.208215
0.108235 9.9991E-05 0.0203378 0.0129767 0.0424112 0.0480873 0.498013 0.0182148 0.251625
0.105325 0.0644742 0.0522272 0.0318192 0.0500931 0.0423991 0.432297 0.0404883 0.180877
0.0851219 9.9973E-05 0.0410241 9.9973E-05 0.065184 0.0500259 0.521534 9.9973E-05 0.23681
0.11924 0.0427666 0.0354203 0.0123249 9.9991E-05 0.0492575 0.380964 0.0128774 0.347049
9.9964E-05 9.9964E-05 0.0435737 0.0759089 0.107622 0.216118 0.556378 9.9964E-05 9.9964E-05
0.101667 0.0725496 0.0868403 0.0546186 0.000871779 0.0225369 0.412268 0.0316062 0.217042
0.156104 0.0525584 0.0802597 9.9991E-05 0.114901 0.291677 0.0127017 0.0273682 0.264331
0.0771815 9.9991E-05 0.0599761 0.0319049 0.0325409 0.0332739 0.51895 0.0263914 0.219681
0.141685 0.00331581 0.0468985 0.0260425 0.0461961 0.0543714 0.518633 0.0989667 0.0638914
0.102318 0.0446191 0.0347695 9.9991E-05 0.0409956 0.0552275 0.566898 0.0647984 0.0902739
0.176003 0.014469 0.0355815 9.9991E-05 0.0582081 0.204464 0.307046 0.0157022 0.188426
0.122852 9.9982E-05 0.0925043 0.0232058 0.0222113 9.9982E-05 0.504157 0.0762142 0.158656
0.117251 9.9973E-05 9.9973E-05 0.021424 9.9973E-05 0.110801 0.453045 0.0400921 0.257088
0.416926 9.9946E-05 9.9946E-05 9.9946E-05 9.9946E-05 0.313862 9.9946E-05 9.9946E-05 0.268612
0.18495 0.0451361 0.0557866 0.0332678 0.0266002 9.9991E-05 0.506922 0.114134 0.0331031
0.151204 9.9964E-05 0.0680161 9.9964E-05 9.9964E-05 9.9964E-05 0.5022 0.0582065 0.219974
0.0753332 0.00109904 0.0467626 0.00442286 0.0907211 0.0624272 0.566848 0.0769225 0.0754634
0.167872 9.9964E-05 9.9964E-05 9.9964E-05 9.9964E-05 0.032043 0.515123 0.0414194 0.243142
0.186654 0.0271368 0.154619 9.9982E-05 0.0608842 9.9982E-05 0.447389 0.0731655 0.0499511
0.0335268 0.0490192 0.0140233 0.033685 9.9973E-05 0.335053 0.534393 9.9973E-05 9.9973E-05
0.0869192 0.0736806 0.0373297 0.0055621 0.0796023 0.142489 0.538405 0.0359118 9.9991E-05
9.9946E-05 9.9946E-05 9.9946E-05 9.9946E-05 0.0248492 0.841824 0.132727 9.9946E-05 9.9946E-05
9.99459E-05 9.99459E-05 9.99459E-05 9.99459E-05 0.0132627 0.794044 0.192094 9.99459E-05 9.99459E-05
0.077561 0.000936422 0.0421179 9.9982E-05 0.00100043 0.295036 0.537962 0.0451864 9.9982E-05
0.0593909 9.9982E-05 0.131396 0.0050088 9.9982E-05 0.0848402 0.278093 0.12521 0.315861
0.104287 9.9973E-05 0.00471002 9.9973E-05 9.9973E-05 0.156352 0.350941 0.075741 0.30767
0.128759 9.9964E-05 9.9964E-05 9.9964E-05 9.9964E-05 0.285038 0.188173 0.122093 0.275538
0.111415 9.9973E-05 0.0175767 9.9973E-05 9.9973E-05 0.176069 0.340025 0.0945264 0.260088
0.0707846 9.9955E-05 9.9955E-05 9.9955E-05 9.9955E-05 0.629692 0.262057 9.9955E-05 0.0369664
0.071967 9.9964E-05 9.9964E-05 9.9964E-05 9.9964E-05 0.606355 0.29131 0.0288172 0.00115019
0.0290417 9.9973E-05 9.9973E-05 0.0183979 9.9973E-05 0.23654 0.65703 0.00269876 0.0559917
0.0797201 9.9955E-05 9.9955E-05 9.9955E-05 9.9955E-05 0.333455 0.505023 0.0813023 9.9955E-05
0.0533562 9.9955E-05 9.9955E-05 9.9955E-05 9.9955E-05 0.529318 0.388729 0.0280975 9.9955E-05
0.0528182 9.9991E-05 0.0491227 0.0284887 0.0222976 0.224153 0.565435 0.0441376 0.0134471
0.00779476 9.9973E-05 9.9973E-05 0.0644907 9.9973E-05 0.188503 0.634179 0.009244 0.0954887
0.0916723 0.0329124 0.0537493 9.9973E-05 9.9973E-05 0.210508 0.539095 0.0717628 9.9973E-05
9.9937E-05 9.9937E-05 9.9937E-05 9.9937E-05 9.9937E-05 0.536669 0.462631 9.9937E-05 9.9937E-05
0.0232973 0.0454353 9.9964E-05 9.9964E-05 0.0528113 0.379318 0.498738 9.9964E-05 9.9964E-05
0.0437828 0.0509646 0.0288757 0.0237713 9.9982E-05 0.272711 0.561704 0.017991 9.9982E-05
0.0462933 9.9964E-05 0.0367107 0.0814424 9.9964E-05 0.304028 0.531126 9.9964E-05 9.9964E-05
0.0998688 0.00945634 9.9991E-05 0.0236531 0.0840726 0.18338 0.557726 0.0358325 0.00591012
9.9964E-05 0.000237829 0.0200181 0.0376866 9.9964E-05 0.3725 0.569157 9.9964E-05 9.9964E-05
9.99459E-05 9.99459E-05 9.99459E-05 0.024794 9.99459E-05 0.625662 0.348944 9.99459E-05 9.99459E-05
0.0302119 9.9955E-05 9.9955E-05 9.9955E-05 9.9955E-05 0.253696 0.688955 9.9955E-05 0.0266371
9.99549E-05 9.99549E-05 9.99549E-05 0.00413389 0.0239343 0.631995 0.339437 9.99549E-05 9.99549E-05
9.99369E-05 9.99369E-05 9.99369E-05 9.99369E-05 9.99369E-05 0.418071 0.58123 9.99369E-05 9.99369E-05
0.0905817 9.9964E-05 0.046294 0.0157117 9.9964E-05 0.236778 0.610235 9.9964E-05 9.9964E-05
0.0926726 0.0215066 9.9973E-05 9.9973E-05 0.00545636 0.283364 0.579651 0.0170494 9.9973E-05
0.102452 0.00615694 0.157355 0.031854 0.0595431 0.0426807 0.39151 0.142555 0.0658925
0.115269 9.9991E-05 0.111833 0.0291008 0.0212995 0.0995443 0.438517 0.100883 0.0834537
0.115024 9.9982E-05 0.118622 9.9982E-05 0.0184206 0.099457 0.206436 0.12398 0.31786
0.137565 9.9982E-05 0.0742533 0.0400134 9.9982E-05 0.13369 0.285495 0.195587 0.133196
0.0902086 0.0156368 0.0909899 0.0227221 0.057662 0.0592813 0.403564 0.0694779 0.190457
0.10059 0.029379 0.106102 9.9982E-05 9.9982E-05 0.136456 0.415466 0.0682445 0.143562
0.101703 9.9964E-05 9.9964E-05 9.9964E-05 9.9964E-05 0.625241 0.0683036 0.0308541 0.173498
0.0593567 0.0239684 0.0183912 9.9982E-05 9.9982E-05 0.0932408 0.511522 0.109926 0.183396
0.260532 9.9946E-05 9.9946E-05 9.9946E-05 9.9946E-05 0.522256 9.9946E-05 9.9946E-05 0.216613
0.0648786 9.9964E-05 9.9964E-05 9.9964E-05 9.9964E-05 0.188743 0.593724 0.0627518 0.0895022
9.9937E-05 9.9937E-05 9.9937E-05 9.9937E-05 9.9937E-05 0.687221 0.31208 9.9937E-05 9.9937E-05
9.99549E-05 0.030962 9.99549E-05 0.00856976 9.99549E-05 0.789166 0.170802 9.99549E-05 9.99549E-05
9.9937E-05 9.9937E-05 9.9937E-05 9.9937E-05 9.9937E-05 0.385716 0.613585 9.9937E-05 9.9937E-05
0.0337499 9.9946E-05 9.9946E-05 9.9946E-05 9.9946E-05 0.301736 0.663914 9.9946E-05 9.9946E-05
9.9937E-05 9.9937E-05 9.9937E-05 9.9937E-05 9.9937E-05 0.446319 0.552981 9.9937E-05 9.9937E-05
9.9946E-05 9.9946E-05 9.9946E-05 0.00481376 9.9946E-05 0.317171 0.677416 9.9946E-05 9.9946E-05
9.9937E-05 9.9937E-05 9.9937E-05 9.9937E-05 9.9937E-05 0.354102 0.645198 9.9937E-05 9.9937E-05
0.853149 0.00795882 0.0156936 0.00345318 0.0717727 0.0136679 0.011038 0.0231666 9.9991E-05
0.703715 0.033686 0.0444176 0.0128598 0.0793892 9.9991E-05 0.0181125 0.0160499 0.0916701
0.909701 9.9955E-05 9.9955E-05 0.0327427 9.9955E-05 9.9955E-05 0.0250371 0.0320195 9.9955E-05
0.928167 9.9937E-05 9.9937E-05 9.9937E-05 9.9937E-05 9.9937E-05 0.0711331 9.9937E-05 9.9937E-05
0.0103264 0.344491 0.0851941 0.0302936 9.9982E-05 0.0274044 0.434907 0.0671838 9.9982E-05
0.0423622 0.315627 9.9973E-05 0.00993293 0.0915107 9.9973E-05 0.508829 9.9973E-05 0.0314382
0.0101067 0.425143 9.9964E-05 0.0171171 0.0794494 9.9964E-05 0.467784 9.9964E-05 9.9964E-05
0.0689274 0.22715 0.110343 9.9982E-05 0.068978 9.9982E-05 0.468943 0.0395317 0.0159273
0.0738838 0.101177 0.215387 0.0185789 0.0827601 9.9982E-05 0.469939 0.0380755 9.9982E-05
0.0357039 0.568427 0.0329235 0.0264286 0.0875474 9.9982E-05 0.231908 0.0168612 9.9982E-05
0.046683 0.33955 9.9946E-05 9.9946E-05 9.9946E-05 9.9946E-05 0.613167 9.9946E-05 9.9946E-05
9.9964E-05 0.5857 0.047249 9.9964E-05 9.9964E-05 0.124276 0.222531 0.0198442 9.9964E-05
0.272971 0.00375702 0.0904586 9.9982E-05 0.0938143 9.9982E-05 0.31055 0.0673226 0.160926
9.9973E-05 0.400071 0.0315742 9.9973E-05 0.0023164 0.110912 0.402023 9.9973E-05 0.0528033
0.0243664 0.579475 9.9964E-05 0.0379861 0.0450412 9.9964E-05 0.312731 9.9964E-05 9.9964E-05
9.9982E-05 0.400964 0.028857 0.0131409 9.9982E-05 0.0442387 0.473505 0.0177877 0.021307
0.0116094 0.454073 9.9973E-05 0.0367059 0.0975225 9.9973E-05 0.349811 0.0499782 9.9973E-05
9.9973E-05 0.381318 9.9973E-05 0.0336307 9.9973E-05 0.0387114 0.506254 0.0101648 0.0296217
0.0876247 0.3177 0.0341642 0.0472505 9.9982E-05 0.00242711 0.477904 0.0327297 9.9982E-05
9.9937E-05 0.832335 9.9937E-05 9.9937E-05 9.9937E-05 0.166966 9.9937E-05 9.9937E-05 9.9937E-05
9.9973E-05 0.546235 0.0568042 9.9973E-05 9.9973E-05 0.113886 0.241176 0.021304 0.020295
9.9955E-05 0.53353 9.9955E-05 9.9955E-05 9.9955E-05 0.102399 0.328862 0.0347099 9.9955E-05
9.9937E-05 0.713946 9.9937E-05 9.9937E-05 9.9937E-05 0.285355 9.9937E-05 9.9937E-05 9.9937E-05
0.0443607 0.384468 0.092769 0.0392246 0.0886513 9.9991E-05 0.319981 0.0031823 0.027263
9.9955E-05 0.611258 0.120965 9.9955E-05 9.9955E-05 0.237494 0.0297834 9.9955E-05 9.9955E-05
9.9937E-05 0.722206 9.9937E-05 9.9937E-05 9.9937E-05 0.277095 9.9937E-05 9.9937E-05 9.9937E-05
0.0245801 0.294605 0.0280695 0.0293207 9.9982E-05 0.0588522 0.527012 0.037361 9.9982E-05
0.0263493 0.587324 0.0607785 0.0360254 0.152786 9.9982E-05 0.133756 0.00278126 9.9982E-05
0.0143218 0.382483 0.0900279 0.0302244 0.0558915 9.9991E-05 0.406302 0.00405036 0.0165985
0.110258 0.16748 0.00214236 9.9991E-05 0.0427894 0.0680134 0.542973 0.0482194 0.0180246
0.0335529 0.373414 0.0462176 9.9973E-05 0.0967156 9.9973E-05 0.430082 0.0197175 9.9973E-05
9.9964E-05 9.9964E-05 0.010189 9.9964E-05 0.333425 0.210183 0.398122 9.9964E-05 0.0476807
0.0778895 0.367094 9.9964E-05 0.0256944 9.9964E-05 9.9964E-05 0.511318 0.0176046 9.9964E-05
0.0171187 0.303106 0.0623688 9.9964E-05 0.143857 9.9964E-05 0.47315 9.9964E-05 9.9964E-05
9.9955E-05 0.522189 9.9955E-05 9.9955E-05 9.9955E-05 0.148064 0.301058 0.0281883 9.9955E-05
0.0854108 0.298904 0.0545222 0.0472061 0.029063 9.9991E-05 0.425467 0.0408669 0.01846
0.647818 9.9964E-05 0.00236084 0.134305 0.171241 0.0438749 9.9964E-05 9.9964E-05 9.9964E-05
0.753431 0.0558893 9.9973E-05 0.11072 0.0742915 0.0050843 9.9973E-05 9.9973E-05 0.000284495
0.839689 9.9955E-05 9.9955E-05 0.0515208 0.0906851 0.0176056 9.9955E-05 9.9955E-05 9.9955E-05
0.801663 9.9964E-05 0.0124715 0.0866324 0.0661017 0.0327319 9.9964E-05 9.9964E-05 9.9964E-05
0.700223 0.00361305 0.116093 0.122505 0.0399645 0.00358882 0.0138127 9.9982E-05 9.9982E-05
0.038344 0.680807 0.00485527 0.02392 0.17534 9.9982E-05 0.0711548 0.00537984 9.9982E-05
