9.9955E-05 9.9955E-05 0.0144786 9.9955E-05 9.9955E-05 0.000997332 0.870555 0.113469 9.9955E-05
9.9937E-05 9.9937E-05 9.9937E-05 9.9937E-05 9.9937E-05 9.9937E-05 0.948539 0.0507619 9.9937E-05
0.00563539 9.9964E-05 9.9964E-05 0.0446896 0.0816502 0.0275282 0.840097 9.9964E-05 9.9964E-05
9.9964E-05 9.9964E-05 0.0183435 0.137175 0.0239288 9.9964E-05 0.814717 0.00543581 9.9964E-05
0.00262435 9.9946E-05 9.9946E-05 0.0929562 9.9946E-05 9.9946E-05 0.90382 9.9946E-05 9.9946E-05
0.0301843 0.243339 0.0292979 0.0379462 9.9973E-05 9.9973E-05 0.607156 0.0517774 9.9973E-05
0.0141407 0.227375 9.9946E-05 9.9946E-05 9.9946E-05 9.9946E-05 0.757885 9.9946E-05 9.9946E-05
0.029592 0.261109 0.0273783 9.9955E-05 9.9955E-05 9.9955E-05 0.681421 9.9955E-05 9.9955E-05
9.99459E-05 9.99459E-05 0.167823 9.99459E-05 0.032922 9.99459E-05 0.798655 9.99459E-05 9.99459E-05
0.0352735 0.191521 0.0283914 9.9964E-05 9.9964E-05 9.9964E-05 0.725314 0.0191006 9.9964E-05
9.9964E-05 0.199233 0.0164351 0.0350637 9.9964E-05 9.9964E-05 0.722433 0.0264348 9.9964E-05
0.00793971 0.0391273 0.476886 0.273602 0.0802573 0.116417 9.9982E-05 0.00557036 9.9982E-05
0.00266116 9.9991E-05 0.280463 0.578548 0.0180803 0.0200024 0.0611405 0.0313959 0.00760886
0.0304604 9.9973E-05 0.415911 0.303631 0.120882 0.128501 9.9973E-05 9.9973E-05 0.000314322
0.0887244 9.9964E-05 0.393942 0.309885 0.168336 0.0387125 9.9964E-05 9.9964E-05 9.9964E-05
0.0868367 9.99779E-05 0.304944 0.448649 0.0895096 0.0154722 0.0542887 9.99779E-05 9.99779E-05
0.0249764 0.0186751 0.16349 0.602326 0.100359 0.0173737 0.0410108 9.9991E-05 0.0316896
0.0296409 0.0212276 0.264147 0.500282 0.0538803 0.10058 0.0300426 9.9982E-05 9.9982E-05
0.0367317 9.9982E-05 0.388674 0.282577 0.161856 0.0392621 0.0574146 0.0332841 9.9982E-05
9.9973E-05 0.11589 0.630367 0.0638152 0.0750546 0.110227 0.004346 9.9973E-05 9.9973E-05
0.00305414 9.9982E-05 0.284457 0.458318 0.103678 0.0832145 0.0196149 9.9982E-05 0.0474641
0.0502996 0.178712 0.130571 0.412004 0.0987673 0.0743208 9.9982E-05 9.9982E-05 0.0551266
0.0454168 0.0219704 0.187528 0.514916 0.00399477 0.125802 0.0497425 0.0117216 0.0389088
0.0493071 0.088298 0.43814 0.27682 0.0621897 0.084224 0.000821135 9.9982E-05 9.9982E-05
0.0548897 0.0409174 0.134399 0.651533 0.0478994 9.9991E-05 0.0358863 0.00481591 0.0295592
0.0287268 0.0228362 0.202949 0.586852 0.0502274 0.069309 0.0388992 9.9982E-05 9.9982E-05
0.026324 0.0647685 0.496294 0.233774 0.0130934 0.0915729 0.0355097 9.9991E-05 0.0385637
0.0276963 9.9964E-05 0.409874 0.341894 0.139769 0.080367 9.9964E-05 9.9964E-05 9.9964E-05
9.9964E-05 0.137221 0.423443 0.266529 0.0549569 0.11745 9.9964E-05 9.9964E-05 9.9964E-05
0.03902 9.9946E-05 9.9946E-05 0.0824717 9.9946E-05 9.9946E-05 0.877909 9.9946E-05 9.9946E-05
0.0456766 9.9955E-05 9.9955E-05 0.08514 9.9955E-05 9.9955E-05 0.854213 9.9955E-05 0.014471
0.0913704 9.9964E-05 0.0123518 0.0939849 9.9964E-05 9.9964E-05 0.792176 0.00971725 9.9964E-05
0.0579414 9.9973E-05 9.9973E-05 0.139709 0.0285428 9.9973E-05 0.734859 0.03853 0.000117799
9.9964E-05 0.171481 0.0415184 0.493116 9.9964E-05 0.181637 0.111847 9.9964E-05 9.9964E-05
0.0372678 9.9991E-05 0.00992464 0.486238 0.0231368 0.317587 0.0786525 0.0287323 0.018361
0.00198571 0.00662921 0.00671953 0.50757 9.9991E-05 0.386342 0.0222136 0.0554898 0.0129496
9.9973E-05 9.9973E-05 0.615635 0.215641 0.00936668 0.105991 0.0476448 9.9973E-05 0.00542177
0.00152308 0.00306935 9.9982E-05 0.276576 0.0471064 0.584719 9.9982E-05 0.0246704 0.0621356
0.053136 9.9982E-05 0.125744 0.538634 0.0213179 0.161204 0.0656125 9.9982E-05 0.034151
9.9964E-05 0.0402885 9.9964E-05 0.741744 9.9964E-05 0.181242 0.0282327 0.00809371 9.9964E-05
9.9955E-05 0.353973 9.9955E-05 0.543116 9.9955E-05 0.00158652 0.100826 9.9955E-05 9.9955E-05
0.0229075 0.13952 0.0636591 0.587797 9.9973E-05 0.088991 0.0968249 9.9973E-05 9.9973E-05
9.9955E-05 9.9955E-05 0.177683 0.177164 9.9955E-05 0.616986 0.0276679 9.9955E-05 9.9955E-05
9.9973E-05 0.278928 0.0286182 0.564181 0.0123137 9.9973E-05 0.0263506 0.089309 9.9973E-05
0.0154324 9.9973E-05 0.0622109 0.604433 0.029883 0.222997 0.0647433 9.9973E-05 9.9973E-05
9.9991E-05 0.0756024 0.0295848 0.559314 0.00529385 0.100786 0.128213 0.0459463 0.0551601
9.9964E-05 9.9964E-05 9.9964E-05 0.323512 0.00384769 0.582658 9.9964E-05 0.00195829 0.0876238
9.9964E-05 9.9964E-05 0.0223799 0.611887 0.0006026 0.234917 0.129813 9.9964E-05 9.9964E-05
9.999E-05 0.058634 0.0564217 0.53729 0.0138393 0.148022 0.127345 0.0253355 0.0330129
9.9964E-05 0.143458 0.0024295 9.9964E-05 0.0671385 0.722699 9.9964E-05 9.9964E-05 0.0638754
9.9973E-05 0.093293 0.576709 0.178986 0.00714214 0.111777 9.9973E-05 9.9973E-05 0.031793
9.9982E-05 0.129599 0.256951 0.134803 0.125594 0.138834 9.9982E-05 0.057781 0.15624
0.0377819 0.0257483 0.150799 0.587863 0.0423768 0.0189858 0.0725623 9.9991E-05 0.0637824
9.9982E-05 9.9982E-05 0.119143 0.651232 0.0615454 0.0287164 0.0536853 0.0209222 0.0645555
0.0404579 0.0735977 0.0186966 0.622181 0.0458173 0.057601 0.0723156 0.0212816 0.048051
9.9982E-05 0.0625131 0.486139 0.213249 0.0441349 0.0948345 0.0934206 0.00550899 9.9982E-05
0.0236837 0.041574 0.318304 0.501167 0.0362999 0.0629168 0.0158542 9.9982E-05 9.9982E-05
0.0291172 9.9973E-05 0.113409 0.58152 0.0384417 0.12132 0.115892 9.9973E-05 9.9973E-05
9.9982E-05 0.0544275 0.259781 0.451513 0.0496292 0.0213774 0.0925924 9.9982E-05 0.0704792
0.0111235 0.103033 0.428618 0.150893 0.0543202 0.110798 0.141015 9.9982E-05 9.9982E-05
0.029559 0.0142619 0.126181 0.547657 0.04255 0.126941 0.075307 0.0142613 0.0232821
9.999E-05 0.0136893 0.25958 0.507316 0.0706558 0.0487498 0.0470674 0.0341662 0.0186761
9.9982E-05 0.0952002 0.528449 0.0931188 0.0531892 0.174917 0.040464 9.9982E-05 0.014462
9.9964E-05 9.9964E-05 0.376952 0.462997 0.0352146 0.0749142 9.9964E-05 9.9964E-05 0.0495219
0.00364884 9.9991E-05 0.0964387 0.550531 0.0470249 0.0635581 0.0148849 0.0753223 0.148491
9.9991E-05 0.00247649 0.147338 0.640617 0.0434394 0.0283141 0.0705445 0.0202103 0.0469598
0.0451374 0.0212479 0.357407 0.27071 0.0718076 0.165505 0.0587846 9.9991E-05 0.00929924
0.0413199 0.0713153 0.238369 0.51363 0.0336244 0.0474024 0.0267826 9.9991E-05 0.0274562
0.041876 0.0118898 0.195047 0.541612 0.0291625 0.0339205 0.0278486 9.9991E-05 0.118544
9.9973E-05 0.014872 0.502956 0.279012 0.082885 0.100531 9.9973E-05 9.9973E-05 0.019445
9.9964E-05 9.9964E-05 0.050221 0.48322 9.9964E-05 0.438375 0.0259452 0.001839 9.9964E-05
9.9955E-05 9.9955E-05 0.088457 0.238862 9.9955E-05 0.654708 0.017474 9.9955E-05 9.9955E-05
0.0132041 9.9982E-05 0.0481549 0.47158 0.0135163 0.29353 0.108575 0.0512405 9.9982E-05
9.9955E-05 9.9955E-05 9.9955E-05 9.9955E-05 0.0437707 0.875148 9.9955E-05 0.0332067 0.0473752
9.9955E-05 0.050043 9.9955E-05 9.9955E-05 0.00568387 0.907927 9.9955E-05 9.9955E-05 0.0358468
9.9964E-05 0.000949067 9.9964E-05 0.268707 0.0101059 0.680249 9.9964E-05 9.9964E-05 0.0395896
9.9955E-05 9.9955E-05 0.0586037 0.510654 9.9955E-05 0.392506 0.0377359 9.9955E-05 9.9955E-05
0.0642125 0.0486361 0.0858296 0.505162 0.0801934 0.143809 0.0124828 0.0250126 0.0346624
0.0152342 0.0385125 9.9964E-05 0.475433 0.0302849 0.440136 9.9964E-05 9.9964E-05 9.9964E-05
9.9955E-05 9.9955E-05 0.184179 0.183039 9.9955E-05 0.581524 0.050758 9.9955E-05 9.9955E-05
9.9955E-05 9.9955E-05 0.139267 0.288165 9.9955E-05 0.536705 0.0353632 9.9955E-05 9.9955E-05
0.0189989 0.028709 0.0469362 0.513499 9.9991E-05 0.258599 0.109559 0.0120216 0.0115774
9.9964E-05 9.9964E-05 0.107107 0.372479 9.9964E-05 0.489021 0.020453 0.0105397 9.9964E-05
9.9955E-05 9.9955E-05 0.0665698 0.474179 9.9955E-05 0.430254 0.0284969 9.9955E-05 9.9955E-05
9.9964E-05 0.0197255 9.9964E-05 0.460087 0.0446475 0.459067 9.9964E-05 9.9964E-05 0.0160732
9.9955E-05 0.0393793 9.9955E-05 9.9955E-05 0.118143 0.71623 9.9955E-05 9.9955E-05 0.125748
9.9982E-05 0.0116262 9.9982E-05 0.6284 0.0293848 0.26796 0.0294041 0.0312644 0.00176073
0.00080386 9.9964E-05 0.0750633 0.0826462 0.0253058 9.9964E-05 0.815781 9.9964E-05 9.9964E-05
9.9955E-05 9.9955E-05 9.9955E-05 0.0643767 0.0171189 9.9955E-05 0.901419 0.0165858 9.9955E-05
0.0230572 9.9964E-05 9.9964E-05 0.0879268 0.00848857 9.9964E-05 0.812249 0.0678782 9.9964E-05
0.0621544 9.9955E-05 9.9955E-05 0.0104804 0.0280775 9.9955E-05 0.898788 9.9955E-05 9.9955E-05
0.0579239 9.9955E-05 9.9955E-05 9.9955E-05 0.0219215 9.9955E-05 0.916928 9.9955E-05 0.00272664
0.052226 0.0183943 9.9955E-05 0.0656426 9.9955E-05 9.9955E-05 0.863237 9.9955E-05 9.9955E-05
0.010245 9.9946E-05 9.9946E-05 0.0625213 9.9946E-05 9.9946E-05 0.926634 9.9946E-05 9.9946E-05
0.0529931 0.0393751 0.0992769 0.535804 0.0070306 0.174603 0.0858459 9.9991E-05 0.00497163
0.0588387 0.0366103 0.0316897 0.5333 9.9982E-05 0.156886 0.12494 9.9982E-05 0.0575355
9.9955E-05 9.9955E-05 0.181803 0.0605855 9.9955E-05 0.701749 0.0553625 9.9955E-05 9.9955E-05
0.0182002 0.0137825 0.055815 0.59794 0.0170255 0.135418 0.154365 9.9991E-05 0.00735487
9.9955E-05 9.9955E-05 0.111902 0.391211 9.9955E-05 0.457139 0.0392475 9.9955E-05 9.9955E-05
9.9964E-05 9.9964E-05 0.0310209 0.522767 0.0183355 0.333573 0.093904 9.9964E-05 9.9964E-05
9.9973E-05 0.070263 0.0358794 0.559086 9.9973E-05 0.239426 0.0565823 9.9973E-05 0.0384634
0.0187567 0.0153339 0.00574225 0.500723 9.9991E-05 0.360371 0.0297909 0.029981 0.039202
9.9955E-05 9.9955E-05 0.280304 0.0218023 9.9955E-05 0.660268 0.0371264 9.9955E-05 9.9955E-05
0.0155139 0.0157552 0.10738 0.523283 0.0314778 0.145212 0.104634 9.9991E-05 0.0566445
9.9973E-05 0.0277865 0.0752638 0.70534 0.0204871 0.0760851 0.0947376 9.9973E-05 9.9973E-05
9.9991E-05 0.025032 0.0961773 0.562856 0.0254308 0.127354 0.117872 0.00108021 0.0440975
0.0118359 0.118535 0.00644431 0.264052 0.039024 0.484085 9.9982E-05 9.9982E-05 0.0758237
0.0256143 0.00199601 9.9964E-05 0.485126 9.9964E-05 0.399515 9.9964E-05 9.9964E-05 0.0873487
9.9955E-05 9.9955E-05 0.126098 0.487246 9.9955E-05 0.351307 0.034849 9.9955E-05 9.9955E-05
0.0157775 0.00694723 9.9964E-05 0.388292 9.9964E-05 0.520877 9.9964E-05 9.9964E-05 0.0677067
9.9964E-05 0.00731237 0.148132 0.438647 9.9964E-05 0.346572 0.0589365 9.9964E-05 9.9964E-05
9.9991E-05 0.0473263 0.0845872 0.529971 0.0109084 0.163676 0.0933948 0.0261857 0.0438513
9.9973E-05 9.9973E-05 0.318413 0.243512 0.0583773 0.006995 9.9973E-05 0.14694 0.225463
9.9982E-05 0.109142 0.367476 0.378696 0.0292015 0.0218359 0.0495958 0.0438528 9.9982E-05
0.0364925 0.107508 0.127622 0.533021 0.00797292 9.9991E-05 0.127658 0.0216669 0.0379578
9.9991E-05 0.0698828 0.121803 0.541947 0.0553398 0.0672139 0.0445263 0.0889075 0.0102796
9.9982E-05 0.0301071 0.392837 0.488778 0.0302371 0.0249366 0.0176446 9.9982E-05 0.0152596
0.0129584 0.0205573 0.254001 0.590582 0.00319747 9.9991E-05 0.0194189 0.0474313 0.0517535
9.9964E-05 9.9964E-05 0.403473 0.492929 0.025292 9.9964E-05 0.0687863 9.9964E-05 0.00912015
9.9991E-05 0.00588089 0.164534 0.537426 0.0776811 0.0807468 0.0339462 0.0339532 0.065732
0.0440768 9.9991E-05 0.210017 0.556019 0.0740955 0.0299352 0.0318681 0.0160509 0.0378379
9.9982E-05 0.0221013 0.22227 0.62598 0.0248197 0.00927742 0.0723899 9.9982E-05 0.0229616
9.9973E-05 0.00688189 0.295033 0.612323 0.0478297 0.0281842 0.00944893 9.9973E-05 9.9973E-05
0.0054528 0.0212072 0.166067 0.571153 0.0226446 9.9991E-05 0.0590341 0.107867 0.046473
0.0222456 0.0490515 0.143347 0.564934 0.0180294 0.0390443 0.0738751 0.0527646 0.0367085
0.0443693 0.00150905 0.16984 0.63365 0.0496894 0.0367845 9.9991E-05 0.00667458 0.0573841
0.0494012 0.043174 0.148805 0.515809 0.0152804 0.036517 0.0254244 0.0977495 0.0678395
0.0224754 9.9991E-05 0.177004 0.601876 0.0164575 0.0187928 0.00589903 0.0288315 0.128565
9.9982E-05 0.0672476 0.26592 0.276011 0.120319 0.0399588 9.9982E-05 0.135148 0.0951948
0.00348623 9.9991E-05 0.128125 0.571323 0.0507543 0.0555339 0.0518585 0.0695052 0.0693144
9.9991E-05 0.0290033 0.118022 0.654224 0.0487492 0.0107066 0.0210042 0.0463049 0.0718863
0.00771774 0.04155 0.567268 0.245248 0.0176219 0.0947706 0.00273379 0.00182051 0.0212698
9.9982E-05 0.0736125 0.284005 0.139132 0.1266 0.126469 9.9982E-05 0.0264341 0.223548
0.0322914 0.0593932 0.215073 0.524706 0.0261502 0.0460431 0.0592533 9.9991E-05 0.0369901
9.9973E-05 0.0954266 0.323324 0.086334 0.0893744 0.10953 9.9973E-05 9.9973E-05 0.295711
9.9973E-05 0.00639549 0.519545 0.384106 0.0247514 0.019297 9.9973E-05 9.9973E-05 0.0456045
9.9955E-05 9.9955E-05 0.426408 0.463059 9.9955E-05 0.0804051 9.9955E-05 9.9955E-05 0.0296286
9.9982E-05 9.9982E-05 0.460682 0.352217 0.0393122 0.117087 0.0263409 0.00178864 0.0023724
9.9964E-05 0.0421448 0.48476 0.378409 9.9964E-05 0.0395285 9.9964E-05 9.9964E-05 0.0547573
0.0220498 0.0569639 0.16444 0.586418 0.0353431 0.0285138 0.0570608 9.9991E-05 0.0491101
0.0305305 9.9982E-05 0.113136 0.570005 0.0834333 0.0389107 0.0923344 9.9982E-05 0.0714501
0.0537379 9.9982E-05 0.202187 0.5828 0.0166343 0.0489043 0.0514932 9.9982E-05 0.0440434
9.9982E-05 0.0914302 0.344107 0.144474 0.0518719 0.1577 9.9982E-05 0.0570028 0.153214
0.038925 0.13838 0.0370117 0.464823 9.9991E-05 0.0238184 0.17513 0.0194925 0.10232
9.9991E-05 0.168011 0.0349292 0.481109 0.0921254 0.0575326 0.0144624 0.0283417 0.123389
9.9973E-05 0.392878 0.062517 9.9973E-05 0.228343 0.137887 0.0308137 9.9973E-05 0.147261
0.0336685 0.153852 0.0358988 0.631003 0.0299078 0.0310452 0.0720719 0.00801645 0.0045362
0.0396507 0.246858 0.0583862 0.261771 0.0950284 0.14167 0.0292704 0.0099053 0.11746
0.0299905 0.191175 0.0330458 0.486646 0.0706772 9.9991E-05 0.0483406 0.0764588 0.063566
9.9991E-05 0.414938 0.108416 0.17328 0.0916387 0.0558783 0.0358696 0.04962 0.0702602
9.9973E-05 0.424584 0.175421 0.0404729 0.138571 0.0709805 9.9973E-05 9.9973E-05 0.149671
0.0111091 0.253052 0.0683567 0.375376 0.0758381 0.107639 0.00559236 0.0144252 0.0886121
0.0521752 0.0916625 0.069096 0.441967 0.0803979 0.0965007 0.101332 9.9991E-05 0.0667688
9.9991E-05 0.167941 0.0973118 0.398396 0.0606714 0.0678266 0.140539 0.0375773 0.0296363
0.0499307 0.183011 0.105048 0.108336 0.197775 0.211338 9.9982E-05 9.9982E-05 0.144361
0.0304996 0.117841 0.0779882 0.567927 0.00295876 0.0118038 0.0778819 0.016521 0.0965791
9.9973E-05 0.351953 0.0493169 0.276272 0.0850859 0.13889 9.9973E-05 9.9973E-05 0.0981822
9.9973E-05 0.129545 0.0908928 0.425555 0.128074 0.103478 9.9973E-05 9.9973E-05 0.122157
0.0311846 0.159061 0.0102392 0.547684 0.0464795 0.0791465 0.0817453 0.0443602 9.9991E-05
0.0809392 0.179168 9.9973E-05 0.0764508 0.143547 9.9973E-05 0.26958 0.250015 9.9973E-05
9.9955E-05 0.173205 9.9955E-05 9.9955E-05 0.34742 9.9955E-05 0.304124 0.174752 9.9955E-05
0.0806905 0.191029 9.9973E-05 9.9973E-05 0.358505 9.9973E-05 0.350564 0.00757053 0.0113407
0.107249 0.171113 9.9973E-05 0.0505324 0.222147 9.9973E-05 0.236369 0.21229 9.9973E-05
9.9964E-05 0.313703 0.00381188 0.578845 9.9964E-05 0.0828406 9.9964E-05 9.9964E-05 0.0203993
9.9982E-05 0.145457 0.029748 0.618963 0.00963198 0.0718596 0.100478 9.9982E-05 0.0236624
0.648025 9.9955E-05 0.0167927 0.320751 9.9955E-05 0.0139318 9.9955E-05 9.9955E-05 9.9955E-05
0.429455 9.9973E-05 0.0977311 0.391175 0.0461981 9.9973E-05 0.0313517 9.9973E-05 0.0037892
0.355805 0.0359939 0.0649645 0.355321 9.9991E-05 0.0480571 0.0605097 0.0595675 0.0196814
0.011102 0.487112 0.0365875 0.201012 0.0342301 0.0500753 9.9991E-05 0.00152957 0.178252
0.0472818 0.122907 0.109932 0.449328 0.027352 0.04909 0.0662315 0.0391709 0.0887071
9.9973E-05 0.519058 0.0510278 0.200528 0.0465608 0.0587574 9.9973E-05 9.9973E-05 0.123769
9.9982E-05 0.261239 9.9982E-05 0.529411 0.0348654 0.0281907 0.0258955 0.0289235 0.0912754
9.9982E-05 0.321336 0.0553793 0.427329 0.00533133 9.9982E-05 0.0385457 0.0255082 0.126371
9.9964E-05 0.359549 9.9964E-05 0.544512 0.020507 0.0259662 9.9964E-05 9.9964E-05 0.0490658
9.9973E-05 0.545188 0.00924006 0.164591 0.0966588 0.0634029 9.9973E-05 9.9973E-05 0.120619
0.014457 0.186663 9.9982E-05 0.659992 0.0283308 0.015295 0.0794521 9.9982E-05 0.0156107
0.0207355 0.173187 0.00229246 0.529199 0.0596822 0.0703027 0.0877658 9.9991E-05 0.0567355
0.923546 0.0178562 9.9964E-05 0.0328682 9.9964E-05 0.00350019 9.9964E-05 0.0218294 9.9964E-05
0.901191 9.9946E-05 9.9946E-05 0.0651016 9.9946E-05 9.9946E-05 9.9946E-05 9.9946E-05 0.0331076
0.501079 9.9982E-05 0.0202199 0.285365 9.9982E-05 0.0304489 0.0761978 0.0571139 0.029375
0.631504 9.9964E-05 0.0190996 0.34065 9.9964E-05 9.9964E-05 0.00267944 0.00566667 9.9964E-05
0.820356 9.9955E-05 0.0338877 0.108638 9.9955E-05 0.0366187 9.9955E-05 9.9955E-05 9.9955E-05
0.999201 9.993E-05 9.993E-05 9.993E-05 9.993E-05 9.993E-05 9.993E-05 9.993E-05 9.993E-05
0.958449 9.9946E-05 0.0273584 9.9946E-05 9.9946E-05 9.9946E-05 9.9946E-05 9.9946E-05 0.0135926
0.855238 9.9937E-05 9.9937E-05 0.144062 9.9937E-05 9.9937E-05 9.9937E-05 9.9937E-05 9.9937E-05
0.949096 9.9946E-05 0.0447525 0.00555195 9.9946E-05 9.9946E-05 9.9946E-05 9.9946E-05 9.9946E-05
0.999201 9.993E-05 9.993E-05 9.993E-05 9.993E-05 9.993E-05 9.993E-05 9.993E-05 9.993E-05
0.999201 9.993E-05 9.993E-05 9.993E-05 9.993E-05 9.993E-05 9.993E-05 9.993E-05 9.993E-05
0.737771 0.0121107 9.9964E-05 0.223197 9.9964E-05 9.9964E-05 0.019554 9.9964E-05 0.00696829
0.736532 9.9973E-05 0.021847 0.137411 0.00480357 9.9973E-05 0.0591232 0.0399834 9.9973E-05
0.999201 9.993E-05 9.993E-05 9.993E-05 9.993E-05 9.993E-05 9.993E-05 9.993E-05 9.993E-05
0.325973 0.0509183 0.0589939 0.4167 9.9982E-05 0.0485198 0.0749533 0.0237425 9.9982E-05
0.579093 9.9982E-05 0.0287001 0.26883 9.9982E-05 0.0135352 0.0452994 0.0606515 0.0036908
0.708004 9.9964E-05 9.9964E-05 0.135845 0.00322101 9.9964E-05 0.0251345 0.127396 9.9964E-05
0.854814 9.9955E-05 0.0035226 0.0952146 9.9955E-05 9.9955E-05 9.9955E-05 0.0459494 9.9955E-05
0.979573 9.9937E-05 9.9937E-05 9.9937E-05 9.9937E-05 9.9937E-05 9.9937E-05 0.0197277 9.9937E-05
0.891629 9.9955E-05 9.9955E-05 0.0400183 0.0234524 9.9955E-05 9.9955E-05 0.0444009 9.9955E-05
0.966108 9.9946E-05 9.9946E-05 9.9946E-05 0.00914472 9.9946E-05 9.9946E-05 0.0241472 9.9946E-05
0.547051 0.012944 0.00619818 0.246549 9.9991E-05 0.0186591 0.0424624 0.117204 0.00883228
0.932086 9.9955E-05 9.9955E-05 0.0255713 0.0274113 0.0144316 9.9955E-05 9.9955E-05 9.9955E-05
0.00313261 0.513696 9.9973E-05 9.9973E-05 0.190705 9.9973E-05 0.188689 0.0347418 0.0687364
0.105916 0.3924 0.0155566 0.247547 9.9973E-05 9.9973E-05 0.186432 0.0518477 9.9973E-05
0.00956545 0.319755 9.9982E-05 0.357144 0.036589 9.9982E-05 0.102026 0.137544 0.0371764
0.0541701 0.513036 9.9982E-05 0.0891498 0.0939392 9.9982E-05 0.109296 0.116887 0.0233215
0.059624 0.172891 0.02755 0.410166 0.0210489 0.0458198 0.122385 0.0755614 0.0649539
0.0130727 0.465045 9.9991E-05 0.00757661 0.0995006 0.00606495 0.128427 0.216701 0.0635122
0.0228288 0.158958 0.033991 0.429097 0.0801878 9.9991E-05 0.126051 0.0918127 0.0569743
0.117493 0.392148 9.9982E-05 0.245036 0.0678773 9.9982E-05 0.0946597 0.071505 0.0110803
0.00250988 0.240554 9.9982E-05 0.433222 0.0787142 9.9982E-05 0.064849 0.167932 0.0120181
0.0179663 0.339191 9.9982E-05 0.277296 0.0135149 0.0244679 0.142168 0.185196 9.9982E-05
0.0798036 0.208153 0.00122071 0.385238 0.0815379 0.0291469 0.113194 0.0585634 0.0431428
0.000364601 0.0196204 0.00220774 0.0605858 0.048485 0.000109204 0.868427 9.9982E-05 9.9982E-05
0.0580391 0.0210543 9.9973E-05 9.9973E-05 0.00182746 9.9973E-05 0.881086 0.0186875 0.0190061
9.9964E-05 9.9964E-05 0.0171749 0.0215781 0.0242505 9.9964E-05 0.935726 9.9964E-05 0.000870693
9.9946E-05 9.9946E-05 9.9946E-05 9.9946E-05 0.0744638 0.000746281 0.92419 9.9946E-05 9.9946E-05
9.9955E-05 9.9955E-05 0.0222159 0.0678751 0.036668 9.9955E-05 0.872741 9.9955E-05 9.9955E-05
9.9946E-05 9.9946E-05 9.9946E-05 9.9946E-05 0.0167541 9.9946E-05 0.930833 0.0518136 9.9946E-05
0.0432552 9.9955E-05 9.9955E-05 0.0372743 0.0197161 9.9955E-05 0.899255 9.9955E-05 9.9955E-05
9.9964E-05 9.9964E-05 0.0240051 0.0297288 0.0213296 9.9964E-05 0.91584 0.00869636 9.9964E-05
0.0369331 0.0271813 9.9973E-05 0.0126033 0.0233867 0.014251 0.885345 9.9973E-05 9.9973E-05
9.9955E-05 9.9955E-05 0.0147866 9.9955E-05 0.071031 9.9955E-05 0.856798 0.0568845 9.9955E-05
9.9964E-05 0.095459 0.253516 9.9964E-05 9.9964E-05 0.0554083 0.585462 0.00975464 9.9964E-05
9.9973E-05 0.0235506 0.344644 9.9973E-05 0.0175007 0.00832316 0.589141 9.9973E-05 0.0165405
9.9973E-05 0.103446 0.301219 9.9973E-05 0.0245866 0.0396399 0.510607 9.9973E-05 0.0202015
9.9955E-05 0.154162 0.362356 9.9955E-05 9.9955E-05 0.0377259 0.445257 9.9955E-05 9.9955E-05
0.0284224 0.0209036 0.13102 0.489131 0.0189736 0.275482 0.035867 9.9982E-05 9.9982E-05
0.0188874 9.9982E-05 0.0894463 0.460084 9.9982E-05 0.307 0.0568516 0.0124638 0.0550665
0.00785869 9.9973E-05 0.211288 0.559262 9.9973E-05 0.167888 0.0397482 0.0136556 9.9973E-05
9.9955E-05 9.9955E-05 0.258168 0.41539 9.9955E-05 0.29839 0.0275517 9.9955E-05 9.9955E-05
0.0116991 0.101065 0.590787 0.206597 9.9973E-05 0.0462112 9.9973E-05 9.9973E-05 0.0433413
9.9964E-05 9.9964E-05 0.0199156 0.682545 9.9964E-05 0.203207 0.0838621 9.9964E-05 0.0100704
0.0384484 9.9955E-05 0.123008 0.582761 9.9955E-05 0.255283 9.9955E-05 9.9955E-05 9.9955E-05
9.9982E-05 0.0292411 0.0213381 0.549399 0.0308718 0.284061 9.9982E-05 0.00686304 0.0780258
9.9955E-05 9.9955E-05 9.9955E-05 0.388814 9.9955E-05 0.505214 9.9955E-05 0.0220109 0.0834613
0.000346747 0.0246861 0.0769855 0.636633 0.0197293 0.0998211 0.0735072 0.0203409 0.0479505
9.9955E-05 9.9955E-05 0.0794045 0.450385 9.9955E-05 0.442395 0.0273156 9.9955E-05 9.9955E-05
0.00304744 9.9946E-05 9.9946E-05 9.9946E-05 9.9946E-05 0.842936 9.9946E-05 9.9946E-05 0.153417
0.00369448 0.00883486 0.154653 0.584674 0.0249104 0.0962035 0.0647869 0.0120891 0.0501533
9.9964E-05 0.0286046 9.9964E-05 0.160885 0.0406234 0.675434 9.9964E-05 9.9964E-05 0.094053
9.9973E-05 9.9973E-05 0.00168171 0.537094 9.9973E-05 0.344521 0.06557 0.00244074 0.0483932
9.9955E-05 9.9955E-05 0.168867 0.183862 9.9955E-05 0.629428 0.0173434 9.9955E-05 9.9955E-05
9.9946E-05 0.168697 0.697475 9.9946E-05 9.9946E-05 9.9946E-05 0.133228 9.9946E-05 9.9946E-05
9.9955E-05 0.202424 0.661319 0.0302104 9.9955E-05 9.9955E-05 0.105547 9.9955E-05 9.9955E-05
9.9955E-05 0.212814 0.693988 0.00886755 9.9955E-05 9.9955E-05 0.0838308 9.9955E-05 9.9955E-05
9.9946E-05 0.170567 0.71979 9.9946E-05 9.9946E-05 9.9946E-05 0.109043 9.9946E-05 9.9946E-05
9.9955E-05 0.135917 0.725897 0.0920927 9.9955E-05 9.9955E-05 0.0455943 9.9955E-05 9.9955E-05
0.0365705 0.17416 0.66553 0.064718 9.9964E-05 9.9964E-05 0.0586218 9.9964E-05 9.9964E-05
0.0416615 9.9982E-05 0.012967 0.000824314 9.9982E-05 0.0448258 0.861521 0.0320321 0.00596795
9.9955E-05 9.9955E-05 9.9955E-05 0.133813 0.0634983 0.00640425 0.795785 9.9955E-05 9.9955E-05
0.0341774 9.9982E-05 9.9982E-05 0.12273 0.0513494 0.0111998 0.758385 0.0176127 0.00434542
0.0868884 9.9964E-05 0.00978738 0.00780734 9.9964E-05 0.0661535 0.828964 9.9964E-05 9.9964E-05
0.0406047 9.9964E-05 9.9964E-05 0.129072 0.0343885 9.9964E-05 0.767606 0.0279288 9.9964E-05
9.9946E-05 0.119669 0.487482 9.9946E-05 9.9946E-05 9.9946E-05 0.392249 9.9946E-05 9.9946E-05
9.9964E-05 0.0503103 0.4956 9.9964E-05 9.9964E-05 9.9964E-05 0.404992 0.0439649 0.00473301
9.9964E-05 0.0407686 0.499425 9.9964E-05 9.9964E-05 9.9964E-05 0.405936 0.0470486 0.00642153
0.036482 9.9964E-05 0.019146 0.0918507 9.9964E-05 9.9964E-05 0.84149 9.9964E-05 0.0106319
9.9964E-05 0.0471568 0.500768 9.9964E-05 9.9964E-05 0.0200141 0.38246 9.9964E-05 0.0492012
0.0638492 0.0366723 9.9973E-05 0.239353 0.164909 9.9973E-05 0.132565 0.362352 9.9973E-05
0.0449252 0.0639748 0.0300096 0.477732 0.0440607 9.9982E-05 0.086916 0.252182 9.9982E-05
0.121574 9.9955E-05 9.9955E-05 0.483576 9.9955E-05 9.9955E-05 0.181299 0.213051 9.9955E-05
0.0580026 0.0773987 9.9991E-05 0.256325 0.0461878 0.0108347 0.201444 0.334801 0.0149059
0.0778474 0.0423201 0.0512248 0.511996 0.0470823 0.0300613 0.15785 0.0815179 9.9991E-05
9.9964E-05 0.0562168 9.9964E-05 9.9964E-05 0.248459 9.9964E-05 0.280302 0.408722 0.00589986
9.9982E-05 0.0274109 0.381058 0.470408 0.00608487 0.0622322 0.00546871 9.9982E-05 0.0471377
9.9973E-05 0.078203 0.204187 0.445323 0.0583353 0.0621895 9.9973E-05 9.9973E-05 0.151462
9.9973E-05 0.0648792 0.51928 0.289348 0.0120009 0.0819258 9.9973E-05 9.9973E-05 0.0322657
9.9973E-05 0.050797 0.140297 0.530496 0.0282237 0.0858464 9.9973E-05 9.9973E-05 0.16404
9.9964E-05 0.147985 0.317452 9.9964E-05 0.0577644 0.121302 9.9964E-05 9.9964E-05 0.355097
0.0314759 0.0833565 0.117359 0.55923 0.0525484 0.0494961 0.0749494 0.021427 0.0101585
0.0247609 0.115824 0.12346 0.557634 0.0340871 0.0186117 9.9982E-05 9.9982E-05 0.125423
9.9982E-05 0.0153836 0.475843 0.337078 0.053131 0.0533481 0.0219079 9.9982E-05 0.0431085
9.9991E-05 0.0359778 0.166939 0.561453 0.0535502 0.0540816 0.0646024 0.0277218 0.0355733
9.9973E-05 0.1845 0.293113 0.120782 0.0632403 0.174424 9.9973E-05 9.9973E-05 0.163641
9.9982E-05 0.0190489 0.169223 0.585123 0.0574471 0.03231 0.00418755 9.9982E-05 0.13246
0.00546189 0.053314 0.303199 0.510697 0.0258621 0.0397215 0.0193544 9.9991E-05 0.0422909
0.0406777 0.00684677 0.110957 0.400961 0.117209 0.0874826 0.0515604 0.134744 0.0495616
9.9973E-05 0.0229042 0.253297 0.348643 0.129378 0.11758 9.9973E-05 9.9973E-05 0.127898
9.9982E-05 0.0654013 0.231682 0.398617 0.0780345 0.0741175 9.9982E-05 0.00974851 0.142199
0.0121268 0.017575 0.150533 0.602665 0.036955 0.0425367 0.0112731 9.9991E-05 0.126235
9.9973E-05 0.0950442 0.16804 0.552053 0.0735888 0.0257466 9.9973E-05 9.9973E-05 0.0852279
0.0422005 0.0837093 0.0592038 0.632338 0.0216614 0.0534952 0.0338605 0.00532782 0.0682041
0.0336669 9.9991E-05 0.137871 0.552734 0.0869768 0.0816977 0.068669 0.0245229 0.0137612
9.9982E-05 9.9982E-05 0.181018 0.592481 0.041498 0.0799109 0.0739634 0.00659763 0.0243311
0.0552727 9.9946E-05 9.9946E-05 0.112377 9.9946E-05 9.9946E-05 0.83175 9.9946E-05 9.9946E-05
0.00587298 9.9946E-05 9.9946E-05 0.12557 9.9946E-05 9.9946E-05 0.867957 9.9946E-05 9.9946E-05
9.9955E-05 0.0462722 9.9955E-05 0.045977 0.0392094 9.9955E-05 0.868042 9.9955E-05 9.9955E-05
0.0800095 9.9964E-05 9.9964E-05 0.00682962 9.9964E-05 0.00935922 0.897537 9.9964E-05 0.00586464
9.9937E-05 9.9937E-05 9.9937E-05 0.102473 9.9937E-05 9.9937E-05 0.896827 9.9937E-05 9.9937E-05
9.9982E-05 0.0228878 0.593413 0.140204 0.0906929 0.0960519 0.0119299 0.0446209 9.9982E-05
9.9991E-05 0.0038633 0.191672 0.534431 0.0752304 0.0169259 0.0157081 0.0715055 0.0905642
0.0292198 0.126255 0.0179001 0.314382 0.0600639 9.9982E-05 0.0910913 0.360888 9.9982E-05
0.0471708 0.0182774 0.164406 0.610702 0.0025111 0.0577396 0.0364808 0.00683108 0.0558817
9.9973E-05 9.9973E-05 0.274478 0.546625 0.0482323 0.108188 0.00301928 0.019157 9.9973E-05
9.9973E-05 0.0420723 0.26194 0.291058 0.158016 0.0730171 9.9973E-05 9.9973E-05 0.173597
9.9973E-05 9.9973E-05 0.722476 0.0406714 0.0591513 0.0958469 0.0436889 9.9973E-05 0.037866
0.000834823 9.9973E-05 0.319654 0.504602 0.0387002 0.0888292 0.0470806 9.9973E-05 9.9973E-05
0.0556892 0.0328851 0.58556 0.263955 0.0508355 9.9973E-05 0.0107749 9.9973E-05 9.9973E-05
9.9982E-05 0.0724393 0.222181 0.454436 0.0389347 0.162344 9.9982E-05 0.0281521 0.021313
9.9982E-05 0.0309869 0.59473 0.202817 0.0534585 0.00132311 0.0576907 9.9982E-05 0.0587942
0.046645 0.00390193 0.212865 0.566758 0.00534323 0.0449684 0.0861487 0.00402279 0.0293476
0.00260585 0.00408663 0.554135 0.194297 0.101766 0.129648 0.0132616 9.9982E-05 9.9982E-05
0.00453555 0.0350945 0.291121 0.234056 0.0376723 0.122383 9.9991E-05 0.140255 0.134783
0.0277953 0.213086 0.0391339 0.488729 0.0404921 0.00978052 0.0615192 0.0396176 0.0798468
9.9973E-05 0.517224 0.0615322 0.255988 0.0249928 0.0425344 9.9973E-05 9.9973E-05 0.0974286
9.9973E-05 0.381484 0.0581042 0.489686 0.0289251 9.9973E-05 9.9973E-05 0.0265186 0.0149817
9.9991E-05 0.224585 0.0470515 0.497408 0.0729621 0.028625 0.0670049 0.0439522 0.018312
9.9973E-05 0.574235 0.0309285 0.200708 0.0728121 0.0759609 9.9973E-05 9.9973E-05 0.0450558
0.0330403 0.182344 0.0721708 0.497437 0.029509 0.0656993 0.0715119 9.9991E-05 0.0481879
9.9982E-05 0.356245 0.070178 0.464448 0.0238614 9.9982E-05 0.0231207 0.00279454 0.0591522
9.9964E-05 0.561439 9.9964E-05 0.0617795 0.0497867 0.134089 9.9964E-05 9.9964E-05 0.192506
9.9964E-05 0.748328 9.9964E-05 0.103092 0.0312594 0.0455226 9.9964E-05 9.9964E-05 0.0713981
9.9982E-05 0.435995 0.0641838 0.395435 0.0240291 0.0306483 0.000157147 9.9982E-05 0.0493517
9.9964E-05 0.652011 0.0206505 9.9964E-05 0.0133269 0.19602 9.9964E-05 9.9964E-05 0.117592
9.9964E-05 0.452295 0.0764765 0.399062 0.013556 0.0582106 9.9964E-05 9.9964E-05 9.9964E-05
0.00408378 9.9982E-05 0.667806 0.167052 0.0327209 0.0979327 9.9982E-05 0.0227073 0.00749707
0.0222759 9.9982E-05 0.30143 0.210492 0.087414 0.0601681 9.9982E-05 0.0304413 0.287578
0.0227625 9.9982E-05 0.413344 0.415668 9.9982E-05 0.00910766 0.0400314 0.0379071 0.0609798
0.0343355 0.0087892 0.236058 0.534329 0.02413 0.0828251 0.0136162 0.0658169 9.9991E-05
0.031612 9.9973E-05 0.529806 0.239045 0.0238713 0.170394 9.9973E-05 0.00497268 9.9973E-05
9.9982E-05 0.0660121 0.162063 0.572637 0.0898513 9.9982E-05 0.0319876 0.0371109 0.040138
0.00257851 9.9982E-05 0.238337 0.628702 0.0248601 0.0155609 0.0536659 9.9982E-05 0.0360947
0.0367549 0.00347793 0.232257 0.551429 0.0872487 0.0489855 9.9982E-05 9.9982E-05 0.0396475
0.0204654 9.9982E-05 0.26002 0.472998 0.0396411 0.0681583 9.9982E-05 0.0969643 0.0415528
0.0118968 9.9973E-05 0.426197 0.511429 0.0247086 0.00889213 9.9973E-05 9.9973E-05 0.0165773
9.9973E-05 9.9973E-05 0.489151 0.313049 0.0515618 0.103694 9.9973E-05 0.0170459 0.0251975
0.0412583 9.9964E-05 0.425818 0.435508 9.9964E-05 0.0318949 9.9964E-05 9.9964E-05 0.0651205
9.9964E-05 9.9964E-05 0.203877 0.620241 0.0910646 0.0397868 9.9964E-05 9.9964E-05 0.044631
0.0538045 0.010072 0.0789655 0.625729 0.0604983 0.0743294 0.0308254 9.9991E-05 0.0656758
9.9973E-05 9.9973E-05 0.245157 0.307699 0.110727 0.0964201 9.9973E-05 0.148505 0.0911915
0.0468812 0.00120669 0.221539 0.458761 0.0416688 0.0867965 9.9991E-05 0.0502422 0.0928049
0.0192037 9.9973E-05 0.457807 0.416885 0.0375309 0.0594135 0.00886043 9.9973E-05 9.9973E-05
0.0114369 9.9991E-05 0.256211 0.550448 0.0235323 0.0697317 0.0412559 0.0120515 0.0352331
0.0863912 9.9982E-05 0.271071 0.447623 0.00837007 0.0595534 0.058936 9.9982E-05 0.0678548
9.9991E-05 0.056458 0.182484 0.577707 0.0550768 0.0199176 0.0329284 0.0496727 0.0256553
0.0636071 0.0184694 0.0264221 0.452197 0.0833593 9.9982E-05 0.280041 0.0757043 9.9982E-05
0.0376222 0.0187741 0.052853 0.494867 0.0769451 9.9991E-05 0.102932 0.182989 0.0329169
9.9991E-05 0.0970372 0.0233519 0.426409 0.0603572 0.0365443 0.138399 0.178064 0.0397382
0.0313326 0.0613635 0.0196498 0.529573 0.082344 0.00172532 0.0963997 0.127141 0.0504705
0.0220014 0.0524948 0.00683847 0.387127 0.111382 0.0526217 0.0878758 0.2768 0.00285842
9.9964E-05 0.101478 0.19819 0.486804 0.0211896 9.9964E-05 9.9964E-05 9.9964E-05 0.191939
0.0950702 0.0462927 0.0305896 0.512341 0.109149 0.0390591 0.0966806 0.0520804 0.0187372
0.0372795 0.173213 0.102687 0.00602787 0.252927 0.0737483 0.107407 0.167385 0.0793246
9.9991E-05 0.0289831 0.063946 0.503795 0.0763585 0.0156874 0.0635676 0.208088 0.0394745
0.113423 0.00360608 0.0467942 0.530569 0.0814818 0.010067 0.134256 0.0551015 0.0247013
0.0404366 0.0451672 0.0366128 0.532977 0.0780513 0.0470078 0.0860861 0.119863 0.0137979
9.9991E-05 0.0889462 0.0600644 0.288295 0.170153 0.0648003 0.0886045 0.136138 0.102899
0.072486 0.0589827 0.0289585 0.540517 0.0648258 0.00220051 0.144152 0.0733468 0.0145306
9.9973E-05 9.9973E-05 0.0283991 0.447865 0.051154 9.9973E-05 0.0831676 0.290072 0.0990426
9.9964E-05 0.0808234 9.9964E-05 9.9964E-05 0.43459 9.9964E-05 0.341941 0.139949 0.00229718
0.0621757 9.9982E-05 0.0482149 0.533541 0.0435563 0.037563 0.167245 0.107504 9.9982E-05
0.0334193 9.9982E-05 9.9982E-05 0.5323 0.0888923 0.0167949 0.1338 0.166264 0.0283282
0.0491442 0.0616644 0.0144422 0.566622 0.0574384 0.00956702 0.102841 0.0457369 0.0925439
0.0313241 9.9964E-05 9.9964E-05 0.539348 0.096624 9.9964E-05 0.0935393 0.238765 9.9964E-05
0.0470982 0.121593 0.0301855 0.474324 0.00438851 0.0108483 0.157945 0.120898 0.0327201
0.0148931 0.00381777 9.9973E-05 0.438769 9.9973E-05 0.054692 0.0569167 9.9973E-05 0.430611
0.0424648 0.00652694 0.0423218 0.477998 9.9991E-05 0.107675 0.0543494 0.0528454 0.215719
9.9946E-05 9.9946E-05 0.0660714 9.9946E-05 9.9946E-05 0.0251911 9.9946E-05 9.9946E-05 0.908138
9.9946E-05 0.0343682 0.024247 9.9946E-05 9.9946E-05 9.9946E-05 9.9946E-05 9.9946E-05 0.940785
9.9982E-05 0.00462932 0.0160194 0.524132 0.0395524 0.0118848 0.090294 9.9982E-05 0.313289
0.150135 0.0872933 0.024872 0.30022 0.0201797 9.9991E-05 0.0853999 0.240753 0.0910469
0.0255167 9.9973E-05 9.9973E-05 0.238871 0.00914965 9.9973E-05 0.0795762 0.439263 0.207324
0.0633718 9.9973E-05 9.9973E-05 0.125323 0.0983196 9.9973E-05 0.0841998 0.360275 0.268211
0.0308025 9.9973E-05 9.9973E-05 0.32993 0.0989099 9.9973E-05 0.0849967 0.280011 0.17505
9.9973E-05 0.0427045 9.9973E-05 0.0610233 0.0982269 9.9973E-05 0.0506638 0.0620177 0.685064
9.9964E-05 9.9964E-05 9.9964E-05 0.104167 0.109588 9.9964E-05 0.049334 0.0791979 0.657313
0.0174044 9.9964E-05 9.9964E-05 0.526788 9.9964E-05 9.9964E-05 0.0100491 0.0740875 0.371271
0.0997941 9.9955E-05 9.9955E-05 0.341261 9.9955E-05 9.9955E-05 0.0745667 9.9955E-05 0.483878
0.044383 9.9973E-05 9.9973E-05 0.212632 0.0230201 9.9973E-05 0.0345241 0.00369022 0.681451
0.027449 0.00514176 0.0510323 0.552288 0.0181493 9.9991E-05 0.0565354 0.0325003 0.256804
0.0265539 0.013843 9.9973E-05 0.537047 9.9973E-05 9.9973E-05 0.0379091 0.073894 0.310454
0.0870108 0.0755567 9.9964E-05 0.489879 9.9964E-05 9.9964E-05 0.0660538 9.9964E-05 0.2811
9.9946E-05 9.9946E-05 9.9946E-05 0.312358 9.9946E-05 9.9946E-05 0.0306348 9.9946E-05 0.656408
9.9964E-05 9.9964E-05 0.0566509 0.385279 9.9964E-05 0.00945321 0.0577671 9.9964E-05 0.49045
9.9982E-05 0.00267585 0.0565415 0.519848 9.9982E-05 0.0317443 0.0501539 0.0179973 0.320839
9.9982E-05 0.0200951 0.110149 0.465498 9.9982E-05 0.0101046 0.0420473 0.00416765 0.347738
0.070182 9.9982E-05 0.0477696 0.433513 9.9982E-05 0.0731478 0.104092 0.0470044 0.224091
9.9982E-05 0.0299884 0.0124149 0.441784 0.00422042 0.0330557 0.013387 9.9982E-05 0.46495
9.9955E-05 9.9955E-05 0.0326326 0.162309 9.9955E-05 0.0159031 9.9955E-05 9.9955E-05 0.788656
9.9964E-05 0.00180326 9.9964E-05 0.609032 9.9964E-05 9.9964E-05 0.00488055 0.0136284 0.370256
0.00863432 9.9955E-05 0.060944 0.143012 9.9955E-05 9.9955E-05 9.9955E-05 9.9955E-05 0.78691
9.9946E-05 9.9946E-05 9.9946E-05 0.421082 9.9946E-05 9.9946E-05 0.0494906 9.9946E-05 0.528827
9.9973E-05 0.00669568 0.00668718 0.534805 9.9973E-05 0.0191231 0.0898202 9.9973E-05 0.342568
0.0010992 0.0456494 0.0285675 0.495919 9.9991E-05 0.0221477 0.072028 0.0386894 0.2958
0.074664 0.054594 0.0473717 0.415481 0.00119649 0.0149402 0.12123 0.161971 0.108552
0.09594 0.0113731 0.059126 0.470817 0.0560703 0.0147605 0.156509 9.9991E-05 0.135304
0.10839 0.0652143 9.9991E-05 0.264896 0.077491 0.0344394 0.13571 0.265857 0.0479015
0.1679 0.0750863 0.0114488 0.281592 0.0609734 0.034665 0.140967 0.134938 0.0924297
0.0821121 0.0757019 0.0522518 0.413308 0.0586953 0.0373493 0.126395 0.150887 0.00329934
0.0709719 0.0738516 0.0613535 0.375242 0.0377542 0.021984 0.100725 0.132975 0.125143
9.9955E-05 9.9955E-05 9.9955E-05 9.9955E-05 0.00152109 9.9955E-05 0.147361 0.170974 0.679644
0.0857984 0.035083 9.9991E-05 0.47832 0.000186632 0.00903364 0.0928937 0.179324 0.11926
9.9955E-05 9.9955E-05 9.9955E-05 9.9955E-05 0.210802 9.9955E-05 0.237954 0.136525 0.41422
0.0423911 9.9964E-05 9.9964E-05 0.47016 9.9964E-05 9.9964E-05 0.0633712 0.139086 0.284593
9.9937E-05 9.9937E-05 9.9937E-05 0.0844265 9.9937E-05 9.9937E-05 9.9937E-05 9.9937E-05 0.914874
9.99369E-05 9.99369E-05 9.99369E-05 9.99369E-05 9.99369E-05 0.0618077 9.99369E-05 9.99369E-05 0.937493
9.9937E-05 9.9937E-05 9.9937E-05 0.477972 9.9937E-05 9.9937E-05 9.9937E-05 9.9937E-05 0.521328
0.0166182 9.9955E-05 9.9955E-05 0.589559 9.9955E-05 9.9955E-05 0.00917591 9.9955E-05 0.384147
9.9937E-05 9.9937E-05 9.9937E-05 0.372712 9.9937E-05 9.9937E-05 9.9937E-05 9.9937E-05 0.626588
9.9946E-05 9.9946E-05 9.9946E-05 0.564502 9.9946E-05 0.00344937 9.9946E-05 9.9946E-05 0.431449
9.9937E-05 9.9937E-05 9.9937E-05 0.538825 9.9937E-05 9.9937E-05 9.9937E-05 9.9937E-05 0.460476
0.0188532 9.9973E-05 0.0655327 0.0231313 0.00758862 9.9973E-05 0.843548 9.9973E-05 0.0410463
0.0221652 0.0450919 0.0517913 0.0145791 0.0134499 0.0171671 0.73311 0.0648374 0.0378078
0.0387325 0.0203175 0.0226244 9.9973E-05 9.9973E-05 9.9973E-05 0.897975 0.0144904 0.00555978
9.9946E-05 9.9946E-05 9.9946E-05 0.0412533 0.0542755 9.9946E-05 0.903872 9.9946E-05 9.9946E-05
9.9964E-05 9.9964E-05 9.9964E-05 0.545681 0.0405054 0.322123 0.0336299 0.05766 9.9964E-05
9.9964E-05 9.9964E-05 0.081264 0.556634 0.0255024 0.290722 0.0454781 9.9964E-05 9.9964E-05
9.9955E-05 9.9955E-05 0.0166878 0.517783 9.9955E-05 0.417242 0.047787 9.9955E-05 9.9955E-05
0.0275643 0.0440303 0.053688 0.585222 9.9973E-05 0.213788 0.0754079 9.9973E-05 9.9973E-05
0.0616741 0.170906 0.0890475 0.509715 9.9982E-05 0.0689474 0.0641816 0.0353279 9.9982E-05
9.9955E-05 9.9955E-05 0.0915572 0.319118 9.9955E-05 0.542264 0.0465619 9.9955E-05 9.9955E-05
9.99586E-05 9.99586E-05 9.99586E-05 0.694685 9.99586E-05 0.268385 0.0273548 9.99586E-05 0.00907565
0.0130566 0.0553732 9.9973E-05 0.27199 0.0172443 0.569537 9.9973E-05 9.9973E-05 0.0724986
0.054802 0.0716514 0.0754895 0.333821 9.9973E-05 9.9973E-05 0.278943 0.184992 9.9973E-05
9.9973E-05 0.0571612 0.00841003 0.380611 9.9973E-05 0.366202 9.9973E-05 0.0849198 0.102396
9.9955E-05 9.9955E-05 0.0954354 0.380984 9.9955E-05 0.505689 0.0173919 9.9955E-05 9.9955E-05
0.0120043 0.0458853 9.9982E-05 0.514044 9.9982E-05 0.371364 0.00308513 0.0134117 0.0400066
0.0268005 9.9964E-05 0.113873 0.415814 9.9964E-05 0.435884 0.00722834 9.9964E-05 9.9964E-05
9.9955E-05 9.9955E-05 9.9955E-05 0.590034 9.9955E-05 0.325722 0.00113087 9.9955E-05 0.082613
9.9955E-05 9.9955E-05 9.9955E-05 0.522795 9.9955E-05 0.358657 0.0981158 0.0199326 9.9955E-05
9.9955E-05 0.041676 9.9955E-05 9.9955E-05 9.9955E-05 0.878348 9.9955E-05 0.0142336 0.0652427
0.00554873 0.0652495 9.9973E-05 0.340785 0.0136202 0.50935 9.9973E-05 9.9973E-05 0.0651466
0.0320548 9.9964E-05 9.9964E-05 0.356743 0.0337364 0.552347 9.9964E-05 9.9964E-05 0.0247185
9.9946E-05 9.9946E-05 9.9946E-05 9.9946E-05 0.0202987 0.863283 9.9946E-05 9.9946E-05 0.115819
9.9964E-05 0.0223593 0.0927301 0.435624 9.9964E-05 0.367649 0.0812384 9.9964E-05 9.9964E-05
9.9964E-05 0.204208 9.9964E-05 0.0513907 0.00787951 0.657221 9.9964E-05 9.9964E-05 0.0789008
9.9946E-05 9.9946E-05 9.9946E-05 9.9946E-05 0.0512073 0.873727 9.9946E-05 9.9946E-05 0.0744658
0.0270516 0.00913979 0.0191781 0.563323 0.00582698 0.30188 0.0361489 9.9991E-05 0.0373512
0.0092356 9.9964E-05 0.159 0.208139 9.9964E-05 0.565299 0.0579269 9.9964E-05 9.9964E-05
9.9973E-05 0.00218856 0.108817 0.479031 9.9973E-05 0.376399 0.0257279 0.00753692 9.9973E-05
9.9982E-05 0.0717651 0.0341718 0.513642 9.9982E-05 0.150776 0.102778 0.0818206 0.0448459
9.9964E-05 9.9964E-05 0.070922 0.507608 9.9964E-05 0.347782 0.0700908 0.00319729 9.9964E-05
9.9982E-05 0.0446409 0.275043 0.357596 0.0688581 0.0616582 9.9982E-05 0.0565624 0.135442
0.00438197 9.9964E-05 0.0778449 0.564037 9.9964E-05 0.305598 0.0477385 9.9964E-05 9.9964E-05
9.9964E-05 0.0412539 0.0933248 0.522493 9.9964E-05 0.318239 0.02429 9.9964E-05 9.9964E-05
0.0151692 0.0433349 9.9973E-05 0.309832 0.00412575 0.561871 9.9973E-05 9.9973E-05 0.0653677
9.9973E-05 9.9973E-05 0.107285 0.520585 0.0425635 0.215777 0.0616545 0.0518354 9.9973E-05
9.9946E-05 0.0704666 0.263517 9.9946E-05 9.9946E-05 9.9946E-05 0.665417 9.9946E-05 9.9946E-05
9.9973E-05 0.00635049 0.155816 9.9973E-05 0.0283891 0.0593271 0.749262 9.9973E-05 0.000555641
9.9955E-05 9.9955E-05 0.134113 9.9955E-05 0.0413273 0.00148286 0.822577 9.9955E-05 9.9955E-05
9.9946E-05 0.0449647 0.125613 9.9946E-05 9.9946E-05 9.9946E-05 0.828823 9.9946E-05 9.9946E-05
9.9955E-05 0.112309 0.140741 9.9955E-05 0.0198017 9.9955E-05 0.726648 9.9955E-05 9.9955E-05
9.9955E-05 9.9955E-05 0.159358 0.162189 9.9955E-05 0.630024 0.0479286 9.9955E-05 9.9955E-05
