9.9991E-05 0.895422 0.104478
9.999E-05 0.932718 0.0671819
9.999E-05 0.801172 0.198728
0.0243756 0.803799 0.171826
9.9991E-05 0.828558 0.171342
0.149273 0.702804 0.147922
0.0329117 0.86997 0.0971188
0.145777 0.787211 0.067012
0.0706356 0.929264 9.9991E-05
0.074478 0.738096 0.187426
0.140415 0.84459 0.0149948
0.760224 0.0999978 0.139778
0.617598 0.0262221 0.35618
0.686093 0.171427 0.14248
0.626097 0.106478 0.267425
0.495187 0.192574 0.312239
0.531059 0.023699 0.445242
0.649378 0.0496655 0.300957
0.585234 0.174822 0.239944
0.753781 0.246119 9.9991E-05
0.699959 0.0262783 0.273763
0.647684 0.0689378 0.283378
0.651521 9.9991E-05 0.348379
0.713117 0.0902439 0.196639
0.492319 0.0515341 0.456147
0.566259 0.0378799 0.395861
0.680195 0.174554 0.145251
0.606596 0.113383 0.280021
0.803916 0.119889 0.0761953
9.9991E-05 0.793887 0.206013
9.9991E-05 0.823774 0.176126
9.9991E-05 0.787259 0.212641
0.0208331 0.75166 0.227507
0.637481 0.00683829 0.35568
0.594797 0.0312464 0.373957
0.67709 9.9991E-05 0.32281
0.705114 0.255427 0.0394587
0.77951 9.9991E-05 0.22039
0.639009 0.121305 0.239686
0.563848 9.9991E-05 0.436052
0.545608 0.0804285 0.373964
0.581836 0.0439109 0.374253
0.896417 0.0746947 0.0288886
0.560088 0.0445372 0.395375
0.577411 9.9991E-05 0.422489
0.466264 0.154928 0.378808
0.803045 9.9991E-05 0.196855
0.57868 0.00261003 0.41871
0.541893 0.121061 0.337046
0.822075 0.177825 9.9991E-05
0.878644 0.0924156 0.0289409
0.832749 0.155972 0.0112796
0.548433 9.9991E-05 0.451467
0.545732 0.0634845 0.390784
0.533933 0.070898 0.395169
0.77781 0.202087 0.0201036
0.636172 0.0227175 0.34111
0.534672 0.0646145 0.400713
0.666303 0.1818 0.151897
0.662648 0.305837 0.0315152
0.574335 0.0386023 0.387062
0.626809 0.0587848 0.314406
0.843903 0.155997 9.9991E-05
0.732017 9.9991E-05 0.267883
0.585015 9.9991E-05 0.414885
0.553296 0.077829 0.368875
0.68539 0.117332 0.197278
0.723786 9.9991E-05 0.276114
0.560614 0.0123668 0.42702
0.805388 0.140198 0.0544135
0.699413 9.9991E-05 0.300487
0.90093 0.0159656 0.0831044
0.597724 0.0683527 0.333923
0.970864 0.0290355 9.9991E-05
0.9998 9.999E-05 9.999E-05
0.899444 9.9991E-05 0.100456
0.760605 9.9991E-05 0.239295
0.47852 0.0707919 0.450688
0.689056 9.9991E-05 0.310844
0.828055 0.101486 0.0704592
0.831623 0.0355378 0.13284
0.469108 0.09468 0.436212
0.788729 0.0587798 0.152491
0.711946 0.0389078 0.249146
0.815784 9.9991E-05 0.184116
0.916058 0.083842 9.9991E-05
0.638138 9.9991E-05 0.361762
0.00837465 0.818855 0.17277
9.9991E-05 0.889118 0.110782
9.9991E-05 0.826305 0.173595
9.9991E-05 0.882252 0.117648
9.9991E-05 0.846681 0.153219
9.9991E-05 0.868758 0.131142
9.9991E-05 0.865915 0.133985
0.537005 0.0453791 0.417615
0.524379 0.0452665 0.430354
0.9012 0.0986995 9.9991E-05
0.552907 0.0660531 0.38104
0.725808 0.0242379 0.249954
0.631828 9.9991E-05 0.368072
0.661127 9.9991E-05 0.338773
0.669283 9.9991E-05 0.330617
0.892115 0.107785 9.9991E-05
0.569501 0.118672 0.311828
0.523024 9.9991E-05 0.476876
0.551186 9.9991E-05 0.448714
0.849605 9.9991E-05 0.150295
0.721229 9.9991E-05 0.278671
0.652284 0.0356585 0.312057
0.752217 9.9991E-05 0.247683
0.671688 0.100695 0.227618
0.61269 0.0291184 0.358192
0.749773 0.175221 0.0750061
0.585977 0.126421 0.287602
0.55715 0.0804254 0.362425
0.553328 0.021271 0.425401
0.651017 0.0776625 0.27132
0.653263 9.9991E-05 0.346637
0.684397 0.027712 0.287891
0.664218 9.9991E-05 0.335682
0.562899 0.0473409 0.38976
0.656549 0.026385 0.317067
0.750085 0.0364547 0.213461
0.553304 0.0254851 0.421211
0.517816 0.0824426 0.399741
0.609834 9.9991E-05 0.390066
0.58743 0.0101134 0.402456
0.570493 9.9991E-05 0.429407
0.652276 0.161441 0.186283
0.608564 9.9991E-05 0.391336
0.599705 9.9991E-05 0.400195
0.738681 0.0991544 0.162164
0.763454 0.173637 0.0629092
0.603709 0.0408621 0.355429
0.910902 0.0412166 0.0478818
0.787468 0.125387 0.0871454
0.756683 0.0290727 0.214244
0.801467 0.13382 0.0647126
0.80852 0.0805821 0.110898
0.563486 0.0532611 0.383253
0.490276 0.089829 0.419895
0.653115 0.109643 0.237242
0.779761 0.138875 0.0813648
0.50515 0.177829 0.317021
0.615403 0.0865521 0.298045
0.72136 0.27854 9.9991E-05
0.546532 0.046635 0.406833
0.700382 0.0743232 0.225295
0.577666 0.0380588 0.384275
0.735488 0.144236 0.120277
0.775119 0.176357 0.0485236
0.735696 0.0558729 0.208431
0.578481 0.0804759 0.341043
0.51882 0.176152 0.305027
0.678431 0.227782 0.0937864
0.629012 0.0314825 0.339505
0.858975 9.9991E-05 0.140925
0.752304 9.9991E-05 0.247596
0.499495 0.0995662 0.400939
0.237823 0.374874 0.387303
0.0897483 0.72427 0.185982
0.173713 0.681555 0.144732
0.117849 0.46831 0.413841
0.654523 9.9991E-05 0.345377
0.630044 0.0697908 0.300165
0.128293 9.9991E-05 0.871607
0.31946 0.0505619 0.629978
0.291209 0.112803 0.595988
0.789231 0.00669051 0.204078
0.572495 0.0527498 0.374755
0.76321 0.114344 0.122446
0.639716 9.9991E-05 0.360184
0.678084 0.0479035 0.274013
0.653611 9.9991E-05 0.346289
0.833825 0.0739657 0.0922089
0.555571 0.0159753 0.428454
0.595387 9.9991E-05 0.404513
9.9991E-05 0.0300465 0.969854
9.9991E-05 0.0169209 0.982979
0.172887 0.0899734 0.737139
0.034996 0.0536771 0.911327
0.0071491 0.108775 0.884076
9.9991E-05 0.0525176 0.947382
9.9991E-05 0.0821465 0.917754
9.999E-05 9.999E-05 0.9998
9.999E-05 9.999E-05 0.9998
9.9991E-05 0.0324263 0.967474
9.9991E-05 0.0606507 0.939249
9.9991E-05 0.110557 0.889343
9.9991E-05 0.13586 0.86404
9.9991E-05 0.0544118 0.945488
0.345674 0.0622318 0.592094
0.0965537 0.0773978 0.826049
0.0175726 0.0766299 0.905797
9.9991E-05 0.0969257 0.902974
9.9991E-05 0.0447855 0.955114
9.9991E-05 0.0905207 0.909379
9.9991E-05 0.0381549 0.961745
0.12789 0.115808 0.756302
9.9991E-05 0.0597049 0.940195
0.442393 0.505 0.0526069
0.52881 0.212078 0.259112
0.447392 0.21053 0.342079
0.459387 0.315068 0.225545
0.493467 0.0427955 0.463737
0.393089 0.373525 0.233386
0.477118 0.144567 0.378315
0.479846 0.14921 0.370944
0.423897 0.172409 0.403695
0.291842 0.277957 0.430201
0.442659 0.141315 0.416027
0.0947511 0.820393 0.0848562
9.9991E-05 0.884847 0.115053
9.9991E-05 0.956205 0.0436947
9.9991E-05 0.930918 0.068982
9.9991E-05 0.895449 0.104451
9.9991E-05 0.868389 0.131511
9.9991E-05 0.865437 0.134463
9.9991E-05 0.919358 0.0805421
9.9991E-05 0.908209 0.0916911
9.9991E-05 0.851031 0.148869
0.269275 0.730625 9.9991E-05
0.293229 0.706671 9.9991E-05
0.321479 0.678421 9.9991E-05
0.423326 0.576574 9.9991E-05
0.712164 9.9991E-05 0.287736
0.62373 9.9991E-05 0.37617
0.69926 9.9991E-05 0.30064
0.76588 0.062141 0.171979
0.842189 0.140778 0.0170329
0.518431 9.9991E-05 0.481469
0.681126 9.9991E-05 0.318774
0.680599 9.9991E-05 0.319301
0.737555 9.9991E-05 0.262345
0.617357 9.9991E-05 0.382543
0.811366 0.00355951 0.185075
0.956405 0.0434953 9.9991E-05
0.671643 0.0161808 0.312176
0.832143 9.9991E-05 0.167757
0.708513 9.9991E-05 0.291387
0.920663 0.0792375 9.9991E-05
0.674304 0.325596 9.9991E-05
0.696572 0.303328 9.9991E-05
0.701638 0.298262 9.9991E-05
0.688832 0.311068 9.9991E-05
0.748881 0.251019 9.9991E-05
0.678276 0.304834 0.0168899
9.9991E-05 0.83348 0.16642
9.9991E-05 0.849916 0.149984
9.9991E-05 0.750733 0.249167
0.0509324 0.7394 0.209667
9.9991E-05 0.787398 0.212502
0.44782 0.55208 9.9991E-05
0.367646 0.632254 9.9991E-05
0.432716 0.567184 9.9991E-05
9.9991E-05 0.789914 0.209986
0.444736 0.555164 9.9991E-05
0.209444 0.228419 0.562137
0.293755 0.133612 0.572632
0.218879 0.11414 0.666981
0.297837 0.265041 0.437122
0.371839 0.123693 0.504468
0.0582949 0.566683 0.375022
0.793405 0.0423161 0.164279
0.76113 0.0818511 0.157019
0.677472 0.205594 0.116933
0.740209 9.9991E-05 0.259691
0.908313 0.0915869 9.9991E-05
0.518233 0.0737495 0.408017
0.714361 0.0492861 0.236353
0.773761 0.115743 0.110496
0.612819 0.00963106 0.377549
0.910051 0.0898487 9.9991E-05
0.675836 0.0064246 0.317739
0.682135 9.9991E-05 0.317765
0.488783 0.140766 0.370451
0.813425 0.00106931 0.185506
0.720565 0.0337951 0.24564
0.693517 9.9991E-05 0.306383
0.756946 9.9991E-05 0.242954
0.580611 0.00485448 0.414534
0.528902 0.0861267 0.384971
0.547043 0.038224 0.414733
9.9991E-05 0.741171 0.258729
9.9991E-05 0.811471 0.188429
0.099166 0.822193 0.0786413
0.0395696 0.849431 0.110999
9.9991E-05 0.805902 0.193998
0.754801 0.159685 0.0855145
0.524986 0.119983 0.355031
0.394726 0.147907 0.457366
0.55143 9.9991E-05 0.44847
0.706762 0.0250786 0.26816
0.731568 0.072915 0.195517
0.687787 0.312113 9.9991E-05
0.669724 0.0382598 0.292016
0.721623 0.215024 0.0633526
0.693806 0.0394405 0.266754
0.721822 0.263593 0.0145854
0.467574 0.118725 0.413701
0.745451 0.210061 0.0444876
0.67323 0.100783 0.225986
0.604196 0.0875404 0.308263
0.731294 0.130922 0.137784
0.629669 0.0146861 0.355645
0.618785 0.051427 0.329788
0.789412 0.0543896 0.156199
0.593632 0.0893838 0.316985
0.678513 0.0325593 0.288928
0.944459 0.0554411 9.9991E-05
0.813439 0.0555438 0.131018
0.707403 9.9991E-05 0.292497
0.89033 0.10957 9.9991E-05
0.803907 9.9991E-05 0.195993
0.819862 0.179742 0.000395984
0.862536 9.9991E-05 0.137364
0.663076 0.0779068 0.259017
0.594467 9.9991E-05 0.405433
0.857607 0.0665365 0.0758562
0.52406 0.0548575 0.421083
0.618007 0.0617471 0.320246
0.587957 0.0527354 0.359307
0.62547 9.9991E-05 0.37443
0.631787 0.0906421 0.277571
0.795087 0.0724113 0.132502
0.707663 0.074945 0.217392
0.638409 9.9991E-05 0.361491
0.598846 9.9991E-05 0.401054
0.678581 0.0854719 0.235947
0.623137 9.9991E-05 0.376763
0.631486 0.168753 0.199761
0.639554 9.9991E-05 0.360346
0.61844 0.0325812 0.348979
0.532924 0.0401355 0.42694
0.250124 0.336521 0.413354
0.353096 0.10607 0.540834
0.441982 0.0963111 0.461707
0.491268 0.0170399 0.491692
0.269018 0.240015 0.490967
0.761354 9.9991E-05 0.238546
0.373166 0.115222 0.511612
0.474689 0.356062 0.169249
0.449891 0.0717638 0.478345
0.415321 0.073528 0.511151
0.448604 0.053153 0.498243
0.46943 0.186134 0.344436
0.35748 0.205872 0.436648
0.351031 0.100378 0.548592
0.158352 0.642342 0.199306
0.257283 0.202852 0.539865
0.410093 0.074986 0.514921
0.484722 0.0786512 0.436627
0.288123 0.0957168 0.616161
0.370187 0.127495 0.502318
0.585756 0.0804942 0.33375
0.561556 0.0440895 0.394354
0.941285 0.0586148 9.9991E-05
0.900715 0.0991848 9.9991E-05
0.634523 0.016138 0.349339
0.335255 0.120654 0.544091
0.253193 0.188008 0.558799
0.279503 0.273919 0.446578
0.281951 0.19789 0.520158
0.656403 0.197986 0.145611
0.577653 0.228887 0.193461
0.565324 9.9991E-05 0.434576
0.574348 0.0116235 0.414029
0.638265 0.116668 0.245067
0.562566 9.9991E-05 0.437334
0.520879 9.9991E-05 0.479021
0.488702 0.0780881 0.43321
0.843115 0.0568427 0.100043
0.767196 0.024941 0.207863
0.548509 0.0530449 0.398446
0.627664 0.102931 0.269405
0.615535 0.107848 0.276617
0.739548 9.9991E-05 0.260352
0.88093 0.00408333 0.114986
0.671095 9.9991E-05 0.328805
0.860723 0.00685656 0.13242
0.750786 9.9991E-05 0.249114
0.651207 9.9991E-05 0.348693
0.648218 9.9991E-05 0.351682
0.451646 0.0727003 0.475654
0.461501 0.129156 0.409344
0.333185 0.1988 0.468015
0.301341 0.232895 0.465764
0.445929 0.153585 0.400487
0.481681 0.0810362 0.437283
0.535345 0.342565 0.12209
0.410254 0.0624537 0.527292
0.31077 0.524539 0.164691
0.424421 0.0343804 0.541199
0.972507 0.00489415 0.0225991
0.931031 0.0688694 9.9991E-05
0.769029 9.9991E-05 0.230871
0.573309 9.9991E-05 0.426591
0.848959 9.9991E-05 0.150941
0.698966 9.9991E-05 0.300934
0.654994 9.9991E-05 0.344906
0.0346027 0.786964 0.178434
0.0678824 0.763794 0.168324
9.9991E-05 0.896389 0.103511
9.9991E-05 0.900191 0.0997089
0.65707 0.0274914 0.315439
0.571645 0.0158985 0.412457
0.750292 9.9991E-05 0.249608
0.582906 0.0121561 0.404938
0.545727 0.0608837 0.39339
0.824243 0.0418467 0.13391
0.588654 9.9991E-05 0.411246
0.822085 0.00852756 0.169387
0.313631 0.232895 0.453474
0.723472 9.9991E-05 0.276428
0.85917 0.0100085 0.130822
0.613504 9.9991E-05 0.386396
0.830272 9.9991E-05 0.169628
0.69219 9.9991E-05 0.30771
0.666858 9.9991E-05 0.333042
0.971356 9.9991E-05 0.0285437
0.829944 0.0273643 0.142692
0.833263 9.9991E-05 0.166637
0.988874 0.0110259 9.9991E-05
0.709207 0.0174973 0.273295
0.922124 0.0526885 0.025188
0.938678 0.061222 9.9991E-05
0.654327 9.9991E-05 0.345573
0.824183 0.0931298 0.0826872
0.677227 9.9991E-05 0.322673
0.581366 0.0159743 0.402659
0.710347 9.9991E-05 0.289553
0.773912 9.9991E-05 0.225989
0.654424 9.9991E-05 0.345476
0.697404 0.00979691 0.292799
0.838632 9.9991E-05 0.161268
0.650475 9.9991E-05 0.349425
0.291259 0.708641 9.9991E-05
0.145156 0.782146 0.072698
0.117176 0.882724 9.9991E-05
0.120806 0.879094 9.9991E-05
0.141255 0.814686 0.0440587
0.852629 0.0708325 0.0765387
0.866696 0.110298 0.0230062
0.912477 9.9991E-05 0.0874231
0.50283 0.0178827 0.479287
0.607043 0.0552205 0.337737
0.803851 0.0202485 0.175901
0.629681 9.9991E-05 0.370219
0.732816 9.9991E-05 0.267084
0.657611 9.9991E-05 0.342289
0.573228 9.9991E-05 0.426672
0.845748 0.0178721 0.13638
0.818313 9.9991E-05 0.181587
0.799088 9.9991E-05 0.200812
0.593471 0.0628893 0.34364
0.822244 9.9991E-05 0.177656
0.735205 9.9991E-05 0.264695
0.311883 0.0541878 0.633929
0.169438 0.109711 0.720851
0.120483 0.141295 0.738222
0.100025 0.174224 0.725751
0.276298 0.138728 0.584974
0.721061 9.9991E-05 0.278839
9.9991E-05 0.280166 0.719734
0.101445 0.207382 0.691173
0.45039 0.125365 0.424245
0.512947 0.125971 0.361082
0.579352 0.148564 0.272085
0.506795 0.0889525 0.404253
0.507734 0.0780318 0.414234
0.0557716 0.227979 0.71625
0.290913 0.0808176 0.628269
0.122674 0.0555452 0.821781
0.352616 0.066245 0.581139
0.125362 0.17612 0.698518
0.308327 0.104614 0.587059
0.0988986 0.196224 0.704878
0.292145 0.0682369 0.639618
0.629349 0.00651168 0.364139
0.199858 0.210662 0.58948
0.0080299 0.209888 0.782082
0.247027 0.129864 0.623109
0.687214 0.244325 0.0684606
0.533799 0.00626181 0.45994
0.251383 0.157887 0.59073
0.539361 0.0706882 0.389951
0.539086 0.16154 0.299374
0.303366 0.190346 0.506288
0.209817 0.227762 0.562421
0.459687 0.106393 0.43392
0.282784 0.113001 0.604215
0.149092 0.115501 0.735408
9.9991E-05 0.292517 0.707383
0.54551 0.0814295 0.37306
0.607405 0.142273 0.250322
0.614109 0.234825 0.151066
0.485655 0.0358325 0.478513
0.606891 0.165898 0.227212
0.42705 0.11302 0.459931
0.497387 0.0831757 0.419437
0.318205 0.496214 0.185581
0.372602 0.510999 0.1164
0.530605 0.228408 0.240987
0.269578 0.464153 0.266269
0.109909 0.562504 0.327587
0.454202 0.134721 0.411077
0.373712 0.255328 0.37096
0.334275 0.328357 0.337368
0.345325 0.441943 0.212731
0.461692 0.0719998 0.466308
0.48912 0.261377 0.249503
0.275181 0.661664 0.0631548
0.352625 0.164799 0.482576
0.365551 0.20983 0.424619
0.288682 0.261917 0.449401
0.228524 0.0936741 0.677802
0.310195 0.148524 0.541281
0.321692 0.127888 0.55042
0.189377 0.362765 0.447858
0.300156 0.176623 0.523222
0.173082 0.257539 0.569379
0.31412 0.21898 0.4669
0.516615 0.210526 0.272858
0.401954 0.173248 0.424798
0.368094 0.118464 0.513442
0.442355 0.103526 0.454118
0.185012 0.306089 0.508899
0.360135 0.167591 0.472274
0.216509 0.418531 0.364959
0.429248 0.0914163 0.479336
0.244705 0.26093 0.494365
0.116742 0.844199 0.0390589
0.772415 0.227485 9.9991E-05
0.737035 0.262865 9.9991E-05
0.717267 0.282633 9.9991E-05
0.785321 0.214579 9.9991E-05
0.753566 0.246334 9.9991E-05
0.789334 0.210566 9.9991E-05
0.71184 0.28806 9.9991E-05
0.534117 0.465783 9.9991E-05
9.9991E-05 0.906916 0.0929839
0.0674736 0.853951 0.0785752
9.9991E-05 0.870477 0.129423
0.116032 0.848997 0.0349716
9.9991E-05 0.892491 0.107409
9.9991E-05 0.939994 0.0599057
0.0024393 0.749798 0.247763
9.9991E-05 0.841406 0.158494
0.1478 0.731457 0.120742
9.9991E-05 0.87397 0.12593
9.9991E-05 0.981351 0.0185494
0.0325432 0.820382 0.147075
9.9991E-05 0.922761 0.0771391
9.9991E-05 0.8712 0.1287
9.9991E-05 0.826245 0.173655
9.9991E-05 0.808779 0.191121
9.9991E-05 0.724552 0.275348
9.9991E-05 0.758782 0.241118
9.9991E-05 0.78441 0.21549
0.577231 0.127309 0.295459
0.594919 0.0343648 0.370716
0.462202 0.100523 0.437275
0.739824 0.176429 0.0837466
0.547079 0.123596 0.329325
0.657239 0.28554 0.057221
0.503014 0.0962627 0.400723
0.697574 0.109489 0.192937
0.631075 0.0465079 0.322417
0.680193 9.99973E-05 0.319707
0.626664 0.170549 0.202787
0.5775 0.0243831 0.398117
0.592701 0.0884204 0.318879
0.830659 0.1673 0.00204106
0.802812 0.197088 9.9991E-05
0.716182 0.201725 0.0820926
0.494105 0.0497886 0.456106
0.610952 0.110366 0.278682
0.612964 0.0598214 0.327214
0.536866 0.0098115 0.453322
0.370969 0.136719 0.492313
0.332391 0.0832099 0.584399
0.279638 0.478992 0.241371
0.59465 0.0213809 0.383969
0.430153 0.178806 0.39104
0.232 0.585177 0.182823
0.236999 0.28876 0.474241
0.233414 0.364371 0.402215
0.361203 0.307962 0.330835
0.348936 0.145912 0.505151
0.360765 0.160851 0.478384
0.373272 0.13423 0.492499
0.405456 0.152041 0.442502
0.183384 0.454232 0.362384
