0.0959479 9.9991E-05 0.903952
0.0642184 0.0217649 0.914017
0.193564 0.00204191 0.804394
0.187722 9.9991E-05 0.812178
0.151788 9.9991E-05 0.848112
0.140686 0.180119 0.679196
0.0597993 0.0404122 0.899788
0.0634085 0.0999731 0.836618
9.9991E-05 0.0441777 0.955722
0.165248 0.0600941 0.774658
0.0238653 0.186924 0.789211
0.142047 0.737256 0.120698
0.400553 0.599347 9.9991E-05
0.165484 0.710866 0.12365
0.2686 0.602127 0.129273
0.319907 0.539275 0.140818
0.473879 0.483451 0.0426701
0.333572 0.642052 0.0243761
0.274897 0.565349 0.159754
9.9991E-05 0.762717 0.237183
0.292372 0.677647 0.0299811
0.297249 0.624901 0.0778502
0.368667 0.631233 9.9991E-05
0.25853 0.643732 0.0977379
0.543579 0.452093 0.00432787
0.339904 0.559502 0.100595
0.178044 0.658693 0.163262
0.239324 0.595412 0.165263
0.0861264 0.798001 0.115873
0.178238 9.9991E-05 0.821662
0.18412 9.9991E-05 0.815781
0.215432 0.00725638 0.777312
0.22495 9.9991E-05 0.77495
0.38382 0.596969 0.0192102
0.274274 0.606095 0.119631
0.377804 0.622096 9.9991E-05
0.0102109 0.730149 0.25964
0.273956 0.725944 9.9991E-05
0.33988 0.639848 0.0202714
0.497077 0.502823 9.9991E-05
0.38345 0.538144 0.0784069
0.470651 0.498969 0.0303794
0.0543748 0.853647 0.0919783
0.416625 0.583275 9.9991E-05
0.428581 0.541657 0.029762
0.444368 0.462531 0.0931005
0.169654 0.830246 9.9991E-05
0.479041 0.518633 0.002326
0.465624 0.480305 0.0540705
9.9991E-05 0.826324 0.173576
0.0271142 0.846697 0.126189
0.0103347 0.847252 0.142414
0.47065 0.477975 0.0513744
0.489355 0.421471 0.0891735
0.516784 0.452355 0.0308603
0.00896702 0.810212 0.180821
0.353658 0.646242 9.9991E-05
0.459888 0.483834 0.0562773
0.210873 0.645962 0.143165
0.0533666 0.593016 0.353617
0.453286 0.513379 0.0333347
0.287363 0.614634 0.0980034
9.9991E-05 0.812287 0.187613
0.320958 0.678942 9.9991E-05
0.448654 0.551246 9.9991E-05
0.400493 0.584279 0.0152278
0.149892 0.712632 0.137476
0.301222 0.698678 9.9991E-05
0.394598 0.57299 0.032412
0.0665329 0.794636 0.138831
0.260577 0.739323 9.9991E-05
0.11717 0.88273 9.9991E-05
0.364815 0.635085 9.9991E-05
9.9991E-05 0.943033 0.0568667
9.9991E-05 0.98663 0.0132702
0.148051 0.851849 9.9991E-05
0.302248 0.697652 9.9991E-05
0.354158 0.571156 0.0746859
0.314886 0.685014 9.9991E-05
0.109724 0.819302 0.0709741
0.155064 0.774999 0.0699364
0.374038 0.510894 0.115067
0.213168 0.772659 0.0141734
0.212468 0.761435 0.0260962
0.184695 0.815205 9.9991E-05
9.9991E-05 0.930892 0.0690079
0.454062 0.545838 9.9991E-05
0.184644 0.0237074 0.791649
0.132322 9.9991E-05 0.867578
0.173597 9.9991E-05 0.826303
0.102218 9.9991E-05 0.897682
0.134661 9.9991E-05 0.865239
0.126494 9.9991E-05 0.873406
0.114281 9.9991E-05 0.885619
0.402366 0.542876 0.0547581
0.470776 0.529124 9.9991E-05
9.9991E-05 0.95619 0.0437099
0.40206 0.567094 0.0308469
0.243367 0.756533 9.9991E-05
0.373048 0.626852 9.9991E-05
0.414441 0.585459 9.9991E-05
0.374273 0.625627 9.9991E-05
9.9991E-05 0.910292 0.0896084
0.405457 0.541288 0.0532546
0.448126 0.501307 0.0505669
0.438058 0.497173 0.0647694
0.187327 0.812573 9.9991E-05
0.341151 0.658749 9.9991E-05
0.239323 0.760577 9.9991E-05
0.306783 0.693117 9.9991E-05
0.263902 0.701067 0.0350304
0.336502 0.553445 0.110053
0.119267 0.7346 0.146133
0.323041 0.582473 0.0944863
0.394247 0.522726 0.0830279
0.379841 0.525802 0.0943563
0.249557 0.683972 0.0664711
0.399666 0.58543 0.014904
0.262491 0.705663 0.0318456
0.319243 0.591174 0.0895828
0.412345 0.550782 0.0368723
0.327692 0.60802 0.0642883
0.289309 0.649508 0.0611829
0.50785 0.49205 9.9991E-05
0.398909 0.508488 0.0926033
0.386441 0.613459 9.9991E-05
0.422574 0.561765 0.0156617
0.407879 0.592021 9.9991E-05
0.198586 0.650588 0.150827
0.376435 0.623465 9.9991E-05
0.467994 0.531906 9.9991E-05
0.157054 0.702618 0.140329
0.103904 0.761755 0.134341
0.347454 0.611859 0.0406866
0.068285 0.874525 0.0571896
0.070686 0.801296 0.128018
0.214221 0.775992 0.00978708
0.095306 0.786188 0.118506
0.12943 0.819591 0.0509791
0.413195 0.574751 0.0120534
0.460394 0.477507 0.0620996
0.29991 0.646748 0.0533414
0.0873897 0.797794 0.114816
0.382986 0.556743 0.0602707
0.351352 0.581715 0.0669329
9.9991E-05 0.703508 0.296392
0.514174 0.471794 0.0140324
0.247297 0.647539 0.105164
0.389892 0.561284 0.0488242
0.143665 0.664841 0.191495
0.041779 0.746315 0.211906
0.229679 0.669931 0.10039
0.335525 0.484338 0.180137
0.281653 0.546958 0.171389
0.130706 0.669854 0.199441
0.437996 0.538441 0.0235627
0.159484 0.830314 0.0102016
0.286177 0.713723 9.9991E-05
0.380564 0.552677 0.0667589
0.398314 0.224693 0.376992
0.176924 0.08704 0.736036
0.133104 0.180961 0.685936
0.425285 0.0941189 0.480596
0.421687 0.578213 9.9991E-05
0.466646 0.532739 0.000615489
0.909008 0.090892 9.9991E-05
0.643978 0.295249 0.0607734
0.631438 0.266765 0.101797
0.208189 0.737807 0.0540031
0.343389 0.596272 0.0603395
0.106487 0.78167 0.111843
0.320396 0.679504 9.9991E-05
0.348211 0.599736 0.0520532
0.401655 0.584311 0.0140341
0.112905 0.797806 0.0892891
0.416176 0.567249 0.0165751
0.439916 0.553356 0.00672781
0.948823 9.9991E-05 0.051077
0.946638 9.9991E-05 0.0532624
0.690066 0.193935 0.115999
0.955616 9.9991E-05 0.0442836
0.947399 0.000359794 0.0522417
0.956165 9.9991E-05 0.0437349
0.907971 9.9991E-05 0.0919295
0.978326 9.9991E-05 0.0215742
0.976057 9.9991E-05 0.0238435
0.954082 9.9991E-05 0.0458177
0.943407 9.9991E-05 0.0564931
0.901994 9.9991E-05 0.097906
0.915674 0.00694856 0.0773778
0.950132 9.9991E-05 0.049768
0.656798 0.343102 9.9991E-05
0.790707 0.092755 0.116538
0.865853 0.0535177 0.0806292
0.90527 9.9991E-05 0.0946296
0.956122 9.9991E-05 0.043778
0.921908 9.9991E-05 0.0779924
0.930034 9.9991E-05 0.0698657
0.73777 0.154701 0.107529
0.921341 9.9991E-05 0.0785591
0.0263672 0.464517 0.509116
0.303398 0.502128 0.194474
0.295404 0.44794 0.256656
0.212037 0.470312 0.317651
0.388974 0.423868 0.187158
0.23166 0.436791 0.331549
0.399326 0.441799 0.158876
0.397494 0.436367 0.166139
0.508526 0.37853 0.112944
0.470306 0.361572 0.168122
0.36284 0.460041 0.177119
0.0743085 0.0612573 0.864434
0.108175 9.9991E-05 0.891725
0.0462037 9.9991E-05 0.953696
0.0746505 9.9991E-05 0.925249
0.0811813 9.9991E-05 0.918719
0.101487 9.9991E-05 0.898413
0.165612 9.9991E-05 0.834288
0.0720166 0.0304338 0.89755
0.120542 9.9991E-05 0.879358
0.128853 9.9991E-05 0.871047
9.9991E-05 0.25768 0.74222
0.00464511 0.296148 0.699207
9.9991E-05 0.355069 0.644831
9.9991E-05 0.39875 0.60115
0.315043 0.661945 0.0230119
0.340532 0.659368 9.9991E-05
0.357061 0.642839 9.9991E-05
0.210448 0.753064 0.0364878
0.0483249 0.825496 0.126179
0.3827 0.605615 0.011685
0.377267 0.622633 9.9991E-05
0.286255 0.713645 9.9991E-05
0.230108 0.769792 9.9991E-05
0.367625 0.632275 9.9991E-05
0.212444 0.780464 0.00709175
9.9991E-05 0.980564 0.0193364
0.260534 0.701008 0.0384577
0.148114 0.805714 0.0461712
0.287297 0.712603 9.9991E-05
9.9991E-05 0.886046 0.113854
9.9991E-05 0.708142 0.291758
9.9991E-05 0.701245 0.298655
9.9991E-05 0.745584 0.254316
9.9991E-05 0.70542 0.29448
9.9991E-05 0.76795 0.23195
9.9991E-05 0.705457 0.294443
0.155863 9.9991E-05 0.844037
0.179705 0.000426675 0.819869
0.274896 9.9991E-05 0.725004
0.209861 9.9991E-05 0.790039
0.217041 0.0161056 0.766853
9.9991E-05 0.417849 0.582051
9.9991E-05 0.404656 0.595244
9.9991E-05 0.392715 0.607185
0.209719 9.9991E-05 0.790181
9.9991E-05 0.448806 0.551094
0.585808 0.151531 0.262661
0.594632 0.292842 0.112526
0.725062 0.103253 0.171685
0.483543 0.256307 0.26015
0.503663 0.379153 0.117184
0.368868 0.0353537 0.595778
0.263028 0.736872 9.9991E-05
0.176566 0.730821 0.0926129
0.0964876 0.696566 0.206946
0.284002 0.715898 9.9991E-05
9.9991E-05 0.922556 0.0773443
0.438335 0.505322 0.0563438
0.332842 0.667058 9.9991E-05
0.144573 0.760075 0.0953518
0.376062 0.561749 0.062189
0.0020204 0.861416 0.136564
0.307434 0.686861 0.00570578
0.315982 0.679668 0.0043504
0.454832 0.399237 0.145931
0.206644 0.793256 9.9991E-05
0.278834 0.687261 0.0339046
0.384009 0.602534 0.0134568
0.290656 0.709244 9.9991E-05
0.472014 0.521494 0.00649162
0.406653 0.519131 0.0742158
0.399658 0.562377 0.0379654
0.23897 9.9991E-05 0.76093
0.175316 9.9991E-05 0.824584
0.118678 0.0721025 0.80922
0.119752 0.0643078 0.815941
0.164 9.9991E-05 0.8359
0.0522247 0.750757 0.197019
0.375943 0.617507 0.00654986
0.550132 0.237711 0.212157
0.467358 0.531403 0.00123835
0.330403 0.615553 0.054044
0.173377 0.773404 0.0532194
9.9991E-05 0.698186 0.301714
0.372496 0.613976 0.0135276
0.0496312 0.76136 0.189009
0.287396 0.654691 0.0579128
0.020024 0.703561 0.276415
0.418037 0.532388 0.0495749
0.0459202 0.750918 0.203162
0.22752 0.700499 0.0719816
0.351307 0.588295 0.0603977
0.156637 0.742845 0.100518
0.365385 0.61292 0.0216947
0.382553 0.582022 0.035425
0.215045 0.76699 0.017965
0.379391 0.570961 0.0496481
0.342184 0.614423 0.0433931
9.9991E-05 0.959941 0.0399594
0.131612 0.802608 0.0657801
0.295487 0.690032 0.0144807
9.9991E-05 0.889991 0.109909
0.16189 0.792532 0.0455778
0.0303786 0.811968 0.157653
0.110226 0.889674 9.9991E-05
0.229017 0.692132 0.0788514
0.48637 0.51353 9.9991E-05
0.101469 0.835367 0.0631639
0.419895 0.438444 0.141661
0.411467 0.588433 9.9991E-05
0.286803 0.624043 0.0891543
0.379527 0.620373 9.9991E-05
0.317881 0.666138 0.0159813
0.199799 0.750509 0.0496922
0.252252 0.652151 0.0955966
0.30842 0.69148 9.9991E-05
0.348914 0.595822 0.0552642
0.204598 0.727793 0.0676083
0.341961 0.649148 0.00889038
0.240711 0.63236 0.126929
0.387707 0.612193 9.9991E-05
0.357952 0.557769 0.0842794
0.400057 0.518914 0.0810295
0.403745 0.239162 0.357093
0.612503 0.323467 0.0640297
0.398403 0.479535 0.122063
0.462769 0.474924 0.0623064
0.527489 0.290574 0.181937
0.258603 0.741297 9.9991E-05
0.428161 0.433283 0.138556
0.147345 0.462838 0.389817
0.498446 0.44338 0.0581746
0.549748 0.369631 0.0806209
0.505002 0.435022 0.0599757
0.353678 0.426144 0.220178
0.535717 0.276539 0.187744
0.590893 0.303116 0.105991
0.190139 0.145609 0.664252
0.620379 0.269318 0.110303
0.587842 0.332008 0.0801495
0.508906 0.427178 0.0639164
0.585911 0.30112 0.112969
0.475385 0.365277 0.159338
0.333647 0.666253 9.9991E-05
0.370227 0.608944 0.0208295
9.9991E-05 0.957006 0.0428935
9.9991E-05 0.914661 0.0852392
0.359605 0.601282 0.0391132
0.607922 0.259307 0.132772
0.598762 0.277403 0.123834
0.43332 0.27868 0.288
0.496382 0.288313 0.215304
0.156312 0.659734 0.183954
0.237865 0.609522 0.152613
0.463603 0.536297 9.9991E-05
0.429693 0.531265 0.0390425
0.235713 0.630196 0.134091
0.478802 0.521098 9.9991E-05
0.472427 0.527473 9.9991E-05
0.420672 0.445515 0.133813
0.164944 0.798305 0.0367514
0.249751 0.750149 9.9991E-05
0.372139 0.601355 0.0265059
0.265266 0.702592 0.0321412
0.428698 0.53337 0.0379322
0.322005 0.671493 0.00650191
0.0978632 0.852063 0.0500734
0.443278 0.556622 9.9991E-05
0.141732 0.824499 0.033769
0.217366 0.735039 0.0475947
0.423337 0.547884 0.0287786
0.318482 0.681418 9.9991E-05
0.529113 0.309259 0.161628
0.417073 0.431376 0.151551
0.454799 0.365226 0.179975
0.428737 0.363847 0.207416
0.454195 0.467439 0.0783654
0.387162 0.472306 0.140532
0.138599 0.516663 0.344738
0.652744 0.347156 9.9991E-05
0.144095 0.30536 0.550545
0.548676 0.41412 0.0372041
0.0566174 0.933858 0.00952443
9.9991E-05 0.901637 0.0982627
0.285923 0.713977 9.9991E-05
0.423551 0.576349 9.9991E-05
0.179652 0.820248 9.9991E-05
0.320862 0.679038 9.9991E-05
0.342407 0.657493 9.9991E-05
0.173419 0.0402348 0.786346
0.142687 0.0815217 0.775791
0.0876138 9.9991E-05 0.912286
0.0608569 9.9991E-05 0.939043
0.295153 0.704747 9.9991E-05
0.320885 0.679015 9.9991E-05
0.251593 0.748307 9.9991E-05
0.372028 0.60423 0.0237425
0.411169 0.540498 0.0483331
0.0779435 0.855172 0.0668846
0.42028 0.57962 9.9991E-05
0.165419 0.834481 9.9991E-05
0.482035 0.278943 0.239022
0.303632 0.696268 9.9991E-05
0.157704 0.842196 9.9991E-05
0.353549 0.646351 9.9991E-05
0.20322 0.79668 9.9991E-05
0.379017 0.620883 9.9991E-05
0.380831 0.610124 0.00904433
9.999E-05 0.9998 9.999E-05
0.18347 0.81643 9.9991E-05
0.175341 0.800486 0.0241726
9.9991E-05 0.988948 0.0109517
0.226366 0.7339 0.0397339
0.0783157 0.890076 0.0316079
9.9991E-05 0.888854 0.111046
0.410404 0.58571 0.00388596
0.0978505 0.849583 0.0525663
0.279134 0.718147 0.00271859
0.486 0.432232 0.0817686
0.276553 0.723347 9.9991E-05
0.22485 0.756362 0.0187873
0.328374 0.671526 9.9991E-05
0.323011 0.676889 9.9991E-05
0.180558 0.819342 9.9991E-05
0.349593 0.620349 0.0300584
0.00210966 0.254934 0.742957
0.0574207 0.151078 0.791501
9.9991E-05 0.113821 0.886079
9.9991E-05 0.100738 0.899162
9.9991E-05 0.178305 0.821595
0.0321951 0.92852 0.0392851
0.00741371 0.892192 0.100395
0.0998238 0.900076 9.9991E-05
0.452226 0.503473 0.0443007
0.425121 0.483056 0.0918231
0.228587 0.733132 0.0382815
0.431027 0.568873 9.9991E-05
0.261177 0.678126 0.0606971
0.316054 0.683846 9.9991E-05
0.374106 0.625794 9.9991E-05
0.120129 0.875552 0.00431886
0.202341 0.797559 9.9991E-05
0.149671 0.850229 9.9991E-05
0.380577 0.529666 0.0897563
0.241347 0.758553 9.9991E-05
0.269368 0.730532 9.9991E-05
0.716904 0.252686 0.0304099
0.698454 0.175176 0.12637
0.705181 0.12364 0.17118
0.735279 0.134144 0.130578
0.673315 0.206511 0.120175
0.324954 0.674946 9.9991E-05
0.698736 9.9991E-05 0.301164
0.745175 0.076852 0.177973
0.469204 0.390054 0.140742
0.364206 0.575386 0.060408
0.271955 0.584133 0.143911
0.430021 0.486723 0.0832554
0.437971 0.526853 0.0351765
0.766025 0.081195 0.15278
0.658218 0.240294 0.101488
0.803774 0.1232 0.0730261
0.630457 0.271013 0.0985293
0.697794 0.12054 0.181666
0.611479 0.308694 0.0798262
0.77968 0.0774201 0.142899
0.681166 0.207763 0.111071
0.421571 0.531496 0.046933
0.630486 0.224781 0.144733
0.775825 9.9991E-05 0.224075
0.596878 0.309909 0.093213
0.0781143 0.653274 0.268611
0.462564 0.537336 9.9991E-05
0.552965 0.26875 0.178285
0.397068 0.50038 0.102552
0.353161 0.514368 0.13247
0.476682 0.316351 0.206967
0.536674 0.246581 0.216745
0.43636 0.463116 0.100524
0.686226 0.218732 0.0950413
0.766758 0.165437 0.0678047
0.728206 0.0177533 0.25404
0.413887 0.535571 0.0505416
0.243965 0.608465 0.147569
0.151063 0.628377 0.22056
0.512768 0.396373 0.090859
0.206536 0.678975 0.114488
0.462673 0.329731 0.207597
0.448885 0.410161 0.140954
0.212748 0.258075 0.529178
0.128057 0.346628 0.525315
0.257071 0.481342 0.261587
0.209738 0.325053 0.465209
0.283126 0.089039 0.627835
0.441793 0.430635 0.127572
0.379994 0.339274 0.280732
0.270865 0.340236 0.388899
0.206437 0.372995 0.420568
0.418372 0.479076 0.102553
0.235075 0.472279 0.292646
0.0704476 0.261185 0.668368
0.477927 0.445028 0.0770451
0.50334 0.325592 0.171069
0.52966 0.237298 0.233043
0.668536 0.206007 0.125457
0.514541 0.375815 0.109644
0.536695 0.32487 0.138435
0.474032 0.168136 0.357832
0.543049 0.28577 0.171182
0.630933 0.184906 0.184161
0.494944 0.230005 0.275051
0.285661 0.523452 0.190887
0.473295 0.355742 0.170963
0.546717 0.377923 0.0753598
0.52224 0.430756 0.047004
0.525538 0.168322 0.306141
0.486985 0.344184 0.16883
0.323359 0.237873 0.438767
0.507857 0.317741 0.174402
0.479451 0.178348 0.342201
0.0571252 0.103751 0.839124
9.9991E-05 0.769097 0.230803
9.9991E-05 0.754548 0.245352
9.9991E-05 0.696561 0.303339
9.9991E-05 0.813222 0.186678
9.9991E-05 0.745876 0.254024
9.9991E-05 0.803682 0.196218
9.9991E-05 0.715716 0.284184
9.9991E-05 0.570427 0.429473
0.111391 9.9991E-05 0.888509
0.0945234 0.07971 0.825767
0.108112 9.99901E-05 0.891788
0.0363652 0.0983536 0.865281
0.0849632 9.9991E-05 0.914937
0.0595046 9.9991E-05 0.940395
0.209986 9.9991E-05 0.789914
0.145519 9.9991E-05 0.854381
0.181939 0.0607036 0.757358
0.106822 9.9991E-05 0.893078
0.0322048 9.9991E-05 0.967695
0.12571 0.0572785 0.817011
0.0715954 9.9991E-05 0.928305
0.105832 9.9991E-05 0.894068
0.136494 9.9991E-05 0.863406
0.192387 9.9991E-05 0.807513
0.233712 9.9991E-05 0.766188
0.273671 9.9991E-05 0.726229
0.202332 9.9991E-05 0.797568
0.271148 0.560444 0.168408
0.446479 0.553421 9.9991E-05
0.443283 0.441151 0.115567
0.0518605 0.746637 0.201502
0.328671 0.580491 0.0908377
0.100178 0.596466 0.303355
0.443643 0.494768 0.0615891
0.181952 0.700022 0.118026
0.356286 0.584975 0.0587383
0.307617 0.692283 9.9991E-05
0.30057 0.605011 0.094419
0.394178 0.605722 9.9991E-05
0.379973 0.543557 0.0764705
0.0102751 0.851564 0.138161
9.9991E-05 0.80029 0.19961
0.0790226 0.708745 0.212233
0.462505 0.509836 0.0276589
0.35525 0.575637 0.0691123
0.325603 0.559521 0.114877
0.492921 0.506939 0.000140238
0.501864 0.337822 0.160314
0.545235 0.331787 0.122978
0.264495 0.247966 0.487539
0.459356 0.535158 0.00548555
0.437293 0.371903 0.190804
0.17468 0.230971 0.59435
0.459801 0.260978 0.27922
0.394323 0.284305 0.321371
0.396119 0.316117 0.287764
0.561905 0.368007 0.0700885
0.486289 0.330083 0.183629
0.606278 0.327562 0.0661594
0.440962 0.376201 0.182837
0.354984 0.185174 0.459842
