9.9991E-05 0.903654 0.0962461
9.999E-05 0.972027 0.0278729
9.999E-05 0.82962 0.17028
9.999E-05 0.838397 0.161503
9.9991E-05 0.8577 0.1422
0.185871 0.681747 0.132382
0.0498342 0.904445 0.0457208
0.142104 0.812484 0.0454126
0.0615333 0.938367 9.9991E-05
0.101753 0.70141 0.196837
0.140862 0.847701 0.0114367
0.77528 0.0740891 0.150631
0.654361 0.0453925 0.300247
0.679565 0.164025 0.15641
0.582919 0.120432 0.296648
0.426151 0.152295 0.421555
0.517631 0.0086837 0.473685
0.633956 0.0422549 0.323789
0.587356 0.167277 0.245366
0.764237 0.235663 9.9991E-05
0.660584 0.0651509 0.274266
0.642187 0.0344927 0.32332
0.675883 9.9991E-05 0.324017
0.70685 0.0498112 0.243339
0.514553 0.0522336 0.433213
0.615981 0.0197463 0.364273
0.677818 0.168282 0.153899
0.589602 0.173839 0.236559
0.752465 0.173686 0.0738486
9.9991E-05 0.784295 0.215605
9.9991E-05 0.801107 0.198793
9.9991E-05 0.789211 0.210689
0.0246455 0.718599 0.256755
0.655889 9.9991E-05 0.344011
0.542404 0.0687453 0.38885
0.665616 9.9991E-05 0.334284
0.731478 0.235158 0.0333642
0.780186 9.9991E-05 0.219714
0.695886 0.00587694 0.298237
0.615292 9.9991E-05 0.384608
0.607351 0.0467096 0.345939
0.577112 0.0611549 0.361733
0.837842 0.116408 0.0457497
0.571019 9.9991E-05 0.428881
0.574096 9.9991E-05 0.425804
0.477112 0.0968177 0.42607
0.890663 9.9991E-05 0.109237
0.628738 9.9991E-05 0.371162
0.501668 0.0511907 0.447141
0.829952 0.169948 9.9991E-05
0.865118 0.11598 0.0189019
0.837715 0.144972 0.0173129
0.627186 0.0135172 0.359297
0.53784 0.0559934 0.406166
0.577647 9.9991E-05 0.422253
0.774666 0.20257 0.0227646
0.710755 9.9991E-05 0.289145
0.51519 0.0360518 0.448758
0.605813 0.183651 0.210535
0.598632 0.343605 0.0577627
0.67391 0.000777328 0.325313
0.655157 0.0900318 0.254811
0.832024 0.167876 9.9991E-05
0.67659 9.9991E-05 0.32331
0.593908 9.9991E-05 0.405992
0.604127 9.9991E-05 0.395773
0.732349 0.0976197 0.170031
0.657469 0.000392268 0.342139
0.555382 0.0582943 0.386323
0.833507 0.158968 0.00752567
0.780747 9.9991E-05 0.219153
0.869386 0.0394376 0.0911762
0.572845 0.0756732 0.351482
0.939153 0.0607472 9.9991E-05
0.957549 0.0423514 9.9991E-05
0.855444 9.9991E-05 0.144456
0.786618 9.9991E-05 0.213282
0.57522 0.0594281 0.365351
0.729319 0.000514276 0.270167
0.82005 0.0725977 0.107352
0.838548 0.061595 0.0998567
0.610623 0.00803449 0.381342
0.812233 9.9991E-05 0.187667
0.720287 9.9991E-05 0.279613
0.837907 9.9991E-05 0.161993
0.914019 0.0858805 9.9991E-05
0.669022 0.00294515 0.328033
0.0156816 0.831121 0.153197
9.9991E-05 0.857381 0.142519
9.9991E-05 0.820447 0.179453
9.9991E-05 0.881388 0.118512
9.9991E-05 0.847994 0.151906
9.9991E-05 0.850249 0.149651
9.9991E-05 0.880092 0.119808
0.501174 0.0638238 0.435002
0.51494 0.107681 0.377379
0.929337 0.070563 9.9991E-05
0.579757 0.0493663 0.370876
0.70858 0.0250448 0.266375
0.63533 9.9991E-05 0.36457
0.664782 0.0529976 0.282221
0.659023 9.9991E-05 0.340877
0.86396 0.13594 9.9991E-05
0.533924 0.0839429 0.382133
0.605507 9.9991E-05 0.394393
0.497826 0.0308859 0.471288
0.835597 9.9991E-05 0.164303
0.729632 9.9991E-05 0.270268
0.718632 9.9991E-05 0.281268
0.752916 9.9991E-05 0.246984
0.703512 0.0490241 0.247463
0.569891 0.0763758 0.353733
0.720932 0.201622 0.0774468
0.560147 0.163298 0.276555
0.559512 0.168452 0.272037
0.57908 0.0461899 0.37473
0.644702 0.142346 0.212952
0.609033 0.0256568 0.36531
0.688796 0.0606946 0.25051
0.633916 0.114027 0.252056
0.5739 0.0132056 0.412895
0.60177 9.9991E-05 0.39813
0.70201 0.0387301 0.259259
0.561293 9.9991E-05 0.438607
0.517442 0.0617121 0.420846
0.616687 9.9991E-05 0.383213
0.54488 0.0290608 0.426059
0.58459 9.9991E-05 0.41531
0.654055 0.124825 0.22112
0.609161 9.9991E-05 0.390739
0.576226 9.9991E-05 0.423674
0.720779 0.114672 0.16455
0.698409 0.188508 0.113083
0.612261 0.0360076 0.351731
0.866802 0.0459893 0.0872091
0.822447 0.126106 0.0514472
0.808436 9.9991E-05 0.191464
0.777031 0.123058 0.0999111
0.831149 0.0903983 0.0784528
0.538022 9.9991E-05 0.461878
0.498496 0.0858016 0.415703
0.649947 0.0235924 0.326461
0.786291 0.107637 0.106072
0.616578 0.0500398 0.333383
0.679299 0.0174493 0.303252
0.718146 0.281754 9.9991E-05
0.493781 0.0902328 0.415986
0.655716 0.104367 0.239916
0.492602 0.111819 0.395579
0.669701 0.199958 0.13034
0.73926 0.201162 0.059578
0.723548 0.0719202 0.204532
0.653548 0.0504257 0.296026
0.581907 0.174304 0.243789
0.661659 0.223884 0.114458
0.636732 0.0566133 0.306655
0.839188 0.0317978 0.129014
0.733322 0.00943932 0.257239
0.617853 0.00775282 0.374394
0.20545 0.364768 0.429782
0.0819924 0.73333 0.184677
0.184841 0.673406 0.141753
0.11875 0.443611 0.437639
0.642688 9.9991E-05 0.357212
0.573109 9.9991E-05 0.426791
0.0932869 9.9991E-05 0.906613
0.307442 0.0219331 0.670624
0.245238 0.131136 0.623626
0.773087 0.0519488 0.174964
0.563262 0.0572802 0.379458
0.824535 0.0935421 0.081923
0.64937 9.9991E-05 0.35053
0.70482 0.0401552 0.255025
0.63347 9.9991E-05 0.36643
0.868146 0.0811871 0.0506669
0.553583 9.9991E-05 0.446317
0.574331 0.0184893 0.40718
9.9991E-05 0.0404324 0.959468
9.9991E-05 0.0583985 0.941502
0.199382 0.0530261 0.747592
0.0603971 0.0458617 0.893741
0.019127 0.0444932 0.93638
9.9991E-05 0.0727756 0.927124
9.9991E-05 0.0702325 0.929668
9.999E-05 9.999E-05 0.9998
9.9991E-05 0.0445539 0.955346
9.9991E-05 0.0308752 0.969025
9.9991E-05 0.0619103 0.93799
0.0469934 0.0794555 0.873551
9.9991E-05 0.108736 0.891164
9.9991E-05 0.0603679 0.939532
0.307114 0.111698 0.581188
0.123317 0.0916469 0.785036
0.0143461 0.100509 0.885145
9.9991E-05 0.0861413 0.913759
9.9991E-05 0.0240362 0.975864
9.9991E-05 0.119926 0.879974
9.9991E-05 0.0572675 0.942633
0.138265 0.0935588 0.768177
9.9991E-05 0.130721 0.869179
0.442845 0.520327 0.0368278
0.491455 0.226454 0.282092
0.421485 0.237567 0.340948
0.476895 0.321834 0.201271
0.417601 0.106367 0.476032
0.412407 0.384247 0.203345
0.472251 0.191691 0.336058
0.412225 0.204078 0.383697
0.411116 0.166142 0.422743
0.379874 0.1818 0.438326
0.420225 0.185063 0.394712
0.0897509 0.843509 0.0667404
9.9991E-05 0.911145 0.0887555
9.9991E-05 0.978559 0.0213411
9.9991E-05 0.925397 0.0745034
9.9991E-05 0.925769 0.074131
9.9991E-05 0.867079 0.132821
9.9991E-05 0.830249 0.169651
0.0263187 0.892099 0.0815827
9.9991E-05 0.896439 0.103461
9.9991E-05 0.844262 0.155638
0.259352 0.740548 9.9991E-05
0.30233 0.69757 9.9991E-05
0.319203 0.680697 9.9991E-05
0.422937 0.576963 9.9991E-05
0.717079 0.00880393 0.274118
0.656304 9.9991E-05 0.343596
0.664813 9.9991E-05 0.335087
0.804096 0.0565412 0.139363
0.8564 0.11169 0.0319092
0.565141 0.0348396 0.40002
0.688968 9.9991E-05 0.310932
0.745176 9.9991E-05 0.254724
0.767835 9.9991E-05 0.232065
0.605631 9.9991E-05 0.394269
0.788152 9.9991E-05 0.211748
0.962301 0.0375987 9.9991E-05
0.602676 0.0591119 0.338212
0.863539 0.0474655 0.0889952
0.760896 9.9991E-05 0.239004
0.898885 0.0757284 0.0253861
0.688548 0.311352 9.9991E-05
0.711476 0.288424 9.9991E-05
0.735171 0.264729 9.9991E-05
0.671805 0.328095 9.9991E-05
0.762179 0.237721 9.9991E-05
0.705141 0.286354 0.00850484
9.9991E-05 0.825415 0.174485
9.9991E-05 0.856083 0.143817
0.000800596 0.731063 0.268136
0.022038 0.795556 0.182407
0.000710119 0.828205 0.171084
0.453507 0.546393 9.9991E-05
0.387611 0.612289 9.9991E-05
0.421954 0.577946 9.9991E-05
9.9991E-05 0.782986 0.216914
0.461793 0.538107 9.9991E-05
0.18105 0.244094 0.574856
0.337071 0.0715237 0.591406
0.223472 0.138109 0.638419
0.266981 0.257776 0.475243
0.358719 0.105353 0.535928
0.0929218 0.534558 0.37252
0.745978 0.0639402 0.190082
0.77431 0.00776078 0.217929
0.707561 0.193364 0.0990754
0.74472 9.9991E-05 0.25518
0.906673 0.0932265 9.9991E-05
0.589816 0.106568 0.303616
0.655574 0.041662 0.302764
0.748534 0.144038 0.107429
0.64043 0.0349065 0.324663
0.903667 0.0962327 9.9991E-05
0.669667 0.038152 0.292181
0.695868 9.9991E-05 0.304032
0.419624 0.160891 0.419485
0.838702 9.9991E-05 0.161198
0.679985 0.0427265 0.277288
0.612669 9.9991E-05 0.387231
0.666826 0.0147352 0.318439
0.584992 9.9991E-05 0.414908
0.541171 0.148782 0.310047
0.612958 0.0612039 0.325838
9.9991E-05 0.75421 0.24569
9.9991E-05 0.827847 0.172053
0.0728096 0.800208 0.126983
0.0530692 0.825148 0.121783
0.0263709 0.808329 0.1653
0.812156 0.15381 0.0340339
0.645741 0.0418922 0.312367
0.318367 0.184738 0.496895
0.569842 9.9991E-05 0.430058
0.638475 0.0533305 0.308194
0.723561 0.107132 0.169307
0.68269 0.31721 9.9991E-05
0.711606 9.9991E-05 0.288294
0.710667 0.249456 0.0398779
0.686651 0.0290478 0.284301
0.728537 0.271363 9.9991E-05
0.549709 0.0662924 0.383999
0.761855 0.188387 0.0497584
0.722603 0.125502 0.151894
0.686251 0.0256126 0.288137
0.770597 0.0885584 0.140845
0.599177 0.0523888 0.348434
0.507442 0.0879697 0.404589
0.770369 0.062406 0.167225
0.564051 0.107998 0.327951
0.647267 0.0654995 0.287234
0.940076 0.0598236 9.9991E-05
0.831029 0.0767952 0.0921759
0.723247 9.9991E-05 0.276653
0.912997 0.0869027 9.9991E-05
0.800909 0.0182702 0.18082
0.791421 0.200531 0.00804814
0.869354 9.9991E-05 0.130546
0.658898 0.124491 0.21661
0.563718 0.00175834 0.434524
0.860538 0.0281359 0.111326
0.614486 0.0806837 0.30483
0.548443 0.0234059 0.428151
0.714752 9.9991E-05 0.285148
0.598182 0.0590029 0.342815
0.668945 0.052626 0.278429
0.787917 0.0502946 0.161789
0.715796 0.0949992 0.189205
0.635772 9.9991E-05 0.364128
0.627933 9.9991E-05 0.371967
0.668577 0.0732774 0.258146
0.624415 9.9991E-05 0.375485
0.669147 0.0922529 0.2386
0.60664 0.00441828 0.388942
0.587983 0.0717117 0.340305
0.526573 0.102197 0.37123
0.249473 0.336854 0.413672
0.375284 0.0864971 0.538219
0.384922 0.112151 0.502927
0.468511 0.0533838 0.478105
0.336969 0.169324 0.493708
0.738804 9.9991E-05 0.261096
0.412514 0.115521 0.471965
0.458472 0.378238 0.16329
0.451512 0.071714 0.476774
0.412898 0.0716136 0.515488
0.443246 0.0364137 0.52034
0.434527 0.230553 0.33492
0.385614 0.107512 0.506874
0.415154 0.0698398 0.515006
0.134743 0.665818 0.199438
0.326863 0.214585 0.458551
0.391093 0.103915 0.504992
0.472046 0.0762298 0.451725
0.264201 0.16467 0.571129
0.362366 0.161898 0.475736
0.664075 0.0135121 0.322413
0.587448 0.0856661 0.326886
0.949251 0.0506494 9.9991E-05
0.873776 0.126124 9.9991E-05
0.619966 0.0115706 0.368464
0.320261 0.107826 0.571913
0.296025 0.101873 0.602102
0.306115 0.283887 0.409997
0.316496 0.19564 0.487864
0.622266 0.197902 0.179832
0.593095 0.199467 0.207438
0.585272 9.9991E-05 0.414628
0.546907 0.0747371 0.378356
0.671058 0.100165 0.228777
0.55663 0.0208749 0.422495
0.54063 0.0159268 0.443443
0.523381 0.0464844 0.430135
0.813883 0.0605883 0.125529
0.740092 0.01209 0.247818
0.65704 0.0193736 0.323586
0.720433 0.0403856 0.239182
0.541495 0.0543468 0.404158
0.733613 9.9991E-05 0.266287
0.904946 0.0307122 0.0643415
0.61813 9.9991E-05 0.38177
0.885964 9.9991E-05 0.113936
0.693004 0.0411535 0.265843
0.574924 0.0146569 0.41042
0.695356 9.9991E-05 0.304544
0.357279 0.0934677 0.549253
0.484627 0.129459 0.385914
0.367068 0.207521 0.425411
0.366606 0.233299 0.400096
0.461776 0.153353 0.384871
0.377679 0.169157 0.453164
0.519424 0.36876 0.111816
0.410562 0.0153787 0.57406
0.288388 0.550911 0.1607
0.443264 0.0443297 0.512407
0.953008 0.0288779 0.0181138
0.880261 0.119639 9.9991E-05
0.713134 9.9991E-05 0.286766
0.614111 9.9991E-05 0.385789
0.811189 9.9991E-05 0.188711
0.733916 9.9991E-05 0.265984
0.71134 9.9991E-05 0.28856
0.0129839 0.830495 0.156521
0.0394601 0.769011 0.191529
9.9991E-05 0.878937 0.120963
9.9991E-05 0.915986 0.0839142
0.679264 9.9991E-05 0.320636
0.679342 0.0112009 0.309457
0.712537 9.9991E-05 0.287363
0.629344 0.0237586 0.346897
0.601001 0.0309578 0.368041
0.858014 0.0295144 0.112472
0.670192 9.9991E-05 0.329708
0.862459 9.9991E-05 0.137442
0.283311 0.284392 0.432297
0.743633 9.9991E-05 0.256267
0.82602 9.9991E-05 0.17388
0.719672 9.9991E-05 0.280228
0.739505 0.0213107 0.239184
0.693338 9.9991E-05 0.306562
0.632772 9.9991E-05 0.367128
0.9998 9.999E-05 9.999E-05
0.843513 9.9991E-05 0.156387
0.83736 9.9991E-05 0.16254
0.985875 0.0140249 9.9991E-05
0.754756 0.00912174 0.236122
0.933685 0.0151992 0.0511157
0.909749 0.0901505 9.9991E-05
0.585414 9.9991E-05 0.414486
0.854297 0.0511522 0.0945503
0.744784 9.9991E-05 0.255116
0.542512 0.0407605 0.416728
0.728876 9.9991E-05 0.271024
0.741216 9.9991E-05 0.258684
0.665727 9.9991E-05 0.334173
0.644431 9.9991E-05 0.355469
0.839846 9.9991E-05 0.160054
0.602967 0.0733183 0.323715
0.262797 0.737103 9.9991E-05
0.144241 0.809229 0.0465302
0.0998488 0.900051 9.9991E-05
0.122396 0.877504 9.9991E-05
0.216465 0.783435 9.9991E-05
0.87336 0.0783791 0.0482609
0.879728 0.10693 0.0133417
0.922823 9.9991E-05 0.077077
0.526329 0.0477999 0.425871
0.590051 0.0190352 0.390913
0.7841 9.9991E-05 0.2158
0.636753 0.00210827 0.361139
0.694573 0.0566334 0.248794
0.696919 9.9991E-05 0.302981
0.652045 9.9991E-05 0.347855
0.843564 0.0255535 0.130883
0.814637 0.0100842 0.175279
0.869865 9.9991E-05 0.130035
0.537544 0.0497196 0.412736
0.782166 9.9991E-05 0.217734
0.650396 9.9991E-05 0.349504
0.190042 0.0567406 0.753217
0.216692 0.104955 0.678354
0.180498 0.0806953 0.738806
0.109627 0.145938 0.744435
0.325081 0.100457 0.574462
0.641893 9.9991E-05 0.358007
9.9991E-05 0.311645 0.688255
0.178123 0.165506 0.656371
0.434187 0.155331 0.410482
0.554568 0.103923 0.341509
0.583246 0.158103 0.258651
0.624551 0.000683911 0.374765
0.554332 0.000653601 0.445015
0.0411642 0.21845 0.740385
0.278416 0.115103 0.606481
0.177514 0.0636292 0.758857
0.312534 0.090998 0.596468
0.138512 0.168437 0.693051
0.266185 0.165394 0.568422
0.0677358 0.169294 0.76297
0.298096 0.0350973 0.666806
0.567035 0.12678 0.306185
0.248467 0.148371 0.603162
9.9991E-05 0.226314 0.773586
0.328362 0.126431 0.545207
0.645918 0.305459 0.0486229
0.532891 9.9991E-05 0.467009
0.332625 0.122604 0.544771
0.55617 0.0358256 0.408005
0.549664 0.136673 0.313663
0.334794 0.212196 0.45301
0.216827 0.268034 0.515139
0.545134 0.045768 0.409098
0.256472 0.0840072 0.659521
0.130699 0.104656 0.764645
9.9991E-05 0.234298 0.765602
0.550005 0.0155912 0.434404
0.678992 0.102821 0.218187
0.582274 0.286085 0.131641
0.460814 0.084595 0.454591
0.626164 0.103344 0.270492
0.38313 0.161094 0.455776
0.558039 0.156314 0.285647
0.253965 0.529935 0.2161
0.360234 0.517165 0.122601
0.530006 0.179311 0.290683
0.25393 0.460192 0.285878
0.113751 0.594184 0.292064
0.470786 0.182925 0.346289
0.349522 0.265774 0.384704
0.371095 0.332485 0.29642
0.320341 0.401438 0.278222
0.386698 0.141837 0.471465
0.428507 0.347007 0.224486
0.262617 0.671886 0.0654975
0.379578 0.0845712 0.535851
0.309592 0.209917 0.480491
0.215474 0.288038 0.496488
0.189138 0.148153 0.662709
0.355955 0.129642 0.514403
0.278467 0.156418 0.565116
0.148749 0.370033 0.481219
0.318074 0.167642 0.514284
0.209106 0.217383 0.573511
0.264571 0.272576 0.462852
0.474372 0.223479 0.302149
0.496332 0.0960386 0.407629
0.415045 0.117234 0.467721
0.493568 0.0224536 0.483978
0.180808 0.2243 0.594891
0.318831 0.17102 0.510149
0.224337 0.445442 0.330221
0.291699 0.132351 0.57595
0.223731 0.316144 0.460126
0.104151 0.861603 0.0342462
0.739436 0.260464 9.9991E-05
0.723261 0.276639 9.9991E-05
0.724331 0.275569 9.9991E-05
0.785679 0.214221 9.9991E-05
0.741852 0.258048 9.9991E-05
0.807116 0.192784 9.9991E-05
0.714886 0.285014 9.9991E-05
0.563472 0.436428 9.9991E-05
9.9991E-05 0.914875 0.0850249
0.0618356 0.845306 0.092858
9.9991E-05 0.893814 0.106086
0.0892024 0.872075 0.0387229
9.9991E-05 0.877724 0.122176
0.0332506 0.922395 0.0443542
0.0117374 0.787595 0.200668
9.9991E-05 0.85203 0.14787
0.0857488 0.746703 0.167548
9.9991E-05 0.88531 0.11459
9.9991E-05 0.967847 0.0320529
0.00342171 0.879188 0.117391
9.9991E-05 0.919426 0.0804739
9.9991E-05 0.87061 0.12929
9.9991E-05 0.85673 0.14317
9.9991E-05 0.806858 0.193042
9.9991E-05 0.743227 0.256673
9.9991E-05 0.77086 0.22904
9.9991E-05 0.811158 0.188742
0.552055 0.205297 0.242648
0.617387 0.0545249 0.328088
0.495432 0.0910195 0.413549
0.770172 0.168667 0.0611604
0.602895 0.0711525 0.325953
0.646809 0.283572 0.0696196
0.587006 9.9991E-05 0.412894
0.683182 0.153651 0.163167
0.668819 0.0313789 0.299802
0.727382 9.9991E-05 0.272518
0.650026 0.0868257 0.263148
0.60191 9.9991E-05 0.39799
0.577983 0.091264 0.330753
0.852716 0.147184 9.9991E-05
0.794542 0.205358 9.9991E-05
0.706682 0.222966 0.0703516
0.4819 0.0993906 0.418709
0.560199 0.120075 0.319727
0.535724 0.07597 0.388306
0.55569 9.9991E-05 0.44421
0.345966 0.123296 0.530737
0.422976 0.09452 0.482504
0.289752 0.489215 0.221033
0.511733 0.0875135 0.400754
0.325178 0.22582 0.449002
0.248292 0.586365 0.165344
0.282772 0.246842 0.470386
0.311342 0.345195 0.343463
0.37777 0.292995 0.329235
0.373989 0.128321 0.497691
0.349281 0.154598 0.496121
0.430285 0.0696514 0.500064
0.42383 0.177376 0.398794
0.190041 0.448834 0.361125
