0.923484 9.9991E-05 0.0764161
0.962196 0.00203426 0.0357695
0.830368 9.9991E-05 0.169532
0.805062 9.9991E-05 0.194838
0.858202 9.9991E-05 0.141698
0.644288 0.231393 0.124319
0.864711 0.101088 0.034201
0.772656 0.147003 0.0803414
0.926415 0.073485 9.9991E-05
0.744466 0.0492908 0.206243
0.793525 0.17222 0.034255
0.0982106 0.772781 0.129009
0.0225774 0.637169 0.340254
0.156147 0.698159 0.145694
0.132269 0.60976 0.257971
0.12771 0.60447 0.26782
0.0483781 0.53035 0.421272
0.0496116 0.693191 0.257197
0.223506 0.557096 0.219398
0.258001 0.741899 9.9991E-05
0.0609264 0.650435 0.288639
0.0705582 0.635221 0.294221
0.010575 0.620634 0.368791
0.137826 0.639432 0.222742
0.0539262 0.517193 0.428881
0.0886996 0.552921 0.358379
0.173677 0.674525 0.151798
0.164593 0.59978 0.235627
0.139115 0.763532 0.0973533
0.776663 9.9991E-05 0.223237
0.792277 9.9991E-05 0.207623
0.748473 0.0427285 0.208798
0.775675 0.00803625 0.216289
9.9991E-05 0.660798 0.339102
0.0684682 0.626209 0.305323
9.9991E-05 0.588788 0.411112
0.25285 0.745336 0.00181442
0.000668518 0.744081 0.25525
0.0118174 0.630573 0.35761
9.9991E-05 0.541401 0.458499
0.063797 0.585558 0.350645
0.0203701 0.551277 0.428353
0.0865357 0.88755 0.0259141
9.9991E-05 0.569005 0.430895
9.9991E-05 0.566991 0.432909
0.0734635 0.527079 0.399457
9.9991E-05 0.808569 0.191331
9.9991E-05 0.588941 0.410959
0.0774429 0.532724 0.389833
0.177575 0.822325 9.9991E-05
0.102945 0.882076 0.0149787
0.15295 0.833865 0.0131849
0.0545965 0.561856 0.383547
0.0581964 0.468491 0.473312
0.0371799 0.566597 0.396223
0.177699 0.784196 0.0381054
9.9991E-05 0.680529 0.319371
0.0299946 0.51084 0.459166
0.157013 0.629475 0.213513
0.333972 0.632808 0.0332199
0.115002 0.558014 0.326984
0.135153 0.593614 0.271233
0.204351 0.795549 9.9991E-05
9.9991E-05 0.666246 0.333654
9.9991E-05 0.551226 0.448674
0.0708436 0.524815 0.404341
0.102128 0.67648 0.221393
9.9991E-05 0.646898 0.353002
0.00120203 0.701234 0.297564
0.126302 0.827908 0.0457902
9.9991E-05 0.756118 0.243782
0.0393519 0.871794 0.0888545
0.0393071 0.544774 0.415919
0.0458173 0.954083 9.9991E-05
0.0105857 0.989314 9.9991E-05
9.9991E-05 0.884052 0.115848
9.9991E-05 0.744571 0.255329
0.14047 0.495744 0.363786
9.9991E-05 0.712962 0.286938
0.0746163 0.810534 0.11485
0.0706573 0.85151 0.0778324
9.9991E-05 0.614086 0.385814
0.000883037 0.83858 0.160537
0.0180812 0.718767 0.263151
9.9991E-05 0.72609 0.27381
0.0685475 0.931352 9.9991E-05
9.9991E-05 0.567837 0.432063
0.795749 0.0458736 0.158378
0.880343 9.9991E-05 0.119557
0.805511 9.9991E-05 0.194389
0.886439 9.9991E-05 0.113461
0.861296 9.9991E-05 0.138604
0.876496 9.9991E-05 0.123404
0.887604 9.9991E-05 0.112296
0.0764883 0.607341 0.316171
0.0415589 0.484036 0.474406
0.0421014 0.957799 9.9991E-05
0.0481277 0.581077 0.370795
9.9991E-05 0.72732 0.27258
9.9991E-05 0.651732 0.348168
0.0272117 0.624948 0.347841
9.9991E-05 0.647839 0.352061
0.134716 0.865184 9.9991E-05
0.0403478 0.626295 0.333358
0.0134017 0.572268 0.41433
0.00625616 0.574652 0.419091
0.011437 0.798114 0.190449
9.9991E-05 0.671967 0.327933
0.0475747 0.664056 0.28837
9.9991E-05 0.717501 0.282399
9.9991E-05 0.797565 0.202335
0.0313762 0.618486 0.350138
0.152737 0.781969 0.0652937
0.13753 0.541629 0.320842
0.1109 0.544035 0.345065
0.0595259 0.59093 0.349544
0.0709315 0.657947 0.271122
9.9991E-05 0.633692 0.366208
0.0562726 0.70253 0.241197
9.9991E-05 0.620211 0.379689
0.0025284 0.549372 0.4481
0.0114044 0.617243 0.371353
0.0173708 0.742599 0.24003
9.9991E-05 0.588506 0.411394
0.0701863 0.59386 0.335954
9.9991E-05 0.624716 0.375184
0.0681968 0.585391 0.346412
0.0242895 0.595708 0.380003
0.123123 0.649248 0.227629
9.9991E-05 0.539189 0.460711
9.9991E-05 0.558899 0.441001
0.133358 0.710968 0.155674
0.13316 0.794665 0.072175
0.0615578 0.590631 0.347811
0.0547258 0.90238 0.042894
0.160645 0.759693 0.0796627
0.0491582 0.785751 0.16509
0.0696582 0.848809 0.0815329
0.0993181 0.791532 0.10915
0.0881882 0.486302 0.425509
0.0619742 0.530083 0.407943
0.149446 0.588571 0.261983
0.0958143 0.811635 0.0925509
0.127771 0.470899 0.40133
0.0284777 0.596747 0.374776
0.27662 0.72328 9.9991E-05
0.0520169 0.501927 0.446056
0.133286 0.672087 0.194627
0.100096 0.565343 0.334561
0.169824 0.701023 0.129153
0.167537 0.79284 0.0396222
0.0337778 0.70423 0.261992
0.0360858 0.652263 0.311651
0.111766 0.585711 0.302523
0.226946 0.668051 0.105003
0.0893194 0.537827 0.372854
9.9991E-05 0.851581 0.148319
0.0162925 0.727946 0.255762
0.0989493 0.524495 0.376556
0.40822 0.207944 0.383837
0.762649 0.1013 0.13605
0.685005 0.173798 0.141197
0.441983 0.148463 0.409554
9.9991E-05 0.593377 0.406523
0.0242804 0.547853 0.427866
0.000473375 0.134873 0.864653
0.0422332 0.325569 0.632198
0.0387969 0.35215 0.609053
0.064452 0.758457 0.177091
0.0487666 0.55304 0.398194
0.0718251 0.787155 0.14102
9.9991E-05 0.629018 0.370882
0.00333719 0.648958 0.347705
0.0236855 0.556664 0.419651
0.124095 0.775669 0.100237
9.9991E-05 0.525261 0.474639
0.0320862 0.531386 0.436527
0.03942 9.9991E-05 0.96048
0.0259114 9.9991E-05 0.973989
0.13678 0.109453 0.753767
0.0250368 0.0201692 0.954794
0.0326222 0.0486014 0.918776
0.0723732 9.9991E-05 0.927527
0.100113 9.9991E-05 0.899787
9.999E-05 9.999E-05 0.9998
0.0348027 9.9991E-05 0.965097
0.037913 9.9991E-05 0.961987
0.0501484 9.9991E-05 0.949752
0.0837702 0.0196252 0.896605
0.185172 9.9991E-05 0.814728
0.0468105 9.9991E-05 0.95309
0.0632844 0.344811 0.591904
0.141796 0.07019 0.788014
0.12772 0.0400845 0.832196
0.101 9.9991E-05 0.8989
0.0643444 9.9991E-05 0.935556
0.102695 9.9991E-05 0.897205
0.0391431 9.9991E-05 0.960757
0.0580614 0.17535 0.766588
0.109531 9.9991E-05 0.890369
0.549367 0.423917 0.0267156
0.215363 0.487568 0.297069
0.202637 0.415888 0.381475
0.34988 0.447236 0.202884
0.12046 0.42091 0.458631
0.310317 0.436677 0.253006
0.159905 0.499521 0.340574
0.173082 0.414133 0.412785
0.107681 0.436716 0.455603
0.212959 0.356232 0.430808
0.186339 0.400402 0.413259
0.874137 0.0924197 0.0334433
0.915919 9.9991E-05 0.0839813
0.963321 0.0143839 0.0222954
0.933948 9.9991E-05 0.0659523
0.895819 9.9991E-05 0.104081
0.865825 9.9991E-05 0.134075
0.83622 9.9991E-05 0.16368
0.907366 0.00286639 0.089768
0.874693 9.9991E-05 0.125207
0.835612 9.9991E-05 0.164288
0.710151 0.289749 9.9991E-05
0.710388 0.289512 9.9991E-05
0.652592 0.347308 9.9991E-05
0.623232 0.376668 9.9991E-05
0.0013793 0.642341 0.356279
9.9991E-05 0.634769 0.365131
9.9991E-05 0.676312 0.323588
0.0828346 0.774068 0.143097
0.094343 0.887092 0.0185654
0.00662907 0.648384 0.344987
9.9991E-05 0.650741 0.349159
9.9991E-05 0.705714 0.294186
9.9991E-05 0.76914 0.23076
0.00208956 0.586189 0.411722
0.0314925 0.70783 0.260678
0.0445664 0.955334 9.9991E-05
0.0410229 0.633922 0.325055
0.0290952 0.837223 0.133682
9.9991E-05 0.71055 0.28935
0.0483021 0.939301 0.012397
0.354774 0.645126 9.9991E-05
0.287673 0.712227 9.9991E-05
0.248175 0.751725 9.9991E-05
0.297577 0.702323 9.9991E-05
0.24462 0.75528 9.9991E-05
0.2738 0.7261 9.9991E-05
0.825049 9.9991E-05 0.174851
0.819877 9.9991E-05 0.180023
0.736206 9.9991E-05 0.263694
0.792082 9.9991E-05 0.207818
0.806271 9.9991E-05 0.193629
0.557644 0.442256 9.9991E-05
0.597641 0.402259 9.9991E-05
0.5499 0.45 9.9991E-05
0.798585 9.9991E-05 0.201315
0.517831 0.482069 9.9991E-05
0.286383 0.165356 0.548262
0.116029 0.338102 0.545868
0.144146 0.214085 0.641769
0.263489 0.263895 0.472616
0.146069 0.440994 0.412938
0.562545 0.0677507 0.369704
9.9991E-05 0.753427 0.246473
0.0761504 0.731461 0.192388
0.209715 0.709562 0.0807232
9.9991E-05 0.749105 0.250795
0.11035 0.88955 9.9991E-05
0.10372 0.52265 0.37363
0.072837 0.64105 0.286113
0.139138 0.766997 0.0938655
0.0575585 0.55334 0.389102
0.106195 0.893705 9.9991E-05
0.0145842 0.69471 0.290706
0.00473164 0.694121 0.301147
0.159578 0.428112 0.41231
9.9991E-05 0.810976 0.188924
0.046318 0.670857 0.282825
9.9991E-05 0.664524 0.335376
9.9991E-05 0.695413 0.304487
9.9991E-05 0.615864 0.384036
0.0231435 0.571342 0.405514
0.0331549 0.588561 0.378285
0.746478 9.9991E-05 0.253422
0.830384 9.9991E-05 0.169516
0.809284 0.103175 0.0875407
0.811603 0.0488648 0.139533
0.79282 9.9991E-05 0.20708
0.160014 0.786758 0.0532282
0.0475973 0.645828 0.306575
0.15549 0.355506 0.489004
9.9991E-05 0.524431 0.475469
0.0304403 0.682831 0.286728
0.064638 0.688742 0.24662
0.294982 0.704918 9.9991E-05
0.0425379 0.665725 0.291737
0.17881 0.782519 0.0386708
0.0139628 0.729671 0.256366
0.305965 0.677175 0.01686
0.0101407 0.560444 0.429416
0.222778 0.719919 0.0573024
0.0824156 0.699726 0.217859
0.0726449 0.653288 0.274067
0.0978925 0.737088 0.16502
0.0507828 0.596035 0.353182
0.151624 0.438521 0.409856
0.0805186 0.740645 0.178836
0.0857422 0.599186 0.315072
0.0521727 0.628233 0.319594
0.0892073 0.910693 9.9991E-05
0.052829 0.844102 0.103069
0.0241197 0.651662 0.324218
0.133452 0.864908 0.00164007
0.0552325 0.746799 0.197968
0.17372 0.807406 0.0188742
9.9991E-05 0.86569 0.13421
0.0967798 0.678831 0.224389
9.9991E-05 0.569049 0.430851
0.0163101 0.900502 0.0831883
0.0508442 0.508023 0.441133
0.0241318 0.595503 0.380365
9.9991E-05 0.626658 0.373242
0.0152989 0.635783 0.348918
0.05472 0.668381 0.276899
0.0783246 0.777691 0.143984
0.124726 0.650087 0.225186
9.9991E-05 0.622694 0.377206
9.9991E-05 0.552525 0.447375
0.0723752 0.723091 0.204534
9.9991E-05 0.625946 0.373954
0.114089 0.692298 0.193613
9.9991E-05 0.621132 0.378768
0.0619092 0.586834 0.351257
0.0254602 0.54218 0.43236
0.246709 0.300024 0.453268
0.109354 0.332534 0.558112
0.173352 0.394304 0.432344
0.064654 0.471953 0.463393
0.184155 0.290324 0.525521
9.9991E-05 0.726969 0.272931
0.114488 0.4607 0.424812
0.366047 0.457011 0.176942
0.119054 0.462699 0.418247
0.0956155 0.371381 0.533003
0.0494753 0.429288 0.521237
0.20125 0.46432 0.334429
0.146622 0.352115 0.501263
0.0868984 0.333012 0.58009
0.677369 0.154412 0.168218
0.137058 0.277556 0.585386
0.134401 0.344013 0.521586
0.0434014 0.454491 0.502108
0.130764 0.290144 0.579092
0.0837392 0.389856 0.526404
9.9991E-05 0.671378 0.328522
0.0892158 0.522454 0.38833
0.0224822 0.977418 9.9991E-05
0.0961247 0.903775 9.9991E-05
0.0132403 0.614961 0.371799
0.127075 0.278202 0.594722
0.0888935 0.2543 0.656806
0.248455 0.315325 0.43622
0.160802 0.331439 0.507759
0.173169 0.664565 0.162266
0.142268 0.655375 0.202357
0.00825637 0.533648 0.458096
0.0389003 0.588376 0.372724
0.149496 0.597005 0.253498
0.0462244 0.536419 0.417356
0.0363878 0.561753 0.40186
0.0802408 0.489941 0.429818
0.0777788 0.787251 0.13497
0.000217049 0.790973 0.20881
0.0060843 0.684193 0.309723
0.0913453 0.679126 0.229529
0.011073 0.619697 0.36923
9.9991E-05 0.767518 0.232382
0.0207996 0.870776 0.108424
9.9991E-05 0.644424 0.355476
0.0313525 0.802518 0.166129
9.9991E-05 0.698124 0.301776
0.0185737 0.583134 0.398293
9.9991E-05 0.69617 0.30373
0.155189 0.41409 0.430721
0.18227 0.439317 0.378413
0.223868 0.318303 0.457829
0.230127 0.349684 0.420189
0.165855 0.421842 0.412304
0.18427 0.391791 0.423939
0.340426 0.524042 0.135532
0.0361631 0.333684 0.630153
0.576969 0.285726 0.137305
9.9991E-05 0.384105 0.615795
0.012955 0.963734 0.0233107
0.0823498 0.91755 9.9991E-05
9.9991E-05 0.741094 0.258806
9.9991E-05 0.577971 0.421929
9.9991E-05 0.829015 0.170885
9.9991E-05 0.67586 0.32404
9.9991E-05 0.696259 0.303641
0.796834 0.0399293 0.163237
0.76491 0.0745304 0.160559
0.895856 9.9991E-05 0.104044
0.916249 9.9991E-05 0.0836513
0.0243646 0.687457 0.288178
0.0430915 0.671873 0.285035
9.9991E-05 0.712966 0.286934
0.0106422 0.621969 0.367389
0.0537597 0.531975 0.414265
0.0879341 0.823708 0.0883579
9.9991E-05 0.637515 0.362385
9.9991E-05 0.804782 0.195118
0.253099 0.256149 0.490752
9.9991E-05 0.748772 0.251128
9.9991E-05 0.80123 0.19867
9.9991E-05 0.673849 0.326051
9.9991E-05 0.79325 0.20665
9.9991E-05 0.633392 0.366508
9.9991E-05 0.633605 0.366295
9.9991E-05 0.9595 0.0404002
9.9991E-05 0.839161 0.160739
9.9991E-05 0.788273 0.211627
0.0454809 0.954419 9.9991E-05
9.9991E-05 0.733491 0.266409
0.0390484 0.925527 0.035425
0.0803918 0.919508 9.9991E-05
9.9991E-05 0.678059 0.321841
0.0230529 0.888642 0.0883052
9.9991E-05 0.694143 0.305757
0.0290324 0.568955 0.402012
9.9991E-05 0.660508 0.339392
0.00894173 0.769966 0.221092
9.9991E-05 0.678806 0.321094
9.9991E-05 0.705781 0.294119
9.9991E-05 0.81215 0.18775
9.9991E-05 0.623644 0.376256
0.734945 0.264955 9.9991E-05
0.792073 0.120016 0.0879112
0.913829 0.0860707 9.9991E-05
0.875263 0.124637 9.9991E-05
0.802041 0.187681 0.0102783
0.0588242 0.911871 0.0293046
0.1128 0.8871 9.9991E-05
9.9991E-05 0.904699 0.0952006
0.086876 0.493192 0.419931
0.0827775 0.519419 0.397803
0.0106761 0.791253 0.198071
9.9991E-05 0.581006 0.418894
0.0375192 0.677111 0.28537
9.9991E-05 0.675739 0.324161
9.9991E-05 0.673011 0.326889
0.00769157 0.850456 0.141853
9.9991E-05 0.761313 0.238587
9.9991E-05 0.83795 0.16195
0.0268305 0.511821 0.461348
9.9991E-05 0.786744 0.213156
9.9991E-05 0.748661 0.251239
0.018784 0.23647 0.744746
0.133911 0.211249 0.65484
0.0728896 0.111325 0.815786
0.139472 0.116934 0.743595
0.0950341 0.283111 0.621855
9.9991E-05 0.619467 0.380433
0.292402 9.9991E-05 0.707498
0.184572 0.104713 0.710715
0.189768 0.396945 0.413286
0.0974818 0.522134 0.380384
0.130428 0.601179 0.268393
0.085319 0.524989 0.389692
0.0147706 0.50332 0.48191
0.212204 0.0315246 0.756272
0.152803 0.220867 0.62633
0.0936035 0.100428 0.805969
0.096564 0.332973 0.570463
0.164887 0.0797708 0.755343
0.11492 0.196993 0.688087
0.146251 0.09464 0.759109
0.0970147 0.27135 0.631635
0.0770157 0.562912 0.360073
0.109424 0.301733 0.588844
0.207387 9.9991E-05 0.792513
0.127913 0.211482 0.660605
0.244455 0.6781 0.0774451
0.0265147 0.564095 0.40939
0.105859 0.298591 0.595551
0.0793535 0.503372 0.417274
0.101018 0.601369 0.297614
0.182585 0.377323 0.440092
0.255658 0.234355 0.509987
0.0466705 0.449554 0.503775
0.173446 0.18434 0.642214
0.0755656 0.109308 0.815127
0.270664 0.00393331 0.725403
0.0983377 0.517546 0.384116
0.117389 0.637223 0.245388
0.255566 0.642822 0.101612
0.025242 0.497662 0.477096
0.101772 0.60625 0.291978
0.120416 0.34322 0.536364
0.202692 0.451803 0.345505
0.520366 0.29419 0.185444
0.50923 0.348348 0.142422
0.150452 0.492756 0.356792
0.474736 0.272895 0.252369
0.559862 0.178461 0.261677
0.158538 0.505609 0.335853
0.216391 0.381704 0.401905
0.379898 0.34874 0.271362
0.417019 0.354199 0.228781
0.136514 0.410252 0.453233
0.297198 0.450206 0.252595
0.653827 0.286659 0.0595146
0.156681 0.368718 0.474601
0.177312 0.33079 0.491898
0.216337 0.291849 0.491814
0.141909 0.200166 0.657925
0.128964 0.394622 0.476414
0.109592 0.31031 0.580098
0.364244 0.112956 0.5228
0.187291 0.256851 0.555859
0.2184 0.197047 0.584553
0.212163 0.317589 0.470248
0.160813 0.554671 0.284516
0.145442 0.407834 0.446724
0.197323 0.326469 0.476208
0.0899104 0.428442 0.481648
0.257677 0.260352 0.481972
0.19251 0.398341 0.409149
0.424817 0.217259 0.357924
0.157825 0.287262 0.554913
0.354497 0.153608 0.491895
0.852961 0.11866 0.0283795
0.237474 0.752523 0.0100023
0.241607 0.758293 9.9991E-05
0.264561 0.735339 9.9991E-05
0.222605 0.777295 9.9991E-05
0.288558 0.711342 9.9991E-05
0.230126 0.769774 9.9991E-05
0.302696 0.697204 9.9991E-05
0.420399 0.579501 9.9991E-05
0.90021 9.9991E-05 0.0996904
0.84207 0.0657736 0.0921566
0.840262 9.9991E-05 0.159638
0.866011 0.083676 0.050313
0.899849 9.9991E-05 0.100051
0.90126 0.00710658 0.0916336
0.753493 9.9991E-05 0.246407
0.853179 9.9991E-05 0.146721
0.741323 0.122895 0.135781
0.877416 9.9991E-05 0.122484
0.966956 9.9991E-05 0.0329445
0.874859 0.000153719 0.124987
0.936043 9.9991E-05 0.063857
0.877295 9.9991E-05 0.122605
0.847399 9.9991E-05 0.152501
0.77182 9.9991E-05 0.22808
0.727693 9.9991E-05 0.272207
0.718636 9.9991E-05 0.281264
0.776897 9.9991E-05 0.223003
0.125304 0.578892 0.295804
9.9991E-05 0.559072 0.440828
0.070954 0.441936 0.48711
0.165451 0.750325 0.0842238
0.107422 0.557956 0.334622
0.288667 0.634355 0.0769777
0.0253408 0.482228 0.492432
0.0759922 0.734926 0.189082
0.0648805 0.665106 0.270014
9.9991E-05 0.679052 0.320848
0.100344 0.658667 0.240989
0.0178701 0.578836 0.403294
0.0858224 0.556988 0.357189
0.154109 0.840251 0.00563972
0.217829 0.782071 9.9991E-05
0.17633 0.74734 0.0763297
0.0731765 0.531221 0.395603
0.0922021 0.590036 0.317762
0.0847445 0.576821 0.338435
0.0436112 0.522915 0.433474
0.178999 0.348334 0.472667
0.143512 0.302215 0.554273
0.478477 0.286853 0.23467
0.0824821 0.5243 0.393218
0.200108 0.400688 0.399205
0.604928 0.220014 0.175058
0.288543 0.286366 0.425091
0.337908 0.253411 0.408681
0.318386 0.330269 0.351346
0.149655 0.400097 0.450248
0.150539 0.274139 0.575322
0.170196 0.345965 0.483839
0.144323 0.417019 0.438657
0.400794 0.247086 0.35212
