0.890691 0.109209 9.9991E-05
0.958313 0.0415869 9.9991E-05
0.892114 0.0961952 0.0116908
0.837189 0.134866 0.0279442
0.890669 0.109231 9.9991E-05
0.698154 0.133744 0.168102
0.854457 0.0618249 0.083718
0.79966 0.0606015 0.139738
0.930563 9.9991E-05 0.0693369
0.791358 0.0691079 0.139534
0.773567 0.107497 0.118936
0.158341 0.083662 0.757997
0.0293485 0.338541 0.632111
0.110629 0.157695 0.731675
0.164384 0.199565 0.636051
0.0914694 0.358188 0.550343
0.0177829 0.386662 0.595555
0.0339549 0.299925 0.66612
0.206539 0.188778 0.604683
0.224155 9.9991E-05 0.775745
0.0567401 0.23662 0.70664
0.0525817 0.280923 0.666496
0.0355371 0.351195 0.613268
0.156369 0.133492 0.710139
0.0134233 0.444413 0.542164
0.0242168 0.323371 0.652412
0.168125 0.096488 0.735387
0.130123 0.195871 0.674005
0.12675 0.0464321 0.826818
0.849062 0.150838 9.9991E-05
0.853368 0.146532 9.9991E-05
0.784392 0.215508 9.9991E-05
0.723242 0.276658 9.9991E-05
0.0520918 0.270317 0.677591
0.0267729 0.346648 0.626579
9.9991E-05 0.328798 0.671102
0.194572 9.9991E-05 0.805328
9.9991E-05 0.153404 0.846496
0.0551742 0.338573 0.606253
9.9991E-05 0.405986 0.593914
0.0579938 0.322569 0.619438
0.0641427 0.360883 0.574974
0.085919 0.0105902 0.903491
0.0105308 0.402145 0.587324
0.0277434 0.388662 0.583595
0.103924 0.384113 0.511964
9.9991E-05 0.153435 0.846465
9.9991E-05 0.384037 0.615863
0.104466 0.348132 0.547402
0.126785 9.9991E-05 0.873115
0.113114 9.9991E-05 0.886786
0.139244 0.0626334 0.798123
0.0430552 0.387647 0.569298
0.0312512 0.414711 0.554037
0.0345099 0.42324 0.54225
0.216326 0.0579988 0.725675
9.9991E-05 0.288749 0.711151
0.039273 0.35984 0.600887
0.128299 0.215054 0.656647
0.288815 0.0102114 0.700973
0.0253031 0.342406 0.632291
0.077247 0.306492 0.616261
0.214676 9.9991E-05 0.785224
0.0473252 0.223761 0.728914
9.9991E-05 0.39357 0.60633
0.0609139 0.364867 0.57422
0.146708 0.145227 0.708065
0.0357189 0.307372 0.656909
0.0129207 0.374273 0.612806
0.151667 0.07627 0.772063
9.9991E-05 0.268946 0.730954
0.0114035 0.102235 0.886361
0.0324256 0.342334 0.625241
0.0108248 9.9991E-05 0.989075
9.999E-05 9.999E-05 0.9998
9.9991E-05 0.106728 0.893172
9.9991E-05 0.236007 0.763893
0.0726377 0.376165 0.551198
9.9991E-05 0.243151 0.756749
0.0884621 0.0370862 0.874452
0.0346664 0.109413 0.85592
0.0167104 0.380881 0.602409
0.0207245 0.195136 0.784139
9.9991E-05 0.221849 0.778051
9.9991E-05 0.247048 0.752852
0.0862746 9.9991E-05 0.913625
9.9991E-05 0.380262 0.619638
0.859426 0.112051 0.0285225
0.882201 0.117699 9.9991E-05
0.82426 0.17564 9.9991E-05
0.897341 0.102559 9.9991E-05
0.924848 0.0750521 9.9991E-05
0.833804 0.166096 9.9991E-05
0.892359 0.107541 9.9991E-05
0.022227 0.365211 0.612562
0.0706231 0.393023 0.536354
0.10182 9.9991E-05 0.898081
0.0112458 0.37122 0.617534
0.0133801 0.175298 0.811322
0.0077971 0.308366 0.683836
9.9991E-05 0.364172 0.635728
9.9991E-05 0.331605 0.668295
0.103297 9.9991E-05 0.896603
0.0761042 0.31355 0.610346
9.9991E-05 0.443938 0.555962
0.0712268 0.400205 0.528568
0.0224889 0.135873 0.841638
9.9991E-05 0.293626 0.706274
9.9991E-05 0.226177 0.773723
9.9991E-05 0.213451 0.786449
0.0210814 0.251012 0.727906
0.0519633 0.341576 0.606461
0.112574 0.152676 0.73475
0.110342 0.222408 0.66725
0.0949503 0.343459 0.561591
0.0839051 0.372717 0.543377
0.0677402 0.242092 0.690168
0.0171445 0.366381 0.616475
0.106351 0.244285 0.649364
0.0669229 0.316938 0.616139
0.0520074 0.379681 0.568312
0.0380394 0.331898 0.630063
0.0395046 0.296223 0.664272
0.018371 0.403938 0.577691
0.0661205 0.366126 0.567753
9.9991E-05 0.391786 0.608114
0.039648 0.411778 0.548574
9.9991E-05 0.370038 0.629862
0.158649 0.206218 0.635133
0.00560098 0.391752 0.602647
9.9991E-05 0.4274 0.5725
0.149358 0.0831896 0.767452
0.127768 0.0542685 0.817964
0.0693888 0.299544 0.631067
0.0746309 9.9991E-05 0.925269
0.0846722 0.13203 0.783298
9.9991E-05 0.208238 0.791662
0.0895678 0.128464 0.781968
0.0576096 0.143954 0.798436
0.0236379 0.357424 0.618938
0.0378579 0.409471 0.552671
0.0299251 0.356326 0.613749
0.120054 0.0438332 0.836113
0.116463 0.350116 0.533421
0.0871274 0.310064 0.602808
0.286951 9.9991E-05 0.712949
9.9991E-05 0.460372 0.539528
0.125884 0.197918 0.676198
0.115168 0.343911 0.54092
0.186651 0.0801561 0.733192
0.199778 9.9991E-05 0.800122
0.0793203 0.216498 0.704182
0.0647196 0.347236 0.588045
0.174473 0.294888 0.530639
0.178661 0.0857708 0.735568
0.0833217 0.386638 0.53004
9.9991E-05 0.0997906 0.900109
9.9991E-05 0.204387 0.795513
0.0677857 0.375348 0.556866
0.444511 0.339376 0.216114
0.721079 0.113861 0.16506
0.726165 0.113637 0.160197
0.46512 0.312137 0.222743
9.9991E-05 0.328566 0.671334
0.0530079 0.402793 0.544199
9.9991E-05 0.89309 0.10681
0.0256471 0.689569 0.284784
0.108172 0.651662 0.240166
0.0748724 0.0973197 0.827808
0.0499383 0.352519 0.597542
0.0629453 0.0816737 0.855381
0.0111447 0.346954 0.641901
0.0617162 0.293586 0.644698
9.9991E-05 0.328288 0.671612
0.0904982 0.0662227 0.843279
9.9991E-05 0.445404 0.554496
0.0817095 0.355853 0.562437
0.0644539 0.935446 9.9991E-05
0.0800926 0.919807 9.9991E-05
0.0966134 0.73439 0.168996
0.00625203 0.846397 0.147351
0.0781701 0.90247 0.0193602
0.0702785 0.929621 9.9991E-05
0.0782796 0.92162 9.9991E-05
0.0137996 0.985686 0.000514714
0.103739 0.896161 9.9991E-05
0.0630855 0.936814 9.9991E-05
0.0623796 0.93752 9.9991E-05
0.0609732 0.907624 0.0314028
0.116644 0.857585 0.0257716
0.0406352 0.959265 9.9991E-05
0.0773627 0.599996 0.322641
0.0914005 0.826053 0.0825464
0.0895896 0.91031 9.9991E-05
0.0680898 0.93181 9.9991E-05
0.0432356 0.956664 9.9991E-05
0.0957315 0.904168 9.9991E-05
0.0809468 0.918953 9.9991E-05
0.0864336 0.825223 0.0883431
0.0768498 0.92305 9.9991E-05
0.471463 0.0311052 0.497432
0.236452 0.317841 0.445707
0.158566 0.332389 0.509045
0.311173 0.205524 0.483304
0.155694 0.359224 0.485082
0.353707 0.164925 0.481368
0.178088 0.355156 0.466755
0.234673 0.296601 0.468726
0.148923 0.405729 0.445348
0.226269 0.377119 0.396612
0.189273 0.371795 0.438932
0.87704 0.111134 0.0118263
0.885958 0.113942 9.9991E-05
0.948594 0.0513061 9.9991E-05
0.962596 0.0373044 9.9991E-05
0.901565 0.0936549 0.00478046
0.943006 0.0568937 9.9991E-05
0.892236 0.107664 9.9991E-05
0.946599 0.0533008 9.9991E-05
0.891175 0.097311 0.0115136
0.91931 0.0805901 9.9991E-05
0.710549 9.9991E-05 0.289351
0.717203 9.9991E-05 0.282697
0.643456 9.9991E-05 0.356444
0.604313 9.9991E-05 0.395587
0.0581136 0.283774 0.658113
9.9991E-05 0.321017 0.678883
0.010662 0.314817 0.674521
0.0585366 0.171494 0.769969
0.104997 0.0353824 0.859621
9.9991E-05 0.3797 0.6202
9.9991E-05 0.333628 0.666272
9.9991E-05 0.295261 0.704639
9.9991E-05 0.223081 0.776819
9.9991E-05 0.398802 0.601098
9.9991E-05 0.205255 0.794645
9.999E-05 9.999E-05 0.9998
0.0298482 0.348814 0.621338
9.9991E-05 0.0672121 0.932688
9.9991E-05 0.337482 0.662418
0.0571808 0.0242994 0.91852
0.35076 9.9991E-05 0.64914
0.315532 9.9991E-05 0.684368
0.302693 9.9991E-05 0.697207
0.32049 9.9991E-05 0.67941
0.252224 9.9991E-05 0.747676
0.286824 9.9991E-05 0.713076
0.85378 0.14612 9.9991E-05
0.82116 0.142302 0.0365383
0.766628 0.183553 0.0498188
0.858289 0.141611 9.9991E-05
0.79371 0.187353 0.0189368
0.569079 9.9991E-05 0.430821
0.578429 9.9991E-05 0.421471
0.590497 9.9991E-05 0.409403
0.829806 0.122495 0.0476992
0.544791 9.9991E-05 0.455109
0.297567 0.505955 0.196478
0.146948 0.556269 0.296784
0.138199 0.642723 0.219077
0.280959 0.475755 0.243287
0.122812 0.431744 0.445444
0.58355 0.318855 0.0975947
0.0482304 0.202927 0.748842
9.9991E-05 0.226195 0.773705
0.114869 0.0618793 0.823252
9.9991E-05 0.286889 0.713011
0.110559 9.9991E-05 0.889341
0.046601 0.372957 0.580442
0.0249024 0.317587 0.657511
0.0977844 0.114509 0.787707
0.0655663 0.349674 0.58476
0.0980528 9.9991E-05 0.901847
0.00107269 0.309013 0.689914
0.0209245 0.254753 0.724322
0.0962701 0.383355 0.520375
0.0448172 0.139383 0.8158
0.0142154 0.238973 0.746811
9.9991E-05 0.348103 0.651797
9.9991E-05 0.293759 0.706141
9.9991E-05 0.434559 0.565341
0.0629742 0.342118 0.594908
0.0569516 0.335343 0.607705
0.809987 0.189913 9.9991E-05
0.836685 0.163215 9.9991E-05
0.900532 0.0993681 9.9991E-05
0.890436 0.109464 9.9991E-05
0.87547 0.12443 9.9991E-05
0.191028 0.0171648 0.791808
0.0524066 0.361556 0.586037
0.183228 0.469559 0.347213
9.9991E-05 0.417207 0.582693
0.0173913 0.302235 0.680373
0.10004 0.119934 0.780026
0.242735 9.9991E-05 0.757165
0.105925 0.241492 0.652583
0.171631 0.0992796 0.72909
0.0245003 0.295773 0.679726
0.24718 9.9991E-05 0.75272
0.0691922 0.372638 0.55817
0.177994 0.00687418 0.815132
0.10383 0.183453 0.712717
0.0474505 0.317958 0.634592
0.0720811 0.125013 0.802906
0.0789864 0.275428 0.645585
0.0486815 0.341728 0.609591
0.0841603 0.0472664 0.868573
0.0647082 0.366494 0.568797
0.0628463 0.24065 0.696504
0.0853853 9.9991E-05 0.914515
0.127243 0.00794076 0.864816
0.0573026 0.206853 0.735844
0.107828 9.9991E-05 0.892072
0.00869382 0.220804 0.770502
0.15077 0.0297382 0.819492
0.0238317 0.138954 0.837214
0.0919638 0.242037 0.665999
0.0421311 0.350482 0.607386
0.0636383 0.0938458 0.842516
0.0321234 0.396568 0.571309
0.0176243 0.324576 0.657799
9.9991E-05 0.338357 0.661543
0.00340075 0.316922 0.679677
0.0639146 0.263699 0.672386
0.0857753 0.121531 0.792694
0.0481356 0.221699 0.730166
9.9991E-05 0.342474 0.657426
0.0448822 0.355197 0.59992
0.110117 0.214585 0.675298
0.00630692 0.339317 0.654376
0.082492 0.225254 0.692254
0.0426969 0.338248 0.619055
0.0460663 0.288101 0.665832
0.0467308 0.369884 0.583385
0.285154 0.436512 0.278333
0.110001 0.505193 0.384806
0.129297 0.452464 0.418239
0.0877901 0.463896 0.448314
0.171694 0.494273 0.334033
9.9991E-05 0.260125 0.739775
0.131984 0.448654 0.419362
0.348504 0.165517 0.485978
0.083412 0.470722 0.445866
0.123135 0.479457 0.397408
0.0575409 0.502959 0.4395
0.221482 0.285918 0.4926
0.121137 0.484879 0.393984
0.107137 0.477389 0.415474
0.708592 0.109622 0.181786
0.156536 0.519194 0.324269
0.105473 0.555173 0.339354
0.052776 0.461652 0.485572
0.106851 0.587799 0.305351
0.140814 0.457817 0.401369
0.028629 0.251733 0.719638
0.0135631 0.339775 0.646662
0.0572967 9.9991E-05 0.942603
0.10055 9.9991E-05 0.89935
0.0352911 0.353597 0.611112
0.175455 0.539877 0.284668
0.18383 0.520759 0.295411
0.232181 0.443182 0.324637
0.183888 0.47749 0.338622
0.208985 0.0842605 0.706755
0.162044 0.157158 0.680798
9.9991E-05 0.378151 0.621749
0.051238 0.361207 0.587555
0.0922321 0.190791 0.716977
0.00488832 0.413696 0.581415
9.9991E-05 0.44823 0.55167
0.0488863 0.385379 0.565735
0.00761296 0.181603 0.810785
9.9991E-05 0.224697 0.775203
0.00475485 0.314048 0.681197
0.0324093 0.266487 0.701104
0.0979417 0.308055 0.594003
9.9991E-05 0.232969 0.766931
0.0506277 0.0789984 0.870374
9.9991E-05 0.390496 0.609404
0.0318621 0.0838105 0.884327
0.00927824 0.253649 0.737072
0.0283875 0.357741 0.613871
0.0597619 0.297881 0.642357
0.148727 0.459639 0.391633
0.165789 0.405358 0.428853
0.216107 0.459539 0.324354
0.200381 0.453741 0.345879
0.0914851 0.483401 0.425113
0.109121 0.428425 0.462454
0.307844 0.101932 0.590224
0.0389316 0.551098 0.40997
0.545006 0.0945082 0.360486
0.0499381 0.470883 0.479178
0.0170913 0.0338664 0.949042
0.0586899 9.9991E-05 0.94121
9.9991E-05 0.247315 0.752585
9.9991E-05 0.36686 0.63304
9.9991E-05 0.226743 0.773157
9.9991E-05 0.331771 0.668129
9.9991E-05 0.310846 0.689054
0.88332 0.0755263 0.0411534
0.799945 0.114318 0.0857374
0.923027 0.0768726 9.9991E-05
0.935202 0.0646976 9.9991E-05
9.9991E-05 0.37466 0.62524
9.9991E-05 0.331677 0.668223
9.9991E-05 0.283099 0.716801
9.9991E-05 0.351618 0.648282
0.0188483 0.358258 0.622894
0.0229466 0.148074 0.828979
9.9991E-05 0.370558 0.629342
0.00116328 0.152882 0.845954
0.302483 0.412147 0.285369
9.9991E-05 0.260604 0.739296
9.9991E-05 0.147629 0.852271
9.9991E-05 0.302922 0.696978
9.9991E-05 0.258274 0.741626
9.9991E-05 0.328301 0.671599
9.9991E-05 0.345348 0.654552
9.999E-05 9.999E-05 0.9998
9.9991E-05 0.163517 0.836383
9.9991E-05 0.20652 0.79338
0.00597149 9.9991E-05 0.993929
0.00861139 0.233234 0.758154
0.0286246 9.9991E-05 0.971275
0.0359546 9.9991E-05 0.963945
9.9991E-05 0.35035 0.64955
0.0534414 0.0759588 0.8706
9.9991E-05 0.261559 0.738341
0.0451369 0.400821 0.554042
9.9991E-05 0.271894 0.728006
0.00615951 0.188791 0.80505
9.9991E-05 0.310389 0.689511
9.9991E-05 0.28643 0.71347
9.9991E-05 0.137251 0.862649
0.0815192 0.31345 0.605031
0.775579 9.9991E-05 0.224321
0.847684 9.9991E-05 0.152216
0.932998 9.9991E-05 0.066902
0.895451 9.9991E-05 0.104449
0.827216 0.0285788 0.144205
0.0916847 0.0407267 0.867589
0.066776 0.00832181 0.924902
9.9991E-05 0.109979 0.889921
0.0255833 0.378209 0.596208
0.0361332 0.401895 0.561972
9.9991E-05 0.180027 0.819873
9.9991E-05 0.387637 0.612263
0.00211083 0.26455 0.733339
9.9991E-05 0.274592 0.725308
9.9991E-05 0.382133 0.617767
0.0135095 0.101062 0.885429
0.00666653 0.128827 0.864506
0.0165614 0.135529 0.847909
0.0516068 0.387262 0.561131
0.00128456 0.197124 0.801592
9.9991E-05 0.211052 0.788848
0.108049 0.638174 0.253777
0.154933 0.674159 0.170908
0.0879479 0.727342 0.18471
0.190931 0.71729 0.0917796
0.0652488 0.631446 0.303305
0.022516 0.31381 0.663674
0.364261 0.635639 9.9991E-05
0.174059 0.694769 0.131172
0.184247 0.364414 0.45134
0.130384 0.301291 0.568325
0.129904 0.290635 0.579461
0.073622 0.368497 0.557881
0.0812143 0.423902 0.494884
0.189122 0.691131 0.119747
0.145849 0.610465 0.243686
0.0762664 0.783797 0.139936
0.122968 0.571428 0.305604
0.199216 0.631954 0.16883
0.119039 0.609151 0.27181
0.156088 0.733853 0.11006
0.106239 0.610945 0.282817
0.0954326 0.294725 0.609842
0.175012 0.558533 0.266455
0.263554 0.711587 0.0248584
0.144596 0.579641 0.275763
0.253472 0.130495 0.616033
0.0277777 0.393316 0.578906
0.183424 0.579785 0.236791
0.118415 0.314187 0.567398
0.134892 0.298039 0.567069
0.20578 0.424498 0.369722
0.235138 0.507973 0.256889
0.0639461 0.443527 0.492527
0.11042 0.606411 0.283169
0.0982831 0.707084 0.194633
0.260748 0.729875 0.00937675
0.0538764 0.403101 0.543022
0.162236 0.208562 0.629203
0.242898 0.06486 0.692242
0.117915 0.388076 0.494008
0.0941546 0.244865 0.66098
0.174313 0.453319 0.372367
0.148006 0.367797 0.484197
0.564877 0.106691 0.328432
0.533025 0.0423996 0.424576
0.24552 0.260785 0.493695
0.464513 0.198628 0.336859
0.637258 0.181458 0.181284
0.194132 0.30936 0.496507
0.235343 0.387881 0.376776
0.375378 0.247135 0.377487
0.395681 0.158015 0.446305
0.169622 0.403776 0.426602
0.332789 0.235947 0.431263
0.601727 0.0359443 0.362329
0.117609 0.39546 0.486931
0.233242 0.369719 0.397039
0.288577 0.435003 0.27642
0.0868706 0.620755 0.292374
0.0867097 0.561061 0.352229
0.132651 0.54142 0.32593
0.34118 0.41921 0.239609
0.155144 0.506662 0.338193
0.214388 0.529633 0.25598
0.268497 0.450693 0.28081
0.200893 0.307267 0.49184
0.160053 0.434876 0.405072
0.115261 0.522921 0.361818
0.060395 0.513598 0.426007
0.240732 0.498938 0.26033
0.192974 0.508614 0.298412
0.46291 0.369709 0.167381
0.101782 0.499923 0.398296
0.376957 0.431499 0.191544
0.874127 0.0328159 0.0930571
0.261923 9.9991E-05 0.737977
0.291925 9.9991E-05 0.707975
0.253376 9.9991E-05 0.746524
0.212066 9.9991E-05 0.787834
0.242622 9.9991E-05 0.757278
0.238676 9.9991E-05 0.761224
0.272205 9.9991E-05 0.727695
0.394483 9.9991E-05 0.605417
0.918155 0.0513958 0.0304489
0.83682 0.0659612 0.0972188
0.896656 0.0860895 0.0172548
0.882574 0.0803527 0.0370735
0.905973 0.0686798 0.0253475
0.897278 0.102622 9.9991E-05
0.726849 0.206078 0.0670725
0.875272 0.124628 9.9991E-05
0.720676 0.182297 0.0970268
0.873268 0.126632 9.9991E-05
0.96535 0.0345503 9.9991E-05
0.878439 0.121461 9.9991E-05
0.978382 0.0215178 9.9991E-05
0.926619 0.0732809 9.9991E-05
0.863735 0.136165 9.9991E-05
0.875815 0.124085 9.9991E-05
0.825036 0.174864 9.9991E-05
0.813161 0.186739 9.9991E-05
0.775399 0.224501 9.9991E-05
0.156395 0.194067 0.649538
0.0263713 0.387328 0.5863
0.0439345 0.439997 0.516069
0.221055 0.0240863 0.754859
0.141879 0.244368 0.613753
0.27404 9.9991E-05 0.72586
0.00691861 0.442907 0.550175
0.173746 0.208076 0.618178
0.156486 0.276295 0.567219
9.9991E-05 0.236853 0.763047
0.13225 0.229393 0.638356
0.0347 0.397901 0.567399
0.0920423 0.301041 0.606917
0.161968 9.9991E-05 0.837932
0.256276 9.9991E-05 0.743624
0.228038 0.0352109 0.736751
0.0890163 0.378505 0.532479
0.0928871 0.273545 0.633568
0.0431649 0.343347 0.613488
0.0531608 0.434104 0.512735
0.222201 0.427833 0.349966
0.165435 0.472622 0.361943
0.440773 0.258646 0.300581
0.117473 0.390282 0.492246
0.182622 0.391832 0.425547
0.576973 0.159859 0.263168
0.319288 0.412614 0.268098
0.378915 0.336549 0.284536
0.302881 0.349133 0.347986
0.114412 0.412565 0.473023
0.132331 0.442748 0.42492
0.113306 0.479218 0.407476
0.189776 0.418626 0.391598
0.499954 0.291306 0.20874
