9.9991E-05 0.105835 0.894065
9.999E-05 0.0457237 0.954176
9.999E-05 0.116548 0.883352
0.0244275 0.160871 0.814701
9.9991E-05 0.102625 0.897275
0.197997 0.0942036 0.707799
0.0857983 0.0643903 0.849811
0.134583 0.0759057 0.789511
0.0686952 9.9991E-05 0.931205
0.112237 0.0818344 0.805928
0.11641 0.0932731 0.790317
0.760018 0.0844684 0.155513
0.609398 0.321246 0.0693556
0.730862 0.153552 0.115586
0.626902 0.229259 0.143838
0.546317 0.325158 0.128525
0.614464 0.385436 9.9991E-05
0.656443 0.295006 0.0485512
0.636512 0.155696 0.207792
0.786326 9.9991E-05 0.213574
0.706888 0.242659 0.0504527
0.658275 0.283044 0.0586811
0.681034 0.308484 0.0104817
0.68198 0.150184 0.167836
0.5555 0.400255 0.0442443
0.65197 0.319506 0.0285243
0.737177 0.0748239 0.187999
0.667956 0.171678 0.160366
0.783187 0.0560835 0.160729
9.9991E-05 0.148485 0.851415
9.9991E-05 0.151676 0.848224
9.9991E-05 0.209833 0.790067
9.9991E-05 0.255907 0.743993
0.703453 0.269577 0.0269706
0.62368 0.335531 0.0407899
0.677598 0.322302 9.9991E-05
0.798684 0.00830797 0.193008
0.852778 0.141785 0.00543674
0.617918 0.327993 0.0540889
0.592965 0.406935 9.9991E-05
0.602759 0.318569 0.0786723
0.5822 0.373375 0.0444257
0.937221 0.0129815 0.0497976
0.572469 0.427431 9.9991E-05
0.596037 0.375508 0.0284558
0.549755 0.405813 0.0444322
0.854745 0.145155 9.9991E-05
0.624792 0.375108 9.9991E-05
0.5842 0.367469 0.0483305
0.8619 9.9991E-05 0.138
0.88246 9.9991E-05 0.11744
0.79592 0.0725636 0.131516
0.600104 0.399796 9.9991E-05
0.557452 0.428062 0.014486
0.556495 0.396448 0.047057
0.717012 0.0566809 0.226307
0.663822 0.317893 0.0182851
0.588659 0.379599 0.031742
0.628897 0.223577 0.147526
0.676514 0.0328509 0.290635
0.583443 0.363855 0.0527022
0.631661 0.304993 0.0633463
0.770999 9.9991E-05 0.228901
0.775569 0.195951 0.0284799
0.625507 0.374393 9.9991E-05
0.592014 0.351553 0.0564332
0.702047 0.138067 0.159886
0.645726 0.292485 0.0617893
0.601513 0.369088 0.0293989
0.785549 0.0550762 0.159375
0.711427 0.288473 9.9991E-05
0.898342 0.0840632 0.0175948
0.620804 0.351118 0.0280775
0.990444 9.9991E-05 0.00945624
0.9998 9.999E-05 9.999E-05
0.892265 0.107635 9.9991E-05
0.72607 0.27383 9.9991E-05
0.576363 0.347844 0.075793
0.738267 0.261633 9.9991E-05
0.83887 0.0630972 0.0980331
0.873618 0.0957041 0.0306779
0.622515 0.377385 9.9991E-05
0.806959 0.192941 9.9991E-05
0.771343 0.228557 9.9991E-05
0.755513 0.244387 9.9991E-05
0.924041 9.9991E-05 0.0758589
0.61992 0.37998 9.9991E-05
0.0275947 0.130006 0.842399
9.9991E-05 0.114871 0.885029
9.9991E-05 0.184057 0.815843
9.9991E-05 0.110838 0.889062
9.9991E-05 0.0600923 0.939808
9.9991E-05 0.151068 0.848832
9.9991E-05 0.104247 0.895653
0.618332 0.367492 0.0141765
0.546969 0.394557 0.0584737
0.9137 9.9991E-05 0.0862
0.590502 0.398196 0.0113025
0.788995 0.186727 0.0242784
0.693612 0.306288 9.9991E-05
0.683744 0.316156 9.9991E-05
0.666963 0.332937 9.9991E-05
0.886402 9.9991E-05 0.113498
0.615801 0.301965 0.0822345
0.582368 0.417532 9.9991E-05
0.56186 0.395629 0.0425118
0.858474 0.137258 0.00426815
0.705754 0.294146 9.9991E-05
0.768716 0.231184 9.9991E-05
0.789152 0.210748 9.9991E-05
0.777719 0.21829 0.00399067
0.601219 0.392765 0.00601641
0.723881 0.141328 0.134791
0.647255 0.219583 0.133163
0.582287 0.351804 0.0659089
0.532504 0.404226 0.0632696
0.696959 0.256337 0.046704
0.600972 0.355937 0.0430919
0.691576 0.222799 0.0856252
0.613671 0.334426 0.0519026
0.548776 0.40086 0.0503636
0.611857 0.328671 0.0594726
0.674478 0.283496 0.0420268
0.563225 0.41803 0.0187445
0.527282 0.430984 0.0417336
0.611613 0.388287 9.9991E-05
0.558931 0.39216 0.0489087
0.613126 0.379076 0.00779864
0.630722 0.225418 0.14386
0.581935 0.390301 0.0277644
0.572006 0.427894 9.9991E-05
0.772917 0.0678734 0.159209
0.810034 0.0650595 0.124906
0.618392 0.315418 0.0661896
0.91267 9.9991E-05 0.08723
0.800768 0.117344 0.0818879
0.792602 0.195752 0.0116466
0.763314 0.138592 0.0980941
0.79588 0.119076 0.0850446
0.619202 0.331823 0.0489747
0.569831 0.364417 0.0657526
0.610366 0.348853 0.0407808
0.832498 0.0487766 0.118726
0.540803 0.350365 0.108832
0.631028 0.293672 0.0752999
0.736247 9.9991E-05 0.263653
0.555391 0.433379 0.01123
0.685922 0.177193 0.136885
0.583586 0.351574 0.0648399
0.726148 0.102975 0.170877
0.806836 9.9991E-05 0.193064
0.712264 0.22364 0.0640958
0.571395 0.32194 0.106665
0.535223 0.291054 0.173723
0.762853 0.0576194 0.179528
0.566213 0.373751 0.060036
0.883842 0.103868 0.0122901
0.756502 0.243398 9.9991E-05
0.541219 0.407612 0.0511687
0.220495 0.331892 0.447614
0.157196 0.114159 0.728645
0.16534 0.097462 0.737198
0.239289 0.325376 0.435335
0.702361 0.297539 9.9991E-05
0.600749 0.368268 0.0309829
0.107301 0.892599 9.9991E-05
0.302482 0.673112 0.0244055
0.282219 0.639029 0.0787525
0.789183 0.126742 0.0840755
0.585834 0.31463 0.0995357
0.879358 0.0752688 0.0453733
0.656217 0.311447 0.0323358
0.687647 0.292785 0.0195682
0.672711 0.327189 9.9991E-05
0.852471 0.0389625 0.108566
0.582355 0.389254 0.0283914
0.582747 0.367713 0.0495397
9.9991E-05 0.92649 0.0734099
9.9991E-05 0.945176 0.0547237
0.181334 0.715479 0.103187
0.144755 0.848554 0.00669042
0.0243246 0.918437 0.0572384
9.9991E-05 0.936126 0.0637744
9.9991E-05 0.926156 0.0737439
0.00969031 0.976885 0.0134246
9.9991E-05 0.903951 0.0959485
9.9991E-05 0.948394 0.0515056
9.9991E-05 0.935811 0.0640893
0.0588726 0.892917 0.0482099
0.000390917 0.873552 0.126057
9.9991E-05 0.953036 0.0468639
0.312341 0.570107 0.117551
0.102819 0.79894 0.0982411
9.9991E-05 0.90187 0.09803
9.9991E-05 0.922662 0.0772375
9.9991E-05 0.974296 0.0256041
9.9991E-05 0.926151 0.0737485
9.9991E-05 0.925515 0.074385
0.143305 0.774097 0.0825984
9.9991E-05 0.904183 0.095717
0.496571 0.0272046 0.476225
0.444598 0.301366 0.254035
0.495778 0.315343 0.18888
0.510806 0.188991 0.300203
0.48305 0.390596 0.126354
0.477981 0.167217 0.354802
0.481843 0.367011 0.151146
0.474649 0.304528 0.220822
0.395729 0.424418 0.179853
0.429464 0.325644 0.244891
0.445344 0.389236 0.165421
0.0137202 0.101598 0.884681
9.9991E-05 0.105723 0.894177
9.9991E-05 0.0603991 0.939501
9.9991E-05 0.0363156 0.963584
9.9991E-05 0.0813039 0.918596
9.9991E-05 0.0554503 0.94445
9.9991E-05 0.0949226 0.904977
9.9991E-05 0.0566368 0.943263
0.00400711 0.102715 0.893278
9.9991E-05 0.0942886 0.905611
0.268656 9.9991E-05 0.731244
0.279469 9.9991E-05 0.720431
0.33087 9.9991E-05 0.66903
0.407643 9.9991E-05 0.592257
0.666868 0.282278 0.050854
0.709495 0.283948 0.00655747
0.698305 0.28958 0.0121144
0.763806 0.176232 0.0599613
0.830207 0.0319226 0.13787
0.598375 0.401525 9.9991E-05
0.693826 0.306074 9.9991E-05
0.711024 0.288876 9.9991E-05
0.796723 0.203177 9.9991E-05
0.606133 0.393767 9.9991E-05
0.781004 0.218896 9.9991E-05
0.9998 9.999E-05 9.999E-05
0.620728 0.364423 0.0148492
0.933405 0.0656863 0.000909137
0.722489 0.277411 9.9991E-05
0.908319 0.0344813 0.0571994
0.649208 9.9991E-05 0.350692
0.674494 9.9991E-05 0.325406
0.690358 9.9991E-05 0.309542
0.653897 9.9991E-05 0.346003
0.747336 9.9991E-05 0.252564
0.71619 9.9991E-05 0.28371
9.9991E-05 0.131185 0.868715
0.0391649 0.142206 0.818629
0.0435935 0.182863 0.773543
0.00875134 0.148082 0.843166
0.0328426 0.183719 0.783439
0.422978 9.9991E-05 0.576922
0.398042 9.9991E-05 0.601858
0.401303 9.9991E-05 0.598597
0.0313893 0.139049 0.829562
0.438806 9.9991E-05 0.561094
0.200281 0.507779 0.29194
0.352498 0.525024 0.122478
0.224226 0.639914 0.13586
0.248464 0.482252 0.269284
0.429958 0.439469 0.130573
0.0946535 0.31121 0.594136
0.781364 0.168367 0.0502687
0.765056 0.224273 0.0106712
0.809016 0.0631063 0.127878
0.729665 0.270235 9.9991E-05
0.901182 9.9991E-05 0.0987182
0.588622 0.372699 0.0386787
0.633201 0.34017 0.0266296
0.770521 0.133185 0.096294
0.583001 0.349063 0.0679361
0.923808 9.9991E-05 0.0760925
0.683572 0.316328 9.9991E-05
0.694258 0.261512 0.04423
0.512562 0.393286 0.0941527
0.784605 0.16312 0.0522754
0.747545 0.249319 0.00313611
0.660116 0.339784 9.9991E-05
0.711735 0.288165 9.9991E-05
0.570397 0.429503 9.9991E-05
0.536824 0.368725 0.0944509
0.630645 0.363319 0.00603591
9.9991E-05 0.203356 0.796544
9.9991E-05 0.159523 0.840377
0.00728638 0.100578 0.892136
9.9991E-05 0.112924 0.886976
9.9991E-05 0.115841 0.884059
0.795767 0.0166218 0.187612
0.612173 0.341899 0.0459284
0.31277 0.511357 0.175872
0.564993 0.434907 9.9991E-05
0.67499 0.298268 0.0267419
0.826366 0.103146 0.0704878
0.728212 9.9991E-05 0.271688
0.674422 0.235718 0.0898597
0.705761 0.0883486 0.205891
0.669647 0.275037 0.0553164
0.765115 0.000873846 0.234011
0.573369 0.369842 0.0567891
0.768427 0.0117285 0.219845
0.718921 0.184738 0.0963416
0.607246 0.316951 0.0758022
0.85988 0.065598 0.0745215
0.716141 0.283759 9.99952E-05
0.574411 0.330211 0.0953774
0.846581 0.0602542 0.0931649
0.601355 0.348064 0.050581
0.686433 0.274487 0.03908
0.909384 9.9991E-05 0.090516
0.876751 0.002482 0.120767
0.759071 0.196332 0.0445973
0.888303 9.9991E-05 0.111597
0.773387 0.17383 0.0527837
0.838058 9.9991E-05 0.161842
0.839157 0.119393 0.0414504
0.652873 0.24922 0.0979072
0.592221 0.379124 0.0286547
0.840483 0.069554 0.0899628
0.614939 0.354448 0.0306133
0.651432 0.333524 0.0150434
0.6555 0.299972 0.0445276
0.673237 0.304314 0.0224491
0.69208 0.266335 0.0415859
0.807251 0.0949146 0.0978345
0.735873 0.23037 0.0337569
0.644323 0.355577 9.9991E-05
0.587359 0.398478 0.014163
0.64112 0.257602 0.101278
0.667733 0.319975 0.0122918
0.729198 0.190549 0.0802528
0.631521 0.346019 0.0224595
0.643993 0.326116 0.0298909
0.570191 0.371601 0.0582081
0.270175 0.440804 0.289021
0.415174 0.500334 0.084492
0.457195 0.411063 0.131743
0.431264 0.475292 0.0934439
0.310678 0.505862 0.183459
0.732866 0.267034 9.9991E-05
0.450055 0.449336 0.100609
0.46986 0.167235 0.362905
0.508255 0.43562 0.0561249
0.423505 0.476417 0.100078
0.443657 0.45231 0.104033
0.480589 0.275744 0.243667
0.356381 0.498951 0.144668
0.421734 0.471505 0.106762
0.182613 0.115662 0.701725
0.372826 0.496156 0.131017
0.321592 0.533119 0.145288
0.507806 0.419965 0.0722292
0.300447 0.549647 0.149906
0.413935 0.43092 0.155145
0.73405 0.257446 0.00850459
0.625609 0.331303 0.0430881
0.946374 9.9991E-05 0.0535257
0.903134 9.9991E-05 0.0967662
0.588226 0.352178 0.059596
0.292283 0.532166 0.175552
0.336834 0.49435 0.168817
0.32781 0.425325 0.246865
0.331113 0.496078 0.172809
0.71571 0.0961705 0.188119
0.711639 0.130991 0.15737
0.592796 0.407104 9.9991E-05
0.607639 0.350299 0.0420618
0.735294 0.173583 0.0911238
0.584258 0.393215 0.0225276
0.586753 0.413147 9.9991E-05
0.559983 0.36521 0.0748072
0.803406 0.180094 0.0164993
0.772919 0.184794 0.0422865
0.686238 0.313662 9.9991E-05
0.704369 0.239608 0.0560228
0.599192 0.345747 0.0550607
0.768258 0.231642 9.9991E-05
0.875781 0.0880765 0.0361423
0.656723 0.343177 9.9991E-05
0.881032 0.0912874 0.0276803
0.721644 0.270814 0.00754165
0.658695 0.311583 0.0297224
0.647891 0.32168 0.0304294
0.388711 0.459753 0.151536
0.459276 0.399799 0.140926
0.289181 0.474153 0.236666
0.328793 0.436438 0.234769
0.410166 0.447284 0.14255
0.471995 0.395261 0.132744
0.586814 0.0954876 0.317699
0.423404 0.539361 0.0372347
0.357449 0.0881407 0.55441
0.484833 0.49005 0.0251167
0.94927 0.0106457 0.0400841
0.940121 9.9991E-05 0.059779
0.747539 0.252361 9.9991E-05
0.640996 0.358904 9.9991E-05
0.796376 0.203524 9.9991E-05
0.655535 0.344365 9.9991E-05
0.710156 0.289744 9.9991E-05
0.0158624 0.088381 0.895757
0.0713959 0.134811 0.793793
9.9991E-05 0.0729963 0.926904
9.9991E-05 0.0811447 0.918755
0.636995 0.362905 9.9991E-05
0.697156 0.302744 9.9991E-05
0.698126 0.301774 9.9991E-05
0.639771 0.338362 0.0218673
0.58226 0.381619 0.0361207
0.839157 0.135903 0.0249395
0.657108 0.342792 9.9991E-05
0.879348 0.117341 0.0033108
0.292261 0.429533 0.278205
0.749165 0.250735 9.9991E-05
0.851472 0.148428 9.9991E-05
0.725002 0.274898 9.9991E-05
0.762261 0.237639 9.9991E-05
0.623881 0.376019 9.9991E-05
0.66101 0.307896 0.0310936
0.99568 9.9991E-05 0.00422018
0.838436 0.161464 9.9991E-05
0.825421 0.174479 9.9991E-05
0.9998 9.999E-05 9.999E-05
0.745857 0.226058 0.0280844
0.984382 0.0015224 0.0140953
0.970183 9.9991E-05 0.0297173
0.671332 0.328568 9.9991E-05
0.874769 0.0520425 0.0731889
0.747054 0.252846 9.9991E-05
0.548294 0.394988 0.0567181
0.72072 0.27918 9.9991E-05
0.784276 0.196715 0.0190087
0.676624 0.323276 9.9991E-05
0.723833 0.276067 9.9991E-05
0.866636 0.133264 9.9991E-05
0.622254 0.315049 0.062697
0.22238 9.9991E-05 0.77752
0.14735 0.00159086 0.851059
0.0452202 9.9991E-05 0.95468
0.0964116 9.9991E-05 0.903488
0.16043 0.0250309 0.814539
0.874048 0.0271733 0.0987788
0.895424 0.0456493 0.0589267
0.900452 0.0994482 9.9991E-05
0.589308 0.369722 0.0409702
0.533471 0.417267 0.0492623
0.846702 0.139168 0.0141299
0.619921 0.379979 9.9991E-05
0.715846 0.252709 0.0314456
0.73269 0.26721 9.9991E-05
0.591412 0.408488 9.9991E-05
0.895524 0.102154 0.00232264
0.85758 0.14232 9.9991E-05
0.843974 0.153668 0.00235827
0.587251 0.379826 0.0329234
0.803914 0.195986 9.9991E-05
0.780642 0.206741 0.0126174
0.267678 0.642794 0.0895283
0.164385 0.702336 0.133279
0.189722 0.719884 0.0903947
0.119088 0.686973 0.193939
0.290685 0.614617 0.0946988
0.642055 0.320424 0.0375201
9.9991E-05 0.652503 0.347397
0.110328 0.70765 0.182022
0.416253 0.370601 0.213145
0.542306 0.345253 0.112441
0.570535 0.273506 0.155958
0.535797 0.378843 0.0853598
0.531806 0.386545 0.0816488
0.0806607 0.725213 0.194127
0.234461 0.63209 0.133449
0.143009 0.792932 0.0640586
0.350774 0.530863 0.118363
0.155828 0.619064 0.225107
0.307094 0.583725 0.109181
0.125659 0.696119 0.178222
0.292875 0.594216 0.112909
0.635753 0.265507 0.0987407
0.246585 0.59449 0.158924
0.00652527 0.716366 0.277109
0.270963 0.587014 0.142023
0.636831 0.105543 0.257626
0.5948 0.39403 0.0111706
0.27637 0.57935 0.14428
0.597462 0.291042 0.111495
0.551383 0.279839 0.168778
0.336518 0.448172 0.21531
0.291249 0.481854 0.226897
0.525404 0.451847 0.0227486
0.276325 0.599824 0.123851
0.253983 0.664874 0.0811433
0.018314 0.715187 0.266499
0.526049 0.43128 0.0426711
0.64214 0.205088 0.152773
0.717314 0.0399875 0.242699
0.51409 0.398104 0.0878059
0.624289 0.21592 0.159791
0.420446 0.430953 0.148602
0.505977 0.352895 0.141128
0.352857 0.106595 0.540548
0.419682 0.0550824 0.525236
0.522135 0.271672 0.206193
0.321193 0.208115 0.470691
0.161379 0.211641 0.62698
0.477827 0.322807 0.199366
0.372835 0.392871 0.234294
0.361945 0.261819 0.376237
0.432614 0.169495 0.397891
0.449442 0.399597 0.150961
0.450619 0.217859 0.331522
0.34176 0.0448144 0.613425
0.476824 0.440607 0.0825684
0.40499 0.36824 0.226769
0.270635 0.432963 0.296402
0.277813 0.604759 0.117428
0.328069 0.568997 0.102934
0.312344 0.55463 0.133026
0.23153 0.418056 0.350414
0.323688 0.495456 0.180856
0.275787 0.496312 0.227901
0.296191 0.416539 0.28727
0.502255 0.299572 0.198173
0.433102 0.423039 0.143858
0.387871 0.505702 0.106427
0.465232 0.45783 0.0769374
0.242378 0.496669 0.260953
0.322247 0.504834 0.172919
0.169266 0.36292 0.467814
0.388342 0.490425 0.121234
0.168148 0.427506 0.404346
0.0955109 0.0305699 0.873919
0.743285 9.9991E-05 0.256615
0.698248 9.9991E-05 0.301652
0.745169 9.9991E-05 0.254731
0.764321 9.9991E-05 0.235579
0.755526 9.9991E-05 0.244374
0.783179 9.9991E-05 0.216721
0.715807 9.9991E-05 0.284093
0.619655 9.9991E-05 0.380245
0.0266316 0.0523817 0.920987
0.0902312 0.0961198 0.813649
0.0180193 0.0905631 0.891418
0.0427084 0.0690839 0.888208
9.9991E-05 0.0855662 0.914334
9.9991E-05 0.103512 0.896388
0.0451311 0.205608 0.749261
9.9991E-05 0.127005 0.872895
0.0995854 0.171208 0.729207
9.9991E-05 0.123739 0.876161
9.9991E-05 0.0290106 0.970889
9.9991E-05 0.127145 0.872755
9.9991E-05 0.0362481 0.963652
9.9991E-05 0.0824476 0.917452
9.9991E-05 0.136669 0.863231
9.9991E-05 0.125619 0.874281
9.9991E-05 0.167795 0.832105
9.9991E-05 0.1872 0.8127
9.9991E-05 0.220106 0.779794
0.653759 0.205729 0.140512
0.605186 0.369352 0.0254617
0.547497 0.403255 0.049248
0.747884 0.0228957 0.229221
0.626498 0.266576 0.106926
0.72282 0.0226901 0.25449
0.5381 0.414889 0.0470104
0.654304 0.191582 0.154114
0.605742 0.268116 0.126142
0.701584 0.297492 0.000923657
0.642533 0.245102 0.112365
0.568168 0.389788 0.0420439
0.601203 0.293111 0.105686
0.851938 9.9991E-05 0.147962
0.739701 9.9991E-05 0.260199
0.737592 0.0240477 0.23836
0.520566 0.378408 0.101026
0.650072 0.299732 0.0501959
0.623485 0.329262 0.0472528
0.528617 0.435014 0.0363695
0.350205 0.42846 0.221335
0.354839 0.495895 0.149265
0.296711 0.243218 0.46007
0.511626 0.3765 0.111874
0.397548 0.373533 0.228918
0.263694 0.157263 0.579043
0.282624 0.409212 0.308165
0.279013 0.359115 0.361873
0.348044 0.315284 0.336672
0.454142 0.425703 0.120155
0.409829 0.448815 0.141356
0.426062 0.510697 0.0632409
0.452533 0.407434 0.140033
0.207208 0.294647 0.498146
