0.0959191 9.9991E-05 0.903981
0.0603635 9.9991E-05 0.939536
0.112545 0.0222165 0.865238
0.14542 0.0488541 0.805726
0.116134 9.9991E-05 0.883766
0.136728 0.142349 0.720922
0.0553528 0.109799 0.834848
0.0735583 0.124384 0.802058
9.9991E-05 0.0613674 0.938533
0.0763621 0.134048 0.78959
0.099122 0.109847 0.791031
0.0758685 0.767463 0.156669
0.362891 0.598819 0.03829
0.152207 0.726739 0.121054
0.211493 0.653648 0.134859
0.335028 0.525246 0.139726
0.401881 0.571099 0.0270206
0.292144 0.662598 0.0452589
0.201937 0.623715 0.174348
9.9991E-05 0.791716 0.208184
0.241213 0.716308 0.0424791
0.281151 0.668773 0.0500758
0.321425 0.654569 0.0240066
0.138843 0.709699 0.151457
0.412458 0.549304 0.0382378
0.306073 0.651201 0.0427261
0.0692519 0.760878 0.16987
0.173052 0.677612 0.149336
0.0644845 0.818391 0.117124
0.148786 9.9991E-05 0.851114
0.149396 9.9991E-05 0.850504
0.206566 9.9991E-05 0.793334
0.247431 9.9991E-05 0.752469
0.273009 0.677076 0.0499147
0.323418 0.63213 0.0444522
0.332002 0.667898 9.9991E-05
0.0301544 0.779168 0.190678
0.129808 0.870092 9.9991E-05
0.340015 0.618107 0.0418778
0.429357 0.570543 9.9991E-05
0.306052 0.598004 0.0959443
0.392835 0.573315 0.0338499
0.006211 0.919675 0.074114
0.385868 0.568787 0.0453447
0.389789 0.592976 0.0172353
0.407653 0.533973 0.0583743
0.16671 0.83319 9.9991E-05
0.377023 0.618931 0.00404599
0.372683 0.530979 0.0963381
9.9991E-05 0.874204 0.125696
9.9991E-05 0.862474 0.137426
0.0654594 0.793728 0.140812
0.381031 0.583514 0.035455
0.401959 0.55234 0.0457009
0.42692 0.551244 0.0218357
0.0470337 0.700858 0.252108
0.283227 0.687119 0.0296531
0.388914 0.580255 0.0308313
0.240916 0.618577 0.140507
0.0217728 0.686249 0.291978
0.367115 0.587297 0.045588
0.300959 0.618508 0.0805322
9.9991E-05 0.772153 0.227747
0.230794 0.754301 0.0149044
0.365581 0.634319 9.9991E-05
0.383147 0.573535 0.0433187
0.158121 0.69119 0.150689
0.293193 0.632559 0.0742486
0.348889 0.632117 0.0189937
0.0376823 0.809091 0.153227
0.266836 0.733064 9.9991E-05
0.091405 0.897464 0.011131
0.352406 0.59677 0.0508247
9.9991E-05 0.990884 0.00901625
9.999E-05 0.9998 9.999E-05
0.102104 0.897796 9.9991E-05
0.242357 0.757543 9.9991E-05
0.406728 0.547238 0.0460348
0.269084 0.730816 9.9991E-05
0.0331287 0.887742 0.0791296
0.098995 0.859282 0.0417235
0.357486 0.642414 9.9991E-05
0.165269 0.834631 9.9991E-05
0.246468 0.753432 9.9991E-05
0.2333 0.7666 9.9991E-05
9.9991E-05 0.913683 0.0862167
0.379259 0.620641 9.9991E-05
0.110928 0.0395531 0.849519
0.103539 9.9991E-05 0.896361
0.175876 9.9991E-05 0.824024
0.117324 9.9991E-05 0.882576
0.0715321 9.9991E-05 0.928368
0.143255 9.9991E-05 0.856645
0.107957 9.9991E-05 0.891943
0.368467 0.598243 0.0332892
0.393791 0.537393 0.0688164
9.9991E-05 0.902569 0.0973307
0.403494 0.583027 0.0134787
0.198702 0.80036 0.000937993
0.302514 0.697386 9.9991E-05
0.330901 0.668999 9.9991E-05
0.344667 0.655233 9.9991E-05
9.9991E-05 0.883487 0.116413
0.334533 0.584376 0.0810911
0.378087 0.621527 0.000386686
0.37387 0.563886 0.062244
0.131115 0.844137 0.0247482
0.281058 0.718842 9.9991E-05
0.248212 0.751688 9.9991E-05
0.219705 0.780195 9.9991E-05
0.23971 0.76019 9.99991E-05
0.392942 0.59898 0.00807822
0.160073 0.744418 0.0955091
0.216211 0.682261 0.101527
0.394783 0.536727 0.0684897
0.392773 0.539873 0.0673538
0.233022 0.706219 0.0607584
0.356401 0.61995 0.0236483
0.225722 0.675991 0.0982877
0.333189 0.61087 0.0559414
0.382727 0.617173 9.9991E-05
0.321641 0.653419 0.0249399
0.2683 0.731461 0.000238891
0.411138 0.544457 0.0444056
0.382927 0.553587 0.0634862
0.397096 0.602804 9.9991E-05
0.409597 0.563236 0.0271672
0.377892 0.618541 0.00356722
0.206613 0.676203 0.117183
0.397476 0.595944 0.00657952
0.414235 0.585665 9.9991E-05
0.0714817 0.77856 0.149958
0.0533293 0.835662 0.111008
0.280577 0.636229 0.0831941
9.9991E-05 0.922244 0.0776561
0.120075 0.794686 0.0852386
0.18743 0.807344 0.00522525
0.143141 0.775919 0.0809403
0.117103 0.805356 0.0775413
0.36835 0.613072 0.018578
0.380328 0.591864 0.0278082
0.36045 0.612242 0.0273073
0.049837 0.837141 0.113022
0.372958 0.510502 0.11654
0.295769 0.651987 0.0522432
9.9991E-05 0.721349 0.278551
0.450735 0.527316 0.021949
0.170053 0.681157 0.14879
0.36609 0.544785 0.0891245
0.0997581 0.738945 0.161297
9.9991E-05 0.79278 0.20712
0.221058 0.695431 0.0835109
0.350221 0.531271 0.118509
0.314096 0.562937 0.122966
0.0690735 0.751989 0.178937
0.352772 0.559845 0.0873835
0.123367 0.876533 9.9991E-05
0.213555 0.774042 0.0124026
0.356537 0.594953 0.0485102
0.321841 0.236182 0.441977
0.123231 0.169007 0.707761
0.0908955 0.184572 0.724532
0.309727 0.229328 0.460945
0.333053 0.666848 9.9991E-05
0.398748 0.53128 0.0699718
0.876519 0.119347 0.0041345
0.662057 0.290058 0.0478852
0.622508 0.290361 0.0871306
0.13144 0.800293 0.068267
0.304017 0.590209 0.105774
0.0560057 0.897377 0.0466171
0.325701 0.635518 0.0387811
0.290407 0.669737 0.0398564
0.338013 0.661887 9.9991E-05
0.0480948 0.841776 0.110129
0.420682 0.579218 9.9991E-05
0.35558 0.570192 0.074228
0.946273 9.9991E-05 0.0536271
0.944505 9.9991E-05 0.0553949
0.72354 0.174103 0.102357
0.879985 0.11396 0.00605513
0.908641 0.0163019 0.0750571
0.923217 9.9991E-05 0.0766833
0.925002 9.9991E-05 0.0748976
0.974734 0.00958704 0.0156788
0.890953 9.9991E-05 0.108947
0.950637 9.9991E-05 0.0492634
0.940491 9.9991E-05 0.0594088
0.895943 0.020401 0.0836557
0.886467 0.00512566 0.108408
0.947859 9.9991E-05 0.0520411
0.60118 0.286321 0.112499
0.817032 0.107991 0.0749768
0.893766 9.9991E-05 0.106134
0.933727 9.9991E-05 0.0661731
0.972922 9.9991E-05 0.0269775
0.914331 9.9991E-05 0.0855691
0.928927 9.9991E-05 0.0709726
0.779722 0.12463 0.0956479
0.921617 9.9991E-05 0.0782828
0.0400192 0.493369 0.466612
0.303077 0.445966 0.250957
0.380281 0.451142 0.168577
0.197967 0.514543 0.28749
0.376939 0.515501 0.107561
0.166437 0.464765 0.368798
0.358132 0.485338 0.15653
0.301847 0.452371 0.245783
0.396139 0.461405 0.142456
0.34752 0.415668 0.236812
0.384472 0.456499 0.159028
0.094663 0.0052788 0.900058
0.112458 9.9991E-05 0.887442
0.0530436 9.9991E-05 0.946856
0.0394173 9.9991E-05 0.960483
0.0946565 9.9991E-05 0.905243
0.0554659 9.9991E-05 0.944434
0.101023 9.9991E-05 0.898877
0.048602 9.9991E-05 0.951298
0.0899336 9.9991E-05 0.909966
0.0840683 9.9991E-05 0.915832
9.9991E-05 0.287011 0.712889
9.9991E-05 0.27418 0.72572
9.9991E-05 0.342675 0.657225
9.9991E-05 0.412468 0.587432
0.2752 0.684035 0.040765
0.306448 0.693452 9.9991E-05
0.31453 0.656522 0.0289478
0.151291 0.795113 0.0535959
0.0406656 0.846022 0.113312
0.386594 0.613306 9.9991E-05
0.328162 0.671738 9.9991E-05
0.285924 0.713976 9.9991E-05
0.211154 0.788746 9.9991E-05
0.3968 0.598766 0.00443382
0.223945 0.775955 9.9991E-05
9.999E-05 0.9998 9.999E-05
0.319369 0.643458 0.0371729
0.0761658 0.923734 9.9991E-05
0.294093 0.705807 9.9991E-05
0.0203164 0.929439 0.0502447
9.9991E-05 0.662887 0.337013
9.9991E-05 0.69419 0.30571
9.9991E-05 0.704959 0.294941
9.9991E-05 0.67301 0.32689
9.9991E-05 0.741803 0.258097
9.9991E-05 0.715447 0.284453
0.136544 9.9991E-05 0.863356
0.128952 0.0479869 0.823061
0.174479 0.0442921 0.781229
0.145578 9.9991E-05 0.854322
0.182876 0.0373101 0.779814
9.9991E-05 0.427202 0.572698
9.9991E-05 0.406082 0.593818
9.9991E-05 0.42508 0.57482
0.133747 0.0376664 0.828587
9.9991E-05 0.438478 0.561422
0.506635 0.193283 0.300082
0.549309 0.339314 0.111377
0.60078 0.242951 0.156269
0.489666 0.255424 0.25491
0.479212 0.399986 0.120802
0.318445 0.0920573 0.589497
0.188625 0.764268 0.0471075
0.250798 0.749102 9.9991E-05
0.072118 0.818609 0.109273
0.282987 0.716913 9.9991E-05
9.9991E-05 0.883348 0.116552
0.389943 0.56745 0.0426073
0.328488 0.664121 0.00739132
0.110365 0.798784 0.0908506
0.361682 0.587534 0.0507842
9.9991E-05 0.918668 0.0812316
0.303369 0.696531 9.9991E-05
0.266111 0.699859 0.0340303
0.405851 0.504688 0.0894605
0.173197 0.779956 0.0468471
0.235755 0.745667 0.018578
0.329765 0.670135 9.9991E-05
0.271397 0.728503 9.9991E-05
0.408979 0.590921 9.9991E-05
0.367195 0.534218 0.0985876
0.312678 0.648555 0.038767
0.196946 9.9991E-05 0.802954
0.163842 9.9991E-05 0.836058
0.0879758 0.00334195 0.908682
0.114448 9.9991E-05 0.885452
0.110942 9.9991E-05 0.888958
0.00335415 0.819657 0.176988
0.331863 0.655829 0.0123085
0.502019 0.322499 0.175483
0.423694 0.576206 9.9991E-05
0.293906 0.669584 0.0365102
0.137344 0.781179 0.0814766
9.9991E-05 0.755176 0.244724
0.241859 0.650061 0.10808
0.0826706 0.737654 0.179675
0.259444 0.722673 0.017883
9.9991E-05 0.775237 0.224663
0.406552 0.578482 0.0149659
0.0059959 0.790689 0.203315
0.198722 0.720894 0.0803843
0.354287 0.587163 0.0585504
0.100567 0.832523 0.0669104
0.311972 0.66577 0.0222576
0.350571 0.605912 0.0435165
0.0498108 0.855282 0.0949077
0.368206 0.582979 0.0488146
0.266497 0.699101 0.0344022
9.9991E-05 0.906223 0.0936771
0.0249138 0.845738 0.129348
0.193619 0.737339 0.0690413
9.9991E-05 0.90012 0.0997797
0.219897 0.778498 0.00160519
0.0117125 0.831566 0.156722
0.156153 0.809698 0.0341483
0.228542 0.661286 0.110172
0.33883 0.627518 0.0336525
0.0638269 0.850287 0.0858859
0.340125 0.618968 0.0409075
0.346839 0.611793 0.0413678
0.342093 0.657807 9.9991E-05
0.338948 0.631279 0.0297725
0.264322 0.676691 0.0589876
0.0955449 0.803444 0.101011
0.223638 0.7368 0.0395626
0.340264 0.659636 9.9991E-05
0.448466 0.548889 0.0026449
0.22929 0.692191 0.0785186
0.342001 0.647172 0.0108275
0.188842 0.709482 0.101676
0.345997 0.610236 0.0437668
0.327677 0.608198 0.0641252
0.346831 0.568951 0.0842173
0.419665 0.283478 0.296857
0.497318 0.392195 0.110487
0.419131 0.446729 0.13414
0.439578 0.465139 0.0952827
0.488912 0.352024 0.159064
0.250084 0.749816 9.9991E-05
0.454245 0.439111 0.106644
0.164154 0.473856 0.361991
0.466332 0.448877 0.0847915
0.483215 0.395695 0.12109
0.464889 0.461529 0.0735826
0.302041 0.499613 0.198347
0.49219 0.336805 0.171006
0.485635 0.410754 0.103611
0.109621 0.202657 0.687722
0.483066 0.392788 0.124146
0.546135 0.313264 0.140601
0.487691 0.466333 0.0459766
0.581759 0.295698 0.122543
0.450785 0.373486 0.175729
0.230345 0.728069 0.0415854
0.320761 0.633428 0.0458109
9.9991E-05 0.961658 0.0382423
9.9991E-05 0.905637 0.094263
0.29904 0.637548 0.0634116
0.529423 0.298038 0.172539
0.51291 0.310576 0.176514
0.425268 0.348575 0.226157
0.503916 0.326622 0.169462
0.099998 0.70896 0.191042
0.124873 0.699723 0.175404
0.396876 0.603024 9.9991E-05
0.346093 0.599067 0.0548402
0.170384 0.723945 0.105671
0.395168 0.576125 0.0287074
0.425466 0.574434 9.9991E-05
0.368021 0.584459 0.0475197
0.191321 0.786338 0.0223414
0.213533 0.760205 0.0262619
0.306036 0.644219 0.0497454
0.288524 0.702037 0.00943902
0.345164 0.602774 0.0520627
0.269536 0.730364 9.9991E-05
0.0695327 0.891516 0.0389511
0.369808 0.630092 9.9991E-05
0.0673111 0.909819 0.0228697
0.25245 0.74745 9.9991E-05
0.318587 0.637924 0.0434891
0.32889 0.641595 0.0295148
0.435554 0.383092 0.181354
0.387308 0.47599 0.136702
0.482134 0.304501 0.213365
0.456018 0.316928 0.227054
0.446876 0.406259 0.146865
0.416469 0.446905 0.136626
0.102157 0.599059 0.298784
0.56546 0.388384 0.0461559
0.0875342 0.374476 0.53799
0.49551 0.480813 0.0236768
0.0223373 0.95027 0.0273924
9.9991E-05 0.959095 0.0408046
0.253671 0.746229 9.9991E-05
0.377235 0.622665 9.9991E-05
0.207315 0.792585 9.9991E-05
0.319631 0.680269 9.9991E-05
0.318347 0.681553 9.9991E-05
0.0820739 0.0257073 0.892219
0.124461 0.0788898 0.796649
0.071078 9.9991E-05 0.928822
0.0681422 9.9991E-05 0.931758
0.320051 0.679849 9.9991E-05
0.316057 0.675067 0.00887595
0.264829 0.735071 9.9991E-05
0.352937 0.633795 0.0132681
0.37159 0.57358 0.05483
0.140771 0.828518 0.0307103
0.361644 0.638256 9.9991E-05
0.132899 0.867001 9.9991E-05
0.429989 0.277766 0.292245
0.245184 0.754716 9.9991E-05
0.170512 0.829388 9.9991E-05
0.305257 0.694643 9.9991E-05
0.233393 0.766507 9.9991E-05
0.346564 0.653336 9.9991E-05
0.327767 0.660389 0.0118436
9.9991E-05 0.98744 0.0124599
0.176933 0.822967 9.9991E-05
0.221159 0.778741 9.9991E-05
9.999E-05 0.9998 9.999E-05
0.234823 0.734578 0.0305995
0.00188871 0.960291 0.0378207
9.9991E-05 0.96117 0.0387301
0.345398 0.654502 9.9991E-05
0.0769809 0.872236 0.0507834
0.238099 0.761801 9.9991E-05
0.396269 0.55452 0.049211
0.289042 0.710858 9.9991E-05
0.191036 0.78001 0.0289541
0.305092 0.694808 9.9991E-05
0.274605 0.725295 9.9991E-05
0.162907 0.836993 9.9991E-05
0.317984 0.631562 0.050454
9.9991E-05 0.234349 0.765551
0.00566753 0.156602 0.837731
9.9991E-05 0.0728526 0.927047
9.9991E-05 0.0913144 0.908586
9.9991E-05 0.1893 0.8106
0.0523492 0.86563 0.0820205
0.0180442 0.91858 0.0633757
0.0933043 0.906596 9.9991E-05
0.39135 0.569146 0.0395037
0.371156 0.587674 0.0411696
0.182067 0.817833 9.9991E-05
0.390816 0.609084 9.9991E-05
0.272828 0.727072 9.9991E-05
0.300862 0.699038 9.9991E-05
0.405322 0.594578 9.9991E-05
0.101756 0.878103 0.0201408
0.132457 0.867443 9.9991E-05
0.15982 0.833885 0.00629499
0.393734 0.563254 0.0430113
0.224284 0.775616 9.9991E-05
0.243847 0.731318 0.0248349
0.670146 0.233158 0.0966962
0.668195 0.16968 0.162124
0.724181 0.19062 0.0851987
0.706231 0.104751 0.189018
0.580372 0.308124 0.111504
0.303804 0.659342 0.0368534
0.648913 9.9991E-05 0.350987
0.700315 0.126965 0.17272
0.34945 0.440314 0.210236
0.310483 0.576503 0.113014
0.304436 0.577159 0.118405
0.364401 0.558808 0.0767912
0.407693 0.516074 0.0762326
0.699887 0.119171 0.180942
0.645338 0.215576 0.139085
0.778531 0.128268 0.0932016
0.553881 0.346911 0.0992084
0.623737 0.160063 0.2162
0.613193 0.27251 0.114298
0.677969 0.12597 0.196061
0.56625 0.298117 0.135633
0.288968 0.603627 0.107405
0.606741 0.209897 0.183362
0.675658 0.0332664 0.291075
0.599724 0.265296 0.134979
0.129638 0.640795 0.229566
0.411667 0.588233 9.9991E-05
0.624532 0.215564 0.159904
0.292878 0.582767 0.124356
0.309301 0.532345 0.158353
0.430661 0.365718 0.203621
0.485622 0.266619 0.247759
0.430816 0.506393 0.0627915
0.555388 0.302747 0.141865
0.698658 0.198782 0.10256
0.735998 9.9991E-05 0.263902
0.429696 0.525722 0.0445814
0.206982 0.620825 0.172192
0.0441992 0.687515 0.268286
0.383425 0.4979 0.118676
0.230582 0.628845 0.140573
0.430486 0.381166 0.188348
0.36684 0.49158 0.14158
0.0994132 0.348118 0.552469
0.0492799 0.422175 0.528545
0.279 0.48721 0.23379
0.201345 0.354252 0.444403
0.19574 0.158567 0.645693
0.280937 0.500737 0.218326
0.363559 0.370154 0.266287
0.222984 0.378851 0.398165
0.153508 0.446083 0.40041
0.438739 0.398597 0.162664
0.217099 0.449857 0.333044
0.0386419 0.361438 0.59992
0.45572 0.441936 0.102344
0.379072 0.386994 0.233935
0.473464 0.257473 0.269064
0.61005 0.265104 0.124846
0.528531 0.364738 0.106731
0.554169 0.306094 0.139738
0.423591 0.223819 0.35259
0.485807 0.351439 0.162754
0.532949 0.25002 0.217031
0.431821 0.309145 0.259034
0.278611 0.512761 0.208628
0.442899 0.361418 0.195683
0.489284 0.391544 0.119172
0.452743 0.46246 0.0847973
0.501287 0.239158 0.259554
0.489321 0.323402 0.187277
0.36787 0.168664 0.463466
0.46491 0.393287 0.141803
0.421201 0.189136 0.389663
0.0410931 0.0993132 0.859594
9.9991E-05 0.725799 0.274101
9.9991E-05 0.722012 0.277888
9.9991E-05 0.74972 0.25018
9.9991E-05 0.795853 0.204047
9.9991E-05 0.766767 0.233133
9.9991E-05 0.781758 0.218142
9.9991E-05 0.730873 0.269027
9.9991E-05 0.609957 0.389943
0.0638318 0.0215467 0.914621
0.0826673 0.0984995 0.818833
0.0730576 0.0271197 0.899823
0.0582825 0.0559197 0.885798
0.0766803 0.0012797 0.92204
0.0989806 9.9991E-05 0.900919
0.190768 0.0526405 0.756592
0.127799 9.9991E-05 0.872101
0.183733 0.084803 0.731464
0.112869 9.9991E-05 0.887031
0.0227065 9.9991E-05 0.977194
0.119222 9.9991E-05 0.880678
0.0323024 9.9991E-05 0.967598
0.0771907 9.9991E-05 0.922709
0.124678 9.9991E-05 0.875222
0.117931 9.9991E-05 0.881969
0.154015 9.9991E-05 0.845885
0.187189 9.9991E-05 0.812711
0.219899 9.9991E-05 0.780001
0.201104 0.644353 0.154542
0.380398 0.595892 0.0237101
0.386313 0.542817 0.0708699
0.0213624 0.754609 0.224028
0.265527 0.622492 0.11198
0.00986372 0.718733 0.271404
0.437813 0.543903 0.0182841
0.181041 0.650353 0.168606
0.257576 0.577216 0.165208
0.300498 0.699402 9.9991E-05
0.239529 0.629557 0.130915
0.411833 0.566586 0.0215803
0.278944 0.618234 0.102822
0.000411892 0.852978 0.14661
9.9991E-05 0.752136 0.247764
0.0386593 0.734367 0.226973
0.38411 0.536457 0.0794329
0.291383 0.639153 0.069464
0.366884 0.595826 0.03729
0.422988 0.538833 0.0381793
0.471233 0.337398 0.191369
0.515169 0.332472 0.152359
0.229369 0.31149 0.459141
0.386336 0.505326 0.108338
0.354666 0.413491 0.231842
0.159218 0.28102 0.559762
0.392808 0.298245 0.308947
0.37002 0.254712 0.375268
0.339734 0.354922 0.305344
0.432639 0.437772 0.129589
0.458251 0.393873 0.147876
0.447338 0.446991 0.105671
0.401861 0.421 0.177139
0.296371 0.214351 0.489278
