9.9973E-05 0.891849 9.9973E-05 9.9973E-05 0.0642761 0.0435753
0.0516536 0.911585 9.9973E-05 0.0364613 9.9973E-05 9.9973E-05
9.999E-05 0.810684 0.0203786 0.032057 0.0326141 0.104166
9.9982E-05 0.750734 0.00749822 9.9982E-05 0.144384 0.0971838
0.00876208 0.878109 0.073578 9.9982E-05 9.9982E-05 0.0393514
0.126671 0.610842 0.0592531 0.100661 0.05426 0.0483126
0.0951197 0.834173 9.9982E-05 0.0152913 0.0552158 9.9982E-05
0.118075 0.737371 0.0461569 9.9991E-05 0.0867617 0.011536
0.0801481 0.83182 9.9982E-05 0.00888362 0.0789485 9.9982E-05
0.168345 0.690142 0.0407011 9.9991E-05 0.00688742 0.0938244
0.100441 0.743416 0.0172341 0.0703415 0.0684679 9.9991E-05
9.999E-05 0.0128471 0.22787 0.228832 0.445396 0.0849549
0.0293448 0.032393 0.592376 0.00634025 0.326011 0.0135354
9.999E-05 0.0659542 0.274854 0.178892 0.427783 0.0524171
0.0248361 0.0611536 0.291855 0.119633 0.342085 0.160437
0.0834326 0.159174 0.26943 0.188526 0.110061 0.189377
0.103708 0.0220518 0.552162 0.0799094 0.117611 0.124557
9.999E-05 0.0538611 0.397433 0.216542 0.228677 0.103386
9.999E-05 0.127784 0.3359 0.120397 0.321688 0.0941315
0.104014 0.00245207 9.9991E-05 0.175191 0.630009 0.0882341
0.031923 0.000514715 0.310697 0.225677 0.281889 0.149299
0.252275 0.0324837 0.419341 0.0647752 0.216515 0.0146103
9.9982E-05 9.9982E-05 0.443205 0.328827 0.135783 0.0919843
0.0147999 9.9991E-05 0.276819 0.255812 0.323509 0.12896
9.999E-05 0.0758496 0.628579 0.0648461 0.0711728 0.159453
0.00703131 9.9991E-05 0.515178 0.0962648 0.264683 0.116744
9.999E-05 0.0230303 0.135302 0.202073 0.511934 0.12756
9.999E-05 0.0388249 0.165313 0.22761 0.369956 0.198196
0.0995153 9.9991E-05 0.163893 0.213895 0.417736 0.104861
9.9982E-05 0.827646 0.0912832 9.9982E-05 0.000939595 0.0799315
9.9964E-05 0.837407 0.162193 9.9964E-05 9.9964E-05 9.9964E-05
9.999E-05 0.784821 0.10173 0.0229195 0.0190356 0.071394
9.9982E-05 0.751803 0.101431 0.093874 9.9982E-05 0.0526923
0.0078907 0.0407428 0.592637 0.197665 0.157421 0.00364409
9.9973E-05 0.163538 0.449011 0.387151 9.9973E-05 9.9973E-05
9.9973E-05 0.0645033 0.537479 0.397717 9.9973E-05 9.9973E-05
0.01246 0.117112 0.16728 0.161897 0.541151 9.9991E-05
0.0265953 0.00979549 0.255925 0.644885 9.9991E-05 0.0626998
0.018935 0.0980992 0.485559 0.23472 0.119994 0.0426924
0.0346377 0.121364 0.688117 0.155682 9.9982E-05 9.9982E-05
0.079517 0.142895 0.636345 0.0673518 0.0737913 9.9991E-05
9.9991E-05 0.0686963 0.655559 0.0866857 0.134859 0.0541004
0.00821072 0.0344569 0.0738299 0.752626 0.130776 9.9991E-05
0.15094 0.0514246 0.592031 0.133089 0.0419214 0.0305947
0.0289084 0.0742236 0.609586 0.173501 0.0593799 0.0544009
0.031086 0.190474 0.403205 0.273112 9.9991E-05 0.102023
0.0153534 9.9982E-05 0.237937 0.682056 9.9982E-05 0.0644543
9.9982E-05 0.103617 0.587945 0.294643 9.9982E-05 0.0135954
0.0141409 0.167697 0.459949 0.283297 0.00333045 0.0715855
0.278275 0.0848381 9.9973E-05 0.636587 9.9973E-05 9.9973E-05
0.103629 9.9982E-05 0.203453 0.301701 0.391016 9.9982E-05
0.408985 9.9991E-05 0.0743099 0.264927 0.247205 0.00447318
0.0974766 0.0952395 0.52636 9.9991E-05 0.142378 0.138446
0.172473 0.127451 0.566323 0.0675629 0.0144923 0.0516986
0.207684 9.9982E-05 0.60539 9.9982E-05 0.124326 0.0624001
0.0896577 0.105059 0.169142 0.256116 0.351942 0.028083
0.0749801 9.9991E-05 0.528369 0.12471 0.237682 0.0341577
0.0382499 0.0977754 0.639915 0.0269602 0.135983 0.0611168
0.0904947 0.16994 0.391253 0.181184 0.167028 9.9991E-05
0.189694 0.18755 0.10727 0.11518 0.346637 0.0536688
0.105561 0.0155908 0.534693 0.106968 0.129647 0.107541
0.0769551 0.0335016 0.367908 0.0727311 0.332508 0.116397
0.147188 0.0249874 0.0363043 0.262413 0.529007 9.9991E-05
0.139582 9.9991E-05 0.48791 0.0717348 0.25495 0.0457237
0.182097 9.9982E-05 0.534212 0.155403 9.9982E-05 0.128087
0.0994667 0.0503064 0.56094 9.9991E-05 0.194297 0.0948897
0.170334 0.0658582 0.238675 0.221621 0.266543 0.0369689
0.110455 0.047303 0.511311 0.148797 0.163921 0.0182122
0.17866 0.0605272 0.620771 9.9982E-05 0.139841 9.9982E-05
0.187175 0.0178322 0.205425 0.205993 0.383474 9.9991E-05
9.9973E-05 9.9973E-05 0.508707 0.383262 0.107732 9.9973E-05
9.9982E-05 0.036163 0.205175 0.697314 0.0611478 9.9982E-05
9.9991E-05 0.0885483 0.477797 0.206263 0.130083 0.0972087
0.122288 9.9964E-05 9.9964E-05 0.877313 9.9964E-05 9.9964E-05
0.166683 9.9973E-05 9.9973E-05 0.803997 0.0290198 9.9973E-05
9.9973E-05 9.9973E-05 0.21932 0.744935 9.9973E-05 0.0354452
9.9982E-05 9.9982E-05 0.462174 0.407757 0.0716853 0.0581835
0.0735286 0.0757501 0.588533 0.0757602 0.122504 0.0639246
0.0245716 0.0457002 0.429069 0.460975 9.9991E-05 0.0395842
9.9991E-05 0.0480871 0.117114 0.687176 0.118014 0.0295087
9.9982E-05 0.0452228 0.197014 0.541481 0.216083 9.9982E-05
9.9991E-05 0.136725 0.490798 0.231409 0.0134103 0.127559
9.9982E-05 9.9982E-05 0.265628 0.644913 0.0461989 0.0430605
9.9991E-05 0.0565171 0.38707 0.482778 0.0667383 0.00679701
0.11195 9.9973E-05 0.386246 0.501503 9.9973E-05 9.9973E-05
0.252957 0.0136302 9.9982E-05 0.729321 9.9982E-05 0.0038926
9.9982E-05 0.0238076 0.599316 0.298307 0.0783699 9.9982E-05
9.9991E-05 0.836547 0.107615 0.022291 0.0236389 0.00980806
9.9964E-05 0.910902 0.0886986 9.9964E-05 9.9964E-05 9.9964E-05
9.9982E-05 0.871185 0.0954253 9.9982E-05 0.0106038 0.0225855
9.9973E-05 0.928977 0.0693258 9.9973E-05 9.9973E-05 0.00139759
9.9982E-05 0.877346 0.0730228 0.0286134 9.9982E-05 0.0208176
9.9973E-05 0.863583 9.9973E-05 0.0657819 9.9973E-05 0.0703347
9.9964E-05 0.935025 0.0645756 9.9964E-05 9.9964E-05 9.9964E-05
9.9991E-05 0.114612 0.434774 0.241964 0.0742062 0.134344
0.0906614 0.0649629 0.402164 0.267558 0.0670171 0.107636
0.0600034 0.0242065 0.0119855 0.823053 0.0806513 9.9991E-05
0.00769091 0.103435 0.450162 0.239655 0.0987884 0.100268
9.9982E-05 0.0676033 0.484433 0.432264 0.015499 9.9982E-05
0.0247765 0.0748281 0.647149 0.224361 0.0199973 0.00888848
0.16891 0.0321055 0.617685 0.127358 0.0151957 0.0387453
9.9973E-05 9.9973E-05 0.482405 0.487371 9.9973E-05 0.0299245
0.0802929 0.0479491 9.9982E-05 0.736842 0.134716 9.9982E-05
0.120357 0.149387 0.562197 0.145626 9.9991E-05 0.0223333
0.0210083 0.140542 0.709055 0.105277 0.0240175 9.9991E-05
0.127343 0.0953273 0.436873 0.209292 0.0498945 0.0812703
0.138729 0.0325169 0.295108 0.464632 9.9991E-05 0.0689144
9.9982E-05 0.0390384 0.421742 0.518802 9.9982E-05 0.020218
0.0632053 9.9982E-05 0.459565 0.400446 0.076584 9.9982E-05
0.0107397 9.9982E-05 0.255598 0.638168 9.9982E-05 0.0952945
9.9982E-05 0.114182 0.427264 0.428618 0.0297358 9.9982E-05
0.0122103 9.9991E-05 0.513118 0.28294 0.166933 0.0246987
0.266694 0.0525961 0.239835 0.106172 0.313042 0.0216615
0.0474854 0.0707687 0.413422 0.0316724 0.351187 0.0854647
0.0840537 0.147354 0.534996 9.9991E-05 0.223778 0.00971814
0.011802 0.116301 0.515036 0.163515 0.0803722 0.112974
0.023009 0.0396848 0.475386 0.122942 0.319889 0.0190897
0.0131841 0.0230223 0.546218 0.102654 0.271543 0.043378
0.0390309 9.9982E-05 0.49025 0.0306712 0.439848 9.9982E-05
0.107198 0.0543717 0.533275 0.0734915 0.209656 0.0220073
0.0805293 0.0615237 0.481963 0.0441436 0.198709 0.133132
0.0895945 0.00974863 0.623983 0.0543942 0.194761 0.0275192
0.0245098 9.9982E-05 0.585315 0.0390663 0.350909 9.9982E-05
0.108808 0.0403045 0.696296 0.0813213 0.0731699 9.9991E-05
0.210218 0.0291688 0.572533 0.0774371 0.0139286 0.0967144
0.0179497 9.9991E-05 0.592555 0.0922074 0.250605 0.0465835
0.0636033 0.0406895 0.663795 9.9991E-05 0.210187 0.0216252
0.146541 9.9991E-05 0.523516 0.0139267 0.189304 0.126612
0.170319 0.135156 0.382997 0.0391325 0.25139 0.0210042
9.9982E-05 9.9982E-05 0.623196 0.00301415 0.274218 0.0993712
0.124904 0.0654477 0.678963 9.9991E-05 0.06296 0.0676244
0.0807578 0.0161483 0.274815 0.182954 0.384519 0.0608054
0.403677 9.9991E-05 0.165023 0.108721 0.320577 0.00190102
0.0479385 0.0282125 0.492302 0.0318058 0.314719 0.0850231
0.430175 9.9991E-05 0.0858415 0.155779 0.300434 0.0276707
0.0353034 0.01431 0.239225 0.23294 0.470874 0.00734727
0.114572 9.9982E-05 0.45239 0.210277 0.222561 9.9982E-05
9.9982E-05 0.0280181 0.307568 0.231675 0.432539 9.9982E-05
0.0155487 9.9991E-05 0.30112 0.192486 0.473438 0.0173066
9.9991E-05 0.0688136 0.621239 0.106375 0.180836 0.0226359
0.128808 0.126518 0.606946 0.0323405 0.0676788 0.0377094
0.120416 0.0262176 0.518178 0.140081 0.131899 0.063208
0.261765 9.9991E-05 0.127506 0.175124 0.335238 0.100268
0.078688 0.144749 0.394378 0.15858 0.160544 0.063062
0.229226 0.00992518 0.513676 0.151274 0.0550016 0.0408979
0.503713 0.169777 0.0256201 0.160576 0.140214 9.9991E-05
0.150049 0.106062 0.635984 0.09757 9.9991E-05 0.0102354
0.341595 0.075803 0.328222 0.182213 0.0122458 0.0599213
0.285346 0.0386716 0.612106 0.0439693 9.9991E-05 0.0198077
0.386101 0.121852 0.301562 0.132947 0.0574378 9.9991E-05
0.469412 0.0995949 0.247452 0.0307273 0.152714 9.9991E-05
0.325779 0.00395663 0.498864 0.0540685 0.117232 9.9991E-05
0.305106 0.0961736 0.501237 0.0454473 0.0374309 0.0146047
0.254895 0.121954 0.440613 0.0974899 0.0232662 0.0617819
0.415408 0.0813186 9.9991E-05 0.292128 0.0361602 0.174885
0.221592 0.0534918 0.418444 0.122 0.0540804 0.130391
0.32771 9.9982E-05 0.395083 0.147217 0.12979 9.9982E-05
0.267088 9.9991E-05 0.407315 0.144222 0.124028 0.0572474
0.17117 0.152084 0.549193 0.0640197 0.0265552 0.0369782
0.263563 0.334005 0.140674 9.9991E-05 0.0223313 0.239327
0.367959 0.518378 9.9973E-05 9.9973E-05 9.9973E-05 0.113363
0.452894 0.409619 9.9973E-05 9.9973E-05 9.9973E-05 0.137187
0.236359 0.357471 0.036298 9.9991E-05 0.0150489 0.354724
0.28964 9.9973E-05 0.689363 0.0206978 9.9973E-05 9.9973E-05
0.164609 0.102051 0.613713 0.0875417 0.00169693 0.0303884
9.9982E-05 9.9982E-05 0.298957 0.0323156 0.00202055 0.666507
0.0279582 0.0712279 0.347285 0.0753679 0.0348882 0.443273
0.135065 0.0693871 0.392361 9.9982E-05 9.9982E-05 0.402986
0.525709 0.00737996 0.373538 0.0931727 9.9982E-05 9.9982E-05
0.251682 0.0475854 0.60176 0.0794382 0.019434 9.9991E-05
0.673787 9.9982E-05 0.271424 0.0228629 0.0317257 9.9982E-05
0.263359 0.00234763 0.572766 0.0688242 0.0407401 0.0519639
0.280432 0.0551551 0.435437 0.17402 0.0548563 9.9991E-05
0.278011 9.9991E-05 0.610845 0.00399161 0.079745 0.0273079
0.53722 9.9982E-05 0.253802 0.173686 0.0350917 9.9982E-05
0.0851006 0.0121794 0.60897 0.0987471 0.0512529 0.14375
0.162299 0.0568513 0.563622 0.122868 9.9991E-05 0.0942593
0.0181885 9.9973E-05 9.9973E-05 0.00498701 9.9973E-05 0.976525
0.000407408 9.9982E-05 0.0904543 9.9982E-05 0.00701288 0.901925
9.9991E-05 0.0512214 0.334622 0.0706247 0.0563658 0.487066
9.9973E-05 9.9973E-05 0.255944 9.9973E-05 0.0491264 0.694629
9.9973E-05 9.9973E-05 0.100793 9.9973E-05 0.0478046 0.851103
9.996E-05 9.996E-05 9.996E-05 9.996E-05 9.996E-05 0.9995
9.9973E-05 0.0233947 9.9973E-05 9.9973E-05 0.0275712 0.948734
9.9964E-05 9.9964E-05 0.181617 9.9964E-05 9.9964E-05 0.817984
9.9973E-05 9.9973E-05 0.0124509 0.00715813 9.9973E-05 0.980091
9.996E-05 9.996E-05 9.996E-05 9.996E-05 9.996E-05 0.9995
9.996E-05 9.996E-05 9.996E-05 9.996E-05 9.996E-05 0.9995
9.9982E-05 0.01212 0.215468 9.9982E-05 0.00231711 0.769895
9.9982E-05 0.01051 0.0800043 9.9982E-05 0.0898909 0.819395
9.9973E-05 9.9973E-05 9.9973E-05 0.00216028 0.0373996 0.96014
0.073712 0.0315626 0.437561 9.9991E-05 0.09009 0.366974
9.9982E-05 9.9982E-05 0.209029 0.0228994 0.12827 0.639602
9.9982E-05 0.035315 0.138388 9.9982E-05 0.0665534 0.759544
9.9991E-05 0.00557653 0.0449761 0.0220048 0.0576237 0.869719
9.9964E-05 0.000632989 9.9964E-05 9.9964E-05 9.9964E-05 0.998967
9.9973E-05 0.0445099 0.0747303 9.9973E-05 9.9973E-05 0.88046
9.9964E-05 9.9964E-05 9.9964E-05 0.0209705 9.9964E-05 0.97863
9.9991E-05 0.0664155 0.126895 0.0504428 0.0846678 0.671479
0.0341199 0.0107198 9.9982E-05 9.9982E-05 0.017366 0.937594
0.629977 0.339502 9.9973E-05 9.9973E-05 9.9973E-05 0.0302215
0.157214 0.211078 0.429811 0.0242883 0.108697 0.0689122
0.162236 0.243356 0.44032 9.9991E-05 0.117248 0.0367396
0.3932 0.290408 0.21269 0.00120343 0.0269731 0.0755256
0.21703 0.091235 0.475628 0.089092 0.0351015 0.0919135
0.455603 0.199628 0.215864 9.9982E-05 9.9982E-05 0.128705
0.144087 0.18767 0.51953 0.0293063 0.10591 0.0134962
0.312109 0.151505 0.328711 0.0560713 9.9991E-05 0.151504
0.244658 0.142824 0.504037 9.9982E-05 9.9982E-05 0.108281
0.310729 0.165133 0.369326 9.9982E-05 9.9982E-05 0.154612
0.136411 0.185905 0.463366 0.0311024 0.0836349 0.099581
0.0587059 0.832685 0.0528201 9.9982E-05 0.0555889 9.9982E-05
9.9964E-05 0.910043 9.9964E-05 9.9964E-05 9.9964E-05 0.0895575
9.9964E-05 0.94934 9.9964E-05 9.9964E-05 0.0502605 9.9964E-05
9.9973E-05 0.938533 0.0112478 9.9973E-05 0.0499192 9.9973E-05
9.9982E-05 0.863353 0.00145772 9.9982E-05 0.093162 0.0418275
9.9973E-05 0.903501 9.9973E-05 0.0286661 9.9973E-05 0.0675328
9.9973E-05 0.879185 9.9973E-05 0.024732 9.9973E-05 0.0957835
0.0916569 0.867836 0.0402069 9.9973E-05 9.9973E-05 9.9973E-05
0.0115236 0.914688 0.0174635 0.028328 9.9991E-05 0.0278968
0.0334581 0.873116 0.0116592 9.99855E-05 9.99855E-05 0.0815664
9.9973E-05 0.613017 9.9973E-05 0.143866 0.242818 9.9973E-05
9.9973E-05 0.585674 9.9973E-05 0.0665297 0.347497 9.9973E-05
0.104366 0.536166 9.9982E-05 0.0861422 0.273126 9.9982E-05
0.0307331 0.498064 9.9982E-05 0.119685 0.351318 9.9982E-05
9.9982E-05 0.0801854 0.553426 0.314682 0.0515063 9.9982E-05
0.0375041 0.00241274 0.526193 0.236969 0.179727 0.0171936
0.076787 0.0590223 0.535802 0.120281 0.142643 0.0654643
0.0155862 0.0431183 0.386646 0.275001 0.279549 9.9991E-05
0.0466704 9.9982E-05 0.21176 0.153285 0.588085 9.9982E-05
0.0614212 0.0581505 0.627286 0.231551 9.9991E-05 0.0214919
0.0153671 9.9982E-05 0.60874 0.290845 0.0848481 9.9982E-05
0.102756 0.0153533 0.540463 0.244399 0.0856113 0.0114172
0.0138253 9.9982E-05 0.293684 0.61943 9.9982E-05 0.0728613
0.0397462 0.0479106 0.707308 0.100278 0.0901788 0.014578
0.0449486 9.9982E-05 0.357069 0.408554 0.189228 9.9982E-05
0.21334 9.9973E-05 9.9973E-05 0.697469 0.0888911 9.9973E-05
0.0635518 0.0316979 0.574583 0.182642 0.125026 0.0224991
0.214233 0.00775678 0.253782 0.509033 0.0150953 9.9991E-05
0.107602 0.0102154 0.536693 0.344627 9.9991E-05 0.000762102
9.9982E-05 0.0174893 0.108354 0.640706 0.233251 9.9982E-05
0.120937 0.0796509 0.012357 9.9982E-05 0.786855 9.9982E-05
0.128644 0.092056 0.0419669 9.9982E-05 0.737133 9.9982E-05
0.151601 9.9964E-05 9.9964E-05 9.9964E-05 0.847999 9.9964E-05
0.0628819 0.0961275 9.9982E-05 0.0184492 0.822342 9.9982E-05
0.0950257 9.9982E-05 0.0600053 9.9982E-05 0.84449 0.000278951
0.0102032 0.0512537 0.118496 9.9991E-05 0.784322 0.035625
9.9991E-05 0.850685 0.0605129 0.0152696 0.00331536 0.0701174
9.9982E-05 0.790327 0.0675218 9.9982E-05 0.123992 0.0179592
9.9973E-05 0.761943 0.134172 9.9973E-05 9.9973E-05 0.103585
9.9982E-05 0.742277 0.0171934 9.9982E-05 0.0900542 0.150275
9.9982E-05 0.780307 0.0976658 9.9982E-05 0.0765805 0.0452464
9.9973E-05 0.373965 9.9973E-05 0.0480767 0.577658 9.9973E-05
0.160073 0.457634 9.9982E-05 0.0227322 0.359361 9.9982E-05
0.0343372 0.446651 9.9982E-05 0.0473634 0.471449 9.9982E-05
9.9982E-05 0.792043 0.152766 9.9982E-05 0.0146119 0.0403791
0.0735709 0.368265 9.9982E-05 0.0425265 0.515438 9.9982E-05
0.176044 0.222122 0.26391 9.9982E-05 9.9982E-05 0.337724
0.0289118 0.149864 0.547827 9.9991E-05 0.0763924 0.196904
9.9982E-05 0.215226 0.515591 0.00689444 9.9982E-05 0.262088
0.146579 0.276656 0.332375 0.0653558 0.0109439 0.168091
0.0521457 0.169651 0.513726 0.0597174 0.00886878 0.195891
0.274308 0.415686 9.9973E-05 9.9973E-05 9.9973E-05 0.309706
0.126354 9.9982E-05 0.451483 0.0734552 0.348507 9.9982E-05
0.236654 9.9991E-05 0.354517 0.114783 0.261851 0.0320955
0.00159548 0.0569893 0.330002 0.0977941 0.51352 9.9991E-05
0.269227 9.9982E-05 0.52326 0.0580497 0.149263 9.9982E-05
0.621848 9.9973E-05 9.9973E-05 0.208644 0.169208 9.9973E-05
9.9991E-05 0.0528362 0.423338 0.297885 0.156411 0.0694307
0.157385 0.0801977 0.41653 0.103552 0.194122 0.0482138
0.0279933 0.0201693 0.360618 0.140332 0.450787 9.9991E-05
0.0279546 0.0436346 0.432428 0.142494 0.175103 0.178386
0.365766 9.9982E-05 0.150471 0.258664 0.224899 9.9982E-05
0.258421 9.9991E-05 0.496009 0.0643354 0.153327 0.0278072
0.0831034 9.9991E-05 0.506734 0.0418526 0.348051 0.0201596
0.0983245 0.138322 0.376821 0.0992738 0.115641 0.171619
0.286054 9.9982E-05 0.43887 0.0545754 0.220301 9.9982E-05
0.229994 9.9991E-05 0.481281 0.0413224 0.224157 0.0231459
0.163174 9.9991E-05 0.410911 0.202402 0.125117 0.0982959
0.0500059 9.9982E-05 0.605599 0.174373 0.169823 9.9982E-05
0.0677448 9.9991E-05 0.506281 0.156845 0.115366 0.153663
0.0151346 0.0906612 0.567231 0.10638 0.121351 0.0992422
0.052018 0.0802013 0.49366 0.0632019 0.21615 0.0947687
9.9973E-05 0.801393 0.0900416 9.9973E-05 9.9973E-05 0.108265
9.9982E-05 0.804376 0.102466 0.0352164 9.9982E-05 0.0577424
0.0231436 0.814037 0.00947796 0.0593166 0.093925 9.9991E-05
9.9991E-05 0.83928 0.021878 0.0785867 0.0101829 0.0499724
9.9973E-05 0.849539 0.145202 9.9973E-05 9.9973E-05 0.00495918
9.9991E-05 0.0117884 0.142814 0.113277 0.655934 0.0760866
0.0827872 0.0500584 0.4573 0.189068 0.0874865 0.1333
0.109128 0.219759 0.504571 9.9991E-05 0.0113493 0.155093
0.0742781 9.9991E-05 0.677489 0.0616813 0.125702 0.06075
0.0576042 0.07036 0.552375 0.0554254 0.264136 9.9991E-05
0.312793 9.9982E-05 0.240302 9.9982E-05 0.390278 0.0564277
0.137416 0.142516 0.0328598 0.075904 0.611205 9.9991E-05
9.9982E-05 0.0342411 0.562277 9.9982E-05 0.351687 0.0515943
0.145282 0.0211068 0.130936 0.156512 0.475247 0.0709158
0.119286 0.0731258 0.352492 0.225992 0.164412 0.0646918
0.0641672 0.130417 0.140536 0.156924 0.501569 0.00638611
0.160976 0.0163915 0.617493 0.0129785 0.160174 0.0319869
0.0610578 0.0726686 0.177451 0.124264 0.520713 0.0438458
0.180118 0.0174647 0.343216 0.0699829 0.314661 0.0745576
0.181829 0.0492409 0.515025 0.0523895 0.0984287 0.103087
0.516919 9.9982E-05 0.344562 9.9982E-05 0.13533 0.00298866
0.165241 0.077724 0.629435 0.0240463 0.103453 9.9991E-05
0.220494 0.090515 0.53579 9.9991E-05 0.0697615 0.0833394
0.47323 9.9982E-05 0.402558 0.019058 0.104954 9.9982E-05
0.126346 0.0735812 0.533908 0.121281 0.0864835 0.0584013
0.307985 0.00592139 0.540807 0.109908 0.0352784 9.9991E-05
0.633875 9.9982E-05 0.131692 0.18959 0.0446422 9.9982E-05
0.645736 9.9982E-05 0.301679 0.0404097 0.0119754 9.9982E-05
0.362257 0.0611847 0.475732 9.9982E-05 0.100626 9.9982E-05
0.483738 9.9982E-05 0.248772 0.162186 0.105105 9.9982E-05
0.26644 9.9982E-05 0.5039 0.101205 0.128256 9.9982E-05
0.0721341 9.9991E-05 0.0411661 0.188293 0.619033 0.079274
0.262882 9.9982E-05 0.292447 0.126215 0.318256 9.9982E-05
9.9982E-05 9.9982E-05 0.307456 0.151229 0.401111 0.140003
0.0348017 9.9991E-05 0.612651 0.0758942 0.152258 0.124295
0.030512 9.9991E-05 0.178391 0.220189 0.523099 0.0477087
0.217765 0.0423202 0.482195 0.0259413 0.143674 0.0881041
0.0635108 0.0497157 0.565691 0.0641653 0.118206 0.138711
0.0621126 9.9991E-05 0.362886 0.176498 0.252497 0.145906
9.99959E-05 0.0113432 0.490449 0.111184 0.250392 0.136532
9.9991E-05 0.0100463 0.438046 0.133879 0.366643 0.0512858
9.9982E-05 9.9982E-05 0.229855 0.124629 0.554825 0.0904915
9.9991E-05 0.0175956 0.29829 0.099723 0.438597 0.145694
0.100436 0.0311901 0.577544 0.072066 0.194882 0.0238818
0.143611 0.073532 0.652057 0.00286725 0.127833 9.9991E-05
0.145886 0.0359905 0.438675 0.041333 0.282228 0.0558875
0.0416812 9.9991E-05 0.541045 0.0642562 0.260602 0.0923153
9.9982E-05 0.0579676 0.351244 9.9982E-05 0.534759 0.0558299
9.9991E-05 0.00812194 0.611448 0.085014 0.250624 0.0446921
0.0378374 9.9991E-05 0.410369 0.157817 0.277534 0.116342
0.0185692 0.0864882 0.538119 0.134631 0.120482 0.10171
0.00857693 0.394372 0.461764 0.0606562 0.0121822 0.0624489
0.0756843 0.105325 0.522451 0.0549926 9.9991E-05 0.241447
0.137149 0.154063 0.500583 0.0578432 0.0421405 0.108223
0.101377 0.0402502 0.594553 0.0441233 0.0967961 0.122901
0.0530851 0.168612 0.514847 0.0729791 9.9991E-05 0.190376
0.230865 9.9991E-05 0.405372 0.141358 0.200144 0.0221605
9.9991E-05 0.118524 0.494822 0.0492334 0.157332 0.179988
0.448178 0.227095 9.9991E-05 0.151348 0.00697038 0.166308
0.133414 0.101271 0.529977 0.0050002 0.0362728 0.194065
0.113849 0.101576 0.47768 9.9991E-05 0.117266 0.189529
0.165826 0.00362609 0.426626 0.0660775 0.0677277 0.270117
0.192137 0.16005 0.276128 0.126179 0.126648 0.118858
9.9964E-05 0.339503 0.660097 9.9964E-05 9.9964E-05 9.9964E-05
0.177687 0.110744 0.568123 9.9991E-05 0.00359506 0.139751
0.369277 0.456701 9.9973E-05 9.9973E-05 9.9973E-05 0.173722
9.9982E-05 0.255793 0.507344 0.0945491 9.9982E-05 0.142113
0.0168465 0.145771 0.551562 0.0936064 9.9991E-05 0.192114
0.079517 0.107803 0.649978 9.9982E-05 9.9982E-05 0.162502
0.0212009 0.149311 0.554602 9.9991E-05 0.0390192 0.235767
0.116595 0.108799 0.409425 0.125523 0.0574898 0.182167
0.287311 9.9982E-05 0.46275 0.150302 9.9982E-05 0.0994368
0.189596 0.0787911 0.590206 0.0625017 0.078805 9.9991E-05
0.46431 9.9982E-05 0.0956103 0.374484 0.0653959 9.9982E-05
0.66895 9.9982E-05 0.0280107 0.265099 0.03774 9.9982E-05
0.27501 9.9991E-05 0.46876 0.0994032 0.0667426 0.0899842
0.310355 0.0255288 0.374874 9.9982E-05 9.9982E-05 0.289042
0.220245 0.0894141 0.369047 9.9982E-05 9.9982E-05 0.321095
0.301307 0.19799 0.211093 0.0174029 9.9991E-05 0.272107
0.179603 0.193587 0.340283 0.0192723 9.9991E-05 0.267154
0.730073 9.9973E-05 0.197272 9.9973E-05 9.9973E-05 0.0723548
0.583543 0.0507826 0.283066 9.9982E-05 9.9982E-05 0.0824079
0.215168 9.9982E-05 0.540113 0.11644 9.9982E-05 0.12808
0.265183 0.0168927 0.455978 0.144157 9.9991E-05 0.117689
0.486587 0.0606527 0.40115 0.0129614 9.9991E-05 0.038549
0.237884 0.064698 0.539679 0.0101235 0.0146259 0.13299
0.277076 9.9982E-05 0.588546 9.9982E-05 0.0117857 0.122393
0.203107 0.0568134 0.420107 0.0559595 0.118828 0.145185
0.328187 9.9982E-05 0.351687 0.205418 0.114508 9.9982E-05
0.363482 0.00230191 0.403478 0.123565 0.103245 0.00392945
0.24838 9.9991E-05 0.544156 0.0979182 0.0613055 0.04814
0.276983 0.0665827 0.309861 0.163297 0.110249 0.0730271
0.173415 0.0831369 0.364985 0.169992 0.068424 0.140048
0.342837 9.9973E-05 0.519352 0.137511 9.9973E-05 9.9973E-05
0.607411 9.9982E-05 0.242747 0.075883 0.0737589 9.9982E-05
0.187574 0.00904559 0.637733 0.165447 9.9982E-05 9.9982E-05
0.484159 9.9982E-05 0.213339 0.28166 0.0206419 9.9982E-05
0.398798 9.9973E-05 0.467462 0.13344 9.9973E-05 9.9973E-05
0.155957 0.093974 0.654024 0.00361432 0.0810176 0.0114128
0.309464 0.0127126 0.556896 0.0292213 0.0780272 0.013679
0.0965481 0.181136 0.422897 0.0507441 0.0433133 0.205362
0.0495085 0.15722 0.364069 0.125067 0.128145 0.17599
0.133727 0.193891 0.364458 9.9991E-05 0.0881833 0.21964
0.151084 0.153844 0.339196 0.0347667 0.06724 0.253869
0.0511743 0.141798 0.475296 0.0289633 0.114489 0.188279
0.186141 0.104972 0.496204 9.9991E-05 0.0717337 0.140849
0.707963 0.130058 9.9982E-05 9.9982E-05 0.00150117 0.160277
0.0895095 0.117214 0.609352 9.9982E-05 9.9982E-05 0.183725
0.578681 0.311696 9.9973E-05 9.9973E-05 9.9973E-05 0.109322
0.237296 9.9973E-05 0.584948 9.9973E-05 9.9973E-05 0.177456
0.574784 9.9973E-05 0.119938 0.304978 9.9973E-05 9.9973E-05
0.620065 9.9973E-05 9.9973E-05 0.346956 0.0326787 9.9973E-05
0.347886 9.9973E-05 0.484751 0.167063 9.9973E-05 9.9973E-05
0.271807 0.00857079 0.683619 0.0358029 9.9982E-05 9.9982E-05
0.375233 9.9982E-05 0.476538 0.143841 0.00418743 9.9982E-05
0.246515 0.00823635 0.567736 0.164123 9.9991E-05 0.0132886
0.329963 9.9973E-05 0.55396 0.115777 9.9973E-05 9.9973E-05
0.0558892 0.824563 0.0586793 9.9991E-05 0.00104126 0.0597267
0.0335286 0.74304 9.9991E-05 0.0152133 0.112495 0.0956229
9.9973E-05 0.900205 9.9973E-05 9.9973E-05 0.0555544 0.0439403
9.9964E-05 0.948574 0.0510261 9.9964E-05 9.9964E-05 9.9964E-05
0.0728814 0.0371534 0.547099 0.28343 0.0558223 0.00361384
9.9991E-05 0.0828219 0.404503 0.355787 0.0653095 0.0914783
9.9982E-05 0.00619101 0.485097 0.507781 0.00073108 9.9982E-05
9.9982E-05 0.0986119 0.560081 0.271767 0.0693409 9.9982E-05
0.119187 0.00689862 0.569487 0.183391 0.0807052 0.0403306
9.9991E-05 0.00909215 0.138305 0.654231 0.14729 0.0509822
9.9973E-05 9.9973E-05 0.544908 0.369168 9.9973E-05 0.0856246
0.145836 9.9973E-05 0.342965 0.510898 9.9973E-05 9.9973E-05
9.9982E-05 0.241121 0.520396 9.9982E-05 0.0750857 0.163197
0.133913 9.9991E-05 0.403157 0.410945 0.0084861 0.0433986
0.0200798 9.9991E-05 0.32373 0.537893 0.0929889 0.0252085
9.9991E-05 0.0302039 0.540788 0.351538 0.0478197 0.0295499
0.0420251 0.00708879 0.375596 0.520318 0.0548729 9.9991E-05
0.0338206 9.9982E-05 0.49478 0.469512 9.9982E-05 0.00168662
9.9973E-05 0.0856178 0.510925 0.403158 9.9973E-05 9.9973E-05
0.0592742 9.9973E-05 0.0675167 0.872909 9.9973E-05 9.9973E-05
0.13248 9.9982E-05 0.188224 0.608691 9.9982E-05 0.070405
9.9991E-05 0.0143155 0.260799 0.643995 0.0451374 0.0356526
0.218928 9.9964E-05 9.9964E-05 0.780672 9.9964E-05 9.9964E-05
9.9982E-05 0.0121175 0.443182 0.440931 0.103569 9.9982E-05
0.331097 9.9973E-05 0.0973286 0.571274 9.9973E-05 9.9973E-05
0.227341 9.9964E-05 9.9964E-05 0.772259 9.9964E-05 9.9964E-05
0.0397957 0.099351 0.571401 0.289253 9.9982E-05 9.9982E-05
9.9982E-05 0.0693279 0.221663 0.61719 0.0916188 9.9982E-05
9.9991E-05 0.0195139 0.389933 0.455564 0.080155 0.0547345
0.048823 0.0789347 0.384539 0.305404 9.9991E-05 0.182199
9.9982E-05 0.0406033 0.530918 0.401684 0.0265947 9.9982E-05
0.287804 9.9982E-05 0.354665 9.9982E-05 0.315935 0.0413961
9.9982E-05 9.9982E-05 0.498117 0.331548 0.105884 0.0642517
9.9991E-05 0.072177 0.390991 0.444616 0.0605165 0.0315997
0.0581011 9.9982E-05 0.260982 0.670217 0.0104992 9.9982E-05
0.148531 0.0487829 0.609375 0.126153 0.0419051 0.0252527
0.0643394 0.635558 9.9973E-05 9.9973E-05 0.299802 9.9973E-05
0.0306351 0.788955 0.0365223 0.0968319 0.0469557 9.9991E-05
0.0578915 0.805685 9.9973E-05 9.9973E-05 0.136124 9.9973E-05
0.0428338 0.798075 9.9973E-05 9.9973E-05 0.158791 9.9973E-05
9.9973E-05 0.735846 0.0327615 9.9973E-05 0.231093 9.9973E-05
9.9991E-05 0.0141605 0.0833825 0.721365 0.128796 0.0521968
9.9982E-05 0.0729179 0.149167 0.715596 0.0621193 9.9982E-05
0.0455415 9.9982E-05 0.0967495 0.850749 9.9982E-05 0.00676035
0.0564244 0.0869224 0.615686 0.11959 0.0145656 0.106812
0.0196314 0.151569 0.576427 0.0993441 0.0682936 0.0847339
0.0427683 0.0592708 0.175772 0.623845 9.9991E-05 0.0982441
0.0105595 0.0190464 0.609017 0.258135 0.0364981 0.0667443
0.0865422 0.0684332 0.357077 0.421481 9.9991E-05 0.0663675
0.0302411 0.0165737 0.436812 0.330257 0.102012 0.0841041
0.000303191 0.0623272 0.591912 0.283055 0.0559426 0.00645941
0.0323639 9.9991E-05 0.212093 0.609175 0.0934723 0.0527959
9.9982E-05 0.0134586 0.331508 0.578084 0.0767488 9.9982E-05
9.9973E-05 9.9973E-05 0.267886 0.641364 0.0904504 9.9973E-05
0.177062 0.0767918 0.615523 9.9982E-05 0.130423 9.9982E-05
9.9982E-05 0.0416037 0.35264 0.544992 0.0605638 9.9982E-05
0.0308412 0.0223974 0.392553 0.454126 0.0477703 0.0523121
0.0117981 0.0612829 0.339553 0.0404877 0.0846407 0.462238
0.0216675 0.0936562 0.413474 0.00801859 0.0646186 0.398565
9.9982E-05 0.117951 0.456511 0.0157045 9.9982E-05 0.409634
0.0765173 0.149415 0.324795 9.9982E-05 9.9982E-05 0.449072
9.9982E-05 0.109238 0.460193 9.9982E-05 0.117366 0.313003
0.146205 0.0152149 0.443472 0.339269 9.9991E-05 0.0557391
0.0516735 0.28079 0.0352448 9.9982E-05 9.9982E-05 0.632092
9.9982E-05 0.217363 0.260363 0.0634941 9.9982E-05 0.45858
0.220272 0.111975 0.499349 9.9991E-05 0.0119838 0.15632
0.178503 0.14773 0.605518 9.9982E-05 0.0680493 9.9982E-05
0.2063 0.208662 0.463616 0.0599874 0.0613343 9.9991E-05
0.0895738 0.084539 0.611361 0.0530345 0.0937139 0.0677775
0.057498 0.139134 0.566822 0.0254387 0.186176 0.0249317
0.0397595 0.236973 0.308279 9.9982E-05 9.9982E-05 0.414788
9.9991E-05 0.0524327 0.428349 0.0573644 0.133092 0.328662
9.9973E-05 0.0651389 0.501404 9.9973E-05 9.9973E-05 0.433157
0.06121 0.152733 0.311681 0.0286392 0.116861 0.328876
9.9982E-05 0.119768 0.290469 0.0623889 9.9982E-05 0.527174
9.9982E-05 0.181269 0.415856 0.0864692 9.9982E-05 0.316206
0.043959 0.129606 0.287691 9.9982E-05 9.9982E-05 0.538544
9.9991E-05 0.118953 0.388951 0.00224526 0.11851 0.371241
0.199377 0.0832183 0.563958 0.103048 9.9991E-05 0.0502982
0.0315953 0.147471 0.303877 0.00134548 0.15383 0.361881
0.0252274 0.19384 0.141754 9.9982E-05 9.9982E-05 0.638978
0.0841621 0.0980624 0.264938 0.133347 0.0247648 0.394725
0.286624 0.176304 0.259908 0.0529866 0.224077 9.9991E-05
0.199434 9.9991E-05 0.575753 0.0357014 0.109101 0.0799105
0.0361519 0.149742 0.456836 9.9991E-05 0.111086 0.246083
0.172821 0.0948438 0.554164 0.0159494 0.0813056 0.080916
0.147765 0.179594 0.536456 0.0530294 0.0823717 0.00078396
0.0644092 0.191465 0.382789 0.134574 0.0180474 0.208715
0.108019 0.242151 0.419394 9.9982E-05 9.9982E-05 0.230236
0.0625829 0.117274 0.520733 0.0742929 0.111374 0.113743
0.0233008 0.159828 0.425951 0.0102272 0.0387019 0.341991
9.9982E-05 0.099002 0.477873 0.00129477 9.9982E-05 0.42163
0.0444772 0.205104 0.177031 9.9982E-05 9.9982E-05 0.573187
0.149332 0.0414906 0.63149 9.9991E-05 0.084736 0.0928518
0.170573 0.0998366 0.522782 0.0951349 0.111573 9.9991E-05
0.612909 0.128101 0.179146 0.0304625 0.0326158 0.0167653
0.0903938 0.147319 0.496229 0.105171 0.0591394 0.101748
0.24838 0.0523022 0.41006 0.104711 0.181699 0.00284842
0.107964 0.164353 0.486501 0.0960708 9.9991E-05 0.145011
0.158547 0.109697 0.480198 9.9991E-05 0.13964 0.111817
0.536948 0.281447 9.9973E-05 9.9973E-05 9.9973E-05 0.181306
0.598513 0.298521 9.9973E-05 9.9973E-05 9.9973E-05 0.102666
0.425501 0.183445 0.272105 9.9982E-05 9.9982E-05 0.118749
0.457952 0.307654 9.9991E-05 0.0475555 0.00171779 0.185021
0.363838 0.430634 9.9973E-05 9.9973E-05 9.9973E-05 0.205228
0.385911 0.0824931 0.367166 0.0086806 0.00172547 0.154025
0.208787 0.213315 0.446842 0.000980723 9.9991E-05 0.129975
0.341795 0.290351 0.211249 9.9982E-05 9.9982E-05 0.156406
0.525049 0.278829 0.0819595 9.9982E-05 9.9982E-05 0.113963
0.242849 0.100074 0.551666 0.0260984 9.9991E-05 0.079214
0.502941 0.185543 0.154976 0.0384813 9.9991E-05 0.117959
0.552386 0.42249 9.9973E-05 9.9973E-05 9.9973E-05 0.0248243
0.122579 0.123416 0.533127 0.0149511 0.0376032 0.168323
0.232226 0.100738 0.311701 9.9991E-05 0.0626658 0.292569
9.9991E-05 0.277691 0.353135 0.0812726 0.0239876 0.263814
9.9973E-05 0.185782 0.551098 9.9973E-05 9.9973E-05 0.26282
9.9991E-05 0.140159 0.438532 0.109463 0.0511243 0.260622
0.12926 0.131192 0.451162 0.0176191 9.9991E-05 0.270666
0.0551115 0.344248 0.367109 9.9991E-05 0.0543206 0.17911
0.0358976 0.227451 0.436453 0.039194 0.052022 0.208982
9.9991E-05 0.226552 0.417513 0.0355403 0.0135581 0.306736
0.206325 0.279254 0.312784 9.9991E-05 0.0203219 0.181215
0.0615479 0.171787 0.261963 0.238212 0.110139 0.156352
9.9991E-05 0.17594 0.515947 0.104215 0.0220291 0.181768
0.0968459 0.0683105 0.443234 0.0317394 0.117419 0.242451
0.0291442 0.16075 0.601535 0.112595 9.9991E-05 0.0958753
0.0119656 0.345088 0.344276 9.9991E-05 0.0462964 0.252273
0.0445627 0.242459 0.554196 0.00803589 9.9991E-05 0.150647
0.22449 0.394243 0.1864 0.0232064 9.9991E-05 0.171561
0.0911159 0.17973 0.504593 9.9982E-05 9.9982E-05 0.224361
0.248557 0.23953 0.165859 0.00929785 9.9991E-05 0.336656
0.0508292 0.757508 9.9991E-05 0.00985703 0.153001 0.028705
9.9973E-05 0.0337926 0.191012 9.9973E-05 0.774896 9.9973E-05
9.996E-05 9.996E-05 9.996E-05 9.996E-05 0.9995 9.996E-05
9.9964E-05 0.0209442 9.9964E-05 9.9964E-05 0.978656 9.9964E-05
9.9964E-05 9.9964E-05 0.0352894 9.9964E-05 0.964311 9.9964E-05
9.9982E-05 0.00476425 0.0112847 9.9982E-05 0.91564 0.0681114
9.9964E-05 9.9964E-05 0.100675 9.9964E-05 0.898925 9.9964E-05
9.9973E-05 0.0554847 9.9973E-05 0.0239541 0.920261 9.9973E-05
9.9982E-05 0.179251 0.0134616 9.9982E-05 0.797067 0.0100209
9.9982E-05 0.892778 0.0148037 9.9982E-05 0.0742203 0.0179979
9.9982E-05 0.795176 0.0317011 9.9982E-05 0.16265 0.0102733
0.0504843 0.865109 0.0624066 0.016055 9.9991E-05 0.00584478
9.9973E-05 0.831738 0.0407746 9.9973E-05 0.127188 9.9973E-05
9.9982E-05 0.896936 0.0316244 9.9982E-05 0.0344621 0.0367772
0.0417108 0.894571 9.9991E-05 0.00301484 0.0337568 0.026847
0.014108 0.77386 9.9991E-05 0.0363861 0.0719783 0.103568
0.0264879 0.851198 0.0411677 9.9991E-05 0.0144318 0.0666143
0.00790611 0.706355 0.00515307 0.0747443 0.12529 0.0805515
9.9964E-05 0.900358 9.9964E-05 9.9964E-05 9.9964E-05 0.0992418
0.0175419 0.958924 9.9973E-05 9.9973E-05 0.0232338 9.9973E-05
9.9991E-05 0.832576 0.0281287 0.0863734 0.000697118 0.0521253
9.9973E-05 0.96076 9.9973E-05 9.9973E-05 0.0284047 0.0105356
0.0238789 0.888701 0.0576841 9.9982E-05 9.9982E-05 0.0295361
9.9973E-05 0.844141 0.11414 9.9973E-05 9.9973E-05 0.0414185
9.9973E-05 0.805904 0.111713 9.9973E-05 9.9973E-05 0.0820826
9.9973E-05 0.745639 0.0936384 9.9973E-05 9.9973E-05 0.160422
9.9973E-05 0.747619 0.126982 9.9973E-05 9.9973E-05 0.1251
9.9973E-05 0.808164 0.125441 9.9973E-05 9.9973E-05 0.0660957
0.214945 0.176699 0.400116 0.0876072 0.0876676 0.0329648
0.0868068 0.121218 0.734921 0.0210071 0.0359472 9.9991E-05
0.0972274 0.122077 0.528561 0.119915 0.0726432 0.0595765
0.638802 0.0434361 0.163071 0.105049 0.0495426 9.9991E-05
0.166051 0.156328 0.543662 0.0102957 0.110796 0.0128676
0.649019 0.150023 0.200658 9.9973E-05 9.9973E-05 9.9973E-05
0.234934 0.117194 0.643133 9.9982E-05 9.9982E-05 0.00453862
0.17488 0.0670108 0.466814 0.123643 0.167552 9.9991E-05
0.172319 0.134745 0.515581 0.143649 0.0336055 9.9991E-05
9.9991E-05 0.0236836 0.451855 0.445763 0.0692968 0.00930126
0.171524 0.120084 0.475623 0.0905699 0.142099 9.9991E-05
0.188151 0.0731599 0.651982 0.0591655 0.00440365 0.0231383
0.187377 0.089329 0.580524 9.9991E-05 0.113601 0.0290695
0.16859 9.9991E-05 0.0750984 0.16085 0.538638 0.0567235
0.804886 0.0197575 9.9982E-05 0.0790243 0.0961326 9.9982E-05
0.645978 0.0577417 0.220408 9.9982E-05 0.0756717 9.9982E-05
0.0651012 0.100741 0.681976 0.0179274 0.0981504 0.0361043
0.220341 0.0935689 0.591687 0.0489383 0.040644 0.00482082
0.203154 0.114491 0.567153 0.0518406 0.0632613 9.9991E-05
0.160027 0.034549 0.661953 0.0132846 0.063231 0.0669551
0.105164 0.203196 0.538004 9.9982E-05 9.9982E-05 0.153437
0.0448751 0.171777 0.549639 0.0281638 0.0574856 0.148059
0.122992 0.428601 0.147435 0.0281501 0.156901 0.115921
0.0465843 0.158843 0.63365 9.9991E-05 0.154202 0.0066213
0.0852345 0.223024 0.401219 0.0344243 0.128396 0.127702
0.397857 0.417678 9.9973E-05 9.9973E-05 9.9973E-05 0.184164
0.208244 0.275939 0.352419 9.9982E-05 9.9982E-05 0.163198
9.9991E-05 0.37645 0.203483 0.195988 0.0292878 0.194692
0.000234612 0.363215 0.506483 0.0334526 0.0884148 0.00819992
0.0968929 0.0674317 0.439905 0.0103305 0.108787 0.276653
0.0066933 0.207625 0.596069 0.00805508 0.0198184 0.161739
0.0733554 0.111607 0.52449 0.0458045 0.0392177 0.205525
0.210526 0.161399 0.494714 9.9991E-05 0.0171044 0.116157
0.021902 0.446619 0.262666 0.0030171 0.0428307 0.222965
