0.0281762 9.9982E-05 0.0657998 0.00673666 0.899087 9.9982E-05
9.9973E-05 9.9973E-05 0.0470732 9.9973E-05 0.926956 0.0256709
0.114555 0.000733197 0.0534418 0.0375859 0.793584 9.9991E-05
9.9973E-05 9.9973E-05 0.120764 0.131602 0.747334 9.9973E-05
9.9982E-05 0.0501949 0.0439289 0.0808222 0.824854 9.9982E-05
0.0441281 0.147635 0.076649 0.0959515 0.597914 0.0377225
9.999E-05 0.0943777 0.093785 0.012109 0.796691 0.00293714
9.9982E-05 0.118359 0.106898 0.02976 0.744782 9.9982E-05
9.9982E-05 0.0668885 0.0886582 9.9982E-05 0.837002 0.00725141
0.0762834 0.038954 0.0814234 0.0792677 0.723971 9.9991E-05
0.023646 0.0609559 0.190272 9.9982E-05 0.724926 9.9982E-05
0.172455 0.0138196 0.41754 0.106038 9.9991E-05 0.290047
0.596732 0.058896 0.236402 9.9991E-05 0.0401364 0.067733
0.256786 0.123041 0.42343 0.0704155 0.0336862 0.0926419
0.329421 0.0693351 0.403181 0.155351 0.0110907 0.031621
0.385425 0.0735231 0.186855 0.160879 0.0808184 0.1125
0.611666 9.9982E-05 0.238895 0.0699392 0.0793001 9.9982E-05
0.450845 0.0677261 0.166867 0.0979034 9.9991E-05 0.216558
0.295825 9.9991E-05 0.288303 0.100802 0.126306 0.188664
9.999E-05 0.100505 0.663986 0.101283 0.0228245 0.111301
0.373519 0.00216516 0.317762 0.0920227 0.026036 0.188495
0.467295 0.175307 0.197525 0.0880551 9.9991E-05 0.0717178
0.603013 9.9991E-05 0.175619 0.0165022 0.049436 0.155329
0.320794 0.0626017 0.31485 0.0792499 0.0219811 0.200523
0.559736 9.9991E-05 0.0623114 0.123502 0.119036 0.135314
0.625993 0.017459 0.213678 0.108496 9.9991E-05 0.0342735
0.182676 0.0123191 0.430924 0.0945666 0.0367598 0.242754
0.16922 0.0771828 0.386193 0.186965 0.0448434 0.135596
0.222895 0.174183 0.461903 0.0248429 9.9991E-05 0.116076
0.118064 9.9973E-05 9.9973E-05 0.0560485 0.825588 9.9973E-05
0.166047 9.9964E-05 9.9964E-05 9.9964E-05 0.833553 9.9964E-05
0.17954 9.9973E-05 9.9973E-05 0.0338481 0.786312 9.9973E-05
0.175919 9.9982E-05 9.9982E-05 0.0540977 0.738194 0.0315893
0.587976 0.0180715 0.112544 0.0293669 9.9991E-05 0.251942
0.565033 0.0881467 0.0302526 0.0286674 0.119523 0.168377
0.578307 9.9973E-05 9.9973E-05 9.9973E-05 0.00767276 0.413721
0.152557 0.0278877 0.473515 9.9991E-05 0.137215 0.208724
0.27333 0.0298212 9.9991E-05 0.0338484 0.0186505 0.64425
0.537282 9.9991E-05 0.163714 0.0804589 0.0413937 0.177051
0.692088 0.0685589 9.9991E-05 0.0196278 0.0409777 0.178648
0.590163 0.11851 9.9982E-05 9.9982E-05 0.159887 0.13124
0.635928 0.0111229 0.121501 0.0103075 0.0874582 0.133682
0.142333 0.00908296 0.141623 9.9991E-05 0.0206937 0.686168
0.672685 0.216972 0.0381338 0.0471649 0.0245775 0.000466909
0.54811 0.0721805 9.9991E-05 0.0311774 0.115634 0.232798
0.539929 0.0285595 0.0268674 0.0645014 0.0947388 0.245404
0.33045 9.9964E-05 9.9964E-05 9.9964E-05 9.9964E-05 0.66915
0.627467 0.0371482 0.00138907 9.9991E-05 0.0727585 0.261138
0.485579 9.9991E-05 0.0859527 0.0921695 0.109739 0.226459
9.9973E-05 0.306281 9.9973E-05 9.9973E-05 0.0779164 0.615503
0.17708 0.230341 0.421802 9.9982E-05 9.9982E-05 0.170577
0.0706104 0.509034 0.178556 0.0269309 0.0106135 0.204255
0.59555 0.0813214 0.166503 0.0752247 0.0801449 0.00125526
0.630384 0.1039 0.0636165 0.0573907 0.120639 0.0240692
0.61872 0.2028 0.0712594 0.08253 0.0245904 9.9991E-05
0.186657 0.113208 0.315053 9.9991E-05 0.107613 0.277369
0.571456 0.164286 0.219208 0.0279024 0.00181834 0.0153299
0.589608 0.098986 0.144782 0.0728476 0.0612058 0.0325709
0.356608 0.153111 0.134001 9.9991E-05 0.141538 0.214643
0.0489176 0.20461 0.332889 0.0425101 0.16782 0.203253
0.616341 0.0332744 0.142855 0.0919926 0.0419284 0.0736085
0.390715 0.149888 0.291249 0.0848568 0.0184538 0.0648369
0.0693163 0.102742 0.517641 9.9991E-05 0.0394346 0.270767
0.551082 0.170408 0.14883 0.0200829 9.9991E-05 0.109496
0.582794 0.157783 0.0633557 0.0851067 0.0350426 0.0759182
0.680087 0.135463 0.0796601 9.9991E-05 0.0873341 0.017356
0.233991 0.105367 0.255305 0.0625603 0.0530438 0.289732
0.498837 0.10722 0.203109 0.0745834 9.9991E-05 0.116151
0.666435 0.083555 0.177601 0.0677255 0.00458358 9.9991E-05
0.185371 0.178133 0.295282 9.9991E-05 0.0169137 0.3242
0.574356 9.9982E-05 0.0402951 0.000809131 9.9982E-05 0.38434
0.186269 9.9991E-05 0.0836314 0.00729088 0.0002039 0.722505
0.505441 0.093863 0.0693089 0.0590691 0.112549 0.159769
9.9964E-05 0.121215 9.9964E-05 9.9964E-05 9.9964E-05 0.878386
9.9964E-05 0.174413 9.9964E-05 9.9964E-05 9.9964E-05 0.825187
0.236661 9.9973E-05 9.9973E-05 0.0394613 9.9973E-05 0.723577
0.470548 9.9982E-05 0.0741906 9.9982E-05 0.0222301 0.432831
0.582274 0.0486091 0.110049 9.9991E-05 0.148942 0.110025
0.393244 9.9982E-05 9.9982E-05 0.0719726 0.0480477 0.486535
0.115473 9.9991E-05 0.16846 0.0854769 0.00771993 0.622769
0.198 9.9982E-05 0.241215 9.9982E-05 0.0493095 0.511275
0.494267 9.9991E-05 0.0661848 0.0828942 0.0781913 0.278363
0.28518 9.9991E-05 0.0660388 0.00877271 0.0298581 0.610051
0.368026 9.9991E-05 0.0509132 0.0427759 0.0419161 0.496268
0.36303 0.0118134 9.9982E-05 9.9982E-05 0.0141318 0.610825
9.9964E-05 0.307777 9.9964E-05 9.9964E-05 9.9964E-05 0.691823
0.652555 9.9991E-05 0.0583146 0.0155399 0.0240448 0.249445
0.0491744 9.9982E-05 0.0743052 0.0966846 0.779636 9.9982E-05
0.0844997 9.9964E-05 9.9964E-05 9.9964E-05 0.9151 9.9964E-05
0.0950565 9.9973E-05 9.9973E-05 0.0140682 0.890575 9.9973E-05
0.0438749 0.028901 9.9982E-05 0.00144322 0.925581 9.9982E-05
0.071225 9.9982E-05 9.9982E-05 0.00030331 0.900696 0.0275755
0.017054 9.9982E-05 9.9982E-05 0.0190742 0.902679 0.0609927
0.0303202 9.9982E-05 9.9982E-05 0.00444618 0.942566 0.0224679
0.532471 9.9991E-05 0.0998719 0.0570615 0.0554449 0.255051
0.54231 9.9991E-05 0.128323 0.068492 0.0662076 0.194567
9.9973E-05 9.9973E-05 0.100734 9.9973E-05 0.037314 0.861652
0.504807 0.16943 0.0724635 0.0891149 0.0104758 0.153709
0.495665 9.9982E-05 0.11448 9.9982E-05 0.074268 0.315387
0.576681 9.9982E-05 0.0268723 0.0664205 9.9982E-05 0.329826
0.543066 0.061276 9.9982E-05 9.9982E-05 0.068804 0.326654
0.389919 9.9973E-05 9.9973E-05 0.0985441 9.9973E-05 0.511237
9.9973E-05 9.9973E-05 0.175766 9.9973E-05 0.0492668 0.774667
0.432648 0.100359 0.0483188 9.9991E-05 0.122613 0.29596
0.624351 9.9982E-05 9.9982E-05 0.0661562 0.074206 0.235087
0.623287 9.9991E-05 0.0855406 0.0852236 0.0794296 0.126419
0.316492 0.107098 9.9982E-05 9.9982E-05 0.00947422 0.566736
0.459693 0.0766297 9.9982E-05 9.9982E-05 0.0203645 0.443113
0.468668 9.9982E-05 0.102921 9.9982E-05 0.0175759 0.410635
0.212699 9.9973E-05 9.9973E-05 0.122318 9.9973E-05 0.664683
0.499448 9.9982E-05 0.0518937 9.9982E-05 0.0882746 0.360184
0.518057 9.9982E-05 0.0218651 9.9982E-05 0.161327 0.29855
0.257247 0.255179 0.340977 0.0230214 9.9991E-05 0.123476
0.406697 0.0833208 0.305848 0.0536704 0.135646 0.014818
0.522734 0.125196 0.117086 0.0683726 0.115767 0.0508437
0.600237 0.0612279 0.10871 0.0661998 0.0415843 0.122041
0.502362 0.121199 0.266139 9.9991E-05 0.0066238 0.103576
0.533331 0.0590458 0.268286 0.139137 9.9982E-05 9.9982E-05
0.527763 0.0107723 0.322144 9.9991E-05 0.0175964 0.121624
0.556582 0.107312 0.134153 9.9991E-05 0.0625009 0.139351
0.58732 0.0984483 0.179697 0.0164787 0.117956 9.9991E-05
0.687735 0.053212 0.110839 9.9991E-05 0.0853995 0.0627146
0.505446 0.00729818 0.364541 9.9991E-05 0.0451836 0.0774305
0.611467 0.0902708 0.079868 0.125729 0.0753852 0.0172802
0.502561 0.126221 0.110097 0.0349997 0.0909345 0.135188
0.570995 0.00710078 0.260124 0.102746 9.9991E-05 0.0589347
0.504316 0.159448 0.173024 0.109877 0.0028273 0.0505074
0.546402 9.9991E-05 0.261612 0.0953385 0.0446855 0.0518628
0.415456 0.159941 0.262455 9.9991E-05 0.134985 0.0270631
0.739221 0.0624817 0.187058 0.0110386 9.9982E-05 9.9982E-05
0.700754 0.214097 0.0326115 0.0344328 0.0117381 0.00636677
0.198348 0.0850322 0.369392 0.099912 9.9991E-05 0.247216
0.192143 0.474795 0.251892 9.9982E-05 9.9982E-05 0.0809698
0.540348 0.0538544 0.247871 0.0447408 0.0209881 0.0921985
0.123615 0.420347 0.276673 9.9982E-05 9.9982E-05 0.179165
0.347968 0.0698039 0.371642 0.00130791 0.0368357 0.172442
0.436173 0.0498265 0.258267 9.9982E-05 9.9982E-05 0.255533
0.34104 9.9982E-05 0.431972 9.9982E-05 0.0257532 0.201035
0.307833 0.0585425 0.457822 0.0105997 0.0117795 0.153423
0.654526 0.0573477 0.113764 0.00938381 0.0749666 0.0900119
0.44775 0.0673849 0.0967667 0.139907 0.0653633 0.182828
0.633056 0.00259195 0.163769 9.9991E-05 0.105231 0.0952514
0.147505 0.396421 0.318488 0.0946671 9.9991E-05 0.042818
0.604842 0.061846 0.101163 9.9991E-05 0.166604 0.0654445
0.523967 0.204289 0.0365035 0.0560697 0.0463175 0.132854
0.0473202 0.484383 0.184136 9.9991E-05 0.135787 0.148273
0.663277 0.151742 9.9991E-05 0.0089757 0.0583561 0.117549
0.42819 0.276311 0.0395364 0.00254896 0.0977399 0.155674
0.556833 0.227397 0.0806263 0.0454525 0.0474835 0.0422076
0.308854 0.418787 0.162748 0.0260511 0.0617403 0.0218196
0.173319 0.471346 0.157029 9.9991E-05 0.0680657 0.13014
0.500853 0.243401 0.168649 9.9991E-05 0.0464232 0.0405734
0.471968 0.217713 0.107935 0.107059 0.0703955 0.0249301
0.424405 0.134443 0.168423 0.0801544 0.125767 0.066808
0.0171864 0.410251 0.103361 0.172425 0.0386294 0.258146
0.603228 0.18166 0.103717 9.9991E-05 0.0888426 0.0224527
0.450457 0.311034 0.10273 9.9982E-05 9.9982E-05 0.135579
0.490704 0.150937 0.178207 9.9982E-05 9.9982E-05 0.179952
0.645411 0.0743216 0.0702502 0.0424781 0.128272 0.0392675
0.136456 0.277539 9.9982E-05 0.259594 0.326211 9.9982E-05
9.9973E-05 0.33318 9.9973E-05 0.158404 0.508116 9.9973E-05
9.9973E-05 0.4739 9.9973E-05 0.105402 0.420398 9.9973E-05
0.109271 0.159013 0.00239349 0.349813 0.37941 9.9991E-05
0.731838 0.225085 9.9973E-05 9.9973E-05 9.9973E-05 0.0427773
0.720238 0.0971339 0.029327 9.9991E-05 0.0545444 0.0986564
0.289372 9.9973E-05 9.9973E-05 0.663848 9.9973E-05 0.04648
0.262971 0.0108469 0.098732 0.496648 9.9991E-05 0.130701
0.289914 0.059512 9.9991E-05 0.457912 0.115405 0.0771565
0.360836 0.543123 9.9973E-05 9.9973E-05 9.9973E-05 0.095741
0.690206 0.115499 0.0969994 0.00668795 0.0778901 0.0127175
0.285083 0.651522 0.00538269 9.9982E-05 9.9982E-05 0.0578131
0.648457 0.319322 0.0112907 9.9982E-05 0.0207311 9.9982E-05
0.491371 0.346614 0.0787157 9.9991E-05 0.0140531 0.0691464
0.614416 0.304678 9.9982E-05 0.0488959 9.9982E-05 0.0318102
0.263861 0.520427 0.111228 9.9982E-05 9.9982E-05 0.104285
0.624399 0.151827 9.9991E-05 0.0909043 0.0253642 0.107406
0.62057 0.0878574 9.9991E-05 0.0429298 0.0816271 0.166916
9.9964E-05 9.9964E-05 9.9964E-05 0.970853 9.9964E-05 0.0287475
0.116244 9.9973E-05 0.000683513 0.882772 9.9973E-05 9.9973E-05
0.304257 0.0256987 0.0775432 0.563407 0.0182524 0.0108415
0.301724 9.9991E-05 0.0297974 0.646286 0.019574 0.00251913
0.106426 9.9973E-05 9.9973E-05 0.822584 9.9973E-05 0.07069
9.996E-05 9.996E-05 9.996E-05 0.9995 9.996E-05 9.996E-05
9.9964E-05 9.9964E-05 0.032176 0.967424 9.9964E-05 9.9964E-05
0.0981913 9.9973E-05 9.9973E-05 0.898609 9.9973E-05 0.00289977
0.0122752 9.9973E-05 0.013796 0.973629 9.9973E-05 9.9973E-05
9.996E-05 9.996E-05 9.996E-05 0.9995 9.996E-05 9.996E-05
9.996E-05 9.996E-05 9.996E-05 0.9995 9.996E-05 9.996E-05
0.16225 0.0163321 9.9982E-05 0.755878 0.0653395 9.9982E-05
0.108547 9.9982E-05 0.0462899 0.833183 0.0117799 9.9982E-05
9.9973E-05 9.9973E-05 0.00139272 0.972878 9.9973E-05 0.0254298
0.32318 0.00727503 0.0900737 0.438668 0.111251 0.0295516
0.189274 9.9991E-05 0.0236582 0.688063 0.0297723 0.0691331
0.207997 0.0128884 0.0400069 0.689067 0.0499413 9.9991E-05
0.0695571 9.9982E-05 0.00347304 0.892253 0.034517 9.9982E-05
9.996E-05 9.996E-05 9.996E-05 0.9995 9.996E-05 9.996E-05
0.0588259 9.9973E-05 9.9973E-05 0.895941 0.0449331 9.9973E-05
9.996E-05 9.996E-05 9.996E-05 0.9995 9.996E-05 9.996E-05
0.141933 9.9991E-05 0.104465 0.694773 0.00337891 0.0553501
9.9991E-05 0.0322694 0.0074027 0.93002 0.00532585 0.0248823
9.9973E-05 0.603435 9.9973E-05 0.0613742 0.334891 9.9973E-05
0.394955 0.236385 0.132763 0.0960265 0.130332 0.00953856
0.504162 0.143681 0.0621714 0.0304262 0.234917 0.0246426
0.213928 0.42662 0.0521996 0.102145 0.205007 9.9991E-05
0.415434 0.114532 0.0501675 0.176582 0.146924 0.096361
0.18994 0.444231 9.9982E-05 0.0740132 0.291617 9.9982E-05
0.462713 0.137283 0.0699246 0.1115 0.141072 0.0775082
0.318343 0.373619 9.9982E-05 0.173079 0.134759 9.9982E-05
0.442804 0.21023 0.0292228 0.194414 0.0789894 0.0443404
0.393436 0.305938 9.9982E-05 0.173721 0.126704 9.9982E-05
0.540004 0.115621 0.0647689 0.0941045 0.185402 9.9991E-05
0.0957729 0.0238285 0.0658681 9.9982E-05 0.814331 9.9982E-05
9.9973E-05 9.9973E-05 9.9973E-05 0.0596913 0.931765 0.00824387
0.0275972 9.9973E-05 0.038372 9.9973E-05 0.933731 9.9973E-05
0.0382983 9.9982E-05 0.0143255 9.9982E-05 0.941359 0.00581695
0.0214193 0.0463513 0.0292667 0.0127755 0.890087 9.9991E-05
9.9973E-05 9.9973E-05 9.9973E-05 0.0814154 0.916812 0.00147277
0.0419373 9.9982E-05 0.0114859 0.0712966 0.87508 9.9982E-05
0.00105822 0.0690876 9.9982E-05 0.00872597 0.920928 9.9982E-05
0.052809 0.00518359 9.9982E-05 9.9982E-05 0.92754 0.014267
9.9982E-05 0.0336144 0.0216593 0.0723575 0.872169 9.9982E-05
9.9973E-05 9.9973E-05 0.232111 9.9973E-05 0.599444 0.168145
9.9982E-05 9.9982E-05 0.321167 0.0431739 0.549474 0.0859851
9.9982E-05 0.129176 0.293374 9.9982E-05 0.51821 0.0590391
9.9982E-05 0.0478583 0.323381 9.9982E-05 0.493502 0.135059
0.41847 9.9982E-05 0.0965848 9.9982E-05 0.0947721 0.389973
0.433116 9.9982E-05 0.0648038 9.9982E-05 0.0733046 0.428575
0.536309 0.0103887 0.161999 9.9991E-05 0.0291221 0.262082
0.397805 0.0530331 0.285528 9.9991E-05 0.0180979 0.245436
0.210918 0.0917363 0.504362 9.9982E-05 9.9982E-05 0.192785
0.609142 0.0203411 9.9991E-05 0.0411221 0.0831499 0.246145
0.514687 0.017119 0.0200725 0.0478951 0.00962211 0.390604
0.597007 0.0667092 0.113574 0.0166999 9.9991E-05 0.20591
0.323397 0.0144555 9.9982E-05 0.0643693 9.9982E-05 0.597578
0.667878 0.0203715 0.16338 0.0468066 0.0553716 0.0461923
0.419303 9.9973E-05 0.0776486 9.9973E-05 9.9973E-05 0.502748
9.9973E-05 0.137696 0.0236989 9.9973E-05 9.9973E-05 0.838305
0.501861 0.0426531 0.136826 0.106752 0.01398 0.197928
0.190792 0.150011 9.9982E-05 0.000713047 9.9982E-05 0.658284
0.55983 0.0872269 9.9982E-05 9.9982E-05 0.0147238 0.33802
0.0543223 9.9982E-05 0.144606 9.9982E-05 0.0438766 0.756995
9.9982E-05 0.0959511 0.766365 0.00829903 0.129185 9.9982E-05
0.0784675 0.127937 0.707717 9.9982E-05 0.0856781 9.9982E-05
9.9973E-05 0.0521005 0.89788 9.9973E-05 0.0497195 9.9973E-05
9.9982E-05 0.0351175 0.791984 9.9982E-05 0.096509 0.0761899
0.0358228 0.168618 0.770007 0.0148679 0.0105839 9.9991E-05
0.0807912 0.00918579 0.789401 0.0635864 0.0569356 9.9991E-05
0.0806128 9.9973E-05 9.9973E-05 0.060444 0.858643 9.9973E-05
0.105647 9.9982E-05 0.0773656 0.0164584 0.800329 9.9982E-05
0.115226 0.0478288 9.9982E-05 0.0677698 0.768976 9.9982E-05
0.00462002 9.9982E-05 0.110978 0.147461 0.736741 9.9982E-05
0.0849677 9.9982E-05 0.0466808 0.0743384 0.793813 9.9982E-05
9.9982E-05 0.0772688 0.515605 9.9982E-05 0.380105 0.0268211
9.9982E-05 0.0750793 0.414359 9.9982E-05 0.436545 0.0738163
9.9973E-05 9.9973E-05 0.452541 9.9973E-05 0.478217 0.0689422
0.136405 9.9973E-05 0.0255026 9.9973E-05 0.837792 9.9973E-05
9.9982E-05 0.0616182 0.456949 9.9982E-05 0.370721 0.110512
0.320192 0.165503 9.9982E-05 0.287224 0.226881 9.9982E-05
0.58821 9.9991E-05 0.0142048 0.226185 0.125959 0.0453418
0.58227 9.9973E-05 9.9973E-05 0.274305 0.143125 9.9973E-05
0.208951 0.134871 0.0225999 0.257065 0.216414 0.160099
0.556199 0.0387565 0.0615245 0.108537 0.17762 0.0573619
9.9973E-05 0.272512 9.9973E-05 0.317774 0.409415 9.9973E-05
0.451002 0.0417738 0.33566 9.9991E-05 0.0184043 0.15306
0.414508 0.284154 0.200621 0.000795481 9.9991E-05 0.0998217
0.326076 0.0421453 0.520915 9.9991E-05 0.040424 0.0703388
0.470171 0.244746 0.116158 9.9982E-05 9.9982E-05 0.168725
9.9973E-05 0.605616 0.0917291 9.9973E-05 9.9973E-05 0.302355
0.515702 0.201856 0.171738 0.0349268 0.0751166 0.000660018
0.595014 0.161209 0.0988899 9.9991E-05 0.00572937 0.139058
0.365927 0.0602942 0.366692 9.9991E-05 0.0581397 0.148847
0.463157 0.0885967 0.223832 0.109788 0.0289504 0.0856764
0.0946976 0.370463 0.239424 9.9982E-05 9.9982E-05 0.295216
0.476862 0.194655 0.140638 0.0299666 9.9991E-05 0.157779
0.530855 9.9982E-05 0.323562 0.057116 9.9982E-05 0.0882671
0.396454 0.13768 0.0872461 0.190079 0.0929331 0.095608
0.363579 0.176977 0.25032 0.0214307 9.9991E-05 0.187594
0.456436 0.0979139 0.25261 0.0286257 9.9991E-05 0.164315
0.459014 0.135664 0.0849915 0.0769107 0.0297273 0.213692
0.527778 0.141326 0.162842 9.9991E-05 0.00136936 0.166585
0.64286 0.124457 0.0761817 0.0893732 0.0411411 0.0259862
0.637943 0.0308581 0.0906363 9.9991E-05 0.149065 0.0913976
0.538729 0.0981789 0.235989 0.11346 9.9991E-05 0.013543
0.118932 9.9973E-05 9.9973E-05 0.0743566 0.806411 9.9973E-05
0.0899784 0.03029 9.9991E-05 0.0224664 0.840183 0.0169822
0.0857296 0.0780406 0.0566692 0.00258566 0.760665 0.0163101
0.00251772 9.9991E-05 0.017286 0.0319079 0.836908 0.111281
0.116871 9.9973E-05 9.9973E-05 9.9973E-05 0.854859 0.0279702
0.170632 0.102855 0.530903 0.0356718 9.9991E-05 0.159838
0.517423 0.157649 0.0871777 0.107947 0.0304771 0.0993266
0.410511 0.185858 9.9982E-05 0.186779 0.216652 9.9982E-05
0.740621 9.9982E-05 0.168211 0.0112206 9.9982E-05 0.0797471
0.526551 9.9982E-05 0.267252 9.9982E-05 0.0766739 0.129323
0.320802 0.291352 0.303209 0.0392695 9.9991E-05 0.0452684
9.9982E-05 0.179927 0.470096 9.9982E-05 0.136095 0.213682
0.522107 0.00632083 0.297397 0.035443 0.0237736 0.114959
0.189324 0.122081 0.411298 0.0246767 0.123103 0.129517
0.408593 0.125853 0.225427 0.0619555 9.9991E-05 0.178071
0.125963 0.0980513 0.43285 9.9991E-05 0.125198 0.217838
0.533231 9.9991E-05 0.239295 0.11471 0.0708727 0.0417921
0.186833 0.115797 0.502287 0.0128123 0.0442336 0.138037
0.443722 0.265286 0.236547 0.0278224 0.0265216 9.9991E-05
0.470163 0.17614 0.166726 0.0349914 0.0847009 0.0672789
0.328917 0.539487 0.131296 9.9973E-05 9.9973E-05 9.9973E-05
0.586471 0.232622 0.0346672 9.9991E-05 0.121678 0.0244608
0.551046 0.095834 0.100162 9.9991E-05 0.149247 0.103611
0.399714 0.46911 0.0886567 9.9982E-05 9.9982E-05 0.0423197
0.369241 0.146303 0.0416332 0.123427 0.107495 0.2119
0.598398 0.292172 9.9991E-05 0.00313702 0.0458228 0.0603703
0.129393 0.690257 0.0411482 9.9982E-05 9.9982E-05 0.139001
0.320721 0.637916 0.0169539 9.9982E-05 9.9982E-05 0.0242094
0.536997 0.370683 0.0920193 9.9973E-05 9.9973E-05 9.9973E-05
0.142657 0.549658 0.110395 9.9982E-05 9.9982E-05 0.197091
0.451887 0.292266 0.0763108 9.9982E-05 9.9982E-05 0.179336
0.0990922 0.0668414 0.524267 0.0381121 9.9991E-05 0.271587
0.283518 0.27834 0.294766 9.9982E-05 9.9982E-05 0.143177
0.381141 9.9991E-05 0.327353 0.0526505 0.0593832 0.179372
0.678321 0.0574945 0.201461 9.9991E-05 0.0090836 0.0535405
0.221299 0.0425808 0.428396 0.0129172 9.9991E-05 0.294707
0.583251 0.125788 0.0578158 0.0668799 0.126332 0.0399341
0.576134 0.0209739 0.149621 0.0990377 0.0221674 0.132066
0.467027 0.110498 0.28278 0.106246 0.0250621 0.00838733
0.60884 0.0835436 0.172126 0.0776233 9.9991E-05 0.057767
0.475666 0.0244568 0.345832 0.0631472 0.0218693 0.069029
0.13943 9.9982E-05 0.479071 0.135972 9.9982E-05 0.245328
0.341158 0.0729647 0.392832 0.0971668 0.000569221 0.0953087
0.648152 0.090456 0.194739 0.0316193 9.9991E-05 0.0349337
0.605175 0.166425 0.0874188 0.0533328 0.0506764 0.0369713
0.438642 0.161694 0.246814 9.9991E-05 0.0461712 0.10658
0.511443 0.0615857 0.226088 0.0790683 9.9991E-05 0.121715
0.460544 0.104623 0.355534 0.00166706 0.0775315 9.9991E-05
0.708604 9.9982E-05 0.222704 9.9982E-05 0.0401296 0.028362
0.502424 0.0274473 0.197457 0.0879726 0.0223783 0.162321
0.478944 0.0406648 0.112413 0.129752 0.151673 0.0865522
0.370008 0.0221068 0.0551038 0.153478 0.353983 0.0453203
0.4646 0.155072 9.9991E-05 0.21908 0.118099 0.0430489
0.450475 0.101179 0.0708363 0.188431 0.154691 0.0343882
0.647351 9.9991E-05 0.0820316 0.0370548 0.121722 0.111741
0.486915 0.0435152 9.9991E-05 0.221232 0.183246 0.0649923
0.502986 0.196456 0.143908 0.0231201 9.9991E-05 0.13343
0.547581 0.127729 0.0208526 0.0602841 0.199095 0.0444588
9.9982E-05 0.464981 9.9982E-05 0.164165 0.256619 0.114036
0.523644 0.0438187 0.081511 0.167235 0.116733 0.0670587
0.493357 0.00105736 0.0358977 0.126721 0.172577 0.170389
0.424842 0.0968125 0.079585 0.283634 0.0586265 0.0564998
0.375115 0.216001 0.061747 0.0592393 0.169784 0.118113
0.550712 0.0925099 9.9982E-05 0.119388 0.23719 9.9982E-05
0.554085 0.149705 9.9982E-05 0.142472 0.153538 9.9982E-05
9.9982E-05 0.329336 9.9982E-05 0.211126 0.430521 0.0288172
0.445271 0.0848196 0.0821453 0.236311 0.136777 0.014676
0.600736 0.0818861 9.9982E-05 0.175007 0.142171 9.9982E-05
0.538294 0.0776566 0.0361407 0.149416 0.0908889 0.107604
0.574145 0.068479 9.9982E-05 0.159782 0.197393 9.9982E-05
0.514546 0.0603998 0.0885395 0.0982385 0.196976 0.0413004
0.447604 0.203246 0.0551217 0.0875805 0.000259327 0.206189
0.439206 0.253309 0.015395 0.0514656 0.131762 0.108863
0.0321151 0.542296 0.0226788 9.9982E-05 9.9982E-05 0.40271
0.006981 0.575073 0.0454831 9.9982E-05 9.9982E-05 0.372263
0.418003 0.108724 0.0789913 0.14794 0.017905 0.228436
0.459459 0.145195 0.0404402 0.24643 0.108376 9.9991E-05
0.371857 0.221186 9.9982E-05 0.347534 0.0592237 9.9982E-05
0.209541 0.226852 9.9991E-05 0.269264 0.238402 0.0558413
0.45135 0.170044 9.9991E-05 0.212862 0.14663 0.0190133
0.169986 0.61305 9.9991E-05 0.0735836 0.062318 0.0809625
0.176019 0.526081 9.9991E-05 0.0909583 0.0821953 0.124647
0.498889 0.167974 0.0117829 0.13498 9.9991E-05 0.186274
0.486611 0.23385 9.9991E-05 0.113237 0.0189343 0.147268
0.193025 0.368379 0.0135521 0.0758249 0.0906266 0.258593
0.563744 0.13701 0.0582713 0.0519011 0.051846 0.137227
0.569794 0.209574 0.037214 0.0765897 0.0452264 0.0616015
0.550879 0.135083 0.111903 0.0571774 0.0487396 0.0962187
0.379584 0.440389 0.0731047 9.9982E-05 9.9982E-05 0.106722
0.379054 0.323105 0.0225411 0.0228103 9.9991E-05 0.252389
0.548411 0.19548 0.0247128 0.0404004 9.9991E-05 0.190896
0.458812 0.250691 0.067076 9.9991E-05 0.0526059 0.170716
0.373264 0.261217 0.0372499 0.122494 0.0684321 0.137342
0.449955 0.408935 9.9973E-05 9.9973E-05 9.9973E-05 0.14081
0.307779 0.482285 0.101596 9.9982E-05 9.9982E-05 0.10814
0.516866 0.192598 9.9991E-05 0.0495039 0.0357941 0.205138
0.31625 0.379679 0.0264617 9.9982E-05 9.9982E-05 0.27741
0.460907 0.318537 0.0150317 9.9982E-05 9.9982E-05 0.205325
0.659244 0.139224 9.9982E-05 9.9982E-05 0.126868 0.0744635
0.546433 0.238582 9.9982E-05 0.00457282 9.9982E-05 0.210212
0.425878 0.166438 0.0394475 0.213611 0.147196 0.00742963
0.433528 0.0686036 0.0901738 0.109718 0.144339 0.153638
0.39059 0.261458 9.9982E-05 0.166176 0.181576 9.9982E-05
0.307015 0.152205 0.0775343 0.227058 0.163552 0.072636
0.452499 9.9991E-05 0.122515 0.142362 0.183337 0.0991867
0.341935 0.223404 0.0154445 0.227692 0.0944219 0.0971024
9.9991E-05 0.601457 0.00140369 0.14984 0.190613 0.056587
0.617605 0.0848067 0.0467568 0.13477 0.115961 9.9991E-05
9.9973E-05 0.536 9.9973E-05 0.115005 0.348694 9.9973E-05
0.58319 0.131202 9.9991E-05 0.129299 0.0700467 0.0861628
0.100708 0.454173 9.9973E-05 9.9973E-05 9.9973E-05 0.444819
9.9973E-05 0.538188 0.00860605 9.9973E-05 9.9973E-05 0.452906
0.484714 0.329131 9.9973E-05 9.9973E-05 9.9973E-05 0.185855
0.669329 0.226441 9.9991E-05 0.0295125 0.00259182 0.0720253
0.437677 0.307764 0.0254345 9.9982E-05 9.9982E-05 0.228924
0.519673 0.136993 0.0424371 0.0358028 9.9991E-05 0.264994
0.546632 0.243067 0.00505653 9.9982E-05 9.9982E-05 0.205044
0.0791867 9.9991E-05 0.0113651 0.0355697 0.860859 0.0129194
9.9991E-05 0.0216095 0.124214 0.0721689 0.747995 0.0339121
9.9973E-05 9.9973E-05 0.0528951 0.077035 0.86977 9.9973E-05
0.0461978 0.00235888 9.9973E-05 9.9973E-05 0.951143 9.9973E-05
0.4785 0.0618998 0.0463289 0.0446491 0.0319716 0.336651
0.468911 0.0200933 9.9991E-05 0.0662263 0.080209 0.36446
0.475075 9.9982E-05 0.00989873 9.9982E-05 0.0345456 0.480281
0.549679 9.9991E-05 0.0410098 0.04227 0.101582 0.265359
0.489418 0.0346414 0.0419182 0.0486239 0.0891672 0.296231
0.177275 0.110109 0.0766279 9.9991E-05 0.00628997 0.629598
0.61954 9.9982E-05 0.00657692 9.9982E-05 0.0262756 0.347408
0.341322 0.149615 9.9973E-05 9.9973E-05 9.9973E-05 0.508764
0.427305 9.9991E-05 0.04807 0.196255 0.278615 0.0496538
0.451435 0.0417665 0.0651337 0.0495503 9.9991E-05 0.392015
0.294068 9.9982E-05 0.124438 9.9982E-05 0.0137537 0.56754
0.529006 0.020604 0.0611015 9.9982E-05 9.9982E-05 0.389088
0.441061 0.00246777 9.9991E-05 0.0207767 0.0154863 0.520108
0.544484 0.0718654 9.9991E-05 0.0460139 0.000468314 0.337069
0.542071 9.9982E-05 0.00966994 9.9982E-05 0.0577622 0.390297
0.00489204 0.0227248 9.9973E-05 9.9973E-05 9.9973E-05 0.972083
0.149153 0.0703879 0.0450566 0.06442 0.00656282 0.664419
0.302502 0.11089 0.0554695 9.9991E-05 0.0167982 0.51424
9.9964E-05 0.190309 9.9964E-05 9.9964E-05 9.9964E-05 0.809291
0.454968 9.9982E-05 0.114005 9.9982E-05 0.00755874 0.423269
0.0839712 0.309019 9.9982E-05 9.9982E-05 0.000596084 0.606214
9.9964E-05 0.241939 9.9964E-05 9.9964E-05 9.9964E-05 0.757661
0.465858 9.9982E-05 9.9982E-05 0.178816 0.013429 0.341697
0.178244 0.0208644 0.0432634 9.9991E-05 0.0831939 0.674334
0.496609 0.0562481 0.131981 0.0297202 9.9991E-05 0.285342
0.665011 0.0168096 0.0773694 0.00513802 0.0623343 0.173338
0.483243 9.9973E-05 0.0879118 9.9973E-05 9.9973E-05 0.428545
0.421075 0.333585 0.199659 0.0220162 9.9991E-05 0.0235647
0.561256 9.9991E-05 0.0641602 0.0164994 0.0252516 0.332733
0.451218 9.9991E-05 0.00779385 0.0197214 0.0659237 0.455243
0.258982 0.031802 9.9973E-05 9.9973E-05 9.9973E-05 0.708916
0.467484 0.0276083 0.0377013 0.0789342 0.0980352 0.290237
9.9973E-05 0.103851 0.271716 9.9973E-05 0.624133 9.9973E-05
9.9991E-05 0.0287268 0.12189 0.0251445 0.743992 0.0801471
9.9973E-05 0.0838471 0.104934 9.9973E-05 0.810919 9.9973E-05
9.9982E-05 0.0469307 0.119873 9.9982E-05 0.799154 0.0338424
0.0247407 0.0281275 0.230835 9.9991E-05 0.713609 0.0025877
0.144339 9.9991E-05 0.132634 0.0242667 0.0537389 0.644921
0.148858 0.0183246 0.0966218 9.9991E-05 0.0728877 0.663208
0.109269 0.0685439 9.9973E-05 9.9973E-05 9.9973E-05 0.821887
0.491242 0.0697394 9.9991E-05 0.0760291 0.164342 0.198548
0.557954 0.0462713 0.0330961 0.0590538 0.0863492 0.217276
0.283837 0.058054 9.9991E-05 0.0227294 0.0298114 0.605468
0.549411 9.9982E-05 9.9982E-05 0.0784249 0.0236875 0.348276
0.386573 0.00783876 0.0123081 0.0179715 0.0523759 0.522932
0.527817 0.0111788 0.0606204 9.9991E-05 0.0652238 0.33506
0.61071 0.0300545 0.0483776 0.00837583 0.017194 0.285288
0.14974 9.9982E-05 0.109171 0.0667782 9.9982E-05 0.674111
0.36457 9.9982E-05 0.0523531 9.9982E-05 0.00221522 0.580662
0.309353 9.9973E-05 0.129052 9.9973E-05 9.9973E-05 0.561296
0.649326 0.176394 0.0659057 9.9982E-05 0.108175 9.9982E-05
0.388846 9.9982E-05 0.0677432 9.9982E-05 0.0339798 0.509231
0.44114 9.9991E-05 0.0564171 0.0233499 0.0771801 0.401813
0.409955 0.0223141 0.022425 0.441248 0.0574325 0.0466247
0.340457 0.0375124 9.9991E-05 0.476715 0.0205744 0.124642
0.354125 0.0539057 9.9982E-05 0.464062 0.127707 9.9982E-05
0.306075 0.148543 9.9982E-05 0.482597 0.0625853 9.9982E-05
0.577573 0.0465664 9.9982E-05 0.209577 0.166084 9.9982E-05
0.539966 0.169943 9.9982E-05 9.9982E-05 0.0510657 0.238825
0.0793955 0.0321342 9.9982E-05 0.633439 0.254832 9.9982E-05
0.308331 0.0766084 9.9991E-05 0.462309 0.149823 0.00282908
0.406495 0.196215 9.9991E-05 0.159357 0.111501 0.126332
0.606646 0.270523 0.00941053 9.9991E-05 0.110622 0.0026997
0.423399 0.346594 0.086265 0.011757 0.110561 0.0214237
0.577261 0.150685 0.0164032 0.0690137 0.186537 9.9991E-05
0.630872 0.102968 0.0540027 0.00313024 0.0923492 0.116678
0.357519 9.9973E-05 9.9973E-05 0.408799 0.233382 9.9973E-05
0.417304 0.00476008 0.074122 0.345358 0.117183 0.0412737
0.487475 0.010281 9.9982E-05 0.44442 0.0576244 9.9982E-05
0.510194 0.0581152 0.0596146 0.241285 0.122792 0.00799958
0.282761 0.0287336 9.9991E-05 0.503622 0.14494 0.0398433
0.392695 9.9982E-05 9.9982E-05 0.363406 0.0924946 0.151204
0.273088 0.100132 9.9982E-05 0.544061 0.0825189 9.9982E-05
0.417476 9.9991E-05 0.0750493 0.414693 0.0794217 0.0132599
0.549298 0.383737 9.9991E-05 0.031722 0.0313089 0.00383426
0.408086 0.00466232 0.0315722 0.311383 0.19074 0.0535565
0.177868 9.9973E-05 9.9973E-05 0.602539 0.219292 9.9973E-05
0.406265 0.0502587 0.0793051 0.345645 0.0887006 0.0298252
0.246188 0.209881 0.264211 9.9991E-05 0.160536 0.119083
0.579337 0.244942 0.0755112 0.0992681 0.000842609 9.9991E-05
0.461713 0.0663638 0.00226676 0.313497 0.156059 9.9991E-05
0.595601 0.168525 0.116843 0.029377 0.0741526 0.0155018
0.574717 0.222698 0.063277 0.00329532 0.135913 9.9991E-05
0.335197 0.0703141 0.0340491 0.187792 0.199004 0.173644
0.338245 0.169092 9.9982E-05 0.250692 0.24177 9.9982E-05
0.577509 0.0988134 0.0875197 0.0947125 0.052149 0.089296
0.259431 9.9991E-05 0.0716459 0.457177 0.0864741 0.125172
0.383751 0.0947466 9.9982E-05 0.471743 0.0495595 9.9982E-05
0.197023 0.0631128 9.9982E-05 0.518815 0.220849 9.9982E-05
0.626925 0.196866 9.9991E-05 0.00438868 0.0787168 0.0930032
0.535253 0.191686 0.0670556 9.9991E-05 0.108177 0.0977293
0.204305 0.65686 9.9982E-05 0.015642 0.122993 9.9982E-05
0.569847 0.126765 0.0435433 0.0956639 0.16408 9.9991E-05
0.284664 0.181537 0.30514 0.105638 0.0323332 0.0906876
0.527741 0.234915 0.00229682 0.0286395 0.206308 9.9991E-05
0.457192 0.211284 0.0053132 0.0292333 0.11869 0.178287
9.9973E-05 0.530117 9.9973E-05 0.166502 0.303081 9.9973E-05
9.9973E-05 0.600918 9.9973E-05 0.127228 0.271554 9.9973E-05
0.343923 0.407022 9.9982E-05 0.0899642 0.158891 9.9982E-05
0.0919889 0.383731 9.9991E-05 0.180211 0.325386 0.0185842
9.9973E-05 0.34664 9.9973E-05 0.220649 0.432412 9.9973E-05
0.345292 0.262468 0.0584642 0.156693 0.15669 0.0203923
0.424174 0.213294 9.9991E-05 0.0875886 0.230306 0.0445374
0.151264 0.377473 9.9982E-05 0.219185 0.251878 9.9982E-05
0.113682 0.476733 9.9982E-05 0.173355 0.23603 9.9982E-05
0.361197 0.283008 0.0341776 0.198891 0.101277 0.0214496
0.184682 0.38679 0.0109241 0.163487 0.17892 0.0751967
9.9973E-05 0.54907 9.9973E-05 0.0522337 0.398397 9.9973E-05
0.473614 0.0926766 0.0564776 0.151388 0.137748 0.0880952
0.377137 0.188811 0.0528744 0.255761 0.125317 9.9991E-05
0.388652 9.9991E-05 0.0282683 0.168989 0.344997 0.0689937
0.570992 9.9973E-05 9.9973E-05 0.249068 0.17964 9.9973E-05
0.591457 9.9982E-05 9.9982E-05 0.152134 0.212038 0.0441713
0.448119 0.0328051 9.9991E-05 0.254399 0.149982 0.114595
0.42762 9.9973E-05 9.9973E-05 0.154214 0.417866 9.9973E-05
0.575958 9.9982E-05 0.0538255 0.176321 0.193695 9.9982E-05
0.457083 9.9982E-05 9.9982E-05 0.242891 0.242357 0.0574684
0.36441 0.184119 0.0155 0.222961 0.188361 0.0246489
0.190952 0.0719918 0.114038 0.180735 0.142356 0.299928
0.560992 0.0733679 0.0491685 0.111518 0.159956 0.0449976
0.475211 0.0101975 0.11565 0.0945454 0.226194 0.078201
0.555494 0.0529844 9.9991E-05 0.073355 0.141241 0.176826
0.398404 0.101789 9.9982E-05 0.236367 0.263239 9.9982E-05
0.54563 0.0106006 0.0320265 0.151568 0.191213 0.0689621
0.217243 0.219733 9.9982E-05 0.167096 0.395729 9.9982E-05
0.533174 0.107469 0.0213034 0.164953 0.150151 0.0229485
0.240974 0.234832 9.9982E-05 0.257998 0.265996 9.9982E-05
9.9982E-05 0.00948124 0.0902481 9.9982E-05 0.7734 0.12667
0.0830861 0.0111957 0.775696 9.9991E-05 0.054743 0.0751789
9.9964E-05 9.9964E-05 0.995473 9.9964E-05 9.9964E-05 0.00412729
9.9964E-05 9.9964E-05 0.987699 9.9964E-05 0.011901 9.9964E-05
0.0402587 9.9964E-05 0.959341 9.9964E-05 9.9964E-05 9.9964E-05
0.0331888 9.9973E-05 0.936826 0.0296852 9.9973E-05 9.9973E-05
0.0613153 9.9964E-05 0.938285 9.9964E-05 9.9964E-05 9.9964E-05
9.9964E-05 9.9964E-05 0.949656 9.9964E-05 0.0499437 9.9964E-05
0.0474838 9.9973E-05 0.768014 9.9973E-05 0.184202 9.9973E-05
0.0233203 9.9991E-05 0.0311228 0.0214683 0.901149 0.0228393
0.029806 9.9991E-05 0.124505 0.00651309 0.818877 0.0201993
0.0478395 0.0140252 0.0550555 0.0118517 0.866067 0.0051606
0.0605443 0.0401473 0.10667 9.9982E-05 0.792438 9.9982E-05
9.9982E-05 9.9982E-05 0.0676443 0.0288027 0.867073 0.0362798
9.99803E-05 9.99803E-05 0.0709476 9.99803E-05 0.907932 0.0208202
0.0447632 9.9991E-05 0.030792 0.12597 0.789768 0.00860613
0.048885 9.9982E-05 9.9982E-05 0.0287824 0.872741 0.0493915
0.0723497 9.9991E-05 0.107232 0.0586524 0.69519 0.0664757
0.00363476 9.9973E-05 9.9973E-05 0.0906023 0.905463 9.9973E-05
9.9973E-05 9.9973E-05 0.0131398 9.9973E-05 0.966799 0.0197613
0.0622602 9.9991E-05 0.035902 0.0291673 0.861813 0.010757
0.0173017 0.00407281 9.9973E-05 9.9973E-05 0.978326 9.9973E-05
0.0711224 0.0225831 9.9982E-05 0.00477109 0.901323 9.9982E-05
0.00068848 9.9991E-05 0.068249 0.0874168 0.824742 0.0188041
0.104348 9.9973E-05 9.9973E-05 0.0177096 0.877642 9.9973E-05
0.0791931 9.9973E-05 9.9973E-05 0.155738 0.764769 9.9973E-05
0.146261 9.9973E-05 9.9973E-05 0.078582 0.774857 9.9973E-05
0.165704 9.9964E-05 9.9964E-05 9.9964E-05 0.833896 9.9964E-05
0.420097 0.267052 0.0765519 9.9991E-05 0.154748 0.0814515
0.672018 0.11706 0.019247 9.9991E-05 0.0369965 0.154579
0.618993 0.0631927 0.048436 0.0988343 0.115272 0.0552718
0.162008 0.783534 0.0365497 9.9982E-05 0.0177076 9.9982E-05
0.499478 0.165482 0.122221 9.9991E-05 0.129484 0.0832355
0.128662 0.725223 0.038172 0.0156753 0.0921681 9.9991E-05
0.691896 0.241569 9.9982E-05 9.9982E-05 0.0589785 0.00735604
0.420098 0.196242 0.138679 9.9991E-05 0.100284 0.144597
0.538485 0.205556 0.121404 9.9991E-05 0.108915 0.0255408
0.519829 0.136822 0.0384215 0.020896 0.0128821 0.27115
0.468949 0.194701 0.238821 9.9991E-05 0.0509395 0.0464893
0.621824 0.19738 0.00279206 0.0221945 0.0882346 0.0675757
0.569688 0.141986 0.20611 0.0211722 0.0609431 9.9991E-05
0.0195463 0.291606 0.372572 0.0713748 9.9991E-05 0.244801
9.9973E-05 0.864265 0.103928 9.9973E-05 9.9973E-05 0.0315068
0.241676 0.676996 0.0613672 9.9982E-05 0.0197603 9.9982E-05
0.653981 0.170327 0.0350029 0.0773957 0.0631932 9.9991E-05
0.545152 0.193499 0.0892532 9.9991E-05 0.116949 0.0550472
0.553172 0.22715 9.9982E-05 9.9982E-05 0.131015 0.0884638
0.602114 0.199286 9.9991E-05 0.0828633 0.0446119 0.0710252
0.501226 0.130338 0.0165363 0.201418 0.149852 0.000628923
0.646018 9.9982E-05 0.0422551 0.116708 0.194819 9.9982E-05
0.135887 0.109973 0.156265 0.140186 0.413514 0.0441739
0.606598 0.0748237 0.0628832 0.0173625 0.150778 0.0875542
0.432783 0.127047 0.0961692 0.108672 0.208746 0.0265833
9.9973E-05 0.437263 9.9973E-05 0.161852 0.400585 9.9973E-05
0.340961 0.124393 9.9991E-05 0.165466 0.29412 0.0749607
0.208983 0.081087 0.0702021 0.189457 0.338619 0.111652
0.453877 9.9982E-05 0.112586 0.1082 0.325137 9.9982E-05
0.349706 0.00993993 0.0831492 0.212432 0.189705 0.155068
0.543477 0.0668574 9.9991E-05 0.203955 0.169403 0.0162076
0.629736 0.0380525 0.0124655 0.157685 0.161961 9.9991E-05
0.437313 0.253035 9.9991E-05 0.122667 0.154376 0.0325086
0.31832 9.9982E-05 9.9982E-05 0.161428 0.481823 0.0382298
