0.922659 0.0594748 9.9973E-05 9.9973E-05 9.9973E-05 0.017566
0.928704 0.0708965 9.9964E-05 9.9964E-05 9.9964E-05 9.9964E-05
0.809125 0.0529181 0.0814718 9.9982E-05 9.9982E-05 0.0562856
0.777696 0.0779565 0.0601002 9.9982E-05 9.9982E-05 0.0840474
0.89126 0.00702406 0.0706074 9.9982E-05 9.9982E-05 0.0309089
0.604637 0.0743567 0.130958 0.121858 0.0597761 0.00841453
0.833822 0.0131921 9.9982E-05 0.123222 0.0295639 9.9982E-05
0.704294 0.0861416 0.0265341 0.174469 9.9991E-05 0.00846201
0.841772 0.068028 9.9982E-05 0.0695982 0.0204021 9.9982E-05
0.696071 0.0109413 0.124404 0.109849 9.9991E-05 0.0586348
0.736886 0.0663385 0.0215786 0.174997 9.9982E-05 9.9982E-05
0.0204466 0.390804 0.259891 0.0424708 0.210172 0.0762152
9.999E-05 0.275058 0.635973 0.0420945 0.0128671 0.033908
0.00777075 0.408602 0.230322 0.0872706 0.161989 0.104045
9.9991E-05 0.369386 0.282134 0.110766 0.0612538 0.176361
0.112707 0.218371 0.396046 0.0562706 0.0536949 0.162911
0.0540965 0.231913 0.588852 0.0294584 9.9991E-05 0.09558
9.999E-05 0.191266 0.512328 0.0542927 0.181377 0.0606364
0.151907 0.264189 0.292992 9.9991E-05 0.197769 0.0930431
0.073867 0.622928 0.0555908 0.128251 0.092798 0.0265658
9.999E-05 0.359247 0.393972 0.0286252 0.113647 0.104409
0.0413887 0.178718 0.439492 0.165477 0.103776 0.071148
0.0242434 0.201244 0.504386 0.00457092 0.136293 0.129263
0.0249186 0.37913 0.235906 0.0351294 0.194813 0.130102
0.102212 0.0790842 0.68434 0.0302944 0.10397 9.9991E-05
0.00688613 0.164248 0.492115 0.0736759 0.156143 0.106932
0.0339717 0.441988 0.163157 0.0113094 0.204394 0.14518
0.00206011 0.445331 0.154759 0.00104389 0.16539 0.231416
9.9991E-05 0.395003 0.233672 0.193057 0.155422 0.0227461
0.822729 9.9973E-05 0.126199 9.9973E-05 9.9973E-05 0.0507725
0.830745 9.9973E-05 0.13121 9.9973E-05 9.9973E-05 0.0377452
0.797836 9.9982E-05 0.173447 9.9982E-05 0.00586007 0.0226569
0.736464 9.9982E-05 0.13067 9.9982E-05 0.0582709 0.0743956
0.0577947 0.0118359 0.565804 0.0570128 0.307453 9.9991E-05
0.0820135 0.0680404 0.458384 9.9991E-05 0.275238 0.116224
9.9964E-05 9.9964E-05 0.533878 9.9964E-05 0.465723 9.9964E-05
0.0897355 0.535284 0.194768 9.9982E-05 0.180013 9.9982E-05
0.0338113 9.9982E-05 0.343197 9.9982E-05 0.584583 0.038209
0.0652122 0.0541015 0.528953 9.9991E-05 0.308762 0.0428714
0.047933 9.9982E-05 0.742822 9.9982E-05 0.204725 0.00431993
0.0782519 0.0347928 0.649218 0.13064 0.106997 9.9991E-05
0.125082 0.0857325 0.624854 0.088141 0.0732378 0.00295273
0.0641125 0.0968096 0.107161 9.9982E-05 0.731717 9.9982E-05
0.0166145 0.0675438 0.547131 0.154925 0.0805749 0.13321
0.0984594 9.9982E-05 0.550172 9.9982E-05 0.237636 0.113533
0.187634 9.9991E-05 0.61591 0.0492366 0.13077 0.0163491
9.9964E-05 9.9964E-05 0.330503 9.9964E-05 0.669097 9.9964E-05
0.063408 9.9982E-05 0.621876 9.9982E-05 0.273033 0.0414826
0.185274 0.0500997 0.592892 9.9982E-05 0.171535 9.9982E-05
0.0511391 9.9973E-05 9.9973E-05 0.295969 0.652592 9.9973E-05
9.9982E-05 0.44962 0.154405 0.0954823 0.300293 9.9982E-05
0.000787318 0.22905 0.0859096 0.462432 0.215262 0.00655852
0.080497 0.147676 0.550876 0.082645 0.118325 0.0199809
0.110253 0.0464423 0.603231 0.0368618 0.128187 0.0750243
0.088998 0.0155636 0.558722 0.142793 0.101372 0.0925517
0.108605 0.365536 0.174318 0.0925832 0.258857 9.9991E-05
0.0135382 0.263133 0.604322 0.0750667 9.9991E-05 0.0438402
0.0767542 0.184359 0.627653 0.0709861 0.00180433 0.0384426
0.184308 0.186477 0.336539 0.0552228 0.237354 9.9991E-05
0.190528 0.34141 0.078218 0.224326 0.11787 0.0476484
0.0313564 0.144145 0.545814 0.0274211 0.194207 0.057057
9.9991E-05 0.257811 0.359065 0.14009 0.073587 0.169347
0.0407958 0.528597 0.0313766 0.197827 0.201304 9.9991E-05
9.9982E-05 0.284165 0.583465 9.9982E-05 0.127349 0.00482075
0.0488237 0.037471 0.724375 0.167881 0.0213493 9.9991E-05
0.104633 0.116541 0.576149 0.0884711 0.0496753 0.0645312
0.0803099 0.225758 0.283453 0.123884 0.238079 0.0485156
9.9991E-05 0.140148 0.497897 0.193479 0.115883 0.0524927
0.0999125 0.197218 0.607106 0.0758913 9.9991E-05 0.0197722
0.0325612 0.389335 0.226641 0.128562 0.2228 9.9991E-05
9.9973E-05 0.0198665 0.57313 9.9973E-05 0.406704 9.9973E-05
0.0169216 0.0781212 0.181492 9.9991E-05 0.712916 0.0104488
0.061081 0.187273 0.448424 9.9991E-05 0.282652 0.020471
9.9964E-05 9.9964E-05 9.9964E-05 0.1549 0.8447 9.9964E-05
9.9973E-05 0.0421023 9.9973E-05 0.11943 0.838168 9.9973E-05
0.00405104 0.053603 0.261735 9.9982E-05 0.680411 9.9982E-05
0.00629285 0.0206353 0.533279 9.9982E-05 0.439593 9.9982E-05
0.0472362 0.173302 0.563458 9.9991E-05 0.134206 0.0816972
0.0155277 0.0390494 0.404158 0.0158848 0.464605 0.0607745
0.0650069 0.173656 0.120249 9.9991E-05 0.583046 0.0579424
0.0373235 0.228577 0.293105 9.9982E-05 0.440795 9.9982E-05
0.128679 9.9982E-05 0.53308 9.9982E-05 0.280342 0.0576986
0.000267443 0.00391568 0.224051 0.0246194 0.692424 0.0547227
0.0837825 0.0675426 0.379381 9.9991E-05 0.434899 0.0342948
0.00812274 9.9973E-05 0.398264 9.9973E-05 0.593314 9.9973E-05
9.9982E-05 0.0317262 9.9982E-05 0.259053 0.708494 0.000526866
9.9982E-05 0.111406 0.536502 9.9982E-05 0.261952 0.0899396
0.790008 0.0729784 0.0817091 9.9982E-05 9.9982E-05 0.0551043
0.90269 9.9964E-05 0.0969105 9.9964E-05 9.9964E-05 9.9964E-05
0.875283 9.9973E-05 0.106833 9.9973E-05 9.9973E-05 0.0175841
0.921694 9.9982E-05 0.0526464 0.0112806 9.9982E-05 0.0141789
0.864279 9.9982E-05 0.109304 9.9982E-05 0.0253098 0.000907189
0.877272 0.0344714 0.0592132 0.00818604 0.00970107 0.0111559
0.916074 9.9973E-05 0.055023 9.9973E-05 9.9973E-05 0.0286028
0.0672848 0.0874059 0.496524 0.0297442 0.255805 0.063236
0.0329725 0.134703 0.552981 0.0519503 0.178673 0.0487204
0.0699161 0.0153413 9.9973E-05 9.9973E-05 0.914443 9.9973E-05
0.0813853 0.0606108 0.615737 0.0843669 0.0733518 0.0845481
0.0649333 0.0571427 0.468617 9.9982E-05 0.409107 9.9982E-05
0.0779489 9.9973E-05 0.645896 9.9973E-05 0.275855 9.9973E-05
0.049261 0.0378951 0.428268 9.9991E-05 0.434069 0.0504062
0.0245366 9.9991E-05 0.462718 0.023862 0.40508 0.0837031
0.0673013 0.167257 9.9973E-05 9.9973E-05 0.765141 9.9973E-05
0.197465 9.9991E-05 0.504559 0.121339 0.15192 0.024618
0.0579378 0.018725 0.633619 9.9991E-05 0.208057 0.0815608
0.045639 9.9991E-05 0.656504 0.023452 0.182306 0.0919992
0.0179273 0.013388 0.196062 0.135345 0.578332 0.0589462
9.9982E-05 9.9982E-05 0.521322 0.0303219 0.414386 0.0337699
9.9982E-05 0.105856 0.432587 9.9982E-05 0.435466 0.0258915
9.9973E-05 9.9973E-05 0.253483 9.9973E-05 0.645116 0.101101
0.0611761 0.0568859 0.494949 9.9982E-05 0.386789 9.9982E-05
0.125095 0.14339 0.606064 9.9982E-05 0.125251 9.9982E-05
0.0895555 0.348378 0.28477 0.164395 0.112802 9.9991E-05
0.0977528 0.302805 0.385344 0.079163 0.0845366 0.0503985
0.0728601 0.182916 0.533557 0.0905448 0.0233265 0.0967958
0.0526521 0.176028 0.587606 9.9991E-05 0.140829 0.0427849
0.0550354 0.357436 0.511271 0.0135328 0.0626254 9.9991E-05
0.0263047 0.344603 0.569752 0.00592505 0.0533156 9.9991E-05
0.0420923 0.367048 0.470029 9.9982E-05 0.120631 9.9982E-05
0.0623868 0.0978161 0.625871 0.0765775 0.119737 0.0176119
0.0395339 0.217808 0.489832 0.109755 0.0165517 0.126521
0.0144997 0.250542 0.567578 0.0984767 0.0688035 9.9991E-05
0.0481361 0.26605 0.567898 9.9982E-05 0.117715 9.9982E-05
9.9991E-05 0.129745 0.678936 0.143156 0.0286317 0.0194311
0.0827157 0.130546 0.629453 0.0677192 9.9991E-05 0.0894664
9.9982E-05 0.211203 0.514135 9.9982E-05 0.173551 0.100912
0.0707461 0.112936 0.527786 0.192828 0.0207891 0.0749149
9.9991E-05 0.279479 0.390881 0.0595502 0.0908387 0.179151
0.0647215 0.298333 0.439626 0.163396 9.9991E-05 0.0338238
0.0204252 0.207906 0.607548 9.9991E-05 0.0766508 0.0873699
0.00969254 0.181213 0.70647 0.0961476 9.9991E-05 0.00637699
9.9991E-05 0.33797 0.208819 0.0602247 0.308183 0.0847026
0.011864 0.327058 0.144583 0.323704 0.094781 0.0980099
0.055204 0.231188 0.570526 9.9991E-05 0.122434 0.020548
9.9991E-05 0.262471 0.0570033 0.325345 0.295067 0.0600145
0.0424369 0.433599 0.290641 0.0420272 0.191195 9.9991E-05
0.00321279 0.273519 0.430692 0.0657534 0.226723 9.9991E-05
0.0395034 0.430155 0.325589 9.9982E-05 0.204552 9.9982E-05
0.000708283 0.424438 0.35318 0.0128042 0.199416 0.00945338
0.0106555 0.231689 0.622274 0.027953 0.0423221 0.0651066
9.9991E-05 0.154299 0.515843 0.134923 0.0836561 0.111179
0.0556391 0.151391 0.550792 0.0510057 0.139425 0.051748
9.9991E-05 0.329832 0.160934 0.281598 0.206601 0.0209351
0.191326 0.0817599 0.553991 0.144875 9.9991E-05 0.0279482
9.9991E-05 0.110404 0.514184 0.26775 0.0533793 0.0541839
0.138752 0.0909997 0.0141719 0.579934 0.176043 9.9991E-05
0.157177 9.9991E-05 0.589037 0.116547 0.0876588 0.0494795
0.128723 0.0396471 0.29429 0.254281 0.273673 0.00938595
0.071826 0.0651747 0.529599 0.150751 0.09492 0.0877294
0.0629514 0.122016 0.305061 0.413183 0.0777296 0.019059
0.0514517 0.162672 0.282916 0.423498 0.0793623 9.9991E-05
0.00619253 0.202388 0.480686 0.212086 0.0985478 9.9991E-05
0.0895559 0.064154 0.554214 0.134758 0.0919565 0.0653621
0.184194 9.9991E-05 0.395771 0.179473 0.205505 0.0349564
0.0415634 0.109922 9.9991E-05 0.376987 0.29764 0.173788
0.00444422 0.0916161 0.498204 0.170484 0.106876 0.128376
9.9982E-05 0.159457 0.40702 0.243823 0.1895 9.9982E-05
9.9982E-05 0.0716314 0.48166 0.229869 0.21664 9.9982E-05
0.0507501 0.106486 0.515797 0.145909 0.094852 0.0862055
0.282269 9.9982E-05 0.19993 0.286911 9.9982E-05 0.23069
0.49333 9.9973E-05 9.9973E-05 0.381456 9.9973E-05 0.124914
0.41562 9.9973E-05 9.9973E-05 0.465312 9.9973E-05 0.118768
0.347236 9.9982E-05 0.0820117 0.225202 9.9982E-05 0.34535
9.9982E-05 9.9982E-05 0.632822 0.196467 0.126347 0.0441633
0.0903926 0.0907679 0.636763 0.0749544 0.107022 9.9991E-05
9.9982E-05 0.0234606 0.246712 9.9982E-05 0.0308282 0.698799
0.0583759 0.0610182 0.285743 9.9991E-05 0.154985 0.439778
0.0297644 0.0237633 0.231732 0.137204 0.131787 0.445749
9.9991E-05 0.0589486 0.322505 0.470074 0.128759 0.0196132
0.0478837 0.127365 0.530482 0.141917 0.13645 0.0159024
9.9982E-05 0.0323428 0.25156 0.561673 0.154224 9.9982E-05
9.9982E-05 0.0703172 0.63473 0.230174 0.0645794 9.9982E-05
0.0446374 0.054747 0.519059 0.315273 0.0661839 9.9991E-05
0.0411429 0.105491 0.549349 0.235512 9.9991E-05 0.068405
9.9982E-05 0.0309797 0.237914 0.548983 0.181923 9.9982E-05
9.9982E-05 9.9982E-05 0.66374 0.14433 0.119845 0.0718855
0.0114483 0.0444096 0.629253 0.10991 0.103057 0.101923
9.9973E-05 9.9973E-05 9.9973E-05 0.0173866 0.013928 0.968386
9.9973E-05 0.0359761 0.100873 9.9973E-05 9.9973E-05 0.862851
0.0501769 0.064207 0.281466 9.9982E-05 9.9982E-05 0.60395
0.029809 9.9973E-05 0.280394 9.9973E-05 9.9973E-05 0.689497
0.0298408 0.016937 0.116029 0.0265485 0.0445336 0.766111
9.996E-05 9.996E-05 9.996E-05 9.996E-05 9.996E-05 0.9995
9.9964E-05 0.029072 9.9964E-05 9.9964E-05 9.9964E-05 0.970528
9.9964E-05 9.9964E-05 0.14884 9.9964E-05 9.9964E-05 0.85076
9.9973E-05 0.00658018 0.0350366 9.9973E-05 9.9973E-05 0.958083
9.996E-05 9.996E-05 9.996E-05 9.996E-05 9.996E-05 0.9995
9.996E-05 9.996E-05 9.996E-05 9.996E-05 9.996E-05 0.9995
0.0192332 0.0581648 0.164408 9.9982E-05 9.9982E-05 0.757994
0.0568486 0.0236882 0.0956069 9.9982E-05 9.9982E-05 0.823656
9.9964E-05 9.9964E-05 9.9964E-05 9.9964E-05 0.0406063 0.958994
9.9982E-05 0.107399 0.316443 9.9982E-05 0.132479 0.443479
0.0107412 0.0277177 0.238522 9.9991E-05 0.0110421 0.711877
0.0261597 0.0225686 0.203558 9.9982E-05 9.9982E-05 0.747514
9.9973E-05 9.9973E-05 0.0628235 9.9973E-05 0.0253618 0.911515
9.9964E-05 9.9964E-05 0.0466946 9.9964E-05 9.9964E-05 0.952906
9.9973E-05 0.0389568 0.0564703 9.9973E-05 9.9973E-05 0.904273
9.9964E-05 9.9964E-05 9.9964E-05 9.9964E-05 0.000680772 0.998919
0.0294828 0.0313738 0.23789 9.9982E-05 9.9982E-05 0.701053
9.9982E-05 0.0285635 9.9982E-05 0.0132562 0.0611992 0.896781
0.326154 9.9982E-05 9.9982E-05 0.611779 0.0181852 0.0436813
0.188764 0.177901 0.451031 0.153443 9.9991E-05 0.0287608
0.264712 9.9991E-05 0.455 0.219707 0.0513965 0.00908493
0.195124 9.9982E-05 0.23127 0.510605 9.9982E-05 0.0628012
0.165345 0.0973157 0.498631 0.0973172 0.0130555 0.128335
0.220414 9.9991E-05 0.266434 0.421097 0.0259655 0.0659892
0.160845 0.127599 0.472665 0.13573 0.0502625 0.0528988
0.110626 9.9982E-05 0.352238 0.369086 9.9982E-05 0.16785
0.097602 0.0748052 0.461078 0.233437 0.024431 0.108646
0.163689 9.9982E-05 0.318102 0.355607 9.9982E-05 0.162402
0.191006 9.9991E-05 0.491453 0.214627 0.016659 0.0861544
0.841286 0.0289692 0.0494658 0.0800786 9.9982E-05 9.9982E-05
0.91471 0.0198275 9.9982E-05 0.00902069 9.9982E-05 0.056242
0.965978 0.0336224 9.9964E-05 9.9964E-05 9.9964E-05 9.9964E-05
0.93733 0.0481979 0.00456941 0.0078134 9.9991E-05 0.00198943
0.866423 0.038065 0.0591384 0.0361737 9.9982E-05 9.9982E-05
0.902569 9.9982E-05 9.9982E-05 0.000107034 0.0365002 0.060624
0.879841 9.9973E-05 0.030575 9.9973E-05 9.9973E-05 0.0892841
0.901747 9.9973E-05 9.9973E-05 0.0710831 0.0268701 9.9973E-05
0.914862 9.9973E-05 0.0524711 9.9973E-05 0.0323675 9.9973E-05
0.861351 0.0302294 0.0122756 0.0304796 9.9991E-05 0.0655641
0.638296 0.183653 9.9973E-05 9.9973E-05 0.177751 9.9973E-05
0.592975 0.304831 9.9991E-05 0.0151554 0.0707722 0.016166
0.516789 0.312368 9.9982E-05 0.143991 0.0266525 9.9982E-05
0.511577 0.297097 9.9982E-05 0.0591283 0.131998 9.9982E-05
0.0617282 0.182229 0.540138 0.00316678 0.212638 9.9991E-05
9.9991E-05 0.109787 0.469451 0.0231661 0.304782 0.0927144
0.00219012 0.207307 0.562235 0.0368671 0.167349 0.0240513
0.0540466 0.259728 0.36275 0.0392722 0.284103 9.9991E-05
9.9982E-05 0.638884 0.157238 9.9982E-05 0.174128 0.0295503
0.126522 9.9982E-05 0.605482 9.9982E-05 0.255666 0.01213
9.9982E-05 0.0199325 0.598364 9.9982E-05 0.357125 0.0243786
9.9982E-05 0.0929257 0.46786 0.0898829 0.349131 9.9982E-05
9.9982E-05 9.9982E-05 0.343622 0.0422868 0.570499 0.0433922
0.0648803 0.156728 0.6283 0.0326223 0.0700303 0.0474385
9.9982E-05 0.161615 0.39128 0.0677886 0.379116 9.9982E-05
9.9973E-05 0.0578696 9.9973E-05 0.153871 0.787959 9.9973E-05
0.0269867 0.0966762 0.606101 0.169602 0.100534 9.9991E-05
9.9991E-05 0.0372121 0.282911 0.212026 0.464379 0.00337132
0.0148657 0.0601639 0.554821 0.0593136 0.310736 9.9991E-05
0.0301569 0.16948 0.113866 9.9982E-05 0.686297 9.9982E-05
0.0969724 0.723088 0.0114418 0.168298 9.9982E-05 9.9982E-05
0.06682 0.735267 0.0653753 0.132338 9.9982E-05 9.9982E-05
0.0320927 0.86235 9.9973E-05 0.105257 9.9973E-05 9.9973E-05
0.130364 0.751109 9.9982E-05 0.0837141 0.0346131 9.9982E-05
9.9973E-05 0.800418 9.9973E-05 0.165342 9.9973E-05 0.0339404
0.0230137 0.823364 0.0867325 0.0383356 9.9991E-05 0.0284545
0.882974 9.9982E-05 0.0707855 9.9982E-05 0.0445311 0.00150959
0.850702 0.0591298 0.0795536 9.9982E-05 9.9982E-05 0.0104143
0.761125 0.0132421 0.0804814 0.011133 9.9991E-05 0.133918
0.740749 0.0829402 0.0446138 9.9982E-05 9.9982E-05 0.131497
0.792953 0.00962987 0.116179 0.0245901 9.9991E-05 0.056548
0.407881 0.591719 9.9964E-05 9.9964E-05 9.9964E-05 9.9964E-05
0.440708 0.408307 9.9982E-05 0.111941 0.038845 9.9982E-05
0.432407 0.493299 9.9973E-05 9.9973E-05 0.0739931 9.9973E-05
0.793318 0.0481551 0.133075 9.9982E-05 9.9982E-05 0.0252523
0.37062 0.486158 9.9982E-05 0.0623552 0.0806671 9.9982E-05
0.181564 9.9982E-05 0.298918 0.138122 9.9982E-05 0.381196
0.141503 0.0933519 0.582353 9.9982E-05 9.9982E-05 0.182592
0.195168 9.9973E-05 0.51121 9.9973E-05 9.9973E-05 0.293322
0.242217 0.0509825 0.274371 0.134472 0.0688794 0.229078
0.193374 0.0052919 0.581739 0.115289 0.0305239 0.0737819
0.457021 9.9973E-05 9.9973E-05 0.249519 9.9973E-05 0.29316
9.9982E-05 0.348207 0.434231 0.066692 0.150669 9.9982E-05
9.9982E-05 0.151883 0.47736 0.186718 0.183838 9.9982E-05
0.0955555 0.517979 0.306882 9.9991E-05 0.0756047 0.00387872
9.9991E-05 0.175692 0.461723 0.135991 0.202704 0.0237896
9.9973E-05 0.184524 9.9973E-05 0.485081 0.330094 9.9973E-05
0.096496 0.147509 0.528951 0.104585 0.0823339 0.0401245
9.9982E-05 0.185884 0.535561 0.228062 0.0502936 9.9982E-05
0.025576 0.400632 0.389007 9.9982E-05 0.184586 9.9982E-05
0.078409 0.142439 0.543516 0.0805268 0.0895068 0.0656027
9.9982E-05 0.22804 0.150906 0.327077 0.293777 9.9982E-05
9.9991E-05 0.153017 0.33602 0.239433 0.130309 0.141122
9.9991E-05 0.342289 0.530559 0.0441343 0.0552153 0.027702
0.141491 0.102031 0.3812 0.0526147 0.142618 0.180044
9.9982E-05 0.367811 0.406535 0.13569 0.0897638 9.9982E-05
0.0301951 0.265896 0.457692 0.0643125 0.16001 0.0218949
0.0527069 0.134059 0.459952 0.0663908 0.189747 0.0971442
0.0352427 0.196738 0.639116 0.0981441 0.0296197 0.00113892
0.0056081 0.138068 0.555057 9.9991E-05 0.164178 0.136989
0.0702584 0.16354 0.472481 9.9991E-05 0.136326 0.157295
0.119904 0.168259 0.567908 0.0902735 0.0535565 9.9991E-05
0.762657 9.9973E-05 0.13988 9.9973E-05 9.9973E-05 0.0971635
0.830254 9.9982E-05 0.0466558 9.9982E-05 0.0640889 0.0588016
0.796359 0.0304138 0.0382325 0.0431535 0.0684138 0.0234274
0.829069 0.0135444 9.9982E-05 9.9982E-05 0.108168 0.0490189
0.852308 9.9964E-05 0.147292 9.9964E-05 9.9964E-05 9.9964E-05
0.00615679 0.569258 0.258959 0.044429 0.0964958 0.024701
0.0342148 0.174192 0.563914 0.0387522 0.144399 0.0445289
0.210083 9.9991E-05 0.50926 0.131459 0.0093342 0.139763
9.9991E-05 0.197365 0.669573 0.0502955 0.0649944 0.017672
0.0972602 0.236897 0.504479 0.00426629 0.12222 0.0348775
9.9991E-05 0.372278 0.234009 0.204993 0.0647878 0.123832
0.148266 0.542218 9.9982E-05 0.0826799 0.226636 9.9982E-05
9.9982E-05 0.323937 0.579111 0.00217232 0.0945799 9.9982E-05
0.0499156 0.527117 0.196931 0.0714976 0.123719 0.0308198
0.0177319 0.195014 0.457121 0.128492 0.159999 0.0416417
0.11938 0.508097 0.168952 9.9982E-05 0.203371 9.9982E-05
0.093334 0.175502 0.450157 9.9991E-05 0.127623 0.153285
0.0759335 0.512826 0.232948 0.0443233 0.133869 9.9991E-05
9.9991E-05 0.346525 0.371051 0.173911 0.0801673 0.0282463
0.0754186 0.140152 0.483112 0.158481 0.0850629 0.0577739
0.0203021 0.15688 0.32077 0.49987 0.000685734 0.00149213
0.0584277 0.0238486 0.507895 0.219473 0.152403 0.0379525
0.0582195 0.0687128 0.51264 0.166924 0.144343 0.0491607
9.9973E-05 0.0713864 0.454464 0.47385 9.9973E-05 9.9973E-05
0.106983 0.0956949 0.563348 0.192455 0.0414178 9.9991E-05
0.0382602 0.0422507 0.578751 0.212576 0.128062 9.9991E-05
9.9982E-05 0.0643648 0.113973 0.67803 0.143432 9.9982E-05
9.9982E-05 0.0130987 0.29257 0.628599 0.065533 9.9982E-05
0.00663298 0.145849 0.563929 0.279487 0.00400189 9.9991E-05
9.9982E-05 0.143823 0.156308 0.510852 0.188817 9.9982E-05
9.9982E-05 0.152539 0.468705 0.281359 0.0971964 9.9982E-05
0.0110793 0.586922 0.0725733 0.00139031 0.271415 0.05662
9.9991E-05 0.33913 0.206474 0.135851 0.285931 0.0325139
0.00935673 0.45454 0.310536 9.9991E-05 0.108386 0.117082
0.0169357 0.186125 0.585717 9.9991E-05 0.0755257 0.135596
9.9982E-05 0.501004 0.249233 9.9982E-05 0.231963 0.0176004
0.104982 0.107763 0.570839 0.173718 9.9991E-05 0.0425982
0.0442773 0.207348 0.467052 0.0260702 0.0866909 0.168562
0.0147637 0.324826 0.480443 9.9991E-05 0.0762824 0.103585
9.9991E-05 0.232764 0.484693 0.0386256 0.159236 0.084582
0.0596668 0.30195 0.352443 9.9991E-05 0.15434 0.1315
9.9982E-05 0.458868 0.206547 9.9982E-05 0.233836 0.100549
9.9982E-05 0.465879 0.284716 9.9982E-05 0.0991013 0.150104
9.9991E-05 0.168255 0.607446 0.072441 0.0757753 0.075983
0.0214105 0.159423 0.57057 0.138907 0.0730516 0.0366387
0.04799 0.310487 0.35601 0.0246497 0.173834 0.0870292
9.9991E-05 0.134376 0.549033 0.109458 0.165465 0.0415688
0.0637479 0.393172 0.346422 0.0598372 0.0796448 0.0571765
9.9982E-05 0.245402 0.656079 9.9982E-05 0.072018 0.0263015
0.0449721 0.229225 0.619771 9.9991E-05 0.0866848 0.0192477
0.0366306 0.190489 0.431726 0.0213571 0.128585 0.191212
0.360752 9.9991E-05 0.463729 0.0437731 0.0496345 0.0820114
0.140861 9.9982E-05 0.537788 0.174553 9.9982E-05 0.146599
0.182017 0.0705579 0.487597 0.111968 9.9991E-05 0.14776
0.0438788 0.137727 0.584855 0.0133411 0.0357556 0.184442
0.134508 9.9991E-05 0.440239 0.0813945 0.104297 0.239461
9.9991E-05 0.271348 0.429192 0.119616 0.137925 0.041819
0.190298 0.142736 0.508371 0.0278899 0.0409018 0.089803
0.264896 9.9991E-05 0.021559 0.399931 0.197362 0.116152
0.0738543 0.0907033 0.513678 0.103785 0.0393602 0.17862
0.114325 0.0116787 0.564473 0.0331713 0.129172 0.14718
0.0433465 0.115947 0.490416 0.027797 0.0705297 0.251964
0.207228 0.0654156 0.265922 0.20624 0.133681 0.121513
0.252847 9.9982E-05 0.503381 0.108518 9.9982E-05 0.135055
0.161544 0.0164915 0.632197 0.0560966 9.9991E-05 0.133571
0.435891 9.9982E-05 9.9982E-05 0.355434 0.00320436 0.205271
0.211016 0.000117759 0.558737 0.00267579 0.0163734 0.211081
0.122941 0.0338729 0.580788 0.058446 0.00591218 0.19804
0.111803 9.9991E-05 0.523034 0.0914232 0.108115 0.165525
0.23472 9.9982E-05 0.557987 0.0356242 9.9982E-05 0.171469
0.191907 0.0704401 0.451541 0.0234591 0.117165 0.145488
0.0395598 0.0762292 0.446168 0.107142 0.2876 0.0433003
0.0356679 0.169186 0.480137 0.106715 0.0691613 0.139133
9.9982E-05 0.117741 0.038186 0.406393 0.437481 9.9982E-05
9.9982E-05 0.118683 0.0103828 0.490674 0.38006 9.9982E-05
0.0766174 0.108049 0.435627 0.00092148 0.228533 0.150252
0.109454 0.0459023 0.381484 0.154375 9.9991E-05 0.308684
0.0737605 9.9991E-05 0.283484 0.244947 0.0386659 0.359043
0.108483 0.0313071 0.212627 0.358277 9.9991E-05 0.289206
0.14953 9.9991E-05 0.341053 0.189717 0.00464216 0.314958
0.0638725 9.9991E-05 0.197896 0.559673 0.107103 0.0713554
0.0797992 9.9991E-05 0.253779 0.417585 0.172771 0.0759662
9.9991E-05 0.0434958 0.522438 0.10171 0.170334 0.161923
0.0967541 0.00292717 0.534215 0.128607 0.182318 0.0551786
0.0760537 0.0263047 0.277367 0.347472 0.15367 0.119133
0.0511858 0.121704 0.57862 0.154647 9.9991E-05 0.0937441
9.9991E-05 0.0563464 0.586504 0.195048 0.0932859 0.0687156
0.0658655 0.105366 0.507691 0.0748716 0.0796845 0.166522
9.9982E-05 0.119862 0.29338 0.23395 0.352608 9.9982E-05
9.9982E-05 0.0656687 0.409044 0.294787 0.230301 9.9982E-05
0.0516188 9.9991E-05 0.514128 0.0907855 0.276079 0.0672892
0.0236026 0.151331 0.350953 0.248343 0.139554 0.0862165
0.0140769 0.104788 0.507164 0.176855 0.0405898 0.156527
9.9982E-05 0.0107698 0.594253 0.279 0.115777 9.9982E-05
9.9982E-05 0.142429 0.270178 0.416939 0.170254 9.9982E-05
0.0800252 9.9982E-05 0.63952 0.132128 0.148128 9.9982E-05
9.9991E-05 0.115477 0.237782 0.3732 0.264087 0.00935466
9.9991E-05 0.0528326 0.421103 0.298525 0.184858 0.0425815
0.125186 0.0184339 0.491537 0.0630824 0.263538 0.038223
0.00656812 0.0719475 0.549145 0.149762 0.222477 9.9991E-05
0.131878 9.9991E-05 0.425157 0.112399 0.0803762 0.25009
0.137887 0.126757 0.431735 0.110943 9.9991E-05 0.192578
0.145102 0.0417969 0.313065 0.170737 0.0361941 0.293106
0.170432 0.127879 0.346011 0.126179 9.9991E-05 0.229399
0.0984862 0.106856 0.446636 0.0140581 0.110901 0.223063
0.0793649 0.163341 0.3956 0.0866562 0.0819932 0.193044
0.157816 0.00763018 9.9991E-05 0.512801 0.145205 0.176448
0.102481 0.0230806 0.619481 0.0732067 9.9991E-05 0.181651
0.324369 9.9973E-05 9.9973E-05 0.54193 9.9973E-05 0.133402
0.0424964 9.9991E-05 0.538875 0.0936744 0.13583 0.189025
9.9973E-05 9.9973E-05 0.133196 0.412087 0.454417 9.9973E-05
9.9973E-05 0.0353347 9.9973E-05 0.468795 0.49557 9.9973E-05
9.9982E-05 0.0817901 0.543126 0.144295 0.230589 9.9982E-05
0.028742 0.00114212 0.660669 0.187507 0.105801 0.0161386
9.9982E-05 0.0695208 0.384558 0.269365 0.276356 9.9982E-05
9.9982E-05 9.9982E-05 0.560042 0.114573 0.291488 0.0336965
9.9991E-05 0.0488092 0.536561 0.130885 0.252291 0.0313532
0.769765 0.0646952 0.084178 0.0203956 9.9991E-05 0.060866
0.728135 0.10177 9.9982E-05 9.9982E-05 0.039354 0.130541
0.905918 0.0223617 9.9973E-05 9.9973E-05 9.9973E-05 0.0714208
0.933001 9.9964E-05 0.0665995 9.9964E-05 9.9964E-05 9.9964E-05
0.0799768 9.9982E-05 0.40279 9.9982E-05 0.448087 0.0689462
0.0774655 0.0340189 0.441806 9.9982E-05 0.44651 9.9982E-05
0.0536289 0.00716001 0.449545 0.0031759 0.48639 9.9991E-05
0.126568 9.9982E-05 0.5802 9.9982E-05 0.28533 0.00770173
0.0705344 0.0853327 0.552435 0.0493668 0.173487 0.0688443
0.0692116 0.0452104 0.208856 0.108907 0.567715 9.9991E-05
0.00178445 0.0249905 0.520175 9.9991E-05 0.336829 0.116121
9.9973E-05 9.9973E-05 0.321967 0.190204 0.487529 9.9973E-05
0.251662 0.0538174 0.486536 0.0281964 9.9991E-05 0.179688
9.9991E-05 0.0706661 0.436287 0.0372388 0.414997 0.0407112
0.0100288 0.114189 0.365196 9.9982E-05 0.510385 9.9982E-05
9.9973E-05 0.0377586 0.610056 9.9973E-05 0.351886 9.9973E-05
0.0686818 0.0553287 0.4254 9.9982E-05 0.450389 9.9982E-05
9.9982E-05 9.9982E-05 0.477424 0.00607019 0.498889 0.0174164
0.101 0.00808496 0.552461 9.9991E-05 0.321709 0.0166452
9.9964E-05 9.9964E-05 0.0504306 9.9964E-05 0.94917 9.9964E-05
0.0541501 9.9991E-05 0.17545 0.0755115 0.653604 0.0411836
0.0143196 9.9982E-05 0.309471 0.0455076 0.630502 9.9982E-05
9.9964E-05 9.9964E-05 9.9964E-05 0.173977 0.825623 9.9964E-05
0.0699582 0.0961912 0.498403 9.9982E-05 0.335247 9.9982E-05
9.9973E-05 9.9973E-05 0.11462 0.31942 0.56566 9.9973E-05
0.00325734 0.00426874 9.9982E-05 0.229629 0.762645 9.9982E-05
9.9982E-05 0.0350157 0.587715 9.9982E-05 0.307566 0.069503
0.0571002 0.038444 0.22461 9.9982E-05 0.679646 9.9982E-05
9.9982E-05 0.0764864 0.354324 9.9982E-05 0.466235 0.102754
0.0799474 9.9991E-05 0.56547 0.0808395 0.141881 0.131762
0.0121675 0.108816 0.525389 9.9982E-05 0.353428 9.9982E-05
9.9991E-05 0.267604 0.339578 0.248143 0.0811416 0.0634337
0.00857306 0.0660482 0.422409 0.0152174 0.425639 0.0621131
0.0448767 0.104486 0.449745 9.9991E-05 0.374744 0.0260485
9.9964E-05 9.9964E-05 0.336946 9.9964E-05 0.662655 9.9964E-05
0.0954365 0.0885582 0.533977 0.0784167 0.203512 9.9991E-05
0.650222 0.253694 0.0101106 0.0853951 0.000478496 9.9991E-05
0.725499 0.0847978 0.0751797 0.0768226 0.0376008 9.9991E-05
0.817996 0.143121 9.9973E-05 0.0385832 9.9973E-05 9.9973E-05
0.798922 0.149249 9.9982E-05 0.0379066 0.0137216 9.9982E-05
0.733051 0.21743 0.0492194 9.9973E-05 9.9973E-05 9.9973E-05
0.0746507 0.0918294 0.067426 9.9991E-05 0.723588 0.0424055
0.0806488 0.0720067 0.126564 0.0518864 0.668794 9.9991E-05
9.9973E-05 9.9973E-05 0.159591 0.123166 0.716943 9.9973E-05
0.0403219 0.0303613 0.47167 0.0559441 0.221153 0.18055
0.11379 9.9982E-05 0.590572 9.9982E-05 0.201481 0.0939571
0.0673822 9.9982E-05 0.3189 0.0747355 0.538782 9.9982E-05
9.9973E-05 9.9973E-05 0.648736 9.9973E-05 0.30199 0.0489736
0.065857 9.9991E-05 0.424968 0.0169811 0.455062 0.0370315
0.0677883 9.9982E-05 0.536242 0.0125267 0.383243 9.9982E-05
0.079132 0.0267967 0.59384 9.9982E-05 0.300031 9.9982E-05
0.00474469 0.120805 0.21065 0.000828914 0.608456 0.0545155
0.0128494 0.0726137 0.399386 9.9982E-05 0.514951 9.9982E-05
9.9973E-05 0.0841786 0.393041 9.9973E-05 0.522481 9.9973E-05
0.100622 0.029308 0.626096 0.243774 9.9982E-05 9.9982E-05
0.00803459 0.0213983 0.427652 9.9982E-05 0.542716 9.9982E-05
0.0399665 9.9982E-05 0.402793 9.9982E-05 0.476718 0.0803226
0.0946151 0.00353668 0.375908 0.0409929 0.0693151 0.415632
0.0892418 9.9991E-05 0.344884 0.0261785 0.110614 0.428982
0.0623847 0.0334466 0.373717 0.0208556 0.000457688 0.509139
0.143227 9.9982E-05 0.332614 0.0607571 9.9982E-05 0.463202
0.112881 0.120718 0.438461 0.0336542 9.9991E-05 0.294186
0.037191 9.9982E-05 0.510922 0.169651 0.282036 9.9982E-05
0.263567 9.9973E-05 9.9973E-05 0.0803178 9.9973E-05 0.655816
0.130438 9.9982E-05 0.340929 9.9982E-05 0.00762603 0.520808
0.103306 9.9982E-05 0.407065 0.313155 9.9982E-05 0.176275
0.119223 0.0220548 0.599853 0.258669 9.9982E-05 9.9982E-05
0.081313 0.118206 0.453663 0.306765 9.9991E-05 0.0399527
0.146278 0.0150583 0.622773 0.189673 0.0261182 9.9991E-05
0.0726549 0.0677791 0.626694 0.104483 0.128289 9.9991E-05
0.22749 9.9973E-05 0.393577 9.9973E-05 9.9973E-05 0.378633
0.150596 0.064897 0.443182 0.0044588 9.9991E-05 0.336766
0.0843925 9.9982E-05 0.385888 0.0570349 9.9982E-05 0.472485
0.155645 9.9982E-05 0.53644 0.0645845 9.9982E-05 0.243131
0.0986626 9.9982E-05 0.221577 9.9982E-05 0.136165 0.543396
0.142685 0.00181139 0.429568 9.9991E-05 0.0698557 0.35598
0.16572 9.9982E-05 0.25963 0.041019 9.9982E-05 0.533431
0.0371698 0.0418071 0.480056 0.0432891 9.9991E-05 0.397578
0.0652787 0.0366128 0.509044 0.262279 0.0463106 0.0804743
0.173223 0.0236055 0.411111 0.0689142 9.9991E-05 0.323046
0.109457 9.9982E-05 0.196615 0.0457278 9.9982E-05 0.648
0.151558 0.0580127 0.342127 0.0775466 9.9991E-05 0.370656
0.132159 0.255573 0.256153 0.248384 0.107631 9.9991E-05
9.9982E-05 0.0298632 0.653696 0.271963 9.9982E-05 0.0442772
0.127551 0.0661535 0.394319 0.0760898 9.9991E-05 0.335787
0.160148 0.0891374 0.643628 0.0905171 0.000209927 0.0163592
0.117544 0.0651799 0.575848 0.192498 0.0488308 9.9991E-05
0.205836 0.00336859 0.437785 0.176287 0.0429663 0.133757
0.225179 9.9991E-05 0.347234 0.0970369 0.0492078 0.281242
0.119986 0.0993209 0.455731 0.129648 0.0883069 0.107008
0.0710521 0.0943785 0.329156 9.9991E-05 0.0818881 0.423426
0.116285 9.9991E-05 0.391041 0.0106467 0.0185255 0.463401
0.195211 9.9982E-05 0.190892 0.0727011 9.9982E-05 0.540996
0.15174 0.0310661 0.650243 0.0688505 0.0672541 0.0308462
0.0752687 0.112997 0.45465 0.275851 0.0811329 9.9991E-05
0.0110272 0.0377728 0.228688 0.685125 0.0121054 0.0252818
0.159056 0.00529455 0.567765 0.0650448 0.098045 0.104794
0.0857804 0.212257 0.503178 0.14823 0.0504542 9.9991E-05
0.184282 0.00200203 0.411927 0.108084 0.114441 0.179264
0.0774179 0.15391 0.477048 0.0807982 0.0755177 0.135308
0.223393 9.9973E-05 9.9973E-05 0.582672 9.9973E-05 0.193634
0.271467 9.9973E-05 9.9973E-05 0.646395 9.9973E-05 0.0818389
0.105161 0.0960316 0.268848 0.363415 0.0231206 0.143423
0.318047 9.9982E-05 0.0431552 0.443894 9.9982E-05 0.194704
0.418231 9.9973E-05 9.9973E-05 0.385494 9.9973E-05 0.195975
0.129647 9.9991E-05 0.36115 0.289109 0.0751067 0.144887
0.186013 9.9991E-05 0.368833 0.17422 0.0729322 0.197902
0.264585 9.9991E-05 0.175763 0.292533 0.0397679 0.22725
0.262663 9.9982E-05 0.156414 0.470019 9.9982E-05 0.110705
0.135469 0.1114 0.497066 0.158222 0.0297343 0.0681084
0.178089 9.9991E-05 0.218439 0.461339 0.0280195 0.114013
0.411875 9.9973E-05 9.9973E-05 0.551806 9.9973E-05 0.0360192
0.0967252 0.0876033 0.467791 0.0946648 0.0995944 0.153621
0.140811 0.0171856 0.329225 0.277482 9.9991E-05 0.235196
0.298955 0.0190528 0.419937 9.9991E-05 0.0952689 0.166686
0.207753 9.9973E-05 0.544966 9.9973E-05 9.9973E-05 0.246982
0.184015 0.0221835 0.561188 0.00524202 9.9991E-05 0.227272
0.231347 0.0291063 0.488359 0.0621066 9.9991E-05 0.188982
0.331342 0.034445 0.358816 0.0640486 9.9991E-05 0.211249
0.19003 0.0496325 0.574207 0.012944 9.9991E-05 0.173087
0.21398 0.0131616 0.416119 9.9991E-05 0.0817797 0.27486
0.271657 9.9991E-05 0.363545 0.129998 0.00871135 0.225988
0.17984 0.0840084 0.245873 0.022657 0.323678 0.143944
0.167459 0.166095 0.521871 0.0375174 0.0393555 0.0677023
0.192847 0.0649608 0.676386 9.9991E-05 0.0205527 0.0451538
0.168296 0.0151173 0.541201 9.9991E-05 0.186744 0.0885414
0.3117 9.9982E-05 0.462741 0.0343489 9.9982E-05 0.191009
0.218487 9.9991E-05 0.521493 0.0542826 0.0372604 0.168376
0.35034 9.9982E-05 0.230339 0.251165 9.9982E-05 0.167956
0.149073 0.0644891 0.583948 9.9982E-05 9.9982E-05 0.20229
0.249787 9.9991E-05 0.210259 0.214294 0.0275445 0.298016
0.78347 0.101134 9.9982E-05 0.0170845 0.0981125 9.9982E-05
0.0421192 0.798151 0.1248 0.0299327 9.9991E-05 0.00489757
0.033949 0.965651 9.9964E-05 9.9964E-05 9.9964E-05 9.9964E-05
9.996E-05 0.9995 9.996E-05 9.996E-05 9.996E-05 9.996E-05
9.9973E-05 0.941647 0.0488633 9.9973E-05 9.9973E-05 0.00918991
9.9973E-05 0.919022 0.0155746 9.9973E-05 9.9973E-05 0.0651032
9.9964E-05 0.922707 0.0768933 9.9964E-05 9.9964E-05 9.9964E-05
0.0523357 0.947264 9.9964E-05 9.9964E-05 9.9964E-05 9.9964E-05
0.188298 0.811302 9.9964E-05 9.9964E-05 9.9964E-05 9.9964E-05
0.922943 0.0241176 0.0408427 9.9982E-05 0.0118965 9.9982E-05
0.828117 0.117661 0.0459762 9.9982E-05 0.00804547 9.9982E-05
0.916419 9.9991E-05 0.0252369 0.0212098 0.00321674 0.0338174
0.823261 0.0958072 0.0279146 0.0528176 9.9982E-05 9.9982E-05
0.861863 0.0535737 9.9973E-05 9.9973E-05 9.9973E-05 0.0842631
0.88498 0.0398171 9.9982E-05 9.9982E-05 0.0444272 0.0305755
0.685476 0.0651115 0.0196788 0.0407798 9.9991E-05 0.188854
0.851849 9.9982E-05 0.0705865 0.0202616 9.9982E-05 0.0571024
0.721146 0.161466 0.0852794 9.9991E-05 0.0187525 0.0132558
0.909802 9.9973E-05 9.9973E-05 9.9973E-05 0.0354308 0.054467
0.94255 0.00187979 9.9973E-05 9.9973E-05 0.05527 9.9973E-05
0.820447 0.0614148 0.011351 9.9991E-05 0.0460236 0.0606631
0.915755 0.0263509 0.0471744 0.0105202 9.9982E-05 9.9982E-05
0.918126 9.9973E-05 0.0811992 0.000375175 9.9973E-05 9.9973E-05
0.866098 9.9982E-05 0.0314096 9.9982E-05 0.0400065 0.0622859
0.843944 9.9973E-05 0.125062 9.9973E-05 9.9973E-05 0.0306935
0.770046 9.9973E-05 0.0953198 9.9973E-05 9.9973E-05 0.134334
0.788846 9.9973E-05 0.0997134 9.9973E-05 9.9973E-05 0.11114
0.824293 9.9982E-05 0.0442353 9.9982E-05 0.0212159 0.110056
0.120025 0.0767109 0.403384 0.347754 0.0313575 0.0207681
0.094044 9.9982E-05 0.721363 0.131712 0.0526816 9.9982E-05
0.148928 0.0694575 0.619424 0.0152615 0.0932348 0.0536945
0.0325741 0.0103978 0.204028 0.694802 0.0580978 9.9991E-05
0.0946445 0.143931 0.600099 0.161126 9.9982E-05 9.9982E-05
0.092556 9.9973E-05 0.148263 0.758881 9.9973E-05 9.9973E-05
0.0149408 9.9982E-05 0.648921 0.273844 9.9982E-05 0.0620945
0.0840214 0.14238 0.423444 0.239023 0.111032 9.9991E-05
0.0462107 0.0512252 0.544127 0.358237 9.9982E-05 9.9982E-05
0.0191444 0.0455632 0.488988 0.0326548 0.408543 0.00510593
0.0372971 0.150651 0.523012 0.28884 9.9982E-05 9.9982E-05
0.119059 0.0274327 0.677855 0.109217 0.066337 9.9991E-05
0.0926939 0.170323 0.629424 0.107358 9.9982E-05 9.9982E-05
9.9991E-05 0.48575 0.0452178 0.153331 0.23484 0.0807607
9.9973E-05 0.151336 9.9973E-05 0.801399 0.0469657 9.9973E-05
9.9973E-05 0.0551201 0.208598 0.735982 9.9973E-05 9.9973E-05
0.100343 0.0559327 0.612463 0.0851368 0.107442 0.0386821
0.0869274 0.07207 0.538711 0.302092 9.9982E-05 9.9982E-05
0.106548 9.9982E-05 0.631598 0.244162 0.0174928 9.9982E-05
0.0862498 9.9991E-05 0.662 0.0797754 0.0909697 0.0809056
0.197102 9.9982E-05 0.531148 0.11685 9.9982E-05 0.1547
0.143958 0.0883027 0.534556 0.000426923 0.0158885 0.216868
0.418899 0.1428 0.0973404 0.0690047 0.0881889 0.183767
0.0939957 0.119184 0.513252 0.0704337 0.1045 0.0986345
0.268107 0.0550722 0.409061 0.0161181 0.105526 0.146116
0.371301 0.0253566 9.9982E-05 0.431169 9.9982E-05 0.171973
0.322967 9.9982E-05 0.375631 0.142716 9.9982E-05 0.158486
0.325058 0.0819289 0.24377 9.9991E-05 0.126964 0.22218
0.33394 0.131429 0.467611 0.0339412 0.0137677 0.0193118
0.0985673 0.153149 0.3841 9.9991E-05 0.081215 0.282868
0.220835 9.9982E-05 0.562762 0.0654855 9.9982E-05 0.150718
0.154912 9.9991E-05 0.532038 0.021601 0.123691 0.167658
0.148699 0.036218 0.49007 0.163291 0.0372397 0.124482
0.475575 9.9982E-05 0.330941 9.9982E-05 0.0737825 0.119501
