9.9982E-05 0.00194785 0.868818 0.0502748 0.078759 9.9982E-05
9.9973E-05 9.9973E-05 0.919288 9.9973E-05 0.0243894 0.0560227
9.9982E-05 0.0589309 0.787772 0.0876106 0.0654863 9.9982E-05
9.9982E-05 0.0796075 0.766295 0.0677316 0.0861664 9.9982E-05
0.00617603 0.00759448 0.883644 0.0593974 0.00337429 0.0398138
0.176734 9.9991E-05 0.595066 0.10209 0.0183636 0.107647
0.101027 9.9982E-05 0.825459 0.00797092 0.0653439 9.9982E-05
0.123669 9.9982E-05 0.696293 0.0551261 0.124712 9.9982E-05
0.0611484 9.9982E-05 0.823158 9.9982E-05 0.0642799 0.0512138
0.131991 0.120371 0.707639 0.0397987 9.9982E-05 9.9982E-05
0.132689 0.00285291 0.75362 9.9982E-05 0.110638 9.9982E-05
0.0227359 0.257655 9.9991E-05 0.133706 0.453149 0.132654
9.999E-05 0.563755 0.0182584 0.0747941 0.321378 0.0217146
0.130628 0.302898 0.0266685 0.0643055 0.4754 9.9991E-05
0.0425471 0.352481 0.0527719 0.138357 0.413743 9.9991E-05
0.0606149 0.422117 0.0906067 0.158088 0.234893 0.0336803
0.00219799 0.570871 9.9982E-05 0.130504 0.296227 9.9982E-05
0.0376594 0.450434 9.9991E-05 0.0833642 0.304592 0.123851
0.051857 0.36532 0.0663797 0.0971331 0.415061 0.00424907
0.20505 0.0725973 0.0445421 0.0449257 0.612506 0.0203795
0.033599 0.491104 0.0176696 0.0373268 0.301652 0.118649
0.203907 0.552044 0.0154996 0.0953005 0.13315 9.9991E-05
0.0933537 0.553034 0.0510767 0.0126657 0.16997 0.1199
0.0621361 0.319882 0.00116776 0.118209 0.391599 0.107007
0.0247505 0.575178 0.0841322 0.115222 0.159251 0.0414667
0.0510999 0.525771 9.9982E-05 0.128714 0.294215 9.9982E-05
0.0651571 0.202376 0.0247206 0.0951646 0.523896 0.0886861
0.00627099 0.227322 0.00531136 0.23345 0.450127 0.0775186
0.250771 0.248903 9.9982E-05 0.051762 0.448364 9.9982E-05
9.9973E-05 0.102154 0.835599 0.0619469 9.9973E-05 9.9973E-05
9.9973E-05 0.14467 0.837422 9.9973E-05 0.0176073 9.9973E-05
9.9982E-05 0.117217 0.8088 0.028606 9.9982E-05 0.0451765
9.9982E-05 0.150814 0.775262 0.0695739 9.9982E-05 0.00415046
0.135939 0.524242 0.0230432 0.0269148 0.0540805 0.23578
9.9982E-05 0.468611 0.0970539 0.0412864 9.9982E-05 0.392849
9.9982E-05 0.584915 0.0410632 0.0293481 9.9982E-05 0.344474
9.9982E-05 0.203337 0.110215 9.9982E-05 0.612044 0.0742039
0.109081 0.311726 0.000780441 0.0471652 9.9991E-05 0.531148
0.0121887 0.469331 0.119393 0.00568496 0.0805643 0.312837
9.9973E-05 0.682888 9.9973E-05 0.0756206 9.9973E-05 0.241192
0.127846 0.651598 0.091315 9.9991E-05 0.00590989 0.123231
0.0171993 0.550455 0.122037 0.0248242 0.183272 0.102212
9.9982E-05 0.148909 0.0103785 9.9982E-05 0.160828 0.679685
0.160081 0.611603 0.029048 0.0453691 0.076753 0.0771457
0.0567155 0.510184 0.0733402 0.117998 9.9991E-05 0.241662
9.9991E-05 0.620813 0.145879 0.0561817 0.0181068 0.15892
0.00609851 0.319161 9.9973E-05 9.9973E-05 9.9973E-05 0.67444
9.9982E-05 0.66085 0.0540123 0.0112326 9.9982E-05 0.273705
0.0113301 0.438836 0.136911 0.12059 9.9991E-05 0.292233
0.29426 9.9973E-05 0.065592 9.9973E-05 9.9973E-05 0.639848
0.162153 0.175543 9.9982E-05 9.9982E-05 0.443993 0.218111
0.511435 0.0994327 0.0269896 9.9991E-05 0.172722 0.189321
0.0330332 0.527584 0.0424103 0.144337 0.134467 0.118169
0.176062 0.624976 0.146937 0.016822 9.9991E-05 0.0351034
0.159237 0.634469 9.9991E-05 0.0792195 0.117807 0.00916837
0.173568 0.203627 0.0965047 9.9991E-05 0.310483 0.215718
0.104967 0.551196 0.026894 0.0147825 0.218618 0.0835422
0.0921393 0.614953 9.9982E-05 0.0900704 0.202638 9.9982E-05
0.138687 0.395905 0.142702 9.9991E-05 0.219203 0.103403
0.220934 0.0845823 0.183386 0.0547044 0.345072 0.111322
9.9991E-05 0.465236 0.107867 0.0802051 0.0833478 0.263245
0.0874449 0.401558 0.122062 0.0470606 0.294318 0.0475556
0.164267 0.0807801 0.0481597 9.9991E-05 0.541367 0.165325
0.135515 0.533671 9.9991E-05 0.0114767 0.220961 0.0982762
0.120447 0.488505 0.0229602 0.161497 0.0707312 0.135859
0.0757097 0.623013 0.105768 0.0511805 0.122787 0.0215422
0.12647 0.3289 0.0333296 0.0208453 0.23866 0.251795
0.206563 0.458782 9.9991E-05 0.107086 0.140907 0.0865618
0.0977926 0.505708 0.0991289 0.0783568 0.160613 0.058401
0.156907 0.232653 0.0185316 9.9991E-05 0.454664 0.137144
9.9973E-05 0.507806 9.9973E-05 9.9973E-05 0.0823634 0.409531
9.9973E-05 0.187512 9.9973E-05 9.9973E-05 0.116447 0.695741
9.9991E-05 0.498206 0.091406 0.0363066 0.122541 0.251441
0.147493 9.9964E-05 9.9964E-05 9.9964E-05 9.9964E-05 0.852107
0.183833 9.9964E-05 9.9964E-05 9.9964E-05 9.9964E-05 0.815767
0.025081 0.271196 9.9973E-05 9.9973E-05 9.9973E-05 0.703423
0.0373076 0.464076 9.9991E-05 0.0246842 0.0499226 0.423909
0.0036478 0.603525 0.10078 0.0419968 0.100418 0.149633
9.9982E-05 0.478904 9.9982E-05 0.0222131 0.00994967 0.488734
9.9982E-05 0.13075 9.9982E-05 0.0413533 0.203514 0.624183
9.9991E-05 0.225437 0.0387986 0.0226159 0.264261 0.448788
0.0116761 0.494384 0.1502 0.0518354 0.0513826 0.240521
9.9991E-05 0.263025 0.0122067 0.0560723 0.0262639 0.642332
9.9982E-05 0.418074 0.0143398 9.9982E-05 0.114172 0.453214
0.100512 0.399201 9.9973E-05 9.9973E-05 9.9973E-05 0.499987
0.27126 0.0254758 0.000154987 0.00606333 0.0396061 0.657439
0.0268328 0.549703 9.9991E-05 0.0772192 0.0543685 0.291777
9.9982E-05 0.094086 0.849031 0.0240302 0.0326528 9.9982E-05
9.9964E-05 0.0990612 0.900539 9.9964E-05 9.9964E-05 9.9964E-05
9.9973E-05 0.0648409 0.898835 0.036024 9.9973E-05 9.9973E-05
9.9973E-05 0.0307602 0.888043 9.9973E-05 9.9973E-05 0.0808971
9.9973E-05 0.128557 0.865418 9.9973E-05 9.9973E-05 0.00572578
0.00999822 0.0998011 0.88819 9.9982E-05 9.9982E-05 0.00181108
9.9964E-05 0.100799 0.898801 9.9964E-05 9.9964E-05 9.9964E-05
0.129474 0.531638 0.0978023 9.9991E-05 0.0142332 0.226752
0.0368729 0.512406 0.110726 0.122392 0.0708677 0.146735
9.9982E-05 0.0145123 0.04643 9.9982E-05 0.0961631 0.842695
0.131011 0.59862 0.0853461 0.00401104 0.00554463 0.175467
9.9982E-05 0.472236 0.013857 9.9982E-05 0.103699 0.410009
0.0141265 0.600773 0.0688775 9.9982E-05 9.9982E-05 0.316023
0.0267156 0.520038 0.054147 0.0112955 9.9991E-05 0.387704
0.0067311 0.449866 0.0349473 0.0780402 9.9991E-05 0.430316
9.9973E-05 9.9973E-05 0.0614835 9.9973E-05 0.226798 0.711419
0.0898283 0.510606 0.0901335 0.0870767 0.0508148 0.171541
0.00673427 0.675481 0.0888524 0.0603307 0.0183826 0.150219
0.0268657 0.53811 0.165209 0.0939297 9.9991E-05 0.175785
0.150318 0.235789 0.0111868 0.0310918 9.9991E-05 0.571514
0.0477803 0.483138 0.0103813 9.9982E-05 9.9982E-05 0.4585
9.9982E-05 0.472128 0.051187 9.9982E-05 0.0646763 0.411809
9.9973E-05 0.260554 9.9973E-05 0.116146 9.9973E-05 0.623
9.9991E-05 0.365306 0.0586061 0.0296581 0.0741603 0.472169
0.0216144 0.613481 0.154106 0.0271913 0.0366874 0.146919
0.228637 0.239577 0.0907274 0.00949579 0.25778 0.173782
0.0301591 0.468354 0.187054 0.0307321 0.281176 0.0025246
0.128767 0.552877 0.146792 9.9991E-05 0.126643 0.0448203
0.0596107 0.660243 0.0420013 0.0479302 0.0913907 0.0988241
0.0269786 0.553191 0.0403682 9.9991E-05 0.355261 0.024102
9.9991E-05 0.56137 0.0102527 0.0500982 0.292365 0.0858147
9.9973E-05 0.510444 0.00877581 9.9973E-05 0.480481 9.9973E-05
0.095127 0.51025 0.0638057 9.9991E-05 0.205986 0.124732
0.00930337 0.510723 0.0792078 0.153661 0.185217 0.0618889
0.10021 0.594554 0.0488584 9.9991E-05 0.153184 0.103094
0.0256553 0.581641 9.9982E-05 9.9982E-05 0.385677 0.00682688
0.150642 0.586704 9.9991E-05 0.141197 0.112743 0.00861368
0.18235 0.568478 0.0840033 0.0479528 0.117115 9.9991E-05
9.9982E-05 0.592572 9.9982E-05 0.103197 0.217715 0.0863162
0.186336 0.603588 0.031564 0.0747232 0.103689 9.9991E-05
9.9991E-05 0.501492 0.0244732 0.072 0.217758 0.184177
0.25452 0.449581 0.0709732 9.9982E-05 0.224726 9.9982E-05
0.0339181 0.649831 0.0328643 0.0573523 0.222021 0.00401363
0.0625592 0.733726 0.0772128 9.9982E-05 0.126302 9.9982E-05
0.0317959 0.171232 9.9991E-05 0.124476 0.457221 0.215176
0.415534 0.222362 0.0264194 0.00894913 0.308438 0.0182973
0.148844 0.55716 0.0406101 0.0494158 0.171757 0.0322124
0.311517 0.00622394 9.9991E-05 0.100005 0.339081 0.243072
0.0851725 0.368508 9.9991E-05 0.0100159 0.402186 0.134018
0.0782243 0.463319 0.00285912 9.9991E-05 0.299537 0.155961
0.00329036 0.304249 0.022021 9.9991E-05 0.457051 0.213289
0.0194425 0.2713 9.9991E-05 0.0624316 0.505693 0.141033
9.9982E-05 0.669646 0.107451 9.9982E-05 0.180581 0.0421222
0.161363 0.519688 0.0709327 0.100681 0.0779766 0.069359
0.1527 0.566256 9.9982E-05 0.0404798 0.240365 9.9982E-05
0.25132 0.198344 9.9991E-05 0.0365151 0.330381 0.18334
0.17272 0.551892 0.157122 9.9991E-05 0.0572711 0.060895
0.19311 0.539856 9.9991E-05 0.0947416 0.102617 0.069576
0.513804 0.00507675 0.163304 9.9991E-05 0.108536 0.20918
0.105869 0.588895 0.1754 0.0110224 9.9991E-05 0.118714
0.245424 0.29024 0.11739 0.0593939 9.9991E-05 0.287452
0.20757 0.535067 0.0683848 0.0541 0.0737649 0.0611134
0.406385 0.296362 0.0894803 9.9991E-05 0.0907419 0.116931
0.516595 0.227119 0.0394904 9.9991E-05 0.175941 0.0407541
0.312513 0.46433 0.0386174 9.9991E-05 0.13586 0.04858
0.222136 0.517955 0.174322 0.0022332 0.015693 0.0676599
0.22453 0.481001 0.106268 0.0778231 0.110279 9.9991E-05
0.418142 0.00747613 0.0787112 0.150933 0.149766 0.194973
0.170452 0.587906 0.064604 0.0729405 0.103997 9.9991E-05
0.414709 0.367953 9.9982E-05 9.9982E-05 0.0962277 0.12091
0.299802 0.4618 9.9982E-05 9.9982E-05 0.113936 0.124262
0.141861 0.635933 0.121557 0.00327524 9.9991E-05 0.0972744
0.22256 0.113483 0.292379 0.258634 0.112844 9.9991E-05
0.33918 9.9973E-05 0.533003 0.127517 9.9973E-05 9.9973E-05
0.424514 9.9973E-05 0.439038 0.136148 9.9973E-05 9.9973E-05
0.212895 0.0706312 0.36564 0.350634 9.9982E-05 9.9982E-05
0.325117 0.674483 9.9967E-05 9.9967E-05 9.9967E-05 9.9967E-05
0.248469 0.466852 0.104626 0.0589629 0.0799801 0.04111
9.9973E-05 0.287553 9.9973E-05 0.695283 0.016864 9.9973E-05
9.9991E-05 0.313175 0.084967 0.439166 0.150088 0.0125042
0.00612659 0.339991 0.149117 0.426568 0.0780972 9.9991E-05
0.513477 0.394208 9.9982E-05 9.9982E-05 0.00442296 0.087693
0.143105 0.530741 0.072846 0.0846343 0.0441246 0.124549
0.724359 0.275241 9.9964E-05 9.9964E-05 9.9964E-05 9.9964E-05
0.278557 0.571814 9.9991E-05 0.0326072 0.0707911 0.0461313
0.339945 0.468725 0.0232266 9.9991E-05 0.0482425 0.119761
0.320273 0.634255 0.0100591 9.9991E-05 0.024963 0.0103496
0.668922 0.264448 9.9982E-05 9.9982E-05 0.0246331 0.0417977
0.165896 0.509426 0.00994055 0.10307 0.061096 0.150572
0.117499 0.642714 0.0941156 0.0756275 9.9991E-05 0.0699443
0.0345784 9.9973E-05 9.9973E-05 0.962545 9.9973E-05 0.00257649
9.9964E-05 0.101847 9.9964E-05 0.897753 9.9964E-05 9.9964E-05
0.0273194 0.275261 0.0208011 0.568203 0.0690657 0.0393498
9.9973E-05 0.255069 9.9973E-05 0.709907 0.0347244 9.9973E-05
0.000464789 0.144562 0.0521529 0.760563 9.9991E-05 0.0421572
9.996E-05 9.996E-05 9.996E-05 0.9995 9.996E-05 9.996E-05
9.9973E-05 9.9973E-05 9.9973E-05 0.974407 0.0177157 0.00757786
9.9964E-05 0.15127 9.9964E-05 0.84833 9.9964E-05 9.9964E-05
9.9964E-05 9.9964E-05 9.9964E-05 0.952871 0.0467289 9.9964E-05
9.996E-05 9.996E-05 9.996E-05 0.9995 9.996E-05 9.996E-05
9.996E-05 9.996E-05 9.996E-05 0.9995 9.996E-05 9.996E-05
9.9973E-05 0.197086 0.0474556 0.755159 9.9973E-05 9.9973E-05
0.00817978 0.000192811 0.0298822 0.862903 0.0628179 0.0360247
9.9973E-05 9.9973E-05 9.9973E-05 0.96753 0.0185119 0.0136583
9.9991E-05 0.274038 0.0729992 0.464199 0.0556439 0.133019
9.9991E-05 0.220355 0.0655094 0.635184 0.0572363 0.0216156
9.9973E-05 0.217892 0.057971 0.723837 9.9973E-05 9.9973E-05
9.9982E-05 0.0657359 0.0181512 0.852683 0.0632299 9.9982E-05
9.9964E-05 0.0176745 9.9964E-05 0.981926 9.9964E-05 9.9964E-05
9.9982E-05 0.0520934 0.0422952 0.867432 0.0379797 9.9982E-05
9.996E-05 9.996E-05 9.996E-05 0.9995 9.996E-05 9.996E-05
9.9982E-05 0.276914 0.0865887 0.559934 0.0763635 9.9982E-05
9.9982E-05 0.0359751 0.0418526 0.863461 9.9982E-05 0.0585113
0.641166 9.9973E-05 0.349751 0.00878266 9.9973E-05 9.9973E-05
0.141474 0.384704 0.167583 0.11126 0.126881 0.0680984
0.217458 0.473926 0.23318 9.9982E-05 9.9982E-05 0.0752363
0.489102 0.22809 0.224248 0.0583595 9.9982E-05 9.9982E-05
0.222191 0.463665 0.154842 0.119578 0.0184401 0.021284
0.438397 0.19924 0.23522 0.10698 9.9991E-05 0.0200628
0.100349 0.55284 0.245409 9.9991E-05 0.00258162 0.0987201
0.375475 0.362483 0.141366 0.120476 9.9982E-05 9.9982E-05
0.23746 0.486063 0.142291 0.133985 9.9982E-05 9.9982E-05
0.299515 0.316061 0.1775 0.206725 9.9982E-05 9.9982E-05
0.189309 0.51944 0.198311 0.0661955 0.026645 9.9991E-05
0.0150057 0.0439525 0.855997 9.9991E-05 0.0731157 0.0118286
9.9973E-05 9.9973E-05 0.923715 0.0642527 9.9973E-05 0.0117322
9.9973E-05 0.00535721 0.988239 9.9973E-05 9.9973E-05 0.00610397
9.9964E-05 9.9964E-05 0.936367 9.9964E-05 0.0632334 9.9964E-05
9.9982E-05 0.00439013 0.873028 0.0337007 0.0886812 9.9982E-05
9.9964E-05 9.9964E-05 0.902594 0.0970058 9.9964E-05 9.9964E-05
9.9991E-05 0.00119598 0.862595 0.0901319 0.0392212 0.00675574
0.0994637 9.9964E-05 0.900136 9.9964E-05 9.9964E-05 9.9964E-05
9.9973E-05 9.9973E-05 0.9178 0.000167918 9.9973E-05 0.0817323
0.0596257 0.000896026 0.864813 0.0663789 0.00818652 9.9991E-05
0.000484376 9.9982E-05 0.615483 9.9982E-05 0.272763 0.111069
0.00347766 9.9991E-05 0.568335 0.0240472 0.360971 0.0430695
0.148915 9.9982E-05 0.533711 9.9982E-05 0.284557 0.0326168
0.0572221 9.9982E-05 0.477732 9.9982E-05 0.377528 0.0873185
9.9982E-05 0.57528 0.0243157 9.9982E-05 0.13325 0.266955
0.0882184 0.420911 0.0441512 0.0583902 0.00106081 0.387268
0.0499138 0.608296 9.9982E-05 9.9982E-05 0.12314 0.21845
9.9982E-05 0.394759 0.0521868 9.9982E-05 0.226758 0.326096
0.0298352 0.209348 9.9982E-05 9.9982E-05 0.678893 0.0817238
9.9991E-05 0.583248 0.0675719 0.076297 0.0112934 0.26149
0.0177669 0.531824 9.9991E-05 0.0233099 0.0454762 0.381523
0.175281 0.507153 9.9991E-05 0.0122747 0.0436138 0.261578
0.0251458 0.298105 9.9982E-05 0.084387 9.9982E-05 0.592162
9.9991E-05 0.646023 0.0278123 0.00686221 0.115038 0.204165
0.0356555 0.445327 0.00451883 0.0308673 0.0873444 0.396287
0.215221 9.9973E-05 9.9973E-05 9.9973E-05 0.0873387 0.69714
0.0868443 0.559635 0.0948963 0.00199675 0.130319 0.126308
0.267998 0.214227 9.9982E-05 0.0157586 9.9982E-05 0.501817
0.0862563 0.435525 0.0107993 0.0668964 0.0309094 0.369614
9.9982E-05 0.134584 0.0288807 9.9982E-05 0.178144 0.658192
0.0599318 0.00555267 0.107061 9.9982E-05 0.827254 9.9982E-05
0.134825 0.0582479 0.101579 0.00189521 0.703354 9.9991E-05
0.0983551 9.9982E-05 0.0427526 0.0140184 0.844674 9.9982E-05
0.0175771 9.9982E-05 0.0967994 9.9982E-05 0.831367 0.0540567
0.126245 0.0451133 0.018602 0.0629011 0.747039 9.9991E-05
0.0275969 0.0311503 0.0416332 0.104828 0.794692 9.9991E-05
9.9973E-05 0.106453 0.888119 0.00512759 9.9973E-05 9.9973E-05
9.9982E-05 0.0828324 0.820888 0.0293448 0.0667352 9.9982E-05
0.00362609 0.127641 0.766478 0.102055 9.9982E-05 9.9982E-05
9.9982E-05 0.00436358 0.737306 0.141201 0.116929 9.9982E-05
9.9982E-05 0.0583971 0.79261 0.0955638 0.0532296 9.9982E-05
0.0320908 9.9982E-05 0.415875 9.9982E-05 0.504911 0.0469231
0.0748089 9.9982E-05 0.455773 9.9982E-05 0.36659 0.102628
9.9973E-05 9.9973E-05 0.477801 9.9973E-05 0.419297 0.102602
9.9982E-05 0.106788 0.819861 0.0307512 0.0424001 9.9982E-05
9.9973E-05 9.9973E-05 0.417451 9.9973E-05 0.463128 0.119121
0.15235 0.275119 0.223271 0.349061 9.9982E-05 9.9982E-05
9.9991E-05 0.663248 0.143999 0.150715 0.00124683 0.0406917
9.9973E-05 0.536046 0.206637 0.257016 9.9973E-05 9.9973E-05
0.0659897 0.363786 0.305357 0.177735 0.0208653 0.066267
0.0511855 0.558199 0.165155 0.143108 0.0702799 0.0120729
0.206117 9.9973E-05 0.484115 0.309468 9.9973E-05 9.9973E-05
0.0699011 0.484617 0.00413606 9.9991E-05 0.349905 0.0913402
0.29981 0.390536 9.9991E-05 0.0279596 0.187527 0.0940674
0.00277536 0.24752 0.058904 0.0672501 0.553822 0.0697278
0.198339 0.465517 9.9982E-05 9.9982E-05 0.199851 0.136093
0.622593 9.9973E-05 9.9973E-05 9.9973E-05 0.195723 0.181384
0.0372988 0.574135 0.109539 0.0318363 0.140319 0.106872
0.155437 0.484245 9.9991E-05 0.0147287 0.224946 0.120544
0.0670304 0.310167 0.0498538 9.9991E-05 0.483881 0.0889679
0.122293 0.485278 0.0630886 0.130418 0.161445 0.0374771
0.447096 0.12441 9.9982E-05 9.9982E-05 0.264564 0.16373
0.244345 0.528167 9.9973E-05 9.9973E-05 0.227189 9.9973E-05
0.038468 0.541706 9.9982E-05 9.9982E-05 0.308394 0.111232
0.0350577 0.439715 0.0983708 0.199213 0.155046 0.0725972
0.212806 0.42206 9.9982E-05 9.9982E-05 0.302794 0.0621405
0.128162 0.446842 0.0211858 9.9991E-05 0.321575 0.0821358
0.251517 0.495271 9.9991E-05 0.065512 0.0749762 0.112623
0.130532 0.600435 0.0132234 9.9991E-05 0.143453 0.112257
9.9991E-05 0.526341 0.0107006 0.140897 0.160046 0.161915
0.0821508 0.608162 0.0945045 0.0694019 0.103614 0.0421668
0.0579822 0.648576 0.0770879 9.9991E-05 0.214206 0.00204732
9.9973E-05 0.155284 0.774069 0.0703468 9.9973E-05 9.9973E-05
0.0441876 0.0873219 0.857701 0.00502547 9.9991E-05 0.00566424
0.092928 0.0935193 0.758888 9.9982E-05 9.9982E-05 0.054465
9.9991E-05 0.0345086 0.796735 0.0338756 0.0272551 0.107526
9.9973E-05 0.11679 0.87851 0.00440068 9.9973E-05 9.9973E-05
0.0967529 0.28634 9.9991E-05 0.00968808 0.60219 0.00492901
0.122831 0.454829 0.0597539 0.0822003 0.098791 0.181595
0.119471 0.419375 0.210078 0.196204 9.9991E-05 0.0547719
9.9991E-05 0.710112 0.0518355 0.0263194 0.167276 0.0443569
9.9991E-05 0.515613 0.037759 0.0226295 0.247887 0.176011
0.232981 0.251417 0.0282544 0.0670369 0.383397 0.0369134
0.139827 0.00237252 0.145877 9.9991E-05 0.605123 0.1067
9.9991E-05 0.531951 0.0595001 0.0302868 0.332966 0.0451961
0.113288 0.139618 0.00348772 0.135391 0.559429 0.048786
0.183377 0.327399 0.0283418 0.0670737 0.212148 0.181661
0.0539719 0.109072 0.131307 0.022422 0.597683 0.0855447
9.9991E-05 0.614991 0.140405 0.0362709 0.125753 0.0824802
0.0761127 0.199018 0.0746777 0.0326532 0.520286 0.0972531
0.215802 0.393252 0.037061 0.0708301 0.282955 9.9991E-05
0.182705 0.436796 0.0559472 0.103913 0.197456 0.023183
0.557474 0.327636 9.9973E-05 9.9973E-05 0.11459 9.9973E-05
0.212682 0.603824 0.00773324 0.029309 0.0854069 0.0610454
0.304803 0.463106 0.0729596 0.0855404 9.9991E-05 0.0734903
0.516758 0.376673 9.9973E-05 9.9973E-05 0.106269 9.9973E-05
0.193548 0.569952 0.0889557 0.0819012 0.045494 0.0201489
0.295037 0.576322 0.0698476 9.9982E-05 9.9982E-05 0.0585928
0.66625 0.165813 9.9982E-05 9.9982E-05 0.0865782 0.0811592
0.715172 0.284428 9.9964E-05 9.9964E-05 9.9964E-05 9.9964E-05
0.399532 0.565655 9.9982E-05 9.9982E-05 0.00213684 0.0324761
0.510893 0.155055 9.9982E-05 9.9982E-05 0.125038 0.208815
0.28796 0.484032 9.9982E-05 9.9982E-05 0.123487 0.104321
0.0557821 0.0992448 9.9991E-05 0.0442006 0.634524 0.166149
0.255969 0.308188 9.9982E-05 9.9982E-05 0.392756 0.0428878
9.9991E-05 0.402239 0.0479997 0.0157781 0.454715 0.0791681
9.9991E-05 0.628462 0.0300804 0.0307692 0.201198 0.10939
9.9982E-05 0.310276 9.9982E-05 0.00323637 0.465864 0.220424
0.145614 0.406414 0.0404122 0.169378 0.223118 0.0150641
9.9991E-05 0.518471 0.0567348 0.141028 0.175598 0.108068
9.9991E-05 0.539346 0.0274733 0.0639064 0.22152 0.147655
9.9991E-05 0.495655 0.000653751 0.0867201 0.30333 0.113541
9.9982E-05 0.477115 0.0419109 9.9982E-05 0.331073 0.149701
9.9982E-05 0.21134 9.9982E-05 0.0914305 0.519076 0.177954
0.0420159 0.288829 9.9991E-05 0.132968 0.409647 0.12644
0.0991147 0.558359 9.9991E-05 0.050699 0.151091 0.140636
0.0746192 0.549244 0.117299 0.0358217 0.104265 0.118751
0.220443 0.467268 0.0827273 9.9991E-05 0.183162 0.0463003
0.097199 0.584445 9.9991E-05 0.0210106 0.213225 0.0840207
0.0877787 0.443451 0.0663308 9.9991E-05 0.381608 0.0207321
0.0434528 0.70251 9.9991E-05 0.0116478 0.19214 0.0501494
9.9991E-05 0.551686 0.0491366 0.0607324 0.189707 0.148638
0.0552286 0.429696 0.0594168 0.116151 0.159519 0.179988
0.0112759 0.415184 0.381406 0.0982083 0.0353424 0.0585834
0.106286 0.435409 0.117467 0.250899 9.9991E-05 0.0898404
0.0197593 0.418519 0.174148 0.183753 0.148034 0.0557872
0.0844763 0.551436 0.124442 0.130901 0.0689982 0.0397464
0.0339698 0.465945 0.164473 0.219882 0.0141864 0.101544
0.206032 0.494324 9.9982E-05 0.045051 0.254393 9.9982E-05
0.0309602 0.519609 0.223495 0.0889885 9.9991E-05 0.136847
0.439878 0.0487372 0.261672 0.123076 0.00729284 0.119344
0.0655797 0.541053 0.0330437 0.197915 0.101878 0.0605303
0.0708199 0.552212 0.0816297 0.125715 0.0821293 0.0874946
0.100004 0.40172 0.043729 0.251412 0.150514 0.0526219
0.152894 0.300816 0.235947 0.151583 0.04917 0.10959
0.103313 0.54657 0.2404 0.0804319 9.9991E-05 0.0291858
0.121106 0.50431 0.18208 0.159139 0.0332656 9.9991E-05
0.326319 9.9973E-05 0.466023 0.207358 9.9973E-05 9.9973E-05
0.0209138 0.527704 0.180552 0.21692 0.0314737 0.0224358
0.0835988 0.471411 0.169188 0.234857 0.0408454 9.9991E-05
0.0677857 0.534219 0.128685 0.124421 0.144788 9.9991E-05
0.0821728 0.565782 0.197826 0.15402 9.9982E-05 9.9982E-05
9.9991E-05 0.41718 0.147396 0.196314 0.119378 0.119632
0.270545 0.443867 0.0290948 0.0223943 0.148197 0.0859026
0.230962 0.563228 0.107549 0.019949 0.00847926 0.0698325
0.588997 0.0416555 9.9982E-05 9.9982E-05 0.111531 0.257617
0.664551 9.9973E-05 9.9973E-05 9.9973E-05 0.0887505 0.246399
0.108488 0.389373 0.0409052 0.121319 0.138315 0.2016
0.141462 0.435103 0.120816 0.290905 0.0116144 9.9991E-05
0.195454 0.316782 0.0890526 0.385789 9.9991E-05 0.012822
0.330267 0.165379 0.196382 0.305355 9.9991E-05 0.0025163
0.150781 0.402267 0.163469 0.266917 0.0164662 9.9991E-05
0.656479 0.126693 0.0358952 0.115344 9.9991E-05 0.065489
0.586707 0.220504 0.0614164 0.120896 9.9991E-05 0.010376
0.26062 0.500097 9.9991E-05 0.15204 0.013101 0.0740418
0.23747 0.429122 0.0199938 0.154261 0.0461283 0.113025
0.445308 0.205325 0.0336291 0.132618 0.058818 0.124302
0.213077 0.469142 0.0307568 0.181426 0.0121152 0.0934826
0.222324 0.565207 0.0257664 0.105569 9.9991E-05 0.081034
0.13353 0.424585 0.0848663 0.152382 0.0802378 0.124398
0.408643 0.339874 9.9982E-05 9.9982E-05 0.108715 0.142568
0.359514 0.398354 9.9982E-05 9.9982E-05 0.0851938 0.156738
0.22099 0.546484 0.0013926 0.0399544 9.9991E-05 0.191079
0.27885 0.511874 0.0917199 9.9982E-05 0.117356 9.9982E-05
0.228525 0.35961 9.9991E-05 0.226275 0.0910016 0.0944885
0.459782 0.539818 9.9964E-05 9.9964E-05 9.9964E-05 9.9964E-05
0.603387 0.240071 9.9982E-05 9.9982E-05 0.0864115 0.0699302
0.299055 0.609138 0.00115189 0.0165323 9.9991E-05 0.0740223
0.482036 0.264307 9.9982E-05 9.9982E-05 0.0751789 0.178278
0.368557 0.450301 9.9982E-05 9.9982E-05 0.0551524 0.12579
0.189033 0.603777 0.0695308 0.0107313 9.9991E-05 0.126827
0.226898 0.518514 9.9991E-05 0.0444465 0.0620072 0.148034
0.108391 0.475234 0.184672 0.161773 0.0698298 9.9991E-05
0.179223 0.3403 0.195222 0.115137 9.9991E-05 0.170019
0.1302 0.37845 0.182868 0.230525 0.057666 0.0202905
0.237078 0.327792 0.16474 0.187685 0.0826051 9.9991E-05
0.0169411 0.469913 0.143906 0.180253 0.111634 0.0773527
0.14879 0.407127 0.126041 0.245984 0.0719585 9.9991E-05
0.560356 9.9991E-05 0.183946 0.192899 0.0177495 0.0449505
0.126848 0.538362 9.9982E-05 0.318404 0.0161865 9.9982E-05
0.495032 9.9973E-05 0.365119 0.139548 9.9973E-05 9.9973E-05
0.243802 0.450599 0.0495327 0.205746 9.9991E-05 0.0502195
0.622171 0.180159 9.9973E-05 9.9973E-05 9.9973E-05 0.19737
0.717681 9.9973E-05 9.9973E-05 9.9973E-05 0.00939972 0.27262
0.318265 0.517269 9.9982E-05 0.000103676 9.9982E-05 0.164162
0.319445 0.680155 9.9964E-05 9.9964E-05 9.9964E-05 9.9964E-05
0.44432 0.474917 9.9982E-05 9.9982E-05 0.0141088 0.066454
0.215348 0.536652 9.9991E-05 0.0227223 0.0281965 0.196982
0.27994 0.639217 9.9973E-05 9.9973E-05 9.9973E-05 0.080543
0.0740298 0.0512046 0.788721 0.0640551 0.0189255 0.00306411
0.00734994 9.9982E-05 0.722411 0.116685 0.153354 9.9982E-05
9.9982E-05 0.00844915 0.930295 0.0537659 0.00728992 9.9982E-05
9.9964E-05 0.0552507 0.944349 9.9964E-05 9.9964E-05 9.9964E-05
0.00970974 0.426156 0.0205614 0.0419136 0.124941 0.376718
9.99887E-05 0.368136 0.107796 0.0641142 9.99887E-05 0.459753
9.9973E-05 0.400016 0.0355143 9.9973E-05 9.9973E-05 0.56417
9.9982E-05 0.608311 0.0836573 9.9982E-05 0.0387285 0.269103
0.0652984 0.396177 0.0993056 0.109365 0.00534756 0.324506
0.0521477 0.224047 0.0319265 0.0223282 0.132334 0.537217
9.9991E-05 0.635725 0.0115351 0.0200381 0.0593998 0.273202
0.23098 0.307869 9.9973E-05 9.9973E-05 9.9973E-05 0.460851
0.0406326 0.408608 0.237931 0.224079 0.0608441 0.0279048
0.0479527 0.336192 9.9991E-05 0.0939245 0.0789783 0.442853
9.9982E-05 0.341003 9.9982E-05 0.00352611 0.116016 0.539255
0.0523056 0.504503 9.9991E-05 0.0414586 0.0492169 0.352416
9.9982E-05 0.39559 0.00622487 9.9982E-05 0.0751962 0.522789
0.0463823 0.53244 9.9982E-05 0.0204409 9.9982E-05 0.400537
0.0165942 0.656872 0.0600466 9.9982E-05 9.9982E-05 0.266287
0.116559 0.0437576 9.9973E-05 9.9973E-05 9.9973E-05 0.839384
0.10094 0.233053 9.9991E-05 0.00368793 0.0275595 0.63466
0.0508573 0.302817 0.00710423 9.9991E-05 0.06313 0.575991
0.198203 9.9964E-05 9.9964E-05 9.9964E-05 9.9964E-05 0.801397
0.0276211 0.35546 0.0433646 0.0475169 0.0813093 0.444728
0.304868 0.0918066 9.9982E-05 0.0101954 9.9982E-05 0.59293
0.297814 9.9964E-05 9.9964E-05 9.9964E-05 9.9964E-05 0.701786
0.00228161 0.626792 0.0117336 0.00933483 0.0090436 0.340815
0.0137525 0.205418 0.0181113 0.0270166 0.135571 0.600131
9.9982E-05 0.478307 9.9982E-05 0.0287062 0.101157 0.39163
0.0769705 0.694158 0.0757181 0.0277247 9.9991E-05 0.125329
9.9982E-05 0.52178 9.9982E-05 0.00595905 0.108698 0.363363
0.295647 0.290809 9.9991E-05 0.0721039 0.292907 0.0484339
0.0222187 0.499411 9.9991E-05 0.0160647 0.080137 0.382068
9.9991E-05 0.368024 0.038509 0.129452 0.0231288 0.440786
9.9973E-05 0.323244 9.9973E-05 9.9973E-05 0.026729 0.649727
0.0456645 0.526084 0.115986 0.0541612 0.0795791 0.178524
0.0407481 9.9982E-05 0.642277 9.9982E-05 0.265453 0.0513214
0.00540854 0.0396066 0.769044 0.00764068 0.0947233 0.0835772
0.00208196 9.9982E-05 0.819043 9.9982E-05 0.143939 0.0347363
9.9973E-05 9.9973E-05 0.82159 9.9973E-05 0.143739 0.0343708
0.0350703 0.0296065 0.709263 9.9982E-05 0.22586 9.9982E-05
9.9991E-05 0.0453402 0.0223671 0.0704304 0.149653 0.712109
0.0230336 0.160542 0.0666382 9.9991E-05 0.120252 0.629434
0.0417538 0.184891 9.9973E-05 9.9973E-05 9.9973E-05 0.773055
9.9991E-05 0.399818 0.0692021 0.127154 0.0827698 0.320956
0.0248084 0.537683 0.168637 0.0096648 0.10482 0.154388
0.073738 0.283704 0.0271775 0.0387164 9.9991E-05 0.576564
0.0787838 0.624648 9.9991E-05 0.0583174 0.00915742 0.228993
0.0407218 0.429032 0.0892581 0.00502972 9.9991E-05 0.435858
0.0159622 0.607708 0.00926829 9.9991E-05 0.0514677 0.315494
0.0307729 0.586212 0.0838462 0.056906 0.000328403 0.241934
0.00874183 0.198386 9.9991E-05 0.0358504 0.147153 0.609769
9.9973E-05 0.306857 9.9973E-05 9.9973E-05 0.0463753 0.646467
9.9982E-05 0.324162 0.00210762 9.9982E-05 0.179271 0.494259
0.113654 0.650722 0.136733 0.0163333 0.0308078 0.0517506
9.9973E-05 0.380682 0.0199755 9.9973E-05 9.9973E-05 0.599043
0.0286353 0.433403 0.043725 0.033317 9.9991E-05 0.46082
0.0412053 0.457799 0.0687425 0.38718 0.0449728 9.9991E-05
0.0367141 0.314086 0.066763 0.545726 9.9991E-05 0.0366114
0.0361095 0.395375 0.136752 0.381887 0.0497761 9.9991E-05
0.0610087 0.244884 0.162819 0.531088 9.9982E-05 9.9982E-05
0.019869 0.542498 0.154807 0.282625 9.9982E-05 9.9982E-05
0.153601 0.418087 0.041852 0.0300057 9.9991E-05 0.356354
0.0477624 0.0188481 0.2566 0.67659 9.9982E-05 9.9982E-05
0.0502555 0.26023 0.141897 0.475135 9.9991E-05 0.0723826
0.19145 0.478593 0.172716 0.108263 9.9991E-05 0.0488774
0.212836 0.566243 0.160805 0.0318643 0.0281517 9.9991E-05
0.325903 0.437515 0.132308 0.0191157 0.0850583 9.9991E-05
0.105818 0.653443 0.172381 0.011882 0.0548974 0.00157821
0.0366262 0.590221 0.0633671 0.0459943 0.120086 0.143705
9.9982E-05 0.342373 0.197921 0.45796 9.9982E-05 0.00154647
9.9991E-05 0.343661 0.144208 0.375103 0.130177 0.00675099
0.0129908 0.449451 0.0921243 0.445234 9.9982E-05 9.9982E-05
0.0881823 0.469459 0.179937 0.23297 0.029351 9.9991E-05
0.0193857 0.212526 0.0742418 0.531503 0.0643065 0.0980366
0.00890238 0.403413 0.181291 0.283503 9.9991E-05 0.12279
0.0248506 0.315157 0.126419 0.533374 9.9982E-05 9.9982E-05
9.9991E-05 0.375692 0.000646186 0.434874 0.140517 0.0481706
0.339944 0.570829 0.086667 9.9982E-05 0.00236024 9.9982E-05
9.9991E-05 0.37543 0.207089 0.324104 0.0635054 0.0297722
0.0932224 0.166168 0.0811053 0.659304 9.9982E-05 9.9982E-05
0.10096 0.260317 0.145089 0.397705 0.0518854 0.0440446
0.29947 0.229406 0.161232 9.9991E-05 0.255851 0.0539418
0.31646 0.603825 9.9982E-05 0.0591205 0.0203947 9.9982E-05
9.9982E-05 0.266761 0.137067 0.434182 0.16179 9.9982E-05
0.147984 0.637517 0.100796 0.025375 0.0882276 9.9991E-05
0.227408 0.483564 0.157461 0.0258434 9.9991E-05 0.105624
0.103985 0.382734 0.173969 0.225097 0.021705 0.09251
0.147378 0.317664 0.227684 0.26352 0.043654 9.9991E-05
0.0646834 0.542146 0.091239 0.188927 9.9991E-05 0.112904
0.0237593 0.356482 0.111853 0.439765 0.0146322 0.053509
0.0771329 0.289666 0.102582 0.530419 9.9982E-05 9.9982E-05
0.0737175 0.0846873 0.215908 0.625487 9.9982E-05 9.9982E-05
0.185991 0.632233 0.126454 0.00681956 0.0484034 9.9991E-05
0.218988 0.544375 0.0933032 9.9991E-05 0.10053 0.0427034
0.63959 0.19685 0.149993 0.0133682 9.9982E-05 9.9982E-05
0.121538 0.571816 0.114103 0.0852704 9.9991E-05 0.107173
0.0877784 0.439144 0.157607 0.0318449 0.249566 0.0340595
0.0951053 0.42208 0.175531 0.172811 9.9991E-05 0.134373
0.211341 0.489279 0.124671 0.072679 0.10193 9.9991E-05
0.501283 9.9973E-05 0.289822 0.208596 9.9973E-05 9.9973E-05
0.585727 9.9973E-05 0.310339 0.103635 9.9973E-05 9.9973E-05
0.329414 0.330532 0.147643 0.101209 0.0911026 9.9991E-05
0.44921 0.0431378 0.306061 0.201391 9.9982E-05 9.9982E-05
0.333441 9.9973E-05 0.432749 0.23351 9.9973E-05 9.9973E-05
0.327553 0.388739 0.133311 0.150197 9.9982E-05 9.9982E-05
0.22045 0.403054 0.249386 0.12691 9.9982E-05 9.9982E-05
0.31971 0.186188 0.310905 0.155658 0.0117169 0.0158223
0.468941 0.0564865 0.293822 0.180551 9.9982E-05 9.9982E-05
0.181155 0.46686 0.0603184 0.178888 0.0408991 0.0718798
0.45157 0.16138 0.22855 0.0833626 9.9991E-05 0.0750373
0.51323 9.9973E-05 0.426051 0.0604189 9.9973E-05 9.9973E-05
0.129148 0.390067 0.121493 0.207207 0.106464 0.0456215
0.198947 0.435988 0.165407 0.158311 9.9991E-05 0.0412466
0.0567109 0.425435 0.269941 0.180426 9.9991E-05 0.0673877
9.9973E-05 0.552573 0.150951 0.296176 9.9973E-05 9.9973E-05
0.0496484 0.490128 0.150157 0.18057 0.0619426 0.0675542
0.0512046 0.417362 0.0846626 0.304191 9.9991E-05 0.14248
0.0201639 0.43368 0.410798 0.135158 9.9982E-05 9.9982E-05
0.0132876 0.556465 0.247079 0.124364 0.00555369 0.0532505
9.9991E-05 0.395137 0.234073 0.296956 0.00507615 0.0686575
0.146203 0.295511 0.225548 0.214527 0.0623202 0.0558911
9.9991E-05 0.277278 0.173463 0.124607 0.0967703 0.327782
0.098801 0.533306 0.214015 0.0923933 0.0344136 0.0270707
9.9991E-05 0.520651 0.146657 0.169911 0.0349181 0.127764
0.0995581 0.531506 0.122074 0.137416 9.9991E-05 0.109345
0.0856523 0.285875 0.317039 0.311234 9.9982E-05 9.9982E-05
0.0403755 0.451594 0.185002 0.163105 0.159823 9.9991E-05
0.270414 0.166849 0.379543 0.182994 9.9982E-05 9.9982E-05
0.0126357 0.518226 0.175584 0.165539 0.0955492 0.0324664
0.212691 0.195614 0.288262 0.303232 9.9982E-05 9.9982E-05
0.000926221 9.9982E-05 0.776574 9.9982E-05 0.120563 0.101738
0.0220416 0.127951 0.0627387 9.9991E-05 0.738052 0.0491172
9.996E-05 9.996E-05 9.996E-05 9.996E-05 0.9995 9.996E-05
9.996E-05 9.996E-05 9.996E-05 9.996E-05 0.9995 9.996E-05
9.9964E-05 0.0646752 9.9964E-05 9.9964E-05 0.934925 9.9964E-05
9.9964E-05 9.9964E-05 9.9964E-05 0.066721 0.932879 9.9964E-05
9.9964E-05 0.0798555 9.9964E-05 9.9964E-05 0.919745 9.9964E-05
9.9964E-05 9.9964E-05 0.0392171 9.9964E-05 0.960383 9.9964E-05
9.9973E-05 9.9973E-05 0.170657 0.0207036 0.80834 9.9973E-05
9.9982E-05 9.9982E-05 0.89327 0.0138176 0.0678976 0.0248146
9.9982E-05 0.0287126 0.781058 0.0220037 0.168026 9.9982E-05
9.9991E-05 0.0328824 0.861943 0.0510327 0.0291042 0.0249374
0.0552489 0.0547926 0.763312 9.9982E-05 0.126447 9.9982E-05
9.9973E-05 9.9973E-05 0.883894 0.0685324 9.9973E-05 0.0472739
0.0655137 9.9973E-05 0.891127 9.9973E-05 0.0430591 9.9973E-05
9.9982E-05 0.0843062 0.713698 0.120361 0.0814352 9.9982E-05
0.0428019 0.040751 0.848976 0.0438413 0.0235295 9.9991E-05
9.9991E-05 0.0842495 0.756818 0.00481798 0.126375 0.0276402
9.9982E-05 0.0360857 0.91172 0.0490523 9.9982E-05 0.00294173
9.9964E-05 9.9964E-05 0.964847 9.9964E-05 0.0347536 9.9964E-05
0.0333978 0.109613 0.845281 9.9982E-05 0.0115085 9.9982E-05
0.00113774 0.037096 0.961349 9.9982E-05 0.000217819 9.9982E-05
0.0161101 0.0914958 0.892094 9.9973E-05 9.9973E-05 9.9973E-05
9.9991E-05 0.068694 0.860272 0.0541486 0.00374667 0.0130392
9.9964E-05 0.145901 0.853699 9.9964E-05 9.9964E-05 9.9964E-05
9.9973E-05 0.111119 0.7297 0.158881 9.9973E-05 9.9973E-05
9.9973E-05 0.143471 0.758625 0.0976034 9.9973E-05 9.9973E-05
9.9973E-05 0.125685 0.847595 0.02642 9.9973E-05 9.9973E-05
0.221567 0.479256 0.164488 9.9982E-05 0.134489 9.9982E-05
0.0177128 0.69324 0.0953484 9.9991E-05 0.0774452 0.116154
0.106607 0.602478 0.176045 0.0126063 9.9991E-05 0.102164
0.708763 0.173372 0.0619317 0.0143433 0.0216342 0.0199563
0.159398 0.580522 0.128551 9.9982E-05 0.131329 9.9982E-05
0.688355 0.166149 0.145196 9.9973E-05 9.9973E-05 9.9973E-05
0.267164 0.654456 0.0675154 0.0106647 9.9982E-05 9.9982E-05
0.210065 0.487615 0.105521 9.9991E-05 0.135153 0.0615456
0.263977 0.504241 0.0631468 9.9991E-05 0.0698836 0.0986518
9.9991E-05 0.450662 0.0461117 0.0459681 0.0554164 0.401742
0.252994 0.488584 0.0707941 9.9991E-05 0.144627 0.0429006
0.210922 0.614554 0.132278 9.9982E-05 0.0420458 9.9982E-05
0.122759 0.636044 0.0993761 9.9991E-05 0.141607 0.000113978
0.233255 0.00146456 9.9991E-05 0.0789872 0.466427 0.219767
0.867626 9.9973E-05 0.0225718 9.9973E-05 0.109503 9.9973E-05
0.73555 0.182607 0.0306886 9.9982E-05 0.0509538 9.9982E-05
0.165538 0.676075 0.0440857 0.0433102 0.0708919 9.9991E-05
0.293375 0.540896 0.112207 9.9982E-05 0.0533227 9.9982E-05
0.250668 0.571085 0.177948 9.9973E-05 9.9973E-05 9.9973E-05
0.0619677 0.624772 0.0761235 0.0674497 0.0103183 0.159368
0.0466352 0.521369 0.21979 0.145104 0.0200157 0.047086
0.106626 0.581038 0.15695 0.141531 0.0137545 9.9991E-05
0.108896 0.149083 0.411331 0.146326 0.132148 0.0522154
9.9991E-05 0.585006 0.152853 0.0317183 0.118968 0.111354
0.0130577 0.433862 0.234414 0.098595 0.139621 0.0804498
0.424489 9.9982E-05 0.36586 0.201173 0.00827769 9.9982E-05
0.194037 0.328846 0.267182 0.204424 9.9991E-05 0.00541069
9.9991E-05 0.369649 0.392373 0.0887648 0.0867275 0.0623861
9.9982E-05 0.49771 0.341255 0.0549781 0.105857 9.9982E-05
0.0689894 0.354768 0.0754301 0.301736 0.144791 0.0542851
0.133812 0.514264 0.145228 0.176554 9.9991E-05 0.0300407
0.117613 0.54527 0.179108 0.157809 9.9982E-05 9.9982E-05
0.190144 0.341003 0.160437 0.169864 0.0390947 0.0994571
9.9982E-05 0.296342 0.498714 0.12579 9.9982E-05 0.0789532
