9.9973E-05 9.9973E-05 0.0549003 0.909157 9.9973E-05 0.0356424
0.0463765 9.9982E-05 0.0173376 0.918218 0.0178681 9.9982E-05
0.0159486 0.0889188 0.0181204 0.832967 9.9991E-05 0.0439453
0.00174285 9.9982E-05 0.106656 0.773365 9.9982E-05 0.118036
9.9982E-05 0.0803364 0.0031575 0.869121 9.9982E-05 0.0471852
0.0622239 9.9991E-05 0.0800563 0.611345 0.143322 0.102953
0.0100952 9.9982E-05 0.042663 0.822435 0.124606 9.9982E-05
0.00454742 9.9991E-05 0.129644 0.719573 0.11386 0.0322757
0.00917906 9.9982E-05 0.0844834 0.833589 0.0725483 9.9982E-05
9.9982E-05 0.0799759 9.9982E-05 0.706024 0.120753 0.0930471
9.9982E-05 0.0303973 0.178171 0.716224 0.0750076 9.9982E-05
0.259555 0.184869 0.420152 9.9982E-05 9.9982E-05 0.135223
9.999E-05 0.554014 0.300184 0.024199 0.0408617 0.080641
0.229142 0.160007 0.413954 0.0313544 0.0681548 0.0973888
0.164569 0.261744 0.348103 9.9982E-05 9.9982E-05 0.225384
0.178447 0.331596 0.195953 0.1046 0.0233077 0.166096
0.0161568 0.61677 0.111498 0.11323 0.0199455 0.122399
0.197216 0.39475 0.226441 0.0220546 0.0443855 0.115153
0.180128 0.305252 0.311999 0.14113 9.9991E-05 0.0613901
0.119823 9.9982E-05 0.615464 9.9982E-05 0.12993 0.134584
0.169793 0.421821 0.258229 0.0048779 0.0325483 0.112731
0.109018 0.439401 0.276169 0.0327813 0.0985629 0.0440676
0.0371232 0.600218 0.204963 0.0556043 0.0772203 0.0248706
0.257253 0.258917 0.261115 0.0731986 0.035669 0.113847
0.0174613 0.575388 0.116604 0.0390029 0.0999442 0.151599
0.0609523 0.607792 0.145915 0.0841765 0.0412147 0.05995
0.184075 0.176683 0.486383 0.0343062 9.9991E-05 0.118453
0.181539 0.124481 0.410452 0.0392957 0.00212318 0.24211
0.200254 0.202068 0.41125 0.0063098 0.158246 0.0218729
9.9973E-05 0.131222 9.9973E-05 0.840897 9.9973E-05 0.0275809
9.9964E-05 0.157122 9.9964E-05 0.842479 9.9964E-05 9.9964E-05
0.0319729 0.14598 9.9982E-05 0.777789 9.9982E-05 0.0440585
0.0509164 0.143153 9.9982E-05 0.777411 9.9982E-05 0.028319
0.28079 0.540211 0.0593233 0.0722416 0.0473339 9.9991E-05
0.38522 0.447707 9.9982E-05 0.101743 9.9982E-05 0.0651309
0.463002 0.518535 9.9982E-05 9.9982E-05 0.00475965 0.0135039
0.168843 0.185448 0.505353 0.118362 0.0218953 9.99986E-05
0.586502 0.29787 0.0379527 0.00499568 0.0166781 0.0560012
0.22478 0.461121 0.172136 0.109376 9.9991E-05 0.0324879
0.196203 0.67509 9.9991E-05 0.026228 0.0704052 0.0319746
0.15361 0.582115 0.0346351 0.129578 0.0639043 0.0361578
0.117571 0.664853 0.038297 0.122524 0.0515922 0.00516296
0.675741 0.124967 0.108834 0.0641061 0.0262515 9.9991E-05
0.0915827 0.667036 0.0396923 0.0388587 0.0981812 0.0646495
0.337621 0.477475 9.9991E-05 0.0174698 0.0436973 0.123636
0.149688 0.669548 0.0151666 0.110366 9.9991E-05 0.055131
0.651776 0.284433 9.9982E-05 0.0173148 0.0462764 9.9982E-05
0.272122 0.558498 0.00461159 0.0587588 9.9991E-05 0.105909
0.310877 0.376417 0.0145523 0.0556969 0.102838 0.13962
0.648321 9.9973E-05 9.9973E-05 0.0562234 0.295156 9.9973E-05
0.260342 0.173082 0.455552 9.9982E-05 0.110824 9.9982E-05
0.262778 0.0369307 0.207113 9.9991E-05 0.407651 0.0854271
0.0658926 0.515226 0.24893 9.9991E-05 0.0750064 0.0948443
9.9991E-05 0.659218 0.0452616 0.0960698 0.158371 0.0409802
0.147177 0.467001 0.157215 0.0394839 0.0457272 0.143396
0.266212 0.191221 0.28136 0.128786 0.132321 9.9991E-05
0.0616851 0.625553 0.251929 0.030082 0.0267342 0.00401679
0.0557954 0.496421 0.176978 0.0261205 0.134016 0.110669
0.2182 0.345439 0.201388 0.145775 0.060712 0.0284862
0.193056 0.0501567 0.35863 0.18201 0.154189 0.0619586
0.0952808 0.541441 0.145693 0.0377317 0.135565 0.0442887
0.0310761 0.536186 0.243781 0.0583937 0.130463 9.9991E-05
0.254834 0.0518306 0.489826 0.0377837 0.165626 9.9991E-05
0.0754763 0.597314 0.235137 9.9991E-05 0.0766662 0.0153066
0.0836102 0.592313 0.118695 9.9991E-05 0.101791 0.10349
0.0570817 0.613746 0.132964 0.059489 0.0698755 0.0668438
0.168191 0.259132 0.319905 0.0145161 0.183551 0.0547055
0.141534 0.4963 0.182371 0.0587354 0.0569513 0.0641081
0.0631063 0.53043 0.255287 0.00980627 0.0521825 0.0891883
0.162609 0.274323 0.347825 0.0238276 0.191316 9.9991E-05
0.422973 0.525031 0.0516962 9.9973E-05 9.9973E-05 9.9973E-05
0.748429 0.139389 0.0614383 0.0505432 9.9982E-05 9.9982E-05
0.264387 0.529837 9.9991E-05 0.10093 0.0650863 0.0396593
0.854518 9.9964E-05 9.9964E-05 9.9964E-05 0.145082 9.9964E-05
0.87277 9.9964E-05 9.9964E-05 9.9964E-05 0.12683 9.9964E-05
0.778475 0.221125 9.9964E-05 9.9964E-05 9.9964E-05 9.9964E-05
0.488871 0.45125 0.0595791 9.9973E-05 9.9973E-05 9.9973E-05
0.138442 0.56967 0.0293823 0.156515 0.0855161 0.020475
0.412834 0.415827 9.9991E-05 0.00579618 0.0950365 0.0704071
0.754125 0.0420758 0.0793472 0.0444042 9.9991E-05 0.0799482
0.562682 0.141001 0.218478 0.0525309 9.9991E-05 0.0252075
0.224013 0.513502 0.101263 0.0404791 0.0128051 0.107938
0.664311 0.199185 0.0176465 0.0553302 9.9991E-05 0.0634278
0.473667 0.407891 0.0661359 0.0494554 9.9991E-05 0.00275105
0.501613 0.429114 9.9973E-05 9.9973E-05 0.0689729 9.9973E-05
0.734081 9.9973E-05 9.9973E-05 9.9973E-05 0.264856 0.000762638
0.274429 0.574715 0.0932733 9.9991E-05 0.0110991 0.0463837
0.0484838 0.0705844 0.0415658 0.805419 9.9991E-05 0.0338473
9.9964E-05 0.0825762 9.9964E-05 0.917024 9.9964E-05 9.9964E-05
9.9982E-05 0.106113 0.00944165 0.861084 9.9982E-05 0.0231609
9.9973E-05 0.0471591 9.9973E-05 0.934746 0.0177954 9.9973E-05
9.9973E-05 0.101414 9.9973E-05 0.88039 0.0178955 9.9973E-05
9.9973E-05 0.0936683 0.00381803 0.902214 9.9973E-05 9.9973E-05
9.9964E-05 0.065529 9.9964E-05 0.934071 9.9964E-05 9.9964E-05
0.336647 0.44519 0.0297641 0.0689918 0.022769 0.096639
0.159481 0.571023 0.117651 0.109933 9.9991E-05 0.0418118
0.851853 9.9982E-05 0.0653595 0.038402 0.0441851 9.9982E-05
0.115516 0.569621 0.0698331 0.136973 0.0666501 0.0414059
0.507961 0.395092 0.0268325 0.0699146 9.9982E-05 9.9982E-05
0.337199 0.5971 9.9973E-05 0.0654008 9.9973E-05 9.9973E-05
0.338865 0.531 0.03065 0.0158388 0.0595714 0.0240753
0.529099 0.343415 9.9973E-05 9.9973E-05 9.9973E-05 0.127186
0.757098 9.9973E-05 0.191485 0.0511173 9.9973E-05 9.9973E-05
0.254898 0.536894 0.086674 0.0776263 9.9991E-05 0.0438075
0.14555 0.658579 0.0771284 0.00864284 0.0591671 0.0509324
0.110016 0.586699 0.0623972 0.0599241 0.0686425 0.112322
0.591111 0.254321 9.9982E-05 0.0333995 0.120968 9.9982E-05
0.424838 0.456667 9.9982E-05 9.9982E-05 0.0475349 0.0707597
0.356915 0.493403 0.08663 0.0380666 0.0248855 9.9991E-05
0.622641 0.314994 9.9973E-05 9.9973E-05 9.9973E-05 0.0620653
0.440782 0.454135 0.101883 0.00300034 9.9982E-05 9.9982E-05
0.151286 0.5503 0.0582154 0.157101 0.0486478 0.0344492
0.0534231 0.26332 0.352709 0.0507087 0.256512 0.0233268
0.111303 0.372709 0.290419 0.119942 0.0413333 0.0642933
0.125997 0.568046 0.0889452 0.10836 9.9991E-05 0.108552
0.147382 0.578124 0.0968597 0.0757619 0.0240744 0.0777972
0.0357023 0.533643 0.278726 0.0351018 0.116727 9.9991E-05
9.9991E-05 0.597073 0.242964 0.01859 0.0677996 0.073473
0.0489681 0.489304 0.417195 0.0401951 9.9991E-05 0.00423826
0.0540318 0.594846 0.153389 0.0940463 0.103587 9.9991E-05
0.0145498 0.603327 0.147128 0.0940928 0.140803 9.9991E-05
0.183253 0.60397 0.119253 0.0280178 0.00672059 0.0587862
0.124071 0.512299 0.351166 9.9982E-05 9.9982E-05 0.0122641
0.0261308 0.628932 0.214673 0.0228422 0.0965934 0.0108291
0.137575 0.501241 0.131198 0.133787 0.00595286 0.0902455
0.163855 0.55975 0.185765 9.9982E-05 9.9982E-05 0.0904302
9.9991E-05 0.560031 0.10272 0.0609752 0.180843 0.0953311
0.000850545 0.552109 0.191896 9.9991E-05 0.115869 0.139175
9.9991E-05 0.411179 0.309447 0.0169133 0.219212 0.0431485
9.9973E-05 0.673957 0.196959 9.9973E-05 9.9973E-05 0.128784
9.9982E-05 0.752641 0.116581 0.0692012 0.0613769 9.9982E-05
0.302149 0.206516 0.32721 0.014742 0.0854544 0.0639284
0.0863096 0.210152 0.265697 9.9991E-05 0.383906 0.0538344
0.16253 0.434249 0.218874 0.0159033 0.0270217 0.141422
0.261105 0.0819567 0.295377 9.9991E-05 0.284475 0.0769868
0.223142 0.254077 0.390005 0.0656529 0.0670235 9.9991E-05
0.10385 0.485716 0.293485 9.9982E-05 0.116749 9.9982E-05
0.235899 0.296635 0.382023 0.0244116 0.0609314 9.9991E-05
0.172385 0.323198 0.46724 0.00392614 0.033151 9.9991E-05
0.00909937 0.661841 0.171766 0.109515 0.0476789 9.9991E-05
0.0894633 0.508605 0.0512581 0.104702 0.121952 0.124019
0.045935 0.591297 0.215464 0.0540318 0.05504 0.0382319
0.221477 0.143978 0.268811 9.9991E-05 0.295009 0.0706261
0.180965 0.559229 0.0267397 0.160105 0.05183 0.0211312
0.0736031 0.524432 0.0396239 0.0205864 0.266712 0.0750428
0.0512671 0.0442124 0.16165 0.105589 0.637182 9.9991E-05
0.100474 0.623744 9.9991E-05 0.126264 0.095971 0.0534467
0.186815 0.372834 0.0593463 0.0768234 0.285063 0.019119
0.122428 0.542732 0.076339 0.0582194 0.121116 0.0791647
0.0335097 0.284327 0.137843 0.124474 0.419746 9.9991E-05
0.0616801 0.21262 0.164476 0.0534514 0.507672 9.9991E-05
0.0557287 0.495552 0.129966 0.0274869 0.291166 9.9991E-05
0.0341156 0.480174 0.0802916 0.0823731 0.235052 0.0879939
0.137079 0.345102 0.108575 0.100161 0.210305 0.0987778
0.260451 9.9991E-05 0.140338 0.0588607 0.370648 0.169603
0.0756819 0.561032 0.104521 0.0447306 0.110279 0.103755
0.220523 0.380496 0.04458 9.9982E-05 0.354201 9.9982E-05
0.104031 0.515396 0.12363 9.9982E-05 0.256743 9.9982E-05
0.151296 0.488478 0.0943823 0.0683156 0.114775 0.0827522
9.9982E-05 0.112177 9.9982E-05 0.300956 0.295664 0.291003
9.9973E-05 9.9973E-05 9.9973E-05 0.528515 0.324242 0.146943
9.9973E-05 9.9973E-05 9.9973E-05 0.487341 0.387978 0.12438
9.9982E-05 0.133505 9.9982E-05 0.385184 0.184141 0.29697
0.1132 0.624352 9.9991E-05 0.0304323 0.226111 0.0058049
0.144671 0.591349 0.0248145 0.0784787 0.0870901 0.0735972
9.9964E-05 0.263604 9.9964E-05 9.9964E-05 9.9964E-05 0.735996
0.135176 0.331597 0.0456262 0.0452009 9.9991E-05 0.4423
0.0710682 0.30773 0.027537 0.0534479 0.0671736 0.473043
0.0719671 0.377145 0.0421039 9.9982E-05 0.508584 9.9982E-05
0.0637572 0.561098 0.0750756 0.0893963 0.164294 0.0463788
0.030876 0.32067 0.0472285 9.9982E-05 0.601025 9.9982E-05
0.0291748 0.632417 9.9973E-05 9.9973E-05 0.338108 9.9973E-05
0.181787 0.462535 0.0593824 0.00824213 0.287953 9.9991E-05
0.0202954 0.617455 0.0952251 9.9991E-05 0.251172 0.0157519
0.132771 0.277798 0.0225105 9.9982E-05 0.566721 9.9982E-05
0.0446558 0.650244 9.9991E-05 0.127385 0.136679 0.0409367
0.13097 0.528867 0.0553467 0.0633762 0.178457 0.0429833
0.00458075 9.9973E-05 9.9973E-05 9.9973E-05 0.00997411 0.985145
9.9973E-05 0.0789237 0.0267072 9.9973E-05 9.9973E-05 0.894069
0.0274856 0.237958 0.123257 9.9982E-05 9.9982E-05 0.611099
0.0165255 0.314651 0.00802289 9.9982E-05 9.9982E-05 0.660601
0.0269709 0.195351 9.9982E-05 0.0131295 9.9982E-05 0.764349
9.996E-05 9.996E-05 9.996E-05 9.996E-05 9.996E-05 0.9995
9.9973E-05 9.9973E-05 0.0477904 0.0128159 9.9973E-05 0.939094
0.0102771 0.109835 9.9982E-05 9.9982E-05 0.0333662 0.846322
9.9973E-05 0.0124249 0.023446 9.9973E-05 9.9973E-05 0.963829
9.996E-05 9.996E-05 9.996E-05 9.996E-05 9.996E-05 0.9995
9.996E-05 9.996E-05 9.996E-05 9.996E-05 9.996E-05 0.9995
9.9982E-05 0.231369 0.00663946 0.0955428 9.9982E-05 0.666249
9.9973E-05 0.103293 9.9973E-05 0.0780546 9.9973E-05 0.818353
0.0434793 9.9964E-05 9.9964E-05 9.9964E-05 9.9964E-05 0.956121
0.161657 0.345999 0.0323341 0.0437085 0.0035734 0.412728
0.0122818 0.15255 0.0953568 0.068419 9.9991E-05 0.671292
0.0555886 0.136582 0.0221488 0.0227876 9.9991E-05 0.762793
9.99777E-05 0.038138 9.99777E-05 0.023466 9.99777E-05 0.938096
9.9964E-05 0.0261078 9.9964E-05 9.9964E-05 9.9964E-05 0.973492
9.9964E-05 0.0839503 9.9964E-05 9.9964E-05 9.9964E-05 0.91565
9.996E-05 9.996E-05 9.996E-05 9.996E-05 9.996E-05 0.9995
9.9991E-05 0.13875 0.0797951 0.0398857 0.0679817 0.673488
0.0387361 9.9973E-05 9.9973E-05 0.0435001 9.9973E-05 0.917464
9.9973E-05 9.9973E-05 9.9973E-05 0.331667 0.612361 0.0556718
0.0073433 0.418407 0.185733 0.202761 0.115708 0.0700471
0.0147735 0.443354 0.0435054 0.255569 0.184034 0.0587647
9.9991E-05 0.23088 0.00680966 0.225562 0.459335 0.0773131
0.00649217 0.443798 9.9991E-05 0.155649 0.263896 0.130066
0.00513599 0.202496 9.9991E-05 0.266044 0.438359 0.087866
0.240271 0.307129 0.050179 0.146048 0.125562 0.130811
0.00117257 0.379228 9.9991E-05 0.125273 0.335418 0.158808
0.0542893 0.42513 0.0799188 0.104994 0.179074 0.156594
9.9982E-05 0.342016 9.9982E-05 0.126868 0.317947 0.212969
9.9991E-05 0.480838 0.028486 0.158747 0.278693 0.0531352
0.0406205 0.0102723 0.0808701 0.820718 0.0474189 9.9991E-05
9.9982E-05 9.9982E-05 0.0281341 0.920771 0.00693199 0.0439634
9.9982E-05 0.00393925 0.0328202 0.952335 0.0107057 9.9982E-05
9.9973E-05 0.0285789 0.0523685 0.918753 9.9973E-05 9.9973E-05
9.9973E-05 0.0332565 0.0720282 0.894415 9.9973E-05 9.9973E-05
9.9973E-05 9.9973E-05 9.9973E-05 0.884491 0.0387136 0.0764957
9.9982E-05 0.0566213 0.0118135 0.873393 9.9982E-05 0.0579722
0.0581198 9.9973E-05 9.9973E-05 0.894606 0.046974 9.9973E-05
0.00102113 0.0571643 9.9982E-05 0.926468 9.9982E-05 0.0151463
9.9991E-05 0.0245958 0.0365713 0.830127 0.0462436 0.0623624
0.133397 9.9973E-05 0.245542 0.620761 9.9973E-05 9.9973E-05
0.0824053 9.9982E-05 0.292535 0.607792 9.9982E-05 0.0170675
0.0438471 9.9982E-05 0.294499 0.55346 0.107993 9.9982E-05
0.112857 9.9982E-05 0.367754 0.512074 0.0071146 9.9982E-05
0.235282 0.433167 0.184431 0.0533366 0.0936834 9.9991E-05
0.332226 0.535812 0.0639134 0.0218612 0.0114409 0.0347464
0.194349 0.513022 0.174917 0.00659846 0.0557281 0.0553848
0.196797 0.471334 0.263784 9.9982E-05 0.0678851 9.9982E-05
0.233861 0.122615 0.589251 9.9982E-05 9.9982E-05 0.054072
0.257194 0.563566 0.0233626 0.0306577 9.9991E-05 0.12512
0.254974 0.58039 0.114447 9.9991E-05 0.0188995 0.03119
0.349154 0.50301 0.0205334 9.9991E-05 0.120472 0.00673075
0.495352 0.36998 9.9982E-05 9.9982E-05 0.085917 0.048551
0.20652 0.617549 0.0247461 0.0636783 0.0874061 9.9991E-05
0.455919 0.365069 0.17445 0.00436166 9.9982E-05 9.9982E-05
0.737223 9.9973E-05 0.0839891 9.9973E-05 0.178488 9.9973E-05
0.151244 0.52549 0.24104 0.0555017 9.9991E-05 0.026624
0.384497 0.246373 0.0320092 0.0134362 0.307124 0.0165608
0.434439 0.52205 0.0328339 9.9982E-05 0.0104771 9.9982E-05
0.696828 0.0518478 0.203886 0.0472387 9.9982E-05 9.9982E-05
9.9973E-05 9.9973E-05 0.730975 0.13195 0.136776 9.9973E-05
9.9982E-05 0.0156373 0.715412 0.0600616 0.208689 9.9982E-05
9.9973E-05 9.9973E-05 0.84537 0.0220452 0.132285 9.9973E-05
0.019276 9.9982E-05 0.810221 0.122907 0.0473969 9.9982E-05
9.9982E-05 0.0399835 0.815748 9.9982E-05 0.123106 0.0209625
9.9991E-05 0.0413428 0.774048 0.0294167 0.0996353 0.0554571
0.00462564 0.10283 9.9982E-05 0.84796 9.9982E-05 0.0443847
9.9982E-05 0.110295 0.0217758 0.827842 9.9982E-05 0.0398867
9.9982E-05 0.104169 0.03041 0.755175 9.9982E-05 0.110046
9.9982E-05 0.0231776 0.0759829 0.764886 9.9982E-05 0.135754
9.9982E-05 0.0632392 0.0741098 0.773842 9.9982E-05 0.0886092
0.00786952 9.9982E-05 0.581022 0.395718 0.0151901 9.9982E-05
0.0612297 9.9982E-05 0.396533 0.461868 0.0801692 9.9982E-05
0.157527 9.9973E-05 0.419826 0.422347 9.9973E-05 9.9973E-05
9.9973E-05 0.147801 0.0209777 0.830922 9.9973E-05 9.9973E-05
0.0726486 9.9982E-05 0.495335 0.380345 0.0514718 9.9982E-05
9.9982E-05 0.211583 9.9982E-05 0.221607 0.142694 0.423917
0.112483 0.550237 0.00297649 0.107079 9.9991E-05 0.227124
9.9982E-05 0.562881 0.00359367 0.173987 9.9982E-05 0.259338
9.9991E-05 0.307492 0.0274306 0.235773 0.161989 0.267215
0.14716 0.408747 0.0336184 0.109835 0.0516578 0.248982
9.9973E-05 9.9973E-05 9.9973E-05 0.435798 0.247552 0.31635
0.0722763 0.467601 0.327799 9.9982E-05 0.132124 9.9982E-05
0.119768 0.390173 0.223147 0.0180991 0.248713 9.9991E-05
0.0359861 0.342867 0.532336 0.0637999 0.024911 9.9991E-05
0.179903 0.503973 0.131499 9.9991E-05 0.165494 0.0190315
0.242378 9.9973E-05 0.186346 9.9973E-05 0.570975 9.9973E-05
0.0130542 0.672316 0.0864173 0.102909 0.125204 9.9991E-05
0.0864732 0.500013 0.237903 0.0462647 0.127928 0.00141749
0.107213 0.378383 0.390836 0.0526582 0.0708104 9.9991E-05
0.114094 0.529967 0.202583 0.0912767 0.0455186 0.0165605
0.180135 0.150695 0.281202 9.9982E-05 0.387768 9.9982E-05
0.0567619 0.5039 0.121185 0.0516631 0.242292 0.0241992
0.154561 0.425144 0.274958 9.9991E-05 0.0966716 0.048566
0.127341 0.372 0.103215 0.126668 0.0533077 0.217467
0.0492666 0.435171 0.250837 9.9982E-05 0.264525 9.9982E-05
0.161921 0.437331 0.23026 9.9991E-05 0.120108 0.0502804
0.126064 0.490095 0.149143 9.9991E-05 0.134627 0.0999712
0.153518 0.591961 0.21221 9.9982E-05 0.0421109 9.9982E-05
0.132993 0.610113 0.103953 0.0496566 0.0356415 0.0676433
0.20081 0.572351 0.0998263 0.101328 0.0255848 9.9991E-05
9.9982E-05 0.548387 0.240861 9.9982E-05 0.089664 0.120888
9.9973E-05 0.101055 9.9973E-05 0.793887 9.9973E-05 0.104759
0.0136601 0.0808985 9.9982E-05 0.855371 9.9982E-05 0.0498704
0.0845176 0.0358321 0.0161769 0.809982 0.0533917 9.9991E-05
0.0728377 9.9991E-05 0.0360601 0.822601 0.000695765 0.0677057
9.9982E-05 0.144101 9.9982E-05 0.823179 0.00477398 0.0277462
0.186376 0.11909 0.593132 9.9991E-05 0.010894 0.0904079
0.159948 0.49474 0.156873 0.0262559 0.0678978 0.0942857
9.9982E-05 0.495979 9.9982E-05 0.173316 0.190153 0.140353
0.0144162 0.662243 0.146349 0.0462608 0.104073 0.0266587
0.221366 0.493606 0.187005 0.0978223 9.9982E-05 9.9982E-05
9.9982E-05 0.332864 0.354634 9.9982E-05 0.273311 0.0389911
0.154716 0.0213094 0.557037 0.139961 0.126877 9.9991E-05
0.0540498 0.541897 0.299689 0.0139442 9.9991E-05 0.0903203
0.105954 0.169253 0.509543 0.0724364 0.0764961 0.0663175
0.22265 0.326644 0.220426 0.0359456 0.0607533 0.133581
0.134778 0.081449 0.530994 0.13567 0.0819187 0.0351901
0.0405105 0.465559 0.267055 0.0401545 0.00975681 0.176964
0.229489 0.152856 0.460816 0.10472 0.0342276 0.0178911
0.118553 0.353164 0.295623 0.0722042 0.106249 0.0542063
0.0668265 0.52838 0.0760268 9.9991E-05 0.227614 0.101052
9.9982E-05 0.372521 0.107407 0.0115748 0.508297 9.9982E-05
0.0738213 0.609268 9.9973E-05 9.9973E-05 0.316611 9.9973E-05
0.109719 0.588123 9.9991E-05 0.115147 0.0983131 0.0885981
9.9973E-05 0.402471 0.119896 9.9973E-05 0.477333 9.9973E-05
0.013591 0.613872 0.0846473 0.078731 0.153251 0.0559079
0.0716899 0.559922 9.9982E-05 0.0774913 0.290697 9.9982E-05
0.113253 0.138356 0.143811 9.9982E-05 0.60438 9.9982E-05
0.00768778 0.323018 9.9973E-05 9.9973E-05 0.668994 9.9973E-05
0.0650094 0.571205 0.0732726 9.9982E-05 0.290313 9.9982E-05
0.175833 0.136092 0.116952 9.9982E-05 0.570923 9.9982E-05
0.0621292 0.525249 0.174 9.9982E-05 0.238422 9.9982E-05
0.144894 0.138337 0.627687 9.9991E-05 0.0197385 0.069244
0.0972947 0.296675 0.330364 9.9982E-05 0.275466 9.9982E-05
0.196291 0.35925 0.330814 0.0320351 9.9991E-05 0.0815103
0.105353 0.591243 0.160755 9.9991E-05 0.0328672 0.109681
0.239015 0.24775 0.468402 9.9991E-05 0.0366147 0.00811903
0.0117786 0.576285 0.214438 0.0689211 0.0477322 0.0808453
0.062294 0.552724 0.233159 9.9982E-05 9.9982E-05 0.151623
0.0562696 0.570143 0.316004 0.0146906 9.9991E-05 0.0427935
0.203562 0.389101 0.217113 9.9991E-05 0.0380624 0.152061
0.154818 0.386958 0.376492 0.00643979 9.9991E-05 0.0751924
0.259997 0.209042 0.440914 9.9982E-05 9.9982E-05 0.089848
0.0510384 0.403083 0.424539 0.00293727 0.049513 0.0688898
0.0613973 0.635479 0.213347 9.9991E-05 0.0611809 0.0284959
0.0961027 0.693556 0.106332 0.0465912 0.0563826 0.00103577
0.0326808 0.447616 0.288827 9.9982E-05 0.230676 9.9982E-05
0.0565354 0.595723 0.225859 9.9991E-05 0.0624684 0.0593143
9.9991E-05 0.472633 0.427073 0.0447723 0.0512602 0.00416235
0.147362 0.492364 0.244604 9.9982E-05 9.9982E-05 0.11547
0.0895345 0.526926 0.265213 0.00325459 0.0216498 0.093423
9.9991E-05 0.526415 0.0994494 0.0820627 0.136035 0.155938
0.101769 0.378041 9.9991E-05 0.341518 0.0268022 0.15177
0.140157 0.3966 9.9991E-05 0.12332 0.0796665 0.260157
0.0635766 0.545324 0.00185375 0.175878 0.118162 0.0952058
0.143775 0.584655 0.0725069 0.0117136 0.054698 0.132652
0.0922833 0.443153 9.9982E-05 0.258403 9.9982E-05 0.205961
0.0691121 0.436821 0.22114 9.9991E-05 0.236512 0.036315
0.123565 0.530616 0.0852855 0.1173 9.9991E-05 0.143133
0.128021 0.0361005 0.00789517 0.240447 0.447197 0.14034
9.9982E-05 0.425834 0.193359 0.0611728 9.9982E-05 0.319435
0.112616 0.559612 0.0308829 0.108087 0.0347999 0.154002
0.0114141 0.504333 0.103961 0.0762381 0.0754222 0.228631
0.0624397 0.265458 0.0929021 0.16667 0.255563 0.156967
9.9982E-05 0.616482 9.9982E-05 0.192082 0.0946611 0.0965742
9.9982E-05 0.571942 9.9982E-05 0.186942 0.141451 0.0994648
9.9973E-05 9.9973E-05 9.9973E-05 0.440677 0.371558 0.187465
0.111825 0.412082 9.9991E-05 0.158068 0.0478375 0.270088
0.0718463 0.481932 0.00983032 0.172918 0.0521684 0.211305
0.107171 0.533199 0.0656837 0.0936067 0.00361523 0.196724
0.00900328 0.535193 0.00378213 0.223529 0.0112875 0.217205
0.198054 0.437366 0.00554772 0.171192 0.00800216 0.179838
0.284022 0.447631 0.0807404 9.9991E-05 0.173008 0.0144985
0.0228302 0.497906 0.138671 0.115081 0.189828 0.0356842
0.330921 0.039925 0.0974313 9.9991E-05 0.527303 0.00431944
0.253284 0.0327749 0.0536603 9.9982E-05 0.660081 9.9982E-05
0.311083 0.450912 0.0263393 0.0204576 0.0875452 0.103663
9.9991E-05 0.421385 0.0202607 0.148112 0.140669 0.269474
0.0112211 0.345935 9.9991E-05 0.073207 0.243044 0.326493
0.0973035 0.138552 9.9991E-05 0.212643 0.218256 0.333146
9.9982E-05 0.345136 9.9982E-05 0.162248 0.184736 0.30768
9.9982E-05 0.208201 9.9982E-05 0.0226111 0.698577 0.0704113
0.0348008 0.304324 9.9991E-05 0.0719873 0.544099 0.0446889
0.0629414 0.594922 9.9991E-05 0.00705044 0.186845 0.148142
0.161322 0.424902 9.9991E-05 0.0327243 0.245242 0.13571
0.0457343 0.305813 0.0263341 0.102284 0.457112 0.062722
0.0663142 0.49111 0.116348 0.025096 0.180932 0.120198
0.059286 0.608575 9.9982E-05 9.9982E-05 0.228804 0.103135
0.0575178 0.386206 0.123478 0.0930934 0.126805 0.2129
0.164302 0.315531 0.147609 9.9982E-05 0.372358 9.9982E-05
0.265785 0.408786 0.135676 9.9982E-05 0.189553 9.9982E-05
0.111567 0.57348 9.9991E-05 0.0327214 0.259485 0.0226466
0.0911699 0.44781 0.164319 0.0487993 0.229585 0.018317
9.9991E-05 0.407542 0.0828112 0.0405197 0.318808 0.150219
0.0238885 0.585279 0.00959869 9.9982E-05 0.381034 9.9982E-05
0.0916433 0.249402 0.122301 9.9982E-05 0.536454 9.9982E-05
0.198378 0.566996 9.9982E-05 9.9982E-05 0.231401 0.00302399
0.251046 0.282072 0.0571719 9.9982E-05 0.40951 9.9982E-05
0.0760744 0.506872 9.9973E-05 9.9973E-05 0.416754 9.9973E-05
0.15745 0.626486 0.0338307 0.0426605 0.11143 0.0281428
0.136558 0.537252 0.0823347 9.9991E-05 0.238357 0.00539813
9.9991E-05 0.573943 0.0269653 0.0939897 0.141214 0.163788
0.0466309 0.497677 0.0577998 0.0960795 0.155348 0.146466
0.0678647 0.351812 9.9991E-05 0.146736 0.15582 0.277667
9.9991E-05 0.23901 0.123416 0.170338 0.216049 0.251087
0.0567024 0.443934 0.175703 0.156648 9.9991E-05 0.166912
0.0666351 0.503671 0.0389415 0.140448 0.108285 0.14202
0.0741126 9.9991E-05 0.0286956 0.141115 0.597187 0.15879
9.9991E-05 0.643592 0.00455715 0.103225 0.107348 0.141178
9.9973E-05 9.9973E-05 9.9973E-05 0.342036 0.490474 0.16719
0.0682324 0.514303 9.9991E-05 0.074534 0.0980734 0.244757
0.404352 0.124261 9.9973E-05 9.9973E-05 0.471088 9.9973E-05
0.384974 9.9973E-05 0.061583 9.9973E-05 0.553143 9.9973E-05
0.204913 0.525417 0.00115744 9.9982E-05 0.268313 9.9982E-05
0.113103 0.680401 9.9982E-05 0.00102341 0.205273 9.9982E-05
0.158712 0.471371 0.0622341 9.9982E-05 0.307483 9.9982E-05
0.290959 0.471748 0.0523562 9.9991E-05 0.182437 0.0023998
0.107124 0.620692 9.9973E-05 9.9973E-05 0.271884 9.9973E-05
0.00918531 0.0988241 9.9991E-05 0.794437 0.0474986 0.049955
9.9982E-05 9.9982E-05 0.127998 0.727787 0.0462676 0.0977477
9.9973E-05 9.9973E-05 0.0826025 0.885741 9.9973E-05 0.0313568
9.9973E-05 0.0670768 9.9973E-05 0.928198 0.00442572 9.9973E-05
0.344488 0.524076 0.0958714 0.0184353 9.9991E-05 0.0170303
0.43746 0.395922 9.9982E-05 0.0842296 9.9982E-05 0.0821878
0.400151 0.561542 0.0302942 0.00781283 9.9982E-05 9.9982E-05
0.292553 0.557492 9.9982E-05 0.102127 9.9982E-05 0.0476276
0.128199 0.556763 0.0709966 0.0972842 0.0737871 0.0729701
0.638255 0.181521 0.0450219 0.070055 0.0650468 9.9991E-05
0.447443 0.48696 9.9973E-05 9.9973E-05 9.9973E-05 0.0652965
0.4838 0.310746 9.9973E-05 9.9973E-05 0.205154 9.9973E-05
9.9991E-05 0.496694 0.0195825 0.212105 0.0532276 0.218291
0.396457 0.370804 0.0530326 9.9991E-05 0.0906513 0.0889553
0.487501 0.347874 0.163054 0.00137022 9.9982E-05 9.9982E-05
0.431736 0.476113 9.9982E-05 9.9982E-05 0.0501923 0.0417584
0.514191 0.36432 0.0725554 0.048734 9.9982E-05 9.9982E-05
0.369619 0.466983 9.9982E-05 9.9982E-05 0.0889322 0.0742652
0.439746 0.490367 9.9982E-05 0.0657547 9.9982E-05 0.0039325
0.943244 0.0230595 9.9973E-05 9.9973E-05 0.0333966 9.9973E-05
0.598489 0.240173 0.015607 0.0112889 0.134342 9.9991E-05
0.621531 0.278602 0.0714026 9.9982E-05 0.0282645 9.9982E-05
0.777949 9.9964E-05 9.9964E-05 9.9964E-05 0.221651 9.9964E-05
0.382522 0.465649 0.0569836 0.0449816 0.049764 9.9991E-05
0.565349 0.10533 9.9982E-05 9.9982E-05 0.314393 0.0147278
0.722789 9.9964E-05 9.9964E-05 9.9964E-05 0.276811 9.9964E-05
0.33846 0.562573 9.9982E-05 0.0641629 9.9982E-05 0.0346046
0.678987 0.168408 0.129064 0.023341 9.9982E-05 9.9982E-05
0.505687 0.257101 0.0904565 9.9982E-05 9.9982E-05 0.146555
0.221149 0.638276 9.9982E-05 0.120272 9.9982E-05 0.0201034
0.312277 0.572016 0.0929119 0.0225955 9.9982E-05 9.9982E-05
0.161852 0.384438 0.243106 9.9991E-05 0.178041 0.0324625
0.420581 0.531153 0.00452417 0.0281441 9.9991E-05 0.0154984
0.369994 0.504079 0.0689053 0.055873 9.9991E-05 0.00104907
0.638232 0.303613 9.9982E-05 9.9982E-05 0.035411 0.0225438
0.252177 0.481214 0.123401 0.0251872 0.0345397 0.0834813
9.9982E-05 0.0297039 0.247922 0.650574 0.0715999 9.9982E-05
0.0707653 0.023405 0.0914268 0.771497 0.0117794 0.0311265
9.9973E-05 9.9973E-05 0.158911 0.823224 0.0175643 9.9973E-05
9.9973E-05 9.9973E-05 0.175038 0.789434 0.0352281 9.9973E-05
9.9982E-05 0.0406623 0.216139 0.717197 0.0258026 9.9982E-05
0.694105 0.0955639 0.163528 0.0292182 9.9991E-05 0.0174847
0.654509 0.0789831 0.10498 0.095587 0.0658406 9.9991E-05
0.810168 0.122779 9.9982E-05 9.9982E-05 0.05501 0.0118436
0.245003 0.546694 0.00739244 0.137094 0.00170196 0.0621143
0.192135 0.590068 9.9982E-05 0.168537 0.0490603 9.9982E-05
0.554561 0.285142 9.9982E-05 0.0383214 0.121776 9.9982E-05
0.371926 0.560427 9.9982E-05 0.0284471 9.9982E-05 0.0389994
0.56579 0.327059 9.9973E-05 9.9973E-05 9.9973E-05 0.106852
0.321742 0.448593 0.0515674 0.0618157 0.106564 0.00971796
0.342244 0.496007 0.0468089 0.0298764 9.9991E-05 0.0849631
0.586659 0.179689 0.178466 0.00165759 0.01296 0.0405678
0.616506 0.328151 0.0530757 0.00206727 9.9982E-05 9.9982E-05
0.608566 0.284864 0.0592456 9.9982E-05 9.9982E-05 0.0471251
0.0491353 0.61129 0.041315 0.145686 0.152474 9.9991E-05
0.591215 0.377781 0.00572661 0.0250773 9.9982E-05 9.9982E-05
0.440758 0.363109 9.9991E-05 0.0209867 0.0555497 0.119497
0.0705179 0.454197 0.0343738 0.0880983 0.0166697 0.336144
0.164583 0.297143 9.9982E-05 0.0819652 9.9982E-05 0.456109
0.0219309 0.432929 9.9991E-05 0.104954 0.000663576 0.439423
9.9982E-05 0.371675 9.9982E-05 0.147068 0.0729428 0.408114
9.9991E-05 0.38437 0.0335419 0.0981732 0.131232 0.352583
0.318455 0.473594 9.9991E-05 0.00332717 0.146712 0.057813
9.9982E-05 0.0870277 9.9982E-05 0.271271 0.0284888 0.613012
9.9982E-05 0.286629 9.9982E-05 0.222136 0.0416285 0.449407
0.0897946 0.442889 9.9991E-05 0.136784 0.231986 0.0984459
9.9982E-05 0.640438 0.0889944 0.0819369 0.188431 9.9982E-05
9.9982E-05 0.479631 0.0981772 0.129661 0.29233 9.9982E-05
0.0539181 0.578611 0.0562451 0.168986 0.142141 9.9991E-05
0.0934292 0.621303 0.0981491 0.0808779 0.10614 9.9991E-05
9.9982E-05 0.299253 9.9982E-05 0.234662 0.00625224 0.459633
9.9982E-05 0.446187 0.0883904 0.164197 9.9982E-05 0.301026
9.9982E-05 0.443358 0.00781068 9.9982E-05 0.0981142 0.450517
0.0732924 0.436579 9.9991E-05 0.113134 0.0995788 0.277316
0.024936 0.253627 9.9991E-05 0.0689221 0.0801759 0.572239
0.133807 0.271862 0.077129 0.0883165 9.9991E-05 0.428786
0.0068491 0.265611 0.0343447 0.159858 9.9991E-05 0.533237
0.0985583 0.500664 0.10664 0.0229377 9.9991E-05 0.271101
0.0263651 0.588974 0.0821585 0.0713151 0.231087 9.9991E-05
0.0505294 0.346407 9.9991E-05 0.194031 0.0546813 0.354251
0.000511947 0.173727 9.9991E-05 0.135003 0.00805786 0.6826
0.104694 0.38152 0.000599116 0.184139 0.0150853 0.313961
0.0946607 0.223037 0.266918 0.0865141 0.328771 9.9991E-05
0.134701 0.557435 0.0121166 0.0165686 0.195421 0.0837578
0.00263326 0.421913 0.00992078 0.153678 0.0631761 0.348678
9.9991E-05 0.641452 0.0400081 0.141762 0.154159 0.022519
0.136406 0.490202 0.0291604 0.185622 0.15851 9.9991E-05
0.109139 0.363038 9.9991E-05 0.137926 0.233974 0.155823
0.0684092 0.336697 9.9991E-05 0.243446 0.0912812 0.260066
0.0364221 0.582658 0.0596321 0.145995 0.0700956 0.105198
0.0151875 0.401087 0.0266381 0.145809 0.0430828 0.368195
9.9982E-05 0.394319 9.9982E-05 0.154782 0.0702643 0.380435
9.9982E-05 0.152113 9.9982E-05 0.233193 0.0299446 0.584549
0.0222926 0.699728 9.9982E-05 0.169288 0.108492 9.9982E-05
0.147593 0.46537 0.113036 0.134154 0.139746 9.9991E-05
0.0132784 0.216899 9.9982E-05 0.130636 0.638986 9.9982E-05
0.0122642 0.71054 0.05042 0.201093 0.00150163 0.024181
0.0270386 0.481794 0.26553 0.060446 0.152464 0.0127278
0.00161629 0.482411 9.9991E-05 0.184552 0.132708 0.198613
0.0533868 0.451177 0.143412 0.0565816 0.117198 0.178245
9.9973E-05 9.9973E-05 9.9973E-05 0.299972 0.503681 0.196047
9.9973E-05 9.9973E-05 9.9973E-05 0.256803 0.631862 0.111035
9.9991E-05 0.292328 0.0623061 0.13819 0.379792 0.127284
9.9973E-05 9.9973E-05 9.9973E-05 0.334803 0.42041 0.244487
9.9973E-05 9.9973E-05 9.9973E-05 0.431547 0.350535 0.217619
0.0154807 0.412366 0.00814717 0.138672 0.33543 0.0899038
0.114284 0.357039 9.9991E-05 0.21716 0.141514 0.169903
0.0301926 0.228367 0.00198021 0.293429 0.317041 0.12899
9.9982E-05 0.154705 9.9982E-05 0.300083 0.404394 0.140618
9.9991E-05 0.446349 0.0738805 0.0646438 0.25884 0.156187
0.00865353 0.235441 9.9991E-05 0.197063 0.480244 0.0784993
9.9973E-05 9.9973E-05 9.9973E-05 0.407192 0.522168 0.0703397
0.0769368 0.340307 0.130204 0.0898513 0.0973063 0.265394
0.00769499 0.418545 0.0120784 0.144931 0.186811 0.22994
9.9991E-05 0.467308 0.008394 0.349069 0.0268445 0.148284
0.0206677 0.531686 9.9982E-05 0.211014 9.9982E-05 0.236433
0.091119 0.508434 9.9991E-05 0.194233 0.0716483 0.134466
0.0116861 0.464784 9.9991E-05 0.16605 0.103179 0.254202
9.9982E-05 0.332443 9.9982E-05 0.406917 0.0409706 0.21947
9.9982E-05 0.514835 0.0673446 0.238677 9.9982E-05 0.178944
0.0153484 0.465863 9.9982E-05 0.262957 9.9982E-05 0.255631
9.9991E-05 0.299674 0.0154371 0.267589 0.199429 0.217771
0.292734 0.147489 0.138137 0.144123 0.0583062 0.219211
0.0746051 0.52545 0.0734298 0.262079 9.9991E-05 0.0643366
0.00810344 0.53856 0.0641372 0.106239 0.143701 0.139259
0.110206 0.598343 0.0292985 0.182571 9.9991E-05 0.0794807
9.9982E-05 0.42937 9.9982E-05 0.262301 0.08982 0.218309
0.100499 0.417437 0.00458077 0.190584 0.128319 0.15858
9.9982E-05 0.143584 9.9982E-05 0.364995 0.262181 0.229039
0.010941 0.469477 0.130193 0.161219 9.9991E-05 0.228071
9.9982E-05 0.156045 9.9982E-05 0.230228 0.252488 0.361039
0.0388045 9.9982E-05 0.13493 0.791241 0.0348242 9.9982E-05
0.127698 0.048346 0.736256 0.042557 0.0189386 0.026204
9.9964E-05 9.9964E-05 0.994159 0.00544104 9.9964E-05 9.9964E-05
9.9964E-05 9.9964E-05 0.952452 0.0471477 9.9964E-05 9.9964E-05
9.996E-05 9.996E-05 0.9995 9.996E-05 9.996E-05 9.996E-05
9.9964E-05 0.0870627 0.912537 9.9964E-05 9.9964E-05 9.9964E-05
9.9964E-05 0.0864914 0.913109 9.9964E-05 9.9964E-05 9.9964E-05
0.0144701 9.9973E-05 0.958803 0.026427 9.9973E-05 9.9973E-05
9.9964E-05 9.9964E-05 0.764736 0.234864 9.9964E-05 9.9964E-05
0.00865677 0.0244808 9.9991E-05 0.907097 0.0340442 0.0256215
0.0145391 0.0745385 0.0989237 0.811799 9.9982E-05 9.9982E-05
0.0363532 0.0148763 0.0335469 0.854753 9.9991E-05 0.0603707
9.9982E-05 0.0439113 0.115387 0.837345 0.0031567 9.9982E-05
0.0294679 9.9982E-05 0.0131151 0.918452 9.9982E-05 0.0387654
9.9973E-05 9.9973E-05 0.0789763 0.902496 9.9973E-05 0.0182273
9.9982E-05 0.0428458 0.110492 0.718762 9.9982E-05 0.1277
9.9982E-05 0.0181175 0.00663482 0.872111 9.9982E-05 0.102937
0.067123 0.108694 0.0790813 0.706391 0.0114665 0.0272446
0.0289688 9.9973E-05 9.9973E-05 0.902938 9.9973E-05 0.0677937
0.0141784 9.9973E-05 0.00329303 0.982229 9.9973E-05 9.9973E-05
9.9991E-05 0.0430836 0.0157458 0.856076 0.0307941 0.0542007
9.9973E-05 9.9973E-05 0.0334379 0.960417 9.9973E-05 0.00584556
9.9973E-05 0.0915807 9.9973E-05 0.899403 9.9973E-05 0.00871636
0.0364572 0.0140208 9.9982E-05 0.872676 9.9982E-05 0.0766463
9.9973E-05 0.0900088 9.9973E-05 0.841672 9.9973E-05 0.0680189
9.9973E-05 0.0697453 9.9973E-05 0.76702 9.9973E-05 0.162934
9.9973E-05 0.132791 9.9973E-05 0.728797 9.9973E-05 0.138111
0.0372683 0.0742685 9.9982E-05 0.777598 9.9982E-05 0.110665
0.0290821 0.465991 0.0735314 0.136625 0.294671 9.9991E-05
9.9982E-05 0.703865 0.0926205 0.0459656 0.157349 9.9982E-05
0.0890903 0.6313 9.9991E-05 0.0978826 0.127545 0.0540822
0.162095 0.183589 9.9991E-05 0.0221175 0.631202 0.000896293
0.0165836 0.537937 0.111823 0.107865 0.179268 0.0465238
0.0430453 0.149382 9.9982E-05 0.138336 0.669037 9.9982E-05
9.9982E-05 0.640059 9.9982E-05 0.0605604 0.274876 0.0243043
0.143553 0.432836 0.128495 0.0733792 0.221637 9.9991E-05
0.0935513 0.5168 0.131774 0.078163 0.179611 9.9991E-05
0.437103 0.508219 9.9991E-05 0.00368506 0.033689 0.0172037
0.0474452 0.512938 0.101915 0.103905 0.233697 9.9991E-05
0.0265507 0.70658 0.0165708 0.0528651 0.197334 9.9991E-05
0.029463 0.630127 0.116572 0.05235 0.171389 9.9991E-05
0.178958 0.00836422 0.494066 9.9991E-05 0.229299 0.0892134
0.0369795 9.9973E-05 0.110509 9.9973E-05 0.852212 9.9973E-05
9.9982E-05 0.235374 0.0683417 0.039914 0.65617 9.9982E-05
0.0678466 0.625648 0.0729846 0.0822017 0.143118 0.00820133
9.9982E-05 0.588239 0.0431774 0.119267 0.249116 9.9982E-05
9.9982E-05 0.547713 0.052982 0.133209 0.265896 9.9982E-05
0.126163 0.683874 0.0204675 0.0991131 0.0582371 0.0121456
9.9991E-05 0.592882 0.0407716 0.155944 0.107439 0.102863
9.9982E-05 0.590049 0.0306371 0.227726 9.9982E-05 0.151388
0.000701577 0.193378 0.127051 0.440767 0.150461 0.0876411
0.108532 0.580679 0.126153 0.137394 9.9991E-05 0.0471413
0.0911473 0.443006 0.0626111 0.208224 0.0604918 0.13452
9.9973E-05 9.9973E-05 9.9973E-05 0.383693 0.442114 0.173892
9.9982E-05 0.299105 9.9982E-05 0.249755 0.281104 0.169836
0.148795 0.263276 0.0292681 0.360761 0.00613773 0.191762
9.9982E-05 0.430613 0.168839 0.286775 9.9982E-05 0.113572
0.0919117 0.452166 0.130918 0.105357 9.9991E-05 0.219547
0.0313004 0.497634 0.0337189 0.200636 0.0734121 0.163299
0.054566 0.657255 9.9991E-05 0.136388 0.00161004 0.150081
0.0808644 0.38751 0.0245759 0.153671 0.158038 0.19534
0.0397426 0.341497 9.9991E-05 0.469272 0.0030818 0.146307
