9.9973E-05 0.906707 0.0286273 9.9973E-05 9.9973E-05 0.0643662
9.9973E-05 0.955376 9.9973E-05 9.9973E-05 0.0352353 0.00908879
0.157979 0.841621 9.9964E-05 9.9964E-05 9.9964E-05 9.9964E-05
0.041685 0.806676 0.0526187 9.9982E-05 9.9982E-05 0.0988205
0.0672829 0.849379 0.0382349 0.0449035 9.9982E-05 9.9982E-05
0.0468319 0.588487 0.072122 0.0894623 0.0848214 0.118275
9.9973E-05 0.878946 9.9973E-05 0.0801297 0.0406247 9.9973E-05
0.00369219 0.771998 9.9982E-05 0.133316 9.9982E-05 0.0907942
9.99729E-05 0.815669 9.99729E-05 0.101367 9.99729E-05 0.0826636
0.164316 0.728598 0.0326209 0.064443 9.9991E-05 0.00992152
0.0156682 0.752167 0.0155725 0.0204417 0.0275316 0.16862
0.219023 0.0131959 0.0727638 0.0714166 0.193878 0.429723
0.554452 0.0920146 0.0237084 9.9991E-05 0.0721408 0.257585
0.251735 0.0694584 0.0529099 0.121953 0.0334174 0.470526
0.261947 0.0628461 0.165228 0.00419341 0.165839 0.339946
0.345276 0.136629 0.172414 0.0522697 0.118463 0.174948
0.66382 0.108062 0.0551115 0.0743889 0.035209 0.063408
0.434133 9.9991E-05 0.0722865 0.0891281 0.207268 0.197085
0.307189 0.103682 0.123642 9.9991E-05 0.141784 0.323604
0.0102869 0.0294944 0.100742 0.102934 0.149476 0.607067
0.395375 0.0107644 0.101791 0.0691845 0.189798 0.233087
0.468986 0.0651756 9.9991E-05 0.222262 0.134375 0.109101
0.505953 0.033679 0.0263313 9.9991E-05 0.184693 0.249243
0.265397 9.9991E-05 0.137814 0.0574028 0.179418 0.359867
0.607087 0.0502852 0.127117 0.073028 0.00639809 0.136085
0.488675 0.0727078 0.103422 9.9991E-05 0.124286 0.210809
0.174833 0.0582516 0.100217 9.9991E-05 0.186581 0.480017
0.182003 0.00326538 0.219569 0.0671902 0.141404 0.386569
0.244658 0.00195843 0.0471919 0.206847 0.0683943 0.43095
0.0858899 0.851371 0.0624389 9.9973E-05 9.9973E-05 9.9973E-05
0.161462 0.838138 9.9964E-05 9.9964E-05 9.9964E-05 9.9964E-05
0.0703843 0.776558 0.0704064 9.9991E-05 0.050136 0.0324153
0.0449992 0.715861 0.155828 9.9982E-05 0.0831114 9.9982E-05
0.521692 0.0354637 0.0271189 0.0224646 0.229682 0.163578
0.501775 0.0713573 9.9982E-05 9.9982E-05 0.332972 0.0936959
0.524448 0.029739 9.9973E-05 9.9973E-05 0.445513 9.9973E-05
0.191057 0.104173 0.0169681 0.00774726 0.0845342 0.595521
0.234167 9.9991E-05 0.0456601 0.0960908 0.613538 0.0104448
0.349429 0.0463056 0.0950456 9.9991E-05 0.368929 0.140191
0.632449 0.0248058 0.0535474 0.0935687 0.189295 0.00633449
0.628938 0.121162 9.9991E-05 0.043733 0.153824 0.052244
0.533525 0.104132 0.0482787 0.0812644 0.130308 0.102492
0.0507331 0.0428926 0.0313798 9.9991E-05 0.802721 0.0721735
0.61534 0.0663455 0.0627839 0.170424 0.0486683 0.0364387
0.403961 0.063389 0.0927729 0.0307287 0.409049 9.9991E-05
0.610064 0.133318 0.0684124 9.9991E-05 0.090283 0.0978233
0.292905 9.9973E-05 9.9973E-05 0.063211 0.643584 9.9973E-05
0.592343 0.0890437 0.0306908 0.00411167 0.280064 0.00374718
0.393616 0.0302725 0.154103 0.0653172 0.162815 0.193876
9.9982E-05 0.0610128 9.9982E-05 0.397721 0.539803 0.00126286
0.189284 9.9982E-05 9.9982E-05 0.132499 0.219915 0.458102
0.106743 0.0483994 9.9991E-05 0.443323 0.209671 0.191763
0.476022 0.0866316 0.108425 0.0236799 0.162206 0.143036
0.570993 0.115342 0.093104 0.0629149 0.0647472 0.0928981
0.652128 0.0210312 0.01755 0.214919 0.0261637 0.0682072
0.145113 0.0684489 0.0301449 0.195075 0.204928 0.356289
0.512522 0.0369853 0.0129933 0.0029131 0.118148 0.316438
0.579502 0.06022 0.112766 0.119239 0.119294 0.00897916
0.327245 0.159863 9.9991E-05 0.066209 0.210853 0.23573
0.128063 0.192616 0.0168503 0.284453 0.0732998 0.304718
0.425204 0.031359 0.169144 9.9991E-05 0.183269 0.190924
0.449476 0.0384969 0.076979 0.108189 0.0876297 0.23923
0.0372198 0.035561 9.9991E-05 0.112914 0.277552 0.536654
0.433095 9.9991E-05 0.09787 0.0822764 0.11454 0.272119
0.589885 0.050791 0.0935517 0.137442 9.9991E-05 0.128231
0.552746 9.9991E-05 0.103719 0.185915 0.0364671 0.121053
0.275429 0.02971 0.0661809 0.143154 0.234888 0.250638
0.54519 0.0438252 9.9991E-05 0.173599 0.105791 0.131495
0.580499 0.045115 0.0891482 0.0887195 0.0875119 0.109006
0.246333 0.00935941 9.9991E-05 0.292835 0.0964664 0.354906
0.559467 9.9964E-05 9.9964E-05 9.9964E-05 0.440133 9.9964E-05
0.124897 9.9982E-05 0.0269541 9.9982E-05 0.752779 0.0951707
0.481384 0.127747 0.0290647 0.0902762 0.271428 9.9991E-05
9.9964E-05 9.9964E-05 9.9964E-05 0.13661 0.86299 9.9964E-05
9.9982E-05 0.00117722 9.9982E-05 0.208198 0.78943 0.000994482
0.239379 9.9964E-05 9.9964E-05 9.9964E-05 0.760221 9.9964E-05
0.362813 0.0410106 0.0257334 9.9991E-05 0.515972 0.0543714
0.530856 0.123973 0.0834679 0.0196279 0.185597 0.0564788
0.323082 0.00461999 0.0899489 0.0232837 0.477539 0.081526
0.162991 0.0398768 9.9982E-05 9.9982E-05 0.659723 0.137209
0.202992 0.0131055 9.9982E-05 9.9982E-05 0.572766 0.210937
0.432932 0.0572389 0.0836993 9.9991E-05 0.321573 0.104457
0.185993 0.042646 0.0781985 9.9991E-05 0.640758 0.0523047
0.374652 0.044301 0.0119604 9.9991E-05 0.563245 0.00574172
0.341528 0.0247506 9.9982E-05 0.0868165 0.546705 9.9982E-05
9.9982E-05 0.0123132 9.9982E-05 0.325149 0.656359 0.00597918
0.631733 9.9991E-05 0.0423425 0.0483095 0.236219 0.0412962
0.0703279 0.784164 0.0689537 9.9982E-05 9.9982E-05 0.0763542
0.0870529 0.912547 9.9964E-05 9.9964E-05 9.9964E-05 9.9964E-05
0.0937779 0.873393 0.0325288 9.9973E-05 9.9973E-05 9.9973E-05
9.9973E-05 0.912455 0.0439864 9.9973E-05 0.0432585 9.9973E-05
0.100606 0.884161 0.00526372 9.9982E-05 0.0097689 9.9982E-05
0.0134082 0.866734 0.0477674 9.9982E-05 0.07189 9.9982E-05
0.0768721 0.922728 9.9964E-05 9.9964E-05 9.9964E-05 9.9964E-05
0.495276 0.140717 0.0670043 9.9991E-05 0.238542 0.0583609
0.493392 0.0351172 0.148898 0.0268674 0.232241 0.0634839
0.00152014 0.0354022 9.9991E-05 0.0399325 0.843769 0.0792759
0.48178 0.0174551 0.123554 0.144462 0.105245 0.127504
0.322502 0.0124255 0.0524627 9.9991E-05 0.499727 0.112783
0.531592 0.0377684 0.0305739 0.111398 0.288568 9.9991E-05
0.624799 0.0321713 0.0197777 0.054955 0.219862 0.0484347
0.409269 9.9982E-05 0.156286 0.000137764 0.434107 9.9982E-05
9.9973E-05 0.0597563 9.9973E-05 9.9973E-05 0.776826 0.163117
0.503286 0.195798 9.9991E-05 0.0608248 0.140839 0.0991517
0.648298 0.0643732 0.0508181 9.9991E-05 0.175211 0.0611994
0.614843 0.0531538 0.0415346 0.0822464 0.0510072 0.157215
0.266234 9.9982E-05 0.0273167 0.166462 0.539787 9.9982E-05
0.470095 0.0311405 0.0412699 0.105089 0.352306 9.9991E-05
0.446992 9.9982E-05 0.0398424 9.9982E-05 0.361565 0.151401
0.301871 9.9973E-05 0.0692651 9.9973E-05 0.628564 9.9973E-05
0.416084 0.0929715 9.9982E-05 9.9982E-05 0.4089 0.0818443
0.613279 0.154503 9.9982E-05 9.9982E-05 0.200239 0.0317793
0.268423 0.0248339 0.0357074 0.303629 0.0217344 0.345672
0.408903 0.0995163 0.116246 0.0398546 0.0591106 0.27637
0.462461 0.122141 0.0716172 0.189096 0.0023232 0.152362
0.581612 0.0857112 0.0605735 0.0885736 0.0473058 0.136224
0.580043 0.0611548 9.9991E-05 0.0226717 0.0366649 0.299365
0.618904 0.00568556 0.0551513 9.9991E-05 0.00832293 0.311836
0.528084 9.9982E-05 0.0352229 0.0614003 9.9982E-05 0.375093
0.557408 0.105268 9.9991E-05 0.110296 0.144092 0.0828357
0.550159 0.0411644 0.0912418 0.0649915 0.105856 0.146587
0.55874 0.0532228 9.9991E-05 0.0813544 0.0715392 0.235043
0.53588 0.00424381 9.9991E-05 0.121285 0.0128782 0.325612
0.603747 0.0235225 0.0795529 0.06504 0.0440461 0.184092
0.53829 0.0789126 0.105916 0.097935 9.9991E-05 0.178846
0.473745 9.9982E-05 0.112995 9.9982E-05 0.0887487 0.324312
0.548107 0.0841816 0.10081 0.0622587 0.0472515 0.157392
0.558071 9.9982E-05 0.12211 0.0424526 9.9982E-05 0.277167
0.413464 0.00178434 0.0297786 0.249825 0.0216667 0.283481
0.594058 0.00723768 0.122641 0.0136705 0.0359411 0.226452
0.722574 0.00998027 0.0301087 0.0847078 9.9991E-05 0.152529
0.241942 0.0164081 0.0573618 0.0455943 0.196866 0.441828
0.173549 0.0136821 0.0962925 0.347849 0.0526966 0.315931
0.453949 0.104304 0.0890382 0.0944048 0.0489824 0.209322
0.206175 9.9982E-05 9.9982E-05 0.427359 0.0658118 0.300454
0.309262 0.0303334 9.9991E-05 0.0935213 0.148774 0.418009
0.476766 9.9982E-05 9.9982E-05 0.112369 0.0728244 0.337841
0.344193 0.0282719 9.9991E-05 0.004938 0.204725 0.417773
0.308053 9.9982E-05 9.9982E-05 0.0295367 0.131219 0.530992
0.551085 0.100865 0.133762 9.9991E-05 0.156696 0.0574924
0.552832 0.164042 0.0709898 9.9991E-05 0.0971209 0.114916
0.415917 9.9982E-05 0.137028 9.9982E-05 0.173453 0.273402
0.226647 9.9991E-05 0.0254135 0.367413 0.0881998 0.292226
0.551495 0.190047 0.0393498 0.0161203 0.0456472 0.15734
0.481286 0.0397618 0.0974524 0.202506 0.128685 0.0503094
0.0186613 0.143634 9.9991E-05 0.544352 0.187865 0.105387
0.505726 0.102423 0.0560998 0.197564 0.138087 9.9991E-05
0.400071 0.0546508 0.0317995 0.318684 0.151669 0.043126
0.555983 0.0998652 0.0794049 0.162453 0.0918915 0.0104024
0.283333 0.0431406 0.0227203 0.419145 0.0667963 0.164865
0.25545 0.0625942 9.9991E-05 0.473698 0.0941474 0.11401
0.457975 0.0794836 9.9991E-05 0.162705 0.108044 0.191693
0.573336 0.151537 0.0113291 0.130097 0.076338 0.0573629
0.43611 0.0744791 0.0790307 0.194907 0.116968 0.0985064
9.9991E-05 0.0175337 0.173247 0.449071 0.270288 0.08976
0.635129 0.119641 9.9991E-05 0.181568 0.000181836 0.0633794
0.393342 9.9982E-05 9.9982E-05 0.324284 0.188885 0.0932893
0.555161 9.9991E-05 0.00114838 0.225185 0.0907574 0.127648
0.527752 0.134606 0.0638306 0.0879661 0.138035 0.0478093
0.189308 0.28629 0.270733 0.227704 9.9991E-05 0.0258641
9.9973E-05 0.524727 0.145504 0.329469 9.9973E-05 9.9973E-05
9.9973E-05 0.428588 0.156027 0.415085 9.9973E-05 9.9973E-05
0.139986 0.39432 0.303622 0.15872 9.9991E-05 0.00325227
0.698284 9.9973E-05 9.9973E-05 0.211392 0.0900241 9.9973E-05
0.517831 0.0255284 0.151941 0.139883 0.0462745 0.118542
0.320994 9.9964E-05 0.678606 9.9964E-05 9.9964E-05 9.9964E-05
0.36313 0.0947418 0.382438 9.9991E-05 0.155611 0.00397903
0.393376 0.00857942 0.454896 0.00556532 0.110301 0.027283
0.349839 9.9982E-05 0.0153986 0.563356 0.0712065 9.9982E-05
0.552491 0.0257829 0.10967 0.0751896 0.153009 0.0838569
0.283651 9.9982E-05 9.9982E-05 0.628211 0.0201027 0.0678362
0.610476 9.9991E-05 0.0461428 0.222045 0.0655524 0.0556837
0.425859 0.0319945 0.0192248 0.200446 0.202978 0.119498
0.542023 0.0197039 0.0412149 0.297183 0.0391005 0.0607753
0.284152 9.9982E-05 9.9982E-05 0.500033 0.109395 0.10622
0.776061 9.9982E-05 0.0172039 0.131756 0.0747789 9.9982E-05
0.545509 0.0555214 0.0217603 0.194361 0.147369 0.0354799
9.9964E-05 9.9964E-05 0.962355 9.9964E-05 0.0372456 9.9964E-05
0.0796989 9.9982E-05 0.910346 0.000329245 9.9982E-05 0.00942546
0.250531 0.0254017 0.575503 0.00609632 0.0356734 0.106795
0.266497 9.9991E-05 0.679754 0.0059358 0.0302681 0.0174445
0.072486 0.0277716 0.794197 9.9982E-05 0.105346 9.9982E-05
9.996E-05 9.996E-05 0.9995 9.996E-05 9.996E-05 9.996E-05
9.9982E-05 9.9982E-05 0.964073 0.0217452 0.00169119 0.0122907
0.135362 9.9964E-05 0.864238 9.9964E-05 9.9964E-05 9.9964E-05
9.9964E-05 9.9964E-05 0.962508 9.9964E-05 9.9964E-05 0.0370921
9.996E-05 9.996E-05 0.9995 9.996E-05 9.996E-05 9.996E-05
9.996E-05 9.996E-05 0.9995 9.996E-05 9.996E-05 9.996E-05
0.19093 0.0492349 0.744249 0.0117041 9.9991E-05 0.00378136
0.0546431 0.0240539 0.825901 9.9982E-05 9.9982E-05 0.0952023
9.9973E-05 9.9973E-05 0.958948 9.9973E-05 0.0267867 0.0139658
0.353912 0.0742368 0.40936 9.9991E-05 0.0658489 0.0965416
0.216827 9.9982E-05 0.645661 9.9982E-05 0.0398246 0.097487
0.19443 0.0551564 0.73668 9.9982E-05 9.9982E-05 0.0135334
0.0682295 0.047354 0.834837 9.9982E-05 9.9982E-05 0.0493795
9.996E-05 9.996E-05 0.9995 9.996E-05 9.996E-05 9.996E-05
0.0898648 0.0645464 0.83581 0.00957874 9.9982E-05 9.9982E-05
9.996E-05 9.996E-05 0.9995 9.996E-05 9.996E-05 9.996E-05
0.224839 0.0455099 0.568035 0.0331763 0.0521102 0.0763298
0.0388758 0.0229483 0.88635 9.9982E-05 0.0516259 9.9982E-05
9.9973E-05 0.295569 0.055058 0.649073 9.9973E-05 9.9973E-05
0.430479 0.137657 0.103606 0.164333 0.02808 0.135845
0.408738 0.219549 0.0790027 0.154729 0.0583477 0.079633
0.185003 0.205856 0.136791 0.42934 0.0429097 9.9991E-05
0.43932 0.129675 0.158103 0.225613 9.9991E-05 0.04719
0.211071 0.26605 0.0891288 0.43355 9.9982E-05 9.9982E-05
0.41891 0.162592 0.0745122 0.231091 0.0759433 0.0369517
0.27427 0.153758 0.179548 0.361576 0.0307478 9.9991E-05
0.555992 0.199534 0.0504371 0.143592 9.9991E-05 0.050346
0.306281 0.133546 0.220662 0.339311 9.9982E-05 9.9982E-05
0.532921 0.169974 0.0454094 0.181563 0.0221256 0.0480073
0.0546641 0.805306 9.9991E-05 0.036416 0.0143974 0.0891166
9.9973E-05 0.884169 0.0609826 9.9973E-05 0.0545482 9.9973E-05
9.9964E-05 0.957554 9.9964E-05 9.9964E-05 9.9964E-05 0.042046
0.0166389 0.928683 9.9973E-05 9.9973E-05 9.9973E-05 0.0543777
9.9973E-05 0.869212 0.0471409 9.9973E-05 9.9973E-05 0.0833474
9.9973E-05 0.892869 0.0705209 0.0363101 9.9973E-05 9.9973E-05
0.0549851 0.877481 0.0672337 9.9973E-05 9.9973E-05 9.9973E-05
0.0180988 0.884519 9.9982E-05 0.0800125 9.9982E-05 0.0171693
0.0146938 0.88911 0.0304509 9.9982E-05 0.0655457 9.9982E-05
0.0249062 0.834803 0.07261 0.0409712 9.9991E-05 0.0266095
9.9982E-05 0.600775 9.9982E-05 0.01517 0.128248 0.255607
9.9982E-05 0.585013 0.00464865 9.9982E-05 0.0463057 0.363833
9.9982E-05 0.548362 9.9982E-05 0.121165 0.0406922 0.289581
9.9982E-05 0.487378 9.9982E-05 0.103298 0.131093 0.278031
0.523122 0.0966855 9.9982E-05 9.9982E-05 0.281252 0.0987405
0.41129 0.0283427 0.0873996 0.00694082 0.332874 0.133153
0.520384 0.0209503 0.034394 0.023376 0.137416 0.263479
0.370069 0.0410787 9.9991E-05 0.0775746 0.317506 0.193672
0.159413 9.9991E-05 0.0220568 0.00889369 0.165346 0.644191
0.558486 0.0650452 0.105469 9.9982E-05 0.270799 9.9982E-05
0.489025 9.9991E-05 0.0414197 0.0234002 0.372382 0.0736734
0.522199 9.9982E-05 9.9982E-05 0.0569823 0.346121 0.0744975
0.348089 9.9982E-05 0.0391276 0.0468043 0.565779 9.9982E-05
0.544937 0.0291697 0.0518892 0.0757834 0.131925 0.166295
0.312763 9.9982E-05 0.0601226 9.9982E-05 0.51043 0.116484
9.9964E-05 9.9964E-05 9.9964E-05 0.294177 0.705423 9.9964E-05
0.505089 0.114595 0.0246915 0.0464684 0.166197 0.142959
0.25441 0.0246244 9.9982E-05 0.291818 0.428947 9.9982E-05
0.482869 9.9991E-05 0.0276541 0.0670521 0.38563 0.0366943
0.0929748 0.0150448 9.9991E-05 0.00206486 0.68944 0.200376
0.0248585 0.127233 9.9991E-05 0.0655808 0.0136315 0.768596
0.0738024 0.100505 9.9982E-05 0.145179 9.9982E-05 0.680313
0.0243361 0.0516502 9.9982E-05 0.0743309 9.9982E-05 0.849483
9.9982E-05 0.124827 9.9982E-05 0.0572465 0.0652722 0.752455
0.046272 9.9982E-05 0.0498186 0.0821356 9.9982E-05 0.821574
0.13408 0.0834422 0.0013299 0.0309959 9.9991E-05 0.750052
0.0861583 0.872547 9.9973E-05 9.9973E-05 0.0409948 9.9973E-05
0.0425136 0.846993 0.0352435 9.9982E-05 9.9982E-05 0.07505
0.134889 0.785889 0.0704057 0.00861634 9.9982E-05 9.9982E-05
0.0555755 0.815672 0.0560262 9.9982E-05 9.9982E-05 0.0725263
0.00264686 0.821324 0.10639 0.00302663 0.0068607 0.0597523
9.9982E-05 0.372274 9.9982E-05 0.0106872 0.0544746 0.562364
9.99778E-05 0.452004 9.99778E-05 0.134204 9.99778E-05 0.413493
0.00527005 0.440717 9.9991E-05 0.0470182 0.042166 0.464729
0.138906 0.821097 0.0208792 9.9982E-05 9.9982E-05 0.0189181
9.9982E-05 0.353852 9.9982E-05 0.100139 0.0255986 0.520211
0.263638 0.226982 0.356438 0.152743 9.9982E-05 9.9982E-05
0.575941 0.155396 0.232502 9.9982E-05 9.9982E-05 0.0359615
0.595178 0.206167 0.198355 9.9973E-05 9.9973E-05 9.9973E-05
0.309331 0.291699 0.225947 0.0862209 0.0867014 9.9991E-05
0.444635 0.174089 0.215304 9.9982E-05 0.165772 9.9982E-05
9.9973E-05 0.40221 0.345284 0.252206 9.9973E-05 9.9973E-05
0.414073 9.9991E-05 0.0350027 0.1138 0.118464 0.31856
0.428357 9.9982E-05 9.9982E-05 0.302991 0.0683208 0.200131
0.291023 0.0924051 9.9982E-05 9.9982E-05 0.0041435 0.612229
0.542261 9.9991E-05 0.0131197 0.233226 0.0623802 0.148913
9.9973E-05 9.9973E-05 9.9973E-05 0.69126 0.176569 0.131871
0.516806 0.11952 0.0250825 0.0682791 0.136199 0.134114
0.543413 9.9991E-05 0.0484827 0.0874163 0.030973 0.289615
0.371005 0.0490087 9.9991E-05 0.0436574 0.120514 0.415715
0.511491 0.111449 0.035393 0.00598067 0.109727 0.225959
0.155871 9.9982E-05 9.9982E-05 0.457552 0.118215 0.268162
0.551436 0.00432123 9.9991E-05 0.241449 0.0402857 0.162408
0.505933 9.9991E-05 0.059334 0.0216166 0.0373608 0.375656
0.331218 0.154149 0.172304 0.0566271 0.209078 0.0766239
0.399948 9.9982E-05 9.9982E-05 0.24371 0.0388368 0.317305
0.543565 0.0255995 9.9991E-05 0.125004 0.0548965 0.250835
0.438952 0.0116318 0.0969061 0.150511 0.184274 0.117725
0.561962 0.0476672 9.9991E-05 0.117019 0.150972 0.122279
0.556889 0.0304834 0.0954471 0.0543947 0.124132 0.138655
0.570913 9.9991E-05 0.0704629 0.0865575 0.137159 0.134807
0.476015 0.0127538 0.111687 0.0863586 0.129467 0.183718
0.140184 0.799805 0.0597113 9.9973E-05 9.9973E-05 9.9973E-05
0.0956439 0.831391 0.0355152 0.0265827 0.0107671 9.9991E-05
0.014047 0.754904 0.053312 0.02669 0.0697852 0.0812616
0.0216999 0.837656 0.0343975 9.9991E-05 0.0854859 0.0206609
0.140618 0.826074 9.9973E-05 9.9973E-05 9.9973E-05 0.0330077
0.119119 9.9991E-05 0.0879014 0.0683804 0.129862 0.594637
0.537238 9.9991E-05 0.0553873 0.172994 0.0508949 0.183386
0.507844 0.216268 0.116286 0.0172086 0.0202277 0.122166
0.672223 0.0750005 9.9991E-05 0.0187611 0.0666574 0.167258
0.574321 0.107358 9.9982E-05 0.0971843 9.9982E-05 0.220937
0.307562 9.9982E-05 0.0121857 0.381406 9.9982E-05 0.298646
9.9982E-05 0.106597 9.9982E-05 0.183505 0.135255 0.574443
0.62544 9.9982E-05 9.9982E-05 0.0239712 0.100424 0.249964
0.0894286 0.04752 0.0624738 0.175575 0.074498 0.550505
0.431216 0.0152766 0.0746637 0.233177 0.0824651 0.163202
0.15815 0.146633 9.9991E-05 0.0889484 0.0385764 0.567592
0.6207 0.0771683 0.0198172 0.00672893 0.0360204 0.239565
0.268532 0.0704327 9.9991E-05 0.0740276 0.0486242 0.538283
0.304893 9.9991E-05 0.0853217 0.206027 0.0414609 0.362198
0.478347 9.9982E-05 0.0217257 0.4205 9.9982E-05 0.0792271
0.36146 0.0147206 9.9982E-05 0.53084 9.9982E-05 0.0927793
0.550721 0.0869588 9.9991E-05 0.250347 0.0467507 0.0651223
0.595516 0.151238 9.9982E-05 0.215495 0.0375509 9.9982E-05
0.372771 9.9982E-05 9.9982E-05 0.536458 0.00224564 0.0883256
0.609909 0.103883 0.00547741 0.150343 9.9991E-05 0.130287
0.568334 0.119445 9.9982E-05 0.301173 9.9982E-05 0.0108484
0.133407 9.9982E-05 9.9982E-05 0.677006 0.0487989 0.140588
0.327135 9.9973E-05 9.9973E-05 0.638852 0.0337123 9.9973E-05
0.561236 0.00968686 9.9982E-05 0.367403 9.9982E-05 0.0614746
0.195505 9.9982E-05 9.9982E-05 0.530211 0.189952 0.0841316
0.488414 9.9982E-05 9.9982E-05 0.195803 0.163227 0.152356
0.0961349 9.9991E-05 0.0318165 0.0572258 0.218827 0.595896
0.300525 9.9982E-05 9.9982E-05 0.302107 0.0969989 0.300168
0.283979 0.0543366 0.0638495 0.00762115 0.151729 0.438484
0.577994 0.0172492 0.121945 0.0152463 0.0484672 0.219099
0.202506 9.9991E-05 0.0272593 0.0552312 0.248281 0.466623
0.430463 0.0390885 0.118273 0.155489 0.0421081 0.214578
0.45643 9.9982E-05 0.190898 9.9982E-05 0.128598 0.223874
0.543087 0.00354502 0.0735453 9.9991E-05 0.0369648 0.342758
0.458453 9.9982E-05 0.106867 9.9982E-05 0.084158 0.350322
0.329407 9.9982E-05 0.12781 9.9982E-05 0.161686 0.380898
0.222398 9.9982E-05 0.0835509 9.9982E-05 0.211461 0.48239
0.291337 9.9991E-05 0.102071 0.0378407 0.119576 0.449075
0.60989 9.9991E-05 0.0188478 0.0643749 0.0842419 0.222546
0.641681 0.103889 9.9982E-05 0.0682594 9.9982E-05 0.185971
0.491311 0.0516669 9.9991E-05 0.156501 0.0386039 0.261817
0.588901 9.9982E-05 0.0373626 0.157691 9.9982E-05 0.215846
0.404989 0.0226226 0.0494529 0.0377904 0.00080404 0.484341
0.598744 9.9991E-05 0.0392412 0.0696315 0.0589084 0.233375
0.510245 0.00173428 0.0617709 0.0600249 0.0323452 0.333879
0.664413 0.0742837 0.026841 0.054375 9.9991E-05 0.179987
0.336371 0.357095 0.141727 9.9991E-05 0.14726 0.0174479
0.419619 0.0877017 0.258653 0.141285 0.0926412 9.9991E-05
0.635325 0.146084 0.0875587 0.0746338 9.9991E-05 0.0562985
0.615161 0.0383058 0.117187 0.1373 0.0105327 0.0815132
0.506774 0.174995 0.199889 0.0279598 0.0902822 9.9991E-05
0.508443 9.9991E-05 0.0358946 0.206126 0.0317864 0.21765
0.595062 0.189176 0.105871 0.0815408 0.0282495 9.9991E-05
0.00988012 0.237839 0.203693 0.413475 0.135012 9.9991E-05
0.44938 0.118964 0.191804 0.120843 0.0297907 0.0892187
0.530702 0.120918 0.139167 0.0030175 0.107436 0.0987601
0.541033 0.0371945 0.19435 0.0834355 0.0781044 0.0658825
0.331629 0.164381 0.163064 0.219294 0.0133325 0.108299
0.471939 0.223115 0.151996 0.0400537 0.112797 9.9991E-05
0.626002 0.183583 0.0705968 0.119619 9.9982E-05 9.9982E-05
9.9973E-05 0.467484 0.199671 0.332545 9.9973E-05 9.9973E-05
0.497158 0.144731 0.241943 0.0206788 0.0472893 0.0482001
0.48337 0.169849 0.199628 0.146953 9.9982E-05 9.9982E-05
0.595707 0.0703815 0.074126 0.0872793 0.103529 0.0689778
0.548839 0.238666 0.148057 0.0642394 9.9982E-05 9.9982E-05
0.550999 0.19559 0.135832 0.0271707 0.0310534 0.0593551
0.423523 9.9991E-05 0.0831024 0.165089 0.244759 0.0834267
0.529079 0.000611714 0.0708885 0.30859 0.040596 0.0502348
0.113891 9.9982E-05 9.9982E-05 0.681011 0.055934 0.148965
0.0875144 9.9982E-05 9.9982E-05 0.69284 0.134356 0.0850896
0.385956 0.0122536 0.189444 0.16172 0.236918 0.0137086
0.4395 0.0803256 0.301007 0.136581 9.9991E-05 0.0424875
0.389711 0.0941096 0.292342 0.223638 9.9982E-05 9.9982E-05
0.189336 0.184367 0.30642 0.319677 9.9982E-05 9.9982E-05
0.327375 0.165386 0.282617 0.224422 9.9982E-05 9.9982E-05
0.148983 0.0447784 0.0884599 0.717579 9.9982E-05 9.9982E-05
0.251717 0.0809511 0.0612995 0.605833 9.9982E-05 9.9982E-05
0.652674 0.0151625 9.9982E-05 0.222635 0.109329 9.9982E-05
0.540917 0.069242 0.0792147 0.246204 0.0643225 9.9991E-05
0.304968 0.0452548 0.0997805 0.549797 9.9982E-05 9.9982E-05
0.592147 0.078009 0.0562746 0.178007 0.0302295 0.0653334
0.630722 9.9982E-05 0.07116 0.287466 9.9982E-05 0.0104513
0.54015 0.094431 0.0821981 0.216489 0.066632 9.9991E-05
0.426207 9.9973E-05 9.9973E-05 0.3791 9.9973E-05 0.194393
0.297861 9.9991E-05 0.0695497 0.364499 0.147314 0.120676
0.558312 0.0374465 0.0181224 0.166703 0.136494 0.0829224
0.417263 0.00311748 0.0491524 0.307637 0.0595108 0.16332
0.528849 0.0403512 0.122794 0.181492 0.0495982 0.0769159
0.582775 9.9973E-05 9.9973E-05 0.362817 9.9973E-05 0.0541075
0.305429 9.9982E-05 9.9982E-05 0.563506 0.0649773 0.0658881
0.570716 0.025549 0.0114852 0.232437 0.159713 9.9991E-05
0.292698 9.9982E-05 9.9982E-05 0.542711 0.0813708 0.0830202
0.55064 9.9982E-05 9.9982E-05 0.388336 0.0529705 0.00785371
0.5883 0.0681599 0.0732192 0.12421 0.146011 9.9991E-05
0.475058 9.9991E-05 0.106465 0.160661 0.133473 0.124244
0.536795 0.128997 0.160871 0.0596202 0.113617 9.9991E-05
0.358092 0.134214 0.193215 0.0559523 0.0958386 0.162689
0.336101 0.149021 0.282068 0.152679 0.00632333 0.0738077
0.341615 0.117562 0.206662 0.198141 9.9991E-05 0.135919
0.327303 0.137071 0.205852 9.9991E-05 0.213465 0.116209
0.413295 0.0880707 0.184636 0.19961 0.114289 9.9991E-05
0.00639671 0.17578 0.151731 0.637689 0.0198951 0.00850789
0.599748 0.0672481 0.190427 0.0299661 9.9991E-05 0.112511
9.9973E-05 0.316831 0.13334 0.549529 9.9973E-05 9.9973E-05
0.561576 0.0304682 0.150135 0.197319 0.0258328 0.0346697
0.181148 9.9973E-05 9.9973E-05 0.609683 0.208869 9.9973E-05
9.9973E-05 9.9973E-05 9.9973E-05 0.681206 0.259943 0.058551
0.552566 9.9973E-05 9.9973E-05 0.298701 0.148433 9.9973E-05
0.710831 0.0138876 0.000570832 0.153657 0.120953 9.9991E-05
0.450054 9.9982E-05 9.9982E-05 0.404052 0.117358 0.0283364
0.569644 9.9982E-05 9.9982E-05 0.258087 0.165776 0.00629395
0.612751 9.9973E-05 9.9973E-05 0.345623 0.0413258 9.9973E-05
0.0671997 0.816429 0.039402 0.0693528 9.9991E-05 0.00751671
9.9973E-05 0.702078 0.128135 9.9973E-05 9.9973E-05 0.169487
9.9973E-05 0.860406 0.0810987 9.9973E-05 9.9973E-05 0.0581949
0.0442138 0.955386 9.9964E-05 9.9964E-05 9.9964E-05 9.9964E-05
0.509793 9.9991E-05 0.0458515 0.0757453 0.259437 0.109073
0.482801 0.0735198 0.0773589 9.9982E-05 0.36612 9.9982E-05
0.435866 9.9973E-05 9.9973E-05 9.9973E-05 0.547667 0.0161664
0.600978 0.0410733 9.9982E-05 9.9982E-05 0.313011 0.0447371
0.550758 0.101414 0.1012 0.054262 0.104189 0.0881766
0.146414 9.9991E-05 0.0245025 0.0271824 0.655065 0.146737
0.643111 9.9973E-05 9.9973E-05 9.9973E-05 0.332168 0.0244204
0.346905 0.00306421 9.9982E-05 0.191741 0.45809 9.9982E-05
0.440853 0.239354 0.206675 0.0378188 0.0644025 0.0108966
0.345048 9.9991E-05 0.0725505 0.100923 0.378059 0.103319
0.335499 9.9973E-05 9.9973E-05 9.9973E-05 0.551209 0.112992
0.559302 9.9982E-05 9.9982E-05 0.0463324 0.344083 0.0500823
0.369549 0.0496457 9.9982E-05 9.9982E-05 0.50275 0.0778562
0.598994 9.9964E-05 9.9964E-05 9.9964E-05 0.400606 9.9964E-05
0.591631 0.0451291 9.9982E-05 0.00888054 0.35416 9.9982E-05
0.0220621 9.9973E-05 9.9973E-05 0.0923737 0.885264 9.9973E-05
0.252629 9.9973E-05 9.9973E-05 0.239067 0.508005 9.9973E-05
0.311876 0.0231632 9.9991E-05 0.0199977 0.604158 0.040705
9.9964E-05 9.9964E-05 9.9964E-05 0.226262 0.773338 9.9964E-05
0.394983 0.00407813 0.0248363 0.0407919 0.398657 0.136654
0.0898297 9.9973E-05 9.9973E-05 0.306455 0.603416 9.9973E-05
9.9973E-05 0.00634346 9.9973E-05 0.286098 0.707258 9.9973E-05
0.474072 0.0394847 0.0473863 0.0565025 0.382454 9.9991E-05
0.157444 0.055457 9.9991E-05 0.0677114 0.647933 0.0713541
0.349434 0.0331313 0.0511943 9.9991E-05 0.479542 0.0865983
0.488211 0.128103 0.0780313 9.9991E-05 0.20787 0.0976848
0.473039 0.0264974 9.9991E-05 0.022278 0.423618 0.0544671
0.380563 9.9982E-05 0.0656597 0.288844 9.9982E-05 0.264733
0.540096 9.9982E-05 0.0375035 9.9982E-05 0.37136 0.0508405
0.506329 0.0395278 9.9982E-05 9.9982E-05 0.336946 0.116998
0.317526 9.9982E-05 9.9982E-05 0.0574312 0.612948 0.0118949
0.416093 0.101261 0.131545 0.00736237 0.194824 0.148915
9.9973E-05 0.598524 9.9973E-05 0.108349 9.9973E-05 0.292827
0.0287016 0.782192 9.9991E-05 0.0203869 0.0709803 0.0976395
9.9973E-05 0.814724 9.9973E-05 0.0147257 9.9973E-05 0.17025
9.9982E-05 0.78909 9.9982E-05 0.0249091 0.015233 0.170568
0.0472762 0.710212 9.9982E-05 9.9982E-05 0.0210959 0.221216
9.9982E-05 0.0176523 0.0835134 9.9982E-05 0.785783 0.112851
0.0978555 0.0549553 9.9991E-05 0.07238 0.706422 0.0682874
0.0610281 9.9973E-05 9.9973E-05 0.0804871 0.858185 9.9973E-05
0.608608 0.0877475 0.0363159 0.0393059 0.173476 0.0545468
0.593524 0.166684 0.00143297 0.0148401 0.209056 0.0144628
0.229739 0.0498389 9.9982E-05 0.0501744 0.670047 9.9982E-05
0.534132 9.9982E-05 0.122022 9.9982E-05 0.330973 0.0126727
0.265448 0.0443584 0.121865 0.0110065 0.557222 9.9991E-05
0.528761 0.0300343 9.9982E-05 9.9982E-05 0.394019 0.0469856
0.563657 9.9991E-05 0.0918859 0.00253023 0.213193 0.128634
0.147734 0.00426476 0.059032 0.0216697 0.568173 0.199126
0.325042 9.9973E-05 9.9973E-05 9.9973E-05 0.641804 0.0328537
0.284362 9.9973E-05 9.9973E-05 9.9973E-05 0.527674 0.187664
0.66031 0.109224 9.9991E-05 0.130469 0.0415101 0.0583866
0.352982 0.0527771 9.9982E-05 9.9982E-05 0.515861 0.0781805
0.425064 0.019163 0.0532614 0.0464518 0.403406 0.0526541
0.447317 0.042136 0.436899 0.0343161 0.0392316 9.9991E-05
0.388864 0.100752 0.422705 0.0626147 9.9991E-05 0.0249645
0.441269 0.13223 0.383646 0.0426548 9.9982E-05 9.9982E-05
0.355405 0.149207 0.414623 0.0805648 9.9982E-05 9.9982E-05
0.446997 0.151672 0.29051 0.11062 9.9982E-05 9.9982E-05
0.522961 0.0372489 0.0203705 0.154722 0.264597 9.9991E-05
9.9991E-05 0.233494 0.681088 0.0423981 0.0249693 0.0179507
0.160869 0.167883 0.503096 9.9991E-05 0.100884 0.0671691
0.404645 0.161911 0.154731 0.242696 9.9991E-05 0.0359167
0.569318 0.159778 9.9973E-05 0.270604 9.9973E-05 9.9973E-05
0.362414 0.126231 0.0737378 0.307095 0.100308 0.0302144
0.617057 0.150547 9.9991E-05 0.0660569 0.0921827 0.0740567
0.624949 0.163299 0.00562076 0.0566243 0.092075 0.0574323
0.35731 0.166004 0.476386 9.9973E-05 9.9973E-05 9.9973E-05
0.320308 0.0443502 0.443569 9.9991E-05 0.0826661 0.109006
0.494376 0.0350225 0.466934 9.9982E-05 9.9982E-05 0.00346742
0.489206 0.0945656 0.24869 0.0957517 0.0525793 0.0192079
0.263137 0.105274 0.570744 0.00829874 0.0524463 9.9991E-05
0.379253 0.145598 0.350415 9.9991E-05 0.0927067 0.0319278
0.215562 0.150172 0.560637 0.0734296 9.9982E-05 9.9982E-05
0.277456 0.017547 0.51255 0.0573258 0.0196794 0.115442
0.53119 0.0941979 0.0634076 0.223354 0.0780388 0.00981099
0.360979 0.129146 0.385763 0.0385031 0.0211957 0.0644136
0.210266 0.193943 0.595225 0.000366596 9.9982E-05 9.9982E-05
0.274641 0.101428 0.383402 0.0084767 0.189196 0.0428561
0.184368 0.129241 9.9991E-05 0.273632 0.126978 0.285681
0.603628 9.9982E-05 0.0908686 0.203209 9.9982E-05 0.102095
0.363116 0.143139 0.329655 0.0499603 0.0133061 0.100823
0.659678 0.096753 9.9982E-05 0.222001 9.9982E-05 0.0213676
0.479362 0.217517 9.9991E-05 0.108032 0.16295 0.032039
0.317707 0.251252 0.193046 0.0469128 0.190982 9.9991E-05
0.352202 0.274273 0.273937 9.9991E-05 0.0920873 0.00740105
0.504003 0.0886376 0.147101 0.138758 0.0409101 0.0805904
0.414168 0.117334 0.402111 9.9982E-05 0.0661867 9.9982E-05
0.376043 0.189001 0.423398 0.0113585 9.9982E-05 9.9982E-05
0.174418 0.178579 0.638172 0.00863018 9.9982E-05 9.9982E-05
0.628235 0.172123 0.0158714 0.156081 0.0275892 9.9991E-05
0.532993 0.11644 9.9991E-05 0.157805 0.104262 0.0883998
0.244209 0.142941 9.9982E-05 0.602208 0.0104415 9.9982E-05
0.622038 0.15938 0.0568254 0.0456598 0.0739696 0.0421269
0.468942 0.107901 0.0219785 0.179203 0.0215293 0.200447
0.467752 0.17909 0.179895 0.0431791 0.129984 9.9991E-05
0.564153 0.105903 0.0508218 0.177538 9.9991E-05 0.101485
9.9973E-05 0.308642 0.211923 0.479134 9.9973E-05 9.9973E-05
9.9973E-05 0.281552 0.109719 0.608428 9.9973E-05 9.9973E-05
0.283039 0.111787 0.135724 0.457617 9.9991E-05 0.011733
0.0252257 0.303398 0.244904 0.426273 9.9982E-05 9.9982E-05
9.9973E-05 0.43971 0.198945 0.361045 9.9973E-05 9.9973E-05
0.495635 0.11611 0.0470492 0.337106 9.9991E-05 0.00399952
0.426797 0.224064 0.138235 0.210704 9.9982E-05 9.9982E-05
0.221942 0.311809 0.142358 0.26324 0.0605512 9.9991E-05
0.144273 0.302116 0.12839 0.425021 9.9982E-05 9.9982E-05
0.492804 0.117472 0.062015 0.283539 0.0440701 9.9991E-05
0.203546 0.186967 0.162832 0.428976 0.0175787 9.9991E-05
9.9973E-05 0.435701 0.0503043 0.513695 9.9973E-05 9.9973E-05
0.475877 0.0630786 0.237264 0.0391866 0.0891456 0.0954473
0.420771 0.128303 0.219314 0.189657 0.0402029 0.00175059
0.380764 0.284882 0.180232 9.9991E-05 0.121494 0.0325276
0.570193 0.194746 0.234761 9.9973E-05 9.9973E-05 9.9973E-05
0.600069 0.236829 0.105244 9.9991E-05 0.0353896 0.0223685
0.518217 0.222784 0.140801 0.0830919 0.0253595 0.00974593
0.314252 0.413289 0.203466 9.9982E-05 9.9982E-05 0.0687932
0.566266 0.22743 0.121335 0.0847692 9.9982E-05 9.9982E-05
0.440472 0.281876 0.272436 9.9982E-05 0.00501617 9.9982E-05
0.333594 0.271299 0.223126 0.124511 0.0300689 0.0174
0.257473 0.199576 0.121221 0.0304702 0.306767 0.0844924
0.449164 0.136488 0.179233 0.0211889 0.0788523 0.135074
0.514234 0.166452 0.129059 0.0678907 0.0805005 0.041864
0.556658 0.151875 0.0494571 0.0609017 0.181008 9.9991E-05
0.412451 0.295569 0.218351 0.0655899 9.9991E-05 0.00793926
0.502646 0.209275 0.147636 0.0521096 0.0252377 0.0630951
0.175225 0.380566 0.198618 0.245391 9.9982E-05 9.9982E-05
0.462466 0.158564 0.255405 0.10225 9.9991E-05 0.021215
0.274186 0.240203 0.282404 0.203007 9.9982E-05 9.9982E-05
9.9982E-05 0.788022 9.9982E-05 0.0425672 0.0393211 0.129889
0.0757852 0.0956126 0.0317729 9.9991E-05 0.00552503 0.791204
9.996E-05 9.996E-05 9.996E-05 9.996E-05 9.996E-05 0.9995
9.9964E-05 0.0154495 9.9964E-05 9.9964E-05 9.9964E-05 0.984151
0.0551853 9.9964E-05 9.9964E-05 9.9964E-05 9.9964E-05 0.944415
0.0208056 9.9973E-05 0.0572516 9.9973E-05 9.9973E-05 0.921643
0.0521504 9.9964E-05 9.9964E-05 9.9964E-05 9.9964E-05 0.94745
9.9964E-05 0.0418181 9.9964E-05 9.9964E-05 9.9964E-05 0.957782
0.00849344 0.165262 0.0237082 9.9982E-05 9.9982E-05 0.802336
0.0511941 0.914916 9.9982E-05 0.00610814 9.9982E-05 0.0275814
0.0713295 0.807516 0.00449148 9.9982E-05 9.9982E-05 0.116463
0.0513679 0.91784 0.0213914 0.00920088 9.9982E-05 9.9982E-05
0.0427905 0.796577 9.9982E-05 0.0542318 9.9982E-05 0.1062
9.9982E-05 0.886036 0.0785572 9.9982E-05 0.0326425 0.00256472
9.9982E-05 0.87508 0.0128163 0.037784 9.9982E-05 0.0741199
0.0184861 0.756485 0.127281 0.026767 9.9991E-05 0.0708806
0.0461516 0.859644 0.0818954 9.9982E-05 0.0121091 9.9982E-05
9.9982E-05 0.676699 0.152375 9.9982E-05 0.0326672 0.138059
9.9973E-05 0.920475 0.0416543 9.9973E-05 0.0375707 9.9973E-05
9.9964E-05 0.997604 9.9964E-05 9.9964E-05 9.9964E-05 0.00199649
0.0319578 0.875732 0.0304891 0.0268833 0.000319825 0.0346181
0.0203152 0.971813 9.9973E-05 9.9973E-05 9.9973E-05 0.00757154
0.056336 0.890238 0.035881 0.0173455 9.9982E-05 9.9982E-05
0.0414775 0.872664 0.0281763 9.9991E-05 0.0361376 0.0214446
0.113011 0.863258 0.0234308 9.9973E-05 9.9973E-05 9.9973E-05
0.0833416 0.762467 0.153891 9.9973E-05 9.9973E-05 9.9973E-05
0.0681401 0.811112 0.107567 9.9982E-05 0.0129811 9.9982E-05
0.107345 0.809582 0.0567106 9.9982E-05 0.0261627 9.9982E-05
0.3972 0.177721 9.9991E-05 0.269386 0.065947 0.0896465
0.666515 0.0772506 9.9982E-05 0.133344 0.12269 9.9982E-05
0.516217 0.104704 0.10206 0.0580983 0.152717 0.0662031
0.23525 0.0348029 9.9973E-05 0.729647 9.9973E-05 9.9973E-05
0.542139 0.0883347 0.0252861 0.19769 0.0401421 0.106409
0.196163 0.15104 9.9982E-05 0.63304 0.0195572 9.9982E-05
0.642752 0.115601 0.00743507 0.173619 0.060493 9.9991E-05
0.427062 0.0828081 9.9991E-05 0.123154 0.194665 0.17221
0.568696 0.0741625 9.9991E-05 0.117142 0.180083 0.0598158
0.532938 0.0261975 9.9991E-05 0.0285046 0.377571 0.0346889
0.517753 0.107677 9.9991E-05 0.177691 0.0695042 0.127275
0.674778 0.0803336 9.9982E-05 0.197275 0.047413 9.9982E-05
0.607227 0.100921 9.9991E-05 0.104375 0.00672837 0.180649
0.0955371 9.9991E-05 0.0303756 0.304541 0.138859 0.430587
0.00863887 0.00233042 9.9991E-05 0.818214 0.0650763 0.105641
0.250369 0.0563072 9.9982E-05 0.660622 9.9982E-05 0.0325019
0.66773 0.131315 9.9982E-05 0.126053 0.0747018 9.9982E-05
0.591732 0.125424 9.9991E-05 0.18925 0.0677129 0.0257803
0.53635 0.120814 9.9982E-05 0.275068 0.0675669 9.9982E-05
0.604242 0.118268 0.067093 0.172683 0.0376145 9.9991E-05
0.529497 0.169779 0.180195 0.0321291 0.0218645 0.066535
0.603772 0.132128 0.135873 0.00343531 0.0200557 0.104736
0.0938645 0.377642 0.179123 0.177577 0.0288779 0.142916
0.633407 0.152038 9.9991E-05 0.132182 0.0782261 0.00404772
0.404029 0.20495 0.162612 0.0997894 0.0965361 0.0320843
9.9973E-05 0.418836 0.157391 0.423473 9.9973E-05 9.9973E-05
0.354446 0.275168 0.160055 0.152176 0.0580547 9.9991E-05
0.346958 0.371481 0.108046 0.0257949 0.0546874 0.0930322
0.465231 0.312968 0.0307296 9.9991E-05 0.051624 0.139348
0.395317 0.129977 0.222445 0.0111002 0.103775 0.137385
0.616697 0.209386 0.124257 9.9991E-05 0.0284638 0.0210967
0.737153 0.157424 0.0952994 0.00992287 9.9982E-05 9.9982E-05
0.474832 0.151985 0.138847 0.205717 9.9991E-05 0.0285197
0.33633 0.457544 0.125554 9.9991E-05 0.0767464 0.00372514
