0.866626 0.0247264 9.9991E-05 0.00696187 0.00475266 0.0968327
0.943353 9.9982E-05 0.0104158 9.9982E-05 0.0294797 0.0165519
0.82064 0.0290264 9.9982E-05 0.105899 9.9982E-05 0.0442348
0.782162 0.0788287 9.9982E-05 0.00683988 9.9982E-05 0.13197
0.860823 0.0517721 0.00237581 0.0390056 9.9991E-05 0.0459237
0.585704 0.102723 0.168089 0.000983585 0.0930433 0.0494564
0.837336 9.9982E-05 0.126681 0.0238825 9.9982E-05 0.0118998
0.744774 0.00818155 0.139372 9.9991E-05 0.0536543 0.0539179
0.80608 9.9982E-05 0.0795378 9.9982E-05 0.0268772 0.0873051
0.652163 0.151554 0.0868345 0.0557897 0.00862713 0.0450322
0.755678 9.9991E-05 0.11637 0.0246915 0.00102832 0.102132
9.9982E-05 0.0918807 9.9982E-05 0.228978 0.188844 0.490097
9.9982E-05 0.0792186 9.9982E-05 0.531315 0.100701 0.288566
0.00886989 0.128349 0.064844 0.222479 0.127867 0.447592
9.9991E-05 0.220477 0.0573079 0.202279 0.118302 0.401534
0.133646 0.0790744 0.0853391 0.394685 0.105031 0.202224
0.0548616 0.114583 0.0995627 0.523955 0.0699689 0.137069
9.999E-05 0.152837 0.0234003 0.348419 0.192469 0.282775
0.105481 0.147991 0.0400138 0.242011 0.135558 0.328945
0.030708 0.0724251 0.115227 0.017111 0.11259 0.651939
0.0175758 0.0865501 0.0755436 0.467576 0.0711386 0.281615
0.0496252 0.0870748 0.171198 0.380715 0.145903 0.165484
0.0442051 0.0415691 0.0147812 0.538494 0.149682 0.211269
9.999E-05 0.126811 0.0991919 0.25722 0.176555 0.340121
0.0994993 0.0793902 9.99888E-05 0.639752 9.99888E-05 0.181159
0.0118902 0.0867513 9.9991E-05 0.528431 0.118477 0.25435
9.9982E-05 0.199367 9.9982E-05 0.0812529 0.234818 0.484362
9.999E-05 0.293736 0.00986941 0.0401691 0.248143 0.407982
9.9991E-05 0.019865 0.136288 0.221623 0.139586 0.482538
0.847349 0.0216624 9.9973E-05 0.130688 9.9973E-05 9.9973E-05
0.834492 9.9964E-05 9.9964E-05 0.165109 9.9964E-05 9.9964E-05
0.831106 0.00244077 9.9973E-05 0.166153 9.9973E-05 9.9973E-05
0.751701 0.0452768 9.9982E-05 0.174272 0.0285502 9.9982E-05
0.0514243 0.0369211 0.0191916 0.487972 0.31181 0.0926811
0.0518858 0.0637507 0.0352902 0.432413 0.337341 0.0793192
0.00620601 9.9973E-05 9.9973E-05 0.556712 0.436782 9.9973E-05
0.0713593 0.0266169 9.9991E-05 0.183254 0.138895 0.579775
0.0370034 9.9982E-05 0.0469089 0.312413 0.603474 9.9982E-05
0.0449361 0.082378 0.0847501 0.439461 0.175069 0.173405
0.078731 9.9973E-05 9.9973E-05 0.681598 0.239371 9.9973E-05
0.108501 9.9991E-05 0.138284 0.593803 0.118385 0.0409272
0.176024 9.9982E-05 9.9982E-05 0.621653 0.180915 0.0212086
0.0172641 0.021283 9.9991E-05 0.0633734 0.781795 0.116185
0.0849324 0.0483345 0.0910666 0.543328 0.188722 0.0436163
0.0400993 0.136102 0.106509 0.479325 0.180543 0.0574222
0.183481 0.00611559 9.9991E-05 0.528533 0.211321 0.0704487
9.9973E-05 9.9973E-05 0.0380646 0.35036 0.611276 9.9973E-05
0.0213088 0.0748051 0.0225833 0.646333 0.201653 0.033316
0.149845 0.0818871 0.00338175 0.482736 0.240622 0.0415279
0.0756072 9.9973E-05 0.300325 9.9973E-05 0.623768 9.9973E-05
9.9991E-05 0.0590933 0.143684 0.0669344 0.282714 0.447474
0.0169827 0.0147459 0.442592 0.0980189 0.235622 0.192038
9.9991E-05 0.13028 0.062233 0.552526 0.086106 0.168755
0.102877 0.0314239 0.0679459 0.614636 0.105852 0.0772645
9.9991E-05 0.0945633 0.141834 0.627466 0.0756434 0.0603937
0.0720363 9.9991E-05 0.150315 0.205681 0.191282 0.380586
9.9991E-05 0.0121751 0.153442 0.60426 0.0256904 0.204333
0.107078 0.0530456 0.0807689 0.577217 0.0933346 0.0885556
0.15574 9.9991E-05 0.103921 0.349284 0.175099 0.215856
0.189237 0.0490673 0.224731 0.0884804 0.100546 0.347937
0.105832 0.0928871 0.0198563 0.495626 0.149282 0.136517
0.0367072 0.0638362 0.17424 0.42432 0.062382 0.238514
9.9982E-05 9.9982E-05 0.205841 0.047499 0.198612 0.547848
9.9991E-05 0.0548153 0.133871 0.479271 0.0860449 0.245898
0.0410828 0.0555383 0.118562 0.564276 0.107389 0.113152
0.104045 0.0787743 0.0365556 0.495584 0.0539592 0.231082
0.0187208 0.0500106 0.17555 0.294704 0.179986 0.281029
0.024799 0.0271372 0.0726996 0.522857 0.119727 0.23278
0.107817 0.0411732 0.160495 0.577424 9.9991E-05 0.11299
0.0254027 9.9991E-05 0.248471 0.23557 0.106412 0.384044
9.9973E-05 9.9973E-05 9.9973E-05 0.543496 0.420764 0.0354399
0.0193895 0.025716 9.9991E-05 0.0783558 0.813679 0.0627594
0.0175836 0.0225995 0.0891111 0.501949 0.348455 0.0203016
9.9964E-05 9.9964E-05 0.147623 9.9964E-05 0.851978 9.9964E-05
9.9964E-05 9.9964E-05 0.184944 9.9964E-05 0.814656 9.9964E-05
9.9982E-05 0.020311 0.0452709 0.170373 0.763845 9.9982E-05
0.0302041 9.9982E-05 9.9982E-05 0.393043 0.548127 0.0284264
0.211419 0.0119152 0.000163463 0.563973 0.183708 0.0288211
9.9982E-05 0.0958378 9.9982E-05 0.317546 0.542139 0.0442771
0.0271384 0.00797584 9.9991E-05 0.0598037 0.729231 0.175751
0.0281152 0.00330354 9.9991E-05 0.215664 0.489758 0.263059
0.108995 0.08159 0.0743145 0.424292 0.213972 0.0968363
0.0262048 0.0618498 0.0155584 0.188241 0.673289 0.0348561
0.118048 9.9982E-05 0.0457652 0.429742 0.406245 9.9982E-05
0.0123214 0.0132382 0.0438314 0.338567 0.591942 9.9991E-05
9.9973E-05 0.00238414 0.309252 9.9973E-05 0.688064 9.9973E-05
9.9982E-05 0.132454 9.9982E-05 0.467437 0.391563 0.00834492
0.785183 0.072432 9.9982E-05 0.0674957 9.9982E-05 0.0746892
0.923761 9.9964E-05 9.9964E-05 0.0758389 9.9964E-05 9.9964E-05
0.876655 0.0442197 9.9973E-05 0.0788251 9.9973E-05 9.9973E-05
0.917902 9.9964E-05 9.9964E-05 0.0816983 9.9964E-05 9.9964E-05
0.868786 0.0397016 0.00725738 0.0840555 9.9982E-05 9.9982E-05
0.882573 0.0485037 0.0388037 0.0299194 9.9982E-05 9.9982E-05
0.914864 0.00859291 9.9973E-05 0.0762428 9.9973E-05 9.9973E-05
0.113262 9.9991E-05 0.0321017 0.543149 0.26034 0.0510464
0.159299 0.0117997 0.0448606 0.48084 0.215181 0.0880191
0.0508551 9.9982E-05 0.0510662 9.9982E-05 0.813711 0.0841681
0.122562 0.0941461 0.0379768 0.491663 0.154018 0.0996335
0.0304556 9.9982E-05 9.9982E-05 0.411152 0.469493 0.0886993
0.0164398 9.9982E-05 0.0274211 0.601691 0.354248 9.9982E-05
0.0555756 9.9991E-05 0.0204781 0.52395 0.34354 0.0563558
0.00672249 0.0573962 9.9982E-05 0.425876 0.509805 9.9982E-05
0.0421335 9.9973E-05 9.9973E-05 9.9973E-05 0.776414 0.181153
0.158099 0.104219 9.9991E-05 0.447274 0.159208 0.131101
0.11437 0.00998131 0.0179486 0.689424 0.168176 9.9991E-05
0.05278 0.0716806 0.0722036 0.553572 0.188892 0.0608718
0.0431802 0.0446399 0.104178 0.258001 0.549901 9.9991E-05
9.9982E-05 0.0312385 0.0890522 0.391776 0.487734 9.9982E-05
0.0192706 0.0529188 0.0191218 0.427954 0.339775 0.140959
9.9973E-05 0.0709525 9.9973E-05 0.241009 0.687739 9.9973E-05
0.0976434 9.9982E-05 9.9982E-05 0.36931 0.519062 0.0137847
0.166981 9.9991E-05 0.0583212 0.474786 0.158504 0.141308
0.0537355 0.0421273 0.246883 0.252539 0.0938781 0.310837
0.0595356 0.0986771 0.0581342 0.384586 0.0979445 0.301123
0.0460485 0.148246 0.13456 0.443773 9.9991E-05 0.227272
0.0779464 0.0286804 0.0745299 0.635291 0.0869602 0.0965918
0.0102953 9.9991E-05 0.137434 0.477158 0.0336553 0.341358
9.9991E-05 0.0828089 0.0781799 0.538008 0.0291455 0.271757
0.0179442 0.0262249 0.034012 0.471457 9.9991E-05 0.450261
0.0587319 0.00935594 0.0363628 0.526234 0.117187 0.252128
0.106182 0.0186423 0.0382613 0.659721 9.9991E-05 0.177093
0.0518687 0.00466648 0.046397 0.568393 0.175576 0.153099
9.9973E-05 9.9973E-05 9.9973E-05 0.515853 0.103974 0.379873
0.0595412 0.0210748 0.0690762 0.655616 9.9991E-05 0.194592
0.0961046 9.9991E-05 0.111354 0.653997 0.0323457 0.106099
9.9991E-05 0.0253188 0.0270208 0.610337 0.118898 0.218325
0.056607 0.0699591 0.069472 0.662548 0.0567415 0.084672
9.9991E-05 0.12569 0.0603276 0.521121 0.123147 0.169614
0.106436 9.9982E-05 0.195817 0.401503 9.9982E-05 0.296043
9.9991E-05 0.101918 0.0442904 0.544036 0.119507 0.190148
9.9973E-05 9.9973E-05 0.125662 0.725431 9.9973E-05 0.148607
0.00285487 0.056496 0.142481 0.236925 0.186158 0.375086
0.0027119 0.0775376 0.30704 0.140252 0.143352 0.329107
0.0491654 0.0389846 0.0941955 0.537628 0.0382146 0.241812
9.9991E-05 0.0858451 0.340858 0.0506863 0.202843 0.319667
0.0403161 9.9991E-05 0.0237136 0.313333 0.211516 0.411022
0.019641 9.9982E-05 9.9982E-05 0.412107 0.286282 0.28177
9.9982E-05 9.9982E-05 0.00317472 0.296723 0.262629 0.437273
9.9991E-05 0.0441606 0.00646912 0.27809 0.134119 0.537061
0.11052 0.0711978 0.0259199 0.537221 0.168942 0.0861992
0.00277123 0.122056 0.200381 0.510957 9.9991E-05 0.163734
0.0272112 0.0325526 0.0700812 0.505093 0.120495 0.244567
9.9991E-05 0.0730039 0.319601 0.156749 0.100619 0.349927
0.158048 0.0426392 0.153452 0.567486 0.0782754 9.9991E-05
0.00995597 0.110905 0.224643 0.391767 0.172779 0.0899491
0.11813 9.9991E-05 0.601085 0.0488453 0.133197 0.0986426
0.121799 9.9982E-05 0.123288 0.677096 0.0776167 9.9982E-05
0.048249 0.0924387 0.250521 0.300329 0.187209 0.121254
0.0493478 0.116833 0.238728 0.509201 9.9991E-05 0.0857897
0.12121 9.9991E-05 0.378713 0.221796 0.153823 0.124358
0.0569027 9.9991E-05 0.479238 0.306607 0.023112 0.13404
0.0336323 9.9991E-05 0.27599 0.434702 0.0944645 0.161111
0.142706 0.015429 0.141408 0.551874 9.9991E-05 0.148484
0.132789 0.108394 0.216146 0.313636 0.0996735 0.129361
0.0467789 0.181834 0.49763 9.9991E-05 0.198622 0.0750352
0.0959502 0.0766484 0.187487 0.51063 0.129184 9.9991E-05
9.9982E-05 9.9982E-05 0.330528 0.455873 0.0618029 0.151596
9.9982E-05 9.9982E-05 0.250412 0.520309 0.0675551 0.161524
0.0876321 0.084688 0.0757374 0.571023 0.0270986 0.153821
0.340865 0.260537 0.202019 0.120106 0.0515775 0.0248957
0.528559 0.16534 0.305801 9.9973E-05 9.9973E-05 9.9973E-05
0.442478 0.147816 0.409406 9.9973E-05 9.9973E-05 9.9973E-05
0.394499 0.337381 0.189628 0.0782927 9.9982E-05 9.9982E-05
9.9973E-05 9.9973E-05 0.27484 0.703603 0.0212573 9.9973E-05
0.123786 0.026649 0.19831 0.517567 0.0792636 0.0544247
9.9973E-05 0.747476 9.9973E-05 0.242315 0.00990872 9.9973E-05
0.0664175 0.456321 9.9982E-05 0.389466 0.0875955 9.9982E-05
0.0970704 0.404631 0.10832 0.289714 0.100165 9.9991E-05
9.9973E-05 9.9973E-05 0.517309 0.416513 0.0658779 9.9973E-05
9.9991E-05 0.187466 0.212943 0.424198 0.0720871 0.103206
9.9982E-05 9.9982E-05 0.628252 0.269901 0.0828089 0.0188382
9.9991E-05 0.00333306 0.190462 0.628819 0.124137 0.0531488
0.0296566 9.9991E-05 0.337517 0.464608 0.0689097 0.0992093
0.0289772 0.0345933 0.271923 0.579986 0.05732 0.0272012
9.9982E-05 9.9982E-05 0.584183 0.21606 0.132216 0.0673397
0.0393927 0.0697934 0.159005 0.540666 0.17892 0.0122229
0.0204694 0.142984 0.196834 0.548761 0.0264735 0.0644791
9.9973E-05 0.955285 9.9973E-05 0.0393606 0.00505458 9.9973E-05
9.9973E-05 0.903049 9.9973E-05 0.0797905 9.9973E-05 0.016861
0.0031474 0.636982 0.0152186 0.278947 0.0182814 0.0474227
0.0215651 0.661513 9.9982E-05 0.304598 9.9982E-05 0.0121234
9.9982E-05 0.803686 0.0223101 0.138887 0.0349173 9.9982E-05
9.996E-05 0.9995 9.996E-05 9.996E-05 9.996E-05 9.996E-05
9.9964E-05 0.973402 9.9964E-05 9.9964E-05 9.9964E-05 0.0261984
9.9964E-05 0.831141 9.9964E-05 0.16846 9.9964E-05 9.9964E-05
9.9964E-05 0.959229 9.9964E-05 9.9964E-05 9.9964E-05 0.0403711
9.996E-05 0.9995 9.996E-05 9.996E-05 9.996E-05 9.996E-05
9.996E-05 0.9995 9.996E-05 9.996E-05 9.996E-05 9.996E-05
9.9973E-05 0.800631 9.9973E-05 0.115006 9.9973E-05 0.0840634
0.104524 0.803785 9.9982E-05 0.0607211 0.03077 9.9982E-05
9.9964E-05 0.970301 9.9964E-05 9.9964E-05 0.0292989 9.9964E-05
0.044134 0.366191 0.00929815 0.443006 9.9991E-05 0.137271
9.9991E-05 0.732552 0.00026548 0.162891 0.0417905 0.0624009
9.9973E-05 0.789523 9.9973E-05 0.124991 9.9973E-05 0.0851865
0.00669701 0.88894 9.9982E-05 0.0735237 9.9982E-05 0.0306396
0.0186462 0.980954 9.9964E-05 9.9964E-05 9.9964E-05 9.9964E-05
0.0106407 0.861705 0.022599 0.104856 9.9982E-05 9.9982E-05
9.996E-05 0.9995 9.996E-05 9.996E-05 9.996E-05 9.996E-05
9.9991E-05 0.633106 0.0496734 0.259266 0.00438942 0.0534652
9.9973E-05 0.92628 9.9973E-05 9.9973E-05 0.0408384 0.0325821
0.355855 0.0471809 0.596665 9.9973E-05 9.9973E-05 9.9973E-05
0.13606 0.110362 0.241048 0.368701 9.9991E-05 0.143729
0.248238 0.0436123 0.179258 0.44197 0.0296683 0.0572536
0.223495 0.0817667 0.467872 0.226667 9.9982E-05 9.9982E-05
0.136684 0.151179 0.227531 0.418241 0.0454753 0.0208912
0.29115 0.0971936 0.323463 0.227123 0.0609706 9.9991E-05
0.180909 0.101351 0.10785 0.456164 0.0166156 0.13711
0.102024 0.171278 0.401899 0.324599 9.9982E-05 9.9982E-05
0.144024 0.179115 0.226852 0.422408 9.9991E-05 0.0275017
0.160461 0.220513 0.29779 0.299656 0.0214802 9.9991E-05
0.146097 0.123518 0.207325 0.431879 0.0910815 9.9991E-05
0.817515 9.9982E-05 0.0653832 0.0595345 9.9982E-05 0.0573678
0.911677 0.0621129 0.0213489 0.00466153 9.9982E-05 9.9982E-05
0.968056 9.9973E-05 9.9973E-05 0.0126121 9.9973E-05 0.0190323
0.917615 9.9973E-05 9.9973E-05 9.9973E-05 0.0123579 0.0697276
0.897429 9.9987E-05 0.026162 0.0160236 9.9987E-05 0.0601854
0.895768 0.0662915 0.0261534 9.9982E-05 0.0115875 9.9982E-05
0.890796 0.065993 9.9982E-05 0.0226571 0.0203539 9.9982E-05
0.893141 9.9973E-05 0.106133 9.9973E-05 9.9973E-05 0.000425874
0.929409 9.9973E-05 9.9973E-05 0.0111753 0.0591153 9.9973E-05
0.848956 0.112137 0.0167667 0.00358959 9.9991E-05 0.0184506
0.618445 9.9973E-05 9.9973E-05 9.9973E-05 0.151306 0.229948
0.612113 9.9973E-05 9.9973E-05 9.9973E-05 0.10172 0.285867
0.521131 9.9982E-05 0.159801 9.9982E-05 0.0591325 0.259736
0.473999 9.9982E-05 0.0334006 9.9982E-05 0.154687 0.337714
0.0610189 0.0170193 9.9991E-05 0.503346 0.257677 0.160839
9.9982E-05 0.110437 9.9982E-05 0.413677 0.445769 0.0299176
0.00892319 9.9991E-05 0.0460349 0.566087 0.173753 0.205101
0.00862836 0.0143967 0.131345 0.377653 0.194636 0.273342
9.9982E-05 9.9982E-05 0.0525784 0.203429 0.122472 0.621321
0.0245378 0.085984 0.00203291 0.517073 0.370272 9.9991E-05
9.9991E-05 0.0260746 0.0289476 0.491916 0.359276 0.0936862
9.9982E-05 9.9982E-05 0.124526 0.516681 0.296952 0.0616405
9.9973E-05 0.0474111 9.9973E-05 0.286886 0.665403 9.9973E-05
0.132044 9.9982E-05 9.9982E-05 0.646098 0.204433 0.0172245
0.0117277 9.9991E-05 0.0346224 0.402672 0.390457 0.160421
9.9973E-05 9.9973E-05 0.238908 9.9973E-05 0.69232 0.0684715
0.0907127 0.0256302 0.0990341 0.540357 0.0923064 0.15196
0.00391705 9.9982E-05 0.294092 0.270666 0.431125 9.9982E-05
9.9973E-05 9.9973E-05 0.140298 0.56231 0.297092 9.9973E-05
0.0263952 9.9982E-05 9.9982E-05 0.0264245 0.745995 0.200985
0.100582 9.9982E-05 0.147243 0.016231 9.9982E-05 0.735744
0.106601 9.9982E-05 0.13862 0.0929714 9.9982E-05 0.661608
0.0396879 9.9982E-05 0.0747818 0.0253651 9.9982E-05 0.859965
0.115325 9.9973E-05 9.9973E-05 9.9973E-05 0.0771912 0.807184
0.00969262 0.00454057 0.100005 0.0846761 9.9991E-05 0.800985
0.0987322 0.0232902 0.00737971 0.117557 9.9991E-05 0.752941
0.868748 0.0511493 9.9982E-05 0.0456203 0.0342822 9.9982E-05
0.831081 0.0275634 9.9982E-05 0.046989 9.9982E-05 0.0941662
0.759441 0.150709 0.00895842 0.0806918 9.9982E-05 9.9982E-05
0.705583 0.122771 9.9982E-05 0.043919 9.9982E-05 0.127527
0.78064 0.0911282 9.9982E-05 0.050058 9.9982E-05 0.0779741
0.405579 9.9982E-05 0.0272802 9.9982E-05 0.0196696 0.547272
0.470373 9.9982E-05 0.0399884 9.9982E-05 0.0871664 0.402272
0.434252 9.9973E-05 9.9973E-05 9.9973E-05 0.124708 0.44074
0.807781 0.0495832 9.9982E-05 0.133408 9.9982E-05 0.00902695
0.368389 9.9982E-05 0.0490838 9.9982E-05 0.0845598 0.497767
0.211821 0.369199 0.129673 0.279144 0.0100622 9.9991E-05
0.0607493 0.229208 9.9991E-05 0.549351 0.100661 0.0599307
0.189995 0.289228 9.9973E-05 0.520477 9.9973E-05 9.9973E-05
0.281837 0.195982 0.145661 0.328743 0.0476777 9.9991E-05
0.17559 0.184381 0.0401271 0.475053 0.0519835 0.072865
0.424057 0.318852 0.256791 9.9973E-05 9.9973E-05 9.9973E-05
9.9982E-05 9.9982E-05 0.138492 0.453201 0.129852 0.278255
0.0051671 0.0217054 0.250715 0.388509 0.177683 0.156219
0.0429692 0.0524515 0.0323372 0.272986 0.0857716 0.513485
9.9982E-05 9.9982E-05 0.228541 0.505426 0.0686334 0.197199
9.9973E-05 9.9973E-05 0.603994 9.9973E-05 0.206469 0.189238
0.0674575 0.102793 0.0648374 0.478178 0.116575 0.170159
0.0227633 9.9991E-05 0.189363 0.438839 0.0816017 0.267332
0.0642189 9.9982E-05 9.9982E-05 0.319059 0.228586 0.387937
0.10506 0.0604866 0.0603637 0.492214 0.10344 0.178435
9.9982E-05 9.9982E-05 0.397973 0.127258 0.139919 0.33465
0.0282692 0.0526389 0.274536 0.500774 9.9991E-05 0.143682
0.0349971 9.9982E-05 9.9982E-05 0.53402 0.194564 0.23622
0.13905 0.223995 0.0539502 0.32702 0.125143 0.130841
9.9982E-05 9.9982E-05 0.233873 0.38572 0.0409647 0.339242
9.9991E-05 0.0381928 0.146896 0.410755 0.111348 0.292709
9.9991E-05 0.0683132 0.111752 0.435451 0.198332 0.186051
0.00919993 9.9991E-05 0.0567435 0.532822 0.217073 0.184062
0.0369266 0.105053 0.115011 0.536162 0.0857354 0.121112
0.0782846 0.0896032 0.0714703 0.468462 0.116984 0.175196
0.0751079 0.0445836 9.9991E-05 0.560595 0.0595965 0.260017
0.792073 0.0586729 9.9973E-05 0.148954 9.9973E-05 9.9973E-05
0.842131 0.0348334 9.9982E-05 0.0989315 0.0239036 9.9982E-05
0.787881 9.9991E-05 0.087504 0.0627697 0.0324687 0.0292761
0.831405 0.0332126 9.9973E-05 9.9973E-05 0.135083 9.9973E-05
0.832427 0.00727187 9.9973E-05 0.160001 9.9973E-05 9.9973E-05
0.0119979 0.0189595 0.0332756 0.21746 0.151168 0.567139
0.0900689 0.0622296 0.0939693 0.546537 0.0280651 0.17913
0.207908 0.211026 0.0177655 0.439565 0.115412 0.00832376
0.0233524 0.0386916 0.0722805 0.66513 0.0311412 0.169404
0.0820952 9.9991E-05 0.00833733 0.564655 0.131817 0.212995
0.0188609 0.0128128 0.333137 0.335657 9.9991E-05 0.299432
0.14956 9.9982E-05 0.121794 9.9982E-05 0.0924994 0.635946
9.9991E-05 0.062357 0.0460829 0.538004 0.0551224 0.298334
0.0420514 0.0975913 0.169531 0.146237 0.0665839 0.478005
0.0394129 0.0662482 0.147387 0.451108 0.155477 0.140366
0.151729 9.9991E-05 0.107122 0.144539 0.0430022 0.553507
0.0957842 0.0962938 0.0230237 0.57342 9.9991E-05 0.211378
0.0995048 9.9991E-05 0.0418965 0.196252 0.0912664 0.570981
0.00125082 0.109861 0.18795 0.372174 0.0046016 0.324162
0.119405 0.0105612 0.162053 0.393638 0.230367 0.0839757
0.0397587 9.9982E-05 0.519825 0.369163 9.9982E-05 0.071053
0.0314461 9.9991E-05 0.266418 0.640823 0.00912239 0.0520898
0.127605 0.0427132 0.153426 0.555286 0.0884905 0.0324798
9.9982E-05 9.9982E-05 0.465386 0.39735 0.0044577 0.132607
0.0860012 9.9991E-05 0.173117 0.610875 0.0556284 0.0742789
0.0755525 9.9982E-05 0.328622 0.522785 0.0728406 9.9982E-05
9.9982E-05 9.9982E-05 0.716201 0.146228 0.078549 0.0588221
9.9964E-05 9.9964E-05 0.655728 0.343872 9.9964E-05 9.9964E-05
9.9973E-05 9.9973E-05 0.377107 0.518377 9.9973E-05 0.104217
9.9982E-05 9.9982E-05 0.541883 0.212496 0.145775 0.0996469
0.0187278 9.9991E-05 0.34896 0.471948 0.0684169 0.0918477
9.9991E-05 0.0485389 0.10156 0.0889579 0.171899 0.588945
9.9991E-05 0.0283439 0.255257 0.242811 0.137413 0.336075
0.0151063 0.14345 9.9991E-05 0.248017 0.162112 0.431215
9.9982E-05 0.0855538 0.0464249 0.62107 9.9982E-05 0.246751
9.9982E-05 9.9982E-05 0.0850115 0.235637 0.23198 0.447171
0.0917512 0.115769 0.144621 0.449034 9.9991E-05 0.198724
0.0295412 0.136631 0.039779 0.504663 0.0246657 0.26472
9.9982E-05 0.150415 9.9982E-05 0.435868 0.106653 0.306864
0.0434256 0.0311018 9.9991E-05 0.535932 0.169723 0.219718
0.0196315 0.0349195 0.029804 0.476892 0.132476 0.306278
9.9982E-05 0.0766712 9.9982E-05 0.257769 0.13856 0.5268
9.9991E-05 0.100823 0.00378051 0.282711 0.126218 0.486367
0.0108376 0.000756513 0.0191186 0.631124 0.0611026 0.277061
0.057886 9.99873E-05 9.99873E-05 0.656752 0.126955 0.158207
0.0694039 0.0158858 0.135224 0.438162 0.0706533 0.270671
9.9991E-05 0.0715471 0.0774421 0.525764 0.0208556 0.304291
0.0364641 0.0307944 0.0713591 0.378054 0.0275354 0.455793
0.0219701 0.00139231 0.0399508 0.634988 0.0569886 0.24471
0.0822236 0.110615 9.9991E-05 0.438209 0.0871225 0.28173
0.0856693 0.119581 0.0565446 0.4554 0.0467788 0.236026
0.333447 0.119689 9.9991E-05 0.423533 0.100636 0.0225941
0.0891186 0.203733 0.183895 0.497799 0.0253539 9.9991E-05
0.199382 0.0587161 0.0338091 0.579107 0.0618791 0.0671067
0.0521459 0.177832 0.0524257 0.46842 0.125922 0.123254
0.225138 0.222632 9.9982E-05 0.43018 0.12185 9.9982E-05
9.9982E-05 0.0308062 0.313493 0.476867 9.9982E-05 0.178633
0.1885 0.0881893 9.9991E-05 0.454484 0.191015 0.0777116
0.249855 0.125146 0.430207 0.0128749 0.181817 9.9991E-05
0.0869065 0.276197 0.0682699 0.434257 0.00495048 0.129419
0.157685 0.165702 0.0597678 0.531944 0.0848011 9.9991E-05
0.0842249 0.280455 9.9991E-05 0.390376 0.198949 0.0458949
0.188927 0.169634 0.188976 0.239372 0.122872 0.0902191
0.258709 0.155216 9.9982E-05 0.486971 0.0989031 9.9982E-05
0.223339 0.112093 0.0717201 0.588013 9.9991E-05 0.00473554
0.43721 0.200247 0.362244 9.9973E-05 9.9973E-05 9.9973E-05
0.275547 0.123288 0.00551065 0.57414 0.0214147 9.9991E-05
0.130417 0.177528 0.137609 0.554246 9.9982E-05 9.9982E-05
0.137499 0.154995 0.0780898 0.508705 0.0969629 0.0237481
0.223402 0.110712 0.0467497 0.618481 9.9991E-05 0.000555234
0.182195 0.154473 0.108872 0.480792 0.0510236 0.0226445
0.00273075 0.0487287 0.237758 0.506833 0.178571 0.0253784
0.0615419 0.113488 0.132396 0.532282 0.11087 0.0494225
9.9982E-05 9.9982E-05 0.519522 0.046787 0.332576 0.100914
9.9982E-05 9.9982E-05 0.589772 0.0703093 0.233438 0.106281
0.0109358 0.120903 0.123042 0.440054 0.140655 0.16441
0.116251 0.278953 0.199477 0.376388 0.0288314 9.9991E-05
0.102094 0.337716 0.210154 0.301713 0.0482234 9.9991E-05
0.16947 0.365247 0.284208 0.153119 9.9991E-05 0.0278568
0.169865 0.27858 0.171737 0.348278 0.0314404 9.9991E-05
0.0203003 0.13164 0.705207 0.1316 9.9991E-05 0.0111517
0.0860393 0.0995395 0.502843 0.236353 0.0751251 9.9991E-05
0.0225419 0.110487 0.204809 0.569025 0.0930372 9.9991E-05
0.0848772 0.0712911 0.230848 0.563713 0.0491707 9.9991E-05
0.0381533 0.139082 0.49588 0.246208 0.0805766 9.9991E-05
0.0248413 0.12298 0.136295 0.477734 0.197944 0.0402052
0.0358313 0.115146 0.117896 0.594239 0.127858 0.00902939
0.108463 0.0432004 0.0955004 0.553685 0.126433 0.0727182
9.9982E-05 9.9982E-05 0.295757 0.371134 0.211539 0.12137
9.9991E-05 0.0410196 0.344074 0.337595 0.193358 0.0838531
0.0629231 9.9991E-05 0.157028 0.556599 0.198918 0.0244312
0.0412058 0.0348792 0.305964 0.456725 0.0266443 0.134582
0.124281 0.139221 0.167149 0.451845 0.0650013 0.052502
9.9982E-05 9.9982E-05 0.393668 0.526675 0.0157512 0.0637057
9.9982E-05 9.9982E-05 0.558923 0.319064 0.0727083 0.0491047
0.0504592 0.00429689 0.215248 0.580012 0.149884 9.9991E-05
9.9982E-05 9.9982E-05 0.518839 0.329974 0.132854 0.0181327
9.9991E-05 0.00963715 0.391892 0.471808 0.0966817 0.0298813
0.100411 9.9991E-05 0.223769 0.599411 0.0121381 0.0641703
9.9991E-05 0.0574879 0.229846 0.562206 0.0846367 0.0657239
0.188642 0.172401 0.0819048 0.532184 9.9991E-05 0.0247685
0.138834 0.181007 0.20839 0.376326 0.0344756 0.0609671
0.186006 0.272718 0.108868 0.324499 0.0709121 0.0369966
0.199495 0.127712 0.174261 0.391897 0.0223639 0.0842722
0.13943 0.188932 0.0526833 0.382128 0.125284 0.111544
0.111256 0.156724 0.194907 0.438485 0.0451023 0.0535253
0.149942 0.171292 0.601186 9.9991E-05 0.0150385 0.0624428
0.0889167 0.150295 0.0830578 0.621404 9.9991E-05 0.0562264
0.377777 0.140168 0.481755 9.9973E-05 9.9973E-05 9.9973E-05
0.084841 0.191446 0.145823 0.553321 0.0244692 9.9991E-05
9.9973E-05 9.9973E-05 0.59613 0.132826 0.270744 9.9973E-05
9.9973E-05 9.9973E-05 0.632201 9.9973E-05 0.313049 0.0544505
9.9982E-05 9.9982E-05 0.293588 0.465675 0.223118 0.017419
0.025657 9.9973E-05 0.283046 0.690998 9.9973E-05 9.9973E-05
9.9982E-05 9.9982E-05 0.398514 0.429707 0.140154 0.0314245
0.0306317 0.00383421 0.219742 0.504239 0.241453 9.9991E-05
9.9982E-05 0.0395064 0.277037 0.560431 0.122826 9.9982E-05
0.780643 0.120322 0.044033 0.0125153 0.0423867 9.9991E-05
0.692774 0.0813771 0.0533956 9.9991E-05 0.0513133 0.12104
0.86255 0.0713753 9.9973E-05 9.9973E-05 9.9973E-05 0.0657746
0.938083 9.9964E-05 9.9964E-05 0.0615169 9.9964E-05 9.9964E-05
0.0784558 0.0563461 0.0254189 0.483615 0.322791 0.0333733
0.0474679 0.0893459 0.100781 0.362315 0.383888 0.0162031
9.9973E-05 9.9973E-05 9.9973E-05 0.391047 0.553742 0.0549112
0.0886969 0.0101525 9.99904E-05 0.663492 0.190908 0.0466509
0.158104 9.9982E-05 9.9982E-05 0.584078 0.192135 0.0654831
0.0231924 9.9991E-05 0.0650687 0.188199 0.643396 0.0800433
9.9973E-05 0.0373388 9.9973E-05 0.554048 0.408313 9.9973E-05
0.0322649 9.9982E-05 0.140426 0.338925 0.488184 9.9982E-05
0.24355 0.144426 0.0269449 0.51628 0.0580818 0.0107179
9.9991E-05 0.092209 0.129855 0.33096 0.400899 0.0459771
0.0254687 9.9991E-05 0.00433354 0.285863 0.572022 0.112213
9.9982E-05 9.9982E-05 0.00571783 0.537776 0.427469 0.0288374
0.0615672 9.9982E-05 9.9982E-05 0.327189 0.607737 0.00330684
9.9973E-05 9.9973E-05 0.119613 0.563909 0.316178 9.9973E-05
0.0688937 0.0711246 9.9982E-05 0.452187 0.407594 9.9982E-05
9.9973E-05 9.9973E-05 0.123478 0.0650386 0.811183 9.9973E-05
9.9973E-05 9.9973E-05 0.167759 0.222818 0.609123 9.9973E-05
9.9991E-05 0.0338464 0.0553636 0.227461 0.533648 0.149581
9.9964E-05 9.9964E-05 0.227574 9.9964E-05 0.772026 9.9964E-05
0.0738672 9.9982E-05 9.9982E-05 0.367594 0.49001 0.068329
9.9982E-05 9.9982E-05 0.300825 0.106807 0.584711 0.00745712
9.9964E-05 9.9964E-05 0.343854 9.9964E-05 0.655746 9.9964E-05
0.0368987 0.0329552 9.9991E-05 0.544479 0.357581 0.0279861
0.0506775 0.00124434 0.0333773 0.230581 0.644414 0.0397059
0.00721394 0.0916655 9.9991E-05 0.349726 0.451505 0.0997892
0.0855717 0.0772665 0.0612582 0.525034 0.250769 9.9991E-05
0.0171406 0.0211997 9.9991E-05 0.440611 0.438044 0.082905
9.9991E-05 0.0838851 0.22075 0.335158 0.0534486 0.306658
9.9982E-05 0.0619923 9.9982E-05 0.482755 0.380804 0.0742489
0.0520445 0.00670264 9.9991E-05 0.429232 0.409339 0.102581
9.9982E-05 9.9982E-05 0.0486766 0.331798 0.612766 0.00655874
0.0772729 0.0465089 0.0563055 0.544371 0.275441 9.9991E-05
0.620448 9.9973E-05 0.101464 9.9973E-05 9.9973E-05 0.277788
0.771446 0.00502537 0.028079 0.01847 0.0885187 0.0884613
0.795964 9.9973E-05 0.0693385 9.9973E-05 9.9973E-05 0.134398
0.800414 9.9982E-05 0.00613093 9.9982E-05 0.0419216 0.151333
0.73907 9.9982E-05 0.00964243 0.0484609 9.9982E-05 0.202627
0.0159942 0.0326903 9.9991E-05 0.0776786 0.721534 0.152003
0.0460766 9.9991E-05 0.0357156 0.0600357 0.730895 0.127177
9.9973E-05 9.9973E-05 0.0702639 0.0769364 0.8525 9.9973E-05
0.176199 0.139156 9.9991E-05 0.436861 0.238588 0.00909637
0.125757 0.0735004 0.0262811 0.507719 0.194551 0.0721911
0.0337198 0.0770621 0.0216125 0.243271 0.600025 0.0243104
0.013223 0.0835478 0.0202836 0.541276 0.30725 0.0344198
0.0448784 0.0140011 0.0693255 0.415325 0.45637 9.9991E-05
0.0519029 9.9973E-05 9.9973E-05 0.526929 0.420868 9.9973E-05
0.0818505 0.0071063 9.9982E-05 0.596752 0.314092 9.9982E-05
9.9991E-05 0.0128598 0.0117257 0.187751 0.630997 0.156566
0.0322913 9.9982E-05 9.9982E-05 0.328367 0.592601 0.0465405
9.9973E-05 9.9973E-05 9.9973E-05 0.232598 0.660116 0.106986
0.128706 9.9982E-05 0.168976 0.620944 0.081175 9.9982E-05
0.0365362 9.9973E-05 9.9973E-05 0.359624 0.60354 9.9973E-05
0.0255917 0.0467262 0.0297787 0.347154 0.493202 0.0575473
0.0856948 0.334676 9.9991E-05 0.476269 0.100932 0.00232827
0.0896073 0.460696 0.0545605 0.312045 9.9991E-05 0.0829915
0.00693832 0.435906 0.0659089 0.433679 9.9991E-05 0.0574684
0.176302 0.491497 0.0514799 0.264222 0.0163987 9.9991E-05
0.197032 0.253161 0.0154109 0.534196 9.9982E-05 9.9982E-05
0.00374038 9.9982E-05 0.147265 0.477114 0.371681 9.9982E-05
0.235037 0.670039 0.0156293 0.0522334 9.9991E-05 0.0269613
0.177288 0.420241 9.9982E-05 0.307778 0.0944937 9.9982E-05
0.133768 0.18409 0.144668 0.382635 0.154739 9.9991E-05
0.16639 9.9982E-05 0.220068 0.597269 0.0160734 9.9982E-05
0.144355 0.00508992 0.271986 0.502439 0.0717271 0.00440219
0.101091 9.9982E-05 0.197546 0.69176 9.9982E-05 0.0094025
0.098099 9.9991E-05 0.0306904 0.618559 0.113733 0.138819
0.17734 0.458808 9.9973E-05 0.363552 9.9973E-05 9.9973E-05
0.0883683 0.362619 9.9991E-05 0.343562 0.131646 0.0737056
0.118214 0.514553 9.9991E-05 0.340378 0.00828086 0.018474
0.159075 0.233415 9.9991E-05 0.483453 0.0890805 0.0348767
0.0766831 0.574567 0.00510288 0.204077 0.112243 0.0273272
0.152775 0.285166 0.0679454 0.478006 0.0160072 9.9991E-05
0.130671 0.553708 0.0370698 0.240871 0.022686 0.0149939
0.0815286 0.432101 9.9991E-05 0.277622 0.153243 0.0554055
0.074242 9.9973E-05 0.2786 0.646858 9.9973E-05 9.9973E-05
0.11266 0.374735 0.0948876 0.337891 9.9991E-05 0.0797259
0.152109 0.682538 0.0178167 0.147336 9.9982E-05 9.9982E-05
0.121739 0.415144 0.00222058 0.357275 0.0335888 0.0700318
0.153885 9.9991E-05 0.247717 0.208169 0.133459 0.25667
9.9982E-05 0.0847547 0.278375 0.553102 9.9982E-05 0.0835685
0.110973 0.335235 0.0120107 0.393476 9.9991E-05 0.148205
0.134069 9.9982E-05 0.0975414 0.653577 9.9982E-05 0.114612
0.160492 9.9991E-05 0.246998 0.514454 0.0713353 0.00662107
0.22251 0.180555 0.043463 0.410144 0.108066 0.0352623
0.242909 0.234782 0.122362 0.376659 9.9991E-05 0.0231882
0.066357 0.118333 0.111468 0.575335 0.0181174 0.11039
0.132295 0.382271 0.0547362 0.374811 0.0524737 0.0034129
0.129017 0.461299 0.0251434 0.297708 0.0867329 9.9991E-05
0.17201 0.59989 0.0558317 0.172068 9.9982E-05 9.9982E-05
0.095187 9.9991E-05 0.163889 0.608646 0.0247688 0.107409
0.0981134 9.9991E-05 0.186816 0.496338 0.0756789 0.142954
0.113081 0.0133668 0.626338 0.247015 9.9982E-05 9.9982E-05
0.156229 0.0486498 0.0369658 0.611767 0.0934988 0.0528894
0.0786324 0.0724912 0.169545 0.346782 0.162908 0.169642
0.214973 0.124231 0.144994 0.460357 0.0553451 9.9991E-05
0.15265 0.121765 0.12779 0.507572 9.9991E-05 0.0901231
0.316257 0.175042 0.508401 9.9973E-05 9.9973E-05 9.9973E-05
0.29699 0.124263 0.578447 9.9973E-05 9.9973E-05 9.9973E-05
0.108475 0.146604 0.402634 0.313824 9.9991E-05 0.0283627
0.339767 0.228307 0.413814 0.0179116 9.9982E-05 9.9982E-05
0.402153 0.250204 0.347344 9.9973E-05 9.9973E-05 9.9973E-05
0.10927 0.109985 0.281154 0.417948 0.0815431 9.9991E-05
0.227088 0.128038 0.252855 0.38616 0.00435978 0.00149939
0.313471 0.166768 0.321165 0.18639 0.0121053 9.9991E-05
0.240496 0.197578 0.503233 0.0584927 9.9982E-05 9.9982E-05
0.106405 0.19659 0.281096 0.41571 9.9982E-05 9.9982E-05
0.271094 0.102184 0.39255 0.152318 0.0817548 9.9991E-05
0.453688 0.0334125 0.5126 9.9973E-05 9.9973E-05 9.9973E-05
0.128519 0.145126 0.00681152 0.522682 0.0385191 0.158343
0.166095 0.251208 0.208556 0.33268 9.9991E-05 0.0413601
0.325467 0.159391 0.0103774 0.436209 0.0496714 0.0188836
0.210074 0.27999 9.9973E-05 0.509636 9.9973E-05 9.9973E-05
0.178558 0.179305 0.0610153 0.502197 0.0788249 9.9991E-05
0.148889 0.204895 0.106226 0.503703 0.00352792 0.0327581
0.394667 0.185967 0.0540969 0.343188 9.9991E-05 0.021982
0.177498 0.144398 0.100919 0.537037 9.9991E-05 0.0400476
0.23756 0.255926 0.0119197 0.446101 0.0254728 0.0230206
0.257822 0.170378 0.158842 0.412758 9.9982E-05 9.9982E-05
0.153303 0.194269 9.9991E-05 0.203363 0.30203 0.146935
0.181217 0.107655 0.0477953 0.446775 0.155028 0.0615293
0.125658 0.153285 0.0397356 0.524644 0.063332 0.0933458
0.144845 0.0599479 0.0312447 0.576105 0.187757 9.9991E-05
0.307391 0.272034 9.9982E-05 0.370167 9.9982E-05 0.0502079
0.269894 0.197385 0.0223865 0.473353 0.0337225 0.00325858
0.405728 0.181661 0.244471 0.144633 0.0234072 9.9991E-05
0.22739 0.187788 9.9991E-05 0.391668 0.124349 0.068704
0.300635 0.319177 0.127764 0.249827 0.0024971 9.9991E-05
0.805752 9.9982E-05 0.0503366 9.9982E-05 0.0523905 0.0913207
0.0369814 9.9982E-05 9.9982E-05 0.152181 0.0815396 0.729098
0.0565441 9.9964E-05 9.9964E-05 9.9964E-05 9.9964E-05 0.943056
0.0150115 9.9964E-05 9.9964E-05 9.9964E-05 9.9964E-05 0.984589
9.9964E-05 9.9964E-05 9.9964E-05 0.00696158 9.9964E-05 0.992639
0.000610689 0.0310209 9.9982E-05 0.0187405 9.9982E-05 0.949428
9.9964E-05 9.9964E-05 9.9964E-05 0.121814 9.9964E-05 0.877786
0.0412885 9.9964E-05 9.9964E-05 9.9964E-05 9.9964E-05 0.958312
0.230804 9.9964E-05 9.9964E-05 9.9964E-05 9.9964E-05 0.768797
0.918625 0.0104699 9.9982E-05 0.0258168 9.9982E-05 0.0448888
0.810299 9.9973E-05 9.9973E-05 0.0785375 9.9973E-05 0.110863
0.877763 0.0208513 9.9982E-05 0.0610363 0.0401499 9.9982E-05
0.787778 9.9982E-05 0.0308415 0.0922606 9.9982E-05 0.0889201
0.897426 0.026353 9.9991E-05 0.0193942 0.0354341 0.0212926
0.892007 9.9973E-05 9.9973E-05 9.9973E-05 0.0186031 0.0890897
0.708709 0.205444 9.9973E-05 9.9973E-05 9.9973E-05 0.0855463
0.847752 0.0682141 9.9982E-05 0.0167209 0.0671132 9.9982E-05
0.673852 0.104179 9.9991E-05 0.0372583 0.0152473 0.169363
0.936493 0.0631069 9.9964E-05 9.9964E-05 9.9964E-05 9.9964E-05
0.953477 9.9964E-05 9.9964E-05 9.9964E-05 9.9964E-05 0.0461227
0.827908 0.0376703 0.031027 0.0563793 0.0149555 0.0320603
0.953875 9.9973E-05 9.9973E-05 0.0319028 9.9973E-05 0.0139219
0.926319 0.0489823 9.9973E-05 0.0243991 9.9973E-05 9.9973E-05
0.879271 0.0276248 9.9982E-05 0.0705367 0.0223672 9.9982E-05
0.8732 0.0267745 9.9973E-05 0.0997258 9.9973E-05 9.9973E-05
0.763721 0.112209 9.9973E-05 0.123771 9.9973E-05 9.9973E-05
0.753674 0.0726077 9.9973E-05 0.173418 9.9973E-05 9.9973E-05
0.804373 0.0843829 9.9982E-05 0.106066 0.0049783 9.9982E-05
0.13506 9.9991E-05 0.251824 0.459583 0.0335604 0.119872
0.0826835 9.9991E-05 0.0988263 0.735135 0.0776555 0.00559987
0.120016 0.0977038 0.0665615 0.465096 0.0737597 0.176863
0.0669327 0.0141928 0.612017 0.175288 0.111534 0.0200364
0.116655 9.9991E-05 0.149562 0.612529 0.0243114 0.0968429
0.137181 9.9973E-05 0.681543 0.180976 9.9973E-05 9.9973E-05
0.0856149 0.0582428 0.175335 0.678534 9.9991E-05 0.00217359
0.129465 9.9991E-05 0.268808 0.443495 0.0975288 0.0606024
0.110047 9.9991E-05 0.252607 0.610504 0.00416382 0.0225779
0.00674275 0.0668426 0.0990286 0.394214 0.385398 0.0477742
0.120268 9.9991E-05 0.217668 0.455398 0.081541 0.125025
0.0463557 0.0192619 0.206949 0.667425 0.0355665 0.0244416
0.108801 9.9991E-05 0.182507 0.557087 0.0637844 0.0877213
9.9982E-05 0.0832487 0.196809 9.9982E-05 0.18758 0.532162
0.0223952 9.9973E-05 0.893059 9.9973E-05 9.9973E-05 0.0842454
0.0754679 9.9973E-05 0.691775 0.232457 9.9973E-05 9.9973E-05
0.0598388 0.0590885 0.139517 0.632989 0.00137077 0.107195
0.0823193 9.9982E-05 0.275064 0.573962 9.9982E-05 0.0684545
0.139175 9.9991E-05 0.156967 0.577302 0.0757013 0.0507544
0.123098 0.085575 0.0664815 0.605517 0.119228 9.9991E-05
0.187628 0.20909 0.101484 0.501598 9.9982E-05 9.9982E-05
0.241765 0.149246 9.9991E-05 0.572475 0.0297661 0.00664795
0.399086 0.152907 0.140648 0.187902 9.9991E-05 0.119357
0.0709662 0.0314764 0.143878 0.569205 0.11899 0.0654851
0.219076 0.128035 0.073669 0.38458 0.116409 0.0782319
0.428166 0.190028 0.381505 9.9973E-05 9.9973E-05 9.9973E-05
0.279985 0.203543 0.200046 0.297081 0.0192458 9.9991E-05
0.332031 0.164847 0.0320085 0.296614 0.120385 0.0541139
0.354132 0.0279536 9.9991E-05 0.459624 0.0712597 0.0869313
0.143654 0.141059 0.0463202 0.602058 0.0122618 0.0546461
0.189581 0.172451 0.0618262 0.498355 0.0439015 0.0338859
0.228314 0.0573228 9.9973E-05 0.714063 9.9973E-05 9.9973E-05
0.181697 0.0811382 0.182503 0.456958 0.0976035 9.9991E-05
0.451303 0.130515 9.9991E-05 0.331359 0.0504795 0.0362441
