9.9973E-05 0.085675 0.870917 0.0431086 9.9973E-05 9.9973E-05
9.9982E-05 0.0257469 0.904777 9.9982E-05 0.0479198 0.021356
0.0916602 0.0567783 0.796967 0.0543942 9.9982E-05 9.9982E-05
0.03221 0.113836 0.782618 0.071136 9.9982E-05 9.9982E-05
0.0539585 9.9982E-05 0.863364 0.0768137 0.00566382 9.9982E-05
0.116568 0.0526913 0.594918 0.0115199 0.145161 0.0791419
9.9982E-05 0.0849098 0.838935 9.9982E-05 0.0649336 0.0110217
0.00558591 0.138785 0.77189 0.000447221 0.0763852 0.00690598
9.9982E-05 0.0874836 0.835095 9.9982E-05 0.0472396 0.0299818
0.0470035 0.0570213 0.719099 0.066152 0.110624 9.9991E-05
9.9973E-05 0.215829 0.713798 9.9973E-05 0.0700731 9.9973E-05
0.203803 0.470863 9.9982E-05 0.0874562 9.9982E-05 0.237677
0.544406 0.281253 0.0162884 0.0410948 0.0304422 0.0865156
0.198072 0.376614 0.0546282 0.0950716 0.0694557 0.206158
0.238923 0.435599 9.9991E-05 0.184507 0.0532168 0.0876545
0.282932 0.228966 0.123954 0.143038 0.0830246 0.138085
0.521019 0.133117 0.0922144 0.113884 9.9991E-05 0.139666
0.433446 0.188364 9.9991E-05 0.0857547 0.102375 0.189961
0.27529 0.259093 0.0727177 0.136912 0.0329555 0.223032
9.9991E-05 0.637259 0.0155712 0.0912072 0.113814 0.142048
0.400048 0.231153 0.0665576 0.051773 0.011558 0.238911
0.55787 0.0573915 0.038726 0.00895953 0.12931 0.207742
0.56033 0.232206 0.0298293 0.0150382 0.0257459 0.13685
0.217763 0.302578 9.9991E-05 0.133324 0.0507272 0.295508
0.649291 0.0906703 0.0493891 0.0471736 0.0505821 0.112894
0.505365 0.151036 0.054309 0.0825136 9.9991E-05 0.206677
0.126466 0.45586 0.0173725 0.181571 0.017006 0.201724
0.164821 0.364463 0.0353962 0.201045 9.9991E-05 0.234175
0.347701 0.367616 9.9982E-05 9.9982E-05 0.151501 0.132983
0.0877353 9.9973E-05 0.874169 0.0377955 9.9973E-05 9.9973E-05
0.163197 9.9964E-05 0.836403 9.9964E-05 9.9964E-05 9.9964E-05
0.102137 9.9982E-05 0.780085 0.0811606 9.9982E-05 0.0364172
0.097083 0.00746439 0.730636 0.133079 9.9991E-05 0.031637
0.580578 0.120976 0.0442345 9.9991E-05 0.0424849 0.211627
0.524588 0.106286 0.0774247 9.9982E-05 9.9982E-05 0.291502
0.487242 9.9991E-05 0.00995444 0.0775819 0.0620888 0.363033
0.197262 0.53853 0.0925537 9.9991E-05 0.0524031 0.119152
0.320865 9.9991E-05 0.066012 0.0122907 0.0450787 0.555653
0.530959 0.181341 0.0526714 0.0299119 9.9991E-05 0.205017
0.658646 0.0176721 0.0216753 0.0672415 0.0584852 0.17628
0.610907 0.0190649 0.0767984 9.9991E-05 0.137045 0.156085
0.598535 0.129808 0.0589074 0.039781 0.00565419 0.167315
0.107883 0.126753 0.0611075 9.9982E-05 9.9982E-05 0.704056
0.561836 0.106326 0.0417188 0.0515571 0.15723 0.0813318
0.430398 0.00651784 0.0313362 0.153172 0.0482167 0.33036
0.546242 0.111938 0.119162 0.118619 9.9991E-05 0.103938
0.232044 9.9973E-05 9.9973E-05 9.9973E-05 0.0446043 0.723052
0.689748 9.9973E-05 0.0784003 9.9973E-05 9.9973E-05 0.231552
0.572581 0.034082 0.117318 0.110643 0.00412105 0.161255
9.9973E-05 9.9973E-05 0.0473027 9.9973E-05 0.284964 0.667434
0.105846 0.467134 9.9982E-05 9.9982E-05 0.179691 0.247129
0.0831344 0.176212 0.0380802 0.0312912 0.478138 0.193144
0.551887 0.204679 0.0938711 0.0815651 0.0277289 0.0402695
0.622143 0.0166888 0.132785 0.0412435 0.122597 0.0645433
0.645888 0.150774 0.0631056 0.00401074 0.015176 0.121046
0.149651 0.384802 0.0853815 9.9991E-05 0.0968096 0.283256
0.596213 0.143049 0.064644 9.9991E-05 0.0809293 0.115064
0.434041 0.161483 0.0780734 0.119999 0.115708 0.0906961
0.330405 0.221075 0.123976 0.0080718 0.0958219 0.22065
0.0278231 0.313165 0.157242 0.123469 0.236134 0.142168
0.570903 0.168201 0.117329 0.00716205 0.0265673 0.109838
0.438484 0.238949 0.0705198 0.0762843 0.0475895 0.128174
0.059206 0.516967 0.0280893 9.9991E-05 0.18935 0.206288
0.583726 0.202642 9.9982E-05 9.9982E-05 0.102633 0.110799
0.732645 0.102237 0.0262406 0.030935 0.0877367 0.0202057
0.572545 0.158633 0.0768984 0.0221433 0.114393 0.055387
0.254454 0.258674 0.0391525 0.0474985 0.096916 0.303304
0.478445 0.11634 0.0194292 0.0547316 0.0597807 0.271274
0.619331 0.207324 0.126941 9.9982E-05 9.9982E-05 0.0462044
0.250416 0.355589 9.9982E-05 9.9982E-05 0.210708 0.183087
0.490697 0.0428356 9.9982E-05 9.9982E-05 0.00312673 0.46314
0.173783 0.087715 0.00766771 9.9982E-05 9.9982E-05 0.730635
0.479767 0.087022 0.0449534 0.0469142 0.0172987 0.324045
9.9973E-05 9.9973E-05 9.9973E-05 0.000616236 0.108754 0.890329
9.9964E-05 9.9964E-05 9.9964E-05 9.9964E-05 0.164537 0.835063
0.229856 9.9982E-05 9.9982E-05 0.0234463 0.0285363 0.717962
0.422265 0.0652575 0.0585016 9.9982E-05 9.9982E-05 0.453776
0.594142 0.110679 0.0640866 0.0747919 0.027996 0.128305
0.390376 0.180803 9.9982E-05 0.0706659 9.9982E-05 0.357955
0.131441 0.145767 0.0903724 0.031264 9.9991E-05 0.601056
0.214525 0.270981 0.00908615 9.9982E-05 9.9982E-05 0.505207
0.342072 0.0501073 0.0958608 0.10681 0.0225524 0.382597
0.227211 0.0991512 9.9982E-05 0.0561793 9.9982E-05 0.617258
0.410784 0.0312803 0.0552343 9.9991E-05 0.0102139 0.492387
0.33766 9.9973E-05 9.9973E-05 9.9973E-05 0.0518668 0.610173
9.9964E-05 9.9964E-05 9.9964E-05 9.9964E-05 0.278876 0.720724
0.639633 0.0656435 0.0118804 0.0167237 0.0360387 0.230081
0.0484611 0.108876 0.776754 0.0657087 9.9982E-05 9.9982E-05
0.105498 9.9973E-05 0.885437 9.9973E-05 9.9973E-05 0.00876464
0.114623 0.0105986 0.874478 9.9973E-05 9.9973E-05 9.9973E-05
0.052597 9.9982E-05 0.911894 0.023625 9.9982E-05 0.0116842
0.0605101 9.9982E-05 0.879346 0.0196958 9.9982E-05 0.0402477
0.0471346 9.9982E-05 0.880628 0.0394722 9.9982E-05 0.0325654
0.0682407 9.9973E-05 0.925957 9.9973E-05 0.0055024 9.9973E-05
0.381172 0.0967286 0.0686001 0.123106 0.046711 0.283682
0.608746 0.0927984 0.0799798 0.0585586 9.9991E-05 0.159818
0.022471 0.0961772 0.0512928 9.9982E-05 9.9982E-05 0.829859
0.494454 0.11656 0.123919 0.115279 9.9991E-05 0.149688
0.382024 0.16039 0.0323365 9.9982E-05 9.9982E-05 0.425049
0.563183 0.00408998 0.0707876 0.0084668 0.0254321 0.32804
0.435071 9.9982E-05 0.0895612 9.9982E-05 0.136882 0.338286
0.30163 9.9991E-05 0.0326907 0.128382 0.0320362 0.505161
9.9973E-05 0.172806 0.0680451 9.9973E-05 9.9973E-05 0.758849
0.505742 0.0725353 0.205867 0.0430901 9.9991E-05 0.172665
0.634288 0.0228133 0.0257209 0.0456025 9.9991E-05 0.271475
0.422148 0.119767 0.0669445 0.167667 0.0394016 0.184072
0.287785 9.9982E-05 0.0404331 9.9982E-05 0.0813772 0.590205
0.496208 9.9982E-05 9.9982E-05 0.0439646 0.0332123 0.426415
0.428673 0.0738371 0.0343717 9.9991E-05 0.02772 0.435299
0.304808 9.9973E-05 9.9973E-05 0.098501 9.9973E-05 0.596391
0.368972 0.0406193 0.160687 9.9982E-05 9.9982E-05 0.429521
0.549591 0.0106583 0.14914 0.0268237 9.9991E-05 0.263686
0.190675 0.307556 9.9991E-05 0.0714008 0.243029 0.187239
0.414279 0.322815 0.12496 0.0513938 0.0798391 0.00671334
0.549399 0.168043 0.0733196 0.0307983 0.107551 0.0708892
0.55589 0.112064 0.0719049 0.0956255 0.0788016 0.0857137
0.501517 0.310685 0.0489553 9.9991E-05 0.0555648 0.0831782
0.603995 0.26291 0.0133397 9.9991E-05 0.060384 0.0592711
0.511368 0.362369 9.9982E-05 9.9982E-05 0.0659567 0.060106
0.557679 0.161055 0.0753189 9.9991E-05 0.127672 0.0781748
0.48762 0.192271 0.0706685 0.0876028 0.0653936 0.0964448
0.539713 0.219918 0.0420194 9.9991E-05 0.0761979 0.122051
0.520567 0.371999 9.9982E-05 9.9982E-05 0.019656 0.0875783
0.554623 0.214372 0.017653 0.137837 0.0754146 9.9991E-05
0.562692 0.125589 0.112854 0.0518299 0.0749195 0.0721156
0.557463 0.210851 0.0167129 0.0399834 9.9991E-05 0.17489
0.578018 0.123568 0.0491608 0.0690058 0.180147 9.9991E-05
0.506633 0.203195 9.9991E-05 0.105804 0.0688095 0.115458
0.276935 0.26109 0.0737521 0.0294891 0.30569 0.0530449
0.584641 0.134147 9.9991E-05 0.115621 0.0677765 0.0977141
0.717948 0.126367 0.0256941 0.0360138 0.093877 9.9991E-05
0.188057 0.376926 0.026036 0.0886148 0.0453745 0.274991
0.2172 0.255812 9.9991E-05 0.0558216 0.380959 0.0901068
0.480332 0.241318 9.9991E-05 0.102583 0.0181621 0.157506
0.0963836 0.284197 9.9991E-05 0.0609074 0.382477 0.175935
0.289703 0.41189 0.0361864 9.9991E-05 0.0934093 0.168711
0.449994 0.32141 9.9982E-05 9.9982E-05 0.036178 0.192218
0.329893 0.4323 0.0169368 9.9991E-05 0.0212265 0.199544
0.302967 0.436615 9.9991E-05 0.0210781 0.0377039 0.201536
0.564847 0.171412 9.9991E-05 0.107201 0.0493908 0.107049
0.550627 0.0940471 0.0662792 0.117417 0.0757069 0.0959224
0.379103 0.292417 0.0641982 0.129464 9.9991E-05 0.134717
0.164508 0.34313 9.9991E-05 0.0633486 0.190119 0.238794
0.534379 0.0717398 0.182106 0.0351502 0.0852234 0.0914014
0.463622 0.118154 0.0352058 0.0693766 0.233434 0.0802067
0.0194357 0.132281 0.135756 9.9991E-05 0.547474 0.164954
0.638779 9.9982E-05 0.122897 0.0284728 0.209651 9.9982E-05
0.352488 0.0514761 0.0599312 0.0267402 0.321869 0.187495
0.533728 0.0469199 0.0897442 0.100444 0.211076 0.0180877
0.327257 0.134435 0.0340273 9.9991E-05 0.390753 0.113428
0.279999 0.0689507 0.0754381 9.9991E-05 0.487119 0.088393
0.457787 0.131167 0.0401373 9.9991E-05 0.276714 0.0940949
0.52334 0.19009 0.0565877 0.0437386 0.186144 9.9991E-05
0.339129 0.139519 0.0931937 0.137936 0.185196 0.105026
9.9991E-05 0.0333761 0.06365 0.194722 0.431966 0.276186
0.633243 0.025329 0.0716044 0.0277344 0.109719 0.13237
0.371895 0.137942 9.9982E-05 9.9982E-05 0.304183 0.18578
0.433893 0.139545 9.9982E-05 9.9982E-05 0.199148 0.227214
0.562804 0.0232147 0.100015 9.9991E-05 0.1372 0.176666
0.187876 0.0506782 0.31504 0.238886 0.20742 9.9991E-05
9.9973E-05 9.9973E-05 0.504419 0.115554 0.379727 9.9973E-05
9.9973E-05 9.9973E-05 0.461949 0.102776 0.434976 9.9973E-05
0.106865 9.9982E-05 0.376824 0.298962 0.217148 9.9982E-05
0.662739 0.0179267 9.9982E-05 9.9982E-05 0.278788 0.0403465
0.656381 0.106223 0.0467549 0.0242063 0.102936 0.063498
0.257006 0.00685838 9.9982E-05 0.724609 9.9982E-05 0.0113268
0.145799 0.112354 0.00244603 0.564931 9.9991E-05 0.17437
0.46446 0.0774965 0.0592668 0.361179 0.0324916 0.00510605
0.328026 0.0120495 9.9991E-05 0.00868778 0.48848 0.162656
0.425875 0.107627 0.0531233 0.122926 0.132242 0.158207
0.266865 0.00197556 9.9982E-05 9.9982E-05 0.659174 0.0717854
0.575627 0.0563792 0.0326731 0.000135006 0.211545 0.12364
0.464186 0.131014 9.9991E-05 0.0404734 0.233246 0.13098
0.58244 0.0202717 0.0624123 0.0437169 0.285276 0.00588359
0.267412 0.08202 9.9982E-05 9.9982E-05 0.581705 0.0686628
0.644965 0.0705493 0.0857422 0.044515 0.0785348 0.0756933
0.591455 0.0141883 0.103955 0.00218842 0.213366 0.0748474
0.0275789 9.9973E-05 9.9973E-05 0.957667 9.9973E-05 0.0144545
0.099885 9.9964E-05 9.9964E-05 0.899715 9.9964E-05 9.9964E-05
0.225257 9.9991E-05 0.025198 0.571694 0.0101414 0.167609
0.223174 0.0293546 9.9973E-05 0.747172 9.9973E-05 9.9973E-05
0.132303 0.027517 0.0464479 0.762412 9.9991E-05 0.0312196
9.996E-05 9.996E-05 9.996E-05 0.9995 9.996E-05 9.996E-05
9.9964E-05 0.0629266 9.9964E-05 0.936674 9.9964E-05 9.9964E-05
0.174056 9.9964E-05 9.9964E-05 0.825544 9.9964E-05 9.9964E-05
9.9964E-05 0.0251849 9.9964E-05 0.974415 9.9964E-05 9.9964E-05
9.996E-05 9.996E-05 9.996E-05 0.9995 9.996E-05 9.996E-05
9.996E-05 9.996E-05 9.996E-05 0.9995 9.996E-05 9.996E-05
0.21565 0.0160324 0.030006 0.738112 9.9982E-05 9.9982E-05
0.167388 0.0631568 0.0194462 0.749809 9.9982E-05 9.9982E-05
9.9973E-05 0.00221184 9.9973E-05 0.987918 9.9973E-05 0.00956996
0.274991 0.102666 0.0575255 0.479334 9.9991E-05 0.0853837
0.246346 0.0309851 0.0856101 0.594739 9.9991E-05 0.0422197
0.180949 0.0158803 0.00784701 0.753303 0.02455 0.0174709
0.0801001 0.00149223 0.021945 0.896263 9.9982E-05 9.9982E-05
0.0265667 9.9973E-05 0.0130304 0.960103 9.9973E-05 9.9973E-05
0.0452595 0.0216478 9.9982E-05 0.905004 0.027889 9.9982E-05
9.9973E-05 9.9973E-05 0.0100042 0.987243 9.9973E-05 0.0024529
0.252586 0.0113929 0.0871256 0.587736 9.9991E-05 0.0610592
9.9973E-05 9.9973E-05 0.0145916 0.927561 9.9973E-05 0.057547
9.9973E-05 9.9973E-05 0.310088 0.0341267 0.655485 9.9973E-05
0.47545 0.0905859 0.204013 0.0446371 0.185213 9.9991E-05
0.443406 9.9991E-05 0.274032 0.0331637 0.244894 0.00440323
0.201337 9.9982E-05 0.246722 0.0908866 0.460854 9.9982E-05
0.399743 0.0941626 0.142836 0.0918017 0.168269 0.103188
0.238102 9.9991E-05 0.269053 0.0705862 0.403579 0.0185806
0.477249 0.0143902 0.194552 0.0717423 0.0793679 0.162699
0.288423 9.9982E-05 0.133789 0.158039 0.419549 9.9982E-05
0.469315 0.0308941 0.154562 0.131819 0.21331 9.9991E-05
0.335755 9.9982E-05 0.10873 0.205232 0.350084 9.9982E-05
0.55329 9.9982E-05 0.206062 0.020814 0.219634 9.9982E-05
0.0495269 0.0768454 0.826687 9.9991E-05 0.0414792 0.0053614
9.9973E-05 9.9973E-05 0.901197 0.0622409 0.0362624 9.9973E-05
9.9973E-05 0.0172932 0.95825 9.9973E-05 9.9973E-05 0.0241567
0.016581 0.0569719 0.926147 9.9973E-05 9.9973E-05 9.9973E-05
0.00280771 0.0729939 0.905846 0.0181526 9.9982E-05 9.9982E-05
9.9973E-05 9.9973E-05 0.900026 0.0706754 0.0289987 9.9973E-05
0.0370049 9.9973E-05 0.880566 0.0821293 9.9973E-05 9.9973E-05
0.0246289 0.0299289 0.859567 9.9991E-05 0.0718825 0.0138923
0.0423001 9.9973E-05 0.897469 9.9973E-05 9.9973E-05 0.0599314
0.027552 0.0104992 0.849369 0.0844373 0.0280422 9.9991E-05
9.9973E-05 0.237607 0.634136 9.9973E-05 9.9973E-05 0.127957
9.9973E-05 0.315411 0.589072 9.9973E-05 9.9973E-05 0.0952167
9.9982E-05 0.289626 0.531657 9.9982E-05 0.128459 0.0500579
9.9982E-05 0.306396 0.485254 9.9982E-05 0.0949999 0.113151
0.501784 0.189832 0.027277 0.000593482 9.9991E-05 0.280413
0.459135 0.114444 0.0402616 0.0209917 9.9991E-05 0.365068
0.527614 0.1902 0.0126328 0.0749472 9.9991E-05 0.194506
0.399724 0.338805 0.00712388 9.9982E-05 9.9982E-05 0.254147
0.163367 0.572475 9.9991E-05 0.0181255 0.0573996 0.188533
0.531863 9.9982E-05 0.082953 0.0965614 9.9982E-05 0.288423
0.602768 0.0251627 9.9991E-05 0.00826901 0.0829914 0.280708
0.505126 0.120355 9.9991E-05 0.0211759 0.0476351 0.305608
0.319857 9.9982E-05 9.9982E-05 0.0552751 0.0415869 0.583081
0.629134 0.142472 0.035842 9.9991E-05 0.0672338 0.125219
0.449891 0.124447 0.0242559 9.9991E-05 0.0295985 0.371708
9.9973E-05 0.0332649 9.9973E-05 9.9973E-05 0.204543 0.761892
0.484398 0.134377 0.0470394 0.0551626 0.133143 0.145879
0.263827 9.9982E-05 0.00950449 9.9982E-05 0.208941 0.517527
0.551489 0.0167584 0.0327355 9.9991E-05 0.0275585 0.371359
0.045649 0.138731 0.0702916 9.9982E-05 9.9982E-05 0.745129
0.00858781 0.756012 0.100965 9.9982E-05 0.134235 9.9982E-05
0.0581355 0.728405 0.0945829 9.9982E-05 0.118677 9.9982E-05
9.9973E-05 0.908171 0.0685448 9.9973E-05 0.0229844 9.9973E-05
0.00845735 0.882494 0.0925307 9.9982E-05 0.0163179 9.9982E-05
0.0532682 0.862235 9.9982E-05 0.0444218 0.0398749 9.9982E-05
0.095774 0.821435 0.0639491 0.0164616 0.00228006 9.9991E-05
0.118417 9.9982E-05 0.870324 0.0107897 9.9982E-05 0.000269927
0.0308121 0.13533 0.789554 0.0441037 9.9982E-05 9.9982E-05
0.162329 0.00293943 0.748289 0.0862423 9.9982E-05 9.9982E-05
0.0388392 0.106408 0.734309 0.120243 9.9982E-05 9.9982E-05
0.0927689 0.0267723 0.789186 0.0697899 0.0213831 9.9991E-05
9.9973E-05 0.515608 0.384226 9.9973E-05 0.0998664 9.9973E-05
9.9982E-05 0.340212 0.470496 9.9982E-05 0.108766 0.0803259
9.9982E-05 0.443802 0.455136 9.9982E-05 0.0674684 0.0333944
0.141723 9.9973E-05 0.854966 0.00301142 9.9973E-05 9.9973E-05
9.9982E-05 0.500411 0.354008 9.9982E-05 0.0532384 0.0921426
0.292392 9.9982E-05 0.265243 0.308057 0.134108 9.9982E-05
0.641694 0.0236166 0.160966 0.173523 9.9982E-05 9.9982E-05
0.540601 9.9973E-05 0.186439 0.27266 9.9973E-05 9.9973E-05
0.361235 9.9991E-05 0.265843 0.227362 0.101054 0.0444067
0.531363 0.0940133 0.147479 0.133131 0.0939132 9.9991E-05
9.9973E-05 9.9973E-05 0.433306 0.307885 0.258509 9.9973E-05
0.499118 0.304972 9.9982E-05 9.9982E-05 0.0664954 0.129215
0.395161 0.191603 9.9982E-05 9.9982E-05 0.252216 0.16082
0.28645 0.562097 0.0356841 9.9991E-05 0.0436921 0.0719771
0.508039 0.122872 9.9982E-05 9.9982E-05 0.211289 0.1576
9.9973E-05 0.137184 9.9973E-05 9.9973E-05 0.596515 0.266002
0.549361 0.105931 0.10419 9.9991E-05 0.128481 0.111936
0.515334 0.200459 0.0193708 9.9991E-05 0.15748 0.107255
0.358659 0.355241 0.0521178 9.9991E-05 0.0271113 0.20677
0.560961 0.0879323 0.0506622 0.143472 0.156872 9.9991E-05
0.135757 0.230362 9.9982E-05 9.9982E-05 0.4233 0.210381
0.53775 0.165435 9.9982E-05 9.9982E-05 0.237382 0.0592333
0.545193 0.290922 0.00962151 0.00464142 0.0941613 0.0554612
0.398566 0.113499 0.0855799 0.184545 0.104107 0.113703
0.389673 0.25741 9.9991E-05 0.00730427 0.221255 0.124258
0.492952 0.217662 9.9991E-05 0.0283333 0.114803 0.146149
0.469836 0.0742067 9.9991E-05 0.0980694 0.191894 0.165893
0.539009 0.0928234 0.0372368 0.00479827 0.14545 0.180682
0.676495 0.0804449 0.0458647 0.027024 0.0636047 0.106567
0.573266 0.151017 0.161177 0.0238904 9.9991E-05 0.0905486
0.523969 0.161911 9.9991E-05 0.0992714 0.128034 0.0867153
0.150576 9.9973E-05 0.783219 0.0659047 9.9973E-05 9.9973E-05
0.0808936 9.9991E-05 0.863382 0.0327517 0.00407976 0.0187926
0.0114472 0.0592548 0.798612 0.0228554 0.0634558 0.044375
9.9988E-05 0.0102077 0.825523 0.0475962 9.9988E-05 0.116473
0.109482 9.9982E-05 0.858495 0.0236511 9.9982E-05 0.00817166
0.158218 0.548469 9.9991E-05 0.0751738 0.0878684 0.130171
0.526841 0.143614 0.0403996 0.0230426 0.151911 0.114192
0.417655 9.9991E-05 0.264718 0.153389 0.114557 0.049582
0.689344 0.192818 0.0215464 0.0417512 0.0255403 0.0290001
0.499818 0.297399 0.063895 0.0464411 9.9991E-05 0.0923465
0.295763 0.277836 9.9991E-05 0.052054 0.28683 0.0874175
9.9982E-05 0.54884 0.144777 9.9982E-05 0.142068 0.164115
0.477088 0.372017 9.9982E-05 0.0696901 9.9982E-05 0.0810049
0.0892027 0.468606 0.040913 0.0653961 0.110523 0.225359
0.426465 0.217499 0.0683058 0.0220975 0.0711973 0.194436
0.0999051 0.493379 0.11542 0.00506658 0.140779 0.14545
0.579105 0.175823 0.119243 0.0372888 0.0871328 0.0014074
0.175035 0.503675 0.0628135 0.0145455 0.0694313 0.1745
0.336851 0.261992 0.0431138 0.0720805 0.166448 0.119515
0.394058 0.10116 9.9991E-05 0.162852 0.195862 0.145968
0.361325 0.0900591 9.9973E-05 9.9973E-05 0.548316 9.9973E-05
0.508846 0.0375132 0.128541 0.0391887 0.188574 0.0973379
0.526278 0.100389 0.103302 0.0994608 0.139253 0.0313163
0.404783 0.104365 9.9982E-05 9.9982E-05 0.463057 0.0275943
0.563627 0.1078 9.9991E-05 0.0722259 0.238576 0.0176706
0.545144 0.0746681 0.0426283 9.9991E-05 0.285843 0.0516168
0.131196 0.0582707 9.9982E-05 9.9982E-05 0.684829 0.125504
0.348026 0.0192452 9.9973E-05 9.9973E-05 0.632429 9.9973E-05
0.578979 0.0657352 9.9973E-05 9.9973E-05 0.354986 9.9973E-05
0.171313 0.101406 9.9982E-05 9.9982E-05 0.5699 0.157182
0.490637 0.110677 0.0056204 9.9991E-05 0.336581 0.0563846
0.063703 0.57999 9.9982E-05 0.0779548 9.9982E-05 0.278153
0.31025 0.279074 9.9982E-05 9.9982E-05 0.296399 0.114078
0.309952 0.416715 0.0422927 0.0905686 9.9991E-05 0.140371
0.569962 0.0819335 9.9991E-05 0.11311 0.123044 0.111851
0.232213 0.497636 9.9982E-05 9.9982E-05 0.00577764 0.264173
0.494252 0.12504 0.09604 0.0724101 0.143869 0.0683893
0.467848 0.309839 0.00415441 0.126735 9.9991E-05 0.0913239
0.428134 0.255074 0.0315861 0.107063 0.0783897 0.0997531
0.53528 0.258691 0.00353449 0.107265 9.9991E-05 0.0951289
0.366264 0.308704 9.9982E-05 0.0924803 9.9982E-05 0.232352
0.168672 0.481507 9.9982E-05 0.124991 9.9982E-05 0.224631
0.312422 0.43443 0.00255035 0.125363 0.014748 0.110486
0.548623 0.249648 9.9991E-05 0.0667245 0.0733569 0.0615476
0.541911 0.157398 0.0982403 0.0452181 9.9991E-05 0.157133
0.395455 0.274168 0.0221491 0.0475444 0.227755 0.0329289
0.495917 0.277638 9.9991E-05 0.0641128 0.0931696 0.0690621
0.383794 0.398523 0.0562969 9.9991E-05 0.108658 0.0526285
0.593581 0.236551 9.9982E-05 0.0305193 9.9982E-05 0.13915
0.436696 0.314532 0.00147082 0.151927 0.0575046 0.0378696
0.502525 0.133791 0.120314 0.126701 0.0383996 0.0782689
0.41698 9.9991E-05 0.378341 0.0790411 0.0976702 0.0278682
0.438619 9.9991E-05 0.13838 0.234877 0.0465557 0.141469
0.36484 0.116356 0.10161 0.206323 0.137182 0.0736885
0.666438 0.00300549 0.0660651 0.106571 0.128266 0.0296544
0.381333 9.9991E-05 0.230512 0.251572 0.0119053 0.124577
0.457894 0.105044 9.9991E-05 0.000984749 0.312183 0.123794
0.425745 0.134449 0.151988 0.193134 9.9991E-05 0.0945848
9.9982E-05 9.9982E-05 0.226453 0.149544 0.458668 0.165134
0.5011 0.0162112 0.0642096 0.22896 0.153127 0.0363929
0.514757 0.0614932 0.0988379 0.199866 0.0597546 0.0652914
0.440011 0.0527924 0.0617345 0.252257 0.137163 0.0560423
0.283653 0.0571831 0.180988 0.134402 0.176825 0.166949
0.515811 0.0025452 0.16186 0.218166 0.0389855 0.0626328
0.610638 9.9982E-05 0.169697 0.148419 0.0710459 9.9982E-05
9.9973E-05 9.9973E-05 0.484543 0.172248 0.342908 9.9973E-05
0.562843 0.0147961 0.159004 0.148647 0.0382606 0.0764487
0.584746 0.0231171 0.190468 0.170101 9.9991E-05 0.0314685
0.590194 9.9991E-05 0.157984 0.0426471 0.134097 0.0749775
0.545112 9.9982E-05 0.170125 0.177202 0.107362 9.9982E-05
0.487114 0.0653744 0.142947 0.212129 0.0785117 0.0139237
0.388348 0.0669327 9.9991E-05 0.121766 0.208876 0.213977
0.570112 0.0864704 0.0919624 0.038267 0.0974964 0.115692
0.0752536 0.0858128 9.9982E-05 9.9982E-05 0.480815 0.357919
0.0261516 0.102861 9.9982E-05 9.9982E-05 0.590685 0.280102
0.580775 0.107628 0.0248763 0.0455866 0.189118 0.0520167
0.397597 0.00208114 0.0745387 0.379534 0.146149 9.9991E-05
0.358021 9.9982E-05 0.102378 0.327809 0.211592 9.9982E-05
0.148153 0.0168433 0.18424 0.324886 0.317509 0.00836856
0.392966 9.9982E-05 0.161109 0.261119 0.184606 9.9982E-05
0.204057 9.9991E-05 0.0462046 0.0302311 0.70228 0.0171274
0.274654 9.9991E-05 0.0938598 0.0321699 0.580233 0.0189835
0.549189 9.9982E-05 9.9982E-05 0.154522 0.140601 0.155488
0.453325 0.00158898 0.0436257 0.084485 0.255694 0.161281
0.278201 0.00452383 0.0586578 0.078237 0.456811 0.12357
0.53448 0.1184 0.0232705 0.0728081 0.158436 0.0926045
0.643291 0.00594118 9.9991E-05 0.0424098 0.248457 0.0598013
0.348943 0.0415361 0.0948347 0.257661 0.0689695 0.188056
0.333568 0.0601844 9.9982E-05 9.9982E-05 0.314136 0.291911
0.3261 0.0566947 9.9991E-05 0.045608 0.362393 0.209105
0.495255 0.0993994 0.0356608 0.0164327 0.235939 0.117312
0.404838 0.00973157 0.0377055 0.018169 0.304358 0.225198
0.530681 0.131783 0.115568 0.0204759 0.16956 0.0319327
0.532975 0.0125238 9.9982E-05 9.9982E-05 0.379725 0.0745765
0.28097 0.122209 9.9982E-05 9.9982E-05 0.55905 0.0375704
0.609987 0.00613769 0.0714143 9.9991E-05 0.164323 0.148038
0.266786 0.0412547 9.9982E-05 9.9982E-05 0.441702 0.250057
0.446198 0.0453405 9.9982E-05 9.9982E-05 0.343814 0.164448
0.547559 0.136716 0.116137 0.0109537 0.122259 0.0663748
0.389282 0.0564803 0.0363118 0.0386505 0.25839 0.220886
0.454274 0.0746839 0.0930376 0.238159 0.0899452 0.0499002
0.480732 0.208617 0.145574 0.110364 0.0546118 9.9991E-05
0.35921 0.0535982 0.177135 0.248115 0.161842 9.9991E-05
0.345113 0.117613 0.200652 0.237818 0.0649465 0.0338585
0.461451 0.0209168 0.236142 0.145622 0.0488583 0.0870097
0.38723 0.148114 0.121237 0.169597 0.136211 0.0376119
9.9982E-05 0.00242477 0.152591 0.200319 0.644466 9.9982E-05
0.560403 0.0564373 0.0901053 0.184992 0.0887245 0.0193386
9.9973E-05 9.9973E-05 0.331871 0.159648 0.508181 9.9973E-05
0.563963 9.9982E-05 0.0328745 0.161048 0.241914 9.9982E-05
0.12675 9.9973E-05 9.9973E-05 9.9973E-05 0.539635 0.333315
9.9973E-05 0.0318831 9.9973E-05 9.9973E-05 0.599071 0.368746
0.515942 0.0348935 9.9982E-05 9.9982E-05 0.214514 0.23445
0.675477 0.00975827 9.9991E-05 0.0114904 0.19142 0.111754
0.411372 9.9973E-05 9.9973E-05 9.9973E-05 0.348154 0.240174
0.521208 0.0591422 0.0546302 9.9991E-05 0.191889 0.17303
0.522002 9.9982E-05 9.9982E-05 0.0199228 0.229476 0.2284
0.061164 0.0132541 0.793512 0.0931154 9.9991E-05 0.0388546
9.9982E-05 0.15131 0.723219 0.12413 0.0011409 9.9982E-05
9.9973E-05 0.0359552 0.906585 0.05716 9.9973E-05 9.9973E-05
0.052429 9.9973E-05 0.946659 9.9973E-05 0.000612072 9.9973E-05
0.432728 0.0552886 0.0240299 0.0625107 0.0204831 0.40496
0.450989 0.0121964 0.0462446 0.0943367 9.9991E-05 0.396133
0.418796 0.021383 0.0242425 9.9982E-05 9.9982E-05 0.535379
0.577477 0.00814939 0.117404 9.9982E-05 9.9982E-05 0.296769
0.565357 0.11663 0.106289 0.0344819 0.0892904 0.0879522
0.216511 0.0974253 0.053123 9.9982E-05 9.9982E-05 0.63274
0.57113 9.9964E-05 9.9964E-05 9.9964E-05 9.9964E-05 0.42847
0.280274 9.9982E-05 0.026995 9.9982E-05 0.14671 0.545821
0.514244 0.0329177 0.345069 0.066929 0.0407402 9.9991E-05
0.380545 0.111649 9.9991E-05 0.0492624 0.129523 0.32892
0.323737 0.119193 9.9973E-05 9.9973E-05 9.9973E-05 0.556771
0.506497 0.0160573 0.00974527 0.00189293 9.9991E-05 0.465708
0.40543 0.0491173 0.0126052 0.0173069 0.00243985 0.513101
0.562219 9.9973E-05 9.9973E-05 9.9973E-05 0.0347466 0.402735
0.588212 0.0256628 0.0915126 9.9982E-05 9.9982E-05 0.294413
0.0568136 9.9973E-05 9.9973E-05 9.9973E-05 0.0682392 0.874647
0.261306 0.00669975 9.9991E-05 0.0108827 0.160797 0.560215
0.258873 0.0511801 0.0405918 9.9991E-05 0.0044862 0.644769
9.9964E-05 9.9964E-05 9.9964E-05 9.9964E-05 0.149165 0.850435
0.383614 0.110859 0.032058 9.9991E-05 0.06349 0.40988
0.104096 9.9982E-05 9.9982E-05 0.00554716 0.318875 0.571281
9.9973E-05 9.9973E-05 0.00107014 9.9973E-05 0.285503 0.713127
0.458403 9.9982E-05 9.9982E-05 0.123679 0.0447566 0.372962
0.105062 0.0911818 0.0439602 0.0325419 9.9991E-05 0.727154
0.275258 0.126078 9.9982E-05 0.151918 9.9982E-05 0.446546
0.592922 0.0141784 0.129106 0.0353942 0.0454982 0.182902
0.543075 0.0678463 0.0250469 9.9982E-05 9.9982E-05 0.363831
0.461103 0.211016 9.9991E-05 0.0195185 0.191479 0.116784
0.524572 0.131947 9.9982E-05 0.00902746 9.9982E-05 0.334253
0.498498 0.111408 0.0380323 9.9991E-05 0.0179669 0.333995
0.334033 9.9973E-05 9.9973E-05 9.9973E-05 0.0303531 0.635314
0.485448 0.147021 0.0639243 0.068472 0.0741537 0.160981
0.0251783 0.246832 0.630751 9.9991E-05 0.059552 0.0375859
0.0193775 0.0702514 0.772086 9.9991E-05 0.0383893 0.0997962
9.9973E-05 0.136941 0.80362 9.9973E-05 0.0591388 9.9973E-05
9.9973E-05 0.17011 0.814892 9.9973E-05 0.014698 9.9973E-05
0.0277944 0.25769 0.714216 9.9973E-05 9.9973E-05 9.9973E-05
0.0515665 0.138075 0.0113158 0.0223043 9.9991E-05 0.776638
0.13579 0.123504 0.0298597 9.9991E-05 0.0570695 0.653677
0.159916 9.9973E-05 9.9973E-05 9.9973E-05 0.102104 0.73768
0.472628 9.9982E-05 0.157504 0.104587 9.9982E-05 0.265081
0.569222 0.0247081 0.12796 0.0273494 0.0554785 0.195282
0.263208 9.9991E-05 0.076523 0.0208635 0.0261444 0.613161
0.571221 9.9982E-05 0.0339312 0.0380557 9.9982E-05 0.356592
0.266689 9.9982E-05 0.0526339 0.0756463 9.9982E-05 0.60483
0.591537 0.048685 0.0287784 0.00777643 0.0566437 0.26658
0.570894 9.9982E-05 0.077168 0.0690495 9.9982E-05 0.282688
0.18727 0.149622 9.9991E-05 0.0569725 0.0472067 0.558829
0.330133 0.0405631 9.9973E-05 9.9973E-05 9.9973E-05 0.629004
0.326674 0.116227 9.9973E-05 9.9973E-05 9.9973E-05 0.556799
0.612121 0.0801777 0.0592263 0.011589 0.196228 0.0406586
0.310367 9.9973E-05 0.00741526 9.9973E-05 9.9973E-05 0.681918
0.419582 0.0521459 9.9982E-05 0.0479031 9.9982E-05 0.480169
0.475679 0.0412091 0.0361761 0.413607 9.9991E-05 0.0332294
0.361965 0.0343515 0.0512856 0.475718 0.0669562 0.00972363
0.408358 9.9973E-05 0.166943 0.424399 9.9973E-05 9.9973E-05
0.347623 9.9982E-05 0.139151 0.423225 0.0898007 9.9982E-05
0.415305 0.0817119 0.0816706 0.343861 0.0773517 9.9991E-05
0.347206 9.9991E-05 0.0533632 0.0979742 0.0857309 0.415626
0.0346496 9.9982E-05 0.239396 0.659391 0.0663636 9.9982E-05
0.316199 9.9991E-05 0.154453 0.460564 0.0193577 0.0493272
0.353168 9.9991E-05 0.132007 0.158904 0.282956 0.0728641
0.587301 0.0834286 0.0946653 9.9982E-05 0.234405 9.9982E-05
0.461134 0.150699 0.124316 9.9991E-05 0.215188 0.0485621
0.560039 0.0867474 0.129277 0.0122145 0.196268 0.0154539
0.616799 0.149967 0.115147 9.9982E-05 0.117888 9.9982E-05
0.402371 9.9973E-05 0.209678 0.387651 9.9973E-05 9.9973E-05
0.263443 0.0332658 0.122851 0.459676 9.9991E-05 0.120664
0.430021 9.9982E-05 0.0178694 0.456457 0.0954529 9.9982E-05
0.370223 0.1461 0.141515 0.331873 9.9991E-05 0.0101895
0.311132 9.9982E-05 0.164509 0.509269 9.9982E-05 0.0148902
0.395937 0.0172823 0.165807 0.33168 0.0891931 9.9991E-05
0.208253 0.0208362 0.0702396 0.594362 0.105955 0.000354226
0.466202 9.9982E-05 0.0844838 0.362084 0.0870301 9.9982E-05
0.59716 9.9982E-05 0.0399154 9.9982E-05 0.270682 0.092043
0.290982 0.0382214 0.202653 0.34416 0.123884 9.9991E-05
0.189362 9.9982E-05 0.183689 0.59745 0.0292999 9.9982E-05
0.333497 0.0614926 0.176201 0.397117 9.9991E-05 0.0315922
0.197947 0.242517 0.165125 9.9991E-05 0.27062 0.123691
0.581817 0.0516361 9.9991E-05 0.0802605 0.257381 0.0288053
0.452396 0.0190485 0.168536 0.27731 0.0271923 0.0555172
0.68785 0.0340948 0.0983527 9.9982E-05 0.179503 9.9982E-05
0.512765 0.105958 0.141305 9.9991E-05 0.209214 0.0306575
0.357325 9.9991E-05 0.274021 0.167016 0.14493 0.0566082
0.327024 0.0434307 0.206074 0.311334 0.0902293 0.0219079
0.649112 0.0399691 0.117042 0.0977202 0.0960572 9.9991E-05
0.293012 0.0603415 0.153162 0.395901 9.9991E-05 0.097483
0.351329 9.9982E-05 0.200544 0.424665 0.0232609 9.9982E-05
0.159953 9.9991E-05 0.199028 0.569177 0.070063 0.00167812
0.637287 9.9982E-05 0.171344 0.0538974 0.137272 9.9982E-05
0.456346 0.114498 0.0941098 9.9991E-05 0.282652 0.052295
0.214178 9.9982E-05 0.116387 9.9982E-05 0.64558 0.0236551
0.619027 0.0450667 0.214901 0.00827869 0.0126411 0.100085
0.487134 0.198396 0.158904 9.9991E-05 0.144223 0.0112433
0.404354 0.0143508 0.154686 0.207194 0.111495 0.107921
0.480489 0.0881203 0.0865789 0.0899435 0.138884 0.115984
9.9973E-05 9.9973E-05 0.295641 0.190867 0.513192 9.9973E-05
9.9973E-05 9.9973E-05 0.272383 0.0884786 0.638838 9.9973E-05
0.390848 9.9982E-05 0.164527 0.0471439 0.397281 9.9982E-05
0.00655558 9.9982E-05 0.330001 0.247052 0.416191 9.9982E-05
9.9973E-05 9.9973E-05 0.41084 0.23322 0.355639 9.9973E-05
0.431048 0.00589515 0.124789 0.0834438 0.321494 0.0333299
0.373834 9.9991E-05 0.219063 0.102429 0.279175 0.0253992
0.267785 0.038374 0.276986 0.126891 0.289864 9.9991E-05
0.137965 9.9982E-05 0.282668 0.0709977 0.508169 9.9982E-05
0.499626 0.0264245 0.103601 0.11321 0.257039 9.9991E-05
0.160221 9.9991E-05 0.201028 0.192332 0.430879 0.0154396
9.9973E-05 9.9973E-05 0.436685 0.0461706 0.516844 9.9973E-05
0.390749 0.11598 0.128832 0.262076 0.0308922 0.0714709
0.35301 0.00338425 0.192893 0.2486 0.179923 0.0221902
0.466567 0.0233364 0.297061 0.169834 9.9991E-05 0.0431012
0.625394 9.9973E-05 0.187101 0.187206 9.9973E-05 9.9973E-05
0.496362 9.9982E-05 0.190718 0.162871 9.9982E-05 0.149849
0.570098 9.9991E-05 0.164515 0.14523 0.0706274 0.049429
0.287747 0.142727 0.300254 0.269072 9.9982E-05 9.9982E-05
0.575525 0.0330511 0.154217 0.134365 0.102742 9.9991E-05
0.402869 9.9991E-05 0.180124 0.299443 0.000460458 0.117003
0.357359 0.0859599 0.239577 0.213282 0.103722 9.9991E-05
0.278064 0.141511 0.162611 0.124943 9.9991E-05 0.292771
0.553098 0.0802369 0.18315 0.118136 0.0152976 0.0500812
0.548003 9.99942E-05 0.262959 0.0983956 0.0271539 0.0633887
0.634177 9.9982E-05 0.178522 9.9982E-05 0.0780148 0.109086
0.433173 9.9982E-05 0.272075 0.209548 0.0850042 9.9982E-05
0.464877 9.9982E-05 0.166143 0.199862 0.168917 9.9982E-05
0.169335 9.9982E-05 0.391868 0.213028 0.225569 9.9982E-05
0.39924 0.00176642 0.21435 0.20437 0.0940164 0.0862571
0.216441 9.9982E-05 0.225957 0.310157 0.247245 9.9982E-05
9.9982E-05 0.104272 0.791686 9.9982E-05 0.0473374 0.0565049
0.120786 0.761495 0.100743 9.9982E-05 0.0167761 9.9982E-05
9.996E-05 0.9995 9.996E-05 9.996E-05 9.996E-05 9.996E-05
9.9964E-05 0.992874 0.00672603 9.9964E-05 9.9964E-05 9.9964E-05
0.081707 0.917893 9.9964E-05 9.9964E-05 9.9964E-05 9.9964E-05
0.0171082 0.899691 9.9973E-05 0.0829013 9.9973E-05 9.9973E-05
0.0704884 0.929112 9.9964E-05 9.9964E-05 9.9964E-05 9.9964E-05
9.9964E-05 0.960289 0.0393109 9.9964E-05 9.9964E-05 9.9964E-05
9.9973E-05 0.78563 0.18582 0.0282498 9.9973E-05 9.9973E-05
0.073381 9.9973E-05 0.915432 0.0108873 9.9973E-05 9.9973E-05
0.0850237 0.0890886 0.804101 9.9982E-05 0.0215873 9.9982E-05
0.0158056 9.9991E-05 0.854151 0.0633118 0.00661778 0.0600135
0.039698 0.0953241 0.795403 9.9982E-05 0.0693748 9.9982E-05
9.9973E-05 9.9973E-05 0.888727 0.0564177 9.9973E-05 0.0545558
9.9982E-05 0.0783791 0.899599 0.00919074 0.0126314 9.9982E-05
9.9991E-05 0.048531 0.75502 0.153022 0.0181152 0.0252113
0.006226 0.0178428 0.859707 0.100901 9.9991E-05 0.0152235
0.0890662 0.0947251 0.711827 0.0678294 9.9991E-05 0.0364522
9.9973E-05 9.9973E-05 0.910824 0.0792114 9.9973E-05 0.00966501
9.9973E-05 0.000574953 0.975801 9.9973E-05 9.9973E-05 0.0233245
9.9991E-05 0.0689576 0.785722 0.0798716 0.047295 0.018054
0.0310474 0.0237278 0.944925 9.9973E-05 9.9973E-05 9.9973E-05
0.0780075 9.9973E-05 0.915213 9.9973E-05 0.00647938 9.9973E-05
0.042248 0.00373009 0.856642 0.0396003 9.9991E-05 0.0576791
0.106458 9.9973E-05 0.865302 0.0279403 9.9973E-05 9.9973E-05
0.0891506 9.9973E-05 0.792019 0.11853 9.9973E-05 9.9973E-05
0.169337 9.9973E-05 0.782142 0.0482217 9.9973E-05 9.9973E-05
0.11804 9.9982E-05 0.823362 0.0247696 9.9982E-05 0.0336282
0.355543 0.102153 0.13416 0.0749814 0.254501 0.0786625
0.693067 9.9982E-05 0.0688157 9.9982E-05 0.149169 0.0887483
0.477625 9.9991E-05 0.133789 0.0576634 0.195164 0.135659
0.201819 9.9982E-05 0.0682065 9.9982E-05 0.71788 0.0118945
0.556123 0.126676 0.137929 0.0112973 0.154748 0.0132261
0.193987 9.9973E-05 0.110833 9.9973E-05 0.69488 9.9973E-05
0.660933 9.9982E-05 0.11611 9.9982E-05 0.186549 0.0362078
0.46746 0.160952 0.0713711 9.9991E-05 0.176141 0.123976
0.571236 0.101079 0.0572978 0.0001616 0.270126 9.9991E-05
0.392097 0.0922169 0.0536337 0.0685355 9.9991E-05 0.393417
0.526438 0.150285 0.0899443 9.9991E-05 0.213796 0.0194363
0.686019 0.00967561 0.114272 9.9991E-05 0.179614 0.0103192
0.630991 0.104505 0.0936977 9.9991E-05 0.118404 0.0523031
0.0305852 0.438218 9.9991E-05 0.0658005 0.23034 0.234956
9.9964E-05 0.135771 9.9964E-05 9.9964E-05 0.863829 9.9964E-05
0.212665 0.0596486 0.027456 9.9982E-05 0.70003 9.9982E-05
0.627372 0.0893588 0.0813141 0.0383071 0.144236 0.0194117
0.5524 9.9982E-05 0.0813197 9.9982E-05 0.255348 0.110733
0.51141 0.0285842 0.125265 0.00568968 0.306852 0.0221989
0.669847 0.0295354 0.0189134 0.0312966 0.187482 0.0629254
0.613069 0.0194732 0.173699 0.0930985 0.10056 9.9991E-05
0.619265 0.00195327 0.213798 0.123701 0.0411822 9.9991E-05
0.189761 0.112413 0.371079 0.134454 0.192194 9.9991E-05
0.602452 0.0559597 0.150379 9.9982E-05 9.9982E-05 0.19101
0.557257 0.0816275 0.201285 0.0662884 0.0619393 0.0316028
9.9973E-05 9.9973E-05 0.411168 0.178596 0.409937 9.9973E-05
0.349158 9.9991E-05 0.246104 0.179066 0.187138 0.0384351
0.251089 0.0817183 0.324756 0.190361 0.103993 0.0480835
0.464684 0.124381 0.345525 0.0188077 0.0184977 0.0281053
0.452649 0.0622193 0.115319 0.181007 0.109201 0.0796052
0.511946 0.0244276 0.175703 0.166232 0.00363318 0.118057
0.607419 0.0226128 0.183435 0.154626 0.0318084 9.9991E-05
0.473925 0.0382911 0.178433 0.0904419 0.218809 9.9991E-05
0.223386 0.0187447 0.491085 0.159098 9.9991E-05 0.107586
