9.9991E-05 0.0782174 0.0536118 0.868071
0.0584019 0.00311757 9.9991E-05 0.938381
9.999E-05 0.0307206 0.133225 0.835954
9.999E-05 0.078873 0.13594 0.785087
9.999E-05 0.0573318 0.10209 0.840479
0.224122 0.0330023 0.0826974 0.660179
0.0593787 0.0265094 0.0508349 0.863277
0.0734623 0.151856 0.0476764 0.727006
9.9982E-05 0.100611 9.9982E-05 0.899189
0.0709575 0.0506148 0.15218 0.726247
0.134404 0.0887901 9.9991E-05 0.776706
0.323057 0.510281 0.166561 9.9991E-05
0.130818 0.473853 0.39523 9.9991E-05
0.266883 0.490087 0.206039 0.0369909
0.252023 0.422724 0.28693 0.0383226
0.258907 0.3023 0.322233 0.11656
0.439099 0.164086 0.380804 0.0160101
0.371389 0.325718 0.302793 9.9991E-05
0.225649 0.382612 0.249377 0.142362
0.209184 0.684274 0.00783515 0.0987066
0.421 0.296949 0.281951 9.9991E-05
0.570886 0.129079 0.270676 0.0293593
0.41268 0.312088 0.275132 9.9991E-05
0.338145 0.401584 0.218138 0.0421337
0.406567 0.193873 0.39946 9.9991E-05
0.314277 0.291841 0.393782 9.9991E-05
0.253209 0.503115 0.188354 0.0553219
0.157319 0.510169 0.302377 0.0301349
0.357868 0.477259 0.128352 0.0365208
9.9982E-05 9.9982E-05 0.176903 0.822897
9.9991E-05 0.0101083 0.168861 0.82093
0.0439983 0.0377317 0.150056 0.768214
0.0631152 9.9991E-05 0.185881 0.750904
0.50689 0.20382 0.282969 0.00632052
0.534446 0.0613617 0.364304 0.0398882
0.721275 9.9991E-05 0.265784 0.0128416
0.195339 0.637312 0.077103 0.0902456
0.759082 0.0108861 0.178395 0.0516368
0.366801 0.308969 0.32413 9.9991E-05
0.610662 9.9982E-05 0.389138 9.9982E-05
0.506488 0.0891141 0.33555 0.0688475
0.508644 0.0375692 0.396974 0.0568128
0.696188 0.19114 0.0221333 0.0905385
0.575948 0.059488 0.349027 0.0155375
0.554444 0.125251 0.301648 0.018657
0.381748 0.0223732 0.450912 0.144966
0.845192 0.0393769 0.110249 0.00518196
0.577285 0.0911022 0.331513 9.9991E-05
0.464229 0.104873 0.314308 0.11659
0.799882 0.00830494 9.9991E-05 0.191713
0.413834 0.531479 0.0396822 0.0150043
0.600342 0.31028 9.9991E-05 0.0892783
0.333094 0.167286 0.412806 0.0868143
0.376067 0.175938 0.413353 0.0346425
0.39768 0.2153 0.371803 0.0152172
0.462158 0.394677 0.00420802 0.138957
0.387232 0.284847 0.327821 9.9991E-05
0.418364 0.140312 0.410712 0.0306122
0.357659 0.349179 0.173763 0.119399
0.292883 0.375165 0.0605444 0.271407
0.519138 0.179252 0.30151 9.9991E-05
0.306751 0.415114 0.24342 0.0347153
0.344865 0.552626 9.9991E-05 0.102409
0.346562 0.371989 0.281349 9.9991E-05
0.428225 0.126471 0.445204 9.9991E-05
0.417289 0.161715 0.382499 0.0384967
0.460527 0.328639 0.162901 0.0479324
0.393251 0.248648 0.345738 0.0123633
0.350644 0.220916 0.42834 9.9991E-05
0.367793 0.493455 0.0811857 0.057566
0.636468 0.0760626 0.287369 9.9991E-05
0.742222 0.161386 0.0502807 0.0461119
0.47176 0.111536 0.29339 0.123314
0.925554 9.9982E-05 9.9982E-05 0.0742465
0.920506 0.0553181 9.9991E-05 0.0240763
0.883166 0.0405089 0.0762255 9.9991E-05
0.611775 0.170711 0.216104 0.00141069
0.395358 0.0860196 0.403824 0.114798
0.687337 0.0757642 0.220075 0.0168236
0.606748 0.253641 0.0688149 0.0707963
0.646009 0.246852 0.0828725 0.0242672
0.428559 0.157298 0.333717 0.0804265
0.736658 0.124582 0.103669 0.0350916
0.572022 0.149986 0.251396 0.0265962
0.854512 9.9982E-05 0.145288 9.9982E-05
0.816666 0.0796813 9.9991E-05 0.103553
0.560236 0.102118 0.337546 9.9991E-05
9.9991E-05 0.100134 0.120945 0.77882
0.00580974 9.9991E-05 0.074236 0.919854
9.9982E-05 9.9982E-05 0.137593 0.862208
9.9982E-05 9.9982E-05 0.0897765 0.910024
0.0345234 9.9991E-05 0.0797549 0.885622
0.0229376 9.9991E-05 0.0724633 0.904499
9.9991E-05 0.0110651 0.0886371 0.900198
0.478271 0.0848604 0.323342 0.113526
0.466409 0.109144 0.351706 0.0727415
0.796531 0.107725 9.9991E-05 0.0956446
0.454778 0.154554 0.367227 0.0234419
0.608156 0.166432 0.188163 0.0372486
0.653444 9.9991E-05 0.338337 0.00811895
0.708966 9.9982E-05 0.290834 9.9982E-05
0.715107 9.9982E-05 0.284693 9.9982E-05
0.630514 0.255838 9.9991E-05 0.113547
0.394752 0.0967504 0.403033 0.105464
0.615145 0.0127022 0.372053 9.9991E-05
0.360739 0.106839 0.473937 0.0584858
0.788059 0.0333604 0.136765 0.0418162
0.674786 0.0312788 0.270539 0.0233957
0.57437 0.149504 0.276026 9.9991E-05
0.750117 0.02726 0.222523 9.9991E-05
0.630129 0.0997438 0.196992 0.0731359
0.368753 0.286458 0.331109 0.0136802
0.392972 0.374641 0.143791 0.0885958
0.242426 0.422129 0.264574 0.0708707
0.36845 0.274664 0.354214 0.0026716
0.438872 0.144978 0.372552 0.0435981
0.217835 0.458592 0.323472 9.9991E-05
0.303695 0.382543 0.313662 9.9991E-05
0.191381 0.506056 0.299069 0.00349396
0.45916 0.1893 0.334384 0.0171554
0.393441 0.251957 0.354502 9.9991E-05
0.535954 0.17634 0.287606 9.9991E-05
0.30176 0.424545 0.273595 9.9991E-05
0.457795 0.1485 0.393604 9.9991E-05
0.424614 0.182897 0.392389 9.9991E-05
0.345286 0.325314 0.3293 9.9991E-05
0.358893 0.220432 0.420575 9.9991E-05
0.369338 0.302752 0.32781 9.9991E-05
0.312279 0.370349 0.243766 0.0736065
0.318933 0.28894 0.392028 9.9991E-05
0.408537 0.164693 0.42667 9.9991E-05
0.366092 0.443493 0.152801 0.0376135
0.437998 0.361772 0.0940225 0.106207
0.340958 0.322341 0.336602 9.9991E-05
0.530403 0.437286 0.0322107 9.9991E-05
0.24901 0.539414 0.185097 0.0264795
0.416769 0.380541 0.202589 9.9991E-05
0.325874 0.561092 0.111582 0.00145216
0.30914 0.525008 0.165752 9.9991E-05
0.430803 0.107294 0.436183 0.0257207
0.445246 0.10691 0.36302 0.0848239
0.335428 0.292929 0.340159 0.0314845
0.425594 0.453032 0.104277 0.0170976
0.405556 0.183009 0.375648 0.0357877
0.528032 0.0796014 0.283037 0.10933
0.553211 0.169919 9.9991E-05 0.27677
0.561558 9.9991E-05 0.356832 0.0815097
0.529969 0.117936 0.174922 0.177173
0.456645 0.11645 0.322804 0.104101
0.634449 0.100421 0.112025 0.153104
0.641759 0.175493 9.9991E-05 0.182649
0.608047 0.17597 0.145128 0.0708543
0.529069 0.0998347 0.321288 0.0498079
0.413747 0.203607 0.22181 0.160836
0.684823 0.0365928 0.0397327 0.238851
0.420255 0.127344 0.374636 0.0777646
0.819537 0.0635686 0.0828889 0.0340053
0.578102 0.176752 0.245046 9.9991E-05
0.446528 0.0866895 0.379259 0.0875237
0.238072 0.0240959 0.350853 0.386979
0.144567 9.9991E-05 0.0883677 0.766965
0.227333 9.9991E-05 0.0411789 0.731388
0.136147 9.9991E-05 0.368015 0.495738
0.671143 9.9982E-05 0.328657 9.9982E-05
0.464959 0.138458 0.312184 0.0843985
0.0647261 0.053395 0.881779 9.9991E-05
0.259549 0.0721523 0.651001 0.0172978
0.248291 0.0466976 0.591935 0.113076
0.786423 9.9991E-05 0.099846 0.113631
0.423973 0.163718 0.351609 0.0607009
0.82762 9.9991E-05 0.0198392 0.15244
0.510055 0.142154 0.347691 9.9991E-05
0.650303 0.0690047 0.258423 0.0222687
0.582236 0.0684808 0.336415 0.0128679
0.800799 0.0690982 0.0131068 0.116996
0.458665 0.124531 0.416704 9.9991E-05
0.519344 0.0752702 0.386517 0.0188693
9.9982E-05 9.9982E-05 0.945681 0.0541189
9.9982E-05 9.9982E-05 0.954797 0.0450029
0.09747 0.0618799 0.771595 0.0690555
9.9991E-05 0.0901814 0.900716 0.00900256
0.0306431 9.9991E-05 0.901792 0.0674646
9.9982E-05 9.9982E-05 0.945968 0.053832
9.9982E-05 9.9982E-05 0.917576 0.0822242
9.9982E-05 9.9982E-05 0.961179 0.0386209
9.9982E-05 9.9982E-05 0.978508 0.0212917
9.9982E-05 9.9982E-05 0.935944 0.0638559
9.9982E-05 9.9982E-05 0.928302 0.0714984
9.9991E-05 0.00604114 0.885662 0.108197
0.00950146 9.9991E-05 0.876148 0.114251
9.9982E-05 9.9982E-05 0.918734 0.0810665
0.140537 0.188313 0.608277 0.0628723
9.9991E-05 0.0975992 0.804121 0.0981795
9.9991E-05 0.0374213 0.838679 0.1238
9.9982E-05 9.9982E-05 0.922287 0.0775135
9.9982E-05 9.9982E-05 0.91013 0.0896703
9.9982E-05 9.9982E-05 0.909662 0.0901385
9.9982E-05 9.9982E-05 0.958872 0.0409283
0.0393593 0.0848184 0.774244 0.101578
9.9982E-05 9.9982E-05 0.898053 0.101747
0.467831 9.9982E-05 9.9982E-05 0.531969
0.347267 0.217108 0.298266 0.137359
0.445306 0.0280076 0.272685 0.254001
0.540042 9.9991E-05 0.145192 0.314666
0.398844 0.112151 0.355562 0.133443
0.458997 9.9991E-05 0.164438 0.376465
0.472997 9.9991E-05 0.26693 0.259974
0.471678 9.9991E-05 0.298428 0.229794
0.363622 0.0220405 0.425842 0.188496
0.364296 9.9991E-05 0.398496 0.237107
0.516069 0.0915975 0.243988 0.148345
9.9991E-05 0.0989113 0.0377924 0.863196
9.9982E-05 9.9982E-05 0.067379 0.932421
9.9982E-05 0.00804332 9.9982E-05 0.991757
9.9991E-05 0.0331398 0.057402 0.909358
9.9991E-05 0.0509629 0.0543439 0.894593
9.9982E-05 9.9982E-05 0.0903234 0.909477
9.9982E-05 9.9982E-05 0.106596 0.893204
0.0319762 9.9991E-05 0.0252262 0.942698
9.9991E-05 0.0143862 0.0761911 0.909323
9.9991E-05 0.0222224 0.122322 0.855356
0.00667278 0.325665 9.9991E-05 0.667562
9.9982E-05 0.37846 9.9982E-05 0.62134
0.0526554 0.357622 9.9991E-05 0.589623
0.0987386 0.385055 9.9991E-05 0.516106
0.536472 0.146245 0.253268 0.0640141
0.541323 0.181776 0.246666 0.0302346
0.480034 0.242696 0.27717 9.9991E-05
0.471979 0.35094 0.176981 9.9991E-05
0.232882 0.726493 0.0405254 9.9991E-05
0.643053 0.0366322 0.320215 9.9991E-05
0.506403 0.166444 0.327053 9.9991E-05
0.623519 0.14246 0.233921 9.9991E-05
0.743014 0.0638324 0.193054 9.9991E-05
0.449442 0.1975 0.349934 0.00312439
0.6127 0.215293 0.171907 9.9991E-05
0.817784 0.104882 9.9991E-05 0.0772345
0.384912 0.299054 0.315933 9.9991E-05
0.812758 0.0133791 0.062464 0.111399
0.742638 9.9982E-05 0.257162 9.9982E-05
0.6601 0.284549 9.9991E-05 0.0552508
0.0270401 0.772287 9.9991E-05 0.200573
0.107767 0.745711 9.9991E-05 0.146422
0.00202297 0.929374 9.9991E-05 0.0685033
9.9982E-05 0.876428 9.9982E-05 0.123372
0.103127 0.848538 0.0225375 0.0257978
0.0159312 0.827267 0.0583692 0.0984328
9.9982E-05 9.9982E-05 0.121413 0.878387
9.9991E-05 0.0569368 0.143841 0.799122
9.9991E-05 0.0206255 0.214161 0.765114
9.9991E-05 0.0750722 0.171849 0.752978
9.9991E-05 0.036546 0.174345 0.789009
9.9982E-05 0.549166 9.9982E-05 0.450634
0.0387267 0.417552 9.9991E-05 0.543621
0.0677599 0.484011 9.9991E-05 0.448129
9.9991E-05 0.0323749 0.1654 0.802125
0.058291 0.503115 9.9991E-05 0.438494
0.186729 9.9991E-05 0.516485 0.296686
0.197415 0.165703 0.578776 0.0581061
0.171556 0.0365474 0.669716 0.12218
0.244236 0.0515966 0.467016 0.237151
0.2619 0.15473 0.469937 0.113434
0.121523 9.9991E-05 0.301072 0.577305
0.229391 0.507832 0.262677 9.9991E-05
0.484897 0.336326 0.163398 0.0153782
0.108005 0.702882 0.15642 0.0326941
0.535732 0.228338 0.23583 9.9991E-05
0.620583 0.310232 9.9991E-05 0.0690844
0.453376 0.187982 0.323286 0.0353549
0.520011 0.258901 0.220988 9.9991E-05
0.287058 0.523311 0.18953 9.9991E-05
0.377176 0.247513 0.360228 0.0150833
0.592942 0.344098 9.9991E-05 0.06286
0.508325 0.21637 0.275205 9.9991E-05
0.34717 0.308582 0.344148 9.9991E-05
0.332059 0.177186 0.365429 0.125325
0.483178 0.32669 0.190032 9.9991E-05
0.421878 0.267382 0.253553 0.0571878
0.499099 0.192185 0.307256 0.00146008
0.465018 0.217911 0.31697 9.9991E-05
0.464248 0.156761 0.37889 9.9991E-05
0.471427 0.147934 0.380539 9.9991E-05
0.502297 0.187104 0.268179 0.04242
9.9982E-05 9.9982E-05 0.200577 0.799223
0.031833 9.9991E-05 0.128172 0.839895
0.0907509 0.0361247 0.063923 0.809201
0.015479 0.0765789 0.0733717 0.83457
9.9991E-05 0.0270759 0.154269 0.818555
0.180985 0.714936 0.0947672 0.00931177
0.34551 0.269549 0.384841 9.9991E-05
0.350566 0.00896794 0.391071 0.249396
0.299085 0.248449 0.452367 9.9991E-05
0.345288 0.351396 0.303216 9.9991E-05
0.39144 0.398323 0.185957 0.0242799
0.136534 0.684704 9.9991E-05 0.178662
0.365788 0.327765 0.306347 9.9991E-05
0.270489 0.515682 0.0700842 0.143746
0.421072 0.271798 0.247461 0.0596683
0.245844 0.480182 0.0563218 0.217652
0.255937 0.268591 0.444271 0.0312008
0.192484 0.59091 0.116711 0.0998948
0.418503 0.342609 0.198769 0.0401185
0.536748 0.112824 0.283466 0.0669614
0.640367 0.139029 0.0790596 0.141544
0.458721 0.145031 0.337969 0.0582787
0.517224 0.110957 0.331649 0.0401702
0.672082 0.156938 0.101877 0.0691031
0.488927 0.0784868 0.330269 0.102317
0.615865 0.0939898 0.249954 0.0401913
0.820281 0.120302 9.9991E-05 0.0593168
0.867809 0.00477805 0.00113216 0.12628
0.685592 0.129144 0.185164 9.9991E-05
0.791172 0.100261 9.9991E-05 0.108467
0.579738 0.266703 0.149903 0.0036558
0.263836 0.654275 0.0434137 0.0384751
0.44214 0.424704 0.133056 9.9991E-05
0.282164 0.442851 0.245932 0.0290532
0.330945 0.246088 0.395826 0.0271403
0.335611 0.56852 0.095769 9.9991E-05
0.469128 0.193234 0.282259 0.0553782
0.30254 0.282433 0.374956 0.0400708
0.319982 0.290942 0.376087 0.0129893
0.343404 0.356732 0.299764 9.9991E-05
0.374076 0.383825 0.241999 9.9991E-05
0.238251 0.57217 0.18948 9.9991E-05
0.29718 0.473042 0.229678 9.9991E-05
0.431315 0.184296 0.38429 9.9991E-05
0.365402 0.260898 0.373601 9.9991E-05
0.380641 0.370951 0.191446 0.0569623
0.327675 0.282321 0.389904 9.9991E-05
0.104277 0.551318 0.248427 0.0959777
0.25611 0.343104 0.400686 9.9991E-05
0.394447 0.301331 0.290864 0.0133575
0.353844 0.229743 0.389628 0.0267851
0.276061 0.0483906 0.386395 0.289153
0.34406 0.0572942 0.492082 0.106564
0.226062 0.23878 0.388284 0.146874
0.438241 0.113956 0.447703 9.9991E-05
0.300784 9.9991E-05 0.461968 0.237148
0.60421 0.210419 0.18527 9.9991E-05
0.329018 0.104234 0.445575 0.121173
0.484433 9.9991E-05 0.0882615 0.427206
0.205104 0.20527 0.476361 0.113265
0.280811 0.137154 0.532412 0.049623
0.259773 0.203723 0.536404 9.9991E-05
0.386706 0.145487 0.242405 0.225401
0.394441 9.9991E-05 0.455332 0.150127
0.302418 0.0645434 0.498327 0.134712
0.214099 9.9991E-05 0.105739 0.680062
0.260186 0.0999617 0.486583 0.15327
0.284901 0.0910026 0.462583 0.161513
0.387075 0.0100685 0.516593 0.0862629
0.205395 0.125018 0.529619 0.139969
0.328774 0.100149 0.446662 0.124414
0.595474 0.076067 0.275167 0.0532924
0.432093 0.161825 0.317898 0.0881841
0.816092 0.115262 9.9991E-05 0.0685455
0.792723 0.110267 9.9991E-05 0.0969099
0.492903 0.133948 0.346682 0.0264673
0.279974 0.0108281 0.569561 0.139637
0.307355 9.9991E-05 0.49568 0.196865
0.348935 9.9991E-05 0.338275 0.312689
0.321145 9.9991E-05 0.450805 0.22795
0.699525 9.9991E-05 0.0649975 0.235377
0.648354 9.9991E-05 0.144527 0.207019
0.553667 0.0117079 0.414807 0.0198178
0.542195 0.0369133 0.343943 0.0769489
0.652037 9.9991E-05 0.191667 0.156197
0.530194 9.9991E-05 0.426588 0.0431174
0.632031 0.00427981 0.358738 0.00495212
0.34358 0.213738 0.390488 0.0521944
0.628644 0.184094 0.118459 0.0688043
0.707971 0.154093 0.137836 9.9991E-05
0.602434 0.0634083 0.321052 0.0131053
0.519694 0.241106 0.188784 0.0504162
0.49829 0.0936496 0.285151 0.122909
0.687063 0.0752926 0.231413 0.00623129
0.727896 0.186624 0.0814883 0.00399157
0.644537 9.9991E-05 0.352528 0.00283583
0.77693 0.120501 0.0470653 0.0555036
0.677316 0.0615655 0.218205 0.0429142
0.560731 0.00144372 0.380603 0.0572218
0.628095 0.0778922 0.293912 9.9991E-05
0.303925 0.0480862 0.53788 0.110109
0.394493 0.131461 0.369372 0.104675
0.357124 0.0144883 0.44332 0.185068
0.289289 0.142771 0.406252 0.161688
0.312005 0.0816219 0.460793 0.14558
0.391937 0.0402287 0.367513 0.200322
0.5603 9.9991E-05 0.0586065 0.380993
0.384312 0.000266625 0.516579 0.0988425
0.352162 9.9991E-05 0.0635201 0.584218
0.440306 0.0206686 0.488337 0.0506887
0.937383 9.9982E-05 9.9982E-05 0.0624171
0.771573 0.131919 9.9991E-05 0.0964081
0.65999 0.0886176 0.251293 9.9991E-05
0.63936 0.00548825 0.338678 0.0164738
0.775123 0.0510242 0.146736 0.0271169
0.692509 0.0527491 0.236758 0.0179832
0.633548 0.0979867 0.268365 9.9991E-05
0.063974 0.0292666 0.0863707 0.820389
9.9991E-05 0.144513 0.119877 0.73551
9.9991E-05 0.0391182 0.0842477 0.876534
9.9982E-05 9.9982E-05 0.051765 0.948035
0.652105 0.0796712 0.268124 9.9991E-05
0.580928 0.169922 0.24905 9.9991E-05
0.738401 0.0614423 0.200056 9.9991E-05
0.591961 0.0183629 0.312797 0.0768792
0.510514 0.118999 0.353827 0.0166598
0.720329 0.197386 0.0433776 0.0389073
0.622445 0.0980557 0.279399 9.9991E-05
0.843386 0.019785 0.11096 0.025869
0.239607 0.0363881 0.435322 0.288683
0.697152 0.0411235 0.261624 9.9991E-05
0.661286 0.184886 0.153729 9.9991E-05
0.527179 0.130911 0.341811 9.9991E-05
0.616149 0.151216 0.232535 9.9991E-05
0.721631 0.0244254 0.253844 9.9991E-05
0.535278 0.0906739 0.3715 0.00254881
0.9997 9.998E-05 9.998E-05 9.998E-05
0.743808 0.0723722 0.131361 0.0524586
0.741627 0.0771895 0.133395 0.0477887
0.971391 9.9982E-05 9.9982E-05 0.0284086
0.557667 0.228486 0.213747 9.9991E-05
0.933967 9.9982E-05 9.9982E-05 0.0658329
0.891878 0.0202721 9.9991E-05 0.0877495
0.619368 0.0235954 0.335958 0.0210779
0.75156 0.154316 0.0474998 0.0466239
0.561328 0.156286 0.267457 0.0149289
0.473281 0.0650134 0.425308 0.0363969
0.568799 0.164657 0.266444 9.9991E-05
0.44526 0.35256 0.20208 9.9991E-05
0.618013 0.0841543 0.297733 9.9991E-05
0.53341 0.154523 0.311967 9.9991E-05
0.896537 9.9991E-05 0.0982651 0.0050983
0.4647 0.167024 0.36031 0.0079665
0.0477285 0.286082 9.9991E-05 0.66609
0.0597251 0.145157 0.0364699 0.758648
9.9982E-05 0.137929 9.9982E-05 0.861871
9.9982E-05 0.16129 9.9982E-05 0.83851
0.0354375 0.224312 9.9991E-05 0.740151
0.618917 0.301607 0.0418642 0.0376117
0.705262 0.188109 9.9991E-05 0.106529
0.9997 9.998E-05 9.998E-05 9.998E-05
0.550557 9.9991E-05 0.42564 0.0237029
0.470557 0.0986992 0.356691 0.0740532
0.825344 9.9991E-05 0.104965 0.0695909
0.679171 9.9982E-05 0.320629 9.9982E-05
0.735765 9.9991E-05 0.174635 0.0894997
0.628321 0.0597511 0.311828 9.9991E-05
0.56744 0.0357482 0.396712 9.9991E-05
0.7321 0.150434 0.0857783 0.0316877
0.753451 0.0980119 0.133735 0.0148018
0.672237 0.180071 0.147591 9.9991E-05
0.430093 0.143932 0.377245 0.0487309
0.608128 0.158722 0.213771 0.0193784
0.66659 0.0371336 0.27106 0.0252163
0.221713 0.0770393 0.63205 0.0691975
0.154617 0.00581092 0.696354 0.143218
0.217943 9.9991E-05 0.669394 0.112563
0.159883 9.9991E-05 0.665284 0.174733
0.286888 0.0315324 0.556526 0.125054
0.723386 9.9991E-05 0.223821 0.052693
9.9982E-05 9.9982E-05 0.683939 0.315861
0.116153 9.9991E-05 0.689735 0.194011
0.373698 0.0635611 0.361417 0.201324
0.49058 0.128451 0.301598 0.079371
0.457393 0.203147 0.234909 0.104551
0.383754 0.183801 0.372359 0.060086
0.537558 0.0841528 0.307236 0.0710538
0.126017 9.9991E-05 0.701358 0.172525
0.235334 9.9991E-05 0.571938 0.192628
0.102477 0.0226277 0.745571 0.129324
0.192371 0.277634 0.4881 0.0418962
0.233833 9.9991E-05 0.690552 0.0755155
0.265417 9.9991E-05 0.534136 0.200347
0.142847 9.9991E-05 0.650219 0.206835
0.140651 0.0677723 0.657708 0.133868
0.559613 0.0285869 0.316579 0.0952209
0.160884 0.102967 0.540457 0.195692
9.9982E-05 9.9982E-05 0.755936 0.243864
0.29947 0.000277952 0.538016 0.162236
0.42275 0.283713 0.0699169 0.223621
0.600649 0.0399954 0.35662 0.00273609
0.113083 0.170259 0.602854 0.113804
0.384121 0.183663 0.381823 0.0503927
0.415906 0.203031 0.252349 0.128715
0.323547 0.0404453 0.390799 0.245209
0.245753 9.9991E-05 0.488564 0.265583
0.351377 0.116821 0.466543 0.0652602
0.263555 9.9991E-05 0.588407 0.147939
0.0991918 0.0297919 0.765885 0.105131
9.9982E-05 9.9982E-05 0.717375 0.282425
0.394034 0.210016 0.382095 0.0138546
0.59768 0.072724 0.209062 0.120534
0.655762 9.9991E-05 0.0305952 0.313543
0.476194 0.0121005 0.351051 0.160654
0.39473 0.329361 0.204679 0.0712303
0.383505 0.0266561 0.411323 0.178516
0.521575 0.0644392 0.277378 0.136608
0.355961 9.9991E-05 0.126473 0.517466
0.436584 9.9991E-05 0.00630897 0.557007
0.421207 0.122456 0.215459 0.240878
0.292351 0.0218549 0.192677 0.493117
0.238598 9.9991E-05 0.177694 0.583608
0.437033 0.00522501 0.347225 0.210518
0.378854 9.9991E-05 0.356163 0.264883
0.307764 0.0489038 0.269925 0.373407
0.355308 9.9991E-05 0.163689 0.480903
0.501238 0.0382214 0.303776 0.156765
0.511 9.9991E-05 0.182809 0.306091
0.308911 9.9991E-05 0.0165026 0.674486
0.253471 0.154083 0.46693 0.125516
0.340847 0.0614811 0.401361 0.196311
0.199097 0.155979 0.411009 0.233915
0.235078 0.0604858 0.59226 0.112176
0.275423 0.165731 0.48951 0.0693364
0.265288 0.0877134 0.514221 0.132778
0.112069 0.132918 0.402908 0.352105
0.205454 0.172472 0.444613 0.177461
0.141494 0.114315 0.595878 0.148313
0.197797 0.0907213 0.386649 0.324833
0.337381 0.126771 0.306942 0.228907
0.302928 0.147729 0.434273 0.11507
0.268598 0.0426075 0.513443 0.175351
0.389111 0.131661 0.415899 0.0633287
0.176371 0.0762892 0.518483 0.228857
0.278384 0.075113 0.477451 0.169052
0.231191 9.9991E-05 0.318313 0.450397
0.186727 0.207647 0.477265 0.128361
0.25993 9.9991E-05 0.36974 0.370231
0.046487 0.0959707 0.0229658 0.834577
0.0948169 0.773457 9.9991E-05 0.131626
9.9982E-05 0.933913 9.9982E-05 0.0658868
9.9982E-05 0.954696 9.9982E-05 0.0451037
9.998E-05 0.9997 9.998E-05 9.998E-05
9.9991E-05 0.986583 0.00354821 0.00976846
9.9982E-05 0.9646 9.9982E-05 0.0351996
9.9982E-05 0.90771 9.9982E-05 0.0920898
9.9982E-05 0.811626 9.9982E-05 0.188174
9.9991E-05 0.0128809 0.0906122 0.896407
9.9991E-05 0.115899 0.0812576 0.802744
9.9991E-05 0.0105093 0.0874966 0.901894
0.0411661 0.121799 0.0143022 0.822733
9.9982E-05 9.9982E-05 0.10714 0.89266
9.9991E-05 0.0403339 0.0219913 0.937575
0.0489408 0.0359691 0.18112 0.73397
9.9982E-05 9.9982E-05 0.134472 0.865328
0.0211687 0.133403 0.119172 0.726257
9.9982E-05 9.9982E-05 0.0726305 0.92717
9.9982E-05 0.0237909 9.9982E-05 0.976009
9.9991E-05 0.047906 0.0752091 0.876785
9.9982E-05 9.9982E-05 0.0639996 0.9358
9.9982E-05 9.9982E-05 0.0939082 0.905892
9.9991E-05 0.0588055 0.121039 0.820056
9.9982E-05 9.9982E-05 0.160049 0.839751
9.9982E-05 9.9982E-05 0.235599 0.764201
0.0348606 9.9991E-05 0.204941 0.760098
0.0145468 9.9991E-05 0.187646 0.797708
0.490376 0.113973 0.226644 0.169007
0.57785 0.125143 0.296907 9.9991E-05
0.43531 0.0479176 0.391298 0.125475
0.804981 9.9982E-05 9.9982E-05 0.19482
0.366138 0.245284 0.312326 0.0762519
0.67968 9.9982E-05 9.9982E-05 0.32012
0.411257 0.129737 0.355498 0.103508
0.546424 0.184142 0.178391 0.0910418
0.523133 0.115434 0.291902 0.0695302
0.604188 0.0556581 0.318007 0.0221471
0.623393 0.111006 0.155689 0.109912
0.651499 9.9991E-05 0.300891 0.0475096
0.532184 0.142517 0.25674 0.0685586
0.354913 0.574453 0.0193063 0.0513282
0.690633 0.0998198 9.9991E-05 0.209447
0.723554 0.0309269 9.9991E-05 0.245419
0.493637 0.046967 0.403728 0.055668
0.509258 0.0938185 0.295049 0.101875
0.529866 0.0307893 0.310275 0.12907
0.542068 0.0318517 0.344866 0.0812142
0.381479 0.00613651 0.4323 0.180085
0.258945 0.135639 0.526141 0.0792744
0.201214 0.140316 0.196877 0.461593
0.364231 0.176297 0.355394 0.104079
0.274105 0.149826 0.37248 0.203589
0.290846 9.9991E-05 0.0888291 0.620224
0.395991 9.9991E-05 0.302641 0.301269
0.2484 0.0777321 0.305002 0.368866
0.189752 0.195289 0.342288 0.272671
0.340621 0.117084 0.418191 0.124104
0.256706 0.119082 0.450237 0.173974
0.287778 0.086377 0.528859 0.0969865
0.413288 0.0437251 0.320492 0.222495
0.120206 0.0356942 0.372012 0.472087
