0.934054 0.0462292 0.0149605 0.00475684
0.969488 0.0303123 9.9982E-05 9.9982E-05
0.857486 9.9991E-05 0.0244175 0.117997
0.824827 0.0215812 0.0967007 0.056891
0.876101 9.9982E-05 0.123699 9.9982E-05
0.652879 0.189226 0.077832 0.080063
0.875496 0.0922578 0.0321458 9.9991E-05
0.771608 0.178039 0.0418929 0.00845982
0.845094 0.154706 9.9982E-05 9.9982E-05
0.723759 0.0779492 0.0997611 0.0985312
0.807992 0.1768 9.9991E-05 0.0151085
0.0664441 0.519385 0.0127227 0.401448
0.117755 0.216659 0.0954512 0.570135
0.126604 0.451436 0.0591518 0.362808
0.116472 0.348065 0.161516 0.373947
0.194167 0.21649 0.101969 0.487374
0.137786 0.133636 0.14069 0.587887
0.064883 0.334764 0.0914972 0.508856
0.210181 0.312948 0.0473824 0.429489
0.148707 0.682092 0.0244164 0.144785
0.0638257 0.329636 0.107877 0.498662
0.0918835 0.31153 0.0886222 0.507965
0.0995386 0.197053 9.9991E-05 0.703308
0.0652298 0.394697 0.0639824 0.476091
0.172193 0.0938022 9.9991E-05 0.733905
0.0839602 0.250244 0.075194 0.590601
0.104989 0.509508 0.0681043 0.317399
0.107996 0.446177 0.140362 0.305464
0.112974 0.526018 9.9991E-05 0.360908
0.864375 9.9991E-05 0.0728847 0.0626406
0.866187 9.9991E-05 0.0197413 0.113972
0.811203 9.9991E-05 0.0311779 0.157519
0.788976 9.9991E-05 0.0585959 0.152329
0.0499451 0.291528 9.9991E-05 0.658427
0.119873 0.196502 0.0720292 0.611596
9.9991E-05 0.26009 0.0290034 0.710806
0.20462 0.566972 9.9991E-05 0.228308
9.9982E-05 0.444398 9.9982E-05 0.555402
0.140043 0.161933 0.0766662 0.621357
0.03616 0.0828889 0.0721895 0.808762
0.128327 0.16078 0.0175814 0.693312
0.110984 0.092212 0.0350401 0.761763
0.0379622 0.559361 9.9991E-05 0.402577
0.0975033 0.182593 0.0754532 0.644451
0.104734 0.196475 0.02487 0.673921
0.154252 0.0464045 0.0300537 0.76929
9.9982E-05 0.428275 9.9982E-05 0.571525
0.0319565 0.196304 0.0251966 0.746543
0.120698 0.153993 0.116709 0.6086
0.0800468 0.860132 9.9991E-05 0.0597212
9.9982E-05 0.681795 9.9982E-05 0.318005
0.0389679 0.717828 0.107651 0.135553
0.0864292 0.145089 0.159945 0.608537
0.131611 0.152911 0.0886383 0.62684
0.0331498 0.191611 0.183924 0.591315
0.146643 0.530182 9.9991E-05 0.323075
0.00197218 0.292085 0.0538383 0.652104
0.0692017 0.227826 0.101856 0.601116
0.203931 0.389424 0.0351606 0.371484
0.225448 0.583653 0.0809431 0.109955
0.126561 0.163013 0.0794941 0.630933
0.0797096 0.338293 0.12562 0.456378
0.141474 0.754748 9.9991E-05 0.103678
0.0456423 0.331088 0.0488098 0.57446
0.060589 0.263948 0.119946 0.555517
0.0878669 0.162538 0.0468639 0.702731
0.111057 0.413531 0.0645773 0.410835
0.0556485 0.256393 0.138246 0.549713
0.0836212 0.175049 0.0799942 0.661335
0.117147 0.55036 0.00033691 0.332156
9.9982E-05 0.229365 9.9982E-05 0.770435
9.9982E-05 0.564506 9.9982E-05 0.435294
0.147465 0.188099 0.131527 0.532909
9.9991E-05 0.730707 0.0159961 0.253197
9.9982E-05 0.789147 9.9982E-05 0.210653
9.9982E-05 0.45857 9.9982E-05 0.54123
0.00934251 0.334152 0.0072401 0.649266
0.179463 0.0823906 0.0438614 0.694285
0.0381855 0.317366 0.0281144 0.616334
0.0879875 0.484188 9.9991E-05 0.427724
0.0447576 0.451033 9.9991E-05 0.504109
0.0968552 0.178 0.0811969 0.643948
9.9991E-05 0.45614 0.00743953 0.536321
0.0566893 0.334861 9.9991E-05 0.60835
9.9982E-05 0.381467 9.9982E-05 0.618333
9.9991E-05 0.806392 0.00771064 0.185797
0.0551812 0.201804 0.0862929 0.656722
0.873669 9.9991E-05 0.0308523 0.0953783
0.92126 9.9982E-05 9.9982E-05 0.0785396
0.88749 9.9991E-05 0.0579772 0.0544333
0.903438 9.9991E-05 0.0297584 0.0667038
0.858922 0.00527272 0.0499541 0.0858515
0.925552 9.9991E-05 0.00776635 0.066582
0.940899 9.9991E-05 0.0253345 0.0336661
0.0679681 0.26762 0.0819854 0.582427
0.159046 0.128996 0.0881519 0.623807
9.9982E-05 0.683509 9.9982E-05 0.316291
0.0436319 0.120013 0.16298 0.673375
0.0308309 0.340785 9.9991E-05 0.628284
0.0629731 0.144841 9.9991E-05 0.792086
0.0239569 0.241461 0.0543812 0.680201
0.00285496 0.207595 0.073167 0.716383
0.068373 0.728944 9.9991E-05 0.202583
0.0867125 0.231435 0.0921524 0.5897
0.0764916 0.104393 9.9991E-05 0.819016
0.127509 0.136752 0.0968253 0.638914
9.9991E-05 0.474889 0.0760658 0.448945
0.0330282 0.238377 0.0219472 0.706648
0.030355 0.248637 9.9991E-05 0.720908
9.9991E-05 0.369335 0.0160663 0.614499
0.0406997 0.267784 9.9991E-05 0.691416
0.148041 0.0530218 0.0454961 0.753441
0.0652284 0.57336 0.0714943 0.289917
0.140314 0.370201 0.0775705 0.411914
0.0959773 0.168814 0.110836 0.624373
0.100065 0.171411 0.102622 0.625902
0.131149 0.308554 9.9991E-05 0.560197
0.0101598 0.248434 0.121542 0.619864
0.105034 0.322225 0.0338619 0.538879
0.0598353 0.257861 0.114059 0.568245
0.0865685 0.206661 0.0314622 0.675308
0.101347 0.247813 0.0163241 0.634516
0.0243741 0.350807 9.9991E-05 0.624719
0.0229395 0.211833 0.172644 0.592583
0.168536 0.090125 0.0474369 0.693902
0.0552953 0.229042 9.9991E-05 0.715562
0.0896141 0.148075 0.144179 0.618131
0.0943033 0.194863 0.111317 0.599517
0.138312 0.401522 0.0804282 0.379737
0.00661014 0.17287 0.136597 0.683922
0.0324928 0.207046 0.0498863 0.710575
0.0820196 0.505494 0.0648346 0.347652
0.0115965 0.705121 0.125934 0.157349
0.137642 0.17834 9.9991E-05 0.683918
9.9991E-05 0.768343 0.0516191 0.179938
0.103361 0.47925 9.9991E-05 0.417288
0.0338511 0.389272 9.9991E-05 0.576777
0.0800945 0.448449 9.9991E-05 0.471357
0.0516423 0.46676 0.0509604 0.430637
0.108283 0.154357 9.9991E-05 0.73726
0.147532 0.234645 0.0391081 0.578714
0.113158 0.264485 0.065835 0.556523
0.045549 0.669126 0.103751 0.181574
0.149546 0.160626 0.0235935 0.666234
0.0767859 0.315281 0.058437 0.549496
0.212696 0.712694 0.0396494 0.0349611
0.0858954 0.120307 0.0560045 0.737793
0.126543 0.40808 0.0655604 0.399816
0.0965334 0.242574 0.125375 0.535518
0.125759 0.536094 0.107098 0.231049
0.150732 0.497138 9.9991E-05 0.35203
0.0894742 0.401173 9.9991E-05 0.509253
0.144196 0.30372 0.0840426 0.468041
0.146493 0.342854 0.0891064 0.421547
0.04587 0.647733 0.261126 0.0452706
0.0936426 0.218312 0.124151 0.563894
9.9982E-05 0.437314 9.9982E-05 0.562486
9.9991E-05 0.395295 0.0294684 0.575137
0.14294 0.164291 0.0334285 0.65934
0.312178 0.214805 0.332153 0.140864
0.586783 0.20475 0.208367 9.9991E-05
0.507404 0.259634 0.232861 9.9991E-05
0.409877 0.0954708 0.407875 0.0867774
9.9991E-05 0.220242 0.0770441 0.702614
0.107094 0.259425 0.017935 0.615547
9.9982E-05 9.9982E-05 0.700914 0.298886
0.00501853 0.122618 0.543204 0.329159
0.100993 0.0921189 0.378865 0.428023
9.9991E-05 0.507238 0.0951484 0.397513
0.0338365 0.237862 0.117665 0.610636
0.0332126 0.600507 0.0922011 0.274079
9.9991E-05 0.278832 0.0627147 0.658353
0.0194743 0.265055 0.101288 0.614182
0.073988 0.19461 0.103693 0.627709
9.9991E-05 0.636979 0.0967053 0.266216
0.0389915 0.22419 0.183442 0.553377
0.121683 0.17323 0.0985076 0.60658
9.9991E-05 0.0193148 0.978541 0.00204426
9.9982E-05 9.9982E-05 0.855249 0.144551
0.043223 0.0522076 0.654948 0.249621
0.00919195 9.9991E-05 0.64784 0.342868
0.0441201 9.9991E-05 0.820064 0.135716
9.998E-05 9.998E-05 0.9997 9.998E-05
9.9982E-05 0.0221096 0.97769 9.9982E-05
9.9982E-05 9.9982E-05 0.836274 0.163526
9.9982E-05 9.9982E-05 0.990726 0.00907371
9.998E-05 9.998E-05 0.9997 9.998E-05
9.998E-05 9.998E-05 0.9997 9.998E-05
0.0625562 0.00786622 0.764914 0.164663
0.0461876 9.9991E-05 0.784464 0.169249
9.998E-05 9.998E-05 0.9997 9.998E-05
0.101457 0.110025 0.425487 0.363031
0.0478266 9.9991E-05 0.685009 0.267065
0.084221 9.9991E-05 0.788276 0.127403
9.9982E-05 9.9982E-05 0.870678 0.129122
9.998E-05 9.998E-05 0.9997 9.998E-05
0.0147658 9.9991E-05 0.881242 0.103892
9.998E-05 9.998E-05 0.9997 9.998E-05
0.0900841 0.00750089 0.606341 0.296074
9.9991E-05 0.0129529 0.858087 0.12886
0.377053 0.482222 0.140626 9.9991E-05
0.224748 0.181754 0.118972 0.474526
0.248815 0.220781 0.0869173 0.443487
0.247929 0.331654 0.23546 0.184956
0.136889 0.140961 0.204166 0.517984
0.3052 0.311705 0.196664 0.186431
0.246647 0.184384 0.120541 0.448427
0.209923 0.196632 0.216134 0.377311
0.203642 0.144122 0.151659 0.500577
0.219291 0.142186 0.259098 0.379426
0.235036 0.200296 0.158187 0.406481
0.872641 0.0810853 9.9991E-05 0.0461735
0.896912 0.022312 0.0806762 9.9991E-05
0.995368 0.00443251 9.9982E-05 9.9982E-05
0.990869 9.9982E-05 9.9982E-05 0.00893073
0.960294 0.00929469 0.0303114 9.9991E-05
0.917957 0.0100784 0.0718643 9.9991E-05
0.908747 9.9991E-05 0.079604 0.0115485
0.90476 0.0519798 0.0264744 0.0167857
0.950781 9.9991E-05 0.01506 0.0340589
0.884096 9.9982E-05 0.115704 9.9982E-05
0.669422 0.330378 9.9982E-05 9.9982E-05
0.647409 0.343809 0.00868184 9.9991E-05
0.611874 0.387926 9.9982E-05 9.9982E-05
0.584679 0.415121 9.9982E-05 9.9982E-05
0.109744 0.197023 9.9991E-05 0.693133
9.9991E-05 0.265042 0.042398 0.69246
0.0512547 0.247916 0.0297919 0.671038
0.0532357 0.406171 9.9991E-05 0.540494
0.0481838 0.62541 0.00656349 0.319843
0.0916919 0.17858 0.0363074 0.693421
9.9991E-05 0.221127 0.0113598 0.767413
9.9991E-05 0.347681 0.0168956 0.635324
9.9991E-05 0.457405 0.0392171 0.503278
0.119713 0.196192 0.0866717 0.597423
0.0379839 0.366885 9.9991E-05 0.595031
9.9982E-05 0.864878 9.9982E-05 0.134922
0.0641836 0.230038 0.0276425 0.678136
9.9991E-05 0.560511 0.0448515 0.394537
0.0278468 0.300365 0.0091967 0.662592
0.0204371 0.605676 9.9991E-05 0.373787
0.28225 0.697362 9.9991E-05 0.0202882
0.23543 0.684138 9.9991E-05 0.0803318
0.18428 0.789607 9.9991E-05 0.0260137
0.237704 0.722476 9.9991E-05 0.0397201
0.13242 0.698501 9.9991E-05 0.168979
0.228221 0.607701 0.0143515 0.149727
0.890574 9.9991E-05 0.00720267 0.102123
0.879208 9.9991E-05 0.0528324 0.0678594
0.786898 9.9991E-05 0.157404 0.0555979
0.785486 9.9991E-05 0.116143 0.0982702
0.811191 9.9991E-05 0.0491527 0.139557
0.482942 0.516858 9.9982E-05 9.9982E-05
0.5639 0.4359 9.9982E-05 9.9982E-05
0.519922 0.460043 9.9991E-05 0.0199353
0.837272 9.9991E-05 0.0812016 0.0814266
0.484342 0.515458 9.9982E-05 9.9982E-05
0.246283 0.137621 0.420832 0.195264
0.18308 0.0241207 0.267998 0.524802
0.165726 9.9991E-05 0.307539 0.526635
0.275553 0.0940569 0.233885 0.396504
0.130687 0.111149 0.158381 0.599784
0.493873 0.156133 0.349894 9.9991E-05
0.0419241 0.404039 9.9991E-05 0.553937
0.0439669 0.448142 0.0383321 0.469559
0.181063 0.485981 9.9991E-05 0.332856
0.0111261 0.378071 0.0474139 0.563389
9.9982E-05 0.993106 0.00669433 9.9982E-05
0.161704 0.233719 0.0334805 0.571096
0.0681086 0.371492 0.0785255 0.481874
0.100356 0.44532 9.9991E-05 0.454224
0.166974 0.142558 0.0135467 0.676921
9.9991E-05 0.790061 0.0435471 0.166292
0.0259896 0.368402 0.10597 0.499639
0.0197867 0.331664 0.0775251 0.571025
0.159159 0.185681 0.211509 0.443651
9.9991E-05 0.527074 0.0319066 0.44092
0.0311917 0.385951 0.0645207 0.518337
9.9991E-05 0.426596 0.151044 0.422261
9.9982E-05 0.352897 9.9982E-05 0.646903
0.0355486 0.175567 0.0631691 0.725716
0.0708212 0.20592 0.099082 0.624176
0.070618 0.185022 0.123849 0.620511
0.775285 9.9991E-05 0.139141 0.0854743
0.864564 9.9991E-05 0.0545383 0.0807975
0.787578 0.147212 0.0348923 0.0303174
0.808474 0.121562 0.0681071 0.00185728
0.876703 9.9991E-05 0.00575942 0.117437
0.0943632 0.578838 0.0199029 0.306896
0.0726587 0.231397 0.0340238 0.661921
0.253225 0.137437 0.128582 0.480756
0.062824 0.0889666 0.150968 0.697241
0.117797 0.163323 9.9991E-05 0.718781
0.0824664 0.505021 0.153336 0.259177
0.248874 0.640535 9.9991E-05 0.110491
0.0718932 0.239876 0.0431404 0.64509
0.118012 0.583565 0.12302 0.175403
0.0481114 0.362639 0.118833 0.470416
0.253142 0.566076 9.9991E-05 0.180681
0.105172 0.185542 0.10747 0.601816
0.166351 0.535597 9.9991E-05 0.297953
0.0812254 0.41306 0.0975246 0.40819
0.0722118 0.292053 0.0695474 0.566187
0.0568718 0.536452 0.0565403 0.350136
0.155056 0.225922 9.9991E-05 0.618922
0.153721 0.216815 9.9991E-05 0.629364
0.0370786 0.47535 9.9991E-05 0.487472
0.109766 0.205371 0.167776 0.517086
0.111398 0.240594 9.9991E-05 0.647908
9.9982E-05 0.766802 9.9982E-05 0.232998
0.0445976 0.56597 0.0134205 0.376012
0.0705492 0.324649 0.00490636 0.599896
0.0695447 0.642101 0.017071 0.271284
0.0750791 0.375423 9.9991E-05 0.549398
0.0918807 0.702376 9.9991E-05 0.205643
9.9991E-05 0.688329 0.0651866 0.246384
0.131998 0.394708 0.0238043 0.44949
0.0246405 0.244942 0.150879 0.579538
0.00827283 0.574601 9.9991E-05 0.417026
0.0824482 0.284795 0.145216 0.487541
0.102225 0.208234 0.0639986 0.625542
0.090827 0.261922 0.0612725 0.585979
0.0734361 0.28504 0.128901 0.512623
0.0792325 0.351761 0.0288098 0.540197
0.0136538 0.574749 0.0703572 0.34124
9.9991E-05 0.478507 0.179135 0.342258
0.00121073 0.244308 0.100423 0.654058
0.105471 0.144373 0.07905 0.671106
0.147533 0.307181 0.0117856 0.5335
9.9991E-05 0.314696 0.14593 0.539274
0.217244 0.361152 0.0420387 0.379565
0.0488902 0.119722 0.0129431 0.818445
0.0869722 0.270833 0.0847873 0.557407
0.0653292 0.248705 0.168056 0.51791
0.33805 0.0246717 0.192595 0.444684
0.12581 0.091404 0.257687 0.5251
0.125993 0.227708 0.227131 0.419167
0.117281 0.0885732 0.177852 0.616294
0.145219 0.0857698 0.331805 0.437207
9.9991E-05 0.39657 0.0979014 0.505429
0.136744 0.0700965 0.150442 0.642717
0.23996 0.498616 0.255742 0.00568203
0.111573 0.142423 0.193337 0.552667
0.108461 0.0801636 0.178756 0.63262
0.0831889 0.0952632 0.289572 0.531976
0.208924 0.282724 0.171747 0.336605
0.225814 0.0310952 0.122164 0.620927
0.189076 0.091924 0.180413 0.538587
0.500833 0.228332 0.270734 9.9991E-05
0.204585 0.0194083 0.259779 0.516228
0.161948 0.0984992 0.286757 0.452796
0.0700252 0.0841908 0.231034 0.61475
0.205678 9.9991E-05 0.250514 0.543708
0.140986 0.131844 0.218263 0.508907
0.00733833 0.318748 0.126361 0.547553
0.150491 0.149589 0.092112 0.607807
9.9991E-05 0.808549 0.0403402 0.15101
9.9991E-05 0.867356 0.0423036 0.0902408
0.112453 0.2182 0.113824 0.555523
0.0949131 0.0767336 0.448929 0.379425
0.0923512 0.159405 0.490052 0.258192
0.179618 0.280256 0.401169 0.138957
0.180821 0.135543 0.315907 0.367729
0.066894 0.606823 0.219736 0.106547
0.0717551 0.463815 0.229171 0.235259
9.9991E-05 0.259551 0.263108 0.477241
9.9991E-05 0.325454 0.227803 0.446643
0.0151186 0.551675 0.257595 0.175611
0.0385189 0.233593 0.14974 0.578148
0.0236583 0.252695 0.13825 0.585397
0.15624 0.229209 0.183947 0.430605
9.9991E-05 0.50712 0.0391354 0.453644
9.9991E-05 0.460551 0.103145 0.436204
0.0414857 0.254996 0.0590131 0.644505
0.117863 0.340913 0.125177 0.416047
0.0837738 0.285709 0.151516 0.479001
9.9991E-05 0.387433 0.056452 0.556015
9.9991E-05 0.586649 0.0576256 0.355625
0.00612849 0.237399 0.0737486 0.682724
9.9991E-05 0.618417 0.0602414 0.321241
0.0118216 0.399221 0.0896674 0.49929
0.0867183 0.231043 0.0625416 0.619697
0.0489449 0.331313 0.0455808 0.574161
0.155589 0.139552 0.237957 0.466902
0.15728 0.246405 0.157723 0.438593
0.156196 0.186332 0.283076 0.374396
0.103453 0.239433 0.296675 0.360439
0.279453 0.139428 0.0834778 0.497641
0.144837 0.173819 0.211977 0.469366
0.179652 0.566276 0.253972 9.9991E-05
0.181547 9.9991E-05 0.219052 0.599301
0.39974 0.374645 0.225515 9.9991E-05
0.0246958 0.113468 0.263496 0.59834
9.9991E-05 0.707932 0.030575 0.261393
9.9982E-05 0.926856 0.072944 9.9982E-05
9.9991E-05 0.377331 0.0314194 0.591149
0.0566798 0.173102 0.0455391 0.724679
9.9982E-05 0.458065 9.9982E-05 0.541735
0.0196171 0.318353 0.00359377 0.658436
9.9991E-05 0.29346 0.0831928 0.623247
0.831859 0.0336297 0.0459768 0.0885348
0.760725 0.139918 0.0987118 0.000644267
0.919541 9.9982E-05 0.0802588 9.9982E-05
0.978282 9.9982E-05 9.9982E-05 0.0215179
0.0802836 0.265787 0.0622162 0.591714
0.134697 0.184182 9.9991E-05 0.681021
0.0346021 0.273716 9.9991E-05 0.691582
0.175399 0.132357 9.9991E-05 0.692144
0.111949 0.215998 0.0317872 0.640266
9.9982E-05 0.547936 9.9982E-05 0.451864
0.00142077 0.169055 0.0703238 0.759201
0.0213405 0.418663 9.9991E-05 0.559897
0.323877 0.0352083 0.169681 0.471233
9.9991E-05 0.337545 0.0923721 0.569983
9.9982E-05 0.426147 9.9982E-05 0.573653
9.9991E-05 0.282047 0.0198445 0.698009
0.0114832 0.422816 9.9991E-05 0.565601
9.9982E-05 0.268779 9.9982E-05 0.731021
0.0987723 0.239861 0.0184409 0.642925
9.9982E-05 0.600226 9.9982E-05 0.399574
9.9991E-05 0.565358 0.0748447 0.359697
9.9991E-05 0.454943 0.0158771 0.52908
9.9982E-05 0.852713 9.9982E-05 0.147087
0.0551169 0.272001 9.9991E-05 0.672782
9.9991E-05 0.70168 0.0289862 0.269234
0.00253767 0.863715 0.0129268 0.12082
0.0270623 0.206048 0.0182418 0.748648
0.0610286 0.524427 9.9991E-05 0.414444
0.0143762 0.390652 0.0273279 0.567644
0.0914196 0.0515239 0.0624469 0.79461
0.0262701 0.274446 9.9991E-05 0.699184
9.9991E-05 0.523162 0.132184 0.344554
9.9991E-05 0.254839 0.0631085 0.681952
0.0489611 0.281413 0.0544626 0.615164
9.9982E-05 0.463592 9.9982E-05 0.536208
0.0818185 0.216556 0.0778354 0.62379
0.696877 0.245362 9.9991E-05 0.0576614
0.789305 0.147258 9.9991E-05 0.0633371
0.857452 0.142349 9.9982E-05 9.9982E-05
0.873419 0.120511 9.9991E-05 0.00597018
0.813662 0.112544 9.9991E-05 0.0736939
0.0614585 0.560557 9.9991E-05 0.377884
0.0393691 0.54763 9.9991E-05 0.412901
9.9982E-05 0.591 9.9982E-05 0.4088
0.105604 0.10932 0.133614 0.651463
0.186203 0.147632 0.0626162 0.603549
0.0428494 0.398542 0.0252 0.533409
0.0119584 0.230758 0.0776095 0.679674
0.0617444 0.277381 0.0122412 0.648633
0.0148511 0.225574 9.9991E-05 0.759475
0.0389139 0.127897 9.9991E-05 0.833089
9.9982E-05 0.496284 9.9982E-05 0.503516
9.9982E-05 0.419771 9.9982E-05 0.580029
9.9982E-05 0.466416 9.9982E-05 0.533384
0.112867 0.183181 0.0543012 0.649651
9.9982E-05 0.367019 9.9982E-05 0.632781
0.0462836 0.318374 9.9991E-05 0.635242
0.0785742 0.0248408 0.415741 0.480844
0.083879 0.0335342 0.498907 0.38368
0.12212 9.9991E-05 0.507391 0.370389
0.175383 9.9991E-05 0.518274 0.306242
0.112765 0.041763 0.357449 0.488023
0.0354858 0.277849 0.0862384 0.600427
0.260058 9.9991E-05 0.669424 0.0704182
0.166784 0.00722252 0.515542 0.310451
0.198837 0.166823 0.231397 0.402944
0.245364 0.116086 9.9991E-05 0.63845
0.144591 0.274673 0.105657 0.47508
0.118206 0.130613 0.13258 0.618602
0.0687497 0.164695 0.08399 0.682565
0.178977 9.9991E-05 0.434444 0.38648
0.188299 0.0389286 0.315362 0.45741
0.0716739 9.9991E-05 0.511144 0.417083
0.119782 0.0807076 0.356442 0.443068
0.0917844 0.0279843 0.593358 0.286874
0.108536 0.101377 0.397818 0.39227
0.148388 0.0508928 0.593317 0.207402
0.117463 9.9991E-05 0.50295 0.379486
0.0815949 0.163374 0.108617 0.646414
0.229596 0.0514893 0.41086 0.308055
0.200837 9.9991E-05 0.665538 0.133525
0.0935141 0.157743 0.406369 0.342373
0.246634 0.428067 0.0108374 0.314462
9.9991E-05 0.212683 0.133413 0.653804
0.159813 0.0613902 0.344343 0.434454
0.142203 0.101772 0.104263 0.651762
0.238063 0.152567 9.9991E-05 0.60927
0.243316 0.0943438 0.239306 0.423034
0.202433 0.12092 0.364922 0.311725
0.0559736 0.155792 0.208827 0.579407
0.0751643 0.0771632 0.458999 0.388673
0.0443 0.0364093 0.561665 0.357626
0.246092 9.9991E-05 0.638856 0.114952
0.224544 0.0748705 0.0210301 0.679556
0.158306 0.231784 9.9991E-05 0.60981
0.146778 0.491985 0.207032 0.154206
0.198687 0.0830393 0.0781235 0.64015
0.151197 0.293231 0.0166113 0.538961
0.291649 0.0670128 0.146039 0.495299
0.18906 0.246996 0.136631 0.427313
0.308557 0.396375 0.294968 9.9991E-05
0.388003 0.386817 0.22508 9.9991E-05
0.130994 0.369471 0.272454 0.227081
0.363417 0.324036 0.312447 9.9991E-05
0.447921 0.222872 0.329107 9.9991E-05
0.0961295 0.277077 0.243956 0.382838
0.246572 0.176238 0.223986 0.353204
0.328953 0.222441 0.246041 0.202564
0.301425 0.347549 0.32496 0.0260661
0.100206 0.178411 0.308719 0.412664
0.238875 0.388728 0.201621 0.170775
0.500336 0.341346 0.158218 9.9991E-05
0.158855 0.0957114 0.197819 0.547615
0.185153 0.143968 0.333606 0.337273
0.354285 0.0630626 0.079742 0.50291
0.180715 9.9991E-05 0.249384 0.569801
0.246656 9.9991E-05 0.223735 0.529509
0.210605 0.0414346 0.221648 0.526312
0.378025 0.0156465 0.234442 0.371886
0.23162 0.0296051 0.204223 0.534553
0.281083 9.9991E-05 0.298484 0.420333
0.301513 0.114491 0.286038 0.297959
0.198596 0.290917 0.114141 0.396346
0.0890833 0.188927 0.222933 0.499056
0.193645 0.0302603 0.196474 0.579621
0.133037 0.1307 0.0397923 0.696471
0.301807 0.0207673 0.256695 0.420731
0.216732 0.0101557 0.196964 0.576149
0.445429 0.147956 0.247564 0.159051
0.219261 0.0140182 0.211665 0.555056
0.305737 0.116758 0.384634 0.192871
0.837002 0.139467 0.0108058 0.0127252
0.248414 0.645969 9.9991E-05 0.105517
0.164067 0.835733 9.9982E-05 9.9982E-05
0.225045 0.717578 9.9991E-05 0.0572775
0.139677 0.772863 9.9991E-05 0.0873598
0.204556 0.650818 9.9991E-05 0.144526
0.143028 0.695583 9.9991E-05 0.161289
0.207441 0.792359 9.9982E-05 9.9982E-05
0.344662 0.569003 9.9991E-05 0.0862356
0.921147 9.9991E-05 0.00916936 0.0695835
0.851539 0.0574963 9.9991E-05 0.0908642
0.904241 0.014517 0.0643494 0.0168929
0.864849 0.0968557 9.9991E-05 0.0381949
0.902107 9.9991E-05 0.0847243 0.0130684
0.932292 0.0556498 9.9991E-05 0.0119577
0.782671 0.0396012 0.148745 0.0289825
0.883587 9.9991E-05 0.0619249 0.0543884
0.761389 0.0723842 0.0670703 0.0991566
0.923788 9.9982E-05 0.0760122 9.9982E-05
0.959052 0.0385363 9.9991E-05 0.00231177
0.838331 0.0681088 0.0701803 0.0233795
0.996242 0.00355802 9.9982E-05 9.9982E-05
0.936183 9.9991E-05 0.0443991 0.0193179
0.877712 9.9991E-05 0.0377309 0.0844573
0.873525 9.9991E-05 0.0602142 0.0661605
0.811004 9.9991E-05 0.124932 0.0639637
0.795989 9.9991E-05 0.0671412 0.136769
0.835766 9.9991E-05 0.0559106 0.108224
0.230154 0.291506 9.9991E-05 0.47824
0.11028 0.14972 9.9991E-05 0.739899
0.113422 0.141162 0.0959293 0.649486
0.0826556 0.606697 0.124542 0.186105
0.205745 0.131776 9.9991E-05 0.66238
0.199743 0.558151 0.0842831 0.157823
0.0987443 0.140351 0.0823553 0.678549
0.164432 0.280662 9.9991E-05 0.554806
0.119253 0.186437 9.9991E-05 0.69421
9.9991E-05 0.276849 0.100409 0.622642
0.170327 0.234305 9.9991E-05 0.595268
0.153177 0.0685442 9.9991E-05 0.778178
0.171854 0.16253 9.9991E-05 0.665516
9.9991E-05 0.796068 0.144234 0.0595988
0.0773028 0.847303 0.0361409 0.0392532
0.122853 0.57163 0.0521458 0.253371
0.0792134 0.133775 0.10316 0.683852
0.1506 0.187684 0.0618723 0.599844
0.164777 0.181952 9.9991E-05 0.653171
0.106686 0.0777116 0.12607 0.689532
0.239638 0.0146863 0.201715 0.543961
0.169704 9.9991E-05 0.241975 0.588221
0.421411 0.264715 0.154839 0.159034
0.13886 0.124833 0.10447 0.631837
0.207066 0.171677 0.174973 0.446284
0.447122 0.334651 0.218127 9.9991E-05
0.272479 0.129364 0.239522 0.358635
0.38767 0.0722283 0.172421 0.36768
0.355738 0.0579843 0.0676097 0.518668
0.101043 0.147618 0.297837 0.453502
0.23485 0.0492203 0.203174 0.512756
0.196835 0.0242683 0.170631 0.608265
0.132032 0.276449 0.248783 0.342736
0.485829 9.9991E-05 0.165968 0.348103
