0.939347 0.0132208 9.9991E-05 0.0473323
0.952209 0.0475907 9.9982E-05 9.9982E-05
0.854368 9.9991E-05 0.10228 0.0432517
0.850015 9.9991E-05 0.079001 0.0708837
0.905485 9.9991E-05 0.0787389 0.0156762
0.652036 0.227146 0.0597326 0.0610855
0.861368 0.108104 9.9991E-05 0.0304275
0.768144 0.184384 9.9991E-05 0.0473724
0.84318 0.15662 9.9982E-05 9.9982E-05
0.750472 0.091858 0.0635069 0.0941627
0.783889 0.19518 0.0208311 9.9991E-05
0.0463232 0.476464 0.388729 0.0884841
0.0287887 0.263317 0.596472 0.111422
0.116558 0.52916 0.277484 0.0767979
0.0557636 0.415509 0.291915 0.236813
0.15816 0.228005 0.479977 0.133859
0.0423487 0.16779 0.583267 0.206595
0.0619122 0.31068 0.5491 0.0783085
0.191765 0.32744 0.337783 0.143013
0.105645 0.737672 0.0628582 0.0938244
0.0540147 0.356276 0.474337 0.115372
0.0353022 0.337282 0.50562 0.121797
0.107106 0.175379 0.717414 9.9991E-05
0.101881 0.4071 0.356731 0.134288
0.0856955 0.124208 0.642366 0.147731
0.0829274 0.200605 0.520471 0.195997
0.0803122 0.533065 0.255675 0.130948
0.0977435 0.433516 0.288874 0.179866
0.0276027 0.599385 0.304911 0.0681011
0.827052 9.9991E-05 0.0550545 0.117794
0.850921 9.9991E-05 0.10168 0.0472989
0.815544 9.9991E-05 0.150799 0.0335576
0.74578 9.9991E-05 0.187514 0.066606
0.035701 0.205387 0.738607 0.0203051
0.141937 0.212664 0.645298 9.9991E-05
0.0462236 0.0956023 0.858074 9.9991E-05
0.160463 0.564174 0.275263 9.9991E-05
0.0144925 0.36508 0.620328 9.9991E-05
0.0852 0.250819 0.580551 0.0834291
0.0162274 0.156136 0.778238 0.0493993
0.130562 0.128879 0.740459 9.9991E-05
0.226921 0.0289658 0.744013 9.9991E-05
9.9982E-05 0.561645 0.438155 9.9982E-05
0.0809511 0.186786 0.655916 0.0763466
0.00100607 0.207461 0.663943 0.12759
0.223169 9.9982E-05 0.776631 9.9982E-05
9.9982E-05 0.391591 0.608209 9.9982E-05
0.0154524 0.131049 0.795912 0.0575862
0.1719 0.101294 0.63581 0.0909956
0.0805292 0.831559 0.0878116 9.9991E-05
0.0173067 0.67865 0.303943 9.9991E-05
0.0464089 0.735541 0.104039 0.114011
0.0545301 0.258625 0.501585 0.18526
0.060323 0.179976 0.560166 0.199535
0.114464 0.078687 0.743815 0.0630342
0.110803 0.552306 0.336791 9.9991E-05
0.0611531 0.288228 0.601378 0.0492411
0.117297 0.156343 0.573555 0.152805
0.114645 0.426534 0.430591 0.0282302
0.245691 0.557896 0.114536 0.0818767
0.108369 0.221896 0.606531 0.0632046
0.113063 0.306764 0.466181 0.113992
0.136782 0.752065 0.111053 9.9991E-05
9.9991E-05 0.324029 0.609902 0.065969
0.0246303 0.196677 0.671212 0.10748
0.0636464 0.23921 0.636521 0.0606224
0.0503866 0.461282 0.413441 0.07489
0.0352931 0.358967 0.527236 0.0785039
0.0883715 0.170801 0.673865 0.0669621
0.0490706 0.571466 0.379364 9.9991E-05
9.9982E-05 0.216163 0.783637 9.9982E-05
9.9982E-05 0.54183 0.45797 9.9982E-05
0.106079 0.200783 0.68976 0.00337847
9.9991E-05 0.784954 0.188263 0.026683
9.9982E-05 0.723486 0.276314 9.9982E-05
9.9982E-05 0.428458 0.571342 9.9982E-05
9.9982E-05 0.293378 0.706422 9.9982E-05
0.165284 0.0633024 0.771313 9.9991E-05
9.9991E-05 0.324705 0.625384 0.0498112
0.0209071 0.525979 0.453014 9.9991E-05
0.0953714 0.46848 0.436049 9.9991E-05
0.0990636 0.139791 0.652515 0.108631
9.9982E-05 0.484208 0.515592 9.9982E-05
0.0839971 0.276429 0.624833 0.0147413
9.9982E-05 0.354466 0.645334 9.9982E-05
9.9991E-05 0.752082 0.245944 0.0018736
9.9991E-05 0.168387 0.770785 0.060728
0.79157 0.00501633 0.152892 0.0505212
0.906087 9.9982E-05 0.093713 9.9982E-05
0.891708 9.9991E-05 0.0420703 0.0661215
0.912289 9.9991E-05 0.0140256 0.0735855
0.887287 9.9991E-05 0.0676018 0.0450116
0.900032 0.00857754 0.0191984 0.0721923
0.948643 9.9991E-05 0.0231022 0.0281548
0.0351628 0.216294 0.568726 0.179817
0.12459 0.0767234 0.628433 0.170253
9.9982E-05 0.643733 0.356067 9.9982E-05
0.110848 0.143842 0.700967 0.0443441
0.0635705 0.274651 0.661679 9.9991E-05
0.0828367 0.18837 0.717905 0.010889
0.0421714 0.23079 0.691816 0.0352227
9.9991E-05 0.241752 0.698096 0.0600516
0.0321263 0.740866 0.226908 9.9991E-05
0.169316 0.164798 0.643942 0.0219446
0.100208 0.0807113 0.746388 0.0726931
0.0483556 0.205587 0.556914 0.189144
0.0275929 0.438861 0.533446 9.9991E-05
9.9982E-05 0.227505 0.772295 9.9982E-05
0.0118503 0.280761 0.707289 9.9991E-05
9.9991E-05 0.398135 0.51931 0.0824543
0.141367 0.281768 0.576765 9.9991E-05
0.151557 0.103089 0.698897 0.0464569
0.128874 0.51059 0.338138 0.0223985
0.18025 0.287061 0.483422 0.0492674
0.179425 0.177472 0.614841 0.0282627
0.0501209 0.161864 0.737841 0.0501739
0.103239 0.309312 0.58735 9.9991E-05
0.0439739 0.247948 0.68467 0.0234091
0.0576194 0.283473 0.617727 0.0411808
0.0819355 0.226406 0.691558 9.9991E-05
0.108441 0.125625 0.758905 0.00702875
0.0850399 0.191674 0.723186 9.9991E-05
0.046524 0.314268 0.639108 9.9991E-05
0.109523 0.12617 0.676952 0.0873547
0.0845175 0.104442 0.677652 0.133389
9.9991E-05 0.316188 0.596549 0.0871632
0.0475181 0.29745 0.488247 0.166785
0.020893 0.23949 0.590518 0.149099
0.127041 0.355542 0.463366 0.0540506
0.0437951 0.118472 0.740879 0.096854
0.0583627 0.110081 0.744541 0.0870147
0.0631954 0.524591 0.321126 0.0910879
0.0562106 0.610951 0.230062 0.102776
0.0898764 0.236176 0.606242 0.0677062
9.9991E-05 0.752601 0.0981738 0.149126
0.0589924 0.579085 0.357175 0.00474828
0.00730186 0.431524 0.554298 0.00687615
0.0672374 0.474326 0.458337 9.9991E-05
0.0940044 0.494943 0.389442 0.0216104
0.128311 0.0880606 0.729515 0.0541134
0.125823 0.123064 0.569231 0.181881
0.151834 0.198099 0.649968 9.9991E-05
0.07375 0.603447 0.224602 0.098201
0.203335 0.171107 0.625459 9.9991E-05
0.0398009 0.272993 0.54197 0.145237
0.201822 0.70412 0.0407989 0.0532593
0.160046 0.067345 0.727299 0.0453102
0.133661 0.412126 0.379947 0.0742664
0.0329848 0.204342 0.615417 0.147256
0.105068 0.475716 0.348641 0.0705745
0.112677 0.535715 0.351508 9.9991E-05
0.0639358 0.295191 0.640773 9.9991E-05
0.142674 0.215439 0.624201 0.017685
0.141179 0.268776 0.4606 0.129445
0.0818747 0.617055 0.100925 0.200146
0.102277 0.189029 0.577144 0.13155
9.9982E-05 0.451528 0.548272 9.9982E-05
9.9991E-05 0.389614 0.531464 0.0788215
0.123376 0.162333 0.600014 0.114277
0.351205 0.177741 0.170606 0.300449
0.552258 0.201042 9.9991E-05 0.246599
0.50125 0.276764 9.9991E-05 0.221886
0.408351 0.204901 9.9991E-05 0.386648
9.9991E-05 0.155354 0.785787 0.0587589
0.0753842 0.25289 0.604571 0.0671543
9.9982E-05 9.9982E-05 0.283085 0.716715
0.0343572 0.0713187 0.47835 0.415974
0.0706295 0.053562 0.425457 0.450351
0.0271073 0.487584 0.441292 0.0440166
0.100603 0.245699 0.527969 0.125729
9.9991E-05 0.591173 0.287007 0.12172
0.0244236 0.260641 0.610238 0.104697
0.00634971 0.412516 0.539798 0.0413367
9.9991E-05 0.256473 0.596008 0.147418
0.00831763 0.602905 0.338353 0.050424
0.017834 0.168602 0.701664 0.1119
0.0787369 0.177354 0.651093 0.0928154
9.9982E-05 9.9982E-05 0.0426147 0.957185
9.9982E-05 9.9982E-05 0.0265371 0.973263
0.0224425 9.9991E-05 0.362536 0.614921
9.9991E-05 0.00356498 0.32211 0.674225
9.9982E-05 9.9982E-05 0.196954 0.802846
9.998E-05 9.998E-05 9.998E-05 0.9997
0.000641338 9.9982E-05 9.9982E-05 0.999159
9.9982E-05 9.9982E-05 0.142157 0.857643
9.9991E-05 0.0115698 0.0173726 0.970958
9.998E-05 9.998E-05 9.998E-05 0.9997
9.998E-05 9.998E-05 9.998E-05 0.9997
0.00807639 9.9991E-05 0.201936 0.789887
0.0760255 9.9991E-05 0.091409 0.832466
9.9982E-05 0.00729008 9.9982E-05 0.99251
0.0147371 0.204492 0.30075 0.480021
0.0501796 9.9991E-05 0.237597 0.712123
0.0720408 0.0244345 0.150739 0.752785
0.0327735 9.9991E-05 0.0731266 0.894
9.998E-05 9.998E-05 9.998E-05 0.9997
0.0465703 9.9991E-05 0.0375292 0.915801
9.998E-05 9.998E-05 9.998E-05 0.9997
0.0350062 0.0647887 0.237994 0.662212
9.9982E-05 0.0637528 9.9982E-05 0.936047
0.382922 0.476077 9.9991E-05 0.140901
0.248608 0.250783 0.367294 0.133315
0.270994 0.141721 0.51053 0.0767549
0.205631 0.42613 0.0998469 0.268393
0.161435 0.134524 0.533749 0.170292
0.298427 0.291161 0.211224 0.199188
0.244678 0.158313 0.538187 0.0588223
0.109971 0.357277 0.216489 0.316263
0.171026 0.212138 0.391776 0.22506
0.160194 0.176983 0.300266 0.362557
0.264388 0.120404 0.553563 0.0616445
0.887326 0.0623987 0.0501751 9.9991E-05
0.940241 9.9982E-05 9.9982E-05 0.0595592
0.9997 9.998E-05 9.998E-05 9.998E-05
0.974438 9.9982E-05 0.0253618 9.9982E-05
0.925876 9.9991E-05 0.0610484 0.012976
0.880964 0.00760657 9.9991E-05 0.111329
0.901413 9.9991E-05 0.0148103 0.0836767
0.918397 0.0491071 0.0323962 9.9991E-05
0.94915 9.9991E-05 0.0286316 0.0221186
0.881644 9.9982E-05 9.9982E-05 0.118156
0.683247 0.316553 9.9982E-05 9.9982E-05
0.691074 0.30199 9.9991E-05 0.00683648
0.591383 0.408417 9.9982E-05 9.9982E-05
0.57232 0.396064 0.0315157 9.9991E-05
0.0318151 0.24944 0.718645 9.9991E-05
9.9991E-05 0.256352 0.681407 0.062141
0.0526377 0.231871 0.648649 0.0668424
0.0693331 0.391371 0.539196 9.9991E-05
0.0400193 0.697638 0.241763 0.0205791
0.0672643 0.0998872 0.806408 0.0264402
9.9991E-05 0.221422 0.773439 0.0050386
9.9991E-05 0.297296 0.662608 0.0399965
9.9991E-05 0.372906 0.620698 0.00629557
0.0295323 0.129346 0.754996 0.086126
0.0460205 0.376897 0.576982 9.9991E-05
9.9991E-05 0.850649 0.115459 0.0337924
0.109414 0.259913 0.623663 0.00700941
9.9991E-05 0.537537 0.429364 0.0329992
0.0210638 0.217676 0.75114 0.0101206
0.00661916 0.632765 0.360516 9.9991E-05
0.238858 0.760942 9.9982E-05 9.9982E-05
0.212532 0.703872 0.0813048 0.0022912
0.188159 0.791357 0.0203837 9.9991E-05
0.217499 0.782302 9.9982E-05 9.9982E-05
0.145882 0.756373 0.0976455 9.9991E-05
0.222213 0.655996 0.121691 9.9991E-05
0.855003 9.9991E-05 0.0759561 0.0689413
0.854746 0.0271223 0.0563655 0.061766
0.767587 9.9991E-05 0.118293 0.11402
0.784902 0.0137826 0.0770765 0.124239
0.815653 0.0209739 0.0371854 0.126188
0.480808 0.518992 9.9982E-05 9.9982E-05
0.552958 0.446842 9.9982E-05 9.9982E-05
0.501731 0.498069 9.9982E-05 9.9982E-05
0.809181 9.9991E-05 0.117698 0.0730205
0.453409 0.546391 9.9982E-05 9.9982E-05
0.232211 0.0691944 0.27804 0.420555
0.138291 9.9991E-05 0.642049 0.219561
0.194483 9.9991E-05 0.492568 0.312849
0.258534 0.0944901 0.388519 0.258457
0.199297 0.0695314 0.477615 0.253556
0.47067 0.165163 9.9991E-05 0.364067
0.0689407 0.365176 0.565783 9.9991E-05
0.0410887 0.505252 0.364654 0.0890058
0.168954 0.441371 0.389575 9.9991E-05
9.9991E-05 0.362907 0.594564 0.0424286
9.998E-05 0.9997 9.998E-05 9.998E-05
0.124096 0.174564 0.657492 0.0438484
0.0234188 0.27477 0.662609 0.0392024
0.0745291 0.409818 0.515553 9.9991E-05
0.126725 0.183566 0.60748 0.0822294
0.0057196 0.71698 0.266132 0.0111688
0.0252874 0.332946 0.547117 0.0946499
0.0502252 0.250713 0.663078 0.0359834
0.111142 0.175009 0.421271 0.292578
9.9991E-05 0.484639 0.483761 0.0314995
0.0597414 0.354695 0.538884 0.0466794
9.9991E-05 0.374224 0.531768 0.0939079
0.0858583 0.23632 0.677722 9.9991E-05
0.0512979 0.101623 0.778045 0.0690343
0.0827603 0.172484 0.630596 0.114161
0.163937 0.157425 0.608455 0.0701833
0.787546 9.9991E-05 0.0983283 0.114025
0.869236 9.9991E-05 0.103655 0.0270096
0.812559 0.0797983 0.107543 9.9991E-05
0.853603 0.0646185 0.0265788 0.0551998
0.832717 9.9991E-05 0.124019 0.0431635
0.0501531 0.617212 0.256033 0.0766015
0.0859316 0.302022 0.511311 0.100736
0.193435 0.138364 0.397046 0.271155
0.0717363 0.126124 0.707636 0.0945033
0.0910799 0.271852 0.636968 9.9991E-05
0.0599227 0.476617 0.355189 0.108271
0.258203 0.663983 0.0777144 9.9991E-05
0.129792 0.20614 0.644173 0.0198944
0.159219 0.571093 0.234477 0.0352117
0.09423 0.310934 0.512349 0.0824866
0.196952 0.550068 0.25288 9.9991E-05
0.102462 0.127087 0.624043 0.146408
0.150306 0.555375 0.288428 0.0058903
0.0253556 0.424333 0.477707 0.0726042
0.12123 0.328528 0.385395 0.164846
0.0547606 0.523042 0.325587 0.0966096
0.110458 0.159551 0.659592 0.0703995
0.140988 0.182477 0.674941 0.00159512
0.0641762 0.477692 0.458032 9.9991E-05
0.079566 0.263298 0.493459 0.163678
0.0485072 0.234236 0.670487 0.0467693
9.9982E-05 0.757591 0.242209 9.9982E-05
0.0518993 0.56713 0.380871 9.9991E-05
0.0528426 0.336213 0.543257 0.0676877
0.0620395 0.602218 0.335642 9.9991E-05
0.0179277 0.344812 0.633563 0.00369807
0.0835798 0.624437 0.256689 0.0352936
9.9991E-05 0.607172 0.296156 0.0965718
0.111092 0.331298 0.437573 0.120037
0.00781997 0.218485 0.63259 0.141105
9.9982E-05 0.586531 0.413269 9.9982E-05
0.0436905 0.375248 0.370514 0.210547
0.0630335 0.147337 0.566678 0.222952
0.0964962 0.251444 0.559429 0.0926312
0.0689513 0.27392 0.534246 0.122882
0.0722834 0.326673 0.561327 0.0397166
9.9991E-05 0.597462 0.28635 0.116087
0.0413015 0.457034 0.385784 0.115881
0.00591587 0.269894 0.665671 0.0585198
0.0371255 0.113045 0.743284 0.106546
0.0777823 0.343846 0.572916 0.00545578
9.9991E-05 0.291575 0.546296 0.162028
0.127577 0.374543 0.369443 0.128437
0.0313789 0.171352 0.752263 0.0450068
0.077251 0.257255 0.550487 0.115007
0.16445 0.205964 0.545674 0.0839119
0.391809 9.9991E-05 0.536331 0.07176
0.172557 0.0355096 0.467796 0.324137
0.165457 0.127339 0.53033 0.176874
0.130469 0.0548062 0.640715 0.17401
0.234448 0.0399646 0.496448 0.22914
9.9991E-05 0.420112 0.500374 0.079414
0.137813 0.188542 0.492493 0.181152
0.263031 0.469199 9.9991E-05 0.26767
0.129828 0.0995551 0.501842 0.268774
0.0849947 0.134836 0.596217 0.183952
0.0396474 0.181708 0.477441 0.301204
0.175868 0.307838 0.332312 0.183982
0.164871 0.0366351 0.638559 0.159935
0.211368 9.9991E-05 0.543107 0.245425
0.518985 0.221959 9.9991E-05 0.258956
0.173684 9.9991E-05 0.583107 0.24311
0.180089 0.0340313 0.553924 0.231955
0.125877 0.0714078 0.598867 0.203848
0.120108 0.0825358 0.441748 0.355608
0.202321 0.0195872 0.599551 0.178541
0.0167633 0.34332 0.445956 0.19396
0.0742544 0.218746 0.568727 0.138273
9.9991E-05 0.757924 0.230246 0.0117296
0.0187154 0.84024 0.135282 0.00576308
0.0263832 0.287972 0.492586 0.193059
0.0941902 0.0978917 0.441357 0.366561
0.137085 0.0820819 0.393599 0.387234
0.18953 0.295722 0.113396 0.401352
0.222098 0.0600923 0.42193 0.29588
0.0770742 0.565378 0.168746 0.188803
0.104 0.423738 0.275191 0.197072
0.0294911 0.141336 0.673258 0.155915
0.101372 0.125387 0.620077 0.153164
0.0526439 0.486506 0.29845 0.1624
0.0695478 0.208872 0.564255 0.157326
0.0627342 0.205843 0.564046 0.167378
0.11749 0.237049 0.45564 0.189821
9.9982E-05 0.532241 0.467559 9.9982E-05
9.9991E-05 0.40703 0.49314 0.0997304
0.0701407 0.212651 0.64149 0.0757181
0.0895706 0.382184 0.425239 0.103006
0.0483701 0.302876 0.414709 0.234046
0.0178509 0.316724 0.634241 0.0311842
9.9991E-05 0.538933 0.398261 0.0627054
0.0556551 0.127699 0.749777 0.0668691
9.9991E-05 0.584009 0.39787 0.0180203
0.0313123 0.361345 0.559371 0.0479713
0.0973198 0.223505 0.606917 0.0722582
0.0697438 0.405966 0.421154 0.103136
0.197108 0.0824842 0.501611 0.218797
0.101615 0.249897 0.45442 0.194068
0.200159 0.110471 0.399067 0.290303
0.146238 0.21465 0.415027 0.224085
0.206531 0.147062 0.459899 0.186507
0.164568 0.140502 0.441811 0.253119
0.145617 0.578918 9.9991E-05 0.275365
0.0985557 9.9991E-05 0.647878 0.253466
0.389681 0.374638 9.9991E-05 0.235581
0.0478735 0.125453 0.609565 0.217108
9.9982E-05 0.692209 0.307591 9.9982E-05
9.9991E-05 0.879835 0.0752732 0.0447914
9.9991E-05 0.354877 0.611492 0.0335303
0.055519 0.163365 0.699784 0.0813321
9.9991E-05 0.394674 0.512989 0.0922373
9.9991E-05 0.308085 0.594631 0.097184
9.9991E-05 0.264488 0.697523 0.0378888
0.825174 0.055448 0.0239931 0.0953844
0.747086 0.111833 9.9991E-05 0.140981
0.942486 9.9982E-05 9.9982E-05 0.0573143
0.975256 9.9982E-05 0.0245441 9.9982E-05
0.0646302 0.275984 0.589088 0.0702977
0.0464294 0.195998 0.741887 0.0156852
9.9982E-05 0.280123 0.719677 9.9982E-05
0.11575 0.0822143 0.801935 9.9991E-05
0.149214 0.253416 0.541751 0.0556186
9.9982E-05 0.493111 0.506689 9.9982E-05
9.9991E-05 0.169108 0.80329 0.0275016
0.0203223 0.376072 0.603506 9.9991E-05
0.263848 9.9991E-05 0.549491 0.186561
9.9991E-05 0.342449 0.568006 0.089445
9.9982E-05 0.460997 0.538803 9.9982E-05
9.9991E-05 0.245294 0.749437 0.00516841
9.9982E-05 0.315025 0.684776 9.9982E-05
0.00631589 0.138203 0.855381 9.9991E-05
0.0172198 0.245892 0.725152 0.0117365
9.9982E-05 0.618475 0.381325 9.9982E-05
0.0106128 0.48275 0.506537 9.9991E-05
0.0152642 0.458346 0.52629 9.9991E-05
9.9982E-05 0.808523 0.191277 9.9982E-05
0.00110297 0.348348 0.650449 9.9991E-05
9.9991E-05 0.682656 0.316403 0.000841009
9.9982E-05 0.823508 0.176292 9.9982E-05
0.0217256 0.160117 0.763576 0.0545814
0.0109795 0.508035 0.480885 9.9991E-05
0.0480934 0.260633 0.583399 0.107874
0.0206283 0.220665 0.649825 0.108882
0.0430519 0.254421 0.702427 9.9991E-05
9.9991E-05 0.458324 0.436414 0.105162
9.9991E-05 0.152541 0.829116 0.0182431
9.9991E-05 0.296469 0.660454 0.0429767
9.9982E-05 0.421498 0.578302 9.9982E-05
0.0700813 0.198618 0.675489 0.0558124
0.704882 0.291222 9.9991E-05 0.0037958
0.811527 0.100719 0.0876539 9.9991E-05
0.839989 0.159811 9.9982E-05 9.9982E-05
0.866085 0.133715 9.9982E-05 9.9982E-05
0.818378 0.146308 0.0352135 9.9991E-05
0.0373834 0.589014 0.373503 9.9991E-05
0.0273539 0.649589 0.322957 9.9991E-05
9.9982E-05 0.504464 0.495336 9.9982E-05
0.145305 0.151218 0.596865 0.106612
0.14125 0.0891127 0.706719 0.0629174
9.9991E-05 0.410886 0.548008 0.0410065
9.9991E-05 0.234741 0.714429 0.05073
0.0511155 0.288875 0.642593 0.0174169
0.0206828 0.136032 0.791678 0.0516066
0.0637176 0.214333 0.721849 9.9991E-05
9.9991E-05 0.450372 0.538074 0.0114542
9.9982E-05 0.429969 0.569831 9.9982E-05
9.9982E-05 0.446791 0.553009 9.9982E-05
0.216075 0.060511 0.723314 9.9991E-05
0.0249308 0.280322 0.694648 9.9991E-05
9.9991E-05 0.317025 0.642355 0.0405195
0.0657272 9.9991E-05 0.462944 0.471228
0.136492 0.0326363 0.304851 0.52602
0.126064 9.9991E-05 0.314631 0.559204
0.164372 9.9991E-05 0.319084 0.516445
0.14813 0.0323913 0.506224 0.313254
0.0484256 0.257487 0.635961 0.0581256
0.255651 9.9982E-05 9.9982E-05 0.744149
0.2199 0.00046565 0.250006 0.529629
0.142517 0.165726 0.431181 0.260576
0.194699 0.101016 0.6826 0.0216855
0.161057 0.252052 0.506628 0.0802632
0.167399 0.125382 0.697282 0.0099367
0.167207 0.160758 0.614063 0.0579724
0.205939 9.9991E-05 0.325386 0.468576
0.150974 0.0603402 0.391689 0.396997
0.0585512 9.9991E-05 0.449067 0.492282
0.2092 0.061248 0.447592 0.28196
0.125081 9.9991E-05 0.362373 0.512447
0.180602 9.9991E-05 0.435456 0.383842
0.169913 9.9991E-05 0.21569 0.614297
0.0743186 0.0984837 0.447792 0.379406
0.101991 0.181868 0.682469 0.0336717
0.193407 0.0918702 0.358281 0.356443
0.15688 9.9991E-05 0.133233 0.709788
0.153843 0.0403112 0.347811 0.458034
0.205108 0.49861 0.269536 0.0267463
9.9991E-05 0.237295 0.612347 0.150258
0.147958 0.04908 0.459019 0.343942
0.088535 0.190324 0.61202 0.109121
0.179565 0.238056 0.512045 0.0703339
0.190684 0.164709 0.427491 0.217117
0.248794 0.130452 0.365938 0.254816
0.0757765 0.158018 0.532194 0.234012
0.142278 0.0729509 0.340521 0.44425
0.120816 9.9991E-05 0.465132 0.413953
0.247231 9.9991E-05 0.152857 0.599812
0.109469 0.160748 0.572346 0.157437
0.179265 0.249578 0.571056 9.9991E-05
0.154994 0.515657 0.259184 0.0701658
0.149741 0.109169 0.545454 0.195636
0.098656 0.342669 0.522064 0.0366112
0.206727 0.129593 0.462135 0.201546
0.152301 0.222215 0.520791 0.104693
0.353692 0.359424 9.9991E-05 0.286783
0.370264 0.40138 9.9991E-05 0.228256
0.184381 0.37648 0.228206 0.210933
0.325603 0.350753 9.9991E-05 0.323544
0.432662 0.220677 9.9991E-05 0.346561
0.0765003 0.301553 0.445514 0.176433
0.24246 0.197458 0.321598 0.238483
0.309307 0.247972 0.211082 0.23164
0.353474 0.336487 0.0652787 0.24476
0.166405 0.145184 0.535037 0.153374
0.228142 0.350464 0.160622 0.260772
0.496499 0.319349 9.9991E-05 0.184051
0.215478 0.0449893 0.554431 0.185102
0.159889 0.156663 0.300524 0.382925
0.282647 0.0221721 0.46804 0.227141
0.159497 9.9991E-05 0.530941 0.309462
0.201114 9.9991E-05 0.539265 0.259521
0.122619 0.0993621 0.430222 0.347796
0.356925 9.9991E-05 0.376568 0.266407
0.225063 9.9991E-05 0.558256 0.216581
0.214489 0.0135218 0.443465 0.328524
0.268995 0.0773387 0.352053 0.301613
0.229488 0.220433 0.406554 0.143526
0.175962 0.147415 0.515383 0.16124
0.207328 0.109845 0.558362 0.124465
0.0620858 0.102774 0.670787 0.164353
0.309134 0.0217223 0.396634 0.272509
0.2039 0.063702 0.536032 0.196366
0.369165 0.171564 0.204734 0.254537
0.169945 0.0258993 0.476908 0.327248
0.276467 0.109834 0.268644 0.345054
0.843529 0.149828 0.00654354 9.9991E-05
0.218146 0.653615 0.128139 9.9991E-05
0.171185 0.828615 9.9982E-05 9.9982E-05
0.181534 0.783265 0.0351013 9.9991E-05
0.073265 0.815183 0.111452 9.9991E-05
0.1505 0.684796 0.164604 9.9991E-05
0.13988 0.730653 0.129367 9.9991E-05
0.227952 0.768961 0.00298692 9.9991E-05
0.334855 0.609159 0.055886 9.9991E-05
0.936272 0.0265085 0.0171436 0.0200762
0.871439 0.0199611 0.1085 9.9991E-05
0.898765 9.9991E-05 0.0239165 0.0772188
0.857574 0.0866497 0.0556768 9.9991E-05
0.868711 0.0397357 9.9991E-05 0.0914532
0.905741 0.0775395 9.9991E-05 0.0166196
0.774845 0.0437923 9.9991E-05 0.181263
0.885246 9.9991E-05 0.0320953 0.0825587
0.735002 0.165993 9.9991E-05 0.0989044
0.917014 9.9991E-05 0.00460465 0.0782811
0.972061 0.0277386 9.9982E-05 9.9982E-05
0.850697 0.0630388 9.9991E-05 0.086164
0.981755 9.9982E-05 9.9982E-05 0.0180448
0.893116 9.9991E-05 0.0340629 0.0727213
0.865614 9.9991E-05 0.0840444 0.0502419
0.86417 9.9991E-05 0.0694494 0.0662811
0.74839 9.9991E-05 0.0486987 0.202811
0.802356 9.9991E-05 0.113808 0.0837361
0.822081 9.9991E-05 0.0950968 0.0827222
0.210587 0.278762 0.490008 0.0206423
0.12917 0.0557977 0.814932 9.9991E-05
0.116893 0.114544 0.657994 0.110569
0.0957219 0.621919 0.212075 0.0702838
0.191432 0.156001 0.632549 0.0200176
0.19356 0.559738 0.150083 0.096619
0.17963 0.0858966 0.734373 9.9991E-05
0.119345 0.310988 0.569567 9.9991E-05
0.0805799 0.262609 0.656711 9.9991E-05
0.0604675 0.246726 0.673632 0.019175
0.180304 0.271071 0.548525 9.9991E-05
0.135694 0.105235 0.685305 0.0737663
0.109327 0.196634 0.693939 9.9991E-05
9.9991E-05 0.806626 0.0672835 0.12599
0.113867 0.808495 0.0570506 0.0205875
0.120299 0.572341 0.225556 0.081804
0.134639 0.0715489 0.710513 0.0832989
0.145433 0.182515 0.579707 0.0923453
0.184317 0.107533 0.672696 0.0354544
0.107151 0.0845016 0.697539 0.110809
0.259136 0.014159 0.520373 0.206333
0.203171 9.9991E-05 0.602686 0.194042
0.45348 0.226306 0.173698 0.146515
0.172901 0.0567961 0.770203 9.9991E-05
0.287829 0.0412828 0.485547 0.185342
0.447387 0.332593 9.9991E-05 0.21992
0.308067 0.105658 0.315273 0.271002
0.413771 0.0958042 0.324135 0.166289
0.384869 0.0623408 0.51355 0.0392403
0.182937 0.122124 0.463022 0.231917
0.206444 0.031366 0.616005 0.146185
0.123414 0.0832567 0.625141 0.168188
0.145227 0.165661 0.446782 0.24233
0.475492 0.0220369 0.342436 0.160035
