0.0426115 0.853398 9.9982E-05 0.0383515 0.0566501 0.00878916 9.9982E-05
0.00921343 0.933931 0.0145946 9.9973E-05 0.041961 9.9973E-05 9.9973E-05
9.9982E-05 0.851865 0.0709086 0.0257058 0.0318646 0.0194561 9.9982E-05
0.0196801 0.777731 9.9973E-05 9.9973E-05 0.053486 0.148803 9.9973E-05
9.9964E-05 0.89985 9.9964E-05 9.9964E-05 0.0134343 0.0863163 9.9964E-05
0.0806644 0.625243 0.0267637 0.021763 0.0397971 0.100829 0.10494
0.0262835 0.776829 0.0287901 9.9991E-05 0.0473766 0.00310722 0.117514
0.108814 0.677302 0.00365765 0.00841223 0.0511574 0.0355697 0.115087
0.134289 0.788078 9.99729E-05 9.99729E-05 0.0346613 9.99729E-05 0.0426717
0.0529451 0.746045 9.9982E-05 9.9982E-05 0.0281874 0.0684883 0.104134
0.0406243 0.73917 9.9982E-05 9.9982E-05 0.0375123 0.0987137 0.0837801
0.486027 0.045467 0.139555 0.0458911 9.9991E-05 0.243065 0.0398949
0.304555 0.0238863 0.00920844 0.0733946 0.0151364 0.57372 9.9991E-05
0.50114 0.00222079 0.0819035 0.0862105 9.9991E-05 0.271186 0.0572386
0.435473 0.0135284 0.0648042 0.134091 0.00872612 0.281014 0.0623624
0.257523 0.116594 0.0573107 0.117114 0.00490209 0.428436 0.0181201
0.213629 0.0270348 0.0549632 0.0980013 9.9991E-05 0.558637 0.0476344
0.286313 9.9991E-05 0.0964019 0.0489316 0.0366159 0.469264 0.0623732
0.415645 0.0781578 0.0511848 0.0805275 0.0421593 0.26466 0.0676655
0.676315 0.0366025 0.116212 0.0185908 0.00452429 0.0184959 0.129259
0.280618 0.0346253 0.114438 0.0316768 0.0111324 0.436589 0.0909205
0.172101 9.9991E-05 0.0238813 0.0798523 0.032552 0.428443 0.26307
0.23446 0.00571196 0.13831 0.0470194 0.0286439 0.530315 0.0155401
0.433667 0.0511818 0.100269 0.0818425 0.0203365 0.216342 0.0963607
0.11405 0.0702759 0.0032619 0.0377529 0.0312837 0.632769 0.110607
0.298817 0.00104917 0.0514843 0.0652881 9.9991E-05 0.52196 0.0613011
0.49596 0.0608157 0.135543 0.0281772 0.000792802 0.242589 0.0361221
0.450721 0.0512104 0.0744087 0.0986349 9.9991E-05 0.278013 0.0469125
0.485189 0.0300142 0.12708 9.9982E-05 9.9982E-05 0.238252 0.119265
9.995E-05 9.995E-05 9.995E-05 9.995E-05 0.9994 9.995E-05 9.995E-05
9.995E-05 9.995E-05 9.995E-05 9.995E-05 0.9994 9.995E-05 9.995E-05
0.0250919 0.443322 9.9982E-05 0.0708749 0.392443 0.0680683 9.9982E-05
9.9973E-05 0.496635 9.9973E-05 0.0798926 0.315385 0.107787 9.9973E-05
0.0990689 0.0772573 0.198172 9.9991E-05 0.0219872 0.533962 0.0694526
0.0489355 0.104947 0.288622 0.059872 0.00877011 0.488754 9.9991E-05
0.0278284 0.030124 0.383557 9.9973E-05 9.9973E-05 0.558191 9.9973E-05
0.621085 0.0163406 0.109079 0.00171873 0.0217757 0.21092 0.0190808
9.9973E-05 9.9973E-05 0.552279 9.9973E-05 0.0198004 0.278806 0.148814
0.165443 0.0424361 0.222464 0.0285562 0.0195349 0.521466 9.9991E-05
0.00893324 0.0232633 0.203732 9.9982E-05 0.0155579 0.748314 9.9982E-05
0.0681638 0.109278 0.0765064 9.9991E-05 0.0223364 0.546914 0.176701
0.0885658 0.0947457 0.0606542 9.9991E-05 0.0249233 0.614649 0.116362
0.171811 0.0253219 0.652486 9.9982E-05 0.00725782 0.142923 9.9982E-05
0.00893422 0.0628282 9.9991E-05 0.0167196 0.000904019 0.672238 0.238276
9.9982E-05 0.0746084 0.216901 0.0326904 9.9982E-05 0.592381 0.0832195
0.0163219 0.116104 0.0964974 0.0175763 0.0330448 0.62627 0.0941855
9.9964E-05 9.9964E-05 0.552735 9.9964E-05 9.9964E-05 0.353062 0.0938028
0.021494 0.0799044 0.249785 0.0170181 0.0224391 0.606531 0.00282863
0.0459151 0.12067 0.127961 0.0694322 0.0416212 0.581445 0.0129552
9.9964E-05 0.0104614 0.618145 9.9964E-05 9.9964E-05 9.9964E-05 0.370994
0.577575 9.9973E-05 0.112402 9.9973E-05 9.9973E-05 0.20761 0.102113
0.278181 9.9982E-05 0.12824 0.0487249 9.9982E-05 0.181373 0.363282
0.162984 0.0504271 0.0822837 0.0870093 0.00910834 0.562333 0.045855
0.0957736 0.0920924 0.0346892 0.0424461 9.9991E-05 0.636937 0.097962
9.9991E-05 0.106782 0.0551106 0.0395378 0.0263602 0.624184 0.147926
0.527753 0.113093 0.0588091 0.00452868 0.00854978 0.227375 0.0598914
0.32245 9.9982E-05 9.9982E-05 0.0217965 0.0176184 0.562962 0.0749732
0.167099 0.0619943 0.150167 0.0797249 0.0040693 0.533317 0.00362803
0.302106 0.102469 0.0903011 0.0372919 0.00930777 0.382034 0.0764903
0.488506 0.147372 0.074301 0.0164406 0.00675315 0.159961 0.106666
0.17803 0.0747967 0.0360403 0.0135056 9.9991E-05 0.59437 0.103158
0.257225 0.0338212 0.0570085 0.0270738 0.039753 0.50766 0.0774584
0.552319 0.0299488 0.119716 9.9991E-05 0.0661737 0.0885985 0.143144
0.358155 9.9982E-05 0.118961 9.9982E-05 0.017378 0.463441 0.0418653
0.110959 0.00164585 0.056963 0.0660923 0.00684845 0.604105 0.153386
0.149454 0.0818915 0.0912028 9.9991E-05 0.0110687 0.634462 0.0318217
0.410462 0.0148349 0.11575 0.0592011 0.0640059 0.259688 0.0760588
0.25119 0.0178117 0.12084 0.0724232 0.0241915 0.450824 0.0627194
0.193735 0.0622141 0.107688 0.0621221 0.0336995 0.533637 0.00690506
0.497674 0.00514649 0.120624 9.9991E-05 0.0303019 0.243092 0.103062
9.9973E-05 0.0219742 0.479857 9.9973E-05 0.0051174 0.492751 9.9973E-05
0.0876182 0.0159955 0.679438 9.9982E-05 0.0229518 0.193797 9.9982E-05
0.0635627 0.0806852 0.302303 0.0631882 0.00926461 0.469426 0.0115709
9.9964E-05 9.9964E-05 0.825577 0.0122908 9.9964E-05 9.9964E-05 0.161732
9.9955E-05 9.9955E-05 0.843846 9.9955E-05 9.9955E-05 9.9955E-05 0.155654
9.9964E-05 9.9964E-05 0.708363 9.9964E-05 9.9964E-05 0.232026 0.0592109
0.125254 0.0242639 0.384673 9.9982E-05 0.0223402 0.443269 9.9982E-05
0.078577 0.0467316 0.0889454 0.0712815 0.00187033 0.575046 0.137548
9.9973E-05 9.9973E-05 0.460566 9.9973E-05 0.0226638 0.495514 0.0209563
0.140429 0.0552348 0.661792 9.9973E-05 9.9973E-05 0.142244 9.9973E-05
0.159348 9.9973E-05 0.556014 9.9973E-05 0.0338735 0.250464 9.9973E-05
0.0058105 0.112763 0.336941 0.0589268 0.012292 0.473166 9.9991E-05
0.0675309 0.0334598 0.582832 0.0154228 0.00643844 0.294216 9.9991E-05
0.101782 9.9973E-05 0.395076 9.9973E-05 0.0319487 0.470893 9.9973E-05
9.9973E-05 9.9973E-05 0.435907 9.9973E-05 0.0136656 0.45398 0.0961474
9.9955E-05 9.9955E-05 0.691936 9.9955E-05 9.9955E-05 9.9955E-05 0.307564
9.9991E-05 0.0270806 0.285792 0.0470512 0.0202 0.601596 0.0181809
0.0738537 0.772133 9.9973E-05 9.9973E-05 0.0749527 0.0787611 9.9973E-05
9.9964E-05 0.854213 9.9964E-05 9.9964E-05 0.0762353 0.0691523 9.9964E-05
9.9973E-05 0.803321 9.9973E-05 0.0266182 0.0608821 0.108878 9.9973E-05
9.9973E-05 0.877753 9.9973E-05 0.0562131 0.0406946 0.0250396 9.9973E-05
0.00644184 0.892639 0.0133551 0.0364142 0.0509502 9.9982E-05 9.9982E-05
9.9982E-05 0.835391 0.0162597 0.0422824 0.0398024 0.0660641 9.9982E-05
9.9973E-05 0.888178 9.9973E-05 0.00251265 0.0371111 0.0718986 9.9973E-05
0.0587157 0.0765831 0.211685 0.0805898 0.0424556 0.508877 0.0210938
0.0816008 0.0297934 0.151675 0.0545947 0.039344 0.567223 0.0757691
0.217783 0.049757 0.698835 9.9973E-05 9.9973E-05 0.0333252 9.9973E-05
0.0788603 0.0672599 0.166279 0.0351623 0.0307219 0.599398 0.022319
0.106457 9.9973E-05 0.472301 9.9973E-05 0.0525598 0.368383 9.9973E-05
0.0633732 0.0421688 0.345523 9.9982E-05 0.017426 0.531309 9.9982E-05
9.9973E-05 0.0435505 0.254487 9.9973E-05 9.9973E-05 0.596547 0.105115
0.0693973 9.9991E-05 0.354518 0.0401344 0.016963 0.517358 0.00152912
0.278458 0.0382734 0.682844 9.9973E-05 0.000124963 9.9973E-05 9.9973E-05
0.116456 0.0561755 0.210542 0.0487548 0.0642236 0.498187 0.00566039
0.0566692 0.0852729 0.132671 0.0515776 0.00720001 0.657157 0.00945177
0.053173 0.0930909 0.170025 0.054526 0.0434968 0.526239 0.0594493
0.024778 9.9991E-05 0.52398 0.038421 0.026602 0.230217 0.155902
9.9982E-05 0.0146575 0.427763 0.00901046 9.9982E-05 0.511518 0.036851
0.153883 0.00603713 0.363579 9.9973E-05 9.9973E-05 0.476201 9.9973E-05
9.9973E-05 9.9973E-05 0.574221 9.9973E-05 0.00885325 0.380259 0.0363668
0.148713 0.0603405 0.346267 9.9973E-05 9.9973E-05 0.44438 9.9973E-05
0.0628251 0.0792387 0.191627 0.0295427 0.0171121 0.577659 0.0419953
0.376789 9.9991E-05 0.0307363 0.0323081 0.0244236 0.322076 0.213567
0.382406 0.0788173 0.041421 9.9982E-05 9.9982E-05 0.445335 0.0518209
0.165143 0.135072 9.9991E-05 0.0376408 0.00888729 0.56119 0.0919665
0.0927773 0.0943606 0.0838788 0.0565874 9.9991E-05 0.579874 0.0924224
0.368106 0.0499113 0.0506053 9.9982E-05 0.0232663 0.507911 9.9982E-05
0.234724 0.0237811 9.9982E-05 0.0202764 9.9982E-05 0.643153 0.0778656
0.417083 0.0755538 0.00691774 9.9991E-05 0.00725495 0.471547 0.0215432
0.167991 0.0564977 0.0710268 0.0347746 0.0135892 0.551476 0.104644
0.124705 0.0947271 0.0117426 0.0244151 0.0176796 0.641755 0.0849759
0.256572 0.0695544 0.0326445 9.9991E-05 0.000237327 0.596246 0.0446461
0.274101 0.039615 0.007571 9.9991E-05 0.00080703 0.61687 0.0609363
0.151746 0.0328754 9.9982E-05 0.0574687 9.9982E-05 0.622547 0.135163
0.162357 0.0963427 0.0394174 0.0480853 0.00125469 0.587358 0.0651852
0.190145 9.9991E-05 0.0286495 0.0936867 0.000205971 0.551024 0.136188
0.16647 0.0501865 0.00506493 0.0705405 0.0204355 0.574163 0.11314
0.188205 0.0053493 0.0411373 0.021999 9.9991E-05 0.609462 0.133747
0.265569 0.0280628 0.0233005 0.0422195 0.00252465 0.397023 0.2413
0.170177 0.0225605 0.0300201 0.0771982 0.00743315 0.592994 0.0996174
0.111166 0.048629 0.00850292 0.0245181 0.00201441 0.677778 0.127392
0.565206 0.0311708 0.0862746 0.0211466 9.9991E-05 0.227204 0.0688979
0.314982 9.9982E-05 0.0908002 0.0361999 9.9982E-05 0.174068 0.38375
0.255273 0.040516 0.073154 9.9991E-05 0.0191496 0.509129 0.102679
0.320615 9.9973E-05 0.111693 9.9973E-05 9.9973E-05 0.130848 0.436544
0.537315 9.9982E-05 0.0197151 9.9982E-05 0.0138305 0.367509 0.0614304
0.419685 9.9973E-05 0.082947 9.9973E-05 9.9973E-05 0.457414 0.0396541
0.461633 0.000147567 0.0874176 9.9991E-05 0.027246 0.396208 0.0272481
0.521498 9.9973E-05 0.055307 9.9973E-05 9.9973E-05 0.367094 0.0558014
0.227475 0.0406065 0.0102341 9.9991E-05 0.0186943 0.630684 0.0722067
0.172796 0.0966837 0.075261 0.106816 9.9991E-05 0.483946 0.0643969
0.187175 0.0997831 0.0951399 0.00589364 9.9982E-05 0.611809 9.9982E-05
0.386118 9.9982E-05 0.0680551 0.035884 9.9982E-05 0.18209 0.327653
0.185026 0.10971 0.03494 0.0424316 0.0143071 0.535495 0.0780906
0.00250013 0.100403 0.0684252 0.020271 0.00907579 0.513253 0.286071
0.0993884 0.0912461 0.0821791 9.9982E-05 0.00463533 9.9982E-05 0.722351
0.0487674 0.0488679 0.0536017 0.0406959 0.0208693 0.682982 0.104216
0.0474262 0.0700928 0.0746454 0.0130636 0.040022 0.345375 0.409375
0.00782119 0.0738975 0.0255721 0.0841139 0.0390256 0.50548 0.26409
0.134154 0.0933216 0.0345512 9.9991E-05 0.00407821 0.249121 0.484674
0.162562 0.0631672 0.0796035 9.9991E-05 0.00558575 0.0949271 0.594055
0.0841911 0.0333819 0.101319 0.0176934 0.0109811 0.420507 0.331927
0.0772868 0.0998065 0.0633195 0.0631659 0.0166338 0.491949 0.187839
0.117322 0.108886 0.0629928 0.0907465 0.0235745 0.398631 0.197846
0.0900771 0.0311458 0.19061 0.0608815 0.0246481 0.119239 0.483399
0.10708 0.0812674 0.0329212 0.0446159 0.0297544 0.537116 0.167244
0.0581115 9.9973E-05 0.0636502 9.9973E-05 9.9973E-05 0.345418 0.53252
0.0882267 9.9973E-05 0.0780914 9.9973E-05 9.9973E-05 0.488578 0.344804
0.0199388 0.101357 0.0767512 0.0398142 0.014765 0.585899 0.161475
0.0107462 0.33057 9.9991E-05 0.228178 0.0361721 0.155861 0.238372
9.9973E-05 0.460455 9.9973E-05 0.142113 0.00848671 9.9973E-05 0.388645
9.9973E-05 0.451995 9.9973E-05 0.116001 0.0199731 9.9973E-05 0.411731
9.9973E-05 0.349229 9.9973E-05 0.280578 9.9973E-05 0.0596348 0.310258
9.9973E-05 9.9973E-05 0.0815185 9.9973E-05 0.00911253 0.615907 0.293162
0.0683125 0.0873001 0.0678644 0.0515739 0.00926273 0.584216 0.131471
9.9955E-05 9.9955E-05 9.9955E-05 0.65926 9.9955E-05 0.340241 9.9955E-05
0.0725532 9.9991E-05 0.0487495 0.456429 0.0392919 0.376304 0.0065722
0.117463 0.0475665 0.035968 0.363697 0.0367144 0.398491 9.9991E-05
0.0700436 9.9991E-05 0.0247775 0.0108362 0.00823309 0.312743 0.573267
0.0763778 0.0924462 0.0871507 0.0304945 0.0236415 0.512125 0.177764
0.0888241 9.9973E-05 0.0174671 9.9973E-05 9.9973E-05 0.286707 0.606702
9.9982E-05 0.0519591 0.0359084 9.9982E-05 0.0185485 0.606135 0.287249
0.0640367 0.0486665 0.0220896 0.0239108 0.00225066 0.491222 0.347823
9.9964E-05 9.9964E-05 9.9964E-05 9.9964E-05 0.0246404 0.593642 0.381318
0.022606 9.9973E-05 0.0557161 9.9973E-05 9.9973E-05 0.244036 0.677342
0.00396871 0.0607243 0.0195401 0.032635 9.9991E-05 0.647821 0.235211
0.0515903 0.0639373 0.0404247 0.00374691 0.0297394 0.633936 0.176625
0.000659197 0.0191851 0.0143388 0.95354 9.9982E-05 0.0120765 9.9982E-05
0.0284322 9.9964E-05 9.9964E-05 0.892101 9.9964E-05 0.0790675 9.9964E-05
0.119501 0.0252448 0.00259604 0.590164 0.0197856 0.242609 9.9991E-05
0.00111077 9.9973E-05 0.000692386 0.606165 9.9973E-05 0.391732 9.9973E-05
0.0204475 9.9973E-05 9.9973E-05 0.817955 0.0312128 0.130085 9.9973E-05
9.995E-05 9.995E-05 9.995E-05 0.9994 9.995E-05 9.995E-05 9.995E-05
0.02931 9.9955E-05 9.9955E-05 0.97019 9.9955E-05 9.9955E-05 9.9955E-05
9.9955E-05 9.9955E-05 9.9955E-05 0.851351 9.9955E-05 0.148149 9.9955E-05
0.060311 0.00733893 9.9964E-05 0.93195 9.9964E-05 9.9964E-05 9.9964E-05
9.995E-05 9.995E-05 9.995E-05 0.9994 9.995E-05 9.995E-05 9.995E-05
9.995E-05 9.995E-05 9.995E-05 0.9994 9.995E-05 9.995E-05 9.995E-05
0.0386364 9.9973E-05 9.9973E-05 0.776022 0.00280106 0.182241 9.9973E-05
0.0491367 0.0210109 0.00623264 0.828889 0.0156499 0.0789808 9.9991E-05
9.995E-05 9.995E-05 9.995E-05 0.9994 9.995E-05 9.995E-05 9.995E-05
0.0245867 0.0827298 0.0818061 0.410885 0.0169363 0.289127 0.0939287
0.0336429 0.0413795 9.9982E-05 0.646277 0.0400418 0.238459 9.9982E-05
9.9964E-05 0.0209569 9.9964E-05 0.822912 9.9964E-05 0.155731 9.9964E-05
0.00660353 0.00240337 0.00639131 0.892455 9.9982E-05 0.0919472 9.9982E-05
9.995E-05 9.995E-05 9.995E-05 0.9994 9.995E-05 9.995E-05 9.995E-05
9.9955E-05 9.9955E-05 9.9955E-05 0.958157 9.9955E-05 0.0413432 9.9955E-05
9.9955E-05 9.9955E-05 9.9955E-05 0.987969 0.0115312 9.9955E-05 9.9955E-05
0.0275805 0.039299 0.0513482 0.640873 0.00137134 0.218927 0.0206015
9.9964E-05 9.9964E-05 0.0188799 0.979232 0.00148839 9.9964E-05 9.9964E-05
9.9964E-05 0.312175 9.9964E-05 0.0551575 9.9964E-05 9.9964E-05 0.632268
0.0513673 0.204011 0.00361001 0.0998965 0.0234434 0.335751 0.28192
0.00802827 0.159014 0.00410589 0.0470414 0.00328624 0.497133 0.281391
9.9982E-05 0.18822 9.9982E-05 0.110576 0.00773812 0.17356 0.519707
0.0538147 0.113129 0.0750376 0.123512 0.0152135 0.447541 0.171752
9.9991E-05 0.211146 0.00464346 0.123582 0.036382 0.112705 0.511442
0.0934449 0.137251 0.0378103 0.0861843 0.0108456 0.468375 0.166089
9.9982E-05 0.163613 9.9982E-05 0.107969 0.0140907 0.32639 0.387738
0.0048217 0.130112 9.9991E-05 0.095601 0.0316595 0.509614 0.228092
9.9991E-05 0.177083 0.0321617 0.108773 0.0123762 0.360499 0.309008
9.9991E-05 0.192189 0.0495218 0.0897586 0.0021782 0.470153 0.1961
0.00924861 0.898645 9.9982E-05 9.9982E-05 0.0135711 0.0686981 0.00963733
0.00134675 0.86396 9.9982E-05 0.0637144 0.0433623 9.9982E-05 0.0274167
0.0174952 0.915537 0.00179552 9.9982E-05 0.0468611 0.018111 9.9982E-05
9.9973E-05 0.960327 0.00933533 9.9973E-05 0.0155096 9.9973E-05 0.0145278
0.0202646 0.871999 9.9973E-05 9.9973E-05 0.0521363 0.0553004 9.9973E-05
9.9973E-05 0.922674 9.9973E-05 0.00497304 0.0589619 0.0130908 9.9973E-05
0.019215 0.847129 9.9982E-05 0.0441295 0.0699774 0.0193496 9.9982E-05
0.0377532 0.883286 9.9973E-05 9.9973E-05 0.0532227 9.9973E-05 0.0254386
0.016216 0.858225 0.0262012 0.0281286 0.0270555 0.013291 0.0308832
0.0310951 0.867849 9.9991E-05 0.0165245 0.0369609 0.0104529 0.0370176
0.293522 0.585157 0.0623785 9.9982E-05 0.00396085 9.9982E-05 0.054782
0.325592 0.588884 0.00637762 9.9982E-05 0.0407881 9.9982E-05 0.0381585
0.346865 0.503946 0.0652998 9.9982E-05 0.0330318 9.9982E-05 0.0506575
0.416467 0.468181 0.0156653 9.9973E-05 9.9973E-05 9.9973E-05 0.0993873
0.202316 0.0511567 0.249768 9.9982E-05 0.0272275 0.469332 9.9982E-05
0.109076 0.0340615 0.319782 0.030587 0.00925039 0.47998 0.0172628
0.229002 0.0255087 0.163918 0.0101247 9.9991E-05 0.561373 0.0099738
0.251635 0.0230198 0.298212 9.9982E-05 0.0251398 0.401793 9.9982E-05
0.652142 9.9973E-05 0.0705984 9.9973E-05 9.9973E-05 0.200628 0.0763317
0.0561636 0.0660616 0.179417 0.0109256 9.9991E-05 0.651816 0.0355162
0.0915689 9.9991E-05 0.25534 0.00706812 0.00393593 0.612418 0.0295691
0.0494674 9.9991E-05 0.23844 0.0096485 0.00761559 0.540937 0.153792
9.9973E-05 9.9973E-05 0.569506 0.0103201 9.9973E-05 0.347335 0.072539
0.0669737 0.0319791 0.149482 0.0823724 9.9991E-05 0.575187 0.0939049
0.0701345 0.0166242 0.466134 0.0280433 0.00589642 0.413068 9.9991E-05
9.9955E-05 9.9955E-05 0.809583 9.9955E-05 9.9955E-05 9.9955E-05 0.189917
0.162925 0.0642508 0.168907 0.0297569 0.0249929 0.514761 0.034407
9.9964E-05 9.9964E-05 0.632772 9.9964E-05 9.9964E-05 0.164577 0.202251
0.0502127 9.9991E-05 0.362597 0.0302089 0.0354828 0.486206 0.0351925
0.205748 9.9964E-05 0.63105 9.9964E-05 9.9964E-05 0.162802 9.9964E-05
0.806564 0.16155 9.9982E-05 9.9982E-05 0.00294066 0.00710219 0.0216436
0.709329 0.135437 9.9973E-05 9.9973E-05 9.9973E-05 0.089 0.0659343
0.818742 0.103214 0.0365953 9.9982E-05 9.9982E-05 0.0155412 0.025708
0.807362 0.14326 0.015127 9.9973E-05 9.9973E-05 9.9973E-05 0.0339507
0.776622 0.0631781 9.9973E-05 9.9973E-05 9.9973E-05 0.114692 0.0452075
0.739616 0.0832274 9.9982E-05 0.0140187 9.9982E-05 0.108576 0.0543622
9.9982E-05 0.854468 0.0393324 0.0568781 0.0220698 0.0270522 9.9982E-05
0.0101187 0.822418 0.0175262 0.00663891 0.00456637 0.138631 9.9991E-05
0.0219532 0.746959 0.0237253 0.0533287 0.0326798 0.121254 9.9991E-05
0.00322612 0.835641 0.0627921 0.0664672 0.0164174 0.015356 9.9991E-05
0.0154355 0.754517 9.9991E-05 0.0423498 0.0386509 0.145825 0.00312193
0.540674 0.350619 9.9973E-05 9.9973E-05 0.0387857 9.9973E-05 0.0696212
0.541265 0.385707 9.9973E-05 9.9973E-05 0.0503045 9.9973E-05 0.0224242
0.508469 0.408002 9.9991E-05 0.0274886 0.0301279 0.0111914 0.014621
9.995E-05 9.995E-05 9.995E-05 9.995E-05 0.9994 9.995E-05 9.995E-05
0.511447 0.376052 0.0314102 9.9982E-05 0.0386253 9.9982E-05 0.0422655
9.9982E-05 0.251645 9.9982E-05 0.29917 0.0167137 0.288351 0.143921
0.0317365 0.132797 9.9991E-05 0.235293 0.0143316 0.533478 0.052264
9.9973E-05 0.191634 9.9973E-05 0.240591 0.0132623 0.554213 9.9973E-05
9.9982E-05 0.28823 0.020624 0.226663 9.9982E-05 0.331807 0.132477
0.0815674 0.110163 0.0406842 0.159661 0.0498199 0.471972 0.0861322
9.9973E-05 0.424543 9.9973E-05 0.304302 0.0221441 9.9973E-05 0.248711
0.442626 0.00668171 0.0495623 9.9982E-05 9.9982E-05 0.466503 0.0344274
0.216641 9.9973E-05 0.0393385 9.9973E-05 9.9973E-05 0.500269 0.243452
0.540989 9.9982E-05 0.0887733 9.9982E-05 0.000442385 0.291639 0.077956
0.171348 9.9973E-05 0.092637 9.9973E-05 9.9973E-05 0.562351 0.173365
0.344066 9.9964E-05 0.105101 9.9964E-05 9.9964E-05 9.9964E-05 0.550433
0.161251 0.0475032 0.0557734 0.0672183 0.030781 0.577918 0.0595549
0.131452 9.9991E-05 0.111146 0.0329073 0.0286411 0.524846 0.170907
0.425504 0.00418608 0.0878834 9.9991E-05 0.0339785 0.360024 0.0883245
0.220629 0.0560289 0.0635567 0.0332757 0.0010863 0.567953 0.05747
0.323968 9.9973E-05 0.1474 9.9973E-05 9.9973E-05 0.157752 0.370581
0.171351 0.0237266 0.0517394 0.0092767 9.9991E-05 0.584629 0.159177
0.343809 9.9991E-05 0.0623115 0.0280547 0.0138135 0.504228 0.0476837
0.0818267 0.106239 0.0494242 0.136187 9.9991E-05 0.440471 0.185753
0.253029 9.9982E-05 0.124073 0.00243059 9.9982E-05 0.367475 0.252792
0.208605 9.9982E-05 0.0919085 0.0444357 9.9982E-05 0.43562 0.21923
0.185027 9.9982E-05 0.0636474 0.0199658 9.9982E-05 0.596855 0.134305
0.204791 9.9973E-05 0.0595066 9.9973E-05 9.9973E-05 0.580265 0.155137
0.0955912 0.00534736 0.0663639 0.0522208 0.0262983 0.643125 0.111053
0.171281 0.0808199 0.080326 0.0538225 9.9991E-05 0.584228 0.029423
0.183026 0.0828315 0.062666 0.00416656 0.0295423 0.585844 0.0519236
9.9973E-05 0.816269 9.9973E-05 0.0415699 0.0307628 0.111098 9.9973E-05
9.9964E-05 0.858841 9.9964E-05 9.9964E-05 0.0260492 0.11471 9.9964E-05
0.00819094 0.84644 9.9982E-05 9.9982E-05 0.061867 0.0655724 0.0177295
0.0206683 0.844681 0.0138221 0.0672004 0.0534282 9.9982E-05 9.9982E-05
9.9964E-05 0.859603 9.9964E-05 9.9964E-05 0.0484117 0.0915856 9.9964E-05
0.604587 0.024124 0.100038 0.039974 0.00557522 0.106104 0.119597
0.202994 0.0104232 0.0478318 0.0705163 0.0006204 0.561675 0.105939
9.9982E-05 0.194219 9.9982E-05 0.203844 0.0185538 0.455095 0.128088
0.193729 0.0229 0.027596 0.0587639 0.00959407 0.64807 0.0393478
0.355426 0.00749892 0.0521588 0.0226431 0.0193388 0.534197 0.00873712
0.278223 9.9973E-05 0.0353102 9.9973E-05 9.9973E-05 0.3286 0.357567
0.750255 0.0612321 0.0643836 9.9991E-05 0.0211113 0.0206469 0.0822711
0.374078 0.0391336 0.0383552 0.00287859 9.9991E-05 0.501302 0.0441525
0.601199 0.0442031 0.0526183 0.0745762 0.00569143 0.204946 0.0167653
0.199045 0.0270524 0.0691621 9.9991E-05 0.0083035 0.495398 0.200939
0.604821 0.0885399 0.0294221 9.9982E-05 9.9982E-05 0.188862 0.0881549
0.294808 0.0888597 0.00147537 0.0911194 0.0028222 0.520815 9.9991E-05
0.57224 0.0276 0.122728 0.000464643 0.0287954 0.167704 0.0804675
0.295763 0.015034 0.0854315 0.0843092 9.9991E-05 0.290227 0.229135
0.0984138 0.0609661 0.0554761 0.0334528 0.0113007 0.523584 0.216807
0.0804911 0.00939775 0.00636014 9.9982E-05 9.9982E-05 0.34743 0.556121
9.9982E-05 0.0533091 0.0511053 0.0126151 9.9982E-05 0.539349 0.343422
0.0902099 0.0869474 0.0187461 9.9991E-05 0.0305987 0.587541 0.185857
0.0793864 9.9973E-05 0.0669518 9.9973E-05 9.9973E-05 0.289491 0.563871
0.148996 0.0720486 0.032757 0.0287048 0.0101504 0.550686 0.156657
0.0788276 0.00968977 0.0322426 9.9991E-05 0.0196285 0.532663 0.326849
0.0729177 9.9973E-05 0.0898409 9.9973E-05 9.9973E-05 0.153237 0.683704
0.0529911 9.9973E-05 9.9973E-05 9.9973E-05 0.00975424 0.240999 0.695956
0.0597547 9.9982E-05 0.0128341 9.9982E-05 0.0181642 0.507247 0.4018
0.0714588 9.9982E-05 0.21069 9.9982E-05 0.00811588 0.0767175 0.632818
0.0900873 9.9973E-05 0.0526307 9.9973E-05 9.9973E-05 0.458622 0.39836
0.700226 9.9991E-05 0.108006 0.0394162 0.00213357 0.143693 0.00642565
0.354237 9.9982E-05 0.0903437 0.0768974 9.9982E-05 0.193712 0.28461
0.469172 0.0138613 0.0268415 0.0465349 0.0294581 0.414032 9.9991E-05
0.230508 0.0622043 0.1034 0.0390367 9.9982E-05 0.56465 9.9982E-05
0.586157 9.9973E-05 0.151022 0.0618426 9.9973E-05 0.200679 9.9973E-05
0.184177 0.0804252 0.0617344 0.0667113 9.9991E-05 0.522668 0.0841839
0.22675 0.031694 0.028651 0.0197038 0.0214666 0.597355 0.0743791
0.218915 0.0055614 0.0894134 0.080382 0.0163677 0.503896 0.0854648
0.282187 9.9991E-05 0.0982207 0.0981029 0.0189424 0.469242 0.0332051
0.455449 9.9982E-05 0.0165429 0.0599711 0.0114709 0.456366 9.9982E-05
0.536639 9.9991E-05 0.14911 0.0152501 0.0292283 0.260822 0.00885003
0.450531 9.9982E-05 0.0559287 0.0451004 0.00906396 0.439176 9.9982E-05
0.205542 9.9991E-05 0.0469421 0.0442578 0.00109413 0.571286 0.130778
0.186533 0.0495892 0.055852 0.059221 0.00646465 0.592711 0.0496296
0.309837 0.0229848 0.132582 0.141833 9.9991E-05 0.267485 0.125179
0.228275 9.9982E-05 0.0822584 0.118254 9.9982E-05 0.456577 0.114436
0.497411 9.9991E-05 0.0329673 0.0696731 0.0194311 0.362655 0.0177629
0.259564 0.0643352 0.0510523 0.0261426 9.9982E-05 0.598706 9.9982E-05
0.332422 0.027373 0.108232 0.0494331 9.9991E-05 0.479342 0.00309807
0.164091 0.0564345 0.0246612 0.0231978 0.0480442 0.590469 0.093102
0.0589458 0.312334 9.9991E-05 0.113633 0.0316168 0.46306 0.02031
0.0544403 0.137989 9.9982E-05 0.170647 9.9982E-05 0.556086 0.0806382
0.0276773 0.143401 0.0771094 0.129993 0.018041 0.507626 0.096152
0.0755526 0.0891893 9.9991E-05 0.118215 0.0252233 0.546669 0.14505
0.0150816 0.19927 9.9991E-05 0.196906 0.00272367 0.472344 0.113576
0.190539 9.9973E-05 9.9973E-05 9.9973E-05 0.00524557 0.535897 0.268018
0.0586193 0.110353 0.0303967 0.146367 0.0109558 0.530671 0.112638
0.0861495 0.225804 9.9982E-05 0.184239 9.9982E-05 0.0742568 0.429351
0.0527408 0.117058 9.9991E-05 0.113993 0.0122436 0.594613 0.109251
0.0385634 0.126282 0.0199491 0.178278 0.00862638 0.536297 0.0920037
0.0647898 0.0803395 0.00983026 0.169654 0.0199367 0.543856 0.111594
0.0340867 0.170818 0.0699436 0.0936474 0.0430882 0.313764 0.274653
0.0441265 0.203556 9.9991E-05 0.10481 0.0295872 0.555666 0.0621546
0.024303 0.0983136 9.9991E-05 0.168954 0.00772818 0.528982 0.171619
9.9973E-05 0.483908 9.9973E-05 0.123193 0.00620279 9.9973E-05 0.386397
0.0540868 0.154351 0.0411518 0.16978 0.0507341 0.512962 0.0169337
9.9982E-05 0.154443 9.9982E-05 0.200513 0.0361776 0.51547 0.0931965
0.0440439 0.100449 0.0792128 0.104644 0.0145736 0.563657 0.0934194
9.9982E-05 0.135498 9.9982E-05 0.205237 0.0354786 0.522982 0.100605
0.0651134 0.173216 0.0632574 0.157706 0.0215055 0.467143 0.052059
0.0178001 0.0361279 0.105293 9.9991E-05 0.0139656 0.500535 0.326178
0.0853483 0.0539343 0.106229 0.067973 0.00207088 0.487368 0.197077
0.087383 9.9973E-05 0.166087 9.9973E-05 9.9973E-05 0.0158486 0.730382
0.0959809 9.9973E-05 0.0745351 9.9973E-05 9.9973E-05 0.0579405 0.771244
0.0705978 0.0708058 0.0197429 0.0168814 0.00992159 0.531305 0.280745
9.9973E-05 0.163493 9.9973E-05 0.290201 9.9973E-05 0.361292 0.184714
9.9973E-05 0.134996 9.9973E-05 0.270255 9.9973E-05 0.383001 0.211448
0.002468 0.185513 9.9982E-05 0.305947 9.9982E-05 0.208037 0.297835
9.9982E-05 0.106843 9.9982E-05 0.255606 0.0494889 0.370127 0.217735
9.9982E-05 0.0498602 9.9982E-05 0.0224515 0.0186637 0.208382 0.700442
9.9991E-05 0.0312873 0.0417989 0.0387827 0.0445062 0.243853 0.599671
0.0107654 0.0134862 0.0645786 0.0560605 9.9991E-05 0.609203 0.245806
9.9973E-05 0.0469679 9.9973E-05 0.0908256 9.9973E-05 0.482516 0.37939
0.0340693 0.0118393 0.0258999 0.024928 0.0249398 0.322362 0.555962
0.09059 0.031147 0.0183128 0.049682 0.000636552 0.579596 0.230036
0.0450304 9.9982E-05 9.9982E-05 0.0892902 0.0106989 0.621301 0.233479
0.0129959 0.069758 0.028865 0.0818393 0.0112723 0.539859 0.255411
0.0451031 9.9973E-05 0.0953232 9.9973E-05 9.9973E-05 0.410721 0.448553
0.0634723 9.9982E-05 0.0568975 9.9982E-05 0.00371237 0.442345 0.433373
0.0294669 0.0259704 0.073328 9.9991E-05 0.0208763 0.572475 0.277783
0.121478 0.0292894 0.0866516 0.0275922 9.9991E-05 0.470741 0.264148
0.0772164 0.086338 0.0492397 0.0731012 9.99971E-05 0.487091 0.226913
0.019706 9.9982E-05 0.110327 9.9982E-05 0.00253552 0.485744 0.381488
0.0167671 9.9973E-05 0.0698105 9.9973E-05 9.9973E-05 0.281667 0.631455
0.0240133 0.0099643 0.0303099 9.9991E-05 0.0164704 0.682694 0.236448
0.0824015 9.9973E-05 0.128714 9.9973E-05 9.9973E-05 0.239531 0.549053
0.00917114 9.9982E-05 0.0517554 9.9982E-05 0.00425814 0.538206 0.39641
0.0833016 0.0384398 0.041192 0.00490869 0.0240957 0.555883 0.252179
0.0974955 0.028876 0.0317734 0.0425527 0.00988987 0.560562 0.228851
0.019494 0.172614 9.9991E-05 0.109364 0.0398686 0.51223 0.14633
0.112871 0.107825 0.0281995 0.140576 0.0423227 0.433125 0.13508
9.9982E-05 0.155766 9.9982E-05 0.278958 0.0393037 0.309351 0.216421
0.0148396 0.168788 0.0204807 0.180217 0.0539704 0.389869 0.171835
0.0346239 0.20593 0.056504 0.136584 9.9991E-05 0.493452 0.0728062
9.9991E-05 0.144144 0.0519425 0.110861 0.0439454 0.463829 0.185178
9.9991E-05 0.0909794 0.00562775 0.149442 0.0299842 0.0259341 0.697933
9.9991E-05 0.0610362 0.0133107 0.195659 0.023232 0.552275 0.154387
9.9964E-05 0.30438 9.9964E-05 0.113336 9.9964E-05 9.9964E-05 0.581884
9.9973E-05 0.0480886 9.9973E-05 0.163978 9.9973E-05 0.545882 0.241751
9.9964E-05 9.9964E-05 0.137895 9.9964E-05 9.9964E-05 0.226202 0.635502
0.0738584 9.9973E-05 0.226569 9.9973E-05 9.9973E-05 0.0327499 0.666523
0.0553349 9.9973E-05 0.0798001 9.9973E-05 9.9973E-05 0.541259 0.323306
0.0291649 0.000490698 0.0287502 0.00108088 0.0104748 0.667211 0.262827
0.00438061 9.9973E-05 0.0419237 9.9973E-05 9.9973E-05 0.513856 0.439539
9.9964E-05 9.9964E-05 0.0593699 9.9964E-05 9.9964E-05 0.641418 0.298813
9.9964E-05 9.9964E-05 0.0353181 9.9964E-05 9.9964E-05 0.631778 0.332504
0.0935862 0.793398 0.0106159 0.0115202 0.0631062 0.0252932 0.00248023
0.0445141 0.700459 0.00868882 0.0626577 0.0591052 0.0404032 0.0841717
0.00576948 0.919497 9.9982E-05 0.0152693 0.0346032 0.0246611 9.9982E-05
9.9964E-05 0.908765 9.9964E-05 9.9964E-05 0.0567493 0.0340858 9.9964E-05
0.00678452 0.0657986 0.34887 0.057144 9.9991E-05 0.496915 0.0243874
0.0630631 0.0306825 0.331363 0.010126 0.022462 0.542204 9.9991E-05
0.0110526 0.0454627 0.422829 9.9982E-05 0.0158633 0.504593 9.9982E-05
0.0440607 0.0747585 0.267631 9.9982E-05 0.0445695 0.56878 9.9982E-05
0.0674323 0.0872849 0.070044 0.0271201 0.0194786 0.608764 0.119876
0.102248 0.0251521 0.5837 9.9982E-05 0.0346154 0.254084 9.9982E-05
9.9982E-05 0.0241733 0.325891 0.00762078 0.0167797 0.625335 9.9982E-05
9.9982E-05 9.9982E-05 0.564183 0.00161861 0.0330667 0.242891 0.158042
0.0995311 0.260224 9.9982E-05 0.141642 0.0483467 0.450056 9.9982E-05
0.0170644 9.9982E-05 0.367557 9.9982E-05 0.00797734 0.469425 0.137776
0.0711375 0.0194843 0.560444 9.9982E-05 0.0209584 0.327776 9.9982E-05
9.9991E-05 0.0155126 0.348483 0.00740341 0.00342274 0.521288 0.10379
0.120818 0.00907637 0.403602 0.0375784 0.00655222 0.422273 9.9991E-05
9.9973E-05 9.9973E-05 0.391214 0.00987677 9.9973E-05 0.569541 0.0290682
9.9991E-05 0.0358854 0.339512 0.0274259 0.022238 0.548322 0.0265168
9.9955E-05 9.9955E-05 0.831604 9.9955E-05 9.9955E-05 9.9955E-05 0.167896
9.9982E-05 9.9982E-05 0.546285 0.0379524 0.00192481 0.299336 0.114302
9.9973E-05 9.9973E-05 0.566691 0.00239888 9.9973E-05 0.370089 0.060521
9.9955E-05 9.9955E-05 0.809239 9.9955E-05 9.9955E-05 9.9955E-05 0.190261
0.0855373 0.0497592 0.457276 9.9982E-05 0.023326 0.383901 9.9982E-05
9.9964E-05 9.9964E-05 0.627291 9.9964E-05 9.9964E-05 0.0707244 0.301585
9.9955E-05 9.9955E-05 0.769226 9.9955E-05 9.9955E-05 9.9955E-05 0.230274
9.9982E-05 0.0252713 0.312925 0.0308858 9.9982E-05 0.578651 0.0520675
0.164544 0.0243728 0.611249 9.9982E-05 0.00724075 0.192394 9.9982E-05
0.08794 0.0146892 0.436332 0.0208536 9.9982E-05 0.439986 9.9982E-05
0.0614437 0.147143 0.158216 0.035979 9.9991E-05 0.559491 0.0376273
0.0999718 0.00312371 0.359516 0.0327214 0.00400183 0.500566 9.9991E-05
0.292258 9.9973E-05 0.0468051 9.9973E-05 9.9973E-05 0.424096 0.23654
0.0671375 0.0290878 0.345153 0.0300683 0.0128959 0.514144 0.00151292
0.085982 0.0113174 0.350617 9.9982E-05 0.0215508 0.530333 9.9982E-05
9.9973E-05 9.9973E-05 0.581743 0.0086031 9.9973E-05 0.309093 0.10026
0.124374 0.0805975 0.187828 0.0132384 0.0319037 0.54203 0.0200279
0.255666 0.628965 9.9973E-05 9.9973E-05 0.044396 9.9973E-05 0.0706726
0.169935 0.696066 0.0311618 9.9982E-05 0.0739811 9.9982E-05 0.0286566
0.129165 0.686179 9.9973E-05 9.9973E-05 0.168556 9.9973E-05 0.0157997
0.132187 0.721357 9.9973E-05 9.9973E-05 0.120921 9.9973E-05 0.0252346
0.17363 0.702201 0.0125473 9.9991E-05 0.058366 0.024664 0.0284911
0.122252 0.0570231 0.688176 9.9973E-05 9.9973E-05 0.132248 9.9973E-05
0.137243 0.016434 0.668234 9.9982E-05 0.0151482 0.162741 9.9982E-05
9.9973E-05 9.9973E-05 0.716348 0.0263286 9.9973E-05 0.160394 0.0966288
0.0557631 0.069095 0.144812 0.0211735 0.0126047 0.595748 0.100803
0.0258675 0.0681766 0.190409 0.0773005 0.0442885 0.56281 0.0311477
9.9973E-05 9.9973E-05 0.62325 0.0461251 9.9973E-05 0.224594 0.105731
9.9991E-05 0.0112819 0.247359 0.0750406 0.0224519 0.616589 0.0271781
9.9991E-05 0.0499003 0.406152 0.0679066 0.015287 0.368206 0.0924483
0.0297166 0.0486033 0.398523 9.9973E-05 9.9973E-05 0.522857 9.9973E-05
0.0242544 0.0240788 0.251243 0.0731641 0.000517425 0.578929 0.0478133
0.137034 9.9982E-05 0.631343 0.00628836 0.0120206 0.213114 9.9982E-05
0.0850619 0.00659744 0.604301 9.9982E-05 0.010042 0.293798 9.9982E-05
0.146354 0.00531367 0.544813 9.9982E-05 0.00304293 0.300276 9.9982E-05
0.0202051 0.0996384 9.99775E-05 9.99775E-05 9.99775E-05 0.649663 0.230194
0.0566064 9.9973E-05 0.504953 9.9973E-05 0.0435324 0.394608 9.9973E-05
0.104921 0.0419306 0.427168 9.9982E-05 0.0246846 0.401096 9.9982E-05
9.9982E-05 0.106693 0.0369384 0.319608 9.9982E-05 0.500756 0.0358048
9.9991E-05 0.0986416 0.0625371 0.453224 0.0140249 0.31973 0.0517425
0.014189 0.108384 9.9991E-05 0.403631 0.011054 0.449344 0.0132978
9.9982E-05 0.159528 9.9982E-05 0.456335 0.0295351 0.314317 0.040085
0.000433904 0.147768 9.9991E-05 0.291708 0.0194416 0.491211 0.0493371
9.9982E-05 0.0512544 0.180988 9.9982E-05 0.0112015 0.52334 0.233016
0.00531191 0.237437 9.9982E-05 0.63568 0.0276897 9.9982E-05 0.0936808
0.0268242 0.160875 9.9991E-05 0.46631 0.0291267 0.300974 0.0157899
9.9991E-05 0.170531 0.0642238 0.106947 0.0376232 0.396611 0.223965
0.0344157 0.135885 0.0204258 9.9991E-05 0.0278718 0.580338 0.200963
0.0554772 0.13819 9.9982E-05 9.9982E-05 0.0233898 0.526017 0.256726
0.0647341 0.0908729 0.0135112 0.0257268 0.0218988 0.571141 0.212115
0.0647183 0.131434 0.0249127 0.0172066 0.018372 0.604508 0.138848
9.9973E-05 0.183833 9.9973E-05 0.411977 0.00494522 0.398946 9.9973E-05
0.0723015 0.122755 9.9991E-05 0.353428 0.022354 0.419543 0.00951905
9.9982E-05 0.0721848 9.9982E-05 0.488677 0.0341183 0.392362 0.0124576
0.0537302 0.126989 0.0443826 0.26455 0.0375945 0.443981 0.0287718
9.9991E-05 0.181012 0.0154543 0.502801 0.000343123 0.223337 0.0769518
0.0163312 0.122777 0.0838581 0.33201 9.9991E-05 0.435235 0.00968945
0.0140752 0.114398 0.0214474 0.5602 0.0232396 0.238671 0.0279681
0.0178215 0.0936402 0.00349642 0.279253 0.0409993 0.486505 0.0782841
0.003978 0.130554 0.0362588 9.9991E-05 0.00384532 0.523476 0.301788
0.0294731 0.136544 0.0236114 0.380544 0.0011623 0.383363 0.0453016
9.9982E-05 0.18747 9.9982E-05 0.587809 0.036335 0.132033 0.0561527
9.9991E-05 0.0821337 0.0153152 0.335218 0.0605726 0.403087 0.103573
0.140429 0.162119 0.0515073 9.9991E-05 0.00664733 0.312304 0.326893
9.9973E-05 0.0456151 9.9973E-05 0.00315877 9.9973E-05 0.664938 0.285988
0.0159772 0.155716 0.0137449 0.308615 9.9991E-05 0.409756 0.0960915
0.0679581 0.132813 0.0455696 9.9991E-05 0.0366432 0.543505 0.17341
0.106233 0.114771 9.9982E-05 9.9982E-05 0.0317575 0.525002 0.222036
9.9991E-05 0.192996 0.0176992 0.160306 0.024414 0.389802 0.214683
9.9982E-05 0.188476 9.9982E-05 0.274068 0.0243412 0.325789 0.187127
0.105656 0.0951665 0.0681802 0.0708547 0.0192049 0.542664 0.0982737
0.0810041 0.0960928 0.041905 0.355908 0.0257214 0.399268 9.9991E-05
0.00554207 0.112856 0.0189452 0.436673 0.00353303 0.422351 9.9991E-05
9.9982E-05 0.166134 9.9982E-05 0.582038 0.0118561 0.177574 0.0621985
0.0618665 0.0990785 9.9991E-05 0.0194126 0.017476 0.658767 0.1433
0.0531911 0.165924 0.047094 9.9991E-05 0.0129441 0.459205 0.261542
9.9964E-05 0.115505 9.9964E-05 9.9964E-05 9.9964E-05 0.181244 0.702851
0.020086 0.164041 0.0924247 9.9991E-05 0.0279325 0.590878 0.104538
0.14731 0.102786 0.0215508 0.00918116 9.9991E-05 0.411517 0.307555
9.9991E-05 0.167947 0.0447947 0.174659 0.0149198 0.438302 0.159277
0.0681973 0.103095 0.0298077 0.0932996 0.0602928 0.472574 0.172733
9.9973E-05 0.323208 9.9973E-05 0.115887 0.0348734 9.9973E-05 0.525732
9.9973E-05 0.299384 9.9973E-05 0.0675671 0.0197361 9.9973E-05 0.613013
9.9991E-05 0.182968 0.001698 0.0573385 0.0323084 0.328064 0.397523
9.9973E-05 0.317541 9.9973E-05 0.165316 9.9973E-05 0.0481909 0.468652
9.9964E-05 0.455488 9.9964E-05 0.187558 9.9964E-05 9.9964E-05 0.356554
9.9973E-05 0.216499 9.9973E-05 0.0889807 9.9973E-05 0.399385 0.294835
0.0181937 0.215617 0.0256563 0.126493 0.0135103 0.3734 0.227129
9.9982E-05 0.28266 9.9982E-05 0.143311 0.0207851 0.154163 0.39888
9.9973E-05 0.279423 9.9973E-05 0.133993 9.9973E-05 0.0668051 0.519479
9.9991E-05 0.161459 0.00866416 0.121576 0.0144988 0.489903 0.203798
9.9982E-05 0.239012 9.9982E-05 0.0948896 0.0311658 0.193356 0.441377
9.9973E-05 0.330607 9.9973E-05 0.0529596 0.0261037 9.9973E-05 0.59003
0.0547945 0.155309 0.0225108 0.0713045 0.0243344 0.537249 0.134498
0.0442356 0.171011 9.9982E-05 0.187038 9.9982E-05 0.310597 0.286918
0.0340733 0.30869 0.0359026 0.150494 9.9991E-05 0.458656 0.012084
9.9973E-05 0.140553 9.9973E-05 0.225004 0.0140496 0.620093 9.9973E-05
9.9982E-05 0.170013 9.9982E-05 0.146935 0.0409041 0.580441 0.0615067
9.9982E-05 0.156443 9.9982E-05 0.232818 0.00260137 0.504727 0.10321
0.0680246 0.337375 0.0522699 0.21862 0.0429031 0.280708 9.9991E-05
9.9991E-05 0.204209 0.0232767 0.153772 0.0409272 0.54251 0.0352052
9.9982E-05 0.240984 9.9982E-05 0.202348 0.0542455 0.485779 0.0164438
9.9982E-05 0.218037 9.9982E-05 0.217671 0.0485937 0.332293 0.183206
0.0885933 0.177375 0.249145 0.161663 0.00359751 0.277517 0.0421102
0.0306298 0.191781 0.0754673 0.112968 0.00923312 0.531432 0.0484883
0.0651248 0.121416 0.0279162 0.129429 0.00848001 0.562625 0.08501
0.0291568 0.0817196 0.152916 0.10972 0.0242915 0.543359 0.0588364
9.9982E-05 0.278647 9.9982E-05 0.218207 0.0126249 0.418569 0.0717522
9.9991E-05 0.229865 0.0275471 0.14065 0.0318642 0.520689 0.0492845
9.9982E-05 0.341086 9.9982E-05 0.298972 0.00126049 0.0632941 0.295187
0.06148 0.134896 0.00703776 0.155165 0.0508159 0.529083 0.061522
9.9982E-05 0.273601 9.9982E-05 0.294497 0.0285429 0.192543 0.210616
0.186761 0.766813 9.99639E-05 9.99639E-05 0.0460266 9.99639E-05 9.99639E-05
0.765293 0.033158 0.054018 0.0338845 9.9982E-05 0.113447 9.9982E-05
0.9994 9.995E-05 9.995E-05 9.995E-05 9.995E-05 9.995E-05 9.995E-05
0.9994 9.995E-05 9.995E-05 9.995E-05 9.995E-05 9.995E-05 9.995E-05
0.958524 9.9955E-05 9.9955E-05 9.9955E-05 9.9955E-05 0.0409765 9.9955E-05
0.981341 9.9955E-05 9.9955E-05 0.0181597 9.9955E-05 9.9955E-05 9.9955E-05
0.980425 9.9955E-05 9.9955E-05 9.9955E-05 9.9955E-05 0.0190756 9.9955E-05
0.984164 9.9955E-05 9.9955E-05 9.9955E-05 0.0153362 9.9955E-05 9.9955E-05
0.851373 0.14471 9.9964E-05 9.9964E-05 0.00351675 9.9964E-05 9.9964E-05
0.034181 0.842871 0.046375 9.9982E-05 0.0752919 0.00108069 9.9982E-05
0.143573 0.747437 9.9973E-05 9.9973E-05 0.0467511 0.0619393 9.9973E-05
0.0340689 0.837924 0.0340155 9.9982E-05 0.0574155 0.036376 9.9982E-05
0.0763594 0.84256 9.9982E-05 9.9982E-05 0.0187193 0.0417125 0.0204486
0.0925078 0.837861 9.9973E-05 0.0283468 0.0409845 9.9973E-05 9.9973E-05
0.024432 0.881391 0.00834724 9.9982E-05 0.0330967 0.0525335 9.9982E-05
9.9991E-05 0.694761 0.0227351 0.0722906 0.0642373 0.136593 0.00928341
9.9973E-05 0.856343 9.9973E-05 0.00360197 0.0596992 0.0800558 9.9973E-05
0.0753267 0.687885 9.9991E-05 0.0331211 0.055919 0.122586 0.0250623
9.9973E-05 0.839761 9.9973E-05 0.0448411 0.0835502 0.0315474 9.9973E-05
9.9964E-05 0.917873 9.9964E-05 9.9964E-05 0.068004 9.9964E-05 0.0137231
0.0078628 0.824357 0.0252811 0.0403446 0.0765632 0.0254914 9.9991E-05
0.0052551 0.928027 9.9964E-05 9.9964E-05 0.0663176 9.9964E-05 9.9964E-05
9.9982E-05 0.847056 9.9982E-05 0.0133956 0.0994802 0.0210258 0.0188421
9.9964E-05 0.861411 9.9964E-05 9.9964E-05 0.0522272 0.0859615 9.9964E-05
9.9964E-05 0.886242 9.9964E-05 9.9964E-05 0.0462839 0.0670739 9.9964E-05
9.9973E-05 0.861584 9.9973E-05 0.0429381 0.016777 0.0784014 9.9973E-05
9.9964E-05 0.859079 9.9964E-05 0.0149468 9.9964E-05 0.125574 9.9964E-05
9.9973E-05 0.786059 9.9973E-05 0.0618133 0.0522015 0.0996266 9.9973E-05
0.120835 0.117651 0.0238347 9.9991E-05 0.0435298 0.411166 0.282883
0.0508987 0.0624121 9.9982E-05 9.9982E-05 0.0066598 0.721369 0.158461
0.0446025 0.105325 0.0855456 0.0702704 0.0241706 0.575271 0.0948148
9.9973E-05 0.0853237 0.08177 9.9973E-05 9.9973E-05 0.125568 0.707039
0.130916 0.110571 9.9982E-05 9.9982E-05 0.018517 0.504154 0.235643
9.9973E-05 0.118526 0.00212893 9.9973E-05 9.9973E-05 0.133997 0.745048
9.9982E-05 0.0704474 9.9982E-05 0.0175222 0.0169313 0.640619 0.25428
0.0639019 0.160525 0.100865 9.9982E-05 9.9982E-05 0.418387 0.256121
0.0741235 0.154832 9.9982E-05 9.9982E-05 0.0243354 0.536424 0.210086
0.00349432 0.0707863 0.408781 9.9991E-05 0.0139764 0.463071 0.0397915
0.0832736 0.125765 0.0852145 9.9991E-05 0.0176894 0.481581 0.206376
0.00255664 0.0866397 0.00378732 0.0133874 0.0190053 0.701691 0.172933
0.0978086 0.0922739 0.0104146 9.9991E-05 0.0296988 0.550807 0.218897
0.482346 9.9973E-05 0.125411 0.0792162 9.9973E-05 9.9973E-05 0.312727
0.0470992 0.0851102 9.9973E-05 9.9973E-05 9.9973E-05 0.0375971 0.829894
9.9964E-05 0.0957799 9.9964E-05 9.9964E-05 9.9964E-05 0.183655 0.720165
0.01275 0.16326 0.0240976 9.9991E-05 0.0329575 0.613244 0.153591
9.9973E-05 0.0668412 9.9973E-05 9.9973E-05 0.0166375 0.539082 0.377139
9.9973E-05 0.0785561 9.9973E-05 9.9973E-05 0.0176359 0.62467 0.278838
9.9982E-05 0.0664195 9.9982E-05 0.0538164 0.0479876 0.664712 0.166864
