9.9973E-05 0.0169978 9.9973E-05 9.9973E-05 0.0410775 0.893191 0.0484335
0.0100048 9.9973E-05 9.9973E-05 0.00579313 9.9973E-05 0.951934 0.0319685
9.9982E-05 0.0033984 9.9982E-05 0.0454817 0.0525265 0.878775 0.019618
0.0313651 9.9973E-05 9.9973E-05 9.9973E-05 0.119629 0.80123 0.0474756
9.9964E-05 9.9964E-05 9.9964E-05 9.9964E-05 0.0743388 0.923728 0.00153283
0.0524273 0.0286868 0.0968462 0.0449073 0.0857141 0.655614 0.0358038
0.0292127 9.9982E-05 0.116002 9.9982E-05 0.0200252 0.78098 0.0535804
0.0680126 0.0193589 0.156006 9.9991E-05 0.0155653 0.692328 0.0486286
0.136082 9.99729E-05 0.0398122 9.99729E-05 9.99729E-05 0.80176 0.0220458
0.0137413 9.9991E-05 0.128182 0.0077251 0.0786828 0.748577 0.0229925
0.0416421 9.9982E-05 0.0989253 9.9982E-05 0.104781 0.741076 0.0133761
0.487985 0.0452451 0.0346058 0.190593 0.208824 0.0326466 9.9991E-05
0.303646 0.0547322 9.9991E-05 0.0657532 0.543156 0.00624212 0.0263709
0.454197 0.0937303 0.0894955 0.121143 0.225085 0.00946334 0.00688637
0.461144 0.0973168 0.00544276 0.0803732 0.303466 0.0434183 0.00883825
0.309511 0.0950277 0.0453792 0.0736497 0.40458 0.071753 9.9991E-05
0.228793 0.0761547 0.0583231 0.0571491 0.546049 0.0334304 9.9991E-05
0.282031 0.0565579 0.0565595 0.114912 0.455912 9.9991E-05 0.033928
0.397359 0.0574985 0.0459792 0.0589641 0.316032 0.0954641 0.0287027
0.690791 0.00978744 0.13337 0.096352 0.049578 0.0188338 0.00128782
0.298595 0.0542997 0.0739171 0.107639 0.445939 0.0181288 0.00148164
0.180293 0.0992213 0.244538 0.0309488 0.434314 0.00517555 0.005509
0.178313 0.0383746 0.00616132 0.167665 0.553196 0.0361037 0.020187
0.452661 0.0667197 0.0694157 0.118969 0.22739 0.0585323 0.00631179
0.15338 0.0632851 0.0479785 9.9991E-05 0.624334 0.0642339 0.0466887
0.297256 0.0135555 0.0205793 0.0270014 0.58198 0.0595285 9.9991E-05
0.531133 0.0302642 0.0426132 0.129486 0.227802 0.038602 9.9991E-05
0.466881 0.111267 0.00592851 0.122634 0.248118 0.0326769 0.0124943
0.452399 9.9973E-05 0.122289 0.172863 0.252148 9.9973E-05 9.9973E-05
9.995E-05 9.995E-05 9.995E-05 9.995E-05 9.995E-05 9.995E-05 0.9994
9.995E-05 9.995E-05 9.995E-05 9.995E-05 9.995E-05 9.995E-05 0.9994
0.0294124 0.0911062 9.9982E-05 9.9982E-05 0.0400203 0.458929 0.380333
9.9982E-05 0.042239 9.9982E-05 0.00262163 0.153899 0.510725 0.290315
0.1158 9.9991E-05 0.0714608 0.251278 0.450824 0.076059 0.0344774
0.0715246 0.0459274 9.9991E-05 0.255903 0.499505 0.0837296 0.0433105
9.9982E-05 0.0251717 0.00605961 0.410719 0.543244 0.0146054 9.9982E-05
0.638721 0.0142714 9.9982E-05 0.126363 0.177612 0.0428321 9.9982E-05
9.9982E-05 0.0257126 0.178392 0.53026 0.252338 9.9982E-05 0.0130966
0.128964 0.0242476 9.9991E-05 0.243794 0.534222 0.0624686 0.00620385
9.9982E-05 9.9982E-05 0.0239668 0.234167 0.678937 0.0399047 0.0228248
0.0552243 9.9991E-05 0.215276 0.0727238 0.544818 0.0843707 0.0274865
0.0992855 0.0282802 0.103943 0.098649 0.577479 0.0711823 0.0211801
0.17328 9.9982E-05 9.9982E-05 0.716148 0.0786129 0.0190628 0.0126971
0.057362 0.0185442 0.20959 9.9982E-05 0.656813 0.0574914 9.9982E-05
0.018195 0.0188897 0.0473857 0.240213 0.568169 0.0882453 0.0189028
0.0394729 0.0205702 0.0447642 0.163005 0.586229 0.114221 0.0317379
9.9964E-05 9.9964E-05 0.0748775 0.585709 0.339014 9.9964E-05 9.9964E-05
0.0245111 0.00232525 9.9991E-05 0.291964 0.60683 0.0563504 0.0179189
0.0440671 0.0526161 0.0753165 0.153569 0.518234 0.127572 0.0286251
9.9964E-05 9.9964E-05 0.434371 0.555204 9.9964E-05 0.0100252 9.9964E-05
0.59958 9.9973E-05 0.0995509 0.115217 0.185352 9.9973E-05 9.9973E-05
0.241965 0.0363582 0.401086 0.143578 0.176813 9.9982E-05 9.9982E-05
0.150458 0.0757927 0.126888 9.9991E-05 0.591741 0.040558 0.0144615
0.139629 0.0771323 0.0952547 0.0440755 0.587607 0.0493106 0.0069916
0.0963329 0.0626913 0.121653 0.0108781 0.600403 0.088603 0.0194382
0.513206 9.9991E-05 0.0307802 0.118716 0.213258 0.105297 0.0186437
0.311281 0.0219504 0.0511611 0.0175368 0.566075 9.9991E-05 0.0318956
0.139304 0.0934533 0.081769 0.094159 0.537296 0.0262219 0.0277973
0.259372 0.0158269 0.111848 0.102457 0.409804 0.0738825 0.0268096
0.49877 0.0351177 0.109796 0.0773701 0.147859 0.124595 0.00649292
0.146764 0.0300365 0.0943764 0.0612397 0.577386 0.069471 0.020726
0.283394 0.013515 0.0752784 0.0433788 0.533652 0.0482028 0.00257909
0.574085 9.9991E-05 0.151766 0.111509 0.0997601 0.0238769 0.0389026
0.380091 9.9982E-05 0.0232332 0.140252 0.451109 9.9982E-05 0.00511472
0.136281 0.0706458 0.128893 0.0563481 0.560365 0.0178466 0.0296203
0.151479 9.9991E-05 0.0284241 0.103608 0.599673 0.0714393 0.0452765
0.403284 0.055041 0.0632792 0.135493 0.263671 0.0385029 0.0407289
0.222259 0.0301869 0.0446521 0.112236 0.506452 0.0494999 0.0347135
0.191286 0.0477608 0.0748934 0.0358483 0.56295 0.0766234 0.0106388
0.463521 9.9982E-05 0.110009 0.140126 0.233558 9.9982E-05 0.0525857
9.9973E-05 9.9973E-05 9.9973E-05 0.492697 0.47942 0.0212217 0.00636133
0.0397906 0.0245979 9.9982E-05 0.771992 0.129854 9.9982E-05 0.0335656
0.085267 0.0486123 9.9991E-05 0.237665 0.51456 0.0716445 0.0421515
9.9973E-05 0.00247917 0.167158 0.826485 9.9973E-05 9.9973E-05 0.00357741
9.9955E-05 9.9955E-05 0.170503 0.828998 9.9955E-05 9.9955E-05 9.9955E-05
9.9973E-05 0.022485 0.0681917 0.724925 0.184098 9.9973E-05 9.9973E-05
0.0884554 9.9973E-05 9.9973E-05 0.434192 0.446454 9.9973E-05 0.0305985
0.0620662 0.056369 0.0428889 0.197193 0.524467 0.116915 9.9991E-05
9.9973E-05 0.00848315 0.0393368 0.488503 0.463377 9.9973E-05 9.9973E-05
0.193443 9.9973E-05 9.9973E-05 0.635105 0.110469 0.0606833 9.9973E-05
0.177467 9.9973E-05 9.9973E-05 0.555615 0.252397 9.9973E-05 0.0142206
0.0325727 0.0531136 0.0200747 0.299646 0.495568 0.0601275 0.0388974
0.0694336 9.9982E-05 9.9982E-05 0.577213 0.299625 0.0307637 0.0227638
0.0892449 9.9973E-05 9.9973E-05 0.449898 0.433531 9.9973E-05 0.0270258
9.9973E-05 9.9973E-05 0.0905464 0.467253 0.438 9.9973E-05 0.0039012
9.9955E-05 9.9955E-05 0.380141 0.619359 9.9955E-05 9.9955E-05 9.9955E-05
9.9991E-05 0.0331291 0.0877824 0.225048 0.607311 0.0166901 0.0299387
0.0816808 9.9973E-05 9.9973E-05 9.9973E-05 0.0641753 0.785342 0.0685023
9.9964E-05 9.9964E-05 9.9964E-05 9.9964E-05 0.0687987 0.883722 0.0470792
9.9973E-05 0.0398182 9.9973E-05 9.9973E-05 0.109018 0.835858 0.0150063
9.9973E-05 0.058939 9.9973E-05 9.9973E-05 0.00782834 0.91012 0.0228123
9.9973E-05 0.0529318 9.9973E-05 0.00469029 9.9973E-05 0.899864 0.0422135
9.9973E-05 0.038484 9.9973E-05 9.9973E-05 0.08378 0.871727 0.00570866
9.9964E-05 9.9964E-05 9.9964E-05 9.9964E-05 0.0678729 0.913329 0.0183985
0.0583604 0.0368404 9.9991E-05 0.219863 0.581532 0.0884527 0.014851
0.0646298 0.0586484 0.0738951 0.149179 0.535142 0.0906847 0.0278212
0.213587 9.9982E-05 0.0108199 0.720376 0.000899237 0.0541178 9.9982E-05
0.0566491 0.00470972 0.0181351 0.204479 0.623827 0.0764626 0.0157377
0.128899 9.9982E-05 9.9982E-05 0.465198 0.373499 0.0202842 0.0119206
0.0246574 0.00450141 9.9991E-05 0.358634 0.515879 0.0681447 0.0280832
9.9991E-05 0.0116006 0.141065 0.211327 0.582298 0.043503 0.0101066
9.9982E-05 0.065983 0.0580961 0.406494 0.461591 9.9982E-05 0.00763555
0.249129 9.9964E-05 9.9964E-05 0.706034 9.9964E-05 0.0444367 9.9964E-05
0.112837 0.037424 0.0730215 0.174228 0.470302 0.0931263 0.0390616
0.0649184 0.0345323 0.0118668 0.159781 0.63614 0.0772803 0.015481
0.0638122 0.0354551 0.0684731 0.136706 0.568953 0.100411 0.0261894
9.9982E-05 0.0117866 0.200019 0.517693 0.248373 9.9982E-05 0.0219286
9.9982E-05 0.0161748 0.0741795 0.424322 0.480632 9.9982E-05 0.00449192
0.136607 9.9973E-05 9.9973E-05 0.401739 0.453946 0.00740855 9.9973E-05
9.9982E-05 0.00301674 0.0852832 0.533236 0.375707 9.9982E-05 0.00255699
0.100141 9.9982E-05 0.0189194 0.430068 0.394464 0.056208 9.9982E-05
0.0866616 0.0378611 0.0733381 0.177852 0.534675 0.0754061 0.0142056
0.372899 0.0255212 0.247497 0.00966411 0.334556 9.9991E-05 0.00976286
0.349268 9.9982E-05 0.0896255 0.0275601 0.443318 0.0900283 9.9982E-05
0.182945 0.0582217 0.0802927 0.00575033 0.557787 0.0960538 0.0189495
0.115361 0.0612997 0.0729295 0.0870311 0.547095 0.0922574 0.0240262
0.385996 0.0170727 0.0249303 0.0471258 0.4977 9.9991E-05 0.0270752
0.2762 0.0261547 0.0395058 9.9982E-05 0.639077 0.0188626 9.9982E-05
0.436921 9.9973E-05 9.9973E-05 9.9973E-05 0.495131 0.0651805 0.00246689
0.142658 0.0345054 0.11969 0.0623797 0.526944 0.0850174 0.0288054
0.165805 0.0289403 0.103192 9.9982E-05 0.605757 0.0961055 9.9982E-05
0.292331 9.9973E-05 0.0261424 9.9973E-05 0.601363 0.0798637 9.9973E-05
0.342734 9.9991E-05 0.0136371 0.0167877 0.595401 0.00819952 0.0231408
0.141723 0.0749322 0.111695 9.9982E-05 0.622233 0.0492156 9.9982E-05
0.134045 0.0370112 0.0963792 9.9991E-05 0.636329 0.073906 0.0222296
0.205141 0.0399782 0.113096 0.0129112 0.628674 9.9982E-05 9.9982E-05
0.175703 0.0347609 0.12499 0.00430417 0.595342 0.0648 9.9991E-05
0.189462 0.0620732 0.0929049 9.9991E-05 0.62425 0.0120766 0.0191329
0.2579 0.0496991 0.262592 0.00330233 0.360628 0.0520673 0.013811
0.180717 0.0590154 0.0513194 0.0366927 0.610487 0.0616679 9.9991E-05
0.129219 0.0011555 0.114696 9.9991E-05 0.708172 0.0341845 0.0124722
0.544163 0.0325774 0.0498803 0.125882 0.216026 0.0313711 9.9991E-05
0.303816 0.0325656 0.413386 0.0617897 0.188243 9.9982E-05 9.9982E-05
0.23506 0.0226734 0.0525369 0.128115 0.524484 0.0175702 0.0195602
0.321692 9.9973E-05 0.460082 0.0746996 0.143226 9.9973E-05 9.9973E-05
0.522765 9.9982E-05 0.0219476 0.0645283 0.357938 9.9982E-05 0.0326218
0.462783 9.9973E-05 0.0191002 0.0496845 0.468133 9.9973E-05 9.9973E-05
0.496467 9.9982E-05 0.0271284 0.106054 0.347791 9.9982E-05 0.02236
0.499496 9.9973E-05 0.0284584 0.0902285 0.381517 9.9973E-05 9.9973E-05
0.24218 0.0298548 0.0547514 0.0108898 0.600476 0.0210084 0.0408404
0.182279 0.0446934 0.0960391 0.0368116 0.543354 0.0856434 0.0111796
0.177691 0.0291274 0.0145024 0.117607 0.60852 0.0442386 0.00831353
0.42098 0.0341734 0.308818 0.0307354 0.205093 9.9982E-05 9.9982E-05
0.0741262 9.9982E-05 0.15113 0.092781 0.518451 0.163312 9.9982E-05
0.0423557 0.0286139 0.292933 0.0172947 0.521325 0.0734914 0.023986
0.058889 9.9973E-05 0.701511 0.118681 9.9973E-05 0.12062 9.9973E-05
0.0233732 0.0436164 0.164071 0.0157018 0.653857 0.0992803 9.9991E-05
0.0474959 0.0329568 0.396208 0.10694 0.311571 0.0808095 0.0240189
0.0261705 0.065134 0.272833 9.9991E-05 0.53418 0.0754716 0.0261107
0.1014 9.9991E-05 0.481778 0.0515897 0.26543 0.0795953 0.0201068
0.125452 9.9991E-05 0.609625 0.0689947 0.136337 0.0478392 0.0116517
0.0962051 0.0177721 0.347825 0.0690307 0.421298 0.0388924 0.00897682
0.100328 0.065096 0.145467 0.0888606 0.475993 0.10866 0.0155946
0.107149 0.0446037 0.159315 0.0550528 0.444899 0.13633 0.0526503
0.109366 0.0806855 0.490961 0.171718 0.0870554 0.0488482 0.0113653
0.0552762 0.0677244 0.153551 0.0892733 0.541294 0.0260705 0.0668102
0.0839607 9.9973E-05 0.494164 0.0607104 0.360865 9.9973E-05 9.9973E-05
0.113588 9.9973E-05 0.324002 0.101803 0.460307 9.9973E-05 9.9973E-05
0.0211327 0.0541327 0.209397 0.0578936 0.548965 0.0631168 0.0453626
9.9982E-05 0.248132 0.233993 9.9982E-05 0.146728 0.345256 0.0256913
9.9964E-05 0.116681 0.396763 9.9964E-05 9.9964E-05 0.486156 9.9964E-05
9.9964E-05 0.12065 0.43184 9.9964E-05 9.9964E-05 0.44711 9.9964E-05
9.9973E-05 0.255694 0.273349 9.9973E-05 0.0969515 0.373705 9.9973E-05
9.9973E-05 9.9973E-05 0.260646 0.0829418 0.630095 9.9973E-05 0.0260173
0.00994334 0.0297134 0.188687 0.0302505 0.619019 0.114381 0.00800597
0.00351022 0.640519 9.9973E-05 9.9973E-05 0.343087 9.9973E-05 0.0125839
0.0585143 0.447132 0.0487455 0.0193802 0.39916 0.00671907 0.0203495
0.0151122 0.351483 0.0572969 0.0928746 0.37101 0.0872247 0.0249989
0.0503633 9.9982E-05 0.612466 0.0102705 0.323529 9.9982E-05 0.00317094
0.0958687 0.0700567 0.170828 0.102678 0.451458 0.0877887 0.0213218
0.0988776 9.9964E-05 0.612095 9.9964E-05 0.288627 9.9964E-05 9.9964E-05
9.9973E-05 9.9973E-05 0.341505 9.9973E-05 0.592703 0.0646043 0.000887903
9.9973E-05 9.9973E-05 0.412499 0.0245441 0.522578 0.0400786 9.9973E-05
9.9973E-05 9.9973E-05 0.357446 0.0221295 0.589067 9.9973E-05 0.0310576
0.0170338 9.9973E-05 0.700549 0.0157694 0.266348 9.9973E-05 9.9973E-05
9.9991E-05 0.0408294 0.180148 0.0586857 0.651537 0.0454793 0.0232203
0.0209108 0.0136156 0.22795 0.0197684 0.606087 0.0838899 0.0277787
9.9955E-05 0.972648 9.9955E-05 9.9955E-05 0.0268519 9.9955E-05 9.9955E-05
0.0202115 0.882357 9.9964E-05 9.9964E-05 0.097032 9.9964E-05 9.9964E-05
0.0345461 0.567661 9.9982E-05 0.111171 0.248569 0.0378529 9.9982E-05
0.0215006 0.592366 9.9973E-05 9.9973E-05 0.368665 9.9973E-05 0.0171679
0.0529164 0.799532 9.9973E-05 0.0203646 0.126887 9.9973E-05 9.9973E-05
9.995E-05 0.9994 9.995E-05 9.995E-05 9.995E-05 9.995E-05 9.995E-05
0.0452762 0.954224 9.9955E-05 9.9955E-05 9.9955E-05 9.9955E-05 9.9955E-05
9.9955E-05 0.843916 9.9955E-05 9.9955E-05 0.155585 9.9955E-05 9.9955E-05
0.0534314 0.946069 9.9955E-05 9.9955E-05 9.9955E-05 9.9955E-05 9.9955E-05
9.995E-05 0.9994 9.995E-05 9.995E-05 9.995E-05 9.995E-05 9.995E-05
9.995E-05 0.9994 9.995E-05 9.995E-05 9.995E-05 9.995E-05 9.995E-05
0.0126678 0.754762 9.9973E-05 9.9973E-05 0.211077 9.9973E-05 0.0211938
0.0411981 0.821913 9.9982E-05 9.9982E-05 0.105377 0.0301847 0.00112705
9.995E-05 0.9994 9.995E-05 9.995E-05 9.995E-05 9.995E-05 9.995E-05
0.123248 0.38178 0.0297157 0.00915165 0.361064 0.0721348 0.0229064
0.0744804 0.672379 9.9973E-05 9.9973E-05 0.22474 9.9973E-05 0.0281011
9.9973E-05 0.816732 9.9973E-05 9.9973E-05 0.148026 0.00337044 0.0315716
0.0177961 0.894007 9.9973E-05 0.0167503 0.0711466 9.9973E-05 9.9973E-05
9.995E-05 0.9994 9.995E-05 9.995E-05 9.995E-05 9.995E-05 9.995E-05
9.9973E-05 0.953565 9.9973E-05 9.9973E-05 0.0348731 0.00406058 0.00720128
9.9955E-05 0.990002 9.9955E-05 9.9955E-05 9.9955E-05 9.9955E-05 0.00949801
0.0239283 0.630912 9.9991E-05 0.0601968 0.219181 0.0397303 0.025952
9.9964E-05 0.980767 9.9964E-05 0.00110906 9.9964E-05 9.9964E-05 0.0177242
9.9964E-05 0.0499719 0.658711 9.9964E-05 9.9964E-05 0.290917 9.9964E-05
0.0509773 0.122118 0.276091 0.0167344 0.352669 0.16764 0.0137703
9.9982E-05 0.052437 0.354504 9.9982E-05 0.454695 0.13616 0.00200399
9.9982E-05 0.104699 0.507899 9.9982E-05 0.177509 0.196823 0.0128697
0.0487598 0.094684 0.146168 0.0933774 0.484268 0.111986 0.0207567
9.9982E-05 0.0998564 0.525906 9.9982E-05 0.131325 0.240742 0.00197068
0.0281103 0.0793282 0.279124 9.9991E-05 0.454451 0.153065 0.00582206
9.9982E-05 0.110863 0.389889 9.9982E-05 0.314689 0.181905 0.0024538
9.9982E-05 0.105697 0.23186 9.9982E-05 0.504427 0.126216 0.0316
0.0326672 0.11474 0.293907 9.9991E-05 0.388643 0.135809 0.0341339
0.00991116 0.110034 0.194607 0.0292887 0.470781 0.174809 0.0105692
0.0128406 9.9982E-05 9.9982E-05 0.015615 0.0669628 0.89421 0.010172
9.9982E-05 0.0666779 0.0136839 0.00471487 9.9982E-05 0.889065 0.0256585
0.0286938 9.9973E-05 9.9973E-05 9.9973E-05 0.011542 0.915067 0.0443969
0.0166844 9.9973E-05 9.9973E-05 0.0189001 9.9973E-05 0.960863 0.00325275
0.0469968 9.9973E-05 9.9973E-05 9.9973E-05 0.036632 0.862547 0.0535242
9.9982E-05 0.010736 9.9982E-05 0.0078689 0.0045625 0.935193 0.0414394
0.00879933 0.0128662 9.9982E-05 9.9982E-05 0.0377321 0.872615 0.0677869
0.0633006 9.9964E-05 9.9964E-05 9.9964E-05 9.9964E-05 0.894914 0.0413853
0.00889247 0.0300331 0.0231575 0.0208023 0.0188554 0.875948 0.0223108
9.9982E-05 0.0114621 0.0404778 9.9982E-05 0.024998 0.893233 0.0296294
0.298422 9.9973E-05 0.0529726 0.0549879 9.9973E-05 0.593318 9.9973E-05
0.33492 9.9982E-05 0.0328039 0.00356832 9.9982E-05 0.59428 0.0342272
0.366906 9.9982E-05 0.0577098 0.0417169 9.9982E-05 0.529502 0.00396529
0.406195 9.9973E-05 0.120203 0.0277965 9.9973E-05 0.445505 9.9973E-05
0.149176 9.9991E-05 0.0264284 0.293412 0.46195 0.0330025 0.0359305
0.0994923 0.0566641 0.00211447 0.344339 0.438194 0.0590964 9.9991E-05
0.210016 9.9982E-05 9.9982E-05 0.177188 0.561593 0.0336727 0.017331
0.254617 9.9991E-05 0.0143572 0.296155 0.375336 0.0151997 0.0442349
0.627514 0.00508287 0.0747134 0.0916331 0.200856 9.9982E-05 9.9982E-05
0.0884786 9.9982E-05 0.0205833 0.184235 0.672718 0.033785 9.9982E-05
0.144043 0.0250285 9.9973E-05 0.21488 0.615749 9.9973E-05 9.9973E-05
0.0633037 0.0166579 0.115771 0.273462 0.514544 0.00263476 0.0136266
9.9973E-05 0.00314502 0.0906077 0.527621 0.378326 9.9973E-05 9.9973E-05
0.0680221 0.0634138 0.110429 0.124477 0.600913 9.9991E-05 0.0326449
0.0828162 9.9973E-05 9.9973E-05 0.460006 0.437861 0.019017 9.9973E-05
9.9955E-05 9.9955E-05 0.25788 0.74162 9.9955E-05 9.9955E-05 9.9955E-05
0.162321 0.0385285 0.0248768 0.118813 0.564756 0.0769755 0.0137293
9.9964E-05 9.9964E-05 0.234207 0.626136 0.139257 9.9964E-05 9.9964E-05
0.0595271 9.9991E-05 0.0519661 0.33275 0.529051 0.000451331 0.026154
0.202047 9.9973E-05 9.9973E-05 0.66066 0.124513 0.0124797 9.9973E-05
0.795118 9.9973E-05 0.0586718 9.9973E-05 9.9973E-05 0.138272 0.00763836
0.757738 9.9973E-05 0.0683565 9.9973E-05 0.0693242 0.104281 9.9973E-05
0.816394 9.9982E-05 0.0488678 9.9982E-05 0.0375848 0.088974 0.00797926
0.833777 9.9964E-05 0.0379498 9.9964E-05 9.9964E-05 0.127873 9.9964E-05
0.798238 9.9982E-05 0.0419231 9.9982E-05 0.103553 0.0536783 0.00240776
0.758017 0.0349099 0.0536602 9.9982E-05 0.0697529 0.0834596 9.9982E-05
0.0391057 0.0655307 9.9991E-05 0.0178602 0.0215322 0.840371 0.0154999
0.0176116 9.9982E-05 9.9982E-05 0.0309625 0.114875 0.831681 0.00466912
0.00611021 0.0126664 9.9991E-05 0.0158254 0.161734 0.778803 0.0247605
9.9973E-05 0.0612359 9.9973E-05 0.0625112 0.0261327 0.84982 9.9973E-05
0.00498237 0.0553328 0.00367923 0.00554316 0.14022 0.765541 0.0247015
0.54825 9.9973E-05 0.0492352 9.9973E-05 9.9973E-05 0.380667 0.0215476
0.513906 9.9973E-05 0.047874 9.9973E-05 9.9973E-05 0.406783 0.0311364
0.490838 0.00178261 0.0375665 9.9991E-05 0.0341471 0.40848 0.0270852
0.00480422 9.9955E-05 9.9955E-05 9.9955E-05 9.9955E-05 9.9955E-05 0.994696
0.51153 0.0018135 0.0581001 0.0259491 9.9991E-05 0.372134 0.0303738
9.9982E-05 0.294117 0.143705 9.9982E-05 0.295438 0.257917 0.00862271
0.0412482 0.218341 0.0815278 9.9982E-05 0.509882 0.1488 9.9982E-05
9.9973E-05 0.221143 9.9973E-05 9.9973E-05 0.559708 0.213319 0.00553
9.9973E-05 0.20968 0.141473 9.9973E-05 0.35504 0.293508 9.9973E-05
0.114518 0.123297 0.0653591 9.9991E-05 0.54162 0.108339 0.046768
9.9973E-05 0.302634 0.255092 9.9973E-05 9.9973E-05 0.416748 0.0252258
0.408543 9.9991E-05 0.0749511 0.0433645 0.463167 0.00120568 0.00866899
0.229655 9.9973E-05 0.257496 0.0247956 0.487753 9.9973E-05 9.9973E-05
0.540248 9.9991E-05 0.0155884 0.119281 0.301577 0.00868346 0.0145226
0.162403 9.9973E-05 0.232243 0.0629708 0.542083 9.9973E-05 9.9973E-05
0.329707 9.9964E-05 0.613989 0.0559045 9.9964E-05 9.9964E-05 9.9964E-05
0.139936 0.0794963 0.113962 0.0321976 0.561147 0.0565909 0.0166698
0.230383 0.051407 0.155778 0.00823567 0.551639 9.9991E-05 0.00245796
0.474183 9.9991E-05 0.0645785 0.0588423 0.396781 0.0028308 0.0026848
0.170829 0.0359373 0.0758898 0.0908725 0.546223 0.0682638 0.0119848
0.349496 9.9973E-05 0.373048 0.125281 0.151876 9.9973E-05 9.9973E-05
0.180731 0.01607 0.193263 0.00936385 0.599189 0.00128293 9.9991E-05
0.330035 0.0271433 0.0529622 0.0826367 0.503327 0.00379555 9.9991E-05
0.094767 0.121466 0.174063 0.0305828 0.460128 0.103784 0.0152099
0.260491 0.00959127 0.263542 0.0916261 0.374549 9.9982E-05 9.9982E-05
0.201686 0.0285796 0.225415 0.115339 0.42878 9.9982E-05 9.9982E-05
0.199798 0.00503786 0.135518 0.0600342 0.596053 9.9991E-05 0.00345826
0.212724 9.9982E-05 0.167316 0.036739 0.582134 9.9982E-05 0.000888
0.105361 0.0889881 0.128757 0.0256089 0.625935 0.00242761 0.0229231
0.155372 0.0207945 0.112305 0.00325923 0.602576 0.105593 9.9991E-05
0.161312 0.00777946 0.0614384 0.104616 0.560591 0.0893308 0.0149327
9.9973E-05 0.0417164 9.9973E-05 9.9973E-05 0.112052 0.834399 0.0115335
9.9964E-05 9.9964E-05 9.9964E-05 9.9964E-05 0.114877 0.882132 0.00259146
0.0105541 9.9982E-05 9.9982E-05 0.0292781 0.0549935 0.859603 0.0453717
9.9982E-05 0.0501756 9.9982E-05 0.0293997 0.00722755 0.898824 0.0141734
9.9964E-05 9.9964E-05 9.9964E-05 9.9964E-05 0.0975732 0.874316 0.0277105
0.634733 0.0490095 0.0895594 0.0786416 0.133731 0.00261385 0.0117116
0.188634 0.0651249 0.135634 0.064501 0.52937 0.00793523 0.00880017
9.9982E-05 0.189006 0.140571 9.9982E-05 0.443647 0.207837 0.0187389
0.226097 0.0632604 9.9991E-05 0.0538248 0.619951 0.0191359 0.0176308
0.328423 0.0237321 9.9991E-05 0.0707165 0.538881 0.02385 0.0142969
0.302095 0.0265387 0.308582 0.0360956 0.321711 9.9991E-05 0.00487793
0.767725 9.9991E-05 0.0392355 0.0895227 0.0229785 0.0601556 0.0202825
0.377672 0.0134762 0.00577205 0.0637104 0.489117 0.0227145 0.027537
0.615294 0.0481887 0.0443425 0.00354615 0.252293 0.0362361 9.9991E-05
0.16866 0.0151746 0.171898 0.10612 0.49682 0.0412278 9.9991E-05
0.654424 0.00466865 0.0672695 0.0106396 0.186165 0.076733 9.9991E-05
0.249513 0.03321 0.0187864 0.0290851 0.581322 0.0787568 0.00932636
0.584818 0.0123003 0.0804588 0.127161 0.15352 0.0157068 0.0260344
0.301421 0.116546 0.258382 0.0948446 0.228607 9.9982E-05 9.9982E-05
0.107615 0.0245975 0.229536 0.00563249 0.551651 0.0724832 0.00848529
0.0787501 9.9964E-05 0.571089 9.9964E-05 0.349761 9.9964E-05 9.9964E-05
0.0251687 9.9982E-05 0.360724 9.9982E-05 0.580731 0.0277917 0.00538434
0.0971725 0.0654618 0.193895 0.0234219 0.505326 0.0621743 0.0525488
0.0689142 9.9973E-05 0.607355 0.0199097 0.303521 9.9973E-05 9.9973E-05
0.105519 0.0477209 0.162959 0.0313387 0.544042 0.0719479 0.0364718
0.0477113 9.9982E-05 0.360265 0.00538353 0.525393 0.0610473 9.9982E-05
0.0154206 9.9973E-05 0.717996 0.0836522 0.182631 9.9973E-05 9.9973E-05
0.0436525 9.9982E-05 0.695849 0.0272018 0.22809 9.9982E-05 0.0050067
0.0921902 9.9991E-05 0.364635 0.0122002 0.499661 0.00494206 0.0262716
0.0763377 9.9982E-05 0.673624 0.16369 0.0774935 9.9982E-05 0.0086548
0.138178 9.9973E-05 0.384386 0.0376924 0.439444 9.9973E-05 9.9973E-05
0.698206 0.0313598 9.9982E-05 0.108324 0.150027 9.9982E-05 0.0118825
0.379144 0.0924665 0.273232 0.0421482 0.212809 9.9982E-05 9.9982E-05
0.435688 0.066643 9.9991E-05 0.0583381 0.406561 0.0152687 0.0174014
0.246489 0.0178581 0.00777989 0.0859711 0.586602 0.0330122 0.0222881
0.570644 0.0304362 9.9973E-05 0.165467 0.233154 9.9973E-05 9.9973E-05
0.183019 0.0464389 0.106585 0.0494991 0.521706 0.0926517 9.9991E-05
0.260975 0.0272081 0.0430221 0.0208051 0.57826 0.0559183 0.0138116
0.267449 0.0508862 0.0573856 0.0450354 0.536633 0.00272094 0.0398902
0.271939 0.0746385 0.0470895 0.0672627 0.510149 0.0288219 9.9991E-05
0.444424 0.0449785 9.9991E-05 0.0482557 0.437196 0.00559285 0.0194537
0.553644 0.0285746 0.0214312 0.110427 0.275105 9.9991E-05 0.0107182
0.466785 0.0331567 9.9973E-05 0.0539603 0.445798 9.9973E-05 9.9973E-05
0.235497 0.0228016 0.119016 0.0135503 0.608934 9.9982E-05 9.9982E-05
0.118646 0.0548447 0.1107 0.0236232 0.631024 0.0485308 0.0126313
0.297697 0.108169 0.201448 0.0200445 0.342658 0.0298841 9.9991E-05
0.277501 0.0955059 0.0796149 0.0829991 0.46418 9.9982E-05 9.9982E-05
0.495797 0.0687318 0.0138825 0.0535773 0.354756 9.9991E-05 0.013156
0.277665 0.0619721 0.026019 0.0700344 0.549287 0.0149224 9.9991E-05
0.359762 0.119834 0.0204752 0.0792031 0.418297 0.0023288 9.9991E-05
0.176533 0.0470878 0.0650823 0.0041877 0.590437 0.0997433 0.0169291
0.0778026 0.107564 9.9991E-05 0.0113688 0.463851 0.325715 0.013598
0.0584073 0.139113 0.0773516 0.0247298 0.578726 0.121572 9.9991E-05
0.0477378 0.118468 0.134271 0.00364904 0.518529 0.153171 0.0241729
0.0306969 0.142045 0.1433 0.0205649 0.547889 0.0745663 0.040938
0.0222831 0.190349 0.0892863 0.0451481 0.449546 0.203288 9.9991E-05
0.21093 9.9973E-05 0.230189 0.0272085 0.531373 9.9973E-05 9.9973E-05
0.0617532 0.11183 0.0694139 0.0747775 0.525948 0.14559 0.0106872
0.0788577 0.172803 0.397415 0.0501384 0.0612347 0.239452 9.9991E-05
0.0549502 0.106361 0.129036 9.9991E-05 0.59595 0.0938654 0.0197376
0.0401687 0.190177 0.0901503 0.0238695 0.503338 0.142411 0.0098857
0.0226207 0.136081 0.123897 0.0627499 0.531288 0.117469 0.00589372
0.0701774 0.0913702 0.263404 0.0232657 0.340953 0.177319 0.0335106
0.0659064 0.14688 0.0525419 0.00802827 0.522477 0.19179 0.0123765
0.0167794 0.16132 0.127284 9.9991E-05 0.528477 0.157991 0.0080489
9.9964E-05 0.123752 0.391191 9.9964E-05 9.9964E-05 0.484658 9.9964E-05
0.0440459 0.124651 0.0578845 0.0310022 0.534981 0.188286 0.0191494
9.9982E-05 0.168319 0.0505586 0.0219363 0.558831 0.200156 9.9982E-05
0.0759218 0.0804457 0.10484 0.0569776 0.573982 0.0680533 0.0397793
9.9982E-05 0.192178 0.0918447 9.9982E-05 0.529998 0.162013 0.0237664
9.9991E-05 0.110764 0.0579162 0.0562644 0.55603 0.186037 0.0328885
0.0132365 9.99849E-05 0.345559 0.0805071 0.526262 0.0342356 9.99849E-05
0.0986724 0.0520242 0.14006 0.161205 0.489146 0.0416165 0.0172759
0.077502 9.9964E-05 0.737077 0.185021 9.9964E-05 9.9964E-05 9.9964E-05
0.0592687 9.9973E-05 0.751709 0.1421 0.0466226 9.9973E-05 9.9973E-05
0.00908323 0.037101 0.30002 0.0370513 0.51079 0.0845085 0.0214459
0.0299008 0.298338 0.171279 0.00213757 0.352435 0.14581 9.9991E-05
9.9973E-05 0.263391 0.199363 9.9973E-05 0.388752 0.148194 9.9973E-05
9.9973E-05 0.335587 0.320363 9.9973E-05 0.190631 0.153118 9.9973E-05
9.9982E-05 0.228507 0.211492 9.9982E-05 0.406133 0.128779 0.0248895
9.9982E-05 0.0369855 0.702202 9.9982E-05 0.17606 0.0765481 0.00800395
0.00755181 0.062173 0.603221 0.056464 0.208854 0.0287666 0.0329694
0.0466615 0.0598412 0.26576 0.0226945 0.604843 9.9982E-05 9.9982E-05
9.9973E-05 0.107027 0.37781 9.9973E-05 0.469574 0.0452889 9.9973E-05
0.0122486 0.0615789 0.540408 0.050654 0.300928 0.0284289 0.00575412
0.0395671 0.0599706 0.250199 0.0325493 0.569858 0.0369843 0.0108719
0.00396678 0.0370763 0.298542 9.9991E-05 0.621622 0.0309993 0.00769362
0.0309561 0.0594778 0.232954 0.0523575 0.5477 0.0714464 0.00510796
0.0390251 9.9973E-05 0.472907 0.0792531 0.408515 9.9973E-05 9.9973E-05
0.0604172 9.9982E-05 0.389552 0.0633639 0.477055 9.9982E-05 0.00941184
0.0669748 9.9991E-05 0.288854 0.0169544 0.604164 0.00149594 0.021457
0.131091 0.0169846 0.270558 0.0722265 0.474997 0.0113091 0.0228336
0.054504 0.0715607 0.182332 0.100218 0.511478 0.0738368 0.0060711
0.00767536 9.9973E-05 0.418178 0.0892316 0.484615 9.9973E-05 9.9973E-05
0.0329568 9.9973E-05 0.593391 0.105273 0.26808 9.9973E-05 9.9973E-05
9.9973E-05 9.9973E-05 0.228109 0.0554696 0.699258 9.9973E-05 0.0168636
0.10688 9.9973E-05 0.568416 0.0968955 0.227509 9.9973E-05 9.9973E-05
0.0175 9.9982E-05 0.408179 0.0316531 0.529114 9.9982E-05 0.013354
0.0568975 9.9991E-05 0.267755 0.0401718 0.551438 0.046085 0.0375526
0.0669881 0.0426886 0.183257 0.0712654 0.547787 0.0638914 0.0241225
0.0281157 0.156015 0.137017 0.00709442 0.502886 0.160674 0.00819864
0.0698601 0.119401 0.15879 0.0159895 0.465346 0.110073 0.0605407
9.9991E-05 0.2692 0.189423 0.00092563 0.306515 0.208403 0.025434
0.0333958 0.239588 0.164751 0.0393638 0.302297 0.172475 0.04813
0.0933854 0.171601 0.129614 9.9982E-05 0.45791 0.14729 9.9982E-05
9.9991E-05 0.105538 0.240522 0.012421 0.485184 0.130599 0.0256357
9.9991E-05 0.147165 0.672574 0.0213127 0.031065 0.113753 0.0140302
9.9982E-05 0.200952 0.143899 9.9982E-05 0.563604 0.060602 0.0307436
9.9964E-05 0.128394 0.564102 9.9964E-05 9.9964E-05 0.307104 9.9964E-05
9.9973E-05 0.142772 0.258497 9.9973E-05 0.561841 0.0365896 9.9973E-05
9.9964E-05 9.9964E-05 0.663341 0.117606 0.218653 9.9964E-05 9.9964E-05
0.00967517 9.9973E-05 0.699875 0.244468 0.0456822 9.9973E-05 9.9973E-05
0.0397833 9.9973E-05 0.36408 0.0761107 0.519726 9.9973E-05 9.9973E-05
9.9991E-05 0.0133315 0.26197 0.0777117 0.624875 0.0183413 0.00367026
0.0268947 9.9973E-05 0.418512 0.0602878 0.494006 9.9973E-05 9.9973E-05
9.9973E-05 0.00608091 0.276887 0.105707 0.611024 9.9973E-05 9.9973E-05
9.9964E-05 9.9964E-05 0.332851 0.0590201 0.607729 9.9964E-05 9.9964E-05
0.0665014 0.0187816 0.00436138 0.0270717 0.00201689 0.834007 0.0472605
0.0850995 0.0689989 0.0302453 0.0271508 0.0321437 0.707618 0.0487441
0.031875 0.0164654 9.9982E-05 9.9982E-05 0.0129689 0.917458 0.0210329
9.9964E-05 9.9964E-05 9.9964E-05 9.9964E-05 0.0322075 0.923962 0.0434302
0.0202829 0.0314944 0.032694 0.337542 0.523053 0.0475218 0.00741198
0.0526812 9.9991E-05 0.0426494 0.313367 0.488872 0.0597814 0.0425494
0.0237203 9.9973E-05 9.9973E-05 0.413243 0.527323 9.9973E-05 0.0354138
0.0595541 0.0156038 9.9991E-05 0.257673 0.561212 0.0716947 0.0341624
0.0541585 0.0125577 0.117911 0.134411 0.564053 0.108314 0.00859457
0.0996945 9.9982E-05 9.9982E-05 0.587735 0.244796 0.0446688 0.0229066
9.9973E-05 9.9973E-05 9.9973E-05 0.342913 0.611434 0.0190338 0.0263189
9.9973E-05 9.9973E-05 0.165667 0.568511 0.239589 9.9973E-05 0.0259322
0.0994069 0.15055 0.00197853 9.9991E-05 0.418531 0.305299 0.0241348
9.9973E-05 0.0337288 0.149423 0.377081 0.439467 9.9973E-05 9.9973E-05
0.0879829 9.9973E-05 9.9973E-05 0.58272 0.326588 9.9973E-05 0.00240899
0.0142507 0.0102127 0.0847928 0.356563 0.533981 9.9982E-05 9.9982E-05
0.0901932 0.040447 9.9991E-05 0.49608 0.355543 0.004857 0.0127799
9.9973E-05 0.0142104 0.000592486 0.444189 0.540708 9.9973E-05 9.9973E-05
0.043009 0.0140007 9.9991E-05 0.363658 0.512042 0.0581166 0.00907353
9.9955E-05 9.9955E-05 0.182996 0.816504 9.9955E-05 9.9955E-05 9.9955E-05
9.9973E-05 0.0314975 0.150611 0.524264 0.293328 9.9973E-05 9.9973E-05
9.9973E-05 0.0129139 0.0980405 0.574789 0.313957 9.9973E-05 9.9973E-05
9.9955E-05 9.9955E-05 0.250777 0.748723 9.9955E-05 9.9955E-05 9.9955E-05
0.113869 9.9982E-05 9.9982E-05 0.411795 0.406303 0.064726 0.00310682
9.9964E-05 9.9964E-05 0.33542 0.603935 0.0602457 9.9964E-05 9.9964E-05
9.9955E-05 9.9955E-05 0.244526 0.754974 9.9955E-05 9.9955E-05 9.9955E-05
0.0086441 0.0493152 0.0431665 0.325402 0.562557 0.0108158 9.9991E-05
0.173508 9.9982E-05 9.9982E-05 0.628968 0.150513 0.0305919 0.0162183
0.0743702 0.0191414 9.9982E-05 0.441828 0.442902 0.0215582 9.9982E-05
9.9991E-05 0.022152 0.0761287 0.199084 0.554924 0.142434 0.00517726
0.0701191 9.99762E-05 9.99762E-05 0.377523 0.496917 0.0551408 9.99762E-05
0.315176 0.00824578 0.247069 0.0314101 0.397899 9.9982E-05 9.9982E-05
0.0939777 0.00986794 9.9982E-05 0.286874 0.549141 0.0599401 9.9982E-05
0.0727524 9.9982E-05 9.9982E-05 0.377331 0.500471 0.00112749 0.0481176
9.9973E-05 9.9973E-05 0.116149 0.586511 0.294301 9.9973E-05 0.0027398
0.0803212 0.0343394 0.0317042 0.237354 0.507461 0.0852043 0.0236161
0.267453 9.9973E-05 0.0535804 9.9973E-05 9.9973E-05 0.625851 0.0528165
0.152792 9.9982E-05 0.0355866 0.0335602 9.9982E-05 0.713588 0.0642733
0.13498 9.9964E-05 9.9964E-05 9.9964E-05 9.9964E-05 0.695407 0.169214
0.135825 9.9973E-05 0.0220437 9.9973E-05 9.9973E-05 0.721603 0.120229
0.169892 9.9991E-05 0.0303647 0.0154382 0.0243515 0.720953 0.0389006
0.116864 9.9973E-05 9.9973E-05 0.702742 0.108585 0.0715085 9.9973E-05
0.12085 9.9982E-05 9.9982E-05 0.717034 0.132625 0.0184532 0.010837
9.9973E-05 0.0187934 0.0797952 0.774583 0.126529 9.9973E-05 9.9973E-05
0.0702166 0.0590014 0.113298 0.113815 0.535153 0.0727559 0.0357595
0.0273005 0.0558677 0.02893 0.279018 0.458988 0.0949255 0.0549706
9.9982E-05 0.0654092 0.138399 0.578321 0.211024 0.00664668 9.9982E-05
9.9982E-05 0.0314779 0.050341 0.28218 0.611059 9.9982E-05 0.0247419
9.9991E-05 0.0622673 0.131504 0.38565 0.36607 0.020315 0.0340934
0.0999991 0.0218191 9.9991E-05 0.349147 0.48353 0.035065 0.0103396
0.0166449 0.0512548 9.9991E-05 0.324632 0.573227 0.0064329 0.0277086
0.154334 0.00813638 9.9982E-05 0.638668 0.17437 9.9982E-05 0.0242908
0.130656 9.9973E-05 9.9973E-05 0.601955 0.263611 9.9973E-05 0.00347825
0.112291 9.9973E-05 9.9973E-05 0.586442 0.267682 0.0332847 9.9973E-05
0.0265448 9.9982E-05 0.185883 9.9982E-05 0.665484 0.11128 0.0106092
0.0854752 9.9973E-05 9.9973E-05 0.521111 0.354471 9.9973E-05 0.0386435
0.0542643 9.9982E-05 9.9982E-05 0.49934 0.373963 0.0480593 0.0241731
0.0311027 0.35787 0.0528336 0.0331731 0.427904 0.0926247 0.00449184
0.00811407 0.424767 0.0493595 0.00689126 0.347223 0.163545 9.9991E-05
9.9982E-05 0.401151 0.0343051 9.9982E-05 0.417222 0.135641 0.0114807
9.9982E-05 0.479288 0.020272 9.9982E-05 0.297454 0.193316 0.00947022
0.0414461 0.268483 0.0658276 0.0111666 0.485546 0.11336 0.0141715
9.9991E-05 0.00439897 0.222425 0.185383 0.50773 0.0564476 0.0235158
9.9982E-05 0.638487 0.0733433 9.9982E-05 0.0300075 0.252771 0.00519093
0.00419329 0.464659 0.0361081 0.00174462 0.321478 0.171718 9.9991E-05
9.9982E-05 0.137178 0.291263 9.9982E-05 0.374565 0.161682 0.0351119
0.0764773 9.9991E-05 0.227411 0.0164397 0.543099 0.0863227 0.0501496
0.0602203 9.9991E-05 0.271499 0.020262 0.490372 0.110384 0.0471626
0.0318517 0.000987226 0.206785 9.9991E-05 0.602862 0.132828 0.0245855
0.0408481 0.0255668 0.123072 0.00471333 0.650634 0.125097 0.0300695
9.9982E-05 0.437948 0.0133147 9.9982E-05 0.357104 0.174894 0.0165398
9.9973E-05 0.332348 0.0516088 9.9973E-05 0.426983 0.18876 9.9973E-05
9.9973E-05 0.491312 9.9973E-05 9.9973E-05 0.382995 0.115462 0.0099311
0.0306417 0.233799 0.03932 0.0957794 0.457675 0.131862 0.0109222
0.0486764 0.495058 0.0703947 0.0190837 0.205306 0.161381 9.9991E-05
0.0589763 0.342303 0.0309793 0.00626278 0.44001 0.119854 0.00161504
0.0315176 0.552388 0.0199864 0.0321491 0.230497 0.112182 0.0212805
0.0351696 0.316953 0.0667547 0.0617919 0.403028 0.116203 9.9991E-05
0.0225357 9.9991E-05 0.295436 0.00971584 0.52899 0.101735 0.0414874
0.000524569 0.305174 0.0648645 0.0442199 0.390156 0.194961 9.9991E-05
9.9982E-05 0.569478 0.0558663 9.9982E-05 0.164526 0.205808 0.00412153
0.0605912 0.296707 0.00958484 0.0449756 0.44271 0.110471 0.0349603
0.154858 9.9991E-05 0.274057 0.0952569 0.291932 0.166885 0.01691
9.9973E-05 9.9973E-05 0.274364 9.9973E-05 0.647834 0.0518608 0.0256412
9.9991E-05 0.33258 0.0938631 0.000337498 0.40788 0.157826 0.00741339
0.117377 9.9991E-05 0.143106 0.016371 0.580821 0.113945 0.0282799
0.130767 9.9982E-05 0.183246 9.9982E-05 0.521704 0.122485 0.0415976
0.0318275 0.187708 0.173918 0.00859648 0.384139 0.197608 0.0162033
9.9991E-05 0.244042 0.152391 0.0247717 0.363212 0.205997 0.00948514
0.0417086 0.0602891 0.113177 0.0756859 0.577989 0.130824 0.000326671
0.00236134 0.318722 0.025779 0.0567888 0.421218 0.15438 0.0207505
0.00957869 0.386528 9.9982E-05 9.9982E-05 0.455512 0.13047 0.0177113
9.9982E-05 0.603117 0.0586758 9.9982E-05 0.140081 0.19007 0.00785537
0.0266128 0.0188696 0.139361 0.0565421 0.64813 0.110385 9.9991E-05
0.0515627 9.9991E-05 0.26177 0.0553568 0.464115 0.153532 0.0135644
9.9973E-05 9.9973E-05 0.74016 9.9973E-05 0.167047 0.0689583 0.0235347
0.0907012 0.0271209 0.0813796 0.0190007 0.62921 0.122123 0.0304644
0.189792 0.0100587 0.219129 0.0658504 0.415771 0.0930823 0.00631637
0.00512168 0.120458 0.150675 0.036128 0.492676 0.185759 0.00918276
0.0794863 0.0940438 0.160509 0.00968917 0.505968 0.132585 0.0177184
9.9973E-05 0.122999 0.50927 9.9973E-05 9.9973E-05 0.358433 0.00899818
9.9973E-05 0.0752504 0.618965 9.9973E-05 9.9973E-05 0.290391 0.0150937
9.9991E-05 0.0969335 0.38027 0.00445658 0.315331 0.167125 0.035784
9.9973E-05 0.158382 0.449017 9.9973E-05 0.0540262 0.338275 9.9973E-05
9.9964E-05 0.187433 0.355049 9.9964E-05 9.9964E-05 0.457118 9.9964E-05
9.9973E-05 0.083569 0.345654 9.9973E-05 0.399995 0.170482 9.9973E-05
0.0231585 0.13278 0.221454 9.9982E-05 0.376369 0.246039 9.9982E-05
9.9973E-05 0.164246 0.409422 9.9973E-05 0.134264 0.291768 9.9973E-05
9.9973E-05 0.106842 0.511973 9.9973E-05 0.0993679 0.281517 9.9973E-05
9.9973E-05 0.12119 0.172191 9.9973E-05 0.515824 0.190495 9.9973E-05
9.9982E-05 0.102668 0.461475 9.9982E-05 0.183174 0.230039 0.0224441
9.9973E-05 0.0539079 0.580058 9.9973E-05 9.9973E-05 0.353253 0.0124815
0.0536431 0.0980587 0.0797133 0.0941221 0.51856 0.155803 9.9991E-05
0.0139967 0.183065 0.272365 9.9982E-05 0.323493 0.20688 9.9982E-05
0.0525805 0.141004 0.0139258 0.0251838 0.426421 0.327797 0.0130874
9.9973E-05 0.211502 9.9973E-05 9.9973E-05 0.613549 0.164836 0.00981281
0.00453483 0.210545 0.13021 9.9991E-05 0.507911 0.137811 0.00888724
9.9991E-05 0.213381 0.0919005 0.0271139 0.495035 0.144348 0.0281217
0.0308811 0.229514 0.00522487 0.046741 0.290983 0.355383 0.0412726
0.0061652 0.17933 0.0293846 0.0285501 0.550557 0.191951 0.0140618
9.9991E-05 0.182507 0.0200685 0.0436602 0.479387 0.232899 0.0413788
0.00941639 0.222602 0.231676 0.00791312 0.295798 0.190422 0.0421734
0.120455 0.14683 0.0243838 0.223909 0.26941 0.20017 0.0148422
0.0358725 0.115299 0.0940352 0.0772206 0.473636 0.200328 0.00360865
0.0317354 0.172724 0.0873758 0.0320897 0.533201 0.140061 0.00281325
0.0490386 0.131027 0.015937 0.067957 0.59489 0.139548 0.00160323
0.0274247 0.19938 0.0569042 9.9991E-05 0.444551 0.263993 0.00764727
0.00587741 0.194508 0.0301382 0.0417408 0.499135 0.184502 0.0440982
9.9982E-05 0.310362 0.30675 9.9982E-05 0.0450848 0.335489 0.00211528
0.0153181 0.154594 0.0693311 0.0247393 0.532488 0.174132 0.0293975
9.9982E-05 0.260602 0.208736 9.9982E-05 0.212118 0.297125 0.0212193
0.189612 0.001318 9.9982E-05 0.00778277 9.9982E-05 0.773161 0.027926
0.803601 9.9973E-05 0.00692624 9.9973E-05 0.128925 0.0602478 9.9973E-05
0.9994 9.995E-05 9.995E-05 9.995E-05 9.995E-05 9.995E-05 9.995E-05
0.9994 9.995E-05 9.995E-05 9.995E-05 9.995E-05 9.995E-05 9.995E-05
0.984293 9.9955E-05 9.9955E-05 9.9955E-05 0.0152072 9.9955E-05 9.9955E-05
0.976942 0.0225578 9.9955E-05 9.9955E-05 9.9955E-05 9.9955E-05 9.9955E-05
0.939511 9.9964E-05 9.9964E-05 9.9964E-05 0.0529895 9.9964E-05 0.00710009
0.979293 9.9955E-05 9.9955E-05 9.9955E-05 9.9955E-05 9.9955E-05 0.0202069
0.845094 9.9964E-05 9.9964E-05 9.9964E-05 9.9964E-05 0.142855 0.0116503
0.0248445 9.9982E-05 9.9982E-05 0.0285741 0.0101646 0.871701 0.0645158
0.146312 9.9973E-05 9.9973E-05 9.9973E-05 0.0504295 0.764272 0.0386863
0.0324633 0.00745567 0.0175461 0.00594894 0.0401624 0.861923 0.0345007
0.102251 9.9982E-05 0.000879445 9.9982E-05 0.0376674 0.850169 0.00883321
0.0712471 0.0012275 9.9991E-05 0.0114228 0.0176839 0.866194 0.0321242
0.0344626 9.9973E-05 9.9973E-05 9.9973E-05 0.0578211 0.891306 0.0161108
9.9982E-05 0.0120818 9.9982E-05 0.0201166 0.184352 0.76452 0.0187288
9.9964E-05 9.9964E-05 9.9964E-05 9.9964E-05 0.112519 0.854869 0.0322128
0.104914 0.0661119 0.0188526 9.9991E-05 0.0979452 0.666774 0.0453027
9.9973E-05 0.0562332 9.9973E-05 9.9973E-05 0.0193354 0.864274 0.0598579
0.0028637 9.9964E-05 9.9964E-05 9.9964E-05 9.9964E-05 0.948658 0.0480788
0.00910198 0.0381289 9.9982E-05 9.9982E-05 0.057861 0.839807 0.0549014
9.9964E-05 0.00807573 9.9964E-05 9.9964E-05 9.9964E-05 0.949551 0.0419731
9.9973E-05 9.9973E-05 0.00779946 9.9973E-05 0.0439392 0.881623 0.0663383
9.9982E-05 0.0237582 9.9982E-05 0.008323 0.0544071 0.86095 0.0523617
9.9964E-05 9.9964E-05 9.9964E-05 9.9964E-05 0.0799487 0.889258 0.0303931
9.9973E-05 0.0546378 9.9973E-05 9.9973E-05 0.0735024 0.869966 0.00159404
9.9964E-05 0.0216635 9.9964E-05 9.9964E-05 0.136352 0.841584 9.9964E-05
9.9973E-05 0.0644079 9.9973E-05 9.9973E-05 0.103658 0.817004 0.0146302
0.0920079 9.9991E-05 0.295142 0.0581212 0.418902 0.0904338 0.0452928
9.9973E-05 9.9973E-05 0.181394 9.9973E-05 0.700495 0.109701 0.00811028
0.0174496 0.0501758 0.0626706 0.110624 0.60482 0.126916 0.0273435
9.9982E-05 0.00132742 0.713396 0.0795362 0.126148 0.0793927 9.9982E-05
0.11727 9.9982E-05 0.272117 9.9982E-05 0.498788 0.0965102 0.0151155
9.9964E-05 9.9964E-05 0.779404 9.9964E-05 0.104196 0.116 9.9964E-05
9.9982E-05 0.028635 0.231293 9.9982E-05 0.645734 0.0773891 0.0167488
0.105402 9.9982E-05 0.199099 0.128511 0.397388 0.169401 9.9982E-05
0.0482236 9.9982E-05 0.261646 9.9982E-05 0.507145 0.1465 0.0362851
0.00777225 0.00532775 9.9991E-05 0.455301 0.457126 0.0463065 0.0280668
0.132853 9.9991E-05 0.196425 0.0628182 0.470277 0.116635 0.0208912
9.9982E-05 0.0239515 0.203996 9.9982E-05 0.686773 0.0756746 0.0094056
0.0917263 9.9982E-05 0.235477 9.9982E-05 0.533345 0.0788625 0.0603885
0.460597 0.0823675 0.298147 0.156177 0.00251111 9.9982E-05 9.9982E-05
0.0145569 9.9973E-05 0.867485 9.9973E-05 0.0263229 0.0913356 9.9973E-05
9.9973E-05 9.9973E-05 0.752884 9.9973E-05 0.154606 0.0888893 0.00332125
0.00243344 9.9991E-05 0.195716 0.00427096 0.638938 0.102445 0.0560956
9.9991E-05 0.0269238 0.378677 0.0181318 0.508316 0.0523211 0.015531
9.9973E-05 9.9973E-05 0.285091 9.9973E-05 0.621175 0.0720744 0.02136
0.0503365 0.0623306 0.16906 9.9991E-05 0.640318 0.0484857 0.0293692
