9.9973E-05 0.00359736 9.9973E-05 0.0213893 9.9973E-05 0.0477878 0.926926
0.00609205 0.0284288 9.9982E-05 0.00556889 9.9982E-05 0.00180181 0.957909
0.0372219 9.9982E-05 0.0383193 0.0401286 9.9982E-05 0.0144985 0.869632
9.9964E-05 0.0407925 9.9964E-05 0.12997 9.9964E-05 9.9964E-05 0.828838
9.9964E-05 0.0120731 9.9964E-05 0.0810553 9.9964E-05 9.9964E-05 0.906472
0.0352387 0.0525503 0.15022 0.0503311 0.00597279 0.0609767 0.644711
9.9973E-05 0.0216135 0.158325 0.0158906 9.9973E-05 9.9973E-05 0.803871
9.9982E-05 0.09696 0.142245 0.00989445 9.9982E-05 0.0272018 0.723499
9.99639E-05 0.149518 0.0335428 9.99639E-05 9.99639E-05 9.99639E-05 0.816539
9.999E-05 0.0368621 0.141943 0.0450213 0.028654 0.00268788 0.744731
9.9973E-05 0.037585 0.123032 0.0935495 9.9973E-05 9.9973E-05 0.745533
0.127962 0.485811 0.0746338 0.272842 9.9991E-05 0.0151854 0.0234667
0.0413715 0.23785 0.0181453 0.595717 9.9991E-05 0.0210439 0.0857727
0.093557 0.477535 0.0562202 0.300115 9.9991E-05 0.0620546 0.0104183
0.0375822 0.475142 0.0205012 0.335636 9.9991E-05 0.107928 0.0231112
0.0372438 0.27766 0.0544847 0.431339 0.00199384 0.120136 0.0771418
0.00352273 0.223183 0.0901042 0.581054 9.9991E-05 0.0648345 0.0372014
0.113103 0.261822 0.0231385 0.473645 0.0303757 0.0409421 0.0569732
0.0132723 0.414291 0.115721 0.324117 9.9991E-05 0.042848 0.08965
0.0811563 0.666474 0.166457 0.0793053 9.9982E-05 9.9982E-05 0.00640748
0.137616 0.261829 0.0914476 0.445894 0.00821033 0.0335682 0.0214345
0.0565218 0.166088 0.203407 0.439721 0.0881588 0.0460036 9.9991E-05
0.162778 0.179644 0.0207512 0.55564 0.0250482 0.0310005 0.0251376
0.13272 0.41701 0.0867313 0.280818 9.9991E-05 0.0323694 0.0502512
0.0436738 0.0804703 0.0580357 0.625258 0.0194558 0.0977913 0.0753147
0.0329002 0.282358 0.0575643 0.555138 9.9991E-05 0.0320525 0.0398865
0.136329 0.494115 0.053396 0.22457 0.0119096 0.0283781 0.0513021
0.11798 0.4066 0.0637896 0.289272 9.9991E-05 0.0642974 0.0579607
0.142315 0.473275 0.148398 0.234162 9.9982E-05 9.9982E-05 0.00165056
9.9964E-05 9.9964E-05 9.9964E-05 0.0885629 9.9964E-05 0.0180689 0.892968
9.9955E-05 9.9955E-05 9.9955E-05 0.121202 9.9955E-05 9.9955E-05 0.878298
9.9973E-05 0.0127955 9.9973E-05 0.104775 9.9973E-05 0.0878967 0.794233
9.9964E-05 9.9964E-05 9.9964E-05 0.170125 9.9964E-05 0.0524013 0.777074
0.237532 0.0973894 0.0946191 0.494401 9.9982E-05 9.9982E-05 0.0758592
0.278949 0.0704942 9.9982E-05 0.516741 9.9982E-05 0.0183404 0.115275
0.410921 9.9982E-05 0.0323215 0.495828 9.9982E-05 0.0271281 0.0336011
0.0837738 0.629547 9.9982E-05 0.203907 0.0483305 9.9982E-05 0.0342422
0.572446 9.9973E-05 0.128219 0.259825 0.0392106 9.9973E-05 9.9973E-05
0.226534 0.138642 9.9982E-05 0.500005 9.9982E-05 0.0686061 0.0660141
0.192374 0.00522806 0.0311258 0.715428 9.9991E-05 0.0125495 0.0431936
0.0804334 0.0311526 0.216139 0.574318 9.9982E-05 9.9982E-05 0.097757
0.0609519 0.113136 0.0350097 0.617322 0.0437943 0.0141789 0.115607
0.66184 0.180823 9.9973E-05 0.146355 9.9973E-05 9.9973E-05 0.0106825
9.9982E-05 0.0274751 0.240018 0.68289 0.00852321 9.9982E-05 0.0408934
0.282015 0.0107053 0.00406283 0.546682 0.0231255 0.0530883 0.0803204
0.0562211 0.0444865 0.117265 0.645166 0.0120209 0.00820864 0.116632
0.599116 9.9973E-05 0.0254082 0.294535 0.0806405 9.9973E-05 9.9973E-05
0.232074 0.0324995 9.9973E-05 0.617923 9.9973E-05 9.9973E-05 0.117203
0.162424 0.024015 0.0382525 0.59701 0.00241921 0.0341511 0.141729
0.669084 9.9964E-05 0.306797 9.9964E-05 0.0237194 9.9964E-05 9.9964E-05
0.0675735 0.599377 0.0836028 0.200247 0.0489992 9.9982E-05 9.9982E-05
0.107636 0.278923 0.26277 0.173245 0.13281 0.044517 9.9991E-05
9.9991E-05 0.125891 0.0463598 0.579869 0.105986 0.0553561 0.0864394
9.9991E-05 0.0809759 0.0869494 0.619394 0.109618 0.0503945 0.0525684
0.0380484 0.0710687 0.070659 0.587888 0.0905334 0.0693718 0.0724308
0.0977263 0.470994 0.100592 0.224764 9.9982E-05 9.9982E-05 0.105723
0.0613031 0.316306 9.9982E-05 0.606113 0.0063303 9.9982E-05 0.00974765
0.101328 0.153664 0.0529236 0.595325 9.9991E-05 0.0599247 0.0367353
0.0453989 0.274057 0.0806868 0.406732 0.0647279 0.0341107 0.0942873
0.104987 0.459401 0.144124 0.13429 9.9991E-05 0.0251249 0.131974
0.127076 0.149075 0.0584316 0.546142 0.0171869 0.0126567 0.0894315
0.0233355 0.253644 0.00876744 0.490305 0.114617 0.0397522 0.0695785
0.126416 0.597476 0.118968 0.108296 9.9982E-05 9.9982E-05 0.0486442
0.0982727 0.395294 0.0126447 0.442091 0.0514973 9.9982E-05 9.9982E-05
0.0806244 0.126826 0.0339134 0.543194 0.130964 0.0401936 0.0442849
0.0508929 0.146563 0.0685036 0.639916 0.0239022 9.9991E-05 0.0701222
0.126206 0.399893 0.0849795 0.262732 9.9991E-05 0.0705343 0.0555556
0.103695 0.195988 0.0573287 0.508463 0.0264038 0.0503786 0.0577436
0.049633 0.198103 0.0347549 0.552677 0.0852252 0.0373061 0.0423004
0.120973 0.513562 0.0981684 0.249723 9.9982E-05 9.9982E-05 0.0173741
0.47192 0.00651575 9.9973E-05 0.496455 9.9973E-05 9.9973E-05 0.0248094
0.748391 0.0538972 9.9973E-05 0.187204 9.9973E-05 9.9973E-05 0.0102073
0.226459 0.0545974 0.0236089 0.534618 0.00394872 0.00675721 0.150011
0.8805 9.9964E-05 0.0790312 9.9964E-05 0.0400691 9.9964E-05 9.9964E-05
0.848525 9.9964E-05 0.109742 9.9964E-05 0.0413334 9.9964E-05 9.9964E-05
0.705198 9.9973E-05 0.0333562 0.216207 0.0449395 9.9973E-05 9.9973E-05
0.436859 0.0366296 9.9973E-05 0.462356 9.9973E-05 9.9973E-05 0.0638555
0.119675 0.051891 0.0433395 0.538786 0.0529588 0.0632371 0.130113
0.482349 9.9964E-05 9.9964E-05 0.475731 9.9964E-05 0.0415201 9.9964E-05
0.625255 0.169742 9.9973E-05 0.181194 9.9973E-05 9.9973E-05 0.0235093
0.562382 0.174298 9.9973E-05 0.246518 9.9973E-05 9.9973E-05 0.0165014
0.320519 0.0421952 0.015297 0.489542 0.00117842 0.0414634 0.089805
0.581781 0.0451732 9.9982E-05 0.31493 9.9982E-05 0.00565335 0.0522629
0.446409 0.0891742 9.9982E-05 0.446656 9.9982E-05 0.00981323 0.00774811
0.457693 9.9973E-05 0.0362622 0.441288 0.0644571 9.9973E-05 9.9973E-05
0.678172 9.9964E-05 0.208917 9.9964E-05 0.112512 9.9964E-05 9.9964E-05
0.229726 0.0156563 0.0311105 0.658154 0.0206564 0.00715602 0.0375409
9.9973E-05 0.0721596 9.9973E-05 0.0703998 9.9973E-05 0.00150909 0.855632
9.9955E-05 9.9955E-05 9.9955E-05 0.0706792 9.9955E-05 9.9955E-05 0.928821
9.9964E-05 9.9964E-05 9.9964E-05 0.0987291 9.9964E-05 0.0516879 0.849183
9.9964E-05 9.9964E-05 9.9964E-05 0.0106867 9.9964E-05 0.0361561 0.952757
0.00296799 9.9973E-05 9.9973E-05 9.9973E-05 0.0142794 0.0417725 0.94068
9.9973E-05 9.9973E-05 9.9973E-05 0.0971304 0.0180224 0.0265619 0.857985
9.9955E-05 9.9955E-05 9.9955E-05 0.0709931 9.9955E-05 9.9955E-05 0.928507
0.200701 0.0853788 9.9991E-05 0.605867 0.0116824 0.00639989 0.0898706
0.172531 0.0409428 0.0161494 0.555922 0.0670019 0.0644839 0.0829695
0.676155 0.212186 9.9982E-05 0.0422336 0.019244 9.9982E-05 0.0499813
0.175652 0.0981222 0.0251182 0.553215 0.0497976 0.0301403 0.0679555
0.434386 0.117021 9.9973E-05 0.398897 9.9973E-05 9.9973E-05 0.049396
0.372445 0.0581134 9.9973E-05 0.502364 9.9973E-05 9.9973E-05 0.0667778
0.241423 9.9982E-05 0.0287562 0.580317 0.103117 9.9982E-05 0.0461859
0.354977 0.0145005 9.9991E-05 0.508956 0.0522398 0.0554449 0.0137819
0.724587 0.232506 9.9964E-05 9.9964E-05 9.9964E-05 9.9964E-05 0.042507
0.152392 0.0934461 9.9991E-05 0.508063 0.0865471 0.0256905 0.133762
0.0967771 0.0349419 0.0710011 0.723578 9.9982E-05 9.9982E-05 0.0735015
0.110613 0.0290097 0.0399346 0.622176 0.057833 9.9991E-05 0.140333
0.553366 0.0112572 0.114329 0.244843 0.0417511 0.0102054 0.0242481
0.38615 9.9964E-05 9.9964E-05 0.502354 0.111095 9.9964E-05 9.9964E-05
0.369975 0.152499 9.9973E-05 0.463754 9.9973E-05 9.9973E-05 0.0134721
0.556913 9.9973E-05 9.9973E-05 0.357276 0.0684314 0.0170796 9.9973E-05
0.374003 0.124535 9.9973E-05 0.45412 9.9973E-05 9.9973E-05 0.0470416
0.152675 0.120348 0.00335909 0.543246 0.0718812 0.0387696 0.0697212
9.9991E-05 0.351125 0.123984 0.315544 0.18047 0.0229154 0.00586048
0.0177965 0.345011 0.147712 0.45544 9.9982E-05 9.9982E-05 0.0338416
9.9991E-05 0.191613 0.0699458 0.552765 0.0485028 0.0473789 0.0896942
0.0367561 0.155359 0.0437827 0.584626 0.0731581 0.023848 0.0824702
0.0780991 0.336803 0.0442606 0.48926 9.9991E-05 0.0145094 0.036968
9.9991E-05 0.236519 0.0313299 0.592603 0.0737062 0.0464647 0.0192772
0.0181935 0.433145 0.00208536 0.496696 9.9991E-05 0.000465084 0.0493154
0.0146927 0.149613 0.167569 0.567202 0.0116057 0.0383924 0.0509251
0.0273857 0.217904 0.0211408 0.575904 0.0433135 0.0701747 0.0441771
0.00844476 0.280546 0.0431345 0.566212 0.0407388 9.9991E-05 0.0608243
0.0364766 0.29265 0.0247397 0.602597 9.9982E-05 9.9982E-05 0.0433373
9.9991E-05 0.139418 0.0228225 0.598859 0.1237 0.0477613 0.0673389
0.0125462 0.120775 0.0804846 0.627977 0.0137922 0.0190145 0.125411
0.0473861 0.151863 0.045831 0.613234 0.0851276 0.0564586 9.9991E-05
0.0277406 0.147111 0.0454067 0.516082 0.096488 0.0738499 0.0933223
0.00393421 0.178369 9.9991E-05 0.592361 0.144881 0.0523297 0.0280247
0.0677367 0.272059 0.143684 0.296756 0.10264 0.0660878 0.051036
0.0166491 0.184983 0.035631 0.612447 0.0723761 0.0471709 0.0307426
9.9991E-05 0.125338 0.0605394 0.674534 0.101292 0.0263942 0.011802
0.0978488 0.557355 0.0410556 0.271836 0.0146551 0.00578192 0.0114679
0.0784616 0.310429 0.211058 0.1639 0.218961 0.0170913 9.9991E-05
0.0629758 0.22879 0.0649296 0.533894 0.0338956 0.0303332 0.0451827
0.0906936 0.350016 0.244532 0.0703241 0.239151 0.00518268 9.9991E-05
0.0237232 0.55338 0.0118976 0.362583 0.0427445 9.9991E-05 0.00557215
0.0512661 0.419331 9.9982E-05 0.469571 0.0485339 0.0110982 9.9982E-05
0.0977844 0.469574 0.00745692 0.381891 0.0341548 9.9991E-05 0.00903831
0.0778042 0.470696 0.0287826 0.374289 0.0482284 9.9982E-05 9.9982E-05
0.0176488 0.2492 0.034285 0.606557 0.0248696 0.00403992 0.063399
0.0741927 0.156498 0.0700743 0.588703 9.9982E-05 9.9982E-05 0.110333
0.0518988 0.244935 9.9991E-05 0.577832 0.0309663 0.0717878 0.02248
0.0816172 0.35819 0.208494 0.197377 0.143 0.0112223 9.9991E-05
0.0928111 0.104688 0.0945059 0.448985 0.0386493 0.0786286 0.141733
9.9991E-05 0.0608032 0.244724 0.525873 0.105417 0.0159616 0.0471221
0.0917503 0.124316 0.596393 9.9982E-05 0.11575 9.9982E-05 0.0715901
0.0501197 0.0352315 0.145442 0.660107 9.9991E-05 0.0591254 0.0498741
0.131899 0.0683659 0.3123 0.306144 0.0897598 0.0182048 0.0733258
0.00544499 0.0612675 0.20268 0.511883 0.0714838 0.0483461 0.0988949
0.0421377 0.147894 0.493007 0.276468 0.0166039 9.9991E-05 0.0237901
0.0851068 0.144652 0.555439 0.0988105 0.104426 9.9991E-05 0.0114656
0.09691 0.0803814 0.304577 0.393891 0.083829 0.0199362 0.0204759
0.0982969 0.05954 0.173106 0.509423 0.0125482 0.0559992 0.091087
0.0341115 0.15119 0.189478 0.435764 0.0594444 0.0229428 0.107069
0.177616 0.131649 0.362273 0.0865151 0.161292 0.0762097 0.00444603
0.0578463 0.0949421 0.0939921 0.527426 0.0758448 0.0812438 0.0687045
0.105785 0.0701398 0.415556 0.312938 0.0953811 9.9982E-05 9.9982E-05
0.100359 0.0551483 0.304388 0.465119 0.0747847 9.9982E-05 9.9982E-05
0.0253613 0.117485 0.120807 0.577171 0.0337767 0.0219812 0.103418
9.9973E-05 9.9973E-05 0.285591 0.167768 9.9973E-05 0.220619 0.325722
9.9964E-05 9.9964E-05 0.435409 9.9964E-05 9.9964E-05 0.126646 0.437545
9.9964E-05 9.9964E-05 0.469513 9.9964E-05 9.9964E-05 0.110628 0.419459
9.9973E-05 9.9973E-05 0.331143 0.0927022 9.9973E-05 0.265686 0.310169
0.0326574 0.0242793 0.253185 0.649333 0.0403446 9.9982E-05 9.9982E-05
0.0229972 0.0634738 0.0896701 0.598457 0.0913876 0.035682 0.0983318
9.9964E-05 0.0221538 9.9964E-05 0.311655 9.9964E-05 0.665792 9.9964E-05
0.0162327 0.0599752 9.9991E-05 0.410819 0.0457377 0.447783 0.0193521
0.0148568 0.101032 9.9991E-05 0.369737 0.0305146 0.404518 0.0792423
0.0726758 0.0381975 0.445225 0.275789 0.166504 0.00150824 9.9991E-05
0.062644 0.0794412 0.167835 0.524222 0.0579329 0.0408745 0.0670501
0.0611175 0.0650954 0.535347 0.246874 0.0913661 9.9982E-05 9.9982E-05
9.9982E-05 0.025685 0.255172 0.600014 0.0823775 9.9982E-05 0.0365517
9.9973E-05 0.0713234 0.317744 0.514566 0.0960661 9.9973E-05 9.9973E-05
9.9964E-05 9.9964E-05 0.326547 0.627267 0.0457861 9.9964E-05 9.9964E-05
0.056948 0.0134001 0.623221 0.237576 0.0686547 9.9982E-05 9.9982E-05
0.0370468 9.9991E-05 0.166416 0.701181 0.0444287 0.00289456 0.0479323
0.0491973 0.0551016 0.20829 0.583002 0.0395428 0.0115304 0.053336
9.9955E-05 9.9955E-05 9.9955E-05 0.0292345 9.9955E-05 0.970266 9.9955E-05
9.9973E-05 0.00898598 9.9973E-05 0.0905989 0.00625674 0.893858 9.9973E-05
0.0444702 0.0423616 9.9991E-05 0.286845 0.0209086 0.546522 0.0587919
9.9964E-05 0.0155525 9.9964E-05 0.380233 9.9964E-05 0.603815 9.9964E-05
9.9964E-05 0.0261731 9.9964E-05 0.194041 9.9964E-05 0.779386 9.9964E-05
9.995E-05 9.995E-05 9.995E-05 9.995E-05 9.995E-05 0.9994 9.995E-05
9.9955E-05 0.0345262 9.9955E-05 9.9955E-05 9.9955E-05 0.964974 9.9955E-05
9.9955E-05 9.9955E-05 9.9955E-05 0.162999 9.9955E-05 0.836501 9.9955E-05
0.0138598 0.0508662 9.9964E-05 9.9964E-05 9.9964E-05 0.934874 9.9964E-05
9.995E-05 9.995E-05 9.995E-05 9.995E-05 9.995E-05 0.9994 9.995E-05
9.995E-05 9.995E-05 9.995E-05 9.995E-05 9.995E-05 0.9994 9.995E-05
9.9964E-05 0.011085 9.9964E-05 0.212323 9.9964E-05 0.776192 9.9964E-05
9.9973E-05 0.0459651 9.9973E-05 0.11219 9.9973E-05 0.80288 0.038665
9.995E-05 9.995E-05 9.995E-05 9.995E-05 9.995E-05 0.9994 9.995E-05
0.0016302 0.123787 0.0307373 0.389842 0.0013972 0.37822 0.0743866
9.9982E-05 0.0720688 9.9982E-05 0.266941 0.00194145 0.64087 0.0179788
9.9964E-05 9.9964E-05 9.9964E-05 0.171118 9.9964E-05 0.796068 0.032414
9.9964E-05 0.0176753 9.9964E-05 0.0733054 9.9964E-05 0.908619 9.9964E-05
9.995E-05 9.995E-05 9.995E-05 9.995E-05 9.995E-05 0.9994 9.995E-05
0.0126252 9.9964E-05 9.9964E-05 0.0312818 9.9964E-05 0.955693 9.9964E-05
9.995E-05 9.995E-05 9.995E-05 9.995E-05 9.995E-05 0.9994 9.995E-05
9.9982E-05 0.014464 9.9982E-05 0.292917 0.00730181 0.5995 0.0856172
0.0166443 0.0141242 9.9973E-05 9.9973E-05 9.9973E-05 0.957953 0.0109789
9.9973E-05 9.9973E-05 0.646069 9.9973E-05 0.0740037 0.0639446 0.215683
9.9982E-05 0.0315377 0.311072 0.390175 9.9982E-05 0.0826979 0.184317
9.9982E-05 9.9982E-05 0.317173 0.491627 0.0276424 0.0316308 0.131726
9.9982E-05 9.9982E-05 0.487764 0.223262 0.0177474 0.102909 0.168118
0.111835 0.102134 0.129222 0.401384 9.9991E-05 0.13546 0.119864
9.9982E-05 9.9982E-05 0.528423 0.155775 0.0247226 0.0938824 0.196997
9.9991E-05 0.073941 0.197098 0.442567 0.078172 0.0752774 0.132844
9.9973E-05 9.9973E-05 0.415436 0.331577 9.9973E-05 0.105371 0.147316
9.9973E-05 9.9973E-05 0.276297 0.479073 9.9973E-05 0.119556 0.124775
0.0245499 9.9991E-05 0.305905 0.379608 0.0171935 0.114744 0.157899
0.0442721 0.0686974 0.166438 0.43802 0.00318896 0.148588 0.130796
9.9973E-05 0.00442343 0.0289458 0.0504786 9.9973E-05 9.9973E-05 0.915852
0.000372712 9.9973E-05 9.9973E-05 9.9973E-05 0.0436914 0.0574081 0.898228
9.9964E-05 0.0371823 9.9964E-05 0.0193817 9.9964E-05 9.9964E-05 0.943036
0.000826467 9.9964E-05 0.0306456 9.9964E-05 9.9964E-05 9.9964E-05 0.968128
9.9973E-05 0.00411733 0.00523342 0.0592505 9.9973E-05 9.9973E-05 0.931099
9.9964E-05 9.9964E-05 9.9964E-05 9.9964E-05 0.0145846 0.0174038 0.967612
9.9964E-05 0.0029418 9.9964E-05 0.0742791 9.9964E-05 9.9964E-05 0.922379
9.9982E-05 0.0525297 0.00674346 0.00403651 0.00169572 9.9982E-05 0.934795
0.0269072 9.9982E-05 0.0311701 0.0221575 9.9982E-05 0.0202402 0.899325
9.9982E-05 0.0224789 0.0600443 0.0106926 9.9982E-05 0.0122835 0.894301
0.0470889 0.288247 0.0782361 9.9982E-05 9.9982E-05 0.000135486 0.586092
0.00726854 0.316125 0.0391335 9.9982E-05 0.0187137 9.9982E-05 0.61856
0.041486 0.338422 0.0855106 9.9973E-05 9.9973E-05 9.9973E-05 0.534282
0.0278088 0.411778 0.108903 9.9973E-05 9.9973E-05 9.9973E-05 0.45121
0.281464 0.174675 0.000179949 0.470051 9.9991E-05 0.00745276 0.0660774
0.299482 0.0829015 9.9991E-05 0.499655 0.0654301 0.0136873 0.0387445
0.177342 0.192517 9.9991E-05 0.560262 0.0385225 0.00442422 0.0268324
0.287673 0.279705 0.0283813 0.359952 9.9991E-05 0.0120045 0.0321844
0.111447 0.624299 0.0141723 0.203885 0.0376804 0.00841655 9.9991E-05
0.192958 0.050252 9.9991E-05 0.669113 0.049066 0.0163757 0.0221351
0.252597 0.121968 9.9982E-05 0.602442 0.0139619 0.00883088 9.9982E-05
0.261889 0.0779143 0.0571671 0.515011 0.05686 0.0149814 0.016178
0.512184 9.9982E-05 0.0122188 0.377266 0.0894071 0.00872467 9.9982E-05
0.115173 0.0854752 0.00163909 0.651942 0.0405155 0.01793 0.087325
0.48 0.0870774 9.9973E-05 0.432122 9.9973E-05 9.9973E-05 0.000501081
0.780259 9.9964E-05 0.0742964 9.9964E-05 0.145044 9.9964E-05 9.9964E-05
0.165599 0.174286 9.9991E-05 0.561108 0.0201713 0.0278306 0.0509059
0.645463 9.9973E-05 0.142332 0.146602 0.065303 9.9973E-05 9.9973E-05
0.356813 0.0374076 9.9991E-05 0.48167 0.0462271 0.0524386 0.0253442
0.662852 0.194669 9.9964E-05 0.14208 9.9964E-05 9.9964E-05 9.9964E-05
9.9973E-05 0.800637 0.0432646 0.0112847 9.9973E-05 9.9973E-05 0.144514
9.9982E-05 0.769373 0.0512785 0.0647433 0.013389 9.9982E-05 0.101016
0.0281931 0.807046 0.0413667 0.0189262 9.9982E-05 9.9982E-05 0.104268
9.9973E-05 0.801398 0.0610422 9.9973E-05 0.0186137 9.9973E-05 0.118646
9.9982E-05 0.773724 0.0252292 0.135809 0.000126589 9.9982E-05 0.0649109
9.9991E-05 0.761835 0.0425971 0.0923129 0.0163675 0.0292013 0.0575866
0.0566409 0.00234149 9.9982E-05 0.0160654 9.9982E-05 0.0537959 0.870956
0.043816 0.00410345 9.9991E-05 0.0915086 0.00902574 0.0197837 0.831662
0.0232899 9.9982E-05 9.9982E-05 0.124006 0.0279743 0.0498036 0.774727
0.0700858 0.0212842 9.9982E-05 0.004025 9.9982E-05 0.0874566 0.816948
0.00263807 9.9982E-05 0.0418661 0.132323 9.9982E-05 0.0399469 0.783026
0.0114612 0.534696 0.0510805 9.9973E-05 9.9973E-05 9.9973E-05 0.402462
9.9973E-05 0.502939 0.0372314 9.9973E-05 0.042565 9.9973E-05 0.416964
9.9982E-05 0.487379 9.9982E-05 0.0160427 0.0598363 0.0032894 0.433252
9.9973E-05 0.0140736 9.9973E-05 0.121155 0.00192297 9.9973E-05 0.862549
0.0153122 0.502336 0.0335038 9.9982E-05 0.0609281 9.9982E-05 0.38772
9.9982E-05 9.9982E-05 0.168484 0.274473 0.00761283 0.296718 0.252513
9.9991E-05 0.0477158 0.052631 0.510384 0.0328692 0.235388 0.120912
9.9964E-05 9.9964E-05 9.9964E-05 0.577143 9.9964E-05 0.223145 0.199312
9.9982E-05 9.9982E-05 0.114618 0.31587 0.0179026 0.261164 0.290245
0.0429762 0.076826 0.0404273 0.510317 0.028584 0.112654 0.188215
9.9973E-05 9.9973E-05 0.262439 9.9973E-05 0.000416022 0.310266 0.426578
0.0393284 0.400865 0.0605106 0.469917 0.0291792 9.9982E-05 9.9982E-05
0.0655612 0.203896 0.102611 0.470733 0.156999 9.9982E-05 9.9982E-05
0.0947879 0.495684 0.0638334 0.329374 0.00722365 9.9991E-05 0.00899755
0.0629864 0.154249 0.0815037 0.539239 0.161821 9.9982E-05 9.9982E-05
0.0826232 0.29901 0.297994 9.9973E-05 0.320073 9.9973E-05 9.9973E-05
0.0626145 0.11 0.025244 0.596324 0.0799741 0.0144809 0.111363
0.0266735 0.164952 0.089233 0.517078 0.159187 0.0125787 0.0302982
0.0638685 0.464616 0.0798501 0.371408 0.0114109 9.9991E-05 0.00874565
0.0898376 0.173898 0.0473614 0.544166 0.0206058 0.0457273 0.0784041
0.190416 0.298625 0.23544 0.137407 0.137913 9.9982E-05 9.9982E-05
0.0273414 0.130538 0.0830138 0.589053 0.130487 0.0107009 0.0288654
0.0832788 0.320507 9.9982E-05 0.496737 0.0823729 9.9982E-05 0.0169049
0.0511585 0.0871111 0.11177 0.432398 0.0959383 0.134495 0.0871278
0.102877 0.269745 0.127752 0.336421 0.148583 0.014522 9.9991E-05
0.074278 0.247387 0.117285 0.406801 0.123911 0.030239 9.9991E-05
0.0620499 0.157152 0.0852204 0.581837 0.105945 0.0076957 9.9991E-05
0.0470363 0.169623 0.0937938 0.587831 0.101516 9.9982E-05 9.9982E-05
0.0135575 0.105645 0.0639134 0.636412 0.0906902 0.0386962 0.0510858
0.0786992 0.190184 0.000835666 0.547243 0.0611281 0.0307854 0.0911243
0.0731277 0.190241 0.08898 0.573605 0.000729404 9.9991E-05 0.0732175
9.9964E-05 9.9964E-05 9.9964E-05 0.107097 9.9964E-05 0.0359971 0.856506
0.00542113 9.9973E-05 9.9973E-05 0.0947761 0.0103483 9.9973E-05 0.889154
0.00652381 0.0258224 0.0334306 0.0412611 0.0126742 9.9991E-05 0.880188
9.9982E-05 0.0197051 9.9982E-05 0.00251177 0.00381565 0.0670573 0.90671
9.9955E-05 9.9955E-05 9.9955E-05 0.0929194 9.9955E-05 9.9955E-05 0.906581
0.108802 0.598392 0.0982007 0.140215 9.9991E-05 0.0457418 0.00854958
0.0204691 0.179181 0.040795 0.538323 0.127889 0.0625189 0.0308238
9.9982E-05 0.0119314 0.144516 0.435178 9.9982E-05 0.195497 0.212678
0.0291108 0.230293 0.000217835 0.64039 0.0232471 0.0650677 0.0116738
0.073764 0.370502 0.0194869 0.528927 9.9991E-05 0.00279451 0.00442574
0.0260345 0.288026 0.210303 0.300291 0.167206 0.0080395 9.9991E-05
0.0999442 0.743639 0.0670868 0.0199907 9.9991E-05 0.00677433 0.0624648
0.0633995 0.345467 0.047686 0.500247 9.9982E-05 9.9982E-05 0.0430004
9.9991E-05 0.58364 0.0167223 0.261566 0.0525489 0.0327872 0.0526357
0.120927 0.184303 0.0905701 0.476667 0.0480059 0.0226224 0.0569046
9.9991E-05 0.648268 0.04562 0.176698 0.0629264 0.00451646 0.061871
9.9982E-05 0.254316 9.9982E-05 0.589236 0.0371755 0.0551948 0.0638773
0.0894635 0.601402 0.0629279 0.19358 0.00663027 0.0125355 0.0334604
0.108801 0.32314 0.152047 0.235898 0.0797366 0.100277 9.9991E-05
0.0131483 0.0549718 0.163232 0.592291 0.0811255 9.9991E-05 0.0951313
9.9973E-05 0.111828 0.511767 0.300251 0.075854 9.9973E-05 9.9973E-05
0.0262167 0.00906862 0.341465 0.540574 0.035096 0.00862058 0.0389595
0.0313278 0.0919574 0.218583 0.57123 9.9982E-05 9.9982E-05 0.086702
0.0984244 0.0570201 0.520138 0.25713 0.0670874 9.9982E-05 9.9982E-05
0.0482496 0.0283021 0.190877 0.58485 0.0616179 0.0275528 0.05855
0.0667285 0.0438844 0.277769 0.506308 0.0737065 9.9991E-05 0.0315035
0.108386 0.0249824 0.562382 0.133206 0.170843 9.9982E-05 9.9982E-05
0.081905 0.0186865 0.679748 0.201903 0.0175573 9.9982E-05 9.9982E-05
9.9973E-05 0.072194 0.419158 0.49332 0.0150281 9.9973E-05 9.9973E-05
0.162584 0.0612618 0.612874 0.0803992 0.0826803 9.9982E-05 9.9982E-05
0.0763926 0.0901853 0.387162 0.428016 0.0180447 9.9982E-05 9.9982E-05
0.0889343 0.697923 9.9991E-05 0.162232 0.0256707 0.0216184 0.00352146
0.0848138 0.386633 0.034782 0.152037 0.266976 0.0746585 9.9991E-05
0.0394594 0.436396 9.9991E-05 0.384271 0.0442042 0.0575278 0.0380415
0.0555449 0.276722 9.9991E-05 0.57545 0.0211991 0.0133651 0.0576187
0.117772 0.60729 9.9982E-05 0.224049 0.0329205 0.0177688 9.9982E-05
0.0632614 0.155828 0.0635098 0.562695 0.0615283 0.0326762 0.0605016
0.0437485 0.261836 0.00640461 0.602243 0.0157342 0.0465597 0.0234736
0.017713 0.266816 0.0881827 0.532491 0.0700889 0.0246087 9.9991E-05
0.0787474 0.297102 0.00632227 0.49148 0.0633149 0.0629339 9.9991E-05
0.0373135 0.421274 0.0110809 0.495884 0.00187174 0.0324753 9.9991E-05
0.107218 0.558952 9.9982E-05 0.26783 0.0231641 0.0426359 9.9982E-05
0.0310943 0.457116 9.9982E-05 0.459045 0.0368724 0.0156725 9.9982E-05
9.9982E-05 0.185896 0.0632621 0.61281 0.124197 0.0136356 9.9982E-05
0.0280229 0.155611 0.0590552 0.592506 0.0809314 0.0832973 0.000576618
0.102441 0.299305 0.0802827 0.315324 0.0637985 0.102322 0.0365264
0.046139 0.253491 0.025686 0.430962 0.124669 0.118954 9.9991E-05
0.044436 0.499581 0.0215432 0.348552 0.0100649 0.0757225 9.9991E-05
0.0947358 0.258945 0.00949147 0.532027 0.0375909 0.0471267 0.0200837
0.0681119 0.288553 9.9991E-05 0.417613 0.0928218 0.109217 0.0235827
0.050678 0.208393 0.0542767 0.538787 9.9991E-05 0.052015 0.09575
0.0240329 0.0406715 0.0167313 0.461991 9.9991E-05 0.124518 0.331955
0.00311069 0.0581269 0.0751115 0.533318 0.0589328 0.16365 0.10775
0.0329207 0.113335 0.0249646 0.419503 0.0841071 0.176318 0.148851
9.9991E-05 0.0719942 0.0670043 0.557364 0.0695389 0.0945406 0.139458
0.0295971 9.9991E-05 0.115211 0.414997 0.0258278 0.242754 0.171513
0.0130616 0.141023 0.138993 0.529098 0.177625 9.9982E-05 9.9982E-05
0.0952491 0.0286704 0.100324 0.502103 0.0310736 0.103335 0.139245
0.0283805 0.131919 0.365803 0.0235393 0.0701241 0.207027 0.173206
9.9991E-05 0.0800466 0.132272 0.548393 0.0229395 0.123173 0.093075
9.9991E-05 0.0505864 0.0142464 0.557818 0.0580246 0.149048 0.170177
0.0482776 0.0689005 0.0758596 0.529195 0.0225403 0.166352 0.0888755
0.0564366 0.0108122 0.214054 0.328445 0.127736 0.0847509 0.177765
0.0228698 0.0681205 0.0591968 0.48906 0.0215926 0.155801 0.183359
9.9991E-05 0.013603 0.0519249 0.503831 0.135691 0.15811 0.13674
9.9964E-05 9.9964E-05 0.412937 9.9964E-05 9.9964E-05 0.129735 0.456928
0.0316727 0.0729122 0.0356705 0.475532 0.0199168 0.191646 0.17265
0.000635114 9.9991E-05 0.0522954 0.539937 0.0720262 0.179091 0.155916
9.9991E-05 0.101994 0.0483003 0.569881 0.0743033 0.102181 0.103241
9.9982E-05 9.9982E-05 0.0730347 0.556671 0.0287921 0.18001 0.161292
0.0531203 0.0429219 0.0717785 0.532064 0.0188123 0.0825022 0.198801
0.088027 0.00420854 9.9991E-05 0.413965 0.453464 0.00823808 0.0319975
0.0538701 0.0683347 9.9991E-05 0.496538 0.253415 0.0841445 0.0435976
0.0313332 0.0671975 9.9964E-05 9.9964E-05 0.901069 9.9964E-05 9.9964E-05
9.9964E-05 0.0627528 0.00918795 9.9964E-05 0.927659 9.9964E-05 9.9964E-05
0.00775678 0.028282 9.9991E-05 0.483558 0.364725 0.00668229 0.108896
9.9982E-05 9.9982E-05 0.0949633 0.361956 0.117972 0.290771 0.134138
9.9982E-05 9.9982E-05 0.0327799 0.308477 0.219739 0.273164 0.16564
9.9982E-05 9.9982E-05 0.0636025 0.131749 0.312198 0.304626 0.187624
9.9982E-05 9.9982E-05 0.0589758 0.326053 0.215325 0.252689 0.146757
9.9982E-05 9.9982E-05 0.0632121 0.0310087 0.738694 0.053152 0.113734
9.9982E-05 9.9982E-05 0.0723115 0.120387 0.660276 0.0412849 0.105541
9.9982E-05 9.9982E-05 0.0288467 0.530791 0.366282 0.0714554 0.0024252
9.9973E-05 9.9973E-05 9.9973E-05 0.337263 0.499539 0.0882803 0.0746179
9.9973E-05 9.9973E-05 9.9973E-05 0.190833 0.693051 0.0420921 0.0737238
9.9982E-05 0.0444329 9.9982E-05 0.502427 0.320828 0.0563845 0.0757277
9.9973E-05 9.9973E-05 9.9973E-05 0.55053 0.327345 0.0706252 0.0511999
0.0775614 0.0473191 0.0573207 0.42116 0.21632 0.114161 0.0661572
0.0298605 0.00225432 9.9982E-05 0.34263 0.619971 9.9982E-05 0.00508362
9.9991E-05 0.0878277 0.0755454 0.362821 0.469626 0.00112907 0.00295135
0.00328415 0.0943762 0.0257379 0.528468 0.29803 0.00968565 0.0404187
0.0329693 0.0728307 0.0147258 0.461032 0.349828 0.0151419 0.0534727
0.0448447 9.9991E-05 0.0116898 0.519542 0.289495 0.0194288 0.1149
0.00742928 0.0463899 0.0644593 0.431398 0.450124 9.9982E-05 9.9982E-05
9.9973E-05 0.0373062 9.9973E-05 0.137298 0.799917 9.9973E-05 0.0251789
9.9973E-05 9.9973E-05 9.9973E-05 0.609995 0.362504 0.0116114 0.0155902
0.0142331 0.069892 9.9973E-05 0.123962 0.791613 9.9973E-05 9.9973E-05
9.9973E-05 0.000886586 9.9973E-05 0.361081 0.583081 9.9973E-05 0.0546519
0.00881782 0.0317209 0.0401213 0.504585 0.326795 9.9991E-05 0.0878603
0.0381125 0.0378261 9.9991E-05 0.479702 0.319457 0.0366375 0.0881656
0.040675 0.0436423 0.124409 0.426028 0.052467 0.179472 0.133306
0.0526672 0.0704854 0.103927 0.425473 0.0918814 0.113234 0.142332
9.9982E-05 9.9982E-05 0.18187 0.30803 0.0565013 0.266861 0.186539
0.000920574 9.9991E-05 0.129064 0.367703 0.110427 0.184721 0.207065
0.074076 9.9991E-05 0.0564151 0.484785 0.0633851 0.139918 0.18132
0.0666789 0.000210209 0.0555079 0.435866 0.145507 0.112347 0.183884
9.9973E-05 9.9973E-05 0.0744532 9.9973E-05 0.651098 0.0994223 0.174726
9.9982E-05 9.9982E-05 0.0250138 0.502409 0.174 0.196903 0.101475
9.9973E-05 9.9973E-05 0.220595 9.9973E-05 0.389788 0.0774609 0.311856
9.9973E-05 9.9973E-05 9.9973E-05 0.486595 0.325414 0.111787 0.0759041
9.9955E-05 9.9955E-05 9.9955E-05 0.0772865 0.922214 9.9955E-05 9.9955E-05
0.0441833 9.9955E-05 9.9955E-05 9.9955E-05 0.955317 9.9955E-05 9.9955E-05
9.9955E-05 9.9955E-05 9.9955E-05 0.434023 0.565477 9.9955E-05 9.9955E-05
9.9973E-05 9.9973E-05 9.9973E-05 0.544838 0.402269 0.0353573 0.0172352
9.9955E-05 9.9955E-05 9.9955E-05 0.364892 0.634609 9.9955E-05 9.9955E-05
9.9955E-05 9.9955E-05 9.9955E-05 0.529994 0.469506 9.9955E-05 9.9955E-05
9.9955E-05 9.9955E-05 9.9955E-05 0.49057 0.508931 9.9955E-05 9.9955E-05
9.9982E-05 0.0853932 9.9982E-05 0.0203907 0.00954546 0.0263789 0.858092
0.0105804 0.0555728 0.0732576 0.0367258 0.000439272 0.0746958 0.748728
9.9982E-05 0.0244435 0.0183443 9.9982E-05 0.0176201 0.0211428 0.918249
9.9964E-05 9.9964E-05 0.0260046 0.042055 9.9964E-05 9.9964E-05 0.931541
0.350466 9.9982E-05 0.0639344 0.511546 9.9982E-05 0.0198381 0.0540151
0.329878 0.0616497 0.0149815 0.538841 9.9982E-05 9.9982E-05 0.0544496
0.439685 0.0330333 9.9973E-05 0.511488 9.9973E-05 9.9973E-05 0.0154945
0.206901 0.0557344 0.04868 0.597475 9.9982E-05 9.9982E-05 0.0910097
0.0890535 0.0496648 0.114546 0.613893 0.0143911 9.9991E-05 0.118352
0.563194 0.0953363 9.9973E-05 0.287409 9.9973E-05 9.9973E-05 0.0537611
0.285468 9.9973E-05 9.9973E-05 0.63911 0.0503902 9.9973E-05 0.0247321
0.605244 9.9973E-05 0.0776312 0.255749 0.0610753 9.9973E-05 9.9973E-05
9.9982E-05 0.0969798 0.0789119 0.38903 9.9982E-05 0.154347 0.280532
0.370341 9.9982E-05 0.0712573 0.426936 0.0850165 0.0462491 9.9982E-05
0.540571 0.0938664 9.9973E-05 0.352212 9.9973E-05 9.9973E-05 0.01305
0.382872 9.9991E-05 0.0513304 0.522936 0.0134776 0.0233349 0.00594963
0.477893 0.0968745 9.9991E-05 0.392044 0.00311449 0.00611341 0.0238605
0.388861 9.9973E-05 9.9973E-05 0.540685 0.0473774 0.0227763 9.9973E-05
0.30812 0.0596226 9.9982E-05 0.557021 0.026346 9.9982E-05 0.0486901
0.864692 9.9973E-05 0.0754882 0.0135159 0.0460044 9.9973E-05 9.9973E-05
0.530398 9.9973E-05 0.080919 0.320475 0.0679079 9.9973E-05 9.9973E-05
0.587487 9.9982E-05 0.0180095 0.33593 0.0307615 0.0276116 9.9982E-05
0.835866 9.9964E-05 0.105735 9.9964E-05 0.0579986 9.9964E-05 9.9964E-05
0.443893 0.0883197 9.9973E-05 0.390798 9.9973E-05 9.9973E-05 0.0766892
0.660614 9.9973E-05 0.244919 0.0541924 0.0399749 9.9973E-05 9.9973E-05
0.853369 9.9964E-05 0.129817 9.9964E-05 0.0164146 9.9964E-05 9.9964E-05
0.344599 9.9982E-05 9.9982E-05 0.532844 0.0522791 0.0293441 0.0407332
0.59717 0.184784 9.9982E-05 0.134347 9.9982E-05 0.0281391 0.055359
0.417752 0.0815655 9.9973E-05 0.498404 9.9973E-05 9.9973E-05 0.00197935
0.207496 0.0254749 0.064662 0.494949 0.0112372 0.0752166 0.120964
0.369639 0.0657219 9.9973E-05 0.527573 9.9973E-05 9.9973E-05 0.0367656
0.0712043 0.281067 0.16771 0.381481 0.0953709 0.00306632 9.9991E-05
0.360089 0.0296251 9.9982E-05 0.545999 9.9982E-05 0.0143221 0.0497647
0.372596 0.0908287 9.9973E-05 0.496168 9.9973E-05 9.9973E-05 0.0401074
0.599792 9.9973E-05 0.011605 0.306556 0.0817476 9.9973E-05 9.9973E-05
0.243234 0.0542261 9.9991E-05 0.515621 0.0546878 0.0203989 0.111732
9.9973E-05 0.27062 0.0410875 9.9973E-05 0.0174405 9.9973E-05 0.670552
0.0392809 0.167865 0.0319764 9.9973E-05 9.9973E-05 9.9973E-05 0.760578
9.9964E-05 0.139323 0.0253261 9.9964E-05 9.9964E-05 9.9964E-05 0.834951
9.9964E-05 0.127654 0.0481662 9.9964E-05 9.9964E-05 9.9964E-05 0.82378
0.0192181 0.178644 0.0614726 0.0105247 9.9982E-05 9.9982E-05 0.72994
0.673247 0.149229 9.9973E-05 0.117003 9.9973E-05 9.9973E-05 0.060222
0.684498 0.131309 9.9973E-05 0.145778 9.9973E-05 9.9973E-05 0.0381146
0.765598 9.9982E-05 0.0369873 0.137952 0.0239426 0.0353201 9.9982E-05
0.0958634 0.0487052 0.0758368 0.532787 0.0750557 0.0758979 0.095854
0.191373 0.0178264 0.0274349 0.492717 0.0701488 0.0974761 0.103024
0.616046 9.9991E-05 0.0699699 0.221401 0.0287609 0.062135 0.00158724
0.278125 9.9982E-05 0.043964 0.591196 0.0265543 0.0599605 9.9982E-05
0.422293 9.9991E-05 0.0637442 0.39538 0.0482299 0.0467518 0.0235013
0.333913 0.0883416 0.0080291 0.519663 0.0202179 9.9991E-05 0.0297353
0.264416 0.0486625 9.9991E-05 0.581823 0.00421713 0.036314 0.0644676
0.631656 0.154647 9.9964E-05 0.213296 9.9964E-05 9.9964E-05 9.9964E-05
0.592287 0.112212 9.9964E-05 0.295102 9.9964E-05 9.9964E-05 9.9964E-05
0.523889 0.135979 9.9973E-05 0.311464 9.9973E-05 9.9973E-05 0.0283681
9.9973E-05 0.00755451 0.273868 0.64268 9.9973E-05 9.9973E-05 0.0755979
0.50584 0.0763462 9.9973E-05 0.400401 9.9973E-05 9.9973E-05 0.0171128
0.46199 0.0783197 9.9982E-05 0.410187 9.9982E-05 0.0149231 0.0343804
0.0564873 0.0285107 0.0776801 0.361059 9.9991E-05 0.389223 0.0869402
0.0184519 9.9982E-05 0.0960023 0.305041 9.9982E-05 0.468498 0.111806
9.9991E-05 0.0172866 0.0365643 0.430565 0.0164236 0.428636 0.070424
9.9982E-05 9.9982E-05 0.0315012 0.289559 0.027338 0.483646 0.167757
9.9991E-05 0.0594256 0.0489278 0.463745 0.00736602 0.310184 0.110252
0.225997 9.9991E-05 0.191621 0.509935 0.0199264 0.00238455 0.0500361
9.9973E-05 0.000884342 0.112893 9.9973E-05 9.9973E-05 0.644754 0.241168
9.9991E-05 0.036008 0.0372084 0.297425 0.0120239 0.488992 0.128242
0.0470945 9.9991E-05 0.282871 0.402949 0.00600062 0.113495 0.147489
9.9973E-05 0.0587242 0.282806 0.553403 9.9973E-05 9.9973E-05 0.104767
9.9973E-05 0.0598555 0.289921 0.527553 9.9973E-05 9.9973E-05 0.12237
9.9973E-05 0.0596254 0.195159 0.610176 9.9973E-05 9.9973E-05 0.13474
0.0307875 0.0487712 0.150827 0.63761 9.9991E-05 0.00506541 0.12684
9.9964E-05 9.9964E-05 9.9964E-05 0.340013 9.9964E-05 0.467092 0.192495
9.9991E-05 0.0413858 0.0336031 0.393901 0.0356119 0.365506 0.129893
9.9973E-05 9.9973E-05 0.0278934 0.426533 9.9973E-05 0.474915 0.0703582
0.00350074 0.0587181 0.0185455 0.469291 0.053106 0.247014 0.149825
0.00364139 0.0278384 0.026401 0.255104 0.0252199 0.467141 0.194654
0.0146723 0.0166461 0.0359566 0.445023 0.0413381 0.31171 0.134653
0.0209052 0.0524874 0.0268307 0.234607 0.00300267 0.53471 0.127457
9.9991E-05 0.0685741 0.0946959 0.397827 0.0500209 0.296382 0.0924009
0.034727 0.00594513 0.358203 0.534779 9.9982E-05 9.9982E-05 0.0661455
0.0267171 9.9982E-05 0.0708837 0.411772 9.9982E-05 0.339496 0.150931
0.020613 9.9991E-05 0.029124 0.138561 0.0122256 0.57307 0.226306
0.0888449 0.0297419 0.0213539 0.376061 0.0134567 0.349213 0.121329
0.0450612 0.118529 0.40102 0.317383 9.9982E-05 9.9982E-05 0.117806
9.9964E-05 9.9964E-05 0.316572 0.640855 9.9964E-05 9.9964E-05 0.0421725
9.9991E-05 0.0307332 0.054877 0.41887 0.0138365 0.334362 0.147221
9.9973E-05 0.0703419 0.253258 0.57492 9.9973E-05 9.9973E-05 0.10118
9.9973E-05 0.0749852 0.265076 0.543823 9.9973E-05 9.9973E-05 0.115815
0.0579313 9.9991E-05 0.134275 0.338317 0.0694026 0.211928 0.188046
9.9982E-05 9.9982E-05 0.131116 0.381729 0.0518453 0.248176 0.186934
0.0893075 0.0367273 0.0755212 0.542878 0.0539443 0.0946238 0.106998
0.074794 0.00568969 0.0402221 0.440797 9.9991E-05 0.26205 0.176347
9.9982E-05 9.9982E-05 0.00179321 0.466983 0.00271289 0.405811 0.122501
9.9973E-05 9.9973E-05 0.0726851 0.143626 9.9973E-05 0.630452 0.152937
0.0302781 0.0615784 0.102462 0.643098 0.0602241 0.0254479 0.0769115
0.0512994 0.0185025 0.340353 0.473328 9.9982E-05 9.9982E-05 0.116317
9.9964E-05 9.9964E-05 0.784097 0.196607 9.9964E-05 9.9964E-05 0.0188952
0.0379739 0.063103 0.150785 0.574744 9.9991E-05 0.00963634 0.163657
0.00888601 0.156634 0.248361 0.391307 0.0847658 0.0714297 0.0386171
0.0422141 9.9991E-05 0.148105 0.443559 0.0165857 0.178415 0.171021
9.9991E-05 0.0714109 0.145507 0.517185 0.0430865 0.0825541 0.140157
9.9964E-05 9.9964E-05 0.581977 9.9964E-05 9.9964E-05 0.11944 0.298182
9.9964E-05 9.9964E-05 0.717849 9.9964E-05 9.9964E-05 0.0580571 0.223694
0.0276838 0.00310005 0.41329 0.331991 0.0351262 0.0445902 0.144219
9.9973E-05 9.9973E-05 0.507237 0.0551891 9.9973E-05 0.168389 0.268885
9.9964E-05 9.9964E-05 0.408796 9.9964E-05 9.9964E-05 0.194857 0.395947
0.0309599 9.9991E-05 0.251755 0.385318 0.069459 0.0857962 0.176612
9.9991E-05 0.0171502 0.260096 0.3665 0.0137897 0.166476 0.175888
9.9973E-05 9.9973E-05 0.454552 0.153719 9.9973E-05 0.131478 0.259951
9.9973E-05 9.9973E-05 0.590512 0.0954002 9.9973E-05 0.128157 0.185631
9.9982E-05 9.9982E-05 0.273499 0.512914 0.021778 0.10623 0.0853791
9.9973E-05 9.9973E-05 0.517407 0.18132 9.9973E-05 0.124222 0.176752
9.9964E-05 9.9964E-05 0.684654 9.9964E-05 9.9964E-05 0.0581909 0.256755
0.0902184 0.038437 0.0347601 0.48738 0.0982791 0.12664 0.124285
9.9982E-05 0.0150292 0.289885 0.339499 9.9982E-05 0.185946 0.169441
0.0237479 9.9982E-05 0.0700536 0.450161 9.9982E-05 0.148526 0.307312
0.0122146 0.012428 9.9982E-05 0.598774 9.9982E-05 0.204993 0.171391
9.9982E-05 0.0314379 0.112871 0.550887 9.9982E-05 0.162566 0.142039
0.0103143 9.9991E-05 0.100563 0.475353 0.0246981 0.233843 0.155129
9.9982E-05 0.0527741 0.0822283 0.353781 9.9982E-05 0.167685 0.343331
9.9982E-05 0.0280667 0.0830146 0.515989 9.9982E-05 0.178264 0.194466
9.9973E-05 9.9973E-05 0.0823327 0.455095 9.9973E-05 0.215207 0.247066
9.9982E-05 9.9982E-05 0.185049 0.268085 0.0590483 0.242798 0.24482
0.268754 0.0923768 0.0292621 0.293695 0.00304128 0.124713 0.188158
0.0568937 0.0491684 0.112581 0.478291 9.9991E-05 0.0919819 0.210984
9.9991E-05 0.0671113 0.0461847 0.532654 0.0745143 0.14032 0.139116
0.0912988 0.0594427 0.0215368 0.581536 0.0356331 0.0944423 0.116111
9.9982E-05 0.0142273 0.0915837 0.408741 9.9982E-05 0.217437 0.26781
0.00997867 0.00123965 0.0435547 0.504021 0.0325271 0.157623 0.251056
9.9973E-05 9.9973E-05 0.310515 0.0343482 9.9973E-05 0.322721 0.332116
9.9991E-05 0.014508 0.0513278 0.569965 0.0286132 0.150437 0.185049
9.9982E-05 9.9982E-05 0.202217 0.160175 0.0339071 0.302621 0.30088
0.00254077 0.183036 9.9973E-05 9.9973E-05 9.9973E-05 0.0120168 0.802107
0.015512 0.782296 9.9991E-05 0.11865 0.0338071 0.00631665 0.0433177
9.995E-05 0.9994 9.995E-05 9.995E-05 9.995E-05 9.995E-05 9.995E-05
9.995E-05 0.9994 9.995E-05 9.995E-05 9.995E-05 9.995E-05 9.995E-05
9.9955E-05 0.980107 9.9955E-05 0.0193932 9.9955E-05 9.9955E-05 9.9955E-05
9.9973E-05 0.982856 9.9973E-05 0.000147166 9.9973E-05 0.01301 0.00368645
9.9955E-05 0.956733 9.9955E-05 0.0427676 9.9955E-05 9.9955E-05 9.9955E-05
9.995E-05 0.9994 9.995E-05 9.995E-05 9.995E-05 9.995E-05 9.995E-05
9.9955E-05 0.85012 9.9955E-05 9.9955E-05 9.9955E-05 9.9955E-05 0.14938
0.0476614 0.0429334 9.9973E-05 0.00992389 9.9973E-05 9.9973E-05 0.899181
9.9964E-05 0.128241 9.9964E-05 0.0729379 9.9964E-05 9.9964E-05 0.798421
0.0514964 0.0259103 0.0118806 0.0159929 0.01601 0.00238936 0.87632
9.9982E-05 0.0659706 0.00682588 0.0323148 0.0249025 9.9982E-05 0.869786
0.0106064 0.0835934 9.9982E-05 0.0249271 9.9982E-05 0.00853225 0.872141
0.0122405 0.0298529 9.9973E-05 0.0520102 9.9973E-05 9.9973E-05 0.905596
9.9982E-05 9.9982E-05 0.0506928 0.160853 0.00460642 0.034497 0.74915
9.9964E-05 9.9964E-05 9.9964E-05 0.0961927 0.00643471 9.9964E-05 0.896973
9.9982E-05 0.074106 0.0468277 0.0965896 9.9982E-05 0.0599349 0.722342
9.9973E-05 9.9973E-05 9.9973E-05 0.0227012 0.00467334 0.0644096 0.907916
9.9955E-05 9.9955E-05 9.9955E-05 9.9955E-05 0.0276866 9.9955E-05 0.971814
0.00593159 0.0107039 9.9991E-05 0.0564375 0.00102787 0.0278837 0.897915
0.00850955 0.0119554 9.9964E-05 9.9964E-05 9.9964E-05 9.9964E-05 0.979135
9.9964E-05 9.9964E-05 9.9964E-05 0.0206904 0.0319137 9.9964E-05 0.946996
0.00594936 9.9973E-05 9.9973E-05 0.0949741 9.9973E-05 0.00611532 0.892661
9.9955E-05 9.9955E-05 9.9955E-05 0.0767661 9.9955E-05 9.9955E-05 0.922734
9.9964E-05 9.9964E-05 9.9964E-05 0.0698884 9.9964E-05 0.0544437 0.875268
9.9964E-05 9.9964E-05 9.9964E-05 0.11425 9.9964E-05 0.0287886 0.856562
9.9964E-05 9.9964E-05 9.9964E-05 0.10331 9.9964E-05 0.0793585 0.816932
0.00607074 0.143017 0.347637 0.422337 9.9982E-05 9.9982E-05 0.0807376
9.9964E-05 9.9964E-05 0.239897 0.698851 9.9964E-05 9.9964E-05 0.060853
0.0440474 0.0250879 0.158403 0.602682 0.0328608 0.00351217 0.133407
0.0844088 9.9973E-05 0.777587 0.120545 9.9973E-05 0.0171592 9.9973E-05
9.9973E-05 0.122412 0.3192 0.516351 9.9973E-05 9.9973E-05 0.0417364
9.9964E-05 9.9964E-05 0.8675 0.12371 9.9964E-05 9.9964E-05 0.00839011
9.9982E-05 9.9982E-05 0.225952 0.637452 0.0605292 0.00866984 0.0671975
0.0871776 0.0802904 0.321495 0.426948 9.9982E-05 9.9982E-05 0.0838891
9.9973E-05 0.0624963 0.310334 0.517794 9.9973E-05 9.9973E-05 0.109075
0.395731 0.046256 9.9973E-05 0.501638 9.9973E-05 9.9973E-05 0.0560748
0.0454927 0.0941965 0.302557 0.469676 9.9982E-05 9.9982E-05 0.0878784
0.0169079 0.00579768 0.197712 0.675366 0.0256822 0.0126289 0.0659053
9.9973E-05 0.0901615 0.3072 0.541671 9.9973E-05 9.9973E-05 0.0606684
0.134401 0.475355 0.13018 9.9982E-05 0.18567 0.0741943 9.9982E-05
0.00950844 0.0293051 0.905711 0.0290038 0.0262722 9.9982E-05 9.9982E-05
9.9973E-05 0.0127524 0.795618 0.173438 9.9973E-05 9.9973E-05 0.0178914
9.9982E-05 0.0402517 0.206115 0.63741 9.9982E-05 0.00814936 0.107874
9.9973E-05 9.9973E-05 0.469022 0.500326 9.9973E-05 0.0202207 0.0101312
