0.0346727 0.0225 0.916223 9.9982E-05 0.0264044 9.9982E-05
0.036829 0.00814766 0.899733 9.9982E-05 9.9982E-05 0.0550901
0.030657 0.0479456 0.801129 9.9991E-05 0.110617 0.00955147
0.0785682 0.0802256 0.78882 9.9982E-05 0.0521858 9.9982E-05
0.0295178 0.0320764 0.881349 9.9982E-05 0.0568569 9.9982E-05
0.0760329 0.103636 0.613751 0.122008 9.9991E-05 0.0844729
0.0617187 9.9982E-05 0.80671 0.0937071 9.9982E-05 0.0376642
0.108034 0.0417942 0.73863 0.0457561 0.0336722 0.0321136
0.0584687 9.9982E-05 0.833395 0.0367831 9.9982E-05 0.0711533
0.023264 0.0348068 0.69052 0.117593 0.133716 9.9991E-05
0.0871386 9.9982E-05 0.742372 0.117003 0.0532871 9.9982E-05
0.454098 0.0992959 9.9982E-05 9.9982E-05 0.245702 0.200704
0.299408 0.119233 0.0211868 9.9991E-05 0.489607 0.0704656
0.480738 0.10381 0.0110926 0.0819761 0.24137 0.0810136
0.355328 0.0938389 0.0145909 0.12918 0.378212 0.0288494
0.239918 0.101026 0.0816266 0.098499 0.3963 0.0826306
0.134554 0.144703 0.0787746 0.0100326 0.57152 0.0604168
0.19991 0.0856302 9.9991E-05 0.0585865 0.472778 0.182995
0.281118 0.0979626 0.140885 9.9991E-05 0.32366 0.156275
0.636095 0.0820921 0.0169198 0.183134 9.9991E-05 0.0816592
0.247392 0.0530413 0.03843 0.0824366 0.459589 0.119112
0.148318 0.0661765 0.0271287 0.225295 0.427624 0.105457
0.0909748 0.0226077 0.0510927 0.0516578 0.595568 0.188099
0.342341 0.14428 0.0206946 0.0452176 0.251261 0.196206
0.120764 0.0242763 0.0945388 0.0341696 0.632125 0.094126
0.224234 0.100252 0.0150324 9.9991E-05 0.506348 0.154033
0.486945 0.106136 0.000219045 9.9991E-05 0.202015 0.204584
0.355784 0.170482 0.0149299 0.0807452 0.211077 0.166982
0.416003 0.0910298 0.00763064 0.159407 0.203457 0.122474
9.9973E-05 0.0446162 0.845131 9.9973E-05 0.109953 9.9973E-05
9.9964E-05 9.9964E-05 0.844497 9.9964E-05 0.155103 9.9964E-05
9.9982E-05 0.0650501 0.770223 9.9982E-05 0.0873848 0.0771419
9.9982E-05 0.0771271 0.727539 9.9982E-05 0.131353 0.0637809
0.0880752 9.9991E-05 0.0552803 0.0783863 0.542712 0.235446
0.0298588 0.105112 0.105808 9.9991E-05 0.370839 0.388282
9.9982E-05 0.0132114 0.0500548 9.9982E-05 0.5608 0.375734
0.535621 0.0405853 0.110594 0.035548 0.182899 0.0947534
0.0660962 0.0501212 9.9991E-05 0.050906 0.311068 0.521709
0.128412 0.0351653 0.0827346 0.0238607 0.598273 0.131554
9.9991E-05 0.0371862 0.0271812 0.0150912 0.698007 0.222434
9.9991E-05 0.0339989 0.120285 0.161781 0.560845 0.12299
0.148466 9.9982E-05 0.0633949 0.128869 0.659071 9.9982E-05
0.0763288 0.0235391 0.0244659 0.0200916 0.141313 0.714262
9.9991E-05 0.0443467 0.0404537 0.252229 0.650164 0.0127067
0.00660925 0.000251343 0.0475855 0.0635405 0.585637 0.296377
0.0142458 0.0949773 0.0912423 0.032212 0.626879 0.140443
9.9973E-05 9.9973E-05 9.9973E-05 0.0317946 0.269825 0.698081
9.9991E-05 0.0356561 0.0434252 0.118424 0.593309 0.209086
0.0532994 0.0436723 0.115219 0.137889 0.505573 0.144347
9.9973E-05 9.9973E-05 0.078137 0.282927 9.9973E-05 0.638636
0.427579 9.9982E-05 9.9982E-05 0.175736 0.175266 0.221219
0.247939 0.0798111 9.9991E-05 0.425771 0.0464387 0.19994
0.241382 0.0531524 0.102275 0.0296994 0.573392 9.9991E-05
0.0300886 0.0791217 0.0956513 0.133112 0.585118 0.0769082
0.0835874 0.128244 0.0338751 0.177816 0.552166 0.0243118
0.308315 9.9991E-05 0.110574 0.191378 0.179283 0.21035
0.216397 0.0589347 9.9991E-05 0.0893952 0.568337 0.0668366
0.188475 0.120094 0.0156847 0.0871505 0.588496 9.9991E-05
0.188428 9.9991E-05 0.124755 0.165825 0.383014 0.137878
0.315312 0.0776466 0.174021 0.233222 0.0567564 0.143041
0.161208 0.0717477 0.100803 0.032337 0.438264 0.195641
0.356278 0.006012 0.0899619 0.00241811 0.516392 0.0289384
0.513152 9.9991E-05 0.0632721 0.166194 0.081815 0.175466
0.294982 0.0355956 9.9991E-05 0.0181039 0.530931 0.120288
0.0317976 0.022083 0.0367417 0.183791 0.620183 0.105404
0.121218 9.9991E-05 0.0825123 0.0895733 0.607256 0.0993409
0.226632 0.064169 0.020592 0.120735 0.299911 0.267961
0.180756 0.0854317 0.0261827 0.127077 0.45984 0.120713
0.312894 0.0203316 0.0373422 0.0780752 0.549419 0.00193851
0.353718 9.9991E-05 0.0299291 0.213484 0.2095 0.193268
0.0639946 9.9973E-05 9.9973E-05 9.9973E-05 0.552429 0.383276
0.087666 9.9982E-05 0.0151265 9.9982E-05 0.155259 0.741748
0.118005 0.0757566 0.0278891 0.0222872 0.457926 0.298136
9.9964E-05 9.9964E-05 9.9964E-05 0.160026 9.9964E-05 0.839574
9.9964E-05 9.9964E-05 9.9964E-05 0.129716 9.9964E-05 0.869884
9.9964E-05 9.9964E-05 9.9964E-05 9.9964E-05 0.305987 0.693613
0.0091542 9.9982E-05 0.0116623 9.9982E-05 0.409277 0.569706
0.0460504 0.0682796 0.127255 0.0384261 0.56158 0.158409
0.0787719 0.0629939 0.0346651 0.0207483 0.388402 0.414419
0.181973 0.0346943 0.0194782 9.9991E-05 0.118298 0.645456
0.212362 9.9982E-05 0.0170342 9.9982E-05 0.201329 0.569074
0.0335712 0.0470348 0.162591 0.028466 0.54453 0.183806
0.011219 0.0894588 0.0338399 0.0260924 0.239046 0.600343
0.00236054 0.00243717 0.0833681 0.000831807 0.394688 0.516315
9.9973E-05 9.9973E-05 9.9973E-05 0.00608868 0.412307 0.581304
0.028359 9.9982E-05 9.9982E-05 0.287916 0.014655 0.66887
0.20441 0.0675924 9.9982E-05 9.9982E-05 0.608233 0.119565
0.0460701 0.0123771 0.802262 9.9982E-05 0.139091 9.9982E-05
9.9964E-05 9.9964E-05 0.909378 9.9964E-05 0.0902226 9.9964E-05
0.037331 0.0389994 0.829508 9.9982E-05 0.0939619 9.9982E-05
9.9982E-05 0.0175658 0.900426 0.0461811 0.0356266 9.9982E-05
9.9973E-05 9.9973E-05 0.842358 0.0324061 0.124936 9.9973E-05
9.9982E-05 9.9982E-05 0.900786 0.0313562 0.0648591 0.00279913
9.9973E-05 9.9973E-05 0.910536 0.0330003 0.0561642 9.9973E-05
0.145215 0.142285 0.102299 9.9991E-05 0.366784 0.243317
0.0954595 0.00197707 0.124386 9.9991E-05 0.597706 0.180371
0.0909023 9.9991E-05 0.0669667 0.0162496 0.00281236 0.822969
0.0540516 0.0904054 0.0933593 0.0729044 0.550274 0.139005
0.0795818 9.9982E-05 0.0534044 9.9982E-05 0.465847 0.400966
9.9982E-05 0.0154404 0.0694809 9.9982E-05 0.589734 0.325145
9.9982E-05 9.9982E-05 0.0373733 0.0946786 0.570446 0.297302
9.9973E-05 0.0682765 9.9973E-05 9.9973E-05 0.424237 0.507187
0.178004 9.9973E-05 0.0457642 9.9973E-05 9.9973E-05 0.775932
0.0225573 0.0709548 0.185648 0.028085 0.554029 0.138726
0.0307028 9.9991E-05 0.0305115 0.052676 0.665627 0.220383
0.062669 0.126673 0.0384196 0.0780755 0.558442 0.135721
9.9991E-05 0.0038523 0.0127275 0.171215 0.362536 0.449569
9.9973E-05 9.9973E-05 0.0899821 9.9973E-05 0.548668 0.36105
0.0842935 9.9982E-05 9.9982E-05 0.0240733 0.475647 0.415786
9.9973E-05 0.0800023 9.9973E-05 9.9973E-05 0.27084 0.648858
0.0488115 9.9982E-05 0.0767935 9.9982E-05 0.461601 0.412594
0.0101057 9.9982E-05 0.169931 9.9982E-05 0.634651 0.185112
0.296847 0.0204002 0.074753 0.227703 0.284405 0.0958925
0.294357 0.0364552 0.0987367 0.139584 0.408179 0.0226879
0.194389 0.0597174 0.0460839 0.0445593 0.495366 0.159885
0.0721845 0.034901 0.0413958 0.0297757 0.647951 0.173792
0.338921 9.9982E-05 9.9982E-05 0.123195 0.520121 0.0175635
0.161477 0.0373823 0.0512106 0.106056 0.578023 0.0658513
0.399675 0.0375865 9.9991E-05 0.096939 0.442813 0.0228862
0.175623 9.9991E-05 0.0396891 0.110589 0.616773 0.057226
0.0819248 0.0382298 0.105545 0.177712 0.581077 0.0155114
0.173715 9.9991E-05 0.0894344 0.0478376 0.643497 0.0454161
0.37451 9.9973E-05 9.9973E-05 9.9973E-05 0.524853 0.100337
0.121573 0.0334254 0.0387472 0.147898 0.658257 9.9991E-05
0.107879 0.0197203 0.0940838 0.0651295 0.616515 0.0966725
0.231728 0.00563911 0.0129499 9.9991E-05 0.658891 0.0906921
0.167451 0.0756502 0.0529247 0.15797 0.545904 9.9991E-05
0.272058 0.151455 9.9991E-05 0.0271597 0.462859 0.0863678
0.272417 9.9982E-05 0.116138 0.202707 0.408538 9.9982E-05
0.146662 0.0483825 9.9991E-05 0.0580334 0.670227 0.0765946
0.126358 0.0916376 0.0182716 0.0978253 0.665807 9.9991E-05
0.404467 0.137201 9.9991E-05 0.110037 0.170026 0.17817
0.271781 0.011147 0.0171308 0.421596 0.207551 0.070794
0.247168 0.0541814 0.0262391 0.0435704 0.563342 0.0654991
0.309454 0.0195352 9.9991E-05 0.35284 0.109382 0.208688
0.385837 9.9991E-05 0.0314318 0.116465 0.32933 0.136836
0.336833 0.0197324 9.9982E-05 9.9982E-05 0.423598 0.219638
0.423989 9.9982E-05 0.000849109 9.9982E-05 0.358072 0.21689
0.423715 0.03411 9.9991E-05 0.119079 0.281264 0.141732
0.139901 0.0193625 0.057039 0.0803493 0.615569 0.087779
0.00958927 0.134766 0.10804 0.107386 0.527065 0.113154
0.213996 0.0476408 0.0847676 0.0112812 0.520815 0.121499
0.339666 0.0245366 9.9991E-05 0.288302 0.213723 0.133672
0.162911 0.0286885 0.120241 0.0278784 0.529224 0.131057
9.9991E-05 0.0158028 0.0675166 0.219706 0.528044 0.16883
0.14664 9.9991E-05 0.121406 0.612861 0.0186714 0.100323
0.0401859 9.9991E-05 0.11928 0.0720075 0.725301 0.0431252
0.0398078 9.9991E-05 0.0853907 0.317597 0.369784 0.18732
0.0969109 0.0958277 0.0851072 0.227045 0.469168 0.0259414
0.099842 9.9991E-05 0.107604 0.464229 0.228444 0.0997806
0.165906 9.9991E-05 0.0420044 0.528926 0.213765 0.0492991
0.105503 9.9991E-05 0.00224888 0.265594 0.507092 0.119462
0.153567 0.063776 0.0212334 0.184892 0.514062 0.0624691
0.178428 0.0241044 0.188373 0.168097 0.363733 0.0772646
0.142129 0.196447 0.0256556 0.386741 9.9991E-05 0.248927
0.111721 0.0942507 0.0959995 0.117994 0.426906 0.153129
0.121204 9.9982E-05 9.9982E-05 0.370576 0.400489 0.10753
0.18701 0.0181487 0.00867123 0.251103 0.464002 0.0710652
9.9991E-05 0.0357525 0.170184 0.138287 0.585374 0.0703023
0.0130617 0.231197 0.329976 0.249557 0.176109 9.9991E-05
9.9973E-05 0.129654 0.512041 0.358005 9.9973E-05 9.9973E-05
9.9973E-05 0.13612 0.434069 0.42951 9.9973E-05 9.9973E-05
0.0528864 0.363263 0.386798 0.1426 0.0543528 9.9991E-05
9.9973E-05 9.9973E-05 9.9973E-05 0.243312 0.648282 0.108106
0.00720466 0.00395689 0.105837 0.191869 0.618925 0.0722074
0.0199541 0.646753 9.9982E-05 9.9982E-05 0.325611 0.0074823
0.166294 0.449315 0.0271601 9.9991E-05 0.302025 0.0551053
0.0531748 0.453162 0.0882629 0.0215407 0.294508 0.0893523
9.9973E-05 9.9973E-05 9.9973E-05 0.513883 0.3602 0.125617
0.0465292 9.9991E-05 0.11176 0.205568 0.555121 0.0809223
9.9973E-05 9.9973E-05 9.9973E-05 0.677894 0.252951 0.0688556
0.0427617 9.9991E-05 0.0118744 0.240783 0.658438 0.0460437
0.0541585 9.9991E-05 0.00827605 0.374359 0.465145 0.0979621
0.038236 0.044251 0.0251471 0.294355 0.566337 0.0316739
0.0463179 9.9982E-05 9.9982E-05 0.617472 0.27073 0.0652798
0.0343949 0.0477218 0.0869857 0.100158 0.584589 0.146151
9.9991E-05 0.114995 0.0584683 0.21683 0.481313 0.128294
9.9964E-05 0.979284 9.9964E-05 9.9964E-05 9.9964E-05 0.0203157
0.0109033 0.891672 9.9982E-05 9.9982E-05 0.0855644 0.0116604
0.071935 0.565917 0.0289754 9.9982E-05 0.332972 9.9982E-05
9.9964E-05 0.639252 9.9964E-05 9.9964E-05 0.360348 9.9964E-05
9.9973E-05 0.787361 9.9973E-05 9.9973E-05 0.112382 0.0999575
9.996E-05 0.9995 9.996E-05 9.996E-05 9.996E-05 9.996E-05
9.9964E-05 0.969746 9.9964E-05 0.0298544 9.9964E-05 9.9964E-05
9.9973E-05 0.824608 9.9973E-05 0.00286142 0.172231 9.9973E-05
0.0190815 0.969572 9.9973E-05 9.9973E-05 0.011047 9.9973E-05
9.996E-05 0.9995 9.996E-05 9.996E-05 9.996E-05 9.996E-05
9.996E-05 0.9995 9.996E-05 9.996E-05 9.996E-05 9.996E-05
0.0538571 0.751557 9.9973E-05 9.9973E-05 0.194286 9.9973E-05
0.0368687 0.798943 0.0811585 9.9982E-05 0.0828297 9.9982E-05
0.0260052 0.94984 9.9973E-05 9.9973E-05 9.9973E-05 0.0238551
0.188875 0.425953 0.066682 9.9991E-05 0.289136 0.029255
0.0632594 0.61041 0.0535377 9.9991E-05 0.202529 0.070164
9.9991E-05 0.764412 0.0347488 0.0172359 0.168438 0.0150652
0.0293694 0.812676 0.0429184 9.9982E-05 0.114836 9.9982E-05
9.9964E-05 0.947413 9.9964E-05 9.9964E-05 0.0521873 9.9964E-05
9.9973E-05 0.878698 0.0678163 9.9973E-05 0.053186 9.9973E-05
9.996E-05 0.9995 9.996E-05 9.996E-05 9.996E-05 9.996E-05
9.9982E-05 0.621142 0.0660559 0.0502723 0.26233 9.9982E-05
9.9973E-05 0.906821 9.9973E-05 9.9973E-05 0.04291 0.0499691
9.9973E-05 0.0348933 0.354704 0.610102 9.9973E-05 9.9973E-05
0.0882896 0.0371232 0.177092 0.25791 0.439485 9.9991E-05
0.0372024 0.0345769 0.256974 0.153056 0.490587 0.0276039
9.9982E-05 0.0870468 0.21848 0.489649 0.204624 9.9982E-05
9.9991E-05 0.0629198 0.188864 0.149021 0.532326 0.0667701
9.9991E-05 0.0984755 0.216143 0.441796 0.203747 0.0397386
0.136731 0.139114 0.160773 0.187539 0.365413 0.0104308
9.9982E-05 0.175672 0.129201 0.375566 0.319361 9.9982E-05
9.9982E-05 0.145255 0.190684 0.1773 0.486562 9.9982E-05
9.9982E-05 0.14326 0.155731 0.288415 0.412394 9.9982E-05
0.0809934 0.102242 0.232208 0.0756342 0.432809 0.0761136
0.0942428 9.9982E-05 0.819345 0.0341526 0.0520593 9.9982E-05
0.0151951 0.0776839 0.892604 0.014317 9.9982E-05 9.9982E-05
0.0371435 9.9964E-05 0.962457 9.9964E-05 9.9964E-05 9.9964E-05
0.0307964 9.9982E-05 0.952672 0.00420954 0.0121217 9.9982E-05
0.0422228 0.018233 0.85995 0.0279149 0.0515788 9.9991E-05
9.9982E-05 0.0603521 0.89808 0.0388182 9.9982E-05 0.00254943
0.00503937 0.0896427 0.874547 9.9991E-05 0.0259025 0.00476819
0.0206706 9.9991E-05 0.872909 0.062642 0.035071 0.00860732
0.00422765 0.0203145 0.868443 0.0221572 0.0195725 0.0652856
0.0619431 0.0757946 0.852054 0.0100088 9.9982E-05 9.9982E-05
0.256562 9.9982E-05 0.560788 0.0321522 9.9982E-05 0.150298
0.309201 9.9973E-05 0.566563 9.9973E-05 9.9973E-05 0.123936
0.279346 9.9982E-05 0.502094 0.140901 9.9982E-05 0.0774588
0.275889 9.9982E-05 0.500919 0.0262789 9.9982E-05 0.196713
0.0677842 9.9982E-05 0.105186 9.9982E-05 0.53605 0.29078
0.0261093 0.0333557 9.9991E-05 0.00182104 0.499982 0.438632
0.129505 9.9982E-05 9.9982E-05 0.101179 0.593182 0.175933
0.303334 9.9991E-05 0.0221284 0.0605272 0.438396 0.175515
0.607909 0.00858957 9.9991E-05 0.0530305 0.212619 0.117752
0.0451463 0.030343 0.124617 0.0130237 0.637053 0.149818
0.0946429 9.9991E-05 0.000683608 0.0255954 0.609884 0.269094
0.12322 9.9982E-05 9.9982E-05 0.0363524 0.519361 0.320866
9.9982E-05 0.0461648 9.9982E-05 0.0299056 0.36481 0.55892
0.0656011 0.00528502 0.0795725 0.0233693 0.719212 0.106961
0.157925 9.9982E-05 0.0262756 9.9982E-05 0.426619 0.38898
0.105785 9.9973E-05 9.9973E-05 0.179145 9.9973E-05 0.71477
0.169992 9.9991E-05 0.0807723 0.021938 0.554452 0.172746
9.9982E-05 0.0197633 9.9982E-05 0.220818 0.234911 0.524308
9.9982E-05 0.00389635 0.0334572 9.9982E-05 0.508681 0.453766
0.21776 9.9982E-05 0.00942604 9.9982E-05 0.0672105 0.705404
0.689088 9.9982E-05 0.12418 0.136975 0.0495575 9.9982E-05
0.647373 9.9982E-05 0.0818447 0.206725 0.0638568 9.9982E-05
0.800699 9.9982E-05 0.0284141 0.158979 0.0117084 9.9982E-05
0.704047 9.9982E-05 0.113615 0.0679704 9.9982E-05 0.114167
0.768908 0.0231233 9.9982E-05 0.152744 0.0550251 9.9982E-05
0.715997 0.0446877 0.0493477 0.0947313 0.0951361 9.9991E-05
9.9982E-05 0.0259888 0.883604 9.9982E-05 0.0701486 0.0200587
0.0796536 0.0393653 0.82037 9.9982E-05 0.0604107 9.9982E-05
9.9982E-05 0.1224 0.743641 0.0247919 0.108968 9.9982E-05
0.12002 0.141599 0.738081 9.9973E-05 9.9973E-05 9.9973E-05
0.0359323 0.0473882 0.805815 9.9982E-05 0.110665 9.9982E-05
0.572745 9.9982E-05 0.37355 0.0435201 9.9982E-05 0.00998505
0.441827 9.9982E-05 0.456914 0.051807 9.9982E-05 0.0492516
0.513223 0.00763257 0.412888 9.9982E-05 9.9982E-05 0.0660562
0.0419591 0.0292733 0.815611 9.9982E-05 0.112957 9.9982E-05
0.49028 9.9982E-05 0.360709 0.0756789 9.9982E-05 0.0731321
9.9982E-05 0.387311 0.206121 0.147346 0.259022 9.9982E-05
0.071952 0.243011 0.141475 0.0385005 0.504961 9.9991E-05
9.9973E-05 0.217803 0.193141 9.9973E-05 0.588756 9.9973E-05
0.0177447 0.178828 0.229105 0.170632 0.351883 0.0518076
0.0555954 0.120902 0.144007 0.08541 0.535905 0.0581807
9.9973E-05 0.302181 0.448431 0.249088 9.9973E-05 9.9973E-05
0.389722 9.9982E-05 9.9982E-05 0.0541397 0.426478 0.129461
0.212911 0.00757965 9.9991E-05 0.237365 0.403844 0.138201
0.522574 9.9991E-05 0.121558 0.0429756 0.269703 0.0430897
0.156201 9.9982E-05 9.9982E-05 0.223986 0.471812 0.147801
0.200881 9.9973E-05 9.9973E-05 0.552827 9.9973E-05 0.245992
0.0720231 9.9982E-05 0.176891 0.133723 0.617163 9.9982E-05
0.179185 9.9982E-05 9.9982E-05 0.194309 0.559475 0.0668307
0.382103 9.9991E-05 0.00839663 0.101305 0.366449 0.141646
0.169951 0.0228015 0.165234 0.163427 0.478486 9.9991E-05
0.257936 9.9982E-05 9.9982E-05 0.332114 0.153562 0.256188
0.143409 9.9982E-05 9.9982E-05 0.290174 0.511483 0.0547343
0.201888 9.9982E-05 9.9982E-05 0.103441 0.612292 0.0821794
0.0977592 0.243688 0.0870254 0.0937865 0.335276 0.142464
0.29479 9.9982E-05 9.9982E-05 0.230516 0.425561 0.0489327
0.282554 0.0298627 0.0260712 0.0930205 0.440189 0.128304
0.131326 0.0960766 0.0050754 0.201304 0.470337 0.0958801
0.141059 9.9991E-05 0.0364274 0.0791167 0.53802 0.205277
0.119918 0.105144 9.9991E-05 0.0723311 0.576076 0.126431
0.080058 0.0841342 0.120636 9.9991E-05 0.543604 0.171468
0.151612 0.0418244 0.0895685 0.0507203 0.529919 0.136356
9.9982E-05 0.0784959 0.773678 9.9982E-05 0.146603 0.00102315
9.9982E-05 0.0620257 0.818596 9.9982E-05 0.0217127 0.0974654
0.0372019 9.9991E-05 0.771414 0.0749287 0.0917835 0.0245722
0.0294562 0.0280116 0.812044 9.9982E-05 9.9982E-05 0.130288
9.9973E-05 9.9973E-05 0.869372 9.9973E-05 0.120379 0.00994986
0.574742 0.0814746 9.9991E-05 0.0840826 0.199115 0.0604861
0.118116 0.0544856 0.0139244 0.217668 0.595707 9.9991E-05
0.0537894 0.106126 0.22278 0.116968 0.461618 0.0387184
0.193547 0.0712198 0.0156113 0.0619654 0.657556 9.9991E-05
0.231407 0.0028417 0.0558423 9.9991E-05 0.516807 0.193001
0.332187 0.0890341 9.9991E-05 0.285597 0.271058 0.0220242
0.564719 9.9982E-05 0.109373 0.187414 9.9982E-05 0.138294
0.32339 0.0795823 0.0228574 9.9991E-05 0.542038 0.0320318
0.514549 0.0853489 0.0434757 0.104598 0.167944 0.0840849
0.158974 0.0765956 0.0388199 0.130694 0.424507 0.170409
0.524662 9.9991E-05 0.114208 0.117171 0.157593 0.086266
0.15667 0.0642956 0.111047 0.0283666 0.594461 0.0451594
0.516865 9.9991E-05 0.0781119 0.11484 0.230635 0.0594486
0.254314 0.0691973 0.000724293 0.266982 0.408683 9.9991E-05
0.0191052 9.9991E-05 0.0597234 0.283127 0.461379 0.176565
0.0741434 9.9982E-05 9.9982E-05 0.555354 0.358668 0.0116347
0.0450874 9.9991E-05 0.0537571 0.310124 0.503723 0.0872087
0.0296297 0.0513815 0.130298 0.205524 0.526061 0.0571059
0.053078 9.9973E-05 9.9973E-05 0.509374 0.437248 9.9973E-05
0.037093 0.0384909 0.0773161 0.213855 0.462011 0.171234
0.0266484 9.9991E-05 0.0604562 0.278628 0.592681 0.0414861
0.0364549 9.9982E-05 9.9982E-05 0.721209 0.122863 0.119274
0.0110158 9.9982E-05 9.9982E-05 0.652766 0.269493 0.0665249
0.117828 0.00204358 0.00815047 0.363031 0.508847 9.9991E-05
0.101855 9.9982E-05 9.9982E-05 0.55779 0.173567 0.166589
0.0973228 9.9982E-05 9.9982E-05 0.296749 0.513483 0.0922449
0.538539 0.0414351 0.0042775 0.0244252 0.138262 0.253062
0.295943 9.9982E-05 9.9982E-05 0.25834 0.288634 0.156883
0.436125 0.0657744 0.0385689 0.0638869 0.346649 0.0489955
0.215391 0.113396 0.0377227 9.9991E-05 0.536686 0.0967034
0.488349 0.0154803 9.9991E-05 0.00346262 0.257105 0.235504
0.173831 0.0521538 0.0865396 0.0820537 0.515821 0.0896006
0.227761 0.0774858 0.018443 9.9991E-05 0.525249 0.150961
0.228078 0.0842893 9.9991E-05 0.0568212 0.495896 0.134816
0.260934 0.118513 0.00132809 0.0426626 0.517948 0.0586146
0.303241 0.0403972 0.0617158 9.9991E-05 0.45244 0.142107
0.543128 0.0764831 9.9982E-05 9.9982E-05 0.217839 0.16235
0.497908 0.0827683 9.9982E-05 9.9982E-05 0.343559 0.0755646
0.213808 0.0130258 9.9991E-05 0.107105 0.635577 0.030384
0.160825 0.00506877 0.0904005 0.00930658 0.681543 0.0528561
0.188344 0.0164968 0.0851048 0.187804 0.429212 0.0930385
0.167458 0.032421 9.9991E-05 0.128418 0.54437 0.127234
0.360158 0.0261899 0.0934541 0.0851773 0.424203 0.0108171
0.198073 0.079233 0.00784237 0.0501279 0.584083 0.0806404
0.299041 0.0786576 0.0177974 9.9991E-05 0.550182 0.0542217
0.0953977 0.107668 0.138577 0.0672778 0.483267 0.107812
9.9991E-05 0.075132 0.366529 0.0950486 0.459988 0.00320201
0.00449916 0.253971 0.099711 0.114804 0.403163 0.123852
0.0723492 0.125994 0.192662 0.086371 0.522524 9.9991E-05
0.125151 0.17275 0.0556209 0.152343 0.487503 0.00663214
9.9991E-05 0.239554 0.207231 0.00744481 0.426548 0.119122
0.197798 0.0815797 9.9991E-05 0.250037 0.409316 0.0611684
0.0864714 0.160104 0.128242 0.0112229 0.475548 0.138411
9.9991E-05 0.161456 0.249681 0.378312 0.0286494 0.181802
0.0887936 0.193049 0.112926 0.0189361 0.496107 0.0901888
0.0581041 0.122391 0.140392 0.0712507 0.594151 0.0137109
0.0689422 0.290566 0.00468731 0.0877929 0.468395 0.0796167
0.0873889 0.119047 0.196429 0.248039 0.28987 0.0592259
0.00521924 0.109716 0.227998 0.0209347 0.566277 0.0698553
9.9991E-05 0.228655 0.0826289 0.154278 0.489621 0.0447174
9.9982E-05 0.188849 0.455827 0.352488 9.9982E-05 0.00263614
9.9982E-05 0.15377 0.203739 0.0389861 0.603304 9.9982E-05
9.9982E-05 0.174173 0.158884 0.128348 0.538394 9.9982E-05
0.0507326 0.077645 0.0854268 0.0702367 0.595344 0.120614
9.9982E-05 0.132431 0.236734 0.108108 0.522527 9.9982E-05
0.0171517 0.170924 0.156442 0.175368 0.44318 0.0369346
0.02301 0.0921841 9.9991E-05 0.242062 0.4173 0.225344
0.0910185 0.0807777 0.0449075 0.211606 0.540312 0.031379
0.104014 9.9982E-05 9.9982E-05 0.557702 0.0653715 0.272713
0.136632 9.9982E-05 9.9982E-05 0.578018 0.00326904 0.28188
0.087501 0.0889807 0.0242167 0.222205 0.482619 0.094477
9.9982E-05 0.312995 0.0752497 0.202258 0.409297 9.9982E-05
9.9991E-05 0.323211 0.0868004 0.222989 0.332268 0.0346304
9.9982E-05 0.293575 0.213491 0.257479 0.235255 9.9982E-05
9.9982E-05 0.206599 0.176012 0.178734 0.438456 9.9982E-05
9.9982E-05 0.0559959 0.0427098 0.677465 0.223629 9.9982E-05
9.9991E-05 0.0392616 0.0948028 0.539618 0.301806 0.0244125
9.9991E-05 0.0910513 0.00730657 0.157674 0.631026 0.112842
9.9991E-05 0.121121 0.00742939 0.166414 0.490016 0.21492
0.00619223 0.0480355 0.0550393 0.483102 0.33246 0.0751709
0.0191173 0.0124646 0.115264 0.204373 0.611464 0.0373173
0.0567863 0.081063 9.9991E-05 0.237894 0.558231 0.0659252
0.0467142 0.117078 0.105594 0.172204 0.499817 0.0585928
0.0923794 9.9991E-05 0.0302819 0.296345 0.409798 0.171095
0.0630185 9.9982E-05 9.9982E-05 0.413874 0.37853 0.144378
0.023483 9.9982E-05 9.9982E-05 0.235036 0.658999 0.0822819
0.0791234 9.9982E-05 0.0308768 0.38875 0.501049 9.9982E-05
0.0887422 0.0479032 0.0482458 0.20607 0.435499 0.173539
0.0357912 9.9982E-05 9.9982E-05 0.369747 0.540845 0.053417
0.0759902 9.9982E-05 9.9982E-05 0.512033 0.282901 0.128875
9.9991E-05 0.0451758 0.0227257 0.235076 0.604176 0.0927462
0.0784095 9.9982E-05 9.9982E-05 0.525514 0.236993 0.158883
9.9973E-05 9.9973E-05 9.9973E-05 0.49996 0.46532 0.0344197
0.0490108 9.9991E-05 0.137815 0.138919 0.581667 0.0924877
0.0788625 9.9991E-05 0.0133507 0.257453 0.520838 0.129395
0.0524018 0.19488 0.101916 0.0620739 0.518185 0.0705433
0.0566613 0.0659338 0.202586 0.0949089 0.522114 0.0577958
0.0500863 0.228476 0.104089 0.203184 0.414065 9.9991E-05
0.0645986 0.196741 0.154625 0.218894 0.365041 9.9991E-05
0.0856774 0.153155 0.126108 0.0266999 0.60826 9.9991E-05
9.9991E-05 0.194818 0.13825 0.193471 0.416394 0.0569673
0.0438194 0.162289 0.134969 0.570356 9.9991E-05 0.0884665
0.177696 0.21946 0.019778 0.0246889 0.552493 0.00588401
9.9973E-05 0.157413 0.311835 0.530452 9.9973E-05 9.9973E-05
9.9991E-05 0.142348 0.0462864 0.203162 0.528585 0.079519
9.9973E-05 9.9973E-05 9.9973E-05 0.532161 0.130223 0.337316
0.0907519 9.9973E-05 9.9973E-05 0.557804 9.9973E-05 0.351144
0.0421033 9.9982E-05 9.9982E-05 0.277382 0.492192 0.188123
9.9973E-05 9.9973E-05 9.9973E-05 0.25857 0.701086 0.0400442
0.0793519 9.9982E-05 9.9982E-05 0.302857 0.445781 0.17181
0.0234121 0.0129674 9.9991E-05 0.201278 0.508098 0.254145
0.0555512 0.000300353 9.9991E-05 0.234299 0.616238 0.0935109
9.9991E-05 0.0396609 0.765035 0.0537134 0.0778343 0.0636563
0.157689 0.113982 0.708968 0.0088688 9.9991E-05 0.0103927
0.0686097 0.0833168 0.847774 9.9973E-05 9.9973E-05 9.9973E-05
9.9964E-05 9.9964E-05 0.939894 9.9964E-05 0.0597062 9.9964E-05
9.9973E-05 9.9973E-05 0.0774849 9.9973E-05 0.516502 0.405713
0.0317347 0.159535 0.00735539 9.9991E-05 0.323109 0.478166
0.0503027 0.00422222 0.00166849 9.9991E-05 0.450265 0.493442
0.0430638 9.9982E-05 0.104653 9.9982E-05 0.618759 0.233325
0.136899 0.0368748 0.0853546 9.9991E-05 0.538781 0.201991
0.139333 9.9991E-05 0.00382981 0.0539873 0.21236 0.59039
0.000861174 0.0231531 9.9982E-05 9.9982E-05 0.566585 0.409201
9.9973E-05 9.9973E-05 9.9973E-05 0.185615 0.32353 0.490555
0.0360194 0.118802 0.221596 0.0730425 0.550441 9.9991E-05
0.0491657 0.0237509 9.9991E-05 0.114549 0.456386 0.356049
0.127125 9.9982E-05 9.9982E-05 0.00424909 0.295473 0.572953
0.0823286 0.0138083 0.00574845 9.9991E-05 0.514008 0.384006
0.0533524 9.9982E-05 0.0425291 9.9982E-05 0.422021 0.481897
9.9973E-05 9.9973E-05 9.9973E-05 0.0766885 0.586503 0.336509
9.9982E-05 0.0145282 0.117699 9.9982E-05 0.450307 0.417266
9.9964E-05 9.9964E-05 9.9964E-05 0.0948696 9.9964E-05 0.904731
0.00476258 9.9991E-05 0.0624799 0.0961731 0.243522 0.592962
0.107032 9.9991E-05 0.0304859 0.0103346 0.328682 0.523365
9.9964E-05 9.9964E-05 9.9964E-05 0.168703 9.9964E-05 0.830897
0.150597 9.9982E-05 0.0154281 9.9982E-05 0.450084 0.383691
0.0174849 0.0315108 9.9991E-05 0.282503 0.0906653 0.577736
9.9964E-05 9.9964E-05 9.9964E-05 0.302423 9.9964E-05 0.697177
9.9991E-05 0.0719238 0.0454143 0.012706 0.533089 0.336767
0.0905643 9.9991E-05 0.0373801 0.0196027 0.223595 0.628758
0.0800248 0.0863662 0.00215281 9.9991E-05 0.384223 0.447133
9.9991E-05 0.124855 0.136521 0.0328251 0.434795 0.270904
0.0916767 9.9973E-05 9.9973E-05 9.9973E-05 0.536144 0.371879
0.224124 0.0210751 9.9991E-05 0.3179 0.434865 0.00193526
0.113833 0.0138023 0.00986787 9.9991E-05 0.545036 0.317361
0.142431 9.9982E-05 0.0473535 9.9982E-05 0.495619 0.314397
9.9973E-05 9.9973E-05 9.9973E-05 0.0869261 0.307407 0.605367
0.0275107 0.103527 0.0547278 0.00481811 0.525474 0.283942
0.31973 9.9973E-05 0.627149 0.0528211 9.9973E-05 9.9973E-05
0.115478 9.9982E-05 0.746433 9.9982E-05 0.0305035 0.107386
0.16541 9.9982E-05 0.80203 0.0199898 9.9982E-05 0.0123706
0.160491 9.9982E-05 0.7795 0.0493694 9.9982E-05 0.0104397
0.213012 9.9982E-05 0.715386 0.0277275 0.0436744 9.9982E-05
0.1337 0.0196425 0.0580148 9.9991E-05 0.109013 0.67953
0.071782 9.9991E-05 0.0882675 0.0739991 0.15491 0.610941
9.9973E-05 9.9973E-05 9.9973E-05 0.0654117 0.111756 0.822533
0.0223223 0.104444 0.0494201 0.0596096 0.463092 0.301112
0.00646253 0.0479747 0.198987 9.9991E-05 0.550995 0.195481
9.9982E-05 9.9982E-05 0.0671172 0.0495286 0.232067 0.651087
9.9982E-05 0.129228 9.9982E-05 0.0178257 0.488661 0.364086
9.9991E-05 0.0464347 0.0571874 0.035423 0.316934 0.543921
0.0259017 0.0148282 0.00649667 0.141058 0.549111 0.262605
0.0233547 9.9982E-05 0.101921 9.9982E-05 0.63831 0.236214
0.0817574 0.0652055 9.9991E-05 0.000143722 0.184079 0.668715
0.00967912 9.9982E-05 0.00230672 9.9982E-05 0.346945 0.640869
0.133188 9.9973E-05 9.9973E-05 9.9973E-05 0.288023 0.578489
0.0676195 0.0753879 0.0777868 0.232871 0.506784 0.0395507
0.0373472 9.9982E-05 0.0518112 9.9982E-05 0.348436 0.562206
9.9982E-05 9.9982E-05 0.0432325 0.041567 0.440273 0.474728
0.0677586 0.454218 0.0844363 0.0460454 0.347442 9.9991E-05
9.9991E-05 0.444808 0.0657836 0.0374163 0.395547 0.0563452
0.0229199 0.377591 0.103499 0.0140383 0.481852 9.9991E-05
9.9982E-05 0.417044 0.158495 0.0434298 0.380831 9.9982E-05
9.9982E-05 0.230647 0.0919912 0.125277 0.551885 9.9982E-05
9.9982E-05 9.9982E-05 0.0507141 0.0923781 0.513601 0.343107
0.000797774 0.680078 0.217455 0.0377131 0.0638558 9.9991E-05
9.9991E-05 0.45266 0.158735 0.0673919 0.293301 0.0278122
9.9991E-05 0.0295319 0.182967 0.168956 0.56972 0.0487257
0.0264617 9.9982E-05 0.157607 0.201548 0.614183 9.9982E-05
0.0813208 0.034762 0.0681436 0.364965 0.422555 0.028254
0.108984 9.9991E-05 0.0870698 0.148882 0.62072 0.0342444
0.0827075 9.9991E-05 0.0933032 0.112811 0.629609 0.0814699
9.9973E-05 0.410126 0.23123 9.9973E-05 0.358344 9.9973E-05
0.109788 0.320872 0.0965592 9.9982E-05 0.47258 9.9982E-05
9.9982E-05 0.43576 0.0463463 0.0501639 0.46753 9.9982E-05
0.0543841 0.303468 0.127858 0.0302425 0.420239 0.0638087
0.0104554 0.455693 0.149935 0.0351872 0.348629 9.9991E-05
0.0217292 0.265127 0.171123 0.0537516 0.48037 0.00789892
9.9982E-05 0.522173 0.143026 0.00705553 0.327546 9.9982E-05
9.9982E-05 0.408585 0.113381 0.0603183 0.417516 9.9982E-05
9.9982E-05 9.9982E-05 0.0594805 0.300545 0.608639 0.031135
0.00563684 0.353992 0.132331 0.120248 0.387693 9.9991E-05
9.9991E-05 0.618928 0.147332 0.0335943 0.169032 0.0310133
0.0809914 0.355816 0.0558873 0.000568196 0.426524 0.080213
0.284544 9.9991E-05 0.177431 0.273723 0.224215 0.039987
0.0338637 0.108103 9.9982E-05 0.272364 0.58547 9.9982E-05
0.119865 0.236879 0.164965 0.0468158 0.343775 0.0877001
0.130769 0.0150997 0.140344 0.101573 0.612115 9.9991E-05
0.0656215 9.9991E-05 0.169827 0.133177 0.52723 0.104044
9.9991E-05 0.211087 0.250831 0.0675856 0.320057 0.150339
9.9991E-05 0.277272 0.17796 0.138638 0.359176 0.0468541
0.258455 0.185247 0.0384915 9.9982E-05 0.517607 9.9982E-05
9.9982E-05 0.387355 0.111104 9.9982E-05 0.381262 0.12008
9.9982E-05 0.430166 0.090379 9.9982E-05 0.379873 0.0993819
9.9982E-05 0.620296 0.177201 0.0675018 0.134801 9.9982E-05
0.0860857 0.0250963 0.116829 0.176743 0.595146 9.9991E-05
0.13251 9.9991E-05 0.0831208 0.204082 0.517517 0.0626699
0.0102212 0.039744 0.0765554 0.662984 0.210395 9.9991E-05
0.0116169 0.0803592 0.107002 0.158844 0.54334 0.098838
0.309215 9.9982E-05 0.110584 0.187654 0.392347 9.9982E-05
9.9991E-05 0.115105 0.160577 0.217015 0.504222 0.00298031
0.165867 0.140383 0.0763872 0.1999 0.36664 0.0508226
9.9973E-05 0.174035 0.258687 0.566979 9.9973E-05 9.9973E-05
9.9973E-05 0.0734873 0.295504 0.630709 9.9973E-05 9.9973E-05
9.9982E-05 0.11892 0.107797 0.442154 0.33093 9.9982E-05
9.9982E-05 0.22613 0.279111 0.458596 0.0359636 9.9982E-05
9.9973E-05 0.197601 0.407368 0.394732 9.9973E-05 9.9973E-05
9.9991E-05 0.0756153 0.110604 0.337289 0.395704 0.0806877
0.0417667 0.0997409 0.168187 0.208752 0.391198 0.0903558
0.0068397 0.129821 0.259223 0.350551 0.171994 0.0815709
9.9982E-05 0.139979 0.244031 0.491275 0.124515 9.9982E-05
0.0387168 0.129057 0.107926 0.187046 0.50176 0.0354941
0.020282 0.0984298 0.201305 0.461981 0.156963 0.0610386
9.9973E-05 0.049611 0.414821 0.535268 9.9973E-05 9.9973E-05
0.0715277 0.142834 0.120419 0.142157 0.522962 9.9991E-05
9.9982E-05 0.295673 0.139451 0.307959 0.256716 9.9982E-05
0.00877761 0.129987 0.372331 9.9991E-05 0.381933 0.106871
9.9991E-05 0.219866 0.189212 0.00126655 0.587295 0.00225986
9.9991E-05 0.234669 0.198928 0.054534 0.406472 0.105297
9.9991E-05 0.183844 0.182388 0.106784 0.457639 0.0692456
0.0282494 0.217703 0.351847 9.9982E-05 0.402001 9.9982E-05
0.0371539 0.137657 0.252755 0.0385703 0.533764 9.9991E-05
9.9982E-05 0.295394 0.239717 9.9982E-05 0.375566 0.0891231
9.9991E-05 0.212079 0.241341 0.189773 0.351112 0.00559461
0.129134 0.148164 0.135304 0.00778805 0.292536 0.287074
9.9991E-05 0.134751 0.125637 0.163496 0.532724 0.0432923
9.9982E-05 0.0760582 0.154658 0.136644 0.63244 9.9982E-05
0.0797038 0.112778 0.143686 0.0518383 0.565232 0.0467614
9.9982E-05 0.211454 0.332952 0.0772483 0.378146 9.9982E-05
9.9982E-05 0.129022 0.192687 9.9982E-05 0.612829 0.0652617
9.9991E-05 0.26044 0.314192 0.271125 0.114357 0.0397868
0.103007 0.143282 0.182582 0.00524939 0.56578 9.9991E-05
9.9982E-05 0.321917 0.232923 0.268428 0.176532 9.9982E-05
0.11465 0.00082353 0.764906 0.039322 9.9991E-05 0.080199
0.763711 0.0114051 0.0367444 9.9991E-05 0.161336 0.0267032
0.989059 9.9973E-05 0.00350698 0.00713457 9.9973E-05 9.9973E-05
0.963928 9.9964E-05 0.0356718 9.9964E-05 9.9964E-05 9.9964E-05
0.960535 9.9964E-05 9.9964E-05 9.9964E-05 0.0390653 9.9964E-05
0.922597 0.0770028 9.9964E-05 9.9964E-05 9.9964E-05 9.9964E-05
0.886246 9.9964E-05 9.9964E-05 9.9964E-05 0.113354 9.9964E-05
0.959266 9.9964E-05 0.0403339 9.9964E-05 9.9964E-05 9.9964E-05
0.769412 9.9973E-05 0.213561 9.9973E-05 0.0167262 9.9973E-05
0.0400634 0.0261675 0.905821 9.9982E-05 0.0277481 9.9982E-05
0.14771 0.00309485 0.809533 9.9982E-05 0.0394628 9.9982E-05
9.9991E-05 0.00391972 0.867261 0.0245203 0.0682441 0.0359547
0.0919801 9.9982E-05 0.833815 0.0271645 0.0468406 9.9982E-05
0.0367783 0.0780016 0.86695 9.9982E-05 9.9982E-05 0.0180698
0.0681189 0.00899727 0.879182 0.0282893 0.0153126 9.9991E-05
0.0632602 0.168068 0.711773 9.9991E-05 0.0506962 0.0061027
9.9991E-05 0.106082 0.822281 0.0301926 0.0363335 0.00501117
0.124266 0.0434085 0.721056 9.9991E-05 0.0826853 0.0284841
9.9973E-05 0.100373 0.898534 9.9973E-05 9.9973E-05 0.0007926
0.0376325 9.9973E-05 0.928595 9.9973E-05 9.9973E-05 0.0334721
0.0374392 0.0711987 0.83109 0.0101042 0.0278518 0.0223161
0.0678213 9.9964E-05 0.931779 9.9964E-05 9.9964E-05 9.9964E-05
9.9982E-05 0.00451153 0.89417 0.0166962 0.0844225 9.9982E-05
0.0146177 0.030774 0.849241 9.9991E-05 0.0879787 0.0172889
9.9964E-05 9.9964E-05 0.85126 9.9964E-05 0.14834 9.9964E-05
9.9973E-05 0.139081 0.786066 9.9973E-05 0.0745536 9.9973E-05
9.9973E-05 0.0652636 0.797859 9.9973E-05 0.136578 9.9973E-05
9.9973E-05 0.0607179 0.823568 9.9973E-05 0.115415 9.9973E-05
9.9982E-05 9.9982E-05 0.148386 0.318454 0.457366 0.0755941
9.9982E-05 9.9982E-05 0.0929129 0.112691 0.657115 0.137081
0.0740942 0.000981996 0.131364 0.0945911 0.524158 0.174811
0.0298626 9.9991E-05 0.00146653 0.767987 0.174395 0.0261894
0.130743 9.9982E-05 0.129848 0.172107 0.567102 9.9982E-05
9.9973E-05 9.9973E-05 0.136256 0.671779 0.191666 9.9973E-05
9.9982E-05 0.0120686 0.0866002 0.20352 0.697612 9.9982E-05
0.0903663 9.9991E-05 0.0854372 0.220028 0.457696 0.146373
0.100607 9.9991E-05 0.0469566 0.240068 0.609196 0.00307301
0.0602886 0.0285463 0.0196113 0.0296696 0.521201 0.340683
0.0469003 9.9991E-05 0.0642341 0.260052 0.530193 0.0985207
0.0673691 9.9973E-05 9.9973E-05 0.223034 0.709297 9.9973E-05
0.145807 9.9982E-05 0.0734436 0.217783 0.562767 9.9982E-05
0.447221 0.0115565 9.9991E-05 0.267306 0.115449 0.158368
0.0933915 9.9982E-05 0.000913239 0.891271 9.9982E-05 0.0142245
0.0483583 9.9982E-05 0.036189 0.705113 0.21014 9.9982E-05
0.0942836 9.9991E-05 0.0767012 0.200684 0.603407 0.0248245
9.9991E-05 0.00246254 0.0907233 0.237254 0.592382 0.0770779
0.00359158 9.9991E-05 0.0827592 0.264417 0.591887 0.0572448
9.9982E-05 9.9982E-05 0.13654 0.152155 0.624738 0.0863667
0.0472668 0.173756 0.229374 9.9991E-05 0.492 0.0575036
9.9991E-05 0.0968647 0.194086 0.0533685 0.629655 0.0259255
0.0831497 0.124636 0.38361 0.207902 0.167405 0.0332972
0.0641996 0.0241576 0.11763 0.0586807 0.662481 0.0728503
0.193926 0.158436 0.170107 0.0801404 0.377675 0.0197156
0.00495502 0.190398 0.405645 0.398802 9.9982E-05 9.9982E-05
9.9982E-05 0.200472 0.259833 0.235974 0.303521 9.9982E-05
0.0238402 0.173477 0.346954 0.0749053 0.289992 0.0908309
0.113417 0.0290184 0.32952 9.9991E-05 0.525183 0.00276263
0.0162362 0.194405 0.156673 0.0514775 0.451662 0.129547
0.0160328 0.156535 0.167973 0.103218 0.527354 0.0288871
0.0534648 0.076901 0.203194 0.0700801 0.596261 9.9991E-05
0.0529652 0.0962857 0.168762 0.203476 0.478411 9.9991E-05
0.0206478 0.120305 0.456797 0.010027 0.343394 0.048829
