9.9973E-05 9.9973E-05 9.9973E-05 0.0377443 0.0959282 0.866028
9.9982E-05 0.0270202 0.0207906 9.9982E-05 0.00549497 0.946494
0.0934828 9.9982E-05 9.9982E-05 0.0541586 0.0530373 0.799121
0.0111392 9.9982E-05 9.9982E-05 0.103632 0.131893 0.753136
0.048604 9.9982E-05 9.9982E-05 0.0267754 0.0349837 0.889437
9.999E-05 0.129927 0.0379435 0.0742832 0.163805 0.593941
9.9982E-05 0.0643517 0.0281919 9.9982E-05 0.0553055 0.851951
9.9991E-05 0.0500774 0.0584494 0.00205789 0.138168 0.751147
9.9982E-05 0.0195124 0.0415661 9.9982E-05 0.111292 0.827429
0.125605 9.9991E-05 0.0934019 0.0388466 0.0385063 0.70354
9.999E-05 0.0595072 0.0377583 0.00935909 0.129786 0.76349
0.229773 0.256803 9.9982E-05 0.0703517 0.442872 9.9982E-05
0.594243 9.9973E-05 9.9973E-05 0.046536 0.358921 9.9973E-05
0.225427 0.139222 0.0681646 0.106048 0.417728 0.0434096
0.275313 0.144724 9.9991E-05 0.162762 0.364631 0.0524706
0.310716 0.208619 0.0305076 0.133819 0.185775 0.130563
0.567688 0.126598 0.0313119 0.0757751 0.0872628 0.111364
0.405226 0.22762 0.0321939 0.114095 0.220765 9.9991E-05
0.377307 0.144625 9.9991E-05 0.0308266 0.290464 0.156678
0.0368216 0.119334 0.104879 0.0101131 0.662744 0.066108
0.383746 0.182814 0.111705 0.109452 0.212184 9.9991E-05
0.466547 0.0931021 0.209509 9.9991E-05 0.201769 0.0289719
0.546725 0.181551 0.0715436 0.0131658 0.133827 0.0531884
0.232693 0.25468 0.00126755 0.129978 0.381282 9.9991E-05
0.642909 0.0359444 0.0199275 0.0533827 0.137579 0.110257
0.464877 0.165132 9.9982E-05 0.128934 0.240857 9.9982E-05
0.0774174 0.296461 9.9991E-05 0.161929 0.447639 0.0164544
0.158571 0.169357 0.0596122 0.183182 0.412105 0.0171728
0.194573 0.172608 0.10371 0.0396025 0.489406 9.9991E-05
0.111096 9.9973E-05 9.9973E-05 0.0440896 9.9973E-05 0.844514
0.153955 9.9964E-05 9.9964E-05 9.9964E-05 9.9964E-05 0.845645
0.15006 0.0434365 9.9982E-05 0.0184024 9.9982E-05 0.787901
0.037634 0.0924313 0.0213869 0.131381 9.9991E-05 0.717067
0.556475 0.276219 9.9982E-05 9.9982E-05 0.146856 0.0202503
0.526427 0.232229 0.0682199 0.0408319 0.0498889 0.0824031
0.54686 0.43865 9.9973E-05 0.0141908 9.9973E-05 9.9973E-05
0.181654 0.0856428 9.9982E-05 9.9982E-05 0.632226 0.100278
0.354934 0.54233 0.0435987 0.00625199 0.000192514 0.0526934
0.587013 0.174011 0.0564518 0.0203691 0.141484 0.0206708
0.706655 0.143494 0.0398444 0.0521373 9.9991E-05 0.0577686
0.637613 0.143557 0.111272 9.9991E-05 0.0261279 0.08133
0.6688 0.0966966 0.0822345 0.00267825 0.0508932 0.0986978
0.0975561 0.702063 0.0125686 0.0451203 0.131824 0.0108677
0.696628 0.0442036 0.203964 0.0199345 0.0290847 0.00618465
0.509976 0.250661 0.0483552 0.119449 9.9991E-05 0.0714586
0.546907 0.14671 0.0767983 0.000689216 0.0908722 0.138023
0.291192 0.70582 0.00268863 9.9973E-05 9.9973E-05 9.9973E-05
0.555028 0.250084 0.0536179 0.0856494 0.0165699 0.0390506
0.598353 0.211925 0.0621751 0.0208092 0.00647656 0.100261
9.9973E-05 0.718357 0.199834 9.9973E-05 9.9973E-05 0.0815091
0.12621 0.374549 0.11926 0.0107323 0.369148 9.9991E-05
0.0750023 0.269795 0.414716 0.0226404 0.217746 9.9991E-05
0.559497 0.0992377 9.9991E-05 0.114767 0.174897 0.0515021
0.634817 0.0638039 0.0690791 9.9991E-05 0.116121 0.116079
0.501536 0.0987705 0.107796 0.0851787 0.127187 0.0795313
0.200203 0.260435 0.133149 9.9991E-05 0.296422 0.109692
0.627606 0.0284872 0.0624601 0.00707979 0.260659 0.0137084
0.562928 0.0185474 0.180332 0.0698941 0.115383 0.0529161
0.399648 0.243551 0.0264865 9.9991E-05 0.182679 0.147535
0.100851 0.158591 0.208251 0.0171896 0.320754 0.194364
0.48995 0.0911211 0.215093 0.0897953 0.0870597 0.0269813
0.422543 0.113689 0.0736509 0.0633476 0.26049 0.0662797
0.0353015 0.249643 0.154074 9.9991E-05 0.540064 0.0208173
0.521564 0.0653934 0.183266 9.9982E-05 0.229576 9.9982E-05
0.724464 0.00266226 0.20761 0.0197441 0.0454194 9.9991E-05
0.498571 0.152327 0.121402 0.108053 0.102747 0.0169007
0.308428 0.23673 0.0989841 0.0397214 0.280522 0.0356153
0.505336 0.134057 0.153936 0.0416105 0.158152 0.00690915
0.560695 0.164837 0.0359226 0.0410197 0.177261 0.0202644
0.233044 0.167201 0.12952 9.9991E-05 0.467431 0.00270358
0.509825 0.443596 9.9982E-05 9.9982E-05 0.0288067 0.0175714
0.170818 0.695854 9.9973E-05 9.9973E-05 0.133028 9.9973E-05
0.541554 0.234273 0.0714243 0.0874788 0.027269 0.0380011
9.9964E-05 0.889319 0.110281 9.9964E-05 9.9964E-05 9.9964E-05
9.9973E-05 0.832625 0.113741 9.9973E-05 0.0533344 9.9973E-05
0.275112 0.724489 9.9964E-05 9.9964E-05 9.9964E-05 9.9964E-05
0.460323 0.420352 9.9973E-05 9.9973E-05 0.119025 9.9973E-05
0.564055 0.123255 0.0954421 0.0351117 9.9991E-05 0.182036
0.422698 0.394258 0.0271823 0.0530769 0.0441201 0.058664
0.164974 0.655985 9.9991E-05 0.00330432 0.120494 0.0551433
0.301206 0.478528 9.9991E-05 0.0109214 0.204337 0.00490816
0.463364 0.257651 9.9991E-05 0.0499698 0.125593 0.103322
0.270204 0.649084 9.9991E-05 0.000986535 0.0325829 0.0470422
0.305447 0.531015 0.00842726 0.0637977 0.0431421 0.048171
0.358361 0.513876 0.127463 9.9973E-05 9.9973E-05 9.9973E-05
9.9991E-05 0.726902 0.223529 0.00771507 0.033042 0.00871177
0.525602 0.357599 9.9991E-05 0.037794 0.0767324 0.00217332
0.0869779 9.9982E-05 9.9982E-05 0.0148749 0.0619258 0.836021
0.0668802 9.9964E-05 9.9964E-05 9.9964E-05 9.9964E-05 0.93272
0.072824 9.9973E-05 9.9973E-05 0.0574593 9.9973E-05 0.869417
0.0562309 9.9982E-05 0.0334055 0.0114369 9.9982E-05 0.898727
0.0555544 0.0358231 0.0210139 0.0292164 9.9991E-05 0.858292
0.0701454 9.9973E-05 9.9973E-05 0.0261689 9.9973E-05 0.903386
0.0627697 9.9973E-05 0.00857272 9.9973E-05 9.9973E-05 0.928358
0.500357 0.341318 0.00301488 0.0532104 9.9991E-05 0.101999
0.507833 0.259756 0.0496336 0.132896 0.0497809 9.9991E-05
9.9982E-05 0.859046 0.0194556 9.9982E-05 0.0862814 0.0350169
0.565354 0.235482 0.0607362 0.0376753 0.0440994 0.056653
0.400039 0.459946 9.9991E-05 0.0529972 0.0801788 0.00673927
0.544051 0.37997 9.9982E-05 0.0337502 9.9982E-05 0.0420285
0.588923 0.273995 0.0149434 9.9991E-05 0.0716452 0.0503927
0.325764 0.518608 9.9982E-05 0.133082 9.9982E-05 0.0223458
9.9973E-05 0.747713 9.9973E-05 9.9973E-05 0.182069 0.0699185
0.485959 0.207653 9.9991E-05 0.0853641 0.076982 0.143942
0.537997 0.265389 0.0435853 0.0545634 0.00273062 0.0957349
0.578967 0.076629 0.00808194 0.124897 0.0976095 0.113816
0.319487 0.492357 0.113661 0.037054 9.9991E-05 0.0373402
0.462864 0.422659 0.0710979 0.0233409 9.9991E-05 0.0199381
0.474536 0.439986 9.9982E-05 9.9982E-05 0.0664997 0.0187792
0.271671 0.67105 9.9973E-05 0.0569793 9.9973E-05 9.9973E-05
0.446714 0.432741 9.9982E-05 9.9982E-05 0.019878 0.100467
0.536906 0.179547 9.9991E-05 0.0773598 0.0394663 0.166622
0.277118 0.119406 0.217319 0.024768 0.361288 9.9991E-05
0.414285 0.0391268 0.079699 0.067641 0.301873 0.0973752
0.542811 0.0667046 0.105185 0.00743364 0.17791 0.0999556
0.633461 0.105119 0.013958 0.0319726 0.0973018 0.118188
0.532433 0.157737 0.00404633 9.9991E-05 0.298759 0.00692506
0.578182 0.0218522 0.0689568 0.0916277 0.239281 9.9991E-05
0.50763 9.9982E-05 0.0772325 9.9982E-05 0.388915 0.0260225
0.523362 0.0955762 0.0608802 0.0236182 0.235814 0.0607496
0.619888 0.154602 0.0407147 0.0185076 0.100728 0.0655599
0.521128 0.173682 0.0723957 9.9991E-05 0.221663 0.0110312
0.521884 0.0641137 0.0900267 9.9982E-05 0.323775 9.9982E-05
0.645361 0.0223689 0.205443 0.0292804 0.0405461 0.0570003
0.601014 0.128232 0.103784 0.00871589 0.0773828 0.0808724
0.581544 0.107627 9.9982E-05 0.0498434 0.260785 9.9982E-05
0.59634 9.9991E-05 0.110934 0.064318 0.185708 0.0426003
0.535025 9.9982E-05 0.236308 0.0853105 0.143157 9.9982E-05
0.316557 9.9991E-05 0.223303 0.0630628 0.349245 0.0477325
0.542467 0.0765563 0.0773194 0.129221 0.112755 0.0616812
0.71787 9.9982E-05 0.165459 0.0335956 0.0828758 9.9982E-05
0.267377 0.222867 9.9982E-05 0.0932863 0.416269 9.9982E-05
0.203507 0.120699 0.336464 0.00439514 0.293018 0.0419167
0.457236 0.00324676 0.127798 0.123094 0.281635 0.00699071
0.08055 0.225009 0.300904 0.0402053 0.353231 9.9991E-05
0.331006 0.214871 0.0088828 9.9991E-05 0.382012 0.0631272
0.438582 0.173031 0.075893 9.9982E-05 0.312293 9.9982E-05
0.366476 0.238925 9.9982E-05 9.9982E-05 0.370176 0.0242225
0.341775 0.151851 0.0260588 0.0129379 0.467277 9.9991E-05
0.601344 0.0885732 0.16028 9.9991E-05 0.0271318 0.122572
0.601497 0.139934 0.0912935 0.0344507 0.00256494 0.13026
0.493115 0.16341 9.9991E-05 0.096374 0.137048 0.109954
0.134146 0.25483 0.248664 0.0340583 0.328201 9.9991E-05
0.504866 0.149229 0.130209 0.0289472 0.00518837 0.181561
0.48374 0.144318 0.25729 0.0474165 0.0259839 0.0412523
9.9982E-05 0.218757 0.516771 9.9982E-05 0.150315 0.113957
0.728492 0.0161624 0.182654 9.9982E-05 9.9982E-05 0.072491
0.386647 0.136841 0.303377 9.9991E-05 0.0877033 0.0853314
0.513686 0.0391766 0.276172 0.0534005 0.0562104 0.0613551
0.2311 0.0835788 0.451013 9.9991E-05 0.167458 0.0667499
0.211005 0.096346 0.542225 9.9991E-05 0.134258 0.0160666
0.443269 0.161887 0.256424 9.9991E-05 0.0998636 0.0384563
0.428036 0.0923952 0.142354 0.0952124 0.155959 0.0860431
0.389916 0.173929 0.165184 0.0335396 0.0616699 0.175761
9.9991E-05 0.285475 0.410569 0.168564 0.0865268 0.0487656
0.591947 0.045947 0.150463 0.0442579 0.0852437 0.082141
0.351079 0.277949 0.274718 9.9982E-05 0.0960547 9.9982E-05
0.493485 0.167774 0.224072 9.9982E-05 0.114468 9.9982E-05
0.592272 0.166689 0.122722 0.0137648 0.00350366 0.101049
0.148668 0.0146904 0.273365 0.240305 0.0199975 0.302973
9.9973E-05 9.9973E-05 0.430219 0.098411 9.9973E-05 0.47107
9.9973E-05 9.9973E-05 0.471971 0.109875 9.9973E-05 0.417854
0.0732954 9.9991E-05 0.19938 0.361329 0.0279809 0.337914
0.630084 0.0418692 0.327747 9.9973E-05 9.9973E-05 9.9973E-05
0.617157 9.9991E-05 0.170519 0.0350572 0.0773829 0.0997841
0.330643 9.9982E-05 9.9982E-05 0.622376 0.025503 0.0212785
0.382548 0.0459502 9.9991E-05 0.439957 0.110958 0.0204881
0.381177 0.0340397 0.0373331 0.454705 0.0709161 0.0218286
0.347092 0.189198 0.446695 9.9982E-05 0.0168148 9.9982E-05
0.47117 0.112482 0.244199 0.0620957 9.9991E-05 0.109953
0.226243 0.145335 0.61545 9.9982E-05 0.0127713 9.9982E-05
0.560818 0.172783 0.253712 9.9982E-05 9.9982E-05 0.0124878
0.417132 0.19123 0.303364 0.0244602 0.0390821 0.0247323
0.563645 0.0294023 0.318222 0.0351473 0.0406961 0.0128879
0.198505 0.172536 0.55971 9.9982E-05 0.0690495 9.9982E-05
0.624365 0.107929 0.125155 0.0411657 0.0465554 0.0548299
0.559071 0.0557459 0.242776 0.00676849 0.135539 9.9991E-05
9.9964E-05 0.0273465 9.9964E-05 0.972254 9.9964E-05 9.9964E-05
0.0481421 9.9982E-05 0.00687762 0.926751 0.0180294 9.9982E-05
0.120206 0.142726 0.0518971 0.64996 9.9991E-05 0.0351106
0.242794 9.9973E-05 9.9973E-05 0.715876 0.04103 9.9973E-05
0.0963816 9.9973E-05 9.9973E-05 0.817236 9.9973E-05 0.0860823
9.996E-05 9.996E-05 9.996E-05 0.9995 9.996E-05 9.996E-05
9.9982E-05 0.00366647 9.9982E-05 0.966834 0.0170582 0.0122414
0.165608 9.9964E-05 9.9964E-05 0.833992 9.9964E-05 9.9964E-05
0.00491323 9.9973E-05 9.9973E-05 0.981299 0.0134883 9.9973E-05
9.996E-05 9.996E-05 9.996E-05 0.9995 9.996E-05 9.996E-05
9.996E-05 9.996E-05 9.996E-05 0.9995 9.996E-05 9.996E-05
0.172707 9.9982E-05 9.9982E-05 0.714781 0.0185864 0.0937259
0.118861 9.9982E-05 9.9982E-05 0.774966 0.0539232 0.0520503
9.9973E-05 0.0133772 9.9973E-05 0.969084 0.0172392 9.9973E-05
0.37824 0.0058426 0.0800611 0.362104 0.173652 9.9991E-05
0.230437 0.0793504 0.00990583 0.616196 0.0114112 0.0526993
0.169381 9.9982E-05 0.0164892 0.781863 9.9982E-05 0.0320664
0.0822487 9.9973E-05 9.9973E-05 0.908307 0.00914397 9.9973E-05
9.996E-05 9.996E-05 9.996E-05 0.9995 9.996E-05 9.996E-05
0.0366445 9.9973E-05 0.0726944 0.890361 9.9973E-05 9.9973E-05
9.996E-05 9.996E-05 9.996E-05 0.9995 9.996E-05 9.996E-05
0.195181 0.0616845 9.9991E-05 0.660971 0.0666396 0.0154239
9.9973E-05 0.0564836 9.9973E-05 0.903365 9.9973E-05 0.0398519
9.9973E-05 9.9973E-05 0.665588 0.0758422 9.9973E-05 0.25827
0.413192 9.9991E-05 0.243388 0.0649059 0.148803 0.129611
0.393036 0.101063 0.151975 0.0951538 0.0369295 0.221843
0.19844 9.9991E-05 0.56679 0.0745488 0.00715197 0.152969
0.493255 0.102432 0.171336 0.147669 9.9991E-05 0.0852078
0.169078 0.126951 0.371768 0.0993797 9.9991E-05 0.232724
0.379731 0.093176 0.154472 0.0897782 0.0485772 0.234265
0.244791 0.0501514 0.378375 0.231607 9.9991E-05 0.0949756
0.495401 0.0179381 0.248606 0.121013 9.9991E-05 0.116941
0.375603 9.9982E-05 0.302135 0.129748 9.9982E-05 0.192314
0.541842 0.084122 0.119691 0.0120512 0.0164146 0.225879
0.054103 9.9982E-05 0.0742382 9.9982E-05 0.0639416 0.807517
9.9973E-05 9.9973E-05 0.0205851 0.0599689 9.9973E-05 0.919146
0.0264841 9.9973E-05 9.9973E-05 9.9973E-05 0.0230293 0.950187
0.00371897 9.9973E-05 9.9973E-05 9.9973E-05 0.0522059 0.943775
0.0416212 9.9982E-05 9.9982E-05 0.00428443 0.0704047 0.88349
9.9973E-05 0.0217321 9.9973E-05 0.104655 9.9973E-05 0.873313
9.9982E-05 0.0286969 9.9982E-05 0.0692037 0.0159767 0.885923
0.00292709 0.0231346 0.0753387 9.9982E-05 9.9982E-05 0.8984
9.9973E-05 0.0615238 9.9973E-05 0.0211133 9.9973E-05 0.917063
9.9982E-05 9.9982E-05 0.0302078 0.0793379 0.0141368 0.876118
9.9973E-05 0.132311 9.9973E-05 9.9973E-05 0.237511 0.629878
9.9982E-05 0.11542 9.9982E-05 0.00863833 0.312297 0.563444
9.9982E-05 0.0831197 0.0988791 9.9982E-05 0.279634 0.538167
9.9982E-05 0.176214 0.0191376 9.9982E-05 0.301943 0.502505
0.529251 0.323381 9.9982E-05 9.9982E-05 0.0772968 0.0698716
0.465225 0.320674 9.9991E-05 0.0689045 0.132164 0.0129326
0.532898 0.172988 0.0518054 0.0678426 0.174366 9.9991E-05
0.413562 0.232712 0.0032169 9.9991E-05 0.309989 0.0404196
0.184419 0.192146 0.0496786 9.9982E-05 0.573556 9.9982E-05
0.610627 0.220701 9.9991E-05 0.0765223 0.0356757 0.0563746
0.552608 0.336308 0.034208 0.00410182 0.0215547 0.0512196
0.430429 0.313817 0.0867854 0.0543001 0.114569 9.9991E-05
0.393585 0.562311 0.01682 0.0270847 9.9982E-05 9.9982E-05
0.660959 0.000403787 0.15917 9.9991E-05 0.170139 0.00922846
0.450314 0.34849 0.06061 9.9991E-05 0.101953 0.0385324
9.9973E-05 0.857576 0.0630108 9.9973E-05 0.079113 9.9973E-05
0.570567 0.214709 0.0336831 0.0268709 0.0966568 0.0575139
0.250825 0.486863 0.253873 9.9982E-05 9.9982E-05 0.00823943
0.499914 0.45495 0.0210618 0.0238741 9.9982E-05 9.9982E-05
0.0444128 0.732286 0.00700635 9.9991E-05 0.147895 0.0682993
0.00210691 9.9982E-05 0.173408 9.9982E-05 0.707685 0.1166
0.0651097 9.9982E-05 0.153233 9.9982E-05 0.695883 0.0855736
0.0141375 9.9973E-05 0.132116 9.9973E-05 0.853446 9.9973E-05
9.9982E-05 0.0917834 0.017322 9.9982E-05 0.758257 0.132437
0.0457468 9.9991E-05 0.162787 0.0283902 0.759944 0.00303123
0.135271 9.9982E-05 0.0536935 9.9982E-05 0.748239 0.0625961
0.0798445 0.0372337 9.9982E-05 0.00874544 9.9982E-05 0.873976
0.0637658 9.9982E-05 9.9982E-05 0.0267788 0.0771954 0.83206
0.166447 9.9973E-05 9.9973E-05 0.0628304 9.9973E-05 0.770422
9.9973E-05 9.9973E-05 9.9973E-05 0.15561 0.108269 0.735821
0.111226 9.9982E-05 9.9982E-05 0.0348271 0.0377754 0.815972
9.9982E-05 0.0316356 0.0266736 9.9982E-05 0.553232 0.388258
9.9982E-05 0.0309845 0.0811867 9.9982E-05 0.405205 0.482424
9.9982E-05 0.117137 0.0159048 9.9982E-05 0.416092 0.450666
0.132209 9.9982E-05 9.9982E-05 0.0126334 0.0274968 0.82746
9.9982E-05 0.102419 0.0328477 9.9982E-05 0.456645 0.407888
0.304868 0.00865026 0.254721 0.275738 9.9991E-05 0.155922
0.611829 0.0280281 0.0414602 0.190947 0.0476205 0.0801155
0.555935 0.00622456 9.9982E-05 0.234305 9.9982E-05 0.203336
0.273864 0.0699044 0.172465 0.240753 0.0200572 0.222958
0.39245 0.147589 0.00539761 0.250359 0.0758068 0.128397
9.9973E-05 9.9973E-05 0.292445 0.310784 9.9973E-05 0.396471
0.480234 0.106061 0.146238 9.9982E-05 0.267267 9.9982E-05
0.389835 0.216874 0.144473 9.9991E-05 0.225743 0.0229745
0.345323 0.0417846 9.9982E-05 9.9982E-05 0.550684 0.0620092
0.473047 0.215882 0.169285 9.9982E-05 0.141585 9.9982E-05
9.9973E-05 0.414776 0.425235 9.9973E-05 0.159689 9.9973E-05
0.572674 0.0800561 0.24089 0.0106529 0.0506263 0.0451014
0.473903 0.174253 0.151069 0.00776643 0.192909 9.9991E-05
0.297197 0.164358 0.0668822 9.9991E-05 0.42628 0.0451823
0.381661 0.158673 9.9991E-05 0.112664 0.219791 0.127112
0.131496 0.281536 0.31696 9.9982E-05 0.269809 9.9982E-05
0.479139 0.158188 0.207008 0.00152855 0.13277 0.0213663
0.528392 0.146645 0.0236906 0.0513783 0.223426 0.026468
0.347793 0.156069 0.0901911 0.228658 0.0473844 0.129904
0.470958 0.131855 0.142176 9.9982E-05 0.254811 9.9982E-05
0.496013 0.161999 0.0101577 0.0216397 0.275513 0.0346769
0.568934 0.0997814 0.138707 0.0636852 0.128792 9.9991E-05
0.554106 0.0881255 0.116272 9.9982E-05 0.241297 9.9982E-05
0.686884 0.143679 9.9991E-05 0.00338623 0.149866 0.0160843
0.529992 0.179521 0.0906671 0.0254384 0.0894211 0.0849597
0.534162 0.1031 9.9991E-05 0.0923882 0.214909 0.0553406
0.129206 9.9973E-05 9.9973E-05 0.0520167 9.9973E-05 0.818477
0.0132159 0.0775188 9.9982E-05 0.0752481 9.9982E-05 0.833817
0.0509087 9.9991E-05 0.0544031 0.00158755 0.0766172 0.816383
0.0469427 0.0509114 9.9991E-05 0.0402448 0.0406954 0.821106
0.122571 9.9982E-05 0.00664822 0.0231777 9.9982E-05 0.847403
0.135888 0.139772 0.0387548 0.0765923 0.608893 9.9991E-05
0.493585 0.250361 0.0679574 0.0521529 0.135844 9.9991E-05
0.419009 0.0849719 0.173183 0.153604 9.9991E-05 0.169131
0.631617 0.105314 0.0472959 0.0459765 0.162353 0.00744368
0.61616 0.0973085 9.9982E-05 9.9982E-05 0.239751 0.0465808
0.239839 0.0983051 0.242855 0.0733526 0.345549 9.9991E-05
0.00306801 0.130953 0.141255 9.9991E-05 0.579263 0.145362
0.517456 0.027469 0.019043 0.0683539 0.367578 9.9991E-05
0.175817 0.168405 0.0923044 0.0522653 0.459695 0.0515139
0.366262 0.193215 0.166409 0.116345 0.157669 9.9991E-05
0.0938058 0.127309 0.0955088 0.0236454 0.567213 0.0925179
0.591909 9.9982E-05 9.9982E-05 0.115924 0.248581 0.0433848
0.222462 0.134775 0.0269583 0.0120786 0.551347 0.0523794
0.335065 0.140734 0.19932 0.0904613 0.234321 9.9991E-05
0.422658 0.0672091 0.226021 0.0875792 0.160667 0.0358649
0.333721 9.9973E-05 0.521156 9.9973E-05 0.144822 9.9973E-05
0.57475 0.0736496 0.234392 0.00491296 0.0504043 0.0618912
0.569527 0.0813657 0.281129 0.00909103 9.9991E-05 0.0587876
0.352742 0.0699836 0.473503 9.9982E-05 0.103572 9.9982E-05
0.538632 0.105563 0.134574 0.0432703 0.0983154 0.0796454
0.630594 0.148379 0.220726 9.9973E-05 9.9973E-05 9.9973E-05
0.100667 0.154996 0.659526 9.9982E-05 0.0846116 9.9982E-05
0.285361 0.107432 0.606908 9.9973E-05 9.9973E-05 9.9973E-05
0.517324 0.0393518 0.354491 9.9982E-05 0.0886329 9.9982E-05
0.187281 0.165634 0.499194 9.9982E-05 0.147691 9.9982E-05
0.481511 0.0777836 0.313827 9.9982E-05 0.126679 9.9982E-05
0.133641 0.239101 9.9982E-05 0.0561872 0.570871 9.9982E-05
0.279321 0.193302 0.196912 9.9982E-05 0.330265 9.9982E-05
0.360896 0.140296 9.9991E-05 0.0940122 0.366865 0.0378306
0.711828 9.9982E-05 0.0992649 0.0261666 0.162541 9.9982E-05
0.210641 0.323749 9.9973E-05 9.9973E-05 0.46531 9.9973E-05
0.514827 0.0817715 0.138415 0.112588 0.114219 0.0381789
0.644671 0.0112381 0.0644085 0.083992 0.17435 0.0213399
0.482491 0.13235 9.9982E-05 0.111482 0.273477 9.9982E-05
0.464475 0.17687 9.9982E-05 0.0955627 0.262892 9.9982E-05
0.424997 0.201159 0.0205677 0.0166848 0.293874 0.0427183
0.261761 0.147749 9.9982E-05 0.0669959 0.523294 9.9982E-05
0.312244 0.122522 9.9982E-05 0.152919 0.412115 9.9982E-05
0.573438 0.0535984 0.0412988 0.0787942 0.25277 9.9991E-05
0.684586 0.102319 9.9991E-05 0.00535523 0.203264 0.00437604
0.45463 0.130681 0.177802 9.9982E-05 0.236687 9.9982E-05
0.474454 0.0464979 0.106506 0.0829762 0.286469 0.00309675
0.383549 9.9991E-05 0.0811862 0.0330762 0.439059 0.0630294
0.640033 0.167189 9.9991E-05 0.0231642 0.134468 0.035046
0.517458 0.127893 9.9982E-05 0.0852338 0.269215 9.9982E-05
0.506413 0.108088 0.0802891 0.0947686 0.156529 0.0539116
0.407674 0.0831865 9.9982E-05 0.0813872 9.9982E-05 0.427552
0.45621 0.0573491 0.159501 0.181947 9.9991E-05 0.144893
0.500977 0.0706834 9.9991E-05 0.183335 0.132859 0.112046
0.545202 0.074162 0.127867 0.109549 0.0570149 0.0862049
0.337741 0.16453 0.0201597 0.289238 9.9991E-05 0.188232
0.501083 0.0579844 0.217144 9.9982E-05 0.223589 9.9982E-05
0.551863 0.0158061 0.0706266 0.109972 0.0745213 0.177211
9.9982E-05 0.186042 0.449473 0.157962 9.9982E-05 0.206324
0.376652 0.204461 0.0748131 0.214415 0.0792296 0.0504293
0.528227 0.0698508 9.9991E-05 0.163264 0.0961803 0.142378
0.404824 0.0721484 0.0515824 0.29488 0.112069 0.0644965
0.314207 0.149134 0.137393 0.116416 0.089927 0.192923
0.623304 0.0409522 0.0355027 0.0927497 0.00745869 0.200032
0.563877 9.9982E-05 0.131126 0.164823 9.9982E-05 0.139974
9.9973E-05 9.9973E-05 0.355883 0.199491 9.9973E-05 0.444326
0.596945 9.9982E-05 0.109025 0.143607 9.9982E-05 0.150224
0.533257 9.9982E-05 0.111217 0.150012 9.9982E-05 0.205314
0.600364 0.0508191 0.0196193 0.131122 0.0980481 0.100028
0.625149 9.9982E-05 0.0910966 0.0648403 9.9982E-05 0.218714
0.431002 9.9991E-05 0.0786714 0.181498 0.131136 0.177592
0.425613 0.33304 0.159421 0.0153946 0.0445551 0.0219759
0.619246 9.9982E-05 0.203104 9.9982E-05 0.139976 0.0374737
0.0326937 0.412854 0.430603 9.9982E-05 0.12365 9.9982E-05
0.0368844 0.418075 0.442003 9.9982E-05 0.102838 9.9982E-05
0.390264 0.283585 0.0816067 0.0519206 0.0939722 0.0986518
0.47064 9.9982E-05 0.155349 0.264019 9.9982E-05 0.109792
0.316478 0.0282859 0.24836 0.3175 9.9991E-05 0.0892763
0.135199 0.0202057 0.352575 0.331399 0.0339479 0.126673
0.374257 9.9982E-05 0.217724 0.261781 9.9982E-05 0.146038
0.148799 0.117924 0.666858 0.054551 9.9991E-05 0.0117679
0.267009 0.109826 0.540259 0.0265792 9.9991E-05 0.0562274
0.557788 0.143653 0.204721 0.0936373 9.9982E-05 9.9982E-05
0.476052 0.179611 0.192661 0.0888607 9.9991E-05 0.0627153
0.288061 0.14168 0.431207 0.0502846 0.0306834 0.0580836
0.537849 0.0730828 0.162304 0.0717601 0.119551 0.0354528
0.441731 0.100058 0.2114 0.126673 0.0734501 0.0466877
0.477037 0.105683 0.173869 0.112619 0.123633 0.00715925
0.290913 0.317268 0.35035 9.9982E-05 0.0412693 9.9982E-05
0.381449 0.24618 0.272056 9.9982E-05 0.100115 9.9982E-05
0.453067 0.174916 0.229642 0.0316548 0.069262 0.041458
0.312277 0.133386 0.302071 0.0909647 0.130833 0.0304676
0.332119 0.125571 0.265239 0.171261 0.0622318 0.0435777
0.443042 0.220174 0.336485 9.9973E-05 9.9973E-05 9.9973E-05
0.212193 0.264381 0.423908 9.9982E-05 0.0993186 9.9982E-05
0.529716 0.242702 0.203646 0.0188317 9.9991E-05 0.00500449
0.265517 0.316266 0.354032 9.9982E-05 0.0639849 9.9982E-05
0.390989 0.246738 0.361973 9.9973E-05 9.9973E-05 9.9973E-05
0.620337 0.124073 0.178072 9.9991E-05 0.0397816 0.037637
0.455223 0.264175 0.206565 0.0110422 0.0628944 9.9991E-05
0.439102 0.0726468 0.14306 0.188511 9.9991E-05 0.15658
0.426267 0.0086184 0.266254 0.120149 0.0968571 0.0818544
0.342063 9.9991E-05 0.207996 0.291198 0.0257826 0.13286
0.373194 0.0452966 0.187723 0.135688 0.0877444 0.170354
0.490866 0.0832219 0.0306379 0.107375 0.0872681 0.200632
0.407721 0.19791 0.111261 0.147287 9.9991E-05 0.13572
9.9991E-05 0.0919975 0.598837 0.152577 0.0269118 0.129576
0.614458 0.0147443 0.175178 0.147334 0.00793956 0.0403462
9.9973E-05 9.9973E-05 0.5553 0.122142 9.9973E-05 0.322258
0.520272 0.0519275 0.183683 0.190587 9.9991E-05 0.05343
0.120952 0.433788 0.444961 9.9973E-05 9.9973E-05 9.9973E-05
9.9973E-05 0.446992 0.452093 9.9973E-05 0.100616 9.9973E-05
0.458204 0.324679 0.205446 9.9982E-05 0.0114704 9.9982E-05
0.631398 0.155912 0.21239 9.9973E-05 9.9973E-05 9.9973E-05
0.392246 0.317082 0.271555 9.9982E-05 0.0189171 9.9982E-05
0.471195 0.431852 0.0966532 9.9973E-05 9.9973E-05 9.9973E-05
0.496393 0.223184 0.271092 0.00913002 9.9982E-05 9.9982E-05
0.114182 0.013633 0.0594929 0.0358465 9.9991E-05 0.776746
9.9982E-05 9.9982E-05 0.116452 0.0855051 0.0688997 0.728944
9.9973E-05 9.9973E-05 9.9973E-05 0.0720553 0.0210149 0.90663
0.0514531 9.9973E-05 0.0135329 9.9973E-05 9.9973E-05 0.934714
0.360747 0.453198 9.9991E-05 0.0779563 0.0968771 0.0111221
0.427232 0.470232 9.9982E-05 0.0551093 9.9982E-05 0.0472267
0.459641 0.523907 9.9973E-05 9.9973E-05 9.9973E-05 0.0161515
0.671609 0.210495 0.013924 9.9991E-05 0.0289481 0.0749244
0.558329 0.131105 0.130715 9.9991E-05 0.0593701 0.120381
0.229978 0.56262 0.0527728 0.016682 0.137847 9.9991E-05
0.641011 0.339678 9.9973E-05 0.0190113 9.9973E-05 9.9973E-05
0.30562 0.550388 0.143692 9.9973E-05 9.9973E-05 9.9973E-05
0.456415 0.0130152 0.00112777 0.177459 0.0517832 0.3002
0.422097 0.4055 0.0836864 0.0528947 0.0357216 9.9991E-05
0.339058 0.517727 9.9982E-05 0.024908 0.118106 9.9982E-05
0.575183 0.413564 9.9982E-05 0.00181765 9.9982E-05 0.009235
0.366937 0.549024 9.9991E-05 0.0325598 0.0367006 0.0146792
0.560824 0.37203 0.0170773 9.9991E-05 0.0457318 0.00423693
0.574409 0.306044 9.9982E-05 0.0368612 9.9982E-05 0.0824864
0.0453617 0.954238 9.9964E-05 9.9964E-05 9.9964E-05 9.9964E-05
0.224444 0.612503 0.140626 0.0212602 9.9991E-05 0.00106751
0.31451 0.61847 9.9991E-05 0.0139856 0.0409048 0.0120295
9.9964E-05 0.82894 0.17066 9.9964E-05 9.9964E-05 9.9964E-05
0.445339 0.327131 9.9982E-05 9.9982E-05 0.149069 0.0782611
0.116039 0.622756 0.229663 9.9982E-05 0.031342 9.9982E-05
9.9964E-05 0.76967 0.22993 9.9964E-05 9.9964E-05 9.9964E-05
0.543998 0.324366 0.0547596 0.034926 0.0418508 9.9991E-05
0.186483 0.70441 9.9982E-05 9.9982E-05 0.0843302 0.0245768
0.443964 0.426564 0.000308734 0.0120812 0.10009 0.0169911
0.574211 0.200307 0.0274104 0.0502304 0.0324989 0.115342
0.536038 0.343312 9.9982E-05 9.9982E-05 0.08694 0.0335108
0.381542 0.120546 0.232399 0.0458203 0.219593 9.9991E-05
0.567079 0.341584 9.9982E-05 0.0113915 0.079746 9.9982E-05
0.466308 0.422824 9.9991E-05 0.00600666 0.0919706 0.0127913
0.361087 0.619631 0.0189822 9.9973E-05 9.9973E-05 9.9973E-05
0.519171 0.285839 0.0724674 9.9991E-05 0.0713228 0.0510995
9.9982E-05 0.0644768 0.036332 9.9982E-05 0.251785 0.647206
0.046166 0.1251 0.0044433 9.9991E-05 0.0347482 0.789442
9.9982E-05 0.00421252 0.021648 9.9982E-05 0.121632 0.852308
9.9982E-05 0.00602614 0.0636526 9.9982E-05 0.100136 0.829985
0.0279461 9.9982E-05 0.0408596 9.9982E-05 0.183339 0.747655
0.127546 0.732363 9.9982E-05 9.9982E-05 0.0947544 0.0451367
0.0594016 0.735176 9.9991E-05 0.00496721 0.145965 0.0543896
0.117889 0.781111 0.0992752 0.00152535 9.9982E-05 9.9982E-05
0.584747 0.16774 0.105609 9.9991E-05 0.0470779 0.0947261
0.630771 0.0294382 0.0960475 9.9991E-05 0.0683525 0.17529
0.270311 0.625514 0.034696 9.9982E-05 9.9982E-05 0.0692783
0.512659 0.375244 0.0328863 0.0601805 9.9991E-05 0.0189306
0.400908 0.458091 0.0628778 0.0126715 9.9991E-05 0.0653522
0.565444 0.291306 0.0310065 9.9991E-05 0.0854675 0.0266768
0.5706 0.290982 0.0319151 0.0119684 9.9991E-05 0.0944349
0.253965 0.569177 0.0220124 0.0248918 0.129854 9.9991E-05
0.310424 0.651697 9.9982E-05 9.9982E-05 0.0141068 0.0235717
0.339735 0.536386 9.9982E-05 9.9982E-05 0.110692 0.0129871
0.658866 9.9982E-05 0.199679 9.9982E-05 0.0667018 0.0745538
0.382795 0.566578 9.9982E-05 9.9982E-05 0.000696552 0.0497305
0.541105 0.378405 0.0129178 0.00833677 0.00282321 0.0564115
0.330081 0.0594727 9.9991E-05 0.45187 0.158233 0.000243805
0.445154 0.0126804 0.0449607 0.375216 9.9991E-05 0.121889
0.437005 0.0179393 0.00715817 0.416938 0.012653 0.108307
0.230791 9.9982E-05 0.14244 0.493352 9.9982E-05 0.133217
0.508508 9.9991E-05 0.0320816 0.255146 0.0812944 0.12287
0.549009 0.265309 0.146825 0.0386566 9.9982E-05 9.9982E-05
0.0155438 9.9982E-05 0.10938 0.681712 9.9982E-05 0.193165
0.320031 0.00431787 0.0607071 0.428825 9.9991E-05 0.186019
0.342713 0.142466 0.203271 0.179752 0.0227865 0.109012
0.641274 0.0379087 0.166251 9.9991E-05 0.00600489 0.148462
0.395317 0.0865276 0.305987 0.0471244 0.0508548 0.114189
0.581225 0.0273301 0.198641 0.0705023 0.088097 0.0342045
0.628927 0.129596 0.062627 9.9991E-05 0.0597012 0.119049
0.349206 9.9982E-05 0.016755 0.483875 9.9982E-05 0.149964
0.327577 0.0287315 9.9991E-05 0.457355 0.132581 0.0536552
0.416257 9.9973E-05 9.9973E-05 0.45532 9.9973E-05 0.128124
0.403779 0.138587 0.0799288 0.223882 0.0200889 0.133734
0.271714 0.0247474 0.0713104 0.476552 9.9991E-05 0.155576
0.438995 0.00957747 0.0135135 0.354981 0.0674873 0.115446
0.320152 9.9991E-05 0.0430082 0.520204 0.00685493 0.109681
0.436647 9.9991E-05 0.0215576 0.367379 0.109951 0.0643659
0.539279 0.0968548 0.294156 0.0560162 0.0135939 9.9991E-05
0.362476 0.0725333 9.9991E-05 0.299286 0.0459662 0.219639
0.173024 9.9982E-05 0.0293725 0.621932 9.9982E-05 0.175471
0.2703 0.0738721 0.0648334 0.42219 0.0785457 0.0902591
0.21321 0.146115 0.222449 9.9991E-05 0.208647 0.209479
0.573076 0.0942156 0.187383 0.090472 0.0449238 0.00992959
0.423847 0.0328697 9.9991E-05 0.332054 0.108532 0.102597
0.599259 0.0516569 0.163182 9.9991E-05 0.028318 0.157485
0.477876 0.0578413 0.188303 9.9991E-05 0.116631 0.159249
0.410453 0.107938 0.0652437 0.173773 9.9991E-05 0.242492
0.369929 9.9991E-05 0.143514 0.199043 0.0356281 0.251785
0.684796 9.9991E-05 0.14719 0.00185246 0.0185793 0.147482
0.329037 0.0877308 9.9982E-05 0.404169 9.9982E-05 0.178863
0.398259 0.0273866 0.0646423 0.46717 9.9991E-05 0.0424415
0.141639 9.9982E-05 0.0561005 0.557999 9.9982E-05 0.244062
0.637085 9.9982E-05 0.268578 9.9982E-05 0.0210349 0.0731022
0.521459 0.110655 0.178077 9.9991E-05 0.115647 0.0740629
0.22094 0.0419509 0.663111 9.9982E-05 9.9982E-05 0.0737986
0.620707 9.9991E-05 0.174338 0.0793655 0.0579059 0.0675836
0.370507 0.0273965 0.134742 0.115706 0.265664 0.0859837
0.465028 0.0583232 0.240021 0.0431048 9.9991E-05 0.193423
0.447816 0.0374931 0.290419 0.11253 0.0150943 0.0966484
9.9973E-05 9.9973E-05 0.598299 0.133409 9.9973E-05 0.267992
9.9973E-05 9.9973E-05 0.68734 0.0814817 9.9973E-05 0.230878
0.320001 0.0252007 0.358932 0.119145 0.0209437 0.155778
9.9973E-05 9.9973E-05 0.518111 0.189495 9.9973E-05 0.292095
9.9973E-05 9.9973E-05 0.421039 0.199406 9.9973E-05 0.379256
0.355305 9.9991E-05 0.359451 0.155954 0.0296212 0.0995688
0.48002 0.022392 0.204918 0.0758336 9.9991E-05 0.216736
0.16049 9.9982E-05 0.384617 0.163784 9.9982E-05 0.29091
0.0770515 9.9982E-05 0.539786 0.138153 9.9982E-05 0.244809
0.516922 9.9991E-05 0.18094 0.111423 0.0468579 0.143757
0.174054 0.0657852 0.473036 0.0840957 9.9991E-05 0.202929
9.9973E-05 9.9973E-05 0.611163 0.011705 9.9973E-05 0.376832
0.521033 0.0612041 0.0962757 0.119499 0.0985782 0.10341
0.374151 9.9982E-05 0.278475 0.197652 9.9982E-05 0.149522
0.446002 0.0748805 9.9991E-05 0.156233 0.0425526 0.280232
0.511761 9.9982E-05 0.0300807 0.292375 9.9982E-05 0.165583
0.480489 9.9982E-05 0.126035 0.225208 9.9982E-05 0.168068
0.486998 9.9991E-05 0.0787032 0.246872 0.0441693 0.143158
0.39011 9.9991E-05 0.0193385 0.203575 0.0102535 0.376623
0.605925 9.9991E-05 0.0154399 0.128287 0.0397839 0.210464
0.466352 0.0739825 0.00482548 0.226937 0.00385109 0.224052
0.323477 9.9982E-05 0.139485 0.225171 9.9982E-05 0.311668
0.187511 0.334123 9.9991E-05 0.187841 0.132984 0.15744
0.599447 0.0467451 0.146675 0.0784651 0.0110516 0.117616
0.564595 9.9991E-05 0.0787929 0.137598 0.0621611 0.156753
0.529606 0.135426 0.0587664 0.116645 0.00540449 0.154151
0.391404 9.9991E-05 0.0773857 0.227206 0.00592144 0.297983
0.508968 9.9991E-05 0.0382929 0.162449 0.0796549 0.210535
0.158222 9.9982E-05 0.249024 0.188937 9.9982E-05 0.403617
0.537288 0.017964 0.0770073 0.215645 9.9991E-05 0.151995
0.275794 0.0194152 0.227055 0.251499 9.9991E-05 0.226136
0.0297536 0.0344894 0.037416 9.9991E-05 0.0969593 0.801282
0.0995311 9.9982E-05 0.0211717 9.9982E-05 0.75754 0.121558
9.9964E-05 9.9964E-05 9.9964E-05 0.005201 0.994399 9.9964E-05
9.9964E-05 9.9964E-05 9.9964E-05 9.9964E-05 0.98187 0.0177305
0.0221591 9.9964E-05 9.9964E-05 9.9964E-05 0.977441 9.9964E-05
0.0388451 9.9973E-05 9.9973E-05 0.0316328 0.929222 9.9973E-05
0.121928 9.9973E-05 0.00664241 9.9973E-05 0.87113 9.9973E-05
9.9973E-05 0.0235355 9.9973E-05 9.9973E-05 0.960467 0.0156975
9.9973E-05 9.9973E-05 9.9973E-05 0.0134323 0.794171 0.192097
0.0636107 0.00270919 9.9982E-05 9.9982E-05 0.00168572 0.931794
0.0445032 0.0201189 9.9991E-05 0.0112895 0.0962206 0.827768
0.0334294 0.00796611 0.0344123 0.0275097 9.9991E-05 0.896582
0.0570733 9.9982E-05 0.0533753 9.9982E-05 0.092235 0.797116
9.9982E-05 0.0101353 9.9982E-05 0.0586806 0.020388 0.910596
9.9973E-05 0.0399124 9.9973E-05 9.9973E-05 0.0493267 0.910461
0.014159 9.9991E-05 0.0127566 0.195703 0.072184 0.705097
0.0295429 0.00323335 0.0295372 0.0795839 9.9991E-05 0.858003
0.0905193 0.0108298 9.9991E-05 0.0394436 0.146035 0.713072
9.9982E-05 0.0256576 0.00411957 0.0442926 9.9982E-05 0.92573
9.9964E-05 9.9964E-05 9.9964E-05 9.9964E-05 0.0594404 0.94016
0.00138017 0.0224562 0.0565102 0.053545 0.0293561 0.836752
9.9973E-05 9.9973E-05 9.9973E-05 0.00469464 0.0527969 0.942209
0.0607112 9.9982E-05 9.9982E-05 0.0132675 0.0129958 0.912825
0.102855 0.0275407 9.99755E-05 9.99755E-05 9.99755E-05 0.869304
0.0917593 9.9973E-05 9.9973E-05 0.086724 9.9973E-05 0.821217
0.104977 9.9973E-05 9.9973E-05 0.103478 9.9973E-05 0.791246
0.136233 9.9973E-05 9.9973E-05 0.0847255 9.9973E-05 0.778742
0.0915462 0.00839413 9.9982E-05 0.118705 9.9982E-05 0.781154
0.446314 0.0649487 0.279353 0.00306295 0.0825253 0.123796
0.692386 0.0901501 0.153855 9.9982E-05 9.9982E-05 0.0634091
0.501512 0.266511 0.0219442 0.0680594 0.0151093 0.126865
0.142507 0.0970903 0.71523 0.0150739 0.029999 9.9991E-05
0.529317 0.0621378 0.139372 9.9991E-05 0.16486 0.104213
0.177965 0.00485214 0.716865 9.9991E-05 0.018428 0.0817893
0.658682 9.9982E-05 0.189357 0.0551607 9.9982E-05 0.0966009
0.407026 0.153146 0.190961 9.9991E-05 0.125413 0.123353
0.540237 0.150684 0.188668 9.9991E-05 0.0619284 0.0583819
0.460541 0.401823 0.0253758 9.9991E-05 0.0381435 0.074017
0.527944 9.9982E-05 0.251829 9.9982E-05 0.120815 0.0992116
0.702184 0.072493 0.1156 9.9991E-05 0.0501611 0.0594622
0.60718 0.0381634 0.183785 9.9991E-05 0.0901952 0.0805761
0.0840492 0.196773 0.207036 0.0386908 0.473351 9.9991E-05
9.9973E-05 0.133475 0.783937 9.9973E-05 0.0822881 9.9973E-05
0.198572 9.9973E-05 0.780567 9.9973E-05 0.0205614 9.9973E-05
0.665957 0.00909406 0.145281 0.0109055 0.0624574 0.106305
0.563397 0.0641039 0.251018 9.9982E-05 9.9982E-05 0.12128
0.576674 9.9973E-05 0.320111 9.9973E-05 9.9973E-05 0.102915
0.674515 0.100181 0.121381 0.0273633 9.9991E-05 0.0764595
0.571964 0.0462902 0.0959954 0.0906558 0.000227105 0.194867
0.606032 9.9991E-05 0.0403234 0.129355 0.047527 0.176663
0.22336 0.0112209 0.220158 0.112911 0.0397277 0.392622
0.598173 9.9991E-05 0.103149 0.0594166 0.155907 0.0832542
0.374508 0.0309321 0.0830259 0.143378 0.131661 0.236494
9.9973E-05 9.9973E-05 0.495656 0.154395 9.9973E-05 0.34965
0.395664 9.9982E-05 0.194385 0.144037 9.9982E-05 0.265714
0.257328 0.150477 0.0576132 0.162257 0.0558806 0.316444
0.464641 0.0410169 0.0529993 0.0680352 0.045195 0.328112
0.628149 9.9991E-05 0.0481823 0.0513462 0.132643 0.139579
0.511164 0.0123208 0.0684642 0.175069 0.0982581 0.134724
0.566369 9.9991E-05 0.074228 0.119446 0.0875868 0.15227
0.353335 9.9991E-05 0.307154 0.154972 0.0302298 0.15421
0.322995 0.0739141 9.9982E-05 0.137028 9.9982E-05 0.465863
