0.0551258 0.0789006 9.9982E-05 0.863213 9.9982E-05 0.00256098
0.00253269 9.9973E-05 0.0628555 0.934312 9.9973E-05 9.9973E-05
0.0397089 0.0105072 0.00245426 0.857274 9.9991E-05 0.0899555
0.094013 0.100488 9.9982E-05 0.803975 9.9982E-05 0.00132455
0.0552467 0.00689742 9.9991E-05 0.887769 0.0107048 0.0392822
0.0865641 0.122522 0.048094 0.574645 0.168075 9.9991E-05
9.9982E-05 0.051563 0.00550117 0.802734 0.140002 9.9982E-05
0.010977 0.106441 9.9982E-05 0.744845 0.137538 9.9982E-05
9.9982E-05 0.0397443 0.0535145 0.834325 0.0722159 9.9982E-05
0.0706077 0.0565888 9.9991E-05 0.678976 0.0773474 0.11638
9.999E-05 0.0855047 0.0630875 0.761618 0.0755533 0.0141362
0.0795488 0.467321 0.178271 0.0256723 0.0202037 0.228984
0.0526062 0.313018 0.0337853 9.9991E-05 0.0176175 0.582873
0.101663 0.426634 0.140259 0.0066891 0.0932848 0.231471
0.168896 0.346763 0.169469 0.0408772 0.0040189 0.269977
0.118506 0.240306 0.0960994 0.121325 0.0601235 0.36364
0.147265 0.176952 0.0232401 0.00214292 0.120278 0.530122
0.0492649 0.289691 0.195932 9.9991E-05 0.0775038 0.387509
0.0349782 0.283322 0.153737 0.128339 0.0438003 0.355824
0.0671592 0.637715 0.126861 9.9991E-05 0.157581 0.0105846
0.0772028 0.293738 0.159884 0.0143953 0.0719214 0.382859
0.0851797 0.25126 0.11118 0.0312661 0.171963 0.349151
0.073368 0.235802 0.11929 9.9991E-05 0.0464073 0.525033
0.118654 0.34135 0.161734 0.00178317 0.0933365 0.283143
0.180138 0.0717257 0.145071 0.0817898 0.0318269 0.489449
0.209215 0.23355 0.00612995 9.9991E-05 0.0500752 0.50093
0.0871028 0.389689 0.222835 0.0450105 0.0541063 0.201256
0.245981 0.444595 0.131128 9.9991E-05 0.0189854 0.159212
0.00488399 0.378942 0.118754 9.9991E-05 0.19153 0.30579
0.0618878 9.9973E-05 9.9973E-05 0.833712 9.9973E-05 0.104101
9.9964E-05 9.9964E-05 9.9964E-05 0.825091 9.9964E-05 0.174509
9.99669E-05 9.99669E-05 9.99669E-05 0.793661 9.99669E-05 0.205939
0.0574845 9.9982E-05 0.0294195 0.741591 9.9982E-05 0.171305
0.0286487 0.114297 0.255995 0.0914322 0.0115751 0.498051
0.110518 9.9982E-05 0.386051 0.069749 9.9982E-05 0.433482
9.9973E-05 9.9973E-05 0.422279 0.0643856 9.9973E-05 0.513035
0.017145 0.531292 0.128503 0.127639 0.0390549 0.156365
0.00468881 0.0225922 0.566911 0.0343502 0.0804096 0.291048
0.0532762 0.19221 0.124028 0.0477634 0.0673529 0.51537
0.0205979 9.9991E-05 0.1623 0.0700611 0.00637029 0.74057
9.9991E-05 0.064137 0.115314 0.131995 0.070004 0.61845
9.9991E-05 0.0378141 0.0606618 0.146486 0.0304444 0.724494
9.9982E-05 0.183253 0.594133 9.9982E-05 0.0378953 0.184519
0.094932 0.0557364 0.0889127 0.0318887 0.164388 0.564142
0.0302146 9.9991E-05 0.300445 0.0904189 0.0809495 0.497872
0.0498264 0.029725 0.198922 0.139578 0.0569617 0.524987
9.9982E-05 9.9982E-05 0.579117 0.0269159 0.051481 0.342286
0.0200038 0.0186499 0.141525 0.0931681 0.055966 0.670687
0.0319424 9.9982E-05 0.189383 0.205941 9.9982E-05 0.572534
9.9973E-05 9.9973E-05 0.681192 0.0755644 0.242944 9.9973E-05
9.9982E-05 0.462345 0.205877 9.9982E-05 0.193592 0.137986
0.0164575 0.167102 0.254057 0.0160656 0.471321 0.074997
9.9991E-05 0.139355 0.0915531 0.0737397 0.108501 0.586751
0.107947 0.0126257 0.0426383 0.126366 0.111475 0.598948
0.0830758 0.133294 0.059533 0.0517934 0.11718 0.555124
9.9991E-05 0.382264 0.272738 0.114412 0.0534544 0.177032
9.9991E-05 0.221027 0.0754782 0.00450819 0.100313 0.598574
0.151415 0.152087 0.0879962 0.0879732 9.9991E-05 0.520428
0.0547408 0.185919 0.231323 0.16303 0.0845253 0.280462
0.096696 0.326722 0.182941 0.188583 0.198049 0.00700959
0.0606631 0.05504 0.106741 0.0580781 0.115955 0.603523
0.109656 0.306897 9.9991E-05 0.0444512 0.118065 0.42083
9.9991E-05 0.486857 0.263137 0.05131 0.173157 0.0254384
0.0631081 0.192236 0.0873207 9.9991E-05 0.162471 0.494765
0.0721915 0.117603 0.0465118 0.0698876 0.0919125 0.601894
0.0659389 0.0881024 0.0385008 0.0578169 0.168762 0.580879
0.0514495 0.251463 0.226173 0.0818246 0.106451 0.282638
0.0150611 0.161066 0.119611 9.9991E-05 0.172292 0.53187
0.118473 0.0583032 0.110709 0.0192673 0.142191 0.551057
9.9991E-05 0.398838 0.172142 0.0199317 0.167715 0.241274
9.9973E-05 0.0722906 0.379946 9.9973E-05 9.9973E-05 0.547464
9.9982E-05 0.0888345 0.688253 0.0263863 9.9982E-05 0.196326
0.00233862 0.0968364 0.103315 0.134957 0.107992 0.554562
9.9964E-05 9.9964E-05 0.859044 9.9964E-05 0.140556 9.9964E-05
9.9982E-05 0.0151036 0.899566 0.00190739 0.0832227 9.9982E-05
9.9964E-05 9.9964E-05 0.763494 9.9964E-05 9.9964E-05 0.236106
9.9982E-05 0.0625856 0.408493 0.0819715 9.9982E-05 0.44675
9.9982E-05 0.0772839 0.0777789 0.164778 9.9982E-05 0.679959
0.110724 0.0222212 0.489158 9.9991E-05 0.033629 0.344168
0.0405741 0.164395 0.665349 0.0388865 9.9991E-05 0.0906953
9.9982E-05 0.225863 0.447733 0.0583221 9.9982E-05 0.267882
0.116442 0.0566813 0.247822 0.0908337 0.0524881 0.435733
0.0369614 0.0343872 0.62482 0.01226 9.9991E-05 0.291471
0.00891688 0.0308326 0.463263 0.0932561 0.00165169 0.402079
9.9982E-05 0.00518255 0.487808 9.9982E-05 0.0964906 0.410319
0.00618618 9.9982E-05 0.700001 0.0109931 0.28262 9.9982E-05
0.0919645 0.00550481 0.249226 0.029176 9.9991E-05 0.624029
0.0207229 0.0418891 9.9982E-05 0.835497 9.9982E-05 0.101691
9.9964E-05 9.9964E-05 9.9964E-05 0.891515 9.9964E-05 0.108085
0.0334433 0.0326709 9.9982E-05 0.828455 9.9982E-05 0.105231
9.9973E-05 9.9973E-05 9.9973E-05 0.893599 0.0220481 0.084053
0.0297003 9.9973E-05 9.9973E-05 0.86517 9.9973E-05 0.104829
0.0244707 9.9982E-05 9.9982E-05 0.854525 0.0840282 0.036776
0.019122 9.9973E-05 9.9973E-05 0.934038 9.9973E-05 0.0465397
0.111851 0.00687826 0.322296 0.0514065 0.00677955 0.500789
0.0853164 0.0418651 0.173237 0.0554957 0.134467 0.509618
9.9982E-05 0.101612 0.807142 0.0600238 0.0310216 9.9982E-05
0.046423 0.0433895 0.131155 0.0926769 0.102012 0.584344
9.9982E-05 0.0235363 0.434853 0.0208206 9.9982E-05 0.520591
9.9973E-05 9.9973E-05 0.292389 0.074407 9.9973E-05 0.632904
0.0269649 0.00480151 0.25371 0.0906312 0.104102 0.51979
0.0854307 9.9982E-05 0.432606 0.0529301 9.9982E-05 0.428834
9.9982E-05 0.224837 0.708612 0.0601833 0.00616745 9.9982E-05
9.9991E-05 0.0938324 0.234907 0.156348 0.0522061 0.462607
0.0202269 9.9982E-05 0.23998 0.0881804 9.9982E-05 0.651413
0.142006 0.0507883 0.25768 0.0579594 9.9991E-05 0.491466
0.0258548 9.9991E-05 0.562384 0.0200155 0.0875874 0.304058
9.9973E-05 9.9973E-05 0.397496 9.9973E-05 0.0541049 0.548099
9.9991E-05 0.0742287 0.379485 0.0410002 0.0079142 0.497271
0.147644 9.9973E-05 0.627836 9.9973E-05 9.9973E-05 0.22422
9.9991E-05 0.0946926 0.390781 0.0353193 0.0350927 0.444014
9.9982E-05 0.110031 0.118829 0.166062 9.9982E-05 0.604878
0.0445156 0.31404 0.0367383 0.0162166 0.30757 0.280919
0.10008 0.315659 0.0282026 0.127683 0.0796012 0.348774
0.118071 0.161886 0.0746725 0.0608902 0.0949855 0.489496
0.085953 0.160212 0.132899 0.0125787 9.9991E-05 0.608258
0.00523896 0.346559 0.0777278 0.0439483 9.9991E-05 0.526425
0.0367147 0.280385 9.9982E-05 9.9982E-05 0.03326 0.64944
0.069657 0.390501 9.9991E-05 0.0548717 0.0173001 0.46757
9.9991E-05 0.191178 0.073637 0.0939967 0.116295 0.524793
0.0646829 0.13403 0.0954837 0.0614228 9.9991E-05 0.644281
9.9991E-05 0.184637 0.0469479 0.0392919 0.127012 0.602011
9.9982E-05 0.370849 0.0789219 9.9982E-05 0.0340042 0.516025
0.0934072 0.222647 0.0459131 0.0523943 0.0472307 0.538407
0.138188 0.123106 0.0688399 0.0677389 0.114156 0.487971
0.0365902 0.264738 0.182723 9.9982E-05 9.9982E-05 0.515748
0.0908947 0.0989606 0.0274367 0.0513006 0.162373 0.569034
0.0745238 0.209488 9.9991E-05 0.0102106 0.160231 0.545446
9.9982E-05 0.294733 9.9982E-05 0.106964 0.158869 0.439234
0.0578181 0.139649 0.0274753 9.9991E-05 0.0819826 0.692975
0.044629 0.13639 9.9991E-05 0.0810277 0.0608023 0.677051
0.0576997 0.431171 0.16447 9.9991E-05 0.0660632 0.280496
0.0503042 0.320108 0.148626 9.9991E-05 0.317605 0.163256
0.0376968 0.266197 0.0297205 0.0679594 0.0870101 0.511416
0.0401593 0.285483 0.143516 9.9991E-05 0.389101 0.141641
9.9991E-05 0.417796 0.1158 0.0723857 0.0908586 0.30306
9.9982E-05 0.332525 0.182144 9.9982E-05 0.0608562 0.424275
0.0355262 0.451581 0.227747 0.0025608 9.9991E-05 0.282485
0.00806826 0.500819 0.212401 9.9982E-05 9.9982E-05 0.278512
0.127304 0.165644 0.104141 0.0598642 9.9991E-05 0.542947
0.0429002 0.060834 0.15234 0.0576255 0.0258019 0.660499
0.0405322 0.166163 0.173581 0.017228 0.15079 0.451706
0.0893024 0.268216 0.181954 9.9991E-05 0.32594 0.134488
9.9991E-05 0.132135 0.0159978 0.186482 0.120085 0.545201
0.0290604 9.9991E-05 0.177255 0.0687181 0.198443 0.526424
9.9991E-05 0.0880109 0.135611 0.126352 0.601855 0.0480714
0.0560933 9.9991E-05 0.0944563 0.0595905 0.147379 0.642381
9.9991E-05 0.0119989 0.147551 0.140065 0.290238 0.410048
0.0597506 0.0191221 0.0839484 0.072143 0.290987 0.474049
9.9991E-05 0.0512695 0.0951403 0.136376 0.399765 0.317349
9.9991E-05 0.13248 0.0354146 0.0613942 0.476129 0.294482
9.9991E-05 0.14476 0.0599619 0.0592355 0.272731 0.463211
0.142283 0.150226 0.039164 0.0262347 0.129874 0.512219
0.0412312 0.130213 0.0179399 0.158828 0.181056 0.470733
0.181315 0.12881 0.211979 0.0460709 0.431726 9.9991E-05
0.0374118 0.116185 0.101542 0.0699915 0.124934 0.549935
9.9982E-05 0.126917 0.145937 9.9982E-05 0.276974 0.449973
0.0235772 0.16292 0.147136 9.9991E-05 0.235484 0.430782
0.090223 0.066209 0.0220375 0.0484407 0.150449 0.622641
0.274743 9.9982E-05 9.9982E-05 0.34101 0.240829 0.143218
0.138923 9.9973E-05 9.9973E-05 0.499739 0.361039 9.9973E-05
0.14789 9.9973E-05 9.9973E-05 0.427622 0.424188 9.9973E-05
0.335299 0.00807831 9.9991E-05 0.404237 0.196472 0.0558141
9.9964E-05 9.9964E-05 9.9964E-05 9.9964E-05 0.308379 0.691221
0.0545919 9.9991E-05 0.0239647 0.131518 0.218697 0.571128
0.679052 0.0610641 0.058566 9.9982E-05 9.9982E-05 0.201118
0.514741 0.106163 0.0999746 0.0450178 0.00153798 0.232566
0.41377 0.0249574 0.0434032 0.0958814 0.00757 0.414419
0.0124386 9.9982E-05 0.139849 9.9982E-05 0.438667 0.408845
0.0685716 0.0873653 0.0831081 0.133407 0.13417 0.493377
9.9973E-05 9.9973E-05 0.0518484 9.9973E-05 0.651576 0.296275
0.0385737 0.0280747 0.0461408 0.00410511 0.284782 0.598324
0.0381168 9.9991E-05 0.133083 0.0258608 0.275328 0.52751
0.0354083 9.9991E-05 0.0243861 0.0351261 0.310032 0.594947
9.9982E-05 0.0311067 0.127251 9.9982E-05 0.580854 0.260588
0.0852953 9.9991E-05 0.103114 0.0333508 0.180186 0.597954
0.0765465 0.0189692 9.9991E-05 0.0466372 0.270859 0.586888
0.959158 9.9973E-05 0.0197738 9.9973E-05 9.9973E-05 0.0207686
0.906761 0.00374587 0.0675098 9.9982E-05 0.0217829 9.9982E-05
0.673933 0.0492613 0.018367 0.0758632 0.0251855 0.15739
0.639576 9.9973E-05 9.9973E-05 0.0751439 9.9973E-05 0.28498
0.877121 9.9973E-05 0.0114707 9.9973E-05 9.9973E-05 0.111109
0.9995 9.996E-05 9.996E-05 9.996E-05 9.996E-05 9.996E-05
0.952754 0.0468463 9.9964E-05 9.9964E-05 9.9964E-05 9.9964E-05
0.850838 9.9964E-05 9.9964E-05 9.9964E-05 9.9964E-05 0.148762
0.951191 0.0484093 9.9964E-05 9.9964E-05 9.9964E-05 9.9964E-05
0.9995 9.996E-05 9.996E-05 9.996E-05 9.996E-05 9.996E-05
0.9995 9.996E-05 9.996E-05 9.996E-05 9.996E-05 9.996E-05
0.805348 0.00936145 9.9991E-05 0.0442372 0.0318315 0.109122
0.819137 0.0485961 0.00892761 0.0216646 9.9991E-05 0.101575
0.978738 9.9964E-05 0.020862 9.9964E-05 9.9964E-05 9.9964E-05
0.362536 0.114031 0.141758 0.04327 9.9991E-05 0.338305
0.678307 0.065887 0.0321624 0.0264892 0.0255133 0.171641
0.717168 0.0689386 9.9982E-05 0.0479955 9.9982E-05 0.165698
0.87128 0.0442662 9.9973E-05 9.9973E-05 9.9973E-05 0.0841538
0.9995 9.996E-05 9.996E-05 9.996E-05 9.996E-05 9.996E-05
0.923275 0.0246584 9.9982E-05 0.0233409 9.9982E-05 0.0285258
0.992935 9.9964E-05 0.00666473 9.9964E-05 9.9964E-05 9.9964E-05
0.698258 9.9982E-05 0.074579 0.0344911 9.9982E-05 0.192472
0.962022 9.9973E-05 0.0319508 9.9973E-05 0.00572689 9.9973E-05
0.031301 9.9973E-05 9.9973E-05 0.355237 0.613162 9.9973E-05
0.0249254 0.066347 0.0513951 0.196839 0.195107 0.465386
0.0547898 0.0283232 0.0792079 0.222593 0.209825 0.405261
0.0739935 0.0155101 9.9991E-05 0.176761 0.530102 0.203533
0.13332 0.0953378 9.9991E-05 0.174103 0.154021 0.443118
0.0902688 9.9991E-05 0.045988 0.271033 0.39406 0.19855
0.0763344 0.0929766 0.00434092 0.185432 0.195117 0.445799
0.155122 9.9982E-05 9.9982E-05 0.118052 0.370429 0.356197
0.165816 9.9991E-05 0.0367044 0.147681 0.286453 0.363245
0.217687 9.9982E-05 9.9982E-05 0.143074 0.32032 0.31872
0.121199 9.9991E-05 0.124742 0.172186 0.189418 0.392355
9.9991E-05 0.0757479 0.0127419 0.811127 0.0649814 0.0353023
0.0583718 9.9982E-05 0.0220778 0.906295 0.0130559 9.9982E-05
9.9973E-05 0.0204177 0.0319773 0.947305 9.9973E-05 9.9973E-05
9.9973E-05 0.0455284 9.9973E-05 0.932483 9.9973E-05 0.0216887
0.0128966 0.083136 9.9973E-05 0.903668 9.9973E-05 9.9973E-05
0.104474 9.9982E-05 0.00686721 0.866672 0.0217863 9.9982E-05
0.120868 9.9973E-05 0.014979 0.863853 9.9973E-05 9.9973E-05
9.9991E-05 0.00417902 0.0531032 0.874397 0.0649254 0.00329557
0.0188094 9.9982E-05 0.0252745 0.889801 9.9982E-05 0.0659153
0.110122 0.0223645 9.9991E-05 0.85135 0.00339556 0.0126673
0.00767156 0.200844 0.175473 0.608266 0.00764514 9.9991E-05
0.021133 0.343338 0.0833993 0.55193 9.9982E-05 9.9982E-05
9.9982E-05 0.305485 0.0710116 0.511726 0.111577 9.9982E-05
9.9982E-05 0.276617 0.198722 0.518399 0.00606175 9.9982E-05
9.9982E-05 0.211041 0.243621 0.0613908 9.9982E-05 0.483747
9.9991E-05 0.105469 0.301567 0.0169432 0.0528418 0.523078
0.0519666 0.243693 0.108928 0.0340505 0.0199261 0.541436
9.9991E-05 0.287343 0.184222 0.0454629 0.0815081 0.401364
9.9982E-05 0.62951 0.13555 9.9982E-05 0.0519782 0.182762
0.0391646 0.0523707 0.175936 0.0824347 0.0134451 0.636649
0.0550352 0.0634031 0.326175 9.9991E-05 0.0510201 0.504267
9.9982E-05 0.171016 0.224681 9.9982E-05 0.0734944 0.530608
0.0931498 9.9973E-05 0.618146 9.9973E-05 9.9973E-05 0.288404
9.9991E-05 0.141129 0.202782 0.0545835 0.0253609 0.576044
9.9982E-05 0.179568 0.335738 9.9982E-05 0.028022 0.456473
9.9973E-05 0.067591 0.741386 9.9973E-05 0.190724 9.9973E-05
0.0628407 0.0902976 0.239961 0.0627286 0.0516173 0.492554
9.9973E-05 9.9973E-05 0.478639 9.9973E-05 0.209168 0.311893
0.0201884 0.0230027 0.482793 0.0123457 9.9991E-05 0.46157
9.9982E-05 0.187791 0.713751 0.0404637 9.9982E-05 0.0577945
9.9973E-05 0.807798 9.9973E-05 0.12301 0.0688917 9.9973E-05
9.9982E-05 0.731136 9.9982E-05 0.0639151 0.149843 0.0549052
9.9973E-05 0.919279 9.9973E-05 0.0083754 0.072046 9.9973E-05
9.9982E-05 0.800033 0.040948 0.120965 0.0378537 9.9982E-05
9.9991E-05 0.817761 0.0036444 0.0324722 0.0909192 0.055103
0.0446094 0.754905 9.9991E-05 0.0518828 0.0588985 0.0896042
0.0401772 9.9982E-05 0.0317847 0.873458 9.9982E-05 0.0543806
9.9973E-05 0.070578 9.9973E-05 0.818681 9.9973E-05 0.110441
0.0802335 9.9973E-05 9.9973E-05 0.770241 9.9973E-05 0.149226
0.0961085 0.10887 9.9982E-05 0.769764 9.9982E-05 0.0250575
0.0516498 0.0352853 9.9982E-05 0.816072 9.9982E-05 0.0967934
9.9982E-05 0.581195 0.0107651 0.381112 0.0267279 9.9982E-05
9.9982E-05 0.424415 0.0473058 0.478029 0.0500497 9.9982E-05
9.9973E-05 0.470556 0.0874542 0.44169 9.9973E-05 9.9973E-05
0.0390792 0.0164668 9.9982E-05 0.817074 9.9982E-05 0.12718
0.0166366 0.503533 0.0528022 0.348108 0.0788201 9.9991E-05
0.363775 9.9982E-05 9.9982E-05 0.198453 0.15706 0.280512
0.185408 0.080304 9.9982E-05 0.136206 9.9982E-05 0.597882
0.331678 9.9973E-05 9.9973E-05 0.165271 9.9973E-05 0.502751
0.255623 9.9991E-05 0.0763311 0.233775 0.110568 0.323603
0.283283 0.0411868 0.134512 0.205516 9.9991E-05 0.335403
0.307344 9.9973E-05 9.9973E-05 0.445883 0.246473 9.9973E-05
9.9982E-05 0.309437 0.0815446 9.9982E-05 0.135203 0.473615
0.0324935 0.149978 0.169504 0.0177058 0.288549 0.341769
9.9991E-05 0.479114 0.0408741 0.0987558 0.100697 0.280459
9.9982E-05 0.109562 0.145752 9.9982E-05 0.253099 0.491388
9.9973E-05 0.103445 0.248978 9.9973E-05 0.647277 9.9973E-05
0.0416408 0.0675546 0.0651738 0.124887 0.129306 0.571438
9.9991E-05 0.110577 0.0184107 0.0424525 0.232073 0.596387
9.9991E-05 0.45129 0.0680228 0.00338523 0.139973 0.337229
0.018108 0.141412 9.9991E-05 0.0785278 0.164995 0.596858
9.9982E-05 0.258497 0.210057 9.9982E-05 0.347384 0.183862
0.00866392 0.189827 0.0924033 9.9991E-05 0.245659 0.463347
0.0103898 0.252023 0.1797 0.0221531 9.9991E-05 0.535634
0.183336 0.0440609 0.0928324 0.135994 0.154906 0.388871
9.9982E-05 0.260944 0.0852427 9.9982E-05 0.237021 0.416593
0.0563807 0.266206 0.114424 9.9991E-05 0.158509 0.40438
0.0702296 0.173094 0.0955196 9.9991E-05 0.143859 0.517198
9.9982E-05 0.160581 0.133817 9.9982E-05 0.0989447 0.606458
0.0804997 0.109286 0.0229092 0.0181687 0.0801228 0.689013
0.0502415 0.0600961 0.246392 0.0972093 0.023752 0.522309
0.0182303 0.0490765 0.150998 0.0860474 0.0966417 0.599006
0.107783 9.9973E-05 9.9973E-05 0.766189 9.9973E-05 0.125728
0.0578602 9.9982E-05 0.0628001 0.84334 9.9982E-05 0.0357999
0.0330584 0.0614477 0.0400409 0.730342 0.10406 0.0310517
0.0407292 0.0270949 0.146077 0.785899 9.9982E-05 9.9982E-05
0.0337196 9.9973E-05 9.9973E-05 0.841227 9.9973E-05 0.124753
0.0863294 0.591424 0.12595 9.9991E-05 0.0392903 0.156906
0.0316581 0.0925446 0.129695 0.051213 0.0922466 0.602642
0.207321 0.100203 0.0116892 0.227758 0.100131 0.352898
9.9991E-05 0.058055 0.0701818 0.0644724 0.103289 0.703902
0.0121608 0.246194 0.157997 0.0613388 9.9991E-05 0.522209
0.0666279 0.32573 0.0138897 9.9991E-05 0.272037 0.321615
9.9982E-05 0.55207 0.145066 0.150319 0.152346 9.9982E-05
0.0340703 0.341149 0.0283309 0.00331199 0.0920495 0.501088
0.0774285 0.520245 0.107542 0.0784519 0.103582 0.112751
0.0217619 0.20913 0.144125 0.0399503 0.190038 0.394995
0.0303005 0.498346 0.112102 0.105777 0.166332 0.0871424
9.9973E-05 0.145595 9.9973E-05 0.156108 9.9973E-05 0.697997
0.00289207 0.478729 0.1034 0.0600625 0.105711 0.249205
0.0640991 0.349362 0.0409333 0.0132227 0.161472 0.370911
0.0166478 0.030655 0.0921421 0.0831954 0.300116 0.477244
9.9982E-05 0.0566817 9.9982E-05 0.0110042 0.594477 0.337637
9.9991E-05 0.0773018 0.0284797 0.0675617 0.171948 0.654609
9.9991E-05 0.0150911 0.111564 0.153033 0.109491 0.61072
9.9982E-05 0.0947035 0.0130027 9.9982E-05 0.495944 0.39615
0.104683 0.159778 0.161667 0.0451433 0.0535499 0.475178
9.9991E-05 0.00534265 0.0419475 0.0719076 0.318869 0.561833
9.9982E-05 0.109005 0.0371031 9.9982E-05 0.701618 0.152074
9.9982E-05 0.0111758 0.0408845 9.9982E-05 0.5989 0.34884
9.9991E-05 0.0970358 0.0111506 0.0204137 0.379781 0.491519
9.9991E-05 0.143859 0.148664 0.017364 0.517306 0.172707
9.9982E-05 0.0937849 0.0284153 9.9982E-05 0.310847 0.566753
0.0282048 0.564296 0.235279 9.9991E-05 0.0505349 0.121585
0.00962393 0.351817 0.0694162 9.9991E-05 0.296581 0.272462
0.138022 0.450625 0.151909 0.0128989 0.00032852 0.246217
0.111948 0.117086 9.9991E-05 0.10279 0.0973248 0.570751
0.0153993 0.480218 0.240416 9.9991E-05 0.0536922 0.210174
0.101858 0.098334 9.9991E-05 0.0923392 0.192479 0.51489
0.0948321 0.182328 0.0866374 0.0626325 9.9991E-05 0.57347
0.112227 0.297738 0.0618651 0.00717419 0.078073 0.442923
0.0838478 0.290356 0.115931 0.00424896 0.0190871 0.48653
0.0383327 0.306522 0.174629 0.0355773 9.9991E-05 0.444839
0.115971 0.492272 0.202696 9.9982E-05 9.9982E-05 0.188861
0.12873 0.398784 9.9982E-05 9.9982E-05 0.120997 0.35129
0.0326561 0.267016 0.0390474 9.9991E-05 0.0634062 0.597775
0.0504971 0.137356 0.135133 0.0420262 0.0501509 0.584837
0.0224332 0.251491 0.136934 0.0847179 0.121243 0.383181
0.083085 0.28704 9.9982E-05 9.9982E-05 0.051516 0.578158
0.0751687 0.345753 9.9991E-05 0.064108 0.133357 0.381512
0.0905629 0.275212 0.00236647 0.0139301 9.9991E-05 0.617829
0.143157 0.264732 0.115752 0.0467467 9.9991E-05 0.429513
0.0890941 0.115614 0.106776 0.113618 0.103705 0.471193
0.12659 9.9991E-05 0.0368158 0.41056 0.0263145 0.39962
0.242375 9.9991E-05 0.117173 0.12404 0.0868035 0.429509
0.158706 0.125793 0.0274043 0.149343 0.000959887 0.537795
0.100969 0.0548227 0.000956696 0.0872578 0.129077 0.626917
0.218888 0.0113852 0.118615 0.220222 0.0469128 0.383977
9.9982E-05 0.192337 0.0213763 9.9982E-05 0.292582 0.493504
0.251642 9.9982E-05 0.146783 0.170977 9.9982E-05 0.430398
0.166819 9.9991E-05 0.130677 0.235122 0.463901 0.00338112
0.233822 0.0861147 9.9991E-05 0.0786684 0.12281 0.478484
0.203492 0.0951513 0.0915797 0.132658 0.0359676 0.441151
0.303318 0.128317 0.052301 0.0738713 0.00615481 0.436039
0.13928 0.112959 0.0110172 0.201476 0.184385 0.350883
0.194921 0.0378935 9.9991E-05 0.178335 0.112811 0.47594
0.159112 9.9982E-05 9.9982E-05 0.14084 0.161882 0.537965
0.192409 9.9973E-05 9.9973E-05 0.451644 0.355647 9.9973E-05
0.229374 9.9991E-05 0.10975 0.142782 0.0610409 0.456953
0.191923 9.9982E-05 9.9982E-05 0.189738 0.0735634 0.544576
0.168201 9.9991E-05 0.140402 0.0879053 0.061706 0.541686
0.157533 9.9982E-05 9.9982E-05 0.193904 0.10202 0.546344
0.148768 0.0745797 0.0726339 0.164659 0.0250814 0.514278
0.0269547 0.0850751 0.105709 0.0843542 0.184464 0.513443
0.0265234 0.0499804 0.112533 0.156247 0.079218 0.575498
9.9982E-05 0.0922865 0.333391 9.9982E-05 0.564621 0.0095015
9.9982E-05 0.0610182 0.24327 9.9982E-05 0.634446 0.0610661
0.166923 0.0662804 0.0544534 9.9991E-05 0.261555 0.450688
0.349145 9.9982E-05 9.9982E-05 0.102433 0.179204 0.369018
0.311689 9.9991E-05 0.0124646 0.104847 0.217128 0.353771
0.347995 0.010398 0.0081331 0.127846 0.336653 0.168975
0.314951 9.9982E-05 9.9982E-05 0.125042 0.167669 0.392138
0.0613135 9.9991E-05 0.00777741 0.0350798 0.713073 0.182656
0.0495837 9.9991E-05 0.020417 0.121286 0.533792 0.274822
0.0907611 0.00391408 0.0951581 0.030976 0.214372 0.564819
0.116507 9.9991E-05 0.127234 0.0370108 0.232475 0.486673
0.0938522 0.0680846 9.9991E-05 0.0578458 0.471663 0.308455
0.135162 0.0429088 0.086589 0.028967 0.169524 0.536849
0.160061 0.0389563 0.0345074 0.0359 0.272388 0.458188
0.18013 0.105428 0.139853 0.0311722 0.0845007 0.458916
9.9982E-05 0.0942256 0.119116 9.9982E-05 0.322836 0.463622
0.047309 0.0812303 0.120707 9.9991E-05 0.369828 0.380825
0.0504371 0.0607677 0.191324 9.9991E-05 0.206392 0.490978
0.0345467 0.0944109 0.113781 0.060864 0.242161 0.454236
0.079245 0.0137046 0.105705 0.116483 0.268929 0.415933
9.9964E-05 9.9964E-05 9.9964E-05 9.9964E-05 0.440992 0.558608
9.9982E-05 0.125358 0.0336855 9.9982E-05 0.510709 0.330048
0.0211179 9.9991E-05 0.101227 0.019779 0.290718 0.567059
9.9982E-05 0.00249965 0.169423 9.9982E-05 0.52866 0.299218
9.9982E-05 0.0546652 0.0490396 9.9982E-05 0.334677 0.561418
0.0995017 0.095265 0.134865 0.0417498 0.0980267 0.530591
0.0343514 0.12516 0.0679081 9.9991E-05 0.195153 0.577327
0.213335 0.135436 9.9991E-05 0.077746 0.134997 0.438385
0.152033 0.0434638 0.187382 0.18804 0.0555489 0.373531
0.316419 0.0997362 9.9991E-05 0.15164 0.145407 0.286698
0.152623 0.137121 9.9991E-05 0.193907 0.144835 0.371414
0.168164 0.0131823 0.0324444 0.130757 0.17586 0.479592
0.144957 0.0106255 9.9991E-05 0.119052 0.194433 0.530833
0.164319 0.00833628 0.0186025 0.142605 0.636498 0.0296383
0.245957 0.0314732 9.9992E-05 0.0367563 0.111129 0.574585
0.122197 9.9973E-05 9.9973E-05 0.314084 0.563419 9.9973E-05
0.193719 9.9982E-05 9.9982E-05 0.00135139 0.201086 0.603644
9.9973E-05 9.9973E-05 0.26738 9.9973E-05 0.585803 0.146517
9.9973E-05 0.00906256 0.356916 9.9973E-05 0.633721 9.9973E-05
9.9982E-05 0.0596844 0.11463 9.9982E-05 0.319464 0.506021
9.9982E-05 9.9982E-05 0.0887242 0.0172276 0.267455 0.626393
9.9973E-05 9.9973E-05 0.162964 9.9973E-05 0.400748 0.435988
9.9973E-05 9.9973E-05 0.191304 9.9973E-05 0.262079 0.546316
9.9982E-05 0.0253294 0.125928 9.9982E-05 0.274252 0.57429
0.0480955 9.9982E-05 9.9982E-05 0.802923 0.0303019 0.11848
0.0995876 0.170335 9.9973E-05 0.729778 9.9973E-05 9.9973E-05
0.0602551 0.0558993 9.9973E-05 0.883546 9.9973E-05 9.9973E-05
9.9964E-05 9.9964E-05 9.9964E-05 0.9692 9.9964E-05 0.0303999
0.0401964 0.0252143 0.434173 0.0743983 0.019308 0.40671
0.0347386 9.9982E-05 0.413636 0.10612 9.9982E-05 0.445305
9.9973E-05 0.0423911 0.445508 9.9973E-05 9.9973E-05 0.511801
0.0480641 9.9991E-05 0.244775 0.081493 0.0332251 0.592343
0.0466317 0.0712602 0.229547 0.0645989 0.0793236 0.508639
0.00970767 0.171322 0.585021 9.9991E-05 0.0482471 0.185602
0.0122669 9.9991E-05 0.276214 0.0492507 0.00195561 0.660213
0.016903 9.9991E-05 0.479991 0.00542786 0.194509 0.303069
0.234983 0.0983301 0.0179086 0.194493 9.9991E-05 0.454185
0.0979046 0.0337594 0.364626 9.9991E-05 0.0818484 0.421761
9.9982E-05 0.0756998 0.547355 0.040701 9.9982E-05 0.336045
0.040945 0.0662133 0.326974 9.9991E-05 0.0290661 0.536702
0.00212543 0.0608495 0.51956 0.00712402 0.00759688 0.402744
9.9973E-05 9.9973E-05 0.407293 9.9973E-05 0.0247513 0.567656
0.0308178 0.0181272 0.323471 0.0538569 9.9991E-05 0.573627
9.9973E-05 9.9973E-05 0.908981 9.9973E-05 0.0399463 0.0507732
0.0201461 0.0482786 0.624986 0.0186518 0.0571648 0.230773
9.9991E-05 0.0202198 0.529817 0.0313186 0.06169 0.356854
9.9964E-05 9.9964E-05 0.790142 9.9964E-05 0.209458 9.9964E-05
0.0019178 0.077034 0.426301 0.0730697 0.00559674 0.41608
9.9982E-05 0.0164804 0.540173 9.9982E-05 0.334571 0.108576
9.9964E-05 9.9964E-05 0.745498 9.9964E-05 0.254102 9.9964E-05
0.0296215 0.0226712 0.304494 0.0662582 9.9991E-05 0.576855
9.9982E-05 0.123111 0.61739 0.0347844 9.9982E-05 0.224515
0.113889 0.0884893 0.398301 0.00443742 0.0173713 0.377511
0.0787658 0.0400397 0.309609 0.0380993 9.9991E-05 0.533386
0.00513593 0.0916846 0.339665 9.9982E-05 9.9982E-05 0.563315
0.0162072 0.316935 0.0794457 9.9991E-05 0.195503 0.39181
0.0614519 9.9982E-05 0.33421 9.9982E-05 0.118106 0.486032
0.0149602 0.0818026 0.409738 0.0431128 9.9991E-05 0.450287
9.9973E-05 9.9973E-05 0.723002 9.9973E-05 0.00786085 0.268837
0.0578382 0.0940237 0.249563 0.121755 9.9991E-05 0.47672
9.9991E-05 0.307642 0.036341 0.601039 0.0406422 0.0142353
9.9991E-05 0.0295228 0.0493191 0.801583 0.05936 0.0601149
9.9973E-05 0.0804333 9.9973E-05 0.8246 0.0946671 9.9973E-05
9.9982E-05 0.138335 0.0162862 0.809683 0.035496 9.9982E-05
9.9973E-05 0.25873 9.9973E-05 0.707624 9.9973E-05 0.0333459
0.0367753 0.18933 0.645161 0.00554422 9.9991E-05 0.123089
9.9991E-05 0.103494 0.705651 0.0776581 0.0357893 0.0773071
0.031779 9.9982E-05 0.793291 9.9982E-05 0.0591329 0.115597
0.0161684 9.9991E-05 0.145431 0.236835 0.078098 0.523368
0.00306242 9.9982E-05 0.157173 0.153721 9.9982E-05 0.685844
0.0954744 9.9991E-05 0.628444 0.00382108 0.0607418 0.211418
0.0658676 9.9982E-05 0.269521 9.9982E-05 0.0544953 0.609917
0.0311758 9.9991E-05 0.51659 0.053719 0.0322645 0.366151
0.0276055 0.0257261 0.221958 0.0540882 0.0682221 0.6024
9.9991E-05 0.0898113 0.197072 0.0244715 0.103422 0.585123
0.044605 0.116555 0.603368 9.9991E-05 0.0529878 0.182384
0.00263712 0.085935 0.560801 0.0259991 9.9991E-05 0.324528
9.9973E-05 0.161587 0.475648 9.9973E-05 9.9973E-05 0.362465
9.9982E-05 0.0712346 9.9982E-05 0.0599916 0.204022 0.664552
9.9982E-05 0.0361116 0.569805 0.0226114 9.9982E-05 0.371272
0.0422449 0.0820158 0.40475 0.00489496 0.0805574 0.385537
0.461059 0.0127176 0.0679328 0.0906238 0.0460897 0.321577
0.454326 9.9982E-05 9.9982E-05 0.0603645 0.136527 0.348582
0.435184 9.9982E-05 9.9982E-05 0.101326 0.0312641 0.432025
0.483861 9.9982E-05 9.9982E-05 0.184938 0.0616361 0.269365
0.334621 9.9991E-05 0.00877607 0.0782028 0.0873577 0.490942
0.0269773 9.9991E-05 0.284992 0.00662733 0.185085 0.496219
0.619352 9.9982E-05 9.9982E-05 0.233418 0.0837986 0.0632306
0.465282 0.0551903 0.022111 0.147796 9.9991E-05 0.30952
0.171413 9.9991E-05 0.105612 0.207814 0.115603 0.399458
9.9982E-05 0.00392298 9.9982E-05 0.148596 0.243357 0.603924
9.9991E-05 0.169405 0.0631407 0.167811 0.142898 0.456645
0.0749699 0.0398795 0.0567041 0.0906017 0.251322 0.486523
0.0650326 0.139854 0.0705383 0.0648005 0.111334 0.54844
0.482216 9.9973E-05 9.9973E-05 0.191856 9.9973E-05 0.325628
0.437678 0.0756176 0.0999297 0.0399881 0.0078721 0.338915
0.499725 0.0149028 9.9991E-05 0.0488517 0.000591469 0.435829
0.283907 0.117129 0.0118016 0.067649 0.0712697 0.448243
0.589304 0.0640603 0.0450404 0.0638842 0.0133143 0.224397
0.381861 0.0224661 0.173628 0.125358 9.9991E-05 0.296586
0.504304 9.9982E-05 9.9982E-05 0.144023 0.102891 0.248582
0.400052 0.0224855 0.0109945 0.0941689 0.0821557 0.390143
9.9991E-05 0.0321645 0.0984865 0.111562 0.240002 0.517685
0.333561 0.0874945 9.9991E-05 0.162537 0.0824462 0.333862
0.619471 9.9982E-05 9.9982E-05 0.178138 0.025052 0.177139
0.382573 0.0744534 0.0990946 0.157253 9.9991E-05 0.286526
9.9991E-05 0.275126 0.0428425 0.186217 0.261737 0.233978
0.120746 0.106284 0.0613918 0.0109522 0.145613 0.555013
0.294852 0.104121 9.9991E-05 0.183828 0.0855686 0.331531
0.0176438 0.0551593 9.9991E-05 0.135804 0.147001 0.644292
0.0583878 0.0281149 0.0429721 0.126722 0.26458 0.479223
0.253254 0.0271542 0.0853874 0.172527 0.0864543 0.375223
0.291387 0.0754052 9.9991E-05 0.20184 0.17737 0.253897
0.131867 0.129431 9.9991E-05 0.095824 0.0857975 0.556981
0.361294 9.9982E-05 0.142163 0.0662939 9.9982E-05 0.430049
0.360616 9.9973E-05 9.9973E-05 0.130783 9.9973E-05 0.508301
0.594658 9.9982E-05 9.9982E-05 0.179354 0.0719857 0.153802
0.112866 0.0482676 9.9991E-05 0.113611 0.06781 0.657346
9.9991E-05 0.101109 0.0504509 0.152057 0.197248 0.499036
0.0250521 9.9982E-05 9.9982E-05 0.14034 0.651359 0.183049
0.0173593 0.0912836 0.126063 0.101042 0.053078 0.611175
9.9991E-05 0.279106 0.0953904 0.0381125 0.141875 0.445416
0.148666 9.9991E-05 0.102684 0.191942 0.111186 0.445421
0.136741 0.167615 9.9991E-05 0.144022 0.111886 0.439635
0.214764 9.9973E-05 9.9973E-05 0.310954 0.473982 9.9973E-05
0.106587 9.9973E-05 9.9973E-05 0.311468 0.581645 9.9973E-05
0.125407 0.121137 9.9991E-05 0.102702 0.369059 0.281595
0.229943 9.9991E-05 0.032335 0.328108 0.394663 0.0148508
0.216489 9.9973E-05 9.9973E-05 0.425237 0.357973 9.9973E-05
0.0913996 0.0409494 0.0283707 0.13453 0.318786 0.385964
0.206403 9.9982E-05 9.9982E-05 0.209358 0.234078 0.349961
0.23148 0.0271709 9.9991E-05 0.222018 0.333947 0.185285
0.0892879 9.9982E-05 9.9982E-05 0.330575 0.437398 0.142539
0.17665 0.11672 0.00178038 0.113282 0.214071 0.377496
0.115256 0.0175191 0.0897138 0.208747 0.383084 0.185679
0.0257359 9.9973E-05 9.9973E-05 0.422132 0.551832 9.9973E-05
0.181251 9.9991E-05 0.0470798 0.103275 0.155711 0.512584
0.246172 9.9991E-05 0.00638516 0.151767 0.264055 0.331521
0.175232 0.0475882 0.0714385 0.292317 9.9991E-05 0.413324
0.281358 9.9991E-05 0.0137433 0.136926 0.0195239 0.548349
0.213565 9.9982E-05 0.138793 0.214714 9.9982E-05 0.432728
0.303107 0.0406406 9.9991E-05 0.157495 0.0776239 0.421034
0.260909 0.0643027 0.0245429 0.33539 9.9991E-05 0.314755
0.191819 0.0496094 9.9991E-05 0.242602 0.045713 0.470157
0.302069 9.9973E-05 9.9973E-05 0.258865 9.9973E-05 0.438766
0.285452 0.0752708 9.9991E-05 0.208877 0.146296 0.284004
0.146077 0.148802 0.227571 0.150172 0.0938017 0.233576
0.129362 0.107682 0.0243341 0.105009 0.0632107 0.570401
0.153445 9.9991E-05 0.0804195 0.189289 0.0758328 0.500913
0.134325 9.9991E-05 0.143128 0.105759 0.0637323 0.552955
0.227687 9.9982E-05 9.9982E-05 0.291057 0.0842822 0.396774
0.191635 0.0301583 0.0040605 0.148693 0.0779763 0.547476
0.242057 9.9991E-05 0.039711 0.343941 0.290088 0.0841031
0.22932 0.0453474 0.0362278 0.116735 0.105382 0.466988
0.336249 9.9991E-05 0.0120475 0.232388 0.223415 0.195802
0.00124585 0.0976042 0.0893291 0.806296 0.00542523 9.9991E-05
9.9991E-05 0.745711 0.0496756 0.0292231 0.108236 0.0670544
9.996E-05 0.9995 9.996E-05 9.996E-05 9.996E-05 9.996E-05
9.9973E-05 0.97894 9.9973E-05 0.00453523 9.9973E-05 0.016225
9.9964E-05 0.95321 9.9964E-05 9.9964E-05 9.9964E-05 0.0463904
9.9964E-05 0.948856 9.9964E-05 9.9964E-05 9.9964E-05 0.050744
9.9964E-05 0.91473 9.9964E-05 9.9964E-05 9.9964E-05 0.08487
9.9964E-05 0.960106 9.9964E-05 0.0394939 9.9964E-05 9.9964E-05
9.9973E-05 0.798502 9.9973E-05 0.173954 9.9973E-05 0.0272447
0.0447112 0.0512559 9.9982E-05 0.899758 0.00407521 9.9982E-05
0.01775 0.142874 9.9982E-05 0.79903 9.9982E-05 0.0401465
0.0240977 0.000824296 0.01483 0.905748 0.000861146 0.0536389
9.9982E-05 0.132007 9.9982E-05 0.810863 0.01688 0.0400503
0.0517372 0.030309 0.0162522 0.889591 9.9991E-05 0.0120103
9.9973E-05 0.0848702 9.9973E-05 0.8829 0.0319294 9.9973E-05
0.156989 0.0360044 9.9982E-05 0.78153 9.9982E-05 0.0252764
0.0944636 9.9991E-05 0.0089776 0.853944 0.020329 0.0221853
0.0807746 0.0794503 0.082324 0.711543 9.9991E-05 0.0458078
0.0788683 9.9973E-05 0.0436411 0.877191 9.9973E-05 9.9973E-05
9.9973E-05 0.0183051 0.00693185 0.974463 9.9973E-05 9.9973E-05
0.0554884 0.0544722 0.0242526 0.844491 9.9991E-05 0.0211959
0.0136718 0.0323087 9.9973E-05 0.95372 9.9973E-05 9.9973E-05
0.0554047 9.9973E-05 9.9973E-05 0.894324 9.9973E-05 0.0499716
0.0400119 9.9982E-05 0.0170229 0.852139 9.9982E-05 0.0906266
0.0249256 9.9973E-05 9.9973E-05 0.838937 9.9973E-05 0.135837
0.108826 9.9973E-05 9.9973E-05 0.785454 9.9973E-05 0.10542
0.0461305 9.9973E-05 9.9973E-05 0.792098 9.9973E-05 0.161471
0.0444182 9.9973E-05 9.9973E-05 0.819732 9.9973E-05 0.13555
9.9991E-05 0.0321078 0.0146325 0.132086 0.35637 0.464704
9.9982E-05 9.9982E-05 0.097288 0.0876259 0.100041 0.714845
0.0857821 0.0268367 0.189326 0.1272 0.10166 0.469195
9.9982E-05 9.9982E-05 0.129714 0.0378023 0.664957 0.167327
0.015834 0.11409 9.9991E-05 0.112243 0.240797 0.516936
0.00922037 9.9982E-05 9.9982E-05 0.161154 0.693304 0.136121
9.9973E-05 9.9973E-05 9.9973E-05 0.14349 0.141107 0.715102
9.9991E-05 0.169477 0.106753 0.0336266 0.252399 0.437644
9.9991E-05 0.105793 0.0800318 0.0547188 0.207761 0.551595
0.0558373 0.0507816 0.368221 0.0092691 9.9991E-05 0.515791
9.9991E-05 0.177376 0.0577964 0.105376 0.18347 0.475881
9.9991E-05 0.090892 0.000946605 0.0617318 0.222227 0.624102
0.024518 0.0991608 9.9991E-05 0.0923667 0.134575 0.64928
0.041087 0.450543 0.132739 9.9991E-05 0.307584 0.0679471
9.9973E-05 0.0661763 0.0585075 9.9973E-05 0.875016 9.9973E-05
0.0321931 0.0574934 9.9991E-05 0.0467376 0.677225 0.186251
9.9973E-05 9.9973E-05 9.9973E-05 0.134718 0.151339 0.713643
0.0126994 0.010507 0.0333258 0.0962992 0.277201 0.569967
9.9982E-05 9.9982E-05 0.0268379 0.178823 0.263649 0.53049
0.0781023 9.9991E-05 0.0709829 0.0491315 0.134473 0.66721
0.182467 9.9991E-05 0.0370866 0.149301 0.115937 0.515108
0.16082 0.0264286 0.0736537 0.182411 9.9991E-05 0.556587
0.114638 0.133132 9.9991E-05 0.414697 0.160772 0.176661
9.9991E-05 0.0925728 0.090033 0.107805 0.0313206 0.678169
0.115821 0.129385 9.9991E-05 0.208014 0.13649 0.410189
0.145946 9.9973E-05 9.9973E-05 0.444949 0.408805 9.9973E-05
0.176746 9.9991E-05 0.0283443 0.264039 0.144081 0.38669
0.19509 0.105764 0.10751 0.326968 0.0034518 0.261217
0.107151 0.106533 9.9982E-05 0.359104 9.9982E-05 0.427012
0.169836 0.0474562 0.0561149 0.154418 0.0610542 0.51112
0.190193 0.039833 9.9991E-05 0.150822 0.116736 0.502316
0.121337 9.9991E-05 0.0172435 0.209677 0.0276733 0.623968
0.221356 9.9982E-05 9.9982E-05 0.135648 0.210182 0.432614
0.179812 0.0217341 9.9991E-05 0.438012 0.067231 0.293112
