0.0472952 0.825497 0.0857473 0.0411603 9.9973E-05 9.9973E-05 9.9973E-05
9.9973E-05 0.923431 0.0259222 9.9973E-05 0.0408956 0.00945143 9.9973E-05
0.0063908 0.767064 0.056817 0.052205 9.9991E-05 0.0533708 0.0640524
0.101527 0.717764 0.066193 0.0668994 9.9982E-05 9.9982E-05 0.0474166
9.9964E-05 0.874447 9.9964E-05 0.0353597 9.9964E-05 9.9964E-05 0.0897933
0.0629343 0.619041 0.0183316 0.0558095 0.114278 0.0506046 0.0790012
0.0185643 0.823351 0.0163264 0.0221352 0.113966 9.9991E-05 0.00555671
0.20529 0.679272 0.0655003 0.0330163 0.013557 9.9991E-05 0.00326404
0.0705087 0.823816 0.00846653 9.9982E-05 0.0553854 0.0416237 9.9982E-05
0.00515056 0.697249 0.00150262 0.0786459 0.114645 9.9991E-05 0.102707
0.0911773 0.755069 9.9982E-05 9.9982E-05 0.0764358 0.0551121 0.0220057
0.444182 9.9982E-05 9.9982E-05 0.0756816 0.026796 0.175388 0.277752
0.237267 0.00138447 0.0499816 0.0259005 0.0487762 0.0624978 0.574192
0.406685 0.00275301 0.0595411 0.0512699 0.118294 0.131534 0.229922
0.323902 0.0760656 0.0113845 0.152698 0.0630362 0.073665 0.299248
0.278681 0.0811063 0.00421074 0.136309 0.0641021 0.0919928 0.343598
0.13902 0.0252852 0.0580214 0.159903 9.9991E-05 0.00756247 0.610108
0.230882 9.9991E-05 0.0306949 0.0921672 0.057287 0.120353 0.468515
0.305169 0.0978189 0.017773 0.111087 9.9991E-05 0.154177 0.313875
0.616279 0.00523123 0.022234 0.0926573 0.101464 0.157866 0.00426788
0.247227 9.9991E-05 0.0223041 0.136221 0.0486108 0.189488 0.35605
0.117662 0.0725852 9.9991E-05 0.0171094 0.251791 0.126228 0.414525
0.204219 0.0363889 0.00314835 0.0607133 0.00227141 0.139629 0.55363
0.342128 9.9991E-05 0.0127592 0.154256 0.0248257 0.285441 0.18049
0.0953199 0.131086 0.0168781 0.0563532 0.0512538 0.109118 0.539991
0.209579 0.0188673 0.0519153 0.0712798 9.9991E-05 0.130504 0.517754
0.467882 0.042461 0.00747943 0.113714 0.00227066 0.224571 0.141623
0.408236 9.9991E-05 0.000718289 0.191626 0.0290936 0.189325 0.180901
0.43517 0.0351868 9.9991E-05 0.024939 0.167117 0.0795513 0.257936
9.995E-05 9.995E-05 0.9994 9.995E-05 9.995E-05 9.995E-05 9.995E-05
9.995E-05 9.995E-05 0.9994 9.995E-05 9.995E-05 9.995E-05 9.995E-05
9.9973E-05 0.43456 0.401552 9.9973E-05 9.9973E-05 0.0771695 0.0864186
9.9982E-05 0.478976 0.299941 0.101447 9.9982E-05 0.0857871 0.0336496
0.0704492 9.9991E-05 0.0450306 0.0367982 0.0382622 0.355249 0.45411
0.0400208 0.0311145 9.9982E-05 0.104908 9.9982E-05 0.471132 0.352625
9.999E-05 0.0156326 0.0046279 0.04667 0.0181812 0.410351 0.504438
0.510814 0.0752466 0.0287417 9.9991E-05 0.0811656 0.141565 0.162368
0.00108271 9.9973E-05 0.058037 9.9973E-05 9.9973E-05 0.631145 0.309435
0.0907959 0.122273 0.0150026 0.0141794 9.9991E-05 0.270047 0.487602
9.9982E-05 0.0613213 0.024922 0.0233474 9.9982E-05 0.274756 0.615454
0.059672 0.064803 0.0119495 0.00670067 0.13297 0.099292 0.624612
0.100438 0.00995824 0.0941995 0.0139655 9.9991E-05 0.171534 0.609805
0.0526613 0.0474564 0.040593 0.00194604 9.9991E-05 0.746753 0.110491
0.0578772 0.00189811 9.9991E-05 0.144444 0.11075 0.180238 0.504693
0.0241274 9.9991E-05 0.0509542 0.0455226 0.0999583 0.28641 0.492927
0.0347256 0.0916932 9.9991E-05 0.0900105 0.0641818 0.123381 0.595908
9.9973E-05 0.00815742 9.9973E-05 9.9973E-05 0.0520778 0.616512 0.322953
9.9982E-05 0.083226 0.0451282 9.9982E-05 0.0530086 0.255136 0.563301
0.0875391 0.0332366 9.9991E-05 0.0666276 0.0769283 0.212478 0.52309
9.9973E-05 0.0841697 0.0031137 9.9973E-05 0.350191 0.562226 9.9973E-05
0.402112 9.9973E-05 9.9973E-05 9.9973E-05 0.169819 0.259876 0.167893
0.193092 0.0115768 9.9991E-05 0.0444939 0.423471 0.1655 0.161766
0.186964 0.0760744 0.0355029 0.118668 0.0920835 9.9991E-05 0.490608
9.9982E-05 0.102383 0.00692083 0.00967683 0.170583 9.9982E-05 0.710237
0.0486697 0.103466 9.9991E-05 0.0403511 0.0907756 0.0556342 0.661003
0.371746 0.050978 0.0403939 9.9991E-05 0.132174 0.226699 0.177909
0.246028 0.00104873 0.0400418 0.0380219 0.0760241 0.0526905 0.546144
0.110467 0.0108473 9.9991E-05 0.162659 0.157654 0.0800813 0.478192
0.263273 0.0528191 0.0700608 0.0539294 0.107689 0.198323 0.253906
0.38046 0.174801 0.0198983 0.0769969 0.188205 0.122088 0.0375512
0.200444 0.0288075 0.0827956 0.0173623 0.0233284 0.154691 0.492571
0.241255 0.0352112 0.00790744 0.0703653 0.12847 0.0517283 0.465062
0.481603 9.9982E-05 0.0747292 9.9982E-05 0.213451 0.210467 0.0195496
0.185812 9.9991E-05 0.0104524 0.0252622 0.172738 0.0737028 0.531932
0.100387 0.0314748 0.0140381 9.9991E-05 0.117888 0.0925949 0.643517
0.0953357 9.9991E-05 0.0876443 0.105285 0.10683 0.140091 0.464713
0.336064 0.00394786 0.0360805 0.0875991 0.0936998 0.172158 0.270451
0.160464 9.9991E-05 0.0757739 0.0611854 0.200023 0.0591968 0.443257
0.0695464 0.0159103 0.0626301 0.0572224 0.0855833 0.0445694 0.664538
0.381707 9.9982E-05 0.0646051 9.9982E-05 0.159381 0.179161 0.214946
0.0940552 9.9964E-05 9.9964E-05 9.9964E-05 9.9964E-05 0.432969 0.472576
0.0963639 9.9973E-05 0.0384171 9.9973E-05 9.9973E-05 0.721714 0.143205
0.0780709 0.0489427 0.0302427 9.9991E-05 0.0838162 0.204049 0.554779
9.9955E-05 9.9955E-05 9.9955E-05 9.9955E-05 0.143125 0.856375 9.9955E-05
9.9955E-05 9.9955E-05 9.9955E-05 9.9955E-05 0.239842 0.759659 9.9955E-05
9.9955E-05 9.9955E-05 9.9955E-05 9.9955E-05 9.9955E-05 0.767156 0.232345
0.0403773 0.00285087 9.9982E-05 9.9982E-05 0.0598498 0.519063 0.37766
0.0584091 0.0617314 0.0651995 0.0839324 9.9991E-05 0.219779 0.510849
0.0930064 9.9982E-05 9.9982E-05 0.0137181 0.0189637 0.454274 0.419838
0.165556 0.0637549 9.9982E-05 0.0369332 9.9982E-05 0.704922 0.0286339
0.269854 0.0253493 9.9973E-05 9.9973E-05 9.9973E-05 0.534445 0.170052
0.0140298 0.0810313 0.0279032 0.0968637 9.9991E-05 0.303159 0.476913
9.9982E-05 0.0146219 0.0390153 0.0270449 9.9982E-05 0.648331 0.270787
0.052677 0.00301412 0.0675404 0.00958288 9.9991E-05 0.468566 0.39852
9.9982E-05 0.0152843 0.0464788 9.9982E-05 0.0205583 0.648847 0.268631
0.00793965 0.0128857 9.9973E-05 9.9973E-05 0.259727 0.719148 9.9973E-05
0.0637141 0.0473686 0.00655199 0.0444611 9.9991E-05 0.240822 0.596982
0.0427413 0.76307 0.052534 0.0281828 9.9982E-05 9.9982E-05 0.113272
9.9964E-05 0.775486 0.13816 9.9964E-05 9.9964E-05 9.9964E-05 0.0859542
9.9973E-05 0.719714 0.147029 0.035132 9.9973E-05 9.9973E-05 0.0978253
9.9982E-05 0.83711 0.105585 0.00729241 9.9982E-05 0.000889909 0.0489228
9.9964E-05 0.746647 0.116919 9.9964E-05 9.9964E-05 9.9964E-05 0.136034
9.9991E-05 0.832638 0.0744221 0.0452855 0.0208266 0.016836 0.00989158
9.9964E-05 0.872609 0.0484608 9.9964E-05 9.9964E-05 9.9964E-05 0.07853
9.9982E-05 0.111624 9.9982E-05 0.0641909 0.021254 0.298448 0.504284
0.0265 0.109434 0.0456845 0.0963155 0.00982052 0.204123 0.508123
0.107459 0.0205918 0.0144869 9.9982E-05 0.0553098 0.801952 9.9982E-05
0.0355541 0.0827665 0.0733087 0.0824009 0.023006 0.180152 0.522812
0.0800275 0.0332754 9.9982E-05 0.0619059 9.9982E-05 0.461894 0.362697
9.9991E-05 0.0337239 0.0199046 0.0470568 0.00320885 0.363815 0.532191
0.056413 9.9991E-05 0.0435688 0.0468983 0.055263 0.283597 0.51416
9.9973E-05 9.9973E-05 0.0536807 9.9973E-05 0.055231 0.398928 0.49186
0.151309 0.0717819 9.9973E-05 9.9973E-05 0.0322771 0.744332 9.9973E-05
0.139512 0.0822385 0.0600162 0.065806 0.0149545 0.174159 0.463314
0.0950196 9.9982E-05 0.0428284 0.106887 9.9982E-05 0.258604 0.496461
9.9991E-05 0.0571679 0.0353551 0.135763 0.0158398 0.179675 0.5761
9.9982E-05 9.9982E-05 0.00818803 0.037529 0.155772 0.529996 0.268315
9.9982E-05 0.0032908 0.0224807 9.9982E-05 0.0765415 0.395016 0.502471
0.0579318 0.0374617 0.0134646 9.9991E-05 0.0475019 0.399881 0.443659
9.9964E-05 9.9964E-05 9.9964E-05 0.105746 9.9964E-05 0.630764 0.26309
0.0390462 0.0678866 0.00188748 9.9982E-05 9.9982E-05 0.472378 0.418601
0.0674241 0.171023 0.0115276 0.0181178 9.9991E-05 0.215085 0.516723
0.255163 0.00265969 0.0206021 0.0193796 0.288841 0.0911268 0.322228
0.288878 0.0996273 0.0187685 0.0493933 0.0590301 0.0676012 0.416702
0.104426 0.151039 9.9982E-05 0.0694542 0.142279 9.9982E-05 0.532602
0.0905378 0.0596583 9.9991E-05 0.0955298 0.0574281 0.136318 0.560429
0.294702 0.0807926 0.0192981 9.9991E-05 0.0224143 0.0735593 0.509133
0.256489 9.9973E-05 9.9973E-05 0.0665374 0.0485393 9.9973E-05 0.628134
0.388279 0.015866 0.00517663 0.00178098 0.0673128 0.0199675 0.501617
0.20107 0.0667878 0.0190612 9.9991E-05 0.0779597 0.188368 0.446653
0.196326 0.0374066 9.9982E-05 0.0760319 0.117164 9.9982E-05 0.572872
0.213977 9.9982E-05 0.0418934 9.9982E-05 0.0658831 0.021358 0.656688
0.355763 9.9982E-05 0.00557832 9.9982E-05 0.0154652 0.0952417 0.527752
0.115633 0.0375231 9.9982E-05 0.0881778 0.104419 9.9982E-05 0.654047
0.0518531 9.9991E-05 0.0502377 0.0447851 0.105683 0.0793099 0.668031
0.283736 0.0388543 9.9991E-05 0.0414557 0.00165734 0.0530353 0.581162
0.098973 9.9991E-05 0.0718678 0.104166 0.216951 0.0329243 0.475018
0.257464 9.9973E-05 9.9973E-05 0.118357 9.9973E-05 0.0941688 0.52971
0.263991 0.0876667 0.03679 9.9982E-05 0.209237 9.9982E-05 0.402115
0.223923 0.00678348 9.9991E-05 0.0285497 0.0301529 0.0496675 0.660824
0.174217 9.9973E-05 0.0337978 9.9973E-05 0.0794092 9.9973E-05 0.712276
0.435977 9.9982E-05 9.9982E-05 0.111171 0.0632994 0.192596 0.196756
0.280149 0.00255096 9.9991E-05 0.0507003 0.403634 0.0970297 0.165836
0.227786 0.116534 9.9982E-05 0.0705896 9.9982E-05 0.0775241 0.507366
0.33766 9.9982E-05 9.9982E-05 0.0292851 0.394875 0.13611 0.101869
0.474557 0.0546149 0.00770468 9.9991E-05 0.021715 0.205185 0.236123
0.374328 9.9982E-05 9.9982E-05 0.00116107 0.0140335 0.159292 0.450986
0.410868 9.9973E-05 0.0509711 9.9973E-05 9.9973E-05 0.213316 0.324545
0.443111 0.0232371 9.9991E-05 0.037796 0.0110754 0.170525 0.314156
0.138738 0.0304393 0.0573997 0.0330596 0.0352806 0.12197 0.583113
0.137917 0.09105 9.9991E-05 0.109611 0.0297175 0.0233565 0.608247
0.0622698 0.0108598 0.00775672 0.0301141 0.18342 0.130922 0.574657
0.347898 9.9982E-05 9.9982E-05 0.110199 0.306727 0.114805 0.120171
0.123074 0.096792 0.0726062 9.9991E-05 0.0827599 0.0950535 0.529614
0.00654951 0.0185121 0.0192425 9.9991E-05 0.298956 0.0934387 0.563201
0.147099 0.124952 0.0250473 9.9991E-05 0.484354 0.204759 0.0136891
0.0227802 0.107077 0.0554244 9.9991E-05 0.0879281 0.0258455 0.700845
0.0542042 0.0751347 0.0303614 9.9991E-05 0.364507 0.0396095 0.436083
0.0472494 0.0351216 0.0395243 0.0100639 0.203199 0.0660091 0.598833
0.0691702 0.0542757 0.0301614 9.9991E-05 0.428697 0.0602669 0.357328
0.163651 0.0254814 0.011613 9.9991E-05 0.496109 0.0746235 0.228422
0.11046 0.044237 0.00943784 9.9991E-05 0.347798 0.0131432 0.474823
0.0454303 0.152693 9.9991E-05 0.0410859 0.204854 0.0733841 0.482452
0.120284 0.0628765 0.0759943 0.0638579 0.0976352 0.0438177 0.535534
0.0737859 0.0217566 0.0322649 0.158779 0.40835 0.304964 9.9991E-05
0.106346 9.9991E-05 0.0678133 0.154339 0.160422 0.115383 0.395596
0.101472 9.9973E-05 9.9973E-05 9.9973E-05 0.397126 0.131863 0.369239
0.104566 9.9982E-05 0.0083315 9.9982E-05 0.252867 0.15544 0.478596
0.0180702 0.0912585 0.052627 9.9991E-05 0.156321 0.0371603 0.644463
9.9982E-05 0.262157 0.0223565 0.251907 0.282463 9.9982E-05 0.180916
9.9973E-05 0.515504 0.00941769 0.141543 0.333236 9.9973E-05 9.9973E-05
9.9973E-05 0.432427 0.0207502 0.145245 0.401278 9.9973E-05 9.9973E-05
0.0219568 0.346366 0.0242369 0.334706 0.209092 9.9991E-05 0.0635426
9.9964E-05 9.9964E-05 9.9964E-05 9.9964E-05 0.237613 0.0480183 0.713969
0.0615191 9.9982E-05 0.072905 9.9982E-05 0.0981053 0.212447 0.554824
9.9973E-05 9.9973E-05 0.0114804 0.673426 9.9973E-05 0.034054 0.28074
0.0990231 9.9982E-05 0.0177323 0.48146 9.9982E-05 0.0164423 0.385143
0.0485464 0.00788454 0.0878622 0.473593 0.0233948 0.0484973 0.310221
9.9973E-05 9.9973E-05 0.0117169 9.9973E-05 0.460517 0.10677 0.420696
0.115217 0.0738717 9.9991E-05 0.025367 0.189811 0.0463889 0.549245
9.9955E-05 9.9955E-05 9.9955E-05 9.9955E-05 0.720141 9.9955E-05 0.279359
9.9973E-05 0.0433106 9.9973E-05 9.9973E-05 0.221224 0.0773971 0.657768
0.0146646 0.0209416 9.9982E-05 9.9982E-05 0.360104 0.0314549 0.572635
0.0292554 0.0143442 9.9991E-05 0.0118331 0.298828 0.0293238 0.616315
0.0794649 9.9973E-05 9.9973E-05 9.9973E-05 0.555413 0.106101 0.258722
0.0713729 0.0872553 0.00858067 0.0532323 0.120159 0.0547884 0.604612
0.0203462 0.0443999 9.9991E-05 0.0304836 0.209237 0.0917738 0.60366
9.9964E-05 9.9964E-05 9.9964E-05 0.940481 9.9964E-05 0.0227323 0.0363871
9.9973E-05 9.9973E-05 9.9973E-05 0.878532 0.00487785 0.00864329 0.107647
9.9982E-05 0.0566668 0.0184278 0.537727 9.9982E-05 0.0640701 0.322909
0.010223 9.9982E-05 0.0136896 0.589378 0.00372031 9.9982E-05 0.382789
9.9973E-05 0.00422516 9.9973E-05 0.803014 9.9973E-05 0.0134545 0.179006
9.995E-05 9.995E-05 9.995E-05 0.9994 9.995E-05 9.995E-05 9.995E-05
0.0243215 9.9973E-05 0.00123387 0.9728 9.9973E-05 0.00134462 9.9973E-05
9.9955E-05 9.9955E-05 9.9955E-05 0.805971 9.9955E-05 9.9955E-05 0.193529
9.9964E-05 9.9964E-05 9.9964E-05 0.972708 9.9964E-05 0.00369731 0.0231949
9.995E-05 9.995E-05 9.995E-05 0.9994 9.995E-05 9.995E-05 9.995E-05
9.9955E-05 9.9955E-05 0.00536843 0.994132 9.9955E-05 9.9955E-05 9.9955E-05
0.00644199 9.9973E-05 0.0810498 0.715706 9.9973E-05 9.9973E-05 0.196502
0.0696995 9.9973E-05 0.0146856 0.81174 9.9973E-05 9.9973E-05 0.103575
9.9955E-05 9.9955E-05 9.9955E-05 0.993058 9.9955E-05 0.00644251 9.9955E-05
0.0787911 0.0435236 9.9991E-05 0.343364 0.0317014 0.0805005 0.422019
0.050272 9.9991E-05 0.0669154 0.622488 0.00836324 0.0513755 0.200486
9.9973E-05 0.0346493 0.0236348 0.764713 9.9973E-05 9.9973E-05 0.176703
0.00855159 9.9973E-05 0.031761 0.880419 9.9973E-05 9.9973E-05 0.078969
9.995E-05 9.995E-05 9.995E-05 0.9994 9.995E-05 9.995E-05 9.995E-05
0.0210674 0.0588546 9.9964E-05 0.919678 9.9964E-05 9.9964E-05 9.9964E-05
9.9955E-05 9.9955E-05 0.000169993 0.99933 9.9955E-05 9.9955E-05 9.9955E-05
9.9982E-05 0.0160054 0.00949944 0.599624 0.0563831 9.9982E-05 0.318288
9.9982E-05 0.00515496 9.9982E-05 0.901417 0.00554511 0.0634072 0.024276
9.9973E-05 0.31701 0.00873364 0.0830294 0.590927 9.9973E-05 9.9973E-05
0.0576368 0.161487 0.033594 0.0285091 0.209822 9.9991E-05 0.508851
0.0203404 0.21309 9.9991E-05 0.107907 0.164239 0.14145 0.352874
0.0388627 0.189991 0.0393985 0.089625 0.40259 0.0647575 0.174775
0.116186 0.125315 0.0177552 0.129259 0.145639 9.9991E-05 0.465745
9.9991E-05 0.198869 0.0366943 0.155601 0.391508 0.0568289 0.160399
0.168227 0.19584 9.9991E-05 0.0331258 0.104581 0.00810685 0.490019
9.9982E-05 0.178339 9.9982E-05 0.205341 0.269813 0.103618 0.242688
9.9982E-05 0.170648 0.0440818 0.0626042 0.202963 9.9982E-05 0.519503
9.9982E-05 0.103429 0.0859637 0.158145 0.309759 9.9982E-05 0.342504
0.0538083 0.105522 0.0550297 0.0705495 0.185087 0.0333791 0.496624
0.0706452 0.817775 9.9973E-05 9.9973E-05 0.0564776 9.9973E-05 0.054802
9.9973E-05 0.83315 0.0856438 0.066393 0.0145129 9.9973E-05 9.9973E-05
0.0415733 0.888156 0.0479935 9.9973E-05 9.9973E-05 0.0219774 9.9973E-05
0.0536475 0.879736 0.0222162 9.9982E-05 9.9982E-05 0.00472904 0.039471
0.101514 0.759744 0.1315 0.00694307 9.9973E-05 9.9973E-05 9.9973E-05
9.9964E-05 0.850805 0.0662462 0.0825485 9.9964E-05 9.9964E-05 9.9964E-05
9.9973E-05 0.849921 0.0700374 0.037225 9.9973E-05 9.9973E-05 0.0425162
9.9973E-05 0.880839 0.0100992 9.9973E-05 0.0401947 9.9973E-05 0.0685671
9.9973E-05 0.890083 0.0295938 0.0223618 9.9973E-05 0.057662 9.9973E-05
0.0228721 0.829346 0.0103761 0.129304 0.00790143 9.9982E-05 9.9982E-05
0.203599 0.560584 0.0939025 9.9982E-05 0.0249192 0.116796 9.9982E-05
0.306306 0.550453 0.0574359 0.00598492 0.0203833 0.0593369 9.9991E-05
0.271604 0.498808 0.0493867 9.9982E-05 0.138697 0.0413038 9.9982E-05
0.365059 0.503306 9.9973E-05 9.9973E-05 0.051905 0.0794301 9.9973E-05
0.169467 0.0199118 0.0196172 0.0190443 9.9991E-05 0.269929 0.50193
0.0760399 0.0442959 9.9991E-05 0.112574 0.0463482 0.238525 0.482117
0.192338 0.0266474 9.9982E-05 0.0967957 9.9982E-05 0.225395 0.458624
0.243606 0.0156056 0.0396544 9.9991E-05 0.0642584 0.234437 0.402338
0.604444 9.9982E-05 9.9982E-05 0.0287085 0.0559224 0.157977 0.152748
9.9973E-05 0.0820062 9.9973E-05 0.0892921 9.9973E-05 0.271048 0.557353
0.0457943 9.9973E-05 9.9973E-05 0.0435649 9.9973E-05 0.334479 0.575862
0.131654 0.00880127 0.0313901 0.0400123 0.0582285 0.283009 0.446905
9.9973E-05 9.9973E-05 9.9973E-05 0.0784282 0.04426 0.589187 0.287825
0.138479 0.0150934 9.9991E-05 0.0274242 0.10455 0.158417 0.555937
0.113794 9.9991E-05 0.0155186 0.0579888 0.0302622 0.478869 0.303467
0.0935758 9.9964E-05 9.9964E-05 9.9964E-05 0.168615 0.737409 9.9964E-05
0.106123 9.9991E-05 0.0692447 0.0445299 0.124213 0.194554 0.461236
9.9973E-05 0.0281931 9.9973E-05 9.9973E-05 0.192736 0.553992 0.224779
0.0522119 9.9973E-05 9.9973E-05 0.0324727 9.9973E-05 0.426812 0.488203
0.163463 0.0554378 9.9973E-05 9.9973E-05 9.9973E-05 0.729608 0.0511908
0.740517 0.123939 0.00366833 9.9991E-05 0.107649 0.0178439 0.00628304
0.711258 0.115204 9.9973E-05 9.9973E-05 0.114967 9.9973E-05 0.0582713
0.78813 9.9973E-05 0.0479856 9.9973E-05 0.156199 0.00738536 9.9973E-05
0.769401 0.11065 9.9964E-05 9.9964E-05 0.119549 9.9964E-05 9.9964E-05
0.6906 9.9973E-05 0.0299619 9.9973E-05 0.19489 9.9973E-05 0.0842479
0.65649 0.0690792 9.9982E-05 0.0217969 0.109918 9.9982E-05 0.142516
9.9982E-05 0.766833 0.0867366 0.0115579 9.9982E-05 0.028087 0.106586
0.047894 0.804034 0.0208118 0.0596824 9.9982E-05 9.9982E-05 0.0673782
9.9982E-05 0.699773 0.0552942 0.1032 0.0118406 9.9982E-05 0.129691
0.103407 0.6614 0.0594682 0.147474 9.9991E-05 0.0102197 0.0179309
0.0307119 0.764637 0.0431082 0.0889259 0.00969043 9.9991E-05 0.0628265
0.533707 0.330335 0.0745978 9.9982E-05 0.0441618 0.0169987 9.9982E-05
0.342365 0.451814 0.00455979 9.9982E-05 0.114437 0.0866249 9.9982E-05
0.426432 0.428201 0.0422507 0.00463184 0.0140407 0.084343 9.9991E-05
9.995E-05 9.995E-05 0.9994 9.995E-05 9.995E-05 9.995E-05 9.995E-05
0.49452 0.413537 0.0152018 9.9973E-05 9.9973E-05 0.0764419 9.9973E-05
9.9982E-05 0.263499 0.0402764 0.321836 0.129751 9.9982E-05 0.244438
0.00283786 0.0748456 0.0310296 0.1666 0.0974167 0.0336847 0.593585
9.9973E-05 0.145966 0.0567095 0.259436 9.9973E-05 9.9973E-05 0.537589
0.0217532 0.221398 0.0114832 0.217152 0.13639 0.0608705 0.330953
0.0492109 0.141767 0.0244882 0.174901 0.134448 0.00355697 0.471628
9.9973E-05 0.447977 0.00481172 0.311736 0.235176 9.9973E-05 9.9973E-05
0.321826 9.9973E-05 9.9973E-05 9.9973E-05 0.0552138 0.136549 0.486111
0.22545 0.00680384 0.00832269 9.9991E-05 0.224925 0.151653 0.382745
0.460905 0.08752 0.0398451 9.9991E-05 0.0759399 0.0238228 0.311867
0.0699221 9.9973E-05 9.9973E-05 9.9973E-05 0.261167 0.143449 0.525161
0.117948 9.9964E-05 9.9964E-05 9.9964E-05 0.621626 0.260026 9.9964E-05
0.101357 9.9991E-05 0.0190836 0.0544829 0.137862 0.150561 0.536555
0.152514 0.0493855 0.0101473 0.0357947 0.176563 0.0934473 0.482148
0.40549 0.0185596 0.0391246 9.9991E-05 0.0326515 0.147361 0.356713
0.127127 0.0806868 0.00626723 0.0300293 0.147738 0.00601471 0.602138
0.267299 9.9973E-05 9.9973E-05 9.9973E-05 0.389048 0.19673 0.146623
0.172113 9.9991E-05 0.0134088 0.0495771 0.270439 0.0233886 0.470974
0.238237 0.00461665 0.0093395 0.00436623 0.0633612 0.144508 0.535572
0.0533953 0.104326 9.9991E-05 0.214445 0.115237 0.146159 0.366337
0.258773 9.9973E-05 9.9973E-05 9.9973E-05 0.201946 0.102261 0.43672
0.230086 0.00496607 0.011223 9.9991E-05 0.128664 0.104151 0.52081
0.103369 0.0403121 9.9991E-05 0.0820699 0.151488 0.126438 0.496223
0.190336 0.0413121 9.9982E-05 9.9982E-05 0.133706 0.149788 0.484658
0.0488348 0.0324505 0.0124643 0.0877696 0.0602772 0.127691 0.630513
0.104331 0.157889 9.9982E-05 0.0609119 9.9982E-05 0.198534 0.478134
0.143883 9.9991E-05 0.0593624 0.0568601 0.166323 0.0904523 0.48302
9.9964E-05 0.78363 9.9964E-05 0.0726841 9.9964E-05 9.9964E-05 0.143286
9.9982E-05 0.831254 0.020305 0.0331078 9.9982E-05 0.0428067 0.072327
0.0233537 0.766378 9.9991E-05 0.0172091 0.0512463 0.0719045 0.0698082
0.02277 0.786312 0.0231229 0.0354117 9.9991E-05 0.0872664 0.0450168
9.9964E-05 0.775562 0.061192 9.9964E-05 9.9964E-05 9.9964E-05 0.162846
0.58566 9.9982E-05 9.9982E-05 0.00940249 0.0804099 0.0630306 0.261297
0.157427 0.0940067 9.9991E-05 0.0741839 0.0539756 0.105614 0.514694
0.0580841 0.1516 0.0523886 0.194332 0.0919494 0.0617179 0.389928
0.182364 9.9991E-05 0.0404173 0.0464392 0.0278666 0.0315103 0.671303
0.310346 0.0378846 9.9982E-05 9.9982E-05 0.00530536 0.101806 0.544458
0.364265 9.9973E-05 9.9973E-05 0.169904 0.254414 9.9973E-05 0.211117
0.580528 0.0558673 0.0827457 9.9982E-05 0.17115 0.109509 9.9982E-05
0.258166 0.0452399 0.0102701 0.0191866 0.0911066 0.0776155 0.498415
0.518237 0.0575222 0.0222387 0.0764849 0.124516 0.048199 0.152803
0.193783 0.0657593 9.9991E-05 0.106182 0.141667 0.116685 0.375824
0.513446 0.0954346 0.0347576 0.0171101 0.132429 0.0935304 0.113292
0.224355 0.0551028 0.0279082 0.115023 9.9982E-05 9.9982E-05 0.577411
0.509244 0.074256 0.0297176 0.0129511 0.14231 0.0703259 0.161195
0.362597 0.0251928 0.0265698 0.103965 0.154219 0.0572427 0.270214
0.117206 0.0542099 0.0103853 0.0618487 0.222604 0.110575 0.423171
0.0853089 0.0234068 9.9973E-05 9.9973E-05 0.494105 9.9973E-05 0.39688
0.0902624 0.0773778 0.0148911 9.9991E-05 0.164758 0.082871 0.569739
0.0138872 0.0782885 0.0481984 0.00463402 0.218231 0.034097 0.602664
0.0838933 9.9973E-05 9.9973E-05 9.9973E-05 0.517491 0.00935478 0.388961
0.0746881 0.00185773 0.0730029 0.125238 0.234739 0.102177 0.388298
0.117589 9.9982E-05 0.0488692 9.9982E-05 0.253643 0.00257572 0.577122
0.0373691 9.9973E-05 9.9973E-05 9.9973E-05 0.733215 0.0320149 0.197101
9.9964E-05 9.9964E-05 9.9964E-05 9.9964E-05 0.630581 0.00409276 0.364926
0.118996 9.9964E-05 9.9964E-05 9.9964E-05 0.305713 9.9964E-05 0.574892
0.0988476 9.9973E-05 9.9973E-05 9.9973E-05 0.556659 0.177273 0.16692
0.127132 0.0108687 9.9982E-05 9.9982E-05 0.289573 0.0472442 0.524983
0.638006 9.9982E-05 0.021983 0.0266386 9.9982E-05 0.168526 0.144647
0.34371 9.9973E-05 9.9973E-05 9.9973E-05 0.250103 0.087026 0.318862
0.468331 9.9982E-05 0.00234895 0.10963 9.9982E-05 0.165424 0.254066
0.162757 0.0323054 0.0401326 0.0704906 0.0716588 9.9991E-05 0.622556
0.452251 9.9982E-05 9.9982E-05 0.047352 0.0441467 0.289204 0.166847
0.148739 0.0168642 9.9991E-05 0.178535 0.160067 0.0927269 0.402967
0.252514 0.00257243 9.9991E-05 0.0798604 0.02033 0.0640264 0.580597
0.278573 0.0199231 9.9991E-05 0.0710512 0.00555925 0.0868883 0.537905
0.194246 0.0283382 0.0397552 0.0458297 0.070498 0.147802 0.473531
0.292647 0.0440388 0.00514115 0.101403 9.9991E-05 0.207318 0.349352
0.49605 9.9982E-05 0.0257203 0.05827 9.9982E-05 0.150346 0.269413
0.376692 0.0431478 9.9991E-05 0.07625 0.144311 0.0373309 0.322168
0.219726 0.00346286 0.000970632 0.102536 9.9991E-05 0.141927 0.531277
0.072608 0.0998368 0.079527 9.9982E-05 9.9982E-05 0.151556 0.596273
0.206631 0.00814272 0.0759823 9.9991E-05 0.177482 0.0628949 0.468767
0.158476 9.9982E-05 9.9982E-05 0.0421948 0.149567 0.0430424 0.60652
0.376788 0.0670789 0.0217869 0.035379 0.0984438 0.0624772 0.338046
0.212926 0.0106151 0.0102007 9.9982E-05 9.9982E-05 0.111775 0.654283
0.178793 0.0741374 0.00968317 0.0256566 0.042296 0.0398209 0.629613
0.102958 0.0843798 0.0318989 0.100897 0.119878 0.0893516 0.470636
9.9991E-05 0.342007 0.0623714 0.0719373 0.035632 0.0616616 0.42629
9.9982E-05 0.148442 0.00132305 0.279547 0.122722 9.9982E-05 0.447766
0.0306392 0.149851 0.0444074 0.150015 0.0801556 0.0842199 0.460712
0.0629494 0.0277693 0.0273123 0.175083 0.112947 0.102784 0.491155
9.9982E-05 0.177354 0.041066 0.204829 9.9982E-05 0.142383 0.434167
0.168553 9.9973E-05 9.9973E-05 0.00324211 0.280731 9.9973E-05 0.547174
0.0194634 0.16661 9.9991E-05 0.186772 0.085129 0.0777395 0.464186
9.9991E-05 0.248899 0.00306409 0.144202 0.424423 0.171138 0.00817405
0.0429526 0.141197 0.0598896 0.167124 0.0783775 0.10381 0.406648
0.0166061 0.100088 0.0866759 0.0943427 0.138691 9.9991E-05 0.563496
0.0571099 0.0529237 0.0418967 0.260655 0.0583746 0.06897 0.46007
0.0315085 0.188659 0.0550962 0.0746919 0.271404 9.9991E-05 0.378541
0.0822707 0.19095 9.9991E-05 0.18521 0.0540538 0.0231496 0.464266
0.0165554 0.0987611 0.0720938 0.196638 0.100548 9.9991E-05 0.515304
9.9973E-05 0.414671 0.0289442 0.188535 0.36755 9.9973E-05 9.9973E-05
9.9982E-05 0.16646 0.0911194 0.216655 9.9982E-05 0.0339848 0.491582
0.0306804 0.131921 9.9982E-05 0.183547 0.0788866 9.9982E-05 0.574765
9.9991E-05 0.160559 0.0156398 0.0796204 0.16586 0.0286015 0.549619
0.0262333 0.19459 9.9982E-05 0.186235 0.00683395 9.9982E-05 0.585907
0.0162521 0.164495 0.0181504 0.117428 0.0680722 0.0819456 0.533657
0.04942 0.0419049 0.00737175 0.0714691 0.19421 0.208941 0.426684
0.0177122 0.0908531 0.0260877 0.051939 0.202329 0.0466106 0.564468
0.102758 9.9973E-05 9.9973E-05 9.9973E-05 0.606508 0.234618 0.0558155
0.0889533 9.9973E-05 9.9973E-05 9.9973E-05 0.666483 0.198455 0.0458087
0.0338759 9.9991E-05 0.0203209 0.13975 0.259345 0.0624312 0.484177
9.9973E-05 0.083053 9.9973E-05 0.303071 0.19458 9.9973E-05 0.418996
9.9973E-05 0.0455864 9.9973E-05 0.43001 0.250124 9.9973E-05 0.27398
9.9991E-05 0.172161 0.0276592 0.285092 0.32466 0.0569352 0.133393
9.9991E-05 0.131156 0.0277854 0.321431 0.138659 0.027511 0.353358
9.9973E-05 0.0302124 9.9973E-05 0.0703361 0.710962 9.9973E-05 0.188189
9.9991E-05 0.020475 0.0369394 0.121206 0.549718 0.076134 0.195428
9.9982E-05 9.9982E-05 0.0554735 0.106852 0.225879 0.0406094 0.570986
9.9982E-05 0.0495669 9.9982E-05 0.100511 0.249232 0.0696231 0.530867
0.0064968 0.0201472 0.0301504 0.0810855 0.474186 0.0531123 0.334822
0.0726669 0.088998 0.00843268 0.127107 0.218212 9.9991E-05 0.484483
9.9973E-05 0.0356051 9.9973E-05 0.0954199 0.257881 9.9973E-05 0.610794
0.0876499 0.0295256 9.9991E-05 0.17894 0.136075 0.166737 0.400972
0.125346 9.9973E-05 9.9973E-05 9.9973E-05 0.433815 0.107237 0.333302
0.0329071 9.9991E-05 0.0134496 0.00170911 0.34226 0.241436 0.368138
0.0987946 0.0131508 0.0494774 0.00745194 0.215797 0.059915 0.555413
0.137988 0.0674424 9.9982E-05 9.9982E-05 0.257062 0.0658734 0.471434
0.0736977 0.132287 0.0272804 0.0126001 0.178512 0.0830274 0.492596
9.9964E-05 9.9964E-05 9.9964E-05 9.9964E-05 0.415286 0.0485666 0.535747
0.103237 9.9973E-05 9.9973E-05 9.9973E-05 0.557586 0.0249185 0.313958
9.9982E-05 0.0497509 9.9982E-05 0.0681867 0.195717 0.0767492 0.609396
0.00867057 9.9973E-05 9.9973E-05 9.9973E-05 0.475358 0.214678 0.300993
9.9973E-05 9.9973E-05 0.0326639 9.9973E-05 0.376429 0.0294783 0.561129
9.9991E-05 0.0398917 0.0636583 0.0793213 0.18932 0.140673 0.487036
0.0555702 0.0736953 9.9982E-05 9.9982E-05 0.196524 0.0982129 0.575798
9.9982E-05 0.183045 9.9982E-05 0.120729 0.116704 0.0126029 0.566718
0.0804874 0.138276 0.00643582 0.127701 0.240519 0.0150663 0.391514
0.0327657 0.126726 0.016786 0.250661 0.19996 0.0250132 0.348088
0.0572344 0.164881 0.0784453 0.189815 0.190537 9.9991E-05 0.318987
0.141207 0.182537 0.01902 0.172392 9.9991E-05 0.00433053 0.480414
0.0126061 0.121249 0.0681657 0.158694 0.156883 0.0671259 0.415277
0.0353617 0.137711 0.0173099 0.188342 0.613886 0.0072895 9.9991E-05
0.0308557 0.0555927 0.0352806 0.229825 0.0952415 9.9991E-05 0.553105
9.9973E-05 0.318192 0.00588491 0.150764 0.524859 9.9973E-05 9.9973E-05
9.9982E-05 0.0680118 9.9982E-05 0.155581 0.194272 0.0427177 0.539217
9.9964E-05 9.9964E-05 9.9964E-05 9.9964E-05 0.583219 0.293835 0.122546
0.00762947 9.9964E-05 9.9964E-05 9.9964E-05 0.687144 0.304827 9.9964E-05
0.0231881 9.9991E-05 0.0195089 0.0209184 0.301536 0.119515 0.515233
9.9982E-05 9.9982E-05 0.00755478 0.00565371 0.216366 0.0756737 0.694552
0.0415769 9.9973E-05 9.9973E-05 9.9973E-05 0.393943 0.127856 0.436324
9.9973E-05 9.9973E-05 9.9973E-05 0.0324659 0.22879 0.230243 0.508201
9.9964E-05 9.9964E-05 9.9964E-05 9.9964E-05 0.239345 0.13 0.630255
9.9982E-05 0.76834 0.0686442 0.0244551 9.9982E-05 0.0398333 0.0985279
0.0763203 0.67066 0.0382065 0.158185 9.9982E-05 0.0564283 9.9982E-05
0.0282813 0.879204 0.0305687 0.0616464 9.9973E-05 9.9973E-05 9.9973E-05
9.9964E-05 0.807151 0.138575 9.9964E-05 9.9964E-05 9.9964E-05 0.0538735
0.0425672 0.0309856 0.0618404 0.0195136 0.0320065 0.385175 0.427911
9.9982E-05 0.0156722 0.00824264 0.196508 9.9982E-05 0.547807 0.23157
0.00717145 0.00819953 0.0225369 9.9982E-05 9.9982E-05 0.497377 0.464515
0.00321633 0.137945 0.00166255 9.9982E-05 9.9982E-05 0.261592 0.595384
0.0522797 0.134865 0.00026473 0.00371803 0.0231813 0.273058 0.512633
0.210265 9.9973E-05 9.9973E-05 9.9973E-05 0.0892369 0.504837 0.195361
9.9973E-05 9.9973E-05 0.00796517 0.0170915 9.9973E-05 0.474063 0.50058
9.9973E-05 9.9973E-05 0.0110506 9.9973E-05 0.130792 0.573284 0.284573
9.9982E-05 0.263674 9.9982E-05 0.099379 0.0560915 0.0260369 0.554618
0.0100739 0.0156003 9.9991E-05 0.0808011 0.0490978 0.476929 0.367398
0.0830858 9.9973E-05 0.0250512 9.9973E-05 9.9973E-05 0.531774 0.359789
0.00662672 9.9973E-05 9.9973E-05 9.9973E-05 0.0363029 0.400788 0.555983
0.0379083 9.9973E-05 0.0137741 9.9973E-05 9.9973E-05 0.553992 0.394025
9.9982E-05 0.0176914 0.00261944 9.9982E-05 0.0956694 0.346916 0.536904
9.9973E-05 0.0784725 0.0228479 9.9973E-05 9.9973E-05 0.404182 0.494198
9.9955E-05 9.9955E-05 9.9955E-05 9.9955E-05 0.0737135 0.925787 9.9955E-05
0.0491048 0.0261501 9.9982E-05 9.9982E-05 0.0754074 0.666036 0.183102
9.9973E-05 0.00243271 9.9973E-05 9.9973E-05 0.114834 0.491792 0.390641
9.9955E-05 9.9955E-05 9.9955E-05 9.9955E-05 0.258926 0.740574 9.9955E-05
0.0466087 9.9982E-05 0.0463877 9.9982E-05 0.0400658 0.472628 0.39411
9.9973E-05 9.9973E-05 9.9973E-05 0.0111891 0.306178 0.582314 0.100019
9.9964E-05 0.0181862 9.9964E-05 9.9964E-05 0.333176 0.648238 9.9964E-05
9.9982E-05 9.9982E-05 0.0210315 0.024715 0.00571729 0.410528 0.537809
0.0813525 0.0677757 9.9973E-05 9.9973E-05 9.9973E-05 0.702835 0.147737
0.0852049 0.0112098 9.9991E-05 0.0249354 0.0235756 0.466953 0.388021
9.9982E-05 0.160224 0.0373171 0.0373059 9.9982E-05 0.288652 0.476301
0.0928492 9.9973E-05 9.9973E-05 0.0252148 9.9973E-05 0.389833 0.491803
0.252605 9.9982E-05 9.9982E-05 0.00899556 0.281171 0.0531927 0.403835
0.0136248 9.9982E-05 0.038344 0.0154543 9.9982E-05 0.52099 0.411387
0.130156 9.9982E-05 0.0147917 0.0719195 9.9982E-05 0.388121 0.394811
9.9973E-05 9.9973E-05 0.00730212 9.9973E-05 0.0948324 0.660615 0.236951
0.0313704 0.0887396 0.0233362 0.0737304 0.0930341 0.221097 0.468693
0.284454 0.592516 0.0280416 0.0144344 0.0571099 0.0233439 9.9991E-05
0.0559615 0.683255 0.0672366 9.9991E-05 0.0705364 0.0734298 0.0494811
0.0871335 0.683036 0.145018 9.9973E-05 0.084513 9.9973E-05 9.9973E-05
0.118041 0.698654 0.107046 9.9982E-05 0.040436 0.0356221 9.9982E-05
0.164472 0.716652 0.0519807 9.9982E-05 0.0348255 9.9982E-05 0.0318693
0.16882 9.9973E-05 9.9973E-05 0.0533929 9.9973E-05 0.743309 0.0341782
0.0401608 0.101691 0.00924864 9.9991E-05 0.07485 0.630309 0.143641
9.9973E-05 9.9973E-05 9.9973E-05 0.00183454 0.138539 0.734469 0.124857
9.9973E-05 0.114687 9.9973E-05 0.150286 9.9973E-05 0.222244 0.512484
0.110195 0.105794 9.9991E-05 0.0579753 0.0522817 0.197436 0.476218
9.9991E-05 0.0347264 0.0012998 0.00661235 0.119181 0.579941 0.25814
9.9991E-05 0.013754 0.0108383 0.0578638 0.0942922 0.255037 0.568115
9.9973E-05 0.0345031 9.9973E-05 9.9973E-05 0.133968 0.357323 0.473906
0.0534607 0.00630794 0.0855341 9.9991E-05 0.0847292 0.256854 0.513014
0.10132 0.0191492 9.9982E-05 0.122971 9.9982E-05 0.270632 0.485728
0.102503 9.9964E-05 9.9964E-05 9.9964E-05 9.9964E-05 0.652417 0.244681
0.0762113 9.9973E-05 0.0238676 9.9973E-05 9.9973E-05 0.624244 0.275377
0.0769458 9.9964E-05 9.9964E-05 9.9964E-05 9.9964E-05 0.586699 0.335955
0.00889314 0.121614 9.9973E-05 9.9973E-05 0.258593 9.9973E-05 0.6106
9.9964E-05 9.9964E-05 0.0355173 9.9964E-05 9.9964E-05 0.605587 0.358496
9.9991E-05 0.0390619 0.00621464 0.0579226 0.0585628 0.474955 0.363183
9.9982E-05 0.022531 9.9982E-05 0.456212 0.0124408 0.179325 0.329291
0.0347729 0.107221 9.9982E-05 0.447026 0.101797 9.9982E-05 0.308984
9.9982E-05 0.12887 0.0178197 0.385321 0.0578247 9.9982E-05 0.409965
9.9982E-05 0.0670729 0.0245133 0.466689 0.0685144 9.9982E-05 0.37301
9.9991E-05 0.054494 0.050355 0.324739 0.0390688 0.0281054 0.503138
9.9982E-05 0.068189 9.9982E-05 0.0702015 0.170673 0.207591 0.483146
9.9982E-05 0.198509 0.0581236 0.628062 0.0680631 9.9982E-05 0.0470424
9.9982E-05 0.127484 0.0217057 0.406394 9.9982E-05 0.0150704 0.429147
0.0566767 0.133193 0.0633838 0.140318 0.177358 9.9991E-05 0.42897
0.028252 0.136549 0.0397784 0.00319502 0.190547 9.9991E-05 0.601578
0.124384 0.0893498 0.0236054 0.0141945 0.289582 0.0124088 0.446476
0.101703 0.0914484 0.000691407 0.100274 0.0864917 0.0729708 0.54642
9.9982E-05 0.0790706 0.0338079 9.9982E-05 0.125225 0.156911 0.604785
9.9982E-05 0.158424 0.0559667 0.457961 0.0406868 9.9982E-05 0.286762
0.0577408 0.096269 0.0213522 0.428797 0.0551462 0.0831654 0.257529
9.9973E-05 0.0735736 0.0424484 0.437401 9.9973E-05 9.9973E-05 0.446277
0.109617 0.105274 0.021481 0.292506 9.9982E-05 9.9982E-05 0.470922
0.0579454 0.0499587 0.0293137 0.562894 9.9991E-05 0.0664883 0.2333
0.0200287 0.1278 0.0133364 0.377327 9.9991E-05 0.185104 0.276304
9.9982E-05 0.0880594 0.0452529 0.563269 0.0826998 9.9982E-05 0.220519
0.116284 9.9991E-05 0.0868011 0.434125 0.0304311 0.0435941 0.288665
9.9982E-05 0.0683992 0.036702 9.9982E-05 0.312553 0.0478538 0.534292
9.9991E-05 0.183943 0.0422235 0.33368 0.0224959 0.125714 0.291844
9.9973E-05 0.146436 0.04393 0.565082 9.9973E-05 9.9973E-05 0.244252
0.057342 0.115956 0.0167884 0.36963 0.124543 9.9991E-05 0.31564
0.244571 0.119492 0.0240744 0.0131887 0.286278 0.0990885 0.213308
0.067133 9.9982E-05 0.0194379 0.0831025 0.250064 9.9982E-05 0.580063
0.0628328 0.153488 0.0274937 0.214392 0.0901138 0.0344666 0.417213
0.120891 0.12679 9.9982E-05 9.9982E-05 0.0814465 0.0121044 0.658569
0.0515093 0.165176 9.9982E-05 9.9982E-05 0.179413 0.102742 0.50096
0.0239385 0.123698 0.0635086 0.183643 0.107194 0.162995 0.335022
0.000488682 0.190384 0.0217865 0.217385 0.152416 9.9991E-05 0.417439
0.049309 0.0175296 0.0578263 0.0488892 0.221025 0.0323497 0.573072
0.0141859 0.0349225 0.0238143 0.411661 0.0141244 0.13203 0.369262
9.9964E-05 0.156108 9.9964E-05 0.470008 9.9964E-05 9.9964E-05 0.373484
9.9982E-05 0.206244 0.032626 0.563091 0.0307141 9.9982E-05 0.167124
0.0696314 0.0407853 0.0398141 0.0830698 0.0874245 0.0635284 0.615747
0.0617414 0.0908348 0.020437 9.9991E-05 0.191962 0.0920514 0.542873
9.9982E-05 0.0809924 0.0789907 0.0115054 0.617874 9.9982E-05 0.210438
9.9991E-05 0.126394 0.0235564 0.0636725 0.138878 0.0480569 0.599342
0.161791 0.0825096 9.9991E-05 0.0319441 0.223992 0.0702432 0.42942
9.9991E-05 0.168616 0.06174 0.12482 0.140001 0.0211022 0.483621
0.0343699 0.0773459 0.0714489 0.075794 0.165208 0.0952618 0.480571
9.9964E-05 0.32518 9.9964E-05 0.218443 0.455977 9.9964E-05 9.9964E-05
9.9973E-05 0.222409 0.0550317 0.127291 0.594968 9.9973E-05 9.9973E-05
0.0532363 0.153572 9.9982E-05 0.142959 0.376302 9.9982E-05 0.27373
9.9973E-05 0.280133 0.0574661 0.214479 0.447621 9.9973E-05 9.9973E-05
9.9964E-05 0.418106 9.9964E-05 0.221045 0.36045 9.9964E-05 9.9964E-05
0.0180487 0.0814807 0.0687487 0.104458 0.370889 0.0337153 0.32266
0.0187887 0.165687 0.0135618 0.144523 0.218933 0.0964805 0.342025
0.0192689 0.300013 9.9982E-05 0.161025 0.315013 9.9982E-05 0.20448
9.9982E-05 0.231004 0.0576969 0.158126 0.440091 9.9982E-05 0.112882
0.0279493 0.123727 0.0213435 0.0724493 0.152071 0.0779584 0.524501
9.9982E-05 0.110777 0.0697471 0.155305 0.484055 9.9982E-05 0.179916
9.9973E-05 0.395564 0.0163988 0.0788878 0.50885 9.9973E-05 9.9973E-05
0.0290113 0.148673 9.9982E-05 0.164353 0.112636 9.9982E-05 0.545126
0.0454687 0.115255 0.0610571 0.256305 0.189534 0.0175057 0.314875
0.024906 0.230977 0.0243893 0.173801 9.9991E-05 0.138668 0.407159
9.9973E-05 0.179283 0.00881414 0.213028 9.9973E-05 9.9973E-05 0.598574
0.00846655 0.189814 0.0111439 0.230828 9.9991E-05 0.0920605 0.467587
9.9973E-05 0.191879 9.9973E-05 0.231166 0.0517801 9.9973E-05 0.524875
0.0401337 0.347401 0.00416377 0.206441 0.0315543 0.0074381 0.362868
0.00278456 0.172749 0.0637412 0.122523 0.0462758 9.9991E-05 0.591826
9.9973E-05 0.199656 0.0800209 0.220176 9.9973E-05 9.9973E-05 0.499848
0.00341099 0.209427 0.0908833 0.226545 0.148917 9.9991E-05 0.320717
0.100736 0.149863 0.00244639 0.18447 0.0527364 0.280479 0.22927
0.0261976 0.219923 9.9982E-05 0.0983753 9.9982E-05 0.128769 0.526535
0.0637619 0.0771132 0.0810512 0.117062 0.138488 9.9991E-05 0.522424
0.101969 0.074543 0.0292037 0.067923 0.0316522 0.1471 0.547609
0.0321105 0.214559 0.0237625 0.224089 0.0788799 9.9991E-05 0.426499
9.9991E-05 0.0839077 0.0638544 0.19312 0.0678543 0.0544214 0.536742
9.9973E-05 0.392128 9.9973E-05 0.194056 0.20498 9.9973E-05 0.208536
0.142419 0.0761274 0.044583 0.254916 9.9991E-05 0.0433205 0.438534
9.9991E-05 0.212239 0.0351417 0.309154 0.227723 0.0323849 0.183258
0.11243 0.750242 0.0640599 9.9982E-05 0.0323575 0.0407112 9.9982E-05
0.73442 0.0943349 9.9982E-05 0.0487679 9.9982E-05 0.0902377 0.0320399
0.975596 0.0239039 9.9955E-05 9.9955E-05 9.9955E-05 9.9955E-05 9.9955E-05
0.955608 9.9955E-05 0.043892 9.9955E-05 9.9955E-05 9.9955E-05 9.9955E-05
0.983162 9.9955E-05 9.9955E-05 9.9955E-05 9.9955E-05 9.9955E-05 0.0163382
0.918852 9.9973E-05 0.0485437 0.00951392 9.9973E-05 9.9973E-05 0.02279
0.902535 9.9964E-05 0.0505514 9.9964E-05 9.9964E-05 9.9964E-05 0.0465141
0.952702 0.0444932 0.00240485 9.9964E-05 9.9964E-05 9.9964E-05 9.9964E-05
0.74838 0.185612 0.0656088 9.9964E-05 9.9964E-05 9.9964E-05 9.9964E-05
0.0157323 0.863254 0.0696804 9.9982E-05 9.9982E-05 0.00276299 0.0483706
0.121463 0.703161 0.110099 9.9973E-05 9.9973E-05 9.9973E-05 0.0649764
9.9982E-05 0.779043 0.112177 0.00861152 9.9982E-05 0.0623371 0.0376312
0.133636 0.776179 0.0414856 9.9982E-05 0.0295777 9.9982E-05 0.0189214
0.047378 0.860156 9.9973E-05 0.036588 9.9973E-05 9.9973E-05 0.0555777
0.0504197 0.824706 0.047421 0.034178 0.00600336 0.0371722 9.9991E-05
0.0476714 0.654858 0.0488578 0.162808 0.0556051 9.9991E-05 0.0301003
9.9964E-05 0.832809 0.0668028 9.9964E-05 9.9964E-05 9.9964E-05 0.0999887
0.109526 0.688369 9.9982E-05 0.0428702 9.9982E-05 0.0930425 0.0659933
9.9982E-05 0.830813 0.0774117 0.0513537 9.9982E-05 0.0337661 0.00645598
0.0480565 0.838997 0.0887458 9.9973E-05 9.9973E-05 0.0239012 9.9973E-05
0.053494 0.766813 0.0707611 0.0517126 9.9991E-05 0.022295 0.0348239
9.9964E-05 0.935187 0.0178165 9.9964E-05 9.9964E-05 9.9964E-05 0.0465962
9.9964E-05 0.826398 0.0633866 9.9964E-05 9.9964E-05 9.9964E-05 0.109815
0.00486202 0.785606 0.0788535 0.0905627 9.9982E-05 9.9982E-05 0.0399159
9.9973E-05 0.792393 0.0437641 0.0283229 9.9973E-05 9.9973E-05 0.135221
9.9973E-05 0.733781 0.058579 0.130526 9.9973E-05 9.9973E-05 0.0768141
9.9973E-05 0.738515 0.0519831 0.0829977 9.9973E-05 9.9973E-05 0.126204
9.9973E-05 0.712117 0.0857174 0.0946014 9.9973E-05 9.9973E-05 0.107264
0.0591466 0.135392 9.9991E-05 0.0457001 0.283915 0.118003 0.357743
0.117376 0.00913991 0.017633 9.9991E-05 0.0979229 0.0626265 0.695202
9.9991E-05 0.109688 0.0993208 0.0222973 0.0375605 0.186402 0.544631
9.9982E-05 0.0499711 0.0116486 9.9982E-05 0.726599 0.0686958 0.142885
0.137139 0.117628 0.0399324 0.00679153 0.109785 0.0877812 0.500943
9.9982E-05 0.127369 9.9982E-05 0.0100445 0.708796 0.014222 0.139369
9.9973E-05 0.0779445 9.9973E-05 0.0423501 0.198404 9.9973E-05 0.681002
0.0393267 0.123505 0.00622171 9.9991E-05 0.292977 0.130983 0.406887
0.0398127 0.131856 0.0307133 9.9991E-05 0.15325 0.139694 0.504575
0.0446431 0.0353396 9.9982E-05 0.0480319 9.9982E-05 0.402161 0.469624
0.116995 0.0366048 0.0459832 9.9991E-05 0.286994 0.0554115 0.457911
0.0157989 0.132854 0.00652282 9.9991E-05 0.154161 0.0314394 0.659124
0.072581 0.0485932 0.047981 9.9982E-05 0.215383 9.9982E-05 0.615262
0.439049 9.9991E-05 0.00903777 0.0695186 0.19734 0.257404 0.0275499
0.0972779 0.0292322 9.9982E-05 9.9982E-05 0.846422 0.000165352 0.0267024
9.9964E-05 0.0391228 9.9964E-05 9.9964E-05 0.742028 9.9964E-05 0.218449
9.9991E-05 0.116229 0.0189512 0.027968 0.127182 0.0939312 0.615639
0.0487961 0.108221 0.0373169 9.9982E-05 0.272272 9.9982E-05 0.533195
9.9973E-05 0.145805 9.9973E-05 9.9973E-05 0.21672 0.132261 0.504913
9.9991E-05 0.0165229 0.0645864 0.0713757 0.093953 0.129338 0.624124
9.9982E-05 0.181638 0.0151956 0.0729762 0.122049 9.9982E-05 0.607941
