0.0185965 9.9973E-05 9.9973E-05 0.0547975 9.9973E-05 0.918482 0.00782436
9.9964E-05 9.9964E-05 0.0402518 9.9964E-05 0.0379048 0.921444 9.9964E-05
0.0944634 9.9982E-05 0.00702057 0.0242453 9.9982E-05 0.796437 0.0776338
9.9973E-05 9.9973E-05 9.9973E-05 0.101754 0.00536241 0.809366 0.083217
0.0768398 9.9964E-05 9.9964E-05 9.9964E-05 9.9964E-05 0.884314 0.038446
0.0234748 0.163002 0.0836346 0.0737769 0.0122253 0.563595 0.0802907
9.9982E-05 0.183167 9.9982E-05 0.00825773 0.0103055 0.789746 0.00832292
0.00173302 0.135411 9.9982E-05 0.130827 9.9982E-05 0.692633 0.039197
9.99639E-05 0.0800165 9.99639E-05 0.105121 9.99639E-05 0.814463 9.99639E-05
0.0741803 0.131144 9.9991E-05 0.0175847 0.00878059 0.663782 0.104428
0.0166614 0.133282 9.9982E-05 0.121522 9.9982E-05 0.725243 0.00309166
0.21022 0.0185688 0.20447 0.475221 9.9982E-05 9.9982E-05 0.0913195
0.501967 0.0109285 0.0146276 0.33852 0.0713147 0.0625421 9.9991E-05
0.228409 9.9982E-05 9.9982E-05 0.509727 0.139056 0.0334135 0.0891949
0.203608 9.9991E-05 0.103636 0.375734 0.0718676 0.0951863 0.149868
0.310649 0.0848907 0.119403 0.208756 9.9991E-05 0.083822 0.192379
0.54677 9.9991E-05 0.0138665 0.131179 0.106761 0.113778 0.0875456
0.372559 0.0639899 0.160709 0.277534 9.9991E-05 0.0246628 0.100445
0.259699 9.9991E-05 0.219394 0.28123 0.0320366 0.112324 0.095217
9.9982E-05 0.0828325 0.151787 0.667519 9.9982E-05 0.00299543 0.0946658
0.404858 0.0698845 0.205695 0.207932 0.0276455 0.0128817 0.0711031
0.367605 0.118893 0.133149 0.161304 0.0627206 0.0167959 0.139533
0.542169 9.9982E-05 0.17143 0.255672 9.9982E-05 0.0295083 0.00102023
0.222592 0.0489686 0.188811 0.372557 0.057224 9.9991E-05 0.109746
0.629427 0.0448472 0.06682 0.0759003 9.9991E-05 0.0909213 0.0919843
0.564532 0.0145979 9.9973E-05 0.298883 9.9973E-05 9.9973E-05 0.121687
0.233564 0.023437 0.130259 0.502519 9.9991E-05 0.0468198 0.0633014
0.0807182 0.0801311 0.178685 0.42189 9.9982E-05 9.9982E-05 0.238375
0.250312 0.0809771 0.096173 0.488353 0.0839852 9.9982E-05 9.9982E-05
0.154003 9.9964E-05 9.9964E-05 9.9964E-05 9.9964E-05 0.816052 0.029546
0.162539 9.9955E-05 9.9955E-05 9.9955E-05 9.9955E-05 0.836962 9.9955E-05
0.17261 9.9964E-05 9.9964E-05 9.9964E-05 9.9964E-05 0.814309 0.0126813
0.127986 0.00927763 9.9973E-05 9.9973E-05 9.9973E-05 0.758424 0.104013
0.585826 0.0442662 0.0970975 0.0502715 0.125891 0.0965477 9.9991E-05
0.519631 0.0013452 0.230271 0.148734 0.0186755 0.0651763 0.0161659
0.460967 0.042189 0.456989 9.9982E-05 9.9982E-05 0.0212908 0.0183639
0.129636 9.9991E-05 0.101981 0.610175 0.0445485 0.0818813 0.0316785
0.228155 0.0351995 0.663949 9.9982E-05 9.9982E-05 0.0394486 0.033048
0.432234 9.9991E-05 0.208766 0.15407 0.114623 0.0587259 0.0314813
0.708607 0.0743188 0.123175 0.022672 9.9991E-05 0.00151826 0.069609
0.633993 0.227899 0.0457871 0.0630537 9.9982E-05 0.0290671 9.9982E-05
0.654 0.0723301 0.0634273 0.0259619 0.067192 0.116989 9.9991E-05
0.135332 0.0214279 0.670289 0.141661 9.9982E-05 0.0310904 9.9982E-05
0.584451 0.295356 0.0338189 0.0226367 9.9991E-05 0.0190226 0.0446152
0.574735 0.0871907 0.195364 0.0951424 9.9982E-05 9.9982E-05 0.0473678
0.60683 0.0386084 0.150438 0.0344823 0.0140768 0.146199 0.00936528
0.276573 9.9964E-05 0.654164 9.9964E-05 0.0688626 9.9964E-05 9.9964E-05
0.701425 0.044221 0.244017 9.9973E-05 9.9973E-05 0.010037 9.9973E-05
0.371993 9.9982E-05 0.208902 0.125113 9.9982E-05 0.0571242 0.236668
9.9973E-05 0.264041 0.663925 0.0173729 9.9973E-05 0.0543615 9.9973E-05
0.203285 0.119727 0.210108 0.439576 0.0138934 9.9991E-05 0.0133098
0.0214817 0.338392 0.315987 0.244442 0.0711489 9.9991E-05 0.00844853
0.528658 0.0625983 9.9991E-05 0.146281 0.185556 0.0401663 0.0366402
0.61094 0.0512414 9.9991E-05 0.0986064 0.123986 0.0841699 0.0309562
0.614418 0.106045 0.0776097 0.0309663 0.0759569 0.0620688 0.0329354
0.201552 0.0888509 0.206019 0.402415 0.0177435 0.08332 9.9991E-05
0.642364 0.0772356 0.0134445 0.204533 0.0174098 0.0449127 9.9991E-05
0.505803 0.140452 9.9991E-05 0.187107 0.0218946 0.0328316 0.111812
0.303743 0.165448 0.0797208 0.223213 0.111251 0.100438 0.0161859
0.0737447 0.135062 0.0928162 0.377914 0.0651825 0.193903 0.0613772
0.529028 0.0211885 0.0987912 0.150453 0.0781966 0.0653178 0.0570247
0.480329 9.9991E-05 0.000317103 0.240202 0.198423 0.0645254 0.0161029
0.0222899 0.0924249 0.210297 0.586891 0.0458537 0.0421435 9.9991E-05
0.535076 0.0690326 0.106191 0.250097 0.0394032 9.9982E-05 9.9982E-05
0.492604 0.0571753 9.9991E-05 0.0498176 0.228948 0.0295582 0.141797
0.57024 0.084818 9.9991E-05 0.11432 0.0623544 0.104439 0.0637281
0.261247 0.107698 0.227635 0.221527 0.0914728 0.0584876 0.0319325
0.431656 0.101556 0.000456999 0.216275 0.163894 9.9991E-05 0.086061
0.617287 0.0331811 9.9991E-05 0.125874 0.157696 0.0295618 0.0363004
0.157133 0.124221 0.0981268 0.455151 0.165168 9.9982E-05 9.9982E-05
0.542706 9.9964E-05 0.419629 0.0372648 9.9964E-05 9.9964E-05 9.9964E-05
0.241378 9.9973E-05 0.620099 0.133417 9.9973E-05 0.00480613 9.9973E-05
0.646611 0.0031678 0.237972 0.0230839 9.9982E-05 0.0889644 9.9982E-05
9.9964E-05 0.10343 0.869461 9.9964E-05 0.0267097 9.9964E-05 9.9964E-05
9.9973E-05 0.00470529 0.855202 0.0151889 0.124604 9.9973E-05 9.9973E-05
0.275018 0.0105303 0.714052 9.9964E-05 9.9964E-05 9.9964E-05 9.9964E-05
0.415443 0.0768236 0.473188 0.0229053 9.9982E-05 0.0114397 9.9982E-05
0.539756 0.102146 0.0775872 9.9991E-05 0.10755 0.140071 0.0327891
0.406701 9.9973E-05 0.423601 0.102808 9.9973E-05 9.9973E-05 0.0665896
0.0859513 9.9982E-05 0.652404 0.15994 9.9982E-05 0.0270656 0.0744394
0.218231 9.9973E-05 0.501413 0.240308 9.9973E-05 0.0397482 9.9973E-05
0.579895 9.9982E-05 0.273224 0.0172309 9.9982E-05 0.105692 0.0237576
0.201521 9.9982E-05 0.602528 0.0861573 9.9982E-05 0.0320041 0.0775891
0.470851 9.9973E-05 0.424623 0.0764629 9.9973E-05 0.0277631 9.9973E-05
0.359359 0.0612978 0.52004 9.9982E-05 0.0506366 0.00846641 9.9982E-05
9.9973E-05 0.116091 0.793445 9.9973E-05 0.085176 9.9973E-05 0.00498724
0.628766 0.0544081 0.185659 0.0833143 0.00110967 9.9991E-05 0.0466427
0.102915 9.9973E-05 0.0020694 0.0533259 9.9973E-05 0.841389 9.9973E-05
0.0954107 9.9955E-05 9.9955E-05 9.9955E-05 9.9955E-05 0.90409 9.9955E-05
0.0963715 9.9964E-05 9.9964E-05 9.9964E-05 9.9964E-05 0.899779 0.00345008
0.0241387 0.0484107 9.9973E-05 9.9973E-05 9.9973E-05 0.904223 0.0229279
0.110691 9.9955E-05 9.9955E-05 9.9955E-05 9.9955E-05 0.888809 9.9955E-05
0.0210141 0.028088 0.0212439 9.9991E-05 0.00181392 0.895556 0.0321836
0.0335897 9.9964E-05 9.9964E-05 9.9964E-05 9.9964E-05 0.951589 0.0144212
0.568405 0.0351345 0.205623 0.0137481 0.0438562 0.112432 0.0208021
0.599765 0.0707675 0.154396 0.0106892 0.0653156 0.037798 0.0612688
0.0495704 9.9982E-05 0.745889 0.10921 0.0528627 0.0422681 9.9982E-05
0.480337 0.094371 0.188718 0.0372933 0.0486148 0.0437801 0.106886
0.422324 9.9973E-05 0.440942 0.0797874 9.9973E-05 0.0566473 9.9973E-05
0.544493 9.9982E-05 0.279903 9.9982E-05 0.042705 0.117409 0.0152901
0.563094 0.0494086 0.302326 0.0358079 0.0250282 0.0242354 9.9991E-05
0.392451 9.9982E-05 0.447128 9.9982E-05 0.0677919 0.0282851 0.0641434
9.9973E-05 9.9973E-05 0.724153 0.1919 0.0231633 0.0604839 9.9973E-05
0.479351 9.9982E-05 0.187364 9.9982E-05 0.115106 0.177422 0.0405567
0.516296 0.0568547 0.152415 0.140032 0.045743 9.9991E-05 0.0885589
0.497681 0.0476126 0.174583 0.149613 9.9982E-05 9.9982E-05 0.130311
0.263774 0.0967254 0.541307 9.9991E-05 0.0711359 0.00213827 0.0248195
0.488327 9.9964E-05 0.483852 9.9964E-05 0.0274204 9.9964E-05 9.9964E-05
0.452775 0.0188677 0.42932 0.0329069 0.0187245 0.0473059 9.9991E-05
0.28434 9.9964E-05 0.642619 9.9964E-05 9.9964E-05 9.9964E-05 0.0726411
0.491631 9.9973E-05 0.335037 0.10899 9.9973E-05 0.0640417 9.9973E-05
0.585502 9.9991E-05 0.177893 0.108068 0.0068225 0.114828 0.00678674
0.309955 0.113408 9.9982E-05 0.332809 0.20278 0.0408477 9.9982E-05
0.43091 0.059558 0.0150188 0.346333 0.0090509 0.102474 0.0366559
0.479226 0.0697765 0.0416487 0.162713 0.0975336 0.0579938 0.0911086
0.594169 9.9991E-05 0.16968 0.0231221 0.00403681 0.133307 0.0755841
0.507984 0.0518352 9.9973E-05 0.344551 0.0953295 9.9973E-05 9.9973E-05
0.615723 0.0804334 0.0247097 0.217931 0.054097 9.9991E-05 0.0070062
0.46591 9.9973E-05 9.9973E-05 0.355693 0.13697 0.0411275 9.9973E-05
0.444178 0.0820432 0.106 0.236798 0.0604548 0.070426 9.9991E-05
0.514732 0.111146 0.0597533 0.174457 9.9991E-05 0.0546884 0.0851231
0.671473 0.0435433 0.0807127 0.0984537 0.105618 9.9982E-05 9.9982E-05
0.517386 0.0349998 0.0273819 0.365338 0.0546941 9.9982E-05 9.9982E-05
0.541081 0.0760567 9.9982E-05 0.171049 0.0710813 9.9982E-05 0.140532
0.585933 0.0921917 9.9982E-05 0.120593 0.106641 0.0944413 9.9982E-05
0.513639 9.9991E-05 0.105269 0.163271 0.122415 0.0293953 0.0659098
0.548782 0.0393798 0.000549547 0.118732 0.154694 0.0783243 0.059539
0.617155 0.0488545 0.0475327 0.140717 0.0978535 9.9991E-05 0.0477875
0.391616 0.119897 9.9982E-05 0.299789 0.112316 0.0761815 9.9982E-05
0.597298 0.0154062 0.0385366 0.154699 0.115049 9.9991E-05 0.0789121
0.673119 0.0422959 9.9991E-05 0.142337 0.107013 0.0296007 0.00553395
0.235648 9.9991E-05 0.0892524 0.411972 0.184115 0.0365834 0.0423284
0.19194 0.223352 0.0440935 0.323987 0.214768 0.000678978 0.00118145
0.537585 0.0845769 0.0473643 0.260228 0.00987528 0.0407087 0.0196614
0.00605677 0.166117 0.278331 0.296469 0.205344 9.9991E-05 0.0475821
0.229281 0.0145615 0.178362 0.41345 0.13113 0.0331157 9.9991E-05
0.396617 9.9973E-05 0.189183 0.300226 0.113675 9.9973E-05 9.9973E-05
0.320392 9.9982E-05 0.15017 0.456277 0.0541268 0.0188337 9.9982E-05
0.297546 9.9982E-05 0.109424 0.502192 0.0781265 9.9982E-05 0.0125119
0.482768 0.14513 0.127072 0.0680231 0.100929 0.00373495 0.0723428
0.590309 9.9982E-05 9.9982E-05 0.13414 0.116793 0.0884637 0.0700946
0.594441 9.9973E-05 9.9973E-05 0.230297 0.10176 0.0732015 9.9973E-05
0.114229 0.20545 0.12815 0.415063 0.0770041 9.9991E-05 0.0600048
0.525898 0.136843 9.9991E-05 0.101541 0.0835233 0.146032 0.00606316
0.450972 0.25685 0.140103 0.056065 0.0214327 9.9991E-05 0.0744772
9.9982E-05 0.416146 0.173853 0.137725 0.15683 0.115247 9.9982E-05
0.680763 0.0567938 0.0230674 9.9982E-05 0.0873075 0.151869 9.9982E-05
0.404882 0.158813 0.0764541 0.125826 0.150508 0.0834168 9.9991E-05
0.533046 0.143546 9.9991E-05 0.106859 0.0793606 0.0961123 0.0409758
0.314367 0.494159 0.055905 0.0846422 0.0194223 0.0314051 9.9991E-05
0.194186 0.427156 0.116787 0.132595 0.0882564 0.0409195 9.9991E-05
0.446949 0.248616 0.11271 0.111735 0.0750627 0.00482671 9.9991E-05
0.597097 0.226627 9.9991E-05 0.0626497 0.00035377 0.0914189 0.0217533
0.408157 0.0948793 0.0775404 0.130958 0.087866 0.173345 0.0272551
0.0444682 0.413037 0.219007 0.161645 0.0308582 0.015805 0.11518
0.430884 0.0752824 0.0418356 0.120721 0.0806688 0.118688 0.13192
0.342957 0.349508 0.099639 0.119836 0.0878604 9.9982E-05 9.9982E-05
0.441868 0.103156 0.102041 0.17348 0.179256 9.9982E-05 9.9982E-05
0.499133 0.120864 0.162683 0.111594 0.00395443 0.00300369 0.0987683
0.1468 0.265012 9.9982E-05 0.0188785 9.9982E-05 0.306555 0.262555
9.9964E-05 0.37877 9.9964E-05 9.9964E-05 9.9964E-05 0.478582 0.142248
9.9964E-05 0.459417 9.9964E-05 9.9964E-05 9.9964E-05 0.370695 0.169489
0.0321026 0.199546 9.9991E-05 0.082133 0.000640379 0.315875 0.369603
0.635092 0.343606 9.9964E-05 9.9964E-05 0.0209026 9.9964E-05 9.9964E-05
0.503353 0.176616 0.0538545 0.0683723 0.0970883 0.0968719 0.00384399
0.21785 9.9964E-05 9.9964E-05 0.0457137 9.9964E-05 9.9964E-05 0.736037
0.322639 9.9991E-05 0.0395449 0.0332095 0.0542192 0.0647257 0.485562
0.279691 9.9982E-05 0.127858 9.9982E-05 0.081734 0.129944 0.380573
0.347357 0.368451 0.0637474 0.00234521 0.2179 9.9982E-05 9.9982E-05
0.448046 0.146591 0.0902481 0.0470909 0.174154 0.0285683 0.0653016
0.234277 0.604157 0.0226771 9.9973E-05 0.138589 9.9973E-05 9.9973E-05
0.614893 0.235873 0.0565163 9.9982E-05 0.0893904 0.00312788 9.9982E-05
0.497284 0.310629 0.00294771 0.0569521 0.131987 9.9982E-05 9.9982E-05
0.579086 0.264542 0.0288192 0.00299903 0.0610696 0.0370304 0.026454
0.168084 0.481134 0.109802 0.09992 0.140861 9.9982E-05 9.9982E-05
0.523498 0.0548288 0.193845 0.0574101 0.0141915 0.0384018 0.117825
0.542608 0.249869 0.0691735 0.0660213 9.9991E-05 0.0502307 0.0219982
0.0497527 9.9973E-05 0.00703762 9.9973E-05 0.0147195 9.9973E-05 0.92819
0.0541963 9.9964E-05 9.9964E-05 9.9964E-05 0.0231336 9.9964E-05 0.92227
0.197243 9.9982E-05 0.092492 0.0587081 9.9982E-05 0.0558882 0.595469
0.324912 9.9973E-05 9.9973E-05 0.0144556 9.9973E-05 0.0365647 0.623767
0.166349 9.9982E-05 0.0221115 0.00426989 9.9982E-05 0.014422 0.792648
9.995E-05 9.995E-05 9.995E-05 9.995E-05 9.995E-05 9.995E-05 0.9994
9.9955E-05 9.9955E-05 9.9955E-05 0.0187089 9.9955E-05 9.9955E-05 0.980791
0.127728 9.9964E-05 9.9964E-05 9.9964E-05 0.0206686 9.9964E-05 0.851203
0.0448445 9.9964E-05 9.9964E-05 0.0104008 9.9964E-05 9.9964E-05 0.944355
9.995E-05 9.995E-05 9.995E-05 9.995E-05 9.995E-05 9.995E-05 0.9994
9.9955E-05 9.9955E-05 9.9955E-05 9.9955E-05 9.9955E-05 0.00595325 0.993547
0.165334 9.9982E-05 9.9982E-05 0.0567738 0.0309657 0.00494973 0.741777
0.204954 0.0149933 0.0450974 9.9982E-05 9.9982E-05 0.0292425 0.705513
9.9955E-05 9.9955E-05 0.0570168 9.9955E-05 9.9955E-05 9.9955E-05 0.942483
0.355888 0.069 9.9991E-05 0.0892841 0.00938582 0.115469 0.360872
0.27439 9.9982E-05 0.0314194 0.0142189 9.9982E-05 0.0601986 0.619573
0.166898 9.9964E-05 9.9964E-05 0.0785569 9.9964E-05 9.9964E-05 0.754146
0.121514 9.9973E-05 9.9973E-05 0.00708248 9.9973E-05 0.0104524 0.860652
9.9955E-05 9.9955E-05 0.0151478 9.9955E-05 9.9955E-05 9.9955E-05 0.984352
0.0681541 9.9982E-05 0.0035308 0.0149438 9.9982E-05 0.0604493 0.852722
9.995E-05 9.995E-05 9.995E-05 9.995E-05 9.995E-05 9.995E-05 0.9994
0.338347 9.9982E-05 9.9982E-05 0.0396047 0.00988849 0.0803921 0.531567
0.0274897 9.9982E-05 0.0100412 9.9982E-05 0.0298575 0.0663589 0.866053
9.9982E-05 0.568332 0.0401064 9.9982E-05 0.0874189 0.291326 0.0126166
0.446894 0.286239 9.9973E-05 0.109091 9.9973E-05 0.157476 9.9973E-05
0.430036 0.256606 0.024937 9.9982E-05 0.0505131 0.237708 9.9982E-05
0.177115 0.52411 0.0413817 9.9982E-05 9.9982E-05 0.156656 0.100537
0.303232 0.179019 0.112783 0.061106 0.0318621 0.116308 0.19569
0.23249 0.421193 9.9982E-05 9.9982E-05 0.0690022 0.207569 0.069546
0.44684 0.218337 9.9991E-05 0.0887288 0.058949 0.12776 0.0592846
0.346814 0.38443 0.0435344 9.9982E-05 9.9982E-05 0.101364 0.123658
0.50542 0.289919 0.0163137 9.9982E-05 9.9982E-05 0.100347 0.0878007
0.240152 0.452055 9.9973E-05 9.9973E-05 9.9973E-05 0.109189 0.198304
0.468524 0.152272 9.9991E-05 0.064483 0.0335171 0.167847 0.113257
9.9982E-05 0.0718662 0.0212901 0.0716966 0.0208379 0.814109 9.9982E-05
9.9973E-05 0.0167632 9.9973E-05 9.9973E-05 0.0447359 0.895276 0.042925
9.9955E-05 9.9955E-05 9.9955E-05 0.0369362 9.9955E-05 0.962564 9.9955E-05
0.0247664 9.9964E-05 9.9964E-05 0.0394352 9.9964E-05 0.935398 9.9964E-05
0.0071596 0.00407053 9.9973E-05 0.0888949 9.9973E-05 0.899575 9.9973E-05
9.9964E-05 9.9964E-05 9.9964E-05 9.9964E-05 0.0521249 0.890444 0.057031
0.000812174 9.9973E-05 0.00487731 9.9973E-05 9.9973E-05 0.891196 0.102815
0.0149336 0.048203 0.0217725 9.9982E-05 0.0310833 0.883808 9.9982E-05
0.0424861 9.9964E-05 0.0309809 9.9964E-05 9.9964E-05 0.926133 9.9964E-05
0.00736501 0.0500966 9.9991E-05 0.0279088 0.00301641 0.824121 0.0873923
9.9973E-05 9.9973E-05 0.114443 0.205732 0.077221 0.602304 9.9973E-05
9.9973E-05 9.9973E-05 0.08976 0.29143 0.0534783 0.565032 9.9973E-05
9.9982E-05 0.0339438 0.0127789 0.319848 0.115016 0.518213 9.9982E-05
9.9982E-05 0.0271519 0.0799337 0.29455 0.109051 0.489114 9.9982E-05
0.505707 9.9991E-05 0.288931 0.0636123 0.0167926 0.12182 0.00303796
0.476092 9.9991E-05 0.255872 0.0972838 0.0879231 0.0302886 0.0524404
0.56866 9.9982E-05 0.164512 0.198346 9.9982E-05 0.0132805 0.0550018
0.40325 0.0297493 0.189146 0.266187 0.0896101 0.0219575 9.9991E-05
0.216696 0.0532334 0.124443 0.605328 9.9973E-05 9.9973E-05 9.9973E-05
0.595739 9.9991E-05 0.143969 0.0439247 0.0948621 0.0700822 0.0513226
0.554115 0.045174 0.235898 0.0916631 0.0654175 9.9991E-05 0.00763258
0.51986 0.0506421 0.241256 0.0790799 0.108961 9.9982E-05 9.9982E-05
0.330301 0.0321732 0.601179 9.9982E-05 0.0161436 9.9982E-05 0.0200035
0.672905 0.0120197 0.105889 0.0481763 0.0630147 0.0978953 9.9991E-05
0.374326 9.9964E-05 0.504652 0.120621 9.9964E-05 9.9964E-05 9.9964E-05
9.9973E-05 0.0873633 0.714197 0.0167428 0.181397 9.9973E-05 9.9973E-05
0.530847 0.00434135 0.0860115 0.131393 0.190653 0.0566544 9.9991E-05
0.237585 0.0961605 0.552684 9.9982E-05 0.105869 9.9982E-05 0.00750173
0.513644 9.9964E-05 0.344592 9.9964E-05 0.141364 9.9964E-05 9.9964E-05
0.129909 9.9973E-05 0.646199 0.171791 9.9973E-05 0.0518007 9.9973E-05
9.9964E-05 0.204953 9.9964E-05 0.652422 9.9964E-05 0.142225 9.9964E-05
0.0519498 0.133821 9.9982E-05 0.697583 0.0258892 0.0905575 9.9982E-05
9.9973E-05 0.0988567 9.9973E-05 0.837001 0.0310218 0.032821 9.9973E-05
9.9973E-05 0.0627701 0.0412338 0.783419 9.9973E-05 0.112277 9.9973E-05
0.0337391 0.131233 9.9973E-05 0.822636 0.0120924 9.9973E-05 9.9973E-05
0.118553 0.086986 9.9982E-05 0.674269 0.0678611 0.0521303 9.9982E-05
0.0238948 9.9973E-05 0.0609659 9.9973E-05 9.9973E-05 0.881198 0.0336417
0.0572989 9.9973E-05 9.9973E-05 0.112993 9.9973E-05 0.803344 0.0260646
0.143406 0.00337051 9.9973E-05 9.9973E-05 9.9973E-05 0.760427 0.0924971
0.043076 9.9973E-05 9.9973E-05 0.102183 9.9973E-05 0.759218 0.0952233
0.0502979 0.0111613 9.9982E-05 0.0493944 9.9982E-05 0.779322 0.109624
9.9973E-05 0.0950096 0.0163522 0.537443 9.9973E-05 0.350895 9.9973E-05
9.9973E-05 0.154348 0.00737192 0.409887 9.9973E-05 0.428093 9.9973E-05
9.9973E-05 9.9973E-05 0.00289239 0.420453 0.133111 0.443243 9.9973E-05
0.192385 9.9955E-05 9.9955E-05 9.9955E-05 9.9955E-05 0.807115 9.9955E-05
9.9973E-05 0.0523833 0.0889048 0.50104 9.9973E-05 0.357372 9.9973E-05
0.282334 0.146261 9.9982E-05 9.9982E-05 0.00860253 0.179683 0.38292
0.49943 0.098494 0.0725026 9.9982E-05 9.9982E-05 0.116857 0.212517
0.538857 9.9964E-05 9.9964E-05 9.9964E-05 9.9964E-05 0.217437 0.243305
0.36432 0.0967917 0.0822969 9.9991E-05 0.0216187 0.253054 0.181819
0.434981 9.9991E-05 0.000343172 0.126392 0.0932977 0.0820914 0.262795
9.9964E-05 0.268609 9.9964E-05 9.9964E-05 9.9964E-05 0.431583 0.299408
0.394138 9.9982E-05 0.0687675 0.33981 0.187019 0.0100652 9.9982E-05
0.40895 0.186803 0.052905 0.20061 0.150532 9.9982E-05 9.9982E-05
0.306654 9.9991E-05 0.00469462 0.443944 0.108465 0.116386 0.0197557
0.447363 0.0443636 0.100752 0.162563 0.244758 9.9982E-05 9.9982E-05
9.9973E-05 0.318238 0.160506 0.157521 0.363435 9.9973E-05 9.9973E-05
0.427635 0.121222 9.9991E-05 0.213817 0.061764 0.0621109 0.113352
0.528522 0.0515528 0.00381106 0.207196 0.178794 0.0300242 9.9991E-05
0.314407 0.0609443 0.155115 0.418101 0.0133315 0.0380011 9.9991E-05
0.47074 0.0961092 0.0645452 0.249098 9.9991E-05 0.0120611 0.107347
0.105289 0.240236 0.147486 0.287457 0.219332 9.9982E-05 9.9982E-05
0.506815 0.151743 0.0446944 0.125564 0.154276 9.9991E-05 0.0168076
0.515985 0.0326232 0.0207597 0.242756 0.137587 0.0386295 0.0116602
0.414846 0.130757 0.0813656 0.0880103 0.0178555 0.103523 0.163643
0.391185 0.0683785 0.0698699 0.241647 0.22872 9.9982E-05 9.9982E-05
0.430526 0.0904852 0.0615533 0.29124 0.110921 0.00209824 0.0131767
0.388373 0.0508654 0.162438 0.116656 0.149752 9.9991E-05 0.131816
0.563005 9.9982E-05 0.132144 0.147684 0.136174 0.0207938 9.9982E-05
0.618241 9.9982E-05 0.0563072 0.122251 0.168681 9.9982E-05 0.0343197
0.471365 9.9991E-05 0.147295 0.154942 0.0797265 0.0670425 0.0795297
0.528811 0.148456 9.9991E-05 0.193776 0.0266324 0.0654017 0.0368239
0.104045 9.9973E-05 0.0204077 9.9973E-05 9.9973E-05 0.806959 0.0682887
0.0865942 9.9982E-05 0.00415333 9.9982E-05 0.0672664 0.818535 0.0232511
0.0771263 0.0424966 0.0430338 0.0418568 9.9982E-05 0.795287 9.9982E-05
0.00220432 9.9991E-05 0.0990594 0.00306716 0.0412502 0.812145 0.0421742
0.141716 9.9955E-05 9.9955E-05 9.9955E-05 9.9955E-05 0.857784 9.9955E-05
0.20289 0.00760332 0.0533555 0.578319 0.0859977 9.9991E-05 0.0717346
0.394541 0.0364614 0.103351 0.134819 0.148949 9.9991E-05 0.181779
0.401506 0.17498 0.0147861 9.9991E-05 0.0562548 0.151154 0.201219
0.635357 9.9991E-05 0.0205782 0.158787 0.0732324 0.0342969 0.0776484
0.491234 9.9991E-05 0.0657769 0.282366 0.0750948 0.0513088 0.0341197
0.253186 0.126631 9.9982E-05 0.39167 0.144184 9.9982E-05 0.0841297
0.0490835 0.17337 0.0641649 0.515576 0.0747279 0.122977 9.9991E-05
0.507221 0.0682935 9.9991E-05 0.288824 0.0855385 0.0342623 0.0157606
0.0967449 9.9991E-05 0.105242 0.495969 0.148647 0.078737 0.0745615
0.322982 0.156065 0.193861 0.0732502 0.129764 0.0731489 0.0509286
0.162146 0.0291907 0.00298443 0.532216 0.165062 0.108301 9.9991E-05
0.545599 9.9991E-05 0.0431764 0.218964 0.0440906 0.102423 0.0456466
0.214477 9.9991E-05 0.0760338 0.59119 0.0505596 0.0570596 0.0105799
0.295471 0.0918877 0.0542809 0.303986 0.167172 9.9991E-05 0.0871023
0.448076 0.209873 0.107791 0.120775 0.0252284 0.0561353 0.032121
0.307352 0.448165 9.9973E-05 0.097016 0.147167 9.9973E-05 9.9973E-05
0.585929 0.34111 9.9982E-05 0.0662547 0.00502763 9.9982E-05 0.00147859
0.553423 0.231511 0.00439375 0.0671535 0.120712 0.0227066 9.9991E-05
0.382971 0.493526 0.0339242 0.0577643 0.0316143 9.9982E-05 9.9982E-05
0.410725 0.196249 0.0954268 0.135806 0.0457109 0.0803025 0.0357802
0.538017 0.253549 0.0796812 9.9982E-05 0.117035 0.011519 9.9982E-05
0.111299 0.597309 0.0842588 0.0585589 0.148374 9.9982E-05 9.9982E-05
0.255619 0.598178 0.104152 9.9973E-05 0.0417506 9.9973E-05 9.9973E-05
0.600125 0.283351 9.9973E-05 0.0810157 0.0352082 9.9973E-05 9.9973E-05
0.176167 0.52343 0.126324 0.0978237 0.0760556 9.9982E-05 9.9982E-05
0.461914 0.348968 0.0241235 0.164694 9.9973E-05 9.9973E-05 9.9973E-05
0.149064 0.0117923 0.0760068 0.624109 0.0786129 9.9991E-05 0.0603157
0.228443 0.031468 0.106361 0.337974 0.295554 9.9982E-05 9.9982E-05
0.401414 9.9991E-05 0.106454 0.352835 0.111637 0.000257332 0.0273025
0.637261 0.0734158 0.0151337 0.211934 9.9991E-05 0.0100145 0.0521412
0.252066 0.0852039 0.225425 0.437006 9.9973E-05 9.9973E-05 9.9973E-05
0.411221 0.16503 0.00416061 0.146206 0.111072 0.0857749 0.0765351
0.537709 0.0907323 9.9991E-05 0.150565 0.131791 0.00491101 0.0841917
0.59082 0.0595363 0.128222 0.173938 0.0389387 9.9991E-05 0.00844497
0.476907 9.9973E-05 9.9973E-05 0.293132 0.0806268 9.9973E-05 0.149035
0.41925 9.9991E-05 0.197586 0.244082 0.0516955 0.0261492 0.0611365
0.156567 9.9982E-05 0.176318 0.498475 0.0582374 9.9982E-05 0.110203
0.321877 0.0771873 0.0192837 0.415775 0.0731164 9.9991E-05 0.0926601
0.563669 9.9982E-05 0.0908537 0.179959 0.0937475 9.9982E-05 0.0715708
0.503065 9.9991E-05 0.00976456 0.211519 0.128305 0.0352198 0.112027
0.373735 0.022231 9.9991E-05 0.293359 0.268354 0.00830334 0.0339167
0.468938 9.9982E-05 0.0370089 0.216194 0.164584 9.9982E-05 0.113074
0.373374 0.111407 9.9982E-05 0.405191 9.9982E-05 0.00289751 0.106931
0.582716 9.9982E-05 0.0603531 0.272249 0.0775153 0.00696673 9.9982E-05
0.462086 9.9991E-05 0.002574 0.328356 0.0877333 0.00785552 0.111295
0.515019 0.112096 9.9991E-05 0.116055 0.0269844 0.0883201 0.141426
0.40449 0.0959217 0.0392581 0.00642499 9.9991E-05 0.352276 0.10153
0.410855 0.0821419 0.102319 9.9991E-05 0.0799206 0.102552 0.222111
0.442054 9.9991E-05 0.157077 0.0412127 0.00435401 0.172065 0.183138
0.498862 0.0314938 0.106658 0.0479998 0.0984457 0.0445308 0.17201
0.456846 9.9991E-05 0.0166092 0.000720618 0.117706 0.25473 0.153288
0.478212 0.0610279 9.9982E-05 0.240864 0.206185 9.9982E-05 0.0135118
0.460603 0.0983889 0.00259737 0.0822788 0.0579141 0.169603 0.128615
9.9982E-05 0.411397 0.181434 9.9982E-05 0.00620741 0.241755 0.159006
0.48749 0.0857941 0.0138189 0.119744 0.00900883 0.123971 0.160173
0.491666 9.9982E-05 9.9982E-05 0.0326611 0.143788 0.111594 0.220091
0.45945 0.0449139 0.0617903 9.9991E-05 0.145712 0.0671157 0.220919
0.272895 0.231533 0.0707712 0.0833565 0.0239727 0.137594 0.179878
0.479573 0.0733848 0.0773101 9.9982E-05 9.9982E-05 0.222359 0.147174
0.526949 0.0897538 0.00482353 0.0206313 0.0547775 0.12997 0.173094
9.9982E-05 0.287564 0.0129507 9.9982E-05 0.0448463 0.461751 0.192688
0.516607 0.0680966 9.9982E-05 9.9982E-05 0.105233 0.222524 0.0873389
0.529774 0.0599264 9.9991E-05 0.0512299 0.0421353 0.123816 0.193018
0.587804 9.9991E-05 0.114716 0.0606798 0.022729 0.110192 0.103779
0.612639 0.078105 9.9982E-05 9.9982E-05 0.0143946 0.15768 0.136981
0.478649 9.9991E-05 0.0383652 0.00660898 0.173268 0.199375 0.103634
0.39404 9.9982E-05 0.129409 0.0244755 0.419463 9.9982E-05 0.0324125
0.503297 0.0325212 0.0339964 0.0292284 0.253383 0.110827 0.036747
9.9973E-05 0.000542775 0.143522 0.0620758 0.79356 9.9973E-05 9.9973E-05
9.9955E-05 9.9955E-05 9.9955E-05 0.0201316 0.979369 9.9955E-05 9.9955E-05
0.394466 9.9991E-05 0.0307099 0.107164 0.33408 0.0366817 0.0967983
0.377707 0.098687 9.9991E-05 0.0306413 0.0584345 0.0847396 0.34969
0.238105 9.9973E-05 9.9973E-05 9.9973E-05 0.330092 0.0974198 0.334083
0.19871 0.136714 9.9982E-05 9.9982E-05 0.23183 0.208871 0.223674
0.339179 0.0637456 9.9982E-05 9.9982E-05 0.147053 0.178279 0.271544
9.9973E-05 0.0611791 9.9973E-05 9.9973E-05 0.785384 0.0900464 0.0630907
0.0408694 0.107314 9.9982E-05 9.9982E-05 0.655185 0.072991 0.12344
0.502493 9.9982E-05 0.046122 9.9982E-05 0.342073 0.014971 0.0941402
0.353707 9.9982E-05 0.0372845 9.9982E-05 0.45935 0.0506087 0.0988498
0.155627 9.9973E-05 9.9973E-05 9.9973E-05 0.688745 0.095171 0.0601575
0.426172 9.9982E-05 0.0255451 9.9982E-05 0.371517 0.0433724 0.133193
0.509302 9.9982E-05 0.0141177 9.9982E-05 0.358941 0.0400943 0.0773455
0.460217 0.122867 9.9991E-05 0.0713634 0.156036 0.0549578 0.134459
0.291006 0.0237137 0.0587943 0.0506479 0.547709 0.0280296 9.9991E-05
0.335191 0.0185768 0.0500129 0.0643581 0.496115 0.0356456 9.9991E-05
0.544253 0.067226 0.10798 0.0364973 0.180313 0.0263755 0.0373553
0.267513 0.030838 0.0384829 0.0874963 0.415841 0.104911 0.0549179
0.395878 0.091241 0.104005 0.0945184 0.156382 0.0262108 0.131764
0.494946 0.0899425 0.0402436 9.9973E-05 0.374568 9.9973E-05 9.9973E-05
0.184184 9.9964E-05 9.9964E-05 0.0954382 0.719978 9.9964E-05 9.9964E-05
0.477375 9.9973E-05 0.046353 9.9973E-05 0.440042 9.9973E-05 0.03593
0.135217 9.9973E-05 9.9973E-05 0.0760682 0.770583 9.9973E-05 0.0178319
0.417134 0.0263197 9.9964E-05 9.9964E-05 0.556147 9.9964E-05 9.9964E-05
0.496816 0.0417421 0.102882 9.9991E-05 0.200173 0.120403 0.0378851
0.451052 9.9982E-05 0.0681485 9.9982E-05 0.40141 0.0537265 0.0254638
0.423327 0.0807737 0.104886 0.0233869 0.00402269 0.130871 0.232734
0.342555 0.0409207 0.0520191 0.053771 0.205972 0.147348 0.157414
0.324692 0.0444279 0.0207015 0.0706107 0.13001 0.17588 0.233678
0.324675 0.199467 0.010846 0.0717199 0.0146476 0.134276 0.244369
0.454497 0.0582147 0.115738 0.13667 0.00320357 0.0671776 0.164499
0.393872 0.082031 9.9982E-05 9.9982E-05 0.173772 0.162901 0.187224
9.9973E-05 0.0337579 9.9973E-05 9.9973E-05 0.671508 0.208933 0.0855005
0.566514 0.00880117 9.9991E-05 0.0289141 0.128372 0.0815562 0.185743
9.9973E-05 0.108801 9.9973E-05 9.9973E-05 0.417094 0.369045 0.10476
0.499929 9.9973E-05 9.9973E-05 9.9973E-05 0.28936 0.0501028 0.160308
0.0639732 9.9964E-05 0.18054 9.9964E-05 0.755087 9.9964E-05 9.9964E-05
9.9973E-05 9.9973E-05 0.0816608 0.00905894 0.899922 0.00905808 9.9973E-05
0.472644 0.00882046 0.0606246 0.00210215 0.455609 9.9982E-05 9.9982E-05
0.611978 9.9955E-05 9.9955E-05 9.9955E-05 0.387522 9.9955E-05 9.9955E-05
0.420072 9.9973E-05 0.0899514 0.0134058 0.47627 9.9973E-05 9.9973E-05
0.453655 9.9964E-05 0.00852597 9.9964E-05 0.537419 9.9964E-05 9.9964E-05
0.510052 9.9955E-05 9.9955E-05 9.9955E-05 0.489448 9.9955E-05 9.9955E-05
0.0714023 9.9982E-05 9.9982E-05 0.00839618 0.0791682 0.803981 0.0368523
9.9973E-05 9.9973E-05 9.9973E-05 0.152239 0.0288571 0.709196 0.109408
9.9964E-05 9.9964E-05 9.9964E-05 0.0581214 9.9964E-05 0.886398 0.0550804
0.0670022 9.9964E-05 9.9964E-05 9.9964E-05 0.0278928 0.904705 9.9964E-05
0.459111 0.017035 0.298652 0.0250101 0.109474 0.062395 0.0283223
0.54039 0.0376336 0.330491 9.9982E-05 0.00271814 0.0885674 9.9982E-05
0.527136 9.9964E-05 0.373623 0.0988416 9.9964E-05 9.9964E-05 9.9964E-05
0.606737 9.9982E-05 0.201266 0.0299225 0.0408718 0.121003 9.9982E-05
0.464908 0.243256 0.0997163 0.0840127 9.9991E-05 0.0449068 0.063101
0.221395 0.0492411 0.51403 0.116909 0.0525888 0.0410305 0.00480567
0.624788 9.9982E-05 0.305233 9.9982E-05 0.031209 0.00856422 0.0300063
0.348537 0.120354 0.443428 9.9982E-05 0.0710401 0.0164409 9.9982E-05
0.447287 9.9973E-05 9.9973E-05 9.9973E-05 0.0581822 0.304636 0.189595
0.380715 0.0844447 0.391415 0.0738626 9.9982E-05 9.9982E-05 0.069363
0.327534 9.9973E-05 0.505562 0.165056 9.9973E-05 0.00154689 9.9973E-05
0.528018 9.9973E-05 0.417047 9.9973E-05 0.0453603 0.00927444 9.9973E-05
0.429325 9.9982E-05 0.448451 0.0332287 0.0354247 0.0533704 9.9982E-05
0.573011 0.0199626 0.366556 9.9982E-05 0.0190276 9.9982E-05 0.0212424
0.576884 9.9973E-05 0.389597 9.9973E-05 0.0110855 0.0221334 9.9973E-05
0.106675 9.9964E-05 0.81076 9.9964E-05 0.0821657 9.9964E-05 9.9964E-05
0.224842 0.0891914 0.586349 9.9991E-05 0.029038 0.00525482 0.0652247
0.331023 9.9973E-05 0.549645 0.0951314 9.9973E-05 0.0239002 9.9973E-05
9.9955E-05 0.184467 0.815033 9.9955E-05 9.9955E-05 9.9955E-05 9.9955E-05
0.499866 0.00906794 0.301596 0.0692309 0.0550914 0.0302445 0.034903
0.112737 0.266609 0.620254 9.9964E-05 9.9964E-05 9.9964E-05 9.9964E-05
9.9964E-05 0.144404 0.77141 9.9964E-05 0.0837865 9.9964E-05 9.9964E-05
0.587742 9.9973E-05 0.365136 9.9973E-05 0.0432069 0.0036156 9.9973E-05
0.184462 9.9991E-05 0.631203 0.0703346 0.0273772 0.050115 0.0364085
0.445593 9.9973E-05 0.401007 0.111595 9.9973E-05 0.0415053 9.9973E-05
0.549792 0.0247405 0.269573 9.9982E-05 9.9982E-05 0.0900322 0.0656619
0.515639 0.00822817 0.407844 0.0557375 9.9982E-05 9.9982E-05 0.0123512
0.311087 0.141929 0.0928383 0.259498 0.165488 9.9991E-05 0.0290587
0.590667 9.9982E-05 0.308683 9.9982E-05 0.0507911 0.0272835 0.022375
0.468936 9.9973E-05 0.353788 0.101405 9.9973E-05 0.0755709 9.9973E-05
0.278076 0.00593866 0.700643 9.99789E-05 0.0150417 9.99789E-05 9.99789E-05
0.497611 0.113356 0.196824 0.102235 0.00889869 0.060539 0.020536
0.00723046 0.119676 9.9973E-05 0.283011 9.9973E-05 0.589782 9.9973E-05
0.0521352 0.0755457 0.0529683 0.0889516 9.9982E-05 0.730199 9.9982E-05
9.9964E-05 0.0928496 9.9964E-05 0.125675 9.9964E-05 0.781075 9.9964E-05
9.9973E-05 9.9973E-05 0.0319106 0.163914 0.0263857 0.77749 9.9973E-05
0.0183002 0.0550042 0.0210712 0.201147 9.9982E-05 0.704278 9.9982E-05
0.157471 9.9982E-05 0.667262 0.135807 9.9982E-05 0.0205381 0.0187219
0.116576 0.0331995 0.622968 0.154653 0.0104428 0.0458534 0.0163077
0.141906 0.0735711 0.733787 9.9973E-05 0.050436 9.9973E-05 9.9973E-05
0.562526 9.9991E-05 0.191295 0.0872928 0.0533478 0.050479 0.0549592
0.398064 0.071019 0.187949 0.0971865 0.0799609 0.0823807 0.0834397
0.276294 0.0449551 0.643222 9.9973E-05 9.9973E-05 0.0352292 9.9973E-05
0.585944 0.0569273 0.258643 0.00373326 0.0264196 9.9991E-05 0.0682333
0.339339 0.0569298 0.484193 9.9982E-05 9.9982E-05 0.00940342 0.109935
0.479376 9.9982E-05 0.371039 0.0750644 0.0285392 0.045781 9.9982E-05
0.584864 0.0432284 0.256862 0.0510853 0.00664068 0.0572194 9.9991E-05
0.246981 0.0557371 0.570115 0.107297 9.9982E-05 9.9982E-05 0.01967
0.358816 9.9964E-05 0.578286 0.0624987 9.9964E-05 9.9964E-05 9.9964E-05
0.315157 9.9973E-05 0.518937 0.164359 9.9973E-05 9.9973E-05 0.00124682
0.621241 0.228005 9.9973E-05 0.0473513 9.9973E-05 0.103103 9.9973E-05
0.39482 9.9982E-05 0.58063 0.0220614 0.000981563 0.00130675 9.9982E-05
0.39127 9.9991E-05 0.452042 0.0807022 0.0171607 0.0251741 0.0335514
0.29597 0.0755317 9.9991E-05 0.0657374 0.0819969 0.0438539 0.43681
0.340868 9.9982E-05 0.0959716 9.9982E-05 0.022153 0.11898 0.421827
0.425256 0.0307451 9.9982E-05 0.0123951 9.9982E-05 0.147565 0.383839
0.320883 0.074236 9.9973E-05 9.9973E-05 9.9973E-05 0.20943 0.395151
0.480479 0.00656695 9.9982E-05 9.9982E-05 0.0600304 0.154294 0.298429
0.505042 0.25934 0.221397 9.9973E-05 9.9973E-05 0.0139216 9.9973E-05
0.0293357 0.0268739 9.9982E-05 9.9982E-05 0.0314221 0.278244 0.633924
0.284875 9.9982E-05 0.0134365 9.9982E-05 0.0769163 0.176711 0.447861
0.336545 0.333549 0.0710804 9.9982E-05 9.9982E-05 0.0347698 0.223855
0.579356 0.293747 9.9964E-05 9.9964E-05 9.9964E-05 0.126497 9.9964E-05
0.390724 0.282847 0.0767878 0.0570829 0.0663247 0.0589348 0.0672986
0.603422 0.268888 0.00589339 0.0539788 9.9991E-05 0.0578092 0.00990871
0.619644 0.181841 9.9982E-05 0.127755 0.0192235 0.0513369 9.9982E-05
0.355823 9.9964E-05 9.9964E-05 9.9964E-05 9.9964E-05 0.171536 0.472242
0.409995 9.9982E-05 9.9982E-05 0.0890886 0.0557316 0.0993619 0.345623
0.395395 0.0226264 9.9973E-05 9.9973E-05 9.9973E-05 0.105608 0.47607
0.361233 0.0157726 0.0917658 0.066401 0.0464336 0.132812 0.285582
0.248877 0.046574 0.0310774 9.9991E-05 0.0630253 0.0990431 0.511303
0.320452 9.9991E-05 0.124636 0.0712935 0.0306541 0.0983506 0.354514
0.176004 0.0547386 9.9982E-05 9.9982E-05 0.0807228 0.1173 0.571034
0.333008 9.9982E-05 9.9982E-05 0.0193041 0.131896 0.125982 0.38961
0.526332 0.374395 0.0282492 0.029564 9.9991E-05 0.0152792 0.0260808
0.34864 0.0904567 0.0518392 0.0550236 9.9991E-05 0.0921662 0.361775
0.140831 0.0504316 9.9973E-05 9.9973E-05 9.9973E-05 0.171221 0.637216
0.357221 0.041693 0.0799059 9.9991E-05 0.0404251 0.192164 0.288491
0.217433 0.384496 0.0997351 0.215972 9.9982E-05 0.0821638 9.9982E-05
0.644062 0.304461 9.9982E-05 0.00124752 9.9982E-05 0.00483722 0.0451922
0.255109 0.04139 9.9991E-05 0.121778 0.0239011 0.132671 0.425051
0.650885 0.195762 9.9982E-05 0.0337074 0.0587736 0.0606717 9.9982E-05
0.50872 0.248123 0.0900643 0.0460892 9.9982E-05 0.106804 9.9982E-05
0.2699 0.0983121 0.148261 9.9991E-05 0.0438859 0.243226 0.196315
0.303694 0.0743424 9.9982E-05 9.9982E-05 0.165843 0.204067 0.251854
0.465347 0.147481 0.0576376 0.137432 9.9991E-05 0.0591484 0.132854
0.271014 0.0419878 0.196766 9.9982E-05 9.9982E-05 0.139833 0.350199
0.38754 9.9973E-05 9.9973E-05 9.9973E-05 0.10277 0.0963304 0.41306
0.148131 0.0953072 9.9982E-05 9.9982E-05 0.0277503 0.158798 0.569814
0.61258 0.194466 0.0258507 0.0302905 9.9991E-05 0.0853759 0.051337
0.569749 0.270942 9.9973E-05 0.0712051 9.9973E-05 0.0878043 9.9973E-05
0.167147 0.644513 0.0603843 0.038149 0.011545 0.0226845 0.0555777
0.672547 0.124683 9.9973E-05 0.0568911 9.9973E-05 0.145579 9.9973E-05
0.366552 0.211928 0.0755485 0.159061 0.0394071 0.1384 0.00910307
0.505237 0.130691 0.0735816 9.9982E-05 9.9982E-05 0.18537 0.10492
0.486612 0.221024 9.9991E-05 0.0849121 0.0981792 0.0835975 0.0255761
9.9964E-05 0.605562 9.9964E-05 9.9964E-05 9.9964E-05 0.200796 0.193242
9.9964E-05 0.675339 9.9964E-05 9.9964E-05 9.9964E-05 0.231926 0.0923353
0.269051 0.280012 0.0325839 0.0318165 0.147063 0.169539 0.0699346
9.9982E-05 0.486777 0.0390659 0.0240614 9.9982E-05 0.250828 0.199068
9.9964E-05 0.410078 9.9964E-05 9.9964E-05 9.9964E-05 0.369073 0.220449
0.320668 0.29256 9.9982E-05 9.9982E-05 0.0919521 0.164582 0.130038
0.344222 0.179991 9.9982E-05 9.9982E-05 0.0828293 0.177241 0.215516
0.188139 0.343776 0.0771823 9.9982E-05 9.9982E-05 0.252072 0.13863
0.168321 0.481044 9.9973E-05 9.9973E-05 9.9973E-05 0.259281 0.0910538
0.439209 0.191527 0.0719026 9.9991E-05 0.0467832 0.115155 0.135323
0.092304 0.445449 0.0590147 0.0600244 0.00350125 0.207686 0.132021
9.9964E-05 0.589543 9.9964E-05 9.9964E-05 9.9964E-05 0.350481 0.0595758
0.528829 0.0574072 0.0179208 0.152611 9.9991E-05 0.0242956 0.218836
0.306751 0.248023 9.9991E-05 0.072411 0.0293355 0.119196 0.224184
0.448661 0.00684967 9.9982E-05 0.120161 9.9982E-05 0.276835 0.147294
0.52361 9.9973E-05 9.9973E-05 9.9973E-05 0.0661205 0.163831 0.246139
0.482011 0.0562594 0.11256 9.9991E-05 0.0208501 0.159235 0.168985
0.564915 0.0727436 0.0278315 0.00563712 0.0172387 0.135229 0.176406
0.35666 9.9973E-05 9.9973E-05 0.0385076 9.9973E-05 0.385781 0.218751
0.592489 0.0380235 9.9991E-05 0.00141485 0.0260258 0.234826 0.10712
0.408781 9.9973E-05 0.0585618 9.9973E-05 9.9973E-05 0.251585 0.280772
0.408383 0.184632 0.0437443 0.0142142 0.0188869 0.13977 0.19037
0.290398 0.0729134 0.167036 0.164453 0.0311867 0.121226 0.152786
0.478722 0.0599979 0.0900124 0.0414505 0.059323 0.128584 0.14191
0.509878 0.0781673 0.0245049 0.144988 9.9991E-05 0.0925577 0.149804
0.406209 9.9991E-05 0.173018 0.0582423 0.0715458 0.138768 0.152117
0.341874 0.154012 9.9973E-05 9.9973E-05 9.9973E-05 0.259446 0.244368
0.428122 0.0623984 0.0815897 0.00865204 0.0508799 0.179556 0.188803
0.189816 0.230847 0.00291668 9.9991E-05 0.0283916 0.358413 0.189516
0.574151 9.9982E-05 9.9982E-05 0.0431389 0.00184038 0.170782 0.209887
0.154995 0.253553 9.9982E-05 9.9982E-05 0.0487151 0.206005 0.336531
9.9973E-05 0.027441 0.073669 0.112057 9.9973E-05 0.786533 9.9973E-05
0.103029 0.063549 9.9973E-05 0.743693 9.9973E-05 0.0894289 9.9973E-05
9.9955E-05 9.9955E-05 0.00288077 0.996619 9.9955E-05 9.9955E-05 9.9955E-05
9.9955E-05 9.9955E-05 9.9955E-05 0.996598 9.9955E-05 0.00290246 9.9955E-05
0.0440598 9.9955E-05 9.9955E-05 0.95544 9.9955E-05 9.9955E-05 9.9955E-05
0.0186239 9.9973E-05 9.9973E-05 0.927225 9.9973E-05 0.0144285 0.0394229
0.0647321 9.9955E-05 9.9955E-05 0.934768 9.9955E-05 9.9955E-05 9.9955E-05
9.9964E-05 9.9964E-05 0.000741052 0.962268 9.9964E-05 0.0365906 9.9964E-05
9.9964E-05 9.9964E-05 9.9964E-05 0.770416 9.9964E-05 0.199116 0.0300685
0.0568891 0.00123004 0.0143803 0.0128651 9.9991E-05 0.894008 0.0205279
0.0333531 9.9964E-05 9.9964E-05 0.153245 9.9964E-05 0.813002 9.9964E-05
0.0389124 0.0550082 9.9982E-05 0.0058699 9.9982E-05 0.861511 0.038499
0.0480377 0.0403755 9.9982E-05 0.0699363 0.0343759 0.807075 9.9982E-05
0.0331085 0.00607767 0.00113142 0.00772289 9.9991E-05 0.893985 0.0578749
9.9973E-05 9.9973E-05 9.9973E-05 0.0491474 0.0296437 0.888899 0.0320097
0.0210261 9.9982E-05 0.0199258 0.0369191 9.9982E-05 0.760219 0.16171
0.0414535 9.9973E-05 9.9973E-05 9.9973E-05 0.0293581 0.860201 0.0686878
0.115046 0.0267283 9.9982E-05 0.0961101 9.9982E-05 0.750563 0.0113521
9.9964E-05 9.9964E-05 0.0157255 9.9964E-05 9.9964E-05 0.930926 0.0529487
9.995E-05 9.995E-05 9.995E-05 9.995E-05 9.995E-05 0.9994 9.995E-05
0.0373906 0.0684235 9.9982E-05 9.9982E-05 0.0294628 0.795492 0.0690311
9.9955E-05 0.0327734 9.9955E-05 9.9955E-05 9.9955E-05 0.966727 9.9955E-05
0.0326628 0.0498012 9.9973E-05 9.9973E-05 9.9973E-05 0.889467 0.0277693
0.0768304 9.9973E-05 0.00737329 9.9973E-05 9.9973E-05 0.894249 0.0212473
0.141089 9.9955E-05 9.9955E-05 9.9955E-05 9.9955E-05 0.858412 9.9955E-05
0.0828499 0.00484334 9.9973E-05 9.9973E-05 9.9973E-05 0.781561 0.130446
0.123365 9.9964E-05 9.9964E-05 9.9964E-05 9.9964E-05 0.786802 0.0894331
0.147504 9.9964E-05 9.9964E-05 9.9964E-05 9.9964E-05 0.833033 0.0190635
0.436981 0.392532 0.0402336 0.0232869 9.9982E-05 0.106766 9.9982E-05
0.668294 0.244527 0.055173 9.9982E-05 0.00870019 0.0231063 9.9982E-05
0.57899 0.127982 0.108979 0.0650384 0.00624735 0.0627134 0.0500494
0.15884 0.686525 0.11042 9.9973E-05 0.0439151 9.9973E-05 9.9973E-05
0.55746 0.223323 9.9973E-05 0.119782 9.9973E-05 0.0991342 9.9973E-05
0.140484 0.769507 0.0116851 9.9973E-05 9.9973E-05 0.078024 9.9973E-05
0.601247 0.329521 0.000446707 0.0143342 0.0100788 0.0228973 0.0214744
0.41882 0.301698 0.101675 0.155589 9.9982E-05 0.022018 9.9982E-05
0.505215 0.331548 0.0472633 0.048985 9.9982E-05 0.0667892 9.9982E-05
0.466493 0.00679512 0.363364 0.0483706 9.9991E-05 0.0657261 0.049151
0.462134 0.366913 9.9973E-05 0.145938 9.9973E-05 0.024715 9.9973E-05
0.679085 0.162129 0.0537188 0.00644713 0.0230843 0.075436 9.9991E-05
0.607606 0.234358 9.9973E-05 0.100074 9.9973E-05 0.0576617 9.9973E-05
0.0658048 0.115542 0.123152 0.481915 0.17744 9.9991E-05 0.0360464
9.9973E-05 0.77131 0.0514405 0.059304 0.117646 9.9973E-05 9.9973E-05
0.201898 0.760845 9.9964E-05 0.0368573 9.9964E-05 9.9964E-05 9.9964E-05
0.571176 0.238112 9.9982E-05 0.02803 9.9982E-05 0.116407 0.0460752
0.56648 0.273217 0.0584307 9.9973E-05 9.9973E-05 0.101572 9.9973E-05
0.481544 0.336775 0.0434383 0.0347498 9.9982E-05 0.103293 9.9982E-05
0.597419 0.0679345 0.114761 0.000369294 0.118995 0.0792727 0.0212482
