9.9973E-05 0.0455242 0.863116 9.9973E-05 9.9973E-05 0.0182425 0.072817
0.0334265 9.9973E-05 0.899775 9.9973E-05 0.0297759 9.9973E-05 0.0367231
0.0196638 0.048384 0.795769 9.9982E-05 9.9982E-05 0.106362 0.0296213
9.9982E-05 0.0760909 0.775101 9.9982E-05 0.000528526 0.0460125 0.102067
9.9973E-05 0.0710058 0.868876 9.9973E-05 0.0578192 0.00199868 9.9973E-05
0.0040791 0.030346 0.607352 0.173385 9.9991E-05 0.07893 0.105809
0.0332093 9.9964E-05 0.829969 0.136422 9.9964E-05 9.9964E-05 9.9964E-05
0.00264732 0.00875767 0.743514 0.0879408 0.0352875 9.9991E-05 0.121753
0.0553488 9.99729E-05 0.833902 0.0446903 9.99729E-05 9.99729E-05 0.0657588
0.00685565 0.0933772 0.647883 0.0746471 0.103592 0.0735447 9.9991E-05
0.032406 9.9982E-05 0.698088 0.154861 9.9982E-05 0.003232 0.111213
0.240423 0.121869 9.9982E-05 0.0135938 9.9982E-05 0.193009 0.430905
0.108669 9.9982E-05 9.9982E-05 0.0288671 0.0443837 0.561073 0.256807
0.0444114 0.0809481 0.0247545 0.0592888 0.0830768 0.280515 0.427005
9.9991E-05 0.163136 0.0246533 0.0567174 0.0911418 0.329119 0.335132
0.0184195 0.0599903 0.114356 0.160794 9.9991E-05 0.433195 0.213145
0.0523399 0.0307992 0.0529734 0.0708538 9.9991E-05 0.656387 0.136547
0.148686 0.108485 0.0344037 9.9991E-05 0.0404152 0.396727 0.271183
0.135088 0.10683 0.111395 9.9982E-05 9.9982E-05 0.350362 0.296124
0.0869554 0.08499 0.00725363 0.163142 9.9982E-05 9.9982E-05 0.657459
0.181811 0.107341 9.9982E-05 0.0294584 9.9982E-05 0.38691 0.294279
0.0484557 0.0474965 9.9991E-05 0.164589 0.0712259 0.446684 0.221448
0.12411 9.9982E-05 0.0361075 0.0685783 9.9982E-05 0.627748 0.143256
0.175873 0.118016 0.0105153 0.075036 9.9991E-05 0.261257 0.359203
0.0784541 0.0748751 0.0860524 0.024543 0.0329791 0.664937 0.0381595
0.0190375 0.149053 0.016994 0.0619162 0.0384224 0.438249 0.276327
0.161833 0.0785439 9.9982E-05 0.0409195 9.9982E-05 0.250105 0.468398
0.0952495 0.145585 9.9991E-05 0.106309 0.00687733 0.227882 0.417997
0.180114 0.0488021 9.9991E-05 0.13489 0.0878546 0.199028 0.349212
9.9964E-05 0.0506215 0.794849 9.9964E-05 9.9964E-05 0.15413 9.9964E-05
9.9955E-05 9.9955E-05 0.841608 9.9955E-05 9.9955E-05 0.157892 9.9955E-05
0.0182681 0.0261754 0.782606 0.00454291 0.00515061 0.163157 9.9991E-05
0.0620706 0.0270487 0.760876 9.9973E-05 9.9973E-05 0.149705 9.9973E-05
0.188622 0.0259425 0.0595539 0.0276656 0.0537917 0.54778 0.0966445
0.273606 0.0556106 0.12222 0.0490105 9.9991E-05 0.422333 0.0771197
0.404718 0.0794184 0.022918 0.000325953 9.9982E-05 0.49242 9.9982E-05
0.120383 0.0235395 0.0874304 0.0264676 0.0395388 0.164178 0.538464
0.562664 0.0776586 9.9982E-05 0.0133277 0.055128 0.291022 9.9982E-05
0.302892 9.9982E-05 0.0717347 9.9982E-05 0.00705794 0.547233 0.0708823
0.205454 9.9973E-05 0.0412479 0.0492008 9.9973E-05 0.703797 9.9973E-05
0.167706 0.0300643 0.0783838 0.0974445 0.0452453 0.543811 0.0373448
0.205001 0.0486479 0.0129357 0.0738564 9.9991E-05 0.635497 0.0239617
0.668089 0.0305975 0.0483253 0.0171843 9.9991E-05 0.110406 0.125297
0.0604133 0.0667235 9.9982E-05 0.211738 9.9982E-05 0.597552 0.0633731
0.290623 0.0654512 0.0458827 0.0871491 9.9982E-05 0.510694 9.9982E-05
0.18074 0.0304023 0.0972336 0.0760369 0.0648619 0.520536 0.0301898
0.678104 9.9964E-05 9.9964E-05 9.9964E-05 0.0294661 0.29203 9.9964E-05
0.240778 0.0510023 9.9973E-05 0.063158 9.9973E-05 0.644761 9.9973E-05
0.297683 0.0924144 0.134427 0.0491801 0.00511349 0.421082 9.9991E-05
0.702491 9.9964E-05 0.0655887 0.231521 9.9964E-05 9.9964E-05 9.9964E-05
0.232177 9.9982E-05 9.9982E-05 0.0791842 0.0903428 0.185277 0.412818
0.139233 0.0265036 9.9991E-05 0.314279 0.162555 0.10458 0.252749
0.0987069 0.0767819 0.0407179 0.101437 0.0448909 0.478266 0.159199
9.9991E-05 0.0459064 0.0347942 0.0561276 0.154091 0.620275 0.0887065
9.9991E-05 0.0480243 0.0193439 0.10533 0.121349 0.678053 0.0278003
0.269474 9.9991E-05 0.0918971 0.0617917 0.100929 0.201497 0.274311
0.0498723 9.9973E-05 9.9973E-05 0.0901497 9.9973E-05 0.575182 0.284496
0.0365921 0.139655 0.0593877 0.1532 9.9991E-05 0.508915 0.10215
0.196647 9.9991E-05 0.103288 0.0622458 0.0647759 0.386152 0.186791
0.0898435 0.0409203 0.164423 0.188845 0.0142718 0.12751 0.374187
0.0542827 9.9991E-05 0.0702546 0.075273 0.103566 0.632095 0.064429
0.115291 0.00437221 0.0682011 0.0838307 0.111058 0.408281 0.208966
0.206727 9.9991E-05 0.0358328 0.17207 0.072471 0.0348998 0.477899
0.117951 0.0192461 9.9991E-05 0.0230802 0.128454 0.448223 0.262945
0.0783883 0.049855 0.0207622 0.10003 0.21384 0.537024 9.9991E-05
0.0746321 0.15442 0.0210279 9.9991E-05 0.16266 0.463215 0.123946
0.179424 0.0765761 9.9991E-05 0.0729237 0.141505 0.232008 0.297464
0.136697 0.0523795 9.9991E-05 0.0592473 0.058946 0.481826 0.210804
0.0164982 0.0355328 0.0581562 0.113701 0.146692 0.620886 0.00853342
0.185738 9.9991E-05 0.00783256 0.134085 0.151349 0.222316 0.298579
0.443408 9.9964E-05 9.9964E-05 9.9964E-05 9.9964E-05 0.505995 0.0501972
0.725762 0.000192073 0.045357 9.9982E-05 9.9982E-05 0.16397 0.0645185
0.152147 0.0255314 0.114127 9.9991E-05 0.0455745 0.554591 0.107928
0.875616 9.9964E-05 0.00655419 0.11743 9.9964E-05 9.9964E-05 9.9964E-05
0.755316 9.9973E-05 9.9973E-05 0.134531 0.0576466 9.9973E-05 0.0522056
0.704141 9.9973E-05 9.9973E-05 0.0327508 0.00791723 0.254891 9.9973E-05
0.44588 0.0151273 0.00887738 9.9982E-05 9.9982E-05 0.392099 0.137817
0.165446 0.0129659 0.142338 0.0930801 0.083818 0.480579 0.0217733
0.526892 0.0430505 9.9991E-05 0.0220813 0.0303893 0.347512 0.0299752
0.601479 0.00913155 0.0479116 9.9982E-05 9.9982E-05 0.153556 0.187722
0.434269 9.9982E-05 0.0473353 9.9982E-05 0.00329105 0.244205 0.2707
0.20554 0.0339149 0.052131 9.9991E-05 0.231451 0.457698 0.0191653
0.591631 0.00737874 9.9982E-05 0.00727102 9.9982E-05 0.314989 0.0785299
0.460645 9.9973E-05 0.0514503 9.9973E-05 9.9973E-05 0.451257 0.036347
0.632055 9.9973E-05 9.9973E-05 0.0231896 0.0439566 0.300499 9.9973E-05
0.731995 9.9964E-05 9.9964E-05 0.170142 0.0974626 9.9964E-05 9.9964E-05
0.25757 9.9991E-05 0.0384294 0.071749 0.028209 0.594539 0.00940321
0.000713022 0.00258077 0.83854 9.9982E-05 9.9982E-05 0.121859 0.0361077
9.9955E-05 9.9955E-05 0.880425 9.9955E-05 9.9955E-05 0.119076 9.9955E-05
9.9964E-05 0.00394813 0.862935 9.9964E-05 9.9964E-05 0.132717 9.9964E-05
9.9964E-05 9.9964E-05 0.881807 0.0288842 9.9964E-05 0.0889085 9.9964E-05
0.0245303 0.024913 0.857745 0.0169914 9.9982E-05 0.0756207 9.9982E-05
9.9973E-05 0.0155549 0.882813 0.0183047 9.9973E-05 0.083028 9.9973E-05
9.9973E-05 0.00251261 0.913946 0.00217531 9.9973E-05 0.0810657 9.9973E-05
0.352686 0.0850102 0.0669926 9.9982E-05 9.9982E-05 0.442721 0.0523896
0.138614 0.0271765 0.0718454 0.0526492 0.0554887 0.587927 0.0662989
0.788305 9.9982E-05 0.038486 9.9982E-05 0.0655744 0.0109452 0.0964899
0.251238 0.112043 0.0803984 9.9991E-05 0.0799689 0.446799 0.0294522
0.404222 9.9973E-05 0.0240475 9.9973E-05 9.9973E-05 0.446755 0.124676
0.367743 0.0933265 0.0235861 9.9982E-05 0.130406 0.384739 9.9982E-05
0.295458 9.9991E-05 0.0201031 0.0840327 0.0529543 0.536273 0.0110791
0.479391 0.0710463 9.9964E-05 9.9964E-05 9.9964E-05 0.449163 9.9964E-05
0.692163 9.9964E-05 0.0614097 9.9964E-05 9.9964E-05 9.9964E-05 0.246028
0.181044 0.0649919 0.0787839 9.9991E-05 0.0686245 0.42682 0.179636
0.216979 0.0353232 0.0329704 0.0437606 0.0231602 0.632029 0.0157771
0.155884 0.0581919 0.0161396 0.0225412 9.9991E-05 0.594098 0.153045
0.570247 9.9973E-05 9.9973E-05 0.116626 0.0083101 0.304517 9.9973E-05
0.380816 0.00605131 0.0154573 0.0216995 0.0973506 0.478525 9.9991E-05
0.306788 9.9991E-05 0.04282 0.0386387 0.0941807 0.437453 0.0800198
0.608773 0.102664 9.9973E-05 9.9973E-05 0.0223858 0.265877 9.9973E-05
0.477363 9.9973E-05 0.0505189 9.9973E-05 9.9973E-05 0.378255 0.0935631
0.0902653 0.0384555 0.133649 9.9991E-05 0.0273687 0.636421 0.0737401
0.0841478 0.00156687 0.0452354 0.096201 0.21962 0.276464 0.276765
9.9973E-05 9.9973E-05 0.0826724 0.100111 9.9973E-05 0.494045 0.322871
0.0389698 0.0353879 0.0893137 0.022862 0.060987 0.591564 0.160916
0.0758582 0.11531 0.0930172 9.9991E-05 0.115593 0.469917 0.130205
9.9982E-05 9.9982E-05 0.0317491 0.0668757 0.045794 0.514832 0.340549
0.00755107 9.9982E-05 9.9982E-05 0.00446915 0.0745844 0.631473 0.281723
9.9964E-05 9.9964E-05 9.9964E-05 9.9964E-05 0.131304 0.499861 0.368435
0.113577 9.9991E-05 0.0802358 0.00173188 0.0955018 0.536653 0.1722
0.0400795 0.0446879 0.035665 0.0752119 0.0583448 0.612606 0.133405
0.0288818 9.9991E-05 0.0355025 0.0447596 0.0616966 0.637974 0.191086
0.0187314 9.9982E-05 9.9982E-05 0.0260404 0.114673 0.521407 0.318948
0.0194054 0.0446761 9.9991E-05 0.101187 0.0576385 0.662235 0.114758
0.0677667 0.0770554 0.0434691 0.0715695 0.0622434 0.521142 0.156754
0.0985881 0.0345612 9.9982E-05 9.9982E-05 0.0492088 0.577978 0.239464
0.0382754 0.0976179 0.0377154 0.055393 0.148778 0.487807 0.134413
0.0920534 0.0724683 9.9991E-05 0.0585197 0.0928087 0.497569 0.186481
0.00337886 9.9991E-05 0.0578308 0.158051 0.133104 0.465533 0.182002
0.0161828 0.0658743 9.9982E-05 9.9982E-05 0.118003 0.607564 0.192175
9.9973E-05 9.9973E-05 9.9973E-05 0.0453531 0.21542 0.625459 0.113468
0.135126 0.0989927 9.99879E-05 9.99879E-05 0.205438 0.173472 0.386772
0.0682558 0.048343 9.9991E-05 0.223095 0.310891 0.12678 0.222535
0.133557 9.9991E-05 0.0622771 0.0398262 0.0182401 0.564724 0.181276
0.176478 0.0609533 9.9991E-05 0.157517 0.247249 0.0560208 0.301682
0.202493 9.9982E-05 0.0348152 9.9982E-05 0.0307404 0.320633 0.411118
0.194249 9.9982E-05 9.9982E-05 0.0340387 0.0348155 0.379604 0.357092
0.127304 9.9982E-05 0.054701 9.9982E-05 0.0854664 0.328924 0.403405
0.215446 0.0311482 9.9982E-05 9.9982E-05 0.0543615 0.271279 0.427566
0.184567 0.0696851 0.0796619 9.9991E-05 0.0379598 0.556732 0.071294
9.9991E-05 0.0809513 0.0776657 0.153301 0.0186249 0.544641 0.124717
0.0688816 9.9991E-05 0.00225296 0.0842412 0.0316324 0.55041 0.262481
0.114372 0.0142767 9.9991E-05 0.253657 0.0873645 0.176716 0.353514
0.18483 0.0137974 0.178908 0.0604744 0.00395696 0.507095 0.050938
0.140578 0.0728459 0.0866536 0.130689 0.0521369 0.516997 9.9991E-05
0.195647 9.9991E-05 0.104984 0.472772 0.0757374 0.0126693 0.13809
9.9982E-05 9.9982E-05 0.120638 0.10474 0.106531 0.655712 0.012178
0.21404 0.0387759 0.00264303 0.307781 0.0313699 0.318148 0.0872426
0.106576 0.016815 0.0693165 0.170453 0.0629906 0.529871 0.0439779
0.138938 9.9991E-05 0.0576467 0.385035 0.00772507 0.301718 0.108837
0.0604412 9.9991E-05 0.0464151 0.396604 0.151437 0.227983 0.11702
0.154381 9.9991E-05 0.0104294 0.136249 0.160523 0.384392 0.153925
0.0611848 0.0771458 0.0649936 0.162901 0.0184363 0.464429 0.150909
0.0151163 0.0490571 0.124096 0.194186 0.0912148 0.40071 0.12562
0.279449 0.148723 0.00979926 0.366512 0.0765987 9.9991E-05 0.118818
0.0904426 0.0784154 0.0529859 0.103976 0.160771 0.492649 0.0207598
0.185825 9.9982E-05 9.9982E-05 0.275535 0.0736467 0.369712 0.0950812
0.202496 9.9982E-05 9.9982E-05 0.217081 0.100465 0.38983 0.0899286
0.0496156 0.0413384 0.161381 0.101402 0.0402591 0.588033 0.0179718
0.0205712 0.260882 0.264532 0.275574 0.00916027 0.16918 9.9991E-05
9.9964E-05 0.104029 0.483488 0.412083 9.9964E-05 9.9964E-05 9.9964E-05
9.9964E-05 0.122839 0.410319 0.466442 9.9964E-05 9.9964E-05 9.9964E-05
9.9973E-05 0.290214 0.345121 0.22948 9.9973E-05 0.134886 9.9973E-05
0.0777101 9.9973E-05 9.9973E-05 0.25455 0.0195805 0.647859 9.9973E-05
0.0116541 0.0411015 0.0557826 0.0425407 0.135665 0.624268 0.0889885
9.9964E-05 0.627891 9.9964E-05 9.9964E-05 9.9964E-05 0.356484 0.0152251
0.222339 0.406242 9.9973E-05 9.9973E-05 9.9973E-05 0.276635 0.0944844
9.9991E-05 0.355044 0.0341829 0.0220401 0.052376 0.490772 0.0454847
0.102644 9.9973E-05 9.9973E-05 0.336906 0.233122 0.327028 9.9973E-05
0.0963463 0.0478929 0.0334563 0.17574 0.129805 0.516659 9.9991E-05
0.172678 9.9973E-05 9.9973E-05 0.487243 0.1658 0.173979 9.9973E-05
0.11956 9.9982E-05 9.9982E-05 0.22266 0.030541 0.593662 0.0333764
0.208783 9.9991E-05 0.00262088 0.231595 0.149768 0.399456 0.00767713
0.150656 0.0894003 0.0328514 0.152878 0.0839147 0.448135 0.0421653
0.201424 9.9982E-05 9.9982E-05 0.383246 0.139375 0.197549 0.0782052
0.259194 0.092966 0.0334373 0.0711074 0.0219082 0.501717 0.01967
0.125116 0.163772 0.0298727 0.152985 0.103113 0.425041 9.9991E-05
0.00465924 0.994841 9.9955E-05 9.9955E-05 9.9955E-05 9.9955E-05 9.9955E-05
9.9964E-05 0.90725 9.9964E-05 9.9964E-05 9.9964E-05 0.0590742 0.033276
0.042856 0.567323 0.0762889 0.0138053 9.9982E-05 0.299527 9.9982E-05
9.9973E-05 0.60916 0.0124929 9.9973E-05 9.9973E-05 0.37107 0.00697712
9.9955E-05 0.843697 9.9955E-05 9.9955E-05 9.9955E-05 0.155803 9.9955E-05
9.9955E-05 0.970644 9.9955E-05 0.0288567 9.9955E-05 9.9955E-05 9.9955E-05
9.9964E-05 0.955959 0.000385964 9.9964E-05 9.9964E-05 9.9964E-05 0.0432555
9.9955E-05 0.837716 9.9955E-05 9.9955E-05 9.9955E-05 0.161785 9.9955E-05
0.00479088 0.983195 9.9964E-05 9.9964E-05 9.9964E-05 9.9964E-05 0.0116139
9.995E-05 0.9994 9.995E-05 9.995E-05 9.995E-05 9.995E-05 9.995E-05
9.995E-05 0.9994 9.995E-05 9.995E-05 9.995E-05 9.995E-05 9.995E-05
9.9973E-05 0.762455 0.057778 9.9973E-05 9.9973E-05 0.15179 0.0276766
0.0413511 0.788496 0.0850507 0.00775736 9.9982E-05 0.0771453 9.9982E-05
0.0200414 0.979459 9.9955E-05 9.9955E-05 9.9955E-05 9.9955E-05 9.9955E-05
0.124247 0.441321 0.0406517 0.0646665 9.9991E-05 0.275279 0.0537345
9.9982E-05 0.70745 0.0272707 9.9982E-05 0.0289779 0.145038 0.0910635
9.9982E-05 0.761003 0.0378135 0.030831 9.9982E-05 0.129658 0.0404943
9.9973E-05 0.897887 0.00951977 9.9973E-05 9.9973E-05 0.0493207 0.0429729
9.995E-05 0.9994 9.995E-05 9.995E-05 9.995E-05 9.995E-05 9.995E-05
9.9982E-05 0.909734 0.0329898 9.9982E-05 0.0108411 0.0346405 0.0115942
9.995E-05 0.9994 9.995E-05 9.995E-05 9.995E-05 9.995E-05 9.995E-05
0.0339672 0.649587 0.042329 0.0169955 9.9991E-05 0.209978 0.0470436
0.0115062 0.92101 0.00381687 9.9982E-05 0.0189685 0.0444986 9.9982E-05
0.068611 0.0265503 0.234207 0.616924 0.0535074 9.9982E-05 9.9982E-05
0.0488307 0.0299366 0.130688 0.212798 0.017915 0.487235 0.072597
0.0661789 0.065624 0.22922 0.219598 9.9991E-05 0.364194 0.0550854
0.0929159 0.0533463 0.203086 0.449692 0.00289579 0.197963 9.9991E-05
0.00327081 0.121088 0.119033 0.175047 0.11677 0.362508 0.102282
0.0881809 0.0981885 0.207281 0.378121 0.0301413 0.197988 9.9991E-05
9.9991E-05 0.0382598 0.227667 0.0718166 0.131447 0.427239 0.103471
9.9982E-05 0.163695 0.177804 0.31065 0.0411413 0.30651 9.9982E-05
0.0192278 0.1091 0.102791 0.231339 0.0960084 0.441433 9.9991E-05
9.9973E-05 0.0919007 0.169855 0.362023 9.9973E-05 0.375921 9.9973E-05
9.9991E-05 0.0809883 0.164248 0.128125 0.0284683 0.53595 0.0621198
0.00955967 9.9982E-05 0.805742 9.9982E-05 0.0406529 0.0630836 0.0807617
9.9964E-05 0.0823109 0.877345 9.9964E-05 0.0399446 9.9964E-05 9.9964E-05
9.9955E-05 9.9955E-05 0.976171 9.9955E-05 9.9955E-05 9.9955E-05 0.0233293
9.9964E-05 9.9964E-05 0.93405 9.9964E-05 9.9964E-05 0.0160315 0.0495191
9.9964E-05 9.9964E-05 0.891871 9.9964E-05 9.9964E-05 0.0417462 0.0659826
9.9973E-05 0.0849199 0.87157 0.0149537 0.0282562 9.9973E-05 9.9973E-05
9.9964E-05 0.086889 0.870942 9.9964E-05 9.9964E-05 0.0417693 9.9964E-05
0.0240025 0.0120426 0.875832 0.0684989 0.01005 0.00947384 9.9991E-05
0.0255923 9.9973E-05 0.912485 9.9973E-05 0.0163466 0.0452766 9.9973E-05
9.9982E-05 0.127718 0.821203 0.0132797 9.9982E-05 0.0227618 0.0148377
0.0700271 9.9973E-05 0.595741 9.9973E-05 0.0782822 9.9973E-05 0.25565
0.0621019 9.9964E-05 0.59504 9.9964E-05 9.9964E-05 9.9964E-05 0.342459
0.042022 9.9982E-05 0.521098 0.119119 0.0113803 9.9982E-05 0.30618
0.103047 9.9973E-05 0.527934 9.9973E-05 0.060304 9.9973E-05 0.308415
0.299973 0.0349922 0.114817 0.0245941 9.9991E-05 0.484527 0.0409963
0.2443 0.0187851 0.08449 9.9991E-05 0.093542 0.484904 0.0738787
0.151058 9.9973E-05 9.9973E-05 9.9973E-05 0.0137704 0.63114 0.203731
0.278146 9.9982E-05 0.0625662 0.0968642 9.9982E-05 0.402552 0.159671
0.144463 0.053624 9.9982E-05 0.0159097 9.9982E-05 0.15035 0.635453
0.273364 0.0776519 0.0482689 9.9991E-05 0.00218549 0.566015 0.0324144
0.228726 9.9982E-05 9.9982E-05 0.0393274 0.0570521 0.592405 0.082289
0.282107 9.9982E-05 9.9982E-05 0.0715571 0.0540788 0.495718 0.0963389
0.626659 0.0515333 9.9973E-05 9.9973E-05 0.0282049 0.293302 9.9973E-05
0.184911 0.010216 0.0334178 0.0656155 9.9991E-05 0.644824 0.0609154
0.421358 9.9973E-05 9.9973E-05 9.9973E-05 0.0992991 0.372117 0.106925
0.716162 9.9982E-05 0.0016036 0.00998129 0.21015 9.9982E-05 0.0619037
0.18879 9.9991E-05 0.0369621 0.00732762 0.0829928 0.500795 0.183033
0.532092 0.02497 9.9991E-05 0.125151 0.0939676 0.214198 0.00952198
0.415759 0.0270047 0.00228701 0.00244251 0.0718476 0.461907 0.0187524
0.722345 9.9973E-05 0.0292328 9.9973E-05 9.9973E-05 0.0889766 0.159145
0.0440468 9.9973E-05 0.0780942 0.12001 9.9973E-05 9.9973E-05 0.757549
9.9973E-05 9.9973E-05 0.0427081 0.133239 9.9973E-05 0.0555731 0.76818
9.9973E-05 9.9973E-05 0.0554227 0.00879235 0.0551881 9.9973E-05 0.880297
0.00296151 9.9973E-05 0.108458 9.9973E-05 0.0388094 9.9973E-05 0.849471
9.9973E-05 0.0552369 9.9973E-05 0.0993113 9.9973E-05 0.00711544 0.838036
9.9991E-05 0.0109845 0.0118011 0.0856442 0.0134041 0.0926155 0.785451
0.02158 0.0276257 0.847899 9.9973E-05 9.9973E-05 0.102595 9.9973E-05
9.9964E-05 9.9964E-05 0.842537 9.9964E-05 9.9964E-05 0.127038 0.0300258
9.9964E-05 0.0980549 0.762297 9.9964E-05 9.9964E-05 0.139248 9.9964E-05
9.9973E-05 0.128014 0.717161 9.9973E-05 9.9973E-05 0.0777746 0.0767503
9.9973E-05 0.0610862 0.769993 9.9973E-05 9.9973E-05 0.102173 0.0664482
0.0706101 9.9982E-05 0.380583 0.0338564 0.0224627 9.9982E-05 0.492288
0.0136814 9.9973E-05 0.449363 9.9973E-05 0.105637 9.9973E-05 0.431018
9.9964E-05 9.9964E-05 0.407047 9.9964E-05 0.150112 9.9964E-05 0.442442
9.9973E-05 0.0113425 0.805806 9.9973E-05 9.9973E-05 0.138857 0.0436948
0.0890998 9.9982E-05 0.372673 0.00499861 0.00557051 9.9982E-05 0.527458
9.9973E-05 0.396131 0.152262 0.176593 9.9973E-05 0.274714 9.9973E-05
9.9982E-05 0.167782 0.150698 0.00954153 9.9982E-05 0.620301 0.0514775
9.9964E-05 0.184529 0.207154 9.9964E-05 9.9964E-05 0.607917 9.9964E-05
0.0929741 0.200695 0.201425 0.170529 9.9982E-05 0.334177 9.9982E-05
0.00596674 0.177272 0.123226 0.141368 9.9991E-05 0.520997 0.0310697
9.9964E-05 0.285808 0.418155 0.295637 9.9964E-05 9.9964E-05 9.9964E-05
0.163052 0.0119422 0.0225708 0.0470587 0.118101 0.397365 0.23991
9.9973E-05 9.9973E-05 9.9973E-05 0.150709 0.215264 0.42014 0.213587
9.9973E-05 9.9973E-05 0.107672 9.9973E-05 0.0200421 0.340921 0.531064
0.140974 9.9973E-05 9.9973E-05 9.9973E-05 0.249418 0.438957 0.170352
0.201268 9.9973E-05 9.9973E-05 0.284932 0.388079 9.9973E-05 0.125421
0.0767442 0.0717196 0.101641 0.103139 0.0676327 0.479604 0.0995203
0.00190713 9.9982E-05 0.0479332 9.9982E-05 0.205498 0.527433 0.217029
0.12283 9.9991E-05 0.0318895 0.0474971 0.0441661 0.359372 0.394146
0.159307 0.073847 0.076367 0.0316026 0.027722 0.450674 0.18048
0.18167 9.9982E-05 9.9982E-05 0.245581 0.161435 0.141552 0.269561
0.10608 0.0263887 9.9991E-05 0.161635 0.130749 0.469463 0.105585
0.159412 0.0329181 9.9991E-05 0.0392158 0.0485632 0.467979 0.251812
0.123228 0.201464 0.102782 0.104566 0.0313311 0.363205 0.0734244
0.0425629 0.00286917 9.9982E-05 9.9982E-05 0.250913 0.409543 0.293912
0.108051 0.075606 0.0353236 9.9991E-05 0.21672 0.347465 0.216735
0.171183 0.0970847 9.9991E-05 0.15328 0.0494561 0.423557 0.105339
0.153565 0.0222805 0.0180042 0.0498674 0.0947427 0.475064 0.186475
0.169113 0.118368 0.00756222 0.000445944 0.0630032 0.526487 0.11502
0.129889 0.0434691 0.061535 0.024299 0.0845173 0.504772 0.151518
0.0591499 0.0388594 0.0612464 0.0302906 0.0065865 0.52992 0.273948
9.9964E-05 0.112726 0.787099 9.9964E-05 9.9964E-05 0.0997753 9.9964E-05
0.0238728 0.0758705 0.796352 9.9982E-05 0.0947573 0.00894712 9.9982E-05
0.101608 9.9991E-05 0.826371 0.00754868 0.0285356 0.0249491 0.010888
0.0803406 0.0251589 0.780634 9.9982E-05 0.0829593 0.0307068 9.9982E-05
9.9964E-05 9.9964E-05 0.817338 9.9964E-05 0.0117929 0.170469 9.9964E-05
0.0937631 0.0707657 9.9982E-05 0.0583255 9.9982E-05 0.171094 0.605852
0.125621 0.0169508 0.0269481 0.0922561 0.107696 0.551483 0.0790448
0.020792 0.0761599 0.240905 0.00784802 0.16149 0.485296 0.00750856
9.9973E-05 9.9973E-05 9.9973E-05 0.0804854 0.0482453 0.730443 0.140526
0.11652 9.9982E-05 9.9982E-05 0.043474 0.0687974 0.544299 0.22671
9.9982E-05 0.03546 9.9982E-05 0.225747 0.0562783 0.343065 0.33925
0.112968 9.9991E-05 0.122429 0.135875 0.0482209 0.032661 0.547747
0.0311135 9.9991E-05 0.0103942 0.0296921 0.080298 0.536084 0.312318
0.0237368 0.0363419 0.0802665 9.9991E-05 0.189041 0.165192 0.505321
0.0597479 0.0684177 9.9991E-05 0.112861 0.0879871 0.417308 0.253579
0.0609245 0.0165055 0.125329 9.9991E-05 0.163855 0.125067 0.50822
9.9991E-05 0.0143199 0.129989 0.032893 0.000625979 0.635191 0.186882
0.0773837 0.0095041 0.094247 0.0552672 0.0636266 0.257038 0.442933
0.0383214 0.00102914 0.0651142 0.110388 0.175015 0.375596 0.234537
0.124804 0.041549 0.0333608 0.145343 0.0879897 0.499659 0.0672945
0.0651586 9.9982E-05 9.9982E-05 0.488986 0.11413 0.288617 0.0429091
0.185454 0.0658243 0.0139565 0.206927 0.00146533 0.483773 0.0425995
0.0683844 9.9982E-05 0.0965876 0.271986 9.9982E-05 0.559081 0.00376071
0.0173126 9.9982E-05 9.9982E-05 0.475633 0.111966 0.329015 0.0658741
0.106119 0.0791179 0.0291844 0.168018 0.106252 0.434095 0.0772134
0.120303 9.9973E-05 9.9973E-05 0.213818 0.0900361 0.575542 9.9973E-05
0.0748046 9.9982E-05 9.9982E-05 0.584549 0.150419 0.036705 0.153322
0.141507 9.9973E-05 9.9973E-05 0.552971 0.0659951 0.239227 9.9973E-05
0.029055 9.9982E-05 9.9982E-05 0.339221 0.0400587 0.505255 0.0862098
0.21554 9.9982E-05 9.9982E-05 0.441359 0.07369 0.149617 0.119593
0.170506 9.9973E-05 9.9973E-05 0.283378 9.9973E-05 0.475182 0.0706337
0.170304 0.00534746 0.0280562 0.00317504 0.0817695 0.125688 0.58566
0.119739 0.00727184 9.9991E-05 0.0186492 0.338727 0.23789 0.277623
0.0333622 0.0618048 0.0393202 9.9991E-05 0.0474018 0.367227 0.450785
0.0628877 0.0342472 9.9982E-05 0.12738 9.9982E-05 0.643179 0.132107
0.148654 9.9982E-05 9.9982E-05 0.00259088 0.0665393 0.269441 0.512575
9.9991E-05 0.0731177 0.0743506 0.0147359 0.182163 0.497127 0.158406
0.052875 9.9991E-05 0.0815791 0.054653 0.0197264 0.639679 0.151387
0.149765 0.0975064 0.0173879 9.9991E-05 0.00808239 0.476066 0.251092
0.0130555 0.0862435 0.0188392 9.9991E-05 0.119473 0.475752 0.286537
0.186942 0.0173514 9.9973E-05 9.9973E-05 9.9973E-05 0.453225 0.342182
0.273851 0.135836 9.9973E-05 9.9973E-05 9.9973E-05 0.145868 0.444145
0.0760443 0.100664 9.9982E-05 9.9982E-05 0.119274 0.316747 0.387071
0.0754106 0.0656107 9.9991E-05 0.0744025 0.0668952 0.555279 0.162302
0.0375661 9.9991E-05 0.0164155 0.0227715 0.174576 0.582897 0.165675
0.110641 9.9991E-05 0.0569367 0.0151134 0.147208 0.419614 0.250388
9.9973E-05 0.0590432 9.9973E-05 9.9973E-05 0.232095 0.497261 0.211301
0.0415756 0.0303221 0.0246076 0.102259 9.9991E-05 0.415553 0.385583
9.9982E-05 0.0200433 9.9982E-05 0.0669011 0.114171 0.634076 0.164609
0.0269508 0.131499 9.9982E-05 9.9982E-05 0.0671638 0.489399 0.284787
9.9991E-05 0.0481061 0.0940196 0.0719662 0.214432 0.506981 0.0643958
0.0328467 0.0597748 0.318935 0.129513 9.9982E-05 0.45873 9.9982E-05
0.131822 0.155735 0.140306 0.12066 0.0202305 0.431147 9.9991E-05
0.0319302 0.199838 0.110821 0.0783523 9.9991E-05 0.495835 0.0831237
0.11863 0.102987 0.0715945 0.0308707 0.15683 0.493736 0.0253517
9.9982E-05 0.19938 0.184099 0.0784567 0.0736687 0.464196 9.9982E-05
0.0417326 0.00974151 9.9991E-05 0.133771 0.20957 0.422341 0.182744
0.0789814 0.146219 0.209797 9.9991E-05 0.0681314 0.494791 0.00197963
0.154512 0.133034 0.21304 0.398188 0.0518967 9.9991E-05 0.0492294
9.9991E-05 0.116292 0.0940359 0.10824 0.0877246 0.514433 0.0791742
0.0184411 0.17621 0.109244 9.9991E-05 0.142342 0.552105 0.0015579
0.0133052 0.0933008 0.0608946 0.125061 0.0752374 0.589713 0.0424876
0.174307 0.0750127 0.195535 0.208836 9.9991E-05 0.326442 0.0197671
9.9982E-05 0.114746 0.158999 0.12072 9.9982E-05 0.573018 0.0323165
9.9982E-05 0.165439 0.115488 0.141713 0.0551883 0.521972 9.9982E-05
0.00746697 0.17011 0.428663 0.39346 9.9973E-05 9.9973E-05 9.9973E-05
0.0306151 0.168467 0.178243 0.0556112 0.0402781 0.508575 0.0182105
0.039967 0.189127 0.132793 0.0165492 0.00214663 0.516116 0.103301
0.0667977 0.119716 0.139024 0.12021 0.0674555 0.486697 9.9991E-05
9.9973E-05 0.129755 0.158042 0.0883141 9.9973E-05 0.623589 9.9973E-05
9.9982E-05 0.153874 0.171153 0.096273 0.0673473 0.511152 9.9982E-05
0.135387 0.0669633 0.0284581 9.9982E-05 0.386337 0.382654 9.9982E-05
9.9991E-05 0.0417692 0.0660116 0.0895813 0.219149 0.496353 0.0870358
0.0588462 9.9964E-05 9.9964E-05 9.9964E-05 0.817661 9.9964E-05 0.123093
9.9955E-05 9.9955E-05 9.9955E-05 9.9955E-05 0.944897 9.9955E-05 0.0546028
0.0375165 0.144236 0.0641743 0.00176313 0.417129 0.285351 0.0498311
9.9982E-05 0.286135 0.143417 0.116825 0.0573841 0.396039 9.9982E-05
9.9982E-05 0.348932 0.0802397 0.0134386 0.246407 0.310783 9.9982E-05
0.010896 0.335252 0.186284 0.109344 0.208669 0.111982 0.0375726
9.9982E-05 0.213718 0.232317 0.0732195 0.149227 0.331318 9.9982E-05
9.9982E-05 0.0264587 0.0819186 0.127253 0.70752 0.0566496 9.9982E-05
9.9973E-05 0.0960776 0.101716 9.9973E-05 0.703669 0.0982376 9.9973E-05
0.0359582 0.170046 9.9973E-05 9.9973E-05 0.412602 0.381094 9.9973E-05
9.9973E-05 0.11669 0.0244386 9.9973E-05 0.512482 0.346089 9.9973E-05
9.9973E-05 0.0916156 0.0879922 9.9973E-05 0.738375 0.0817175 9.9973E-05
9.9982E-05 0.124227 0.0838866 9.9982E-05 0.342948 0.439441 0.00929631
0.0176038 0.103526 0.033476 0.00664178 0.405135 0.433517 9.9991E-05
0.0745551 0.0318975 0.12251 0.0916345 0.169229 0.464372 0.0458026
0.179815 9.9982E-05 0.0253917 9.9982E-05 0.462709 0.274331 0.0575544
0.0674786 0.0173029 0.01991 9.9991E-05 0.596108 0.284255 0.0148457
0.104793 0.0123652 0.0544058 0.00340859 0.25911 0.565817 9.9991E-05
0.0745212 0.0632836 0.050748 0.0770467 0.348034 0.325826 0.0605408
0.0957897 0.113963 0.0593391 0.0659536 0.118938 0.459238 0.0867789
0.0151062 9.9973E-05 9.9973E-05 0.127423 0.423925 0.433246 9.9973E-05
9.9964E-05 9.9964E-05 9.9964E-05 9.9964E-05 0.782404 0.161156 0.0560405
0.0652856 0.0363457 0.00718456 9.9982E-05 0.342992 0.547992 9.9982E-05
0.0667878 9.9973E-05 9.9973E-05 9.9973E-05 0.72368 0.129776 0.0794559
9.9964E-05 9.9964E-05 0.0351172 9.9964E-05 0.564487 0.399996 9.9964E-05
0.0417298 0.0972445 0.0261125 9.9991E-05 0.338789 0.457377 0.038647
0.0776709 9.9973E-05 0.0293492 9.9973E-05 0.421767 0.470913 9.9973E-05
0.02894 0.209338 0.111293 0.13065 0.10664 0.413038 9.9991E-05
0.0338758 0.181095 0.0675906 0.146393 0.108611 0.335353 0.127081
9.9991E-05 0.214255 0.17123 0.123692 0.0818709 0.394664 0.0141884
9.9991E-05 0.231952 0.147421 0.130939 0.0456396 0.31432 0.129629
0.127049 0.19346 0.115048 0.0487081 0.0371687 0.376037 0.102528
9.9991E-05 0.223521 0.105779 0.03998 0.267236 0.324515 0.0388692
9.9973E-05 0.0914649 0.202189 0.0976306 0.608415 9.9973E-05 9.9973E-05
9.9982E-05 0.262332 0.100403 9.9982E-05 0.0433423 0.552301 0.0414216
9.9973E-05 0.0823565 0.348532 0.20305 0.365761 9.9973E-05 9.9973E-05
9.9982E-05 0.191242 0.0489376 0.000347971 0.375424 0.383849 9.9982E-05
0.118153 9.9973E-05 9.9973E-05 0.00818459 0.827463 0.0458997 9.9973E-05
0.090568 9.9964E-05 0.0149161 9.9964E-05 0.894116 9.9964E-05 9.9964E-05
0.086275 9.9964E-05 9.9964E-05 9.9964E-05 0.510702 0.402623 9.9964E-05
9.9973E-05 0.0165704 0.00374004 9.9973E-05 0.431832 0.547558 9.9973E-05
0.0122901 9.9964E-05 9.9964E-05 9.9964E-05 0.631774 0.355536 9.9964E-05
0.0630497 0.00773289 0.00510094 9.9982E-05 0.508759 0.415158 9.9982E-05
0.0861005 0.0299171 9.9973E-05 9.9973E-05 0.528942 0.35474 9.9973E-05
0.0220605 0.0469847 0.809499 9.9982E-05 0.0517599 0.0694963 9.9982E-05
9.9973E-05 0.107235 0.728005 9.9973E-05 0.0199934 9.9973E-05 0.144467
9.9964E-05 0.0865883 0.879007 9.9964E-05 9.9964E-05 9.9964E-05 0.0340045
9.9955E-05 9.9955E-05 0.939283 9.9955E-05 9.9955E-05 0.060217 9.9955E-05
0.438523 0.00811111 0.0590995 0.03632 0.0120532 0.445793 9.9991E-05
0.335251 9.9982E-05 0.0939133 9.9982E-05 0.0118366 0.512759 0.0460405
0.49435 9.9982E-05 0.046235 9.9982E-05 0.000169047 0.443624 0.0154227
0.15808 0.0151592 0.0548578 0.103166 9.9982E-05 0.668537 9.9982E-05
0.230011 0.0572226 0.0965172 0.0832806 9.9991E-05 0.521951 0.0109176
0.583427 0.0260675 0.0378032 0.0258576 9.9991E-05 0.219455 0.107289
0.351167 9.9982E-05 0.00790191 9.9982E-05 0.0227582 0.5996 0.0183726
0.548349 9.9982E-05 0.00187815 0.0930722 0.075526 0.280975 9.9982E-05
0.00812972 0.060135 0.295443 9.9982E-05 0.0600775 0.576014 9.9982E-05
0.402442 0.0419297 9.9991E-05 0.0563242 0.094506 0.380834 0.0238633
0.641609 9.9973E-05 0.00417808 9.9973E-05 9.9973E-05 0.296334 0.0575797
0.346573 9.9964E-05 9.9964E-05 9.9964E-05 0.108122 0.544905 9.9964E-05
0.426362 9.9982E-05 0.0187173 9.9982E-05 0.0569617 0.433541 0.0642182
0.363333 0.00419947 9.9982E-05 0.0331653 0.0873149 0.511788 9.9982E-05
0.353077 0.0315134 0.0400966 9.9982E-05 0.120364 0.454748 9.9982E-05
0.924551 9.9964E-05 9.9964E-05 9.9964E-05 0.0688462 0.00620251 9.9964E-05
0.555199 0.0408754 9.9982E-05 0.134699 0.0331077 0.235918 9.9982E-05
0.517336 9.9991E-05 0.0133287 0.011897 0.0392923 0.3581 0.0599462
0.811636 9.9964E-05 9.9964E-05 0.166232 0.0217322 9.9964E-05 9.9964E-05
0.452086 0.0511785 9.9973E-05 9.9973E-05 9.9973E-05 0.338182 0.158254
0.643549 0.0134321 9.9991E-05 0.244089 0.0311296 0.0624619 0.00523838
0.725883 9.9964E-05 9.9964E-05 0.172087 0.10163 9.9964E-05 9.9964E-05
0.340188 0.023677 0.051043 9.9982E-05 0.0156836 0.569208 9.9982E-05
0.648262 0.0120216 0.0534906 9.9982E-05 9.9982E-05 0.195661 0.0903645
0.390443 0.0363446 0.0212674 0.0295118 9.9991E-05 0.392099 0.130235
0.340857 0.127942 0.0188616 0.0261776 0.0189121 0.46715 9.9991E-05
0.412704 0.000942541 0.00492385 0.017364 9.9991E-05 0.480552 0.0834134
0.0309889 0.0561098 9.9991E-05 0.169921 0.120978 0.401175 0.220727
0.353343 0.0197264 0.0712238 9.9982E-05 0.0958437 0.459663 9.9982E-05
0.388493 0.0142858 0.0460016 9.9982E-05 9.9982E-05 0.458969 0.0920506
0.647211 9.9973E-05 9.9973E-05 0.0642089 0.0157867 0.272493 9.9973E-05
0.209361 0.0488511 0.0879783 9.9991E-05 0.132006 0.491523 0.0301814
0.0205262 9.9982E-05 0.622133 0.0999877 9.9982E-05 0.00786589 0.249287
0.0524729 9.9991E-05 0.750754 0.0100163 0.000220557 0.0725747 0.113862
9.9964E-05 9.9964E-05 0.801522 0.0673011 9.9964E-05 9.9964E-05 0.130777
9.9964E-05 9.9964E-05 0.751046 9.9964E-05 0.0937997 9.9964E-05 0.154755
9.9982E-05 9.9982E-05 0.715198 0.0334507 0.00131742 0.00938909 0.240445
0.746288 0.0494453 0.0336663 9.9982E-05 9.9982E-05 0.0391453 0.131255
0.673067 9.9982E-05 0.0432274 0.0948784 9.9982E-05 0.117559 0.0710684
0.788651 9.9973E-05 9.9973E-05 0.0316087 0.0568707 0.12257 9.9973E-05
0.22096 0.0938204 0.064733 0.0513944 0.0217765 0.49815 0.0491657
0.216064 0.00466435 0.119714 0.0583497 0.0696536 0.529005 0.00254851
0.608362 0.0365113 0.0229656 0.0764907 0.0699884 0.185582 9.9991E-05
0.297031 0.00697236 0.0332213 9.9982E-05 0.101802 0.560774 9.9982E-05
0.5234 0.0327558 0.0212216 0.0846753 9.9982E-05 0.337748 9.9982E-05
0.353247 9.9982E-05 0.0290936 9.9982E-05 0.0500556 0.523706 0.0436978
0.290833 0.0774374 0.0467865 0.00443699 0.0106681 0.525436 0.0444015
0.610429 0.0760135 9.9982E-05 0.0170574 9.9982E-05 0.114616 0.181684
0.596055 9.9964E-05 9.9964E-05 9.9964E-05 9.9964E-05 0.323339 0.0802052
0.511248 9.9964E-05 9.9964E-05 9.9964E-05 9.9964E-05 0.36663 0.121722
9.9973E-05 9.9973E-05 0.0963099 0.229909 9.9973E-05 0.644758 0.0287233
0.52355 9.9973E-05 0.0294212 9.9973E-05 9.9973E-05 0.361206 0.0855232
0.433799 9.9991E-05 0.060514 0.0118604 0.062767 0.403921 0.0270386
9.9991E-05 0.41802 0.0349685 0.0613787 0.0580953 0.412422 0.0150146
9.9982E-05 0.449958 0.118026 0.0484749 0.0206204 0.362721 9.9982E-05
9.9982E-05 0.417411 0.0935673 0.00704599 0.0776332 0.404143 9.9982E-05
9.9973E-05 0.468628 0.0949005 0.110649 9.9973E-05 0.325523 9.9973E-05
9.9991E-05 0.276814 0.124959 0.00790454 0.0658492 0.475943 0.0484307
0.347463 9.9973E-05 0.032792 0.195676 9.9973E-05 0.423769 9.9973E-05
9.9982E-05 0.609449 0.221447 0.0800634 0.0199495 0.0688912 9.9982E-05
0.0127341 0.466154 0.120595 0.0093708 0.0361492 0.324282 0.0307142
0.121056 0.120542 0.0683345 0.182573 0.0351467 0.472248 9.9991E-05
9.9973E-05 9.9973E-05 0.159952 0.197007 9.9973E-05 0.601357 0.0413843
0.0435596 9.9982E-05 0.0727766 0.322109 9.9982E-05 0.489363 0.0719919
0.0144615 0.0716294 0.00665732 0.198222 9.9991E-05 0.57535 0.13358
0.145456 0.00050635 0.0521955 0.12548 0.0103561 0.589918 0.0760884
9.9964E-05 0.327853 0.25069 9.9964E-05 9.9964E-05 0.421057 9.9964E-05
0.0674508 0.428642 0.134639 9.9991E-05 0.0300737 0.290162 0.0489325
9.9973E-05 0.463391 0.08294 0.0196332 9.9973E-05 0.433736 9.9973E-05
0.0616394 0.287445 0.105367 9.9991E-05 0.058721 0.405222 0.0815051
9.9982E-05 0.570481 0.0731532 0.0382735 0.0707021 0.247191 9.9982E-05
0.0761729 0.398951 0.105547 0.074262 0.00369106 0.332168 0.00920811
9.9982E-05 0.577668 0.100298 0.0380933 0.022344 0.261397 9.9982E-05
9.9973E-05 0.400981 0.071941 9.9973E-05 0.126609 0.400168 9.9973E-05
9.9964E-05 9.9964E-05 9.9964E-05 0.407122 9.9964E-05 0.561798 0.0306798
0.0439751 0.429671 0.152225 0.0442366 0.0321392 0.273071 0.0246811
9.9973E-05 0.612529 0.146376 0.0281704 9.9973E-05 0.212625 9.9973E-05
0.118305 0.340695 0.14487 0.0071237 9.9991E-05 0.357378 0.0315288
0.108952 9.9982E-05 0.07862 0.345565 9.9982E-05 0.215863 0.250799
9.9973E-05 0.0647122 9.9973E-05 0.233022 9.9973E-05 0.619871 0.0820951
0.0264177 0.187766 0.166991 0.0271412 0.0854205 0.506163 9.9991E-05
9.9973E-05 9.9973E-05 0.0998541 0.158509 9.9973E-05 0.628805 0.112532
0.116453 9.9973E-05 0.139614 0.255728 9.9973E-05 0.487905 9.9973E-05
0.0995568 0.241519 0.125139 0.0655437 0.0677459 0.400396 9.9991E-05
9.9991E-05 0.311952 0.160398 0.0110701 0.144588 0.326378 0.0455136
0.16425 0.107765 0.0836661 0.0318121 0.0398562 0.436278 0.136373
0.154137 0.378494 0.0692525 0.0531887 9.9982E-05 0.344728 9.9982E-05
9.9982E-05 0.37024 0.150265 0.0325685 0.063417 0.38331 9.9982E-05
0.000217441 0.554063 0.228528 0.0263476 9.9991E-05 0.185667 0.00507672
0.0720875 0.103259 0.0768588 0.122056 0.0229531 0.552458 0.0503285
0.123336 9.9982E-05 0.107159 0.227329 9.9982E-05 0.500032 0.0419445
0.0216059 9.9982E-05 0.045682 0.668671 9.9982E-05 0.228902 0.034939
0.033521 0.0691283 0.0667771 0.211954 0.00916542 0.572754 0.0367001
0.0259586 9.9991E-05 0.0960452 0.113487 0.0735527 0.40461 0.286247
0.0683814 0.171897 0.149999 0.18411 9.9982E-05 0.425413 9.9982E-05
0.057332 0.0470454 0.0673424 0.122269 0.0751006 0.514478 0.116432
9.9964E-05 0.1724 0.232647 0.594553 9.9964E-05 9.9964E-05 9.9964E-05
9.9964E-05 0.073799 0.227337 0.698464 9.9964E-05 9.9964E-05 9.9964E-05
9.9991E-05 0.0876662 0.0846301 0.302521 0.0859628 0.322922 0.116198
9.9982E-05 0.164669 0.286132 0.405318 9.9982E-05 0.100234 0.0434475
9.9964E-05 0.201275 0.387821 0.410504 9.9964E-05 9.9964E-05 9.9964E-05
0.0288454 0.00270886 0.119026 0.271109 0.0748305 0.500575 0.00290571
9.9982E-05 0.167683 0.166694 0.141637 0.153608 0.370178 9.9982E-05
0.0265617 0.179627 0.224236 0.353741 9.9991E-05 0.16911 0.0466231
9.9973E-05 0.122917 0.183242 0.551061 9.9973E-05 0.14248 9.9973E-05
0.00629966 0.0112457 0.0850994 0.294882 9.9982E-05 0.602273 9.9982E-05
9.9991E-05 0.148721 0.0912189 0.509238 0.0504096 0.189018 0.0112941
9.9964E-05 0.0328063 0.321202 0.645591 9.9964E-05 9.9964E-05 9.9964E-05
9.9991E-05 0.120184 0.101626 0.0380045 0.0950187 0.547081 0.097986
9.9982E-05 0.137327 0.156451 0.225603 0.0394505 0.440968 9.9982E-05
9.9982E-05 0.0993367 0.324213 0.00026518 9.9982E-05 0.497989 0.0779967
9.9973E-05 0.252583 0.11636 0.0273115 9.9973E-05 0.603445 9.9973E-05
0.0931203 0.166224 0.205818 9.9973E-05 9.9973E-05 0.534538 9.9973E-05
9.9982E-05 0.265285 0.124887 9.9982E-05 0.111396 0.456364 0.0418681
9.9982E-05 0.1722 0.363925 0.0716726 9.9982E-05 0.358876 0.0331265
9.9991E-05 0.161421 0.200885 0.0327511 0.0599515 0.49063 0.0542619
0.0595283 0.223822 0.180447 0.0605887 9.9991E-05 0.449775 0.0257384
9.9991E-05 0.239905 0.204053 0.112262 0.0957297 0.299288 0.0486618
0.222856 0.161044 0.139286 0.0892848 0.0337735 0.200337 0.153418
0.0828072 0.0944169 0.220537 9.9982E-05 9.9982E-05 0.534637 0.0674022
0.103994 0.155929 0.192539 0.0248777 9.9982E-05 0.522461 9.9982E-05
0.0926005 0.0478235 0.122044 9.9991E-05 0.127977 0.585085 0.0243706
0.0145908 0.193323 0.325895 0.00855437 0.083395 0.374141 9.9991E-05
0.0695565 0.177712 0.128737 0.042478 9.9991E-05 0.530805 0.0506116
0.0363055 0.223749 0.315333 0.19989 0.042024 0.182598 9.9991E-05
0.0123891 0.112465 0.137145 0.0536965 0.157987 0.526219 9.9991E-05
0.074991 0.267472 0.24488 0.13948 0.076816 0.196261 9.9991E-05
0.0811626 9.9982E-05 0.772143 0.0573646 0.00100223 9.9982E-05 0.0881274
0.00152471 9.9982E-05 0.0866761 0.00210706 9.9982E-05 0.131635 0.777857
9.9955E-05 9.9955E-05 0.00543821 9.9955E-05 9.9955E-05 9.9955E-05 0.994062
9.9955E-05 9.9955E-05 0.0238414 9.9955E-05 9.9955E-05 9.9955E-05 0.975659
9.9955E-05 9.9955E-05 9.9955E-05 9.9955E-05 9.9955E-05 0.0425103 0.95699
9.9964E-05 0.0535647 9.9964E-05 9.9964E-05 0.00717921 9.9964E-05 0.938856
9.9964E-05 9.9964E-05 0.0159189 9.9964E-05 9.9964E-05 0.0975672 0.886114
9.9964E-05 9.9964E-05 0.0352387 0.00301706 9.9964E-05 9.9964E-05 0.961344
9.9964E-05 0.00516435 0.194726 9.9964E-05 9.9964E-05 9.9964E-05 0.79971
9.9982E-05 0.013315 0.881442 0.00518675 9.9982E-05 0.0349202 0.0649365
9.9973E-05 9.9973E-05 0.828586 9.9973E-05 0.0152743 0.0869556 0.0688839
0.00516689 0.0683054 0.834362 9.9982E-05 9.9982E-05 0.0653981 0.026568
9.9973E-05 9.9973E-05 0.807731 9.9973E-05 0.119401 0.0106266 0.0619416
0.0318952 0.0710525 0.854479 0.00227706 9.9982E-05 9.9982E-05 0.0400963
9.9964E-05 9.9964E-05 0.873568 9.9964E-05 0.0950321 9.9964E-05 0.0309997
9.9973E-05 0.148175 0.74706 0.0257064 9.9973E-05 9.9973E-05 0.0787591
9.9973E-05 0.0600961 0.828794 9.9973E-05 0.0496292 0.0611807 9.9973E-05
0.0652869 0.0705777 0.687318 9.9982E-05 9.9982E-05 0.0357293 0.140888
0.000487953 0.0915215 0.907591 9.9964E-05 9.9964E-05 9.9964E-05 9.9964E-05
9.9955E-05 9.9955E-05 0.970707 9.9955E-05 9.9955E-05 9.9955E-05 0.0287928
9.9982E-05 0.0486728 0.818003 0.00833944 9.9982E-05 0.0664116 0.0583734
9.9973E-05 0.00132226 0.93348 9.9973E-05 9.9973E-05 0.028687 0.0362113
9.9964E-05 9.9964E-05 0.919672 0.012425 9.9964E-05 0.0675028 9.9964E-05
0.0148901 0.00274796 0.870766 9.9982E-05 9.9982E-05 0.110309 0.00108652
9.9964E-05 0.0205961 0.85352 9.9964E-05 9.9964E-05 0.125484 9.9964E-05
9.9964E-05 0.133689 0.743487 9.9964E-05 9.9964E-05 0.122425 9.9964E-05
9.9964E-05 0.0644207 0.774372 9.9964E-05 9.9964E-05 0.160807 9.9964E-05
0.00340013 0.0493012 0.801276 9.9973E-05 9.9973E-05 0.145723 9.9973E-05
0.0752963 0.00308644 0.117887 0.273798 0.0672563 0.400501 0.0621751
0.102301 9.9982E-05 0.0515805 0.113254 9.9982E-05 0.657559 0.0751055
0.0557926 0.00666801 0.111742 0.117797 0.00614864 0.65458 0.0472708
0.111254 9.9982E-05 9.9982E-05 0.652157 0.0389352 0.128718 0.0687361
0.0177889 9.9982E-05 0.0702738 0.248116 9.9982E-05 0.527823 0.135798
0.0562512 9.9982E-05 0.0271534 0.736822 9.9982E-05 0.166902 0.0126717
9.9973E-05 9.9973E-05 0.0506872 0.21461 0.00624561 0.728157 9.9973E-05
0.115239 9.9982E-05 0.0229208 0.295847 9.9982E-05 0.415835 0.149957
0.126074 9.9982E-05 0.0365231 0.300887 9.9982E-05 0.515542 0.0207741
0.382155 0.111929 0.0141639 9.9982E-05 0.148582 0.34297 9.9982E-05
0.060049 9.9982E-05 0.062057 0.241991 9.9982E-05 0.468032 0.167671
0.012269 9.9982E-05 0.0317321 0.232475 9.9982E-05 0.661788 0.0615353
0.0504288 9.9982E-05 0.0480607 0.172293 9.9982E-05 0.580471 0.148547
0.165573 0.0207668 9.9991E-05 0.104405 0.241111 0.0587733 0.409271
0.0996265 9.9973E-05 9.9973E-05 0.766885 0.0742141 9.9973E-05 0.0589741
9.9964E-05 9.9964E-05 9.9964E-05 0.762582 9.9964E-05 0.222952 0.0140657
9.9991E-05 0.0202347 0.0160679 0.187591 0.0564642 0.607554 0.111987
0.0439825 9.9973E-05 0.0848205 0.285986 9.9973E-05 0.584911 9.9973E-05
0.0853758 9.9982E-05 0.0480532 0.274337 0.0172442 0.57479 9.9982E-05
9.9991E-05 0.113516 0.0154009 0.126853 0.0650783 0.634775 0.0442778
