0.111283 9.9964E-05 9.9964E-05 9.9964E-05 9.9964E-05 0.0437352 0.844582
9.9964E-05 0.0108868 9.9964E-05 0.0642147 9.9964E-05 9.9964E-05 0.924499
0.0129488 9.9982E-05 9.9982E-05 0.0219568 0.145746 0.0126317 0.806517
0.0708219 9.9973E-05 9.9973E-05 9.9973E-05 0.0636484 0.0673569 0.797873
0.0113916 9.9973E-05 9.9973E-05 9.9973E-05 0.0636704 0.0394947 0.885143
0.0835245 0.139883 9.9991E-05 0.0657933 0.0797027 0.0275443 0.603452
0.0468923 0.0980092 0.0331854 9.9973E-05 9.9973E-05 9.9973E-05 0.821613
0.131203 0.150364 9.9973E-05 9.9973E-05 9.9973E-05 0.0416137 0.676519
0.0781522 0.0378828 0.0039612 0.0465043 9.9982E-05 9.9982E-05 0.8333
0.114782 0.0805591 9.9982E-05 9.9982E-05 0.0765211 0.0844117 0.643526
0.140421 0.124636 0.00446473 9.9982E-05 0.0278273 9.9982E-05 0.702452
9.9973E-05 9.9973E-05 0.782856 0.00791113 0.155967 0.0529652 9.9973E-05
9.9982E-05 0.0396885 0.479989 9.9982E-05 0.393428 0.0806173 0.00607662
0.0373584 0.0401803 0.709323 9.9991E-05 0.117597 0.059702 0.0357386
9.9973E-05 9.9973E-05 0.672454 9.9973E-05 0.142805 0.178728 0.00571306
0.0164124 0.0271458 0.436004 0.0266526 0.274827 0.104451 0.114507
0.0502937 0.0477567 0.314776 9.9991E-05 0.50372 0.0693798 0.0139745
9.9982E-05 0.0702057 0.341323 0.15658 0.296103 0.135589 9.9982E-05
9.9973E-05 9.9973E-05 0.610558 9.9973E-05 0.236131 0.0364028 0.116609
9.9964E-05 0.0630385 0.885156 9.9964E-05 9.9964E-05 9.9964E-05 0.0514061
0.0290577 0.107541 0.368083 0.104423 0.330279 0.0605165 9.9991E-05
9.999E-05 0.188833 0.311413 0.045154 0.375866 0.0519009 0.0267339
0.0510369 0.017631 0.205216 0.12051 0.56917 9.9991E-05 0.0363354
9.9982E-05 9.9982E-05 0.743325 0.000379301 0.164607 0.0877026 0.00378605
9.9973E-05 9.9973E-05 0.252335 9.9973E-05 0.56734 0.108694 0.071331
0.00379294 9.9982E-05 0.382579 9.9982E-05 0.495211 0.103585 0.0146319
9.9973E-05 9.9973E-05 0.806488 0.0312 0.0777539 0.0842578 9.9973E-05
9.9973E-05 9.9973E-05 0.787912 9.9973E-05 0.0343777 0.166358 0.0110517
9.9973E-05 0.0598299 0.796495 9.9973E-05 0.124941 9.9973E-05 0.0184342
9.9964E-05 9.9964E-05 9.9964E-05 9.9964E-05 0.111728 0.0635824 0.82429
9.9964E-05 9.9964E-05 9.9964E-05 9.9964E-05 0.150401 0.00784908 0.84135
0.0111841 9.9982E-05 9.9982E-05 0.057308 0.0611846 0.0698834 0.80024
0.00177011 9.9982E-05 9.9982E-05 0.071487 0.103765 0.097904 0.724874
0.0862355 0.0300399 0.144107 0.25763 0.440131 0.0204026 0.0214536
9.9982E-05 9.9982E-05 0.099967 0.28771 0.46957 0.0366524 0.105901
9.9973E-05 9.9973E-05 9.9973E-05 0.427949 0.507638 0.0437751 0.0203374
0.0897316 0.0332709 0.743534 9.9991E-05 0.0320294 0.0130002 0.0883343
9.9991E-05 0.0810574 0.0552309 0.612752 0.151262 0.0887272 0.0108702
9.9973E-05 9.9973E-05 0.20502 0.131414 0.539258 9.9973E-05 0.124008
9.9982E-05 0.0631218 0.0132911 0.233636 0.667383 9.9982E-05 0.0223683
0.107359 0.059953 9.9982E-05 0.0884479 0.597856 9.9982E-05 0.146184
0.0799952 0.0102616 0.0634129 0.106934 0.611291 9.9991E-05 0.128005
9.9973E-05 9.9973E-05 0.157315 0.703406 0.0901261 9.9973E-05 0.0488529
0.0451876 0.134348 9.9991E-05 0.105429 0.581335 0.0617822 0.0718192
0.0123887 0.0289063 0.00616072 0.361201 0.448406 0.102182 0.0407558
9.9991E-05 0.123509 0.0407158 0.122899 0.480337 0.0809398 0.151499
0.00105677 0.054598 9.9973E-05 0.66931 0.274736 9.9973E-05 9.9973E-05
9.9964E-05 9.9964E-05 9.9964E-05 0.397199 0.51432 0.0880808 9.9964E-05
0.0296804 0.119698 9.9991E-05 0.201403 0.463428 0.0940256 0.0916652
9.9964E-05 0.275019 9.9964E-05 0.667207 9.9964E-05 9.9964E-05 0.0573747
0.234457 0.139469 0.400494 0.129569 0.079846 0.0160651 9.9991E-05
0.00915496 0.417595 0.40888 0.0381076 0.126062 9.9982E-05 9.9982E-05
9.9982E-05 0.0560401 0.162949 9.9982E-05 0.628031 0.0502104 0.10257
0.0193374 0.0850651 0.244115 9.9991E-05 0.565112 0.0508669 0.0354038
0.0448404 0.107143 0.108105 0.060758 0.631178 0.0165193 0.0314564
0.15972 0.0222423 0.263153 0.297823 0.133964 9.9991E-05 0.122997
0.106265 0.070933 0.143611 0.0688174 0.603099 9.9991E-05 0.00717479
0.0335788 9.9991E-05 0.300818 0.0865655 0.359514 0.150071 0.0693525
9.9982E-05 0.0496353 0.353098 0.143507 0.270961 9.9982E-05 0.182599
0.00435238 0.192606 0.529945 0.0245411 0.000432916 0.0361646 0.211958
0.0925562 0.0234678 0.141475 0.0466641 0.582586 0.0286224 0.0846278
0.106667 0.0691307 0.241868 9.9991E-05 0.470026 0.0188886 0.09332
0.11606 0.163655 0.652752 0.042021 9.9982E-05 9.9982E-05 0.0253129
9.9982E-05 0.101593 0.394619 0.0952743 0.382515 0.0257983 9.9982E-05
0.0204654 0.12114 0.140515 0.0178698 0.652376 0.0471452 0.000488041
0.00823262 0.0502534 0.196508 0.141375 0.376649 0.143228 0.0837539
0.0379907 0.0565611 0.499372 0.112429 0.220317 0.0423835 0.0309478
0.0174298 0.0979143 0.363177 0.0673414 0.388855 0.0479533 0.0173299
0.0961145 0.0510231 0.180161 0.000673112 0.544128 0.0978225 0.0300779
0.00398129 0.172348 0.554074 0.0466325 0.175703 9.9991E-05 0.0471611
0.0328441 9.9964E-05 9.9964E-05 0.439423 0.527333 9.9964E-05 9.9964E-05
9.9973E-05 9.9973E-05 0.129769 0.743202 0.10513 9.9973E-05 0.0216002
0.049353 9.9991E-05 0.00402675 0.281827 0.585112 0.0116407 0.0679411
9.9955E-05 0.16583 9.9955E-05 0.83367 9.9955E-05 9.9955E-05 9.9955E-05
9.9964E-05 0.211377 0.02533 0.762894 9.9964E-05 9.9964E-05 9.9964E-05
9.9964E-05 9.9964E-05 9.9964E-05 0.806717 0.176799 0.0160835 9.9964E-05
0.0672548 9.9973E-05 9.9973E-05 0.505678 0.401012 9.9973E-05 0.0257545
0.0681408 0.00842537 0.196928 0.0713207 0.534222 0.0285204 0.0924424
9.9973E-05 9.9973E-05 0.102082 0.45456 0.3552 0.0878578 9.9973E-05
0.103018 9.9991E-05 0.0600911 0.688315 0.105912 0.00791844 0.0346458
0.144533 9.9982E-05 0.0234927 0.592481 0.157458 9.9982E-05 0.0818351
0.0197703 9.9982E-05 9.9982E-05 0.312867 0.420221 0.130127 0.116815
9.9982E-05 9.9982E-05 0.11496 0.665816 0.166067 0.050894 0.00206393
9.9982E-05 9.9982E-05 0.0810974 0.486793 0.367601 0.00256578 0.0617423
9.9973E-05 0.0527164 9.9973E-05 0.635074 0.284982 9.9973E-05 0.0269279
9.9973E-05 0.245531 0.0413164 0.691382 9.9973E-05 9.9973E-05 0.0214708
0.0404812 9.9982E-05 9.9982E-05 0.270307 0.629847 0.0333504 0.0258145
0.0237029 9.9973E-05 0.0787121 9.9973E-05 0.107297 9.9973E-05 0.789988
9.9955E-05 9.9955E-05 9.9955E-05 9.9955E-05 0.101815 9.9955E-05 0.897685
9.9964E-05 9.9964E-05 9.9964E-05 9.9964E-05 0.0918493 0.0390798 0.868671
9.9955E-05 9.9955E-05 9.9955E-05 9.9955E-05 0.0606947 9.9955E-05 0.938806
9.9973E-05 9.9973E-05 9.9973E-05 0.0531222 0.0648897 0.0180245 0.863664
0.0278285 9.9982E-05 9.9982E-05 0.0395993 0.032397 0.0142006 0.885775
9.99641E-05 9.99641E-05 0.0496329 9.99641E-05 0.0580802 9.99641E-05 0.891887
0.0994408 9.9991E-05 0.0579147 0.254597 0.405137 0.118089 0.0647213
9.9991E-05 0.0494421 0.135004 0.173776 0.502738 0.0239789 0.114961
9.9973E-05 0.00789346 0.1143 0.845875 9.9973E-05 9.9973E-05 0.031632
9.9991E-05 0.0634969 0.106645 0.163039 0.446754 0.155002 0.0649632
0.0819042 9.9982E-05 0.0766294 0.43876 0.396852 9.9982E-05 0.00565436
0.0300585 9.9991E-05 0.0161349 0.368737 0.441562 0.058904 0.0845036
9.9991E-05 0.0601684 0.0845657 0.275074 0.512511 0.0369837 0.0305963
9.9973E-05 9.9973E-05 9.9973E-05 0.473765 0.373599 0.138955 0.0133804
0.0845279 0.027131 0.151609 0.691636 9.9982E-05 9.9982E-05 0.0448958
0.0995078 0.0196589 9.9991E-05 0.243362 0.418029 0.0724262 0.146916
9.9982E-05 9.9982E-05 0.100962 0.192509 0.599661 0.033066 0.0736028
0.0565023 9.9991E-05 0.0913282 0.15282 0.469197 0.1098 0.120253
9.9982E-05 0.164471 0.0104544 0.497313 0.320861 9.9982E-05 0.00670047
0.0196284 0.0811618 9.9973E-05 0.400997 0.497913 9.9973E-05 9.9973E-05
0.0317343 0.0159798 0.125372 0.418517 0.380891 9.9991E-05 0.027406
9.9964E-05 9.9964E-05 9.9964E-05 0.682355 0.233167 0.0840784 9.9964E-05
9.9973E-05 9.9973E-05 0.143336 0.435331 0.339513 9.9973E-05 0.0815197
0.136131 9.9982E-05 0.0500987 0.134146 0.555213 9.9982E-05 0.124211
0.0618607 0.246624 0.430636 9.9982E-05 0.23993 0.0207488 9.9982E-05
0.170231 9.9991E-05 0.398638 0.00211275 0.309489 0.0824728 0.0369564
0.101716 0.0852513 0.146282 0.070116 0.474075 9.9991E-05 0.122459
0.059352 9.9982E-05 9.9982E-05 0.169223 0.592942 0.00643704 0.171846
0.0417387 0.0107487 0.443049 9.9982E-05 0.427251 9.9982E-05 0.0770124
0.124615 0.0204868 0.265812 9.9982E-05 0.582897 0.00598924 9.9982E-05
0.0557569 9.9973E-05 0.46194 9.9973E-05 0.438024 9.9973E-05 0.0439797
0.0717145 0.129693 0.0877167 0.119876 0.46179 0.067167 0.062043
0.107531 0.088057 0.0241802 0.07946 0.593568 0.0164828 0.090721
0.00386018 0.00928617 0.304716 0.0574606 0.57403 9.9991E-05 0.0505474
0.0762415 9.9973E-05 0.432129 0.0160676 0.475262 9.9973E-05 9.9973E-05
0.0305865 0.152092 9.9991E-05 0.0882077 0.584661 0.0313886 0.112964
9.9991E-05 0.0320943 0.157378 0.0962536 0.544575 0.0605122 0.109087
0.0642652 0.000971606 0.306469 0.0569964 0.492893 0.0783042 9.9991E-05
0.0764291 0.066252 0.0417535 0.0603282 0.649633 0.0338322 0.0717719
0.112793 0.0924172 0.174941 9.9982E-05 0.588242 0.0314069 9.9982E-05
0.0889242 0.156522 0.269443 9.9982E-05 0.359965 9.9982E-05 0.124946
0.0700639 9.9991E-05 0.164035 0.105103 0.566698 0.0690419 0.0249577
0.0458231 0.103534 0.184308 9.9973E-05 0.666036 9.9973E-05 9.9973E-05
0.0944679 0.0229018 0.453254 0.148814 0.21576 0.0344512 0.0303524
0.0248469 0.303506 0.445165 0.0574705 0.118174 0.0251774 0.0256605
0.130292 9.9991E-05 0.203837 0.0685936 0.524494 0.0168694 0.0558138
0.199703 0.323249 0.193349 0.203414 0.0330547 0.0471302 9.9991E-05
0.153491 9.9991E-05 0.470557 0.197362 0.136045 0.0175688 0.0248759
0.0326739 9.9973E-05 0.405971 0.231774 0.32928 9.9973E-05 9.9973E-05
0.0600267 9.9982E-05 0.435888 0.191621 0.242876 9.9982E-05 0.0693878
0.166739 9.9991E-05 0.508891 0.0621713 0.255373 0.000371297 0.00635452
9.9982E-05 9.9982E-05 0.221923 0.129563 0.558654 0.0218194 0.0678406
9.9982E-05 0.177477 0.0341497 0.0278977 0.61384 9.9982E-05 0.146436
9.9982E-05 9.9982E-05 0.382702 0.100324 0.420161 0.0296721 0.0669413
0.143433 0.326277 0.325533 0.0424447 0.0941613 0.06805 9.9991E-05
0.0422062 0.112438 0.0876446 0.0864577 0.4747 0.0157981 0.180755
9.9982E-05 0.198051 0.104633 0.0822476 0.542545 0.0723238 9.9982E-05
0.0656489 0.577536 0.0569774 0.17171 0.0255691 9.9991E-05 0.102459
9.9991E-05 0.12923 0.0448072 0.0317537 0.706096 0.0187844 0.0692291
0.0512602 0.299701 9.9991E-05 0.198139 0.328992 0.0135168 0.108291
9.9991E-05 0.200299 0.0806715 0.100408 0.441459 0.11041 0.0666517
0.092677 0.360971 0.0754248 0.120907 0.249728 0.0313505 0.0689419
0.0584074 0.528509 0.161619 0.0014249 0.20976 9.9991E-05 0.0401802
0.116919 0.258178 0.0663868 0.0596628 0.498653 9.9982E-05 9.9982E-05
0.0625573 0.225079 0.0111305 0.114265 0.461603 0.044715 0.0806493
0.0507288 0.193882 0.167157 0.0899191 0.309541 0.048571 0.140202
0.0293461 0.360822 0.190051 0.192159 9.9991E-05 0.190702 0.0368202
0.0246439 0.13829 0.181584 0.0830732 0.497797 0.0709822 0.00362977
0.0127481 0.256868 0.210142 0.157224 0.362817 9.9982E-05 9.9982E-05
0.0222 0.188175 0.188581 0.168957 0.431887 9.9982E-05 9.9982E-05
9.9991E-05 0.111922 0.0447101 0.121392 0.459666 0.155904 0.106306
9.9991E-05 0.204113 0.114013 0.0337509 0.156592 0.212763 0.278669
9.9964E-05 0.354381 9.9964E-05 9.9964E-05 9.9964E-05 0.13536 0.509859
9.9964E-05 0.401684 9.9964E-05 9.9964E-05 9.9964E-05 0.131021 0.466895
9.9973E-05 0.159168 9.9973E-05 9.9973E-05 0.0968987 0.283757 0.459876
0.0248285 0.14486 0.0299587 0.111501 0.682762 0.00598975 9.9991E-05
9.9991E-05 0.113218 0.0969811 0.150087 0.55322 0.0416566 0.0447373
0.0132214 9.9973E-05 0.00693835 9.9973E-05 0.276505 0.703035 9.9973E-05
0.0732654 9.9991E-05 0.141801 0.0235727 0.299627 0.432493 0.029141
0.133383 0.0438159 9.9982E-05 9.9982E-05 0.353151 0.38035 0.0891001
9.9964E-05 0.477653 9.9964E-05 0.204918 0.317029 9.9964E-05 9.9964E-05
0.097423 0.0474717 0.00695026 0.161067 0.558202 0.0799618 0.048925
9.9973E-05 0.606642 0.0568189 0.100293 0.235945 9.9973E-05 9.9973E-05
0.00670318 0.314797 9.9973E-05 0.0466804 0.63152 9.9973E-05 9.9973E-05
0.0482675 0.343175 0.0881303 0.0319865 0.483451 9.9991E-05 0.00488958
0.0415214 0.261391 9.9982E-05 0.0405259 0.603936 0.0524253 9.9982E-05
0.00727086 0.487709 0.163015 0.127314 0.187473 0.0271178 9.9991E-05
9.9991E-05 0.0750204 0.0643482 0.13078 0.61828 0.0317849 0.0796865
0.0460921 0.187395 9.9982E-05 9.9982E-05 0.600684 0.00776243 0.157866
9.9964E-05 9.9964E-05 0.00422041 9.9964E-05 0.0229573 0.972422 9.9964E-05
9.9973E-05 0.0115165 9.9973E-05 0.027433 0.0308275 0.929923 9.9973E-05
0.0415153 9.9982E-05 0.10661 0.0641766 0.119021 0.668477 9.9982E-05
0.0342559 9.9973E-05 9.9973E-05 9.9973E-05 0.257017 0.665535 0.0428928
0.0486363 9.9973E-05 9.9973E-05 0.0442899 0.107136 0.799638 9.9973E-05
9.995E-05 9.995E-05 9.995E-05 9.995E-05 9.995E-05 0.9994 9.995E-05
0.0233197 9.9955E-05 9.9955E-05 9.9955E-05 9.9955E-05 0.976181 9.9955E-05
9.9955E-05 9.9955E-05 9.9955E-05 9.9955E-05 0.102819 0.896681 9.9955E-05
0.0122744 9.9955E-05 9.9955E-05 9.9955E-05 9.9955E-05 0.987226 9.9955E-05
9.995E-05 9.995E-05 9.995E-05 9.995E-05 9.995E-05 0.9994 9.995E-05
9.995E-05 9.995E-05 9.995E-05 9.995E-05 9.995E-05 0.9994 9.995E-05
9.9973E-05 9.9973E-05 0.0773337 9.9973E-05 0.135649 0.785205 0.00151322
0.0395763 9.9973E-05 9.9973E-05 9.9973E-05 0.0852463 0.812485 0.0623927
9.9955E-05 9.9955E-05 9.9955E-05 0.0155477 9.9955E-05 0.983953 9.9955E-05
0.0813259 0.0306209 0.084167 9.9991E-05 0.37134 0.382854 0.0495922
0.0397216 9.9982E-05 9.9982E-05 0.0161932 0.255139 0.628189 0.0605572
0.0252877 9.9973E-05 9.9973E-05 9.9973E-05 0.161299 0.777367 0.0357471
9.9973E-05 9.9973E-05 0.012623 9.9973E-05 0.0465624 0.905171 0.0353438
9.995E-05 9.995E-05 9.995E-05 9.995E-05 9.995E-05 0.9994 9.995E-05
9.9973E-05 9.9973E-05 0.0289119 9.9973E-05 0.0302879 0.901704 0.0387964
9.995E-05 9.995E-05 9.995E-05 9.995E-05 9.995E-05 0.9994 9.995E-05
0.0430367 0.0177854 9.9991E-05 0.0286859 0.211388 0.661632 0.0373723
9.9973E-05 9.9973E-05 0.056525 0.0189914 9.9973E-05 0.887864 0.0363193
9.9973E-05 0.621855 0.00690135 9.9973E-05 9.9973E-05 0.055702 0.315242
0.0720091 0.24687 0.0319911 9.9991E-05 0.41305 0.0658308 0.170149
0.0599033 0.185004 9.9991E-05 0.0354252 0.393813 0.0392015 0.286553
0.0487738 0.469449 9.9982E-05 9.9982E-05 0.170829 0.12351 0.187239
0.0430957 0.250245 9.9991E-05 0.00338226 0.409814 0.21286 0.0805031
9.9991E-05 0.3548 0.0200741 0.0239186 0.238249 0.0844232 0.278435
9.9982E-05 0.159555 0.128835 9.9982E-05 0.413464 0.0643424 0.233603
9.9982E-05 0.270566 9.9982E-05 0.108352 0.283242 0.213136 0.124504
0.0278477 0.128212 0.0333746 0.067149 0.452292 0.165616 0.125508
9.9973E-05 0.329991 9.9973E-05 9.9973E-05 0.301188 0.229914 0.138607
0.0640523 0.0801448 9.9991E-05 0.150358 0.457844 0.082221 0.16528
0.106885 0.0491422 9.9973E-05 9.9973E-05 0.0503998 9.9973E-05 0.793274
9.9973E-05 0.031571 0.00232424 9.9973E-05 9.9973E-05 0.0647524 0.901052
0.0004251 9.9964E-05 0.0330123 9.9964E-05 9.9964E-05 9.9964E-05 0.966163
0.0530898 9.9973E-05 0.0087481 9.9973E-05 0.00686942 9.9973E-05 0.930993
9.9964E-05 9.9964E-05 0.0975252 9.9964E-05 9.9964E-05 0.0077786 0.894296
9.9964E-05 0.0228482 9.9964E-05 9.9964E-05 9.9964E-05 0.0827931 0.893959
0.0276347 9.9982E-05 9.9982E-05 0.00616786 0.0305014 0.0718886 0.863608
9.9973E-05 0.110386 0.0199413 9.9973E-05 0.00166458 9.9973E-05 0.867708
9.9973E-05 9.9973E-05 9.9973E-05 0.0104684 0.0487147 0.0107326 0.929784
0.00581015 0.0371905 0.0570815 9.9982E-05 9.9982E-05 0.077739 0.821979
0.0251158 9.9973E-05 0.311497 0.0582185 9.9973E-05 9.9973E-05 0.604869
0.196639 9.9964E-05 0.244826 9.9964E-05 9.9964E-05 9.9964E-05 0.558136
0.0853006 0.128604 0.260535 9.9973E-05 9.9973E-05 9.9973E-05 0.525261
0.0944935 0.00758748 0.360688 0.041778 9.9982E-05 9.9982E-05 0.495253
0.0681239 0.0139693 0.139248 0.1923 0.483645 0.00749185 0.0952225
0.0229454 0.0330698 0.071566 0.345686 0.414638 0.0454604 0.066634
0.105188 9.9991E-05 0.210354 0.157181 0.458483 0.0469986 0.0216958
0.0760466 0.056455 0.31153 0.23376 0.322008 9.9982E-05 9.9982E-05
0.208757 9.9982E-05 0.619 0.0718948 0.0447905 0.0553582 9.9982E-05
0.0681064 0.0234572 9.9991E-05 0.205673 0.62813 0.0312976 0.0432366
9.9973E-05 0.045548 0.111433 0.259153 0.583566 9.9973E-05 9.9973E-05
0.106003 0.0896198 0.0408224 0.245004 0.518351 9.9982E-05 9.9982E-05
9.9964E-05 9.9964E-05 9.9964E-05 0.653469 0.289595 0.0565364 9.9964E-05
0.111643 0.047369 9.9991E-05 0.135874 0.622826 0.0336591 0.0485295
0.11223 9.9982E-05 0.103041 0.3431 0.431515 0.00991432 9.9982E-05
0.00178433 0.161771 0.0366953 0.79945 9.9973E-05 9.9973E-05 9.9973E-05
0.0447747 0.144743 0.0732536 0.138185 0.486138 0.0222497 0.0906563
9.9982E-05 0.211094 0.0098035 0.529278 0.240024 0.00960059 9.9982E-05
0.0205766 0.0387 0.0281331 0.354236 0.501093 0.0571618 9.9991E-05
0.0384509 9.9982E-05 0.160851 0.741281 0.00918939 9.9982E-05 0.050027
0.844537 0.0916751 9.9982E-05 0.0024814 0.0026464 9.9982E-05 0.0584605
0.79399 0.104739 9.9973E-05 9.9973E-05 0.0623543 9.9973E-05 0.0386173
0.971817 0.0151557 9.9964E-05 9.9964E-05 0.0126277 9.9964E-05 9.9964E-05
0.884644 9.9964E-05 9.9964E-05 0.0597371 9.9964E-05 9.9964E-05 0.0552189
0.860391 0.0601947 9.9982E-05 0.0107322 0.023258 0.0452241 9.9982E-05
0.833814 0.0352023 9.9973E-05 9.9973E-05 0.043061 0.0876226 9.9973E-05
9.9982E-05 0.00933821 0.0280362 9.9982E-05 0.0695788 0.0478788 0.844968
0.0501844 9.9982E-05 0.0539202 9.9982E-05 0.0859444 0.00113366 0.808617
9.9973E-05 9.9973E-05 0.0155306 9.9973E-05 0.116402 0.105858 0.76191
9.9973E-05 9.9973E-05 0.11105 9.9973E-05 0.0280413 0.129726 0.730883
0.06026 9.9982E-05 0.0111815 9.9982E-05 0.080532 0.088496 0.759331
0.499246 0.00563456 0.109848 0.0546436 9.9982E-05 9.9982E-05 0.330429
0.400455 0.0732772 9.9973E-05 0.112632 9.9973E-05 9.9973E-05 0.413337
0.461205 0.03806 9.9982E-05 0.0721441 9.9982E-05 0.00704728 0.421344
9.9964E-05 9.9964E-05 0.0500045 9.9964E-05 0.14563 9.9964E-05 0.803965
0.432468 0.0852614 0.0158446 0.0975585 9.9982E-05 9.9982E-05 0.368668
9.9982E-05 0.133128 0.00902283 9.9982E-05 0.323959 0.3123 0.221389
0.0399935 9.9991E-05 0.067211 0.116766 0.45069 0.252788 0.072451
0.00973738 9.9982E-05 9.9982E-05 0.0183492 0.518557 0.284622 0.168534
9.9991E-05 0.0853809 0.0906651 0.0130302 0.346705 0.211387 0.252732
9.9973E-05 0.112211 9.9973E-05 9.9973E-05 0.568793 0.112324 0.206372
9.9964E-05 0.263415 9.9964E-05 9.9964E-05 9.9964E-05 0.297323 0.438861
0.117797 0.0465058 0.353689 0.0814923 0.400316 9.9982E-05 9.9982E-05
0.123664 0.200145 0.197343 0.12537 0.335747 0.0176306 9.9991E-05
0.100331 9.9982E-05 0.63531 0.0114707 0.177142 9.9982E-05 0.0755466
0.112174 0.190057 0.0966106 0.14957 0.451388 9.9982E-05 9.9982E-05
0.0501012 0.598822 0.188026 0.162751 9.9973E-05 9.9973E-05 9.9973E-05
9.9991E-05 0.127721 0.248187 0.109686 0.322282 0.0898161 0.102208
0.101951 0.106695 0.293516 0.0570994 0.417822 9.9991E-05 0.0228161
0.0912005 0.0710089 0.447449 0.055315 0.299839 9.9991E-05 0.035088
0.102882 9.9991E-05 0.201604 0.113164 0.411021 0.0822309 0.088998
9.9973E-05 0.357711 0.506972 0.0639251 0.0710922 9.9973E-05 9.9973E-05
0.138905 0.0782271 0.115573 0.159542 0.384917 0.122736 9.9991E-05
0.162719 0.0174539 0.127324 0.155506 0.490022 0.0468759 9.9991E-05
0.0658517 0.0925176 0.0754156 0.0983725 0.369205 0.173296 0.125341
0.0254771 0.240897 0.346913 0.0703324 0.31618 9.9982E-05 9.9982E-05
0.0771684 0.0335708 0.407294 0.105194 0.362612 9.9991E-05 0.0140604
9.9982E-05 0.158211 0.195432 0.147549 0.380979 0.11763 9.9982E-05
0.0953962 0.0838633 0.181832 0.0827923 0.555916 9.9982E-05 9.9982E-05
0.0982457 9.9991E-05 0.0867077 0.1335 0.491835 0.117088 0.0725234
0.0412708 0.0556346 0.158756 0.181658 0.471471 9.9991E-05 0.0911097
0.12342 0.0895552 0.0638016 0.0588707 0.557913 0.0429091 0.0635301
9.9964E-05 9.9964E-05 9.9964E-05 9.9964E-05 0.14854 0.0726679 0.778392
9.9973E-05 9.9973E-05 9.9973E-05 0.0618708 0.0815999 0.008431 0.847798
0.0355907 0.0131536 0.024202 0.110991 0.0105158 0.0233226 0.782224
0.0393313 9.9982E-05 9.9982E-05 0.0973463 0.0342065 0.0181876 0.810728
9.9955E-05 9.9955E-05 9.9955E-05 9.9955E-05 0.152746 9.9955E-05 0.846754
0.0717156 0.00580752 0.774928 0.0277325 9.9991E-05 0.0993066 0.0204101
9.9991E-05 0.111031 0.35688 0.0548813 0.343122 0.117701 0.0162861
0.0554197 0.0822419 0.0789599 0.0390579 0.392316 0.138579 0.213426
9.9991E-05 0.00554663 0.196682 0.054497 0.687526 0.0270567 0.028592
0.0405572 9.9982E-05 0.278523 0.115146 0.49948 9.9982E-05 0.0660935
0.0673413 0.216635 0.402631 9.9982E-05 0.303761 0.00943224 9.9982E-05
0.162061 0.059889 0.645088 0.00857705 9.9982E-05 9.9982E-05 0.124185
0.151824 9.9991E-05 0.279087 0.0715238 0.450803 0.0225472 0.0241159
0.106721 0.0951421 0.599379 9.9982E-05 0.125198 9.9982E-05 0.0733602
0.125896 0.06999 0.115981 0.231953 0.349517 0.0853284 0.0213343
0.0774627 0.0535046 0.5546 0.0969296 0.0394434 9.9991E-05 0.177959
9.9982E-05 9.9982E-05 0.206148 0.103399 0.564028 0.00960006 0.116625
0.108755 0.0289646 0.688246 9.9982E-05 0.0890923 9.9982E-05 0.0847425
0.0804129 0.160893 0.313743 0.0325701 0.33485 0.0277941 0.0497372
0.217262 0.178684 0.0630382 0.105364 0.432758 0.00279351 9.9991E-05
0.137126 0.512672 0.00663759 0.024719 0.316352 9.9991E-05 0.00239301
0.0187853 0.19604 9.9982E-05 0.148535 0.558412 9.9982E-05 0.0780275
9.9982E-05 0.198749 9.9982E-05 0.116541 0.581475 0.00352585 0.0995087
0.0769882 0.511131 9.9973E-05 0.0240177 0.387563 9.9973E-05 9.9973E-05
0.077359 0.201024 0.110215 0.0814806 0.455079 0.0282513 0.0465914
0.112313 0.212177 9.9982E-05 0.0472356 0.56816 9.9982E-05 0.0599145
0.149924 0.577949 9.9973E-05 0.170192 0.101635 9.9973E-05 9.9973E-05
0.048225 0.568001 9.9973E-05 0.0981552 0.285319 9.9973E-05 9.9973E-05
0.126521 0.368346 9.9973E-05 0.0160277 0.488805 9.9973E-05 9.9973E-05
0.141082 0.476192 9.9982E-05 0.225157 0.152536 9.9982E-05 0.00483256
0.0724531 0.204298 0.160532 0.0414168 0.5211 9.9982E-05 9.9982E-05
0.166057 9.9991E-05 0.733881 0.062378 0.00997987 0.0260002 0.00160413
0.0334573 0.249318 0.410767 0.107864 0.198394 9.9982E-05 9.9982E-05
0.124066 9.9991E-05 0.525935 0.0481714 0.19797 0.0827477 0.0210097
0.013439 9.9991E-05 0.255724 0.0578566 0.589124 0.0534549 0.0303019
0.100514 9.9982E-05 0.608812 0.196654 0.0649094 0.0289109 9.9982E-05
0.0236616 0.0863487 0.197672 0.052077 0.441237 0.0639397 0.135064
0.0962094 0.0297297 0.155962 0.115523 0.494884 0.107592 9.9991E-05
0.0752872 9.9973E-05 0.381869 9.9973E-05 0.481652 0.0608914 9.9973E-05
0.083832 9.9982E-05 0.311804 0.0387449 0.497986 0.067433 9.9982E-05
0.103699 9.9991E-05 0.243677 0.196691 0.384681 0.0299415 0.0412106
0.123934 9.9982E-05 0.579438 0.104749 0.119445 0.0722346 9.9982E-05
0.23594 0.0783089 0.330126 9.9982E-05 0.282353 0.0730725 9.9982E-05
0.0451941 0.0312291 0.269314 0.00139161 0.605972 0.0467993 9.9991E-05
0.0498126 0.107047 0.213069 0.0163454 0.608903 0.00472307 9.9991E-05
0.0433413 0.153276 0.334527 0.00946186 0.411946 9.9991E-05 0.047348
0.145477 0.0545607 0.26153 9.9982E-05 0.496355 0.0418777 9.9982E-05
0.146006 9.9982E-05 0.43862 9.9982E-05 0.300354 0.0496686 0.0651512
0.0450318 0.0130887 0.160487 9.9982E-05 0.70579 9.9982E-05 0.0754024
0.156706 9.9991E-05 0.230273 0.0186621 0.487461 0.0803831 0.026415
0.0975793 0.109516 0.041589 0.132079 0.402691 0.121554 0.0949916
9.9991E-05 0.0726462 0.0450514 0.0164047 0.406961 0.105297 0.353539
9.9982E-05 0.117858 0.066564 9.9982E-05 0.476159 0.229934 0.109285
9.9991E-05 0.0179408 0.102251 0.0285934 0.496323 0.183975 0.170816
0.0406556 0.147957 0.0242243 0.0485241 0.583963 0.0937673 0.0609086
9.9973E-05 0.126687 9.9973E-05 9.9973E-05 0.526089 0.162232 0.184693
0.0677114 0.19805 0.28808 0.0262035 0.413637 0.00621825 9.9991E-05
0.00710982 9.9991E-05 0.12241 0.0785336 0.455172 0.159839 0.176835
9.9991E-05 0.36688 0.147888 0.0865635 0.0351911 0.11253 0.250848
0.0526528 0.0606332 0.182255 0.0415384 0.393858 0.190639 0.078423
0.020354 0.0889789 0.0579112 9.9991E-05 0.549839 0.165239 0.117579
0.0225478 9.9991E-05 0.156246 0.182515 0.337653 0.229537 0.0714012
9.9991E-05 0.164514 0.215336 0.0404084 0.264279 0.136264 0.179099
0.0212592 0.0564733 0.132051 9.9991E-05 0.50817 0.119877 0.162069
0.00994562 0.0535803 0.0906092 9.9991E-05 0.552651 0.134826 0.158288
9.9964E-05 0.340678 9.9964E-05 9.9964E-05 9.9964E-05 0.175879 0.483044
9.9982E-05 9.9982E-05 0.0890107 0.124588 0.475861 0.169246 0.141095
9.9982E-05 0.00802858 0.103001 9.9982E-05 0.518262 0.193217 0.177292
0.00901923 0.0422423 0.0743651 0.112361 0.541447 0.144741 0.0758244
9.9973E-05 0.0751859 9.9973E-05 9.9973E-05 0.626612 0.156219 0.141683
0.00839113 9.9991E-05 0.13111 0.0305647 0.515696 0.184301 0.129837
0.0682221 0.223547 0.045739 0.0395417 0.583746 9.9991E-05 0.039104
0.0188807 0.0435929 0.0859486 0.162417 0.550875 0.0769291 0.0613564
9.9973E-05 0.515453 0.199707 0.268454 0.0160865 9.9973E-05 9.9973E-05
0.0729717 0.598061 0.081403 0.226099 0.0212658 9.9982E-05 9.9982E-05
0.00759632 0.222486 0.0306364 0.114053 0.494719 0.124329 0.00618036
9.9982E-05 0.190757 0.0377127 9.9982E-05 0.373531 0.277658 0.120141
9.9973E-05 0.298153 9.9973E-05 9.9973E-05 0.319321 0.324059 0.0581666
9.9982E-05 0.364441 0.0084607 9.9982E-05 0.13017 0.287116 0.209612
9.9982E-05 0.176709 0.106809 9.9982E-05 0.295482 0.301824 0.118978
9.9982E-05 0.728633 0.00790849 9.9982E-05 0.179938 0.0559184 0.0274024
9.9982E-05 0.641089 9.9982E-05 0.0217312 0.198935 0.0950006 0.0430443
9.9982E-05 0.229776 0.0067227 0.073633 0.598479 0.0911896 9.9982E-05
9.9991E-05 0.253576 0.0979171 0.00528459 0.520137 0.0904127 0.0325728
9.9982E-05 0.483977 0.0899448 9.9982E-05 0.272388 0.0738235 0.0796666
9.9991E-05 0.0864087 0.208423 0.0505059 0.509219 0.0999553 0.0453881
0.0559915 0.244413 0.00752877 9.9991E-05 0.605649 0.0588506 0.0274673
0.0452429 0.206687 0.142269 0.0107579 0.394117 0.125375 0.0755499
0.0376523 0.466976 0.0142505 0.140854 0.340067 9.9982E-05 9.9982E-05
9.9973E-05 0.312436 0.174363 0.17255 0.340351 9.9973E-05 9.9973E-05
0.0622414 0.163801 9.9991E-05 0.243925 0.467147 0.0354961 0.0272899
0.113684 0.26844 0.161496 0.00933829 0.407058 0.00543193 0.0345512
0.0971075 0.265833 9.9991E-05 0.0885031 0.411379 0.0900395 0.0470379
0.00678887 0.384332 0.0386966 0.0428515 0.527131 9.9982E-05 9.9982E-05
0.0853673 0.500136 0.0733173 0.0699887 0.270991 9.9982E-05 9.9982E-05
0.0266939 0.239915 0.00625764 0.126467 0.598311 9.9991E-05 0.00225607
0.0439283 0.418403 0.0865576 0.237676 0.213236 9.9982E-05 9.9982E-05
0.0578431 0.402392 0.0134962 0.0881408 0.437928 9.9982E-05 9.9982E-05
0.0719564 0.0977493 9.9991E-05 0.221512 0.453559 0.104457 0.0506663
9.9991E-05 0.202692 0.140147 0.207671 0.429047 0.0138099 0.006533
0.014254 0.128465 0.14066 9.9991E-05 0.416179 0.199966 0.100376
0.0493456 0.245923 0.0409417 0.0355617 0.377766 0.205002 0.0454603
9.9991E-05 0.262404 0.0465492 0.0042099 0.34144 0.250195 0.0951023
0.0799776 0.094381 0.0625303 9.9991E-05 0.403742 0.153773 0.205496
0.126784 0.012095 0.18262 0.0677491 0.302098 0.234394 0.0742599
0.112914 0.123929 0.0394014 0.0336343 0.386454 0.137023 0.166643
0.0400946 0.580457 9.9982E-05 0.0574316 9.9982E-05 0.186313 0.135504
0.0619351 0.0690874 9.9982E-05 9.9982E-05 0.647544 0.152068 0.0691657
9.9964E-05 0.56627 9.9964E-05 9.9964E-05 9.9964E-05 0.099098 0.334233
9.9991E-05 0.146994 0.00862586 0.0725072 0.538526 0.165609 0.0676375
9.9964E-05 0.563251 9.9964E-05 0.284906 0.151443 9.9964E-05 9.9964E-05
9.9964E-05 0.623187 0.0902985 0.286114 9.9964E-05 9.9964E-05 9.9964E-05
9.9973E-05 0.200217 0.0803741 0.281577 0.437532 9.9973E-05 9.9973E-05
9.9973E-05 0.205012 0.115792 0.0169619 0.661934 9.9973E-05 9.9973E-05
9.9973E-05 0.308202 0.127288 0.205579 0.358632 9.9973E-05 9.9973E-05
9.9973E-05 0.23787 9.9973E-05 0.22562 0.513448 0.0227615 9.9973E-05
9.9982E-05 0.219305 0.129001 0.0660524 0.565611 0.0198306 9.9982E-05
9.9982E-05 0.0230418 9.9982E-05 0.0405274 0.080079 0.0808903 0.775262
0.115238 0.0317999 0.0383823 0.00266379 9.9991E-05 0.11141 0.700406
0.01781 9.9964E-05 9.9964E-05 9.9964E-05 9.9964E-05 0.0891881 0.892602
9.9964E-05 0.00560847 9.9964E-05 9.9964E-05 0.077858 9.9964E-05 0.916134
9.9982E-05 9.9982E-05 0.22131 0.308843 0.436421 0.0206589 0.0125672
9.9991E-05 0.0285043 0.0878181 0.348699 0.45346 0.00981633 0.0716026
9.9982E-05 9.9982E-05 0.0214024 0.556728 0.383547 0.0324719 0.00564999
9.9982E-05 0.0227692 0.04299 0.210647 0.603556 9.9982E-05 0.119839
0.0595993 0.0279447 9.9991E-05 0.276198 0.517911 0.062334 0.0559136
0.0911947 0.053158 0.0202589 0.629755 0.178845 9.9991E-05 0.026688
0.00473541 9.9973E-05 9.9973E-05 0.384386 0.56308 0.0474991 9.9973E-05
9.9964E-05 0.177617 9.9964E-05 0.48457 0.337412 9.9964E-05 9.9964E-05
0.0739252 0.0234577 0.0086136 9.9991E-05 0.427772 0.232775 0.233356
0.00635081 0.0724954 0.0449453 0.396978 0.409738 0.0693925 9.9991E-05
0.00191672 9.9982E-05 0.113771 0.651666 0.210511 0.0219355 9.9982E-05
0.0482243 9.9982E-05 0.0780856 0.31306 0.491278 0.0691524 9.9982E-05
0.0318062 9.9982E-05 0.0290223 0.518981 0.376364 9.9982E-05 0.043627
9.9982E-05 0.0317523 9.9982E-05 0.364663 0.56322 0.0339137 0.00625084
9.9982E-05 0.0299983 9.9982E-05 0.361286 0.511248 0.0172626 0.0800043
9.9964E-05 0.0872891 9.9964E-05 0.868462 0.0438487 9.9964E-05 9.9964E-05
9.9982E-05 0.102851 9.9982E-05 0.66258 0.214114 0.00614126 0.0141134
0.0104438 0.077174 9.9982E-05 0.589563 0.255978 9.9982E-05 0.0666412
9.9955E-05 0.238674 9.9955E-05 0.760826 9.9955E-05 9.9955E-05 9.9955E-05
0.110049 9.9991E-05 0.0556841 0.391019 0.390789 0.0300388 0.022319
0.0202202 0.260536 9.9973E-05 0.640275 0.0786694 9.9973E-05 9.9973E-05
9.9973E-05 0.262341 0.0163768 0.714074 9.9973E-05 9.9973E-05 0.00690912
9.9982E-05 0.0490589 0.0507546 0.337402 0.497814 0.0647698 9.9982E-05
9.9982E-05 9.9982E-05 0.155245 0.664666 0.12384 0.0115214 0.0445269
0.0511783 9.9982E-05 0.0422305 0.535228 0.302295 0.0688689 9.9982E-05
0.0254814 0.0771751 0.0925922 0.105388 0.508757 0.133954 0.0566518
0.0740633 9.9982E-05 9.9982E-05 0.389613 0.530588 0.00154491 0.00399076
0.111094 0.177003 0.261526 0.0552714 0.394906 9.9982E-05 9.9982E-05
0.0914504 9.9982E-05 0.0364129 0.391777 0.465777 0.0143831 9.9982E-05
0.014836 9.9991E-05 0.0564838 0.483315 0.31785 0.0810918 0.0463234
9.9973E-05 0.065871 0.0182885 0.656844 0.258696 9.9973E-05 9.9973E-05
0.0402605 0.152565 0.0119482 0.221232 0.470837 0.0532333 0.0499246
0.186675 0.0577229 0.135209 9.9973E-05 9.9973E-05 9.9973E-05 0.620094
0.0120114 0.108863 0.0665606 0.0307197 0.0486697 9.9991E-05 0.733076
0.091121 0.0831744 0.0207518 9.9973E-05 9.9973E-05 9.9973E-05 0.804653
0.117363 0.0898859 0.0223947 0.0150788 0.000429108 9.9991E-05 0.754749
0.162055 0.0344119 9.9973E-05 9.9973E-05 0.064792 9.9973E-05 0.738441
0.00749691 9.9982E-05 0.254727 0.670707 9.9982E-05 0.0546337 0.0122359
9.9973E-05 9.9973E-05 0.211856 0.639724 0.0796125 9.9973E-05 0.0685085
9.9973E-05 0.107096 9.9973E-05 0.8005 0.0642931 0.0278108 9.9973E-05
0.0083752 9.9982E-05 9.9982E-05 0.218227 0.539094 0.0895968 0.144506
0.0122158 9.9991E-05 0.139716 0.223296 0.474917 0.0609363 0.0888192
0.00400812 0.126305 9.9982E-05 0.663795 0.160715 0.0449758 9.9982E-05
0.0215267 0.0230237 9.9982E-05 0.295802 0.588514 0.0709341 9.9982E-05
9.9991E-05 0.0601517 0.00460161 0.489399 0.368523 0.0378916 0.0393336
9.9973E-05 9.9973E-05 0.0816552 0.384916 0.499792 9.9973E-05 0.0333369
0.0856067 9.9991E-05 0.0328945 0.303111 0.544463 0.0148683 0.0189566
0.0961151 9.9982E-05 0.0137559 0.645371 0.191523 0.0530349 9.9982E-05
9.9964E-05 9.9964E-05 0.10237 0.643181 0.25405 9.9964E-05 9.9964E-05
0.0426216 9.9982E-05 0.102052 0.572844 0.276186 9.9982E-05 0.00609684
0.0787298 0.108092 0.00310687 0.060115 0.64143 9.9991E-05 0.108427
9.9973E-05 9.9973E-05 0.0377181 0.577595 0.328969 9.9973E-05 0.0554178
9.9982E-05 0.0512607 0.131794 0.415074 0.390817 0.0108549 9.9982E-05
0.0318693 0.0166129 9.99904E-05 0.0261345 0.528109 0.367648 0.0295267
9.9991E-05 0.042597 0.0209077 0.0607169 0.345924 0.43295 0.0968047
9.9982E-05 0.0724137 9.9982E-05 0.0251424 0.366794 0.410456 0.124994
9.9973E-05 0.0919845 9.9973E-05 9.9973E-05 0.326828 0.440316 0.140571
0.00652554 0.0784674 9.9982E-05 9.9982E-05 0.481699 0.335255 0.0978527
0.0036935 0.106881 9.9991E-05 0.310408 0.447145 0.129044 0.00272871
9.9973E-05 0.0383079 9.9973E-05 9.9973E-05 0.0553082 0.629513 0.276571
9.9991E-05 0.0143482 0.0160095 0.0913308 0.234179 0.455294 0.188738
0.0160772 0.132043 9.9991E-05 0.211168 0.290505 0.22741 0.122696
0.000749507 0.232033 0.0231328 9.9982E-05 0.608779 9.9982E-05 0.135105
0.055151 0.208209 0.164198 0.0875549 0.346962 0.0530501 0.084875
0.0528833 0.123234 9.9991E-05 0.021527 0.662722 0.0083388 0.131194
0.0398484 0.0709974 0.0778742 0.15352 0.492919 0.0963563 0.0684843
9.9982E-05 0.00224409 9.9982E-05 0.0196801 0.284882 0.500221 0.192773
9.9982E-05 9.9982E-05 0.0135076 0.0502517 0.41764 0.398067 0.120334
0.0016216 0.00517221 9.9982E-05 9.9982E-05 0.382844 0.540797 0.0693652
9.9991E-05 0.097221 0.0684108 0.0599008 0.479887 0.252857 0.0416235
9.9982E-05 0.101083 0.0384817 9.9982E-05 0.206138 0.554702 0.0993957
0.0127388 0.063616 0.0478053 0.0906038 0.369118 0.375119 0.0409991
9.9973E-05 0.0391886 9.9973E-05 9.9973E-05 0.2347 0.565777 0.160033
0.0547905 9.9982E-05 0.070698 9.9982E-05 0.328175 0.499888 0.0462483
0.0926185 0.210377 9.9991E-05 0.0422802 0.59402 0.036563 0.0240413
0.070641 0.0553992 9.9991E-05 0.0340992 0.391258 0.285002 0.163501
9.9982E-05 0.0743949 9.9982E-05 0.0252964 0.150555 0.598314 0.151239
9.9982E-05 0.0300977 9.9982E-05 0.114001 0.381883 0.355724 0.118095
0.113795 0.25105 0.20726 0.113802 0.16384 9.9991E-05 0.150152
9.9982E-05 0.205245 0.112927 9.9982E-05 0.613591 0.0611749 0.00686167
0.0161918 9.9991E-05 0.123999 0.0673036 0.296512 0.3454 0.150494
9.9973E-05 0.144227 0.0894487 9.9973E-05 0.683558 9.9973E-05 0.0824656
0.0714464 0.124143 0.0223036 0.161387 0.475701 0.0118346 0.133184
9.9982E-05 0.0777642 9.9982E-05 0.14342 0.304975 0.236979 0.236661
9.9982E-05 0.134129 0.0629741 9.9982E-05 0.309159 0.258468 0.23507
0.0464295 0.0561085 0.0485194 0.139774 0.496479 0.149656 0.0630336
9.9982E-05 0.0352923 9.9982E-05 0.0441034 0.412109 0.347556 0.160738
0.00381509 0.010935 0.0771139 9.9991E-05 0.315672 0.48562 0.106744
9.9973E-05 0.0304766 9.9973E-05 9.9973E-05 0.168292 0.585557 0.215375
0.0742032 0.0491985 0.0274599 0.146186 0.5419 0.109102 0.0519496
0.013623 0.151352 0.14799 0.103581 0.444557 9.9991E-05 0.138797
0.0467359 0.568945 9.9982E-05 0.0795243 0.206585 9.9982E-05 0.0980099
0.11351 0.0695603 9.9991E-05 0.084732 0.595953 0.0569833 0.0791621
0.0156267 0.162982 0.234538 0.0267133 0.437115 9.9991E-05 0.122926
9.9991E-05 0.178921 0.00386643 0.0202335 0.514814 0.120046 0.162019
0.140434 0.108606 0.0158228 0.10655 0.453664 0.0353557 0.139568
9.9964E-05 0.523192 9.9964E-05 9.9964E-05 9.9964E-05 0.201054 0.275354
9.9964E-05 0.66686 9.9964E-05 9.9964E-05 9.9964E-05 0.0923971 0.240343
9.9982E-05 0.41022 0.11151 9.9982E-05 0.271054 0.106473 0.100543
9.9973E-05 0.452541 0.032527 9.9973E-05 9.9973E-05 0.205103 0.309529
9.9964E-05 0.403862 9.9964E-05 9.9964E-05 9.9964E-05 0.180263 0.415475
0.0663957 0.279937 9.9991E-05 0.109276 0.205436 0.252636 0.0862193
9.9991E-05 0.190464 0.0690208 0.0237291 0.374123 0.144208 0.198355
0.00612164 0.309086 9.9991E-05 0.00631177 0.209769 0.187587 0.281024
9.9982E-05 0.487691 0.0121878 9.9982E-05 0.115598 0.141287 0.243036
9.9982E-05 0.238633 9.9982E-05 0.0188928 0.469765 0.145543 0.126965
9.9991E-05 0.434005 0.128594 0.0727605 0.0534155 0.158026 0.153099
9.9964E-05 0.519212 9.9964E-05 9.9964E-05 9.9964E-05 0.0346608 0.445727
0.0333259 9.9991E-05 0.0654317 0.0701956 0.541746 0.0857153 0.203485
9.9982E-05 0.288273 0.0147935 9.9982E-05 0.338378 0.238029 0.120327
9.9982E-05 9.9982E-05 0.0662959 0.0192241 0.381177 0.219458 0.313645
9.9973E-05 0.00492655 9.9973E-05 9.9973E-05 0.573283 0.253448 0.168043
0.0211793 0.00643227 0.0241678 0.0617626 0.528524 0.191137 0.166797
0.0217441 0.080994 9.9982E-05 9.9982E-05 0.51923 0.251648 0.126183
9.9973E-05 9.9973E-05 0.165668 9.9973E-05 0.324152 0.163146 0.346734
9.9982E-05 0.0241227 0.11934 9.9982E-05 0.474451 0.166605 0.215282
9.9973E-05 9.9973E-05 9.9973E-05 0.12915 0.428951 0.23025 0.211348
0.0733778 0.0748962 9.9991E-05 0.139073 0.230429 0.213293 0.268832
0.0113598 0.0104392 0.180449 0.297634 0.185072 0.178777 0.136268
0.0381608 9.9991E-05 0.172766 0.0270071 0.498151 0.104105 0.15971
0.0125531 0.0150636 9.9991E-05 0.159127 0.493166 0.131798 0.188192
0.0514695 0.0337078 0.0072464 0.157998 0.605427 0.0887363 0.0554147
0.00160576 0.129471 9.9982E-05 9.9982E-05 0.357936 0.249273 0.261514
0.013243 0.0722081 0.0116973 0.0706664 0.426318 0.227606 0.178261
9.9982E-05 0.236817 0.0147197 9.9982E-05 0.201936 0.197937 0.34839
0.0686299 9.9982E-05 9.9982E-05 0.0907329 0.494981 0.195061 0.150396
9.9982E-05 0.232706 9.9982E-05 0.0208543 0.183282 0.349081 0.213877
0.106208 0.0333245 9.9973E-05 0.0953127 9.9973E-05 9.9973E-05 0.764855
0.576714 0.00836359 0.218177 0.0421406 0.079877 0.00762412 0.0671033
0.807526 9.9955E-05 0.191974 9.9955E-05 9.9955E-05 9.9955E-05 9.9955E-05
0.84836 9.9955E-05 0.151141 9.9955E-05 9.9955E-05 9.9955E-05 9.9955E-05
0.818539 9.9973E-05 0.161561 9.9973E-05 0.00451429 0.0150852 9.9973E-05
0.769083 9.9964E-05 0.193397 9.9964E-05 9.9964E-05 0.0371204 9.9964E-05
0.811704 9.9964E-05 0.0902756 9.9964E-05 0.0976203 9.9964E-05 9.9964E-05
0.759787 9.9964E-05 0.218027 9.9964E-05 9.9964E-05 9.9964E-05 0.0217865
0.690645 9.9973E-05 0.127925 9.9973E-05 9.9973E-05 0.0186759 0.162454
9.9964E-05 9.9964E-05 0.0907369 9.9964E-05 9.9964E-05 0.0154 0.893463
0.0784727 9.9973E-05 0.0833595 9.9973E-05 0.0481573 9.9973E-05 0.78971
0.0395169 0.0267355 9.9982E-05 0.00749438 9.9982E-05 0.0424081 0.883645
9.9955E-05 9.9955E-05 0.199393 9.9955E-05 9.9955E-05 9.9955E-05 0.800107
0.0669246 9.9982E-05 0.000934291 0.0106092 9.9982E-05 0.0813759 0.839956
0.0691943 9.9973E-05 0.0217758 9.9973E-05 9.9973E-05 0.0220333 0.886697
9.9991E-05 0.00859718 0.0429007 0.0339356 0.0190854 0.148289 0.747092
0.000427004 0.02422 9.9991E-05 0.0168327 0.046428 0.0613351 0.850657
0.117984 9.9982E-05 9.9982E-05 0.102049 0.0124054 0.10135 0.666012
9.9964E-05 9.9964E-05 9.9964E-05 0.0257647 9.9964E-05 0.0626615 0.911174
0.0261456 0.0127854 9.9982E-05 0.0152085 9.9982E-05 0.0049655 0.940695
0.0216431 9.9991E-05 0.0180391 0.0553672 0.057936 0.0197243 0.82719
0.0523124 9.9964E-05 9.9964E-05 9.9964E-05 0.0133517 9.9964E-05 0.933936
0.0248059 9.9973E-05 9.9973E-05 9.9973E-05 0.0534617 0.0124001 0.909032
0.0575724 9.9973E-05 9.9973E-05 0.0437879 9.9973E-05 0.0730127 0.825327
9.9964E-05 9.9964E-05 9.9964E-05 9.9964E-05 0.11676 0.0454102 0.83743
9.9964E-05 9.9964E-05 9.9964E-05 9.9964E-05 0.113711 0.108208 0.777681
9.9973E-05 9.9973E-05 9.9973E-05 0.00516964 0.135514 0.103298 0.755718
9.9973E-05 9.9973E-05 9.9973E-05 0.0144587 0.0993688 0.0866857 0.799187
0.0458068 0.183588 0.124286 0.0788501 0.399836 9.9991E-05 0.167534
0.0713436 0.130009 9.9982E-05 0.0768384 0.65284 9.9982E-05 0.0687687
0.0325822 9.9991E-05 0.118999 0.0969411 0.64666 0.0417056 0.0630126
0.0971755 0.616479 9.9982E-05 0.0888784 0.170847 9.9982E-05 0.02642
0.0741571 0.126247 0.137462 9.9982E-05 0.544755 9.9982E-05 0.117179
0.110115 0.600188 9.9982E-05 0.0176195 0.192625 9.9982E-05 0.0792528
0.000315562 0.13581 9.9991E-05 0.0698111 0.649671 0.0294938 0.114799
0.13386 0.130626 0.115772 0.149272 0.436061 9.9991E-05 0.0343094
0.0970188 0.099422 0.100701 0.152175 0.466229 9.9991E-05 0.0843533
0.0130634 0.0552424 0.106529 0.375454 0.39196 0.00860834 0.0491435
0.139722 0.248285 9.9982E-05 0.100937 0.462493 9.9982E-05 0.0483622
0.0452022 0.132276 9.9973E-05 9.9973E-05 0.709182 9.9973E-05 0.11304
0.207635 0.213877 0.00453053 9.9991E-05 0.528095 0.00211672 0.0436465
0.150321 0.211145 0.405076 0.144429 9.9982E-05 0.088829 9.9982E-05
0.208547 0.746008 9.9973E-05 0.0359998 9.9973E-05 9.9973E-05 0.00914582
0.161864 0.595837 9.9973E-05 9.9973E-05 0.214128 9.9973E-05 0.027871
0.0189276 0.197479 0.0576782 0.053907 0.584062 0.0184381 0.0695077
9.9982E-05 0.202746 0.0911251 0.0226423 0.58864 9.9982E-05 0.0946458
0.0166896 0.213737 9.9982E-05 0.0931168 0.546324 9.9982E-05 0.129933
9.9982E-05 0.0888664 9.9982E-05 0.134759 0.604697 0.102599 0.0688792
9.9991E-05 0.0713486 0.0144273 0.0435878 0.532202 0.110574 0.227761
