9.9982E-05 0.0135629 0.0613046 0.00960998 0.0386415 0.00508397 0.847294 9.9982E-05 0.0243027
9.9973E-05 0.0474479 0.0257694 0.0137337 0.0183115 9.9973E-05 0.888067 0.00637052 9.9973E-05
9.9964E-05 9.9964E-05 0.0741708 9.9964E-05 0.0811591 0.0407535 0.711903 9.9964E-05 0.0916141
9.9973E-05 9.9973E-05 0.0427895 9.9973E-05 0.051934 0.00352684 0.755367 0.00773365 0.138349
9.9955E-05 9.9955E-05 9.9955E-05 9.9955E-05 0.0567879 0.0506279 0.858245 9.9955E-05 0.0338395
0.0439212 9.9973E-05 9.9973E-05 0.215042 0.0350767 0.00607708 0.59684 9.9973E-05 0.102744
0.074121 9.9955E-05 0.0411232 0.0975478 9.9955E-05 9.9955E-05 0.786708 9.9955E-05 9.9955E-05
9.9973E-05 0.00760757 0.0346345 0.13681 0.140455 0.0298435 0.65035 9.9973E-05 9.9973E-05
9.99639E-05 0.0421031 0.0359867 0.0846879 0.0668795 9.99639E-05 0.769943 9.99639E-05 9.99639E-05
0.0306485 9.9991E-05 0.0319443 0.0774235 0.00316931 0.105716 0.672828 0.0443137 0.0338574
0.0601266 9.9964E-05 9.9964E-05 0.100188 0.0829764 9.9964E-05 0.732755 9.9964E-05 0.0235547
0.83488 0.0174244 9.9964E-05 0.026346 9.9964E-05 0.0415551 9.9964E-05 9.9964E-05 0.0793949
0.385353 9.9964E-05 0.0542955 9.9964E-05 0.0278529 9.9964E-05 9.9964E-05 0.0485081 0.483591
0.72825 9.9973E-05 0.0509191 0.0134481 0.0171274 0.0309498 9.9973E-05 9.9973E-05 0.159006
0.715157 9.9955E-05 0.0166495 9.9955E-05 9.9955E-05 0.119371 9.9955E-05 9.9955E-05 0.148323
0.439724 0.00375876 0.0270568 0.0494694 9.9991E-05 0.104341 0.0836186 0.0293429 0.262588
0.302664 9.9973E-05 0.0259245 0.0322978 9.9973E-05 0.0356428 0.0923478 9.9973E-05 0.510823
0.3767 0.155115 0.0470567 0.0374973 0.0117197 0.0580238 9.9991E-05 0.033954 0.279834
0.653088 9.9964E-05 0.0127806 9.9964E-05 9.9964E-05 0.00832595 0.0895444 9.9964E-05 0.235861
0.764563 9.9973E-05 0.0305225 0.0494326 0.104176 9.9973E-05 0.030644 0.0203623 9.9973E-05
0.368993 0.124421 0.0150011 0.0144387 9.9991E-05 0.0666608 0.0138809 0.0407116 0.355793
0.326891 9.9982E-05 0.0195439 0.0918542 0.017289 0.0484662 9.9982E-05 0.0665816 0.429175
0.203611 0.123804 0.00849701 9.9982E-05 0.118929 0.0386491 0.0357061 9.9982E-05 0.470604
0.723807 0.00408459 0.00162975 0.0544983 9.9973E-05 0.107684 9.9973E-05 9.9973E-05 0.107996
0.152666 0.0179831 9.9991E-05 0.0373601 0.0694873 0.0276126 0.0294356 0.15794 0.507415
0.483913 9.9955E-05 0.0620891 9.9955E-05 9.9955E-05 0.0558287 9.9955E-05 9.9955E-05 0.39767
0.860481 0.0331606 0.0362119 0.00170217 9.9964E-05 0.0680447 9.9964E-05 9.9964E-05 9.9964E-05
0.797123 9.9946E-05 9.9946E-05 9.9946E-05 9.9946E-05 0.171876 9.9946E-05 9.9946E-05 0.0304013
0.796249 0.0383329 9.9964E-05 9.9964E-05 9.9964E-05 9.9964E-05 0.00202878 0.0419468 0.121043
9.993E-05 9.993E-05 0.999201 9.993E-05 9.993E-05 9.993E-05 9.993E-05 9.993E-05 9.993E-05
9.993E-05 9.993E-05 0.999201 9.993E-05 9.993E-05 9.993E-05 9.993E-05 9.993E-05 9.993E-05
9.9964E-05 0.038562 0.391179 9.9964E-05 9.9964E-05 0.0238221 0.472187 9.9964E-05 0.0738497
9.9973E-05 0.0703201 0.274013 0.00741796 9.9973E-05 0.129835 0.497284 9.9973E-05 0.0208298
0.0802908 0.262307 0.068581 0.0731258 0.0213335 9.9973E-05 9.9973E-05 9.9973E-05 0.494062
0.162207 0.273178 0.0233577 9.9973E-05 0.00423468 9.9973E-05 0.0878692 9.9973E-05 0.448854
9.9964E-05 0.435666 0.0173941 9.9964E-05 9.9964E-05 0.0475043 0.0582578 9.9964E-05 0.440778
0.591677 0.042435 0.0151687 9.9982E-05 0.147557 9.9982E-05 0.093576 0.0183974 0.0909888
9.9973E-05 0.623782 0.0282458 9.9973E-05 0.0247412 0.0803496 9.9973E-05 0.0127547 0.229827
0.226427 0.213262 9.9973E-05 9.9973E-05 9.9973E-05 0.0370675 0.0771681 0.000269498 0.445506
9.9982E-05 0.166329 0.0281366 0.0568806 9.9982E-05 0.0319081 0.0602411 0.00812585 0.648179
9.9973E-05 0.0901929 0.0180185 0.176582 0.0612265 9.9973E-05 0.0569598 9.9973E-05 0.596721
0.101532 0.148104 0.0602352 0.0441981 0.00481897 9.9991E-05 0.0417434 0.0103946 0.588873
0.194096 0.700776 0.0819387 0.0105007 9.9964E-05 9.9964E-05 9.9964E-05 9.9964E-05 0.0122888
0.073515 0.0763642 0.0118857 0.212416 9.9973E-05 0.0365008 9.9973E-05 9.9973E-05 0.589018
0.0979561 0.127007 0.0306988 0.110794 0.0418275 0.101532 9.9982E-05 9.9982E-05 0.489985
0.100988 0.169549 0.0341028 9.99755E-05 9.99755E-05 0.12774 0.0782655 9.99755E-05 0.489055
9.9955E-05 0.685991 0.0228169 9.9955E-05 9.9955E-05 9.9955E-05 9.9955E-05 0.036239 0.254454
9.9973E-05 0.298948 0.0379218 9.9973E-05 0.0729391 0.0626477 0.000869928 9.9973E-05 0.526374
0.071007 0.221634 0.0149281 9.9991E-05 0.0591359 0.0498729 0.0528708 0.0445905 0.48586
9.9955E-05 0.653949 0.013095 0.291293 9.9955E-05 9.9955E-05 0.0411639 9.9955E-05 9.9955E-05
0.406857 0.156841 9.9973E-05 0.0912322 0.149167 9.9973E-05 9.9973E-05 0.127377 0.0682259
0.252834 0.240792 9.9982E-05 0.318909 0.0594147 0.0284106 9.9982E-05 0.0979919 0.00144858
0.114303 0.0903213 0.0542493 9.9991E-05 0.0832105 0.085176 0.0658579 0.0472885 0.459494
0.176233 9.9982E-05 0.00109041 0.105056 9.9982E-05 0.0200245 0.105764 0.0430638 0.548568
9.999E-05 0.0480683 0.000364739 0.0437649 0.116031 0.0687334 0.0431421 0.135598 0.544197
0.284684 0.156313 0.0550291 0.0420723 0.13291 9.9991E-05 0.0657003 0.114533 0.148658
0.184535 0.0725368 0.0227931 0.0381688 0.111665 9.9991E-05 0.0139137 0.0454774 0.51081
0.242756 0.0414549 0.0309745 0.039495 0.00415698 0.0919697 0.0213854 9.9991E-05 0.527708
0.33886 0.172641 0.008671 0.0547202 0.0124286 0.034179 0.068106 0.0909382 0.219456
0.450927 0.0357721 0.0391005 0.204249 0.0658611 9.9982E-05 0.171367 9.9982E-05 0.0325226
0.142356 0.17391 0.113889 0.0585079 0.0352935 9.9991E-05 0.00432257 0.00468155 0.46694
0.245075 0.0613313 0.00568771 0.00163159 0.111078 0.0732721 0.0680388 0.0514048 0.38248
0.604602 0.0783966 0.06437 0.105828 0.142891 9.9973E-05 0.00361287 9.9973E-05 9.9973E-05
0.389002 0.122771 0.0257302 0.032388 9.9973E-05 9.9973E-05 9.9973E-05 0.0529098 0.376899
0.0691931 0.00501845 9.9973E-05 9.9973E-05 0.0974222 0.0244475 9.9973E-05 0.22005 0.583569
0.218357 0.0205362 0.0279647 0.0192376 0.149357 0.0498686 0.0153701 0.0402824 0.459026
0.342508 0.189224 0.0341622 0.0165446 0.0183853 9.9991E-05 0.0569554 0.085878 0.256242
0.278537 0.112592 0.00184665 0.0466075 9.9982E-05 0.0583991 9.9982E-05 0.0749309 0.426886
0.146602 0.0836786 0.029415 0.00734112 0.117766 0.0646084 9.9991E-05 0.0584388 0.492051
0.487411 0.0745917 0.0637381 0.0823798 0.0580901 9.9982E-05 9.9982E-05 0.153151 0.080438
0.0751243 0.393987 9.9964E-05 9.9964E-05 0.0158047 9.9964E-05 9.9964E-05 0.000402471 0.514281
0.216003 0.61987 0.00472533 9.9955E-05 9.9955E-05 9.9955E-05 9.9955E-05 9.9955E-05 0.158902
0.0476143 0.137649 0.0200372 0.0138175 0.140593 0.0619486 0.0669756 0.0613856 0.449978
0.0184901 0.846987 0.010246 0.121269 0.00260827 9.9964E-05 9.9964E-05 9.9964E-05 9.9964E-05
0.057757 0.769477 9.9955E-05 0.117175 9.9955E-05 9.9955E-05 9.9955E-05 0.0550908 9.9955E-05
0.104234 0.595187 9.9982E-05 0.030444 0.000620427 0.010813 9.9982E-05 0.00745921 0.251042
9.9964E-05 0.461376 9.9964E-05 0.00342812 0.0628011 9.9964E-05 0.00228951 9.9964E-05 0.469705
9.9973E-05 0.117725 0.0365403 9.9973E-05 0.0364209 9.9973E-05 0.155853 0.128243 0.524918
0.0843101 0.428968 0.0186209 9.9982E-05 0.0336831 0.115819 9.9982E-05 0.0425687 0.27583
0.181294 0.599745 9.9973E-05 9.9973E-05 0.0633093 0.0507924 0.022793 9.9973E-05 0.0817668
0.142459 0.439621 0.0238466 9.9973E-05 0.190489 0.00920447 9.9973E-05 9.9973E-05 0.194079
9.9982E-05 0.226941 0.0110617 0.00284178 0.0669195 9.9982E-05 0.0902929 0.0913762 0.510367
0.186712 0.536885 0.00395249 9.9982E-05 9.9982E-05 0.066879 0.0053628 0.0316866 0.168323
0.0768701 0.417203 0.0557722 0.0368614 0.00261236 9.9982E-05 0.042057 9.9982E-05 0.368424
9.9955E-05 0.540823 0.0184671 9.9955E-05 9.9955E-05 9.9955E-05 9.9955E-05 0.108126 0.332084
0.00154521 0.652375 9.9973E-05 0.182574 0.0098497 9.9973E-05 0.0333042 0.120051 9.9973E-05
0.0517106 0.174665 9.9973E-05 0.0107653 0.0210385 9.9973E-05 9.9973E-05 0.0693448 0.672176
0.0827079 9.9964E-05 0.0343847 9.9964E-05 9.9964E-05 0.0523931 0.785331 9.9964E-05 0.0447831
9.9946E-05 9.9946E-05 0.16792 9.9946E-05 9.9946E-05 9.9946E-05 0.751523 9.9946E-05 0.0799582
9.9955E-05 9.9955E-05 0.177736 9.9955E-05 9.9955E-05 0.0351751 0.709177 9.9955E-05 0.0774122
9.9973E-05 0.00104792 0.15372 0.0748224 9.9973E-05 0.0128396 0.713044 9.9973E-05 0.0442261
9.9964E-05 9.9964E-05 0.0882026 9.9964E-05 9.9964E-05 0.0360761 0.790238 0.0371884 0.0478954
9.9964E-05 9.9964E-05 0.0634817 9.9964E-05 9.9964E-05 0.0440117 0.813009 0.0553348 0.0237627
9.9964E-05 9.9964E-05 0.0933618 0.0159106 9.9964E-05 0.0434737 0.805382 9.9964E-05 0.041472
0.0945314 0.203263 0.0216906 0.00878116 0.0489923 0.038116 0.117873 9.9991E-05 0.466653
0.0949366 0.235176 0.0238877 0.0156061 9.9982E-05 0.0238858 0.0984904 9.9982E-05 0.507818
0.188143 0.760716 9.9946E-05 9.9946E-05 9.9946E-05 9.9946E-05 9.9946E-05 0.0505417 9.9946E-05
0.0356282 0.234725 9.9982E-05 9.9982E-05 0.00540268 0.032786 0.141158 0.0774922 0.472608
0.169517 0.384805 0.0215585 9.9973E-05 0.00697382 0.00859326 9.9973E-05 9.9973E-05 0.408253
9.9982E-05 0.37508 0.0124298 0.00529867 0.00198212 0.0164909 9.9982E-05 0.0257734 0.562745
9.9955E-05 0.344782 0.029037 9.9955E-05 9.9955E-05 9.9955E-05 0.0780606 9.9955E-05 0.54762
9.9973E-05 0.433564 0.0628794 0.0118877 0.00682135 0.0449492 9.9973E-05 9.9973E-05 0.439599
0.182063 0.752939 9.9955E-05 9.9955E-05 0.00754573 9.9955E-05 0.0569531 9.9955E-05 9.9955E-05
9.9991E-05 0.195796 0.0213484 0.011211 0.0118005 0.0453806 0.156268 0.0848433 0.473251
0.105088 0.0673035 0.0185886 0.0929534 9.9991E-05 0.00352694 0.0436487 0.029213 0.639578
0.297545 0.0738603 9.9973E-05 0.0399867 9.9973E-05 0.114958 0.0584427 9.9973E-05 0.414907
9.9964E-05 0.55039 0.0520292 0.0902876 9.9964E-05 9.9964E-05 9.9964E-05 0.0312855 0.275608
9.9982E-05 0.403042 0.00645282 0.000621095 9.9982E-05 0.0126068 0.0200983 0.0748352 0.482144
0.102585 0.349608 0.0152921 9.9991E-05 0.0261936 0.00963355 0.044516 0.000226616 0.451845
9.9946E-05 0.627212 9.9946E-05 9.9946E-05 9.9946E-05 0.132815 9.9946E-05 9.9946E-05 0.239374
9.9964E-05 0.461849 0.00656309 9.9964E-05 0.0926839 9.9964E-05 0.0650761 9.9964E-05 0.373428
9.9973E-05 0.29302 0.0565529 9.9973E-05 0.103603 0.0226875 0.0287162 9.9973E-05 0.495121
0.23626 0.0562267 0.0105344 0.204916 0.0705729 9.9991E-05 0.01501 0.183756 0.222624
0.210215 9.9973E-05 9.9973E-05 0.091221 0.153547 0.0167444 0.0783865 9.9973E-05 0.449587
0.173483 0.0798819 0.00134208 9.9991E-05 0.0399522 0.0710271 0.133771 0.0663297 0.434114
0.214786 0.0729496 9.9973E-05 9.9973E-05 9.9973E-05 0.0207788 0.126858 0.0946316 0.469696
0.37032 0.0711389 0.0578876 9.9982E-05 0.0761684 9.9982E-05 0.00863068 0.00437292 0.411281
0.232134 9.9973E-05 9.9973E-05 0.0421681 0.0971994 0.0280288 0.0116055 9.9973E-05 0.588564
0.253795 9.9964E-05 9.9964E-05 9.9964E-05 0.218777 9.9964E-05 0.0141137 0.0795335 0.43338
0.0399327 0.0828959 9.9973E-05 9.9973E-05 0.109669 9.9973E-05 0.124117 0.119169 0.523917
0.0476453 9.9982E-05 0.031231 0.145885 0.134631 0.0479326 0.0129857 9.9982E-05 0.579489
0.19065 0.0761963 0.0285787 0.0180353 0.0104143 9.9991E-05 0.0587434 0.0683693 0.548912
0.308705 0.090913 0.0204889 9.9973E-05 0.126682 9.9973E-05 9.9973E-05 0.01912 0.433791
0.0306519 0.0513161 0.0253106 0.0736121 0.164114 0.00364998 0.0183883 0.0576365 0.575321
0.00560847 0.0669141 0.0172781 0.0600328 0.0815001 9.9991E-05 0.0899963 0.12982 0.54875
0.226326 0.0403763 9.9964E-05 9.9964E-05 0.0877273 9.9964E-05 9.9964E-05 0.0752797 0.569891
9.9973E-05 9.9973E-05 9.9973E-05 0.139394 0.109392 0.072498 0.0350128 0.0776874 0.565716
0.132735 0.0566614 9.9973E-05 9.9973E-05 0.0956156 0.125568 9.9973E-05 0.0994552 0.489665
0.311281 9.9982E-05 0.0298002 0.106868 0.07089 9.9982E-05 0.0768683 0.0508218 0.353271
0.129481 9.9982E-05 0.00979357 0.0361498 0.11852 0.123853 9.9982E-05 0.0337339 0.548268
0.121663 9.9964E-05 9.9964E-05 0.0224267 9.9964E-05 9.9964E-05 0.0214126 0.142087 0.692011
0.427306 0.0396365 9.9982E-05 9.9982E-05 0.127823 0.0726259 0.00923485 0.158306 0.164867
0.332404 0.0212744 0.00644265 0.142805 0.0934322 0.0655024 0.00638206 0.243823 0.0879346
0.192179 0.108154 0.0109863 0.0415757 0.0718377 0.0330841 0.0393402 0.039974 0.462869
0.168308 0.192016 0.0204373 0.0511647 0.215156 0.0572667 9.9982E-05 0.295451 9.9982E-05
0.439193 0.122755 9.9973E-05 9.9973E-05 0.073751 9.9973E-05 0.0524672 0.102236 0.209297
0.321961 0.0763709 9.9973E-05 9.9973E-05 0.132305 9.9973E-05 0.0221239 0.0595428 0.387397
0.41985 0.130103 0.041406 9.9964E-05 0.168485 9.9964E-05 9.9964E-05 9.9964E-05 0.239756
0.483871 0.0627712 9.9982E-05 0.00308361 0.180176 0.0455411 9.9982E-05 0.0359994 0.188358
0.144787 9.9973E-05 0.0463636 0.0509796 0.0258221 9.9973E-05 0.0706396 9.9973E-05 0.661108
0.137047 0.109025 9.9973E-05 0.0275515 9.9973E-05 9.9973E-05 0.0983046 0.0561393 0.571633
0.0902323 0.0882632 0.0268686 9.9991E-05 0.0995466 0.00727799 0.0423175 0.133351 0.512043
0.373375 0.100378 0.0142614 0.22109 0.114079 9.9982E-05 9.9982E-05 0.0693353 0.107281
0.0145703 0.206707 0.082552 0.0435449 0.0224129 0.040104 0.0880246 0.0285876 0.473497
0.0515327 9.9982E-05 0.00608774 0.149849 0.0308343 9.9982E-05 0.0359834 0.172421 0.553092
0.0581861 0.179877 0.0153878 0.390955 0.0806938 9.9982E-05 0.107684 0.167016 9.9982E-05
9.9973E-05 0.116019 9.9973E-05 0.0814489 9.9973E-05 0.0930532 0.0601897 0.0883809 0.560608
0.0336392 0.220452 9.9982E-05 0.202484 9.9982E-05 0.0395168 0.104837 0.102965 0.295905
0.0381403 0.0608627 0.00850811 0.155728 0.0474229 0.0473916 0.0504853 0.0620263 0.529435
0.0504151 0.165644 0.0251704 0.362385 0.0877463 0.0283037 0.0305332 9.9991E-05 0.249703
9.9973E-05 0.0715324 0.0204747 0.424997 0.121676 9.9973E-05 9.9973E-05 0.136541 0.224478
9.9973E-05 0.123389 9.9973E-05 0.144376 0.151525 9.9973E-05 0.016676 0.135681 0.428053
9.9991E-05 0.0467072 0.0472497 0.107768 0.0603256 0.1424 0.0215711 0.133244 0.440635
0.198637 0.0285827 0.00783776 0.124725 9.9991E-05 0.0462337 0.131614 0.0874642 0.374806
0.165733 0.265435 0.0180843 0.263711 0.0215369 0.116549 0.069021 0.0798304 9.9991E-05
0.0704514 0.0988137 0.00100601 0.0732463 0.0195386 0.0188321 0.130591 0.0921865 0.495334
0.17445 0.137606 9.9964E-05 0.276702 9.9964E-05 9.9964E-05 9.9964E-05 0.0101857 0.400657
0.165603 0.0954737 9.9973E-05 0.133543 0.0507425 9.9973E-05 9.9973E-05 0.132282 0.422056
9.9982E-05 0.113341 0.0207476 0.0928789 0.0411666 0.00302647 0.128134 9.9982E-05 0.600505
0.0744344 9.9982E-05 0.0550143 0.266223 0.0168111 0.287252 0.215977 9.9982E-05 0.0840883
9.9955E-05 9.9955E-05 0.00810509 0.349759 9.9955E-05 0.154003 0.487633 9.9955E-05 9.9955E-05
9.9964E-05 9.9964E-05 0.0355241 0.415007 9.9964E-05 0.0905797 0.385443 0.073047 9.9964E-05
0.0539277 9.9973E-05 0.0294796 0.241725 9.9973E-05 0.311257 0.340358 9.9973E-05 0.0229536
9.9964E-05 0.0300511 9.9964E-05 0.284973 0.0354924 9.9964E-05 9.9964E-05 0.0286114 0.620473
0.0628002 0.0898218 9.9973E-05 0.150484 9.9973E-05 9.9973E-05 0.061938 0.0788924 0.555764
0.11323 9.9946E-05 9.9946E-05 9.9946E-05 9.9946E-05 0.647271 9.9946E-05 9.9946E-05 0.238899
0.0834045 0.104625 0.00492144 9.9973E-05 0.0470562 0.490623 9.9973E-05 9.9973E-05 0.269069
0.00545195 0.0664398 0.0399372 0.00995624 0.0421162 0.418727 0.0115009 0.0633011 0.342569
0.0441872 0.0603617 0.0079539 0.41012 9.9973E-05 9.9973E-05 9.9973E-05 0.153219 0.323858
9.9964E-05 0.106015 9.9964E-05 0.141423 9.9964E-05 9.9964E-05 0.12938 0.12221 0.500572
0.0576319 9.9955E-05 9.9955E-05 0.513086 9.9955E-05 9.9955E-05 9.9955E-05 0.200481 0.228301
9.9964E-05 0.0633815 9.9964E-05 0.210201 0.0578919 9.9964E-05 9.9964E-05 0.0744197 0.593706
0.102047 0.0828983 9.9991E-05 0.213689 0.0377051 0.0161355 0.00968077 0.153866 0.383878
0.00557161 0.0742035 9.9982E-05 0.23899 0.0281609 0.0651922 9.9982E-05 0.0945385 0.493144
0.122191 0.106673 9.9964E-05 0.460232 9.9964E-05 9.9964E-05 9.9964E-05 0.106646 0.203859
9.9964E-05 9.9964E-05 9.9964E-05 0.217606 0.0201736 0.0517032 9.9964E-05 0.0834065 0.626711
9.9973E-05 0.065111 9.9973E-05 0.172504 0.0152447 9.9973E-05 0.0960186 0.0803849 0.570437
9.9937E-05 0.0329411 9.9937E-05 9.9937E-05 9.9937E-05 0.966359 9.9937E-05 9.9937E-05 9.9937E-05
9.9955E-05 0.0296783 9.9955E-05 9.9955E-05 9.9955E-05 0.876269 9.9955E-05 0.012346 0.0812068
9.9973E-05 0.0586847 0.022821 9.9973E-05 0.011987 0.61139 9.9973E-05 0.0382775 0.25654
9.9955E-05 9.9955E-05 9.9955E-05 9.9955E-05 0.00322932 0.684432 9.9955E-05 0.00193562 0.309904
9.9964E-05 0.0225177 9.9964E-05 0.00275636 0.0336619 0.756165 9.9964E-05 9.9964E-05 0.184499
9.9937E-05 9.9937E-05 0.0068413 9.9937E-05 9.9937E-05 0.992459 9.9937E-05 9.9937E-05 9.9937E-05
9.9937E-05 9.9937E-05 9.9937E-05 9.9937E-05 0.0323546 0.966946 9.9937E-05 9.9937E-05 9.9937E-05
9.9946E-05 9.9946E-05 9.9946E-05 9.9946E-05 9.9946E-05 0.829736 9.9946E-05 0.0338801 0.135784
9.9937E-05 9.9937E-05 9.9937E-05 9.9937E-05 0.0230782 0.976222 9.9937E-05 9.9937E-05 9.9937E-05
9.993E-05 9.993E-05 9.993E-05 9.993E-05 9.993E-05 0.999201 9.993E-05 9.993E-05 9.993E-05
9.9937E-05 9.9937E-05 0.0174418 9.9937E-05 9.9937E-05 0.981859 9.9937E-05 9.9937E-05 9.9937E-05
9.9955E-05 9.9955E-05 0.0868447 9.9955E-05 9.9955E-05 0.711955 9.9955E-05 0.0527764 0.147924
0.0123441 0.00712452 0.0203106 9.9973E-05 0.0639098 0.864588 9.9973E-05 9.9973E-05 0.0314234
9.9946E-05 0.0320792 0.0153209 9.9946E-05 9.9946E-05 0.952 9.9946E-05 9.9946E-05 9.9946E-05
0.153154 0.0291343 9.9973E-05 9.9973E-05 9.9973E-05 0.420681 0.109803 0.0050581 0.28187
9.9973E-05 0.0114546 9.9973E-05 0.00784609 0.0591736 0.632339 0.00105246 9.9973E-05 0.287835
9.9946E-05 9.9946E-05 0.084068 9.9946E-05 9.9946E-05 0.749019 9.9946E-05 9.9946E-05 0.166313
9.9955E-05 9.9955E-05 0.0410909 9.9955E-05 0.00759087 0.85624 9.9955E-05 9.9955E-05 0.0945785
9.9946E-05 9.9946E-05 0.0250653 9.9946E-05 9.9946E-05 0.932727 9.9946E-05 9.9946E-05 0.0416081
9.9964E-05 9.9964E-05 0.024919 9.9964E-05 0.0460741 0.873202 9.9964E-05 0.0185529 0.036852
9.9937E-05 9.9937E-05 0.0263104 9.9937E-05 9.9937E-05 0.97299 9.9937E-05 9.9937E-05 9.9937E-05
0.0417246 9.9973E-05 9.9973E-05 9.9973E-05 0.0108191 0.567803 0.0599 0.0344516 0.285002
0.0539962 0.0211731 0.0319233 9.9982E-05 0.0136483 0.857233 0.00349709 0.0183286 9.9982E-05
0.0151476 9.9964E-05 9.9964E-05 0.632309 9.9964E-05 0.0354404 0.278013 0.0386901 9.9964E-05
0.0386549 0.00646277 0.0329825 0.216198 0.0850425 0.0673044 0.112724 9.9991E-05 0.440531
9.9982E-05 0.0657398 9.9982E-05 0.211151 0.0545675 0.0766831 0.184833 0.0090476 0.397778
9.9973E-05 9.9973E-05 0.0775044 0.462246 0.0268105 0.0783269 0.115999 9.9973E-05 0.238813
0.0410371 0.0582106 0.0116877 0.186568 9.9982E-05 0.104201 0.109415 9.9982E-05 0.48868
0.0185896 0.0632264 0.0604395 0.374483 9.9991E-05 0.0715151 0.174839 0.0742983 0.162509
0.0804424 9.9973E-05 9.9973E-05 0.193264 0.0910781 0.0525912 0.150213 9.9973E-05 0.432111
9.9964E-05 9.9964E-05 9.9964E-05 0.3545 9.9964E-05 0.140858 0.113398 0.0354921 0.355351
0.0162405 9.9973E-05 0.0894267 0.266857 0.0512658 0.101031 9.9973E-05 9.9973E-05 0.474879
9.9973E-05 0.0047929 0.0467859 0.415856 9.9973E-05 0.299037 0.0297938 9.9973E-05 0.203435
0.0526838 0.0713884 9.9973E-05 0.189432 9.9973E-05 0.038567 0.21683 9.9973E-05 0.430799
9.9955E-05 9.9955E-05 9.9955E-05 9.9955E-05 0.0952822 9.9955E-05 0.822787 0.0260442 0.0553866
9.9955E-05 9.9955E-05 0.0766556 9.9955E-05 9.9955E-05 0.0385558 0.823095 0.0611941 9.9955E-05
9.9946E-05 9.9946E-05 0.0580846 9.9946E-05 9.9946E-05 9.9946E-05 0.90624 9.9946E-05 0.0350757
9.9964E-05 0.0101496 0.0236809 9.9964E-05 0.0413181 9.9964E-05 0.922927 9.9964E-05 0.00152506
0.0284853 9.9973E-05 0.130734 9.9973E-05 0.0354776 0.00629846 0.760067 9.9973E-05 0.0386382
9.9955E-05 9.9955E-05 0.0786864 9.9955E-05 9.9955E-05 0.0839554 0.809634 0.0272241 9.9955E-05
9.9973E-05 0.00148137 0.0487701 9.9973E-05 0.0168104 0.109927 0.806725 9.9973E-05 0.0159858
0.00850399 0.0213736 0.0174521 0.0687287 9.9982E-05 9.9982E-05 0.863315 0.00428988 0.0161368
0.00473408 0.0218029 0.0217738 9.9973E-05 9.9973E-05 0.0162092 0.873901 9.9973E-05 0.0612788
0.0211387 9.9973E-05 0.0117827 0.0601482 9.9973E-05 0.0904646 0.812778 0.00338832 9.9973E-05
0.282463 0.009591 0.055012 9.9973E-05 0.0464047 9.9973E-05 0.553257 0.0529726 9.9973E-05
0.199829 0.0270599 0.034059 9.9964E-05 0.172934 9.9964E-05 0.565718 9.9964E-05 9.9964E-05
0.32767 9.9973E-05 0.0507859 0.0529377 0.060283 9.9973E-05 0.485652 0.0223715 9.9973E-05
0.319661 9.9955E-05 9.9955E-05 9.9955E-05 0.106895 9.9955E-05 0.499006 0.0739392 9.9955E-05
0.198783 0.221725 0.0263787 0.00272523 9.9982E-05 0.00611531 0.0525347 9.9982E-05 0.491538
0.0328551 0.312343 9.9973E-05 9.9973E-05 0.0692585 0.102625 9.9973E-05 0.100854 0.381765
0.162241 0.214087 9.9964E-05 9.9964E-05 0.119242 0.0207935 9.9964E-05 9.9964E-05 0.483235
0.396375 0.151552 0.0443887 9.9973E-05 0.0630879 9.9973E-05 0.00597363 9.9973E-05 0.338323
0.529871 0.0795108 0.00976372 9.9973E-05 0.247768 9.9973E-05 9.9973E-05 0.0351936 0.0975936
0.0238846 0.296038 0.0366478 9.9982E-05 0.0200524 0.00835365 0.0223969 9.9982E-05 0.592427
0.0844679 0.360718 9.9973E-05 9.9973E-05 0.0152478 0.0129484 9.9973E-05 0.0161761 0.510142
0.0164675 0.323672 9.9973E-05 0.0137891 0.0449167 9.9973E-05 9.9973E-05 0.0525118 0.548343
9.9973E-05 0.527591 9.9973E-05 0.0442484 0.0277503 0.0432679 9.9973E-05 0.0461718 0.310671
0.0261889 0.214494 0.00634177 0.112037 0.0100582 9.9973E-05 9.9973E-05 9.9973E-05 0.630581
0.138418 0.384817 9.9964E-05 9.9964E-05 0.109088 9.9964E-05 9.9964E-05 0.0017333 0.365544
9.99461E-05 0.783079 9.99461E-05 9.99461E-05 0.0563583 9.99461E-05 9.99461E-05 0.159963 9.99461E-05
0.132477 0.0545806 9.9973E-05 9.9973E-05 0.0412025 9.9973E-05 0.0433498 0.13597 0.59212
9.9964E-05 0.540608 9.9964E-05 0.144727 9.9964E-05 9.9964E-05 0.0232716 0.0616884 0.229305
0.00056244 0.435633 0.047758 0.00619406 0.0648352 9.9973E-05 9.9973E-05 9.9973E-05 0.444717
0.191671 0.636576 9.9964E-05 9.9964E-05 0.0744715 9.9964E-05 0.0381746 9.9964E-05 0.0587069
9.9973E-05 0.000525111 9.9973E-05 0.10814 0.819692 0.0075333 0.0608542 9.9973E-05 0.00295519
9.9964E-05 9.9964E-05 9.9964E-05 0.0749151 0.807821 0.0239469 0.039094 9.9964E-05 0.0538229
9.9964E-05 9.9964E-05 0.0115708 0.0160136 0.925751 9.9964E-05 9.9964E-05 0.033281 0.0129837
9.9964E-05 0.00486176 9.9964E-05 0.0246173 0.884401 9.9964E-05 0.0596754 0.0260445 9.9964E-05
9.9973E-05 0.010941 0.0123211 0.0938499 0.817064 0.0387147 9.9973E-05 9.9973E-05 0.0268091
9.9955E-05 9.9955E-05 9.9955E-05 9.9955E-05 0.847953 0.0430834 9.9955E-05 0.0365439 0.0719196
9.9955E-05 9.9955E-05 0.0581735 9.9955E-05 9.9955E-05 0.0317331 0.806083 9.9955E-05 0.10351
0.0144681 9.9955E-05 9.9955E-05 9.9955E-05 0.019002 9.9955E-05 0.832171 9.9955E-05 0.133859
9.9964E-05 9.9964E-05 0.0653962 0.00466716 9.9964E-05 0.0888846 0.685755 9.9964E-05 0.154897
0.0904361 9.9973E-05 0.0408109 9.9973E-05 0.00570388 0.134752 0.708921 9.9973E-05 0.0190765
0.0150619 9.9973E-05 9.9973E-05 0.0258768 0.0039995 0.0747436 0.777091 9.9973E-05 0.102927
0.105406 9.9964E-05 0.0128331 0.0988849 0.429271 9.9964E-05 0.353205 9.9964E-05 9.9964E-05
9.9955E-05 9.9955E-05 9.9955E-05 0.127711 0.352029 9.9955E-05 0.458972 0.0607884 9.9955E-05
0.0580838 0.0275652 9.9964E-05 9.9964E-05 0.405465 9.9964E-05 0.414524 0.0939621 9.9964E-05
9.993E-05 9.993E-05 0.999201 9.993E-05 9.993E-05 9.993E-05 9.993E-05 9.993E-05 9.993E-05
9.9973E-05 0.0445599 0.0503469 0.0276751 0.465767 9.9973E-05 0.35724 0.0541114 9.9973E-05
0.0214124 9.9973E-05 9.9973E-05 0.13009 9.9973E-05 0.380904 0.183386 0.0575329 0.226374
9.9982E-05 9.9982E-05 0.0121512 0.0760745 0.118987 0.309428 0.00587146 0.0266206 0.450667
9.9955E-05 9.9955E-05 0.0179664 9.9955E-05 9.9955E-05 0.22859 0.190744 9.9955E-05 0.5622
9.9973E-05 0.0771449 9.9973E-05 0.0616497 0.0856691 0.191699 0.228506 9.9973E-05 0.355032
0.141625 0.0309796 0.0746667 9.9982E-05 9.9982E-05 0.0959242 0.133317 0.0166287 0.506659
9.9955E-05 9.9955E-05 9.9955E-05 0.289726 9.9955E-05 0.312765 0.389414 0.0075956 9.9955E-05
0.227785 0.0669785 9.9973E-05 0.0478416 0.197739 9.9973E-05 9.9973E-05 0.0557884 0.403568
0.113262 0.0279568 0.00184701 0.170277 0.116238 9.9982E-05 9.9982E-05 0.216754 0.353465
0.609602 9.9973E-05 0.0257603 9.9973E-05 0.0438367 9.9973E-05 0.083164 0.0473438 0.189993
0.0663667 0.0701185 0.000894039 0.00688186 0.0877355 9.9982E-05 9.9982E-05 0.327355 0.440448
0.0933743 0.170694 9.9964E-05 0.269729 0.0658035 9.9964E-05 9.9964E-05 0.399999 9.9964E-05
0.208376 0.0127853 0.0713568 9.9982E-05 0.0796827 9.9982E-05 0.123952 0.0627557 0.440891
0.219937 9.9982E-05 0.0166301 0.0239048 0.0989936 0.00712515 9.9982E-05 0.187357 0.445853
0.454412 0.073564 0.0266775 9.9973E-05 0.117547 9.9973E-05 0.0258966 9.9973E-05 0.301603
0.186878 9.9982E-05 9.9982E-05 0.0243556 0.0813433 0.115486 0.0685176 0.0707056 0.452513
0.461137 0.142259 9.9964E-05 0.244739 9.9964E-05 9.9964E-05 9.9964E-05 0.137517 0.0139476
0.0702105 0.0370569 9.9982E-05 0.0850937 0.124343 9.9982E-05 0.0065676 0.174104 0.502424
0.224847 9.9964E-05 0.0267438 9.9964E-05 0.159792 9.9964E-05 9.9964E-05 0.0985419 0.489676
0.0532755 0.140731 0.0108426 0.143157 0.0869608 0.205036 0.0531345 9.9991E-05 0.306762
0.319044 0.0112639 9.9973E-05 0.0570377 0.10807 9.9973E-05 9.9973E-05 0.166672 0.337612
0.260049 9.9982E-05 0.000800906 0.0336837 0.122167 9.9982E-05 0.0143779 0.179743 0.388978
0.206303 0.103837 0.0414184 0.0144425 9.9982E-05 0.0193064 9.9982E-05 0.153955 0.460537
0.0965026 0.183484 9.9973E-05 0.0475987 0.0614359 9.9973E-05 9.9973E-05 0.0799506 0.530729
0.123208 0.0188349 0.00858088 0.0560058 0.0459613 0.0220151 0.0426845 0.0490248 0.633685
0.0616558 0.110725 0.052702 9.9982E-05 0.151445 0.144843 9.9982E-05 0.00365776 0.474771
0.101214 0.13914 0.0147785 0.0575436 0.077354 0.0313798 0.0451903 9.9991E-05 0.5333
9.9955E-05 0.00692225 9.9955E-05 9.9955E-05 9.9955E-05 0.0981154 0.742888 9.9955E-05 0.151574
9.9964E-05 0.051048 0.00145057 9.9964E-05 9.9964E-05 9.9964E-05 0.841035 0.0101656 0.0959006
0.075289 9.9955E-05 9.9955E-05 0.0749566 9.9955E-05 9.9955E-05 0.744146 9.9955E-05 0.105108
9.9982E-05 0.0808432 0.00545467 9.9982E-05 0.0218392 0.0537893 0.774183 0.0298023 0.033888
9.9946E-05 9.9946E-05 0.0434286 9.9946E-05 9.9946E-05 9.9946E-05 0.799224 9.9946E-05 0.156747
0.707426 9.9973E-05 9.9973E-05 0.0619987 0.123096 0.0279227 0.0168127 9.9973E-05 0.0624441
0.195502 9.9982E-05 0.011127 0.0427349 0.107297 0.0902571 9.9982E-05 0.213817 0.339065
9.9955E-05 9.9955E-05 9.9955E-05 0.202924 9.9955E-05 0.170263 0.224044 9.9955E-05 0.402268
0.167777 9.9973E-05 0.0215995 9.9973E-05 0.0967328 0.0162271 9.9973E-05 0.122129 0.575235
0.168087 0.0573356 9.9973E-05 9.9973E-05 0.151325 9.9973E-05 0.0439818 0.0786615 0.50031
0.313833 9.9982E-05 0.0187686 0.0902091 0.159713 0.0745431 9.9982E-05 0.183312 0.15942
0.499029 0.038399 0.0461143 0.0842421 0.226452 9.9982E-05 0.0951434 0.0104201 9.9982E-05
0.201745 0.0476342 9.9982E-05 0.00490629 0.164852 9.9982E-05 0.00648247 0.0815923 0.492587
0.399858 0.0104381 0.0183478 9.9991E-05 0.292541 0.0772004 0.0175318 0.128288 0.0556952
0.0335243 0.134901 0.0117163 0.0355372 0.0886323 0.105521 0.0990451 0.215684 0.275439
0.492143 9.9973E-05 0.0330507 9.9973E-05 0.161309 9.9973E-05 0.103669 0.17667 0.0328589
0.0770866 9.9982E-05 0.0478028 9.9982E-05 0.137473 0.0155902 0.0506314 0.0606197 0.610596
0.605363 9.9973E-05 0.0126803 9.9973E-05 0.16677 9.9973E-05 0.0698295 0.0636636 0.0813941
0.352881 0.103066 0.0109876 0.109069 0.0879385 0.0853386 0.0109941 0.0410233 0.198701
0.12749 0.0701962 0.0158077 0.154715 0.0355924 0.004592 0.0451218 0.0604786 0.486007
0.0837657 9.9964E-05 9.9964E-05 0.382987 0.0607684 9.9964E-05 9.9964E-05 0.186875 0.285204
0.109714 0.0409501 9.9982E-05 0.206499 0.00364193 9.9982E-05 0.0457671 0.000757698 0.59247
0.0382729 0.0366182 0.0521775 0.236741 0.053136 0.060422 0.0376235 0.0202201 0.464788
0.0414099 0.0654284 9.9973E-05 0.38742 0.104351 9.9973E-05 9.9973E-05 0.059818 0.341273
0.0720734 0.106867 0.0230293 0.120534 0.0176365 0.0755883 0.141709 0.0837292 0.358833
9.9973E-05 0.00797542 0.00870481 0.256553 0.116116 9.9973E-05 9.9973E-05 0.0911796 0.519171
9.9964E-05 0.151763 9.9964E-05 0.521814 0.110513 9.9964E-05 9.9964E-05 0.128629 0.0868811
9.9964E-05 0.0662668 9.9964E-05 0.576034 0.0187592 9.9964E-05 9.9964E-05 0.0865505 0.25199
0.0181394 9.9973E-05 0.00258245 0.287215 0.0999678 9.9973E-05 9.9973E-05 0.039228 0.552568
0.0813747 0.177594 9.9973E-05 0.476526 0.0773778 9.9973E-05 9.9973E-05 0.0384392 0.148388
0.173026 0.0766915 9.9955E-05 0.285955 9.9955E-05 9.9955E-05 9.9955E-05 9.9955E-05 0.463828
0.415772 0.127095 0.0373183 0.0209438 0.272368 0.0214213 9.9991E-05 0.0406435 0.0643382
0.233472 0.0347601 9.9964E-05 9.9964E-05 0.180761 9.9964E-05 9.9964E-05 0.350847 0.199759
0.349146 0.0207624 0.0108993 9.9991E-05 0.155003 0.0580532 0.0245889 0.0624251 0.319022
0.0972509 0.0817121 0.0409947 0.032973 0.0806939 0.047084 0.0223306 0.0607485 0.536212
0.527981 0.13957 9.9964E-05 9.9964E-05 0.163617 0.0103742 9.9964E-05 9.9964E-05 0.158058
9.9982E-05 0.155363 0.0173507 9.9982E-05 0.057597 0.0925333 0.039842 0.151222 0.485893
0.214965 9.9973E-05 9.9973E-05 0.0728184 0.102848 0.081028 0.0422453 9.9973E-05 0.485796
0.17713 0.0299851 0.0600655 9.9991E-05 0.204512 0.0597388 0.0333556 0.00134086 0.433772
0.203163 0.115422 0.00438579 9.9982E-05 0.101582 0.176882 9.9982E-05 0.0536668 0.3447
0.227824 0.183501 9.9973E-05 9.9973E-05 0.148624 0.0802822 0.0163717 9.9973E-05 0.343096
0.485083 0.0497179 9.9973E-05 9.9973E-05 0.166319 0.0596395 9.9973E-05 0.0558638 0.183077
0.24154 9.9973E-05 9.9973E-05 9.9973E-05 0.171738 0.0639742 0.0198206 0.164816 0.337811
0.245877 0.134219 0.0057889 9.9991E-05 0.0439443 0.00329952 0.0194817 0.0178734 0.529416
0.171726 0.0528649 9.9991E-05 0.0277479 0.0505639 0.0408276 0.0505502 0.123029 0.482591
0.104589 0.0319291 0.0288107 0.117856 0.239672 0.00914722 0.013818 0.0766755 0.377502
0.0571679 0.0493487 9.9982E-05 0.0300942 0.15061 0.087067 9.9982E-05 0.152279 0.473234
0.19702 0.0358017 0.0241031 0.0374826 0.275926 9.9991E-05 0.0704419 0.0136758 0.345448
0.0710529 0.0426225 0.00819207 0.0285049 0.161949 0.0416131 9.9982E-05 9.9982E-05 0.645865
0.214018 0.0663862 9.9982E-05 9.9982E-05 0.126703 0.0446634 0.0362108 0.0294209 0.482398
0.0316168 9.9982E-05 0.0259948 9.9982E-05 0.147409 0.0567726 0.0393903 0.181331 0.517286
0.0450162 9.9973E-05 0.0110082 0.0910676 9.9973E-05 0.0920306 0.32389 9.9973E-05 0.436688
0.0631447 0.0988956 0.048783 0.00267298 9.9982E-05 0.158807 0.16013 9.9982E-05 0.467366
0.0170644 0.0535468 0.0475495 0.117839 9.9991E-05 0.0770188 0.163416 0.0578905 0.465575
0.158242 0.0507941 0.0706278 0.0364017 9.9982E-05 0.0674673 9.9982E-05 0.0263676 0.5899
0.142726 0.058764 0.0527704 0.0127448 9.9991E-05 0.174983 0.152198 0.00864333 0.39707
0.264445 9.9982E-05 0.00369615 0.101618 0.027883 0.0310733 9.9982E-05 0.213296 0.357789
0.125644 9.9964E-05 9.9964E-05 0.0747604 9.9964E-05 0.125073 0.151874 9.9964E-05 0.522248
0.146197 0.100917 9.9964E-05 0.409275 9.9964E-05 0.166068 0.177142 9.9964E-05 9.9964E-05
0.164945 0.0886287 0.00886783 0.00894601 0.00455382 0.183738 0.0639977 9.9991E-05 0.476223
0.0346037 0.0235561 0.0192751 9.9991E-05 0.0230911 0.128659 0.157066 0.0753974 0.538252
0.074893 0.0866467 9.9973E-05 0.0278933 9.9973E-05 0.319417 9.9973E-05 0.120557 0.370293
0.191417 0.0955494 0.0431672 0.138136 0.0471272 0.113652 0.149019 9.9991E-05 0.221832
9.9973E-05 0.0709871 9.9973E-05 0.101123 9.9973E-05 0.184038 0.155602 0.0306653 0.457284
0.064575 9.9982E-05 0.0676485 0.0574412 9.9982E-05 0.134077 0.0771537 0.0727415 0.526163
9.9955E-05 9.9955E-05 0.0425514 0.368971 9.9955E-05 0.186341 0.401637 9.9955E-05 9.9955E-05
9.9973E-05 0.118768 0.167412 0.0596185 9.9973E-05 0.111581 0.010449 9.9973E-05 0.531872
9.9973E-05 9.9973E-05 0.0353528 9.9973E-05 0.0935042 0.183776 0.121802 0.0902342 0.475031
0.206632 9.9982E-05 0.0292177 0.0563155 9.9982E-05 0.110291 0.0308466 0.0706366 0.495861
9.9964E-05 9.9964E-05 0.0353395 0.112406 9.9964E-05 0.142327 0.156822 9.9964E-05 0.552706
0.134068 9.9991E-05 0.0162195 0.0292358 0.029968 0.114151 0.110802 0.098534 0.466922
9.9982E-05 0.0747141 0.00443855 9.9982E-05 0.0394035 0.0791946 0.0278783 0.433366 0.340805
0.0976407 9.9982E-05 9.9982E-05 0.0616681 0.030003 0.00470423 0.0694335 0.18838 0.54797
0.120754 0.079287 9.9946E-05 9.9946E-05 9.9946E-05 9.9946E-05 9.9946E-05 0.799359 9.9946E-05
9.99459E-05 9.99459E-05 9.99459E-05 0.0386041 0.0412628 9.99459E-05 9.99459E-05 0.919533 9.99459E-05
0.0685242 0.0394904 0.0222271 9.9991E-05 0.0178946 0.0277519 0.0716499 0.253133 0.499229
0.0376128 9.9973E-05 9.9973E-05 0.0705335 9.9973E-05 0.321518 0.121509 0.0809876 0.367539
9.9964E-05 9.9964E-05 0.0106437 9.9964E-05 9.9964E-05 0.344937 0.0851537 0.289862 0.269003
9.9982E-05 0.0150325 0.0039871 0.167701 9.9982E-05 0.301023 0.167272 0.230704 0.11408
0.0254742 9.9973E-05 0.0232784 9.9973E-05 9.9973E-05 0.231128 0.214996 0.195321 0.309502
9.9973E-05 9.9973E-05 0.0105618 0.109189 9.9973E-05 0.0413532 0.0579689 0.71662 0.0640071
9.9973E-05 9.9973E-05 0.0619081 0.0361447 9.9973E-05 0.0564724 0.0835895 0.696361 0.065224
0.0757984 0.0385988 0.0186849 9.9982E-05 9.9982E-05 0.0662268 0.0240992 0.308431 0.467961
9.9955E-05 9.9955E-05 9.9955E-05 9.9955E-05 9.9955E-05 0.0543563 0.0603234 0.484227 0.400593
9.9964E-05 9.9964E-05 0.056428 9.9964E-05 9.9964E-05 0.0577619 0.0398712 0.690927 0.154612
9.9982E-05 0.022035 0.0129218 9.9982E-05 0.0476912 0.147342 0.0467267 0.323876 0.399208
9.9955E-05 0.0539475 9.9955E-05 9.9955E-05 9.9955E-05 0.121106 9.9955E-05 0.298261 0.526186
0.068009 0.034699 9.9991E-05 0.00622472 0.0600368 0.156689 0.0838634 0.229752 0.360626
0.0383444 0.069931 0.0160648 9.9973E-05 0.0232273 9.9973E-05 9.9973E-05 0.572647 0.279485
0.114272 0.104132 0.0147306 0.0111711 9.9973E-05 9.9973E-05 9.9973E-05 0.484124 0.271271
0.0840619 0.0758001 0.074355 9.9964E-05 9.9964E-05 9.9964E-05 9.9964E-05 0.262506 0.502877
0.0437962 0.0104641 0.0332041 0.0449759 0.0426146 0.00491738 9.9991E-05 0.384915 0.435013
0.179287 9.9973E-05 9.9973E-05 0.110622 9.9973E-05 0.0528053 0.0256229 0.228334 0.403029
0.00349454 9.9964E-05 9.9964E-05 0.104004 9.9964E-05 9.9964E-05 0.00901511 0.440344 0.442743
9.9955E-05 9.9955E-05 9.9955E-05 0.0127574 0.0565006 9.9955E-05 9.9955E-05 0.752077 0.178165
9.9964E-05 0.0980537 0.00865522 9.9964E-05 9.9964E-05 9.9964E-05 0.0493761 0.356946 0.486569
0.0315371 0.0589298 9.9955E-05 9.9955E-05 9.9955E-05 9.9955E-05 9.9955E-05 0.739078 0.169955
0.000382452 9.9964E-05 0.0253184 9.9964E-05 9.9964E-05 9.9964E-05 0.00547168 0.63425 0.334178
9.9973E-05 0.0611266 0.026006 9.9973E-05 9.9973E-05 0.0571882 0.0204532 0.283893 0.551033
0.0353034 0.0546407 0.0309075 0.0293328 0.0210756 0.0785798 0.0639735 0.341313 0.344874
0.0746307 0.00531715 0.0173311 0.0201291 9.9991E-05 0.225156 0.134756 0.126274 0.396306
9.9982E-05 0.0960661 0.0340337 9.9982E-05 0.101534 0.132121 0.137015 0.20199 0.29704
0.0169415 0.113242 0.0463792 0.145402 0.0467684 0.257569 0.0829139 0.0362104 0.254574
0.0336028 9.9991E-05 0.0708221 0.0770482 0.119172 0.199717 0.117109 0.129872 0.252557
0.0975695 0.155025 0.0254537 0.00337385 0.0890888 0.24386 0.105062 9.9991E-05 0.280467
9.9991E-05 0.0891794 0.0766403 0.0221432 0.0870559 0.14946 0.0951479 0.153386 0.326887
9.9973E-05 9.9973E-05 0.0230444 0.0640319 0.00844006 0.116826 0.176552 0.610806 9.9973E-05
9.9982E-05 9.9982E-05 0.00848881 0.00859165 0.0388545 0.211455 0.056808 0.127706 0.547896
9.9955E-05 9.9955E-05 9.9955E-05 0.149908 9.9955E-05 0.108863 0.353267 0.387462 9.9955E-05
9.9964E-05 9.9964E-05 9.9964E-05 0.00895193 9.9964E-05 0.209773 0.078902 0.289844 0.41213
9.9955E-05 0.131674 0.00463432 9.9955E-05 9.9955E-05 9.9955E-05 9.9955E-05 0.786608 0.0765833
0.055292 0.0671365 0.00525394 0.00545969 9.9964E-05 9.9964E-05 9.9964E-05 0.866458 9.9964E-05
0.0216915 0.0298275 0.0284685 9.9964E-05 9.9964E-05 9.9964E-05 9.9964E-05 0.49093 0.428683
9.9946E-05 9.9946E-05 0.0238187 9.9946E-05 9.9946E-05 9.9946E-05 9.9946E-05 0.355014 0.620567
0.0734801 9.9946E-05 9.9946E-05 9.9946E-05 9.9946E-05 9.9946E-05 9.9946E-05 0.584485 0.341435
9.9955E-05 0.0819767 0.00957486 9.9955E-05 9.9955E-05 9.9955E-05 9.9955E-05 0.470429 0.437519
0.0345381 0.0275033 9.9955E-05 9.9955E-05 9.9955E-05 9.9955E-05 9.9955E-05 0.493469 0.443989
9.9964E-05 9.9964E-05 0.0550217 9.9964E-05 0.00950216 9.9964E-05 0.77197 0.0914582 0.0716479
0.0334017 0.00102772 0.0654376 9.9982E-05 0.0765157 0.129864 0.680753 0.0128003 9.9982E-05
0.0596604 9.9964E-05 0.0456808 9.9964E-05 9.9964E-05 0.0306091 0.861539 9.9964E-05 0.00211036
9.9946E-05 9.9946E-05 0.151322 9.9946E-05 9.9946E-05 9.9946E-05 0.792808 9.9946E-05 0.0552702
0.0755849 0.276555 0.0421191 9.9982E-05 0.0530572 0.0400287 0.0614547 9.9982E-05 0.451
0.114837 0.342235 0.00628269 9.9973E-05 9.9973E-05 9.9973E-05 0.111646 0.0127983 0.411901
0.109176 0.38583 0.0598626 9.9955E-05 9.9955E-05 9.9955E-05 9.9955E-05 9.9955E-05 0.444632
0.00425259 0.291508 9.9964E-05 9.9964E-05 9.9964E-05 0.0112612 0.134209 9.9964E-05 0.55837
9.9982E-05 0.238482 9.9982E-05 0.0736949 0.0994151 0.13685 0.0132776 0.0155452 0.422535
0.23319 0.490186 9.9982E-05 0.0754504 0.0138257 9.9982E-05 0.00939344 0.00617114 0.171583
0.105609 0.300675 0.00666343 9.9964E-05 9.9964E-05 0.0599288 9.9964E-05 9.9964E-05 0.526724
9.9964E-05 0.500925 0.00922256 0.0512575 9.9964E-05 9.9964E-05 9.9964E-05 0.140073 0.298122
0.0538264 9.9973E-05 0.0326564 9.9973E-05 9.9973E-05 0.0870465 0.238634 0.0764802 0.511057
9.9973E-05 0.345278 9.9973E-05 0.0359828 0.0619649 0.102174 9.9973E-05 0.143084 0.311216
0.10055 0.556935 0.0459693 9.9973E-05 0.0585065 0.0122489 9.9973E-05 9.9973E-05 0.225491
0.0163045 0.333684 9.9973E-05 9.9973E-05 0.055641 9.9973E-05 0.0292572 0.0629905 0.501823
0.135237 0.452525 0.026817 9.9973E-05 0.0121498 9.9973E-05 9.9973E-05 0.0146806 0.358291
9.9955E-05 0.320609 9.9955E-05 9.9955E-05 9.9955E-05 0.0223022 9.9955E-05 0.0357774 0.620812
0.0895795 0.236137 0.0633519 9.9964E-05 9.9964E-05 9.9964E-05 0.058128 9.9964E-05 0.552404
9.9955E-05 0.828937 9.9955E-05 0.0203917 9.9955E-05 9.9955E-05 9.9955E-05 0.0850751 0.065096
0.105508 0.5916 0.014085 0.0336121 9.9982E-05 0.032312 9.9982E-05 0.0253393 0.197344
9.9982E-05 0.565288 9.9982E-05 0.0115929 0.0398676 0.00689434 0.0101734 0.0429805 0.323003
9.9937E-05 0.845149 9.9937E-05 0.154152 9.9937E-05 9.9937E-05 9.9937E-05 9.9937E-05 9.9937E-05
0.127128 0.357908 0.0156528 0.00565302 0.092408 0.00893897 9.9982E-05 9.9982E-05 0.392111
9.9964E-05 0.622357 9.9964E-05 0.246438 0.00687637 9.9964E-05 9.9964E-05 0.0511774 0.0727517
9.9946E-05 0.695864 9.9946E-05 0.226706 9.9946E-05 9.9946E-05 9.9946E-05 0.07683 9.9946E-05
9.9973E-05 0.275832 0.0217415 9.9973E-05 0.0309404 9.9973E-05 0.0106116 0.0577291 0.602846
0.223199 0.579087 0.00105195 9.9973E-05 9.9973E-05 0.00820356 0.0523454 9.9973E-05 0.135813
0.112193 0.395747 9.9973E-05 0.0336998 0.0427355 0.0657668 9.9973E-05 9.9973E-05 0.349558
0.111637 0.0907188 0.0333584 9.9982E-05 9.9982E-05 0.0488608 0.0875645 0.0375903 0.59007
0.0756583 0.340602 9.9964E-05 9.9964E-05 0.0368368 9.9964E-05 0.0271785 9.9964E-05 0.519325
0.244998 9.9973E-05 9.9973E-05 0.135734 0.120891 0.0483647 9.9973E-05 0.20832 0.241392
0.0451451 0.430252 9.9973E-05 9.9973E-05 0.0573239 0.0221108 9.9973E-05 0.0181163 0.426752
0.234004 0.323105 0.041667 9.9964E-05 9.9964E-05 0.0440047 9.9964E-05 9.9964E-05 0.35682
9.9955E-05 0.655142 0.0160352 9.9955E-05 0.0402738 9.9955E-05 9.9955E-05 9.9955E-05 0.288049
9.9991E-05 0.199248 0.0612439 0.0183598 0.0526001 0.0307356 0.0200513 0.115334 0.502327
0.105233 9.9964E-05 0.076598 0.0856841 0.18049 9.9964E-05 0.551595 9.9964E-05 9.9964E-05
0.0854506 0.0962387 0.0744136 9.9973E-05 0.0551125 0.00567515 0.682809 9.9973E-05 9.9973E-05
0.039624 9.9964E-05 0.1246 0.0340252 0.099069 9.9964E-05 0.702282 9.9964E-05 9.9964E-05
9.9964E-05 0.030026 0.127549 9.9964E-05 0.128542 9.9964E-05 0.713131 0.000352183 9.9964E-05
9.9964E-05 9.9964E-05 0.0632465 0.0680927 0.186133 9.9964E-05 0.62636 9.9964E-05 0.0557677
0.259571 0.642252 9.9964E-05 9.9964E-05 9.9964E-05 0.0504613 0.0450835 9.9964E-05 0.00223199
0.144766 0.597772 0.0168884 0.015395 0.0562925 9.9991E-05 0.0567316 0.0428476 0.069207
