9.9964E-05 0.0550373 0.0212875 0.0216589 0.0272681 9.9964E-05 9.9964E-05 0.874348 9.9964E-05
0.0498148 0.0172897 9.9964E-05 9.9964E-05 9.9964E-05 9.9964E-05 0.00467346 0.924753 0.00306932
9.9964E-05 0.00250007 9.9964E-05 0.122066 0.033761 9.9964E-05 9.9964E-05 0.764104 0.0771697
9.9964E-05 0.0176862 9.9964E-05 0.0230558 0.0982127 9.9964E-05 9.9964E-05 0.760312 0.100333
0.0236299 0.0634239 9.9964E-05 0.0257068 0.0780373 9.9964E-05 9.9964E-05 0.808802 9.9964E-05
9.9982E-05 0.118175 0.0585902 0.071178 0.0733923 0.0120898 0.131495 0.53488 9.9982E-05
9.9955E-05 0.0291132 0.090175 9.9955E-05 9.9955E-05 9.9955E-05 0.101258 0.778954 9.9955E-05
9.9964E-05 0.118377 0.0646012 9.9964E-05 0.0306162 9.9964E-05 0.0794146 0.706591 9.9964E-05
9.99639E-05 0.0400392 9.99639E-05 9.99639E-05 9.99639E-05 0.0538872 0.0372361 0.802009 0.0664292
9.9964E-05 0.0985651 9.9964E-05 0.110649 0.0794081 9.9964E-05 0.0599698 0.651008 9.9964E-05
9.9964E-05 0.0790547 0.0725204 9.9964E-05 9.9964E-05 9.9964E-05 0.0784747 0.728439 0.0411111
9.9955E-05 9.9955E-05 0.83628 0.0425047 0.0825783 0.0381376 9.9955E-05 9.9955E-05 9.9955E-05
0.0287224 0.0193066 0.362757 0.493734 0.0234539 0.0232199 0.00574388 9.9991E-05 0.0429623
0.0062622 0.0305435 0.84404 0.0347734 0.0749413 9.9973E-05 9.9973E-05 0.00913966 9.9973E-05
9.9955E-05 9.9955E-05 0.779915 0.0602183 0.149945 9.9955E-05 9.9955E-05 0.00942146 9.9955E-05
9.9964E-05 9.9964E-05 0.497956 0.31241 0.0765185 9.9964E-05 0.000112916 0.112603 9.9964E-05
9.9973E-05 0.0335923 0.332858 0.474336 0.129374 9.9973E-05 0.0106781 0.018862 9.9973E-05
9.9955E-05 9.9955E-05 0.502275 0.40651 0.0642638 9.9955E-05 0.0264512 9.9955E-05 9.9955E-05
9.9973E-05 9.9973E-05 0.584168 0.181488 0.0654831 0.0404158 9.9973E-05 0.125861 0.00228406
9.9964E-05 0.0195625 0.870866 9.9964E-05 9.9964E-05 9.9964E-05 0.00252912 0.051191 0.0554511
9.9973E-05 0.089357 0.421071 0.273972 0.103295 0.0964279 9.9973E-05 0.0155767 9.9973E-05
0.140342 0.0256753 0.376168 0.255269 0.0353111 9.9982E-05 0.103473 0.0635615 9.9982E-05
0.0673481 9.9973E-05 0.401378 0.412561 0.048582 9.9973E-05 0.00214621 0.0676847 9.9973E-05
9.9955E-05 9.9955E-05 0.779691 0.121739 0.0961611 0.00190904 9.9955E-05 9.9955E-05 9.9955E-05
0.041395 0.0538395 0.258372 0.383802 0.197765 0.0037351 9.9982E-05 0.0608924 9.9982E-05
9.9955E-05 9.9955E-05 0.437287 0.438884 0.0978094 9.9955E-05 0.0255197 9.9955E-05 9.9955E-05
9.9946E-05 9.9946E-05 0.915581 9.9946E-05 0.0505247 9.9946E-05 9.9946E-05 0.0332951 9.9946E-05
9.9946E-05 9.9946E-05 0.773773 0.0226196 0.203007 9.9946E-05 9.9946E-05 9.9946E-05 9.9946E-05
0.0745354 0.000892268 0.801969 0.0673486 0.0189671 9.9982E-05 0.0215614 0.0145265 9.9982E-05
9.9946E-05 9.9946E-05 9.9946E-05 0.111374 0.0795536 9.9946E-05 9.9946E-05 0.808473 9.9946E-05
9.9946E-05 9.9946E-05 0.0221745 0.167614 9.9946E-05 9.9946E-05 9.9946E-05 0.809612 9.9946E-05
9.9964E-05 9.9964E-05 9.9964E-05 0.136172 0.0582833 0.0214933 9.9964E-05 0.745859 0.0377927
9.9955E-05 9.9955E-05 9.9955E-05 0.174257 0.0729178 0.0326858 9.9955E-05 0.71964 9.9955E-05
0.0334017 0.0297824 0.187786 0.483332 9.9991E-05 0.197755 0.0276372 0.034728 0.00547749
9.9982E-05 0.0316285 0.00987335 0.486714 0.042821 0.277177 9.9982E-05 0.135121 0.0164651
0.0402144 0.0484711 9.9964E-05 0.523084 0.0141239 0.373707 9.9964E-05 9.9964E-05 9.9964E-05
9.9973E-05 0.0228976 0.516405 0.0739065 9.9973E-05 0.0714255 9.9973E-05 0.119869 0.195196
9.9973E-05 9.9973E-05 0.0115631 0.378478 9.9973E-05 0.470599 0.0894291 0.0465397 0.0030915
9.9964E-05 9.9964E-05 0.159153 0.460374 9.9964E-05 0.195844 9.9964E-05 0.14256 0.0416684
9.9964E-05 0.0228659 9.9964E-05 0.668274 9.9964E-05 0.194209 0.0718484 0.042403 9.9964E-05
9.9973E-05 0.00692031 9.9973E-05 0.601026 0.0269806 0.141964 0.15823 0.0645799 9.9973E-05
9.9982E-05 0.00103138 0.120446 0.62002 9.9982E-05 0.0274544 0.0770618 0.118897 0.0348901
9.9973E-05 9.9973E-05 0.142618 0.0547129 9.9973E-05 0.653505 0.0979229 0.0157953 0.0351454
9.9973E-05 0.0172268 0.0477397 0.593837 0.0223569 9.9973E-05 0.279293 9.9973E-05 0.0392472
0.0482566 0.000624808 9.9982E-05 0.483829 0.100397 0.244128 9.9982E-05 0.0810036 0.0415613
9.9982E-05 0.0568167 0.16141 0.547031 0.0486576 0.0344323 0.0989205 0.0525321 9.9982E-05
0.00462722 9.9946E-05 9.9946E-05 0.366755 9.9946E-05 0.628018 9.9946E-05 9.9946E-05 9.9946E-05
0.0305064 0.101173 9.9973E-05 0.547934 0.0228465 0.271435 0.0258048 9.9973E-05 9.9973E-05
9.9982E-05 0.105907 0.00239302 0.583717 0.0469342 0.113349 0.0560955 0.0914038 9.9982E-05
9.9955E-05 9.9955E-05 9.9955E-05 9.9955E-05 9.9955E-05 0.693167 0.20546 0.0509197 0.0499534
0.124678 0.0784234 0.40499 0.107832 9.9982E-05 0.109946 0.0602683 9.9982E-05 0.113663
0.118483 0.0423563 0.356861 0.0224745 0.00692626 0.140918 0.31178 9.9982E-05 9.9982E-05
9.9973E-05 9.9973E-05 0.0796807 0.513786 0.0718703 0.111697 0.161617 9.9973E-05 0.0610489
0.0964742 9.9982E-05 0.135875 0.556646 0.0490572 9.9982E-05 0.115925 0.0359332 0.00988947
0.0356629 0.0523526 0.0392838 0.666601 9.9982E-05 0.0679312 0.0909038 0.0470644 9.9982E-05
0.0972465 0.0698875 0.0795386 0.116252 9.9991E-05 0.342867 0.0601252 0.0671276 0.166855
0.0986409 0.0275762 0.131468 0.535466 9.9991E-05 0.0385257 0.0924287 0.0146236 0.0611713
9.9973E-05 9.9973E-05 0.158585 0.524902 0.0890797 9.9973E-05 0.158906 0.0084475 0.0597796
0.0678394 0.00497396 0.271043 0.309648 9.9991E-05 0.10813 0.0799551 0.12113 0.0371806
0.0274822 0.142853 0.409079 9.9982E-05 0.0499871 0.138605 0.0566419 0.175151 9.9982E-05
0.0218899 9.9991E-05 0.0359495 0.496914 0.0242314 0.20939 0.140029 0.020144 0.0513516
0.0924917 0.0026516 0.427238 0.293589 0.0631441 0.00944084 9.9991E-05 0.0719943 0.0393509
0.025049 0.0900522 0.612552 9.9982E-05 9.9982E-05 0.133928 0.0763357 0.0258277 0.0360553
0.0760564 0.0187024 0.436595 0.427808 0.0242013 9.9973E-05 9.9973E-05 9.9973E-05 0.0163366
0.111928 9.9973E-05 9.9973E-05 0.658915 9.9973E-05 0.0575854 0.0584654 0.0236854 0.0891206
0.191571 9.9973E-05 0.157904 0.433602 0.143116 9.9973E-05 9.9973E-05 0.0120057 0.0615009
0.0634483 0.0299989 0.480602 0.173436 0.0520124 0.119283 0.077734 0.00338511 9.9991E-05
0.0210781 0.0355429 0.310007 0.395847 0.10432 0.0179788 0.115026 9.9982E-05 9.9982E-05
0.0799058 0.066287 0.0711064 0.497305 9.9991E-05 0.106082 0.0492748 0.0790613 0.0508773
0.0268407 0.00594849 0.554088 0.149151 9.9991E-05 0.0891599 0.089471 0.0544666 0.0307749
9.9964E-05 9.9964E-05 0.0363208 0.543225 9.9964E-05 0.378043 0.0125062 9.9964E-05 0.0295052
9.9964E-05 0.00554445 0.168235 0.16604 9.9964E-05 0.649002 9.9964E-05 9.9964E-05 0.0107792
9.9973E-05 9.9973E-05 9.9973E-05 0.442607 0.0203272 0.174801 0.0886104 0.109122 0.164232
9.9946E-05 0.0480907 9.9946E-05 9.9946E-05 9.9946E-05 0.854092 0.0972178 9.9946E-05 9.9946E-05
0.0654171 9.9955E-05 0.0784358 9.9955E-05 9.9955E-05 0.780242 0.0754051 9.9955E-05 9.9955E-05
9.9946E-05 0.00724943 9.9946E-05 0.263879 9.9946E-05 0.728272 9.9946E-05 9.9946E-05 9.9946E-05
9.9964E-05 9.9964E-05 0.0229351 0.480165 9.9964E-05 0.491991 0.000933242 0.00357602 9.9964E-05
0.0516098 0.0706119 0.0220508 0.456352 9.9973E-05 0.194484 9.9973E-05 0.204592 9.9973E-05
9.9982E-05 0.0186985 0.0724456 0.336087 0.10951 0.452178 9.9982E-05 0.00682299 0.00405794
9.9982E-05 0.0350393 0.182195 0.132944 0.00527936 0.543702 9.9982E-05 0.0517223 0.0489182
9.9973E-05 0.162647 0.0545093 0.217142 9.9973E-05 0.510405 9.9973E-05 0.0110774 0.0439201
0.0453175 9.9982E-05 0.00588103 0.492078 0.0224808 0.292778 9.9982E-05 0.0804482 0.0608163
9.9964E-05 9.9964E-05 0.194552 0.2175 0.0536082 0.533341 9.9964E-05 0.000598986 9.9964E-05
9.9964E-05 9.9964E-05 0.0700947 0.361113 0.0242867 0.478268 9.9964E-05 0.0658374 9.9964E-05
0.0682328 9.9964E-05 9.9964E-05 0.401573 9.9964E-05 0.456109 0.0493277 9.9964E-05 0.0243581
0.159095 0.00790145 9.9964E-05 9.9964E-05 9.9964E-05 0.586128 0.226353 9.9964E-05 0.0201229
9.9982E-05 0.0401024 0.0154496 0.550448 0.0474594 0.285641 0.0208688 9.9982E-05 0.0398305
9.9964E-05 0.0044088 0.0870013 0.129253 0.0282965 9.9964E-05 9.9964E-05 0.750641 9.9964E-05
9.99371E-05 9.99371E-05 9.99371E-05 0.0944844 9.99371E-05 9.99371E-05 9.99371E-05 0.904816 9.99371E-05
9.9946E-05 9.9946E-05 9.9946E-05 0.0852252 0.0553369 9.9946E-05 9.9946E-05 0.858838 9.9946E-05
9.9964E-05 9.9964E-05 9.9964E-05 0.0225529 0.028482 0.00269896 0.0336343 0.912232 9.9964E-05
0.00242894 9.9973E-05 0.0473494 0.0730585 0.00398246 0.00762716 9.9973E-05 0.865254 9.9973E-05
0.0240224 0.049247 9.9964E-05 0.0313603 0.0233154 9.9964E-05 9.9964E-05 0.871655 9.9964E-05
0.0143428 9.9982E-05 0.00396273 0.0183217 0.0395906 0.0219753 0.000106103 0.901501 9.9982E-05
0.017575 0.0342759 9.9991E-05 0.383153 0.16839 0.289662 0.0126395 0.0536814 0.040523
0.0314916 0.0578461 0.0384068 0.46803 0.0554149 0.198105 0.00885116 0.124199 0.017655
0.0829251 9.9955E-05 0.124192 9.9955E-05 9.9955E-05 0.733146 9.9955E-05 9.9955E-05 0.0592369
9.9982E-05 0.140027 0.0688097 0.588518 0.00142057 0.127559 0.00523759 0.0682289 9.9982E-05
9.9964E-05 9.9964E-05 0.0937131 0.4569 9.9964E-05 0.391577 9.9964E-05 0.0282808 0.0291287
0.0186871 9.9973E-05 9.9973E-05 0.662674 9.9973E-05 0.212052 0.0473895 0.0274663 0.031431
0.158509 0.0149443 0.0290157 0.44047 0.0429104 0.313851 9.9973E-05 9.9973E-05 9.9973E-05
9.9955E-05 9.9955E-05 9.9955E-05 0.450656 0.0101611 0.513321 9.9955E-05 0.0253621 9.9955E-05
9.9964E-05 0.0819867 0.167215 9.9964E-05 9.9964E-05 0.684078 9.9964E-05 0.050149 0.0161709
0.0333626 9.9982E-05 9.9982E-05 0.589273 0.0011582 0.0824791 0.116557 0.122257 0.0547125
0.0498466 0.00442488 0.0498298 0.541224 0.0772488 0.194762 9.9991E-05 0.0641978 0.0183658
0.009038 0.0674943 0.0778095 0.502373 0.0406474 0.160738 0.0796369 0.055677 0.00658632
9.9982E-05 0.0496254 0.0454037 0.325289 0.00728446 0.440729 0.112319 0.0191485 9.9982E-05
0.101018 0.0172808 9.9973E-05 0.500673 9.9973E-05 0.34144 0.0270278 0.0122604 9.9973E-05
0.0797747 0.00163261 0.176379 0.36813 9.9982E-05 0.3214 9.9982E-05 0.0363779 0.0161065
9.9955E-05 0.0439752 9.9955E-05 0.295116 0.0692695 0.59114 9.9955E-05 9.9955E-05 9.9955E-05
9.9955E-05 9.9955E-05 9.9955E-05 0.415354 9.9955E-05 0.426483 9.9955E-05 0.0649465 0.0927166
0.129293 0.0160977 0.0198674 0.563293 0.0817133 0.0529822 9.9991E-05 0.0607106 0.0759423
0.189106 9.9973E-05 0.359268 0.201878 9.9973E-05 9.9973E-05 0.144209 0.00428864 0.100952
0.000377872 0.0879987 0.140979 0.424398 0.0271519 0.0518278 0.0349998 0.124107 0.108161
0.109008 9.9982E-05 0.116621 0.439386 0.0651033 0.0546838 9.9982E-05 0.134381 0.0806163
9.9982E-05 0.00694771 9.9982E-05 0.523028 0.0833858 0.0923476 0.0530721 0.0659958 0.175023
0.1132 9.9964E-05 0.26179 0.392198 9.9964E-05 9.9964E-05 9.9964E-05 0.0358887 0.196523
0.0891361 0.0576161 0.137876 0.559822 0.045152 9.9973E-05 9.9973E-05 9.9973E-05 0.110097
0.0872704 0.107548 0.33342 0.422004 9.9964E-05 9.9964E-05 9.9964E-05 9.9964E-05 0.0493582
0.122478 9.9982E-05 0.0740901 0.545705 9.9982E-05 0.0423493 0.111735 0.0164206 0.0870217
0.11664 0.0474259 0.0221908 0.605291 9.9991E-05 0.037269 0.0373113 0.0563806 0.0773914
0.0813628 9.9973E-05 0.262953 0.483674 0.0440854 9.9973E-05 0.0292144 9.9973E-05 0.0984109
0.0581577 0.0329847 0.251493 0.442126 9.9982E-05 0.0612837 0.00307667 9.9982E-05 0.150678
0.103562 9.9982E-05 0.0415609 0.695843 0.0320255 0.0436655 0.0158723 9.9982E-05 0.0672716
0.110044 0.0364134 0.0767008 0.587557 9.9991E-05 0.0227999 0.110807 0.038958 0.01662
0.111395 9.9955E-05 0.206559 0.55828 9.9955E-05 9.9955E-05 9.9955E-05 9.9955E-05 0.123267
0.0164844 9.9964E-05 9.9964E-05 0.611567 0.0547063 9.9964E-05 0.155058 9.9964E-05 0.161785
0.050077 0.0623175 0.194446 0.583797 0.0327902 0.0359923 9.9982E-05 9.9982E-05 0.0403809
0.154701 0.00942813 0.185514 0.328976 9.9982E-05 9.9982E-05 0.136154 0.0888193 0.0962077
0.00690739 0.0201963 0.270108 0.599425 0.00194117 0.00403136 0.00677583 0.000638339 0.0899766
0.169081 0.045369 9.9973E-05 0.666205 9.9973E-05 9.9973E-05 0.0108404 0.0459616 0.0622429
0.0567846 9.9982E-05 0.318159 0.159351 0.0726491 0.137097 0.0200904 9.9982E-05 0.235669
0.262071 0.0678158 0.194686 0.0820935 0.0540785 0.0768961 0.183905 0.0262958 0.0521583
0.0122118 0.0485805 0.156965 0.577855 9.9982E-05 0.0433789 0.0523709 9.9982E-05 0.108439
0.293394 0.0711729 0.100582 0.0412756 0.0220214 0.154668 0.158923 9.9991E-05 0.157864
0.123365 9.9982E-05 0.406413 0.22592 9.9982E-05 0.0694827 0.0061847 0.0247221 0.143713
0.0464191 0.00158093 0.253897 0.364802 9.9982E-05 0.134223 0.0191651 9.9982E-05 0.179714
9.9964E-05 0.0574887 0.331752 0.239639 9.9964E-05 0.165666 9.9964E-05 9.9964E-05 0.205055
0.027375 9.9973E-05 0.435707 0.167948 0.0336906 0.142542 9.9973E-05 9.9973E-05 0.192438
9.9964E-05 9.9964E-05 0.20744 0.628126 0.00595918 9.9964E-05 9.9964E-05 0.083732 0.0743427
0.0656317 0.0535381 0.0636402 0.567299 0.0493894 0.0232101 0.0739309 0.0678027 0.0355583
0.103371 0.0088229 0.160439 0.520109 0.0187665 0.0118501 0.0210061 0.0609476 0.0946884
0.070439 0.030677 0.266947 0.132737 0.0238983 0.0656026 0.220574 9.9991E-05 0.189025
9.9973E-05 9.9973E-05 9.9973E-05 0.586328 0.027678 0.0771883 0.189042 0.0903665 0.0290975
0.0775047 9.9982E-05 0.0501523 0.478877 0.026234 9.9982E-05 0.261466 0.0619611 0.0436043
0.148271 0.076819 0.113681 0.00289282 9.9991E-05 0.142772 0.36036 0.122064 0.0330396
0.0157586 9.9991E-05 0.0179081 0.590684 0.00600111 0.170901 0.0792413 0.115205 0.00420007
0.119648 0.0668553 9.9982E-05 0.423846 9.9982E-05 0.0925483 0.222151 0.0427975 0.0319544
0.158157 0.0669508 0.0183467 0.501064 0.0147706 0.0258741 0.147186 0.0675517 9.9991E-05
0.0615807 0.0292523 0.0540349 0.272766 9.9991E-05 0.0155046 0.44744 0.0638868 0.0554346
0.0896119 0.0652871 0.138319 0.14582 9.9991E-05 0.0746404 0.408826 0.0533517 0.0240429
0.183902 0.0609484 9.9982E-05 0.384805 9.9982E-05 0.0503408 0.222126 0.0678815 0.0297961
0.158141 0.0485253 0.0528202 0.487242 0.0467535 9.9991E-05 0.0354573 0.109418 0.0615432
0.0431284 0.0228812 0.181187 0.422583 0.0217917 0.00655388 0.167462 0.111249 0.0231656
0.118667 9.9982E-05 0.132079 9.9982E-05 0.162086 0.176165 0.367755 0.0175179 0.0255303
0.0936278 9.9982E-05 0.136835 0.452025 0.143028 9.9982E-05 0.0582405 0.105975 0.0100686
9.9964E-05 9.9964E-05 0.273701 0.316252 9.9964E-05 0.103299 0.296179 9.9964E-05 0.0101689
0.119576 9.9973E-05 0.141599 0.444891 9.9973E-05 0.0932579 0.159965 9.9973E-05 0.0404118
0.0892292 0.0342074 0.0527508 0.656094 9.9982E-05 0.00308691 0.0710092 0.0934221 9.9982E-05
9.9964E-05 9.9964E-05 0.0511221 0.200751 0.233104 9.9964E-05 0.294922 0.219701 9.9964E-05
9.9946E-05 9.9946E-05 9.9946E-05 9.9946E-05 0.13907 9.9946E-05 0.388809 0.471522 9.9946E-05
0.0145835 9.9955E-05 9.9955E-05 9.9955E-05 0.121151 9.9955E-05 0.465938 0.397828 9.9955E-05
9.9973E-05 9.9973E-05 0.0154329 0.0781304 0.309164 9.9973E-05 0.211755 0.373455 0.0117625
0.0802704 9.9955E-05 9.9955E-05 0.578775 9.9955E-05 0.048217 0.292238 9.9955E-05 9.9955E-05
0.0999563 0.0664635 9.9982E-05 0.5392 0.0558866 0.0948196 9.9982E-05 0.107506 0.0359672
9.9946E-05 9.9946E-05 9.9946E-05 0.275527 0.693428 9.9946E-05 9.9946E-05 9.9946E-05 0.0304457
0.016596 9.9982E-05 0.0821567 0.270961 0.411852 0.110525 9.9982E-05 0.0279312 0.0797785
9.9964E-05 0.0790471 9.9964E-05 0.381166 0.428593 9.9964E-05 9.9964E-05 0.0366131 0.0741814
0.183496 9.9964E-05 0.029442 0.348265 9.9964E-05 0.0925254 0.345871 9.9964E-05 9.9964E-05
0.0950297 9.9973E-05 9.9973E-05 0.562705 0.0649016 9.9973E-05 0.189894 0.0588695 0.0283007
0.151654 9.9964E-05 0.0467873 0.190097 9.9964E-05 0.112828 0.498233 9.9964E-05 9.9964E-05
9.9955E-05 0.0576383 9.9955E-05 0.555306 9.9955E-05 0.0901192 0.296436 9.9955E-05 9.9955E-05
0.109697 9.9964E-05 9.9964E-05 0.459969 0.0279899 0.158944 0.243001 9.9964E-05 9.9964E-05
0.0184879 0.045481 0.018011 0.599928 9.9964E-05 9.9964E-05 0.317692 9.9964E-05 9.9964E-05
0.112862 0.0122403 0.147648 0.203074 9.9973E-05 0.0905876 0.433288 9.9973E-05 9.9973E-05
0.0759465 0.0430049 0.00842568 0.555231 0.115032 0.099362 0.0946371 0.00826127 9.9991E-05
0.00666801 9.9982E-05 9.9982E-05 0.475996 0.123388 0.0964467 0.22875 0.0153694 0.0531822
9.9946E-05 9.9946E-05 9.9946E-05 0.0150315 0.967789 0.0165801 9.9946E-05 9.9946E-05 9.9946E-05
9.9946E-05 9.9946E-05 0.0353289 0.0555692 0.908502 9.9946E-05 9.9946E-05 9.9946E-05 9.9946E-05
9.9973E-05 0.0359475 0.068125 0.176014 0.589269 0.0999924 9.9973E-05 0.0303524 9.9973E-05
9.9946E-05 9.9946E-05 0.0037794 0.330664 0.664957 9.9946E-05 9.9946E-05 9.9946E-05 9.9946E-05
9.9946E-05 0.0178023 9.9946E-05 0.18376 0.797838 9.9946E-05 9.9946E-05 9.9946E-05 9.9946E-05
9.993E-05 9.993E-05 9.993E-05 9.993E-05 0.999201 9.993E-05 9.993E-05 9.993E-05 9.993E-05
0.0202487 9.9955E-05 0.0339489 9.9955E-05 0.939202 0.00610112 9.9955E-05 9.9955E-05 9.9955E-05
9.9937E-05 9.9937E-05 9.9937E-05 0.205288 0.794013 9.9937E-05 9.9937E-05 9.9937E-05 9.9937E-05
9.9946E-05 0.0117992 0.0420212 9.9946E-05 0.94558 9.9946E-05 9.9946E-05 9.9946E-05 9.9946E-05
9.9937E-05 0.000299504 9.9937E-05 9.9937E-05 0.999001 9.9937E-05 9.9937E-05 9.9937E-05 9.9937E-05
9.993E-05 9.993E-05 9.993E-05 9.993E-05 0.999201 9.993E-05 9.993E-05 9.993E-05 9.993E-05
9.9946E-05 9.9946E-05 0.080073 0.153966 0.765361 9.9946E-05 9.9946E-05 9.9946E-05 9.9946E-05
9.9973E-05 0.0601629 0.00934045 0.048007 0.868396 9.9973E-05 0.00674608 0.00704785 9.9973E-05
9.9946E-05 0.0238036 0.0137384 9.9946E-05 0.961858 9.9946E-05 9.9946E-05 9.9946E-05 9.9946E-05
0.0412051 0.00164778 0.145036 0.219837 0.413761 0.0775047 0.0120834 0.0888238 9.9991E-05
9.9964E-05 9.9964E-05 0.00682923 0.257762 0.612418 9.9964E-05 9.9964E-05 0.0708855 0.051705
9.9964E-05 9.9964E-05 9.9964E-05 0.131774 0.775503 0.0457261 9.9964E-05 0.0222795 0.0243175
9.9964E-05 0.011872 0.0273443 0.116192 0.826949 9.9964E-05 9.9964E-05 0.0172422 9.9964E-05
9.9946E-05 9.9946E-05 9.9946E-05 0.00637642 0.991071 9.9946E-05 9.9946E-05 9.9946E-05 0.00195288
9.9964E-05 9.9964E-05 0.000642336 0.0139456 0.9133 9.9964E-05 9.9964E-05 0.0308026 0.0409092
9.9937E-05 9.9937E-05 9.9937E-05 9.9937E-05 0.994311 9.9937E-05 0.00498927 9.9937E-05 9.9937E-05
0.0376402 9.9973E-05 9.9973E-05 0.157197 0.64894 0.0830458 9.9973E-05 0.00958997 0.0632864
0.0111974 9.9964E-05 0.0714989 0.00642299 0.899078 9.9964E-05 9.9964E-05 9.9964E-05 0.0114029
9.9964E-05 9.9964E-05 0.0742624 9.9964E-05 0.0329018 0.0237678 0.594409 0.274259 9.9964E-05
9.9982E-05 0.0605948 0.139613 0.358916 0.0220564 9.9982E-05 0.215701 0.144061 0.0588576
9.9991E-05 0.0362387 0.00581897 0.438796 0.0274452 0.00162648 0.287556 0.18111 0.0213085
9.9964E-05 0.0513911 9.9964E-05 0.212469 0.0819542 9.9964E-05 0.517097 0.136689 9.9964E-05
0.0280525 0.0525392 9.9991E-05 0.438597 0.126358 0.0315667 0.190358 0.097569 0.0348596
0.0254883 9.9982E-05 0.05436 0.216629 0.0663672 0.00731337 0.422179 0.207463 9.9982E-05
0.0445564 0.0671442 0.0413782 0.365958 0.0287043 0.167063 0.0938258 0.184991 0.00637944
0.0014146 0.0297011 9.9982E-05 0.309425 0.176158 0.0757657 0.31265 0.0946861 9.9982E-05
9.9964E-05 9.9964E-05 9.9964E-05 0.419986 0.104941 9.9964E-05 0.302023 0.0951948 0.0774546
9.9964E-05 9.9964E-05 0.0179956 0.369991 0.172111 9.9964E-05 0.385961 0.0535407 9.9964E-05
0.0177105 9.9982E-05 0.0336964 0.52567 0.071762 9.9982E-05 0.197613 0.151435 0.00191291
0.0192481 0.0315325 9.9973E-05 0.0604797 9.9973E-05 9.9973E-05 0.0385931 0.805345 0.0445012
0.00257953 9.9955E-05 9.9955E-05 9.9955E-05 0.0457356 9.9955E-05 9.9955E-05 0.906331 0.0448543
9.9964E-05 9.9964E-05 9.9964E-05 0.0290735 9.9964E-05 0.0248259 0.0139437 0.890231 0.0415258
9.9946E-05 9.9946E-05 9.9946E-05 0.0469052 9.9946E-05 9.9946E-05 9.9946E-05 0.892027 0.060468
9.9955E-05 9.9955E-05 0.0214573 0.0290462 9.9955E-05 9.9955E-05 9.9955E-05 0.901137 0.0478593
0.0235182 9.9946E-05 9.9946E-05 9.9946E-05 0.093614 9.9946E-05 9.9946E-05 0.882268 9.9946E-05
9.9964E-05 9.9964E-05 9.9964E-05 0.0232996 0.0801574 0.00324617 9.9964E-05 0.843249 0.0496484
0.0701917 9.9973E-05 9.9973E-05 0.0112088 9.9973E-05 0.00225541 0.0389444 0.87601 0.0010901
9.9964E-05 9.9964E-05 0.0450502 0.0310992 0.00204848 0.0272966 9.9964E-05 0.894106 9.9964E-05
9.9955E-05 9.9955E-05 9.9955E-05 9.9955E-05 0.102834 9.9955E-05 0.0495584 0.826999 0.0201086
0.0412631 0.1202 0.192789 9.9964E-05 9.9964E-05 0.0483041 9.9964E-05 0.597044 9.9964E-05
9.9964E-05 0.161422 0.137839 9.9964E-05 9.9964E-05 0.0527091 9.9964E-05 0.583288 0.0643422
9.9964E-05 0.00925911 0.204996 9.9964E-05 9.9964E-05 9.9964E-05 0.135387 0.524423 0.125534
0.0628862 0.0828602 0.265288 9.9973E-05 9.9973E-05 0.0471643 9.9973E-05 0.484272 0.0572294
0.0476143 0.00475727 0.0821383 0.407429 0.0195886 0.234033 0.0463832 0.0565573 0.101499
0.167689 0.063916 0.0610807 0.400084 0.0844289 0.222502 9.9973E-05 9.9973E-05 9.9973E-05
0.0179072 9.9973E-05 0.135177 0.483788 9.9973E-05 0.266048 9.9973E-05 0.022397 0.074382
0.0717268 0.0423763 0.128017 0.385227 9.9982E-05 0.247039 9.9982E-05 0.0122802 0.113134
9.9964E-05 9.9964E-05 0.390892 0.120577 9.9964E-05 0.10518 0.0815958 9.9964E-05 0.301355
0.0554825 9.9982E-05 0.0574569 0.577464 0.0333806 0.19616 0.0316336 0.0482226 9.9982E-05
0.0675192 9.9973E-05 0.073046 0.5629 0.000136406 0.248476 9.9973E-05 9.9973E-05 0.0476225
0.0446233 0.0991752 0.00369234 0.535538 9.9973E-05 0.219615 0.097057 9.9973E-05 9.9973E-05
0.0494775 0.0540484 9.9964E-05 0.33825 0.0407854 0.517039 9.9964E-05 9.9964E-05 9.9964E-05
0.127151 9.9991E-05 0.0207726 0.525209 0.0611063 0.00315639 0.0961012 0.0385407 0.127862
0.0412175 0.0281241 0.147567 0.401646 9.9982E-05 0.334038 9.9982E-05 0.0287348 0.0184728
0.214663 0.00747049 0.0156392 9.9973E-05 9.9973E-05 0.715246 0.0164503 9.9973E-05 0.0302307
0.153332 0.0297129 0.103544 0.481195 9.9991E-05 0.126957 0.00747899 0.0199515 0.0777282
0.125573 0.00342604 9.9973E-05 0.269119 9.9973E-05 0.472311 0.127126 0.00214452 9.9973E-05
0.0906799 9.9955E-05 9.9955E-05 0.500763 9.9955E-05 0.314637 9.9955E-05 9.9955E-05 0.09342
9.9973E-05 0.0173363 0.199243 0.0358504 9.9973E-05 0.643588 9.9973E-05 0.0351811 0.0685013
9.9955E-05 0.802866 9.9955E-05 9.9955E-05 9.9955E-05 9.9955E-05 0.0886229 0.0356241 0.0723869
9.9937E-05 0.99169 9.9937E-05 0.00761063 9.9937E-05 9.9937E-05 9.9937E-05 9.9937E-05 9.9937E-05
9.993E-05 0.999201 9.993E-05 9.993E-05 9.993E-05 9.993E-05 9.993E-05 9.993E-05 9.993E-05
0.00650533 0.897688 9.9964E-05 9.9964E-05 9.9964E-05 0.0206414 9.9964E-05 0.0333936 0.0413722
9.9955E-05 0.940224 0.0231192 0.0358159 9.9955E-05 9.9955E-05 9.9955E-05 9.9955E-05 0.000341275
9.9946E-05 0.908834 9.9946E-05 0.0218683 0.0686979 9.9946E-05 9.9946E-05 9.9946E-05 9.9946E-05
9.9955E-05 0.0254192 9.9955E-05 0.114222 0.0277574 9.9955E-05 9.9955E-05 0.832101 9.9955E-05
9.9964E-05 9.9964E-05 0.038907 0.101858 0.0203846 9.9964E-05 9.9964E-05 0.811624 0.0268266
0.0372052 0.0128998 9.9964E-05 0.0895304 0.127442 9.9964E-05 9.9964E-05 0.732523 9.9964E-05
9.9964E-05 9.9964E-05 0.0896908 0.0138171 0.120877 9.9964E-05 9.9964E-05 0.745004 0.0302114
9.9955E-05 9.9955E-05 9.9955E-05 0.103473 0.0537979 9.9955E-05 9.9955E-05 0.768014 0.0742159
9.9964E-05 0.0605347 9.9964E-05 9.9964E-05 9.9964E-05 0.0792789 0.108892 0.355577 0.395317
0.0365313 0.154739 9.9973E-05 9.9973E-05 9.9973E-05 0.0819975 0.0624342 0.433956 0.230042
0.0670277 0.20242 0.0477695 9.9973E-05 9.9973E-05 0.0148806 9.9973E-05 0.414563 0.25304
9.9955E-05 9.9955E-05 0.000626794 0.154843 9.9955E-05 9.9955E-05 9.9955E-05 0.805999 0.0380311
0.0770966 0.224426 9.9964E-05 9.9964E-05 9.9964E-05 0.144266 9.9964E-05 0.350995 0.202816
0.0181869 9.9964E-05 9.9964E-05 0.272035 0.352858 9.9964E-05 0.146939 0.209582 9.9964E-05
9.9982E-05 0.0138967 0.159993 0.445669 0.292989 0.0181301 0.0219653 0.0471559 9.9982E-05
9.9964E-05 0.0175512 0.0146321 0.474635 0.331649 9.9964E-05 9.9964E-05 0.161133 9.9964E-05
9.9973E-05 0.0509697 9.9973E-05 0.375141 0.18686 0.035863 0.1394 0.211467 9.9973E-05
0.0394598 9.9982E-05 9.9982E-05 0.470505 0.202918 0.0843536 0.0779134 0.121688 0.00296183
9.9946E-05 9.9946E-05 9.9946E-05 9.9946E-05 0.295625 9.9946E-05 0.311981 0.391795 9.9946E-05
0.117147 0.0879516 0.247631 0.389262 9.9982E-05 0.0235148 0.0214742 9.9982E-05 0.112819
0.208484 0.0158715 0.0664924 0.303644 0.0321978 0.121206 0.104207 9.9991E-05 0.147798
9.9973E-05 0.106458 0.565318 0.203507 9.9973E-05 9.9973E-05 0.00575862 0.0730548 0.0456031
0.275223 0.0854436 0.013853 0.450418 9.9982E-05 0.062572 0.0333847 9.9982E-05 0.0789058
0.401116 9.9964E-05 0.0939792 9.9964E-05 9.9964E-05 0.145514 0.286829 9.9964E-05 0.0721617
0.0942959 0.0586246 0.186314 0.428977 0.0888075 0.0371415 9.9991E-05 0.0788618 0.0268776
0.134003 9.9964E-05 0.195591 0.498986 9.9964E-05 9.9964E-05 0.127589 9.9964E-05 0.0434308
9.9982E-05 0.00635297 0.397263 0.29753 9.9982E-05 0.0644924 0.0547727 0.0189034 0.160485
0.0653521 0.0361892 0.032882 0.575738 0.00716031 0.129558 0.0278623 0.125158 9.9991E-05
0.181871 9.9973E-05 0.399244 0.0397217 9.9973E-05 0.159363 0.194442 9.9973E-05 0.0250591
0.163229 0.017555 0.144121 0.404683 0.0296619 9.9982E-05 0.143299 9.9982E-05 0.0972517
9.9982E-05 0.0318034 0.214025 0.530141 9.9982E-05 0.0445979 0.0537262 0.0176433 0.107863
9.9982E-05 0.0480448 0.0693307 0.444649 0.156458 0.0908964 0.0953929 0.0950277 9.9982E-05
0.295953 0.0718513 0.285252 0.28175 9.9964E-05 9.9964E-05 0.0647937 9.9964E-05 9.9964E-05
0.088548 0.0408638 0.233481 0.37218 0.0211999 0.167697 0.0113418 0.00213212 0.0625562
0.0510499 0.0317652 0.168031 0.482014 0.0809187 0.107621 0.0583286 9.9991E-05 0.0201718
0.110927 0.0412318 0.0620955 0.465105 9.9982E-05 0.115795 0.105212 9.9982E-05 0.0994332
0.0872707 0.0575623 9.9982E-05 0.558362 0.149147 0.024555 0.00800397 9.9982E-05 0.114899
9.9973E-05 0.0394939 0.145025 0.572524 9.9973E-05 0.148137 0.00699425 0.0875255 9.9973E-05
0.0100042 0.0151345 0.171619 0.479383 0.0539222 0.0370061 0.11141 0.0934962 0.0280243
0.000617373 9.9955E-05 9.9955E-05 0.0781477 0.139465 9.9955E-05 9.9955E-05 0.78127 9.9955E-05
0.0537887 9.9964E-05 9.9964E-05 0.000346358 0.0696532 0.0667662 9.9964E-05 0.809046 9.9964E-05
0.0575951 9.9964E-05 0.0153051 0.0985753 9.9964E-05 9.9964E-05 9.9964E-05 0.774961 0.0531635
9.9955E-05 0.0776744 9.9955E-05 9.9955E-05 0.0670091 0.0792686 9.9955E-05 0.775548 9.9955E-05
9.9946E-05 9.9946E-05 0.00245767 0.16155 9.9946E-05 9.9946E-05 9.9946E-05 0.835393 9.9946E-05
0.0180225 9.9991E-05 0.580463 0.0541992 0.00983008 0.0224625 0.0901106 0.0311977 0.193614
0.147693 0.0136481 0.0450191 0.445772 0.0884743 0.0820336 0.00623995 9.9991E-05 0.17102
0.0680645 0.0289577 0.00319751 0.414906 0.162183 9.9982E-05 0.110838 0.211654 9.9982E-05
0.146968 9.9982E-05 0.0917677 0.591539 0.0354565 0.0535173 9.9982E-05 0.00580107 0.0747503
0.0687276 0.0521059 0.234628 0.468892 0.0293914 0.0253259 9.9991E-05 0.0103594 0.110469
0.212891 0.0597481 0.23033 0.273826 0.0390251 9.9982E-05 0.0899852 9.9982E-05 0.0939936
0.00180421 9.9973E-05 0.435442 9.9973E-05 9.9973E-05 0.102301 0.126329 0.113218 0.220605
0.00313736 0.157767 0.154816 0.479273 9.9991E-05 0.0893768 0.0113528 0.0111084 0.093068
0.176974 0.0666905 0.31093 0.0700887 0.0696563 0.0249201 0.00955646 0.0593391 0.211845
0.0523418 0.117426 0.0125222 0.388151 0.0977929 0.172666 0.0979918 9.9991E-05 0.0610084
0.126371 0.0826296 0.473938 0.00560759 0.00481024 0.057711 9.9991E-05 0.161584 0.0872484
0.0396035 0.0698573 0.0468299 0.590096 0.0108088 9.9991E-05 0.0527746 0.105464 0.0844661
0.0647056 0.0699559 0.535663 0.088619 9.9982E-05 0.0229442 9.9982E-05 0.051541 0.166371
0.177086 9.9991E-05 0.296668 0.26041 0.0666839 0.01014 0.03077 0.0489499 0.109192
0.112555 0.0395076 0.0313318 0.362836 0.0802846 0.0629574 0.158705 0.0334893 0.118333
0.167344 0.00821497 0.0327695 0.298162 9.9973E-05 9.9973E-05 0.417174 9.9973E-05 0.0760358
9.9982E-05 0.0974661 0.118566 0.505331 0.00543372 0.0407412 0.150573 0.0816895 9.9982E-05
9.9982E-05 0.0642777 0.041227 0.50086 0.0243739 0.219249 0.0603544 0.089458 9.9982E-05
0.0335835 0.0201078 0.123514 0.299462 9.9982E-05 0.0353635 0.468923 9.9982E-05 0.0188464
0.0332865 0.0225796 0.0340304 0.465412 0.106624 0.0751377 0.214698 0.0418756 0.00635624
0.100643 0.0435913 9.9973E-05 0.573876 9.9973E-05 0.0642404 0.209958 0.00739151 9.9973E-05
0.131232 0.0641235 0.0566161 0.0472095 9.9982E-05 0.13666 0.556797 9.9982E-05 0.00716092
0.123472 0.0365348 9.9964E-05 0.280977 9.9964E-05 0.032516 0.5261 9.9964E-05 9.9964E-05
0.110088 0.0955909 9.9973E-05 0.530836 9.9973E-05 0.0511702 0.201413 9.9973E-05 0.0106021
0.0485411 0.0382731 0.085676 0.148421 9.9982E-05 0.170513 0.483215 9.9982E-05 0.0251619
9.9964E-05 0.00268005 0.25338 0.418115 9.9964E-05 0.00517997 0.320245 9.9964E-05 9.9964E-05
0.0721713 0.0602286 0.412669 9.9982E-05 0.0701984 0.147521 0.0106253 9.9982E-05 0.226386
0.370852 0.0766122 0.236391 0.151985 9.9973E-05 9.9973E-05 0.0348204 9.9973E-05 0.12904
0.0271818 9.9982E-05 0.238813 0.236237 0.066824 0.115626 9.9982E-05 0.0367053 0.278413
0.095015 0.0921864 0.118821 0.581572 0.0079775 0.0558107 9.9982E-05 0.0484171 9.9982E-05
0.0106252 0.0827425 0.411769 0.172044 9.9982E-05 0.114046 0.0227449 9.9982E-05 0.185829
0.137436 0.0115229 9.9982E-05 0.495117 0.0731957 9.9982E-05 0.0962837 0.0654893 0.120755
0.164044 9.9973E-05 9.9973E-05 0.618257 0.036973 0.00668363 9.9973E-05 0.00576643 0.167975
0.10773 0.0185382 0.182946 0.368286 0.117456 0.0516462 0.000100639 9.9991E-05 0.153198
0.0710216 0.0471223 0.180091 0.349109 0.110323 0.11661 9.9982E-05 9.9982E-05 0.125523
9.9982E-05 0.0537135 0.0951516 0.430684 0.0132402 0.210431 9.9982E-05 0.0456272 0.150952
0.0329953 0.018884 0.416959 0.148491 0.0737205 0.134603 9.9982E-05 9.9982E-05 0.174146
0.0584056 9.9982E-05 0.15824 0.341806 0.0493864 0.0152181 0.0963116 9.9982E-05 0.280433
0.0671129 0.00173866 0.0977324 0.585756 0.0339417 0.0404861 9.9982E-05 9.9982E-05 0.173032
0.0042864 0.0898946 0.0672776 0.641238 0.0108301 0.0224466 9.9991E-05 0.0955871 0.0683399
0.218048 0.0367805 0.0492665 0.387696 9.9991E-05 0.0421682 0.0356807 0.0822306 0.14803
0.205017 0.0405267 0.0425735 0.443354 0.101687 0.00986259 9.9982E-05 9.9982E-05 0.15678
9.9964E-05 9.9964E-05 0.233898 0.358434 0.017612 9.9964E-05 0.141623 9.9964E-05 0.248033
0.0986536 0.0244737 0.114139 0.613368 9.9973E-05 9.9973E-05 9.9973E-05 0.0232953 0.125771
0.0693541 9.9973E-05 0.194488 0.531079 0.0115624 9.9973E-05 9.9973E-05 0.0557214 0.137495
0.0733453 0.0230984 0.0928695 0.463181 0.137798 9.9991E-05 0.0108918 0.0226928 0.176022
9.9973E-05 9.9973E-05 0.0147609 0.364961 0.120827 0.0730474 0.105128 0.320975 9.9973E-05
9.9973E-05 9.9973E-05 0.0597354 0.536876 0.174046 0.0499104 0.126841 0.0522913 9.9973E-05
9.9973E-05 9.9973E-05 0.0788904 0.533746 0.0648524 9.9973E-05 0.0916341 0.143738 0.0868396
0.0362453 0.067628 0.141895 0.533026 0.136875 9.9982E-05 0.0194177 0.0647131 9.9982E-05
0.0708899 9.9973E-05 0.148335 0.366669 0.212044 0.0408307 9.9973E-05 0.160932 9.9973E-05
0.179146 0.0739253 0.237642 0.434018 0.0276154 9.9982E-05 0.018175 9.9982E-05 0.0292788
0.00477586 0.0232893 0.0799001 0.496794 0.167155 9.9982E-05 9.9982E-05 0.11979 0.108096
0.118323 9.9973E-05 0.0358366 9.9973E-05 0.137151 0.101795 0.407108 0.199486 9.9973E-05
9.9982E-05 0.0165114 0.0744302 0.487623 0.192906 9.9982E-05 0.0575994 0.118358 0.0523709
0.0248409 9.9982E-05 0.0259052 0.502856 0.198652 0.0940419 9.9982E-05 0.152402 0.00110242
0.0543935 0.0110168 9.9991E-05 0.447662 0.255478 0.0653502 0.0160295 0.091914 0.0580558
0.0378133 9.9982E-05 0.196484 0.274203 0.104235 0.0169284 0.217222 0.152915 9.9982E-05
0.0235678 9.9973E-05 9.9973E-05 0.475769 0.183637 0.138912 0.0951811 0.0826332 9.9973E-05
0.0156705 9.9973E-05 9.9973E-05 0.589295 0.146329 9.9973E-05 0.0791855 0.103955 0.0652648
0.045497 9.9955E-05 9.9955E-05 9.9955E-05 0.174139 9.9955E-05 0.303215 0.476649 9.9955E-05
0.0242611 0.021882 0.0717976 0.464366 0.210463 9.9973E-05 9.9973E-05 0.206931 9.9973E-05
0.0220654 0.0557385 0.00697578 0.464148 0.227446 0.0439695 9.9982E-05 0.179457 9.9982E-05
0.00611464 0.0305766 0.0627904 0.426465 0.202475 0.149368 0.102236 0.0198747 9.9991E-05
9.9973E-05 9.9973E-05 0.0405312 0.543764 0.162312 0.00270496 0.0729845 0.177403 9.9973E-05
0.0581555 9.9982E-05 0.0123937 0.51694 0.137172 9.9982E-05 0.0122864 0.167727 0.0951253
0.394757 0.00210114 9.9982E-05 0.382862 0.0660908 0.0841211 9.9982E-05 0.0199332 0.0499354
0.176183 9.9982E-05 0.00990178 0.508031 0.0370051 0.0459236 9.9982E-05 0.125471 0.097285
0.812089 0.0199336 0.152162 9.9955E-05 9.9955E-05 0.0153159 9.9955E-05 9.9955E-05 9.9955E-05
0.904228 9.99549E-05 9.99549E-05 9.99549E-05 9.99549E-05 0.0321466 9.99549E-05 0.0205544 0.0425713
0.37643 0.000127399 0.0544503 0.396715 0.0941574 0.0448571 9.9991E-05 0.0155215 0.0176415
0.0646322 9.9982E-05 0.0364018 0.364727 0.330181 9.9982E-05 0.128027 0.0709866 0.00484404
0.254248 9.9964E-05 9.9964E-05 0.314032 0.31848 9.9964E-05 0.0207356 0.0921046 9.9964E-05
0.194915 9.9982E-05 0.0298058 0.118371 0.315545 0.022096 0.116733 0.202335 9.9982E-05
0.225338 9.9964E-05 0.0244714 0.342119 0.257632 9.9964E-05 9.9964E-05 0.150039 9.9964E-05
0.680572 0.010451 9.9973E-05 0.0342282 0.114298 9.9973E-05 0.118228 0.0419233 9.9973E-05
0.614539 9.9964E-05 9.9964E-05 0.185124 0.0277716 9.9964E-05 0.0618928 0.110273 9.9964E-05
0.339817 0.0194235 9.9964E-05 0.511436 0.103736 9.9964E-05 9.9964E-05 0.0251876 9.9964E-05
0.395264 0.0187514 9.9973E-05 0.369965 0.142613 0.0109095 9.9973E-05 0.0621975 9.9973E-05
0.72466 9.9955E-05 9.9955E-05 0.125352 0.0932027 9.9955E-05 9.9955E-05 0.0562854 9.9955E-05
0.120297 0.0344137 0.159994 0.544341 0.0469379 9.9973E-05 9.9973E-05 0.0937173 9.9973E-05
0.270122 0.0130051 9.9973E-05 0.564245 0.0787993 9.9973E-05 0.0535043 9.9973E-05 0.0200248
0.26411 9.9982E-05 9.9982E-05 0.405754 0.126847 0.0540009 0.0229566 0.100459 0.0256726
0.525657 0.0275564 0.0876916 0.271446 9.9973E-05 0.0792169 0.00813169 9.9973E-05 9.9973E-05
0.487195 9.9982E-05 0.125277 0.289435 0.0423056 0.00269227 9.9982E-05 0.014224 0.0386706
0.155889 0.0305461 0.0833882 0.532492 9.9991E-05 0.0635992 0.00456906 0.0683951 0.0610212
0.345118 0.0167629 0.0672813 0.346888 0.00193344 0.0895042 0.0311362 0.0401825 0.0611932
0.147267 0.0431108 0.0578284 0.309846 0.108592 0.102854 0.143092 0.00900177 0.0784083
0.380275 0.0206593 9.9964E-05 0.446489 9.9964E-05 0.0192165 0.132961 9.9964E-05 9.9964E-05
0.687135 0.0560759 0.0198198 0.223515 9.9964E-05 9.9964E-05 0.0130544 9.9964E-05 9.9964E-05
0.325266 9.9964E-05 9.9964E-05 0.587746 9.9964E-05 0.0364407 9.9964E-05 0.0425295 0.00761797
0.771726 9.99369E-05 9.99369E-05 0.227574 9.99369E-05 9.99369E-05 9.99369E-05 9.99369E-05 9.99369E-05
0.418832 0.0246921 9.9964E-05 0.487065 9.9964E-05 9.9964E-05 0.0579764 0.0110351 9.9964E-05
0.278725 0.0556976 0.0182885 0.570604 9.9964E-05 9.9964E-05 9.9964E-05 0.0762842 9.9964E-05
0.374024 0.0217988 9.9973E-05 0.51994 9.9973E-05 0.0578259 9.9973E-05 0.00814247 0.0179688
0.148226 0.020806 9.99745E-05 0.488768 0.132697 9.99745E-05 0.0894129 0.11979 9.99745E-05
0.153352 0.041659 0.0172977 0.453911 0.109711 9.9982E-05 0.13105 0.0928195 9.9982E-05
0.0758956 9.9991E-05 0.0633727 0.283791 0.240532 0.0711965 0.118929 0.120789 0.0253952
0.100342 0.110189 0.167144 0.286026 0.198501 9.9973E-05 9.9973E-05 0.137499 9.9973E-05
0.0962676 9.9973E-05 9.9973E-05 0.289334 0.293677 0.0517929 9.9973E-05 0.184659 0.0839692
0.0587384 0.166119 9.9973E-05 0.512394 0.0958937 0.0607531 9.9973E-05 0.105802 9.9973E-05
0.585642 0.0403272 9.9964E-05 9.9964E-05 0.130617 9.9964E-05 0.0354327 0.207582 9.9964E-05
0.109466 0.0565255 9.9973E-05 0.51275 0.226072 9.9973E-05 9.9973E-05 0.0513944 0.0434916
0.386332 9.9955E-05 9.9955E-05 9.9955E-05 0.103741 9.9955E-05 0.149509 0.359918 9.9955E-05
0.289938 9.9955E-05 9.9955E-05 0.468607 0.197207 9.9955E-05 9.9955E-05 0.0437476 9.9955E-05
0.776067 9.9955E-05 9.9955E-05 0.0879756 9.9955E-05 0.126949 0.00850885 9.9955E-05 9.9955E-05
0.934228 9.9937E-05 9.9937E-05 9.9937E-05 9.9937E-05 0.0650727 9.9937E-05 9.9937E-05 9.9937E-05
0.430218 9.9955E-05 0.081671 0.388112 9.9955E-05 0.0994988 9.9955E-05 9.9955E-05 9.9955E-05
0.323409 9.9937E-05 9.9937E-05 0.675891 9.9937E-05 9.9937E-05 9.9937E-05 9.9937E-05 9.9937E-05
0.505939 9.9964E-05 0.0604259 0.360264 9.9964E-05 0.0273521 0.0456192 9.9964E-05 9.9964E-05
0.450259 9.9946E-05 9.9946E-05 0.447936 9.9946E-05 0.101205 9.9946E-05 9.9946E-05 9.9946E-05
0.487648 9.9955E-05 0.067215 0.442239 9.9955E-05 0.00239849 9.9955E-05 9.9955E-05 9.9955E-05
0.0582788 9.9982E-05 0.000909777 0.0916645 0.0103949 9.9982E-05 0.0450805 0.787714 0.005758
9.9982E-05 0.0378839 0.0340305 9.9982E-05 0.0961314 0.0620032 0.0017662 0.709736 0.0582488
9.9955E-05 0.0520476 0.0354072 9.9955E-05 0.0779956 9.9955E-05 9.9955E-05 0.83405 9.9955E-05
0.00593568 0.00127568 9.9964E-05 0.0563889 9.9964E-05 9.9964E-05 0.0109933 0.925007 9.9964E-05
0.0447015 9.9973E-05 0.133504 0.41886 0.0260858 0.274597 9.9973E-05 0.101952 9.9973E-05
0.0338043 0.0365363 0.0564026 0.444694 0.0199569 0.313467 9.9991E-05 0.0536338 0.0414051
9.9955E-05 9.9955E-05 9.9955E-05 0.468448 9.9955E-05 0.471536 9.9955E-05 0.00996422 0.0495525
9.9964E-05 9.9964E-05 0.069616 0.612382 9.9964E-05 0.207238 0.0265432 0.0838209 9.9964E-05
9.9973E-05 0.0575852 9.9973E-05 0.606005 0.0197039 0.161561 0.0948441 0.0600007 9.9973E-05
9.9973E-05 0.0399 0.170196 0.205888 9.9973E-05 0.522697 0.0451824 9.9973E-05 0.0158375
9.9955E-05 0.0189435 0.039086 0.562619 9.9955E-05 0.378852 9.9955E-05 9.9955E-05 9.9955E-05
0.0271365 9.9955E-05 9.9955E-05 0.367427 9.9955E-05 0.46154 0.143396 9.9955E-05 9.9955E-05
0.030318 0.0134429 0.104297 0.387722 0.151446 9.9982E-05 0.0853643 0.22721 9.9982E-05
0.178793 9.9982E-05 0.0627303 0.385076 0.0598629 0.278212 0.00148003 9.9982E-05 0.0336464
9.9964E-05 0.0522966 0.109861 0.268576 9.9964E-05 0.524951 9.9964E-05 9.9964E-05 0.0439155
0.0493015 0.0415506 0.0334874 0.450056 0.05377 0.371534 9.9973E-05 9.9973E-05 9.9973E-05
9.9946E-05 9.9946E-05 9.9946E-05 0.448203 9.9946E-05 0.447496 9.9946E-05 9.9946E-05 0.103701
0.0466466 9.9973E-05 9.9973E-05 0.581681 0.00954139 0.314304 9.9973E-05 0.00696761 0.0405599
0.134627 9.9964E-05 9.9964E-05 0.530513 0.047861 0.27369 9.9964E-05 0.0129097 9.9964E-05
0.112822 9.9964E-05 0.00901268 0.0503024 9.9964E-05 0.821886 0.00557765 9.9964E-05 9.9964E-05
0.0007205 0.0309679 0.026352 0.300313 0.00343876 0.565262 0.064907 0.00793857 9.9991E-05
0.030966 9.9982E-05 0.0063841 0.350264 9.9982E-05 0.5167 0.0350653 0.0192918 0.0411287
0.0222234 9.9946E-05 9.9946E-05 9.9946E-05 9.9946E-05 0.808508 0.168669 9.9946E-05 9.9946E-05
0.0409604 0.127875 0.0508438 0.358035 0.0432594 0.360477 9.9982E-05 9.9982E-05 0.0183497
0.101811 0.0464454 9.9964E-05 0.125895 9.9964E-05 0.443817 0.281631 9.9964E-05 9.9964E-05
0.17839 0.026527 9.9955E-05 9.9955E-05 9.9955E-05 0.639719 0.154864 9.9955E-05 9.9955E-05
0.0745908 0.0289732 9.9955E-05 0.550942 9.9955E-05 0.344994 9.9955E-05 9.9955E-05 9.9955E-05
0.00643927 9.9991E-05 0.102317 0.177774 0.0091292 0.644579 0.00281543 0.010979 0.0458678
9.9982E-05 0.0404395 0.087938 0.399938 0.0277519 0.356774 0.0856767 9.9982E-05 0.00128234
0.0527946 0.0314119 0.0452914 0.497675 0.118413 0.172827 0.0813872 9.9982E-05 9.9982E-05
9.9982E-05 0.0400743 0.0340746 0.466342 0.0343873 0.274083 0.0170705 9.9982E-05 0.133768
0.105186 9.9973E-05 0.207758 0.370396 9.9973E-05 0.0295708 0.122685 9.9973E-05 0.164103
0.0148404 0.0398557 9.9973E-05 0.523549 9.9973E-05 0.308081 0.0396036 9.9973E-05 0.0737707
9.9964E-05 9.9964E-05 0.1728 0.427367 0.0474059 0.31396 0.0380678 9.9964E-05 9.9964E-05
9.9955E-05 9.9955E-05 9.9955E-05 0.280546 9.9955E-05 0.644521 0.0552843 9.9955E-05 0.0191492
0.113764 0.0705439 0.0363277 0.495349 0.0383462 0.105499 0.0328524 0.0411121 0.0662064
9.9955E-05 9.9955E-05 0.11711 9.9955E-05 9.9955E-05 9.9955E-05 0.0570994 0.628855 0.196436
9.9991E-05 0.0857627 0.0385335 0.0357821 0.022045 0.0728826 0.0224509 0.698605 0.0238383
0.0167361 9.9973E-05 0.00480538 9.9973E-05 9.9973E-05 0.022444 0.0679123 0.789578 0.0982243
9.9955E-05 0.0699344 9.9955E-05 9.9955E-05 9.9955E-05 9.9955E-05 0.0583639 0.766403 0.104799
9.9973E-05 0.0867552 0.0495899 0.014483 9.9973E-05 9.9973E-05 0.0381091 0.718054 0.0927089
9.9982E-05 0.0105865 0.132114 0.107281 0.0123643 0.634549 9.9982E-05 0.0564322 0.0464727
