0.0194097 9.9973E-05 0.0197131 0.0489798 0.0328246 9.9973E-05 0.000473432 9.9973E-05 0.878299
9.9955E-05 9.9955E-05 9.9955E-05 9.9955E-05 9.9955E-05 0.0370618 0.006617 0.0379022 0.917919
0.0808623 0.079149 9.9964E-05 0.0380661 0.0441811 9.9964E-05 9.9964E-05 9.9964E-05 0.757342
9.9955E-05 9.9955E-05 0.0238007 0.134287 0.102916 9.9955E-05 9.9955E-05 9.9955E-05 0.738496
9.9964E-05 0.0697039 9.9964E-05 0.0507291 0.0224535 9.9964E-05 9.9964E-05 0.0315548 0.825159
9.9946E-05 9.9946E-05 9.9946E-05 0.0801775 9.9946E-05 0.380628 9.9946E-05 9.9946E-05 0.538594
9.9946E-05 9.9946E-05 0.0143458 9.9946E-05 9.9946E-05 0.194869 9.9946E-05 9.9946E-05 0.790186
9.9946E-05 9.9946E-05 9.9946E-05 9.9946E-05 0.0512438 0.24225 9.9946E-05 9.9946E-05 0.705906
0.0508205 9.99639E-05 0.0249085 9.99639E-05 0.0274339 9.99639E-05 0.0816355 9.99639E-05 0.814802
9.9964E-05 9.9964E-05 9.9964E-05 0.0783967 0.0226024 0.175348 9.9964E-05 0.0654452 0.657808
9.9946E-05 9.9946E-05 9.9946E-05 9.9946E-05 0.0421969 0.281361 9.9946E-05 9.9946E-05 0.675843
9.9955E-05 0.0766604 0.754559 0.11706 9.9955E-05 0.051221 9.9955E-05 9.9955E-05 9.9955E-05
0.0143181 0.473498 0.443597 9.9973E-05 0.0139127 0.0423552 9.9973E-05 9.9973E-05 0.012019
0.0782698 0.192648 0.621313 0.0302515 0.00888239 9.9982E-05 9.9982E-05 0.045895 0.0225401
0.049635 0.0858783 0.655651 0.206756 9.9964E-05 9.9964E-05 9.9964E-05 9.9964E-05 0.00167947
9.9964E-05 0.259188 0.379855 0.128932 9.9964E-05 0.0883782 9.9964E-05 9.9964E-05 0.143247
0.0240668 0.348749 0.298402 0.17122 9.9982E-05 0.107044 9.9982E-05 0.0212813 0.029037
9.999E-05 0.311176 0.266761 0.162309 0.0851386 0.0641238 0.0816418 0.0169792 0.0117697
9.9955E-05 0.236051 0.571322 0.0535048 9.9955E-05 9.9955E-05 9.9955E-05 9.9955E-05 0.138623
9.9955E-05 9.9955E-05 0.852781 9.9955E-05 0.0066713 0.0737844 9.9955E-05 9.9955E-05 0.0662633
0.0496493 0.322668 0.46175 0.0846426 0.0308735 9.9982E-05 0.027176 0.0230413 9.9982E-05
0.158484 0.426557 0.262725 9.9982E-05 0.0522312 0.0430767 0.0547885 0.00193804 9.9982E-05
9.999E-05 0.421299 0.290051 0.0452735 0.0102158 0.133653 0.00304682 0.0431293 0.0532321
9.9973E-05 0.123459 0.643451 0.142927 9.9973E-05 0.0333445 0.05001 9.9973E-05 0.00650779
0.0848544 0.565466 0.0786533 9.9982E-05 0.00660811 0.149239 9.9982E-05 0.0423333 0.0726459
9.9964E-05 0.487064 0.278036 0.0759688 9.9964E-05 0.110717 9.9964E-05 9.9964E-05 0.0478142
9.9955E-05 9.9955E-05 0.863818 0.109653 9.9955E-05 0.0201742 9.9955E-05 9.9955E-05 0.00585551
9.9955E-05 0.0530115 0.780158 0.155759 9.9955E-05 9.9955E-05 9.9955E-05 9.9955E-05 0.010572
9.9973E-05 0.0307429 0.794016 0.0497523 9.9973E-05 0.0668237 9.9973E-05 0.0249407 0.0334241
9.9946E-05 0.113859 9.9946E-05 0.0587535 9.9946E-05 9.9946E-05 9.9946E-05 9.9946E-05 0.826788
9.9946E-05 0.183702 9.9946E-05 0.00261685 9.9946E-05 9.9946E-05 9.9946E-05 9.9946E-05 0.813082
0.02233 0.159338 9.9955E-05 0.0480915 9.9955E-05 9.9955E-05 9.9955E-05 9.9955E-05 0.769741
0.0860804 0.15448 9.9973E-05 0.0240758 0.00202171 9.9973E-05 0.0437855 9.9973E-05 0.689257
9.9991E-05 0.468264 0.0837936 0.0251955 0.0188789 0.158321 0.178831 0.0657846 0.000830755
9.9964E-05 0.475731 0.0288546 0.0193788 9.9964E-05 9.9964E-05 0.297584 9.9964E-05 0.178052
9.9964E-05 0.566979 9.9964E-05 0.0259223 9.9964E-05 0.0321148 0.348587 9.9964E-05 0.0259971
9.999E-05 0.0722058 0.608432 0.0225415 0.109866 0.0139818 0.026135 0.00151334 0.145224
0.0286157 0.312567 9.9973E-05 0.0278462 0.00382312 0.0356146 0.591234 9.9973E-05 9.9973E-05
0.0111024 0.49242 0.17703 9.9973E-05 0.0329332 9.9973E-05 0.208191 9.9973E-05 0.0780231
9.9964E-05 0.599215 9.9964E-05 0.0801088 9.9964E-05 0.164173 0.153736 0.00236623 9.9964E-05
9.9973E-05 0.50408 0.0709293 0.00394697 9.9973E-05 0.286002 0.0598399 9.9973E-05 0.0749026
9.9973E-05 0.49513 9.9973E-05 0.0391995 0.114588 0.134212 0.113148 9.9973E-05 0.103423
0.0861162 0.10515 0.112897 9.9964E-05 0.0353048 9.9964E-05 0.660131 9.9964E-05 9.9964E-05
9.9964E-05 0.467302 9.9964E-05 0.0768628 9.9964E-05 0.354767 0.0819077 9.9964E-05 0.0187613
9.9982E-05 0.477971 9.9982E-05 0.121461 0.0329007 0.0544554 0.256572 0.0309998 0.0254397
0.0478523 0.583428 0.111496 0.0450185 0.0235407 0.0726475 0.0169343 9.9991E-05 0.0989822
0.0268125 0.340321 9.9955E-05 9.9955E-05 0.0297412 9.9955E-05 0.602625 9.9955E-05 9.9955E-05
9.9973E-05 0.641319 9.9973E-05 0.0469513 0.00264898 0.00959909 0.261402 9.9973E-05 0.03778
0.0682553 0.459265 0.0241971 0.0441727 0.0420491 9.9991E-05 0.248642 0.0470755 0.0662424
0.16218 9.9955E-05 9.9955E-05 9.9955E-05 9.9955E-05 0.0728482 0.747197 9.9955E-05 0.0172745
0.0246494 0.129922 0.401113 0.0221316 0.133361 0.0733442 0.215278 9.9982E-05 9.9982E-05
0.178854 0.0226992 0.291213 9.9991E-05 0.00312199 0.147137 0.223322 0.130776 0.00277684
0.0716977 0.399227 0.0992756 0.119352 0.0961445 9.9991E-05 0.0794274 0.0527737 0.082002
0.111725 0.440638 0.262775 0.0628207 9.9973E-05 0.0763797 9.9973E-05 9.9973E-05 0.0453618
0.0651209 0.375361 0.169029 0.119417 9.9982E-05 0.139009 0.043454 9.9982E-05 0.0884094
0.0779452 0.161779 0.244363 9.9991E-05 0.225371 0.00940756 0.229734 0.0333626 0.0179377
0.0604194 0.53717 0.237811 9.9964E-05 0.0900125 0.0741866 9.9964E-05 9.9964E-05 9.9964E-05
0.0603313 0.490645 0.177986 0.0749915 0.101252 0.0705326 0.0240606 9.9982E-05 9.9982E-05
9.9982E-05 0.231284 0.271843 0.0361415 9.9982E-05 0.163655 0.104295 0.0983977 0.0941828
0.153554 0.0526814 0.379474 0.0201217 0.0203695 0.079501 0.105459 9.9991E-05 0.18874
0.0302732 0.462345 0.127414 0.0356413 0.097309 9.9982E-05 0.157661 9.9982E-05 0.0891565
0.0739322 0.395864 0.313249 0.0319584 0.00298715 9.9991E-05 0.05727 0.0660613 0.0585781
0.0581758 9.9973E-05 0.537033 9.9973E-05 0.162014 0.0970852 0.129467 9.9973E-05 0.0159258
0.0577639 0.444618 0.375111 9.9964E-05 9.9964E-05 9.9964E-05 0.00644551 0.115662 9.9964E-05
0.0445457 0.656533 0.0576457 0.00626411 0.00673569 0.0354918 0.0952514 0.0974326 9.9991E-05
0.0736055 0.530051 0.141428 9.9982E-05 0.0961985 0.0845361 0.00658458 9.9982E-05 0.0673968
0.0857254 0.289243 0.367189 9.9982E-05 9.9982E-05 0.0155306 0.124815 0.0525536 0.064743
0.150291 0.456229 0.286582 0.0211702 0.0146785 9.9982E-05 0.0704913 0.000357642 9.9982E-05
0.121626 0.52237 9.9982E-05 0.0558573 0.149908 9.9982E-05 0.0182714 0.102554 0.029214
0.0588305 0.12552 0.557956 9.9973E-05 0.0761904 9.9973E-05 0.153675 0.0275278 9.9973E-05
0.0120423 0.47959 0.073627 9.9982E-05 0.0653735 0.0305226 0.322513 0.0161313 9.9982E-05
9.9955E-05 0.155004 0.189501 0.0291762 9.9955E-05 9.9955E-05 0.62582 9.9955E-05 9.9955E-05
0.0750609 0.459209 0.0821034 0.0864524 0.0586576 0.0567508 0.138647 0.00681296 0.0363056
0.0360891 9.9964E-05 9.9964E-05 0.00735279 0.0116191 0.0458233 0.898716 9.9964E-05 9.9964E-05
0.0150964 9.9964E-05 0.0900343 9.9964E-05 9.9964E-05 0.0206164 0.810348 0.0635054 9.9964E-05
9.9937E-05 0.274553 9.9937E-05 9.9937E-05 9.9937E-05 9.9937E-05 0.724748 9.9937E-05 9.9937E-05
9.9964E-05 0.42577 0.0878784 9.9964E-05 9.9964E-05 0.0773233 0.4003 9.9964E-05 0.00832847
0.00952891 0.562564 0.0285134 0.0330596 9.9982E-05 9.9982E-05 0.118636 0.116787 0.130711
0.0578898 0.480389 0.0357548 9.9964E-05 0.0402313 9.9964E-05 0.385335 9.9964E-05 9.9964E-05
9.9973E-05 0.118198 0.0576766 0.0632361 0.0993344 9.9973E-05 0.651887 9.9973E-05 0.00936834
9.9964E-05 0.264907 0.117152 9.9964E-05 0.16356 9.9964E-05 0.450748 9.9964E-05 0.00323309
0.116282 0.581326 9.9982E-05 0.0125018 0.0189924 9.9982E-05 0.195307 0.0306419 0.0447489
9.9973E-05 0.283127 0.160001 0.0271161 9.9973E-05 0.00596931 0.510273 9.9973E-05 0.0132145
9.9973E-05 0.438475 0.0256423 0.00312893 9.9973E-05 0.0414605 0.447805 9.9973E-05 0.0431889
0.00666763 0.375236 9.9964E-05 9.9964E-05 9.9964E-05 0.0517349 0.561797 0.00416512 9.9964E-05
0.0718652 9.9964E-05 9.9964E-05 0.00548846 9.9964E-05 0.0790989 0.681078 0.16207 9.9964E-05
0.0346167 0.517832 0.121489 0.0634829 9.9973E-05 0.0870407 0.175238 9.9973E-05 9.9973E-05
9.9955E-05 0.106249 0.0581354 9.9955E-05 0.0460708 9.9955E-05 9.9955E-05 9.9955E-05 0.789045
9.99371E-05 0.117043 9.99371E-05 9.99371E-05 9.99371E-05 9.99371E-05 9.99371E-05 9.99371E-05 0.882257
0.0110974 0.103505 9.9964E-05 0.0563617 0.00119864 9.9964E-05 9.9964E-05 9.9964E-05 0.827438
0.0964108 0.0670335 9.9946E-05 9.9946E-05 9.9946E-05 9.9946E-05 9.9946E-05 9.9946E-05 0.835956
0.0295994 0.12615 9.9955E-05 9.9955E-05 9.9955E-05 9.9955E-05 9.9955E-05 0.0175285 0.826223
0.0791841 0.0904436 9.9946E-05 9.9946E-05 9.9946E-05 9.9946E-05 9.9946E-05 9.9946E-05 0.829773
9.99551E-05 0.0689091 9.99551E-05 0.0267833 9.99551E-05 0.0108265 9.99551E-05 9.99551E-05 0.892981
0.0444405 0.461656 0.121187 0.0589109 0.136161 9.9982E-05 0.165496 9.9982E-05 0.0119481
0.0384483 0.504782 9.9982E-05 0.100336 0.0746724 9.9982E-05 0.214714 0.0108359 0.0560112
9.9964E-05 0.0428663 0.149002 9.9964E-05 0.0209022 9.9964E-05 0.767452 9.9964E-05 0.0193773
9.9973E-05 0.500196 9.9973E-05 0.0924797 0.0491869 0.0187305 0.245721 9.9973E-05 0.0933863
9.9991E-05 0.437084 0.0976773 0.028698 0.0519499 0.0297355 0.32715 0.00440994 0.0231957
9.9973E-05 0.523928 9.9973E-05 0.0223176 0.0197153 9.9973E-05 0.2698 0.0451025 0.118836
9.9973E-05 0.567258 0.0817157 0.00765036 9.9973E-05 0.117286 0.212261 0.0135284 9.9973E-05
0.0218822 0.542888 9.9982E-05 0.0404495 0.00388267 9.9982E-05 0.378322 0.010641 0.00173485
9.9955E-05 9.9955E-05 0.187511 9.9955E-05 0.0869456 9.9955E-05 0.663252 9.9955E-05 0.0617918
9.9973E-05 0.425712 9.9973E-05 0.141995 0.120421 9.9973E-05 0.164463 0.0462546 0.100855
0.00866944 0.612698 0.00457157 0.0161111 0.0383131 0.0276694 0.156751 0.035872 0.0993439
9.9973E-05 0.472308 9.9973E-05 0.112403 0.0439888 0.200205 0.0882647 9.9973E-05 0.0825309
9.9982E-05 0.265832 0.0699962 0.0157158 9.9982E-05 0.136217 0.48775 0.0183741 0.00591554
9.9955E-05 0.466072 9.9955E-05 9.9955E-05 9.9955E-05 9.9955E-05 0.413303 0.107185 0.0129407
9.9973E-05 0.43785 0.178243 9.9973E-05 0.0085511 0.0549717 0.305636 9.9973E-05 0.0144485
9.9964E-05 0.222766 9.9964E-05 0.136962 9.9964E-05 0.026788 0.594863 0.0182202 9.9964E-05
9.9955E-05 0.445424 9.9955E-05 9.9955E-05 0.0762042 9.9955E-05 0.403029 9.9955E-05 0.074843
9.9982E-05 0.551581 0.156375 0.00497426 0.0228799 9.9982E-05 0.122641 0.028711 0.112638
0.171775 0.185515 0.444342 0.00116428 0.0373068 9.9991E-05 0.00832743 0.149353 0.00211687
9.9973E-05 0.319533 0.267877 0.0680285 0.135243 0.102248 9.9973E-05 9.9973E-05 0.106771
0.0245911 0.457661 0.156974 9.9973E-05 0.0872709 9.9973E-05 9.9973E-05 0.142079 0.131123
0.0248472 0.56356 0.00109026 0.0866817 0.0937202 0.0986115 0.0879041 0.0233648 0.02022
0.0447654 0.438729 0.448656 9.9973E-05 0.0233634 9.9973E-05 9.9973E-05 0.0101433 0.0340433
0.016806 0.5962 0.23824 9.9973E-05 0.0187942 9.9973E-05 0.0942623 0.0353977 9.9973E-05
9.9964E-05 0.444246 0.287832 9.9964E-05 0.167597 9.9964E-05 9.9964E-05 0.0727247 0.0272006
0.00453232 0.533095 9.9973E-05 9.9973E-05 0.0842818 9.9973E-05 0.157295 0.112544 0.107951
0.0792041 0.60714 0.164512 9.9973E-05 0.0846304 9.9973E-05 0.0382425 9.9973E-05 0.0259718
0.00939798 0.546738 0.346489 9.9964E-05 0.0298201 9.9964E-05 0.0671554 9.9964E-05 9.9964E-05
9.9964E-05 0.485601 0.385925 9.9964E-05 0.0796899 9.9964E-05 0.0158029 0.0325817 9.9964E-05
0.0433487 0.644999 0.0113514 0.0575105 0.0455472 0.171958 0.0250851 9.9982E-05 9.9982E-05
0.115763 0.56446 9.9973E-05 9.9973E-05 0.0260467 0.0771887 9.9973E-05 0.0907309 0.125511
0.00635222 0.503774 0.168298 0.080039 0.0973525 9.9982E-05 0.00124543 0.142738 9.9982E-05
0.0578567 0.58642 0.075168 0.0797873 0.0575005 0.0991719 0.0179255 9.9991E-05 0.0260698
0.0402622 0.443487 0.142941 0.0709892 0.110147 9.9982E-05 0.0698975 0.122077 9.9982E-05
0.0819451 0.234865 0.351641 0.0446151 0.0716013 0.00669375 9.9991E-05 0.140489 0.0680502
0.0403695 0.575781 0.2237 0.0785869 0.0478747 9.9973E-05 0.0333873 9.9973E-05 9.9973E-05
0.0381878 0.657775 0.0680488 9.9964E-05 0.0518188 9.9964E-05 9.9964E-05 0.18377 9.9964E-05
0.0234872 0.175548 0.412851 0.0525577 0.162607 9.9982E-05 0.134007 0.0387422 9.9982E-05
0.236811 0.089643 0.285097 0.00300319 0.111978 9.9982E-05 0.148162 0.125106 9.9982E-05
0.0486948 0.458292 0.239543 0.0903803 0.102064 9.9973E-05 0.0607258 9.9973E-05 9.9973E-05
0.106047 0.0550846 0.198193 0.00567511 0.184131 9.9982E-05 0.217952 0.232718 9.9982E-05
9.9973E-05 0.211654 0.478303 9.9973E-05 0.107619 9.9973E-05 0.0924564 0.0829474 0.0267205
9.9973E-05 0.405681 0.2974 9.9973E-05 0.0976471 9.9973E-05 0.149164 0.0489557 0.000851059
9.9973E-05 0.269873 0.419062 9.9973E-05 0.100715 9.9973E-05 0.124012 0.0275187 0.0585196
9.9982E-05 0.183343 0.335691 0.0650401 0.147474 0.096177 0.148459 0.0236163 9.9982E-05
9.99694E-05 0.584437 0.24456 0.00202023 9.99694E-05 9.99694E-05 0.0576297 9.99694E-05 0.110953
0.043093 0.51727 0.0589153 0.0448008 0.114794 0.0486501 0.106611 0.00445523 0.0614097
9.9982E-05 0.540224 0.172633 0.026876 0.0268736 9.9982E-05 0.102588 0.0697034 0.0609015
0.138926 0.0839425 0.39418 0.0310384 0.117452 0.0514739 0.172766 0.0101212 9.9991E-05
0.050802 0.495527 9.9982E-05 9.9982E-05 0.107714 0.0429974 0.147685 0.0109476 0.144127
0.122435 0.447305 0.11882 9.9973E-05 9.9973E-05 0.193631 0.0880818 9.9973E-05 0.0294275
0.21231 9.9982E-05 0.0461519 9.9982E-05 0.0833428 0.301104 0.154162 0.138631 0.0640996
0.0445936 0.599759 9.9982E-05 0.0546817 9.9982E-05 0.14065 0.0526128 0.027498 0.0800051
0.182598 0.344544 0.06283 9.9991E-05 0.0547038 0.184973 0.141987 0.015505 0.0127592
0.138619 0.40593 0.119508 0.104195 9.9982E-05 0.0774882 0.124337 0.0297218 9.9982E-05
0.217412 0.220384 0.122955 9.9982E-05 0.0342785 0.271248 0.0788707 0.0546513 9.9982E-05
0.0650808 0.124985 0.0782727 9.9991E-05 0.104514 0.366197 0.0688964 0.121565 0.0703891
0.0834389 0.403103 0.0141193 9.9982E-05 0.0609578 0.21262 0.0166126 0.208948 9.9982E-05
0.17526 0.469694 9.9991E-05 0.0218754 0.119425 0.0775909 0.11259 0.00823404 0.0152314
9.9982E-05 0.419178 0.0423495 0.0585844 0.0065534 0.173597 0.137044 9.9982E-05 0.162494
0.159392 9.9991E-05 0.0682218 0.137548 0.0378608 0.265257 0.265033 0.0544567 0.0121293
9.9973E-05 0.584103 0.160365 9.9973E-05 0.0395639 0.0428308 9.9973E-05 0.0808194 0.0920181
0.0447989 0.246276 0.132296 9.9973E-05 9.9973E-05 0.408245 0.163796 0.00428784 9.9973E-05
0.0661909 0.312985 0.167048 9.9982E-05 0.00707615 0.245168 0.127534 0.0737979 9.9982E-05
0.189001 0.543496 0.0168979 0.0399504 0.0320944 0.140866 9.9982E-05 0.0374949 9.9982E-05
0.161592 0.127019 9.9973E-05 0.223244 0.0166046 0.197943 9.9973E-05 9.9973E-05 0.273298
0.472953 9.9955E-05 9.9955E-05 0.0872583 9.9955E-05 0.0605335 9.9955E-05 9.9955E-05 0.378755
0.567102 9.9964E-05 9.9964E-05 0.065249 9.9964E-05 0.106702 9.9964E-05 0.00283903 0.257709
0.271434 0.104423 0.0180105 0.216395 9.9973E-05 0.106656 9.9973E-05 9.9973E-05 0.282782
9.9955E-05 0.573796 9.9955E-05 9.9955E-05 9.9955E-05 0.303084 0.0811555 0.0414643 9.9955E-05
0.0393752 0.514377 9.9991E-05 0.0125711 0.0239311 0.199986 0.0945658 0.0221117 0.0929825
9.9955E-05 0.246038 0.0633895 0.677379 9.9955E-05 9.9955E-05 0.0126937 9.9955E-05 9.9955E-05
0.0176308 0.209238 0.168837 0.518948 0.0327226 9.9982E-05 0.0356348 0.0167889 9.9982E-05
9.9973E-05 0.305845 0.0468909 0.477546 0.110782 0.0176634 9.9973E-05 9.9973E-05 0.0409723
0.0775638 0.229945 0.0252743 9.9964E-05 9.9964E-05 0.442396 9.9964E-05 0.224421 9.9964E-05
0.0610489 0.480661 0.0446268 0.0137847 0.081144 0.085294 0.102604 0.103753 0.0270839
0.0775488 0.0741554 0.0697665 9.9973E-05 9.9973E-05 0.549043 0.00385984 0.225327 9.9973E-05
0.0326928 0.555965 0.072674 9.9973E-05 9.9973E-05 0.277576 0.0033708 0.0574214 9.9973E-05
9.9991E-05 0.400576 0.142034 0.0113696 0.00852385 0.285845 0.0137529 0.132061 0.00573741
0.000956276 0.513607 9.9982E-05 0.0810907 0.0545154 0.277004 0.0152004 0.0574259 9.9982E-05
0.0834604 0.0641473 0.148961 0.00941185 9.9982E-05 0.513749 0.111353 0.0687177 9.9982E-05
0.00445622 0.523594 9.9973E-05 0.087839 9.9973E-05 0.176435 0.151949 0.0554272 9.9973E-05
9.9964E-05 0.494055 0.080911 9.9964E-05 9.9964E-05 0.268725 9.9964E-05 0.0251805 0.130728
0.00283539 0.0239958 9.9973E-05 0.947803 9.9973E-05 0.00695919 9.9973E-05 0.015373 0.00273321
9.9973E-05 0.0359932 0.000510927 0.915168 0.00274358 0.00592254 9.9973E-05 0.0393622 9.9973E-05
9.9973E-05 0.205663 0.00646293 0.608881 0.0667758 0.0353584 0.0765594 9.9973E-05 9.9973E-05
9.9964E-05 0.370463 9.9964E-05 0.586421 0.0292614 9.9964E-05 9.9964E-05 0.00715922 0.00629509
9.9955E-05 0.0682147 9.9955E-05 0.860214 0.0333188 0.037753 9.9955E-05 9.9955E-05 9.9955E-05
9.993E-05 9.993E-05 9.993E-05 0.999201 9.993E-05 9.993E-05 9.993E-05 9.993E-05 9.993E-05
9.9937E-05 9.9937E-05 9.9937E-05 0.969336 9.9937E-05 9.9937E-05 9.9937E-05 0.0299643 9.9937E-05
9.9937E-05 0.194085 9.9937E-05 0.805216 9.9937E-05 9.9937E-05 9.9937E-05 9.9937E-05 9.9937E-05
9.9955E-05 0.0317489 0.0318089 0.929979 0.00596326 9.9955E-05 9.9955E-05 9.9955E-05 9.9955E-05
9.993E-05 9.993E-05 9.993E-05 0.999201 9.993E-05 9.993E-05 9.993E-05 9.993E-05 9.993E-05
0.00849137 9.9937E-05 9.9937E-05 0.990809 9.9937E-05 9.9937E-05 9.9937E-05 9.9937E-05 9.9937E-05
9.9982E-05 0.191434 0.00192581 0.742339 9.9982E-05 0.0318749 0.0147915 0.0146205 0.00281476
0.00545464 0.132164 9.9964E-05 0.748678 9.9964E-05 0.0183546 9.9964E-05 9.9964E-05 0.0949492
9.9946E-05 9.9946E-05 9.9946E-05 0.967911 0.0293123 9.9946E-05 0.0021775 9.9946E-05 9.9946E-05
0.0415546 0.31974 0.102782 0.404831 9.9973E-05 0.0784239 9.9973E-05 9.9973E-05 0.0523689
9.9955E-05 0.11445 9.9955E-05 0.734043 0.104874 9.9955E-05 0.0461327 9.9955E-05 9.9955E-05
0.0511374 0.240463 9.9964E-05 0.63185 0.0221259 9.9964E-05 9.9964E-05 9.9964E-05 0.0540232
9.9955E-05 0.0945042 0.0189799 0.835738 9.9955E-05 9.9955E-05 9.9955E-05 9.9955E-05 0.0502779
0.00980608 9.9937E-05 9.9937E-05 0.989494 9.9937E-05 9.9937E-05 9.9937E-05 9.9937E-05 9.9937E-05
0.0134011 0.033786 9.9964E-05 0.873418 0.0632826 9.9964E-05 0.0157128 9.9964E-05 9.9964E-05
9.9946E-05 9.9946E-05 9.9946E-05 0.962968 9.9946E-05 0.0112861 9.9946E-05 9.9946E-05 0.0251461
9.9973E-05 0.167379 9.9973E-05 0.674739 0.070351 0.00898327 9.9973E-05 0.0339832 0.0442645
9.9955E-05 0.0516706 9.9955E-05 0.875441 9.9955E-05 9.9955E-05 9.9955E-05 0.0143268 0.0580622
0.209743 9.9955E-05 9.9955E-05 9.9955E-05 9.9955E-05 0.482862 9.9955E-05 0.0354779 0.271418
0.0811667 0.380696 0.0293149 0.081801 0.120707 0.144099 0.0121713 9.9991E-05 0.149944
0.00969341 0.429158 9.9973E-05 0.0121915 9.9973E-05 0.254589 9.9973E-05 0.042426 0.251642
0.254909 0.136625 9.9973E-05 0.0854801 9.9973E-05 0.397077 0.0249907 9.9973E-05 0.100618
0.0849177 0.427081 0.126853 0.119207 0.0226239 0.164055 9.9982E-05 9.9982E-05 0.0550629
0.241492 0.107124 0.0139989 0.133451 9.9991E-05 0.259332 0.0682647 0.0469528 0.129285
0.0404166 0.445231 0.0982276 0.0219834 0.00412781 0.0795771 0.0137869 0.0858454 0.210804
0.150657 0.196148 9.9973E-05 0.18771 9.9973E-05 0.397179 9.9973E-05 0.00399622 0.0640101
0.0664963 0.396636 9.9982E-05 0.1019 9.9982E-05 0.213636 0.0597895 0.0246795 0.136663
0.146868 0.261647 9.9964E-05 0.211506 9.9964E-05 0.326604 9.9964E-05 9.9964E-05 0.0529757
9.9982E-05 0.353094 0.0366162 0.132864 9.9982E-05 0.265256 0.0206814 0.0453977 0.145891
9.9955E-05 0.0208363 9.9955E-05 9.9955E-05 0.0902136 0.0993086 9.9955E-05 9.9955E-05 0.789142
9.9964E-05 9.9964E-05 9.9964E-05 0.052514 0.0233316 9.9964E-05 0.00251338 0.038241 0.883
0.0554857 9.9955E-05 9.9955E-05 9.9955E-05 0.0484454 9.9955E-05 0.000388631 9.9955E-05 0.895181
9.9946E-05 0.0160064 9.9946E-05 9.9946E-05 0.0800585 9.9946E-05 9.9946E-05 9.9946E-05 0.903335
0.0390496 0.0379977 0.0520052 9.9973E-05 0.019774 0.0160754 9.9973E-05 9.9973E-05 0.834798
0.0652287 9.9964E-05 0.00256784 0.0857495 9.9964E-05 9.9964E-05 0.0257791 9.9964E-05 0.820275
9.9946E-05 0.0365113 9.9946E-05 0.077118 9.9946E-05 9.9946E-05 9.9946E-05 9.9946E-05 0.885771
0.106444 0.0222991 9.9955E-05 9.9955E-05 9.9955E-05 9.9955E-05 9.9955E-05 0.0334628 0.837295
9.9973E-05 0.0460954 0.0304317 0.0094346 9.9973E-05 9.9973E-05 0.00280954 0.017913 0.893016
0.10734 0.0271365 9.9964E-05 0.0662664 0.0221413 9.9964E-05 9.9964E-05 9.9964E-05 0.776716
9.9955E-05 9.9955E-05 0.271486 9.9955E-05 9.9955E-05 9.9955E-05 0.0847224 0.0105361 0.632756
0.055134 9.9964E-05 0.170306 9.9964E-05 0.220606 9.9964E-05 0.0206005 9.9964E-05 0.532954
0.0290329 9.9973E-05 0.341915 9.9973E-05 0.0838167 9.9973E-05 0.00768207 0.00453191 0.532721
9.9964E-05 9.9964E-05 0.34678 9.9964E-05 0.0789156 0.0597338 0.0162873 9.9964E-05 0.497883
9.9973E-05 0.493233 0.169011 9.9973E-05 0.00931328 9.9973E-05 0.115116 0.109358 0.103669
9.9982E-05 0.377818 0.170679 0.106431 0.027566 9.9982E-05 0.218596 0.0805509 0.0181599
9.9982E-05 0.479555 0.211567 0.014564 0.0165937 9.9982E-05 0.145733 0.0901683 0.0416187
0.041069 0.321457 0.287178 9.9982E-05 0.099726 9.9982E-05 0.158607 0.0643885 0.027374
9.9964E-05 0.0855017 0.493248 9.9964E-05 0.275478 0.0637273 0.0816443 9.9964E-05 9.9964E-05
9.9973E-05 0.545975 9.9973E-05 0.0943594 0.0836454 0.0466908 0.161709 0.0673206 9.9973E-05
9.9955E-05 0.546444 0.0264668 9.9955E-05 0.0496793 9.9955E-05 0.37691 9.9955E-05 9.9955E-05
0.0364783 0.48767 0.0726306 9.9973E-05 0.0722779 0.0572995 0.273344 9.9973E-05 9.9973E-05
9.9955E-05 0.294254 9.9955E-05 0.0513417 9.9955E-05 0.0269822 0.626922 9.9955E-05 9.9955E-05
9.9964E-05 0.641572 9.9964E-05 9.9964E-05 0.0995422 9.9964E-05 0.154162 0.0575071 0.0468175
0.00706551 0.384413 0.026756 9.9973E-05 0.0948275 9.9973E-05 0.387456 0.0991817 9.9973E-05
9.9955E-05 9.9955E-05 9.9955E-05 9.9955E-05 0.062848 0.009693 0.701778 0.225182 9.9955E-05
0.035716 0.448559 0.238042 9.9973E-05 0.00483658 0.109594 0.162953 9.9973E-05 9.9973E-05
0.0408339 0.181867 9.9973E-05 0.040172 9.9973E-05 0.0662819 0.541451 0.129094 9.9973E-05
0.00968455 0.408406 0.0182679 0.0339016 9.9982E-05 0.00318329 0.403934 0.122423 9.9982E-05
9.9964E-05 0.105516 0.185359 9.9964E-05 0.0519634 9.9964E-05 0.618049 9.9964E-05 0.0387132
0.0323181 9.9964E-05 9.9964E-05 9.9964E-05 0.749507 0.133238 0.0420481 9.9964E-05 0.0424892
9.9964E-05 9.9964E-05 9.9964E-05 0.00188667 0.748775 0.175478 9.9964E-05 0.0247227 0.0487377
9.9946E-05 9.9946E-05 9.9946E-05 9.9946E-05 0.863167 0.120958 9.9946E-05 0.0152753 9.9946E-05
9.9955E-05 9.9955E-05 9.9955E-05 9.9955E-05 0.767055 0.0887239 9.9955E-05 0.0835917 0.0601298
9.9955E-05 9.9955E-05 0.0593782 0.0579394 0.759694 0.122488 9.9955E-05 9.9955E-05 9.9955E-05
0.0260737 0.0892719 9.9964E-05 0.0331587 0.824643 0.0264525 9.9964E-05 9.9964E-05 9.9964E-05
0.0245408 0.0801462 9.9973E-05 0.0256993 0.00241236 9.9973E-05 0.00942209 9.9973E-05 0.857479
0.0016901 0.0632703 0.0571132 0.040277 0.0162781 9.9973E-05 9.9973E-05 9.9973E-05 0.821071
9.9946E-05 0.157335 9.9946E-05 0.0758796 9.9946E-05 9.9946E-05 9.9946E-05 9.9946E-05 0.766186
9.9955E-05 0.0239296 0.0938446 0.117241 9.9955E-05 9.9955E-05 9.9955E-05 9.9955E-05 0.764485
9.9964E-05 0.112785 9.9964E-05 0.0648588 0.0267983 0.0411109 9.9964E-05 9.9964E-05 0.754047
9.9964E-05 9.9964E-05 0.0610188 9.9964E-05 0.471838 0.0432107 0.0331498 9.9964E-05 0.390383
9.9955E-05 9.9955E-05 9.9955E-05 9.9955E-05 0.322907 9.9955E-05 0.0925142 0.116884 0.467195
9.9955E-05 9.9955E-05 9.9955E-05 9.9955E-05 0.367535 9.9955E-05 0.0820062 0.105901 0.444058
9.9946E-05 0.167245 0.0136465 9.9946E-05 9.9946E-05 9.9946E-05 9.9946E-05 9.9946E-05 0.818509
9.9964E-05 9.9964E-05 0.050786 9.9964E-05 0.448315 0.00550679 0.10482 9.9964E-05 0.390172
0.202885 0.340527 9.9973E-05 0.259512 9.9973E-05 0.000579374 9.9973E-05 0.0327246 0.163473
0.0701444 0.533211 0.0585334 0.206804 0.0487063 9.9973E-05 9.9973E-05 9.9973E-05 0.0823007
0.0335818 0.588347 9.9955E-05 0.19533 9.9955E-05 9.9955E-05 9.9955E-05 9.9955E-05 0.182241
0.116403 0.365066 0.00636054 0.147221 9.9982E-05 0.0384256 0.121247 9.9982E-05 0.205076
9.9982E-05 0.399697 9.9982E-05 0.26199 0.00343141 0.101002 0.0548112 0.0416175 0.137251
0.269083 9.9955E-05 9.9955E-05 0.286094 9.9955E-05 0.120721 9.9955E-05 9.9955E-05 0.323602
9.9982E-05 0.374725 0.274533 9.9982E-05 0.125527 0.0926236 0.0672128 0.0591777 0.00600149
0.0744921 0.2848 0.271991 0.0114415 0.0607019 9.9982E-05 0.146833 0.14954 9.9982E-05
9.9955E-05 0.175623 0.667446 9.9955E-05 0.0410378 9.9955E-05 9.9955E-05 9.9955E-05 0.115393
0.0586263 0.464663 0.0814005 9.9982E-05 0.0802823 0.0104238 0.0800165 0.224387 9.9982E-05
0.243782 9.9964E-05 0.144648 9.9964E-05 0.038221 9.9964E-05 0.279193 0.293756 9.9964E-05
0.131755 0.448274 0.114338 9.9973E-05 0.0797727 9.9973E-05 0.217537 0.00802367 9.9973E-05
9.9982E-05 0.392404 0.2713 9.9982E-05 0.0489234 0.0472049 0.0381853 0.15578 0.0460025
9.9982E-05 0.281768 0.519769 9.9982E-05 0.0812837 0.0528066 0.0229619 0.0269538 0.0142573
9.9991E-05 0.451766 0.169903 0.131307 0.0246403 0.0529844 0.0580424 0.0264729 0.0847841
0.17828 9.9964E-05 0.574036 9.9964E-05 9.9964E-05 0.0210752 0.110433 0.115777 9.9964E-05
0.0425544 0.397997 0.203757 0.028311 0.0815472 0.0836315 0.0358869 0.126216 9.9991E-05
0.0243159 0.507963 0.21753 0.0478171 0.16524 0.00166758 0.0352664 9.9982E-05 9.9982E-05
0.0760709 0.325009 0.107603 0.156173 0.0683977 9.9982E-05 0.145935 9.9982E-05 0.120611
0.013405 0.312191 0.366106 0.0198029 0.0164262 0.100943 0.00404279 0.166982 9.9991E-05
0.0733856 0.408931 0.200164 0.000878971 0.0924595 9.9982E-05 0.0193069 0.204674 9.9982E-05
0.0813357 0.373431 0.145871 0.0906622 0.0340695 0.0146244 0.0379143 0.199604 0.0224882
9.9973E-05 0.529817 0.200909 9.9973E-05 0.0599931 0.0588846 0.137186 0.01291 9.9973E-05
0.0182472 0.535153 0.118441 0.0303056 0.0753143 0.0799035 0.0708804 0.0371065 0.0346482
0.019456 0.482422 0.17181 0.0392896 0.00377681 0.00437054 0.158581 0.0262751 0.0940199
0.0909368 0.446876 0.12395 0.0572477 0.134354 0.0832992 9.9982E-05 9.9982E-05 0.0631359
9.9955E-05 0.105413 9.9955E-05 0.105501 9.9955E-05 0.0295872 9.9955E-05 9.9955E-05 0.758999
9.9973E-05 0.0937918 9.9973E-05 0.0437454 9.9973E-05 0.0372075 0.00436785 0.0247246 0.795863
0.000132713 0.0179866 9.9973E-05 9.9973E-05 0.00268861 0.133983 0.0675702 9.9973E-05 0.777338
0.0041988 0.0151656 9.9982E-05 0.0737577 0.0499393 9.9982E-05 0.060589 0.00858303 0.787567
9.9955E-05 0.113564 9.9955E-05 0.0387649 9.9955E-05 0.0330153 9.9955E-05 9.9955E-05 0.814156
0.084229 0.0792482 0.664979 0.0230883 0.145663 9.9973E-05 9.9973E-05 9.9973E-05 0.00249316
0.0376708 0.492759 0.261944 0.0144147 9.9982E-05 0.00885307 9.9982E-05 0.110812 0.0733465
0.0309532 0.444876 0.0515948 0.117614 0.0304082 0.117172 0.0184826 9.9991E-05 0.188799
0.0318375 0.625365 0.219739 0.0106002 0.0500804 0.0267479 9.9991E-05 0.0261176 0.0094121
0.00951628 0.526462 0.26147 9.9982E-05 0.0978838 9.9982E-05 0.062088 0.0125305 0.0298501
0.0829505 0.208978 0.335849 0.0340917 0.0681926 0.0916826 9.9982E-05 0.178056 9.9982E-05
0.0759135 9.9955E-05 0.663117 9.9955E-05 0.1533 9.9955E-05 9.9955E-05 9.9955E-05 0.10717
0.0584306 0.496683 0.127829 0.00966334 0.167018 0.0537194 0.0859346 9.9991E-05 0.000622281
0.00975809 0.123657 0.365487 0.0109194 0.23763 0.0259184 0.042413 0.103471 0.0807462
0.0802239 0.340417 0.198624 0.0139976 0.103328 0.10669 0.114564 0.0229937 0.0191612
0.115845 9.9982E-05 0.541029 0.0180049 0.128037 9.9982E-05 0.0151374 0.0997186 0.0820281
9.9982E-05 0.535291 0.230878 0.0261554 0.110916 0.0193971 0.0412639 9.9982E-05 0.0358982
9.9973E-05 0.0950614 0.601687 9.9973E-05 0.149801 0.0182698 0.0382912 9.9973E-05 0.0965896
9.9991E-05 0.319577 0.312093 0.0108698 0.00457422 0.144637 0.0466051 0.0941345 0.0674096
0.0676308 0.420182 0.0325737 0.0243431 0.0709361 0.208261 0.0199821 0.138404 0.0176872
9.9973E-05 0.128996 0.0791935 9.9973E-05 0.064339 0.498646 9.9973E-05 0.203734 0.024792
0.0235531 0.459423 0.114496 0.0165765 9.9982E-05 0.259754 0.0657484 9.9982E-05 0.0602495
0.0645763 0.468677 0.2388 9.9991E-05 0.0162082 0.137429 0.0301731 0.0265651 0.0174714
0.0114805 0.224482 0.00672518 9.9982E-05 0.0160842 0.549154 0.058213 0.133662 9.9982E-05
9.9991E-05 0.359551 0.0266844 0.108718 0.0439433 0.248402 0.0414522 0.161066 0.0100838
0.00539473 0.497756 9.9982E-05 9.9982E-05 0.0322557 0.264747 0.0271596 0.139026 0.033461
9.9964E-05 9.9964E-05 0.0347552 9.9964E-05 0.0296803 0.697003 0.126855 0.111307 9.9964E-05
0.0808347 0.156959 9.9964E-05 9.9964E-05 9.9964E-05 0.590341 0.0704396 0.101026 9.9964E-05
9.9973E-05 0.405499 9.9973E-05 9.9973E-05 0.0871493 0.336735 0.00690757 0.136054 0.0273555
9.9964E-05 0.0551143 0.0934447 9.9964E-05 9.9964E-05 0.624949 0.160561 0.0655309 9.9964E-05
0.0220855 0.373416 0.13083 9.9973E-05 0.0196076 0.415888 0.0378734 9.9973E-05 9.9973E-05
0.0465572 0.0205374 0.682997 9.9982E-05 0.142942 9.9982E-05 0.0681554 0.0124296 0.0261814
0.0409417 0.183179 0.376226 9.9973E-05 0.110241 9.9973E-05 0.0746568 0.214455 9.9973E-05
9.9982E-05 0.291474 0.453801 0.0420271 0.133834 9.9982E-05 0.0237118 0.0421613 0.0127914
0.101941 0.538176 0.219909 0.0642286 0.0467939 9.9982E-05 0.00971695 0.0190351 9.9982E-05
9.9964E-05 0.157557 0.576522 0.00543267 0.126405 9.9964E-05 0.133682 9.9964E-05 9.9964E-05
0.0848182 0.424941 0.204614 0.106345 0.0400152 0.0453522 9.9991E-05 0.0910221 0.0027922
0.0109507 0.537207 0.150776 9.9973E-05 0.112329 9.9973E-05 0.0808666 9.9973E-05 0.107571
0.0570409 0.539871 0.288423 0.0102534 0.0186471 0.0421561 0.0271392 0.0163701 9.9991E-05
9.9973E-05 0.302853 0.215154 0.190363 0.0804498 9.9973E-05 0.100946 0.109934 9.9973E-05
9.9982E-05 0.374788 0.279754 0.0378132 0.144189 9.9982E-05 0.129943 0.031452 0.00186014
9.9964E-05 0.181199 0.594744 0.0253388 0.131557 9.9964E-05 0.0667618 9.9964E-05 9.9964E-05
9.9982E-05 0.233953 0.426353 0.128085 0.160868 0.0128396 9.9982E-05 0.0374091 0.000292749
0.0491839 0.622177 0.189257 0.0155846 0.0310805 9.9982E-05 0.0295006 0.0630163 9.9982E-05
0.072797 0.631259 0.198409 0.0234558 0.027353 9.9973E-05 0.0464259 9.9973E-05 9.9973E-05
0.10054 0.42226 0.236973 9.9964E-05 0.112459 9.9964E-05 9.9964E-05 0.127368 9.9964E-05
0.0741227 0.513555 0.167959 0.0224099 0.099983 9.9973E-05 9.9973E-05 0.12167 9.9973E-05
0.0732048 0.27637 0.392522 0.0284966 0.14462 0.0254178 9.9982E-05 9.9982E-05 0.0591694
9.9973E-05 0.548703 0.212988 0.0315334 0.139628 0.0445482 9.9973E-05 0.0223001 9.9973E-05
9.9982E-05 0.470962 0.244179 0.0596087 0.109079 0.0168206 9.9982E-05 0.0427931 0.0563575
9.9973E-05 0.402202 0.24665 0.113756 9.9973E-05 9.9973E-05 0.0729468 0.0839879 0.0801575
0.106358 0.408341 0.00625738 0.106803 9.9982E-05 0.0162974 0.0680712 9.9982E-05 0.287672
0.0825193 0.425546 9.9982E-05 0.218254 0.0145466 9.9982E-05 0.113299 0.0229348 0.122699
0.1232 0.59874 0.13728 0.0124823 0.00067784 0.0204421 9.9982E-05 9.9982E-05 0.106979
0.0607857 0.575232 0.10297 0.0936471 9.9982E-05 0.0463647 9.9982E-05 0.0645102 0.0562905
0.0481881 0.430517 0.132384 0.189058 9.9982E-05 0.0172591 9.9982E-05 0.00455716 0.177837
0.0119719 0.340149 0.262139 0.057664 0.0951394 0.150654 0.0352043 0.046978 9.9991E-05
0.0805641 0.632242 9.9973E-05 0.0255343 9.9973E-05 0.105607 0.0413532 9.9973E-05 0.1144
0.321509 9.9973E-05 0.127102 0.107327 9.9973E-05 0.165187 0.149542 9.9973E-05 0.129034
0.0129421 0.372478 0.114518 0.214836 0.0257791 0.155255 0.0388967 9.9991E-05 0.0651953
0.0715949 0.526303 0.0540594 0.150171 0.00723669 9.9991E-05 0.0627455 0.0233112 0.104478
0.09752 0.424055 0.199155 0.173405 0.0151337 0.0192703 9.9991E-05 0.039744 0.031617
0.155912 0.319445 0.134299 0.048514 0.0227705 0.0474108 0.0620813 0.0219309 0.187637
0.144942 0.536628 9.9982E-05 0.138312 0.00406777 0.0498794 0.0227801 9.9982E-05 0.10319
0.097706 0.629174 0.00130053 0.0418771 0.0498709 0.00290062 9.9991E-05 0.0395326 0.137539
0.510655 9.9964E-05 0.017452 0.107398 9.9964E-05 9.9964E-05 0.0251851 9.9964E-05 0.33891
9.9964E-05 0.484656 0.179077 0.163633 0.00246737 9.9964E-05 9.9964E-05 9.9964E-05 0.169767
0.0124736 0.452908 0.0616368 0.20679 9.9991E-05 0.0574083 0.0328547 0.048039 0.12779
0.0456729 0.592166 9.9991E-05 0.101033 0.042204 0.070802 0.0550144 0.0234868 0.069521
0.117552 0.536598 9.9973E-05 0.151908 9.9973E-05 0.0500857 9.9973E-05 0.0144853 0.129071
0.0243193 0.40742 0.0334739 0.206321 9.9991E-05 0.130794 0.00456449 0.0646626 0.128345
9.9982E-05 0.44168 9.9982E-05 0.0174714 0.050048 0.0224702 0.0182145 0.401142 0.0487744
0.0309651 0.436425 9.9982E-05 0.0185713 0.0961071 9.9982E-05 0.055879 0.223486 0.138367
9.9955E-05 9.9955E-05 0.163621 9.9955E-05 9.9955E-05 0.0503216 0.0795117 0.706046 9.9955E-05
9.9964E-05 9.9964E-05 0.0603461 9.9964E-05 0.0147014 0.0952184 0.0167615 0.812573 9.9964E-05
0.0540346 0.384025 0.097602 0.156255 9.9982E-05 9.9982E-05 0.00516479 0.29893 0.00378882
0.174595 0.357684 0.0409458 0.259495 9.9982E-05 0.034811 9.9982E-05 0.0754726 0.0567969
0.181393 0.288929 9.9964E-05 0.266753 9.9964E-05 9.9964E-05 9.9964E-05 0.228498 0.0340275
0.228188 0.150326 0.0512916 0.253511 9.9982E-05 0.0498548 9.9982E-05 0.182458 0.0841705
0.140493 0.365887 9.9964E-05 0.184102 9.9964E-05 9.9964E-05 9.9964E-05 0.162929 0.146189
0.167731 0.0276226 9.9964E-05 0.0656578 9.9964E-05 9.9964E-05 9.9964E-05 0.692196 0.0463926
0.150346 0.180377 9.9964E-05 0.0454724 9.9964E-05 9.9964E-05 9.9964E-05 0.59312 0.0302847
0.0196458 0.553628 9.9964E-05 0.0164082 9.9964E-05 9.9964E-05 9.9964E-05 0.391185 0.0187331
9.9955E-05 0.426967 9.9955E-05 0.118148 9.9955E-05 9.9955E-05 9.9955E-05 0.448223 0.00616176
0.0542966 0.156444 9.9964E-05 0.0591044 9.9964E-05 9.9964E-05 9.9964E-05 0.664842 0.0649131
9.9973E-05 0.465035 0.127466 0.0987888 9.9973E-05 0.0127282 9.9973E-05 0.215586 0.0800969
0.0545591 0.588378 9.9973E-05 0.0164609 0.0157082 0.00382879 9.9973E-05 0.320765 9.9973E-05
0.0952523 0.356252 0.0351377 0.141046 0.0226889 0.0879299 9.9991E-05 0.25612 0.00547347
9.9982E-05 0.251777 0.0251167 9.9982E-05 0.0735578 0.0302646 0.0247555 0.568493 0.0258358
9.9964E-05 0.311297 0.0970333 9.9964E-05 9.9964E-05 0.0695447 0.00467594 0.517049 9.9964E-05
0.0344489 0.531851 9.9982E-05 9.9982E-05 0.0618527 0.043856 0.0155146 0.310213 0.00206389
9.9991E-05 0.414089 0.0420502 0.00424482 0.083747 0.0329819 0.0814303 0.273035 0.0683212
0.0735351 0.445736 0.0318609 0.0532673 0.137309 0.00158658 0.100967 0.155638 9.9991E-05
9.9964E-05 0.419213 0.0910976 9.9964E-05 9.9964E-05 0.114752 9.9964E-05 0.37367 0.000867574
9.9955E-05 0.159591 9.9955E-05 9.9955E-05 0.0522623 0.0445537 9.9955E-05 0.743093 9.9955E-05
0.059137 0.545185 9.9964E-05 9.9964E-05 9.9964E-05 0.0688788 0.00354059 0.322859 9.9964E-05
9.9964E-05 0.143766 0.0832465 0.0166339 9.9964E-05 9.9964E-05 0.0188438 0.73711 9.9964E-05
9.99459E-05 0.41285 9.99459E-05 9.99459E-05 0.0433624 9.99459E-05 9.99459E-05 0.543188 9.99459E-05
9.9946E-05 0.576515 9.9946E-05 9.9946E-05 9.9946E-05 9.9946E-05 9.9946E-05 0.294636 0.12825
9.9964E-05 0.365414 0.121165 9.9964E-05 9.9964E-05 9.9964E-05 0.102422 0.368108 0.0424918
9.9973E-05 0.397988 0.0231641 0.25401 9.9973E-05 0.160047 9.9973E-05 0.0145119 0.14998
0.0820031 0.40255 0.0382653 0.0945192 0.032377 0.0462232 9.9991E-05 0.215531 0.0884312
0.104455 0.314808 0.00825577 0.176112 0.030008 0.110164 0.047982 0.0583639 0.149851
0.071908 0.360216 0.00398461 0.195832 0.0925507 0.115718 9.9991E-05 0.0395939 0.120098
0.0864569 0.333853 0.188488 0.235877 9.9982E-05 9.9982E-05 0.0502054 0.0326838 0.0722359
0.0988632 0.332817 9.9973E-05 0.174463 9.9973E-05 0.221499 9.9973E-05 0.0803091 0.0917478
0.16015 9.9964E-05 9.9964E-05 0.0605102 0.0145016 9.9964E-05 9.9964E-05 0.630734 0.133705
0.00276359 0.587962 9.9982E-05 0.143056 0.0146088 0.106864 9.9982E-05 0.0317634 0.112783
0.212349 9.9955E-05 9.9955E-05 0.0553875 9.9955E-05 9.9955E-05 9.9955E-05 0.445449 0.286315
9.9955E-05 0.426569 9.9955E-05 0.204252 9.9955E-05 9.9955E-05 9.9955E-05 0.341218 0.0274606
0.00454788 0.0455113 9.9964E-05 9.9964E-05 9.9964E-05 0.0501577 0.122995 0.776388 9.9964E-05
9.9946E-05 9.9946E-05 0.0349141 9.9946E-05 9.9946E-05 9.9946E-05 0.101183 0.863303 9.9946E-05
9.9964E-05 0.405718 0.0219848 9.9964E-05 9.9964E-05 0.0511308 0.0450981 0.475668 9.9964E-05
9.9964E-05 0.570138 9.9964E-05 9.9964E-05 0.00983524 9.9964E-05 0.0357863 0.370969 0.0128718
9.9964E-05 0.297033 9.9964E-05 9.9964E-05 0.0197258 0.0494612 0.0491951 0.584185 9.9964E-05
9.9946E-05 0.487172 9.9946E-05 9.9946E-05 9.9946E-05 9.9946E-05 0.0597548 0.452473 9.9946E-05
9.9937E-05 0.456747 9.9937E-05 9.9937E-05 9.9937E-05 9.9937E-05 9.9937E-05 0.542554 9.9937E-05
0.0554472 0.0409568 9.9973E-05 0.0673016 9.9973E-05 0.0785636 9.9973E-05 0.0078067 0.749624
0.0261948 0.0319716 0.0327953 0.0589508 0.100938 9.9991E-05 0.0242427 0.00240879 0.722398
9.9946E-05 9.9946E-05 0.0349133 0.0927051 9.9946E-05 9.9946E-05 9.9946E-05 9.9946E-05 0.871782
9.9946E-05 0.0755699 9.9946E-05 9.9946E-05 9.9946E-05 9.9946E-05 9.9946E-05 0.0181631 0.905667
0.0260387 0.464648 9.9973E-05 0.00904841 0.0415881 9.9973E-05 0.387029 9.9973E-05 0.0713478
9.9973E-05 0.467236 0.0572381 0.022506 0.0443325 9.9973E-05 0.299478 9.9973E-05 0.10891
9.9973E-05 0.515015 0.0568538 0.00430022 9.9973E-05 9.9973E-05 0.422205 0.00104848 0.000277215
9.9982E-05 0.559284 0.0339839 0.0505886 0.00625762 0.105717 0.194134 9.9982E-05 0.0498353
0.0618107 0.419258 0.0245631 0.0690124 0.0662675 0.139195 0.196687 0.0231063 9.9991E-05
9.9982E-05 0.12682 0.105504 0.0619463 0.0508858 0.0772815 0.569397 0.00796559 9.9982E-05
9.9964E-05 0.520016 9.9964E-05 0.0482409 9.9964E-05 9.9964E-05 0.36328 0.055485 0.0125784
9.9955E-05 0.335933 9.9955E-05 9.9955E-05 9.9955E-05 0.178964 0.441188 0.0434148 9.9955E-05
0.0278076 0.495936 0.0898528 0.0788823 9.9982E-05 0.022164 9.9982E-05 0.0421753 0.242982
0.00702876 0.375782 0.0208502 0.0510733 0.0858692 9.9982E-05 0.315759 0.143438 9.9982E-05
9.9946E-05 0.406369 9.9946E-05 9.9946E-05 0.0999773 9.9946E-05 0.493054 9.9946E-05 9.9946E-05
9.9964E-05 0.532141 0.0141595 9.9964E-05 9.9964E-05 0.00969573 0.418191 0.0254131 9.9964E-05
0.015526 0.398545 0.014977 9.9982E-05 0.103703 9.9982E-05 0.358641 0.0858026 0.022606
9.9955E-05 0.518858 9.9955E-05 9.9955E-05 9.9955E-05 0.0576852 0.307716 0.115241 9.9955E-05
9.9973E-05 0.556155 9.9973E-05 9.9973E-05 0.0602293 0.0096074 0.294733 0.00563429 0.0733403
9.9955E-05 0.106683 9.9955E-05 9.9955E-05 9.9955E-05 0.0147803 0.795092 0.0829449 9.9955E-05
0.0325227 0.154961 0.0432461 0.05659 9.9982E-05 0.0704687 0.625645 0.0163664 9.9982E-05
0.0392971 0.313624 9.9964E-05 9.9964E-05 0.0519832 9.9964E-05 0.579623 0.0150732 9.9964E-05
0.0446959 9.9946E-05 9.9946E-05 9.9946E-05 9.9946E-05 9.9946E-05 0.881016 0.0736889 9.9946E-05
9.9982E-05 0.390878 0.159641 0.0454516 0.0339285 0.00700601 0.334429 0.0284663 9.9982E-05
0.114154 0.069015 0.00876449 9.9973E-05 9.9973E-05 0.204642 0.59017 0.0129547 9.9973E-05
0.125729 9.9946E-05 9.9946E-05 9.9946E-05 9.9946E-05 9.9946E-05 0.784862 0.0888093 9.9946E-05
0.0218385 0.524391 9.9973E-05 9.9973E-05 0.0476808 9.9973E-05 0.305684 0.0359458 0.0641599
9.9982E-05 0.204114 0.108291 9.9982E-05 0.0156236 0.0351038 0.561302 0.0407601 0.0346046
0.00633014 0.360074 0.0624801 0.0635411 0.036728 0.0544624 0.416185 9.9982E-05 9.9982E-05
0.00749225 0.56137 0.052494 0.0726171 9.9982E-05 0.105906 0.185928 9.9982E-05 0.0139923
9.9964E-05 0.490327 0.0427745 9.9964E-05 0.0478887 0.026019 0.392591 9.9964E-05 9.9964E-05
0.0186623 0.297943 0.31688 9.9982E-05 0.105436 0.0493551 0.0950587 0.116465 9.9982E-05
9.9964E-05 0.504586 9.9964E-05 9.9964E-05 0.00843035 9.9964E-05 0.44971 0.0169775 0.019896
9.9991E-05 0.43058 0.0999864 0.0367121 0.00899612 0.0182659 0.303157 0.0657929 0.0364097
0.00818513 0.27721 9.9964E-05 9.9964E-05 0.0239716 0.0641097 0.626123 9.9964E-05 9.9964E-05
0.037196 0.618538 9.9973E-05 9.9973E-05 9.9973E-05 0.0564513 0.148613 0.0276436 0.111259
9.9964E-05 9.9964E-05 0.090998 9.9964E-05 0.124452 0.0993898 0.0468823 9.9964E-05 0.637878
0.0721603 0.0227292 0.106569 9.9982E-05 0.0248124 0.0383416 0.0344033 9.9982E-05 0.700784
9.9973E-05 9.9973E-05 0.0368041 9.9973E-05 0.0834421 0.00726235 0.0349948 0.0264801 0.810717
0.0517652 9.9964E-05 0.0212209 9.9964E-05 0.0987131 9.9964E-05 9.9964E-05 0.0555897 0.772311
9.9964E-05 0.00799527 0.0289757 9.9964E-05 0.162492 0.0974481 9.9964E-05 9.9964E-05 0.70269
9.9964E-05 0.0921869 0.173722 0.0439671 9.9964E-05 9.9964E-05 0.645862 9.9964E-05 0.0438618
