9.9982E-05 9.9982E-05 0.87251 0.0193846 0.0206544 0.0279584 0.0495034 0.00255253 0.00723658
9.9973E-05 0.00487276 0.885215 9.9973E-05 0.0357321 0.00696695 0.0167245 0.0501885 9.9973E-05
9.9982E-05 9.9982E-05 0.764666 0.0566455 0.0392717 0.00227841 0.0451097 0.00811627 0.0837121
9.9964E-05 9.9964E-05 0.679924 0.10469 0.105658 9.9964E-05 0.0609423 9.9964E-05 0.0483862
9.9946E-05 9.9946E-05 0.836126 9.9946E-05 0.0338863 9.9946E-05 9.9946E-05 9.9946E-05 0.129388
0.126158 9.9982E-05 0.556319 0.058924 0.123687 9.9982E-05 0.022442 0.00774671 0.104523
0.125669 9.9964E-05 0.729264 9.9964E-05 0.0621973 9.9964E-05 0.0817536 9.9964E-05 0.000716593
0.103471 9.9973E-05 0.678888 0.0524885 0.121996 9.9973E-05 0.0210135 0.0218426 9.9973E-05
0.01977 9.99729E-05 0.820916 9.99729E-05 0.0139047 0.0713307 0.014095 0.0596833 9.99729E-05
0.0777151 0.0228942 0.640044 0.0321684 0.0596879 9.9982E-05 0.0151995 9.9982E-05 0.152091
0.117951 9.9973E-05 0.693114 9.9973E-05 0.137822 0.0263415 0.00668796 9.9973E-05 0.0177831
0.0231675 9.9955E-05 9.9955E-05 0.0220117 9.9955E-05 0.859154 9.9955E-05 9.9955E-05 0.0951667
9.9973E-05 0.015332 9.9973E-05 0.00161482 9.9973E-05 0.41571 0.0648457 0.034587 0.467611
0.0180701 0.103114 0.0159203 0.081736 9.9991E-05 0.703052 0.033602 0.00219937 0.0422069
9.9955E-05 9.9955E-05 0.0369346 0.146196 9.9955E-05 0.701032 9.9955E-05 9.9955E-05 0.115338
9.9973E-05 0.00645054 0.167407 0.0178191 9.9973E-05 0.390906 0.0209349 9.9973E-05 0.396182
0.0178984 0.00218315 9.9982E-05 0.171633 9.9982E-05 0.405611 0.026138 0.00549214 0.370844
0.0592258 9.9973E-05 9.9973E-05 0.0182111 9.9973E-05 0.462998 0.0317766 0.0495217 0.377967
9.9964E-05 9.9964E-05 0.179775 0.00782697 9.9964E-05 0.602091 0.0151052 9.9964E-05 0.194802
0.0953145 9.9964E-05 0.0127317 9.9964E-05 0.0873611 0.775657 0.0285356 9.9964E-05 9.9964E-05
9.9982E-05 0.0565829 9.9982E-05 0.079119 0.103639 0.287562 0.0374034 0.125968 0.309526
0.176365 0.0319716 9.9982E-05 0.0583929 9.9982E-05 0.26857 0.0293602 0.0990726 0.336069
0.0728401 0.067791 0.029925 9.9982E-05 0.0893304 0.217937 9.9982E-05 0.024074 0.497903
0.00683739 0.0250262 0.0107892 0.113367 9.9991E-05 0.679019 0.000829763 0.00323218 0.160799
0.00477663 0.109862 0.00765643 9.9991E-05 0.0327988 0.114931 0.0610276 0.0435205 0.625327
0.0493884 9.9982E-05 0.00970183 0.0630508 9.9982E-05 0.38637 0.0188699 0.00778773 0.464631
9.9955E-05 9.9955E-05 9.9955E-05 0.0479044 9.9955E-05 0.827187 0.0355109 9.9955E-05 0.0888982
9.9955E-05 9.9955E-05 0.0306095 0.146497 9.9955E-05 0.796911 9.9955E-05 9.9955E-05 0.0254828
0.0539358 0.0301115 0.061 9.9973E-05 9.9973E-05 0.764716 9.9973E-05 0.0274435 0.0624937
9.993E-05 9.993E-05 9.993E-05 9.993E-05 9.993E-05 9.993E-05 0.999201 9.993E-05 9.993E-05
9.993E-05 9.993E-05 9.993E-05 9.993E-05 9.993E-05 9.993E-05 0.999201 9.993E-05 9.993E-05
9.9964E-05 0.00206776 0.497306 9.9964E-05 9.9964E-05 0.0157139 0.335888 9.9964E-05 0.148624
9.9973E-05 0.0199832 0.525883 0.0523167 9.9973E-05 9.9973E-05 0.230039 0.0464844 0.124994
0.000491112 0.0233217 0.0605259 0.00766286 0.0370777 0.109744 0.0102289 0.265287 0.485661
9.9973E-05 0.0488049 0.10073 0.0217482 9.9973E-05 0.0706845 9.9973E-05 0.310866 0.446867
0.000322962 9.9964E-05 9.9964E-05 9.9964E-05 0.00258006 9.9964E-05 0.0222518 0.421472 0.552974
9.9982E-05 0.0112122 0.0878468 9.9982E-05 0.125343 0.60252 0.0304648 0.101204 0.0412091
9.9964E-05 9.9964E-05 9.9964E-05 0.0257016 9.9964E-05 0.0570913 0.0123795 0.636242 0.268186
9.9973E-05 0.0385139 0.103203 9.9973E-05 0.0439004 0.172612 9.9973E-05 0.148974 0.492497
0.0572184 9.9982E-05 9.9982E-05 0.0670022 0.0187895 0.101275 0.0322977 0.125416 0.597801
0.125047 9.9973E-05 0.0320566 9.9973E-05 0.0755279 9.9973E-05 0.0476923 0.128674 0.590702
0.0762536 0.0368604 0.0215389 9.9991E-05 0.0479447 0.00755666 0.0533157 0.136359 0.620071
9.9973E-05 9.9973E-05 0.0400195 9.9973E-05 0.070234 0.173969 0.0388089 0.6249 0.0517692
0.222304 9.9973E-05 0.0208931 9.9973E-05 0.0429479 0.0545781 9.9973E-05 0.0646805 0.594296
0.030676 0.0145197 0.0472491 0.0623283 0.0476572 9.9991E-05 0.0367946 0.288517 0.472158
0.0440531 9.9982E-05 0.0672542 0.134966 9.9982E-05 0.107812 0.0703398 0.137335 0.43804
0.00544843 0.0197705 9.9955E-05 9.9955E-05 9.9955E-05 9.9955E-05 9.9955E-05 0.627395 0.346886
0.0241146 0.00266297 0.0676251 0.0432129 9.9973E-05 9.9973E-05 9.9973E-05 0.300842 0.561243
9.9973E-05 0.0538214 0.105304 0.0137595 9.9973E-05 0.118989 9.9973E-05 0.149824 0.558003
0.252038 9.9946E-05 0.0483286 9.9946E-05 9.9946E-05 9.9946E-05 9.9946E-05 0.699034 9.9946E-05
0.0666494 0.0907771 9.9973E-05 9.9973E-05 0.241337 0.290296 9.9973E-05 0.19362 0.117021
0.302693 0.155654 0.0113666 9.9973E-05 9.9973E-05 0.384554 9.9973E-05 0.132228 0.0132038
0.103947 9.9982E-05 9.9982E-05 0.00915501 0.0329482 0.192986 0.098484 0.0829733 0.479307
0.193107 9.9973E-05 0.0802356 0.0313489 9.9973E-05 0.0660854 0.0211908 9.9973E-05 0.607733
0.113548 0.0314804 0.0258505 0.0318529 9.9982E-05 0.146622 9.9982E-05 0.0398197 0.610627
0.0668148 0.0540892 0.101627 9.9991E-05 0.168915 0.319563 0.0270578 0.179127 0.0827073
9.9964E-05 0.0932314 9.9964E-05 9.9964E-05 0.0945687 0.179349 0.0293049 9.9964E-05 0.603146
0.0365953 9.9991E-05 0.0353011 0.107652 0.0238668 0.232104 0.0141287 0.0371989 0.513054
0.0527431 0.0353994 0.0837137 9.9991E-05 0.0206293 0.225766 0.0774632 0.225002 0.279184
0.214559 0.0174383 0.156485 0.0471099 0.0907687 0.421757 0.00808812 0.0337862 0.0100083
0.0651088 9.9982E-05 9.9982E-05 0.00905159 0.0576311 0.17406 0.0620799 0.171643 0.460226
0.0538508 0.0425135 0.111924 0.000348878 0.0535058 0.310098 9.9991E-05 0.123761 0.303899
0.119074 0.0131872 9.9973E-05 9.9973E-05 0.250596 0.416877 0.0532229 0.146743 9.9973E-05
0.0322052 0.0973611 9.9973E-05 9.9973E-05 0.0156608 0.382129 9.9973E-05 0.0669768 0.405367
0.038281 0.253361 0.000271599 0.00897531 9.9982E-05 0.0966134 0.0283458 9.9982E-05 0.573952
0.0656958 0.0736601 9.9973E-05 9.9973E-05 0.00966733 0.25597 0.0704139 9.9973E-05 0.524292
0.00620961 0.085857 0.0685708 9.9982E-05 9.9982E-05 0.477451 0.0401467 0.0949318 0.226634
0.0678007 0.0117544 9.9973E-05 9.9973E-05 9.9973E-05 0.319781 0.0976179 0.0519749 0.450772
9.9982E-05 0.049248 0.0442429 9.9982E-05 0.0922576 0.0543382 0.0597717 0.076774 0.623168
0.102307 0.120084 9.9982E-05 9.9982E-05 0.10018 0.435589 0.033444 0.091553 0.116643
0.02847 9.9955E-05 9.9955E-05 9.9955E-05 0.015593 9.9955E-05 9.9955E-05 0.407965 0.547472
9.9955E-05 9.9955E-05 9.9955E-05 9.9955E-05 9.9955E-05 0.177998 0.0103848 0.640172 0.170945
0.0895924 0.0327811 0.0518022 0.0637799 0.0971872 0.0484196 0.012275 0.179389 0.424774
0.0983131 9.9946E-05 9.9946E-05 9.9946E-05 9.9946E-05 9.9946E-05 0.0171032 0.883984 9.9946E-05
0.105265 0.0430789 9.9955E-05 9.9955E-05 9.9955E-05 0.0744912 9.9955E-05 0.776665 9.9955E-05
9.9955E-05 9.9955E-05 9.9955E-05 0.0433048 9.9955E-05 0.0238861 9.9955E-05 0.676416 0.255894
9.9964E-05 9.9964E-05 9.9964E-05 9.9964E-05 0.0109421 0.0960195 0.0122226 0.415575 0.464841
0.0584244 0.0180513 0.0323438 0.14363 0.0888206 0.00396414 0.0472769 0.18499 0.422499
9.9982E-05 0.049209 0.00741511 0.0496446 9.9982E-05 0.145864 0.0182044 0.407656 0.321807
9.9982E-05 9.9982E-05 0.0557403 0.00452649 0.125182 0.074073 0.00391072 0.587013 0.149354
9.9964E-05 9.9964E-05 9.9964E-05 9.9964E-05 0.15137 0.0727519 0.0430783 0.527928 0.204472
9.9982E-05 0.107485 0.059294 0.0711095 9.9982E-05 0.0347804 0.00666148 0.257529 0.462941
9.9973E-05 9.9973E-05 0.0366777 0.0433107 9.9973E-05 0.110465 0.0101171 0.528818 0.270311
0.0410361 0.0104622 0.0458938 9.9982E-05 9.9982E-05 0.0732866 0.0326191 0.442029 0.354473
0.0401348 9.9946E-05 9.9946E-05 9.9946E-05 9.9946E-05 9.9946E-05 9.9946E-05 0.575922 0.383343
0.210327 0.132552 0.0122212 9.9964E-05 9.9964E-05 0.0433087 9.9964E-05 0.601191 9.9964E-05
0.0208156 0.0270665 9.9973E-05 0.03286 0.0246863 9.9973E-05 9.9973E-05 0.284825 0.609447
9.9973E-05 9.9973E-05 0.742422 0.0561798 0.0204965 0.0909377 0.0176405 9.9973E-05 0.0720233
9.9946E-05 9.9946E-05 0.760918 9.9946E-05 9.9946E-05 9.9946E-05 0.126872 9.9946E-05 0.11161
9.9964E-05 9.9964E-05 0.729612 0.0471789 0.0257313 9.9964E-05 0.110492 9.9964E-05 0.0865855
0.0280387 9.9964E-05 0.801448 0.00899681 9.9964E-05 9.9964E-05 0.109647 9.9964E-05 0.05147
9.9955E-05 9.9955E-05 0.73695 0.0154374 9.9955E-05 9.9955E-05 0.111378 9.9955E-05 0.135735
0.0194392 9.9982E-05 0.769398 0.0389899 0.0625978 9.9982E-05 0.0592299 0.00711641 0.0430285
9.99461E-05 9.99461E-05 0.89008 9.99461E-05 9.99461E-05 9.99461E-05 0.0147648 9.99461E-05 0.0945559
9.9973E-05 9.9973E-05 0.0981175 0.0837657 0.053058 9.9973E-05 0.0261487 0.224003 0.514607
9.9982E-05 0.0459914 0.0117221 0.044791 9.9982E-05 0.11119 0.0590112 0.11921 0.607884
9.9946E-05 9.9946E-05 0.036984 9.9946E-05 9.9946E-05 0.14214 9.9946E-05 0.820277 9.9946E-05
0.032852 0.160229 0.0605995 0.0573437 0.025638 0.0113519 9.9991E-05 0.160327 0.491559
9.9973E-05 9.9973E-05 9.9973E-05 0.0562576 0.0204935 0.140345 0.00186842 0.428116 0.35262
0.0682287 0.0647538 0.0145671 9.9973E-05 9.9973E-05 9.9973E-05 0.0037429 0.284042 0.564366
0.0689992 0.0224254 0.0514346 0.00826986 9.9982E-05 0.0133362 9.9982E-05 0.3729 0.462435
9.9973E-05 0.0653647 0.0127059 0.0234996 9.9973E-05 9.9973E-05 0.00160609 0.452711 0.443813
9.9955E-05 9.9955E-05 0.0670629 9.9955E-05 0.0626873 0.211357 9.9955E-05 0.658393 9.9955E-05
9.9991E-05 0.137831 0.134058 0.032259 0.0675588 0.0142988 0.00938514 0.177747 0.426762
0.10973 0.0317524 0.0766683 9.9964E-05 9.9964E-05 9.9964E-05 9.9964E-05 0.171364 0.610085
9.9973E-05 9.9973E-05 0.0701439 0.150293 0.115329 9.9973E-05 0.0404227 0.272134 0.351378
0.104415 0.0714494 9.9973E-05 9.9973E-05 9.9973E-05 0.0373521 0.0355204 0.501964 0.249
9.9955E-05 0.0493308 9.9955E-05 9.9955E-05 9.9955E-05 9.9955E-05 0.0324862 0.426862 0.490822
0.00879798 0.000652076 0.0618981 9.9991E-05 0.0612132 0.103481 0.0306546 0.262102 0.471101
9.9946E-05 9.9946E-05 9.9946E-05 0.140999 9.9946E-05 9.9946E-05 9.9946E-05 0.637126 0.221276
9.9964E-05 9.9964E-05 0.0721824 9.9964E-05 0.0817986 0.025477 9.9964E-05 0.399562 0.42058
9.9973E-05 9.9973E-05 0.0741682 9.9973E-05 0.107134 0.0750639 0.0291492 0.177835 0.536349
0.0926288 0.209805 0.00619232 9.9991E-05 0.111023 0.308692 0.0531907 0.0494878 0.16888
0.0718558 9.9991E-05 0.0635257 0.067111 0.232002 0.0731195 0.0363368 0.0895188 0.366431
0.0326743 0.0661562 0.0841896 0.0342229 0.0888302 0.202751 9.9982E-05 9.9982E-05 0.490976
0.040954 0.0206268 9.9991E-05 0.00403907 0.127208 0.0263223 0.0619529 0.0451857 0.673611
9.9964E-05 0.0724797 9.9964E-05 9.9964E-05 0.0919649 0.351664 0.0880646 9.9964E-05 0.395427
0.0726339 9.9964E-05 0.00270878 9.9964E-05 0.143502 0.259076 9.9964E-05 9.9964E-05 0.521679
9.9982E-05 0.00232089 0.0392802 0.072629 0.175851 0.390512 9.9982E-05 0.0273721 0.291835
0.0766867 0.0948655 0.026611 0.067195 0.0465255 0.180671 0.00249733 0.0019652 0.502983
0.0583495 9.9982E-05 0.053193 9.9982E-05 0.113404 0.0352768 0.00869761 0.0544053 0.676474
0.0592985 9.9982E-05 0.0121723 9.9982E-05 0.0362296 0.239416 0.011262 0.0588692 0.582552
9.9973E-05 0.0111591 9.9973E-05 9.9973E-05 0.123652 0.35156 0.0301169 0.0247379 0.458475
0.0199809 0.0528571 0.00959432 9.9991E-05 0.200295 0.0414767 0.00926683 0.08346 0.582969
9.9982E-05 0.127941 0.0704732 0.104371 0.196706 0.0539198 0.0187508 9.9982E-05 0.427638
9.9973E-05 0.16604 9.9973E-05 0.0579239 0.0340149 0.234823 9.9973E-05 0.0281687 0.47873
0.149815 0.0193369 0.049336 9.9982E-05 0.106601 0.0555384 0.0634132 9.9982E-05 0.555759
0.049494 0.0327197 9.9991E-05 0.118987 0.104841 0.191484 0.0334597 0.00665087 0.462264
0.169522 0.0177637 0.0577476 9.9973E-05 9.9973E-05 0.406116 0.0386405 9.9973E-05 0.309911
0.0376319 0.0174452 0.00745321 0.00424318 0.0948715 0.195711 0.0154386 9.9991E-05 0.627105
0.0164112 0.160984 9.9982E-05 0.0750925 0.0382472 0.136586 0.00717159 9.9982E-05 0.565307
9.9982E-05 0.115613 0.0051401 0.085175 0.114609 0.392294 9.9982E-05 0.164814 0.122155
0.240802 0.171555 0.0494477 9.9973E-05 0.0756943 0.329183 9.9973E-05 9.9973E-05 0.133017
9.9982E-05 0.0645446 0.0615439 0.0177897 0.14167 0.106352 9.9982E-05 0.0808638 0.527036
0.171164 0.248522 9.9991E-05 0.0606164 0.185641 0.126483 0.0204067 0.142677 0.0443903
0.0433687 9.9973E-05 9.9973E-05 9.9973E-05 0.102413 0.610284 0.0290216 0.0347112 0.179901
9.9973E-05 0.0380481 0.0168815 9.9973E-05 0.108972 0.332223 9.9973E-05 0.155324 0.348251
9.9973E-05 0.0239328 9.9973E-05 9.9973E-05 0.197574 0.352919 0.02008 0.119547 0.285648
9.9982E-05 0.0108193 0.0186246 0.0144141 0.159926 0.444799 9.9982E-05 0.126695 0.224522
0.0361922 0.0242928 0.055933 9.9982E-05 9.9982E-05 0.174886 0.0370859 0.0719982 0.599412
0.0111664 0.0587316 0.144683 0.0683095 0.0942171 0.0209649 9.9991E-05 0.132466 0.469362
9.9973E-05 0.148303 0.0782974 0.0608072 9.9973E-05 0.154938 9.9973E-05 0.157902 0.399452
0.192763 0.10386 9.9982E-05 0.0622874 0.14556 0.377543 9.9982E-05 0.109923 0.00786262
0.0553122 0.0199446 0.219476 0.058255 0.0794311 0.0456518 9.9991E-05 0.087712 0.434118
0.212109 0.0130803 0.0921897 0.0223754 9.9991E-05 0.0448001 0.0124684 0.106608 0.496269
0.511321 0.0912483 0.0690759 9.9982E-05 0.146347 9.9982E-05 0.0256017 0.141713 0.0144936
9.9964E-05 0.105911 0.0779191 9.9964E-05 9.9964E-05 0.0896704 9.9964E-05 0.0584516 0.667649
0.338422 0.0286412 0.031071 0.0230912 9.9982E-05 0.0654519 9.9982E-05 0.122128 0.390995
0.185208 0.0566889 0.0334848 0.0105193 0.0168121 0.0490943 0.0329245 0.114518 0.50075
0.415483 0.0349634 0.0413914 0.00979857 0.0906001 0.0581797 0.0144537 0.0307517 0.304378
0.418766 0.0630595 0.0141388 9.9991E-05 0.18081 0.0752446 0.00540097 0.0213 0.22118
0.152911 0.160298 9.9973E-05 9.9973E-05 0.130619 9.9973E-05 0.00908834 0.110649 0.436134
0.171346 0.0681659 0.118016 9.9982E-05 0.152071 9.9982E-05 0.0101653 0.0245122 0.455524
0.167637 0.0194479 0.135982 0.0397092 0.0745233 0.148314 9.9991E-05 0.0145096 0.399778
0.365674 0.116361 0.0506294 0.125042 0.0146324 0.0914479 9.9991E-05 0.231345 0.00476901
0.0756281 0.0105242 0.0950754 0.0386889 0.0388808 0.0750904 0.0630678 0.0797391 0.523305
0.297009 9.9964E-05 9.9964E-05 9.9964E-05 0.0361512 0.123902 9.9964E-05 0.168024 0.374514
0.255142 0.0755682 9.9973E-05 9.9973E-05 0.0149142 0.103381 9.9973E-05 0.101682 0.449012
0.0526391 0.178691 0.0599479 9.9973E-05 9.9973E-05 9.9973E-05 0.0487344 0.0331536 0.626534
0.298552 9.9973E-05 0.195638 0.236442 9.9973E-05 0.0290315 0.0691283 9.9973E-05 0.170909
0.364696 9.9955E-05 0.474501 0.119312 9.9955E-05 9.9955E-05 0.0409906 9.9955E-05 9.9955E-05
0.428092 0.00907434 0.407311 0.121473 9.9964E-05 9.9964E-05 0.0336503 9.9964E-05 9.9964E-05
0.216954 9.9964E-05 0.356605 0.329962 0.0646591 9.9964E-05 9.9964E-05 9.9964E-05 0.03142
0.230717 0.00743454 9.9964E-05 9.9964E-05 0.0309755 9.9964E-05 9.9964E-05 0.0943155 0.636157
0.0913901 0.104711 0.0461819 9.9982E-05 0.0976277 0.0296395 0.0173866 9.9982E-05 0.612863
9.9946E-05 9.9946E-05 9.9946E-05 0.677023 9.9946E-05 0.107077 9.9946E-05 9.9946E-05 0.2153
9.9955E-05 9.9955E-05 9.9955E-05 0.482446 0.00741998 0.233138 9.9955E-05 9.9955E-05 0.276496
9.9982E-05 0.0429474 0.0450329 0.301978 0.046515 9.9982E-05 0.0465515 0.0224363 0.494339
0.326648 0.17762 9.9973E-05 9.9973E-05 9.9973E-05 0.0295514 0.0352301 0.0866338 0.344017
0.0444618 0.114393 0.0777359 0.0963139 0.0531454 0.0122791 9.9991E-05 0.253518 0.348053
0.55057 0.0663528 9.9982E-05 0.000402145 0.00416285 0.00526077 9.9982E-05 0.118919 0.254133
0.14987 0.107433 9.9964E-05 9.9964E-05 0.0152957 9.9964E-05 9.9964E-05 0.172367 0.554633
0.251535 0.139562 0.020698 0.00871123 0.00308578 0.0856663 9.9991E-05 0.018216 0.472425
0.243044 9.9982E-05 0.0170511 0.00481037 0.0429265 0.0180182 9.9982E-05 0.0939674 0.579983
0.436456 0.0902447 9.9982E-05 0.0187706 0.0218018 0.133261 9.9982E-05 0.149878 0.149388
0.0580132 0.0682036 9.9982E-05 0.118594 0.0631415 0.0266248 9.9982E-05 0.181989 0.483234
0.180786 9.9964E-05 0.117293 9.9964E-05 9.9964E-05 0.0526516 9.9964E-05 0.0985196 0.550351
0.00331311 0.0400388 9.9964E-05 0.909652 9.9964E-05 9.9964E-05 9.9964E-05 0.00685316 0.0397429
9.9946E-05 9.9946E-05 9.9946E-05 0.894931 9.9946E-05 0.0137225 9.9946E-05 9.9946E-05 0.0907468
9.9982E-05 0.071009 0.100535 0.566482 9.9982E-05 0.00700691 0.0166648 0.0345643 0.203537
9.9973E-05 0.0230664 0.00719538 0.629992 0.0210985 9.9973E-05 0.0117569 9.9973E-05 0.306591
0.0131392 9.9964E-05 9.9964E-05 0.824858 0.0480773 9.9964E-05 9.9964E-05 0.00642544 0.1071
9.993E-05 9.993E-05 9.993E-05 0.999201 9.993E-05 9.993E-05 9.993E-05 9.993E-05 9.993E-05
9.9937E-05 9.9937E-05 9.9937E-05 0.913489 0.0858113 9.9937E-05 9.9937E-05 9.9937E-05 9.9937E-05
9.9946E-05 9.9946E-05 9.9946E-05 0.903261 9.9946E-05 9.9946E-05 9.9946E-05 0.0188946 0.0772446
9.9955E-05 9.9955E-05 9.9955E-05 0.947589 9.9955E-05 0.0342156 0.0134267 0.00426859 9.9955E-05
9.993E-05 9.993E-05 9.993E-05 0.999201 9.993E-05 9.993E-05 9.993E-05 9.993E-05 9.993E-05
9.9937E-05 9.9937E-05 9.9937E-05 0.990853 9.9937E-05 9.9937E-05 0.00844779 9.9937E-05 9.9937E-05
9.9955E-05 9.9955E-05 9.9955E-05 0.741566 9.9955E-05 0.0367763 0.0556908 9.9955E-05 0.165467
9.9955E-05 9.9955E-05 0.0953842 0.771466 0.000338342 9.9955E-05 9.9955E-05 9.9955E-05 0.132312
9.9937E-05 9.9937E-05 9.9937E-05 0.952631 9.9937E-05 9.9937E-05 9.9937E-05 0.0466696 9.9937E-05
9.9982E-05 0.0333387 0.0444667 0.397377 9.9982E-05 0.164473 0.0126657 0.139003 0.208475
9.9964E-05 9.9964E-05 0.0423708 0.641118 0.0696157 9.9964E-05 0.0152055 9.9964E-05 0.23129
9.9964E-05 0.0399556 9.9964E-05 0.729656 9.9964E-05 0.0103456 0.0394298 9.9964E-05 0.180213
9.9955E-05 9.9955E-05 9.9955E-05 0.841887 0.0327833 9.9955E-05 0.0323957 9.9955E-05 0.0924343
0.00191776 9.9955E-05 9.9955E-05 0.956863 0.00871113 9.9955E-05 9.9955E-05 9.9955E-05 0.0320085
9.9964E-05 0.0189721 0.0593648 0.817575 0.0179132 9.9964E-05 9.9964E-05 9.9964E-05 0.0857751
9.9937E-05 9.9937E-05 0.0150405 0.98426 9.9937E-05 9.9937E-05 9.9937E-05 9.9937E-05 9.9937E-05
0.00596222 9.9964E-05 0.0803899 0.637449 0.089367 9.9964E-05 9.9964E-05 9.9964E-05 0.186432
9.9973E-05 9.9973E-05 0.0112646 0.885682 0.0231827 0.0387828 9.9973E-05 0.0205004 0.0202878
0.533504 0.0779819 0.30844 0.050291 9.9964E-05 9.9964E-05 9.9964E-05 0.0293827 9.9964E-05
0.15042 0.000222644 0.144299 0.0921415 0.0456006 0.0655893 0.00676419 0.0904764 0.404486
0.197684 9.9964E-05 0.160505 0.0743871 0.128398 9.9964E-05 9.9964E-05 9.9964E-05 0.438626
0.441009 9.9982E-05 0.144594 0.0849849 0.0547372 9.9982E-05 0.0582688 0.0408193 0.175386
0.116161 0.0631036 0.129275 0.102401 9.9991E-05 0.00537452 0.027756 0.0975047 0.458324
0.338528 0.0879027 0.189949 0.099556 9.9991E-05 0.0643511 0.037673 0.0540038 0.127936
0.114345 9.9982E-05 0.162314 0.0985135 0.158729 9.9982E-05 0.0243183 0.0734913 0.368089
0.310551 9.9973E-05 0.132481 0.191332 9.9973E-05 9.9973E-05 0.00599894 0.0475177 0.31182
0.153001 9.9991E-05 0.087058 0.105155 0.0429725 0.0406866 0.0541607 0.0854233 0.431443
0.306429 0.0153493 0.0323693 0.153431 9.9973E-05 9.9973E-05 0.138323 9.9973E-05 0.353798
0.173076 0.00334865 0.161179 0.0856364 9.9991E-05 0.11103 0.048426 0.100307 0.316897
0.0374885 9.9964E-05 0.82158 9.9964E-05 0.0796486 9.9964E-05 9.9964E-05 0.0119778 0.048905
9.9964E-05 0.0273494 0.839842 0.0399498 9.9964E-05 0.0150192 0.0774394 9.9964E-05 9.9964E-05
9.9955E-05 9.9955E-05 0.926611 9.9955E-05 0.0260612 9.9955E-05 0.0337028 9.9955E-05 0.013125
0.0096789 9.9973E-05 0.909692 9.9973E-05 0.00857427 0.0101462 0.0244809 9.9973E-05 0.0371282
0.0223269 9.9964E-05 0.765816 9.9964E-05 0.0541503 9.9964E-05 0.112392 9.9964E-05 0.0449157
9.9964E-05 0.0384246 0.796211 0.037508 9.9964E-05 0.033108 0.0943481 9.9964E-05 9.9964E-05
9.9964E-05 9.9964E-05 0.810375 0.0871069 0.0198488 9.9964E-05 0.0575232 9.9964E-05 0.0247467
9.9964E-05 0.0825398 0.840332 9.9964E-05 0.0299197 9.9964E-05 0.0341274 9.9964E-05 0.012681
9.9964E-05 0.0307661 0.88012 0.0217185 9.9964E-05 0.00261347 9.9964E-05 9.9964E-05 0.0643824
0.00720568 9.9964E-05 0.837173 0.0656904 9.9964E-05 0.0546276 9.9964E-05 9.9964E-05 0.0349033
9.9964E-05 9.9964E-05 0.555263 9.9964E-05 0.0840465 0.158142 0.0607286 0.14142 9.9964E-05
9.9964E-05 9.9964E-05 0.587063 9.9964E-05 0.182309 0.144796 0.0221696 0.0632626 9.9964E-05
0.0672788 0.023415 0.488166 9.9982E-05 0.178576 0.1699 0.0335958 0.0388673 9.9982E-05
9.9964E-05 0.0270391 0.504528 9.9964E-05 0.0378445 0.3734 9.9964E-05 0.0567885 9.9964E-05
9.9964E-05 9.9964E-05 9.9964E-05 9.9964E-05 0.107012 0.132122 0.0337412 0.257416 0.469309
9.9973E-05 0.122165 0.00373246 9.9973E-05 0.0038999 0.101818 9.9973E-05 0.252821 0.515264
9.9973E-05 9.9973E-05 0.0127988 0.0132147 0.164004 0.0569744 9.9973E-05 0.200362 0.552346
0.00701206 0.0876453 9.9982E-05 9.9982E-05 0.00955533 0.387055 0.0353876 0.1379 0.335245
9.9982E-05 0.00673762 9.9982E-05 0.0143894 0.226171 0.536986 0.0347815 0.133455 0.0472804
9.9982E-05 0.0049549 0.0701716 0.0594665 0.0954358 9.9982E-05 0.0230851 0.195067 0.551619
9.9973E-05 0.0186127 9.9973E-05 9.9973E-05 0.0161243 0.180163 0.00511868 0.249311 0.530371
0.0224184 0.0656073 9.9991E-05 0.0116226 0.0470832 0.0896999 0.0320921 0.276792 0.454584
0.037969 9.9955E-05 9.9955E-05 0.0105865 9.9955E-05 9.9955E-05 9.9955E-05 0.609894 0.341051
0.084746 0.11833 0.00538813 0.00515375 0.135609 9.9991E-05 0.005428 0.0513567 0.593888
9.9973E-05 0.0435588 9.9973E-05 9.9973E-05 0.152719 0.0934902 0.0114997 0.306095 0.392337
0.106049 0.0722473 9.9964E-05 9.9964E-05 0.0224824 0.111354 9.9964E-05 0.687467 9.9964E-05
0.0220397 0.0922908 0.00339918 0.0195165 0.0117862 0.196208 0.071134 0.0736015 0.510024
0.216969 0.0588487 9.9973E-05 0.0107757 9.9973E-05 0.059925 9.9973E-05 0.421022 0.23216
9.9982E-05 0.0811299 9.9982E-05 0.0527524 0.0215073 0.0511464 0.0134391 0.340782 0.439043
9.9964E-05 9.9964E-05 0.0456525 9.9964E-05 0.0982286 0.195854 9.9964E-05 0.628508 0.0313574
0.100547 9.9964E-05 0.0232427 0.0275033 0.80354 9.9964E-05 9.9964E-05 0.0447675 9.9964E-05
0.0856371 9.9964E-05 0.0192684 0.0116095 0.836589 9.9964E-05 9.9964E-05 9.9964E-05 0.0464964
0.0318268 0.024343 9.9946E-05 9.9946E-05 0.943231 9.9946E-05 9.9946E-05 9.9946E-05 9.9946E-05
9.9955E-05 0.00553143 0.0795043 9.9955E-05 0.812843 9.9955E-05 9.9955E-05 0.101621 9.9955E-05
0.0648352 9.9964E-05 9.9964E-05 0.0339529 0.834851 9.9964E-05 9.9964E-05 0.0212785 0.0446827
9.9955E-05 0.0266978 9.9955E-05 0.0655669 0.860002 9.9955E-05 9.9955E-05 9.9955E-05 0.0472337
9.9955E-05 9.9955E-05 0.804685 0.0205743 9.9955E-05 9.9955E-05 0.0903279 9.9955E-05 0.0839129
9.9964E-05 9.9964E-05 0.819983 0.0373597 9.9964E-05 0.109523 0.0224518 9.9964E-05 0.0102827
9.9964E-05 9.9964E-05 0.707296 0.0660308 9.9964E-05 0.0047928 0.0781916 9.9964E-05 0.143289
9.9973E-05 9.9973E-05 0.707428 0.115258 0.0192242 0.115045 0.025909 9.9973E-05 0.0168359
9.9964E-05 9.9964E-05 0.758194 0.10885 9.9964E-05 0.0112013 9.9964E-05 0.012452 0.108903
0.0494772 9.9973E-05 0.346411 9.9973E-05 0.50883 0.0288842 0.0481126 0.0179857 9.9973E-05
0.040866 0.0539783 0.421845 9.9982E-05 0.394874 0.00343218 0.0217319 0.0630719 9.9982E-05
9.9964E-05 0.131067 0.381381 9.9964E-05 0.444441 9.9964E-05 0.00711168 0.0355992 9.9964E-05
9.993E-05 9.993E-05 9.993E-05 9.993E-05 9.993E-05 9.993E-05 0.999201 9.993E-05 9.993E-05
9.9964E-05 0.0272328 0.362147 9.9964E-05 0.471463 9.9964E-05 0.00517338 0.133584 9.9964E-05
0.15789 9.9973E-05 0.179507 0.33117 0.0120439 0.0219791 9.9973E-05 9.9973E-05 0.297109
9.9964E-05 9.9964E-05 0.178262 0.145956 0.00670806 0.0542853 9.9964E-05 9.9964E-05 0.614389
9.9955E-05 9.9955E-05 0.159909 0.232972 9.9955E-05 9.9955E-05 0.0425655 9.9955E-05 0.564054
0.0764959 0.00903429 0.256255 0.290143 9.9982E-05 9.9982E-05 0.00557791 0.0910903 0.271204
0.0725935 9.9991E-05 0.124793 0.123405 0.0102011 0.0693276 0.0442164 0.155726 0.399637
0.239939 9.9946E-05 0.479661 0.2798 9.9946E-05 9.9946E-05 9.9946E-05 9.9946E-05 9.9946E-05
9.9973E-05 0.0772757 0.0098905 9.9973E-05 0.130069 0.308916 9.9973E-05 0.121129 0.35242
0.109104 0.207683 9.9973E-05 9.9973E-05 0.0952238 0.16258 9.9973E-05 0.0524909 0.372618
0.00241936 0.0385604 0.0223585 9.9982E-05 0.067165 0.631554 0.0504403 9.9982E-05 0.187302
0.0468094 0.24317 0.00270985 9.9991E-05 0.00117 0.182193 0.0010533 0.0719018 0.450893
0.309907 0.357156 9.9964E-05 9.9964E-05 0.00891815 0.221449 9.9964E-05 0.10217 9.9964E-05
9.9964E-05 9.9964E-05 0.0777468 0.0863968 9.9964E-05 0.293966 0.0682076 9.9964E-05 0.473283
0.0610736 0.146963 0.00201827 9.9991E-05 0.0738521 0.17666 0.0395284 0.0763614 0.423443
0.0536636 0.100628 0.00505848 9.9991E-05 0.0244744 0.567281 0.0282532 0.0331159 0.187426
9.9982E-05 0.111335 0.0711492 0.0425332 0.139773 0.137119 9.9982E-05 0.0197634 0.478127
0.283943 0.0798427 9.9964E-05 9.9964E-05 9.9964E-05 0.506709 9.9964E-05 0.076968 0.0521367
0.101705 0.162917 0.00631811 0.0173879 0.0412929 0.119146 0.026973 0.0922797 0.43198
9.9973E-05 0.0274991 9.9973E-05 9.9973E-05 0.171992 0.223542 0.0350838 0.127541 0.414043
0.0508479 9.9991E-05 0.132322 0.194978 0.0670425 0.0376647 0.0191774 0.126046 0.371822
0.0983768 0.151521 9.9973E-05 9.9973E-05 0.016972 0.404508 9.9973E-05 0.0283707 0.299952
0.0574936 0.0803452 9.9991E-05 0.0210665 0.121143 0.256119 0.0132434 0.0378696 0.41262
0.117954 0.119628 9.9982E-05 0.0483984 0.0040515 0.141449 9.9982E-05 0.0406249 0.527694
9.9973E-05 0.178571 0.0268049 9.9973E-05 0.12733 0.0755803 9.9973E-05 0.0953934 0.496021
9.9991E-05 0.0948657 0.0152554 0.0643527 0.0600148 0.190214 0.0122043 0.0098737 0.553119
0.0680508 0.043215 0.0440547 0.0755966 9.9991E-05 0.200229 0.0612667 0.0879617 0.419525
0.0715974 9.9982E-05 0.0597584 0.0495278 0.0743858 0.234458 9.9982E-05 0.0885564 0.421516
9.9946E-05 9.9946E-05 0.752122 0.108749 9.9946E-05 9.9946E-05 9.9946E-05 9.9946E-05 0.13853
9.9964E-05 0.0415302 0.828526 0.0504869 9.9964E-05 9.9964E-05 0.00387644 9.9964E-05 0.0751803
0.034837 0.016749 0.781125 9.9973E-05 0.0264923 9.9973E-05 9.9973E-05 0.0725069 0.0679901
9.9964E-05 9.9964E-05 0.734425 0.0629519 0.074626 9.9964E-05 0.0271907 0.100407 9.9964E-05
0.0150028 9.9964E-05 0.773468 0.0243663 9.9964E-05 9.9964E-05 0.0578502 9.9964E-05 0.128913
0.0146023 0.028213 9.9991E-05 0.0543274 0.154634 0.653546 0.0375447 0.000781163 0.0562515
0.0824057 0.094705 9.9982E-05 0.124185 0.134806 0.11777 9.9982E-05 0.0555807 0.390348
0.0435414 0.150873 0.250606 0.151888 9.9982E-05 9.9982E-05 0.00807665 0.0307995 0.364016
9.9955E-05 9.9955E-05 9.9955E-05 9.9955E-05 0.0883056 0.238379 0.0268947 9.9955E-05 0.645921
9.9973E-05 0.061498 0.0640003 9.9973E-05 0.111239 0.165462 9.9973E-05 0.104939 0.492561
0.177304 0.130605 9.9982E-05 0.0997847 0.234958 0.237869 0.0144731 9.9982E-05 0.104806
0.0978641 9.9973E-05 0.0793637 9.9973E-05 0.184655 0.521827 0.04681 0.06918 9.9973E-05
0.0020186 0.0721741 0.0235323 9.9982E-05 0.179426 0.116493 9.9982E-05 0.13444 0.471716
9.9991E-05 0.0639166 0.0932886 0.0728121 0.206684 0.461881 0.00357585 0.0757313 0.02201
0.159354 0.0580782 0.0258637 0.103587 0.131016 0.103295 9.9991E-05 0.144617 0.274089
0.013411 0.141098 0.083737 0.0222973 0.150404 0.503669 0.0241525 0.0159568 0.0452757
9.9982E-05 0.0829635 9.9982E-05 0.142424 0.0805176 0.131775 0.0429234 0.0122254 0.506971
9.9973E-05 0.0339616 0.095016 9.9973E-05 0.104559 0.643348 0.0181599 9.9973E-05 0.104655
0.0942433 0.0866501 0.0142307 0.0668219 0.0454371 0.381755 9.9991E-05 0.0260917 0.28467
0.243745 9.9982E-05 0.00702016 0.0654405 0.00341162 0.156547 0.0245729 9.9982E-05 0.499062
0.462593 0.0643185 9.9964E-05 9.9964E-05 0.13621 9.9964E-05 9.9964E-05 0.0118773 0.324601
0.073004 9.9982E-05 0.144231 9.9982E-05 0.00544978 0.130322 0.0165395 0.152254 0.477999
0.235435 9.9982E-05 0.0926158 0.0235359 0.0573399 9.9982E-05 0.023488 0.00474745 0.562638
0.433994 0.0555061 9.9964E-05 9.9964E-05 0.0510099 0.0773021 9.9964E-05 9.9964E-05 0.381788
0.135262 0.0623488 0.0619068 0.149852 0.0913888 0.123877 9.9991E-05 0.00583842 0.369426
0.219329 0.0760599 9.9973E-05 9.9973E-05 0.0804631 9.9973E-05 0.0556423 0.0235237 0.544682
0.557963 0.101841 9.9964E-05 9.9964E-05 0.109343 9.9964E-05 9.9964E-05 0.141262 0.0891917
0.567801 9.9955E-05 9.9955E-05 9.9955E-05 0.0501886 9.9955E-05 9.9955E-05 0.112816 0.268695
0.324314 9.9946E-05 9.9946E-05 9.9946E-05 0.12634 9.9946E-05 9.9946E-05 9.9946E-05 0.548746
0.473577 0.067428 9.9973E-05 9.9973E-05 0.100911 0.0230315 9.9973E-05 0.16546 0.169293
0.259466 9.9955E-05 9.9955E-05 9.9955E-05 9.9955E-05 0.200144 9.9955E-05 0.0840132 0.455877
0.0389868 0.0218984 0.00276768 0.0683942 0.161235 0.569384 0.0100157 0.127219 9.9991E-05
0.0126326 0.256609 9.9982E-05 0.0151767 0.0636076 0.433743 9.9982E-05 0.0817973 0.136234
9.9973E-05 0.113708 9.9973E-05 0.0438152 0.0646427 0.480975 0.0358768 9.9973E-05 0.260683
9.9982E-05 0.0187174 9.9982E-05 0.0239577 0.0827174 0.24653 0.00961574 0.0151475 0.603114
9.9964E-05 9.9964E-05 9.9964E-05 0.00391409 0.127518 0.563503 9.9964E-05 0.144164 0.160501
0.0541389 0.108989 0.0687948 0.0877204 0.0861509 0.125856 0.0407854 9.9991E-05 0.427465
0.0310096 9.9982E-05 9.9982E-05 0.0391381 0.0335738 0.341052 0.0349228 0.0557262 0.464378
0.0119083 0.0069079 0.0113401 0.0767113 0.0589678 0.214446 0.0454974 0.159584 0.414638
9.9982E-05 0.195506 0.0390298 0.0545342 9.9982E-05 0.294079 0.0212925 0.0247962 0.370562
9.9982E-05 0.00277384 0.0337457 0.0646226 0.154533 0.229959 9.9982E-05 0.210888 0.303278
9.9982E-05 0.0409458 9.9982E-05 0.104782 0.183634 0.425271 0.008841 0.135529 0.100797
9.9973E-05 0.0675516 9.9973E-05 0.0835018 0.191667 0.376141 9.9973E-05 0.0771769 0.203662
9.9982E-05 0.0557538 0.0673602 9.9982E-05 0.0317915 0.149892 0.026754 0.0852264 0.583022
0.0433155 9.9973E-05 9.9973E-05 0.11399 0.0584741 0.162325 9.9973E-05 0.146268 0.475327
0.117434 0.165914 0.00286605 9.9991E-05 0.108294 0.199337 0.0480302 0.0105776 0.347448
9.9973E-05 0.105658 9.9973E-05 0.0822192 0.153404 0.22727 9.9973E-05 0.0100374 0.421111
0.0490868 9.9991E-05 0.0285462 0.0575756 0.166393 0.328568 0.0227126 0.0189936 0.328025
0.00595923 0.128595 0.0197389 0.0906108 0.0284144 0.315102 9.9982E-05 9.9982E-05 0.411379
9.9964E-05 0.0449729 0.088708 9.9964E-05 0.0884771 0.268267 9.9964E-05 9.9964E-05 0.509175
9.9991E-05 0.0985171 0.123134 0.0755004 0.0665354 0.064183 0.00779986 0.121389 0.442842
0.0695652 9.9973E-05 0.35004 0.0620203 9.9973E-05 0.0870675 0.00388699 9.9973E-05 0.42712
0.0991373 9.9991E-05 0.0953854 0.197328 0.00651328 0.0732818 0.0133241 0.0656096 0.449321
0.0967817 9.9982E-05 0.110903 0.175915 9.9982E-05 0.0834689 0.0736741 0.0684341 0.390623
0.0369726 9.9991E-05 0.03896 0.141167 0.0272015 0.149397 0.0456587 0.0685028 0.49204
0.0443934 0.0790687 0.174775 0.20198 9.9991E-05 0.0405198 0.0202495 0.0551025 0.383811
0.112375 0.106797 9.9964E-05 9.9964E-05 0.0260964 0.351821 9.9964E-05 9.9964E-05 0.402511
9.9991E-05 0.0411264 0.166138 0.113729 0.0552588 0.0378164 0.019946 0.0381861 0.5277
0.42586 9.9973E-05 0.221302 0.123419 9.9973E-05 0.17618 9.9973E-05 0.0359747 0.016964
0.0748217 9.9973E-05 0.0180199 0.0875563 9.9973E-05 0.303333 0.0647127 9.9973E-05 0.451257
0.0324952 0.185796 0.0859462 0.0982171 0.0292756 9.9982E-05 0.0351884 9.9982E-05 0.532882
9.9964E-05 0.126802 0.10422 0.187027 9.9964E-05 0.0820574 9.9964E-05 9.9964E-05 0.499494
0.155161 0.0658463 0.0988159 0.122256 0.0032182 0.208203 0.0855143 0.084397 0.176588
0.016895 9.9964E-05 0.215619 0.124547 9.9964E-05 0.103207 9.9964E-05 9.9964E-05 0.539332
0.068967 0.0602223 0.106124 0.143067 9.9982E-05 0.0483126 0.0526937 9.9982E-05 0.520414
0.369908 9.9955E-05 0.399729 0.186062 9.9955E-05 9.9955E-05 0.0438016 9.9955E-05 9.9955E-05
0.0477611 0.119993 0.122642 0.223349 9.9991E-05 0.0609022 0.0957219 0.0179663 0.311564
9.9991E-05 0.0108111 0.194864 0.107297 0.00545494 0.0801481 0.0052383 0.0146071 0.581479
0.114956 9.9991E-05 0.0917692 0.0791299 0.0181439 0.0381387 0.0299048 0.0376762 0.590182
0.066243 9.9973E-05 0.155699 0.125525 9.9973E-05 0.0680141 0.00773083 9.9973E-05 0.576488
0.117756 0.0619205 0.106855 0.116578 0.012036 0.000936832 0.0581472 0.00627234 0.519498
9.9964E-05 0.470757 9.9964E-05 9.9964E-05 0.0624805 9.9964E-05 0.0594003 0.00175025 0.405212
9.9964E-05 0.222593 0.0480705 9.9964E-05 9.9964E-05 0.161925 0.0492182 9.9964E-05 0.517794
9.9946E-05 0.79076 9.9946E-05 9.9946E-05 9.9946E-05 0.1283 9.9946E-05 0.0803401 9.9946E-05
0.0304113 0.898921 9.9946E-05 9.9946E-05 0.0700676 9.9946E-05 9.9946E-05 9.9946E-05 9.9946E-05
9.9973E-05 0.342755 0.105755 9.9973E-05 9.9973E-05 0.0624152 0.0417235 0.0179799 0.429071
0.130285 0.0807607 0.102621 0.278108 9.9973E-05 0.0536539 9.9973E-05 9.9973E-05 0.354272
0.0395264 0.301714 0.0535319 0.356097 9.9973E-05 9.9973E-05 0.0243753 9.9973E-05 0.224455
0.154657 0.206245 0.156737 0.293274 9.9973E-05 9.9973E-05 0.00463763 9.9973E-05 0.18415
9.9973E-05 0.234237 0.16195 0.237344 9.9973E-05 0.0291015 0.0607908 9.9973E-05 0.276277
0.121048 0.712894 0.0739768 0.0748332 9.9973E-05 9.9973E-05 0.0131464 9.9973E-05 0.00380118
0.0264437 0.664495 0.0933814 0.108187 9.9973E-05 9.9973E-05 0.0278245 9.9973E-05 0.079368
9.9973E-05 0.379469 0.00963638 0.101349 0.0328731 9.9973E-05 0.00650455 9.9973E-05 0.469869
9.9964E-05 0.517578 0.0303804 0.0922866 9.9964E-05 9.9964E-05 0.0144683 9.9964E-05 0.344887
9.9973E-05 0.7479 0.0514729 0.123422 9.9973E-05 0.00221925 0.0339156 9.9973E-05 0.0407698
9.9964E-05 0.323151 0.0854925 0.0543874 9.9964E-05 9.9964E-05 0.00558425 9.9964E-05 0.530985
0.0648924 0.406148 9.9955E-05 0.101559 9.9955E-05 9.9955E-05 9.9955E-05 9.9955E-05 0.426901
0.106816 0.2276 0.0447506 0.156986 0.025319 9.9982E-05 0.00774607 9.9982E-05 0.430582
0.0399563 0.477368 0.040823 9.9991E-05 0.0346516 0.114395 0.00873186 0.0399657 0.244008
9.9964E-05 0.490997 9.9964E-05 9.9964E-05 9.9964E-05 0.105333 0.0471727 0.088809 0.267289
9.9964E-05 0.314129 0.00251244 9.9964E-05 0.061905 9.9964E-05 0.0721556 9.9964E-05 0.548898
0.00873421 0.374502 0.032057 9.9982E-05 0.131102 0.0516827 0.00409469 9.9982E-05 0.397628
0.0174693 0.179044 0.0811316 0.119343 9.9982E-05 0.21259 9.9982E-05 0.081046 0.309175
0.142653 0.401094 9.9964E-05 9.9964E-05 9.9964E-05 9.9964E-05 0.0127372 0.0589321 0.384184
9.9946E-05 0.770514 9.9946E-05 9.9946E-05 0.0830013 9.9946E-05 9.9946E-05 9.9946E-05 0.145885
9.9964E-05 0.266168 0.0283695 0.0412831 9.9964E-05 9.9964E-05 9.9964E-05 0.12771 0.53607
9.9946E-05 0.810846 9.9946E-05 9.9946E-05 9.9946E-05 0.0413186 9.9946E-05 9.9946E-05 0.147236
0.0345237 0.572988 9.9973E-05 0.0603509 0.00755795 9.9973E-05 0.0326154 9.9973E-05 0.291664
0.0267369 0.294866 0.0178894 0.0139733 0.00473209 9.9982E-05 0.0539684 9.9982E-05 0.587634
9.9973E-05 0.404714 0.0213178 9.9973E-05 0.0583382 0.00340996 9.9973E-05 0.0369802 0.47494
0.0676373 0.115587 0.0839907 0.161299 0.0182161 0.054523 0.049818 9.9991E-05 0.44883
0.0358299 0.187792 0.0951499 0.16289 0.114015 9.9982E-05 0.0130342 9.9982E-05 0.391089
0.13753 0.0430701 0.139383 0.220296 0.070422 0.00421403 9.9991E-05 0.0418409 0.343144
0.136253 0.0797162 0.10581 0.16906 0.115493 0.0236414 0.0355058 9.9991E-05 0.334421
0.0391915 0.0444051 0.136139 0.170791 9.9991E-05 0.133644 0.0163154 0.0426856 0.416729
0.0766826 0.239695 0.0278934 0.138282 0.0627817 9.9982E-05 0.040831 9.9982E-05 0.413634
0.101603 0.544687 0.195689 0.123182 0.0344394 9.9964E-05 9.9964E-05 9.9964E-05 9.9964E-05
0.000458817 0.0607276 0.0757621 0.109783 0.105263 0.00987149 9.9982E-05 9.9982E-05 0.637933
0.126051 0.444376 0.331717 0.0973565 9.9955E-05 9.9955E-05 9.9955E-05 9.9955E-05 9.9955E-05
9.9955E-05 0.292845 0.0364783 0.191811 9.9955E-05 9.9955E-05 9.9955E-05 9.9955E-05 0.478366
0.0725392 0.766876 9.9955E-05 9.9955E-05 9.9955E-05 9.9955E-05 9.9955E-05 0.150286 0.0097986
0.0377803 0.871852 9.9946E-05 9.9946E-05 9.9946E-05 9.9946E-05 9.9946E-05 0.0897681 9.9946E-05
9.9955E-05 0.517145 9.9955E-05 9.9955E-05 9.9955E-05 0.0456157 0.000634058 9.9955E-05 0.436106
9.9973E-05 0.400438 0.0113025 0.0343027 9.9973E-05 9.9973E-05 0.01003 0.0484389 0.495188
9.9964E-05 0.573781 9.9964E-05 9.9964E-05 0.0388411 0.0336726 9.9964E-05 0.0509906 0.302315
9.9946E-05 0.578783 9.9946E-05 9.9946E-05 9.9946E-05 9.9946E-05 9.9946E-05 0.0303595 0.390258
9.9946E-05 0.481766 9.9946E-05 9.9946E-05 0.0417853 9.9946E-05 9.9946E-05 9.9946E-05 0.475849
9.9973E-05 0.151083 0.740306 0.0588055 9.9973E-05 9.9973E-05 0.0414847 0.00201882 0.00600229
9.9964E-05 0.016647 0.701647 0.111029 0.150974 9.9964E-05 9.9964E-05 0.0193036 9.9964E-05
9.9964E-05 9.9964E-05 0.881135 0.0659159 0.0214683 0.0184398 0.0126408 9.9964E-05 9.9964E-05
9.9955E-05 0.0217808 0.814809 9.9955E-05 9.9955E-05 9.9955E-05 0.145611 9.9955E-05 0.0172994
9.9982E-05 0.0087056 9.9982E-05 0.0638467 0.0124997 0.0310019 0.088042 0.31095 0.484754
9.9973E-05 0.0217161 0.0800854 0.00557146 9.9973E-05 0.0834372 9.9973E-05 0.336752 0.472138
9.9955E-05 9.9955E-05 9.9955E-05 9.9955E-05 9.9955E-05 0.0943736 0.0153981 0.471402 0.418326
9.9964E-05 9.9964E-05 0.152795 0.0281724 9.9964E-05 9.9964E-05 0.0153042 0.274307 0.529021
0.0515027 0.035283 9.9982E-05 0.055079 0.103317 9.9982E-05 0.0650295 0.139307 0.550281
0.0484938 9.9982E-05 0.0338067 0.0465612 0.104405 9.9982E-05 0.00565924 0.605037 0.155837
9.9973E-05 0.0225731 0.0641525 9.9973E-05 9.9973E-05 0.0285347 0.00118505 0.304766 0.578489
0.179435 0.0698897 9.9955E-05 9.9955E-05 9.9955E-05 9.9955E-05 9.9955E-05 0.431009 0.319166
9.9973E-05 0.0773267 0.232178 0.14195 9.9973E-05 0.0677441 0.0634852 9.9973E-05 0.417017
0.0265738 0.0804567 9.9973E-05 0.0150223 9.9973E-05 0.0451296 9.9973E-05 0.405791 0.426727
9.9955E-05 9.9955E-05 9.9955E-05 9.9955E-05 0.143256 9.9955E-05 0.032441 0.476167 0.347636
9.9973E-05 0.0264344 0.00534193 0.0450355 9.9973E-05 0.0371725 9.9973E-05 0.370088 0.515627
9.9982E-05 0.0837973 0.0197719 9.9982E-05 0.0466765 0.00320116 0.0101708 0.437196 0.398986
9.9955E-05 0.0554239 9.9955E-05 0.0521034 9.9955E-05 9.9955E-05 9.9955E-05 0.392153 0.49982
9.9991E-05 0.0636831 0.0100383 0.0146204 0.0310154 0.0775426 0.0193172 0.244698 0.538985
9.9946E-05 0.115975 9.9946E-05 9.9946E-05 9.9946E-05 9.9946E-05 9.9946E-05 0.823417 0.0600078
0.0969653 0.0568523 9.9982E-05 0.0348578 9.9982E-05 0.124927 0.00497004 0.489928 0.191299
9.9982E-05 0.0312419 0.0268532 0.000800082 0.0900742 9.9982E-05 0.00579997 0.564367 0.280663
0.193435 0.0325884 9.9946E-05 9.9946E-05 9.9946E-05 9.9946E-05 9.9946E-05 0.773377 9.9946E-05
9.9973E-05 0.0714692 9.9973E-05 9.9973E-05 0.0496824 0.0847521 0.0205741 0.392695 0.380528
0.290311 0.0350214 9.9955E-05 9.9955E-05 9.9955E-05 9.9955E-05 9.9955E-05 0.565388 0.10878
0.232937 0.0985956 9.9946E-05 9.9946E-05 9.9946E-05 9.9946E-05 9.9946E-05 0.667868 9.9946E-05
9.9991E-05 0.0229637 0.027996 0.0426416 0.0508619 0.0531714 0.00593095 0.266712 0.529623
9.9955E-05 9.9955E-05 0.0491803 9.9955E-05 9.9955E-05 0.111706 9.9955E-05 0.633714 0.2049
9.9955E-05 9.9955E-05 9.9955E-05 0.136498 9.9955E-05 0.118178 9.9955E-05 0.512275 0.232549
0.0505888 0.0606131 0.107605 0.0552771 0.0432681 9.9991E-05 0.0137097 0.0666737 0.602164
0.0199478 9.9982E-05 0.0433851 0.00421886 0.00793771 0.162605 9.9982E-05 0.296678 0.465027
0.124106 0.112807 9.9982E-05 0.0498751 0.12446 0.318204 9.9982E-05 0.00559448 0.264752
9.9964E-05 0.113029 9.9964E-05 0.0754479 0.0541483 9.9964E-05 9.9964E-05 0.357101 0.399875
0.0063361 9.9973E-05 9.9973E-05 0.0419142 9.9973E-05 0.153669 0.0337935 0.337857 0.42613
0.00672423 9.9955E-05 9.9955E-05 9.9955E-05 9.9955E-05 9.9955E-05 0.024086 0.665168 0.303522
9.9982E-05 0.0259984 0.0435799 0.0186568 0.0402421 9.9982E-05 0.0604379 0.307802 0.503083
0.0374677 9.9982E-05 0.564802 9.9982E-05 0.215571 0.0846592 0.054344 0.039393 0.00356255
0.067291 9.9973E-05 0.675988 9.9973E-05 0.0379059 0.070038 0.0399097 9.9973E-05 0.108568
0.0330252 9.9973E-05 0.731667 9.9973E-05 0.0649846 0.0513014 0.107266 0.0114559 9.9973E-05
0.068636 9.9964E-05 0.71732 9.9964E-05 0.122154 9.9964E-05 0.086919 0.00457101 9.9964E-05
0.0353195 0.0136626 0.660934 9.9973E-05 0.181666 9.9973E-05 0.0411242 9.9973E-05 0.0669935
9.9964E-05 9.9964E-05 0.0708131 0.0110079 9.9964E-05 0.16554 9.9964E-05 0.66585 0.0863888
0.0121303 0.0157711 0.0394894 9.9991E-05 0.0318737 0.11938 0.0554961 0.720114 0.00564606
0.0919612 0.0688029 9.9964E-05 0.00902168 9.9964E-05 9.9964E-05 9.9964E-05 0.728694 0.10112
