0.0233017 0.0286115 0.922587 9.9991E-05 0.0254002
0.0105887 0.0250567 0.964155 9.9982E-05 9.9982E-05
0.0093383 0.0172864 0.900929 0.00964544 0.0628012
9.9982E-05 0.0427915 0.835042 9.9982E-05 0.121966
9.9982E-05 0.00175643 0.92013 9.9982E-05 0.0779141
0.023772 0.110475 0.683606 0.0677982 0.114349
9.9991E-05 0.0159181 0.850421 0.125912 0.0076493
0.00675942 0.0799871 0.761521 0.122591 0.0291416
9.9982E-05 0.141257 0.832903 0.02564 9.9982E-05
0.00748087 0.0334211 0.801981 0.100843 0.0562737
9.999E-05 0.0687693 0.768555 0.0634676 0.0991078
0.0451397 0.558473 0.0419136 0.108555 0.245919
0.078449 0.301373 0.0583843 9.9991E-05 0.561694
0.116891 0.513677 0.000170723 0.0783891 0.290872
0.137099 0.503743 0.0300445 0.0101948 0.318918
0.138857 0.334734 0.0771597 0.0260203 0.423229
0.104039 0.258618 0.00335747 0.0408449 0.59314
0.0612429 0.328869 9.9991E-05 0.0981664 0.511622
0.10252 0.470403 0.0885414 0.0679965 0.270539
0.0239201 0.763226 0.022849 0.120074 0.069931
0.0494037 0.289519 0.041335 0.139775 0.479968
0.064651 0.214663 0.0447379 0.22758 0.448368
0.0376331 0.208732 0.0608425 0.0900497 0.602742
0.0693151 0.490513 0.0552766 0.0963138 0.288582
0.0979148 0.147204 0.114971 0.0256194 0.614291
0.064541 0.294895 0.0500061 0.0286056 0.561952
0.00724887 0.561092 0.0551315 0.0549423 0.321586
0.0623507 0.48521 0.0641001 0.0573402 0.330999
9.9991E-05 0.538151 0.0184281 0.147235 0.296086
0.00635335 9.9982E-05 0.901897 9.9982E-05 0.0915492
9.9973E-05 9.9973E-05 0.881379 9.9973E-05 0.118321
0.0706414 0.00521071 0.823671 9.9991E-05 0.100377
0.0613573 9.9982E-05 0.779759 9.9982E-05 0.158684
9.9991E-05 0.129558 0.101525 0.184376 0.584442
0.055477 0.0689735 0.137011 0.175929 0.56261
9.9982E-05 0.0298851 9.9982E-05 0.268558 0.701357
0.0137772 0.680242 0.0296937 0.0539739 0.222314
9.9982E-05 0.0429952 9.9982E-05 0.560044 0.396761
0.0659755 0.1523 0.0650861 0.127706 0.588933
9.9982E-05 9.9982E-05 0.0755435 0.162846 0.76141
0.00699826 0.103874 0.149955 0.155344 0.583828
0.00433858 0.101199 0.117074 0.0969655 0.680422
9.9982E-05 0.352524 9.9982E-05 0.319535 0.327741
0.0480943 0.00483954 0.0858705 0.195008 0.666187
0.035678 0.0948013 0.0757731 0.143799 0.649949
0.0400338 0.0684401 0.139043 0.130577 0.621906
9.9982E-05 0.0241561 9.9982E-05 0.472376 0.503268
0.0118817 0.063323 0.0912921 0.123056 0.710447
0.0667509 0.00575535 0.155197 0.209252 0.563045
9.9982E-05 0.152247 0.0108833 0.836669 9.9982E-05
9.9982E-05 0.628936 9.9982E-05 0.152491 0.218373
0.0593234 0.25135 0.012343 0.463589 0.213394
0.0909081 0.115323 0.107078 0.062971 0.62372
0.0943278 0.0923602 0.0654983 0.108677 0.639137
0.0981041 0.0960024 0.088963 0.104386 0.612545
9.9991E-05 0.526228 0.134424 0.0961426 0.243106
0.0317836 0.315463 0.00389686 0.0557639 0.593093
0.103887 0.128447 0.0869867 0.0893487 0.59133
0.062664 0.265447 0.095372 0.147624 0.428893
0.0370994 0.508139 0.135805 0.166115 0.152841
0.0789309 0.252273 0.0628474 0.0487285 0.55722
0.0738687 0.305563 0.0493458 0.0711248 0.500098
9.9991E-05 0.614355 0.062663 0.201808 0.121074
0.00836618 0.418048 0.00298094 0.0800695 0.490535
0.0679134 0.10216 0.0479461 0.175028 0.606953
0.0264713 0.147793 0.108436 0.0418443 0.675455
0.0382863 0.400856 0.0951285 0.14016 0.32557
0.0813885 0.253704 0.0548846 0.129324 0.4807
0.0575126 0.187712 0.0397566 0.137506 0.577513
9.9991E-05 0.510891 0.0374377 0.166925 0.284647
9.9991E-05 0.127235 0.0246624 0.199623 0.64838
9.9982E-05 0.275154 9.9982E-05 0.310672 0.413974
0.0629456 0.110486 0.0999739 0.158128 0.568466
9.9982E-05 0.0768405 9.9982E-05 0.744249 0.178711
9.9982E-05 0.0913893 9.9982E-05 0.751976 0.156435
9.9982E-05 0.0374192 9.9982E-05 0.564537 0.397844
9.9991E-05 0.217011 0.0223273 0.166023 0.594539
0.100469 0.0967803 0.082234 0.110046 0.610471
0.00521029 0.0370895 9.9991E-05 0.330184 0.627416
9.9991E-05 0.371734 0.00854498 0.290746 0.328875
9.9982E-05 0.283806 9.9982E-05 0.270571 0.445423
0.0397641 0.0666385 0.0838312 0.177998 0.631769
9.9982E-05 0.265303 9.9982E-05 0.218315 0.516182
9.9991E-05 0.206142 0.0228118 0.18516 0.585786
9.9982E-05 0.017265 9.9982E-05 0.382068 0.600467
0.00122213 0.106491 9.9991E-05 0.844163 0.0480235
0.037631 0.0514552 0.00581887 0.215734 0.689361
0.0126532 0.0821551 0.848836 9.9991E-05 0.0562562
0.00326633 9.9982E-05 0.943843 9.9982E-05 0.0526905
0.0430726 9.9982E-05 0.857052 9.9982E-05 0.0996756
0.0528373 9.9982E-05 0.938042 9.9982E-05 0.00892068
0.0349249 9.9973E-05 0.964775 9.9973E-05 9.9973E-05
0.0479077 9.9982E-05 0.877615 9.9982E-05 0.0742774
9.9973E-05 9.9973E-05 0.927346 9.9973E-05 0.0723543
0.0457617 0.119137 0.084128 0.143866 0.607107
0.0623122 0.0837935 0.149321 0.0807081 0.623865
9.9982E-05 0.38387 9.9982E-05 0.402965 0.212965
0.0353051 0.118835 0.0967785 0.0941863 0.654896
9.9991E-05 0.209929 0.00469734 0.243927 0.541347
0.00530282 0.10823 0.0476902 0.177797 0.660979
0.0154696 0.0561657 0.0501024 0.248772 0.629491
0.046084 0.100185 9.9991E-05 0.26977 0.583861
9.9982E-05 0.458707 9.9982E-05 0.344706 0.196387
0.0245225 0.142422 0.145233 0.135619 0.552204
0.0112215 0.0588446 0.0834522 0.0767377 0.769744
0.0736814 0.0486453 0.102004 0.169229 0.60644
9.9982E-05 0.0961205 9.9982E-05 0.480843 0.422836
9.9991E-05 0.0248178 0.00689982 0.33173 0.636452
9.9982E-05 0.239478 9.9982E-05 0.186672 0.573649
9.9982E-05 0.0209479 9.9982E-05 0.424385 0.554467
9.9991E-05 0.204544 0.0494152 0.178685 0.567255
0.0722703 0.163136 0.0884873 0.0998427 0.576264
0.0925519 0.362246 9.9991E-05 0.275113 0.26999
0.00143547 0.329731 0.0956085 0.084069 0.489156
0.0854518 0.148167 0.141647 0.0702438 0.55449
0.0510981 0.140038 0.122554 0.0747614 0.611548
0.0514053 0.39564 0.0413056 0.0110157 0.500633
0.0505876 0.218168 0.0591734 0.052421 0.61965
0.00537125 0.456095 0.0462007 9.9991E-05 0.492233
0.0768198 0.149389 0.0654465 0.182242 0.526102
0.0540433 0.193844 0.0624713 0.0494609 0.640181
0.0290518 0.273759 0.0817414 0.00963562 0.605812
9.9991E-05 0.333322 0.0406168 0.0116039 0.614358
0.0729133 0.0849086 0.120644 0.0710818 0.650453
0.0650507 0.106201 0.122891 0.0950051 0.610852
0.0951068 0.17878 9.9991E-05 0.112965 0.613048
0.11888 0.151772 0.0665858 0.111806 0.550957
0.0860625 0.229353 9.9991E-05 0.0975652 0.58692
0.0857427 0.281343 0.0826825 0.242752 0.307479
0.0391301 0.12759 0.0649833 0.0905585 0.677738
0.0216281 0.1414 0.0568273 0.0838379 0.696306
0.0390112 0.62212 9.9991E-05 0.0668683 0.2719
0.0779489 0.336124 9.9991E-05 0.446654 0.139173
0.0659778 0.269237 0.0474754 0.090951 0.526359
0.0545461 0.336789 9.9991E-05 0.537827 0.0707382
0.00711363 0.594814 9.9991E-05 0.00179618 0.396177
0.00722338 0.475567 9.9991E-05 0.0152573 0.501852
9.9991E-05 0.48347 0.0214592 0.0505448 0.444426
0.0167096 0.552128 9.9991E-05 0.0651134 0.365949
0.0251664 0.230388 0.0643712 0.0428044 0.63727
0.0616614 0.169225 0.0999726 0.0337066 0.635435
0.0640154 0.238156 0.080756 0.0087625 0.608311
0.0546309 0.402762 9.9991E-05 0.35263 0.189878
0.0573641 0.136201 0.127787 0.148961 0.529687
0.0642648 0.0437606 0.109497 0.300717 0.481761
9.9982E-05 0.0488938 0.187904 0.763002 9.9982E-05
0.0902709 0.0218899 0.0794365 0.133514 0.674889
0.0586588 0.0750113 0.101344 0.470876 0.29411
0.0824616 0.0507774 0.132335 0.18223 0.552196
0.00638016 0.0998127 0.124899 0.524219 0.244689
9.9991E-05 0.0974372 0.119333 0.657562 0.125568
0.0328403 0.0723838 0.0863339 0.383791 0.424651
0.068784 0.106616 0.13983 0.162542 0.522228
0.0498201 0.0816375 0.179958 0.223294 0.46529
0.0744983 0.116415 0.0890592 0.571127 0.1489
0.108092 0.124279 0.0870214 0.154343 0.526265
9.9982E-05 0.111355 9.9982E-05 0.504732 0.383714
9.9991E-05 0.107014 0.00497888 0.382259 0.505648
0.0561912 0.0510413 0.138243 0.114292 0.640233
0.277541 0.0110583 0.389466 0.203517 0.118418
0.152796 9.9982E-05 0.533394 0.313611 9.9982E-05
0.128792 9.9982E-05 0.512531 0.358477 9.9982E-05
0.304809 9.9991E-05 0.368399 0.268413 0.0582789
0.0255683 0.00182243 0.047768 0.277908 0.646933
0.0813028 0.0535438 0.0969209 0.1346 0.633632
0.685313 9.9973E-05 9.9973E-05 9.9973E-05 0.314387
0.476172 0.0972852 0.0249348 9.9991E-05 0.401508
0.398783 0.116375 0.0629957 0.0137997 0.408046
0.0390774 0.0282575 0.0378767 0.591239 0.30355
0.10207 0.122114 0.0846512 0.227781 0.463384
9.99842E-05 0.0867982 9.99842E-05 0.621202 0.2918
0.0342497 9.9991E-05 0.0978256 0.28206 0.585765
0.0502047 0.0431206 0.0744197 0.33552 0.496735
0.0141951 9.9991E-05 0.0320991 0.330938 0.622668
0.0145848 0.0132229 0.0346131 0.705165 0.232414
0.0475567 9.9991E-05 0.100319 0.155976 0.696048
0.0125987 9.9991E-05 0.140939 0.202947 0.643416
0.970945 9.9982E-05 0.00624502 9.9982E-05 0.02261
0.903946 0.00250094 9.9982E-05 9.9982E-05 0.0933534
0.539721 0.0822326 0.0458877 9.9991E-05 0.332059
0.665011 0.0147644 9.9982E-05 9.9982E-05 0.320025
0.842839 0.0236766 9.9982E-05 9.9982E-05 0.133285
0.9996 9.997E-05 9.997E-05 9.997E-05 9.997E-05
0.948632 0.048664 9.9982E-05 9.9982E-05 0.00250388
0.85546 9.9973E-05 9.9973E-05 9.9973E-05 0.14424
0.963721 0.0359787 9.9973E-05 9.9973E-05 9.9973E-05
0.9996 9.997E-05 9.997E-05 9.997E-05 9.997E-05
0.9996 9.997E-05 9.997E-05 9.997E-05 9.997E-05
0.782724 0.0177887 0.0100525 9.9991E-05 0.189335
0.826967 0.0673563 0.0213969 9.9991E-05 0.0841801
0.9996 9.997E-05 9.997E-05 9.997E-05 9.997E-05
0.414352 0.0910574 0.100812 0.0354473 0.358331
0.637812 0.0521216 0.0359456 9.9991E-05 0.27402
0.798409 0.00602268 0.0430097 9.9991E-05 0.152458
0.908268 0.000541347 9.9982E-05 9.9982E-05 0.0909903
0.9996 9.997E-05 9.997E-05 9.997E-05 9.997E-05
0.969415 9.9973E-05 9.9973E-05 9.9973E-05 0.0302853
0.9996 9.997E-05 9.997E-05 9.997E-05 9.997E-05
0.651797 0.0270144 0.0693855 0.0115658 0.240237
0.9664 0.0174796 9.9982E-05 0.0159201 9.9982E-05
0.0609858 9.9982E-05 0.371534 0.567281 9.9982E-05
0.158522 0.0200759 0.235433 0.253077 0.332892
0.0507067 9.9991E-05 0.238135 0.256691 0.454367
0.158726 9.9991E-05 0.232226 0.448523 0.160425
0.152727 0.0824763 0.155452 0.164736 0.444608
0.136032 9.9991E-05 0.30813 0.458754 0.0969842
0.13157 0.0739575 0.192689 0.188662 0.413121
0.117102 9.9991E-05 0.231814 0.322014 0.32897
0.162583 9.9991E-05 0.218632 0.147669 0.471016
0.129572 9.9991E-05 0.231833 0.275155 0.363339
0.154031 0.0277351 0.204821 0.200162 0.413251
9.9991E-05 0.0171162 0.906611 0.0188008 0.0573721
0.0752451 9.9982E-05 0.913623 0.0109324 9.9982E-05
9.9982E-05 0.00553102 0.979281 9.9982E-05 0.0149884
9.9982E-05 9.9982E-05 0.984402 0.00816591 0.00723167
9.9982E-05 0.0322767 0.920964 9.9982E-05 0.0465598
9.9973E-05 0.00147008 0.99823 9.9973E-05 9.9973E-05
0.0246009 0.0121594 0.935417 9.9991E-05 0.0277224
9.9982E-05 0.0375205 0.946304 9.9982E-05 0.0159753
0.035875 0.0243669 0.914757 9.9991E-05 0.0249008
0.0250011 0.0249152 0.927215 0.0082498 0.0146186
9.9982E-05 0.309839 0.613914 0.0760467 9.9982E-05
9.9982E-05 0.358496 0.615331 0.0259727 9.9982E-05
9.9982E-05 0.376712 0.542194 0.0808939 9.9982E-05
9.9982E-05 0.462689 0.455767 0.0813439 9.9982E-05
9.9991E-05 0.271174 0.0506404 0.106157 0.571929
0.0246665 0.187702 0.032121 0.134091 0.621419
0.0218865 0.177768 0.0447277 0.130058 0.625559
0.003758 0.368557 0.0141547 0.154095 0.459435
0.0355484 0.655828 9.9991E-05 0.0765212 0.232003
0.00257456 0.125702 0.0749056 0.0321343 0.764683
0.0169454 0.155797 9.9991E-05 0.0954771 0.731681
9.9982E-05 0.0681255 9.9982E-05 0.285045 0.646629
9.9982E-05 0.00282697 9.9982E-05 0.441109 0.555864
0.0486333 0.114241 0.0575222 0.105405 0.674198
9.9991E-05 0.207621 0.00320511 0.202349 0.586724
9.9982E-05 0.0724756 9.9982E-05 0.772371 0.154953
0.0187641 0.155229 0.0877246 0.0829683 0.655314
9.9973E-05 9.9973E-05 9.9973E-05 0.667154 0.332546
9.9991E-05 0.0733383 0.00588072 0.273395 0.647286
9.9982E-05 0.368367 9.9982E-05 0.321455 0.309978
9.9982E-05 0.77799 0.16276 0.0590491 9.9982E-05
9.9991E-05 0.748344 0.127975 0.0454994 0.0780813
9.9991E-05 0.800217 0.123046 0.0434163 0.0332206
9.9982E-05 0.829607 0.12882 0.0413725 9.9982E-05
9.9991E-05 0.81935 0.0425802 0.0302871 0.107683
0.0320852 0.796949 0.0725874 0.0109991 0.0873793
0.0392135 0.018799 0.880772 9.9991E-05 0.061116
0.0246212 0.021519 0.841432 9.9991E-05 0.112328
0.0549366 0.0014635 0.791174 0.0244765 0.12795
0.054736 0.0397437 0.859969 9.9991E-05 0.0454508
0.014292 0.011213 0.808147 9.9991E-05 0.166248
9.9982E-05 0.612255 0.386486 0.00105871 9.9982E-05
9.9982E-05 0.549866 0.434741 0.0151928 9.9982E-05
0.0204174 0.551019 0.428363 9.9982E-05 9.9982E-05
9.9982E-05 0.00443512 0.862727 9.9982E-05 0.132638
9.9982E-05 0.56138 0.431584 0.00683581 9.9982E-05
0.322488 9.9991E-05 0.308669 0.0954464 0.273297
0.237146 0.0483588 0.158391 0.0643499 0.491755
0.272934 9.9982E-05 0.188725 9.9982E-05 0.538141
0.268499 9.9991E-05 0.277583 0.12351 0.330308
0.125481 0.0601732 0.213996 0.0738289 0.526521
0.311323 9.9982E-05 0.477274 0.211203 9.9982E-05
9.9991E-05 0.439438 0.00844417 0.0714631 0.480555
0.0412771 0.186773 9.9991E-05 0.292145 0.479705
9.9982E-05 0.588437 9.9982E-05 0.0578806 0.353482
0.030443 0.166246 9.9991E-05 0.216798 0.586413
9.9973E-05 0.336846 9.9973E-05 0.662854 9.9973E-05
0.0881871 0.173521 0.0817928 0.0854111 0.571088
0.0512673 0.167522 0.0264983 0.183154 0.571559
9.9991E-05 0.52714 0.0230408 0.0512148 0.398504
0.0700863 0.208106 0.0804462 0.0528376 0.588524
9.9982E-05 0.319017 9.9982E-05 0.486344 0.194439
0.0336053 0.166846 0.0254306 0.156892 0.617227
0.00685176 0.373523 0.0155076 0.0271488 0.576969
0.192832 0.117363 0.088389 0.178101 0.423315
0.0441606 0.280739 9.9991E-05 0.331692 0.343308
0.0613943 0.229369 9.9991E-05 0.272372 0.436764
0.0486219 0.208003 9.9991E-05 0.125745 0.61753
0.0168897 0.208307 9.9991E-05 0.183043 0.59166
0.125304 0.161737 0.0421223 0.067204 0.603632
0.0589244 0.151244 0.11786 0.0747876 0.597184
0.044395 0.250016 0.0365086 0.0605179 0.608562
0.0470135 9.9982E-05 0.838189 9.9982E-05 0.114598
9.9973E-05 9.9973E-05 0.883023 9.9973E-05 0.116677
9.9982E-05 0.0169376 0.907837 9.9982E-05 0.0750254
0.0424236 0.00984045 0.926334 9.9991E-05 0.0213024
9.9973E-05 9.9973E-05 0.929554 9.9973E-05 0.070146
0.0517481 0.611674 0.0353973 0.158604 0.142577
0.0769669 0.190185 0.0426054 0.150121 0.540121
0.243979 0.0461284 0.175022 0.157649 0.377222
0.0720405 0.209059 0.0236214 0.0316338 0.663646
0.0540415 0.391199 0.0280199 9.9991E-05 0.526639
0.0710006 0.318565 9.9991E-05 0.350524 0.25981
0.0110157 0.799244 0.0621586 0.0975218 0.0300598
0.013832 0.363659 0.0805054 0.0292832 0.512721
0.0825236 0.642086 0.0319526 9.9991E-05 0.243337
9.9991E-05 0.233916 0.0877732 0.155917 0.522294
0.00730101 0.651928 0.0704347 0.0850285 0.185307
0.0843766 0.236564 0.0821617 9.9991E-05 0.596797
0.068558 0.654692 0.0182689 0.0958785 0.162602
0.157689 0.334279 0.00888569 0.257866 0.241281
0.015943 0.130838 0.0922684 0.177785 0.583166
9.9991E-05 0.0984581 0.031202 0.530699 0.339541
0.04876 9.9991E-05 0.0859775 0.292124 0.573039
0.0401574 0.0427813 0.15204 0.181217 0.583804
9.9991E-05 0.0504388 0.055985 0.599652 0.293824
0.0590283 0.0750237 0.103718 0.172474 0.589756
9.9982E-05 9.9982E-05 0.125514 0.32953 0.544756
9.9991E-05 0.0178371 0.0154109 0.773957 0.192695
9.9991E-05 0.0177849 0.0562511 0.705687 0.220177
9.9991E-05 0.0844145 0.0694072 0.363121 0.482957
9.9991E-05 0.0638767 0.0250218 0.781439 0.129563
9.9991E-05 0.096416 0.0365167 0.368051 0.498916
0.0223493 0.736693 9.9991E-05 0.028833 0.212025
0.111192 0.378102 9.9991E-05 0.309014 0.201591
0.078113 0.481974 0.033741 9.9991E-05 0.406072
0.0575676 0.292287 0.0409899 0.0286658 0.58049
0.0240362 0.643553 9.9991E-05 0.0631228 0.269188
0.0905667 0.185195 0.108592 0.0960372 0.51961
0.0896194 0.266441 0.0408243 9.9991E-05 0.603015
0.0850852 0.224982 0.0180745 0.135959 0.535899
0.0825345 0.352302 0.0223209 0.0234044 0.519438
0.0653702 0.417288 0.00493383 0.0187787 0.493629
0.0559759 0.574196 9.9991E-05 0.0833737 0.286354
0.0580051 0.477003 9.9991E-05 0.0204432 0.444449
0.105895 0.18919 9.9991E-05 0.137861 0.566954
0.0943168 0.152836 0.0575504 0.0936176 0.601679
0.119371 0.324757 0.0313889 0.207932 0.316551
0.121334 0.260078 9.9991E-05 0.13361 0.484878
0.084974 0.560838 9.9991E-05 0.00105314 0.353035
0.100659 0.298536 0.0131942 0.0497261 0.537885
0.0791541 0.352767 0.0190775 0.0621075 0.486894
0.0863312 0.176355 0.105408 0.0720805 0.559825
0.141928 0.0383042 0.360616 9.9991E-05 0.459053
0.168774 0.0549724 0.167477 0.0715138 0.537263
0.14375 0.106928 0.151889 0.121708 0.475725
0.168852 0.0466141 0.142912 0.125266 0.516356
0.246794 9.9991E-05 0.192977 0.142436 0.417693
0.0135044 0.175814 9.9991E-05 0.280366 0.530216
0.179267 0.00996965 0.15542 0.162938 0.492406
0.202193 0.0881569 0.249924 0.430716 0.0290105
0.166949 0.0532502 0.141559 0.0990174 0.539225
0.199927 0.0302433 0.16411 0.0662614 0.539458
0.191069 0.0800192 0.101982 0.0880014 0.538928
0.157133 0.0409509 0.175517 0.358984 0.267415
0.163294 0.0449799 0.185542 0.0273962 0.578788
0.206969 0.0295169 0.169052 0.103766 0.490696
0.128784 9.9982E-05 0.522154 0.348862 9.9982E-05
0.187018 0.0742089 0.162976 0.0348826 0.540915
0.205356 0.0188208 0.200083 0.0469309 0.528809
0.119438 0.0520131 0.126836 0.0891401 0.612572
0.256789 9.9991E-05 0.210907 0.0462137 0.485991
0.108688 0.0237988 0.233519 0.0615748 0.57242
0.0401571 0.0193759 0.052907 0.386115 0.501445
0.0871074 0.0890749 0.0772925 0.221751 0.524775
0.000152649 0.103681 9.9991E-05 0.863389 0.0326771
9.9982E-05 0.0819254 9.9982E-05 0.812112 0.105763
0.0466711 0.0389261 0.126979 0.253424 0.534
0.364807 9.9991E-05 0.164272 0.129142 0.341679
0.324256 9.9991E-05 0.17421 0.173002 0.328431
0.378501 9.9991E-05 0.159295 0.309297 0.152807
0.296248 9.9991E-05 0.177339 0.182061 0.344252
0.100292 9.9991E-05 0.0946267 0.695672 0.109309
0.108059 9.9991E-05 0.087661 0.639557 0.164623
0.102497 9.9991E-05 0.0107955 0.301802 0.584805
0.15571 9.9991E-05 0.0912756 0.342103 0.410811
0.0827874 0.0258029 0.0636147 0.564989 0.262806
0.0776516 0.000981996 0.0870851 0.258378 0.575904
0.0986034 9.9991E-05 0.0698641 0.241529 0.589904
0.0889608 0.0230206 0.102724 0.219166 0.566129
0.00602548 0.002832 0.00239324 0.5659 0.42285
0.00184237 0.0611398 0.0370252 0.440372 0.45962
0.042401 0.0550969 0.0247812 0.286763 0.590957
0.0593665 0.0900858 0.0208782 0.343764 0.485906
0.0696354 0.0536418 0.108848 0.224567 0.543307
9.9991E-05 0.00505507 0.0436318 0.385797 0.565417
9.9982E-05 0.0178468 9.9982E-05 0.705254 0.276699
0.0395115 9.9991E-05 0.0107669 0.285993 0.663629
0.0284249 0.0821114 9.9991E-05 0.654165 0.235198
0.0359133 0.0235067 0.0255413 0.404287 0.510751
0.0307296 0.0947012 0.0702188 0.255734 0.548616
0.0969232 0.0490748 0.0784191 0.270165 0.505418
0.136998 9.9991E-05 0.212134 0.166292 0.484477
0.12699 0.05186 0.166649 0.120769 0.533732
0.286292 9.9991E-05 0.224463 0.184105 0.30504
0.301743 0.022757 0.20253 0.196748 0.276222
0.193687 0.0383404 0.190646 0.0679522 0.509375
0.1664 9.9991E-05 0.186856 0.22206 0.424584
0.168399 9.9982E-05 0.179719 0.651682 9.9982E-05
0.266395 9.9991E-05 0.0525993 0.140499 0.540407
0.14061 9.9982E-05 0.345875 0.513315 9.9982E-05
0.214842 9.9991E-05 0.0448938 0.223325 0.516839
9.9973E-05 9.9973E-05 9.9973E-05 0.763943 0.235757
9.9982E-05 0.0384965 9.9982E-05 0.873035 0.0882689
0.0212831 0.0141957 9.9991E-05 0.411442 0.552979
0.052713 9.9991E-05 0.0106431 0.289574 0.646969
9.9982E-05 0.0305534 9.9982E-05 0.464426 0.50482
0.0160062 9.9982E-05 9.9982E-05 0.348266 0.635528
0.0135193 9.9982E-05 9.9982E-05 0.339557 0.646724
0.00219654 0.0893785 0.896874 9.9991E-05 0.011451
0.0614538 0.100038 0.767671 0.0174922 0.0533445
0.0220345 0.0213518 0.945713 9.9991E-05 0.0108005
9.9973E-05 9.9973E-05 0.948629 9.9973E-05 0.0510712
0.0382626 0.0560341 0.0603047 0.230108 0.61529
0.00895414 0.127296 0.0411384 0.176808 0.645804
9.9991E-05 0.110708 0.012583 0.20882 0.667789
9.9991E-05 0.141277 0.0705227 0.104018 0.684082
0.0502759 0.148856 0.112397 0.0648108 0.62366
9.9991E-05 0.221939 0.0255267 0.280614 0.47182
9.9991E-05 0.0679694 0.015219 0.136438 0.780274
9.9982E-05 0.0219697 9.9982E-05 0.548099 0.429731
0.218231 0.119242 0.312398 9.9991E-05 0.350029
0.0175548 0.0700899 9.9991E-05 0.352618 0.559638
9.9982E-05 0.227143 9.9982E-05 0.256471 0.516186
9.9982E-05 0.0579068 9.9982E-05 0.296314 0.645579
0.00758272 0.218676 9.9991E-05 0.203977 0.569664
9.9973E-05 9.9973E-05 9.9973E-05 0.291366 0.708334
9.9991E-05 0.0698111 0.0857563 0.13104 0.713292
9.9982E-05 0.0118494 9.9982E-05 0.735793 0.252157
0.00119507 0.0235531 9.9991E-05 0.474191 0.500961
9.9982E-05 0.0392277 9.9982E-05 0.406898 0.553675
9.9973E-05 9.9973E-05 9.9973E-05 0.927688 0.0720122
9.9991E-05 0.204386 0.0714879 0.195315 0.528711
9.9982E-05 0.05827 9.9982E-05 0.706666 0.234864
9.9982E-05 0.09535 9.9982E-05 0.865525 0.0389247
0.0372473 0.0316374 0.0520683 0.241096 0.637951
9.9982E-05 0.337657 9.9982E-05 0.308429 0.353714
0.00550652 0.195531 0.00319222 0.175551 0.620219
0.0672448 0.0912181 0.125119 0.117485 0.598933
9.9991E-05 0.172646 0.0419609 0.142708 0.642585
0.0688467 0.280278 9.9991E-05 0.268349 0.382427
9.9991E-05 0.109605 0.0279727 0.173284 0.689039
9.9991E-05 0.152583 0.0379454 0.176677 0.632695
9.9982E-05 0.0264539 9.9982E-05 0.500471 0.472875
0.0206982 0.129515 0.11189 0.170492 0.567404
9.9982E-05 0.274096 0.680363 0.0453417 9.9982E-05
9.9982E-05 0.176721 0.780052 0.0430272 9.9982E-05
9.9973E-05 0.132493 0.867207 9.9973E-05 9.9973E-05
9.9973E-05 0.153671 0.846029 9.9973E-05 9.9973E-05
9.9991E-05 0.203818 0.763943 0.011627 0.0205121
9.9991E-05 0.3325 0.00155355 0.348221 0.317625
9.9991E-05 0.336974 0.00524253 0.322882 0.334802
9.9973E-05 9.9973E-05 9.9973E-05 0.565055 0.434645
0.0444668 0.0347592 0.126325 0.149893 0.644556
0.106831 0.0698116 0.0753009 0.157336 0.590721
9.9991E-05 0.0114379 0.0282247 0.491753 0.468484
0.0739602 0.05823 0.0107488 0.165709 0.691352
0.0436346 0.0652396 0.0334303 0.261189 0.596507
9.9991E-05 0.0974064 0.054246 0.179045 0.669202
0.0440681 0.0553911 0.0680659 0.15865 0.673825
9.9982E-05 0.316953 9.9982E-05 0.27032 0.412528
9.9982E-05 0.270185 9.9982E-05 0.244062 0.485554
9.9991E-05 0.261292 0.00622233 0.246046 0.48634
0.0222362 0.0177529 0.147423 0.146989 0.665599
9.9982E-05 0.229146 9.9982E-05 0.213697 0.556956
9.9991E-05 0.2321 0.00573545 0.205628 0.556436
0.394912 0.0314773 0.118654 0.02682 0.428137
0.496231 9.9991E-05 0.104756 0.0906753 0.308237
0.411098 9.9982E-05 0.135919 9.9982E-05 0.452783
0.560084 9.9991E-05 0.137571 0.047751 0.254493
0.324106 0.0715052 0.158373 0.000879131 0.445137
9.9982E-05 9.9982E-05 0.0958336 0.327983 0.575983
0.661302 9.9982E-05 0.265083 0.073415 9.9982E-05
0.494827 0.0153929 0.186491 0.00831607 0.294973
0.163086 9.9991E-05 0.214062 0.253873 0.368879
9.9991E-05 0.0901382 0.192731 0.164319 0.552712
0.0221359 0.100271 0.155621 0.195863 0.526109
0.0357241 0.054471 0.17981 0.123555 0.606439
0.0671152 0.0772377 0.161506 0.110494 0.583647
0.496895 9.9982E-05 0.180744 9.9982E-05 0.322161
0.397731 0.058744 0.132445 0.0129447 0.398135
0.560707 0.00275572 0.0771425 9.9991E-05 0.359295
0.312329 0.0733444 0.141385 0.0544746 0.418467
0.488578 0.0152682 0.193794 0.0475828 0.254777
0.371288 0.0592097 0.129485 0.019245 0.420772
0.560332 0.00518003 0.149749 0.0586003 0.226139
0.365253 0.0382251 0.133219 0.070288 0.393015
0.025299 9.9991E-05 0.151098 0.308107 0.515396
0.358477 0.0433917 0.148239 0.0792568 0.370635
0.593028 9.9991E-05 0.216975 0.0527861 0.137111
0.358543 0.0699521 0.125767 0.0446378 0.4011
9.9991E-05 0.165389 0.213528 0.270361 0.350622
0.0410011 9.9991E-05 0.098401 0.201304 0.659194
0.387646 0.018078 0.145597 0.0723639 0.376315
9.9991E-05 0.0795262 0.190596 0.138486 0.591292
0.0219143 0.0943774 0.209819 0.169757 0.504132
0.251045 0.0147364 0.210685 0.190072 0.333461
0.302833 9.9991E-05 0.222973 0.159731 0.314364
0.0699439 9.9991E-05 0.172501 0.151553 0.605902
0.307396 0.0401913 0.162605 0.071697 0.41811
0.451369 0.0292082 0.10934 9.9991E-05 0.409982
0.670391 9.9991E-05 0.189256 0.0393778 0.100875
0.0627295 0.0623463 0.147941 0.0971218 0.629862
9.9991E-05 0.073349 0.172517 0.249296 0.504738
0.0504808 9.9991E-05 0.163335 0.675565 0.11052
0.0311236 0.0152769 0.179053 0.146017 0.62853
0.028991 0.138546 0.0966223 0.2914 0.444441
0.170022 9.9991E-05 0.20355 0.139612 0.486717
0.158761 0.0469 0.172318 0.15371 0.468311
0.126415 9.9982E-05 0.422967 0.450418 9.9982E-05
0.0884786 9.9982E-05 0.388977 0.522345 9.9982E-05
0.0891853 9.9991E-05 0.215836 0.367244 0.327635
0.19574 9.9991E-05 0.375802 0.400126 0.0282315
0.199696 9.9982E-05 0.500168 0.299937 9.9982E-05
0.130678 9.9991E-05 0.232239 0.27416 0.362822
0.165157 9.9991E-05 0.256509 0.209098 0.369137
0.199833 9.9991E-05 0.316366 0.386997 0.096705
0.161745 9.9991E-05 0.308681 0.497723 0.0317511
0.152868 9.9991E-05 0.190341 0.166577 0.490113
0.139932 9.9991E-05 0.289184 0.423827 0.146957
0.0918722 9.9982E-05 0.414233 0.493694 9.9982E-05
0.152383 0.0924154 0.137838 0.106207 0.511157
0.189002 0.0470533 0.222894 0.22065 0.320402
0.174164 9.9991E-05 0.332989 0.0561564 0.43659
0.264847 9.9982E-05 0.156561 9.9982E-05 0.578393
0.232731 9.9991E-05 0.181382 0.0707348 0.515052
0.263566 9.9991E-05 0.155504 0.088172 0.492658
0.236443 0.0567146 0.357521 0.0072786 0.342043
0.228539 0.0135059 0.247157 9.9991E-05 0.510697
0.203878 9.9982E-05 0.279251 9.9982E-05 0.516671
0.286167 9.9991E-05 0.246858 0.192382 0.274493
0.112007 0.176293 0.224807 0.105489 0.381404
0.154845 0.0665082 0.20512 0.0528142 0.520712
0.201647 0.010802 0.16483 0.0951295 0.527592
0.165792 0.069639 0.0958899 0.0917496 0.576929
0.226933 0.037695 0.266529 0.040448 0.428395
0.163854 0.00448273 0.205531 0.0762193 0.549913
0.348914 9.9991E-05 0.378912 0.271488 0.000586088
0.20105 0.0215508 0.180889 0.0694757 0.527034
0.290389 9.9991E-05 0.32324 0.213792 0.172478
9.9973E-05 0.171335 0.828365 9.9973E-05 9.9973E-05
0.0188938 0.790357 0.0348864 9.9991E-05 0.155763
9.997E-05 0.9996 9.997E-05 9.997E-05 9.997E-05
9.997E-05 0.9996 9.997E-05 9.997E-05 9.997E-05
0.00514074 0.967195 9.9982E-05 9.9982E-05 0.0274639
0.0246736 0.975027 9.9973E-05 9.9973E-05 9.9973E-05
9.9973E-05 0.942546 9.9973E-05 9.9973E-05 0.0571538
9.9973E-05 0.995212 0.00448769 9.9973E-05 9.9973E-05
9.9973E-05 0.855713 0.143988 9.9973E-05 9.9973E-05
9.9991E-05 0.0708825 0.911689 0.0121109 0.00521753
9.9982E-05 0.138019 0.809629 9.9982E-05 0.0521514
9.9991E-05 0.0665468 0.890456 0.00929568 0.0336013
9.9991E-05 0.0577774 0.870671 0.0374292 0.0340229
0.0173307 0.0957324 0.862915 9.9991E-05 0.0239218
9.9982E-05 0.0154565 0.914343 9.9982E-05 0.0700003
0.0729901 0.030841 0.74593 0.018646 0.131593
9.9973E-05 9.9973E-05 0.912104 9.9973E-05 0.087596
0.0397689 0.0635467 0.751205 9.9991E-05 0.145379
0.0381464 9.9982E-05 0.923029 9.9982E-05 0.0386246
9.9973E-05 9.9973E-05 0.99554 0.00415998 9.9973E-05
0.0436182 0.0329072 0.886029 9.9991E-05 0.0373459
9.997E-05 9.997E-05 0.9996 9.997E-05 9.997E-05
0.0066747 9.9982E-05 0.951171 9.9982E-05 0.0419546
9.9973E-05 9.9973E-05 0.909416 9.9973E-05 0.090284
9.9973E-05 9.9973E-05 0.933365 9.9973E-05 0.0663354
0.0633412 9.9982E-05 0.875132 9.9982E-05 0.0613264
0.00404936 9.9982E-05 0.854798 9.9982E-05 0.140953
0.0858946 9.9982E-05 0.803426 9.9982E-05 0.110479
9.9991E-05 0.106757 0.172813 0.257275 0.463055
9.9991E-05 0.0237796 0.13689 0.128688 0.710543
0.0682614 0.0795556 0.143367 0.101784 0.607032
0.0414289 9.9991E-05 0.150242 0.721188 0.087041
0.00956588 0.115951 0.153782 0.212801 0.507899
0.0262822 9.9991E-05 0.172084 0.713436 0.0880972
0.0587266 9.9991E-05 0.0815834 0.218153 0.641437
9.9991E-05 0.122224 0.174678 0.23396 0.469037
9.9991E-05 0.0595427 0.179222 0.195215 0.56592
0.0154371 0.136594 0.0640426 0.195609 0.588317
9.9991E-05 0.101869 0.163739 0.203536 0.530755
0.0282312 9.9991E-05 0.0974702 0.21901 0.655189
9.9991E-05 0.107018 0.163151 0.169641 0.56009
0.0910923 0.490523 9.9991E-05 0.408663 0.00962203
9.9982E-05 9.9982E-05 0.16413 0.822704 0.0129662
0.0272896 9.9991E-05 0.150644 0.687723 0.134244
0.0144325 0.0437777 0.197879 0.0965954 0.647316
0.0546081 9.9991E-05 0.0868192 0.359948 0.498525
9.9982E-05 9.9982E-05 0.128396 0.236095 0.635309
0.0839843 0.033533 0.144678 0.119299 0.618506
0.177113 0.0612942 0.248227 0.0417359 0.471629
0.154786 0.0305461 0.25289 0.0306827 0.531095
0.142517 0.190163 0.39537 0.0852203 0.18673
0.0879281 0.0976747 0.191185 0.0477681 0.575444
0.104361 0.208812 0.237377 0.00112357 0.448326
0.187983 9.9982E-05 0.428853 0.382964 9.9982E-05
0.260087 9.9991E-05 0.300767 0.184036 0.25501
0.145935 0.0743909 0.392511 0.0701377 0.317025
0.091743 0.155002 0.339763 0.00806296 0.405428
0.175533 0.0527756 0.154682 0.0605868 0.556423
0.138185 0.0284496 0.227165 0.0646662 0.541535
0.0741138 9.9991E-05 0.218028 0.0461808 0.661577
0.186576 0.0182718 0.191362 0.21579 0.388
0.113813 0.0565159 0.512582 0.0629636 0.254125
