9.9982E-05 9.9982E-05 0.0404486 0.937572 0.0217794
9.9973E-05 9.9973E-05 9.9973E-05 0.981627 0.0180734
0.0290688 0.0562944 0.0018384 0.912698 9.9991E-05
9.9982E-05 0.143171 9.9982E-05 0.836148 0.0204807
9.9973E-05 0.0780875 9.9973E-05 0.921613 9.9973E-05
0.105914 0.0790953 0.0559612 0.666752 0.0922777
0.118769 0.00716104 0.00769222 0.846827 0.0195507
0.143642 0.0369714 0.00257342 0.758553 0.0582599
0.0285875 9.9982E-05 9.9982E-05 0.838176 0.133036
0.099071 0.0490708 0.00857137 0.786928 0.0563592
0.0482039 0.104286 9.9991E-05 0.79417 0.0532406
0.0884657 0.276279 0.0523914 0.0228683 0.559995
0.0211991 0.608314 0.0484219 0.074607 0.247458
0.0955927 0.295466 0.104251 9.9991E-05 0.504591
0.0160579 0.306953 0.153886 0.0238639 0.49924
0.0356062 0.433043 0.148135 0.0614171 0.321798
0.0426071 0.575202 0.153414 0.00785872 0.220919
0.0556146 0.553044 0.0597338 0.0155541 0.316053
0.0504967 0.329561 0.0568445 0.118405 0.444692
0.140912 0.07912 0.00719477 0.0201735 0.752599
0.0930745 0.48311 0.0661415 0.0370862 0.320588
0.247734 0.441596 0.100219 0.0473474 0.163104
0.0534139 0.613583 0.0763907 0.0300339 0.226578
0.0994974 0.310718 0.0853501 0.0534875 0.450947
0.0249006 0.681754 0.0975962 0.100865 0.0948846
0.0695096 0.580545 0.0494664 0.044027 0.256452
0.0896953 0.296789 0.0233165 0.0565285 0.533671
0.0675241 0.331793 0.103054 0.0247426 0.472886
0.181396 0.261453 0.010118 0.0105601 0.536473
9.9982E-05 0.0828994 0.0191535 0.897747 9.9982E-05
9.9982E-05 0.117268 0.00224565 0.880287 9.9982E-05
9.9991E-05 0.0867911 0.0905663 0.812593 0.0099497
9.9982E-05 0.148031 0.0931612 0.758608 9.9982E-05
0.153121 0.62 9.9991E-05 0.126338 0.100441
0.174508 0.61803 0.0551495 0.0591702 0.0931423
0.243126 0.687095 0.00751716 9.9991E-05 0.0621623
0.0483544 0.24291 0.0235149 0.0291656 0.656055
0.51505 0.45462 9.9982E-05 9.9982E-05 0.0301302
0.0466458 0.646446 0.0709437 0.0673238 0.168641
0.0991359 0.833378 0.00329943 0.0513212 0.0128654
0.161601 0.613767 0.0128659 0.138775 0.0729909
0.0886686 0.698434 0.0192762 0.106997 0.0866245
0.323742 0.359442 9.9982E-05 9.9982E-05 0.316616
0.156833 0.696338 0.0213685 0.110127 0.0153345
0.170197 0.697356 0.071076 0.0109779 0.0503925
0.166835 0.593378 0.0716267 0.123644 0.0445169
0.445525 0.526027 9.9982E-05 9.9982E-05 0.0282479
0.0646452 0.738629 0.0252197 0.0789708 0.0925352
0.138947 0.668419 0.0208579 0.140376 0.0313998
0.863196 9.9982E-05 9.9982E-05 0.00812573 0.128478
0.149758 0.208597 9.9982E-05 9.9982E-05 0.641445
0.449223 0.185832 0.0761167 0.0123227 0.276505
0.0912597 0.603714 0.0896882 0.0588335 0.156505
0.136951 0.636823 0.080315 0.0674595 0.078451
0.115877 0.645366 0.092448 0.0975851 0.0487239
0.0899881 0.240034 0.0260759 0.103988 0.539914
0.025307 0.585769 0.0498699 0.0109227 0.328131
0.0865344 0.602904 0.0836328 0.0762367 0.150692
0.115691 0.481576 0.0150866 0.105675 0.281972
0.177779 0.152687 0.0098463 0.155994 0.503694
0.091199 0.616451 0.0430666 0.0918364 0.157447
0.0748499 0.547382 0.0435283 0.0757534 0.258487
0.183724 0.151952 9.9991E-05 0.0779969 0.586228
0.0944237 0.498383 0.020748 9.9991E-05 0.386345
0.130564 0.639795 0.0757704 0.038713 0.115157
0.0356629 0.720592 0.000899562 0.135093 0.107753
0.160362 0.296405 0.0672367 0.054253 0.421744
0.0772473 0.571013 0.0480141 0.0647689 0.238957
0.0809869 0.571943 0.0889209 0.0295272 0.228622
0.13973 0.27026 9.9991E-05 0.0355393 0.554371
0.173619 0.676622 9.9991E-05 0.0239964 0.125662
0.301405 0.421761 9.9982E-05 9.9982E-05 0.276634
0.103 0.61412 0.0687261 0.0986079 0.115546
0.738431 0.203896 9.9982E-05 9.9982E-05 0.0574734
0.74624 0.185447 9.9982E-05 9.9982E-05 0.0681134
0.516118 0.449311 9.9982E-05 9.9982E-05 0.0343702
0.159654 0.637685 9.9991E-05 0.0309438 0.171618
0.123874 0.603487 0.0774426 0.111443 0.0837535
0.296456 0.666352 9.9982E-05 9.9982E-05 0.0369923
0.268194 0.356374 9.9982E-05 9.9982E-05 0.375232
0.262626 0.452806 9.9982E-05 9.9982E-05 0.284368
0.104183 0.643625 0.0223838 0.109163 0.120645
0.262512 0.532082 9.9991E-05 0.0181814 0.187125
0.197 0.628042 9.9991E-05 0.0223363 0.152522
0.378114 0.609422 9.9982E-05 0.0122641 9.9982E-05
0.834364 0.071152 9.9982E-05 9.9982E-05 0.0942842
0.126269 0.771439 0.0405973 0.0337388 0.0279563
9.9982E-05 0.0778938 9.9982E-05 0.837786 0.0841204
9.9982E-05 0.0618172 0.00389788 0.934085 9.9982E-05
9.9982E-05 0.0919977 0.0383036 0.869499 9.9982E-05
9.9982E-05 0.0126774 0.0383659 0.948757 9.9982E-05
9.9973E-05 9.9973E-05 0.0392061 0.960494 9.9973E-05
9.9982E-05 0.0868982 0.0327783 0.880124 9.9982E-05
9.9973E-05 0.0668891 9.9973E-05 0.932811 9.9973E-05
0.109706 0.661029 0.0527196 0.0641065 0.112439
0.0953262 0.645281 0.0911868 0.0827103 0.0854958
0.416728 0.212741 9.9982E-05 9.9982E-05 0.37033
0.0914142 0.679058 0.0821982 0.0663232 0.0810064
0.190138 0.560454 9.9991E-05 0.0377239 0.211585
0.194299 0.660503 9.9991E-05 0.0654491 0.0796492
0.233514 0.670631 0.0329336 0.0172803 0.0456412
0.249893 0.661127 0.0113401 9.9991E-05 0.0775398
0.374211 0.175357 9.9982E-05 9.9982E-05 0.450233
0.124947 0.633238 9.9991E-05 0.123437 0.118278
0.0846048 0.706112 0.0552848 0.088568 0.0654299
0.117874 0.606674 0.0627294 0.136255 0.076468
0.506517 0.414448 0.00818792 9.9991E-05 0.0707473
0.335131 0.638336 9.9991E-05 0.00229283 0.0241399
0.144531 0.621916 9.9991E-05 0.0124344 0.221018
0.397751 0.579989 9.9982E-05 9.9982E-05 0.0220595
0.159668 0.596665 9.9991E-05 0.00860349 0.234964
0.147402 0.610105 0.0340803 0.066697 0.141716
0.221312 0.296314 0.0897782 0.0140407 0.378555
0.0640982 0.46438 0.00490012 0.0907275 0.375894
0.0838116 0.553091 0.0943208 0.111879 0.156898
0.0762249 0.616864 0.0513514 0.156323 0.0992372
0.039335 0.507424 0.0147441 0.0476788 0.390818
0.0193634 0.641709 0.0497025 0.0165254 0.2727
9.9991E-05 0.481304 0.0506515 0.0187035 0.449241
0.164465 0.541268 0.0832152 0.0950207 0.116032
0.0706113 0.591579 0.136783 0.0719948 0.129031
0.029248 0.599474 0.0561956 0.0353897 0.279693
0.0542109 0.629947 9.9991E-05 0.0202547 0.295487
0.0578122 0.655945 0.130926 0.03487 0.120447
0.122232 0.628389 0.0634739 0.125888 0.0600168
0.0731392 0.613236 0.12249 9.9991E-05 0.191035
0.113168 0.542565 0.133364 0.0484959 0.162407
0.0995561 0.593295 0.0867801 0.0317953 0.188574
0.248792 0.273453 0.135076 0.064936 0.277742
0.0489475 0.620874 0.0696766 0.0896434 0.170859
0.115537 0.656754 0.0652005 0.0539072 0.108602
0.0791476 0.257424 0.0327737 0.00276443 0.62789
0.406943 0.196729 0.0777628 9.9991E-05 0.318465
0.112751 0.564633 0.0589421 0.044641 0.219033
0.505493 0.0923708 0.0412958 9.9991E-05 0.360741
0.0407695 0.404631 9.9982E-05 9.9982E-05 0.554399
0.0517349 0.514966 0.00488571 9.9991E-05 0.428313
0.030778 0.426505 9.9991E-05 0.0334714 0.509146
0.0491701 0.419101 9.9982E-05 9.9982E-05 0.531529
0.036898 0.657048 0.0156095 0.0868614 0.203583
0.0119541 0.607349 0.105893 0.0877778 0.187026
0.0442213 0.625935 0.0635083 0.0506336 0.215702
0.367577 0.17596 0.0604218 9.9991E-05 0.395941
0.136805 0.545287 0.0845433 0.123765 0.1096
0.318573 0.481394 0.053411 0.119073 0.0275497
0.777296 9.9982E-05 9.9982E-05 0.186249 0.0362554
0.0839707 0.731405 0.0593586 0.110304 0.0149617
0.399092 0.358657 0.0497857 0.112683 0.0797825
0.211516 0.52174 0.105407 0.12657 0.0347671
0.483829 0.286016 9.9991E-05 0.14252 0.087536
0.613115 0.137333 9.9991E-05 0.115426 0.134026
0.358279 0.437127 0.028863 0.105564 0.0701667
0.216545 0.527862 0.0691693 0.123726 0.0626977
0.203653 0.476346 0.0716654 0.157536 0.0907994
0.582757 0.126961 0.0856509 0.0842055 0.120426
0.170909 0.575678 0.0901843 0.113732 0.0494971
0.530402 0.397131 9.9982E-05 9.9982E-05 0.072267
0.393144 0.516268 9.9982E-05 9.9982E-05 0.0903872
0.1063 0.634784 0.116803 0.0911257 0.0509873
0.221048 0.126409 0.274928 0.372691 0.00492305
0.314666 9.9982E-05 0.149703 0.535431 9.9982E-05
0.348264 9.9982E-05 0.122781 0.528756 9.9982E-05
0.265798 0.0546919 0.275925 0.403486 9.9991E-05
0.28774 0.680768 0.00503273 0.0224551 0.00400483
0.123836 0.632531 0.0696819 0.138445 0.0355065
9.9982E-05 0.28426 0.700227 9.9982E-05 0.0153138
0.0471053 0.409563 0.452827 0.00638043 0.0841244
0.00473739 0.40293 0.409223 0.0911673 0.0919421
0.572579 0.279897 0.0455598 0.043684 0.0582799
0.217387 0.533078 0.0693461 0.0873064 0.0928826
0.592017 0.299343 0.0023862 9.9991E-05 0.106154
0.246031 0.642151 0.0223427 0.089375 9.9991E-05
0.340444 0.510988 0.034635 0.0764475 0.037486
0.303454 0.661533 0.0045553 0.0303577 9.9991E-05
0.680154 0.261062 9.9991E-05 0.035477 0.0232066
0.17945 0.694628 0.0389088 0.086913 9.9991E-05
0.180086 0.625564 0.0616541 0.132595 9.9991E-05
9.9982E-05 0.031863 0.963947 9.9982E-05 0.00399021
9.9982E-05 0.0436565 0.936017 9.9982E-05 0.0201268
0.0352978 0.321118 0.559339 0.00761047 0.0766349
9.9973E-05 0.362676 0.637024 9.9973E-05 9.9973E-05
9.9982E-05 0.125622 0.809857 9.9982E-05 0.0643217
9.997E-05 9.997E-05 0.9996 9.997E-05 9.997E-05
9.9973E-05 9.9973E-05 0.974276 9.9973E-05 0.0254236
9.9973E-05 0.136672 0.863028 9.9973E-05 9.9973E-05
9.9973E-05 9.9973E-05 0.946998 9.9973E-05 0.0527023
9.997E-05 9.997E-05 0.9996 9.997E-05 9.997E-05
9.997E-05 9.997E-05 0.9996 9.997E-05 9.997E-05
9.9991E-05 0.213134 0.770834 0.000764252 0.0151676
9.9991E-05 0.085657 0.819737 0.0277654 0.0667408
9.997E-05 9.997E-05 0.9996 9.997E-05 9.997E-05
0.108089 0.36273 0.384835 0.108371 0.0359745
9.9991E-05 0.212924 0.705145 0.0551468 0.0266844
9.9982E-05 0.152888 0.836171 0.0107408 9.9982E-05
9.9982E-05 0.0702638 0.911004 9.9982E-05 0.0185322
9.997E-05 9.997E-05 0.9996 9.997E-05 9.997E-05
9.9991E-05 0.00379252 0.980411 0.00972791 0.00596889
9.997E-05 9.997E-05 0.9996 9.997E-05 9.997E-05
9.9991E-05 0.248989 0.68059 0.0595259 0.0107946
9.9973E-05 9.9973E-05 0.979072 9.9973E-05 0.0206283
0.591663 9.9982E-05 0.0695848 0.338552 9.9982E-05
0.259542 0.314768 0.167778 0.241737 0.0161745
0.225613 0.467988 0.0954299 0.21087 9.9991E-05
0.450938 0.153851 0.147507 0.247604 9.9991E-05
0.17781 0.40135 0.169819 0.149483 0.101538
0.492065 0.0507422 0.179586 0.277506 9.9991E-05
0.156123 0.441937 0.135132 0.194337 0.0724714
0.304829 0.312274 0.151403 0.231394 9.9991E-05
0.221893 0.420537 0.178381 0.179089 9.9991E-05
0.245671 0.372778 0.146582 0.234869 9.9991E-05
0.184006 0.418551 0.156148 0.228784 0.0125116
9.9982E-05 0.080086 9.9982E-05 0.903045 0.0166692
0.00852883 0.0147798 0.054927 0.921664 9.9991E-05
9.9982E-05 0.00531039 9.9982E-05 0.966523 0.0279668
9.9973E-05 9.9973E-05 9.9973E-05 0.992901 0.00679956
9.9982E-05 0.0553326 9.9982E-05 0.914559 0.0299079
9.9973E-05 9.9973E-05 9.9973E-05 0.995805 0.00389476
9.9991E-05 0.035837 0.0127704 0.936565 0.0147274
0.00635533 9.9982E-05 9.9982E-05 0.957213 0.0362317
0.0371984 0.0154081 0.0302596 0.908205 0.00892927
0.0287658 0.000681027 0.0260081 0.926855 0.0176897
0.0865489 9.9991E-05 0.0006704 0.610422 0.302259
0.0459376 9.9982E-05 9.9982E-05 0.605886 0.347977
0.103356 9.9982E-05 9.9982E-05 0.54079 0.355653
0.0919498 9.9982E-05 9.9982E-05 0.462261 0.445589
0.169096 0.585315 9.9991E-05 0.0516113 0.193878
0.196726 0.59897 0.0396627 0.0332368 0.131405
0.0421826 0.625275 0.0596846 0.0328071 0.240051
0.148867 0.474697 9.9991E-05 0.0267237 0.349613
0.0487804 0.251989 0.0221937 9.9991E-05 0.676937
0.0726015 0.778671 0.0159772 0.0402073 0.0925434
0.111336 0.727701 9.9982E-05 9.9982E-05 0.160762
0.300135 0.633231 0.00605735 0.0141815 0.0463953
0.442291 0.557409 9.9973E-05 9.9973E-05 9.9973E-05
0.116766 0.685058 0.0575507 0.0518948 0.0887306
0.188934 0.590321 9.9991E-05 0.00873883 0.211906
0.74264 0.15004 9.9982E-05 9.9982E-05 0.10712
0.0775876 0.618049 0.0628306 0.0583388 0.183194
0.651966 0.347734 9.9973E-05 9.9973E-05 9.9973E-05
0.280456 0.628536 0.0118806 0.0224013 0.0567262
0.305452 0.3359 9.9982E-05 9.9982E-05 0.358449
0.075712 9.9982E-05 9.9982E-05 0.149635 0.774453
0.0405436 0.0583228 9.9991E-05 0.138833 0.7622
0.045447 0.0290016 9.9991E-05 0.122003 0.803448
0.0779238 9.9982E-05 9.9982E-05 0.127351 0.794526
0.0198758 0.138778 9.9991E-05 0.0524976 0.788749
0.0342171 0.0857134 0.023935 0.102807 0.753328
9.9991E-05 0.0587015 0.0379262 0.876279 0.0269935
9.9991E-05 0.119179 0.0073006 0.836484 0.0369371
9.9991E-05 0.137096 0.0402185 0.806294 0.0162913
9.9991E-05 0.02576 0.0643249 0.839477 0.0703386
9.9982E-05 0.15307 0.0365095 0.810221 9.9982E-05
0.0274969 9.9982E-05 9.9982E-05 0.415198 0.557105
0.011275 9.9982E-05 9.9982E-05 0.461231 0.527294
9.9991E-05 0.00467454 0.0237092 0.430978 0.540539
9.9982E-05 0.116792 9.9982E-05 0.879006 0.0040015
0.0302019 9.9982E-05 9.9982E-05 0.408189 0.56141
0.101487 0.260239 0.355886 0.282288 9.9991E-05
9.9991E-05 0.497303 0.261955 0.161941 0.0787011
9.9982E-05 0.559522 0.245704 0.194574 9.9982E-05
0.143918 0.275129 0.290242 0.290612 9.9991E-05
0.0228302 0.564302 0.153368 0.178178 0.0813212
0.214945 9.9982E-05 0.317361 0.467495 9.9982E-05
0.0558418 0.515634 9.9982E-05 9.9982E-05 0.428324
0.283082 0.483339 0.0458822 9.9991E-05 0.187597
0.0714748 0.357538 9.9982E-05 9.9982E-05 0.570787
0.250541 0.579207 0.0290555 9.9991E-05 0.141097
0.668394 9.9973E-05 9.9973E-05 9.9973E-05 0.331306
0.067193 0.612949 0.0962567 0.0946632 0.128939
0.185535 0.550372 0.0920056 0.004425 0.167662
0.0978706 0.395722 9.9991E-05 0.0466238 0.459684
0.0733029 0.603782 0.0592032 0.0562412 0.207471
0.488847 0.193688 9.9982E-05 9.9982E-05 0.317265
0.140515 0.661047 0.0190345 0.0504616 0.128941
0.0686481 0.541036 0.0179317 0.0365943 0.33579
0.200507 0.461109 0.145191 0.119261 0.0739316
0.322079 0.406199 0.017519 9.9991E-05 0.254103
0.251437 0.477588 0.0504754 9.9991E-05 0.220399
0.153914 0.645219 0.0437029 9.9991E-05 0.157064
0.174198 0.626559 0.022181 9.9991E-05 0.176962
0.0925225 0.663869 0.11415 0.015747 0.113712
0.0985975 0.578714 0.0835973 0.0847529 0.154338
0.0448143 0.6661 0.0181638 0.104658 0.166263
9.9982E-05 0.100874 0.0404146 0.858511 9.9982E-05
9.9973E-05 0.110323 9.9973E-05 0.889377 9.9973E-05
0.0121836 0.0512202 9.9991E-05 0.91414 0.0223561
9.9991E-05 0.0119621 0.0444886 0.914139 0.0293102
9.9982E-05 0.0782073 9.9982E-05 0.918621 0.00297143
0.133626 0.159695 0.0499426 0.0158945 0.640842
0.130831 0.590239 0.0643744 0.0595108 0.155044
0.11952 0.401331 0.279545 0.195685 0.00391777
9.9991E-05 0.688104 0.0697128 0.0313971 0.210686
0.0150801 0.585841 0.0480233 0.0195083 0.331547
0.347927 0.286925 0.0492505 9.9991E-05 0.315797
0.0941855 0.0509525 9.9991E-05 0.075007 0.779755
9.9991E-05 0.519402 0.0491727 0.0326154 0.39871
0.0629954 0.233466 0.093268 0.00715392 0.603116
0.196843 0.490129 0.0315284 0.0517525 0.229746
0.0728957 0.200581 0.00332442 0.0753796 0.647819
9.9991E-05 0.595952 0.0980562 0.0644319 0.24146
0.104069 0.195175 0.0197765 0.0390555 0.641924
0.294499 0.241771 0.138055 0.00189888 0.323777
0.201739 0.574397 0.0145465 0.122176 0.0871413
0.506525 0.359229 9.9991E-05 0.0546981 0.0794481
0.309312 0.579957 0.0388337 0.0687195 0.00317832
0.158223 0.536683 0.0717639 0.160102 0.0732283
0.597659 0.310683 9.9991E-05 0.0318052 0.0597536
0.164152 0.570812 0.080628 0.10282 0.0815877
0.277442 0.591024 9.9991E-05 0.0941076 0.037326
0.761807 0.193362 9.9991E-05 0.00221592 0.0425152
0.69471 0.237946 9.9991E-05 0.0568012 0.0104429
0.366597 0.535141 9.9991E-05 0.0793761 0.0187868
0.755071 0.136531 9.9991E-05 0.0296458 0.0786516
0.367076 0.484104 9.9991E-05 0.0322739 0.116446
0.0256379 0.207022 0.0257037 9.9991E-05 0.741537
0.300863 0.189216 0.129713 9.9991E-05 0.380108
9.9991E-05 0.444365 0.0643606 0.00936708 0.481808
0.0200865 0.579075 0.0947703 0.0460693 0.259999
0.057476 0.271929 0.0305872 9.9991E-05 0.639908
0.118975 0.520169 0.106561 0.11642 0.137874
0.0427551 0.589256 0.0740022 0.0393708 0.254616
0.141946 0.586801 0.0310978 0.0799926 0.160163
0.0423729 0.517163 0.120105 0.00538135 0.314977
9.9991E-05 0.55151 0.0229357 0.02116 0.404295
0.0454268 0.313911 0.0428819 9.9991E-05 0.59768
0.0194848 0.457758 0.0481352 9.9991E-05 0.474522
0.142316 0.609199 0.0814831 9.9991E-05 0.166902
0.0979796 0.60637 0.117331 0.0570268 0.121292
0.191795 0.34831 0.113315 0.0244646 0.322116
0.150616 0.516864 0.0978917 0.00361625 0.231012
0.0324046 0.410529 0.0717894 9.9991E-05 0.485177
0.0537664 0.570335 0.0881421 0.0275284 0.260228
0.00126535 0.4739 0.111732 0.018967 0.394136
0.0795339 0.584307 0.0785302 0.134535 0.123095
0.0124188 0.471493 0.132463 0.363833 0.0197919
0.0971491 0.502142 0.230901 0.15261 0.0171985
0.147851 0.421498 0.22551 0.161586 0.0435542
0.124839 0.528703 0.185552 0.121048 0.0398582
0.123269 0.431795 0.239579 0.205257 9.9991E-05
0.263973 0.56367 0.0145254 9.9991E-05 0.157731
0.105575 0.532556 0.133217 0.164687 0.063966
0.442821 0.0313006 0.197643 0.248758 0.0794771
0.0867746 0.57813 0.134821 0.150493 0.0497807
0.0878952 0.559521 0.178035 0.174448 9.9991E-05
0.101561 0.570909 0.184572 0.129251 0.0137069
0.307922 0.314847 0.135188 0.216946 0.0250957
0.0571422 0.542164 0.157423 0.185077 0.0581934
0.0947576 0.534056 0.193075 0.159131 0.018981
0.339709 9.9982E-05 0.13722 0.522871 9.9982E-05
0.0604211 0.559661 0.176887 0.182844 0.0201877
0.0941157 0.49677 0.223676 0.185338 9.9991E-05
0.103695 0.596919 0.162936 0.0980761 0.0383744
0.0477895 0.512449 0.234288 0.205374 9.9991E-05
0.0526219 0.525408 0.154171 0.216688 0.0511113
0.328087 0.537153 0.0223928 0.0734176 0.0389489
0.2238 0.617327 0.0394194 0.0811135 0.03834
0.849791 0.0397444 0.00408754 9.9991E-05 0.106277
0.822988 0.08358 9.9991E-05 0.00519527 0.0881363
0.271226 0.546624 0.0320928 0.125535 0.0245221
0.168919 0.34577 0.338343 0.146868 9.9991E-05
0.176028 0.342598 0.302204 0.179069 9.9991E-05
0.282885 0.186152 0.35297 0.177894 9.9991E-05
0.179668 0.35281 0.301064 0.166358 9.9991E-05
0.683847 0.11451 0.0979249 0.103618 9.9991E-05
0.601788 0.18105 0.103246 0.113815 9.9991E-05
0.254074 0.627119 0.118607 9.9982E-05 9.9982E-05
0.338198 0.438714 0.148058 0.0749301 9.9991E-05
0.57397 0.255932 0.097203 0.0678518 0.00504314
0.152425 0.577995 0.123343 0.053587 0.0926502
0.216018 0.601842 0.101788 0.0802514 9.9991E-05
0.236137 0.565986 0.108331 0.0842113 0.00533503
0.51652 0.459692 0.0235875 9.9982E-05 9.9982E-05
0.431661 0.47313 0.0190783 0.0178232 0.0583076
0.281213 0.614535 0.0620392 0.0225418 0.0196709
0.312702 0.514642 0.0609576 0.0472585 0.0644396
0.247585 0.501052 0.116369 0.0706743 0.0643201
0.443837 0.52242 9.9982E-05 0.0335435 9.9982E-05
0.672928 0.287439 0.0223572 9.9991E-05 0.0171749
0.237211 0.712929 0.0301169 0.0196431 9.9991E-05
0.650431 0.243183 0.0328788 9.9991E-05 0.0734079
0.412751 0.518742 9.9991E-05 0.0638492 0.00455829
0.270241 0.592345 0.0241437 0.110687 0.00258381
0.230311 0.56716 0.0523694 0.0767071 0.0734524
0.121084 0.466051 0.171579 0.169313 0.0719732
0.107366 0.546158 0.101066 0.211591 0.0338198
0.163379 0.305023 0.287346 0.244152 9.9991E-05
0.195464 0.314796 0.272066 0.208751 0.00892303
0.0749498 0.495367 0.218169 0.169756 0.0417586
0.170297 0.512688 0.152592 0.164323 9.9991E-05
0.651478 9.9982E-05 0.155637 0.192685 9.9982E-05
0.0992045 0.556017 0.246023 0.0986559 9.9991E-05
0.50777 9.9982E-05 0.144713 0.347316 9.9982E-05
0.187691 0.523114 0.220322 0.068773 9.9991E-05
0.733861 0.265839 9.9973E-05 9.9973E-05 9.9973E-05
0.845241 0.104909 9.9982E-05 9.9982E-05 0.0496502
0.394298 0.584149 0.00524461 9.9991E-05 0.0162079
0.233617 0.66192 0.0638622 0.0256457 0.0149557
0.461483 0.538217 9.9973E-05 9.9973E-05 9.9973E-05
0.303013 0.650312 0.0435691 9.9991E-05 0.00300629
0.323077 0.668253 0.00847003 9.9982E-05 9.9982E-05
9.9982E-05 0.0336626 9.9982E-05 0.896051 0.0700866
0.0480302 0.022093 0.0769008 0.755091 0.0978854
9.9991E-05 0.0084762 0.00249817 0.944285 0.0446411
9.9973E-05 0.0327282 9.9973E-05 0.966972 9.9973E-05
0.264567 0.616052 0.0568501 0.032908 0.029623
0.15603 0.671467 9.9991E-05 0.0286232 0.143779
0.183838 0.716774 9.9982E-05 9.9982E-05 0.0991876
0.126348 0.695252 9.9991E-05 0.103292 0.0750074
0.109195 0.679493 0.0167852 0.112982 0.0815453
0.26085 0.4619 9.9991E-05 0.0217345 0.255416
0.144807 0.774653 9.9991E-05 0.0379728 0.0424672
0.510916 0.437942 9.9991E-05 0.00077076 0.0502715
9.9991E-05 0.364609 0.188866 0.324378 0.122048
0.358819 0.583183 0.0132857 0.0130781 0.0316337
0.237974 0.532134 9.9982E-05 9.9982E-05 0.229692
0.315238 0.684462 9.9973E-05 9.9973E-05 9.9973E-05
0.174335 0.592018 9.9991E-05 0.00524798 0.228299
0.271588 0.704758 0.0234532 9.9982E-05 9.9982E-05
0.15383 0.70042 9.9991E-05 0.0569907 0.0886597
0.769237 0.230463 9.9973E-05 9.9973E-05 9.9973E-05
0.486061 0.482241 9.9982E-05 9.9982E-05 0.0314977
0.407736 0.569804 9.9982E-05 9.9982E-05 0.0222605
0.894769 0.0886137 9.9982E-05 9.9982E-05 0.0164173
0.184771 0.554213 9.9991E-05 0.0604419 0.200474
0.683524 0.250343 9.9982E-05 9.9982E-05 0.0659333
0.855242 0.0787545 9.9982E-05 9.9982E-05 0.0658032
0.186666 0.72166 0.0176144 0.0188414 0.0552182
0.319418 0.374977 9.9982E-05 9.9982E-05 0.305404
0.246866 0.622153 0.0147061 9.9991E-05 0.116174
0.11465 0.648576 0.0819969 0.116416 0.0383615
0.147729 0.653246 9.9991E-05 0.0385845 0.16034
0.268065 0.411627 0.0500806 9.9991E-05 0.270127
0.0789804 0.668745 0.0293906 0.0527643 0.170119
0.159297 0.668124 9.9991E-05 0.0073158 0.165163
0.4565 0.497821 9.9982E-05 9.9982E-05 0.0454795
0.17406 0.591746 0.0306036 0.120605 0.0829842
0.0517681 9.9982E-05 9.9982E-05 0.676314 0.271718
0.0361899 9.9982E-05 9.9982E-05 0.788995 0.174615
0.00208356 9.9982E-05 9.9982E-05 0.865441 0.132275
9.9973E-05 9.9973E-05 9.9973E-05 0.845829 0.153871
0.0332099 0.0176905 9.9991E-05 0.758777 0.190222
0.296391 0.344323 9.9991E-05 0.000340457 0.358845
0.319418 0.343926 9.9982E-05 9.9982E-05 0.336456
0.60244 0.39726 9.9973E-05 9.9973E-05 9.9973E-05
0.152605 0.621294 0.0744389 0.12038 0.0312822
0.124624 0.593819 0.0868616 0.102589 0.0921064
0.535045 0.4487 0.000474608 0.0129106 0.00286957
0.169686 0.731765 0.0442276 0.0146784 0.0396428
0.333847 0.553582 0.022093 0.0362133 0.0542652
0.184256 0.645873 9.9991E-05 0.0332549 0.136516
0.10369 0.692966 0.0813036 0.0292648 0.0927762
0.313284 0.401958 9.9982E-05 9.9982E-05 0.284558
0.238054 0.490572 9.9982E-05 9.9982E-05 0.271175
0.240068 0.526595 9.9991E-05 0.00647431 0.226763
0.129897 0.678637 0.0178063 0.166137 0.00752232
0.197867 0.569022 9.9982E-05 9.9982E-05 0.232911
0.181725 0.579256 9.9991E-05 0.0133623 0.225556
0.0201319 0.476466 0.39907 0.104232 9.9991E-05
0.0592212 0.309959 0.476191 0.154529 9.9991E-05
9.9991E-05 0.448957 0.435905 0.0972701 0.0177678
0.0444142 0.279093 0.512546 0.163847 9.9991E-05
0.0456748 0.466231 0.328153 0.159842 9.9991E-05
0.336449 0.552496 0.0236848 0.0872703 9.9991E-05
0.0807203 9.9982E-05 0.654101 0.264979 9.9982E-05
0.0229389 0.287464 0.537066 0.151441 0.0010906
0.231397 0.403098 0.150407 0.177027 0.0380704
0.161966 0.591098 0.00133638 0.189859 0.0557412
0.19842 0.525852 0.0129809 0.19681 0.0659368
0.139428 0.603034 0.042136 0.169089 0.0463129
0.0868558 0.601705 0.0667755 0.165473 0.0791902
9.9982E-05 0.318885 0.504351 0.176564 9.9982E-05
0.027288 0.428573 0.34499 0.17705 0.0220983
9.9982E-05 0.387093 0.531147 0.0815607 9.9982E-05
0.0442584 0.491001 0.273779 0.183506 0.00745587
0.0855476 0.185095 0.540403 0.169224 0.0197309
0.0153657 0.400306 0.425869 0.101111 0.0573477
0.0131577 0.21412 0.5858 0.127212 0.0597104
0.0617462 0.422017 0.339699 0.111642 0.0648955
0.295492 0.519047 0.0272971 0.158064 9.9991E-05
0.0413437 0.34966 0.421977 0.125288 0.0617315
0.0444495 0.142277 0.606515 0.206659 9.9991E-05
0.059002 0.398258 0.381538 0.105111 0.0560909
0.244787 0.356097 9.9991E-05 0.241881 0.157136
0.213244 0.645511 0.0507008 0.090445 9.9991E-05
9.9991E-05 0.376662 0.382205 0.138781 0.102252
0.108456 0.563728 0.0141661 0.193617 0.120034
0.170234 0.548663 9.9991E-05 0.208544 0.072459
0.206525 0.340756 0.240377 0.212242 9.9991E-05
0.127768 0.362488 0.284689 0.216276 0.00877835
0.16299 0.583276 0.0579477 0.143981 0.0518057
0.0253908 0.424154 0.337081 0.148075 0.0652993
9.9991E-05 0.422067 0.427626 0.14185 0.0083567
0.0755188 0.0780132 0.676538 0.16983 9.9991E-05
0.133079 0.639283 0.0576383 0.16514 0.00486005
0.223258 0.532949 9.9991E-05 0.21029 0.0334035
0.661236 0.136368 0.028477 0.173818 9.9991E-05
0.107835 0.634604 0.0549783 0.188943 0.0136401
0.307211 0.41242 0.0472724 0.13019 0.102907
0.12017 0.479499 0.187701 0.212529 9.9991E-05
0.115059 0.520386 0.171161 0.185672 0.00772149
0.454904 9.9982E-05 0.137231 0.407664 9.9982E-05
0.550851 9.9982E-05 0.104467 0.344482 9.9982E-05
0.357236 0.32593 0.112921 0.203814 9.9991E-05
0.429544 9.9982E-05 0.207013 0.363243 9.9982E-05
0.303111 9.9982E-05 0.201038 0.495651 9.9982E-05
0.255027 0.399558 0.123551 0.221764 9.9991E-05
0.208125 0.361222 0.167906 0.262646 9.9991E-05
0.362893 0.12878 0.171575 0.336653 9.9991E-05
0.460407 0.054097 0.153731 0.331665 9.9991E-05
0.139224 0.511016 0.142136 0.207525 9.9991E-05
0.422797 0.123822 0.161554 0.291727 9.9991E-05
0.513438 9.9982E-05 0.0722209 0.414141 9.9982E-05
0.0923625 0.546552 0.152426 0.126865 0.0817943
0.241896 0.29513 0.196834 0.23532 0.0308196
0.0383749 0.4288 0.17817 0.354555 9.9991E-05
9.9982E-05 0.57138 0.253258 0.175162 9.9982E-05
0.0447142 0.540232 0.250974 0.16398 9.9991E-05
0.0434998 0.49918 0.293343 0.163878 9.9991E-05
9.9991E-05 0.321628 0.223485 0.370612 0.0841741
9.9991E-05 0.532416 0.164523 0.26502 0.0379405
9.9991E-05 0.51349 0.21794 0.260735 0.00773436
0.169297 0.264371 0.307536 0.258696 9.9991E-05
0.127185 0.399809 0.131772 0.191383 0.14985
0.0903695 0.548756 0.11574 0.205787 0.0393472
0.0769398 0.558275 0.15712 0.170486 0.0371794
0.115871 0.613747 0.120158 0.149727 0.000496883
9.9982E-05 0.482135 0.20298 0.314686 9.9982E-05
0.0460971 0.522883 0.189604 0.241316 9.9991E-05
0.239405 0.01604 0.347752 0.396703 9.9991E-05
0.0650533 0.565133 0.1806 0.189114 9.9991E-05
0.184782 0.165531 0.320684 0.328903 9.9991E-05
9.9973E-05 9.9973E-05 9.9973E-05 0.80432 0.19538
9.9991E-05 0.15125 0.00841105 0.0376653 0.802574
9.997E-05 9.997E-05 9.997E-05 9.997E-05 0.9996
9.997E-05 9.997E-05 9.997E-05 9.997E-05 0.9996
9.9973E-05 0.00285841 9.9973E-05 9.9973E-05 0.996842
9.9973E-05 9.9973E-05 0.0328186 9.9973E-05 0.966881
9.9973E-05 0.041888 9.9973E-05 9.9973E-05 0.957812
9.997E-05 9.997E-05 9.997E-05 9.997E-05 0.9996
9.9973E-05 9.9973E-05 9.9973E-05 0.147274 0.852426
9.9982E-05 0.0131869 9.9982E-05 0.909558 0.0770554
9.9982E-05 0.0753266 9.9982E-05 0.809411 0.115063
0.00564785 0.0475431 9.9991E-05 0.895703 0.0510058
0.0305548 0.029099 9.9991E-05 0.874413 0.0658336
9.9991E-05 0.00773381 0.0158364 0.895556 0.080774
9.9982E-05 0.0465948 9.9982E-05 0.92598 0.0272249
0.00877898 0.117561 0.0703907 0.777434 0.0258359
9.9982E-05 0.0823224 0.00246088 0.915017 9.9982E-05
0.0147274 0.126404 0.0628285 0.754483 0.0415568
9.9982E-05 0.0198096 0.0451771 0.934813 9.9982E-05
0.00276254 9.9982E-05 9.9982E-05 0.994707 0.00233079
9.9991E-05 0.0606215 0.0332826 0.886905 0.0190907
0.00158107 9.9973E-05 9.9973E-05 0.998119 9.9973E-05
9.9973E-05 0.0384663 9.9973E-05 0.961234 9.9973E-05
9.9973E-05 0.0834785 9.9973E-05 0.916222 9.9973E-05
9.9982E-05 0.0498062 0.0110649 0.938929 9.9982E-05
9.9982E-05 0.0684867 0.0517522 0.879561 9.9982E-05
9.9982E-05 0.11944 0.0270303 0.85333 9.9982E-05
9.9982E-05 0.0949566 0.0694443 0.835399 9.9982E-05
0.275701 0.465736 9.9991E-05 0.190483 0.0679802
0.106062 0.74408 9.9991E-05 0.114096 0.0356622
0.0818473 0.660021 0.0644452 0.139528 0.0541577
0.729778 0.103023 0.0400171 0.127082 9.9991E-05
0.185358 0.570404 0.00429238 0.144643 0.0953027
0.740315 0.0564275 0.0280314 0.175126 9.9991E-05
0.18988 0.62556 0.0532475 0.131212 9.9991E-05
0.222923 0.486178 9.9991E-05 0.180633 0.110167
0.156205 0.569513 9.9991E-05 0.219931 0.0542523
0.205053 0.603484 9.9991E-05 0.0803331 0.11103
0.209587 0.524696 9.9991E-05 0.179253 0.0863646
0.169338 0.711779 0.0212323 0.0975513 9.9991E-05
0.203875 0.567519 0.00599507 0.145137 0.0774732
0.401987 0.00462693 0.115518 9.9991E-05 0.477767
0.814725 0.0128996 9.9982E-05 0.172176 9.9982E-05
0.69365 0.127084 0.031799 0.147367 9.9991E-05
0.148728 0.610369 0.0599533 0.154679 0.0262705
0.340399 0.51431 0.027333 0.117857 9.9991E-05
0.251082 0.639918 0.00634693 0.102553 9.9991E-05
0.107837 0.636074 0.112691 0.0807517 0.0626459
0.0832087 0.429052 0.196184 0.261857 0.0296987
0.000144378 0.590239 0.171786 0.231207 0.0066225
0.0966678 0.174533 0.150318 0.395438 0.183043
0.0468076 0.592933 0.073094 0.154391 0.132775
0.0706733 0.442668 0.122457 0.218112 0.146089
0.382909 9.9982E-05 0.178051 0.43884 9.9982E-05
0.182528 0.263845 0.243119 0.310408 9.9991E-05
0.013655 0.328392 0.159024 0.394788 0.104141
0.00930126 0.394284 0.133099 0.299792 0.163524
0.0777288 0.601062 0.126309 0.1948 9.9991E-05
0.0230688 0.541165 0.140814 0.229875 0.0650771
0.0521799 0.649378 0.0962516 0.178408 0.0237819
0.179135 0.406391 0.197766 0.182359 0.034348
0.0583527 0.236315 0.124134 0.5135 0.0676992
