0.0349284 0.91624 9.9991E-05 0.0449771 0.00375494
9.9982E-05 0.98998 9.9982E-05 0.0068595 0.00296081
0.0234874 0.887217 0.0261066 9.9991E-05 0.0630892
9.9982E-05 0.844994 9.9982E-05 0.0176731 0.137133
9.9973E-05 0.922243 9.9973E-05 9.9973E-05 0.0774568
0.0540059 0.672979 0.119712 0.0657727 0.0875299
9.9991E-05 0.844475 0.106284 0.0366867 0.0124544
0.0121144 0.767738 0.115152 0.0808425 0.024154
9.9982E-05 0.83179 0.0106275 0.157382 9.9982E-05
9.999E-05 0.812605 0.0979927 0.0274641 0.0618385
9.9991E-05 0.789096 0.0588286 0.0519742 0.100001
0.05693 0.032716 0.0802524 0.571026 0.259076
0.062541 0.0413664 0.0343411 0.265373 0.596378
0.107077 9.9991E-05 0.0932028 0.492508 0.307112
0.137402 0.0329188 0.031039 0.478109 0.32053
0.137692 0.0823156 0.0292244 0.306046 0.444722
0.0870181 0.0337337 0.019778 0.251166 0.608304
0.0517933 0.0311307 0.0951896 0.311754 0.510132
0.0673604 0.11456 0.0887668 0.408138 0.321174
0.018723 0.0188185 0.155516 0.731141 0.0758018
0.0562889 0.0231268 0.1363 0.293405 0.490879
0.108474 0.039125 0.26637 0.156717 0.429314
0.056766 0.0411693 0.0921693 0.195326 0.614569
0.123034 0.0463643 0.135067 0.460873 0.234662
0.11353 0.0855978 0.0873904 0.0703992 0.643083
0.0490651 0.0321269 0.0552615 0.303207 0.56034
0.0225449 0.0562122 0.106124 0.547741 0.267378
0.0844121 0.0474884 0.076411 0.449594 0.342094
9.9991E-05 0.0360166 0.184394 0.49812 0.28137
9.9973E-05 0.899627 9.9973E-05 9.9973E-05 0.100073
9.9973E-05 0.886444 9.9973E-05 9.9973E-05 0.113256
0.0928564 0.819284 9.9982E-05 9.9982E-05 0.0876601
0.0721708 0.762298 9.9982E-05 9.9982E-05 0.165331
9.9991E-05 0.0829706 0.193827 0.140586 0.582516
0.0266342 0.0562481 0.148507 0.124452 0.644158
0.00713375 0.0316836 0.276591 9.9991E-05 0.684492
0.00914534 0.0274133 0.0477865 0.675286 0.240369
9.9982E-05 9.9982E-05 0.539033 0.0253937 0.435373
0.069602 0.05631 0.0840539 0.171583 0.618452
9.9991E-05 0.0895333 0.111313 0.0200327 0.779021
9.9991E-05 0.161192 0.154953 0.0620838 0.621671
0.0340024 0.0898044 0.0996671 0.138149 0.638378
9.9982E-05 9.9982E-05 0.363703 0.299325 0.336772
0.0469261 0.0853836 0.178282 0.00273252 0.686676
0.0695662 0.065101 0.132228 0.0425489 0.690556
0.0528086 0.147908 0.100913 0.04853 0.64984
9.9982E-05 9.9982E-05 0.455596 0.0230807 0.521123
9.9991E-05 0.0896257 0.143359 0.0668199 0.700096
0.0287544 0.139767 0.129895 0.0639617 0.637622
9.99785E-05 9.99785E-05 0.869434 0.130266 9.99785E-05
9.9982E-05 9.9982E-05 0.16168 0.628425 0.209695
0.0605293 0.0111687 0.470966 0.258398 0.198939
0.0790502 0.0703129 0.0851129 0.154964 0.61056
0.0767745 0.0867034 0.152103 0.0589497 0.62547
0.0999349 0.0958153 0.122643 0.0673365 0.61427
9.9991E-05 0.124468 0.103173 0.536987 0.235273
0.0250597 0.0123164 0.0381206 0.350441 0.574062
0.0493214 0.0968725 0.063506 0.187014 0.603286
0.0250661 0.132744 0.190571 0.216451 0.435167
0.0253435 0.165932 0.146165 0.491705 0.170855
0.058766 0.106134 0.0892531 0.190803 0.555044
0.0385901 0.0877688 0.118405 0.23349 0.521745
9.9991E-05 0.0897708 0.220566 0.558857 0.130706
0.0126964 9.9991E-05 0.047789 0.423329 0.516085
0.0494659 0.0921404 0.187989 0.0579615 0.612443
0.0186499 0.102903 0.0738457 0.127286 0.677316
0.062652 0.063848 0.123532 0.424932 0.325036
0.0857882 0.0364218 0.102308 0.240351 0.53513
0.0402034 0.0828381 0.0573281 0.228864 0.590767
9.9991E-05 0.0560239 0.148067 0.505998 0.289811
9.9991E-05 0.00678266 0.24199 0.115338 0.635789
9.9982E-05 9.9982E-05 0.324067 0.266335 0.409399
0.0105148 0.112936 0.162245 0.0896799 0.624624
9.9982E-05 9.9982E-05 0.725575 0.0795197 0.194705
9.9982E-05 9.9982E-05 0.739154 0.0761454 0.184501
9.9982E-05 9.9982E-05 0.515321 0.0554074 0.429072
9.9991E-05 0.0214581 0.159852 0.162741 0.655849
0.0857098 0.0904318 0.143854 0.110589 0.569415
9.9982E-05 9.9982E-05 0.304506 0.0595089 0.635786
9.9982E-05 9.9982E-05 0.295088 0.375832 0.32888
9.9982E-05 9.9982E-05 0.245508 0.315392 0.4389
0.0802874 0.0536911 0.155112 0.119202 0.591707
9.9991E-05 0.00609296 0.266079 0.221205 0.506523
9.9982E-05 9.9982E-05 0.217279 0.200959 0.581562
9.9982E-05 9.9982E-05 0.349923 0.0271958 0.622681
0.0221265 9.9991E-05 0.836377 0.0972431 0.044153
0.0142577 0.0546436 0.164533 0.0389383 0.727627
9.9982E-05 0.840008 9.9982E-05 0.0909359 0.0688558
9.9973E-05 0.933699 9.9973E-05 9.9973E-05 0.066001
0.0296566 0.851857 9.9982E-05 9.9982E-05 0.118286
0.0356899 0.944119 9.9982E-05 9.9982E-05 0.0199911
0.0145124 0.985188 9.9973E-05 9.9973E-05 9.9973E-05
0.0345828 0.883354 9.9982E-05 9.9982E-05 0.0818628
9.9973E-05 0.932378 9.9973E-05 9.9973E-05 0.0673222
0.0789152 0.0633325 0.105698 0.138386 0.613669
0.105879 0.120946 0.101964 0.0740124 0.597198
9.9991E-05 0.000520686 0.440876 0.345472 0.213032
0.0248912 0.087417 0.115621 0.108196 0.663875
9.9991E-05 0.0389891 0.213906 0.210084 0.536921
9.9991E-05 0.0925754 0.131973 0.123825 0.651527
9.9991E-05 0.0283842 0.266448 0.0228 0.682268
0.0323661 9.9991E-05 0.236188 0.115936 0.61541
9.9982E-05 9.9982E-05 0.384307 0.439789 0.175705
0.0491345 0.0955529 0.108078 0.163306 0.583929
0.0283044 0.105889 0.0758328 0.0959544 0.694019
0.0136472 0.140262 0.121976 0.0687437 0.655371
9.9982E-05 9.9982E-05 0.50917 0.0873752 0.403255
0.019225 9.9991E-05 0.299408 0.0406977 0.64057
9.9982E-05 9.9982E-05 0.204887 0.186376 0.608537
9.9982E-05 9.9982E-05 0.398812 0.0690609 0.531927
9.9991E-05 0.0206365 0.171065 0.237902 0.570297
9.9991E-05 0.103087 0.136834 0.126738 0.633241
0.107244 0.0378096 0.234994 0.365722 0.25423
0.0230324 0.0833841 0.0588289 0.348583 0.486171
0.0809183 0.132225 0.121649 0.131802 0.533406
0.0678021 0.102469 0.0630401 0.128447 0.638242
0.00359957 0.0680172 0.0580363 0.364156 0.506191
0.0485751 0.0664968 0.0738494 0.209203 0.601876
0.00913613 0.0699894 9.9991E-05 0.407802 0.512972
0.0410412 0.0963272 0.15413 0.178555 0.529947
0.111813 0.0834912 0.0482971 0.192305 0.564094
0.0177118 0.076273 0.0444475 0.250519 0.611049
9.9991E-05 0.0432959 0.0579885 0.284432 0.614184
0.0924083 0.0620876 0.100702 0.138873 0.605929
0.048568 0.108573 0.129164 0.0820368 0.631659
0.0683958 0.0159632 0.108109 0.168924 0.638608
0.0836063 0.0859546 0.154588 0.103574 0.572277
0.0729426 0.0194559 0.0993122 0.177428 0.630861
0.115328 0.082452 0.238713 0.256642 0.306865
0.0805848 0.072943 0.0594641 0.143882 0.643126
0.0883444 0.014095 0.0525265 0.151518 0.693516
0.0384228 0.00557823 0.108289 0.598004 0.249706
0.0661655 9.9991E-05 0.41162 0.335539 0.186576
0.0594436 0.0755241 0.119552 0.196072 0.549408
0.0402861 9.9991E-05 0.543557 0.315118 0.100939
9.9982E-05 9.9982E-05 0.0642195 0.552591 0.382989
9.9982E-05 9.9982E-05 0.0186636 0.477026 0.504111
9.9991E-05 0.0280546 0.0561986 0.497107 0.41854
9.9982E-05 9.9982E-05 0.0834442 0.543677 0.372678
0.0198085 0.0916884 0.0874477 0.203129 0.597927
0.0885387 0.0982052 0.0865806 0.18732 0.539356
0.0198298 0.0447494 0.10177 0.192181 0.64147
0.0481228 9.9991E-05 0.367308 0.386846 0.197623
0.0174662 0.175445 0.137989 0.137089 0.532011
0.065078 0.0914695 0.246873 0.07131 0.52527
9.9982E-05 0.173279 0.769538 0.0569831 9.9982E-05
0.0568856 0.0590046 0.174309 0.0390991 0.670701
0.0901963 0.0850083 0.466739 0.0649598 0.293097
0.0793966 0.127906 0.220045 0.0361176 0.536534
9.9991E-05 0.167234 0.482539 0.082184 0.267943
9.9991E-05 0.142079 0.660572 0.0783541 0.118895
0.0382382 0.0620945 0.368487 0.085636 0.445544
0.11366 0.113728 0.210021 0.106726 0.455865
0.0932723 0.163106 0.184216 0.122917 0.436488
0.0675328 0.0750606 0.597792 0.104157 0.155458
0.0882196 0.0834871 0.169031 0.0808066 0.578456
9.9982E-05 9.9982E-05 0.519996 0.109855 0.369949
0.00674642 9.9991E-05 0.406032 0.0506975 0.536424
0.0531462 0.126113 0.142232 0.0801933 0.598315
0.282994 0.37961 0.226521 9.9991E-05 0.110775
0.149939 0.524353 0.325508 9.9982E-05 9.9982E-05
0.131297 0.51147 0.357032 9.9982E-05 9.9982E-05
0.282489 0.390813 0.26426 9.9991E-05 0.0623381
0.0115945 0.0185959 0.295013 0.00600314 0.668794
0.0264265 0.138724 0.151884 0.0238242 0.659141
0.65233 9.9973E-05 9.9973E-05 9.9973E-05 0.34737
0.461229 0.0634135 9.9991E-05 0.0703756 0.404882
0.426017 0.0369645 0.00234931 0.0998364 0.434833
0.0222805 0.0499763 0.580825 0.0329668 0.313951
0.0925463 0.0869992 0.209695 0.101899 0.50886
0.00437321 0.00313943 0.600824 0.0892313 0.302432
0.0062106 0.104932 0.261708 9.9991E-05 0.627049
0.0289266 0.0592419 0.334138 0.0316212 0.546072
0.0156111 0.0481126 0.317842 9.9991E-05 0.618334
0.0293152 0.0411593 0.691186 0.00959424 0.228745
0.0551105 0.0781777 0.18136 9.9991E-05 0.685252
0.0165767 0.143465 0.2034 9.9991E-05 0.636459
0.982849 9.9982E-05 9.9982E-05 0.00485611 0.0120947
0.92138 9.9982E-05 9.9982E-05 0.0144951 0.0639246
0.579096 0.047782 0.00744332 0.0980795 0.2676
0.646597 9.9982E-05 9.9982E-05 0.0205136 0.33269
0.814227 9.9982E-05 9.9982E-05 0.0542635 0.131309
0.9996 9.997E-05 9.997E-05 9.997E-05 9.997E-05
0.947688 9.9982E-05 9.9982E-05 0.0500491 0.00206341
0.850758 9.9973E-05 9.9973E-05 9.9973E-05 0.148942
0.949069 0.0036633 9.9982E-05 0.0470682 9.9982E-05
0.9996 9.997E-05 9.997E-05 9.997E-05 9.997E-05
0.9996 9.997E-05 9.997E-05 9.997E-05 9.997E-05
0.770105 9.9982E-05 9.9982E-05 0.0165602 0.213135
0.790915 0.0393484 9.9991E-05 0.0429106 0.126726
0.9996 9.997E-05 9.997E-05 9.997E-05 9.997E-05
0.398688 0.0909146 0.0367256 0.101783 0.371889
0.664053 0.05768 9.9991E-05 0.0787569 0.19941
0.814138 0.0326944 9.9982E-05 9.9982E-05 0.152968
0.903267 9.9982E-05 9.9982E-05 0.0101943 0.0863385
0.9996 9.997E-05 9.997E-05 9.997E-05 9.997E-05
0.966287 0.0128207 9.9982E-05 9.9982E-05 0.0206923
0.9996 9.997E-05 9.997E-05 9.997E-05 9.997E-05
0.646708 0.0510419 9.9991E-05 0.0244696 0.27768
0.996823 9.9982E-05 0.000647699 0.00232903 9.9982E-05
0.0731743 0.328001 0.598624 9.9982E-05 9.9982E-05
0.146495 0.238188 0.255878 0.0121941 0.347246
0.0780646 0.20246 0.278771 9.9991E-05 0.440604
0.14943 0.243206 0.450838 9.9991E-05 0.156426
0.155099 0.161955 0.183474 0.0452361 0.454236
0.141739 0.297928 0.477615 9.9991E-05 0.0826173
0.134448 0.162719 0.19788 0.0619912 0.442963
0.153699 0.214864 0.354844 9.9991E-05 0.276493
0.125787 0.183723 0.216264 9.9991E-05 0.474126
0.13291 0.258949 0.257395 9.9991E-05 0.350646
0.121484 0.201773 0.168331 0.0186841 0.489727
9.9991E-05 0.923473 0.0157738 0.00447595 0.0561776
0.0566673 0.917552 0.0255804 9.9982E-05 9.9982E-05
9.9982E-05 0.954481 9.9982E-05 0.0260489 0.0192703
9.9982E-05 0.991256 0.00445697 0.00408723 9.9982E-05
9.9982E-05 0.922941 9.9982E-05 0.0472404 0.0296191
9.9973E-05 0.999321 9.9973E-05 9.9973E-05 0.000378608
0.0108697 0.932291 9.9982E-05 9.9982E-05 0.0566393
9.9973E-05 0.939317 9.9973E-05 0.0603827 9.9973E-05
9.9991E-05 0.923 0.0295097 0.00636409 0.0410261
0.0109481 0.931978 0.0273565 0.0136007 0.0161164
9.9982E-05 0.606826 0.0785326 0.314441 9.9982E-05
9.9982E-05 0.619708 0.0397659 0.340326 9.9982E-05
9.9982E-05 0.546838 0.118453 0.334509 9.9982E-05
9.9982E-05 0.463863 0.105909 0.430027 9.9982E-05
0.0304309 0.0417083 0.123432 0.236127 0.568301
0.0448709 0.0309858 0.159929 0.20538 0.558835
0.00836108 0.0345708 0.100083 0.210159 0.646826
9.9991E-05 0.0216759 0.100968 0.383263 0.493993
0.0114531 9.9991E-05 0.082683 0.658404 0.24736
9.9991E-05 0.0862595 0.109726 0.0817954 0.722119
9.9982E-05 9.9982E-05 0.109057 0.180048 0.710695
0.0173295 9.9991E-05 0.306185 0.0544768 0.621909
9.9973E-05 9.9973E-05 0.453617 9.9973E-05 0.546083
0.0566927 0.039795 0.12325 0.106307 0.673955
9.9982E-05 9.9982E-05 0.19702 0.213179 0.5896
9.9982E-05 9.9982E-05 0.753844 0.103825 0.14213
0.0465418 0.0692218 0.089641 0.155835 0.63876
9.9973E-05 9.9973E-05 0.657255 9.9973E-05 0.342445
0.00988263 0.026013 0.269931 0.0550415 0.639132
9.9982E-05 9.9982E-05 0.323301 0.379327 0.297172
9.9982E-05 0.167512 0.0599599 0.772328 9.9982E-05
9.9991E-05 0.139252 0.0613918 0.731325 0.0679319
9.9991E-05 0.122789 0.0591441 0.795139 0.0228285
9.9982E-05 0.120967 0.0555399 0.823293 9.9982E-05
0.002068 0.0473031 0.0266118 0.825903 0.0981138
0.0331665 0.085881 0.0273901 0.752703 0.100859
0.0300347 0.882449 9.9991E-05 0.0276858 0.0597304
0.015826 0.837605 9.9991E-05 0.026714 0.119755
0.0170727 0.804501 9.9982E-05 9.9982E-05 0.178226
0.0870299 0.838798 9.9991E-05 0.0647779 0.00929393
0.0273002 0.810838 9.9982E-05 9.9982E-05 0.161662
9.9982E-05 0.408047 0.0442569 0.547496 9.9982E-05
0.0055749 0.445814 0.0202963 0.528215 9.9991E-05
0.00513296 0.458577 9.9991E-05 0.515731 0.0204592
9.9982E-05 0.858651 9.9982E-05 0.0136565 0.127493
9.9982E-05 0.396488 0.0532699 0.550042 9.9982E-05
0.314082 0.271011 0.126566 9.9991E-05 0.288241
0.225479 0.183052 0.0161131 0.0383413 0.537014
0.238426 0.215409 9.9982E-05 9.9982E-05 0.545966
0.272973 0.314576 0.127775 9.9991E-05 0.284576
0.157298 0.185193 0.0310049 0.0876533 0.538851
0.300187 0.463617 0.235996 9.9982E-05 9.9982E-05
9.9991E-05 0.00747847 0.0725214 0.398685 0.521215
0.0174474 9.9991E-05 0.297095 0.20858 0.476778
9.9991E-05 0.0385037 0.0450926 0.573555 0.342749
0.0331011 9.9991E-05 0.247987 0.169497 0.549315
9.9973E-05 9.9973E-05 0.705155 0.294545 9.9973E-05
0.0800108 0.0982941 0.101916 0.14534 0.574439
0.0895507 0.017571 0.206762 0.173498 0.512618
9.9991E-05 0.0376114 0.0759084 0.466433 0.419948
0.0571935 0.119137 0.111758 0.158546 0.553366
9.9982E-05 9.9982E-05 0.508975 0.308056 0.182769
0.0188712 0.0394553 0.161383 0.144581 0.635709
0.0167124 0.0521264 0.079447 0.319642 0.532073
0.151271 0.121792 0.179908 0.0920829 0.454946
0.027121 9.9991E-05 0.320516 0.268879 0.383385
0.0620683 9.9991E-05 0.290927 0.221961 0.424943
0.036654 9.9991E-05 0.162483 0.200464 0.6003
0.00224881 9.9991E-05 0.206759 0.179406 0.611486
0.122026 0.0181428 0.104797 0.127825 0.627208
0.0686052 0.0813676 0.119256 0.128854 0.601917
0.0131978 0.109747 0.0672628 0.198819 0.610973
0.0353656 0.853388 9.9982E-05 9.9982E-05 0.111047
9.9973E-05 0.898492 9.9973E-05 9.9973E-05 0.101208
9.9991E-05 0.902515 0.0203166 0.0252903 0.0517778
0.0455522 0.904441 9.9991E-05 0.0393571 0.0105499
9.9973E-05 0.916088 9.9973E-05 9.9973E-05 0.0836121
0.0339583 0.0384465 0.141055 0.632756 0.153783
0.0762707 0.0379988 0.143432 0.179704 0.562594
0.2222 0.219825 0.116346 9.9991E-05 0.441529
0.110228 0.0040593 0.0191299 0.239889 0.626694
0.0617068 9.9991E-05 0.00857624 0.36698 0.562637
0.0593346 0.00298392 0.365801 0.289261 0.282619
0.0156818 0.0602476 0.137656 0.760691 0.0257232
0.0122765 0.0915766 0.0175545 0.333069 0.545524
0.0557358 0.0378736 0.0431733 0.610723 0.252495
0.0581798 0.0333653 0.175749 0.219075 0.513631
0.00747141 0.0784086 0.0925575 0.642114 0.179448
0.0915294 0.0564611 9.9991E-05 0.283598 0.568312
0.029239 0.0638844 0.108277 0.615923 0.182677
0.125067 9.9991E-05 0.2742 0.325675 0.274959
0.0199751 0.08801 0.21639 0.119545 0.55608
9.9991E-05 0.0421238 0.525479 0.0772292 0.355068
0.0141563 0.117613 0.301171 9.9991E-05 0.566961
0.05381 0.152322 0.198385 0.0292568 0.566226
9.9991E-05 0.0582227 0.603848 0.030968 0.306862
0.043801 0.105647 0.21206 0.0472824 0.591209
9.9991E-05 0.0687765 0.344895 0.030317 0.555911
9.9982E-05 0.0303207 0.754881 9.9982E-05 0.214598
9.9991E-05 0.0583378 0.704567 0.00697188 0.230023
9.9991E-05 0.0533399 0.387062 0.0643082 0.49519
9.9991E-05 0.0366974 0.795084 0.069668 0.0984503
0.000875591 0.0152675 0.413769 0.0881135 0.481975
0.0471001 9.9991E-05 0.0615235 0.723085 0.168191
0.113056 9.9991E-05 0.317278 0.380953 0.188613
0.0945018 0.00777076 9.9991E-05 0.471275 0.426352
0.0728074 0.0668407 0.0256069 0.254918 0.579827
0.0172782 9.9991E-05 0.0477077 0.647543 0.287371
0.0326151 0.0855327 0.199937 0.115109 0.566806
0.0707222 0.0464837 0.0602009 0.24877 0.573823
0.080017 9.9991E-05 0.103594 0.266859 0.549429
0.120875 9.9991E-05 0.0780497 0.316837 0.484138
0.0259824 9.9982E-05 9.9982E-05 0.439436 0.534382
0.0282103 9.9991E-05 0.0885702 0.559829 0.32329
0.0299469 9.9991E-05 0.0255803 0.486403 0.45797
0.078821 9.9991E-05 0.131645 0.219502 0.569932
0.0810985 0.055559 0.0724938 0.151544 0.639305
0.0912697 0.0683473 0.195436 0.28308 0.361867
0.137342 9.9991E-05 0.149324 0.247706 0.465528
0.0836809 9.9991E-05 0.0175281 0.509834 0.388857
0.0799011 0.0161447 0.076421 0.277574 0.549959
0.0954933 0.0338585 0.0408576 0.354088 0.475703
0.0741669 0.0961395 0.117581 0.177544 0.534568
0.155493 0.330955 0.00305828 0.0519073 0.458587
0.177181 0.163316 0.0789544 0.0366333 0.543916
0.164057 0.170209 0.0927384 0.096634 0.476362
0.166261 0.114675 0.166235 0.0240347 0.528794
0.201279 0.209473 0.130598 9.9991E-05 0.45855
0.036381 9.9991E-05 0.300847 0.135615 0.527057
0.149684 0.166073 0.0941409 0.0467983 0.543304
0.189707 0.260246 0.442467 0.077309 0.0302713
0.0957735 0.16573 0.0668738 0.0289834 0.642639
0.176128 0.187605 0.0358655 0.0383537 0.562048
0.167944 0.125038 0.0919614 0.0551143 0.559942
0.134107 0.222544 0.301823 0.0256418 0.315884
0.174478 0.189247 0.0678165 0.052384 0.516075
0.175825 0.164303 0.137488 9.9991E-05 0.522285
0.131378 0.529331 0.33909 9.9982E-05 9.9982E-05
0.148774 0.186072 0.0406714 0.0719006 0.552582
0.186938 0.20391 0.0492084 9.9991E-05 0.559844
0.130987 0.125418 0.119188 0.0347345 0.589673
0.223732 0.216776 0.0350343 9.9991E-05 0.524358
0.116523 0.231284 0.0373639 0.0311852 0.583644
9.9991E-05 0.0734133 0.35153 0.0525889 0.522367
0.097392 0.0779388 0.198034 0.0757776 0.550858
0.0121188 9.9991E-05 0.852706 0.0851427 0.0499326
9.9982E-05 9.9982E-05 0.820073 0.0739394 0.105787
0.0288719 0.0755521 0.265594 0.0545642 0.575418
0.328355 0.157918 0.16452 9.9991E-05 0.349108
0.281392 0.181678 0.160413 9.9991E-05 0.376417
0.338721 0.168161 0.304334 9.9991E-05 0.188685
0.278614 0.163385 0.200254 9.9991E-05 0.357647
0.0588045 0.114923 0.659574 9.9991E-05 0.166598
0.0979146 0.0925887 0.615842 9.9991E-05 0.193555
0.0762111 0.00544199 0.285508 9.9991E-05 0.632739
0.123559 0.084868 0.34012 9.9991E-05 0.451353
0.0858118 0.0703201 0.551452 9.9991E-05 0.292316
0.0813086 0.0612246 0.174058 0.0497235 0.633685
0.108894 0.0632144 0.221125 0.00718458 0.599582
0.0981553 0.112504 0.232905 9.9991E-05 0.556336
0.0256535 9.9991E-05 0.516201 0.0345091 0.423536
9.9991E-05 0.0150054 0.437325 0.0553867 0.492183
0.0281284 0.0542946 0.285242 9.9991E-05 0.632235
0.0506815 0.0383667 0.32877 0.0811657 0.501016
0.0643281 0.098789 0.213372 0.0834024 0.540109
0.00460608 0.0206399 0.446355 0.00262093 0.525778
0.0055623 9.9991E-05 0.662913 0.04109 0.290334
9.9982E-05 0.029463 0.230175 9.9982E-05 0.740162
0.0239232 9.9991E-05 0.621068 0.0934386 0.261471
9.9982E-05 0.0337937 0.409979 9.9982E-05 0.556027
0.0149113 0.100926 0.289409 0.0183669 0.576387
0.019915 0.085063 0.240617 0.0665203 0.587885
0.160491 0.200845 0.108838 0.0140611 0.515764
0.105627 0.219084 0.166004 0.0171618 0.492123
0.276578 0.197478 0.184409 0.0112467 0.330288
0.29767 0.17231 0.17141 0.0729203 0.28569
0.214461 0.190297 0.0373878 0.125672 0.432182
0.173324 0.190774 0.201129 0.00702642 0.427747
0.168809 0.181471 0.64952 9.9982E-05 9.9982E-05
0.222124 0.101264 0.129868 9.9991E-05 0.546644
0.119937 0.363515 0.516349 9.9982E-05 9.9982E-05
0.177047 0.0585515 0.211839 9.9991E-05 0.552463
9.9973E-05 9.9973E-05 0.755087 9.9973E-05 0.244614
9.9982E-05 9.9982E-05 0.86845 0.030095 0.101255
9.9991E-05 0.0178771 0.383683 0.015475 0.582865
0.0427974 0.027799 0.258596 0.0295451 0.641263
0.0111211 9.9991E-05 0.440652 0.0225915 0.525535
0.0226785 9.9982E-05 0.30255 9.9982E-05 0.674572
0.00903577 9.9982E-05 0.353599 9.9982E-05 0.637165
0.0173954 0.877564 9.9982E-05 0.104841 9.9982E-05
0.0626751 0.76757 0.0312745 0.081631 0.0568495
0.0253273 0.938366 9.9982E-05 0.0361072 9.9982E-05
9.9973E-05 0.964332 9.9973E-05 9.9973E-05 0.0353678
0.0191374 0.0350919 0.21269 0.0551991 0.677882
9.9991E-05 0.0474918 0.144384 0.133986 0.674038
9.9982E-05 9.9982E-05 0.17356 0.15897 0.667269
9.9991E-05 0.0538504 0.0973485 0.160791 0.68791
0.0251493 0.101596 0.103863 0.121987 0.647405
9.9991E-05 0.0118571 0.315359 0.222891 0.449792
9.9982E-05 9.9982E-05 0.125722 0.0811854 0.792893
9.9982E-05 9.9982E-05 0.531263 0.0546021 0.413935
0.186086 0.33506 9.9991E-05 0.0918756 0.386878
0.0129808 9.9991E-05 0.338288 0.0776882 0.570943
9.9982E-05 9.9982E-05 0.241734 0.2268 0.531266
9.9982E-05 9.9982E-05 0.300781 0.0378459 0.661173
0.0115554 9.9991E-05 0.185136 0.245352 0.557857
0.00545487 9.9982E-05 0.263465 9.9982E-05 0.73088
9.9991E-05 0.0502114 0.152004 0.159394 0.638291
9.9982E-05 9.9982E-05 0.754317 0.0224601 0.223023
0.00346879 9.9991E-05 0.468521 0.0487864 0.479124
9.9982E-05 9.9982E-05 0.427932 0.0497883 0.52208
9.9982E-05 9.9982E-05 0.89947 0.0142162 0.0861142
9.9991E-05 0.0621264 0.185872 0.218003 0.533898
9.9982E-05 9.9982E-05 0.692475 0.0545272 0.252798
9.9982E-05 9.9982E-05 0.865571 0.0923707 0.0418581
0.0310988 0.0262104 0.233516 0.0700979 0.639077
9.9982E-05 9.9982E-05 0.326246 0.333786 0.339768
9.9991E-05 0.00171874 0.194557 0.18629 0.617334
0.0500587 0.107531 0.202487 0.0195331 0.62039
9.9991E-05 0.0120167 0.158734 0.207406 0.621743
0.056584 9.9991E-05 0.309625 0.267372 0.366319
0.0231155 0.037971 0.177908 0.100902 0.660103
9.9982E-05 9.9982E-05 0.141685 0.22714 0.630975
9.9982E-05 9.9982E-05 0.481557 0.0482968 0.469946
0.0215898 0.119822 0.123091 0.140509 0.594988
9.9982E-05 0.662587 0.0375832 0.29963 9.9982E-05
9.9982E-05 0.786593 0.0441662 0.169041 9.9982E-05
9.9973E-05 0.855164 9.9973E-05 0.144536 9.9973E-05
9.9982E-05 0.849578 0.00922694 0.140995 9.9982E-05
9.9991E-05 0.737635 0.0388162 0.194913 0.028535
9.9982E-05 9.9982E-05 0.350187 0.332711 0.316902
9.9982E-05 9.9982E-05 0.335043 0.301118 0.36364
9.9982E-05 9.9982E-05 0.589137 0.00885429 0.401808
0.0792274 0.0946825 0.135756 0.0768184 0.613515
0.075324 0.0918409 0.148775 0.0741488 0.609912
0.0103739 0.0157518 0.5143 0.0353018 0.424273
0.0374814 0.0437794 0.227402 0.00408304 0.687255
0.0195244 0.0397306 0.364345 0.034113 0.542287
0.0162656 0.0258328 0.186909 0.127087 0.643905
0.0598605 0.0429457 0.131486 0.100831 0.664877
9.9982E-05 9.9982E-05 0.299345 0.304317 0.396138
9.9982E-05 9.9982E-05 0.195243 0.319875 0.484683
9.9982E-05 9.9982E-05 0.231949 0.253544 0.514307
0.0160543 0.160219 0.15253 0.00912208 0.662075
9.9991E-05 0.0165705 0.183354 0.238502 0.561473
9.9991E-05 0.0133622 0.18882 0.231401 0.566317
0.357199 0.118312 0.0579002 0.0141678 0.452421
0.425226 0.149345 0.0616197 9.9991E-05 0.363709
0.422576 0.0882358 9.9991E-05 0.011301 0.477787
0.537964 0.164666 0.0500928 9.9991E-05 0.247177
0.298042 0.19409 0.0250663 9.9991E-05 0.482702
0.0059902 0.0884526 0.327935 9.9991E-05 0.577522
0.666859 0.267719 0.0652221 9.9982E-05 9.9982E-05
0.500974 0.146761 0.0368647 0.0191342 0.296267
0.163543 0.208308 0.27397 9.9991E-05 0.354079
9.9991E-05 0.170329 0.176963 0.0911685 0.561439
0.0388381 0.160625 0.211072 0.074982 0.514484
0.0357074 0.15076 0.173022 0.0218396 0.618671
0.0549722 0.153264 0.126412 0.0488155 0.616537
0.481028 0.172748 9.9991E-05 0.00144338 0.34468
0.375895 0.153735 0.0328374 0.0408669 0.396665
0.530278 0.0907988 9.9982E-05 9.9982E-05 0.378724
0.273857 0.158077 0.0547377 0.0386036 0.474724
0.502726 0.166723 0.0848466 0.0218041 0.2239
0.349119 0.153994 0.0385121 0.0135994 0.444775
0.551687 0.157621 0.0527921 0.00826036 0.22964
0.342676 0.106375 0.0621974 0.0729658 0.415786
0.030047 0.14733 0.270134 0.0345714 0.517917
0.392052 0.156141 0.03452 0.0207802 0.396507
0.592921 0.239138 0.0415179 9.9991E-05 0.126323
0.409144 0.109407 0.0405729 0.0479625 0.392914
9.9991E-05 0.207885 0.273542 0.174243 0.34423
0.0367666 0.0826962 0.236246 9.9991E-05 0.644191
0.392976 0.149764 0.0254031 0.0798845 0.351973
0.00950999 0.186613 0.144086 0.0675528 0.592238
9.9991E-05 0.197174 0.129444 0.115501 0.55778
0.226535 0.202737 0.195863 0.00537685 0.369488
0.280777 0.229718 0.143355 9.9991E-05 0.34605
0.0694756 0.143717 0.162091 0.0644517 0.560264
0.30075 0.189073 0.0179912 0.0878127 0.404372
0.448508 0.137685 9.9982E-05 9.9982E-05 0.413607
0.617063 0.224818 0.0258505 9.9991E-05 0.132168
0.0593052 0.148803 0.0930179 0.0567799 0.642094
9.9991E-05 0.190346 0.237797 0.064689 0.507068
0.0386267 0.15605 0.67735 9.9991E-05 0.127873
0.0660475 0.183971 0.0691107 0.0616141 0.619257
0.0646351 0.0956496 0.255679 0.155086 0.428951
0.19954 0.192341 0.126106 0.0214943 0.460519
0.13828 0.15166 0.233484 0.0233384 0.453237
0.133415 0.405254 0.461131 9.9982E-05 9.9982E-05
0.0816643 0.372649 0.545486 9.9982E-05 9.9982E-05
0.115495 0.204988 0.377521 9.9991E-05 0.301896
0.210974 0.365202 0.393876 9.9991E-05 0.0298476
0.181221 0.489182 0.329397 9.9982E-05 9.9982E-05
0.102789 0.23766 0.2693 9.9991E-05 0.390151
0.178898 0.220995 0.225634 0.0475329 0.326941
0.182061 0.335375 0.383223 9.9991E-05 0.0992412
0.179863 0.303846 0.475917 9.9991E-05 0.0402734
0.138972 0.174056 0.13155 0.0337736 0.521648
0.159543 0.28095 0.415138 9.9991E-05 0.144269
0.0732042 0.418172 0.508424 9.9982E-05 9.9982E-05
0.155019 0.0852109 0.136821 0.0951851 0.527764
0.174314 0.247797 0.257245 0.00530647 0.315338
0.172992 0.328053 0.0336739 0.0161071 0.449174
0.232344 0.164181 9.9982E-05 9.9982E-05 0.603275
0.191617 0.169455 0.0946343 9.9991E-05 0.544194
0.228257 0.221243 0.0747852 9.9991E-05 0.475615
0.207153 0.3626 9.9991E-05 0.0740928 0.356054
0.196331 0.23146 0.0454736 0.0454429 0.481293
0.196125 0.270224 0.0238863 9.9991E-05 0.509665
0.253821 0.272483 0.178409 9.9991E-05 0.295187
0.104106 0.222791 0.164641 0.146447 0.362016
0.175637 0.215189 0.084822 0.018819 0.505533
0.137464 0.158068 0.109081 0.0383306 0.557056
0.141551 0.142183 0.0415675 0.0600418 0.614657
0.207505 0.308149 0.0476103 9.9991E-05 0.436636
0.189125 0.25938 0.0420071 9.9991E-05 0.509387
0.334232 0.392925 0.255336 9.9991E-05 0.0174073
0.171986 0.170675 0.0130442 0.0401795 0.604115
0.340089 0.303932 0.234431 9.9991E-05 0.121449
9.9973E-05 0.796857 9.9973E-05 0.202843 9.9973E-05
0.00316338 0.0524857 9.9991E-05 0.789691 0.15456
9.997E-05 9.997E-05 9.997E-05 0.9996 9.997E-05
9.997E-05 9.997E-05 9.997E-05 0.9996 9.997E-05
9.9973E-05 9.9973E-05 9.9973E-05 0.976054 0.0236458
0.00608259 9.9973E-05 9.9973E-05 0.993617 9.9973E-05
9.9973E-05 9.9973E-05 9.9973E-05 0.965815 0.0338849
9.997E-05 9.997E-05 9.997E-05 0.9996 9.997E-05
9.9973E-05 0.148976 9.9973E-05 0.850724 9.9973E-05
9.9991E-05 0.906884 0.035119 0.0501999 0.00769729
9.9982E-05 0.805161 9.9982E-05 0.129524 0.065115
0.00092496 0.895464 0.0413648 0.0340229 0.0282234
9.9991E-05 0.880265 0.0248235 0.0728542 0.0219578
9.9982E-05 0.910268 9.9982E-05 0.0675508 0.0219817
9.9982E-05 0.933664 9.9982E-05 0.0247991 0.0413365
0.101259 0.766911 9.9991E-05 0.0204365 0.111294
9.9973E-05 0.914989 9.9973E-05 9.9973E-05 0.0847109
0.0549368 0.729574 0.00439131 0.0919856 0.119112
0.0365646 0.915634 9.9982E-05 9.9982E-05 0.0476016
9.9973E-05 0.988284 0.0114164 9.9973E-05 9.9973E-05
0.0191913 0.904349 9.9991E-05 0.020436 0.0559233
9.9973E-05 0.995646 9.9973E-05 0.00405401 9.9973E-05
0.0239646 0.946921 9.9982E-05 9.9982E-05 0.0289146
9.9973E-05 0.912838 9.9973E-05 9.9973E-05 0.0868616
9.9973E-05 0.929876 9.9973E-05 9.9973E-05 0.0698236
0.0695052 0.87086 9.9982E-05 9.9982E-05 0.0594351
0.0264051 0.862072 9.9982E-05 9.9982E-05 0.111323
0.0768425 0.818975 9.9982E-05 9.9982E-05 0.103982
9.9991E-05 0.151832 0.29651 0.0966355 0.454923
9.9991E-05 0.128973 0.14384 0.00973976 0.717347
0.0587259 0.109099 0.10225 0.0890546 0.640871
9.9982E-05 0.145035 0.735533 9.9982E-05 0.119231
9.9991E-05 0.155609 0.198539 0.133746 0.512006
0.0255574 0.174861 0.720903 9.9991E-05 0.0785785
0.0790987 0.0877901 0.228122 9.9991E-05 0.604889
9.9991E-05 0.180048 0.243737 0.141894 0.434221
9.9991E-05 0.214759 0.209339 0.0418453 0.533957
0.0039194 0.0627865 0.206482 0.119819 0.606993
9.9991E-05 0.175652 0.220704 0.0996189 0.503925
0.0334897 0.0985117 0.148108 9.9991E-05 0.719791
0.00799546 0.148404 0.180263 0.0916022 0.571735
0.098486 9.9991E-05 0.430953 0.444428 0.0260334
9.9991E-05 0.174678 0.821134 0.0017245 0.0023641
0.0195334 0.161604 0.673548 9.9991E-05 0.145214
0.0461667 0.155131 0.144089 0.0485929 0.606021
0.0152719 0.091303 0.33685 9.9991E-05 0.556475
9.9982E-05 0.119429 0.239108 9.9982E-05 0.641263
0.0626617 0.138604 0.120502 0.0253763 0.652856
0.169873 0.229654 0.0639068 0.0654918 0.471075
0.132929 0.243883 0.0188474 0.00531803 0.599022
0.167821 0.385511 0.0815587 0.21319 0.151919
0.0566906 0.20077 0.0524148 0.0942913 0.595833
0.134194 0.233567 0.0498327 0.137397 0.445009
0.178514 0.423015 0.398272 9.9982E-05 9.9982E-05
0.228563 0.299731 0.187682 9.9991E-05 0.283924
0.158515 0.38355 0.0523836 0.0700036 0.335548
0.120705 0.335001 0.0314561 0.129675 0.383163
0.171011 0.118345 0.0790774 0.116522 0.515045
0.137478 0.195918 0.0822883 0.053289 0.531027
0.0956769 0.182253 9.9991E-05 0.0658249 0.656145
0.193258 0.178028 0.21503 0.0225437 0.391141
0.132637 0.479308 0.0870882 0.077868 0.223099
