0.00176762 9.9991E-05 0.94333 0.0548023
9.9982E-05 9.9982E-05 0.985484 0.014316
0.07389 0.00584427 0.895431 0.0248346
0.144721 9.9982E-05 0.855079 9.9982E-05
0.075014 9.9982E-05 0.924786 9.9982E-05
0.0922045 0.169184 0.676083 0.0625282
0.00526428 0.135282 0.832397 0.0270573
0.0137815 0.172399 0.769059 0.0447599
9.9982E-05 0.141305 0.858495 9.9982E-05
0.0715196 0.133636 0.793399 0.00144574
0.11086 0.109956 0.779084 9.9991E-05
0.351712 0.515369 0.132819 9.9991E-05
0.652609 0.219937 0.127355 9.9991E-05
0.355006 0.483217 0.102085 0.0596921
0.421481 0.360744 0.138 0.0797744
0.528465 0.228395 0.137952 0.105188
0.658393 0.188488 0.104916 0.0482029
0.614091 0.302959 0.072997 0.00995287
0.354957 0.390852 0.19898 0.0552119
0.163146 0.684729 0.152025 9.9991E-05
0.511004 0.385955 0.0736513 0.0293897
0.495325 0.368285 0.0460655 0.090324
0.692544 0.208458 0.0949578 0.00403998
0.372879 0.484185 0.125637 0.0172994
0.739343 0.115428 0.107928 0.0373004
0.616702 0.248648 0.121102 0.0135486
0.353286 0.495602 0.151012 9.9991E-05
0.409062 0.421173 0.146594 0.0231711
0.316761 0.575269 0.10787 9.9991E-05
0.0992559 9.9991E-05 0.891117 0.00952751
0.119572 9.9982E-05 0.880228 9.9982E-05
0.0883498 9.9991E-05 0.810834 0.100716
0.139357 9.9991E-05 0.759108 0.101436
0.603466 0.290516 0.105919 9.9991E-05
0.634048 0.243031 0.108963 0.0139588
0.667925 0.305407 9.9991E-05 0.0265678
0.287731 0.556975 0.155194 9.9991E-05
0.444461 0.546135 9.9991E-05 0.00930498
0.657125 0.198527 0.122677 0.0216707
0.822993 0.142384 0.0345229 9.9991E-05
0.61932 0.215846 0.164734 9.9991E-05
0.654993 0.182183 0.136519 0.0263049
0.376954 0.618424 0.00452175 9.9991E-05
0.680087 0.182319 0.0736438 0.0639508
0.703907 0.222518 0.0424382 0.0311367
0.667763 0.133999 0.155127 0.0431104
0.527225 0.472575 9.9982E-05 9.9982E-05
0.702549 0.204229 0.068714 0.0245084
0.658608 0.148069 0.177905 0.0154179
9.9991E-05 0.969537 0.00131324 0.0290497
0.275025 0.660338 0.0645368 9.9991E-05
0.230987 0.663422 0.0353474 0.0702431
0.619882 0.17653 0.126656 0.0769311
0.634496 0.211272 0.102141 0.0520909
0.676405 0.14636 0.0790762 0.0981589
0.30028 0.4883 0.21132 9.9991E-05
0.641779 0.282376 0.0757447 9.9991E-05
0.66707 0.195281 0.111859 0.0257896
0.474083 0.35644 0.169378 9.9991E-05
0.21142 0.552172 0.236307 9.9991E-05
0.618982 0.24175 0.12203 0.0172372
0.586587 0.227418 0.160272 0.0257226
0.17187 0.665534 0.162497 9.9991E-05
0.513956 0.430608 0.0553358 9.9991E-05
0.629678 0.243161 0.0614281 0.0657324
0.701931 0.15463 0.143339 9.9991E-05
0.397733 0.445066 0.147528 0.00967369
0.559854 0.311032 0.0960922 0.0330223
0.64963 0.243855 0.0659167 0.0405983
0.320178 0.552222 0.127499 9.9991E-05
0.676703 0.301935 0.0212629 9.9991E-05
0.458938 0.540862 9.9982E-05 9.9982E-05
0.577927 0.23724 0.124522 0.0603107
0.201541 0.798259 9.9982E-05 9.9982E-05
0.194726 0.805074 9.9982E-05 9.9982E-05
0.442383 0.557417 9.9982E-05 9.9982E-05
0.62845 0.335333 0.0361172 9.9991E-05
0.631542 0.180303 0.0998488 0.0883066
0.663566 0.33483 9.9991E-05 0.00150423
0.36548 0.57835 0.0560703 9.9991E-05
0.484061 0.511072 0.00476686 9.9991E-05
0.603251 0.238766 0.0543943 0.103588
0.551624 0.427427 0.0208494 9.9991E-05
0.62353 0.37617 0.000199413 9.9991E-05
0.639408 0.360392 9.9982E-05 9.9982E-05
9.9982E-05 0.916333 9.9982E-05 0.0834671
0.703555 0.215788 0.0483105 0.0323467
0.0947803 0.022111 0.883009 9.9991E-05
0.0621177 9.9991E-05 0.927997 0.00978489
0.0996894 9.9991E-05 0.85652 0.0436909
0.0234635 9.9991E-05 0.922169 0.054268
9.9982E-05 9.9982E-05 0.954161 0.0456388
0.0584382 9.9991E-05 0.891526 0.049936
0.0616835 9.9982E-05 0.938116 9.9982E-05
0.642289 0.195588 0.103327 0.058795
0.599191 0.183604 0.163761 0.0534436
0.266686 0.702592 0.030622 9.9991E-05
0.66505 0.174531 0.101355 0.0590637
0.559808 0.410193 0.0298994 9.9991E-05
0.695845 0.250464 0.0535904 9.9991E-05
0.678121 0.28809 0.0302279 0.00356147
0.651112 0.280576 0.0295886 0.0387227
0.22792 0.726749 0.0452308 9.9991E-05
0.587604 0.239632 0.118106 0.0546587
0.696261 0.183581 0.0746554 0.0455024
0.698804 0.141414 0.121942 0.0378403
0.391748 0.571463 9.9991E-05 0.0366897
0.651933 0.325876 9.9991E-05 0.0220914
0.627998 0.342124 0.0297782 9.9991E-05
0.580984 0.418816 9.9982E-05 9.9982E-05
0.615596 0.350162 0.0341422 9.9991E-05
0.62974 0.210701 0.155998 0.00356085
0.356405 0.497097 0.0830254 0.0634718
0.509999 0.323588 0.166313 9.9991E-05
0.613602 0.188442 0.123175 0.0747807
0.625005 0.175115 0.132527 0.0673537
0.569635 0.323932 0.106332 9.9991E-05
0.677695 0.21294 0.0686699 0.0406955
0.563577 0.297462 0.138861 9.9991E-05
0.610747 0.232579 0.122635 0.034039
0.696415 0.13055 0.136267 0.0367691
0.653657 0.224781 0.121462 9.9991E-05
0.643391 0.271532 0.0849765 9.9991E-05
0.65645 0.201449 0.0597778 0.0823232
0.621738 0.18802 0.113724 0.0765171
0.627385 0.251458 0.0309314 0.0902253
0.599577 0.227935 0.0908938 0.0815938
0.660963 0.2581 0.0113345 0.069602
0.353051 0.445464 0.0960243 0.105461
0.666518 0.211526 0.0651347 0.0568212
0.709151 0.175615 0.0612338 0.0540005
0.334801 0.555571 0.109529 9.9991E-05
0.209408 0.688417 0.0175386 0.0846372
0.621437 0.254107 0.120523 0.0039334
0.133632 0.801846 9.9991E-05 0.0644213
0.4396 0.485887 0.0744134 9.9991E-05
0.560243 0.405139 0.0345182 9.9991E-05
0.48515 0.399084 0.115666 9.9991E-05
0.45324 0.484737 0.061923 9.9991E-05
0.681631 0.186028 0.102717 0.0296235
0.605063 0.197581 0.134161 0.0631953
0.661742 0.218451 0.067179 0.0526287
0.236024 0.66888 0.0302228 0.0648736
0.563316 0.212573 0.152977 0.0711345
0.553373 0.284251 0.0818124 0.0805631
9.9991E-05 0.782018 0.156204 0.0616776
0.69797 0.157635 0.0912313 0.0531638
0.342691 0.480052 0.103982 0.073275
0.562079 0.233628 0.148114 0.0561792
0.284404 0.593198 0.106806 0.0155921
0.138506 0.718918 0.117481 0.025094
0.439904 0.418976 0.0876228 0.0534965
0.511435 0.267568 0.129734 0.0912632
0.480783 0.277614 0.162063 0.0795394
0.0976184 0.677547 0.0574554 0.167379
0.596258 0.224419 0.0826612 0.0966619
0.388234 0.611566 9.9982E-05 9.9982E-05
0.503198 0.453476 0.00926481 0.0340616
0.628125 0.190975 0.124268 0.0566318
0.11354 0.192484 0.405116 0.28886
9.9991E-05 0.273184 0.532159 0.194556
9.9991E-05 0.286363 0.500185 0.213353
0.0541299 0.245143 0.376623 0.324104
0.67752 0.291286 0.00694346 0.024251
0.682085 0.182078 0.0931149 0.0427226
0.328626 9.9982E-05 9.9982E-05 0.671174
0.440727 0.0605188 0.026308 0.472446
0.481582 0.0720659 0.0970705 0.349281
0.273879 0.603763 0.038027 0.0843306
0.525331 0.278401 0.173418 0.0228502
0.288005 0.667189 9.9991E-05 0.0447059
0.639863 0.271181 0.0644549 0.0245015
0.492856 0.381445 0.0372202 0.0884786
0.604563 0.321445 9.9991E-05 0.0738915
0.206304 0.700101 0.00299371 0.090601
0.679159 0.157584 0.0925559 0.0707015
0.637438 0.211088 0.108164 0.0433095
0.025442 0.00146157 9.9991E-05 0.972996
0.114709 9.9982E-05 9.9982E-05 0.885091
0.336058 0.0419136 0.0756657 0.546363
0.371699 9.9982E-05 9.9982E-05 0.628101
0.195553 9.9982E-05 9.9982E-05 0.804248
9.998E-05 9.998E-05 9.998E-05 0.9997
0.0452538 9.9991E-05 0.00977425 0.944872
0.172875 9.9982E-05 9.9982E-05 0.826925
0.0209247 0.0185095 0.0203592 0.940207
9.998E-05 9.998E-05 9.998E-05 0.9997
9.998E-05 9.998E-05 9.998E-05 0.9997
0.247267 9.9982E-05 9.9982E-05 0.752533
0.175892 0.00781858 0.0468658 0.769423
9.998E-05 9.998E-05 9.998E-05 0.9997
0.412772 0.0700063 0.127071 0.39015
0.310383 0.0316712 0.0307001 0.627246
0.168912 9.9991E-05 0.0395638 0.791424
0.100086 9.9982E-05 9.9982E-05 0.899714
9.998E-05 9.998E-05 9.998E-05 0.9997
0.0657256 9.9982E-05 9.9982E-05 0.934074
9.998E-05 9.998E-05 9.998E-05 0.9997
0.293388 0.000531224 0.081922 0.624159
0.0269636 9.9982E-05 9.9982E-05 0.972836
9.9991E-05 0.524777 0.339535 0.135588
0.358112 0.259977 0.220257 0.161653
0.494251 0.197126 0.209936 0.0986865
0.15158 0.41628 0.225588 0.206552
0.459891 0.200647 0.190503 0.148959
0.0635856 0.455799 0.270273 0.210343
0.441985 0.209697 0.215737 0.132581
0.307432 0.301685 0.203713 0.18717
0.497631 0.155083 0.19362 0.153666
0.357419 0.248585 0.218219 0.175777
0.482862 0.199277 0.196441 0.121419
0.0533506 0.0318688 0.909007 0.0057731
9.9991E-05 0.0021192 0.901826 0.0959546
0.0265418 0.0197643 0.953594 9.9991E-05
9.9982E-05 0.0109941 0.988806 9.9982E-05
0.0685043 9.9982E-05 0.931296 9.9982E-05
9.9982E-05 9.9982E-05 0.982511 0.0172889
0.0378798 9.9991E-05 0.941612 0.020408
0.0037732 0.0213432 0.974784 9.9991E-05
0.00693887 0.0296057 0.906571 0.0568842
0.020026 0.0127795 0.93626 0.0309343
9.9991E-05 0.342463 0.653469 0.00396775
9.9982E-05 0.31397 0.68583 9.9982E-05
0.00260159 0.376894 0.620404 9.9991E-05
9.9982E-05 0.453193 0.546607 9.9982E-05
0.621507 0.263742 0.109261 0.00548985
0.647369 0.302347 0.0462447 0.00403942
0.686943 0.245636 0.0644643 0.00295737
0.502945 0.418416 0.0785389 9.9991E-05
0.34167 0.583965 0.0742645 9.9991E-05
0.813762 0.120499 0.0656386 9.9991E-05
0.744702 0.255098 9.9982E-05 9.9982E-05
0.65808 0.326092 9.9991E-05 0.0157287
0.557005 0.442795 9.9982E-05 9.9982E-05
0.657599 0.240099 0.0619168 0.0403855
0.627913 0.361727 0.0102604 9.9991E-05
0.163267 0.836533 9.9982E-05 9.9982E-05
0.675067 0.205122 0.119711 9.9991E-05
0.363373 0.636427 9.9982E-05 9.9982E-05
0.658408 0.306131 0.0353606 9.9991E-05
0.357006 0.618399 0.0244943 9.9991E-05
0.0497526 0.666596 0.283551 9.9991E-05
0.132543 0.60084 0.266516 9.9991E-05
0.112993 0.650913 0.235993 9.9991E-05
0.0333039 0.697812 0.268784 9.9991E-05
0.181096 0.639482 0.179322 9.9991E-05
0.183886 0.582625 0.233388 9.9991E-05
0.0766838 9.9991E-05 0.89582 0.0273963
0.119049 0.00192762 0.856802 0.0222215
0.155755 9.9991E-05 0.79698 0.0471649
0.0384983 0.0250923 0.851281 0.085128
0.175311 0.0118532 0.781205 0.0316306
9.9982E-05 0.476963 0.522837 9.9982E-05
0.013308 0.443929 0.542663 9.9991E-05
0.0545794 0.417299 0.528022 9.9991E-05
0.127752 9.9982E-05 0.872048 9.9982E-05
9.9982E-05 0.510443 0.489358 9.9982E-05
0.274919 0.111614 0.268486 0.344981
0.584384 0.0463819 0.152639 0.216595
0.553589 9.9991E-05 0.180965 0.265346
0.331474 0.0722169 0.289179 0.30713
0.545637 0.124394 0.169104 0.160866
9.9991E-05 0.19299 0.460482 0.346427
0.543446 0.392044 0.06441 9.9991E-05
0.503956 0.456466 9.9991E-05 0.0394779
0.404584 0.511014 0.0843027 9.9991E-05
0.57324 0.364303 0.0135665 0.0488912
9.9982E-05 0.990085 9.9982E-05 0.00971464
0.655065 0.205509 0.116911 0.0225159
0.55122 0.325229 0.0530321 0.0705187
0.448048 0.447248 0.104604 9.9991E-05
0.634727 0.203314 0.129789 0.032171
0.215565 0.758522 9.9991E-05 0.0258134
0.684994 0.261388 0.0535186 9.9991E-05
0.620435 0.311354 0.0681108 9.9991E-05
0.451196 0.263197 0.10601 0.179597
0.401179 0.528859 0.00892941 0.0610325
0.483824 0.454623 9.9991E-05 0.0614527
0.660388 0.281459 0.0154111 0.0427423
0.65626 0.332562 9.9991E-05 0.0110785
0.654232 0.2113 0.0516365 0.0828325
0.581702 0.298492 0.0500005 0.0698054
0.627153 0.235718 0.105109 0.032021
0.0891092 9.9991E-05 0.838231 0.0725596
0.107585 9.9991E-05 0.885569 0.0067464
0.0644706 0.00931014 0.919338 0.00688146
0.0337605 9.9991E-05 0.904618 0.0615217
0.0898539 9.9982E-05 0.909946 9.9982E-05
0.235685 0.618485 0.14573 9.9991E-05
0.597673 0.293672 0.0471353 0.0615203
0.458812 0.113436 0.181271 0.24648
0.710201 0.203248 0.0508473 0.035704
0.602746 0.313563 0.0745783 0.00911263
0.322279 0.591538 0.0201898 0.0659932
0.099016 0.695604 0.20528 9.9991E-05
0.559212 0.306856 0.133833 9.9991E-05
0.333517 0.50617 0.15045 0.00986309
0.547477 0.342061 0.098169 0.0122929
0.2294 0.587724 0.182776 9.9991E-05
0.628898 0.174723 0.119652 0.0767271
0.27341 0.585752 0.140738 9.9991E-05
0.316952 0.514318 0.0614899 0.10724
0.560676 0.288382 0.133058 0.0178842
0.381964 0.599593 0.0183422 9.9991E-05
0.567257 0.324891 0.0535613 0.0542912
0.61891 0.250189 0.124685 0.00621511
0.331642 0.625348 0.0370766 0.00593321
0.550645 0.241345 0.122455 0.0855557
0.588854 0.342887 0.0681594 9.9991E-05
0.193382 0.777652 9.9991E-05 0.0288662
0.232051 0.701552 0.0457986 0.0205988
0.524609 0.42974 0.0455516 9.9991E-05
0.128452 0.83737 9.9991E-05 0.0340786
0.501353 0.434495 0.0405774 0.0235753
0.267507 0.620164 0.112229 9.9991E-05
0.245925 0.625118 9.9991E-05 0.128857
0.487966 0.365271 0.129799 0.016963
0.674262 0.210907 0.0782261 0.0366054
0.375089 0.585876 0.0389351 9.9991E-05
0.602396 0.225431 0.102109 0.0700637
0.65653 0.223223 0.110457 0.00978987
0.660557 0.276756 0.0316356 0.0310512
0.63594 0.291924 0.0514432 0.0206924
0.589602 0.320429 0.0898693 9.9991E-05
0.417633 0.522613 0.0596541 9.9991E-05
0.53793 0.390643 0.0580193 0.0134076
0.645374 0.260615 0.0565168 0.0374943
0.62728 0.204024 0.0702929 0.0984024
0.351129 0.446189 0.0616144 0.141068
0.551123 0.3191 0.00271781 0.127059
0.473685 0.406784 0.0844829 0.0350478
0.645041 0.247109 0.0723278 0.0355216
0.547195 0.298987 0.0954727 0.0583448
0.618101 0.218588 0.127444 0.0358676
0.466936 0.00840149 0.377953 0.146709
0.575107 0.119883 0.149432 0.155579
0.486533 0.195971 0.161025 0.156471
0.566566 0.133105 0.124184 0.176146
0.473023 0.119404 0.174171 0.233401
0.530602 0.426967 9.9991E-05 0.0423316
0.544697 0.120416 0.187888 0.146999
0.0246385 0.473069 0.229943 0.27235
0.622797 0.115483 0.123732 0.137989
0.582046 0.0837437 0.179941 0.15427
0.583444 0.146659 0.095041 0.174856
0.335637 0.303548 0.200971 0.159844
0.550323 0.0574601 0.218723 0.173494
0.579284 0.0840922 0.149233 0.187391
9.9991E-05 0.298274 0.512576 0.189051
0.514913 0.0788639 0.206266 0.199957
0.526954 0.0868737 0.151097 0.235075
0.641956 0.129269 0.118871 0.109904
0.531684 0.038955 0.174857 0.254504
0.563153 0.0953562 0.212229 0.129262
0.525724 0.378813 0.00979318 0.0856694
0.60358 0.279383 0.0379185 0.079119
0.014082 0.911787 9.9991E-05 0.0740315
0.0643915 0.876845 9.9991E-05 0.0586633
0.560306 0.308361 0.0857519 0.0455807
0.362217 0.13646 0.147864 0.353459
0.387743 0.122939 0.166108 0.32321
0.159483 0.305925 0.162593 0.371999
0.375374 0.152515 0.147042 0.325068
0.101064 0.649756 0.0742106 0.174969
0.150343 0.610188 0.0569559 0.182513
0.602757 0.288805 9.9991E-05 0.108338
0.463836 0.320469 0.0501065 0.165588
0.2675 0.560623 0.0262341 0.145643
0.609644 0.244373 0.0524393 0.0935434
0.619476 0.238186 0.0252287 0.117109
0.580052 0.223763 0.0920736 0.104111
0.430666 0.528689 9.9991E-05 0.0405457
0.466562 0.470276 9.9991E-05 0.0630619
0.615578 0.293479 0.034273 0.0566704
0.548636 0.383349 0.0280403 0.0399749
0.604582 0.235397 0.07855 0.0814711
0.546717 0.406747 9.9991E-05 0.0464366
0.282292 0.6701 9.9991E-05 0.0475086
0.686144 0.255135 0.012598 0.046123
0.254612 0.677148 9.9991E-05 0.0681407
0.531891 0.396351 0.0126158 0.0591421
0.60033 0.308678 0.0572188 0.0337737
0.599551 0.29582 0.0450002 0.0596282
0.539693 0.115656 0.201643 0.143007
0.510256 0.187685 0.18006 0.121999
0.305134 0.161933 0.203059 0.329875
0.339208 0.198037 0.190164 0.27259
0.449828 0.179779 0.151932 0.218462
0.476826 0.177222 0.197706 0.148246
9.9991E-05 0.594273 0.165685 0.239942
0.609167 0.0835807 0.083653 0.223599
9.9991E-05 0.444498 0.336158 0.219244
0.555626 0.178022 0.0587185 0.207634
0.300003 0.699797 9.9982E-05 9.9982E-05
0.0914519 0.8808 9.9991E-05 0.0276479
0.597616 0.392217 9.9991E-05 0.0100669
0.704996 0.259242 0.0195212 0.0162404
0.516728 0.452297 9.9991E-05 0.0308749
0.667646 0.303636 9.9991E-05 0.0286171
0.640999 0.333238 9.9991E-05 0.025663
0.0212649 0.0574666 0.90522 0.0160482
0.0648431 0.0838806 0.793896 0.0573801
0.0279669 9.9991E-05 0.955506 0.0164274
0.0402871 9.9982E-05 0.959513 9.9982E-05
0.662529 0.273673 0.043993 0.0198053
0.68754 0.255538 0.0568213 9.9991E-05
0.691504 0.278675 0.0297214 9.9991E-05
0.700131 0.197595 0.102174 9.9991E-05
0.680833 0.182351 0.136716 9.9991E-05
0.486779 0.463314 0.0498068 9.9991E-05
0.769675 0.199166 0.0310595 9.9991E-05
0.446063 0.553737 9.9982E-05 9.9982E-05
0.450543 0.066919 0.34035 0.142188
0.58957 0.409739 9.9991E-05 0.000591421
0.561061 0.41867 0.0201691 9.9991E-05
0.674793 0.325008 9.9982E-05 9.9982E-05
0.605097 0.356259 0.0385443 9.9991E-05
0.696183 0.28482 9.9991E-05 0.0188968
0.66802 0.272406 0.0546361 0.00493807
0.250799 0.749001 9.9982E-05 9.9982E-05
0.481136 0.501683 9.9991E-05 0.0170813
0.528513 0.469475 9.9991E-05 0.00191293
0.107223 0.892577 9.9982E-05 9.9982E-05
0.559034 0.375175 0.06569 9.9991E-05
0.244585 0.755215 9.9982E-05 9.9982E-05
0.0817797 0.91802 9.9982E-05 9.9982E-05
0.676608 0.235889 0.0376395 0.0498641
0.405523 0.567122 0.0272556 9.9991E-05
0.625084 0.351375 0.0201914 0.00334946
0.685603 0.123044 0.165629 0.0257249
0.669109 0.294592 0.0361987 9.9991E-05
0.418085 0.529405 9.9991E-05 0.0524105
0.711324 0.251077 0.0374988 9.9991E-05
0.675423 0.303611 0.020866 9.9991E-05
0.493014 0.506786 9.9982E-05 9.9982E-05
0.610585 0.210259 0.150457 0.0286988
9.9982E-05 0.258898 0.740902 9.9982E-05
0.00179647 0.158603 0.839501 9.9991E-05
9.9982E-05 0.100912 0.898888 9.9982E-05
9.9982E-05 0.125117 0.874683 9.9982E-05
0.0342402 0.180733 0.784927 9.9991E-05
0.3587 0.595921 0.0452788 9.9991E-05
0.392598 0.593298 0.0140034 9.9991E-05
0.379748 0.596044 9.9991E-05 0.0241077
0.638348 0.174718 0.141403 0.0455311
0.603543 0.207007 0.0804825 0.108968
0.4375 0.526075 9.9991E-05 0.0363241
0.704335 0.233933 9.9991E-05 0.0616326
0.497644 0.416528 0.00916845 0.0766595
0.675342 0.291928 0.0326301 9.9991E-05
0.743067 0.188194 0.0318739 0.0368651
0.464645 0.535155 9.9982E-05 9.9982E-05
0.53227 0.46753 9.9982E-05 9.9982E-05
0.535205 0.464595 9.9982E-05 9.9982E-05
0.670621 0.163259 0.15399 0.0121303
0.56341 0.43639 9.9982E-05 9.9982E-05
0.612049 0.338884 0.0489672 9.9991E-05
0.431137 0.0684013 0.0904641 0.409997
0.353382 0.0542004 0.119308 0.473109
0.44573 9.9991E-05 0.128583 0.425587
0.323581 0.0247961 0.15518 0.496443
0.492752 0.0709339 0.12678 0.309534
0.584926 0.308529 0.0744479 0.0320966
0.00808667 0.0557154 0.271878 0.66432
0.301594 0.0160807 0.183202 0.499123
0.360461 0.228677 0.193541 0.217321
0.589959 0.221069 0.188873 9.9991E-05
0.509682 0.279664 0.186814 0.0238412
0.641782 0.175461 0.15691 0.0258466
0.668386 0.131611 0.190139 0.00986472
0.383301 9.9991E-05 0.168275 0.448324
0.42272 0.0253159 0.18189 0.370074
0.395626 9.9991E-05 0.0877878 0.516486
0.493073 0.0519107 0.165468 0.289548
0.272112 0.0861154 0.155456 0.486317
0.442264 0.0624276 0.148474 0.346835
0.262798 0.0594103 0.120913 0.556879
0.395361 0.135092 0.116255 0.353291
0.533009 0.330127 0.107152 0.0297113
0.405799 0.10099 0.186086 0.307125
0.162048 0.0178872 0.218826 0.601239
0.425478 0.0678454 0.12147 0.385207
0.350549 0.429542 0.219809 9.9991E-05
0.628516 0.231982 0.0361233 0.103379
0.449986 0.0510668 0.156534 0.342413
0.636697 0.192349 0.166308 0.00464574
0.528306 0.230059 0.241535 9.9991E-05
0.371757 0.215656 0.18359 0.228997
0.369997 0.123109 0.219104 0.28779
0.576313 0.15848 0.139459 0.125748
0.467037 0.0426287 0.176172 0.314162
0.491806 9.9991E-05 0.114296 0.393798
0.142627 0.0143512 0.188918 0.654104
0.632366 0.164602 0.102699 0.100333
0.535676 0.290354 0.173869 9.9991E-05
0.0965541 0.655276 0.104513 0.143657
0.578782 0.176159 0.176578 0.0684811
0.431124 0.358137 0.141309 0.0694295
0.475897 0.140401 0.199311 0.184391
0.531924 0.162145 0.189214 0.116717
9.9991E-05 0.418187 0.383124 0.19859
9.9991E-05 0.485616 0.346842 0.167441
0.313586 0.343437 0.205945 0.137032
9.9991E-05 0.387284 0.362846 0.24977
9.9991E-05 0.243839 0.498543 0.257518
0.329551 0.275582 0.218545 0.176321
0.347955 0.2052 0.224948 0.221897
0.0773508 0.370603 0.317426 0.23462
0.0276161 0.441442 0.297759 0.233183
0.497603 0.153907 0.174792 0.173699
0.103332 0.399316 0.264731 0.232621
9.9991E-05 0.420528 0.414504 0.164868
0.526486 0.165688 0.173879 0.133947
0.320333 0.224044 0.222711 0.232912
0.480011 0.0125002 0.34649 0.160999
0.572364 9.9991E-05 0.169158 0.258378
0.559659 0.0785092 0.141421 0.22041
0.495811 0.080264 0.142805 0.281119
0.361712 0.0654476 0.386689 0.186152
0.538017 0.0343876 0.229952 0.197643
0.497508 0.0346038 0.253748 0.21414
0.264281 0.186626 0.25368 0.295413
0.432866 0.266013 0.223442 0.0776791
0.556635 0.0988284 0.217594 0.126942
0.585757 0.126501 0.129061 0.158681
0.681866 0.0481399 0.15835 0.111644
0.455173 0.0323741 0.301835 0.210618
0.546252 0.00703416 0.267596 0.179118
0.0220214 0.232183 0.355294 0.390502
0.590386 0.0657002 0.175871 0.168043
0.174925 0.161764 0.296529 0.366781
9.9991E-05 0.141618 0.850688 0.00759349
0.199571 0.605767 0.194562 9.9991E-05
9.9982E-05 0.765701 0.234099 9.9982E-05
0.0190482 0.817249 0.163602 9.9991E-05
0.105127 0.722076 0.172697 9.9991E-05
0.0941664 0.732447 0.173286 9.9991E-05
0.132657 0.726188 0.141055 9.9991E-05
0.0255333 0.772019 0.202348 9.9991E-05
0.0704825 0.609006 0.320411 9.9991E-05
0.0212234 0.0445272 0.934149 9.9991E-05
0.0836472 0.0626461 0.853607 9.9991E-05
0.0381502 0.038218 0.910378 0.0132535
0.0800569 0.0219576 0.897885 9.9991E-05
0.0579025 0.0138239 0.928174 9.9991E-05
0.0622183 9.9991E-05 0.930306 0.00737612
0.11458 0.03878 0.766876 0.079764
0.0835116 9.9991E-05 0.908255 0.00813361
0.12589 0.0512933 0.74109 0.0817265
0.0440713 9.9991E-05 0.917459 0.0383697
9.998E-05 9.998E-05 0.9997 9.998E-05
0.058026 0.000270717 0.909145 0.0325578
9.998E-05 9.998E-05 0.9997 9.998E-05
0.0231667 9.9991E-05 0.948716 0.028017
0.0705533 9.9991E-05 0.890109 0.0392378
0.0372199 9.9991E-05 0.93681 0.0258701
0.068102 9.9991E-05 0.870833 0.0609645
0.122097 9.9991E-05 0.840476 0.037327
0.0778353 9.9991E-05 0.829527 0.0925377
0.490892 0.328085 0.180924 9.9991E-05
0.745488 0.125831 0.128581 9.9991E-05
0.651447 0.155439 0.159265 0.0338491
0.0379421 0.731597 0.0730041 0.157457
0.557888 0.266386 0.165413 0.0103132
0.0253559 0.689417 0.126638 0.158589
0.627018 0.159142 0.118576 0.0952649
0.489806 0.298071 0.212023 9.9991E-05
0.555002 0.239024 0.205874 9.9991E-05
0.659932 0.266439 0.0735292 9.9991E-05
0.526687 0.304514 0.168699 9.9991E-05
0.716534 0.155291 0.0996564 0.0285186
0.56266 0.260579 0.152241 0.0245198
0.0691244 0.802025 9.9991E-05 0.128751
9.9991E-05 0.802044 0.11321 0.0846462
0.128577 0.662349 0.106235 0.10284
0.653346 0.157214 0.157662 0.0317776
0.504228 0.324227 0.0796872 0.0918578
0.62366 0.243415 0.0915899 0.0413357
0.649863 0.143379 0.106462 0.100296
0.459539 0.119918 0.242178 0.178364
0.572848 0.0577381 0.231927 0.137487
0.226754 0.21472 0.441451 0.117076
0.62929 0.134201 0.193793 0.0427154
0.521874 0.135844 0.2722 0.0700812
9.9991E-05 0.343299 0.407222 0.249379
0.318523 0.151916 0.309024 0.220538
0.35289 0.0901222 0.419656 0.137332
0.476428 0.121682 0.336186 0.0657033
0.54272 0.128916 0.1622 0.166164
0.525269 0.104806 0.216554 0.15337
0.670902 0.054387 0.192598 0.0821122
0.391078 0.212288 0.1659 0.230734
0.245483 0.108285 0.508607 0.137625
