0.899419 9.9982E-05 9.9982E-05 0.100381
0.938923 9.9982E-05 9.9982E-05 0.0608767
0.848445 0.00619241 0.0360917 0.109271
0.788675 9.9991E-05 0.0892793 0.121946
0.871024 9.9991E-05 0.0266593 0.102217
0.644295 0.148746 0.085471 0.121488
0.832705 0.10176 0.00756803 0.0579671
0.751832 0.112169 0.0719018 0.0640965
0.907487 0.0047262 0.0876863 9.9991E-05
0.766482 0.123934 0.0147256 0.0948589
0.756982 0.0886514 0.0536562 0.100711
0.135103 0.101937 0.708948 0.0540118
0.0355485 0.0272794 0.61868 0.318492
0.0836291 0.0666584 0.714043 0.135669
0.11208 0.0300671 0.65333 0.204523
0.100679 0.0284385 0.565262 0.30562
0.0174778 0.066786 0.571668 0.344068
0.0279875 0.0817275 0.628355 0.26193
0.170864 0.0881487 0.596143 0.144845
0.167257 0.133829 0.698814 9.9991E-05
0.0450747 0.145303 0.591553 0.218069
0.0151742 0.300735 0.423726 0.260364
0.00582681 0.13997 0.544571 0.309632
0.137254 0.122755 0.633719 0.106273
0.00513778 0.0905749 0.457972 0.446315
0.0119717 0.0707975 0.613289 0.303942
0.107912 0.104429 0.720928 0.0667315
0.109424 0.0632253 0.693051 0.1343
0.118137 0.170365 0.706389 0.00510935
0.844347 9.9982E-05 9.9982E-05 0.155453
0.836192 9.9991E-05 0.0187707 0.144937
0.782191 9.9991E-05 0.00847226 0.209237
0.730903 9.9991E-05 0.0400657 0.228931
0.0200541 0.234296 0.465949 0.279702
9.9991E-05 0.181366 0.459941 0.358593
9.9991E-05 0.245587 0.46685 0.287463
0.150184 0.0510422 0.798673 9.9991E-05
9.9991E-05 0.541149 0.340395 0.118355
0.0184616 0.138489 0.516425 0.326625
9.9991E-05 0.168318 0.457649 0.373932
0.0725529 0.199523 0.431708 0.296217
0.00970305 0.127689 0.499473 0.363135
0.0533395 0.301674 0.644886 9.9991E-05
0.0266569 0.235692 0.341094 0.396557
9.9991E-05 0.144603 0.513032 0.342265
0.0307113 0.175285 0.424419 0.369585
9.9991E-05 0.470174 0.378859 0.150867
0.00394221 0.122357 0.513655 0.360046
0.0692755 0.171625 0.412787 0.346312
0.103019 0.836176 0.0607047 9.9991E-05
0.0757543 0.154145 0.77 9.9991E-05
0.0895511 0.500652 0.334176 0.0756215
0.0305979 0.145933 0.455616 0.367854
0.0230783 0.120251 0.472182 0.384489
0.040958 0.179963 0.39927 0.37981
0.213307 0.121383 0.636041 0.0292694
9.9991E-05 0.0403651 0.698043 0.261492
0.0252525 0.0954455 0.53127 0.348032
0.12261 0.146033 0.50445 0.226907
0.270928 0.162243 0.56673 9.9991E-05
0.0325768 0.109426 0.543375 0.314623
0.0454195 0.139776 0.559667 0.255137
0.183578 0.178507 0.637815 9.9991E-05
0.00771809 0.123966 0.692607 0.175709
9.9991E-05 0.222507 0.442638 0.334755
0.0183555 0.103896 0.54814 0.329609
0.122434 0.158502 0.601632 0.117433
0.00248739 0.171416 0.527012 0.299084
0.00687163 0.121138 0.537397 0.334594
0.116244 0.186333 0.654867 0.0425555
9.9991E-05 0.178015 0.588519 0.233367
9.9991E-05 0.305607 0.609992 0.0843008
0.032332 0.135408 0.519167 0.313093
9.9982E-05 0.746065 0.253735 9.9982E-05
9.9982E-05 0.739516 0.260284 9.9982E-05
9.9991E-05 0.541088 0.35663 0.102182
9.9991E-05 0.178499 0.610154 0.211248
0.0429049 0.120783 0.466199 0.370113
9.9991E-05 0.330295 0.423594 0.246011
0.0462599 0.25666 0.690122 0.00695803
0.00380109 0.229211 0.693154 0.0738339
0.0145002 0.183155 0.453305 0.34904
9.9991E-05 0.233222 0.595567 0.171111
9.9991E-05 0.224092 0.587192 0.188616
9.9991E-05 0.369803 0.403517 0.22658
0.0544412 0.834865 0.110594 9.9991E-05
9.9991E-05 0.221193 0.442917 0.33579
0.822057 9.9991E-05 0.0846646 0.093178
0.874254 9.9982E-05 9.9982E-05 0.125546
0.809313 9.9991E-05 0.0149071 0.17568
0.893208 9.9982E-05 9.9982E-05 0.106592
0.911156 9.9982E-05 9.9982E-05 0.0886437
0.835102 9.9982E-05 9.9982E-05 0.164698
0.880807 9.9982E-05 9.9982E-05 0.118994
9.9991E-05 0.136264 0.492772 0.370864
0.0514399 0.0899143 0.492953 0.365693
0.0619067 0.371477 0.566516 9.9991E-05
9.9991E-05 0.143593 0.488737 0.36757
9.9991E-05 0.252904 0.598588 0.148409
9.9991E-05 0.168236 0.54306 0.288604
9.9991E-05 0.266197 0.430963 0.30274
9.9991E-05 0.278176 0.412509 0.309216
0.0718419 0.289294 0.638764 9.9991E-05
0.065355 0.0990353 0.497966 0.337643
9.9991E-05 0.102093 0.492439 0.405368
0.0381176 0.129492 0.493614 0.338777
0.00252175 0.536622 0.337005 0.123851
9.9991E-05 0.362229 0.397935 0.239735
9.9991E-05 0.16786 0.625698 0.206341
9.9991E-05 0.422207 0.396034 0.181659
9.9991E-05 0.17409 0.643917 0.181893
0.0423135 0.185801 0.450802 0.321084
0.0601288 0.266204 0.530575 0.143093
0.105783 0.0995069 0.63514 0.15957
0.080957 0.136219 0.453059 0.329765
0.0286021 0.11473 0.500108 0.35656
0.0648387 0.0296073 0.674555 0.230999
0.000502242 0.0650499 0.59505 0.339398
0.0816452 0.00345347 0.730914 0.183987
0.0498058 0.174436 0.463898 0.31186
0.0222768 0.117197 0.494475 0.366051
0.0467245 0.101667 0.588194 0.263414
9.9991E-05 0.0770035 0.659501 0.263396
0.00326473 0.189766 0.389679 0.41729
0.0248692 0.136385 0.460451 0.378294
9.9991E-05 0.142994 0.504113 0.352793
9.9991E-05 0.166469 0.478484 0.354947
9.9991E-05 0.179001 0.464979 0.355919
0.124582 0.266223 0.403538 0.205657
9.9991E-05 0.143582 0.489199 0.367119
9.9991E-05 0.138373 0.469657 0.391871
0.123666 0.0947833 0.755904 0.0256465
0.0970453 0.482783 0.379248 0.0409239
9.9991E-05 0.12937 0.58849 0.28204
0.0328803 0.593578 0.373441 9.9991E-05
0.0658049 0.0589402 0.784359 0.0908964
9.9991E-05 0.0509702 0.791154 0.157776
0.0684729 0.0571316 0.77051 0.103886
0.0469078 0.116302 0.749999 0.0867904
0.0139541 0.0723455 0.589348 0.324353
0.0295974 0.124825 0.490127 0.35545
9.9991E-05 0.0812545 0.588691 0.329955
0.0713896 0.429165 0.45296 0.0464849
0.120315 0.137226 0.412224 0.330234
0.0311281 0.354559 0.30382 0.310492
0.227331 0.772469 9.9982E-05 9.9982E-05
0.00604828 0.218611 0.358209 0.417132
0.107505 0.519521 0.217155 0.155819
0.0847384 0.220068 0.34452 0.350674
0.15034 0.532393 0.243293 0.0739745
0.18258 0.652054 0.165266 9.9991E-05
0.0445788 0.40355 0.321349 0.230522
0.0660107 0.241953 0.332447 0.359589
0.141223 0.243035 0.347869 0.267873
0.145309 0.633964 0.147795 0.0729328
0.0533254 0.184502 0.388544 0.373629
9.9991E-05 0.594531 0.311951 0.0934174
9.9991E-05 0.416241 0.375943 0.207716
0.0473424 0.18667 0.386172 0.379816
0.416746 0.217339 0.0441886 0.321727
0.62531 0.287482 9.9991E-05 0.0871081
0.610607 0.337909 9.9991E-05 0.0513842
0.403779 0.29466 9.9991E-05 0.301461
9.9991E-05 0.370242 0.342693 0.286965
0.00533841 0.225585 0.393943 0.375134
9.9982E-05 9.9982E-05 0.125591 0.874209
0.0336877 0.0438453 0.270474 0.651993
0.106821 0.0504065 0.261982 0.58079
0.048219 0.642929 0.185594 0.123258
0.0604417 0.223879 0.397139 0.318541
0.0358872 0.6797 0.220211 0.0642014
9.9991E-05 0.356454 0.330133 0.313313
0.0186095 0.386424 0.337454 0.257512
9.9991E-05 0.414642 0.264316 0.320943
0.070716 0.805617 0.0677824 0.0558845
9.9991E-05 0.289637 0.339326 0.370938
0.00669447 0.262863 0.357692 0.372751
0.0913819 9.9982E-05 9.9982E-05 0.908418
0.0841217 9.9982E-05 9.9982E-05 0.915678
0.0995564 0.0617521 0.148863 0.689828
0.0082559 9.9991E-05 0.168222 0.823422
0.102032 9.9991E-05 0.00721794 0.89065
0.086964 9.9982E-05 9.9982E-05 0.912836
0.092756 9.9982E-05 9.9982E-05 0.907044
0.0244054 9.9991E-05 0.0180448 0.95745
0.108316 9.9982E-05 9.9982E-05 0.891484
0.0617503 9.9982E-05 9.9982E-05 0.93805
0.0737103 9.9982E-05 9.9982E-05 0.92609
0.0918765 9.9991E-05 0.0113891 0.896634
0.125225 0.00536476 0.0148728 0.854537
0.0732364 9.9982E-05 9.9982E-05 0.926564
0.113631 0.0975882 0.253109 0.535673
0.102377 9.9991E-05 0.125118 0.772404
0.0997214 9.9982E-05 9.9982E-05 0.900079
0.0899686 9.9982E-05 9.9982E-05 0.909831
0.0481088 9.9982E-05 9.9982E-05 0.951691
0.0805762 9.9982E-05 9.9982E-05 0.919224
0.0827206 9.9982E-05 9.9982E-05 0.917079
0.0824154 0.0619563 0.0993829 0.756245
0.102964 9.9982E-05 9.9982E-05 0.896836
0.397529 0.602271 9.9982E-05 9.9982E-05
0.215994 0.266998 0.211142 0.305866
0.124586 0.32225 0.230633 0.322531
0.252808 0.512926 0.0278515 0.206415
0.0951827 0.210118 0.322391 0.372309
0.332719 0.520869 9.9991E-05 0.146312
0.156129 0.220396 0.297555 0.32592
0.205793 0.372556 0.141744 0.279907
0.146543 0.238184 0.20583 0.409443
0.197737 0.334936 0.133259 0.334068
0.161765 0.254449 0.232089 0.351697
0.89276 0.00155024 0.0213304 0.0843597
0.868106 9.9982E-05 9.9982E-05 0.131694
0.92881 9.9991E-05 0.00721099 0.0638788
0.962158 9.9982E-05 9.9982E-05 0.0376419
0.898879 9.9991E-05 0.0061982 0.0948229
0.933027 9.9982E-05 9.9982E-05 0.0667728
0.880268 9.9991E-05 0.00232572 0.117307
0.938319 9.9991E-05 0.00813396 0.0534469
0.871568 9.99916E-05 0.0226397 0.105692
0.905034 0.00854386 0.0075032 0.0789189
0.67423 0.083308 0.242362 9.9991E-05
0.706213 0.0602021 0.233485 9.9991E-05
0.637949 0.0907404 0.27121 9.9991E-05
0.564513 0.0957127 0.339674 9.9991E-05
0.0197961 0.137065 0.614618 0.228521
9.9991E-05 0.158385 0.546747 0.294769
9.9991E-05 0.0482087 0.690843 0.260849
0.033815 0.163056 0.675544 0.127585
0.0931246 0.132642 0.754814 0.0194202
9.9991E-05 0.132058 0.507494 0.360348
9.9991E-05 0.129108 0.569091 0.301701
9.9991E-05 0.318273 0.425021 0.256606
9.9991E-05 0.451056 0.357657 0.191186
9.9991E-05 0.199084 0.454153 0.346663
9.9991E-05 0.239716 0.565692 0.194491
9.9982E-05 0.75427 0.24553 9.9982E-05
0.0208199 0.112897 0.545461 0.320822
9.9991E-05 0.679131 0.265049 0.0557206
9.9991E-05 0.268979 0.464952 0.265969
0.0172647 0.310832 0.671803 9.9991E-05
0.316353 0.0209279 0.662619 9.9991E-05
0.265771 0.0474722 0.686657 9.9991E-05
0.269001 0.0478838 0.683015 9.9991E-05
0.284437 0.037551 0.677912 9.9991E-05
0.214231 0.0209895 0.76468 9.9991E-05
0.228317 0.0564456 0.715137 9.9991E-05
0.858404 9.9991E-05 0.0159549 0.125542
0.788747 9.9991E-05 0.0874349 0.123718
0.744478 9.9991E-05 0.0641843 0.191238
0.822732 9.9991E-05 0.0274381 0.14973
0.752422 9.9991E-05 0.0635851 0.183893
0.526592 0.0125927 0.460715 9.9991E-05
0.56327 0.0226938 0.413936 9.9991E-05
0.550472 9.9982E-05 0.449328 9.9982E-05
0.817405 9.9991E-05 0.0516445 0.130851
0.510428 0.0559754 0.433497 9.9991E-05
0.267567 0.205274 0.0420393 0.48512
0.0852149 0.0478899 0.347973 0.518922
0.137992 0.0234969 0.232302 0.606208
0.299165 0.16672 0.10193 0.432184
0.111195 0.118928 0.348929 0.420948
0.522423 0.204684 9.9991E-05 0.272793
0.0307725 0.0739728 0.719567 0.175687
9.9991E-05 0.320822 0.451904 0.227174
0.0780425 0.106195 0.773293 0.0424692
9.9991E-05 0.285605 0.468964 0.245332
0.0641825 0.743802 0.191915 9.9991E-05
0.049619 0.155008 0.444359 0.351014
9.9991E-05 0.227789 0.486468 0.285643
0.0936782 0.111212 0.726456 0.0686533
0.0559427 0.186369 0.456095 0.301593
0.0436178 0.582502 0.37378 9.9991E-05
9.9991E-05 0.17964 0.509085 0.311176
0.000113393 0.104094 0.656139 0.239654
0.0866276 0.277769 0.256386 0.379218
0.0166824 0.398846 0.44356 0.140911
9.9991E-05 0.328284 0.451939 0.219676
9.9991E-05 0.232071 0.465797 0.302032
9.9991E-05 0.243595 0.474866 0.281439
9.9991E-05 0.236616 0.363244 0.400039
0.0550606 0.109285 0.477973 0.357681
0.0121979 0.0980075 0.591775 0.29802
0.812873 9.9982E-05 9.9982E-05 0.186927
0.84812 9.9991E-05 0.0229785 0.128801
0.867499 0.00414296 0.0360769 0.0922809
0.883283 9.9982E-05 9.9982E-05 0.116517
0.852169 9.9991E-05 0.0439548 0.103776
0.158122 0.139092 0.702685 9.9991E-05
9.9991E-05 0.185 0.492598 0.322302
0.179237 0.13389 0.223658 0.463216
9.9991E-05 0.0460936 0.594716 0.35909
0.0149452 0.046297 0.691226 0.247532
0.071338 0.388497 0.455759 0.0844064
0.196875 0.0554066 0.747618 9.9991E-05
0.055094 0.00150802 0.70964 0.233758
0.154464 0.0445491 0.748985 0.0520024
0.0142545 0.252795 0.466961 0.265989
0.190093 0.0928605 0.716947 9.9991E-05
0.0238245 0.0295625 0.563394 0.383219
0.166983 0.134132 0.698785 9.9991E-05
0.0549037 0.307127 0.446744 0.191226
0.0420592 0.242339 0.401627 0.313975
0.0637472 0.592878 0.297172 0.0462027
0.0242558 0.384454 0.291058 0.300232
0.0712357 0.203044 0.403657 0.322064
0.0701122 0.70316 0.172221 0.0545076
0.0324828 0.27824 0.394415 0.294862
0.0139318 0.372398 0.372073 0.241597
0.0423303 0.836351 0.121218 9.9991E-05
0.090519 0.770063 0.117867 0.0215509
0.0308967 0.408109 0.356143 0.20485
0.0672456 0.830485 0.102169 9.9991E-05
0.00449831 0.463484 0.354344 0.177673
0.125045 0.0382 0.836655 9.9991E-05
0.0140892 0.369392 0.491958 0.124561
0.0755835 9.9991E-05 0.705614 0.218703
0.0149318 0.0915053 0.578965 0.314598
0.0378702 0.0854455 0.84242 0.0342645
0.0348528 0.182268 0.434499 0.34838
0.0210039 0.0642402 0.598179 0.316577
9.9991E-05 0.160153 0.545222 0.294525
9.9991E-05 0.102867 0.62376 0.273273
0.0409541 9.9991E-05 0.739462 0.219484
0.0680786 0.106872 0.732052 0.0929968
0.00824718 0.0476839 0.735547 0.208522
9.9991E-05 0.205376 0.47369 0.320834
9.9991E-05 0.157223 0.431938 0.410739
0.0857796 0.228059 0.454728 0.231433
9.9991E-05 0.1702 0.519445 0.310254
0.0542268 0.0356902 0.747901 0.162182
9.9991E-05 0.0433334 0.618554 0.338013
0.0460288 0.0985084 0.579058 0.276405
0.0634589 0.102938 0.498045 0.335558
0.294714 0.0263898 0.267217 0.411679
0.0978965 0.107218 0.318261 0.476625
0.142777 0.193069 0.263267 0.400887
0.0889827 0.159119 0.298539 0.453359
0.145746 0.14624 0.218414 0.4896
9.9991E-05 0.293776 0.482332 0.223792
0.125721 0.180149 0.264119 0.430011
0.319464 0.513907 0.00528296 0.161346
0.0515379 0.144185 0.365526 0.438752
0.109009 0.128779 0.297522 0.46469
0.062301 0.114464 0.351788 0.471447
0.221632 0.376032 0.140214 0.262123
0.158683 0.0456357 0.323007 0.472674
0.0736977 0.19568 0.25916 0.471462
0.597096 0.344828 9.9991E-05 0.0579765
0.152082 0.089995 0.317278 0.440645
0.0985436 0.134004 0.222498 0.544954
0.0374594 0.183583 0.345515 0.433442
0.116017 0.16097 0.184039 0.538974
0.15265 0.125232 0.304372 0.417746
0.00625278 0.480077 0.245097 0.268573
0.00707731 0.275715 0.398123 0.319085
0.0199221 0.920351 0.0596267 9.9991E-05
0.0573048 0.872464 0.0701315 9.9991E-05
0.0231138 0.324829 0.304044 0.348013
0.172478 0.193332 0.101902 0.532289
0.173024 0.275529 0.0439156 0.507531
0.196191 0.364194 9.9991E-05 0.439515
0.143236 0.292477 0.0629238 0.501364
0.160628 0.73561 9.9991E-05 0.103662
0.149561 0.714194 9.9991E-05 0.136145
9.9991E-05 0.396748 0.238447 0.364705
0.0362971 0.464227 0.140993 0.358483
0.0780094 0.656184 0.0979712 0.167836
0.0167085 0.292478 0.342187 0.348626
9.9991E-05 0.306079 0.292521 0.401301
0.0434049 0.244382 0.341443 0.37077
9.9991E-05 0.629663 0.204885 0.165351
9.9991E-05 0.515642 0.290337 0.193921
9.9991E-05 0.383935 0.3265 0.289465
9.9991E-05 0.350795 0.38601 0.263096
0.042238 0.272796 0.339598 0.345367
9.9991E-05 0.538053 0.230397 0.23145
0.0149568 0.788545 0.125939 0.0705589
9.9991E-05 0.33468 0.291365 0.373855
9.9991E-05 0.751279 0.203989 0.0446322
9.9991E-05 0.498242 0.262666 0.238992
0.0398929 0.349901 0.323015 0.287191
0.00761908 0.334505 0.338982 0.318894
0.120935 0.134797 0.283158 0.46111
0.145906 0.275152 0.20895 0.369992
0.213909 0.249925 0.0745783 0.461588
0.205207 0.22239 0.137277 0.435126
0.126657 0.12406 0.329193 0.42009
0.126032 0.277746 0.23839 0.357833
0.233919 0.690329 9.9991E-05 0.0756527
0.0665967 0.160606 0.231088 0.541709
0.445376 0.518895 9.9991E-05 0.0356293
0.00624759 0.327038 0.189427 0.477287
0.0017473 0.948991 0.0395445 0.00971701
0.024731 0.951055 0.0241143 9.9991E-05
9.9991E-05 0.49616 0.24623 0.257509
9.9991E-05 0.374794 0.263741 0.361365
9.9991E-05 0.563223 0.222569 0.214108
9.9991E-05 0.398371 0.307533 0.293996
9.9991E-05 0.440029 0.281826 0.278046
0.867023 9.9991E-05 0.0612383 0.0716388
0.779069 0.0366555 0.0550743 0.129201
0.926267 9.9982E-05 9.9982E-05 0.0735329
0.932955 9.9982E-05 9.9982E-05 0.0668453
9.9991E-05 0.244865 0.420679 0.334356
9.9991E-05 0.162656 0.555223 0.282021
9.9991E-05 0.163114 0.586874 0.249912
0.00931421 0.117058 0.540873 0.332754
0.0338015 0.127465 0.48869 0.350043
0.0341158 0.273679 0.589964 0.102241
9.9991E-05 0.162791 0.521476 0.315633
9.9991E-05 0.550283 0.358627 0.0909898
0.285001 0.0428928 0.254523 0.417583
9.9991E-05 0.449006 0.320118 0.230776
9.9991E-05 0.239348 0.616815 0.143738
9.9991E-05 0.315068 0.409442 0.27539
9.9991E-05 0.196978 0.590898 0.212024
9.9991E-05 0.323021 0.390082 0.286796
9.9991E-05 0.196239 0.507913 0.295748
9.9982E-05 0.764198 0.235602 9.9982E-05
9.9991E-05 0.549584 0.311442 0.138874
9.9991E-05 0.456938 0.346345 0.196616
9.9982E-05 0.891053 0.108747 9.9982E-05
0.0190219 0.229216 0.568205 0.183557
9.9982E-05 0.752356 0.247444 9.9982E-05
9.9982E-05 0.852977 0.146823 9.9982E-05
9.9991E-05 0.272269 0.407477 0.320154
0.0147556 0.297153 0.635279 0.0528126
9.9991E-05 0.230319 0.565443 0.204138
0.0200532 0.146999 0.489687 0.34326
9.9991E-05 0.13742 0.618884 0.243596
9.9991E-05 0.308757 0.512565 0.178578
9.9991E-05 0.169124 0.507185 0.323591
9.9991E-05 0.168588 0.598149 0.233164
9.9991E-05 0.480651 0.407954 0.111294
0.0591336 0.124148 0.526956 0.289762
0.753743 0.0280105 0.218147 9.9991E-05
0.808185 0.00656473 0.18515 9.9991E-05
0.9066 9.9982E-05 0.0931999 9.9982E-05
0.879294 0.0330791 0.0875273 9.9991E-05
0.777642 0.0573027 0.14998 0.0150757
0.0471947 0.292039 0.619729 0.0410381
0.0539954 0.329176 0.616729 9.9991E-05
9.9991E-05 0.626664 0.290934 0.0823029
0.0282755 0.180335 0.427894 0.363496
0.0198434 0.160181 0.464799 0.355176
9.9991E-05 0.508471 0.339443 0.151986
9.9991E-05 0.187641 0.439276 0.372983
9.9991E-05 0.382825 0.36714 0.249936
9.9991E-05 0.215696 0.518187 0.266017
9.9991E-05 0.143544 0.476653 0.379703
9.9991E-05 0.269115 0.649889 0.0808959
9.9991E-05 0.23969 0.660141 0.100069
0.00845043 0.239325 0.654978 0.0972462
0.053858 0.192391 0.392899 0.360852
9.9991E-05 0.247895 0.615092 0.136913
0.00683864 0.17637 0.601446 0.215345
0.115788 0.103446 0.192108 0.588658
0.130486 0.104925 0.0993578 0.665231
0.101732 0.0763052 0.170311 0.651652
0.186153 0.0917555 0.0500724 0.672019
0.0892371 0.123827 0.215014 0.571922
0.0376774 0.389018 0.263527 0.309777
0.309688 0.0421683 9.9991E-05 0.648043
0.171473 0.0329354 0.112404 0.683187
0.167152 0.323438 0.122254 0.387156
0.104612 0.220268 0.375782 0.299338
0.13686 0.232933 0.356705 0.273503
0.0857843 0.15775 0.423125 0.333341
0.0821179 0.145535 0.384822 0.387524
0.190987 0.0198148 0.110533 0.678665
0.125537 0.040333 0.208329 0.625801
0.0594645 0.0396698 0.129912 0.770954
0.122861 0.0649534 0.233619 0.578567
0.189433 0.106551 0.0664626 0.637553
0.0967602 0.0257627 0.314656 0.562821
0.188793 0.0684383 0.0501086 0.69266
0.101411 0.106367 0.194018 0.598204
0.0658259 0.387533 0.262426 0.284215
0.13001 0.138398 0.168611 0.562981
0.267095 0.0481938 9.9991E-05 0.684612
0.14061 0.0606121 0.225417 0.573361
0.209343 0.315073 0.381713 0.0938713
9.9991E-05 0.337543 0.280758 0.381599
0.156359 0.0636655 0.218312 0.561663
0.123391 0.240063 0.359236 0.27731
0.158821 0.249961 0.333582 0.257637
0.208249 0.221982 0.161074 0.408695
0.231304 0.193162 0.101134 0.4744
0.0297406 0.196017 0.387311 0.386932
0.136271 0.0896958 0.252605 0.521428
0.0836241 0.0107642 0.207305 0.698306
0.250174 0.0486827 9.9991E-05 0.701043
0.0562182 0.0893915 0.45511 0.39928
0.131836 0.324716 0.350563 0.192884
0.176718 0.767049 9.9991E-05 0.0561321
0.0974754 0.154707 0.372787 0.37503
0.101405 0.307965 0.38313 0.2075
0.162729 0.214195 0.204765 0.418311
0.0942827 0.229966 0.274076 0.401676
0.47014 0.44716 9.9991E-05 0.0826005
0.444799 0.538566 9.9991E-05 0.0165346
0.212319 0.470664 0.0879676 0.22905
0.422455 0.409828 9.9991E-05 0.167617
0.552394 0.290112 9.9991E-05 0.157394
0.209632 0.426074 0.074151 0.290143
0.19847 0.230091 0.187945 0.383495
0.369897 0.400678 9.9991E-05 0.229325
0.336943 0.513595 9.9991E-05 0.149361
0.150457 0.202057 0.253002 0.394483
0.294345 0.50723 9.9991E-05 0.198326
0.479813 0.519987 9.9982E-05 9.9982E-05
0.0767503 0.181671 0.338798 0.402781
0.211852 0.280874 0.141018 0.366255
0.275991 0.0722121 0.23999 0.411806
0.103738 9.9991E-05 0.297006 0.599156
0.129901 0.0802895 0.292218 0.497591
0.114323 0.115481 0.235429 0.534768
0.357013 0.0115535 0.2256 0.405834
0.16234 0.0652849 0.294134 0.47824
0.191328 0.0151174 0.297526 0.496029
0.273314 0.273585 0.0661264 0.386974
0.1869 0.176477 0.352466 0.284157
0.134477 0.139473 0.340933 0.385117
0.121126 0.100289 0.320265 0.45832
0.0579225 0.099152 0.373029 0.469897
0.240236 0.0747157 0.215704 0.469344
0.160147 0.0793514 0.281647 0.478855
0.434076 0.23945 9.9991E-05 0.326374
0.130358 0.125154 0.279598 0.46489
0.333889 0.239872 9.9991E-05 0.426139
0.858756 9.9991E-05 0.126244 0.0148999
0.183753 9.9982E-05 0.816047 9.9982E-05
0.204843 9.9982E-05 0.794957 9.9982E-05
0.181778 9.9982E-05 0.818022 9.9982E-05
0.141742 9.9982E-05 0.858058 9.9982E-05
0.170294 9.9982E-05 0.829506 9.9982E-05
0.148907 9.9982E-05 0.850893 9.9982E-05
0.186045 9.9982E-05 0.813755 9.9982E-05
0.313896 9.9982E-05 0.685904 9.9982E-05
0.894097 9.9991E-05 0.0573654 0.0484375
0.804051 9.9991E-05 0.119094 0.0767557
0.873641 0.00844322 0.0234232 0.0944928
0.85154 9.9991E-05 0.0932071 0.0551527
0.879351 9.9991E-05 0.048011 0.0725384
0.877693 9.9991E-05 0.0212856 0.100922
0.725401 9.9991E-05 0.076459 0.19804
0.857254 9.9982E-05 9.9982E-05 0.142546
0.702769 0.0399243 0.0875583 0.169749
0.870239 9.9982E-05 9.9982E-05 0.129561
0.951299 9.9982E-05 9.9982E-05 0.0485005
0.852831 9.9991E-05 0.0368722 0.110197
0.95164 9.9982E-05 9.9982E-05 0.0481599
0.913021 9.9982E-05 9.9982E-05 0.086779
0.848069 9.9991E-05 0.00505185 0.14678
0.880215 9.9982E-05 9.9982E-05 0.119585
0.818178 9.9982E-05 9.9982E-05 0.181622
0.805014 9.9982E-05 9.9982E-05 0.194787
0.784809 9.9982E-05 9.9982E-05 0.214991
0.137214 0.321782 0.366483 0.174521
0.00393964 0.158388 0.48742 0.350252
0.0505678 0.166629 0.391958 0.390844
0.181986 0.816884 9.9991E-05 0.00102924
0.0847296 0.274283 0.39643 0.244558
0.212975 0.786825 9.9982E-05 9.9982E-05
0.00457869 0.306276 0.262678 0.426467
0.144691 0.247738 0.437509 0.170062
0.126139 0.242176 0.395993 0.235692
0.00592448 0.193661 0.539668 0.260746
0.133397 0.246011 0.43083 0.189762
9.9991E-05 0.236267 0.349612 0.414021
0.0741487 0.235256 0.425083 0.265512
0.0893831 0.444641 0.465876 9.9991E-05
0.183184 0.816616 9.9982E-05 9.9982E-05
0.184557 0.761358 9.9991E-05 0.053985
0.0561347 0.233749 0.351009 0.359107
0.0510022 0.442679 0.226289 0.280029
0.0510888 0.393247 0.224312 0.331352
0.0236414 0.198765 0.36478 0.412814
0.197968 0.0945461 0.27214 0.435346
0.156193 0.0646128 0.329307 0.449887
0.425709 0.101907 0.249388 0.222997
0.124909 0.0390446 0.484555 0.351491
0.184671 0.104378 0.3889 0.322051
0.488371 0.393283 9.9991E-05 0.118246
0.283203 0.250897 0.0603098 0.40559
0.347048 0.0653815 0.261397 0.326174
0.299715 0.0264633 0.335145 0.338676
0.100283 0.0983503 0.370779 0.430588
0.12451 0.101353 0.362535 0.411602
0.0865337 0.0748868 0.385449 0.453131
0.153723 0.248276 0.165584 0.432417
0.480133 0.0769863 0.161155 0.281726
