0.0138269 9.9973E-05 0.0280743 0.0406723 0.917126 9.9973E-05 9.9973E-05
9.9955E-05 9.9955E-05 9.9955E-05 9.9955E-05 0.985811 0.0136892 9.9955E-05
9.9982E-05 0.0518664 0.0398369 0.00463152 0.866305 0.0371603 9.9982E-05
0.0312756 0.0212833 0.134832 9.9973E-05 0.812309 9.9973E-05 9.9973E-05
9.9955E-05 9.9955E-05 0.0844177 9.9955E-05 0.915083 9.9955E-05 9.9955E-05
0.0458807 0.118172 0.0601334 0.0474548 0.638721 0.0435828 0.0460551
0.0613214 0.159088 0.00417793 9.9982E-05 0.772277 9.9982E-05 0.00293568
0.108874 0.116393 0.000411685 0.0351181 0.687211 9.9991E-05 0.0518927
0.154481 0.0302709 9.99639E-05 9.99639E-05 0.814848 9.99639E-05 9.99639E-05
0.0834895 0.125389 0.0445519 0.00326038 0.728436 9.9991E-05 0.0147728
0.0418685 0.144211 0.0771612 9.9982E-05 0.719756 9.9982E-05 0.0168034
0.509162 0.115764 0.240938 0.015533 0.00972849 0.108775 9.9991E-05
0.256377 0.0372115 0.587879 0.00585033 0.0472656 0.0653169 9.9991E-05
0.484463 0.0919859 0.276779 0.0695233 0.00165296 0.0754958 9.9991E-05
0.441732 0.0401373 0.329218 0.0943568 0.0325733 0.0283505 0.033632
0.299075 0.050205 0.432089 0.128909 0.0679494 0.0160803 0.00569236
0.223397 0.0919649 0.569263 0.0612837 0.0112553 0.0427364 9.9991E-05
0.302278 0.0666427 0.48614 0.0400171 0.0131626 0.0871333 0.00462617
0.414557 0.117044 0.287254 0.0642099 0.0849919 0.0318424 9.9991E-05
0.71723 0.132489 0.0572443 9.9973E-05 9.9973E-05 0.0927376 9.9973E-05
0.323445 0.108759 0.477526 0.00603236 9.9991E-05 0.0833345 0.000802752
0.194157 0.183893 0.461434 0.0235013 9.9991E-05 0.0519636 0.0849505
0.223839 0.00665691 0.531222 0.0358413 0.049344 0.152996 9.9991E-05
0.488434 0.124262 0.245931 0.0749511 0.00291132 0.0590622 0.00444871
0.162092 0.0687538 0.604747 0.0707667 0.0335575 9.9991E-05 0.0599835
0.276045 0.10582 0.574436 9.9982E-05 0.00536676 0.0381316 9.9982E-05
0.509977 0.0724506 0.272469 9.9991E-05 0.0308432 0.101544 0.0126157
0.454521 0.0805823 0.314436 0.0780325 0.000731487 0.0715971 9.9991E-05
0.471336 0.155993 0.270339 9.9973E-05 9.9973E-05 0.102031 9.9973E-05
9.9964E-05 9.9964E-05 0.0993761 0.00175223 0.898472 9.9964E-05 9.9964E-05
9.9955E-05 9.9955E-05 0.12509 9.9955E-05 0.87441 9.9955E-05 9.9955E-05
0.00715315 9.9982E-05 0.0879695 0.091864 0.809686 0.0031274 9.9982E-05
9.9982E-05 0.00440007 0.164696 0.0778459 0.752729 0.000128505 9.9982E-05
0.0685685 0.104353 0.49784 9.9991E-05 0.0830697 0.198011 0.0480584
0.0990855 9.9982E-05 0.459581 0.0675225 0.0930549 0.280557 9.9982E-05
9.9982E-05 9.9982E-05 0.521781 0.0273217 0.0294098 0.396521 0.0247672
0.663302 9.9991E-05 0.177778 0.0074571 0.0307199 0.07786 0.0427832
9.9982E-05 0.0772127 0.235042 0.0267374 9.9982E-05 0.563902 0.0969052
0.139605 9.9991E-05 0.491875 0.0716004 0.066351 0.185375 0.0450932
9.9982E-05 0.0145267 0.683351 9.9982E-05 0.0664913 0.207516 0.027915
0.0607567 0.237542 0.53483 9.9982E-05 0.0580128 0.108658 9.9982E-05
0.124864 0.104416 0.590677 0.00251346 0.0747615 0.102669 9.9991E-05
0.16088 9.9973E-05 0.153888 9.9973E-05 0.0349159 0.650016 9.9973E-05
0.0468322 0.260151 0.636935 9.9982E-05 0.0331753 9.9982E-05 0.0227061
0.0847397 0.023631 0.618006 9.9991E-05 0.0792141 0.156846 0.0374625
0.0180775 0.0891972 0.594918 0.0405336 0.129726 0.127448 9.9991E-05
9.9973E-05 0.00426276 0.338 9.9973E-05 9.9973E-05 0.561984 0.0954537
0.00483911 9.9982E-05 0.587929 0.00620331 0.0975275 0.303301 9.9982E-05
0.0368823 0.0759595 0.613077 9.9991E-05 0.115631 0.111085 0.0472651
9.9964E-05 0.265898 9.9964E-05 9.9964E-05 9.9964E-05 0.683881 0.0498217
0.5905 0.0896727 0.171245 9.9982E-05 9.9982E-05 0.110075 0.0383077
0.299779 0.212507 0.149508 0.0370261 9.9991E-05 0.140136 0.160943
0.104398 0.0304362 0.559949 0.0636299 0.102515 0.0695375 0.0695341
0.0792683 0.0963273 0.614329 0.0763658 0.058085 0.0755242 9.9991E-05
0.0815048 0.0833067 0.607432 0.032975 0.0545087 0.0272284 0.113045
0.497289 0.0795122 0.240284 9.9982E-05 0.106763 0.0759517 9.9982E-05
0.330699 0.0261291 0.584988 9.9991E-05 0.00808695 0.0195091 0.0304883
0.172156 0.0380412 0.586112 0.0343588 0.075345 0.0864674 0.00751928
0.254002 0.0813368 0.391738 0.0215014 0.104751 0.0707006 0.0759706
0.495423 0.108845 0.159199 0.0113102 0.140284 0.0848391 9.9991E-05
0.202312 0.0458529 0.518695 0.0158219 0.0889072 0.0717841 0.0566261
0.267895 0.085485 0.479055 0.0253968 0.0455585 0.0639155 0.0326943
0.594733 0.141588 0.0921019 9.9982E-05 0.0428418 0.128536 9.9982E-05
0.403427 0.00760051 0.450018 9.9982E-05 9.9982E-05 0.082364 0.0563907
0.088847 0.0705667 0.560994 0.0345355 0.0229927 0.0753221 0.146743
0.154437 0.0727491 0.643672 9.9991E-05 0.079291 0.0285225 0.0212281
0.44605 0.0584908 0.29202 0.0455581 0.0354794 0.122301 9.9991E-05
0.280978 0.0328461 0.514703 0.0355222 0.00582113 0.0589594 0.0711706
0.182982 0.00346478 0.514232 0.0555042 0.0522295 0.0928108 0.0987763
0.48635 0.077793 0.261559 9.9991E-05 0.0388219 0.0970027 0.0383734
0.0254952 9.9964E-05 0.519523 9.9964E-05 9.9964E-05 0.454582 9.9964E-05
0.0571227 9.9982E-05 0.183072 0.0167044 0.0192898 0.723611 9.9982E-05
0.0749005 0.00297038 0.472993 0.0100423 0.160991 0.256085 0.0220184
9.9964E-05 0.0651381 9.9964E-05 9.9964E-05 9.9964E-05 0.878279 0.0561834
9.9964E-05 0.074074 9.9964E-05 9.9964E-05 9.9964E-05 0.880101 0.0454252
9.9973E-05 0.0065933 0.229217 9.9973E-05 9.9973E-05 0.698935 0.0649542
0.0768001 9.9973E-05 0.494271 9.9973E-05 0.0258533 0.402776 9.9973E-05
0.0199668 0.0356703 0.491151 0.0682061 0.155799 0.17619 0.0530159
9.9973E-05 0.0526714 0.489133 0.0059877 9.9973E-05 0.451908 9.9973E-05
0.171098 9.9973E-05 0.147316 9.9973E-05 0.062446 0.61884 9.9973E-05
0.133812 9.9973E-05 0.271781 9.9973E-05 0.0392664 0.55484 9.9973E-05
0.0671081 9.9991E-05 0.480047 0.0414871 0.114144 0.25135 0.0457632
0.0828228 9.9982E-05 0.336503 0.00517605 0.0231325 0.552166 9.9982E-05
0.0876086 9.9973E-05 0.445529 9.9973E-05 0.0246072 0.441956 9.9973E-05
9.9973E-05 0.0189091 0.457559 9.9973E-05 9.9973E-05 0.474378 0.0488543
9.9964E-05 0.180728 9.9964E-05 9.9964E-05 9.9964E-05 0.680942 0.13793
0.000564416 0.0372921 0.578387 0.0369728 0.0569692 0.275964 0.0138498
0.0706394 9.9973E-05 0.070549 0.00756323 0.850948 9.9973E-05 9.9973E-05
9.9955E-05 9.9955E-05 0.0646508 9.9955E-05 0.934849 9.9955E-05 9.9955E-05
9.9964E-05 9.9964E-05 0.09603 0.0444452 0.859125 9.9964E-05 9.9964E-05
9.9964E-05 9.9964E-05 0.0224067 0.0520278 0.925166 9.9964E-05 9.9964E-05
9.9964E-05 9.9964E-05 9.9964E-05 0.0381899 0.950194 9.9964E-05 0.0112164
9.9973E-05 9.9973E-05 0.0594935 0.0557771 0.871207 9.9973E-05 0.0132225
9.9955E-05 9.9955E-05 0.0762191 9.9955E-05 0.923281 9.9955E-05 9.9955E-05
0.106758 9.9982E-05 0.491823 0.0686909 0.108498 0.22403 9.9982E-05
0.0591594 0.0438651 0.552097 0.0522063 0.0979795 0.162491 0.0322019
0.198298 9.9982E-05 0.062867 9.9982E-05 0.0549729 0.68276 0.000901667
0.109822 9.9991E-05 0.531834 0.0142817 0.122912 0.12513 0.0959202
0.0987306 9.9973E-05 0.387023 9.9973E-05 0.0387896 0.475157 9.9973E-05
0.0225475 9.9982E-05 0.558813 0.0164449 0.0604632 0.341531 9.9982E-05
0.00406737 0.00669854 0.574121 9.9991E-05 0.0636178 0.271461 0.0799341
0.031026 9.9991E-05 0.481801 0.064332 0.0107465 0.364502 0.047493
0.28964 9.9973E-05 0.00563999 9.9973E-05 0.0415172 0.662903 9.9973E-05
0.094406 9.9991E-05 0.471099 0.0698892 0.124625 0.149125 0.0907552
0.0834515 0.0223909 0.661443 0.0263342 0.0454097 0.141801 0.01917
0.029086 0.0697293 0.545432 0.0539268 0.0987182 0.148204 0.0549037
0.0360096 0.153617 0.259962 9.9982E-05 9.9982E-05 0.453056 0.097156
9.9973E-05 9.9973E-05 0.500536 0.0119211 9.9973E-05 0.389403 0.0978396
0.130898 9.9982E-05 0.476495 0.00181888 0.0142576 0.376331 9.9982E-05
9.9973E-05 9.9973E-05 0.362042 0.00839823 9.9973E-05 0.551224 0.0780359
0.111242 9.9973E-05 0.426673 9.9973E-05 0.0582704 0.403516 9.9973E-05
0.0744245 0.0401419 0.574716 0.00896833 0.1037 0.19467 0.00337898
0.380705 0.0812906 0.291856 0.0397829 0.00850784 0.0177843 0.180074
0.394722 0.0578219 0.445771 9.9982E-05 0.0761546 0.0253304 9.9982E-05
0.170642 0.113462 0.587012 0.0196078 0.0833944 9.9991E-05 0.025781
0.149383 0.0523405 0.54165 0.0552497 0.101448 0.0578049 0.0421235
0.394643 0.0135377 0.495203 0.0164204 0.0248851 0.0552108 9.9991E-05
0.249169 0.0594971 0.639572 0.0188606 0.0204158 0.00613562 0.00634987
0.444522 9.9973E-05 0.492855 9.9973E-05 0.0405378 9.9973E-05 0.0217857
0.157694 0.0669511 0.531604 9.9991E-05 0.0737906 0.0632977 0.106563
0.194574 0.0280408 0.618893 0.0143965 0.0873182 9.9991E-05 0.0566769
0.265827 0.0392458 0.602527 9.9991E-05 0.0461351 0.0175094 0.028656
0.314304 0.0134489 0.608741 9.9991E-05 0.0150965 0.0234147 0.0248948
0.172677 0.0295345 0.621166 0.054011 0.0346672 9.9991E-05 0.0878438
0.171932 0.0617658 0.593673 0.0454287 0.0824832 9.9991E-05 0.044618
0.190564 0.0327295 0.583551 0.0611664 9.9991E-05 0.0565526 0.075336
0.141861 0.032831 0.518149 0.0855203 0.0650406 0.0513909 0.105206
0.197693 0.0266504 0.617057 0.0195671 0.00616487 9.9991E-05 0.132768
0.259971 0.176385 0.312446 0.0593821 0.0303972 0.0477281 0.11369
0.116672 0.0140262 0.605255 0.0191905 0.0727744 0.0922563 0.0798261
0.126522 0.0478412 0.668338 0.0280793 0.004863 9.9991E-05 0.124257
0.609893 0.0561759 0.219752 0.0215898 0.00119919 0.0795449 0.0118461
0.317069 0.190877 0.172908 0.000713226 9.9991E-05 0.0889009 0.229433
0.251357 0.0636576 0.559137 0.0071412 0.0366187 0.0491802 0.0329082
0.379601 0.136712 0.0633101 0.00820635 9.9991E-05 0.111552 0.300519
0.547321 0.0140423 0.359735 9.9982E-05 9.9982E-05 0.0378669 0.0408348
0.423083 9.9973E-05 0.458869 9.9973E-05 9.9973E-05 0.0742123 0.0435357
0.475015 0.0179741 0.371466 9.9982E-05 9.9982E-05 0.117038 0.0183069
0.524273 9.9973E-05 0.361732 9.9973E-05 9.9973E-05 0.0528609 0.060834
0.238258 0.0177257 0.604673 9.9991E-05 0.0613469 0.0182716 0.0596255
0.20503 0.0520169 0.592336 0.0310662 0.051174 0.0190246 0.0493515
0.174532 0.02645 0.576614 0.0382637 0.060684 0.0838589 0.0395976
0.381265 0.136624 0.211882 9.9982E-05 9.9982E-05 0.0910186 0.179011
0.147692 0.0909775 0.533001 0.0395192 0.100205 0.0349144 0.0536913
0.0578281 0.217669 0.494302 0.0207499 0.0494067 0.0676194 0.0924249
0.120336 0.568973 9.9982E-05 9.9982E-05 0.023414 0.125153 0.161923
0.0394281 0.11077 0.666691 0.00756915 0.0872874 0.0473747 0.0408803
0.0821061 0.300872 0.337794 0.00991593 0.0359826 0.136965 0.0963642
0.0476627 0.189194 0.501923 0.02406 0.0904848 0.0446167 0.102059
0.139395 0.434379 0.261243 9.9991E-05 0.0165387 0.06106 0.0872836
0.199231 0.465256 0.0763161 9.9982E-05 9.9982E-05 0.102291 0.156706
0.0925195 0.253253 0.410243 9.9991E-05 0.0117654 0.112508 0.119611
0.0792627 0.121117 0.468137 0.032341 0.108021 0.105748 0.0853734
0.109323 0.169981 0.451763 0.00710639 0.160172 0.0633641 0.0382901
0.132559 0.335105 0.0941634 0.0710137 9.9991E-05 0.188014 0.179045
0.0561628 0.0790436 0.578352 0.0139924 0.088426 0.0788717 0.105151
0.0948782 0.308263 0.290867 9.9982E-05 9.9982E-05 0.150628 0.155165
0.0782717 0.211978 0.461093 9.9982E-05 9.9982E-05 0.106405 0.142052
0.00771294 0.135964 0.604195 0.0109937 0.123889 0.0760395 0.0412065
9.9973E-05 0.291443 0.177924 0.206343 0.32399 9.9973E-05 9.9973E-05
9.9964E-05 0.514421 9.9964E-05 0.119407 0.365772 9.9964E-05 9.9964E-05
9.9964E-05 0.526751 9.9964E-05 0.114707 0.358142 9.9964E-05 9.9964E-05
9.9973E-05 0.377259 0.120246 0.221761 0.280434 9.9973E-05 9.9973E-05
0.0187795 0.154182 0.631928 9.9982E-05 9.9982E-05 0.109879 0.0850308
0.0236517 0.105449 0.607367 9.9991E-05 0.088533 0.0679069 0.106993
9.9955E-05 9.9955E-05 0.343729 0.655771 9.9955E-05 9.9955E-05 9.9955E-05
0.0523854 9.9991E-05 0.380212 0.438099 0.0555202 0.0278497 0.0458334
0.0994725 9.9991E-05 0.367401 0.399445 0.074345 0.0250842 0.0341526
0.0591797 0.390036 0.256398 9.9982E-05 9.9982E-05 0.0550037 0.239183
0.108433 0.10704 0.511969 0.0149896 0.128172 0.0466077 0.08279
0.0932709 0.387525 0.23102 9.9982E-05 9.9982E-05 0.0923452 0.195638
9.9982E-05 0.235609 0.610116 9.9982E-05 0.0113746 0.0312366 0.111463
0.0972871 0.266593 0.464594 9.9982E-05 0.0104288 9.9982E-05 0.160897
9.9973E-05 0.287685 0.596115 9.9973E-05 9.9973E-05 0.0325577 0.0833423
0.0479529 0.480864 0.171686 9.9982E-05 9.9982E-05 0.113363 0.185935
0.0292482 0.136097 0.644538 0.0114377 0.0410731 0.029489 0.108117
0.0397311 0.121833 0.607464 0.000250352 0.113542 0.0459384 0.0712415
9.9964E-05 9.9964E-05 0.0354322 0.950094 9.9964E-05 0.0140741 9.9964E-05
0.00544571 9.9973E-05 0.0697349 0.879865 9.9973E-05 9.9973E-05 0.0446548
0.0510504 9.9991E-05 0.301097 0.516577 0.0629465 0.0273569 0.0408719
0.0326668 9.9964E-05 0.332577 0.634356 9.9964E-05 9.9964E-05 9.9964E-05
0.0583078 9.9964E-05 0.14062 0.800672 9.9964E-05 9.9964E-05 9.9964E-05
9.995E-05 9.995E-05 9.995E-05 0.9994 9.995E-05 9.995E-05 9.995E-05
0.0153557 9.9964E-05 9.9964E-05 0.974198 9.9964E-05 9.9964E-05 0.0100462
9.9964E-05 9.9964E-05 0.170913 0.82344 9.9964E-05 0.00524673 9.9964E-05
0.0517279 9.9955E-05 9.9955E-05 0.947772 9.9955E-05 9.9955E-05 9.9955E-05
9.995E-05 9.995E-05 9.995E-05 0.9994 9.995E-05 9.995E-05 9.995E-05
9.995E-05 9.995E-05 9.995E-05 0.9994 9.995E-05 9.995E-05 9.995E-05
0.0305919 9.9973E-05 0.198688 0.76017 0.01025 9.9973E-05 9.9973E-05
0.0589911 0.000718362 0.102348 0.814129 0.0236137 9.9982E-05 9.9982E-05
9.995E-05 9.995E-05 9.995E-05 0.9994 9.995E-05 9.995E-05 9.995E-05
0.0820599 0.0308915 0.296441 0.388556 0.0994442 0.0975409 0.0050669
0.0500515 9.9973E-05 0.291927 0.645101 0.0126213 9.9973E-05 9.9973E-05
0.00692449 9.9973E-05 0.149589 0.793041 0.0501456 9.9973E-05 9.9973E-05
0.0137512 9.9964E-05 0.102464 0.883385 9.9964E-05 9.9964E-05 9.9964E-05
9.995E-05 9.995E-05 9.995E-05 0.9994 9.995E-05 9.995E-05 9.995E-05
9.9964E-05 9.9964E-05 0.0551351 0.931066 0.0133991 9.9964E-05 9.9964E-05
9.995E-05 9.995E-05 9.995E-05 0.9994 9.995E-05 9.995E-05 9.995E-05
0.0044777 9.9991E-05 0.272042 0.606397 0.0751516 0.0211394 0.0206915
9.9955E-05 9.9955E-05 9.9955E-05 0.966115 9.9955E-05 0.0333848 9.9955E-05
9.9982E-05 0.657151 0.0225319 0.0254616 0.196633 9.9982E-05 0.0980225
0.0669373 0.326943 0.359058 0.0753644 0.150383 0.0039276 0.017386
9.9982E-05 0.310241 0.472799 0.0367638 0.116174 9.9982E-05 0.0638225
0.033151 0.543998 0.230488 0.0517351 0.110515 0.00355669 0.0265562
0.0533497 0.160871 0.482948 0.0827078 0.096216 0.119563 0.00434447
0.0283094 0.531694 0.161559 0.0624235 0.147445 0.0252012 0.043368
0.0275124 0.183346 0.450817 0.103461 0.137003 0.0174268 0.0804346
9.9982E-05 0.395755 0.348969 0.0993085 0.109829 9.9982E-05 0.0459384
9.9982E-05 0.304571 0.484329 0.0894503 0.119735 9.9982E-05 0.00171543
9.9982E-05 0.37212 0.357241 0.115216 0.116314 0.0389083 9.9982E-05
0.0407149 0.211096 0.462529 0.100754 0.108911 0.0391973 0.0367971
9.9964E-05 0.0585521 0.0545035 9.9964E-05 0.886544 9.9964E-05 9.9964E-05
9.9973E-05 0.00650989 9.9973E-05 0.052506 0.911802 9.9973E-05 0.0288818
0.0238972 9.9973E-05 0.00665355 9.9973E-05 0.95971 9.9973E-05 0.00943902
9.9964E-05 0.0393792 9.9964E-05 9.9964E-05 0.951287 0.00893357 9.9964E-05
0.0362688 0.0248502 0.0506958 9.9973E-05 0.887885 9.9973E-05 9.9973E-05
9.9955E-05 9.9955E-05 9.9955E-05 0.0191753 0.980325 9.9955E-05 9.9955E-05
9.9964E-05 9.9964E-05 0.0540627 0.0229261 0.922611 9.9964E-05 9.9964E-05
0.0521124 9.9973E-05 0.00183316 9.9973E-05 0.935366 9.9973E-05 0.0103884
9.9982E-05 0.0583547 0.0199013 0.0139952 0.891294 0.0162545 9.9982E-05
0.0248818 0.0565851 0.00435038 0.0165679 0.897415 9.9982E-05 9.9982E-05
0.286504 0.0753879 9.9982E-05 0.00397945 0.576103 0.0578259 9.9982E-05
0.342226 0.0463663 9.9982E-05 9.9982E-05 0.598644 0.00658922 0.00597527
0.295521 0.0929878 9.9973E-05 9.9973E-05 0.527496 0.0836952 9.9973E-05
0.418031 0.0930899 9.9973E-05 9.9973E-05 0.44061 0.0479688 9.9973E-05
0.155617 0.0168861 0.499186 9.9991E-05 0.0521047 0.274939 0.00116703
0.0552526 9.9982E-05 0.497691 9.9982E-05 0.0855755 0.300394 0.0608871
0.211504 9.9982E-05 0.547375 9.9982E-05 0.0163495 0.163706 0.0608658
0.267173 0.0305495 0.398779 9.9982E-05 0.0125659 0.290732 9.9982E-05
0.656697 0.0268772 0.205523 0.0042072 9.9991E-05 0.0579572 0.0486386
0.0800104 9.9991E-05 0.647856 0.00486968 0.032657 0.162813 0.0716935
0.104575 9.9973E-05 0.613471 0.0134165 9.9973E-05 0.268238 9.9973E-05
0.0269103 0.053288 0.573073 9.9991E-05 0.0118777 0.268492 0.0662583
9.9973E-05 9.9973E-05 0.389363 0.00990958 9.9973E-05 0.528865 0.0715626
0.132483 0.042722 0.613017 0.0240127 0.0560094 0.0867817 0.044975
0.0628977 9.9973E-05 0.401746 9.9973E-05 0.0475049 0.487551 9.9973E-05
9.9955E-05 9.9955E-05 9.9955E-05 9.9955E-05 9.9955E-05 0.811182 0.188318
0.167889 9.9991E-05 0.578025 0.0129243 0.0776663 0.106922 0.0564732
9.9973E-05 0.074355 0.135101 9.9973E-05 9.9973E-05 0.627226 0.163018
0.0210507 9.9982E-05 0.512004 9.9982E-05 0.0498357 0.33527 0.0816394
0.196605 9.9973E-05 0.134442 9.9973E-05 0.00657531 0.662077 9.9973E-05
0.776184 0.0369169 9.9982E-05 9.9982E-05 0.161436 0.00185988 0.0234034
0.724027 0.0266979 0.0540227 9.9982E-05 0.136003 9.9982E-05 0.0590494
0.772113 0.0166104 0.0354628 9.9991E-05 0.117266 0.0477774 0.0106704
0.819304 0.0270856 9.9973E-05 9.9973E-05 0.131985 9.9973E-05 0.0213254
0.791766 9.9973E-05 0.105148 9.9973E-05 0.0783041 9.9973E-05 0.0244823
0.756642 0.021055 0.0998327 0.000638345 0.10144 9.9991E-05 0.0202924
9.9973E-05 9.9973E-05 0.0126584 0.0629628 0.872186 0.0518933 9.9973E-05
9.9982E-05 0.00579828 0.0990337 0.0148588 0.847283 0.0328261 9.9982E-05
9.9991E-05 0.0240459 0.130872 0.0319481 0.782015 0.0105584 0.0204601
0.0267142 9.9982E-05 0.000334475 0.0854565 0.834083 0.0532116 9.9982E-05
9.9973E-05 0.0164743 0.157805 0.0304611 0.794959 9.9973E-05 9.9973E-05
0.543364 0.0763029 9.9964E-05 9.9964E-05 0.379933 9.9964E-05 9.9964E-05
0.511362 0.0238595 9.9973E-05 9.9973E-05 0.432316 9.9973E-05 0.0321627
0.505853 0.00858721 0.00917065 0.00459155 0.443332 9.9991E-05 0.0283655
0.0292815 9.9964E-05 0.11691 9.9964E-05 0.853408 9.9964E-05 9.9964E-05
0.526421 9.9973E-05 9.9973E-05 9.9973E-05 0.394985 0.0302533 0.0480407
9.9982E-05 0.19347 0.280034 0.294656 0.229339 9.9982E-05 0.00230225
0.0364741 0.10692 0.518098 0.16071 0.111382 0.028186 0.0382299
9.9973E-05 9.9973E-05 0.543944 0.240379 0.205599 9.9973E-05 0.00977844
9.9982E-05 0.134674 0.342369 0.227418 0.244446 9.9982E-05 0.0508934
0.0979873 0.0747694 0.498312 0.113988 0.169425 0.00101094 0.0445072
9.9964E-05 0.330928 9.9964E-05 0.296941 0.371731 9.9964E-05 9.9964E-05
0.412893 0.0322686 0.47531 9.9982E-05 9.9982E-05 0.0510693 0.0282594
0.184991 0.0999515 0.439526 9.9982E-05 9.9982E-05 0.0986302 0.176701
0.509482 0.0259397 0.316191 9.9982E-05 9.9982E-05 0.102323 0.0458651
0.151315 0.053042 0.548287 9.9982E-05 9.9982E-05 0.0504567 0.196699
0.339703 0.218067 9.9973E-05 9.9973E-05 9.9973E-05 0.0802849 0.361645
0.112269 0.078499 0.593645 0.01368 0.0718334 0.0768575 0.0532158
0.168112 0.100958 0.494546 0.0368982 0.00620524 0.0490427 0.144237
0.461319 0.0675214 0.368238 9.9991E-05 0.0332618 0.0646466 0.00491299
0.181589 0.0179015 0.558232 0.0392025 0.0747008 0.0939721 0.0344013
0.295361 0.195344 0.120031 9.9982E-05 9.9982E-05 0.179601 0.209464
0.192592 0.106858 0.561215 9.9982E-05 9.9982E-05 0.0560334 0.0831021
0.308501 0.0290972 0.541128 0.00412745 0.00711363 0.0562339 0.0537989
0.126339 0.105779 0.415161 0.129052 0.0586061 0.0991325 0.0659305
0.241418 0.135696 0.360334 9.9982E-05 9.9982E-05 0.109928 0.152424
0.207578 0.119425 0.43924 0.00319694 9.9991E-05 0.0797194 0.150741
0.184717 0.0495017 0.572368 0.0111872 9.9991E-05 0.0528584 0.129267
0.189878 0.0634338 0.559036 9.9982E-05 9.9982E-05 0.0595196 0.127933
0.0939635 0.0508248 0.607283 0.0624907 0.0326498 0.0493104 0.103478
0.216494 0.0801484 0.5053 0.0501524 0.0252456 0.0987876 0.023872
0.168415 0.0245339 0.543637 0.0346217 0.0646062 0.138895 0.0252905
9.9964E-05 9.9964E-05 0.117572 0.0343884 0.84764 9.9964E-05 9.9964E-05
9.9964E-05 9.9964E-05 0.119017 9.9964E-05 0.877399 9.9964E-05 0.00318453
0.00541127 0.0418972 0.0415008 9.9982E-05 0.905253 9.9982E-05 0.00573786
0.0122373 9.9973E-05 0.0179286 0.0531732 0.916361 9.9973E-05 9.9973E-05
0.00143288 9.9964E-05 0.0995327 9.9964E-05 0.898635 9.9964E-05 9.9964E-05
0.632405 0.120889 0.136228 0.034148 9.9982E-05 0.0761304 9.9982E-05
0.18008 0.040857 0.537222 0.0227511 0.0270902 0.0539002 0.138099
0.014418 0.146657 0.436331 0.185405 0.179464 0.0133402 0.0243849
0.200769 0.0284898 0.683539 0.0176299 0.0114301 0.0580425 9.9991E-05
0.339604 9.9982E-05 0.536187 0.0152676 0.0290262 0.0797153 9.9982E-05
0.294417 0.15379 0.270631 0.00495421 9.9991E-05 0.0677414 0.208366
0.744474 0.0532396 0.0291356 0.00793498 0.0631693 0.0911927 0.0108534
0.366247 0.00973573 0.46531 0.0183457 0.0510766 0.0699685 0.0193164
0.604834 0.0514503 0.2543 0.0525424 0.0157252 0.00761018 0.0135381
0.169452 0.0542932 0.516906 0.000334999 0.0451431 0.0888258 0.125045
0.629496 0.0842339 0.190834 9.9991E-05 0.050702 0.00790528 0.0367285
0.268745 0.031816 0.571403 0.068066 0.0439431 0.0112877 0.00473955
0.592893 0.0491554 0.190453 0.00575847 0.0502672 0.111373 9.9991E-05
0.28449 0.108582 0.236502 0.11368 9.9991E-05 0.11175 0.144897
0.132405 0.220116 0.540796 0.00305936 0.0332621 0.0341682 0.036193
0.0870593 0.413908 0.291906 9.9982E-05 9.9982E-05 0.107425 0.0995014
0.0345897 0.304923 0.54828 9.9991E-05 0.0139456 0.0230941 0.0750671
0.0413825 0.18837 0.545314 9.9991E-05 0.0800672 0.0749794 0.0697866
0.0640924 0.494859 0.239886 9.9982E-05 9.9982E-05 0.104917 0.0960456
0.0265795 0.15798 0.59117 0.0261313 0.0709981 0.0599281 0.0672129
0.0601725 0.250056 0.526734 9.9982E-05 9.9982E-05 0.0502451 0.112592
0.00940198 0.457772 0.117574 9.9982E-05 9.9982E-05 0.192523 0.222529
0.0526835 0.554063 0.179695 9.9982E-05 9.9982E-05 0.0909694 0.12239
0.0688676 0.318842 0.466329 9.9982E-05 9.9982E-05 0.0562407 0.0895203
0.0813298 0.477228 0.0175336 9.9982E-05 9.9982E-05 0.257118 0.166591
0.116146 0.33488 0.422591 9.9982E-05 9.9982E-05 0.0903568 0.0358268
0.704779 9.9982E-05 0.14335 0.0374862 9.9982E-05 0.106573 0.00761243
0.389653 0.0124208 0.145364 0.0927793 9.9991E-05 0.0778097 0.281873
0.441121 9.9991E-05 0.365361 0.0652132 0.049603 0.0273482 0.0512537
0.235337 0.060215 0.563599 0.0553523 0.00948063 0.0537196 0.022296
0.555614 9.9982E-05 0.233551 0.0479237 9.9982E-05 0.156523 0.00618895
0.211773 0.0883053 0.530913 0.0611115 0.00970946 0.0773669 0.0208209
0.291487 0.0290472 0.553519 0.0638596 0.0244221 9.9991E-05 0.0375656
0.223246 0.0549012 0.513553 0.0373708 0.026082 0.0777255 0.0671214
0.285076 9.9991E-05 0.464835 0.0829 0.00547091 0.120523 0.0410948
0.44243 9.9982E-05 0.48423 0.018949 0.0230927 0.0310985 9.9982E-05
0.53275 9.9982E-05 0.265578 0.020671 9.9982E-05 0.136998 0.0438031
0.407381 0.00818265 0.434505 0.0144838 9.9991E-05 0.0820557 0.0532917
0.171741 0.08425 0.598426 0.0189549 9.9991E-05 0.0305962 0.0959318
0.129239 0.027757 0.578919 0.0652668 0.0332143 0.0689235 0.0966807
0.263853 0.0746184 0.315849 0.113674 0.0180135 0.127685 0.0863067
0.235745 0.00913863 0.455636 0.0950021 9.9991E-05 0.0940349 0.110343
0.459871 0.00118359 0.395114 0.0403274 0.0246597 0.0679569 0.0108874
0.278404 9.9991E-05 0.57045 0.0164573 0.0258693 0.034611 0.0741078
0.289494 9.9991E-05 0.511771 0.03211 0.03536 0.0861282 0.0450361
0.155934 0.029981 0.541662 0.0540232 0.0883086 0.0606092 0.0694818
0.0465624 0.0917452 0.447706 0.129383 0.284403 9.9982E-05 9.9982E-05
0.0264843 0.0796501 0.521336 0.13255 0.127518 0.0257897 0.0866712
0.0251875 0.118653 0.424052 0.119968 0.184059 0.0754866 0.0525941
0.0410605 0.124322 0.554805 0.090816 0.101065 9.9991E-05 0.0878308
9.9991E-05 0.145501 0.427396 0.176273 0.183573 0.0275761 0.0395814
0.172748 0.092211 0.488656 9.9982E-05 9.9982E-05 0.0421221 0.204063
0.0229631 0.0799842 0.462065 0.148778 0.134224 0.100496 0.0514889
0.100073 0.3956 0.0728227 0.137908 0.161229 0.0483432 0.0840253
0.0405962 0.141416 0.622713 0.077278 0.0969054 9.9991E-05 0.0209916
0.0498795 0.0684736 0.585067 0.114922 0.131516 0.0207949 0.0293469
0.0220733 0.0511865 0.529921 0.131016 0.115797 0.0794133 0.0705926
0.0647976 0.219831 0.32736 0.0651987 0.158512 0.0417138 0.122587
0.0540564 0.105681 0.587757 0.107363 0.144943 9.9982E-05 9.9982E-05
0.00843395 0.0845202 0.537896 0.1022 0.174509 9.9991E-05 0.092341
9.9964E-05 0.47396 9.9964E-05 0.135306 0.390335 9.9964E-05 9.9964E-05
0.0554327 0.0413723 0.445228 0.177662 0.206345 0.0718433 0.00211707
9.9991E-05 0.0886783 0.531591 0.186345 0.145011 0.0138709 0.0344043
0.0204903 0.102869 0.578492 0.0696341 0.108291 0.0472546 0.072969
9.9973E-05 0.128039 0.567749 0.154697 0.149216 9.9973E-05 9.9973E-05
0.015104 0.0703896 0.570259 0.0649785 0.217735 0.0565948 0.00493957
9.9982E-05 9.9982E-05 0.411588 0.00515507 0.0815859 0.0359683 0.465503
0.0291489 9.9991E-05 0.497634 0.068888 0.0441038 0.095593 0.264533
0.0998935 9.99711E-05 9.99711E-05 9.99711E-05 9.99711E-05 0.0105739 0.889133
0.0223757 9.9964E-05 9.9964E-05 9.9964E-05 0.0195585 9.9964E-05 0.957666
0.0385465 0.040036 0.465886 9.9991E-05 0.114749 0.0114714 0.329212
9.9982E-05 0.143089 0.349188 0.302388 0.116164 9.9982E-05 0.0889701
9.9982E-05 0.0582685 0.308352 0.25518 0.148072 9.9982E-05 0.229927
9.9982E-05 0.101725 0.152122 0.278623 0.155654 9.9982E-05 0.311677
9.9982E-05 0.0735432 0.371148 0.219051 0.145894 9.9982E-05 0.190164
9.9982E-05 0.131317 0.0370636 0.0614572 0.0850708 9.9982E-05 0.684892
9.9982E-05 0.0508134 0.0946098 0.0782017 0.102927 9.9982E-05 0.673248
9.9991E-05 0.00525641 0.553766 0.0430331 0.0115829 0.00651988 0.379742
9.9973E-05 9.9973E-05 0.32758 0.112334 0.0719549 9.9973E-05 0.487832
9.9973E-05 9.9973E-05 0.165221 0.0605448 0.0577606 9.9973E-05 0.716174
0.0811709 0.0413855 0.521547 0.0537361 0.0235064 9.9991E-05 0.278554
9.9973E-05 9.9973E-05 0.570364 0.044678 0.0452334 9.9973E-05 0.339425
0.0295938 0.046665 0.48474 0.0673965 0.0600521 0.057945 0.253608
9.9964E-05 9.9964E-05 0.298684 9.9964E-05 0.0380394 9.9964E-05 0.662876
0.0852914 0.00499783 0.365928 9.9982E-05 0.0325361 9.9982E-05 0.511046
0.0289046 0.0408277 0.542071 9.9982E-05 0.0633704 9.9982E-05 0.324627
0.0864635 0.0124388 0.410986 0.0258405 0.0355408 0.0334281 0.395303
0.0659081 9.9991E-05 0.489865 0.0480326 0.0965413 0.0912927 0.20826
0.00599257 0.000801719 0.430435 9.9991E-05 0.0159853 0.0551574 0.491529
0.00968088 9.9973E-05 0.136674 9.9973E-05 0.0154139 9.9973E-05 0.837932
9.9964E-05 9.9964E-05 0.62196 9.9964E-05 0.0030854 9.9964E-05 0.374555
0.100028 9.9964E-05 0.123024 9.9964E-05 9.9964E-05 9.9964E-05 0.776548
9.9964E-05 9.9964E-05 0.397446 9.9964E-05 0.05919 9.9964E-05 0.542964
0.0552032 9.9991E-05 0.45389 0.0565165 0.0961619 0.00592926 0.332199
0.04404 9.9991E-05 0.465365 0.0225951 0.0843647 0.0568215 0.326714
0.0263658 0.0775223 0.476524 0.120761 0.170732 0.00774978 0.120345
0.0405691 0.0468346 0.404339 0.122498 0.17858 0.0631605 0.144018
0.00462736 0.185473 0.306375 0.261896 0.167266 0.0060572 0.0683056
9.9991E-05 0.168057 0.319687 0.231521 0.13631 0.0298098 0.114516
0.0267634 0.108714 0.489442 0.140565 0.153267 0.0121484 0.0690999
0.0321676 0.0684256 0.426156 0.106883 0.157636 9.9991E-05 0.208631
9.9973E-05 0.105676 9.9973E-05 0.0888338 0.15605 9.9973E-05 0.649141
9.9991E-05 0.0401781 0.547958 0.165261 0.0881618 0.00437696 0.153964
9.9973E-05 0.264548 9.9973E-05 0.0853166 0.29352 9.9973E-05 0.356316
9.9973E-05 9.9973E-05 0.465537 0.139526 0.0604743 9.9973E-05 0.334163
9.9955E-05 9.9955E-05 0.0575966 9.9955E-05 9.9955E-05 9.9955E-05 0.941904
9.9955E-05 9.9955E-05 9.9955E-05 9.9955E-05 9.9955E-05 0.0505474 0.948953
0.0126727 9.9964E-05 0.423399 9.9964E-05 9.9964E-05 9.9964E-05 0.563528
9.9973E-05 9.9973E-05 0.553737 0.00955649 0.0189862 9.9973E-05 0.41742
9.9955E-05 9.9955E-05 0.335089 9.9955E-05 9.9955E-05 9.9955E-05 0.664411
9.9955E-05 9.9955E-05 0.53967 9.9955E-05 9.9955E-05 9.9955E-05 0.45983
9.9955E-05 9.9955E-05 0.514884 9.9955E-05 9.9955E-05 9.9955E-05 0.484616
0.0687184 9.9982E-05 0.0132284 0.0307651 0.85836 9.9982E-05 0.0287285
0.0527222 0.0526152 0.0278931 0.078693 0.747178 9.9991E-05 0.0407989
0.0416526 0.0130207 9.9973E-05 0.0251381 0.919889 9.9973E-05 9.9973E-05
9.9964E-05 0.0317537 0.0288079 9.9964E-05 0.939038 9.9964E-05 9.9964E-05
0.0273281 0.0479675 0.476465 0.0633017 0.00555771 0.376117 0.00326389
0.0714072 0.0351398 0.489131 0.0123728 0.0421927 0.346137 0.00361984
0.0303497 9.9973E-05 0.522658 9.9973E-05 0.0206922 0.426 9.9973E-05
0.0983464 0.0130349 0.619532 9.9982E-05 0.0858769 0.18301 9.9982E-05
0.112521 0.0972805 0.547973 0.0345596 0.0594131 0.148153 9.9991E-05
0.1048 9.9973E-05 0.280968 9.9973E-05 0.0383435 0.575588 9.9973E-05
9.9973E-05 9.9973E-05 0.644435 9.9973E-05 0.0157294 0.328727 0.0108084
9.9973E-05 0.0651636 0.251782 9.9973E-05 9.9973E-05 0.591149 0.0916055
0.0923628 0.100856 0.397969 0.131457 0.277155 9.9982E-05 9.9982E-05
0.0129319 0.0297401 0.410647 0.018265 9.9991E-05 0.379222 0.149094
0.0846342 9.9973E-05 0.35105 9.9973E-05 0.019433 0.544583 9.9973E-05
9.9982E-05 0.00947414 0.527125 0.00996756 9.9982E-05 0.443093 0.0101409
0.112796 9.9982E-05 0.376595 0.0162047 0.0362278 0.457976 9.9982E-05
9.9964E-05 9.9964E-05 0.571532 9.9964E-05 9.9964E-05 0.359813 0.0682549
0.012052 9.9982E-05 0.551561 9.9982E-05 0.104832 0.320587 0.0107684
9.9973E-05 0.0350598 0.00211924 9.9973E-05 9.9973E-05 0.874883 0.0876382
9.9982E-05 0.0640935 0.291473 0.0152175 9.9982E-05 0.550101 0.078915
9.9982E-05 0.0117607 0.342699 0.0384164 9.9982E-05 0.520933 0.0859918
9.9964E-05 0.0564474 9.9964E-05 9.9964E-05 9.9964E-05 0.845677 0.0974759
0.0987786 9.9973E-05 0.397599 9.9973E-05 0.0704356 0.432887 9.9973E-05
9.9973E-05 0.187699 0.0484081 9.9973E-05 9.9973E-05 0.657479 0.106114
9.9964E-05 0.104277 9.9964E-05 9.9964E-05 9.9964E-05 0.829175 0.0661489
9.9991E-05 0.0310807 0.551425 0.0320583 0.051244 0.304223 0.0298687
0.219322 9.9973E-05 0.186575 9.9973E-05 0.0233146 0.570488 9.9973E-05
0.125879 0.0178852 0.469995 0.002419 0.0209509 0.362771 9.9991E-05
0.0143686 0.0416349 0.604285 0.0332427 0.123966 0.182403 9.9991E-05
0.0700347 9.9991E-05 0.491707 0.00681391 0.0382931 0.388074 0.0049776
0.317763 0.0914575 0.3673 9.9982E-05 9.9982E-05 0.0646014 0.158678
0.0634052 9.9991E-05 0.511954 0.0266419 0.0468562 0.346086 0.00495633
0.128984 9.9973E-05 0.509772 9.9973E-05 0.0269836 0.33396 9.9973E-05
9.9982E-05 0.0127779 0.287828 0.0099867 9.9982E-05 0.600832 0.088375
0.115307 0.0104769 0.522553 0.0271797 0.0925724 0.229026 0.00288431
0.287259 0.0535064 9.9973E-05 9.9973E-05 0.656886 9.9973E-05 0.0020483
0.129223 0.0315337 9.9973E-05 9.9973E-05 0.768458 0.0704847 9.9973E-05
0.118813 0.0457369 9.9964E-05 9.9964E-05 0.83505 9.9964E-05 9.9964E-05
0.126804 0.0352303 9.9964E-05 9.9964E-05 0.837566 9.9964E-05 9.9964E-05
0.18078 0.0849272 0.00342026 9.9982E-05 0.721502 0.00917119 9.9982E-05
0.171371 9.9973E-05 0.142646 9.9973E-05 0.042273 0.643411 9.9973E-05
0.103135 9.9973E-05 0.135239 9.9973E-05 0.0707689 0.690557 9.9973E-05
9.9982E-05 0.0222367 0.184495 0.0237762 9.9982E-05 0.73068 0.0386121
0.0655673 0.114009 0.583983 0.0182534 0.109953 0.100022 0.00821312
0.0895092 0.00770369 0.534259 0.0790075 0.112245 0.165114 0.0121625
9.9991E-05 0.0455434 0.231484 0.0408471 0.00811471 0.646321 0.0275895
9.9982E-05 9.9982E-05 0.541571 0.0712133 0.031085 0.280103 0.0758274
9.9991E-05 0.0249439 0.388492 0.0334006 0.0209341 0.459534 0.0725955
0.053029 0.00120082 0.517615 0.0247819 0.0367202 0.366553 9.9991E-05
0.0348206 9.9982E-05 0.613901 0.0183406 0.0498958 0.282841 9.9982E-05
0.129219 9.9973E-05 0.249038 0.0109232 9.9973E-05 0.61052 9.9973E-05
0.139376 9.9964E-05 0.298523 9.9964E-05 9.9964E-05 0.561701 9.9964E-05
0.131943 9.9973E-05 0.301495 9.9973E-05 0.0259793 0.540283 9.9973E-05
0.0236715 0.232318 0.626076 9.9982E-05 0.0940932 0.0236416 9.9982E-05
0.105381 9.9973E-05 0.37541 9.9973E-05 0.0299225 0.488987 9.9973E-05
0.0936888 9.9982E-05 0.402979 0.00671499 0.0355671 0.46085 9.9982E-05
0.0279211 0.0963902 0.460373 0.30373 0.104317 9.9991E-05 0.00716806
9.9982E-05 0.0833937 0.327286 0.399142 0.12916 0.0608188 9.9982E-05
9.9991E-05 0.0392897 0.468598 0.376323 0.0918102 0.0228566 0.00102312
0.00485784 0.0923433 0.297091 0.4681 0.131502 9.9991E-05 0.00600548
0.0252623 0.0605241 0.468957 0.273803 0.0998953 0.0413959 0.030162
0.0238082 0.175259 0.508768 9.9991E-05 0.0337825 0.185989 0.0722933
9.9973E-05 0.118941 0.0167359 0.640488 0.223535 9.9973E-05 9.9973E-05
9.9973E-05 0.0813928 0.305514 0.479684 0.133109 9.9973E-05 9.9973E-05
0.0174237 0.304211 0.415561 0.119838 0.0943816 0.0484846 9.9991E-05
0.0704508 0.271285 0.541662 9.9982E-05 0.0793466 0.0370552 9.9982E-05
0.119704 0.296085 0.467382 9.9991E-05 0.0627435 0.0136937 0.040291
0.06209 0.228856 0.55878 0.0439756 0.0761644 0.00313073 0.0270028
0.0785496 0.130996 0.614618 0.0188154 0.125592 0.0313292 9.9991E-05
9.9982E-05 0.0448157 0.363903 0.419694 0.170197 0.00119049 9.9982E-05
0.00303271 0.0717388 0.437497 0.288023 0.182949 0.0166592 9.9991E-05
9.9973E-05 0.00488335 0.415436 0.455902 0.123479 9.9973E-05 9.9973E-05
0.0535646 0.067988 0.435842 0.257042 0.131791 0.0038807 0.0498924
9.9991E-05 0.0650752 0.238302 0.472391 0.142429 0.0226308 0.0590719
0.0298407 0.0503569 0.433957 0.331861 0.12707 9.9991E-05 0.0268147
0.0180077 0.092821 0.246887 0.53595 0.104572 0.00166271 9.9991E-05
0.0721785 0.0639768 0.386714 0.321985 0.0977684 0.0184801 0.0388971
0.0201394 0.35974 0.488712 9.9982E-05 0.0442523 0.0869566 9.9982E-05
0.0366769 0.0668943 0.365131 0.342813 0.133593 0.049008 0.00588378
9.9973E-05 0.0970903 0.164313 0.563647 0.174649 9.9973E-05 9.9973E-05
0.068435 0.0718323 0.387524 0.348636 0.105893 0.0108299 0.00685042
0.172845 0.360766 0.305344 9.9982E-05 0.0958464 0.0649981 9.9982E-05
0.0040724 0.333259 0.646962 9.9973E-05 9.9973E-05 0.0154062 9.9973E-05
0.0570099 0.0423977 0.401039 0.306392 0.178341 9.9991E-05 0.0147215
0.0910302 0.179539 0.570569 9.9991E-05 0.125148 0.0216144 0.0119988
0.085416 0.291112 0.496433 9.9982E-05 0.0992548 0.0275846 9.9982E-05
9.9991E-05 0.173173 0.367469 0.153762 0.201801 0.0746556 0.0290396
9.9991E-05 0.15631 0.365724 0.22037 0.207164 0.00567627 0.0446548
0.0485842 0.140036 0.572949 0.0669194 0.10179 0.0569162 0.0128052
0.0174064 0.0484876 0.435988 0.276568 0.145928 0.0755213 9.9991E-05
0.034711 0.0221989 0.413761 0.434841 0.0834864 0.0109012 9.9991E-05
9.9973E-05 0.111673 0.162202 0.574119 0.151707 9.9973E-05 9.9973E-05
0.041303 0.144791 0.652191 9.9991E-05 0.0948566 0.0107047 0.0560539
0.109807 0.308028 0.45591 9.9982E-05 0.0692239 0.056832 9.9982E-05
9.9973E-05 0.677957 0.17178 9.9973E-05 9.9973E-05 0.0620987 0.0878647
0.0372069 0.0956799 0.551298 0.0196359 0.168085 0.0957131 0.032382
0.191912 0.179064 0.423935 0.0304827 0.0393614 0.00418505 0.13106
9.9982E-05 0.1816 0.461879 0.155128 0.13109 0.0701039 9.9982E-05
0.0412663 0.200774 0.490411 0.0714322 0.133187 0.0362371 0.0266929
9.9964E-05 0.666584 9.9964E-05 0.0928074 0.240209 9.9964E-05 9.9964E-05
9.9964E-05 0.812013 9.9964E-05 0.0422063 0.145381 9.9964E-05 9.9964E-05
0.0314081 0.477398 0.355549 0.0255837 0.106731 9.9991E-05 0.00323014
9.9973E-05 0.610512 0.0564341 0.137155 0.195599 9.9973E-05 9.9973E-05
9.9964E-05 0.492649 9.9964E-05 0.145196 0.361756 9.9964E-05 9.9964E-05
9.9991E-05 0.332665 0.417831 0.0224214 0.155613 0.00225374 0.0691154
0.0116791 0.280253 0.393057 0.117074 0.183671 0.0141647 9.9991E-05
9.9973E-05 0.504122 0.170991 0.104581 0.220005 9.9973E-05 9.9973E-05
9.9973E-05 0.692265 0.120071 0.0631421 0.124222 9.9973E-05 9.9973E-05
9.9982E-05 0.250371 0.531293 0.0734933 0.119207 0.0254351 9.9982E-05
9.9973E-05 0.599828 0.20102 0.0973312 0.101521 9.9973E-05 9.9973E-05
9.9964E-05 0.798202 9.9964E-05 0.0105556 0.190843 9.9964E-05 9.9964E-05
0.0748949 0.102818 0.52956 0.0941387 0.129656 0.0230274 0.0459043
0.00729285 0.35689 0.361886 0.140712 0.133019 9.9982E-05 9.9982E-05
0.0253718 0.100535 0.438875 0.131783 0.303235 9.9982E-05 9.9982E-05
9.9973E-05 0.0308005 0.606814 0.177233 0.184853 9.9973E-05 9.9973E-05
0.0146259 0.0838604 0.532463 0.20255 0.130507 9.9991E-05 0.0358939
9.9982E-05 0.127456 0.532356 0.181704 0.133445 0.0248395 9.9982E-05
0.0781328 0.0759118 0.312083 0.195081 0.332955 0.005737 9.9991E-05
0.0356332 0.0728464 0.498605 0.152224 0.197355 0.01249 0.030847
0.00195276 0.1035 0.503315 0.165349 0.225684 9.9982E-05 9.9982E-05
0.0202782 0.198373 0.273591 0.240656 0.217617 9.9991E-05 0.0493847
0.111315 0.0717291 0.306458 0.102007 0.187802 0.22059 9.9991E-05
0.061096 0.0787084 0.528914 0.11015 0.169396 0.0516362 9.9991E-05
0.00635493 0.0475221 0.572326 0.141947 0.142864 0.0412253 0.0477605
0.0253987 0.0267152 0.64204 0.0566872 0.120205 0.0802746 0.0486796
0.0147886 0.13749 0.430134 0.188822 0.228565 9.9982E-05 9.9982E-05
0.0183271 0.0777163 0.514712 0.149651 0.205645 9.9991E-05 0.0338481
9.9973E-05 0.346041 0.0856266 0.276094 0.291938 9.9973E-05 9.9973E-05
0.029335 0.122086 0.534093 0.158006 0.150049 0.00633111 9.9991E-05
9.9982E-05 0.224249 0.166056 0.293255 0.247515 9.9982E-05 0.068725
0.174957 0.0210845 9.9973E-05 0.00705588 0.796603 9.9973E-05 9.9973E-05
0.74569 9.9982E-05 0.158371 0.0128418 0.0462339 9.9982E-05 0.0366628
0.9994 9.995E-05 9.995E-05 9.995E-05 9.995E-05 9.995E-05 9.995E-05
0.9994 9.995E-05 9.995E-05 9.995E-05 9.995E-05 9.995E-05 9.995E-05
0.966226 9.9955E-05 0.0332741 9.9955E-05 9.9955E-05 9.9955E-05 9.9955E-05
0.966782 9.9964E-05 9.9964E-05 0.0227796 9.9964E-05 9.9964E-05 0.0100383
0.95086 9.9955E-05 0.0486404 9.9955E-05 9.9955E-05 9.9955E-05 9.9955E-05
0.989032 9.9955E-05 9.9955E-05 9.9955E-05 0.0104684 9.9955E-05 9.9955E-05
0.85975 9.9955E-05 9.9955E-05 9.9955E-05 0.139751 9.9955E-05 9.9955E-05
0.0285528 0.0376299 9.9973E-05 9.9973E-05 0.883566 0.049951 9.9973E-05
0.140104 9.9964E-05 0.0594885 9.9964E-05 0.800008 9.9964E-05 9.9964E-05
0.0472748 0.00219163 0.00839699 0.0271246 0.889281 0.024889 0.000842432
0.0782604 0.00789629 0.00809378 9.9982E-05 0.874512 9.9982E-05 0.0310377
0.0844734 9.9991E-05 0.0256905 0.00494311 0.879868 0.000939329 0.00398531
0.0087362 9.9973E-05 0.0472906 9.9973E-05 0.923728 0.0199453 9.9973E-05
9.99822E-05 0.0700376 0.10767 0.0798153 0.729856 0.0124211 9.99822E-05
9.9964E-05 9.9964E-05 0.10416 9.9964E-05 0.894641 9.9964E-05 0.000799627
0.042549 0.0696128 0.133309 0.053175 0.701154 9.9982E-05 9.9982E-05
9.9964E-05 9.9964E-05 0.0183741 0.0702778 0.910948 9.9964E-05 9.9964E-05
9.9964E-05 0.0182776 9.9964E-05 9.9964E-05 0.972817 9.9964E-05 0.00850559
0.0105587 9.9991E-05 0.0324564 0.0253454 0.890044 0.0301297 0.0113654
9.9964E-05 9.9964E-05 9.9964E-05 9.9964E-05 0.990358 0.00438639 0.00485546
9.9964E-05 9.9964E-05 0.0292109 9.9964E-05 0.936088 9.9964E-05 0.0343009
9.9964E-05 9.9964E-05 0.0960525 0.0151986 0.888349 9.9964E-05 9.9964E-05
9.9964E-05 9.9964E-05 0.060473 0.0156471 0.92348 9.9964E-05 9.9964E-05
9.9964E-05 9.9964E-05 0.0983008 0.03436 0.866939 9.9964E-05 9.9964E-05
9.9964E-05 9.9964E-05 0.121551 0.0320789 0.84597 9.9964E-05 9.9964E-05
9.9964E-05 9.9964E-05 0.0963406 0.0774328 0.825827 9.9964E-05 9.9964E-05
0.16077 0.297095 0.415893 9.9982E-05 0.0556882 0.0703536 9.9982E-05
0.030102 0.225671 0.696681 9.9982E-05 0.0352572 0.0120889 9.9982E-05
0.0885816 0.106433 0.58831 0.0283034 0.106497 0.0810164 0.000858315
9.9973E-05 0.681616 0.120386 9.9973E-05 9.9973E-05 0.172612 0.0250865
0.140712 0.285041 0.509822 9.9982E-05 0.0430881 0.0211368 9.9982E-05
9.9964E-05 0.804995 0.126108 9.9964E-05 9.9964E-05 0.0684965 9.9964E-05
9.9982E-05 0.223593 0.659214 0.0136615 0.0476972 9.9982E-05 0.0556341
0.128962 0.331669 0.396768 9.9982E-05 0.0516737 0.0907279 9.9982E-05
0.0809246 0.315792 0.494168 9.9982E-05 0.0879544 0.0209611 9.9982E-05
0.0147165 9.9982E-05 0.477329 0.00286198 0.092168 0.412725 9.9982E-05
0.0890309 0.290683 0.449961 9.9982E-05 0.0793532 0.0907714 9.9982E-05
0.0493449 0.245998 0.666756 9.9991E-05 0.013156 0.0165031 0.0081418
0.111186 0.246947 0.510251 9.9991E-05 0.0566165 0.0263099 0.0485897
0.469536 0.106007 0.000874514 0.0776069 9.9991E-05 0.161044 0.184831
0.0300333 0.730505 9.9973E-05 9.9973E-05 9.9973E-05 0.114633 0.124529
0.0230821 0.687371 0.175259 9.9982E-05 9.9982E-05 0.109534 0.00455415
0.0536472 0.198542 0.632591 0.00134081 0.0746618 0.0391165 9.9991E-05
9.9973E-05 0.36919 0.523195 9.9973E-05 9.9973E-05 0.0967999 0.0105154
9.9982E-05 0.247311 0.588775 9.9982E-05 0.0420091 0.0623766 0.0593276
