9.9964E-05 9.9964E-05 9.9964E-05 0.911767 0.0270596 0.0607737 9.9964E-05
9.9973E-05 9.9973E-05 9.9973E-05 0.956401 0.0149977 0.0107563 0.0175451
0.0166012 9.9982E-05 0.070398 0.886292 0.00300798 9.9982E-05 0.0235012
0.00528806 0.0275437 0.121391 0.808631 0.0369463 9.9982E-05 9.9982E-05
9.9964E-05 0.0139829 0.0684792 0.917138 9.9964E-05 9.9964E-05 9.9964E-05
0.154176 9.9991E-05 0.0678372 0.617919 0.080675 0.0570274 0.0222657
0.173442 9.9982E-05 0.00804552 0.770942 0.0361008 0.01127 9.9982E-05
0.16091 9.9982E-05 0.0118648 0.70835 0.082272 0.0364031 9.9982E-05
0.0515158 9.99639E-05 9.99639E-05 0.818083 0.130001 9.99639E-05 9.99639E-05
0.124798 0.0113997 0.0428444 0.742643 0.0438405 0.020922 0.0135519
0.141784 9.9973E-05 0.0976605 0.735973 0.0242833 9.9973E-05 9.9973E-05
0.105167 9.9991E-05 0.252443 0.00760955 0.483639 0.0317609 0.11928
0.042882 9.9991E-05 0.574063 0.0244486 0.312379 0.0265884 0.0195394
0.0668949 0.0251371 0.27234 9.9991E-05 0.487139 0.062607 0.0857819
0.0444263 0.000378821 0.288156 0.0116184 0.473799 0.139299 0.0423232
0.0792335 9.9991E-05 0.428936 0.0548852 0.277011 0.115899 0.0439352
0.0799754 0.0221048 0.565165 9.9991E-05 0.21346 0.0797508 0.0394446
0.0550696 0.0222448 0.505533 0.0165769 0.266878 0.0397277 0.0939703
0.119728 9.9991E-05 0.295816 0.0749493 0.405814 0.0778575 0.0257352
0.153621 9.9982E-05 0.0800851 0.0167273 0.663927 9.9982E-05 0.0854398
0.109985 0.0202829 0.432427 0.000269854 0.312987 0.0196082 0.10444
0.181304 0.0999806 0.419054 9.9991E-05 0.197627 0.0375805 0.0643535
0.0484024 0.0179798 0.574442 0.0257828 0.212937 0.00300033 0.117456
0.124246 9.9991E-05 0.255578 0.0347321 0.419367 0.0559919 0.109984
0.0577036 0.0455211 0.651737 0.104503 0.114191 0.024515 0.00182983
0.064996 9.9982E-05 0.570694 0.024338 0.244624 9.9982E-05 0.0951473
0.075097 9.9991E-05 0.270426 0.0333741 0.515192 0.00935066 0.0964597
0.0756572 9.9991E-05 0.2816 0.0282977 0.431688 0.0695437 0.113113
0.176835 9.9973E-05 0.253398 9.9973E-05 0.478265 9.9973E-05 0.0912016
9.9964E-05 9.9964E-05 0.103144 0.881538 9.9964E-05 0.0149187 9.9964E-05
9.9964E-05 9.9964E-05 0.120236 0.873583 9.9964E-05 0.00578151 9.9964E-05
9.9973E-05 9.9973E-05 0.102802 0.810218 0.0088802 0.0778004 9.9973E-05
9.9973E-05 0.010043 0.167341 0.759091 9.9973E-05 0.0632253 9.9973E-05
0.111629 9.9982E-05 0.500535 0.0752048 0.103925 9.9982E-05 0.208506
9.9982E-05 9.9982E-05 0.481882 0.0933976 0.0966078 0.046801 0.281112
9.9982E-05 0.0195874 0.517868 0.0257958 9.9982E-05 0.0104146 0.426134
9.9982E-05 0.0402129 0.20766 0.0315331 0.647274 9.9982E-05 0.0731198
0.131487 0.0567469 0.231428 9.9982E-05 9.9982E-05 0.0163921 0.563746
9.9982E-05 9.9982E-05 0.513037 0.0997524 0.133889 0.0513092 0.201812
0.0425381 9.9973E-05 0.710338 0.0439 9.9973E-05 9.9973E-05 0.202924
0.203721 9.9982E-05 0.549934 0.0950718 0.0605585 9.9982E-05 0.0905142
0.0830985 9.9991E-05 0.595672 0.0882958 0.107222 0.0124214 0.113191
9.9973E-05 9.9973E-05 0.121634 0.0342497 0.174731 9.9973E-05 0.669086
0.239361 0.0134927 0.670694 0.0255534 0.045682 0.0051173 9.9991E-05
0.0396565 0.0486862 0.595 0.0917473 0.0361027 0.0197685 0.169039
0.0999955 0.00936654 0.594629 0.122294 0.018447 0.0228618 0.132406
0.0226643 0.0786731 0.335143 9.9973E-05 9.9973E-05 9.9973E-05 0.56322
9.9982E-05 9.9982E-05 0.611005 0.0761005 0.0492428 0.0215766 0.241875
0.0552448 0.00125148 0.550327 0.125947 0.019308 0.0285379 0.219384
0.323399 0.0425829 9.9964E-05 9.9964E-05 9.9964E-05 9.9964E-05 0.633619
0.0765685 0.0298546 0.185528 9.9982E-05 0.602105 9.9982E-05 0.105744
0.261327 0.134571 0.139378 9.9991E-05 0.238752 0.0544533 0.171419
0.100331 0.0620995 0.578461 0.026943 0.142714 0.0605908 0.0288611
0.124704 0.0724546 0.599425 0.0619118 0.0971066 0.0442973 9.9991E-05
0.102211 0.0758358 0.627206 0.0670085 0.0717959 0.0394607 0.0164829
0.0506717 9.9991E-05 0.211934 0.120445 0.494545 0.016585 0.105719
0.0486584 9.9991E-05 0.590233 0.00648494 0.314638 0.0138192 0.0260671
0.0571631 0.0149013 0.545565 0.0650144 0.137457 0.0667171 0.113182
0.0709562 0.103904 0.3658 0.081332 0.252254 0.0435476 0.0822056
0.160709 9.9991E-05 0.165275 0.127471 0.460017 0.0105357 0.0758924
0.067365 0.0283215 0.571174 0.049207 0.161397 0.0393098 0.0832261
0.0948359 0.0337563 0.506576 0.0682165 0.244377 0.0124948 0.0397428
0.114498 0.0148294 0.0961039 0.0681508 0.565554 9.9991E-05 0.140764
0.0246152 0.0426382 0.453127 9.9982E-05 0.359664 9.9982E-05 0.119755
0.05425 0.132467 0.583028 0.0545805 0.074268 0.0259664 0.0754402
0.0414287 0.0144911 0.620205 0.103036 0.144994 9.9991E-05 0.0757452
0.079967 9.9991E-05 0.325817 0.055747 0.39053 0.0315063 0.116333
0.085264 0.0481138 0.527364 0.0340741 0.178179 0.00868691 0.118319
9.9991E-05 0.0492762 0.535327 0.0380188 0.200657 0.0575355 0.119086
0.101213 0.0146759 0.229151 0.0215171 0.49077 9.9991E-05 0.142573
9.9964E-05 9.9964E-05 0.491775 0.0346491 9.9964E-05 9.9964E-05 0.473176
9.9973E-05 9.9973E-05 0.18273 0.0327925 0.0492741 9.9973E-05 0.734904
9.9982E-05 9.9982E-05 0.495689 0.136227 0.0377625 0.0482214 0.2819
0.0837082 0.0573917 9.9964E-05 9.9964E-05 9.9964E-05 9.9964E-05 0.8585
0.0683305 0.0676562 9.9964E-05 9.9964E-05 9.9964E-05 9.9964E-05 0.863613
0.0311623 0.0377602 0.215004 9.9973E-05 9.9973E-05 9.9973E-05 0.715774
9.9973E-05 9.9973E-05 0.443605 0.0444084 0.0697262 9.9973E-05 0.441961
0.0310597 0.0181319 0.5206 0.127982 0.0472674 0.0715827 0.183376
0.0293728 9.9973E-05 0.482774 9.9973E-05 9.9973E-05 0.0191021 0.468451
9.9973E-05 9.9973E-05 0.155463 0.0369177 0.154641 9.9973E-05 0.652679
9.9973E-05 9.9973E-05 0.271174 0.0292838 0.137217 9.9973E-05 0.562026
0.0123559 9.9991E-05 0.557256 0.0749854 0.0375945 0.0217179 0.29599
9.9973E-05 9.9973E-05 0.33029 0.0421132 0.0591189 9.9973E-05 0.568178
9.9973E-05 9.9973E-05 0.483253 0.00787343 0.0580995 9.9973E-05 0.450475
0.048896 0.031719 0.4368 0.00336641 9.9982E-05 9.9982E-05 0.479019
0.226555 0.105631 9.9964E-05 9.9964E-05 9.9964E-05 9.9964E-05 0.667413
9.9991E-05 0.012907 0.598422 0.025425 0.0402124 0.0401502 0.282783
9.9973E-05 9.9973E-05 0.0830277 0.832657 0.0780747 0.00594107 9.9973E-05
9.9955E-05 9.9955E-05 0.0794123 0.920088 9.9955E-05 9.9955E-05 9.9955E-05
9.9964E-05 9.9964E-05 0.111648 0.848672 9.9964E-05 0.0392799 9.9964E-05
9.9964E-05 9.9964E-05 0.0353809 0.924718 9.9964E-05 0.0395015 9.9964E-05
9.9973E-05 0.00522036 0.00854711 0.960254 9.9973E-05 0.0256782 9.9973E-05
9.9973E-05 0.0122331 0.0691961 0.871647 9.9973E-05 0.0466243 9.9973E-05
9.9955E-05 9.9955E-05 0.0844372 0.915063 9.9955E-05 9.9955E-05 9.9955E-05
0.0275748 0.0252177 0.485068 0.0738852 0.0992197 0.0681538 0.220881
0.030583 0.0489298 0.529973 0.127092 0.0581365 0.0378814 0.167404
9.9982E-05 0.014791 0.0257857 0.0486744 0.190498 9.9982E-05 0.720051
0.00262514 0.0391706 0.570907 0.125928 0.0715128 0.0205401 0.169316
9.9973E-05 9.9973E-05 0.409198 0.0542368 0.120789 9.9973E-05 0.415477
9.9982E-05 9.9982E-05 0.527381 0.0574221 0.0186653 0.00829932 0.388032
0.0945196 0.0293172 0.565365 0.0170215 9.9982E-05 9.9982E-05 0.293577
9.9982E-05 0.0491807 0.492582 9.9982E-05 0.0548816 0.0258286 0.377328
9.9964E-05 9.9964E-05 9.9964E-05 0.0513435 0.229573 9.9964E-05 0.718684
9.9991E-05 0.0675402 0.497196 0.0954269 0.125316 0.0411295 0.173292
0.0676309 9.9982E-05 0.712185 0.0753183 0.0177593 9.9982E-05 0.126906
0.0732373 0.00475738 0.582924 0.10876 0.0301056 0.0234926 0.176724
0.144974 0.0618625 0.280977 9.9982E-05 0.0352741 9.9982E-05 0.476712
9.9982E-05 0.0634284 0.469228 0.00622034 9.9982E-05 0.00741954 0.453504
9.9973E-05 9.9973E-05 0.465151 0.0313992 0.125638 9.9973E-05 0.377512
0.000435309 0.0958388 0.374501 9.9982E-05 9.9982E-05 0.000364292 0.528661
9.9982E-05 0.0190795 0.40624 0.0458286 0.113303 9.9982E-05 0.41535
9.9991E-05 0.0103508 0.523504 0.109206 0.0995032 0.0566963 0.200639
0.0975912 0.151928 0.282518 9.9991E-05 0.400837 0.0420487 0.0249762
0.109041 9.9982E-05 0.443182 0.0724647 0.343261 9.9982E-05 0.0318508
0.0716382 0.0290304 0.516805 0.0603527 0.228358 0.081952 0.0118639
0.0643539 0.0221294 0.606889 0.0590715 0.190609 0.00592268 0.051024
0.0333122 0.0077753 0.501914 0.0336322 0.382878 0.0093404 0.0311473
0.0442623 0.0567151 0.576956 0.0549366 0.222012 0.0450178 9.9991E-05
9.9982E-05 0.0187429 0.496092 0.0516397 0.415554 9.9982E-05 0.0177707
0.0918447 0.0583995 0.560789 0.0804499 0.1297 0.0141902 0.0646274
9.9991E-05 0.0643645 0.540568 0.0733524 0.207384 0.0827075 0.0315239
0.0746147 0.0262024 0.597555 0.0280123 0.273415 9.9982E-05 9.9982E-05
0.00804146 0.0264537 0.568436 0.0265968 0.32618 9.9991E-05 0.0441922
0.048857 0.0783175 0.652623 0.0260844 0.180309 0.0137088 9.9991E-05
0.0872993 0.10152 0.596036 0.0824982 0.0829813 0.0385988 0.0110663
0.06635 0.0924728 0.561344 9.9991E-05 0.183257 0.0742613 0.0222147
0.113627 0.0176027 0.568334 0.0780351 0.160089 0.0465471 0.0157657
0.00245603 0.153856 0.579973 9.9982E-05 0.207961 0.055554 9.9982E-05
0.150832 0.105399 0.330846 0.0729234 0.2915 0.0368257 0.0116733
0.030222 0.0564518 0.601412 0.0353897 0.211233 0.0379068 0.027385
0.035132 0.111741 0.663003 0.0040506 0.149347 0.0366263 9.9991E-05
9.9991E-05 0.0278964 0.22358 0.00123893 0.591396 0.0274484 0.128341
0.197253 0.190657 0.161025 9.9991E-05 0.354717 0.0253595 0.0708889
0.0237902 0.0318289 0.534519 0.0710602 0.225203 0.0145792 0.0990199
0.214097 0.218569 0.0895798 9.9982E-05 0.365928 9.9982E-05 0.111626
0.0105274 0.0462509 0.370236 9.9982E-05 0.555266 9.9982E-05 0.0175198
9.9973E-05 0.0604159 0.455063 9.9973E-05 0.43646 9.9973E-05 0.0477609
9.9982E-05 0.0149166 0.371976 0.0223528 0.451922 9.9982E-05 0.138633
0.02532 0.00435829 0.386908 9.9982E-05 0.500849 9.9982E-05 0.0823654
0.0883843 0.0795582 0.593997 0.0244413 0.180839 0.0108761 0.0219043
0.113846 0.0638756 0.533251 0.0521955 0.141754 0.0692571 0.0258201
9.9991E-05 0.0560664 0.573959 0.0621944 0.230256 0.0102507 0.0671733
0.156425 0.160478 0.192917 9.9991E-05 0.398893 0.0107095 0.0804771
0.11039 0.039975 0.497137 0.112655 0.135954 0.0309757 0.0729126
0.214982 0.0785143 0.531499 0.0774435 0.0122936 0.0204145 0.0648531
0.669923 0.104914 9.9982E-05 0.0288778 0.0901436 9.9982E-05 0.105941
0.118608 0.0247287 0.678402 0.0612423 0.0114835 0.0430653 0.0624705
0.332076 0.0710141 0.322573 0.0603713 0.0848557 0.00411014 0.125
0.181058 0.0572133 0.529523 0.0974451 0.10157 0.028428 0.00476265
0.439084 0.0423343 0.264447 0.0409494 0.12494 9.9991E-05 0.0881457
0.497745 0.132424 0.106472 0.00914989 0.143034 9.9991E-05 0.111075
0.334678 0.0576248 0.421916 0.010623 0.0646822 0.0180443 0.092432
0.195849 0.0353937 0.474746 0.068474 0.0736681 0.0486384 0.103231
0.172023 0.0878686 0.441608 0.131882 0.116569 0.0499489 9.9991E-05
0.355238 0.147404 0.0807676 0.0161084 0.129375 0.0843542 0.186752
0.111689 0.0583889 0.544715 0.0556045 0.109977 0.0323537 0.0872726
0.367159 0.110447 0.344872 9.9982E-05 0.0979113 9.9982E-05 0.0794108
0.261521 0.124996 0.442593 9.9982E-05 0.101334 9.9982E-05 0.069356
0.16894 9.9991E-05 0.598922 0.0630405 0.0778509 0.0191983 0.071948
0.234564 9.9991E-05 0.138593 0.348383 0.00639276 0.248489 0.0234772
0.45508 9.9964E-05 9.9964E-05 0.416185 9.9964E-05 0.128336 9.9964E-05
0.486173 9.9964E-05 9.9964E-05 0.386175 9.9964E-05 0.127252 9.9964E-05
0.307833 9.9982E-05 0.069127 0.324249 0.0364254 0.262165 9.9982E-05
0.253015 0.0688352 0.585522 9.9982E-05 9.9982E-05 0.00172079 0.0907067
0.133809 0.0138691 0.587376 0.0984044 0.0718371 0.0332601 0.0614445
9.9964E-05 9.9964E-05 0.305944 9.9964E-05 0.0095867 0.68407 9.9964E-05
9.9991E-05 0.0143807 0.440828 0.0213868 0.0878193 0.408491 0.0269941
9.9991E-05 0.0586463 0.415551 0.10326 0.0192839 0.358826 0.0443336
0.449064 0.166329 0.274041 9.9982E-05 0.0481169 9.9982E-05 0.0622491
0.202304 9.9991E-05 0.496824 0.0885849 0.0953724 0.0352444 0.0815698
0.529596 0.0613558 0.307621 9.9982E-05 0.075256 9.9982E-05 0.0259707
0.312147 0.0663801 0.60302 0.0126066 0.00564603 9.9982E-05 9.9982E-05
0.29353 0.102541 0.510603 0.0108924 0.0822337 9.9982E-05 9.9982E-05
0.307494 0.0658618 0.596792 9.9973E-05 9.9973E-05 9.9973E-05 0.0295529
0.593169 0.0743296 0.231722 9.9982E-05 0.0531707 9.9982E-05 0.0474081
0.225124 0.0126944 0.651709 0.049531 9.9982E-05 9.9982E-05 0.0607424
0.188871 0.0428286 0.580398 0.0783174 0.03293 0.00890429 0.0677508
9.9964E-05 9.9964E-05 0.0185197 9.9964E-05 9.9964E-05 0.973482 0.00759864
9.9973E-05 0.00189448 0.104467 9.9973E-05 0.00613948 0.887199 9.9973E-05
9.9991E-05 0.0256208 0.266817 0.0447511 0.0655518 0.540144 0.0570153
9.9982E-05 0.0054476 0.376974 9.9982E-05 0.000738044 0.604715 0.011925
9.9973E-05 9.9973E-05 0.130962 9.9973E-05 0.0437083 0.81917 0.00585985
9.995E-05 9.995E-05 9.995E-05 9.995E-05 9.995E-05 0.9994 9.995E-05
9.9955E-05 9.9955E-05 9.9955E-05 9.9955E-05 0.0362367 0.963264 9.9955E-05
9.9955E-05 9.9955E-05 0.177538 9.9955E-05 9.9955E-05 0.821962 9.9955E-05
9.9964E-05 9.9964E-05 9.9964E-05 0.00401258 0.0434376 0.95215 9.9964E-05
9.995E-05 9.995E-05 9.995E-05 9.995E-05 9.995E-05 0.9994 9.995E-05
9.995E-05 9.995E-05 9.995E-05 9.995E-05 9.995E-05 0.9994 9.995E-05
9.9964E-05 9.9964E-05 0.197241 9.9964E-05 0.0118392 0.79052 9.9964E-05
9.9982E-05 9.9982E-05 0.0735375 0.0384482 0.0467837 0.810999 0.0300312
9.995E-05 9.995E-05 9.995E-05 9.995E-05 9.995E-05 0.9994 9.995E-05
0.0487386 9.9991E-05 0.36204 0.0730344 0.111717 0.357907 0.0464631
0.00194986 0.00300095 0.265969 0.039973 0.0541699 0.634837 9.9991E-05
9.9973E-05 9.9973E-05 0.145133 0.0339833 0.00546556 0.815118 9.9973E-05
9.9964E-05 9.9964E-05 0.0836607 9.9964E-05 9.9964E-05 0.884534 0.0314058
9.995E-05 9.995E-05 9.995E-05 9.995E-05 9.995E-05 0.9994 9.995E-05
9.9955E-05 9.9955E-05 0.0457503 9.9955E-05 9.9955E-05 0.95375 9.9955E-05
9.995E-05 9.995E-05 9.995E-05 9.995E-05 9.995E-05 0.9994 9.995E-05
0.0225136 9.9982E-05 0.276887 0.0330907 0.0214163 0.645893 9.9982E-05
9.9982E-05 0.0149331 9.9982E-05 0.0100746 0.00238326 0.955281 0.0171281
0.680571 0.043885 9.9973E-05 0.204787 9.9973E-05 0.0704569 9.9973E-05
0.309709 9.9982E-05 0.393964 0.194379 0.0255535 0.0761947 9.9982E-05
0.305247 0.0353916 0.495406 0.124387 9.9982E-05 0.0393675 9.9982E-05
0.529085 9.9973E-05 0.236077 0.138539 9.9973E-05 0.0959985 9.9973E-05
0.186048 9.9991E-05 0.467739 0.125272 0.048871 0.100659 0.071311
0.536956 9.9982E-05 0.175216 0.183601 9.9982E-05 0.090104 0.0139225
0.191652 0.0206722 0.466504 0.161457 0.0495542 0.0984877 0.011672
0.420769 9.9982E-05 0.354541 0.10304 0.0105484 0.110902 9.9982E-05
0.273151 0.00789294 0.499235 0.127119 9.9982E-05 0.0924025 9.9982E-05
0.329151 9.9982E-05 0.360386 0.159046 9.9982E-05 0.0902481 0.0609694
0.212533 0.0145479 0.430872 0.134455 0.0478266 0.104572 0.055194
0.0305995 0.0044159 0.0596503 0.894168 0.010966 9.9982E-05 9.9982E-05
9.9964E-05 0.0272689 9.9964E-05 0.900606 9.9964E-05 0.0717254 9.9964E-05
9.9973E-05 0.00391857 0.0115164 0.963217 0.0210478 9.9973E-05 9.9973E-05
0.019629 9.9964E-05 9.9964E-05 0.97594 9.9964E-05 9.9964E-05 0.00403109
0.0130332 9.9973E-05 0.0481651 0.921512 0.0169896 9.9973E-05 9.9973E-05
0.0134389 0.00191472 0.00647858 0.959896 9.9982E-05 0.0180717 9.9982E-05
9.9973E-05 9.9973E-05 0.0549394 0.931871 0.00737229 0.00551695 9.9973E-05
9.9964E-05 0.0125711 9.9964E-05 0.932941 0.0540883 9.9964E-05 9.9964E-05
0.0364835 9.9991E-05 0.00336652 0.889293 0.0265661 0.0264469 0.0177442
0.0651183 0.0147931 9.9982E-05 0.869884 0.0252134 0.0247916 9.9982E-05
0.0646137 9.9973E-05 9.9973E-05 0.591199 0.305999 9.9973E-05 0.0378879
0.0578651 0.021355 9.9982E-05 0.594887 0.324673 9.9982E-05 0.00101991
0.082087 9.9973E-05 9.9973E-05 0.520308 0.341987 9.9973E-05 0.0553185
0.109024 9.9973E-05 9.9973E-05 0.452051 0.402165 9.9973E-05 0.0364605
9.9982E-05 9.9982E-05 0.480673 0.0386372 0.198042 0.000513915 0.281934
9.9991E-05 0.0619741 0.446382 0.0459326 0.083366 0.044446 0.317799
9.9991E-05 0.0203821 0.519483 0.0626506 0.18996 0.00450924 0.202915
9.9982E-05 0.00874853 0.37413 0.0314852 0.298671 9.9982E-05 0.286766
9.9982E-05 0.102239 0.204507 9.9982E-05 0.592267 0.0103504 0.090436
9.9982E-05 0.0566225 0.668461 0.0365517 0.0127034 9.9982E-05 0.225461
9.9982E-05 0.022721 0.626436 9.9982E-05 0.107794 0.0125895 0.23026
0.0581744 0.0575409 0.515126 0.000307181 0.0399735 9.9991E-05 0.328778
0.0339376 0.0502944 0.374292 9.9973E-05 9.9973E-05 9.9973E-05 0.541176
0.0769161 0.0239018 0.616849 0.0603023 0.0854205 0.00305687 0.133554
9.9973E-05 9.9973E-05 0.400034 0.0220187 0.0695711 9.9973E-05 0.508077
0.0634627 0.14717 9.9964E-05 9.9964E-05 9.9964E-05 9.9964E-05 0.788968
0.0231891 0.0908007 0.563305 0.048595 0.155984 0.00862365 0.109502
0.115777 0.0833761 0.143814 9.9973E-05 9.9973E-05 9.9973E-05 0.656733
9.9991E-05 0.0478675 0.53278 0.0223713 0.0468361 0.00381661 0.346229
9.9973E-05 9.9973E-05 0.136292 0.0338277 0.159307 9.9973E-05 0.670273
0.0398506 0.00183652 0.00161982 0.139994 0.816499 9.9982E-05 9.9982E-05
0.00572708 0.0638481 0.067556 0.11833 0.744339 9.9982E-05 9.9982E-05
0.0613045 9.9982E-05 0.0288433 0.114481 0.786236 9.9982E-05 0.00893506
0.0414445 0.00189167 9.9982E-05 0.135062 0.799516 9.9982E-05 0.0218855
0.0241461 9.9982E-05 0.117297 0.0458351 0.800648 9.9982E-05 0.0118732
0.0348134 0.0394559 0.0843596 0.0837029 0.74753 0.0100379 9.9991E-05
9.9982E-05 0.0106613 9.9982E-05 0.861653 0.0258564 0.0606878 0.0409418
9.9991E-05 0.000694304 0.0883146 0.82595 0.0165982 0.0283898 0.039953
9.9982E-05 9.9982E-05 0.115424 0.786829 0.0274076 0.047849 0.0222909
9.9982E-05 9.9982E-05 0.00178901 0.849942 0.0172972 0.0792745 0.0514969
0.0255748 9.9982E-05 0.12991 0.766317 0.0241247 0.0538731 9.9982E-05
0.0858339 9.9964E-05 9.9964E-05 0.368964 0.544802 9.9964E-05 9.9964E-05
0.0150157 0.021026 9.9973E-05 0.4336 0.530059 9.9973E-05 9.9973E-05
9.9982E-05 0.0214882 0.0182445 0.426736 0.532303 0.00102863 9.9982E-05
9.9973E-05 0.00671887 0.117713 0.860194 0.015074 9.9973E-05 9.9973E-05
9.9973E-05 0.0457783 9.9973E-05 0.386965 0.547485 9.9973E-05 0.0194714
0.179577 0.00245354 0.297044 0.24271 9.9982E-05 0.278015 9.9982E-05
0.06337 0.024725 0.521916 0.140767 0.0370381 0.184948 0.0272366
9.9964E-05 9.9964E-05 0.582181 0.18536 9.9964E-05 0.232059 9.9964E-05
0.145028 0.0208333 0.319742 0.259314 9.9991E-05 0.236884 0.0180988
0.085915 0.000850734 0.528062 0.167586 0.04984 0.0996564 0.0680895
0.297293 9.9964E-05 9.9964E-05 0.395361 9.9964E-05 0.306946 9.9964E-05
0.020643 0.0712 0.441086 9.9982E-05 0.403453 9.9982E-05 0.0634176
0.146912 0.128483 0.423753 9.9991E-05 0.208199 0.0161004 0.0764522
0.0583893 0.0384046 0.29444 9.9982E-05 0.537887 9.9982E-05 0.0706799
0.0762518 0.174851 0.512318 9.9982E-05 0.163806 9.9982E-05 0.0725734
0.327435 0.256994 9.9973E-05 9.9973E-05 0.317837 9.9973E-05 0.0974342
0.067843 0.0151884 0.604516 0.10628 0.148284 0.00886399 0.0490248
0.104495 0.107274 0.501829 0.0244976 0.159413 0.0413377 0.0611546
0.0756119 9.9982E-05 0.338746 0.0322928 0.453057 9.9982E-05 0.100092
0.0492525 0.0464496 0.497389 0.0551701 0.169848 0.0667658 0.115125
0.261122 0.138247 0.138034 9.9982E-05 0.293059 9.9982E-05 0.169338
0.109938 0.0811371 0.563019 0.0161726 0.1779 0.0140662 0.0377667
9.9982E-05 0.0534491 0.506126 0.0269492 0.340309 9.9982E-05 0.072967
0.113524 0.0874671 0.379315 0.0779237 0.106455 0.155789 0.0795253
0.134704 0.12691 0.34273 9.9991E-05 0.254515 0.00804509 0.132995
0.150113 0.0792063 0.429843 9.9991E-05 0.197491 0.0250311 0.118216
0.0590917 0.139398 0.565959 9.9991E-05 0.161236 0.00988281 0.0643326
0.0671636 0.0989251 0.557657 9.9982E-05 0.186035 9.9982E-05 0.0900198
0.0293809 0.0939015 0.62551 0.0437673 0.0730172 0.0519936 0.0824301
0.0642621 0.00492642 0.563859 0.0752503 0.146175 0.0384957 0.107032
0.0153114 0.0108131 0.590515 0.09233 0.159731 0.00950299 0.121797
9.9964E-05 9.9964E-05 0.112586 0.852939 9.9964E-05 0.0340752 9.9964E-05
9.9964E-05 9.9964E-05 0.107772 0.883572 9.9964E-05 9.9964E-05 0.00825673
0.00975022 9.9973E-05 0.0442649 0.904878 9.9973E-05 9.9973E-05 0.0408074
9.9964E-05 9.9964E-05 9.9964E-05 0.918372 9.9964E-05 0.0412592 0.0399692
9.9955E-05 9.9955E-05 0.0938712 0.905629 9.9955E-05 9.9955E-05 9.9955E-05
0.076681 0.00930996 0.143475 0.0306764 0.584726 0.0421501 0.112981
0.0615975 0.0956247 0.530933 0.0426767 0.162973 0.0408879 0.0653064
0.142069 0.0178869 0.449091 0.179784 9.9982E-05 0.210969 9.9982E-05
0.0177108 0.0227239 0.653423 0.042633 0.189759 0.0166113 0.0571383
0.040339 9.9982E-05 0.550607 9.9982E-05 0.351849 0.00688546 0.0501196
0.169282 0.175094 0.278286 9.9982E-05 0.32017 9.9982E-05 0.0569676
0.0572094 0.0114804 0.0234885 0.0612885 0.78132 0.00402619 0.0611869
9.9973E-05 9.9973E-05 0.506291 0.0464859 0.377594 9.9973E-05 0.0693295
0.0248641 0.0174449 0.254181 0.0530694 0.59023 0.0456292 0.0145808
0.100421 0.0532424 0.42982 0.00665895 0.178834 0.0516364 0.179387
0.0426948 0.070028 0.182102 0.0744138 0.630561 9.9982E-05 9.9982E-05
9.9991E-05 0.0401959 0.546121 0.0785169 0.264483 0.0500742 0.0205096
0.0679439 9.9991E-05 0.171896 0.0467816 0.572086 0.0130392 0.128153
0.0970068 0.146545 0.2535 9.9991E-05 0.294078 0.0841405 0.12463
0.181404 0.0787851 0.533713 0.0800012 0.0797065 9.9991E-05 0.0462902
0.416586 0.090269 0.311606 9.9982E-05 0.118105 9.9982E-05 0.0632349
0.332846 0.00994016 0.569307 0.0187579 0.0330825 9.9991E-05 0.0359671
0.231845 0.0158612 0.562467 0.0784029 0.0740904 0.019839 0.0174939
0.509179 0.062923 0.280088 9.9982E-05 0.0521181 9.9982E-05 0.0954917
0.139865 0.0407344 0.522667 0.0721473 0.0588905 0.0465023 0.119193
0.297762 0.0785491 0.535821 0.000993465 0.0319996 9.9991E-05 0.0547748
0.54343 0.164524 0.145007 9.9982E-05 0.0236272 9.9982E-05 0.123212
0.629839 0.0624274 0.225835 9.9982E-05 0.0250963 9.9982E-05 0.0566021
0.368717 0.0372197 0.476195 9.9982E-05 0.0839168 9.9982E-05 0.033751
0.570657 0.0973586 0.0801166 9.9982E-05 0.0455392 9.9982E-05 0.206129
0.336001 0.046096 0.454201 9.9982E-05 0.0759853 9.9982E-05 0.0875174
9.9982E-05 0.0354881 0.150612 9.9982E-05 0.673128 0.0324811 0.10809
0.0503486 0.268539 0.155318 9.9991E-05 0.399801 0.0770213 0.0488725
9.9991E-05 0.0524294 0.392897 0.0300199 0.445283 0.0716299 0.00764056
0.00107743 9.9991E-05 0.581223 0.0360892 0.280816 0.0526945 0.0479998
9.9982E-05 0.0211811 0.215195 9.9982E-05 0.588894 0.0351269 0.139403
0.096418 0.0128607 0.500049 0.0203913 0.206399 0.0751657 0.0887165
0.0278621 0.049621 0.605227 0.0394316 0.257609 0.0201496 9.9991E-05
0.0816909 0.0538326 0.468392 9.9991E-05 0.236116 0.0647943 0.0950738
9.9991E-05 0.0828785 0.50231 0.0177379 0.286232 0.0515937 0.0591478
0.00743169 0.00897337 0.500576 0.0254231 0.419355 0.00986415 0.0283773
0.0066652 0.0266401 0.283758 9.9991E-05 0.529133 0.0432534 0.110451
9.9982E-05 0.0418941 0.399591 9.9982E-05 0.455416 0.0655807 0.0373184
0.0984911 0.0491304 0.588601 9.9991E-05 0.228835 0.00768722 0.0271545
0.0786606 0.050191 0.59143 0.0243257 0.137233 0.0811147 0.0370451
0.109686 0.0997103 0.301855 0.0369541 0.295556 0.100226 0.0560131
9.9982E-05 0.150214 0.451691 9.9982E-05 0.207548 0.0967354 0.0936116
0.0137867 0.00724538 0.381645 9.9991E-05 0.478059 0.060134 0.0590302
0.0216781 0.0575973 0.55413 0.0205422 0.244594 0.0484243 0.0530336
9.9991E-05 0.0396148 0.420303 0.0515704 0.309849 0.0940474 0.0845162
0.0778991 0.0643392 0.54177 0.083539 0.130681 0.0563741 0.0453972
0.0533883 9.9982E-05 0.467662 0.3341 0.0493053 0.0953444 9.9982E-05
0.0996766 0.0485391 0.576916 0.141757 0.0171939 0.115817 9.9991E-05
0.0841273 0.0414131 0.468092 0.126737 0.0760562 0.137026 0.0665484
0.094638 0.113095 0.532706 0.122005 0.0131296 0.124326 9.9991E-05
0.116147 0.0459283 0.431458 0.181339 9.9991E-05 0.176805 0.0482238
0.107992 0.166239 0.513921 9.9982E-05 0.180949 9.9982E-05 0.0307001
0.0649928 0.00738473 0.504972 0.134027 0.0510341 0.13454 0.103049
0.397782 0.0420582 0.0294433 0.156602 0.111207 0.181109 0.0817989
0.136513 0.00590921 0.608052 0.0868687 0.0623474 0.100209 9.9991E-05
0.0623445 0.046412 0.546001 0.111726 0.0420492 0.142263 0.0492032
0.0886391 0.0703646 0.519223 0.0699366 0.0968114 0.139605 0.0154198
0.177155 0.140646 0.300269 0.179577 0.058033 0.0950864 0.0492331
0.0661337 0.00579195 0.549582 0.174179 0.0754358 0.109819 0.0190582
0.0534742 0.0804528 0.536643 0.193572 9.9982E-05 0.135658 9.9982E-05
0.451122 9.9964E-05 9.9964E-05 0.434629 9.9964E-05 0.113849 9.9964E-05
0.00619464 0.0196759 0.455861 0.172096 0.061374 0.181542 0.103256
0.055019 0.0452609 0.568521 0.158799 9.9982E-05 0.172201 9.9982E-05
0.0869613 0.0558905 0.558251 0.122198 0.0374524 0.101436 0.03781
0.109845 0.0360777 0.518674 0.171077 9.9982E-05 0.164126 9.9982E-05
0.0805535 9.9991E-05 0.536267 0.228422 0.0270739 0.0794358 0.0481487
9.9982E-05 0.430391 0.41886 0.0696832 0.00421927 9.9982E-05 0.0766464
9.9991E-05 0.245128 0.493266 0.0992406 0.0458047 0.0277374 0.0887231
0.0323695 0.8834 9.9973E-05 9.9973E-05 0.054981 9.9973E-05 0.0289499
0.000672513 0.939521 9.9964E-05 9.9964E-05 0.0594067 9.9964E-05 9.9964E-05
0.0327436 0.300239 0.481171 0.0951391 0.0190033 0.0288112 0.0428926
0.10917 0.114016 0.348499 0.131915 9.9982E-05 0.296201 9.9982E-05
0.0045105 0.238846 0.329793 0.171298 9.9982E-05 0.255353 9.9982E-05
0.101558 0.297148 0.10286 0.179893 9.9982E-05 0.31834 9.9982E-05
0.0304254 0.243253 0.312932 0.160128 9.9982E-05 0.253061 9.9982E-05
0.0880082 0.725925 0.0262126 0.115447 9.9982E-05 0.0442078 9.9982E-05
0.0116793 0.731643 0.0657703 0.119553 9.9982E-05 0.0711542 9.9982E-05
9.9982E-05 0.370085 0.533105 0.0394743 9.9982E-05 0.0453417 0.0117946
9.9973E-05 0.495747 0.308859 0.082007 9.9973E-05 0.113087 9.9973E-05
9.9973E-05 0.722715 0.145926 0.0609894 9.9973E-05 0.0700698 9.9973E-05
0.0100095 0.300222 0.529705 0.0744606 0.0337249 0.0517775 9.9991E-05
0.0234392 0.340722 0.549356 0.0474561 9.9982E-05 0.0388269 9.9982E-05
0.0624149 0.181186 0.469406 0.0970982 9.9991E-05 0.0812004 0.108595
9.9982E-05 0.669383 0.281435 0.0201114 0.0285556 9.9982E-05 0.000314275
0.0282615 0.487376 0.36422 0.0129158 0.0505008 9.9991E-05 0.0566252
0.00168802 0.352293 0.515847 0.034126 0.0534601 9.9991E-05 0.0424861
0.069703 0.361655 0.432758 0.00746113 0.0967013 0.0316215 9.9991E-05
9.9991E-05 0.27579 0.475037 0.118503 0.0641175 0.0335662 0.0328871
0.0593444 0.483564 0.407997 0.00154265 0.0257655 9.9991E-05 0.0216864
9.9982E-05 0.802168 0.127786 0.030523 0.0197297 9.9982E-05 0.0195931
9.9964E-05 0.389959 0.593683 0.0159579 9.9964E-05 9.9964E-05 9.9964E-05
9.9964E-05 0.798383 0.122973 9.9964E-05 0.0782442 9.9964E-05 9.9964E-05
9.9964E-05 0.584283 0.376477 0.0388404 9.9964E-05 9.9964E-05 9.9964E-05
9.9982E-05 0.325841 0.484901 0.107066 0.0223688 9.9982E-05 0.0596232
9.9991E-05 0.347575 0.495673 0.0476373 0.0765521 0.00462849 0.0278347
0.100404 0.0420232 0.48853 0.195985 0.042681 0.123904 0.00647215
0.0759065 0.132796 0.421699 0.149816 0.0347804 0.123928 0.0610728
0.120988 0.109358 0.315585 0.184002 9.9982E-05 0.269867 9.9982E-05
0.107893 0.142753 0.306611 0.213367 0.00338696 0.213159 0.0128303
0.0764063 0.0396376 0.469749 0.147944 0.0691249 0.18921 0.00792733
0.0686201 0.180421 0.449278 0.179222 0.0194573 0.102901 9.9991E-05
0.0367424 0.687109 9.9973E-05 0.190321 9.9973E-05 0.0855279 9.9973E-05
9.9982E-05 0.165912 0.53534 0.0970216 9.9982E-05 0.192745 0.00878156
0.252579 0.356457 9.9973E-05 0.308618 9.9973E-05 0.082046 9.9973E-05
9.9973E-05 0.325207 0.44651 0.0767625 9.9973E-05 0.151221 9.9973E-05
9.9955E-05 0.934206 0.0652942 9.9955E-05 9.9955E-05 9.9955E-05 9.9955E-05
9.9955E-05 0.919056 9.9955E-05 9.9955E-05 9.9955E-05 9.9955E-05 0.0804438
9.9964E-05 0.561188 0.430284 9.9964E-05 0.00812742 9.9964E-05 9.9964E-05
9.9973E-05 0.420792 0.565376 0.0103209 9.9973E-05 0.0032117 9.9973E-05
9.9955E-05 0.631287 0.368213 9.9955E-05 9.9955E-05 9.9955E-05 9.9955E-05
9.9955E-05 0.447255 0.552245 9.9955E-05 9.9955E-05 9.9955E-05 9.9955E-05
9.9955E-05 0.496696 0.502804 9.9955E-05 9.9955E-05 9.9955E-05 9.9955E-05
9.9991E-05 0.00754427 0.00304197 0.86837 0.0716985 0.0282573 0.0209877
0.0419792 0.0477823 0.0317613 0.731791 0.0634276 0.0831587 9.9991E-05
9.9982E-05 0.0415017 0.0125712 0.925294 0.0115522 0.00888061 9.9982E-05
0.0264146 9.9964E-05 0.0373286 0.935857 9.9964E-05 9.9964E-05 9.9964E-05
0.0125601 0.0387819 0.500741 0.046889 0.0267556 0.039239 0.335034
0.00593037 9.9991E-05 0.553 0.0141993 0.0910008 0.0130341 0.322735
9.9973E-05 9.9973E-05 0.509983 0.0374177 0.0363944 9.9973E-05 0.415905
0.0201192 9.9991E-05 0.582964 0.0743508 0.0864788 0.00933922 0.226648
0.0745276 0.0151346 0.565418 0.107403 0.0844516 0.00501965 0.148045
9.9973E-05 9.9973E-05 0.290096 0.058767 0.0797789 9.9973E-05 0.571059
9.9973E-05 0.0103721 0.632627 0.0228331 9.9973E-05 9.9973E-05 0.333868
0.0825035 0.0977084 0.23483 9.9982E-05 9.9982E-05 0.0158306 0.568927
0.0430803 9.9982E-05 0.383474 0.294318 0.11742 0.161508 9.9982E-05
0.072751 0.121612 0.356076 9.9982E-05 9.9982E-05 0.0304789 0.418883
9.9973E-05 9.9973E-05 0.359628 0.00385487 0.114004 9.9973E-05 0.522213
0.0660358 0.042304 0.54106 9.9973E-05 9.9973E-05 9.9973E-05 0.3503
9.9973E-05 9.9973E-05 0.403873 0.0273977 0.10894 9.9973E-05 0.459489
9.9973E-05 0.0612965 0.524326 9.9973E-05 9.9973E-05 0.00521765 0.40886
9.9982E-05 0.0192303 0.527139 0.0624557 0.00936126 9.9982E-05 0.381614
0.0755818 0.0981341 9.9964E-05 9.9964E-05 9.9964E-05 9.9964E-05 0.825884
0.0602318 0.0732537 0.274867 9.9982E-05 9.9982E-05 0.0242303 0.567217
9.9973E-05 0.0762568 0.329824 9.9973E-05 9.9973E-05 0.00148016 0.592139
0.115079 0.0654993 9.9964E-05 9.9964E-05 9.9964E-05 9.9964E-05 0.819022
9.9973E-05 9.9973E-05 0.423901 0.0464022 0.13411 9.9973E-05 0.395286
0.243693 0.0990151 0.0441761 9.9973E-05 9.9973E-05 9.9973E-05 0.612815
0.155542 0.0210541 9.9964E-05 9.9964E-05 9.9964E-05 9.9964E-05 0.823004
0.0154343 0.0556402 0.555419 0.0447758 9.9991E-05 0.0282772 0.300354
9.9982E-05 9.9982E-05 0.18503 0.0462135 0.142949 0.00739631 0.618212
9.9973E-05 9.9973E-05 0.467224 0.0408209 0.0674512 9.9973E-05 0.424204
0.0674084 9.9991E-05 0.592317 0.146546 0.0157134 0.0184941 0.159422
9.9982E-05 9.9982E-05 0.525446 0.0219937 0.0778949 0.00898623 0.365479
0.140568 0.141777 0.36459 9.9991E-05 0.292655 0.00371818 0.0565918
9.9991E-05 0.0280573 0.508456 0.040563 0.0484762 0.0026532 0.371695
0.0336151 9.9982E-05 0.528072 0.0247264 0.0882693 9.9982E-05 0.325117
0.0320302 0.0957715 0.29861 9.9973E-05 9.9973E-05 9.9973E-05 0.573289
9.9991E-05 0.0721528 0.444643 0.111395 0.0668625 0.0438592 0.260988
0.0798626 9.9964E-05 9.9964E-05 0.659975 0.259763 9.9964E-05 9.9964E-05
0.0491193 9.9973E-05 9.9973E-05 0.783915 0.142863 9.9973E-05 0.0238021
0.03767 9.9964E-05 9.9964E-05 0.847822 0.114108 9.9964E-05 9.9964E-05
0.0552666 9.9964E-05 9.9964E-05 0.818919 0.125415 9.9964E-05 9.9964E-05
0.0820832 9.9982E-05 0.0229351 0.741529 0.149033 9.9982E-05 0.00422029
9.9973E-05 9.9973E-05 0.138528 0.0466634 0.172314 9.9973E-05 0.642195
9.9973E-05 9.9973E-05 0.129604 0.0461015 0.16028 9.9973E-05 0.663715
0.0226528 0.0393961 0.151747 9.9982E-05 9.9982E-05 0.0330756 0.752928
0.0960079 0.0513837 0.582452 0.103104 0.0490445 0.0100619 0.107946
0.0374762 0.0208283 0.531779 0.0569804 0.0310033 0.104666 0.217266
0.055287 0.0127292 0.197131 9.9982E-05 9.9982E-05 0.0794566 0.655196
0.0131631 0.0338189 0.573251 0.0380063 9.9991E-05 0.053611 0.28805
0.052632 0.0642974 0.378551 9.9991E-05 0.0154861 0.0384307 0.450502
9.9991E-05 0.0220516 0.52874 0.046965 0.0261984 0.00890038 0.367044
9.9982E-05 9.9982E-05 0.572823 0.0443603 0.0332242 0.0327814 0.316611
9.9973E-05 9.9973E-05 0.220079 9.9973E-05 0.166578 0.00474562 0.608297
9.9964E-05 9.9964E-05 0.294823 9.9964E-05 0.129558 9.9964E-05 0.57522
9.9973E-05 9.9973E-05 0.30828 0.0131075 0.105403 9.9973E-05 0.57291
0.227925 9.9982E-05 0.646119 0.0538736 0.0710725 9.9982E-05 0.000809396
9.9973E-05 9.9973E-05 0.376648 0.0116378 0.0869472 9.9973E-05 0.524467
9.9973E-05 9.9973E-05 0.41679 0.0304697 0.134865 9.9973E-05 0.417575
0.0806835 0.00960394 0.446146 0.0832671 9.9991E-05 0.354865 0.0253348
0.0816827 0.00879584 0.344712 0.105853 9.9991E-05 0.429707 0.0291486
9.9964E-05 9.9964E-05 0.49538 0.12749 9.9964E-05 0.37673 9.9964E-05
0.0501311 9.9982E-05 0.292799 0.150746 9.9982E-05 0.488627 0.0174972
0.082917 9.9982E-05 0.507481 0.0943481 0.0275327 0.287522 9.9982E-05
0.16698 0.0266169 0.560831 0.0434365 9.9982E-05 9.9982E-05 0.201936
0.0962974 0.00826578 9.9982E-05 0.228336 0.00761069 0.659291 9.9982E-05
0.000311586 0.0327032 0.32104 0.155574 9.9991E-05 0.458415 0.0318563
0.260714 0.0130617 0.395386 0.161122 9.9991E-05 0.107182 0.0624339
0.22098 9.9982E-05 0.580971 0.102745 0.0832911 9.9982E-05 0.0118136
0.269014 0.0025704 0.543567 0.12214 0.0625085 9.9982E-05 9.9982E-05
0.235099 9.9982E-05 0.615572 0.0898314 0.0556676 9.9982E-05 0.00362945
0.142438 9.9982E-05 0.649172 0.135097 0.0709746 9.9982E-05 0.00211941
0.029247 9.9973E-05 0.362984 0.174526 9.9973E-05 0.432943 9.9973E-05
0.0397108 0.00355948 0.416713 0.127097 0.0346153 0.353227 0.0250774
0.0190646 9.9973E-05 0.40566 0.0702776 9.9973E-05 0.504698 9.9973E-05
0.0660181 0.0359448 0.449207 0.12236 0.0414023 0.268815 0.0162524
0.0428789 0.0541208 0.187965 0.135429 0.0359568 0.515279 0.02837
0.064185 0.0354367 0.438991 0.100008 9.9991E-05 0.34623 0.0150499
0.0406746 0.0926579 0.206162 0.117537 9.9982E-05 0.542769 9.9982E-05
0.0820071 0.0511478 0.41806 0.15579 0.0166216 0.276274 9.9991E-05
0.348664 9.9973E-05 0.53891 0.0542329 9.9973E-05 9.9973E-05 0.0578928
0.0524252 0.000729991 0.320294 0.166522 0.0494098 0.372137 0.038482
0.0576845 0.017694 0.147788 0.21276 9.9982E-05 0.563873 9.9982E-05
0.0314475 0.0316515 0.409361 0.115496 0.0180879 0.339861 0.0540949
0.383662 9.9982E-05 0.340747 0.125536 0.106386 9.9982E-05 0.0434695
0.346083 9.9955E-05 0.653417 9.9955E-05 9.9955E-05 9.9955E-05 9.9955E-05
0.0634054 0.0202364 0.386666 0.134365 0.0376897 0.355739 0.00189857
0.226831 9.9973E-05 0.563231 0.126269 0.0833696 9.9973E-05 9.9973E-05
0.268027 9.9973E-05 0.521289 0.127403 0.0829811 9.9973E-05 9.9973E-05
0.113433 0.0900979 0.327618 0.215239 9.9991E-05 0.204411 0.049101
0.124305 0.0730816 0.345692 0.206438 9.9982E-05 0.250283 9.9982E-05
0.152164 0.0375678 0.583564 0.0716926 0.081501 0.0616182 0.0118918
0.0457251 0.03657 0.467035 0.115717 0.0524682 0.282385 9.9991E-05
0.00486994 0.0271744 0.443199 0.119224 0.00288922 0.384398 0.0182452
0.0849642 9.9973E-05 0.122699 0.165686 9.9973E-05 0.626351 9.9973E-05
0.136777 0.0334214 0.633533 0.0962675 0.0340225 0.048742 0.0172364
0.348069 9.9973E-05 0.474961 0.0878069 0.0888638 9.9973E-05 9.9973E-05
0.784815 9.9955E-05 0.214685 9.9955E-05 9.9955E-05 9.9955E-05 9.9955E-05
0.142156 0.0256302 0.629533 0.113094 0.033012 9.9991E-05 0.0564752
0.223104 0.118747 0.38884 0.059937 0.185455 0.023817 9.9991E-05
0.167851 9.9982E-05 0.549476 0.164393 9.9982E-05 0.110017 0.00806397
0.15883 0.0305856 0.521407 0.132344 0.072609 0.0533898 0.0308342
0.591998 9.9964E-05 9.9964E-05 0.275284 9.9964E-05 0.132317 9.9964E-05
0.726642 9.9964E-05 9.9964E-05 0.214862 9.9964E-05 0.0580965 9.9964E-05
0.446344 9.9973E-05 0.358321 0.123315 9.9973E-05 0.0717205 9.9973E-05
0.52484 9.9973E-05 0.0612326 0.252544 9.9973E-05 0.161084 9.9973E-05
0.406859 9.9964E-05 9.9964E-05 0.411121 9.9964E-05 0.181621 9.9964E-05
0.338497 0.0275226 0.405106 0.161574 9.9982E-05 0.0671009 9.9982E-05
0.2866 9.9982E-05 0.36185 0.168378 0.0659343 0.117037 9.9982E-05
0.451883 0.0128611 0.1492 0.219081 9.9982E-05 0.166775 9.9982E-05
0.59572 9.9973E-05 0.11466 0.190292 9.9973E-05 0.0990281 9.9973E-05
0.215703 9.9991E-05 0.502659 0.142636 0.00920018 0.120646 0.00905614
0.512816 9.9973E-05 0.19523 0.17002 9.9973E-05 0.121633 9.9973E-05
0.692539 9.9964E-05 9.9964E-05 0.23773 9.9964E-05 0.0693306 9.9964E-05
0.103987 0.0363071 0.452386 0.0937715 0.103003 0.141226 0.0693187
0.308315 0.00343613 0.35506 0.164712 0.0254194 0.142957 9.9991E-05
0.0533062 9.99921E-05 0.421394 0.324318 0.0236098 0.162184 0.0150879
0.00435568 9.9973E-05 0.597157 0.191504 9.9973E-05 0.206684 9.9973E-05
0.0875255 0.0243046 0.546474 0.144346 9.9982E-05 0.197149 9.9982E-05
0.0610402 0.0559364 0.480291 0.177049 9.9991E-05 0.222638 0.00294556
0.0733991 9.9991E-05 0.316589 0.333183 0.0525141 0.194204 0.0300109
0.044105 0.0149626 0.503443 0.212606 0.0365382 0.164408 0.0239375
0.0758064 9.9973E-05 0.506401 0.275048 9.9973E-05 0.142445 9.9973E-05
0.227194 0.000674421 0.315228 0.222714 0.00149604 0.232593 9.9991E-05
0.0742392 9.9991E-05 0.298507 0.184725 0.103003 0.13215 0.207277
0.0642775 9.9991E-05 0.498921 0.176337 0.0169884 0.127888 0.115488
0.018888 0.067417 0.551704 0.109424 0.0504588 0.16021 0.0418981
9.9982E-05 9.9982E-05 0.550255 0.150977 0.073956 0.0963029 0.128309
0.103975 9.9973E-05 0.465848 0.278445 9.9973E-05 0.151432 9.9973E-05
0.0418866 0.0265234 0.528304 0.230989 9.9991E-05 0.159708 0.0124886
0.320846 9.9973E-05 0.0511973 0.315319 9.9973E-05 0.312338 9.9973E-05
0.0848757 0.0326784 0.502514 0.166473 0.0285654 0.184793 9.9991E-05
0.185926 0.0515376 0.196568 0.271468 9.9982E-05 0.294301 9.9982E-05
9.9973E-05 9.9973E-05 9.9973E-05 0.8093 0.178009 0.00572939 0.00666183
9.9991E-05 0.00219531 0.143736 0.033574 0.808889 0.00357232 0.00793263
9.995E-05 9.995E-05 9.995E-05 9.995E-05 0.9994 9.995E-05 9.995E-05
9.995E-05 9.995E-05 9.995E-05 9.995E-05 0.9994 9.995E-05 9.995E-05
9.9955E-05 9.9955E-05 0.0211071 9.9955E-05 0.978393 9.9955E-05 9.9955E-05
9.9955E-05 9.9955E-05 9.9955E-05 9.9955E-05 0.966943 0.0325575 9.9955E-05
9.9955E-05 9.9955E-05 0.0533512 9.9955E-05 0.946149 9.9955E-05 9.9955E-05
9.9955E-05 9.9955E-05 9.9955E-05 0.00294009 0.99656 9.9955E-05 9.9955E-05
9.9955E-05 9.9955E-05 9.9955E-05 0.140511 0.85899 9.9955E-05 9.9955E-05
0.0112462 9.9973E-05 9.9973E-05 0.890464 0.040491 9.9973E-05 0.0574989
9.9973E-05 0.00102947 0.0644797 0.792773 0.141418 9.9973E-05 9.9973E-05
0.029044 9.9982E-05 0.0160198 0.882098 0.0148173 9.9982E-05 0.0578212
0.0159041 0.0238364 0.023665 0.871743 0.064651 9.9982E-05 9.9982E-05
9.9982E-05 9.9982E-05 0.0263752 0.867274 0.0830229 0.0100989 0.0130289
9.9973E-05 9.9973E-05 0.0581275 0.912273 0.0286984 9.9973E-05 0.000601703
0.031367 9.9991E-05 0.127661 0.75263 0.0169439 0.0516079 0.0196906
9.9964E-05 9.9964E-05 0.0926864 0.898165 9.9964E-05 0.00874835 9.9964E-05
0.0502371 0.0117228 0.127406 0.711921 0.0470812 0.0515321 9.9991E-05
9.9964E-05 9.9964E-05 0.0361653 0.920266 9.9964E-05 0.0431686 9.9964E-05
0.00177267 0.0129681 9.9964E-05 0.984859 9.9964E-05 9.9964E-05 9.9964E-05
9.9991E-05 0.0225833 0.0350276 0.878931 0.0241673 0.0342671 0.00492415
9.9964E-05 9.9964E-05 9.9964E-05 0.987398 0.00397188 9.9964E-05 0.00823004
9.9973E-05 0.0294536 0.0181329 0.940149 9.9973E-05 0.0119644 9.9973E-05
9.9964E-05 9.9964E-05 0.088071 0.902971 9.9964E-05 0.00855846 9.9964E-05
9.9964E-05 9.9964E-05 0.0516339 0.934128 9.9964E-05 0.0138379 9.9964E-05
9.9964E-05 9.9964E-05 0.0730514 0.86543 9.9964E-05 0.0611186 9.9964E-05
9.9964E-05 9.9964E-05 0.123145 0.86509 9.9964E-05 0.0113656 9.9964E-05
9.9964E-05 9.9964E-05 0.0984975 0.827664 9.9964E-05 0.0734382 9.9964E-05
0.31739 9.9982E-05 0.421872 0.0766537 0.134069 9.9982E-05 0.0498157
0.230942 9.9982E-05 0.665159 0.0446593 0.0480995 9.9982E-05 0.0109397
0.0981626 0.00795717 0.631823 0.134839 0.0214952 0.0017549 0.103969
0.764622 9.9973E-05 0.136091 9.9973E-05 9.9973E-05 0.00389522 0.095092
0.295316 9.9973E-05 0.512551 0.0610116 0.130822 9.9973E-05 9.9973E-05
0.846979 9.9955E-05 0.152521 9.9955E-05 9.9955E-05 9.9955E-05 9.9955E-05
0.235371 0.0477855 0.638493 0.0394634 9.9982E-05 0.038688 9.9982E-05
0.293561 9.9982E-05 0.40414 0.102339 0.0880973 9.9982E-05 0.111663
0.295037 9.9973E-05 0.527655 0.115895 0.0611134 9.9973E-05 9.9973E-05
9.9982E-05 9.9982E-05 0.470584 0.0753324 0.0382302 0.0163972 0.399256
0.282375 9.9982E-05 0.471609 0.0825409 0.131029 9.9982E-05 0.0322467
0.214286 0.0531528 0.680608 0.0403438 9.9982E-05 9.9982E-05 0.0114097
0.285739 9.9973E-05 0.564278 0.0671214 0.0825623 9.9973E-05 9.9973E-05
0.105355 0.229278 9.9982E-05 9.9982E-05 0.438249 0.0769051 0.150014
0.889415 0.00223781 0.05223 9.9982E-05 0.0248973 9.9982E-05 0.0310202
0.773053 9.9955E-05 0.226447 9.9955E-05 9.9955E-05 9.9955E-05 9.9955E-05
0.212485 9.9991E-05 0.633918 0.0818889 0.0189619 0.00570322 0.0469429
0.447962 9.9964E-05 0.548465 0.00317259 9.9964E-05 9.9964E-05 9.9964E-05
0.264498 0.0266402 0.600831 0.0282245 9.9982E-05 9.9982E-05 0.0796059
