9.9973E-05 0.0185491 0.0377486 9.9973E-05 0.0224138 0.920989 9.9973E-05
0.000564082 0.0118417 9.9973E-05 9.9973E-05 0.0157919 0.971502 9.9973E-05
9.9982E-05 0.000532791 9.9982E-05 0.0419169 0.0488725 0.876439 0.0320392
9.9964E-05 0.0384318 9.9964E-05 9.9964E-05 0.131959 0.82921 9.9964E-05
9.9955E-05 9.9955E-05 9.9955E-05 9.9955E-05 0.0901866 0.909314 9.9955E-05
0.0270842 0.057346 0.0536323 0.143231 0.077028 0.623799 0.0178792
9.9973E-05 0.044171 9.9973E-05 0.159412 0.0133207 0.782796 9.9973E-05
0.0110015 0.0814708 0.010543 0.150011 0.0200111 0.726863 9.9991E-05
9.99639E-05 0.132831 9.99639E-05 0.0409779 9.99639E-05 0.825791 9.99639E-05
0.0311486 0.0129304 9.9991E-05 0.105593 0.0628326 0.781536 0.00585975
9.9973E-05 0.042125 9.9973E-05 0.113778 0.102748 0.741049 9.9973E-05
9.999E-05 0.447481 0.0307122 0.0903674 0.224313 0.0358567 0.17117
0.0234168 0.226302 0.0347653 0.0459485 0.541952 0.0554077 0.0722082
0.0150291 0.454844 0.0790229 0.045212 0.278827 0.00328204 0.123783
9.9991E-05 0.464946 0.092563 0.0249331 0.322909 0.0295055 0.0650431
9.9991E-05 0.303762 0.115893 0.0409275 0.461099 0.051045 0.0271738
0.0273776 0.148123 0.0836296 0.0625274 0.556475 0.0365528 0.0853146
9.999E-05 0.233377 0.00939166 0.0548987 0.510291 0.059134 0.132808
9.9982E-05 0.381649 0.0489227 0.12616 0.328769 0.114299 9.9982E-05
9.9982E-05 0.670872 9.9982E-05 0.164428 0.0639124 0.00513341 0.0954546
9.9991E-05 0.251327 0.0291037 0.116701 0.438752 0.0147539 0.149263
0.0539248 0.167678 0.0263578 0.218485 0.473803 9.9991E-05 0.0596514
9.999E-05 0.197428 0.00627206 0.0871823 0.568062 0.0287124 0.112243
9.999E-05 0.425601 0.0231114 0.137367 0.295663 0.0394264 0.0787302
0.0519246 0.0984401 0.0958686 0.070319 0.579019 0.0305495 0.073879
9.9982E-05 0.277944 9.9982E-05 0.128378 0.541518 0.00143943 0.050521
9.999E-05 0.507903 0.00996461 0.0473993 0.281517 0.042465 0.110651
9.9991E-05 0.406627 0.0386249 0.0916631 0.325829 0.0539701 0.0831854
9.9973E-05 0.446511 9.9973E-05 0.145567 0.275941 9.9973E-05 0.131681
9.9964E-05 9.9964E-05 0.0166284 9.9964E-05 0.0993913 0.88358 9.9964E-05
9.9964E-05 9.9964E-05 0.00263532 9.9964E-05 0.121793 0.875172 9.9964E-05
9.9973E-05 0.00898627 0.0836664 9.9973E-05 0.107253 0.799794 9.9973E-05
9.9964E-05 9.9964E-05 0.0526488 9.9964E-05 0.181831 0.76512 9.9964E-05
9.9982E-05 0.0681676 9.9982E-05 0.101603 0.503397 0.0578709 0.268761
0.0196693 0.0501648 0.0505296 0.0277089 0.518129 0.0713784 0.26242
9.9964E-05 9.9964E-05 9.9964E-05 9.9964E-05 0.52472 0.0365105 0.43837
0.0557473 0.630812 0.0105667 9.9991E-05 0.195554 0.0493974 0.0578224
0.0306614 9.9982E-05 0.000123888 0.124043 0.281324 9.9982E-05 0.563648
0.0252243 0.113665 0.0636414 9.9991E-05 0.516026 0.0708269 0.210517
9.9982E-05 0.00875123 9.9982E-05 0.055375 0.702208 0.00920731 0.224258
9.9982E-05 0.0722215 9.9982E-05 0.237605 0.57965 0.0759466 0.0343778
9.9982E-05 0.116383 9.9982E-05 0.0952762 0.626882 0.0807011 0.0805581
9.9973E-05 0.198888 9.9973E-05 9.9973E-05 0.15212 0.0206728 0.628019
0.00611681 0.0558079 0.0128798 0.249786 0.654808 0.0205008 9.9991E-05
0.0507377 0.0291808 0.00955035 0.00207761 0.562727 0.0800929 0.265634
0.0116926 0.0518493 0.0185121 0.0506661 0.61509 0.117495 0.134695
0.0419373 9.9973E-05 9.9973E-05 0.0423822 0.35398 9.9973E-05 0.561401
9.9991E-05 0.0159004 0.0312811 0.0190364 0.574416 0.083762 0.275504
9.9991E-05 0.0232938 0.053966 0.0948844 0.547362 0.112814 0.16758
9.9964E-05 0.0142013 9.9964E-05 0.337337 9.9964E-05 9.9964E-05 0.648062
0.0414456 0.60578 9.9982E-05 0.0714602 0.188875 9.9982E-05 0.0922389
0.119932 0.244497 0.0356483 0.293589 0.137663 9.9991E-05 0.16857
0.086992 0.172054 0.0667746 0.0761689 0.552732 0.0294458 0.0158321
0.068714 0.126502 0.0653764 0.046391 0.57807 0.0689876 0.045959
0.102557 0.0508529 0.0447343 0.0712198 0.600395 0.0903627 0.0398778
9.9982E-05 0.49288 9.9982E-05 0.0633713 0.202709 0.108591 0.132249
0.027274 0.321864 0.0178424 0.0382482 0.559649 9.9991E-05 0.0350232
0.0139417 0.126973 0.0344916 0.0189827 0.584326 0.0866241 0.13466
0.106558 0.242214 0.00317772 0.0250066 0.406513 0.126082 0.0904491
9.9991E-05 0.439779 0.00669777 0.142318 0.153247 0.142518 0.11534
0.0231265 0.116323 0.0356438 0.0902187 0.558367 0.075819 0.100502
0.065813 0.230114 0.000801919 0.0258382 0.519602 0.0810419 0.0767884
9.9982E-05 0.529478 9.9982E-05 0.190139 0.104467 0.0558103 0.119905
0.0667054 0.387889 0.00515761 0.0252965 0.427862 0.00382371 0.0832663
0.157084 0.11019 0.0834713 0.0448444 0.488669 0.048722 0.0670186
9.9982E-05 0.0965225 9.9982E-05 0.0665776 0.668239 0.0926771 0.0757842
9.9991E-05 0.378529 0.0528587 0.0660375 0.281949 0.0722018 0.148324
0.0794797 0.20838 0.0436271 0.0402752 0.48868 0.0574842 0.0820742
0.0204818 0.161181 0.0334253 0.0509255 0.557591 0.0534596 0.122936
0.0535732 0.482277 9.9991E-05 0.0857627 0.246068 0.0165019 0.115717
9.9973E-05 0.0183445 9.9973E-05 9.9973E-05 0.4895 0.00795268 0.483903
9.9973E-05 0.0628712 9.9973E-05 9.9973E-05 0.2059 0.0199488 0.71098
9.9991E-05 0.0362742 0.0389391 0.0302202 0.4968 0.114341 0.283325
0.0369192 9.9973E-05 0.00412397 0.0754207 9.9973E-05 9.9973E-05 0.883236
0.0417982 9.9964E-05 9.9964E-05 0.0895318 9.9964E-05 9.9964E-05 0.86827
0.0463971 9.9973E-05 0.00128609 9.9973E-05 0.227846 9.9973E-05 0.724171
9.9973E-05 0.0554409 9.9973E-05 9.9973E-05 0.455631 0.0509127 0.437716
0.0811364 0.0645212 0.0785837 0.0137743 0.514397 0.102695 0.144892
0.0357305 9.9982E-05 0.00942823 0.00400088 0.446047 9.9982E-05 0.504594
9.9973E-05 0.161757 9.9973E-05 9.9973E-05 0.14926 0.0374623 0.651221
9.9973E-05 0.148943 9.9973E-05 9.9973E-05 0.252603 0.0157751 0.58238
0.00730014 0.0597605 0.0313488 9.9991E-05 0.556786 0.0735697 0.271135
9.9973E-05 0.0429829 9.9973E-05 9.9973E-05 0.344009 0.0378281 0.57488
9.9973E-05 0.0984162 9.9973E-05 9.9973E-05 0.473417 0.0134729 0.414394
0.0809999 9.9973E-05 9.9973E-05 0.0280382 0.427839 9.9973E-05 0.462823
0.116667 9.9964E-05 9.9964E-05 0.209422 9.9964E-05 9.9964E-05 0.673511
0.0491565 0.00936682 0.0559678 0.0266411 0.58074 0.0355899 0.242538
9.9964E-05 0.0802764 9.9964E-05 9.9964E-05 0.0847375 0.834586 9.9964E-05
9.9955E-05 9.9955E-05 9.9955E-05 9.9955E-05 0.0739614 0.925539 9.9955E-05
9.9964E-05 9.9964E-05 0.0373961 9.9964E-05 0.108095 0.854109 9.9964E-05
9.9964E-05 9.9964E-05 0.0328271 9.9964E-05 0.0413738 0.925399 9.9964E-05
0.0192289 9.9964E-05 0.0346312 9.9964E-05 9.9964E-05 0.94574 9.9964E-05
0.0180224 9.9973E-05 0.0268209 9.9973E-05 0.0872513 0.867605 9.9973E-05
9.9955E-05 9.9955E-05 9.9955E-05 9.9955E-05 0.0764293 0.923071 9.9955E-05
0.00875397 0.0907801 0.041452 0.00257376 0.563752 0.0753487 0.21734
0.0781952 0.0505483 0.0516622 0.0284107 0.546443 0.113567 0.131174
0.0232727 0.209484 9.9982E-05 9.9982E-05 0.0189314 0.0457034 0.702409
0.0646072 0.0485554 9.9991E-05 0.0200487 0.583269 0.124257 0.159162
9.9973E-05 0.0890393 9.9973E-05 9.9973E-05 0.39013 0.0272402 0.493291
9.9973E-05 0.0115717 9.9973E-05 9.9973E-05 0.513757 0.0864121 0.387959
0.0547201 9.9982E-05 9.9982E-05 0.0602905 0.576347 0.0115387 0.296904
0.0683817 9.9982E-05 0.0323084 9.9982E-05 0.490976 0.0270757 0.381058
9.9964E-05 0.227865 9.9964E-05 9.9964E-05 9.9964E-05 0.042094 0.729641
0.0583381 0.0674709 0.0116418 0.00921662 0.522672 0.156853 0.173807
9.9991E-05 0.118817 0.0191714 0.0381226 0.681589 0.0544161 0.0877832
0.0531317 0.0934375 0.0602062 0.0469094 0.492085 0.126478 0.127752
0.0521322 0.00121747 0.0486689 0.141156 0.222459 0.0101249 0.524241
0.0689629 9.9973E-05 0.00526327 9.9973E-05 0.503193 9.9973E-05 0.422281
9.9964E-05 0.131027 9.9964E-05 9.9964E-05 0.476226 9.9964E-05 0.392348
0.0537781 9.9973E-05 0.0100889 9.9973E-05 0.363736 9.9973E-05 0.572097
9.9973E-05 0.151023 9.9973E-05 9.9973E-05 0.446497 0.0240367 0.378143
0.0108204 0.091784 0.0503644 0.0430679 0.544791 0.0975011 0.161672
0.142097 0.375082 0.0520491 0.125244 0.304299 9.9991E-05 0.00112909
9.9973E-05 0.397546 9.9973E-05 0.128478 0.426767 0.0469094 9.9973E-05
0.0400981 0.172302 0.0339012 0.0889974 0.551194 0.104678 0.00882909
0.0303008 0.0964668 0.0688666 0.0721023 0.582699 0.0746948 0.0748702
0.0201528 0.405631 9.9991E-05 0.0411449 0.477103 0.0188894 0.0369791
0.0405698 0.198806 0.00899292 0.0222675 0.637795 0.0860201 0.00554848
0.0458686 0.410352 9.9973E-05 9.9973E-05 0.498286 0.0451928 9.9973E-05
0.0956784 0.132717 9.9991E-05 0.0968984 0.562143 0.077202 0.0352611
0.119183 0.161594 0.0345473 0.0140052 0.607152 0.0618801 0.00163883
0.00933215 0.279806 9.9982E-05 0.0780671 0.602029 0.030566 9.9982E-05
0.0323527 0.280943 9.9991E-05 0.037182 0.603774 0.0298181 0.0158298
0.107747 0.144349 0.0411263 0.0338652 0.626484 0.0463284 9.9991E-05
0.0344482 0.100262 0.0495259 0.0842752 0.638745 0.0752356 0.017509
0.0689134 0.219563 0.0439072 0.0250451 0.616425 9.9991E-05 0.0260463
0.0547016 0.167144 0.0706986 0.0384487 0.545422 0.0569795 0.066605
0.128678 0.18578 0.0334353 0.0199042 0.595981 9.9991E-05 0.0361222
0.0913269 0.279616 0.0465791 0.175007 0.318535 0.0583968 0.030539
0.088263 0.120684 0.0544128 0.0324488 0.612871 0.0532206 0.0380992
0.109197 0.142398 0.0426016 0.0466129 0.653336 0.00575406 9.9991E-05
0.023552 0.566112 0.00965208 0.0245069 0.234462 0.0386057 0.103109
0.236612 0.355293 0.0223757 0.199239 0.130219 9.9991E-05 0.0561611
9.9991E-05 0.234603 0.0182811 0.0642513 0.554984 0.0425095 0.0852714
0.219586 0.34073 0.0224114 0.215705 0.0504787 9.9991E-05 0.150988
0.0325449 0.520569 9.9982E-05 0.00737907 0.367138 9.9982E-05 0.0721686
0.0465916 0.412097 9.9973E-05 9.9973E-05 0.467306 9.9973E-05 0.0737054
9.9973E-05 0.504595 9.9973E-05 9.9973E-05 0.36443 0.00807946 0.122595
0.0500728 0.507356 9.9982E-05 0.0315672 0.36417 9.9982E-05 0.0466339
0.0304846 0.161211 9.9991E-05 0.0460111 0.636728 0.0642362 0.0612288
0.0650211 0.187163 0.0471858 0.017002 0.568507 0.0909006 0.0242204
0.0810221 0.220009 0.0251492 9.9991E-05 0.596784 0.0477645 0.0291709
0.117013 0.377675 0.0143384 0.204596 0.199221 9.9991E-05 0.0870568
0.0990662 0.0515711 0.0294531 0.0781566 0.50856 0.150459 0.0827337
0.0935399 0.068657 0.0242811 0.226564 0.530954 0.043813 0.0121911
0.12633 0.05641 9.9982E-05 0.646115 9.9982E-05 0.0673028 0.103643
0.0405141 9.9991E-05 0.0145923 0.179005 0.653218 0.071964 0.0406068
0.111655 0.102561 0.0453785 0.30651 0.303253 0.0422755 0.0883673
0.0589992 0.0363183 0.054448 0.188231 0.523238 0.098515 0.04025
0.0301859 0.147702 9.9991E-05 0.48509 0.270173 0.0376991 0.0290501
0.132923 0.122583 9.9991E-05 0.523233 0.107138 0.022117 0.0919061
0.0721836 0.114001 0.012383 0.277252 0.415884 0.0420053 0.0662915
0.0537974 0.128059 0.0953933 0.114039 0.46509 0.0737318 0.0698901
0.0726636 0.135769 0.0374576 0.15034 0.401664 0.145495 0.0566099
0.128877 0.0928331 0.0739019 0.389971 0.0963021 0.0292467 0.188868
0.0757574 0.127552 0.0405279 0.0918714 0.567046 0.066604 0.030641
0.0772023 0.10123 9.9982E-05 0.395016 0.347418 9.9982E-05 0.0789332
0.122586 0.097661 9.9982E-05 0.267936 0.435861 9.9982E-05 0.0757561
0.0180891 0.0518101 0.0326618 0.127407 0.563637 0.11975 0.0866445
9.9973E-05 9.9973E-05 0.216445 0.256736 0.178325 0.348194 9.9973E-05
9.9964E-05 9.9964E-05 0.140681 0.430177 9.9964E-05 0.428742 9.9964E-05
9.9964E-05 9.9964E-05 0.134036 0.494001 9.9964E-05 0.371564 9.9964E-05
9.9982E-05 0.014386 0.266226 0.30166 0.0854711 0.332057 9.9982E-05
0.0676665 0.0114705 9.9982E-05 0.249049 0.604794 9.9982E-05 0.0668204
0.0346036 0.0546152 0.0271812 0.116587 0.631374 0.0823047 0.0533346
9.9973E-05 0.00787589 0.645216 9.9973E-05 0.33007 9.9973E-05 0.016538
0.0208847 0.113514 0.405401 9.9991E-05 0.419225 0.0101144 0.030761
0.0626476 0.035412 0.350832 0.00333188 0.38194 0.107238 0.058598
0.143322 0.055895 9.9982E-05 0.47048 0.281284 9.9982E-05 0.0488184
0.0705169 0.0737529 0.0303462 0.0946675 0.497479 0.119547 0.11369
0.130093 0.0696913 9.9982E-05 0.533137 0.264226 9.9982E-05 0.00265227
0.0613746 9.9982E-05 9.9982E-05 0.24269 0.62785 0.0496351 0.0182503
0.129794 0.0727332 9.9973E-05 0.289452 0.507721 9.9973E-05 9.9973E-05
0.0346242 0.000891723 9.9982E-05 0.357522 0.59397 9.9982E-05 0.0127924
0.0812345 0.0142561 9.9982E-05 0.611759 0.216709 9.9982E-05 0.0758421
0.0240452 0.00602063 9.9991E-05 0.218083 0.657845 0.0525705 0.0413352
0.0930664 0.0630583 9.9991E-05 0.126038 0.614915 0.0907814 0.0120407
9.9973E-05 0.00724959 0.959327 9.9973E-05 0.0262014 9.9973E-05 0.00692178
0.01161 0.0305263 0.919438 9.9973E-05 0.0381258 9.9973E-05 9.9973E-05
9.9982E-05 0.0338662 0.540023 9.9982E-05 0.306203 0.0611114 0.058597
9.9964E-05 0.0501398 0.597676 9.9964E-05 0.351785 9.9964E-05 9.9964E-05
9.9964E-05 0.0444801 0.819536 9.9964E-05 0.135585 9.9964E-05 9.9964E-05
9.995E-05 9.995E-05 0.9994 9.995E-05 9.995E-05 9.995E-05 9.995E-05
9.9955E-05 0.0339341 0.965566 9.9955E-05 9.9955E-05 9.9955E-05 9.9955E-05
9.9955E-05 9.9955E-05 0.841374 9.9955E-05 0.158127 9.9955E-05 9.9955E-05
9.9955E-05 0.0608481 0.938652 9.9955E-05 9.9955E-05 9.9955E-05 9.9955E-05
9.995E-05 9.995E-05 0.9994 9.995E-05 9.995E-05 9.995E-05 9.995E-05
9.995E-05 9.995E-05 0.9994 9.995E-05 9.995E-05 9.995E-05 9.995E-05
0.00252499 0.0169163 0.761666 9.9982E-05 0.212957 9.9982E-05 0.00573609
9.9982E-05 0.0595402 0.801058 9.9982E-05 0.0950386 0.0263259 0.0178376
9.995E-05 9.995E-05 0.9994 9.995E-05 9.995E-05 9.995E-05 9.995E-05
9.9991E-05 0.106823 0.367563 0.0493324 0.376629 0.0613495 0.0382031
0.00871705 0.0325341 0.632978 9.9982E-05 0.293996 0.0315751 9.9982E-05
9.9973E-05 9.9973E-05 0.798518 0.0139337 0.149483 0.0377653 9.9973E-05
9.9964E-05 9.9964E-05 0.874515 9.9964E-05 0.118356 0.00672928 9.9964E-05
9.995E-05 9.995E-05 0.9994 9.995E-05 9.995E-05 9.995E-05 9.995E-05
9.9964E-05 9.9964E-05 0.927276 9.9964E-05 0.0689989 0.00332491 9.9964E-05
9.995E-05 9.995E-05 0.9994 9.995E-05 9.995E-05 9.995E-05 9.995E-05
9.9982E-05 0.0312667 0.621056 9.9982E-05 0.284437 0.0377894 0.0252507
9.9973E-05 0.0151413 0.9672 9.9973E-05 9.9973E-05 0.00485815 0.0125002
0.0314612 9.9982E-05 0.0689662 0.667585 0.000820959 0.230967 9.9982E-05
9.9991E-05 0.0611222 0.0923271 0.307785 0.362332 0.176207 0.000125966
0.0305653 9.9982E-05 0.0497698 0.283532 0.473018 0.162914 9.9982E-05
0.00700828 0.00709302 0.100866 0.519887 0.229601 0.135444 9.9991E-05
9.9991E-05 0.11984 0.129068 0.201132 0.426872 0.0952361 0.0277512
9.9982E-05 9.9982E-05 0.0845849 0.54005 0.171844 0.193808 0.00951376
9.9991E-05 0.0498574 0.0791601 0.263394 0.476977 0.121922 0.00858942
0.017081 9.9982E-05 0.107682 0.409342 0.326567 0.139128 9.9982E-05
9.9982E-05 0.0129702 0.113432 0.243846 0.476242 0.153309 9.9982E-05
0.0132244 9.9991E-05 0.0527565 0.322959 0.432018 0.174386 0.0045567
0.00495893 0.00153894 0.0857689 0.174037 0.464256 0.20943 0.0600103
9.9973E-05 0.0105625 9.9973E-05 0.0373456 0.0661887 0.885603 9.9973E-05
0.0291244 9.9982E-05 0.0541545 0.00201175 9.9982E-05 0.905601 0.00890886
0.0184248 0.0259085 9.9973E-05 9.9973E-05 0.00806139 0.947305 9.9973E-05
9.9955E-05 9.9955E-05 9.9955E-05 0.0448599 9.9955E-05 0.95464 9.9955E-05
9.9973E-05 0.0274378 9.9973E-05 0.00892841 0.0653652 0.897969 9.9973E-05
9.9955E-05 9.9955E-05 9.9955E-05 9.9955E-05 0.0226089 0.976891 9.9955E-05
9.9973E-05 0.00442879 0.0117211 9.9973E-05 0.0605245 0.923026 9.9973E-05
0.0032706 0.0701747 9.9964E-05 9.9964E-05 9.9964E-05 0.926155 9.9964E-05
9.9991E-05 0.0116354 0.0363674 0.0244598 0.0161519 0.884802 0.0264831
9.9973E-05 0.0131527 0.0358446 0.0429443 9.9973E-05 0.907758 9.9973E-05
9.9973E-05 0.287253 9.9973E-05 0.0870266 9.9973E-05 0.588534 0.0368867
0.00458407 0.349445 9.9973E-05 0.0335122 9.9973E-05 0.612159 9.9973E-05
0.0133103 0.335943 9.9982E-05 0.0894765 9.9982E-05 0.53439 0.0266799
9.9973E-05 0.41098 9.9973E-05 0.113889 9.9973E-05 0.457463 0.0173685
9.9991E-05 0.146323 0.0104807 0.0297116 0.472031 0.0753594 0.265995
0.0268048 0.113971 0.00732611 9.9991E-05 0.496105 0.0547409 0.300952
0.00467248 0.19935 0.024173 9.9991E-05 0.538732 0.0157455 0.217227
9.9973E-05 0.295863 9.9973E-05 9.9973E-05 0.371236 0.0312277 0.301372
0.0455729 0.63302 0.0108121 0.0107615 0.198497 9.9991E-05 0.101236
0.021881 0.0742333 0.0196857 9.9991E-05 0.647989 0.0256304 0.21048
0.0273644 0.102766 9.9973E-05 9.9973E-05 0.623635 9.9973E-05 0.245935
0.0731636 0.0593045 9.9982E-05 0.072767 0.537282 9.9982E-05 0.257283
0.068735 9.9964E-05 9.9964E-05 9.9964E-05 0.346804 9.9964E-05 0.584061
0.0425267 0.103148 0.0359407 0.0463375 0.58173 0.0525826 0.137734
9.9973E-05 0.0871501 9.9973E-05 9.9973E-05 0.436211 0.00537412 0.470965
0.154823 9.9964E-05 9.9964E-05 0.0385801 9.9964E-05 9.9964E-05 0.806197
0.0437741 0.132392 0.0147586 0.00508694 0.583345 0.0755746 0.145069
0.104608 9.9973E-05 9.9973E-05 0.114583 0.157505 9.9973E-05 0.623004
0.0475827 0.0406496 9.9991E-05 0.0140463 0.538991 0.00455124 0.354079
9.9964E-05 0.192638 9.9964E-05 9.9964E-05 0.146145 9.9964E-05 0.660816
9.99758E-05 0.813551 9.99758E-05 0.0383463 0.000526333 0.147277 9.99758E-05
0.0322004 0.771822 9.9982E-05 0.0337448 0.0607601 0.101273 9.9982E-05
9.9982E-05 0.831714 9.9982E-05 0.0211871 0.0350832 0.0900297 0.0217864
9.9973E-05 0.800858 9.9973E-05 0.0605015 9.9973E-05 0.110272 0.0280688
0.027082 0.789243 9.9982E-05 0.0199483 0.120734 0.0427924 9.9982E-05
0.0294025 0.759317 0.012235 0.0437741 0.0951578 0.0600139 9.9991E-05
9.9982E-05 0.0161221 0.0635723 9.9982E-05 0.0164063 0.847497 0.0562019
0.00401433 0.02384 0.00891581 0.0201985 0.115946 0.822547 0.00453814
0.0249847 0.014706 0.0291524 0.00753026 0.146129 0.777397 9.9991E-05
9.9964E-05 9.9964E-05 0.0821825 9.9964E-05 9.9964E-05 0.828966 0.0884513
9.9982E-05 0.0175689 0.0103704 0.0390736 0.153675 0.779112 9.9982E-05
9.9964E-05 0.546396 9.9964E-05 0.0593516 9.9964E-05 0.393853 9.9964E-05
0.0591429 0.517443 0.0021326 9.9973E-05 9.9973E-05 0.420982 9.9973E-05
0.0486236 0.48847 0.00920897 9.9982E-05 0.0165489 0.436948 9.9982E-05
0.00354353 0.0228496 9.9982E-05 9.9982E-05 0.117277 0.851044 0.00508575
0.0862697 0.509123 9.9973E-05 9.9973E-05 9.9973E-05 0.397774 0.00653354
9.9973E-05 9.9973E-05 0.281158 0.15997 0.301345 0.257226 9.9973E-05
9.9982E-05 0.0545159 0.201876 0.0483801 0.548517 0.146511 9.9982E-05
0.0030015 9.9973E-05 0.214329 9.9973E-05 0.575507 0.206863 9.9973E-05
0.0142397 0.0066092 0.231297 0.14302 0.352269 0.252465 9.9991E-05
0.0618171 0.0719952 0.133401 0.0551148 0.48413 0.17397 0.019572
9.9964E-05 9.9964E-05 0.303772 0.291462 9.9964E-05 0.404366 9.9964E-05
0.0595643 0.371872 9.9991E-05 0.0467227 0.455041 0.0289636 0.0377368
0.195543 0.204964 9.9982E-05 0.12512 0.422976 9.9982E-05 0.0511968
0.0146343 0.53114 9.9982E-05 0.0470897 0.332376 9.9982E-05 0.0745597
0.181849 0.151331 9.9982E-05 0.094339 0.525546 9.9982E-05 0.0467352
0.272605 0.332852 9.9973E-05 0.33154 9.9973E-05 9.9973E-05 0.062703
0.0173633 0.138375 0.0132436 0.114161 0.596941 0.0883621 0.0315551
0.122015 0.186212 0.0309383 0.119038 0.522843 9.9991E-05 0.0188545
0.0330362 0.465552 9.9991E-05 0.0923993 0.367245 0.00871452 0.0329534
0.0332134 0.160468 0.0427435 0.0305414 0.530104 0.0954438 0.107486
0.104645 0.300387 9.9982E-05 0.273716 0.131986 9.9982E-05 0.189066
0.0989521 0.187483 0.0412924 0.0913228 0.506684 0.0142373 0.0600284
0.0368038 0.355437 9.9991E-05 0.0358847 0.549759 0.00204279 0.0199727
0.108224 0.104292 0.132261 0.0882635 0.414335 0.102235 0.0503891
0.150233 0.257655 0.00489766 0.142426 0.324135 9.9991E-05 0.120554
0.0704842 0.237639 0.00201319 0.168829 0.455117 9.9991E-05 0.065818
0.0940639 0.213144 0.0310743 0.0652694 0.561141 9.9991E-05 0.035208
0.103285 0.165299 9.9982E-05 0.0990691 0.541312 9.9982E-05 0.0908354
0.118236 0.107858 0.0748866 0.066364 0.622779 0.00558748 0.00428913
9.9991E-05 0.145397 0.0367025 0.0990766 0.56106 0.103622 0.0540419
0.0354315 0.176535 9.9991E-05 0.0631254 0.584389 0.0481729 0.0922459
9.9964E-05 9.9964E-05 0.0445017 9.9964E-05 0.102084 0.853015 9.9964E-05
9.9955E-05 9.9955E-05 9.9955E-05 9.9955E-05 0.121265 0.878235 9.9955E-05
0.00626229 0.0107167 9.9991E-05 0.0490804 0.0504643 0.880277 0.00309927
9.9973E-05 0.0134006 0.0509047 9.9973E-05 0.0391121 0.896283 9.9973E-05
9.9955E-05 9.9955E-05 9.9955E-05 9.9955E-05 0.0870964 0.912404 9.9955E-05
0.00280259 0.597184 0.02946 0.111571 0.150537 0.00731298 0.101133
0.0841921 0.183368 0.0821921 0.0852696 0.536217 0.0286604 9.9991E-05
0.0505788 9.9982E-05 0.280942 0.0944755 0.354186 0.219617 9.9982E-05
0.0275272 0.214869 0.0599743 9.9991E-05 0.639171 0.0213663 0.0369915
9.9991E-05 0.331402 0.0117904 0.0223904 0.521454 0.0473352 0.0655277
0.158119 0.304942 0.00587041 0.210092 0.270379 9.9991E-05 0.0504966
0.0177254 0.750121 0.00241943 0.0351423 0.015648 0.074612 0.104332
0.00238797 0.375398 0.00106582 9.9991E-05 0.479857 0.0478959 0.0932959
0.0257478 0.593017 0.0403608 0.0457235 0.270015 0.0250358 9.9991E-05
0.0668292 0.139436 9.9991E-05 0.114539 0.524666 0.0489158 0.105514
0.0533894 0.617051 9.9991E-05 0.0583189 0.199577 0.0655351 0.00602836
9.9982E-05 0.298407 0.0885917 9.9982E-05 0.548932 0.0407845 0.0230855
9.9991E-05 0.607561 0.0164041 0.100445 0.175341 0.0106634 0.0894851
0.0892118 0.299511 0.0907032 0.158633 0.254505 9.9991E-05 0.107337
0.0643743 0.102682 9.9991E-05 0.205298 0.527439 0.063006 0.0371011
0.126842 0.0697636 9.9982E-05 0.448696 0.325222 9.9982E-05 0.0292767
0.0686909 0.0267533 9.9982E-05 0.331591 0.572473 0.000292124 9.9982E-05
9.9973E-05 0.116362 9.9973E-05 0.252736 0.566085 0.0645166 9.9973E-05
0.076401 0.0310723 9.9982E-05 0.536771 0.266078 9.9982E-05 0.0894771
0.105284 0.0844667 0.0241547 0.139289 0.517689 0.0672446 0.0618716
0.0802778 0.0722697 9.9982E-05 0.302814 0.535324 0.00911458 9.9982E-05
0.159476 0.0231711 9.9982E-05 0.568126 0.133884 9.9982E-05 0.115144
0.042596 0.0265368 9.9982E-05 0.674965 0.203939 9.9982E-05 0.051763
0.0162388 0.122605 9.9973E-05 0.382172 0.478685 9.9973E-05 9.9973E-05
0.114033 0.0499146 9.9982E-05 0.568054 0.0769165 9.9982E-05 0.190882
0.0193789 0.133671 9.9982E-05 0.332493 0.438175 9.9982E-05 0.0760815
0.017356 0.684254 0.00138069 9.9991E-05 0.182414 0.00545209 0.109044
0.252554 0.379219 0.0846519 0.0633318 0.160248 9.9991E-05 0.0598956
0.0212252 0.410686 0.0538827 9.9991E-05 0.413038 0.0489464 0.0521219
0.0424382 0.227302 0.0448889 0.00988027 0.587377 0.02301 0.0651035
9.9973E-05 0.58549 0.0459876 9.9973E-05 0.228726 9.9973E-05 0.139497
0.0532272 0.213994 0.0522354 0.0595266 0.503964 0.0666346 0.0504187
0.0358145 0.25415 0.0592749 0.0113288 0.578529 0.0258063 0.0350966
0.104613 0.230773 0.0106697 0.068706 0.502267 0.0508745 0.0320968
0.0551772 0.288049 0.0865647 0.00787305 0.488841 0.00867415 0.064821
0.009034 0.420526 0.0371408 9.9991E-05 0.490729 0.0152958 0.0271745
0.0506436 0.539861 0.0285864 0.00596788 0.263694 9.9991E-05 0.111147
0.0278699 0.448304 0.0105561 9.9982E-05 0.443005 9.9982E-05 0.070065
0.0608088 0.200177 0.0236681 0.0653782 0.585364 9.9991E-05 0.0645037
0.0221726 0.174032 0.0492207 0.09208 0.593731 0.0183178 0.0504454
0.119759 0.238077 0.100565 0.0543098 0.302643 0.0363794 0.148267
0.107687 0.275737 0.0952395 0.00160849 0.452481 9.9991E-05 0.0671467
0.032968 0.438127 0.0574542 9.9991E-05 0.360991 0.0103088 0.100051
0.0868058 0.236924 0.0100197 9.9991E-05 0.582509 0.0303304 0.0533112
0.0675623 0.307153 0.116714 0.00993297 0.440398 9.9991E-05 0.0581398
0.0548498 0.131685 0.0557027 0.0340594 0.546067 0.102054 0.0755819
9.9991E-05 0.0653065 0.120867 0.0498232 0.418879 0.329834 0.0151904
0.0462268 0.0265193 0.141935 0.0956486 0.566721 0.122849 9.9991E-05
0.0555247 0.0129994 0.117911 0.105056 0.443767 0.210193 0.0545489
0.0810447 0.0202888 0.107951 0.133206 0.547274 0.110135 9.9991E-05
0.0308002 0.00315504 0.168979 0.118845 0.483377 0.182494 0.0123493
0.189072 0.21506 9.9973E-05 0.115963 0.479605 9.9973E-05 9.9973E-05
0.015982 0.0981075 0.127636 0.07139 0.526584 0.104534 0.0557666
0.0501642 0.101462 0.165664 0.396826 0.0593576 0.186249 0.0402774
0.0275785 0.066211 0.0709854 0.110467 0.596608 0.12805 9.9991E-05
0.0570829 0.0351688 0.143241 0.0940033 0.534228 0.128472 0.00780355
0.0423008 0.0490751 0.113533 0.103061 0.567029 0.117691 0.0073094
0.0609982 0.0473247 0.0657147 0.269186 0.333093 0.158115 0.0655683
9.9982E-05 0.0683773 0.136505 0.111157 0.519773 0.163988 9.9982E-05
0.100625 0.00560505 0.137276 0.0698255 0.552623 0.133945 9.9991E-05
9.9964E-05 9.9964E-05 0.146498 0.424865 9.9964E-05 0.428237 9.9964E-05
0.00467248 0.0575292 0.107191 0.0463882 0.550824 0.16491 0.0684852
9.9991E-05 0.0263684 0.172951 0.0906984 0.549805 0.153362 0.00671561
0.0250209 0.0535667 0.0915073 0.116043 0.616301 0.0651187 0.0324416
0.00734369 9.9982E-05 0.178579 0.0866949 0.532495 0.194687 9.9982E-05
9.9991E-05 0.0498777 0.0742528 0.0582354 0.573633 0.233797 0.010104
0.408864 0.0172087 0.0084164 9.9991E-05 0.437985 0.0565483 0.070878
0.230847 0.0287032 0.0334804 0.0142065 0.516534 0.0535862 0.122643
0.91574 0.0408522 9.9973E-05 0.0319404 9.9973E-05 9.9973E-05 0.0111673
0.963693 0.0325507 9.9964E-05 9.9964E-05 9.9964E-05 0.00335617 9.9964E-05
0.302857 0.0686128 9.9991E-05 0.00519361 0.503459 0.0991285 0.0206489
0.110125 9.9991E-05 0.280266 0.11554 0.348545 0.144786 0.000638512
0.253613 9.9982E-05 0.280065 0.00375694 0.290648 0.171717 9.9982E-05
0.272658 9.9982E-05 0.293068 0.101677 0.171024 0.161373 9.9982E-05
0.242833 9.9982E-05 0.2315 0.0286721 0.320969 0.175826 9.9982E-05
0.714894 9.9982E-05 0.0425599 0.0818745 0.0375696 0.122902 9.9982E-05
0.679105 9.9982E-05 0.0546387 0.0804407 0.0897541 0.0958615 9.9982E-05
0.354837 9.9973E-05 0.0492541 0.0537438 0.541865 9.9973E-05 9.9973E-05
0.501692 9.9973E-05 0.0856863 9.9973E-05 0.354214 0.0581075 9.9973E-05
0.705844 9.9973E-05 0.0296095 9.9973E-05 0.188042 0.0762051 9.9973E-05
0.312937 0.0313256 0.0369943 0.0189218 0.537629 0.0620922 9.9991E-05
0.367978 9.9973E-05 0.0899521 9.9973E-05 0.506147 0.0356232 9.9973E-05
0.307462 0.0152473 0.0598486 9.9991E-05 0.483603 0.105331 0.0284084
0.65507 0.00949766 9.9982E-05 9.9982E-05 0.298318 0.0115649 0.0253494
0.491277 0.0816229 9.9973E-05 9.9973E-05 0.405127 0.0216732 9.9973E-05
0.319446 0.0468797 0.015386 0.0414362 0.545701 0.031051 9.9991E-05
0.410246 0.0783973 0.0101421 0.00738117 0.43988 0.0538527 9.9991E-05
0.29409 0.0458455 0.0440831 0.00392106 0.475846 0.115418 0.0207954
0.455422 9.9982E-05 9.9982E-05 0.0724513 0.416639 0.00430659 0.0509811
0.845367 9.9964E-05 9.9964E-05 9.9964E-05 0.137247 0.0169864 9.9964E-05
0.388876 9.9973E-05 0.00452526 9.9973E-05 0.597968 0.00833024 9.9973E-05
0.771923 0.061382 9.9973E-05 9.9973E-05 0.128432 9.9973E-05 0.0379628
0.55533 0.0190082 9.9973E-05 9.9973E-05 0.410607 0.0147547 9.9973E-05
0.312941 0.046327 9.9991E-05 0.0154726 0.513957 0.0824636 0.028739
0.353945 0.010782 0.0263482 9.9991E-05 0.484771 0.0901581 0.0338952
0.115991 0.0552474 0.152734 0.0386177 0.437774 0.17213 0.0275063
0.150819 0.0432768 0.11457 0.117233 0.455072 0.110874 0.00815551
0.100816 9.9982E-05 0.238621 0.113167 0.337764 0.209431 9.9982E-05
0.137336 0.00395914 0.247453 0.137445 0.298411 0.175295 9.9991E-05
0.0807228 0.0729674 0.143342 0.0701684 0.473499 0.158635 0.000664647
0.19637 9.9991E-05 0.143388 0.0496719 0.394784 0.157573 0.0581131
0.689507 9.9973E-05 0.0890711 0.0486249 9.9973E-05 0.172497 9.9973E-05
0.187483 9.9982E-05 0.202865 0.00403321 0.494155 0.111264 9.9982E-05
0.372554 9.9973E-05 0.0799923 0.228466 9.9973E-05 0.318688 9.9973E-05
0.350329 9.9973E-05 0.154217 9.9973E-05 0.438379 0.0567748 9.9973E-05
0.926048 9.9955E-05 9.9955E-05 9.9955E-05 0.0734525 9.9955E-05 9.9955E-05
0.951965 9.9955E-05 9.9955E-05 9.9955E-05 9.9955E-05 9.9955E-05 0.0475349
0.575891 9.9955E-05 9.9955E-05 9.9955E-05 0.423609 9.9955E-05 9.9955E-05
0.390142 0.000254405 0.00443286 9.9982E-05 0.575656 0.0293152 9.9982E-05
0.643339 9.9955E-05 9.9955E-05 9.9955E-05 0.356161 9.9955E-05 9.9955E-05
0.44886 9.9955E-05 9.9955E-05 9.9955E-05 0.55064 9.9955E-05 9.9955E-05
0.489067 9.9955E-05 9.9955E-05 9.9955E-05 0.510434 9.9955E-05 9.9955E-05
0.0130877 0.0620052 9.9982E-05 9.9982E-05 0.0243984 0.875694 0.0246148
0.0138382 0.0870276 0.0503383 0.0274428 0.051069 0.746511 0.0237728
0.00259454 0.0492061 0.022727 9.9973E-05 9.9973E-05 0.925172 9.9973E-05
9.9964E-05 9.9964E-05 9.9964E-05 0.0317969 0.0329032 0.9349 9.9964E-05
0.0124 9.9982E-05 9.9982E-05 0.055974 0.519304 0.0788684 0.333254
9.9982E-05 0.111726 9.9982E-05 0.00912015 0.559233 0.0220626 0.297658
9.9964E-05 0.0638263 9.9964E-05 9.9964E-05 0.495577 9.9964E-05 0.440197
9.9982E-05 0.0237565 9.9982E-05 0.0353366 0.583203 0.0984762 0.259027
9.9982E-05 0.0999614 9.9982E-05 0.0888737 0.568407 0.0997806 0.142777
9.9973E-05 0.0962313 9.9973E-05 9.9973E-05 0.304562 0.0509199 0.547987
9.9973E-05 9.9973E-05 0.00250687 9.9973E-05 0.658362 0.0123649 0.326467
0.0685448 9.9982E-05 9.9982E-05 0.0772072 0.258197 0.00432131 0.59153
9.9982E-05 0.0985272 0.147083 0.0296827 0.400121 0.324386 9.9982E-05
0.118997 9.9991E-05 0.0273428 0.025148 0.387517 0.0030702 0.437824
9.9973E-05 0.101327 9.9973E-05 9.9973E-05 0.360456 0.0114454 0.526471
0.0633188 9.9982E-05 9.9982E-05 0.0178351 0.53687 0.0120016 0.369775
9.9973E-05 0.129965 0.0285251 9.9973E-05 0.377543 9.9973E-05 0.463667
0.0588138 9.9973E-05 9.9973E-05 9.9973E-05 0.571229 0.00271049 0.366947
0.00253877 0.0295742 9.9982E-05 9.9982E-05 0.525359 0.0952601 0.347068
0.0831246 9.9964E-05 9.9964E-05 0.0659929 9.9964E-05 9.9964E-05 0.850483
0.0853074 9.9982E-05 0.00224282 0.0671112 0.299111 9.9982E-05 0.546028
0.0066088 9.9982E-05 0.0239073 0.0435844 0.344821 9.9982E-05 0.580878
0.0540106 9.9964E-05 9.9964E-05 0.120986 9.9964E-05 9.9964E-05 0.824603
9.9973E-05 0.0842513 9.9973E-05 9.9973E-05 0.40719 0.0512425 0.457017
0.0461511 9.9973E-05 9.9973E-05 0.240843 0.0571241 9.9973E-05 0.655582
0.0205351 9.9964E-05 9.9964E-05 0.133466 9.9964E-05 9.9964E-05 0.845599
0.0224664 0.0228093 0.0176323 9.9991E-05 0.550573 0.0673444 0.319075
9.9982E-05 0.153658 0.00484069 9.9982E-05 0.189696 0.0440225 0.607583
9.9991E-05 0.0849539 0.0258937 0.0117601 0.469935 0.0272359 0.380121
9.9991E-05 0.0799316 0.0430184 0.0766392 0.577217 0.0857639 0.13733
9.9973E-05 0.0876124 9.9973E-05 9.9973E-05 0.517059 0.0447293 0.3503
0.172467 0.284887 9.9982E-05 0.139709 0.375006 9.9982E-05 0.0277319
0.0180026 0.123647 9.9982E-05 9.9982E-05 0.528285 0.0416048 0.288261
9.9973E-05 0.126768 9.9973E-05 9.9973E-05 0.492924 0.0466084 0.3334
0.0541688 9.9973E-05 9.9973E-05 0.0393855 0.3179 9.9973E-05 0.588245
0.0227428 0.0375093 0.0363105 0.0330982 0.508085 0.0912955 0.270958
9.9964E-05 0.287595 9.9964E-05 0.0578646 9.9964E-05 0.65414 9.9964E-05
0.00197916 0.145518 9.9982E-05 0.0367268 9.9982E-05 0.774979 0.0405968
9.9964E-05 0.113449 9.9964E-05 0.0372647 9.9964E-05 0.848887 9.9964E-05
9.9964E-05 0.14025 9.9964E-05 0.0447669 9.9964E-05 0.814584 9.9964E-05
9.9982E-05 0.165212 9.9982E-05 0.0673333 0.0136149 0.729631 0.0240085
9.9973E-05 0.149779 9.9973E-05 9.9973E-05 0.154784 0.0496652 0.645472
9.9973E-05 0.11248 9.9973E-05 9.9973E-05 0.155789 0.0517574 0.679673
0.0146925 9.9982E-05 0.00831335 0.0420209 0.182325 9.9982E-05 0.752448
0.0979017 9.9991E-05 0.0563861 0.0541737 0.582275 0.100497 0.108667
9.9991E-05 0.0371595 0.0480808 0.0307294 0.536871 0.123524 0.223535
9.9982E-05 9.9982E-05 0.0381031 0.0850093 0.24939 0.00799124 0.619306
0.038003 9.9991E-05 0.0543127 0.00714485 0.57808 0.0108022 0.311557
0.0356674 9.9991E-05 0.0205513 0.0418321 0.435347 0.0695324 0.39697
0.00987789 0.0663906 9.9982E-05 9.9982E-05 0.508732 0.0284284 0.386371
0.0119841 0.0296988 0.0547246 9.9991E-05 0.585115 0.040321 0.278057
9.9964E-05 0.136049 9.9964E-05 9.9964E-05 0.235016 9.9964E-05 0.628535
9.9964E-05 0.154857 9.9964E-05 9.9964E-05 0.31794 9.9964E-05 0.526803
9.9973E-05 0.0880468 9.9973E-05 9.9973E-05 0.346212 0.00630372 0.559138
9.9973E-05 0.0450943 9.9973E-05 0.230943 0.655516 0.0681475 9.9973E-05
9.9973E-05 0.105079 9.9973E-05 9.9973E-05 0.403595 0.0292811 0.461744
9.9973E-05 0.103159 9.9973E-05 9.9973E-05 0.418667 0.0490245 0.428849
0.0195902 0.0094341 0.348271 0.0584587 0.430628 0.104009 0.0296088
0.0111032 9.9991E-05 0.436746 0.0614951 0.332394 0.147666 0.010495
0.0391654 0.0104175 0.373459 0.00859298 0.473445 0.0948198 9.9991E-05
0.00585623 9.9982E-05 0.470679 0.0717326 0.301244 0.150288 9.9982E-05
9.9982E-05 0.0580754 0.240792 0.0486222 0.516066 0.136244 9.9982E-05
9.9973E-05 9.9973E-05 9.9973E-05 0.23089 0.538918 0.0328777 0.197014
9.9973E-05 9.9973E-05 0.635693 0.0903642 0.0215875 0.252055 9.9973E-05
0.0207466 9.9982E-05 0.446267 0.0351109 0.318246 0.17943 9.9982E-05
0.000187976 9.9991E-05 0.149962 0.272931 0.386599 0.132539 0.0576812
9.9982E-05 0.0701547 9.9982E-05 0.285697 0.523742 0.106953 0.0132534
0.0237647 0.0485729 9.9991E-05 0.30063 0.524184 0.0902021 0.0125462
9.9991E-05 0.0306673 0.00422129 0.239073 0.590533 0.118031 0.017374
9.9991E-05 0.0422515 0.0117596 0.147591 0.627546 0.152634 0.0181177
9.9964E-05 9.9964E-05 0.448002 9.9964E-05 0.354023 0.197576 9.9964E-05
9.9991E-05 0.0530536 0.322273 0.0189899 0.445443 0.146598 0.0135422
0.00300327 9.9991E-05 0.463281 0.00615802 0.420005 0.0989364 0.00851589
0.028267 0.0330403 0.237893 0.0336566 0.462362 0.1823 0.0224814
0.0302368 0.0201494 0.453431 0.0422783 0.247214 0.168832 0.0378583
0.0104685 0.00519105 0.283192 0.0630596 0.505213 0.132776 9.9991E-05
0.0126234 9.9982E-05 0.462221 0.0583787 0.334997 0.13158 9.9982E-05
0.0162685 0.00540156 0.3046 0.100624 0.433033 0.0793332 0.06074
9.99731E-05 9.99731E-05 9.99731E-05 0.364852 0.517518 0.0652095 0.052121
9.9991E-05 0.0177905 0.340715 0.0786219 0.40329 0.125852 0.0336308
0.013135 9.9982E-05 0.556094 0.0565567 0.154581 0.219434 9.9982E-05
0.0599262 0.0341049 0.307599 0.0240096 0.439348 0.104372 0.0306402
9.9982E-05 0.133804 9.9982E-05 0.363235 0.334534 0.122287 0.0459403
9.9964E-05 9.9964E-05 0.00945477 0.344513 0.645632 9.9964E-05 9.9964E-05
0.00928285 0.0246941 0.291025 0.0557476 0.4536 0.16555 9.9991E-05
0.0305576 0.0689244 9.9982E-05 0.22437 0.551277 0.124671 9.9982E-05
9.9982E-05 0.0863906 9.9982E-05 0.25234 0.533647 0.117293 0.0101299
0.062418 0.0308444 0.208257 0.138182 0.336058 0.193664 0.030577
0.0725648 9.9982E-05 0.251113 0.102878 0.369927 0.203318 9.9982E-05
9.9991E-05 0.0225692 0.0488434 0.164794 0.563826 0.115284 0.0845839
0.0391684 0.00442078 0.304929 0.0395511 0.403235 0.147967 0.0607283
9.9973E-05 9.9973E-05 0.395231 0.00743071 0.468056 0.128982 9.9973E-05
0.00447313 9.9982E-05 0.628419 0.0658055 0.12775 0.173352 9.9982E-05
0.0642891 0.0280244 0.0281361 0.0825299 0.623704 0.118273 0.0550435
9.9982E-05 0.0898855 9.9982E-05 0.347574 0.439503 0.0966369 0.0262012
9.9964E-05 9.9964E-05 9.9964E-05 0.779387 0.209791 0.0104216 9.9964E-05
0.0661586 0.0344912 0.0409271 0.150707 0.583709 0.114964 0.00904325
0.0778664 0.155424 9.9991E-05 0.214035 0.40713 0.0799524 0.0654921
0.00320285 0.000989979 0.133981 0.128872 0.504553 0.171738 0.0566628
0.0724201 0.0372355 0.037463 0.179585 0.519247 0.15395 9.9991E-05
9.9964E-05 9.9964E-05 0.117257 0.594005 9.9964E-05 0.288338 9.9964E-05
9.9964E-05 9.9964E-05 0.0671672 0.721459 9.9964E-05 0.210974 9.9964E-05
0.00407288 0.0107301 0.0301039 0.396355 0.351432 0.14387 0.063436
9.9973E-05 9.9973E-05 0.167032 0.507291 0.0537277 0.27165 9.9973E-05
9.9964E-05 9.9964E-05 0.174838 0.41571 9.9964E-05 0.409052 9.9964E-05
0.0825666 9.9982E-05 0.0608524 0.289245 0.384993 0.182143 9.9982E-05
0.00701181 9.9991E-05 0.136625 0.224072 0.381502 0.209568 0.0411207
9.9973E-05 9.9973E-05 0.142433 0.449623 0.16552 0.242125 9.9973E-05
9.9973E-05 9.9973E-05 0.113976 0.581555 0.11463 0.189539 9.9973E-05
9.9973E-05 9.9973E-05 0.111373 0.224783 0.53172 0.131823 9.9973E-05
9.9973E-05 9.9973E-05 0.0780713 0.504766 0.221762 0.195101 9.9973E-05
9.9964E-05 9.9964E-05 0.062544 0.682211 9.9964E-05 0.254845 9.9964E-05
9.9991E-05 0.0750759 0.105494 0.117536 0.563153 0.0984663 0.0401745
0.00900601 0.017385 0.164252 0.292708 0.323199 0.19335 9.9991E-05
9.9982E-05 0.0218161 0.142015 0.0764122 0.43522 0.324336 9.9982E-05
9.9964E-05 9.9964E-05 0.207815 9.9964E-05 0.614105 0.17768 9.9964E-05
9.9973E-05 9.9973E-05 0.187967 0.149636 0.532796 0.129301 9.9973E-05
0.00701094 9.9982E-05 0.230246 0.115472 0.476657 0.170414 9.9982E-05
9.9991E-05 0.0534348 0.201974 0.0545249 0.298954 0.348362 0.042651
9.9991E-05 0.041557 0.16677 0.0559581 0.482964 0.211278 0.0413737
9.9973E-05 9.9973E-05 0.153541 0.0973345 0.499351 0.249473 9.9973E-05
0.0369627 9.9991E-05 0.24366 0.215186 0.254877 0.234771 0.0144438
9.9991E-05 0.137359 0.151556 0.0571874 0.305646 0.162936 0.185215
9.9991E-05 0.0222298 0.0762991 0.0793418 0.536465 0.188538 0.0970259
0.0333204 0.00940172 0.139169 0.0847007 0.57263 0.146247 0.0145309
0.0332883 0.0466752 0.135497 0.0170169 0.5674 0.11218 0.0879425
0.0414692 0.0134419 0.172028 0.0493365 0.437275 0.286349 9.9991E-05
0.0597077 9.9982E-05 0.162733 9.9982E-05 0.518543 0.238911 0.0199043
9.9973E-05 9.9973E-05 0.269232 0.333728 0.0744076 0.322333 9.9973E-05
0.021642 0.0326898 0.125314 0.101721 0.553601 0.164932 9.9991E-05
0.0515238 9.9982E-05 0.284386 0.180112 0.186375 0.297403 9.9982E-05
0.00494511 0.17539 0.00504147 0.00249286 9.9982E-05 0.81193 9.9982E-05
0.0323753 0.770849 0.0269598 9.9982E-05 0.121842 0.0477738 9.9982E-05
9.995E-05 0.9994 9.995E-05 9.995E-05 9.995E-05 9.995E-05 9.995E-05
9.995E-05 0.9994 9.995E-05 9.995E-05 9.995E-05 9.995E-05 9.995E-05
9.9955E-05 0.975815 9.9955E-05 9.9955E-05 0.0236851 9.9955E-05 9.9955E-05
9.9955E-05 0.977063 0.0224373 9.9955E-05 9.9955E-05 9.9955E-05 9.9955E-05
9.9955E-05 0.967082 9.9955E-05 9.9955E-05 0.0324182 9.9955E-05 9.9955E-05
9.9955E-05 0.98738 9.9955E-05 9.9955E-05 9.9955E-05 0.0121206 9.9955E-05
9.9955E-05 0.840751 9.9955E-05 9.9955E-05 9.9955E-05 0.158749 9.9955E-05
9.9982E-05 0.0766465 9.9982E-05 0.00146896 0.0118767 0.892724 0.017084
0.0164964 0.12135 9.9973E-05 9.9973E-05 0.0587806 0.803073 9.9973E-05
0.027258 0.0550143 9.9982E-05 9.9982E-05 0.0244232 0.890111 0.00299333
0.0293789 0.0731587 9.9982E-05 0.021835 0.0130933 0.862334 9.9982E-05
9.9982E-05 0.0857924 0.00875208 9.9982E-05 0.018172 0.872205 0.0148782
9.9982E-05 0.0123847 0.0105167 9.9982E-05 0.0462853 0.908805 0.0218082
0.00632315 0.0263702 0.0923451 0.0549969 0.100043 0.719822 9.9991E-05
0.00265503 9.9973E-05 0.0146216 9.9973E-05 0.0785281 0.903895 9.9973E-05
0.0121578 0.0659593 0.066176 0.0238272 0.109964 0.721815 9.9991E-05
9.9964E-05 9.9964E-05 0.0520063 9.9964E-05 0.0306244 0.916969 9.9964E-05
0.00811143 9.9964E-05 9.9964E-05 0.00992633 9.9964E-05 0.981562 9.9964E-05
9.9982E-05 0.00475559 0.0397841 9.9982E-05 0.0412766 0.869874 0.0441103
0.00886116 9.9964E-05 9.9964E-05 9.9964E-05 9.9964E-05 0.981158 0.00958131
0.0244292 9.9964E-05 9.9964E-05 9.9964E-05 0.0270244 0.948147 9.9964E-05
9.9982E-05 9.9982E-05 0.0204624 0.00652517 0.0707695 0.900701 0.00134191
9.9964E-05 9.9964E-05 0.0135601 9.9964E-05 0.0610209 0.925019 9.9964E-05
9.9964E-05 9.9964E-05 0.0431456 9.9964E-05 0.0822466 0.874208 9.9964E-05
9.9964E-05 9.9964E-05 0.0246099 9.9964E-05 0.117546 0.857444 9.9964E-05
9.9964E-05 9.9964E-05 0.0589818 9.9964E-05 0.10711 0.833508 9.9964E-05
9.9982E-05 0.0933757 9.9982E-05 0.318581 0.40612 0.104167 0.0775554
9.9973E-05 0.0280778 9.9973E-05 0.23751 0.687448 0.0466642 9.9973E-05
9.9991E-05 0.0697788 0.0181081 0.0697824 0.62926 0.134618 0.078353
9.9973E-05 9.9973E-05 0.0294103 0.762445 0.0902032 9.9973E-05 0.117642
9.9973E-05 0.122109 9.9973E-05 0.278217 0.541845 0.0575297 9.9973E-05
9.9955E-05 9.9955E-05 9.9955E-05 0.883187 0.116313 9.9955E-05 9.9955E-05
0.0382727 9.9991E-05 0.00688981 0.22813 0.658102 0.0655296 0.0029756
9.9982E-05 0.0480368 9.9982E-05 0.299697 0.413411 0.129582 0.109073
9.9973E-05 0.0696712 9.9973E-05 0.286013 0.523922 0.120093 9.9973E-05
9.9982E-05 0.0417867 0.00263411 9.9982E-05 0.480222 0.0550535 0.420104
9.9982E-05 0.111601 9.9982E-05 0.281857 0.471641 0.0628067 0.0718941
0.0514194 0.00991596 9.9991E-05 0.167919 0.704401 0.0604948 0.00574989
9.9973E-05 0.0927857 9.9973E-05 0.270876 0.563291 0.0727475 9.9973E-05
0.183747 0.478728 0.0749431 0.110546 9.9982E-05 9.9982E-05 0.151836
0.0354698 0.0413595 9.9991E-05 0.858368 0.0509132 0.00353689 0.0102525
9.9973E-05 0.00420778 9.9973E-05 0.791998 0.203295 0.000199415 9.9973E-05
9.9982E-05 0.0382227 9.9982E-05 0.224717 0.587327 0.144346 0.00518796
9.9991E-05 0.00681874 0.0118425 0.417548 0.522069 0.0329016 0.00872032
