0.0526023 9.9991E-05 0.0331438 0.0131313 0.901023
0.00316646 0.0204474 9.9982E-05 9.9982E-05 0.976186
0.0795738 9.9991E-05 0.0814253 0.0680296 0.770871
0.120884 9.9991E-05 0.0953429 0.00756106 0.776112
0.0017055 9.9991E-05 0.0477397 0.0422072 0.908248
0.111396 0.123332 0.0799421 0.074976 0.610354
0.085942 0.0239049 0.0107883 0.0203734 0.858991
0.128694 0.0820374 0.025181 0.0116537 0.752433
0.0796873 0.0743205 9.9982E-05 9.9982E-05 0.845792
0.0493413 0.014919 0.0417278 0.149658 0.744354
0.120875 0.0877447 9.9991E-05 0.0377087 0.753571
0.511024 0.109321 0.0898707 0.289685 9.9991E-05
0.339122 9.9982E-05 0.0560261 0.604652 9.9982E-05
0.487036 0.0683471 0.0810554 0.321987 0.0415747
0.402193 0.0817096 0.198826 0.316365 0.000907234
0.2671 0.101853 0.119221 0.359002 0.152824
0.219933 0.0413633 0.190821 0.508912 0.0389708
0.176921 0.140234 0.106987 0.508705 0.0671527
0.380623 0.0564036 0.129909 0.329123 0.103941
0.656368 0.225829 0.0682202 0.0494822 9.9991E-05
0.238039 0.196126 0.118856 0.409995 0.0369836
0.149631 0.203429 0.0355149 0.532609 0.0788167
0.214316 0.0676684 0.0131974 0.600638 0.10418
0.414029 0.108771 0.128836 0.348264 9.9991E-05
0.123596 0.138823 0.0620805 0.58415 0.0913494
0.267122 0.08 0.179752 0.461445 0.011681
0.537469 0.133861 0.154472 0.174098 9.9991E-05
0.444905 0.125928 0.20675 0.222317 9.9991E-05
0.450943 0.222575 0.0382198 0.288162 9.9991E-05
9.9982E-05 9.9982E-05 0.0875722 0.0875202 0.824708
9.9982E-05 9.9982E-05 0.0249884 0.12625 0.848561
9.9982E-05 9.9982E-05 0.0260847 0.173861 0.799854
9.9991E-05 0.0137375 0.0561319 0.13917 0.79086
0.236396 0.127216 9.9991E-05 0.623171 0.0131166
0.0311099 0.152235 0.023398 0.693821 0.0994361
0.0759086 0.201865 0.00313191 0.675239 0.0438553
0.619355 0.0904027 0.0407685 0.17494 0.0745336
0.043596 0.4073 9.9991E-05 0.498789 0.0502156
0.180207 0.193785 0.0937712 0.532137 9.9991E-05
9.9991E-05 0.146426 0.0125028 0.773848 0.0671235
0.0934247 0.14469 0.0427645 0.59668 0.122441
0.151419 0.00361255 0.0241186 0.698517 0.122332
0.156875 0.499415 9.9991E-05 0.335238 0.00837287
0.0778042 0.180572 0.138159 0.505298 0.0981666
0.0292203 0.184737 0.114711 0.62529 0.0460415
0.156675 0.00406838 0.036823 0.625257 0.177177
0.0197147 0.464736 9.9982E-05 0.51535 9.9982E-05
0.0238548 0.144056 9.9991E-05 0.741706 0.0902837
0.0517424 0.114901 0.00853952 0.660781 0.164036
0.065358 0.826021 9.9982E-05 9.9982E-05 0.108421
0.431379 0.280837 9.9982E-05 0.287584 9.9982E-05
0.230043 0.590559 0.0375133 0.13211 0.00977544
0.233227 9.9991E-05 0.050058 0.553317 0.163297
0.12056 0.0832758 0.132971 0.578448 0.0847445
0.119998 0.129733 0.0380263 0.652211 0.0600319
0.364505 0.236513 9.9991E-05 0.280048 0.118835
0.18269 0.106397 0.018907 0.688091 0.00391548
0.162722 0.0143871 0.073565 0.697312 0.0520133
0.197198 0.243351 9.9991E-05 0.409373 0.149978
0.36165 0.27148 0.0473376 0.114115 0.205417
0.141926 0.0615995 0.00407546 0.667831 0.124568
0.247231 0.13697 0.139474 0.400685 0.0756406
0.52029 0.318682 9.9991E-05 0.0957681 0.0651598
0.247005 0.146245 0.0654588 0.541192 9.9991E-05
0.0302711 0.130542 0.139533 0.671864 0.0277908
0.257785 9.9991E-05 0.117756 0.573383 0.0509763
0.392209 0.224327 0.0854307 0.285955 0.012078
0.27039 0.139589 0.0493617 0.54056 9.9991E-05
0.201249 0.14398 0.0919913 0.517036 0.0457439
0.461811 0.191024 9.9991E-05 0.3214 0.0256646
0.184461 0.134648 9.9982E-05 0.680692 9.9982E-05
0.204488 0.371226 9.9982E-05 0.424086 9.9982E-05
0.140293 0.0967466 0.0987794 0.572357 0.0918242
0.00244862 0.83869 9.9982E-05 0.158661 9.9982E-05
0.0832687 0.750107 9.9982E-05 0.166424 9.9982E-05
0.0261244 0.451525 9.9982E-05 0.52215 9.9982E-05
0.15779 0.194405 0.00611558 0.635878 0.00581123
0.101728 0.128931 0.0772722 0.646449 0.0456204
0.0821039 0.234524 0.0105919 0.659922 0.0128584
0.188998 0.369952 9.9991E-05 0.404339 0.0366105
0.360042 0.248204 9.9991E-05 0.386816 0.00483815
0.050255 0.25237 0.102706 0.484602 0.110068
0.0831776 0.398184 9.9991E-05 0.481338 0.0372004
0.0869668 0.260435 9.9991E-05 0.605503 0.0469957
9.9973E-05 0.404263 9.9973E-05 0.595437 9.9973E-05
0.0709472 0.750216 9.9982E-05 0.178637 9.9982E-05
0.0272727 0.270378 0.0998838 0.594302 0.00816343
0.008201 9.9982E-05 9.9982E-05 0.142095 0.849504
9.9973E-05 9.9973E-05 9.9973E-05 0.0715025 0.928198
9.9982E-05 9.9982E-05 0.0380764 0.0830705 0.878653
9.9991E-05 0.0258857 0.00197967 0.0605763 0.911458
9.9982E-05 9.9982E-05 0.0037506 0.0984969 0.897553
9.9982E-05 9.9982E-05 0.0395879 0.0676317 0.89258
9.9973E-05 9.9973E-05 9.9973E-05 0.0586694 0.941031
0.0425713 0.210555 0.0943926 0.542453 0.110028
0.0985584 0.156828 0.108084 0.629957 0.0065732
0.146793 0.639123 9.9982E-05 0.213884 9.9982E-05
0.073407 0.118517 0.011266 0.673352 0.123458
0.138691 0.229306 9.9991E-05 0.623017 0.00888477
0.0633227 0.108525 9.9991E-05 0.76611 0.0619417
9.9991E-05 0.299239 0.00641391 0.656565 0.0376819
9.9991E-05 0.323581 0.0616282 0.610272 0.0044194
0.298395 0.567332 9.9991E-05 0.126142 0.00803077
0.127662 0.029024 0.054838 0.637815 0.150661
0.0373564 0.192018 0.0626265 0.665847 0.0421524
0.196647 0.0937914 0.148588 0.495157 0.0658159
9.9991E-05 0.492282 0.04181 0.437372 0.0284367
0.0160096 0.337388 0.00131178 0.596061 0.0492297
0.170146 0.200471 9.9991E-05 0.614996 0.0142865
9.9982E-05 0.411156 0.0366591 0.551985 9.9982E-05
0.169291 0.198699 9.9991E-05 0.554048 0.0778622
0.0141722 0.164122 9.9991E-05 0.590406 0.2312
0.293448 0.286848 0.0481314 0.294163 0.0774092
0.345863 0.0847504 0.0630779 0.41223 0.0940789
0.192392 0.120189 0.0869416 0.553296 0.0471817
0.0582049 0.0455849 0.11067 0.710302 0.0752389
0.354244 0.0798325 0.0245582 0.503626 0.0377395
0.292755 9.9982E-05 0.0405285 0.666516 9.9982E-05
0.4333 9.9982E-05 0.0800257 0.486475 9.9982E-05
0.178709 0.089719 0.102856 0.553437 0.0752791
0.217554 0.0651595 0.082724 0.595587 0.0389752
0.143694 0.178932 9.9991E-05 0.629122 0.0481513
0.364352 0.0687671 9.9982E-05 0.566681 9.9982E-05
0.0916099 0.054989 0.0852847 0.62704 0.141077
0.0840391 0.0527037 0.031059 0.709748 0.12245
0.268836 9.9991E-05 0.0513128 0.658508 0.0212432
0.116607 0.121045 0.0461328 0.659446 0.0567702
0.259081 9.9991E-05 0.097417 0.633827 0.0095746
0.2475 0.175673 0.00767095 0.403293 0.165863
0.179656 0.0799477 0.118338 0.620582 0.00147625
0.183336 0.0478139 0.0674293 0.701321 9.9991E-05
0.46331 0.206081 0.107365 0.223145 9.9991E-05
0.288739 0.433219 0.0823638 0.132489 0.0631885
0.284622 0.0416017 0.0901847 0.565475 0.0181159
0.361624 0.440255 0.0958734 0.102148 9.9991E-05
0.436174 0.155582 9.9991E-05 0.361448 0.0466957
0.355771 0.0646242 9.9991E-05 0.564846 0.0146591
0.502515 0.0280095 9.9982E-05 0.469275 9.9982E-05
0.500703 0.142467 0.0355995 0.321131 9.9991E-05
0.0793532 0.0751704 9.9991E-05 0.743303 0.102073
0.0645019 0.102641 0.0373031 0.666357 0.129197
0.182353 0.163905 0.0968289 0.515133 0.0417805
0.35562 0.406672 0.0961003 0.141508 9.9991E-05
0.120905 0.183253 0.0650533 0.496234 0.134555
0.0452005 0.197143 0.0849895 0.577662 0.0950051
0.135045 0.650418 0.0107025 0.0335648 0.170269
9.9991E-05 0.0646336 0.0721687 0.707997 0.155101
0.0952336 0.380746 0.0717291 0.364487 0.0878043
0.0936766 0.16738 0.139985 0.468747 0.130211
0.121228 0.434268 0.0759548 0.239368 0.129181
0.119385 0.49909 9.9991E-05 0.24732 0.134105
0.154334 0.298475 0.00365827 0.510745 0.0327878
0.120998 0.148633 0.129776 0.503679 0.0969139
0.158623 0.188233 0.0560644 0.473343 0.123735
0.123222 0.557086 0.214034 0.0470226 0.0586354
0.0547095 0.143673 0.104774 0.622941 0.0739025
0.0793855 0.438406 9.9982E-05 0.482008 9.9982E-05
0.135699 0.306248 0.0861798 0.471773 9.9991E-05
0.106275 0.135934 0.029639 0.58649 0.141662
9.9991E-05 0.172157 0.177109 0.239884 0.41075
9.9982E-05 0.253557 0.158045 9.9982E-05 0.588198
9.9982E-05 0.294297 0.155405 9.9982E-05 0.550098
0.0362212 0.0980085 0.394915 0.0932443 0.377611
9.9991E-05 0.242678 0.046507 0.679614 0.031101
0.0873315 0.116639 0.0348988 0.665789 0.0953419
0.0221959 9.9982E-05 0.680612 0.296992 9.9982E-05
0.0747586 0.048359 0.411024 0.410102 0.0557567
0.089478 0.0798112 0.447634 0.358412 0.0246653
9.9991E-05 0.556362 0.0199489 0.401958 0.0216314
0.0574259 0.173658 0.0904879 0.567246 0.111182
9.9991E-05 0.69728 0.0414742 0.229915 0.0312311
9.9991E-05 0.285922 0.019165 0.690343 0.00446954
0.0781454 0.281932 0.0664388 0.512651 0.0608321
0.0277883 0.276246 0.102388 0.554871 0.0387061
0.0317027 0.595244 9.9991E-05 0.277933 0.0950195
9.9991E-05 0.119719 0.14806 0.614141 0.11798
0.0364559 0.271463 0.151108 0.486881 0.0540921
9.9982E-05 0.0672876 0.907322 0.0251903 9.9982E-05
0.0064762 9.9982E-05 0.910638 0.0826854 9.9982E-05
0.0622221 9.9991E-05 0.652382 0.245236 0.0400602
0.0156215 9.9982E-05 0.702453 0.281726 9.9982E-05
0.00137442 0.0266295 0.900319 0.0715767 9.9991E-05
9.997E-05 9.997E-05 0.9996 9.997E-05 9.997E-05
0.0160342 9.9973E-05 0.983666 9.9973E-05 9.9973E-05
9.9973E-05 9.9973E-05 0.85471 0.14499 9.9973E-05
0.0281996 9.9973E-05 0.9715 9.9973E-05 9.9973E-05
9.997E-05 9.997E-05 0.9996 9.997E-05 9.997E-05
9.997E-05 9.997E-05 0.9996 9.997E-05 9.997E-05
0.00985378 9.9991E-05 0.746069 0.184203 0.059774
0.0574632 9.9991E-05 0.777559 0.148072 0.0168064
0.0235379 9.9973E-05 0.976162 9.9973E-05 9.9973E-05
0.116138 0.0026204 0.429221 0.377698 0.0743214
0.0677576 9.9991E-05 0.639568 0.263382 0.0291919
9.9982E-05 9.9982E-05 0.718889 0.212384 0.0685273
0.0409849 9.9991E-05 0.91261 0.0450189 0.00128663
9.997E-05 9.997E-05 0.9996 9.997E-05 9.997E-05
0.0401676 9.9982E-05 0.928353 9.9982E-05 0.0312795
9.997E-05 9.997E-05 0.9996 9.997E-05 9.997E-05
0.113204 0.00321049 0.640473 0.210802 0.0323106
0.0741803 0.000729478 0.916624 0.00836619 9.9991E-05
9.9982E-05 0.556285 0.0707783 9.9982E-05 0.372736
0.10766 0.134057 0.0982863 0.406517 0.25348
9.9991E-05 0.221076 0.113057 0.387145 0.278622
9.9991E-05 0.383588 0.146483 0.171053 0.298776
0.0818855 0.195054 0.178296 0.436264 0.1085
9.9991E-05 0.358896 0.0949776 0.221392 0.324634
0.0570109 0.159544 0.143613 0.489189 0.150642
9.9991E-05 0.309873 0.192849 0.334995 0.162183
9.9991E-05 0.233411 0.221372 0.40765 0.137468
9.9991E-05 0.169038 0.196144 0.367894 0.266824
0.0653116 0.185108 0.0909557 0.470732 0.187893
0.0470422 0.0272162 9.9991E-05 0.0627117 0.86293
9.9982E-05 9.9982E-05 0.0537159 0.00152551 0.944559
0.0127602 0.00822317 9.9991E-05 0.00315241 0.975764
0.0524459 9.9973E-05 9.9973E-05 9.9973E-05 0.947254
0.0452062 9.9991E-05 0.0255878 0.0146421 0.914464
9.9973E-05 9.9973E-05 0.099232 9.9973E-05 0.900468
9.9982E-05 9.9982E-05 0.0569148 0.0345794 0.908306
9.9982E-05 0.0545994 9.9982E-05 0.0173866 0.927814
9.9982E-05 0.040986 0.0146378 9.9982E-05 0.944176
0.0223633 9.9982E-05 0.0975803 9.9982E-05 0.879856
0.288288 0.104546 9.9982E-05 9.9982E-05 0.606966
0.36526 0.0186203 0.0228856 9.9991E-05 0.593134
0.297958 0.158399 9.9982E-05 9.9982E-05 0.543443
0.344327 0.173787 9.9982E-05 9.9982E-05 0.481686
0.249546 0.139743 0.0134426 0.548836 0.0484335
0.0572773 0.227814 0.0242024 0.646121 0.0445844
0.185777 0.188736 0.0870499 0.533192 0.00524569
0.262434 0.183984 9.9991E-05 0.502501 0.0509804
0.625392 0.140162 0.00720705 0.227139 9.9991E-05
0.161603 0.0421353 0.105387 0.68082 0.0100557
0.0838939 0.214142 0.0118525 0.690012 9.9991E-05
0.0988909 0.229028 0.0354365 0.636544 9.9991E-05
9.9973E-05 0.435653 9.9973E-05 0.564047 9.9973E-05
0.093116 0.109904 0.0285175 0.645948 0.122514
0.180701 0.264421 9.9982E-05 0.554678 9.9982E-05
0.138712 0.817952 9.9982E-05 0.0431362 9.9982E-05
0.12109 0.147373 0.102134 0.524018 0.105385
9.9982E-05 0.647514 9.9982E-05 0.333104 0.0191821
0.068472 0.227886 9.9982E-05 0.703442 9.9982E-05
0.274034 0.4828 9.9991E-05 0.238822 0.00424438
0.747785 0.0985363 9.9982E-05 9.9982E-05 0.153479
0.731121 0.0869634 9.9991E-05 0.0780068 0.103809
0.842912 0.114101 9.9991E-05 0.0102523 0.0326354
0.798823 0.0374498 9.9991E-05 0.0274102 0.136217
0.829993 0.0588243 0.0776359 0.0334472 9.9991E-05
0.794708 0.000732916 0.00922945 0.113339 0.0819914
9.9982E-05 9.9982E-05 0.00823462 0.0948492 0.896716
0.0799656 9.9991E-05 0.0180695 0.0616062 0.840259
9.9982E-05 9.9982E-05 0.0994889 0.113732 0.786579
0.119417 9.9991E-05 0.12243 0.0238801 0.734173
0.0191658 9.9991E-05 0.0481723 0.13044 0.802122
0.550028 0.073653 9.9982E-05 9.9982E-05 0.37612
0.355814 0.164939 9.9982E-05 9.9982E-05 0.479047
0.468958 0.108338 9.9982E-05 9.9982E-05 0.422504
0.0260689 9.9991E-05 0.0655805 0.0855394 0.822711
0.45709 0.135398 0.00434778 9.9991E-05 0.403064
9.9991E-05 0.0965448 0.362793 0.27657 0.263992
0.0535051 9.9991E-05 0.275394 0.543972 0.127029
9.9982E-05 9.9982E-05 0.254096 0.532287 0.213417
9.9991E-05 0.118507 0.227057 0.341409 0.312928
0.128687 0.022316 0.231072 0.501248 0.116678
9.9982E-05 0.208845 0.328501 9.9982E-05 0.462454
0.291568 0.127337 9.9991E-05 0.553955 0.0270399
0.16966 0.297062 0.023259 0.486765 0.0232543
0.54233 0.0483644 9.9991E-05 0.339229 0.069977
0.1494 0.296088 9.9982E-05 0.554312 9.9982E-05
0.154605 0.845095 9.9973E-05 9.9973E-05 9.9973E-05
0.112613 0.185009 9.9991E-05 0.606442 0.0958356
0.173403 0.185282 0.0621538 0.545824 0.0333371
0.454125 0.115792 9.9991E-05 0.37476 0.0552234
0.243681 0.0479044 0.0379349 0.582249 0.0882312
0.255335 0.5178 9.9982E-05 0.226665 9.9982E-05
0.154362 0.285858 0.0603321 0.468161 0.031287
0.237085 0.0993349 0.0368259 0.626654 9.9991E-05
0.0345197 0.0764457 0.189265 0.491049 0.208721
0.257164 0.278775 9.9982E-05 0.463861 9.9982E-05
0.262508 0.229153 0.0119841 0.462645 0.0337104
0.162971 0.226242 0.110081 0.500607 9.9991E-05
0.177667 0.179798 0.0276046 0.575314 0.039617
0.114575 0.0870003 0.0852292 0.66244 0.0507554
0.0899591 0.112047 0.00648644 0.614087 0.177421
0.138784 0.0928968 0.116806 0.579915 0.071598
9.9991E-05 0.000124149 0.0640008 0.120149 0.815626
9.9991E-05 0.0327539 0.0619403 0.0589076 0.846298
0.0255152 0.0648655 9.9991E-05 0.0821336 0.827386
0.0625872 0.0315854 0.0407855 0.0391558 0.825886
9.9982E-05 9.9982E-05 0.031029 0.111383 0.857388
0.641228 0.106266 0.068972 0.183434 9.9991E-05
0.151627 0.15077 0.0989017 0.531492 0.0672094
0.0141341 0.136535 0.13741 0.443942 0.267978
0.212728 9.9991E-05 0.0826586 0.668467 0.0360462
0.2284 0.102831 9.9991E-05 0.629703 0.0389663
0.373775 0.20149 0.0740902 0.338813 0.0118319
0.655437 0.183226 9.9991E-05 0.0269304 0.134306
0.362185 9.9982E-05 0.0811401 0.556475 9.9982E-05
0.475971 0.22013 0.0450156 0.183971 0.0749125
0.145344 0.236938 0.074461 0.487576 0.0556809
0.587742 0.150081 0.0507167 0.0884683 0.122992
0.161562 0.00208395 0.127912 0.605312 0.10313
0.498939 0.147814 0.0370952 0.247131 0.0690206
0.343149 0.213197 0.11852 0.325034 9.9991E-05
0.0592679 0.302582 0.0608121 0.504413 0.0729257
0.164185 0.424465 0.00431432 0.327823 0.0792127
0.054107 0.164903 0.0428937 0.652611 0.0854857
0.0178309 0.218489 0.0488828 0.599106 0.115691
0.0544679 0.442388 9.9991E-05 0.438174 0.0648705
0.211355 0.151504 0.011805 0.516158 0.109177
9.9991E-05 0.295291 0.0307707 0.579317 0.0945208
0.0785115 0.766558 9.9982E-05 0.15473 9.9982E-05
9.9982E-05 0.630528 9.9982E-05 0.349839 0.0194326
0.0641552 0.248571 9.9991E-05 0.628426 0.0587486
0.0879312 0.608549 9.9991E-05 0.226606 0.0768142
0.0937657 0.342085 9.9982E-05 0.563949 9.9982E-05
0.640323 0.159225 0.00715965 0.19237 0.000923016
0.371358 0.335637 0.0214008 0.271504 9.9991E-05
0.537712 9.9991E-05 0.115796 0.326304 0.020088
0.214566 0.0270201 0.1476 0.540563 0.0702511
0.481818 0.210321 9.9982E-05 0.307661 9.9982E-05
0.132622 0.22153 0.225066 0.411553 0.00922916
0.166972 9.9982E-05 9.9982E-05 0.694012 0.138816
0.277658 0.130153 0.0729306 0.519159 9.9991E-05
0.370161 0.0299266 0.122049 0.477763 9.9991E-05
0.319076 0.0604454 0.0580548 0.524624 0.0378002
0.566023 0.0945489 0.0698723 0.269456 9.9991E-05
0.485147 0.00470474 0.115861 0.37859 0.0156967
0.229306 0.0948703 0.0850213 0.590703 9.9991E-05
0.0885419 0.18558 0.0593235 0.653468 0.0130865
0.282485 0.136814 0.00419932 0.512297 0.0642046
0.261856 0.118782 0.113378 0.505885 9.9991E-05
0.417722 0.0411646 0.0336373 0.448204 0.0592718
0.187797 0.0510752 0.0715602 0.68722 0.00234771
0.293703 0.0618398 0.0713534 0.52277 0.050334
0.177535 0.0611567 0.16662 0.484484 0.110205
0.00651932 0.0407237 0.170049 0.407378 0.375331
9.9991E-05 0.162266 0.229015 0.441311 0.167308
0.110414 0.100732 0.167226 0.533907 0.0877213
0.0362058 0.0539362 0.128389 0.674022 0.107446
0.00591627 0.026454 0.191949 0.580084 0.195597
0.239988 0.290992 0.0679347 0.400985 9.9991E-05
0.081666 0.00884898 0.136442 0.582321 0.190723
9.9991E-05 0.541615 0.13943 0.0262027 0.292653
0.14809 0.0750142 0.189146 0.541137 0.0466131
0.0304398 0.0542028 0.205746 0.531072 0.17854
0.057804 0.126932 0.302876 0.410081 0.102307
0.0224095 0.278285 0.171719 0.29904 0.228547
0.0632945 0.140497 0.283932 0.365235 0.147042
9.9991E-05 0.0422257 0.198754 0.589831 0.169089
9.9982E-05 0.318874 0.18926 9.9982E-05 0.491667
9.9991E-05 0.0552135 0.175889 0.504071 0.264726
9.9991E-05 0.0670292 0.148629 0.548681 0.235561
0.0503635 0.138269 0.17728 0.472619 0.161469
9.9991E-05 0.0314068 0.182722 0.56189 0.223882
0.0294469 0.0565832 0.0777514 0.629168 0.20705
0.0802851 0.296262 0.00379103 0.552291 0.0673712
0.138027 0.0903437 0.0850996 0.59197 0.0945597
0.0821457 0.812149 0.0319452 0.0736606 9.9991E-05
0.11306 0.816348 9.9982E-05 0.0703927 9.9982E-05
0.108773 0.245685 0.128056 0.517386 9.9991E-05
0.0441067 0.106465 0.401836 0.339076 0.108517
9.9991E-05 0.168466 0.36213 0.347025 0.122279
9.9991E-05 0.283998 0.363051 0.16143 0.191421
9.9991E-05 0.11966 0.323687 0.355132 0.201422
9.9991E-05 0.633996 0.152358 0.113969 0.0995767
9.9991E-05 0.518139 0.168998 0.18434 0.128423
9.9982E-05 0.230794 0.208515 0.560491 9.9982E-05
9.9991E-05 0.298005 0.144946 0.498573 0.0583758
9.9991E-05 0.520611 0.136318 0.236803 0.106168
0.0801702 0.179325 0.133099 0.509769 0.0976371
0.0539737 0.195057 0.188397 0.527703 0.0348691
0.115491 0.220326 0.164563 0.459965 0.0396552
0.075815 0.520649 9.9991E-05 0.403274 0.00016177
0.0913562 0.432434 0.0471549 0.428954 9.9991E-05
0.04935 0.324353 0.0435417 0.537734 0.0450207
0.0471342 0.361718 0.0752475 0.394275 0.121625
0.131907 0.244959 0.0715517 0.476225 0.0753567
0.00744711 0.435329 9.9991E-05 0.508148 0.0489759
0.0928821 0.586931 9.9982E-05 0.319987 9.9982E-05
9.9982E-05 0.241412 0.0816546 0.676733 9.9982E-05
0.0663492 0.562923 0.0373451 0.333282 9.9991E-05
0.0204556 0.441495 0.0822822 0.44065 0.0151174
0.0499685 0.192524 0.0473736 0.628195 0.0819394
9.9991E-05 0.369006 0.0875252 0.54079 0.00257945
9.9991E-05 0.074306 0.181322 0.544018 0.200254
0.234718 0.169591 0.215618 0.30544 0.0746328
0.072503 0.132708 0.307105 0.316236 0.171448
0.0818496 0.107455 0.232986 0.347744 0.229965
0.171789 0.0560179 0.243836 0.365301 0.163056
0.0445358 0.164131 0.176657 0.443234 0.171443
0.00450918 0.618758 0.197747 9.9991E-05 0.178886
0.0424314 0.030981 0.221192 0.567394 0.138001
9.9982E-05 0.435498 0.173825 9.9982E-05 0.390477
9.9991E-05 0.166259 0.229491 0.570343 0.0338073
9.9973E-05 0.76514 9.9973E-05 0.23456 9.9973E-05
0.0703385 0.879434 0.024674 9.9991E-05 0.0254537
9.9982E-05 0.434486 9.9982E-05 0.549337 0.0159779
9.9991E-05 0.230423 0.0777846 0.664144 0.0275487
0.0237295 0.507899 0.000255147 0.468016 9.9991E-05
0.0685104 0.296559 0.0103593 0.576323 0.0482482
0.0313518 0.328514 0.0460486 0.593985 9.9991E-05
9.9991E-05 0.0765265 0.065706 0.0780119 0.779656
0.171167 9.9982E-05 0.102697 9.9982E-05 0.725936
0.0544728 9.9982E-05 0.0241499 9.9982E-05 0.921177
9.9973E-05 9.9973E-05 9.9973E-05 0.0358378 0.963862
0.072199 0.183162 0.0174912 0.660647 0.0665016
0.109493 0.190511 9.9991E-05 0.605104 0.0947926
0.0863021 0.264946 9.9991E-05 0.645098 0.00355383
0.0127382 0.134963 0.0322219 0.646276 0.173801
0.0598253 0.239663 0.0578903 0.557419 0.0852025
0.169607 0.445421 9.9982E-05 0.384772 9.9982E-05
0.0997664 0.0755842 0.0951321 0.729417 9.9991E-05
9.9982E-05 0.521859 9.9982E-05 0.455342 0.0225993
0.106816 0.0249418 0.216544 0.424906 0.226793
0.0381173 0.365901 0.0670036 0.528878 9.9991E-05
0.174773 0.284045 9.9982E-05 0.540982 9.9982E-05
0.0210431 0.263317 9.9982E-05 0.71544 9.9982E-05
0.173152 0.213155 9.9982E-05 0.613492 9.9982E-05
0.0132357 0.280464 9.9982E-05 0.7061 9.9982E-05
9.9982E-05 0.12372 9.9982E-05 0.747772 0.128309
9.9973E-05 0.677041 9.9973E-05 0.322659 9.9973E-05
0.0180544 0.522692 9.9991E-05 0.42856 0.0305942
0.132362 0.380772 9.9991E-05 0.475781 0.0109847
9.9973E-05 0.967311 9.9973E-05 0.0323888 9.9973E-05
0.108625 0.221957 9.9991E-05 0.595831 0.073486
0.0383103 0.69544 9.9982E-05 0.26605 9.9982E-05
0.0379937 0.848539 9.9991E-05 0.0959876 0.0173801
0.00984983 0.209895 0.0080475 0.70751 0.0646975
0.126145 0.494599 9.9982E-05 0.379056 9.9982E-05
0.127051 0.178124 0.0612687 0.627795 0.00576115
9.9991E-05 0.0968588 0.160583 0.648777 0.0936813
0.0898852 0.210637 0.0751186 0.624259 9.9991E-05
0.277575 0.260668 0.0978339 0.363823 9.9991E-05
0.0067281 0.220437 9.9991E-05 0.731627 0.0411085
0.223937 0.156427 0.0276237 0.559703 0.0323096
0.0219632 0.482024 9.9982E-05 0.495813 9.9982E-05
0.145965 0.169202 0.0259734 0.614913 0.0439468
0.246854 0.0941266 9.9982E-05 9.9982E-05 0.658819
0.133277 0.0223827 9.9991E-05 0.074865 0.769375
0.112952 0.04353 9.9982E-05 9.9982E-05 0.843318
0.116316 0.0533866 9.9982E-05 9.9982E-05 0.830097
0.22197 9.9982E-05 9.9982E-05 0.0151974 0.762632
0.19036 0.479183 9.9982E-05 0.330256 9.9982E-05
0.105998 0.507143 9.9991E-05 0.325232 0.0615267
9.9973E-05 0.627389 9.9973E-05 0.372311 9.9973E-05
0.0153966 0.211605 0.112461 0.567424 0.0931136
0.00955218 0.117283 0.0251685 0.642549 0.205447
9.9982E-05 0.498952 9.9982E-05 0.464506 0.0363428
0.0529556 0.252251 0.0624768 0.632216 9.9991E-05
9.9991E-05 0.451862 0.0643856 0.43982 0.0438327
0.0322539 0.232899 0.0142757 0.686658 0.033914
0.0644568 0.209492 0.0742175 0.602845 0.0489887
0.153747 0.42973 9.9982E-05 0.416323 9.9982E-05
0.16208 0.282465 9.9982E-05 0.555255 9.9982E-05
0.166356 0.321407 9.9982E-05 0.512037 9.9982E-05
0.0344039 0.122812 0.0513694 0.647456 0.143958
0.11713 0.279571 9.9991E-05 0.576419 0.0267792
0.0769627 0.251691 0.0748761 0.59637 9.9991E-05
0.0792631 0.0311922 0.426241 0.433742 0.0295621
0.0422694 0.139213 0.524156 0.191259 0.103102
0.0401274 0.00225832 0.489326 0.371173 0.0971149
9.9991E-05 0.0491296 0.50346 0.29912 0.14819
0.0283783 0.0079664 0.325821 0.487665 0.150169
9.9991E-05 0.291719 0.0234315 0.569667 0.115082
9.9991E-05 0.0188906 0.668545 0.0724129 0.240052
9.9991E-05 0.0406473 0.470219 0.26797 0.221063
0.00655154 0.206348 0.13485 0.487303 0.164948
0.0699238 0.225289 0.00118001 0.535635 0.167972
9.9991E-05 0.356934 0.0675068 0.418313 0.157146
0.0302482 0.0936575 0.0810643 0.620407 0.174623
0.0221434 0.148787 0.00920176 0.680158 0.139709
9.9982E-05 9.9982E-05 0.409629 0.362363 0.227808
0.050098 0.00901772 0.377423 0.44583 0.117631
9.9982E-05 9.9982E-05 0.493889 0.427616 0.0782942
0.173019 0.00500825 0.328267 0.333236 0.16047
9.9982E-05 9.9982E-05 0.543214 0.31213 0.144456
9.9991E-05 0.0891556 0.288007 0.414834 0.207903
9.9991E-05 0.109056 0.594185 0.181116 0.115542
9.9991E-05 0.0715649 0.430053 0.396089 0.102192
9.9991E-05 0.283551 0.0571674 0.573998 0.0851832
9.9982E-05 9.9982E-05 0.349132 0.426735 0.223933
9.9982E-05 9.9982E-05 0.674028 0.142277 0.183495
0.0422182 0.0880612 0.399566 0.348973 0.121181
0.18427 0.362709 0.000201636 0.227742 0.225078
0.0901375 0.19682 0.153217 0.53642 0.0234065
0.11292 0.0452861 0.372688 0.369795 0.0993101
0.122799 0.0677194 0.0116654 0.6681 0.129716
0.0302275 0.199126 0.0355107 0.516139 0.218997
0.041387 0.105872 0.19061 0.431124 0.231007
9.9991E-05 0.140125 0.254319 0.362974 0.242482
0.048927 0.155609 0.209968 0.510057 0.0754382
9.9991E-05 0.0813642 0.430192 0.391259 0.0970845
9.9982E-05 9.9982E-05 0.546776 0.374871 0.0781525
9.9982E-05 9.9982E-05 0.641146 0.109461 0.249193
9.9991E-05 0.171244 0.0310002 0.662757 0.134899
0.126181 0.178022 9.9991E-05 0.534756 0.160941
9.9991E-05 0.57745 0.091254 0.152428 0.178769
0.0709636 0.019399 0.125907 0.615064 0.168666
0.172717 0.185614 0.0141489 0.509417 0.118103
9.9991E-05 0.15327 0.20038 0.439182 0.207068
0.123266 0.147838 0.147855 0.429827 0.151213
9.9982E-05 0.415667 0.181483 9.9982E-05 0.40265
9.9982E-05 0.440016 0.144142 9.9982E-05 0.415642
0.121519 0.232947 0.17598 0.261218 0.208335
9.9982E-05 0.373051 0.194898 9.9982E-05 0.431851
9.9982E-05 0.261422 0.250871 9.9982E-05 0.487507
9.9991E-05 0.330765 0.164176 0.388373 0.116586
9.9991E-05 0.200576 0.135773 0.428915 0.234636
9.9991E-05 0.256577 0.224606 0.165316 0.3534
9.9991E-05 0.36266 0.195393 0.113058 0.328789
0.0322984 0.176838 0.166407 0.457884 0.166573
0.0360664 0.451922 0.182897 0.0945833 0.234532
9.9982E-05 0.378512 0.10692 9.9982E-05 0.514368
0.12394 0.0409498 0.194483 0.475595 0.165031
0.106706 0.125756 0.329019 0.277502 0.161018
0.0581071 9.9991E-05 0.145326 0.486914 0.309552
9.9982E-05 9.9982E-05 0.307628 0.524098 0.168074
0.0298429 0.0380777 0.229106 0.565564 0.13741
0.0632798 0.0683337 0.336536 0.384527 0.147323
0.0360604 9.9991E-05 0.214502 0.359133 0.390205
0.037038 0.0289444 0.259485 0.460972 0.21356
9.9982E-05 9.9982E-05 0.201347 0.517566 0.280887
9.9991E-05 0.103188 0.178795 0.378952 0.338965
0.221092 0.217885 0.122677 0.294777 0.143569
0.0924058 0.029242 0.13354 0.535144 0.209668
0.0307121 0.0960112 0.162675 0.515828 0.194774
0.0531686 0.0323508 0.171974 0.586021 0.156486
9.9991E-05 0.0696805 0.248186 0.396362 0.285672
9.9991E-05 0.0600638 0.245668 0.522936 0.171231
9.9991E-05 0.202313 0.225995 0.152506 0.419086
0.0423729 9.9991E-05 0.21929 0.541183 0.197054
9.9991E-05 0.149795 0.285254 0.251001 0.313851
0.14864 0.0629531 9.9991E-05 0.014067 0.77424
0.837761 0.0504609 0.0292451 0.0238877 0.0586455
0.978629 9.9973E-05 9.9973E-05 9.9973E-05 0.021071
0.9996 9.997E-05 9.997E-05 9.997E-05 9.997E-05
0.97576 9.9973E-05 9.9973E-05 0.02394 9.9973E-05
0.946418 9.9982E-05 0.0463045 0.0070776 9.9982E-05
0.86933 9.9973E-05 9.9973E-05 0.130371 9.9973E-05
0.999248 9.9973E-05 9.9973E-05 9.9973E-05 0.000452144
0.806067 9.9982E-05 0.0126215 9.9982E-05 0.181112
9.9982E-05 0.0527104 0.0460965 9.9982E-05 0.900993
0.121408 9.9982E-05 9.9982E-05 0.0569124 0.821479
9.9982E-05 0.0357003 0.0611022 9.9982E-05 0.902998
0.108284 0.012816 9.9991E-05 0.0212534 0.857546
0.0167842 9.9982E-05 0.0587879 9.9982E-05 0.924228
0.0273496 0.0159237 9.9982E-05 9.9982E-05 0.956527
0.0499033 0.000280299 0.14971 0.0278164 0.77229
9.9982E-05 9.9982E-05 0.0880322 0.0420809 0.869687
0.11178 0.0532479 0.0355497 0.0826602 0.716762
9.9982E-05 0.0083482 0.0728669 9.9982E-05 0.918585
0.0399774 0.00437897 9.9982E-05 9.9982E-05 0.955444
0.0602483 9.9991E-05 0.0561037 0.0296048 0.853943
0.0152089 9.9982E-05 0.012512 9.9982E-05 0.972079
9.9982E-05 9.9982E-05 0.0206638 0.043568 0.935568
9.9973E-05 9.9973E-05 9.9973E-05 0.10864 0.89106
9.9982E-05 9.9982E-05 0.0248899 0.104506 0.870404
9.9982E-05 9.9982E-05 0.142184 0.0723558 0.78526
9.9982E-05 9.9982E-05 0.0830925 0.111506 0.805201
9.9982E-05 9.9982E-05 0.0631792 0.122646 0.813974
0.0843807 0.293489 0.0465334 0.405871 0.169726
0.0135737 0.123002 9.9991E-05 0.742326 0.120998
0.110945 0.0895726 0.02722 0.629091 0.143172
9.9991E-05 0.714011 0.0519565 0.157995 0.0759368
0.117363 0.0957351 9.9991E-05 0.595107 0.191695
9.9991E-05 0.638441 0.0630806 0.0944861 0.203892
0.00343013 0.108628 0.032267 0.664248 0.191427
0.100154 0.273134 9.9991E-05 0.499043 0.127568
0.0181074 0.300583 9.9991E-05 0.592159 0.0890505
0.0835228 0.249941 9.9991E-05 0.663718 0.00271795
0.098055 0.195055 9.9991E-05 0.539471 0.167318
0.00892382 0.188376 9.9991E-05 0.738647 0.0639528
0.0869399 0.145597 9.9991E-05 0.64498 0.122383
0.462658 0.384333 0.0815723 0.0713364 9.9991E-05
0.0636346 0.812705 9.9982E-05 9.9982E-05 0.12346
9.9991E-05 0.665404 0.0812588 0.133811 0.119427
0.0421376 0.103056 0.083763 0.684202 0.0868416
0.0464605 0.188511 0.0394434 0.556036 0.169549
9.9982E-05 0.209564 9.9982E-05 0.61637 0.173866
9.9991E-05 0.175887 0.0528578 0.655077 0.116078
0.039822 0.0976153 0.197301 0.48726 0.178002
0.0958126 9.9991E-05 0.231637 0.538016 0.134435
0.124388 0.146267 0.177791 0.164003 0.387552
0.134767 0.0787076 0.118841 0.568697 0.0989873
0.120945 0.0432439 0.186191 0.431212 0.218409
9.9982E-05 0.342958 0.200541 9.9982E-05 0.456301
9.9991E-05 0.123218 0.203681 0.391312 0.281689
0.0456923 0.133896 0.16701 0.250974 0.402428
0.151204 0.00326489 0.115192 0.400871 0.329468
0.192881 9.9991E-05 0.186055 0.505685 0.115279
9.9991E-05 0.0306388 0.150403 0.548058 0.270801
0.0641527 9.9991E-05 0.202937 0.627304 0.105507
9.9991E-05 0.17874 0.141864 0.519414 0.159881
0.0233336 0.0140756 0.161916 0.31848 0.482195
