9.9982E-05 9.9982E-05 0.938072 0.0385004 0.0232277
0.00270249 0.0427044 0.948138 9.9991E-05 0.00635535
0.117547 9.9982E-05 0.862551 0.0197014 9.9982E-05
0.0192516 9.9991E-05 0.817034 0.0812686 0.0823459
0.0131085 0.0187164 0.92602 0.0420553 9.9991E-05
0.0697582 0.129906 0.657885 0.0314421 0.111009
9.9982E-05 0.082817 0.861795 9.9982E-05 0.0551877
9.999E-05 0.0784542 0.753317 0.0405695 0.12756
9.9982E-05 0.113492 0.827228 9.9982E-05 0.0590798
0.058851 0.116215 0.710019 0.0826165 0.0322982
9.9982E-05 0.162443 0.778574 9.9982E-05 0.058783
0.293158 0.130997 9.9991E-05 0.0887234 0.487022
0.638738 0.00468525 0.0184452 0.0252544 0.312877
0.169572 0.201984 0.0268957 0.175749 0.4258
0.315452 0.0835344 0.0225693 0.228785 0.34966
0.398946 0.0674372 0.161569 0.152585 0.219463
0.617994 0.080273 0.0837164 0.126801 0.0912161
0.474011 0.119232 9.9991E-05 0.122935 0.283722
0.334045 0.0622263 0.12732 0.124991 0.351418
9.9982E-05 0.176018 9.9982E-05 0.112522 0.71126
0.427461 0.235638 0.0167461 0.10102 0.219136
0.490646 0.226945 0.0928145 0.0310294 0.158565
0.628099 0.121137 0.037373 0.0416887 0.171702
0.349898 0.183878 9.9991E-05 0.168625 0.297499
0.637622 0.0993827 0.0844163 0.0702829 0.108296
0.526505 0.0675235 9.9991E-05 0.154506 0.251365
0.207688 0.159869 9.9991E-05 0.121961 0.510382
0.252816 0.109146 9.9991E-05 0.196673 0.441265
0.242278 0.254738 9.9991E-05 0.070042 0.432842
0.0549696 9.9982E-05 0.878564 0.0662665 9.9982E-05
0.15812 9.9973E-05 0.84158 9.9973E-05 9.9973E-05
0.191729 9.9982E-05 0.768157 0.0399141 9.9982E-05
0.173451 0.00607689 0.740344 0.0800278 9.9991E-05
0.624215 0.183089 0.047223 0.00817629 0.137297
0.670778 0.0981789 0.0483018 0.0442561 0.138486
0.713855 0.184957 0.100988 9.9982E-05 9.9982E-05
0.195853 0.0724343 0.10134 9.9991E-05 0.630272
0.487456 0.382452 9.9982E-05 9.9982E-05 0.129892
0.599484 0.0814785 0.0596963 0.0477343 0.211607
0.704652 0.10708 0.0597048 0.128464 9.9991E-05
0.697414 0.110702 0.139486 9.9991E-05 0.0522981
0.713024 9.9991E-05 0.141153 0.0214027 0.12432
0.279902 0.51276 9.9982E-05 9.9982E-05 0.207138
0.593096 0.174594 0.0657222 0.128246 0.0383419
0.559141 0.221076 0.122728 0.0969545 9.9991E-05
0.631238 0.0924608 0.177799 0.0764183 0.0220838
0.561847 0.431182 9.9982E-05 9.9982E-05 0.00677107
0.661684 0.0998887 0.0540218 0.12002 0.064386
0.67966 0.121004 0.11658 0.0281808 0.0545754
0.0203382 0.827125 0.0948932 9.9991E-05 0.0575438
0.227936 0.247336 9.9982E-05 9.9982E-05 0.524528
0.112211 0.656824 9.9991E-05 0.0808502 0.150015
0.520655 0.0136104 0.0936788 0.152799 0.219257
0.584066 0.150542 0.104108 0.161184 9.9991E-05
0.6592 0.115431 0.0104214 0.131783 0.0831654
0.281089 0.207404 0.0869187 9.9991E-05 0.424488
0.636436 0.11189 0.0421141 9.9991E-05 0.209461
0.5987 0.161454 0.0898937 0.0646033 0.0853488
0.401457 0.181819 0.149456 0.0487106 0.218557
0.0888229 0.294463 0.195206 0.0936883 0.32782
0.543037 0.0601622 0.124308 0.0782567 0.194237
0.475319 0.161156 0.102182 0.0399218 0.221421
0.0872806 0.385748 9.9982E-05 9.9982E-05 0.526771
0.546821 0.165124 0.0352547 0.0554422 0.197358
0.638622 0.179239 0.0889185 0.0931203 9.9991E-05
0.696787 0.0712583 0.0982986 0.0122919 0.121365
0.3516 0.210235 0.0893093 0.0495952 0.299261
0.564619 0.205181 0.0668141 0.0116877 0.151698
0.665772 0.0304179 0.190185 0.00151355 0.112112
0.29468 0.294823 0.0312121 0.000680138 0.378606
0.694646 0.21137 9.9982E-05 9.9982E-05 0.0937839
0.393016 0.385669 9.9982E-05 9.9982E-05 0.221115
0.576778 0.0841864 0.093755 0.118244 0.127037
0.144688 0.770959 9.9982E-05 9.9982E-05 0.0841534
0.177165 0.749104 9.9982E-05 9.9982E-05 0.0735308
0.49541 0.455695 9.9982E-05 9.9982E-05 0.0486943
0.524599 0.30359 0.0294304 9.9991E-05 0.142281
0.500547 0.16252 0.106437 0.0983758 0.132119
0.564433 0.324124 0.0473418 0.0278392 0.0362614
0.377895 0.324764 9.9982E-05 9.9982E-05 0.297142
0.43304 0.284413 0.0236185 9.9991E-05 0.258827
0.632491 0.169021 0.144684 0.0537038 9.9991E-05
0.447498 0.330614 0.0305496 0.0487301 0.142608
0.545741 0.347109 0.0392104 9.9991E-05 0.0678402
0.496235 0.498063 9.9982E-05 9.9982E-05 0.00550213
0.126313 0.807233 9.9982E-05 9.9982E-05 0.0662542
0.763264 0.086299 9.9991E-05 0.0340772 0.11626
0.0758537 9.9991E-05 0.819382 0.0443759 0.0602888
0.109986 9.9973E-05 0.889715 9.9973E-05 9.9973E-05
0.11315 9.9991E-05 0.846637 0.0169215 0.0231908
0.0152198 0.0422708 0.910951 0.0314583 9.9991E-05
0.103066 9.9982E-05 0.880545 0.0161891 9.9982E-05
0.0288996 0.031629 0.904969 0.00185381 0.0326488
0.0480525 9.9973E-05 0.951648 9.9973E-05 9.9973E-05
0.610569 0.11239 0.158393 0.0772235 0.0414251
0.637562 0.150952 0.135306 0.00649884 0.0696798
0.224775 0.622538 9.9982E-05 9.9982E-05 0.152487
0.634694 0.158475 0.0561958 0.0280447 0.122591
0.589617 0.188748 0.0565203 9.9991E-05 0.165015
0.729344 0.200867 0.0366093 0.0203622 0.0128171
0.594408 0.221562 0.0506518 0.0734186 0.0599597
0.649807 0.284216 9.9982E-05 0.0657772 9.9982E-05
0.126184 0.527511 0.0100098 9.9991E-05 0.336195
0.514226 0.188354 0.128239 0.0697436 0.099438
0.669832 0.216181 0.0284435 0.0733175 0.0122262
0.559994 0.0653303 0.109453 0.14955 0.115672
0.448354 0.543553 0.00376482 0.00422822 9.9991E-05
0.623601 0.332771 9.9991E-05 0.0319261 0.0116024
0.562715 0.233444 0.0491114 9.9991E-05 0.154629
0.520001 0.325527 9.9991E-05 0.0809237 0.073448
0.60366 0.182554 0.0717042 9.9991E-05 0.141982
0.718105 0.120179 0.157873 0.00374317 9.9991E-05
0.309202 0.243568 0.0756088 0.0124674 0.359154
0.371939 0.0262397 0.122754 0.126671 0.352397
0.482507 0.024341 0.100899 0.115132 0.27712
0.629795 0.00912002 0.116531 0.0791393 0.165415
0.543198 0.0282629 0.062976 9.9991E-05 0.365463
0.55924 0.00260701 9.9991E-05 0.129778 0.308275
0.541782 9.9991E-05 0.0067179 0.0147715 0.436628
0.633245 0.198743 0.0828814 0.0209599 0.0641705
0.61393 0.0803083 0.0647008 0.0759999 0.16506
0.619842 0.159182 0.0357073 0.0367792 0.14849
0.589097 9.9982E-05 0.0268439 9.9982E-05 0.383859
0.546893 9.9991E-05 0.0472049 0.130269 0.275533
0.581134 0.0370707 0.162844 0.124339 0.0946117
0.556327 9.9991E-05 0.021163 0.06942 0.35299
0.651657 0.0476191 0.114859 0.103963 0.0819019
0.59063 0.10522 0.00513366 0.12922 0.169796
0.400276 0.188796 0.0927614 0.065731 0.252436
0.634395 9.9982E-05 9.9982E-05 0.138379 0.227026
0.770694 0.0403965 0.0154331 0.0204223 0.153054
0.232771 0.210456 9.9991E-05 0.0869649 0.469708
0.179978 0.391072 0.0120891 0.101563 0.315298
0.567674 0.0841459 0.0407836 0.0887302 0.218666
0.118926 0.507235 9.9991E-05 0.0767823 0.296956
0.337492 0.161768 0.0190839 0.0114018 0.470254
0.548894 0.159843 0.0429045 9.9991E-05 0.248258
0.423236 0.0978414 9.9982E-05 9.9982E-05 0.478723
0.378858 0.100885 9.9991E-05 0.00816405 0.511992
0.70183 0.0306246 0.071284 0.0437909 0.152471
0.542999 0.123582 0.0661735 0.111612 0.155633
0.598941 9.9991E-05 0.11553 0.0496225 0.235807
0.193413 0.39008 9.9991E-05 0.0743568 0.34205
0.620035 0.0624356 0.213957 0.03581 0.0677621
0.517329 0.264155 0.061287 0.134799 0.022429
0.0268613 0.653927 0.167985 0.0247941 0.126432
0.639323 0.113926 0.143077 0.103574 9.9991E-05
0.51242 0.366439 0.116581 9.9991E-05 0.00445949
0.515843 0.190671 0.109711 0.0830757 0.100699
0.259148 0.414298 0.150429 0.0478922 0.128232
0.265442 0.491036 0.0954999 9.9991E-05 0.147921
0.475701 0.32478 0.0776928 9.9991E-05 0.121726
0.576639 0.144639 0.0395947 0.046951 0.192176
0.441193 0.189661 0.173627 0.114962 0.0805571
9.9991E-05 0.539223 0.0732162 0.212073 0.175388
0.607956 0.0565791 0.139908 0.0607042 0.134853
0.466636 0.368384 0.0040272 9.9991E-05 0.160853
0.531525 0.318577 0.00269088 0.0493446 0.0978624
0.62186 0.0947808 0.143607 0.053864 0.0858886
0.122807 0.207706 0.352833 0.309987 0.00666687
9.9982E-05 0.216749 0.611621 0.17143 9.9982E-05
9.9982E-05 0.317705 0.486504 0.195591 9.9982E-05
0.0683461 0.104385 0.419929 0.379315 0.0280249
0.747985 0.230638 9.9982E-05 0.0211778 9.9982E-05
0.581497 0.0718921 0.131888 0.102078 0.112644
0.345828 9.9973E-05 9.9973E-05 0.653872 9.9973E-05
0.363458 0.0865816 0.0375409 0.44407 0.0683491
0.37026 0.114123 0.111054 0.345008 0.0595538
0.458307 0.499501 0.041992 9.9982E-05 9.9982E-05
0.512659 0.263378 0.0328554 0.071436 0.119672
0.235317 0.710014 0.00528712 0.0469433 0.00243854
0.652553 0.244427 0.0420634 0.0454432 0.0155132
0.537992 0.325447 0.0532317 9.9991E-05 0.083229
0.585429 0.22121 0.10486 0.0884013 9.9991E-05
0.177988 0.685734 0.00307904 0.0545737 0.078625
0.670352 0.0860073 0.0419792 0.138296 0.0633653
0.570287 0.162588 0.0516595 0.109963 0.105503
0.0177688 0.00447376 9.9982E-05 0.977557 9.9982E-05
0.0638078 0.0174796 9.9982E-05 0.918513 9.9982E-05
0.323071 0.0585665 0.0915166 0.526746 9.9991E-05
0.34529 9.9973E-05 9.9973E-05 0.65441 9.9973E-05
0.171524 0.0294679 0.0192329 0.779675 9.9991E-05
9.997E-05 9.997E-05 9.997E-05 0.9996 9.997E-05
9.9973E-05 9.9973E-05 9.9973E-05 0.970926 0.028774
0.12606 9.9973E-05 9.9973E-05 0.87364 9.9973E-05
9.9973E-05 9.9973E-05 9.9973E-05 0.953062 0.0466385
9.997E-05 9.997E-05 9.997E-05 0.9996 9.997E-05
9.997E-05 9.997E-05 9.997E-05 0.9996 9.997E-05
0.213071 9.9991E-05 0.0499054 0.729916 0.00700754
0.152882 9.9982E-05 0.0097983 0.83712 9.9982E-05
9.9973E-05 9.9973E-05 9.9973E-05 0.977662 0.0220382
0.403318 0.00139364 0.101815 0.401609 0.0918642
0.257908 9.9982E-05 9.9982E-05 0.635896 0.105996
0.163974 9.9982E-05 0.0500335 0.785792 9.9982E-05
0.125285 9.9982E-05 9.9982E-05 0.853508 0.0210071
9.9973E-05 0.00361388 9.9973E-05 0.996086 9.9973E-05
0.0340529 9.9982E-05 0.0527624 0.912985 9.9982E-05
9.997E-05 9.997E-05 9.997E-05 0.9996 9.997E-05
0.253585 9.9991E-05 0.101416 0.53291 0.111989
0.026833 9.9982E-05 9.9982E-05 0.946863 0.0261045
9.9982E-05 0.537862 0.41643 0.0455076 9.9982E-05
0.446885 0.138278 0.21129 0.0638391 0.139709
0.437703 0.170912 0.281364 0.100159 0.00986239
0.176418 0.405224 0.27619 0.127174 0.0149938
0.54407 0.161729 0.174729 0.119371 9.9991E-05
0.212832 0.354395 0.303593 0.129081 9.9991E-05
0.530711 0.0982357 0.210276 0.0302942 0.130483
0.266613 0.331222 0.159197 0.242869 9.9991E-05
0.460573 0.206948 0.223756 0.108624 9.9991E-05
0.357585 0.193272 0.213141 0.235903 9.9991E-05
0.465692 0.188669 0.228948 0.11659 9.9991E-05
0.0291533 0.0440778 0.864864 9.9991E-05 0.0618051
9.9982E-05 0.0181118 0.939919 0.0417695 9.9982E-05
0.00595604 9.9982E-05 0.957402 9.9982E-05 0.0364425
9.9982E-05 0.000602926 0.947447 9.9982E-05 0.0517498
0.0216355 9.9982E-05 0.940491 9.9982E-05 0.0376737
0.00441476 0.0105743 0.896522 0.0883893 9.9991E-05
9.9982E-05 9.9982E-05 0.887443 0.10181 0.010547
0.01552 0.0868109 0.897469 9.9982E-05 9.9982E-05
0.0754972 0.010411 0.913892 9.9982E-05 9.9982E-05
9.9991E-05 0.00842926 0.867416 0.110956 0.0130981
9.9991E-05 0.117499 0.613289 0.0237798 0.245332
0.00308756 0.0273429 0.558558 0.00474831 0.406263
9.9982E-05 0.17183 0.533535 9.9982E-05 0.294435
9.9982E-05 0.200237 0.474591 9.9982E-05 0.324973
0.645158 0.0771824 0.114665 9.9991E-05 0.162894
0.594749 0.173548 9.9991E-05 0.0709867 0.160616
0.655681 0.144737 9.9991E-05 0.0454998 0.153982
0.531534 0.154728 9.9991E-05 0.00594259 0.307696
0.196273 0.138632 9.9982E-05 9.9982E-05 0.664894
0.731997 0.117294 0.0400724 0.0228171 0.0878195
0.66075 0.195871 9.9991E-05 0.0440943 0.0991855
0.645019 0.197673 0.0349196 9.9991E-05 0.122288
0.491965 0.425546 9.9982E-05 0.0822897 9.9982E-05
0.762333 0.0932138 0.0537808 0.00495837 0.0857139
0.55924 0.173857 9.9982E-05 9.9982E-05 0.266703
0.0915138 0.791833 9.9982E-05 9.9982E-05 0.116453
0.566749 0.188758 0.0745543 0.0432089 0.12673
0.435988 0.526758 0.0138212 9.9991E-05 0.0233327
0.666253 0.302752 0.00788149 9.9991E-05 0.0230128
0.277733 0.411254 9.9982E-05 9.9982E-05 0.310813
0.0231392 0.112605 0.113313 0.00974779 0.741195
0.0380168 0.107711 0.0484009 0.00801552 0.797856
9.9982E-05 0.0961949 0.00818042 9.9982E-05 0.895425
9.9982E-05 0.112412 0.117985 9.9982E-05 0.769402
0.0187083 0.113641 9.9991E-05 0.058631 0.80892
0.096238 0.0188129 0.0382701 0.0574018 0.789277
0.0787143 9.9982E-05 0.901126 0.0199603 9.9982E-05
0.104318 9.9982E-05 0.848685 9.9982E-05 0.0467969
0.139412 9.9982E-05 0.788986 0.0714021 9.9982E-05
9.9982E-05 9.9982E-05 0.772542 0.121622 0.105636
0.0766505 9.9991E-05 0.832923 0.0599518 0.0303745
9.9982E-05 0.0968945 0.389548 9.9982E-05 0.513357
9.9982E-05 0.102512 0.487756 9.9982E-05 0.409532
9.9982E-05 0.119406 0.432563 9.9982E-05 0.447831
0.100853 9.9991E-05 0.841411 0.0214277 0.0362081
9.9982E-05 0.0898228 0.37286 9.9982E-05 0.537118
0.2295 0.109964 0.228109 0.432327 9.9991E-05
0.529812 9.9991E-05 0.140759 0.289949 0.03938
0.520385 9.9982E-05 0.159205 0.32021 9.9982E-05
0.251281 0.177359 0.217012 0.341406 0.0129424
0.49876 9.9991E-05 0.250567 0.110768 0.139805
9.9982E-05 0.167208 0.484281 0.348311 9.9982E-05
0.565856 0.121281 9.9982E-05 9.9982E-05 0.312664
0.388224 0.351012 0.00769839 0.031424 0.221641
0.338301 0.0167711 0.106916 0.0218209 0.516191
0.541438 0.260677 0.0284431 9.9991E-05 0.169342
9.9973E-05 0.83772 9.9973E-05 9.9973E-05 0.16198
0.573809 0.170204 0.0727437 0.0957749 0.0874685
0.560996 0.141741 0.0498657 0.0528213 0.194575
0.400649 0.128222 0.0302342 9.9991E-05 0.440795
0.592985 0.0119456 0.0968041 0.0683365 0.229928
0.174315 0.53825 0.0148846 9.9991E-05 0.272449
0.480238 0.188479 9.9991E-05 0.114141 0.217043
0.588231 0.146184 9.9991E-05 0.0566465 0.208838
0.403079 0.140242 0.149893 0.191637 0.115149
0.448838 0.300591 9.9991E-05 0.0191565 0.231314
0.465837 0.0983593 0.0434414 0.0821009 0.310261
0.529359 0.162642 0.0128746 0.112755 0.182369
0.597616 0.170729 9.9991E-05 0.0407797 0.190776
0.652888 0.0745401 9.9991E-05 0.0890436 0.183428
0.554852 0.141528 0.125254 0.0360976 0.142269
0.645289 0.00419816 0.104164 0.0333676 0.212981
0.123872 9.9982E-05 0.796484 0.0794446 9.9982E-05
0.110002 0.00568126 0.867462 0.0167546 9.9991E-05
0.0418315 0.0714695 0.804149 9.9991E-05 0.0824499
0.0199937 0.0368462 0.83013 0.0506888 0.062341
0.142539 9.9982E-05 0.855307 9.9982E-05 0.00195432
0.245962 0.0654025 9.9991E-05 0.04802 0.640515
0.566128 0.178846 0.136572 0.0178922 0.100562
0.510283 0.0828852 0.221628 0.15545 0.0297536
0.68843 0.00797057 0.0129996 0.0916789 0.198921
0.616693 0.114593 0.095181 9.9991E-05 0.173433
0.28115 0.26515 9.9991E-05 0.114593 0.339007
0.0797173 0.194535 0.128947 9.9991E-05 0.5967
0.539359 9.9991E-05 0.0247469 0.0521867 0.383608
0.189132 0.231306 0.0500913 0.0317665 0.497704
0.446477 0.268708 0.0668187 0.126985 0.0910115
0.152976 0.14371 0.144215 0.0307065 0.528392
0.642798 9.9991E-05 0.099763 0.0677641 0.189575
0.241044 0.189806 0.0380483 0.035946 0.495155
0.334591 0.200228 0.00387267 0.133663 0.327645
0.526321 0.184506 0.0859609 0.09051 0.112702
0.297239 0.527623 0.0766556 0.0255032 0.0729796
0.656546 0.151857 0.126786 9.9991E-05 0.0647111
0.644466 0.125936 0.175777 9.9991E-05 0.0537208
0.41648 0.442981 0.0548872 9.9991E-05 0.0855521
0.53579 0.192435 0.101468 0.0687745 0.101533
0.667111 0.245966 0.0867224 9.9982E-05 9.9982E-05
0.198265 0.715795 9.9982E-05 9.9982E-05 0.0857405
0.343331 0.646262 0.0102066 9.9982E-05 9.9982E-05
0.603529 0.228157 0.107532 9.9991E-05 0.0606818
0.187506 0.62006 0.050331 9.9991E-05 0.142003
0.559259 0.231504 0.0289107 9.9991E-05 0.180226
0.147707 0.159922 9.9991E-05 0.0764065 0.615864
0.291872 0.378441 9.9991E-05 0.0305591 0.299027
0.374113 0.0445632 9.9991E-05 0.117268 0.463956
0.549553 9.9991E-05 0.0239645 0.159597 0.266786
0.386545 0.0801457 9.9982E-05 9.9982E-05 0.53311
0.590222 0.105506 0.135801 0.0903397 0.0781314
0.571659 0.0359059 0.0763899 0.119236 0.196809
0.535814 0.0701269 0.0266119 0.0619616 0.305486
0.501035 0.038186 0.0324286 0.142132 0.286218
0.480124 0.014792 0.0662543 0.0278023 0.411028
0.305285 0.0874106 9.9991E-05 0.0410309 0.566174
0.370585 0.0636184 9.9991E-05 0.106248 0.459448
0.633714 0.0912222 0.017011 0.0499654 0.208087
0.530918 0.04072 0.0207698 0.12875 0.278842
0.469787 0.213812 0.0310988 0.033059 0.252243
0.575536 0.0497538 9.9991E-05 0.134371 0.24024
0.306183 0.0834563 0.0361353 0.155039 0.419187
0.634197 9.9991E-05 0.042787 0.028257 0.294659
0.553182 0.0137899 0.0120141 0.100988 0.320026
0.585621 0.00744573 0.120074 0.0739056 0.212953
0.478217 0.0162966 0.372304 0.104725 0.0284576
0.436337 0.124067 0.142554 0.296942 9.9991E-05
0.520454 0.090406 0.125774 0.225995 0.0373716
0.541267 0.137141 0.052272 0.163397 0.105924
0.448543 0.0923162 0.123521 0.296412 0.0392072
0.514862 0.263134 9.9991E-05 0.0371276 0.184776
0.526603 0.0635499 0.165987 0.178279 0.0655809
9.9982E-05 0.511294 0.274203 0.214303 9.9982E-05
0.520653 0.0561329 0.0613371 0.233053 0.128824
0.52854 0.0589511 0.146865 0.226817 0.0388271
0.491395 0.0912701 0.136993 0.251416 0.0289253
0.29332 0.246342 0.192879 0.201116 0.0663431
0.643857 9.9991E-05 0.279054 0.0728352 0.00415343
0.633356 0.02899 0.174423 0.121313 0.0419184
9.9982E-05 0.296723 0.498636 0.204441 9.9982E-05
0.39133 0.0562532 0.226645 0.278564 0.0472083
0.524892 0.078007 0.166888 0.222096 0.00811641
0.637024 0.0836917 0.0453655 0.183719 0.0501999
0.560101 0.0308511 0.196588 0.21236 9.9991E-05
0.600617 0.0771274 0.0751709 0.168658 0.0784268
0.466768 0.323742 0.0439044 0.106287 0.0592983
0.579384 0.10076 0.0580527 0.0998389 0.161964
0.0825887 0.81999 9.9991E-05 0.0157941 0.0815273
0.114905 0.829343 9.9982E-05 9.9982E-05 0.0555518
0.510989 0.214578 0.0892125 0.105311 0.079909
0.40926 0.156731 0.0590801 0.374829 9.9991E-05
0.312256 0.1872 0.113353 0.387091 9.9991E-05
0.153439 0.2742 0.216821 0.307961 0.0475797
0.337587 0.123943 0.2233 0.31507 9.9991E-05
0.0218323 0.684961 0.118163 0.174944 9.9991E-05
0.265187 0.479345 0.131105 0.124264 9.9991E-05
0.564557 0.265787 0.0364034 0.133153 9.9991E-05
0.532914 0.307973 0.0447113 0.114302 9.9991E-05
0.219408 0.528438 0.0743567 0.177697 9.9991E-05
0.513144 0.24803 0.0539892 0.155348 0.0294889
0.525408 0.263625 0.0300781 0.150175 0.0307141
0.583462 0.0725666 0.0775682 0.16763 0.0987738
0.396123 0.551392 0.00727396 9.9991E-05 0.0451109
0.442207 0.367122 9.9991E-05 0.07629 0.114281
0.684832 0.279885 0.0255669 0.00379449 0.00592225
0.351073 0.368559 0.034051 0.121862 0.124456
0.535687 0.174846 0.126002 0.0972733 0.0661917
0.615875 0.369985 0.00323435 9.9991E-05 0.0108055
0.343675 0.598537 0.0252735 9.9991E-05 0.0324137
0.663036 0.257023 0.0489469 0.0308936 9.9991E-05
0.338388 0.590404 9.9982E-05 9.9982E-05 0.071008
0.485601 0.436171 0.0334056 0.0447226 9.9991E-05
0.556453 0.173146 0.0548582 0.115671 0.0998717
0.5093 0.358956 0.0162098 0.0695965 0.0459375
0.521766 0.0837238 0.226753 0.167214 0.0005423
0.395926 0.0790223 0.216565 0.115831 0.192656
0.309459 0.201486 0.189949 0.253287 0.0458203
0.32865 0.156378 0.205539 0.270994 0.0384401
0.448562 9.9991E-05 0.219973 0.210778 0.120588
0.427436 0.149743 0.07437 0.242536 0.105916
9.9982E-05 0.60371 0.220376 0.175714 9.9982E-05
0.589844 0.018222 0.0957989 0.263607 0.0325287
9.9982E-05 0.437345 0.408063 0.154392 9.9982E-05
0.543381 0.176977 0.0411832 0.238359 9.9991E-05
0.213824 0.785876 9.9973E-05 9.9973E-05 9.9973E-05
0.0148851 0.952564 0.00159403 0.00209241 0.0288648
0.570015 0.408191 9.9991E-05 0.0036524 0.0180415
0.709391 0.189084 0.0557842 0.0456407 9.9991E-05
0.484985 0.47697 9.9982E-05 9.9982E-05 0.0378454
0.700652 0.29718 0.00196763 9.9982E-05 9.9982E-05
0.622743 0.321906 9.9982E-05 0.055151 9.9982E-05
0.0950668 0.0155234 0.785491 0.0912658 0.0126534
9.9982E-05 9.9982E-05 0.71817 0.0972599 0.18437
9.9982E-05 9.9982E-05 0.946748 0.0107449 0.0423068
0.00695583 9.9973E-05 0.992744 9.9973E-05 9.9973E-05
0.670162 0.187471 0.110663 9.9991E-05 0.031603
0.527936 0.233395 0.0172859 0.0622084 0.159174
0.641926 0.280923 0.00942711 9.9991E-05 0.0676247
0.68256 0.0597085 0.116652 0.0433013 0.0977778
0.635076 0.103183 0.0978738 0.026506 0.137362
0.379344 0.389284 9.9982E-05 9.9982E-05 0.231172
0.7749 0.155967 0.00728458 0.0213959 0.0404527
0.490136 0.495054 0.0146104 9.9982E-05 9.9982E-05
0.463015 9.9991E-05 0.300318 0.187922 0.0486447
0.540493 0.349889 9.9991E-05 0.0364087 0.0731086
0.488338 0.316815 9.9982E-05 9.9982E-05 0.194647
0.694363 0.208145 0.0477462 9.9991E-05 0.049645
0.575984 0.317959 0.00783078 9.9991E-05 0.0981259
0.64526 0.325361 9.9982E-05 0.0291793 9.9982E-05
0.615444 0.195763 0.0998693 0.0452487 0.0436751
0.267336 0.732365 9.9973E-05 9.9973E-05 9.9973E-05
0.410749 0.467831 9.9982E-05 9.9982E-05 0.121221
0.479397 0.468431 9.9982E-05 9.9982E-05 0.0519723
0.110435 0.889265 9.9973E-05 9.9973E-05 9.9973E-05
0.627282 0.163575 0.0145845 9.9991E-05 0.194459
0.27436 0.693845 9.9982E-05 9.9982E-05 0.0315946
0.0750991 0.869952 9.9982E-05 9.9982E-05 0.0547488
0.699375 0.24001 0.0521629 9.9991E-05 0.00835216
0.399401 0.412896 0.0332783 9.9991E-05 0.154325
0.64665 0.233246 9.9991E-05 0.0226392 0.0973652
0.582903 0.105722 0.0873432 0.121078 0.102953
0.698275 0.186898 9.9982E-05 9.9982E-05 0.114627
0.424092 0.239933 9.9991E-05 0.0876457 0.248229
0.66899 0.244505 9.9982E-05 9.9982E-05 0.0863051
0.597853 0.164752 0.063623 9.9991E-05 0.173672
0.501408 0.498292 9.9973E-05 9.9973E-05 9.9973E-05
0.651471 0.151226 0.0775828 0.0583164 0.0614041
0.00238686 0.0490655 0.641896 0.000177407 0.306474
0.0844844 0.0257386 0.790721 9.9991E-05 0.0989563
9.9982E-05 0.0322874 0.817711 9.9982E-05 0.149801
9.9982E-05 0.0587148 0.811894 9.9982E-05 0.129191
0.035586 9.9982E-05 0.722858 9.9982E-05 0.241356
0.327439 0.410142 9.9991E-05 0.0227617 0.239558
0.308711 0.510595 0.0267079 9.9991E-05 0.153887
0.370366 0.629335 9.9973E-05 9.9973E-05 9.9973E-05
0.664489 0.170688 0.0820467 0.0437122 0.0390638
0.712337 0.107394 0.120394 0.0533808 0.00649448
0.436243 0.557249 0.00630895 9.9982E-05 9.9982E-05
0.737955 0.145777 0.0279295 0.0657616 0.0225768
0.485755 0.383014 0.0744525 0.0566781 9.9991E-05
0.754875 0.145816 0.00766821 9.9991E-05 0.0915405
0.667174 0.224603 0.0657323 0.0115385 0.0309525
0.401454 0.418661 9.9982E-05 9.9982E-05 0.179685
0.502967 0.32847 0.030111 9.9991E-05 0.138352
0.502963 0.260009 9.9982E-05 9.9982E-05 0.236828
0.675651 0.160657 0.162383 9.9991E-05 0.00120844
0.491424 0.32798 9.9982E-05 9.9982E-05 0.180396
0.620037 0.21817 0.0284179 9.9991E-05 0.133275
0.480091 0.054235 0.0499079 0.415666 9.9991E-05
0.287193 0.0988512 0.0815479 0.532308 9.9991E-05
0.343351 0.0180412 0.178559 0.459948 9.9991E-05
0.320801 0.0612278 0.145036 0.458514 0.0144218
0.488731 9.9991E-05 0.191849 0.302783 0.0165364
0.628603 0.370103 0.00109376 9.9982E-05 9.9982E-05
9.9982E-05 0.0932074 0.254923 0.65167 9.9982E-05
0.299689 0.0144362 0.195588 0.490186 9.9991E-05
0.372817 0.146099 0.101898 0.284871 0.0943154
0.61574 0.151357 0.232703 9.9982E-05 9.9982E-05
0.511375 0.249415 0.197549 9.9991E-05 0.0415609
0.612583 0.0105148 0.101371 0.123672 0.15186
0.635832 0.16764 0.0838871 0.091247 0.0213943
0.357336 9.9982E-05 0.218836 0.423628 9.9982E-05
0.388999 9.9991E-05 0.150938 0.409075 0.0508881
0.408078 9.9982E-05 0.101836 0.489887 9.9982E-05
0.516229 0.0766627 0.15298 0.254027 9.9991E-05
0.251349 0.0460216 0.186253 0.489901 0.0264759
0.391147 0.0316141 0.20996 0.322488 0.0447913
0.307397 9.9991E-05 0.135751 0.532819 0.0239327
0.427296 0.0781286 0.128888 0.357535 0.0081522
0.660427 0.230823 0.10855 9.9982E-05 9.9982E-05
0.319334 0.0253642 0.177955 0.400495 0.0768513
0.195568 9.9982E-05 0.2316 0.572632 9.9982E-05
0.349971 0.1155 0.130495 0.289108 0.114925
0.275399 0.290171 0.177237 9.9991E-05 0.257094
0.624423 0.135058 0.00723845 0.146406 0.0868756
0.352317 0.0635187 0.202459 0.358508 0.0231967
0.72526 0.0441886 0.155041 9.9991E-05 0.0754103
0.490955 0.214893 0.200949 0.0165188 0.0766838
0.366325 0.146867 0.176862 0.190591 0.119355
0.316551 0.114908 0.256011 0.31243 9.9991E-05
0.625364 0.110558 0.165024 0.0989539 9.9991E-05
0.420793 0.030335 0.22808 0.290165 0.0306275
0.366934 9.9982E-05 0.107444 0.525423 9.9982E-05
0.100894 0.0140291 0.24488 0.640097 9.9991E-05
0.671186 0.0727416 0.206553 0.0494198 9.9991E-05
0.571604 0.191964 0.0990663 9.9991E-05 0.137266
0.191991 0.563408 0.172346 0.0721543 9.9991E-05
0.591906 9.9991E-05 0.167254 0.138821 0.101919
0.523614 0.110446 0.109606 0.0282202 0.228114
0.52283 0.0656623 0.28992 0.121488 9.9991E-05
0.539493 0.121544 0.1816 0.0328321 0.124531
9.9982E-05 0.41107 0.366474 0.222256 9.9982E-05
9.9982E-05 0.460102 0.356562 0.183136 9.9982E-05
0.291028 0.371597 0.189805 0.131113 0.0164572
9.9982E-05 0.378432 0.347272 0.274096 9.9982E-05
9.9982E-05 0.268277 0.437277 0.294246 9.9982E-05
0.420598 0.255162 0.19134 0.112625 0.0202752
0.407282 0.132144 0.267465 0.193009 9.9991E-05
0.22738 0.253658 0.314182 0.204679 9.9991E-05
0.110572 0.381406 0.342473 0.165449 9.9991E-05
0.445955 0.133274 0.196283 0.127142 0.0973453
0.203181 0.380829 0.252033 0.163857 9.9991E-05
9.9982E-05 0.400423 0.501189 0.098188 9.9982E-05
0.545689 0.0768164 0.114538 0.152953 0.110004
0.200707 0.229061 0.237923 0.332209 9.9991E-05
0.435041 0.052397 0.291919 0.183315 0.0373283
0.55253 0.00185906 0.16106 0.280968 0.00358303
0.576908 0.0628383 0.193064 0.140341 0.0268485
0.437656 0.0141907 0.209629 0.338424 9.9991E-05
0.324705 9.9991E-05 0.35257 0.274697 0.0479281
0.49983 9.9982E-05 0.288562 0.211408 9.9982E-05
0.369537 9.9991E-05 0.202769 0.366994 0.0605995
0.310347 0.166521 0.289506 0.233526 9.9991E-05
0.329974 0.216226 0.166208 0.17851 0.109082
0.515652 0.0706949 0.0819011 0.241641 0.0901109
0.476569 0.0471087 0.246781 0.120277 0.109264
0.588633 0.0642853 0.100764 0.159708 0.0866089
0.331985 9.9991E-05 0.305207 0.273708 0.0890003
0.589418 9.9982E-05 0.268436 0.141945 9.9982E-05
0.0763585 0.231711 0.409103 0.282727 9.9991E-05
0.444953 0.0193155 0.216167 0.286671 0.0328936
0.190458 0.195084 0.23991 0.374448 9.9991E-05
9.9982E-05 0.0338819 0.807802 9.9982E-05 0.158116
0.0918426 0.064032 0.0394564 9.9991E-05 0.804569
9.9973E-05 9.9973E-05 0.0255509 9.9973E-05 0.974149
9.9973E-05 9.9973E-05 0.00344192 9.9973E-05 0.996258
0.0361593 9.9982E-05 9.9982E-05 0.0135177 0.950123
9.9973E-05 9.9973E-05 9.9973E-05 0.0152113 0.984489
0.0843242 9.9973E-05 9.9973E-05 9.9973E-05 0.915376
9.9973E-05 9.9973E-05 0.0341269 9.9973E-05 0.965573
9.9973E-05 9.9973E-05 0.166409 9.9973E-05 0.833291
0.00735114 9.9991E-05 0.914763 0.0026764 0.0751099
0.0366138 9.9982E-05 0.824444 9.9982E-05 0.138742
0.0278795 0.00692869 0.889839 0.0630149 0.0123377
0.0344614 0.01534 0.824402 9.9991E-05 0.125697
0.00437853 9.9991E-05 0.92239 0.0553303 0.0178012
9.9982E-05 0.0207412 0.924054 9.9982E-05 0.0550049
0.0195542 9.9991E-05 0.778211 0.140736 0.0613987
0.0480534 0.00251268 0.883211 0.0661229 9.9991E-05
0.0654659 9.9991E-05 0.733189 0.0512396 0.150006
9.9982E-05 0.0607125 0.888766 0.0503219 9.9982E-05
9.9973E-05 9.9973E-05 0.970079 9.9973E-05 0.0296211
0.0119095 9.9991E-05 0.874105 0.0776 0.0362859
9.9973E-05 9.9973E-05 0.968326 9.9973E-05 0.0313744
0.0637222 9.9982E-05 0.90547 0.0306077 9.9982E-05
0.0778157 9.9991E-05 0.866548 0.0367773 0.0187587
0.112428 9.9982E-05 0.853755 0.0336167 9.9982E-05
0.115027 9.9982E-05 0.782931 0.101842 9.9982E-05
0.132373 9.9982E-05 0.786062 0.0813651 9.9982E-05
0.081656 9.9982E-05 0.832337 0.0858068 9.9982E-05
0.362185 0.297245 0.147335 0.126371 0.0668649
0.78488 0.0849525 0.103846 9.9991E-05 0.026222
0.559229 0.175323 0.148856 0.116492 9.9991E-05
0.184219 0.650865 0.111194 0.0536215 9.9991E-05
0.608627 0.0962316 0.204988 9.9991E-05 0.0900539
0.143053 0.608213 0.248534 9.9982E-05 9.9982E-05
0.633973 0.174683 0.092576 0.0630417 0.0357256
0.552029 0.249172 0.0856061 9.9991E-05 0.113093
0.62475 0.247617 0.118993 9.9991E-05 0.00854068
0.707523 0.256795 0.0142343 0.0213479 9.9991E-05
0.564295 0.172326 0.13039 9.9991E-05 0.132889
0.747358 0.131911 0.0671307 0.048382 0.00521813
0.667438 0.0638922 0.107314 0.025401 0.135955
0.0419657 0.354628 9.9991E-05 0.0720313 0.531275
9.9982E-05 0.845896 0.114788 9.9982E-05 0.0391165
0.223123 0.598411 0.153879 9.9991E-05 0.0244863
0.724456 0.107512 0.127667 0.0402656 9.9991E-05
0.609128 0.207049 0.183623 9.9982E-05 9.9982E-05
0.602819 0.191849 0.205132 9.9982E-05 9.9982E-05
0.621133 0.105126 0.113822 0.144995 0.0149246
0.49634 0.0674443 0.195819 0.240297 9.9991E-05
0.558382 9.9991E-05 0.134994 0.233395 0.0731292
0.100545 0.222308 0.39753 0.165145 0.114473
0.68202 0.0237477 0.140122 0.0588291 0.0952805
0.360762 0.0952735 0.227442 0.193602 0.122921
9.9982E-05 0.358567 0.463613 0.17762 9.9982E-05
0.381687 0.131549 0.3168 0.169865 9.9991E-05
0.290788 0.0529835 0.353433 0.20096 0.101835
0.436993 9.9991E-05 0.333349 0.0824864 0.147071
0.513132 0.0620073 0.164333 0.226022 0.034505
0.472352 0.0512993 0.217327 0.215378 0.043644
0.600111 0.0374033 0.161152 0.176815 0.0245189
0.544937 0.211172 0.138944 0.104847 9.9991E-05
0.321947 9.9991E-05 0.469098 0.181282 0.0275733
