0.0605562 0.0374371 0.901807 9.9982E-05 9.9982E-05
0.026584 9.9982E-05 0.925824 0.0473923 9.9982E-05
0.0199034 0.0487776 0.822117 9.9991E-05 0.109102
0.114886 0.125877 0.75273 9.9991E-05 0.00640699
0.0158519 0.0249004 0.914389 9.9991E-05 0.0447591
0.0276461 0.117118 0.613785 0.21539 0.0260607
9.9982E-05 0.0235994 0.817337 0.158863 9.9982E-05
0.0516107 0.0516583 0.754591 0.14204 9.9991E-05
0.0675545 9.9982E-05 0.819525 0.11272 9.9982E-05
9.999E-05 0.0602593 0.710494 0.14438 0.0847658
0.106301 9.9991E-05 0.745325 0.107245 0.0410296
0.509438 0.105637 9.9991E-05 0.120204 0.264621
0.318145 0.0584156 9.9982E-05 9.9982E-05 0.623239
0.428713 0.117164 0.00403445 0.195764 0.254324
0.394307 0.160222 0.0409586 0.0580609 0.346451
0.183417 0.0903867 0.133696 0.0837438 0.508756
0.156473 0.0804358 0.113506 9.9991E-05 0.649485
0.193285 0.125092 9.9991E-05 0.122647 0.558876
0.432653 0.0870773 0.130017 9.9991E-05 0.350153
0.631128 0.101044 9.9982E-05 0.267628 9.9982E-05
0.296597 0.0718833 0.0409347 0.0952547 0.495331
0.116532 0.107985 0.0444285 0.311643 0.419411
0.179737 0.019587 0.066319 0.105299 0.629058
0.370851 0.133262 9.9991E-05 0.186139 0.309649
0.153099 0.110626 0.115239 0.0300147 0.591022
0.182671 0.163969 0.00865879 0.135407 0.509294
0.46654 0.133638 9.9991E-05 0.141252 0.258471
0.38392 0.215219 0.0253122 0.14972 0.225829
0.414712 0.0744053 0.0499496 0.219971 0.240963
9.9982E-05 0.104663 0.843137 9.9982E-05 0.0520001
9.9982E-05 0.0521242 0.851377 9.9982E-05 0.0962993
0.0220707 0.0671087 0.7823 9.9991E-05 0.128421
9.9991E-05 0.114216 0.735981 0.0904846 0.059219
0.10947 9.9991E-05 0.0226913 0.174517 0.693222
0.161515 0.0706457 0.0803376 0.151517 0.535985
9.9982E-05 9.9982E-05 0.0189884 0.210755 0.770057
0.57778 0.00177909 0.115269 0.0597431 0.245429
9.9982E-05 9.9982E-05 0.0500349 0.407432 0.542333
0.20357 0.0509841 0.0408525 0.136611 0.567982
9.9991E-05 0.00867375 0.0659847 0.0857468 0.839495
0.0628087 0.0220734 0.116901 0.140553 0.657665
0.149313 0.0440672 0.103702 0.0354516 0.667466
0.163228 9.9982E-05 9.9982E-05 0.516763 0.319809
0.0615307 0.111843 0.021523 0.202456 0.602647
0.0682862 0.142476 0.0227482 0.207079 0.559411
0.0986838 0.0701187 0.128331 0.0991093 0.603757
0.0275469 9.9982E-05 9.9982E-05 0.407044 0.565209
0.0664283 0.0828598 9.9991E-05 0.101416 0.749196
0.00657819 9.9991E-05 0.165442 0.136106 0.691773
0.0117827 9.9991E-05 0.0832727 0.894396 0.0104489
0.463747 9.9982E-05 9.9982E-05 0.284657 0.251397
0.189352 0.101114 0.0155476 0.650399 0.0435869
0.245374 0.0925043 0.111855 0.0298754 0.520391
0.0846578 0.159814 0.0804699 0.0834786 0.59158
0.108028 0.148629 0.0879222 9.9991E-05 0.655321
0.330691 9.9991E-05 0.147979 0.25566 0.26557
0.314012 0.0582557 9.9991E-05 0.0312896 0.596343
0.165221 0.163113 9.9991E-05 0.070051 0.601514
0.136464 0.0103398 0.0989178 0.309339 0.444939
0.275533 0.0720437 0.210538 0.355433 0.0864522
0.157282 0.0174302 0.0664633 0.111727 0.647097
0.281737 0.115674 0.0778339 0.0955956 0.429159
0.574917 9.9991E-05 0.026601 0.292266 0.106116
0.271323 0.0414978 9.9991E-05 0.129015 0.558064
0.0731983 0.0865974 0.0581939 0.162302 0.619708
0.15054 0.071522 0.101454 0.0650938 0.61139
0.265819 0.0541069 0.0583431 0.215718 0.406013
0.18102 0.121283 9.9991E-05 0.187624 0.509973
0.237862 0.0912504 0.0662269 0.0284878 0.576173
0.360553 9.9991E-05 0.0166592 0.316241 0.306446
0.0705725 9.9982E-05 9.9982E-05 0.212718 0.71651
0.197539 9.9982E-05 9.9982E-05 0.344576 0.457686
0.0565848 0.110479 0.076884 0.176239 0.579813
9.9973E-05 9.9973E-05 9.9973E-05 0.819597 0.180103
0.0940918 9.9982E-05 9.9982E-05 0.708217 0.197491
9.9973E-05 9.9973E-05 9.9973E-05 0.495737 0.503963
0.167136 9.9982E-05 9.9982E-05 0.211245 0.621419
0.0801831 0.0465202 0.13846 0.0872826 0.647554
0.127431 0.0425756 0.0371485 0.263904 0.528941
0.31678 0.0286037 0.0115441 0.256673 0.3864
0.287345 9.9991E-05 0.00323813 0.296384 0.412932
0.071718 9.9991E-05 0.184849 0.171769 0.571564
0.117163 0.0288887 9.9991E-05 0.367266 0.486583
0.138928 9.9991E-05 0.0276754 0.262838 0.570459
9.9973E-05 9.9973E-05 9.9973E-05 0.38927 0.61043
0.0508946 0.0128515 9.9991E-05 0.814754 0.1214
0.00599504 0.0375958 9.9991E-05 0.218055 0.738254
0.0634067 0.0376413 0.798943 9.9991E-05 0.0999088
9.9973E-05 9.9973E-05 0.910465 9.9973E-05 0.0892355
9.9982E-05 0.0579062 0.879369 9.9982E-05 0.0625248
9.9991E-05 0.0311139 0.930417 0.0143533 0.0240161
9.9982E-05 0.00532036 0.896236 9.9982E-05 0.0982433
9.9991E-05 0.0557149 0.913828 0.0185402 0.0118169
9.9973E-05 9.9973E-05 0.952456 9.9973E-05 0.0472443
0.0848261 0.00743496 0.168405 0.14336 0.595973
0.0645924 0.0351201 0.0917336 0.112691 0.695863
0.149325 9.9991E-05 0.00951633 0.594335 0.246723
0.111265 9.9991E-05 0.180507 0.0963503 0.611778
0.136591 9.9991E-05 0.0587067 0.206906 0.597696
0.0212695 0.0980611 0.0349879 0.206937 0.638745
9.9991E-05 0.0548838 0.0830432 0.182959 0.679014
9.9982E-05 0.139807 9.9982E-05 0.29475 0.565244
0.348377 9.9991E-05 0.0169056 0.495735 0.138882
0.119761 0.160428 0.0866699 0.210144 0.422997
0.0440758 0.0751351 0.045772 0.226518 0.608499
0.185919 0.0869956 0.12851 0.0648971 0.533678
9.9982E-05 9.9982E-05 0.024259 0.472158 0.503383
9.9982E-05 9.9982E-05 0.0674129 0.325774 0.606613
0.105636 9.9991E-05 0.0243929 0.264744 0.605127
0.0199851 0.0435135 9.9991E-05 0.396654 0.539747
0.200897 9.9991E-05 0.0823779 0.173915 0.542711
9.9991E-05 0.118277 0.120937 0.196941 0.563745
0.335096 0.0368462 0.023839 0.274849 0.32937
0.331903 0.129764 0.11412 0.0132189 0.410993
0.254958 0.0555132 0.129057 0.00374367 0.556728
0.0972552 0.0918513 0.0169659 0.102305 0.691622
0.36899 9.9982E-05 0.0425341 9.9982E-05 0.588276
0.232016 9.9991E-05 0.0225425 0.0696102 0.675731
0.436382 0.0554244 9.9991E-05 0.0326538 0.47544
0.242639 9.9991E-05 0.0691304 0.0729573 0.615173
0.0982894 9.9991E-05 0.0708583 0.170508 0.660245
0.132049 9.9991E-05 0.0731708 0.138099 0.656582
0.345259 9.9982E-05 9.9982E-05 0.057986 0.596555
0.078398 0.118455 0.0398649 0.13501 0.628272
0.108428 0.0928749 0.104243 0.106447 0.588007
0.255988 0.0108685 0.0244701 9.9991E-05 0.708573
0.136482 0.161635 0.0633604 0.134773 0.50375
0.182286 0.168925 0.0187819 0.0504992 0.579508
0.254407 0.0951234 0.0999961 0.194784 0.355689
0.136486 0.0394232 0.0726741 0.046058 0.705359
0.124149 0.0906615 0.0384211 0.0610179 0.68575
0.446335 0.056624 0.0386694 0.162713 0.295659
0.274457 0.061834 0.0258527 0.389348 0.248509
0.0567305 0.0021193 0.144136 0.152758 0.644257
0.307787 0.0418353 9.9991E-05 0.495888 0.15439
0.448723 9.9991E-05 0.0394563 0.14845 0.36327
0.334463 0.0617661 9.9991E-05 0.106141 0.497529
0.495005 9.9991E-05 0.0103157 0.0898591 0.40472
0.435812 9.9982E-05 9.9982E-05 0.175937 0.388051
0.149821 0.106303 0.0366839 0.0430248 0.664167
0.0912697 0.0135195 0.171817 0.0731998 0.650194
0.259615 0.0371288 0.0103458 0.104113 0.588798
0.369549 0.0561217 9.9991E-05 0.387392 0.186838
0.0489467 0.0156846 0.242791 0.0674984 0.625079
0.112564 0.169463 0.0135479 0.253162 0.451263
0.0998835 9.9991E-05 0.179762 0.655665 0.0645892
9.9991E-05 0.0546218 0.113646 0.157527 0.674105
0.0672497 0.00723488 0.125081 0.276716 0.523719
0.0441884 0.130255 0.075741 0.184511 0.565305
0.0129092 0.0754538 0.0924606 0.560469 0.258708
0.105982 9.9991E-05 0.121936 0.515485 0.256498
0.159071 9.9991E-05 0.0776279 0.219674 0.543528
0.14857 0.0938864 0.0693446 0.119311 0.568888
0.0787227 0.0209819 0.160259 0.268489 0.471548
0.14927 0.197712 0.0446964 0.608221 9.9991E-05
0.0706617 0.152488 0.0908501 0.203549 0.482452
0.112273 9.9982E-05 9.9982E-05 0.413918 0.473609
0.118957 9.9991E-05 0.0391699 0.22191 0.619863
0.0580781 0.0983183 0.0750011 0.102621 0.665982
0.0314662 0.271039 0.307414 0.230256 0.159825
9.9982E-05 0.170699 0.582705 0.246396 9.9982E-05
9.9982E-05 0.163598 0.493821 0.342382 9.9982E-05
0.0687707 0.374343 0.391445 0.124274 0.0411678
9.9991E-05 0.0211738 0.000209619 0.271348 0.707168
0.178213 0.0165699 0.155773 0.109603 0.539841
9.9973E-05 0.654859 9.9973E-05 9.9973E-05 0.344841
0.111758 0.424162 0.0811998 0.0222917 0.360589
0.114728 0.46586 9.9991E-05 0.0361713 0.383141
9.9991E-05 0.00942191 0.0244423 0.515187 0.450849
9.9991E-05 0.0285061 0.139591 0.167868 0.663934
9.9991E-05 0.0246181 0.0356092 0.657732 0.281941
0.0215906 0.0750173 0.0296018 0.220296 0.653494
0.0629995 0.0509762 0.0573746 0.365628 0.463021
0.0105711 0.0745796 0.0551381 0.218361 0.64135
0.0934966 0.0692027 9.9991E-05 0.628528 0.208673
9.9991E-05 0.105741 0.0603415 0.199564 0.634254
9.9991E-05 0.172167 0.0133592 0.239655 0.574719
9.9982E-05 0.988604 9.9982E-05 0.005008 0.00618761
0.0233717 0.888772 9.9982E-05 9.9982E-05 0.0876565
0.0221373 0.559952 0.0968935 0.0548505 0.266166
9.9982E-05 0.692282 0.018328 9.9982E-05 0.28919
0.0132196 0.813881 0.0297484 9.9991E-05 0.143051
9.997E-05 0.9996 9.997E-05 9.997E-05 9.997E-05
0.0449743 0.954726 9.9973E-05 9.9973E-05 9.9973E-05
9.9973E-05 0.818625 9.9973E-05 9.9973E-05 0.181075
9.9973E-05 0.936019 9.9973E-05 9.9973E-05 0.0636812
9.997E-05 0.9996 9.997E-05 9.997E-05 9.997E-05
9.997E-05 0.9996 9.997E-05 9.997E-05 9.997E-05
0.0327384 0.761382 0.0285679 9.9991E-05 0.177211
0.0191191 0.76435 0.0696759 9.9991E-05 0.146755
0.0390086 0.945381 9.9982E-05 0.0154102 9.9982E-05
0.178121 0.37687 0.0282731 0.0470034 0.369732
0.0935248 0.675485 0.0312717 9.9991E-05 0.199618
0.0183151 0.766236 0.0801772 0.0146048 0.120667
0.0283964 0.86229 0.0493919 9.9991E-05 0.0598213
9.997E-05 0.9996 9.997E-05 9.997E-05 9.997E-05
0.0119663 0.917743 0.02394 9.9991E-05 0.0462507
9.997E-05 0.9996 9.997E-05 9.997E-05 9.997E-05
0.0191091 0.655467 0.0579884 9.9991E-05 0.267336
9.9991E-05 0.928257 0.0111361 0.011571 0.0489357
9.9982E-05 0.0860037 0.35301 0.560786 9.9982E-05
0.171734 0.142582 0.178806 0.158752 0.348124
0.056083 0.113486 0.221393 0.234893 0.374144
0.00144971 0.222505 0.227822 0.464673 0.0835495
0.0615661 0.186959 0.157312 0.110765 0.483398
9.9991E-05 0.158371 0.250364 0.443107 0.148057
9.9991E-05 0.10779 0.28289 0.169787 0.439433
9.9991E-05 0.250429 0.129388 0.375032 0.245051
0.130451 0.195187 0.135659 0.149477 0.389226
9.9991E-05 0.279806 0.123891 0.272531 0.323672
0.0630528 0.145141 0.174457 0.14052 0.476829
0.04614 9.9991E-05 0.864622 0.0232908 0.0658469
0.00530281 0.0706211 0.907044 0.0169321 9.9991E-05
0.0364056 9.9973E-05 0.963295 9.9973E-05 9.9973E-05
0.0450308 9.9973E-05 0.954669 9.9973E-05 9.9973E-05
0.035927 0.0275516 0.92046 9.9991E-05 0.0159616
9.9973E-05 0.0693919 0.930308 9.9973E-05 9.9973E-05
0.012769 0.0691886 0.877709 9.9991E-05 0.0402331
0.0106112 9.9991E-05 0.906058 0.0830016 0.000229122
0.03029 9.9982E-05 0.918285 9.9982E-05 0.0512249
0.0313795 0.0671398 0.901281 9.9982E-05 9.9982E-05
0.245781 9.9982E-05 0.593839 0.160179 9.9982E-05
0.304493 9.9982E-05 0.598798 0.0965091 9.9982E-05
0.261839 9.9982E-05 0.557294 0.180667 9.9982E-05
0.341994 9.9991E-05 0.499896 0.152904 0.00510557
0.129456 0.00621772 0.0208967 0.170174 0.673255
0.150979 9.9991E-05 0.0358016 0.172961 0.640159
0.165777 0.000225067 0.0227497 0.156613 0.654636
0.334167 9.9991E-05 0.061279 0.0911837 0.51327
0.601587 0.0254486 9.9991E-05 0.133444 0.23942
0.0238646 0.0329144 0.0577844 0.160413 0.725024
0.131628 0.0220422 9.9991E-05 0.169641 0.676589
0.103642 0.0413409 9.9991E-05 0.243042 0.611875
0.00570315 9.9982E-05 9.9982E-05 0.449409 0.544688
0.0864129 0.126157 0.0318665 0.150315 0.605249
0.122376 9.9982E-05 9.9982E-05 0.334453 0.542971
0.14596 9.9982E-05 9.9982E-05 0.780358 0.0734819
0.074894 9.9991E-05 0.030872 0.194167 0.699967
0.0184819 0.0290867 9.9991E-05 0.554673 0.397658
0.0273452 9.9991E-05 0.0281887 0.299365 0.645001
0.253742 9.9982E-05 9.9982E-05 0.419193 0.326865
0.763434 0.0398169 0.118436 0.0782129 9.9991E-05
0.723625 0.0156834 0.101442 0.0994212 0.059828
0.868725 9.9982E-05 0.0475684 0.0835063 9.9982E-05
0.758307 9.9982E-05 0.117744 0.123749 9.9982E-05
0.878855 0.0109792 0.0397193 9.9991E-05 0.0703466
0.790149 0.0277531 0.0739844 9.9991E-05 0.108014
9.9982E-05 0.0509733 0.888309 9.9982E-05 0.0605181
0.0814105 0.0526983 0.840207 9.9991E-05 0.0255838
0.0144313 0.155759 0.755958 9.9991E-05 0.0737508
0.105834 0.139222 0.754744 9.9982E-05 9.9982E-05
0.0771716 0.109188 0.782038 9.9991E-05 0.0315021
0.562362 9.9982E-05 0.392691 0.0447479 9.9982E-05
0.374352 9.9982E-05 0.493335 0.132113 9.9982E-05
0.462325 9.9982E-05 0.426596 0.110879 9.9982E-05
0.0365173 0.0677247 0.819267 9.9991E-05 0.0763908
0.557055 9.9982E-05 0.372428 0.0703169 9.9982E-05
9.9991E-05 0.339799 0.271819 0.056498 0.331784
0.0512472 0.244793 0.153119 9.9991E-05 0.550741
9.9982E-05 0.292926 0.172624 9.9982E-05 0.534251
9.9991E-05 0.268439 0.269516 0.131301 0.330645
9.9982E-05 0.195761 0.220595 9.9982E-05 0.583444
9.9982E-05 0.321972 0.498193 0.179635 9.9982E-05
0.400098 9.9991E-05 0.0160663 0.0380957 0.54564
0.147561 0.0381447 9.9991E-05 0.357596 0.456598
0.571835 0.0478221 0.0658316 0.0117583 0.302753
0.146979 0.0385517 9.9991E-05 0.277692 0.536677
0.173284 9.9973E-05 9.9973E-05 0.826416 9.9973E-05
0.120576 0.0948257 0.0946317 0.136067 0.553899
0.174257 0.0155908 0.0429501 0.21638 0.550822
0.409129 9.9991E-05 0.0279392 0.0900742 0.472758
0.202856 0.125425 9.9991E-05 0.135088 0.536531
0.313029 9.9982E-05 9.9982E-05 0.461367 0.225404
0.2028 0.0895839 0.0190577 0.180435 0.508124
0.246364 0.0476092 9.9991E-05 0.149934 0.555993
0.0458209 0.213925 0.113464 0.1688 0.457991
0.273408 0.0388171 9.9991E-05 0.253324 0.434352
0.310557 9.9991E-05 0.0432888 0.0908671 0.555188
0.13093 0.0933209 9.9991E-05 0.268741 0.506907
0.152387 9.9982E-05 9.9982E-05 0.204757 0.642657
0.117878 0.154511 0.0528614 0.0398491 0.634901
0.121936 0.147438 0.0730901 0.103935 0.553601
0.212448 0.0781903 0.0847353 0.0912635 0.533362
9.9982E-05 0.115256 0.775355 9.9982E-05 0.109189
9.9991E-05 0.0630094 0.828086 0.0543924 0.0544126
0.0149515 0.0212302 0.781024 0.0934313 0.0893628
0.0831258 0.0518537 0.825626 0.0034121 0.0359823
9.9973E-05 9.9973E-05 0.870623 9.9973E-05 0.129077
0.635943 0.0506817 0.0201281 0.0748203 0.218426
0.178991 0.0550972 0.0721973 0.105633 0.588081
0.0232888 0.261858 0.226593 0.0724034 0.415857
0.1203 0.0538964 0.0599478 9.9991E-05 0.765756
0.247256 0.0298428 0.0750454 0.00327517 0.644581
0.406182 0.0835649 9.9991E-05 0.205028 0.305125
0.63598 9.9982E-05 0.122215 0.241605 9.9982E-05
0.332382 0.0360379 9.9982E-05 9.9982E-05 0.63138
0.492278 0.0345817 0.0942222 0.157635 0.221283
0.184404 0.0551383 0.0370402 0.264905 0.458513
0.632921 0.022867 0.144756 0.031054 0.168403
0.228465 0.106914 0.00860388 0.0122325 0.643785
0.570193 0.0140562 0.0519748 0.17062 0.193156
0.241084 0.127136 0.015372 0.263088 0.35332
0.0116746 0.108877 0.106311 0.256328 0.51681
0.109366 0.00759434 0.0722998 0.442394 0.368346
9.9982E-05 9.9982E-05 0.162228 0.203058 0.634514
0.0427966 9.9991E-05 0.157069 0.115899 0.684135
0.0536437 9.9991E-05 0.00640053 0.444376 0.49548
9.9991E-05 0.00275269 0.186472 0.289013 0.521662
9.9982E-05 9.9982E-05 0.106863 0.314892 0.578045
0.06257 9.9982E-05 9.9982E-05 0.767415 0.169815
9.9991E-05 0.00334705 0.0348369 0.668864 0.292852
0.0181364 9.9991E-05 0.101246 0.30419 0.576327
0.117646 9.9982E-05 9.9982E-05 0.637729 0.244426
0.14245 9.9991E-05 0.0233922 0.307194 0.526864
0.554085 0.0534797 0.0166328 0.203903 0.1719
0.353212 0.0522907 9.9991E-05 0.330272 0.264125
0.511056 0.108144 0.027253 9.9991E-05 0.353447
0.215061 0.10343 0.0567018 0.0133196 0.611487
0.511794 0.00490818 9.9991E-05 0.11513 0.368067
0.114799 0.156854 0.0328 0.251461 0.444086
0.212126 0.0931903 0.0569403 0.058871 0.578872
0.259272 0.0607921 9.9991E-05 0.0157708 0.664066
0.316813 0.126306 9.9991E-05 0.0526222 0.504159
0.343882 0.0626481 9.9991E-05 0.119011 0.474359
0.50565 0.0803803 9.9991E-05 0.119542 0.294328
0.495646 0.157663 9.9991E-05 0.0465835 0.300008
0.27399 0.0314876 9.9982E-05 9.9982E-05 0.694323
0.127847 0.144812 0.0394321 0.0784093 0.6095
0.319834 0.032766 0.0533278 0.178694 0.415378
0.213206 0.0908324 9.9991E-05 0.126883 0.568978
0.437671 0.12004 0.0230392 0.0433294 0.37592
0.256457 0.0919289 9.9991E-05 0.0316033 0.61991
0.244553 0.216952 0.000984055 0.0412643 0.496246
0.215179 0.163032 0.046959 9.9991E-05 0.57473
0.0343615 0.133233 0.368034 0.010687 0.453684
0.0318925 0.293172 0.0989889 0.124907 0.451039
0.122387 0.211441 0.079803 0.181395 0.404975
0.0385413 0.176263 0.0688898 0.0298425 0.686463
0.000631737 0.192102 0.195465 0.0145806 0.59722
0.122011 0.0769889 9.9991E-05 0.319998 0.480902
0.143431 0.195343 0.0421512 0.152188 0.466887
9.9991E-05 0.204905 0.250695 0.502081 0.0422192
0.119446 0.19645 0.125337 0.0253503 0.533417
0.0335932 0.234576 0.0934917 0.081301 0.557038
0.114786 0.201395 0.109042 0.0521246 0.522653
0.138845 0.200118 0.182088 0.209009 0.269939
9.9991E-05 0.169544 0.23332 0.0542138 0.542822
0.0282483 0.187202 0.156723 0.0615413 0.566286
9.9982E-05 0.214817 0.47314 0.311842 9.9982E-05
9.9991E-05 0.1969 0.189313 0.0026533 0.611033
0.0359995 0.270667 0.148651 0.111773 0.43291
0.0479091 0.163817 0.0771613 0.166491 0.544622
0.0091123 0.159945 0.189207 0.00481165 0.636924
0.106347 0.183203 0.137025 0.0676373 0.505787
9.9991E-05 0.0825139 0.0942386 0.303471 0.519677
0.13955 0.169984 0.0192756 0.177098 0.494092
0.0930671 0.010372 9.9991E-05 0.765548 0.130913
0.129854 9.9982E-05 9.9982E-05 0.756439 0.113507
0.0362752 0.0615471 0.103678 0.21056 0.58794
0.056813 0.40288 0.0855688 0.103602 0.351136
9.9991E-05 0.366365 0.0819519 0.196078 0.355506
9.9991E-05 0.329308 0.275606 0.210911 0.184075
9.9991E-05 0.306748 0.224599 0.117865 0.350688
9.9991E-05 0.157846 0.112078 0.647868 0.0821081
9.9991E-05 0.152273 0.126351 0.516383 0.204893
9.9991E-05 0.157807 0.0255068 0.248025 0.568562
9.9991E-05 0.165379 0.0332493 0.288219 0.513052
9.9991E-05 0.163516 0.108961 0.502166 0.225256
0.0282201 0.161472 0.0522996 0.27037 0.487638
0.0410787 0.221069 9.9991E-05 0.267725 0.470028
0.0655728 0.168065 0.126746 0.150457 0.489159
0.0511515 9.9991E-05 0.0150429 0.423437 0.510268
0.108996 0.0615979 0.00423198 0.358387 0.466787
0.0162471 0.0870211 0.0427509 0.274814 0.579167
0.134366 0.0440393 0.062537 0.319361 0.439696
0.0590664 0.198634 0.044904 0.256102 0.441293
9.9973E-05 9.9973E-05 9.9973E-05 0.386395 0.613305
0.0690765 9.9982E-05 9.9982E-05 0.558083 0.37264
9.9991E-05 0.0400334 0.0362633 0.208637 0.714966
0.106358 0.0458393 9.9991E-05 0.53584 0.311862
0.03797 0.0369345 0.024155 0.402217 0.498724
0.11159 0.0443131 0.0532753 0.129929 0.660893
0.0872466 0.0584847 0.0701327 0.221308 0.562828
0.10589 0.167507 0.146438 0.0453439 0.534821
0.10081 0.123352 0.188304 0.130434 0.4571
0.023015 0.265026 0.233475 0.0854578 0.393026
0.113263 0.261844 0.14182 0.135999 0.347073
0.152196 0.287825 0.17311 0.00145075 0.385419
9.9991E-05 0.186578 0.188637 0.158032 0.466653
9.9982E-05 0.202889 0.18591 0.611001 9.9982E-05
9.9991E-05 0.206019 0.166975 0.0069886 0.619918
9.9982E-05 0.144345 0.367146 0.488309 9.9982E-05
9.9991E-05 0.218435 0.0384993 0.114681 0.628284
9.9973E-05 9.9973E-05 9.9973E-05 0.763385 0.236315
0.048779 0.0296196 9.9991E-05 0.91158 0.00992183
9.9982E-05 0.00896931 9.9982E-05 0.431643 0.559187
9.9991E-05 0.0699042 0.0633284 0.144545 0.722123
9.9973E-05 9.9973E-05 9.9973E-05 0.487329 0.512371
9.9982E-05 9.9982E-05 0.0102133 0.319699 0.669887
9.9982E-05 0.0229809 9.9982E-05 0.365167 0.611652
0.0352862 0.0539366 0.783686 0.0395069 0.0875843
0.137714 0.122309 0.682666 0.0572114 9.9991E-05
0.0228163 0.102261 0.874723 9.9982E-05 9.9982E-05
9.9973E-05 9.9973E-05 0.967047 9.9973E-05 0.0326529
0.115317 0.0276413 0.0415032 0.227204 0.588335
0.0931558 0.0142839 0.0693785 0.183525 0.639657
0.0691232 9.9982E-05 9.9982E-05 0.301945 0.628732
9.9982E-05 9.9982E-05 0.144558 0.0567337 0.798508
0.0852473 0.0443999 0.0829312 0.213368 0.574054
0.184068 9.9991E-05 0.0103066 0.352826 0.4527
0.00665607 9.9991E-05 0.0273875 0.139437 0.82642
9.9982E-05 9.9982E-05 0.00425027 0.515753 0.479797
0.0176377 0.148061 0.284897 0.0251633 0.524241
0.0898842 0.0924593 9.9991E-05 0.316553 0.501003
0.255496 9.9982E-05 9.9982E-05 0.210288 0.534015
0.0691711 9.9982E-05 9.9982E-05 0.281031 0.649597
0.0529718 9.9991E-05 0.0261011 0.318734 0.602093
9.9982E-05 0.0514847 9.9982E-05 0.229404 0.718912
0.0868258 0.0418598 0.0528517 0.142621 0.675841
9.9973E-05 9.9973E-05 9.9973E-05 0.692364 0.307337
0.0558461 0.00503736 0.0414936 0.456031 0.441592
0.0772782 9.9991E-05 0.0178083 0.417173 0.487641
9.9973E-05 9.9973E-05 9.9973E-05 0.938156 0.0615445
0.199593 0.00311003 0.0221756 0.220195 0.554926
0.0170813 9.9982E-05 9.9982E-05 0.70674 0.275979
0.0552988 9.9991E-05 0.00405735 0.860342 0.0802016
0.0379259 0.0758042 0.00358098 0.155386 0.727303
0.157764 9.9982E-05 9.9982E-05 0.444071 0.397966
0.0955441 0.0190086 9.9991E-05 0.319227 0.56612
9.9991E-05 0.12053 0.0226341 0.150064 0.706672
0.176136 9.9982E-05 9.9982E-05 0.104728 0.718937
0.246349 0.140456 9.9991E-05 0.255159 0.357936
0.124287 0.00708002 0.0344646 0.237368 0.5968
0.189917 0.0411575 0.0143803 0.148106 0.606439
9.9973E-05 9.9973E-05 9.9973E-05 0.511835 0.487865
0.122315 0.084283 0.0749404 0.132597 0.585864
0.244247 0.00854983 0.665316 0.0817876 9.9991E-05
0.104703 9.9991E-05 0.765617 0.057819 0.0717609
0.0898497 9.9982E-05 0.854295 0.0556554 9.9982E-05
0.167643 9.9982E-05 0.798569 0.0335874 9.9982E-05
0.189414 9.9991E-05 0.742225 0.0311077 0.0371531
0.21604 9.9991E-05 0.0170347 0.443612 0.323213
0.178704 9.9991E-05 0.0515032 0.479701 0.289992
9.9973E-05 9.9973E-05 9.9973E-05 0.656868 0.342832
0.0331102 0.0516891 0.151597 0.184555 0.579048
0.0500567 0.0787136 0.0913954 0.107449 0.672385
9.9982E-05 9.9982E-05 0.05045 0.513567 0.435782
9.9991E-05 0.0893978 0.00431199 0.207704 0.698486
9.9991E-05 0.0201648 0.0660145 0.329019 0.584702
0.0103187 0.0506537 9.9991E-05 0.264798 0.674129
0.0739514 0.082999 0.0320037 0.1505 0.660546
0.141409 0.000350809 9.9991E-05 0.395793 0.462346
0.0815492 9.9982E-05 9.9982E-05 0.354735 0.563516
0.205105 9.9982E-05 9.9982E-05 0.269562 0.525133
0.0643047 0.0519268 0.131374 0.0990989 0.653296
0.11593 9.9991E-05 0.00603987 0.303089 0.574841
0.0828818 9.9991E-05 0.0517437 0.244492 0.620782
9.9991E-05 0.516181 0.0335751 0.0171367 0.433007
0.021325 0.534913 0.102852 0.0583015 0.282608
9.9982E-05 0.410598 0.163663 9.9982E-05 0.425539
9.9991E-05 0.529406 0.172901 0.0182525 0.27934
0.015965 0.315471 0.114209 0.0796655 0.47469
9.9991E-05 0.0487867 0.0380467 0.362966 0.5501
9.9991E-05 0.710771 0.213997 0.0433916 0.0317407
9.9982E-05 0.454416 0.18993 9.9982E-05 0.355454
9.9991E-05 0.22445 0.155574 0.197814 0.422062
0.105699 0.0136512 0.138496 0.110377 0.631777
0.117899 0.125427 0.108977 0.254439 0.393258
0.035378 0.115133 0.120525 0.112771 0.616193
0.0480793 9.9991E-05 0.114699 0.10178 0.735342
9.9982E-05 0.499278 0.199095 9.9982E-05 0.301426
0.122029 0.391579 0.106885 0.00191358 0.377593
9.9982E-05 0.49702 0.136164 9.9982E-05 0.366616
0.131822 0.342389 0.0913502 0.0182487 0.41619
0.0527981 0.564144 0.0817199 0.0286778 0.27266
0.0546347 0.356809 0.175136 0.0130056 0.400414
0.0171069 0.623175 0.0920267 0.0382494 0.229441
0.0868641 0.379121 0.0672342 0.0585292 0.408251
9.9991E-05 0.107757 0.0623975 0.28257 0.547175
0.0100092 0.345617 0.216615 0.025727 0.402031
9.9982E-05 0.685253 0.182425 9.9982E-05 0.132123
0.0485003 0.386342 0.155285 0.0226075 0.387265
0.245796 9.9991E-05 0.201454 0.29166 0.260991
0.144546 0.151687 9.9991E-05 0.17588 0.527787
0.0407121 0.327253 0.216939 0.0959119 0.319183
0.117619 0.0541606 0.12225 0.00888529 0.697085
0.0249357 0.0170844 0.198387 0.219906 0.539687
0.0448656 0.269774 0.204089 0.135873 0.345399
0.0162794 0.307335 0.23836 0.107379 0.330647
0.0767963 0.121724 0.123768 0.12468 0.553031
9.9991E-05 0.32817 0.164938 0.0353514 0.471441
9.9982E-05 0.538735 0.0853069 9.9982E-05 0.375758
9.9991E-05 0.649935 0.188143 0.00991832 0.151904
0.067541 0.0850948 0.0387868 0.173572 0.635006
0.0976925 9.9991E-05 0.132792 0.22281 0.546606
9.9991E-05 0.0879721 0.169506 0.578577 0.163845
0.0552402 0.117078 0.0980121 0.150836 0.578834
0.248613 0.135935 0.109411 0.184435 0.321606
0.0250944 0.11486 0.260679 0.0340272 0.56534
0.14631 0.108766 0.0879232 0.0783082 0.578693
9.9982E-05 0.202165 0.35569 0.441945 9.9982E-05
9.9982E-05 0.146514 0.386486 0.4668 9.9982E-05
0.0423697 0.12831 0.170467 0.375332 0.283521
9.9991E-05 0.233886 0.372428 0.377642 0.015944
9.9982E-05 0.263651 0.444953 0.291196 9.9982E-05
0.00134262 0.206077 0.138655 0.306282 0.347643
9.9991E-05 0.156105 0.305717 0.198976 0.339102
0.00613524 0.214118 0.289421 0.329542 0.160785
9.9991E-05 0.248038 0.338542 0.380446 0.0328743
0.0207774 0.199149 0.0749699 0.187778 0.517326
9.9991E-05 0.179593 0.224889 0.432794 0.162625
9.9982E-05 0.0987416 0.509575 0.391484 9.9982E-05
0.024695 0.213697 0.115198 0.102948 0.543462
0.0192479 0.277048 0.195275 0.191706 0.316724
0.00326785 0.241879 0.315203 0.0302881 0.409362
9.9982E-05 0.352922 0.171786 9.9982E-05 0.475092
9.9991E-05 0.17827 0.184549 0.0747675 0.562314
0.0109456 0.292643 0.162121 0.128497 0.405794
0.0579769 0.262449 0.337661 0.00171515 0.340198
9.9991E-05 0.19266 0.249911 0.0717005 0.485629
9.9982E-05 0.374444 0.181273 9.9982E-05 0.444083
0.00061324 0.255683 0.233663 0.153019 0.357021
0.171397 0.162774 0.130718 0.196898 0.338212
0.0960787 0.146718 0.181389 9.9991E-05 0.575714
0.0309823 0.168195 0.207562 9.9991E-05 0.59316
9.9991E-05 0.123061 0.173241 0.109334 0.594264
0.00693316 0.249124 0.318957 9.9991E-05 0.424886
9.9991E-05 0.216922 0.215795 0.0512231 0.51596
9.9991E-05 0.209664 0.393028 0.1957 0.201508
0.0376112 0.221204 0.26071 9.9991E-05 0.480375
9.9991E-05 0.334821 0.260517 0.141049 0.263512
0.123015 0.0157397 0.788427 0.0727187 9.9991E-05
0.798463 0.0506606 0.0749879 9.9991E-05 0.075788
0.9996 9.997E-05 9.997E-05 9.997E-05 9.997E-05
0.9996 9.997E-05 9.997E-05 9.997E-05 9.997E-05
0.969373 9.9973E-05 9.9973E-05 9.9973E-05 0.0303268
0.908319 0.0913807 9.9973E-05 9.9973E-05 9.9973E-05
0.917333 9.9973E-05 9.9973E-05 9.9973E-05 0.082367
0.978741 9.9973E-05 0.0209594 9.9973E-05 9.9973E-05
0.819166 9.9973E-05 0.180534 9.9973E-05 9.9973E-05
0.019259 0.0159772 0.923854 9.9991E-05 0.0408096
0.125876 9.9982E-05 0.817128 9.9982E-05 0.0567961
9.9982E-05 0.0302156 0.89671 9.9982E-05 0.0728748
0.113143 9.9982E-05 0.856945 9.9982E-05 0.0297117
0.0649392 0.0242875 0.892046 9.9991E-05 0.0186272
0.0288358 0.00667391 0.930622 0.0337687 9.9991E-05
0.0521079 0.179707 0.767985 9.9982E-05 9.9982E-05
9.9991E-05 0.0973997 0.879993 0.00670679 0.0158006
0.100898 9.9982E-05 0.756125 9.9982E-05 0.142777
9.9982E-05 0.0852888 0.909916 9.9982E-05 0.00459553
0.0450461 9.9982E-05 0.950218 0.00453568 9.9982E-05
0.0259853 0.0697456 0.831854 0.0299332 0.0424818
0.053285 9.9973E-05 0.946415 9.9973E-05 9.9973E-05
9.9982E-05 0.0860877 0.900395 9.9982E-05 0.0133176
9.9973E-05 9.9973E-05 0.886225 9.9973E-05 0.113475
9.9982E-05 0.0452371 0.845678 9.9982E-05 0.108885
9.9982E-05 0.162388 0.794226 9.9982E-05 0.0431863
9.9982E-05 0.0562059 0.78228 9.9982E-05 0.161314
9.9982E-05 0.056969 0.824361 9.9982E-05 0.11847
0.0730157 0.0411268 0.155205 0.278582 0.452071
9.9982E-05 9.9982E-05 0.067036 0.179821 0.752943
0.032281 0.136347 0.112817 0.0974726 0.621082
9.9991E-05 0.0545289 0.113547 0.730305 0.101519
0.116706 9.9991E-05 0.111456 0.0869572 0.684781
9.9991E-05 0.023902 0.222422 0.606159 0.147417
9.9991E-05 0.121448 0.0724901 0.132878 0.673083
0.0897473 9.9991E-05 0.0692521 0.276539 0.564361
0.0138204 9.9991E-05 0.131363 0.269138 0.585579
0.0409686 0.0302262 0.038248 0.24409 0.646467
0.0557403 9.9991E-05 0.145773 0.216651 0.581735
0.0149764 0.10325 0.112739 0.106491 0.662544
0.173104 0.0267856 0.07802 0.102746 0.619344
0.446081 0.0478023 9.9991E-05 0.401578 0.104439
0.0862775 9.9982E-05 0.0831495 0.830373 9.9982E-05
0.0279672 0.0525135 0.133788 0.58993 0.195802
0.0352606 0.0326904 0.0637944 0.162609 0.705645
0.040781 0.0118195 0.148359 0.216417 0.582624
0.02122 9.9991E-05 0.176098 0.214169 0.588412
0.0091039 0.12336 0.0422611 0.157745 0.66753
9.9991E-05 0.195626 0.206692 0.0855994 0.511983
0.0111963 0.167742 0.184156 0.0246632 0.612243
0.123816 0.195589 0.412221 0.139636 0.128737
0.055431 0.0801925 0.202466 9.9991E-05 0.661811
0.0932857 0.212989 0.211123 0.0492396 0.433363
0.00243664 0.220907 0.43452 0.342037 9.9991E-05
9.9991E-05 0.291038 0.250432 0.168714 0.289716
0.03883 0.184672 0.34445 0.0827743 0.349273
0.0925481 0.04315 0.377511 9.9991E-05 0.486691
0.0797583 0.211 0.225485 9.9991E-05 0.483656
0.016886 0.219229 0.202431 0.0909791 0.470475
0.00870847 0.17874 0.164641 0.0749673 0.572943
9.9991E-05 0.181996 0.204414 0.1705 0.442989
0.023453 0.196887 0.469683 9.9991E-05 0.309877
