0.0924578 9.9991E-05 0.907442
0.0549636 9.9991E-05 0.944936
0.102394 0.0229755 0.87463
0.139635 0.0690854 0.79128
0.117549 9.9991E-05 0.882351
0.12258 0.168856 0.708564
0.0468747 0.103733 0.849393
0.0803444 0.126888 0.792768
9.9991E-05 0.0735016 0.926398
0.0655777 0.127658 0.806764
0.102416 0.118417 0.779168
0.083364 0.758914 0.157722
0.328218 0.630672 0.0411102
0.164829 0.714125 0.121046
0.213048 0.649907 0.137045
0.337407 0.567571 0.0950215
0.408054 0.575277 0.0166688
0.292398 0.681761 0.0258414
0.186856 0.620353 0.192791
9.9991E-05 0.801657 0.198243
0.246902 0.697936 0.0551622
0.27367 0.664838 0.0614914
0.321031 0.655923 0.0230463
0.149336 0.678611 0.172052
0.43898 0.53186 0.0291603
0.326443 0.624168 0.0493888
0.0764573 0.740327 0.183216
0.191385 0.662274 0.146342
0.0750861 0.793785 0.131129
0.147767 9.9991E-05 0.852133
0.155315 9.9991E-05 0.844585
0.207839 9.9991E-05 0.792061
0.259349 0.00187057 0.73878
0.283189 0.671076 0.0457348
0.330942 0.609432 0.059626
0.299246 0.700654 9.9991E-05
0.0167645 0.798823 0.184413
0.140309 0.859591 9.9991E-05
0.320245 0.646094 0.0336614
0.410684 0.589216 9.9991E-05
0.308465 0.602447 0.0890878
0.344506 0.608808 0.0466859
0.0387219 0.902388 0.0588902
0.406275 0.591321 0.0024048
0.374086 0.625814 9.9991E-05
0.393872 0.519223 0.0869048
0.142392 0.857508 9.9991E-05
0.367473 0.61183 0.0206968
0.391898 0.565729 0.0423729
9.9991E-05 0.884061 0.115839
9.9991E-05 0.870621 0.129279
0.0856978 0.793636 0.120666
0.403275 0.572702 0.0240229
0.444939 0.535129 0.0199315
0.411025 0.549979 0.0389955
0.0563552 0.700277 0.243368
0.293568 0.67172 0.0347127
0.387891 0.570044 0.0420641
0.223971 0.632544 0.143485
0.030017 0.685207 0.284776
0.358568 0.605797 0.0356351
0.282844 0.648022 0.0691342
9.9991E-05 0.783772 0.216128
0.229915 0.731482 0.0386025
0.395283 0.604617 9.9991E-05
0.357941 0.592638 0.0494207
0.128079 0.711846 0.160075
0.315524 0.645228 0.039248
0.346615 0.618693 0.0346917
0.0375859 0.797741 0.164673
0.278262 0.721638 9.9991E-05
0.113757 0.843557 0.0426864
0.351047 0.602719 0.0462336
9.9991E-05 0.990539 0.00936139
9.999E-05 0.9998 9.999E-05
0.124605 0.875295 9.9991E-05
0.253861 0.746039 9.9991E-05
0.435042 0.522038 0.0429198
0.272164 0.727736 9.9991E-05
0.0457155 0.878826 0.0754587
0.110623 0.880024 0.00935314
0.401484 0.583902 0.0146137
0.193436 0.78341 0.0231537
0.226971 0.772929 9.9991E-05
0.265227 0.734673 9.9991E-05
9.9991E-05 0.921019 0.0788813
0.379362 0.620538 9.9991E-05
0.1052 0.0562885 0.838511
0.117702 9.9991E-05 0.882198
0.187397 9.9991E-05 0.812503
0.113028 9.9991E-05 0.886872
0.0876736 9.9991E-05 0.912226
0.160588 9.9991E-05 0.839312
0.113535 9.9991E-05 0.886365
0.377053 0.601734 0.0212125
0.402573 0.5452 0.0522273
9.9991E-05 0.908087 0.0918126
0.371783 0.625923 0.00229374
0.207002 0.781115 0.011883
0.305957 0.682643 0.0114
0.298282 0.701618 9.9991E-05
0.306159 0.693741 9.9991E-05
9.9991E-05 0.896195 0.103705
0.340955 0.603042 0.0560027
0.427802 0.565697 0.00650059
0.409802 0.557822 0.0323758
0.145414 0.821171 0.0334146
0.290417 0.709483 9.9991E-05
0.242159 0.757741 9.9991E-05
0.224533 0.775367 9.9991E-05
0.231417 0.733098 0.0354853
0.387663 0.610633 0.0017036
0.159781 0.7379 0.102319
0.182924 0.706481 0.110595
0.401158 0.547845 0.0509971
0.380718 0.553492 0.0657896
0.238106 0.707149 0.0547458
0.382901 0.591201 0.025898
0.204316 0.688865 0.106819
0.312952 0.619863 0.0671844
0.398817 0.544198 0.0569857
0.330158 0.63922 0.030622
0.296786 0.673573 0.0296403
0.434045 0.565855 9.9991E-05
0.420991 0.512529 0.06648
0.384699 0.615201 9.9991E-05
0.368729 0.568899 0.0623717
0.397097 0.602803 9.9991E-05
0.202934 0.636743 0.160323
0.395529 0.559304 0.0451668
0.433882 0.566018 9.9991E-05
0.0355781 0.809118 0.155304
0.0523659 0.847563 0.100071
0.313071 0.638501 0.0484284
9.9991E-05 0.911902 0.0879982
0.131843 0.755981 0.112176
0.180403 0.806589 0.0130075
0.131265 0.775805 0.0929308
0.144546 0.795039 0.0604148
0.367193 0.632707 9.9991E-05
0.367438 0.589248 0.043314
0.381756 0.592148 0.0260961
0.0340271 0.840069 0.125904
0.349376 0.566056 0.0845685
0.303185 0.620589 0.0762254
9.9991E-05 0.730826 0.269074
0.438014 0.561886 9.9991E-05
0.168853 0.692848 0.138299
0.358066 0.550092 0.0918422
0.0805983 0.717001 0.202401
9.9991E-05 0.805459 0.194441
0.218887 0.71363 0.0674824
0.338601 0.616227 0.0451716
0.301583 0.575781 0.122636
0.0613075 0.774968 0.163724
0.35535 0.595991 0.0486588
0.0891331 0.910767 9.9991E-05
0.201903 0.797997 9.9991E-05
0.408817 0.549711 0.0414713
0.336008 0.230911 0.433081
0.115135 0.16722 0.717645
0.0880249 0.189228 0.722747
0.308116 0.231187 0.460697
0.303009 0.696891 9.9991E-05
0.394044 0.562292 0.0436641
0.885656 0.110752 0.00359204
0.653707 0.283329 0.0629636
0.643513 0.271184 0.0853028
0.117667 0.795533 0.0868002
0.30901 0.581127 0.109863
0.0719517 0.882401 0.0456476
0.339997 0.632794 0.0272086
0.274675 0.68324 0.042085
0.325013 0.674887 9.9991E-05
0.0619468 0.838538 0.0995148
0.408977 0.590923 9.9991E-05
0.345972 0.617398 0.03663
0.940182 9.9991E-05 0.0597184
0.935234 9.9991E-05 0.064666
0.719831 0.175841 0.104328
0.867002 0.132898 9.9991E-05
0.911803 0.0216185 0.0665787
0.935819 9.9991E-05 0.064081
0.925752 9.9991E-05 0.074148
0.983261 0.00148527 0.0152538
0.906635 9.9991E-05 0.0932652
0.948909 9.9991E-05 0.0509915
0.934439 9.9991E-05 0.0654613
0.922851 0.0204173 0.0567319
0.851343 0.0115323 0.137124
0.948838 9.9991E-05 0.051062
0.619856 0.303776 0.0763672
0.775155 0.115943 0.108902
0.916564 9.9991E-05 0.0833362
0.928727 9.9991E-05 0.0711726
0.972768 9.9991E-05 0.0271322
0.932392 9.9991E-05 0.0675077
0.938129 9.9991E-05 0.0617708
0.818263 0.0946835 0.0870536
0.906571 9.9991E-05 0.0933286
0.0315597 0.512488 0.455953
0.308512 0.446503 0.244985
0.352956 0.492376 0.154668
0.199886 0.505386 0.294728
0.409033 0.493896 0.0970718
0.151293 0.493021 0.355686
0.366322 0.476087 0.157591
0.299496 0.467815 0.232689
0.436056 0.435653 0.128291
0.358161 0.441754 0.200085
0.379571 0.463754 0.156676
0.106351 9.9991E-05 0.893549
0.106968 9.9991E-05 0.892932
0.059847 9.9991E-05 0.940053
0.0270526 9.9991E-05 0.972847
0.101139 0.00030155 0.89856
0.0471139 9.9991E-05 0.952786
0.0992343 9.9991E-05 0.900666
0.0464963 9.9991E-05 0.953404
0.0960215 9.9991E-05 0.903879
0.0827616 9.9991E-05 0.917138
9.9991E-05 0.292455 0.707445
9.9991E-05 0.268862 0.731038
9.9991E-05 0.342795 0.657105
9.9991E-05 0.400788 0.599112
0.272407 0.689927 0.0376661
0.334674 0.665226 9.9991E-05
0.332237 0.66166 0.00610279
0.195852 0.752907 0.0512406
0.0571866 0.81977 0.123043
0.392357 0.607543 9.9991E-05
0.331932 0.667968 9.9991E-05
0.28363 0.71627 9.9991E-05
0.22645 0.77345 9.9991E-05
0.376249 0.623651 9.9991E-05
0.222665 0.777235 9.9991E-05
9.999E-05 0.9998 9.999E-05
0.346543 0.627652 0.0258049
0.0482426 0.94652 0.00523769
0.324452 0.675448 9.9991E-05
0.0129821 0.932091 0.0549268
9.9991E-05 0.63935 0.36055
9.9991E-05 0.677676 0.322224
9.9991E-05 0.701632 0.298268
9.9991E-05 0.681343 0.318557
9.9991E-05 0.742712 0.257188
9.9991E-05 0.717258 0.282642
0.136229 9.9991E-05 0.863671
0.161608 0.0324327 0.805959
0.20012 0.0512109 0.748669
0.147482 9.9991E-05 0.852418
0.209659 0.0269127 0.763428
9.9991E-05 0.444873 0.555027
9.9991E-05 0.391016 0.608884
9.9991E-05 0.427351 0.572549
0.14403 0.0129412 0.843029
9.9991E-05 0.441414 0.558486
0.512643 0.180389 0.306968
0.556357 0.333951 0.109692
0.618097 0.245206 0.136697
0.47638 0.230997 0.292622
0.452898 0.409774 0.137329
0.320233 0.0940844 0.585682
0.197669 0.749915 0.0524162
0.222062 0.761788 0.0161501
0.0843927 0.811321 0.104286
0.282688 0.717212 9.9991E-05
9.9991E-05 0.903115 0.0967851
0.381483 0.570707 0.0478103
0.318389 0.681511 9.9991E-05
0.110708 0.769675 0.119617
0.391544 0.598066 0.0103895
9.9991E-05 0.906852 0.0930478
0.308665 0.687325 0.00400957
0.2754 0.704386 0.0202142
0.396044 0.521993 0.081963
0.17851 0.776333 0.0451577
0.226449 0.737803 0.0357473
0.319927 0.679973 9.9991E-05
0.288854 0.711046 9.9991E-05
0.426709 0.573191 9.9991E-05
0.340186 0.58089 0.0789239
0.324332 0.620785 0.054883
0.198428 9.9991E-05 0.801472
0.151383 9.9991E-05 0.848517
0.100815 0.021439 0.877746
0.116465 9.9991E-05 0.883435
0.129217 9.9991E-05 0.870683
0.0202531 0.783016 0.196731
0.3428 0.61324 0.0439599
0.47045 0.348682 0.180868
0.397492 0.602408 9.9991E-05
0.289422 0.682748 0.02783
0.116827 0.817993 0.0651804
9.9991E-05 0.733713 0.266187
0.230025 0.663453 0.106521
0.0936749 0.75493 0.151396
0.252996 0.674847 0.0721569
0.017134 0.74125 0.241616
0.38333 0.539872 0.0767979
0.0248397 0.790274 0.184886
0.18207 0.699206 0.118724
0.32755 0.604225 0.0682252
0.088807 0.825549 0.0856439
0.338574 0.635833 0.0255924
0.327612 0.577752 0.094636
0.0517938 0.855104 0.0931026
0.362749 0.599124 0.038127
0.260125 0.677426 0.0624485
9.9991E-05 0.917926 0.0819738
0.000160442 0.872128 0.127712
0.187261 0.756607 0.0561321
9.9991E-05 0.888081 0.111819
0.211032 0.780773 0.00819495
0.0205484 0.812546 0.166906
0.140509 0.829619 0.029872
0.225543 0.671539 0.102918
0.381666 0.595129 0.0232046
0.0936259 0.806393 0.099981
0.336816 0.599536 0.0636483
0.32202 0.660898 0.0170818
0.348413 0.651487 9.9991E-05
0.326016 0.641934 0.0320507
0.260688 0.680306 0.0590057
0.112536 0.772143 0.11532
0.227443 0.728093 0.0444647
0.355567 0.644333 9.9991E-05
0.418339 0.581114 0.000547209
0.233499 0.673046 0.0934543
0.376203 0.623697 9.9991E-05
0.208833 0.71584 0.0753268
0.349344 0.646458 0.00419789
0.316986 0.628912 0.0541016
0.358183 0.565865 0.0759515
0.434994 0.26159 0.303417
0.493436 0.411118 0.0954465
0.419528 0.445099 0.135373
0.473324 0.443226 0.0834495
0.461668 0.391115 0.147218
0.24435 0.75555 9.9991E-05
0.453813 0.421442 0.124745
0.162039 0.490838 0.347123
0.437495 0.491201 0.0713033
0.477813 0.367213 0.154973
0.495783 0.422266 0.0819506
0.301309 0.492485 0.206206
0.508277 0.354478 0.137245
0.500307 0.391274 0.108419
0.100714 0.210214 0.689071
0.487769 0.346541 0.16569
0.537963 0.356694 0.105343
0.443713 0.491882 0.0644052
0.552419 0.303149 0.144432
0.446223 0.414772 0.139005
0.266303 0.703821 0.0298764
0.373614 0.606342 0.0200443
9.9991E-05 0.956814 0.0430855
9.9991E-05 0.914996 0.0849039
0.295731 0.619519 0.0847497
0.534732 0.300024 0.165245
0.482382 0.325906 0.191712
0.427459 0.337686 0.234855
0.495485 0.349168 0.155347
0.0919461 0.71938 0.188674
0.127969 0.696278 0.175754
0.4001 0.5998 9.9991E-05
0.374618 0.583723 0.0416581
0.17804 0.724434 0.097526
0.388131 0.586042 0.0258268
0.405065 0.589832 0.00510348
0.386221 0.566429 0.0473501
0.182119 0.806491 0.0113903
0.211662 0.786015 0.00232269
0.319856 0.680044 9.9991E-05
0.274277 0.691669 0.0340534
0.371935 0.563595 0.0644706
0.225716 0.774184 9.9991E-05
0.0787844 0.878722 0.0424932
0.358745 0.641155 9.9991E-05
0.0566212 0.91082 0.0325593
0.28319 0.71671 9.9991E-05
0.345659 0.602428 0.0519131
0.303179 0.669563 0.027258
0.467793 0.418109 0.114098
0.403304 0.453796 0.1429
0.474742 0.293791 0.231467
0.419823 0.361946 0.218231
0.452655 0.404587 0.142758
0.419167 0.407577 0.173256
0.10524 0.577107 0.317653
0.551502 0.387643 0.0608551
0.0918431 0.367077 0.54108
0.486711 0.46331 0.0499786
0.00622614 0.950159 0.043615
9.9991E-05 0.939615 0.0602853
0.260395 0.739505 9.9991E-05
0.360444 0.639456 9.9991E-05
0.209174 0.790726 9.9991E-05
0.323375 0.676525 9.9991E-05
0.307464 0.692436 9.9991E-05
0.0874178 0.0251568 0.887425
0.145037 0.0637339 0.791229
0.0624064 9.9991E-05 0.937494
0.0740681 9.9991E-05 0.925832
0.340215 0.659685 9.9991E-05
0.327567 0.672333 9.9991E-05
0.299454 0.700446 9.9991E-05
0.35418 0.643869 0.00195071
0.374876 0.578459 0.0466652
0.136912 0.81226 0.0508285
0.351169 0.648731 9.9991E-05
0.134883 0.84074 0.0243768
0.39798 0.297709 0.304312
0.26474 0.73516 9.9991E-05
0.15869 0.84121 0.0001
0.287344 0.712556 9.9991E-05
0.252333 0.747567 9.9991E-05
0.335383 0.664517 9.9991E-05
0.308501 0.660667 0.0308321
9.9991E-05 0.989455 0.010445
0.155798 0.844102 9.9991E-05
0.198045 0.801855 9.9991E-05
9.9991E-05 0.999499 0.000401293
0.222892 0.752222 0.0248859
0.0109824 0.980811 0.00820682
9.9991E-05 0.969694 0.0302065
0.35825 0.64165 9.9991E-05
0.0510864 0.867448 0.081466
0.241943 0.757957 9.9991E-05
0.387868 0.562401 0.0497311
0.286802 0.713098 9.9991E-05
0.199304 0.800596 9.9991E-05
0.318386 0.681514 9.9991E-05
0.290051 0.709849 9.9991E-05
0.146258 0.853642 9.9991E-05
0.330233 0.593982 0.0757854
9.9991E-05 0.223796 0.776104
9.9991E-05 0.145201 0.854699
9.9991E-05 0.0736387 0.926261
9.9991E-05 0.0771905 0.92271
0.0198054 0.172164 0.808031
0.0574997 0.858473 0.0840276
9.9991E-05 0.920436 0.079464
0.0999913 0.899909 9.9991E-05
0.387663 0.558775 0.0535624
0.416544 0.53274 0.050716
0.172217 0.827683 9.9991E-05
0.395844 0.604056 9.9991E-05
0.270399 0.729501 9.9991E-05
0.282827 0.717073 9.9991E-05
0.430568 0.569332 9.9991E-05
0.0812225 0.899146 0.0196314
0.157265 0.842635 9.9991E-05
0.148689 0.851211 9.9991E-05
0.377089 0.553706 0.0692049
0.179534 0.820366 9.9991E-05
0.206239 0.766794 0.0269663
0.664223 0.24357 0.0922073
0.667107 0.172438 0.160456
0.696282 0.220417 0.0833009
0.675143 0.132617 0.19224
0.60222 0.29093 0.10685
0.319804 0.672557 0.00763895
0.638954 9.9991E-05 0.360946
0.664528 0.142048 0.193424
0.365659 0.445225 0.189116
0.285749 0.56571 0.14854
0.298823 0.590894 0.110282
0.356038 0.560119 0.0838426
0.405431 0.51658 0.0779893
0.688591 0.127618 0.18379
0.620141 0.229938 0.149921
0.766792 0.141487 0.0917205
0.580027 0.275548 0.144425
0.649201 0.146271 0.204528
0.634194 0.253638 0.112168
0.723823 0.136692 0.139485
0.593658 0.302893 0.10345
0.305656 0.588291 0.106053
0.631481 0.210407 0.158112
0.689101 0.00654365 0.304355
0.603366 0.264552 0.132082
0.122396 0.645735 0.231868
0.393231 0.578799 0.0279705
0.579387 0.257196 0.163418
0.292875 0.577118 0.130007
0.300739 0.556074 0.143187
0.403861 0.381382 0.214757
0.464243 0.303482 0.232275
0.412338 0.516562 0.0711
0.590345 0.28142 0.128235
0.733331 0.187872 0.0787971
0.735926 0.00820772 0.255866
0.422261 0.540482 0.0372566
0.20806 0.630584 0.161356
0.0689901 0.710153 0.220857
0.385718 0.497936 0.116346
0.246005 0.648236 0.105759
0.443244 0.412693 0.144063
0.403464 0.509326 0.0872097
0.0946137 0.344847 0.560539
0.0472671 0.432885 0.519848
0.275974 0.501987 0.22204
0.205377 0.33336 0.461263
0.198639 0.183138 0.618223
0.315537 0.477301 0.207162
0.367702 0.396918 0.23538
0.220577 0.384785 0.394637
0.168475 0.425329 0.406196
0.411571 0.43692 0.151509
0.226921 0.447722 0.325356
0.0452019 0.36837 0.586429
0.384199 0.498427 0.117374
0.376367 0.381067 0.242565
0.439075 0.270857 0.290068
0.607787 0.297376 0.0948366
0.530202 0.362457 0.107341
0.571622 0.315134 0.113244
0.417652 0.229317 0.353032
0.495614 0.309338 0.195047
0.533421 0.242526 0.224052
0.42827 0.302386 0.269344
0.306357 0.494694 0.198949
0.41625 0.421571 0.162179
0.453994 0.419581 0.126425
0.457546 0.495605 0.0468486
0.503327 0.246328 0.250345
0.510167 0.30113 0.188702
0.355288 0.199283 0.445429
0.519949 0.339918 0.140133
0.434512 0.219036 0.346452
0.0330742 0.0948521 0.872074
9.9991E-05 0.768853 0.231047
9.9991E-05 0.71051 0.28939
9.9991E-05 0.737094 0.262806
9.9991E-05 0.77771 0.22219
9.9991E-05 0.763126 0.236774
9.9991E-05 0.792696 0.207204
9.9991E-05 0.740809 0.259091
9.9991E-05 0.609174 0.390726
0.0476168 0.0352021 0.917181
0.0997647 0.071941 0.828294
0.0868062 0.0176427 0.895551
0.0792878 0.0297841 0.890928
0.100394 9.9991E-05 0.899506
0.0976733 9.9991E-05 0.902227
0.214979 0.0425086 0.742512
0.134798 9.9991E-05 0.865102
0.172755 0.106153 0.721092
0.110548 9.9991E-05 0.889352
0.0224617 9.9991E-05 0.977438
0.131451 9.9991E-05 0.868449
0.0373874 9.9991E-05 0.962513
0.0727508 9.9991E-05 0.927149
0.121681 9.9991E-05 0.878219
0.105431 9.9991E-05 0.894469
0.158226 9.9991E-05 0.841674
0.194051 9.9991E-05 0.805849
0.223464 9.9991E-05 0.776436
0.19144 0.647084 0.161476
0.410677 0.567443 0.0218804
0.392246 0.525058 0.0826959
0.0253463 0.756937 0.217717
0.265649 0.636903 0.0974478
9.9991E-05 0.737536 0.262364
0.42945 0.535281 0.0352699
0.199206 0.638399 0.162396
0.259363 0.60395 0.136686
0.294821 0.682324 0.0228546
0.246767 0.620936 0.132297
0.405342 0.578886 0.0157725
0.307036 0.589486 0.103478
9.9991E-05 0.854461 0.145439
9.9991E-05 0.746439 0.253461
0.0533815 0.703989 0.24263
0.376487 0.535007 0.0885054
0.287829 0.625632 0.0865387
0.348066 0.634913 0.017021
0.443044 0.529369 0.0275861
0.422184 0.363083 0.214733
0.503445 0.337511 0.159044
0.217623 0.320628 0.461749
0.381828 0.483872 0.134301
0.328995 0.455102 0.215903
0.153703 0.285374 0.560923
0.393241 0.280438 0.326322
0.357936 0.285895 0.356169
0.34777 0.350778 0.301452
0.476023 0.441884 0.0820937
0.43533 0.386846 0.177824
0.509278 0.40994 0.0807818
0.4452 0.428282 0.126518
0.28232 0.225117 0.492564
