0.119785 9.9991E-05 0.880115
0.0602534 9.9991E-05 0.939647
0.112828 0.0178981 0.869274
0.152181 0.0237536 0.824066
0.109966 9.9991E-05 0.889934
0.131971 0.154946 0.713083
0.0617678 0.0908669 0.847365
0.0784112 0.12436 0.797229
9.9991E-05 0.0690256 0.930874
0.0773228 0.107433 0.815245
0.122154 0.0952812 0.782565
0.0769708 0.752319 0.17071
0.369365 0.604744 0.0258906
0.136343 0.746947 0.11671
0.228742 0.643638 0.12762
0.315156 0.556295 0.128549
0.393026 0.584415 0.0225586
0.275221 0.681288 0.0434912
0.160251 0.622766 0.216983
9.9991E-05 0.793912 0.205988
0.229318 0.7122 0.0584822
0.261187 0.688585 0.0502284
0.330613 0.669287 9.9991E-05
0.129461 0.703296 0.167243
0.443169 0.54548 0.0113508
0.319149 0.654252 0.0265994
0.0829853 0.754914 0.1621
0.183761 0.661704 0.154534
0.0544665 0.805511 0.140023
0.152457 9.9991E-05 0.847443
0.161754 9.9991E-05 0.838146
0.214866 9.9991E-05 0.785034
0.264806 0.00267712 0.732516
0.254323 0.685522 0.0601552
0.308664 0.651652 0.0396843
0.34161 0.65829 9.9991E-05
0.0109866 0.804631 0.184382
0.148161 0.851739 9.9991E-05
0.308849 0.630538 0.0606137
0.418813 0.581087 9.9991E-05
0.308157 0.593658 0.0981852
0.366473 0.580838 0.052689
0.0369942 0.882514 0.0804913
0.38204 0.591954 0.0260058
0.371605 0.628295 9.9991E-05
0.370961 0.567377 0.0616627
0.145583 0.854317 9.9991E-05
0.387125 0.612775 9.9991E-05
0.363107 0.555846 0.0810464
9.9991E-05 0.872389 0.127511
9.9991E-05 0.866889 0.133011
0.0510147 0.812699 0.136286
0.366077 0.580466 0.0534572
0.395762 0.597819 0.00641879
0.437047 0.524713 0.0382401
0.0452157 0.721037 0.233747
0.297838 0.691813 0.0103485
0.347736 0.603741 0.0485234
0.212285 0.63694 0.150775
0.00843627 0.683357 0.308206
0.373358 0.57456 0.0520819
0.288698 0.615134 0.0961682
9.9991E-05 0.770375 0.229525
0.198225 0.767186 0.0345891
0.360608 0.605139 0.0342533
0.340912 0.582427 0.0766604
0.142313 0.702083 0.155604
0.32367 0.643054 0.0332757
0.356152 0.616402 0.0274466
0.0564803 0.777331 0.166189
0.263304 0.736596 9.9991E-05
0.0884559 0.890209 0.0213349
0.330589 0.611855 0.0575563
9.999E-05 0.9998 9.999E-05
9.999E-05 0.9998 9.999E-05
0.11659 0.88331 9.9991E-05
0.254905 0.744995 9.9991E-05
0.38792 0.555491 0.0565889
0.269779 0.730121 9.9991E-05
0.032518 0.872944 0.0945383
0.0918596 0.878398 0.0297423
0.352421 0.59222 0.0553593
0.180602 0.819298 9.9991E-05
0.205466 0.794434 9.9991E-05
0.220199 0.779701 9.9991E-05
9.9991E-05 0.905239 0.0946613
0.338393 0.661507 9.9991E-05
0.103857 0.0351762 0.860966
0.111633 9.9991E-05 0.888267
0.17789 9.9991E-05 0.82201
0.113805 9.9991E-05 0.886095
0.068801 9.9991E-05 0.931099
0.143013 9.9991E-05 0.856887
0.119815 9.9991E-05 0.880085
0.407799 0.592101 9.9991E-05
0.391413 0.55055 0.0580365
9.9991E-05 0.903337 0.0965632
0.410123 0.578567 0.0113097
0.1874 0.7973 0.0152998
0.292478 0.707422 9.9991E-05
0.350415 0.649485 9.9991E-05
0.319216 0.680684 9.9991E-05
9.9991E-05 0.896415 0.103485
0.300222 0.608534 0.091244
0.409066 0.590834 9.9991E-05
0.386367 0.559771 0.0538619
0.122216 0.847954 0.0298297
0.302221 0.697679 9.9991E-05
0.242845 0.757055 9.9991E-05
0.199826 0.800074 9.9991E-05
0.202503 0.777419 0.0200779
0.339971 0.597411 0.0626184
0.151624 0.750345 0.0980311
0.189297 0.702709 0.107995
0.355604 0.554204 0.0901922
0.372016 0.579218 0.0487658
0.232949 0.698694 0.0683564
0.38976 0.59623 0.0140101
0.233267 0.67699 0.0897423
0.321304 0.625391 0.0533047
0.413599 0.529103 0.0572984
0.314603 0.6573 0.0280965
0.253929 0.727957 0.0181142
0.43835 0.56155 9.9991E-05
0.386678 0.560211 0.0531108
0.370634 0.629266 9.9991E-05
0.388756 0.548756 0.0624882
0.356885 0.643015 9.9991E-05
0.198471 0.652884 0.148645
0.392237 0.607663 9.9991E-05
0.419363 0.580537 9.9991E-05
0.0562436 0.784616 0.15914
0.0575816 0.836581 0.105838
0.297524 0.63339 0.069086
9.9991E-05 0.934875 0.0650246
0.130462 0.80154 0.0679975
0.188866 0.800836 0.0102981
0.14938 0.753933 0.0966872
0.124033 0.805367 0.0706002
0.344053 0.628373 0.0275732
0.387463 0.542896 0.0696408
0.376704 0.623196 9.9991E-05
0.0383567 0.849392 0.112251
0.3544 0.546226 0.0993733
0.297952 0.646853 0.0551943
9.9991E-05 0.713204 0.286696
0.450834 0.542813 0.00635283
0.167294 0.703097 0.129608
0.345878 0.54934 0.104781
0.0852897 0.745013 0.169697
9.9991E-05 0.80346 0.19644
0.235178 0.695307 0.0695153
0.32417 0.614667 0.061163
0.30178 0.535836 0.162383
0.0717429 0.752067 0.17619
0.386343 0.533705 0.079952
0.0923219 0.90066 0.00701828
0.216669 0.783231 9.9991E-05
0.416389 0.529681 0.0539299
0.354428 0.206999 0.438573
0.100222 0.180127 0.719651
0.100443 0.169909 0.729649
0.335898 0.226463 0.437638
0.312464 0.687436 9.9991E-05
0.401147 0.571795 0.0270576
0.911481 0.0884195 9.9991E-05
0.652882 0.278766 0.0683524
0.6049 0.272028 0.123073
0.109502 0.804072 0.0864266
0.312033 0.575017 0.11295
0.0708607 0.853968 0.0751712
0.327144 0.65614 0.0167153
0.270692 0.674554 0.0547546
0.311869 0.688031 9.9991E-05
0.0787265 0.829993 0.09128
0.396092 0.591596 0.0123129
0.343399 0.603031 0.0535702
0.9225 9.9991E-05 0.0774002
0.932144 9.9991E-05 0.0677562
0.740536 0.175362 0.0841014
0.832415 0.151766 0.0158198
0.912594 0.0386107 0.0487951
0.918582 9.9991E-05 0.0813178
0.913991 9.9991E-05 0.0859089
0.974703 0.00108649 0.0242101
0.910397 9.9991E-05 0.0895025
0.941288 9.9991E-05 0.0586117
0.939166 9.9991E-05 0.0607338
0.910294 0.0342695 0.0554367
0.840712 0.0166335 0.142655
0.939926 9.9991E-05 0.0599744
0.577499 0.316145 0.106355
0.779821 0.136767 0.0834119
0.897795 9.9991E-05 0.102105
0.915087 9.9991E-05 0.0848128
0.972954 9.9991E-05 0.0269458
0.939204 9.9991E-05 0.0606957
0.930362 9.9991E-05 0.0695377
0.782849 0.112889 0.104262
0.886593 9.9991E-05 0.113307
0.0255179 0.490366 0.484116
0.313319 0.455857 0.230824
0.337866 0.489213 0.172921
0.218097 0.484664 0.297239
0.389127 0.479584 0.131289
0.17355 0.458532 0.367918
0.324935 0.477462 0.197603
0.298618 0.46712 0.234263
0.392616 0.45237 0.155013
0.307878 0.448573 0.243549
0.359148 0.480846 0.160006
0.0945526 9.9991E-05 0.905347
0.106776 9.9991E-05 0.893124
0.067025 9.9991E-05 0.932875
0.0369858 9.9991E-05 0.962914
0.0976103 9.9991E-05 0.90229
0.0580357 9.9991E-05 0.941864
0.0985449 9.9991E-05 0.901355
0.0528824 9.9991E-05 0.947018
0.109263 9.9991E-05 0.890637
0.0860448 9.9991E-05 0.913855
9.9991E-05 0.288207 0.711693
9.9991E-05 0.264145 0.735755
9.9991E-05 0.346696 0.653204
9.9991E-05 0.405645 0.594255
0.256919 0.689006 0.0540755
0.296446 0.703454 9.9991E-05
0.308152 0.689241 0.00260712
0.175482 0.777369 0.0471495
0.0489876 0.823066 0.127946
0.367982 0.631918 9.9991E-05
0.323679 0.676221 9.9991E-05
0.290653 0.709247 9.9991E-05
0.201815 0.798085 9.9991E-05
0.359041 0.640281 0.000678231
0.230033 0.769867 9.9991E-05
9.999E-05 0.9998 9.999E-05
0.354633 0.604209 0.0411581
0.0557622 0.944138 9.9991E-05
0.275895 0.724005 9.9991E-05
0.0240425 0.928642 0.0473155
9.9991E-05 0.644731 0.355169
9.9991E-05 0.682459 0.317441
9.9991E-05 0.690232 0.309668
9.9991E-05 0.683617 0.316283
9.9991E-05 0.746091 0.253809
9.9991E-05 0.727055 0.272845
0.130832 9.9991E-05 0.869068
0.162835 0.0322886 0.804876
0.165193 0.0673166 0.76749
0.162843 9.9991E-05 0.837057
0.195732 0.02237 0.781898
9.9991E-05 0.430975 0.568925
9.9991E-05 0.400375 0.599525
9.9991E-05 0.408633 0.591267
0.137712 0.018985 0.843303
9.9991E-05 0.431288 0.568612
0.505799 0.174072 0.320129
0.507889 0.377502 0.114609
0.593668 0.257685 0.148647
0.489404 0.234502 0.276094
0.459996 0.38376 0.156245
0.322828 0.096672 0.5805
0.191211 0.750122 0.0586665
0.231604 0.768296 9.9991E-05
0.068783 0.818811 0.112406
0.275093 0.724807 9.9991E-05
9.9991E-05 0.898974 0.100926
0.389259 0.553263 0.0574783
0.329729 0.66722 0.00305127
0.12335 0.760099 0.116551
0.348196 0.583635 0.0681684
9.9991E-05 0.936112 0.0637878
0.316863 0.683037 9.9991E-05
0.263551 0.69397 0.0424796
0.377117 0.530327 0.092556
0.174702 0.786296 0.0390021
0.235586 0.747217 0.0171968
0.328468 0.671432 9.9991E-05
0.26753 0.73237 9.9991E-05
0.410454 0.580745 0.0088009
0.386064 0.561767 0.052169
0.329249 0.62177 0.0489805
0.193335 9.9991E-05 0.806565
0.148613 9.9991E-05 0.851287
0.0845992 0.0212476 0.894153
0.11421 9.9991E-05 0.88569
0.130433 9.9991E-05 0.869467
9.9991E-05 0.808722 0.191178
0.343166 0.631308 0.0255254
0.480785 0.331666 0.187549
0.412185 0.587715 9.9991E-05
0.27606 0.662278 0.0616625
0.10908 0.805305 0.0856144
9.9991E-05 0.749449 0.250451
0.23016 0.677136 0.0927041
0.114334 0.71195 0.173716
0.232479 0.70859 0.0589304
9.9991E-05 0.779116 0.220784
0.389582 0.574562 0.0358563
0.0247145 0.779952 0.195333
0.184563 0.718294 0.097143
0.30169 0.675506 0.0228043
0.0834531 0.843142 0.0734048
0.305124 0.678973 0.0159028
0.34177 0.555583 0.102646
0.0485518 0.861342 0.0901059
0.321197 0.605389 0.0734134
0.245203 0.714134 0.0406623
9.9991E-05 0.92361 0.07629
0.0070111 0.86928 0.123708
0.209815 0.737844 0.0523408
9.9991E-05 0.903078 0.0968221
0.208512 0.766807 0.0246808
0.0162885 0.813773 0.169939
0.146418 0.810648 0.042934
0.244274 0.679269 0.0764567
0.368119 0.605112 0.0267691
0.0648234 0.852309 0.0828672
0.332776 0.608283 0.0589408
0.330386 0.631036 0.0385776
0.336564 0.663336 9.9991E-05
0.310186 0.648275 0.0415388
0.266913 0.681466 0.051621
0.110515 0.79617 0.0933149
0.224689 0.730276 0.0450347
0.340509 0.659391 9.9991E-05
0.44225 0.546943 0.0108064
0.221522 0.644843 0.133635
0.35407 0.64583 9.9991E-05
0.206254 0.709734 0.0840124
0.309649 0.662455 0.0278956
0.35214 0.59887 0.0489893
0.360415 0.57959 0.059995
0.434486 0.273797 0.291718
0.480809 0.429421 0.0897709
0.414107 0.414722 0.171171
0.473746 0.463294 0.0629598
0.486025 0.354894 0.159081
0.232993 0.766907 9.9991E-05
0.409795 0.492682 0.0975228
0.169531 0.473973 0.356496
0.450982 0.493143 0.0558756
0.475535 0.444653 0.0798125
0.482444 0.463917 0.0536388
0.296844 0.472227 0.230929
0.489508 0.364918 0.145574
0.505195 0.387952 0.106852
0.119658 0.192323 0.688019
0.483281 0.3686 0.148119
0.547494 0.329422 0.123084
0.441111 0.48472 0.0741692
0.528144 0.314017 0.157839
0.443441 0.378237 0.178323
0.284074 0.695744 0.0201824
0.328172 0.627934 0.0438941
9.9991E-05 0.960337 0.039563
9.9991E-05 0.909476 0.090424
0.31146 0.645969 0.0425707
0.519548 0.302558 0.177894
0.514018 0.319024 0.166959
0.42087 0.337581 0.241549
0.517851 0.322363 0.159786
0.0812923 0.709602 0.209106
0.125757 0.701121 0.173122
0.399392 0.600508 9.9991E-05
0.372 0.577134 0.0508662
0.207476 0.721682 0.0708419
0.384424 0.582951 0.0326248
0.406955 0.592945 9.9991E-05
0.388727 0.582379 0.0288934
0.187925 0.803797 0.00827837
0.182437 0.795123 0.0224407
0.317744 0.680398 0.0018585
0.268735 0.676316 0.0549486
0.353614 0.600082 0.046304
0.223025 0.776875 9.9991E-05
0.0649017 0.876976 0.0581224
0.374257 0.625643 9.9991E-05
0.0503024 0.916586 0.0331116
0.269029 0.730871 9.9991E-05
0.32431 0.64148 0.0342105
0.310264 0.656891 0.0328448
0.437481 0.396006 0.166512
0.378976 0.4479 0.173124
0.467023 0.295242 0.237735
0.419938 0.37603 0.204032
0.424178 0.42628 0.149542
0.367122 0.480767 0.152111
0.105589 0.578273 0.316138
0.50725 0.416382 0.0763683
0.0762303 0.367608 0.556162
0.464138 0.489835 0.0460268
0.0174763 0.948554 0.0339696
9.9991E-05 0.946456 0.0534443
0.2639 0.736 9.9991E-05
0.348088 0.651812 9.9991E-05
0.207363 0.792537 9.9991E-05
0.33721 0.66269 9.9991E-05
0.282797 0.717104 9.9991E-05
0.0785723 0.0173311 0.904097
0.116791 0.100026 0.783183
0.0703012 9.9991E-05 0.929599
0.0778705 9.9991E-05 0.922029
0.333569 0.666331 9.9991E-05
0.304633 0.681076 0.0142909
0.292581 0.707319 9.9991E-05
0.337137 0.662763 9.9991E-05
0.3653 0.582237 0.052463
0.128507 0.822709 0.0487835
0.378472 0.621428 9.9991E-05
0.123937 0.875963 9.9991E-05
0.41829 0.26812 0.31359
0.251531 0.748369 9.9991E-05
0.137496 0.862404 9.9991E-05
0.27915 0.72075 9.9991E-05
0.206314 0.793586 9.9991E-05
0.321111 0.678789 9.9991E-05
0.309211 0.673927 0.0168616
9.999E-05 0.9998 9.999E-05
0.180991 0.818909 9.9991E-05
0.213009 0.786891 9.9991E-05
9.999E-05 0.9998 9.999E-05
0.227882 0.736168 0.0359503
9.9991E-05 0.967716 0.0321836
9.9991E-05 0.97305 0.0268503
0.350971 0.648929 9.9991E-05
0.041094 0.89504 0.0638664
0.239031 0.760869 9.9991E-05
0.399568 0.561547 0.0388845
0.286723 0.713177 9.9991E-05
0.15102 0.803986 0.0449941
0.324363 0.675537 9.9991E-05
0.246961 0.752939 9.9991E-05
0.154533 0.845367 9.9991E-05
0.3315 0.612582 0.0559182
9.9991E-05 0.226163 0.773737
0.00686565 0.155591 0.837543
9.9991E-05 0.0725027 0.927397
9.9991E-05 0.0893876 0.910512
0.0309528 0.175322 0.793725
0.0503144 0.868147 0.081539
0.00797756 0.908921 0.0831014
0.0967604 0.90314 9.9991E-05
0.393928 0.605972 9.99947E-05
0.375265 0.58143 0.0433049
0.180265 0.819635 9.9991E-05
0.385719 0.614181 9.9991E-05
0.277085 0.722815 9.9991E-05
0.27953 0.72037 9.9991E-05
0.390197 0.609703 9.9991E-05
0.0887946 0.905167 0.00603877
0.12581 0.873796 0.000394514
0.137982 0.844381 0.0176365
0.323014 0.612167 0.0648183
0.177526 0.812171 0.0103023
0.248611 0.748333 0.00305648
0.692447 0.250379 0.0571738
0.652218 0.177726 0.170056
0.726064 0.182299 0.0916373
0.695742 0.115059 0.189199
0.607876 0.297165 0.0949585
0.310182 0.685265 0.00455282
0.660145 9.9991E-05 0.339755
0.71038 0.128715 0.160905
0.405861 0.402391 0.191748
0.308764 0.594801 0.096435
0.294831 0.57227 0.132899
0.367313 0.550737 0.08195
0.413989 0.486623 0.099388
0.702417 0.102671 0.194912
0.611107 0.269292 0.119602
0.785674 0.110785 0.103541
0.578289 0.310081 0.11163
0.64863 0.146047 0.205322
0.619382 0.260489 0.120129
0.712036 0.111998 0.175966
0.568801 0.331442 0.0997569
0.272812 0.620211 0.106977
0.598617 0.224291 0.177092
0.696536 0.0158714 0.287592
0.58775 0.28621 0.12604
0.108916 0.651082 0.240002
0.389016 0.598252 0.0127313
0.599613 0.258371 0.142016
0.326309 0.556845 0.116845
0.280513 0.556512 0.162975
0.431815 0.383278 0.184908
0.501676 0.279301 0.219023
0.426399 0.506274 0.067327
0.559589 0.269188 0.171223
0.71099 0.187951 0.101059
0.729659 0.0131843 0.257156
0.419632 0.528903 0.0514649
0.203767 0.616575 0.179658
0.0562355 0.715857 0.227908
0.403393 0.490116 0.106491
0.23831 0.631801 0.129889
0.423718 0.40705 0.169232
0.385419 0.474734 0.139848
0.0995696 0.352469 0.547962
0.0449503 0.419174 0.535876
0.254305 0.527825 0.21787
0.19067 0.346591 0.462739
0.211107 0.16831 0.620583
0.332019 0.473449 0.194532
0.364611 0.386719 0.24867
0.22885 0.375715 0.395435
0.18472 0.413458 0.401822
0.403004 0.430963 0.166033
0.216573 0.439075 0.344352
0.0467039 0.373494 0.579802
0.401889 0.453183 0.144928
0.362637 0.396473 0.24089
0.460056 0.274427 0.265517
0.582835 0.300192 0.116973
0.519908 0.3531 0.126991
0.566923 0.27912 0.153957
0.396234 0.232556 0.37121
0.513042 0.307871 0.179087
0.478779 0.29741 0.223811
0.437631 0.297711 0.264658
0.284196 0.504865 0.210939
0.440814 0.388525 0.170661
0.487435 0.429208 0.0833575
0.4712 0.477537 0.0512628
0.504655 0.255498 0.239847
0.502403 0.32793 0.169668
0.344748 0.199273 0.455979
0.435645 0.411637 0.152718
0.41612 0.214526 0.369354
0.0375009 0.0823444 0.880155
9.9991E-05 0.740373 0.259527
9.9991E-05 0.719392 0.280509
9.9991E-05 0.760027 0.239873
9.9991E-05 0.781011 0.218889
9.9991E-05 0.73979 0.26011
9.9991E-05 0.771125 0.228775
9.9991E-05 0.718161 0.281739
9.9991E-05 0.608176 0.391724
0.0594346 0.0210433 0.919522
0.088234 0.0999017 0.811864
0.103607 0.0168312 0.879561
0.0710921 0.0404389 0.888469
0.0914129 0.0072441 0.901343
0.08749 9.9991E-05 0.91241
0.214269 0.0383203 0.747411
0.126699 9.9991E-05 0.873201
0.160991 0.0913961 0.747613
0.121944 9.9991E-05 0.877956
0.0247436 9.9991E-05 0.975156
0.123448 9.9991E-05 0.876452
0.0254756 9.9991E-05 0.974424
0.0912375 9.9991E-05 0.908663
0.130884 9.9991E-05 0.869016
0.101128 9.9991E-05 0.898772
0.157076 9.9991E-05 0.842824
0.179191 9.9991E-05 0.820709
0.209609 9.9991E-05 0.790291
0.191391 0.649651 0.158959
0.3961 0.575542 0.0283584
0.375616 0.549381 0.0750028
0.0256888 0.74399 0.230321
0.275662 0.609653 0.114686
0.00157435 0.731122 0.267304
0.390011 0.563446 0.0465437
0.191857 0.657239 0.150904
0.261658 0.596055 0.142287
0.290309 0.681024 0.0286671
0.240062 0.630173 0.129764
0.429676 0.570224 9.9991E-05
0.295234 0.591501 0.113265
9.9991E-05 0.855987 0.143913
9.9991E-05 0.737254 0.262646
0.0496883 0.713312 0.237
0.36986 0.529685 0.100454
0.280535 0.638885 0.0805801
0.338587 0.630169 0.0312438
0.442744 0.53171 0.0255463
0.414809 0.373221 0.21197
0.492945 0.34605 0.161005
0.217276 0.331384 0.451341
0.392253 0.526191 0.0815561
0.402098 0.399792 0.19811
0.142467 0.282733 0.5748
0.41867 0.284387 0.296943
0.340897 0.2763 0.382802
0.34358 0.336141 0.32028
0.438727 0.437492 0.123781
0.421184 0.426443 0.152373
0.483872 0.452906 0.0632221
0.398942 0.404272 0.196786
0.295397 0.2177 0.486903
