0.901581 9.9991E-05 0.098319
0.937916 9.9991E-05 0.0619837
0.886297 0.00825438 0.105448
0.817652 0.049221 0.133127
0.891281 9.9991E-05 0.108619
0.697931 0.197524 0.104544
0.863242 0.0892844 0.0474733
0.783634 0.166667 0.0496991
0.940143 0.0597568 9.9991E-05
0.796955 0.120665 0.08238
0.793248 0.129668 0.077084
0.157961 0.751697 0.0903425
0.044506 0.616027 0.339467
0.125581 0.721628 0.152791
0.148394 0.60011 0.251496
0.114616 0.538718 0.346666
9.9991E-05 0.622241 0.377659
0.0248246 0.663589 0.311587
0.19757 0.625886 0.176543
0.214701 0.785199 9.9991E-05
0.0309231 0.729227 0.23985
0.0567609 0.645304 0.297935
0.00715232 0.66597 0.326877
0.176588 0.684502 0.13891
0.0304026 0.48762 0.481977
0.0480932 0.631642 0.320265
0.171701 0.745252 0.0830471
0.151712 0.697223 0.151065
0.140819 0.827301 0.0318801
0.839348 9.9991E-05 0.160552
0.840238 9.9991E-05 0.159662
0.79147 9.9991E-05 0.20843
0.752224 9.9991E-05 0.247676
0.0535665 0.661526 0.284908
0.0413775 0.647965 0.310658
9.9991E-05 0.670212 0.329688
0.208477 0.78333 0.0081932
0.00892585 0.844468 0.146607
0.0123637 0.616787 0.37085
9.9991E-05 0.593486 0.406414
0.0813021 0.567691 0.351007
0.0338058 0.577043 0.389152
0.0893015 0.894233 0.0164653
9.9991E-05 0.568494 0.431406
9.9991E-05 0.596735 0.403165
0.0983914 0.495838 0.405771
9.9991E-05 0.839999 0.159901
0.0186102 0.601603 0.379787
0.0574681 0.566194 0.376337
0.131979 0.867921 9.9991E-05
0.113717 0.886183 9.9991E-05
0.125533 0.800161 0.0743062
0.0444656 0.544534 0.411
0.053288 0.521288 0.425424
0.00780585 0.567669 0.424525
0.239995 0.727782 0.0322227
0.0245355 0.689975 0.285489
0.0520965 0.576006 0.371897
0.121008 0.658059 0.220932
0.305184 0.680668 0.014148
0.0506264 0.597669 0.351705
0.0810093 0.633763 0.285227
0.206378 0.793522 9.9991E-05
0.0425834 0.741696 0.215721
9.9991E-05 0.608936 0.390964
0.042578 0.585814 0.371608
0.146938 0.70027 0.152792
0.0585406 0.633793 0.307666
0.000219349 0.635721 0.364059
0.165135 0.777895 0.05697
9.9991E-05 0.723402 0.276498
0.0164553 0.878953 0.104592
0.0604169 0.574623 0.36496
0.012706 0.987194 9.9991E-05
0.00108715 0.998813 9.9991E-05
9.9991E-05 0.894232 0.105668
9.9991E-05 0.736418 0.263482
0.0586135 0.514643 0.426744
9.9991E-05 0.723102 0.276798
0.0773127 0.870877 0.0518099
0.0316649 0.843364 0.124971
0.0193428 0.618744 0.361913
0.00445886 0.800319 0.195222
9.9991E-05 0.766577 0.233323
9.9991E-05 0.761816 0.238084
0.0939489 0.905951 9.9991E-05
9.9991E-05 0.620243 0.379657
0.840246 0.047322 0.112432
0.880864 9.9991E-05 0.119036
0.824811 9.9991E-05 0.175089
0.886382 9.9991E-05 0.113518
0.9171 9.9991E-05 0.0828
0.845408 9.9991E-05 0.154492
0.884997 9.9991E-05 0.114904
0.0231218 0.604589 0.372289
0.0498839 0.537533 0.412583
0.0957636 0.904136 9.9991E-05
9.9991E-05 0.613377 0.386523
9.9991E-05 0.806697 0.193203
9.9991E-05 0.705959 0.293941
9.9991E-05 0.671355 0.328545
9.9991E-05 0.682207 0.317693
0.113948 0.885952 9.9991E-05
0.109374 0.556912 0.333714
9.9991E-05 0.565901 0.433999
0.0630411 0.574324 0.362635
0.0170932 0.833804 0.149103
9.9991E-05 0.712441 0.287459
9.9991E-05 0.765937 0.233963
9.9991E-05 0.796825 0.203075
0.0102988 0.754023 0.235678
0.0338715 0.58201 0.384119
0.103566 0.735179 0.161255
0.107186 0.685149 0.207665
0.0992692 0.541409 0.359322
0.0312872 0.55685 0.411863
0.0689736 0.695292 0.235734
0.0323121 0.616915 0.350773
0.0760707 0.689943 0.233986
0.0453165 0.600579 0.354105
0.0320414 0.567506 0.400453
0.0346941 0.663551 0.301755
0.0370019 0.68037 0.282628
9.9991E-05 0.559122 0.440778
0.0570426 0.531289 0.411668
9.9991E-05 0.631795 0.368105
0.0627877 0.541226 0.395986
0.000270908 0.618083 0.381646
0.125922 0.65313 0.220948
0.0188426 0.574994 0.406164
9.9991E-05 0.573686 0.426214
0.155027 0.791567 0.0534068
0.117441 0.826817 0.0557416
0.0795736 0.628086 0.292341
0.0834816 0.916418 9.9991E-05
0.0997168 0.7783 0.121983
0.00820206 0.78389 0.207908
0.0883281 0.751636 0.160036
0.0551621 0.8248 0.120038
0.0324848 0.62653 0.340986
0.0622805 0.563588 0.374132
0.0255982 0.631153 0.343249
0.107918 0.843048 0.0490337
0.10939 0.564285 0.326326
0.0862546 0.601479 0.312266
0.292202 0.707698 9.9991E-05
0.00299796 0.579361 0.417641
0.125217 0.693239 0.181544
0.0869525 0.559469 0.353579
0.186326 0.731862 0.081812
0.207475 0.792425 9.9991E-05
0.0655327 0.679021 0.255446
0.089147 0.56403 0.346823
0.155175 0.569476 0.275348
0.16646 0.750074 0.083466
0.0452434 0.582259 0.372498
0.0326743 0.870668 0.0966573
9.9991E-05 0.795473 0.204427
0.0566537 0.561686 0.38166
0.430341 0.223976 0.345683
0.707705 0.163186 0.129109
0.737213 0.181099 0.0816877
0.451971 0.24062 0.307409
9.9991E-05 0.673793 0.326107
0.039611 0.59171 0.368679
9.9991E-05 0.113512 0.886388
0.00450307 0.281697 0.7138
0.0597083 0.310991 0.629301
0.0909474 0.778574 0.130478
0.0907333 0.596923 0.312344
0.054619 0.866172 0.0792094
0.0411001 0.637124 0.321776
0.0609563 0.659552 0.279492
9.9991E-05 0.693601 0.306299
0.094152 0.842944 0.062904
0.0105592 0.564164 0.425277
0.0398138 0.615498 0.344688
0.0662767 9.9991E-05 0.933623
0.0744634 9.9991E-05 0.925437
0.0915316 0.201792 0.706676
9.9991E-05 0.143033 0.856867
0.0956101 9.9991E-05 0.90429
0.0686898 9.9991E-05 0.93121
0.0797794 9.9991E-05 0.920121
0.0114417 0.0443176 0.944241
0.102338 9.9991E-05 0.897562
0.0544358 9.9991E-05 0.945464
0.0589862 9.9991E-05 0.940914
0.0740148 0.07406 0.851925
0.111297 0.0203127 0.86839
0.0615691 9.9991E-05 0.938331
0.0868892 0.306955 0.606155
0.0909461 0.0954541 0.8136
0.11656 9.9991E-05 0.88334
0.0810055 9.9991E-05 0.918895
0.0299642 9.9991E-05 0.969936
0.0648244 9.9991E-05 0.935076
0.0708487 9.9991E-05 0.929051
0.0957473 0.110571 0.793682
0.08477 9.9991E-05 0.91513
0.477334 0.503595 0.0190711
0.231675 0.460185 0.308141
0.168816 0.489485 0.3417
0.302572 0.504131 0.193297
0.136127 0.489427 0.374445
0.363475 0.464352 0.172173
0.163584 0.503002 0.333413
0.266565 0.43864 0.294796
0.125863 0.443048 0.431088
0.236844 0.424587 0.33857
0.172363 0.458737 0.368901
0.883399 0.0222563 0.094345
0.881029 9.9991E-05 0.118871
0.944483 9.9991E-05 0.0554173
0.958245 9.9991E-05 0.0416548
0.904508 9.9991E-05 0.0953915
0.944982 9.9991E-05 0.0549179
0.88812 9.9991E-05 0.11178
0.941692 9.9991E-05 0.0582083
0.899455 9.9991E-05 0.100445
0.9235 9.9991E-05 0.0763997
0.721167 0.278733 9.9991E-05
0.729407 0.270493 9.9991E-05
0.65159 0.34831 9.9991E-05
0.593961 0.405939 9.9991E-05
0.0764039 0.671623 0.251973
0.00390837 0.692751 0.303341
9.9991E-05 0.678679 0.321221
0.0471259 0.784646 0.168228
0.128976 0.834197 0.0368265
9.9991E-05 0.617078 0.382822
9.9991E-05 0.662379 0.337521
9.9991E-05 0.709241 0.290659
9.9991E-05 0.783929 0.215971
9.9991E-05 0.595157 0.404743
9.9991E-05 0.76257 0.23733
9.999E-05 0.9998 9.999E-05
0.0180151 0.628563 0.353422
9.9991E-05 0.934124 0.0657762
9.9991E-05 0.704523 0.295377
0.0675101 0.908674 0.0238159
0.353341 0.646559 9.9991E-05
0.317575 0.682325 9.9991E-05
0.301099 0.698801 9.9991E-05
0.328687 0.671213 9.9991E-05
0.269418 0.730482 9.9991E-05
0.289878 0.710022 9.9991E-05
0.861402 9.9991E-05 0.138498
0.815918 0.0216306 0.162452
0.757667 0.0391077 0.203225
0.846952 9.9991E-05 0.152948
0.765088 0.0290523 0.20586
0.549785 0.450115 9.9991E-05
0.607624 0.392276 9.9991E-05
0.582073 0.417827 9.9991E-05
0.832274 0.0157176 0.152008
0.556721 0.443179 9.9991E-05
0.328215 0.189301 0.482484
0.105544 0.3637 0.530756
0.137178 0.220265 0.642557
0.293897 0.245919 0.460184
0.121515 0.461127 0.417357
0.585616 0.102078 0.312306
0.0436704 0.767639 0.188691
0.00707687 0.755984 0.236939
0.116171 0.789854 0.093975
9.9991E-05 0.728471 0.271429
0.102019 0.897881 9.9991E-05
0.071613 0.554861 0.373526
0.0164312 0.647307 0.336262
0.124978 0.759911 0.115111
0.0565474 0.590616 0.352836
0.0834594 0.916441 9.9991E-05
0.00296807 0.681714 0.315318
0.0332434 0.709729 0.257027
0.109992 0.487822 0.402186
0.0528519 0.770325 0.176823
0.013697 0.736312 0.249991
9.9991E-05 0.684878 0.315022
9.9991E-05 0.721601 0.278299
9.9991E-05 0.606353 0.393547
0.0530866 0.557895 0.389019
0.0638399 0.62515 0.31101
0.808471 9.9991E-05 0.191429
0.838497 9.9991E-05 0.161403
0.892131 0.0120105 0.0958585
0.87977 9.9991E-05 0.12013
0.868625 9.9991E-05 0.131275
0.20452 0.775544 0.0199355
0.0472396 0.598373 0.354387
0.192942 0.309188 0.497871
9.9991E-05 0.594714 0.405186
0.0308725 0.670948 0.298179
0.0540297 0.817993 0.127978
0.27141 0.72849 9.9991E-05
0.103287 0.662872 0.233841
0.192803 0.714389 0.0928084
0.0481743 0.686517 0.265309
0.228321 0.769145 0.00253368
0.0784643 0.576212 0.345324
0.192602 0.790226 0.0171728
0.0833718 0.736211 0.180417
0.0590484 0.607816 0.333136
0.0917266 0.839087 0.0691863
0.0402971 0.651384 0.308319
0.0880412 0.581141 0.330818
0.0882543 0.853693 0.058053
0.0492125 0.609842 0.340946
0.0418111 0.726185 0.232004
0.0809555 0.918945 9.9991E-05
0.122862 0.869866 0.00727198
0.0346954 0.770632 0.194672
0.109222 0.890678 9.9991E-05
0.0507483 0.751045 0.198207
0.178836 0.821064 9.9991E-05
0.0362275 0.810358 0.153414
0.10543 0.649466 0.245104
0.0447159 0.607712 0.347572
0.0943466 0.823543 0.0821109
0.0484722 0.594334 0.357193
0.022969 0.61702 0.360011
0.0120777 0.686178 0.301744
0.0288748 0.65248 0.318645
0.0384318 0.719266 0.242303
0.129255 0.759815 0.110931
0.026337 0.742893 0.23077
9.9991E-05 0.666962 0.332938
0.0493872 0.565196 0.385417
0.0834153 0.689191 0.227394
9.9991E-05 0.654029 0.345871
0.0765035 0.7124 0.211097
9.9991E-05 0.655101 0.344799
0.0360258 0.644875 0.319099
0.0397119 0.558996 0.401292
0.28425 0.276425 0.439325
0.110654 0.408836 0.480511
0.14216 0.430621 0.427219
0.0724245 0.469877 0.457698
0.143063 0.35196 0.504977
9.9991E-05 0.745064 0.254836
0.121523 0.434666 0.44381
0.353716 0.470078 0.176206
0.0607355 0.479258 0.460006
0.132525 0.396692 0.470783
0.0703668 0.435855 0.493778
0.216238 0.509363 0.2744
0.146483 0.396994 0.456523
0.109169 0.371901 0.51893
0.679029 0.213682 0.107289
0.0941879 0.390485 0.515327
0.120911 0.352258 0.526831
0.0345097 0.505707 0.459783
0.15022 0.294953 0.554828
0.194191 0.381612 0.424197
0.00344577 0.725185 0.27137
0.0681439 0.588322 0.343534
0.049627 0.950273 9.9991E-05
0.0886367 0.911263 9.9991E-05
0.0241846 0.64933 0.326485
0.172097 0.307537 0.520367
0.163216 0.307938 0.528846
0.245511 0.306697 0.447792
0.148426 0.334471 0.517103
0.207362 0.697142 0.0954964
0.145743 0.732842 0.121415
9.9991E-05 0.59873 0.40117
0.0647418 0.575261 0.359997
0.105054 0.72171 0.173236
0.025915 0.593032 0.381053
9.9991E-05 0.562388 0.437512
0.0541662 0.5704 0.375434
9.9991E-05 0.800815 0.199085
9.9991E-05 0.799856 0.200044
0.0232241 0.662969 0.313807
0.0134903 0.71707 0.26944
0.0685888 0.590137 0.341274
9.9991E-05 0.760665 0.239235
0.034959 0.879095 0.0859458
9.9991E-05 0.618521 0.381379
0.0450472 0.874524 0.0804292
0.0247874 0.752674 0.222539
0.0532199 0.671023 0.275757
0.0210462 0.675736 0.303218
0.167453 0.385063 0.447484
0.139918 0.46736 0.392722
0.231368 0.286374 0.482258
0.22179 0.360377 0.417833
0.144701 0.38302 0.472279
0.140744 0.440944 0.418313
0.320589 0.595076 0.084335
0.0531211 0.40786 0.539019
0.553553 0.353975 0.0924724
0.0332284 0.481291 0.485481
0.0212569 0.958292 0.0204509
0.0401339 0.959766 9.9991E-05
9.9991E-05 0.734198 0.265702
9.9991E-05 0.602377 0.397523
9.9991E-05 0.778483 0.221417
9.9991E-05 0.645836 0.354064
9.9991E-05 0.677947 0.321953
0.901222 0.0102315 0.088547
0.801273 0.0528917 0.145835
0.9268 9.9991E-05 0.0730995
0.91977 9.9991E-05 0.0801298
9.9991E-05 0.653348 0.346552
9.9991E-05 0.708022 0.291878
9.9991E-05 0.703193 0.296707
0.0231369 0.644672 0.332192
0.0327909 0.615849 0.35136
0.0369511 0.817653 0.145396
9.9991E-05 0.657399 0.342501
0.00734914 0.862265 0.130386
0.289796 0.295654 0.41455
9.9991E-05 0.758624 0.241276
9.9991E-05 0.847235 0.152665
9.9991E-05 0.742596 0.257304
9.9991E-05 0.774366 0.225534
9.9991E-05 0.67206 0.32784
0.00942238 0.636715 0.353863
0.0102681 0.989632 9.9991E-05
9.9991E-05 0.82739 0.17251
9.9991E-05 0.767291 0.232609
9.999E-05 0.9998 9.999E-05
0.029519 0.741151 0.22933
0.0324647 0.967435 9.9991E-05
0.0205293 0.979371 9.9991E-05
9.9991E-05 0.668481 0.331419
0.0780452 0.854403 0.0675515
9.9991E-05 0.731837 0.268063
0.052847 0.541938 0.405215
9.9991E-05 0.716398 0.283502
0.0106925 0.792035 0.197273
9.9991E-05 0.640037 0.359863
9.9991E-05 0.735246 0.264654
9.9991E-05 0.856388 0.143512
0.0577112 0.621816 0.320472
0.786668 0.213232 9.9991E-05
0.829102 0.15133 0.0195673
0.931749 0.0681509 9.9991E-05
0.912329 0.0875706 9.9991E-05
0.805422 0.149226 0.0453511
0.107793 0.869785 0.0224216
0.0566264 0.92698 0.0163939
9.9991E-05 0.89419 0.10571
0.0575107 0.5843 0.358189
0.0357328 0.580792 0.383476
9.9991E-05 0.837659 0.162241
9.9991E-05 0.605082 0.394818
9.9991E-05 0.743722 0.256178
9.9991E-05 0.703478 0.296422
9.9991E-05 0.597924 0.401976
0.0195509 0.870506 0.109943
9.9991E-05 0.853539 0.146361
0.0251597 0.838732 0.136109
0.0636725 0.545183 0.391145
9.9991E-05 0.805982 0.193918
0.00628199 0.789554 0.204164
0.0906983 0.259452 0.649849
0.152766 0.168605 0.678629
0.0592176 0.214097 0.726686
0.197626 0.11638 0.685994
0.0913418 0.301208 0.60745
0.0467324 0.653944 0.299323
0.331681 9.9991E-05 0.668219
0.183231 0.128994 0.687775
0.191972 0.423836 0.384192
0.0970858 0.57887 0.324044
0.155757 0.57274 0.271503
0.094928 0.55514 0.349932
0.0704461 0.533923 0.395631
0.187702 0.103185 0.709114
0.142447 0.228107 0.629446
0.0638508 0.168457 0.767692
0.116796 0.31052 0.572684
0.24886 0.115139 0.636
0.129111 0.267526 0.603363
0.156817 0.130816 0.712366
0.0902813 0.319407 0.590312
0.106707 0.598444 0.29485
0.129583 0.23414 0.636278
0.27501 0.0188081 0.706181
0.142405 0.293781 0.563814
0.231705 0.660987 0.107308
0.00428532 0.569903 0.425812
0.150574 0.238731 0.610696
0.104454 0.562828 0.332718
0.152653 0.564266 0.28308
0.210597 0.34876 0.440643
0.216535 0.297085 0.48638
0.0493319 0.520433 0.430235
0.122542 0.272303 0.605155
0.0967674 0.228633 0.674599
0.256506 9.9991E-05 0.743394
0.0326209 0.53205 0.435329
0.170012 0.607496 0.222491
0.232614 0.720496 0.0468893
0.148872 0.472404 0.378723
0.139988 0.628666 0.231346
0.178154 0.376423 0.445424
0.149728 0.48695 0.363321
0.550355 0.341742 0.107903
0.524375 0.418593 0.0570316
0.232068 0.55474 0.213193
0.469203 0.339894 0.190903
0.630745 0.177968 0.191287
0.215557 0.479218 0.305224
0.244209 0.378478 0.377313
0.367233 0.380773 0.251993
0.425812 0.431501 0.142687
0.140398 0.4117 0.447902
0.350865 0.420435 0.2287
0.582082 0.376831 0.0410866
0.087167 0.458516 0.454317
0.253522 0.354884 0.391594
0.277344 0.280319 0.442337
0.108385 0.276317 0.615298
0.0988582 0.345389 0.555753
0.156466 0.270641 0.572892
0.36365 0.207895 0.428455
0.143592 0.331941 0.524466
0.209901 0.269561 0.520539
0.283376 0.291103 0.425521
0.205756 0.485345 0.308899
0.144554 0.421875 0.433571
0.0998467 0.401253 0.498901
0.0785305 0.469213 0.452257
0.243935 0.242097 0.513969
0.177668 0.327441 0.494891
0.472323 0.167969 0.359707
0.172786 0.335977 0.491237
0.373863 0.216254 0.409882
0.875739 0.093222 0.0310392
0.264541 0.735359 9.9991E-05
0.277801 0.722099 9.9991E-05
0.25402 0.74588 9.9991E-05
0.194476 0.805424 9.9991E-05
0.229752 0.770148 9.9991E-05
0.216911 0.782989 9.9991E-05
0.248804 0.751096 9.9991E-05
0.386364 0.613536 9.9991E-05
0.912457 0.0529277 0.0346153
0.821526 0.0931238 0.0853503
0.887454 0.0263963 0.0861498
0.901335 0.0435137 0.0551516
0.920108 0.00714252 0.0727493
0.909047 9.9991E-05 0.0908531
0.741184 0.0751155 0.183701
0.867069 9.9991E-05 0.132831
0.745988 0.0863403 0.167672
0.870003 9.9991E-05 0.129897
0.960868 9.9991E-05 0.0390318
0.872022 9.9991E-05 0.127878
0.95768 9.9991E-05 0.0422196
0.916218 9.9991E-05 0.0836816
0.870679 9.9991E-05 0.129221
0.885251 9.9991E-05 0.114649
0.836004 9.9991E-05 0.163896
0.821671 9.9991E-05 0.178229
0.778665 9.9991E-05 0.221235
0.140867 0.664299 0.194835
0.0264372 0.5995 0.374063
0.0736487 0.514456 0.411895
0.219422 0.759291 0.0212867
0.124658 0.591438 0.283904
0.271545 0.707609 0.0208453
0.0519761 0.517693 0.430331
0.169392 0.644852 0.185756
0.179404 0.583636 0.23696
0.014587 0.710535 0.274879
0.153688 0.627431 0.218881
0.0222417 0.570836 0.406923
0.0842922 0.61316 0.302548
0.138972 0.860928 9.9991E-05
0.244054 0.755846 9.9991E-05
0.239446 0.720729 0.0398251
0.145652 0.509976 0.344373
0.0508818 0.654331 0.294787
0.0504697 0.619063 0.330467
0.0449993 0.53081 0.424191
0.211544 0.355347 0.433109
0.172047 0.34429 0.483663
0.438133 0.321012 0.240855
0.0903395 0.486049 0.423612
0.198413 0.424518 0.377069
0.581248 0.281654 0.137097
0.306642 0.291779 0.401579
0.375659 0.275542 0.348799
0.320567 0.346523 0.33291
0.125902 0.424884 0.449215
0.15653 0.391755 0.451715
0.107362 0.421732 0.470905
0.155936 0.444008 0.400056
0.504008 0.212278 0.283714
