0.0437536 9.9973E-05 0.0742315 9.9973E-05 0.0101273 9.9973E-05 0.840801 0.0307862
9.9955E-05 9.9955E-05 0.0357418 0.0502221 9.9955E-05 9.9955E-05 0.913536 9.9955E-05
0.0389854 9.9973E-05 0.0362089 9.9973E-05 0.0883278 9.9973E-05 0.745213 0.0909648
0.10982 9.9964E-05 0.0904571 9.9964E-05 9.9964E-05 0.0067945 0.792529 9.9964E-05
0.0596847 9.9973E-05 0.00693055 0.0817775 0.0354033 9.9973E-05 0.815904 9.9973E-05
0.0584764 0.321877 9.9964E-05 9.9964E-05 9.9964E-05 0.0534031 0.565843 9.9964E-05
9.9946E-05 0.23783 9.9946E-05 9.9946E-05 9.9946E-05 9.9946E-05 0.761571 9.9946E-05
0.00750623 0.233241 0.0569501 9.9964E-05 9.9964E-05 9.9964E-05 0.701903 9.9964E-05
9.99639E-05 9.99639E-05 0.0701442 9.99639E-05 9.99639E-05 0.0402282 0.77665 0.112577
0.111618 0.23548 9.9964E-05 9.9964E-05 0.000195593 9.9964E-05 0.652307 9.9964E-05
0.0124344 0.282858 0.020009 9.9964E-05 9.9964E-05 9.9964E-05 0.684299 9.9964E-05
0.125665 0.0673332 0.397384 9.9982E-05 0.147115 0.255662 9.9982E-05 0.00664039
9.9964E-05 9.9964E-05 0.273622 9.9964E-05 0.53659 0.0638536 9.9964E-05 0.125534
0.0666698 9.9991E-05 0.375209 0.11382 0.228263 0.0916908 0.0222322 0.102015
0.0973282 9.9973E-05 0.298329 9.9973E-05 0.40077 0.0711589 9.9973E-05 0.132114
0.099828 0.0674982 0.190653 0.0270695 0.384602 0.0890065 0.0968155 0.0445268
0.0276419 0.104364 0.080584 0.0113773 0.626042 0.0287826 9.9991E-05 0.121109
0.0241318 0.0941196 0.208576 9.9982E-05 0.446736 0.161749 9.9982E-05 0.0644873
0.0892603 9.9982E-05 0.321447 9.9982E-05 0.265643 0.152842 0.101101 0.0695059
0.119526 0.102356 0.60824 0.00739555 0.000727923 0.134731 0.0242829 0.0027407
0.032489 0.0369836 0.211336 0.0455255 0.408625 0.171231 9.9991E-05 0.09371
0.0254123 0.102087 0.1214 0.0531769 0.514408 0.0200318 0.0325197 0.130965
0.0566284 0.0320599 0.237635 0.0449491 0.48742 0.116429 0.0247785 9.9991E-05
0.132037 0.186279 0.281476 9.9973E-05 0.190983 0.208925 9.9973E-05 9.9973E-05
0.0161609 0.11754 0.0470186 9.9991E-05 0.648242 0.0103724 0.0869946 0.0735718
0.086731 9.9973E-05 0.240918 9.9973E-05 0.490174 0.0434247 9.9973E-05 0.138452
0.120956 0.0263583 0.449701 0.0191373 0.141177 0.225491 0.0170802 9.9991E-05
0.146584 9.9973E-05 0.365069 9.9973E-05 0.217897 0.159079 9.9973E-05 0.111071
9.9973E-05 9.9973E-05 0.394134 0.00445332 0.214992 0.273132 9.9973E-05 0.112989
0.0335818 9.9955E-05 9.9955E-05 9.9955E-05 0.128049 9.9955E-05 0.83787 9.9955E-05
9.9946E-05 9.9946E-05 9.9946E-05 9.9946E-05 0.16487 9.9946E-05 0.834531 9.9946E-05
0.0257772 9.9973E-05 0.00257253 9.9973E-05 0.156577 0.0183129 0.79646 9.9973E-05
0.0417398 0.00940613 9.9982E-05 9.9982E-05 0.162751 0.0547503 0.712921 0.0182315
9.9973E-05 0.147812 0.0281649 9.9973E-05 0.524145 0.216578 0.0830003 9.9973E-05
0.0400858 0.030447 9.9973E-05 9.9973E-05 0.468517 0.294895 0.165755 9.9973E-05
0.0125589 0.100876 9.99734E-05 9.99734E-05 0.515132 0.327359 0.0437739 9.99734E-05
0.0369453 9.9982E-05 0.52288 9.9982E-05 0.20784 0.100849 0.101307 0.0299791
0.0298029 9.9982E-05 9.9982E-05 0.0621453 0.271712 0.589667 0.00274636 0.0437265
0.0184246 9.9982E-05 0.188623 0.0264872 0.490026 0.216358 0.0598807 9.9982E-05
0.0274669 0.0227832 9.9973E-05 9.9973E-05 0.720209 0.176357 0.0528841 9.9973E-05
9.9973E-05 0.265678 0.0255391 9.9973E-05 0.520799 0.0558146 0.13187 9.9973E-05
9.9973E-05 0.197547 0.079412 9.9973E-05 0.554498 0.0713028 0.0969403 9.9973E-05
9.9955E-05 9.9955E-05 0.138547 9.9955E-05 0.104209 0.756744 9.9955E-05 9.9955E-05
0.0626917 0.29738 9.9982E-05 0.00851221 0.49003 0.0848735 0.0563134 9.9982E-05
0.0227763 0.0375826 0.0374559 0.0041315 0.62019 0.225417 0.0523471 9.9991E-05
9.9973E-05 0.0933466 0.0364793 9.9973E-05 0.550402 0.12372 0.195752 9.9973E-05
9.9973E-05 9.9973E-05 9.9973E-05 0.0382768 0.277046 0.643211 0.016086 0.0250804
9.9973E-05 0.0630283 9.9973E-05 0.0055926 0.646598 0.189175 9.9973E-05 0.0953057
0.0438632 0.0600689 0.040011 0.033045 0.576779 0.115751 0.106288 0.0241944
9.9955E-05 9.9955E-05 9.9955E-05 0.105873 9.9955E-05 0.698614 9.9955E-05 0.195014
9.9982E-05 0.0740418 0.415141 0.0371234 0.149409 0.225404 9.9982E-05 0.0986806
9.9982E-05 0.279508 0.167007 0.107261 0.0250584 0.207648 9.9982E-05 0.213316
0.0356762 0.203429 0.134299 9.9973E-05 0.556837 9.9973E-05 0.0694586 9.9973E-05
0.0547431 0.0583159 0.088296 0.0837265 0.582344 9.9991E-05 0.0832961 0.0491787
0.105396 0.050856 0.1352 9.9982E-05 0.398286 0.233477 9.9982E-05 0.0765858
0.0769183 0.0950446 0.353066 0.0327231 0.105984 0.248918 0.0270627 0.0602828
9.9982E-05 0.0044992 0.216747 0.0366703 0.619441 0.0106843 9.9982E-05 0.111758
0.107019 0.168805 0.0658948 9.9991E-05 0.471312 0.0747502 0.00127355 0.110844
0.00813214 0.137708 0.169017 0.0321066 0.281309 0.235123 0.136504 9.9991E-05
0.0227831 0.055692 0.324284 0.00552248 0.0773663 0.159089 0.140469 0.214794
9.9982E-05 0.0337003 0.106181 9.9982E-05 0.541652 0.183276 0.039609 0.095382
0.0736457 9.9982E-05 0.280933 0.0195712 0.359971 0.0796876 9.9982E-05 0.185991
9.9973E-05 0.200155 0.476005 0.0103067 9.9973E-05 0.219467 9.9973E-05 0.0937664
9.9964E-05 9.9964E-05 0.209273 9.9964E-05 0.568691 0.05776 9.9964E-05 0.163876
9.9982E-05 0.0166801 0.0771813 0.0624989 0.719116 9.9982E-05 0.00183425 0.12249
9.9973E-05 9.9973E-05 0.182298 9.9973E-05 0.587886 0.0748615 0.0618884 0.0927666
0.0243641 9.9982E-05 0.218447 0.0695835 0.288529 0.253825 9.9982E-05 0.145052
0.0335903 0.0752762 0.178762 9.9982E-05 0.51761 0.118221 9.9982E-05 0.0763405
0.0674482 0.0400671 0.237502 9.9991E-05 0.537708 0.0399598 0.0288136 0.0484006
9.9973E-05 9.9973E-05 0.418703 0.0137135 0.284927 0.175467 9.9973E-05 0.10689
9.9964E-05 9.9964E-05 0.0407241 9.9964E-05 0.514027 0.405862 9.9964E-05 0.0389875
0.0159789 9.9964E-05 0.0914212 9.9964E-05 0.22295 0.66925 9.9964E-05 9.9964E-05
9.9982E-05 9.9982E-05 0.0795885 0.0192726 0.497831 0.218114 0.0983182 0.0866751
9.9955E-05 0.0371547 9.9955E-05 9.9955E-05 9.9955E-05 0.856859 9.9955E-05 0.105486
9.9955E-05 9.9955E-05 9.9955E-05 0.0966714 9.9955E-05 0.860565 9.9955E-05 0.0422635
9.9964E-05 9.9964E-05 0.00503926 0.00246325 0.244732 0.747365 9.9964E-05 9.9964E-05
9.9973E-05 0.00444658 0.0759772 9.9973E-05 0.446074 0.447338 9.9973E-05 0.0258646
0.0733047 9.9964E-05 9.9964E-05 9.9964E-05 0.564989 0.191716 0.169591 9.9964E-05
9.9973E-05 0.00210476 9.9973E-05 9.9973E-05 0.437534 0.484564 0.0336464 0.0418511
0.0447926 9.9973E-05 0.131209 9.9973E-05 0.0882718 0.669026 0.0664004 9.9973E-05
9.9964E-05 9.9964E-05 0.192034 9.9964E-05 0.240135 0.529239 0.0381911 9.9964E-05
0.0191299 0.0199175 0.0185757 0.0256288 0.55075 0.295494 0.0704042 9.9991E-05
0.0376475 9.9973E-05 0.0505275 9.9973E-05 0.274612 0.578891 0.058022 9.9973E-05
9.9973E-05 0.00146016 0.0148731 9.9973E-05 0.468964 0.467559 0.0468444 9.9973E-05
0.00160081 0.027749 9.9982E-05 0.0763446 0.327855 0.539528 9.9982E-05 0.0267229
9.9964E-05 0.0245987 9.9964E-05 0.243392 9.9964E-05 0.637515 9.9964E-05 0.0940946
0.0215038 9.9982E-05 0.0482753 9.9982E-05 0.582345 0.272099 0.0523327 0.023244
0.057847 9.9982E-05 0.0128686 9.9982E-05 0.09232 0.0186321 0.800182 0.0179499
9.99461E-05 9.99461E-05 9.99461E-05 9.99461E-05 0.12532 9.99461E-05 0.87408 9.99461E-05
0.0359789 9.9964E-05 9.9964E-05 9.9964E-05 0.119154 9.9964E-05 0.829397 0.015071
9.9955E-05 9.9955E-05 9.9955E-05 9.9955E-05 0.0125444 9.9955E-05 0.830072 0.156883
0.00499083 9.9964E-05 9.9964E-05 9.9964E-05 0.0934054 9.9964E-05 0.855485 0.0457187
9.9964E-05 9.9964E-05 9.9964E-05 0.0134075 0.0582028 9.9964E-05 0.858061 0.0699284
9.9955E-05 9.9955E-05 9.9955E-05 9.9955E-05 0.0583969 9.9955E-05 0.883199 0.0579042
0.092977 0.00235685 0.115092 0.0273955 0.440629 0.242907 0.0251417 0.0535006
0.087934 0.0471573 0.0752769 0.0207225 0.534329 0.145702 0.0414681 0.0474103
9.9973E-05 9.9973E-05 0.0816681 0.010773 0.015959 0.853162 0.0381377 9.9973E-05
0.0213202 0.0905946 0.101694 0.133137 0.498056 0.0537736 0.101325 9.9991E-05
9.9973E-05 0.0679531 0.0795587 9.9973E-05 0.351696 0.452049 0.0484438 9.9973E-05
9.9964E-05 9.9964E-05 9.9964E-05 0.0852306 0.608975 0.241401 0.0639938 9.9964E-05
0.0866755 0.0829561 0.000586467 0.073959 0.490199 0.204473 0.0610507 9.9991E-05
0.125884 9.9964E-05 9.9964E-05 9.9964E-05 0.362741 0.48878 0.0221948 9.9964E-05
9.9955E-05 9.9955E-05 0.215221 9.9955E-05 9.9955E-05 0.742558 0.0417216 9.9955E-05
9.9982E-05 0.0684329 0.133477 0.0689547 0.479509 0.0898043 0.159622 9.9982E-05
0.0266095 0.158115 0.00836462 9.9991E-05 0.655246 0.0644833 0.0597183 0.027363
0.0536785 0.00503768 0.0873199 0.0538318 0.594132 0.127944 0.0779558 9.9991E-05
9.9973E-05 0.0750891 9.9973E-05 0.0462182 0.247405 0.522434 9.9973E-05 0.108553
9.9973E-05 0.00935336 9.9973E-05 0.05147 0.489854 0.414639 0.0343837 9.9973E-05
0.017427 0.0504906 0.0838846 9.9991E-05 0.35884 0.413009 0.0323951 0.0438536
0.113584 0.0572984 9.9973E-05 0.00615265 0.224644 0.598021 9.9973E-05 9.9973E-05
9.9964E-05 9.9964E-05 0.127526 9.9964E-05 0.434115 0.380214 0.0577458 9.9964E-05
0.0424942 0.0572989 0.0161272 0.05307 0.515946 0.144677 0.120419 0.0499678
9.9973E-05 9.9973E-05 0.271332 0.252175 0.232396 0.0186887 9.9973E-05 0.225109
9.9982E-05 0.108589 0.255624 9.9982E-05 0.344876 0.08638 0.0693197 0.135011
9.9973E-05 9.9973E-05 0.194334 0.0554249 0.615787 9.9973E-05 0.0706888 0.0634658
0.0856196 0.0307664 0.060124 9.9982E-05 0.44537 0.208736 0.169184 9.9982E-05
9.9982E-05 9.9982E-05 0.269816 0.0193004 0.52512 0.0314615 0.0675215 0.0865812
0.0776965 9.9964E-05 0.308379 9.9964E-05 0.525868 0.0876564 9.9964E-05 9.9964E-05
9.9973E-05 9.9973E-05 0.347839 0.0644341 0.521559 9.9973E-05 0.0113376 0.0545305
0.020783 0.137449 0.128066 0.0430726 0.48033 0.117229 0.0679063 0.00516343
0.047783 0.0912361 0.0823206 0.0361124 0.573361 0.0485953 0.0834234 0.0371678
0.0689098 0.120978 0.183323 0.0263217 0.467066 0.097331 0.0261302 0.0099406
9.9982E-05 0.0409879 0.286086 0.0539746 0.514553 0.0498926 9.9982E-05 0.0543062
0.0697088 9.9973E-05 0.152348 0.0368219 0.632893 9.9973E-05 9.9973E-05 0.107929
0.0639702 0.0667547 0.0406961 0.076995 0.515468 0.104547 0.0384177 0.0931517
0.0336225 9.9973E-05 0.233885 0.140627 0.532953 0.0586124 9.9973E-05 9.9973E-05
9.9982E-05 0.102049 0.129413 0.0752745 0.586867 9.9982E-05 0.0893082 0.0168882
0.0504977 0.00788144 0.186691 0.075155 0.556959 0.0400995 0.0589352 0.0237818
9.9964E-05 9.9964E-05 0.255743 0.0806155 0.423256 9.9964E-05 9.9964E-05 0.239986
9.9964E-05 9.9964E-05 0.128453 9.9964E-05 0.69381 0.029116 9.9964E-05 0.148221
9.9964E-05 9.9964E-05 0.119637 0.101111 0.655162 9.9964E-05 9.9964E-05 0.123689
0.0678612 9.9982E-05 0.410433 9.9982E-05 0.252438 0.180049 0.0188992 0.0701199
9.9973E-05 9.9973E-05 0.304148 0.170583 0.184498 0.0868258 9.9973E-05 0.253645
9.9982E-05 9.9982E-05 0.198997 0.0268946 0.593734 0.116477 0.0540497 0.00964798
0.0248953 0.0046642 0.342491 0.272161 0.0835158 0.173714 9.9991E-05 0.098459
9.9991E-05 0.00642676 0.423975 0.0786651 0.257471 0.126341 0.0326452 0.0743763
9.9991E-05 0.0209635 0.24183 0.0434497 0.444041 0.183389 0.046236 0.0199905
9.9973E-05 9.9973E-05 0.402452 0.0656521 0.293082 0.191112 0.0474009 9.9973E-05
9.9973E-05 0.0298556 0.438983 9.9973E-05 0.341624 0.171401 0.0178361 9.9973E-05
0.00046986 0.066745 0.159207 0.04882 0.640243 9.9982E-05 0.0843151 9.9982E-05
9.9991E-05 0.0233005 0.0713536 0.043451 0.572347 0.137058 0.151789 0.000601198
0.0330453 9.9982E-05 0.12714 0.116461 0.551799 0.0923115 0.0790436 9.9982E-05
0.000132299 0.0755825 0.350385 0.0929147 0.15221 0.112923 9.9991E-05 0.215753
0.0136932 0.00851205 0.104907 0.0494367 0.483672 0.145287 0.123313 0.0711778
0.106394 0.139785 0.04808 9.9991E-05 0.449622 0.159857 0.0370856 0.0590768
9.9982E-05 0.286422 0.145584 0.163906 9.9982E-05 0.0957967 0.0652685 0.242823
0.095194 0.0931479 9.9991E-05 0.121322 0.555046 0.0743771 0.0552002 0.00561244
9.9982E-05 9.9982E-05 0.125256 0.0404502 0.308911 0.219311 0.0290466 0.276825
0.082999 0.0356315 0.0468314 0.0962501 0.414059 0.114933 0.0990437 0.110253
9.9982E-05 0.245688 0.136155 0.0516648 0.233939 0.110797 9.9982E-05 0.221557
9.9991E-05 0.296202 0.154385 0.133869 0.088574 0.153387 0.0508159 0.122668
9.9991E-05 0.255438 0.124551 0.19871 0.36056 0.00405128 0.0239965 0.0325927
0.0419696 0.138057 0.0674647 0.0621452 0.379092 0.0832803 0.155132 0.0728599
0.0162214 0.153322 0.0399267 0.0031533 0.451268 0.0972183 0.0964495 0.142441
0.120059 0.154953 0.0905465 0.152136 9.9982E-05 0.224541 9.9982E-05 0.257564
9.9982E-05 0.093028 0.120791 0.209174 0.483419 0.0138374 0.0795507 9.9982E-05
9.9982E-05 0.372023 0.0425581 0.0353658 0.311017 0.205042 9.9982E-05 0.033793
0.0179419 0.253565 0.10273 0.104232 0.407975 0.0867298 9.9991E-05 0.0267257
0.135792 0.178522 0.100437 0.01738 0.443252 0.0939632 0.0218025 0.00885211
0.160065 0.173795 9.9982E-05 0.0155212 0.174332 9.9982E-05 0.270794 0.205293
0.0739063 0.0607567 9.9973E-05 0.0182403 9.9973E-05 9.9973E-05 0.347204 0.499593
0.0502591 0.0397278 9.9973E-05 0.109453 9.9973E-05 9.9973E-05 0.276224 0.524036
0.264663 0.101944 9.9973E-05 9.9973E-05 0.0409795 9.9973E-05 0.316642 0.275472
9.9964E-05 0.229842 9.9964E-05 0.063744 0.667232 0.0387825 9.9964E-05 9.9964E-05
0.064708 0.160967 0.0261679 0.0773364 0.505488 0.0482942 0.116939 9.9991E-05
0.674554 9.9964E-05 0.0315559 9.9964E-05 0.287246 0.0062442 9.9964E-05 9.9964E-05
0.493771 9.9982E-05 0.0669446 0.0914088 0.200886 0.121127 0.0256636 9.9982E-05
0.418326 0.09153 9.9991E-05 0.00270868 0.263539 0.123375 0.0952069 0.00521489
0.00273761 0.493441 9.9982E-05 0.18391 0.236828 0.0623599 9.9982E-05 0.0205232
9.9982E-05 0.105177 0.131315 0.0130244 0.506324 0.208866 9.9982E-05 0.035094
9.9982E-05 0.487339 0.00632792 0.284139 0.111669 0.0292237 9.9982E-05 0.0811018
9.9973E-05 0.304264 0.00868849 0.0873164 0.571449 9.9973E-05 9.9973E-05 0.0279824
0.0350123 0.207879 0.0215288 0.178711 0.415163 0.0836993 9.9991E-05 0.0579062
0.0295889 0.325391 0.0195759 0.0533823 0.516447 0.00138175 0.012737 0.0414963
9.9982E-05 0.423166 0.0335388 0.186951 0.121055 0.156873 9.9982E-05 0.0782165
0.0859251 0.149445 9.9973E-05 9.9973E-05 0.576018 0.121632 0.0666801 9.9973E-05
0.0142818 0.174829 0.00445263 0.0843491 0.449764 0.184504 9.9991E-05 0.0877199
0.970231 9.9946E-05 9.9946E-05 0.0291696 9.9946E-05 9.9946E-05 9.9946E-05 9.9946E-05
0.878959 9.9964E-05 0.00771537 0.00332079 0.109605 9.9964E-05 9.9964E-05 9.9964E-05
0.579921 0.000247002 0.0514992 9.9982E-05 0.207413 0.120892 0.0398274 9.9982E-05
0.61612 9.9964E-05 0.0176575 9.9964E-05 0.341955 9.9964E-05 0.0238673 9.9964E-05
0.811925 9.9964E-05 9.9964E-05 9.9964E-05 0.126078 0.0552121 9.9964E-05 0.00638481
0.981265 9.9946E-05 9.9946E-05 9.9946E-05 9.9946E-05 9.9946E-05 9.9946E-05 0.0181356
0.985935 9.9946E-05 9.9946E-05 0.0134652 9.9946E-05 9.9946E-05 9.9946E-05 9.9946E-05
0.837211 9.9955E-05 9.9955E-05 0.0297182 0.132571 9.9955E-05 9.9955E-05 9.9955E-05
0.947561 9.9946E-05 0.0518391 9.9946E-05 9.9946E-05 9.9946E-05 9.9946E-05 9.9946E-05
0.9993 9.994E-05 9.994E-05 9.994E-05 9.994E-05 9.994E-05 9.994E-05 9.994E-05
0.994561 9.9946E-05 9.9946E-05 9.9946E-05 9.9946E-05 9.9946E-05 9.9946E-05 0.00483948
0.778412 0.0749315 0.0221296 9.9964E-05 0.124127 9.9964E-05 9.9964E-05 9.9964E-05
0.748334 9.9955E-05 9.9955E-05 9.9955E-05 0.17093 9.9955E-05 0.0802368 9.9955E-05
0.989186 9.9946E-05 0.0102142 9.9946E-05 9.9946E-05 9.9946E-05 9.9946E-05 9.9946E-05
0.461624 0.0133516 0.112444 9.9991E-05 0.326409 0.0351576 0.024834 0.0260803
0.603436 9.9973E-05 0.0444177 0.0507343 0.22754 9.9973E-05 0.0735723 9.9973E-05
0.789236 0.0982349 0.0028928 9.9973E-05 0.0876073 9.9973E-05 0.0217292 9.9973E-05
0.920376 9.9955E-05 0.0331526 9.9955E-05 0.0459717 9.9955E-05 9.9955E-05 9.9955E-05
0.9993 9.994E-05 9.994E-05 9.994E-05 9.994E-05 9.994E-05 9.994E-05 9.994E-05
0.820718 9.9973E-05 9.9973E-05 9.9973E-05 0.0913608 0.0111084 0.0568246 0.0196878
0.969048 0.0303527 9.9946E-05 9.9946E-05 9.9946E-05 9.9946E-05 9.9946E-05 9.9946E-05
0.673479 9.9982E-05 0.0835759 0.0390493 0.161625 0.00346428 0.0386066 9.9982E-05
0.902669 9.9973E-05 0.0198122 0.0203236 9.9973E-05 0.0554895 0.00140589 9.9973E-05
9.9964E-05 0.477641 9.9964E-05 0.0671424 9.9964E-05 9.9964E-05 0.192588 0.262229
0.000830994 0.239624 0.0308476 0.0175924 0.39888 9.9991E-05 0.142476 0.169649
0.0554607 0.29649 0.00301582 9.9982E-05 0.393241 0.0354435 0.216149 9.9982E-05
0.0598338 0.336562 9.9991E-05 0.0295943 0.170832 0.0177364 0.104222 0.28112
0.191396 0.159277 0.104694 0.0592323 0.322381 0.0017975 0.028394 0.132828
0.0155823 0.256741 9.9991E-05 0.0492386 0.188448 0.00319908 0.204946 0.281745
0.097053 0.16035 0.0435581 0.0824983 0.388221 0.043287 0.184932 9.9991E-05
0.184864 0.311006 9.9982E-05 0.0107335 0.239112 9.9982E-05 0.0370078 0.217077
0.0881546 0.270973 9.9973E-05 9.9973E-05 0.42486 9.9973E-05 0.14153 0.0741832
0.270126 0.380246 9.9973E-05 9.9973E-05 0.134104 9.9973E-05 0.00596438 0.209259
0.0278966 0.142646 0.0703503 9.9982E-05 0.546877 9.9982E-05 0.147342 0.064688
9.9982E-05 0.142805 0.029916 0.0107002 0.00300194 0.00528142 0.808096 9.9982E-05
0.0655749 0.00316624 9.9964E-05 9.9964E-05 9.9964E-05 9.9964E-05 0.824167 0.106692
9.9955E-05 9.9955E-05 9.9955E-05 9.9955E-05 9.9955E-05 0.00111747 0.916296 0.0820868
9.9964E-05 9.9964E-05 0.0194938 9.9964E-05 0.00682919 9.9964E-05 0.925134 0.0481434
9.9964E-05 9.9964E-05 0.0462687 9.9964E-05 0.0159143 9.9964E-05 0.845222 0.0921947
0.0628307 9.9955E-05 9.9955E-05 9.9955E-05 9.9955E-05 9.9955E-05 0.839326 0.0973433
0.083005 9.9973E-05 9.9973E-05 9.9973E-05 0.00767878 0.00948088 0.878354 0.0211815
9.9964E-05 9.9964E-05 9.9964E-05 0.0196207 9.9964E-05 0.0366282 0.87614 0.0672107
9.9964E-05 9.9964E-05 9.9964E-05 9.9964E-05 0.0225213 0.0216693 0.890566 0.0648436
0.0672058 9.9973E-05 9.9973E-05 0.000499956 0.0201381 9.9973E-05 0.809716 0.10214
9.9955E-05 9.9955E-05 0.158825 9.9955E-05 9.9955E-05 0.194677 0.645998 9.9955E-05
9.9964E-05 9.9964E-05 0.263006 9.9964E-05 9.9964E-05 0.069186 0.530008 0.1374
9.9973E-05 9.9973E-05 0.311244 0.000754348 9.9973E-05 0.112284 0.501724 0.073694
9.9973E-05 0.0208225 0.264211 0.0521636 9.9973E-05 0.164266 0.498237 9.9973E-05
0.0136958 9.9973E-05 0.183567 9.9973E-05 0.539471 0.225125 0.0378413 9.9973E-05
9.9973E-05 9.9973E-05 0.109629 0.108938 0.48759 0.230346 0.0631972 9.9973E-05
0.099039 0.107076 0.129036 0.0288904 0.407448 0.222408 0.00600229 9.9991E-05
9.9973E-05 9.9973E-05 0.284586 0.0127342 0.423919 0.156424 9.9973E-05 0.122037
0.00941806 0.11753 0.543072 9.9973E-05 0.126098 0.203582 9.9973E-05 9.9973E-05
0.0658505 9.9982E-05 0.00412145 0.0393063 0.573535 0.268063 0.0489236 9.9982E-05
0.0174573 9.9982E-05 0.0928302 0.0254505 0.572638 0.264603 9.9982E-05 0.0268201
9.9982E-05 0.0238289 0.0535109 0.057575 0.506832 0.255482 9.9982E-05 0.102571
0.0331475 0.0101859 9.9982E-05 0.0197811 0.380947 0.532307 0.023431 9.9982E-05
9.9982E-05 0.0240366 0.0784178 0.0629475 0.605934 0.178008 0.0504566 9.9982E-05
9.9973E-05 0.00638934 0.0981562 0.118113 0.345729 0.431312 9.9973E-05 9.9973E-05
9.9955E-05 9.9955E-05 0.0612769 0.276547 9.9955E-05 0.661676 9.9955E-05 9.9955E-05
9.9991E-05 0.0259071 0.114142 0.012069 0.434049 0.251293 0.149222 0.0132178
9.9973E-05 0.0768053 9.9973E-05 0.0983787 0.217729 0.532304 9.9973E-05 0.0744837
9.9964E-05 0.0185974 9.9964E-05 0.0922497 0.548148 0.340605 9.9964E-05 9.9964E-05
9.9964E-05 9.9964E-05 0.175399 9.9964E-05 0.0786966 0.692373 0.0531322 9.9964E-05
9.9955E-05 0.217638 0.674743 9.9955E-05 9.9955E-05 9.9955E-05 0.107119 9.9955E-05
9.9964E-05 0.320672 0.585914 9.9964E-05 0.0165159 9.9964E-05 0.0764983 9.9964E-05
9.9964E-05 0.206167 0.72323 0.0224457 9.9964E-05 9.9964E-05 0.0477574 9.9964E-05
9.9964E-05 0.236876 0.624932 0.0181747 9.9964E-05 9.9964E-05 0.119618 9.9964E-05
0.0163329 0.213965 0.726869 0.00325276 9.9973E-05 9.9973E-05 0.0392802 9.9973E-05
0.0675844 0.0975952 0.745673 0.0459912 9.9973E-05 9.9973E-05 0.0428564 9.9973E-05
0.0328399 9.9964E-05 9.9964E-05 9.9964E-05 0.120867 9.9964E-05 0.81917 0.0267226
9.9964E-05 9.9964E-05 0.0367644 9.9964E-05 0.114169 9.9964E-05 0.803598 0.0450694
0.0714634 9.9973E-05 9.9973E-05 0.00735668 0.146122 9.9973E-05 0.749648 0.0251099
0.0853606 9.9973E-05 0.0671535 9.9973E-05 0.0696119 9.9973E-05 0.706501 0.0710726
0.0224033 9.9973E-05 0.0183138 9.9973E-05 0.0978863 9.9973E-05 0.789955 0.071142
9.9955E-05 0.116484 0.491642 9.9955E-05 9.9955E-05 9.9955E-05 0.391375 9.9955E-05
9.9964E-05 0.119973 0.351668 0.0644769 9.9964E-05 9.9964E-05 0.463482 9.9964E-05
9.9964E-05 9.9964E-05 0.411021 0.125873 9.9964E-05 0.0152525 0.447454 9.9964E-05
0.0268415 9.9964E-05 0.0311392 9.9964E-05 0.127325 9.9964E-05 0.814294 9.9964E-05
9.9964E-05 9.9964E-05 0.466359 0.0747446 9.9964E-05 0.0339393 0.424557 9.9964E-05
0.292948 9.9982E-05 0.0379984 0.0166063 0.271228 9.9982E-05 0.0886506 0.292369
0.149991 0.180721 9.9964E-05 9.9964E-05 0.514354 9.9964E-05 0.154534 9.9964E-05
0.255005 0.0221375 9.9964E-05 9.9964E-05 0.52097 9.9964E-05 0.201487 9.9964E-05
0.214933 0.0723082 0.0430386 9.9991E-05 0.289575 0.0661706 0.168061 0.145813
0.071373 0.0197146 0.0134413 0.0158551 0.616438 0.0438998 0.150318 0.0689598
0.21926 0.0426611 9.9973E-05 9.9973E-05 0.0169966 9.9973E-05 0.244712 0.47607
9.9973E-05 0.121447 0.276948 0.163932 0.39988 0.037493 9.9973E-05 9.9973E-05
9.9973E-05 9.9973E-05 0.243377 0.155493 0.381994 0.0573544 9.9973E-05 0.161482
9.9991E-05 0.0128354 0.500559 0.0141839 0.297444 0.0651706 0.0879078 0.021799
9.9982E-05 9.9982E-05 0.120747 0.20394 0.496735 0.0934312 0.0106115 0.074335
9.9964E-05 9.9964E-05 0.124191 0.416931 9.9964E-05 0.228604 9.9964E-05 0.229875
9.9991E-05 0.0266303 0.142781 0.0861572 0.577479 0.0305527 0.0161088 0.120192
9.9973E-05 0.0356972 0.190846 0.157994 0.494862 9.9973E-05 9.9973E-05 0.120301
9.9973E-05 0.0372431 0.398097 9.9973E-05 0.392438 0.1593 0.0126229 9.9973E-05
9.9982E-05 9.9982E-05 0.163029 0.11321 0.616359 0.00944078 0.0746294 0.0231319
9.9982E-05 0.00645164 0.298651 0.157702 0.136017 0.170952 9.9982E-05 0.230026
0.00397532 0.13939 0.0628812 0.114209 0.416786 0.145402 9.9991E-05 0.117257
9.9973E-05 9.9973E-05 0.164419 0.0769593 0.559999 0.149933 0.0483898 9.9973E-05
0.166305 0.0834233 0.148624 9.9991E-05 0.363852 0.0605538 0.0353102 0.141832
9.9982E-05 0.0229125 0.250397 0.164082 0.372032 0.101314 9.9982E-05 0.0890623
9.9964E-05 9.9964E-05 0.383248 9.9964E-05 0.431459 0.100387 9.9964E-05 0.0845064
0.0953336 0.0733438 0.0530736 0.107038 0.469315 0.201697 9.9982E-05 9.9982E-05
9.9982E-05 0.0805518 0.152429 0.0300946 0.499498 0.168303 9.9982E-05 0.0689233
0.0443939 0.0430501 0.184431 0.0642018 0.544445 0.0578959 0.0614817 9.9991E-05
0.0978376 0.0261938 0.0883183 0.0239822 0.522438 0.0852802 0.0397755 0.116174
9.9973E-05 9.9973E-05 0.272072 9.9973E-05 0.47705 0.0799561 0.0555213 0.115101
0.145389 9.9964E-05 9.9964E-05 0.0211654 0.0727785 9.9964E-05 0.760268 9.9964E-05
0.0618117 0.0129875 9.9973E-05 0.0924162 0.00609293 9.9973E-05 0.826392 9.9973E-05
0.0246414 0.0692542 0.0258383 0.0495103 0.00599652 0.035846 0.788813 9.9991E-05
0.0727777 9.9973E-05 0.0105851 0.0505584 9.9973E-05 0.059969 0.80581 9.9973E-05
0.0643545 0.0262708 9.9973E-05 0.0118995 0.0781724 9.9973E-05 0.819003 9.9973E-05
9.9964E-05 9.9964E-05 0.532114 9.9964E-05 0.288755 0.0606042 9.9964E-05 0.118126
9.9991E-05 0.0439359 0.107108 0.189809 0.48638 0.0475326 0.0690039 0.0561306
0.11315 9.9991E-05 0.0018068 0.0516788 0.505868 0.0260304 0.199123 0.102243
0.00314243 9.9982E-05 0.113655 0.0294043 0.740459 0.0025224 9.9982E-05 0.110617
9.9982E-05 9.9982E-05 0.223063 0.0522655 0.512689 0.111766 0.0270374 0.0729794
9.9973E-05 0.0196065 0.31154 0.191373 0.302464 9.9973E-05 9.9973E-05 0.174717
9.9973E-05 9.9973E-05 0.616207 9.9973E-05 0.0191467 0.119256 0.0573984 0.187692
0.00369274 0.0524845 0.281416 0.00399702 0.530691 0.0690147 0.0170862 0.0416181
0.100462 0.0588216 0.489601 0.112391 0.0741246 0.0935334 0.0709666 9.9991E-05
0.123628 0.083637 0.166686 0.0999466 0.268607 0.160429 0.0196505 0.0774168
0.0175631 9.9991E-05 0.523634 0.0672407 0.149248 0.0724182 0.092054 0.0777418
0.0259521 0.011166 0.205442 9.9982E-05 0.615007 0.0716203 0.0706127 9.9982E-05
9.9982E-05 9.9982E-05 0.425818 0.0840581 0.205913 0.149648 0.108969 0.0253935
0.0486 0.0107393 0.242437 0.100863 0.363393 0.137034 9.9991E-05 0.0968344
0.0497889 0.266387 0.0318054 0.0506577 0.460064 0.114493 0.0267034 9.9991E-05
9.9973E-05 0.508948 0.0761573 0.11555 0.199319 9.9973E-05 9.9973E-05 0.0997258
0.0369475 0.406553 0.0242004 0.0310084 0.409151 0.0667691 0.0217665 0.00360476
0.0563847 0.246036 9.9991E-05 0.049956 0.436456 0.0578895 0.04459 0.108588
9.9964E-05 0.5648 0.0413687 0.133401 0.26003 9.9964E-05 9.9964E-05 9.9964E-05
0.0572875 0.179674 0.156484 0.120307 0.470432 9.9982E-05 0.0156146 9.9982E-05
9.9982E-05 0.252052 9.9982E-05 0.0844368 0.511297 0.0421265 0.0136543 0.0962332
9.9982E-05 0.625997 0.0225807 0.182952 0.00818761 0.146137 9.9982E-05 0.0139455
9.9973E-05 0.535592 9.9973E-05 0.0975772 0.139961 0.0975182 9.9973E-05 0.129051
9.9973E-05 0.445077 0.0235173 0.0709146 0.442025 9.9973E-05 9.9973E-05 0.0181657
9.9973E-05 0.587113 0.113888 0.187198 9.9973E-05 0.103871 9.9973E-05 0.00763006
9.9973E-05 0.346608 0.119435 9.9973E-05 0.384478 0.0513771 9.9973E-05 0.0978025
9.9973E-05 9.9973E-05 0.556527 0.0396264 0.175843 0.126959 9.9973E-05 0.100744
0.00377177 9.9982E-05 0.307459 0.309335 0.274705 0.0610446 9.9982E-05 0.043485
0.103808 9.9991E-05 0.369611 0.0853864 0.321983 0.0867386 0.0280958 0.00427788
0.0957048 0.00563617 0.179619 9.9982E-05 0.615742 0.0526988 9.9982E-05 0.0503996
0.0377477 0.0203688 0.493583 9.9973E-05 0.206428 0.241573 9.9973E-05 9.9973E-05
0.0445 0.000170589 0.126701 0.160428 0.478194 9.9991E-05 0.0765545 0.113351
0.0767094 0.0091299 0.271268 9.9973E-05 0.588887 9.9973E-05 9.9973E-05 0.0537053
0.049124 0.0504302 0.269573 9.9982E-05 0.482032 0.0934602 9.9982E-05 0.05518
0.111967 9.9982E-05 0.240688 0.0513498 0.446475 0.115646 0.0336741 9.9982E-05
0.138122 9.9973E-05 0.320308 9.9973E-05 0.245311 0.2619 0.0340591 9.9973E-05
0.0988429 9.9964E-05 0.476222 9.9964E-05 0.24564 0.178896 9.9964E-05 9.9964E-05
0.124398 0.00816126 0.479405 0.0449326 0.314779 0.0125029 9.9991E-05 0.0157213
0.0456498 9.9982E-05 0.204857 0.0859198 0.563279 0.0705191 9.9982E-05 0.0295754
0.03315 0.09383 0.182928 0.042204 0.557963 9.9982E-05 9.9982E-05 0.0897249
9.9973E-05 9.9973E-05 0.200311 0.121014 0.44591 0.0962767 9.9973E-05 0.136189
0.03256 9.9982E-05 0.19865 0.122648 0.559538 0.010361 9.9982E-05 0.0760427
0.0234004 0.0475427 0.435325 0.0170504 0.399832 9.9991E-05 0.0115427 0.0652067
0.000382375 9.9982E-05 0.164503 0.0126093 0.679243 0.0581072 9.9982E-05 0.0849546
0.138665 9.9991E-05 0.217742 0.143174 0.375706 0.0719307 0.0495736 0.00310868
0.10954 0.119137 0.132382 0.0775492 0.489399 9.9982E-05 0.0717929 9.9982E-05
0.0551684 0.0842392 9.9982E-05 9.9982E-05 0.468509 0.0237834 0.27339 0.09471
0.134256 9.9991E-05 0.0320187 0.0340635 0.512215 0.0459311 0.0819285 0.159487
0.099228 0.119702 0.11879 0.0848229 0.486665 9.9991E-05 0.0669777 0.0237143
0.0935861 0.139748 0.00220125 0.0121603 0.52911 0.110262 0.0589767 0.0539548
0.167771 9.9991E-05 0.0152705 0.0579249 0.453777 0.0562901 0.159731 0.0891365
9.9982E-05 0.0672164 0.152793 0.187837 0.536026 0.0375662 9.9982E-05 0.0183616
0.0770381 9.9991E-05 0.118372 0.0173438 0.448797 0.0489552 0.186704 0.10269
0.103055 0.20666 9.9973E-05 9.9973E-05 9.9973E-05 0.182368 0.127983 0.379634
0.154221 0.189816 0.18287 9.9991E-05 0.371526 0.00141413 0.060896 0.0391573
0.123252 9.9982E-05 0.088681 0.115241 0.522293 9.9982E-05 0.0349402 0.115393
0.182205 0.038261 0.0780205 0.100475 0.479661 0.0526635 0.0608409 0.00787402
0.0422789 9.9991E-05 0.0710401 0.0538573 0.311965 0.0996953 0.151807 0.269257
0.0945773 0.032103 0.0123403 0.00632867 0.610258 9.9991E-05 0.145783 0.0985102
0.198367 9.9982E-05 9.9982E-05 0.0482244 0.468132 0.0464395 0.16426 0.0743768
0.0847452 9.9973E-05 9.9973E-05 0.0317865 9.9973E-05 0.0248218 0.294774 0.563573
0.137444 9.9973E-05 9.9973E-05 0.0171482 0.601676 9.9973E-05 0.187411 0.0560204
0.196151 0.0137408 0.0178009 9.9982E-05 0.554131 9.9982E-05 0.0532671 0.164709
0.189543 0.135685 9.9991E-05 0.036449 0.456775 0.094735 0.0114839 0.0752298
0.149204 9.9964E-05 9.9964E-05 9.9964E-05 0.560876 9.9964E-05 0.0582466 0.231273
0.135979 0.0883566 0.0139215 0.0455557 0.45566 0.0262759 0.179704 0.0545476
0.0557238 9.9982E-05 0.066773 0.388735 0.461296 0.00989277 0.0173798 9.9982E-05
9.9982E-05 0.0272131 0.0201655 0.228993 0.480087 9.9982E-05 0.133054 0.110287
0.0138062 9.9973E-05 0.0628737 0.78782 0.00251399 0.132686 9.9973E-05 9.9973E-05
9.99459E-05 9.99459E-05 0.0440567 0.955344 9.99459E-05 9.99459E-05 9.99459E-05 9.99459E-05
0.112169 0.040466 0.0253271 0.397525 0.354829 0.0492981 0.0202854 9.9991E-05
0.228072 9.9982E-05 9.9982E-05 0.0695944 0.46607 0.0349485 0.0529218 0.148193
0.324572 9.9973E-05 9.9973E-05 0.210618 0.28267 9.9973E-05 0.0283746 0.153465
0.250864 0.0460033 9.9991E-05 0.172398 0.17527 0.00337197 0.128551 0.223442
0.170597 9.9973E-05 9.9973E-05 0.14526 0.399211 9.9973E-05 0.153083 0.131549
9.9964E-05 9.9964E-05 9.9964E-05 0.554041 0.131933 9.9964E-05 0.020878 0.292748
9.9964E-05 9.9964E-05 9.9964E-05 0.51235 0.243519 9.9964E-05 0.0436957 0.200036
0.154057 9.9973E-05 9.9973E-05 0.377802 0.444096 9.9973E-05 0.00824127 0.0155042
0.0437772 9.9973E-05 9.9973E-05 0.403255 0.476805 0.00243531 0.073428 9.9973E-05
0.0939366 9.9973E-05 9.9973E-05 0.638551 0.162284 9.9973E-05 0.0459134 0.0590155
0.0755118 9.9973E-05 0.136151 0.250205 0.457364 9.9973E-05 0.080469 9.9973E-05
0.0644084 9.9982E-05 0.00287859 0.321756 0.54061 9.9982E-05 0.0639748 0.00617217
0.111371 0.0663872 0.0128261 0.2279 0.432148 9.9991E-05 0.0502905 0.0989769
9.9973E-05 0.0179602 0.0253188 0.583665 0.334434 9.9973E-05 0.0383218 9.9973E-05
0.0311445 0.0572301 0.0493844 0.446931 0.313291 0.0760468 0.0258721 9.9991E-05
0.0556814 0.117828 0.0970087 0.16049 0.480992 0.0680482 0.019852 9.9991E-05
0.0537436 0.0223765 0.102757 0.306651 0.433516 9.9982E-05 0.0807564 9.9982E-05
0.0566108 0.0179192 0.0980697 0.228286 0.464977 9.9991E-05 0.070255 0.0637822
0.0281255 0.150362 9.9982E-05 0.374523 0.373191 0.0706551 0.00294285 9.9982E-05
9.9964E-05 0.0754806 0.0198574 0.727454 0.176808 9.9964E-05 9.9964E-05 9.9964E-05
0.00942222 9.9964E-05 9.9964E-05 0.341264 0.605031 9.9964E-05 0.0438833 9.9964E-05
9.9982E-05 0.0105594 0.0400573 0.68665 0.22 0.0382639 0.00426909 9.9982E-05
9.9955E-05 0.0094424 9.9955E-05 0.544042 0.446016 9.9955E-05 9.9955E-05 9.9955E-05
9.9991E-05 0.0070974 0.0194182 0.217166 0.598766 0.0214099 0.120904 0.0151388
9.9973E-05 9.9973E-05 0.0103479 0.2475 0.589214 0.0982241 0.0544144 9.9973E-05
0.198466 0.126306 0.0413683 0.0877694 0.394064 9.9991E-05 0.0524195 0.0995065
0.120725 0.0795515 0.0588587 0.101462 0.435258 0.0457501 0.072604 0.0857896
0.302298 0.087972 0.0169752 0.0959961 0.274318 0.0265 0.0947264 0.101214
0.168174 0.159589 0.0523141 0.058033 0.300633 0.063542 0.110801 0.0869134
0.0775871 0.0302527 0.0963802 0.0274152 0.453346 0.0949415 0.171419 0.048659
0.0390699 9.9973E-05 0.0376138 0.252357 0.480432 9.9973E-05 0.190227 9.9973E-05
0.0902176 9.9964E-05 9.9964E-05 0.621 9.9964E-05 9.9964E-05 0.130385 0.157997
0.245873 0.0452122 9.9991E-05 0.0805496 0.509301 0.0152463 0.0492529 0.0544649
0.0634303 9.9964E-05 9.9964E-05 0.42479 9.9964E-05 9.9964E-05 0.250045 0.261335
0.210904 9.9964E-05 9.9964E-05 0.266528 0.476765 9.9964E-05 9.9964E-05 0.0454038
9.9955E-05 9.9955E-05 9.9955E-05 0.818967 0.0440668 0.136467 9.9955E-05 9.9955E-05
9.9946E-05 9.9946E-05 9.9946E-05 0.879197 9.9946E-05 0.120203 9.9946E-05 9.9946E-05
9.9973E-05 0.00443015 0.00614121 0.469531 0.425984 0.0936129 9.9973E-05 9.9973E-05
9.9964E-05 9.9964E-05 9.9964E-05 0.277986 0.623959 0.0184066 0.079248 9.9964E-05
9.9973E-05 0.071525 0.0333459 0.545505 0.334974 0.0143495 9.9973E-05 9.9973E-05
9.9964E-05 9.9964E-05 9.9964E-05 0.453083 0.367205 0.157658 0.0216538 9.9964E-05
9.9955E-05 9.9955E-05 9.9955E-05 0.464271 0.521224 0.0140047 9.9955E-05 9.9955E-05
0.0494485 0.0210013 0.00609752 0.0495617 0.0635389 0.00145209 0.805026 0.00387364
0.0964491 0.0555327 0.148094 0.00144997 9.9982E-05 9.9982E-05 0.687997 0.0102777
0.077869 9.9955E-05 0.0633027 9.9955E-05 9.9955E-05 9.9955E-05 0.858328 9.9955E-05
9.9964E-05 9.9964E-05 9.9964E-05 0.00153504 0.0781855 9.9964E-05 0.898154 0.0217258
9.9982E-05 0.0387901 9.9982E-05 0.0993419 0.481428 0.313611 0.0643465 0.00228334
0.067721 9.9982E-05 0.0629123 9.9982E-05 0.387835 0.365208 0.0465767 0.0695463
9.9973E-05 9.9973E-05 0.00198785 0.0336047 0.474966 0.473809 0.0153329 9.9973E-05
0.0195755 0.0590664 9.9982E-05 9.9982E-05 0.534786 0.296997 0.0675974 0.0217775
0.0597959 0.153076 0.0178475 0.0689859 0.491611 0.110087 0.0775345 0.0210622
9.9973E-05 0.082188 0.0839958 0.0277848 0.240866 0.564866 9.9973E-05 9.9973E-05
0.0146275 9.9955E-05 9.9955E-05 9.9955E-05 0.631881 0.352992 9.9955E-05 9.9955E-05
9.9973E-05 0.149067 9.9973E-05 0.0456559 0.215771 0.542398 0.0468084 9.9973E-05
0.115986 0.0727324 0.0244872 0.0706634 0.476713 0.00696661 0.232352 9.9991E-05
0.109256 0.040969 0.0296925 0.100826 0.314128 0.404928 9.9982E-05 9.9982E-05
9.9973E-05 0.0322063 0.0804432 9.9973E-05 0.338621 0.547795 9.9973E-05 0.000634719
9.9955E-05 9.9955E-05 9.9955E-05 0.0583995 0.492818 0.448283 9.9955E-05 9.9955E-05
9.9982E-05 0.00239066 0.0701617 0.0270475 0.41222 0.444379 0.0436011 9.9982E-05
0.0252166 0.0274255 9.9982E-05 0.048785 0.570973 0.29296 9.9982E-05 0.0344403
0.00663728 0.0187583 9.9982E-05 0.0252235 0.526435 0.333225 0.0895209 9.9982E-05
9.9955E-05 9.9955E-05 9.9955E-05 0.0689243 0.0550756 0.8755 9.9955E-05 9.9955E-05
9.9982E-05 0.0289787 0.0588505 0.0400967 0.247697 0.566003 9.9982E-05 0.0581737
9.9973E-05 9.9973E-05 0.07206 0.0806387 0.290796 0.502276 9.9973E-05 0.0539297
9.9955E-05 9.9955E-05 9.9955E-05 0.142266 9.9955E-05 0.780424 9.9955E-05 0.0768098
9.9991E-05 0.015478 0.0571443 0.0685596 0.333949 0.450095 0.0271138 0.04756
0.0120784 0.157427 9.9982E-05 0.150931 0.0149205 0.570688 9.9982E-05 0.0937552
9.9955E-05 9.9955E-05 9.9955E-05 0.179542 9.9955E-05 0.657852 9.9955E-05 0.162106
0.026661 9.9991E-05 0.00552328 0.129908 0.501893 0.312677 0.000474423 0.0227638
0.081378 0.0740339 0.0566188 0.0107887 0.0655539 0.711427 9.9982E-05 9.9982E-05
0.014142 0.0294573 0.0657906 9.9982E-05 0.393204 0.427731 9.9982E-05 0.0694747
0.05242 0.129464 9.9991E-05 0.0207638 0.626469 0.0614204 0.089607 0.0197562
9.9973E-05 9.9973E-05 0.060126 9.9973E-05 0.529764 0.39092 0.0107864 0.00810389
0.0266447 9.9982E-05 0.231902 0.0948239 0.384526 0.123487 9.9982E-05 0.138417
0.0233095 0.0420038 9.9982E-05 0.118923 0.486715 0.279936 0.0489127 9.9982E-05
9.9973E-05 0.0201204 0.0887076 9.9973E-05 0.417947 0.400188 0.0727377 9.9973E-05
9.9964E-05 0.0487721 9.9964E-05 0.00176112 0.283653 0.665414 9.9964E-05 9.9964E-05
0.00457148 9.9991E-05 0.00397196 0.121536 0.600227 0.165397 0.0954819 0.00871475
9.9982E-05 0.0364485 0.241779 0.0331055 9.9982E-05 0.0596477 0.628602 0.000216622
0.00930861 0.016503 0.0847689 9.9982E-05 0.0238561 0.14365 0.721713 9.9982E-05
9.9973E-05 0.0271526 0.120907 9.9973E-05 9.9973E-05 0.015623 0.816569 0.0194483
9.9964E-05 9.9964E-05 0.0879497 9.9964E-05 9.9964E-05 0.0726646 0.802985 0.0360006
9.9964E-05 0.141227 0.126711 9.9964E-05 0.000745609 9.9964E-05 0.730916 9.9964E-05
0.0221557 9.9973E-05 0.147573 9.9973E-05 0.121367 0.68726 0.0213444 9.9973E-05
9.9982E-05 0.0703819 0.103393 0.0253637 0.0453685 0.704662 0.0506311 9.9982E-05
0.0305544 0.0550988 9.9973E-05 0.0554996 0.0671344 0.791413 9.9973E-05 9.9973E-05
0.144129 0.100614 0.0434009 0.0485091 0.350273 0.249566 0.0592295 0.00427892
0.129541 0.0171294 0.06673 0.03034 0.469169 0.21624 0.0682597 0.00259127
0.00749845 0.119215 9.9982E-05 9.9982E-05 0.2541 0.548733 0.0320973 0.0381564
0.0266601 0.112878 0.0288389 0.00904745 0.545718 0.25817 0.0185877 9.9991E-05
0.0418514 0.06373 9.9991E-05 0.0296648 0.356034 0.443498 0.0508315 0.01429
9.9982E-05 0.0562173 0.0266974 0.0764692 0.458508 0.346811 0.0350965 9.9982E-05
0.0521968 9.9991E-05 0.0819892 0.0199493 0.580514 0.201627 0.0254595 0.038164
0.0257082 0.0500612 0.101276 0.0079607 0.181038 0.601583 0.0322732 9.9991E-05
9.9964E-05 9.9964E-05 0.0897518 9.9964E-05 0.265943 0.639419 0.00448627 9.9964E-05
9.9964E-05 0.0406085 0.110828 9.9964E-05 0.357728 0.490436 9.9964E-05 9.9964E-05
9.9964E-05 0.306994 0.00380813 9.9964E-05 0.538405 9.9964E-05 0.150393 9.9964E-05
9.9973E-05 0.0425405 0.0397931 9.9973E-05 0.338652 0.569236 0.00947843 9.9973E-05
0.0545245 0.0977166 0.013387 0.0166206 0.404862 0.361851 0.0509388 9.9991E-05
0.42304 0.104898 0.0482893 0.0193955 0.335947 0.00525787 0.063073 9.9991E-05
0.482513 0.0952752 9.9991E-05 0.0223841 0.261251 0.00456273 0.111434 0.0224793
0.426349 0.0345782 9.9973E-05 9.9973E-05 0.391074 9.9973E-05 0.037571 0.110128
0.351509 9.9964E-05 9.9964E-05 9.9964E-05 0.370578 9.9964E-05 0.0976594 0.179855
0.280267 0.101316 0.00347798 0.0586861 0.422106 9.9982E-05 0.133947 9.9982E-05
0.0116129 0.182437 9.9982E-05 9.9982E-05 0.465531 0.286995 0.0132872 0.0399369
0.61505 9.9964E-05 9.9964E-05 9.9964E-05 0.0464125 9.9964E-05 0.169314 0.168824
0.42801 0.0493198 9.9973E-05 9.9973E-05 0.323699 9.9973E-05 0.115505 0.0831658
0.190497 0.284978 9.99803E-05 9.99803E-05 0.389848 9.99803E-05 0.0845674 0.04981
9.9973E-05 0.345516 9.9973E-05 0.0109818 0.511077 9.9973E-05 0.119725 0.0124011
0.0490819 0.506527 9.9973E-05 9.9973E-05 0.313688 0.0444231 0.0859799 9.9973E-05
0.0253989 0.24822 0.0772932 9.9973E-05 0.509089 9.9973E-05 0.139699 9.9973E-05
0.0397557 0.252168 0.0411589 0.0516636 0.495631 0.0110327 0.10849 9.9991E-05
0.458751 0.0623479 9.9964E-05 9.9964E-05 0.329778 9.9964E-05 0.148723 9.9964E-05
0.330473 0.0259882 0.0929586 9.9982E-05 0.39012 0.0214187 0.138842 9.9982E-05
0.457131 9.9973E-05 9.9973E-05 0.0116774 0.412096 9.9973E-05 0.0329788 0.0858168
0.324448 0.0093662 0.143541 9.9991E-05 0.392362 0.022107 0.075871 0.0322044
0.446299 9.9964E-05 9.9964E-05 9.9964E-05 0.294115 9.9964E-05 0.0932496 0.165937
0.304589 9.9973E-05 9.9973E-05 9.9973E-05 0.430567 0.0710107 0.18951 0.00402234
0.574572 9.9973E-05 0.0369855 9.9973E-05 0.187907 9.9973E-05 0.032939 0.167296
0.324991 9.9982E-05 0.0448993 9.9982E-05 0.448537 0.0741903 0.00405287 0.103129
9.9973E-05 0.477141 9.9973E-05 9.9973E-05 0.42135 0.0279778 0.0203112 0.0529201
0.320247 0.0819644 0.0652723 0.0105407 0.349235 0.0119943 0.160646 9.9991E-05
0.67012 9.9973E-05 9.9973E-05 9.9973E-05 0.11162 0.0168018 0.0923625 0.108796
0.336424 0.0241889 0.0227929 0.0305986 0.432947 0.0336261 0.119323 9.9991E-05
9.9973E-05 0.551102 0.144016 9.9973E-05 0.0985667 0.0471861 0.158829 9.9973E-05
0.12236 0.453115 0.00714947 9.9973E-05 0.401727 9.9973E-05 0.0153479 9.9973E-05
0.291186 9.9973E-05 0.0892344 9.9973E-05 0.373589 9.9973E-05 0.133797 0.111894
9.9964E-05 0.298266 0.0574044 9.9964E-05 0.546383 9.9964E-05 0.0975467 9.9964E-05
0.0756349 0.50723 9.9973E-05 9.9973E-05 0.303761 0.0307584 0.082315 9.9973E-05
0.180292 0.0858919 9.9991E-05 0.0328171 0.37843 0.0741713 0.240833 0.00746472
0.206907 9.9973E-05 9.9973E-05 0.0760959 0.375864 9.9973E-05 0.170785 0.170048
0.175936 0.20292 9.9991E-05 0.0201385 0.417252 0.101633 0.0816736 0.000346524
0.442516 0.0870861 9.9982E-05 9.9982E-05 0.332802 0.0218965 0.107138 0.0083605
0.464447 0.092921 9.9982E-05 0.029034 0.289099 9.9982E-05 0.0607167 0.0635826
0.548161 9.9964E-05 9.9964E-05 9.9964E-05 0.154794 9.9964E-05 0.174629 0.122016
0.0900476 0.135256 0.0278444 0.0663144 0.503027 0.0729546 0.0594706 0.0450855
9.9964E-05 0.48634 9.9964E-05 9.9964E-05 0.346798 0.0589513 0.10751 9.9964E-05
0.0143962 0.61376 9.9991E-05 0.0659691 0.041359 0.0197647 0.0399446 0.204706
9.9964E-05 0.320224 0.040658 9.9964E-05 0.518333 9.9964E-05 0.120386 9.9964E-05
9.9991E-05 0.0420701 0.251098 0.0530055 0.402084 0.0235051 0.165347 0.0627907
0.0561796 9.9991E-05 0.0428494 0.0274188 0.520309 0.0687981 0.110637 0.173709
9.9982E-05 9.9982E-05 0.0307546 0.104808 0.578552 0.076362 0.0484882 0.160835
0.020478 9.9964E-05 0.0720817 9.9964E-05 0.0419971 9.9964E-05 9.9964E-05 0.865043
9.9964E-05 0.0278148 9.9964E-05 0.0214913 0.0334818 9.9964E-05 9.9964E-05 0.916812
