9.9973E-05 0.895712 9.9973E-05 0.00251937 0.014611 0.080394 0.0064642 9.9973E-05
9.9964E-05 0.891115 0.00281121 9.9964E-05 0.0195413 0.0861326 9.9964E-05 9.9964E-05
0.0452796 0.786335 0.0556959 9.9964E-05 9.9964E-05 9.9964E-05 9.9964E-05 0.11229
0.0831619 0.761831 0.0935303 9.9973E-05 9.9973E-05 0.0491905 9.9973E-05 0.0119868
0.0475623 0.857241 0.0336657 9.9973E-05 0.0165257 9.9973E-05 9.9973E-05 0.0447052
0.0877412 0.55266 0.108554 0.184811 9.9982E-05 9.9982E-05 0.0418072 0.0242261
9.9955E-05 0.760776 0.0419967 0.196728 9.9955E-05 9.9955E-05 9.9955E-05 9.9955E-05
0.046047 0.670091 0.143273 0.14019 9.9964E-05 9.9964E-05 9.9964E-05 9.9964E-05
9.99639E-05 0.80145 0.0932904 0.0584171 9.99639E-05 9.99639E-05 0.046443 9.99639E-05
0.0821874 0.642839 0.0394659 0.14204 0.0362796 9.9982E-05 9.9982E-05 0.0569881
9.9973E-05 0.675965 0.0832132 0.188005 9.9973E-05 0.000639272 9.9973E-05 0.0518775
0.0546431 9.9964E-05 9.9964E-05 9.9964E-05 9.9964E-05 0.71323 0.0336372 0.19809
0.091328 9.9973E-05 0.0628073 0.0326248 9.9973E-05 0.350669 9.9973E-05 0.462271
0.0593666 0.0590765 9.9973E-05 9.9973E-05 0.0746039 0.684061 9.9973E-05 0.122593
0.154202 0.0189124 9.9964E-05 9.9964E-05 9.9964E-05 0.606852 9.9964E-05 0.219634
0.15022 0.101234 9.9973E-05 0.0770174 9.9973E-05 0.420211 9.9973E-05 0.251018
0.0604268 0.107888 0.0194612 9.9982E-05 0.0593517 0.275084 9.9982E-05 0.477588
0.056197 9.9991E-05 0.03922 0.0572907 0.0126346 0.354547 0.0745521 0.405458
0.0525808 0.124382 9.9973E-05 9.9973E-05 9.9973E-05 0.578448 0.00505693 0.239232
0.0179488 0.0592285 0.0835594 0.0948425 9.9973E-05 0.744121 9.9973E-05 9.9973E-05
0.0656804 0.0302963 0.0277606 9.9991E-05 0.0898256 0.39095 0.0996949 0.295692
0.0282273 0.0206998 9.9991E-05 0.165973 0.0240743 0.273316 0.0500478 0.437562
9.999E-05 0.020434 0.0484902 0.00880032 0.0695012 0.341304 0.0353757 0.475994
0.151729 0.00869901 9.9982E-05 0.0298918 9.9982E-05 0.574517 0.0848575 0.150106
0.0558529 0.0251409 0.0204722 0.044692 0.0948689 0.0750629 0.0871614 0.596749
0.131192 9.9973E-05 0.0701407 9.9973E-05 0.00131666 0.313534 9.9973E-05 0.483517
0.0977103 0.0216746 9.9973E-05 9.9973E-05 9.9973E-05 0.802346 0.0311656 0.0468033
0.202478 0.00437119 9.9973E-05 0.00974058 9.9973E-05 0.758937 9.9973E-05 0.0241736
0.0345907 0.0137513 9.9982E-05 0.0933265 0.0681829 0.702859 9.9982E-05 0.0870894
0.0775401 0.828913 9.9955E-05 9.9955E-05 9.9955E-05 9.9955E-05 9.9955E-05 0.0930468
0.0223428 0.819278 9.9964E-05 9.9964E-05 9.9964E-05 0.013798 9.9964E-05 0.144181
9.9964E-05 0.773701 9.9964E-05 9.9964E-05 9.9964E-05 0.0594756 0.00942898 0.156995
0.0803877 0.720714 9.9964E-05 9.9964E-05 9.9964E-05 9.9964E-05 0.0698923 0.128606
9.9973E-05 9.9973E-05 0.0655161 0.0977728 9.9973E-05 0.0252571 0.257738 0.553416
0.018331 0.136981 0.0241733 9.9982E-05 9.9982E-05 0.0153322 0.336333 0.468649
0.0752299 9.9964E-05 0.0223994 9.9964E-05 9.9964E-05 9.9964E-05 0.415585 0.486386
9.9982E-05 0.101653 0.14815 9.9982E-05 0.0623713 0.603012 0.00942769 0.0751869
0.0847966 9.9973E-05 0.0406016 0.010496 9.9973E-05 9.9973E-05 0.595922 0.267884
0.058391 0.0275534 0.0593968 9.9991E-05 0.0454364 0.17065 0.184722 0.453751
0.0700899 0.00388129 9.9964E-05 9.9964E-05 9.9964E-05 9.9964E-05 0.245137 0.680492
0.0241849 0.0536389 0.0428761 0.120244 9.9991E-05 0.0204668 0.11615 0.62234
0.00798531 0.0580185 0.149687 0.0712228 9.9991E-05 0.0365163 0.0292649 0.647205
9.9964E-05 0.0171206 9.9964E-05 9.9964E-05 9.9964E-05 0.258482 0.673345 0.050653
0.0325255 9.9973E-05 9.9973E-05 0.234597 9.9973E-05 0.0545405 0.0474484 0.630589
0.0775517 0.0280394 0.0426221 0.0772826 9.9982E-05 9.9982E-05 0.253224 0.52108
0.0328171 0.11921 9.9982E-05 0.0223104 9.9982E-05 0.0323366 0.231892 0.561234
9.9964E-05 9.9964E-05 9.9964E-05 9.9964E-05 0.0842332 0.0252304 0.595623 0.294513
0.0402695 0.031441 0.039506 0.033049 9.9982E-05 9.9982E-05 0.202939 0.652595
0.0130136 0.117028 0.0131726 0.0379861 9.9991E-05 0.0958146 0.191212 0.531673
9.9973E-05 0.0386987 0.00890645 0.27831 0.0344855 9.9973E-05 0.6393 9.9973E-05
9.9982E-05 9.9982E-05 0.189518 0.104882 0.0226432 0.34968 0.168756 0.164321
9.9982E-05 9.9982E-05 0.0473416 0.470563 0.0223828 0.225767 0.122634 0.111112
0.0658716 0.105395 0.12464 9.9982E-05 0.0936321 0.188903 9.9982E-05 0.421358
9.999E-05 0.0856479 0.00191859 0.0931943 0.0700337 0.0931836 0.0672279 0.588694
0.0155384 0.04336 0.0334523 0.0565332 0.118782 0.0582847 0.0317037 0.642346
9.9982E-05 0.0671709 0.193286 0.173883 9.9982E-05 0.241341 0.163695 0.160424
0.0090391 9.9991E-05 0.110639 0.0651469 0.010426 0.206002 0.0295075 0.569139
0.154723 0.0383718 0.0497379 0.0656838 0.049113 0.035948 0.0633063 0.543116
0.002123 0.163686 0.0558345 0.046015 0.0667498 0.211435 0.148768 0.305389
0.0522515 0.189985 0.0912664 0.175012 0.0283718 0.364764 0.0863171 0.0120323
0.000756666 0.0896691 0.000189229 0.0436493 9.9991E-05 0.182538 0.13134 0.551757
0.0735548 0.0193532 0.00755363 0.0183348 0.0975514 0.436641 0.0233484 0.323663
9.9973E-05 0.0232185 0.12505 0.154053 9.9973E-05 0.684375 0.0130035 9.9973E-05
9.9982E-05 9.9982E-05 0.033684 0.0622196 0.0217251 0.399118 0.033645 0.449408
0.0363027 9.9991E-05 0.0289065 0.0521086 0.189355 0.0690669 0.0681174 0.556043
0.0576158 0.0582468 0.0398362 9.9991E-05 0.181774 0.129337 0.0128259 0.520264
0.0979656 0.0732639 0.0358664 0.0728328 0.0298075 0.36536 0.153757 0.171147
0.0246153 9.9973E-05 9.9973E-05 0.150965 9.9973E-05 0.290215 0.0773745 0.456531
0.0531072 0.0280484 0.0868833 0.056136 0.058699 0.0731376 0.120864 0.523124
9.9982E-05 9.9982E-05 0.0553486 0.105263 0.0628481 0.577739 0.040234 0.158367
9.9955E-05 9.9955E-05 9.9955E-05 9.9955E-05 9.9955E-05 0.0511373 0.358146 0.590217
0.000494029 0.0330221 0.00908096 9.9982E-05 9.9982E-05 0.120893 0.703522 0.132788
0.0325735 0.069736 0.168217 9.9991E-05 0.0870982 0.0293017 0.178333 0.43464
9.9955E-05 9.9955E-05 0.00645203 0.125238 9.9955E-05 9.9955E-05 0.86781 9.9955E-05
9.9991E-05 0.00161158 0.00367543 0.0876077 0.0781015 0.0632283 0.754865 0.0108108
9.9955E-05 9.9955E-05 9.9955E-05 9.9955E-05 0.0192008 9.9955E-05 0.727063 0.253237
9.9973E-05 0.0484048 0.0323454 9.9973E-05 9.9973E-05 0.0190659 0.446555 0.453329
0.0123791 0.160813 9.9991E-05 0.00705783 0.126583 0.0361086 0.129132 0.527827
0.0727071 0.00903771 9.9973E-05 9.9973E-05 9.9973E-05 0.146882 0.372336 0.398738
9.9973E-05 0.0757206 0.132791 9.9973E-05 9.9973E-05 0.00143757 0.706496 0.0832554
0.0291621 0.0108936 0.15753 9.9982E-05 9.9982E-05 0.0887572 0.539815 0.173642
0.0752787 0.108323 9.9973E-05 9.9973E-05 0.0802987 9.9973E-05 0.340234 0.395566
0.101735 0.00261205 9.9982E-05 9.9982E-05 0.0293089 0.114038 0.603286 0.14882
0.0132689 0.0338075 9.9982E-05 0.0121204 9.9982E-05 0.14481 0.450245 0.345549
9.9964E-05 9.9964E-05 9.9964E-05 0.00843015 0.0447585 9.9964E-05 0.563573 0.382838
0.0288261 9.9964E-05 9.9964E-05 0.174019 0.118157 9.9964E-05 0.678599 9.9964E-05
0.0878454 0.0148569 0.0829532 9.9982E-05 9.9982E-05 0.055848 0.27666 0.481637
0.00275086 0.771512 0.0897062 9.9964E-05 9.9964E-05 9.9964E-05 9.9964E-05 0.135631
9.99461E-05 0.893222 9.99461E-05 9.99461E-05 9.99461E-05 9.99461E-05 9.99461E-05 0.106178
0.0066941 0.863414 9.9955E-05 9.9955E-05 9.9955E-05 9.9955E-05 9.9955E-05 0.129392
0.0299166 0.875536 9.9973E-05 0.0581574 9.9973E-05 9.9973E-05 0.00747263 0.0286176
9.9955E-05 0.844409 9.9955E-05 9.9955E-05 9.9955E-05 9.9955E-05 0.049872 0.105219
9.9973E-05 0.87943 0.0176008 0.00661512 0.0473842 9.9973E-05 9.9973E-05 0.0486702
0.0389065 0.900922 9.9973E-05 9.9973E-05 9.9973E-05 0.0252009 0.00338879 0.0312817
0.165356 0.0490404 0.0351045 9.9991E-05 0.0363314 0.0636318 0.30582 0.344617
0.0850964 0.00762085 0.086537 0.0564832 0.00393373 0.0151711 0.181706 0.563451
9.9955E-05 0.0305949 9.9955E-05 9.9955E-05 9.9955E-05 0.144109 0.824796 9.9955E-05
0.0572306 0.00976838 0.0612175 0.138284 0.0159531 0.0963664 0.0775093 0.543671
9.9964E-05 0.0511873 9.9964E-05 9.9964E-05 9.9964E-05 0.0549927 0.418411 0.475009
9.9973E-05 0.0866895 0.00097643 9.9973E-05 0.0697445 9.9973E-05 0.287589 0.554701
9.9973E-05 0.0244168 9.9973E-05 0.0664122 0.121577 9.9973E-05 0.236038 0.551256
9.9973E-05 0.0479885 0.00592027 9.9973E-05 0.0508105 9.9973E-05 0.357552 0.537429
9.9964E-05 0.063901 0.0423 9.9964E-05 9.9964E-05 0.136548 0.756851 9.9964E-05
0.0600809 0.193425 0.0318007 0.0647409 9.9982E-05 9.9982E-05 0.224489 0.425264
0.0945602 0.05911 9.9982E-05 0.0213763 0.0616166 0.119785 9.9982E-05 0.643352
0.0955451 9.9991E-05 0.0350386 0.00873036 0.0399912 0.155723 0.172902 0.491971
0.0848162 0.0639549 9.9982E-05 0.0305105 0.0750251 9.9982E-05 0.60427 0.141223
9.9973E-05 9.9973E-05 0.00340551 0.0133988 0.0849008 9.9973E-05 0.428095 0.4699
9.9982E-05 0.0724938 0.0297361 0.0545369 9.9982E-05 0.0250095 0.394463 0.423561
0.0683766 9.9955E-05 9.9955E-05 9.9955E-05 9.9955E-05 9.9955E-05 0.660087 0.271036
9.9973E-05 0.0740079 0.0374928 9.9973E-05 9.9973E-05 0.0746331 0.420333 0.393233
0.035948 0.133684 0.110279 9.9982E-05 9.9982E-05 0.0534646 0.19709 0.469334
0.00500711 0.0486455 0.0202384 0.100571 0.160609 0.482461 0.0296136 0.152855
0.0484796 0.144305 0.0336199 0.100066 9.9982E-05 0.286693 9.9982E-05 0.386637
0.0646771 0.137035 0.146788 0.0623628 0.0197089 0.0471258 0.0803888 0.441914
0.0666684 0.105975 0.0498291 0.0235194 0.0371483 0.030791 0.0601013 0.625968
9.9982E-05 0.00927541 0.0326963 0.0494824 9.9982E-05 0.460756 0.00325316 0.444337
0.0268435 0.073491 0.0287405 9.9982E-05 0.064396 0.236909 9.9982E-05 0.56942
0.00532067 0.0158157 0.158824 9.9991E-05 0.0918226 0.198916 0.0433296 0.485872
0.0441722 0.0546563 0.108124 0.0503984 9.9991E-05 0.101897 0.1321 0.508552
9.9982E-05 0.0564073 0.117148 0.0722689 9.9982E-05 0.104052 0.0720064 0.577917
9.9982E-05 0.0576694 0.0372411 0.0117447 9.9982E-05 0.159347 0.16293 0.570868
0.00194763 9.9991E-05 0.048705 0.0299697 0.0581349 0.397762 0.0301302 0.43325
0.0531968 0.0386216 0.0645561 0.101022 0.124995 9.9982E-05 9.9982E-05 0.617408
0.0830769 0.0454781 0.0983262 9.9991E-05 0.0767066 0.0675705 0.102358 0.526384
0.101046 9.9982E-05 0.0858154 9.9982E-05 0.138049 0.24886 0.00423086 0.421799
0.0757923 0.0859435 0.104144 0.0970985 0.112545 0.0285365 0.0254679 0.470472
0.102208 9.9982E-05 0.160144 9.9982E-05 0.12278 0.117957 0.042945 0.453767
9.9982E-05 0.0618512 0.0176262 0.219471 0.057167 0.305339 9.9982E-05 0.338345
0.0831511 9.9973E-05 0.0291416 0.0627601 9.9973E-05 0.251598 9.9973E-05 0.573049
0.0335431 0.00687115 0.0689447 9.9982E-05 0.118237 0.0966137 9.9982E-05 0.67559
0.0684412 0.0146359 0.141162 9.9991E-05 0.0579996 0.395546 0.182919 0.139196
0.0433574 9.9982E-05 0.0539144 0.178341 0.191456 0.436813 9.9982E-05 0.0959184
9.9982E-05 0.124266 0.145172 0.0160789 9.9982E-05 0.156756 0.0713052 0.486222
0.0353703 9.9991E-05 0.181059 0.169278 0.218053 0.24343 0.117673 0.0350366
9.9991E-05 0.0495289 0.0799342 0.0367737 0.0645615 0.505527 0.0299177 0.233658
0.00176921 0.00718276 0.0803912 9.9982E-05 9.9982E-05 0.305448 0.162422 0.442587
9.9982E-05 0.0659736 0.0861918 9.9982E-05 0.0455805 0.418282 0.111743 0.272029
9.9982E-05 9.9982E-05 0.153813 0.0217189 0.0601498 0.487608 0.0149626 0.261548
0.0108459 0.0336995 0.0362818 0.0996433 0.057402 0.113358 9.9991E-05 0.648669
0.0803619 0.0512062 0.150923 0.0623107 9.9991E-05 0.073789 0.0828921 0.498417
0.0647804 0.133142 9.9991E-05 0.00992197 0.135673 0.149124 0.0830554 0.424203
0.0391069 9.9991E-05 0.0744618 0.249235 0.0674715 0.419655 0.0340796 0.11589
0.0710709 0.0561452 0.0837571 0.14057 0.0924657 0.0160072 9.9991E-05 0.539884
0.0735788 0.0556912 0.0299254 0.196285 0.015995 0.0396845 0.143414 0.445426
9.9991E-05 0.10393 0.0743196 0.473621 0.11009 0.0393171 0.181271 0.0173514
0.048699 0.133063 9.9982E-05 0.0609871 0.123862 9.9982E-05 0.0010086 0.63218
0.034564 0.0593592 0.0173229 0.236304 0.132097 0.0439955 0.195012 0.281345
0.0639248 0.0433339 9.9991E-05 0.15811 0.0388871 0.197826 0.0281626 0.469656
0.00229257 0.0578469 0.0863609 0.394463 0.0564032 9.9991E-05 0.112722 0.289811
9.9991E-05 0.056018 0.0538686 0.389554 0.0698329 0.106867 0.090152 0.233607
9.9991E-05 0.0395818 0.109734 0.115547 0.140447 0.0284752 0.130008 0.436108
0.0454391 9.9982E-05 0.071652 0.167315 9.9982E-05 0.177435 0.0656028 0.472356
0.142388 0.101969 0.0745697 0.229747 9.9991E-05 0.0546793 0.110592 0.285954
0.152873 0.0339319 9.9982E-05 0.359925 0.0475411 0.136521 0.269008 9.9982E-05
0.0500377 0.0797453 0.0506416 9.9982E-05 0.118733 0.160056 9.9982E-05 0.540586
9.9973E-05 9.9973E-05 0.00506952 0.345604 9.9973E-05 0.216454 0.0780172 0.354555
0.000944381 9.9973E-05 9.9973E-05 0.156308 9.9973E-05 0.197232 0.175422 0.469794
0.0550599 0.104213 0.017738 9.9991E-05 0.0516635 0.0665773 0.145533 0.559115
0.253117 0.259504 9.9973E-05 0.295837 9.9973E-05 0.101948 9.9973E-05 0.0892933
0.15261 0.478827 9.9955E-05 0.368063 9.9955E-05 9.9955E-05 9.9955E-05 9.9955E-05
0.13091 0.412594 9.9964E-05 0.451874 0.00422191 9.9964E-05 9.9964E-05 9.9964E-05
0.319268 0.328026 0.00765597 0.25656 9.9982E-05 0.0324572 9.9982E-05 0.055832
9.9955E-05 9.9955E-05 9.9955E-05 0.255745 9.9955E-05 9.9955E-05 0.0644707 0.679285
0.10065 9.9991E-05 0.0352702 0.20973 0.0587366 0.0688904 0.0217966 0.504827
0.693287 9.9955E-05 0.00109849 9.9955E-05 9.9955E-05 9.9955E-05 9.9955E-05 0.305115
0.452642 9.9982E-05 0.0782434 9.9982E-05 0.00974924 0.00746904 0.0705729 0.381123
0.453894 0.0526676 0.0449668 9.9982E-05 0.0893932 0.0600904 9.9982E-05 0.298788
9.9973E-05 9.9973E-05 9.9973E-05 0.387664 0.112789 0.071379 0.125107 0.302762
0.0702355 0.18194 0.000178545 0.126471 0.137271 9.9982E-05 9.9982E-05 0.483704
9.9973E-05 9.9973E-05 0.0329874 0.535692 0.164961 9.9973E-05 0.0315429 0.234517
9.9982E-05 9.9982E-05 0.043752 0.238297 0.0357549 0.00488086 0.0672552 0.60986
9.9982E-05 0.0130899 9.9982E-05 0.165695 0.114288 0.156407 0.127744 0.422576
0.0457911 9.9991E-05 0.000365357 0.250299 0.00238566 0.0682294 0.053598 0.579232
0.0102698 9.9982E-05 9.9982E-05 0.435208 0.102611 0.16121 0.117941 0.172562
0.203219 0.0380233 9.9991E-05 0.0196337 0.0253926 0.0650403 0.150817 0.497774
0.10727 0.0823769 9.9991E-05 0.261891 0.0443419 0.00691193 0.00739727 0.489711
0.97862 9.9946E-05 9.9946E-05 9.9946E-05 9.9946E-05 9.9946E-05 0.0207806 9.9946E-05
0.886461 9.9955E-05 9.9955E-05 9.9955E-05 0.0258477 9.9955E-05 9.9955E-05 0.0871918
0.601323 0.0504865 9.9982E-05 0.0693014 9.9982E-05 0.0500034 0.0285404 0.200145
0.635035 0.0161153 9.9964E-05 9.9964E-05 0.0126465 9.9964E-05 9.9964E-05 0.335804
0.788488 9.9964E-05 0.0431778 9.9964E-05 9.9964E-05 9.9964E-05 0.0608288 0.107105
0.9993 9.994E-05 9.994E-05 9.994E-05 9.994E-05 9.994E-05 9.994E-05 9.994E-05
0.923575 9.9955E-05 0.0580805 9.9955E-05 9.9955E-05 9.9955E-05 0.0178446 9.9955E-05
0.882925 9.9955E-05 9.9955E-05 9.9955E-05 9.9955E-05 0.0109025 9.9955E-05 0.105673
0.939085 9.9955E-05 0.043718 9.9955E-05 9.9955E-05 9.9955E-05 9.9955E-05 0.0166975
0.9993 9.994E-05 9.994E-05 9.994E-05 9.994E-05 9.994E-05 9.994E-05 9.994E-05
0.9993 9.994E-05 9.994E-05 9.994E-05 9.994E-05 9.994E-05 9.994E-05 9.994E-05
0.741859 0.044438 9.9955E-05 9.9955E-05 9.9955E-05 9.9955E-05 9.9955E-05 0.213204
0.830314 0.0135116 0.00761698 9.9973E-05 9.9973E-05 9.9973E-05 0.0736336 0.0746237
0.967455 9.9946E-05 9.9946E-05 9.9946E-05 9.9946E-05 9.9946E-05 0.0319457 9.9946E-05
0.468237 0.011081 0.0503949 0.0619161 9.9991E-05 0.0953091 0.103794 0.209167
0.672147 9.9955E-05 0.0587827 9.9955E-05 9.9955E-05 9.9955E-05 9.9955E-05 0.268571
0.783113 0.0479863 0.0362566 9.9973E-05 9.9973E-05 0.00677446 9.9973E-05 0.12557
0.910233 9.9964E-05 0.00905603 9.9964E-05 9.9964E-05 0.0678184 9.9964E-05 0.012493
0.97637 9.9955E-05 9.9955E-05 9.9955E-05 9.9955E-05 9.9955E-05 0.00701521 0.0161148
0.889984 0.0507015 0.00918179 9.9964E-05 9.9964E-05 9.9964E-05 9.9964E-05 0.0497326
0.997882 9.9946E-05 0.00151788 9.9946E-05 9.9946E-05 9.9946E-05 9.9946E-05 9.9946E-05
0.627617 0.0138286 0.024585 9.9973E-05 9.9973E-05 9.9973E-05 0.0783073 0.255362
0.85209 9.9973E-05 0.00425055 9.9973E-05 9.9973E-05 0.0400127 0.0142578 0.0890891
0.0320665 0.238168 9.9964E-05 0.723494 0.00587166 9.9964E-05 9.9964E-05 9.9964E-05
0.0703576 0.128271 0.109755 0.23266 0.0941315 0.00439394 9.9991E-05 0.360331
0.0231167 0.20717 9.9982E-05 0.227705 0.041542 9.9982E-05 0.0641252 0.436141
0.113544 0.164655 9.9973E-05 0.493713 9.9973E-05 9.9973E-05 0.0318686 0.195919
0.0794697 0.103801 0.0506407 0.200083 0.0326825 9.9991E-05 0.0335162 0.499707
0.0828738 0.207752 9.9991E-05 0.334052 0.0611742 0.072837 0.0448601 0.196351
0.00132611 0.215763 0.0627145 0.145318 0.0360646 9.9991E-05 0.0963007 0.442413
0.123349 0.0994566 9.9982E-05 0.394007 0.0129869 9.9982E-05 0.0319646 0.338036
0.174811 0.106315 0.0408073 0.207473 0.02771 0.0614856 9.9991E-05 0.381298
0.106222 0.138123 9.9964E-05 0.363151 9.9964E-05 9.9964E-05 9.9964E-05 0.392104
0.0391564 0.216333 9.9991E-05 0.128695 0.000878892 0.174796 0.0213265 0.418713
9.9964E-05 0.78567 0.110936 0.0412027 9.9964E-05 9.9964E-05 9.9964E-05 0.0617915
0.0780301 0.874464 9.9973E-05 9.9973E-05 0.0346855 9.9973E-05 0.00200915 0.0105117
9.9955E-05 0.945713 9.9955E-05 9.9955E-05 9.9955E-05 0.0333137 0.0204732 9.9955E-05
9.9946E-05 0.934221 0.0651793 9.9946E-05 9.9946E-05 9.9946E-05 9.9946E-05 9.9946E-05
0.0172152 0.861397 0.0177105 9.9964E-05 9.9964E-05 0.103277 9.9964E-05 9.9964E-05
0.0685554 0.880672 9.9973E-05 9.9973E-05 0.0213379 0.026172 0.00296307 9.9973E-05
0.0795541 0.880223 0.0261202 9.9973E-05 9.9973E-05 0.00829328 0.00550959 9.9973E-05
9.9982E-05 0.854639 0.0140577 0.0952529 0.0128858 9.9982E-05 0.0120267 0.0109378
0.021438 0.871319 9.9973E-05 9.9973E-05 0.024468 0.0470942 0.0353812 9.9973E-05
0.0988681 0.815443 0.00298764 0.082234 9.9973E-05 9.9973E-05 9.9973E-05 0.000167486
9.9964E-05 0.600701 0.07703 9.9964E-05 9.9964E-05 0.181163 0.140705 9.9964E-05
9.9964E-05 0.560839 0.207638 9.9964E-05 9.9964E-05 0.160452 0.0706708 9.9964E-05
9.9973E-05 0.519334 0.106008 0.109266 9.9973E-05 0.229196 0.0358965 9.9973E-05
9.9973E-05 0.460285 0.144447 0.0608382 9.9973E-05 0.258357 0.0757722 9.9973E-05
0.0115221 0.0325734 0.0544725 9.9991E-05 0.0479349 0.169177 0.207837 0.476383
0.0422851 0.0408949 0.0303493 9.9991E-05 0.0484884 0.102931 0.238907 0.496045
0.0201702 0.0585194 0.0460624 0.0705067 0.00309051 0.159349 0.112193 0.530108
9.9982E-05 0.0626877 0.0845244 0.0437352 9.9982E-05 0.290298 0.178712 0.339843
9.9964E-05 9.9964E-05 0.210089 9.9964E-05 9.9964E-05 0.493032 0.187214 0.109265
9.9973E-05 0.0670415 9.9973E-05 9.9973E-05 0.093906 0.0314024 0.188672 0.618678
9.9982E-05 9.9982E-05 0.0443331 0.00123129 0.0644491 0.0809686 0.248288 0.56053
9.9982E-05 9.9982E-05 0.0364101 0.0992197 0.0655854 0.0755901 0.200718 0.522277
0.0468067 9.9982E-05 0.00975686 0.0378926 9.9982E-05 0.0479672 0.574853 0.282524
9.9991E-05 0.0238552 0.0933311 0.0416331 0.118441 0.0362582 0.0954399 0.590941
9.9982E-05 0.0266884 0.0669129 9.9982E-05 0.0698607 0.032696 0.406667 0.396975
9.9964E-05 9.9964E-05 0.0455007 0.104377 0.0824452 9.9964E-05 0.767277 9.9964E-05
9.9991E-05 0.0282933 0.210104 0.0250397 0.0213318 0.0569807 0.0378 0.620351
9.9973E-05 9.9973E-05 9.9973E-05 0.194624 0.0794077 0.0204496 0.437978 0.267242
0.01533 9.9982E-05 9.9982E-05 0.0235308 0.0193421 0.0412933 0.424715 0.475588
9.9973E-05 0.0444329 0.0810055 9.9973E-05 9.9973E-05 0.192256 0.667193 0.014813
9.9955E-05 0.0167171 0.775808 0.206975 9.9955E-05 9.9955E-05 9.9955E-05 9.9955E-05
9.9973E-05 0.0125635 0.77582 0.128416 0.0312722 9.9973E-05 9.9973E-05 0.0516281
9.9955E-05 9.9955E-05 0.879158 0.112009 0.00833327 9.9955E-05 9.9955E-05 9.9955E-05
9.9964E-05 0.0451456 0.848934 0.00428552 9.9964E-05 9.9964E-05 0.101236 9.9964E-05
9.9964E-05 9.9964E-05 0.784776 0.128643 9.9964E-05 0.00912359 9.9964E-05 0.077057
0.064603 9.9973E-05 0.874188 0.0475546 0.00339046 9.9973E-05 9.9973E-05 0.00996401
0.0228147 0.866241 9.9964E-05 9.9964E-05 9.9964E-05 9.9964E-05 0.0241998 0.086345
0.0799561 0.800135 0.0406587 9.9973E-05 9.9973E-05 0.0622501 9.9973E-05 0.0166999
0.0778381 0.768849 9.9973E-05 9.9973E-05 0.0122504 0.00398559 9.9973E-05 0.136777
0.157096 0.702553 0.0428081 0.0156205 9.9973E-05 0.081622 9.9973E-05 9.9973E-05
0.089437 0.752098 9.9964E-05 0.0644822 9.9964E-05 9.9964E-05 9.9964E-05 0.0935827
9.9964E-05 0.33127 0.558598 0.0426306 9.9964E-05 0.0671022 9.9964E-05 9.9964E-05
9.9973E-05 0.416521 0.405126 0.0520849 0.0451674 9.9973E-05 0.0808006 9.9973E-05
9.9973E-05 0.399745 0.387626 9.9973E-05 0.117185 0.0785014 0.016644 9.9973E-05
0.0368135 0.793902 9.9964E-05 9.9964E-05 9.9964E-05 0.0758456 9.9964E-05 0.0930394
0.00169671 0.378263 0.440478 0.0169863 0.012684 0.0455989 0.104193 9.9991E-05
0.32469 0.147897 9.9973E-05 0.148163 0.106582 9.9973E-05 9.9973E-05 0.272368
0.237929 0.102344 0.00879216 0.0342763 9.9991E-05 0.0889139 0.087095 0.44055
0.206534 0.241506 9.9955E-05 9.9955E-05 9.9955E-05 9.9955E-05 9.9955E-05 0.55146
0.264118 0.227138 9.9982E-05 0.0805515 9.9982E-05 0.000266727 0.130997 0.296728
0.165073 0.147001 0.02339 0.0493446 0.0225726 0.165891 9.9991E-05 0.426628
0.31103 0.41574 9.9964E-05 0.24643 0.0264003 9.9964E-05 9.9964E-05 9.9964E-05
9.9982E-05 9.9982E-05 0.107226 0.00889808 0.0928764 0.306836 0.0782798 0.405684
9.9973E-05 9.9973E-05 0.0930084 0.109086 0.239231 0.204079 9.9973E-05 0.354295
9.9973E-05 0.096505 0.071743 9.9973E-05 0.0206523 0.627151 9.9973E-05 0.183649
9.9982E-05 9.9982E-05 0.0563104 0.0178575 0.331246 0.117318 0.0610287 0.41604
9.9973E-05 9.9973E-05 0.0289351 0.373361 0.298592 0.171905 0.126907 9.9973E-05
9.9991E-05 0.121127 0.0190868 0.0191052 0.132351 0.15669 0.00259164 0.548948
0.0680122 9.9991E-05 0.048362 0.0604582 0.177606 0.21011 0.0299736 0.405378
9.9991E-05 0.0694124 0.0322404 0.0234423 0.00182395 0.533662 0.0967736 0.242545
0.0629192 0.0827391 0.1337 9.9982E-05 0.116299 0.0803316 9.9982E-05 0.523811
9.9973E-05 9.9973E-05 9.9973E-05 0.268409 0.129733 0.455915 0.10033 0.0453138
0.0317522 9.9991E-05 0.0753528 0.0729225 0.281071 0.0930602 0.00842588 0.437315
0.0288028 0.0607377 0.0921868 9.9982E-05 0.0190642 0.278873 9.9982E-05 0.520136
0.273276 0.0593991 0.107928 0.116552 9.9982E-05 9.9982E-05 0.14123 0.301414
9.9982E-05 9.9982E-05 0.0865842 0.0878606 0.184379 0.286722 0.0529578 0.301296
0.0225496 0.0036412 0.118459 0.00555833 0.129611 0.238998 0.0221064 0.459076
0.069861 0.0613965 9.9991E-05 0.0194627 0.17784 0.149986 0.095518 0.425836
9.9982E-05 9.9982E-05 0.104365 0.00683159 0.109308 0.152546 0.146344 0.480406
0.0980903 0.0453711 0.0350439 9.9991E-05 0.142601 0.1301 0.0447463 0.503948
9.9982E-05 0.12651 0.0289117 0.0416466 9.9982E-05 0.147469 0.0940574 0.561205
9.9982E-05 0.184385 0.0539912 0.040881 0.107227 0.0543289 9.9982E-05 0.558987
0.0673709 0.775301 9.9955E-05 9.9955E-05 9.9955E-05 9.9955E-05 9.9955E-05 0.156829
9.9964E-05 0.832149 9.9964E-05 9.9964E-05 0.0313971 9.9964E-05 0.00323465 0.132819
0.00553628 0.758269 0.0133633 0.0958974 0.0371857 0.0256065 0.0136341 0.050508
0.0290597 0.815165 0.0125409 9.9982E-05 0.0115914 9.9982E-05 0.0892966 0.0421468
0.0273918 0.812576 9.9955E-05 9.9955E-05 9.9955E-05 9.9955E-05 9.9955E-05 0.159532
0.0230899 0.0451658 0.0829405 0.0135066 0.0372679 0.708884 9.9991E-05 0.0890454
0.0508073 9.9991E-05 0.0447495 0.0870658 0.0882667 0.147882 0.0964184 0.48471
0.13667 0.178473 9.9982E-05 0.0980168 0.0783473 0.000583968 9.9982E-05 0.507709
0.0327763 9.9973E-05 9.9973E-05 0.0402337 0.00994555 0.232239 9.9973E-05 0.684505
9.9982E-05 0.028641 0.134656 9.9982E-05 0.0772597 0.208941 0.0476783 0.502625
0.051073 0.00722884 0.0929463 0.193442 0.141991 0.304775 9.9991E-05 0.208444
9.9973E-05 0.140279 0.142304 0.0713412 9.9973E-05 0.635572 0.0102043 9.9973E-05
9.9991E-05 0.00104653 0.165563 0.033089 0.00444574 0.187461 0.116353 0.491942
0.0223011 0.0773418 0.20236 9.9991E-05 0.197686 0.316081 0.07186 0.112269
0.0584785 0.0330596 0.0113418 0.0921044 0.112991 0.0908194 0.214817 0.386388
9.9982E-05 0.14421 0.0590817 9.9982E-05 0.137162 0.583073 0.0449701 0.0313031
0.0750993 0.0650418 0.0653963 9.9991E-05 0.0229683 0.18099 0.0375876 0.552817
9.9982E-05 0.0778151 0.118245 9.9982E-05 0.120582 0.521647 0.0375951 0.123916
0.045853 9.9982E-05 0.0888081 0.107975 0.0896183 0.359006 9.9982E-05 0.30854
0.021974 0.0262004 0.115361 0.0804609 0.107497 0.136874 0.0536185 0.458014
9.9973E-05 9.9973E-05 0.0457559 0.42459 0.0761251 0.107733 9.9973E-05 0.345496
9.9982E-05 0.0495486 9.9982E-05 0.184237 0.00743759 0.10616 0.0258213 0.626596
0.0580702 0.0378411 0.050997 0.282467 9.9982E-05 9.9982E-05 0.0431594 0.527266
9.9973E-05 9.9973E-05 0.0668654 0.362955 0.117165 9.9973E-05 0.0804022 0.372312
9.9991E-05 0.0799724 0.0246732 0.181135 0.0022738 0.00573559 0.104956 0.601154
9.9973E-05 9.9973E-05 0.107124 0.190575 0.0981344 9.9973E-05 0.0437858 0.560081
9.9973E-05 9.9973E-05 0.0794705 0.550989 0.153069 9.9973E-05 0.110452 0.105719
9.9973E-05 9.9973E-05 0.0122333 0.573056 0.00811931 9.9973E-05 0.112827 0.293465
9.9973E-05 9.9973E-05 0.0902057 0.244917 0.120059 9.9973E-05 0.0674972 0.477022
9.9982E-05 9.9982E-05 0.0390937 0.452208 0.0496568 0.0987509 0.226898 0.133192
9.9973E-05 9.9973E-05 0.0518473 0.277367 9.9973E-05 0.131418 0.0643399 0.474728
0.016938 0.0279787 0.0911475 0.0184434 0.0408106 0.72702 0.0775619 9.9991E-05
9.9973E-05 9.9973E-05 0.086259 9.9973E-05 0.376327 0.347379 0.0592348 0.1305
0.135961 9.9982E-05 0.060641 9.9982E-05 0.0704484 0.481131 0.0511097 0.200509
0.138246 9.9982E-05 0.118497 0.0166627 9.9982E-05 0.227279 0.0146574 0.484458
0.0185938 9.9982E-05 0.0766089 0.00155691 9.9982E-05 0.572144 0.180782 0.150114
0.0522425 0.0783668 0.111579 0.0953181 0.1196 0.144676 9.9991E-05 0.398118
0.121612 9.9982E-05 0.0674419 0.0418298 0.0079749 0.211835 9.9982E-05 0.549107
0.072997 9.9982E-05 0.0793169 9.9982E-05 0.0683001 0.32583 0.0766009 0.376755
0.122078 0.00495795 0.123737 9.9991E-05 0.009104 0.267589 0.0971504 0.375283
0.00201038 9.9973E-05 0.15452 9.9973E-05 9.9973E-05 0.211785 0.160228 0.471156
0.0521464 9.9982E-05 0.183917 9.9982E-05 0.0196829 0.493445 0.0764154 0.174194
0.0345425 9.9982E-05 0.230583 9.9982E-05 0.133225 0.292795 0.00919786 0.299457
0.0311958 9.9973E-05 9.9973E-05 9.9973E-05 0.146091 0.275968 0.0417691 0.504677
0.0426232 0.0196769 9.9982E-05 9.9982E-05 0.107311 0.176546 0.0682843 0.585359
0.02044 0.000977095 0.0899394 0.0955702 0.134734 0.298673 9.9991E-05 0.359566
0.0621012 9.9973E-05 0.0337664 9.9973E-05 0.145614 0.290707 9.9973E-05 0.467511
0.0670312 0.0218383 0.0957907 0.139715 9.9982E-05 0.393774 9.9982E-05 0.281651
0.0093214 0.00419461 0.0476945 9.9991E-05 0.0724302 0.223826 0.0903621 0.552071
0.0854235 0.0564364 0.122538 9.9982E-05 9.9982E-05 0.229177 0.0761284 0.430096
0.143673 0.033611 0.129588 0.0808669 0.0325733 0.122438 0.00125134 0.455999
0.0923636 0.337783 9.9982E-05 0.0532957 9.9982E-05 0.075838 0.03162 0.408899
0.300409 0.107263 9.9991E-05 0.0962662 0.0137197 0.0026945 0.0843138 0.395234
0.0879115 0.13634 9.9982E-05 0.154 9.9982E-05 0.0290901 0.150498 0.44196
0.138777 0.0355956 9.9991E-05 0.0271245 0.0467178 0.0667618 0.186575 0.498348
0.223503 0.164677 9.9982E-05 9.9982E-05 0.0714539 0.093141 0.00951507 0.43751
0.0184906 9.9982E-05 0.00913011 0.130987 0.12693 0.255833 9.9982E-05 0.45843
0.104497 0.223572 0.0108328 9.9991E-05 0.0903528 0.113275 0.0811859 0.376185
0.152036 0.194503 9.9991E-05 0.462037 0.00625962 0.051372 0.123644 0.0100486
0.155517 0.0451915 0.0191549 0.0948632 0.00803124 0.204291 9.9991E-05 0.472851
0.10454 0.135048 0.00396431 9.9991E-05 0.101489 0.0175585 0.12087 0.516431
0.27753 0.0257316 9.9991E-05 0.0326325 0.140333 0.13312 0.0524144 0.338139
0.14715 0.176088 0.00539169 0.188078 0.0271588 0.136208 0.097719 0.222207
0.149837 0.197215 0.00867057 0.0964189 0.00303272 0.00469669 0.0480322 0.492097
0.151131 0.132296 9.9982E-05 0.0816704 0.0422017 0.0136779 9.9982E-05 0.578823
0.182235 0.45643 9.9955E-05 0.360835 9.9955E-05 9.9955E-05 9.9955E-05 9.9955E-05
0.158143 0.176963 9.9973E-05 0.125893 0.00383603 9.9973E-05 9.9973E-05 0.534865
0.235303 0.127959 9.9982E-05 0.0750596 0.0177669 9.9982E-05 0.0820608 0.46165
0.110961 0.120921 0.0144128 0.112335 9.9991E-05 0.0607759 0.0678665 0.512627
0.19472 0.216054 9.9964E-05 0.0779248 9.9964E-05 9.9964E-05 9.9964E-05 0.510902
0.136231 0.112062 0.0249712 0.0862663 0.0855271 0.030212 0.0636677 0.461063
0.124955 0.0259447 0.0633304 9.9982E-05 0.40598 9.9982E-05 0.107938 0.271651
9.9973E-05 0.100415 0.0247211 0.0958333 0.219197 9.9973E-05 9.9973E-05 0.559533
9.9955E-05 9.9955E-05 9.9955E-05 9.9955E-05 0.755246 0.179072 0.0651816 9.9955E-05
9.9955E-05 9.9955E-05 9.9955E-05 9.9955E-05 0.944233 0.0326379 0.0226293 9.9955E-05
0.105444 9.9973E-05 0.00619673 9.9973E-05 0.301109 0.185243 9.9973E-05 0.401707
0.272514 0.112941 9.9973E-05 0.0786257 0.125807 9.9973E-05 9.9973E-05 0.409813
0.381115 0.0808591 9.9964E-05 9.9964E-05 0.289089 9.9964E-05 9.9964E-05 0.248536
0.258935 0.218215 9.9982E-05 0.219314 0.136688 9.9982E-05 0.0097253 0.156924
0.311355 0.161267 9.9973E-05 0.0120403 0.258652 9.9973E-05 9.9973E-05 0.256386
0.0754013 0.0704929 9.9973E-05 0.160694 0.673728 9.9973E-05 9.9973E-05 0.0193842
0.100994 0.0640771 9.9973E-05 0.0327382 0.714368 9.9973E-05 9.9973E-05 0.087522
0.0908921 0.0390961 9.9973E-05 9.9973E-05 0.352136 0.0122861 9.9973E-05 0.50529
0.0450492 0.0414859 9.9964E-05 9.9964E-05 0.52649 9.9964E-05 9.9964E-05 0.386575
0.122206 0.052229 9.9964E-05 9.9964E-05 0.743558 9.9964E-05 9.9964E-05 0.0816067
0.0985834 0.0640548 0.0140233 9.9991E-05 0.281753 0.126161 0.0273992 0.387925
0.126136 9.9973E-05 9.9973E-05 0.00682906 0.37866 9.9973E-05 0.0554934 0.432581
0.147968 0.0235684 0.00894961 9.9991E-05 0.261433 0.0544715 0.038698 0.464811
9.9964E-05 9.9964E-05 0.0516279 9.9964E-05 0.574199 0.0812355 9.9964E-05 0.292538
0.0215728 0.0129397 9.9982E-05 9.9982E-05 0.571246 0.177339 0.00699559 0.209707
0.0022094 9.9973E-05 0.064368 9.9973E-05 0.261649 9.9973E-05 0.0794741 0.592
0.0447595 0.0500527 0.0805766 0.00109776 0.377286 0.0543777 0.0380076 0.353842
0.103436 0.154806 0.0744883 0.00894953 0.280685 9.9991E-05 0.00440218 0.373133
9.9964E-05 0.0110449 9.9964E-05 0.106264 0.399468 9.9964E-05 9.9964E-05 0.482823
9.9955E-05 9.9955E-05 0.08805 9.9955E-05 0.734576 9.9955E-05 9.9955E-05 0.176874
9.9964E-05 0.0352822 9.9964E-05 9.9964E-05 0.346782 9.9964E-05 0.0828182 0.534718
9.9973E-05 9.9973E-05 9.9973E-05 0.00513964 0.702653 0.0855964 0.0999358 0.106375
9.9955E-05 9.9955E-05 0.0726321 9.9955E-05 0.575923 9.9955E-05 9.9955E-05 0.350945
0.0646869 0.0292172 0.0385625 9.9982E-05 0.326173 9.9982E-05 0.0479209 0.49324
9.9982E-05 0.0380585 9.9982E-05 0.0592131 0.18575 0.100859 0.153983 0.461936
0.1484 0.140237 0.0177066 0.100839 0.0504369 9.9991E-05 0.0898825 0.452398
0.150904 0.160342 0.00287917 0.0579745 0.187773 0.0961511 9.9991E-05 0.343877
0.296223 0.106223 9.9991E-05 0.153975 0.101353 0.0331954 0.0253406 0.283589
0.143189 0.225951 0.0300023 0.152147 0.0136258 0.149823 9.9991E-05 0.285162
0.181739 0.190184 0.05176 0.0920387 9.9982E-05 0.123446 9.9982E-05 0.360632
0.128034 0.133241 0.0419885 0.0283251 0.166819 9.9991E-05 0.0718162 0.429677
0.109933 0.193859 9.9964E-05 0.0571745 0.638633 9.9964E-05 9.9964E-05 9.9964E-05
0.220862 0.0670639 0.0817587 9.9973E-05 0.0974371 9.9973E-05 9.9973E-05 0.532579
0.0813874 0.367713 9.9964E-05 0.108244 0.442256 9.9964E-05 9.9964E-05 9.9964E-05
0.212961 9.9955E-05 9.9955E-05 9.9955E-05 0.352137 9.9955E-05 9.9955E-05 0.434403
9.9964E-05 9.9964E-05 9.9964E-05 0.045395 0.717506 9.9964E-05 0.220251 0.0164484
9.9964E-05 0.00378718 9.9964E-05 9.9964E-05 0.816791 0.0583228 0.120699 9.9964E-05
0.00162833 9.9973E-05 9.9973E-05 9.9973E-05 0.506922 0.0110032 0.0964348 0.383712
0.0884382 0.0013663 0.00189572 0.0447194 0.359761 9.9982E-05 9.9982E-05 0.503619
9.9964E-05 9.9964E-05 9.9964E-05 0.0109309 0.636081 9.9964E-05 0.00923991 0.343348
9.9955E-05 9.9955E-05 9.9955E-05 9.9955E-05 0.484087 9.9955E-05 0.0732069 0.442207
9.9955E-05 9.9955E-05 0.0203923 9.9955E-05 0.487201 9.9955E-05 9.9955E-05 0.491907
0.0205752 0.777486 9.9973E-05 9.9973E-05 0.0533239 9.9973E-05 0.0537589 0.0945558
0.13713 0.697715 0.080028 0.0358659 0.0369594 9.9982E-05 0.0121022 9.9982E-05
0.0625027 0.89762 0.039378 9.9955E-05 9.9955E-05 9.9955E-05 9.9955E-05 9.9955E-05
9.9955E-05 0.908617 9.9955E-05 9.9955E-05 0.0317715 9.9955E-05 9.9955E-05 0.0591115
0.0692843 0.0220993 0.0198464 9.9991E-05 0.021381 0.0986794 0.401736 0.366874
0.0159103 0.0384628 0.00547688 9.9982E-05 9.9982E-05 0.0398879 0.29856 0.601502
9.9955E-05 9.9955E-05 9.9955E-05 9.9955E-05 9.9955E-05 0.0517245 0.468475 0.479301
9.9982E-05 0.065735 0.034199 0.0232241 9.9982E-05 0.0212451 0.28346 0.571936
0.0787412 0.0188618 0.14468 0.0561895 0.027629 0.0216831 0.0795217 0.572694
0.0231192 0.0470859 9.9982E-05 0.0813673 9.9982E-05 0.129531 0.497661 0.221036
0.0752822 0.0144635 9.9973E-05 9.9973E-05 9.9973E-05 0.0337754 0.358212 0.517967
9.9964E-05 9.9964E-05 9.9964E-05 0.0809512 0.0858689 9.9964E-05 0.491918 0.340862
0.209235 0.262051 0.0534961 0.0360199 0.0587194 0.00818242 9.9991E-05 0.372196
0.0449609 9.9982E-05 9.9982E-05 0.0298203 0.123337 0.0435524 0.323062 0.435068
0.0156503 9.99849E-05 0.115834 0.0395346 9.99849E-05 0.0244969 0.510826 0.293458
9.9973E-05 9.9973E-05 0.0607389 9.9973E-05 0.0549129 0.0045881 0.360199 0.519261
9.9982E-05 0.0420288 0.0150945 9.9982E-05 0.0699988 0.0205258 0.429849 0.422303
0.0439731 9.9964E-05 9.9964E-05 9.9964E-05 0.0987331 9.9964E-05 0.364587 0.492307
0.0631806 0.0713955 0.0254269 9.9982E-05 0.0553379 9.9982E-05 0.276437 0.508022
9.9964E-05 9.9964E-05 9.9964E-05 0.0060498 0.0736062 9.9964E-05 0.871217 0.0487269
0.0461455 0.0120315 9.9982E-05 0.119097 0.0512168 9.9982E-05 0.579436 0.191874
0.00318601 0.0328244 0.0318453 9.9982E-05 0.150951 9.9982E-05 0.466558 0.314436
9.9955E-05 9.9955E-05 9.9955E-05 0.201683 0.036241 9.9955E-05 0.761576 9.9955E-05
9.9982E-05 0.0179288 0.0708504 9.9982E-05 0.018272 0.0928764 0.365642 0.434231
0.012078 9.9973E-05 9.9973E-05 0.223141 0.0876409 9.9973E-05 0.621746 0.0550947
9.9955E-05 9.9955E-05 9.9955E-05 0.19889 0.128062 9.9955E-05 0.672548 9.9955E-05
0.0601925 9.9982E-05 0.0352751 9.9982E-05 0.0482338 0.0104473 0.362616 0.483035
9.9982E-05 0.0714665 0.00141481 9.9982E-05 0.0281726 0.147577 0.621442 0.129727
0.0456623 9.9982E-05 0.0525676 0.0646145 9.9982E-05 0.0963644 0.34436 0.396231
0.0843958 0.0232566 0.0379227 9.9982E-05 9.9982E-05 0.050442 0.260521 0.543262
0.0264511 0.00759579 9.9982E-05 0.00533833 9.9982E-05 0.221173 0.255515 0.483728
0.0171795 9.9982E-05 0.00154484 0.169489 0.0772644 0.376883 9.9982E-05 0.35744
9.9964E-05 9.9964E-05 0.0902401 9.9964E-05 0.0295399 9.9964E-05 0.340429 0.539391
0.0558194 0.0822998 0.0143045 9.9982E-05 9.9982E-05 0.151557 0.302816 0.393003
9.9964E-05 9.9964E-05 9.9964E-05 0.0657854 0.0236337 9.9964E-05 0.640128 0.270053
0.0777306 0.0299584 0.149191 9.9991E-05 0.0125941 0.0484799 0.238127 0.443819
9.9973E-05 0.624808 0.179123 0.0391344 9.9973E-05 0.0939773 0.0626572 9.9973E-05
9.9973E-05 0.743167 0.0661613 0.0325139 9.9973E-05 9.9973E-05 0.114745 0.0431125
9.9973E-05 0.807495 0.0874563 0.0435131 9.9973E-05 0.0564744 0.00476143 9.9973E-05
9.9973E-05 0.781473 0.118205 9.9973E-05 0.0363076 0.0571098 0.00660443 9.9973E-05
9.9982E-05 0.685549 0.192937 0.021232 9.9982E-05 0.0217524 0.0336948 0.0446347
9.9964E-05 0.0555848 9.9964E-05 9.9964E-05 9.9964E-05 0.181258 0.69668 0.0660773
9.9982E-05 0.0637469 0.056919 0.0278367 9.9982E-05 0.101298 0.676999 0.0730006
9.9964E-05 9.9964E-05 9.9964E-05 0.0771235 0.0176739 9.9964E-05 0.783662 0.121141
0.104772 0.129024 0.0134052 0.0880827 9.9982E-05 9.9982E-05 0.156026 0.50849
0.0342332 0.109527 0.0756073 0.00213325 0.0104113 9.9991E-05 0.142479 0.625508
0.0569664 0.0359161 9.9973E-05 0.0386046 9.9973E-05 9.9973E-05 0.610203 0.25801
0.0591248 9.9982E-05 9.9982E-05 0.0102617 0.0334251 0.0397071 0.250685 0.606597
0.0568091 0.00334667 9.9982E-05 0.118956 0.0124238 9.9982E-05 0.471902 0.336362
9.9982E-05 0.0111128 0.0257853 0.0724632 0.01823 9.9982E-05 0.276634 0.595575
9.9973E-05 0.0538035 0.104203 9.9973E-05 0.0481299 9.9973E-05 0.194968 0.598596
0.00562978 9.9982E-05 0.0634569 9.9982E-05 0.0129218 0.0802561 0.620268 0.217267
9.9964E-05 0.019728 0.0436379 9.9964E-05 9.9964E-05 9.9964E-05 0.59684 0.339395
9.9964E-05 9.9964E-05 0.0972719 9.9964E-05 9.9964E-05 0.0998939 0.498582 0.303852
9.9973E-05 0.0577242 9.9973E-05 0.220876 0.0249739 0.0713895 9.9973E-05 0.624737
9.9964E-05 0.00609518 9.9964E-05 9.9964E-05 9.9964E-05 0.00588781 0.636521 0.351096
9.9973E-05 0.0216003 9.9973E-05 9.9973E-05 0.00306739 0.0696078 0.407324 0.4981
0.415848 0.0604988 9.9991E-05 0.0659936 0.0263767 0.0125551 0.10313 0.315498
0.473107 0.125711 9.9991E-05 0.000246882 0.0357711 0.0134458 0.00168399 0.349935
0.38626 0.12149 0.0424916 9.9973E-05 0.008372 9.9973E-05 9.9973E-05 0.441087
0.500957 0.123375 9.9973E-05 0.0147881 9.9973E-05 9.9973E-05 0.0621552 0.298425
0.329725 0.108752 0.0276093 0.00603249 9.9982E-05 0.0746629 9.9982E-05 0.453018
0.0267281 0.0018921 0.00312891 0.309431 9.9991E-05 0.0118847 0.257929 0.388907
0.638707 0.245692 9.9982E-05 0.015852 0.0262172 9.9982E-05 0.00623809 0.0670944
0.432858 0.147634 9.9982E-05 0.00292765 0.0636064 0.0391642 9.9982E-05 0.31361
0.167205 0.0553546 0.0227729 0.241599 0.020917 9.9991E-05 0.0705847 0.421467
9.9964E-05 0.0744799 9.9964E-05 0.285588 9.9964E-05 0.0522469 9.9964E-05 0.587286
9.9964E-05 0.0799414 9.9964E-05 0.371591 9.9964E-05 0.113162 9.9964E-05 0.434906
0.0569492 0.0997594 0.106302 0.157965 9.9982E-05 9.9982E-05 0.0294877 0.549338
0.00513241 0.10904 0.00607774 0.148201 0.0428039 9.9991E-05 0.0347097 0.653934
0.436301 0.172906 9.9964E-05 0.0260357 9.9964E-05 9.9964E-05 9.9964E-05 0.364358
0.333796 0.12341 9.9982E-05 9.9982E-05 0.0132454 0.125809 0.0279021 0.375637
0.463839 0.0369701 9.9964E-05 0.0788113 9.9964E-05 9.9964E-05 9.9964E-05 0.41998
0.299124 0.0920337 0.11604 0.0114166 9.9991E-05 0.0379089 0.0180375 0.425339
0.545233 0.0935731 9.9973E-05 0.062532 9.9973E-05 9.9973E-05 0.0504637 0.247898
0.307907 0.148799 0.0493486 0.0794475 0.0386342 9.9991E-05 0.00564958 0.370114
0.538597 0.143229 9.9964E-05 9.9964E-05 0.100316 9.9964E-05 9.9964E-05 0.217458
0.330403 0.148205 9.9982E-05 9.9982E-05 0.053934 0.0190794 0.0645866 0.383592
9.9964E-05 0.0396513 9.9964E-05 0.397529 9.9964E-05 9.9964E-05 0.018509 0.543911
0.36707 0.0976081 0.0935504 0.0464205 0.0455558 9.9982E-05 9.9982E-05 0.349595
0.602507 0.153085 9.9964E-05 0.0634697 9.9964E-05 9.9964E-05 9.9964E-05 0.180539
0.400022 0.168603 9.9973E-05 9.9973E-05 9.9973E-05 0.0688701 0.131691 0.230515
9.9982E-05 0.111023 0.0762426 0.340303 9.9982E-05 0.211558 0.0605001 0.200173
0.0480803 9.9964E-05 9.9964E-05 0.260314 9.9964E-05 0.108937 9.9964E-05 0.582269
0.292158 0.19992 9.9964E-05 9.9964E-05 0.117517 9.9964E-05 9.9964E-05 0.390005
9.9982E-05 0.0957362 0.00992146 0.178953 0.0639344 0.0845692 9.9982E-05 0.566685
9.9982E-05 0.119706 0.01758 0.234771 9.9982E-05 0.0599884 0.0645893 0.503166
0.191984 0.169377 0.0389695 0.104081 0.00830169 0.0128414 0.119728 0.354718
0.229983 0.236155 0.0115922 0.00139592 0.146189 9.9991E-05 0.0428753 0.331709
0.136183 0.0406583 0.196264 0.0775064 9.9982E-05 9.9982E-05 0.0287986 0.52039
0.451309 0.0740334 0.0285636 0.0396692 9.9991E-05 0.0346896 0.0565066 0.315128
0.456728 0.0532319 0.0288206 0.0108086 0.0255189 0.0116919 9.9991E-05 0.4131
0.61729 0.162905 9.9964E-05 0.0812398 9.9964E-05 9.9964E-05 9.9964E-05 0.138165
9.9991E-05 0.0282471 0.0831865 0.158046 0.00642271 0.0190014 0.0401228 0.664874
9.9973E-05 0.0271492 0.014656 0.299553 9.9973E-05 0.171516 9.9973E-05 0.486826
0.00961534 0.0695784 9.9973E-05 0.695696 0.0140196 9.9973E-05 9.9973E-05 0.21079
0.0349531 0.165247 9.9973E-05 0.197582 9.9973E-05 9.9973E-05 0.0531537 0.548765
0.00772159 0.0754275 0.140134 0.221645 9.9991E-05 0.158789 0.0156376 0.380545
0.147399 0.161252 9.9973E-05 0.176853 9.9973E-05 0.0467543 9.9973E-05 0.467441
0.037943 0.145457 0.064225 0.0474967 0.127578 0.0890409 9.9991E-05 0.488159
0.235058 0.254146 9.9955E-05 0.510296 9.9955E-05 9.9955E-05 9.9955E-05 9.9955E-05
0.120994 0.25944 9.9955E-05 0.619066 9.9955E-05 9.9955E-05 9.9955E-05 9.9955E-05
