9.9964E-05 0.080614 9.9964E-05 0.0146171 9.9964E-05 0.88038 0.0239885 9.9964E-05
0.0426807 9.9955E-05 9.9955E-05 9.9955E-05 9.9955E-05 0.917357 9.9955E-05 0.039463
9.9973E-05 0.0443338 0.0348737 0.110525 9.9973E-05 0.783383 0.0265839 9.9973E-05
9.9964E-05 9.9964E-05 0.0760902 0.0599085 9.9964E-05 0.7816 0.0820015 9.9964E-05
9.9973E-05 9.9973E-05 0.0611967 0.0325886 9.9973E-05 0.878855 0.00629779 0.0207623
9.9964E-05 9.9964E-05 0.0846248 9.9964E-05 0.0753392 0.581066 9.9964E-05 0.25857
9.9955E-05 9.9955E-05 0.0228325 9.9955E-05 9.9955E-05 0.781064 9.9955E-05 0.195604
9.9973E-05 9.9973E-05 0.0296356 9.9973E-05 0.0533703 0.695793 0.0258195 0.195082
0.0700324 0.110335 9.99639E-05 9.99639E-05 9.99639E-05 0.765043 0.0541903 9.99639E-05
9.9964E-05 9.9964E-05 0.103482 9.9964E-05 0.0152193 0.644136 9.9964E-05 0.236763
9.9955E-05 9.9955E-05 9.9955E-05 9.9955E-05 9.9955E-05 0.718746 0.0077888 0.272965
0.0353384 9.9973E-05 0.0502774 0.0146442 0.879145 9.9973E-05 0.0202947 9.9973E-05
9.9982E-05 0.0574363 0.0176269 0.493098 0.363322 0.00874663 0.0595697 9.9982E-05
0.00550399 0.124542 9.9982E-05 0.184828 0.633201 0.00542245 0.0463031 9.9982E-05
9.9964E-05 0.00306006 0.126552 0.00175853 0.868229 9.9964E-05 9.9964E-05 9.9964E-05
0.00322663 0.0267004 0.148175 0.252352 0.483576 0.0674163 9.9991E-05 0.0184541
9.9982E-05 0.0956254 0.0263352 0.439125 0.33405 0.100359 9.9982E-05 0.00430529
9.9982E-05 9.9982E-05 0.0406121 0.337286 0.499921 0.00279101 0.022734 0.0964559
9.9955E-05 9.9955E-05 9.9955E-05 0.22103 0.669758 0.108712 9.9955E-05 9.9955E-05
9.9964E-05 9.9964E-05 9.9964E-05 9.9964E-05 0.738705 0.0159365 0.113157 0.131802
0.118096 0.0086747 0.115124 0.285374 0.414023 9.9982E-05 0.0585086 9.9982E-05
0.131405 0.0402256 0.0272431 0.35974 0.315143 9.9982E-05 9.9982E-05 0.126043
0.0537719 9.9982E-05 9.9982E-05 0.516822 0.258619 0.0747992 0.0237001 0.0720876
9.9964E-05 9.9964E-05 0.0643479 0.0383202 0.819619 9.9964E-05 9.9964E-05 0.0773129
0.0916769 0.0197855 0.101106 0.508648 0.0970366 0.10265 0.0789971 9.9991E-05
9.9973E-05 9.9973E-05 0.0612155 0.381921 0.489386 0.034925 9.9973E-05 0.0322523
9.9955E-05 9.9955E-05 9.9955E-05 0.0805773 0.880613 0.0383101 9.9955E-05 9.9955E-05
9.9946E-05 9.9946E-05 0.157082 9.9946E-05 0.842319 9.9946E-05 9.9946E-05 9.9946E-05
0.035674 9.9964E-05 9.9964E-05 0.0112422 0.866514 9.9964E-05 9.9964E-05 0.0861703
9.9955E-05 9.9955E-05 0.10375 0.0571208 9.9955E-05 0.83863 9.9955E-05 9.9955E-05
9.9964E-05 9.9964E-05 0.0410748 0.152654 0.0133951 0.792476 9.9964E-05 9.9964E-05
0.0189789 0.00282072 9.9973E-05 0.184292 0.0150541 0.778554 9.9973E-05 9.9973E-05
0.0155866 0.0396615 0.0555482 0.151237 9.9973E-05 0.737667 9.9973E-05 9.9973E-05
0.212525 9.9973E-05 9.9973E-05 0.605855 0.0685733 0.0634375 9.9973E-05 0.0493093
0.182816 0.0255562 0.0230524 0.530824 0.127511 0.11004 9.9982E-05 9.9982E-05
0.338944 9.9973E-05 0.0489438 0.498865 9.9973E-05 0.0182763 9.9973E-05 0.0946706
0.0576365 0.0538465 9.9982E-05 0.113988 0.323995 0.0869276 0.363406 9.9982E-05
0.533398 9.9955E-05 9.9955E-05 0.434271 9.9955E-05 0.0318313 9.9955E-05 9.9955E-05
0.267797 9.9982E-05 0.0274144 0.514388 0.0675028 0.069352 0.0533455 9.9982E-05
0.230353 0.0169995 0.0165096 0.677884 9.9982E-05 0.0240072 9.9982E-05 0.0340463
0.0243714 9.9982E-05 0.0194138 0.560055 9.9982E-05 0.0525337 0.0638014 0.279625
0.0589051 9.9973E-05 9.9973E-05 0.634555 0.0441855 0.16356 9.9973E-05 0.098495
0.580781 0.0455832 9.9973E-05 0.199076 0.0905463 9.9973E-05 0.083714 9.9973E-05
0.0232839 0.0654199 0.0661328 0.494798 0.151165 9.9982E-05 9.9982E-05 0.199001
0.302059 9.9973E-05 0.138762 0.497355 9.9973E-05 9.9973E-05 0.0109239 0.0505998
0.142025 0.0853666 0.0248098 0.512567 0.113702 0.12133 9.9982E-05 9.9982E-05
0.62929 0.0238732 9.9964E-05 0.33673 9.9964E-05 9.9964E-05 0.00970707 9.9964E-05
0.263034 9.9982E-05 0.0605215 0.589938 0.024178 0.0607894 9.9982E-05 0.00133868
0.130243 0.0840787 0.0297276 0.608021 0.0311476 0.116582 9.9982E-05 9.9982E-05
0.783634 0.19374 9.9955E-05 9.9955E-05 9.9955E-05 0.0221263 9.9955E-05 9.9955E-05
0.231015 0.0777157 9.9982E-05 0.154768 0.222845 9.9982E-05 0.288669 0.0247875
0.379664 0.210803 9.9973E-05 0.0216176 0.252425 9.9973E-05 9.9973E-05 0.135191
0.0840768 9.9991E-05 0.0928019 0.514216 0.188653 0.0492081 0.0544343 0.0165097
0.0255254 0.0338795 9.9991E-05 0.54975 0.192353 0.053711 0.0152512 0.129429
0.157385 0.0278775 0.0980168 0.541629 0.0199988 0.0674806 0.0409588 0.0466532
0.275749 0.0249312 9.9991E-05 0.13008 0.141715 0.10414 0.220679 0.102606
0.0320172 0.0997103 9.9982E-05 0.5335 0.132912 9.9982E-05 0.152316 0.0493442
9.9982E-05 0.0419888 0.0550224 0.558028 0.192706 9.9982E-05 0.0766505 0.0754044
0.165666 9.9991E-05 0.0420445 0.282761 0.243192 0.101673 0.0575237 0.107039
0.130249 0.1193 0.0279585 0.0131137 0.359947 0.153213 0.0916028 0.104616
0.149159 0.155952 9.9982E-05 0.569869 0.0787143 0.0423197 9.9982E-05 0.00378558
0.0398166 0.115255 9.9982E-05 0.424624 0.282024 0.0409487 0.0971314 9.9982E-05
0.173354 0.058294 9.9982E-05 9.9982E-05 0.504988 0.010167 0.195663 0.0573342
0.0573556 0.151539 9.9982E-05 0.508342 0.234972 9.9982E-05 0.0402232 0.00736851
0.0695746 0.130076 9.9982E-05 0.669511 0.0605985 9.9982E-05 0.0132896 0.0567508
9.9991E-05 0.0591987 0.0117618 0.566596 0.107221 0.0203065 0.118644 0.116172
0.185662 0.0532131 9.9991E-05 0.218614 0.37394 0.0628986 0.0321632 0.0734087
0.100846 0.164873 9.9973E-05 0.385503 0.317831 9.9973E-05 0.030647 9.9973E-05
0.0778672 0.0552423 9.9982E-05 0.675551 9.9982E-05 0.0220099 0.132172 0.0369573
0.173161 0.062648 9.9991E-05 0.170981 0.353908 0.0404956 0.113466 0.0852402
0.416245 9.9964E-05 9.9964E-05 0.53919 0.011165 9.9964E-05 0.0330007 9.9964E-05
0.553939 9.9973E-05 9.9973E-05 0.250819 0.146619 0.0236506 0.0246717 9.9973E-05
0.219657 0.0473658 0.0565027 0.535689 0.0509674 0.0483918 0.0413262 9.9991E-05
0.822525 9.9964E-05 0.0310662 9.9964E-05 0.0850838 9.9964E-05 9.9964E-05 0.060925
0.808745 0.0183515 9.9973E-05 0.0553017 0.114623 9.9973E-05 9.9973E-05 0.00267964
0.665643 9.9955E-05 0.0239627 0.309894 9.9955E-05 9.9955E-05 9.9955E-05 9.9955E-05
0.346269 9.9982E-05 9.9982E-05 0.48414 0.0603034 0.0379385 0.0343613 0.036787
0.0873064 0.0506191 0.0384514 0.601279 0.0599829 0.0770177 0.0852436 9.9991E-05
0.39257 0.0335869 0.0352995 0.39474 0.123568 0.0200349 9.9982E-05 9.9982E-05
0.438583 9.9982E-05 0.04563 0.207707 0.104633 0.051898 0.151348 9.9982E-05
0.404486 9.9973E-05 9.9973E-05 0.260486 0.106463 0.0646617 0.163604 9.9973E-05
0.313018 9.9973E-05 0.0900658 0.463166 9.9973E-05 0.126253 0.00719734 9.9973E-05
0.460061 9.9982E-05 0.0131352 0.319085 0.126955 0.0581417 9.9982E-05 0.0224217
0.283494 9.9973E-05 9.9973E-05 0.407292 0.141824 0.0495559 9.9973E-05 0.117534
0.44594 9.9964E-05 9.9964E-05 0.524567 9.9964E-05 0.0203931 9.9964E-05 0.00870066
0.749427 0.0847276 0.0374722 9.9982E-05 0.0221551 9.9982E-05 0.0166933 0.0893248
0.158256 0.0754247 0.00179471 0.672192 0.0319326 0.014846 0.0206624 0.0248924
9.9964E-05 9.9964E-05 0.000895046 0.135157 0.0699353 0.793613 9.9964E-05 9.9964E-05
9.9946E-05 9.9946E-05 9.9946E-05 0.084073 9.9946E-05 0.915327 9.9946E-05 9.9946E-05
9.9964E-05 0.0166738 0.0527248 0.065851 9.9964E-05 0.864351 9.9964E-05 9.9964E-05
9.9955E-05 0.0913463 9.9955E-05 0.046645 9.9955E-05 0.861509 9.9955E-05 9.9955E-05
9.9964E-05 0.0467631 9.9964E-05 0.0873639 0.0213947 0.844078 9.9964E-05 9.9964E-05
0.0116993 0.0374212 0.027207 0.0308157 9.9982E-05 0.889309 0.00334757 9.9982E-05
9.99635E-05 9.99635E-05 9.99635E-05 0.0721804 0.0104585 0.916861 9.99635E-05 9.99635E-05
0.120338 9.9991E-05 0.0396783 0.595089 0.0144899 0.13351 0.013754 0.0830408
9.9991E-05 0.0284407 0.06933 0.549534 0.179309 0.082867 0.0531061 0.0373134
0.743385 9.9973E-05 9.9973E-05 0.0943287 0.0795067 0.0433602 0.0391194 9.9973E-05
0.10811 0.0561681 0.0689994 0.531038 0.117318 9.9991E-05 0.0512101 0.0670561
0.215994 9.9973E-05 9.9973E-05 0.435048 0.203515 9.9973E-05 0.0615778 0.083566
0.24058 0.035603 9.9973E-05 0.632747 9.9973E-05 0.0778425 9.9973E-05 0.0129272
0.284496 9.9982E-05 0.019096 0.556147 0.0232007 0.0559527 9.9982E-05 0.0609071
0.36657 9.9964E-05 0.0710357 0.525901 9.9964E-05 0.0360932 9.9964E-05 9.9964E-05
0.677106 9.9964E-05 9.9964E-05 9.9964E-05 0.211342 0.0719244 0.0392273 9.9964E-05
0.148901 0.0173144 0.0405747 0.493613 0.0550742 0.164197 0.0140659 0.06626
0.169724 9.9982E-05 0.0730319 0.652589 9.9982E-05 0.00143358 0.0545122 0.0485089
0.151515 0.0726915 0.0520241 0.515391 0.080769 0.0965305 0.0309788 9.9991E-05
0.499157 0.0291224 0.0365265 0.317016 9.9982E-05 0.0137748 9.9982E-05 0.104203
0.360651 9.9955E-05 9.9955E-05 0.601576 9.9955E-05 0.0372726 9.9955E-05 9.9955E-05
0.274225 9.9973E-05 0.0339358 0.513286 0.094169 9.9973E-05 0.0840842 9.9973E-05
0.517396 9.9955E-05 0.105959 0.376146 9.9955E-05 9.9955E-05 9.9955E-05 9.9955E-05
0.317978 9.9973E-05 9.9973E-05 0.491499 0.0938808 0.0677322 0.0286096 9.9973E-05
0.0810007 0.121751 9.9991E-05 0.620105 0.0259045 0.105137 0.00855374 0.0374479
0.232383 0.287513 9.9973E-05 0.189699 0.203504 9.9973E-05 0.0866012 9.9973E-05
9.9991E-05 0.0308246 0.0164129 0.421701 0.189561 0.142402 0.180227 0.0187726
0.0472317 9.9973E-05 9.9973E-05 0.574953 9.9973E-05 0.0953372 0.104306 0.177871
0.0756887 0.0267386 0.0240588 0.587983 0.0192087 0.117811 0.0608557 0.0876552
0.0119982 0.117361 9.9973E-05 0.421145 0.313171 9.9973E-05 0.136025 9.9973E-05
9.9982E-05 0.0225869 0.0415087 0.519349 0.213064 9.9982E-05 0.159941 0.0433508
0.0799352 0.047439 9.9982E-05 0.457847 0.126652 0.0371871 0.250739 9.9982E-05
0.123337 0.0921447 9.9982E-05 0.555204 9.9982E-05 0.0507201 0.119481 0.0589133
0.0129297 0.0565435 0.126192 0.4627 9.9991E-05 0.0663187 0.175298 0.0999177
9.9973E-05 0.103921 9.9973E-05 0.581363 0.235069 9.9973E-05 0.0698189 0.00952793
0.0220625 0.0142791 9.9982E-05 0.556094 0.141898 9.9982E-05 0.253991 0.0114748
0.000569394 0.0536678 0.0693386 0.572592 0.00606817 9.9991E-05 0.0770954 0.220568
0.0766627 0.0300841 0.0480918 0.631141 9.9991E-05 0.0505292 0.116577 0.046815
0.0288156 9.9964E-05 9.9964E-05 0.595217 0.180577 9.9964E-05 0.194991 9.9964E-05
9.9973E-05 0.168025 0.00221843 0.631244 9.9973E-05 0.03282 0.165393 9.9973E-05
0.0513834 0.0521427 0.101006 0.48975 0.140879 9.9991E-05 0.133213 0.0315254
9.9982E-05 0.223917 9.9982E-05 0.330194 0.180801 0.0521638 0.164643 0.0480808
0.0701168 0.0541723 0.0133097 0.660512 0.0608733 9.9982E-05 0.140816 9.9982E-05
9.9964E-05 0.12871 9.9964E-05 0.637845 9.9964E-05 9.9964E-05 0.175267 0.0577789
0.230669 0.0192617 0.0915038 0.177704 0.20102 9.9982E-05 0.279641 9.9982E-05
0.150761 0.23533 9.9982E-05 0.167056 0.203007 9.9982E-05 0.177907 0.0657384
0.0114356 0.0795859 9.9991E-05 0.53954 0.0843228 0.0308669 0.114344 0.139805
0.322304 0.103467 0.0139472 0.121682 0.0115718 9.9991E-05 0.301931 0.124997
0.131926 9.9982E-05 9.9982E-05 0.257684 0.308041 0.0619476 0.21364 0.0265624
0.117542 9.9973E-05 9.9973E-05 0.41212 0.142704 9.9973E-05 0.275391 0.051943
0.208456 0.038709 9.9973E-05 0.342876 0.118992 9.9973E-05 0.290667 9.9973E-05
0.107226 9.9982E-05 0.0078321 0.234781 0.201422 9.9982E-05 0.265628 0.182911
0.142894 9.9982E-05 0.03592 0.59797 9.9982E-05 0.0519862 0.0964276 0.074602
0.0696789 0.089201 0.101072 0.405017 0.1197 0.102507 0.0441918 0.0686333
0.0613499 9.9991E-05 0.0355529 0.487119 0.175368 0.151381 0.0805048 0.00862453
0.224981 0.195001 0.0289034 0.151814 0.128772 9.9982E-05 0.270328 9.9982E-05
0.105389 0.064036 0.0220943 0.458396 0.107084 0.0649131 0.0756371 0.102451
0.0723218 0.0841589 0.0585298 0.369546 0.0710827 0.0417163 9.9991E-05 0.302544
0.238471 0.231783 9.9982E-05 9.9982E-05 0.0772245 0.0673384 0.0664954 0.318488
0.104285 9.9964E-05 0.139084 0.585922 9.9964E-05 9.9964E-05 9.9964E-05 0.17031
0.254436 0.15483 9.9982E-05 0.321406 9.9982E-05 0.0964617 0.0514708 0.121196
0.0404502 0.17261 0.00889079 0.513119 0.117002 0.0360664 0.0728243 0.0390377
0.115763 0.311922 9.9973E-05 0.257977 9.9973E-05 9.9973E-05 0.0774072 0.236631
0.142386 0.125592 9.9991E-05 0.156584 0.0651439 0.035691 0.0396526 0.434851
0.105732 0.140665 9.9973E-05 0.453883 9.9973E-05 9.9973E-05 0.142111 0.157309
0.0826233 9.9991E-05 0.0158446 0.439633 0.108666 0.183483 0.0260146 0.143635
0.0896695 0.0932088 0.074371 0.360847 0.147625 0.0611528 0.0890236 0.0841025
0.303454 0.272838 0.0899003 9.9973E-05 0.158573 9.9973E-05 9.9973E-05 0.174935
0.155352 0.0394095 0.0457366 0.504342 0.0111692 0.146622 0.0494003 0.0479676
0.102198 0.040176 9.9973E-05 0.360142 0.151933 9.9973E-05 9.9973E-05 0.345251
0.137703 0.0353753 9.9973E-05 0.412261 0.22178 9.9973E-05 9.9973E-05 0.192582
0.170836 0.0929596 0.100653 0.496626 0.127524 0.00664347 0.00465701 9.9991E-05
9.9982E-05 0.248016 0.116879 0.217488 0.0392794 0.282074 9.9982E-05 0.0960634
9.9964E-05 0.533425 0.0676238 9.9964E-05 9.9964E-05 0.369559 9.9964E-05 0.0289929
9.9973E-05 0.633087 0.0769392 9.9973E-05 9.9973E-05 0.210717 0.00529046 0.0736662
9.9991E-05 0.281051 0.273969 0.0853806 0.0312264 0.291958 0.021141 0.0151735
0.0207509 9.9973E-05 0.026807 0.590156 9.9973E-05 0.0151363 9.9973E-05 0.34685
0.196522 0.0401864 0.107807 0.517965 0.0496609 0.0494359 0.00438978 0.0340341
9.9955E-05 9.9955E-05 0.647292 0.320967 9.9955E-05 9.9955E-05 0.0312418 9.9955E-05
0.0534674 9.9973E-05 0.478453 0.281724 0.131295 9.9973E-05 0.054761 9.9973E-05
0.0425504 0.0880076 0.432009 0.382053 9.9982E-05 9.9982E-05 0.0504739 0.00470658
0.175772 0.01248 0.0226614 0.22646 9.9973E-05 9.9973E-05 9.9973E-05 0.562327
0.0865916 0.17008 0.0930742 0.431437 0.000130364 0.0215009 0.0494711 0.147715
0.154059 0.12431 9.9973E-05 0.163504 0.0371569 9.9973E-05 9.9973E-05 0.520669
0.0554664 0.00999601 0.0151183 0.534313 9.9991E-05 0.00125261 0.00270608 0.381047
0.204217 0.0017315 9.9982E-05 0.394916 0.0685272 0.0649209 9.9982E-05 0.265488
0.0335214 0.0264903 0.0308129 0.51404 0.0398243 9.9991E-05 0.0301391 0.325072
0.211233 0.101617 9.9982E-05 0.118406 0.0822832 9.9982E-05 0.000937213 0.485324
0.127941 0.058099 0.0971342 0.489913 0.0305257 0.0127909 0.0210983 0.162498
0.082903 9.9982E-05 0.111389 0.458859 9.9982E-05 0.104799 0.00969209 0.232159
0.0216418 9.9955E-05 0.933424 9.9955E-05 9.9955E-05 9.9955E-05 9.9955E-05 0.0444343
9.9964E-05 9.9964E-05 0.906898 0.00984083 0.0348527 9.9964E-05 9.9964E-05 0.0480085
0.0769106 9.9991E-05 0.560363 0.177109 0.022197 0.0454158 0.0377285 0.0801763
9.9964E-05 9.9964E-05 0.599564 0.383206 9.9964E-05 0.00960612 0.00722393 9.9964E-05
0.0497341 9.9973E-05 0.79402 0.0944485 0.0110719 9.9973E-05 9.9973E-05 0.0504256
9.9946E-05 9.9946E-05 0.985032 9.9946E-05 0.0143679 9.9946E-05 9.9946E-05 9.9946E-05
9.9955E-05 0.00311721 0.933397 9.9955E-05 9.9955E-05 9.9955E-05 0.0629857 9.9955E-05
9.9955E-05 9.9955E-05 0.801292 0.157999 0.040209 9.9955E-05 9.9955E-05 9.9955E-05
9.9955E-05 9.9955E-05 0.91869 0.0449444 0.0358658 9.9955E-05 9.9955E-05 9.9955E-05
9.994E-05 9.994E-05 0.9993 9.994E-05 9.994E-05 9.994E-05 9.994E-05 9.994E-05
9.994E-05 9.994E-05 0.9993 9.994E-05 9.994E-05 9.994E-05 9.994E-05 9.994E-05
9.9973E-05 9.9973E-05 0.791744 0.0839352 0.0540425 0.00291028 9.9973E-05 0.067068
9.9973E-05 0.00803772 0.781961 0.125699 9.9973E-05 0.0504526 0.0335498 9.9973E-05
0.0093565 9.9946E-05 0.990044 9.9946E-05 9.9946E-05 9.9946E-05 9.9946E-05 9.9946E-05
0.00385991 9.9991E-05 0.411127 0.264051 0.200558 0.0345325 0.0532583 0.0325134
0.0313469 0.0472371 0.66767 0.121543 9.9982E-05 0.0574868 0.074516 9.9982E-05
9.9973E-05 0.00106641 0.732826 0.21139 9.9973E-05 0.0181668 0.0362511 9.9973E-05
9.9964E-05 9.9964E-05 0.877877 0.0392124 0.0569233 0.0255871 9.9964E-05 9.9964E-05
9.9955E-05 0.0407109 0.929502 0.0292873 9.9955E-05 9.9955E-05 9.9955E-05 9.9955E-05
0.0271753 0.0468367 0.821051 0.0683269 9.9973E-05 0.03631 9.9973E-05 9.9973E-05
9.9946E-05 9.9946E-05 0.982518 9.9946E-05 9.9946E-05 0.0168825 9.9946E-05 9.9946E-05
9.9973E-05 0.0471582 0.588031 0.232034 0.0704823 0.0619944 9.9973E-05 9.9973E-05
0.0166592 9.9955E-05 0.932051 9.9955E-05 0.0507904 9.9955E-05 9.9955E-05 9.9955E-05
9.9955E-05 0.280104 9.9955E-05 9.9955E-05 9.9955E-05 0.244932 9.9955E-05 0.474464
9.9991E-05 0.0362257 0.0188678 0.447208 0.0859113 0.159413 0.0794994 0.172775
0.0672905 0.143178 0.00752318 0.370554 9.9982E-05 0.224148 9.9982E-05 0.187107
9.9973E-05 0.357708 0.0266218 0.179203 9.9973E-05 0.11904 9.9973E-05 0.317127
0.0990828 0.21534 0.108168 0.348687 9.9991E-05 0.0469477 0.0562412 0.125433
0.0749679 0.278427 0.0899518 0.129558 0.0494246 0.137399 9.9991E-05 0.240172
0.0719285 0.0577741 0.068903 0.40379 0.00874021 0.146989 0.099301 0.142574
9.9973E-05 0.137447 0.166979 0.345932 9.9973E-05 0.065527 9.9973E-05 0.283815
9.9973E-05 0.0171076 0.201793 0.364084 9.9973E-05 0.130981 9.9973E-05 0.285735
9.9973E-05 0.159735 0.192325 0.214119 9.9973E-05 0.108764 9.9973E-05 0.324757
9.9982E-05 0.137289 0.111883 0.372405 0.0967501 0.0624126 9.9982E-05 0.21906
9.9973E-05 0.0396541 9.9973E-05 0.00109093 9.9973E-05 0.774504 0.0682294 0.116222
0.0246788 0.0702147 0.0130078 9.9973E-05 9.9973E-05 0.888335 0.0034641 9.9973E-05
9.9973E-05 0.0836099 9.9973E-05 0.00804762 0.0025351 0.900991 0.00451673 9.9973E-05
9.9964E-05 0.0145727 9.9964E-05 0.00491144 9.9964E-05 0.897361 0.0827549 9.9964E-05
9.9973E-05 0.0829345 9.9973E-05 9.9973E-05 0.00623551 0.845757 0.0572186 0.00755451
9.9964E-05 0.0961695 0.0710126 9.9964E-05 0.00474275 0.827675 9.9964E-05 9.9964E-05
9.9964E-05 9.9964E-05 0.0578281 0.0380702 9.9964E-05 0.882019 0.0216825 9.9964E-05
0.0320722 0.134724 0.0122339 0.00355969 9.9982E-05 0.811715 0.00549503 9.9982E-05
9.9955E-05 0.134152 9.9955E-05 0.0188303 9.9955E-05 0.846518 9.9955E-05 9.9955E-05
9.9964E-05 0.0997027 0.111549 9.9964E-05 0.0125915 0.775757 9.9964E-05 9.9964E-05
0.097077 9.9964E-05 9.9964E-05 9.9964E-05 0.188804 0.626334 0.0873847 9.9964E-05
0.0270009 9.9964E-05 9.9964E-05 9.9964E-05 0.206007 0.588999 0.177593 9.9964E-05
0.0118603 0.0946381 9.9973E-05 9.9973E-05 0.270813 0.473481 0.148908 9.9973E-05
0.106725 9.9973E-05 9.9973E-05 9.9973E-05 0.215033 0.502853 0.10857 0.0665192
0.155198 0.0375689 9.9982E-05 0.511844 0.115326 0.0508138 0.129049 9.9982E-05
0.189318 9.9982E-05 0.0260408 0.526609 0.197726 0.0520984 9.9982E-05 0.0080083
0.132417 9.9982E-05 0.109223 0.456214 0.0742608 9.9982E-05 0.123117 0.104569
0.190895 0.0785785 9.9973E-05 0.473229 0.0669076 9.9973E-05 0.19009 9.9973E-05
0.176987 9.9982E-05 0.016278 0.0878118 0.320467 9.9982E-05 0.336576 0.0616797
0.162569 9.9991E-05 0.0867817 0.551139 0.0124315 0.070122 0.0115857 0.105272
0.270554 0.0399414 0.0216682 0.55184 0.0400387 0.00881339 0.0670446 9.9991E-05
0.26823 0.00222017 9.9982E-05 0.498802 0.0775085 9.9982E-05 0.0657296 0.0873094
0.492032 9.9973E-05 0.041144 0.386455 0.0203055 9.9973E-05 0.0597633 9.9973E-05
0.0772425 0.0943237 9.9964E-05 0.689395 9.9964E-05 9.9964E-05 0.138639 9.9964E-05
0.359751 0.0135782 9.9973E-05 0.42008 0.0327265 9.9973E-05 0.173565 9.9973E-05
0.937868 9.9955E-05 0.0260374 9.9955E-05 9.9955E-05 9.9955E-05 0.0355946 9.9955E-05
0.175383 0.0720618 0.0278831 0.535132 0.016569 0.0437433 0.0920729 0.0371543
0.533706 0.10729 9.9964E-05 0.297899 9.9964E-05 9.9964E-05 9.9964E-05 0.060705
0.429531 0.0338284 9.99702E-05 0.535495 9.99702E-05 9.99702E-05 9.99702E-05 0.000745517
0.632935 9.9973E-05 9.9973E-05 0.134328 0.0772849 0.0425262 0.112626 9.9973E-05
9.9964E-05 9.9964E-05 0.0197361 9.9964E-05 9.9964E-05 0.0855408 0.661158 0.233166
9.9955E-05 9.9955E-05 9.9955E-05 9.9955E-05 9.9955E-05 0.0712824 0.603663 0.324554
9.9946E-05 9.9946E-05 9.9946E-05 9.9946E-05 9.9946E-05 9.9946E-05 0.767926 0.231474
0.0503602 9.9964E-05 9.9964E-05 9.9964E-05 9.9964E-05 0.0745248 0.67001 0.204705
9.9973E-05 9.9973E-05 0.0519444 0.0139573 0.012614 9.9973E-05 0.663225 0.25796
9.9973E-05 9.9973E-05 0.05273 0.0582367 9.9973E-05 0.0292066 0.708149 0.151378
9.9973E-05 0.0602924 0.042557 0.0811797 0.00376514 0.811906 9.9973E-05 9.9973E-05
9.9973E-05 0.0172688 9.9973E-05 0.0563439 0.0687485 0.856156 0.00118326 9.9973E-05
9.9973E-05 0.0790584 0.0635406 0.139857 9.9973E-05 0.710237 0.007007 9.9973E-05
9.9973E-05 9.9973E-05 0.115765 9.9973E-05 0.0781007 0.752933 0.0344693 0.0184325
9.9982E-05 9.9982E-05 0.0620025 0.0532983 0.0407097 0.777915 0.0329877 0.0328872
0.0257595 0.00974415 9.9973E-05 9.9973E-05 9.9973E-05 0.361702 0.536912 0.0655825
0.109373 0.0850393 9.9973E-05 9.9973E-05 9.9973E-05 0.395312 0.405011 0.00496496
0.0928745 9.9955E-05 9.9955E-05 9.9955E-05 9.9955E-05 0.453788 0.452838 9.9955E-05
9.9964E-05 9.9964E-05 0.0498313 0.0852267 0.0674078 0.797134 9.9964E-05 9.9964E-05
0.125713 0.0484144 9.9964E-05 9.9964E-05 9.9964E-05 0.356444 0.469029 9.9964E-05
9.9982E-05 0.306382 0.292019 0.287651 0.00879843 0.0853455 0.019604 9.9982E-05
0.0774251 9.9982E-05 0.279881 0.510974 9.9982E-05 0.0996403 0.0195556 0.0123248
9.9964E-05 9.9964E-05 0.269753 0.45555 0.0776906 0.196607 9.9964E-05 9.9964E-05
9.9973E-05 0.0991101 0.200587 0.263728 9.9973E-05 0.256776 9.9973E-05 0.179498
9.9982E-05 0.0673031 0.193114 0.455665 0.0941744 0.054709 9.9982E-05 0.134835
9.9964E-05 0.357027 0.26522 9.9964E-05 9.9964E-05 0.306841 9.9964E-05 0.0705124
0.112957 9.9973E-05 9.9973E-05 0.393838 0.165967 9.9973E-05 0.231003 0.0959344
0.197126 0.207027 9.9973E-05 0.381003 0.0635552 9.9973E-05 0.150989 9.9973E-05
9.9973E-05 0.00946981 9.9973E-05 0.164425 0.535663 0.069709 0.220433 9.9973E-05
0.280099 0.0828286 0.0103059 0.453633 0.0279682 9.9991E-05 0.117606 0.0274586
0.575238 0.2911 9.9964E-05 9.9964E-05 9.9964E-05 9.9964E-05 0.129107 0.00415531
9.9982E-05 0.0953911 0.0588015 0.396478 0.292344 9.9982E-05 0.00170057 0.155085
0.119785 0.113644 9.9973E-05 0.428221 0.227437 9.9973E-05 0.110613 9.9973E-05
0.144603 0.0407384 9.9973E-05 0.276662 0.362255 9.9973E-05 0.175442 9.9973E-05
0.149756 9.9982E-05 0.0133418 0.540784 0.153854 0.100462 0.0416033 9.9982E-05
0.252126 0.199817 9.9982E-05 0.0704845 0.372539 9.9982E-05 0.0854684 0.0193642
0.190051 0.130342 9.9982E-05 0.444919 0.0171047 9.9982E-05 0.130957 0.0864261
0.0687695 0.017415 9.9973E-05 0.539813 0.139511 9.9973E-05 0.234192 9.9973E-05
0.0798184 0.147566 0.158675 0.4035 0.119574 0.0739628 9.9991E-05 0.0168045
0.209277 0.0691241 9.9982E-05 0.345077 0.170525 9.9982E-05 0.129187 0.0766096
0.0956386 0.0476717 9.9982E-05 0.468358 0.196814 0.0203521 0.170965 9.9982E-05
0.0496727 0.0814004 0.0525333 0.437331 0.227274 9.9991E-05 0.0257944 0.125894
0.132592 0.0203552 9.9991E-05 0.540405 0.0153092 0.0155723 0.132212 0.143455
0.152311 0.0334249 0.0259975 0.564273 0.0786509 0.00671678 0.138526 9.9991E-05
0.067016 0.0818587 9.9982E-05 0.525378 9.9982E-05 0.176763 0.111963 0.0368209
0.00705968 0.112167 9.9982E-05 0.637964 0.0228984 0.0620561 0.157655 9.9982E-05
9.9964E-05 9.9964E-05 0.0907643 0.13311 9.9964E-05 0.771138 9.9964E-05 0.00458797
0.078283 9.9964E-05 0.0967064 0.0220392 9.9964E-05 0.802572 9.9964E-05 9.9964E-05
0.0624476 0.0780905 0.00948434 0.0482458 9.9991E-05 0.746639 0.0367689 0.0182239
0.0881472 9.9964E-05 0.108681 9.9964E-05 9.9964E-05 0.789186 0.0135868 9.9964E-05
9.9955E-05 9.9955E-05 0.0296406 0.142315 9.9955E-05 0.827545 9.9955E-05 9.9955E-05
0.0450727 0.104097 9.9973E-05 0.101494 0.516587 9.9973E-05 0.232449 9.9973E-05
0.125395 0.0812595 0.0298376 0.460455 0.235619 0.0672349 9.9982E-05 9.9982E-05
0.0515078 0.0540357 0.133436 0.384706 9.9982E-05 0.196506 9.9982E-05 0.179609
0.0066578 0.103913 9.9973E-05 0.648035 0.195526 9.9973E-05 0.0455687 9.9973E-05
0.123085 0.00334119 9.9982E-05 0.570279 0.0556649 0.00961582 0.237813 9.9982E-05
0.0149628 0.158166 0.00309224 0.341211 0.152944 9.9991E-05 0.206903 0.122622
0.140581 0.188364 9.9982E-05 0.00985707 0.147558 0.0597035 0.453737 9.9982E-05
0.0271339 0.0511283 9.9982E-05 0.57605 9.9982E-05 0.0126273 0.26693 0.0659305
0.0766085 0.029473 0.149092 9.9991E-05 0.262143 0.0190047 0.366567 0.0970123
0.113819 0.101369 0.0346855 0.47904 9.9991E-05 0.0325821 0.125355 0.113049
0.123711 0.0375462 0.0201347 0.0371068 0.334708 0.0992018 0.347492 9.9991E-05
0.0573883 9.9982E-05 0.0487378 0.597957 9.9982E-05 0.0936102 0.160663 0.0414433
0.180139 0.0593001 9.9982E-05 0.046897 0.482506 0.0439501 0.187008 9.9982E-05
0.11098 0.146317 0.0268631 0.29771 0.193784 0.00677966 0.150953 0.0666134
9.9982E-05 9.9982E-05 0.0753156 0.424837 0.0835141 0.00507894 0.172141 0.238913
0.0128092 0.0759095 0.0134188 0.218683 9.9982E-05 9.9982E-05 0.0396492 0.63933
9.9973E-05 9.9973E-05 0.0385589 0.465295 0.0841482 0.0665311 9.9973E-05 0.345167
0.0554428 0.114347 9.9982E-05 0.490441 9.9982E-05 0.148934 0.0290587 0.161576
0.0852075 0.0904542 9.9973E-05 0.295872 9.9973E-05 9.9973E-05 0.0372444 0.490922
0.0705388 9.9982E-05 0.00419222 0.413316 9.9982E-05 0.141063 0.0662107 0.304479
0.0929699 9.9982E-05 0.0391153 0.517766 9.9982E-05 0.0444663 0.0336416 0.271841
0.195133 9.9955E-05 9.9955E-05 9.9955E-05 9.9955E-05 9.9955E-05 0.0248425 0.779524
0.0494198 0.120173 9.9973E-05 0.19253 9.9973E-05 9.9973E-05 0.00498822 0.63259
0.0191331 0.0292776 9.9973E-05 0.467543 9.9973E-05 9.9973E-05 0.0579652 0.425782
0.259365 0.0536837 9.9973E-05 0.0771914 9.9973E-05 9.9973E-05 0.109015 0.500445
9.9964E-05 0.048509 9.9964E-05 0.418518 0.148087 9.9964E-05 9.9964E-05 0.384486
0.12743 0.0403014 0.00473998 0.0938492 0.303118 9.9982E-05 0.430361 9.9982E-05
0.281969 0.126252 9.9973E-05 0.262312 0.104028 9.9973E-05 0.225139 9.9973E-05
0.0492826 9.9982E-05 0.0934755 0.237797 0.392756 0.00855795 0.217931 9.9982E-05
0.0272419 0.0104745 0.0656086 0.539069 0.191983 9.9991E-05 0.153545 0.0119781
0.132367 9.9982E-05 0.0182283 0.181996 0.292723 9.9982E-05 0.317542 0.0569435
0.00476094 0.0799279 0.0566011 0.485591 0.0993757 9.9991E-05 0.2155 0.0581433
0.0553393 9.9991E-05 0.0699676 0.562446 0.057854 0.0119769 0.174208 0.0681088
9.9973E-05 0.101461 0.0385332 0.462009 0.244377 9.9973E-05 0.15332 9.9973E-05
0.0683411 0.0229003 0.13428 0.434513 0.133795 0.0134038 0.183087 0.00967978
0.148022 9.9982E-05 0.00872199 0.444147 0.0398972 0.0477812 0.311231 9.9982E-05
0.155187 9.9973E-05 0.0947872 0.143364 0.265732 9.9973E-05 0.34063 9.9973E-05
0.0591435 9.9982E-05 0.171162 0.270075 0.129483 9.9982E-05 0.351537 0.0183997
0.0587423 0.0418255 0.0190251 0.51212 0.248653 9.9982E-05 0.119434 9.9982E-05
9.9991E-05 0.115087 0.0197854 0.67429 0.100071 0.0640685 0.00526611 0.0213321
0.107442 0.146444 9.9973E-05 0.464856 0.0499375 9.9973E-05 0.231021 9.9973E-05
0.0912572 0.0879149 9.9973E-05 0.557387 0.0957575 9.9973E-05 0.167383 9.9973E-05
9.9973E-05 0.116621 9.9973E-05 0.378606 0.181641 9.9973E-05 0.251074 0.0717585
0.0512119 0.0360983 9.9991E-05 0.594658 0.0815732 0.00405552 0.161131 0.0711713
0.0809514 9.9973E-05 0.118009 0.473143 0.124789 9.9973E-05 0.202807 9.9973E-05
0.199716 0.0245055 0.111982 0.41658 0.0143722 0.000921744 0.184167 0.0477547
9.9964E-05 9.9964E-05 0.148739 0.371827 0.162341 0.316693 9.9964E-05 9.9964E-05
0.0807956 0.119282 0.23629 0.422401 9.9991E-05 0.0827271 0.0177577 0.0406467
0.00568467 0.208954 0.119231 0.541008 0.01769 0.0677087 0.0396241 9.9991E-05
0.00429407 0.0155474 0.0350178 0.66199 0.132822 0.049336 0.100125 0.000867157
0.1038 0.042039 0.239397 0.391583 0.0487046 0.174277 9.9982E-05 9.9982E-05
0.147492 9.9982E-05 0.0373887 0.392836 0.234899 9.9982E-05 0.033526 0.153658
0.089505 0.0505307 0.118731 0.534109 0.106914 0.100011 9.9982E-05 9.9982E-05
0.12039 0.429932 0.067743 9.9982E-05 0.205577 0.0845407 9.9982E-05 0.0916169
0.00185513 0.162847 0.189752 0.389281 0.168129 0.0460934 0.0419413 9.9991E-05
0.131186 0.0211779 0.142467 0.51454 9.9982E-05 0.14058 0.0498483 9.9982E-05
0.123766 0.00967846 0.249777 0.416397 0.162549 0.0376321 9.9982E-05 9.9982E-05
0.0730958 0.281428 0.0040189 0.397208 0.102483 0.11352 0.00385219 0.0243947
9.9964E-05 0.176765 9.9964E-05 0.574519 0.0345424 0.213774 9.9964E-05 9.9964E-05
9.9991E-05 0.0802246 0.14322 0.554934 0.018801 0.147185 0.00328579 0.05225
0.104234 0.468044 0.125643 9.9973E-05 9.9973E-05 0.300569 9.9973E-05 0.00120934
9.9973E-05 0.0805926 0.158894 0.552577 0.046185 0.161452 9.9973E-05 9.9973E-05
0.032343 0.0987269 0.237839 0.433081 0.0966633 0.101148 9.9982E-05 9.9982E-05
0.0771995 0.0898716 0.133055 0.547737 0.0272298 0.0279794 9.9991E-05 0.0968283
9.9964E-05 0.109285 0.136667 0.584179 9.9964E-05 0.169468 9.9964E-05 9.9964E-05
0.0590716 0.0894229 0.126698 0.459265 0.0217157 0.173793 0.0136663 0.0563679
0.289739 9.9982E-05 0.169159 0.334808 0.00361184 9.9982E-05 0.0715901 0.130892
0.163297 0.102185 0.0839579 0.48671 0.0248221 0.0900122 9.9991E-05 0.0489161
0.68283 0.0577921 9.9982E-05 0.0087195 0.107275 9.9982E-05 0.0241811 0.119002
0.634016 0.0765674 0.00572399 9.9973E-05 9.9973E-05 9.9973E-05 0.0757349 0.207658
0.16486 0.10259 0.0650285 0.44554 0.147367 0.0744147 9.9982E-05 9.9982E-05
0.0302646 0.223474 0.181915 0.457583 0.0579145 0.0290932 0.0196561 9.9991E-05
0.0699133 0.279879 0.21561 0.408083 9.9973E-05 0.0262145 9.9973E-05 9.9973E-05
0.0858626 0.360129 0.213531 0.197668 0.0349786 0.10763 9.9982E-05 9.9982E-05
0.00576316 0.195755 0.18432 0.429682 0.06251 0.121771 9.9982E-05 9.9982E-05
0.354965 0.390123 9.9964E-05 0.154991 9.9964E-05 9.9964E-05 9.9964E-05 0.0995214
0.363464 0.399931 0.0121593 0.224046 9.9964E-05 9.9964E-05 9.9964E-05 9.9964E-05
0.187541 0.0914858 0.09044 0.568339 0.0340527 9.9982E-05 9.9982E-05 0.0279409
0.300168 0.00145224 0.122733 0.438205 9.9982E-05 0.0644774 9.9982E-05 0.0727651
0.362292 0.277985 0.100789 0.17747 9.9991E-05 0.0218382 0.0480141 0.0115117
0.118955 0.11092 0.184355 0.376959 0.157309 0.0378254 0.0135776 9.9991E-05
0.114055 0.159209 0.0435277 0.608264 9.9973E-05 9.9973E-05 9.9973E-05 0.0746441
0.101484 9.9991E-05 0.177027 0.398122 0.0432442 0.123383 0.100961 0.0556785
0.355194 0.00379961 9.9991E-05 0.358505 0.122842 0.0292226 0.0715904 0.0587461
0.291422 0.0749942 0.0518338 0.333704 0.0366872 9.9991E-05 0.0950092 0.116249
0.14277 9.9973E-05 0.0354655 0.519194 9.9973E-05 9.9973E-05 0.051561 0.25071
0.265407 0.0189206 0.0482768 0.361576 9.9991E-05 0.0186297 0.122693 0.164398
0.192763 0.197386 0.11459 0.236221 0.118708 0.0167923 9.9991E-05 0.12344
0.189116 0.144375 9.9973E-05 0.424116 0.122957 9.9973E-05 9.9973E-05 0.119137
0.392685 0.0836301 9.9982E-05 0.241442 0.00749719 9.9982E-05 0.0705026 0.204043
0.271171 0.00755687 0.0588391 0.504338 0.0209378 0.0464323 9.9991E-05 0.0906249
0.514305 0.120582 9.9982E-05 0.21232 0.0496012 9.9982E-05 0.0182667 0.084725
0.261686 0.0327386 0.0136871 0.444282 0.0033828 0.04476 0.033243 0.16622
0.179122 9.9982E-05 0.0404866 0.494644 0.0519124 0.113671 0.119964 9.9982E-05
0.223444 0.0722078 0.0232606 0.480833 0.0836503 0.0283761 0.0225287 0.0656988
0.0656494 0.0592175 0.223858 0.381959 9.9982E-05 0.129066 9.9982E-05 0.14005
0.0515918 0.0771633 0.11008 0.446456 9.9991E-05 0.128788 0.104564 0.0812575
0.037949 0.200097 0.218784 0.345822 9.9991E-05 0.0890495 0.0251159 0.0830828
0.0972598 0.0174133 0.179994 0.354971 0.00743538 0.206462 0.06087 0.0755947
0.149418 0.014222 0.111757 0.465 9.9982E-05 0.220859 0.0385445 9.9982E-05
0.144161 0.104381 0.17734 0.338138 9.9991E-05 0.104435 0.0797759 0.0516688
0.306346 0.302884 0.157775 9.9982E-05 9.9982E-05 0.0908945 0.0365203 0.10538
0.0208819 0.0208194 0.217262 0.574598 9.9991E-05 0.0342395 0.0271026 0.104997
0.15661 0.401989 0.0938802 9.9973E-05 9.9973E-05 0.26876 9.9973E-05 0.0784611
0.092477 0.0657986 0.182945 0.546721 0.0510206 0.0608378 9.9982E-05 9.9982E-05
0.594049 0.11834 9.9964E-05 0.118118 9.9964E-05 9.9964E-05 9.9964E-05 0.169093
0.706299 0.119413 9.9964E-05 9.9964E-05 0.020776 9.9964E-05 9.9964E-05 0.153113
0.253854 0.0257983 9.9973E-05 0.452045 0.0881206 9.9973E-05 9.9973E-05 0.179883
0.256177 9.9964E-05 0.0233935 0.641366 9.9964E-05 0.0786634 9.9964E-05 9.9964E-05
0.347668 0.0144718 9.9982E-05 0.403598 0.054001 9.9982E-05 0.0504388 0.129622
0.386872 9.9955E-05 9.9955E-05 0.547605 9.9955E-05 0.0650237 9.9955E-05 9.9955E-05
0.323559 0.0094221 0.00543127 0.59236 9.9982E-05 9.9982E-05 0.0122371 0.0567903
0.0280801 0.00885636 0.0177074 0.14686 9.9982E-05 0.768319 9.9982E-05 0.029977
9.9973E-05 9.9973E-05 0.11979 9.9973E-05 0.031296 0.692789 0.0969421 0.0588823
9.9964E-05 9.9964E-05 0.0998244 9.9964E-05 0.0115218 0.865726 0.0225283 9.9964E-05
9.9955E-05 0.0662213 9.9955E-05 0.066804 9.9955E-05 0.866475 9.9955E-05 9.9955E-05
0.263834 0.0445347 9.9973E-05 0.534637 0.089961 0.066733 9.9973E-05 9.9973E-05
0.263971 0.0117659 9.9982E-05 0.504266 0.0845607 0.102556 0.0326797 9.9982E-05
0.380946 9.9964E-05 9.9964E-05 0.497858 0.0470868 9.9964E-05 0.0737093 9.9964E-05
0.140799 9.9973E-05 9.9973E-05 0.66933 0.0292409 0.0874194 9.9973E-05 0.0729107
0.11249 9.9991E-05 0.0465492 0.542347 0.0345631 0.0953856 0.0676416 0.100924
0.492961 9.9982E-05 9.9982E-05 0.232072 0.103365 0.058765 0.0110964 0.101541
0.208724 9.9982E-05 0.0185137 0.625887 0.100571 0.0318902 0.0142143 9.9982E-05
0.473314 9.9964E-05 9.9964E-05 0.326165 0.0148644 9.9964E-05 9.9964E-05 0.185256
9.9973E-05 0.0694548 0.129484 0.469492 9.9973E-05 0.247663 9.9973E-05 0.0836053
0.321061 9.9982E-05 0.068613 0.417035 0.0446997 9.9982E-05 0.104633 0.0437586
0.435573 9.9973E-05 9.9973E-05 0.410494 0.121871 0.00602652 0.0257355 9.9973E-05
0.324946 9.9964E-05 9.9964E-05 0.650705 0.00556007 0.018389 9.9964E-05 9.9964E-05
0.409992 9.9973E-05 9.9973E-05 0.445481 0.0924233 0.0347296 0.0170748 9.9973E-05
0.364974 0.0740596 0.0633292 0.497237 9.9964E-05 9.9964E-05 9.9964E-05 9.9964E-05
0.203325 9.9982E-05 9.9982E-05 0.627792 0.0611262 0.0372579 0.0093441 0.0609549
0.862265 9.9964E-05 9.9964E-05 0.124081 0.00691873 9.9964E-05 9.9964E-05 0.00633481
0.565614 9.9982E-05 0.115111 0.212246 0.0756121 0.0027002 9.9982E-05 0.0285156
0.520084 0.0152782 9.9973E-05 0.369238 9.9973E-05 0.0261093 0.0689908 9.9973E-05
0.91348 0.0859199 9.9946E-05 9.9946E-05 9.9946E-05 9.9946E-05 9.9946E-05 9.9946E-05
0.295441 9.9982E-05 0.00810641 0.456539 0.114094 0.0226981 0.102921 9.9982E-05
0.603145 0.0427102 0.00588567 0.105124 9.9982E-05 9.9982E-05 0.0495615 0.193374
0.806158 0.168008 9.9964E-05 0.00277072 9.9964E-05 9.9964E-05 0.0226634 9.9964E-05
0.271018 0.0999031 0.00380863 0.615489 0.00948123 9.9973E-05 9.9973E-05 9.9973E-05
0.557805 9.9964E-05 9.9964E-05 0.250119 0.124015 0.0676613 9.9964E-05 9.9964E-05
0.249148 9.9982E-05 0.0636789 0.433012 0.0802174 9.9982E-05 0.0860323 0.0877115
0.200996 9.9973E-05 0.0656615 0.557644 9.9973E-05 0.0584402 9.9973E-05 0.116958
0.298338 9.9964E-05 9.9964E-05 0.603483 0.00780807 9.9964E-05 0.0899713 9.9964E-05
0.125959 0.105024 9.9973E-05 0.434077 0.159655 9.9973E-05 0.174986 9.9973E-05
0.291942 0.0467471 0.0526437 0.531285 0.0277179 0.0148006 0.0137791 0.0210844
0.303226 9.9991E-05 0.0269203 0.484819 0.0119402 0.0963065 0.053204 0.0234832
0.613919 9.9946E-05 9.9946E-05 0.385481 9.9946E-05 9.9946E-05 9.9946E-05 9.9946E-05
0.115093 0.0284118 0.0609649 0.517948 0.0427542 0.10705 0.0726214 0.0551563
0.0198498 0.0811244 9.9982E-05 9.9982E-05 0.0232025 0.551802 0.282282 0.0415389
0.0120285 0.124067 9.9982E-05 0.0569433 0.0219676 0.673692 0.111102 9.9982E-05
9.9964E-05 0.11798 9.9964E-05 9.9964E-05 9.9964E-05 0.735794 0.141347 0.0044796
0.0036407 0.0545135 9.9982E-05 9.9982E-05 0.00731781 0.723174 0.164983 0.0461716
9.9964E-05 9.9964E-05 9.9964E-05 9.9964E-05 0.0127407 0.728233 0.142991 0.115635
0.59843 9.9982E-05 0.00431405 0.159307 0.154877 0.0336676 0.049205 9.9982E-05
0.516418 9.9982E-05 9.9982E-05 0.165262 0.0917306 0.0565776 0.105266 0.0645454
0.784765 9.9964E-05 0.0202366 0.172566 9.9964E-05 9.9964E-05 9.9964E-05 0.022032
0.113339 0.0498332 0.0339135 0.559978 0.0705682 0.0432459 9.9991E-05 0.129022
0.159829 0.0453242 0.0539421 0.589519 9.9991E-05 0.0479508 0.0236687 0.0796659
0.536693 9.9982E-05 0.0505239 0.258959 9.9982E-05 0.0361238 0.0385256 0.0789753
0.258974 9.9964E-05 0.0343408 0.633075 9.9964E-05 9.9964E-05 9.9964E-05 0.0732109
0.480345 9.9973E-05 0.0442666 0.375312 9.9973E-05 0.0665109 9.9973E-05 0.0332647
0.279437 9.9973E-05 9.9973E-05 0.544954 0.0992144 0.0483715 9.9973E-05 0.027723
0.228532 9.9982E-05 0.0988785 0.526829 9.9982E-05 0.0350336 0.10985 0.000677184
0.481779 9.9982E-05 0.019588 0.250533 0.116906 9.9982E-05 0.102636 0.028358
0.422826 9.9973E-05 9.9973E-05 0.34964 0.151795 0.00642616 0.0690134 9.9973E-05
0.431853 9.9964E-05 9.9964E-05 0.382564 0.0950975 9.9964E-05 0.0900855 9.9964E-05
0.0102507 0.003342 9.9973E-05 0.511484 9.9973E-05 0.111205 9.9973E-05 0.363418
0.442504 9.9973E-05 9.9973E-05 0.474532 0.00198493 0.0246629 0.0560172 9.9973E-05
0.280399 0.0420364 9.9991E-05 0.450462 0.0891238 0.0250038 0.0754916 0.0373841
9.9991E-05 0.0268352 0.427821 0.391989 0.0161131 0.0279651 0.0351144 0.0740617
9.9973E-05 0.0743796 0.396453 0.381462 9.9973E-05 0.126939 9.9973E-05 0.0204663
9.9973E-05 0.0235066 0.402033 0.429954 9.9973E-05 0.0720031 9.9973E-05 0.0722031
9.9982E-05 0.130757 0.542387 0.167459 0.00671083 0.0561219 9.9982E-05 0.0963638
0.0360315 0.129067 0.314289 0.383777 0.0176718 0.104444 9.9991E-05 0.0146203
0.187803 0.0253809 0.0620102 0.451756 9.9982E-05 0.037579 9.9982E-05 0.235271
9.9964E-05 0.160586 0.577371 0.0472102 9.9964E-05 0.214433 9.9964E-05 9.9964E-05
0.0159506 0.0702317 0.411233 0.367659 9.9973E-05 0.134625 9.9973E-05 9.9973E-05
0.0644954 0.0508791 0.199358 0.332083 9.9991E-05 0.14068 0.0211367 0.191268
9.9955E-05 9.9955E-05 9.9955E-05 0.521108 9.9955E-05 0.163572 9.9955E-05 0.31482
9.9973E-05 9.9973E-05 0.0028619 0.392305 0.105222 0.0877302 9.9973E-05 0.411581
9.99832E-05 0.0242327 0.0796717 0.475425 9.99832E-05 0.0876019 0.0646885 0.26818
0.110364 0.0557569 9.9982E-05 0.551664 9.9982E-05 0.0970975 0.015659 0.169259
9.9973E-05 0.0423434 0.403067 0.319127 9.9973E-05 0.204023 9.9973E-05 0.0311396
9.99819E-05 9.99819E-05 0.34397 0.423954 0.0977285 0.09018 0.0438678 9.99819E-05
9.9964E-05 0.0452589 0.476154 0.425058 9.9964E-05 0.0531287 9.9964E-05 9.9964E-05
0.0160407 0.00975634 0.239787 0.490386 0.0429591 0.0853404 0.0706152 0.0451151
9.9964E-05 0.158032 0.454112 0.331946 9.9964E-05 0.0555099 9.9964E-05 9.9964E-05
0.0134158 0.0237168 0.314114 0.372163 0.150251 0.114731 0.0115084 9.9991E-05
9.9964E-05 0.14887 0.497272 0.299379 9.9964E-05 0.0540803 9.9964E-05 9.9964E-05
9.9991E-05 0.0856481 0.366825 0.418688 0.042593 0.0297223 0.0511706 0.00525326
9.9973E-05 0.107565 0.0734763 0.464317 9.9973E-05 0.013035 9.9973E-05 0.341306
9.9982E-05 0.185124 0.358126 0.287688 0.0718352 0.00681019 9.9982E-05 0.0902161
9.9964E-05 0.135531 0.575372 0.153866 9.9964E-05 0.134831 9.9964E-05 9.9964E-05
0.0746082 9.9973E-05 0.384509 0.310217 9.9973E-05 0.166693 0.0636717 9.9973E-05
9.9973E-05 9.9973E-05 9.9973E-05 0.0420601 0.239649 0.100456 0.0388844 0.57865
9.9964E-05 9.9964E-05 0.193568 0.343399 0.0999265 9.9964E-05 9.9964E-05 0.362707
9.9982E-05 0.144951 0.259845 0.435161 0.0111406 0.0966893 0.0520123 9.9982E-05
9.9982E-05 9.9982E-05 0.0874568 0.467577 0.0889847 0.0923468 0.00692938 0.256506
0.00441968 9.9973E-05 9.9973E-05 0.456015 0.0395639 0.145351 9.9973E-05 0.354351
0.123284 0.121107 0.275518 0.217237 0.115254 0.105643 0.0418572 9.9991E-05
0.134903 0.0491631 0.361593 0.240649 9.9982E-05 0.157225 9.9982E-05 0.056268
0.0128415 9.9991E-05 0.197354 0.387971 0.029527 0.0268685 0.139191 0.206146
0.113757 0.150442 0.28389 0.3404 9.9982E-05 0.0943292 9.9982E-05 0.016982
9.9964E-05 0.0787633 0.334912 0.433386 9.9964E-05 0.152539 9.9964E-05 9.9964E-05
9.9973E-05 0.173709 0.517097 0.149676 9.9973E-05 0.117109 9.9973E-05 0.0421091
0.010647 0.123835 0.0784093 0.57229 9.9973E-05 9.9973E-05 9.9973E-05 0.214518
9.9964E-05 9.9964E-05 9.9964E-05 0.348019 0.158939 0.0964863 9.9964E-05 0.396157
0.0231682 0.243807 0.0268193 0.102679 9.9991E-05 0.0185988 0.0621195 0.522708
0.0495764 0.015522 0.119537 0.551738 9.9982E-05 0.120531 9.9982E-05 0.142896
0.032348 0.0725251 9.9991E-05 0.395613 0.136652 0.106408 0.137295 0.119059
9.9982E-05 0.162734 0.102957 0.391298 0.0831222 0.152087 9.9982E-05 0.107602
0.0413676 0.22818 0.0681982 0.530812 0.00556779 0.0658076 0.0599666 9.9991E-05
9.9964E-05 0.859017 0.0837263 0.0307135 0.0261438 9.9964E-05 9.9964E-05 9.9964E-05
9.994E-05 0.9993 9.994E-05 9.994E-05 9.994E-05 9.994E-05 9.994E-05 9.994E-05
9.9973E-05 0.47548 0.0544219 0.302354 9.9973E-05 9.9973E-05 0.148029 0.0194152
