0.816563 0.0357521 9.9964E-05 0.0700324 9.9964E-05 9.9964E-05 0.0205399 0.056713 9.9964E-05
0.901414 9.9946E-05 9.9946E-05 9.9946E-05 9.9946E-05 0.0638636 9.9946E-05 0.0341229 9.9946E-05
0.753969 0.0392811 0.0783113 9.9964E-05 9.9964E-05 9.9964E-05 0.0552294 0.0728093 9.9964E-05
0.760142 0.0641194 0.0323027 0.112288 9.9964E-05 9.9964E-05 9.9964E-05 0.0307481 9.9964E-05
0.870602 0.0177984 0.0656202 9.9955E-05 9.9955E-05 0.04548 9.9955E-05 9.9955E-05 9.9955E-05
0.551335 0.0399912 0.117218 0.100804 0.153507 0.000782337 0.0101476 0.0128082 0.0134059
0.745327 9.9955E-05 9.9955E-05 9.9955E-05 0.133876 9.9955E-05 9.9955E-05 0.0469245 0.073373
0.657316 9.9964E-05 9.9964E-05 0.135325 0.154786 9.9964E-05 9.9964E-05 0.0278746 0.0242976
0.800606 9.99729E-05 9.99729E-05 0.0778782 0.0529569 9.99729E-05 0.0323451 0.0290969 0.006817
0.631768 0.0484148 0.0825281 0.0264559 0.133998 0.0257109 9.9991E-05 0.0412301 0.00979402
0.708623 9.9964E-05 0.0574797 0.104869 0.106855 9.9964E-05 9.9964E-05 9.9964E-05 0.021774
9.9955E-05 0.0152855 0.14007 9.9955E-05 9.9955E-05 9.9955E-05 0.00888847 9.9955E-05 0.835256
9.9955E-05 0.0888928 0.361533 9.9955E-05 9.9955E-05 9.9955E-05 9.9955E-05 0.0545768 0.494498
0.0104485 0.0936198 0.0674614 0.0013881 9.9982E-05 0.021318 9.9982E-05 0.0145309 0.791033
9.9964E-05 0.174344 0.084137 9.9964E-05 9.9964E-05 0.0267103 9.9964E-05 0.00884115 0.705568
0.0608079 0.16553 0.270985 9.9973E-05 0.073259 9.9973E-05 0.0341059 9.9973E-05 0.395012
0.0465264 0.114857 0.431829 9.9973E-05 9.9973E-05 0.00744636 9.9973E-05 0.0294572 0.369584
9.9982E-05 0.0789906 0.316717 9.9982E-05 0.0188962 0.0201191 0.126593 0.0279032 0.410581
0.126917 0.0216633 0.269336 9.9955E-05 9.9955E-05 9.9955E-05 9.9955E-05 9.9955E-05 0.581584
0.0181689 9.9964E-05 9.9964E-05 0.119232 0.0639811 9.9964E-05 9.9964E-05 0.00672882 0.791489
9.9982E-05 0.0970899 0.315851 0.0449475 0.0107781 0.102149 0.11583 9.9982E-05 0.313155
9.9982E-05 0.0403185 0.315985 0.00431402 0.188944 9.9982E-05 0.0724406 0.0843631 0.293435
0.0633275 9.9973E-05 0.519742 0.0854865 9.9973E-05 0.0885925 0.0414484 9.9973E-05 0.201104
9.9964E-05 0.0877753 0.18558 9.9964E-05 9.9964E-05 9.9964E-05 0.00806134 0.0193121 0.698871
0.0711065 0.0540919 0.570216 9.9982E-05 0.0540434 9.9982E-05 0.024706 0.0194452 0.206191
9.9973E-05 0.0398381 0.484744 9.9973E-05 0.0518456 9.9973E-05 0.0298538 0.0389589 0.35446
9.9964E-05 0.0789738 0.00970562 9.9964E-05 9.9964E-05 9.9964E-05 0.0157171 0.00572101 0.889483
0.00416301 0.200005 9.9946E-05 9.9946E-05 9.9946E-05 9.9946E-05 9.9946E-05 9.9946E-05 0.795232
0.00835116 9.9964E-05 0.0992511 9.9964E-05 0.0278212 0.0650219 9.9964E-05 9.9964E-05 0.799155
9.993E-05 9.993E-05 9.993E-05 9.993E-05 9.993E-05 9.993E-05 9.993E-05 0.999201 9.993E-05
9.993E-05 9.993E-05 9.993E-05 9.993E-05 9.993E-05 9.993E-05 9.993E-05 0.999201 9.993E-05
0.477836 0.0252967 0.0904274 0.0242773 9.9973E-05 9.9973E-05 0.0288451 0.353017 9.9973E-05
0.508739 0.062953 0.0980541 0.00222118 9.9973E-05 9.9973E-05 0.0776233 0.250109 9.9973E-05
0.0627431 9.9973E-05 0.568364 9.9973E-05 0.026617 0.0961988 0.161183 9.9973E-05 0.0845935
0.084838 0.0957042 0.445608 0.0259242 0.00109854 9.9991E-05 0.274662 0.00533904 0.066726
0.0309085 9.9955E-05 0.570014 0.0471116 9.9955E-05 9.9955E-05 0.351466 9.9955E-05 9.9955E-05
0.0892298 0.022644 0.0268246 0.198665 0.0175273 9.9982E-05 0.0289993 9.9982E-05 0.61591
0.00966192 0.0462406 0.297613 9.9973E-05 9.9973E-05 0.0175458 0.559005 0.0696337 9.9973E-05
0.134482 9.9964E-05 0.548593 0.042353 9.9964E-05 9.9964E-05 0.195141 9.9964E-05 0.0790309
0.0595595 9.9955E-05 0.678316 9.9955E-05 0.0686786 9.9955E-05 0.192946 9.9955E-05 9.9955E-05
0.0805704 9.9964E-05 0.580363 0.0940926 0.12788 9.9964E-05 0.116693 9.9964E-05 9.9964E-05
0.0449518 9.9973E-05 0.656006 0.169499 9.9973E-05 9.9973E-05 0.0798551 0.0458804 0.00350786
0.0238823 9.9973E-05 0.109421 9.9973E-05 0.0337184 9.9973E-05 0.654425 0.0178356 0.160418
0.0187949 0.0302093 0.576068 9.9973E-05 0.232645 9.9973E-05 0.111469 9.9973E-05 0.0305147
0.0406624 0.0676399 0.45877 0.0424079 0.044377 0.14298 0.172815 9.9991E-05 0.0302486
0.0972563 0.166803 0.499109 9.9982E-05 0.0683545 9.9982E-05 0.0918677 0.0191474 0.0572617
9.9955E-05 9.9955E-05 0.281306 9.9955E-05 0.00570744 0.0980176 0.614469 9.9955E-05 9.9955E-05
0.0477109 0.0102217 0.628988 9.9973E-05 0.0315173 9.9973E-05 0.251678 0.029584 9.9973E-05
0.124435 0.00529729 0.525421 0.0617911 9.9982E-05 0.0591236 0.18277 0.040962 9.9982E-05
0.0423201 9.9955E-05 9.9955E-05 9.9955E-05 0.255608 0.0182454 0.683327 9.9955E-05 9.9955E-05
9.9973E-05 9.9973E-05 0.131337 0.158574 0.0760592 0.121779 0.181798 9.9973E-05 0.330152
0.0102823 9.9973E-05 0.00921874 9.9973E-05 0.317136 0.0862814 0.156861 9.9973E-05 0.419921
9.9991E-05 0.118734 0.442382 0.0872343 0.0734938 0.0822775 0.0153164 0.0347412 0.145721
0.0884617 0.0378796 0.585911 9.9982E-05 0.065331 0.0243559 9.9982E-05 0.00543677 0.192424
0.0597841 0.0204556 0.585255 0.0294927 0.160361 0.040001 9.9982E-05 9.9982E-05 0.104451
0.059316 9.9982E-05 0.152997 0.240632 0.140443 0.0873494 0.13514 9.9982E-05 0.183923
9.9982E-05 9.9982E-05 0.561514 0.0595149 0.118714 0.0532813 0.00601505 0.0399991 0.160762
0.0614789 0.0513581 0.593529 9.9973E-05 0.126162 9.9973E-05 9.9973E-05 0.0109074 0.156265
0.109982 0.0418822 0.253765 0.0187057 0.0711159 0.0627122 0.076997 0.0419192 0.322921
0.202999 0.0544599 9.99827E-05 0.0935363 0.158978 0.0441259 0.0482872 9.99827E-05 0.397414
0.0743858 0.00173648 0.507764 0.0859687 0.0721646 9.9991E-05 0.172156 0.0165988 0.0691252
9.9991E-05 0.0070904 0.333382 0.0566554 0.0952432 0.0732467 0.0492175 0.0402715 0.344794
9.9964E-05 9.9964E-05 9.9964E-05 0.10429 0.135234 9.9964E-05 0.0619731 0.06345 0.634653
9.9982E-05 0.0235149 0.409297 9.9982E-05 0.0810566 0.0157167 0.0294877 0.00413245 0.436595
0.00277512 0.0333731 0.573781 0.0393042 0.0852709 0.120623 0.0388992 0.034676 0.0712975
0.0725878 0.053428 0.455101 0.0658631 0.0557201 0.0369165 9.9991E-05 0.0424334 0.21785
0.0575397 0.0623884 0.160994 0.0641053 0.0440924 0.11607 0.0164349 9.9991E-05 0.478275
0.0303855 0.00196256 0.447671 0.0265326 0.107355 0.0759842 9.9991E-05 0.0121726 0.297837
0.0153181 0.0343173 0.586943 0.12234 0.020323 9.9991E-05 0.0807086 0.0840757 0.0558737
9.9982E-05 9.9982E-05 0.101655 0.0340701 0.124711 0.0790412 0.0352283 0.0688756 0.556219
9.9946E-05 9.9946E-05 0.521271 0.079899 9.9946E-05 9.9946E-05 0.39823 9.9946E-05 9.9946E-05
9.9955E-05 9.9955E-05 0.133776 9.9955E-05 9.9955E-05 9.9955E-05 0.569613 0.0503358 0.245775
0.0595683 0.0881419 0.484539 0.0345161 0.0681679 9.9982E-05 0.250415 0.0144514 9.9982E-05
9.9946E-05 9.9946E-05 9.9946E-05 9.9946E-05 0.114512 0.00397815 0.88091 9.9946E-05 9.9946E-05
9.9964E-05 9.9964E-05 9.9964E-05 0.000457544 0.0535324 0.0354062 0.853287 9.9964E-05 0.0569171
9.9955E-05 0.0082875 0.271455 9.9955E-05 9.9955E-05 9.9955E-05 0.664643 9.9955E-05 0.0551154
0.0448203 0.0111842 0.439179 0.0233094 9.9964E-05 9.9964E-05 0.481107 9.9964E-05 9.9964E-05
0.025114 0.0446087 0.572314 0.0640496 0.00129038 0.0417035 0.0772187 0.0604619 0.113239
0.0132582 0.0356216 0.463588 0.0120495 0.00704691 9.9982E-05 0.434642 0.0335941 9.9982E-05
0.0184507 0.0373543 0.125706 0.147602 9.9973E-05 9.9973E-05 0.575007 9.9973E-05 0.0955806
0.0253868 9.9973E-05 0.235617 0.233103 9.9973E-05 0.0598327 0.430282 9.9973E-05 0.0154785
0.0941445 0.069464 0.421273 0.0596514 9.9982E-05 0.133005 0.149728 0.0725337 9.9982E-05
0.0129449 0.00864644 0.278341 9.9964E-05 9.9964E-05 9.9964E-05 0.612804 9.9964E-05 0.0868647
0.0577875 9.9964E-05 0.412554 9.9964E-05 0.0773624 9.9964E-05 0.437429 0.0144677 9.9964E-05
9.9955E-05 9.9955E-05 0.354379 9.9955E-05 0.0516098 0.110758 0.482754 9.9955E-05 9.9955E-05
0.028497 9.9973E-05 9.9973E-05 0.0354987 0.157311 0.135261 0.569326 9.9973E-05 0.0738064
0.0608179 0.0365813 0.580089 0.0446817 0.0139251 9.9973E-05 0.263605 9.9973E-05 9.9973E-05
0.779311 0.0319954 0.110635 0.00211517 9.9973E-05 9.9973E-05 9.9973E-05 0.0577977 0.0178467
0.817723 9.9946E-05 0.0822084 9.9946E-05 9.9946E-05 9.9946E-05 9.9946E-05 0.0994693 9.9946E-05
0.808178 0.0214625 0.0827473 0.0174015 9.9964E-05 9.9964E-05 9.9964E-05 0.0698104 9.9964E-05
0.832448 9.9964E-05 0.0211131 9.9964E-05 0.0395287 9.9964E-05 0.0194738 0.0870361 9.9964E-05
0.78979 0.0380127 0.0497617 9.9964E-05 9.9964E-05 9.9964E-05 0.0312526 0.0907828 9.9964E-05
0.778994 0.000437783 0.068207 0.010441 0.0241961 0.0366928 9.9982E-05 0.0808314 9.9982E-05
0.878892 0.0130006 0.0411883 9.9964E-05 9.9964E-05 9.9964E-05 9.9964E-05 0.0381757 0.0283438
0.0807985 0.0826077 0.423133 0.0389859 0.0727516 0.0102249 0.227219 0.0157142 0.0485649
0.0985502 9.9991E-05 0.601822 0.0692565 0.0166482 0.0187047 0.0134655 0.0755636 0.10589
0.0175506 9.9946E-05 9.9946E-05 9.9946E-05 9.9946E-05 9.9946E-05 0.780508 9.9946E-05 0.201342
0.100706 9.9973E-05 0.50462 0.12425 0.0831025 9.9973E-05 0.164642 9.9973E-05 0.02238
0.0212837 9.9982E-05 0.448051 0.0266867 0.044643 9.9982E-05 0.319165 0.0153791 0.124592
0.0530404 0.032957 0.561932 9.9973E-05 9.9973E-05 0.0735966 0.242732 0.035442 9.9973E-05
0.0368031 9.9973E-05 0.599237 9.9973E-05 0.0332973 0.0316057 0.263793 9.9973E-05 0.0349635
9.9955E-05 0.0600827 0.457566 9.9955E-05 9.9955E-05 9.9955E-05 0.48033 0.00152151 9.9955E-05
0.0555325 9.9955E-05 9.9955E-05 0.0734788 9.9955E-05 9.9955E-05 0.707456 9.9955E-05 0.163033
0.138005 0.0277433 0.540189 0.0263827 0.0117467 0.0914391 0.119926 9.9991E-05 0.0444678
0.0620185 0.0958658 0.522697 0.0727434 0.028063 9.9991E-05 0.20297 0.010832 0.00470995
0.00211888 0.146409 0.484403 0.124638 9.9982E-05 9.9982E-05 0.099062 0.0204064 0.122762
9.9973E-05 0.0127202 0.278924 9.9973E-05 0.136865 0.0877196 0.432357 0.0511149 9.9973E-05
0.0395496 9.9973E-05 0.485134 0.0234059 9.9973E-05 0.0404421 0.37611 0.0350585 9.9973E-05
0.0246686 9.9991E-05 0.393999 0.0177892 0.0263821 0.00580872 0.324279 0.0416096 0.165363
9.9964E-05 0.116182 0.210204 0.00358901 9.9964E-05 0.00239296 0.667232 9.9964E-05 9.9964E-05
0.0730053 9.9973E-05 0.35143 0.0939767 9.9973E-05 0.0472367 0.414928 9.9973E-05 0.019123
0.120496 9.9991E-05 0.4446 0.0512608 0.118996 0.0615321 0.0971017 0.0339062 0.0720081
0.0129612 0.0671732 0.100014 0.0628136 0.134742 0.119394 0.0519169 0.0476316 0.403353
0.0236435 0.03874 0.397111 0.189429 0.0922702 9.9991E-05 0.0153782 0.021948 0.221381
0.0537608 0.0121464 0.507848 0.157308 0.064217 0.129931 9.9991E-05 0.0071415 0.0675473
0.106517 0.0241789 0.590782 0.0306008 9.9973E-05 0.121595 0.126026 9.9973E-05 9.9973E-05
9.9973E-05 9.9973E-05 0.364659 0.0485613 0.00662171 0.059555 9.9973E-05 0.0513081 0.468995
0.0493236 0.0232984 0.541818 0.110546 0.0374013 0.0650211 0.0338209 9.9991E-05 0.138671
0.0494814 9.9955E-05 0.488478 0.228383 9.9955E-05 9.9955E-05 9.9955E-05 9.9955E-05 0.233158
0.0800435 9.9991E-05 0.535721 0.185541 0.0327527 0.0503281 0.0571858 0.0164723 0.0418551
9.9982E-05 0.00403559 0.590031 0.0951989 0.0673498 9.9982E-05 0.0281586 0.0299743 0.185051
0.0036349 9.9982E-05 0.627115 0.0720157 0.00045052 0.067402 9.9982E-05 0.0185427 0.210639
9.9964E-05 9.9964E-05 0.593831 0.0936802 0.0030853 9.9964E-05 0.00615368 9.9964E-05 0.30285
9.9991E-05 0.081988 0.500834 0.120708 0.0307969 0.11568 0.0769165 0.021394 0.0515833
0.0394362 0.0878981 0.577763 0.111616 0.0293917 0.0308517 0.079562 9.9991E-05 0.0433811
9.9982E-05 0.0113604 0.538549 0.0600223 9.9982E-05 0.0663546 0.0796124 0.013915 0.229987
0.0295352 0.0864485 0.613731 0.0760959 0.119717 9.9982E-05 9.9982E-05 0.0446661 0.0296067
0.00471061 0.0584525 0.519193 0.145163 0.01909 0.0347812 0.0953728 0.0316037 0.0916333
0.0612717 9.9982E-05 0.264665 0.127317 0.154679 0.100908 9.9982E-05 0.0699832 0.220976
0.00843989 0.0464986 0.646185 0.0208821 0.0730397 9.9982E-05 0.00562697 9.9982E-05 0.199127
9.9982E-05 0.0522715 0.691553 0.0533238 0.056522 0.059264 9.9982E-05 0.00678214 0.0800839
9.9973E-05 0.0862818 0.157806 0.167326 9.9973E-05 0.096862 0.113079 9.9973E-05 0.378345
0.0107552 0.0474159 0.0462374 0.0932335 0.213844 0.217776 0.00383992 9.9991E-05 0.366798
9.9991E-05 0.00043096 0.627537 0.115921 0.0733942 0.0588949 0.0138106 0.00760984 0.102301
9.9973E-05 9.9973E-05 0.0971945 0.220497 0.13926 0.322605 0.0999054 9.9973E-05 0.120238
0.052494 9.9973E-05 0.202535 0.161172 9.9973E-05 0.0612255 0.0637069 9.9973E-05 0.458567
0.0129764 9.9973E-05 0.425871 0.111091 9.9973E-05 0.0251253 0.0532543 9.9973E-05 0.371382
0.0111442 9.9982E-05 0.300232 0.15902 9.9982E-05 0.0444133 0.0388889 0.0317357 0.414366
0.00446206 0.00970409 0.23252 0.218593 0.00363663 0.0362524 0.0369979 9.9991E-05 0.457734
0.0161944 9.9982E-05 0.631559 0.0770664 0.107168 0.0239495 9.9982E-05 0.0705249 0.0733378
0.119375 0.0674217 0.515761 0.0138544 0.0159103 0.0510044 0.077218 9.9991E-05 0.139355
0.0437342 0.035167 0.482455 0.0588413 9.9991E-05 0.0788215 0.0283748 0.014218 0.258288
9.9964E-05 9.9964E-05 0.146787 0.150732 0.286 0.111496 9.9964E-05 9.9964E-05 0.304586
0.185709 0.0347265 0.502969 9.9991E-05 0.045759 0.0332025 0.156112 0.0319983 0.00942474
0.0666346 0.083264 0.412693 9.9982E-05 0.172931 0.000818806 0.139069 9.9982E-05 0.12439
0.125967 9.9973E-05 9.9973E-05 0.0521346 0.4727 0.0955162 0.182122 9.9973E-05 0.0712609
0.0832941 9.9973E-05 0.619372 9.9973E-05 0.0878798 0.0908393 0.113534 9.9973E-05 0.0047807
0.0882372 9.9973E-05 0.367854 0.00958956 0.246119 0.025514 0.262387 9.9973E-05 9.9973E-05
0.0954051 0.0529859 0.488404 0.0505192 0.0495837 0.124122 9.9991E-05 0.0164463 0.122434
0.022963 9.9982E-05 0.270767 0.0501064 0.413283 9.9982E-05 0.13491 0.00865147 0.0991192
0.0659647 9.9982E-05 0.253416 0.0941236 0.408106 0.032475 0.00871015 9.9982E-05 0.137004
0.0606563 9.9991E-05 0.438969 0.105095 0.0907446 0.1198 0.100323 0.00273963 0.0815714
0.123899 9.9982E-05 0.511137 0.0634181 0.210582 0.0531884 9.9982E-05 0.0150973 0.0224783
0.12742 0.0173799 0.393245 9.9982E-05 0.15004 0.0511286 0.111748 9.9982E-05 0.148837
0.0267766 0.15352 9.9982E-05 9.9982E-05 0.388123 0.00873677 0.152814 0.00136552 0.268464
0.113509 0.0251756 0.436513 0.0332171 0.0202578 0.142643 0.0951846 9.9991E-05 0.1334
9.9955E-05 9.9955E-05 0.307883 9.9955E-05 0.322671 9.9955E-05 0.17753 9.9955E-05 0.191416
9.9973E-05 9.9973E-05 0.453132 0.0137519 0.172128 0.073664 0.0504054 9.9973E-05 0.236619
0.102285 0.0231911 0.476968 0.0182294 0.0815507 0.0126192 0.0417246 0.0199883 0.223443
0.26238 0.236457 0.125059 9.9982E-05 0.298512 0.016544 9.9982E-05 0.0558375 0.00501101
0.463684 0.149253 9.9946E-05 9.9946E-05 0.386464 9.9946E-05 9.9946E-05 9.9946E-05 9.9946E-05
0.394297 0.169243 9.9955E-05 9.9955E-05 0.43243 9.9955E-05 9.9955E-05 0.00353023 9.9955E-05
0.303342 0.346756 0.0695735 0.0400726 0.239856 9.9964E-05 9.9964E-05 9.9964E-05 9.9964E-05
9.9973E-05 0.0398654 0.603046 0.0171651 0.236211 9.9973E-05 0.090649 0.0127638 9.9973E-05
0.0397947 0.0378983 0.531608 0.0836661 0.157597 0.0377839 0.0165044 0.074433 0.0207145
9.9946E-05 0.715655 0.280339 9.9946E-05 9.9946E-05 9.9946E-05 9.9946E-05 9.9946E-05 0.00340618
0.000756978 0.410493 0.224573 0.021671 0.00350968 0.00612073 9.9991E-05 0.0177831 0.314993
0.0893751 0.434168 0.264304 0.0612453 0.0162139 0.0311986 0.0928221 0.0105727 9.9991E-05
9.9973E-05 9.9973E-05 0.341416 9.9973E-05 0.388438 0.181229 0.0477547 0.0208786 0.0199837
0.0284709 0.145046 0.375106 0.00195081 0.141309 0.0330811 0.152005 0.0213775 0.101653
9.9973E-05 9.9973E-05 0.172505 0.0461815 0.539274 0.0939458 0.0839785 9.9973E-05 0.0638154
0.0380815 9.9973E-05 0.542692 9.9973E-05 0.166967 0.075565 0.138882 9.9973E-05 0.0375128
0.030799 0.0188188 0.361803 9.9982E-05 0.261017 0.171046 0.0928649 9.9982E-05 0.063451
0.0227173 0.0328175 0.52691 9.9982E-05 0.236436 0.083095 0.0675575 9.9982E-05 0.0302667
9.9964E-05 9.9964E-05 0.192215 9.9964E-05 0.455598 0.0775877 0.0968441 9.9964E-05 0.177355
0.0497371 0.129823 0.510411 0.0074903 0.212538 0.019835 0.0541734 0.0158921 9.9991E-05
0.0416615 0.0475001 0.536805 0.0624255 0.236079 0.0254795 0.0220365 9.9991E-05 0.0279128
9.9946E-05 0.983444 9.9946E-05 9.9946E-05 9.9946E-05 0.0139385 0.0020179 9.9946E-05 9.9946E-05
9.9937E-05 0.909104 0.0901964 9.9937E-05 9.9937E-05 9.9937E-05 9.9937E-05 9.9937E-05 9.9937E-05
0.0344725 0.61161 0.213468 0.0213578 9.9982E-05 9.9982E-05 0.0437398 0.0259051 0.0492466
9.9946E-05 0.564425 0.403391 0.0315839 9.9946E-05 9.9946E-05 9.9946E-05 9.9946E-05 9.9946E-05
0.0301586 0.778024 0.0514465 0.0338108 9.9964E-05 9.9964E-05 0.10616 9.9964E-05 9.9964E-05
9.993E-05 0.999201 9.993E-05 9.993E-05 9.993E-05 9.993E-05 9.993E-05 9.993E-05 9.993E-05
9.9937E-05 0.95516 9.9937E-05 0.0441402 9.9937E-05 9.9937E-05 9.9937E-05 9.9937E-05 9.9937E-05
9.9937E-05 0.831525 0.167775 9.9937E-05 9.9937E-05 9.9937E-05 9.9937E-05 9.9937E-05 9.9937E-05
9.9955E-05 0.95472 0.0410517 0.00123474 9.9955E-05 9.9955E-05 9.9955E-05 9.9955E-05 0.00249363
9.993E-05 0.999201 9.993E-05 9.993E-05 9.993E-05 9.993E-05 9.993E-05 9.993E-05 9.993E-05
9.9937E-05 0.976579 9.9937E-05 9.9937E-05 9.9937E-05 9.9937E-05 9.9937E-05 0.0227217 9.9937E-05
9.9964E-05 0.686531 0.154778 0.0216779 9.9964E-05 9.9964E-05 9.9964E-05 0.0925995 0.0440138
0.0504811 0.795124 0.113561 0.0403336 9.9955E-05 9.9955E-05 9.9955E-05 9.9955E-05 9.9955E-05
9.9955E-05 0.947834 9.9955E-05 0.00651204 9.9955E-05 9.9955E-05 0.0274468 0.0177071 9.9955E-05
0.029069 0.368988 0.383415 0.0261187 0.0534763 9.9982E-05 0.0696054 9.9982E-05 0.0691275
9.9973E-05 0.655726 0.165055 0.111565 9.9973E-05 0.020881 0.00387053 0.0426025 9.9973E-05
9.9973E-05 0.752161 0.0793983 9.9973E-05 0.0187188 9.9973E-05 0.0298185 0.0699872 0.0496159
0.00838895 0.857474 0.0234894 9.9964E-05 9.9964E-05 9.9964E-05 9.9964E-05 0.0355154 0.0747324
9.9937E-05 0.963795 0.0355055 9.9937E-05 9.9937E-05 9.9937E-05 9.9937E-05 9.9937E-05 9.9937E-05
0.0291485 0.864762 0.0616469 0.0250412 9.9964E-05 9.9964E-05 9.9964E-05 0.0190019 9.9964E-05
9.9937E-05 0.985664 9.9937E-05 9.9937E-05 9.9937E-05 9.9937E-05 9.9937E-05 0.0136369 9.9937E-05
0.0160151 0.604503 0.263889 9.9964E-05 9.9964E-05 9.9964E-05 9.9964E-05 0.0289399 0.0862533
9.9946E-05 0.876553 9.9946E-05 9.9946E-05 9.9946E-05 9.9946E-05 0.0413689 9.9946E-05 0.0814779
0.299815 0.0175435 9.9955E-05 9.9955E-05 0.574367 0.107774 9.9955E-05 9.9955E-05 9.9955E-05
0.0964218 0.0160243 0.427493 0.0606447 0.350624 9.9991E-05 0.016416 0.0308605 0.00141539
0.149278 0.0893946 0.383441 0.0609583 0.292175 9.9982E-05 0.011862 0.0126918 9.9982E-05
0.1729 0.0422141 0.194176 0.0157469 0.469418 9.9982E-05 0.0231406 0.0822038 9.9982E-05
0.0315219 0.219233 0.342563 0.00549267 0.22186 0.0529685 9.9982E-05 9.9982E-05 0.12616
0.174747 0.130653 0.113296 9.9982E-05 0.353981 9.9982E-05 0.0980861 0.0354818 0.0935549
0.133308 0.120062 0.448855 0.0193539 0.128576 0.0837811 0.0305967 0.0136959 0.0217715
0.118679 0.0942709 0.318143 0.0269943 0.420212 9.9973E-05 0.0214 9.9973E-05 9.9973E-05
0.0811594 0.122921 0.428227 0.0121752 0.232482 9.9982E-05 9.9982E-05 0.109496 0.013339
0.100528 0.15674 0.337631 9.9973E-05 0.371106 0.00927075 9.9973E-05 0.0244249 9.9973E-05
0.170136 9.9973E-05 0.507558 9.9973E-05 0.184027 9.9973E-05 0.063597 0.0150421 0.0593391
0.80064 9.9955E-05 0.0703131 0.107014 0.0215332 9.9955E-05 9.9955E-05 9.9955E-05 9.9955E-05
0.84937 0.0337899 0.0019072 9.9964E-05 9.9964E-05 0.0462693 9.9964E-05 0.0682641 9.9964E-05
0.930581 9.9964E-05 0.0112317 0.0194272 9.9964E-05 9.9964E-05 0.00159353 0.036767 9.9964E-05
0.880093 9.9955E-05 0.049474 0.0563516 9.9955E-05 9.9955E-05 9.9955E-05 0.0135818 9.9955E-05
0.757267 0.0259425 0.00537153 9.9964E-05 9.9964E-05 9.9964E-05 9.9964E-05 0.160574 0.050445
0.767743 0.0992992 9.9973E-05 9.9973E-05 0.0121698 0.0231334 9.9973E-05 0.0810972 0.0162571
0.809768 0.0796022 0.0164846 0.0377341 9.9964E-05 9.9964E-05 9.9964E-05 0.0560115 9.9964E-05
0.818969 9.9973E-05 0.0318077 0.0212958 0.0715693 0.0239737 9.9973E-05 0.0320851 9.9973E-05
0.881042 9.9955E-05 0.0549805 9.9955E-05 9.9955E-05 9.9955E-05 0.0254381 0.0380393 9.9955E-05
0.831387 0.0773386 0.028323 0.012259 0.0304513 9.9973E-05 9.9973E-05 0.0199408 9.9973E-05
0.51462 9.9973E-05 9.9973E-05 0.0994517 9.9973E-05 0.011689 0.0866983 0.0748582 0.212383
0.533351 9.9964E-05 9.9964E-05 0.211089 9.9964E-05 9.9964E-05 0.0911559 0.0167041 0.1473
0.506244 9.9973E-05 9.9973E-05 0.0950308 0.0420328 9.9973E-05 0.060843 0.049687 0.245862
0.493951 9.9964E-05 9.9964E-05 0.118176 0.0276384 9.9964E-05 0.0320009 9.9964E-05 0.327834
0.0144436 9.9982E-05 0.470342 0.0368046 9.9982E-05 0.0576389 0.211328 0.0379554 0.171288
0.0357437 0.0445713 0.378817 9.9973E-05 9.9973E-05 0.195221 0.263718 9.9973E-05 0.0816289
9.9973E-05 0.0768717 0.506312 0.172663 9.9973E-05 0.0808939 0.133448 9.9973E-05 0.0295118
0.0099956 9.9991E-05 0.408305 0.0400275 0.0561794 0.0284928 0.164387 0.00830758 0.284205
9.9964E-05 9.9964E-05 0.073055 0.300435 9.9964E-05 0.00565791 0.0819915 9.9964E-05 0.538461
0.0196919 0.0313329 0.611071 0.0379 0.0696608 0.0282903 0.157419 0.0445342 9.9991E-05
9.9973E-05 9.9973E-05 0.566687 0.106361 9.9973E-05 0.0523114 0.256314 0.010324 0.00770251
9.9973E-05 9.9973E-05 0.533621 0.090287 0.0429752 0.0891208 0.170894 9.9973E-05 0.0728014
9.9964E-05 0.115014 0.216159 9.9964E-05 0.0383585 0.0474708 0.582598 9.9964E-05 9.9964E-05
0.0694906 0.0317441 0.559472 0.174881 9.9973E-05 0.0911344 0.0729778 9.9973E-05 9.9973E-05
0.0327612 9.9991E-05 0.346061 0.0637337 0.0203994 0.0679817 0.350336 0.00974675 0.10888
9.9955E-05 9.9955E-05 9.9955E-05 0.102983 9.9955E-05 0.180438 0.711648 0.00442985 9.9955E-05
0.0761697 9.9982E-05 0.497758 0.127138 0.1113 0.0124378 0.0868138 9.9982E-05 0.0881825
0.0108407 9.9964E-05 0.260706 9.9964E-05 0.226157 0.0562381 0.445658 9.9964E-05 9.9964E-05
0.00510048 9.9973E-05 0.533579 0.0278976 9.9973E-05 0.0590843 0.35985 0.0141886 9.9973E-05
0.0329743 9.9973E-05 0.0817356 0.0972185 9.9973E-05 0.0424597 0.636796 9.9973E-05 0.108516
0.0230665 9.9964E-05 9.9964E-05 0.781496 0.172528 9.9964E-05 0.0147764 0.00773315 9.9964E-05
0.0161366 0.013315 0.0269191 0.816792 0.126437 9.9964E-05 9.9964E-05 9.9964E-05 9.9964E-05
9.9955E-05 9.9955E-05 0.0076766 0.885011 0.00686061 0.0999523 9.9955E-05 9.9955E-05 9.9955E-05
0.0754523 9.9964E-05 9.9964E-05 0.867999 0.022327 0.022732 0.0110897 9.9964E-05 9.9964E-05
9.9964E-05 0.0555209 0.0120904 0.861286 0.0600193 9.9964E-05 9.9964E-05 0.0106831 9.9964E-05
9.9955E-05 0.0688451 0.0603786 0.819108 9.9955E-05 0.0511689 9.9955E-05 9.9955E-05 9.9955E-05
0.807709 0.0393615 0.0550415 9.9973E-05 9.9973E-05 0.0284981 0.0268681 0.0422222 9.9973E-05
0.77723 0.0132071 0.0631507 0.0881063 9.9973E-05 9.9973E-05 9.9973E-05 0.0365063 0.0215001
0.707547 0.0525412 0.168279 9.9964E-05 9.9964E-05 9.9964E-05 9.9964E-05 0.062778 0.0084547
0.744462 0.0847623 0.0529288 0.0102069 9.9973E-05 9.9973E-05 9.9973E-05 0.0370704 0.0702696
0.74832 0.107575 0.0582723 0.0673727 9.9964E-05 9.9964E-05 9.9964E-05 0.01806 9.9964E-05
0.300055 9.9964E-05 9.9964E-05 0.505414 0.103219 9.9964E-05 0.0411727 0.0497388 9.9964E-05
0.425311 9.9973E-05 9.9973E-05 0.36015 0.0365624 0.0673394 0.0997093 0.0106274 9.9973E-05
0.347966 0.0151486 9.9973E-05 0.448286 9.9973E-05 0.0903259 0.0565919 0.0413814 9.9973E-05
9.993E-05 9.993E-05 9.993E-05 9.993E-05 9.993E-05 9.993E-05 9.993E-05 0.999201 9.993E-05
0.333858 0.00469501 9.9982E-05 0.478483 0.0261264 0.0472743 0.095022 0.0143421 9.9982E-05
0.199627 0.361631 0.229202 0.00640286 0.151912 0.0431137 0.0079112 9.9982E-05 9.9982E-05
0.130453 0.156949 0.575357 9.9973E-05 0.0569894 9.9973E-05 9.9973E-05 0.0444576 0.0354941
0.213647 0.21882 0.511614 9.9964E-05 9.9964E-05 9.9964E-05 9.9964E-05 0.0362116 0.0193077
0.244063 0.223035 0.329875 0.0128186 0.0798999 9.9973E-05 0.110008 9.9973E-05 9.9973E-05
0.0615456 0.192945 0.501512 0.0886148 0.0566542 0.00126672 0.0265467 0.0520396 0.0188759
0.398266 0.34489 9.9946E-05 9.9946E-05 0.256245 9.9946E-05 9.9946E-05 9.9946E-05 9.9946E-05
9.9964E-05 9.9964E-05 0.405392 0.200357 0.00827786 0.128469 9.9964E-05 9.9964E-05 0.257104
0.00380618 9.9982E-05 0.343304 0.14207 0.105079 0.118953 0.0994887 9.9982E-05 0.187098
0.0616706 9.9982E-05 0.147785 0.12288 0.0213043 0.0184346 9.9982E-05 0.0414504 0.586275
9.9973E-05 9.9973E-05 0.459803 0.0303332 0.0465041 0.181359 0.0234267 9.9973E-05 0.258274
9.9964E-05 9.9964E-05 9.9964E-05 0.0300487 0.319736 0.363363 0.179663 9.9964E-05 0.10679
0.0228934 0.0866578 0.36168 9.9973E-05 9.9973E-05 0.138995 9.9973E-05 0.0944285 0.295045
0.0632238 9.9991E-05 0.473286 0.0763576 0.00958395 0.228518 0.0448794 0.00700515 0.0970459
0.0344141 9.9982E-05 0.235923 0.104538 9.9982E-05 0.0461891 0.0859603 0.0318911 0.460884
0.0791783 0.0492477 0.486445 0.0239556 9.9982E-05 0.103148 9.9982E-05 0.0547709 0.203054
9.9964E-05 9.9964E-05 0.0283265 9.9964E-05 0.248971 0.120669 0.101603 9.9964E-05 0.50003
9.9982E-05 0.058525 0.414266 0.131327 0.0882234 0.17363 0.0319572 9.9982E-05 0.101871
9.9991E-05 0.0238245 0.480101 0.180715 0.026861 0.042173 0.096405 0.0370803 0.11274
0.17241 0.242879 0.291633 0.00915318 0.0438736 9.9982E-05 0.164094 9.9982E-05 0.0757569
9.9982E-05 0.0334648 0.247414 0.097315 0.031664 0.225509 0.0246592 9.9982E-05 0.339774
0.0128312 0.0141992 0.37744 0.123891 0.0373444 0.0518093 0.0888173 0.0384837 0.255185
9.9982E-05 0.105491 0.413719 0.0800639 0.0108564 0.236907 0.0335155 9.9982E-05 0.119247
0.0264796 9.9973E-05 0.56744 0.0759588 0.0328934 0.14845 9.9973E-05 9.9973E-05 0.148478
9.9982E-05 0.0584129 0.621049 0.038034 9.9982E-05 0.124279 0.0234732 0.0121454 0.122407
9.9991E-05 0.0815901 0.466534 0.187523 0.00639963 0.0797882 0.141676 0.022814 0.0135751
9.9991E-05 0.072352 0.43133 0.142138 0.0183026 0.150043 0.0053833 0.0900268 0.0903239
0.78466 0.0447519 0.169988 9.9946E-05 9.9946E-05 9.9946E-05 9.9946E-05 9.9946E-05 9.9946E-05
0.824429 9.9955E-05 0.101522 9.9955E-05 9.9955E-05 0.0645483 9.9955E-05 0.00900135 9.9955E-05
0.765892 0.000623827 0.115482 0.0447572 0.0487643 0.0012877 0.0229933 9.9982E-05 9.9982E-05
0.800979 0.0758076 9.9982E-05 0.0365763 9.9982E-05 0.0411227 0.0229535 0.0110195 0.0113416
0.76667 9.9946E-05 0.178758 9.9946E-05 9.9946E-05 9.9946E-05 9.9946E-05 0.0539719 9.9946E-05
9.9973E-05 0.0534828 0.0936766 0.13621 0.0217471 0.018224 9.9973E-05 9.9973E-05 0.676359
0.105125 0.0555517 0.347324 9.9982E-05 9.9982E-05 0.103931 0.0397747 0.0336743 0.31442
0.0783 0.200393 0.323275 0.0454731 0.12091 0.0816199 0.0936354 0.0399434 0.0164502
9.9991E-05 0.0504725 0.585355 0.0521807 0.0135479 0.0277196 0.00418675 0.033216 0.233221
0.039747 9.9973E-05 0.508475 0.0787943 9.9973E-05 0.0524886 0.103659 9.9973E-05 0.216537
9.9982E-05 0.124967 0.15064 0.0812317 0.135903 0.108831 9.9982E-05 0.0275521 0.370675
0.0800389 9.9973E-05 9.9973E-05 0.229016 0.0894079 9.9973E-05 0.0468564 0.0498226 0.504558
0.0385013 0.0252006 0.455575 0.209695 9.99828E-05 0.0123009 0.0359583 9.99828E-05 0.222569
0.0129549 0.0659229 0.0769746 0.212521 9.9991E-05 0.118468 0.0271278 0.0349584 0.450973
9.9982E-05 0.0464576 0.31605 0.0954098 0.0413134 0.215919 0.0868767 9.9982E-05 0.197773
0.130392 0.0223279 9.9964E-05 0.158546 9.9964E-05 0.175708 9.9964E-05 9.9964E-05 0.512626
0.0503249 0.0939998 0.554588 0.115496 0.0131855 0.0303074 9.9991E-05 0.00636253 0.135635
0.0270272 9.9982E-05 0.07482 0.20961 0.00679691 0.0744837 9.9982E-05 0.0371585 0.569904
9.9982E-05 0.0539565 0.308857 0.140335 0.187565 0.0141468 0.0211171 9.9982E-05 0.273823
0.0966393 9.9991E-05 0.426976 0.0787588 0.225192 0.0892521 0.021624 0.0260837 0.0353744
9.9964E-05 9.9964E-05 0.297929 0.083924 0.462933 0.105328 9.9964E-05 9.9964E-05 0.0494859
0.0163188 9.9973E-05 0.610532 0.0571646 0.189454 9.9973E-05 0.0375331 9.9973E-05 0.0886974
0.113183 0.00671822 0.625102 9.9973E-05 0.156568 9.9973E-05 0.0803202 9.9973E-05 0.0178078
9.9973E-05 9.9973E-05 0.361552 0.0543817 0.411747 0.044536 0.0514228 9.9973E-05 0.07606
9.9991E-05 0.10265 0.322626 0.117184 0.11554 0.197789 0.0181072 0.0465631 0.0794402
9.9973E-05 9.9973E-05 0.472611 0.0528616 0.220924 0.0857093 0.106994 0.0605999 9.9973E-05
9.9973E-05 9.9973E-05 0.0939568 0.027256 0.617763 0.095739 0.0809957 9.9973E-05 0.0839892
9.9964E-05 9.9964E-05 0.256987 0.0201002 0.572866 0.0308082 0.118838 9.9964E-05 9.9964E-05
9.9964E-05 9.9964E-05 0.483707 0.113922 0.331961 0.0683417 0.00166799 9.9964E-05 9.9964E-05
9.9973E-05 9.9973E-05 0.122491 0.0602187 0.480897 0.0150026 0.237399 9.9973E-05 0.0836922
9.9964E-05 9.9964E-05 0.354838 0.0322292 0.290283 9.9964E-05 0.195813 9.9964E-05 0.126437
9.9973E-05 0.0314567 0.0373209 0.21382 0.0510257 9.9973E-05 0.124506 9.9973E-05 0.541571
9.9964E-05 9.9964E-05 0.24674 0.121264 0.0305687 0.347549 9.9964E-05 9.9964E-05 0.253478
0.0292616 0.0943895 0.317642 0.183001 9.9973E-05 9.9973E-05 0.07731 9.9973E-05 0.298096
9.9973E-05 0.0920775 0.527696 0.0661214 9.9973E-05 0.087742 9.9973E-05 0.00141905 0.224644
9.9982E-05 0.00215411 0.183545 0.163327 9.9982E-05 0.0905023 0.0656067 0.00625978 0.488405
0.101888 0.0517042 0.421566 9.9982E-05 0.0491809 0.165488 0.0312526 9.9982E-05 0.17872
9.9973E-05 0.0638841 0.557239 0.115222 9.9973E-05 0.0763397 9.9973E-05 0.0303334 0.156682
0.00896839 0.0362475 0.493814 0.0846561 0.039373 9.9982E-05 0.0564225 9.9982E-05 0.280319
9.9982E-05 0.0952545 0.380495 0.0759227 9.9982E-05 0.155654 0.0906859 0.0317212 0.170067
0.0218276 0.0729872 0.388687 0.249944 9.9973E-05 9.9973E-05 0.141347 9.9973E-05 0.124907
9.9973E-05 0.0403935 0.237727 0.235321 9.9973E-05 0.0132438 9.9973E-05 0.00981329 0.463201
9.9973E-05 0.0674889 0.364735 0.244105 0.0193143 0.0521258 9.9973E-05 9.9973E-05 0.251931
0.00355839 0.047342 0.57291 0.115553 0.0395987 0.0738613 9.9982E-05 9.9982E-05 0.146977
9.9973E-05 0.0470302 0.519698 0.0952975 0.0745254 9.9973E-05 0.0549203 9.9973E-05 0.208229
9.9982E-05 9.9982E-05 0.346795 0.211139 0.0786698 0.1843 0.041308 0.00534752 0.132242
9.9973E-05 0.0795156 0.535412 0.166286 9.9973E-05 0.116387 0.0107458 9.9973E-05 0.0913542
0.0192777 0.101516 0.26234 0.28199 0.0717168 9.9982E-05 9.9982E-05 0.00453671 0.258422
0.0742004 0.00587947 0.561667 0.0828478 9.9982E-05 0.0213117 9.9982E-05 0.0136523 0.240242
0.0560277 0.00255634 0.506511 0.114821 9.9973E-05 0.0995784 9.9973E-05 9.9973E-05 0.220206
0.0799263 0.117516 0.458614 9.9973E-05 9.9973E-05 0.0760695 0.065944 9.9973E-05 0.20163
0.288128 0.11617 0.390383 9.9964E-05 0.146393 9.9964E-05 9.9964E-05 0.0585257 9.9964E-05
0.0858042 0.235085 0.355345 9.9991E-05 0.121072 0.0735419 0.0475977 0.0154983 0.0659556
0.142659 0.137075 0.360236 9.9991E-05 0.0387588 0.0160258 0.12756 0.0340234 0.143561
0.0388282 0.151793 0.506179 0.0118989 0.103011 0.00521958 0.00953423 0.0539056 0.11963
0.0837008 0.249552 0.303847 9.9982E-05 9.9982E-05 0.106928 0.0426886 0.0766626 0.136421
9.9973E-05 0.0308876 0.368162 9.9973E-05 0.179308 0.122747 9.9973E-05 0.00907149 0.289523
0.133507 0.17877 0.36699 0.0162463 0.0121346 0.0576956 0.0728909 0.0671924 0.094573
0.175844 0.135094 9.9964E-05 9.9964E-05 0.465107 9.9964E-05 0.0670226 9.9964E-05 0.156533
0.0710526 0.149266 0.474796 0.0212647 0.0724131 9.9982E-05 9.9982E-05 0.0178955 0.193112
0.0507908 0.172155 0.546185 0.0401281 0.0918776 0.0169484 9.9991E-05 0.0480299 0.0337847
0.110315 0.242135 0.380949 0.00930622 0.117117 0.0579774 0.020482 0.0118151 0.0499032
0.142796 0.147048 0.250427 0.0341465 0.13151 0.0259893 0.0365408 0.063713 0.16783
0.169695 0.109844 0.561979 9.9964E-05 0.150414 9.9964E-05 0.00766872 9.9964E-05 9.9964E-05
0.163873 0.14787 0.545039 0.00497118 0.0177201 0.0677264 9.9991E-05 0.00698766 0.0457129
0.408428 0.172881 9.9973E-05 9.9973E-05 0.363763 0.0128412 0.0094261 0.0323603 9.9973E-05
0.177543 0.188689 0.464003 9.9991E-05 0.0151771 0.00172724 0.0231865 0.0539928 0.075582
0.17077 0.16138 0.55164 9.9964E-05 0.092161 9.9964E-05 9.9964E-05 0.0236491 9.9964E-05
0.091492 0.0950035 0.594046 9.9991E-05 0.0958184 0.0391911 0.00217365 0.00322234 0.0789529
0.221345 0.179444 0.486313 9.9973E-05 0.0701425 9.9973E-05 9.9973E-05 0.0115636 0.0308912
0.200036 0.128585 0.505812 9.9973E-05 9.9973E-05 0.000988566 9.9973E-05 0.00685723 0.15742
9.9964E-05 0.0684265 0.36417 9.9964E-05 9.9964E-05 0.519831 9.9964E-05 0.0297131 0.0174593
0.0903173 0.0440306 0.483219 9.9973E-05 9.9973E-05 0.21989 9.9973E-05 0.0463996 0.115844
9.9946E-05 9.9946E-05 9.9946E-05 9.9946E-05 9.9946E-05 0.790794 0.0370173 9.9946E-05 0.171589
0.011607 9.9964E-05 9.9964E-05 0.0648231 0.0566354 0.864299 0.00223537 9.9964E-05 9.9964E-05
9.9982E-05 0.0528216 0.307833 0.0494012 0.0850507 0.333436 9.9982E-05 0.0807447 0.0905131
0.0914172 0.25276 0.346747 9.9973E-05 0.0953512 0.126321 9.9973E-05 9.9973E-05 0.0871044
0.0938421 0.339984 0.304175 9.9973E-05 0.070101 0.159824 9.9973E-05 0.0317735 9.9973E-05
0.100504 0.336531 0.0847799 9.9991E-05 0.196533 0.133477 0.0235649 0.0426543 0.081856
0.132761 0.268999 0.25989 9.9973E-05 9.9973E-05 0.220263 9.9973E-05 0.0292964 0.0884911
0.0508912 0.0988931 0.0349889 9.9964E-05 0.219092 0.595735 9.9964E-05 9.9964E-05 9.9964E-05
0.0698144 0.15215 0.0209962 9.9964E-05 9.9964E-05 0.720116 9.9964E-05 0.0365236 9.9964E-05
9.9964E-05 0.119275 0.456626 9.9964E-05 9.9964E-05 0.360305 0.0389472 0.0244469 9.9964E-05
0.0598397 0.0630302 0.386374 9.9955E-05 9.9955E-05 0.490256 9.9955E-05 9.9955E-05 9.9955E-05
0.0264492 0.109281 0.067484 9.9964E-05 9.9964E-05 0.748494 9.9964E-05 0.047892 9.9964E-05
0.0500715 9.9973E-05 0.468871 0.0306537 9.9973E-05 0.354285 9.9973E-05 0.0219168 0.0739024
9.9964E-05 0.0780135 0.500856 0.00595222 0.0615152 0.353263 9.9964E-05 9.9964E-05 9.9964E-05
0.127422 0.13952 0.383196 0.0057666 0.10631 0.174421 0.0631639 9.9982E-05 9.9982E-05
0.0317715 9.9964E-05 0.231406 9.9964E-05 9.9964E-05 0.605237 0.0574275 9.9964E-05 0.0737591
9.9964E-05 9.9964E-05 0.264282 9.9964E-05 9.9964E-05 0.579665 0.0120495 0.0270757 0.116528
0.0952837 9.9973E-05 0.456094 0.0706408 9.9973E-05 0.27406 0.0930873 0.010534 9.9973E-05
0.0663915 0.0869288 0.277251 0.0766946 9.9973E-05 0.423579 0.068855 9.9973E-05 9.9973E-05
0.056642 0.137286 0.338792 9.9982E-05 0.187643 0.106019 0.0300305 9.9982E-05 0.143387
9.9955E-05 9.9955E-05 0.453466 9.9955E-05 0.123157 0.395452 9.9955E-05 0.0274249 9.9955E-05
9.9955E-05 9.9955E-05 0.16763 0.0980722 9.9955E-05 0.721614 9.9955E-05 9.9955E-05 0.0121842
0.0489076 9.9964E-05 0.546366 9.9964E-05 0.00490835 0.304744 0.094674 9.9964E-05 9.9964E-05
9.9964E-05 9.9964E-05 0.157722 0.0135231 9.9964E-05 0.721596 0.058191 9.9964E-05 0.0485676
0.0127862 0.00852469 0.366563 0.0112846 9.9973E-05 0.558713 9.9973E-05 0.0418278 9.9973E-05
0.0874951 9.9973E-05 0.540996 0.0674959 9.9973E-05 0.236011 0.0592125 0.00848983 9.9973E-05
9.9973E-05 0.0196679 0.449491 0.0700047 9.9973E-05 0.364663 0.0542717 9.9973E-05 0.0416019
0.134998 0.210326 0.397388 0.00701282 0.0384502 0.103612 0.0088136 9.9991E-05 0.0993
0.129238 0.18119 0.345673 9.9982E-05 0.0668736 0.181294 0.0149535 9.9982E-05 0.0805771
0.0901647 0.354454 0.271797 0.0434793 0.142516 0.0760451 9.9982E-05 9.9982E-05 0.0213436
0.049861 0.249763 0.309724 0.0990464 0.108731 0.0409921 9.9991E-05 0.05874 0.0830428
0.123174 0.130462 0.420392 0.138498 0.00145802 9.9991E-05 0.145771 0.0386189 0.00152587
0.0715742 0.131876 0.379381 0.0609205 0.117741 0.105696 9.9991E-05 0.0828359 0.0498758
0.173931 0.0773251 9.9973E-05 0.0405332 0.087361 0.605011 9.9973E-05 0.0155384 9.9973E-05
0.0428451 0.164571 0.565554 9.9964E-05 9.9964E-05 0.180345 9.9964E-05 0.0462858 9.9964E-05
0.358416 0.0932815 9.9964E-05 9.9964E-05 0.160357 0.385726 9.9964E-05 0.00181932 9.9964E-05
0.0669583 0.205455 0.407447 9.9955E-05 9.9955E-05 0.319639 9.9955E-05 9.9955E-05 9.9955E-05
9.9955E-05 9.9955E-05 0.0688646 9.9955E-05 0.00768846 0.781859 0.141088 9.9955E-05 9.9955E-05
9.9937E-05 9.9937E-05 9.9937E-05 9.9937E-05 9.9937E-05 0.871607 0.127693 9.9937E-05 9.9937E-05
9.9973E-05 9.9973E-05 0.429848 9.9973E-05 0.0232222 0.447646 0.0436558 0.00573464 0.0495932
9.9955E-05 9.9955E-05 0.620905 9.9955E-05 9.9955E-05 0.353442 0.0179161 0.00723694 9.9955E-05
9.9955E-05 9.9955E-05 0.378375 9.9955E-05 9.9955E-05 0.540176 0.0565436 9.9955E-05 0.0244053
9.9955E-05 9.9955E-05 0.4588 0.00211016 9.9955E-05 0.46115 0.07744 9.9955E-05 9.9955E-05
9.9937E-05 9.9937E-05 0.5073 9.9937E-05 9.9937E-05 0.492001 9.9937E-05 9.9937E-05 9.9937E-05
0.72626 0.0477149 0.0643398 0.00651614 9.9982E-05 0.0708554 9.9982E-05 0.0550861 0.0290278
0.65934 0.128403 9.9991E-05 0.0800452 0.0451177 0.00634508 0.00736969 0.0224729 0.050806
0.866049 0.0493683 9.9964E-05 0.00589856 9.9964E-05 9.9964E-05 9.9964E-05 0.0260048 0.0522797
0.819525 9.9946E-05 0.0354903 9.9946E-05 9.9946E-05 9.9946E-05 9.9946E-05 0.144385 9.9946E-05
9.9973E-05 0.0516212 0.462633 9.9973E-05 9.9973E-05 0.0353437 0.294633 0.0808507 0.0746186
0.111131 0.00491492 0.460939 0.0136748 9.9982E-05 0.0065568 0.37518 9.9982E-05 0.0274048
9.9964E-05 9.9964E-05 0.391886 0.0171449 9.9964E-05 9.9964E-05 0.451121 0.049407 0.0900414
0.137267 9.9964E-05 0.605959 0.00849286 9.9964E-05 0.0089106 0.23897 9.9964E-05 9.9964E-05
0.0527126 0.043323 0.499635 0.116124 0.0661771 9.9973E-05 0.221728 9.9973E-05 9.9973E-05
0.0392221 9.9982E-05 0.194091 0.0863034 0.00400508 0.0742734 0.50549 9.9982E-05 0.0964151
9.99658E-05 0.0331969 0.527935 9.99658E-05 9.99658E-05 9.99658E-05 0.3967 0.0334688 0.00829947
9.9973E-05 9.9973E-05 0.279034 0.0290393 0.15316 0.0306142 0.483016 0.0248361 9.9973E-05
0.222481 0.106722 0.501099 0.0542089 0.0311701 0.0622151 9.9982E-05 9.9982E-05 0.0219041
0.0034028 0.0564035 0.383689 0.0350097 0.00401488 0.124 0.368258 9.9991E-05 0.0251218
9.9964E-05 9.9964E-05 0.283004 0.0693555 9.9964E-05 9.9964E-05 0.552353 0.0290997 0.0657876
9.9964E-05 0.0197432 0.525467 0.0193283 9.9964E-05 0.0888104 0.346252 9.9964E-05 9.9964E-05
9.9973E-05 9.9973E-05 0.407185 0.0249375 9.9973E-05 0.0588258 0.491092 0.0113622 0.00629808
0.00428158 0.000532472 0.540349 9.9964E-05 0.0310212 9.9964E-05 0.423416 9.9964E-05 9.9964E-05
0.0701855 0.0420412 0.502859 9.9973E-05 9.9973E-05 9.9973E-05 0.308353 0.0270868 0.0491742
9.9946E-05 9.9946E-05 9.9946E-05 9.9946E-05 9.9946E-05 0.0955423 0.877774 9.9946E-05 0.0260845
9.9964E-05 0.0318378 0.201891 9.9964E-05 0.0873258 0.0582272 0.620319 9.9964E-05 9.9964E-05
9.9973E-05 9.9973E-05 0.286392 0.0786609 0.0215257 0.0267677 0.555302 0.0310519 9.9973E-05
9.9946E-05 9.9946E-05 9.9946E-05 9.9946E-05 0.11118 0.0197922 0.868428 9.9946E-05 9.9946E-05
0.0178157 9.9973E-05 0.436778 0.148183 9.9973E-05 9.9973E-05 0.340557 0.00626835 0.0500977
9.9964E-05 9.9964E-05 0.078572 0.00425997 0.322267 9.9964E-05 0.591129 0.00337128 9.9964E-05
0.011573 9.9964E-05 9.9964E-05 0.00117814 0.156117 0.0777553 0.752977 9.9964E-05 9.9964E-05
0.0492552 0.0695429 0.5356 9.9982E-05 9.9982E-05 0.0126324 0.268762 0.0421747 0.0218336
9.9973E-05 9.9973E-05 0.166481 0.049439 0.0501947 9.9973E-05 0.58498 0.020555 0.12805
0.00464444 0.0615535 0.3534 0.0876668 9.9982E-05 9.9982E-05 0.389085 0.00346876 0.099982
0.0700908 0.0871315 0.512808 9.9982E-05 0.0548451 9.9982E-05 0.189819 0.036966 0.0481396
9.9973E-05 9.9973E-05 0.540998 0.0372065 0.0645742 0.092939 0.186627 9.9973E-05 0.0773555
9.9964E-05 9.9964E-05 0.322064 0.115465 0.11638 0.190427 9.9964E-05 9.9964E-05 0.255264
9.9973E-05 0.0285683 0.535208 0.0639487 9.9973E-05 0.106302 0.239386 0.0262871 9.9973E-05
9.9973E-05 0.0704299 0.381815 0.00813189 9.9973E-05 9.9973E-05 0.341704 0.0238512 0.173769
9.9955E-05 9.9955E-05 0.273839 9.9955E-05 0.063093 9.9955E-05 0.651379 0.0111891 9.9955E-05
0.0613256 0.0931877 0.363412 0.131727 9.9991E-05 0.0765914 0.21467 0.0172716 0.0417146
0.580144 0.0110827 9.9973E-05 0.189484 0.091347 9.9973E-05 9.9973E-05 0.0577914 0.0698519
0.66596 9.9982E-05 0.0464163 0.0387247 0.00619206 9.9982E-05 0.0369051 0.103513 0.102089
0.699345 9.9964E-05 9.9964E-05 0.0909454 0.0436487 9.9964E-05 9.9964E-05 0.121632 0.0440297
0.700536 9.9973E-05 9.9973E-05 0.104171 0.034468 0.0137761 0.0490306 0.0977177 9.9973E-05
0.664398 9.9973E-05 0.0166271 0.199953 0.0744973 0.00530949 9.9973E-05 0.0389151 9.9973E-05
0.0431421 0.094212 0.06095 0.0115989 9.9973E-05 9.9973E-05 0.689701 9.9973E-05 0.100096
0.0422517 9.9991E-05 0.135878 0.0642072 0.0399 0.00184215 0.60821 0.0244796 0.0831316
9.9955E-05 9.9955E-05 0.173608 9.9955E-05 0.053215 0.0130529 0.759624 9.9955E-05 9.9955E-05
