9.9964E-05 0.0695617 9.9964E-05 0.079879 9.9964E-05 0.806623 0.0263062 9.9964E-05 0.0172298
0.0175555 0.0430566 0.00204145 9.9964E-05 9.9964E-05 0.899444 9.9964E-05 0.0375025 9.9964E-05
9.9964E-05 0.0661403 9.9964E-05 0.0360852 0.132854 0.730307 0.0342134 9.9964E-05 9.9964E-05
9.9973E-05 0.0633039 9.9973E-05 0.00536397 0.0413063 0.757726 0.0746517 9.9973E-05 0.0573478
9.9955E-05 9.9955E-05 9.9955E-05 9.9955E-05 0.107299 0.831574 0.0148286 9.9955E-05 0.0457987
0.128056 0.0260809 0.024286 0.00624472 0.0754494 0.542922 0.0573818 0.0483315 0.0912477
0.0616178 0.0570761 9.9973E-05 0.0474207 9.9973E-05 0.736392 0.0179135 9.9973E-05 0.0792803
0.0781498 0.0526739 9.9964E-05 9.9964E-05 9.9964E-05 0.637638 0.0511749 9.9964E-05 0.179964
0.0713031 0.0294016 9.99639E-05 9.99639E-05 9.99639E-05 0.78281 9.99639E-05 0.0433469 0.072739
0.0525253 0.0639879 0.0571264 9.9982E-05 0.0741868 0.632567 0.0682321 9.9982E-05 0.0511744
0.0885196 9.9982E-05 0.0156963 0.0344258 0.0353945 0.708957 9.9982E-05 0.0132356 0.103571
9.9955E-05 9.9955E-05 9.9955E-05 0.811867 0.152242 0.010532 0.0248597 9.9955E-05 9.9955E-05
9.9955E-05 0.0576592 0.0677567 0.435513 0.438571 9.9955E-05 9.9955E-05 9.9955E-05 9.9955E-05
0.0105632 0.0175503 0.114202 0.643826 0.105467 0.0469047 0.0428056 9.9991E-05 0.0185811
9.9955E-05 9.9955E-05 0.000829223 0.680192 0.15777 9.9955E-05 0.160708 9.9955E-05 9.9955E-05
9.9973E-05 0.0145111 0.0309516 0.442271 0.260749 0.12908 0.122136 9.9973E-05 9.9973E-05
0.017311 0.0319796 0.136686 0.240369 0.444238 9.99765E-05 0.129116 9.99765E-05 9.99765E-05
0.0562317 0.0423462 0.0463816 0.383078 0.430038 9.9973E-05 0.0416245 9.9973E-05 9.9973E-05
9.9964E-05 0.0149973 9.9964E-05 0.631289 0.198587 0.113602 0.0411253 9.9964E-05 9.9964E-05
0.0693808 9.9955E-05 9.9955E-05 0.805947 9.9955E-05 0.0477392 9.9955E-05 9.9955E-05 0.0764335
0.00934688 0.0117521 0.0415458 0.457024 0.314827 9.9982E-05 0.0800957 0.0852082 9.9982E-05
0.184549 0.00802022 0.0326888 0.274174 0.467679 0.00633485 0.0191986 0.00725502 9.9991E-05
9.9964E-05 9.9964E-05 9.9964E-05 0.260635 0.531782 0.099877 9.9964E-05 0.0342821 0.0730247
0.049284 9.9973E-05 0.00284827 0.639419 0.22495 0.0745175 0.00868156 9.9973E-05 9.9973E-05
0.0113487 0.0275146 0.0419451 0.137817 0.546185 0.0261027 0.0961284 9.9991E-05 0.112858
9.9955E-05 9.9955E-05 9.9955E-05 0.427602 0.447473 0.0123724 0.112052 9.9955E-05 9.9955E-05
9.9964E-05 0.0340666 0.0136208 0.890378 9.9964E-05 0.0072639 0.0542713 9.9964E-05 9.9964E-05
9.9937E-05 9.9937E-05 9.9937E-05 0.774786 9.9937E-05 9.9937E-05 0.224515 9.9937E-05 9.9937E-05
9.9946E-05 9.9946E-05 0.0828585 0.806249 0.110293 9.9946E-05 9.9946E-05 9.9946E-05 9.9946E-05
9.993E-05 0.999201 9.993E-05 9.993E-05 9.993E-05 9.993E-05 9.993E-05 9.993E-05 9.993E-05
9.993E-05 0.999201 9.993E-05 9.993E-05 9.993E-05 9.993E-05 9.993E-05 9.993E-05 9.993E-05
9.9973E-05 0.344761 9.9973E-05 0.0602352 0.101256 0.461175 0.0206066 0.0116656 9.9973E-05
9.9964E-05 0.266619 9.9964E-05 9.9964E-05 0.062803 0.465516 0.160432 0.0442299 9.9964E-05
0.0250414 0.0470053 0.0474447 0.149048 0.544491 0.0152747 9.9982E-05 0.171495 9.9982E-05
9.9982E-05 0.0403221 9.9982E-05 0.0262033 0.493166 0.046818 0.106663 0.239233 0.0473945
0.0129616 9.9964E-05 9.9964E-05 9.9964E-05 0.509651 9.9964E-05 0.0156305 0.432559 0.0287974
0.0056267 0.0377016 9.9982E-05 0.589292 0.11106 0.0460173 9.9982E-05 0.048738 0.161364
9.9955E-05 0.0666717 9.9955E-05 9.9955E-05 0.290277 9.9955E-05 0.025707 0.616844 9.9955E-05
9.9982E-05 9.9982E-05 0.0336962 0.160285 0.429289 0.0618649 0.0685834 0.220477 0.0256045
0.12285 0.0173579 9.9973E-05 9.9973E-05 0.656673 0.00756394 9.9973E-05 0.19441 0.000845176
0.0953936 0.000407021 9.9982E-05 9.9982E-05 0.578181 0.0553726 0.0309021 0.0924665 0.147077
0.0854779 0.064128 0.0505696 9.9991E-05 0.580324 0.00398915 0.0142304 0.115987 0.0851948
0.104889 0.00973232 9.9973E-05 0.137711 0.0659203 9.9973E-05 9.9973E-05 0.653332 0.0281156
0.22509 0.0122732 9.9991E-05 0.0315869 0.631573 0.000992139 0.0161273 0.0481855 0.0340722
0.00439145 0.0332198 9.9973E-05 0.155632 0.455066 9.9973E-05 0.166763 0.184627 9.9973E-05
9.9982E-05 0.0553122 0.0784956 0.0569821 0.524953 0.0966288 0.0699469 0.117481 9.9982E-05
0.0475947 0.00296227 0.00559503 9.9964E-05 0.30452 9.9964E-05 9.9964E-05 0.638928 9.9964E-05
9.9964E-05 0.0502256 9.9964E-05 9.9964E-05 0.546458 0.0202239 0.0794021 0.303291 9.9964E-05
0.0660688 0.0472521 9.9973E-05 9.9973E-05 0.376305 9.9973E-05 0.0960826 0.299989 0.114003
0.225992 9.9946E-05 9.9946E-05 9.9946E-05 9.9946E-05 0.0440233 9.9946E-05 0.729385 9.9946E-05
0.0515597 9.9973E-05 0.0829939 0.416388 0.0754554 9.9973E-05 9.9973E-05 0.213159 0.160144
0.420676 0.0110085 0.0109846 0.245602 0.0768172 9.9982E-05 9.9982E-05 0.207701 0.0270101
9.9973E-05 0.102101 0.0539789 0.283245 0.375634 9.9973E-05 0.103396 0.081345 9.9973E-05
0.0871632 0.0152755 0.111997 0.18009 0.533092 0.0324094 0.0397726 9.9982E-05 9.9982E-05
0.154053 0.00768194 0.0727198 0.0189878 0.609648 0.0161635 0.0511557 9.9991E-05 0.0694904
0.0991125 9.9982E-05 0.0559235 0.278309 0.149137 0.0827834 9.9982E-05 0.140594 0.193941
0.0169251 0.0469993 9.9973E-05 0.225967 0.514955 9.9973E-05 9.9973E-05 0.122686 0.0721675
0.0275471 9.9982E-05 0.057033 0.202507 0.52073 0.0784177 0.0832181 9.9982E-05 0.0303466
0.0851822 0.0449197 0.0645248 0.188507 0.330275 0.0573523 0.0233205 0.145807 0.0601112
0.17252 0.00745271 9.9982E-05 0.409972 9.9982E-05 0.157234 0.0804092 0.113864 0.0583479
0.0510939 0.0688598 0.0131379 0.0981318 0.436691 9.9991E-05 0.0868751 0.207182 0.0379291
9.9991E-05 0.0486007 0.0976091 0.329204 0.34233 0.0265461 0.0588828 0.000517075 0.0962101
0.118159 0.0479037 9.9964E-05 0.624267 9.9964E-05 9.9964E-05 9.9964E-05 0.123589 0.0856812
0.0118337 9.9973E-05 0.109522 0.395915 0.379596 9.9973E-05 0.0870113 9.9973E-05 0.0158227
0.0799805 9.9982E-05 0.0596907 0.0647637 0.657236 9.9982E-05 0.0206715 0.0454498 0.0720082
0.0581385 0.0263219 0.0526541 0.164627 0.591693 0.0442953 0.0257758 9.9991E-05 0.0363947
0.100552 0.0159026 0.0645866 0.322884 0.206006 0.0614895 0.0370997 0.155926 0.035554
0.108772 0.0504058 0.0686532 0.290884 0.410141 9.9982E-05 0.0372772 0.0336673 9.9982E-05
9.9982E-05 0.0545826 9.9982E-05 0.1576 0.508673 0.00618182 0.0568724 0.041034 0.174855
0.0663589 0.0349763 0.135789 0.514328 0.153353 9.9982E-05 9.9982E-05 0.0187009 0.0762944
9.9964E-05 0.0129749 9.9964E-05 0.0513013 0.553673 9.9964E-05 9.9964E-05 0.319228 0.0624225
9.9955E-05 0.0305971 9.9955E-05 0.131056 0.160046 9.9955E-05 9.9955E-05 0.677801 9.9955E-05
0.0665488 0.0556125 9.9991E-05 0.0482521 0.536766 0.00108893 0.0565507 0.187139 0.0479424
0.124508 0.00291718 9.9955E-05 9.9955E-05 9.9955E-05 0.00247749 9.9955E-05 0.869598 9.9955E-05
0.053276 9.9955E-05 0.0907892 0.0673487 9.9955E-05 9.9955E-05 9.9955E-05 0.788086 9.9955E-05
9.9946E-05 9.9946E-05 9.9946E-05 0.0153669 0.241893 9.9946E-05 9.9946E-05 0.74214 9.9946E-05
9.9955E-05 0.0482921 9.9955E-05 9.9955E-05 0.437561 9.9955E-05 9.9955E-05 0.475263 0.0383843
0.0398642 0.0402792 0.0316762 9.9973E-05 0.536234 0.165492 9.9973E-05 0.186154 9.9973E-05
0.0455359 0.0563763 9.9973E-05 9.9973E-05 0.36748 9.9973E-05 0.0499498 0.433936 0.0464221
9.9973E-05 9.9973E-05 9.9973E-05 0.275681 0.0678079 0.0259188 0.04565 0.579842 0.00479958
9.9982E-05 0.0069358 0.0015019 0.101906 0.209473 0.0206775 9.9982E-05 0.513209 0.146097
9.9991E-05 0.037606 0.0695051 0.00413423 0.397607 0.0672981 0.134608 0.205127 0.0840136
9.9964E-05 0.0192465 9.9964E-05 0.129279 0.193548 9.9964E-05 0.0806491 0.576877 9.9964E-05
9.9964E-05 0.0495289 9.9964E-05 0.0522385 0.404362 0.0318684 9.9964E-05 0.461603 9.9964E-05
9.9955E-05 0.0223106 9.9955E-05 9.9955E-05 0.448886 0.024112 9.9955E-05 0.504192 9.9955E-05
0.206832 9.9955E-05 0.132764 9.9955E-05 9.9955E-05 0.0312859 9.9955E-05 0.628619 9.9955E-05
0.0492393 0.030688 9.9982E-05 0.0761804 0.543566 9.9982E-05 0.053556 0.209461 0.0371097
9.9973E-05 0.00173122 9.9973E-05 0.0969918 0.0731697 0.784915 0.0313357 9.9973E-05 0.0115571
9.9946E-05 0.119612 9.9946E-05 9.9946E-05 0.113517 0.766272 9.9946E-05 9.9946E-05 9.9946E-05
9.9955E-05 0.134662 9.9955E-05 9.9955E-05 0.0859216 0.747426 0.0314904 9.9955E-05 9.9955E-05
9.9964E-05 0.125466 9.9964E-05 9.9964E-05 0.0536196 0.768712 0.0261648 0.0256379 9.9964E-05
9.9955E-05 0.127614 9.9955E-05 9.9955E-05 0.0874762 0.78228 0.0021303 9.9955E-05 9.9955E-05
0.0225923 0.0246404 0.0375867 9.9991E-05 0.0122457 0.838638 0.0535623 0.00670686 0.00392789
9.9964E-05 0.082292 9.9964E-05 9.9964E-05 0.0665187 0.828197 0.00452616 0.0180662 9.9964E-05
0.0505001 0.0929033 0.0321102 9.9982E-05 0.461731 9.9982E-05 0.0966369 0.156164 0.109754
9.9973E-05 0.0236526 9.9973E-05 9.9973E-05 0.473411 0.0794792 0.117291 0.247288 0.0585784
0.011724 9.9964E-05 0.0252377 0.165295 9.9964E-05 0.0367962 9.9964E-05 0.760547 9.9964E-05
0.0139936 0.0180969 0.0230616 0.131895 0.536454 0.128571 0.021908 0.12592 9.9991E-05
9.9982E-05 9.9982E-05 0.00877871 0.149816 0.418966 0.00528724 0.0168192 0.338926 0.0612077
9.9973E-05 0.00411044 0.0112393 0.0346007 0.6061 0.0960959 9.9973E-05 0.247554 9.9973E-05
0.0405265 9.9973E-05 0.0249116 0.0190412 0.554535 0.0666062 9.9973E-05 0.29408 9.9973E-05
0.0495617 0.0277313 0.0250247 9.9973E-05 0.455204 9.9973E-05 0.0723401 0.369838 9.9973E-05
9.9964E-05 9.9964E-05 0.00405888 0.158334 9.9964E-05 0.0597948 9.9964E-05 0.734596 0.0428166
0.0662894 0.0226062 0.0346487 0.028403 0.485676 0.132894 0.0516677 0.177716 9.9991E-05
9.9964E-05 9.9964E-05 0.0914991 0.00134228 0.604619 0.0689409 9.9964E-05 0.233199 9.9964E-05
0.0767765 0.0232118 9.9982E-05 9.9982E-05 0.496418 0.0582198 0.13338 0.157716 0.0540777
0.150893 0.0335367 0.0332964 0.0755232 0.255732 9.9973E-05 9.9973E-05 0.450719 9.9973E-05
0.0301416 9.9955E-05 0.0221413 9.9955E-05 0.580886 9.9955E-05 9.9955E-05 0.366331 9.9955E-05
9.9955E-05 0.00793862 9.9955E-05 0.208372 0.468587 9.9955E-05 9.9955E-05 0.314603 9.9955E-05
9.9955E-05 0.00904471 9.9955E-05 9.9955E-05 0.311464 9.9955E-05 0.0943179 0.584674 9.9955E-05
9.9973E-05 0.0343982 9.9973E-05 0.0362363 0.404424 0.0618036 9.9973E-05 0.362633 0.100205
0.0242595 0.0681318 0.0235761 0.110218 0.598681 0.0424775 9.9991E-05 0.0933867 0.0391696
0.126439 0.0184215 0.218253 0.328999 0.102999 0.0187977 0.0478816 0.0444603 0.0937501
0.063201 0.0172328 9.9982E-05 0.19106 0.345272 0.103829 0.0952846 9.9982E-05 0.18392
9.9982E-05 0.00782841 0.101846 0.297416 0.432612 0.0967797 0.0327324 9.9982E-05 0.0305857
0.113467 0.0266444 0.000311469 0.0051134 0.552351 0.0453211 0.112928 0.131907 0.0119564
0.0156612 0.0559106 0.0904855 0.360913 0.412923 0.0230339 9.9991E-05 0.00177934 0.0391939
9.99744E-05 0.0238768 9.99744E-05 0.243726 0.564823 9.99744E-05 0.0287197 0.0139151 0.124639
9.9964E-05 9.9964E-05 0.0472805 0.388818 0.399919 0.0163753 9.9964E-05 9.9964E-05 0.147208
9.9982E-05 9.9982E-05 0.0731332 0.106173 0.460927 0.120507 0.0195976 0.112104 0.107357
0.137407 9.9982E-05 9.9982E-05 0.0408069 0.601099 0.0103824 0.0546767 0.0560811 0.0993469
0.036835 0.0328592 9.9964E-05 0.297959 0.507679 9.9964E-05 9.9964E-05 0.124268 9.9964E-05
9.9955E-05 9.9955E-05 9.9955E-05 0.311076 0.548896 9.9955E-05 9.9955E-05 0.010907 0.128622
0.104439 9.9982E-05 0.00568651 9.9982E-05 0.671903 0.03095 0.0853873 0.0369133 0.0645209
0.0624037 9.9982E-05 0.110947 0.0228381 0.624799 0.12416 0.0418762 9.9982E-05 0.0127755
9.9973E-05 0.0423587 0.119874 0.217379 0.545982 9.9973E-05 0.0319864 9.9973E-05 0.0421207
0.0638599 0.0135788 0.0890584 0.105081 0.610054 0.0310396 9.9982E-05 9.9982E-05 0.0871284
0.0229991 0.0213324 0.0861118 0.290092 0.465588 9.9973E-05 0.113577 9.9973E-05 9.9973E-05
0.13643 0.0400276 9.9973E-05 0.366152 0.36617 0.0187344 9.9973E-05 9.9973E-05 0.072186
9.9982E-05 9.9982E-05 0.0314953 0.182282 0.644719 0.0692474 0.025534 0.00133283 0.0451901
0.0504305 0.0627777 0.0283762 0.0710875 0.709138 9.9982E-05 0.000348458 9.9982E-05 0.0776417
9.9991E-05 0.0148157 0.0705571 0.408247 0.112472 0.0249162 0.112333 0.127765 0.128794
0.249618 0.00576303 0.197061 0.304636 0.157924 0.0050439 0.00145745 9.9991E-05 0.0783971
0.0646338 0.00229951 0.00540106 0.0652697 0.53108 0.107608 9.9991E-05 0.118795 0.104813
0.159248 0.00102768 0.275887 0.154993 0.0719982 9.9991E-05 0.0232927 0.162691 0.150761
0.00924595 0.0166108 0.0765909 0.515118 0.15318 0.0452088 9.9991E-05 0.143073 0.0408728
9.9973E-05 9.9973E-05 0.102093 0.313314 0.394443 9.9973E-05 0.00141132 0.0958449 0.0925944
9.9964E-05 9.9964E-05 9.9964E-05 0.413571 0.244632 0.0274362 9.9964E-05 0.212523 0.101439
9.9973E-05 9.9973E-05 9.9973E-05 0.499675 0.238341 0.0169875 0.0383091 0.0520797 0.154308
0.00686272 9.9991E-05 0.041406 0.181807 0.581556 0.0926339 0.0435752 0.0255274 0.0265323
9.9982E-05 9.9982E-05 0.0559536 0.0702475 0.468634 0.116036 0.136215 0.100121 0.0525934
0.0582137 0.0685948 0.0441248 0.26871 0.494104 9.9973E-05 0.0659531 9.9973E-05 9.9973E-05
0.253359 9.9982E-05 0.0132473 0.439786 0.0632114 9.9982E-05 0.0554284 0.145887 0.028881
0.00918618 0.0162708 0.0532967 9.9991E-05 0.47096 0.102995 0.0323627 0.240348 0.0744815
0.150868 0.0402535 0.02414 0.0609349 0.410256 0.00201841 0.0626984 0.145321 0.10351
0.396283 9.9973E-05 0.117811 0.0872794 9.9973E-05 0.110559 9.9973E-05 0.2326 0.0551678
0.0789154 9.9973E-05 0.0829462 9.9973E-05 0.605601 0.178389 0.0113443 0.0425047 9.9973E-05
0.237006 0.00930162 0.0223728 0.00652692 0.356651 0.085238 9.9991E-05 0.228342 0.054461
0.177696 0.00340166 0.0453753 0.127777 0.50764 0.0344625 0.0886835 9.9991E-05 0.0148643
0.405255 0.030349 0.031977 0.00738589 0.274616 9.9982E-05 9.9982E-05 0.126286 0.12393
0.348774 9.9982E-05 0.118729 0.0925462 0.221677 0.0530905 9.9982E-05 0.0564297 0.108554
0.182811 0.0161342 0.173068 0.023274 0.414108 9.9982E-05 9.9982E-05 0.04915 0.141255
0.109864 0.0367846 0.0914314 0.0558386 0.420231 0.0125074 0.147482 9.9991E-05 0.125761
0.12568 0.0262528 0.0949631 0.0780037 0.448124 0.0836931 0.00226147 0.0300578 0.110964
0.404282 0.0100157 0.0326292 0.154667 9.9991E-05 0.00428246 0.162138 0.199231 0.0326545
0.0511934 0.0212562 0.15613 0.0454435 0.595156 0.0874311 9.9982E-05 0.0431894 9.9982E-05
0.248353 9.9964E-05 9.9964E-05 0.182085 0.349049 9.9964E-05 9.9964E-05 0.198026 0.0220876
0.160819 9.9973E-05 0.0963549 0.145755 0.497808 9.9973E-05 9.9973E-05 0.0731017 0.0258624
0.0638158 0.0249703 9.9982E-05 9.9982E-05 0.504893 0.0933994 0.108185 0.120492 0.0840445
0.319542 0.0791487 9.9973E-05 9.9973E-05 0.166945 0.215133 0.206752 9.9973E-05 0.0121796
0.391335 0.00560749 9.9955E-05 9.9955E-05 9.9955E-05 0.463809 0.138749 9.9955E-05 9.9955E-05
0.495431 0.0402227 9.9955E-05 9.9955E-05 9.9955E-05 0.332236 0.131611 9.9955E-05 9.9955E-05
0.249427 0.0378878 9.9973E-05 0.0445515 0.0348307 0.323218 0.309785 9.9973E-05 9.9973E-05
0.195462 9.9955E-05 0.0830065 9.9955E-05 0.704853 9.9955E-05 9.9955E-05 0.0161787 9.9955E-05
0.140429 0.057214 0.0972773 9.9973E-05 0.525558 9.9973E-05 0.0781444 9.9973E-05 0.101077
9.9955E-05 0.0182646 9.9955E-05 0.0432439 0.244837 9.9955E-05 0.693155 9.9955E-05 9.9955E-05
9.9973E-05 0.0116094 9.9973E-05 0.0938194 0.268214 9.9973E-05 0.494067 0.0522621 0.0797287
0.0304321 9.9982E-05 9.9982E-05 0.143521 0.179563 0.0638084 0.461272 0.0744364 0.0467669
0.363485 9.9964E-05 0.138493 0.127651 0.330079 9.9964E-05 9.9964E-05 0.039891 9.9964E-05
0.142647 9.9973E-05 9.9973E-05 9.9973E-05 0.493208 0.0391197 0.0615644 0.168637 0.0945238
0.518466 9.9964E-05 0.199543 0.0565072 0.180628 9.9964E-05 9.9964E-05 0.044456 9.9964E-05
0.226898 9.9964E-05 0.0935974 9.9964E-05 0.564348 9.9964E-05 9.9964E-05 0.0915262 0.0232313
0.157796 9.9964E-05 0.137627 0.115561 0.51082 9.9964E-05 9.9964E-05 0.0777974 9.9964E-05
0.257519 9.9964E-05 0.0439399 9.9964E-05 0.5857 9.9964E-05 9.9964E-05 0.0617924 0.0506491
0.501459 9.9964E-05 0.0569132 0.125855 0.188971 9.9964E-05 9.9964E-05 0.126402 9.9964E-05
0.204779 9.9973E-05 9.9973E-05 0.0372874 0.648757 0.0649744 0.0360428 0.00785874 9.9973E-05
0.0478829 9.9982E-05 0.116096 9.9982E-05 0.579447 0.121943 0.0884476 0.0260724 0.0199111
9.9937E-05 9.9937E-05 9.9937E-05 9.9937E-05 9.9937E-05 9.9937E-05 0.965142 0.0341587 9.9937E-05
9.9946E-05 9.9946E-05 9.9946E-05 9.9946E-05 0.0919094 9.9946E-05 0.894614 9.9946E-05 0.0128769
9.9982E-05 9.9982E-05 0.0141545 0.0250587 0.242049 0.00823316 0.579845 0.0495649 0.0808955
9.9955E-05 9.9955E-05 0.0259648 9.9955E-05 0.288688 9.9955E-05 0.620339 9.9955E-05 0.0645089
9.9955E-05 9.9955E-05 9.9955E-05 9.9955E-05 0.104187 9.9955E-05 0.781757 0.0465345 0.0670219
9.9937E-05 0.00879853 9.9937E-05 9.9937E-05 9.9937E-05 9.9937E-05 0.990502 9.9937E-05 9.9937E-05
9.9946E-05 9.9946E-05 9.9946E-05 9.9946E-05 9.9946E-05 9.9946E-05 0.930562 0.0131979 0.0556403
9.9937E-05 9.9937E-05 9.9937E-05 9.9937E-05 0.101426 9.9937E-05 0.897875 9.9937E-05 9.9937E-05
9.9955E-05 9.9955E-05 9.9955E-05 0.0153022 9.9955E-05 9.9955E-05 0.957024 0.0130287 0.0141454
9.993E-05 9.993E-05 9.993E-05 9.993E-05 9.993E-05 9.993E-05 0.999201 9.993E-05 9.993E-05
9.9937E-05 0.030014 9.9937E-05 9.9937E-05 9.9937E-05 9.9937E-05 0.969286 9.9937E-05 9.9937E-05
9.9973E-05 0.0495142 0.0542886 0.0584415 0.103949 0.00511734 0.72839 9.9973E-05 9.9973E-05
0.0116432 0.0211625 9.9982E-05 9.9982E-05 0.150827 0.0122136 0.683254 0.00627541 0.114425
9.9946E-05 9.9946E-05 9.9946E-05 9.9946E-05 0.007831 9.9946E-05 0.962632 0.0289369 9.9946E-05
9.9982E-05 0.00975021 9.9982E-05 0.25885 0.175014 0.0271802 0.413179 0.0965433 0.0192827
9.9982E-05 0.0417817 9.9982E-05 0.0151759 0.145397 0.0346495 0.654539 0.0514709 0.0567859
9.9973E-05 0.0436239 9.9973E-05 0.00645226 0.137525 0.0619224 0.732493 9.9973E-05 0.0176835
9.9973E-05 0.00723208 9.9973E-05 0.0581238 0.0474348 0.00678889 0.868912 9.9973E-05 0.0112086
9.9964E-05 0.00736707 9.9964E-05 9.9964E-05 0.000420519 9.9964E-05 0.981042 0.00134428 0.00942585
9.9973E-05 0.00848673 9.9973E-05 9.9973E-05 0.00996655 0.0363918 0.892169 0.00745492 0.045231
9.9946E-05 0.0199028 9.9946E-05 9.9946E-05 9.9946E-05 9.9946E-05 0.96058 0.0189172 9.9946E-05
9.9964E-05 9.9964E-05 9.9964E-05 9.9964E-05 0.205751 0.0562301 0.608591 0.0932589 0.0357694
9.9964E-05 9.9964E-05 0.053233 9.9964E-05 0.0437476 0.0363426 0.815135 9.9964E-05 0.0511416
0.571015 9.9964E-05 0.104769 9.9964E-05 9.9964E-05 0.270127 0.0322272 0.0214624 9.9964E-05
0.208359 0.0392514 0.0276396 9.9982E-05 0.386013 0.166684 0.0297356 9.9982E-05 0.142118
0.129309 0.00444328 0.0697358 9.9991E-05 0.375342 0.252556 0.0406527 0.0597859 0.0680762
0.443467 0.0327699 9.9982E-05 9.9982E-05 0.215517 0.137654 0.0952112 0.0282028 0.0469784
0.0500773 0.00545823 0.0703376 0.00683462 0.438282 0.166298 0.085685 0.0753882 0.101638
0.332467 0.0786671 0.0819681 9.9973E-05 0.235195 0.186795 0.0846079 9.9973E-05 9.9973E-05
0.133774 0.0340122 0.0764771 0.0530699 0.468827 0.102099 0.0223138 0.00851624 0.10091
0.337959 9.9973E-05 9.9973E-05 9.9973E-05 0.367554 0.115418 0.142402 0.0131172 0.0232493
0.154613 0.0489912 0.041583 9.9991E-05 0.400216 0.116674 0.177259 0.0400367 0.0205263
0.339803 0.0689394 9.9973E-05 9.9973E-05 0.320089 0.112141 0.157205 9.9973E-05 0.00152347
0.220954 0.0264969 9.9973E-05 0.106139 0.425045 0.12431 0.0967557 9.9973E-05 9.9973E-05
0.0452777 9.9964E-05 0.0129329 9.9964E-05 0.0988046 0.794443 9.9964E-05 9.9964E-05 0.0481424
9.9955E-05 0.0683841 0.037735 9.9955E-05 9.9955E-05 0.820242 0.0731396 9.9955E-05 9.9955E-05
0.0100777 0.0795843 9.9964E-05 0.00166176 9.9964E-05 0.884256 9.9964E-05 0.0240207 9.9964E-05
9.9955E-05 0.0642424 9.9955E-05 9.9955E-05 0.0387387 0.870982 9.9955E-05 9.9955E-05 0.0255374
0.0365059 0.123003 9.9964E-05 0.0667741 9.9964E-05 0.764921 9.9964E-05 9.9964E-05 0.00839518
9.9964E-05 0.0637964 0.0225975 0.0379881 9.9964E-05 0.823811 0.051407 9.9964E-05 9.9964E-05
9.9964E-05 0.0686414 9.9964E-05 9.9964E-05 0.0289878 0.774777 0.0949883 0.0322052 9.9964E-05
0.0590254 0.0492417 0.0340713 9.9964E-05 9.9964E-05 0.849988 9.9964E-05 9.9964E-05 0.00727359
9.9964E-05 0.0207443 0.0202117 0.0436257 0.0658831 0.849135 9.9964E-05 9.9964E-05 9.9964E-05
0.104989 0.00246173 9.9973E-05 0.0184299 0.00735748 0.809592 0.0568704 9.9973E-05 9.9973E-05
9.9964E-05 0.0450016 9.9964E-05 0.217718 9.9964E-05 0.54283 9.9964E-05 0.115741 0.0783094
9.9964E-05 0.0170215 9.9964E-05 0.209109 9.9964E-05 0.579699 9.9964E-05 0.00835306 0.185418
0.0948517 0.0521688 0.0385354 0.229743 9.9982E-05 0.450747 9.9982E-05 0.0576045 0.0761493
0.0224195 9.9973E-05 0.0209463 0.323179 9.9973E-05 0.505428 9.9973E-05 0.0519321 0.0757949
9.9964E-05 9.9964E-05 9.9964E-05 0.258637 0.413246 0.029171 0.0328096 0.265736 9.9964E-05
9.9991E-05 0.00908159 0.0936186 0.0379584 0.449704 0.01469 0.055105 0.276686 0.0630558
9.9991E-05 0.0180616 0.0778692 0.109838 0.51185 0.0157606 0.0436791 0.174649 0.0481919
0.0333513 0.00606027 0.0071552 0.234133 0.396093 0.048895 9.9991E-05 0.167181 0.107032
9.9973E-05 0.0110614 9.9973E-05 0.56095 0.111883 0.0240485 9.9973E-05 0.0943625 0.197395
9.9991E-05 0.00473778 0.0500311 0.0457205 0.560085 0.0107095 0.0617304 0.237568 0.029318
0.0492011 0.00597446 9.9973E-05 0.0606723 0.519555 9.9973E-05 9.9973E-05 0.325442 0.0388555
0.0201232 9.9982E-05 0.0305933 0.0736594 0.541639 9.9982E-05 0.00264301 0.226177 0.104965
0.0704609 9.9973E-05 0.0232959 9.9973E-05 0.38003 9.9973E-05 0.00397658 0.511978 0.00995818
0.0242073 0.00945314 0.0526024 0.00788781 0.53911 0.00447316 0.111677 0.169188 0.0814011
9.9991E-05 0.00767687 0.0839017 0.110774 0.300376 0.00755035 0.023975 0.428718 0.0369281
0.0335396 9.9955E-05 0.265421 9.9955E-05 9.9955E-05 9.9955E-05 9.9955E-05 0.640344 0.0601956
0.0785453 0.0150117 0.0566563 0.143679 0.495429 0.0260427 9.9991E-05 0.121147 0.0633892
0.157172 9.9964E-05 0.0733153 0.0522535 0.169225 9.9964E-05 9.9964E-05 0.547634 9.9964E-05
9.9964E-05 0.03582 0.080003 0.126538 0.506372 9.9964E-05 9.9964E-05 0.250867 9.9964E-05
9.9973E-05 9.9973E-05 0.00698112 0.173387 0.046038 0.0859762 9.9973E-05 0.64047 0.0468474
0.0863993 0.0165792 9.9982E-05 9.9982E-05 0.0088643 0.0517808 0.0172281 0.0361249 0.782823
0.0810101 9.9955E-05 9.9955E-05 9.9955E-05 0.0650138 0.0187824 9.9955E-05 9.9955E-05 0.834694
9.9937E-05 9.9937E-05 0.071848 9.9937E-05 9.9937E-05 9.9937E-05 9.9937E-05 9.9937E-05 0.927452
9.9955E-05 9.9955E-05 0.00911805 9.9955E-05 9.9955E-05 0.0710618 9.9955E-05 0.114797 0.804523
0.0736977 9.9964E-05 9.9964E-05 0.0589105 0.0584779 9.9964E-05 0.0289917 9.9964E-05 0.779522
0.00512335 9.9964E-05 0.0183418 9.9964E-05 0.0637411 9.9964E-05 0.0452237 9.9964E-05 0.86717
9.9964E-05 0.0750504 9.9964E-05 9.9964E-05 0.132078 0.770825 0.0169222 0.00472361 9.9964E-05
9.9973E-05 0.012318 9.9973E-05 0.0449611 0.105881 0.796553 0.0259261 9.9973E-05 0.0140607
0.0119049 0.0461375 9.9964E-05 9.9964E-05 0.154638 0.726717 0.0602019 9.9964E-05 9.9964E-05
0.00903455 0.0314768 9.9973E-05 0.113221 0.0263891 0.719139 0.10044 9.9973E-05 9.9973E-05
9.9973E-05 0.0488167 9.9973E-05 0.0308593 0.0642842 0.740871 0.1112 9.9973E-05 0.00366913
0.0745328 0.00214323 9.9973E-05 0.10619 9.9973E-05 0.353621 9.9973E-05 0.0432226 0.41999
0.0118537 9.9964E-05 0.0826142 9.9964E-05 9.9964E-05 0.475443 9.9964E-05 0.0788787 0.350811
9.9955E-05 0.0408984 0.147711 9.9955E-05 9.9955E-05 0.37723 9.9955E-05 9.9955E-05 0.43366
9.993E-05 0.999201 9.993E-05 9.993E-05 9.993E-05 9.993E-05 9.993E-05 9.993E-05 9.993E-05
0.0175605 0.0189775 0.0294018 9.9982E-05 9.9982E-05 0.312222 0.0255611 0.0986819 0.497395
0.1069 9.9964E-05 0.0515997 9.9964E-05 0.295255 0.187034 0.358811 9.9964E-05 9.9964E-05
0.0646591 9.9964E-05 9.9964E-05 9.9964E-05 0.550942 0.115007 0.207001 9.9964E-05 0.0619914
9.9955E-05 0.0407349 9.9955E-05 9.9955E-05 0.523868 0.131896 0.303001 9.9955E-05 9.9955E-05
0.0985308 9.9973E-05 0.0911298 0.019549 0.384453 0.228857 0.17718 9.9973E-05 9.9973E-05
0.0542865 0.0367108 0.0139518 0.0954804 0.461347 0.0386951 0.181019 0.0255197 0.0929893
0.306055 9.99586E-05 0.00345889 9.99586E-05 9.99586E-05 0.38556 0.304426 9.99586E-05 9.99586E-05
0.057528 9.9973E-05 0.0371998 0.340613 0.398175 9.9973E-05 9.9973E-05 0.0290261 0.137158
0.121902 9.9982E-05 0.216526 0.134249 0.373457 0.0169381 9.9982E-05 0.00738842 0.129339
9.9973E-05 0.0211467 0.0491154 0.55329 0.215935 0.0714129 9.9973E-05 9.9973E-05 0.0887996
0.0302835 9.9973E-05 0.247174 0.175826 0.468136 9.9973E-05 9.9973E-05 0.0419409 0.0363392
0.299119 9.9964E-05 0.387318 0.132024 9.9964E-05 9.9964E-05 9.9964E-05 0.179849 0.00129022
9.9991E-05 0.084992 0.0684256 0.174131 0.484663 0.0585932 0.0272812 0.071621 0.0301931
0.156049 0.0228818 0.116515 0.253955 0.4502 9.9964E-05 9.9964E-05 9.9964E-05 9.9964E-05
0.00732713 0.0651853 0.0366002 0.47917 0.247435 0.0290836 9.9982E-05 0.134999 9.9982E-05
9.9982E-05 9.9982E-05 0.00309917 0.0873041 0.473152 0.0720338 0.124734 0.127642 0.111835
0.284672 9.9964E-05 0.0738554 0.454405 0.0252837 9.9964E-05 9.9964E-05 0.161384 9.9964E-05
0.124726 9.9982E-05 0.181804 0.134147 0.422787 9.9982E-05 0.0108184 0.0475066 0.078011
9.9982E-05 0.0568334 0.0589449 0.243767 0.464974 9.9982E-05 0.0567032 0.0116903 0.106888
0.0462226 0.0150904 9.9991E-05 0.0693906 0.437628 0.127431 0.172365 0.0486733 0.0830996
0.0648703 9.9973E-05 0.236141 0.315236 0.338199 9.9973E-05 9.9973E-05 0.0050073 0.0402465
0.0170108 9.9982E-05 0.0633639 0.299987 0.465289 0.0361913 9.9982E-05 0.0416677 0.076291
9.9973E-05 9.9973E-05 0.0830713 0.245925 0.370465 0.0308697 0.142325 0.127044 9.9973E-05
9.9973E-05 9.9973E-05 0.120926 0.221572 0.488806 0.0474925 9.9973E-05 0.113774 0.0071304
0.00758957 9.9982E-05 0.00787542 0.274884 0.603055 0.0539281 0.0131623 9.9982E-05 0.0393049
0.0687665 9.99788E-05 9.99788E-05 0.235597 0.434462 0.0875639 0.0951866 0.0781236 9.99788E-05
0.0260193 0.0103816 0.0788807 0.0386531 0.554614 0.0856959 0.0424908 0.104283 0.0589823
9.9946E-05 9.9946E-05 9.9946E-05 9.9946E-05 0.158592 0.771643 0.0691652 9.9946E-05 9.9946E-05
9.9955E-05 0.0322718 0.0275871 9.9955E-05 0.136937 0.802704 9.9955E-05 9.9955E-05 9.9955E-05
0.063376 9.9982E-05 0.00750372 9.9982E-05 0.120062 0.756366 0.00592541 0.01365 0.0329172
9.9982E-05 0.00798224 0.000836988 9.9982E-05 0.0295082 0.774106 0.037902 0.0815231 0.0679417
9.9955E-05 0.0784063 9.9955E-05 9.9955E-05 0.150072 0.770781 0.000241115 9.9955E-05 9.9955E-05
0.00787474 0.031303 9.9982E-05 0.728136 0.0947573 9.9982E-05 0.0364316 0.0387049 0.062593
0.0860098 0.0100952 0.112532 0.148568 0.410493 0.0737147 0.0756751 0.0606106 0.022302
0.0585544 0.0540043 0.0133894 9.9991E-05 0.523102 0.0996932 0.131128 0.0507113 0.0693169
0.0668181 0.0122321 9.9982E-05 0.174002 0.627975 9.9982E-05 0.0753814 0.00823632 0.0351552
9.9991E-05 0.0158029 0.0606993 0.300338 0.463789 0.0660833 0.00203386 0.050443 0.0407111
0.148628 0.0634397 0.136722 0.260422 0.224128 9.9982E-05 0.0176427 9.9982E-05 0.148819
0.153674 0.0350866 9.9973E-05 0.546271 9.9973E-05 0.0765835 9.9973E-05 0.0472963 0.140789
9.9991E-05 0.026317 0.0354822 0.147109 0.472148 0.0183286 0.0445789 0.1129 0.143036
9.9991E-05 0.0193958 0.174341 0.383024 0.0834215 0.051177 0.0505592 0.0193755 0.218606
0.118699 0.0124991 0.160486 0.0406501 0.345507 0.0199582 0.0947012 0.116582 0.0909166
9.9991E-05 0.0193502 0.0759429 0.660256 0.0104617 0.144741 0.000215403 0.0207213 0.0682123
9.9973E-05 0.0438554 9.9973E-05 0.167633 0.597494 0.0867082 0.0144452 9.9973E-05 0.0895642
0.0615984 0.0578027 0.072519 0.531872 0.100894 0.0237548 9.9982E-05 9.9982E-05 0.151359
0.133494 0.038808 0.102686 0.241617 0.347688 0.002391 0.0124864 0.110899 0.00993104
0.160717 9.9982E-05 0.0839886 0.155288 0.492361 0.0764589 0.0271566 9.9982E-05 0.00382961
0.330737 9.9982E-05 0.180041 0.0288897 0.336257 0.0229567 9.9982E-05 0.00416805 0.0967502
0.176308 0.0232714 9.9973E-05 0.0546844 0.561642 9.9973E-05 9.9973E-05 0.0657651 0.118029
0.143821 0.0349566 0.0962683 0.0346211 0.538646 0.0460579 0.0771257 9.9991E-05 0.0284034
0.318847 9.9973E-05 0.122879 0.0430149 0.372598 9.9973E-05 9.9973E-05 0.0374312 0.10493
0.0562947 0.0119279 0.133987 0.0503086 0.510752 0.0914913 0.0105438 0.134595 9.9991E-05
0.10704 0.00681232 0.118955 9.9982E-05 0.537998 0.012231 9.9982E-05 0.128694 0.08807
0.454565 9.9964E-05 0.119915 9.9964E-05 0.166141 9.9964E-05 9.9964E-05 0.137811 0.121169
0.548901 9.9964E-05 0.0648948 9.9964E-05 0.284269 9.9964E-05 9.9964E-05 0.0969732 0.00456271
0.288311 9.9964E-05 0.0796693 9.9964E-05 0.467281 9.9964E-05 9.9964E-05 0.0675293 0.0968094
0.337592 9.9973E-05 0.192292 0.00480974 0.178051 9.9973E-05 9.9973E-05 0.167913 0.119042
0.27444 9.9964E-05 9.9964E-05 0.0185098 0.470648 9.9964E-05 9.9964E-05 0.151129 0.0848735
0.0712517 0.0153909 9.9982E-05 0.582421 0.00251222 0.0307593 9.9982E-05 0.183911 0.113553
0.0654897 9.9964E-05 0.299024 0.323864 0.249302 9.9964E-05 9.9964E-05 9.9964E-05 0.0619199
9.9982E-05 0.034428 9.9982E-05 0.383112 0.23285 0.0178827 0.104907 0.0891338 0.137487
0.0301146 0.000433497 9.9973E-05 0.285705 0.601175 9.9973E-05 0.0206068 9.9973E-05 0.0616652
9.9964E-05 0.000605248 9.9964E-05 0.532343 0.223106 9.9964E-05 9.9964E-05 0.124272 0.119274
0.0121463 0.0185176 0.195958 0.141594 0.456873 0.0267004 0.0609437 9.9991E-05 0.0871676
9.9964E-05 0.0920734 9.9964E-05 0.297032 0.418548 9.9964E-05 0.120616 9.9964E-05 0.0713306
0.0882477 0.0248678 0.0704553 0.262389 0.387877 9.9991E-05 0.0569056 0.00744977 0.101708
9.9973E-05 0.0248823 0.117324 0.277599 0.46167 9.9973E-05 9.9973E-05 0.0109379 0.107287
9.9982E-05 0.0108067 9.9982E-05 0.201902 0.434392 0.0268736 0.0159963 0.132141 0.177689
9.9964E-05 9.9964E-05 9.9964E-05 0.474878 0.140493 9.9964E-05 0.101779 0.11398 0.168471
9.9973E-05 9.9973E-05 0.0132595 0.407571 0.262514 9.9973E-05 0.108197 0.01405 0.194109
9.9973E-05 0.00705554 0.0945532 0.189201 0.601053 9.9973E-05 0.0308418 9.9973E-05 0.0769964
9.9982E-05 0.0132304 0.080445 0.0951607 0.692833 0.0771657 0.0173114 9.9982E-05 0.0236536
0.0991256 0.0505015 0.0867 0.217009 0.416702 0.0282036 9.9991E-05 0.0576482 0.0440104
9.9964E-05 9.9964E-05 0.144207 0.260121 0.409942 9.9964E-05 0.106875 9.9964E-05 0.0784546
0.049539 0.0314573 0.01544 0.355337 0.329313 0.0467954 0.0639624 9.9991E-05 0.108056
9.9973E-05 9.9973E-05 0.0773381 0.266476 0.515482 0.0360691 0.0279 0.0764351 9.9973E-05
9.9982E-05 0.0323816 0.138321 0.14198 0.404153 9.9982E-05 0.109275 0.08869 0.0849992
0.0727327 9.9982E-05 0.0226452 0.155419 0.45818 9.9982E-05 0.128267 0.0500901 0.112466
0.0602429 0.0234292 9.9982E-05 0.028776 0.413714 0.319647 0.112966 0.0410245 9.9982E-05
0.147921 0.0541884 0.0163161 9.9982E-05 0.465927 0.0560085 0.217693 0.0417459 9.9982E-05
0.0899857 0.0844243 9.9982E-05 9.9982E-05 0.437034 0.0957155 0.163667 0.0799502 0.0490235
0.102442 0.0539171 0.110458 9.9982E-05 0.625917 0.0418085 0.0616772 9.9982E-05 0.00357991
0.0264823 0.0136082 0.0469387 0.0857526 0.39412 0.150423 0.198202 0.0843731 9.9991E-05
0.101078 9.9973E-05 0.110168 0.31958 0.41653 9.9973E-05 0.0124708 9.9973E-05 0.0398723
9.9982E-05 0.00143594 0.0836052 0.0950349 0.414757 0.218127 0.16494 0.0218999 9.9982E-05
0.46017 9.9973E-05 9.9973E-05 0.135621 0.00489404 0.177045 0.0969674 0.125003 9.9973E-05
0.0693677 0.0215042 0.0140771 0.160046 0.474106 0.110786 0.148275 0.0017379 9.9991E-05
0.0298605 0.0549511 0.0631655 0.0486994 0.54203 0.0765821 0.157732 0.00503845 0.0219415
9.9991E-05 0.0167094 0.143209 0.089135 0.488174 0.0350857 0.168379 0.0323661 0.0268418
0.12909 0.0519298 0.0530568 0.179349 0.212664 0.0787537 0.220459 0.074597 9.9991E-05
0.0954792 9.9964E-05 9.9964E-05 0.0813406 0.535218 0.155342 0.13222 9.9964E-05 9.9964E-05
0.0502523 0.0506873 0.0824386 0.0676082 0.455131 0.0913465 0.182478 9.9991E-05 0.0199577
0.41289 0.039634 9.9955E-05 9.9955E-05 9.9955E-05 0.365098 0.181878 9.9955E-05 9.9955E-05
9.9991E-05 0.0728446 0.0207873 0.0209048 0.483241 0.108281 0.162768 0.075305 0.0557681
9.9991E-05 0.0116299 0.0301861 0.0255975 0.439275 0.169127 0.222914 0.052418 0.0487519
0.0542301 0.00482633 0.0152009 0.0643165 0.495539 0.112846 0.185222 0.0553421 0.0124764
0.0727017 0.0175983 9.9973E-05 0.0184843 0.566714 0.145039 0.179163 9.9973E-05 9.9973E-05
0.0724706 0.0445969 9.9982E-05 9.9982E-05 0.446867 0.115979 0.189108 0.0939764 0.0368011
9.9973E-05 0.0424794 0.342608 9.9973E-05 0.345275 9.9973E-05 0.111509 0.0502222 0.107606
0.00348501 0.0307746 0.246701 0.0956809 0.541834 0.0472944 0.0340295 9.9982E-05 9.9982E-05
9.9946E-05 9.9946E-05 0.802425 0.158583 9.9946E-05 9.9946E-05 9.9946E-05 0.0383916 9.9946E-05
0.0188712 9.9946E-05 0.957697 9.9946E-05 9.9946E-05 9.9946E-05 9.9946E-05 9.9946E-05 0.0228324
9.9982E-05 0.032352 0.28861 0.108629 0.35427 0.0326501 0.118694 0.0645942 9.9982E-05
0.101452 9.9973E-05 0.0756754 0.10167 0.380007 0.0891263 0.25177 9.9973E-05 9.9973E-05
0.0683171 9.9973E-05 0.248283 0.0319308 0.215855 0.0564619 0.378853 9.9973E-05 9.9973E-05
0.167977 0.027094 0.209302 0.0873132 0.0933501 0.157459 0.257305 9.9982E-05 9.9982E-05
9.9973E-05 0.0643388 0.201356 0.0529091 0.270055 0.157202 0.253839 9.9973E-05 9.9973E-05
0.158886 0.015345 0.649648 9.9973E-05 0.0605986 0.0766173 0.0386054 9.9973E-05 9.9973E-05
0.038814 0.0597731 0.645496 9.9973E-05 0.0819095 0.0575415 0.116166 9.9973E-05 9.9973E-05
9.9964E-05 0.0168867 0.354889 9.9964E-05 0.371664 9.9964E-05 0.219584 0.0365759 9.9964E-05
9.9955E-05 9.9955E-05 0.465752 9.9955E-05 0.369952 0.0733534 0.090443 9.9955E-05 9.9955E-05
9.9955E-05 9.9955E-05 0.710235 9.9955E-05 0.0935542 0.0786608 0.11705 9.9955E-05 9.9955E-05
9.9982E-05 0.0223552 0.352303 0.047489 0.399743 0.116107 0.0611664 0.000635553 9.9982E-05
0.0019595 9.9973E-05 0.335157 9.9973E-05 0.532635 0.0602002 0.0520332 9.9973E-05 0.0177152
0.0244825 0.0213902 0.236426 0.0800437 0.39997 0.0725225 0.118897 0.0461678 9.9991E-05
9.9973E-05 0.0041935 0.598607 0.0173193 0.318317 0.0264388 9.9973E-05 9.9973E-05 0.0348236
9.9973E-05 0.0750988 0.50999 0.122561 0.275449 9.9973E-05 0.0029579 0.0136443 9.9973E-05
9.9973E-05 0.037841 0.275787 0.0544468 0.482342 9.9973E-05 0.0527423 0.0965406 9.9973E-05
0.00959746 0.0266451 0.367791 0.0372274 0.421424 0.0826576 0.0228959 0.0316613 9.9991E-05
0.173902 0.0258309 0.122386 0.0225814 0.447387 0.0841815 0.0737915 0.0498403 9.9991E-05
0.0870842 9.9964E-05 0.466649 0.0113366 0.416261 9.9964E-05 9.9964E-05 9.9964E-05 0.0182687
9.9964E-05 9.9964E-05 0.730089 0.0440636 0.203496 0.00133786 9.9964E-05 9.9964E-05 0.0206131
0.0199145 9.9973E-05 0.341366 9.9973E-05 0.512849 0.0208025 0.0170992 0.0876693 9.9973E-05
9.9964E-05 9.9964E-05 0.779202 0.0103142 0.159737 9.9964E-05 9.9964E-05 0.00345335 0.0468942
9.9964E-05 0.0319342 0.525104 9.9964E-05 0.386552 0.0483858 0.00762391 9.9964E-05 9.9964E-05
0.00836943 0.0316588 0.235431 0.0222018 0.531055 0.0556374 0.0179666 0.0792255 0.0184546
9.9991E-05 0.0301821 0.272699 0.0375563 0.409768 0.0689293 0.0475355 0.128392 0.00483837
0.198512 0.00669927 0.0328886 9.9982E-05 0.536853 0.131102 0.0859459 0.00779874 9.9982E-05
0.0443079 9.9991E-05 0.054612 0.102145 0.412902 0.125476 0.17117 0.00901 0.0802773
0.0930926 0.0167802 0.0964669 9.9991E-05 0.353748 0.141952 0.22329 0.0285079 0.0460623
0.0784129 0.0944347 0.148612 0.0940139 0.308429 0.0920496 0.169542 9.9991E-05 0.0144056
0.0265895 0.00438228 0.116016 0.0252653 0.392771 0.0972127 0.187625 0.0802797 0.0698581
0.105272 0.0266391 0.176205 9.9982E-05 0.37938 0.0735363 0.203763 9.9982E-05 0.0350047
0.0929672 0.0119539 0.634065 9.9964E-05 9.9964E-05 0.179436 0.0811787 9.9964E-05 9.9964E-05
9.9973E-05 0.0116005 0.154841 9.9973E-05 0.525773 0.0554777 0.208409 9.9973E-05 0.0435984
0.206868 0.00685052 0.316648 9.9964E-05 9.9964E-05 0.338573 0.13066 9.9964E-05 9.9964E-05
9.9955E-05 9.9955E-05 0.348129 9.9955E-05 0.385329 0.0774081 0.188635 9.9955E-05 9.9955E-05
9.9946E-05 9.9946E-05 0.792665 9.9946E-05 0.0429288 9.9946E-05 9.9946E-05 0.163807 9.9946E-05
0.000287049 0.0219502 0.885845 9.9955E-05 9.9955E-05 9.9955E-05 9.9955E-05 0.0914182 9.9955E-05
9.9955E-05 0.0354268 0.488726 0.0165266 0.458821 9.9955E-05 9.9955E-05 9.9955E-05 9.9955E-05
9.9964E-05 9.9964E-05 0.337299 9.9964E-05 0.610672 0.0464841 0.000779473 0.00436465 9.9964E-05
9.9955E-05 9.9955E-05 0.559529 0.0898539 0.315613 9.9955E-05 9.9955E-05 0.0345041 9.9955E-05
9.9964E-05 9.9964E-05 0.499736 0.0127222 0.371195 9.9964E-05 0.0275279 0.0884181 9.9964E-05
9.9955E-05 9.9955E-05 0.46425 0.0966004 0.400843 9.9955E-05 9.9955E-05 0.0378067 9.9955E-05
9.9964E-05 0.0889297 0.0803707 9.9964E-05 0.0284192 0.719656 0.082224 9.9964E-05 9.9964E-05
0.0131416 0.0619314 0.00194471 0.0763472 9.9991E-05 0.631988 0.107349 0.0091579 0.0980405
9.9964E-05 0.0555944 9.9964E-05 0.0245672 9.9964E-05 0.830417 0.0637867 9.9964E-05 0.0252349
0.00403703 0.147798 0.00732578 9.9964E-05 0.0372345 0.803205 9.9964E-05 9.9964E-05 9.9964E-05
0.0127457 0.0316713 0.0806641 0.0397793 0.435554 0.0681841 0.0194285 0.242572 0.0694005
9.9973E-05 0.0024933 9.9973E-05 0.0978724 0.48585 0.116748 0.0088504 0.287886 9.9973E-05
9.9964E-05 0.0221327 0.0259208 0.0873342 0.433153 9.9964E-05 9.9964E-05 0.43106 9.9964E-05
0.0184572 0.0486169 9.9982E-05 0.0891445 0.534576 0.108713 0.0100071 0.190286 9.9982E-05
0.0694243 0.00276252 9.9991E-05 0.000816242 0.524288 0.0527235 0.0468002 0.180437 0.122649
0.0601192 9.9973E-05 0.000809631 0.15488 0.215577 9.9973E-05 9.9973E-05 0.526714 0.0416007
9.9964E-05 0.00651113 0.0312082 0.0694009 0.582136 9.9964E-05 9.9964E-05 0.310344 9.9964E-05
0.177017 0.038451 0.0252893 9.9964E-05 0.287613 9.9964E-05 9.9964E-05 0.471231 9.9964E-05
0.042643 9.9973E-05 0.0110218 0.073638 0.510288 0.285025 0.0770843 9.9973E-05 9.9973E-05
9.9964E-05 9.9964E-05 0.187131 9.9964E-05 0.381305 9.9964E-05 0.0914827 0.285782 0.0538999
9.9973E-05 0.0362028 0.00844011 0.191288 0.273157 9.9973E-05 9.9973E-05 0.460056 0.030556
9.9973E-05 9.9973E-05 0.0972394 0.034187 0.465265 0.00776107 0.0363967 0.358851 9.9973E-05
9.9973E-05 9.9973E-05 0.00373538 0.0267777 0.393798 9.9973E-05 0.00966502 0.531646 0.0340786
0.027577 9.9955E-05 0.0163157 9.9955E-05 0.588195 9.9955E-05 9.9955E-05 0.367413 9.9955E-05
9.9964E-05 9.9964E-05 0.0052053 9.9964E-05 0.599544 0.121989 9.9964E-05 0.26691 0.00595186
9.9946E-05 9.9946E-05 0.0988946 9.9946E-05 0.0790474 9.9946E-05 9.9946E-05 0.821458 9.9946E-05
0.0590479 9.9991E-05 0.0332203 0.0240935 0.198988 0.00503845 0.0791629 0.585591 0.0147576
9.9964E-05 0.0232022 0.101306 9.9964E-05 0.319722 9.9964E-05 9.9964E-05 0.532781 0.022588
0.12636 9.9946E-05 0.00909982 9.9946E-05 9.9946E-05 9.9946E-05 9.9946E-05 0.863941 9.9946E-05
9.9982E-05 9.9982E-05 0.0391332 0.1024 0.389449 0.0162884 0.0254452 0.333596 0.093488
0.214965 0.00350476 9.9973E-05 0.00837683 0.0533069 9.9973E-05 0.0194593 0.700087 9.9973E-05
0.230116 9.9946E-05 0.1028 9.9946E-05 9.9946E-05 9.9946E-05 9.9946E-05 0.666484 9.9946E-05
9.9973E-05 0.05333 9.9973E-05 9.9973E-05 0.483158 0.0278584 0.059583 0.360362 0.0154083
9.9991E-05 0.00529229 0.0124486 0.17445 0.178133 0.0285041 0.0391188 0.544747 0.0172067
0.0146797 9.9964E-05 9.9964E-05 0.0596311 0.351508 9.9964E-05 0.156008 0.417773 9.9964E-05
0.00537409 0.0519134 0.097162 9.9991E-05 0.532274 0.0781503 0.0599255 0.107756 0.0673448
9.9946E-05 9.9946E-05 9.9946E-05 0.15569 0.562555 9.9946E-05 9.9946E-05 0.281155 9.9946E-05
0.205858 9.9973E-05 0.0417941 0.357555 0.311353 9.9973E-05 0.0198468 0.063293 9.9973E-05
0.0159523 0.00251122 0.0581064 0.0254762 0.550008 0.00343286 9.9991E-05 0.267463 0.07695
0.00644909 0.00790501 9.9982E-05 0.152246 0.44 0.0238098 0.0338861 0.335504 9.9982E-05
0.0527574 9.9946E-05 9.9946E-05 9.9946E-05 0.311331 9.9946E-05 9.9946E-05 0.635311 9.9946E-05
0.0316062 0.0572791 0.049542 9.9982E-05 0.589242 0.0503467 9.9982E-05 0.167619 0.0541642
0.0930879 0.0556929 9.99642E-05 0.111279 9.99642E-05 0.56401 9.99642E-05 9.99642E-05 0.175531
0.0456967 0.0791917 9.9991E-05 0.0409331 0.0428644 0.660758 0.00195623 0.0924073 0.0360924
0.0806451 0.12452 9.9964E-05 0.0366219 9.9964E-05 0.693698 9.9964E-05 9.9964E-05 0.0641154
0.0156293 0.10502 0.00423979 9.9973E-05 9.9973E-05 0.713465 9.9973E-05 0.0122869 0.149059
0.0585051 0.0171385 9.9973E-05 0.013778 0.0346703 0.685626 9.9973E-05 9.9973E-05 0.189982
9.9964E-05 9.9964E-05 9.9964E-05 0.175449 0.0142624 0.0168 0.0817377 0.711352 9.9964E-05
9.9964E-05 0.0253358 9.9964E-05 0.192963 0.074008 0.0636889 9.9964E-05 0.643604 9.9964E-05
