9.9955E-05 0.852261 0.0223571 0.0178916 9.9955E-05 9.9955E-05 9.9955E-05 0.106991 9.9955E-05
9.9946E-05 0.905468 9.9946E-05 9.9946E-05 9.9946E-05 0.0455216 9.9946E-05 0.0484105 9.9946E-05
9.9955E-05 0.727479 9.9955E-05 0.0468523 9.9955E-05 9.9955E-05 0.0522097 0.172959 9.9955E-05
0.0405379 0.754457 0.0280794 0.10162 9.9973E-05 9.9973E-05 0.014696 0.0603102 9.9973E-05
0.0161563 0.795939 9.9964E-05 0.0586449 9.9964E-05 9.9964E-05 9.9964E-05 0.070136 0.0587244
0.096755 0.564325 9.9973E-05 0.0995842 0.147451 9.9973E-05 0.0627106 9.9973E-05 0.0288745
0.0331267 0.806064 9.9973E-05 0.014429 0.0820264 9.9973E-05 0.0276608 9.9973E-05 0.0363935
0.026924 0.704879 9.9964E-05 0.106959 0.134852 9.9964E-05 0.0259866 9.9964E-05 9.9964E-05
9.99549E-05 0.836353 9.99549E-05 0.0273868 0.0306328 0.105128 9.99549E-05 9.99549E-05 9.99549E-05
0.0379999 0.653395 9.9982E-05 0.0414283 0.0370559 9.9982E-05 0.0882286 0.0939072 0.0477852
9.9964E-05 0.734993 9.9964E-05 0.0951462 0.0884384 9.9964E-05 0.0568038 9.9964E-05 0.0242187
0.0264367 9.9955E-05 0.873112 9.9955E-05 9.9955E-05 0.0169009 0.083051 9.9955E-05 9.9955E-05
9.9955E-05 9.9955E-05 0.409976 9.9955E-05 9.9955E-05 0.00314329 0.469467 0.116915 9.9955E-05
0.0259338 0.00499742 0.775915 9.9973E-05 9.9973E-05 9.9973E-05 0.006733 0.124525 0.0615952
0.120889 9.9955E-05 0.654635 9.9955E-05 9.9955E-05 9.9955E-05 0.0905343 0.133442 9.9955E-05
0.0708438 0.11432 0.402099 9.9964E-05 0.00226505 9.9964E-05 0.410072 9.9964E-05 9.9964E-05
0.059398 0.00708539 0.31808 9.9982E-05 0.0312253 9.9982E-05 0.457768 0.101556 0.0246869
0.0798773 0.0148657 0.395969 9.9973E-05 0.029825 0.0881492 0.391014 9.9973E-05 9.9973E-05
0.0550813 0.143538 0.561163 9.9964E-05 9.9964E-05 0.0169002 0.222918 9.9964E-05 9.9964E-05
0.0166195 0.0445893 0.860429 0.016736 0.0612268 9.9964E-05 9.9964E-05 9.9964E-05 9.9964E-05
0.0483803 9.9982E-05 0.327 0.0607115 9.9982E-05 0.157806 0.303454 0.0878981 0.0145502
0.0292945 9.9991E-05 0.271033 0.0563487 0.131602 0.0180759 0.323791 0.079251 0.0905032
0.0347798 0.0376669 0.273656 0.0553211 0.0111198 9.9991E-05 0.513689 0.0492857 0.0243817
0.0621769 0.00647461 0.720197 9.9973E-05 9.9973E-05 0.00637388 0.172186 0.0322913 9.9973E-05
9.9955E-05 9.9955E-05 0.210261 0.0805688 9.9955E-05 9.9955E-05 0.40203 0.30664 9.9955E-05
0.0549924 0.0412946 0.347293 0.0152767 9.9973E-05 9.9973E-05 0.427165 0.113678 9.9973E-05
0.130121 9.9946E-05 0.859196 9.9946E-05 9.9946E-05 9.9946E-05 0.0100835 9.9946E-05 9.9946E-05
0.122712 0.00398883 0.797349 9.9955E-05 9.9955E-05 9.9955E-05 0.0754508 9.9955E-05 9.9955E-05
9.9973E-05 0.0152542 0.797929 9.9973E-05 0.0198001 9.9973E-05 0.0914673 0.0624455 0.0128043
0.133444 0.813756 9.9946E-05 9.9946E-05 9.9946E-05 9.9946E-05 0.0522001 9.9946E-05 9.9946E-05
0.128758 0.790767 0.0465906 9.9955E-05 9.9955E-05 9.9955E-05 0.0333844 9.9955E-05 9.9955E-05
0.102824 0.763309 9.9955E-05 9.9955E-05 9.9955E-05 0.00874453 0.124623 9.9955E-05 9.9955E-05
0.0510618 0.698242 9.9964E-05 9.9964E-05 9.9964E-05 0.0575623 0.148027 0.0447062 9.9964E-05
9.9982E-05 0.00548565 0.184463 0.0582262 0.0398209 0.18295 0.508461 9.9982E-05 0.020393
9.9964E-05 0.0890509 0.0997819 9.9964E-05 9.9964E-05 0.324309 0.441871 0.0445874 9.9964E-05
0.00800916 9.9964E-05 9.9964E-05 9.9964E-05 0.0655999 0.270538 0.606758 0.0486951 9.9964E-05
0.0474952 0.0771579 0.686652 0.136855 9.9964E-05 9.9964E-05 0.0514402 9.9964E-05 9.9964E-05
0.0936539 9.9964E-05 9.9964E-05 0.0467181 9.9964E-05 0.541164 0.281499 9.9964E-05 0.0365652
0.0816238 0.0159215 0.25307 9.9964E-05 9.9964E-05 0.167732 0.481253 9.9964E-05 9.9964E-05
9.9964E-05 9.9964E-05 9.9964E-05 9.9964E-05 0.0316929 0.227657 0.568638 0.162635 0.00897729
9.9973E-05 0.140033 0.0177849 0.090353 0.126739 0.00974331 0.615046 9.9973E-05 9.9973E-05
0.0109559 0.140071 0.0610278 0.00901367 0.0696359 0.00352423 0.672755 0.0329164 9.9991E-05
9.9973E-05 0.0331651 0.149158 0.0439957 9.9973E-05 0.663445 0.0946441 0.0152916 9.9973E-05
0.0354371 0.0605178 0.0903386 9.9973E-05 0.0941747 0.092069 0.627163 9.9973E-05 9.9973E-05
0.0581449 0.0895504 0.0532255 9.9982E-05 0.0265569 0.21718 0.516227 0.038916 9.9982E-05
0.0550953 0.116597 0.170084 9.9982E-05 9.9982E-05 0.151155 0.465466 0.0409748 0.000427322
0.0591656 9.9955E-05 9.9955E-05 9.9955E-05 9.9955E-05 0.622757 0.277534 9.9955E-05 0.040043
9.9964E-05 0.0490127 9.9964E-05 9.9964E-05 9.9964E-05 0.238556 0.516065 0.144342 0.0516243
0.0325045 0.0473939 0.192588 9.9982E-05 9.9982E-05 0.0798616 0.493688 0.120151 0.0336128
9.9946E-05 0.0488154 9.9946E-05 9.9946E-05 0.245961 0.704623 9.9946E-05 9.9946E-05 9.9946E-05
9.9973E-05 9.9973E-05 0.382679 0.173665 0.120464 0.164384 0.143669 9.9973E-05 0.0148386
9.9973E-05 9.9973E-05 0.402294 0.00225183 0.307327 0.195527 9.9973E-05 0.011377 0.0809236
0.0871969 0.0424548 0.205608 0.0220969 9.9991E-05 0.114664 0.378985 0.114689 0.0342056
0.030056 0.0992039 0.129739 9.9982E-05 0.0381416 9.9982E-05 0.49712 0.178134 0.0274059
0.00118456 9.9982E-05 0.156249 0.01313 0.047494 9.9982E-05 0.504262 0.235476 0.0420049
9.9982E-05 0.0908021 0.312242 0.151221 0.0709907 0.118312 0.192437 9.9982E-05 0.0637948
0.0421468 0.0110473 0.200242 0.119786 0.0370869 9.9982E-05 0.494843 9.9982E-05 0.0946482
0.0633261 0.00518371 0.265811 9.9973E-05 0.105668 9.9973E-05 0.340027 0.219685 9.9973E-05
9.9982E-05 0.0888315 0.258685 0.0705687 0.0647555 0.182446 0.320866 0.0136466 9.9982E-05
9.9982E-05 0.178162 0.488288 0.0417528 0.109475 0.0815532 9.9982E-05 0.0945169 0.00605359
9.9964E-05 9.9964E-05 0.240996 9.9964E-05 0.090424 0.0121056 0.420048 0.236027 9.9964E-05
9.9973E-05 0.061044 0.308525 0.0608088 9.9973E-05 9.9973E-05 0.237574 0.219601 0.112148
9.9964E-05 0.027589 0.650053 0.0955922 0.129506 0.0968598 9.9964E-05 9.9964E-05 9.9964E-05
9.9964E-05 9.9964E-05 0.401236 9.9964E-05 9.9964E-05 0.0625564 0.413248 0.066737 0.055822
9.9973E-05 9.9973E-05 0.0678806 0.0914404 9.9973E-05 0.0489777 0.516328 0.218395 0.0566792
0.00422867 0.0949745 0.246112 9.9973E-05 9.9973E-05 9.9973E-05 0.459784 0.13047 0.0641312
0.0349512 0.0266668 0.595458 0.0211154 0.00797266 0.101934 0.178347 0.0334546 9.9991E-05
9.9964E-05 9.9964E-05 0.331593 9.9964E-05 0.0469571 0.107161 0.281582 0.232307 9.9964E-05
9.9973E-05 9.9973E-05 9.9973E-05 0.152778 0.00594473 0.0950265 0.52401 0.174978 0.0469621
9.9982E-05 9.9982E-05 0.577819 0.0815344 0.117551 0.0908566 0.114475 0.00122995 0.0163342
9.9955E-05 9.9955E-05 0.0747805 9.9955E-05 9.9955E-05 0.372412 0.53759 0.0147172 9.9955E-05
0.0151698 0.0117203 0.165766 9.9964E-05 9.9964E-05 0.60823 0.198715 9.9964E-05 9.9964E-05
0.0901209 0.0783777 0.0107763 0.060889 9.9982E-05 0.243128 0.457966 0.0585429 9.9982E-05
9.9955E-05 9.9955E-05 9.9955E-05 0.0410111 0.0924822 0.847952 9.9955E-05 0.0180547 9.9955E-05
9.9955E-05 9.9955E-05 0.0468959 9.9955E-05 0.0626069 0.767188 9.9955E-05 9.9955E-05 0.122809
0.0366354 9.9973E-05 0.0155149 9.9973E-05 9.9973E-05 0.729576 0.211554 0.00299928 0.00342115
9.9964E-05 0.0442725 0.0946017 9.9964E-05 9.9964E-05 0.401881 0.441958 0.0168869 9.9964E-05
0.0552465 0.0533668 0.0870927 9.9982E-05 9.9982E-05 0.0903615 0.456999 0.253225 0.00350872
0.0461948 9.9973E-05 0.0134329 0.037098 9.9973E-05 0.468691 0.380509 0.0537743 9.9973E-05
0.00841679 9.9964E-05 0.138572 0.0810499 9.9964E-05 0.582132 0.189429 9.9964E-05 9.9964E-05
0.00294197 0.0103845 9.9973E-05 0.26792 9.9973E-05 0.427308 0.242802 9.9973E-05 0.0483437
9.9955E-05 9.9955E-05 9.9955E-05 0.10838 9.9955E-05 0.290926 0.394601 0.205593 9.9955E-05
0.0875968 9.9955E-05 0.0858171 9.9955E-05 9.9955E-05 0.618538 0.207548 9.9955E-05 9.9955E-05
9.9973E-05 0.0399442 0.0593491 0.0595283 9.9973E-05 0.364597 0.410125 0.066157 9.9973E-05
9.9955E-05 9.9955E-05 9.9955E-05 9.9955E-05 0.0615861 0.475327 0.35127 9.9955E-05 0.111317
9.9955E-05 9.9955E-05 9.9955E-05 9.9955E-05 0.135999 0.730086 9.9955E-05 0.0598499 0.0735647
0.0485609 9.9973E-05 9.9973E-05 0.0576207 0.0143362 0.287345 0.4772 0.114637 9.9973E-05
0.0490036 0.761055 0.0427192 0.0167285 9.9973E-05 9.9973E-05 0.0912085 0.0389851 9.9973E-05
9.9946E-05 0.881766 9.9946E-05 9.9946E-05 9.9946E-05 9.9946E-05 0.106538 0.0110962 9.9946E-05
9.9946E-05 0.796912 9.9946E-05 9.9946E-05 9.9946E-05 9.9946E-05 0.0325905 0.169898 9.9946E-05
9.9964E-05 0.791367 9.9964E-05 9.9964E-05 0.0305595 0.0231439 0.00926026 0.145269 9.9964E-05
9.9946E-05 0.778645 9.9946E-05 9.9946E-05 9.9946E-05 0.0183655 9.9946E-05 0.20239 9.9946E-05
9.9964E-05 0.801976 9.9964E-05 9.9964E-05 0.0193159 9.9964E-05 0.0427739 0.131991 0.00354349
9.9964E-05 0.879725 0.0104581 9.9964E-05 9.9964E-05 0.0102508 0.0387003 0.0604663 9.9964E-05
0.0541864 0.150431 9.9964E-05 9.9964E-05 9.9964E-05 0.273013 0.404259 0.117711 9.9964E-05
0.133187 0.124545 0.0645214 0.00369844 9.9973E-05 0.165239 0.508509 9.9973E-05 9.9973E-05
9.9964E-05 0.0397474 0.100109 9.9964E-05 9.9964E-05 0.770755 0.0198903 9.9964E-05 0.0690985
9.9973E-05 0.10797 9.9973E-05 9.9973E-05 0.128419 0.105818 0.620117 0.0122614 0.0251147
0.0135364 0.0563586 0.181151 9.9964E-05 9.9964E-05 0.337165 0.41139 9.9964E-05 9.9964E-05
9.9955E-05 0.150533 9.9955E-05 9.9955E-05 9.9955E-05 0.255454 0.549809 9.9955E-05 0.043704
9.9964E-05 0.0563861 0.160703 9.9964E-05 9.9964E-05 0.197045 0.510627 9.9964E-05 0.0748388
0.0621947 9.9973E-05 0.00497442 9.9973E-05 9.9973E-05 0.494795 0.415308 0.0148737 0.00755383
9.9955E-05 0.0790437 0.0768728 0.0841822 9.9955E-05 0.759401 9.9955E-05 9.9955E-05 9.9955E-05
0.0707082 0.108714 9.9982E-05 9.9982E-05 0.0252604 0.21868 0.422887 0.0789909 0.0745595
0.0476323 0.0833937 0.074069 9.9973E-05 9.9973E-05 0.116865 0.60159 9.9973E-05 0.0761506
0.042139 0.103355 0.0163223 0.0933294 0.0264558 0.167344 0.550855 9.9982E-05 9.9982E-05
0.043841 0.0145477 9.9973E-05 9.9973E-05 0.123835 0.456536 0.304355 9.9973E-05 0.0565849
0.0444599 0.0150044 9.9973E-05 9.9973E-05 0.0190688 0.308019 0.489415 9.9973E-05 0.123733
0.0247364 0.0240702 0.156871 0.0249577 0.0365975 0.290928 0.415696 9.9991E-05 0.0260432
0.115367 9.9946E-05 9.9946E-05 9.9946E-05 9.9946E-05 0.597122 0.286911 9.9946E-05 9.9946E-05
9.9964E-05 0.141026 0.0436335 0.00812256 9.9964E-05 0.379258 0.42756 9.9964E-05 9.9964E-05
0.0758634 0.129046 0.00298882 0.0596304 0.0119388 0.154074 0.524397 0.0251777 0.0168837
9.9982E-05 9.9982E-05 0.395723 0.0791603 0.0268963 0.134455 0.0210192 0.194274 0.148272
0.103926 0.0890165 0.217266 0.115721 0.0244735 0.0551594 0.342984 9.9991E-05 0.0513544
0.0491088 9.9991E-05 0.104714 0.147944 0.0346106 0.0197191 0.403525 0.207607 0.0326714
0.0671423 0.078368 0.119167 9.9982E-05 0.00605812 0.0510864 0.597337 9.9982E-05 0.0806414
0.0272971 0.0254631 0.352426 0.1086 9.9991E-05 0.0122074 0.362633 0.0345615 0.0767121
9.9973E-05 0.0360932 0.18395 0.0994071 0.0762698 9.9973E-05 0.550272 0.0537081 9.9973E-05
0.0794329 0.0271244 0.376125 0.126571 9.9973E-05 9.9973E-05 0.323479 9.9973E-05 0.0669678
0.0329564 0.0670238 0.093615 0.0891678 0.0749183 0.012489 0.49956 0.047516 0.0827534
0.104128 0.0355575 0.0496265 0.0833092 0.113165 0.115229 0.498785 9.9982E-05 9.9982E-05
0.0253362 0.0254737 0.233594 0.0213758 9.9973E-05 9.9973E-05 0.552265 9.9973E-05 0.141656
9.9982E-05 9.9982E-05 0.193939 0.129638 0.024768 0.124087 0.454132 0.0395714 0.033665
9.9973E-05 9.9973E-05 0.0617663 0.110057 0.0968169 9.9973E-05 0.517354 0.136833 0.0768727
0.0693384 0.139932 9.9982E-05 0.123538 0.0215709 0.00216898 0.600848 9.9982E-05 0.0424037
0.125566 9.9973E-05 0.25816 9.9973E-05 9.9973E-05 0.0496845 0.385936 0.0460499 0.134304
0.0503619 9.9991E-05 0.0804336 0.104113 0.000918832 0.0852257 0.483009 0.147015 0.0488231
0.102391 9.9982E-05 0.194467 0.143976 9.9982E-05 0.0502107 0.43909 0.0429337 0.0267306
9.9982E-05 0.0658026 0.29471 0.0396892 0.115808 9.9982E-05 0.307161 0.0894339 0.0871964
9.9964E-05 9.9964E-05 0.193711 0.107937 9.9964E-05 0.0204169 0.540437 0.137098 9.9964E-05
9.9973E-05 0.0211884 0.0418381 0.128256 9.9973E-05 9.9973E-05 0.595127 0.12166 0.0916297
0.0638645 0.0181702 0.33146 0.237159 9.9991E-05 0.0669881 0.200229 0.00472059 0.0773081
9.9982E-05 9.9982E-05 0.358199 0.0612367 0.203285 0.0241756 0.0860096 0.128323 0.138571
9.9982E-05 9.9982E-05 0.0815459 0.123204 0.130506 0.0913094 0.448518 0.109852 0.0148642
0.0260396 9.9982E-05 0.281663 0.143358 0.144932 0.0722768 0.024997 9.9982E-05 0.306535
9.9973E-05 0.0601976 0.502505 0.131592 9.9973E-05 0.0810264 0.220679 9.9973E-05 0.00369956
9.9982E-05 0.0442542 0.328406 0.0737342 0.00586962 0.0855031 0.3785 9.9982E-05 0.083533
9.9964E-05 0.0559729 0.393553 0.148941 9.9964E-05 0.144991 0.256142 9.9964E-05 9.9964E-05
0.0159904 0.00585387 0.472256 0.168184 9.9982E-05 0.0374108 0.254928 9.9982E-05 0.0451766
0.00178642 0.0354085 0.244313 9.9991E-05 0.0155803 0.0749501 0.498002 0.113503 0.0163562
9.9982E-05 0.0625638 0.076807 0.00609327 0.0584477 0.176478 0.489279 0.130131 9.9982E-05
0.048001 0.00652253 0.256253 0.0473436 0.0571921 0.0573 0.485504 0.0417835 9.9991E-05
9.9982E-05 9.9982E-05 0.284022 0.0893026 0.199746 0.124555 0.138292 0.0612054 0.102678
0.0146847 0.188072 9.9973E-05 0.0248498 9.9973E-05 0.16879 0.524286 9.9973E-05 0.079017
0.00284549 0.0363867 0.143806 0.0275565 0.173978 0.0836406 0.498457 0.0332295 9.9991E-05
9.9973E-05 0.0860526 0.0500909 0.135327 0.396171 0.171366 9.9973E-05 9.9973E-05 0.160692
0.100981 0.0336632 0.0626778 9.9991E-05 0.15723 0.046139 0.473925 0.0285908 0.0966933
0.0565144 0.0333058 0.15928 0.0275361 0.15867 0.0663027 0.295359 0.0708665 0.132165
0.010324 0.0108185 0.143395 0.0526073 0.0738852 9.9991E-05 0.466755 0.130522 0.111593
9.9991E-05 0.0678313 0.104125 0.014567 0.39969 0.125377 0.231646 0.0052601 0.0514038
9.9982E-05 0.00420149 0.0789728 0.135006 0.38398 0.0506069 0.234042 9.9982E-05 0.11299
9.9991E-05 0.040381 0.100594 0.106987 0.145737 0.0596945 0.451696 0.054501 0.0403102
0.141947 0.0392329 9.9991E-05 0.0512489 0.0934969 0.116294 0.401315 0.0380038 0.118361
0.106925 0.105951 0.0567922 0.0688884 0.213542 0.130275 0.305236 0.0122905 9.9991E-05
0.0900027 0.0215779 0.123355 0.0198725 0.327326 0.236541 0.0228313 0.102849 0.055645
0.0107791 0.0625091 0.0963656 0.0124959 0.142627 9.9991E-05 0.446574 0.0818034 0.146746
9.9955E-05 9.9955E-05 0.153552 9.9955E-05 0.274667 0.146594 0.424687 9.9955E-05 9.9955E-05
0.0288733 9.9973E-05 0.174555 9.9973E-05 0.173633 0.0977127 0.453897 9.9973E-05 0.0710291
0.0671643 0.0734927 0.0404149 0.133536 0.0588929 0.0241951 0.41273 0.0933383 0.0962362
0.233304 0.260131 0.0152208 9.9973E-05 0.254637 9.9973E-05 0.140366 0.0960415 9.9973E-05
9.9946E-05 0.472764 9.9946E-05 9.9946E-05 0.320046 9.9946E-05 9.9946E-05 0.206591 9.9946E-05
0.155515 0.393583 9.9946E-05 9.9946E-05 0.450302 9.9946E-05 9.9946E-05 9.9946E-05 9.9946E-05
0.2428 0.312324 0.0388519 9.9973E-05 0.20686 9.9973E-05 0.0220097 0.176855 9.9973E-05
9.9955E-05 9.9955E-05 9.9955E-05 0.0481544 0.237301 0.0287122 0.685333 9.9955E-05 9.9955E-05
0.0203827 0.152794 9.9982E-05 0.0419183 9.9982E-05 0.137569 0.528259 0.0111006 0.107777
0.725555 9.9955E-05 0.104308 9.9955E-05 9.9955E-05 0.0406237 0.129014 9.9955E-05 9.9955E-05
0.477848 9.9973E-05 0.158929 0.0370653 9.9973E-05 0.068497 0.246423 9.9973E-05 0.0109375
0.409271 0.0274174 0.102735 9.9973E-05 0.0563988 9.9973E-05 0.313609 0.090269 9.9973E-05
0.00452229 9.9973E-05 0.0035767 9.9973E-05 0.42023 0.0494756 0.372767 9.9973E-05 0.149128
0.0147943 0.0293751 9.9991E-05 0.0223181 0.107694 0.0904583 0.46252 0.123394 0.149346
9.9964E-05 9.9964E-05 0.0238185 9.9964E-05 0.560385 0.103287 0.206909 9.9964E-05 0.105201
9.9964E-05 9.9964E-05 0.0637477 9.9964E-05 0.187962 0.160152 0.497607 0.0901311 9.9964E-05
0.0415746 9.9973E-05 9.9973E-05 0.0318672 0.201851 0.0512431 0.483155 9.9973E-05 0.19001
0.0908211 0.000937534 9.9982E-05 0.0182932 0.237419 0.0828985 0.522764 9.9982E-05 0.0466662
9.9973E-05 9.9973E-05 0.00809771 0.00384318 0.440414 0.149895 0.25345 9.9973E-05 0.144001
0.102125 9.9982E-05 0.0398874 0.0476026 0.0506976 0.0544855 0.656745 9.9982E-05 0.0482569
0.104603 0.0407978 9.9982E-05 0.0407743 0.10924 9.9982E-05 0.477539 0.0583247 0.168521
0.910185 9.9973E-05 9.9973E-05 9.9973E-05 0.0161525 0.00550147 0.0227974 0.0354194 0.0096444
0.905221 9.9955E-05 9.9955E-05 0.00174132 9.9955E-05 9.9955E-05 0.0864657 9.9955E-05 0.00607211
0.523871 9.9973E-05 0.0367563 0.0415386 9.9973E-05 0.130714 0.145194 0.121626 9.9973E-05
0.633606 9.9955E-05 9.9955E-05 9.9955E-05 9.9955E-05 9.9955E-05 0.267303 0.0920156 0.00657613
0.780784 0.0237437 0.0213192 0.00197021 9.9982E-05 0.012971 0.154972 0.0040403 9.9982E-05
0.991342 9.9937E-05 9.9937E-05 9.9937E-05 0.00795825 9.9937E-05 9.9937E-05 9.9937E-05 9.9937E-05
0.887588 9.9946E-05 9.9946E-05 0.0587657 9.9946E-05 9.9946E-05 9.9946E-05 0.0530465 9.9946E-05
0.815528 9.9946E-05 9.9946E-05 9.9946E-05 9.9946E-05 9.9946E-05 0.099511 0.0843611 9.9946E-05
0.910193 9.9946E-05 9.9946E-05 0.0249789 9.9946E-05 9.9946E-05 0.0642284 9.9946E-05 9.9946E-05
0.999201 9.993E-05 9.993E-05 9.993E-05 9.993E-05 9.993E-05 9.993E-05 9.993E-05 9.993E-05
0.999201 9.993E-05 9.993E-05 9.993E-05 9.993E-05 9.993E-05 9.993E-05 9.993E-05 9.993E-05
0.738337 0.0470312 9.9973E-05 0.028276 9.9973E-05 9.9973E-05 0.167354 0.01851 0.00019158
0.792233 0.0403449 0.0391942 0.0181266 9.9964E-05 9.9964E-05 0.109701 9.9964E-05 9.9964E-05
0.917965 0.0171095 0.0272029 9.9955E-05 9.9955E-05 0.037223 9.9955E-05 9.9955E-05 9.9955E-05
0.396779 0.0858203 0.0595893 0.0566018 9.9973E-05 9.9973E-05 0.386606 9.9973E-05 0.0143041
0.513062 0.00464323 0.0175299 0.0819872 0.00281898 9.9982E-05 0.223996 0.155763 9.9982E-05
0.626663 9.9946E-05 9.9946E-05 9.9946E-05 9.9946E-05 9.9946E-05 0.139661 0.233076 9.9946E-05
0.747849 9.9955E-05 9.9955E-05 9.9955E-05 0.0196915 9.9955E-05 0.108877 0.123083 9.9955E-05
0.823111 9.9937E-05 9.9937E-05 9.9937E-05 9.9937E-05 9.9937E-05 9.9937E-05 0.17619 9.9937E-05
0.759365 0.0330354 9.9973E-05 0.0373754 9.9973E-05 9.9973E-05 0.0465323 0.116159 0.00723251
0.963104 0.0071194 9.9946E-05 9.9946E-05 9.9946E-05 9.9946E-05 9.9946E-05 0.0291768 9.9946E-05
0.48951 0.0503947 9.9973E-05 0.0821797 9.9973E-05 9.9973E-05 0.188896 0.166204 0.0225151
0.913123 9.9955E-05 0.0176106 9.9955E-05 9.9955E-05 0.0186827 9.9955E-05 9.9955E-05 0.0500841
9.9955E-05 0.279252 0.0507498 9.9955E-05 0.637087 9.9955E-05 9.9955E-05 0.0324114 9.9955E-05
0.101193 0.166753 0.00201618 0.107634 0.20621 9.9982E-05 0.378726 9.9982E-05 0.0372672
0.0525629 0.209504 9.9973E-05 0.0712524 0.215579 0.0178816 0.43292 9.9973E-05 9.9973E-05
0.0348661 0.201688 9.9973E-05 0.0205707 0.378333 9.9973E-05 0.259173 0.10507 9.9973E-05
9.9982E-05 0.0732921 0.0981919 0.0737131 0.120349 0.0527381 0.364918 0.216598 9.9982E-05
0.119333 0.20437 9.9973E-05 9.9973E-05 0.384723 0.0825857 0.191886 0.0168034 9.9973E-05
9.9982E-05 0.221218 9.9982E-05 0.0777438 0.132722 0.0362639 0.405211 0.099362 0.0272793
0.174967 0.13186 9.9964E-05 9.9964E-05 0.334249 9.9964E-05 0.351051 0.00747379 9.9964E-05
0.0934453 0.12986 0.0732115 9.9973E-05 0.215672 9.9973E-05 0.425864 0.0616473 9.9973E-05
0.12009 0.108517 0.00475345 9.9973E-05 0.333612 9.9973E-05 0.389969 0.0427584 9.9973E-05
0.0495337 0.179994 0.0437491 0.0557309 0.0053829 0.0128688 0.322543 0.19428 0.135917
9.9955E-05 0.82136 9.9955E-05 0.072713 9.9955E-05 9.9955E-05 0.0954419 9.9955E-05 0.00998578
0.0475442 0.903359 9.9946E-05 9.9946E-05 9.9946E-05 9.9946E-05 9.9946E-05 0.0484969 9.9946E-05
9.9955E-05 0.942894 9.9955E-05 0.0255225 9.9955E-05 0.0160058 9.9955E-05 0.0150777 9.9955E-05
9.9946E-05 0.881327 9.9946E-05 0.0579582 9.9946E-05 9.9946E-05 0.0601148 9.9946E-05 9.9946E-05
9.9955E-05 0.817489 0.0620573 0.0495668 9.9955E-05 9.9955E-05 9.9955E-05 0.070387 9.9955E-05
0.0548222 0.855162 9.9955E-05 9.9955E-05 9.9955E-05 9.9955E-05 9.9955E-05 0.056494 0.0330222
0.0682715 0.853865 9.9973E-05 0.00186437 9.9973E-05 0.00646239 0.0106344 0.0586024 9.9973E-05
9.9964E-05 0.86361 9.9964E-05 9.9964E-05 0.0376706 0.00825892 9.9964E-05 0.0476286 0.0424324
0.0208458 0.896247 9.9955E-05 9.9955E-05 9.9955E-05 0.0450741 0.0373338 9.9955E-05 9.9955E-05
9.9955E-05 0.806104 9.9955E-05 0.00959663 0.0377706 9.9955E-05 9.9955E-05 0.146029 9.9955E-05
9.9955E-05 0.618894 0.245317 9.9955E-05 9.9955E-05 0.0805768 9.9955E-05 9.9955E-05 0.0547127
9.9964E-05 0.559944 0.222985 0.171879 9.9964E-05 9.9964E-05 9.9964E-05 0.0331442 0.0116478
9.9973E-05 0.525012 0.288709 0.0522041 0.0944232 0.0165932 9.9973E-05 9.9973E-05 0.0227584
9.9964E-05 0.466764 0.391572 0.0820108 9.9964E-05 0.0532505 9.9964E-05 9.9964E-05 0.00600364
9.9973E-05 0.0753926 0.193028 0.016576 9.9973E-05 0.202499 0.509113 9.9973E-05 0.00309179
0.0457786 0.0512218 9.9982E-05 0.0160677 0.00472255 0.250733 0.479677 9.9982E-05 0.1516
9.9982E-05 9.9982E-05 0.126247 0.0667754 0.0337011 0.145993 0.565206 0.0387344 0.0231422
9.9991E-05 0.051245 0.326036 0.0442403 0.00759631 0.208213 0.29727 0.0168507 0.0484489
9.9964E-05 9.9964E-05 0.547501 0.267498 9.9964E-05 0.10366 0.0496088 9.9964E-05 0.0313323
0.0656503 0.0561699 9.9982E-05 0.00113456 9.9982E-05 0.141418 0.565261 0.0102663 0.1599
0.0538939 9.9964E-05 0.12333 9.9964E-05 0.00113115 0.279848 0.541398 9.9964E-05 9.9964E-05
9.9991E-05 0.0326139 0.067929 0.0333949 0.0551957 0.25137 0.483502 0.0190608 0.0568335
0.0475456 9.9964E-05 9.9964E-05 0.00709 9.9964E-05 0.548177 0.393539 9.9964E-05 0.00324875
0.0407949 0.0819861 9.9964E-05 0.163221 9.9964E-05 0.142479 0.571119 9.9964E-05 9.9964E-05
9.9964E-05 9.9964E-05 0.0777554 0.0676051 9.9964E-05 0.335404 0.39232 9.9964E-05 0.126516
9.9964E-05 9.9964E-05 0.100187 0.0620617 0.037883 0.67295 9.9964E-05 9.9964E-05 0.126518
9.9982E-05 0.0315554 0.280783 0.0587067 9.9982E-05 0.0814796 0.486591 0.0595234 0.00116037
9.9973E-05 0.0469991 9.9973E-05 0.0110377 0.156178 0.428747 0.284348 9.9973E-05 0.0723904
9.9973E-05 9.9973E-05 0.0699405 0.0240232 9.9973E-05 0.352032 0.491905 0.0249007 0.0368984
9.9964E-05 0.0377118 0.175773 0.0872215 9.9964E-05 0.577293 0.1216 9.9964E-05 9.9964E-05
9.9955E-05 0.0191755 9.9955E-05 0.827101 0.112375 9.9955E-05 9.9955E-05 0.0408486 9.9955E-05
9.9955E-05 0.0276372 9.9955E-05 0.76539 0.156539 9.9955E-05 0.0499332 9.9955E-05 9.9955E-05
9.9946E-05 9.9946E-05 9.9946E-05 0.874894 0.0624063 9.9946E-05 9.9946E-05 9.9946E-05 0.0621005
9.9964E-05 0.045886 9.9964E-05 0.84627 0.046694 0.0207823 9.9964E-05 9.9964E-05 0.0399677
0.0254326 9.9955E-05 9.9955E-05 0.798282 0.136917 9.9955E-05 0.0388687 9.9955E-05 9.9955E-05
0.063881 9.9946E-05 9.9946E-05 0.867813 9.9946E-05 9.9946E-05 0.0677065 9.9946E-05 9.9946E-05
0.0251216 0.843983 9.9964E-05 9.9964E-05 9.9964E-05 0.0143796 0.0277135 0.0884021 9.9964E-05
9.9964E-05 0.759749 0.025917 0.0401502 9.9964E-05 9.9964E-05 0.0708307 0.102953 9.9964E-05
0.0947367 0.75676 9.9955E-05 9.9955E-05 9.9955E-05 9.9955E-05 0.142303 0.00570011 9.9955E-05
0.0743621 0.713623 0.116979 9.9964E-05 9.9964E-05 9.9964E-05 0.0765063 0.0181295 9.9964E-05
0.073613 0.799404 0.00900441 9.9964E-05 0.00670761 9.9964E-05 0.110871 9.9964E-05 9.9964E-05
9.9955E-05 0.353069 0.0936377 0.461256 0.091537 9.9955E-05 9.9955E-05 9.9955E-05 9.9955E-05
9.9964E-05 0.423015 0.0483511 0.386063 9.9964E-05 0.0462437 9.9964E-05 9.9964E-05 0.0959271
9.9964E-05 0.406318 0.0242281 0.428801 9.9964E-05 0.027569 9.9964E-05 9.9964E-05 0.112684
0.088696 0.759548 0.0947638 9.9955E-05 9.9955E-05 9.9955E-05 0.056492 9.9955E-05 9.9955E-05
0.00487099 0.361101 9.9982E-05 0.443466 0.0481068 0.0577143 9.9982E-05 0.0189377 0.065603
0.173526 0.0901138 9.9982E-05 0.021149 0.0856669 9.9982E-05 0.110785 0.461809 0.0567496
0.0718333 0.0199493 0.083938 0.0330952 9.9982E-05 0.0197114 0.492758 0.278515 9.9982E-05
0.134189 0.127078 9.9955E-05 9.9955E-05 9.9955E-05 9.9955E-05 0.495876 0.242357 9.9955E-05
0.195451 0.220879 9.9982E-05 0.0168017 0.0537798 9.9982E-05 0.370644 0.0821645 0.0600804
0.0524683 0.124815 0.0792313 9.9982E-05 0.0292378 0.0784455 0.433584 0.202018 9.9982E-05
0.0932267 0.363565 9.9955E-05 9.9955E-05 0.236326 9.9955E-05 9.9955E-05 0.306382 9.9955E-05
9.9982E-05 0.00183184 0.296019 0.0676098 0.0531863 0.116822 0.41025 9.9982E-05 0.0540819
9.9982E-05 9.9982E-05 0.160598 0.0980274 0.100949 0.138568 0.306333 0.0829575 0.112367
9.9973E-05 0.0429962 0.565693 0.13301 9.9973E-05 9.9973E-05 0.122993 0.133931 0.00107639
0.0092638 9.9991E-05 0.110182 0.0697426 0.0510477 0.0320847 0.434774 0.010344 0.282461
9.9955E-05 9.9955E-05 0.157257 9.9955E-05 0.33322 0.218762 9.9955E-05 9.9955E-05 0.290261
9.9973E-05 0.0549702 0.279332 9.9973E-05 0.0702996 9.9973E-05 0.396194 0.171529 0.0273757
9.9982E-05 9.9982E-05 0.237563 0.0400866 0.0537433 0.0600115 0.399969 0.0957847 0.112642
9.9982E-05 0.0825465 0.480488 0.0332369 9.9982E-05 0.0897354 0.205448 0.0945104 0.0138351
9.9964E-05 0.0441328 0.251095 9.9964E-05 9.9964E-05 0.108019 0.421219 0.175134 9.9964E-05
9.9973E-05 9.9973E-05 0.553973 9.9973E-05 0.16254 0.130865 0.0026272 0.0603347 0.0893612
0.0416389 9.9982E-05 0.107388 0.124737 0.146464 0.0132938 0.401543 9.9982E-05 0.164735
0.0235052 9.9991E-05 0.141474 0.128488 0.133631 0.00625452 0.52866 0.0109047 0.0269821
0.0998322 0.079766 0.0772937 0.037844 0.0760635 0.130499 0.333876 0.164726 9.9991E-05
9.9982E-05 9.9982E-05 0.401395 0.0703004 0.0456495 0.0213111 0.284764 0.0297739 0.146606
9.9973E-05 9.9973E-05 0.211945 0.0812564 9.9973E-05 0.043287 0.394027 0.11766 0.151524
0.0356396 9.9982E-05 0.157543 0.0491019 0.0983186 9.9982E-05 0.428271 0.0530209 0.177905
9.9982E-05 9.9982E-05 0.196462 0.0744534 0.0298427 0.084317 0.500934 0.0567628 0.0570286
0.0672553 0.0449215 0.0459605 0.0861335 9.9991E-05 0.0121954 0.570297 0.0671351 0.106002
9.9982E-05 0.0438886 0.131276 0.0915213 0.0557345 0.15815 0.283944 0.235285 9.9982E-05
9.9973E-05 0.0928908 0.149699 0.0836302 0.112424 9.9973E-05 0.507329 0.0537268 9.9973E-05
0.090027 0.748973 9.9946E-05 9.9946E-05 9.9946E-05 9.9946E-05 0.160401 9.9946E-05 9.9946E-05
0.0390336 0.79915 9.9964E-05 9.9964E-05 9.9964E-05 9.9964E-05 0.109996 0.0136005 0.0378204
0.0103844 0.755441 0.00863914 0.0468807 0.00211631 0.0428314 0.08278 9.9991E-05 0.0508268
9.9973E-05 0.735658 9.9973E-05 0.0642866 9.9973E-05 0.0338397 0.0192866 0.11414 0.0324889
0.0328629 0.822193 9.9946E-05 9.9946E-05 9.9946E-05 9.9946E-05 0.144345 9.9946E-05 9.9946E-05
0.072699 9.9973E-05 0.734002 0.1068 0.00368089 0.0638328 0.0186859 9.9973E-05 9.9973E-05
0.0350939 0.0771766 0.208225 9.9982E-05 9.9982E-05 0.00189104 0.429347 0.0435193 0.204548
0.0786859 0.224129 9.9991E-05 0.0201386 0.0363582 0.0303879 0.427209 0.0867811 0.0962105
0.0267787 0.0335947 0.193954 0.0338522 0.0556619 9.9991E-05 0.591222 0.040354 0.0244827
9.9982E-05 0.0608054 0.265905 0.0650707 9.9982E-05 0.05296 0.434026 0.0658723 0.0551607
0.0980837 9.9982E-05 0.377473 0.145516 0.140579 0.0262081 0.162542 9.9982E-05 0.049398
9.9964E-05 0.0954861 0.557486 0.216857 0.106091 0.0236804 9.9964E-05 9.9964E-05 9.9964E-05
0.0833046 0.0205192 0.142226 0.174863 9.9982E-05 0.0591141 0.463474 9.9982E-05 0.0562991
0.0304498 0.0527255 0.406286 0.232464 0.0450185 9.9982E-05 0.132279 9.9982E-05 0.100577
0.000659795 0.0575748 9.9991E-05 0.133162 0.0595132 0.112743 0.427861 0.0855838 0.122803
9.9973E-05 0.094404 0.563899 0.186767 9.9973E-05 0.0155597 9.9973E-05 0.0558117 0.0832582
0.0570445 0.0400898 0.158535 0.0994078 9.9982E-05 0.0726558 0.489283 0.0827844 9.9982E-05
9.9982E-05 0.0832909 0.530963 0.119165 0.0136624 0.0648136 0.139641 9.9982E-05 0.0482635
0.0387072 0.0104578 0.253921 0.108692 0.10212 0.0330732 0.30094 0.0500475 0.102042
9.9991E-05 0.0550512 0.208224 0.05789 0.0514025 0.0217739 0.409369 0.125075 0.0711143
9.9964E-05 9.9964E-05 0.0324902 0.0287153 0.411736 9.9964E-05 0.323024 9.9964E-05 0.203635
9.9964E-05 0.0400401 0.123667 9.9964E-05 0.210204 0.0646917 0.560997 9.9964E-05 9.9964E-05
0.0579678 0.0814932 9.9973E-05 9.9973E-05 0.151608 0.132647 0.538382 0.0376013 9.9973E-05
9.9973E-05 9.9973E-05 0.0982768 0.0397791 0.443944 0.0190491 0.347527 9.9973E-05 0.0511237
0.0259014 0.103432 0.0616639 0.0454835 0.152015 0.0502087 0.518529 0.0353489 0.00741786
9.9982E-05 0.0492415 9.9982E-05 0.0219258 0.13639 0.0584027 0.597316 0.00182145 0.134702
9.9964E-05 9.9964E-05 9.9964E-05 0.0744256 0.570011 0.143146 0.131854 9.9964E-05 0.0801634
9.9964E-05 9.9964E-05 9.9964E-05 0.0329281 0.558897 0.0471065 0.280977 9.9964E-05 0.0796916
9.9964E-05 9.9964E-05 9.9964E-05 0.0468272 0.357244 9.9964E-05 0.46236 0.0363565 0.0968128
9.9973E-05 9.9973E-05 0.0859571 0.0852969 0.457131 0.109948 0.179244 9.9973E-05 0.0821228
9.9964E-05 9.9964E-05 0.160327 0.0263471 0.267785 0.0602017 0.48494 9.9964E-05 9.9964E-05
0.0324547 0.0263639 0.62827 0.177345 0.0442059 0.0788016 9.9982E-05 0.0123596 9.9982E-05
9.9973E-05 9.9973E-05 0.297782 0.0917576 0.0705309 0.0801667 0.214763 9.9973E-05 0.2447
0.0789978 0.0261279 0.308305 0.176081 9.9982E-05 0.0755404 0.288651 9.9982E-05 0.0460967
0.0489837 9.9982E-05 0.0593417 0.145183 9.9982E-05 0.057314 0.514233 0.121603 0.0531409
9.9955E-05 9.9955E-05 0.452828 0.199693 9.9955E-05 0.166696 0.180283 9.9955E-05 9.9955E-05
9.9982E-05 0.0356255 0.128594 0.0613171 9.9982E-05 0.0343857 0.334686 0.246257 0.158934
0.047855 0.0511832 0.201347 0.11766 9.9982E-05 0.0445692 0.467834 0.069352 9.9982E-05
0.053144 9.9973E-05 0.405387 0.0688329 9.9973E-05 9.9973E-05 0.357048 0.0462952 0.0689928
0.0785941 9.9982E-05 0.143393 0.134163 9.9982E-05 0.0792922 0.420659 0.0437387 0.0999603
0.131904 0.0547346 0.152695 0.17188 9.9982E-05 0.179976 0.300731 9.9982E-05 0.00787932
0.107954 9.9973E-05 0.319483 0.26303 9.9973E-05 0.129646 0.161427 9.9973E-05 0.0181599
0.0988524 9.9982E-05 0.25147 0.289293 9.9982E-05 0.0191076 0.193944 0.113365 0.0337673
9.9973E-05 9.9973E-05 0.238967 0.0806563 0.00148432 9.9973E-05 0.548398 0.062334 0.0678608
9.9991E-05 0.046702 0.26699 0.0204053 0.0190814 0.0793184 0.436746 0.0979844 0.0326733
9.9991E-05 0.0102355 0.143141 0.158874 0.0597881 0.107111 0.396568 0.0157408 0.108442
0.10071 9.9964E-05 0.132153 0.0860869 9.9964E-05 9.9964E-05 0.447205 9.9964E-05 0.233446
0.0841785 0.0552871 0.304788 0.163245 0.115827 9.9973E-05 0.276375 9.9973E-05 9.9973E-05
0.0224682 9.9982E-05 0.17611 0.0882395 9.9982E-05 0.0810844 0.473928 0.0735116 0.0844581
0.0516164 0.0370023 0.19347 0.101053 0.0237674 0.102088 0.46914 0.0217632 9.9991E-05
0.0166271 0.0819348 0.181954 0.0484759 9.9982E-05 9.9982E-05 0.495143 0.132531 0.0431346
9.9973E-05 0.307615 0.0847792 9.9973E-05 0.00578345 0.0363962 0.359792 0.205334 9.9973E-05
0.0874211 0.0201863 9.9982E-05 9.9982E-05 0.0433155 0.16125 0.272153 0.408804 0.00667026
0.113771 0.0436482 0.12366 0.0459929 9.9991E-05 0.0724202 0.395302 0.157694 0.0474117
0.0438914 0.125529 0.0695002 9.9982E-05 0.0609592 0.0234732 0.573508 9.9982E-05 0.102939
0.000967566 0.123137 0.0422921 9.9982E-05 9.9982E-05 0.0707987 0.242586 0.506427 0.0135911
0.0588884 9.9973E-05 0.301327 0.0026657 0.124425 9.9973E-05 0.341009 9.9973E-05 0.171385
0.108506 0.0953493 0.0777227 0.100406 9.9991E-05 0.0186886 0.380014 0.154904 0.06431
9.9964E-05 0.10998 0.131645 9.9964E-05 0.391273 0.0930912 9.9964E-05 0.273611 9.9964E-05
0.0968145 0.0739218 0.247293 0.0157163 0.0576148 9.9982E-05 0.35714 0.1513 9.9982E-05
0.128469 0.0848091 0.0305958 9.9982E-05 9.9982E-05 0.00598727 0.394006 0.136073 0.21986
0.18441 0.0465896 0.0823194 9.9973E-05 9.9973E-05 9.9973E-05 0.338775 0.153353 0.194252
9.9982E-05 0.0954329 0.221452 0.0101045 0.122323 0.0980215 0.180865 0.271601 9.9982E-05
0.0337508 0.111507 0.077379 9.9973E-05 9.9973E-05 0.0877402 0.454264 0.23506 9.9973E-05
0.0398352 0.0758338 9.9982E-05 0.00085192 0.0576105 9.9982E-05 0.453413 0.333979 0.0382774
0.0730453 0.381172 9.9964E-05 9.9964E-05 0.314477 0.0136934 9.9964E-05 0.217212 9.9964E-05
0.133002 0.156492 0.110635 9.9973E-05 9.9973E-05 0.0622877 0.349994 0.18729 9.9973E-05
0.0866039 0.0614082 0.0625164 9.9982E-05 0.067727 9.9982E-05 0.384101 0.279127 0.0583163
0.15066 0.0544875 9.9973E-05 9.9973E-05 0.149918 0.0559728 0.575064 0.013597 9.9973E-05
0.00143046 0.121894 9.9982E-05 0.0211863 0.0181564 9.9982E-05 0.480921 0.313657 0.0425553
0.164052 0.164317 0.0501499 0.0391801 0.0606817 9.9991E-05 0.432275 0.0342822 0.0549612
0.0894742 9.9973E-05 9.9973E-05 0.0346816 9.9973E-05 0.0305997 0.373469 0.0492034 0.422273
0.0134334 0.0529449 0.178526 9.9982E-05 9.9982E-05 0.0486568 0.356295 0.104916 0.245027
9.9946E-05 9.9946E-05 0.135742 9.9946E-05 9.9946E-05 0.0869876 9.9946E-05 9.9946E-05 0.77667
9.9955E-05 9.9955E-05 0.0392473 9.9955E-05 0.0139381 0.0161553 9.9955E-05 9.9955E-05 0.93016
0.0488958 9.9964E-05 0.0303067 9.9964E-05 9.9964E-05 9.9964E-05 0.28448 0.203155 0.432763
0.0376589 0.054182 9.9982E-05 0.0539852 0.0425904 9.9982E-05 0.294956 0.419585 0.0968429
0.0606728 9.9964E-05 9.9964E-05 9.9964E-05 9.9964E-05 0.0271051 0.113349 0.57288 0.225593
0.0498168 0.0977023 0.0900681 9.9982E-05 0.100826 0.0213248 9.9982E-05 0.500593 0.139468
9.9973E-05 0.0912637 0.0211244 9.9973E-05 9.9973E-05 0.0450428 0.128544 0.538261 0.175464
9.9973E-05 0.0405641 0.00975232 9.9973E-05 0.177384 9.9973E-05 0.0027661 0.149217 0.620016
9.9955E-05 0.0200846 9.9955E-05 9.9955E-05 0.064341 9.9955E-05 9.9955E-05 0.304589 0.610486
0.0276858 0.0136415 0.0477297 9.9973E-05 9.9973E-05 9.9973E-05 0.442564 0.118752 0.349327
0.0328669 0.0066309 9.9964E-05 9.9964E-05 9.9964E-05 9.9964E-05 0.368359 0.143853 0.44789
0.0303394 0.0225391 0.00680366 9.9973E-05 9.9973E-05 9.9973E-05 0.0284866 0.243092 0.668439
9.9973E-05 0.0458836 0.0591412 0.0054152 9.9973E-05 9.9973E-05 0.366901 0.278838 0.243521
0.139154 9.9964E-05 9.9964E-05 0.0425486 9.9964E-05 9.9964E-05 0.333458 0.0786807 0.405759
0.183503 0.0565698 0.121498 9.9973E-05 0.0542011 9.9973E-05 0.379263 9.9973E-05 0.204665
9.9955E-05 9.9955E-05 0.0490668 0.0422644 9.9955E-05 9.9955E-05 0.248502 9.9955E-05 0.659667
0.0357166 9.9973E-05 0.127027 9.9973E-05 9.9973E-05 0.100609 0.265424 0.0236802 0.447244
0.130456 9.9982E-05 9.9982E-05 0.0269857 0.0419592 0.108982 0.402451 0.0257654 0.263201
9.9973E-05 0.00452884 9.9973E-05 0.165206 0.00810497 9.9973E-05 0.445352 0.0780185 0.29849
0.0105494 0.0863605 0.139769 0.053362 0.0176609 0.0394468 0.385933 0.142556 0.124362
9.9973E-05 9.9973E-05 0.00240604 0.0324466 0.0936867 9.9973E-05 0.446392 0.0372189 0.387549
9.9955E-05 9.9955E-05 9.9955E-05 0.051314 0.0173618 9.9955E-05 0.197067 9.9955E-05 0.733758
9.9955E-05 0.00560884 9.9955E-05 9.9955E-05 9.9955E-05 9.9955E-05 0.54744 0.0479236 0.398527
0.00924888 9.9973E-05 0.0133857 0.0149976 9.9973E-05 0.0442834 0.192915 9.9973E-05 0.72487
9.9955E-05 0.0328296 0.0394642 9.9955E-05 9.9955E-05 9.9955E-05 0.319321 9.9955E-05 0.607886
9.9973E-05 0.0682854 0.0505578 9.9973E-05 9.9973E-05 0.0514842 0.483016 0.0989513 0.247405
0.0543665 0.0444464 0.0857344 0.0215863 9.9982E-05 0.0738754 0.418446 9.9982E-05 0.301345
0.115053 0.0932794 0.0224897 9.9991E-05 0.00808226 0.0381024 0.320367 0.283468 0.119058
0.158941 0.136355 0.127478 9.9973E-05 0.0935068 9.9973E-05 0.402879 9.9973E-05 0.0805405
0.0900845 0.0805317 0.0133385 0.0402425 0.0676163 0.142555 0.156741 0.383218 0.0256732
0.143041 0.104079 0.117574 0.052282 0.0837853 0.0316297 0.225135 0.181343 0.0611303
0.0570421 0.109556 0.00537241 0.0955753 0.0106772 0.0602145 0.509004 0.152459 9.9991E-05
0.0375037 0.0912878 9.9982E-05 0.0877108 0.118888 9.9982E-05 0.358259 0.218491 0.0876597
0.0648638 0.158162 9.9964E-05 9.9964E-05 0.128253 9.9964E-05 9.9964E-05 0.0583542 0.589967
0.0582729 0.063655 9.9973E-05 0.0450144 9.9973E-05 9.9973E-05 0.522933 0.184298 0.125526
0.100715 0.354702 9.9955E-05 9.9955E-05 0.186108 9.9955E-05 9.9955E-05 9.9955E-05 0.357975
0.0979888 9.9955E-05 9.9955E-05 9.9955E-05 9.9955E-05 9.9955E-05 0.389658 0.220803 0.291051
9.9955E-05 9.9955E-05 9.9955E-05 9.9955E-05 0.0217942 0.151185 0.0565769 9.9955E-05 0.769944
9.9946E-05 9.9946E-05 0.0472191 9.9946E-05 9.9946E-05 0.0676521 9.9946E-05 9.9946E-05 0.884529
9.9964E-05 9.9964E-05 0.037246 9.9964E-05 9.9964E-05 0.0427756 0.409965 0.0545218 0.455091
0.0343277 9.9946E-05 9.9946E-05 9.9946E-05 9.9946E-05 9.9946E-05 0.561731 9.9946E-05 0.403341
9.9946E-05 9.9946E-05 0.0789755 9.9946E-05 9.9946E-05 9.9946E-05 0.370697 9.9946E-05 0.549728
0.022753 9.9955E-05 9.9955E-05 9.9955E-05 9.9955E-05 0.0618563 0.422337 9.9955E-05 0.492554
9.9946E-05 9.9946E-05 9.9946E-05 9.9946E-05 9.9946E-05 9.9946E-05 0.485507 0.00225532 0.511638
0.0731778 0.756015 9.9973E-05 0.00888613 9.9973E-05 9.9973E-05 0.0817808 0.0171102 0.0627299
0.0998359 0.709827 0.0914815 0.0759978 9.9964E-05 9.9964E-05 9.9964E-05 9.9964E-05 0.0224579
0.115964 0.852426 0.000219506 0.0308914 9.9955E-05 9.9955E-05 9.9955E-05 9.9955E-05 9.9955E-05
9.9946E-05 0.893739 9.9946E-05 9.9946E-05 9.9946E-05 9.9946E-05 0.036221 0.06944 9.9946E-05
0.0561214 0.0397652 0.0690844 0.0311621 9.9991E-05 0.339903 0.343452 0.110707 0.00970487
0.0908518 0.0756023 9.9973E-05 9.9973E-05 9.9973E-05 0.405118 0.354862 0.0229083 0.050358
9.9964E-05 9.9964E-05 0.0485599 0.0493541 9.9964E-05 0.44282 0.40172 0.0571456 9.9964E-05
0.0387183 0.068597 0.0653652 9.9973E-05 0.0393659 0.222587 0.565066 9.9973E-05 9.9973E-05
0.0829829 0.0736848 0.0302732 0.104738 0.0740751 0.122607 0.511438 9.9982E-05 9.9982E-05
0.0241986 0.0359459 0.0575338 0.0627722 0.050167 0.54235 0.226832 9.9982E-05 9.9982E-05
9.9955E-05 9.9955E-05 9.9955E-05 9.9955E-05 9.9955E-05 0.296547 0.467004 0.151009 0.0849399
9.9955E-05 9.9955E-05 9.9955E-05 9.9955E-05 0.119517 0.437907 0.359748 9.9955E-05 0.0823281
0.0641652 0.225727 0.0642103 0.0176996 9.9982E-05 0.0310464 0.318388 0.278564 9.9982E-05
9.9964E-05 9.9964E-05 9.9964E-05 9.9964E-05 0.0643998 0.267143 0.455409 0.0726591 0.139989
9.9955E-05 9.9955E-05 0.0914328 0.122418 9.9955E-05 0.403384 0.382265 9.9955E-05 9.9955E-05
0.0459707 9.9964E-05 0.0879382 9.9964E-05 9.9964E-05 0.222384 0.562565 9.9964E-05 0.0807419
0.00964768 0.00411136 0.0214137 0.0576594 9.9991E-05 0.431579 0.386935 0.038547 0.0500066
0.0492717 9.9964E-05 9.9964E-05 0.0329009 9.9964E-05 0.290476 0.585207 9.9964E-05 0.0417444
0.00829757 0.0935967 9.9964E-05 9.9964E-05 9.9964E-05 0.271799 0.619947 9.9964E-05 0.00595978
9.9946E-05 9.9946E-05 9.9946E-05 9.9946E-05 9.9946E-05 0.845941 0.127551 9.9946E-05 0.0259078
0.0173823 0.0486504 9.9964E-05 9.9964E-05 9.9964E-05 0.502809 0.283759 9.9964E-05 0.146999
0.00664871 0.0155547 0.00657734 0.0433513 9.9991E-05 0.502724 0.354772 0.0106282 0.0596435
9.9937E-05 9.9937E-05 9.9937E-05 9.9937E-05 0.109326 0.889974 9.9937E-05 9.9937E-05 9.9937E-05
9.9973E-05 0.0540614 0.0684286 0.0666652 9.9973E-05 0.405329 0.348991 9.9973E-05 0.0562252
9.9946E-05 9.9946E-05 9.9946E-05 9.9946E-05 0.255737 0.608145 0.135519 9.9946E-05 9.9946E-05
9.9955E-05 9.9955E-05 9.9955E-05 9.9955E-05 0.199875 0.734062 9.9955E-05 0.00567267 0.0598906
0.0447216 0.0480635 0.00376833 0.00336108 9.9982E-05 0.263131 0.613908 9.9982E-05 0.0228466
9.9964E-05 0.0686603 0.130487 9.9964E-05 9.9964E-05 0.584051 0.211544 9.9964E-05 0.00485836
0.0851719 0.00914099 0.116531 0.0412821 0.0333412 0.343651 0.370682 9.9982E-05 9.9982E-05
0.0687516 9.9964E-05 9.9964E-05 0.0788568 9.9964E-05 0.241877 0.540447 0.0696678 9.9964E-05
0.0238738 9.9973E-05 0.0867845 0.0343568 9.9973E-05 0.295486 0.527809 0.0313896 9.9973E-05
0.046116 9.9982E-05 0.320922 0.0215005 0.150541 0.0905082 0.256466 9.9982E-05 0.113745
0.0219661 9.9991E-05 0.00873931 0.0183702 0.000726776 0.348915 0.436994 0.0723044 0.0918841
0.00861076 0.0244459 0.182637 0.0395808 0.0164069 0.311661 0.416458 9.9982E-05 9.9982E-05
9.9955E-05 9.9955E-05 9.9955E-05 0.0039195 0.0420761 0.608208 0.345296 9.9955E-05 9.9955E-05
9.9982E-05 0.0354954 9.9982E-05 0.0370182 0.0035883 0.226171 0.456495 0.14362 0.0974111
9.9964E-05 0.603233 0.106121 0.178839 0.0659058 9.9964E-05 0.0455016 9.9964E-05 9.9964E-05
0.00814589 0.732107 0.105204 0.0452114 0.0144275 0.0737807 0.0174374 0.00358668 9.9991E-05
9.9964E-05 0.810405 0.0577268 0.0855567 0.0307488 0.0151632 9.9964E-05 9.9964E-05 9.9964E-05
9.9982E-05 0.776711 0.0220343 0.0849236 0.0508715 0.00213142 9.9982E-05 0.0147935 0.048335
9.9973E-05 0.694607 0.0373989 0.16007 0.0462924 9.9973E-05 0.0376087 0.0237226 9.9973E-05
9.9964E-05 9.9964E-05 0.100555 0.072175 9.9964E-05 0.68003 0.0513688 0.0954709 9.9964E-05
9.9973E-05 0.092284 0.124555 0.0158927 0.0613322 0.602692 0.102944 9.9973E-05 9.9973E-05
