0.0410988 9.9991E-05 0.0187169 0.940084
0.0357377 0.00338506 9.9991E-05 0.960777
9.9991E-05 0.105381 0.0464769 0.848042
0.0637339 0.0325393 0.0735779 0.830149
9.999E-05 0.00172152 0.0628031 0.935375
0.158614 0.11781 0.096408 0.627168
0.0929893 9.9991E-05 0.0303382 0.876573
0.190803 9.9991E-05 0.0304443 0.778652
0.167689 9.9982E-05 9.9982E-05 0.832111
0.106693 0.0804525 0.0762395 0.736615
0.146899 0.072526 9.9991E-05 0.780475
0.449382 0.468958 0.00130849 0.0803517
0.163334 0.682801 0.101162 0.0527025
0.39918 0.428979 0.0657312 0.106109
0.318936 0.381568 0.167041 0.132455
0.225167 0.457567 0.145021 0.172244
0.119265 0.716862 0.0725751 0.0912978
0.27246 0.579982 0.0624016 0.0851565
0.25036 0.453353 0.105477 0.190811
0.661099 0.147602 0.0142186 0.177081
0.308315 0.510429 0.118771 0.0624855
0.330802 0.553175 0.0913176 0.0247054
0.228012 0.599718 0.14493 0.0273395
0.38017 0.41435 0.158229 0.0472498
0.136659 0.650456 0.0941773 0.118708
0.235219 0.628114 0.0977942 0.0388734
0.429501 0.394739 0.0394482 0.136312
0.420539 0.336214 0.16429 0.0789568
0.562427 0.349417 0.0328965 0.0552593
9.9991E-05 0.0519014 0.0754272 0.872571
9.9991E-05 0.104807 0.0396499 0.855443
9.9991E-05 0.142546 0.0505221 0.806832
9.9991E-05 0.123034 0.140046 0.736821
0.14979 0.78559 9.9991E-05 0.0645195
0.104074 0.733491 0.100487 0.0619481
0.135069 0.834404 9.9991E-05 0.0304274
0.509181 0.287849 9.9991E-05 0.20287
0.380305 0.596375 9.9991E-05 0.0232203
0.11909 0.717666 0.160545 0.00269877
0.0651875 0.822629 0.0647751 0.047408
0.0976264 0.743861 0.00872984 0.149783
0.110084 0.705371 0.0485602 0.135984
0.58204 0.41776 9.9982E-05 9.9982E-05
0.153125 0.600353 0.141015 0.105506
0.0999964 0.729533 0.148687 0.0217833
0.169534 0.557693 0.097617 0.175156
0.387094 0.612706 9.9982E-05 9.9982E-05
0.0350312 0.770885 0.109153 0.0849301
0.0961085 0.651686 0.0136892 0.238517
0.815202 0.114321 9.9991E-05 0.0703777
0.640663 0.345316 0.00889912 0.00512138
0.686826 0.188089 0.0709047 0.0541801
0.0921618 0.687766 0.0777196 0.142353
0.100573 0.686079 0.146097 0.0672522
0.148035 0.603394 0.248472 9.9991E-05
0.501994 0.370971 9.9991E-05 0.126935
0.220456 0.68235 0.023125 0.074069
0.116747 0.579483 0.19425 0.109519
0.281997 0.53272 0.0246464 0.160637
0.503485 0.173272 0.0406717 0.282571
0.156031 0.607159 0.148754 0.0880553
0.280828 0.515607 0.119425 0.0841403
0.706124 0.163665 9.9991E-05 0.130111
0.253444 0.642554 0.0379228 0.0660786
0.128136 0.692927 0.129673 0.0492636
0.0813007 0.706859 0.119976 0.0918643
0.440048 0.412658 0.0481052 0.0991882
0.28316 0.599057 0.117683 9.9991E-05
0.232677 0.565322 0.114195 0.0878057
0.600253 0.35236 9.9991E-05 0.0472871
0.187345 0.812455 9.9982E-05 9.9982E-05
0.414547 0.574078 9.9991E-05 0.0112747
0.146392 0.664632 0.0790694 0.109907
0.695289 0.304511 9.9982E-05 9.9982E-05
0.687762 0.312038 9.9982E-05 9.9982E-05
0.437519 0.562281 9.9982E-05 9.9982E-05
0.323996 0.641508 0.034396 9.9991E-05
0.0706182 0.677467 0.084139 0.167776
0.248523 0.739823 9.9991E-05 0.0115537
0.47338 0.50087 9.9991E-05 0.0256505
0.418621 0.497098 9.9991E-05 0.0841818
0.2594 0.540072 0.161693 0.0388346
0.379639 0.565662 9.9991E-05 0.054599
0.266078 0.684361 9.9991E-05 0.0494605
0.335712 0.664088 9.9982E-05 9.9982E-05
0.76001 0.23979 9.9982E-05 9.9982E-05
0.13476 0.820645 0.0444951 9.9991E-05
9.9991E-05 0.146032 0.00642263 0.847446
9.9982E-05 0.0892062 9.9982E-05 0.910594
9.9991E-05 0.133542 0.0232281 0.84313
9.9991E-05 0.051505 0.0302273 0.918168
9.9991E-05 0.0775508 0.0518783 0.870471
0.0243149 0.0328633 0.0345348 0.908287
9.9991E-05 0.0335385 0.0246291 0.941732
0.181901 0.558743 0.126121 0.133234
9.9991E-05 0.772085 0.00557622 0.222239
0.619074 0.368314 9.9991E-05 0.0125114
0.137786 0.57245 0.187014 0.102751
0.211058 0.701153 9.9991E-05 0.0876885
0.0684406 0.826804 0.0292913 0.0754638
0.178542 0.780186 0.00419197 0.0370799
0.192944 0.723782 0.0831745 9.9991E-05
0.782448 0.196293 9.9991E-05 0.0211595
0.130167 0.640964 0.126382 0.102487
0.0339967 0.83823 0.0101973 0.117576
0.10851 0.646253 0.0686405 0.176597
0.464087 0.528566 0.00724777 9.9991E-05
0.253127 0.665422 0.0656312 0.0158206
0.210903 0.737861 9.9991E-05 0.0511363
0.311538 0.616795 0.0715665 9.9991E-05
0.237725 0.680432 9.9991E-05 0.0817428
0.120612 0.693608 0.0446217 0.141159
0.57194 0.270592 0.0618178 0.0956504
0.31021 0.446876 0.0773714 0.165543
0.18677 0.592342 0.112481 0.108408
0.0481896 0.790339 0.0354858 0.125986
0.289411 0.582011 0.00561882 0.122959
0.218266 0.613859 0.126178 0.0416967
0.257658 0.636225 9.9991E-05 0.106017
0.14783 0.704721 0.000138834 0.14731
0.0683211 0.715328 0.127041 0.0893097
0.22018 0.680866 0.0522839 0.0466697
0.265006 0.688336 9.9991E-05 0.0465577
0.151685 0.623902 0.211454 0.0129589
0.165093 0.608728 0.187601 0.0385779
0.135795 0.701308 0.123543 0.0393546
0.206956 0.638727 0.0978236 0.0564936
0.232888 0.551909 0.190245 0.0249581
0.325249 0.45024 0.0291955 0.195315
0.131727 0.799384 0.0474269 0.0214621
0.113853 0.688712 0.145626 0.0518089
0.552572 0.317443 0.0552081 0.0747765
0.646615 0.21332 0.0977542 0.0423108
0.219916 0.616506 0.10085 0.0627278
0.791981 0.0667134 0.141206 9.9991E-05
0.444529 0.473187 9.9991E-05 0.0821843
0.340099 0.589992 9.9991E-05 0.0698094
0.437435 0.514881 9.9991E-05 0.0475842
0.469793 0.433537 0.0421869 0.0544828
0.0856307 0.68721 0.141039 0.0861201
0.0849242 0.658822 0.143196 0.113058
0.222943 0.514351 0.187154 0.0755514
0.653098 0.232949 0.112124 0.00182868
0.107735 0.526196 0.124794 0.241275
0.294863 0.51416 0.163118 0.0278593
0.685171 0.0839309 0.0597238 0.171175
0.0540442 0.647438 0.179128 0.119389
0.355839 0.476372 0.072473 0.0953162
0.195243 0.525867 0.0961078 0.182783
0.427436 0.407691 0.00392278 0.16095
0.494459 0.361591 9.9991E-05 0.143851
0.414581 0.462286 0.0781683 0.0449641
0.209144 0.545164 0.135996 0.109696
0.221519 0.504075 0.0931554 0.18125
0.624311 0.0955547 0.222955 0.0571792
0.229436 0.586604 0.146569 0.0373905
0.432335 0.513967 0.0390044 0.0146935
0.364793 0.545856 0.0892517 9.9991E-05
0.0754538 0.651621 0.103515 0.16941
0.255822 0.030713 0.370077 0.343387
0.1917 9.9991E-05 0.196225 0.611975
0.26432 9.9991E-05 0.238281 0.497299
0.13167 0.0296527 0.400687 0.43799
0.14718 0.771737 0.0703439 0.0107398
0.164966 0.691696 0.054914 0.0884244
9.9982E-05 0.257726 0.742074 9.9982E-05
0.0301989 0.438157 0.489448 0.0421966
0.10111 0.397067 0.421557 0.0802661
0.484435 0.400859 0.0955936 0.0191124
0.276119 0.472589 0.19403 0.0572613
0.622395 0.278757 0.0987488 9.9991E-05
0.157236 0.72308 0.0371737 0.0825102
0.274779 0.591858 0.0307262 0.102637
0.139199 0.701361 0.112333 0.0471074
0.577132 0.362662 0.0138996 0.046306
0.114861 0.66878 0.181469 0.0348898
0.189345 0.649298 0.0251393 0.136218
9.9982E-05 0.0124688 0.987331 9.9982E-05
9.9982E-05 0.132656 0.867144 9.9982E-05
9.9991E-05 0.292683 0.643927 0.0632902
9.9991E-05 0.255758 0.72743 0.0167127
9.9982E-05 0.203767 0.796033 9.9982E-05
9.998E-05 9.998E-05 0.9997 9.998E-05
9.998E-05 9.998E-05 0.9997 9.998E-05
9.9982E-05 0.0614021 0.938398 9.9982E-05
9.9982E-05 0.00856721 0.991233 9.9982E-05
9.998E-05 9.998E-05 0.9997 9.998E-05
9.998E-05 9.998E-05 0.9997 9.998E-05
0.080404 0.128989 0.772642 0.0179646
0.0146778 0.0563167 0.889386 0.0396197
9.998E-05 9.998E-05 0.9997 9.998E-05
0.177829 0.388562 0.351615 0.0819935
0.00186146 0.140321 0.782334 0.0754827
9.9991E-05 0.122361 0.791803 0.0857364
9.9991E-05 0.0650908 0.909961 0.0248486
9.998E-05 9.998E-05 0.9997 9.998E-05
9.9991E-05 0.0449358 0.896118 0.0588463
9.998E-05 9.998E-05 0.9997 9.998E-05
9.9991E-05 0.249164 0.635772 0.114964
0.0269901 0.0037948 0.969115 9.9991E-05
0.482369 9.9991E-05 0.116812 0.400719
0.247399 0.462273 0.101253 0.189075
0.157296 0.521463 0.0490389 0.272203
0.416598 0.189905 0.172773 0.220724
0.168203 0.495682 0.154413 0.181702
0.290806 0.267368 0.153068 0.288757
0.102579 0.485792 0.186992 0.224636
0.151996 0.483503 0.177658 0.186842
0.176468 0.448723 0.220572 0.154236
0.137856 0.377789 0.285323 0.199032
0.136406 0.534545 0.105794 0.223256
0.097324 0.0323405 9.9991E-05 0.870236
9.9982E-05 9.9982E-05 0.0733101 0.92649
0.01995 9.9982E-05 9.9982E-05 0.97985
0.0230989 0.0065818 9.9991E-05 0.970219
0.00271154 0.0240449 0.0273947 0.945849
9.9982E-05 9.9982E-05 0.114405 0.885395
9.9991E-05 0.0017442 0.1135 0.884656
0.0545149 9.9982E-05 9.9982E-05 0.945285
9.9991E-05 0.028756 0.0707668 0.900377
0.00447551 9.9991E-05 0.118108 0.877317
0.312857 9.9991E-05 0.0493644 0.637679
0.334531 0.0166214 9.9991E-05 0.648748
0.392704 9.9982E-05 9.9982E-05 0.607096
0.463959 0.00025165 9.9991E-05 0.53569
0.1778 0.70375 9.9991E-05 0.11835
0.299904 0.635102 0.0518023 0.0131915
0.183756 0.76924 0.00665597 0.0403476
0.332627 0.579234 9.9991E-05 0.0880395
0.633898 0.272799 0.0428213 0.0504813
0.138975 0.752177 0.108748 9.9991E-05
0.229188 0.689057 0.0729976 0.00875716
0.306568 0.629358 0.0510062 0.0130669
0.367425 0.515467 0.117008 9.9991E-05
0.133906 0.782365 0.0728029 0.0109261
0.294868 0.638243 0.0292169 0.0376723
0.841292 0.158508 9.9982E-05 9.9982E-05
0.211556 0.619285 0.0570691 0.112091
0.415404 0.553361 9.9991E-05 0.031135
0.260575 0.739225 9.9982E-05 9.9982E-05
0.593591 0.395601 9.9991E-05 0.0107071
0.719199 0.0384143 9.9991E-05 0.242286
0.69966 0.084824 0.0166506 0.198865
0.782376 0.0514285 9.9991E-05 0.166096
0.729019 0.0428272 9.9991E-05 0.228054
0.765043 0.117098 0.0185927 0.099266
0.673547 0.132641 9.9991E-05 0.193712
9.9991E-05 0.0590396 0.0157174 0.925143
9.9991E-05 0.0646765 0.0653359 0.869888
9.9991E-05 0.117012 0.13394 0.748949
0.046372 0.0481272 0.0696409 0.83586
9.9991E-05 0.0743053 0.0898485 0.835746
0.541022 9.9982E-05 9.9982E-05 0.458778
0.405882 9.9982E-05 9.9982E-05 0.593918
0.507074 9.9982E-05 9.9982E-05 0.492726
9.9991E-05 0.0725264 0.0797902 0.847583
0.522147 9.9991E-05 0.00224924 0.475504
0.0423784 0.295393 0.449583 0.212646
0.024656 0.645346 0.260727 0.0692707
9.9991E-05 0.504752 0.357459 0.137689
0.150788 0.316962 0.296569 0.235682
0.0157847 0.60599 0.17873 0.199495
0.154605 9.9991E-05 0.370066 0.475229
0.372988 0.589215 9.9991E-05 0.037697
0.482878 0.403746 0.0716673 0.0417089
0.448907 0.396008 9.9991E-05 0.154985
0.285652 0.622048 0.0764325 0.0158672
0.9997 9.998E-05 9.998E-05 9.998E-05
0.100741 0.631997 0.109979 0.157283
0.30761 0.619559 0.0223216 0.0505096
0.406733 0.469206 9.9991E-05 0.123961
0.109283 0.675333 0.123179 0.0922048
0.668952 0.280353 0.0180686 0.0326264
0.359152 0.514193 0.126555 9.9991E-05
0.233092 0.695165 0.0595847 0.012158
0.136462 0.430942 0.282019 0.150576
0.429058 0.505123 0.0657191 9.9991E-05
0.350885 0.550312 0.0836446 0.0151583
0.370523 0.446334 0.180259 0.00288384
0.275611 0.674934 0.0493548 9.9991E-05
0.164368 0.710621 0.0493075 0.0757028
0.0767949 0.707712 0.0521681 0.163325
0.217514 0.619286 0.0950058 0.0681945
9.9991E-05 0.0899024 0.138805 0.771192
9.9991E-05 0.082418 0.0498972 0.867585
0.142217 0.0132714 0.0650018 0.77951
0.0850299 0.092875 9.9991E-05 0.821995
9.9991E-05 0.131732 0.00103427 0.867133
0.608282 0.254633 0.0609049 0.0761795
0.273207 0.470347 0.184466 0.0719796
0.0887123 0.466244 0.170977 0.274066
0.0712505 0.694441 0.157578 0.0767309
0.245266 0.679307 9.9991E-05 0.0753271
0.541676 0.281084 0.164083 0.0131572
0.711559 0.081468 9.9991E-05 0.206873
0.167881 0.700774 0.0170225 0.114322
0.618307 0.145257 0.104008 0.132428
0.31682 0.501662 0.0630961 0.118422
0.589952 0.221494 0.00465312 0.183901
0.111161 0.631894 0.0909938 0.165951
0.531611 0.292692 0.0471524 0.128544
0.45533 0.366177 0.141844 0.0366486
0.330071 0.47674 0.143061 0.0501276
0.501872 0.345256 0.080824 0.0720473
0.191891 0.663254 0.101789 0.0430666
0.126391 0.644165 0.11834 0.111104
0.45546 0.494483 0.0149101 0.0351475
0.161481 0.622079 0.0533652 0.163075
0.194897 0.699025 9.9991E-05 0.105978
0.751479 0.247743 0.000677455 9.9991E-05
0.551716 0.434374 0.0115987 0.00231122
0.336548 0.622093 0.041259 9.9991E-05
0.648648 0.289861 9.9991E-05 0.0613912
0.351489 0.648311 9.9982E-05 9.9982E-05
0.65122 0.213519 0.0905702 0.0446904
0.592969 0.347858 0.0590728 9.9991E-05
0.398508 0.415985 0.12093 0.0645763
0.129287 0.62795 0.217432 0.0253302
0.516179 0.466857 0.00206156 0.0149026
0.162811 0.606141 0.171022 0.0600265
0.138203 0.63071 0.133093 0.0979942
0.205032 0.604376 0.0520573 0.138534
0.279646 0.460016 0.218804 0.0415338
0.287311 0.528938 0.0838808 0.0998709
0.5496 0.305893 0.144408 9.9991E-05
0.431508 0.439398 0.121245 0.00784811
0.195735 0.701716 0.10245 9.9991E-05
0.143225 0.716428 0.0522219 0.0881245
0.382374 0.467603 0.0476316 0.102391
0.226763 0.617895 0.155242 9.9991E-05
0.336751 0.416796 0.132855 0.113598
0.175464 0.664742 0.150722 0.00907143
0.2192 0.498473 0.173536 0.108791
0.162299 0.614484 0.0977125 0.125505
0.0164133 0.488678 0.151358 0.343551
0.126942 0.463462 0.249806 0.15979
0.0832844 0.516503 0.225414 0.174798
0.0871859 0.602462 0.254549 0.0558028
0.0921283 0.536586 0.211907 0.159379
0.364834 0.568492 0.0665731 9.9991E-05
0.0406651 0.611757 0.102442 0.245135
0.422 0.0830984 0.202678 0.292224
0.111702 0.556711 0.2193 0.112287
0.035288 0.642557 0.160649 0.161506
0.126322 0.359191 0.375505 0.138982
0.26934 0.343537 0.208549 0.178574
0.00307614 0.613306 0.196987 0.186631
9.9991E-05 0.573982 0.257017 0.168902
0.239683 9.9991E-05 0.25018 0.510037
0.0718878 0.466026 0.274375 0.187711
9.9991E-05 0.601036 0.229478 0.169386
0.0201631 0.643067 0.203028 0.133741
9.9991E-05 0.527931 0.294488 0.177481
0.0578284 0.538689 0.190151 0.213331
0.404787 0.364601 0.162548 0.0680632
0.213567 0.538911 0.175011 0.0725103
0.812914 0.153758 0.0332285 9.9991E-05
0.836821 0.12395 0.0391289 9.9991E-05
0.266454 0.563864 0.144757 0.0249248
0.109374 0.363235 0.400698 0.126693
0.11246 0.354205 0.439237 0.0940981
0.254113 0.148042 0.393069 0.204776
0.0205299 0.379996 0.358638 0.240836
0.650115 0.0534376 0.26625 0.0301968
0.406576 0.293015 0.172751 0.127658
0.200022 0.608219 0.191294 0.000465699
0.22236 0.507935 0.204336 0.0653686
0.487263 0.187392 0.269712 0.0556325
0.12146 0.670099 0.0731107 0.13533
0.176038 0.575154 0.242134 0.00667394
0.233468 0.487514 0.216615 0.0624034
0.483707 0.48369 9.9991E-05 0.0325026
0.473755 0.430703 0.0954426 9.9991E-05
0.261705 0.63808 0.0661748 0.0340406
0.404498 0.467169 0.118039 0.0102936
0.280816 0.540731 0.138641 0.0398118
0.376108 0.54876 0.0750323 9.9991E-05
0.596831 0.323668 0.0794016 9.9991E-05
0.186031 0.676924 0.104959 0.032086
0.620312 0.324359 0.0552288 9.9991E-05
0.3816 0.543234 0.0750661 9.9991E-05
0.218689 0.633588 0.0911088 0.0566143
0.253741 0.556906 0.0743238 0.115029
0.0808749 0.55313 0.204243 0.161752
0.280783 0.361805 0.193994 0.163418
0.228723 0.300006 0.312483 0.158788
0.254703 0.275724 0.335239 0.134335
0.0381085 0.613284 0.16043 0.188177
0.127849 0.455265 0.262947 0.153939
0.555793 9.9991E-05 0.293685 0.150422
9.9991E-05 0.632085 0.230232 0.137583
0.37643 9.9991E-05 0.20951 0.413961
0.102668 0.570613 0.279975 0.046744
0.661585 0.330605 0.00771096 9.9991E-05
0.859469 0.109757 0.0306738 9.9991E-05
0.347636 0.652164 9.9982E-05 9.9982E-05
0.167781 0.714433 0.117686 9.9991E-05
0.406194 0.593606 9.9982E-05 9.9982E-05
0.262834 0.710161 0.0269048 9.9991E-05
0.26553 0.655467 0.0789037 9.9991E-05
0.00843176 0.139321 0.0139835 0.838264
0.0843333 0.018237 0.106332 0.791098
9.9982E-05 9.9982E-05 0.0514235 0.948377
9.9991E-05 0.0167038 0.00267419 0.980522
0.208604 0.682281 0.0227479 0.0863663
0.13477 0.773959 0.0103624 0.0809082
0.133545 0.829664 9.9991E-05 0.0366918
0.0668443 0.818471 0.0113494 0.103335
0.239603 0.595853 0.082639 0.0819052
0.452855 0.505492 0.0032017 0.0384521
0.112593 0.855858 0.0169331 0.0146163
0.298012 0.666067 9.9991E-05 0.0358212
9.9991E-05 0.48695 0.21699 0.29596
0.327617 0.595653 0.0766304 9.9991E-05
0.364586 0.635214 9.9982E-05 9.9982E-05
0.221978 0.735257 0.0426658 9.9991E-05
0.343896 0.62319 9.9991E-05 0.0328146
0.183897 0.773014 0.0322482 0.0108405
0.0988502 0.728661 9.9991E-05 0.172389
0.569749 0.430051 9.9982E-05 9.9982E-05
0.449103 0.535429 9.9991E-05 0.0153672
0.3762 0.606674 9.9991E-05 0.017026
0.767919 0.231881 9.9982E-05 9.9982E-05
0.307645 0.601318 0.0654817 0.0255552
0.615012 0.374872 0.0100162 9.9991E-05
0.827433 0.172367 9.9982E-05 9.9982E-05
0.112291 0.861642 9.9991E-05 0.0259676
0.456459 0.49676 9.9991E-05 0.0466807
0.276699 0.676586 0.0182246 0.0284907
0.132863 0.696687 0.049936 0.120514
0.166198 0.788711 9.9991E-05 0.044991
0.488347 0.356568 0.154986 9.9991E-05
0.175942 0.765273 0.0113291 0.0474555
0.269604 0.642568 0.0174221 0.0704061
0.40098 0.59882 9.9982E-05 9.9982E-05
0.176195 0.642517 0.120833 0.0604553
0.24814 0.0692324 9.9991E-05 0.682528
0.104625 0.079861 9.9991E-05 0.815414
0.118903 9.9982E-05 9.9982E-05 0.880897
0.146278 9.9982E-05 9.9982E-05 0.853522
0.156218 0.0742388 9.9991E-05 0.769443
0.526479 0.443725 9.9991E-05 0.0296959
0.598359 0.354817 9.9991E-05 0.0467236
0.481641 0.518159 9.9982E-05 9.9982E-05
0.197611 0.551029 0.138104 0.113256
0.134705 0.739086 9.9991E-05 0.126108
0.37153 0.544116 0.0167112 0.0676427
0.129629 0.819691 0.0505798 9.9991E-05
0.232574 0.670585 9.9991E-05 0.0967408
0.147794 0.790537 9.9991E-05 0.0615685
0.116319 0.801704 0.057091 0.0248859
0.524766 0.470183 0.00495127 9.9991E-05
0.320508 0.667103 9.9991E-05 0.0122889
0.347961 0.651839 9.9982E-05 9.9982E-05
0.0660154 0.724201 0.0433691 0.166415
0.268891 0.727865 9.9991E-05 0.00314336
0.269048 0.660756 0.0700963 9.9991E-05
0.0849844 0.431985 0.410408 0.0726234
9.9991E-05 0.381499 0.530782 0.0876192
9.9991E-05 0.343871 0.578277 0.0777514
0.138825 0.122519 0.673006 0.0656498
0.0433621 0.482473 0.35453 0.119634
0.252592 0.671403 0.0759048 9.9991E-05
0.0264568 0.00300357 0.711774 0.258766
0.0267705 0.284762 0.558233 0.130235
0.113614 0.542112 0.160966 0.183308
0.15085 0.576186 0.0971397 0.175824
0.243563 0.466911 0.108339 0.181187
0.0913904 0.650652 0.111926 0.146031
0.140119 0.642494 0.114267 0.103119
9.9991E-05 0.283606 0.561495 0.1548
0.143035 0.312902 0.441261 0.102802
9.9991E-05 0.358634 0.603146 0.0381197
0.000314435 0.559712 0.336527 0.103447
0.00633544 0.253744 0.629505 0.110416
0.0217014 0.41472 0.377383 0.186195
9.9991E-05 0.288693 0.590488 0.120719
0.0836867 0.358007 0.497586 0.0607198
0.201362 0.715744 0.0471544 0.0357397
0.120312 0.357745 0.407019 0.114924
9.9991E-05 0.12707 0.679043 0.193787
0.0812123 0.348188 0.357 0.213599
0.466339 0.329269 9.9991E-05 0.204292
0.128215 0.696245 0.135687 0.0398534
0.120812 0.223132 0.462984 0.193072
0.0747207 0.694692 0.0296456 0.200942
0.166251 0.583055 0.0530584 0.197635
0.0504791 0.483769 0.223932 0.24182
0.0620613 0.386694 0.294048 0.257196
0.194759 0.543986 0.158806 0.102449
9.9991E-05 0.456262 0.351368 0.19227
0.00508335 0.391557 0.549793 0.0535667
9.9991E-05 0.0962977 0.646569 0.257033
0.0675951 0.650621 0.100237 0.181548
0.181733 0.638293 9.9991E-05 0.179873
0.446252 0.273791 0.115552 0.164406
0.0462691 0.643324 0.133742 0.176665
0.301474 0.480951 0.0746911 0.142883
0.0532078 0.503746 0.201093 0.241954
0.177856 0.440743 0.189274 0.192127
0.394444 9.9991E-05 0.291279 0.314177
0.401221 9.9991E-05 0.242071 0.356608
0.289826 0.31473 0.224969 0.170474
0.407949 9.9991E-05 0.291506 0.300445
0.201659 9.9991E-05 0.328342 0.469899
0.256918 0.367099 0.274195 0.101789
0.0459423 0.482583 0.233609 0.237866
0.221365 0.238237 0.221929 0.318469
0.324351 0.0934406 0.254616 0.327592
0.12963 0.51769 0.202661 0.150018
0.377907 0.182007 0.221131 0.218955
0.347114 9.9991E-05 0.138493 0.514293
0.0750341 0.53759 0.276868 0.110508
0.142601 0.316265 0.328683 0.21245
9.9991E-05 0.473807 0.179981 0.346111
9.9991E-05 0.517918 0.351434 0.130547
0.0336469 0.558814 0.250014 0.157526
0.00557446 0.515886 0.287478 0.191061
9.9991E-05 0.361823 0.258197 0.379879
0.0213527 0.539587 0.222415 0.216645
9.9991E-05 0.469502 0.266485 0.263913
0.114573 0.350012 0.273478 0.261937
0.23884 0.427636 0.130296 0.203227
0.017934 0.689148 0.0478068 0.245111
9.9991E-05 0.707239 0.0989873 0.193674
0.0904479 0.575736 0.257478 0.0763373
0.0804484 0.285335 0.376198 0.258018
0.00919636 0.559293 0.161551 0.269959
0.174051 0.129187 0.264467 0.432295
0.0335983 0.386573 0.303246 0.276583
0.131775 0.238496 0.369736 0.259993
0.126262 0.0307808 9.9991E-05 0.842857
0.682609 0.148302 9.9991E-05 0.168989
0.827639 9.9982E-05 9.9982E-05 0.172162
0.754557 0.0528298 9.9991E-05 0.192513
0.716547 0.179633 9.9991E-05 0.10372
0.669237 0.14485 0.0142238 0.171689
0.704254 0.173893 9.9991E-05 0.121753
0.790365 9.9982E-05 9.9982E-05 0.209435
0.557486 0.0770418 9.9991E-05 0.365372
0.0154693 0.0405974 0.00219242 0.941741
0.038516 0.0689611 0.0130494 0.879474
0.0066468 0.0736365 0.0151918 0.904525
0.0953792 0.0433185 9.9991E-05 0.861202
9.9991E-05 0.0318427 0.0543132 0.913744
0.0341406 9.9991E-05 0.0148908 0.950869
0.0333955 0.00743484 0.157664 0.801506
9.9991E-05 0.0456829 0.083026 0.871191
0.0966586 0.0915944 0.0677313 0.744016
9.9982E-05 9.9982E-05 0.091249 0.908551
0.0144727 9.9982E-05 9.9982E-05 0.985327
0.024404 0.0422174 0.0435777 0.889801
9.9982E-05 9.9982E-05 0.0180954 0.981705
9.9991E-05 0.0379365 0.0372002 0.924763
0.0724515 0.0491605 0.0544879 0.8239
9.9991E-05 0.0594721 0.0842209 0.856207
9.9991E-05 0.0314346 0.171867 0.796599
9.9991E-05 0.0934258 0.122139 0.784335
9.9991E-05 0.0847928 0.105894 0.809214
0.287402 0.434405 0.115076 0.163117
0.048386 0.800473 0.0133766 0.137765
0.0830599 0.695617 0.102201 0.119122
0.593917 0.26902 0.044528 0.0925349
0.129828 0.730122 0.0160227 0.124027
0.486903 0.186237 0.0831118 0.243748
0.0379755 0.688787 0.0829603 0.190277
0.294287 0.594666 9.9991E-05 0.110946
0.234871 0.653834 0.0476857 0.063609
0.18944 0.73008 0.040963 0.0395171
0.240457 0.513187 0.0815888 0.164768
0.0147467 0.822109 9.9991E-05 0.163045
0.154978 0.655014 0.0757983 0.11421
0.760641 0.153176 0.082913 0.00326981
0.793751 0.0756536 0.0132148 0.117381
0.56428 0.257586 0.0504428 0.127691
0.0329715 0.697664 0.0769163 0.192448
0.117334 0.727019 9.9991E-05 0.155546
0.0703169 0.719879 9.9991E-05 0.209704
0.0693568 0.774156 0.0595306 0.0969568
9.9991E-05 0.55973 0.217288 0.222882
9.9991E-05 0.614577 0.200519 0.184804
0.179745 0.197606 0.158321 0.464328
0.0846839 0.651841 0.0985118 0.164963
0.129726 0.404129 0.220137 0.246009
0.306483 9.9991E-05 0.224898 0.468519
0.0760006 0.384551 0.23109 0.308359
0.077108 0.386078 0.153501 0.383314
0.0259329 0.528149 0.060622 0.385296
0.0651367 0.504812 0.227755 0.202296
0.00786439 0.59503 0.161786 0.23532
9.9991E-05 0.593862 0.284049 0.121989
0.124601 0.398168 0.247104 0.230127
9.9991E-05 0.371899 0.160464 0.467537
