0.0654544 0.00764951 0.926796 9.9991E-05
9.9982E-05 9.9982E-05 0.983688 0.0161121
0.0454967 0.102908 0.851496 9.9991E-05
0.0893895 0.0463063 0.831644 0.0326601
0.035864 0.0415595 0.922477 9.9991E-05
0.166484 0.0608196 0.582069 0.190626
0.00576814 9.9991E-05 0.878219 0.115913
0.00812456 0.0438738 0.777856 0.170145
9.9982E-05 9.9982E-05 0.856397 0.143403
0.0862474 0.0962585 0.748093 0.0694009
9.9991E-05 0.0462147 0.816869 0.136816
0.0946437 0.36202 0.0565213 0.486815
0.0741517 0.668627 0.0554261 0.201795
0.0747967 0.372208 0.111218 0.441777
0.157746 0.410571 0.113151 0.318532
0.151396 0.364809 0.134557 0.349238
0.079958 0.725151 0.0967836 0.0981075
0.1141 0.544774 0.0331069 0.30802
0.0637071 0.409555 0.175076 0.351662
0.059324 0.105535 0.121925 0.713216
0.0433776 0.487286 0.0815884 0.387748
0.0645061 0.518711 0.0931914 0.323591
0.052937 0.632347 0.105999 0.208717
0.113039 0.351566 0.0353094 0.500086
0.110826 0.712749 0.0657458 0.110679
0.106563 0.647836 0.0981046 0.147496
0.0915934 0.276039 0.113957 0.51841
0.124559 0.310424 0.10578 0.459238
9.9991E-05 0.374285 0.0593369 0.566278
0.104309 0.0279048 0.867686 9.9991E-05
0.0620691 0.08039 0.857441 9.9991E-05
0.0581966 0.144383 0.79732 9.9991E-05
0.0970407 0.148579 0.75428 9.9991E-05
0.00114069 0.706498 0.0707256 0.221636
0.0321549 0.642097 0.113103 0.212645
9.9991E-05 0.812501 0.0165255 0.170873
9.9991E-05 0.253985 0.17444 0.571476
0.0125569 0.578198 9.9991E-05 0.409145
0.0835522 0.624661 0.0302969 0.26149
0.00679999 0.86344 0.0418598 0.0878998
9.9991E-05 0.712869 0.132211 0.154819
9.9991E-05 0.715423 0.168285 0.116192
9.9991E-05 0.382479 0.0603621 0.557059
0.0636165 0.639256 0.126732 0.170396
0.0440447 0.695203 0.121299 0.139453
0.16907 0.516022 0.115851 0.199057
9.9982E-05 0.582189 9.9982E-05 0.417611
0.0398332 0.762646 0.0383244 0.159196
0.10085 0.730668 0.0425793 0.125903
9.9991E-05 0.0939323 0.0842926 0.821675
9.9991E-05 0.348267 0.039011 0.612622
0.041232 0.180944 0.060938 0.716886
0.146862 0.543258 0.110234 0.199645
0.114854 0.574362 0.147578 0.163206
0.0917857 0.621464 0.134753 0.151997
0.0413685 0.257362 0.163799 0.537471
0.040865 0.664253 0.0515939 0.243288
0.0701393 0.622812 0.146733 0.160316
0.0858078 0.448468 0.134671 0.331054
0.055666 0.155027 0.272663 0.516644
9.9991E-05 0.7425 0.110237 0.147163
0.0701165 0.52966 0.145098 0.255126
9.9991E-05 0.150745 0.115465 0.73369
0.0107618 0.674654 0.0636904 0.250894
0.0755929 0.76913 0.0459272 0.10935
0.0335034 0.694664 0.0920397 0.179793
0.0910978 0.366561 0.052005 0.490336
0.0747973 0.583668 0.00884044 0.332694
0.0900598 0.647473 0.0631576 0.199309
9.9991E-05 0.328678 0.103569 0.567653
9.9982E-05 0.776345 9.9982E-05 0.223455
9.9982E-05 0.507893 9.9982E-05 0.491907
0.0631441 0.664107 0.129729 0.143019
9.9982E-05 0.276119 9.9982E-05 0.723681
9.9982E-05 0.266847 9.9982E-05 0.732953
9.9982E-05 0.554417 9.9982E-05 0.445383
0.00380135 0.691084 0.0166797 0.288435
0.0972701 0.587433 0.151012 0.164285
0.11118 0.575765 0.0191008 0.293954
0.0820035 0.377604 0.0400346 0.500358
0.0243369 0.465945 0.0104398 0.499278
0.0515752 0.62839 0.105361 0.214674
0.0450757 0.468385 0.0310636 0.455476
0.0619765 0.566386 0.0477818 0.323856
9.9982E-05 0.624466 9.9982E-05 0.375334
0.00036147 0.232056 9.9991E-05 0.767482
0.00557157 0.777296 0.0873686 0.129764
0.0132145 0.125983 0.860702 9.9991E-05
9.9982E-05 0.069126 0.930674 9.9982E-05
0.0902435 0.038298 0.871358 9.9991E-05
0.0366837 0.0481028 0.915113 9.9991E-05
0.0451576 0.0700384 0.884704 9.9991E-05
0.061164 0.0391486 0.899587 9.9991E-05
0.0103657 0.0494062 0.940128 9.9991E-05
0.0391168 0.69898 0.0915222 0.170381
0.118415 0.686445 0.123736 0.0714031
9.9982E-05 0.277664 9.9982E-05 0.722136
0.147774 0.557205 0.0692468 0.225774
0.0547312 0.594317 0.0322963 0.318655
0.0312821 0.780871 0.0390686 0.148778
0.0184084 0.680874 0.0663943 0.234323
0.0721552 0.675599 0.00640461 0.245842
9.9991E-05 0.187453 0.0164678 0.795979
0.0703947 0.58555 0.16124 0.182815
0.0490166 0.756312 0.108391 0.0862806
0.133647 0.602782 0.142511 0.12106
0.0775596 0.502259 9.9991E-05 0.420081
0.00965732 0.697647 0.017018 0.275678
0.0290469 0.642253 9.9991E-05 0.3286
0.0388537 0.593582 9.9991E-05 0.367464
9.9991E-05 0.643365 0.0857011 0.270834
0.0976913 0.548177 0.101994 0.252138
0.0997235 0.267531 0.0688406 0.563905
0.141499 0.384407 0.139203 0.334891
0.105568 0.593114 0.139776 0.161542
0.101446 0.681068 0.114317 0.103169
9.9991E-05 0.582295 0.153054 0.26455
9.9991E-05 0.672622 0.101642 0.225636
9.9991E-05 0.586224 0.120188 0.293488
0.0443233 0.660262 0.123547 0.171868
0.0789026 0.626419 0.12049 0.174188
9.9991E-05 0.675355 0.102171 0.222374
9.9991E-05 0.684733 0.0130373 0.30213
0.0549066 0.713437 0.0601684 0.171488
0.0853151 0.615137 0.13891 0.160638
0.0218134 0.734286 0.0604912 0.183409
0.101029 0.628968 0.0326795 0.237323
0.103234 0.622968 0.0639045 0.209894
0.0699947 0.459625 0.0896534 0.380727
0.0838442 0.749202 0.0456293 0.121325
0.0153299 0.7776 0.0968651 0.110205
0.0931126 0.363725 0.00895741 0.534205
0.0795134 0.179877 0.0746142 0.665995
0.0799591 0.632683 0.0702859 0.217072
0.106495 0.130475 9.9991E-05 0.762929
9.9991E-05 0.378154 0.0895603 0.532186
9.9991E-05 0.576187 0.0515263 0.372187
9.9991E-05 0.437758 0.0733769 0.488765
9.9991E-05 0.414319 0.0759338 0.509647
0.00611934 0.771411 0.12425 0.0982201
0.163763 0.555881 0.0686021 0.211754
0.0964385 0.569773 0.0969032 0.236885
0.157633 0.184481 0.0111193 0.646766
0.0202077 0.612397 0.19111 0.176285
0.103672 0.475925 0.0445072 0.375895
9.9991E-05 0.0779051 0.202635 0.71936
0.00450982 0.821649 0.121996 0.0518451
0.0549917 0.47277 0.115153 0.357085
0.0960408 0.589704 0.0949094 0.219345
0.0189748 0.447429 0.169849 0.363747
9.9991E-05 0.294613 0.160846 0.544441
0.023418 0.517886 0.0584969 0.400199
0.0512465 0.617781 0.147673 0.183299
0.100157 0.440874 0.20401 0.254959
0.206771 0.0540886 0.113706 0.625434
0.0727618 0.69828 0.0699268 0.159031
9.9982E-05 0.555817 9.9982E-05 0.443983
0.0768519 0.527055 9.9991E-05 0.395993
0.128713 0.642461 0.0792243 0.149602
0.276077 0.189769 0.42585 0.108304
0.193288 9.9991E-05 0.616094 0.190519
0.202034 9.9991E-05 0.539717 0.258149
0.401786 0.0647635 0.385603 0.147848
0.0716402 0.789787 9.9991E-05 0.138473
0.0616377 0.635571 0.104091 0.1987
0.6846 0.3152 9.9982E-05 9.9982E-05
0.496184 0.314152 0.0970814 0.0925821
0.405773 0.414004 0.0415695 0.138653
0.0856449 0.419037 0.00624065 0.489077
0.0897501 0.584812 0.0134398 0.311998
0.0731313 0.288436 0.0283031 0.61013
0.00761155 0.755642 0.0443632 0.192383
9.9991E-05 0.642889 0.0505721 0.306439
0.0981034 0.626481 0.0552696 0.220146
0.058149 0.280839 0.0397431 0.621269
0.147216 0.730764 0.0487034 0.0733169
9.9991E-05 0.750146 0.136368 0.113386
0.959254 0.0405461 9.9982E-05 9.9982E-05
0.940217 0.0595834 9.9982E-05 9.9982E-05
0.628423 0.289512 0.0819649 9.9991E-05
0.72779 0.27201 9.9982E-05 9.9982E-05
0.794124 0.205676 9.9982E-05 9.9982E-05
0.9997 9.998E-05 9.998E-05 9.998E-05
0.97566 9.9982E-05 0.0241402 9.9982E-05
0.90556 0.0942401 9.9982E-05 9.9982E-05
0.993583 9.9982E-05 9.9982E-05 0.00621689
0.9997 9.998E-05 9.998E-05 9.998E-05
0.9997 9.998E-05 9.998E-05 9.998E-05
0.786697 0.147246 0.0659568 9.9991E-05
0.780575 0.152648 0.0666779 9.9991E-05
0.984718 9.9982E-05 9.9982E-05 0.0150821
0.434019 0.431124 0.0491354 0.0857217
0.662581 0.214438 0.052032 0.0709495
0.7625 0.142514 0.0948853 9.9991E-05
0.957467 0.0423332 9.9982E-05 9.9982E-05
0.9997 9.998E-05 9.998E-05 9.998E-05
0.874474 0.0118412 0.113585 9.9991E-05
0.9997 9.998E-05 9.998E-05 9.998E-05
0.640497 0.248287 0.0492636 0.0619527
0.900902 0.0534062 9.9991E-05 0.045592
0.147673 9.9991E-05 0.408727 0.4435
0.101658 0.362424 0.252413 0.283505
0.0788533 0.579942 0.254718 0.0864862
0.126574 0.258569 0.280826 0.334032
0.117483 0.600672 0.158745 0.123099
0.157655 0.234308 0.296305 0.311732
0.0931889 0.500472 0.218396 0.187943
0.190323 0.42703 0.163295 0.219352
0.160467 0.463192 0.195191 0.181151
0.199683 0.439422 0.184377 0.176518
0.0842044 0.548046 0.249109 0.118641
9.9991E-05 0.0461686 0.87374 0.0799912
0.0756598 9.9982E-05 0.92414 9.9982E-05
9.9991E-05 0.0180229 0.977001 0.00487636
9.9991E-05 0.0139023 0.974489 0.011509
0.0193326 0.0395427 0.941025 9.9991E-05
0.10039 9.9982E-05 0.89941 9.9982E-05
0.0726095 0.0188983 0.908392 9.9991E-05
9.9991E-05 0.00984195 0.930585 0.059473
0.0422804 9.9982E-05 0.95752 9.9982E-05
0.0927207 9.9982E-05 0.907079 9.9982E-05
9.9982E-05 9.9982E-05 0.647032 0.352768
9.9991E-05 0.0140592 0.645917 0.339924
9.9982E-05 9.9982E-05 0.606296 0.393504
9.9991E-05 0.0238885 0.544432 0.431579
9.9991E-05 0.674426 0.0649684 0.260505
0.0367098 0.67683 0.108992 0.177468
0.0361855 0.682879 0.0523395 0.228596
9.9991E-05 0.573253 0.0623893 0.364258
0.0380027 0.244288 0.0605802 0.657129
0.0838894 0.703533 0.0621611 0.150416
0.0720477 0.704092 9.9991E-05 0.223761
0.0397914 0.648517 9.9991E-05 0.311592
0.0145233 0.60683 9.9991E-05 0.378547
0.0836412 0.755808 0.0663335 0.0942176
9.9991E-05 0.591276 0.0326483 0.375976
9.9982E-05 0.135923 9.9982E-05 0.863877
0.00827761 0.662292 0.104498 0.224932
0.0130404 0.45511 9.9991E-05 0.531749
9.9991E-05 0.688391 0.0478063 0.263703
9.9991E-05 0.33766 0.0313776 0.630862
9.9991E-05 0.0248747 0.265926 0.7091
9.9991E-05 0.114275 0.253561 0.632064
9.9991E-05 0.0471613 0.16691 0.785829
9.9991E-05 0.0222192 0.242712 0.734969
0.00297101 0.141239 0.154994 0.700796
0.000718125 0.16608 0.228822 0.60438
0.0354957 0.081472 0.882932 9.9991E-05
0.0302088 0.0970678 0.872623 9.9991E-05
0.104534 0.124843 0.770523 9.9991E-05
0.148778 0.0124448 0.771727 0.0670506
0.0821231 0.100729 0.817048 9.9991E-05
9.9982E-05 9.9982E-05 0.478654 0.521146
9.9982E-05 9.9982E-05 0.513519 0.486281
0.00954362 9.9991E-05 0.490049 0.500308
0.100097 0.0525147 0.847289 9.9991E-05
9.9982E-05 9.9982E-05 0.49752 0.50228
0.413909 0.287147 0.202466 0.0964782
0.260452 0.645067 0.0943806 9.9991E-05
0.312643 0.507884 0.179373 9.9991E-05
0.308942 0.289516 0.284524 0.117017
0.274267 0.491496 0.172658 0.061579
0.326844 0.017656 0.52089 0.13461
9.9991E-05 0.608691 0.0284879 0.362721
0.0199471 0.49584 0.0213977 0.462816
9.9991E-05 0.386429 0.147798 0.465673
0.054583 0.516877 9.9991E-05 0.42844
0.00110116 9.9982E-05 9.9982E-05 0.998699
0.0204931 0.763964 0.075023 0.14052
0.0447211 0.554057 0.0932794 0.307943
9.9991E-05 0.421652 0.0940502 0.484197
0.0737348 0.652612 0.14053 0.133124
0.00972176 0.256796 0.0455238 0.687959
0.0519196 0.54152 0.0261922 0.380368
0.051697 0.675226 0.0357828 0.237295
0.196564 0.450038 0.195485 0.157913
0.0322679 0.54413 9.9991E-05 0.423502
0.00627676 0.611337 0.0360787 0.346307
0.146944 0.486559 9.9991E-05 0.366397
0.0277175 0.61817 0.03803 0.316083
0.108495 0.614416 0.0192703 0.257819
0.0692972 0.627805 0.107383 0.195515
0.0443379 0.644619 0.117656 0.193387
0.0901745 0.0809245 0.828801 9.9991E-05
0.0717136 0.0802964 0.84789 9.9991E-05
0.0143899 0.0708404 0.817964 0.096806
0.0375313 0.0888423 0.841568 0.0320583
0.0247804 0.113717 0.861403 9.9991E-05
0.0644847 0.229635 0.0752613 0.630619
0.0821644 0.571797 0.0634672 0.282571
0.154425 0.618882 0.226592 9.9991E-05
0.0651642 0.776924 0.0714983 0.0864131
9.9991E-05 0.595133 0.110895 0.293873
0.128761 0.265355 0.0413385 0.564546
9.9991E-05 0.113672 0.213042 0.673186
0.0388677 0.624747 0.116745 0.21964
0.0844297 0.189699 0.101581 0.624291
0.134177 0.481929 0.0302855 0.353609
0.0510141 0.148001 0.194772 0.606212
0.0947012 0.603336 0.153834 0.148129
9.9991E-05 0.316047 0.155402 0.528451
0.0628039 0.458604 0.0402608 0.438331
0.112018 0.494698 0.0839007 0.309384
0.0531376 0.375002 0.0629327 0.508927
9.9991E-05 0.741839 0.164145 0.0939165
0.0759025 0.60829 0.147564 0.168243
9.9991E-05 0.451603 0.0912488 0.457048
0.0920146 0.570152 0.0683385 0.269495
9.9991E-05 0.747119 0.104752 0.148029
9.9982E-05 0.245504 9.9982E-05 0.754296
9.9991E-05 0.428836 0.0355374 0.535527
0.0378845 0.626949 0.0170996 0.318066
9.9991E-05 0.308072 0.0471463 0.644682
9.9991E-05 0.608913 0.0376055 0.353381
0.0247959 0.225005 0.0611131 0.689086
0.0326362 0.382563 9.9991E-05 0.584701
0.0635949 0.503297 0.0719774 0.361131
0.158192 0.596402 0.0552915 0.190115
0.0283151 0.329185 0.0120731 0.630427
0.115763 0.52631 0.137141 0.220786
0.236128 0.601903 0.0237125 0.138256
0.114592 0.466056 0.0824203 0.336932
0.079838 0.560724 0.0166998 0.342738
0.0897768 0.49827 0.0376024 0.374351
0.0874727 0.306194 0.0437202 0.562613
0.123261 0.444472 0.0635765 0.368691
0.0739118 0.702188 0.0210379 0.202862
0.146597 0.650511 0.0621671 0.140725
0.0696558 0.470845 0.119597 0.339902
0.0796076 0.562013 0.062577 0.295802
0.0418387 0.427672 0.172678 0.357811
0.0733985 0.676214 0.0351311 0.215256
0.0834347 0.572107 0.0749477 0.26951
0.0938136 0.597403 0.115879 0.192904
0.169492 0.480693 0.349715 9.9991E-05
0.267582 0.553769 0.162855 0.015794
0.151454 0.594828 0.208906 0.0448118
0.149053 0.566583 0.109941 0.174423
0.190031 0.550747 0.244185 0.0150372
0.0730332 0.510705 9.9991E-05 0.416162
0.14287 0.592957 0.196999 0.0671735
0.209305 0.0618891 0.283808 0.444998
0.256044 0.475325 0.0713037 0.197327
0.179172 0.58918 0.173396 0.0582513
0.268204 0.511609 0.0706344 0.149554
0.179805 0.360637 0.245273 0.214285
0.189178 0.5888 0.185211 0.0368108
0.278316 0.543253 0.157008 0.0214222
0.241388 9.9991E-05 0.521902 0.236609
0.18561 0.565629 0.233415 0.0153462
0.20935 0.51577 0.245013 0.0298666
0.133613 0.624692 0.137236 0.104458
0.259696 0.551365 0.188839 9.9991E-05
0.17614 0.548906 0.208029 0.0669246
0.0924154 0.451954 0.0442547 0.411376
0.0739291 0.580598 0.114137 0.231335
0.06056 0.133867 9.9991E-05 0.805473
0.0454976 0.0991807 9.9991E-05 0.855222
0.107487 0.521088 0.0351143 0.336311
0.429669 0.339279 0.0963907 0.134662
0.335863 0.378735 0.201956 0.0834459
0.300535 0.274119 0.26078 0.164566
0.338164 0.353661 0.190806 0.117369
0.162613 0.156404 0.10012 0.580863
0.165262 0.25247 0.148351 0.433918
0.235293 0.534335 9.9991E-05 0.230272
0.17937 0.521987 0.0570842 0.241559
0.177033 0.272867 0.0659197 0.48418
0.106816 0.593054 0.104598 0.195532
0.120549 0.633169 0.103785 0.142497
0.25822 0.552086 0.0847719 0.104922
9.9991E-05 0.439932 0.0132957 0.546673
0.061187 0.417757 9.9991E-05 0.520956
0.0280019 0.581618 0.0624198 0.32796
0.0826981 0.480464 0.0848362 0.352002
0.106587 0.547769 0.0459785 0.299665
0.00550711 0.643755 9.9991E-05 0.350638
0.0721124 0.322496 9.9991E-05 0.605291
0.0331233 0.70447 0.0793433 0.183064
0.0527421 0.357686 9.9991E-05 0.589472
0.0906498 0.521936 0.00101153 0.386403
0.0442261 0.689573 0.062704 0.203497
0.129792 0.502974 0.0404835 0.32675
0.235814 0.526303 0.159491 0.0783923
0.150666 0.396558 0.226096 0.22668
0.341622 0.282684 0.14854 0.227154
0.255936 0.435435 0.145431 0.163197
0.201391 0.562594 0.12169 0.114324
0.295349 0.431625 0.167143 0.105882
0.238289 9.9991E-05 0.181939 0.579672
0.271315 0.568979 0.0884854 0.0712206
0.205916 9.9991E-05 0.423855 0.370129
0.193869 0.64113 0.0701128 0.0948881
9.9982E-05 0.321848 9.9982E-05 0.677952
0.0077251 0.15353 0.0224026 0.816342
9.9982E-05 0.604213 9.9982E-05 0.395587
0.0708647 0.767064 0.0153873 0.146684
9.9982E-05 0.572683 9.9982E-05 0.427117
0.026212 0.581195 0.0324305 0.360162
0.0667633 0.647793 9.9991E-05 0.285343
0.0663072 0.114252 0.81934 9.9991E-05
0.133136 9.9991E-05 0.746154 0.12061
0.0503535 9.9982E-05 0.949447 9.9982E-05
9.9982E-05 0.0281285 0.971671 9.9982E-05
9.9991E-05 0.702714 0.0835143 0.213671
0.0829736 0.621465 0.0353996 0.260162
9.9982E-05 0.736783 9.9982E-05 0.263017
0.026803 0.736884 0.123062 0.113251
0.0649532 0.628844 0.121665 0.184539
9.9982E-05 0.502343 9.9982E-05 0.497457
0.0423571 0.795714 9.9991E-05 0.161829
9.9991E-05 0.564272 0.0256052 0.410023
0.234604 0.427783 0.254392 0.0832201
0.0707224 0.507945 9.9991E-05 0.421232
9.9991E-05 0.607229 0.0138574 0.378814
9.9982E-05 0.710376 9.9982E-05 0.289424
9.9982E-05 0.56953 9.9982E-05 0.43027
0.0253365 0.733469 9.9991E-05 0.241094
0.0296127 0.799222 0.0287793 0.142386
9.9982E-05 0.394684 9.9982E-05 0.605116
9.9991E-05 0.481528 0.0038123 0.51456
9.9982E-05 0.599168 9.9982E-05 0.400632
9.9982E-05 0.154455 9.9982E-05 0.845345
9.9991E-05 0.644022 0.0103878 0.345491
0.0214932 0.329845 9.9991E-05 0.648562
0.0318231 0.118095 9.9991E-05 0.849982
0.0200942 0.765028 0.059613 0.155265
9.9991E-05 0.452467 0.0264252 0.521008
9.9991E-05 0.674472 0.0625351 0.262893
0.138921 0.666285 0.036657 0.158137
9.9991E-05 0.769171 0.0441604 0.186568
0.0708645 0.410921 9.9991E-05 0.518114
0.00110854 0.71563 0.057862 0.2254
0.0208009 0.651028 0.00778645 0.320385
9.9982E-05 0.558093 9.9982E-05 0.441707
0.0626269 0.60253 0.0999766 0.234866
0.0275763 9.9991E-05 0.677992 0.294332
9.9991E-05 0.0980666 0.808848 0.092985
9.9982E-05 9.9982E-05 0.886505 0.113295
9.9982E-05 9.9982E-05 0.848343 0.151457
9.9991E-05 0.0343691 0.779863 0.185668
9.9991E-05 0.380532 0.0435025 0.575865
9.9991E-05 0.368722 0.0318916 0.599286
9.9982E-05 0.426684 9.9982E-05 0.573116
0.121771 0.639726 0.0980589 0.140444
0.0495328 0.676945 0.195869 0.077653
0.00918158 0.607001 9.9991E-05 0.383717
0.0933852 0.77288 9.9991E-05 0.133635
0.0500648 0.654858 0.0221294 0.272948
9.9991E-05 0.711149 0.0276972 0.261053
0.0511961 0.798242 0.0371554 0.113407
9.9982E-05 0.490011 9.9982E-05 0.509789
9.9991E-05 0.573107 0.0241995 0.402593
9.9982E-05 0.59324 9.9982E-05 0.40656
0.0827222 0.614827 0.14608 0.156371
9.9991E-05 0.625926 0.0266348 0.347339
9.9991E-05 0.667641 0.0476821 0.284577
0.475856 0.400138 0.123905 9.9991E-05
0.476948 0.352504 0.154669 0.01588
0.454684 0.404229 0.140986 9.9991E-05
0.480923 0.357743 0.161234 9.9991E-05
0.270728 0.567979 0.161193 9.9991E-05
0.0506171 0.659144 0.041833 0.248406
0.64614 0.0391382 0.267051 0.0476707
0.471717 0.342951 0.165555 0.0197771
0.214989 0.45631 0.166925 0.161776
9.9991E-05 0.6896 0.184993 0.125308
0.0526024 0.519166 0.166777 0.261455
9.9991E-05 0.69481 0.185266 0.119823
0.049826 0.65971 0.155837 0.134627
0.52835 0.312589 0.158961 9.9991E-05
0.356622 0.340104 0.234477 0.0687972
0.422942 0.476482 0.100477 9.9991E-05
0.342667 0.425337 0.153382 0.0786153
0.517004 0.358994 0.123902 9.9991E-05
0.406801 0.36581 0.184624 0.0427647
0.583819 0.244025 0.147922 0.0242338
0.400972 0.427971 0.16816 0.00289769
0.0302425 0.685446 0.13109 0.153222
0.331719 0.449789 0.184305 0.0341864
0.661377 0.169348 0.169176 9.9991E-05
0.405023 0.365201 0.153536 0.0762401
9.9991E-05 0.335181 0.245252 0.419467
0.114956 0.664075 9.9991E-05 0.220868
0.322839 0.432468 0.128233 0.11646
9.9991E-05 0.713636 0.151009 0.135255
0.0113295 0.582844 0.205725 0.200101
0.34004 0.359505 0.142936 0.15752
0.309792 0.4254 0.204666 0.0601418
0.141427 0.607033 0.117694 0.133847
0.373613 0.443441 0.104142 0.0788041
0.505705 0.387538 0.0994346 0.00732165
0.634763 0.135963 0.229174 9.9991E-05
0.0693837 0.570281 0.151782 0.208553
9.9991E-05 0.608631 0.17572 0.215549
0.0733819 0.23902 0.183858 0.503741
9.9991E-05 0.759535 0.206226 0.0341386
0.0836698 0.463345 0.133863 0.319122
0.176387 0.521977 0.218026 0.08361
0.176137 0.550887 0.182419 0.0905562
0.25643 9.9991E-05 0.358136 0.385334
0.210638 9.9991E-05 0.386738 0.402525
0.254382 0.247148 0.157595 0.340875
0.2595 0.0167287 0.359844 0.363926
0.314848 9.9991E-05 0.482537 0.202515
0.190615 0.367067 0.171121 0.271197
0.170423 0.41698 0.232138 0.180459
0.2284 0.194416 0.355879 0.221305
0.210606 0.10216 0.356707 0.330528
0.122173 0.505905 0.178858 0.193064
0.204648 0.163149 0.229903 0.4023
0.141268 9.9991E-05 0.52591 0.332722
0.227439 0.517754 0.187356 0.0674509
0.35781 0.252666 0.191928 0.197597
0.219615 0.43492 0.269403 0.0760625
0.205087 0.60478 0.190033 9.9991E-05
0.214649 0.562011 0.22324 9.9991E-05
0.229331 0.500905 0.205024 0.0647398
0.231207 0.399377 0.369316 9.9991E-05
0.120628 0.60114 0.278132 9.9991E-05
0.245728 0.518147 0.236025 9.9991E-05
0.190248 0.424135 0.28443 0.101187
0.146392 0.400298 0.177171 0.276138
0.0775869 0.599635 0.249226 0.0735524
0.159155 0.539071 0.197298 0.104476
0.131483 0.702934 0.0663814 0.0992021
0.267671 0.423118 0.309111 9.9991E-05
0.205436 0.479816 0.231905 0.0828431
0.21703 0.219005 0.429466 0.134499
0.206767 0.533548 0.259586 9.9991E-05
0.349174 0.240367 0.353451 0.0570082
0.0171433 9.9991E-05 0.82417 0.158587
9.9991E-05 0.128244 0.225639 0.646017
9.9982E-05 9.9982E-05 0.172505 0.827295
9.9991E-05 0.00919219 0.211068 0.77964
9.9991E-05 0.0585087 0.112256 0.829135
0.0472711 0.0777822 0.166268 0.708678
9.9991E-05 0.159747 0.0914232 0.74873
9.9982E-05 9.9982E-05 0.1703 0.8295
0.00428678 9.9991E-05 0.321977 0.673636
0.0393588 0.0210882 0.939453 9.9991E-05
0.0173369 0.051708 0.854335 0.07662
0.028977 0.0464128 0.92451 9.9991E-05
9.9991E-05 0.0525626 0.846326 0.101012
0.0543382 9.9982E-05 0.945462 9.9982E-05
9.9991E-05 0.00230778 0.939194 0.0583979
0.155182 0.0440283 0.80069 9.9991E-05
0.104204 0.0312995 0.864397 9.9991E-05
0.0261423 0.119983 0.756833 0.0970412
0.0833583 0.00298809 0.913554 9.9991E-05
9.9982E-05 9.9982E-05 0.963109 0.0366909
0.0765466 9.9991E-05 0.853407 0.0699464
9.998E-05 9.998E-05 0.9997 9.998E-05
0.0215563 0.0615446 0.916799 9.9991E-05
0.034751 0.0740728 0.891076 9.9991E-05
0.081103 0.0820181 0.836779 9.9991E-05
0.173183 0.0422404 0.784477 9.9991E-05
0.112048 0.0923929 0.795459 9.9991E-05
0.105825 0.0780604 0.816014 9.9991E-05
0.0255403 0.529375 0.190603 0.254481
9.9991E-05 0.79619 0.0969301 0.10678
0.0981066 0.60438 0.146693 0.15082
0.0508993 0.248119 0.101901 0.599082
0.027229 0.630918 0.200134 0.141718
0.100034 0.170915 0.180168 0.548883
0.101635 0.689835 0.148017 0.0605131
9.9991E-05 0.551582 0.126684 0.321634
9.9991E-05 0.686589 0.140697 0.172614
0.00563314 0.697309 0.0568948 0.240163
9.9991E-05 0.549001 0.136372 0.314528
0.0364722 0.746884 0.0923094 0.124335
0.0360445 0.675374 0.152955 0.135627
0.0610828 0.184512 0.0237941 0.730611
9.9991E-05 0.0601282 0.149859 0.789913
0.0762044 0.198774 0.123905 0.601116
0.0934987 0.616689 0.111811 0.178002
0.0363547 0.622157 0.128321 0.213167
0.0187517 0.687428 0.150644 0.143176
0.0337722 0.726676 0.116632 0.12292
0.213047 0.473373 0.216123 0.097457
0.169694 0.64486 0.179096 0.00635008
0.21123 0.14219 0.420962 0.225618
0.029187 0.711747 0.209963 0.0491023
0.0962894 0.517307 0.26219 0.124213
0.215401 9.9991E-05 0.464442 0.320057
0.196599 0.39947 0.328665 0.0752661
0.185415 0.329721 0.372469 0.112395
0.122317 0.442159 0.37703 0.0584936
0.206606 0.589299 0.147342 0.056752
0.163324 0.627276 0.197847 0.0115532
0.194134 0.615775 0.189991 9.9991E-05
0.188131 0.418044 0.207071 0.186755
0.165319 0.349569 0.485012 9.9991E-05
