0.00630664 9.9991E-05 0.956734 0.0368595
0.0439404 0.00153125 0.954428 9.9991E-05
9.999E-05 0.123927 0.842023 0.0339496
0.0442429 0.058017 0.818293 0.0794476
9.999E-05 0.0367557 0.918495 0.0446489
0.218004 0.0901999 0.630536 0.0612608
0.112082 9.9991E-05 0.844467 0.0433507
0.155668 9.9991E-05 0.785038 0.0591944
0.152291 9.9982E-05 0.847509 9.9982E-05
0.0951055 0.104461 0.713662 0.0867717
0.131926 0.0516209 0.800941 0.0155117
0.532897 0.352263 0.042754 0.0720856
0.228823 0.599089 0.127213 0.0448753
0.44087 0.346081 0.113826 0.0992223
0.321172 0.453197 0.115779 0.109852
0.18852 0.578678 0.168832 0.0639696
0.151646 0.622609 0.0981672 0.127579
0.298177 0.57967 0.044102 0.0780518
0.316713 0.423839 0.182616 0.0768323
0.73754 0.0754293 0.123102 0.0639284
0.290244 0.549256 0.0688959 0.0916045
0.342726 0.493245 0.045487 0.118541
0.183608 0.663625 0.0894609 0.0633068
0.452017 0.401745 0.0213445 0.124893
0.0875307 0.727846 0.112437 0.0721862
0.171918 0.637908 0.0736144 0.11656
0.490905 0.346463 0.111794 0.0508381
0.406777 0.354699 0.0640184 0.174505
0.543553 0.335974 0.0456021 0.0748709
9.9991E-05 0.0251001 0.871585 0.103215
9.9991E-05 0.0937094 0.857343 0.0488479
9.9991E-05 0.139314 0.813048 0.0475376
0.0181354 0.134774 0.738964 0.108127
0.221846 0.705726 0.0699427 0.00248464
0.138009 0.777939 0.0839521 9.9991E-05
0.197815 0.771006 0.023847 0.00733187
0.497711 0.297446 0.204743 9.9991E-05
0.432606 0.565003 9.9991E-05 0.00229153
0.201676 0.630106 0.0923121 0.0759063
0.0852078 0.825789 0.0256031 0.0634006
0.132829 0.680643 0.17736 0.00916814
0.0670838 0.784496 0.140213 0.00820661
0.59898 0.368534 0.0323858 9.9991E-05
0.229422 0.576859 0.0459371 0.147782
0.211263 0.60885 0.0252575 0.15463
0.0736656 0.651282 0.151152 0.123901
0.401086 0.598714 9.9982E-05 9.9982E-05
0.13911 0.806855 0.0521737 0.00186077
0.00630099 0.775088 0.218511 9.9991E-05
0.837459 0.0656477 0.0967935 9.9991E-05
0.689925 0.296331 0.0136444 9.9991E-05
0.742646 0.108176 9.9991E-05 0.149077
0.18891 0.555696 0.135367 0.120028
0.0627151 0.754074 0.0780753 0.105135
0.169859 0.57117 0.0827729 0.176198
0.568266 0.292652 0.138983 9.9991E-05
0.21691 0.706223 0.0489317 0.0279351
0.154371 0.552607 0.0497426 0.243279
0.369048 0.490791 0.140061 9.9991E-05
0.56397 0.140698 0.211559 0.0837723
0.12722 0.708604 0.107741 0.0564353
0.30236 0.498287 0.120101 0.0792527
0.685604 0.186335 0.127961 9.9991E-05
0.308612 0.562826 9.9991E-05 0.128462
0.175928 0.679019 9.9991E-05 0.144953
0.162382 0.59592 0.0860466 0.155651
0.400919 0.427768 0.0993741 0.0719383
0.250688 0.598024 0.00465165 0.146637
0.213324 0.661603 0.0880495 0.0370237
0.564563 0.365405 0.0699318 9.9991E-05
0.22706 0.77274 9.9982E-05 9.9982E-05
0.503941 0.47928 0.0166787 9.9991E-05
0.18977 0.631511 0.102176 0.0765419
0.740568 0.259232 9.9982E-05 9.9982E-05
0.710221 0.289579 9.9982E-05 9.9982E-05
0.423324 0.576476 9.9982E-05 9.9982E-05
0.273247 0.665833 0.0608203 9.9991E-05
0.13572 0.690118 0.153625 0.0205371
0.285616 0.683783 9.9991E-05 0.0305015
0.49989 0.458266 0.0417439 9.9991E-05
0.477113 0.460023 0.0627632 9.9991E-05
0.163134 0.626847 0.098475 0.111543
0.349772 0.601785 0.0384743 0.00996926
0.356639 0.626031 0.000225454 0.0171045
0.384974 0.614826 9.9982E-05 9.9982E-05
0.682228 0.317572 9.9982E-05 9.9982E-05
0.128936 0.78555 0.0737188 0.0117945
9.9991E-05 0.0996126 0.840809 0.0594784
9.9982E-05 0.083923 0.915877 9.9982E-05
9.9991E-05 0.0682777 0.868847 0.0627748
9.9991E-05 0.0155129 0.967207 0.0171802
9.9991E-05 0.0736656 0.908654 0.0175799
9.9982E-05 9.9982E-05 0.912925 0.0868754
9.9991E-05 0.00761747 0.95622 0.036062
0.124498 0.623431 0.143059 0.109012
0.110245 0.678209 0.0995732 0.111973
0.658655 0.321124 0.0201205 9.9991E-05
0.100231 0.649974 0.119536 0.130258
0.272122 0.643192 0.0455328 0.0391534
0.162952 0.725545 0.0987352 0.012768
0.173192 0.727998 0.0186616 0.0801481
0.293556 0.63835 9.9991E-05 0.0679931
0.729912 0.226577 0.043411 9.9991E-05
0.0745976 0.699689 0.1824 0.0433136
0.114678 0.738594 0.0672418 0.0794865
0.184079 0.680423 0.0710785 0.0644192
0.45332 0.484934 0.0117277 0.0500184
0.246218 0.720492 0.0159404 0.01735
0.235762 0.671435 0.0516143 0.0411886
0.357484 0.551181 9.9991E-05 0.0912356
0.296937 0.608202 0.0947606 9.9991E-05
0.127416 0.740697 0.0904359 0.0414508
0.517085 0.366224 0.107548 0.00914279
0.258439 0.547839 0.153965 0.0397558
0.173566 0.655243 0.109067 0.0621241
0.0674707 0.699511 0.172565 0.0604538
0.328241 0.569489 0.10217 9.9991E-05
0.197821 0.678228 0.041951 0.0819992
0.269567 0.568286 0.0822128 0.0799349
0.333649 0.505147 0.103129 0.0580752
0.183595 0.666036 0.115924 0.0344457
0.221113 0.712605 0.0661823 9.9991E-05
0.276936 0.63811 0.0848541 9.9991E-05
0.130906 0.717985 0.061233 0.0898755
0.114917 0.631818 0.196768 0.0564964
0.231092 0.685145 9.9991E-05 0.0836631
0.225441 0.589417 0.043872 0.14127
0.282503 0.58103 0.00714572 0.129322
0.381654 0.45001 0.130419 0.0379172
0.0592542 0.807324 0.0284266 0.104996
0.173387 0.693354 0.0275689 0.105691
0.577966 0.238669 0.0360724 0.147293
0.607749 0.242376 0.0474244 0.102451
0.161605 0.75455 0.0837444 9.9991E-05
0.743538 0.134267 9.9991E-05 0.122094
0.454351 0.422619 0.121584 0.00144642
0.345405 0.603893 0.050602 9.9991E-05
0.411248 0.493642 0.0950104 9.9991E-05
0.49089 0.395264 0.0855227 0.0283233
0.210113 0.641041 0.0939179 0.0549286
0.143953 0.633161 0.107629 0.115257
0.241419 0.656918 0.0280107 0.0736526
0.649991 0.241877 0.00183894 0.106293
0.139248 0.534401 0.197325 0.129026
0.262928 0.55159 0.0672154 0.118267
0.674997 0.098252 0.182777 0.043974
0.151146 0.743234 0.0950545 0.0105662
0.314419 0.524876 0.107214 0.0534916
0.1831 0.569898 0.0964338 0.150568
0.468104 0.276425 0.171855 0.083616
0.556138 0.273105 0.162936 0.00782122
0.327505 0.581604 0.0907907 9.9991E-05
0.19736 0.655381 0.128132 0.0191272
0.320502 0.486062 0.120655 0.0727816
0.587249 0.0914865 0.0809688 0.240295
0.218389 0.509087 0.0735452 0.198979
0.447248 0.552552 9.9982E-05 9.9982E-05
0.367826 0.581993 9.9991E-05 0.0500808
0.174084 0.621808 0.0776201 0.126488
0.194192 0.121708 0.361805 0.322296
0.185436 9.9991E-05 0.582965 0.231499
0.289562 9.9991E-05 0.501388 0.20895
0.134224 0.0126216 0.441026 0.412128
0.156945 0.791665 0.0306027 0.0207865
0.14397 0.618198 0.115039 0.122793
9.9982E-05 0.271943 9.9982E-05 0.727857
0.100231 0.386793 9.9991E-05 0.512876
0.162152 0.296715 0.114921 0.426212
0.449691 0.435738 0.0084831 0.106088
0.133425 0.665548 0.087263 0.113764
0.614381 0.214588 0.0104273 0.160604
0.166758 0.71354 9.9991E-05 0.119601
0.330815 0.563615 0.0735038 0.0320668
0.186194 0.608025 0.0107028 0.195079
0.637603 0.275665 9.9991E-05 0.0866318
0.0938984 0.716928 0.0717833 0.117391
0.123674 0.625428 0.137486 0.113412
9.998E-05 9.998E-05 9.998E-05 0.9997
9.9982E-05 0.0644941 9.9982E-05 0.935306
0.103937 0.297659 0.0273868 0.571017
9.9991E-05 0.292902 0.0457519 0.661246
9.9982E-05 0.16625 9.9982E-05 0.83355
9.998E-05 9.998E-05 9.998E-05 0.9997
9.998E-05 9.998E-05 9.998E-05 0.9997
9.9982E-05 0.161402 9.9982E-05 0.838398
9.9982E-05 0.038695 9.9982E-05 0.961105
9.998E-05 9.998E-05 9.998E-05 0.9997
9.998E-05 9.998E-05 9.998E-05 0.9997
9.9991E-05 0.115813 0.0403913 0.843696
9.9991E-05 0.0759262 0.0729915 0.850982
0.00377885 9.9991E-05 0.00134476 0.994776
0.1129 0.454258 9.9991E-05 0.432742
9.9991E-05 0.290757 0.0714925 0.63765
9.9991E-05 0.163127 0.0336998 0.803074
0.00499218 0.088308 0.0180986 0.888601
9.9982E-05 9.9982E-05 0.000236675 0.999563
9.9991E-05 0.0465573 0.0967151 0.856628
9.998E-05 9.998E-05 9.998E-05 0.9997
0.0597644 0.207858 0.00205677 0.730321
9.9982E-05 0.0933588 9.9982E-05 0.906441
0.472885 9.9991E-05 0.379984 0.147031
0.227726 0.412192 0.252497 0.107585
0.105616 0.484122 0.328083 0.0821796
0.413572 0.139845 0.255703 0.19088
0.142696 0.481659 0.131541 0.244103
0.344719 0.204465 0.232079 0.218738
0.190875 0.460381 0.211401 0.137343
0.274697 0.299158 0.178313 0.247831
0.216873 0.425818 0.114206 0.243103
0.181076 0.271198 0.223436 0.32429
0.0646905 0.587404 0.222412 0.125493
0.0657613 0.0395856 0.885237 0.00941553
9.9982E-05 9.9982E-05 0.947001 0.0527989
0.0196557 9.9982E-05 0.980144 9.9982E-05
9.9991E-05 0.010094 0.987885 0.0019208
9.9982E-05 9.9982E-05 0.926872 0.0729284
9.9982E-05 9.9982E-05 0.919212 0.0805875
9.9982E-05 9.9982E-05 0.914621 0.0851791
0.0689158 0.0187143 0.91227 9.9991E-05
9.9991E-05 0.0600217 0.932095 0.00778378
9.9991E-05 0.0244314 0.905311 0.0701577
0.345677 9.9991E-05 0.629179 0.0250443
0.310356 0.0164548 0.673089 9.9991E-05
0.411086 9.9982E-05 0.588714 9.9982E-05
0.399068 0.0345022 0.56633 9.9991E-05
0.168736 0.685201 0.145963 9.9991E-05
0.296364 0.630634 9.9991E-05 0.0729016
0.205514 0.731012 0.0633743 9.9991E-05
0.40096 0.58687 0.0120704 9.9991E-05
0.625724 0.27597 0.0345401 0.0637655
0.138165 0.768152 0.0805234 0.0131596
0.232926 0.766874 9.9982E-05 9.9982E-05
0.250633 0.716691 9.9991E-05 0.0325757
0.344626 0.627044 9.9991E-05 0.0282301
0.215019 0.645665 9.9991E-05 0.139216
0.301444 0.698356 9.9982E-05 9.9982E-05
0.87002 0.12978 9.9982E-05 9.9982E-05
0.154699 0.712614 0.0797428 0.052945
0.484788 0.489862 9.9991E-05 0.0252499
0.24558 0.722003 0.012182 0.0202353
0.690563 0.297004 0.012333 9.9991E-05
0.638463 0.0762997 0.285137 9.9991E-05
0.632673 0.114182 0.253045 9.9991E-05
0.821458 0.0344349 0.144007 9.9991E-05
0.682299 0.0717807 0.24582 9.9991E-05
0.714702 0.105431 0.179767 9.9991E-05
0.552238 0.190553 0.257051 0.000157978
9.9991E-05 0.0630561 0.911706 0.0251381
9.9991E-05 0.0437493 0.877478 0.0786726
9.9991E-05 0.0508519 0.762936 0.186112
0.00815693 0.059184 0.809466 0.123193
9.9991E-05 0.0650258 0.806691 0.128183
0.494817 9.9982E-05 0.504983 9.9982E-05
0.454426 9.9982E-05 0.545374 9.9982E-05
0.456445 0.0263163 0.517139 9.9991E-05
9.9991E-05 0.11086 0.862247 0.0267931
0.486884 0.00858719 0.504428 9.9991E-05
0.0620451 0.288604 0.230919 0.418432
0.0604644 0.514207 0.110831 0.314498
9.9991E-05 0.447484 0.195059 0.357357
0.11389 0.345931 0.27105 0.269129
0.00373234 0.570374 0.252857 0.173036
0.131003 9.9991E-05 0.479769 0.389128
0.383743 0.547226 0.0373247 0.0317068
0.436651 0.462449 0.0714779 0.0294217
0.489391 0.387647 0.122862 9.9991E-05
0.36665 0.542507 9.9991E-05 0.0907433
0.98672 9.9982E-05 9.9982E-05 0.0130802
0.13775 0.567858 0.17871 0.115682
0.269086 0.590092 0.0929714 0.047851
0.40037 0.493483 0.106048 9.9991E-05
0.187217 0.593701 0.100231 0.118851
0.738358 0.206844 0.00485863 0.0499401
0.338629 0.527779 9.9991E-05 0.133491
0.338529 0.610839 0.00777137 0.0428615
0.227675 0.430466 0.149399 0.19246
0.46181 0.430549 9.9991E-05 0.107542
0.341994 0.602344 0.018637 0.037025
0.289552 0.520662 9.9991E-05 0.189686
0.210212 0.687419 0.0928916 0.00947722
0.196311 0.602896 0.0609847 0.139809
0.164565 0.65445 0.050291 0.130694
0.19664 0.58894 0.146682 0.067738
9.9991E-05 0.0739944 0.769794 0.156112
9.9991E-05 0.0639437 0.85864 0.0773165
0.097514 0.035944 0.809726 0.056816
0.032259 0.0746564 0.869682 0.0234026
9.9991E-05 0.0967496 0.870184 0.0329668
0.545491 0.337832 0.0958905 0.0207867
0.192796 0.65406 0.066937 0.0862065
0.093717 0.407031 0.194659 0.304594
0.123669 0.730487 0.0397926 0.106051
0.262957 0.634105 0.0701242 0.0328142
0.465994 0.361843 0.0524173 0.119746
0.673442 0.1114 0.215058 9.9991E-05
0.289181 0.589609 0.0413304 0.0798795
0.552527 0.313149 0.134224 9.9991E-05
0.35969 0.411576 0.0871816 0.141552
0.525627 0.242888 0.231386 9.9991E-05
0.0727477 0.690287 0.130061 0.106904
0.515766 0.292274 0.178512 0.0134472
0.407872 0.367473 0.0837887 0.140867
0.28528 0.566 0.0608883 0.0878317
0.569456 0.331878 0.0160431 0.082623
0.243825 0.59784 0.0763801 0.0819548
0.18653 0.60422 0.153318 0.055932
0.503847 0.449433 0.00633144 0.0403882
0.236134 0.513085 0.0782984 0.172483
0.221816 0.651434 0.12665 9.9991E-05
0.763275 0.225494 9.9991E-05 0.0111314
0.545209 0.386512 0.0501282 0.0181509
0.366276 0.58199 0.0340346 0.0176994
0.699814 0.287377 0.012709 9.9991E-05
0.400953 0.57574 0.0232072 9.9991E-05
0.615918 0.231573 0.113719 0.0387899
0.617888 0.295915 9.9991E-05 0.0860968
0.297013 0.530299 0.154189 0.0184994
0.144297 0.667566 0.0705971 0.11754
0.539631 0.454004 0.00626497 9.9991E-05
0.193649 0.589284 0.130791 0.0862762
0.198277 0.663057 0.0658909 0.0727751
0.269332 0.524246 0.0902978 0.116124
0.22661 0.598538 0.0812245 0.0936267
0.259613 0.604452 0.0962856 0.0396488
0.543716 0.331989 0.0092295 0.115066
0.410591 0.437279 0.0704209 0.0817095
0.224283 0.672828 9.9991E-05 0.102789
0.094123 0.776329 0.107593 0.0219552
0.355757 0.491862 0.0941324 0.0582479
0.216503 0.606816 9.9991E-05 0.17658
0.34445 0.467687 0.118206 0.0696577
0.161644 0.731159 0.0311984 0.0759985
0.209235 0.575877 0.141656 0.0732327
0.237734 0.549016 0.104148 0.109102
0.0311702 0.441966 0.389926 0.136938
0.08127 0.427033 0.185403 0.306294
0.0949812 0.519811 0.197202 0.188006
0.109143 0.665056 0.0690417 0.156759
0.0287499 0.557846 0.198773 0.214631
0.36375 0.501182 9.9991E-05 0.134968
0.023396 0.555118 0.211931 0.209555
0.497464 9.9991E-05 0.247237 0.255199
0.108099 0.481384 0.135948 0.274569
0.13299 0.484741 0.0795647 0.302704
0.139334 0.467729 0.102054 0.290883
0.272694 0.306163 0.202092 0.219051
0.0343842 0.51077 0.23307 0.221776
0.00640043 0.568241 0.190016 0.235342
0.265068 9.9991E-05 0.458168 0.276663
0.058982 0.54647 0.183835 0.210713
9.9991E-05 0.563504 0.222667 0.213729
0.0907476 0.633971 0.146381 0.1289
0.0327365 0.462157 0.215346 0.289761
0.0847919 0.508717 0.240272 0.16622
0.340349 0.520025 0.0177864 0.121839
0.169495 0.627037 0.056489 0.146979
0.788057 0.155458 9.9991E-05 0.0563849
0.851604 0.0998698 9.9991E-05 0.0484262
0.224345 0.554927 0.0244964 0.196232
0.101019 0.395474 0.105981 0.397526
0.110945 0.3194 0.108784 0.460871
0.204289 0.14186 0.218367 0.435484
0.108177 0.34744 0.223319 0.321063
0.568247 0.104151 0.0805256 0.247076
0.459667 0.204762 0.125538 0.210033
0.214449 0.590205 9.9991E-05 0.195246
0.196372 0.597564 0.0668749 0.139189
0.433219 0.262635 0.0675508 0.236595
0.183589 0.578805 0.0423669 0.195239
0.27648 0.462672 9.9991E-05 0.260748
0.162934 0.547044 0.149127 0.140896
0.435071 0.4812 0.0836289 9.9991E-05
0.447624 0.434102 9.9991E-05 0.118174
0.211572 0.631049 9.9991E-05 0.15728
0.400456 0.457767 0.0364995 0.105277
0.345661 0.41774 0.0423434 0.194256
0.333664 0.642703 0.0129783 0.010655
0.577676 0.367383 0.00636405 0.0485776
0.169675 0.718903 0.0531428 0.0582794
0.571415 0.368897 9.9991E-05 0.0595881
0.355812 0.527995 0.0484251 0.0677683
0.150554 0.672149 0.0983312 0.0789666
0.300405 0.619094 0.0408431 0.0396574
0.133854 0.421313 0.196059 0.248774
0.132373 0.436817 0.200599 0.230211
0.161266 0.353309 0.210168 0.275257
0.202918 0.387789 0.147948 0.261346
0.115538 0.529327 0.171695 0.18344
0.112107 0.499774 0.185074 0.203045
0.550105 9.9991E-05 0.194386 0.255409
0.0489976 0.644782 0.0753034 0.230917
0.401833 9.9991E-05 0.366665 0.231403
0.154766 0.519998 0.0219201 0.303316
0.682099 0.2576 9.9991E-05 0.060201
0.861173 0.068613 9.9991E-05 0.0701142
0.330968 0.648066 9.9991E-05 0.0208657
0.166434 0.735726 0.00775333 0.0900869
0.422817 0.527924 9.9991E-05 0.0491589
0.282896 0.669487 9.9991E-05 0.0475169
0.25585 0.686869 9.9991E-05 0.0571819
0.0348715 0.0597628 0.819367 0.0859984
0.0956135 9.9991E-05 0.787574 0.116712
9.9982E-05 9.9982E-05 0.94211 0.0576901
9.9982E-05 0.017625 0.982175 9.9982E-05
0.308277 0.640508 9.9991E-05 0.0511155
0.182009 0.727712 0.0901786 9.9991E-05
0.218796 0.751119 0.0299845 9.9991E-05
0.0898958 0.772412 0.137593 9.9991E-05
0.150115 0.622403 0.179441 0.0480407
0.515915 0.481464 0.0025211 9.9991E-05
0.143085 0.820109 0.0367059 9.9991E-05
0.416848 0.582952 9.9982E-05 9.9982E-05
9.9991E-05 0.538963 0.275578 0.185359
0.351409 0.544909 9.9991E-05 0.103582
0.451176 0.522908 9.9991E-05 0.0258161
0.221048 0.778752 9.9982E-05 9.9982E-05
0.331299 0.645482 0.023119 9.9991E-05
0.191764 0.781183 9.9991E-05 0.026953
0.103743 0.8153 0.0808566 9.9991E-05
0.589385 0.410415 9.9982E-05 9.9982E-05
0.465879 0.515827 9.9991E-05 0.0181941
0.452384 0.524863 0.0226533 9.9991E-05
0.854385 0.145415 9.9982E-05 9.9982E-05
0.338331 0.567443 0.0593088 0.0349165
0.658926 0.311234 9.9991E-05 0.0297394
0.820919 0.167719 0.0112623 9.9991E-05
0.166287 0.728636 0.0200398 0.0850369
0.503455 0.477993 0.0184513 9.9991E-05
0.286675 0.687532 0.0135784 0.0122148
0.101627 0.714675 0.0780988 0.105599
0.268784 0.712007 0.0191088 9.9991E-05
0.442743 0.477303 9.9991E-05 0.0798543
0.211759 0.772865 9.9991E-05 0.0152758
0.318519 0.594107 0.0569556 0.0304192
0.429655 0.570146 9.9982E-05 9.9982E-05
0.157785 0.680303 0.0433546 0.118557
0.276113 0.00721467 0.716572 9.9991E-05
0.0937403 0.10091 0.805249 9.9991E-05
0.136279 9.9982E-05 0.863521 9.9982E-05
0.151974 9.9982E-05 0.847826 9.9982E-05
0.156271 0.0638067 0.779823 9.9991E-05
0.556498 0.422523 0.0208782 9.9991E-05
0.574541 0.367965 0.0573938 9.9991E-05
0.508322 0.491478 9.9982E-05 9.9982E-05
0.188298 0.576003 0.163904 0.0717956
0.153372 0.703261 0.143267 9.9991E-05
0.410302 0.566438 0.0231603 9.9991E-05
0.179887 0.757268 9.9991E-05 0.0627451
0.322275 0.609132 9.9991E-05 0.0684926
0.221588 0.737224 0.0227933 0.0183942
0.192061 0.680623 0.0514529 0.075863
0.488158 0.511642 9.9982E-05 9.9982E-05
0.388189 0.611611 9.9982E-05 9.9982E-05
0.372736 0.627064 9.9982E-05 9.9982E-05
0.163059 0.646681 0.156884 0.0333764
0.313347 0.686453 9.9982E-05 9.9982E-05
0.262652 0.641348 9.9991E-05 0.0959001
0.01686 0.443181 0.0909766 0.448983
0.0501379 0.329397 0.0842398 0.536225
9.9991E-05 0.405933 0.103034 0.490932
9.9991E-05 0.236579 0.187083 0.576239
0.0941137 0.367296 0.151468 0.387123
0.275671 0.608259 0.0181167 0.0979528
0.0585883 9.9991E-05 0.231652 0.70966
0.0327218 0.264564 0.180716 0.521998
0.216119 0.483672 0.154156 0.146053
0.0434936 0.745126 0.211281 9.9991E-05
0.29704 0.473925 0.123147 0.105888
0.191315 0.601335 0.0858986 0.121451
0.138356 0.665997 0.150242 0.0454042
9.9991E-05 0.239416 0.280326 0.480158
0.0650169 0.313431 0.0791356 0.542417
9.9991E-05 0.357482 0.0762659 0.566152
0.10966 0.426259 0.139101 0.32498
9.9991E-05 0.316828 0.0884683 0.594604
0.0697254 0.499377 0.150349 0.280549
0.00250428 0.241443 0.109831 0.646221
0.0773659 0.370951 0.15419 0.397493
0.274571 0.533825 0.025162 0.166442
0.0172019 0.345848 0.215826 0.421124
9.9991E-05 0.0999379 0.200407 0.699555
0.116212 0.327469 0.157024 0.399295
0.448187 0.328248 0.214834 0.00873115
0.18086 0.589643 0.00505975 0.224438
0.075581 0.462162 0.18886 0.273397
0.137752 0.733085 0.112025 0.0171385
0.191899 0.564295 0.203349 0.040456
0.130185 0.4682 0.188041 0.213574
0.0877632 0.381371 0.232302 0.298564
0.122375 0.627604 0.101206 0.148814
9.9991E-05 0.477003 0.174479 0.348418
9.9991E-05 0.366126 0.135264 0.49851
9.9991E-05 0.0962075 0.185214 0.718479
0.0824396 0.685283 0.185272 0.0470055
0.211269 0.606068 0.182562 9.9991E-05
0.521537 0.19405 0.156641 0.127772
0.0832095 0.668136 0.127427 0.121227
0.345341 0.422375 0.198754 0.0335303
0.043231 0.579966 0.217795 0.159008
0.142924 0.541943 0.140767 0.174367
0.381736 9.9991E-05 0.354013 0.264151
0.409899 9.9991E-05 0.357275 0.232726
0.393857 0.215082 0.0957121 0.295348
0.339643 0.0119329 0.334182 0.314242
0.214124 9.9991E-05 0.472372 0.313405
0.283191 0.40656 0.0593486 0.2509
0.209002 0.300583 0.239169 0.251246
0.288078 0.208554 0.252578 0.25079
0.34107 0.0412121 0.292056 0.325662
0.162783 0.484944 0.166647 0.185626
0.404132 0.144669 0.243326 0.207873
0.322297 9.9991E-05 0.518855 0.158749
0.0408879 0.603689 0.172371 0.183052
0.192563 0.315545 0.192216 0.299677
0.0106499 0.507277 0.36731 0.114763
9.9991E-05 0.520064 0.155636 0.324201
9.9991E-05 0.668193 0.194918 0.136789
0.0169273 0.492809 0.171025 0.319238
9.9991E-05 0.368868 0.377317 0.253715
9.9991E-05 0.594622 0.252418 0.15286
9.9991E-05 0.540178 0.164928 0.294794
0.121458 0.293468 0.283952 0.301122
0.219659 0.426121 0.190386 0.163834
0.0764598 0.564174 0.197412 0.161954
9.9991E-05 0.559725 0.197967 0.242208
0.0344385 0.661506 0.20252 0.101535
0.0154258 0.380762 0.254167 0.349645
0.0340719 0.529329 0.242898 0.1937
0.156964 0.172282 0.395048 0.275706
0.0351358 0.46006 0.176427 0.328376
0.203994 0.153753 0.236896 0.405357
0.159256 0.00905197 0.831592 9.9991E-05
0.603059 0.218466 0.178375 9.9991E-05
0.813716 0.00510958 0.181075 9.9991E-05
0.731098 0.084576 0.184226 9.9991E-05
0.776191 0.107678 0.116032 9.9991E-05
0.672277 0.146838 0.180786 9.9991E-05
0.638879 0.210169 0.150852 9.9991E-05
0.81135 9.9982E-05 0.18845 9.9982E-05
0.519991 0.0914747 0.388434 9.9991E-05
9.9991E-05 0.0284849 0.943891 0.0275246
0.0690359 0.0814433 0.849421 9.9991E-05
0.0121791 0.0546691 0.902346 0.0308061
0.042969 0.0735851 0.883346 9.9991E-05
9.9982E-05 9.9982E-05 0.905813 0.0939867
0.0294986 9.9991E-05 0.932818 0.0375836
9.9991E-05 0.0782179 0.753839 0.167843
9.9991E-05 0.0142159 0.897003 0.0886816
0.122815 0.0855959 0.756255 0.0353348
9.9982E-05 9.9982E-05 0.914127 0.0856732
0.0236961 9.9982E-05 0.976104 9.9982E-05
0.01997 0.0243296 0.889362 0.066338
9.998E-05 9.998E-05 0.9997 9.998E-05
9.9991E-05 0.0121413 0.930512 0.057247
9.9991E-05 0.10936 0.867292 0.0232478
9.9991E-05 0.0657712 0.846541 0.0875875
9.9991E-05 0.0487887 0.787681 0.16343
9.9991E-05 0.0873844 0.785342 0.127173
9.9991E-05 0.0767727 0.807248 0.11588
0.259508 0.503695 0.2116 0.0251973
0.0700789 0.813041 0.0884547 0.028425
0.0649627 0.606673 0.201227 0.127138
0.645792 0.121961 0.0913332 0.140914
0.176652 0.653735 0.169514 9.9991E-05
0.497546 0.206868 0.204216 0.0913705
0.160108 0.661418 0.128714 0.0497599
0.273021 0.610953 0.115925 9.9991E-05
0.141762 0.704594 0.153545 9.9991E-05
0.148956 0.758236 0.0869085 0.00589936
0.288305 0.592241 0.119354 9.9998E-05
0.130888 0.641751 0.0972332 0.130128
0.128862 0.675693 0.149367 0.0460772
0.751421 0.119517 0.00351265 0.12555
0.882044 9.9991E-05 0.0561823 0.0616742
0.582158 0.199481 0.109898 0.108463
0.0934826 0.681715 0.110022 0.114781
0.125277 0.736143 0.137688 0.000892072
0.186325 0.615897 0.154627 0.0431507
0.0248178 0.815027 0.0956929 0.0644626
9.9991E-05 0.581477 0.175451 0.242973
9.9991E-05 0.610336 0.222953 0.166611
0.203062 0.184132 0.429244 0.183562
0.0165483 0.67637 0.224446 0.0826354
0.133536 0.481825 0.184005 0.200634
0.335878 9.9991E-05 0.455529 0.208492
0.0513974 0.374973 0.303264 0.270365
0.144563 0.320598 0.376822 0.158018
0.068046 0.544845 0.32939 0.0577185
0.0669913 0.54124 0.179687 0.212081
0.083 0.512099 0.221802 0.183098
9.9991E-05 0.720844 0.153767 0.125289
0.100076 0.46666 0.223812 0.209452
9.9991E-05 0.310234 0.51479 0.174875
