0.136918 0.0891587 0.00637164 9.9964E-05 9.9964E-05 0.0249457 0.742206 9.9964E-05 9.9964E-05
0.000799284 0.0269807 9.9964E-05 0.018015 0.0306378 9.9964E-05 0.923167 9.9964E-05 9.9964E-05
0.0371015 0.0779079 0.0349785 9.9982E-05 9.9982E-05 0.00620011 0.720487 0.0285394 0.0945858
0.0728823 0.0360268 0.0493536 9.9982E-05 9.9982E-05 0.0524731 0.719374 0.0440893 0.0256012
0.0455426 9.9955E-05 9.9955E-05 9.9955E-05 9.9955E-05 0.031416 0.868377 9.9955E-05 0.0541647
0.0136387 0.0198365 0.0274107 0.14624 0.0312125 0.0671856 0.586122 0.0350335 0.0733206
9.9973E-05 0.0422803 0.0832558 0.0905151 9.9973E-05 9.9973E-05 0.760177 0.0107623 0.0127097
9.9982E-05 0.0333007 0.0808746 0.106044 9.9982E-05 0.0765919 0.661794 0.0374213 0.00377379
9.99729E-05 0.0140456 0.0302637 0.0830358 0.0147858 0.0505815 0.806988 9.99729E-05 9.99729E-05
0.114098 9.9973E-05 0.0494095 0.070023 9.9973E-05 9.9973E-05 0.668159 0.033589 0.0644214
9.9973E-05 0.0118622 0.0413915 0.0758018 9.9973E-05 0.0665065 0.743043 9.9973E-05 0.0610951
9.9955E-05 9.9955E-05 0.767834 9.9955E-05 9.9955E-05 9.9955E-05 0.0394987 0.0240405 0.168127
0.00374852 0.00769772 0.416368 9.9973E-05 9.9973E-05 0.0830254 9.9973E-05 0.0719084 0.416952
0.00827494 0.0205051 0.830092 9.9973E-05 9.9973E-05 9.9973E-05 0.0254159 0.0794685 0.0359439
0.108975 9.9955E-05 0.696426 9.9955E-05 9.9955E-05 9.9955E-05 9.9955E-05 0.0638412 0.130258
9.9973E-05 9.9973E-05 0.447605 0.0495318 0.00486588 9.9973E-05 0.0957102 0.131636 0.270351
9.9973E-05 0.0163081 0.307351 0.0278988 9.9973E-05 9.9973E-05 0.0313806 0.15611 0.460652
0.0486044 0.0427326 0.425123 0.0314647 0.0599842 0.023275 9.9991E-05 0.0827716 0.285944
0.115443 0.0142906 0.648426 9.9973E-05 9.9973E-05 9.9973E-05 0.071872 0.0143192 0.135349
9.9964E-05 0.0384987 0.784641 0.0945305 9.9964E-05 0.061738 0.0201917 9.9964E-05 9.9964E-05
9.9982E-05 0.0174356 0.450306 0.0322292 0.121408 9.9982E-05 0.0247266 0.0823812 0.271313
9.9982E-05 0.0501442 0.335693 0.107886 0.0231678 0.05048 9.9982E-05 0.0850811 0.347348
0.0923411 0.0032555 0.358014 0.0112304 0.0332623 0.0517346 9.9991E-05 0.0652108 0.384851
9.9964E-05 0.0164302 0.705377 9.9964E-05 0.015218 9.9964E-05 9.9964E-05 0.0942023 0.168372
0.177057 0.0223993 0.113493 0.0182883 9.9991E-05 0.0136609 0.0664579 0.0751239 0.51342
9.9973E-05 0.00421999 0.423517 9.9973E-05 9.9973E-05 0.0136391 0.0282044 0.0845953 0.445524
9.9955E-05 0.0437345 0.855267 9.9955E-05 9.9955E-05 9.9955E-05 0.0158354 0.0846628 9.9955E-05
9.9955E-05 9.9955E-05 0.790432 9.9955E-05 9.9955E-05 9.9955E-05 0.0249241 0.168803 0.0153414
9.9955E-05 9.9955E-05 0.776662 0.0722336 9.9955E-05 9.9955E-05 9.9955E-05 0.0106857 0.139919
9.993E-05 0.999201 9.993E-05 9.993E-05 9.993E-05 9.993E-05 9.993E-05 9.993E-05 9.993E-05
9.993E-05 0.999201 9.993E-05 9.993E-05 9.993E-05 9.993E-05 9.993E-05 9.993E-05 9.993E-05
9.9964E-05 0.392657 9.9964E-05 9.9964E-05 0.034111 9.9964E-05 0.437317 0.0108649 0.12465
0.14175 0.263828 9.9973E-05 9.9973E-05 0.0587422 9.9973E-05 0.491498 0.0148444 0.0290371
9.9964E-05 0.0126283 9.9964E-05 0.105748 0.234825 0.115967 9.9964E-05 9.9964E-05 0.530432
0.0872113 0.00316282 0.0501492 9.9982E-05 0.1751 0.0875856 0.102375 9.9982E-05 0.494217
9.9973E-05 0.00569498 9.9973E-05 0.0291391 0.377129 9.9973E-05 0.00931138 0.0653112 0.513114
0.0136444 0.00904843 0.642125 0.0202918 0.021897 0.185211 0.0696743 0.0338596 0.00424838
9.9982E-05 0.0614185 9.9982E-05 0.0589891 0.469229 0.0336811 0.0161953 0.0352427 0.325044
0.123033 9.9982E-05 0.189509 9.9982E-05 0.0920647 0.0205927 0.0654064 0.0878296 0.421365
0.0136133 9.9955E-05 9.9955E-05 9.9955E-05 0.204257 9.9955E-05 0.0506493 9.9955E-05 0.730981
9.9973E-05 0.0606711 9.9973E-05 0.160773 0.0804141 0.0530134 0.0222559 9.9973E-05 0.622573
0.021442 0.122623 0.0268192 9.9982E-05 0.148071 0.0203447 9.9982E-05 0.0759057 0.584595
9.9964E-05 0.0580569 0.185615 9.9964E-05 0.679619 9.9964E-05 0.0228636 9.9964E-05 0.0534455
0.0929312 9.9982E-05 0.163498 0.0996593 0.0199841 9.9982E-05 0.0648019 0.0270947 0.531831
0.0990084 0.0411646 9.9973E-05 0.0545759 0.308068 9.9973E-05 9.9973E-05 0.0612627 0.43562
9.9973E-05 0.0928907 9.9973E-05 9.9973E-05 0.166961 0.0670176 0.119221 0.0448266 0.508783
0.02714 9.9946E-05 9.9946E-05 9.9946E-05 0.69844 9.9946E-05 9.9946E-05 9.9946E-05 0.273821
0.0213284 0.052295 0.0363019 9.9991E-05 0.292658 0.0215436 0.00700423 0.0675736 0.501195
0.114508 9.9973E-05 9.9973E-05 9.9973E-05 0.256634 0.0803536 0.0746251 0.0351282 0.438451
9.9946E-05 9.9946E-05 9.9946E-05 0.242148 0.661997 9.9946E-05 0.0952561 9.9946E-05 9.9946E-05
9.9964E-05 9.9964E-05 0.548622 0.124773 0.0929927 0.111242 9.9964E-05 9.9964E-05 0.12197
0.0498838 9.9955E-05 0.440002 0.364679 0.144935 9.9955E-05 9.9955E-05 9.9955E-05 9.9955E-05
0.0840103 0.0257871 0.102167 0.0373835 0.050058 0.118269 9.9991E-05 0.0809569 0.501268
0.0980479 9.9973E-05 0.152942 0.0509317 9.9973E-05 9.9973E-05 0.10466 0.0642507 0.528868
0.226552 9.9991E-05 0.0299161 0.0580836 0.0140308 0.0774792 0.0168976 0.0299444 0.546997
9.9982E-05 0.0331902 0.208336 0.0669898 0.263353 0.134445 0.102994 9.9982E-05 0.190492
0.0634404 0.0108711 0.21442 9.9973E-05 0.0240922 0.103608 9.9973E-05 9.9973E-05 0.583268
0.0981765 0.0172542 0.212703 0.071444 9.9991E-05 0.0152429 0.0546223 0.0394384 0.491019
9.9991E-05 0.0681027 0.216108 0.0277933 0.15897 0.0381502 0.115568 0.0360199 0.339188
0.0643875 0.058073 0.51768 0.129784 0.0682612 0.0328362 0.128717 0.000161408 9.9991E-05
0.0967444 0.0122562 0.109641 0.020304 0.088727 0.057021 0.0118244 9.9991E-05 0.603382
0.228974 0.00628878 0.362081 0.00835361 0.0756601 0.051091 9.9982E-05 9.9982E-05 0.267351
9.9973E-05 0.0518358 0.680516 0.101033 0.0528344 0.095959 0.0175222 9.9973E-05 9.9973E-05
0.133011 9.9964E-05 0.449801 0.0288051 0.036524 9.9964E-05 9.9964E-05 9.9964E-05 0.351459
0.184888 0.0549313 0.0999821 9.9991E-05 0.0864977 0.0630897 0.00384741 0.0755845 0.431079
0.0362672 0.0784424 0.289963 9.9982E-05 9.9982E-05 0.0444908 0.000344699 0.0320079 0.518285
9.9991E-05 0.0034027 0.502869 0.0459552 0.0769406 0.0693703 0.0542602 0.0629375 0.184164
0.0431339 0.113975 0.373927 0.0589296 0.0210931 9.9973E-05 9.9973E-05 9.9973E-05 0.388641
0.0867172 0.0321934 0.0894276 0.00123158 0.0408447 0.204326 0.0254225 9.9991E-05 0.519737
9.9973E-05 0.0571997 0.578172 0.0758419 0.0275723 0.114699 9.9973E-05 9.9973E-05 0.146215
9.9955E-05 0.0154549 9.9955E-05 9.9955E-05 0.421057 0.0447219 9.9955E-05 9.9955E-05 0.518267
9.9964E-05 0.0588047 0.0915511 9.9964E-05 0.629134 0.040059 9.9964E-05 9.9964E-05 0.180052
0.0230902 9.9973E-05 9.9973E-05 9.9973E-05 0.208655 0.105629 0.125443 0.0578888 0.478995
9.9946E-05 9.9946E-05 9.9946E-05 0.0862427 0.885685 9.9946E-05 0.0274729 9.9946E-05 9.9946E-05
9.9955E-05 9.9955E-05 0.0704803 0.0909604 0.821588 9.9955E-05 9.9955E-05 9.9955E-05 0.0164715
9.9964E-05 9.9964E-05 0.0634108 9.9964E-05 0.670523 0.00521738 9.9964E-05 0.0224241 0.238025
9.9964E-05 0.0360656 0.00127999 9.9964E-05 0.508971 9.9964E-05 0.0717967 9.9964E-05 0.381486
0.0999153 0.0801084 0.0825841 9.9991E-05 0.111295 0.0736485 0.0346178 0.0647932 0.452938
0.107147 0.0160418 0.0788187 9.9982E-05 0.357029 0.0506801 9.9982E-05 0.0105617 0.379522
9.9982E-05 0.0145476 0.108883 9.9982E-05 0.558926 0.0837717 0.0637973 0.0511976 0.118676
9.9973E-05 0.0314845 0.117108 9.9973E-05 0.403028 0.181544 0.00303471 9.9973E-05 0.2635
0.0801833 0.046059 9.9991E-05 0.00638291 0.295871 0.0378853 0.0263859 0.118056 0.389076
9.9973E-05 0.0414027 0.194062 9.9973E-05 0.522503 9.9973E-05 0.00781198 0.0184307 0.21549
0.0156883 0.045578 0.109466 9.9973E-05 0.427531 9.9973E-05 0.0489352 9.9973E-05 0.352501
9.9955E-05 0.0128672 9.9955E-05 0.0494867 0.529324 9.9955E-05 9.9955E-05 9.9955E-05 0.407822
9.9955E-05 9.9955E-05 0.0618198 0.217196 0.706057 9.9955E-05 0.0144278 9.9955E-05 9.9955E-05
0.0443846 0.0301953 0.00363953 0.0187707 0.242736 0.0774467 9.9982E-05 9.9982E-05 0.582627
0.0810302 0.0346533 0.0640212 9.9973E-05 0.0209549 9.9973E-05 0.755288 9.9973E-05 0.0437523
0.0306648 0.124636 9.9955E-05 9.9955E-05 9.9955E-05 9.9955E-05 0.797653 9.9955E-05 0.0465466
0.131208 0.125554 9.9964E-05 9.9964E-05 9.9964E-05 0.026983 0.705083 9.9964E-05 0.0107718
0.109256 0.106301 9.9964E-05 9.9964E-05 0.0111109 9.9964E-05 0.771429 9.9964E-05 0.00150351
0.141483 0.111933 0.0109634 9.9973E-05 0.0175492 9.9973E-05 0.714008 9.9973E-05 0.0037638
0.0251716 0.0485409 9.9982E-05 0.00880752 9.9982E-05 0.0361432 0.800276 0.0564069 0.024454
0.0732701 0.0427433 9.99551E-05 9.99551E-05 9.99551E-05 9.99551E-05 0.840284 9.99551E-05 0.0432031
0.118631 0.0023982 0.01187 9.9982E-05 0.295631 9.9982E-05 0.135694 0.0359868 0.399589
0.242698 9.9964E-05 9.9964E-05 9.9964E-05 0.295111 0.0207756 0.0571913 9.9964E-05 0.383824
9.9946E-05 9.9946E-05 0.135147 9.9946E-05 0.800867 9.9946E-05 0.0633868 9.9946E-05 9.9946E-05
9.9991E-05 0.0781102 0.0139086 0.0962438 0.126427 0.00465555 0.0853159 0.0447963 0.550443
9.9973E-05 9.9973E-05 0.102538 9.9973E-05 0.391794 0.0198803 0.0509901 0.0538054 0.380692
0.023804 0.0501761 9.9973E-05 9.9973E-05 0.293907 9.9973E-05 0.0339138 0.00111427 0.596785
9.9973E-05 0.0330998 0.000631182 9.9973E-05 0.328602 9.9973E-05 0.026234 0.0579759 0.553157
9.9964E-05 0.0190446 9.9964E-05 9.9964E-05 0.489029 0.00721737 9.9964E-05 0.0744315 0.409878
9.9964E-05 9.9964E-05 0.170133 0.0397847 0.6746 0.0671499 0.0479325 9.9964E-05 9.9964E-05
9.9982E-05 9.9982E-05 0.0337228 0.0480876 0.146048 0.00317029 0.132714 0.0490023 0.587055
0.12992 9.9973E-05 0.0514321 9.9973E-05 0.067142 9.9973E-05 0.0514348 0.0380411 0.66173
9.9982E-05 0.00988805 0.113313 0.0487382 0.0832545 9.9982E-05 0.127403 0.0343569 0.582846
9.9973E-05 0.0219526 0.0133526 0.115192 0.526832 9.9973E-05 9.9973E-05 0.0427151 0.279656
0.0802949 0.01038 9.9973E-05 0.0060533 0.382517 9.9973E-05 9.9973E-05 0.0131422 0.507313
9.9964E-05 0.0203394 0.121458 9.9964E-05 0.33184 9.9964E-05 0.0428205 9.9964E-05 0.483142
9.9946E-05 9.9946E-05 9.9946E-05 9.9946E-05 0.615707 9.9946E-05 9.9946E-05 0.148065 0.235628
0.0788116 9.9973E-05 0.0444341 9.9973E-05 0.37677 0.00238096 0.0747535 9.9973E-05 0.42255
9.9982E-05 0.0259141 9.9982E-05 0.0249306 0.195226 0.0921013 0.117649 0.0236226 0.520356
0.141791 0.0245378 0.499993 0.125596 0.115 9.9973E-05 9.9973E-05 9.9973E-05 0.0927808
9.9973E-05 0.076404 0.317931 9.9973E-05 9.9973E-05 0.115674 0.0806389 0.0310466 0.378006
0.0854848 9.9982E-05 0.0514817 0.152284 9.9982E-05 0.0924165 0.0539425 0.00119447 0.562996
0.0554771 0.0261695 0.0922668 0.0535198 9.9991E-05 0.080902 0.0393336 0.0773093 0.574922
0.075693 0.0527268 0.495326 0.0123178 0.00255936 9.9973E-05 9.9973E-05 9.9973E-05 0.361077
0.0138407 9.9973E-05 0.246423 9.9973E-05 0.0304343 0.102025 0.0331408 9.9973E-05 0.573837
0.100717 9.9964E-05 0.301767 9.9964E-05 9.9964E-05 0.169878 0.0341731 9.9964E-05 0.393065
0.0550526 0.05501 0.023652 9.9991E-05 0.189965 0.165805 0.0875727 0.0059452 0.416898
0.00750929 9.9982E-05 0.170155 9.9982E-05 0.0504718 0.113146 0.0599392 0.0241933 0.574385
0.0175598 0.0221156 0.183532 9.9982E-05 0.196432 0.0538936 0.0727055 9.9982E-05 0.453562
9.9964E-05 0.0253467 0.270513 9.9964E-05 0.0432058 0.178684 9.9964E-05 9.9964E-05 0.481851
0.0983714 0.0262131 9.9982E-05 0.121379 0.0931029 0.117268 9.9982E-05 0.0806719 0.462793
0.129241 9.9982E-05 0.130691 0.0273768 0.0342256 0.0953201 0.0470516 9.9982E-05 0.535893
0.0114138 9.9982E-05 0.250573 9.9982E-05 0.107736 0.0725579 0.0270537 0.0768955 0.45357
0.111934 0.0176125 0.041181 0.100994 0.0265564 0.145862 9.9991E-05 0.0552687 0.500491
0.116103 0.0361737 0.0853288 9.9982E-05 0.128238 0.147634 9.9982E-05 0.0182231 0.468099
0.138632 0.0559781 0.31703 0.153285 0.0207043 0.0735388 9.9982E-05 9.9982E-05 0.240632
0.141782 0.0297661 0.249758 0.014413 0.0517228 9.9982E-05 9.9982E-05 0.0202071 0.492151
0.157596 9.9973E-05 0.0974574 0.0399875 9.9973E-05 0.080278 9.9973E-05 0.00552945 0.618852
0.00649646 0.00353576 0.34457 0.0137808 0.154617 0.202956 0.0399336 0.0560515 0.17806
0.0376759 9.9991E-05 0.388978 0.330546 0.0410452 0.0290978 0.0282528 0.0260373 0.118267
0.137837 9.9982E-05 0.152365 0.0486509 0.0126818 0.148843 9.9982E-05 0.0594594 0.439963
9.9973E-05 9.9973E-05 0.250741 0.298405 0.136425 0.155576 9.9973E-05 0.0351798 0.123374
9.9973E-05 9.9973E-05 0.500034 9.9973E-05 0.0478858 0.116203 0.0616356 0.0171291 0.256812
9.9973E-05 9.9973E-05 0.338029 0.0399815 0.121438 0.0557517 0.0320721 9.9973E-05 0.412428
9.9973E-05 0.0175641 0.479006 9.9973E-05 0.0675936 0.115994 0.0393876 9.9973E-05 0.280155
9.9982E-05 9.9982E-05 0.416177 0.0102666 0.0334169 0.206311 0.055222 0.0371734 0.241234
0.152856 0.0277967 0.130173 0.0462642 9.9991E-05 0.0726055 0.0243532 0.030946 0.514905
0.0707473 9.9991E-05 0.0990399 0.029735 0.0736888 0.168206 0.0685134 0.140087 0.349882
0.0461297 9.9982E-05 0.283531 0.037051 0.0826802 0.0466238 9.9982E-05 0.0697358 0.434048
0.00285973 9.9982E-05 0.436117 0.281355 0.0485623 0.0505955 9.9982E-05 0.0744565 0.105854
9.9991E-05 0.0302508 0.0596406 0.0852213 0.0947684 0.0849942 0.0284861 0.0721923 0.544346
0.0141271 0.0127666 9.9991E-05 0.224852 0.101923 0.0628425 0.0487971 0.0870283 0.447564
0.0243844 9.9973E-05 0.187326 0.529969 0.120883 0.0348091 0.102328 9.9973E-05 9.9973E-05
9.9964E-05 9.9964E-05 9.9964E-05 0.220629 0.00859603 9.9964E-05 0.130201 0.0525965 0.587577
0.0618019 0.0179711 0.0791849 0.261907 0.17777 0.0420294 0.0352776 9.9991E-05 0.323958
0.0754444 9.9982E-05 0.0844337 0.193348 0.0479099 0.0303513 0.0453543 9.9982E-05 0.522959
0.0145286 0.0493118 0.147896 0.405842 0.0475397 0.0323587 0.0332801 0.00198309 0.267261
9.9982E-05 0.0233733 0.0411725 0.491089 0.0259462 0.112703 0.0193186 9.9982E-05 0.286197
0.0353317 9.9982E-05 0.0669045 0.258283 0.129354 0.0523212 0.0354013 9.9982E-05 0.422205
0.0878688 0.0267264 0.0842765 0.104355 0.0591235 0.0790589 0.0125794 0.00123141 0.54478
9.9982E-05 0.000782236 0.145078 0.102229 0.121169 9.9982E-05 0.176399 0.0605806 0.393562
0.079439 0.0308395 0.212361 0.358295 0.181392 0.0133138 0.0285108 0.0957493 9.9991E-05
0.0576955 0.0107326 0.0846918 0.134828 9.9991E-05 0.0280552 0.0183585 0.0595383 0.606
9.9955E-05 9.9955E-05 0.300391 0.268503 0.0205925 9.9955E-05 9.9955E-05 9.9955E-05 0.410013
0.0245588 9.9973E-05 0.191367 0.199548 0.114541 9.9973E-05 0.00541588 9.9973E-05 0.46427
0.0161247 0.0288009 0.00836828 0.0554573 0.178056 0.0280435 0.093007 0.0746758 0.517466
0.235304 0.0854593 0.0440017 0.202218 9.9982E-05 9.9982E-05 0.195145 0.130186 0.107486
0.200057 0.00961703 9.9955E-05 0.33126 9.9955E-05 9.9955E-05 0.458565 9.9955E-05 9.9955E-05
9.9955E-05 0.0842022 9.9955E-05 0.437343 9.9955E-05 9.9955E-05 0.362702 0.115254 9.9955E-05
0.42461 0.0246378 9.9973E-05 0.157082 9.9973E-05 9.9973E-05 0.272856 0.115594 0.00492014
9.9946E-05 9.9946E-05 9.9946E-05 0.296942 9.9946E-05 9.9946E-05 9.9946E-05 0.0477471 0.654712
0.00620876 0.0546951 0.137268 0.102447 0.0855876 0.0180819 0.0147733 0.0526779 0.52826
9.9964E-05 0.0209688 0.0280653 9.9964E-05 0.0328358 9.9964E-05 9.9964E-05 0.622861 0.294869
0.0615778 9.9973E-05 0.0555028 9.9973E-05 0.124535 0.048243 9.9973E-05 0.407126 0.302716
0.156805 9.9973E-05 9.9973E-05 0.0659369 9.9973E-05 0.096714 0.029717 0.274235 0.376292
9.9955E-05 9.9955E-05 9.9955E-05 0.482979 0.0587961 9.9955E-05 9.9955E-05 0.0246903 0.433035
0.13289 9.9982E-05 0.0911607 0.172942 0.106106 0.0157921 9.9982E-05 0.0936208 0.387288
9.9964E-05 0.0160993 0.0654595 0.581301 0.0660939 9.9964E-05 9.9964E-05 9.9964E-05 0.270647
0.0205018 9.9982E-05 0.0574336 0.221665 0.017433 0.0344852 0.0199217 9.9982E-05 0.62836
9.9982E-05 9.9982E-05 0.0792404 0.245736 0.0639537 0.0398365 0.0357944 0.027592 0.507647
9.9982E-05 9.9982E-05 0.0543841 0.235578 0.0444923 0.00186837 0.0260593 0.0373824 0.600036
9.9955E-05 9.9955E-05 0.116411 0.513633 0.0809796 9.9955E-05 9.9955E-05 9.9955E-05 0.288477
0.100634 9.9982E-05 9.9982E-05 0.107656 0.0306787 0.0585464 0.0123645 0.053565 0.636355
9.9964E-05 9.9964E-05 9.9964E-05 0.190262 0.0311623 0.015551 0.102931 9.9964E-05 0.659693
9.9955E-05 9.9955E-05 9.9955E-05 0.0102363 0.00455296 9.9955E-05 9.9955E-05 0.952702 0.0320084
9.9946E-05 9.9946E-05 0.0516468 9.9946E-05 9.9946E-05 9.9946E-05 9.9946E-05 0.892745 0.0550083
0.0497863 9.9982E-05 0.0382732 9.9982E-05 0.0736112 0.02455 0.0252729 0.528162 0.260144
0.0606986 0.0238921 9.9964E-05 9.9964E-05 9.9964E-05 0.0398116 9.9964E-05 0.644391 0.230807
9.9964E-05 0.00889125 9.9964E-05 9.9964E-05 9.9964E-05 0.0487652 0.00436855 0.799986 0.137589
9.993E-05 9.993E-05 9.993E-05 9.993E-05 9.993E-05 9.993E-05 9.993E-05 0.999201 9.993E-05
0.00654908 0.0114386 0.00366401 9.9973E-05 0.01515 0.0427233 9.9973E-05 0.920175 9.9973E-05
0.0391219 9.9946E-05 9.9946E-05 9.9946E-05 9.9946E-05 9.9946E-05 9.9946E-05 0.810055 0.150223
9.9946E-05 9.9946E-05 0.0288246 9.9946E-05 9.9946E-05 0.0108129 9.9946E-05 0.959763 9.9946E-05
9.9937E-05 0.00783112 9.9937E-05 9.9937E-05 9.9937E-05 9.9937E-05 9.9937E-05 0.991469 9.9937E-05
9.9937E-05 0.0338696 9.9937E-05 9.9937E-05 9.9937E-05 9.9937E-05 9.9937E-05 0.965431 9.9937E-05
9.9973E-05 0.0628033 0.00783194 0.0372338 9.9973E-05 9.9973E-05 0.0260612 0.692869 0.172901
0.171269 9.9964E-05 9.9964E-05 9.9964E-05 9.9964E-05 0.0944342 0.0158964 0.690268 0.0277325
9.9946E-05 0.0286405 9.9946E-05 9.9946E-05 9.9946E-05 0.00892271 9.9946E-05 0.961837 9.9946E-05
0.19479 9.9973E-05 0.0195561 0.0644437 9.9973E-05 0.0700154 9.9973E-05 0.357655 0.29324
9.9982E-05 0.0532425 9.9982E-05 0.0119504 0.0488103 0.0256922 0.0369219 0.536296 0.286886
0.15054 0.0590139 9.9973E-05 9.9973E-05 9.9973E-05 0.0304142 0.00911628 0.630684 0.119931
0.0137975 0.0294838 0.0380566 9.9964E-05 9.9964E-05 9.9964E-05 9.9964E-05 0.865027 0.0532352
0.150623 9.9937E-05 9.9937E-05 9.9937E-05 9.9937E-05 9.9937E-05 9.9937E-05 0.848677 9.9937E-05
0.15523 0.0208929 9.9973E-05 9.9973E-05 9.9973E-05 0.011833 0.0349321 0.729435 0.0473774
0.104184 0.0102148 9.9946E-05 9.9946E-05 9.9946E-05 9.9946E-05 9.9946E-05 0.885001 9.9946E-05
0.147595 9.9964E-05 9.9964E-05 9.9964E-05 0.0133368 0.112616 9.9964E-05 0.473832 0.252221
9.9964E-05 9.9964E-05 0.0451105 0.00792069 0.0110665 9.9964E-05 0.050592 0.88491 9.9964E-05
0.0303509 9.9973E-05 0.0364474 0.57027 0.0306489 9.9973E-05 0.276875 0.0551079 9.9973E-05
9.9991E-05 0.0373754 0.00680925 0.23291 0.0038136 0.0382635 0.178125 0.0530979 0.449505
0.0950355 9.9982E-05 9.9982E-05 0.208533 0.0601416 0.0081224 0.214978 0.0425266 0.370463
0.16418 0.0544181 9.9982E-05 0.408181 9.9982E-05 0.0287062 0.108075 0.0171609 0.219079
0.189366 0.0253336 0.050744 0.109233 0.0062058 0.0838726 0.0720642 0.100348 0.362833
0.204517 0.0394289 0.0163166 0.34886 0.0341814 9.9991E-05 0.175684 0.0254506 0.155461
0.123087 0.054897 0.0674907 0.136567 9.9973E-05 9.9973E-05 0.153049 9.9973E-05 0.46461
0.0241925 0.00366559 9.9982E-05 0.345535 0.00447096 9.9982E-05 0.0873722 0.196466 0.338097
0.104557 0.0926794 9.9982E-05 0.243758 9.9982E-05 0.0448545 0.0643773 0.0813614 0.368212
0.120969 0.0764096 9.9973E-05 0.298889 9.9973E-05 9.9973E-05 0.0683389 0.114535 0.320559
0.00723431 0.0189334 0.102256 0.147475 9.9982E-05 9.9982E-05 0.160939 0.123286 0.439676
9.9964E-05 9.9964E-05 9.9964E-05 0.0109989 0.0211551 0.0691111 0.825988 9.9964E-05 0.0723468
0.0459114 0.0687272 9.9964E-05 0.00191751 9.9964E-05 9.9964E-05 0.804761 0.0782835 9.9964E-05
0.0349005 0.0468026 0.0174588 9.9964E-05 9.9964E-05 0.00404698 0.896391 9.9964E-05 9.9964E-05
9.9955E-05 0.0352032 9.9955E-05 9.9955E-05 9.9955E-05 0.0452249 0.89682 9.9955E-05 0.0222523
0.0450214 0.1502 0.0664522 9.9964E-05 9.9964E-05 0.00466252 0.733264 9.9964E-05 9.9964E-05
0.143178 0.0589214 9.9955E-05 9.9955E-05 9.9955E-05 9.9955E-05 0.777253 0.0201482 9.9955E-05
0.0643188 0.0680784 9.9955E-05 9.9955E-05 9.9955E-05 9.9955E-05 0.808751 0.0583518 9.9955E-05
0.0602956 0.0329154 9.9964E-05 0.0520873 0.0272909 9.9964E-05 0.827011 9.9964E-05 9.9964E-05
0.0848775 0.00744293 9.9955E-05 9.9955E-05 0.0388477 9.9955E-05 0.868332 9.9955E-05 9.9955E-05
0.188918 9.9946E-05 9.9946E-05 0.00255225 9.9946E-05 9.9946E-05 0.80793 9.9946E-05 9.9946E-05
9.9973E-05 0.0294708 0.240442 0.0103639 0.0567669 0.0675785 0.595078 9.9973E-05 9.9973E-05
0.00610695 0.0358299 0.253117 9.9964E-05 9.9964E-05 0.158874 0.545672 9.9964E-05 9.9964E-05
9.9964E-05 0.0232316 0.210886 0.153827 9.9964E-05 0.119721 0.491935 9.9964E-05 9.9964E-05
9.9964E-05 9.9964E-05 0.363034 0.0627597 0.00135832 0.0752587 0.49719 9.9964E-05 9.9964E-05
0.0202466 0.0501956 0.0620445 9.9982E-05 0.239937 0.133675 9.9982E-05 0.00164666 0.492055
0.0523961 9.9982E-05 0.0370754 9.9982E-05 0.326768 0.032454 0.0236336 0.045779 0.481694
0.079923 9.9982E-05 0.157021 0.00203206 0.151666 0.108561 9.9982E-05 0.0295976 0.470999
9.9973E-05 0.0356077 0.384162 0.0489794 0.194003 0.0368694 9.9973E-05 9.9973E-05 0.300079
9.9964E-05 9.9964E-05 0.504204 0.0243218 0.0823106 0.245218 9.9964E-05 9.9964E-05 0.143546
9.9973E-05 9.9973E-05 0.0764557 9.9973E-05 0.160634 0.0207712 0.0811994 0.0385927 0.622047
9.9973E-05 9.9973E-05 0.140709 0.0682208 0.195597 9.9973E-05 0.00396817 0.0648188 0.526386
0.0233331 0.0208034 0.0246913 0.07338 0.306371 0.0414589 9.9982E-05 9.9982E-05 0.509763
9.9955E-05 9.9955E-05 9.9955E-05 0.10019 0.45205 9.9955E-05 9.9955E-05 0.0297136 0.417546
9.9973E-05 9.9973E-05 9.9973E-05 0.0143632 0.144007 0.129178 0.0216108 0.119809 0.570732
0.0223525 0.00191283 0.0115542 9.9982E-05 0.419838 0.101599 0.000371668 9.9982E-05 0.442172
9.9955E-05 9.9955E-05 0.0630583 0.15584 0.71876 0.0618414 9.9955E-05 9.9955E-05 9.9955E-05
0.0648232 9.9982E-05 0.100223 0.0357121 0.0504087 0.0661685 0.070671 9.9982E-05 0.611794
0.0112346 9.9973E-05 0.00691536 0.157048 0.534446 0.0324965 9.9973E-05 9.9973E-05 0.257559
0.0357757 0.0327425 0.013378 9.9964E-05 0.439424 9.9964E-05 9.9964E-05 9.9964E-05 0.47828
9.9964E-05 9.9964E-05 0.127755 9.9964E-05 0.602749 0.110608 0.0685087 9.9964E-05 0.0899788
0.0691883 9.9946E-05 9.9946E-05 0.172235 9.9946E-05 0.757977 9.9946E-05 9.9946E-05 9.9946E-05
9.9955E-05 9.9955E-05 9.9955E-05 0.0768429 9.9955E-05 0.783241 0.0519908 9.9955E-05 0.0874256
9.9946E-05 9.9946E-05 9.9946E-05 0.1121 9.9946E-05 0.86426 9.9946E-05 9.9946E-05 0.0230407
9.9964E-05 9.9964E-05 9.9964E-05 0.0168807 0.0229265 0.844056 0.0747623 9.9964E-05 0.0409745
9.9964E-05 9.9964E-05 0.0181328 0.11803 9.9964E-05 0.76018 9.9964E-05 0.0381356 0.0651219
0.0016727 9.9973E-05 9.9973E-05 0.00394247 9.9973E-05 0.828779 0.0409226 0.00742136 0.116962
0.069246 0.0457978 9.9964E-05 9.9964E-05 0.0227597 9.9964E-05 0.809354 9.9964E-05 0.0524431
0.0690654 0.0164376 0.0305245 9.9973E-05 9.9973E-05 0.0602784 0.772087 9.9973E-05 0.0513076
9.9955E-05 0.0507698 9.9955E-05 9.9955E-05 9.9955E-05 9.9955E-05 0.724947 0.0941114 0.129672
9.9964E-05 0.0457424 0.0965067 9.9964E-05 9.9964E-05 9.9964E-05 0.709328 0.116532 0.0314909
9.9955E-05 0.00517266 9.9955E-05 9.9955E-05 9.9955E-05 9.9955E-05 0.785061 0.0881234 0.121143
9.9964E-05 0.0221203 0.125481 0.0769369 9.9964E-05 0.446306 0.328757 9.9964E-05 9.9964E-05
9.9955E-05 9.9955E-05 9.9955E-05 0.162003 0.0636718 0.348484 0.425341 9.9955E-05 9.9955E-05
0.0272636 0.0373069 9.9973E-05 0.00178921 0.148208 0.430527 0.354605 9.9973E-05 9.9973E-05
9.993E-05 0.999201 9.993E-05 9.993E-05 9.993E-05 9.993E-05 9.993E-05 9.993E-05 9.993E-05
9.9973E-05 0.00836502 0.0734161 0.0711137 0.0608919 0.41869 0.367223 9.9973E-05 9.9973E-05
0.409764 9.9973E-05 0.0386097 0.120171 9.9973E-05 9.9973E-05 0.131744 0.154594 0.144818
0.0834551 9.9982E-05 0.0745001 0.014081 0.0263736 9.9982E-05 0.101345 0.261695 0.43835
0.260933 9.9982E-05 0.0236138 9.9982E-05 0.0170521 0.0144822 0.0821036 0.184076 0.417539
0.0690164 0.0322143 0.0548253 0.0943793 9.9982E-05 9.9982E-05 0.23595 0.116331 0.397083
0.2028 0.0513452 0.106341 9.9982E-05 0.0135941 9.9982E-05 0.118852 0.118011 0.388857
0.264413 9.9955E-05 9.9955E-05 0.244402 9.9955E-05 9.9955E-05 0.375035 0.11565 9.9955E-05
0.0254835 9.9982E-05 0.325706 0.036609 0.128865 0.106268 0.0319714 9.9982E-05 0.344896
0.0634066 0.00607262 0.208041 0.180847 0.135024 0.0464705 0.00553209 9.9991E-05 0.354506
9.9964E-05 0.0450003 0.637334 9.9964E-05 9.9964E-05 0.0766881 0.0892291 9.9964E-05 0.151349
9.9982E-05 0.00945632 0.159041 0.147133 0.17566 0.0338109 9.9982E-05 0.0240354 0.450662
9.9955E-05 9.9955E-05 0.14785 0.490992 0.346284 0.0143742 9.9955E-05 9.9955E-05 9.9955E-05
0.0547069 0.0244924 0.194111 9.9991E-05 0.0300354 0.00844545 0.106469 0.109568 0.472072
0.208398 0.0100604 0.227246 9.9973E-05 0.124035 0.083706 9.9973E-05 9.9973E-05 0.346254
9.9982E-05 0.0436482 0.525756 0.0256599 0.0393069 0.0547941 0.0519601 9.9982E-05 0.258674
0.0918618 9.9973E-05 0.35648 0.0619491 9.9973E-05 0.0578982 9.9973E-05 0.051716 0.379795
0.0467238 9.9964E-05 0.500046 0.247415 0.156813 9.9964E-05 9.9964E-05 9.9964E-05 0.0486018
0.023373 9.9991E-05 0.0975779 0.240361 0.144001 0.0731539 0.00515247 0.0590503 0.357231
9.9982E-05 0.0404863 0.230654 0.010507 0.0257166 0.141518 9.9982E-05 0.0644695 0.486449
0.235934 9.9982E-05 0.120447 0.0610213 0.113176 9.9982E-05 0.118253 0.0508156 0.300153
9.9964E-05 9.9964E-05 0.416769 0.106499 0.0328667 0.0237827 9.9964E-05 9.9964E-05 0.419683
9.9991E-05 0.00632203 0.210134 0.0995525 0.143797 0.0579846 0.0223951 0.0152685 0.444446
0.0170752 9.9982E-05 0.186402 0.107207 0.116371 0.0773344 9.9982E-05 0.0786438 0.416766
0.0515468 9.9973E-05 0.177231 0.0475067 0.20253 0.0457186 9.9973E-05 9.9973E-05 0.475167
9.9982E-05 0.00446498 0.169242 9.9982E-05 0.0894283 0.0784181 0.0517441 0.0923126 0.514189
0.207635 0.000993856 0.163221 0.0367021 9.9991E-05 0.0920139 0.0445906 0.00988168 0.444862
0.163012 0.0161551 0.1948 9.9982E-05 0.0898079 0.0151261 9.9982E-05 0.0464408 0.474458
9.9955E-05 9.9955E-05 9.9955E-05 0.00417824 9.9955E-05 9.9955E-05 0.775238 0.104752 0.115333
9.9955E-05 9.9955E-05 9.9955E-05 9.9955E-05 0.0423261 9.9955E-05 0.824271 0.0756672 0.0572357
0.0330659 9.9973E-05 9.9973E-05 0.109051 9.9973E-05 0.0255421 0.746032 0.0265298 0.059479
0.0516469 0.0286249 9.9973E-05 9.9973E-05 0.0866502 0.0683958 0.736787 0.0275955 9.9973E-05
9.9964E-05 0.0501077 9.9964E-05 0.0186991 9.9964E-05 9.9964E-05 0.801171 0.0457466 0.083876
9.9964E-05 9.9964E-05 0.754869 9.9964E-05 9.9964E-05 0.108251 0.0189223 0.0737534 0.0438047
0.0156598 9.9991E-05 0.240088 0.0338804 0.16895 0.0230839 0.0864887 0.0510061 0.380743
0.0701177 0.00288624 9.9973E-05 0.108763 9.9973E-05 9.9973E-05 0.216003 0.152383 0.449548
9.9982E-05 0.0276259 0.184655 0.0232496 9.9982E-05 0.0940869 0.0309617 0.0498172 0.589404
0.114102 0.011989 0.163874 9.9982E-05 0.160799 0.108559 0.0118109 9.9982E-05 0.428666
9.9973E-05 0.0239024 0.364408 0.209481 9.9973E-05 0.0834579 9.9973E-05 0.0416958 0.276755
9.9973E-05 0.0190137 0.624871 0.104829 0.0104398 0.0996768 0.14087 9.9973E-05 9.9973E-05
9.9982E-05 0.0091846 0.17822 0.0231277 0.130353 0.143853 9.9982E-05 0.109568 0.405494
9.9991E-05 0.0041704 0.396692 0.0638783 0.0433076 0.243515 0.0664261 0.015138 0.166773
0.214699 9.9982E-05 0.108193 0.0958501 0.187302 0.120046 9.9982E-05 0.0236301 0.250079
0.0875598 9.9973E-05 0.597833 0.0374974 0.0495696 0.148183 0.079057 9.9973E-05 9.9973E-05
9.9982E-05 0.0620625 0.0972291 0.0233607 9.9982E-05 0.128316 0.0353508 0.0504788 0.603002
9.9973E-05 0.058074 0.509124 9.9973E-05 0.0717156 0.149779 0.0749914 9.9973E-05 0.136016
0.0504197 0.030413 0.318007 0.170878 0.078495 0.029495 9.9991E-05 0.0604058 0.261786
9.9982E-05 0.0280378 0.117685 0.226964 9.9982E-05 0.0487342 0.0421661 0.0599875 0.476225
9.9955E-05 9.9955E-05 0.0946719 0.460546 9.9955E-05 0.0762129 9.9955E-05 9.9955E-05 0.36807
9.9964E-05 0.0309811 9.9964E-05 0.248753 9.9964E-05 0.0294262 0.0202733 9.9964E-05 0.670167
0.113655 0.0651939 0.027584 0.188044 0.0253694 9.9973E-05 9.9973E-05 9.9973E-05 0.579854
9.9955E-05 9.9955E-05 0.0632718 0.484915 9.9955E-05 0.0225122 9.9955E-05 9.9955E-05 0.428802
9.9982E-05 0.0827446 0.151726 0.113416 9.9982E-05 0.0396981 0.0512551 0.0413507 0.519609
0.0128675 0.0286462 9.9973E-05 0.235486 0.0633753 0.0641547 9.9973E-05 9.9973E-05 0.59517
9.9955E-05 9.9955E-05 9.9955E-05 0.621509 0.1218 0.0788411 9.9955E-05 9.9955E-05 0.17735
9.9946E-05 9.9946E-05 9.9946E-05 0.617912 0.0096473 9.9946E-05 9.9946E-05 9.9946E-05 0.371841
9.9946E-05 9.9946E-05 9.9946E-05 0.298808 9.9946E-05 0.0988601 9.9946E-05 9.9946E-05 0.601732
9.99639E-05 9.99639E-05 0.0185837 0.540537 0.114308 0.0767947 9.99639E-05 9.99639E-05 0.249377
9.9955E-05 9.9955E-05 0.221172 0.267031 9.9955E-05 0.0361068 9.9955E-05 9.9955E-05 0.47519
0.0875723 0.0226593 0.602231 9.9964E-05 0.172285 0.114853 9.9964E-05 9.9964E-05 9.9964E-05
0.0370182 9.9982E-05 0.429368 0.107515 0.135517 0.110528 9.9982E-05 0.0404935 0.13936
0.0744535 0.0618705 0.428702 9.9982E-05 0.0121606 0.13377 9.9982E-05 0.00514645 0.283697
0.148883 9.9964E-05 0.289579 9.9964E-05 0.0269305 0.0230686 9.9964E-05 9.9964E-05 0.511139
9.9955E-05 9.9955E-05 0.447495 9.9955E-05 0.210224 0.18519 9.9955E-05 9.9955E-05 0.15659
0.213542 0.0120724 0.182397 0.0518615 0.0196176 0.0800435 0.0211643 0.00358979 0.415713
0.0963818 0.0577435 0.145535 0.0415803 9.9982E-05 0.0439758 9.9982E-05 0.0265322 0.588051
0.231262 9.9964E-05 0.305913 9.9964E-05 0.0866301 0.087356 9.9964E-05 9.9964E-05 0.28844
0.0348864 0.048695 0.320324 9.9982E-05 0.0366139 0.0691512 9.9982E-05 0.113322 0.376807
9.9982E-05 0.00787033 0.303611 9.9982E-05 0.15667 0.0703371 0.0145379 0.0837003 0.363073
9.9964E-05 9.9964E-05 0.516834 9.9964E-05 0.0720108 0.220949 9.9964E-05 0.0880826 0.101723
0.0870408 9.9982E-05 0.253731 0.0224563 0.0669163 0.211394 9.9982E-05 0.0396516 0.31861
0.0392195 9.9955E-05 0.331635 9.9955E-05 9.9955E-05 0.0958048 9.9955E-05 9.9955E-05 0.532841
0.184533 0.0112766 0.353934 9.9973E-05 0.0348963 0.0349398 9.9973E-05 9.9973E-05 0.380121
0.135567 0.0343697 0.243751 0.0691148 0.0977979 0.122574 9.9982E-05 9.9982E-05 0.296627
0.120448 9.9982E-05 0.114768 0.0215445 0.151741 0.136922 9.9982E-05 0.069778 0.3846
0.0774247 0.0365369 0.316836 0.0557383 9.9991E-05 0.193139 0.00415338 0.0416723 0.274399
0.144374 9.9973E-05 0.226123 9.9973E-05 0.0206454 0.114351 9.9973E-05 0.00941788 0.484789
9.9982E-05 0.0206467 0.342618 9.9982E-05 0.0355196 0.0492477 0.0350894 0.0499969 0.466682
0.152069 0.0552436 0.219267 9.9991E-05 0.0825545 0.0893976 0.012953 0.0768115 0.311604
0.276864 0.0683018 0.0190943 9.9991E-05 0.0104826 0.00929742 0.268104 0.0192789 0.328476
0.263032 0.0118658 0.0658291 0.0429738 0.0780017 9.9991E-05 0.0671139 0.121366 0.349717
0.44796 0.0671846 0.146224 0.0240438 9.9973E-05 0.014198 9.9973E-05 9.9973E-05 0.30009
0.0682114 0.0296244 0.0143805 0.114549 9.9991E-05 0.0906024 0.0240673 0.0788844 0.579581
0.45293 9.9964E-05 0.189478 9.9964E-05 0.0317387 9.9964E-05 0.032477 9.9964E-05 0.292977
9.9964E-05 9.9964E-05 0.249851 0.255219 9.9964E-05 0.0165045 9.9964E-05 0.0223821 0.455643
0.267617 0.0251118 0.165173 9.9973E-05 9.9973E-05 0.00670168 0.13278 9.9973E-05 0.402316
0.262521 9.9964E-05 0.16954 0.335229 0.0672462 9.9964E-05 0.165063 9.9964E-05 9.9964E-05
0.0996489 0.041974 0.218718 9.9964E-05 9.9964E-05 9.9964E-05 9.9964E-05 0.130385 0.508874
0.053618 0.0583795 0.105083 0.0161861 0.0924069 9.9991E-05 0.122366 0.120084 0.431776
9.9973E-05 9.9973E-05 0.0762816 0.133458 9.9973E-05 0.0236521 0.0690676 0.26845 0.428792
0.328524 0.0625612 0.258411 0.100106 9.9982E-05 0.0137569 0.0658567 9.9982E-05 0.170585
0.216247 9.9973E-05 0.0325859 0.0176979 9.9973E-05 9.9973E-05 0.171643 0.0191053 0.54242
0.278094 0.0594793 0.0726006 0.081269 9.9982E-05 9.9982E-05 0.0473911 0.0307101 0.430256
0.0641158 0.0034677 9.9964E-05 0.305722 9.9964E-05 9.9964E-05 0.459153 0.167141 9.9964E-05
0.198974 0.034579 0.0702496 9.9973E-05 9.9973E-05 9.9973E-05 0.0938464 0.136689 0.465363
0.249143 9.9964E-05 9.9964E-05 0.0390824 9.9964E-05 9.9964E-05 0.121382 0.099849 0.490144
0.0505792 0.0123176 0.122431 0.0597845 9.9982E-05 9.9982E-05 0.0853704 0.115647 0.55367
0.216099 0.0367118 0.0602715 0.0252646 9.9982E-05 9.9982E-05 0.064949 0.0892671 0.507237
0.0177959 9.9991E-05 0.0202549 0.0955104 0.0202467 0.000291612 0.188643 0.124808 0.532349
0.0763295 0.0314097 0.0547134 0.155005 0.257373 0.00353045 9.9991E-05 0.0260424 0.395496
0.00982679 0.00800174 0.0385339 0.0210873 0.220042 0.0155573 0.161413 0.0632155 0.462322
9.9964E-05 9.9964E-05 0.134298 0.396698 0.406469 9.9964E-05 9.9964E-05 0.0361203 0.0260153
9.9964E-05 9.9964E-05 0.0259469 0.515745 0.387316 0.029698 9.9964E-05 9.9964E-05 0.040894
0.219288 0.0366358 0.16866 0.0603867 0.1472 0.0053606 9.9982E-05 9.9982E-05 0.362269
0.436288 9.9973E-05 0.0655816 0.068128 9.9973E-05 9.9973E-05 0.0204856 0.112676 0.29654
0.603338 9.9964E-05 9.9964E-05 0.0642282 0.158261 9.9964E-05 9.9964E-05 0.0647148 0.109057
0.512303 0.00109485 0.072374 0.195863 0.0511368 0.00722596 0.0700991 0.0652039 0.0246996
0.635099 0.0284695 0.0165448 0.0470086 0.0783313 9.9973E-05 9.9973E-05 9.9973E-05 0.194247
0.257226 0.0133097 9.9973E-05 0.464775 0.253634 9.9973E-05 0.00138609 9.9973E-05 0.00937017
0.42648 0.0107581 9.9964E-05 0.29556 0.234915 9.9964E-05 9.9964E-05 9.9964E-05 0.0318868
0.225531 0.0313272 0.0262437 0.0797454 0.192875 9.9982E-05 9.9982E-05 0.0476712 0.396407
0.157048 9.9982E-05 0.0737079 0.00797928 0.306472 9.9982E-05 0.0249695 0.0799085 0.349715
0.372786 0.00266714 9.9973E-05 0.215059 0.280963 0.0544346 9.9973E-05 9.9973E-05 0.0737903
0.179852 0.0148212 0.0284675 0.138772 0.125685 0.00595441 0.024401 0.0424341 0.439613
0.189892 9.9973E-05 0.0230597 0.0833372 0.142846 9.9973E-05 9.9973E-05 0.0350099 0.525556
0.126498 9.9991E-05 0.00731119 0.0185648 0.210239 0.0632655 0.0813336 0.0432307 0.449458
9.9964E-05 9.9964E-05 9.9964E-05 0.24895 0.330796 0.0905283 0.00578627 9.9964E-05 0.32354
0.0658038 0.0405047 0.136225 0.124315 0.274139 9.9973E-05 9.9973E-05 9.9973E-05 0.358711
0.0642601 0.0071754 9.9982E-05 0.21878 0.167393 0.0877468 9.9982E-05 0.0328413 0.421603
0.14922 9.9982E-05 9.9982E-05 0.174879 0.180541 0.105173 0.0194115 0.0235786 0.346997
0.194211 9.9982E-05 0.123095 0.124384 0.152757 9.9982E-05 0.102995 0.00453713 0.297822
0.0221412 9.9973E-05 0.0931079 0.261079 0.121355 9.9973E-05 0.0142261 9.9973E-05 0.487791
0.0215535 9.9973E-05 0.0497246 0.353644 0.198605 0.124043 9.9973E-05 9.9973E-05 0.252129
0.152342 0.0101353 9.9973E-05 0.027605 0.255737 0.0149755 9.9973E-05 9.9973E-05 0.538906
9.9964E-05 9.9964E-05 0.107958 0.3083 0.3266 9.9964E-05 9.9964E-05 0.0057472 0.250995
9.9982E-05 0.0147379 0.0246856 0.294737 0.19769 0.00627605 9.9982E-05 0.0110019 0.450671
0.13812 0.0179296 9.9982E-05 0.0865897 0.199612 0.0371958 9.9982E-05 0.0500749 0.470278
9.9964E-05 0.0370483 9.9964E-05 0.150481 0.34077 9.9964E-05 9.9964E-05 0.0883377 0.382962
0.236393 0.0130892 0.0628157 0.108035 0.0807865 9.9991E-05 0.0657226 0.0873837 0.345674
0.162479 0.0237843 0.0617103 0.026989 0.0474237 0.103118 0.108887 0.086585 0.379024
0.302347 9.9973E-05 9.9973E-05 0.136801 9.9973E-05 0.0755482 0.0433531 0.188934 0.252717
0.0957459 0.102392 0.0628318 0.113926 9.9991E-05 0.108063 0.0792797 0.158908 0.278754
0.0759543 9.9982E-05 0.068205 9.9982E-05 0.14966 0.0673279 0.156617 0.0659238 0.416112
0.259794 0.058483 0.00984203 0.0452792 0.201033 0.00456268 0.0406231 0.0560369 0.324346
0.260174 0.0194469 9.9982E-05 0.449014 0.0910461 0.0958878 0.0400001 0.0442312 9.9982E-05
0.0898092 0.013953 9.9982E-05 0.0502926 9.9982E-05 0.0760988 0.0405309 0.18182 0.547295
0.220558 9.9955E-05 9.9955E-05 0.440411 9.9955E-05 9.9955E-05 0.281538 0.0569937 9.9955E-05
0.198739 9.9973E-05 9.9973E-05 0.10219 0.0842252 9.9973E-05 0.0279184 0.106867 0.47976
0.0204415 9.9955E-05 9.9955E-05 0.353211 0.503099 9.9955E-05 9.9955E-05 9.9955E-05 0.122748
9.9946E-05 9.9946E-05 0.116437 0.43712 0.445844 9.9946E-05 9.9946E-05 9.9946E-05 9.9946E-05
9.9973E-05 0.0217274 0.0791583 0.157837 0.246679 9.9973E-05 9.9973E-05 0.0171535 0.477145
0.0936507 0.00261767 9.9964E-05 0.116164 0.152371 9.9964E-05 9.9964E-05 9.9964E-05 0.634797
9.9955E-05 9.9955E-05 0.109797 0.22376 0.254136 9.9955E-05 9.9955E-05 9.9955E-05 0.411808
9.9964E-05 0.00315656 9.9964E-05 0.140729 0.320203 0.0719682 9.9964E-05 9.9964E-05 0.463544
9.9964E-05 9.9964E-05 0.0525057 0.173642 0.166006 9.9964E-05 9.9964E-05 0.044084 0.563362
0.0785138 0.0751948 0.0219516 9.9982E-05 0.0586726 9.9982E-05 0.693243 0.0254066 0.0468175
0.10473 0.0157862 9.9982E-05 0.00764978 0.0161731 0.0988726 0.691612 0.0649767 9.9982E-05
9.9964E-05 0.0227105 0.0166075 9.9964E-05 9.9964E-05 0.00686379 0.867404 0.0860147 9.9964E-05
0.0332807 0.135894 9.9964E-05 0.00299177 9.9964E-05 9.9964E-05 0.783952 9.9964E-05 0.043482
9.9982E-05 0.0592578 0.0648811 9.9982E-05 0.33825 0.0166333 0.0102169 0.0612775 0.449284
0.00748789 9.9964E-05 0.0195101 9.9964E-05 0.374946 9.9964E-05 0.126832 9.9964E-05 0.470824
0.0920917 0.046338 0.0821508 9.9964E-05 0.366223 9.9964E-05 9.9964E-05 9.9964E-05 0.412796
9.9964E-05 0.100961 0.0199295 9.9964E-05 0.237424 9.9964E-05 0.0541951 9.9964E-05 0.58709
0.095465 9.9991E-05 0.043416 0.0458313 0.201997 0.0967176 0.0111235 0.0118594 0.49349
0.0857237 9.9973E-05 0.0646196 0.0230549 0.577048 0.0647519 9.9973E-05 9.9973E-05 0.184502
0.0811674 9.9964E-05 0.127787 9.9964E-05 0.286636 9.9964E-05 9.9964E-05 0.0189416 0.485067
9.9955E-05 0.0379718 9.9955E-05 0.188531 0.428766 9.9955E-05 9.9955E-05 9.9955E-05 0.344232
0.100744 0.0249663 0.109641 9.9973E-05 9.9973E-05 9.9973E-05 0.194766 0.0880096 0.481573
9.9973E-05 9.9973E-05 0.0371676 0.0625239 0.379487 0.0167377 9.9973E-05 0.0596982 0.444086
9.9973E-05 0.0492274 0.0373438 9.9973E-05 0.42549 0.137445 9.9973E-05 0.00470727 0.345486
0.0330035 0.0123622 0.0189663 9.9973E-05 0.355904 9.9973E-05 0.00465782 9.9973E-05 0.574806
0.0507792 0.0261721 0.00538166 0.000211405 0.473602 0.0744821 9.9982E-05 9.9982E-05 0.369172
9.9964E-05 0.0146676 9.9964E-05 0.0660508 0.320622 9.9964E-05 9.9964E-05 0.00648416 0.591776
0.102673 0.0244651 9.9973E-05 9.9973E-05 0.355193 0.0196668 0.0418642 9.9973E-05 0.455838
9.9946E-05 9.9946E-05 9.9946E-05 0.0844182 0.876844 9.9946E-05 9.9946E-05 9.9946E-05 0.0381379
9.9973E-05 0.0207358 0.0545751 0.116557 0.558884 9.9973E-05 9.9973E-05 0.0419307 0.207018
9.9964E-05 0.035386 9.9964E-05 9.9964E-05 0.601073 0.101255 9.9964E-05 0.0401716 0.221714
9.9937E-05 9.9937E-05 9.9937E-05 0.206528 0.792772 9.9937E-05 9.9937E-05 9.9937E-05 9.9937E-05
9.9964E-05 0.037412 0.13935 9.9964E-05 0.320734 9.9964E-05 0.0509239 9.9964E-05 0.45118
9.9973E-05 0.0211766 9.9973E-05 0.228445 0.603468 0.0332941 9.9973E-05 0.0213905 0.0919257
9.9946E-05 9.9946E-05 9.9946E-05 0.213907 0.773218 9.9946E-05 0.0122751 9.9946E-05 9.9946E-05
9.9973E-05 9.9973E-05 9.9973E-05 0.00532165 0.332962 0.000165483 0.0479956 0.110901 0.502354
9.9973E-05 0.0182283 0.152668 0.00638446 0.592454 9.9973E-05 0.0564713 9.9973E-05 0.173494
9.9982E-05 0.00288785 0.132563 9.9982E-05 0.3052 0.0481766 0.0369612 0.0748921 0.39912
0.0638297 0.0779785 0.0230031 0.0743045 0.165774 9.9982E-05 0.0161451 9.9982E-05 0.578765
0.0151585 9.9964E-05 9.9964E-05 9.9964E-05 0.319678 0.104717 9.9964E-05 0.0501431 0.509903
9.9964E-05 9.9964E-05 0.359267 0.19946 9.9964E-05 0.0335962 9.9964E-05 0.0608782 0.346399
9.9973E-05 0.00549021 0.0100954 9.9973E-05 0.359629 0.0521453 0.0558138 9.9973E-05 0.516526
0.076697 0.0242887 0.142044 9.9982E-05 0.279121 0.0215163 9.9982E-05 0.0157732 0.44036
9.9955E-05 0.0228063 9.9955E-05 0.0183687 0.650782 9.9955E-05 9.9955E-05 9.9955E-05 0.307543
9.9982E-05 0.0920802 0.0767089 9.9982E-05 0.31236 0.0454386 0.0330689 0.0527542 0.387389
9.9991E-05 0.012392 0.0452334 0.0870958 0.0393461 0.16651 0.613973 0.00986189 0.0254883
9.9973E-05 0.0605537 9.9973E-05 0.0461581 0.0520067 0.0588257 0.698616 9.9973E-05 0.0835401
9.9955E-05 0.11165 9.9955E-05 0.0755905 9.9955E-05 0.086515 0.725745 9.9955E-05 9.9955E-05
9.9964E-05 0.114043 9.9964E-05 0.0650215 0.0122378 0.0988905 0.709407 9.9964E-05 9.9964E-05
9.9964E-05 0.0183197 9.9964E-05 0.0579091 9.9964E-05 0.166741 0.701184 9.9964E-05 0.0554459
9.9964E-05 9.9964E-05 0.268157 9.9964E-05 0.671775 9.9964E-05 0.0200785 0.00925149 0.0303383
9.9964E-05 9.9964E-05 0.132405 9.9964E-05 0.649577 0.0548821 0.108654 9.9964E-05 0.0540827
