9.9964E-05 9.9964E-05 0.867785 9.9964E-05 9.9964E-05 0.0264716 0.0126067 0.0430404 0.0496966
0.0214031 0.00265006 0.906222 0.00222821 0.0606815 9.9973E-05 9.9973E-05 9.9973E-05 0.00651477
9.9964E-05 0.00635383 0.777071 9.9964E-05 9.9964E-05 0.041702 9.9964E-05 0.125977 0.0484969
0.0446264 9.9973E-05 0.746946 9.9973E-05 0.00418474 0.0909487 0.0814886 0.0315061 9.9973E-05
9.9964E-05 9.9964E-05 0.858789 9.9964E-05 0.0406164 0.0342111 0.0213413 0.0446419 9.9964E-05
9.9955E-05 9.9955E-05 0.526662 0.332101 9.9955E-05 0.0394348 0.101302 9.9955E-05 9.9955E-05
9.9964E-05 9.9964E-05 0.782036 0.173823 0.00663168 0.0176654 0.0194441 9.9964E-05 9.9964E-05
9.9955E-05 9.9955E-05 0.716931 0.189154 9.9955E-05 0.0857852 0.00763037 9.9955E-05 9.9955E-05
9.99549E-05 0.0960117 0.767905 9.99549E-05 9.99549E-05 0.0615383 9.99549E-05 9.99549E-05 0.0740448
9.9955E-05 9.9955E-05 0.654303 0.243855 9.9955E-05 9.9955E-05 0.0921421 0.00919937 9.9955E-05
0.0446261 9.9955E-05 0.713996 0.178661 9.9955E-05 0.0622169 9.9955E-05 9.9955E-05 9.9955E-05
0.740467 0.0315112 9.9964E-05 0.0273536 9.9964E-05 9.9964E-05 0.0790963 0.121172 9.9964E-05
0.462798 9.9955E-05 0.0128485 9.9955E-05 9.9955E-05 9.9955E-05 9.9955E-05 0.475833 0.048021
0.653417 9.9955E-05 0.0464754 9.9955E-05 9.9955E-05 9.9955E-05 9.9955E-05 0.20159 0.098018
0.57961 9.9964E-05 0.0161206 9.9964E-05 9.9964E-05 9.9964E-05 0.0191994 0.273955 0.110714
0.447689 9.9964E-05 0.143186 0.0307578 9.9964E-05 9.9964E-05 0.102093 0.275874 9.9964E-05
0.242541 9.9964E-05 9.9964E-05 0.0275018 9.9964E-05 9.9964E-05 0.103341 0.557152 0.0690647
0.392533 0.00283796 9.9973E-05 0.0616906 9.9973E-05 0.0551508 0.123413 0.364075 9.9973E-05
0.578272 9.9964E-05 0.0312064 9.9964E-05 9.9964E-05 9.9964E-05 0.0462486 0.23326 0.110613
0.818502 9.9964E-05 0.0147036 0.146217 9.9964E-05 0.0127441 0.00743412 9.9964E-05 9.9964E-05
0.385683 0.109152 9.9973E-05 0.073234 0.0117971 9.9973E-05 0.0765877 0.343247 9.9973E-05
0.217692 0.0749092 9.9991E-05 0.129366 0.0278064 0.0392982 0.00525797 0.351861 0.153708
0.296318 0.0366232 0.0255497 0.130167 9.9973E-05 9.9973E-05 0.0547694 0.456273 9.9973E-05
0.605682 0.0372504 9.9964E-05 0.0780811 9.9964E-05 9.9964E-05 0.143047 0.135539 9.9964E-05
0.294122 9.9982E-05 0.0343475 0.0354774 0.0356471 9.9982E-05 0.0031055 0.559555 0.0375456
0.357159 0.00396527 0.018442 0.0582602 9.9982E-05 9.9982E-05 0.0537163 0.474008 0.0342494
0.851082 9.9955E-05 0.0137903 9.9955E-05 9.9955E-05 9.9955E-05 0.127676 0.00695148 9.9955E-05
0.764185 9.9955E-05 0.000480824 9.9955E-05 9.9955E-05 9.9955E-05 0.191432 0.0434023 9.9955E-05
0.755051 0.00462166 0.029194 0.0315995 0.0296498 9.9982E-05 0.0250762 0.124608 9.9982E-05
9.9946E-05 9.9946E-05 0.849533 9.9946E-05 9.9946E-05 9.9946E-05 0.0457486 0.104119 9.9946E-05
9.9955E-05 9.9955E-05 0.841137 9.9955E-05 0.0174139 9.9955E-05 0.0108305 0.130119 9.9955E-05
0.0114285 0.0122375 0.783912 9.9964E-05 9.9964E-05 9.9964E-05 0.0337753 0.158246 9.9964E-05
9.9964E-05 0.0398537 0.6003 9.9964E-05 9.9964E-05 9.9964E-05 0.156269 0.113385 0.0897924
0.0632663 0.203978 9.9973E-05 0.149978 0.0165222 0.0599355 9.9973E-05 0.50602 9.9973E-05
0.119816 0.289136 0.0858977 9.9964E-05 0.0400585 9.9964E-05 9.9964E-05 0.464691 9.9964E-05
9.9955E-05 0.406494 9.9955E-05 0.00846468 9.9955E-05 9.9955E-05 0.0152836 0.569258 9.9955E-05
0.658304 9.9973E-05 0.113864 0.0292438 9.9973E-05 0.111772 0.0425447 0.0439721 9.9973E-05
0.0204876 0.54717 0.0119688 0.0178798 0.0676517 9.9991E-05 0.0187082 0.287595 0.0284394
0.211436 0.186858 0.0233375 9.9982E-05 0.0150705 0.0311792 0.0961753 0.435743 9.9982E-05
9.9946E-05 0.255902 0.0752107 9.9946E-05 9.9946E-05 9.9946E-05 9.9946E-05 0.668287 9.9946E-05
0.00966828 0.0638392 0.088344 0.311666 9.9973E-05 9.9973E-05 0.0478933 0.478289 9.9973E-05
0.107566 0.00159371 0.0648611 0.13938 9.9973E-05 0.0462914 9.9973E-05 0.640008 9.9973E-05
0.144158 0.655058 0.0306235 9.9973E-05 9.9973E-05 0.0442303 9.9973E-05 0.10854 0.0170907
0.0291745 0.0735898 9.9982E-05 0.292654 9.9982E-05 0.00974682 0.0860206 0.470138 0.0384763
0.00929201 0.245138 0.0625305 0.168306 0.00331328 9.9982E-05 0.0604178 0.450803 9.9982E-05
0.167704 0.111271 0.132878 0.0594097 9.9991E-05 0.0167313 0.0229047 0.434332 0.0546698
9.9946E-05 0.620655 9.9946E-05 9.9946E-05 0.0619105 9.9946E-05 9.9946E-05 0.316834 9.9946E-05
0.106183 0.21028 0.00820165 0.0128567 0.0238146 0.0111439 9.9982E-05 0.627319 9.9982E-05
0.0184817 0.167868 0.0516099 9.9991E-05 0.0623485 0.0642066 0.0518211 0.491964 0.0915999
0.0136802 0.691403 0.0259187 0.102529 0.0549791 9.9973E-05 9.9973E-05 9.9973E-05 0.11119
0.49659 0.14857 9.9964E-05 9.9964E-05 9.9964E-05 0.186571 9.9964E-05 0.161646 0.00622286
0.339839 0.238031 9.9973E-05 0.157332 0.115572 9.9973E-05 0.0163602 9.9973E-05 0.132565
0.158291 0.0513613 0.0410169 0.0392571 0.00596963 0.138896 0.136449 0.42866 9.9998E-05
0.165097 9.9982E-05 0.0791105 0.114223 0.0295029 9.9982E-05 0.0304641 0.531497 0.0499053
0.108258 0.0252816 9.9991E-05 0.0951879 0.053574 0.0644718 0.03635 0.552966 0.0638108
0.294024 0.271524 0.0741105 9.9982E-05 0.00802616 0.152778 9.9982E-05 0.13566 0.0636767
0.22806 9.9973E-05 9.9973E-05 0.0415248 0.054235 0.113386 9.9973E-05 0.54817 0.0143248
0.169915 9.9982E-05 0.0248973 0.0634977 9.9982E-05 0.132774 0.0632231 0.472877 0.0726162
0.22629 0.0836402 0.111306 0.121417 0.0575022 0.0260516 0.00277851 0.370915 9.9991E-05
0.382438 0.123053 0.173802 0.0522239 0.0278114 0.0605075 0.0228432 0.0398148 0.117506
0.175553 0.186077 9.9973E-05 9.9973E-05 9.9973E-05 0.0214786 0.0514456 0.469868 0.0952772
0.283533 9.9973E-05 0.00610546 9.9973E-05 0.0267394 0.105842 9.9973E-05 0.44605 0.13143
0.61056 0.0844562 0.0327317 0.0710506 9.9973E-05 0.126392 9.9973E-05 9.9973E-05 0.0745099
0.464618 0.0141297 9.9964E-05 9.9964E-05 0.0298186 9.9964E-05 9.9964E-05 0.424124 0.0669096
0.0655986 0.171007 0.0343958 0.0510241 0.0645937 0.0007207 0.0833008 0.529259 9.9991E-05
0.16413 9.9982E-05 0.0211273 9.9982E-05 0.100155 0.0726425 0.0765965 0.501947 0.0632018
0.444521 0.132056 0.0129555 0.0461009 0.0324377 0.0124191 0.0501828 0.192942 0.0763846
0.337896 0.0465868 9.9964E-05 9.9964E-05 0.0756253 9.9964E-05 9.9964E-05 0.496957 0.0425346
0.133374 0.0271847 0.0318243 9.9973E-05 9.9973E-05 0.163394 9.9973E-05 0.577598 0.0663244
0.507579 0.117503 0.00549362 0.0675172 0.0293248 0.0345868 9.9991E-05 0.171371 0.0665243
0.0488956 0.38972 9.9955E-05 9.9955E-05 9.9955E-05 0.0419593 9.9955E-05 0.518925 9.9955E-05
0.277763 0.534218 9.9946E-05 9.9946E-05 9.9946E-05 9.9946E-05 9.9946E-05 0.187419 9.9946E-05
0.078776 0.1991 0.044349 9.9991E-05 0.047108 0.0887864 0.0198181 0.513979 0.00798423
9.9946E-05 0.893991 9.9946E-05 0.0109616 9.9946E-05 9.9946E-05 9.9946E-05 9.9946E-05 0.0944475
0.0916201 0.771791 0.0171038 0.0978188 0.0212666 9.9964E-05 9.9964E-05 9.9964E-05 9.9964E-05
9.9937E-05 0.679301 9.9937E-05 9.9937E-05 9.9937E-05 9.9937E-05 9.9937E-05 0.32 9.9937E-05
0.0619153 0.352328 0.0565301 0.0102151 9.9973E-05 0.0740308 9.9973E-05 0.444681 9.9973E-05
0.00646645 0.148556 0.0975325 9.9991E-05 0.0713031 0.0355212 0.0308188 0.515864 0.0938381
0.0298304 0.412408 0.0547142 9.9973E-05 9.9973E-05 0.00899703 9.9973E-05 0.464438 0.0293128
0.102822 0.579825 0.0197169 9.9964E-05 9.9964E-05 0.127491 9.9964E-05 0.169745 9.9964E-05
0.0419659 0.443831 0.0520826 9.9964E-05 9.9964E-05 0.204767 9.9964E-05 0.256954 9.9964E-05
9.9973E-05 0.194774 0.0251937 0.052992 9.9973E-05 0.140779 9.9973E-05 0.536515 0.0494464
0.0737487 0.548948 0.0306061 9.9982E-05 0.0430607 0.0276935 0.0125638 0.263179 9.9982E-05
0.0785122 0.402315 0.0182531 0.0582102 9.9982E-05 0.0306105 0.046655 0.365244 9.9982E-05
9.9955E-05 0.534117 0.0373469 9.9955E-05 0.0470582 9.9955E-05 9.9955E-05 0.380978 9.9955E-05
9.9955E-05 0.672229 9.9955E-05 0.153156 0.10827 9.9955E-05 9.9955E-05 9.9955E-05 0.0658449
0.130044 0.218205 9.9964E-05 0.0465669 9.9964E-05 9.9964E-05 0.106203 0.49858 9.9964E-05
0.0963461 9.9955E-05 0.766061 9.9955E-05 9.9955E-05 9.9955E-05 0.0646368 0.0724564 9.9955E-05
9.99371E-05 9.99371E-05 0.891327 9.99371E-05 9.99371E-05 9.99371E-05 9.99371E-05 0.107974 9.99371E-05
9.9955E-05 9.9955E-05 0.804331 9.9955E-05 9.9955E-05 9.9955E-05 0.0130511 0.112733 0.0693849
9.9946E-05 9.9946E-05 0.797663 9.9946E-05 9.9946E-05 9.9946E-05 9.9946E-05 0.0165432 0.185194
9.9946E-05 9.9946E-05 0.810233 9.9946E-05 9.9946E-05 9.9946E-05 9.9946E-05 0.105508 0.0836599
9.9964E-05 9.9964E-05 0.831127 9.9964E-05 0.0131599 9.9964E-05 0.00720704 0.0587779 0.0893281
9.99551E-05 9.99551E-05 0.874818 9.99551E-05 0.0111584 9.99551E-05 9.99551E-05 0.065289 0.0482346
0.0509438 0.16352 0.0700828 0.0882365 0.0502256 0.0366165 9.9991E-05 0.524612 0.0156625
0.187301 0.0723999 0.0573625 0.0209056 0.0479272 0.0157701 0.068118 0.530116 9.9991E-05
0.148156 0.754865 0.0612636 9.9964E-05 0.0329212 9.9964E-05 0.00239482 9.9964E-05 9.9964E-05
0.0541007 0.124772 0.161513 0.108843 0.0352813 0.0195775 0.0382077 0.457604 9.9991E-05
0.216277 0.325646 0.00395698 0.0336151 9.9964E-05 9.9964E-05 9.9964E-05 0.420105 9.9964E-05
9.9973E-05 0.367607 0.0833672 9.9973E-05 0.0147132 9.9973E-05 0.0188626 0.510155 0.00499533
0.102649 0.183225 0.0301642 0.100378 0.054521 9.9982E-05 0.0145563 0.514306 9.9982E-05
9.9955E-05 0.484857 0.0254967 9.9955E-05 9.9955E-05 9.9955E-05 0.0634724 0.425674 9.9955E-05
0.268579 0.665389 0.0545478 9.9964E-05 0.00703946 0.00404467 9.9964E-05 9.9964E-05 9.9964E-05
0.136792 0.0701383 0.0328241 9.9991E-05 0.0165295 0.0312446 0.0242609 0.544136 0.143975
0.0759573 0.121851 0.102046 0.102655 9.9964E-05 9.9964E-05 9.9964E-05 0.597091 9.9964E-05
9.9991E-05 0.173649 0.0514401 0.101871 0.016831 0.0529417 0.0669142 0.498006 0.0382473
9.9955E-05 0.564655 9.9955E-05 0.0378323 9.9955E-05 9.9955E-05 9.9955E-05 0.271171 0.125842
9.9964E-05 0.362762 0.0640924 9.9964E-05 0.0830367 0.00839039 9.9964E-05 0.481319 9.9964E-05
0.188774 0.299075 0.0213747 9.9955E-05 9.9955E-05 9.9955E-05 9.9955E-05 0.490276 9.9955E-05
9.9955E-05 0.60982 9.9955E-05 0.0169523 9.9955E-05 9.9955E-05 0.0730745 0.299654 9.9955E-05
0.0363249 0.414673 0.0899729 0.0627003 9.9973E-05 0.0575406 9.9973E-05 0.338488 9.9973E-05
0.0172952 0.173709 0.112805 9.9991E-05 0.0287011 0.0702579 0.00259576 0.521045 0.0734913
0.482892 9.9973E-05 0.0119337 0.0282868 0.212275 9.9973E-05 9.9973E-05 0.192987 0.0713265
0.352685 9.9973E-05 0.106561 0.171407 9.9973E-05 0.0156968 0.0649818 0.288368 9.9973E-05
0.326479 9.9964E-05 0.161595 0.0162823 9.9964E-05 9.9964E-05 0.0568902 0.438354 9.9964E-05
0.0538561 0.0620498 0.0491112 0.0840772 0.0604133 0.0374417 0.0287872 0.607737 0.0165268
0.506151 9.9955E-05 9.9955E-05 9.9955E-05 0.0562137 0.0885925 9.9955E-05 0.348543 9.9955E-05
0.323015 9.9973E-05 9.9973E-05 0.0359479 0.0327603 0.0574503 0.0260325 0.524494 9.9973E-05
0.403369 9.9964E-05 0.0426294 9.9964E-05 0.0535965 0.087119 9.9964E-05 0.412886 9.9964E-05
0.0672856 0.0686947 0.100617 9.9982E-05 0.154535 0.0873475 0.0163021 0.505018 9.9982E-05
0.188327 0.0812722 0.0490808 0.00660816 9.9991E-05 0.0491126 0.0444689 0.561991 0.0190397
0.259505 0.117775 9.9964E-05 0.0890928 0.00404646 9.9964E-05 9.9964E-05 0.529181 9.9964E-05
0.374389 9.9955E-05 9.9955E-05 9.9955E-05 0.0366777 0.146303 9.9955E-05 0.442131 9.9955E-05
0.0137908 0.0571687 0.0125052 0.224155 9.9982E-05 0.154142 0.0791975 0.458841 9.9982E-05
0.055486 9.9991E-05 0.0942094 0.255193 0.0271575 0.0351437 0.011629 0.495603 0.0254783
0.110703 9.9964E-05 9.9964E-05 9.9964E-05 0.143017 0.147379 0.00402425 0.594477 9.9964E-05
0.0350632 9.9964E-05 0.105722 9.9964E-05 0.163276 0.0991901 9.9964E-05 0.596349 9.9964E-05
0.0696933 0.0491015 9.9991E-05 0.0160874 0.0392853 0.156247 0.0421098 0.582914 0.0444617
0.372194 9.9991E-05 0.0330386 0.0166804 0.119481 0.0438231 0.00982406 0.26028 0.14458
0.208869 0.0167055 0.00793051 9.9982E-05 0.0635756 0.0594876 0.044218 0.599014 9.9982E-05
0.141239 9.9964E-05 9.9964E-05 0.0141934 0.0783394 9.9964E-05 9.9964E-05 0.618241 0.147587
0.483077 0.0588586 9.9991E-05 0.0369552 0.0799958 0.118168 0.0842156 0.113189 0.0254409
0.320733 0.00794603 9.9982E-05 0.0432152 0.240139 0.101886 9.9982E-05 0.150631 0.135249
0.13389 0.137883 0.0914367 0.0679717 9.9973E-05 0.0560576 9.9973E-05 0.512461 9.9973E-05
0.180397 0.194389 9.9991E-05 0.123178 0.169756 0.198924 0.0195945 0.0497849 0.0638765
0.516411 0.07791 0.0306452 9.9973E-05 0.0284564 0.107884 9.9973E-05 0.238393 9.9973E-05
0.366374 0.116403 9.9964E-05 0.110967 9.9964E-05 0.0500046 9.9964E-05 0.355852 9.9964E-05
0.396453 0.115784 0.0167864 9.9964E-05 9.9964E-05 0.146419 9.9964E-05 0.324158 9.9964E-05
0.568202 0.0570567 0.0116062 0.0425036 0.0162963 0.0804087 0.0264507 0.197376 9.9991E-05
0.141299 0.0396636 0.115423 0.104124 0.0474533 0.00184595 0.00335695 0.546734 9.9991E-05
0.0645148 0.0556952 9.9991E-05 0.010708 0.0106875 0.106828 0.00783049 0.564033 0.179602
0.178648 0.117836 0.111546 0.0163597 0.0531632 0.0172966 9.9982E-05 0.50495 9.9982E-05
0.432041 0.121805 9.9982E-05 0.116488 0.0998082 0.0230634 9.9982E-05 0.111838 0.0947567
0.159254 0.0511081 0.113579 0.031932 0.000125001 0.0912827 0.0344909 0.51219 0.00603807
0.0220137 0.173317 0.0859553 0.196155 0.0767614 9.9991E-05 0.0347372 0.357879 0.0530814
0.110499 0.0905873 0.0891688 0.453536 0.144874 0.018687 9.9982E-05 9.9982E-05 0.0924488
0.0275814 0.13183 0.0992853 0.0644101 0.0813879 9.9982E-05 0.0893605 0.505945 9.9982E-05
0.0997718 0.15387 9.9973E-05 0.122649 9.9973E-05 0.0901795 9.9973E-05 0.334668 0.198561
0.0785166 0.118922 9.9991E-05 0.0309744 0.0485754 0.0235619 0.00616504 0.487839 0.205345
0.0620344 0.0717494 0.0285171 0.307852 0.0620257 0.0476504 9.9991E-05 0.246127 0.173944
0.262056 0.0733571 0.0520078 0.397752 0.0509366 0.0167314 9.9991E-05 0.0707382 0.0763209
0.0931954 0.020996 0.00169495 0.17293 0.104544 0.111146 9.9991E-05 0.391359 0.104035
0.14174 0.0561855 0.14044 0.166149 9.9973E-05 9.9973E-05 0.0363976 0.458788 9.9973E-05
0.0471123 0.182252 0.140792 0.15537 0.00944385 0.0461129 0.0282666 0.390549 9.9991E-05
0.172641 0.193737 0.00732701 0.23517 0.087731 9.9982E-05 0.130433 9.9982E-05 0.172762
9.9991E-05 0.0927236 0.0760956 0.119812 0.024037 0.0922231 0.037927 0.498527 0.0585548
0.243856 0.11753 9.9973E-05 0.340978 0.0256234 9.9973E-05 9.9973E-05 0.257881 0.013832
0.211358 0.0951309 9.9982E-05 0.118352 0.0516733 0.010915 9.9982E-05 0.438549 0.0738223
9.9982E-05 0.156171 0.0800116 0.117636 0.0366003 0.0490762 0.092025 0.468279 9.9982E-05
0.0290773 9.9973E-05 0.30933 0.24527 9.9973E-05 9.9973E-05 0.186227 0.12226 0.107536
9.9964E-05 9.9964E-05 0.4362 0.0984658 0.0231634 9.9964E-05 0.0936417 9.9964E-05 0.348129
9.9964E-05 9.9964E-05 0.318154 0.109824 0.0925702 9.9964E-05 0.0940665 9.9964E-05 0.384986
9.9982E-05 0.0110308 0.268269 0.122555 9.9982E-05 0.0410226 0.306281 0.0670011 0.18364
9.9955E-05 0.121903 9.9955E-05 0.303534 9.9955E-05 9.9955E-05 9.9955E-05 0.559915 0.0141477
0.0722931 0.0853247 0.0907102 0.216813 9.9973E-05 9.9973E-05 0.0335436 0.501016 9.9973E-05
0.0311577 0.0080706 9.9955E-05 9.9955E-05 9.9955E-05 9.9955E-05 0.66334 0.296932 9.9955E-05
0.14986 0.0367396 0.0619223 9.9973E-05 9.9973E-05 9.9973E-05 0.366572 0.359606 0.0250012
0.00640905 9.9973E-05 9.9973E-05 0.188045 9.9973E-05 0.0345846 0.335469 0.390624 0.044569
9.9955E-05 0.119589 9.9955E-05 0.477899 0.164168 9.9955E-05 9.9955E-05 0.237844 9.9955E-05
9.9982E-05 0.161353 0.0248648 0.0498595 0.0876845 0.0789266 9.9982E-05 0.509577 0.087535
0.0272292 0.0810518 9.9973E-05 0.559667 0.144235 9.9973E-05 9.9973E-05 0.123443 0.0640743
0.137791 0.0412259 9.9973E-05 0.206283 0.0379226 9.9973E-05 9.9973E-05 0.55698 0.019497
0.0466908 0.0819312 0.0463851 0.36789 0.0835458 0.0120315 9.9991E-05 0.357303 0.00412216
0.123964 0.0259683 9.9973E-05 0.224069 0.107173 9.9973E-05 0.0571237 0.461402 9.9973E-05
0.190677 0.0894956 9.9982E-05 0.49267 0.110203 9.9982E-05 0.0428139 0.0564507 0.0174894
0.0888032 0.142615 0.0280468 0.0661064 0.0617688 9.9991E-05 0.116069 0.45566 0.0408303
9.9982E-05 0.0816939 9.9982E-05 0.0892933 0.0774275 0.0362175 0.0195207 0.582044 0.113604
9.9946E-05 9.9946E-05 9.9946E-05 9.9946E-05 0.00426164 9.9946E-05 0.946722 0.048417 9.9946E-05
9.9955E-05 0.00409429 9.9955E-05 0.0411256 9.9955E-05 9.9955E-05 0.879962 0.0743187 9.9955E-05
0.0297179 9.9973E-05 0.0311304 0.102044 9.9973E-05 0.0392324 0.553699 0.243877 9.9973E-05
9.9964E-05 9.9964E-05 0.0749981 9.9964E-05 0.00157989 0.0348517 0.598484 0.289686 9.9964E-05
9.9955E-05 9.9955E-05 9.9955E-05 0.0358463 9.9955E-05 9.9955E-05 0.809028 0.117163 0.0374628
9.9937E-05 9.9937E-05 9.9937E-05 9.9937E-05 9.9937E-05 9.9937E-05 0.985331 9.9937E-05 0.0139698
9.9946E-05 9.9946E-05 9.9946E-05 9.9946E-05 0.0178686 0.00737338 0.974158 9.9946E-05 9.9946E-05
9.9946E-05 9.9946E-05 9.9946E-05 9.9946E-05 0.00341736 9.9946E-05 0.813918 0.182065 9.9946E-05
0.0112295 9.9946E-05 9.9946E-05 9.9946E-05 9.9946E-05 0.00967902 0.978492 9.9946E-05 9.9946E-05
9.993E-05 9.993E-05 9.993E-05 9.993E-05 9.993E-05 9.993E-05 0.999201 9.993E-05 9.993E-05
9.993E-05 9.993E-05 9.993E-05 9.993E-05 9.993E-05 9.993E-05 0.999201 9.993E-05 9.993E-05
0.0490507 9.9964E-05 0.0170973 9.9964E-05 0.0120047 9.9964E-05 0.791051 0.130397 9.9964E-05
0.00146175 0.0232414 0.0572822 9.9982E-05 9.9982E-05 0.00896288 0.769457 0.124547 0.0148478
9.9955E-05 0.0414883 0.00568612 9.9955E-05 9.9955E-05 0.00786014 0.944466 9.9955E-05 9.9955E-05
0.0296405 0.0299936 0.079536 0.0733195 0.0104421 0.0425856 0.380654 0.353729 9.9991E-05
9.9973E-05 0.0573277 9.9973E-05 9.9973E-05 0.0250106 0.0486028 0.596057 0.267062 0.00563936
9.9955E-05 9.9955E-05 9.9955E-05 9.9955E-05 9.9955E-05 0.102549 0.663576 0.17574 0.057635
0.0588828 9.9973E-05 0.0161253 9.9973E-05 9.9973E-05 0.00825707 0.796423 0.114211 0.00580166
9.9937E-05 9.9937E-05 9.9937E-05 9.9937E-05 9.9937E-05 9.9937E-05 0.96277 0.0365302 9.9937E-05
9.9973E-05 9.9973E-05 0.0152862 9.9973E-05 0.00626234 0.0108783 0.83551 0.0719511 0.0598124
9.993E-05 9.993E-05 9.993E-05 9.993E-05 9.993E-05 9.993E-05 0.999201 9.993E-05 9.993E-05
0.00650318 0.035721 0.0830752 0.0185295 0.014159 0.00749762 0.60486 0.229555 9.9991E-05
0.0107117 0.00703227 9.9964E-05 9.9964E-05 0.00578452 9.9964E-05 0.912686 0.0633853 9.9964E-05
9.9955E-05 9.9955E-05 0.214628 0.411379 0.0758869 9.9955E-05 9.9955E-05 9.9955E-05 0.297606
0.0484993 0.00586511 0.132383 0.206214 9.9991E-05 0.119935 0.0623731 0.33414 0.0904909
9.9973E-05 9.9973E-05 0.222639 0.263843 9.9973E-05 0.0386305 0.0152002 0.434082 0.0253053
9.9973E-05 9.9973E-05 0.174169 0.34264 9.9973E-05 0.0536065 0.0238052 0.16264 0.242839
0.0948473 0.0470169 0.107789 0.193403 0.0377616 9.9991E-05 0.0463215 0.463937 0.00882318
0.067375 0.0141199 0.176087 0.360909 0.0226236 9.9991E-05 0.0646451 0.144996 0.149145
0.0202164 0.0745892 0.170501 0.168165 0.053524 0.0339761 0.0546884 0.412625 0.0117145
9.9982E-05 0.0605921 0.0818904 0.331012 0.0132835 9.9982E-05 0.122411 0.256763 0.133848
9.9973E-05 9.9973E-05 0.125108 0.227352 0.0549491 9.9973E-05 0.0924639 0.429072 0.0707548
9.9964E-05 9.9964E-05 0.0384726 0.321921 9.9964E-05 9.9964E-05 0.143842 0.332487 0.162878
0.00646493 9.9982E-05 0.220437 0.20368 9.9982E-05 0.00878455 0.0276052 0.497299 0.0355292
9.9955E-05 9.9955E-05 0.832529 0.105512 9.9955E-05 0.0222276 9.9955E-05 0.0392324 9.9955E-05
9.9973E-05 9.9973E-05 0.868801 9.9973E-05 0.0308413 0.00283762 0.0525917 0.00927626 0.0353517
9.9955E-05 9.9955E-05 0.875118 9.9955E-05 9.9955E-05 0.0498425 9.9955E-05 0.0326617 0.0418776
0.00862453 0.0141621 0.929428 9.9964E-05 9.9964E-05 0.0151215 9.9964E-05 9.9964E-05 0.0322644
0.0361615 9.9964E-05 0.842394 0.0129161 9.9964E-05 9.9964E-05 9.9964E-05 0.0286473 0.0794818
9.9955E-05 9.9955E-05 0.860091 9.9955E-05 0.0102206 9.9955E-05 0.0536395 9.9955E-05 0.0755489
9.9964E-05 9.9964E-05 0.858242 9.9964E-05 9.9964E-05 0.00983323 0.0829395 0.0305284 0.0180576
9.9964E-05 9.9964E-05 0.840353 0.0533487 0.0505564 9.9964E-05 9.9964E-05 0.0199863 0.0353557
0.0697764 9.9964E-05 0.842091 9.9964E-05 0.00311924 9.9964E-05 9.9964E-05 0.0198333 0.0647801
9.9964E-05 9.9964E-05 0.788485 9.9964E-05 9.9964E-05 0.0279276 0.013548 0.0377919 0.131848
0.269362 0.0241531 0.564457 9.9964E-05 0.0796477 0.0619799 9.9964E-05 9.9964E-05 9.9964E-05
0.257043 0.0179603 0.553204 9.9964E-05 0.0129692 0.158424 9.9964E-05 9.9964E-05 9.9964E-05
0.381762 9.9964E-05 0.50684 9.9964E-05 0.0648704 0.0121541 9.9964E-05 9.9964E-05 0.0339737
0.364775 0.00931136 0.515548 0.0206986 0.089267 9.9964E-05 9.9964E-05 9.9964E-05 9.9964E-05
0.214924 0.229756 0.0908348 0.0253671 0.0449926 0.0068559 9.9982E-05 0.387069 9.9982E-05
0.158952 0.221763 0.0210786 0.00626468 0.032541 0.077285 9.9991E-05 0.480313 0.00170333
0.106603 0.145042 9.9964E-05 0.103996 9.9964E-05 0.0848734 9.9964E-05 0.559086 9.9964E-05
0.299948 0.109878 0.0666545 0.0738696 0.0677727 0.0410127 9.9982E-05 0.340665 9.9982E-05
0.617943 0.000850525 9.9982E-05 0.0996083 0.00299667 0.186303 0.0460506 0.0460479 9.9982E-05
0.036541 0.121498 0.0853554 0.0762917 9.9973E-05 0.0115224 9.9973E-05 0.668492 9.9973E-05
0.0497288 0.23685 9.9982E-05 9.9982E-05 0.0728529 0.0339111 0.0124115 0.589211 0.00483551
9.9973E-05 0.292777 9.9973E-05 0.0540997 0.0482765 0.0928666 9.9973E-05 0.44915 0.0625296
9.9955E-05 0.552885 9.9955E-05 0.0381478 9.9955E-05 9.9955E-05 0.0510459 0.357422 9.9955E-05
9.9982E-05 0.0925562 0.0314117 0.132309 9.9982E-05 0.126931 0.00434213 0.607083 0.00516738
0.0483828 0.38274 9.9955E-05 9.9955E-05 9.9955E-05 0.11971 9.9955E-05 0.448668 9.9955E-05
0.0140573 0.743055 9.9964E-05 0.0126548 0.176243 0.05359 9.9964E-05 9.9964E-05 9.9964E-05
0.169229 0.127131 0.0903777 0.0640988 0.0556894 0.0377571 9.9982E-05 0.455517 9.9982E-05
0.0452345 0.471508 9.9982E-05 0.126305 0.119924 9.9982E-05 0.0167911 0.189139 0.0308977
9.9973E-05 0.306188 9.9973E-05 0.056906 0.0248033 0.0548896 9.9973E-05 0.542139 0.0147737
0.171873 0.630127 0.00797014 9.9964E-05 9.9964E-05 0.121189 9.9964E-05 0.0684413 9.9964E-05
9.9955E-05 9.9955E-05 0.0119243 0.0912372 9.9955E-05 0.818036 9.9955E-05 9.9955E-05 0.078303
9.9964E-05 9.9964E-05 0.0101037 0.182005 9.9964E-05 0.791605 0.00390448 0.0119818 9.9964E-05
9.9946E-05 9.9946E-05 9.9946E-05 0.0049927 0.100754 0.893654 9.9946E-05 9.9946E-05 9.9946E-05
9.9964E-05 0.030018 0.0407918 0.0831466 0.0019763 0.843668 9.9964E-05 9.9964E-05 9.9964E-05
9.9964E-05 9.9964E-05 9.9964E-05 9.9964E-05 0.0865783 0.840766 0.010015 0.0514299 0.0108112
9.9955E-05 9.9955E-05 9.9955E-05 9.9955E-05 0.0225233 0.874848 0.0738996 0.0282289 9.9955E-05
9.9955E-05 0.028748 0.871734 9.9955E-05 9.9955E-05 9.9955E-05 9.9955E-05 0.0786005 0.020418
0.0114558 9.9973E-05 0.810216 9.9973E-05 9.9973E-05 0.0215945 0.0415715 0.081302 0.0335598
0.0785753 9.9964E-05 0.751881 9.9964E-05 9.9964E-05 9.9964E-05 0.0811744 0.0820492 0.00592022
0.0711504 9.9964E-05 0.767826 9.9964E-05 9.9964E-05 9.9964E-05 0.0966197 0.0462351 0.0177686
0.0924607 9.9955E-05 0.787053 0.00867995 9.9955E-05 9.9955E-05 0.111306 9.9955E-05 9.9955E-05
0.065612 0.0327107 0.285812 0.0183874 9.9973E-05 0.493296 9.9973E-05 9.9973E-05 0.103882
9.9973E-05 0.0740474 0.444013 0.00820595 0.0399992 0.416898 9.9973E-05 9.9973E-05 0.0165359
9.9955E-05 0.050306 0.406673 9.9955E-05 0.0928775 0.449643 9.9955E-05 9.9955E-05 9.9955E-05
0.0442292 9.9955E-05 0.811325 9.9955E-05 9.9955E-05 9.9955E-05 0.0151742 0.128772 9.9955E-05
9.9955E-05 0.10495 0.360431 9.9955E-05 9.9955E-05 0.481177 9.9955E-05 9.9955E-05 0.0529422
9.9973E-05 9.9973E-05 0.103008 9.9973E-05 0.0132008 0.00546746 0.241381 0.380107 0.256536
0.12604 9.9964E-05 0.133552 9.9964E-05 9.9964E-05 9.9964E-05 0.186078 0.53951 0.0144205
0.00663989 9.9964E-05 0.200805 9.9964E-05 9.9964E-05 9.9964E-05 0.172375 0.601502 0.0182782
9.9991E-05 0.0481014 0.220706 0.0511615 0.014559 0.0102108 0.078128 0.446809 0.130225
9.9973E-05 0.0850948 0.0949573 9.9973E-05 0.0353317 0.174006 0.243031 0.36728 9.9973E-05
9.9964E-05 9.9964E-05 0.31903 0.0911323 9.9964E-05 9.9964E-05 0.210709 0.0281862 0.350542
0.298235 0.0283486 9.9973E-05 0.00185894 0.115171 0.188458 9.9973E-05 0.367629 9.9973E-05
0.186687 0.164363 0.0117973 9.9982E-05 0.0598703 0.130139 9.9982E-05 0.337086 0.109857
0.717849 9.9955E-05 0.106275 9.9955E-05 9.9955E-05 0.0287795 9.9955E-05 0.146597 9.9955E-05
0.183988 0.092426 9.9973E-05 0.0345825 0.221317 0.0345425 9.9973E-05 0.432843 9.9973E-05
0.190998 0.285755 9.9964E-05 0.0293492 0.379868 9.9964E-05 9.9964E-05 9.9964E-05 0.11363
0.204318 9.9973E-05 0.170974 0.0319708 0.0952576 9.9973E-05 0.0236385 0.473541 9.9973E-05
0.304466 9.9973E-05 9.9973E-05 0.0611997 0.106518 0.0173708 9.9973E-05 0.431961 0.0781848
0.432118 0.00629408 0.0118443 0.0150744 0.0837677 0.139728 9.9982E-05 0.310973 9.9982E-05
0.120534 0.0353513 0.0329272 0.0268432 0.0178404 0.180558 0.0326091 0.446547 0.10679
0.519221 0.113202 9.9973E-05 0.0807816 0.108407 9.9973E-05 9.9973E-05 0.0376494 0.140439
0.0973105 0.00637371 9.9991E-05 0.0913709 0.167737 0.124005 0.0359672 0.47292 0.00421568
0.217368 9.9973E-05 9.9973E-05 0.111185 0.00823546 0.167681 9.9973E-05 0.451349 0.043882
0.161172 0.123135 0.0896424 9.9973E-05 9.9973E-05 9.9973E-05 0.183168 0.348148 0.0944339
0.313785 0.00392774 9.9982E-05 0.116765 0.158791 0.0729206 9.9982E-05 0.32169 0.0119213
0.171071 0.117417 9.9973E-05 9.9973E-05 0.0811877 0.156253 9.9973E-05 0.422345 0.051426
0.260705 0.118183 9.9982E-05 0.161476 0.0549512 9.9982E-05 0.091772 0.308291 0.0044214
0.215106 0.138963 0.00131944 0.154994 9.9982E-05 0.03662 0.00396193 0.448836 9.9982E-05
0.107687 0.0293213 9.9982E-05 0.115144 0.0272376 0.0983246 0.0214572 0.600629 9.9982E-05
0.0526395 0.182429 0.100616 0.00872789 9.9991E-05 0.0682372 0.0726855 0.427259 0.0873061
0.0989794 0.142861 0.0682843 9.9982E-05 9.9982E-05 0.138235 0.00914036 0.51594 0.02636
9.9964E-05 0.00532393 0.760465 0.033766 9.9964E-05 9.9964E-05 0.116545 0.0834999 9.9964E-05
9.9973E-05 0.0476932 0.819022 0.00584937 0.0324792 9.9973E-05 0.0400171 0.0546387 9.9973E-05
9.9973E-05 9.9973E-05 0.7366 0.00643994 0.0475986 0.0944924 9.9973E-05 0.0592229 0.0553468
9.9964E-05 0.0921984 0.796966 9.9964E-05 0.0413929 0.0401822 0.0288603 9.9964E-05 9.9964E-05
9.9964E-05 9.9964E-05 0.808139 0.0552373 0.0234103 9.9964E-05 0.0569646 0.0558492 9.9964E-05
0.612635 0.016325 9.9973E-05 0.0368461 9.9973E-05 0.161125 9.9973E-05 0.0812744 0.0914941
0.311625 9.9973E-05 0.0210261 9.9973E-05 0.137418 9.9973E-05 0.0172971 0.388527 0.123807
0.0288591 9.9991E-05 0.186446 0.15378 0.0421838 0.0136006 0.143967 0.384924 0.0461385
0.0584404 0.0476683 9.9991E-05 0.0702983 0.0505097 0.111785 0.0390106 0.551577 0.0706109
0.254414 0.0502562 0.0291314 9.9982E-05 0.0669265 0.0620914 9.9982E-05 0.445718 0.0912626
0.409481 9.9982E-05 9.9982E-05 0.0590032 0.0938418 0.127154 0.0212008 0.163503 0.125617
0.665504 0.011335 0.0792912 9.9973E-05 0.00767077 0.123622 9.9973E-05 9.9973E-05 0.112277
0.251381 0.0371549 9.9982E-05 0.0675291 0.0475828 0.144014 0.0188395 0.433299 9.9982E-05
0.373771 9.9982E-05 0.0869384 0.0153547 0.144652 0.234864 0.00785749 0.136362 9.9982E-05
0.151583 0.0869467 9.9982E-05 0.0619708 9.9982E-05 0.111964 0.0605682 0.421517 0.105251
0.562618 9.9973E-05 0.0830565 9.9973E-05 0.0927397 0.145402 9.9973E-05 0.0794094 0.0364741
0.173086 0.00714739 0.0855233 0.0775934 9.9991E-05 0.109123 0.029474 0.498356 0.0195964
0.579444 0.0151641 0.0682909 0.0799347 0.00114298 0.145043 0.0587262 0.0521542 9.9991E-05
0.323921 0.0783244 9.9991E-05 0.0540356 0.113842 0.0494182 0.0897012 0.24912 0.041538
0.0457358 0.059661 0.0100467 0.265086 0.0347071 0.11224 0.0164124 0.456011 9.9991E-05
0.147204 9.9973E-05 0.00278348 0.565978 0.0349508 9.9973E-05 9.9973E-05 0.212545 0.0362388
0.159717 9.9973E-05 0.0530235 0.327212 0.0104738 0.0193103 9.9973E-05 0.429963 9.9973E-05
0.0379789 0.0992476 0.111488 0.227831 9.9973E-05 9.9973E-05 9.9973E-05 0.47918 0.0439743
0.0450833 0.00781673 9.9982E-05 0.51805 0.0662567 0.064636 9.9982E-05 0.280283 0.0176742
0.100523 0.0909366 0.00969882 0.123361 0.0901674 0.0270256 0.0822563 0.386538 0.0894932
9.9982E-05 0.0534341 0.00547978 0.211552 0.109489 0.0884859 9.9982E-05 0.518024 0.0133352
0.0659389 0.12544 9.9964E-05 0.758225 0.0297754 0.0202211 9.9964E-05 9.9964E-05 9.9964E-05
9.9955E-05 0.065257 9.9955E-05 0.619369 9.9955E-05 9.9955E-05 9.9955E-05 0.175184 0.13969
0.0371436 0.0163087 0.0160857 0.403934 0.020352 0.0349851 9.9991E-05 0.459522 0.0115687
0.101543 0.183935 9.9982E-05 0.521537 0.0879381 0.0445847 9.9982E-05 0.0578256 0.00243702
0.191053 9.9964E-05 9.9964E-05 0.331047 9.9964E-05 0.045151 9.9964E-05 0.383555 0.0487947
0.635899 0.0893273 9.9982E-05 9.9982E-05 0.0229035 0.149749 0.0138483 0.0356701 0.0524033
0.288674 0.0147153 9.9973E-05 9.9973E-05 0.269518 0.136215 9.9973E-05 0.230307 0.0602715
0.411117 9.9973E-05 0.0287786 9.9973E-05 0.0853964 0.139545 0.0202263 0.314637 9.9973E-05
0.165019 0.0125154 9.9982E-05 9.9982E-05 0.0175762 0.0404007 0.0475494 0.60157 0.115169
0.475206 0.121027 9.9973E-05 0.0157761 9.9973E-05 0.21642 0.0426632 0.128607 9.9973E-05
0.103185 9.9973E-05 0.0136204 9.9973E-05 0.1467 0.0822241 9.9973E-05 0.531952 0.122019
0.163173 0.0261272 0.00717444 0.0142581 0.0932017 0.119538 0.0614247 0.515003 9.9991E-05
0.285048 0.0279706 9.9973E-05 9.9973E-05 9.9973E-05 0.122767 0.00723579 0.510983 0.0456963
0.184153 0.0377209 0.0108734 9.9982E-05 0.090866 0.160693 0.0217806 0.493713 9.9982E-05
0.2762 0.119919 0.029138 9.9982E-05 0.0202521 0.114763 0.0466628 0.392864 9.9982E-05
0.438819 0.0881123 9.9964E-05 9.9964E-05 9.9964E-05 0.254549 0.0446463 0.173473 9.9964E-05
0.350412 0.0354321 9.9982E-05 0.00436412 0.0340244 0.228708 0.00153448 0.345325 9.9982E-05
0.111772 0.0782185 9.9982E-05 0.0247506 0.0378334 0.0977396 9.9982E-05 0.64305 0.00643619
0.159227 0.00824396 0.0150555 9.9982E-05 0.0337284 0.077093 9.9982E-05 0.620051 0.0864019
0.291645 0.0222101 9.9982E-05 0.0111603 0.0597055 0.0932591 9.9982E-05 0.425335 0.0964845
0.201423 0.0340831 9.9973E-05 9.9973E-05 0.0935869 0.148116 0.0172375 0.505254 9.9973E-05
0.269102 9.9964E-05 9.9964E-05 0.0121115 9.9964E-05 0.268435 9.9964E-05 0.36635 0.0836023
0.145453 0.0544268 9.9964E-05 9.9964E-05 0.0218051 0.167049 9.9964E-05 0.610866 9.9964E-05
0.174881 9.9982E-05 0.0637883 0.14503 0.045593 0.115514 0.00258711 0.452407 9.9982E-05
9.99902E-05 0.0477331 0.129729 0.0380639 0.107576 0.134903 9.99902E-05 0.525585 0.016209
0.0603804 0.0165721 0.357199 9.9973E-05 9.9973E-05 9.9973E-05 0.110746 0.401031 0.0537714
0.0528672 0.0562059 0.068128 0.0678114 0.0562731 9.9991E-05 0.203151 0.416814 0.0786495
0.0335887 0.116392 0.101937 0.117091 0.0184253 9.9991E-05 0.193436 0.352976 0.0660548
0.0818997 9.9982E-05 0.00318591 9.9982E-05 0.0106976 0.100287 0.04334 0.585497 0.174893
0.0874801 0.0917724 0.203923 9.9982E-05 0.0639867 9.9982E-05 0.174629 0.374978 0.00303122
0.274975 0.0119871 9.9982E-05 0.0816019 0.183545 0.00838018 0.00380236 0.435508 9.9982E-05
0.0240381 0.105588 0.189124 0.0220676 0.0426649 0.0333709 0.0232613 0.547613 0.0122722
0.0987255 0.158532 0.15364 0.169885 9.9982E-05 9.9982E-05 0.0440821 0.0390542 0.335882
0.217638 0.0361296 0.0883149 0.0164267 0.00151352 9.9982E-05 0.18668 0.453097 9.9982E-05
9.9982E-05 9.9982E-05 0.122169 0.0173299 0.135689 0.0857383 0.114664 0.507957 0.016253
0.102532 0.0290564 9.9982E-05 0.0509085 0.133856 0.0328696 0.258772 0.391805 9.9982E-05
0.148263 0.0569464 0.122111 0.0814751 0.0465906 9.9991E-05 0.0749385 0.261174 0.208401
0.0385812 0.0327811 0.211813 9.9973E-05 9.9973E-05 9.9973E-05 0.00796576 0.60671 0.101849
0.105873 9.9982E-05 0.0974638 0.109265 0.0180176 9.9982E-05 0.15486 0.463106 0.0512142
0.0602537 0.0241447 0.304661 9.9973E-05 0.0394733 9.9973E-05 0.123415 9.9973E-05 0.447752
0.0198299 9.9973E-05 0.220045 9.9973E-05 0.0932261 9.9973E-05 0.0798507 0.544078 0.0426703
0.0441547 9.9982E-05 0.0361773 0.0461067 0.0427607 9.9982E-05 0.145355 0.579555 0.10569
0.0660183 9.9982E-05 0.118635 0.153336 0.0229726 9.9982E-05 0.0849706 0.502537 0.05133
9.9982E-05 0.0598372 0.152385 0.00851188 9.9982E-05 0.0208694 0.0656791 0.472405 0.220113
0.0698531 9.9982E-05 0.174594 0.0501627 9.9982E-05 0.0192503 0.0315606 0.566741 0.0876381
9.9973E-05 0.143741 0.0766776 9.9973E-05 0.284471 0.0390729 0.069683 0.386055 9.9973E-05
9.9973E-05 9.9973E-05 0.0483102 0.102924 0.182203 0.100468 9.9973E-05 0.503822 0.061973
0.149725 0.00591544 9.9955E-05 0.0154062 0.828454 9.9955E-05 9.9955E-05 9.9955E-05 9.9955E-05
0.0635 9.99549E-05 9.99549E-05 0.0354681 0.869822 0.0307101 9.99549E-05 9.99549E-05 9.99549E-05
0.0094115 0.0327003 0.0394155 0.0604138 0.247611 0.0493341 9.9982E-05 0.560914 9.9982E-05
9.9973E-05 9.9973E-05 0.108812 0.153073 0.0295173 9.9973E-05 0.180914 0.409384 0.118
9.9964E-05 9.9964E-05 0.013973 9.9964E-05 0.142372 9.9964E-05 0.202868 0.427302 0.213084
0.0360653 0.0278703 0.185787 9.9982E-05 0.101717 9.9982E-05 0.238369 0.230945 0.179045
0.0217209 9.9973E-05 0.124972 9.9973E-05 0.128549 9.9973E-05 0.109243 0.401778 0.213437
9.9964E-05 9.9964E-05 0.0359388 9.9964E-05 0.636977 9.9964E-05 0.0121368 0.100039 0.214508
9.9964E-05 9.9964E-05 0.0241615 9.9964E-05 0.619218 9.9964E-05 0.00341296 0.146853 0.205955
0.0175691 9.9973E-05 9.9973E-05 9.9973E-05 0.264689 0.0480263 0.0677235 0.571313 0.0303798
9.9955E-05 9.9955E-05 0.0592016 9.9955E-05 0.427307 9.9955E-05 0.0487053 0.464286 9.9955E-05
9.9964E-05 9.9964E-05 0.0855149 9.9964E-05 0.61973 9.9964E-05 0.0262681 0.210038 0.0580499
0.00475658 9.9991E-05 0.0279471 0.154746 0.227125 0.044428 0.0557368 0.451396 0.0337645
9.9973E-05 9.9973E-05 9.9973E-05 0.0192159 0.362794 0.0649982 0.0679022 0.470612 0.0141779
9.9991E-05 0.0212616 0.100007 0.068661 0.193581 0.0473515 0.0496854 0.500431 0.0189218
0.0591455 9.9973E-05 0.0304539 0.0211943 0.545456 0.001268 9.9973E-05 0.342182 9.9973E-05
0.106849 0.112076 9.9973E-05 0.0249999 0.459219 9.9973E-05 0.00721243 0.289344 9.9973E-05
9.9973E-05 0.0681139 0.0538213 0.0529405 0.225526 0.106491 9.9973E-05 0.492807 9.9973E-05
0.0586921 9.9982E-05 0.0183095 9.9982E-05 0.368428 0.0843653 0.0546533 0.382741 0.03261
9.9991E-05 0.0844731 0.0393286 0.00312112 0.081968 0.14773 0.00469523 0.536315 0.102269
0.0645935 9.9955E-05 9.9955E-05 0.17801 0.322798 9.9955E-05 9.9955E-05 0.434099 9.9955E-05
9.9955E-05 9.9955E-05 9.9955E-05 0.0612095 0.604717 0.118705 9.9955E-05 0.214869 9.9955E-05
9.9964E-05 0.142935 0.0109875 9.9964E-05 0.227082 9.9964E-05 9.9964E-05 0.582893 0.0357029
0.03599 0.0195093 9.9964E-05 9.9964E-05 0.698279 0.0280142 9.9964E-05 0.217808 9.9964E-05
0.0825583 9.9955E-05 9.9955E-05 9.9955E-05 0.509132 9.9955E-05 9.9955E-05 0.395472 0.0123383
9.9973E-05 0.0553668 0.0538868 9.9973E-05 0.229207 0.0570702 9.9973E-05 0.596421 0.00774895
0.0848974 0.173641 0.0248089 0.056184 0.251823 0.00162664 9.9982E-05 0.406819 9.9982E-05
0.0593545 9.9991E-05 0.0875223 0.0911395 0.104719 0.0855411 0.181536 0.371699 0.0183879
0.163559 9.9991E-05 0.043131 0.00357166 0.168759 0.0116028 0.105908 0.400904 0.102464
9.9991E-05 0.0016923 0.107305 0.135402 0.0384905 0.0219552 0.193999 0.361815 0.139241
0.119773 0.0613206 0.116479 0.052859 0.0715043 0.0279899 0.107484 0.374875 0.067715
0.0695638 0.0445091 0.117716 0.0481628 9.9991E-05 0.123103 0.0742657 0.493348 0.029232
9.9982E-05 9.9982E-05 0.112191 0.036745 0.169595 0.0999109 0.107096 0.38488 0.0893821
9.9964E-05 9.9964E-05 0.177285 9.9964E-05 0.596036 0.0329018 0.0977429 9.9964E-05 0.0956339
9.9964E-05 9.9964E-05 0.105534 9.9964E-05 0.0908381 0.0646118 0.127579 0.611037 9.9964E-05
9.9964E-05 9.9964E-05 0.280099 0.000839564 0.411809 9.9964E-05 0.0869651 9.9964E-05 0.219888
9.9964E-05 9.9964E-05 0.01904 9.9964E-05 0.247921 9.9964E-05 0.132471 0.518124 0.0820436
9.9946E-05 0.156764 9.9946E-05 9.9946E-05 0.755988 9.9946E-05 9.9946E-05 0.0866487 9.9946E-05
0.0533912 0.126196 9.99459E-05 9.99459E-05 0.819814 9.99459E-05 9.99459E-05 9.99459E-05 9.99459E-05
0.00788817 0.116831 9.9964E-05 0.106906 0.378904 9.9964E-05 9.9964E-05 0.389072 9.9964E-05
9.9946E-05 9.9946E-05 0.0705452 9.9946E-05 0.336287 9.9946E-05 9.9946E-05 0.592568 9.9946E-05
0.0630935 0.0032498 9.9955E-05 9.9955E-05 0.576275 9.9955E-05 9.9955E-05 0.356882 9.9955E-05
9.9955E-05 0.103018 9.9955E-05 9.9955E-05 0.377727 0.022428 9.9955E-05 0.496327 9.9955E-05
9.9946E-05 9.9946E-05 9.9946E-05 0.0134456 0.468841 9.9946E-05 9.9946E-05 0.517114 9.9946E-05
0.0140292 9.9973E-05 0.795398 9.9973E-05 0.08139 9.9973E-05 0.02587 0.0653523 0.0176605
9.9973E-05 0.00225751 0.698326 0.0196481 0.031514 0.127762 0.120193 9.9973E-05 9.9973E-05
0.0343607 9.9964E-05 0.863304 9.9964E-05 9.9964E-05 0.0200263 0.07695 9.9964E-05 0.00495881
9.9955E-05 9.9955E-05 0.943481 9.9955E-05 0.0150641 9.9955E-05 9.9955E-05 0.0361293 0.00482551
9.9973E-05 0.354824 0.00559707 0.0107934 9.9973E-05 0.0846438 9.9973E-05 0.522351 0.0214908
0.0651137 0.386603 0.0162505 9.9973E-05 9.9973E-05 0.0471794 0.0338971 0.450656 9.9973E-05
0.0540726 0.415584 9.9964E-05 9.9964E-05 0.0166637 0.0215483 9.9964E-05 0.491732 9.9964E-05
9.9955E-05 0.264287 0.0835798 0.0664763 9.9955E-05 9.9955E-05 9.9955E-05 0.585158 9.9955E-05
9.9973E-05 0.15534 0.109534 0.0305806 9.9973E-05 0.189241 0.01924 0.495765 9.9973E-05
0.11657 0.520616 0.00841027 0.0419262 0.0508988 0.0167905 0.0278754 0.216813 9.9991E-05
9.9964E-05 0.307188 0.0329828 9.9964E-05 0.0320513 0.0257165 9.9964E-05 0.601662 9.9964E-05
9.9955E-05 0.5086 9.9955E-05 0.17303 0.00532006 9.9955E-05 9.9955E-05 0.31255 9.9955E-05
0.00209521 9.9991E-05 0.280878 0.0106261 0.0138668 0.0855513 0.0155531 0.525669 0.0656606
0.0637366 0.361001 9.9964E-05 9.9964E-05 0.0576304 9.9964E-05 9.9964E-05 0.485263 0.0319686
0.00370144 0.480446 9.9973E-05 9.9973E-05 9.9973E-05 0.106736 0.0247105 0.323031 0.0610745
0.0959062 0.324486 9.9955E-05 9.9955E-05 0.0139 9.9955E-05 9.9955E-05 0.565209 9.9955E-05
0.124103 0.400214 0.00281605 9.9964E-05 0.0408353 9.9964E-05 9.9964E-05 0.431632 9.9964E-05
9.9946E-05 0.329926 9.9946E-05 9.9946E-05 0.0699842 9.9946E-05 9.9946E-05 0.59949 9.9946E-05
9.9973E-05 0.354447 0.0520554 9.9973E-05 0.0314658 0.0456008 0.0458772 0.470254 9.9973E-05
9.9955E-05 0.829336 9.9955E-05 0.0261603 0.0309713 9.9955E-05 9.9955E-05 0.113032 9.9955E-05
9.9964E-05 0.600555 0.0183012 0.113535 9.9964E-05 9.9964E-05 0.0521584 0.215051 9.9964E-05
9.9955E-05 0.505816 9.9955E-05 9.9955E-05 9.9955E-05 0.0535753 9.9955E-05 0.39689 0.0432196
9.9955E-05 0.87672 9.9955E-05 0.0282892 0.057577 9.9955E-05 9.9955E-05 9.9955E-05 0.0369141
0.0893534 0.346261 0.00806013 9.9973E-05 0.0538354 0.0968471 9.9973E-05 0.405343 9.9973E-05
9.9973E-05 0.58319 9.9973E-05 0.192572 0.0364963 0.00880898 9.9973E-05 0.0902799 0.0883532
9.9946E-05 0.78604 9.9946E-05 9.9946E-05 0.0429537 9.9946E-05 9.9946E-05 9.9946E-05 0.170407
0.00838937 0.270368 0.0211131 9.9964E-05 9.9964E-05 9.9964E-05 9.9964E-05 0.626639 0.073091
0.0749578 0.558733 0.0434346 0.0529035 9.9973E-05 0.0543867 9.9973E-05 0.215285 9.9973E-05
0.0568349 0.466255 0.01051 0.0206064 9.9982E-05 0.0834899 0.0153611 0.346743 9.9982E-05
9.9973E-05 0.139644 0.134236 9.9973E-05 0.0416149 9.9973E-05 0.0259761 0.619853 0.0383763
0.0722927 0.386788 9.9946E-05 9.9946E-05 9.9946E-05 9.9946E-05 9.9946E-05 0.54032 9.9946E-05
0.359418 0.0593834 9.9991E-05 0.0804742 0.123285 0.00337956 0.0341012 0.307239 0.0326202
0.0329814 0.315309 9.9973E-05 9.9973E-05 0.0595656 0.0376134 0.0134439 0.540787 9.9973E-05
0.183288 0.285446 0.0165335 0.0937417 9.9973E-05 9.9973E-05 0.0860798 0.334612 9.9973E-05
9.9946E-05 0.652647 9.9946E-05 0.0633265 9.9946E-05 9.9946E-05 9.9946E-05 0.283427 9.9946E-05
9.9991E-05 0.130053 0.0634278 0.12015 0.0971102 0.00506878 0.0430251 0.507984 0.0330807
0.0640074 0.0171216 0.620756 0.0926093 9.9982E-05 0.173308 0.00392641 9.9982E-05 0.0280713
0.07671 0.0876934 0.724333 9.9973E-05 9.9973E-05 0.0229452 9.9973E-05 0.0260167 0.0620013
0.0511066 0.00273254 0.783782 0.0183974 9.9973E-05 0.0803117 9.9973E-05 9.9973E-05 0.0633703
0.0130586 0.0463957 0.791782 9.9964E-05 9.9964E-05 0.110539 9.9964E-05 9.9964E-05 0.0378247
0.0805623 9.9955E-05 0.699905 0.108061 9.9955E-05 0.110972 9.9955E-05 9.9955E-05 9.9955E-05
0.18731 0.603425 0.0216042 9.9973E-05 9.9973E-05 0.0170166 0.0210478 0.149296 9.9973E-05
0.0880435 0.706281 0.0873193 0.00185732 0.00652516 0.0246323 9.9982E-05 0.085141 9.9982E-05
