0.0330881 0.0347853 9.9964E-05 0.864318 9.9964E-05 9.9964E-05 0.0170155 9.9964E-05 0.0503929
9.9955E-05 9.9955E-05 9.9955E-05 0.890432 9.9955E-05 0.0341289 9.9955E-05 0.0339759 0.0409637
9.9946E-05 9.9946E-05 9.9946E-05 0.799947 0.148076 9.9946E-05 9.9946E-05 9.9946E-05 0.0513776
0.0712982 0.0509197 9.9964E-05 0.748479 0.0432383 9.9964E-05 9.9964E-05 9.9964E-05 0.0856653
0.0207389 9.9973E-05 9.9973E-05 0.844278 0.0344797 9.9973E-05 0.00422506 0.0494256 0.0465524
9.9982E-05 0.0224464 0.076621 0.615475 0.144005 0.0365421 0.0571762 9.9982E-05 0.0475351
9.9955E-05 0.135858 0.0483059 0.777713 9.9955E-05 9.9955E-05 9.9955E-05 9.9955E-05 0.0376235
0.0278483 0.0219543 0.134298 0.685335 9.9982E-05 9.9982E-05 0.0458056 0.00440533 0.0801539
9.99729E-05 9.99729E-05 0.0297359 0.815183 9.99729E-05 0.0402138 0.072817 0.0204764 0.0212743
0.0368731 0.036209 0.0593575 0.689245 0.0788269 9.9982E-05 9.9982E-05 0.0646284 0.03466
9.9982E-05 0.0832824 0.0586712 0.69628 0.00330785 9.9982E-05 0.0559709 0.0229076 0.0793802
0.0176134 0.819808 0.00292498 9.9973E-05 0.138589 9.9973E-05 0.0123351 9.9973E-05 0.00842988
0.0146272 0.50808 0.0143321 9.9964E-05 0.424011 9.9964E-05 9.9964E-05 9.9964E-05 0.03855
0.0896867 0.795712 9.9964E-05 0.0488815 0.0389901 9.9964E-05 9.9964E-05 0.0263303 9.9964E-05
0.159302 0.63896 9.9964E-05 0.022709 0.173902 9.9964E-05 9.9964E-05 0.00472645 9.9964E-05
0.152251 0.378699 0.025483 0.110098 0.285289 0.0127455 9.9982E-05 9.9982E-05 0.0352345
0.135353 0.402516 9.9955E-05 9.9955E-05 0.414449 9.9955E-05 9.9955E-05 0.0471821 9.9955E-05
0.0275347 0.444495 0.0807759 9.9973E-05 0.338905 0.0750333 9.9973E-05 9.9973E-05 0.032956
0.0457371 0.606964 9.9955E-05 0.136583 0.210216 9.9955E-05 9.9955E-05 9.9955E-05 9.9955E-05
9.9955E-05 0.796281 0.0486274 0.0397146 9.9955E-05 9.9955E-05 0.114877 9.9955E-05 9.9955E-05
0.0804767 0.369446 9.9991E-05 0.0428619 0.28823 0.126053 0.0229984 0.0230088 0.0468249
0.0302621 0.246607 0.144017 0.00910493 0.425574 0.0607664 9.9991E-05 0.0670521 0.0165157
9.9982E-05 0.20657 0.0486327 0.0646106 0.543913 0.00256295 9.9982E-05 0.117928 0.0155823
0.114816 0.713664 9.9955E-05 9.9955E-05 0.161014 0.0100065 9.9955E-05 9.9955E-05 9.9955E-05
9.9964E-05 0.13123 0.0813412 0.0528582 0.629938 9.9964E-05 9.9964E-05 9.9964E-05 0.104233
0.059848 0.410423 9.9964E-05 0.0961263 0.401772 0.0314309 9.9964E-05 9.9964E-05 9.9964E-05
0.103164 0.896137 9.9937E-05 9.9937E-05 9.9937E-05 9.9937E-05 9.9937E-05 9.9937E-05 9.9937E-05
0.173899 0.821669 9.9946E-05 0.0038328 9.9946E-05 9.9946E-05 9.9946E-05 9.9946E-05 9.9946E-05
0.036337 0.801124 9.9964E-05 9.9964E-05 0.0501671 9.9964E-05 9.9964E-05 0.0811523 0.0308199
0.0682651 0.0274906 9.9955E-05 0.830311 0.0734339 9.9955E-05 9.9955E-05 9.9955E-05 9.9955E-05
9.9946E-05 0.0649171 9.9946E-05 0.824692 0.109791 9.9946E-05 9.9946E-05 9.9946E-05 9.9946E-05
0.019872 9.9964E-05 9.9964E-05 0.758194 0.187467 0.00507476 0.0289921 9.9964E-05 9.9964E-05
0.0854435 9.9955E-05 9.9955E-05 0.730644 0.0780608 0.105351 9.9955E-05 9.9955E-05 9.9955E-05
9.9973E-05 0.0681523 9.9973E-05 0.026167 0.571358 0.242176 9.9973E-05 0.0815539 0.0102933
0.0443585 0.106372 9.9973E-05 0.10466 0.52388 0.219474 9.9973E-05 9.9973E-05 0.000955085
9.9946E-05 9.9946E-05 9.9946E-05 0.0482479 0.519802 0.43135 9.9946E-05 9.9946E-05 9.9946E-05
9.9964E-05 0.463181 9.9964E-05 0.105189 0.108993 0.0807756 0.241462 9.9964E-05 9.9964E-05
0.0302558 9.9982E-05 0.0417803 0.050233 0.201723 0.602044 0.0164163 0.0573471 9.9982E-05
9.9982E-05 0.267861 9.9982E-05 0.0848754 0.435265 0.171967 0.00841086 0.0119563 0.0194652
0.00813526 0.017085 0.0197978 0.102082 0.737652 0.0388046 9.9991E-05 0.00696041 0.0693831
9.9973E-05 0.0812465 0.129257 0.0984347 0.587421 0.0907444 9.9973E-05 9.9973E-05 0.0125968
9.9964E-05 9.9964E-05 0.0485779 0.102364 0.670506 0.145543 9.9964E-05 9.9964E-05 0.0326092
0.00819808 0.193791 0.00655379 0.00909485 0.0607319 0.642797 0.0502383 9.9991E-05 0.0284959
9.999E-05 0.0527648 0.199466 0.0104829 0.580571 0.0115876 0.0756152 0.0599134 0.00949855
0.110675 9.9973E-05 0.00538538 0.0884834 0.469871 0.2386 9.9973E-05 0.0866858 9.9973E-05
0.00241655 0.04844 9.9973E-05 0.218271 0.478641 0.207279 9.9973E-05 9.9973E-05 0.0446525
9.9946E-05 9.9946E-05 9.9946E-05 9.9946E-05 0.337323 0.64816 9.9946E-05 0.0139178 9.9946E-05
0.0371943 9.9973E-05 0.0779174 0.0207697 0.56352 0.282693 0.0176051 9.9973E-05 9.9973E-05
0.0336947 0.026027 0.116957 0.0110119 0.532287 0.152693 0.0438739 0.0451506 0.0383051
9.9955E-05 9.9955E-05 0.187237 0.0357682 9.9955E-05 0.72886 0.0476349 9.9955E-05 9.9955E-05
9.9982E-05 0.386401 0.050982 9.9982E-05 0.133381 0.157703 0.176401 0.0564564 0.0384755
0.00345677 0.33418 0.313678 9.9973E-05 9.9973E-05 0.160108 9.9973E-05 0.125965 0.0623127
0.0302839 0.123873 9.9991E-05 0.00312644 0.554295 0.0806009 0.0912241 0.0610469 0.0554494
0.159699 0.285444 0.0631498 0.0134643 0.413168 9.9982E-05 0.00566382 0.0592118 9.9982E-05
9.9973E-05 9.9973E-05 0.148568 0.0829726 0.56601 9.9973E-05 0.0430296 0.136272 0.0228487
9.999E-05 0.276438 0.00663091 0.0683163 0.125478 0.298829 0.13593 0.0172156 0.0710625
9.9982E-05 0.231434 0.108831 9.9982E-05 0.507434 0.0396037 0.0605921 0.0305744 0.021331
9.9973E-05 0.0909546 0.197421 0.025531 0.617867 0.050998 0.0169288 9.9973E-05 9.9973E-05
0.0447293 0.298147 0.0422658 0.0804812 0.256919 0.155264 0.0811444 0.039343 0.00170538
0.0526348 0.467526 0.0958614 0.191061 9.9973E-05 0.0952501 9.9973E-05 9.9973E-05 0.0973666
0.0191286 0.196391 0.0979566 9.9982E-05 0.421647 0.114691 0.0386636 9.9982E-05 0.111322
0.0356913 0.237485 0.0249048 0.109354 0.367705 0.0757792 0.0436784 0.0870088 0.0183929
9.9973E-05 0.636186 0.0314968 0.0466923 9.9973E-05 0.15595 0.0245247 9.9973E-05 0.10485
0.00144577 0.358589 0.0477831 9.9982E-05 0.437185 0.0206078 9.9982E-05 0.0929788 0.0412104
0.0597162 0.219122 0.0790992 9.9964E-05 0.526148 9.9964E-05 9.9964E-05 0.115515 9.9964E-05
0.0401705 0.0889039 0.0859364 0.0902252 0.470631 9.9991E-05 0.0422541 0.132079 0.0497005
9.999E-05 0.504722 0.0152315 0.0482392 0.237152 0.0960964 0.00588887 0.0624271 0.0301431
0.0435898 0.379934 0.109475 9.9982E-05 0.395653 0.0194709 9.9982E-05 0.00577134 0.0459062
0.0218567 0.058848 9.9982E-05 0.128517 0.593832 9.9982E-05 0.159265 0.0241213 0.0133599
9.9973E-05 0.671617 0.142738 9.9973E-05 0.13722 9.9973E-05 0.00984205 0.0329943 0.00528842
9.9973E-05 0.0707289 0.000196453 9.9973E-05 0.514311 0.338732 9.9973E-05 0.0442983 0.0314339
9.9955E-05 0.172622 9.9955E-05 9.9955E-05 0.207746 0.581441 0.0376901 9.9955E-05 9.9955E-05
0.0169202 0.0883015 0.0823474 0.0697542 0.556352 0.0711175 0.0278523 0.0272501 0.0601043
9.9937E-05 9.9937E-05 0.102769 9.9937E-05 9.9937E-05 0.896531 9.9937E-05 9.9937E-05 9.9937E-05
9.9964E-05 0.117741 0.0013568 9.9964E-05 9.9964E-05 0.802259 9.9964E-05 0.0431046 0.0351382
9.9955E-05 0.0146949 9.9955E-05 9.9955E-05 0.274397 0.677192 9.9955E-05 0.0332164 9.9955E-05
0.028781 0.0462307 0.00509384 0.028496 0.409377 0.430508 0.0189005 9.9991E-05 0.0325131
9.9982E-05 0.0362297 9.9982E-05 0.0991116 0.606404 0.0707125 0.00546786 0.101491 0.080384
0.0450124 9.9964E-05 0.044656 9.9964E-05 0.36695 0.487936 0.0550461 9.9964E-05 9.9964E-05
0.0389194 0.138726 9.9964E-05 9.9964E-05 0.115193 0.612973 9.9964E-05 9.9964E-05 0.0937883
9.9973E-05 0.0143911 9.9973E-05 0.0565924 0.236998 0.463504 0.116552 9.9973E-05 0.111662
0.157984 9.9982E-05 9.9982E-05 0.0503719 0.391806 0.237855 0.135452 0.0108203 0.0155103
0.0277559 0.199184 9.9973E-05 0.0396607 0.250293 0.47688 9.9973E-05 0.00592669 9.9973E-05
9.9964E-05 0.208521 0.0236972 0.0451477 0.366102 0.356132 9.9964E-05 9.9964E-05 9.9964E-05
9.9955E-05 9.9955E-05 0.110381 9.9955E-05 0.324249 0.516966 9.9955E-05 0.0479043 9.9955E-05
9.9955E-05 9.9955E-05 0.158323 9.9955E-05 9.9955E-05 0.688239 0.0435238 0.109414 9.9955E-05
0.0800312 9.9964E-05 0.115202 9.9964E-05 0.532617 0.196598 0.075153 9.9964E-05 9.9964E-05
9.9964E-05 0.00951544 9.9964E-05 0.80455 0.133215 9.9964E-05 0.019373 9.9964E-05 0.0329463
9.9946E-05 9.9946E-05 9.9946E-05 0.884422 0.105381 0.00959716 9.9946E-05 9.9946E-05 9.9946E-05
0.0236318 9.9964E-05 9.9964E-05 0.788113 0.116794 9.9964E-05 0.0528163 9.9964E-05 0.0182455
9.9946E-05 9.9946E-05 0.0514335 0.85349 0.0944767 9.9946E-05 9.9946E-05 9.9946E-05 9.9946E-05
0.0202719 9.9964E-05 9.9964E-05 0.838539 0.083243 0.0456376 9.9964E-05 9.9964E-05 0.0119084
0.0285178 9.9964E-05 0.0730082 0.8478 0.0485962 0.00167769 9.9964E-05 9.9964E-05 9.9964E-05
9.99461E-05 9.99461E-05 9.99461E-05 0.909056 0.0786213 9.99461E-05 9.99461E-05 0.0117233 9.99461E-05
0.064997 0.0321054 0.0453201 0.0823578 0.513385 0.216066 0.0305125 9.9991E-05 0.0151563
9.9991E-05 0.017586 0.150703 0.0843329 0.541444 0.0281424 0.120537 0.0272659 0.0298888
9.9955E-05 0.146475 9.9955E-05 0.0618497 0.0268703 0.764305 9.9955E-05 9.9955E-05 9.9955E-05
0.101478 0.0792013 0.0571438 0.0698523 0.544266 0.0965082 0.0333945 0.00379069 0.0143646
9.9973E-05 0.0742698 9.9973E-05 0.0584562 0.393861 0.422294 0.0276336 9.9973E-05 0.0231863
9.9955E-05 9.9955E-05 9.9955E-05 0.0800217 0.632278 0.272873 9.9955E-05 0.0143275 9.9955E-05
0.0422897 0.0246546 9.9982E-05 9.9982E-05 0.454284 0.294232 0.0653948 0.118627 0.000318216
0.0775935 9.9964E-05 0.0766125 0.0158109 0.407616 0.421967 9.9964E-05 9.9964E-05 9.9964E-05
9.9964E-05 0.12428 9.9964E-05 0.0564132 9.9964E-05 0.710765 0.0251312 9.9964E-05 0.0830109
9.9982E-05 0.073573 0.0830618 0.154609 0.505318 0.108288 0.0440295 9.9982E-05 0.0309198
9.9973E-05 0.016116 0.0864956 0.040331 0.639368 0.165848 9.9973E-05 9.9973E-05 0.0515414
0.191564 0.0114137 0.0322747 0.0326927 0.437321 0.124934 0.114392 9.9991E-05 0.0553081
0.0323154 9.9964E-05 0.159868 9.9964E-05 0.257574 0.544602 9.9964E-05 0.00523978 9.9964E-05
0.0497239 9.9973E-05 9.9973E-05 0.0224138 0.372992 0.46795 9.9973E-05 0.0569162 0.0297039
9.9982E-05 0.16617 9.9982E-05 0.0144567 0.403896 0.378203 0.0120748 0.0208026 0.00419641
0.150526 9.9955E-05 9.9955E-05 9.9955E-05 0.186008 0.620559 9.9955E-05 9.9955E-05 0.042408
9.9964E-05 0.0505424 9.9964E-05 0.0612559 0.39689 0.401095 0.089817 9.9964E-05 9.9964E-05
0.0532749 0.101709 9.9982E-05 0.0961968 0.483209 0.197895 0.0461315 9.9982E-05 0.021384
0.025373 0.258775 0.0289806 0.105454 0.0707428 0.0968599 0.114056 0.26237 0.0373879
0.0505813 0.304707 0.0410108 0.108086 0.345913 0.0309249 9.9982E-05 9.9982E-05 0.118577
0.0889394 0.0413028 9.9982E-05 0.138978 0.349484 9.9982E-05 0.220716 0.154731 0.0056483
0.0423842 0.0129512 0.138046 0.0283797 0.586433 0.0126093 0.120168 0.0589278 9.9991E-05
9.9973E-05 0.379377 9.9973E-05 0.0253812 0.403311 0.0379579 0.102061 0.0516124 9.9973E-05
0.0222228 0.20087 0.0215443 9.9973E-05 0.513405 9.9973E-05 0.135369 0.106289 9.9973E-05
9.9973E-05 0.339336 9.9973E-05 0.00561517 0.406189 9.9973E-05 0.0882843 0.0308188 0.129456
0.00878281 0.105331 0.009693 0.0817812 0.544836 0.0244706 0.113852 0.111153 9.9991E-05
9.9973E-05 0.0155549 0.1362 0.021581 0.601921 9.9973E-05 0.147048 9.9973E-05 0.0773943
9.9982E-05 0.203833 0.0247786 0.0559926 0.539823 0.0506118 0.031448 0.0933138 9.9982E-05
9.9955E-05 0.157642 9.9955E-05 9.9955E-05 0.487057 0.136133 0.218668 9.9955E-05 9.9955E-05
0.0963721 0.200247 0.0595443 9.9973E-05 0.505899 9.9973E-05 0.0623977 0.0752397 9.9973E-05
0.0570264 9.9991E-05 0.0814876 0.0861301 0.550971 0.055253 0.145416 0.0126344 0.0109816
9.9964E-05 0.189475 9.9964E-05 9.9964E-05 0.533934 0.0554177 0.12313 0.0976439 9.9964E-05
9.9982E-05 0.019715 0.0997096 0.0557603 0.488427 9.9982E-05 0.119909 0.168221 0.0480578
0.0730074 0.173894 0.034985 9.9982E-05 0.447187 0.0894769 0.116879 0.0643704 9.9982E-05
9.9973E-05 0.228328 0.136346 0.028488 0.387554 9.9973E-05 0.172249 0.0467345 9.9973E-05
0.0396324 0.165421 0.0627656 0.0256557 0.542406 0.0418985 0.122021 9.9982E-05 9.9982E-05
0.000704497 0.0822859 0.0697474 9.9982E-05 0.666353 9.9982E-05 0.0441915 0.0859766 0.0505416
0.0697238 0.272042 9.9991E-05 0.0327439 0.162682 0.0959565 0.246475 0.110037 0.0102396
9.9973E-05 0.269018 0.219233 9.9973E-05 0.130928 9.9973E-05 0.0944904 0.217293 0.0687383
9.9991E-05 0.0692085 0.0927287 0.0475744 0.509057 0.0944284 0.116553 0.0516558 0.0186938
0.00228607 0.17064 0.133575 9.9991E-05 0.0191203 0.168786 0.15932 0.300853 0.0453195
9.9973E-05 0.490143 9.9973E-05 0.0278265 0.202818 0.104123 0.151918 0.0228712 9.9973E-05
9.9982E-05 0.277047 9.9982E-05 0.0360134 0.366624 0.0969075 0.159075 0.0230272 0.0411064
9.9973E-05 0.346656 9.9973E-05 0.0203493 0.254028 0.161663 0.19576 9.9973E-05 0.0212433
9.9982E-05 0.506123 0.00262293 0.0138218 0.215822 0.105504 0.116522 9.9982E-05 0.0393845
0.0471229 0.185158 0.023558 0.0703898 0.547257 9.9982E-05 0.0964905 0.0298242 9.9982E-05
0.116604 0.0143845 0.0145147 0.0697398 0.420299 0.0479039 0.136981 0.0727517 0.106822
0.0161152 0.129093 9.9982E-05 0.106175 0.541717 0.0476787 0.0600877 0.0989329 9.9982E-05
0.00132811 0.201753 0.180547 9.9991E-05 0.180828 0.0665402 0.199533 0.15551 0.0138604
0.000561607 9.99903E-05 0.18717 0.139133 0.455423 0.0700079 0.0760969 0.039587 0.0319202
0.00835935 0.0338828 0.230219 0.0540243 0.492364 0.0945736 9.9982E-05 9.9982E-05 0.086377
9.9982E-05 0.0590185 0.354811 0.0928185 9.9982E-05 0.155614 0.109868 0.206592 0.0210784
0.0135789 0.016421 0.0863703 0.111063 0.637508 0.0354277 9.9982E-05 0.099431 9.9982E-05
0.0113674 0.120062 0.21391 0.0646586 0.418848 0.0535891 9.9991E-05 0.0693225 0.048142
0.0703543 0.0425071 0.141325 0.0440689 0.427329 9.9982E-05 9.9982E-05 0.169847 0.104368
9.9991E-05 0.0651184 0.268933 0.058632 0.2166 0.162049 0.0470587 0.101809 0.0796998
9.9991E-05 0.183545 0.384349 0.0399379 0.167415 0.0531396 0.0769175 0.0800409 0.0145551
9.9982E-05 9.9982E-05 0.102535 0.0496189 0.388362 0.112948 0.0442609 0.210688 0.0913879
9.9982E-05 0.0177231 0.0973039 0.114005 0.552041 0.0597597 9.9982E-05 0.110321 0.0486461
9.9982E-05 0.175636 0.131131 0.11284 0.405292 0.00507912 0.0646721 0.10515 9.9982E-05
0.124063 0.193493 0.311528 0.0136423 9.9982E-05 0.161401 0.0490632 0.14661 9.9982E-05
0.0555252 0.0936841 0.0341256 0.091638 0.454148 0.0610358 0.00833692 0.104026 0.0974805
9.9955E-05 0.231537 0.259769 9.9955E-05 0.340824 0.16737 9.9955E-05 9.9955E-05 9.9955E-05
9.9973E-05 0.180868 0.159707 9.9973E-05 0.403468 0.178934 9.9973E-05 0.0436096 0.0331145
0.0176138 9.9991E-05 0.013608 0.11459 0.478767 0.211119 0.0408591 0.0641476 0.059196
0.270835 0.0436101 0.231282 0.31025 0.0940726 0.00884073 9.9982E-05 0.0409094 9.9982E-05
0.122278 9.9946E-05 0.43916 0.437962 9.9946E-05 9.9946E-05 9.9946E-05 9.9946E-05 9.9946E-05
0.152993 9.9946E-05 0.47334 0.373067 9.9946E-05 9.9946E-05 9.9946E-05 9.9946E-05 9.9946E-05
0.337298 9.9964E-05 0.156676 0.347643 0.0540385 9.9964E-05 0.103945 9.9964E-05 9.9964E-05
9.9964E-05 9.9964E-05 0.21797 9.9964E-05 0.637922 0.064961 0.0602926 0.0184545 9.9964E-05
0.037476 9.9991E-05 0.129508 0.0699083 0.556397 0.148193 0.024183 0.0328356 0.00139889
0.642023 0.046393 9.9946E-05 9.9946E-05 0.310985 9.9946E-05 9.9946E-05 9.9946E-05 9.9946E-05
0.416053 0.0783615 9.9982E-05 0.0621624 0.252536 0.132913 0.0287947 0.0289795 9.9982E-05
0.296329 0.0688822 0.0607902 0.105469 0.354663 9.9982E-05 0.0924896 9.9982E-05 0.0211772
9.9964E-05 0.00882563 0.337946 9.9964E-05 0.308475 0.158116 9.9964E-05 0.186238 9.9964E-05
0.045313 9.9973E-05 0.185737 0.0292241 0.504112 9.9973E-05 0.12526 0.110053 9.9973E-05
9.9964E-05 0.10256 0.489797 9.9964E-05 0.165982 0.0837457 9.9964E-05 0.157515 9.9964E-05
9.9973E-05 0.016131 0.239835 9.9973E-05 0.565087 0.0940501 9.9973E-05 0.0422363 0.0423604
9.9982E-05 9.9982E-05 0.188461 0.00648991 0.402944 0.102517 0.0668057 0.229489 0.00309421
0.0277867 0.00413657 0.214264 9.9982E-05 0.56989 0.0876524 9.9982E-05 0.0440261 0.0520443
9.9973E-05 0.0757918 0.396539 9.9973E-05 0.15149 0.150826 0.0649555 0.160098 9.9973E-05
0.0462466 9.9973E-05 0.126726 9.9973E-05 0.658645 0.063357 0.0835522 0.0211737 9.9973E-05
0.0273538 9.9982E-05 0.0933863 0.110499 0.551146 0.0477842 9.9982E-05 0.0729131 0.096718
0.961777 9.9955E-05 9.9955E-05 9.9955E-05 0.0253606 9.9955E-05 9.9955E-05 0.0098063 0.00255614
0.884446 9.9955E-05 9.9955E-05 9.9955E-05 0.0627967 9.9955E-05 9.9955E-05 0.0476354 0.00462212
0.527078 0.120491 0.00166054 0.072342 0.259783 9.9973E-05 9.9973E-05 0.0183447 9.9973E-05
0.623992 9.9964E-05 9.9964E-05 9.9964E-05 0.318938 9.9964E-05 0.00162502 0.0328612 0.0221832
0.804036 0.0226829 9.9964E-05 9.9964E-05 0.0931113 0.0717311 9.9964E-05 9.9964E-05 0.00803844
0.976613 0.0226878 9.9937E-05 9.9937E-05 9.9937E-05 9.9937E-05 9.9937E-05 9.9937E-05 9.9937E-05
0.938631 9.9955E-05 9.9955E-05 9.9955E-05 9.9955E-05 9.9955E-05 0.00693265 0.0478361 0.00610072
0.812661 9.9937E-05 9.9937E-05 9.9937E-05 0.18664 9.9937E-05 9.9937E-05 9.9937E-05 9.9937E-05
0.942488 9.9964E-05 9.9964E-05 9.9964E-05 0.0352424 0.00275087 0.00961226 9.9964E-05 0.0095064
0.999201 9.993E-05 9.993E-05 9.993E-05 9.993E-05 9.993E-05 9.993E-05 9.993E-05 9.993E-05
0.999201 9.993E-05 9.993E-05 9.993E-05 9.993E-05 9.993E-05 9.993E-05 9.993E-05 9.993E-05
0.727159 0.0598248 9.9973E-05 0.00772824 0.142507 9.9973E-05 0.0233337 0.039147 9.9973E-05
0.805745 9.9964E-05 0.00573353 0.0247046 0.162729 9.9964E-05 0.000687955 9.9964E-05 9.9964E-05
0.954612 9.9937E-05 9.9937E-05 9.9937E-05 9.9937E-05 0.0446889 9.9937E-05 9.9937E-05 9.9937E-05
0.421199 0.0550418 9.9973E-05 0.0760514 0.277435 0.0753252 0.0946482 9.9973E-05 9.9973E-05
0.667033 9.9955E-05 9.9955E-05 0.0297051 0.246244 9.9955E-05 0.0565182 9.9955E-05 9.9955E-05
0.780203 0.0315428 9.9982E-05 0.0491189 0.0628622 9.9982E-05 0.026906 0.0271501 0.0220171
0.856737 0.0382087 9.9964E-05 0.00274215 0.0539166 9.9964E-05 0.0479955 9.9964E-05 9.9964E-05
0.967165 9.9955E-05 0.00125878 0.00446475 9.9955E-05 9.9955E-05 0.0266116 9.9955E-05 9.9955E-05
0.817452 9.9946E-05 9.9946E-05 0.0420282 0.13992 9.9946E-05 9.9946E-05 9.9946E-05 9.9946E-05
0.974259 9.9946E-05 9.9946E-05 9.9946E-05 9.9946E-05 0.0150965 0.0100451 9.9946E-05 9.9946E-05
0.587639 0.00913184 9.9991E-05 0.0435649 0.228812 0.055594 0.000916387 0.0188209 0.0554209
0.895161 0.0286877 9.9964E-05 9.9964E-05 9.9964E-05 0.0608528 0.00525107 9.9964E-05 0.0096474
0.0254248 9.9955E-05 0.634423 0.2483 9.9955E-05 9.9955E-05 9.9955E-05 0.0913528 9.9955E-05
0.120371 9.9991E-05 0.176056 0.115972 0.36067 0.0534367 0.132879 0.0233744 0.0171401
0.0114915 0.0212911 0.197629 0.216008 0.443005 0.0287464 9.9982E-05 9.9982E-05 0.0816289
0.101516 0.0148865 0.493577 0.100019 0.179615 9.9973E-05 9.9973E-05 9.9973E-05 0.110086
0.128356 0.0657795 0.145733 0.127046 0.371312 0.0594591 0.053519 0.0486958 9.9991E-05
0.0618783 0.0443607 0.365042 0.199098 0.20976 0.110433 9.9982E-05 0.00922895 9.9982E-05
0.0177038 9.9991E-05 0.140221 0.166215 0.44075 0.0196811 0.0221249 0.0849261 0.108278
0.168859 0.0500412 0.350785 0.0377133 0.323712 0.0230758 9.9991E-05 0.0273263 0.0183879
0.129347 0.0441741 0.253073 0.139675 0.433331 9.9964E-05 9.9964E-05 9.9964E-05 9.9964E-05
0.178457 9.9955E-05 0.320557 0.135618 0.364869 9.9955E-05 9.9955E-05 9.9955E-05 9.9955E-05
0.096032 0.115409 0.203327 0.109624 0.389533 0.0514388 0.0283738 0.00616337 9.9991E-05
9.9964E-05 9.9964E-05 0.0798747 0.790242 0.0261865 9.9964E-05 0.0546792 9.9964E-05 0.0486175
0.0310737 9.9955E-05 0.0515015 0.88893 9.9955E-05 9.9955E-05 0.0279949 9.9955E-05 9.9955E-05
9.9946E-05 9.9946E-05 0.02312 0.90957 9.9946E-05 9.9946E-05 0.0667099 9.9946E-05 9.9946E-05
9.9955E-05 9.9955E-05 0.00958199 0.889531 0.0128354 9.9955E-05 0.0875515 9.9955E-05 9.9955E-05
9.99461E-05 0.0593336 9.99461E-05 0.868347 9.99461E-05 9.99461E-05 0.0717202 9.99461E-05 9.99461E-05
0.0584778 0.0628948 9.9955E-05 0.872362 9.9955E-05 9.9955E-05 9.9955E-05 0.00576574 9.9955E-05
0.053288 9.9973E-05 9.9973E-05 0.874959 0.0338603 0.00293444 0.00498196 9.9973E-05 0.0296763
9.9973E-05 9.9973E-05 0.011936 0.874619 0.0054446 0.00523706 0.0178993 0.0845637 9.9973E-05
0.0289591 0.00507851 9.99775E-05 0.863316 0.0618329 0.0030761 9.99775E-05 0.0374375 9.99775E-05
0.066997 0.0409465 0.0648217 0.811107 0.0131342 9.9973E-05 0.00269391 9.9973E-05 9.9973E-05
9.9955E-05 0.205648 9.9955E-05 0.595742 9.9955E-05 0.10423 9.9955E-05 9.9955E-05 0.0938804
9.9955E-05 0.241479 9.9955E-05 0.535174 9.9955E-05 0.00427038 9.9955E-05 9.9955E-05 0.218577
9.9973E-05 0.32143 0.0458112 0.489764 9.9973E-05 0.0113805 0.0335882 9.9973E-05 0.0977269
9.9955E-05 0.323925 9.9955E-05 0.496666 9.9955E-05 0.0642755 9.9955E-05 9.9955E-05 0.114634
0.0088384 0.0360876 9.9982E-05 0.0668548 0.430327 0.216316 0.193281 0.0480951 9.9982E-05
0.030005 0.152413 9.9973E-05 9.9973E-05 0.394764 0.279294 9.9973E-05 0.0472697 0.0959543
0.0800299 0.0714973 9.9982E-05 9.9982E-05 0.422183 0.156348 0.114107 0.0995306 0.0561046
9.9973E-05 0.295605 9.9973E-05 0.00266264 0.33104 0.214128 0.138285 9.9973E-05 0.0179796
0.000169551 0.428325 9.9982E-05 9.9982E-05 0.0820158 0.0941057 0.301836 0.0272489 0.0660994
0.0381868 0.024427 9.9982E-05 0.0704409 0.532671 0.239565 0.048388 0.046121 9.9982E-05
0.0180238 9.9982E-05 0.00146085 9.9982E-05 0.534883 0.320847 0.1097 0.00478977 0.0100949
9.9982E-05 0.0680137 0.0416199 9.9982E-05 0.48499 0.250891 0.0132109 0.0605774 0.080497
9.9955E-05 9.9955E-05 9.9955E-05 9.9955E-05 0.356914 0.554174 0.00833795 0.0800734 9.9955E-05
0.0088422 9.9982E-05 0.0122641 0.0506389 0.72182 0.0253267 0.106646 9.9982E-05 0.0742628
9.9964E-05 0.140399 9.9964E-05 9.9964E-05 0.379725 0.354717 9.9964E-05 0.0172278 0.107531
9.9946E-05 9.9946E-05 9.9946E-05 9.9946E-05 9.9946E-05 0.729763 0.0773464 0.19229 9.9946E-05
9.9991E-05 0.0604805 0.0228768 0.0695763 0.526196 0.123902 0.119672 0.0326794 0.044517
9.9973E-05 0.0454009 0.18937 9.9973E-05 0.211181 0.452139 9.9973E-05 0.0774333 0.0241748
9.9964E-05 9.9964E-05 0.0347649 9.9964E-05 0.468596 0.403729 0.00395825 0.0885523 9.9964E-05
9.9973E-05 0.133328 9.9973E-05 0.0308512 0.052626 0.633896 0.0902894 9.9973E-05 0.0587095
9.9964E-05 9.9964E-05 0.0773681 0.0234542 9.9964E-05 0.0152167 0.000567639 9.9964E-05 0.882994
9.993E-05 9.993E-05 9.993E-05 9.993E-05 9.993E-05 9.993E-05 9.993E-05 9.993E-05 0.999201
9.993E-05 9.993E-05 9.993E-05 9.993E-05 9.993E-05 9.993E-05 9.993E-05 9.993E-05 0.999201
9.9955E-05 0.0133397 9.9955E-05 0.0201444 9.9955E-05 9.9955E-05 0.0285652 9.9955E-05 0.937451
0.028709 0.0584755 9.9955E-05 9.9955E-05 0.0105117 9.9955E-05 9.9955E-05 9.9955E-05 0.901804
0.0629215 9.9946E-05 9.9946E-05 9.9946E-05 0.0330524 9.9946E-05 9.9946E-05 9.9946E-05 0.903426
0.0401247 9.9964E-05 9.9964E-05 0.853427 0.0901578 9.9964E-05 9.9964E-05 0.0103297 0.00556084
9.9955E-05 0.0526019 9.9955E-05 0.807699 0.111955 9.9955E-05 0.0272445 9.9955E-05 9.9955E-05
0.0802984 9.9955E-05 0.0547677 0.746605 0.11783 9.9955E-05 9.9955E-05 9.9955E-05 9.9955E-05
0.128649 0.06538 9.9964E-05 0.747391 0.00934355 9.9964E-05 0.0488367 9.9964E-05 9.9964E-05
0.0997862 9.9964E-05 0.038686 0.752077 0.0423886 9.9964E-05 0.0666622 9.9964E-05 9.9964E-05
9.9964E-05 9.9964E-05 0.051899 0.378768 9.9964E-05 0.0601236 0.387029 9.9964E-05 0.121781
9.9973E-05 9.9973E-05 0.0161197 0.430207 9.9973E-05 0.0656988 0.244012 0.0547812 0.188881
9.9964E-05 9.9964E-05 9.9964E-05 0.419062 9.9964E-05 0.080127 0.257978 0.04574 0.196693
0.00435264 0.0901715 9.9955E-05 0.792919 0.112057 9.9955E-05 9.9955E-05 9.9955E-05 9.9955E-05
9.9955E-05 9.9955E-05 9.9955E-05 0.393148 9.9955E-05 0.0714505 0.27123 9.9955E-05 0.263672
0.404386 9.9964E-05 0.217823 0.141372 0.21498 9.9964E-05 0.0210382 9.9964E-05 9.9964E-05
0.244617 0.0273621 9.9973E-05 0.0986076 0.567653 0.018604 0.042857 9.9973E-05 9.9973E-05
0.261263 0.0312519 0.000692717 0.169411 0.536982 9.99698E-05 9.99698E-05 9.99698E-05 9.99698E-05
0.228884 9.9973E-05 0.123564 0.153564 0.32149 0.0939861 9.9973E-05 9.9973E-05 0.0782124
0.12965 0.0126372 9.9982E-05 0.215435 0.477031 0.0747654 9.9982E-05 0.0375317 0.0527492
0.305031 9.9955E-05 0.27829 0.409825 9.9955E-05 9.9955E-05 9.9955E-05 9.9955E-05 0.00635359
9.9991E-05 0.297879 0.0437693 0.000266939 0.370145 0.0655572 0.0876701 0.0535935 0.0810193
0.019338 0.0285703 0.171109 9.9991E-05 0.307853 0.151275 0.129657 0.153585 0.0385124
9.9964E-05 0.606948 9.9964E-05 0.058242 0.147662 9.9964E-05 0.158593 9.9964E-05 0.0281562
9.9973E-05 0.138714 9.9973E-05 9.9973E-05 0.432101 0.0835712 0.0610732 0.233558 0.0506823
9.9955E-05 0.145265 0.243791 9.9955E-05 9.9955E-05 0.236852 9.9955E-05 0.373592 9.9955E-05
0.0229441 0.0485172 0.0472243 0.0802969 0.436101 0.163404 0.0613289 0.0960594 0.0441235
9.9991E-05 0.160795 0.0235722 0.0478535 0.498952 0.0998364 0.0719541 0.095198 0.00173854
9.9982E-05 0.384489 9.9982E-05 0.0271188 0.212393 0.121944 0.152347 0.0751477 0.0263597
0.0914983 0.0781586 0.0695143 0.0125809 0.398132 0.0802921 0.205761 0.0182644 0.0457987
9.9973E-05 0.499093 0.226852 9.9973E-05 0.0271669 0.0828555 9.9973E-05 0.123141 0.0405927
9.9973E-05 0.0942512 0.089585 9.9973E-05 0.448406 9.9973E-05 0.071002 0.223097 0.0733586
0.0122073 0.103709 0.0928519 9.9991E-05 0.500095 0.0993179 0.186699 0.000981728 0.00403726
0.161085 0.00386416 0.128532 0.0786285 0.436391 0.116069 0.0254967 9.9991E-05 0.0498343
9.9973E-05 0.242463 0.0576438 9.9973E-05 0.336113 9.9973E-05 0.0600528 0.246678 0.0567494
0.0644049 0.19113 9.9982E-05 9.9982E-05 0.323535 0.16285 0.0606361 0.0902383 0.107006
0.0819376 0.147815 0.136435 9.9973E-05 0.370105 0.116036 9.9973E-05 0.147372 9.9973E-05
9.9991E-05 0.0919939 0.0713658 0.0212891 0.535965 0.11007 0.0276361 0.082079 0.0595018
0.0272707 0.191119 0.0449277 9.9991E-05 0.574046 0.00375017 0.0705691 0.0793703 0.00884764
0.0124454 0.10901 9.9991E-05 0.113103 0.494317 0.0981501 0.0783558 0.0605925 0.0339263
0.109051 0.11372 0.0800921 0.0411781 0.415711 0.0610576 0.17899 9.9982E-05 9.9982E-05
0.139202 9.9955E-05 9.9955E-05 0.727175 0.10034 9.9955E-05 0.0327835 9.9955E-05 9.9955E-05
0.0345257 9.9964E-05 9.9964E-05 0.82753 0.0780451 0.0287681 9.9964E-05 0.0307312 9.9964E-05
9.9973E-05 9.9973E-05 0.0585536 0.733144 0.0816533 0.0262938 0.0586526 0.0414033 9.9973E-05
0.0436991 9.9982E-05 9.9982E-05 0.767704 0.00836737 0.047445 0.00468407 0.0641643 0.0637365
0.0390449 9.9964E-05 9.9964E-05 0.790226 0.126605 9.9964E-05 0.00441827 9.9964E-05 0.0393062
0.0126715 0.622741 9.9982E-05 9.9982E-05 0.0912522 0.0693357 0.151154 0.00180223 0.0508428
0.0173274 0.191052 9.9982E-05 0.10533 0.384367 0.132346 9.9982E-05 0.156863 0.0125137
0.235678 0.0165743 0.201402 0.0987452 0.378682 0.024188 0.0319859 0.0126457 9.9991E-05
9.9982E-05 0.189186 0.0475703 0.031275 0.613696 0.0701342 9.9982E-05 0.0416242 0.00631421
9.9982E-05 0.0962018 9.9982E-05 0.08683 0.478207 0.12618 0.0714531 0.0765715 0.0643568
0.043365 0.278041 0.136187 9.9982E-05 0.14768 9.9982E-05 0.127779 0.228309 0.0384391
9.9973E-05 0.472084 0.0786934 0.123353 9.9973E-05 0.0435875 0.252014 9.9973E-05 0.0299677
0.0115503 0.158103 9.9973E-05 9.9973E-05 0.494593 9.9973E-05 0.128321 0.131923 0.0752101
0.0484578 0.372478 9.9991E-05 0.0577276 0.0645245 0.0280503 0.179059 0.156018 0.0935849
0.0467228 0.126092 0.0106063 0.0426913 0.328781 0.116256 0.0723109 0.177801 0.0787385
0.0188337 0.496064 9.9982E-05 0.121526 0.00543284 9.9982E-05 0.137352 0.172378 0.0482134
0.0534758 0.127034 0.00628538 0.0816184 0.552833 9.9982E-05 0.149122 9.9982E-05 0.0294305
9.9973E-05 0.521948 9.9973E-05 0.106537 0.0905307 0.074533 0.152271 0.0538808 9.9973E-05
0.0702732 0.254567 0.0766291 0.0065929 0.267423 0.0211932 0.131846 0.164593 0.00688207
9.9982E-05 0.0436528 0.269066 9.9982E-05 0.432042 0.0838462 0.0447962 0.0903139 0.0360824
9.9982E-05 0.0469062 0.452954 9.9982E-05 0.283169 0.0350929 0.0493592 0.128025 0.00429452
9.9973E-05 0.0998907 0.249405 9.9973E-05 0.554603 0.0155511 0.0305802 9.9973E-05 0.0496699
9.9982E-05 0.12057 0.184271 0.10548 0.45805 0.0974961 9.9982E-05 0.0294253 0.00450727
9.9973E-05 9.9973E-05 0.36809 9.9973E-05 0.328236 0.0598767 0.0706428 0.140973 0.0318814
0.0358468 0.0329144 0.127393 0.0443878 0.497873 0.0749455 0.0762883 0.0316462 0.0787042
9.9982E-05 9.9982E-05 0.144813 0.0288611 0.553926 0.114475 0.0101042 0.0897399 0.0578804
9.9973E-05 9.9973E-05 0.439214 9.9973E-05 0.124355 0.175977 0.0186632 0.180095 0.0613968
9.9964E-05 9.9964E-05 0.501646 9.9964E-05 0.290677 0.0884805 9.9964E-05 0.0748433 0.0439531
9.9973E-05 9.9973E-05 0.338321 9.9973E-05 0.444338 0.0231051 0.0888439 0.0977759 0.00731584
9.9982E-05 0.0165363 0.462884 9.9982E-05 0.146355 0.228641 0.0492265 0.0484708 0.0476862
9.9964E-05 0.131085 0.308228 9.9964E-05 0.445987 0.0359363 9.9964E-05 9.9964E-05 0.0783646
0.0038497 0.476094 9.9991E-05 0.0305628 0.0605881 0.130235 0.189052 0.0573313 0.0521873
9.9973E-05 0.199073 9.9973E-05 9.9973E-05 0.198417 0.071006 0.137195 0.336097 0.0579128
0.00153601 0.392096 9.9982E-05 0.0858354 0.301404 9.9982E-05 0.0986698 0.0535909 0.0666679
0.0803883 0.206094 9.9973E-05 9.9973E-05 0.531474 9.9973E-05 0.14527 0.0102639 0.0262099
9.9964E-05 0.472133 9.9964E-05 9.9964E-05 0.178216 0.108828 0.217218 0.0232048 9.9964E-05
0.110531 0.0586801 0.0202109 0.0956229 0.44922 0.0323376 0.0852206 0.102761 0.0454152
0.0578928 0.142302 0.061229 0.0175956 0.527926 0.0627022 0.130153 9.9982E-05 9.9982E-05
0.0787944 0.255549 0.0422082 0.00948213 0.4583 9.9991E-05 0.0846186 0.0126228 0.0583248
0.0757592 0.114831 0.042914 9.9973E-05 0.491185 9.9973E-05 0.151586 0.123424 9.9973E-05
9.9982E-05 0.0604796 9.9982E-05 0.0984686 0.389462 0.15719 0.217537 0.023928 0.0527352
0.062832 0.389539 9.9982E-05 9.9982E-05 0.113768 0.138355 0.212384 0.0813714 0.00155016
0.0762604 0.279852 9.9982E-05 9.9982E-05 0.234567 0.00328866 0.268176 0.0921145 0.0455414
0.0566135 0.138683 9.9973E-05 9.9973E-05 0.467176 0.0436193 0.169484 0.124124 9.9973E-05
0.00995455 0.177295 0.0766621 0.0508967 0.573288 0.0243692 0.0377795 0.0409708 0.00878374
0.000961937 0.109686 0.0725938 0.0192195 0.396292 0.110576 0.167077 0.0742841 0.0493101
0.0567681 0.121427 9.9973E-05 9.9973E-05 0.496233 9.9973E-05 0.0898946 0.233633 0.00174334
0.0185858 0.308348 0.0851163 0.0540277 0.362866 9.9982E-05 0.144844 0.026012 9.9982E-05
0.0300011 0.129165 0.0265632 9.9973E-05 0.657504 0.00632606 0.150141 9.9973E-05 9.9973E-05
0.0487511 0.229632 9.9991E-05 0.0438698 0.507726 0.0366494 0.0839874 0.0124675 0.0368172
0.0687299 0.145438 0.0897756 0.0656561 0.464515 9.9982E-05 0.106223 0.0594625 9.9982E-05
0.125689 0.0730625 0.115833 0.295945 0.368014 9.9973E-05 0.0211564 9.9973E-05 9.9973E-05
0.22073 0.0755409 0.1308 0.100443 0.43651 9.9973E-05 9.9973E-05 0.0356769 9.9973E-05
0.183268 0.153168 0.010008 0.0767637 0.487497 9.9982E-05 0.0331916 9.9982E-05 0.0559044
0.143049 0.0677418 9.9982E-05 0.0280876 0.536347 0.0112126 9.9982E-05 0.134232 0.0791298
0.301949 0.115151 9.9973E-05 0.173381 0.335011 0.0599903 9.9973E-05 0.0142189 9.9973E-05
9.9973E-05 0.197321 0.105439 9.9973E-05 0.419767 9.9973E-05 0.0935688 0.165696 0.0179079
0.0314789 9.9991E-05 0.0607546 0.136549 0.577527 0.0775364 0.0094363 0.012371 0.0942466
0.141718 0.0883689 0.490988 0.148288 9.9964E-05 0.130238 9.9964E-05 9.9964E-05 9.9964E-05
0.230489 0.15614 0.142311 0.0144586 0.351536 0.0352628 9.9991E-05 0.0167541 0.0529487
0.0971022 9.9982E-05 9.9982E-05 0.112667 0.555793 0.0337853 0.0182906 0.171365 0.010797
0.214035 0.0671273 0.0289138 0.0587923 0.482792 9.9982E-05 9.9982E-05 0.0825823 0.0655566
0.133633 0.280064 0.185031 0.165424 0.22862 9.9973E-05 9.9973E-05 0.00692739 9.9973E-05
0.152473 9.9964E-05 0.178387 0.154173 0.496345 9.9964E-05 0.018222 9.9964E-05 9.9964E-05
0.12142 0.0150302 0.104397 0.156341 0.566008 9.9973E-05 9.9973E-05 0.0365037 9.9973E-05
0.211716 9.9955E-05 0.380123 0.404314 9.9955E-05 9.9955E-05 9.9955E-05 0.00334617 9.9955E-05
0.147494 0.00601252 0.129161 0.181994 0.498559 9.9973E-05 0.03648 9.9973E-05 9.9973E-05
0.220885 9.9973E-05 0.0581315 0.153312 0.407317 0.12625 0.0338038 9.9973E-05 9.9973E-05
0.127152 0.052078 0.060205 0.136207 0.453911 0.15244 9.9982E-05 0.0178078 9.9982E-05
0.153507 9.9973E-05 0.0746562 0.176752 0.544517 9.9973E-05 9.9973E-05 0.0369145 0.0133531
0.111028 0.0421143 0.0586256 0.130204 0.457834 0.0833617 9.9991E-05 0.101288 0.0154455
0.039453 0.011694 9.9982E-05 9.9982E-05 0.404766 0.0147128 0.130111 0.390659 0.00840456
9.9982E-05 0.0459249 0.0314707 0.114969 0.461744 0.0788911 0.0902036 0.176597 9.9982E-05
9.9955E-05 0.0676759 9.9955E-05 9.9955E-05 9.9955E-05 0.039993 9.9955E-05 0.863119 0.0287125
9.99549E-05 9.99549E-05 0.0120668 9.99549E-05 9.99549E-05 0.0333036 0.0592395 0.89489 9.99549E-05
0.0675705 0.185987 9.9973E-05 0.0406756 0.466816 0.00439317 9.9973E-05 0.234258 9.9973E-05
0.285338 0.0814781 0.0986807 0.100985 0.3901 9.9973E-05 9.9973E-05 0.0431191 9.9973E-05
0.309079 9.9964E-05 0.069911 0.121697 0.252082 9.9964E-05 9.9964E-05 0.246831 9.9964E-05
0.329332 0.0491524 0.151507 0.19067 0.109531 9.9973E-05 9.9973E-05 0.169507 9.9973E-05
0.216227 0.0135568 0.0275879 0.159558 0.323751 9.9973E-05 9.9973E-05 0.259019 9.9973E-05
0.110016 9.9964E-05 0.187425 0.0534786 9.9964E-05 9.9964E-05 9.9964E-05 0.622353 0.0263279
0.0941183 9.9964E-05 0.126567 0.0847816 0.130322 9.9964E-05 9.9964E-05 0.563811 9.9964E-05
0.0740073 9.9955E-05 9.9955E-05 0.0306304 0.503671 9.9955E-05 9.9955E-05 0.391191 9.9955E-05
0.0781842 9.9955E-05 9.9955E-05 0.0636825 0.416426 9.9955E-05 9.9955E-05 0.441207 9.9955E-05
0.0936557 9.9955E-05 9.9955E-05 0.0869573 0.121154 9.9955E-05 9.9955E-05 0.697733 9.9955E-05
0.063502 0.0759097 9.9964E-05 0.0414216 0.509307 9.9964E-05 9.9964E-05 0.30946 9.9964E-05
0.135775 9.9955E-05 9.9955E-05 9.9955E-05 0.416489 9.9955E-05 0.00383686 0.443399 9.9955E-05
0.165731 0.0533676 0.0629807 0.0733769 0.354067 9.9982E-05 0.0873189 0.202958 9.9982E-05
9.9973E-05 0.0326782 9.9973E-05 9.9973E-05 0.275788 0.0125067 0.0599075 0.598027 0.0207927
0.0119606 0.111958 9.9982E-05 0.0566393 0.232989 0.0773678 0.0129301 0.495955 9.9982E-05
0.00996237 9.9991E-05 0.0199924 0.0558088 0.451982 0.08437 0.0928476 0.264083 0.0208537
0.0443449 0.0239504 0.019195 0.032588 0.330983 0.00663912 0.05929 0.44672 0.0362895
0.0621746 0.218377 0.118188 0.0454274 0.379482 0.0272911 0.00983909 0.139121 9.9991E-05
9.9964E-05 0.0201296 0.0697521 9.9964E-05 0.391569 9.9964E-05 9.9964E-05 0.469908 0.0482408
9.9955E-05 9.9955E-05 9.9955E-05 9.9955E-05 0.173887 9.9955E-05 0.0393994 0.761588 0.0246265
0.0180002 9.9973E-05 9.9973E-05 0.0586444 0.528924 0.0434266 9.9973E-05 0.318579 0.0321259
9.9964E-05 0.0156795 9.9964E-05 9.9964E-05 0.172836 0.00949613 0.0142554 0.787334 9.9964E-05
9.9973E-05 0.015118 0.0245635 0.0377561 0.365429 9.9973E-05 9.9973E-05 0.513178 0.0436552
9.9964E-05 0.109988 9.9964E-05 0.013604 0.547547 0.0190744 9.9964E-05 0.309386 9.9964E-05
9.9982E-05 0.0061957 0.160819 0.0191339 0.483427 0.109128 0.0527193 0.168377 9.9982E-05
0.165046 0.146057 0.0230188 0.141741 0.456589 9.99907E-05 9.99907E-05 0.0345351 0.0328142
0.146103 0.0452844 9.9973E-05 0.209962 0.359394 9.9973E-05 0.00729195 0.231665 9.9973E-05
0.21604 0.0668338 0.135677 0.12716 0.317665 9.9982E-05 0.0420381 0.0943869 9.9982E-05
0.240637 0.143038 0.112486 0.156278 0.260226 9.9982E-05 9.9982E-05 0.0495197 0.0376154
0.150689 0.134211 0.102946 0.142928 0.321407 0.0505604 0.0902618 0.00689707 9.9991E-05
0.154155 0.0428652 0.0683888 0.08716 0.405218 9.9982E-05 0.057024 0.184989 9.9982E-05
0.108269 9.9964E-05 0.0525499 0.224217 9.9964E-05 9.9964E-05 9.9964E-05 0.612202 0.00236237
0.220161 0.00112012 0.00127128 0.0170695 0.510376 9.9991E-05 0.0415167 0.163974 0.044411
0.0747017 9.9955E-05 0.192384 0.356509 9.9955E-05 9.9955E-05 9.9955E-05 0.375906 9.9955E-05
0.187056 0.0187047 9.9964E-05 0.051221 0.428443 9.9964E-05 9.9964E-05 0.314176 9.9964E-05
9.9946E-05 9.9946E-05 9.9946E-05 9.9946E-05 0.0554051 0.132324 9.9946E-05 0.811671 9.9946E-05
9.9955E-05 0.0563423 9.9955E-05 0.00703728 9.9955E-05 0.0593026 9.9955E-05 0.876818 9.9955E-05
9.9955E-05 0.0523295 9.9955E-05 9.9955E-05 0.403717 0.0105666 9.9955E-05 0.532887 9.9955E-05
9.9955E-05 9.9955E-05 9.9955E-05 0.0156993 0.514383 0.00890578 9.9955E-05 0.460512 9.9955E-05
9.9955E-05 0.0694591 9.9955E-05 9.9955E-05 0.337683 9.9955E-05 0.0158437 0.576515 9.9955E-05
9.9946E-05 9.9946E-05 9.9946E-05 9.9946E-05 0.445715 0.0647435 9.9946E-05 0.488942 9.9946E-05
9.9937E-05 9.9937E-05 9.9937E-05 9.9937E-05 0.453025 9.9937E-05 9.9937E-05 0.546275 9.9937E-05
0.092142 9.9964E-05 0.0260409 0.73781 0.0648834 9.9964E-05 9.9964E-05 0.0787237 9.9964E-05
0.155702 0.039357 9.9973E-05 0.668848 9.9973E-05 9.9973E-05 0.0670706 0.00975859 0.0589637
0.0556589 0.0532501 0.00538438 0.878057 9.9964E-05 9.9964E-05 9.9964E-05 9.9964E-05 0.00725016
9.9955E-05 9.9955E-05 9.9955E-05 0.918957 0.0516234 9.9955E-05 9.9955E-05 0.0117284 0.0171911
0.088007 0.11657 9.9973E-05 0.0369942 0.380531 0.334314 9.9973E-05 0.0432839 9.9973E-05
0.0306563 0.0915818 9.9973E-05 0.0583753 0.454877 0.359017 9.9973E-05 9.9973E-05 0.00519234
9.9964E-05 0.0801874 9.9964E-05 9.9964E-05 0.450985 0.398534 0.0305851 0.0393085 9.9964E-05
0.0381642 0.0818739 9.9973E-05 0.0911505 0.571386 0.188743 9.9973E-05 9.9973E-05 0.0283829
0.0394294 0.0360677 0.109061 0.0494787 0.457796 0.234359 0.00098254 0.0335183 0.0393077
0.0275218 0.0963387 0.0702623 9.9982E-05 0.182762 0.521214 0.0189687 9.9982E-05 0.0827328
0.0445507 0.0955105 9.9955E-05 9.9955E-05 0.489407 0.370032 9.9955E-05 9.9955E-05 9.9955E-05
9.9964E-05 9.9964E-05 0.0897044 0.00404285 0.283028 0.59093 9.9964E-05 0.0318956 9.9964E-05
0.0827554 0.0963948 9.9973E-05 0.276452 0.464542 9.9973E-05 9.9973E-05 0.0418354 0.0377201
0.0209572 0.0316681 0.0680506 9.9982E-05 0.384961 0.330954 0.0117508 0.151459 9.9982E-05
0.00822203 0.105493 9.9973E-05 0.0149711 0.307085 0.49945 0.0644782 9.9973E-05 9.9973E-05
9.9973E-05 0.0285026 9.9973E-05 9.9973E-05 0.568717 0.278626 0.00559798 0.098633 0.0196233
9.9964E-05 0.0349075 9.9964E-05 9.9964E-05 0.380273 0.466293 0.0647334 0.053394 9.9964E-05
9.9964E-05 9.9964E-05 0.0842179 9.9964E-05 0.506836 0.336112 9.9964E-05 0.05137 0.021065
9.9955E-05 9.9955E-05 9.9955E-05 0.104423 0.575495 0.282503 9.9955E-05 0.0370785 9.9955E-05
9.9946E-05 9.9946E-05 9.9946E-05 9.9946E-05 0.0489494 0.874114 9.9946E-05 0.0763368 9.9946E-05
0.104884 0.11438 0.0415046 9.9982E-05 0.0554548 0.635112 9.9982E-05 0.0423183 0.0061458
9.9955E-05 9.9955E-05 9.9955E-05 0.0128302 0.345141 0.60688 0.0346488 9.9955E-05 9.9955E-05
9.9946E-05 9.9946E-05 0.126813 9.9946E-05 9.9946E-05 0.860429 9.9946E-05 0.0121582 9.9946E-05
9.9973E-05 0.0771103 9.9973E-05 0.0411371 0.407014 0.344517 9.9973E-05 0.02454 0.105381
9.9973E-05 9.9973E-05 0.179916 9.9973E-05 0.0616344 0.616207 0.00686755 0.110131 0.024944
9.9946E-05 9.9946E-05 0.165503 9.9946E-05 9.9946E-05 0.732959 9.9946E-05 0.100939 9.9946E-05
0.0714098 9.9982E-05 0.00280844 0.0579735 0.452838 0.259369 9.9982E-05 0.133746 0.0216546
9.99549E-05 0.180051 9.99549E-05 0.0788278 0.136525 0.604096 9.99549E-05 9.99549E-05 9.99549E-05
0.0145686 0.00678761 0.0297831 0.019181 0.420904 0.472456 0.0361202 9.9982E-05 9.9982E-05
0.0645491 9.9982E-05 0.0162628 0.0437197 0.614088 0.131539 9.9982E-05 0.128783 0.000859324
9.9973E-05 0.0333777 0.0311595 9.9973E-05 0.526408 0.30959 0.0796173 9.9973E-05 0.019548
0.0376007 0.181253 0.0290853 9.9991E-05 0.326757 0.0545115 0.201402 0.148238 0.0210524
0.0136048 9.9964E-05 9.9964E-05 9.9964E-05 0.519089 0.336538 0.0352777 0.0950906 9.9964E-05
0.0087206 0.0951822 9.9982E-05 0.0297956 0.39253 0.452804 0.00802404 9.9982E-05 0.0127441
9.9955E-05 9.9955E-05 0.0817694 9.9955E-05 0.284415 0.630261 9.9955E-05 0.00305532 9.9955E-05
0.0207087 9.9991E-05 0.0028008 0.0720931 0.507333 0.240988 0.0725835 0.0725145 0.0108784
0.00230318 0.0190864 0.071712 0.592017 0.00438627 9.9991E-05 0.237363 0.0317708 0.0412609
9.9991E-05 0.0700338 0.0421719 0.761499 0.026007 0.0499365 0.0254349 0.0199409 0.00487591
9.99459E-05 9.99459E-05 0.123795 0.770707 9.99459E-05 9.99459E-05 0.104899 9.99459E-05 9.99459E-05
9.9973E-05 9.9973E-05 0.0305561 0.789001 9.9973E-05 0.0126656 0.0973049 0.0388694 0.0313029
9.9973E-05 9.9973E-05 0.0333908 0.664582 0.0107457 0.0267048 0.121609 9.9973E-05 0.142669
0.0605706 0.126161 9.9982E-05 0.0173063 0.0586398 0.682332 0.0467473 9.9982E-05 0.00804298
9.9982E-05 0.0643526 0.0148469 0.0717198 0.0653543 0.696448 0.0821646 9.9982E-05 0.00491384
