9.9955E-05 0.0230902 0.00123509 0.104441 9.9955E-05 0.870734 9.9955E-05 9.9955E-05 9.9955E-05
0.00843942 0.0076991 9.9964E-05 0.0363367 0.0122907 0.934834 9.9964E-05 9.9964E-05 9.9964E-05
0.0254169 9.9973E-05 0.0241138 9.9973E-05 9.9973E-05 0.846137 0.0339933 0.0208483 0.0491907
0.0061763 0.0162736 0.019087 0.0642707 9.9973E-05 0.793989 9.9973E-05 9.9973E-05 0.099903
9.9946E-05 9.9946E-05 0.0198521 9.9946E-05 9.9946E-05 0.879282 9.9946E-05 9.9946E-05 0.100267
0.00895143 0.0068553 0.0703783 0.0903291 0.00379207 0.578482 0.00818976 0.131432 0.10159
9.9964E-05 9.9964E-05 0.0693463 0.051421 9.9964E-05 0.745448 9.9964E-05 0.12844 0.00494508
9.9964E-05 9.9964E-05 0.0886274 9.9964E-05 9.9964E-05 0.671624 0.037203 0.156489 0.045657
9.99639E-05 0.0428939 0.0884677 9.99639E-05 0.00530415 0.806797 9.99639E-05 0.0561376 9.99639E-05
9.999E-05 0.0118039 0.0625384 0.0160747 0.0061157 0.719219 0.0347444 0.101752 0.0476519
9.9973E-05 0.00308496 0.0827277 0.0239283 9.9973E-05 0.697203 9.9973E-05 0.0853374 0.107419
9.9964E-05 0.791288 9.9964E-05 9.9964E-05 9.9964E-05 0.0561024 0.0246727 0.0725894 0.0549479
9.9964E-05 0.411443 9.9964E-05 0.0431776 9.9964E-05 0.0654637 0.0341619 9.9964E-05 0.445354
9.9973E-05 0.789923 9.9973E-05 0.0224588 9.9973E-05 0.0227389 0.0712022 0.0399256 0.0534513
9.9964E-05 0.689507 9.9964E-05 0.00215874 9.9964E-05 0.0600871 0.141992 9.9964E-05 0.105855
9.9973E-05 0.421323 9.9973E-05 0.0521573 9.9973E-05 0.0902 0.106276 0.0137775 0.315967
9.9964E-05 0.328527 9.9964E-05 9.9964E-05 9.9964E-05 0.0436044 0.116346 0.0390002 0.472123
0.0388056 0.488449 9.9982E-05 0.0290082 9.9982E-05 0.0536847 0.0639362 0.0294687 0.296447
9.9973E-05 0.610198 9.9973E-05 0.0572174 9.9973E-05 0.112573 0.053928 0.053406 0.112378
9.9946E-05 0.814691 9.9946E-05 9.9946E-05 9.9946E-05 0.0396171 9.9946E-05 0.145092 9.9946E-05
0.0719656 0.456101 9.9982E-05 9.9982E-05 0.00164483 0.0426512 0.0527546 0.0562614 0.318421
0.0133727 0.268674 9.9973E-05 9.9973E-05 0.0267961 9.9973E-05 0.0527256 0.206666 0.431467
0.0293283 0.355739 9.9982E-05 0.00283451 9.9982E-05 0.0487353 0.0370963 0.0440144 0.482053
9.9964E-05 0.683396 9.9964E-05 9.9964E-05 9.9964E-05 0.0627826 0.0624854 0.0930888 0.0978472
0.041654 0.157248 0.00400091 0.0576308 9.9991E-05 0.112211 0.0614773 0.00696942 0.558708
9.9973E-05 0.465619 9.9973E-05 0.0490178 9.9973E-05 0.0287918 0.0257711 0.00839532 0.422105
0.0160461 0.771954 9.9973E-05 9.9973E-05 9.9973E-05 0.0804388 0.0183733 0.0512234 0.0616645
9.9964E-05 0.737984 9.9964E-05 9.9964E-05 9.9964E-05 0.0637864 0.101086 0.0264941 0.07025
9.9964E-05 0.73268 9.9964E-05 9.9964E-05 9.9964E-05 0.0440541 0.00505051 0.122413 0.0954032
9.9946E-05 9.9946E-05 9.9946E-05 9.9946E-05 9.9946E-05 0.847173 0.035155 9.9946E-05 0.117073
9.9955E-05 9.9955E-05 9.9955E-05 9.9955E-05 0.00405171 0.847731 0.0203459 9.9955E-05 0.127371
9.9964E-05 9.9964E-05 0.0081611 0.00970827 9.9964E-05 0.771804 0.115592 9.9964E-05 0.0943352
9.9964E-05 9.9964E-05 0.00566616 0.0911278 9.9964E-05 0.725649 0.0420546 9.9964E-05 0.135103
0.251873 0.00186917 0.0887061 0.0244301 9.9991E-05 0.0658659 0.00560891 0.0779202 0.483627
0.231539 0.122044 0.00939091 9.9982E-05 0.008795 0.107403 0.0718509 9.9982E-05 0.448777
0.401205 9.9982E-05 0.0193504 0.0382599 0.0125575 9.9982E-05 0.0586898 0.00383171 0.465906
0.0254876 0.778819 0.0771692 0.00168878 0.00183925 0.0858784 9.9982E-05 9.9982E-05 0.0289175
0.569625 9.9964E-05 9.9964E-05 9.9964E-05 0.0191961 9.9964E-05 0.0366572 0.154239 0.219882
0.218589 0.149855 9.9973E-05 0.110385 9.9973E-05 0.0577803 0.0460245 9.9973E-05 0.417067
0.189235 9.9982E-05 0.0476979 0.0179541 9.9982E-05 0.00933076 0.0349272 0.00342171 0.697233
0.0707855 0.0133175 0.0045197 9.9982E-05 9.9982E-05 0.106208 0.0386944 0.180434 0.585841
0.0870697 0.110282 0.0289892 9.9982E-05 9.9982E-05 0.0950858 0.0600408 0.0599543 0.558378
0.666058 0.226962 0.0148637 0.000306549 9.9982E-05 0.0477719 9.9982E-05 0.00485888 0.0389795
9.9973E-05 9.9973E-05 0.0535423 0.0483745 9.9973E-05 0.0136539 0.0449035 0.165028 0.674198
0.214073 0.0571828 9.99966E-05 0.0535594 0.0164371 0.0352829 0.0625653 0.011103 0.549696
0.0891366 0.0509025 9.9982E-05 0.137705 0.0170867 0.119341 9.9982E-05 0.0481276 0.537501
0.568945 0.0252856 9.9973E-05 0.0198607 0.0247239 9.9973E-05 9.9973E-05 0.0676315 0.293253
0.276189 0.0406564 9.9973E-05 0.106767 9.9973E-05 0.0595087 0.0051573 9.9973E-05 0.511422
0.171754 0.0328391 0.0146772 0.0165035 0.0160428 0.115481 0.109623 0.0295061 0.493573
0.56644 9.9955E-05 0.00357142 9.9955E-05 0.0446642 9.9955E-05 9.9955E-05 0.384824 9.9955E-05
0.0246075 0.639887 0.158825 9.9973E-05 0.0304292 9.9973E-05 9.9973E-05 0.0688538 0.0770976
0.0801927 0.422649 0.00870092 0.0901838 0.0551057 9.9982E-05 9.9982E-05 0.271363 0.0716049
0.0379918 0.189729 0.045969 0.0956217 0.059302 0.0227377 0.052371 0.00990835 0.48637
9.9973E-05 0.187506 9.9973E-05 0.0652582 9.9973E-05 0.0458345 0.0919269 0.0776745 0.5315
0.0361702 0.12354 9.9991E-05 0.126765 0.0629664 0.0560663 0.0326306 0.0271811 0.53458
0.0650271 0.485521 0.113021 0.0295484 9.9982E-05 0.125666 9.9982E-05 0.0523834 0.128634
0.0145207 0.401923 0.0573407 9.9991E-05 0.000228525 0.0186089 0.0290922 0.0273669 0.450819
0.103619 0.239802 9.9973E-05 0.0319445 9.9973E-05 0.070474 0.105573 9.9973E-05 0.448288
0.0478487 0.345933 0.0230268 0.00464128 0.0630165 0.127203 0.0333937 0.0403941 0.314542
0.0470477 0.527437 0.0777018 9.9982E-05 9.9982E-05 0.162618 0.0215795 0.131 0.0324161
0.0699097 0.157679 0.0216038 0.0549776 0.016174 0.0730036 0.0604002 0.069372 0.47688
0.0438507 0.317528 0.0119683 0.0891573 0.0224545 0.0772471 0.0072469 0.0516445 0.378903
0.0142334 0.666173 0.0503796 9.9964E-05 9.9964E-05 0.0729995 9.9964E-05 0.195815 9.9964E-05
0.0825867 0.470103 0.0452313 9.9982E-05 0.0192471 0.0258293 0.0236951 9.9982E-05 0.333108
0.0204636 0.206167 0.0168371 0.0344225 0.0739647 0.0343664 0.0731329 0.0381677 0.502478
9.9973E-05 0.231235 9.9973E-05 0.0457487 0.0280192 0.0921209 0.0497141 9.9973E-05 0.552862
0.0842529 0.537506 0.0167963 9.9982E-05 9.9982E-05 0.0801652 0.0780256 0.0464238 0.156631
0.0235743 0.330027 0.0297527 0.0566999 0.0693001 0.0449424 0.0771647 9.9991E-05 0.368439
0.0417186 0.244932 0.0312573 0.0253743 0.0401009 0.0402101 0.0497766 0.0220231 0.504607
0.0312132 0.593812 0.0428374 9.9982E-05 0.00965326 0.067701 9.9982E-05 0.117725 0.136859
0.48578 0.0152088 9.9964E-05 9.9964E-05 9.9964E-05 0.0321016 0.0293006 9.9964E-05 0.437209
0.73581 0.147253 9.9964E-05 9.9964E-05 9.9964E-05 0.0248923 0.0305365 9.9964E-05 0.0611076
0.241829 0.0952404 9.9991E-05 0.0870949 0.00254178 0.0678477 0.0416033 0.0202352 0.443508
0.80124 9.9946E-05 9.9946E-05 9.9946E-05 0.0366118 9.9946E-05 9.9946E-05 0.161549 9.9946E-05
0.815078 9.9946E-05 9.9946E-05 9.9946E-05 0.0292953 9.9946E-05 9.9946E-05 0.155027 9.9946E-05
0.713276 9.9964E-05 9.9964E-05 0.0352885 0.0164622 9.9964E-05 9.9964E-05 0.0692146 0.165359
0.441654 0.0865581 9.9973E-05 0.0427515 9.9973E-05 0.0192703 0.0254762 9.9973E-05 0.38399
0.176962 0.0999834 0.00631538 0.183751 0.0511417 0.0727622 0.00709862 9.9991E-05 0.401886
0.451918 0.0275053 9.9982E-05 0.0538981 0.0188467 0.0142947 0.0202988 9.9982E-05 0.413038
0.630557 0.217867 0.0316995 9.9964E-05 9.9964E-05 0.0476949 9.9964E-05 9.9964E-05 0.0717817
0.534313 0.173784 0.036782 9.9964E-05 9.9964E-05 0.0376096 9.9964E-05 9.9964E-05 0.217112
0.268419 0.0669203 0.00490479 0.0824 9.9982E-05 0.0772263 0.0766359 9.9982E-05 0.423293
0.550192 0.113355 9.9964E-05 9.9964E-05 9.9964E-05 0.0535972 0.0430165 9.9964E-05 0.239439
0.415846 0.141979 9.9973E-05 0.0196704 9.9973E-05 0.0396215 0.0247525 9.9973E-05 0.357831
0.478466 9.9973E-05 9.9973E-05 0.0517959 0.0249831 9.9973E-05 0.0231278 0.0515861 0.369741
0.611979 9.9946E-05 9.9946E-05 9.9946E-05 0.105579 9.9946E-05 9.9946E-05 0.281843 9.9946E-05
0.23632 0.0265571 0.00625189 0.0482496 0.000722602 0.0467412 0.0754328 0.00700303 0.552722
9.9964E-05 0.0492947 0.0455682 0.0306315 9.9964E-05 0.819469 9.9964E-05 9.9964E-05 0.0546362
9.9946E-05 9.9946E-05 9.9946E-05 0.041795 9.9946E-05 0.897556 9.9946E-05 9.9946E-05 0.0600493
9.9964E-05 0.0145863 9.9964E-05 0.130517 9.9964E-05 0.797817 0.0107359 9.9964E-05 0.0459441
9.9964E-05 9.9964E-05 9.9964E-05 0.0102441 0.00581376 0.900096 0.0482676 9.9964E-05 0.0351789
9.9955E-05 0.00665725 9.9955E-05 9.9955E-05 0.0147645 0.928687 0.0493914 9.9955E-05 9.9955E-05
9.9964E-05 9.9964E-05 9.9964E-05 0.0124008 0.0264984 0.850969 0.0480273 9.9964E-05 0.0617052
9.9946E-05 9.9946E-05 9.9946E-05 9.9946E-05 9.9946E-05 0.911775 0.0169298 9.9946E-05 0.0706957
0.140098 0.137768 0.0198218 0.06115 9.9982E-05 0.0695497 0.053097 9.9982E-05 0.518315
0.175817 0.0759126 9.9973E-05 9.9973E-05 0.0253182 0.117755 0.10271 9.9973E-05 0.502188
0.632323 0.174616 0.069368 9.9973E-05 0.0532258 0.0413449 9.9973E-05 0.0288223 9.9973E-05
0.17291 0.0833545 9.9982E-05 0.0656844 0.0439064 0.0883218 0.0168782 9.9982E-05 0.528744
0.447831 0.168382 9.9964E-05 9.9964E-05 9.9964E-05 0.0505621 0.000310322 9.9964E-05 0.332514
0.348809 0.0423059 0.00952591 0.085396 9.9973E-05 0.0594665 9.9973E-05 9.9973E-05 0.454197
0.260949 9.9991E-05 0.0360161 0.0185258 0.0324526 0.0317072 0.0408351 0.0535248 0.52589
0.374562 0.0642295 9.9973E-05 0.103061 0.0349121 9.9973E-05 0.0286893 9.9973E-05 0.394246
0.639711 0.248604 0.0533565 9.9964E-05 9.9964E-05 0.046166 9.9964E-05 0.0117628 9.9964E-05
0.141237 0.119715 0.0429258 0.0691463 0.0557447 0.106123 0.0261755 0.0037938 0.435139
0.171789 0.0965681 9.9982E-05 0.11276 9.9982E-05 0.049195 0.00808079 0.00131845 0.560088
0.130189 0.130614 9.9982E-05 0.091549 0.00503743 0.12158 0.0338105 9.9982E-05 0.48702
0.473483 0.0413692 0.0246909 0.0484268 0.0373455 9.9982E-05 9.9982E-05 0.152651 0.221834
0.415467 9.9982E-05 0.0271032 0.0216356 0.0643263 0.00347376 0.0616245 9.9982E-05 0.40617
0.353307 0.212563 0.00566907 0.035414 9.9982E-05 0.00522172 0.011799 9.9982E-05 0.375826
0.539351 0.00844793 9.9973E-05 9.9973E-05 0.0611348 9.9973E-05 0.0320179 0.020138 0.338611
0.367302 0.126862 0.050532 0.0151403 9.9973E-05 0.0454846 9.9973E-05 9.9973E-05 0.394378
0.178916 0.162085 0.0162108 0.04606 9.9991E-05 0.0610027 0.0570511 0.0260956 0.452479
0.0133811 0.3743 0.0935764 0.115793 0.0876149 0.00106449 9.9991E-05 0.105335 0.208835
0.0299048 0.392104 0.0976248 0.0567016 9.9982E-05 0.0782514 9.9982E-05 0.0295055 0.315708
0.012048 0.238014 9.9982E-05 0.104844 9.9982E-05 0.075756 0.079264 0.0236751 0.466199
0.0590601 0.124136 0.0374225 0.117927 0.0264491 0.0931335 0.00609699 0.00657105 0.529204
0.0513336 0.366971 0.0965232 0.0289543 9.9982E-05 0.0613259 9.9982E-05 0.0160622 0.378629
9.9982E-05 0.286649 0.036946 0.0198769 0.0088054 0.055969 0.0603562 9.9982E-05 0.531198
9.9973E-05 0.387068 0.107357 0.0464703 0.0209227 0.0492009 9.9973E-05 9.9973E-05 0.388681
0.0950823 0.112372 0.0505592 0.0981092 0.0247227 0.0550295 0.00497112 0.066031 0.493122
9.9964E-05 0.209363 0.0982812 0.141901 9.9964E-05 9.9964E-05 0.0722465 9.9964E-05 0.477808
9.9982E-05 0.24777 0.0988175 9.9982E-05 0.00436392 0.0459075 0.0155099 0.0207295 0.566702
0.0388839 0.282809 0.0895035 0.0344587 0.0135844 0.0471653 9.9982E-05 9.9982E-05 0.493396
0.0164954 0.19017 0.0369772 0.0713511 0.0630187 0.0438637 0.0897553 9.9991E-05 0.488268
9.9991E-05 0.177672 0.0452491 0.18072 0.0214316 0.0200613 0.022599 0.0364913 0.495675
9.9982E-05 0.276062 0.0195612 0.023599 0.0347605 9.9982E-05 0.128141 0.0151221 0.502555
0.0659913 0.120344 0.0624512 0.0549979 0.0120699 0.0439125 0.0656883 0.0371317 0.537413
0.0256138 0.177012 0.0521469 0.0882936 0.0491045 9.9991E-05 0.0465253 0.00816219 0.553041
0.0540159 0.234375 0.0984574 0.23008 0.0483053 0.00479877 9.9991E-05 0.122765 0.207103
0.00991986 0.161881 0.0429852 0.157032 0.0717906 0.0369108 9.9982E-05 9.9982E-05 0.519281
9.9982E-05 0.157152 0.0810788 0.0486468 0.0716318 9.9982E-05 0.0571173 0.0103637 0.573809
0.0443745 0.632337 0.11948 0.0271235 0.0359204 0.052099 0.0094447 9.9991E-05 0.0791209
0.0620919 0.442182 0.00689661 0.109645 0.11171 9.9982E-05 9.9982E-05 0.214085 0.0531892
0.0927199 0.277969 0.0515028 9.9982E-05 0.026982 0.0464118 0.0582185 9.9982E-05 0.445996
0.026762 0.42557 0.0565247 9.9982E-05 0.186462 9.9982E-05 0.00172009 0.261286 0.0414751
0.00570631 0.644548 0.0661778 0.0203789 0.0299905 0.0174399 9.9991E-05 0.00293618 0.212723
0.0296998 0.497303 0.0755229 0.0532764 0.0140022 9.9973E-05 9.9973E-05 9.9973E-05 0.329896
0.0977832 0.461248 0.113242 0.00721497 9.9973E-05 0.034821 9.9973E-05 9.9973E-05 0.28539
0.0214671 0.530923 0.101107 9.9991E-05 0.044789 0.00228617 0.0216366 0.0235309 0.25416
0.0264171 0.223648 9.9991E-05 0.0439977 0.0411559 0.0518009 0.0325607 0.0339346 0.546385
0.0342484 0.190371 0.0398083 0.107332 0.0435196 0.0519723 0.0388799 9.9991E-05 0.493768
0.00782241 0.300828 0.0372675 9.9982E-05 0.00752843 0.0463585 0.0301689 9.9982E-05 0.569827
0.0330926 0.562857 0.00541151 0.0445683 0.0483886 9.9982E-05 9.9982E-05 0.217451 0.0880307
0.0165682 0.145794 0.0596875 0.129455 0.036704 0.0835332 0.0647179 0.0278794 0.43566
0.00911852 0.0604684 0.0544033 0.12644 0.034379 0.0207236 9.9991E-05 0.195258 0.499109
0.122871 0.0702545 0.0515911 9.9973E-05 0.0847291 0.0791213 9.9973E-05 0.591133 9.9973E-05
0.0379593 0.0796553 9.9973E-05 9.9973E-05 9.9973E-05 0.0886589 0.103506 0.0720438 0.617877
0.113772 0.0781143 0.0173525 0.0577384 0.0514434 0.0541276 0.0117863 0.291614 0.324052
9.9991E-05 0.0256518 0.0361421 0.145914 0.0457236 0.0891704 0.016866 0.121943 0.518489
0.0631405 0.0641423 0.103958 0.0179888 9.9982E-05 0.0493941 9.9982E-05 0.409106 0.292069
0.0847742 0.0800964 0.0676327 9.9982E-05 0.0222472 0.0314648 9.9982E-05 0.549768 0.163817
0.0489069 0.0799037 0.0856553 0.0566631 0.0260305 0.00408688 0.0195828 0.273315 0.405856
0.0178175 0.114297 0.0375951 0.123845 0.038629 0.0529693 0.031701 0.136376 0.44677
0.0277693 0.127592 0.0365564 0.0819925 0.00502653 0.116283 0.0308608 0.140297 0.433622
0.118028 0.226518 9.9982E-05 9.9982E-05 0.0783634 0.00293617 0.0863546 0.411106 0.0764939
0.0480729 0.067221 0.0961283 0.0700369 0.0184896 0.0427846 0.0717353 0.0898123 0.495719
0.0707376 0.0880724 9.9964E-05 9.9964E-05 0.055668 9.9964E-05 9.9964E-05 0.397339 0.387784
0.0479704 0.154273 0.00784505 9.9973E-05 0.0164328 9.9973E-05 9.9973E-05 0.292063 0.481115
0.0355639 0.0196415 0.0330183 0.118448 0.0345545 0.105336 9.9991E-05 0.0736283 0.57971
9.9973E-05 9.9973E-05 0.00135336 0.310592 9.9973E-05 0.290954 0.0751023 0.234958 0.0867394
9.9955E-05 9.9955E-05 9.9955E-05 0.202692 9.9955E-05 0.399965 0.0109227 0.38592 9.9955E-05
9.9946E-05 9.9946E-05 9.9946E-05 9.9946E-05 9.9946E-05 0.404186 0.12981 0.465404 9.9946E-05
9.9982E-05 0.00130296 0.0321238 0.273005 9.9982E-05 0.2662 0.114986 0.265892 0.0462905
0.0495397 0.0278406 9.9964E-05 9.9964E-05 9.9964E-05 9.9964E-05 0.0276178 0.235415 0.659187
0.0533539 0.0970918 0.0215007 0.0116981 0.00693024 0.0749068 0.0805614 0.0781683 0.575789
9.9955E-05 0.0287943 9.9955E-05 0.0586871 9.9955E-05 9.9955E-05 0.65157 9.9955E-05 0.260449
0.0211853 0.156308 9.9982E-05 0.0235311 0.0025731 0.0316481 0.455925 9.9982E-05 0.308629
0.0565082 0.139976 0.0355262 0.0261008 0.00104921 0.0332167 0.404162 9.9991E-05 0.303361
0.0414138 0.0425971 0.022336 9.9982E-05 0.0535388 9.9982E-05 0.0168996 0.472532 0.350483
0.0665547 0.0977339 0.0532367 0.0470688 0.0451177 0.0714246 0.0540729 0.0880905 0.4767
9.9964E-05 0.0948508 0.00415971 9.9964E-05 0.0102362 9.9964E-05 9.9964E-05 0.544756 0.345597
9.9973E-05 0.0693249 9.9973E-05 9.9973E-05 0.0150321 0.0358139 0.0210872 0.230008 0.628434
0.0129399 0.0721788 0.0233963 0.0255261 0.045611 0.00456077 0.0192874 0.269941 0.526559
9.9964E-05 9.9964E-05 0.0197225 9.9964E-05 0.0047015 9.9964E-05 0.0107738 0.295274 0.669128
0.00129002 0.0202721 0.0123052 9.9973E-05 0.0254901 9.9973E-05 9.9973E-05 0.600293 0.340049
0.0429441 9.9973E-05 0.0291532 9.9973E-05 9.9973E-05 0.0571427 0.0754576 0.110152 0.684851
9.9991E-05 0.0501759 0.044102 0.0135729 0.0339675 0.10878 0.0265021 0.127547 0.595253
9.9955E-05 9.9955E-05 9.9955E-05 0.0181899 9.9955E-05 9.9955E-05 0.938408 0.000552467 0.0423495
9.9955E-05 0.0399037 9.9955E-05 9.9955E-05 0.0167238 9.9955E-05 0.898468 9.9955E-05 0.0444049
9.9964E-05 0.102577 9.9964E-05 0.0421888 9.9964E-05 0.056196 0.553411 9.9964E-05 0.245227
9.9955E-05 0.0137758 0.0171778 9.9955E-05 9.9955E-05 9.9955E-05 0.637768 9.9955E-05 0.330779
0.0182553 0.0175952 9.9964E-05 9.9964E-05 9.9964E-05 0.00182288 0.8252 9.9964E-05 0.136727
9.993E-05 9.993E-05 9.993E-05 9.993E-05 9.993E-05 9.993E-05 0.999201 9.993E-05 9.993E-05
9.9955E-05 0.0195806 0.0217123 9.9955E-05 0.0173721 9.9955E-05 0.940835 9.9955E-05 9.9955E-05
9.9955E-05 0.0127914 9.9955E-05 0.0168564 9.9955E-05 9.9955E-05 0.834546 9.9955E-05 0.135306
9.9955E-05 9.9955E-05 0.0501271 9.9955E-05 0.00485419 0.0104203 0.934099 9.9955E-05 9.9955E-05
9.993E-05 9.993E-05 9.993E-05 9.993E-05 9.993E-05 9.993E-05 0.999201 9.993E-05 9.993E-05
9.993E-05 9.993E-05 9.993E-05 9.993E-05 9.993E-05 9.993E-05 0.999201 9.993E-05 9.993E-05
9.9955E-05 9.9955E-05 9.9955E-05 0.0572134 9.9955E-05 0.0200101 0.729982 9.9955E-05 0.192294
0.0212169 9.9973E-05 0.0476476 0.0451635 9.9973E-05 0.0437143 0.762234 9.9973E-05 0.0797236
9.993E-05 9.993E-05 9.993E-05 9.993E-05 9.993E-05 9.993E-05 0.999201 9.993E-05 9.993E-05
9.9973E-05 0.160113 0.0425571 0.0763567 9.9973E-05 0.0862311 0.339637 9.9973E-05 0.294806
0.022714 0.0480057 0.0189701 0.121164 0.0052589 9.9982E-05 0.597835 9.9982E-05 0.185853
9.9955E-05 9.9955E-05 9.9955E-05 0.031923 9.9955E-05 0.0565199 0.783676 9.9955E-05 0.127381
0.0111142 9.9955E-05 9.9955E-05 0.0458948 9.9955E-05 9.9955E-05 0.870728 9.9955E-05 0.0717628
9.9937E-05 9.9937E-05 9.9937E-05 0.06308 9.9937E-05 9.9937E-05 0.93622 9.9937E-05 9.9937E-05
9.9946E-05 9.9946E-05 9.9946E-05 0.08341 9.9946E-05 9.9946E-05 0.882906 9.9946E-05 0.0330848
9.9946E-05 9.9946E-05 9.9946E-05 0.0263655 9.9946E-05 0.0139762 0.959059 9.9946E-05 9.9946E-05
0.0115024 0.0342678 0.00823966 0.135392 9.9982E-05 0.0531968 0.583463 9.9982E-05 0.173739
0.026288 9.9955E-05 9.9955E-05 0.0159135 9.9955E-05 0.0282126 0.929086 9.9955E-05 9.9955E-05
9.9973E-05 9.9973E-05 9.9973E-05 0.0678695 0.0287376 0.231373 0.0396956 0.597267 0.0347572
9.9982E-05 0.0359799 0.0331154 0.126286 9.9982E-05 0.135981 0.0391096 0.260113 0.369215
9.9973E-05 9.9973E-05 0.0137627 0.136722 0.016387 0.135256 9.9973E-05 0.226655 0.470918
9.9973E-05 9.9973E-05 0.0390379 0.160599 0.0185107 0.125481 9.9973E-05 0.415671 0.240401
0.0633103 0.0834285 0.0665445 0.0858458 9.9991E-05 0.0780307 0.126417 0.126747 0.369576
9.9973E-05 9.9973E-05 9.9973E-05 0.152707 0.0063654 0.17602 0.053496 0.479154 0.131958
9.9991E-05 0.0729648 0.0337071 0.146514 0.0441078 0.120486 0.0181114 0.159704 0.404305
9.9964E-05 9.9964E-05 9.9964E-05 0.0991979 9.9964E-05 0.104165 0.0893149 0.354181 0.352741
9.9973E-05 0.00943144 9.9973E-05 0.208717 9.9973E-05 0.111601 0.0293975 0.185558 0.454996
0.0480237 0.0156428 9.9982E-05 0.175044 9.9982E-05 0.133395 0.0232869 0.255405 0.349002
0.0279459 0.055634 0.00145273 0.158505 0.0227 0.16273 0.0737603 0.128377 0.368895
9.9964E-05 9.9964E-05 0.0342108 0.0163079 9.9964E-05 0.842934 9.9964E-05 0.0366035 0.0695443
9.9955E-05 9.9955E-05 9.9955E-05 9.9955E-05 0.0415098 0.868751 0.0838739 0.00536547 9.9955E-05
9.9973E-05 0.0210222 0.00081865 9.9973E-05 0.0341248 0.922372 9.9973E-05 0.00952388 0.0118381
0.00911455 0.0057981 0.00593326 9.9964E-05 9.9964E-05 0.936257 9.9964E-05 0.0424968 9.9964E-05
9.9955E-05 0.0463795 9.9955E-05 9.9955E-05 9.9955E-05 0.889098 0.0117343 9.9955E-05 0.0522882
9.9955E-05 9.9955E-05 0.0123359 0.0596061 0.0186161 0.908942 9.9955E-05 9.9955E-05 9.9955E-05
9.9973E-05 0.00217476 0.00613559 0.0183822 9.9973E-05 0.896556 0.028428 9.9973E-05 0.0480236
9.9964E-05 0.0168911 0.0413222 0.0223603 0.0192944 0.899732 9.9964E-05 9.9964E-05 9.9964E-05
0.0316177 0.00825633 9.9973E-05 0.040308 9.9973E-05 0.859776 0.0354898 0.0242521 9.9973E-05
9.9964E-05 0.00939238 0.00957328 0.0880142 9.9964E-05 0.860292 9.9964E-05 0.032328 9.9964E-05
0.0756475 0.0276439 0.26171 0.00673963 9.9973E-05 0.543119 9.9973E-05 0.0848394 9.9973E-05
0.0136361 0.0750728 0.293185 9.9964E-05 9.9964E-05 0.560896 9.9964E-05 0.0568108 9.9964E-05
0.053557 0.0996012 0.228202 9.9964E-05 9.9964E-05 0.512093 9.9964E-05 0.106147 9.9964E-05
0.00747646 0.191533 0.265319 9.9964E-05 9.9964E-05 0.416529 9.9964E-05 0.118742 9.9964E-05
0.245137 0.216699 9.9973E-05 0.0622914 9.9973E-05 0.0527509 0.0060608 9.9973E-05 0.416762
0.309792 0.120147 0.0365725 9.99827E-05 9.99827E-05 0.0425169 0.0504607 0.000264155 0.440048
0.174841 0.212756 0.0328106 9.9973E-05 9.9973E-05 0.0415669 0.0206662 9.9973E-05 0.51706
0.295364 0.318678 0.0542659 9.9973E-05 9.9973E-05 0.0312189 0.0221036 9.9973E-05 0.27807
0.00537913 0.618678 0.185504 9.9982E-05 0.0230392 9.9982E-05 0.0264185 0.0489551 0.0918267
0.170411 0.0437628 0.0574203 0.0493129 0.0194904 0.00137088 0.0665026 0.0234448 0.568284
0.220047 0.0701293 0.0871697 9.9964E-05 9.9964E-05 9.9964E-05 0.0645049 9.9964E-05 0.557749
0.297603 0.0445384 0.0373007 0.10636 0.035629 9.9991E-05 0.000603766 0.0330488 0.444816
0.547439 0.00587676 9.9982E-05 0.0250951 0.0414601 9.9982E-05 0.0417748 0.0353471 0.302807
0.119144 0.0680543 0.0516945 0.0585071 9.9991E-05 0.0438594 0.0356326 0.0126299 0.610378
0.459479 0.0798206 0.0184261 9.9973E-05 9.9973E-05 0.0243343 0.0249964 9.9973E-05 0.392644
0.726079 9.9946E-05 9.9946E-05 9.9946E-05 0.0854742 9.9946E-05 9.9946E-05 0.187847 9.9946E-05
0.125653 0.202378 0.0225247 0.0333994 0.0111413 0.0562675 0.0466484 9.9991E-05 0.501888
0.620234 9.9955E-05 9.9955E-05 9.9955E-05 0.0447892 9.9955E-05 9.9955E-05 0.184584 0.149892
0.363226 0.0502159 0.00433121 0.0512919 0.0141307 0.01905 0.0364926 9.9991E-05 0.461162
0.633895 0.212087 0.0517328 9.9964E-05 9.9964E-05 0.0355464 9.9964E-05 9.9964E-05 0.0663388
0.0168454 9.9973E-05 0.92523 9.9973E-05 9.9973E-05 0.011629 0.0129062 0.00356159 0.0295277
9.9937E-05 9.9937E-05 0.913925 9.9937E-05 9.9937E-05 9.9937E-05 9.9937E-05 9.9937E-05 0.0853759
0.036684 9.9946E-05 0.920873 9.9946E-05 9.9946E-05 9.9946E-05 9.9946E-05 9.9946E-05 0.0418438
0.0108849 9.9964E-05 0.918961 9.9964E-05 9.9964E-05 0.0204028 9.9964E-05 0.0274896 0.0218617
9.9937E-05 9.9937E-05 0.861344 9.9937E-05 9.9937E-05 9.9937E-05 9.9937E-05 9.9937E-05 0.137956
9.9946E-05 9.9946E-05 0.858572 9.9946E-05 9.9946E-05 9.9946E-05 0.0421941 9.9946E-05 0.0986337
0.0530627 9.9973E-05 0.00288023 0.00546602 9.9973E-05 0.843851 0.0743892 9.9973E-05 0.0200505
0.0384488 9.9964E-05 0.0249693 0.0948966 9.9964E-05 0.773291 9.9964E-05 9.9964E-05 0.0679947
9.9964E-05 9.9964E-05 0.00908113 0.122151 0.0193527 0.723301 9.9964E-05 9.9964E-05 0.125714
0.0605749 9.9964E-05 0.0256451 9.9964E-05 9.9964E-05 0.823172 0.0735953 9.9964E-05 0.0166131
0.0207447 9.9982E-05 0.00725661 0.0616892 9.9982E-05 0.734916 0.0266043 0.0276924 0.120897
0.0314913 0.0427923 0.541212 9.9964E-05 9.9964E-05 0.345677 9.9964E-05 0.0384274 9.9964E-05
9.9964E-05 9.9964E-05 0.555928 0.0558744 0.0334138 0.353843 9.9964E-05 0.000540052 9.9964E-05
9.9964E-05 0.011646 0.518827 0.0815849 0.0472826 0.340259 9.9964E-05 9.9964E-05 9.9964E-05
9.9955E-05 0.0255264 9.9955E-05 9.9955E-05 9.9955E-05 0.832186 0.0158028 9.9955E-05 0.125985
0.00854842 0.0746971 0.481382 9.9973E-05 0.0754965 0.355717 0.00385872 9.9973E-05 9.9973E-05
9.9964E-05 9.9964E-05 9.9964E-05 0.421606 9.9964E-05 0.167198 0.0962 0.124585 0.190012
9.9991E-05 0.0628703 0.0194799 0.209363 0.0239985 0.102602 0.135847 0.0230965 0.422643
9.9955E-05 9.9955E-05 9.9955E-05 0.270234 9.9955E-05 0.173937 0.084479 9.9955E-05 0.47085
0.0430783 9.9973E-05 9.9973E-05 0.301627 9.9973E-05 0.198144 0.126674 0.0928507 0.237327
0.0551823 0.0952128 0.0426247 0.178479 0.000992197 0.104429 0.0936751 9.9991E-05 0.429305
9.9946E-05 9.9946E-05 9.9946E-05 0.451882 9.9946E-05 0.331633 9.9946E-05 0.215885 9.9946E-05
0.0321339 0.372029 0.121989 9.9973E-05 0.0456677 0.0156806 9.9973E-05 9.9973E-05 0.4122
0.0328848 0.252261 0.0334431 0.0345452 0.0899908 9.9991E-05 0.0118982 0.131532 0.413346
0.0188326 0.636039 0.106356 9.9991E-05 0.0232076 0.023817 0.00799879 0.0314017 0.152247
0.0259554 0.27656 9.9973E-05 9.9973E-05 0.124223 9.9973E-05 0.0449567 0.0690155 0.458989
0.00800175 0.313769 0.0698615 9.9964E-05 0.194566 9.9964E-05 9.9964E-05 0.413402 9.9964E-05
0.0211433 0.165233 0.0382257 9.9991E-05 0.0128828 0.115161 0.0735962 0.0387688 0.53489
0.0480027 0.172392 0.0434702 0.128537 0.0765638 0.0180691 9.9991E-05 0.0562326 0.456632
0.0100718 0.479249 0.106951 0.00238918 9.9982E-05 0.0505337 9.9982E-05 0.0681967 0.282409
0.0510246 0.185063 0.0619886 0.0388486 0.031005 0.0842147 0.0660684 0.0275678 0.454219
0.0845474 0.451903 9.9964E-05 9.9964E-05 0.0751245 9.9964E-05 9.9964E-05 0.291345 0.0966803
0.0782585 0.189274 0.0235727 0.0700633 0.0330165 9.9991E-05 0.0230796 0.0932078 0.489428
0.0553652 0.324698 0.0781378 0.0403463 0.0193147 0.00490454 0.00819574 0.0326054 0.436433
0.0775391 0.129014 0.026071 0.192428 0.0191682 0.0722367 0.0665601 0.0785814 0.338401
0.0966888 0.316725 0.0367053 0.0706523 0.076221 9.9982E-05 9.9982E-05 0.138625 0.264183
0.0230661 0.270357 0.034817 9.9982E-05 0.0389769 9.9982E-05 0.0480236 0.197165 0.387395
0.0146376 0.172779 0.0757773 0.0381942 0.061417 0.00305658 0.0505681 0.041999 0.541571
0.0904324 0.212302 0.0559145 0.041485 0.0423387 9.9982E-05 9.9982E-05 0.0392791 0.518048
0.0378347 0.119035 0.0327158 0.158011 0.0674835 9.9991E-05 0.0151815 0.0103515 0.559287
0.0702206 0.153065 0.0836951 0.118708 0.0140536 0.0441533 0.0721446 0.0171297 0.42683
0.0891617 0.200354 0.0380551 0.110607 0.00956847 0.020163 0.0127977 0.0258072 0.493486
9.9946E-05 9.9946E-05 9.9946E-05 9.9946E-05 9.9946E-05 0.813624 0.0603549 9.9946E-05 0.125421
9.9955E-05 9.9955E-05 9.9955E-05 0.0291557 9.9955E-05 0.860111 0.00309139 9.9955E-05 0.107142
0.00332396 9.9973E-05 0.0302423 0.00314892 9.9973E-05 0.850826 9.9973E-05 0.0150115 0.0971476
0.0246605 0.0039443 0.0116622 0.0260819 0.00439378 0.865078 0.0639798 9.9982E-05 9.9982E-05
9.9955E-05 9.9955E-05 0.00686096 0.0141221 9.9955E-05 0.873546 9.9955E-05 9.9955E-05 0.104971
0.0601356 0.697976 0.0779073 0.0108665 9.9973E-05 0.0542792 9.9973E-05 0.0985355 9.9973E-05
0.00996245 0.21708 0.0455419 0.0891497 0.095266 0.0715514 0.0133609 9.9991E-05 0.457988
0.0154617 9.9982E-05 0.0283923 0.275168 9.9982E-05 0.0805047 0.100161 0.111416 0.388697
0.0342223 0.237926 0.0454572 0.0895784 9.9973E-05 9.9973E-05 0.0570175 9.9973E-05 0.535499
0.0783574 0.479012 9.9973E-05 0.11267 9.9973E-05 0.00544574 0.0136416 9.9973E-05 0.310573
9.9973E-05 0.415575 0.0113248 0.0209022 0.0735562 9.9973E-05 9.9973E-05 0.247001 0.231341
9.9955E-05 0.725407 0.118081 9.9955E-05 9.9955E-05 0.0811999 9.9955E-05 0.0748123 9.9955E-05
0.0339623 0.402449 0.0758985 0.0394204 9.9982E-05 0.0633496 0.0184098 9.9982E-05 0.36631
9.9982E-05 0.512409 0.190385 9.9982E-05 0.0234628 0.0476614 0.0580514 0.0280094 0.13982
0.0991926 0.181243 0.0336908 0.0785091 0.0760072 0.0261274 0.0118624 0.0761598 0.417208
9.9973E-05 0.646914 0.131867 9.9973E-05 0.0395854 0.0936596 9.9973E-05 0.0576015 0.0300722
9.9973E-05 0.307485 0.0488828 0.0838558 9.9973E-05 0.0579548 0.0839728 9.9973E-05 0.417549
0.0489952 0.674053 0.0797431 0.0387044 9.9982E-05 0.0432638 9.9982E-05 0.0992515 0.0157893
0.0680943 0.373574 0.0115136 0.172984 0.0749505 0.00121536 0.0138949 0.136504 0.147269
0.0704245 0.0908522 0.0424428 0.0263122 0.00700681 0.0623055 0.0350425 0.114241 0.551372
9.9964E-05 0.0419312 0.0274927 9.9964E-05 0.0646202 9.9964E-05 9.9964E-05 0.465547 0.400009
0.0543607 9.9973E-05 0.0651605 0.0403345 9.9973E-05 0.0109975 9.9973E-05 0.255413 0.573434
0.0276397 0.0649985 0.0571694 0.101097 9.9982E-05 0.0531873 9.9982E-05 0.133193 0.562515
0.0127157 0.0440004 0.0280223 9.9973E-05 0.0130849 9.9973E-05 9.9973E-05 0.53134 0.370536
0.0267 0.0884949 0.052354 9.9991E-05 0.0231113 0.0542445 0.0843204 0.135552 0.535123
0.0244096 9.9973E-05 0.0590612 9.9973E-05 0.065526 0.00407736 9.9973E-05 0.24078 0.605846
0.059819 9.9964E-05 0.0499698 9.9964E-05 0.0913455 9.9964E-05 9.9964E-05 0.546431 0.252035
9.9955E-05 9.9955E-05 0.0651324 9.9955E-05 0.00596389 9.9955E-05 9.9955E-05 0.614117 0.314287
9.9955E-05 0.0599773 0.0584105 9.9955E-05 9.9955E-05 9.9955E-05 9.9955E-05 0.34198 0.539132
0.112189 9.9964E-05 0.0919714 9.9964E-05 0.0149863 9.9964E-05 9.9964E-05 0.601076 0.179377
9.9955E-05 0.0372944 0.0673578 9.9955E-05 9.9955E-05 9.9955E-05 9.9955E-05 0.360691 0.534157
9.9955E-05 0.882152 0.0439981 9.9955E-05 0.0206645 0.0526858 9.9955E-05 9.9955E-05 9.9955E-05
0.0161121 0.577683 9.9982E-05 0.123491 0.1569 9.9982E-05 0.00656545 0.0518243 0.0672244
9.9973E-05 0.583647 0.034096 0.0622511 9.9973E-05 0.0342109 0.0567172 9.9973E-05 0.228778
0.03166 0.283786 0.0323179 0.15598 0.0221805 0.045689 0.0122419 9.9991E-05 0.416044
0.103863 0.707318 0.081123 0.0779384 9.9973E-05 9.9973E-05 0.00135284 9.9973E-05 0.0281051
0.0593334 0.182432 0.065575 0.150641 0.022715 9.9991E-05 0.0265446 0.0523547 0.440304
9.9982E-05 0.295554 0.026049 0.047362 0.0537193 0.034768 0.0610792 9.9982E-05 0.481269
0.0915426 0.356346 0.0163945 0.104943 0.0477026 9.9991E-05 0.016965 0.0116023 0.354404
0.0201834 0.358258 0.0500563 0.064378 0.0402959 0.0125732 0.0436135 0.00563944 0.405002
0.0589851 0.385391 0.125796 0.0596375 0.00319526 9.9982E-05 0.0166076 9.9982E-05 0.350188
0.080577 0.693479 0.0374628 0.0877112 0.0213769 9.9973E-05 9.9973E-05 9.9973E-05 0.0790936
0.0154583 0.533009 0.0845102 0.0197886 0.00626759 9.9982E-05 0.047008 9.9982E-05 0.293758
0.0252835 0.287831 0.0248808 0.0958801 0.0277528 9.9991E-05 0.0351841 0.0202598 0.482828
0.0326305 0.19724 0.0284633 0.152375 0.0280947 0.00644231 0.0383167 0.0298234 0.486614
0.0232408 0.363246 0.0782833 0.162245 0.045361 9.9991E-05 0.0404886 0.0937349 0.193301
0.0736175 0.31267 0.018058 0.170693 0.0694593 9.9982E-05 0.0244976 9.9982E-05 0.330805
0.0124293 0.534369 0.106827 0.0696875 9.9982E-05 0.00580236 0.0500807 9.9982E-05 0.220605
0.0208465 0.325641 0.0294232 0.18016 0.0336237 9.9982E-05 0.0111005 9.9982E-05 0.399005
0.0708445 0.357523 0.0440922 0.115297 0.0219142 0.00892177 0.0861384 9.9991E-05 0.295169
0.0298723 0.193023 0.0225542 0.0902472 0.0300237 0.100579 9.9982E-05 9.9982E-05 0.533501
0.00897942 0.0994657 9.9982E-05 0.23199 9.9982E-05 0.263751 0.0360694 0.0287345 0.33081
0.0231638 0.0827921 9.9982E-05 0.240603 9.9982E-05 0.0938561 0.0471375 0.0551892 0.457058
0.046957 0.0586994 0.0229147 0.0994694 0.00948717 0.144237 0.0794193 0.0996558 0.439161
0.0426002 0.0718443 0.0271297 0.236826 0.0446174 0.0602376 0.0766982 0.00596191 0.434085
0.0301025 0.0203372 9.9991E-05 0.386058 0.0341081 0.112401 0.0490095 0.0611966 0.306687
0.00371827 0.199988 0.0461557 9.9982E-05 0.0970437 9.9982E-05 0.0205206 0.157599 0.474774
0.0848153 0.0240848 0.00184167 0.164665 0.0190982 0.141679 0.0700946 0.0503504 0.443371
0.0133883 0.140054 9.9991E-05 0.172844 0.0260209 0.159632 0.0669406 0.365037 0.0559839
9.9991E-05 0.0877943 0.0229882 0.232623 0.0034707 0.0542879 0.0309972 0.0342061 0.533533
0.0305818 0.0816975 0.0126075 0.136509 0.0238718 0.0833914 0.157244 0.0315969 0.442499
0.0660073 0.0426524 0.00296039 0.114565 0.0850818 0.0815 0.132363 9.9991E-05 0.47477
0.0408096 0.142065 9.9982E-05 0.280026 0.0662689 0.120852 9.9982E-05 0.150767 0.199012
0.00208923 0.113977 9.9991E-05 0.204163 0.00225554 0.129302 0.109339 0.00652423 0.43225
9.9982E-05 0.0512216 0.0434931 0.258032 0.0677461 0.0896775 0.0371519 9.9982E-05 0.452478
9.9946E-05 9.9946E-05 9.9946E-05 0.236432 9.9946E-05 0.388327 9.9946E-05 0.374642 9.9946E-05
0.0314755 0.108184 9.9973E-05 0.148384 9.9973E-05 0.147407 0.132893 9.9973E-05 0.431357
9.9982E-05 0.0315845 9.9982E-05 0.290837 0.0121198 0.131184 0.0599753 0.011945 0.462155
0.021451 0.0896437 9.9991E-05 0.0455984 0.0344658 0.0732638 0.148089 0.0899481 0.49744
9.9973E-05 9.9973E-05 9.9973E-05 0.217751 0.0426195 0.138105 0.108849 0.00928815 0.483087
0.0336139 0.085209 9.9982E-05 0.0941676 9.9982E-05 0.203799 0.106908 0.0110735 0.465029
0.12772 9.9973E-05 0.0166392 9.9973E-05 0.347473 0.047942 0.0423445 9.9973E-05 0.417582
0.0852478 0.096483 0.0196116 0.0944524 0.165999 0.0482294 0.0562065 0.0189351 0.414835
0.0593808 0.0893441 0.0151556 9.9964E-05 0.76799 9.9964E-05 9.9964E-05 0.0677295 9.9964E-05
0.0412013 0.103112 9.99549E-05 9.99549E-05 0.788622 9.99549E-05 9.99549E-05 0.0665658 9.99549E-05
0.053665 0.0263388 9.9991E-05 0.017813 0.258079 0.0873507 0.0583298 0.0314415 0.466883
9.9991E-05 0.0096482 0.0147943 0.337495 0.113908 0.0769808 0.131933 0.0330187 0.282123
9.9964E-05 9.9964E-05 9.9964E-05 0.43764 0.221181 0.0781459 0.0174343 9.9964E-05 0.245199
9.9973E-05 9.9973E-05 9.9973E-05 0.358036 0.254678 0.105497 0.0886684 0.0683213 0.1245
9.9964E-05 9.9964E-05 9.9964E-05 0.388448 0.214789 0.0926856 0.0441211 9.9964E-05 0.259556
9.9973E-05 0.0201467 9.9973E-05 0.163013 0.603402 0.0334084 9.9973E-05 0.109986 0.0697435
0.00947323 0.0175168 9.9982E-05 0.132494 0.617469 0.0594143 9.9982E-05 0.0512738 0.112159
9.9964E-05 0.0504525 9.9964E-05 0.0686201 0.277981 9.9964E-05 0.0707267 9.9964E-05 0.53182
9.9964E-05 9.9964E-05 9.9964E-05 0.114894 0.387495 0.0373165 0.0669136 9.9964E-05 0.392981
0.00205778 0.0242671 0.0188738 0.130641 0.624279 0.0112842 9.9982E-05 9.9982E-05 0.188398
9.9982E-05 0.0662329 0.043068 0.094477 0.225966 0.0106583 0.0416699 9.9982E-05 0.517728
9.9973E-05 9.9973E-05 0.0351142 0.113971 0.268406 0.00384064 0.0571858 9.9973E-05 0.521182
0.0380332 0.0337101 0.0113641 0.0219632 0.21009 0.059251 0.101907 0.0285557 0.495126
0.0168648 0.0846487 9.9973E-05 0.000891376 0.558326 9.9973E-05 0.00394067 9.9973E-05 0.335029
9.99742E-05 0.116756 9.99742E-05 9.99742E-05 0.444507 0.0140617 0.00464598 0.0312954 0.388435
0.0508618 0.00479896 0.0501206 0.0122773 0.256015 0.0259409 0.041252 0.0250348 0.533698
0.0473301 0.0196873 0.0795105 0.0468821 0.2735 0.00476049 0.0239048 0.0461532 0.458272
0.0950472 0.0825521 9.9973E-05 0.152642 0.14736 0.0849703 9.9973E-05 9.9973E-05 0.437129
0.0906217 0.021053 0.0224936 0.000326847 0.349649 0.0202562 0.0129482 0.0418171 0.440834
9.9946E-05 9.9946E-05 0.0391278 9.9946E-05 0.705839 9.9946E-05 9.9946E-05 9.9946E-05 0.254433
9.9964E-05 9.9964E-05 9.9964E-05 0.0715892 0.312775 0.00334609 0.0177347 9.9964E-05 0.594155
0.0148384 0.0930831 0.019626 9.9973E-05 0.677802 9.9973E-05 9.9973E-05 0.00186439 0.192486
9.9964E-05 0.0196538 0.0108644 9.9964E-05 0.476116 0.0115499 9.9964E-05 9.9964E-05 0.481416
9.9982E-05 0.0695726 0.0112753 0.0359776 0.252914 0.0908373 0.0106604 9.9982E-05 0.528563
0.0152263 0.051457 0.0526907 0.0201321 0.288997 0.0647219 0.0514304 9.9991E-05 0.455244
9.9991E-05 0.0299744 0.00214626 0.113843 0.103368 0.168095 0.0921965 0.0483181 0.44196
0.0177362 0.112734 0.0170764 0.0868775 0.0568188 0.146466 0.099507 0.0545722 0.408211
9.9982E-05 0.0840204 9.9982E-05 0.368161 0.0275432 0.137577 0.0921979 0.0883617 0.201939
9.9991E-05 0.0893003 0.0105052 0.144436 0.0618314 0.172416 0.181252 0.0570151 0.283144
0.0314565 0.0573268 0.0618619 0.182177 0.0367905 0.121598 0.114688 0.0378084 0.356292
0.0808681 0.027129 9.9991E-05 0.171006 0.13085 0.117031 0.0641354 0.0633936 0.345487
9.9955E-05 9.9955E-05 9.9955E-05 0.209123 0.622588 0.121558 9.9955E-05 0.0462318 9.9955E-05
0.0198817 9.9982E-05 9.9982E-05 0.248048 0.110965 0.0604326 0.0897776 0.00245133 0.468244
9.9955E-05 9.9955E-05 9.9955E-05 0.16115 0.343732 0.269905 9.9955E-05 0.224713 9.9955E-05
9.9964E-05 9.9964E-05 9.9964E-05 0.238215 0.265464 0.015306 0.0422239 9.9964E-05 0.438391
0.0122627 9.99459E-05 9.99459E-05 9.99459E-05 0.821401 9.99459E-05 9.99459E-05 9.99459E-05 0.165737
0.141276 0.00254134 0.0241298 9.99549E-05 0.831553 9.99549E-05 9.99549E-05 9.99549E-05 9.99549E-05
9.9955E-05 0.0377414 9.9955E-05 9.9955E-05 0.47282 9.9955E-05 0.017302 9.9955E-05 0.471637
0.0210516 9.9964E-05 9.9964E-05 9.9964E-05 0.314409 0.00359523 0.056489 9.9964E-05 0.604055
9.9937E-05 9.9937E-05 9.9937E-05 9.9937E-05 0.550529 9.9937E-05 9.9937E-05 9.9937E-05 0.448771
0.00543195 9.9955E-05 9.9955E-05 9.9955E-05 0.373738 9.9955E-05 0.0353223 9.9955E-05 0.585008
0.016467 9.9955E-05 9.9955E-05 0.0246065 0.407962 9.9955E-05 9.9955E-05 9.9955E-05 0.550465
0.0162986 0.0271722 0.0518547 0.016913 0.011221 0.85303 0.0220354 9.9991E-05 0.00137549
0.0185839 9.9982E-05 0.0893341 0.0382427 0.0321219 0.736502 0.0388509 9.9982E-05 0.046165
9.9964E-05 9.9964E-05 0.0417849 9.9964E-05 0.0234752 0.880482 0.0305956 9.9964E-05 0.0232627
9.9946E-05 9.9946E-05 9.9946E-05 9.9946E-05 9.9946E-05 0.911222 9.9946E-05 0.0186648 0.0695135
0.364502 0.0183303 0.000357995 0.0562803 9.9991E-05 0.0724897 0.034699 0.0120308 0.44121
0.332932 0.105162 9.9973E-05 0.0202521 9.9973E-05 0.0591558 0.0265978 9.9973E-05 0.4556
0.388924 0.0928175 9.9973E-05 0.0216086 9.9973E-05 0.0204165 0.0138798 9.9973E-05 0.462054
0.25275 0.110777 0.0327532 0.0040173 9.9991E-05 0.0563412 0.0615641 0.00134746 0.48035
0.12272 0.0600266 0.0520113 9.9982E-05 9.9982E-05 0.0985814 0.0298381 0.0706948 0.565927
0.552107 0.169318 0.000444332 9.9973E-05 9.9973E-05 0.0607796 0.00404615 9.9973E-05 0.213005
0.328117 0.032264 9.9964E-05 0.0551531 9.9964E-05 0.0135918 9.9964E-05 9.9964E-05 0.570474
0.588829 9.9973E-05 9.9973E-05 0.0135458 0.0468587 9.9973E-05 0.0252199 0.0808237 0.244423
9.9973E-05 0.0933526 0.0531357 0.172256 9.9973E-05 0.244636 0.0970228 9.9973E-05 0.339297
0.336728 0.0347076 0.0190609 9.9982E-05 0.0824329 9.9982E-05 0.0526069 0.0657123 0.408551
0.525757 0.0909422 0.0528894 9.9964E-05 9.9964E-05 0.0260646 9.9964E-05 9.9964E-05 0.303947
0.357664 0.0107602 0.00859052 9.9991E-05 0.0192064 0.00388573 0.0544522 0.0580714 0.48727
0.436807 0.137822 0.056232 0.0338751 9.9973E-05 9.9973E-05 0.0620966 9.9973E-05 0.272868
0.368131 9.9964E-05 9.9964E-05 0.0319732 0.0411472 9.9964E-05 0.0408912 9.9964E-05 0.517457
0.305644 0.0307135 0.00984606 9.9982E-05 0.0139655 0.0811677 0.0958805 9.9982E-05 0.462583
0.803792 9.9946E-05 9.9946E-05 9.9946E-05 0.0387698 9.9946E-05 9.9946E-05 0.156839 9.9946E-05
0.51039 0.0102372 9.9973E-05 9.9973E-05 0.0187581 9.9973E-05 0.048947 0.132691 0.278677
0.582299 9.9964E-05 9.9964E-05 9.9964E-05 0.0360418 9.9964E-05 0.0578486 0.056963 0.266448
0.728718 9.9946E-05 9.9946E-05 9.9946E-05 0.0521869 9.9946E-05 9.9946E-05 0.218496 9.9946E-05
0.400933 0.0916219 0.0425461 0.0473356 9.9973E-05 0.0608209 9.9973E-05 9.9973E-05 0.356442
0.626921 0.0373133 9.9973E-05 0.00261745 0.000785079 9.9973E-05 9.9973E-05 0.293384 0.038679
0.726523 9.9946E-05 9.9946E-05 9.9946E-05 0.0330245 9.9946E-05 9.9946E-05 0.239853 9.9946E-05
0.312586 9.9991E-05 0.0216594 0.0101177 0.0223711 0.00453899 0.118583 0.0195354 0.490509
0.561613 0.198117 0.081205 9.9964E-05 9.9964E-05 0.0504073 9.9964E-05 9.9964E-05 0.108258
0.374553 0.134483 0.0580883 9.9982E-05 9.9982E-05 0.0222638 0.043371 0.00142876 0.365612
0.171595 0.0633769 0.0384284 0.140607 9.9982E-05 0.0524045 0.0200969 9.9982E-05 0.513292
0.367155 0.112748 9.9973E-05 0.0284972 9.9973E-05 0.0351712 0.0184009 9.9973E-05 0.437727
0.0114084 0.445982 9.9973E-05 0.113588 0.0352251 9.9973E-05 9.9973E-05 0.131815 0.261681
0.318987 0.0184145 0.0429427 9.9982E-05 0.0150729 0.0607307 0.0633919 9.9982E-05 0.480261
0.347779 0.146997 9.9973E-05 0.000249417 9.9973E-05 0.0419382 0.0182512 9.9973E-05 0.444486
0.547502 0.0587885 9.9973E-05 9.9973E-05 0.0809694 9.9973E-05 0.0399589 0.0443105 0.228171
0.237397 0.0493349 0.010886 9.9991E-05 0.0261615 0.1217 0.0744871 0.0170535 0.46288
9.9973E-05 0.0417518 0.238073 9.9973E-05 0.00745925 0.626596 0.0136475 0.0721722 9.9973E-05
0.0480101 9.9964E-05 0.172243 9.9964E-05 9.9964E-05 0.745473 9.9964E-05 0.0251641 0.00870991
0.0193608 9.9955E-05 0.10724 9.9955E-05 9.9955E-05 0.837019 9.9955E-05 0.0358812 9.9955E-05
9.9955E-05 0.00595578 0.132665 9.9955E-05 9.9955E-05 0.806901 9.9955E-05 0.0539784 9.9955E-05
0.000324335 0.0104065 0.16671 9.9973E-05 9.9973E-05 0.718114 9.9973E-05 0.0607041 0.0434413
0.640058 0.204498 0.054784 0.000799935 9.9982E-05 0.061248 0.00190917 9.9982E-05 0.0365035
0.691104 0.128564 0.0556601 9.9964E-05 9.9964E-05 0.0458749 9.9964E-05 9.9964E-05 0.0783973
