9.9955E-05 9.9955E-05 0.0249824 9.9955E-05 0.921764 9.9955E-05 0.040686 0.0120677 9.9955E-05
0.030118 9.9955E-05 9.9955E-05 9.9955E-05 0.943338 0.0168356 0.00920915 9.9955E-05 9.9955E-05
9.9964E-05 9.9964E-05 0.0720453 9.9964E-05 0.83442 0.0492375 9.9964E-05 0.015433 0.0284643
0.00469542 9.9964E-05 0.129962 9.9964E-05 0.794089 0.0437007 9.9964E-05 0.0271523 9.9964E-05
9.9946E-05 9.9946E-05 0.0860867 9.9946E-05 0.900045 9.9946E-05 9.9946E-05 0.0132683 9.9946E-05
0.0420716 0.263927 0.0454732 9.9964E-05 0.606553 9.9964E-05 0.0415749 9.9964E-05 9.9964E-05
9.9937E-05 0.23378 9.9937E-05 9.9937E-05 0.76552 9.9937E-05 9.9937E-05 9.9937E-05 9.9937E-05
0.0197555 0.251368 9.9964E-05 9.9964E-05 0.689915 9.9964E-05 0.0207074 0.0178541 9.9964E-05
0.13276 0.00968546 9.99729E-05 0.00271333 0.823948 0.0251926 9.99729E-05 0.00540073 9.99729E-05
0.024772 0.205459 9.9955E-05 9.9955E-05 0.739911 9.9955E-05 0.0293579 9.9955E-05 9.9955E-05
0.00893246 0.200487 0.0718236 9.9955E-05 0.718258 9.9955E-05 9.9955E-05 9.9955E-05 9.9955E-05
0.645341 0.110511 0.195378 9.9973E-05 0.00569135 9.9973E-05 0.0298299 9.9973E-05 0.012949
0.312723 0.00922512 0.538664 9.9982E-05 0.0386971 0.0267788 0.0371039 9.9982E-05 0.0366086
0.628562 0.025891 0.241457 9.9973E-05 9.9973E-05 0.0389833 0.0585971 9.9973E-05 0.00620973
0.554102 9.9964E-05 0.265722 9.9964E-05 0.0404361 0.0414811 0.0978592 9.9964E-05 9.9964E-05
0.378648 0.00499643 0.444527 9.9973E-05 0.0760044 0.0200685 0.0754554 9.9973E-05 9.9973E-05
0.265987 0.00610748 0.578216 0.0275769 0.0145154 0.0511534 0.028584 9.9991E-05 0.0277605
0.372354 0.0664144 0.46245 9.9973E-05 0.0117091 9.9973E-05 0.0416401 9.9973E-05 0.0451321
0.521404 0.0600329 0.271526 9.9973E-05 0.0892485 0.0329412 0.0245474 9.9973E-05 9.9973E-05
0.801903 0.181448 9.9946E-05 9.9946E-05 0.0160499 9.9946E-05 9.9946E-05 9.9946E-05 9.9946E-05
0.379849 0.0888342 0.386056 0.0104602 9.9982E-05 0.0388782 0.0474506 9.9982E-05 0.0482717
0.205314 0.17335 0.409084 0.0444373 9.9991E-05 0.0747316 0.0500325 0.0128896 0.0300609
0.224237 0.0635596 0.52284 0.0171291 0.0286676 0.00260897 0.0408451 9.9991E-05 0.100013
0.538301 0.142429 0.149705 9.9973E-05 0.0502772 9.9973E-05 0.0909392 9.9973E-05 0.028048
0.143951 0.00664418 0.637044 0.0378497 0.0942591 0.0151613 0.0307451 0.0342448 9.9991E-05
0.332786 0.0931478 0.529795 9.9973E-05 0.0146248 0.026999 0.00234728 9.9973E-05 9.9973E-05
0.615786 0.107819 0.205896 9.9973E-05 0.037527 9.9973E-05 0.00233337 9.9973E-05 0.0303386
0.54651 0.0719115 0.241298 9.9982E-05 0.00678301 0.0266044 0.0788774 9.9982E-05 0.0278161
0.603389 0.179751 0.17575 9.9955E-05 9.9955E-05 9.9955E-05 9.9955E-05 9.9955E-05 0.0406095
9.9937E-05 9.9937E-05 0.103432 9.9937E-05 0.895868 9.9937E-05 9.9937E-05 9.9937E-05 9.9937E-05
9.9946E-05 9.9946E-05 0.117798 0.000986635 0.880616 9.9946E-05 9.9946E-05 9.9946E-05 9.9946E-05
0.0251509 9.9955E-05 0.0921166 9.9955E-05 0.79808 9.9955E-05 0.0841531 9.9955E-05 9.9955E-05
9.9955E-05 9.9955E-05 0.161961 9.9955E-05 0.752972 0.0210882 0.0634789 9.9955E-05 9.9955E-05
0.032736 0.158096 0.465432 9.9973E-05 0.0760448 9.9973E-05 9.9973E-05 0.0431035 0.224288
0.08589 9.9973E-05 0.50707 9.9973E-05 0.0898005 0.0321251 0.0424454 9.9973E-05 0.242369
9.9982E-05 9.9982E-05 0.567925 0.000255889 0.0167995 0.0297208 0.00154785 0.0319859 0.351565
0.702467 9.9973E-05 0.17188 0.0427996 0.0414254 9.9973E-05 0.00460292 9.9973E-05 0.0365254
9.9973E-05 0.0764311 0.243913 0.0331515 9.9973E-05 0.021462 0.0162449 9.9973E-05 0.608497
0.207558 9.9964E-05 0.56857 9.9964E-05 0.0634789 0.0145057 9.9964E-05 9.9964E-05 0.145488
9.9964E-05 0.0653505 0.713363 9.9964E-05 0.0311008 9.9964E-05 9.9964E-05 0.0130901 0.176695
0.0550713 0.365562 0.46948 9.9982E-05 0.0719212 9.9982E-05 0.0134686 0.0175495 0.006747
0.119582 0.1759 0.521144 9.9982E-05 0.0888618 9.9982E-05 0.0192751 0.00724066 0.067796
0.190454 9.9964E-05 0.17192 9.9964E-05 0.0241001 9.9964E-05 9.9964E-05 0.00283509 0.610292
0.0391588 0.23789 0.598095 9.9973E-05 0.0582583 0.0232031 9.9973E-05 0.0430947 9.9973E-05
0.0156084 0.0753787 0.526487 0.0242281 0.0674376 0.0130536 0.0657852 9.9991E-05 0.211921
0.0132263 0.0722467 0.538358 0.000836507 0.133969 9.9982E-05 0.051976 9.9982E-05 0.189188
9.9955E-05 9.9955E-05 0.326006 0.0764536 9.9955E-05 0.00308095 9.9955E-05 9.9955E-05 0.59396
0.0348666 9.9973E-05 0.588399 9.9973E-05 0.0822162 9.9973E-05 0.0326882 0.0271494 0.234381
0.0802885 0.0643345 0.534051 0.0651374 0.0992571 9.9991E-05 0.0565399 0.00899942 0.0912921
9.9955E-05 0.17663 9.9955E-05 0.0896392 9.9955E-05 0.0746692 9.9955E-05 9.9955E-05 0.658561
0.579694 0.0919638 0.143001 0.0521634 9.9973E-05 9.9973E-05 9.9973E-05 0.0698922 0.0629865
0.319506 0.170567 0.125549 0.153203 9.9982E-05 0.0810362 0.0373933 9.9982E-05 0.112546
0.187701 0.0218087 0.572858 0.058945 0.0437825 0.0462678 0.0310379 9.9991E-05 0.0374995
0.123973 0.0103249 0.539963 0.0911548 0.0869277 0.0552114 0.0397035 9.9991E-05 0.0526418
0.108077 0.0455872 0.607618 0.0954271 0.0620778 0.0630105 0.0180029 9.9982E-05 9.9982E-05
0.512791 0.0822353 0.17149 9.9973E-05 0.114764 9.9973E-05 9.9973E-05 0.0395718 0.0788473
0.378935 0.00478114 0.532572 0.0176067 9.9973E-05 0.0463376 9.9973E-05 0.0194676 9.9973E-05
0.161543 0.0372187 0.548658 0.0102703 0.0275373 0.0241308 0.0312221 0.0499813 0.109439
0.230469 0.0954185 0.42379 0.046703 0.10505 0.0265415 0.00780789 0.046439 0.017781
0.491309 0.136093 0.0876014 0.0155642 0.139216 0.0055306 0.0265882 0.041134 0.0569633
0.16863 0.0143628 0.55585 9.9991E-05 0.0274114 0.0617118 0.0320233 0.0670978 0.0728129
0.306454 0.00238962 0.492674 0.0401913 0.0362585 0.0607212 0.0103331 0.00597665 0.045002
0.592118 0.147563 0.063913 9.9982E-05 0.0696776 0.0109675 9.9982E-05 0.0287147 0.0868464
0.40546 9.9964E-05 0.419121 0.056164 9.9964E-05 9.9964E-05 9.9964E-05 0.0297551 0.0890999
0.0954855 0.00723067 0.565321 0.0798484 0.0121755 0.0667396 0.00977667 0.0570136 0.106409
0.184132 0.042428 0.609108 0.0364338 0.0401855 0.0670429 9.9982E-05 9.9982E-05 0.0204698
0.452532 0.087327 0.239207 0.00134962 0.0630266 9.9982E-05 0.0606576 9.9982E-05 0.0956997
0.238573 0.0185304 0.482705 0.101265 0.0302319 0.0459508 0.0162588 0.0143365 0.0521481
0.135325 0.00355888 0.532538 0.0202696 0.0279189 0.0432731 0.0512462 0.0868727 0.0989978
0.540026 0.0625024 0.232111 0.0240824 0.0372474 0.019741 9.9991E-05 0.0050731 0.0791157
0.0201983 9.9964E-05 0.452338 9.9964E-05 9.9964E-05 9.9964E-05 0.0118164 0.0358032 0.479445
0.155053 9.9955E-05 0.182522 9.9955E-05 0.0101514 9.9955E-05 9.9955E-05 9.9955E-05 0.651774
0.0260189 9.9982E-05 0.547404 0.0220996 0.0519888 0.0481709 9.9982E-05 0.0531889 0.250929
9.9955E-05 0.0344225 9.9955E-05 0.0787693 9.9955E-05 9.9955E-05 0.0142498 9.9955E-05 0.872059
9.9955E-05 0.0468639 9.9955E-05 0.0727046 9.9955E-05 0.00754861 9.9955E-05 9.9955E-05 0.872383
9.9964E-05 0.00936545 0.235974 0.0500633 9.9964E-05 9.9964E-05 0.00586915 9.9964E-05 0.698328
9.9955E-05 9.9955E-05 0.481443 9.9955E-05 0.000412814 9.9955E-05 9.9955E-05 0.0815946 0.43605
9.9982E-05 9.9982E-05 0.51519 0.105294 0.0987692 0.0096596 0.0417576 0.0586211 0.170508
0.0127915 0.00394525 0.483398 0.0227222 9.9973E-05 0.0083044 9.9973E-05 9.9973E-05 0.468538
0.21817 9.9955E-05 0.155435 9.9955E-05 0.0501846 9.9955E-05 9.9955E-05 9.9955E-05 0.57571
0.167886 9.9964E-05 0.283559 9.9964E-05 0.00389183 9.9964E-05 9.9964E-05 0.0214369 0.522827
0.0508974 0.012935 0.523122 9.9991E-05 0.0499695 0.0670123 0.010502 0.0282642 0.257197
0.115335 9.9955E-05 0.366108 9.9955E-05 9.9955E-05 9.9955E-05 9.9955E-05 0.0237476 0.49431
0.127591 9.9955E-05 0.452998 9.9955E-05 0.0321121 9.9955E-05 9.9955E-05 9.9955E-05 0.386799
9.9955E-05 9.9955E-05 0.46865 0.0400959 9.9955E-05 0.0358207 9.9955E-05 9.9955E-05 0.454933
9.9955E-05 0.0403931 9.9955E-05 0.149662 9.9955E-05 0.11065 9.9955E-05 9.9955E-05 0.698795
0.0404342 0.0458746 0.588441 9.9982E-05 9.9982E-05 0.0126905 0.0225669 0.0200693 0.269724
0.0284961 9.9964E-05 0.0779071 9.9964E-05 0.840146 0.00689616 9.9964E-05 0.046155 9.9964E-05
9.9946E-05 9.9946E-05 0.0798629 9.9946E-05 0.908773 0.0107644 9.9946E-05 9.9946E-05 9.9946E-05
9.9955E-05 9.9955E-05 0.124262 9.9955E-05 0.819268 0.0299293 0.0260405 9.9955E-05 9.9955E-05
9.9955E-05 9.9955E-05 0.00443247 9.9955E-05 0.909619 0.0382167 0.0472318 9.9955E-05 9.9955E-05
9.9964E-05 0.00409162 9.9964E-05 0.00133278 0.937456 9.9964E-05 0.0393376 9.9964E-05 0.017382
9.9973E-05 9.9973E-05 0.0730176 0.00797512 0.856237 0.0115278 0.0451462 0.00579673 9.9973E-05
9.9946E-05 9.9946E-05 0.0738973 9.9946E-05 0.913178 9.9946E-05 9.9946E-05 0.0123249 9.9946E-05
0.096486 9.9982E-05 0.518899 9.9982E-05 0.0656774 0.00218877 0.0238947 0.0405533 0.252101
0.0838559 0.0450148 0.520843 9.9991E-05 0.0893403 0.0142668 0.0732743 0.0119199 0.161385
0.182162 9.9964E-05 0.0263555 9.9964E-05 0.044517 9.9964E-05 9.9964E-05 0.0554871 0.691079
0.0358141 9.9991E-05 0.598527 0.0514295 0.0450677 0.0170484 0.0316375 0.0564262 0.16395
0.120571 9.9964E-05 0.375253 9.9964E-05 0.0356345 9.9964E-05 9.9964E-05 0.0201832 0.447959
9.9964E-05 0.0115362 0.520319 9.9964E-05 0.0654966 9.9964E-05 9.9964E-05 0.0223665 0.379882
0.00181568 0.129918 0.541009 0.0483685 0.0206493 9.9973E-05 9.9973E-05 9.9973E-05 0.25794
0.0036642 9.9982E-05 0.518409 0.0831021 0.0143835 9.9982E-05 0.0455914 0.0186585 0.315991
0.288935 9.9955E-05 9.9955E-05 9.9955E-05 0.0501662 9.9955E-05 9.9955E-05 0.00493373 0.655466
0.0789319 0.0231506 0.499929 0.0103428 0.117386 9.9991E-05 0.0443998 0.028744 0.197016
0.0932671 0.023951 0.683366 0.0131494 0.0254283 0.0329535 9.9982E-05 9.9982E-05 0.127684
0.0628872 0.0128835 0.590123 0.0274485 0.0877783 0.075662 0.0198517 0.0385378 0.0848276
9.9982E-05 0.0973435 0.25528 0.0640826 9.9982E-05 0.0245235 0.0146124 0.0127973 0.531161
9.9964E-05 9.9964E-05 0.48532 0.122335 0.00241086 9.9964E-05 0.00663819 9.9964E-05 0.382896
0.107935 9.9964E-05 0.455323 9.9964E-05 0.0274953 9.9964E-05 9.9964E-05 0.0245611 0.384285
9.9955E-05 0.00907662 0.371683 0.0591898 9.9955E-05 9.9955E-05 9.9955E-05 9.9955E-05 0.55955
0.167545 9.9964E-05 0.444405 9.9964E-05 0.0379054 9.9964E-05 9.9964E-05 0.010645 0.3391
0.118945 0.004159 0.53355 9.9982E-05 0.0708145 0.0459028 0.0173572 9.9982E-05 0.209071
0.370937 9.9973E-05 0.292727 0.169765 9.9973E-05 0.0985954 0.0144026 0.0532737 9.9973E-05
0.369635 0.106195 0.385793 0.00712802 0.0600036 9.9982E-05 9.9982E-05 0.0543201 0.0167252
0.166037 0.0945796 0.547834 0.0157631 0.0869965 0.0343918 0.0331958 9.9991E-05 0.0211019
0.0891544 0.0457166 0.560126 0.0418448 0.128212 0.00743834 0.0145513 0.0132216 0.099735
0.39809 0.0622029 0.48926 9.9964E-05 0.0263841 9.9964E-05 9.9964E-05 0.0236629 9.9964E-05
0.211283 0.0573867 0.574723 0.0481736 0.0159813 0.0161074 0.0336695 0.0283906 0.0142856
0.414023 9.9973E-05 0.451295 0.0206898 0.0408958 0.0158881 9.9973E-05 0.056908 9.9973E-05
0.11958 9.9991E-05 0.518243 0.0250644 0.0861028 0.091289 0.00636832 0.0569349 0.0963174
0.112872 9.9991E-05 0.572044 0.067381 0.0260734 0.0507628 0.0278262 0.0810844 0.0618571
0.269949 0.0356578 0.571177 9.9982E-05 0.0172259 0.042481 9.9982E-05 0.0414088 0.0219005
0.297702 0.0360771 0.550334 0.0152019 0.00782326 9.9982E-05 9.9982E-05 0.0471026 0.0455588
0.115068 9.9982E-05 0.592076 0.119362 0.0613812 0.0213485 0.0528089 0.0377552 9.9982E-05
0.0409118 0.0810197 0.557278 0.0613514 0.0985473 0.0287914 0.0155055 0.0730363 0.0435581
0.216416 9.9982E-05 0.55931 0.0766257 9.9982E-05 0.0423747 0.0490934 0.00254403 0.0534356
0.105905 0.10718 0.560481 0.053904 0.092107 9.9991E-05 0.0389165 0.0326652 0.00874166
0.16549 9.9982E-05 0.578726 0.157503 9.9982E-05 0.027083 0.0317705 0.0349812 0.00424671
0.226406 0.129113 0.342236 0.0768225 0.0501432 0.0772286 0.0209511 0.0436484 0.0334519
0.215628 9.9964E-05 0.633374 0.0549291 0.0441639 0.0515052 9.9964E-05 9.9964E-05 9.9964E-05
0.105247 0.0189449 0.651775 0.107742 0.0464987 0.0223986 9.9991E-05 0.0130557 0.0342376
0.622835 0.017453 0.176641 0.0321903 0.0153746 9.9991E-05 0.0205671 0.0341122 0.0807266
0.305098 0.0925665 0.127623 0.219707 9.9982E-05 0.144811 9.9982E-05 0.0578093 0.0521858
0.281517 0.0763165 0.493825 0.0273998 0.0581472 0.00609737 0.0056127 0.029958 0.0211264
0.372984 0.0959778 0.0252414 0.298467 9.9982E-05 0.0818043 9.9982E-05 0.00836663 0.116959
0.627362 0.0287109 0.318214 0.025213 9.9955E-05 9.9955E-05 9.9955E-05 9.9955E-05 9.9955E-05
0.528634 0.00467393 0.403518 0.0626742 9.9955E-05 9.9955E-05 9.9955E-05 9.9955E-05 9.9955E-05
0.53216 9.9973E-05 0.323714 9.9973E-05 0.0117012 0.0195735 9.9973E-05 0.0347547 0.0777968
0.540821 0.0904382 0.321841 0.0463994 9.9955E-05 9.9955E-05 9.9955E-05 9.9955E-05 9.9955E-05
0.172478 0.134624 0.620409 0.00789034 0.0242479 0.0394002 9.9982E-05 9.9982E-05 0.000750576
0.130992 9.9982E-05 0.521856 0.0846792 0.11347 9.9982E-05 0.0376851 0.0593523 0.0517657
0.161573 9.9982E-05 0.602148 0.0388439 0.0557763 0.005195 9.9982E-05 0.0823634 0.0539014
0.440111 0.111143 0.158822 0.17765 9.9973E-05 0.0550825 9.9973E-05 9.9973E-05 0.0568912
0.0804824 0.0516076 0.515298 0.0611739 0.15016 9.9991E-05 0.0158709 0.0486956 0.0766118
9.9991E-05 0.19562 0.436066 0.0620811 0.0113616 0.106123 0.04641 0.0821543 0.0600844
0.0144795 0.377274 9.9982E-05 0.170336 0.0119858 0.244663 9.9982E-05 0.0505318 0.130529
0.0434137 0.159063 0.673593 0.0017244 0.063241 0.00993488 0.0111425 9.9991E-05 0.0377873
0.0589246 0.271359 0.261176 0.116147 0.0563265 0.0765726 0.0282639 0.030137 0.101093
0.0279556 0.110427 0.495948 0.0335014 0.0711863 0.0934438 0.0467385 0.0693521 0.0514479
0.0911611 0.31749 0.185873 0.0766305 9.9982E-05 0.153199 9.9982E-05 0.105881 0.0695655
0.115411 0.390052 0.0438646 0.129946 0.00196056 0.142497 9.9991E-05 0.0899203 0.0862487
0.0591773 0.208938 0.376308 0.0904381 9.9991E-05 0.0757827 0.0101603 0.0618707 0.117224
0.126705 0.079094 0.523681 0.0798673 0.0838142 0.0626814 0.00125534 9.9991E-05 0.0428023
0.118149 0.0751367 0.433807 0.0561733 0.143197 0.103979 0.0315566 0.0139053 0.0240964
0.174402 0.230208 0.0293403 0.153374 9.9982E-05 0.161388 0.080147 9.9982E-05 0.170941
0.0650933 0.0939616 0.53173 0.0971393 0.0685491 0.00639319 0.0661806 0.0473152 0.023638
0.0845882 0.343712 0.288383 0.141733 9.9973E-05 0.0350063 9.9973E-05 9.9973E-05 0.106278
0.145067 0.214534 0.408611 0.0988466 9.9973E-05 0.0548723 9.9973E-05 9.9973E-05 0.0777695
0.0376619 0.203061 0.55968 0.00283642 0.0887805 0.035746 0.0339852 0.0381483 9.9991E-05
0.0229027 0.163546 0.152138 9.9982E-05 0.327444 0.135835 0.195489 0.00244575 9.9982E-05
9.9964E-05 0.142796 9.9964E-05 9.9964E-05 0.361802 0.405774 0.0871941 0.00203373 9.9964E-05
9.9955E-05 0.207192 9.9955E-05 9.9955E-05 0.335706 0.377379 0.0792227 9.9955E-05 9.9955E-05
0.0106963 0.14938 0.104333 9.9982E-05 0.228691 0.292384 0.210369 0.00394637 9.9982E-05
0.0534037 0.254191 0.557013 0.0416259 9.9964E-05 9.9964E-05 9.9964E-05 9.9964E-05 0.0933664
0.0297293 0.126618 0.548239 0.0244572 0.0447915 0.0488099 0.0457424 0.0130176 0.118596
0.0131841 9.9955E-05 0.336436 9.9955E-05 9.9955E-05 9.9955E-05 0.643849 9.9955E-05 0.00603186
0.118624 9.9964E-05 0.378718 9.9964E-05 0.0407107 9.9964E-05 0.432555 9.9964E-05 0.0289927
0.0305664 9.9982E-05 0.433953 0.0243285 0.068981 9.9982E-05 0.352253 0.0361856 0.0535322
0.0773225 0.491749 0.229486 0.167887 9.9982E-05 9.9982E-05 0.0208677 0.00323682 0.00925088
0.0780729 0.0830757 0.498641 0.0795347 0.0657646 0.0600009 0.0451082 0.0503528 0.0394488
0.116085 0.56029 0.188427 0.134698 9.9955E-05 9.9955E-05 9.9955E-05 9.9955E-05 9.9955E-05
0.00733625 0.266236 0.575973 0.0665666 0.0200023 0.0381161 9.9991E-05 0.0165862 0.00908349
9.9973E-05 0.364818 0.429618 0.0906815 9.9973E-05 0.0442742 0.0341605 0.0361479 9.9973E-05
9.9973E-05 0.39413 0.532562 0.0301747 9.9973E-05 0.0183538 9.9973E-05 0.0188421 0.0056371
9.9973E-05 0.631057 0.154344 0.101696 9.9973E-05 0.0504344 9.9973E-05 0.00535702 0.0568115
9.9991E-05 0.207785 0.645853 0.00218489 0.0224638 0.0311333 0.0232434 0.0230524 0.0441842
0.00807151 0.166529 0.542381 0.0414658 0.106503 0.021522 9.9991E-05 0.0360385 0.0773888
9.9955E-05 9.9955E-05 9.9955E-05 0.0171686 9.9955E-05 9.9955E-05 0.968172 0.0122365 0.00192363
0.0341497 9.9955E-05 0.0435881 0.0114705 9.9955E-05 9.9955E-05 0.910292 9.9955E-05 9.9955E-05
0.0503633 9.9973E-05 0.314682 0.0323353 0.0799024 9.9973E-05 0.511865 0.0105523 9.9973E-05
9.9964E-05 9.9964E-05 0.34093 0.00516871 9.9964E-05 9.9964E-05 0.622141 0.00125235 0.0301087
0.0188945 9.9964E-05 0.102911 9.9964E-05 9.9964E-05 9.9964E-05 0.829561 0.0316535 0.0165797
9.993E-05 9.993E-05 9.993E-05 9.993E-05 9.993E-05 9.993E-05 0.999201 9.993E-05 9.993E-05
0.0214535 9.9955E-05 0.0179212 9.9955E-05 9.9955E-05 9.9955E-05 0.954001 0.00612478 9.9955E-05
0.0177318 9.9946E-05 0.15758 9.9946E-05 9.9946E-05 9.9946E-05 0.824088 9.9946E-05 9.9946E-05
0.016794 9.9955E-05 9.9955E-05 9.9955E-05 0.00136113 9.9955E-05 0.944843 0.036502 9.9955E-05
9.993E-05 9.993E-05 9.993E-05 9.993E-05 9.993E-05 9.993E-05 0.999201 9.993E-05 9.993E-05
9.993E-05 9.993E-05 9.993E-05 9.993E-05 9.993E-05 9.993E-05 0.999201 9.993E-05 9.993E-05
0.0164157 9.9955E-05 0.202663 9.9955E-05 0.00419853 9.9955E-05 0.776223 9.9955E-05 9.9955E-05
0.0514561 9.9973E-05 0.115743 9.9973E-05 0.00868555 0.0213066 0.79372 9.9973E-05 0.00878865
9.993E-05 9.993E-05 9.993E-05 9.993E-05 9.993E-05 9.993E-05 0.999201 9.993E-05 9.993E-05
0.0710712 9.9991E-05 0.309037 0.0586081 0.0345288 0.0337946 0.410775 0.0573982 0.0246864
0.0184546 9.9973E-05 0.248172 0.00171812 0.0468249 9.9973E-05 0.660104 0.024427 9.9973E-05
9.9946E-05 9.9946E-05 0.129277 9.9946E-05 0.0338753 9.9946E-05 0.836248 9.9946E-05 9.9946E-05
9.9955E-05 9.9955E-05 0.10771 9.9955E-05 9.9955E-05 9.9955E-05 0.870818 0.00681613 0.0141558
9.993E-05 9.993E-05 9.993E-05 9.993E-05 9.993E-05 9.993E-05 0.999201 9.993E-05 9.993E-05
9.9955E-05 9.9955E-05 0.0344486 9.9955E-05 0.000779573 0.0269851 0.937287 9.9955E-05 9.9955E-05
9.993E-05 9.993E-05 9.993E-05 9.993E-05 9.993E-05 9.993E-05 0.999201 9.993E-05 9.993E-05
9.9982E-05 0.0269603 0.242134 0.0122741 0.052812 9.9982E-05 0.635602 0.00926537 0.0207517
9.9946E-05 9.9946E-05 9.9946E-05 9.9946E-05 0.0125749 9.9946E-05 0.967829 9.9946E-05 0.0189962
9.9964E-05 0.557149 9.9964E-05 0.0417055 0.201303 0.185545 0.0138987 9.9964E-05 9.9964E-05
0.0124399 0.321652 0.307642 9.9982E-05 0.149078 0.0341591 0.134512 0.0403166 9.9982E-05
9.9982E-05 0.304571 0.433611 0.0229105 0.114159 0.0724098 0.0296378 0.0225011 9.9982E-05
9.9982E-05 0.480581 0.117548 0.00189899 0.136277 0.111699 0.122766 0.0290301 9.9982E-05
0.0781895 0.139832 0.409259 9.9991E-05 0.0998521 0.0612272 0.141264 0.00206623 0.0682099
9.9973E-05 0.490393 0.0626279 0.0257308 0.19385 0.120889 0.106209 9.9973E-05 9.9973E-05
0.0504969 0.168994 0.429735 0.0365771 0.130042 0.091333 0.0794134 0.00356047 0.00984838
9.9973E-05 0.366904 0.306556 0.00883736 0.12146 0.111413 0.0845293 9.9973E-05 9.9973E-05
9.9964E-05 0.283105 0.458077 9.9964E-05 0.141762 0.0545602 0.0620958 9.9964E-05 9.9964E-05
9.9973E-05 0.363271 0.336353 9.9973E-05 0.162948 0.0480817 0.0848838 9.9973E-05 0.00416312
0.0330389 0.187742 0.437878 9.9973E-05 0.147463 0.0693414 0.124236 9.9973E-05 9.9973E-05
9.9964E-05 0.0402373 0.0289724 9.9964E-05 0.869989 0.0191402 9.9964E-05 0.0412608 9.9964E-05
9.9964E-05 9.9964E-05 9.9964E-05 0.0203558 0.875104 0.0176418 0.0836281 0.0028708 9.9964E-05
0.00150895 9.9964E-05 0.0297026 9.9964E-05 0.926169 0.0263092 9.9964E-05 0.01591 9.9964E-05
9.9946E-05 9.9946E-05 9.9946E-05 9.9946E-05 0.94478 0.0465987 9.9946E-05 9.9946E-05 0.00802138
0.00770974 0.00641619 0.0469404 9.9973E-05 0.905804 0.0256412 9.9973E-05 0.00718839 9.9973E-05
9.9955E-05 9.9955E-05 0.00671708 0.00463178 0.985685 9.9955E-05 0.00246629 9.9955E-05 9.9955E-05
0.00137495 9.9973E-05 0.0682462 9.9973E-05 0.912047 0.00136129 0.005586 0.0110845 9.9973E-05
0.0265026 9.9964E-05 9.9964E-05 0.00581495 0.917323 0.0251544 9.9964E-05 0.0248055 9.9964E-05
9.9964E-05 9.9964E-05 0.00788618 9.9964E-05 0.864097 0.027747 0.0364705 9.9964E-05 0.0633998
9.9964E-05 9.9964E-05 0.0206229 9.9964E-05 0.846799 0.0936803 0.00909882 0.0293988 9.9964E-05
0.11857 0.0685411 9.9964E-05 9.9964E-05 0.567833 9.9964E-05 9.9964E-05 0.204247 0.0404087
0.123593 0.00473545 9.9982E-05 0.0220149 0.605885 0.00123192 9.9982E-05 0.201337 0.0410022
0.196237 0.0674641 9.9973E-05 9.9973E-05 0.508529 0.0420476 9.9973E-05 0.142338 0.0430844
0.258373 0.127439 9.9964E-05 9.9964E-05 0.435831 9.9964E-05 9.9964E-05 0.166658 0.0112999
0.142799 0.043865 0.457821 0.0262521 0.0683303 9.9982E-05 0.00170392 9.9982E-05 0.259029
0.0916481 9.9982E-05 0.470171 0.0358109 0.0287783 9.9982E-05 0.0262144 0.0446864 0.30249
0.213897 9.9982E-05 0.519418 0.0237175 0.0384057 9.9982E-05 0.00568283 0.00716483 0.191514
0.273509 9.9982E-05 0.375888 0.0486893 0.00213109 0.0479794 9.9982E-05 0.000930333 0.250673
0.624418 0.0547061 0.202571 0.0593079 9.9991E-05 0.000780426 0.000356835 0.0549681 0.00279167
0.0699524 0.0241612 0.666331 0.0200504 9.9973E-05 9.9973E-05 9.9973E-05 0.0553148 0.16389
0.109079 9.9964E-05 0.605861 0.00819955 9.9964E-05 9.9964E-05 9.9964E-05 0.019558 0.256903
0.0876945 0.0435916 0.523225 0.0620026 0.00247587 0.0336194 9.9982E-05 9.9982E-05 0.247191
9.9964E-05 9.9964E-05 0.368771 0.08167 9.9964E-05 0.00611404 0.0143254 9.9964E-05 0.528719
0.0455186 0.0369077 0.579775 0.0678559 0.0750559 0.0401971 9.9991E-05 0.0265356 0.128054
0.0801239 9.9964E-05 0.439654 9.9964E-05 0.0122008 9.9964E-05 9.9964E-05 0.0106403 0.456981
9.9946E-05 0.0295779 9.9946E-05 0.18852 9.9946E-05 9.9946E-05 9.9946E-05 9.9946E-05 0.781303
0.154655 9.9982E-05 0.580564 0.0541693 0.0548214 0.0140755 9.9982E-05 0.0053316 0.136183
9.9964E-05 0.0729403 0.145933 0.113403 9.9964E-05 0.0256719 9.9964E-05 9.9964E-05 0.641651
0.0107105 9.9982E-05 0.519863 0.0469094 0.042896 9.9982E-05 0.00531924 0.0011067 0.372995
0.245942 9.9946E-05 0.151369 9.9946E-05 9.9946E-05 9.9946E-05 9.9946E-05 9.9946E-05 0.60209
9.9946E-05 9.9946E-05 9.9946E-05 9.9946E-05 0.0288374 0.0193698 9.9946E-05 0.951193 9.9946E-05
9.993E-05 9.993E-05 9.993E-05 9.993E-05 9.993E-05 9.993E-05 9.993E-05 0.999201 9.993E-05
9.9937E-05 9.9937E-05 9.9937E-05 9.9937E-05 9.9937E-05 9.9937E-05 9.9937E-05 0.997362 0.00193805
0.00412274 0.00223631 9.9964E-05 9.9964E-05 0.00421833 9.9964E-05 9.9964E-05 0.946558 0.0424649
9.9937E-05 9.9937E-05 0.0402298 9.9937E-05 9.9937E-05 9.9937E-05 9.9937E-05 0.959071 9.9937E-05
9.9946E-05 9.9946E-05 0.0268228 9.9946E-05 9.9946E-05 9.9946E-05 0.0157669 0.956811 9.9946E-05
9.9964E-05 9.9964E-05 0.0157109 9.9964E-05 0.863987 9.9964E-05 0.0654608 0.017522 0.0369199
0.00630729 9.9973E-05 0.142131 9.9973E-05 0.782329 0.0401996 9.9973E-05 0.0214939 0.0072391
9.9973E-05 9.9973E-05 0.128637 0.00588426 0.770243 0.029705 0.0388195 9.9973E-05 0.0264116
9.9955E-05 9.9955E-05 9.9955E-05 9.9955E-05 0.808924 0.00337031 0.100256 9.9955E-05 0.0869499
9.9973E-05 0.033277 0.129083 9.9973E-05 0.768845 0.00958521 0.0546135 0.00429578 9.9973E-05
0.223245 0.052743 9.9964E-05 9.9964E-05 0.354554 0.0109457 9.9964E-05 0.358112 9.9964E-05
0.182681 0.0167031 9.9964E-05 0.0157263 0.378103 9.9964E-05 9.9964E-05 0.406386 9.9964E-05
0.150322 9.9973E-05 0.0115693 0.00570304 0.371297 0.0653318 9.9973E-05 0.395477 9.9973E-05
0.0131244 9.9955E-05 0.103845 0.022369 0.860161 9.9955E-05 9.9955E-05 9.9955E-05 9.9955E-05
0.181364 0.00465229 9.9973E-05 0.0411311 0.360226 9.9973E-05 9.9973E-05 0.379555 0.0327709
9.9973E-05 0.0392245 0.320245 0.0131444 0.224356 0.152167 0.250563 9.9973E-05 9.9973E-05
0.116456 0.00654248 0.50912 9.9973E-05 0.12513 0.0550406 0.187411 9.9973E-05 9.9973E-05
9.9964E-05 9.9964E-05 0.574821 9.9964E-05 0.195798 0.0131375 0.205994 0.00985009 9.9964E-05
9.9991E-05 0.120463 0.3205 0.00283091 0.237376 0.0848449 0.219654 0.00519964 0.00903177
0.0998523 0.0103211 0.575729 0.0147694 0.160968 0.0359538 0.0678716 0.0344353 9.9991E-05
9.9973E-05 0.0678307 9.9973E-05 0.00707412 0.355951 0.301158 0.246082 0.0216046 9.9973E-05
0.346099 0.0642759 0.412975 0.0609741 9.9973E-05 9.9973E-05 9.9973E-05 0.0945437 0.0208319
0.179871 0.127041 0.428547 0.16061 9.9982E-05 0.00405238 9.9982E-05 0.0452256 0.0544524
0.559445 0.0670149 0.25655 9.9982E-05 0.0226406 9.9982E-05 0.00449843 0.0386679 0.0509834
0.165725 0.0467044 0.500066 0.156101 9.9982E-05 0.0246933 9.9982E-05 0.0501011 0.0564087
0.337196 0.233252 9.9973E-05 0.3663 9.9973E-05 0.00528635 9.9973E-05 0.0173383 0.0403268
0.129634 0.123143 0.604913 9.9991E-05 0.0438221 0.0103206 0.00805997 0.0130602 0.0669469
0.137682 0.0651763 0.508876 0.123512 0.00383159 0.00502603 0.0331858 0.0544601 0.0682494
0.507556 0.0479552 0.313452 0.0456213 0.0202937 0.0178566 9.9991E-05 0.0312123 0.0159522
0.129681 0.038215 0.509944 0.0551962 0.0909518 0.0215271 0.028789 0.0555082 0.0701877
0.340653 0.215232 0.0962659 0.169112 9.9973E-05 0.0316001 9.9973E-05 9.9973E-05 0.146838
0.195851 0.0609746 0.529211 0.10389 0.0234533 0.019205 9.9991E-05 0.0451839 0.0221305
0.388846 0.0292493 0.489993 0.0644143 0.0170477 9.9982E-05 9.9982E-05 0.00132812 0.00892245
0.0999346 0.0869011 0.441396 0.0345205 0.0792859 0.0818896 0.10477 9.9991E-05 0.0712025
0.297697 0.0723092 0.308023 0.14698 9.9982E-05 0.0735175 9.9982E-05 0.0126108 0.0886624
0.24506 0.0815803 0.425663 0.100367 9.9991E-05 0.0511937 0.00387255 0.0162569 0.0759069
0.144935 0.0512651 0.567806 0.153481 9.9982E-05 0.00920282 0.0143812 0.0587288 9.9982E-05
0.190346 0.0807928 0.515622 0.105137 9.9982E-05 0.0185602 9.9982E-05 0.00502975 0.0843126
0.103765 9.9982E-05 0.579451 0.104142 0.0381696 9.9982E-05 0.054701 0.0479949 0.0715764
0.102239 0.0705227 0.523384 0.0357756 0.0364377 0.0370274 0.0640511 0.0509211 0.0796419
0.237507 0.000129985 0.547286 0.0195866 0.0629067 0.0682865 0.039862 0.0243355 9.9991E-05
9.9946E-05 9.9946E-05 0.117674 9.9946E-05 0.851114 9.9946E-05 0.0306127 9.9946E-05 9.9946E-05
9.9955E-05 9.9955E-05 0.105733 0.00926746 0.877065 9.9955E-05 9.9955E-05 9.9955E-05 0.0074344
9.9982E-05 0.0283619 0.0438742 0.00174039 0.845873 0.0223708 9.9982E-05 0.0520057 0.00557416
9.9964E-05 9.9964E-05 0.00485003 0.00545406 0.898111 9.9964E-05 0.0679627 0.0232224 9.9964E-05
9.9946E-05 9.9946E-05 0.0944947 9.9946E-05 0.885232 9.9946E-05 9.9946E-05 0.0196738 9.9946E-05
0.634699 0.0750631 0.123442 0.021735 0.0134234 0.0568357 0.0132489 0.00886908 0.0526838
0.234861 9.9982E-05 0.504308 0.0792918 0.0264599 0.0467279 0.0532438 9.9982E-05 0.0549072
9.9982E-05 0.0771315 0.399668 0.0683081 0.173333 0.0614005 0.199737 0.0202221 9.9982E-05
0.268019 0.0344329 0.599502 9.9973E-05 9.9973E-05 9.9973E-05 0.0423538 0.0249873 0.0304044
0.393192 9.9964E-05 0.503265 9.9964E-05 0.0142488 0.0412559 9.9964E-05 9.9964E-05 0.0476387
0.337829 0.0653251 0.236214 0.181154 9.9982E-05 0.102563 9.9982E-05 0.0285246 0.0481898
0.845679 0.0191471 9.9973E-05 0.00729985 0.0626167 0.0387289 9.9973E-05 9.9973E-05 0.0262289
0.352377 0.0551417 0.448681 9.9973E-05 0.0442313 9.9973E-05 9.9973E-05 0.050372 0.0488979
0.533322 9.9982E-05 0.236813 0.0216462 0.0365493 9.9982E-05 0.0262185 0.125556 0.0196944
0.159679 0.11634 0.465135 0.0674828 0.0272007 0.00933077 0.00170655 0.0424056 0.110718
0.637177 0.00710932 0.13531 0.0662991 0.0773106 0.0183514 9.9982E-05 0.0582424 9.9982E-05
0.255229 9.9991E-05 0.542731 0.0246348 0.0757145 0.000965694 0.052712 0.0235831 0.0243294
0.655819 0.0669169 0.141256 0.00253744 0.0633973 0.00146855 9.9991E-05 0.00709415 0.0614106
0.331353 0.0626193 0.210681 0.133745 9.9991E-05 0.0571606 0.0969484 0.00201663 0.105376
0.0783947 0.155923 0.549098 0.0600294 9.9982E-05 0.0657824 9.9982E-05 0.0829768 0.00759599
0.0561921 0.544341 0.233017 0.0722854 9.9982E-05 0.0025374 9.9982E-05 0.0321665 0.0592603
9.9982E-05 0.363822 0.524248 0.0107987 0.000687706 0.0413756 9.9982E-05 0.0452436 0.0136244
0.0505475 0.195948 0.556263 9.9982E-05 0.0730009 0.0663269 9.9982E-05 0.0313916 0.0263218
0.0171834 0.609976 0.195968 0.0641213 9.9982E-05 0.00654174 9.9982E-05 0.0186469 0.0873631
0.0488392 0.132176 0.497902 0.0613412 0.0662033 0.045725 0.0299894 0.0288142 0.0890099
0.0168379 0.287334 0.482661 0.0576978 0.0207934 0.00892947 9.9991E-05 0.0557487 0.0698979
9.9973E-05 0.597069 0.073727 0.161032 9.9973E-05 0.0202692 9.9973E-05 0.0258322 0.121771
9.9964E-05 0.735207 0.106971 0.0439487 9.9964E-05 9.9964E-05 9.9964E-05 0.0662483 0.047226
0.0477952 0.497918 0.393064 0.00641219 9.99815E-05 9.99815E-05 9.99815E-05 0.045984 0.00852674
9.9955E-05 0.648697 9.9955E-05 0.11991 9.9955E-05 9.9955E-05 9.9955E-05 0.0661331 0.16476
0.066802 0.37014 0.398714 0.0380385 9.9982E-05 0.0110223 9.9982E-05 0.0538806 0.0612023
0.764221 9.9955E-05 0.156271 9.9955E-05 0.010503 9.9955E-05 9.9955E-05 9.9955E-05 0.0685061
0.428178 9.9973E-05 0.159907 0.249069 9.9973E-05 0.0866948 0.0409452 9.9973E-05 0.0349069
0.481902 9.9982E-05 0.425467 0.00182518 0.0554578 9.9982E-05 0.00460271 0.0116548 0.0188901
0.277179 9.9982E-05 0.554567 9.9982E-05 0.0238615 0.0291343 0.0451588 0.0163215 0.053578
0.690186 9.9955E-05 0.228564 9.9955E-05 9.9955E-05 0.00326157 9.9955E-05 9.9955E-05 0.0774888
0.143418 0.0345673 0.520454 0.0495513 0.0274381 0.0764445 0.0519092 0.0143952 0.081823
0.269285 9.9982E-05 0.582808 0.00271622 0.0332768 0.0386098 0.0297712 0.0433335 9.9982E-05
0.298688 9.9973E-05 0.468542 0.0676364 9.9973E-05 0.0727645 0.0184633 9.9973E-05 0.073606
0.24093 9.9991E-05 0.501128 0.0985902 0.00750022 0.0220156 0.027408 0.0626277 0.0396995
0.414063 9.9955E-05 0.484379 0.045692 9.9955E-05 9.9955E-05 9.9955E-05 0.0553654 9.9955E-05
0.607889 9.9973E-05 0.272726 0.0170381 9.9973E-05 0.0129044 0.0114892 9.9973E-05 0.0776532
0.462143 9.9964E-05 0.430023 0.0212898 9.9964E-05 0.0253207 9.9964E-05 0.0608233 9.9964E-05
0.243626 0.0628475 0.579714 0.059749 9.9964E-05 0.0536637 9.9964E-05 9.9964E-05 9.9964E-05
0.101239 0.046092 0.608126 0.026613 0.0178528 0.0661137 0.0414061 0.0364 0.0561576
0.274555 9.9982E-05 0.308689 0.0959514 9.9982E-05 0.126451 0.0622964 0.0485123 0.0833447
0.229018 9.9982E-05 0.4378 0.135548 9.9982E-05 0.0630279 0.0761936 0.00276197 0.0554508
0.531765 0.00257522 0.355255 0.00785427 0.00915287 0.0303239 0.0411866 0.0117045 0.0101829
0.322608 9.9991E-05 0.555593 0.0256601 0.0175029 0.0286099 0.0172597 0.00201042 0.0306563
0.32038 0.0187016 0.416837 0.0195499 0.0440637 9.9991E-05 0.0768309 0.0318765 0.0716604
0.127591 0.0424019 0.581436 0.112203 0.105222 9.9982E-05 0.00157931 0.0293673 9.9982E-05
0.0637178 0.0230705 0.473286 9.9973E-05 0.339069 0.0410159 0.0595411 9.9973E-05 9.9973E-05
0.0852709 0.0110851 0.562684 0.0407473 0.0788531 0.112132 0.0997165 0.0038411 0.00567028
0.118391 0.0458887 0.48744 0.0553746 0.13359 0.0403403 0.0955086 9.9991E-05 0.0233668
0.0272361 0.0751924 0.509392 0.0321112 0.0917881 0.0615585 0.137742 0.0156797 0.0493
9.9982E-05 0.0565347 0.483348 0.00361677 0.164631 0.109073 0.142451 9.9982E-05 0.0401454
0.142785 0.125616 0.454479 0.177936 9.9973E-05 9.9973E-05 9.9973E-05 0.062326 0.0365582
0.043212 0.0234781 0.496 0.064703 0.14195 0.0534323 0.080709 0.0157076 0.0808082
0.143695 0.205664 0.0389883 0.0783347 0.115904 0.229295 0.150308 9.9991E-05 0.0377115
0.106484 0.0471607 0.525433 0.0433331 0.0910285 0.0564369 0.100646 0.0293785 9.9991E-05
0.0814099 9.9991E-05 0.551626 0.0381774 0.103316 0.0704101 0.144457 0.0033404 0.00716426
0.0248533 0.00432742 0.539638 0.0599187 0.108862 0.0475987 0.145368 0.0204095 0.0490248
0.0851491 0.09308 0.295361 0.103194 0.128699 0.184214 0.0828877 9.9991E-05 0.0273141
0.0928206 0.0728065 0.540374 9.9964E-05 0.167957 9.9964E-05 0.125641 9.9964E-05 9.9964E-05
0.0223134 0.0199855 0.536081 0.108562 0.126591 0.0462705 0.139997 9.9982E-05 9.9982E-05
9.9964E-05 0.130427 9.9964E-05 0.013968 0.356959 0.428995 0.0692503 9.9964E-05 9.9964E-05
0.0273492 0.025884 0.52273 0.0278502 0.171941 0.0478908 0.136716 0.0295963 0.0100428
9.9973E-05 9.9973E-05 0.57412 0.0180593 0.139527 0.105646 0.157756 0.00459165 9.9973E-05
0.0411655 0.0657565 0.572811 0.048928 0.0898346 0.0370482 0.0890831 9.9991E-05 0.0552727
9.9973E-05 0.0185932 0.562869 0.00170439 0.141927 0.142706 0.131901 9.9973E-05 9.9973E-05
0.0572375 0.0838014 0.500161 0.0115233 0.217307 9.9982E-05 0.0797445 9.9982E-05 0.0500254
9.9982E-05 0.0434317 0.412855 0.425889 0.0434891 9.9982E-05 0.00321371 0.000116651 0.0708051
0.0769054 9.9982E-05 0.496511 0.25785 0.0915369 9.9982E-05 0.034463 0.00456638 0.0379668
0.0747674 9.9946E-05 9.9946E-05 0.887936 9.9946E-05 9.9946E-05 9.9946E-05 9.9946E-05 0.0366973
0.057412 0.027893 9.9955E-05 0.912703 9.9955E-05 9.9955E-05 9.9955E-05 0.00149189 9.9955E-05
0.0583856 0.0583933 0.483896 0.270009 0.0771537 9.9982E-05 0.0319678 0.0199943 9.9982E-05
0.0097319 0.0826608 0.357244 0.091548 0.0933073 0.0951823 0.270126 9.9982E-05 9.9982E-05
9.9964E-05 9.9964E-05 0.356046 0.207171 0.128965 0.076218 0.231201 9.9964E-05 9.9964E-05
9.9973E-05 0.00405896 0.185112 0.253819 0.145984 0.150505 0.260221 9.9973E-05 9.9973E-05
9.9964E-05 9.9964E-05 0.386934 0.169472 0.0832578 0.159676 0.20026 9.9964E-05 9.9964E-05
9.9973E-05 0.0109155 0.0623159 0.733926 0.10238 0.0834697 0.00669266 9.9973E-05 9.9973E-05
9.9964E-05 9.9964E-05 0.133033 0.652836 0.0683196 0.131481 0.013931 9.9964E-05 9.9964E-05
9.9973E-05 9.9973E-05 0.561445 0.375446 0.0141087 9.9973E-05 0.022762 0.0107581 0.01518
9.9964E-05 9.9964E-05 0.39578 0.471897 0.052685 0.00562364 0.073614 9.9964E-05 9.9964E-05
9.9973E-05 9.9973E-05 0.152421 0.69947 0.0753988 0.00555251 0.0589497 0.00790777 9.9973E-05
0.0675208 9.9964E-05 0.519049 0.310036 0.0777995 9.9964E-05 0.0251958 9.9964E-05 9.9964E-05
9.9973E-05 0.0265661 0.549181 0.32306 0.0278535 9.9973E-05 0.045778 0.0272613 9.9973E-05
0.0555083 9.9964E-05 0.509353 0.298426 0.105566 9.9964E-05 0.0307471 9.9964E-05 9.9964E-05
0.0337511 9.9973E-05 0.305453 0.619321 0.0122184 9.9973E-05 0.00359407 9.9973E-05 0.025362
0.102186 0.0234858 0.360327 0.494268 0.0193333 9.9964E-05 9.9964E-05 9.9964E-05 9.9964E-05
0.0652029 0.05744 0.484161 0.23858 0.00795323 0.0188585 0.017874 0.0381978 0.0717323
0.0509007 9.9991E-05 0.444655 0.357356 0.011041 0.0155776 0.000691395 0.0781479 0.0415312
0.0582713 0.0402275 0.476645 0.249875 0.0843451 0.0180511 0.0437961 0.0148584 0.013931
9.9973E-05 0.0201273 0.430876 0.459248 9.9973E-05 0.0216691 9.9973E-05 0.01874 0.0490398
9.9946E-05 9.9946E-05 0.150111 0.806169 9.9946E-05 9.9946E-05 9.9946E-05 0.0431202 9.9946E-05
9.9946E-05 9.9946E-05 0.585928 0.379945 0.0335273 9.9946E-05 9.9946E-05 9.9946E-05 9.9946E-05
0.0416454 9.9973E-05 0.150802 0.782937 9.9973E-05 9.9973E-05 0.00302295 0.016651 0.00464177
0.00449006 9.9964E-05 0.410467 0.539135 0.0430512 9.9964E-05 9.9964E-05 0.00245686 9.9964E-05
0.00612331 9.9973E-05 0.472962 0.336095 0.108692 9.9973E-05 9.9973E-05 0.00788982 0.0679384
0.0331518 9.9982E-05 0.462276 0.363078 0.0415203 9.9982E-05 0.0588097 0.0253428 0.0156214
0.00410988 0.0754004 0.509853 0.082692 0.181762 0.030783 0.0868275 0.00780731 0.0207654
9.9991E-05 0.035475 0.435779 0.169225 0.139351 0.0386926 0.108169 0.0476992 0.0255084
0.00735708 0.0980261 0.345557 0.060705 0.153242 0.124276 0.210636 9.9982E-05 9.9982E-05
9.9991E-05 0.0476196 0.322012 0.111757 0.145782 0.11041 0.203497 0.0470524 0.0117697
0.0614941 0.0984098 0.452998 0.0534885 0.111158 0.0591224 0.160449 0.00278007 9.9991E-05
0.0426757 0.0158457 0.39666 0.193007 0.150638 0.0652188 0.109655 0.0117987 0.0145006
9.9955E-05 9.9955E-05 9.9955E-05 0.693014 0.143758 0.0807653 0.0819634 9.9955E-05 9.9955E-05
9.9973E-05 9.9973E-05 0.529838 0.170516 0.117553 0.00656918 0.168841 0.0063828 9.9973E-05
9.9964E-05 0.0179093 9.9964E-05 0.432993 0.283122 0.215713 0.0498628 9.9964E-05 9.9964E-05
9.9964E-05 9.9964E-05 0.515705 0.306363 0.0574738 0.0149975 0.10506 9.9964E-05 9.9964E-05
9.9937E-05 9.9937E-05 0.0695359 0.929764 9.9937E-05 9.9937E-05 9.9937E-05 9.9937E-05 9.9937E-05
9.9937E-05 9.9937E-05 9.9937E-05 0.940228 9.9937E-05 9.9937E-05 9.9937E-05 9.9937E-05 0.0590722
9.9946E-05 9.9946E-05 0.455266 0.542919 0.00121489 9.9946E-05 9.9946E-05 9.9946E-05 9.9946E-05
9.9955E-05 9.9955E-05 0.549946 0.434715 0.0137098 9.9955E-05 0.00112907 9.9955E-05 9.9955E-05
9.9946E-05 9.9946E-05 0.365067 0.620421 9.9946E-05 9.9946E-05 9.9946E-05 0.0139124 9.9946E-05
9.9937E-05 9.9937E-05 0.560732 0.438569 9.9937E-05 9.9937E-05 9.9937E-05 9.9937E-05 9.9937E-05
9.9937E-05 9.9937E-05 0.516725 0.482575 9.9937E-05 9.9937E-05 9.9937E-05 9.9937E-05 9.9937E-05
0.0677656 9.9982E-05 0.0141888 0.00134848 0.850119 0.0156264 0.023544 0.0272077 9.9982E-05
0.00135191 0.0285812 0.0332591 0.0446407 0.756911 0.027899 0.0570276 0.0320915 0.0182384
9.9964E-05 0.0146436 9.9964E-05 0.0109559 0.911004 9.9964E-05 0.0293695 0.0336274 9.9964E-05
9.9955E-05 9.9955E-05 0.0125443 0.00763869 0.924324 0.0549936 9.9955E-05 9.9955E-05 9.9955E-05
9.9991E-05 0.0278113 0.512941 0.00948595 0.0376707 0.0278475 0.00942412 0.0100107 0.364709
0.0542379 9.9964E-05 0.538494 9.9964E-05 0.0505408 9.9964E-05 9.9964E-05 0.0373743 0.318953
0.0263323 9.9955E-05 0.503507 9.9955E-05 9.9955E-05 0.0165417 9.9955E-05 9.9955E-05 0.453119
0.0372785 0.0672839 0.578688 9.9973E-05 0.0756202 9.9973E-05 9.9973E-05 0.036857 0.203972
0.0544577 0.114153 0.567077 9.9982E-05 0.105619 9.9982E-05 0.0108765 0.0243512 0.123266
0.115049 9.9955E-05 0.294032 9.9955E-05 0.0611525 9.9955E-05 9.9955E-05 9.9955E-05 0.529267
0.0401109 9.9973E-05 0.609455 0.00722765 0.0181151 9.9973E-05 0.00992781 9.9973E-05 0.314864
9.9955E-05 0.0791128 0.277411 0.0797699 9.9955E-05 9.9955E-05 9.9955E-05 9.9955E-05 0.563207
0.0956453 0.00103135 0.395928 9.9982E-05 0.324114 0.0162084 0.135853 0.0310189 9.9982E-05
0.0393562 0.0783295 0.436982 0.099622 9.9973E-05 9.9973E-05 0.000173646 9.9973E-05 0.345236
0.075162 9.9964E-05 0.35883 9.9964E-05 0.0199194 9.9964E-05 9.9964E-05 0.0484816 0.497207
9.9982E-05 0.0679692 0.494237 0.0421787 9.9982E-05 0.00496327 0.00986355 0.0256845 0.354904
0.0992106 9.9973E-05 0.373285 9.9973E-05 0.00686093 9.9973E-05 0.0425438 0.0353261 0.442474
9.9946E-05 9.9946E-05 0.554093 0.0446553 9.9946E-05 9.9946E-05 9.9946E-05 9.9946E-05 0.400652
0.017918 9.9973E-05 0.527009 9.9973E-05 0.0565003 0.00542866 9.9973E-05 0.0419337 0.35091
9.9955E-05 0.039765 0.0241458 0.0664646 9.9955E-05 9.9955E-05 9.9955E-05 9.9955E-05 0.869125
9.9973E-05 0.0255713 0.289729 0.0857589 9.9973E-05 0.0103437 0.0261106 9.9973E-05 0.562187
9.9964E-05 9.9964E-05 0.346734 0.0150527 9.9964E-05 0.0235288 0.0133572 9.9964E-05 0.600928
9.9946E-05 9.9946E-05 9.9946E-05 0.103494 9.9946E-05 0.0353171 9.9946E-05 9.9946E-05 0.860589
0.101867 0.0452762 0.425781 9.9982E-05 0.0374076 0.00158 9.9982E-05 0.0366444 0.351244
9.9964E-05 0.195999 0.0546986 0.070056 9.9964E-05 0.0275943 9.9964E-05 9.9964E-05 0.651252
9.9955E-05 0.0185657 9.9955E-05 0.0397531 9.9955E-05 0.0539549 9.9955E-05 9.9955E-05 0.887227
9.9964E-05 9.9964E-05 0.586891 9.9964E-05 9.9964E-05 0.0342501 0.00905284 0.0680988 0.301308
0.188996 9.9964E-05 0.189251 9.9964E-05 0.0240716 9.9964E-05 9.9964E-05 0.0162526 0.581029
0.0879446 9.9973E-05 0.474105 9.9973E-05 0.0162775 9.9973E-05 0.00905822 0.0298061 0.382508
0.022333 0.0650722 0.557712 0.0392401 0.130179 0.0179571 0.0213773 0.0163577 0.129772
0.0998205 9.9964E-05 0.516551 9.9964E-05 0.00741358 9.9964E-05 9.9964E-05 0.0211933 0.354622
0.344503 0.0580171 0.326982 0.160623 9.9973E-05 0.0883027 9.9973E-05 9.9973E-05 0.0212727
0.071622 9.9964E-05 0.546498 9.9964E-05 0.0440296 9.9964E-05 9.9964E-05 0.0154917 0.321959
0.145056 9.9955E-05 0.519291 9.9955E-05 0.011506 9.9955E-05 9.9955E-05 9.9955E-05 0.323647
0.00625992 0.0367697 0.300043 0.0727027 9.9982E-05 0.0106136 0.013912 9.9982E-05 0.559499
0.0358873 9.9982E-05 0.531397 0.0410422 0.0578608 0.0281844 9.9982E-05 0.0728006 0.232627
0.139883 0.0590211 9.9964E-05 9.9964E-05 0.664385 9.9964E-05 9.9964E-05 0.135882 0.000428571
0.0456182 9.9964E-05 9.9964E-05 9.9964E-05 0.751816 0.0350283 9.9964E-05 0.107892 0.0592458
0.0737708 9.9955E-05 9.9955E-05 9.9955E-05 0.839934 0.0323466 9.9955E-05 0.0534489 9.9955E-05
0.0391783 0.079135 9.9964E-05 9.9964E-05 0.810014 0.00399305 9.9964E-05 0.06728 9.9964E-05
0.0714201 0.0970288 9.9964E-05 9.9964E-05 0.72536 9.9964E-05 9.9964E-05 0.0783315 0.0274599
0.172374 9.9964E-05 0.165245 9.9964E-05 0.0645545 9.9964E-05 9.9964E-05 0.0075015 0.589926
