9.9964E-05 0.0180935 9.9964E-05 0.934166 0.0055102 9.9964E-05 0.0418307 9.9964E-05
0.0106739 9.9964E-05 9.9964E-05 0.979177 0.00181388 9.9964E-05 9.9964E-05 0.00793568
0.0434105 0.0545744 0.0125249 0.867192 0.00119306 9.9982E-05 9.9982E-05 0.0209048
0.0185582 0.132062 9.9964E-05 0.799227 0.0497532 9.9964E-05 9.9964E-05 9.9964E-05
9.9955E-05 0.0770951 0.00706087 0.915344 9.9955E-05 9.9955E-05 9.9955E-05 9.9955E-05
9.9973E-05 0.0136163 0.256473 0.636207 0.0240447 9.9973E-05 0.0693587 9.9973E-05
9.9955E-05 9.9955E-05 0.212673 0.784358 9.9955E-05 9.9955E-05 0.00246954 9.9955E-05
9.9964E-05 9.9964E-05 0.263083 0.694092 0.0226376 9.9964E-05 0.0197876 9.9964E-05
0.0523568 9.99549E-05 9.99549E-05 0.801815 0.145329 9.99549E-05 9.99549E-05 9.99549E-05
9.99681E-05 9.99681E-05 0.185287 0.752401 9.99681E-05 0.023914 0.0379978 9.99681E-05
9.9955E-05 0.0356905 0.237139 0.726671 9.9955E-05 9.9955E-05 9.9955E-05 9.9955E-05
0.106558 0.277972 9.9973E-05 0.00188301 0.463066 9.9973E-05 9.9973E-05 0.150222
0.0422236 0.560091 0.0196286 0.0605157 0.238334 9.9991E-05 0.0200905 0.0590162
0.139588 0.320946 9.9982E-05 9.9982E-05 0.433057 0.00251107 0.0285367 0.0751612
0.139267 0.363898 9.9973E-05 9.9973E-05 0.410207 9.9973E-05 0.0462058 0.0401233
0.113748 0.48828 9.9982E-05 0.049791 0.219259 9.9982E-05 0.0461559 0.0825669
0.0743183 0.590596 0.051478 9.9991E-05 0.196638 0.00706582 0.00600308 0.0738011
0.0589331 0.507809 0.0276581 0.0199185 0.269712 9.9982E-05 9.9982E-05 0.11577
0.191296 0.35441 0.00295609 0.0592802 0.345736 9.9991E-05 0.00856327 0.0376592
0.0712056 0.0463278 0.143272 9.9973E-05 0.642196 9.9973E-05 9.9973E-05 0.0966983
0.113679 0.486266 0.0117266 9.9973E-05 0.273085 9.9973E-05 9.9973E-05 0.114942
0.125258 0.454631 0.0949153 9.9991E-05 0.162249 0.0569944 0.00267893 0.103173
0.0456131 0.576335 0.043983 0.0179273 0.189777 9.9982E-05 9.9982E-05 0.126165
0.100786 0.26167 0.0495074 0.0303722 0.427415 9.9991E-05 0.0206779 0.109471
0.0318591 0.641685 0.00218485 0.133043 0.0720343 0.0152877 0.036882 0.0670239
0.0789848 0.549873 0.0440119 0.023435 0.254764 9.9982E-05 9.9982E-05 0.0487305
0.0761371 0.272147 0.0262723 0.042242 0.467225 9.9982E-05 9.9982E-05 0.115777
0.146268 0.343655 0.00237123 0.00152337 0.425613 9.9991E-05 0.0161563 0.064314
0.0486432 0.236719 0.112418 9.9973E-05 0.457739 9.9973E-05 9.9973E-05 0.14418
9.9955E-05 0.0977757 9.9955E-05 0.888806 9.9955E-05 9.9955E-05 0.0129186 9.9955E-05
9.9964E-05 0.105364 9.9964E-05 0.878465 9.9964E-05 0.00919987 0.00657117 9.9964E-05
0.0283215 0.112863 9.9973E-05 0.77842 0.0171242 9.9973E-05 0.0629715 9.9973E-05
0.0449778 0.15021 9.9964E-05 0.737099 9.9964E-05 9.9964E-05 0.0673128 9.9964E-05
9.9973E-05 0.42456 0.222231 0.0894697 0.0741202 9.9973E-05 9.9973E-05 0.18932
9.999E-05 0.469099 0.00215998 0.0743224 0.0907159 0.0616151 0.0685256 0.233462
9.9973E-05 0.537653 0.00921707 9.9973E-05 0.000140442 9.9973E-05 0.0189009 0.433788
0.0380921 0.202918 9.9982E-05 0.00880778 0.635585 0.0155657 9.9982E-05 0.098832
0.0707889 0.260804 0.0332149 9.9982E-05 9.9982E-05 0.0424027 0.00937888 0.583211
0.0275719 0.512232 9.9991E-05 0.0553033 0.108207 0.0163317 0.0466468 0.233607
9.9964E-05 0.677209 0.064657 0.0328121 9.9964E-05 9.9964E-05 9.9964E-05 0.224922
9.9973E-05 0.456256 0.413887 0.0939836 0.0153061 9.9973E-05 9.9973E-05 0.020268
9.9973E-05 0.56161 0.162702 0.106551 0.128944 9.9973E-05 9.9973E-05 0.0398929
9.9964E-05 0.177073 9.9964E-05 0.0304152 0.172146 9.9964E-05 9.9964E-05 0.619966
0.0305629 0.582179 0.32616 0.0254551 0.00234084 0.0125841 0.020619 9.9991E-05
0.0203919 0.630659 0.0398162 0.0432166 0.063402 9.9982E-05 9.9982E-05 0.202314
9.9991E-05 0.521933 0.0942016 0.13216 0.0418589 0.0294629 0.0465012 0.133782
0.00608411 0.350212 9.9964E-05 9.9964E-05 9.9964E-05 0.0627612 9.9964E-05 0.580543
0.0113159 0.59048 0.0350517 0.0674943 0.0478793 9.9982E-05 9.9982E-05 0.247579
0.0175013 0.528784 0.0780763 0.128194 0.0276089 0.0213568 0.0613043 0.137174
0.128031 9.9973E-05 0.124446 9.9973E-05 0.0224443 0.059692 9.9973E-05 0.665086
0.00772524 0.171329 0.0956918 9.9982E-05 0.585956 0.0483761 9.9982E-05 0.0907216
0.208296 0.175325 0.0892309 9.9982E-05 0.226032 0.119269 9.9982E-05 0.181647
0.110381 0.563417 9.9991E-05 0.0739323 0.108984 0.0488553 0.0383898 0.0559414
0.0954421 0.668935 0.0686971 0.0441279 0.0597999 0.0402567 9.9991E-05 0.0226415
0.106688 0.612496 0.0163367 0.0539337 0.0763853 0.0711737 0.0238633 0.0391226
0.0460611 0.226364 0.0353286 0.110169 0.485824 9.9982E-05 9.9982E-05 0.0960532
0.0638276 0.560446 9.9964E-05 9.9964E-05 0.298015 9.9964E-05 9.9964E-05 0.0773114
0.0310051 0.538488 0.0213037 0.0519474 0.158871 0.0348276 0.0563498 0.107208
0.0314136 0.414786 0.0711128 0.117055 0.201633 0.0791688 0.00769033 0.077141
0.0610942 0.148109 0.084168 0.129414 0.463843 0.00939247 9.9991E-05 0.10388
0.0420151 0.527129 0.071315 0.0470282 0.164125 0.00433844 0.0251831 0.118867
0.0848052 0.536232 0.00725045 0.053204 0.216501 0.0217597 9.9991E-05 0.0801471
0.0858568 0.085618 0.103575 0.0367196 0.536261 0.0150062 9.9991E-05 0.136863
0.0328967 0.426959 9.9973E-05 9.9973E-05 0.388984 0.0586202 9.9973E-05 0.0922405
0.0627263 0.585664 9.9991E-05 0.0543937 0.139395 0.101681 0.0194111 0.0366286
0.0458689 0.643111 0.0352293 0.0762893 0.135632 0.0402252 9.9991E-05 0.0235444
0.0745562 0.287817 0.0607173 0.0669426 0.369262 9.9991E-05 0.0308919 0.109713
0.0578462 0.500026 0.061883 0.0556576 0.206982 0.0347211 0.0135618 0.0693224
0.0513691 0.568165 0.0127482 0.0371981 0.182199 0.0853066 0.0391619 0.0238514
0.0910283 0.250597 0.0105622 9.9982E-05 0.497333 0.0136518 9.9982E-05 0.136629
9.9964E-05 0.522939 9.9964E-05 0.00296977 0.0264183 9.9964E-05 9.9964E-05 0.447273
9.9964E-05 0.235455 9.9964E-05 0.010559 0.0629177 9.9964E-05 9.9964E-05 0.690668
0.0409675 0.509556 9.9991E-05 0.0561985 0.0808949 0.0158997 0.040493 0.25589
0.0213775 9.9964E-05 9.9964E-05 9.9964E-05 9.9964E-05 0.0667803 0.00986794 0.901574
0.0227338 9.9964E-05 0.00181418 9.9964E-05 9.9964E-05 0.081191 9.9964E-05 0.893861
0.0126474 0.232868 9.9964E-05 9.9964E-05 9.9964E-05 0.0515696 9.9964E-05 0.702515
9.9964E-05 0.469945 9.9964E-05 0.0357682 0.0938025 9.9964E-05 9.9964E-05 0.400084
0.0331337 0.526538 0.0693167 0.0850838 0.0184899 0.0701269 0.0443769 0.152934
9.9964E-05 0.448296 9.9964E-05 9.9964E-05 9.9964E-05 0.0262505 0.0258466 0.499207
9.9964E-05 0.178187 9.9964E-05 0.0328119 0.189213 9.9964E-05 9.9964E-05 0.599389
9.9964E-05 0.242653 9.9964E-05 0.0107686 0.167773 9.9964E-05 9.9964E-05 0.578405
0.029122 0.542255 0.00998262 0.0883915 0.0429969 0.016062 0.0249896 0.2462
9.9964E-05 0.360106 9.9964E-05 0.0160474 0.0763959 9.9964E-05 9.9964E-05 0.54705
9.9964E-05 0.467345 9.9964E-05 0.0382812 0.0523705 9.9964E-05 9.9964E-05 0.441604
0.0391378 0.444372 9.9964E-05 9.9964E-05 9.9964E-05 0.0141836 9.9964E-05 0.501907
0.146962 9.9955E-05 9.9955E-05 9.9955E-05 9.9955E-05 0.117339 9.9955E-05 0.735199
0.0237895 0.599704 9.9982E-05 0.0349091 0.0342471 9.9982E-05 0.020903 0.286247
0.00671366 0.084191 9.9973E-05 0.834101 0.0574627 9.9973E-05 9.9973E-05 0.0172312
0.0134515 0.0768813 9.9955E-05 0.909167 9.9955E-05 9.9955E-05 9.9955E-05 9.9955E-05
9.9955E-05 0.114792 9.9955E-05 0.851994 9.9955E-05 9.9955E-05 0.0327146 9.9955E-05
0.0231461 0.0258262 9.9964E-05 0.90878 9.9964E-05 9.9964E-05 0.0418475 9.9964E-05
9.9946E-05 9.9946E-05 9.9946E-05 0.9381 9.9946E-05 9.9946E-05 0.0612999 9.9946E-05
0.00025157 0.0574395 9.9973E-05 0.87111 9.9973E-05 0.0197305 0.0511688 9.9973E-05
9.9946E-05 0.0739147 9.9946E-05 0.925486 9.9946E-05 9.9946E-05 9.9946E-05 9.9946E-05
0.0402612 0.561179 9.9991E-05 0.0471118 0.109 0.042155 0.00696097 0.193231
9.9991E-05 0.513285 0.065827 0.131734 0.0531908 0.0728783 0.0396339 0.123351
9.9982E-05 0.0324977 0.00918754 0.0552859 0.193274 0.00497769 9.9982E-05 0.704578
9.9982E-05 0.600993 9.9982E-05 0.101752 0.0591489 0.0170893 0.0304823 0.190334
9.9964E-05 0.394116 9.9964E-05 0.033227 0.0835304 9.9964E-05 9.9964E-05 0.488727
9.9973E-05 0.533239 0.0174504 0.0676671 0.05586 9.9973E-05 9.9973E-05 0.325484
0.0129975 0.545567 0.0616441 0.0576092 9.9982E-05 0.0401129 9.9982E-05 0.281869
0.0124471 0.446775 9.9991E-05 0.0164972 0.0185118 0.00802817 0.0660414 0.431599
9.9955E-05 9.9955E-05 9.9955E-05 0.0388408 0.261727 9.9955E-05 9.9955E-05 0.698933
9.9991E-05 0.485015 0.0659985 0.0980121 0.132045 0.0398203 0.025855 0.153154
9.9991E-05 0.641686 0.0227406 0.0807329 0.0776172 0.00304423 0.0151802 0.158899
9.9991E-05 0.574716 0.0654158 0.0814846 0.0800753 0.0531733 0.0191056 0.12593
0.0734612 0.252387 0.0932824 9.99784E-05 9.99784E-05 0.0354428 9.99784E-05 0.545127
9.9973E-05 0.478264 9.9973E-05 0.0182273 9.9973E-05 0.064728 0.00792214 0.430558
9.9964E-05 0.482753 9.9964E-05 9.9964E-05 0.113505 9.9964E-05 0.00660177 0.39674
9.9964E-05 0.379331 9.9964E-05 9.9964E-05 9.9964E-05 0.0679865 0.0132608 0.539022
9.9964E-05 0.455344 9.9964E-05 0.0634032 0.0996808 9.9964E-05 9.9964E-05 0.381172
0.0714063 0.529256 0.0279513 0.0533854 0.113666 9.9991E-05 0.0290568 0.175178
0.1537 0.304429 9.9982E-05 9.9982E-05 0.354196 0.141771 0.00657466 0.0391293
0.0363726 0.433022 0.133743 0.0483963 0.348166 9.9973E-05 9.9973E-05 9.9973E-05
0.0370038 0.598634 0.0633799 0.0883139 0.157557 0.0343125 0.015798 0.00500111
0.0190447 0.58586 0.0631447 0.084094 0.137938 0.0124861 0.0198818 0.0775508
0.0357557 0.485919 0.0609646 0.00620785 0.366255 9.9982E-05 9.9982E-05 0.0446978
0.0464756 0.607376 0.0445888 0.0212449 0.27439 9.9982E-05 0.00572392 9.9982E-05
9.9973E-05 0.455832 0.0232218 0.0625361 0.410363 0.0477463 9.9973E-05 9.9973E-05
0.114482 0.541362 0.0133773 0.0521959 0.164133 0.042577 9.9991E-05 0.0717735
0.0521477 0.589341 0.00315529 0.0364177 0.174068 0.0880941 0.0258128 0.0309632
0.0219219 0.586391 0.0308081 0.0748159 0.210301 0.0561164 9.9991E-05 0.0195461
0.0281634 0.559455 0.00582613 0.0292904 0.272655 0.0374316 9.9991E-05 0.0670779
0.0210981 0.598668 9.9991E-05 0.060563 0.185883 0.0950494 0.0372788 0.00135914
0.0369996 0.599399 0.112471 0.0562547 0.12844 0.015052 0.0224352 0.0289475
0.0290353 0.587503 0.00841112 9.9991E-05 0.207852 0.0566397 0.0572878 0.0531704
0.0482784 0.52672 0.0453254 0.0314032 0.166953 0.109958 0.0712615 9.9991E-05
0.0187994 0.595498 0.0128795 9.9991E-05 0.171886 0.126161 0.0275596 0.0471152
0.120397 0.313486 0.0456057 0.0425394 0.265933 0.111317 0.0313679 0.0693538
0.0539914 0.664242 9.9991E-05 0.0524201 0.148601 0.0587102 0.00561538 0.0163197
0.0396715 0.68432 0.0283135 0.0184833 0.137158 0.0918546 9.9982E-05 9.9982E-05
0.027513 0.242352 0.0024916 0.0238835 0.536946 0.0415331 9.9991E-05 0.12518
0.193406 0.143399 0.063004 9.9982E-05 0.272796 0.21376 9.9982E-05 0.113435
0.100414 0.535665 0.0548609 0.0169004 0.234514 0.00918565 0.0136547 0.0348047
0.142576 0.0668677 0.0616512 9.9982E-05 0.296774 0.273391 9.9982E-05 0.158541
0.0364936 0.388907 0.00221926 9.9982E-05 0.495023 0.0105476 9.9982E-05 0.0666094
9.9973E-05 0.464405 0.00491474 9.9973E-05 0.419445 0.0192213 9.9973E-05 0.0917148
0.0541485 0.400504 9.9982E-05 0.00913628 0.456611 0.000667373 9.9982E-05 0.0787327
9.9982E-05 0.344755 0.0804294 9.9982E-05 0.520379 0.00369182 0.00556718 0.0449769
0.0376156 0.572463 0.0566176 0.013992 0.196101 0.0832305 9.9991E-05 0.0398796
0.0258862 0.575496 0.0364346 0.077596 0.144568 0.0401274 0.0302147 0.0696765
0.0423284 0.619995 9.9982E-05 0.0104802 0.209339 9.9982E-05 0.031869 0.085788
0.122146 0.174368 0.0539216 9.9982E-05 0.390236 0.140179 9.9982E-05 0.118949
0.0549176 0.533011 0.131363 0.134541 0.082345 9.9991E-05 0.0256258 0.0380965
0.107079 0.467538 0.184303 0.0467801 0.038194 0.120478 9.9991E-05 0.0355274
0.310044 9.9973E-05 0.331595 9.9973E-05 0.0916454 0.159478 9.9973E-05 0.106939
0.0957986 0.663867 0.0947536 0.0195947 0.00701398 0.0712935 9.9991E-05 0.0475784
0.124691 0.252052 0.232161 0.0464736 0.0749579 0.098868 0.0170784 0.153719
0.109726 0.528854 0.149931 0.0790889 0.019614 0.0634657 0.0081611 0.0411601
0.177157 0.193293 0.378772 9.9982E-05 0.133618 0.0796346 9.9982E-05 0.0373255
0.195083 0.0289586 0.389391 9.9982E-05 0.134206 0.142256 9.9982E-05 0.109906
0.088289 0.376988 0.291818 0.0150576 0.104544 0.0744375 0.000730576 0.0481357
0.0722765 0.492564 0.114716 0.10876 0.0771718 0.042494 0.0115092 0.0805086
0.113249 0.423451 0.0780292 0.105454 0.136981 0.087762 0.00427471 0.050799
0.243723 0.0733261 0.161816 9.9991E-05 0.0984156 0.166049 0.0314142 0.225156
0.0231142 0.558913 0.0343312 0.10474 0.0993705 0.127038 0.0366569 0.0158352
0.0733389 0.263323 0.358394 9.9982E-05 0.0713772 0.138722 9.9982E-05 0.0946451
0.09645 0.399553 0.189033 9.9982E-05 0.0535005 0.105329 9.9982E-05 0.155934
0.069842 0.521322 0.179406 0.0748695 0.0316663 0.0260126 0.0493928 0.0474885
0.216384 0.170513 0.13018 0.308155 9.9973E-05 9.9973E-05 0.174467 9.9973E-05
0.53001 9.9964E-05 0.068643 0.313215 9.9964E-05 9.9964E-05 0.0877319 9.9964E-05
0.49471 9.9964E-05 0.116892 0.306715 9.9964E-05 9.9964E-05 0.0812827 9.9964E-05
0.237718 0.059282 0.185331 0.264952 0.0142617 0.00321449 0.235141 9.9991E-05
0.00326532 0.555704 0.30716 9.9973E-05 9.9973E-05 0.0416584 9.9973E-05 0.0919128
0.0556799 0.582588 0.124089 0.0621592 0.0229908 0.0209584 0.0397548 0.0917793
9.9955E-05 0.348461 9.9955E-05 9.9955E-05 0.0012675 9.9955E-05 0.649771 9.9955E-05
9.9973E-05 0.381317 9.9973E-05 0.0484613 0.104431 0.0314601 0.434031 9.9973E-05
0.0131677 0.371372 0.0379255 0.0739373 0.0512592 0.0343963 0.372264 0.0456776
0.0574738 0.140846 0.460647 9.9991E-05 0.0154557 0.161731 0.0533625 0.110384
0.0859607 0.439106 0.140139 0.0863727 0.0661387 0.0626893 0.0390714 0.080522
0.0540458 0.146411 0.50639 9.9982E-05 0.0375901 0.197141 9.9982E-05 0.0582217
0.0622777 0.552976 0.214904 0.0193255 0.0186603 0.0939656 9.9991E-05 0.0377908
0.0990978 0.454028 0.250865 9.9982E-05 0.051248 0.139914 0.00464734 9.9982E-05
0.00745024 0.509597 0.393161 9.9982E-05 9.9982E-05 0.0809466 0.00275554 0.00588957
0.0905153 0.106554 0.599232 9.9973E-05 9.9973E-05 0.112135 9.9973E-05 0.0912636
9.9982E-05 0.639218 0.239068 0.0535028 9.9982E-05 0.0283121 0.00752036 0.0321789
0.113952 0.551677 0.21536 0.0483873 0.0207549 0.00612111 0.0108613 0.0328859
9.9964E-05 0.0145452 0.0168955 9.9964E-05 0.00263955 9.9964E-05 0.96552 9.9964E-05
9.9964E-05 0.0168482 9.9964E-05 9.9964E-05 9.9964E-05 0.0362258 0.929285 0.0172412
9.9982E-05 0.22703 0.027057 0.0544126 0.0542869 9.9982E-05 0.565476 0.0715371
9.9973E-05 0.335263 0.0328594 0.00720178 9.9973E-05 9.9973E-05 0.615252 0.00912396
9.9955E-05 0.138491 9.9955E-05 9.9955E-05 0.0254718 9.9955E-05 0.835537 9.9955E-05
9.994E-05 9.994E-05 9.994E-05 9.994E-05 9.994E-05 9.994E-05 0.9993 9.994E-05
9.9955E-05 9.9955E-05 9.9955E-05 9.9955E-05 0.0374624 0.0129709 0.949067 9.9955E-05
9.9955E-05 0.155554 9.9955E-05 9.9955E-05 9.9955E-05 9.9955E-05 0.829086 0.0148603
9.9946E-05 9.9946E-05 9.9946E-05 9.9946E-05 0.0555291 9.9946E-05 0.943871 9.9946E-05
9.994E-05 9.994E-05 9.994E-05 9.994E-05 9.994E-05 9.994E-05 0.9993 9.994E-05
9.994E-05 9.994E-05 9.994E-05 9.994E-05 9.994E-05 9.994E-05 0.9993 9.994E-05
9.9982E-05 0.184482 0.00258532 9.9982E-05 0.0212559 0.00467456 0.783964 0.00283849
0.0453495 0.121636 9.9982E-05 0.0228454 0.0188437 9.9982E-05 0.764371 0.0267543
9.994E-05 9.994E-05 9.994E-05 9.994E-05 9.994E-05 9.994E-05 0.9993 9.994E-05
9.9991E-05 0.372453 0.0695216 0.0742321 0.0795304 0.0103931 0.351778 0.0419918
9.9982E-05 0.259283 9.9982E-05 0.042892 0.0457785 0.00095934 0.641382 0.00950461
0.0158741 0.150475 9.9973E-05 0.00506159 9.9973E-05 9.9973E-05 0.816224 0.0120652
9.9955E-05 0.0854719 9.9955E-05 9.9955E-05 0.017078 9.9955E-05 0.89695 9.9955E-05
9.994E-05 9.994E-05 9.994E-05 9.994E-05 9.994E-05 9.994E-05 0.9993 9.994E-05
9.9955E-05 0.0567391 9.9955E-05 0.0173651 9.9955E-05 9.9955E-05 0.925396 9.9955E-05
9.994E-05 9.994E-05 9.994E-05 9.994E-05 9.994E-05 9.994E-05 0.9993 9.994E-05
9.9973E-05 0.259873 0.0259726 0.0534793 0.0382265 9.9973E-05 0.622149 9.9973E-05
0.0155631 9.9964E-05 9.9964E-05 0.00889838 9.9964E-05 9.9964E-05 0.956548 0.0185911
0.286276 9.9964E-05 0.501659 0.173371 9.9964E-05 0.0382953 9.9964E-05 9.9964E-05
0.06157 0.281713 0.332509 0.156959 0.0446912 9.9982E-05 0.122358 9.9982E-05
0.042597 0.352249 0.356449 0.120217 9.9982E-05 0.0453398 0.0829482 9.9982E-05
0.142244 0.100318 0.494586 0.113519 9.9982E-05 0.0335543 0.115579 9.9982E-05
0.0474172 0.386541 0.166112 0.123066 9.9991E-05 0.0086293 0.134349 0.133786
0.184141 0.0482347 0.521298 0.132519 9.9982E-05 0.00834344 0.105264 9.9982E-05
0.102105 0.404053 0.213536 0.116641 0.0947472 9.9982E-05 0.068718 9.9982E-05
0.0933575 0.216787 0.432433 0.125291 9.9973E-05 9.9973E-05 0.131831 9.9973E-05
0.064161 0.416262 0.277262 0.11885 9.9973E-05 9.9973E-05 0.123165 9.9973E-05
0.137895 0.314831 0.271114 0.118203 9.9982E-05 9.9982E-05 0.100198 0.0575587
0.136331 0.428243 0.146277 0.14103 0.00694199 0.0291919 0.0746726 0.0373123
0.00811478 0.0489553 0.0467733 0.878323 0.0175332 9.9973E-05 9.9973E-05 9.9973E-05
0.017942 9.9973E-05 9.9973E-05 0.897465 9.9973E-05 0.0240891 0.0512312 0.00897245
9.9955E-05 0.0152906 9.9955E-05 0.959042 0.0251678 9.9955E-05 9.9955E-05 9.9955E-05
0.0539784 9.9946E-05 9.9946E-05 0.945422 9.9946E-05 9.9946E-05 9.9946E-05 9.9946E-05
0.0318425 0.0545179 0.000847347 0.89927 0.0132227 9.9973E-05 9.9973E-05 9.9973E-05
0.0365989 9.9955E-05 9.9955E-05 0.961311 9.9955E-05 9.9955E-05 0.00159079 9.9955E-05
0.00050518 0.056226 9.9964E-05 0.921618 9.9964E-05 9.9964E-05 0.0212506 9.9964E-05
0.0234173 9.9964E-05 9.9964E-05 0.928167 0.0276203 0.0203959 9.9964E-05 9.9964E-05
0.0304219 0.0226677 0.00938604 0.874678 0.0210819 9.9991E-05 0.0321624 0.00950212
0.114854 0.00771327 9.9973E-05 0.867299 0.0074768 9.9973E-05 0.00235673 9.9973E-05
0.0306113 9.9973E-05 0.0486709 0.578512 0.296712 9.9973E-05 9.9973E-05 0.045194
9.9973E-05 9.9973E-05 0.0135566 0.601162 0.352459 0.0086545 9.9973E-05 0.0238681
0.0320272 9.9982E-05 0.0565434 0.529678 0.323176 0.0241051 9.9982E-05 0.0342702
9.9964E-05 9.9964E-05 0.136004 0.448781 0.401588 9.9964E-05 9.9964E-05 0.0132271
0.0089113 0.472135 0.0114364 0.109363 0.165126 9.9982E-05 9.9982E-05 0.232828
9.9982E-05 0.523366 9.9982E-05 0.0353042 0.112064 0.0320917 0.0158755 0.281098
0.00372891 0.594546 9.9991E-05 0.0358859 0.150516 0.00115685 0.00775721 0.20631
0.0156297 0.376281 9.9973E-05 0.0162483 0.292951 9.9973E-05 9.9973E-05 0.298589
0.00801988 0.21168 0.0155621 9.9991E-05 0.604329 0.0819437 0.00627717 0.0720885
9.9973E-05 0.627405 9.9973E-05 0.049922 0.0757042 0.0377148 9.9973E-05 0.208954
9.9964E-05 0.598141 9.9964E-05 9.9964E-05 0.121097 0.0264262 9.9964E-05 0.253936
0.0287853 0.530856 0.0319162 9.9982E-05 0.0359389 0.0835131 9.9982E-05 0.288791
9.9964E-05 0.364226 9.9964E-05 9.9964E-05 9.9964E-05 0.0948371 0.00355102 0.536986
0.059823 0.594491 0.0474278 0.0684769 0.037522 0.0576229 9.9991E-05 0.134536
9.9973E-05 0.439671 0.000444222 0.0115041 0.0787274 9.9973E-05 9.9973E-05 0.469353
9.9946E-05 9.9946E-05 9.9946E-05 9.9946E-05 9.9946E-05 0.159927 9.9946E-05 0.839473
9.9973E-05 0.598937 9.9973E-05 0.0943711 0.133176 0.0546054 9.9973E-05 0.11861
0.0705267 0.135437 0.0354306 9.9982E-05 9.9982E-05 0.106543 0.00342125 0.648441
9.9973E-05 0.521179 9.9973E-05 9.9973E-05 0.0602578 0.0492091 0.0125598 0.356494
9.9964E-05 0.159954 9.9964E-05 0.0156619 0.212837 9.9964E-05 9.9964E-05 0.611147
9.9955E-05 9.9955E-05 0.156508 0.119458 0.723534 9.9955E-05 9.9955E-05 9.9955E-05
9.9973E-05 0.0197044 0.180927 0.0955548 0.699452 0.00406142 9.9973E-05 9.9973E-05
9.9955E-05 9.9955E-05 0.209946 0.0924136 0.697141 9.9955E-05 9.9955E-05 9.9955E-05
9.9955E-05 9.9955E-05 0.163788 0.104138 0.731574 9.9955E-05 9.9955E-05 9.9955E-05
9.9964E-05 0.0861646 0.171093 0.0384456 0.703897 9.9964E-05 9.9964E-05 9.9964E-05
9.9973E-05 0.00577378 0.229707 0.0293106 0.667285 9.9973E-05 0.0676234 9.9973E-05
9.9973E-05 9.9973E-05 9.9973E-05 0.852176 0.0113775 0.00174229 0.0697024 0.0647016
0.0334845 0.111879 0.000475084 0.813803 0.0267002 9.9982E-05 9.9982E-05 0.0134578
9.9991E-05 0.122839 0.000195377 0.778258 0.00818925 0.0173463 0.0516033 0.0214681
9.9955E-05 9.9955E-05 9.9955E-05 0.843255 9.9955E-05 9.9955E-05 0.0813087 0.0749367
9.9973E-05 0.143008 0.0206708 0.794015 0.00828507 9.9973E-05 0.0337213 9.9973E-05
9.9955E-05 9.9955E-05 0.0869897 0.400974 0.511536 9.9955E-05 9.9955E-05 9.9955E-05
9.9973E-05 9.9973E-05 0.0341649 0.441612 0.488045 0.0326979 0.00317997 9.9973E-05
0.0252983 0.00339067 0.00404099 0.403519 0.483877 0.0593181 0.0204557 9.9991E-05
9.9964E-05 0.120416 9.9964E-05 0.852432 0.0171973 0.00955462 9.9964E-05 9.9964E-05
9.9964E-05 9.9964E-05 0.0258161 0.408454 0.493699 0.0716314 9.9964E-05 9.9964E-05
0.238826 0.327383 0.00408633 0.190446 9.9973E-05 9.9973E-05 0.238959 9.9973E-05
0.036513 0.559061 0.0445989 0.138233 0.0116186 0.0379643 0.171911 9.9991E-05
0.00474515 0.576712 9.9964E-05 0.224028 9.9964E-05 9.9964E-05 0.194116 9.9964E-05
0.0767768 0.293746 0.0954516 0.257854 9.9982E-05 0.041043 0.234928 9.9982E-05
0.0782873 0.510055 0.03056 0.182101 0.0339168 0.0232615 0.0779714 0.0638465
0.334905 9.9973E-05 0.0620104 0.343732 9.9973E-05 0.0036383 0.255414 9.9973E-05
9.9973E-05 0.434493 0.110766 9.9973E-05 0.379498 0.0396513 9.9973E-05 0.035292
0.0620336 0.42075 0.0559557 9.9982E-05 0.200751 0.180309 9.9982E-05 0.0800007
9.9973E-05 0.311671 0.07427 9.9973E-05 0.548325 0.00476869 9.9973E-05 0.0606652
0.0342998 0.508515 0.0645252 9.9982E-05 0.156201 0.178303 9.9982E-05 0.0579551
0.119633 9.9973E-05 0.10475 9.9973E-05 0.343428 0.343519 9.9973E-05 0.0883698
0.0582892 0.618062 0.0194604 0.0712006 0.127227 0.0370131 9.9991E-05 0.0686476
0.0223674 0.507065 0.0513824 0.0167524 0.183947 0.156705 0.0335921 0.0281888
0.0434614 0.353059 0.0457341 0.0119043 0.45747 0.0417943 9.9991E-05 0.0464776
9.9991E-05 0.582301 0.0802067 0.0801659 0.14772 0.0315918 0.0311192 0.0467955
0.128072 0.134035 0.131152 9.9982E-05 0.231334 0.173649 9.9982E-05 0.201558
0.0815348 0.581004 0.0457728 9.9982E-05 0.17089 0.0651636 9.9982E-05 0.0554349
9.9982E-05 0.559261 0.0211514 0.0139712 0.337909 0.0623226 9.9982E-05 0.0051854
0.187136 0.464747 9.9991E-05 0.0265875 0.106016 0.0625521 0.0884403 0.0644198
0.111899 0.336199 0.0039522 9.9982E-05 0.266483 0.151449 9.9982E-05 0.129817
0.0750861 0.395379 0.0591417 9.9991E-05 0.22986 0.172004 0.00206244 0.0663665
0.0345942 0.569177 0.0439825 0.0016941 0.182424 0.116643 0.0056275 0.0458582
0.0769254 0.532865 0.0150423 9.9982E-05 0.146219 0.143334 9.9982E-05 0.0854137
0.0529533 0.662196 0.0812907 0.00938258 0.103847 0.0547072 0.0185946 0.0170291
0.0122363 0.562896 0.0174102 0.0958918 0.121884 0.078451 0.0209703 0.0902605
0.0305585 0.577123 9.9982E-05 0.0856588 0.170684 0.0264031 9.9982E-05 0.109372
9.9955E-05 0.0893603 9.9955E-05 0.859464 9.9955E-05 9.9955E-05 0.050676 9.9955E-05
9.9964E-05 0.101679 9.9964E-05 0.889013 9.9964E-05 0.00851579 9.9964E-05 0.000393053
0.012441 0.00367608 0.051987 0.873168 9.9991E-05 0.0163699 0.0183237 0.0239344
9.9973E-05 0.0209461 9.9973E-05 0.904352 0.0172082 0.00391428 0.0532793 9.9973E-05
9.9946E-05 0.0793214 9.9946E-05 0.920079 9.9946E-05 9.9946E-05 9.9946E-05 9.9946E-05
0.11948 0.174891 9.9964E-05 9.9964E-05 0.596076 9.9964E-05 9.9964E-05 0.109153
0.0901396 0.469064 9.9991E-05 0.012706 0.15525 0.193397 0.0535526 0.0257901
0.0280582 0.3863 0.143257 0.165609 0.00155195 0.0388475 0.212275 0.0241029
0.0339717 0.635408 0.0240732 9.9982E-05 0.22226 9.9982E-05 0.0414888 0.0425979
0.0584116 0.520492 9.9964E-05 9.9964E-05 0.315166 9.9964E-05 9.9964E-05 0.105531
0.135147 0.279641 0.0250697 9.9982E-05 0.278627 0.174073 9.9982E-05 0.107242
0.0858016 0.0472513 9.9973E-05 0.0405794 0.719736 9.9973E-05 9.9973E-05 0.106332
0.0740656 0.509612 0.0206514 0.0196553 0.335688 9.9982E-05 9.9982E-05 0.0401275
0.0357773 0.278166 0.0060936 0.0230654 0.588515 0.0353694 0.0329137 9.9991E-05
0.0814148 0.414977 0.101954 0.00209958 0.170411 0.0782563 0.0215341 0.129353
0.0899225 0.210458 9.9982E-05 0.0308869 0.63913 0.0281658 9.9982E-05 0.00123647
0.0130278 0.579134 9.9991E-05 0.07943 0.255269 0.00651674 0.036889 0.0296341
0.0785468 0.184436 0.0235749 0.042589 0.55689 9.9991E-05 0.00175997 0.112103
0.129453 0.288099 0.0268246 9.9991E-05 0.283785 0.126869 0.0441935 0.100675
0.000767181 0.493126 0.274108 0.0891838 0.0747795 0.056691 9.9991E-05 0.0112452
0.0271493 0.198269 0.546875 9.9982E-05 0.0576023 0.134581 9.9982E-05 0.035323
0.0229681 0.481317 0.371765 0.0211902 9.9982E-05 0.0883145 9.9982E-05 0.0142457
0.0854913 0.509386 0.203726 0.0570589 0.108876 9.9991E-05 0.00358679 0.0317754
0.0669305 0.150285 0.582211 9.9982E-05 0.0196594 0.0823855 9.9982E-05 0.0983284
0.034293 0.47684 0.111928 0.0487488 0.0931449 0.12677 0.0554362 0.0528392
9.9973E-05 0.475993 0.34149 0.0186792 0.0590753 0.104462 9.9973E-05 9.9973E-05
0.0538643 0.0285049 0.531874 9.9982E-05 0.00343331 0.234672 9.9982E-05 0.147452
0.0271647 0.0511431 0.747808 9.9982E-05 0.0083074 0.0879956 9.9982E-05 0.077381
9.9982E-05 0.375213 0.446712 0.0215049 0.0507141 0.0781772 9.9982E-05 0.0274784
0.00939878 9.9973E-05 0.638331 9.9973E-05 0.0126458 0.147735 9.9973E-05 0.19159
9.9973E-05 0.363219 0.49212 9.9973E-05 0.0664366 0.0207677 9.9973E-05 0.0571563
0.0329854 0.207312 9.9964E-05 9.9964E-05 0.672924 9.9964E-05 9.9964E-05 0.0863796
0.137822 0.262959 9.9982E-05 9.9982E-05 0.321651 0.233842 0.0107425 0.0327828
9.9982E-05 0.418566 9.9982E-05 0.0107548 0.460227 0.0074933 0.0582313 0.0445267
0.0675929 0.595322 9.9991E-05 0.0200887 0.246046 0.020866 0.017818 0.0321666
0.0230774 0.267641 9.9973E-05 9.9973E-05 0.57151 9.9973E-05 0.00583526 0.131636
0.115941 0.553474 0.0248969 0.0344614 0.0975373 0.050244 9.9991E-05 0.123345
0.0599337 0.677675 9.9982E-05 0.0287179 0.219515 0.0110324 0.00292624 9.9982E-05
0.0536686 0.527116 0.0431012 0.0152345 0.169673 0.0319153 0.0444722 0.11482
0.0559918 0.546743 9.9982E-05 0.00673044 0.292799 0.0649744 0.0325615 9.9982E-05
0.0181487 0.548749 9.9973E-05 9.9973E-05 0.417899 9.9973E-05 0.00581615 0.00908714
0.049787 0.348098 9.9973E-05 9.9973E-05 0.503031 0.00641111 9.9973E-05 0.0923731
0.0419299 0.412246 9.9982E-05 9.9982E-05 0.465005 0.0216879 0.0301319 0.0287999
0.0951292 0.588883 0.00382118 9.9982E-05 0.213921 0.0801093 9.9982E-05 0.0179362
0.0215636 0.631295 0.0442408 0.0313044 0.115915 0.0713076 0.0536294 0.0307439
0.124504 0.336602 9.9982E-05 9.9982E-05 0.266692 0.0843932 0.0594073 0.128202
0.0332827 0.474413 9.9982E-05 9.9982E-05 0.20779 0.148442 0.0706008 0.0652711
0.00709575 0.351648 0.0228065 0.00387481 0.480395 9.9991E-05 0.0501068 0.0839722
0.0376321 0.578099 9.9991E-05 0.0110395 0.248212 0.0721268 0.0120874 0.0407031
0.0073876 0.482107 9.9991E-05 0.028985 0.29258 0.0409004 0.0541385 0.0938008
0.0373728 0.571165 0.108214 0.041492 0.171563 0.0341797 0.0319101 0.00410306
0.120705 0.45734 0.0276377 0.27791 0.0239359 9.9982E-05 0.0922709 9.9982E-05
0.138271 0.592222 0.0290723 0.0990097 0.0312274 0.0485005 0.0615968 9.9991E-05
0.107732 0.499917 0.0116499 0.140916 0.06925 0.064255 0.0838673 0.0224122
0.113228 0.559902 0.0496842 0.0503728 0.038911 0.083689 0.0972217 0.00699067
0.178619 0.483378 0.00875395 0.139649 0.0143816 0.0321941 0.140237 0.00278789
0.0417273 0.464116 0.0617425 9.9982E-05 0.193013 0.179376 9.9982E-05 0.0598248
0.050286 0.525156 0.0850716 0.15738 9.9991E-05 0.0294971 0.0762955 0.0762137
0.3339 0.0495881 0.13276 0.100748 0.122499 0.07537 0.127227 0.057908
0.10004 0.581961 0.0901187 0.078573 0.0324852 0.0316861 0.0850363 9.9991E-05
0.168464 0.528325 9.9982E-05 0.0955535 0.0153532 0.0674001 0.124704 9.9982E-05
0.0323627 0.513218 0.0428647 0.0672407 0.0488453 0.0864322 0.151191 0.0578452
0.230429 0.311457 0.0528487 0.130143 0.06832 0.10191 0.0353375 0.0695546
0.0451877 0.543921 0.0945034 0.184309 0.013613 9.9982E-05 0.118266 9.9982E-05
0.124861 0.531498 9.9982E-05 0.0994202 0.0454229 0.0830312 0.115567 9.9982E-05
0.569673 9.9973E-05 9.9973E-05 0.327009 9.9973E-05 0.0151643 0.0693173 0.0185365
0.0644368 0.485864 0.0608842 0.141576 0.0737245 0.00332368 0.170091 9.9991E-05
0.0910971 0.535372 0.0196368 0.124069 9.9982E-05 0.0561823 0.173443 9.9982E-05
0.089167 0.583301 0.0126514 0.0743979 0.101318 0.0249069 0.0787278 0.0355298
0.146071 0.561405 0.00223237 0.143473 9.9973E-05 9.9973E-05 0.146519 9.9973E-05
9.9973E-05 0.480352 0.123124 0.247041 9.9973E-05 9.9973E-05 0.0938789 0.0553041
9.9991E-05 0.428554 0.000246549 0.0494939 0.0246909 0.422447 0.0292964 0.045172
9.9991E-05 0.441765 0.0797554 0.0672713 0.0689345 0.215793 0.0804893 0.0458912
9.9955E-05 9.9955E-05 9.9955E-05 9.9955E-05 0.0546193 0.893242 9.9955E-05 0.0516391
9.9946E-05 9.9946E-05 9.9946E-05 9.9946E-05 0.0664182 0.932982 9.9946E-05 9.9946E-05
9.9973E-05 0.492933 0.0215972 0.103844 0.0431096 0.338216 9.9973E-05 9.9973E-05
0.0187304 0.29203 0.0867584 0.155123 9.9982E-05 0.138473 0.308685 9.9982E-05
0.105724 0.359091 9.9973E-05 0.151714 9.9973E-05 0.168133 0.215038 9.9973E-05
0.162882 0.192328 9.9973E-05 0.136058 9.9973E-05 0.253341 0.255091 9.9973E-05
0.130045 0.380377 9.9973E-05 0.138964 9.9973E-05 0.163119 0.187195 9.9973E-05
0.117477 0.0423771 0.0160597 0.0841283 9.9982E-05 0.713659 0.0260994 9.9982E-05
0.101692 0.115468 9.9973E-05 0.086596 9.9973E-05 0.67287 0.0230737 9.9973E-05
0.0171483 0.543283 0.0295541 0.000609872 9.9982E-05 0.360732 0.0484733 9.9982E-05
9.9964E-05 0.354957 9.9964E-05 0.0757415 9.9964E-05 0.472828 0.0960727 9.9964E-05
9.9964E-05 0.177999 9.9964E-05 0.0760983 9.9964E-05 0.707101 0.0384015 9.9964E-05
0.0100099 0.536276 0.014218 0.0460276 0.0560411 0.262536 0.0747917 9.9991E-05
0.00958914 0.562062 9.9973E-05 0.0482029 9.9973E-05 0.335919 0.0439272 9.9973E-05
9.9973E-05 0.475083 0.0650401 0.0726437 9.9973E-05 0.295961 0.0909723 9.9973E-05
9.9973E-05 0.293637 9.9973E-05 0.0127425 0.00833976 0.678713 9.9973E-05 0.00626767
9.9982E-05 0.379489 0.0423039 0.0221161 0.0607814 0.494582 9.9982E-05 0.000526811
0.0134694 0.50679 0.0218636 0.0490519 0.0280993 0.331709 0.000541654 0.048475
9.9982E-05 0.402902 0.0821107 0.0207047 0.0871908 0.380591 0.0263 9.9982E-05
0.00953571 0.458403 9.9991E-05 0.0508619 0.0765898 0.234241 0.075206 0.0950627
0.0101641 0.427621 0.039457 9.9973E-05 9.9973E-05 0.474204 9.9973E-05 0.0482539
9.9964E-05 0.137375 9.9964E-05 0.0106917 0.0102701 0.841263 9.9964E-05 9.9964E-05
9.9955E-05 0.607762 9.9955E-05 0.00594237 9.9955E-05 0.385796 9.9955E-05 9.9955E-05
9.9973E-05 0.147881 9.9973E-05 9.9973E-05 0.0661675 0.769167 0.00218178 0.0143025
9.9955E-05 0.393216 9.9955E-05 0.0613696 9.9955E-05 0.544915 9.9955E-05 9.9955E-05
9.9982E-05 0.490666 0.0293406 0.0654957 0.0515392 0.321351 9.9982E-05 0.0414069
9.9973E-05 0.481878 9.9973E-05 0.0682269 0.0539522 0.328194 9.9973E-05 0.0674492
0.0381041 0.489392 0.0758053 0.182113 0.0254504 0.075148 0.0963544 0.0176328
0.0889301 0.453751 0.00317051 0.122121 0.089287 0.0817072 0.097237 0.0637966
0.147366 0.327024 0.0631599 0.185077 9.9991E-05 0.0442685 0.206327 0.0266788
0.147482 0.331541 0.0555543 0.148834 0.00926489 0.108503 0.179703 0.0191183
0.0187894 0.43614 0.0706728 0.119266 0.109128 0.0209381 0.190639 0.0344261
0.0840844 0.414922 0.0819839 0.122683 9.9991E-05 0.158043 0.123774 0.0144107
0.0847922 9.9964E-05 9.9964E-05 0.149623 9.9964E-05 0.687523 0.077662 9.9964E-05
0.0039997 0.55246 0.0547032 0.119176 9.9982E-05 0.135318 0.134143 9.9982E-05
0.313946 9.9964E-05 9.9964E-05 0.248335 9.9964E-05 0.395106 0.0422131 9.9964E-05
0.000982392 0.487235 9.9973E-05 0.0789807 9.9973E-05 0.310478 0.122023 9.9973E-05
9.9946E-05 0.0728991 9.9946E-05 9.9946E-05 9.9946E-05 0.926501 9.9946E-05 9.9946E-05
9.9946E-05 9.9946E-05 9.9946E-05 9.9946E-05 9.9946E-05 0.936588 9.9946E-05 0.0628121
9.9946E-05 0.438727 9.9946E-05 9.9946E-05 9.9946E-05 0.560673 9.9946E-05 9.9946E-05
9.9964E-05 0.571162 9.9964E-05 0.02284 9.9964E-05 0.38664 0.0189583 9.9964E-05
9.9946E-05 0.365722 9.9946E-05 9.9946E-05 9.9946E-05 0.633679 9.9946E-05 9.9946E-05
9.9955E-05 0.541469 9.9955E-05 0.00671092 9.9955E-05 0.45132 9.9955E-05 9.9955E-05
9.9946E-05 0.517678 9.9946E-05 9.9946E-05 9.9946E-05 0.481722 9.9946E-05 9.9946E-05
0.00379558 9.9982E-05 9.9982E-05 0.859674 0.0484413 0.0244826 0.0290276 0.0343789
0.0295301 0.0701968 0.0308505 0.738088 0.0764265 9.9982E-05 0.054708 9.9982E-05
9.9973E-05 9.9973E-05 0.0262491 0.929622 0.00860803 0.00182632 0.0333949 9.9973E-05
0.0604836 0.0291316 9.9955E-05 0.909885 9.9955E-05 9.9955E-05 9.9955E-05 9.9955E-05
0.0905983 0.499862 9.9982E-05 0.018297 0.000859776 9.9982E-05 0.0262399 0.363943
0.00114673 0.540864 9.9982E-05 0.0570193 0.051937 9.9982E-05 0.0129209 0.335912
9.9964E-05 0.54817 9.9964E-05 0.0267387 0.0295201 9.9964E-05 9.9964E-05 0.395172
0.0142224 0.586597 0.0692881 0.0879204 0.0242072 9.9982E-05 9.9982E-05 0.217565
9.9982E-05 0.554809 0.192797 0.112498 0.0409191 9.9982E-05 0.00219251 0.0965844
9.9964E-05 0.311312 9.9964E-05 0.0404169 0.111576 9.9964E-05 9.9964E-05 0.536295
9.9955E-05 0.6267 9.9955E-05 0.0316883 9.9955E-05 9.9955E-05 9.9955E-05 0.341112
0.0257452 0.26144 0.0312554 9.9973E-05 9.9973E-05 0.0958589 9.9973E-05 0.585401
0.0819484 0.412544 0.0253283 0.280377 0.0652317 9.9982E-05 0.13437 9.9982E-05
0.00238684 0.420975 0.0670121 0.0199054 9.9982E-05 0.105795 9.9982E-05 0.383726
9.9964E-05 0.332485 9.9964E-05 0.0055734 0.116294 9.9964E-05 9.9964E-05 0.545248
9.9964E-05 0.535743 0.0760832 9.9964E-05 9.9964E-05 0.0404922 9.9964E-05 0.347281
9.9973E-05 0.40039 9.9973E-05 0.00576502 0.141582 9.9973E-05 0.0308509 0.421112
0.0122462 0.55661 9.9964E-05 9.9964E-05 9.9964E-05 0.0686436 9.9964E-05 0.3621
9.9973E-05 0.547789 9.9973E-05 0.0759124 0.0351774 0.00774705 9.9973E-05 0.333075
9.9955E-05 9.9955E-05 0.0311432 9.9955E-05 9.9955E-05 0.104509 9.9955E-05 0.863848
9.9973E-05 0.284173 0.0475443 9.9973E-05 9.9973E-05 0.0738479 0.0195346 0.5746
0.00879896 0.341747 9.9973E-05 9.9973E-05 9.9973E-05 0.09135 0.0221529 0.535651
0.028299 9.9955E-05 9.9955E-05 9.9955E-05 9.9955E-05 0.0937419 9.9955E-05 0.877459
9.9973E-05 0.416072 0.0361486 0.0506725 0.0723821 9.9973E-05 9.9973E-05 0.424425
0.0361398 0.0237423 0.18199 9.9973E-05 9.9973E-05 0.0915044 9.9973E-05 0.666324
0.0684149 9.9955E-05 9.9955E-05 9.9955E-05 9.9955E-05 0.0597547 9.9955E-05 0.871331
0.0243408 0.579408 0.0187039 0.0360753 9.9991E-05 0.0581243 0.00909186 0.274156
9.9973E-05 0.162796 9.9973E-05 0.0224145 0.186002 9.9973E-05 0.0209362 0.607551
9.9982E-05 0.477148 0.0352998 0.0158746 0.076673 9.9982E-05 0.0151955 0.37961
9.9982E-05 0.53733 0.084467 0.103487 9.9982E-05 0.023576 0.0488442 0.202095
9.9964E-05 0.512726 9.9964E-05 0.0274192 0.0762153 9.9964E-05 9.9964E-05 0.383239
0.101786 0.356828 0.00478429 9.9982E-05 0.286607 0.152198 9.9982E-05 0.0975979
9.9973E-05 0.542824 9.9973E-05 0.0459924 0.0874421 0.0251755 9.9973E-05 0.298266
9.9973E-05 0.5315 0.0144941 0.0168019 0.0950387 9.9973E-05 9.9973E-05 0.341865
0.0217689 0.316827 0.0269916 9.9973E-05 9.9973E-05 0.0541115 9.9973E-05 0.580002
0.0285218 0.462075 9.9991E-05 0.102336 0.132967 0.0151839 0.0394251 0.219391
0.0260626 9.9964E-05 0.0359499 0.647008 0.29058 9.9964E-05 9.9964E-05 9.9964E-05
0.0216974 9.9982E-05 0.0163712 0.780099 0.111979 0.023162 9.9982E-05 0.0464913
0.0689641 9.9955E-05 9.9955E-05 0.821622 0.108914 9.9955E-05 9.9955E-05 9.9955E-05
0.040869 9.9964E-05 0.0372221 0.811789 0.10972 9.9964E-05 9.9964E-05 9.9964E-05
9.9955E-05 9.9955E-05 0.114909 0.729535 0.155056 9.9955E-05 9.9955E-05 9.9955E-05
9.9964E-05 0.137598 9.9964E-05 0.0690187 0.15247 9.9964E-05 9.9964E-05 0.640513
9.9964E-05 0.16478 9.9964E-05 0.0330908 0.115008 9.9964E-05 9.9964E-05 0.686721
0.0251085 0.186649 9.9964E-05 9.9964E-05 9.9964E-05 9.9964E-05 0.0143581 0.773485
0.0234564 0.56706 0.0763042 0.0791535 0.0220988 0.0238739 0.0224961 0.185557
9.9991E-05 0.548944 0.0591959 0.103789 0.044847 0.0137162 0.0592181 0.17019
0.0340595 0.220132 0.0579664 9.9982E-05 9.9982E-05 0.00101304 0.0457421 0.640887
9.9973E-05 0.555272 9.9973E-05 0.0263227 9.9973E-05 0.0541469 0.0517918 0.312167
0.0409655 0.411036 9.9982E-05 0.0569269 9.9982E-05 0.0256007 0.0210819 0.444189
9.9982E-05 0.541787 0.0179153 0.020807 0.0509861 0.0510282 9.9982E-05 0.317276
9.9982E-05 0.592436 0.0251967 0.0538339 0.0166508 9.9982E-05 0.0585421 0.253141
9.9964E-05 0.223818 9.9964E-05 9.9964E-05 0.167155 9.9964E-05 0.00260763 0.606019
9.9964E-05 0.341915 9.9964E-05 0.00469211 0.125772 9.9964E-05 9.9964E-05 0.527222
9.9964E-05 0.345966 9.9964E-05 0.0156405 0.0923644 9.9964E-05 9.9964E-05 0.545629
9.9955E-05 0.590278 0.315835 0.0933869 9.9955E-05 9.9955E-05 9.9955E-05 9.9955E-05
9.9964E-05 0.383298 9.9964E-05 0.0386723 0.124461 9.9964E-05 9.9964E-05 0.453169
9.9964E-05 0.412158 9.9964E-05 0.0320679 0.112268 9.9964E-05 9.9964E-05 0.443106
0.0660175 0.449765 0.0443828 0.0585613 0.0336958 0.00558988 0.341888 9.9991E-05
0.0871519 0.329304 0.0685025 0.0892495 9.9982E-05 9.9982E-05 0.413324 0.0122686
0.0344929 0.452971 0.0419925 0.0972025 0.00362079 9.9982E-05 0.369521 9.9982E-05
0.0880727 0.300479 9.9973E-05 0.149735 9.9973E-05 0.0125312 0.448882 9.9973E-05
0.0848773 0.472561 0.0252695 0.109422 0.010944 0.000775443 0.273252 0.022898
0.0396878 0.492954 0.266328 0.0278408 9.9973E-05 9.9973E-05 9.9973E-05 0.172889
0.120766 0.0354228 9.9964E-05 0.248277 9.9964E-05 9.9964E-05 0.595134 9.9964E-05
0.0539861 0.341225 9.9982E-05 0.151805 9.9982E-05 0.0176438 0.428525 0.00661457
0.13053 0.353452 0.302903 0.111581 9.9973E-05 9.9973E-05 0.101234 9.9973E-05
9.9982E-05 0.466471 0.35381 0.130543 0.0237919 0.0242415 9.9982E-05 0.000942877
9.9982E-05 0.405319 0.469548 0.098272 0.00448214 0.014071 0.00810748 9.9982E-05
9.9964E-05 0.48665 0.37252 0.0971731 9.9964E-05 9.9964E-05 0.0432564 9.9964E-05
9.9982E-05 0.584062 0.262706 0.121732 0.0153114 9.9982E-05 0.0120575 0.00393102
0.0425291 0.385213 9.9964E-05 0.183218 9.9964E-05 9.9964E-05 0.388639 9.9964E-05
0.138796 0.423748 9.9982E-05 0.072282 0.0567684 0.00175009 0.306455 9.9982E-05
0.0703981 0.41688 9.9964E-05 0.0910955 9.9964E-05 9.9964E-05 0.421227 9.9964E-05
0.0509982 0.509602 9.9982E-05 0.132512 0.0587495 0.051438 0.196501 9.9982E-05
0.138764 0.269305 9.9982E-05 0.0990607 0.0593108 0.0244517 0.408908 9.9982E-05
0.0389334 0.477824 0.0213864 0.147896 9.9991E-05 0.0140769 0.270878 0.0289056
0.136715 0.298565 9.9973E-05 0.088927 9.9973E-05 9.9973E-05 0.474493 0.00100013
0.0457976 0.411467 0.0337469 0.11269 0.0267346 0.0351675 0.2841 0.050296
0.0579459 0.389708 0.469823 0.0528623 9.9982E-05 9.9982E-05 0.00398931 0.0254715
0.0277624 0.345573 0.068609 0.183832 0.0319925 0.0145494 0.311378 0.0163033
0.143497 0.158872 9.9964E-05 0.166314 9.9964E-05 9.9964E-05 0.530917 9.9964E-05
0.111842 0.400148 9.9973E-05 0.131459 9.9973E-05 9.9973E-05 0.297233 0.0590178
9.9964E-05 0.197139 0.593529 0.143882 0.0650499 9.9964E-05 9.9964E-05 9.9964E-05
9.9955E-05 0.520081 0.443942 9.9955E-05 9.9955E-05 9.9955E-05 0.0354775 9.9955E-05
0.0596936 0.392013 0.060447 0.12659 0.0433763 9.9982E-05 0.31768 9.9982E-05
9.9964E-05 0.488487 0.348431 0.124777 0.0379057 9.9964E-05 9.9964E-05 9.9964E-05
9.9964E-05 0.415572 0.422263 0.129153 0.032611 9.9964E-05 9.9964E-05 9.9964E-05
0.135784 0.387987 0.0757663 0.137562 9.9991E-05 0.0127021 0.191227 0.058872
0.105745 0.359455 0.0619565 0.180362 9.9982E-05 0.0615362 0.230745 9.9982E-05
0.043376 0.493102 0.175335 0.0870737 0.0553532 0.00157721 0.0721756 0.0720079
0.0357606 0.421966 0.0818277 0.147723 9.9991E-05 0.00188786 0.263316 0.0474182
0.0574407 0.447091 9.9973E-05 0.0973513 0.0357625 9.9973E-05 0.362055 9.9973E-05
0.170204 0.158393 9.9964E-05 0.116583 9.9964E-05 9.9964E-05 0.554419 9.9964E-05
0.0320881 0.587809 0.130917 0.135771 0.0419907 0.0611421 0.00467339 0.00560906
9.9973E-05 0.369608 0.473057 0.115272 0.0183619 9.9973E-05 9.9973E-05 0.0234015
0.0935042 9.9964E-05 0.848432 9.9964E-05 9.9964E-05 0.000193884 0.05747 9.9964E-05
0.0547482 0.577902 0.190294 0.14356 9.9982E-05 9.9982E-05 0.00818568 0.0251106
0.0936476 0.3319 0.258651 0.0176269 0.174749 0.0533517 0.0308422 0.0392317
0.224654 0.513873 9.9982E-05 0.104038 0.00912569 9.9982E-05 0.0888841 0.0592252
0.241702 0.469428 0.0170435 0.0911746 0.0592973 0.0123613 0.0457425 0.0632507
0.866686 0.0477493 9.9964E-05 0.0593743 0.0257901 9.9964E-05 9.9964E-05 9.9964E-05
