0.918934 9.9973E-05 0.0115607 0.0595784 9.9973E-05 9.9973E-05 0.00279863 0.00682789
0.929186 0.000540727 9.9964E-05 0.0233446 9.9964E-05 9.9964E-05 9.9964E-05 0.0465285
0.864401 0.0491408 9.9964E-05 9.9964E-05 9.9964E-05 9.9964E-05 0.0517592 0.034299
0.803798 9.9964E-05 0.0314094 9.9964E-05 9.9964E-05 9.9964E-05 0.127053 0.0373396
0.921684 9.9946E-05 9.9946E-05 9.9946E-05 9.9946E-05 9.9946E-05 0.077716 9.9946E-05
0.644094 9.9973E-05 0.0344076 0.0682546 0.241104 9.9973E-05 0.0118393 9.9973E-05
0.773259 9.9955E-05 9.9955E-05 0.00266417 0.223577 9.9955E-05 9.9955E-05 9.9955E-05
0.711316 9.9964E-05 0.00728208 0.0162378 0.264764 9.9964E-05 9.9964E-05 9.9964E-05
0.799751 9.99549E-05 0.119912 9.99549E-05 9.99549E-05 9.99549E-05 9.99549E-05 0.0798368
0.73452 9.9955E-05 9.9955E-05 0.0278643 0.237116 9.9955E-05 9.9955E-05 9.9955E-05
0.748516 9.9955E-05 9.9955E-05 9.9955E-05 0.188144 9.9955E-05 0.0628401 9.9955E-05
9.9982E-05 0.13128 0.470331 0.0211164 0.0763372 9.9982E-05 0.233237 0.0674981
0.085954 0.0658486 0.236556 0.0247799 0.00535217 0.0168114 0.556963 0.00773475
9.9973E-05 0.0948186 0.469651 0.0335693 9.9973E-05 9.9973E-05 0.280525 0.121136
0.00247723 0.0368011 0.472359 0.0994814 9.9982E-05 9.9982E-05 0.307647 0.0810342
0.0858876 0.00131064 0.301947 0.0901323 0.0460773 9.9991E-05 0.446946 0.0275982
0.013978 0.0587739 0.16391 0.0592152 0.068103 0.0208811 0.580907 0.034231
9.9982E-05 0.0832209 0.293035 0.045755 0.0322135 9.9982E-05 0.508521 0.0370538
0.067387 0.0299919 0.42268 0.0289438 0.0130988 9.9991E-05 0.308784 0.129014
0.0173802 0.0918871 0.679642 0.0114223 0.156929 9.9991E-05 0.0357348 0.00690491
0.0051799 0.0739574 0.325397 0.0101918 0.0466492 9.9991E-05 0.474349 0.0641761
9.999E-05 0.0879498 0.172439 0.0198791 0.116943 0.0597999 0.425243 0.117647
0.034874 0.0886422 0.203088 0.0289289 0.0538143 0.0301796 0.547564 0.0129098
0.0362473 0.0987645 0.396999 0.0631149 0.138911 9.9991E-05 0.253594 0.0122695
0.0676693 0.0425669 0.0887935 0.0717233 0.0970152 0.0353299 0.57243 0.0244722
9.9982E-05 0.039766 0.282213 0.0528532 0.0383291 9.9982E-05 0.532135 0.0545034
0.0700953 0.122381 0.471062 0.00203294 0.079333 9.9982E-05 0.254896 9.9982E-05
0.0178282 0.0683439 0.457743 0.0675035 0.0308249 9.9991E-05 0.295166 0.062491
9.9973E-05 0.132487 0.479771 9.9973E-05 0.134679 9.9973E-05 0.210726 0.0420365
0.875894 9.9955E-05 9.9955E-05 0.0543119 9.9955E-05 9.9955E-05 0.0692944 9.9955E-05
0.865509 9.9964E-05 9.9964E-05 0.0309747 9.9964E-05 0.0140936 0.0890225 9.9964E-05
0.800392 0.0189994 9.9973E-05 0.0830962 9.9973E-05 9.9973E-05 0.0920867 0.00512571
0.731688 9.9964E-05 9.9964E-05 0.0505645 9.9964E-05 9.9964E-05 0.189027 0.0283212
0.0730252 0.199043 0.0370995 9.9973E-05 0.23742 9.9973E-05 0.453112 9.9973E-05
0.0727509 0.221514 0.083736 0.0414704 0.0686951 0.000603096 0.511131 9.9991E-05
0.0243759 0.387803 9.9973E-05 9.9973E-05 0.0131984 0.016911 0.557412 9.9973E-05
0.0300386 0.0838666 0.651408 9.9982E-05 9.9982E-05 0.0220019 0.199741 0.0127433
9.9973E-05 0.597732 9.9973E-05 9.9973E-05 0.0332782 0.044654 0.256311 0.0677243
0.035356 0.216832 0.12631 0.064127 9.9982E-05 9.9982E-05 0.493388 0.0637871
0.0564659 0.159232 9.9964E-05 9.9964E-05 0.0855336 9.9964E-05 0.698369 9.9964E-05
0.0850477 9.9964E-05 0.0365023 9.9964E-05 0.41169 9.9964E-05 0.466361 9.9964E-05
0.0966602 0.0644305 0.0507261 9.9973E-05 0.215442 9.9973E-05 0.572441 9.9973E-05
0.024192 0.632276 0.182319 9.9964E-05 9.9964E-05 9.9964E-05 0.160813 9.9964E-05
0.0279193 9.9991E-05 0.0111906 0.0232619 0.356639 0.0107101 0.569524 0.000655074
0.0655388 0.226502 0.0568334 0.0479811 0.0565965 0.0159314 0.530517 9.9991E-05
0.0798475 0.132078 0.0155967 0.00490583 0.0601122 0.00910966 0.634041 0.06431
9.9964E-05 0.58145 9.9964E-05 9.9964E-05 9.9964E-05 0.0574884 0.335049 0.0256131
0.0773668 0.279319 0.0144107 0.047167 0.0116258 0.00537039 0.56464 9.9991E-05
0.0991301 0.0897449 0.129369 0.0358992 0.050422 0.00679684 0.550557 0.0380816
9.9964E-05 0.691881 9.9964E-05 9.9964E-05 0.0743589 0.0836043 9.9964E-05 0.149756
9.9973E-05 0.0612266 0.587787 9.9973E-05 0.0756452 0.0841691 0.190872 9.9973E-05
9.999E-05 0.210674 0.249237 0.0187666 0.0727541 0.122481 0.144191 0.181796
0.0903979 0.0348287 0.129756 0.0528097 9.9991E-05 0.0834771 0.564652 0.0439796
0.0560912 0.0281682 0.136441 0.0646128 0.0779872 0.0833098 0.538401 0.0149881
0.0470371 0.028344 0.0506162 9.9982E-05 9.9982E-05 0.0997366 0.631268 0.142798
0.112838 0.149381 0.469897 0.00405042 0.053714 0.00221914 0.191599 0.0163023
9.9982E-05 0.0674792 0.299598 9.9982E-05 0.023352 0.00813863 0.553746 0.0474868
0.104473 0.0989709 0.110443 0.0220569 0.00125558 0.0653296 0.597371 9.9991E-05
0.111892 0.0926085 0.247451 0.03839 0.129893 0.0192047 0.360461 9.9991E-05
0.124967 0.106513 0.450303 0.0434753 0.146301 9.9991E-05 0.0936041 0.0347373
0.0428299 0.0152506 0.19776 0.0387888 0.0527144 0.0523382 0.556649 0.0436692
0.0761643 0.0746175 0.229644 9.9991E-05 0.030027 0.0433196 0.504449 0.0416782
0.0604482 0.127992 0.553638 9.9991E-05 0.0990067 0.0152728 0.0991819 0.0443601
9.9973E-05 0.11585 0.378803 9.9973E-05 9.9973E-05 0.0452558 0.431136 0.0286557
0.0274993 0.037674 0.106189 0.0200528 9.9991E-05 0.161417 0.570079 0.0769892
0.0678849 0.0583158 0.167204 9.9991E-05 0.00535706 0.0152638 0.63488 0.050994
0.0529182 0.111156 0.421187 0.0347953 0.0201134 0.0456867 0.262339 0.0518036
0.0654777 0.120954 0.196495 0.00462467 0.0192942 0.0399909 0.522121 0.0310432
0.0678397 0.0237964 0.178566 0.00584856 9.9991E-05 0.0863815 0.601666 0.0358026
0.00782166 0.125902 0.488267 9.9982E-05 9.9982E-05 0.0142762 0.261587 0.101945
0.0214586 0.469875 0.0115272 9.9964E-05 9.9964E-05 9.9964E-05 0.49674 9.9964E-05
0.0318544 0.706874 0.0412848 9.9964E-05 9.9964E-05 9.9964E-05 0.219587 9.9964E-05
0.0797081 0.216214 0.0551752 0.0212855 9.9982E-05 9.9982E-05 0.544506 0.082911
9.9973E-05 0.874966 9.9973E-05 0.00473179 9.9973E-05 0.0675859 0.00197896 0.0504376
9.9964E-05 0.894102 9.9964E-05 9.9964E-05 0.0391654 0.0311508 9.9964E-05 0.0351816
9.9964E-05 0.670145 9.9964E-05 9.9964E-05 9.9964E-05 0.0590283 0.261347 0.00908062
0.0260849 0.436315 0.0566691 9.9964E-05 9.9964E-05 9.9964E-05 0.480531 9.9964E-05
0.0622262 0.147449 0.0776934 0.0543311 0.0450602 0.0220291 0.533085 0.0581257
9.9973E-05 0.452285 9.9973E-05 0.0339329 0.0240897 0.032179 0.457214 9.9973E-05
0.052699 0.614991 0.151753 9.9964E-05 9.9964E-05 9.9964E-05 0.180157 9.9964E-05
9.9964E-05 0.537217 0.161516 9.9964E-05 0.0112635 9.9964E-05 0.289603 9.9964E-05
0.118294 0.242813 0.0684082 0.00557453 0.0138236 9.9991E-05 0.530618 0.0203685
0.0448866 0.533441 0.0643728 9.9964E-05 9.9964E-05 9.9964E-05 0.3569 9.9964E-05
0.0363505 0.446354 0.0510385 9.9964E-05 9.9964E-05 9.9964E-05 0.465857 9.9964E-05
9.9964E-05 0.456422 9.9964E-05 9.9964E-05 9.9964E-05 0.042686 0.480192 0.0203006
9.9955E-05 0.727661 9.9955E-05 9.9955E-05 9.9955E-05 0.103112 9.9955E-05 0.168727
0.011976 0.217918 0.0308415 9.9973E-05 9.9973E-05 9.9973E-05 0.641358 0.0976064
0.849804 9.9964E-05 0.0658618 0.00539422 9.9964E-05 9.9964E-05 0.0785396 9.9964E-05
0.912563 9.9955E-05 9.9955E-05 9.9955E-05 9.9955E-05 9.9955E-05 0.0711152 0.015822
0.836322 9.9973E-05 0.000779324 0.0321081 9.9973E-05 9.9973E-05 0.105239 0.0252525
0.911899 9.9964E-05 9.9964E-05 0.0408033 9.9964E-05 9.9964E-05 0.0157644 0.0311331
0.941858 0.0139467 9.9964E-05 0.0355653 9.9964E-05 0.00823011 9.9964E-05 9.9964E-05
0.856184 9.9973E-05 9.9973E-05 0.0559259 9.9973E-05 0.0168368 0.0668037 0.00394991
0.930137 9.9955E-05 9.9955E-05 0.00927786 9.9955E-05 9.9955E-05 0.0600858 9.9955E-05
0.0339107 0.194126 0.0935545 0.0228222 9.9982E-05 9.9982E-05 0.582493 0.0728932
0.0990971 0.140778 0.00860599 9.9991E-05 0.00725407 0.0166487 0.632808 0.0947081
0.0546099 0.677229 0.198043 9.9973E-05 9.9973E-05 0.0058965 0.0639218 9.9973E-05
0.13202 0.126276 0.101268 9.9982E-05 9.9982E-05 0.0466709 0.590503 0.00306205
0.0207657 0.420248 0.129089 9.9964E-05 9.9964E-05 9.9964E-05 0.429497 9.9964E-05
0.0623072 0.388034 0.0258428 9.9973E-05 0.0206813 9.9973E-05 0.502834 9.9973E-05
0.0212225 0.267162 9.9991E-05 0.014723 0.076305 0.0837085 0.526975 0.00980419
0.0328955 0.364568 9.9973E-05 0.0331991 9.9973E-05 0.0681296 0.500907 9.9973E-05
0.0505993 0.686324 0.234562 9.9964E-05 9.9964E-05 9.9964E-05 0.0281152 9.9964E-05
0.112953 0.166293 0.062406 0.00593824 0.0282961 0.0882737 0.515718 0.0201209
0.0772328 0.113327 0.0527816 9.9982E-05 0.0568285 9.9982E-05 0.651101 0.0485296
0.146991 0.0783368 0.0618769 0.00399271 0.000560013 0.100523 0.592526 0.0151934
9.9982E-05 0.504548 0.0198283 9.9982E-05 0.0961909 0.0448264 0.264405 0.0700021
9.9964E-05 0.415328 9.9964E-05 0.00620004 9.9964E-05 0.0725249 0.505548 9.9964E-05
0.00153661 0.364042 0.141519 9.9964E-05 9.9964E-05 9.9964E-05 0.492502 9.9964E-05
9.9964E-05 0.522236 9.9964E-05 9.9964E-05 0.0171987 0.068448 0.391717 9.9964E-05
0.0369181 0.347533 0.152857 9.9973E-05 0.00552117 9.9973E-05 0.45687 9.9973E-05
0.0836096 0.174893 0.0810054 0.064978 0.042147 0.0282723 0.484247 0.0408477
9.9982E-05 0.00878407 0.374148 0.0168887 9.9982E-05 0.121125 0.301914 0.17694
0.0616994 9.9973E-05 0.377137 9.9973E-05 0.117577 9.9973E-05 0.43052 0.012767
0.120686 0.0318018 0.172281 0.0641846 0.00392309 0.0668618 0.533059 0.00720215
0.0801867 0.0801416 0.125507 0.00224701 0.0234258 0.064734 0.59884 0.0249176
0.0086326 0.0513948 0.347954 9.9982E-05 9.9982E-05 0.0157249 0.515604 0.0604896
0.00123557 9.9991E-05 0.225692 0.0241439 0.0656586 0.0202196 0.607718 0.0552333
0.0555107 9.9973E-05 0.422794 9.9973E-05 9.9973E-05 0.0368982 0.476408 0.00808976
0.037015 0.0775759 0.149531 9.9991E-05 0.0106203 0.0181914 0.56161 0.145357
0.0687713 9.9982E-05 0.18756 0.0309943 9.9982E-05 0.0473785 0.599151 0.0659449
0.0187508 0.0191126 0.243713 9.9991E-05 0.0524144 0.0438982 0.604487 0.0175243
0.00147803 0.015948 0.271846 9.9982E-05 0.0782299 0.0470147 0.585283 9.9982E-05
0.00624232 0.00720839 0.119324 0.0636437 0.0418777 0.0892655 0.6052 0.0672392
0.112205 0.0108899 0.109722 0.0230041 0.066949 0.0204964 0.582641 0.0740933
9.9982E-05 0.0968962 0.166316 0.03416 9.9982E-05 0.0480497 0.587791 0.0665867
0.0270228 9.9991E-05 0.135555 0.0370893 0.0464955 0.118729 0.58167 0.0533388
0.0105274 0.0290831 0.177393 0.0204491 0.0456777 0.0964361 0.612346 0.00808681
0.00527589 0.0460447 0.228824 9.9991E-05 0.0834392 0.0872069 0.381066 0.168044
0.0388012 0.0588305 0.146121 0.00552761 9.9991E-05 0.0326641 0.654888 0.0630682
0.0448903 9.9973E-05 0.122081 9.9973E-05 0.0796228 0.111529 0.641578 9.9973E-05
0.0154137 0.0683812 0.571248 9.9991E-05 0.0289128 0.0266389 0.240901 0.0484042
9.9982E-05 0.104855 0.332525 9.9982E-05 0.0124792 0.209741 0.161765 0.178435
0.0573641 0.0443508 0.220437 0.0278276 0.079661 0.0778948 0.492365 9.9991E-05
9.9982E-05 0.15291 0.334344 9.9982E-05 0.0634342 0.246229 0.0664865 0.136397
9.9973E-05 0.0546037 0.547999 9.9973E-05 9.9973E-05 0.0328676 0.363831 0.000398225
9.9964E-05 0.0870006 0.432825 9.9964E-05 9.9964E-05 0.046971 0.432804 9.9964E-05
0.0229286 0.110613 0.467207 9.9973E-05 9.9973E-05 9.9973E-05 0.38381 0.0151416
9.9973E-05 0.0646765 0.483446 9.9973E-05 0.0669823 0.0201332 0.364462 9.9973E-05
0.0335632 0.037486 0.196422 0.00877768 0.0430135 0.0332837 0.594846 0.0526083
0.0853186 0.0188846 0.157065 9.9991E-05 0.0488701 0.0516535 0.566712 0.0713963
0.0472994 9.99753E-05 0.224056 9.99753E-05 9.99753E-05 0.0841938 0.612188 0.0319623
9.9973E-05 0.126256 0.350518 9.9973E-05 9.9973E-05 0.176446 0.188101 0.158378
0.140365 0.0471277 0.113682 0.0251525 0.155669 0.0510817 0.466822 9.9991E-05
0.0156408 0.0204337 0.0447192 9.9991E-05 0.202325 0.0632242 0.504488 0.149069
9.9973E-05 0.152961 0.0430364 9.9973E-05 0.321542 0.145909 9.9973E-05 0.336251
0.0655814 0.081077 0.0248469 0.017731 0.140246 0.0237736 0.63453 0.012214
0.0549375 0.107871 0.0639715 0.0208274 0.310905 0.119237 0.247098 0.0751511
0.070281 0.0108078 0.0150725 0.0151827 0.126488 0.10252 0.522449 0.137199
0.00169329 0.0522349 0.140294 9.9991E-05 0.367381 0.0934337 0.159195 0.185668
9.9982E-05 0.132754 0.130922 9.9982E-05 0.3507 0.144772 0.0355864 0.205065
0.0224233 0.0662508 0.0719981 9.9991E-05 0.237123 0.0957704 0.390953 0.115382
0.0670331 0.133439 0.0726737 0.0525161 0.112346 0.00621147 0.466498 0.0892829
0.107696 0.033843 0.121245 9.9991E-05 0.0834852 0.0384619 0.473856 0.141313
9.9991E-05 0.206736 0.12007 0.0292409 0.105781 0.171436 0.105043 0.261593
0.0722264 0.0514929 0.0825045 0.0557594 0.0587729 0.10246 0.518115 0.0586686
9.9982E-05 0.115506 0.0595011 9.9982E-05 0.312 0.144529 0.25783 0.110435
9.9982E-05 0.107539 0.0713378 9.9982E-05 0.176745 0.129876 0.393003 0.1213
0.0718359 0.0751766 0.0179806 0.0125577 0.123968 0.0246553 0.570996 0.102829
0.287345 9.9973E-05 9.9973E-05 0.176504 0.116572 9.9973E-05 0.179919 0.23936
0.307651 9.9964E-05 9.9964E-05 0.0706332 0.0441891 9.9964E-05 9.9964E-05 0.577127
0.297426 9.9973E-05 9.9973E-05 0.0779265 0.0861301 0.00393338 9.9973E-05 0.534284
0.245723 9.9982E-05 0.0154131 0.201095 0.111515 9.9982E-05 0.111514 0.314539
9.9973E-05 0.102337 0.000207637 9.9973E-05 0.291822 0.0747805 0.530553 9.9973E-05
0.0436817 0.0939556 0.0558127 9.9982E-05 0.143759 9.9982E-05 0.570531 0.0920604
9.9964E-05 9.9964E-05 0.0338296 0.670168 9.9964E-05 0.000140077 0.295462 9.9964E-05
0.0333388 0.0101697 0.0973264 0.436724 9.9982E-05 0.0321713 0.39007 9.9982E-05
0.0938407 0.0381072 0.119738 0.360088 0.0209576 9.9982E-05 0.367068 9.9982E-05
9.9991E-05 0.0656388 0.0304835 0.0130901 0.447942 0.183885 0.18015 0.0787103
0.0772854 0.0886845 0.151483 0.0165994 0.0936158 0.064702 0.437836 0.0697938
9.9982E-05 0.0275418 0.0608895 9.9982E-05 0.569347 0.151217 0.146418 0.0443858
0.0265536 0.0229939 9.9982E-05 9.9982E-05 0.261398 0.0912643 0.5329 0.0646906
9.9973E-05 9.9973E-05 0.0716265 9.9973E-05 0.287068 0.131462 0.442091 0.0674527
9.9964E-05 9.9964E-05 9.9964E-05 9.9964E-05 0.345691 0.0980345 0.520918 0.0349568
9.9973E-05 0.107776 9.9973E-05 9.9973E-05 0.526162 0.132588 0.121671 0.111503
0.0170785 0.0449043 9.9982E-05 0.0209674 0.222998 0.0385111 0.655341 9.9982E-05
0.107503 0.0340528 0.00773032 9.9991E-05 0.182816 0.0481283 0.566086 0.0535831
9.9964E-05 0.0121477 9.9964E-05 0.976005 9.9964E-05 0.00770832 0.00373943 9.9964E-05
9.9955E-05 9.9955E-05 9.9955E-05 0.895467 9.9955E-05 0.0505257 0.0535079 9.9955E-05
0.052543 0.021732 0.0334302 0.528394 0.0199827 0.0468987 0.29692 9.9991E-05
9.9964E-05 9.9964E-05 0.0387096 0.595862 9.9964E-05 0.00159314 0.363436 9.9964E-05
9.9964E-05 0.0296486 0.0332953 0.797384 9.9964E-05 9.9964E-05 0.139272 9.9964E-05
9.994E-05 9.994E-05 9.994E-05 0.9993 9.994E-05 9.994E-05 9.994E-05 9.994E-05
9.9964E-05 9.9964E-05 0.0243465 0.962401 9.9964E-05 0.00768643 0.00516626 9.9964E-05
9.9946E-05 9.9946E-05 9.9946E-05 0.837391 9.9946E-05 9.9946E-05 0.162009 9.9946E-05
9.9946E-05 9.9946E-05 0.0596178 0.939783 9.9946E-05 9.9946E-05 9.9946E-05 9.9946E-05
9.994E-05 9.994E-05 9.994E-05 0.9993 9.994E-05 9.994E-05 9.994E-05 9.994E-05
9.994E-05 9.994E-05 9.994E-05 0.9993 9.994E-05 9.994E-05 9.994E-05 9.994E-05
0.0111829 9.9964E-05 9.9964E-05 0.774554 0.00750539 9.9964E-05 0.206358 9.9964E-05
0.0371215 9.9973E-05 0.0103637 0.78361 9.9973E-05 9.9973E-05 0.134476 0.0341284
9.994E-05 9.994E-05 9.994E-05 0.9993 9.994E-05 9.994E-05 9.994E-05 9.994E-05
0.0637585 0.0749625 0.0514579 0.398816 0.0200769 0.0240898 0.308036 0.0588024
0.03479 0.0140823 0.0147144 0.647468 0.0279736 9.9982E-05 0.260771 9.9982E-05
0.0203961 0.0188415 9.9964E-05 0.819054 9.9964E-05 9.9964E-05 0.141309 9.9964E-05
9.9973E-05 0.00412217 0.0256378 0.926627 0.00244923 9.9973E-05 0.0408638 9.9973E-05
9.994E-05 9.994E-05 9.994E-05 0.9993 9.994E-05 9.994E-05 9.994E-05 9.994E-05
0.00256976 9.9955E-05 9.9955E-05 0.94119 9.9955E-05 9.9955E-05 0.0557408 9.9955E-05
9.994E-05 9.994E-05 9.994E-05 0.9993 9.994E-05 9.994E-05 9.994E-05 9.994E-05
0.0624123 0.0218494 0.0117879 0.635252 0.00699796 0.0159462 0.245654 9.9991E-05
0.00120971 0.031609 9.9955E-05 0.966681 9.9955E-05 9.9955E-05 9.9955E-05 9.9955E-05
0.148304 9.9964E-05 9.9964E-05 9.9964E-05 0.500205 0.032158 9.9964E-05 0.318933
0.127078 0.00956382 0.0635085 0.132952 0.288366 0.0125011 0.282646 0.0833847
0.115535 9.9982E-05 9.9982E-05 0.0545084 0.296661 0.0432854 0.401819 0.0879911
0.124369 9.9982E-05 9.9982E-05 0.107853 0.462141 0.0140272 0.122964 0.168447
0.0993614 0.0844738 0.0882277 0.166466 0.148959 0.0333503 0.341283 0.037879
0.156015 0.00372986 9.9991E-05 0.120621 0.495527 0.0169709 0.0361668 0.170869
0.10751 0.0107197 0.0649838 0.103746 0.184909 0.0262434 0.394025 0.107863
0.105969 9.9973E-05 9.9973E-05 0.103174 0.404197 9.9973E-05 0.242551 0.14381
0.11255 9.9982E-05 9.9982E-05 0.0815539 0.198722 0.00574163 0.460742 0.14049
0.11077 0.0231266 9.9982E-05 0.13565 0.336763 9.9982E-05 0.284658 0.108833
0.159817 0.0612651 0.0472515 0.117371 0.159058 9.9991E-05 0.388571 0.0665662
0.896246 9.9964E-05 9.9964E-05 9.9964E-05 0.0584713 9.9964E-05 0.0422666 0.00261623
0.886622 9.9964E-05 9.9964E-05 0.0775008 9.9964E-05 0.0183684 9.9964E-05 0.0171092
0.918232 9.9964E-05 0.00878503 9.9964E-05 9.9964E-05 9.9964E-05 0.0238473 0.048736
0.940253 9.9946E-05 9.9946E-05 9.9946E-05 9.9946E-05 9.9946E-05 9.9946E-05 0.0591478
0.903242 9.9964E-05 0.0113138 9.9964E-05 9.9964E-05 9.9964E-05 0.0588522 0.026192
0.915478 9.9973E-05 9.9973E-05 0.0154983 9.9973E-05 0.00117333 0.0084485 0.0591021
0.929211 9.9973E-05 0.00569794 0.017117 9.9973E-05 9.9973E-05 0.0470571 0.000617268
0.937756 9.9964E-05 0.025628 9.9964E-05 9.9964E-05 0.0147661 9.9964E-05 0.0214499
0.872333 0.0142114 0.0047354 0.0375919 0.0244423 9.9991E-05 0.00768833 0.0388975
0.840304 9.9964E-05 0.0264416 9.9964E-05 9.9964E-05 9.9964E-05 0.0137643 0.11909
0.593741 0.062722 0.253606 9.9982E-05 0.0577788 0.00313408 9.9982E-05 0.0288175
0.600719 0.0208752 0.31659 9.9982E-05 0.0301318 0.0179988 9.9982E-05 0.0134857
0.517937 0.0511467 0.313983 9.9973E-05 0.0678146 9.9973E-05 9.9973E-05 0.0488181
0.46763 0.0268268 0.358606 9.9964E-05 0.146537 9.9964E-05 9.9964E-05 9.9964E-05
0.0702682 0.246885 0.170004 9.9964E-05 9.9964E-05 9.9964E-05 0.512443 9.9964E-05
0.0360727 0.278613 0.117329 0.0447866 9.9982E-05 0.0288984 0.494101 9.9982E-05
0.0415754 0.15703 0.186815 9.9982E-05 0.028984 0.0141176 0.571278 9.9982E-05
0.0428841 0.291967 0.28136 9.9982E-05 0.00103351 9.9982E-05 0.361881 0.020675
9.9982E-05 0.0881318 0.597794 0.0166261 0.0375052 0.0438754 0.215868 9.9982E-05
0.0283726 0.166704 0.0876377 9.9982E-05 0.0261202 0.0432801 0.647685 9.9982E-05
9.9973E-05 0.266926 0.0826332 0.00648748 9.9973E-05 0.0270839 0.616569 9.9973E-05
9.9982E-05 0.296071 0.0296364 9.9982E-05 0.0227962 0.0725226 0.543545 0.0352281
9.9955E-05 0.558174 9.9955E-05 9.9955E-05 9.9955E-05 0.0572249 0.384101 9.9955E-05
0.00770003 0.159427 0.0451993 9.9991E-05 0.0446914 0.0448723 0.652439 0.0455706
0.0142882 0.448039 0.0697625 9.9964E-05 9.9964E-05 9.9964E-05 0.46751 9.9964E-05
9.9946E-05 0.831306 9.9946E-05 9.9946E-05 9.9946E-05 0.168094 9.9946E-05 9.9946E-05
0.0456326 0.137364 0.163352 9.9982E-05 9.9982E-05 0.0365081 0.585211 0.0317326
9.9973E-05 0.679246 9.9973E-05 9.9973E-05 0.0239747 0.100047 0.14619 0.0502434
0.0363565 0.350874 0.0396324 9.9991E-05 0.022912 0.00184511 0.543692 0.00458812
0.00600711 0.643777 0.176599 9.9964E-05 9.9964E-05 9.9964E-05 0.173217 9.9964E-05
0.147349 9.9955E-05 0.724288 9.9955E-05 0.127863 9.9955E-05 9.9955E-05 9.9955E-05
0.113625 9.9973E-05 0.65806 9.9973E-05 0.178289 0.011529 0.0381976 9.9973E-05
0.0911187 9.9955E-05 0.694943 9.9955E-05 0.213439 9.9955E-05 9.9955E-05 9.9955E-05
0.115645 9.9955E-05 0.71242 9.9955E-05 0.171435 9.9955E-05 9.9955E-05 9.9955E-05
0.0520999 9.9973E-05 0.683947 0.0015116 0.195341 9.9973E-05 0.0667998 9.9973E-05
0.0627689 9.9973E-05 0.669116 0.036672 0.193735 9.9973E-05 0.0374079 9.9973E-05
0.865226 0.0539762 9.9973E-05 0.0717893 9.9973E-05 9.9973E-05 0.00491323 0.0037953
0.825789 0.0106656 9.9973E-05 0.000729255 9.9973E-05 9.9973E-05 0.119399 0.0431172
0.793803 0.0177059 0.00047575 0.0362082 9.9991E-05 0.00308247 0.131534 0.0170911
0.832058 0.0449861 0.0194104 0.0907721 0.0124738 9.9973E-05 9.9973E-05 9.9973E-05
0.748973 9.9982E-05 0.0068391 0.0826952 0.0415338 9.9982E-05 0.103607 0.0161515
0.399192 9.9955E-05 0.482843 9.9955E-05 0.117465 9.9955E-05 9.9955E-05 9.9955E-05
0.43378 9.9964E-05 0.445368 9.9964E-05 0.106059 0.0143924 9.9964E-05 9.9964E-05
0.437049 9.9973E-05 0.473624 0.00818112 0.0513171 0.0295282 9.9973E-05 9.9973E-05
0.86688 0.00258964 0.00676966 0.0100435 9.9982E-05 0.0176914 0.0958256 9.9982E-05
0.396338 9.9964E-05 0.512224 9.9964E-05 0.0632002 0.0278379 9.9964E-05 9.9964E-05
0.184009 9.9982E-05 9.9982E-05 0.2434 0.0126094 0.00550075 0.31647 0.237811
0.082848 9.9973E-05 0.0312188 0.163402 9.9973E-05 9.9973E-05 0.596899 0.125332
0.189334 9.9964E-05 9.9964E-05 0.233772 9.9964E-05 9.9964E-05 0.558943 0.0175512
0.20334 9.9982E-05 9.9982E-05 0.230325 0.0837865 0.0100082 0.340013 0.132327
0.126818 0.00525642 0.0607275 0.117538 0.104559 0.0590282 0.460017 0.0660556
0.311683 9.9973E-05 9.9973E-05 0.243612 0.0346651 0.016637 9.9973E-05 0.393103
0.00315278 0.0351966 0.388125 9.9982E-05 0.085479 0.0388036 0.449043 9.9982E-05
9.9982E-05 0.0525571 0.228449 9.9982E-05 0.0475048 0.185678 0.411629 0.0739823
9.9973E-05 0.0417546 0.544852 9.9973E-05 0.0566137 0.0291445 0.327336 9.9973E-05
9.9982E-05 0.0463124 0.187685 9.9982E-05 0.0569834 0.220688 0.486088 0.00204336
9.9973E-05 0.160924 0.320649 9.9973E-05 0.0594758 0.322144 9.9973E-05 0.136507
0.0873765 0.0378303 0.169336 9.9982E-05 0.0535078 9.9982E-05 0.601954 0.0497961
9.9991E-05 0.0599067 0.196857 0.0194649 0.0371572 0.123755 0.504511 0.0582477
0.0220846 0.0577049 0.438353 9.9991E-05 0.0832259 0.00413263 0.358205 0.0361944
0.0372027 0.0889055 0.1745 0.0688858 0.0603222 0.0329423 0.504703 0.0325384
9.9982E-05 0.179269 0.298487 9.9982E-05 0.104925 0.130918 0.139302 0.1469
0.0194748 0.0824886 0.173835 9.9991E-05 0.0436886 0.0764444 0.557245 0.0467235
9.9982E-05 0.0557714 0.326618 9.9982E-05 0.042262 0.00156824 0.541764 0.0318165
0.0906879 0.103553 0.0625926 0.0860062 9.9991E-05 0.0512953 0.455058 0.150707
9.9973E-05 0.151771 0.217599 9.9973E-05 9.9973E-05 0.177043 0.324831 0.128455
9.9982E-05 0.0886571 0.21457 9.9982E-05 0.0172748 0.134067 0.439584 0.105647
9.9982E-05 0.0651781 0.162967 9.9982E-05 0.0270649 0.115899 0.603565 0.0251257
9.9982E-05 0.0719225 0.18965 9.9982E-05 0.0293292 0.10518 0.529238 0.0744801
0.00338583 0.0359324 0.139311 0.0355495 0.0640958 0.0409075 0.625286 0.0555314
0.0472936 0.0794842 0.176642 0.0481822 0.0220556 0.0317608 0.536047 0.0585352
0.0615237 0.0681652 0.180245 0.00924919 9.9991E-05 0.0299069 0.559745 0.0910646
0.853137 9.9955E-05 9.9955E-05 0.0261269 9.9955E-05 9.9955E-05 0.120236 9.9955E-05
0.885484 9.9955E-05 9.9955E-05 9.9955E-05 9.9955E-05 0.00647414 0.107542 9.9955E-05
0.890047 9.9964E-05 9.9964E-05 9.9964E-05 0.03794 0.0327062 0.038907 9.9964E-05
0.90836 0.020699 9.9964E-05 0.067034 9.9964E-05 0.00350715 9.9964E-05 9.9964E-05
0.908913 9.9946E-05 9.9946E-05 9.9946E-05 9.9946E-05 9.9946E-05 0.0904869 9.9946E-05
9.9982E-05 0.0967867 0.580557 0.0102473 0.0379492 9.9982E-05 0.173591 0.100669
0.0478857 0.0626333 0.14985 0.00712892 9.9991E-05 0.0995337 0.529298 0.10357
0.155712 9.9991E-05 0.0331242 0.190207 0.048421 0.0449578 0.425333 0.102145
9.9991E-05 0.0139458 0.227443 0.0198348 0.0368939 0.0195024 0.659462 0.0228175
9.9964E-05 0.0650802 0.364562 9.9964E-05 9.9964E-05 9.9964E-05 0.52448 0.0454779
9.9982E-05 0.120601 0.277506 9.9982E-05 0.0119398 0.154053 0.270698 0.165003
0.0512959 0.100205 0.734752 9.9982E-05 9.9982E-05 0.0140194 0.0313538 0.0681748
0.0509085 0.070891 0.333541 9.9973E-05 9.9973E-05 9.9973E-05 0.503713 0.0406467
0.029434 0.0403656 0.584394 0.0458338 0.00408535 0.0225903 0.253546 0.0197508
0.022914 0.0996916 0.220083 9.9991E-05 0.0136211 0.085224 0.464638 0.0937284
0.0664642 9.9973E-05 0.626446 9.9973E-05 9.9973E-05 0.0726135 0.167777 0.0663997
0.0471184 9.9982E-05 0.254832 0.063935 9.9982E-05 0.0591666 0.556305 0.0184435
0.040913 0.152178 0.563316 0.0431853 9.9991E-05 0.0146302 0.139333 0.0463448
9.9982E-05 0.114619 0.293977 0.0676314 9.9982E-05 0.133788 0.2565 0.133284
0.0320923 0.0022338 0.115484 0.00552721 0.300413 0.0324224 0.461443 0.0503853
9.9982E-05 0.055828 0.0595648 9.9982E-05 0.533191 0.118497 0.210394 0.0223262
0.0176091 0.05054 0.00955555 0.0505985 0.36458 0.0621568 0.4338 0.0111592
0.0896474 0.0147113 0.0628457 9.9982E-05 0.266442 9.9982E-05 0.552854 0.0132998
9.9982E-05 0.0841631 0.0295761 9.9982E-05 0.586699 0.0835588 0.151954 0.0638491
0.073129 0.0996587 0.0484786 0.0294878 0.205541 0.0741004 0.449434 0.0201709
0.0270787 0.0409442 0.0172496 9.9991E-05 0.324733 0.122081 0.431132 0.0366818
9.9973E-05 0.109648 9.9973E-05 9.9973E-05 0.589916 0.215598 0.0359432 0.0485951
9.9982E-05 0.0557378 0.00732005 9.9982E-05 0.707982 0.128666 0.0555741 0.0445193
9.9982E-05 0.0470244 0.0569045 9.9982E-05 0.435677 0.051282 0.359826 0.049086
9.9973E-05 0.188291 0.00176182 9.9973E-05 0.624946 0.152291 9.9973E-05 0.0324102
9.9973E-05 0.0580149 0.0563403 9.9973E-05 0.440202 0.0929193 0.352224 9.9973E-05
9.9973E-05 0.0947962 0.665621 0.014493 9.9973E-05 9.9973E-05 0.179952 0.0448378
9.9982E-05 0.0413209 0.349509 0.0348534 9.9982E-05 0.251257 0.204317 0.118542
0.0544795 0.035611 0.399895 0.0282805 9.9991E-05 0.0196393 0.437506 0.0244882
9.9982E-05 0.0875689 0.236333 0.0302854 0.00337894 9.9982E-05 0.558837 0.0833967
9.9964E-05 0.0947965 0.602248 9.9964E-05 9.9964E-05 9.9964E-05 0.274984 0.0275721
0.0402905 0.0943855 0.130275 0.0189014 9.9991E-05 0.0296293 0.548692 0.137726
0.00396915 0.00434548 0.280976 0.0200684 9.9991E-05 0.0301728 0.576678 0.0836901
9.9982E-05 0.0281866 0.218852 0.00341856 9.9982E-05 0.0786383 0.587254 0.0834499
0.0071983 0.0461562 0.285724 0.0188096 0.0298135 0.0244512 0.53916 0.0486878
0.0200757 0.00380098 0.457468 0.0105059 9.9973E-05 9.9973E-05 0.50785 9.9973E-05
9.9964E-05 0.108261 0.494693 9.9964E-05 9.9964E-05 9.9964E-05 0.335474 0.0611714
9.9982E-05 0.0129278 0.468637 0.0357005 9.9982E-05 0.0549691 0.426065 0.00150126
9.9973E-05 0.0330224 0.239675 9.9973E-05 9.9973E-05 0.039112 0.580879 0.107011
0.0176271 0.0829163 0.128822 0.0582897 9.9991E-05 0.0271099 0.593388 0.0917472
9.9982E-05 0.105392 0.267179 0.0644556 9.9982E-05 0.0812135 0.342884 0.138677
9.9982E-05 0.0809369 0.230417 0.0710064 9.9982E-05 0.0563291 0.493032 0.0680792
0.00208394 0.100329 0.451205 0.0626174 9.9973E-05 9.9973E-05 0.383464 9.9973E-05
0.0130504 0.0441394 0.254028 0.0153748 9.9991E-05 0.0489765 0.560458 0.0638728
0.0433361 0.0620411 0.330436 0.0559766 9.9991E-05 0.0220051 0.477159 0.00894622
0.0618455 0.0423814 0.192126 0.0187201 0.0524056 9.9991E-05 0.566697 0.0657246
0.319412 9.9991E-05 0.0288568 0.0635289 0.00341511 0.0138352 0.468379 0.102473
0.0640144 9.9982E-05 0.0432115 0.0782114 9.9982E-05 0.0412948 0.590157 0.182911
0.138021 0.0315309 0.0627946 0.0911009 9.9991E-05 0.0410194 0.53741 0.0980229
0.0982646 0.00503194 0.0729696 0.0913412 0.0143217 0.0457158 0.550195 0.12216
0.136158 0.0568481 9.9982E-05 0.126567 9.9982E-05 0.00284379 0.502668 0.174716
9.9982E-05 0.0428225 0.174446 9.9982E-05 0.059898 0.192685 0.493868 0.0360815
0.140075 0.044218 0.105409 0.12851 0.0405987 9.9991E-05 0.500709 0.0403807
0.0940053 0.103117 0.108291 0.104178 0.0560734 0.052128 0.0902217 0.391986
0.0671153 0.0144693 0.0818577 0.0761702 9.9991E-05 0.0380189 0.608746 0.113522
0.0779259 0.0367385 0.066449 0.119753 9.9991E-05 0.0105452 0.550689 0.137799
0.0936312 0.0534254 0.0155893 0.120442 0.0739622 0.0470361 0.509085 0.0868287
0.127918 0.0441966 0.0857978 0.0237862 9.9991E-05 0.0999548 0.367708 0.250538
0.154728 9.9982E-05 0.0274149 0.0744971 0.0383169 9.9982E-05 0.599372 0.105471
0.0979809 9.9991E-05 0.0267407 0.120309 0.0216349 0.0561108 0.547163 0.129961
0.30224 0.0136451 9.9973E-05 0.0452208 9.9973E-05 0.00321988 9.9973E-05 0.635374
0.138715 0.0540719 0.0551025 0.0841884 0.0530449 9.9991E-05 0.559244 0.0555326
0.137468 9.9982E-05 9.9982E-05 0.145073 0.0342486 0.0455043 0.539786 0.0977208
0.0439653 9.9991E-05 0.0716962 0.0643014 0.0404757 0.0626244 0.626078 0.0907593
0.150575 9.9973E-05 9.9973E-05 0.169153 9.9973E-05 0.0105648 0.545949 0.123459
0.183109 0.00887892 0.0591865 0.0748896 0.101617 9.9991E-05 0.534272 0.0379477
0.0406915 0.0390852 9.9973E-05 9.9973E-05 0.0423385 0.471129 0.406456 9.9973E-05
0.058764 0.100701 0.0433278 0.0260734 0.0511657 0.209449 0.510419 9.9991E-05
9.9955E-05 0.0381464 0.0575419 9.9955E-05 9.9955E-05 0.903812 9.9955E-05 9.9955E-05
0.00770559 9.9955E-05 0.0395675 9.9955E-05 9.9955E-05 0.952227 9.9955E-05 9.9955E-05
0.0986044 0.037322 0.030706 9.9991E-05 0.0524277 0.284902 0.478358 0.0175797
0.108112 9.9982E-05 9.9982E-05 0.285632 0.0964628 0.0761515 0.340615 0.0928272
0.12725 9.9973E-05 9.9973E-05 0.220312 9.9973E-05 0.173447 0.352566 0.126125
0.120496 9.9973E-05 9.9973E-05 0.272221 9.9973E-05 0.241811 0.177537 0.187634
0.119751 9.9973E-05 9.9973E-05 0.208689 9.9973E-05 0.172259 0.359135 0.139866
0.0947822 9.9982E-05 9.9982E-05 0.0128926 0.00149319 0.727551 0.0609614 0.10212
0.0816499 9.9973E-05 9.9973E-05 0.0743447 9.9973E-05 0.696171 0.0679214 0.0796132
0.017756 9.9973E-05 9.9973E-05 0.0459966 0.036382 0.354523 0.545042 9.9973E-05
0.0634956 9.9964E-05 9.9964E-05 0.101629 9.9964E-05 0.480581 0.353895 9.9964E-05
0.0711336 9.9973E-05 9.9973E-05 0.0454493 9.9973E-05 0.69891 0.173159 0.0110481
0.0893062 9.9982E-05 0.0415424 0.0458852 0.0137829 0.279122 0.530162 9.9982E-05
0.0248195 9.9973E-05 0.0278098 0.0550655 9.9973E-05 0.324701 0.567305 9.9973E-05
0.0856183 0.0335673 0.0262119 0.0574439 0.0729302 0.278559 0.44557 9.9991E-05
0.0217766 0.00773666 9.9964E-05 9.9964E-05 9.9964E-05 0.656937 0.31315 9.9964E-05
0.0225719 0.0183019 0.0447867 9.9982E-05 0.0661165 0.464602 0.383421 9.9982E-05
0.0438532 0.0774486 9.9982E-05 0.0127448 0.0334348 0.337139 0.495179 9.9982E-05
0.0390003 9.9982E-05 0.066183 0.0249966 0.0929285 0.342328 0.434363 9.9982E-05
0.0827182 0.0431998 0.0348271 0.0576782 0.0533471 0.220223 0.476627 0.0313793
9.9964E-05 0.0553517 9.9964E-05 9.9964E-05 0.101784 0.43761 0.404855 9.9964E-05
0.0248411 0.00432737 0.0116965 9.9973E-05 9.9973E-05 0.805357 0.153478 9.9973E-05
0.0175204 9.9955E-05 9.9955E-05 9.9955E-05 9.9955E-05 0.394667 0.587312 9.9955E-05
9.9964E-05 9.9964E-05 0.070785 0.0140005 9.9964E-05 0.787902 0.126913 9.9964E-05
0.0216214 9.9964E-05 0.00644317 9.9964E-05 9.9964E-05 0.543448 0.428088 9.9964E-05
0.0836309 0.0484667 9.9982E-05 9.9982E-05 0.0651328 0.296937 0.504757 0.000875988
0.0401448 0.0760843 0.0654945 0.0409971 0.0211911 0.292417 0.463571 9.9991E-05
0.205234 9.9982E-05 0.0227873 0.113249 0.101591 0.0820523 0.474887 9.9982E-05
0.135543 0.0451107 0.00678747 0.161821 0.109967 0.137585 0.403086 9.9991E-05
0.188851 9.9982E-05 9.9982E-05 0.230885 0.100157 0.0751787 0.302957 0.101771
0.166279 0.011675 9.9991E-05 0.220682 0.0773253 0.171136 0.291531 0.0612718
0.134136 0.0439138 0.0449174 0.161102 0.0725398 0.0333601 0.456346 0.0536838
0.121112 0.0218808 9.9991E-05 0.121907 0.061778 0.148059 0.432267 0.092896
0.141475 9.9964E-05 9.9964E-05 0.096419 9.9964E-05 0.661505 9.9964E-05 0.100201
0.0817535 9.9982E-05 9.9982E-05 0.205241 0.0480671 0.13119 0.517218 0.0163305
0.240012 9.9964E-05 9.9964E-05 0.0598853 9.9964E-05 0.380906 9.9964E-05 0.318797
0.0649573 9.9964E-05 9.9964E-05 0.12964 9.9964E-05 0.300767 0.504236 9.9964E-05
9.9946E-05 9.9946E-05 9.9946E-05 9.9946E-05 9.9946E-05 0.926028 0.0733728 9.9946E-05
9.9946E-05 0.0538235 9.9946E-05 9.9946E-05 9.9946E-05 0.945577 9.9946E-05 9.9946E-05
9.9955E-05 9.9955E-05 0.000559693 9.9955E-05 9.9955E-05 0.556289 0.442652 9.9955E-05
0.0245397 9.9955E-05 9.9955E-05 9.9955E-05 9.9955E-05 0.432973 0.541988 9.9955E-05
9.9946E-05 9.9946E-05 9.9946E-05 9.9946E-05 9.9946E-05 0.638583 0.360817 9.9946E-05
9.9955E-05 0.0333747 9.9955E-05 9.9955E-05 9.9955E-05 0.42867 0.537456 9.9955E-05
9.9946E-05 9.9946E-05 9.9946E-05 9.9946E-05 9.9946E-05 0.489054 0.510346 9.9946E-05
0.867925 0.0242154 0.0620627 0.0197967 9.9991E-05 0.00910606 0.00588507 0.0109092
0.736982 0.00788575 0.0619865 0.0775298 0.0225648 0.0234439 0.0196087 0.049999
0.947271 9.9964E-05 9.9964E-05 0.0269328 9.9964E-05 0.0198514 0.00554479 9.9964E-05
0.917391 9.9955E-05 9.9955E-05 9.9955E-05 9.9955E-05 9.9955E-05 0.0265575 0.0555513
0.0419787 0.327303 9.9991E-05 0.0121081 0.0199409 0.0183486 0.541987 0.0382332
0.0246767 0.294755 0.0960775 0.00400628 0.00726092 9.9991E-05 0.556696 0.0164282
0.0241144 0.442773 0.0115937 9.9964E-05 9.9964E-05 9.9964E-05 0.521119 9.9964E-05
0.0556262 0.220525 0.0655082 0.0139452 0.0978835 9.9982E-05 0.546312 9.9982E-05
0.0946428 0.124204 0.0526464 9.9982E-05 0.194529 0.0106237 0.523154 9.9982E-05
0.069477 0.561834 0.0718835 9.9964E-05 9.9964E-05 9.9964E-05 0.296406 9.9964E-05
0.0244546 0.317679 0.0204105 9.9973E-05 9.9973E-05 0.00134716 0.635809 9.9973E-05
9.9973E-05 0.590078 9.9973E-05 9.9973E-05 0.0519671 0.0571158 0.245177 0.0553623
0.28566 0.00586122 0.08126 0.166458 0.0878058 9.9982E-05 0.372755 9.9982E-05
9.9973E-05 0.411298 9.9973E-05 9.9973E-05 0.011859 0.104892 0.418265 0.0533861
0.0252052 0.522297 0.0796262 9.9964E-05 9.9964E-05 9.9964E-05 0.372472 9.9964E-05
0.00570037 0.394491 9.9973E-05 9.9973E-05 0.0582815 0.0222763 0.518951 9.9973E-05
0.0448757 0.446312 0.0916703 0.00553792 9.9973E-05 9.9973E-05 0.411304 9.9973E-05
9.9964E-05 0.370981 9.9964E-05 9.9964E-05 9.9964E-05 0.041711 0.560842 0.0260652
0.0748917 0.364415 9.9964E-05 0.0259504 9.9964E-05 9.9964E-05 0.534343 9.9964E-05
9.9964E-05 0.883443 9.9964E-05 9.9964E-05 0.0187265 0.0720793 0.0253514 9.9964E-05
9.9982E-05 0.554443 9.9982E-05 0.0231642 0.0300473 0.0870117 0.302569 0.00256482
9.9973E-05 0.566703 9.9973E-05 0.00892364 9.9973E-05 0.0482113 0.355628 0.0202342
9.9955E-05 0.890606 9.9955E-05 9.9955E-05 9.9955E-05 0.081318 9.9955E-05 0.0275761
0.0778101 0.389318 0.124918 9.9964E-05 9.9964E-05 9.9964E-05 0.407554 9.9964E-05
9.9973E-05 0.700601 9.9973E-05 9.9973E-05 0.136512 0.0639268 0.032694 0.0659671
9.9955E-05 0.891066 9.9955E-05 9.9955E-05 9.9955E-05 0.0422572 9.9955E-05 0.0661773
0.0553838 0.30797 9.9982E-05 0.0166757 0.000343205 0.0471271 0.5723 9.9982E-05
0.0544768 0.574286 0.13717 9.9973E-05 0.0288506 9.9973E-05 0.204916 9.9973E-05
0.0127471 0.376184 0.120129 0.001414 0.00164559 9.9991E-05 0.48586 0.00192009
0.0955992 0.176361 0.036334 0.082305 0.108432 0.000250247 0.486484 0.0142344
0.042075 0.357858 0.0794559 9.9973E-05 9.9973E-05 0.00601864 0.514292 9.9973E-05
9.9982E-05 0.0665701 0.271856 9.9982E-05 0.00985336 0.149565 0.393272 0.108684
0.0577441 0.313093 0.0557362 0.00323661 9.9982E-05 0.000699586 0.56929 9.9982E-05
0.0249896 0.322127 0.0958512 9.9973E-05 0.0328239 9.9973E-05 0.523908 9.9973E-05
9.9982E-05 0.565225 9.9982E-05 0.00923221 0.013657 0.0857818 0.30069 0.0252137
0.0955402 0.265449 0.0799314 9.9982E-05 9.9982E-05 0.0277686 0.5096 0.0215109
0.653424 9.9964E-05 0.262826 9.9964E-05 0.043041 9.9964E-05 9.9964E-05 0.0403091
0.765357 0.0539016 0.132313 9.9964E-05 9.9964E-05 9.9964E-05 9.9964E-05 0.0480286
0.848094 9.9955E-05 0.121227 9.9955E-05 9.9955E-05 9.9955E-05 9.9955E-05 0.0301797
0.815368 9.9964E-05 0.141284 9.9964E-05 0.038483 9.9964E-05 9.9964E-05 0.00446465
0.747113 9.9964E-05 0.14706 9.9964E-05 0.0981364 9.9964E-05 0.00729114 9.9964E-05
0.0633049 0.638572 0.148146 9.9964E-05 9.9964E-05 9.9964E-05 0.149577 9.9964E-05
0.0568223 0.626047 0.152589 9.9964E-05 9.9964E-05 9.9964E-05 0.164142 9.9964E-05
9.9973E-05 0.730176 9.9973E-05 0.0146172 9.9973E-05 0.0482596 0.193858 0.0127893
0.0902034 0.123389 0.0533274 0.0251132 0.0236484 0.0782351 0.567347 0.0387373
0.107811 0.145787 0.0757644 0.0154283 0.0239676 0.0883204 0.542822 9.9991E-05
0.0121318 0.642693 9.9982E-05 0.0232188 9.9982E-05 0.0310055 0.257931 0.03282
0.0242707 0.30796 9.9973E-05 0.0465296 9.9973E-05 0.0518463 0.569094 9.9973E-05
0.0605905 0.457527 0.0226488 0.026469 0.0227269 0.00973621 0.38964 0.0106614
0.0393686 0.372039 0.0466952 0.00533367 9.9973E-05 9.9973E-05 0.536263 9.9973E-05
0.0591048 0.305356 0.043657 0.0187523 0.00764592 9.9982E-05 0.565284 9.9982E-05
9.9964E-05 0.585269 0.157881 0.0133572 9.9964E-05 9.9964E-05 0.243093 9.9964E-05
0.00289599 0.564114 0.119857 9.9964E-05 9.9964E-05 9.9964E-05 0.312733 9.9964E-05
0.0141086 0.496825 0.140309 9.9973E-05 0.0328331 9.9973E-05 0.315625 9.9973E-05
0.0639698 9.9955E-05 9.9955E-05 9.9955E-05 0.34943 9.9955E-05 0.586101 9.9955E-05
0.0294258 0.521536 0.0401872 9.9964E-05 9.9964E-05 9.9964E-05 0.408452 9.9964E-05
0.0160687 0.438128 0.107906 9.9964E-05 9.9964E-05 9.9964E-05 0.437498 9.9964E-05
0.0795853 0.0148532 0.0255859 0.29175 0.0204922 0.00577142 0.456562 0.105399
0.0704505 0.0473015 9.9991E-05 0.433987 0.0255864 0.00768025 0.315171 0.0997242
0.0966714 9.9964E-05 9.9964E-05 0.36446 9.9964E-05 9.9964E-05 0.473171 0.0652979
0.121047 9.9973E-05 9.9973E-05 0.481089 9.9973E-05 0.0178063 0.269847 0.109911
0.114796 0.0139797 0.0247209 0.291625 9.9991E-05 0.0138516 0.463063 0.0778637
0.0438079 0.168605 9.9982E-05 9.9982E-05 0.157097 0.0498215 0.503127 0.0773409
0.15596 9.9973E-05 0.0174534 0.593403 9.9973E-05 9.9973E-05 0.0164518 0.216432
0.120836 0.000442303 9.9982E-05 0.458228 0.0268465 9.9982E-05 0.310943 0.082504
0.0941724 0.0186046 9.9991E-05 0.155267 0.239492 0.0563608 0.32951 0.106494
0.0882548 9.9964E-05 0.0651871 9.9964E-05 0.359094 9.9964E-05 0.487064 9.9964E-05
0.0923076 9.9973E-05 0.00398124 0.0283463 0.470136 9.9973E-05 0.404929 9.9973E-05
0.0922739 0.0138922 9.9973E-05 0.0765411 0.343269 9.9973E-05 0.473724 9.9973E-05
0.0866907 0.00584424 0.0426717 0.0237115 0.277975 0.00333313 0.559674 9.9991E-05
0.159412 9.9964E-05 9.9964E-05 0.444148 9.9964E-05 9.9964E-05 0.338009 0.0580315
0.124418 0.0187172 9.9973E-05 0.300538 9.9973E-05 9.9973E-05 0.465357 0.0906692
0.0505608 9.9964E-05 9.9964E-05 0.460707 9.9964E-05 9.9964E-05 0.398421 0.0899111
0.157827 0.0118386 0.0162328 0.245191 0.0291313 0.0552719 0.437051 0.0474568
0.0877162 0.0264025 9.9982E-05 0.451453 0.00057181 9.9982E-05 0.261379 0.172277
0.102196 0.0118565 0.0159952 0.308001 0.020549 0.0278017 0.450381 0.0632197
0.0883246 9.9973E-05 9.9973E-05 0.493817 9.9973E-05 0.00699628 0.247992 0.162571
0.0767652 9.9991E-05 0.0494632 0.28891 0.0960678 0.0369567 0.408415 0.0433222
0.0645192 0.0540893 9.9991E-05 0.041725 0.400597 0.019213 0.378059 0.0416976
0.135304 0.0272093 0.0177157 0.318257 0.039342 0.00635892 0.376637 0.0791756
0.152599 9.9964E-05 9.9964E-05 0.512197 9.9964E-05 9.9964E-05 0.156728 0.178075
0.104785 9.9991E-05 0.0392016 0.319542 0.0216383 0.0352712 0.427882 0.0515795
0.134663 9.9964E-05 0.055255 9.9964E-05 0.615164 9.9964E-05 0.194518 9.9964E-05
0.00792519 9.9964E-05 9.9964E-05 0.0397467 0.414709 9.9964E-05 0.53722 9.9964E-05
0.155614 9.9991E-05 0.0157415 0.325237 0.069748 0.00267362 0.397511 0.0333743
0.111791 9.99779E-05 0.0205988 0.00924722 0.409798 9.99779E-05 0.448265 9.99779E-05
0.127119 9.9973E-05 0.00188946 0.0214688 0.453706 9.9973E-05 0.395517 9.9973E-05
0.161925 0.0711278 9.9991E-05 0.148108 0.0464422 0.0307515 0.374889 0.166657
0.15624 0.000333736 9.9991E-05 0.234568 0.0579856 0.0243931 0.363913 0.162466
0.11234 0.119537 0.033823 0.0948212 0.123606 0.0153778 0.498344 0.00215136
0.115098 0.0432132 0.0273143 0.299582 0.0243562 9.9991E-05 0.409873 0.0804632
0.0892472 9.9964E-05 9.9964E-05 0.40048 9.9964E-05 9.9964E-05 0.452934 0.0569389
0.0974457 9.9964E-05 9.9964E-05 0.549938 9.9964E-05 9.9964E-05 0.160207 0.192009
0.0948091 9.9982E-05 9.9982E-05 0.0172963 0.240766 0.0331664 0.591491 0.0222718
0.104445 9.9955E-05 9.9955E-05 9.9955E-05 0.537319 9.9955E-05 0.357736 9.9955E-05
9.9964E-05 9.9964E-05 9.9964E-05 0.0481434 0.864388 0.00671696 9.9964E-05 0.0803521
0.121472 0.010362 0.0205454 0.0244477 0.246515 9.9991E-05 0.539644 0.0369142
0.0343873 0.00604706 0.166024 0.0305614 0.163614 0.12401 0.396502 0.0788541
0.124416 0.0384019 0.00854424 0.0711653 9.9991E-05 0.0118114 0.523095 0.222466
0.0498781 9.9991E-05 0.0861762 0.0224129 0.0552684 0.0171642 0.522331 0.246669
0.0690883 9.9955E-05 9.9955E-05 9.9955E-05 9.9955E-05 9.9955E-05 0.0525014 0.877911
