0.00961009 9.9973E-05 0.00391635 0.0428793 9.9973E-05 0.0281961 9.9973E-05 0.915098
9.9955E-05 0.00318442 9.9955E-05 9.9955E-05 9.9955E-05 0.0248163 9.9955E-05 0.9715
0.0295214 9.9991E-05 0.0241642 0.0166159 0.0354881 0.00234366 0.0307436 0.861023
0.123969 9.9955E-05 0.0464109 9.9955E-05 9.9955E-05 9.9955E-05 9.9955E-05 0.829121
0.0924371 9.9955E-05 0.0238589 9.9955E-05 9.9955E-05 9.9955E-05 9.9955E-05 0.883204
0.0945751 0.00480468 0.0406989 0.0134681 0.0282176 0.00976705 0.147086 0.661383
0.000465753 9.9973E-05 0.0566107 0.00658378 9.9973E-05 9.9973E-05 0.163687 0.772353
0.0225157 0.0263898 0.0961575 0.0227459 9.9982E-05 9.9982E-05 0.137729 0.694262
9.99639E-05 9.99639E-05 0.113478 9.99639E-05 9.99639E-05 0.0181955 0.0386062 0.82932
0.0391247 0.026184 0.059859 9.9991E-05 0.00574484 0.0289703 0.0991867 0.74083
0.0933166 9.9964E-05 0.0591061 9.9964E-05 9.9964E-05 9.9964E-05 0.121812 0.725366
0.0111374 9.9964E-05 9.9964E-05 0.00566029 9.9964E-05 0.961538 9.9964E-05 0.0212645
0.437079 9.9964E-05 9.9964E-05 0.0216249 9.9964E-05 0.504041 9.9964E-05 0.0368555
0.0528202 9.9955E-05 9.9955E-05 0.0389616 9.9955E-05 0.907718 9.9955E-05 9.9955E-05
0.0697505 9.9964E-05 9.9964E-05 0.106056 9.9964E-05 0.789079 9.9964E-05 0.0347143
0.237815 9.9964E-05 9.9964E-05 0.149831 9.9964E-05 0.557081 9.9964E-05 0.0548735
0.466639 0.0347848 9.9982E-05 0.0627221 9.9982E-05 0.396316 0.0125993 0.0267395
0.369243 0.0164281 0.000661903 0.0287441 0.0380355 0.518942 9.9991E-05 0.0278448
0.0866959 9.9973E-05 9.9973E-05 0.0641441 9.9973E-05 0.734887 0.00696584 0.107007
9.9955E-05 9.9955E-05 0.0360342 9.9955E-05 9.9955E-05 0.94937 0.0140962 9.9955E-05
0.331474 0.0144931 0.00942352 0.0167323 0.0985832 0.465616 0.036246 0.0274318
0.316309 0.0554822 9.9973E-05 0.0602382 9.9973E-05 0.418675 0.148996 9.9973E-05
0.550677 9.9982E-05 0.0416767 0.00882136 0.0509817 0.285903 9.9982E-05 0.0617397
0.0309894 9.9964E-05 9.9964E-05 0.0551348 9.9964E-05 0.896539 9.9964E-05 0.0169365
0.597482 0.0600115 9.9982E-05 0.0442243 9.9982E-05 0.18688 0.0242229 0.086979
0.397359 9.9973E-05 9.9973E-05 0.0330538 9.9973E-05 0.515607 0.0276236 0.0260569
0.0270073 9.9955E-05 9.9955E-05 9.9955E-05 9.9955E-05 0.941101 9.9955E-05 0.0313914
0.0545222 9.9964E-05 9.9964E-05 0.0694938 9.9964E-05 0.869288 9.9964E-05 0.00629619
0.0114717 9.9955E-05 9.9955E-05 9.9955E-05 9.9955E-05 0.93398 0.0540481 9.9955E-05
0.107783 9.9955E-05 9.9955E-05 0.00238363 9.9955E-05 9.9955E-05 9.9955E-05 0.889334
0.107809 0.0171852 9.9955E-05 9.9955E-05 9.9955E-05 9.9955E-05 9.9955E-05 0.874506
0.0817609 9.9964E-05 0.0176201 0.0969215 9.9964E-05 9.9964E-05 9.9964E-05 0.803298
0.178509 0.000142586 9.9964E-05 0.0384298 9.9964E-05 9.9964E-05 9.9964E-05 0.782519
0.508393 9.9982E-05 0.0696623 9.9982E-05 0.209774 0.0271429 0.12173 0.0630983
0.507697 0.0268825 0.018061 0.0253753 0.277423 0.0651767 9.9991E-05 0.0792837
0.53631 0.0133847 0.0248418 0.0111241 0.379168 9.9991E-05 0.0119435 0.0231277
0.0428541 0.0146542 0.222714 9.9982E-05 0.0589856 0.605087 9.9982E-05 0.0555051
0.237174 0.0604775 0.0056055 0.023684 0.54942 9.9982E-05 0.123439 9.9982E-05
0.531913 0.0356373 9.9991E-05 0.0205749 0.162668 0.195535 0.00852022 0.0450517
0.710215 0.000193908 0.00838176 9.9982E-05 0.20388 9.9982E-05 0.0707995 0.00632924
0.520831 9.9982E-05 0.0767566 9.9982E-05 0.025633 0.0692634 0.23227 0.0750464
0.594676 9.9991E-05 0.025312 0.0108009 0.074164 0.118265 0.109615 0.0670678
0.0979942 9.9973E-05 0.0313317 9.9973E-05 0.629235 0.205961 9.9973E-05 0.0351778
0.654615 9.9973E-05 0.0405579 9.9973E-05 9.9973E-05 0.029322 0.26242 0.0127849
0.579985 9.9982E-05 9.9982E-05 0.0359455 0.230058 0.0547262 0.0485387 0.0505464
0.571687 9.9991E-05 0.0151509 0.0506135 0.119539 0.0518916 0.0744871 0.116531
0.316268 0.0432822 9.9964E-05 9.9964E-05 0.604058 9.9964E-05 0.0359919 9.9964E-05
0.605026 9.9973E-05 0.017877 9.9973E-05 0.269098 0.0209065 9.9973E-05 0.0867925
0.588501 0.0521109 0.0294018 0.0198787 0.13715 0.0206927 0.0545057 0.0977587
9.9955E-05 0.0342894 9.9955E-05 9.9955E-05 0.631254 9.9955E-05 0.333957 9.9955E-05
0.0472371 0.0337991 0.270919 9.9982E-05 0.0620588 0.521533 0.064254 9.9982E-05
0.0842205 0.127554 0.0421912 0.0327372 0.0739858 0.393906 0.245305 9.9991E-05
0.486788 0.0418816 0.0315536 0.0944504 0.0256509 0.186952 0.0805208 0.0522024
0.577781 0.0509927 0.0188734 0.0595051 9.9991E-05 0.0970816 0.12137 0.074296
0.572586 0.0581918 9.9991E-05 0.041794 0.00566215 0.133697 0.0937474 0.0942217
0.148406 0.0049212 0.245901 9.9991E-05 0.0685417 0.388392 0.0425456 0.101193
0.484342 0.0237548 0.160524 0.00547886 9.9982E-05 0.324261 9.9982E-05 0.00143926
0.557015 0.0243241 0.0370734 0.0228929 0.0319579 0.2082 0.040108 0.0784291
0.357572 0.0809322 0.0924376 0.0148802 0.0662675 0.248917 0.0327586 0.106235
0.0327535 9.9991E-05 0.126322 0.0171331 0.0424044 0.538199 0.104283 0.138805
0.504918 9.9991E-05 0.0970403 0.0469529 0.124802 0.127552 0.0584434 0.0401913
0.398188 0.0319983 0.0903337 0.0378557 0.0436101 0.322413 9.9991E-05 0.075501
9.9973E-05 9.9973E-05 0.155182 9.9973E-05 0.0873664 0.620958 0.0672206 0.0689731
0.327365 0.0463946 0.123403 9.9973E-05 0.0673801 0.435157 9.9973E-05 9.9973E-05
0.540925 0.10034 0.0616339 0.0459954 0.0395916 0.136683 0.0487098 0.026121
0.638322 0.0479433 0.0637751 9.9982E-05 0.0272372 0.120617 9.9982E-05 0.101905
0.149638 0.00873278 0.0637089 0.0317145 0.103645 0.53421 0.0534764 0.0548745
0.427648 0.0851418 0.0425877 0.0340719 0.0932268 0.252641 0.0194304 0.0452523
0.461946 0.0762055 0.0940063 0.062498 0.0493027 0.201644 0.00132567 0.0530714
0.109891 0.0237792 0.121109 9.9991E-05 0.0718868 0.608828 0.0347675 0.0296381
0.503187 9.9964E-05 9.9964E-05 9.9964E-05 0.458755 0.0175631 9.9964E-05 0.0200953
0.175694 9.9973E-05 0.0153709 9.9973E-05 0.721657 0.0604383 9.9973E-05 0.0265398
0.499052 0.0287038 0.0182845 0.00605792 0.241084 0.103733 9.9991E-05 0.102984
9.9964E-05 0.0834545 9.9964E-05 0.00309365 0.845653 9.9964E-05 0.0673987 9.9964E-05
9.9955E-05 0.0420489 9.9955E-05 9.9955E-05 0.820696 9.9955E-05 0.136756 9.9955E-05
0.247413 0.0221502 9.9964E-05 9.9964E-05 0.677428 9.9964E-05 0.0526096 9.9964E-05
0.484681 9.9973E-05 0.0542869 9.9973E-05 0.420137 0.0184025 9.9973E-05 0.0221927
0.520178 0.0203178 0.0514202 0.0634312 0.167102 0.0509747 0.0551799 0.0713955
0.446915 0.0154458 9.9982E-05 0.0336705 0.452077 0.0331319 0.0185601 9.9982E-05
0.102819 9.9973E-05 0.0576161 9.9973E-05 0.557023 0.235357 9.9973E-05 0.0468845
0.249017 9.9973E-05 0.0873351 9.9973E-05 0.527181 0.136002 9.9973E-05 0.000164253
0.546734 0.00561576 0.0406965 0.0192764 0.234487 0.0431068 0.0136015 0.096482
0.298187 9.9982E-05 0.00799829 0.0228503 0.53782 0.110773 9.9982E-05 0.0221712
0.441605 0.00841454 0.0191761 9.9982E-05 0.432655 0.0926719 9.9982E-05 0.00527743
0.448832 0.0263959 9.9964E-05 9.9964E-05 0.475098 9.9964E-05 0.0492743 9.9964E-05
9.9955E-05 0.10684 9.9955E-05 9.9955E-05 0.645106 9.9955E-05 0.247553 9.9955E-05
0.620599 9.9964E-05 9.9964E-05 9.9964E-05 0.307586 9.9964E-05 0.0510969 0.0203181
0.0693703 9.9973E-05 0.0632538 9.9973E-05 0.00347747 0.0246434 9.9973E-05 0.838955
0.0682895 9.9946E-05 9.9946E-05 9.9946E-05 9.9946E-05 9.9946E-05 9.9946E-05 0.931111
0.0984212 9.9964E-05 9.9964E-05 0.0281537 9.9964E-05 0.0208476 9.9964E-05 0.852178
0.0278652 9.9955E-05 9.9955E-05 0.0376641 9.9955E-05 9.9955E-05 9.9955E-05 0.933971
9.9964E-05 0.00661805 9.9964E-05 0.0405859 9.9964E-05 0.0141113 9.9964E-05 0.938285
0.0827731 0.00575552 9.9964E-05 0.024937 9.9964E-05 9.9964E-05 9.9964E-05 0.886135
0.0766465 9.9946E-05 9.9946E-05 9.9946E-05 9.9946E-05 9.9946E-05 9.9946E-05 0.922754
0.597532 9.9982E-05 0.0707826 0.0172327 0.199991 0.0573581 9.9982E-05 0.0569041
0.614679 9.9982E-05 0.0477818 0.0652646 0.090426 9.9982E-05 0.0834374 0.0982115
0.0152328 0.00425691 0.0990549 9.9982E-05 0.657844 0.178829 9.9982E-05 0.0445822
0.554792 0.0647559 0.0205239 0.0235021 0.135354 0.0592468 0.0242485 0.117577
0.366303 9.9973E-05 0.075744 9.9973E-05 0.450737 0.0662672 9.9973E-05 0.0406494
0.524076 9.9964E-05 0.0291051 9.9964E-05 0.380615 9.9964E-05 9.9964E-05 0.0658043
0.585678 0.0517525 9.9991E-05 0.000648435 0.21689 0.066054 0.0423691 0.0365076
0.452738 0.066234 9.9982E-05 0.0444935 0.420648 0.0124165 9.9982E-05 0.00327087
9.9964E-05 9.9964E-05 0.0984574 9.9964E-05 0.646915 0.202918 9.9964E-05 0.0513097
0.502842 0.0586003 0.0857743 0.0111592 0.218046 9.9982E-05 9.9982E-05 0.123377
0.657637 0.0202776 0.0596128 0.00275678 0.112438 0.0593881 9.9991E-05 0.0877895
0.557642 9.9991E-05 0.0518011 0.0363221 0.139982 0.112443 0.010759 0.0909512
0.272635 0.0549201 9.9973E-05 9.9973E-05 0.460551 0.0364381 0.175156 9.9973E-05
0.476092 0.0813726 9.9964E-05 0.020893 0.421242 9.9964E-05 9.9964E-05 9.9964E-05
0.443044 9.9973E-05 0.057327 9.9973E-05 0.363817 0.119128 9.9973E-05 0.0163841
0.378557 0.0748842 9.9964E-05 0.0146618 0.531497 9.9964E-05 9.9964E-05 9.9964E-05
0.406621 9.9973E-05 0.0431207 9.9973E-05 0.364578 0.120759 9.9973E-05 0.0646211
0.522464 0.0504163 0.0694252 0.0286911 0.148968 0.11686 0.000385411 0.06279
0.227185 0.213683 0.168209 0.0579763 9.9991E-05 0.243052 0.0810762 0.00871862
0.34969 0.00320421 0.181933 9.9982E-05 9.9982E-05 0.329215 0.0927715 0.0429863
0.516767 0.0625294 0.0498347 0.0455197 0.027785 0.120246 0.0596177 0.117701
0.561664 9.9991E-05 0.0549481 0.0283863 0.107538 0.110699 0.0519738 0.0846901
0.39163 9.9991E-05 0.191015 0.00541625 0.0161571 0.344653 0.0117108 0.0393174
0.528307 0.0495443 0.103453 0.0426423 9.9991E-05 0.226657 0.00361123 0.0456853
0.42617 0.0143152 0.247529 9.9973E-05 9.9973E-05 0.280324 9.9973E-05 0.0313623
0.506626 0.0425426 0.084907 0.00873883 0.0178466 0.179031 0.0797607 0.0805477
0.573292 0.027424 0.0738371 0.0433747 9.9991E-05 0.171823 0.0655789 0.0445709
0.527991 0.0344945 0.109384 9.9991E-05 0.0235621 0.200096 0.0294029 0.0749688
0.539008 0.00728692 0.199672 9.9982E-05 0.0550583 0.172762 9.9982E-05 0.0260118
0.557918 0.0797197 0.0785004 0.0567431 0.0306751 0.085525 0.0610541 0.0498645
0.576336 0.0438498 0.0991531 0.051952 9.9991E-05 0.0745858 0.0849749 0.0690483
0.560238 0.126177 0.0556781 0.0476939 9.9982E-05 0.159502 0.0505105 9.9982E-05
0.515622 0.0439902 0.108265 0.0862849 0.0293137 0.160618 0.0290764 0.0268295
0.554673 0.134158 0.118882 0.0409562 0.00815825 0.142973 9.9982E-05 9.9982E-05
0.272255 0.0952004 0.114956 0.0400513 0.00803706 0.230022 0.181292 0.058187
0.592781 0.100639 0.0801433 0.0231077 0.0209826 0.118842 9.9991E-05 0.0634045
0.644214 0.0782235 0.141006 0.0367479 9.9982E-05 0.0431253 0.056484 9.9982E-05
0.130005 0.0152501 0.23356 9.9991E-05 0.0698967 0.524414 0.0112459 0.0155279
0.067055 0.173818 0.0639855 0.017008 0.0225484 0.430792 0.224693 9.9991E-05
0.519124 0.0256154 0.111105 0.0148165 0.0252936 0.217982 0.0341438 0.0519193
0.0103076 0.26276 0.126428 0.00521618 0.0639829 0.341938 0.189267 9.9991E-05
0.229086 0.0154713 0.191237 9.9964E-05 9.9964E-05 0.563806 9.9964E-05 9.9964E-05
0.330123 0.0681435 0.166949 9.9973E-05 0.0601337 0.374351 9.9973E-05 9.9973E-05
0.265381 9.9973E-05 0.184457 9.9973E-05 0.116482 0.422441 9.9973E-05 0.0109388
0.267653 0.0520354 0.1925 9.9973E-05 0.0234455 0.464067 9.9973E-05 9.9973E-05
0.536901 0.054094 0.0615905 0.0205272 0.0268951 0.181039 0.0564989 0.0624543
0.521059 0.0418847 0.0946753 0.0716833 0.0126148 0.131734 0.0973078 0.0290419
0.585694 0.0572257 0.0843519 9.9982E-05 0.0312149 0.189609 9.9982E-05 0.0517044
0.101487 0.17162 0.11672 9.9982E-05 0.0702201 0.413629 0.126124 9.9982E-05
0.566002 0.0141617 0.0860799 0.00383649 0.0442781 0.0625135 0.0868138 0.136315
0.476782 0.0574264 0.059627 0.0440026 0.033465 0.0541958 0.240678 0.0338235
9.9982E-05 0.109898 0.0595562 9.9982E-05 0.161636 0.0188506 0.579294 0.0705653
0.604872 9.9982E-05 9.9982E-05 0.0782022 0.0356987 0.099741 0.141144 0.0401425
0.276315 0.139238 0.00415509 0.0195687 0.096252 0.113539 0.29049 0.0604428
0.526108 0.0752238 0.000411657 0.0570565 0.0285568 0.054573 0.175046 0.0830242
0.282813 9.99839E-05 0.110273 9.99839E-05 0.100019 0.0330512 0.426231 0.0474135
0.101403 0.117491 0.131263 9.9991E-05 0.116122 0.0578038 0.471303 0.00451442
0.414551 0.0864387 0.0600301 9.9991E-05 0.104339 0.064026 0.250938 0.019578
0.524571 0.0614281 0.0476632 0.0218985 0.0852185 0.0339778 0.100306 0.124938
0.430419 0.0268393 0.0540376 0.00192707 0.023807 0.14209 0.157554 0.163325
0.0486087 0.138692 9.9991E-05 0.0753382 0.134723 0.265828 0.330547 0.00616389
0.520014 0.0783862 0.0714942 0.039534 0.0609428 0.0503635 0.0863294 0.0929362
0.2721 0.109495 9.9973E-05 9.9973E-05 0.0719338 0.192559 0.353611 9.9973E-05
0.441089 0.0979503 0.0326489 9.9982E-05 0.074388 0.119155 0.234568 9.9982E-05
0.57412 0.0319753 0.0606826 0.0150105 0.0350147 0.0316688 0.139569 0.11196
0.150827 9.9973E-05 9.9973E-05 0.231601 9.9973E-05 0.0135293 0.256661 0.347082
9.9955E-05 9.9955E-05 9.9955E-05 0.117809 9.9955E-05 9.9955E-05 0.460429 0.421262
9.9955E-05 9.9955E-05 9.9955E-05 0.116835 9.9955E-05 9.9955E-05 0.462834 0.419831
0.0915929 9.9964E-05 9.9964E-05 0.254727 9.9964E-05 9.9964E-05 0.325853 0.327427
0.621488 0.0355352 0.00911638 9.9982E-05 0.0613035 0.0508261 0.221531 9.9982E-05
0.571573 0.0218644 0.0446508 0.0378155 0.0877855 0.0498544 0.107484 0.0789722
0.29398 9.9964E-05 0.00642191 0.654993 9.9964E-05 0.0442053 9.9964E-05 9.9964E-05
0.379736 0.0198637 0.0239701 0.439683 9.9982E-05 0.105224 9.9982E-05 0.0313237
0.426604 0.0531724 0.0320633 0.353378 0.0332727 0.0188635 9.9991E-05 0.0825459
0.268818 0.191976 0.00295869 9.9982E-05 0.0332683 0.121416 0.381363 9.9982E-05
0.474723 0.137615 0.0835455 0.0532208 0.0785077 0.00994 0.102572 0.0598758
0.23496 0.130249 9.9973E-05 9.9973E-05 0.0133361 0.166756 0.454399 9.9973E-05
0.590097 0.0782642 0.00318422 9.9991E-05 0.0128824 0.0466639 0.241273 0.0275353
0.47991 0.125573 0.0400603 0.00732423 9.9991E-05 0.0248181 0.304106 0.018108
0.58731 0.0323337 9.9973E-05 9.9973E-05 0.032201 0.010294 0.337561 9.9973E-05
0.172221 0.110569 0.0198474 9.9982E-05 0.0720462 0.100666 0.52445 9.9982E-05
0.683276 0.0449053 0.00566258 0.0312877 0.03174 9.9982E-05 0.202928 9.9982E-05
0.620147 0.0681376 0.0331913 9.9982E-05 0.0298068 9.9982E-05 0.165241 0.0832763
0.0378175 9.9964E-05 9.9964E-05 0.944567 0.00780426 9.9964E-05 9.9964E-05 0.0094109
0.0772997 0.0172991 9.9964E-05 0.893726 9.9964E-05 0.0112756 9.9964E-05 9.9964E-05
0.292938 9.9964E-05 9.9964E-05 0.545025 9.9964E-05 0.0997368 9.9964E-05 0.061901
0.35248 9.9955E-05 0.0137706 0.63325 9.9955E-05 9.9955E-05 9.9955E-05 9.9955E-05
0.14245 9.9964E-05 0.0197835 0.789814 0.0475523 9.9964E-05 9.9964E-05 9.9964E-05
9.994E-05 9.994E-05 9.994E-05 0.9993 9.994E-05 9.994E-05 9.994E-05 9.994E-05
9.9955E-05 0.00621761 0.0227475 0.970535 9.9955E-05 9.9955E-05 9.9955E-05 9.9955E-05
0.151084 9.9946E-05 9.9946E-05 0.848316 9.9946E-05 9.9946E-05 9.9946E-05 9.9946E-05
9.9964E-05 9.9964E-05 0.01782 0.941818 0.0050135 0.0349484 9.9964E-05 9.9964E-05
9.994E-05 9.994E-05 9.994E-05 0.9993 9.994E-05 9.994E-05 9.994E-05 9.994E-05
9.994E-05 9.994E-05 9.994E-05 0.9993 9.994E-05 9.994E-05 9.994E-05 9.994E-05
0.163692 9.9964E-05 0.00781122 0.785554 9.9964E-05 0.0425434 9.9964E-05 9.9964E-05
0.0605615 9.9973E-05 0.0354688 0.822296 9.9973E-05 0.0543383 9.9973E-05 0.0270353
9.994E-05 9.994E-05 9.994E-05 0.9993 9.994E-05 9.994E-05 9.994E-05 9.994E-05
0.261005 0.0553296 0.0148638 0.425748 0.0112899 0.126961 0.0580989 0.0467034
0.259335 0.0254343 0.0100686 0.639565 0.0317676 0.0111307 9.9991E-05 0.022599
0.149887 9.9964E-05 9.9964E-05 0.796622 0.0239434 9.9964E-05 9.9964E-05 0.0291477
0.0657376 9.9973E-05 0.0132926 0.911745 0.00683455 9.9973E-05 9.9973E-05 0.0020899
9.994E-05 9.994E-05 9.994E-05 0.9993 9.994E-05 9.994E-05 9.994E-05 9.994E-05
0.0382517 9.9955E-05 9.9955E-05 0.95408 9.9955E-05 9.9955E-05 9.9955E-05 0.00716874
9.994E-05 9.994E-05 9.994E-05 0.9993 9.994E-05 9.994E-05 9.994E-05 9.994E-05
0.217618 9.9982E-05 0.00313622 0.627675 0.0705356 0.015914 9.9982E-05 0.064921
0.00278372 9.9955E-05 9.9955E-05 0.963257 0.0334593 9.9955E-05 9.9955E-05 9.9955E-05
9.9964E-05 0.0604544 9.9964E-05 0.0510884 9.9964E-05 9.9964E-05 0.661465 0.226593
0.366749 0.000239004 0.0214959 0.0953104 9.9991E-05 0.0227116 0.307965 0.18543
0.445247 0.0384836 0.0548356 0.0621885 9.9982E-05 9.9982E-05 0.278344 0.120702
0.209539 0.00634754 0.0303408 0.113069 9.9982E-05 9.9982E-05 0.496597 0.143906
0.431251 0.0117629 0.0255818 0.132903 0.0620769 0.05473 0.157153 0.124541
0.140617 0.012691 0.000969275 0.103365 9.9982E-05 9.9982E-05 0.566165 0.175992
0.419666 0.0176501 0.0242834 0.0891906 0.0271295 0.0731237 0.208803 0.140153
0.365959 9.9973E-05 9.9973E-05 0.113629 9.9973E-05 0.00409222 0.392818 0.123201
0.482553 9.9973E-05 9.9973E-05 0.117653 9.9973E-05 0.0135635 0.247178 0.138753
0.366831 9.9964E-05 9.9964E-05 0.123399 9.9964E-05 9.9964E-05 0.363199 0.146171
0.450831 0.0567186 9.9991E-05 0.105682 0.000898425 0.0506532 0.185656 0.149461
0.0486388 0.00276903 0.0194356 9.9982E-05 0.0129705 9.9982E-05 0.0171254 0.898861
9.9964E-05 0.0181725 9.9964E-05 0.0699274 9.9964E-05 9.9964E-05 0.013375 0.898125
0.0127258 9.9964E-05 0.0231426 9.9964E-05 0.00856322 9.9964E-05 9.9964E-05 0.955169
9.9955E-05 9.9955E-05 9.9955E-05 9.9955E-05 0.0119379 0.0208809 9.9955E-05 0.966681
0.0504799 9.9964E-05 0.0148315 9.9964E-05 9.9964E-05 0.0434952 9.9964E-05 0.890794
0.0084942 9.9955E-05 9.9955E-05 9.9955E-05 9.9955E-05 9.9955E-05 0.00442059 0.986585
0.0426353 9.9973E-05 0.0157279 0.0238553 9.9973E-05 0.0015895 9.9973E-05 0.915892
0.0036676 0.0182675 0.0458033 9.9964E-05 9.9964E-05 9.9964E-05 9.9964E-05 0.931862
0.0203061 9.9982E-05 0.0159514 0.0181886 0.00357373 9.9982E-05 0.0406748 0.901105
0.00183032 9.9973E-05 0.0375185 0.0197797 9.9973E-05 9.9973E-05 0.0465237 0.894048
9.9973E-05 9.9973E-05 0.246427 9.9973E-05 0.0487159 0.0363018 0.0966363 0.571619
9.9982E-05 0.00544058 0.28957 9.9982E-05 0.016 0.0547395 0.0488741 0.585176
9.9973E-05 9.9973E-05 0.210997 9.9973E-05 0.051434 0.113089 0.113354 0.510827
9.9973E-05 9.9973E-05 0.285613 9.9973E-05 0.0229998 0.159213 0.1074 0.424474
0.387878 0.0155769 0.106285 0.0164806 0.263106 0.117198 0.0372989 0.0561771
0.45133 0.0241114 0.0480218 0.0166483 0.322311 0.095874 9.9991E-05 0.0416035
0.535587 0.0433464 0.0792753 0.00248525 0.155788 0.172398 9.9991E-05 0.0110211
0.304069 9.9982E-05 0.108498 9.9982E-05 0.283893 0.269751 0.0143261 0.0192623
0.0990438 0.0655702 0.259071 9.9982E-05 0.0367818 0.537088 0.00224504 9.9982E-05
0.674756 0.0518566 0.00291048 0.0126303 0.149599 0.0334727 0.0206058 0.0541693
0.571747 0.00344488 0.0760309 0.0110115 0.293321 0.0442449 9.9982E-05 9.9982E-05
0.539713 0.0989799 0.0386389 9.9982E-05 0.239612 0.0431905 0.0396662 9.9982E-05
0.361749 0.0833927 9.9973E-05 0.0148584 0.525296 9.9973E-05 0.0144034 9.9973E-05
0.554831 0.0674051 0.0883122 0.0877093 0.170698 9.9982E-05 9.9982E-05 0.0308442
0.412529 9.9973E-05 0.0246268 9.9973E-05 0.447957 0.0811702 9.9973E-05 0.0334174
9.9955E-05 0.148642 9.9955E-05 9.9955E-05 0.78826 9.9955E-05 0.0625986 9.9955E-05
0.549967 0.0454594 0.0237037 9.9982E-05 0.0999867 0.216775 9.9982E-05 0.0639081
0.170213 0.0954192 9.9964E-05 9.9964E-05 0.623113 9.9964E-05 0.110855 9.9964E-05
0.504437 0.0230908 0.0219202 0.00639854 0.36422 0.0443745 9.9991E-05 0.0354597
0.10882 9.9973E-05 0.0422718 9.9973E-05 0.623739 0.224614 9.9973E-05 0.000255347
9.9955E-05 9.9955E-05 0.828353 9.9955E-05 9.9955E-05 9.9955E-05 0.10068 0.070467
0.0556327 9.9964E-05 0.835374 9.9964E-05 9.9964E-05 9.9964E-05 0.0800062 0.028587
0.0594747 9.9964E-05 0.844973 9.9964E-05 9.9964E-05 9.9964E-05 0.0807482 0.0144044
9.9964E-05 9.9964E-05 0.817576 9.9964E-05 0.0178777 9.9964E-05 0.0991862 0.0649602
0.106546 9.9955E-05 0.850744 9.9955E-05 9.9955E-05 9.9955E-05 0.0422096 9.9955E-05
0.091969 9.9964E-05 0.807224 0.033775 9.9964E-05 9.9964E-05 0.0666325 9.9964E-05
0.0245905 9.9964E-05 9.9964E-05 0.0384153 0.0447351 9.9964E-05 9.9964E-05 0.891859
0.0907957 9.9982E-05 0.0252898 0.00910303 9.9982E-05 0.0322063 0.0256165 0.816789
0.120313 0.0124558 9.9991E-05 0.0311344 0.0288664 0.0141103 0.00788965 0.785131
0.00871525 9.9964E-05 9.9964E-05 0.0744733 0.084591 9.9964E-05 9.9964E-05 0.831821
0.173622 9.9964E-05 9.9964E-05 0.0200625 9.9964E-05 9.9964E-05 0.0317446 0.774171
9.9964E-05 9.9964E-05 0.535698 9.9964E-05 0.0209582 9.9964E-05 0.0732017 0.369742
9.9973E-05 0.00742145 0.513338 0.017292 9.9973E-05 9.9973E-05 0.058046 0.403603
0.0312088 0.0275693 0.49655 0.0151591 0.00302464 9.9991E-05 0.014763 0.411625
0.103615 0.0222759 0.0270645 9.9964E-05 9.9964E-05 9.9964E-05 9.9964E-05 0.846645
9.9973E-05 0.0431657 0.48017 9.9973E-05 0.0647685 9.9973E-05 0.0356045 0.375991
0.293345 9.9964E-05 9.9964E-05 0.279156 9.9964E-05 9.9964E-05 0.180489 0.24661
0.525119 0.0354919 0.0754198 0.203511 9.9982E-05 9.9982E-05 0.0245765 0.135682
0.526784 9.9973E-05 9.9973E-05 0.240443 0.00196536 0.0196043 9.9973E-05 0.210903
0.331758 0.035466 9.9991E-05 0.262982 0.000593655 0.00470158 0.121802 0.242597
0.505579 0.0598939 0.0469167 0.155312 0.0692063 0.0260029 0.018518 0.118572
9.9955E-05 9.9955E-05 9.9955E-05 0.30625 9.9955E-05 9.9955E-05 0.290191 0.40306
0.409315 0.048042 0.211201 9.9991E-05 0.0144333 0.295933 0.0142946 0.00668091
0.382763 0.13865 0.101747 9.9982E-05 0.0576939 0.196496 0.122451 9.9982E-05
0.205717 0.0175588 0.171901 9.9964E-05 9.9964E-05 0.604424 9.9964E-05 9.9964E-05
0.475282 0.194411 0.067045 9.9982E-05 0.0310174 0.168059 0.0639856 9.9982E-05
9.9973E-05 0.319701 0.116284 9.9973E-05 0.0688303 0.212987 0.281898 9.9973E-05
0.528522 9.9982E-05 0.0402156 0.0868194 9.9982E-05 0.193412 0.117824 0.0330076
0.505192 0.158954 0.0505938 0.00767182 0.0420297 0.147671 0.0756532 0.0122341
0.302535 0.000347871 0.192598 9.9991E-05 0.0624936 0.366864 0.0667024 0.00835958
0.496657 0.0477605 0.0397779 0.0385891 0.0525597 0.195223 0.0668658 0.0625664
0.0195091 0.150997 0.00389612 9.9982E-05 0.0986227 0.501612 0.225163 9.9982E-05
0.542946 0.122222 0.0600067 9.9982E-05 0.0476681 0.16918 0.0577772 9.9982E-05
0.465602 0.0565472 0.0972607 0.00855824 0.0490329 0.307194 0.0106289 0.00517513
0.429373 0.0366004 0.0220209 0.103281 0.0530222 0.124207 0.139272 0.0922231
0.275184 0.126119 0.0614321 0.00294221 0.0806481 0.329328 0.124247 9.9991E-05
0.352037 0.14742 0.0695021 0.0302436 0.0771286 0.211648 0.111921 9.9991E-05
0.505086 0.127767 0.118087 0.0458892 0.0056192 0.139854 0.0575971 9.9991E-05
0.517464 0.0954643 0.0896526 9.9982E-05 0.059397 0.185058 0.0527636 9.9982E-05
0.591707 0.0735295 0.0750518 0.0629841 0.0195713 0.117403 0.0219674 0.0377862
0.529823 0.0244193 0.0414476 0.0505767 0.0717117 0.166136 0.0294919 0.0863938
0.531338 0.0595217 0.0704312 9.9982E-05 0.0396705 0.223068 9.9982E-05 0.0757703
0.109519 9.9955E-05 9.9955E-05 0.0457702 9.9955E-05 9.9955E-05 9.9955E-05 0.844211
0.127526 9.9946E-05 9.9946E-05 9.9946E-05 9.9946E-05 9.9946E-05 9.9946E-05 0.871874
0.0371822 9.9964E-05 0.0560659 9.9964E-05 9.9964E-05 9.9964E-05 0.0300405 0.876312
0.02407 9.9964E-05 0.0341798 0.0457826 9.9964E-05 9.9964E-05 9.9964E-05 0.895568
0.0866385 9.9955E-05 0.0282733 9.9955E-05 9.9955E-05 9.9955E-05 9.9955E-05 0.884588
0.0148623 9.9982E-05 0.201609 9.9982E-05 0.0431723 0.635016 0.0615608 0.0435787
0.485716 0.109841 0.0896282 0.0232565 0.0425174 0.163512 0.0498237 0.0357053
0.395587 0.0498478 0.00599892 0.169669 9.9991E-05 0.0613701 0.1157 0.201728
0.626731 0.00745863 0.0980223 0.0333681 0.0165874 0.149 0.0327591 0.0360732
0.453663 9.9982E-05 0.122251 0.00727458 0.0444677 0.36623 9.9982E-05 0.0059151
0.219153 0.140504 0.104099 9.9982E-05 0.0300544 0.357672 0.148318 9.9982E-05
9.9973E-05 0.00391203 0.287044 9.9973E-05 0.0140284 0.633842 9.9973E-05 0.0608736
0.411466 9.9982E-05 0.178416 0.0115562 0.024779 0.28782 9.9982E-05 0.0857622
0.143787 9.9973E-05 0.280841 0.0574023 9.9973E-05 0.491918 9.9973E-05 0.0257519
0.470073 0.061906 0.138097 0.0142001 0.0757914 0.146756 0.0788438 0.0143326
0.0617205 0.0553839 0.235769 9.9982E-05 9.9982E-05 0.554761 0.0155594 0.0766066
0.4514 9.9982E-05 0.107151 0.087892 0.0609506 0.251228 9.9982E-05 0.0411787
0.0542081 9.9982E-05 0.179344 9.9982E-05 0.104041 0.575835 0.01704 0.0693319
0.166922 0.0631677 0.0406564 0.101393 0.0783945 0.441496 0.105961 0.00200974
0.545571 0.0800972 0.0477438 9.9991E-05 0.0660405 0.107891 0.109474 0.0430822
0.315429 0.0537157 0.0616271 9.9982E-05 0.0321067 0.0616601 0.475262 9.9982E-05
0.592949 0.0194248 0.0205551 9.9973E-05 9.9973E-05 0.026785 0.339986 9.9973E-05
0.555581 0.0357253 0.0128517 0.023099 9.9991E-05 0.0993416 0.18065 0.092651
0.264633 0.0229277 0.0415063 9.9982E-05 0.0858527 0.0258922 0.558988 9.9982E-05
0.524111 0.101225 0.0334459 0.0127448 0.0688922 0.0728479 0.110348 0.0763857
0.534832 0.100557 0.0790896 9.9973E-05 0.0211078 9.9973E-05 0.264113 9.9973E-05
0.122853 0.151077 0.055088 9.9982E-05 0.108101 0.0181576 0.544522 9.9982E-05
0.198891 0.0525664 0.0672731 9.9973E-05 0.0523923 9.9973E-05 0.628577 9.9973E-05
0.452823 0.0136175 0.0533947 9.9982E-05 0.0543535 0.0246078 0.401004 9.9982E-05
0.0627451 0.0560802 0.0872729 9.9973E-05 0.198765 9.9973E-05 0.594837 9.9973E-05
0.432604 0.0432962 0.0662358 9.9982E-05 0.0371735 0.0587291 0.361762 9.9982E-05
0.0249864 0.00282469 0.223084 9.9982E-05 0.00437721 0.739407 9.9982E-05 0.00512029
0.0631375 0.310505 0.0978968 0.0766789 0.0487828 0.402799 9.9982E-05 9.9982E-05
0.312897 0.00590516 0.159474 0.0510495 0.039323 0.39404 9.9991E-05 0.0372114
0.517945 9.9982E-05 0.111237 0.0500492 0.0812773 0.201025 9.9982E-05 0.038267
0.0913881 9.9973E-05 0.221051 0.0334683 0.0813908 0.572402 9.9973E-05 9.9973E-05
0.505881 0.0642604 0.101692 0.0466495 0.0195829 0.129715 0.0942196 0.0379989
0.505238 0.0214673 0.0955852 0.0391267 0.0313013 0.226773 9.9991E-05 0.0804088
0.448853 0.107729 0.0625147 0.0246661 0.0987428 0.201001 0.0230847 0.0334093
0.426645 0.0550427 0.100673 0.080741 0.0430564 0.293642 9.9982E-05 9.9982E-05
0.410951 0.00327852 0.19988 0.0301672 9.9982E-05 0.345412 9.9982E-05 0.0101114
0.186366 0.0165203 0.200309 0.0300741 0.0452019 0.521328 9.9982E-05 9.9982E-05
0.381121 0.0226871 0.208191 0.0256575 0.0495001 0.312644 9.9982E-05 9.9982E-05
0.534909 0.0909808 0.0937304 0.017053 0.0496427 0.137931 0.0756532 9.9991E-05
0.575739 0.0411123 0.0835849 0.054904 0.0119228 0.154087 0.0489996 0.0296505
0.225406 0.0811083 0.117144 0.116524 0.083173 0.285448 0.0910974 9.9991E-05
0.408097 0.104632 0.0885397 0.108309 0.0363685 0.242431 0.0115222 9.9991E-05
0.27151 9.9991E-05 0.219982 0.0558018 0.0481473 0.396843 0.00222638 0.00538995
0.490264 0.0407716 0.0994541 0.0531441 9.9982E-05 0.302065 9.9982E-05 0.0141008
0.375967 0.0285476 0.0627144 0.0667427 0.059059 0.341039 9.9991E-05 0.0658301
0.500681 0.100241 0.0632933 0.041644 0.000796729 0.141973 0.0421769 0.109194
0.428268 9.9973E-05 9.9973E-05 0.10409 9.9973E-05 0.104907 0.0614837 0.300951
0.515802 0.0491764 0.0311222 0.170279 9.9991E-05 0.0430367 0.0813466 0.109137
0.428098 0.0600814 0.0465023 0.124544 0.0873209 0.0292008 0.0466625 0.17759
0.525506 0.0908097 9.9991E-05 0.139398 0.0237564 0.0121727 0.115548 0.0927094
0.469915 0.0151221 9.9982E-05 0.178552 9.9982E-05 0.00395164 0.144227 0.188033
0.436757 0.222858 0.0451877 9.9973E-05 9.9973E-05 0.233636 0.0612613 9.9973E-05
0.483228 0.0103764 9.9991E-05 0.130884 0.0837994 0.0695149 0.0419631 0.180134
0.00392964 0.0809755 0.0017038 0.15909 0.00662249 0.223633 0.334935 0.189111
0.564474 9.9982E-05 0.0195176 0.105119 9.9982E-05 0.0958367 0.118723 0.0961293
0.490684 0.0640405 9.9991E-05 0.163601 0.00159911 0.107179 0.0317523 0.141045
0.481634 9.9991E-05 0.0199629 0.164843 0.0348868 0.180169 0.0395364 0.0788686
0.262951 0.124116 9.9982E-05 0.0925042 9.9982E-05 0.153043 0.187139 0.180047
0.521909 9.9973E-05 9.9973E-05 0.133576 9.9973E-05 0.0981498 0.0701684 0.175897
0.465047 0.124409 0.0309328 0.18404 9.9991E-05 0.0330463 0.0324246 0.13
9.9955E-05 9.9955E-05 9.9955E-05 0.135094 9.9955E-05 9.9955E-05 0.412604 0.451803
0.474127 0.0209155 0.0303924 0.154258 0.0107902 0.12946 9.9991E-05 0.179956
0.550974 0.0249289 9.9973E-05 0.156185 9.9973E-05 9.9973E-05 0.11011 0.157502
0.553715 0.0564932 0.0257691 0.100096 0.0346025 0.0926532 0.0296485 0.107022
0.53411 0.0338234 9.9973E-05 0.217093 9.9973E-05 9.9973E-05 0.0512185 0.163455
0.537038 0.00121227 0.00861333 0.0588758 0.00554764 0.0698304 0.0981437 0.220739
0.408983 0.463675 9.9964E-05 9.9964E-05 0.0576252 9.9964E-05 9.9964E-05 0.0693166
0.410163 0.210985 9.9991E-05 0.060632 0.101786 0.115514 0.0509998 0.0498209
9.9973E-05 0.900759 0.0457423 9.9973E-05 0.044297 0.00621385 0.00268822 9.9973E-05
9.9955E-05 0.969192 9.9955E-05 9.9955E-05 9.9955E-05 0.0175081 9.9955E-05 0.0127999
0.477736 0.368667 0.0140281 0.0183136 9.9991E-05 0.0236828 0.0209838 0.0764893
0.316559 0.0813787 9.9973E-05 0.339923 9.9973E-05 9.9973E-05 0.127287 0.134553
0.332299 0.209245 9.9973E-05 0.26774 9.9973E-05 9.9973E-05 0.0271116 0.163304
0.171492 0.273165 9.9973E-05 0.2776 9.9973E-05 9.9973E-05 0.0842233 0.19322
0.346224 0.206665 9.9973E-05 0.234183 9.9973E-05 9.9973E-05 0.0686504 0.143977
0.0522322 0.695578 9.9973E-05 0.0496296 9.9973E-05 9.9973E-05 0.123338 0.0789223
0.117413 0.6734 9.9973E-05 0.0394933 9.9973E-05 9.9973E-05 0.0674206 0.101973
0.544311 0.377384 9.9982E-05 0.0591026 9.9982E-05 0.00320085 0.00430837 0.0114935
0.362034 0.474169 9.9964E-05 0.110455 9.9964E-05 9.9964E-05 9.9964E-05 0.0529424
0.168812 0.716559 9.9964E-05 0.0613602 9.9964E-05 9.9964E-05 9.9964E-05 0.052869
0.510865 0.29754 9.9973E-05 0.0612002 9.9973E-05 0.0797268 9.9973E-05 0.0503681
0.551868 0.315214 0.0173998 0.0556744 9.9982E-05 9.9982E-05 0.00554179 0.0541021
0.474124 0.24983 0.00536143 0.0877701 0.0227237 9.9991E-05 0.0631005 0.0969896
0.266282 0.656299 9.9973E-05 9.9973E-05 0.00394784 0.0447249 9.9973E-05 0.0284464
0.352677 0.530314 9.9973E-05 9.9973E-05 0.0384818 0.063427 9.9973E-05 0.0148004
0.479143 0.322464 0.00688667 0.00770049 0.0730108 0.0474556 0.0435107 0.0198288
0.433251 0.361829 0.0899479 0.0221424 0.0219229 0.00905031 0.0135216 0.0483343
0.448426 0.261531 0.00899987 0.0631745 0.0597139 0.0630088 9.9991E-05 0.0950455
0.4196 0.44163 0.0184846 9.9982E-05 0.039992 0.0363263 0.0437671 9.9982E-05
0.148213 0.817199 0.0200409 9.9964E-05 9.9964E-05 0.0141479 9.9964E-05 9.9964E-05
0.597119 0.348401 0.00839756 0.0244564 9.9973E-05 9.9973E-05 9.9973E-05 0.0213264
0.141308 0.789569 0.0319174 0.00242179 9.9973E-05 0.0344834 9.9973E-05 9.9973E-05
0.417923 0.542924 9.9955E-05 9.9955E-05 9.9955E-05 9.9955E-05 9.9955E-05 0.0386532
0.499678 0.323897 0.0315991 9.9982E-05 0.0389635 9.9982E-05 0.0212301 0.0844326
0.514771 0.342244 0.0523946 0.0146498 0.00598115 9.9982E-05 9.9982E-05 0.0697588
0.509284 0.116863 9.9991E-05 0.101002 0.0229261 0.00453189 0.0588473 0.186446
0.388106 0.0686493 0.0227791 0.133626 0.0409601 0.13512 0.0685361 0.142224
0.292901 0.113327 9.9982E-05 0.249859 9.9982E-05 0.0238481 0.131326 0.188538
0.307007 0.0926793 9.9991E-05 0.211184 0.0504946 0.0288304 0.10781 0.201894
0.447471 0.033323 0.0219602 0.158043 0.0258115 0.0879144 0.0927931 0.132684
0.440509 0.174428 0.0278042 0.153597 9.9982E-05 9.9982E-05 0.0438789 0.159583
9.9964E-05 0.689575 9.9964E-05 0.0888993 9.9964E-05 9.9964E-05 0.0421703 0.178955
0.533777 0.162859 0.0178954 0.177261 0.0146385 9.9991E-05 0.0116162 0.081853
9.9964E-05 0.401153 9.9964E-05 0.0873301 9.9964E-05 9.9964E-05 0.192802 0.318316
0.475958 0.319984 9.9964E-05 0.154266 9.9964E-05 9.9964E-05 9.9964E-05 0.0493916
0.0961714 0.903229 9.9946E-05 9.9946E-05 9.9946E-05 9.9946E-05 9.9946E-05 9.9946E-05
9.9946E-05 0.906058 9.9946E-05 9.9946E-05 0.0933425 9.9946E-05 9.9946E-05 9.9946E-05
0.448373 0.551028 9.9946E-05 9.9946E-05 9.9946E-05 9.9946E-05 9.9946E-05 9.9946E-05
0.572025 0.413904 9.9955E-05 0.0135709 9.9955E-05 9.9955E-05 9.9955E-05 9.9955E-05
0.377434 0.621966 9.9946E-05 9.9946E-05 9.9946E-05 9.9946E-05 9.9946E-05 9.9946E-05
0.537194 0.453734 9.9955E-05 9.9955E-05 9.9955E-05 9.9955E-05 9.9955E-05 0.00857181
0.523623 0.475777 9.9946E-05 9.9946E-05 9.9946E-05 9.9946E-05 9.9946E-05 9.9946E-05
0.0197141 0.0138317 0.0737896 0.0302389 0.00562161 9.9982E-05 9.9982E-05 0.856604
0.0327359 9.9982E-05 0.0904155 0.0778366 0.0171618 9.9982E-05 0.0327542 0.748896
9.9955E-05 9.9955E-05 0.0677199 0.0353738 9.9955E-05 9.9955E-05 9.9955E-05 0.896406
0.0420071 9.9955E-05 9.9955E-05 9.9955E-05 9.9955E-05 9.9955E-05 0.01338 0.944113
0.485178 9.9991E-05 0.0149575 0.0516364 0.3261 0.00588894 0.0914662 0.0246719
0.478369 9.9982E-05 0.0703624 0.0349608 0.334165 0.0116938 9.9982E-05 0.0702499
0.517267 9.9964E-05 0.00999138 9.9964E-05 0.452342 9.9964E-05 9.9964E-05 0.0200001
0.564481 9.9991E-05 0.00566597 0.00718908 0.240619 0.0772049 0.0214941 0.0832459
0.564887 0.00214081 0.0516638 0.00956401 0.105817 0.0757123 0.125052 0.0651641
0.282134 9.9973E-05 0.0518826 9.9973E-05 0.538572 0.0808994 9.9973E-05 0.0462113
0.656658 9.9955E-05 9.9955E-05 9.9955E-05 0.340496 9.9955E-05 9.9955E-05 0.00234659
0.255227 0.127342 9.9964E-05 9.9964E-05 0.532981 9.9964E-05 0.0840499 9.9964E-05
0.367684 9.9982E-05 0.0490974 0.134431 9.9982E-05 0.100394 0.0650942 0.2831
0.420957 0.0945447 0.0134105 0.0233041 0.368843 0.0123316 0.0665091 9.9991E-05
0.346476 9.9973E-05 0.0428394 9.9973E-05 0.535645 0.0495929 9.9973E-05 0.0251475
0.541683 0.0674479 0.00459665 9.9973E-05 0.349023 9.9973E-05 0.0369488 9.9973E-05
0.379329 9.9982E-05 0.0359378 0.0284847 0.419063 0.12787 9.9982E-05 0.00911521
0.59744 0.0499726 9.9964E-05 0.000548047 0.351639 9.9964E-05 9.9964E-05 9.9964E-05
0.539962 9.9964E-05 0.0506138 9.9964E-05 0.34353 9.9964E-05 9.9964E-05 0.0654938
9.9955E-05 0.088911 9.9955E-05 9.9955E-05 0.839568 9.9955E-05 0.0710215 9.9955E-05
0.309402 0.0350887 9.9973E-05 0.00192823 0.558592 9.9973E-05 0.0946885 9.9973E-05
0.361834 0.0570945 9.9982E-05 0.0195861 0.520745 0.0130481 0.027492 9.9982E-05
9.9955E-05 0.0855734 9.9955E-05 9.9955E-05 0.829107 9.9955E-05 0.0848197 9.9955E-05
0.408213 9.9973E-05 0.0510676 9.9973E-05 0.432774 0.0863212 9.9973E-05 0.0213241
0.0607698 0.0715534 9.9964E-05 9.9964E-05 0.615138 9.9964E-05 0.252139 9.9964E-05
9.9955E-05 0.036814 9.9955E-05 9.9955E-05 0.8144 9.9955E-05 0.148286 9.9955E-05
0.562779 0.0280788 0.0433136 0.0334162 0.254898 0.00340734 0.0375853 0.0365215
0.156698 9.9982E-05 0.0723743 0.000418587 0.580563 0.141018 9.9982E-05 0.0487279
0.468553 9.9982E-05 0.0796861 9.9982E-05 0.357474 0.0267478 0.0457776 0.0215622
0.544093 0.0137641 0.0275451 0.0402043 0.153159 9.9991E-05 0.123723 0.0974118
0.475962 9.9982E-05 0.0313959 0.0143175 0.374054 0.0748811 9.9982E-05 0.0291896
0.289608 0.155395 0.0661856 0.00177621 0.0522159 0.358051 0.0766679 9.9991E-05
0.560599 0.0186569 0.0931026 0.0211709 0.276441 9.9982E-05 9.9982E-05 0.0298291
0.507001 9.9973E-05 0.0100018 9.9973E-05 0.317361 0.150346 9.9973E-05 0.0149912
0.277615 0.0686093 9.9982E-05 0.0154582 0.564463 0.0426592 0.0309954 9.9982E-05
0.482183 0.00131181 0.0263169 0.00844695 0.250939 0.124732 0.0184436 0.087626
9.9964E-05 0.0104221 0.271246 9.9964E-05 9.9964E-05 9.9964E-05 0.0650243 0.652907
9.9964E-05 9.9964E-05 0.160639 9.9964E-05 0.0475634 9.9964E-05 0.0316451 0.759753
9.9973E-05 9.9973E-05 0.127519 9.9973E-05 0.00549676 0.00153401 0.0280159 0.837135
9.9964E-05 0.0169592 0.110626 9.9964E-05 9.9964E-05 9.9964E-05 0.0364535 0.835561
0.0178571 9.9973E-05 0.173768 9.9973E-05 0.0137766 9.9973E-05 0.0633821 0.730916
0.126836 9.9973E-05 0.0653383 9.9973E-05 0.652854 0.0888228 9.9973E-05 0.0658492
0.147058 9.9973E-05 0.0604719 9.9973E-05 0.661459 0.0905185 9.9973E-05 0.040193
0.176838 0.0373341 9.9973E-05 0.00580058 0.733003 9.9973E-05 0.0467235 9.9973E-05
0.574985 0.0357718 0.066315 0.000753175 0.127616 0.0173691 0.0638214 0.113369
0.538907 0.0283734 0.00587459 0.0416091 0.197172 0.0477531 9.9991E-05 0.140211
0.25291 0.00151097 9.9973E-05 0.0354405 0.638152 9.9973E-05 0.0716866 9.9973E-05
0.574299 9.9973E-05 9.9973E-05 0.0590683 0.328217 9.9973E-05 0.0277589 0.0103574
0.401115 0.0830944 9.9982E-05 0.0379842 0.408201 9.9982E-05 0.0332649 0.036141
0.517491 0.0105572 0.00482719 9.9982E-05 0.374192 0.0762443 9.9982E-05 0.0164886
0.594426 9.9982E-05 0.015527 0.0709108 0.265227 0.0106653 9.9982E-05 0.0430435
0.197333 9.9973E-05 0.0768131 0.00572423 0.630958 0.0888718 9.9973E-05 9.9973E-05
0.290646 9.9964E-05 0.0519437 9.9964E-05 0.537425 0.119585 9.9964E-05 9.9964E-05
0.301901 9.9973E-05 0.0589154 9.9973E-05 0.514307 0.106164 9.9973E-05 0.018413
0.65364 9.9964E-05 0.065177 9.9964E-05 9.9964E-05 9.9964E-05 0.193274 0.087509
0.399167 9.9964E-05 0.0303067 9.9964E-05 0.534334 9.9964E-05 9.9964E-05 0.0357921
0.415137 9.9973E-05 0.086443 9.9973E-05 0.437564 0.0181828 9.9973E-05 0.0423731
0.403248 0.0461551 0.0101441 0.366735 0.0343821 9.9991E-05 0.0524265 0.0868093
0.312918 9.9982E-05 0.0258875 0.420195 0.0304962 9.9982E-05 0.0831438 0.127159
0.467394 9.9973E-05 0.0109651 0.398809 9.9973E-05 9.9973E-05 0.0322689 0.0902633
0.289236 0.0281487 0.00340443 0.492383 9.9982E-05 9.9982E-05 0.0452461 0.141382
0.461795 9.9982E-05 0.0277221 0.254134 9.9982E-05 0.0200615 0.0794981 0.156589
0.541305 0.00408239 9.9973E-05 9.9973E-05 0.200454 9.9973E-05 0.225654 0.0282051
0.0116152 9.9964E-05 9.9964E-05 0.639545 9.9964E-05 9.9964E-05 0.0936561 0.254784
0.275565 0.00579613 9.9982E-05 0.505933 0.0283981 9.9982E-05 0.0325278 0.151581
0.381947 9.9982E-05 0.00764851 0.130303 0.0506188 9.9982E-05 0.296007 0.133275
0.52231 9.9982E-05 0.0623102 9.9982E-05 0.0183499 0.0205859 0.254473 0.121771
0.484329 9.9982E-05 0.0853783 0.00829059 9.9982E-05 0.0533608 0.303136 0.0653057
0.639818 9.9982E-05 0.0395873 0.0180794 9.9982E-05 0.00458591 0.235052 0.0626778
0.592996 0.019061 0.0202154 0.0240209 0.0557167 0.0124568 0.160294 0.115239
0.348495 9.9973E-05 9.9973E-05 0.450426 9.9973E-05 0.0079586 0.0198336 0.172987
0.363691 0.0067826 0.02027 0.361043 0.072267 9.9991E-05 0.0286878 0.147158
0.439991 9.9964E-05 9.9964E-05 0.459565 9.9964E-05 9.9964E-05 0.00456038 0.0954829
0.41071 0.0346142 0.0300176 0.312738 0.016441 9.9991E-05 0.0600861 0.135294
0.244054 0.0251415 9.9982E-05 0.469439 9.9982E-05 0.00709724 0.0822882 0.17178
0.404821 0.0441477 0.00105941 0.329696 0.0272957 0.0482466 9.9991E-05 0.144634
0.2166 0.0509413 0.0166389 0.558022 0.00144545 9.9991E-05 0.0422835 0.113968
0.365723 9.9991E-05 0.0132057 0.319863 0.0694125 0.0440856 0.0801752 0.107435
0.521068 9.9973E-05 0.0274241 9.9973E-05 0.0287428 9.9973E-05 0.342386 0.0800794
0.354418 0.100904 0.00478222 0.34327 0.0237039 9.9991E-05 0.0234194 0.149402
0.136107 0.0067407 9.9973E-05 0.59051 9.9973E-05 9.9973E-05 0.0566935 0.209649
0.411721 0.0644716 0.0542119 0.30943 9.9982E-05 9.9982E-05 0.0097771 0.150189
0.309 9.9982E-05 0.0878489 9.9982E-05 0.0273142 0.100812 0.359085 0.11574
0.651589 9.9964E-05 9.9964E-05 0.0110163 9.9964E-05 0.0263348 0.31066 9.9964E-05
0.401505 9.9982E-05 0.0452628 0.358193 9.9982E-05 0.00883148 0.0562707 0.129737
0.554915 9.9973E-05 0.04492 9.9973E-05 9.9973E-05 0.0958629 0.217514 0.0864889
0.494181 9.9973E-05 0.0275795 9.9973E-05 9.9973E-05 0.0731334 0.285575 0.119231
0.391008 0.0206476 9.9982E-05 0.188558 0.0358062 9.9982E-05 0.175526 0.188255
0.359557 0.0572222 9.9973E-05 0.23183 9.9973E-05 9.9973E-05 0.127441 0.223649
0.563974 0.00277299 0.0243135 0.0875109 0.0672043 0.0233404 0.162123 0.0687607
0.446605 0.0433324 9.9991E-05 0.279953 0.03112 0.0168764 0.0115903 0.170423
0.433954 9.9973E-05 9.9973E-05 0.405068 9.9973E-05 0.0285981 0.0506632 0.0814172
0.123926 0.00582474 9.9973E-05 0.616681 9.9973E-05 9.9973E-05 0.0756345 0.177634
0.677856 9.9991E-05 0.0331276 0.0117801 0.00854671 0.0241294 0.157383 0.0870764
0.425758 9.9973E-05 9.9973E-05 9.9973E-05 0.00713444 0.130228 0.326979 0.109601
0.193917 9.9964E-05 9.9964E-05 9.9964E-05 0.00908046 9.9964E-05 0.767424 0.029179
0.577118 9.9991E-05 0.0472861 0.0223719 0.0340355 0.00841413 0.167349 0.143325
0.413952 0.0828393 0.0854384 0.0050576 0.00918119 0.103847 0.226225 0.0734606
0.490055 0.0161391 9.9991E-05 0.128396 0.0597616 0.0260315 0.11785 0.161666
0.458426 9.9991E-05 0.00609971 0.0764823 0.0409971 0.110985 0.187591 0.119319
9.9955E-05 9.9955E-05 9.9955E-05 0.113897 9.9955E-05 9.9955E-05 0.584152 0.301452
