9.9982E-05 0.071276 9.9982E-05 0.0343996 0.894124
0.0663624 9.9973E-05 9.9973E-05 9.9973E-05 0.933338
9.999E-05 0.0164469 0.11821 0.0618492 0.803394
9.9991E-05 0.11763 0.00508602 0.107281 0.769903
9.999E-05 0.0386713 0.010206 0.0437915 0.907231
0.126839 0.0819865 0.0653046 0.0958318 0.630038
0.0641181 0.0252357 0.0623725 9.9991E-05 0.848174
0.0659668 0.127636 0.0305946 0.0299957 0.745807
0.093337 0.0837783 9.9982E-05 9.9982E-05 0.822685
0.0924396 9.9991E-05 0.129528 0.0365312 0.741402
0.0856851 0.0865258 0.054444 9.9991E-05 0.773245
0.0909773 0.48406 0.281894 0.142969 9.9991E-05
9.9982E-05 0.391769 0.437367 0.170663 9.9982E-05
0.107598 0.531896 0.17402 0.119201 0.0672859
0.0847018 0.41957 0.304651 0.187711 0.00336615
0.104952 0.258524 0.394175 0.102186 0.140163
0.122204 0.120136 0.64316 0.076045 0.0384559
0.124706 0.250851 0.46674 0.157603 9.9991E-05
0.0414231 0.38873 0.317406 0.126449 0.125992
0.190937 0.724848 9.9991E-05 0.0829656 0.00114866
0.0842976 0.372313 0.375746 0.167544 9.9991E-05
0.214448 0.195254 0.472083 0.0983361 0.0198789
0.106814 0.205182 0.559532 0.05793 0.0705418
0.159178 0.370547 0.377462 0.0927135 9.9991E-05
0.0481432 0.0617952 0.766041 0.0584283 0.0655924
0.0147183 0.226058 0.596079 0.13129 0.0318548
0.0631512 0.610735 0.195207 0.125706 0.00520085
0.098888 0.47799 0.194707 0.228316 9.9991E-05
0.138887 0.558087 0.193216 0.108231 0.00157936
9.9982E-05 9.9982E-05 0.134666 0.0548021 0.810332
9.9973E-05 9.9973E-05 0.173323 9.9973E-05 0.826377
9.9991E-05 0.00546494 0.151196 0.0450057 0.798233
0.0328258 9.9991E-05 0.159056 0.0917816 0.716237
0.297647 0.0303899 0.62032 9.9991E-05 0.0515432
0.175262 0.0278281 0.629459 0.068557 0.0988938
0.181357 0.00388628 0.7078 0.039259 0.0676982
0.117253 0.59615 0.179387 0.0419089 0.0653004
0.442058 0.0547104 0.47019 0.0329419 9.9991E-05
0.0780423 0.208127 0.616855 9.9991E-05 0.0968756
0.100569 9.9991E-05 0.780083 0.0610216 0.0582257
0.0967964 0.0654642 0.691976 0.0291017 0.116662
0.0233694 0.0962659 0.714391 0.0609914 0.104982
0.437421 0.273337 0.289042 9.9982E-05 9.9982E-05
0.242039 0.0560904 0.597486 0.0731833 0.031201
0.199729 0.0346899 0.645477 0.106588 0.0135151
0.146507 9.9991E-05 0.545977 0.117878 0.189538
0.484362 0.0174481 0.49799 9.9982E-05 9.9982E-05
0.19609 9.9982E-05 0.775337 9.9982E-05 0.0283731
0.15677 0.0480022 0.647416 0.0215232 0.126289
0.823471 0.0688651 0.00264166 9.9991E-05 0.104922
0.227945 0.450035 0.32182 9.9982E-05 9.9982E-05
0.540579 0.205416 0.163508 0.0126755 0.0778215
0.0619529 0.147401 0.511011 0.175099 0.104537
0.143365 0.0264662 0.56152 0.165035 0.103613
0.113478 0.0940646 0.617131 0.12264 0.0526864
0.255701 0.443812 0.256534 9.9991E-05 0.0438534
0.0436894 0.340743 0.583911 0.0315566 9.9991E-05
0.0764348 0.123656 0.575988 0.12904 0.094881
0.146265 0.220295 0.443823 0.00537751 0.18424
0.273761 0.380355 0.0879756 0.0606976 0.197211
0.176565 0.112008 0.508379 0.155079 0.0479696
0.0980292 0.316904 0.366695 0.130436 0.0879358
0.334961 0.550663 0.046724 9.9991E-05 0.0675514
0.17316 0.285874 0.505789 0.035077 9.9991E-05
0.144297 0.0720313 0.651194 0.10756 0.0249178
0.119657 0.169722 0.573869 0.0985637 0.0381877
0.266923 0.260732 0.326749 0.0858584 0.0597365
0.194078 0.192462 0.507091 0.106269 9.9991E-05
0.0850811 0.191812 0.652677 0.0430955 0.0273339
0.239126 0.467359 0.254641 9.9991E-05 0.038774
0.192199 0.0787193 0.728882 9.9982E-05 9.9982E-05
0.357053 0.213244 0.429503 9.9982E-05 9.9982E-05
0.0871087 0.222 0.568138 0.0776127 0.0451399
0.786108 0.0415902 0.172102 9.9982E-05 9.9982E-05
0.66295 0.139784 0.197066 9.9982E-05 9.9982E-05
0.445439 0.0857861 0.468575 9.9982E-05 9.9982E-05
0.145965 0.208844 0.644992 9.9982E-05 9.9982E-05
0.170348 0.0759367 0.551621 0.0829964 0.119098
0.241523 0.0931315 0.628655 9.9991E-05 0.0365904
0.355398 0.246626 0.347813 9.9991E-05 0.0500627
0.265728 0.307206 0.412089 9.9991E-05 0.014877
0.169165 0.0618219 0.632367 0.0518348 0.0848116
0.349767 0.153986 0.496047 9.9982E-05 9.9982E-05
0.364735 0.0767431 0.526103 9.9991E-05 0.0323193
0.41542 9.9973E-05 0.58428 9.9973E-05 9.9973E-05
0.856622 0.0655001 0.0655898 0.0121879 9.9991E-05
0.146206 0.0116448 0.747562 0.0333072 0.0612804
9.9991E-05 0.0733979 0.077841 0.0528559 0.795805
9.9973E-05 9.9973E-05 0.109017 9.9973E-05 0.890683
9.9982E-05 9.9982E-05 0.10228 0.012829 0.884691
9.9982E-05 9.9982E-05 0.0558978 0.00983112 0.934071
9.9982E-05 9.9982E-05 0.130881 0.00103774 0.867881
9.9982E-05 9.9982E-05 0.0327241 0.0548 0.912276
9.9982E-05 9.9982E-05 0.0513955 0.017922 0.930483
0.0976686 0.134826 0.568514 0.135529 0.0634625
0.0980911 0.100224 0.703457 9.9991E-05 0.0981276
0.564594 0.225418 0.209788 9.9982E-05 9.9982E-05
0.102715 0.0980576 0.57747 0.12813 0.0936276
0.176674 0.198948 0.591794 9.9991E-05 0.0324846
0.167823 9.9991E-05 0.721098 0.0392728 0.071706
0.307146 0.0353582 0.645095 9.9991E-05 0.0123007
0.28247 9.9982E-05 0.656372 0.0609585 9.9982E-05
0.543082 0.360909 0.0958085 9.9982E-05 9.9982E-05
0.34352 0.0294976 0.49009 0.0284625 0.108429
0.202741 9.9991E-05 0.631023 0.0516042 0.114532
0.114523 0.0794402 0.577226 0.104317 0.124494
0.575335 9.9973E-05 0.424366 9.9973E-05 9.9973E-05
0.316351 0.00533898 0.677579 9.9991E-05 0.000631342
0.259636 0.114945 0.592684 9.9991E-05 0.0326357
0.445378 0.00269767 0.53682 0.015005 9.9991E-05
0.22803 0.138641 0.582795 9.9991E-05 0.0504345
0.138483 0.0664689 0.580316 0.124544 0.0901878
0.249937 0.379083 0.27624 0.0413871 0.0533531
9.9991E-05 0.374509 0.465342 0.0664184 0.0936309
9.9991E-05 0.170692 0.580866 0.0660421 0.1823
0.111973 0.0763486 0.633876 0.0715815 0.106222
9.9982E-05 0.432087 0.54765 9.9982E-05 0.0200633
9.9991E-05 0.2973 0.555854 0.049242 0.097504
9.9991E-05 0.425614 0.484117 0.0362615 0.053908
0.0933901 0.123236 0.571457 0.0575706 0.154346
0.0774881 0.145489 0.663759 0.0448062 0.0684579
0.0334735 0.213478 0.687682 9.9991E-05 0.0652665
0.0265767 0.361211 0.612013 9.9982E-05 9.9982E-05
0.0885223 0.180123 0.580285 0.101625 0.0494443
0.164917 0.089223 0.506179 0.171858 0.0678238
0.014554 0.296427 0.590806 0.0981131 9.9991E-05
0.0606031 0.257276 0.547564 0.114409 0.0201477
0.109854 0.191752 0.572232 0.126062 9.9991E-05
0.159426 0.274795 0.415153 0.0167385 0.133887
9.9991E-05 0.23344 0.662936 0.0865574 0.016967
0.0564679 0.0875151 0.724139 0.0691057 0.0627721
0.165818 0.492942 0.20398 0.137161 9.9991E-05
0.449203 0.315178 0.148192 0.0828996 0.00452687
0.112011 0.227098 0.607383 0.0248078 0.0287
0.529882 0.291237 0.0914611 0.0873197 9.9991E-05
0.18915 0.431034 0.326699 9.9991E-05 0.0530176
0.0759883 0.406072 0.51774 9.9982E-05 9.9982E-05
0.0498142 0.486458 0.440622 9.9991E-05 0.0230058
0.199791 0.446544 0.276893 0.0766718 9.9991E-05
0.00636666 0.193508 0.691193 0.0470006 0.0619318
0.0782671 0.0611677 0.734053 0.0347075 0.0918047
0.0586378 0.270737 0.670409 9.9991E-05 0.000116067
0.386276 0.380989 0.114633 0.118001 9.9991E-05
0.0349557 0.0902362 0.72274 0.0187334 0.133334
0.242396 0.10718 0.512406 0.102832 0.0351867
0.670116 0.0922755 0.0438538 9.9991E-05 0.193655
0.12691 9.9991E-05 0.670649 0.0600268 0.142314
0.390681 0.0294464 0.381001 0.0426443 0.156228
0.216993 0.103173 0.510391 0.0638953 0.105547
0.357546 0.116731 0.302152 0.0810444 0.142527
0.500944 0.0781062 0.274913 9.9991E-05 0.145937
0.311655 0.173307 0.443525 9.9991E-05 0.0714128
0.240591 0.0146415 0.498978 0.134974 0.110816
0.215678 0.142872 0.412518 0.172533 0.0563988
0.627699 0.0755108 9.9991E-05 0.234125 0.0625657
0.23729 0.0531608 0.532207 0.124639 0.0527028
0.397511 0.0845677 0.517721 9.9982E-05 9.9982E-05
0.334307 0.0818638 0.444434 0.138922 0.000473406
0.19827 0.0485696 0.549589 0.12442 0.0791513
0.236469 0.0517969 0.0687293 0.311416 0.331589
0.236125 9.9982E-05 9.9982E-05 0.166968 0.596706
0.330357 9.9982E-05 9.9982E-05 0.196101 0.473342
0.138096 0.0709539 0.0513075 0.360601 0.379041
0.228312 9.9991E-05 0.697396 0.0374184 0.0367741
0.180453 9.9991E-05 0.679631 0.00547216 0.134344
9.9982E-05 0.0468189 0.213707 0.739275 9.9982E-05
0.013962 0.155703 0.350018 0.480218 9.9991E-05
0.116983 0.0791479 0.280718 0.465471 0.0576799
0.54134 0.0238657 0.376517 0.0425504 0.0157268
0.15938 0.112398 0.499836 0.0302789 0.198107
0.671582 0.0164893 0.202211 0.0697532 0.0399642
0.232541 0.0276974 0.648539 0.028929 0.0622932
0.316433 0.0956113 0.480493 0.0607837 0.0466785
0.30833 0.0262137 0.508248 0.148371 0.00883658
0.649769 0.0439084 0.231988 0.0420856 0.0322494
0.151741 0.062862 0.567585 0.176325 0.0414869
0.231592 0.076135 0.430688 0.160749 0.100837
0.00377374 9.9973E-05 9.9973E-05 0.995926 9.9973E-05
9.9973E-05 9.9973E-05 0.0921713 0.907529 9.9973E-05
0.0335999 0.0735904 0.283371 0.572304 0.0371342
9.9982E-05 9.9982E-05 0.232531 0.755517 0.0117522
9.9982E-05 9.9982E-05 0.162505 0.818799 0.0184961
9.997E-05 9.997E-05 9.997E-05 0.9996 9.997E-05
9.9973E-05 0.0525673 9.9973E-05 0.947133 9.9973E-05
9.9973E-05 9.9973E-05 0.152177 0.847524 9.9973E-05
9.9982E-05 0.00433621 0.00194583 0.993518 9.9982E-05
9.997E-05 9.997E-05 9.997E-05 0.9996 9.997E-05
9.997E-05 9.997E-05 9.997E-05 0.9996 9.997E-05
9.9991E-05 0.035528 0.119951 0.829118 0.0153031
9.9991E-05 0.0364225 0.165141 0.794594 0.00374279
9.9973E-05 0.0245511 9.9973E-05 0.975149 9.9973E-05
0.0427927 0.117227 0.379369 0.366343 0.0942683
0.016036 0.0308314 0.172849 0.752531 0.0277522
9.9991E-05 0.0587481 0.173719 0.723282 0.0441514
9.9982E-05 0.0437678 0.0627906 0.893242 9.9982E-05
9.9982E-05 9.9982E-05 0.000209827 0.989684 0.00990628
9.9991E-05 0.00289126 0.103916 0.827204 0.0658894
9.997E-05 9.997E-05 9.997E-05 0.9996 9.997E-05
9.9991E-05 0.101462 0.273686 0.599435 0.0253169
0.0415017 0.0140567 0.056681 0.857926 0.029835
0.543238 9.9982E-05 9.9982E-05 0.0539012 0.40266
0.131283 0.142992 0.384767 0.163994 0.176964
0.0992558 0.110832 0.414432 0.103749 0.271731
0.377919 0.00477436 0.184777 0.0835648 0.348965
0.241545 0.0695252 0.361186 0.19437 0.133373
0.337667 9.9991E-05 0.211987 0.124994 0.325252
0.176152 0.0919729 0.359482 0.155588 0.216805
0.280115 9.9991E-05 0.300728 0.248372 0.170685
0.253163 9.9991E-05 0.385898 0.229492 0.131348
0.241926 9.9991E-05 0.341452 0.205582 0.21094
0.273424 0.00283173 0.397603 0.157558 0.168583
0.0467722 0.0615805 0.0493806 9.9991E-05 0.842167
0.0427387 0.0034889 9.9991E-05 0.0370659 0.916607
9.9982E-05 0.027626 0.00499981 9.9982E-05 0.967174
9.9982E-05 0.0279417 0.0210036 9.9982E-05 0.950855
9.9991E-05 0.0193791 0.0420993 0.0253225 0.913099
9.9973E-05 9.9973E-05 9.9973E-05 0.0783873 0.921313
9.9991E-05 0.00940711 0.0355833 0.0604948 0.894415
0.0443465 0.00944116 9.9982E-05 9.9982E-05 0.946012
9.9982E-05 9.9982E-05 0.0564888 0.00294557 0.940366
9.9973E-05 9.9973E-05 9.9973E-05 0.130039 0.869661
0.145719 0.26262 9.9982E-05 9.9982E-05 0.591462
0.0447645 0.369306 9.9991E-05 0.00460042 0.581229
0.133159 0.307044 9.9982E-05 9.9982E-05 0.559597
0.147302 0.377695 9.9982E-05 9.9982E-05 0.474803
0.254164 0.106511 0.578139 9.9991E-05 0.0610859
0.215579 0.168297 0.563201 0.0528223 9.9991E-05
0.0322905 0.236447 0.662023 0.0309158 0.0383236
0.201457 0.28996 0.436021 9.9991E-05 0.0724617
0.125166 0.669227 0.19157 0.0139375 9.9991E-05
0.256981 9.9982E-05 0.671261 9.9982E-05 0.0715581
0.0947727 0.158761 0.746267 9.9982E-05 9.9982E-05
0.243264 0.137576 0.588291 0.0307688 9.9991E-05
0.461656 9.9982E-05 0.50903 0.0291142 9.9982E-05
0.0409757 0.121101 0.771545 0.0171055 0.0492723
0.234231 0.190583 0.574986 9.9982E-05 9.9982E-05
0.850417 0.127359 0.0220238 9.9982E-05 9.9982E-05
0.190376 0.0836806 0.598733 0.118357 0.00885307
0.578974 9.9982E-05 0.407436 9.9982E-05 0.01339
0.301208 0.0292818 0.648729 0.0115345 0.00924669
0.427518 0.296206 0.276076 9.9982E-05 9.9982E-05
0.0787408 0.746759 0.00161308 9.9991E-05 0.172787
0.061847 0.738883 0.0717338 9.9991E-05 0.127436
0.111228 0.8287 9.9982E-05 9.9982E-05 0.0598718
0.0500773 0.822443 9.9982E-05 9.9982E-05 0.12728
0.0476775 0.902788 0.00517723 0.0295991 0.014758
0.033179 0.743791 0.0523413 0.0652366 0.105452
0.0123689 9.9991E-05 0.0673283 0.0667536 0.853449
9.9991E-05 0.0949463 0.0351576 0.0668732 0.802923
9.9982E-05 9.9982E-05 0.0753904 0.12612 0.798289
9.9991E-05 0.0833002 0.0464876 0.117746 0.752366
9.9991E-05 0.0684721 0.00928123 0.122242 0.799904
0.0575525 0.523148 9.9982E-05 9.9982E-05 0.4191
0.135959 0.406831 9.9982E-05 9.9982E-05 0.45701
0.137479 0.418237 9.9982E-05 9.9982E-05 0.444084
9.9991E-05 0.00302594 0.152989 0.0165212 0.827364
0.073591 0.544441 9.9982E-05 9.9982E-05 0.381768
0.103287 9.9991E-05 0.259656 0.415399 0.221558
0.107171 0.0654024 0.459524 0.230443 0.137459
9.9982E-05 9.9982E-05 0.519268 0.282714 0.197818
0.103312 9.9991E-05 0.375894 0.252939 0.267754
0.0849555 0.00587897 0.58348 0.146318 0.179368
0.178278 9.9982E-05 9.9982E-05 0.316442 0.50508
0.111911 0.359575 0.494362 9.9991E-05 0.0340521
0.3482 0.216957 0.347348 0.0603686 0.0271262
9.9991E-05 0.58906 0.265548 0.0804031 0.0648889
0.32854 0.132939 0.527694 0.0107275 9.9991E-05
0.833455 0.166245 9.9973E-05 9.9973E-05 9.9973E-05
0.0923889 0.294837 0.529307 0.0444155 0.0390521
0.209772 0.226626 0.493114 0.0703872 9.9991E-05
0.0391641 0.466129 0.41536 9.9991E-05 0.0792462
0.113555 0.149422 0.613563 0.0615026 0.0619583
0.477183 0.326813 0.171069 0.00348763 0.0214472
0.291558 0.180357 0.427743 0.100242 9.9991E-05
0.0402531 0.350883 0.545177 0.0635868 9.9991E-05
0.104073 0.084634 0.413812 0.194747 0.202734
0.225207 0.302322 0.409282 0.0630886 9.9991E-05
0.175949 0.24373 0.502317 0.0598195 0.0181847
0.186322 0.126196 0.522177 0.153803 0.0115021
0.154242 0.192573 0.652986 9.9982E-05 9.9982E-05
0.0697431 0.22467 0.58852 0.116968 9.9991E-05
0.108386 0.162525 0.505674 0.133409 0.0900058
0.0543109 0.209734 0.530711 0.0989746 0.106269
9.9982E-05 9.9982E-05 0.134963 0.0663632 0.798474
0.00832937 9.9991E-05 0.105926 0.00240651 0.883238
0.013653 0.0889349 0.0877439 9.9991E-05 0.809568
0.0212948 0.0378708 0.0851965 9.9991E-05 0.855538
9.9982E-05 9.9982E-05 0.125254 0.0113932 0.863153
0.0565979 0.713501 0.170895 0.0589064 9.9991E-05
0.1855 0.0626051 0.551627 0.138556 0.061712
0.0830581 9.9991E-05 0.475939 0.204591 0.236312
9.9991E-05 0.221774 0.639102 0.132471 0.00655222
0.0948198 0.301596 0.507424 0.0525767 0.0435835
0.251547 0.412059 0.199697 0.136597 9.9991E-05
0.167833 0.681236 0.0155071 9.9991E-05 0.135324
0.00110674 0.367074 0.599971 0.0317477 9.9991E-05
0.125732 0.51875 0.233362 0.031234 0.0909225
0.235286 0.200225 0.467979 0.0795173 0.0169937
0.16148 0.56681 0.104797 0.0602134 0.1067
9.9991E-05 0.187708 0.636184 0.053747 0.122261
0.104966 0.589029 0.184216 0.0726951 0.0490941
0.225399 0.354159 0.291657 0.103319 0.0254664
0.227668 0.147669 0.507319 0.0327768 0.0845667
0.574514 0.0461311 0.283143 0.0645724 0.03164
0.117112 0.11271 0.661454 0.022235 0.0864889
0.209649 9.9982E-05 0.616918 9.9982E-05 0.173234
0.458213 0.0909827 0.427087 9.9991E-05 0.0236169
0.243329 0.102827 0.491609 0.132726 0.0295089
0.290143 0.00367225 0.617025 9.9991E-05 0.0890596
0.732056 0.128856 0.138888 9.9982E-05 9.9982E-05
0.605132 0.0219142 0.321791 9.9991E-05 0.0510628
0.337034 0.0144041 0.572197 9.9991E-05 0.0762646
0.622357 0.118787 0.222494 9.9991E-05 0.0362623
0.289791 0.165216 0.506242 0.0255303 0.0132215
0.190764 0.619166 0.104194 0.0857757 9.9991E-05
0.363798 0.329286 0.264352 0.0424644 9.9991E-05
0.0119381 0.464348 0.409175 0.0989318 0.0156069
0.00724096 0.224422 0.608632 0.159606 9.9991E-05
0.133954 0.528512 0.320559 0.0168753 9.9991E-05
0.153456 0.168431 0.534164 0.0907257 0.0532233
9.9991E-05 0.261741 0.587691 0.111312 0.0391571
0.0368272 0.320448 0.49956 0.143065 9.9991E-05
0.00929453 0.290123 0.533274 0.124954 0.0423549
0.0758542 0.361241 0.46603 0.0687655 0.0281094
0.120269 0.53227 0.212357 0.135003 9.9991E-05
0.0983707 0.499817 0.217037 0.184675 9.9991E-05
0.0569637 0.206196 0.669089 0.0676513 9.9991E-05
0.0509335 0.189674 0.63968 0.0502653 0.0694476
0.210954 0.203272 0.496917 9.9991E-05 0.0887568
0.0725647 0.30202 0.49736 0.127955 9.9991E-05
9.9991E-05 0.497843 0.379482 0.0807855 0.0417901
0.089659 0.212833 0.630107 0.0673017 9.9991E-05
0.0514884 0.237851 0.577446 0.0927733 0.0404416
0.120225 0.13138 0.568874 0.125558 0.0539627
0.0376671 9.9991E-05 0.454907 0.15933 0.347996
0.11138 9.9991E-05 0.399663 0.285786 0.20307
0.0813082 0.095924 0.505305 0.166781 0.150682
0.131152 0.0110041 0.596 0.113817 0.148028
0.0957128 0.023754 0.432822 0.268882 0.17883
0.3105 0.161482 0.473206 0.0547124 9.9991E-05
0.0379526 0.141917 0.522883 0.112285 0.184962
0.527489 9.9991E-05 0.001477 0.175203 0.29573
0.0436751 0.0991816 0.530504 0.236591 0.090049
0.0115329 0.0455698 0.627385 0.203631 0.111881
0.0671511 0.0780759 0.481085 0.272292 0.101396
0.176733 0.143959 0.301387 0.152334 0.225586
0.0643523 0.0247909 0.560793 0.111328 0.238735
9.9982E-05 9.9982E-05 0.581266 0.214758 0.203776
0.310819 9.9982E-05 9.9982E-05 0.203882 0.4851
9.9991E-05 0.0683327 0.470016 0.236165 0.225386
0.0946241 9.9991E-05 0.480151 0.272596 0.152529
0.0730863 0.0361231 0.58251 0.164819 0.143462
0.0304543 0.0312791 0.418181 0.300405 0.21968
0.015215 0.0414526 0.616459 0.107325 0.219548
0.234182 0.0856217 0.599099 0.0809968 9.9991E-05
0.229979 0.069539 0.569684 0.0916358 0.0391627
0.747685 0.0869702 0.165145 9.9982E-05 9.9982E-05
0.837854 0.104236 0.0577096 9.9982E-05 9.9982E-05
0.139076 0.105339 0.546854 0.127059 0.0816717
0.109659 9.9991E-05 0.417432 0.345314 0.127495
0.159285 9.9991E-05 0.321805 0.355552 0.163258
0.230988 0.00721925 0.190033 0.315392 0.256367
0.118499 9.9991E-05 0.41768 0.263563 0.200158
0.649165 9.9991E-05 0.128669 0.113756 0.10831
0.57173 9.9991E-05 0.141013 0.124387 0.16277
0.262866 9.9982E-05 0.545087 0.191848 9.9982E-05
0.252453 9.9991E-05 0.519103 0.170288 0.0580562
0.509761 9.9991E-05 0.230889 0.159191 0.100059
0.179101 0.0698365 0.514254 0.13322 0.103588
0.263622 9.9991E-05 0.500308 0.186592 0.049379
0.161768 0.127471 0.429681 0.222355 0.0587249
0.396085 0.103436 0.492463 9.9991E-05 0.00791659
0.410093 0.0931219 0.406429 0.0902566 9.9991E-05
0.27944 0.0749873 0.561154 0.0441666 0.0402522
0.400007 0.0603013 0.387374 0.0989728 0.0533449
0.288227 0.0678998 0.421214 0.157069 0.0655904
0.38936 0.0441734 0.523375 9.9991E-05 0.0429906
0.58043 0.119435 0.299935 9.9982E-05 9.9982E-05
0.250815 9.9991E-05 0.698928 0.0322749 0.0178825
0.56014 0.121986 0.310341 0.00743259 9.9991E-05
0.325662 0.103645 0.515974 0.0208174 0.0339014
0.148087 0.0654163 0.598755 0.0698264 0.117916
0.229184 0.0530669 0.617511 0.00995324 0.0902846
0.16264 9.9991E-05 0.492131 0.160576 0.184553
0.0845759 0.139163 0.456918 0.114206 0.205137
0.0820117 0.127141 0.295319 0.334466 0.161062
0.124574 0.0996459 0.314627 0.255652 0.2055
0.028853 0.10251 0.53748 0.141141 0.190016
0.102659 9.9991E-05 0.498882 0.221279 0.17708
0.629565 9.9982E-05 9.9982E-05 0.163863 0.206372
0.0697396 0.0423438 0.562038 0.228896 0.0969821
0.407135 9.9982E-05 9.9982E-05 0.187 0.405665
0.190258 9.9991E-05 0.45901 0.289026 0.0616068
0.796364 9.9973E-05 0.203336 9.9973E-05 9.9973E-05
0.914082 0.085618 9.9973E-05 9.9973E-05 9.9973E-05
0.383713 9.9973E-05 0.615987 9.9973E-05 9.9973E-05
0.201611 0.0306652 0.661985 0.0469033 0.0588353
0.466509 0.0224523 0.510838 9.9982E-05 9.9982E-05
0.328307 0.0199335 0.582133 0.0326587 0.0369676
0.299086 0.0574498 0.641409 0.00195512 9.9991E-05
9.9991E-05 0.0186258 0.119437 0.0362653 0.825572
9.9982E-05 0.167818 9.9982E-05 0.15459 0.677391
9.9982E-05 0.0272539 9.9982E-05 0.0830915 0.889455
9.9973E-05 9.9973E-05 0.041339 9.9973E-05 0.958361
0.306203 0.0364563 0.616464 9.9991E-05 0.040777
0.232795 0.0929415 0.592441 9.9991E-05 0.0817224
0.255494 0.0800561 0.659207 0.00514311 9.9991E-05
0.10951 0.00123128 0.767222 9.9991E-05 0.121936
0.172712 0.116536 0.61041 0.0477756 0.0525671
0.492254 0.0981633 0.369342 0.0237077 0.0165334
0.202827 0.0564059 0.740567 9.9982E-05 9.9982E-05
0.515283 9.9973E-05 0.484418 9.9973E-05 9.9973E-05
0.0423966 0.118553 0.454925 0.191319 0.192807
0.381877 0.0663189 0.488363 0.0633405 9.9991E-05
0.330678 0.213015 0.456107 9.9982E-05 9.9982E-05
0.241464 0.0490843 0.709251 9.9982E-05 9.9982E-05
0.339156 0.118872 0.541771 9.9982E-05 9.9982E-05
0.301383 9.9973E-05 0.698317 9.9973E-05 9.9973E-05
0.0932854 0.130535 0.720599 9.9991E-05 0.0554813
0.734098 9.9973E-05 0.265602 9.9973E-05 9.9973E-05
0.499143 0.0141524 0.472528 9.9991E-05 0.0140773
0.395944 0.180881 0.422976 9.9982E-05 9.9982E-05
0.898523 9.9973E-05 0.101177 9.9973E-05 9.9973E-05
0.25882 0.208407 0.494134 0.0385383 9.9991E-05
0.696245 0.0459881 0.257567 9.9982E-05 9.9982E-05
0.917125 0.0168924 0.0465466 9.9991E-05 0.0193364
0.212639 0.0138586 0.683052 0.0355204 0.0549299
0.382041 0.194349 0.42341 9.9982E-05 9.9982E-05
0.200028 0.126157 0.595097 0.0786183 9.9991E-05
0.145185 9.9991E-05 0.667048 0.100159 0.0875073
0.196639 0.123958 0.654823 0.0244798 9.9991E-05
0.257199 0.322314 0.302872 0.117515 9.9991E-05
0.2161 0.0687824 0.709875 9.9991E-05 0.00514201
0.148098 0.222003 0.601314 0.0284859 9.9991E-05
0.55064 9.9973E-05 0.44906 9.9973E-05 9.9973E-05
0.227539 0.00406581 0.686213 0.0115058 0.0706759
0.0854023 0.234274 0.0160134 9.9991E-05 0.66421
0.0614743 0.139084 0.0458141 9.9991E-05 0.753527
0.0312636 0.141742 9.9982E-05 9.9982E-05 0.826795
0.0371378 0.14348 9.9982E-05 9.9982E-05 0.819183
9.9982E-05 0.222251 0.031409 9.9982E-05 0.74614
0.376514 0.292424 0.330862 9.9982E-05 9.9982E-05
0.478217 0.236459 0.266294 9.9991E-05 0.0189296
0.658535 9.9973E-05 0.341165 9.9973E-05 9.9973E-05
0.223314 0.0435877 0.522195 0.17685 0.0340535
0.112587 0.0977752 0.639421 0.027295 0.122922
0.516965 9.9982E-05 0.436453 9.9982E-05 0.0463818
0.230377 0.016706 0.638928 0.106952 0.00703681
0.448743 9.9991E-05 0.457023 0.0182673 0.0758668
0.21999 0.0882684 0.621357 0.0183065 0.0520776
0.152308 0.0923405 0.66127 0.0477607 0.0463206
0.452658 0.171583 0.375559 9.9982E-05 9.9982E-05
0.320284 0.194261 0.485255 9.9982E-05 9.9982E-05
0.225296 0.219381 0.555123 9.9982E-05 9.9982E-05
0.086174 0.0652437 0.671397 0.0266616 0.150524
0.265102 0.142117 0.592581 9.9982E-05 9.9982E-05
0.293173 0.0325628 0.621488 0.0502421 0.00253399
9.9991E-05 0.0510278 0.354673 0.522877 0.0713221
0.0364626 0.00990666 0.385459 0.414814 0.153358
9.9982E-05 9.9982E-05 0.514041 0.391012 0.0947471
0.0349142 9.9991E-05 0.263396 0.592123 0.109466
9.9991E-05 0.107139 0.486353 0.315087 0.0913211
0.389658 9.9991E-05 0.536068 0.027747 0.0464274
9.9982E-05 9.9982E-05 0.0754235 0.655434 0.268943
0.00868589 0.0307899 0.258569 0.544566 0.157389
0.182038 0.00625208 0.387984 0.169329 0.254398
0.0773068 0.109912 0.635574 9.9991E-05 0.177107
0.196172 0.101679 0.514369 9.9991E-05 0.18768
0.0775068 0.0949285 0.587451 0.107053 0.133061
9.9982E-05 0.0364113 0.773119 9.9982E-05 0.19027
0.0117136 9.9991E-05 0.299273 0.526577 0.162337
9.9991E-05 0.0810332 0.370633 0.397918 0.150316
9.9982E-05 9.9982E-05 0.369102 0.576487 0.0542109
0.0583513 0.0260525 0.446568 0.337783 0.131245
9.9982E-05 9.9982E-05 0.301376 0.519823 0.178601
0.0806032 0.00918906 0.458206 0.330827 0.121175
0.0138102 9.9991E-05 0.233536 0.597433 0.155121
0.0576852 9.9991E-05 0.421481 0.435581 0.0851524
0.244526 0.00318987 0.577167 0.0742197 0.100897
0.0339721 9.9991E-05 0.376702 0.379502 0.209724
0.0300415 0.00354469 0.181738 0.640282 0.144393
9.9991E-05 0.184004 0.234979 0.441314 0.139602
0.244907 0.307507 0.249691 9.9991E-05 0.197796
0.24761 0.0251517 0.567401 0.159738 9.9991E-05
9.9991E-05 0.0993838 0.408151 0.356666 0.135699
0.0448121 0.0804417 0.709341 0.0119502 0.153455
0.20965 0.0626903 0.506199 9.9991E-05 0.221361
0.0995694 0.0108716 0.450569 0.234511 0.204479
0.1123 0.0325073 0.347743 0.264648 0.242801
0.0670442 9.9991E-05 0.635163 0.0972353 0.200457
0.0991329 9.9991E-05 0.333886 0.475256 0.0916251
0.00871252 9.9991E-05 0.417184 0.484735 0.0892687
9.9982E-05 9.9982E-05 0.180167 0.587968 0.231664
0.194438 0.0504527 0.545495 0.107181 0.102433
0.207148 0.120162 0.575918 9.9991E-05 0.0966713
0.613607 9.9991E-05 0.0937379 0.125799 0.166756
0.153757 9.9991E-05 0.678123 0.0499995 0.11802
0.106902 0.290195 0.434823 0.0463169 0.121763
0.149478 0.0491924 0.421731 0.222773 0.156826
0.158332 0.0850948 0.537879 0.0587075 0.159987
0.431655 9.9982E-05 9.9982E-05 0.223092 0.345053
0.513114 9.9982E-05 9.9982E-05 0.112752 0.373935
0.306846 0.060699 0.317855 0.148509 0.16609
0.396952 9.9982E-05 9.9982E-05 0.229595 0.373253
0.294991 9.9982E-05 9.9982E-05 0.229094 0.475714
0.350621 9.9991E-05 0.363052 0.126285 0.159942
0.223486 9.9991E-05 0.362923 0.226048 0.187443
0.308064 9.9991E-05 0.138805 0.240263 0.312768
0.424393 9.9991E-05 0.0476512 0.209479 0.318377
0.179395 0.0768938 0.470562 0.150044 0.123105
0.434156 9.9991E-05 0.192861 0.148394 0.224488
0.408594 9.9982E-05 9.9982E-05 0.0638162 0.52739
0.0179854 0.18275 0.448308 0.234527 0.116429
0.190519 0.026227 0.220378 0.326684 0.236192
9.9991E-05 0.0634688 0.390976 0.28639 0.259065
9.9982E-05 9.9982E-05 0.549372 0.304001 0.146427
0.0561873 0.0283845 0.439056 0.290916 0.185456
0.150605 9.9991E-05 0.410959 0.32568 0.112655
0.0390038 0.0423108 0.364065 0.198834 0.355786
9.9991E-05 0.033549 0.552603 0.195297 0.218451
9.9982E-05 9.9982E-05 0.428845 0.307827 0.263128
0.133356 0.0111127 0.350998 0.222198 0.282336
0.166467 0.15193 0.350541 0.147566 0.183495
0.102695 0.0373518 0.57359 0.0693542 0.217009
0.0792333 0.101526 0.536422 0.171654 0.111165
0.187156 9.9991E-05 0.591332 0.15768 0.0637311
9.9991E-05 0.041592 0.404337 0.249505 0.304466
0.0573419 0.0096906 0.564234 0.134338 0.234396
0.217544 9.9991E-05 0.138734 0.236062 0.40756
9.9991E-05 0.0618311 0.447106 0.353824 0.137139
0.225768 9.9991E-05 0.17606 0.337794 0.260277
0.0945465 0.115403 0.013998 9.9991E-05 0.775953
9.9991E-05 0.82316 0.0424678 0.0602925 0.0739801
9.997E-05 0.9996 9.997E-05 9.997E-05 9.997E-05
9.9973E-05 0.995589 9.9973E-05 9.9973E-05 0.00411103
9.9991E-05 0.936377 0.0131861 0.0403893 0.0099474
9.9982E-05 0.902638 0.0397976 0.0573642 9.9982E-05
9.9973E-05 0.957838 0.0418619 9.9973E-05 9.9973E-05
9.9973E-05 0.967216 9.9973E-05 9.9973E-05 0.0324841
9.9973E-05 0.813375 9.9973E-05 9.9973E-05 0.186325
9.9991E-05 0.0326942 0.030521 0.0359049 0.90078
9.9991E-05 0.130974 0.0506063 0.0140301 0.804289
0.00357026 0.052154 0.035895 0.0188244 0.889556
0.0346206 0.0940432 0.0397769 9.9991E-05 0.831459
9.9982E-05 0.0244883 9.9982E-05 0.0737728 0.901539
9.9973E-05 0.0597696 9.9973E-05 9.9973E-05 0.939931
9.9991E-05 0.0895368 0.0553876 0.104836 0.75014
9.9982E-05 9.9982E-05 0.0855059 0.0177115 0.896583
9.9991E-05 0.190253 0.0370126 0.0707482 0.701886
9.9982E-05 0.00774068 9.9982E-05 0.0712222 0.920837
0.00414123 0.0430166 9.9982E-05 9.9982E-05 0.952642
9.9991E-05 0.0438072 0.0221928 0.0852214 0.848679
9.9982E-05 0.0417465 9.9982E-05 0.0187997 0.939254
9.9982E-05 9.9982E-05 0.0469267 0.0172394 0.935634
9.9991E-05 0.0256499 0.101896 0.0197488 0.852605
9.9982E-05 9.9982E-05 0.0958008 0.0377252 0.866274
9.9982E-05 9.9982E-05 0.0412942 0.168778 0.789728
9.9982E-05 9.9982E-05 0.0891132 0.126291 0.784395
9.9982E-05 9.9982E-05 0.134599 0.0476072 0.817594
0.236274 0.108768 0.483834 0.0204113 0.150712
0.092054 9.9982E-05 0.807677 9.9982E-05 0.100069
0.108653 0.100014 0.631869 0.0426772 0.116787
0.690912 9.9991E-05 0.117191 0.0271123 0.164685
0.110997 0.0966816 0.597802 0.00735186 0.187168
0.593741 9.9991E-05 0.168066 0.00481083 0.233282
0.0321504 0.0252407 0.736077 0.0194002 0.187132
0.235999 0.157678 0.50344 9.9991E-05 0.102784
0.137598 0.121404 0.62503 9.9991E-05 0.115869
0.248323 0.0721448 0.585009 0.0512598 0.0432641
0.196775 0.157575 0.516218 9.9991E-05 0.129331
0.0849107 0.0896153 0.711575 9.9991E-05 0.113799
0.0982252 0.146504 0.611641 9.9991E-05 0.14353
0.388363 0.488755 0.0409925 0.0817896 9.9991E-05
0.836954 0.0194307 9.9982E-05 9.9982E-05 0.143415
0.569889 9.9982E-05 0.240044 9.9982E-05 0.189866
0.0673796 0.095482 0.643971 0.0807097 0.112458
0.251528 0.054334 0.551727 0.00138621 0.141025
0.214864 9.9991E-05 0.534776 0.0446986 0.205561
0.167225 9.9991E-05 0.669754 0.0756492 0.0872716
0.0547244 9.9991E-05 0.500128 0.20863 0.236418
0.0345811 0.00716206 0.627618 0.153859 0.17678
0.211379 0.113347 0.101801 0.203701 0.369771
9.9982E-05 0.210809 0.633056 9.9982E-05 0.155935
0.0612788 0.130009 0.427016 0.156207 0.225489
0.369095 9.9982E-05 9.9982E-05 0.189715 0.44099
0.1475 9.9991E-05 0.32972 0.285112 0.237568
0.0862585 0.0860521 0.286207 0.195966 0.345517
9.9991E-05 0.122097 0.465973 0.0745198 0.33731
9.9991E-05 0.196149 0.443011 0.272403 0.0883367
0.0674589 9.9991E-05 0.548548 0.195398 0.188495
0.0331233 0.0096329 0.67804 0.125534 0.15367
0.211836 9.9991E-05 0.435308 0.139153 0.213604
0.00961283 0.0133782 0.299041 0.147411 0.530557
