9.9982E-05 0.0348569 0.044576 0.920367 9.9982E-05
0.0279556 9.9982E-05 9.9982E-05 0.970432 0.00141248
9.999E-05 0.0395962 0.0435752 0.823564 0.0931648
9.999E-05 0.0711892 0.0886955 0.819567 0.0204486
9.9982E-05 0.0901242 0.014093 0.895583 9.9982E-05
0.162477 0.0780726 0.0564974 0.656993 0.0459602
0.0822049 9.9991E-05 0.0712773 0.841565 0.00485282
0.0750703 0.0320565 0.14154 0.750392 0.000941118
0.0796926 9.9982E-05 0.085657 0.83445 9.9982E-05
0.0819452 0.0379733 0.024033 0.752819 0.10323
0.0711649 9.9991E-05 0.121921 0.770962 0.0358524
0.0932309 0.0401771 0.538985 9.9991E-05 0.327507
0.00833094 0.0913147 0.280515 9.9991E-05 0.619739
0.144822 0.102648 0.460846 0.0188277 0.272856
0.0330221 0.157879 0.405637 0.0587275 0.344735
0.104187 0.109147 0.183033 0.166904 0.436729
0.0319844 0.0131327 0.130056 0.118278 0.706549
0.142409 0.0546184 0.271865 9.9991E-05 0.531007
0.0886139 0.0842969 0.346596 0.106966 0.373528
0.190341 0.0738481 0.674579 0.0264844 0.0347473
0.156382 0.109972 0.268285 0.00156285 0.463798
0.232081 0.233522 0.188791 0.0107916 0.334814
0.131955 0.0368123 0.257873 9.9991E-05 0.573259
0.252587 0.147242 0.325278 9.9991E-05 0.274793
0.127415 0.0802408 0.0699277 0.0586629 0.663753
0.0769046 0.077838 0.221229 0.0549998 0.569029
0.159187 0.112683 0.526414 0.0319274 0.169788
0.0927047 0.149395 0.420464 0.0414606 0.295976
0.209247 0.0161806 0.423969 0.0320944 0.318509
9.9982E-05 0.0760168 9.9982E-05 0.861666 0.062117
9.9982E-05 0.0254306 9.9982E-05 0.859342 0.115028
9.9982E-05 0.0354982 9.9982E-05 0.802352 0.16195
0.00412457 0.0776316 0.0316109 0.768358 0.118275
0.20423 9.9991E-05 0.087135 0.00988875 0.698646
0.177975 0.0219006 0.103856 0.124513 0.571755
0.193818 0.0120703 0.00208378 0.0521131 0.739915
0.0809966 9.9991E-05 0.59888 0.0983655 0.221658
0.422391 9.9991E-05 0.0904487 0.0221566 0.464904
0.158077 0.0704149 0.160197 0.0706105 0.540701
0.104715 0.0447375 9.9991E-05 0.0275701 0.822878
0.122186 0.00961081 0.0472627 0.146719 0.674221
0.0212751 0.0392672 0.128119 0.129943 0.681396
0.440963 9.9982E-05 0.230545 9.9982E-05 0.328292
0.158427 0.0451796 0.0454015 0.111257 0.639735
0.159539 0.118647 0.0912075 0.00322207 0.627384
0.107461 0.063619 0.0853482 0.161853 0.581719
0.500876 9.9973E-05 9.9973E-05 9.9973E-05 0.498824
0.180244 0.0712379 0.0141942 0.0281119 0.706212
0.292102 0.100313 0.0185742 0.111427 0.477584
0.874627 9.9991E-05 0.010913 0.103216 0.0111447
0.23959 9.9982E-05 0.512435 9.9982E-05 0.247775
0.537199 9.9991E-05 0.230964 0.0751663 0.156571
0.188236 0.234346 0.149364 0.0112829 0.416772
0.101473 0.17396 0.0870831 0.112848 0.524635
0.130705 0.143218 0.15061 0.0177531 0.557713
0.270607 9.9991E-05 0.343625 0.136941 0.248727
0.0661733 0.0663564 0.246848 0.0327957 0.587827
0.0659132 0.0878949 0.115669 0.0599925 0.670531
0.252112 0.0203773 0.215394 0.117359 0.394757
0.220659 0.0783464 0.430865 0.205646 0.0644843
0.158311 0.145476 0.158012 0.0460667 0.492134
0.146694 0.107642 0.231206 0.080231 0.434226
0.285502 9.9991E-05 0.565912 0.0585712 0.0899156
0.0987758 0.0297705 0.237403 0.0123588 0.621692
0.112978 0.120432 0.0694775 0.0624443 0.634669
0.0665208 0.115446 0.171753 0.0859414 0.560338
0.191888 0.0959576 0.393414 0.0159055 0.302835
0.198875 0.105586 0.167784 9.9991E-05 0.527655
0.0561758 0.0127606 0.259375 0.0914042 0.580284
0.21381 0.0046168 0.450813 0.0172677 0.313492
0.258311 9.9982E-05 0.0187668 9.9982E-05 0.722722
0.382081 9.9982E-05 0.249869 9.9982E-05 0.36785
0.144815 0.0483284 0.0887556 0.0813328 0.636769
0.781115 9.9982E-05 0.0193877 9.9982E-05 0.199298
0.712151 9.9982E-05 0.0804856 9.9982E-05 0.207164
0.451044 9.9973E-05 9.9973E-05 9.9973E-05 0.548656
0.279719 9.9982E-05 0.0991553 9.9982E-05 0.620926
0.0548922 0.0605583 0.0576548 0.12075 0.706144
0.278431 0.00410504 0.0902718 0.02864 0.598552
0.306339 9.9991E-05 0.288349 0.0136199 0.391592
0.222267 9.9982E-05 0.344953 9.9982E-05 0.43258
0.024899 0.0740573 0.180351 0.0939351 0.626758
0.359552 9.9991E-05 0.134989 0.0289264 0.476432
0.172197 9.9982E-05 0.150555 9.9982E-05 0.677048
0.391845 9.9973E-05 9.9973E-05 9.9973E-05 0.607855
0.79252 9.9982E-05 0.0622066 9.9982E-05 0.145073
0.12819 0.0607115 0.12661 0.0332985 0.65119
9.9991E-05 0.00426415 0.0437724 0.828887 0.122976
9.9973E-05 9.9973E-05 9.9973E-05 0.920341 0.0793589
9.9991E-05 0.0429427 0.0128719 0.861406 0.0826796
0.000700928 0.00588966 9.9991E-05 0.957604 0.0357053
0.00348966 9.9982E-05 9.9982E-05 0.908229 0.0880812
9.9973E-05 9.9973E-05 9.9973E-05 0.924025 0.075675
9.9982E-05 0.0252003 9.9982E-05 0.911935 0.0626651
0.143576 0.0716948 0.162052 0.0496976 0.57298
0.16662 0.143632 0.189069 0.037589 0.46309
0.529976 9.9982E-05 0.226236 9.9982E-05 0.243588
0.012119 0.0320656 0.106647 0.147959 0.70121
0.309124 0.0160483 0.148492 9.9991E-05 0.526235
0.187554 9.9982E-05 9.9982E-05 0.0923592 0.719886
0.185943 0.0530672 0.0479 0.042785 0.670304
0.309461 0.0889911 9.9991E-05 0.0178174 0.58363
0.536608 9.9982E-05 0.359049 9.9982E-05 0.104143
0.106346 0.109603 0.034556 0.173807 0.575689
0.0948518 9.9991E-05 0.0477232 0.0599466 0.797378
0.10549 0.142358 0.187198 0.0518074 0.513147
0.503995 9.9991E-05 0.041094 0.0191602 0.435651
0.319166 9.9973E-05 9.9973E-05 9.9973E-05 0.680534
0.267736 9.9991E-05 0.0919428 0.0351731 0.605048
0.476221 0.0849907 9.9982E-05 9.9982E-05 0.438589
0.167398 9.9991E-05 0.184891 0.0326471 0.614964
0.144448 0.0291722 0.0144634 0.167619 0.644298
0.342968 0.0506378 0.267828 0.0642434 0.274323
0.0460146 0.0980095 0.297131 0.119961 0.438884
0.0415896 0.108767 0.157069 0.0831533 0.609422
0.135106 0.0364198 0.100544 0.0969662 0.630964
9.9982E-05 0.00175045 0.429674 9.9982E-05 0.568375
0.0754338 0.0876146 0.267378 0.0149189 0.554655
9.9991E-05 0.0478538 0.391129 0.0370641 0.523853
0.167001 0.0241152 0.147403 0.0917648 0.569716
0.0306187 0.104974 0.238402 0.0203775 0.605628
0.0973731 0.0225803 0.201065 0.053676 0.625305
9.9982E-05 0.0112192 0.385132 9.9982E-05 0.603449
0.102406 0.0773278 0.0981025 0.0550682 0.667096
0.0961637 0.121824 0.0325826 0.152855 0.596575
0.0414526 0.0829196 0.204044 9.9991E-05 0.671484
0.0934645 0.0622272 0.0779934 0.166788 0.599527
0.05073 0.124188 0.254646 0.0141398 0.556296
0.203328 0.00730093 0.202272 0.143998 0.443101
9.9991E-05 0.121197 0.174859 0.0320133 0.671831
0.0464125 0.127077 0.161127 9.9991E-05 0.665284
0.19026 0.125935 0.399177 0.014429 0.270199
0.398819 0.116702 0.317317 0.00800917 0.159153
0.101993 0.100386 0.282753 9.9991E-05 0.514769
0.521543 0.131344 0.334708 9.9991E-05 0.0123049
0.184414 9.9991E-05 0.46927 0.0209124 0.325304
0.136263 9.9982E-05 0.387292 9.9982E-05 0.476245
0.0726708 9.9991E-05 0.485858 0.0285679 0.412803
0.0944987 9.9982E-05 0.490859 9.9982E-05 0.414442
0.0553018 0.0655499 0.192211 0.0858774 0.60106
0.113035 0.224726 0.142003 0.0657665 0.45447
0.0637682 0.0966592 0.192327 0.0978396 0.549406
0.407666 0.112713 0.344704 9.9991E-05 0.134818
0.250164 0.00651065 0.0674039 0.24056 0.435361
0.33576 0.0611517 9.9991E-05 0.0715067 0.531482
0.614816 9.9991E-05 0.160525 0.191792 0.0327676
0.124259 0.03722 9.9991E-05 0.167023 0.671398
0.291452 0.0278768 0.131126 0.09505 0.454495
0.198071 0.103016 0.0512306 0.128299 0.519383
0.418073 0.0493639 0.06047 0.158388 0.313705
0.440276 9.9991E-05 0.170326 0.126438 0.26286
0.330106 9.9991E-05 0.142879 0.0588374 0.468078
0.220855 0.140684 0.00640678 0.125864 0.506191
0.204235 0.0423682 0.129248 0.207708 0.416441
0.561021 0.195181 0.215222 0.028477 9.9991E-05
0.218193 0.0571731 0.109735 0.105148 0.50975
0.372036 9.9982E-05 0.133657 9.9982E-05 0.494108
0.33072 0.0282257 0.137497 9.9991E-05 0.503458
0.240039 0.152135 0.0398504 0.0697718 0.498204
0.217942 0.250617 0.0394925 0.347402 0.144546
0.21778 0.170853 9.9982E-05 0.611166 9.9982E-05
0.299252 0.167015 9.9982E-05 0.533533 9.9982E-05
0.108083 0.352881 0.041107 0.425879 0.0720496
0.216482 0.0415169 0.0456434 9.9991E-05 0.696258
0.146997 0.108026 0.119014 0.0447278 0.581236
9.9982E-05 0.74443 0.00948238 9.9982E-05 0.245887
0.0122171 0.510735 0.201769 9.9991E-05 0.275179
0.00987891 0.449815 0.149267 0.0774559 0.313582
0.536492 0.0549348 9.9991E-05 0.0435245 0.364949
0.215721 0.199375 0.129107 0.00395957 0.451837
0.681222 0.0184168 9.9991E-05 0.0618413 0.23842
0.265287 0.0406252 0.0121181 0.0357092 0.646261
0.268614 0.0109984 0.0716349 0.115357 0.533397
0.251652 0.0697865 0.013621 0.0564592 0.608482
0.625037 0.0361817 0.061228 0.0501737 0.22738
0.178127 0.0859713 0.0481356 0.0213197 0.666447
0.241989 0.112493 9.9991E-05 0.0942566 0.551161
0.02052 0.97918 9.9973E-05 9.9973E-05 9.9973E-05
9.9982E-05 0.933981 0.0182405 9.9982E-05 0.0475782
0.049941 0.580205 0.0595399 0.0400169 0.270297
9.9982E-05 0.708994 0.0211102 9.9982E-05 0.269696
0.00873096 0.839244 0.0189226 9.9991E-05 0.133002
9.997E-05 0.9996 9.997E-05 9.997E-05 9.997E-05
9.9973E-05 0.966448 9.9973E-05 0.0332521 9.9973E-05
9.9973E-05 0.843113 9.9973E-05 9.9973E-05 0.156587
9.9973E-05 0.976398 0.0233021 9.9973E-05 9.9973E-05
9.997E-05 0.9996 9.997E-05 9.997E-05 9.997E-05
9.997E-05 0.9996 9.997E-05 9.997E-05 9.997E-05
9.9991E-05 0.754878 0.00175803 0.0601981 0.183065
0.0282815 0.880848 0.0774543 0.0133161 9.9991E-05
9.9973E-05 0.96176 0.0379398 9.9973E-05 9.9973E-05
9.9991E-05 0.492445 0.144292 0.0464784 0.316685
9.9991E-05 0.690669 0.0682649 0.0518509 0.189115
9.9991E-05 0.789768 0.0677163 0.0224804 0.119935
9.9991E-05 0.935003 0.0423925 0.00402675 0.0184781
9.997E-05 0.9996 9.997E-05 9.997E-05 9.997E-05
0.0357119 0.876557 9.9991E-05 0.0263383 0.0612932
9.997E-05 0.9996 9.997E-05 9.997E-05 9.997E-05
9.9991E-05 0.649051 0.0804852 0.0468198 0.223544
9.9982E-05 0.930919 0.0564405 0.012441 9.9982E-05
0.567631 0.0307663 9.9982E-05 0.401403 9.9982E-05
0.13791 0.103034 0.133625 0.218957 0.406475
0.144098 0.0648304 0.0108603 0.302153 0.478058
0.4222 0.194454 0.0135749 0.245601 0.124169
0.28057 0.161815 9.9991E-05 0.170502 0.387013
0.37229 0.14881 9.9991E-05 0.328216 0.150584
0.183566 0.0714904 0.046999 0.259835 0.43811
0.288765 0.197995 9.9991E-05 0.199766 0.313373
0.221213 0.170021 9.9991E-05 0.167141 0.441525
0.311673 0.280428 9.9991E-05 0.195243 0.212556
0.208743 0.111234 9.9991E-05 0.185675 0.494247
0.0467648 9.9991E-05 0.0717348 0.859329 0.022071
0.00451741 0.0558326 9.9982E-05 0.93945 9.9982E-05
0.012615 9.9982E-05 0.0096853 0.9775 9.9982E-05
9.9973E-05 9.9973E-05 0.0609876 0.938712 9.9973E-05
0.0085721 0.0324389 0.0529603 0.905929 9.9991E-05
0.0267073 0.0578851 9.9982E-05 0.915208 9.9982E-05
9.9991E-05 0.0709776 0.0428649 0.863758 0.0222994
9.9982E-05 9.9982E-05 0.0134001 0.93172 0.0546796
0.024197 0.0165876 9.9991E-05 0.941651 0.017464
0.0121809 0.109608 9.9991E-05 0.868432 0.00967913
0.0949431 0.00251202 0.296228 0.606217 9.9991E-05
0.0197123 0.0058577 0.382113 0.592217 9.9991E-05
0.138101 9.9982E-05 0.304463 0.557236 9.9982E-05
0.065567 9.9991E-05 0.423986 0.501031 0.00931541
0.215656 9.9991E-05 0.0981614 0.0489767 0.637106
0.139586 0.0251491 0.184385 0.0562493 0.594631
0.182491 0.0593458 0.182431 9.9991E-05 0.575632
0.161508 9.9991E-05 0.278859 0.0635731 0.49596
0.117538 9.9982E-05 0.620863 9.9982E-05 0.2614
0.157785 0.0142294 0.0599573 0.0773868 0.690641
0.210875 0.0181392 0.101352 9.9991E-05 0.669534
0.257252 9.9982E-05 0.0914246 9.9982E-05 0.651124
0.360387 0.00489523 0.0864133 9.9991E-05 0.548204
0.00490671 0.0615218 0.198611 0.09973 0.63523
0.261562 9.9982E-05 0.165225 9.9982E-05 0.573012
0.827668 9.9982E-05 0.152436 9.9982E-05 0.0196962
0.0809901 0.00736559 0.187798 0.104273 0.619573
0.57189 0.010175 0.063084 9.9991E-05 0.354751
0.323245 0.0177379 9.9991E-05 0.0151467 0.64377
0.38291 9.9982E-05 0.310935 9.9982E-05 0.305955
0.112967 9.9982E-05 0.78704 0.0997931 9.9982E-05
0.119699 9.9991E-05 0.722602 0.0938139 0.0637858
0.110969 9.9982E-05 0.855284 0.0335469 9.9982E-05
0.0693937 9.9982E-05 0.799889 0.130517 9.9982E-05
0.121026 0.0397999 0.834876 0.00419814 9.9991E-05
9.9991E-05 0.0808008 0.809995 0.0637313 0.0453733
9.9982E-05 0.0273484 9.9982E-05 0.888644 0.0838076
9.9991E-05 0.0472475 0.0711758 0.825687 0.0557898
9.9982E-05 0.11346 9.9982E-05 0.781951 0.104389
9.9991E-05 0.123131 0.121174 0.734803 0.020792
9.9991E-05 0.0863594 0.0611504 0.789413 0.0629769
0.0459672 9.9982E-05 0.548853 0.40498 9.9982E-05
0.0797546 9.9982E-05 0.454661 0.465385 9.9982E-05
0.0236772 0.00339824 0.520065 0.45276 9.9991E-05
9.9982E-05 9.9982E-05 0.00234852 0.867696 0.129756
0.112203 9.9982E-05 0.500237 0.38736 9.9982E-05
0.119682 0.3955 9.9991E-05 0.230579 0.25414
0.0623601 0.261805 0.0505747 0.128045 0.497214
9.9982E-05 0.251563 9.9982E-05 0.22111 0.527127
0.0664489 0.203905 0.0125226 0.309712 0.407412
0.0556207 0.197208 0.0652568 0.165712 0.516202
0.209364 0.327138 9.9982E-05 0.463298 9.9982E-05
0.112047 9.9982E-05 0.300733 9.9982E-05 0.58702
0.353581 0.038849 0.204511 0.00951061 0.393548
0.0802163 9.9991E-05 0.580674 0.0705611 0.268448
0.223423 0.0657851 0.230168 9.9991E-05 0.480524
0.802552 9.9973E-05 0.197148 9.9973E-05 9.9973E-05
0.126455 0.108469 0.16732 0.0563273 0.541429
0.158879 0.044475 0.207392 9.9991E-05 0.589154
0.081527 9.9991E-05 0.417767 0.0387995 0.461807
9.9991E-05 0.0607805 0.150727 0.156539 0.631853
0.517739 9.9982E-05 0.301189 9.9982E-05 0.180873
0.281734 0.0517203 0.173733 0.0204242 0.472388
0.125406 0.028997 0.230229 9.9991E-05 0.615268
0.169935 0.238678 0.0496478 0.173719 0.36802
0.253638 0.0434348 0.271252 9.9991E-05 0.431576
0.139618 0.0296408 0.263517 0.0453883 0.521836
0.213091 0.155756 0.159374 0.00684555 0.464932
0.124478 0.0239346 0.212102 0.0359647 0.60352
0.0779464 0.140682 0.136253 9.9991E-05 0.645019
0.131499 0.127694 0.145962 0.0957148 0.499131
0.0810379 0.0521258 0.188085 0.0465264 0.632225
9.9982E-05 0.0756664 9.9982E-05 0.786023 0.138111
9.9982E-05 0.0406981 9.9982E-05 0.849285 0.109817
0.0749327 0.0200546 0.0438429 0.822059 0.0391104
0.0534982 0.0549105 0.0244294 0.86349 0.00367191
9.9973E-05 9.9973E-05 9.9973E-05 0.8563 0.1434
0.0552231 0.0509105 0.629676 0.0114159 0.252774
0.268635 0.130804 0.107797 0.0234943 0.469271
0.1113 0.209206 0.0765278 0.207424 0.395542
0.00698101 0.0157705 0.132722 0.125299 0.719227
0.118236 0.0509677 0.265145 9.9991E-05 0.565552
0.302524 0.111039 0.328403 9.9991E-05 0.257934
0.224247 9.9991E-05 0.59152 0.139045 0.0450881
0.0335007 0.0595799 0.316613 0.0316756 0.558631
0.196747 0.0256259 0.488214 0.100848 0.188565
0.317085 0.0469576 0.122908 0.0992975 0.413751
0.150141 0.0466737 0.557567 0.121454 0.124164
0.0285159 0.0694592 0.163378 0.127231 0.611415
0.136769 0.0119926 0.547108 0.0720396 0.232091
0.232384 0.0703478 0.261579 0.0512776 0.384412
0.259013 0.0677923 0.0488784 0.0622312 0.562085
0.491188 0.0637405 0.115586 0.0583449 0.271141
0.243856 9.9991E-05 0.0381474 0.122289 0.595608
0.13172 0.0365145 0.0685218 0.182613 0.580631
0.46066 9.9991E-05 0.093167 0.0339527 0.41212
0.104649 9.9991E-05 0.191792 0.158714 0.544744
0.267247 9.9982E-05 9.9982E-05 0.113612 0.618941
0.74029 9.9982E-05 0.0818409 9.9982E-05 0.177669
0.635764 9.9991E-05 0.0204437 0.0398892 0.303803
0.288532 0.0624756 0.0227997 0.0211748 0.605018
0.563735 9.9991E-05 0.153293 0.0390061 0.243867
0.331638 0.0214857 0.154155 0.00778351 0.484938
0.153144 0.0532795 0.613033 0.0106733 0.16987
0.364055 0.0375034 0.351965 9.9991E-05 0.246376
0.00309945 0.0478449 0.438947 0.0373488 0.472759
9.9991E-05 0.0757272 0.196346 0.0337423 0.694084
0.0944839 0.0121879 0.584386 9.9991E-05 0.308842
0.0841977 0.0745989 0.192686 0.123218 0.525299
0.0712913 0.121485 0.211766 9.9991E-05 0.595357
0.124437 0.0648829 0.191452 9.9991E-05 0.619127
0.117361 0.143028 0.321663 9.9991E-05 0.417848
0.118228 0.0820796 0.31411 0.0397232 0.445859
0.0822642 0.117819 0.551349 9.9991E-05 0.248468
0.0728258 0.0827426 0.413833 9.9991E-05 0.430499
0.0852901 0.0641265 0.202705 9.9991E-05 0.647779
0.0325399 0.0242163 0.261876 0.0582848 0.623083
0.12443 0.0662072 0.337144 0.0204909 0.451728
0.074311 0.0851328 0.245048 9.9991E-05 0.595408
0.0386819 0.0790308 0.463262 0.0379183 0.381107
9.9982E-05 0.0358065 0.264132 9.9982E-05 0.699861
0.0787223 0.118388 0.265158 9.9991E-05 0.537632
0.104647 0.146994 0.245579 0.0758583 0.426921
0.102023 0.158804 9.9991E-05 0.366192 0.372881
0.13767 0.279526 9.9991E-05 0.178618 0.404085
0.000506894 0.143103 0.0949862 0.255963 0.505441
0.104746 0.12212 0.0900924 0.0846238 0.598418
0.102684 0.161474 9.9991E-05 0.242544 0.493198
0.203499 0.077447 0.224419 9.9991E-05 0.494535
0.0430502 0.0586687 0.0213891 0.24114 0.635752
0.533899 0.166635 9.9982E-05 0.299266 9.9982E-05
0.0485715 0.142534 0.0778738 0.176305 0.554715
0.0206938 0.145059 0.116383 0.0770969 0.640767
0.021322 0.286952 0.157563 0.0639095 0.470254
0.232273 0.104473 0.0442075 0.216186 0.402861
0.00636096 0.158835 0.0418341 0.228589 0.564381
0.0280947 0.174886 0.0195393 0.150692 0.626788
0.306349 0.199299 9.9982E-05 0.494153 9.9982E-05
0.00682345 0.258424 0.0223143 0.160199 0.552239
0.0290103 0.168353 9.9991E-05 0.199948 0.602589
0.0956031 0.140844 0.0600645 0.128703 0.574785
9.9982E-05 0.189457 9.9982E-05 0.269349 0.540994
0.0442721 0.213994 0.0593465 0.103213 0.579175
0.292831 0.121773 0.0168797 0.0321512 0.536365
0.111804 0.0714066 0.155855 0.0987028 0.562231
0.75786 0.00388245 0.0883357 9.9991E-05 0.149822
0.783368 9.9991E-05 0.125635 0.00341448 0.0874822
0.309912 0.0949209 0.0947598 0.0201405 0.480267
0.0891308 0.309627 0.000928442 0.118771 0.481542
0.256634 0.392139 9.9991E-05 0.0570637 0.294063
0.25101 0.262904 9.9991E-05 0.264891 0.221095
0.118117 0.274751 0.00467945 0.247093 0.35536
0.700515 0.101652 9.9991E-05 0.111638 0.0860951
0.583465 0.145028 9.9991E-05 0.105339 0.166068
0.225461 0.195525 0.0298781 0.0025716 0.546564
0.376089 0.162607 0.00156848 0.05625 0.403486
0.521984 0.174907 9.9991E-05 0.103142 0.199866
0.228329 0.163818 0.0264599 0.0809278 0.500466
0.21628 0.176201 0.0070372 0.0391873 0.561294
0.144718 0.160929 0.0832138 0.133943 0.477196
0.469779 9.9982E-05 0.0710227 9.9982E-05 0.458998
0.447677 0.050191 0.0605888 0.0172628 0.42428
0.300314 0.0878902 9.9991E-05 0.0575563 0.55414
0.284493 0.0623409 0.0808503 0.126855 0.445461
0.271016 0.132412 0.123163 0.09298 0.380429
0.447491 0.044066 0.032473 9.9991E-05 0.47587
0.648311 9.9982E-05 0.0502202 9.9982E-05 0.301268
0.228369 0.036106 9.9991E-05 0.0670931 0.668332
0.619676 0.0175691 0.0573576 9.9991E-05 0.305298
0.471468 0.0384513 9.9982E-05 9.9982E-05 0.489881
0.18867 0.148173 0.0506312 0.0954694 0.517056
0.326715 0.0166948 9.9991E-05 0.0684 0.58809
0.107102 0.222194 0.0187504 0.224742 0.427212
0.171148 0.27638 0.14567 0.0679721 0.33883
0.136829 0.270547 0.0189809 0.1729 0.400743
0.218106 0.252926 0.01861 0.18146 0.328898
0.0328874 0.158493 0.0858315 0.21631 0.506478
0.156915 0.220593 0.00622521 0.181647 0.43462
0.57868 0.188147 0.0303235 0.20275 9.9991E-05
0.0783726 0.274455 9.9991E-05 0.0838193 0.563253
0.444723 0.147442 9.9982E-05 0.407635 9.9982E-05
0.168759 0.240835 0.00981069 0.0427769 0.537818
0.817221 9.9973E-05 9.9973E-05 9.9973E-05 0.182479
0.912879 0.0029093 0.0731152 0.0109966 9.9991E-05
0.4226 0.000641436 9.9982E-05 9.9982E-05 0.576559
0.219734 0.0769584 9.9991E-05 0.0290469 0.674161
0.469713 9.9982E-05 0.013515 9.9982E-05 0.516572
0.408265 9.9982E-05 9.9982E-05 0.0136537 0.577882
0.310004 9.9973E-05 9.9973E-05 9.9973E-05 0.689696
0.0170091 0.0512221 9.9991E-05 0.810889 0.12078
9.9991E-05 0.0980221 0.143147 0.730399 0.0283321
9.9982E-05 0.0621725 0.039721 0.897907 9.9982E-05
9.9973E-05 9.9973E-05 9.9973E-05 0.975086 0.0246137
0.246858 9.9991E-05 0.0924968 0.0314375 0.629108
0.216672 0.067455 0.0710234 0.0704664 0.574384
0.295504 9.9991E-05 0.0485813 0.0148643 0.64095
0.186825 9.9982E-05 9.9982E-05 0.118126 0.694849
0.15181 0.0502451 0.148149 0.0344022 0.615394
0.383445 9.9982E-05 0.167066 9.9982E-05 0.449289
0.184729 9.9973E-05 9.9973E-05 9.9973E-05 0.814971
0.478701 9.9973E-05 9.9973E-05 9.9973E-05 0.520999
0.0159959 0.181061 9.9991E-05 0.292271 0.510572
0.433881 0.0752986 0.0158275 9.9991E-05 0.474893
0.295717 9.9982E-05 0.157084 9.9982E-05 0.546999
0.256464 9.9982E-05 0.0610574 9.9982E-05 0.682279
0.248583 9.9991E-05 0.109975 0.0276806 0.613662
0.293511 0.0480591 9.9991E-05 0.0407279 0.617602
0.229574 0.0208138 9.9991E-05 0.0792502 0.670262
0.695494 9.9973E-05 9.9973E-05 9.9973E-05 0.304206
0.526472 0.0529852 0.0739614 0.0106668 0.335914
0.467604 9.9982E-05 0.0672538 9.9982E-05 0.464943
0.942409 9.9973E-05 9.9973E-05 9.9973E-05 0.0572907
0.28481 0.0223484 0.19559 9.9991E-05 0.497152
0.718624 9.9973E-05 9.9973E-05 9.9973E-05 0.281077
0.894336 9.9982E-05 0.0471663 9.9982E-05 0.0582977
0.223141 0.0240562 0.0644329 0.0625056 0.625865
0.437113 9.9991E-05 0.12809 0.0346475 0.400049
0.285235 0.0559489 0.138279 0.000566656 0.51997
0.166981 0.0220953 9.9991E-05 0.0993506 0.711473
0.208936 9.9982E-05 0.10788 9.9982E-05 0.682984
0.286727 0.0996387 0.284694 9.9991E-05 0.328841
0.13452 9.9991E-05 0.134807 0.0296211 0.700951
0.14176 0.00370111 0.196031 0.0434898 0.615018
0.497229 9.9973E-05 9.9973E-05 9.9973E-05 0.502471
0.14162 0.0554613 0.145231 0.0600459 0.597641
0.0730795 9.9982E-05 0.268088 0.658633 9.9982E-05
0.0561723 9.9991E-05 0.0828885 0.799567 0.0612721
0.0671746 9.9982E-05 0.111108 0.821518 9.9982E-05
0.0332671 9.9982E-05 0.153143 0.81339 9.9982E-05
9.9982E-05 9.9982E-05 0.213251 0.735321 0.0512286
0.332881 9.9991E-05 0.316464 0.0142808 0.336274
0.412764 9.9991E-05 0.207093 0.0406277 0.339416
0.639064 9.9973E-05 9.9973E-05 9.9973E-05 0.360636
0.155037 0.147321 0.0480115 0.106188 0.543442
0.0576588 0.0614003 0.178891 0.10449 0.59756
0.473863 9.9991E-05 0.0184438 0.0743531 0.43324
0.19232 0.0565601 9.9991E-05 0.0213496 0.729671
0.345852 0.00735728 0.0396071 0.0412495 0.565934
0.226627 9.9991E-05 0.000650433 0.0735969 0.699026
0.228187 0.0163355 9.9982E-05 9.9982E-05 0.755277
0.397398 9.9982E-05 0.180136 9.9982E-05 0.422266
0.291567 9.9982E-05 0.160464 9.9982E-05 0.547769
0.251245 9.9982E-05 0.213151 9.9982E-05 0.535404
0.150924 9.9991E-05 0.0440683 0.1363 0.668608
0.288295 9.9982E-05 0.139755 9.9982E-05 0.571749
0.271049 9.9991E-05 0.079187 0.0463614 0.603303
9.9991E-05 0.380114 0.0138689 0.167546 0.438371
0.0686866 0.414315 0.0228151 0.110402 0.383782
9.9982E-05 0.44623 9.9982E-05 0.128751 0.42482
0.0434158 0.446745 9.9991E-05 0.198844 0.310896
9.9991E-05 0.273131 0.0294816 0.161527 0.53576
0.308526 0.0132369 9.9991E-05 0.0544098 0.623728
0.00143869 0.708579 0.0269349 0.244058 0.0189897
0.0397367 0.490686 9.9991E-05 0.228069 0.241408
0.194872 0.198091 9.9991E-05 0.225044 0.381894
0.0467625 0.0261736 0.05185 0.220111 0.655103
0.225813 0.123558 0.101392 0.126378 0.422859
0.061527 0.100239 0.0651048 0.16364 0.609489
0.194236 9.9991E-05 0.0229094 0.115545 0.66721
9.9982E-05 0.458981 9.9982E-05 0.235165 0.305654
9.9991E-05 0.387201 0.105599 0.128949 0.378151
9.9982E-05 0.557631 9.9982E-05 0.0437685 0.398401
0.0708939 0.38974 0.0970863 0.0490319 0.393248
0.0468853 0.528051 9.9991E-05 0.13025 0.294714
0.0933818 0.31793 9.9991E-05 0.197099 0.391488
0.0140856 0.662355 9.9991E-05 0.118281 0.205178
9.9991E-05 0.38611 0.124983 0.113372 0.375436
0.281825 0.0655476 9.9991E-05 0.12375 0.528777
0.0664687 0.386341 9.9991E-05 0.188258 0.358832
0.0165275 0.694326 9.9991E-05 0.188751 0.100296
0.102658 0.283847 0.037407 0.211506 0.364582
0.294034 9.9991E-05 0.228387 0.18788 0.289599
0.216455 0.17329 0.0356818 0.0346036 0.53997
0.107861 0.347792 0.0506802 0.137638 0.356028
0.00827469 0.103581 0.0817237 0.131499 0.674922
0.187546 9.9982E-05 9.9982E-05 0.234136 0.578118
0.166259 0.182313 9.9991E-05 0.254551 0.396776
0.141313 0.296708 9.9991E-05 0.239559 0.32232
0.108848 0.201211 0.146402 0.0579561 0.485582
0.120363 0.422911 9.9991E-05 0.103349 0.353277
9.9982E-05 0.467955 9.9982E-05 0.120715 0.41113
9.9982E-05 0.554737 9.9982E-05 0.268184 0.176879
0.143045 0.141289 0.097145 0.103411 0.515109
0.235196 9.9991E-05 0.0803751 0.140679 0.54365
0.566915 0.0922091 9.9991E-05 0.186452 0.154324
9.9991E-05 0.149792 0.101701 0.107279 0.641128
0.198073 0.0702689 0.176673 0.114746 0.440239
0.0689696 0.162368 9.9991E-05 0.210952 0.55761
0.127856 0.173808 0.196526 0.092088 0.409722
0.430654 0.211446 9.9982E-05 0.357699 9.9982E-05
0.470967 0.136066 9.9982E-05 0.392767 9.9982E-05
0.320136 0.129312 0.0828275 0.234361 0.233364
0.367706 0.233501 0.0203239 0.378368 9.9991E-05
0.265058 0.257248 9.9982E-05 0.477493 9.9982E-05
0.260305 0.148812 0.0305668 0.204124 0.356192
0.169697 0.144234 0.0243086 0.245468 0.416292
0.281851 0.217225 0.0435545 0.318972 0.138397
0.365765 0.191293 9.9991E-05 0.35749 0.0853517
0.171931 0.154489 9.9991E-05 0.21674 0.456741
0.422334 0.141561 9.9991E-05 0.242713 0.193292
0.406907 0.0997205 9.9982E-05 0.493173 9.9982E-05
0.0945939 0.260277 0.0513417 0.126495 0.467292
0.190472 0.272578 0.0400959 0.163284 0.33357
9.9991E-05 0.174823 0.0897417 0.297117 0.438218
9.9982E-05 0.297222 9.9982E-05 0.165896 0.536682
0.0281052 0.135093 9.9991E-05 0.222788 0.613913
0.0678483 0.333842 0.0769169 0.126961 0.394433
9.9991E-05 0.180856 0.0123835 0.419496 0.387164
9.9991E-05 0.127484 0.0237554 0.254087 0.594573
9.9982E-05 0.271426 9.9982E-05 0.222249 0.506125
0.193984 0.248198 9.9991E-05 0.270836 0.286883
0.217401 0.10435 0.132998 0.186758 0.358492
0.054723 0.087236 0.0812244 0.17637 0.600447
0.0817846 0.157561 0.04065 0.213728 0.506276
0.0826128 0.10516 9.9991E-05 0.157579 0.654548
0.0109978 0.249066 0.00747188 0.339485 0.39298
9.9991E-05 0.141346 0.0622281 0.269686 0.52664
0.219725 0.221094 9.9991E-05 0.396401 0.16268
9.9982E-05 0.201649 9.9982E-05 0.295896 0.502255
0.198103 0.368129 9.9991E-05 0.282382 0.151286
0.0941305 9.9982E-05 0.111752 0.793918 9.9982E-05
0.000869506 9.9991E-05 0.800993 0.0925156 0.105522
9.9973E-05 9.9973E-05 0.994619 0.00508061 9.9973E-05
9.9973E-05 9.9973E-05 0.97574 0.0239605 9.9973E-05
9.9973E-05 9.9973E-05 0.987964 9.9973E-05 0.0117363
9.9973E-05 0.0297932 0.969907 9.9973E-05 9.9973E-05
9.9973E-05 9.9973E-05 0.952571 9.9973E-05 0.0471295
9.9973E-05 9.9973E-05 0.99936 0.00034035 9.9973E-05
9.9973E-05 9.9973E-05 0.783436 0.216264 9.9973E-05
9.9982E-05 9.9982E-05 0.0221226 0.932282 0.0453956
9.9991E-05 0.000847341 0.12567 0.829165 0.0442173
0.0580795 0.0567071 9.9982E-05 0.885013 9.9982E-05
9.9982E-05 9.9982E-05 0.105478 0.861378 0.0329445
9.9982E-05 0.0733067 0.0380218 0.888472 9.9982E-05
0.0685056 0.00247816 0.0386071 0.890309 9.9991E-05
9.9991E-05 0.157963 0.0838986 0.744956 0.0130817
0.00136235 0.0640437 0.0157939 0.887086 0.0317136
9.9991E-05 0.0485973 0.136789 0.71133 0.103184
9.9982E-05 0.0883895 9.9982E-05 0.900777 0.010634
9.9973E-05 9.9973E-05 0.0179858 0.981714 9.9973E-05
9.9991E-05 0.0521738 0.0796592 0.865552 0.00251458
9.9973E-05 9.9973E-05 0.0372474 0.962453 9.9973E-05
9.9982E-05 0.0299853 9.9982E-05 0.930339 0.0394761
9.9991E-05 0.104629 0.0287502 0.847245 0.0192752
9.9982E-05 0.071376 9.9982E-05 0.83682 0.0916041
9.9982E-05 0.222149 9.9982E-05 0.757581 0.0200697
9.9982E-05 0.131054 9.9982E-05 0.773167 0.0955789
9.9982E-05 0.124793 9.9982E-05 0.814151 0.0608551
0.251869 0.0545958 0.117284 0.164539 0.411712
0.0514484 0.00310649 0.0679261 0.063629 0.81389
0.108387 0.17787 0.103225 0.0628466 0.547671
0.698577 0.0544826 9.9991E-05 0.119997 0.126843
0.120261 0.0176045 0.155832 0.154173 0.55213
0.676485 0.0526694 9.9991E-05 0.221401 0.049345
0.11947 0.0412114 9.9991E-05 0.113453 0.725766
0.254553 9.9991E-05 0.153779 0.0945638 0.497004
0.214734 9.9991E-05 0.050251 0.138362 0.596554
0.264095 9.9982E-05 0.0938765 9.9982E-05 0.641828
0.164327 0.00277767 0.137384 0.136609 0.558902
0.0599642 0.0318171 9.9991E-05 0.147865 0.760254
0.0746155 9.9991E-05 0.153449 0.123477 0.648359
0.357097 0.10006 0.483563 9.9991E-05 0.05918
0.834861 9.9982E-05 0.0748186 0.0901204 9.9982E-05
0.648606 0.0206695 0.028677 0.120028 0.18202
0.0894361 0.132257 9.9991E-05 0.115952 0.662255
0.170277 0.0043466 0.0328314 0.155627 0.636917
0.216088 9.9982E-05 9.9982E-05 0.18266 0.601052
0.152206 0.16742 9.9991E-05 0.112923 0.567351
0.0458566 0.113239 9.9991E-05 0.233988 0.606816
9.9991E-05 0.114334 0.0520257 0.20993 0.62361
0.125439 0.180174 0.135562 0.429265 0.12956
0.0883701 0.049495 0.0772927 0.178235 0.606607
0.142076 0.146879 0.117643 0.170203 0.423198
0.36683 0.180213 9.9982E-05 0.452757 9.9982E-05
0.175191 0.164294 9.9991E-05 0.359374 0.301041
0.0394556 0.191225 0.0844014 0.354911 0.330007
9.9991E-05 0.0259105 0.105579 0.347039 0.521371
0.084537 0.294912 0.109573 0.0956399 0.415338
0.0031071 0.197826 9.9991E-05 0.20632 0.592647
0.0380879 0.0879942 0.00372346 0.169285 0.70091
0.265434 0.193597 0.0275341 0.179455 0.33398
0.0322784 0.104363 9.9991E-05 0.520356 0.342902
