0.0123052 9.9991E-05 0.00975036 0.952926 0.0249187
9.9973E-05 0.0474247 9.9973E-05 0.952275 9.9973E-05
0.0387082 9.9991E-05 0.0273557 0.83066 0.103176
0.0510055 9.9991E-05 0.103983 0.805695 0.0392159
0.0485436 9.9991E-05 0.0116454 0.898743 0.0409683
0.0477998 0.0903772 0.162336 0.618362 0.0811252
9.9991E-05 0.0530373 0.0657929 0.879387 0.00168306
0.00271948 0.0860257 0.128197 0.751846 0.0312119
9.9982E-05 0.0668654 0.103681 0.829254 9.9982E-05
0.0928433 0.0706051 0.0499733 0.720693 0.0658852
0.00196078 0.0398576 0.164058 0.753275 0.0408485
0.0965242 0.0392507 0.54218 9.9991E-05 0.321945
0.116708 0.00687683 0.330738 0.0128831 0.532795
0.162097 0.11914 0.487477 0.0150299 0.216257
0.134424 0.0625642 0.398392 0.00529271 0.399327
0.105228 0.0754823 0.207108 0.176101 0.43608
0.181948 0.0373549 0.270467 9.9991E-05 0.510129
0.112623 0.193365 0.185235 9.9991E-05 0.508677
0.0709069 9.9991E-05 0.422128 0.141639 0.365227
0.0834146 0.158906 0.730166 0.0248455 0.00266859
0.136711 0.161922 0.263977 9.9991E-05 0.43729
0.188935 0.200814 0.228298 0.00241532 0.379537
0.0816463 0.0279333 0.246969 0.0339867 0.609465
0.130714 0.188896 0.3879 9.9991E-05 0.29239
0.10481 0.0590886 0.111169 0.0968801 0.628053
0.119154 0.0170286 0.27736 0.0578778 0.52858
0.120382 0.120954 0.520547 9.9991E-05 0.238017
0.233572 0.0570434 0.496204 0.00752487 0.205656
0.00509648 0.192757 0.420669 0.0409774 0.340501
0.0944506 9.9982E-05 9.9982E-05 0.856824 0.0485254
9.9973E-05 9.9973E-05 9.9973E-05 0.870405 0.129295
0.0473438 9.9991E-05 0.00988924 0.813886 0.12878
0.0609999 0.00076016 9.9991E-05 0.771891 0.166249
0.0118633 0.107734 0.122014 0.0647676 0.693621
9.9991E-05 0.13396 0.0942876 0.126663 0.644989
9.9982E-05 0.192585 9.9982E-05 0.0340443 0.77317
0.0450151 0.0193621 0.64257 0.0724443 0.220609
9.9991E-05 0.410084 0.0333878 0.055129 0.501299
0.101465 0.164456 0.204929 0.069468 0.459681
9.9982E-05 0.169071 9.9982E-05 0.04553 0.785199
0.00449024 0.196848 0.0236975 0.113663 0.661301
9.9982E-05 9.9982E-05 0.0241311 0.172893 0.802776
9.9982E-05 0.452318 0.230044 9.9982E-05 0.317438
0.124646 0.160831 0.025906 0.0935751 0.595042
0.0766077 0.215767 9.9991E-05 0.0841185 0.623406
0.0456081 0.120886 0.0787874 0.187844 0.566874
9.9982E-05 0.405789 0.0453133 9.9982E-05 0.548698
0.0311836 0.187487 0.0644283 0.0153916 0.70151
0.05457 0.158027 0.0404022 0.121988 0.625013
9.9991E-05 0.845542 0.0621756 0.0850518 0.00713099
9.9982E-05 0.269151 0.46441 9.9982E-05 0.266239
0.0236039 0.613474 0.191201 0.0491552 0.122566
0.0661871 0.00591147 0.187253 0.129686 0.610962
0.0730185 0.0515397 0.120717 0.100962 0.653763
0.0738866 0.042354 0.108278 0.0942072 0.681274
9.9991E-05 0.229232 0.409225 0.0975069 0.263937
0.0433184 0.141383 0.201077 0.0245938 0.589627
0.152171 0.0649917 0.168482 0.027159 0.587196
0.0531798 0.140822 0.271607 0.144862 0.389529
0.0540149 0.281958 0.33595 0.225685 0.102392
0.0326342 0.102661 0.191471 0.137947 0.535287
0.101347 0.095824 0.30496 0.0765759 0.421294
9.9991E-05 0.26159 0.569791 0.0484963 0.120023
0.0175714 0.121689 0.271108 9.9991E-05 0.589531
0.13177 0.18635 0.0237553 0.0188876 0.639238
0.0454671 0.0810139 0.193381 0.0959852 0.584153
0.0821436 0.272423 0.293532 0.0236292 0.328272
0.117481 0.122955 0.268685 0.00057471 0.490304
0.121172 9.9991E-05 0.288153 0.0435272 0.547047
9.9991E-05 0.28859 0.364119 0.0615829 0.285608
9.9982E-05 0.187466 0.0913447 9.9982E-05 0.720989
9.9982E-05 0.392109 0.246364 9.9982E-05 0.361327
0.0309115 0.101765 0.121211 0.153864 0.592248
9.9982E-05 0.791553 0.0417226 9.9982E-05 0.166524
9.9982E-05 0.709063 0.124038 9.9982E-05 0.166699
9.9982E-05 0.48901 0.0646923 9.9982E-05 0.446097
0.0536421 0.182977 0.165467 9.9991E-05 0.597814
0.0501449 0.041626 0.0615451 0.193529 0.653155
9.9991E-05 0.341749 0.0801937 0.00998879 0.567968
0.0227453 0.266276 0.323591 9.9991E-05 0.387288
9.9982E-05 0.297668 0.31816 9.9982E-05 0.383973
0.150313 0.147153 0.0958817 0.0684416 0.538212
9.9982E-05 0.396798 0.153549 9.9982E-05 0.449452
9.9991E-05 0.206778 0.167777 0.0389398 0.586406
9.9991E-05 0.422118 0.0189531 0.0190046 0.539824
9.9982E-05 0.839112 0.0589013 9.9982E-05 0.101787
0.114733 0.126165 0.157558 9.9991E-05 0.601444
0.00192621 9.9991E-05 0.0220165 0.828959 0.146998
9.9973E-05 9.9973E-05 9.9973E-05 0.90672 0.0929797
0.0457997 9.9982E-05 9.9982E-05 0.863285 0.0907149
0.0332408 9.9982E-05 9.9982E-05 0.902858 0.0637017
0.0199664 9.9982E-05 9.9982E-05 0.867924 0.111909
0.0489368 0.00108257 9.9991E-05 0.879555 0.0703257
9.9973E-05 9.9973E-05 9.9973E-05 0.951592 0.0481083
0.0318913 0.0952248 0.0984413 0.108969 0.665473
0.0772296 0.163868 0.0437369 0.130508 0.584657
9.9991E-05 0.559183 0.222667 0.00950414 0.208546
0.126908 0.0997859 0.0332036 0.121208 0.618894
9.9991E-05 0.160194 0.184397 0.0259685 0.62934
9.9991E-05 0.237172 0.00378232 0.0535748 0.705371
9.9982E-05 0.244659 9.9982E-05 0.0933266 0.661814
0.0541724 0.289677 9.9991E-05 0.00555597 0.650495
9.9991E-05 0.574126 0.303937 0.0271374 0.0946992
0.0663023 0.0637544 0.0539617 0.226788 0.589194
0.108681 0.151361 0.0646372 0.0665327 0.608788
0.178006 0.0789588 0.12584 0.0741967 0.542999
9.9982E-05 0.523301 9.9982E-05 0.0107178 0.465781
9.9973E-05 0.328601 9.9973E-05 9.9973E-05 0.671099
9.9991E-05 0.190886 0.179797 0.037881 0.591336
0.0856589 0.421277 0.0323037 9.9991E-05 0.46066
9.9991E-05 0.167875 0.13805 0.0788243 0.615151
0.0154927 0.119799 0.0970631 0.173227 0.594418
0.11372 0.236536 0.364899 0.0360753 0.24877
0.048248 0.0307189 0.33332 0.142949 0.444764
0.0307645 0.126378 0.0935946 0.172895 0.576368
0.0917771 0.0999663 0.119038 0.0750703 0.614148
9.9991E-05 0.0551165 0.392887 0.000436407 0.55146
0.0569181 0.0254602 0.271748 0.034307 0.611567
9.9982E-05 9.9982E-05 0.461592 0.0223311 0.515877
0.149824 0.194295 0.100213 0.0800752 0.475593
0.202437 0.0780165 0.191641 9.9991E-05 0.527806
0.017735 0.0837344 0.153716 0.0820844 0.662731
9.9973E-05 9.9973E-05 0.445367 9.9973E-05 0.554333
0.118128 0.139254 0.107081 0.0252467 0.61029
0.0888299 0.0132471 0.232044 0.119132 0.546746
0.0652651 0.0807593 0.270647 9.9991E-05 0.583228
0.0940192 0.107539 0.166801 0.0378253 0.593816
0.116866 0.0898453 0.257838 9.9991E-05 0.535351
0.0202982 0.160913 0.284717 0.126114 0.407958
0.118023 0.104529 0.181219 9.9991E-05 0.596128
0.0528303 0.0606282 0.145118 0.0486026 0.692821
0.103968 0.146183 0.511527 9.9991E-05 0.238222
0.0739208 0.432923 0.278934 0.0611859 0.153036
0.0771732 0.131387 0.249368 9.9991E-05 0.541972
0.0877896 0.482021 0.351693 9.9991E-05 0.0783966
0.0108886 0.117953 0.478054 0.00266259 0.390441
9.9982E-05 0.0974946 0.350776 9.9982E-05 0.551529
9.9991E-05 0.0485288 0.512383 0.0295342 0.409454
0.0339056 0.145115 0.50708 9.9991E-05 0.3138
0.074958 0.0592764 0.114831 0.0691534 0.681781
0.0898437 0.00904661 0.237102 0.0745811 0.589427
0.116949 0.0586065 0.290054 0.0415184 0.492872
0.105512 0.392645 0.372867 9.9991E-05 0.128876
0.106877 0.169088 0.0444566 0.173168 0.50641
0.0911519 0.266789 0.019588 0.0986316 0.523839
9.9991E-05 0.642986 0.102151 0.205988 0.0487753
0.00648257 0.121932 0.00274441 0.179136 0.689705
0.0256251 0.447454 9.9991E-05 0.1094 0.417421
0.12591 0.232544 0.075382 0.0950652 0.471099
0.0338292 0.438498 0.159497 0.131116 0.237059
9.9991E-05 0.50381 0.0605066 0.140556 0.295027
9.9991E-05 0.316292 0.167084 0.0832612 0.433262
9.9991E-05 0.111202 0.189026 0.172183 0.527489
0.125671 0.218905 0.104655 0.210213 0.340555
0.176553 0.602943 0.0827187 0.0889147 0.0488703
0.147233 0.261412 0.0239107 0.0570969 0.510348
9.9982E-05 0.362165 0.157293 9.9982E-05 0.480342
0.012412 0.266459 0.170188 9.9991E-05 0.550841
0.0901292 0.0818672 0.108913 0.123465 0.595626
0.294657 0.229488 9.9991E-05 0.372488 0.103267
0.167621 0.218871 9.9982E-05 0.613308 9.9982E-05
0.157106 0.321918 9.9982E-05 0.520776 9.9982E-05
0.357248 0.131249 9.9991E-05 0.406239 0.105165
0.0411743 0.236963 9.9982E-05 9.9982E-05 0.721663
0.032083 0.133366 0.0655412 0.137387 0.631623
0.713447 9.9982E-05 0.0130662 9.9982E-05 0.273287
0.460444 9.9991E-05 0.189621 0.0120195 0.337815
0.461907 0.0325682 0.13037 0.0392043 0.335951
0.0258286 0.584971 0.0233768 0.024443 0.34138
0.0589871 0.248832 0.0796964 0.0299315 0.582553
0.00777577 0.676007 0.0360111 0.0432053 0.237
0.0455216 0.212544 0.0127936 0.0166716 0.712469
9.9991E-05 0.394044 0.0538672 0.0642327 0.487756
0.0730447 0.296883 9.9991E-05 0.0722293 0.557743
0.0213377 0.674114 0.0831804 9.9991E-05 0.221268
0.0992431 0.17446 0.087816 0.0584674 0.580014
0.124752 0.240334 9.9991E-05 0.100553 0.534261
0.943965 9.9973E-05 9.9973E-05 9.9973E-05 0.0557353
0.877231 9.9973E-05 9.9973E-05 9.9973E-05 0.122469
0.62129 9.9991E-05 0.111883 0.00353402 0.263194
0.698789 9.9973E-05 9.9973E-05 9.9973E-05 0.300911
0.784217 0.0283712 0.0604569 9.9991E-05 0.126855
0.9996 9.997E-05 9.997E-05 9.997E-05 9.997E-05
0.963121 9.9982E-05 0.0361096 0.000569746 9.9982E-05
0.864208 9.9973E-05 9.9973E-05 9.9973E-05 0.135492
0.963478 9.9973E-05 9.9973E-05 9.9973E-05 0.0362222
0.9996 9.997E-05 9.997E-05 9.997E-05 9.997E-05
0.9996 9.997E-05 9.997E-05 9.997E-05 9.997E-05
0.804573 9.9991E-05 0.0165055 0.0263612 0.15246
0.882905 9.9991E-05 0.0589597 0.0349054 0.02313
0.985729 9.9973E-05 0.0139711 9.9973E-05 9.9973E-05
0.448978 9.9991E-05 0.180792 0.0157468 0.354383
0.723243 0.0575295 0.075304 9.9991E-05 0.143823
0.796026 9.9991E-05 0.0749151 0.00969345 0.119266
0.908718 9.9991E-05 0.0268104 0.00935743 0.0550145
0.985736 9.9973E-05 9.9973E-05 9.9973E-05 0.0139643
0.980073 9.9982E-05 0.0167832 9.9982E-05 0.00294346
0.996969 9.9973E-05 9.9973E-05 0.00273129 9.9973E-05
0.647736 9.9991E-05 0.0571118 0.0480571 0.246995
0.926579 9.9991E-05 0.02337 0.00692022 0.0430307
0.0420398 0.546005 9.9982E-05 0.411755 9.9982E-05
0.0990896 0.179037 0.0596388 0.251156 0.411079
0.0739286 0.206696 9.9991E-05 0.325773 0.393503
0.130405 0.411739 9.9991E-05 0.271373 0.186384
0.102978 0.20465 0.0792686 0.213003 0.400101
0.155903 0.410895 9.9991E-05 0.269728 0.163374
0.0397457 0.0572649 0.128777 0.246074 0.528138
0.189176 0.327163 9.9991E-05 0.171219 0.312342
0.141869 0.128006 0.0113184 0.13029 0.588517
0.200983 0.226395 9.9991E-05 0.223056 0.349466
0.102028 0.20268 9.9991E-05 0.253855 0.441338
9.9991E-05 0.0234908 0.0504065 0.864209 0.0617937
0.062532 9.9973E-05 9.9973E-05 0.937168 9.9973E-05
9.9973E-05 9.9973E-05 0.0242205 0.97548 9.9973E-05
9.9982E-05 9.9982E-05 0.0311629 0.955347 0.0132902
9.9982E-05 9.9982E-05 0.0361805 0.910986 0.0526337
0.0786048 0.0139946 9.9982E-05 0.907201 9.9982E-05
0.086965 9.9982E-05 9.9982E-05 0.862847 0.0499877
9.9982E-05 0.073281 9.9982E-05 0.918348 0.00817072
0.019963 9.9982E-05 9.9982E-05 0.939127 0.04071
0.0742599 9.9982E-05 9.9982E-05 0.900011 0.0255294
0.000489065 0.128784 0.260494 0.610133 9.9991E-05
9.9982E-05 0.0118954 0.396851 0.591054 9.9982E-05
9.9982E-05 0.107527 0.363971 0.528302 9.9982E-05
9.9982E-05 0.126824 0.357434 0.515542 9.9982E-05
0.0368444 0.0902907 0.284891 9.9991E-05 0.587874
9.9991E-05 0.187243 0.0985585 0.0688929 0.645206
0.0998317 0.104993 0.260409 9.9991E-05 0.534666
9.9982E-05 0.191711 0.301228 9.9982E-05 0.506862
0.0558592 0.0922505 0.661324 9.9991E-05 0.190466
0.0147598 0.148615 0.00367525 0.0975724 0.735378
0.00149267 0.159444 0.142997 9.9991E-05 0.695967
0.0480711 0.225785 0.0894897 9.9991E-05 0.636555
9.9982E-05 0.404144 0.00909668 9.9982E-05 0.586559
0.0537065 0.167137 0.143089 0.086813 0.549255
9.9982E-05 0.221869 0.211337 9.9982E-05 0.566594
9.9982E-05 0.787712 0.183804 9.9982E-05 0.0282838
9.9991E-05 0.171066 0.148821 0.109851 0.570163
0.0148609 0.59525 9.9991E-05 0.0332102 0.356579
0.04272 0.273926 0.122149 0.0122336 0.548971
9.9982E-05 0.425324 0.271102 9.9982E-05 0.303374
9.9982E-05 0.12132 0.693372 0.185108 9.9982E-05
9.9991E-05 0.0495614 0.73061 0.146472 0.0732572
9.9982E-05 0.114388 0.834025 0.0513868 9.9982E-05
9.9982E-05 0.1023 0.759531 0.137968 9.9982E-05
9.9991E-05 0.0535752 0.830847 0.00237211 0.113106
0.0369959 9.9991E-05 0.831032 0.0382664 0.0936062
0.0132328 9.9982E-05 9.9982E-05 0.897532 0.089035
0.0439802 9.9991E-05 0.0468305 0.836099 0.0729906
0.101276 9.9982E-05 9.9982E-05 0.754235 0.14429
0.104535 9.9991E-05 0.0834368 0.786333 0.0255951
0.0649961 9.9991E-05 0.00950335 0.826853 0.0985477
9.9982E-05 0.0476019 0.539991 0.412207 9.9982E-05
9.9982E-05 0.126048 0.414885 0.458867 9.9982E-05
9.9982E-05 0.145125 0.416098 0.438577 9.9982E-05
0.0452604 9.9991E-05 0.00764989 0.827552 0.119438
9.9982E-05 0.116303 0.508925 0.374572 9.9982E-05
0.402401 0.0748162 9.9991E-05 0.259807 0.262876
0.199045 9.9991E-05 0.0252211 0.138105 0.637529
0.258774 9.9982E-05 9.9982E-05 0.221766 0.51926
0.287065 0.0860169 9.9991E-05 0.299505 0.327313
0.194535 9.9991E-05 0.0636377 0.241835 0.499893
0.343389 0.184459 9.9982E-05 0.471951 9.9982E-05
9.9982E-05 0.146941 0.338677 9.9982E-05 0.514182
9.9991E-05 0.350746 0.155711 0.0431543 0.450288
9.9991E-05 0.0132564 0.541522 0.0750482 0.370073
0.0117762 0.248271 0.176284 0.01859 0.545079
9.9973E-05 0.799218 0.200482 9.9973E-05 9.9973E-05
0.0997737 0.141778 0.200563 0.0960392 0.461847
0.0461452 0.144147 0.210887 0.0255879 0.573233
9.9991E-05 0.0536067 0.491012 0.0692916 0.38599
0.0644853 0.169783 0.128424 0.108263 0.529045
9.9982E-05 0.485242 0.301607 9.9982E-05 0.212951
0.066974 0.326026 0.140249 9.9991E-05 0.466651
0.0788366 0.0535201 0.319818 9.9991E-05 0.547726
0.168917 0.110211 0.096625 0.193111 0.431136
0.0700981 0.241312 0.325392 9.9991E-05 0.363098
0.0600959 0.142028 0.279589 0.0146003 0.503686
0.120205 0.204988 0.187754 0.00420023 0.482853
0.023765 0.205376 0.126329 0.0453691 0.599161
0.0776577 0.136398 0.128238 9.9991E-05 0.657607
0.1231 9.9991E-05 0.124642 0.186741 0.565417
0.0442085 0.0756256 0.162825 0.0782638 0.639077
0.0994488 9.9982E-05 9.9982E-05 0.81056 0.0897917
0.0519164 9.9982E-05 9.9982E-05 0.844023 0.103861
9.9991E-05 0.0655979 0.0469641 0.794719 0.0926194
0.0449199 0.0655238 0.026687 0.824633 0.038236
0.0165299 9.9982E-05 9.9982E-05 0.841882 0.141389
0.0756835 0.0507307 0.661366 9.9991E-05 0.21212
0.0371563 0.101464 0.174034 0.0875371 0.599808
0.0781434 0.0916859 0.0141073 0.253936 0.562127
0.0998681 0.0457125 0.125756 0.0112554 0.717408
0.0510077 0.0958837 0.282722 0.0258675 0.544519
0.128158 0.318242 0.316692 0.0116138 0.225294
9.9991E-05 0.197244 0.590131 0.142337 0.0701877
0.036162 0.0627288 0.303679 0.0476137 0.549816
0.0501759 0.183881 0.474378 0.0584897 0.233075
0.00660852 0.220309 0.193819 0.0389912 0.540272
0.0270401 0.123162 0.594253 0.12871 0.126835
0.0222433 0.0194321 0.177559 0.155093 0.625673
0.0740002 0.0862756 0.609705 0.0487302 0.181289
0.108557 0.245556 0.315967 0.0212568 0.308664
0.138998 0.226777 0.14695 0.0370065 0.450269
0.0483287 0.47076 0.159204 0.0200189 0.301688
0.00718917 0.28323 9.9991E-05 0.143897 0.565583
0.0728473 0.151808 0.0108144 0.183158 0.581372
9.9991E-05 0.582717 0.0191125 0.011975 0.386096
0.0689682 0.159126 0.0631855 0.163367 0.545353
9.9982E-05 0.281201 9.9982E-05 0.0667394 0.65186
9.9982E-05 0.73636 0.130359 9.9982E-05 0.13308
9.9982E-05 0.674122 9.9982E-05 0.0179212 0.307757
9.9991E-05 0.308054 0.0492654 0.0412815 0.601299
9.9991E-05 0.671351 0.084999 0.0380766 0.205474
9.9991E-05 0.344101 0.0301644 0.0901432 0.535492
0.0248228 0.197071 0.589143 9.9991E-05 0.188864
0.0326591 0.332874 0.343749 9.9991E-05 0.290618
0.0972066 0.0466074 0.415914 0.0515445 0.388727
0.0369473 9.9991E-05 0.20957 0.0697739 0.683609
9.9982E-05 0.178056 0.518699 9.9982E-05 0.303045
0.102578 0.184281 0.118819 0.0834563 0.510865
0.0722922 0.0269639 0.200248 0.0733776 0.627118
0.145612 0.0327725 0.337473 9.9991E-05 0.484043
0.130832 0.0863181 0.304684 9.9991E-05 0.478066
0.0948078 0.000579871 0.39787 0.0304952 0.476247
0.064065 0.0274824 0.57305 9.9991E-05 0.335303
0.12436 0.0833639 0.454217 9.9991E-05 0.337959
0.0568708 0.0440132 0.223193 9.9991E-05 0.675823
0.0190188 0.0675174 0.128695 0.0913889 0.69338
9.9991E-05 0.129098 0.267671 0.0742375 0.528894
0.0694177 0.107629 0.25167 9.9991E-05 0.571183
0.0239473 9.9991E-05 0.41679 0.1115 0.447664
9.9982E-05 9.9982E-05 0.284379 0.0284547 0.686966
0.0829431 9.9991E-05 0.314835 0.0495846 0.552538
0.0903434 0.160153 0.141598 0.1237 0.484206
0.16253 0.054686 9.9991E-05 0.384495 0.398189
0.294939 0.128238 9.9991E-05 0.104269 0.472454
0.120397 0.0724791 0.0185753 0.167407 0.621142
0.183992 0.100339 0.108203 0.0801382 0.527328
0.203161 0.0198881 9.9991E-05 0.25885 0.518001
0.0566741 0.274546 0.182786 9.9991E-05 0.485894
0.145097 9.9991E-05 0.141113 0.170255 0.543435
0.132504 0.49657 9.9991E-05 0.343765 0.0270608
0.205756 0.127018 0.0143121 0.197322 0.455593
0.162771 0.123663 0.0128154 0.190091 0.51066
0.254833 0.12641 0.0975009 0.0646988 0.456558
0.149574 0.244775 0.0787501 0.239713 0.287187
0.180035 9.9982E-05 9.9982E-05 0.240676 0.579088
0.225959 0.0456635 9.9991E-05 0.209747 0.518531
0.164688 0.313611 9.9982E-05 0.5215 9.9982E-05
0.232593 9.9991E-05 0.0132295 0.175 0.579078
0.313248 0.0436045 0.0405505 0.14003 0.462567
0.12183 0.0982303 9.9991E-05 0.152123 0.627717
0.222652 9.9982E-05 9.9982E-05 0.210802 0.566347
0.143242 0.103081 0.022009 0.225997 0.505671
0.0635363 0.386264 0.0358572 0.0375558 0.476787
0.109384 0.221692 0.122557 0.0794174 0.46695
0.013426 0.783526 0.0920527 9.9991E-05 0.110896
9.9982E-05 0.821819 0.0561504 9.9982E-05 0.121831
0.0308199 0.166773 0.136762 0.10159 0.564055
0.30428 0.165095 9.9991E-05 0.12959 0.400934
0.428914 0.177293 9.9991E-05 0.0997077 0.293985
0.386302 0.320946 9.9991E-05 0.229287 0.0633645
0.319297 0.137037 9.9991E-05 0.186095 0.357471
0.138127 0.653229 9.9991E-05 0.122512 0.0860321
0.197924 0.556456 9.9991E-05 0.112211 0.133309
0.166809 0.207974 9.9982E-05 9.9982E-05 0.625017
0.131033 0.295517 9.9991E-05 0.0661743 0.507176
0.149201 0.51679 0.0067083 0.077409 0.249892
0.178588 0.187935 0.0787405 9.9991E-05 0.554636
0.220324 0.289498 9.9982E-05 9.9982E-05 0.489979
0.179205 0.176398 0.0370034 0.145785 0.461608
9.9982E-05 0.453402 0.123515 9.9982E-05 0.422883
0.0562182 0.448677 0.0827279 9.9991E-05 0.412277
0.0848447 0.31156 0.000722132 0.0495374 0.553336
0.132248 0.372327 0.0887841 0.0307081 0.375933
0.144985 0.274257 0.0826742 0.117896 0.380188
0.0254234 0.392732 9.9982E-05 9.9982E-05 0.581645
9.9982E-05 0.56101 0.155491 9.9982E-05 0.283299
0.0506816 0.259013 9.9991E-05 0.0169499 0.673256
0.00845828 0.651313 0.0574506 9.9991E-05 0.282678
0.0371503 0.335472 0.10688 0.0493337 0.471165
0.0276682 0.126267 0.0951441 0.104313 0.646608
0.0784166 0.356827 9.9991E-05 0.0199012 0.544755
0.201384 0.144971 9.9991E-05 0.130882 0.522663
0.24112 0.209264 0.0977199 0.113144 0.338752
0.314044 0.152224 0.0316549 0.191532 0.310546
0.230938 0.0419343 0.185125 0.216909 0.325094
0.229836 0.0975877 0.106999 0.160817 0.404761
0.189898 0.150679 0.0638734 0.166546 0.429003
0.227046 0.55507 0.0206231 0.19716 9.9991E-05
0.210118 9.9991E-05 0.0352378 0.0921117 0.662433
0.152158 0.431348 9.9982E-05 0.416294 9.9982E-05
0.23578 0.147496 9.9991E-05 0.0602135 0.556411
9.9973E-05 0.794933 9.9973E-05 9.9973E-05 0.204767
0.0330411 0.917423 0.0394972 0.0099384 9.9991E-05
0.0346967 0.442664 0.00300643 9.9991E-05 0.519533
0.0482093 0.204159 0.0850469 9.9991E-05 0.662485
9.9991E-05 0.462656 0.0168724 0.0160492 0.504323
9.9982E-05 0.336227 0.0191877 9.9982E-05 0.644385
0.0689413 0.291009 0.00625172 0.00382924 0.629968
0.0627136 0.0588465 9.9991E-05 0.832416 0.0459241
0.0845472 9.9991E-05 0.194358 0.711804 0.00919135
0.08122 9.9982E-05 0.0134447 0.905135 9.9982E-05
9.9973E-05 9.9973E-05 9.9973E-05 0.948511 0.0511887
0.00288877 0.272294 0.0756897 0.0534092 0.595718
0.0072914 0.112225 0.114188 0.140876 0.62542
9.9982E-05 0.220815 0.116725 9.9982E-05 0.66226
0.00209635 0.181401 0.0307197 0.101354 0.68443
9.9982E-05 0.228072 9.9982E-05 0.139114 0.632614
9.9982E-05 0.401517 0.201064 9.9982E-05 0.39722
0.0469095 0.184365 0.0300845 9.9991E-05 0.738541
9.9982E-05 0.51942 9.9982E-05 0.0315795 0.4488
0.219145 0.0835339 9.9991E-05 0.249032 0.448189
0.0192566 0.331363 0.0888268 9.9991E-05 0.560454
9.9991E-05 0.317201 0.220035 0.00996053 0.452703
0.00603832 0.226089 0.105488 9.9991E-05 0.662284
9.9982E-05 0.323707 0.127345 9.9982E-05 0.548748
0.00761821 0.2344 0.0173636 0.0267249 0.713893
0.0316844 0.185246 0.0186178 0.123709 0.640743
9.9973E-05 0.730443 9.9973E-05 9.9973E-05 0.269258
0.020189 0.471147 0.147103 9.9991E-05 0.361461
9.9982E-05 0.400857 0.152078 9.9982E-05 0.446865
9.9973E-05 0.923033 9.9973E-05 9.9973E-05 0.0766671
9.9991E-05 0.255793 0.150647 0.0472789 0.546181
9.9982E-05 0.701872 0.0621878 9.9982E-05 0.23574
9.9982E-05 0.878489 0.0880351 9.9982E-05 0.0332756
0.0247915 0.13773 0.0601567 0.0888773 0.688445
9.9991E-05 0.374257 0.262556 0.0130653 0.350021
0.0745752 0.149119 0.210701 0.00109306 0.564512
0.145942 0.0564868 0.182784 0.0595589 0.555229
0.0457562 0.0810225 0.198586 0.0051137 0.669522
0.0870161 0.307744 0.197144 9.9991E-05 0.407995
0.0521147 0.254454 0.0895847 9.9991E-05 0.603747
0.025887 0.215415 0.135146 9.9991E-05 0.623453
9.9973E-05 0.508715 9.9973E-05 9.9973E-05 0.490985
0.0681834 0.262916 0.0566456 0.108449 0.503805
9.9991E-05 0.0279738 0.303261 0.636423 0.0322423
9.9991E-05 0.0141452 0.137802 0.761698 0.0862543
9.9982E-05 0.00368559 0.161253 0.834862 9.9982E-05
9.9982E-05 0.0535741 0.133085 0.813141 9.9982E-05
9.9982E-05 9.9982E-05 0.219632 0.738505 0.041663
9.9991E-05 0.335501 0.291754 0.0104583 0.362187
9.9991E-05 0.517978 0.162412 0.0319636 0.287546
9.9973E-05 0.675848 9.9973E-05 9.9973E-05 0.323852
0.0968895 0.0876695 0.0957973 0.125977 0.593667
0.119739 0.0607851 0.10432 0.0787771 0.636379
9.9991E-05 0.458628 0.0368081 0.0499787 0.454486
9.9982E-05 0.194288 9.9982E-05 0.00124836 0.804264
0.0517322 0.391532 9.9991E-05 0.0712176 0.485418
0.016441 0.206855 0.0816186 0.00776158 0.687324
0.0593452 0.191526 0.117682 0.0485169 0.58293
9.9982E-05 0.448014 0.146782 9.9982E-05 0.405004
9.9982E-05 0.258865 0.199507 9.9982E-05 0.541427
9.9982E-05 0.303156 0.171471 9.9982E-05 0.525174
9.9982E-05 0.161179 9.9982E-05 0.184231 0.65439
9.9991E-05 0.27079 0.132159 0.0291934 0.567758
9.9991E-05 0.349345 0.0367612 0.0301292 0.583664
0.474835 0.0241436 9.9991E-05 0.0652044 0.435717
0.497955 0.037781 9.9991E-05 0.123044 0.34112
0.426936 9.9982E-05 9.9982E-05 0.144167 0.428697
0.506874 0.0314017 9.9991E-05 0.157906 0.303718
0.36787 0.0035823 0.0945038 0.071221 0.462823
0.0399198 0.34961 9.9991E-05 0.0617178 0.548652
0.624396 0.0760908 9.9991E-05 0.284974 0.0144397
0.51177 9.9991E-05 0.0613205 0.169773 0.257037
0.17067 0.218093 9.9991E-05 0.155155 0.455982
9.9982E-05 0.165902 9.9982E-05 0.232476 0.601422
9.9991E-05 0.294789 0.114313 0.167944 0.422854
0.0821722 0.0697284 0.0896157 0.129936 0.628547
9.9991E-05 0.130009 0.0563706 0.136447 0.677073
0.482111 9.9982E-05 9.9982E-05 0.173835 0.343854
0.404156 0.0254021 0.150484 0.0474666 0.372491
0.542029 9.9982E-05 9.9982E-05 0.000592814 0.457178
0.330031 9.9991E-05 0.0982682 0.121027 0.450574
0.5707 0.0166664 0.0060587 0.0951255 0.311449
0.387764 0.0210632 0.0584036 0.167219 0.36555
0.611007 0.0535191 9.9991E-05 0.12331 0.212064
0.445246 9.9991E-05 0.00925772 0.130372 0.415024
0.0632233 0.274691 0.0625476 0.103014 0.496524
0.259697 0.0307184 9.9991E-05 0.243443 0.466042
0.603636 9.9982E-05 9.9982E-05 0.242222 0.153943
0.281342 0.113089 0.0320313 0.182187 0.391351
9.9991E-05 0.308049 0.249323 0.186511 0.256017
0.123426 0.1684 0.13425 0.0385826 0.535341
0.338165 0.0562155 0.024634 0.149175 0.43181
9.9991E-05 0.0323876 0.0931795 0.194875 0.679458
9.9991E-05 0.144937 0.0826591 0.222849 0.549455
0.241675 0.111117 0.0455412 0.245517 0.35615
0.340801 0.110442 9.9991E-05 0.235226 0.313432
0.241398 0.101607 0.084011 0.134587 0.438397
0.425334 0.12682 9.9991E-05 0.0821497 0.365596
0.526146 0.00106861 9.9991E-05 0.130965 0.34172
0.664018 0.0408653 9.9991E-05 0.17867 0.116347
0.0888077 0.0964376 0.0906394 0.0955752 0.62854
9.9991E-05 0.224225 0.0780788 0.179395 0.518201
0.0762013 0.611009 9.9991E-05 0.159102 0.153588
0.129051 0.0688253 0.0848631 0.149742 0.567518
0.00529337 0.141093 0.192409 0.153569 0.507635
0.164964 0.149737 0.0178267 0.222379 0.445093
0.115858 0.139291 0.0701073 0.118273 0.55647
0.196303 0.431136 9.9982E-05 0.372362 9.9982E-05
0.132915 0.463333 9.9982E-05 0.403553 9.9982E-05
0.204163 0.225177 0.119982 0.151872 0.298806
0.230838 0.349505 9.9991E-05 0.400143 0.0194141
0.245139 0.269189 9.9982E-05 0.485472 9.9982E-05
0.151457 0.250314 0.0439218 0.141358 0.412948
0.23857 0.145162 0.053977 0.214585 0.347705
0.200366 0.285359 9.9991E-05 0.344506 0.169669
0.197403 0.394577 9.9991E-05 0.349762 0.0581583
0.114321 0.197817 0.0478591 0.179992 0.460011
0.15593 0.415427 0.00977897 0.258769 0.160095
0.109985 0.403498 9.9982E-05 0.486317 9.9982E-05
0.170178 0.00425782 0.030483 0.196202 0.598879
0.298654 0.222735 0.0425026 0.148454 0.287655
0.145173 0.0560918 9.9991E-05 0.32493 0.473705
0.244945 9.9982E-05 9.9982E-05 0.201123 0.553732
0.206321 0.0126866 0.042736 0.144917 0.593339
0.238184 0.0442656 0.0552627 0.148746 0.513542
0.23814 9.9991E-05 0.0141122 0.370675 0.376972
0.176547 9.9991E-05 0.00831686 0.220018 0.595018
0.329637 9.9991E-05 0.00202651 0.240461 0.427775
0.310145 0.105696 0.0262987 0.28276 0.275101
0.139288 0.295908 0.11548 0.133966 0.315358
0.0676798 0.017883 0.0163028 0.205938 0.692197
0.200188 0.0669939 0.0646714 0.166259 0.501888
0.0919695 0.0713288 0.0473173 0.112599 0.676785
0.269666 0.0165991 0.0391748 0.316413 0.358148
0.189278 0.0916044 9.9991E-05 0.176557 0.54246
0.20626 0.210978 9.9991E-05 0.390097 0.192564
0.22297 0.0402792 0.0628995 0.186586 0.487265
0.29684 0.121744 9.9991E-05 0.318745 0.262571
9.9991E-05 0.0794602 0.0928606 0.824718 0.00286094
9.9991E-05 0.0659289 0.762796 0.0571901 0.113985
9.997E-05 9.997E-05 0.9996 9.997E-05 9.997E-05
9.997E-05 9.997E-05 0.9996 9.997E-05 9.997E-05
9.9973E-05 9.9973E-05 0.987249 9.9973E-05 0.0124508
0.0680283 9.9982E-05 0.9136 0.0181712 9.9982E-05
9.9973E-05 9.9973E-05 0.916892 9.9973E-05 0.0828083
9.9973E-05 9.9973E-05 0.981074 0.0186263 9.9973E-05
0.0322269 9.9982E-05 0.79248 0.175093 9.9982E-05
9.9982E-05 9.9982E-05 0.0416303 0.934836 0.0233333
9.9982E-05 9.9982E-05 0.0942177 0.841172 0.0644098
0.063966 9.9991E-05 0.0288085 0.875282 0.0318436
9.9982E-05 9.9982E-05 0.12158 0.830113 0.0481069
0.048492 9.9991E-05 0.0409407 0.898589 0.0118783
0.00242359 9.9982E-05 0.0660488 0.931328 9.9982E-05
0.109437 9.9991E-05 0.0623085 0.756704 0.0714509
0.10377 0.0197606 9.9991E-05 0.851827 0.0245425
0.0802734 0.0666805 0.128963 0.697174 0.0269099
0.0730398 9.9973E-05 9.9973E-05 0.92666 9.9973E-05
9.9973E-05 9.9973E-05 0.0561811 0.943519 9.9973E-05
0.0461438 9.9991E-05 0.04436 0.84478 0.0646161
9.9973E-05 9.9973E-05 9.9973E-05 0.98577 0.0139301
0.0308168 9.9982E-05 9.9982E-05 0.908687 0.0602965
0.040803 9.9982E-05 9.9982E-05 0.866943 0.0920545
0.0612565 9.9982E-05 9.9982E-05 0.835235 0.103309
0.150992 9.9982E-05 9.9982E-05 0.780492 0.068316
0.0720011 9.9982E-05 9.9982E-05 0.78056 0.147239
0.029333 9.9982E-05 9.9982E-05 0.8356 0.134867
9.9991E-05 0.217378 0.116836 0.19328 0.472406
9.9982E-05 0.138258 9.9982E-05 0.11127 0.750272
0.0701183 0.198911 0.0129281 0.148561 0.569481
0.0376616 0.714226 9.9991E-05 0.124395 0.123617
9.9991E-05 0.156724 0.118183 0.116818 0.608175
0.023925 0.61244 9.9991E-05 0.227705 0.13583
0.0282671 0.196592 0.0114347 0.124512 0.639195
9.9991E-05 0.343124 0.113096 0.0773591 0.46632
0.0134917 0.212485 0.0324631 0.145896 0.595665
9.9991E-05 0.226199 0.117574 0.0595642 0.596563
9.9991E-05 0.164907 0.159983 0.143484 0.531527
9.9982E-05 0.122073 9.9982E-05 0.112231 0.765496
0.0136863 0.1086 0.0968664 0.132895 0.647952
0.0669705 0.353716 0.470995 9.9991E-05 0.108219
9.9982E-05 0.840099 0.0413134 0.118388 9.9982E-05
0.000741544 0.635809 9.9991E-05 0.180961 0.182389
0.0015063 0.0892262 0.0779473 0.149717 0.681603
9.9991E-05 0.233753 0.0285289 0.137633 0.599985
0.0350286 0.222332 9.9991E-05 0.163089 0.579451
0.0526581 0.122767 9.9991E-05 0.149191 0.675284
0.145705 0.0881921 0.0257042 0.202995 0.537404
0.0900626 9.9982E-05 9.9982E-05 0.247048 0.66269
0.156782 0.126868 0.118448 0.423131 0.174772
0.07972 0.043868 0.103098 0.117419 0.655895
0.118997 0.0793809 0.0716132 0.2853 0.444709
0.171355 0.364572 9.9982E-05 0.463873 9.9982E-05
0.234258 0.14371 9.9991E-05 0.29522 0.326712
0.267429 0.0748709 0.0911842 0.352344 0.214172
0.0716816 9.9991E-05 0.109225 0.366744 0.452249
0.292859 0.00726187 0.0526867 0.1238 0.523392
0.122395 0.0381328 0.0521498 0.24396 0.543362
0.171694 9.9991E-05 0.0389603 0.199706 0.58954
0.185034 0.127397 9.9991E-05 0.184711 0.502758
0.215707 9.9991E-05 0.0708576 0.434337 0.278999
