0.073037 9.9982E-05 0.906576 0.020187 9.9982E-05
0.00293103 9.9982E-05 0.96428 9.9982E-05 0.0325891
0.0472393 0.136269 0.805513 0.0108792 9.9991E-05
0.106937 0.0165369 0.77931 0.0971161 9.9991E-05
0.00993743 0.0918857 0.871955 0.0196317 0.00659055
0.0699267 0.0314649 0.592198 0.100399 0.206011
0.053823 0.0200236 0.855665 9.9991E-05 0.0703881
0.105037 0.0139018 0.731639 0.0411515 0.108271
0.1427 9.9982E-05 0.815462 9.9982E-05 0.0416379
0.00320865 0.115414 0.763486 0.0403833 0.0775072
0.10372 0.0256244 0.757169 9.9991E-05 0.113387
0.469899 0.33747 9.9991E-05 0.0715202 0.12101
0.292746 0.542392 9.9991E-05 0.133909 0.030853
0.528242 0.247143 0.0108942 0.121915 0.0918057
0.339094 0.373938 0.0439066 0.135689 0.107372
0.285709 0.306637 0.0868678 0.222524 0.0982626
0.117564 0.562875 0.113602 0.123686 0.0822722
0.173317 0.449621 0.01749 0.155874 0.203698
0.306092 0.465969 0.198378 0.029462 9.9991E-05
0.712985 0.0224827 0.0141116 0.089913 0.160508
0.226193 0.440807 0.0241733 0.13741 0.171417
0.240637 0.504253 0.034498 0.075545 0.145067
0.157369 0.613037 0.0247465 0.07739 0.127458
0.343505 0.377512 0.0141115 0.0829553 0.181917
0.123558 0.585844 0.134021 0.156477 9.9991E-05
0.197161 0.637371 0.0235635 0.0990326 0.0428717
0.483448 0.269664 0.0363444 0.088828 0.121716
0.434701 0.218026 9.9991E-05 0.227286 0.119887
0.446231 0.278685 0.00630375 0.0338607 0.234919
9.9982E-05 0.0759082 0.876768 0.0471234 9.9982E-05
9.9982E-05 0.15493 0.83573 0.00913959 9.9982E-05
0.0257153 0.110958 0.799921 0.0633056 9.9991E-05
9.9982E-05 0.175451 0.761276 0.0630726 9.9982E-05
0.0889971 0.605678 0.0636436 0.0445819 0.1971
0.130927 0.666049 0.118306 0.0103573 0.0743611
0.0201202 0.72758 0.0444819 9.9991E-05 0.207718
0.61927 0.200292 0.0741967 0.0307803 0.0754609
0.00452881 0.548741 9.9982E-05 9.9982E-05 0.44653
0.173987 0.641469 0.0856259 0.00307867 0.0958396
9.9982E-05 0.813013 0.125973 9.9982E-05 0.0608141
0.0266444 0.672929 0.149629 9.9991E-05 0.150697
0.0140144 0.694381 0.169969 0.0480798 0.0735554
0.211993 0.31381 0.0213695 9.9991E-05 0.452727
0.0444671 0.681771 0.116984 0.0354054 0.121372
9.9991E-05 0.693059 0.0826421 0.110993 0.113205
0.142812 0.534821 0.0819809 0.125188 0.115199
0.030016 0.571414 9.9982E-05 9.9982E-05 0.39837
9.9991E-05 0.737211 0.0682819 0.0378702 0.156537
0.0994986 0.570313 0.0738443 0.128857 0.127487
0.042218 0.0103051 0.0877463 9.9991E-05 0.859631
0.455451 0.282381 9.9982E-05 9.9982E-05 0.261968
0.248983 0.0863744 0.0209068 0.0640845 0.579652
0.17042 0.583333 0.0823081 0.123117 0.0408222
0.0436425 0.74806 0.149508 9.9991E-05 0.0586901
0.208338 0.601665 0.0478997 0.141997 9.9991E-05
0.460452 0.196345 0.0816172 0.0085574 0.253029
0.2733 0.55663 0.0619519 0.0305281 0.0775893
0.117133 0.622043 0.0919333 0.143351 0.0255395
0.162591 0.399225 0.172076 9.9991E-05 0.266008
0.357633 0.0610961 0.198166 0.0788991 0.304206
0.188323 0.544505 0.0749012 0.069274 0.122997
0.32036 0.410843 0.0458526 0.0965792 0.126365
0.480128 0.114593 0.0365666 9.9991E-05 0.368612
0.296824 0.555841 0.0281104 0.0385396 0.0806842
0.116686 0.600724 0.0104538 0.115346 0.15679
0.146071 0.656541 0.0876005 0.0736988 0.036089
0.291276 0.347109 0.0490069 0.0843493 0.228259
0.216741 0.479537 9.9991E-05 0.0924303 0.211191
0.217616 0.54606 0.017209 0.129107 0.0900074
0.378848 0.309923 0.00269334 9.9991E-05 0.308436
0.134266 0.766784 9.9982E-05 9.9982E-05 0.0987499
0.178106 0.461317 9.9982E-05 9.9982E-05 0.360378
0.0986817 0.661091 0.0245409 0.0689225 0.146764
0.0226278 0.225849 9.9982E-05 9.9982E-05 0.751323
0.116748 0.203671 9.9982E-05 9.9982E-05 0.679381
0.0941844 0.490389 9.9982E-05 9.9982E-05 0.415226
0.118455 0.625864 0.0248463 0.0100018 0.220833
0.168509 0.494806 0.0830135 0.1347 0.118972
0.164635 0.65482 0.00131931 9.9991E-05 0.179125
0.268625 0.414366 0.0286176 9.9991E-05 0.288292
0.254897 0.429913 0.0472851 9.9991E-05 0.267805
9.9991E-05 0.628641 0.131632 0.072683 0.166944
0.121926 0.532956 0.0248021 9.9991E-05 0.320215
0.075103 0.585103 0.0448507 0.0209636 0.273979
0.0308643 0.584884 0.00378869 9.9991E-05 0.380363
0.0583361 0.155286 0.00338313 9.9991E-05 0.782895
0.0810358 0.610457 0.0316963 0.0682422 0.208569
0.059261 0.0751808 0.825036 0.0404218 9.9991E-05
9.9973E-05 0.0830855 0.916615 9.9973E-05 9.9973E-05
9.9982E-05 0.0569993 0.880804 0.0619969 9.9982E-05
9.9982E-05 0.0347512 0.939973 0.0250759 9.9982E-05
9.9982E-05 0.100729 0.884237 9.9982E-05 0.0148345
9.9991E-05 0.00756092 0.907482 0.0376826 0.0471744
9.9973E-05 0.0539905 0.94571 9.9973E-05 9.9973E-05
0.11336 0.645954 0.0542437 0.0968334 0.0896084
0.0793075 0.650828 0.111346 0.103933 0.0545848
0.102135 0.286743 0.00933251 9.9991E-05 0.601689
0.0382448 0.69363 0.141623 0.0343786 0.0921244
0.16187 0.594858 0.000835311 0.0340385 0.208399
0.0187761 0.66329 0.116958 0.01136 0.189616
0.0727477 0.653923 0.0745389 0.0248393 0.173951
9.9991E-05 0.582445 0.059437 0.0175407 0.340478
0.288918 0.196272 0.0137508 9.9991E-05 0.500958
0.126961 0.590675 0.113244 0.0546218 0.114498
0.0340856 0.760869 0.137615 0.00981475 0.0576157
0.162511 0.599318 0.128485 0.109586 9.9991E-05
9.9982E-05 0.469203 0.0149933 9.9982E-05 0.515603
9.9982E-05 0.663175 9.9982E-05 0.00563608 0.330989
0.164669 0.619204 0.00706131 0.0578443 0.151221
9.9982E-05 0.523132 9.9982E-05 0.0552868 0.421382
0.0854518 0.659978 0.0446523 9.9991E-05 0.209818
0.147654 0.59897 0.102481 0.0418658 0.10903
0.417713 0.240755 0.0359192 0.0823974 0.223214
0.366781 0.405531 0.0837084 0.127604 0.0163752
0.14814 0.595457 0.136844 0.0405387 0.0790207
0.0719328 0.648216 0.104568 0.117309 0.0579739
0.350495 0.552453 0.00274447 0.0160296 0.0782781
0.259611 0.650788 9.9991E-05 0.0726652 0.0168356
0.40629 0.519836 0.00326535 0.0705092 9.9991E-05
0.159099 0.60943 0.121079 0.0551553 0.0552376
0.247657 0.560563 0.0203132 0.118854 0.0526127
0.120439 0.664631 0.072328 0.0373271 0.105274
0.403698 0.575471 0.0206309 9.9982E-05 9.9982E-05
0.107933 0.55093 0.00365454 0.19939 0.138093
0.0655362 0.539291 0.0730761 0.220068 0.102029
0.267408 0.611199 9.9982E-05 0.121193 9.9982E-05
0.20993 0.532743 0.0410322 0.176968 0.0393272
0.233932 0.527774 9.9991E-05 0.162116 0.0760774
0.367153 0.405992 0.0456847 0.0655826 0.115587
0.166856 0.638052 0.0322093 0.118917 0.0439654
0.0975308 0.716293 9.9991E-05 0.138076 0.0480001
0.377325 0.341049 0.0584914 0.0588019 0.164333
0.279218 0.0778659 0.0206233 0.152483 0.46981
0.161194 0.653488 9.9991E-05 0.0655325 0.119685
0.31559 0.0977964 9.9991E-05 0.0892855 0.497228
0.465829 0.331518 0.0192121 0.00976536 0.173675
0.355006 0.486406 0.0166869 9.9991E-05 0.141802
0.403097 0.442027 0.03247 9.9991E-05 0.122306
0.473287 0.351412 0.0131179 0.0768139 0.0853698
0.0518043 0.611324 0.127728 0.0888728 0.120271
0.211394 0.506615 0.0888223 0.177977 0.0151914
0.18983 0.527366 0.0632219 0.101379 0.118203
0.376042 0.16336 9.9991E-05 0.0912604 0.369237
0.0675944 0.70067 0.164041 0.00323826 0.0644561
0.0786577 0.554366 0.0913466 0.0807829 0.194847
0.126809 0.0106291 0.171135 0.0338824 0.657545
9.9991E-05 0.646309 0.160529 0.0581166 0.134945
0.0762773 0.344019 0.12182 0.0665926 0.391291
0.0580753 0.557176 0.109953 0.146688 0.128108
0.0619672 0.292036 0.142908 0.055125 0.447964
0.197653 0.23577 0.125998 9.9991E-05 0.440479
0.0960827 0.469195 0.0883741 9.9991E-05 0.346248
0.111111 0.499067 0.0540834 0.177784 0.157955
0.0575871 0.460399 0.200292 0.0738122 0.20791
0.0885571 0.0510568 0.0647465 0.154853 0.640786
0.0598338 0.527731 0.146039 0.0450062 0.22139
0.0770442 0.519824 9.9982E-05 9.9982E-05 0.402932
0.162513 0.570104 9.9991E-05 0.0241066 0.243176
0.0213037 0.540789 0.0993032 0.103908 0.234696
0.0773569 0.0610756 0.309082 0.340402 0.212083
9.9982E-05 9.9982E-05 0.610116 0.15618 0.233504
9.9982E-05 9.9982E-05 0.501397 0.149923 0.348481
0.0303724 0.0609828 0.392349 0.373712 0.142584
9.9991E-05 0.727244 0.0590946 0.0263723 0.187189
0.145292 0.594546 0.0782971 0.135246 0.0466184
9.9973E-05 0.305561 9.9973E-05 0.694139 9.9973E-05
0.156677 0.312297 0.0819134 0.449013 9.9991E-05
0.0780398 0.368844 0.0377802 0.448362 0.0669747
9.9991E-05 0.383931 0.0393197 0.0407126 0.535937
0.127959 0.561487 0.0672752 0.131461 0.111817
0.0409985 0.207777 0.0051319 0.0835887 0.662503
9.9991E-05 0.580958 0.0479107 0.0623683 0.308663
0.0892971 0.532472 0.0704555 0.0675301 0.240246
9.9991E-05 0.612329 0.0750138 0.0972779 0.215279
0.0927105 0.248835 0.0155078 0.0329513 0.609995
0.0359042 0.636621 0.0848141 0.13382 0.108842
0.055751 0.56609 0.0850776 0.104934 0.188147
9.9982E-05 0.0329427 9.9982E-05 0.953129 0.013728
9.9973E-05 0.0952182 9.9973E-05 0.904482 9.9973E-05
0.080553 0.278286 0.0292271 0.591845 0.020089
0.0395974 0.230973 9.9982E-05 0.72923 9.9982E-05
9.9982E-05 0.199936 0.00678724 0.793077 9.9982E-05
9.997E-05 9.997E-05 9.997E-05 0.9996 9.997E-05
0.0559713 9.9973E-05 9.9973E-05 0.943729 9.9973E-05
9.9973E-05 0.0897689 9.9973E-05 0.909931 9.9973E-05
0.0149007 9.9973E-05 9.9973E-05 0.984799 9.9973E-05
9.997E-05 9.997E-05 9.997E-05 0.9996 9.997E-05
9.997E-05 9.997E-05 9.997E-05 0.9996 9.997E-05
9.9982E-05 0.155122 0.0402743 0.804404 9.9982E-05
0.0669503 0.113114 0.0027087 0.817127 9.9991E-05
9.9973E-05 9.9973E-05 9.9973E-05 0.990062 0.00963786
0.180694 0.290336 0.0782298 0.429093 0.0216472
0.125125 0.171658 9.9982E-05 0.703016 9.9982E-05
0.0330475 0.141982 0.044796 0.780075 9.9991E-05
0.0678847 0.0167307 0.027438 0.887847 9.9991E-05
9.9973E-05 9.9973E-05 0.00469973 0.995 9.9973E-05
0.00423016 0.0694862 0.0584126 0.855697 0.0121746
9.9973E-05 9.9973E-05 0.00449632 0.995204 9.9973E-05
0.0587116 0.191896 0.0853431 0.66395 9.9991E-05
0.00237067 9.9982E-05 9.9982E-05 0.95708 0.0403498
9.9982E-05 9.9982E-05 0.378638 0.044058 0.577104
0.117573 0.476759 0.186178 0.0719429 0.147547
0.00869608 0.320189 0.254259 0.148466 0.26839
9.9991E-05 0.190907 0.285728 0.115298 0.407968
0.123208 0.390789 0.119055 0.192872 0.174076
9.9991E-05 0.171953 0.280623 0.135431 0.411893
0.0888574 0.38487 0.150076 0.16048 0.215716
9.9991E-05 0.277771 0.15784 0.208361 0.355928
0.0266938 0.492971 0.201372 0.174341 0.104622
9.9991E-05 0.318323 0.19096 0.26588 0.224738
0.0800896 0.396328 0.248715 0.180959 0.0939087
0.0692027 0.0472679 0.846466 9.9991E-05 0.0369631
0.0119241 0.00160725 0.935118 0.0512507 9.9991E-05
0.035136 9.9973E-05 0.964564 9.9973E-05 9.9973E-05
0.0595829 9.9973E-05 0.940117 9.9973E-05 9.9973E-05
0.0896508 9.9982E-05 0.884506 0.0256433 9.9982E-05
9.9973E-05 9.9973E-05 0.920061 0.0796388 9.9973E-05
0.0265904 0.0156781 0.909228 0.0484036 9.9991E-05
9.9982E-05 0.030744 0.900451 9.9982E-05 0.0686052
9.9982E-05 0.062192 0.927518 0.0100898 9.9982E-05
0.0404978 0.0471021 0.857898 0.0544026 9.9991E-05
0.286596 9.9982E-05 0.604593 9.9982E-05 0.10861
0.369482 9.9982E-05 0.588828 9.9982E-05 0.0414908
0.326752 9.9982E-05 0.557284 9.9982E-05 0.115763
0.332629 9.9982E-05 0.482359 9.9982E-05 0.184812
0.175467 0.606263 0.0996974 0.0119705 0.106602
0.0581826 0.658558 0.0366247 0.0363498 0.210285
0.210258 0.631162 9.9991E-05 0.0930087 0.065471
0.296915 0.543169 0.0540018 9.9991E-05 0.105814
0.637688 0.244828 9.9991E-05 0.0298861 0.0874975
9.9991E-05 0.666011 0.0566744 0.0592364 0.217978
0.0975076 0.727192 9.9991E-05 0.0350933 0.140107
0.17621 0.606432 9.9982E-05 9.9982E-05 0.217158
0.0706666 0.53771 9.9982E-05 9.9982E-05 0.391423
0.207721 0.67039 0.0709294 9.9991E-05 0.0508596
0.164583 0.594128 9.9982E-05 9.9982E-05 0.241089
0.108811 0.0791336 9.9982E-05 9.9982E-05 0.811855
0.18466 0.562691 0.0540814 0.0775042 0.121064
9.9991E-05 0.390057 0.0221573 0.0078727 0.579813
0.00718923 0.664769 0.0350757 9.9991E-05 0.292866
0.243083 0.317605 9.9982E-05 9.9982E-05 0.439112
0.770398 9.9991E-05 0.119502 0.00856206 0.101437
0.72949 0.0751645 0.108255 9.9991E-05 0.0869908
0.868516 0.0232088 0.057893 9.9991E-05 0.0502821
0.807908 9.9982E-05 0.126499 9.9982E-05 0.0653931
0.848999 0.0288473 9.9991E-05 0.0549657 0.0670875
0.810716 0.107835 0.0812489 9.9982E-05 9.9982E-05
9.9973E-05 0.0954733 0.904227 9.9973E-05 9.9973E-05
0.0564106 0.081894 0.861495 9.9982E-05 9.9982E-05
0.0157035 0.094682 0.790689 0.0988254 9.9991E-05
0.0635546 0.0834401 0.769647 0.0832587 9.9991E-05
0.0367799 0.100099 0.804796 0.0582249 9.9991E-05
0.520152 9.9982E-05 0.409152 9.9982E-05 0.0704954
0.457712 9.9982E-05 0.455229 9.9982E-05 0.0868586
0.481967 9.9991E-05 0.421098 0.0121827 0.0846525
9.9982E-05 0.108922 0.869532 0.021346 9.9982E-05
0.531857 9.9982E-05 0.373254 9.9982E-05 0.0946893
9.9991E-05 0.204729 0.231667 0.414095 0.149409
0.02413 0.632883 0.174494 0.168392 9.9991E-05
0.0051127 0.468724 0.216906 0.309157 9.9991E-05
0.0335609 0.3431 0.316268 0.201181 0.105891
0.0360242 0.438703 0.157907 0.227533 0.139833
9.9982E-05 9.9982E-05 0.482902 0.350703 0.166195
0.364652 0.490104 0.0260542 9.9991E-05 0.119089
0.26682 0.360348 9.9991E-05 0.04298 0.329752
0.548566 0.371389 0.0798455 9.9982E-05 9.9982E-05
0.13512 0.499524 0.0146976 0.00818075 0.342478
0.157324 9.9973E-05 9.9973E-05 9.9973E-05 0.842377
0.0468777 0.452322 0.0903089 0.114958 0.295533
0.270018 0.555875 0.0615371 9.9991E-05 0.11247
0.414989 0.413422 0.0411952 9.9991E-05 0.130294
0.164233 0.557899 0.100505 0.118283 0.0590798
0.289404 0.165601 0.0146215 0.00974473 0.520629
0.194355 0.502266 9.9991E-05 0.100339 0.202939
0.24638 0.580231 0.0463595 0.0877586 0.0392712
0.0798292 0.395731 0.160423 0.230605 0.133412
0.248711 0.451557 9.9991E-05 0.0128423 0.28679
0.238145 0.516164 9.9991E-05 0.06712 0.178471
0.136755 0.399482 9.9991E-05 0.192232 0.271432
0.192497 0.532647 0.0153274 0.0483933 0.211136
0.107308 0.743899 9.9991E-05 0.0838777 0.0648151
0.10742 0.608631 0.0998143 0.0478994 0.136235
0.187924 0.498325 0.0897599 0.171064 0.0529273
9.9982E-05 0.0872202 0.807807 0.104773 9.9982E-05
9.9991E-05 0.079478 0.871324 0.00124065 0.0478578
0.0350777 0.0478885 0.81448 0.00810669 0.0944475
0.060031 0.0151993 0.831094 0.0363838 0.057292
9.9982E-05 0.078207 0.839249 0.0823437 9.9982E-05
0.592847 0.130343 9.9991E-05 0.143093 0.133617
0.0964857 0.536259 0.0769864 0.130111 0.160158
9.9991E-05 0.386782 0.201114 0.252942 0.159062
0.233135 0.640725 0.0212338 0.104806 9.9991E-05
0.257005 0.625888 0.00869127 0.0262102 0.0822049
0.360898 0.257507 9.9991E-05 0.113939 0.267556
0.600319 0.0255072 0.133797 9.9991E-05 0.240277
0.345236 0.541471 0.0135895 0.0724582 0.0272447
0.461727 0.240049 0.0478999 0.0602392 0.190085
0.128271 0.414355 0.0277836 0.14403 0.28556
0.572348 0.143754 0.139657 0.0328937 0.111347
0.221074 0.461679 0.0983987 0.142413 0.076435
0.510555 0.266821 0.0505816 0.0186303 0.153412
0.295412 0.275551 9.9991E-05 0.19608 0.232858
0.145018 0.525091 0.0976658 0.0649036 0.167321
0.106527 0.317284 0.0502016 0.0614919 0.464496
0.0372884 0.572004 0.125889 0.0386097 0.226209
9.9982E-05 0.669867 0.17889 9.9982E-05 0.151043
0.0873286 0.443284 0.0530684 9.9991E-05 0.416219
9.9991E-05 0.507429 0.0545866 0.164244 0.27364
0.0323821 0.585453 0.0829891 0.0311827 0.267993
0.113118 0.18553 9.9982E-05 9.9982E-05 0.701152
0.0326436 0.297373 0.0435173 9.9991E-05 0.626366
0.12801 0.572411 0.0241921 9.9991E-05 0.275288
0.139217 0.255062 0.0211996 9.9991E-05 0.584422
0.100856 0.599524 0.0142878 9.9991E-05 0.285233
0.613696 0.204409 9.9991E-05 0.0124894 0.169305
0.278727 0.275595 9.9991E-05 0.0300324 0.415546
0.480434 0.36719 9.9991E-05 0.146154 0.00612131
0.189781 0.616268 0.032461 0.16139 9.9991E-05
0.495707 0.362882 9.9991E-05 0.0201548 0.121156
0.211169 0.373597 0.0204412 0.186439 0.208354
0.160597 0.628381 0.142995 0.0679273 9.9991E-05
0.317417 0.476162 9.9991E-05 0.172278 0.0340431
0.283532 0.5319 9.9991E-05 0.145379 0.0390891
0.393873 0.486496 0.0163112 0.0613548 0.041965
0.517966 0.374654 9.9991E-05 0.0636044 0.0436756
0.455097 0.400266 9.9991E-05 0.097793 0.0467444
0.175181 0.599222 9.9991E-05 0.0777638 0.147734
0.142587 0.571167 0.0776914 0.138706 0.0698484
0.292719 0.428871 0.0189958 0.075673 0.183741
0.297723 0.557226 9.9991E-05 0.0595118 0.0854389
0.48691 0.394159 0.0432281 0.0644823 0.0112203
0.209228 0.640379 0.00761541 0.0752459 0.0675322
0.329977 0.553099 0.0362852 0.0654182 0.0152207
0.219552 0.396134 0.153649 0.124333 0.106332
9.9982E-05 0.433085 0.435952 0.130763 9.9982E-05
9.9991E-05 0.385914 0.120063 0.3111 0.182823
9.9991E-05 0.557754 0.0910705 0.196559 0.154517
0.0810493 0.649476 0.0584844 0.134657 0.076333
0.0642545 0.418028 0.154002 0.250068 0.113648
0.163099 0.515779 9.9991E-05 0.0609624 0.26006
0.0716024 0.464494 0.235804 0.166813 0.0612868
9.9991E-05 0.0200008 0.299401 0.154111 0.526388
0.0828822 0.485156 0.120941 0.246151 0.0648693
0.140919 0.530946 0.0875722 0.237436 0.00312764
0.155547 0.488565 0.058433 0.297355 9.9991E-05
0.163061 0.276236 0.144721 0.199772 0.21621
9.9991E-05 0.403807 0.223761 0.23637 0.135962
9.9991E-05 0.497941 0.172716 0.252278 0.0769639
9.9982E-05 9.9982E-05 0.4759 0.224159 0.29974
0.00196778 0.537153 0.218215 0.242564 9.9991E-05
0.0892659 0.48077 0.15384 0.276024 9.9991E-05
9.9991E-05 0.576383 0.127642 0.195345 0.10053
9.9991E-05 0.501761 0.238147 0.244998 0.0149936
0.105234 0.455673 0.10418 0.197779 0.137133
9.9991E-05 0.403101 0.0693426 0.113176 0.414281
0.0300277 0.484286 0.123629 0.15089 0.211168
0.0546253 0.114277 9.9982E-05 9.9982E-05 0.830898
0.104958 0.0656886 9.9982E-05 9.9982E-05 0.829154
0.041701 0.502056 0.0843808 0.170968 0.200894
9.9991E-05 0.396918 0.168565 0.359478 0.0749395
9.9991E-05 0.278257 0.0887605 0.416611 0.216272
0.0251691 0.138499 0.24847 0.311614 0.276248
9.9991E-05 0.290793 0.191155 0.358671 0.15928
9.9991E-05 0.0677757 0.0971473 0.145985 0.688992
9.9991E-05 0.142984 0.1232 0.176151 0.557565
9.9991E-05 0.560996 0.0304486 0.149244 0.259212
0.0198233 0.503115 0.0845334 0.159505 0.233023
9.9991E-05 0.196613 0.100589 0.141266 0.561432
9.9991E-05 0.509114 0.0710247 0.170699 0.249062
9.9982E-05 0.533037 9.9982E-05 0.201796 0.264967
0.162145 0.504596 0.0940543 0.168009 0.0711956
0.154008 0.384028 0.0150867 9.9991E-05 0.446777
0.0754666 0.346948 9.9991E-05 0.119635 0.45785
0.0804538 0.505535 0.0186959 0.137224 0.258092
0.152898 0.396973 0.0473498 0.10586 0.29692
0.072806 0.415345 0.0710243 0.178824 0.262001
9.9982E-05 0.590751 9.9982E-05 0.00200908 0.407039
0.129696 0.261819 9.9991E-05 0.00278162 0.605603
9.9991E-05 0.645451 0.0182227 0.0232098 0.313017
0.0446302 0.25311 9.9991E-05 0.058703 0.643457
0.0258136 0.452928 0.0328267 0.078412 0.41002
0.00259485 0.707218 0.0488048 0.0266653 0.214717
0.0840833 0.480731 9.9991E-05 0.108216 0.32687
0.0783746 0.377235 0.212567 0.218161 0.113662
0.00585137 0.45729 0.167297 0.199986 0.169575
0.0908289 0.300546 0.124744 0.318501 0.16538
0.147034 0.24656 0.186378 0.2775 0.142529
0.0704667 0.531804 0.252399 0.117841 0.0274891
9.9991E-05 0.426189 0.107236 0.277328 0.189147
0.034845 9.9991E-05 0.190829 0.185432 0.588793
0.0320417 0.561766 0.10213 0.248901 0.0551607
9.9982E-05 9.9982E-05 0.388088 0.158544 0.453169
0.00230206 0.487192 0.03492 0.284119 0.191467
9.9973E-05 0.186134 9.9973E-05 9.9973E-05 0.813566
0.0549554 9.9982E-05 9.9982E-05 0.00754312 0.937301
9.9973E-05 0.526013 9.9973E-05 9.9973E-05 0.473687
9.9991E-05 0.721298 0.0215298 0.0214006 0.235672
9.9982E-05 0.441074 9.9982E-05 0.032459 0.526267
9.9991E-05 0.583761 0.0306851 0.0373074 0.348147
9.9982E-05 0.568022 9.9982E-05 0.0686545 0.363124
9.9991E-05 0.0910961 0.827386 0.0481633 0.0332548
0.113659 9.9991E-05 0.731161 0.092333 0.0627475
0.050132 9.9982E-05 0.901283 0.0483846 9.9982E-05
9.9973E-05 0.0307308 0.968969 9.9973E-05 9.9973E-05
0.0663215 0.631555 0.0596448 0.0209384 0.22154
9.9982E-05 0.673622 0.158289 9.9982E-05 0.167888
0.0846115 0.658817 0.0268163 9.9991E-05 0.229655
9.9982E-05 0.734094 0.115909 9.9982E-05 0.149797
0.137821 0.555682 0.143492 0.0312118 0.131793
0.142082 0.422766 0.02564 9.9991E-05 0.409412
0.0205824 0.790319 9.9991E-05 0.0253466 0.163652
9.9982E-05 0.521416 0.013472 9.9982E-05 0.464912
0.0375984 0.456889 0.291667 0.213746 9.9991E-05
0.102121 0.584312 9.9991E-05 0.0447171 0.26875
0.148873 0.56504 9.9982E-05 9.9982E-05 0.285886
0.068183 0.704767 9.9991E-05 0.00279844 0.224152
0.122239 0.526306 0.0335291 9.9991E-05 0.317826
9.9982E-05 0.636991 9.9982E-05 0.0550347 0.307774
0.0411824 0.750201 0.0664619 0.0120927 0.130062
9.9973E-05 0.286679 9.9973E-05 9.9973E-05 0.713021
0.0649758 0.435594 9.9991E-05 0.0104942 0.488836
0.0782717 0.473437 9.9982E-05 9.9982E-05 0.448091
9.9973E-05 0.097384 9.9973E-05 9.9973E-05 0.902316
0.161908 0.582513 9.9991E-05 0.0498163 0.205663
9.9973E-05 0.309416 9.9973E-05 9.9973E-05 0.690285
0.00999547 0.0979421 0.000575826 9.9991E-05 0.891387
0.0207198 0.688011 0.0747683 0.0465835 0.169918
0.123643 0.41089 0.0130258 9.9991E-05 0.452341
0.10236 0.565307 0.0108199 0.0832227 0.238291
0.0609673 0.598335 0.131425 0.115952 0.0933203
0.154073 0.713084 9.9982E-05 9.9982E-05 0.132643
0.313146 0.338182 9.9991E-05 0.144965 0.203607
0.186803 0.644109 0.0136025 0.0291177 0.126368
0.188833 0.52628 0.0208426 0.0477296 0.216314
0.0281733 0.521553 9.9982E-05 9.9982E-05 0.450073
0.127414 0.620375 0.0840148 0.0424662 0.12573
0.295083 9.9982E-05 0.630939 9.9982E-05 0.0737778
0.118563 0.0558408 0.782546 9.9991E-05 0.0429507
0.190406 9.9973E-05 0.809294 9.9973E-05 9.9973E-05
0.178027 9.9973E-05 0.821673 9.9973E-05 9.9973E-05
0.198743 0.0155999 0.785457 9.9982E-05 9.9982E-05
0.290233 0.379288 0.00226793 9.9991E-05 0.328111
0.169178 0.304515 0.0355331 9.9991E-05 0.490674
9.9973E-05 0.388393 9.9973E-05 9.9973E-05 0.611307
0.172807 0.500314 0.0797213 0.128028 0.11913
0.063956 0.620778 0.169575 0.0473574 0.0983337
0.0223382 0.484001 9.9982E-05 9.9982E-05 0.493461
0.017963 0.706372 9.9991E-05 0.11548 0.160086
9.9982E-05 0.55114 9.9982E-05 0.0910478 0.357612
0.0203447 0.717544 0.0256971 9.9991E-05 0.236314
0.116976 0.718929 0.101387 9.9991E-05 0.0626078
0.241014 0.478771 9.9982E-05 9.9982E-05 0.280015
0.143948 0.545664 9.9982E-05 9.9982E-05 0.310188
0.2064 0.557033 9.9982E-05 9.9982E-05 0.236367
0.0342328 0.652021 0.155909 0.0268885 0.130949
0.150617 0.624919 0.00726222 9.9991E-05 0.217102
0.0422465 0.607915 0.0340274 0.000454057 0.315358
9.9991E-05 0.374825 0.0819874 0.467418 0.0756695
9.9991E-05 0.377875 0.153279 0.434743 0.0340029
9.9982E-05 0.35031 0.134978 0.514512 9.9982E-05
9.9991E-05 0.252859 0.206463 0.501119 0.0394589
0.043144 0.445396 0.129848 0.321993 0.059619
9.9991E-05 0.465427 0.0363585 0.081581 0.416533
9.9991E-05 0.031074 0.281933 0.662805 0.0240878
9.9991E-05 0.308841 0.210178 0.457632 0.0232481
9.9991E-05 0.422844 0.198483 0.211009 0.167564
0.0437373 0.617434 0.171699 0.0325008 0.134629
0.00636849 0.500628 0.212608 0.0218793 0.258516
0.0205473 0.574999 0.177948 0.0280994 0.198406
0.0709134 0.719219 0.0897583 0.0284773 0.0916323
9.9982E-05 0.365256 0.181173 0.453371 9.9982E-05
0.0609071 0.309491 0.0747532 0.47599 0.0788582
9.9991E-05 0.395712 0.0479928 0.5544 0.0017956
0.0163029 0.489051 0.175208 0.315756 0.00368174
9.9991E-05 0.226933 0.153969 0.595569 0.0234292
0.0991262 0.357613 0.0761842 0.412168 0.0549085
0.0165595 0.183431 0.108 0.64508 0.0469297
0.033368 0.415439 0.0912561 0.459837 9.9991E-05
0.00915782 0.555839 0.113818 0.0590549 0.26213
0.0557242 0.354299 0.188121 0.378691 0.0231652
9.9991E-05 0.116209 0.18579 0.686775 0.0111257
0.0723822 0.347255 0.0999849 0.423008 0.0573701
0.250334 0.264378 0.195811 9.9991E-05 0.289376
0.0129162 0.536942 0.0375566 0.173712 0.238874
0.0227517 0.568416 0.159958 0.241704 0.00716977
0.0473215 0.591085 0.117456 0.139448 0.10469
0.0105045 0.635553 0.24712 9.9991E-05 0.106722
0.0802541 0.348934 0.165398 0.298971 0.106443
0.0111194 0.350465 0.256315 0.231576 0.150525
0.0442877 0.614586 0.1037 0.206407 0.0310185
9.9991E-05 0.390108 0.129205 0.37621 0.104376
9.9982E-05 0.331202 0.11784 0.550758 9.9982E-05
0.0138232 0.135056 0.245309 0.605712 9.9991E-05
0.112408 0.659652 0.124891 0.0590813 0.043968
0.0653305 0.554862 0.16881 9.9991E-05 0.210898
9.9991E-05 0.19648 0.189599 0.0640621 0.549759
0.0816449 0.611594 0.089714 0.132244 0.0848034
0.241418 0.46907 0.159596 0.0312772 0.0986381
0.00803759 0.448639 0.237081 0.150314 0.155929
0.037233 0.516929 0.145268 0.0516019 0.248967
0.00143813 9.9991E-05 0.371133 0.19198 0.435349
9.9982E-05 9.9982E-05 0.390038 0.14134 0.468422
0.103083 0.231569 0.179848 0.213542 0.271958
9.9991E-05 0.0944412 0.41763 0.17288 0.314949
9.9982E-05 9.9982E-05 0.489282 0.229322 0.281196
9.9991E-05 0.359472 0.142921 0.191628 0.305879
0.0618704 0.359304 0.263186 0.162068 0.153572
9.9991E-05 0.168136 0.288234 0.217136 0.326394
9.9991E-05 0.174797 0.382469 0.13457 0.308064
0.0595704 0.450478 0.139447 0.113146 0.237359
9.9991E-05 0.183977 0.272547 0.16906 0.374316
9.9982E-05 9.9982E-05 0.540037 0.0530186 0.406745
0.0868488 0.464725 0.0996074 0.303959 0.0448598
0.0741217 0.36482 0.161648 0.256872 0.142538
0.0489532 0.33102 0.287598 0.252892 0.0795379
9.9982E-05 0.453426 0.203731 0.342643 9.9982E-05
0.00180389 0.532607 0.167161 0.206188 0.0922398
9.9991E-05 0.466624 0.203104 0.292734 0.037439
0.0621817 0.330183 0.428592 0.178942 9.9991E-05
0.0182857 0.570082 0.233589 0.177943 9.9991E-05
0.0845681 0.427974 0.229403 0.257955 9.9991E-05
9.9991E-05 0.349482 0.3006 0.25694 0.0928783
0.125657 0.358198 0.173374 0.132641 0.21013
0.156848 0.48625 0.120517 0.165589 0.0707965
0.018205 0.51277 0.139207 0.237962 0.0918559
9.9991E-05 0.554574 0.12332 0.160161 0.161846
9.9991E-05 0.311895 0.262694 0.340897 0.0844145
9.9991E-05 0.505443 0.243109 0.226817 0.0245303
9.9991E-05 0.0856876 0.379287 0.328978 0.205948
0.0636382 0.494971 0.261614 0.179676 9.9991E-05
9.9991E-05 0.125631 0.330515 0.358321 0.185433
0.105786 9.9991E-05 0.806541 0.00539014 0.0821828
0.747792 0.127787 0.0194753 0.0569199 0.0480259
0.987022 9.9973E-05 0.0126776 9.9973E-05 9.9973E-05
0.9996 9.997E-05 9.997E-05 9.997E-05 9.997E-05
0.974735 0.0249655 9.9973E-05 9.9973E-05 9.9973E-05
0.948555 9.9973E-05 9.9973E-05 0.051145 9.9973E-05
0.924376 0.0753242 9.9973E-05 9.9973E-05 9.9973E-05
0.988951 9.9973E-05 0.0107493 9.9973E-05 9.9973E-05
0.768566 9.9982E-05 0.194533 0.0367014 9.9982E-05
9.9982E-05 0.0327899 0.963232 0.00377797 9.9982E-05
0.14401 0.0380604 0.81773 9.9982E-05 9.9982E-05
9.9991E-05 0.0570125 0.870744 0.0587586 0.0133846
0.0849466 0.0072805 0.867404 9.9991E-05 0.0402687
0.0312895 0.0334501 0.87854 0.0566201 9.9991E-05
0.0745838 9.9982E-05 0.902909 9.9982E-05 0.022307
0.109892 9.9982E-05 0.752517 0.137391 9.9982E-05
0.0295508 9.9991E-05 0.873372 0.069167 0.0278099
0.168173 0.0434857 0.659708 0.0870491 0.0415848
0.0205733 9.9982E-05 0.915652 0.0635749 9.9982E-05
0.0374844 9.9973E-05 0.962216 9.9973E-05 9.9973E-05
0.0473378 0.0437605 0.869881 0.0158389 0.0231818
0.0176103 9.9982E-05 0.972059 0.0101308 9.9982E-05
9.9991E-05 0.0404858 0.909591 0.0282542 0.0215689
9.9973E-05 0.0899252 0.909775 9.9973E-05 9.9973E-05
9.9982E-05 0.0897937 0.866182 0.0438239 9.9982E-05
9.9982E-05 0.0489412 0.808973 0.141886 9.9982E-05
9.9982E-05 0.148754 0.780187 0.070859 9.9982E-05
9.9982E-05 0.123005 0.819519 0.057276 9.9982E-05
0.0523642 0.50117 0.208094 9.9991E-05 0.238272
9.9982E-05 0.773643 0.12052 9.9982E-05 0.105637
9.9991E-05 0.580565 0.150288 0.106567 0.16248
9.9991E-05 0.183758 0.1045 0.0246612 0.686981
0.159862 0.637611 0.197945 9.9991E-05 0.00448314
9.9991E-05 0.123614 0.171712 0.0505806 0.653994
9.9991E-05 0.649329 0.124141 0.0286339 0.197796
0.132293 0.451256 0.14608 9.9991E-05 0.270271
0.0055034 0.660551 0.160497 9.9991E-05 0.173349
0.0792589 0.642119 0.0286452 0.0268243 0.223153
0.13357 0.55676 0.156983 9.9991E-05 0.152587
0.014349 0.686954 0.122776 0.0279658 0.147955
0.0686775 0.612048 0.145442 0.0203426 0.15349
0.395289 0.129864 9.9991E-05 0.0466831 0.428064
0.0919453 9.9982E-05 0.0696383 9.9982E-05 0.838216
0.00440573 0.17647 0.15951 0.0375053 0.622109
9.9991E-05 0.566105 0.112007 0.146634 0.175154
0.0465537 0.608565 0.144696 0.00980416 0.190381
9.9982E-05 0.584793 0.157022 9.9982E-05 0.257986
9.9991E-05 0.681499 0.152392 0.0341502 0.131859
0.0247279 0.553347 0.167226 0.206991 0.0477083
0.0239638 0.638359 0.176726 0.160851 9.9991E-05
0.175492 0.177071 0.435811 0.121014 0.0906113
0.126641 0.597604 0.115619 0.0674781 0.0926583
0.13743 0.47901 0.249459 0.124871 0.00923032
9.9982E-05 9.9982E-05 0.473434 0.164817 0.361549
9.9991E-05 0.459333 0.323502 0.111273 0.105792
0.0444688 0.347749 0.378011 0.193685 0.036086
0.118774 0.405024 0.347152 0.128949 9.9991E-05
0.0681302 0.548143 0.113034 0.270592 9.9991E-05
0.0465984 0.5633 0.253391 0.13661 9.9991E-05
0.0350293 0.586795 0.0936947 0.284381 9.9991E-05
9.9991E-05 0.45565 0.156997 0.223245 0.164007
9.9991E-05 0.33127 0.475741 0.142482 0.0504074
