9.9982E-05 9.9982E-05 0.0290125 0.048058 0.92273
9.9973E-05 0.0559424 9.9973E-05 9.9973E-05 0.943758
0.0860964 9.9991E-05 0.033172 0.0358639 0.844768
0.00754258 9.9991E-05 0.0737799 0.116238 0.802339
0.0527148 9.9991E-05 0.0585174 0.00870723 0.879961
0.0109491 0.125259 0.122518 0.145066 0.596208
9.9991E-05 0.0729818 0.0198165 0.0353629 0.871739
9.9991E-05 0.116256 0.0205031 0.126408 0.736734
9.9982E-05 0.103818 9.9982E-05 0.0701788 0.825803
0.11324 0.071272 0.0556189 0.0493812 0.710488
9.999E-05 0.0513598 0.0339202 0.159658 0.754962
0.282106 0.138639 0.0846218 0.494533 9.9991E-05
0.575784 0.00397694 0.0769716 0.329465 0.0138026
0.285636 0.0782073 0.117876 0.501331 0.0169496
0.367758 0.0282589 0.164099 0.372284 0.0676002
0.385224 0.0438942 0.132091 0.291007 0.147783
0.602469 9.9991E-05 0.113953 0.175051 0.108427
0.4828 0.184463 0.104921 0.227717 9.9991E-05
0.361793 0.00317206 0.100532 0.362582 0.171921
9.999E-05 0.153269 0.0799316 0.735816 0.0308839
0.448889 0.153534 0.0907431 0.29334 0.0134944
0.541727 0.111237 0.102018 0.195923 0.0490952
0.658208 0.0484967 0.0279479 0.203911 0.0614363
0.351551 0.111346 0.124794 0.412208 9.9991E-05
0.600027 0.139136 0.127928 0.0866764 0.0462326
0.525033 0.102738 0.14716 0.203545 0.0215239
0.248794 0.0809121 0.135814 0.522223 0.0122564
0.280192 0.109632 0.176477 0.417814 0.0158861
0.318842 0.228576 9.9991E-05 0.44086 0.0116229
0.087425 9.9982E-05 0.0360405 9.9982E-05 0.876335
0.157805 9.9973E-05 9.9973E-05 9.9973E-05 0.841895
0.191136 9.9973E-05 9.9973E-05 9.9973E-05 0.808564
0.19373 9.9982E-05 0.064293 9.9982E-05 0.741777
0.681446 0.146105 9.9991E-05 0.140978 0.0313716
0.608864 0.151147 0.0735113 0.044103 0.122375
0.748547 0.22398 9.9982E-05 9.9982E-05 0.0272735
0.232864 0.126988 0.00282539 0.532826 0.104496
0.526743 0.390887 0.00469356 0.0775768 9.9991E-05
0.612799 0.0784063 0.0553638 0.174438 0.0789928
0.771865 0.19033 9.9982E-05 9.9982E-05 0.0376057
0.684606 0.140229 9.9991E-05 0.0310227 0.144043
0.703354 0.0866683 0.0540445 0.0788959 0.077037
0.303018 0.436257 9.9982E-05 0.260525 9.9982E-05
0.633331 0.180003 0.0606913 9.9991E-05 0.125875
0.644512 0.159737 0.106345 9.9991E-05 0.0893065
0.618861 0.123191 0.107472 0.0219399 0.128536
0.506086 0.422412 9.9982E-05 0.071302 9.9982E-05
0.594093 0.238252 0.0922934 9.9991E-05 0.0752609
0.523939 0.200072 0.137468 9.9991E-05 0.138421
9.9982E-05 0.867751 9.9982E-05 0.028248 0.103801
0.27691 0.27133 0.00331233 0.448347 9.9991E-05
0.0911024 0.543349 0.0310009 0.262198 0.0723502
0.591425 0.140087 0.0899183 0.0911818 0.0873875
0.546677 0.132486 0.176689 0.0491037 0.0950445
0.616582 0.110801 0.160089 0.0252504 0.0872787
0.284635 0.287876 9.9991E-05 0.315765 0.111624
0.620126 0.0869218 0.0522924 0.186817 0.0538428
0.605513 0.0515382 0.123847 0.125212 0.0938902
0.470783 0.154009 9.9991E-05 0.220446 0.154662
0.0897072 0.253551 0.0950852 0.404646 0.157011
0.591126 0.0941766 0.0815684 0.189782 0.0433478
0.534201 9.9991E-05 0.0602113 0.292335 0.113153
0.12332 0.264269 9.9991E-05 0.531649 0.0806628
0.533698 0.132307 0.0745187 0.259377 9.9991E-05
0.713348 0.0397439 0.0982956 0.0881834 0.0604291
0.597656 0.0947805 0.0578419 0.130462 0.11926
0.37899 0.161115 0.0408852 0.349064 0.069946
0.464946 0.253422 0.125615 0.155917 9.9991E-05
0.616036 0.0746655 0.0521913 0.189973 0.0671342
0.311653 0.240632 9.9991E-05 0.391498 0.0561163
0.725726 0.190187 9.9982E-05 0.0838878 9.9982E-05
0.402015 0.384504 9.9982E-05 0.213281 9.9982E-05
0.57571 0.183134 0.0445175 0.154503 0.0421354
0.17195 0.800612 9.9982E-05 0.0272377 9.9982E-05
0.168629 0.772303 9.9982E-05 0.0588681 9.9982E-05
0.4612 0.448064 9.9982E-05 0.090536 9.9982E-05
0.650041 0.213278 9.9991E-05 0.132151 0.00443033
0.625001 0.178956 0.0169224 0.0179063 0.161214
0.618875 0.2567 0.0112185 0.113107 9.9991E-05
0.304766 0.347054 0.0506173 0.274112 0.0234507
0.392809 0.208891 9.9982E-05 0.3981 9.9982E-05
0.62189 0.0609861 0.0709736 0.128404 0.117747
0.473957 0.318516 9.9982E-05 0.207327 9.9982E-05
0.590442 0.300287 9.9991E-05 0.0437514 0.0654198
0.602813 0.396888 9.9973E-05 9.9973E-05 9.9973E-05
0.133798 0.7932 9.9982E-05 0.0728022 9.9982E-05
0.685612 0.086476 0.0707145 0.135591 0.0216068
0.0937995 9.9991E-05 0.0135843 0.0875036 0.805013
0.0884263 9.9973E-05 9.9973E-05 9.9973E-05 0.911274
0.0990107 9.9982E-05 0.0114297 9.9982E-05 0.88936
0.042323 9.9982E-05 0.0587792 9.9982E-05 0.898698
0.0984991 0.0124388 0.00990075 9.9991E-05 0.879061
9.9982E-05 0.0465814 0.0639428 9.9982E-05 0.889276
0.0733488 9.9991E-05 0.0207879 0.000971127 0.904792
0.527256 0.158578 0.115604 0.103045 0.0955167
0.623334 0.129752 0.0656109 0.099893 0.0814106
0.287155 0.554215 9.9991E-05 0.136421 0.0221088
0.669462 0.109637 0.0164944 0.0336352 0.170772
0.586974 0.186552 9.9991E-05 0.192292 0.0340819
0.756327 0.152117 9.9982E-05 9.9982E-05 0.091356
0.626077 0.291234 0.0234954 9.9991E-05 0.0590928
0.627486 0.292678 0.0559682 0.00371092 0.0201568
0.135296 0.555225 9.9991E-05 0.27496 0.0344182
0.628616 0.178955 9.9991E-05 0.0555028 0.136826
0.635978 0.185142 0.0301504 0.0560473 0.0926819
0.541634 0.00513147 0.18749 0.261413 0.00433157
0.463085 0.531223 0.0049435 9.9991E-05 0.00064904
0.695693 0.266174 9.9982E-05 9.9982E-05 0.0379331
0.589838 0.277482 9.9991E-05 0.127274 0.00530555
0.530967 0.434645 0.0341883 9.9982E-05 9.9982E-05
0.525501 0.26521 9.9991E-05 0.152593 0.0565965
0.673458 0.0570064 0.0252664 0.107581 0.136689
0.205366 0.353642 0.164304 0.254987 0.0217009
0.425524 0.0625992 0.0786808 0.30455 0.128646
0.529871 0.0547756 0.184137 0.196304 0.0349118
0.628519 0.167074 0.0628221 0.100981 0.0406031
0.588454 0.032663 9.9991E-05 0.358887 0.0198965
0.562166 0.0285466 0.116623 0.292564 9.9991E-05
0.500768 0.0380112 0.0433296 0.391976 0.0259151
0.520385 0.0865424 0.108938 0.234619 0.0495153
0.617032 0.0960324 0.0554583 0.231377 9.99923E-05
0.646238 0.103458 0.0360983 0.168703 0.0455025
0.606912 0.0679062 9.9982E-05 0.324982 9.9982E-05
0.652233 0.110598 0.0748444 0.144371 0.0179537
0.563014 0.144583 0.1095 0.147911 0.0349919
0.535432 0.0990038 0.14921 0.216254 9.9991E-05
0.701808 0.0996519 0.0916001 0.0714133 0.0355267
0.606529 0.0479721 0.0999255 0.242059 0.0035147
0.471956 0.167833 0.00102668 0.24228 0.116905
0.61425 0.0240111 0.161304 0.200335 9.9991E-05
0.674154 0.00498671 0.0911334 0.205173 0.0245529
0.289591 0.179347 0.0824237 0.448538 9.9991E-05
0.126092 0.476867 0.0943689 0.287277 0.015396
0.617869 0.0547975 0.0262788 0.271079 0.0299759
0.140249 0.531805 0.0581661 0.26968 9.9991E-05
0.36212 0.132501 9.9991E-05 0.486623 0.0186555
0.528018 0.114388 9.9991E-05 0.349003 0.00849097
0.44353 0.115897 9.9991E-05 0.403861 0.0366123
0.389094 0.114956 0.00116643 0.490028 0.00475523
0.643913 0.0811222 0.0538144 0.152403 0.0687475
0.61821 0.0858345 0.0725415 0.110757 0.112657
0.63389 0.129556 0.0611097 0.150277 0.0251679
0.14788 0.352431 0.135304 0.364285 9.9991E-05
0.612382 0.0888281 0.0043799 0.061772 0.232638
0.6089 0.237213 0.0293371 0.0356445 0.0889053
9.9991E-05 0.613549 0.0460372 0.150949 0.189365
0.783741 0.145808 9.9982E-05 9.9982E-05 0.070251
0.458686 0.357561 0.0110026 9.9991E-05 0.17265
0.561006 0.194447 0.0922696 9.9991E-05 0.152177
0.213151 0.501296 0.0748526 0.0663271 0.144373
0.266399 0.467559 9.9991E-05 0.158364 0.107578
0.497076 0.260828 9.9991E-05 0.168156 0.0738398
0.607556 0.107007 0.100756 0.119786 0.064895
0.479341 0.215045 0.0336571 0.117555 0.154401
0.0185946 0.59486 0.216414 0.0882293 0.0819026
0.625609 0.112522 0.0474185 0.0954969 0.118954
0.489739 0.400714 9.9982E-05 0.109347 9.9982E-05
0.487594 0.345354 0.0515613 0.115391 9.9991E-05
0.718155 0.0656299 0.00237896 0.126615 0.0872206
0.143708 0.219288 0.267312 9.9991E-05 0.369592
9.9982E-05 0.235752 0.162381 9.9982E-05 0.601667
9.9982E-05 0.320068 0.165293 9.9982E-05 0.514439
9.9991E-05 0.141171 0.407576 0.0571433 0.39401
0.687154 0.276672 0.0359742 9.9982E-05 9.9982E-05
0.532239 0.0952848 0.131159 0.136231 0.105086
0.309565 9.9973E-05 0.690135 9.9973E-05 9.9973E-05
0.423457 0.0692748 0.373223 0.0758907 0.0581552
0.402748 0.0474098 0.358323 9.9991E-05 0.191419
0.398754 0.530374 9.9982E-05 9.9982E-05 0.0706712
0.544461 0.273274 0.0859569 0.032064 0.0642441
0.162235 0.722837 0.0792573 0.0156769 0.0199935
0.633056 0.254307 0.0797164 0.00980415 0.0231163
0.498262 0.375918 0.0535671 0.00611379 0.0661399
0.619478 0.189017 0.0900776 0.0372089 0.0642186
0.292111 0.626196 9.9991E-05 0.0247659 0.0568271
0.738225 0.080139 0.0311038 0.0109129 0.139619
0.527355 0.268103 0.148883 9.9991E-05 0.0555584
0.0138391 0.00249199 0.983469 9.9982E-05 9.9982E-05
0.0788745 9.9982E-05 0.919113 0.00181216 9.9982E-05
0.317879 0.0567644 0.555318 9.9991E-05 0.0699385
0.319648 9.9973E-05 0.680052 9.9973E-05 9.9973E-05
0.170558 9.9973E-05 0.829142 9.9973E-05 9.9973E-05
9.997E-05 9.997E-05 0.9996 9.997E-05 9.997E-05
9.9973E-05 9.9973E-05 0.941952 0.0577477 9.9973E-05
0.140062 9.9973E-05 0.859638 9.9973E-05 9.9973E-05
0.00537563 9.9982E-05 0.981802 0.012622 9.9982E-05
9.997E-05 9.997E-05 0.9996 9.997E-05 9.997E-05
9.997E-05 9.997E-05 0.9996 9.997E-05 9.997E-05
0.124024 9.9991E-05 0.789644 0.0718513 0.0143803
0.107006 9.9991E-05 0.778544 0.0611819 0.0531682
9.9982E-05 0.00360814 0.993625 0.00256716 9.9982E-05
0.333441 0.0844678 0.402888 0.162046 0.0171574
0.21068 9.9991E-05 0.685402 0.090213 0.013605
0.102134 9.9991E-05 0.817344 0.0236801 0.0567423
0.146444 9.9982E-05 0.85118 9.9982E-05 0.00217569
9.997E-05 9.997E-05 0.9996 9.997E-05 9.997E-05
0.0371888 0.00489225 0.900535 0.0478975 0.00948604
9.997E-05 9.997E-05 0.9996 9.997E-05 9.997E-05
0.255954 9.9991E-05 0.595986 0.141309 0.00665157
9.9982E-05 0.0141631 0.945946 0.0396905 9.9982E-05
9.9982E-05 0.521404 0.0695797 9.9982E-05 0.408816
0.383563 0.229299 0.106374 0.0491374 0.231626
0.372595 0.213271 0.154355 0.0170034 0.242775
0.138443 0.383193 0.198867 0.000929672 0.278566
0.469528 0.133477 0.134631 0.0768885 0.185476
0.240464 0.282194 0.112972 9.9991E-05 0.36427
0.347425 0.203131 0.184516 0.0893464 0.175582
0.304634 0.311712 0.214271 9.9991E-05 0.169283
0.516293 0.118695 0.180595 9.9991E-05 0.184316
0.261118 0.269629 0.278531 9.9991E-05 0.190622
0.534624 0.186604 0.0711923 0.00239054 0.205189
0.0448248 0.00247683 9.9991E-05 0.110094 0.842504
0.0181596 0.0207404 0.0399955 9.9991E-05 0.921005
9.9973E-05 9.9973E-05 9.9973E-05 0.0248475 0.974853
0.00524726 9.9982E-05 9.9982E-05 0.0583775 0.936175
0.0287712 9.9991E-05 0.00754344 0.0538001 0.909785
9.9982E-05 0.00426736 0.077606 9.9982E-05 0.917927
9.9982E-05 9.9982E-05 0.121084 0.0150472 0.863668
0.00271513 0.0585747 9.9991E-05 0.0306436 0.907967
0.0774175 0.00710538 9.9982E-05 9.9982E-05 0.915277
9.9991E-05 0.0272831 0.102648 0.00299791 0.866971
9.9982E-05 0.139941 9.9982E-05 0.292688 0.567171
0.00809253 0.0533888 0.0322955 0.336365 0.569858
9.9982E-05 0.178349 9.9982E-05 0.284747 0.536704
9.9982E-05 0.161782 9.9982E-05 0.367425 0.470593
0.6149 0.116006 0.0348599 0.152461 0.0817736
0.537054 0.229114 0.0932992 0.115963 0.0245696
0.660722 0.150878 0.0376814 0.150619 9.9991E-05
0.54845 0.0789072 9.9991E-05 0.332584 0.039959
0.242809 0.098093 0.00117125 0.657827 9.9991E-05
0.603225 0.163809 0.103252 0.0586383 0.0710754
0.569242 0.245561 0.0645988 0.120498 9.9991E-05
0.652262 0.211842 0.00593189 0.129864 9.9991E-05
0.572263 0.406375 0.0178196 0.00344169 9.9991E-05
0.732058 0.0725201 0.0360912 0.0458968 0.113434
0.587079 0.205301 9.9991E-05 0.187407 0.020113
0.0479176 0.827907 9.9982E-05 0.123976 9.9982E-05
0.658119 0.13412 9.9991E-05 0.156351 0.0513103
0.384989 0.559137 0.0335887 0.0221852 9.9991E-05
0.687119 0.256172 0.00210326 0.0545056 9.9991E-05
0.267298 0.473439 9.9982E-05 0.259063 9.9982E-05
0.00367031 0.0984863 0.00134032 0.758232 0.138271
0.0246168 0.0828523 0.00154703 0.769826 0.121157
9.9982E-05 0.065856 9.9982E-05 0.917346 0.0165984
9.9982E-05 0.0744062 9.9982E-05 0.801067 0.124326
0.0299775 0.0469851 0.0465464 0.876066 0.000424712
9.9991E-05 0.00131468 0.136184 0.830867 0.0315341
0.110226 9.9982E-05 0.00457855 9.9982E-05 0.884996
0.0678094 9.9991E-05 0.0629394 0.0745197 0.794632
0.144631 9.9982E-05 0.0955164 9.9982E-05 0.759653
0.032747 9.9991E-05 0.137395 0.0960958 0.733662
0.12139 9.9991E-05 0.0612198 0.0117902 0.8055
9.9982E-05 0.0545954 9.9982E-05 0.561796 0.383408
9.9982E-05 0.140274 9.9982E-05 0.398987 0.460539
9.9982E-05 0.0630844 9.9982E-05 0.491563 0.445153
0.148086 9.9973E-05 9.9973E-05 9.9973E-05 0.851614
9.9982E-05 0.0670469 9.9982E-05 0.52271 0.410043
0.252544 0.142199 0.380411 9.9991E-05 0.224746
0.570468 9.9991E-05 0.24369 0.0824847 0.103257
0.499148 9.9982E-05 0.269958 9.9982E-05 0.230694
0.315246 0.122053 0.244621 0.0645794 0.253501
0.453218 0.129476 0.215282 0.0113829 0.190641
9.9982E-05 0.175892 0.337262 9.9982E-05 0.486646
0.55188 0.0591938 9.9982E-05 0.388726 9.9982E-05
0.445184 0.300213 9.9991E-05 0.227448 0.0270554
0.400691 0.0279233 9.9991E-05 0.471926 0.0993593
0.532643 0.320017 9.9991E-05 0.135801 0.0114386
9.9973E-05 0.858932 9.9973E-05 0.140768 9.9973E-05
0.551436 0.138462 0.106275 0.150088 0.0537389
0.545602 0.218197 0.0283693 0.207732 9.9991E-05
0.390365 0.157161 0.015705 0.414322 0.0224471
0.552773 0.137516 0.0705497 0.17172 0.0674411
0.204082 0.535508 9.9982E-05 0.26021 9.9982E-05
0.483904 0.25609 0.114353 0.145553 9.9991E-05
0.55216 0.0805028 0.0879997 0.279238 9.9991E-05
0.379538 0.128795 0.20557 0.170679 0.115418
0.431742 0.275222 0.0422871 0.250649 9.9991E-05
0.5 0.163459 0.0896539 0.244321 0.0025666
0.393819 0.242149 0.153315 0.210617 9.9991E-05
0.619735 0.150127 9.9982E-05 0.229937 9.9982E-05
0.687126 0.113587 0.0683455 0.0914212 0.0395195
0.529204 0.0582316 0.149821 0.205637 0.0571066
0.674902 0.0646451 9.9991E-05 0.111987 0.148366
0.113856 9.9982E-05 0.0944492 9.9982E-05 0.791495
0.1183 9.9973E-05 9.9973E-05 9.9973E-05 0.8814
0.0271344 0.0659873 0.0386058 0.0799154 0.788357
0.0221416 0.088962 0.0397498 0.0436422 0.805504
0.143068 9.9982E-05 0.0079216 9.9982E-05 0.848811
0.152061 0.138429 0.0930897 0.61632 9.9991E-05
0.60594 0.162701 0.0590228 0.0850205 0.0873157
0.453395 0.125931 0.139963 0.0435744 0.237135
0.736509 0.0649712 0.031487 0.120781 0.0462517
0.616501 0.0033582 9.9991E-05 0.328118 0.0519224
0.280473 0.216676 0.114529 0.388221 9.9991E-05
0.0215903 0.267432 9.9991E-05 0.58691 0.123968
0.592792 0.0308076 0.0329916 0.291568 0.0518401
0.138965 0.135856 0.0890931 0.626836 0.0092499
0.380228 0.175166 0.145662 0.239838 0.0591065
0.161892 0.163806 9.9991E-05 0.538441 0.13576
0.593859 0.014192 0.0778983 0.212124 0.101926
0.21125 0.169268 0.0393741 0.534378 0.0457291
0.324966 0.224913 0.0976378 0.29424 0.0582435
0.447717 0.237773 0.0916185 0.153467 0.069424
0.346658 0.492584 0.00573469 0.0937911 0.0612322
0.606745 0.158689 0.0617905 0.0952186 0.0775574
0.51342 0.145128 0.090416 0.148801 0.102235
0.441772 0.44457 9.9991E-05 0.0814931 0.032065
0.627161 0.142331 0.0328052 0.164297 0.033406
0.656474 0.276543 9.9982E-05 9.9982E-05 0.0667835
0.183377 0.68113 9.9982E-05 0.135293 9.9982E-05
0.320158 0.656475 0.015038 9.9991E-05 0.00822899
0.575264 0.324646 0.0504288 9.9991E-05 0.0495617
0.279916 0.572917 9.9991E-05 0.132843 0.0142245
0.549407 0.24004 9.9991E-05 0.14614 0.0643136
0.109196 0.1911 0.0727572 0.60555 0.0213967
0.229272 0.406794 0.0175748 0.346259 9.9991E-05
0.396746 0.0667177 0.0937868 0.4285 0.0142498
0.672469 9.9991E-05 0.0598268 0.192772 0.0748316
0.273565 0.174128 0.0267702 0.525438 9.9991E-05
0.473947 0.151259 0.166806 0.122133 0.085855
0.610834 0.00574468 0.124612 0.22337 0.0354389
0.53178 0.0650734 0.0639912 0.321297 0.0178579
0.475755 0.0213058 0.105774 0.376386 0.0207792
0.512944 0.0540159 0.0348276 0.395734 0.00247779
0.283463 0.0519515 0.0698668 0.594618 9.9991E-05
0.352973 0.0928631 0.0927975 0.422582 0.0387839
0.662484 0.0375792 0.0924289 0.170858 0.0366501
0.55394 0.209405 0.0819039 0.154651 9.9991E-05
0.468434 0.204365 9.9991E-05 0.203693 0.123409
0.471328 0.155954 0.128276 0.244342 9.9991E-05
0.396811 9.9991E-05 0.0339452 0.45549 0.113654
0.675428 9.9991E-05 0.0855405 0.208839 0.0300923
0.481529 0.0261468 0.157866 0.334359 9.9991E-05
0.460131 0.11594 0.212699 0.19282 0.0184096
0.401179 0.0379047 0.113987 0.0675396 0.379389
0.326652 0.258255 0.301888 9.9991E-05 0.113105
0.632327 0.0328432 0.155288 9.9991E-05 0.179442
0.663124 0.0811617 0.116715 0.0402973 0.0987022
0.433177 0.103305 0.223136 9.9991E-05 0.240282
0.50579 0.260169 0.0204394 0.213502 9.9991E-05
0.52426 0.050309 0.176025 0.142264 0.107142
0.00845209 0.51934 0.174771 9.9991E-05 0.297337
0.528441 0.0396515 0.255277 0.0778823 0.0987487
0.541237 0.0748048 0.2011 0.0417346 0.141123
0.485265 0.0184903 0.258972 0.214827 0.0224453
0.286866 0.267727 0.223755 0.029608 0.192044
0.426179 0.0914263 0.189997 0.0824212 0.209977
0.554164 0.0400985 0.173893 9.9991E-05 0.231744
9.9982E-05 0.318034 0.177159 9.9982E-05 0.504607
0.589277 9.9982E-05 0.205141 9.9982E-05 0.205382
0.50473 0.00690693 0.298912 0.0159294 0.173521
0.548223 0.0849761 0.204254 0.0218378 0.140709
0.435946 0.0973373 0.294917 9.9991E-05 0.1717
0.482109 0.122944 0.22549 9.9991E-05 0.169357
0.439482 0.365631 0.135065 0.0597229 9.9991E-05
0.573091 0.272376 0.085779 9.9991E-05 0.0686547
0.103235 0.753639 0.026168 0.116858 9.9991E-05
0.0680428 0.793395 9.9991E-05 0.128055 0.0104072
0.559131 0.216812 0.0827182 0.0858368 0.0555023
0.470703 0.114385 0.323813 9.9991E-05 0.0909992
0.337852 0.182786 0.380529 9.9991E-05 0.0987327
0.125643 0.259243 0.367113 0.040669 0.207331
0.372704 0.101689 0.309563 9.9991E-05 0.215944
0.0778884 0.667551 0.176708 9.9991E-05 0.0777525
0.197796 0.535445 0.138028 9.9991E-05 0.12863
0.601873 0.190581 0.151344 0.0295046 0.0266976
0.569133 0.224592 0.125799 9.9991E-05 0.0803758
0.239778 0.470686 0.193592 0.0156901 0.0802531
0.581215 0.102476 0.172635 0.0364345 0.107239
0.544087 0.246941 0.165305 9.9991E-05 0.0435664
0.471544 0.174301 0.132949 0.0867895 0.134416
0.413211 0.4831 9.9991E-05 0.0983819 0.00520732
0.420085 0.460468 0.0596103 0.059737 9.9991E-05
0.614837 0.180532 0.0779594 0.0179689 0.108703
0.448621 0.280866 0.128308 0.0822955 0.0599097
0.399982 0.251304 0.164861 0.0651052 0.118748
0.559216 0.373051 0.0170768 0.0418651 0.00879126
0.268161 0.55297 0.0358835 0.142886 9.9991E-05
0.640026 0.254542 0.0870215 9.9991E-05 0.0183113
0.299853 0.619019 0.0308166 0.050212 9.9991E-05
0.473619 0.393065 0.0276478 0.105568 9.9991E-05
0.525637 0.210892 0.0891318 0.0972929 0.0770463
0.501048 0.293345 0.115223 0.0902838 9.9991E-05
0.457146 0.0955943 0.266941 0.109975 0.0703435
0.340228 0.234635 0.205519 0.121533 0.0980841
0.384815 0.105677 0.286948 0.0524718 0.170089
0.368658 0.113431 0.236076 0.0835637 0.198271
0.513752 9.9991E-05 0.212432 0.121986 0.151729
0.452197 0.0384899 0.205847 0.177756 0.12571
9.9982E-05 0.573801 0.210195 9.9982E-05 0.215804
0.636014 9.9991E-05 0.215626 0.0621428 0.0861172
9.9982E-05 0.427778 0.163953 9.9982E-05 0.408069
0.56052 0.140534 0.25431 9.9991E-05 0.0445366
0.21573 0.78397 9.9973E-05 9.9973E-05 9.9973E-05
0.0508679 0.882511 0.0162691 0.0477906 0.00256161
0.551763 0.325066 0.0329736 0.0900974 9.9991E-05
0.739079 0.205869 0.00882722 0.0197743 0.0264501
0.512278 0.477027 9.9982E-05 0.0104947 9.9982E-05
0.542446 0.353696 0.0767556 0.0230572 0.00404579
0.590439 0.316912 0.0924492 9.9982E-05 9.9982E-05
0.0771211 0.0560601 0.0481054 0.00874081 0.809973
9.9982E-05 9.9982E-05 0.132804 0.183432 0.683564
9.9982E-05 9.9982E-05 0.0635767 0.0366009 0.899623
0.0674725 9.9973E-05 9.9973E-05 9.9973E-05 0.932228
0.536843 0.279035 0.0402796 0.0579035 0.0859393
0.657553 0.280053 0.000408804 0.00433846 0.0576461
0.671094 0.216215 9.9991E-05 0.0937567 0.0188337
0.674121 0.0995614 0.0188464 0.0851796 0.122292
0.526243 0.162073 0.106237 0.137401 0.0680472
0.429535 0.450696 9.9982E-05 0.119569 9.9982E-05
0.736002 0.148901 0.0280862 0.0869108 9.9991E-05
0.524269 0.475431 9.9973E-05 9.9973E-05 9.9973E-05
0.415557 9.9991E-05 0.224407 0.0990335 0.260902
0.587705 0.255764 0.0548022 0.101629 9.9991E-05
0.561312 0.220067 9.9982E-05 0.218421 9.9982E-05
0.639347 0.256583 0.0279817 0.0759883 9.9991E-05
0.562497 0.33605 9.9982E-05 0.101254 9.9982E-05
0.73558 0.259497 0.00472306 9.9982E-05 9.9982E-05
0.684081 0.177897 0.0203473 0.117575 9.9991E-05
0.324007 0.675693 9.9973E-05 9.9973E-05 9.9973E-05
0.442115 0.481417 9.9982E-05 0.0762689 9.9982E-05
0.452395 0.434142 9.9982E-05 0.113263 9.9982E-05
0.0791763 0.920524 9.9973E-05 9.9973E-05 9.9973E-05
0.560831 0.211931 0.0199671 0.192588 0.0146835
0.262585 0.699347 9.9991E-05 0.0271096 0.0108589
0.0734893 0.891667 9.9991E-05 0.0318259 0.00291785
0.71296 0.171062 0.054256 9.9991E-05 0.0616217
0.428626 0.443089 9.9991E-05 0.115728 0.0124564
0.566272 0.211496 0.0371168 0.17568 0.00943525
0.695041 0.0850398 0.0391798 0.0602529 0.120487
0.662605 0.247262 9.9991E-05 0.0810772 0.00895576
0.362432 0.218497 0.103733 0.315239 9.9991E-05
0.721219 0.214062 9.9982E-05 0.0645194 9.9982E-05
0.611831 0.161982 0.0450579 0.167115 0.0140147
0.510177 0.480265 9.9982E-05 0.00935749 9.9982E-05
0.679997 0.138621 0.0143396 0.0574876 0.109555
9.9982E-05 0.0344874 9.9982E-05 0.304644 0.660668
0.0897632 0.0252709 9.9991E-05 0.14557 0.739296
9.9982E-05 0.0126211 9.9982E-05 0.169952 0.817227
9.9982E-05 0.00277488 9.9982E-05 0.187016 0.810009
0.0485057 9.9982E-05 9.9982E-05 0.255184 0.696111
0.359206 0.405923 9.9991E-05 0.201218 0.0335537
0.276247 0.528254 9.9991E-05 0.188779 0.00661988
0.349151 0.65055 9.9973E-05 9.9973E-05 9.9973E-05
0.683184 0.0926374 0.0965716 9.9991E-05 0.127507
0.650549 0.127538 0.039273 0.0362565 0.146384
0.431316 0.498281 9.9982E-05 9.9982E-05 0.0702032
0.697461 0.177974 0.0772099 0.0472547 9.9991E-05
0.552041 0.330708 0.0540804 9.9991E-05 0.0630714
0.659636 0.253251 9.9991E-05 0.0437637 0.0432494
0.605592 0.112337 0.103654 0.176414 0.00200284
0.456732 0.357195 9.9982E-05 0.185872 9.9982E-05
0.574838 0.292598 9.9982E-05 0.132363 9.9982E-05
0.495356 0.33648 9.9982E-05 0.167964 9.9982E-05
0.67445 0.101538 0.0500424 0.0265834 0.147387
0.572687 0.280984 9.9991E-05 0.126401 0.0198286
0.601915 0.218475 9.9991E-05 0.136561 0.0429488
0.339686 0.0785378 0.469096 0.0542565 0.0584236
0.411207 0.00365297 0.447328 0.0148007 0.123011
0.437788 9.9982E-05 0.44732 9.9982E-05 0.114693
0.29571 0.0931928 0.418336 9.9991E-05 0.192661
0.418335 0.0252575 0.34677 0.0483572 0.16128
0.574934 0.300915 0.0253466 9.9991E-05 0.0987047
9.9991E-05 0.0388211 0.694125 0.0103203 0.256633
0.255002 9.9982E-05 0.543414 9.9982E-05 0.201384
0.496105 0.161126 0.189939 0.0277975 0.125033
0.691042 0.0870491 9.9991E-05 0.0180242 0.203784
0.445772 0.297266 0.0236806 0.0602703 0.173011
0.60036 0.128733 0.0841764 0.102757 0.083973
0.627748 0.154011 0.0343771 0.00402881 0.179835
0.39239 9.9982E-05 0.396006 9.9982E-05 0.211404
0.376885 9.9991E-05 0.416624 0.126354 0.0800375
0.395582 9.9982E-05 0.527155 9.9982E-05 0.0770622
0.502304 0.0123061 0.259792 0.0422967 0.183301
0.31509 9.9991E-05 0.516929 0.0280218 0.139859
0.436734 0.0257483 0.385721 0.0683032 0.0834935
0.312993 0.0495996 0.506037 9.9991E-05 0.131271
0.408186 0.0113562 0.445726 0.0474253 0.087307
0.642315 0.21383 0.0217652 0.0271074 0.0949825
0.328922 0.0744505 0.386057 0.0254633 0.185108
0.175433 9.9982E-05 0.616946 9.9982E-05 0.207422
0.373179 0.0261116 0.444294 0.0743957 0.0820189
0.289395 0.248494 9.9991E-05 0.295795 0.166216
0.666784 0.109764 0.110011 0.0859986 0.0274419
0.433327 9.9991E-05 0.28134 0.115779 0.169454
0.662138 0.0949812 0.00824622 0.0607691 0.173865
0.511 0.198488 0.0123789 0.0816385 0.196495
0.335021 0.132944 0.28509 0.00364814 0.243297
0.338285 0.0998037 0.304031 9.9991E-05 0.25778
0.638002 0.12265 0.136144 0.00352537 0.0996783
0.454943 0.078198 0.33362 0.00516386 0.128075
0.450793 9.9982E-05 0.453789 9.9982E-05 0.0952184
0.153423 9.9982E-05 0.636978 9.9982E-05 0.209399
0.644125 0.09587 0.058863 0.0565549 0.144587
0.576795 0.154782 9.9991E-05 0.117465 0.150857
0.150909 0.599806 0.100397 9.9991E-05 0.148788
0.588014 0.0518723 0.111463 0.0964183 0.152233
0.344959 0.144337 0.106188 0.32813 0.0763868
0.472152 0.159378 0.149558 9.9991E-05 0.218811
0.451379 0.180542 0.167543 0.133546 0.0669896
9.9982E-05 0.43129 0.181116 9.9982E-05 0.387395
9.9982E-05 0.451679 0.1424 9.9982E-05 0.405721
0.232211 0.326571 0.155419 0.0843289 0.20147
0.0308347 0.340234 0.276369 9.9991E-05 0.352462
9.9982E-05 0.261123 0.278159 9.9982E-05 0.460518
0.417566 0.269966 0.175442 9.9991E-05 0.136926
0.374945 0.134677 0.21086 9.9991E-05 0.279417
0.168044 0.263554 0.209574 0.00466096 0.354167
0.0652004 0.37675 0.228603 9.9991E-05 0.329347
0.484206 0.149411 0.148683 0.0433602 0.17434
0.100478 0.463095 0.196357 9.9991E-05 0.23997
9.9982E-05 0.399072 0.113237 9.9982E-05 0.487491
0.47964 0.0257033 0.185124 0.117003 0.19253
0.313416 0.19379 0.275711 0.000823155 0.216261
0.451836 9.9991E-05 0.213016 0.0471622 0.287886
0.522581 9.9982E-05 0.256223 9.9982E-05 0.220996
0.525141 0.039543 0.231753 0.0646745 0.138889
0.413102 0.0519941 0.3292 0.07688 0.128824
0.372222 9.9991E-05 0.185671 0.0237423 0.418265
0.532821 0.0339812 0.159876 0.0177886 0.255533
0.458559 0.0192896 0.316 9.9991E-05 0.206051
0.336389 0.102447 0.252072 0.00469127 0.304402
0.343616 0.206077 0.175917 0.161251 0.113139
0.59913 9.9991E-05 0.107165 0.0819317 0.211673
0.629251 0.0516262 0.0840703 9.9991E-05 0.234952
0.666123 0.0957526 0.0809642 9.9991E-05 0.15706
0.428321 9.9991E-05 0.294361 0.00293851 0.27428
0.587965 9.9991E-05 0.197685 0.00683556 0.207415
0.147308 0.207764 0.257056 9.9991E-05 0.387772
0.4272 0.00814358 0.319893 0.0821937 0.16257
0.18457 0.134737 0.360348 9.9991E-05 0.320245
9.9982E-05 0.0742276 9.9982E-05 0.114532 0.811041
0.0645621 0.0614132 0.00788144 0.799944 0.0661988
9.997E-05 9.997E-05 9.997E-05 0.9996 9.997E-05
9.9973E-05 9.9973E-05 9.9973E-05 0.99757 0.00213036
0.0132828 9.9973E-05 9.9973E-05 0.986417 9.9973E-05
9.9973E-05 9.9973E-05 0.05324 0.94646 9.9973E-05
0.087607 9.9973E-05 9.9973E-05 0.912093 9.9973E-05
9.9973E-05 9.9973E-05 9.9973E-05 0.967381 0.0323193
9.9982E-05 9.9982E-05 0.00943664 0.806451 0.183913
0.0257386 9.9991E-05 0.0209254 0.0219988 0.931237
0.0526246 9.9982E-05 9.9982E-05 0.109595 0.837581
0.0426349 9.9991E-05 0.060628 0.00710316 0.889534
0.0340544 0.0258478 0.00623217 0.117267 0.816598
0.0219718 9.9991E-05 0.0434928 0.0537493 0.880686
9.9973E-05 9.9973E-05 9.9973E-05 0.105358 0.894342
0.0122757 0.0143904 0.192453 0.0561594 0.724722
0.0375967 0.0400086 0.0556299 9.9991E-05 0.866665
0.107134 9.9991E-05 0.0358784 0.1216 0.735287
0.00395115 9.9982E-05 0.0753455 9.9982E-05 0.920503
9.9973E-05 0.0328935 9.9973E-05 9.9973E-05 0.966807
9.9982E-05 9.9982E-05 0.0666558 0.0463181 0.886826
9.9982E-05 9.9982E-05 0.00683325 0.0313239 0.961643
0.0642887 9.9982E-05 0.024461 9.9982E-05 0.91105
0.0939065 9.9982E-05 0.0217693 9.9982E-05 0.884124
0.0979602 9.9982E-05 0.0426829 9.9982E-05 0.859157
0.0354173 9.9982E-05 0.205156 9.9982E-05 0.759227
0.133056 9.9982E-05 0.0565355 9.9982E-05 0.810208
0.131633 9.9982E-05 0.0500638 9.9982E-05 0.818103
0.339464 0.230788 0.110909 0.141082 0.177756
0.760614 0.124967 9.9991E-05 0.0279052 0.0864143
0.676653 0.0793633 0.0736506 0.0195212 0.150812
0.173689 0.667893 0.0246113 9.9991E-05 0.133707
0.625432 0.0987617 9.9991E-05 0.0913945 0.184311
0.060814 0.617151 0.0976073 9.9991E-05 0.224328
0.530709 0.200078 0.180542 0.0280782 0.0605927
0.522371 0.247543 9.9991E-05 0.123934 0.106052
0.571433 0.210741 9.9991E-05 0.0590483 0.158678
0.607572 0.242631 0.0363975 0.0401756 0.0732237
0.542521 0.113942 9.9991E-05 0.203311 0.140127
0.696183 0.125648 0.0212678 0.0461217 0.110779
0.645338 0.0826078 0.0108279 0.150147 0.111079
0.0197418 0.436422 0.0825991 0.461137 9.9991E-05
9.9982E-05 0.82586 9.9982E-05 0.0603869 0.113553
0.186678 0.586864 0.0215189 0.0630505 0.141889
0.634143 0.10969 0.085133 0.0593697 0.111664
0.613299 0.202973 0.000367389 9.99934E-05 0.183261
0.546621 0.220892 0.0271299 0.0126502 0.192707
0.716471 0.106868 0.0868704 0.0243094 0.0654807
0.548075 0.0272365 0.155742 9.9991E-05 0.268846
0.632876 9.9991E-05 0.137201 0.0617781 0.168045
0.179909 0.0981595 0.175837 0.132203 0.413891
0.733603 9.9991E-05 0.0200228 0.0918771 0.154397
0.477843 0.0732618 0.1446 0.0668091 0.237487
9.9982E-05 0.333343 0.215548 9.9982E-05 0.45091
0.297002 0.169873 0.260978 9.9991E-05 0.272047
0.351535 0.0523193 0.168241 0.124355 0.30355
0.494297 9.9991E-05 0.111885 0.0737217 0.319996
0.46828 0.0659821 0.261428 0.112183 0.0921262
0.472756 0.0848933 0.246584 0.0133787 0.182388
0.577817 0.0523578 0.207319 0.0395325 0.122974
0.330332 0.257701 0.21465 9.9991E-05 0.197217
0.307114 0.0305872 0.142754 0.0395198 0.480026
