0.0458832 9.9973E-05 9.9973E-05 0.868263 0.0410139 9.9973E-05 0.0265653 0.0179743
0.0457759 9.9955E-05 9.9955E-05 0.937024 9.9955E-05 0.0167003 9.9955E-05 9.9955E-05
0.0226294 0.0155862 9.9982E-05 0.857937 0.0148278 0.0652796 9.9982E-05 0.0235403
0.0419798 9.9973E-05 0.00533296 0.799523 9.9973E-05 9.9973E-05 0.00772433 0.14514
9.9964E-05 0.00320992 9.9964E-05 0.911943 9.9964E-05 0.00517299 9.9964E-05 0.0792746
0.0278515 0.283217 9.9982E-05 0.594231 0.0348361 9.9982E-05 0.0480018 0.0116621
0.0436658 0.229448 9.9955E-05 0.726386 9.9955E-05 9.9955E-05 9.9955E-05 9.9955E-05
0.0375772 0.293905 9.9964E-05 0.64901 9.9964E-05 9.9964E-05 0.0191081 9.9964E-05
0.023007 9.99639E-05 0.024561 0.80058 9.99639E-05 9.99639E-05 0.151453 9.99639E-05
0.0160349 0.23259 9.9973E-05 0.720451 0.00225826 9.9973E-05 0.0283652 9.9973E-05
0.0135537 0.265513 9.9964E-05 0.6981 9.9964E-05 9.9964E-05 9.9964E-05 0.0224334
9.9982E-05 0.129245 9.9982E-05 0.0366448 0.0420501 0.195994 0.419888 0.175978
0.0278305 0.054202 0.00175676 0.0204686 0.0480243 0.0959744 0.279191 0.472552
0.00941065 0.0354006 0.0751504 9.9991E-05 0.0941228 0.0897307 0.426035 0.27005
0.000543394 0.0393459 0.0184543 0.0391123 0.106607 0.0752087 0.420383 0.300345
9.999E-05 0.0389581 0.017363 0.10109 0.111302 0.0862945 0.247767 0.397125
0.00976505 0.0498489 0.0399059 0.0496443 0.0818894 0.0687289 0.160699 0.539518
0.0216187 0.0631511 0.0399032 9.9991E-05 0.0322695 0.13861 0.238271 0.466077
0.0175252 0.0644158 0.0584846 0.0955051 0.0625809 0.0315824 0.380608 0.289299
0.00277717 0.191175 0.0244514 9.9991E-05 0.0172076 0.103071 0.64987 0.0113466
0.0120143 0.0859568 0.0232369 0.0235218 0.0430915 0.127016 0.268619 0.416543
9.999E-05 0.159505 0.154873 0.00125154 0.0885254 0.0419974 0.1517 0.402049
0.0177058 0.0949399 0.0172428 0.00483902 0.0423751 0.0622939 0.222764 0.537839
0.0133039 0.173473 9.9991E-05 0.0145103 0.0826144 0.150158 0.393716 0.172124
0.0259354 0.0695583 0.028265 0.0736334 0.0468154 0.0297577 0.0550554 0.670979
0.000247189 0.0541253 9.9991E-05 0.0273659 0.061213 0.119632 0.245924 0.491393
0.00252376 0.108648 0.0187929 0.0317503 0.0252768 0.10517 0.474644 0.233195
9.9982E-05 0.104767 9.9982E-05 0.0512987 0.0561353 0.0995419 0.394726 0.293332
9.9973E-05 0.220556 9.9973E-05 9.9973E-05 0.00332321 0.14511 0.438452 0.192259
0.9993 9.994E-05 9.994E-05 9.994E-05 9.994E-05 9.994E-05 9.994E-05 9.994E-05
0.9993 9.994E-05 9.994E-05 9.994E-05 9.994E-05 9.994E-05 9.994E-05 9.994E-05
0.35999 9.9964E-05 9.9964E-05 0.452006 0.12423 9.9964E-05 0.0633742 9.9964E-05
0.281064 9.9964E-05 9.9964E-05 0.509069 0.0724097 9.9964E-05 9.9964E-05 0.137058
0.0226274 0.204417 9.9991E-05 0.050753 0.00249744 0.220559 0.0789699 0.420077
0.0198841 0.061272 0.000451013 0.0409964 0.0739945 0.271538 0.0562626 0.475601
0.000160795 0.0282748 0.00617753 0.0120916 9.9982E-05 0.426734 9.9982E-05 0.526361
9.9973E-05 9.9973E-05 0.0521445 0.0359922 9.9973E-05 0.077379 0.613225 0.22096
0.0228771 0.00136411 0.142842 9.9982E-05 0.00630084 0.586083 9.9982E-05 0.240333
0.0160937 0.0550524 9.9991E-05 0.0515271 0.0568686 0.210568 0.117037 0.492753
0.0100337 0.145268 9.9982E-05 0.0226533 0.0346673 0.176638 9.9982E-05 0.61054
0.0195338 0.506598 9.9982E-05 0.043602 9.9982E-05 0.00665363 0.00493468 0.418478
0.0145889 0.189178 9.9991E-05 0.0848235 0.0306424 0.0467018 0.11249 0.521475
0.00648634 9.9973E-05 9.9973E-05 0.0323886 9.9973E-05 0.700347 0.147465 0.113013
0.0075733 0.34805 0.0128965 0.035866 0.0362534 9.9991E-05 0.00237112 0.55689
9.9991E-05 0.0344109 0.00889867 0.110996 0.0339571 0.241866 0.00492302 0.564848
0.033236 0.185808 0.00121805 0.0743662 0.0399501 0.124616 9.9991E-05 0.540706
9.9964E-05 9.9964E-05 0.0950567 9.9964E-05 0.00187504 0.599077 9.9964E-05 0.303591
0.0389801 0.0292284 9.9991E-05 0.0692448 0.0144452 0.259811 0.0101654 0.578026
9.999E-05 0.0518065 0.0237023 0.141813 0.0436902 0.154228 0.0597714 0.524889
9.9964E-05 0.0175275 0.347676 0.0160688 9.9964E-05 0.618328 9.9964E-05 9.9964E-05
9.9973E-05 0.0807796 0.0673519 9.9973E-05 9.9973E-05 0.126346 0.564105 0.161118
9.999E-05 0.066428 0.333394 0.0359621 0.0351818 0.133408 0.233698 0.161829
0.0210599 0.0735674 0.0983216 0.0455389 0.0584478 0.055896 0.107516 0.539652
0.00982888 0.0587663 0.0785973 0.0905914 0.0401332 0.0349215 0.0744166 0.612745
0.0235031 0.013989 0.110592 0.0917413 0.0208019 0.00458398 0.0980056 0.636783
0.0121595 0.0706463 0.000986364 0.0993477 9.9991E-05 0.120336 0.48478 0.211644
0.0171983 0.00975692 0.0789097 9.9982E-05 9.9982E-05 0.0290957 0.278711 0.586128
0.0141395 0.0547492 0.0128191 0.0474997 0.0946208 0.142535 0.13443 0.499207
0.0274857 0.0780923 0.0802016 0.0761996 0.0264474 0.0915266 0.241526 0.378521
9.999E-05 0.115648 0.0572166 0.156722 0.00472812 0.0904538 0.449271 0.125861
0.0247395 0.0809091 0.0729898 0.0578836 9.9991E-05 0.0580723 0.134678 0.570628
0.0213073 0.0548925 0.0835217 0.0323823 0.0445038 0.0744555 0.217765 0.471171
0.0471577 0.164366 0.0897 0.0295427 9.9991E-05 0.119429 0.494878 0.0548269
0.0128513 9.9973E-05 0.0714744 9.9973E-05 9.9973E-05 0.112545 0.318984 0.483846
9.9982E-05 9.9982E-05 0.144459 0.0456798 0.0228449 0.0824246 0.0869038 0.617488
0.03474 0.0696111 0.0519686 0.0777729 9.9991E-05 0.0376479 0.124785 0.603375
0.0596301 0.067029 0.0495099 0.0271401 0.0295075 0.158432 0.34587 0.262881
0.0383157 0.0632555 0.0949366 0.0227238 0.0207607 0.0754727 0.196193 0.488342
0.00228059 9.9991E-05 0.0723235 0.0334855 0.0248655 0.101554 0.166675 0.598715
0.0463632 0.0189301 0.123358 9.9982E-05 9.9982E-05 0.111542 0.488677 0.21093
9.9964E-05 0.013499 9.9964E-05 0.0213439 9.9964E-05 0.524771 9.9964E-05 0.439986
0.0129395 9.9982E-05 9.9982E-05 0.00236926 0.0165257 0.792486 0.0501046 0.125375
0.0138302 9.9991E-05 0.0208196 0.093676 0.0495824 0.339377 0.0162974 0.466318
9.9946E-05 9.9946E-05 0.162113 9.9946E-05 9.9946E-05 0.837287 9.9946E-05 9.9946E-05
9.9946E-05 9.9946E-05 0.178978 9.9946E-05 9.9946E-05 0.820422 9.9946E-05 9.9946E-05
9.9955E-05 9.9955E-05 0.0704872 9.9955E-05 9.9955E-05 0.706476 9.9955E-05 0.222537
0.0341539 9.9973E-05 9.9973E-05 0.0208297 9.9973E-05 0.503461 0.0480183 0.393237
0.0295739 0.15396 0.0361064 0.0126976 0.0706729 0.114431 0.0702149 0.512343
0.00656341 9.9973E-05 0.0391102 9.9973E-05 0.0125363 0.478558 9.9973E-05 0.462932
9.9973E-05 9.9973E-05 9.9973E-05 0.0363428 0.000886464 0.666403 0.151787 0.144281
0.0197754 0.0113134 9.9973E-05 9.9973E-05 9.9973E-05 0.606234 0.161067 0.201311
0.00603844 0.00728014 0.0101885 0.0915733 0.0571155 0.304803 0.0367922 0.486209
0.0093866 9.9982E-05 9.9982E-05 0.043251 0.015516 0.600794 0.0393136 0.291539
0.0317179 0.0138596 9.9982E-05 0.00137241 9.9982E-05 0.4345 0.0751414 0.443209
0.000178125 0.0327796 0.0883421 9.9973E-05 9.9973E-05 0.457959 9.9973E-05 0.420442
9.9955E-05 9.9955E-05 0.332365 0.00350068 9.9955E-05 0.663634 9.9955E-05 9.9955E-05
0.0100185 0.00297707 0.0630112 0.0441014 0.00375356 0.27046 0.0107014 0.594977
0.0462367 9.9964E-05 9.9964E-05 0.785511 9.9964E-05 9.9964E-05 0.0797841 0.0880684
0.068868 9.9955E-05 9.9955E-05 0.850737 9.9955E-05 9.9955E-05 9.9955E-05 0.0798955
0.0482121 9.9964E-05 9.9964E-05 0.815372 0.00910936 9.9964E-05 9.9964E-05 0.126907
0.0486675 9.9964E-05 9.9964E-05 0.893765 0.0203645 9.9964E-05 9.9964E-05 0.036803
0.0436971 9.9973E-05 9.9973E-05 0.899739 0.0302103 0.00775318 9.9973E-05 0.0183007
0.0300597 9.9973E-05 0.000201544 0.849408 0.0181108 9.9973E-05 9.9973E-05 0.10192
0.0335628 9.9955E-05 9.9955E-05 0.899699 9.9955E-05 9.9955E-05 9.9955E-05 0.0662388
0.0304944 0.0245792 0.00259932 0.0538033 0.0662831 0.247305 0.0661092 0.508826
0.0278408 0.0842747 0.0361741 0.11587 0.0306081 0.139449 0.00663749 0.559145
9.9982E-05 0.0192564 0.011141 0.0552039 9.9982E-05 0.733096 0.171892 0.00921106
0.0149412 9.9991E-05 0.0234164 0.0534491 0.0302491 0.176041 0.0983037 0.603499
9.9973E-05 0.056814 9.9973E-05 0.0166454 9.9973E-05 0.429881 0.116601 0.379759
0.0434082 0.0260569 9.9973E-05 0.0469566 9.9973E-05 0.390082 9.9973E-05 0.493196
9.9982E-05 0.104114 0.058048 0.0452233 0.0184047 0.254476 9.9982E-05 0.519534
0.00708511 9.9991E-05 0.0316366 0.0581215 0.0084277 0.377218 0.00870251 0.508709
0.00155858 9.9964E-05 9.9964E-05 0.0164177 9.9964E-05 0.706248 0.275376 9.9964E-05
9.9991E-05 0.051364 0.0452327 0.0995423 0.0705321 0.186092 0.0639319 0.483205
0.00166521 0.0105457 0.039699 0.0950231 9.9991E-05 0.218333 0.0134639 0.62117
0.00391169 0.127045 0.027102 0.0902619 0.0560381 0.0779594 0.0881908 0.529491
0.0181433 0.0531342 0.165586 9.9982E-05 0.0324439 0.50641 9.9982E-05 0.224083
0.00164114 0.0140649 0.082693 0.00102317 0.0268594 0.422075 9.9991E-05 0.451543
9.9964E-05 9.9964E-05 9.9964E-05 0.00519034 9.9964E-05 0.416294 0.152689 0.425427
9.9973E-05 0.0557871 0.0490311 9.9973E-05 0.0100405 0.540741 9.9973E-05 0.3441
9.9973E-05 0.0132145 9.9973E-05 0.057183 9.9973E-05 0.404448 0.0902264 0.434628
0.0190119 0.060232 0.00678408 0.0928404 0.0228034 0.175334 0.112927 0.510067
0.0348436 9.9982E-05 0.265027 0.00763516 0.0246463 9.9982E-05 0.291835 0.375813
9.9982E-05 0.148547 0.061218 0.0418461 9.9982E-05 0.0391906 0.302009 0.40699
0.0211178 0.0437521 0.109072 0.115617 0.0397897 0.000739046 0.117079 0.552833
9.9991E-05 0.0846964 0.0536334 0.0514737 0.0508463 0.0485231 0.138341 0.572387
0.0307398 0.0127181 0.0220222 9.9982E-05 9.9982E-05 0.0580265 0.34614 0.530154
9.9982E-05 0.0670826 0.0497659 0.0220455 9.9982E-05 0.0475042 0.18754 0.625862
0.0132337 0.0376821 0.00319946 0.0303751 9.9991E-05 0.0178749 0.418877 0.478658
0.045398 0.0918277 0.101899 0.0673559 0.0312375 0.0110931 0.159062 0.492126
0.000763273 0.0392142 0.0390872 0.118496 0.0100342 0.0306696 0.150627 0.611108
0.00865924 0.0214959 0.0489017 0.0704215 9.9991E-05 0.0321903 0.20993 0.608302
0.0141205 0.0826191 9.9982E-05 0.0203984 9.9982E-05 0.0595178 0.269737 0.553407
0.00475739 9.9982E-05 0.0906975 0.0687949 0.0598533 9.9982E-05 0.122271 0.653426
0.000420216 0.0233062 0.0495349 0.128783 0.0103009 0.000912598 0.133707 0.653036
0.000655127 9.9991E-05 0.107256 0.0145899 0.00033872 0.027574 0.196112 0.653373
0.00321108 0.0801706 0.0448241 0.0521025 0.0587524 0.0810583 0.131233 0.548648
0.0307834 0.00284777 0.11853 9.9991E-05 0.0107842 0.0555715 0.157299 0.624084
0.00631564 0.0631883 0.18634 0.0695228 0.0363276 0.0776747 0.215544 0.345087
0.00675855 9.9991E-05 0.0808169 0.0558984 0.0700398 0.0168131 0.176276 0.593298
0.00957724 9.9982E-05 0.143286 0.0150171 0.0249294 9.9982E-05 0.143283 0.663707
9.9991E-05 0.0308719 0.0245257 0.00946644 0.0100403 0.142602 0.556282 0.226112
9.9982E-05 0.0280568 0.406777 9.9982E-05 0.00240749 0.00658212 0.327681 0.228295
0.0133748 0.0766934 0.0589499 0.0534457 0.0123112 0.0892327 0.179649 0.516343
9.9964E-05 9.9964E-05 0.446825 9.9964E-05 9.9964E-05 0.0901868 0.326387 0.136202
0.0248499 0.00588796 0.0343434 9.9982E-05 9.9982E-05 0.0644198 0.512116 0.358183
9.9964E-05 9.9964E-05 0.0331716 9.9964E-05 9.9964E-05 0.0881819 0.406296 0.471951
0.015352 9.9982E-05 0.0152566 0.0302972 9.9982E-05 0.133652 0.439775 0.365467
9.9973E-05 0.0711475 0.0287832 9.9973E-05 9.9973E-05 0.0862215 0.466001 0.347547
0.0345675 0.0881978 0.0543048 0.026839 9.9991E-05 0.0560367 0.159043 0.580912
0.0202406 0.0462376 0.0633095 0.107765 0.000229845 0.0877073 0.0815594 0.592951
0.00387129 9.9982E-05 0.120252 0.0305969 9.9982E-05 0.0439994 0.179049 0.622031
9.9973E-05 9.9973E-05 0.353584 9.9973E-05 0.000315253 0.0187061 0.400759 0.226336
0.0154705 0.131684 0.0799314 0.147323 0.0346488 0.0818848 0.0356264 0.473431
0.00805566 0.206382 0.198734 0.0368949 0.0428122 0.0301056 0.0263972 0.450619
9.9973E-05 0.282987 0.474031 0.115049 9.9973E-05 0.0915369 0.0360963 9.9973E-05
9.9982E-05 0.176247 0.0495392 0.0818845 0.0269228 0.0543641 9.9982E-05 0.610843
9.9991E-05 0.260195 0.236684 0.0753242 0.052368 0.0993194 0.0489405 0.227069
0.0414201 0.201398 0.0976739 0.0590277 0.0570123 0.0366644 0.0246643 0.482139
0.0339348 0.335399 0.271414 0.0482714 9.9991E-05 0.0832059 0.0746123 0.153063
0.0300737 0.390896 0.366984 9.9982E-05 9.9982E-05 0.0832002 0.120429 0.0082172
0.00508688 0.253696 0.221732 0.0283021 0.025884 0.0363222 0.0539686 0.375009
0.0006642 0.137831 0.12157 0.133618 0.0851298 0.0616639 0.0456193 0.413904
0.0197563 0.180522 0.103482 0.130704 0.0534692 0.0244849 0.0940918 0.393489
0.0215081 0.11892 0.415295 0.0400123 0.0561898 0.134735 0.104655 0.108684
0.0113588 0.100979 0.137917 0.0692389 0.0707701 0.0632922 0.0194544 0.52699
9.9973E-05 0.308498 0.273363 9.9973E-05 9.9973E-05 0.0975765 0.0613129 0.25895
9.9973E-05 0.20109 0.218709 9.9973E-05 9.9973E-05 0.110629 0.0888953 0.380376
0.0178165 0.215856 0.0357076 0.0789169 0.0115139 0.00629568 0.0619067 0.571987
0.0340079 0.173061 0.118562 0.316479 0.254795 0.00504264 9.9991E-05 0.0979522
9.9964E-05 0.0291339 0.316287 0.522805 0.131374 9.9964E-05 9.9964E-05 9.9964E-05
9.9964E-05 0.0465627 0.346534 0.495328 0.111176 9.9964E-05 9.9964E-05 9.9964E-05
0.00141818 0.201803 0.158345 0.329032 0.261722 9.9982E-05 9.9982E-05 0.047479
0.0169927 0.244617 0.0923749 9.9973E-05 9.9973E-05 0.116138 9.9973E-05 0.529577
9.9991E-05 0.151809 0.0547486 0.0766377 0.0613079 0.0585333 0.0515846 0.545279
0.00827562 9.9964E-05 9.9964E-05 9.9964E-05 0.65821 0.0108727 9.9964E-05 0.322242
0.0442533 9.9982E-05 9.9982E-05 0.00920019 0.422399 0.0599473 0.0822482 0.381752
0.0309647 9.9991E-05 0.0474148 0.0151393 0.391817 0.0722229 0.067313 0.375028
0.00849385 0.386478 0.299178 9.9991E-05 0.00807126 0.0498125 0.0385847 0.209282
0.00731636 0.0749164 0.168982 0.0992205 0.0492999 0.0444248 0.058099 0.497741
9.9973E-05 0.456163 0.302001 9.9973E-05 9.9973E-05 0.00697869 0.0613618 0.173195
9.9973E-05 0.247247 0.146061 0.0711721 9.9973E-05 0.00992934 9.9973E-05 0.525291
9.9982E-05 0.294157 0.194776 0.00678527 0.0136355 9.9982E-05 0.0347254 0.455721
0.0161104 0.359572 0.101883 9.9973E-05 9.9973E-05 0.0183448 9.9973E-05 0.50379
9.9964E-05 0.511396 0.332355 9.9964E-05 9.9964E-05 0.0439282 9.9964E-05 0.111921
0.0362652 0.243451 0.0117977 0.023233 0.0260662 0.0949893 9.9991E-05 0.564098
0.00707885 0.195889 0.0617189 0.0475518 0.0206439 0.0500647 0.0544927 0.56256
9.9946E-05 9.9946E-05 9.9946E-05 9.9946E-05 0.992232 0.00716803 9.9946E-05 9.9946E-05
9.9955E-05 9.9955E-05 9.9955E-05 9.9955E-05 0.91284 9.9955E-05 0.00497397 0.0816866
0.0278977 0.0161296 0.0222163 0.0385847 0.567279 0.0444525 9.9991E-05 0.28334
9.9964E-05 9.9964E-05 9.9964E-05 9.9964E-05 0.60757 0.00731402 0.019442 0.365274
0.0151711 9.9973E-05 9.9973E-05 9.9973E-05 0.816373 0.0450467 0.00438433 0.118725
9.994E-05 9.994E-05 9.994E-05 9.994E-05 0.9993 9.994E-05 9.994E-05 9.994E-05
9.9955E-05 9.9955E-05 9.9955E-05 9.9955E-05 0.966792 9.9955E-05 0.0259342 0.00677414
9.9955E-05 9.9955E-05 9.9955E-05 9.9955E-05 0.847364 0.0102694 9.9955E-05 0.141866
0.00490802 9.9955E-05 9.9955E-05 9.9955E-05 0.953075 9.9955E-05 0.0415169 9.9955E-05
9.994E-05 9.994E-05 9.994E-05 9.994E-05 0.9993 9.994E-05 9.994E-05 9.994E-05
9.994E-05 9.994E-05 9.994E-05 9.994E-05 0.9993 9.994E-05 9.994E-05 9.994E-05
0.00700081 0.00941132 9.9973E-05 9.9973E-05 0.749838 0.0255258 9.9973E-05 0.207924
0.00776593 9.9973E-05 9.9973E-05 0.0195697 0.785002 9.9973E-05 0.0533651 0.133998
9.994E-05 9.994E-05 9.994E-05 9.994E-05 0.9993 9.994E-05 9.994E-05 9.994E-05
0.0305142 0.0314261 0.0281903 0.0455213 0.404475 0.021959 0.106037 0.331876
0.000699687 0.0307166 9.9982E-05 0.029565 0.676142 9.9982E-05 0.0341987 0.228478
0.0142692 0.0119075 9.9991E-05 0.0123941 0.800768 0.0111912 0.00937173 0.139999
0.0144915 9.9964E-05 9.9964E-05 0.0178381 0.865463 9.9964E-05 9.9964E-05 0.101808
9.994E-05 9.994E-05 9.994E-05 9.994E-05 0.9993 9.994E-05 9.994E-05 9.994E-05
9.9973E-05 9.9973E-05 9.9973E-05 0.0049313 0.965871 0.0108137 0.00646091 0.0116228
0.0240434 9.9946E-05 9.9946E-05 9.9946E-05 0.975357 9.9946E-05 9.9946E-05 9.9946E-05
0.0319102 9.9982E-05 9.9982E-05 0.0430228 0.636871 0.0533674 0.0154514 0.219177
0.011322 9.9964E-05 9.9964E-05 9.9964E-05 0.962261 0.0175667 9.9964E-05 0.00845063
9.9964E-05 0.475485 0.259004 0.255286 0.00982395 9.9964E-05 9.9964E-05 9.9964E-05
0.0229912 0.353639 0.0600195 0.159324 0.116341 0.011162 0.0166745 0.25985
0.0039348 0.396802 0.0545185 0.107122 0.0858268 9.9982E-05 9.9982E-05 0.351596
9.9973E-05 0.526224 0.144128 0.141078 0.135948 9.9973E-05 9.9973E-05 0.0523224
0.0203336 0.247156 0.0529738 0.0924839 0.136346 0.0451548 0.028692 0.37686
0.0178434 0.465114 0.19346 0.18214 0.141144 9.9973E-05 9.9973E-05 9.9973E-05
0.0103803 0.201953 0.090983 0.157625 0.0821929 9.9991E-05 0.0714315 0.385335
9.9973E-05 0.422521 0.0785684 0.157241 0.123356 9.9973E-05 9.9973E-05 0.218013
0.0365139 0.284997 0.0286936 0.111916 0.119811 9.9982E-05 9.9982E-05 0.417868
0.0332212 0.373016 0.00800912 0.127254 0.150361 0.0580889 9.9991E-05 0.249949
0.0134949 0.234829 0.0906625 0.132697 0.179211 0.0424322 9.9991E-05 0.306573
0.00893069 0.0506617 9.9982E-05 0.862723 9.9982E-05 0.00155591 0.0121246 0.0638038
0.0271466 9.9982E-05 0.0147626 0.878911 0.0681409 0.0102945 9.9982E-05 0.000544303
0.0499821 9.9973E-05 9.9973E-05 0.900038 9.9973E-05 0.00649371 0.0242492 0.0189371
0.00853702 9.9964E-05 0.00100828 0.955893 9.9964E-05 0.0341618 9.9964E-05 9.9964E-05
0.0460921 9.9964E-05 9.9964E-05 0.866096 9.9964E-05 9.9964E-05 0.0206105 0.0668017
0.0339494 9.99642E-05 9.99642E-05 0.954488 9.99642E-05 9.99642E-05 0.00889642 0.00226629
0.0608673 9.9964E-05 9.9964E-05 0.879128 0.0111592 9.9964E-05 9.9964E-05 0.0484459
0.0473791 9.9964E-05 9.9964E-05 0.895185 9.9964E-05 9.9964E-05 0.0559448 0.00109073
0.0197287 0.0418744 9.9982E-05 0.871158 0.0206055 0.0297189 9.9982E-05 0.0167145
0.0332693 9.9973E-05 0.0508524 0.885744 0.00132486 9.9973E-05 9.9973E-05 0.0285095
9.9973E-05 0.0505947 0.00184485 0.601319 9.9973E-05 0.0723732 0.273569 9.9973E-05
0.0341829 9.9973E-05 0.0197446 0.585403 9.9973E-05 0.0307452 0.329624 9.9973E-05
0.0264284 0.0427571 0.0470655 0.505351 9.9982E-05 0.0493553 0.328843 9.9982E-05
9.9973E-05 0.138013 0.0226475 0.425941 9.9973E-05 0.0115027 0.401595 9.9973E-05
0.0298397 0.0172842 9.9991E-05 0.0467589 0.00640993 0.293804 0.162151 0.443652
0.0177859 9.9991E-05 0.010056 0.0506104 0.0302182 0.325427 0.104739 0.461064
0.00842153 9.9991E-05 0.00173015 0.0368777 0.0439583 0.255521 0.153982 0.49941
0.0113776 0.0269868 0.0363104 0.0204089 9.9991E-05 0.316389 0.243211 0.345216
9.9973E-05 0.0483243 0.067486 9.9973E-05 9.9973E-05 0.0841209 0.592669 0.2071
9.9991E-05 0.00221457 0.0321133 0.0448373 0.0103327 0.209931 0.0484519 0.652019
0.00215907 0.000299139 0.00457488 9.9991E-05 0.00358127 0.27284 0.12066 0.595785
0.011796 0.0688891 0.066367 9.9991E-05 0.00339518 0.275911 0.0558567 0.517685
9.9955E-05 9.9955E-05 0.11007 9.9955E-05 9.9955E-05 0.537617 9.9955E-05 0.351814
0.0233108 0.028217 0.0697782 0.0572543 0.015103 0.111647 0.068753 0.625937
9.9973E-05 0.0103587 9.9973E-05 0.0174269 9.9973E-05 0.51274 0.0674456 0.391729
9.9946E-05 9.9946E-05 0.251906 9.9946E-05 9.9946E-05 0.747495 9.9946E-05 9.9946E-05
0.0264548 9.9982E-05 0.0698175 0.0453628 9.9982E-05 0.104275 0.138984 0.614905
9.9955E-05 9.9955E-05 0.233185 9.9955E-05 9.9955E-05 0.596046 9.9955E-05 0.170268
0.0337853 9.9982E-05 0.0621615 0.00772453 9.9982E-05 0.382292 0.0146692 0.499167
9.9973E-05 9.9973E-05 9.9973E-05 0.00944966 0.00289916 0.670756 0.191741 0.124854
9.9955E-05 0.12707 9.9955E-05 0.121029 9.9955E-05 9.9955E-05 0.751401 9.9955E-05
9.9973E-05 0.155757 0.0162638 0.0999745 9.9973E-05 9.9973E-05 0.698296 0.0294086
0.0127459 0.171358 9.9964E-05 0.0623031 9.9964E-05 9.9964E-05 0.753194 9.9964E-05
9.9964E-05 0.123538 0.00916375 0.104008 9.9964E-05 9.9964E-05 0.76289 9.9964E-05
9.9964E-05 0.142214 9.9964E-05 0.0399538 9.9964E-05 9.9964E-05 0.723043 0.094389
9.9973E-05 0.215379 9.9973E-05 0.0313957 0.0188133 9.9973E-05 0.695254 0.0388585
0.0231426 9.9982E-05 9.9982E-05 0.845417 0.0268892 0.0290168 0.0183722 0.0569625
0.00470348 9.9973E-05 9.9973E-05 0.841458 0.00345926 0.0522399 9.9973E-05 0.0978392
0.0247959 9.9982E-05 0.0240356 0.774807 0.00564555 0.00861963 9.9982E-05 0.161896
9.9982E-05 0.0220296 9.9982E-05 0.84385 0.0540929 0.0374997 0.0354865 0.00684133
0.0227639 0.0621178 9.9973E-05 0.750494 0.0458629 9.9973E-05 9.9973E-05 0.118462
0.0317824 0.0932732 9.9964E-05 0.356997 9.9964E-05 9.9964E-05 0.517548 9.9964E-05
0.0344838 0.0345946 0.0361959 0.406009 9.9973E-05 9.9973E-05 0.488417 9.9973E-05
0.0190924 9.9973E-05 0.0386116 0.410978 9.9973E-05 9.9973E-05 0.499046 0.0319717
0.9993 9.994E-05 9.994E-05 9.994E-05 9.994E-05 9.994E-05 9.994E-05 9.994E-05
0.034331 0.0401143 0.0368442 0.369302 9.9982E-05 0.0303927 0.488816 9.9982E-05
0.0204505 0.0226709 0.123581 0.265324 0.277788 9.9982E-05 9.9982E-05 0.289985
0.011266 0.0123129 0.0186996 0.176456 0.178724 9.9991E-05 0.0241492 0.578292
9.9955E-05 9.9955E-05 9.9955E-05 0.219459 0.191923 9.9955E-05 9.9955E-05 0.588119
0.00602452 0.0582277 0.100017 0.255926 0.248169 9.9982E-05 9.9982E-05 0.331436
0.0583277 0.0636539 0.0515538 0.108973 0.124857 0.0350097 0.0799511 0.477674
9.9955E-05 9.9955E-05 0.247117 0.45117 0.301213 9.9955E-05 9.9955E-05 9.9955E-05
9.9973E-05 0.0895948 0.0541221 9.9973E-05 9.9973E-05 0.0438826 0.368827 0.443274
0.0100221 0.00307047 0.262545 9.9982E-05 9.9982E-05 0.0540662 0.197311 0.472786
0.000148348 0.0591622 0.0415495 9.9982E-05 9.9982E-05 0.0944278 0.499077 0.305435
9.9973E-05 0.0302263 0.243134 9.9973E-05 9.9973E-05 0.0463267 0.136382 0.543631
9.9955E-05 9.9955E-05 0.623821 9.9955E-05 9.9955E-05 0.0426918 0.332988 9.9955E-05
0.0429769 0.137543 0.00811487 0.047744 0.0271083 0.0495908 0.119398 0.567524
0.00159665 9.9982E-05 0.183584 0.0540806 9.9982E-05 0.0380413 0.123854 0.598643
0.0109443 0.110661 0.0691009 9.9982E-05 9.9982E-05 0.0380796 0.395074 0.37594
0.00701166 0.0815253 0.0429507 0.0660903 0.0254548 0.1019 0.144394 0.530673
9.9973E-05 0.0647129 0.353816 9.9973E-05 9.9973E-05 0.12395 0.282707 0.174514
0.00446757 0.0747959 0.103921 9.9991E-05 0.013894 0.100211 0.131095 0.571515
9.9982E-05 0.0660551 0.0488569 0.0156514 9.9982E-05 0.0871795 0.275859 0.506198
9.9982E-05 9.9982E-05 0.164932 0.0971739 0.157232 0.0847476 0.0806518 0.415063
9.9964E-05 9.9964E-05 0.289493 9.9964E-05 9.9964E-05 0.074359 0.256875 0.378874
9.9982E-05 0.0708345 0.238715 9.9982E-05 0.00427741 0.0429493 0.202315 0.440709
9.9964E-05 9.9964E-05 0.138043 9.9964E-05 9.9964E-05 0.0161524 0.197533 0.647871
9.9973E-05 0.0137669 0.170442 9.9973E-05 9.9973E-05 0.0896228 0.162063 0.563805
0.0222543 0.0375694 0.126247 0.0166843 0.0482358 0.0333318 0.049574 0.666103
9.9991E-05 0.0518734 0.0525543 0.0976066 0.0247825 0.109604 0.116999 0.54648
0.000732385 9.9982E-05 0.111471 0.0863934 9.9982E-05 0.0603214 0.139561 0.601321
0.0259971 9.9964E-05 9.9964E-05 0.823866 0.0197745 9.9964E-05 9.9964E-05 0.129963
0.00872434 9.9955E-05 9.9955E-05 0.879047 9.9955E-05 9.9955E-05 9.9955E-05 0.111729
0.0624015 0.0397777 9.9982E-05 0.828976 9.9982E-05 0.0133977 0.00765781 0.047589
0.0495346 9.9982E-05 9.9982E-05 0.849577 0.0421547 0.0047424 0.0275705 0.0262209
0.0360768 0.0130314 9.9973E-05 0.862888 9.9973E-05 9.9973E-05 0.00617289 0.0815306
0.0102619 0.0299586 0.0641796 0.00302977 0.0297432 0.114005 0.60699 0.141831
0.0163318 9.9991E-05 0.130069 0.0424504 0.0223966 0.0206893 0.191825 0.576138
0.00741825 0.1211 0.0845167 0.187188 0.228651 0.00348837 0.0187987 0.348839
0.0295991 0.0726927 9.9982E-05 9.9982E-05 0.0186761 0.0571672 0.192457 0.629208
0.00136762 9.9982E-05 0.00817415 0.0184401 9.9982E-05 0.0806735 0.332336 0.558809
0.000562316 9.9973E-05 0.334562 9.9973E-05 9.9973E-05 0.0491268 0.281682 0.333767
0.0111374 9.9982E-05 0.0970868 0.0614979 9.9982E-05 0.0788929 0.70919 0.0419947
0.0235841 0.0499676 9.9991E-05 0.0629716 0.00548529 0.0587256 0.335623 0.463543
0.0122397 0.0273638 0.053473 0.0113096 0.0476157 0.000547842 0.605921 0.24153
0.0314422 9.9991E-05 0.131972 0.0404603 0.00564659 0.143237 0.170791 0.476351
9.9982E-05 0.00305231 0.111909 0.0845531 9.9982E-05 0.00550339 0.586112 0.208671
0.0252335 9.9991E-05 0.0343023 0.0782371 0.0169513 0.0210024 0.206084 0.618089
0.0192719 0.0587111 0.110539 0.0131222 0.0185176 0.0755011 0.553644 0.150693
0.0157848 9.9991E-05 0.257208 0.0165576 0.0766054 0.10735 0.25726 0.269134
0.0145903 0.289569 0.0619003 0.0482376 9.9991E-05 0.0152371 0.0587109 0.511654
9.9973E-05 0.464946 0.257413 9.9973E-05 9.9973E-05 0.0338691 0.0353739 0.208098
9.9973E-05 0.396098 0.114882 0.0133596 9.9973E-05 9.9973E-05 0.0361496 0.439212
0.020934 0.142592 0.0770907 0.104413 0.019801 0.100964 0.0449163 0.489289
9.9973E-05 0.558561 0.210003 9.9973E-05 9.9973E-05 0.0914122 0.00203081 0.137693
0.0225231 0.219306 0.0948589 0.023916 0.0344526 0.054897 0.0561869 0.493859
0.010688 0.34396 0.133547 0.010011 9.9991E-05 0.0266276 0.0248299 0.450237
9.9973E-05 0.45935 0.364736 9.9973E-05 9.9973E-05 0.13918 0.0267638 0.00967053
9.9964E-05 0.715158 0.22815 9.9964E-05 9.9964E-05 0.0303242 9.9964E-05 0.0259683
9.9973E-05 0.396103 0.147553 9.9973E-05 9.9973E-05 0.0574622 0.00276727 0.395814
9.9964E-05 0.550188 0.305725 9.9964E-05 9.9964E-05 0.140105 0.00358207 9.9964E-05
9.9973E-05 0.410049 0.105681 9.9973E-05 9.9973E-05 0.068652 0.0670434 0.348275
9.9973E-05 9.9973E-05 0.0714609 9.9973E-05 0.0105259 0.0702313 0.656242 0.19124
9.9964E-05 9.9964E-05 0.354973 9.9964E-05 0.0386691 9.9964E-05 0.33658 0.269378
0.0184663 9.9982E-05 9.9982E-05 0.0187219 0.0574758 0.0537495 0.443407 0.407979
9.9982E-05 9.9982E-05 0.04288 0.0563579 0.0567773 0.0486516 0.236993 0.55814
9.9973E-05 9.9973E-05 0.0555357 9.9973E-05 0.0135239 0.128597 0.562588 0.239456
0.0193021 0.0224784 0.135029 0.0450184 0.0299 0.0305252 0.155919 0.561828
0.0522694 0.000765686 0.0604113 0.0020224 0.0306118 0.0506253 0.237417 0.565877
0.0363751 9.9991E-05 0.0854405 0.0318001 0.00816747 0.117419 0.190048 0.53065
0.00347738 9.9982E-05 0.0923156 9.9982E-05 0.078756 0.0157716 0.272585 0.536894
0.0011581 9.9991E-05 0.0202427 0.0246483 0.011861 0.0355848 0.403016 0.503389
0.0128625 9.9982E-05 0.0601223 9.9982E-05 0.0145174 0.097194 0.522792 0.292312
9.9973E-05 0.0243311 9.9973E-05 9.9973E-05 0.0260131 0.0546247 0.441625 0.453106
9.9982E-05 9.9982E-05 0.104386 0.00187121 0.0173079 0.0570513 0.193084 0.626099
0.0150557 9.9991E-05 0.115802 0.0396973 0.047573 0.0115038 0.135526 0.634742
0.00421802 9.9991E-05 0.211633 0.0257254 0.0815215 0.0555175 0.294731 0.326553
0.00813141 9.9982E-05 0.12853 9.9982E-05 0.0904295 0.0735991 0.222409 0.476702
0.0188467 9.9982E-05 0.018259 9.9982E-05 0.0587742 0.0638969 0.476063 0.36396
9.9973E-05 9.9973E-05 0.0783958 0.054126 9.9973E-05 0.0507279 0.234247 0.582203
0.008846 9.9991E-05 0.0307947 0.0360815 0.0729594 0.0748195 0.29668 0.479719
9.9991E-05 0.0400534 0.056943 0.0775372 0.0659276 0.0764417 0.146644 0.536353
0.000716334 0.0510316 9.9982E-05 0.327521 0.129955 9.9982E-05 0.0488695 0.441707
0.00105476 0.0630774 0.0674271 0.125369 0.124982 0.0232219 0.0206568 0.57421
0.0235527 0.0544109 0.0931959 0.176604 0.11154 0.0176696 0.0630347 0.459993
0.0189975 9.9991E-05 0.138079 0.129955 0.146443 0.00529566 0.035529 0.5256
0.00826138 0.0184747 0.104881 0.193265 0.19629 0.0225628 9.9991E-05 0.456165
9.9973E-05 0.0418996 0.280575 9.9973E-05 9.9973E-05 0.00824406 0.137899 0.531082
9.9991E-05 0.0477581 0.0545538 0.158787 0.123259 0.0980661 0.0293103 0.488166
9.9991E-05 0.121728 0.353099 0.219273 0.185171 0.00929313 0.0739052 0.0374301
0.0298914 0.0445862 0.0700619 0.100677 0.117355 9.9991E-05 0.083527 0.553801
0.0175992 0.0818074 0.0410682 0.156756 0.125102 9.9991E-05 0.0184113 0.559156
0.0080575 0.0488613 0.116592 0.112497 0.132765 0.0613931 9.9991E-05 0.519734
0.00850726 0.0531936 0.215704 0.232529 0.0688019 0.0309936 0.0362633 0.354007
9.9982E-05 0.123733 0.010237 0.209648 0.10081 9.9982E-05 0.0327458 0.522626
9.9982E-05 0.0187975 0.107502 0.145758 0.183493 9.9982E-05 0.0376797 0.506571
9.9955E-05 9.9955E-05 0.347107 0.521436 0.130957 9.9955E-05 9.9955E-05 9.9955E-05
0.0298024 0.0689892 0.0141374 0.15773 0.184155 0.0572221 0.0270231 0.460941
0.0209761 0.0141323 0.0881612 0.146798 0.192347 9.9982E-05 9.9982E-05 0.537386
0.0134419 0.082561 0.0934788 0.0980547 0.101152 0.0136767 0.0199916 0.577643
0.0300123 9.9973E-05 0.0950575 0.165306 0.169754 9.9973E-05 9.9973E-05 0.539571
0.0489588 0.169133 9.9991E-05 0.151438 0.0755055 0.0439187 0.0247362 0.48621
0.00865997 0.00249781 0.372112 0.0105155 0.0137397 0.0757152 0.015897 0.500862
0.0154889 0.00554891 0.213126 0.0705452 0.0354451 0.12267 0.0276946 0.509481
9.9964E-05 9.9964E-05 0.819171 9.9964E-05 9.9964E-05 0.0481376 0.0665017 0.0657902
9.9964E-05 9.9964E-05 0.813143 9.9964E-05 9.9964E-05 0.0316796 0.0623118 0.0924657
0.019855 0.104979 0.233834 0.0554465 9.9991E-05 0.0549095 0.00910566 0.521771
0.0115577 0.0914958 0.113187 0.148411 0.267972 0.0202236 9.9991E-05 0.347052
9.9964E-05 9.9964E-05 0.214554 0.152039 0.225408 9.9964E-05 9.9964E-05 0.4076
9.9964E-05 9.9964E-05 0.314796 0.166716 0.286535 9.9964E-05 9.9964E-05 0.231553
0.0436882 9.9973E-05 0.236064 0.12755 0.20396 9.9973E-05 9.9973E-05 0.388438
0.0131009 9.9964E-05 0.708881 0.0815782 9.9964E-05 9.9964E-05 9.9964E-05 0.19604
0.0292102 9.9964E-05 0.644874 0.0608114 9.9964E-05 9.9964E-05 9.9964E-05 0.264705
9.9973E-05 0.0125527 0.306772 0.018307 0.0421308 9.9973E-05 9.9973E-05 0.619937
9.9964E-05 9.9964E-05 0.395785 0.0559695 0.0471433 9.9964E-05 9.9964E-05 0.500703
0.0205472 9.9964E-05 0.611515 0.0356954 9.9964E-05 9.9964E-05 9.9964E-05 0.331843
9.9973E-05 9.9973E-05 0.243115 0.0670451 0.0222897 9.9973E-05 0.0521981 0.615052
0.00461515 9.9973E-05 0.286732 0.0420026 0.0263065 9.9973E-05 9.9973E-05 0.640044
0.0029185 0.0963423 0.219912 0.0582185 0.0626311 9.9991E-05 0.0427008 0.517176
9.9964E-05 9.9964E-05 0.537108 9.9964E-05 9.9964E-05 0.0247723 0.0233619 0.414358
9.9982E-05 0.0340147 0.442106 0.00431477 9.9982E-05 0.024932 0.0534874 0.440945
0.0147958 0.00685138 0.267461 0.0413634 9.9991E-05 0.0690842 0.014912 0.585433
0.00950828 0.0247625 0.320896 0.0260373 0.0110413 0.00518945 0.0838099 0.518755
0.000889378 0.0483305 0.238777 0.0776065 0.0409465 0.0204083 0.0429716 0.53007
0.00254419 0.0287698 0.404997 0.00754517 9.9991E-05 0.0633625 0.0112932 0.481388
9.9946E-05 9.9946E-05 0.703214 9.9946E-05 9.9946E-05 9.9946E-05 9.9946E-05 0.296186
0.0113926 9.9955E-05 0.313647 9.9955E-05 9.9955E-05 9.9955E-05 9.9955E-05 0.674461
9.9964E-05 9.9964E-05 0.662516 9.9964E-05 9.9964E-05 0.0134439 0.0414276 0.282213
0.0236018 9.9955E-05 0.464702 9.9955E-05 9.9955E-05 9.9955E-05 9.9955E-05 0.511196
0.0152352 0.0348142 0.244765 0.0736676 0.00375173 0.014476 0.0471041 0.566186
0.0109612 0.00970636 0.248463 0.0331733 0.0401721 0.0783048 0.0613504 0.517868
0.0272132 0.0996971 0.0703825 0.140035 0.144332 0.0125664 0.0433594 0.462415
0.0498571 0.0557154 0.14631 0.10484 0.114184 0.0369536 0.042822 0.449318
0.03078 0.138183 0.106909 0.151867 0.271403 9.9991E-05 0.00650765 0.29425
0.0193209 0.101221 0.163885 0.164263 0.247339 9.9982E-05 9.9982E-05 0.303772
0.000937463 0.171248 0.0260314 0.133749 0.219709 9.9991E-05 0.0883748 0.35985
0.00618553 0.0520527 0.18407 0.146573 0.125992 0.0185267 0.0266102 0.43999
0.0281444 9.9973E-05 0.678155 0.139659 0.110442 9.9973E-05 9.9973E-05 0.0432996
9.9973E-05 0.057738 0.116581 0.109679 0.158279 9.9973E-05 9.9973E-05 0.557423
9.9955E-05 9.9955E-05 0.570561 0.318804 0.110135 9.9955E-05 9.9955E-05 9.9955E-05
9.9964E-05 9.9964E-05 0.276397 0.041562 0.118847 9.9964E-05 9.9964E-05 0.562794
9.9955E-05 9.9955E-05 0.733649 9.9955E-05 9.9955E-05 0.0407912 9.9955E-05 0.22506
9.9955E-05 9.9955E-05 0.786385 9.9955E-05 9.9955E-05 0.136438 9.9955E-05 0.0766764
9.9946E-05 9.9946E-05 0.448382 9.9946E-05 9.9946E-05 9.9946E-05 9.9946E-05 0.551019
0.00886777 9.9955E-05 0.317778 9.9955E-05 9.9955E-05 9.9955E-05 9.9955E-05 0.672854
9.9946E-05 9.9946E-05 0.494204 9.9946E-05 9.9946E-05 9.9946E-05 9.9946E-05 0.505196
9.9955E-05 9.9955E-05 0.354033 9.9955E-05 9.9955E-05 0.000907016 9.9955E-05 0.644561
9.9946E-05 9.9946E-05 0.364441 9.9946E-05 9.9946E-05 9.9946E-05 9.9946E-05 0.634959
0.0388924 9.9973E-05 9.9973E-05 0.843689 0.0256831 0.0250974 0.0663386 9.9973E-05
0.0386178 0.0271021 9.9991E-05 0.707193 0.0910255 0.043731 0.0840027 0.00822741
0.0230527 9.9973E-05 9.9973E-05 0.898816 0.029305 9.9973E-05 0.0424082 0.00611827
0.0496848 9.9964E-05 0.0159821 0.897062 9.9964E-05 9.9964E-05 9.9964E-05 0.0368713
0.013995 0.0322291 0.00734984 0.0374629 0.0594469 0.374209 9.9991E-05 0.475207
0.0144497 9.9973E-05 9.9973E-05 0.027921 9.9973E-05 0.354884 0.0670564 0.535389
0.0366713 9.9955E-05 9.9955E-05 9.9955E-05 9.9955E-05 0.464874 9.9955E-05 0.497955
0.00905683 0.0935829 9.9991E-05 0.072835 0.00916779 0.246046 0.0511657 0.518045
0.0134955 0.24509 9.9991E-05 0.0587079 0.0377763 0.0974424 0.0370524 0.510336
0.00638361 9.9973E-05 9.9973E-05 0.0361738 9.9973E-05 0.571348 0.126958 0.258837
0.0262617 9.9973E-05 0.0225266 0.0169064 9.9973E-05 0.322632 9.9973E-05 0.611374
0.00466612 0.019489 0.172012 9.9973E-05 9.9973E-05 0.56357 9.9973E-05 0.239963
0.0299802 0.120161 9.9982E-05 0.286128 0.170657 9.9982E-05 0.0302642 0.36261
0.0210812 0.022147 0.118274 9.9982E-05 0.00495332 0.416867 9.9982E-05 0.416477
0.0229129 9.9973E-05 9.9973E-05 0.000487673 9.9973E-05 0.530111 0.125158 0.321031
9.9973E-05 0.103046 9.9973E-05 9.9973E-05 0.00494678 0.442194 0.00325164 0.446262
9.9973E-05 9.9973E-05 9.9973E-05 0.0184713 0.0228433 0.483279 0.100133 0.374974
9.9955E-05 9.9955E-05 0.0537791 9.9955E-05 9.9955E-05 0.392767 9.9955E-05 0.552954
0.0177386 0.0314267 0.00370154 0.0850428 9.9991E-05 0.299912 0.0357786 0.5263
9.9946E-05 9.9946E-05 0.168392 9.9946E-05 9.9946E-05 0.831008 9.9946E-05 9.9946E-05
9.9973E-05 0.0306381 0.12647 9.9973E-05 0.0357556 0.557237 9.9973E-05 0.249599
9.9955E-05 9.9955E-05 0.0951284 9.9955E-05 9.9955E-05 0.52678 9.9955E-05 0.377592
9.9946E-05 9.9946E-05 0.239645 9.9946E-05 9.9946E-05 0.759756 9.9946E-05 9.9946E-05
0.00572476 0.116219 9.9982E-05 0.0320976 9.9982E-05 0.421758 0.0641292 0.359872
9.9964E-05 0.153667 0.221783 9.9964E-05 9.9964E-05 0.600872 9.9964E-05 0.0232779
9.9946E-05 9.9946E-05 0.231555 9.9946E-05 9.9946E-05 0.767846 9.9946E-05 9.9946E-05
0.00598229 9.9982E-05 0.029008 0.0615671 0.0118404 0.305965 9.9982E-05 0.585438
0.00505152 0.0827673 9.9982E-05 9.9982E-05 0.0236582 0.622645 0.15587 0.109808
9.9982E-05 0.0312848 9.9982E-05 0.0229305 0.0181939 0.442902 0.042978 0.441511
0.0317921 0.0521435 0.0605459 0.0732136 0.0228474 0.182414 0.0126439 0.5644
9.9973E-05 0.018812 9.9973E-05 0.0297129 9.9973E-05 0.385968 0.0782881 0.486919
9.9964E-05 0.0507508 0.231617 9.9964E-05 9.9964E-05 9.9964E-05 0.310601 0.406632
0.00811695 0.0316798 9.9991E-05 0.0459742 0.00195708 0.367366 0.0180475 0.526759
0.0122514 0.0427413 9.9973E-05 9.9973E-05 9.9973E-05 0.38697 0.0996411 0.458096
9.9955E-05 9.9955E-05 0.12416 9.9955E-05 9.9955E-05 0.556639 9.9955E-05 0.318701
0.00785667 0.0174037 0.0438207 0.107468 0.00461643 0.227179 0.0629264 0.528729
0.0564194 9.9964E-05 0.0325078 0.625215 9.9964E-05 9.9964E-05 0.285458 9.9964E-05
0.0749652 0.00461689 0.0143916 0.711901 9.9982E-05 0.0397414 0.154184 9.9982E-05
0.160139 9.9964E-05 0.0129212 0.695401 9.9964E-05 9.9964E-05 0.131139 9.9964E-05
0.101835 0.0457468 9.9964E-05 0.713221 9.9964E-05 9.9964E-05 0.138797 9.9964E-05
0.0521816 0.117434 9.9973E-05 0.679859 9.9973E-05 0.0106331 0.139592 9.9973E-05
9.9973E-05 9.9973E-05 9.9973E-05 0.0569365 0.0114888 0.690197 0.131379 0.109698
0.000395925 9.9973E-05 9.9973E-05 0.0672626 9.9973E-05 0.697579 0.125867 0.108596
0.000711305 9.9973E-05 0.110568 9.9973E-05 0.0244707 0.735516 9.9973E-05 0.128434
0.0321487 0.0846277 0.0843469 0.0717107 0.0591904 0.104138 0.0238873 0.53995
0.0135877 9.9991E-05 0.0239735 0.133947 0.0328973 0.233607 0.000999562 0.560888
9.9973E-05 0.0233854 0.0832509 9.9973E-05 0.0594487 0.644368 9.9973E-05 0.189247
0.0296386 9.9973E-05 0.0321081 9.9973E-05 0.0511398 0.317573 9.9973E-05 0.569241
0.020701 9.9982E-05 0.0790707 0.0363687 0.0529634 0.458109 9.9982E-05 0.352588
0.000465033 0.0244267 0.0223245 0.0367556 9.9991E-05 0.372741 0.0393811 0.503806
9.9973E-05 0.0357218 9.9973E-05 0.0324065 0.0519798 0.347563 9.9973E-05 0.532029
0.0109459 9.9973E-05 9.9973E-05 9.9973E-05 0.000974075 0.673058 0.123843 0.190879
0.00892743 9.9964E-05 9.9964E-05 9.9964E-05 9.9964E-05 0.603975 0.121516 0.265181
0.000402544 0.0125418 9.9973E-05 9.9973E-05 9.9973E-05 0.567156 0.113207 0.306393
0.0286745 0.390114 9.9982E-05 0.0478916 0.0112562 9.9982E-05 0.00216208 0.519702
0.0369474 9.9964E-05 9.9964E-05 9.9964E-05 9.9964E-05 0.512752 0.0813915 0.368509
0.00370187 0.0223093 9.9982E-05 0.0539184 9.9982E-05 0.480731 0.0664668 0.372673
9.9982E-05 0.00991545 0.0259228 0.12337 0.338158 9.9982E-05 0.0516945 0.450739
0.031141 0.0434695 0.0364792 0.119939 0.419235 0.000677484 0.0147323 0.334326
0.0176089 0.0144501 9.9982E-05 0.0928979 0.39289 9.9982E-05 0.0242527 0.4577
0.0112487 9.9973E-05 0.0882546 0.136471 0.479713 9.9973E-05 9.9973E-05 0.284012
9.9973E-05 0.0597964 9.9973E-05 0.154324 0.287192 9.9973E-05 0.0430745 0.455313
0.0167193 0.233313 0.0801538 0.0439761 0.00718947 0.195114 9.9991E-05 0.423434
0.0114042 9.9964E-05 0.100249 0.24062 0.647327 9.9964E-05 9.9964E-05 9.9964E-05
0.0223211 0.0303258 0.0311817 0.125548 0.501752 0.00172683 9.9991E-05 0.287044
0.0165154 0.33756 0.0488155 0.118712 0.129751 0.0289576 9.9991E-05 0.319588
0.0243414 0.43499 9.9982E-05 0.0720394 0.0202185 9.9982E-05 0.0420602 0.406151
0.0279621 0.558545 9.9982E-05 0.0355698 0.0319762 9.9982E-05 0.0211637 0.324583
0.00497983 0.398241 9.9982E-05 0.0531999 0.035578 9.9982E-05 0.0153103 0.492491
0.0275864 0.295229 0.0050765 0.0941326 0.0203566 9.9982E-05 9.9982E-05 0.557419
0.00725577 0.0334262 9.9973E-05 0.139689 0.479817 9.9973E-05 9.9973E-05 0.339512
0.0190298 9.9982E-05 0.0455238 0.129988 0.329246 0.036127 9.9982E-05 0.439886
0.00588982 0.000983915 9.9973E-05 0.0999128 0.457814 9.9973E-05 9.9973E-05 0.4351
0.00394055 0.0290162 0.0502409 0.145824 0.292318 0.0255754 0.0163687 0.436716
9.9973E-05 9.9973E-05 0.0953007 0.167396 0.474679 0.0144472 9.9973E-05 0.247877
0.0118273 0.0646397 9.9991E-05 0.129687 0.276961 0.0552011 0.0230748 0.438509
0.011407 9.9982E-05 0.0696133 0.11852 0.536887 0.0036522 9.9982E-05 0.259721
0.0107586 0.0713736 0.0372833 0.144766 0.288789 0.0501765 0.00929667 0.387556
0.0103818 0.533695 0.0128585 0.0118718 0.0594286 0.0317851 9.9991E-05 0.33988
0.00989334 0.035512 0.0430322 0.176982 0.30294 0.0267462 0.0212759 0.383618
0.0254723 9.9973E-05 0.0542738 0.189131 0.569795 9.9973E-05 9.9973E-05 0.161027
0.0126148 9.9991E-05 0.0149845 0.124803 0.34547 0.0312107 0.0435404 0.427276
0.0120519 0.66675 9.9982E-05 0.0929919 9.9982E-05 0.0402756 0.0817831 0.105947
0.0105657 0.473833 9.9964E-05 9.9964E-05 0.0391271 9.9964E-05 9.9964E-05 0.476074
0.00332744 0.0382665 0.0164628 0.164037 0.338158 0.00297253 0.0567932 0.379982
0.0278395 0.428502 9.9982E-05 0.0650112 0.0216179 9.9982E-05 0.0370198 0.41981
9.9973E-05 0.487058 9.9973E-05 0.0916547 0.00288893 9.9973E-05 0.0511913 0.366907
0.0412779 0.0116949 0.168059 0.172688 0.191246 0.0485901 9.9991E-05 0.366344
0.0145063 0.0957971 0.091697 0.214407 0.247709 9.9991E-05 0.00296679 0.332817
9.9991E-05 0.185604 0.0364538 0.0926392 0.0837403 0.0672707 0.0381615 0.496031
0.0174591 0.0431779 0.0459423 0.153665 0.253558 0.0238189 9.9991E-05 0.462279
0.00927906 9.9973E-05 9.9973E-05 0.123913 0.414991 9.9973E-05 0.0317235 0.419793
0.0138585 9.9973E-05 0.0407935 0.20584 0.607406 9.9973E-05 9.9973E-05 0.131801
0.043389 0.239795 0.0508252 0.0435644 0.0343672 0.0450165 0.00282438 0.540218
0.0155495 0.579502 9.9973E-05 0.0804799 9.9973E-05 0.0152978 9.9973E-05 0.308871
0.00310383 0.779537 0.173819 0.00488364 0.0383559 9.9973E-05 9.9973E-05 9.9973E-05
0.0341923 0.219769 9.9991E-05 0.125075 0.035348 0.0577686 0.0196557 0.508091
9.9991E-05 0.206408 0.188771 0.0873444 0.0123463 0.00280372 0.109225 0.393002
0.0268256 0.0435642 0.128095 0.187397 0.114889 9.9991E-05 0.0182548 0.480875
0.0195048 0.0819798 0.157055 0.128613 0.110675 9.9991E-05 0.0306341 0.471438
0.0200225 0.0395247 0.459496 0.364928 0.115729 9.9973E-05 9.9973E-05 9.9973E-05
0.0133852 0.104162 0.487652 0.32587 0.0686308 9.9973E-05 9.9973E-05 9.9973E-05
