9.9955E-05 0.0425974 9.9955E-05 0.895598 9.9955E-05 9.9955E-05 9.9955E-05 0.0613044
9.9964E-05 0.00734721 9.9964E-05 0.976896 9.9964E-05 9.9964E-05 0.00727021 0.00808681
9.9973E-05 9.9973E-05 0.0426895 0.854733 9.9973E-05 0.0399754 0.0415869 0.0207152
9.9964E-05 0.0266269 0.132699 0.82084 9.9964E-05 0.0194342 9.9964E-05 9.9964E-05
0.00732634 9.9955E-05 0.0819511 0.910223 9.9955E-05 9.9955E-05 9.9955E-05 9.9955E-05
0.255651 0.00942868 0.0404594 0.61752 9.9982E-05 9.9982E-05 0.00368353 0.0730569
0.22737 9.9946E-05 9.9946E-05 0.77203 9.9946E-05 9.9946E-05 9.9946E-05 9.9946E-05
0.274822 9.9955E-05 9.9955E-05 0.697553 9.9955E-05 9.9955E-05 9.9955E-05 0.0271253
9.99549E-05 0.14355 9.99549E-05 0.790746 9.99549E-05 0.065204 9.99549E-05 9.99549E-05
0.225307 9.9955E-05 9.9955E-05 0.757932 9.9955E-05 9.9955E-05 9.9955E-05 0.0162619
0.218536 9.9964E-05 0.0488973 0.721015 9.9964E-05 9.9964E-05 9.9964E-05 0.0111517
0.0285486 0.464138 0.240646 0.026576 9.9991E-05 0.0467312 0.173724 0.0195365
9.999E-05 0.248264 0.570667 0.0468515 0.0255196 0.0616547 0.0388225 0.00812082
0.00865396 0.447369 0.304866 9.9982E-05 9.9982E-05 0.10876 0.0786792 0.0514719
9.9982E-05 0.413378 0.363677 0.0143693 9.9982E-05 0.127579 0.0396587 0.0411375
0.0345127 0.275554 0.459882 0.0616988 9.9991E-05 0.0453274 0.0166271 0.106297
9.9982E-05 0.182278 0.588749 0.0308203 9.9982E-05 0.126005 0.0590873 0.0128603
0.0154126 0.296552 0.49583 0.0269895 9.9991E-05 0.0339523 0.111862 0.0193009
0.0151435 0.369939 0.329933 0.0586828 9.9991E-05 0.156335 0.0563817 0.0134852
0.11147 0.663721 0.0695968 0.00988948 9.9982E-05 0.0546822 0.0904407 9.9982E-05
0.0483482 0.27479 0.438487 9.9982E-05 9.9982E-05 0.0600201 0.145316 0.0328385
0.107328 0.154112 0.451121 9.9991E-05 0.0681604 0.136673 0.0688633 0.0136414
0.0474659 0.212549 0.53277 0.00826037 0.0183446 0.00246122 0.125334 0.0528141
0.033234 0.385774 0.233817 0.0379516 9.9991E-05 0.10758 0.159024 0.0425188
0.0174625 0.11353 0.644527 0.103758 0.0550455 0.00598066 0.025734 0.0339611
0.0179742 0.219426 0.568855 0.0152031 9.9982E-05 0.10131 0.0770319 9.9982E-05
0.0318704 0.49787 0.261389 0.0431475 9.9982E-05 0.0692844 0.0962385 9.9982E-05
0.0140131 0.399978 0.326668 0.0269623 9.9991E-05 0.0943694 0.113008 0.0249016
0.125928 0.465118 0.221155 9.9973E-05 9.9973E-05 0.0763249 0.111174 9.9973E-05
9.9955E-05 9.9955E-05 0.0766548 0.889517 9.9955E-05 9.9955E-05 9.9955E-05 0.0333282
9.9955E-05 9.9955E-05 0.115951 0.875819 9.9955E-05 9.9955E-05 9.9955E-05 0.00773065
9.9973E-05 0.0100612 0.0761289 0.786866 9.9973E-05 0.0143878 9.9973E-05 0.112256
9.9964E-05 9.9964E-05 0.176602 0.729439 9.9964E-05 0.0441086 9.9964E-05 0.0494511
0.219533 0.0435864 0.455192 0.0749716 9.9973E-05 9.9973E-05 0.206417 9.9973E-05
0.0639937 0.0831531 0.472372 0.0975913 9.9982E-05 9.9982E-05 0.250631 0.0320592
0.00627153 9.9982E-05 0.542753 0.0269016 0.026103 9.9982E-05 0.39257 0.00520079
9.9982E-05 0.626489 0.203395 0.038774 0.035253 0.0262545 0.0696345 9.9982E-05
0.0338134 9.9982E-05 0.256965 9.9982E-05 0.0514057 0.0484525 0.588013 0.0211505
9.9982E-05 0.0733211 0.485763 0.0989752 0.0497503 9.9982E-05 0.248955 0.0430349
0.0809487 9.9964E-05 0.659468 0.0364119 9.9964E-05 9.9964E-05 0.222772 9.9964E-05
0.440414 0.000550289 0.447415 0.0844731 9.9982E-05 9.9982E-05 0.0156358 0.0113115
0.176751 0.089888 0.560522 0.0767676 9.9982E-05 9.9982E-05 0.0745576 0.0213141
9.9964E-05 0.12222 0.160409 0.0308271 9.9964E-05 9.9964E-05 0.686144 9.9964E-05
0.311279 0.0239442 0.588379 0.0287168 9.9982E-05 0.022425 9.9982E-05 0.0250561
0.0536256 0.0228691 0.555888 0.0375345 9.9991E-05 0.0373301 0.247727 0.0449263
0.121686 0.0320667 0.632151 0.112054 9.9982E-05 0.0124506 0.0893912 9.9982E-05
9.9964E-05 9.9964E-05 0.337795 9.9964E-05 0.0541265 0.0366361 0.571042 9.9964E-05
0.0139651 0.0193603 0.575554 0.0984226 9.9982E-05 0.0034343 0.289064 9.9982E-05
0.0215305 0.0527145 0.4997 0.140189 0.0331967 9.9991E-05 0.177361 0.0752089
0.103438 0.00202168 9.9973E-05 9.9973E-05 0.0773341 0.130436 0.68647 9.9973E-05
0.102242 0.58723 0.183394 9.9973E-05 0.0116857 9.9973E-05 0.115148 9.9973E-05
0.0921239 0.249428 0.134844 9.9991E-05 0.186525 0.134646 0.15923 0.0431025
0.0367879 0.132733 0.561501 0.0745911 0.0444056 0.0421348 0.0731053 0.0347411
0.0582422 0.158721 0.578328 9.9982E-05 0.0650149 0.0848103 9.9982E-05 0.0546838
0.0150755 0.0431148 0.620981 0.11209 0.12359 0.0446645 0.0403837 9.9991E-05
0.05019 0.510789 0.218298 0.0807679 9.9982E-05 0.0363748 0.10338 9.9982E-05
9.9973E-05 0.293933 0.601796 9.9973E-05 0.0342048 0.0513645 0.0184021 9.9973E-05
9.9991E-05 0.134627 0.586674 0.0611104 0.0292651 0.0626907 0.0940218 0.0315104
0.0260609 0.267301 0.406398 0.111623 0.0547661 0.0529394 0.064779 0.0161336
0.11245 0.448791 0.143483 0.127871 9.9991E-05 0.0581637 0.0818074 0.0273348
0.0767666 0.144747 0.546924 0.0605955 0.0300014 0.0388111 0.092678 0.00947591
9.9982E-05 0.22735 0.503137 0.0350186 0.0904086 0.080762 0.0631239 9.9982E-05
0.132265 0.540317 0.0891356 0.0435128 9.9982E-05 0.0705238 0.124045 9.9982E-05
9.9973E-05 0.368517 0.47997 9.9973E-05 0.0554115 0.0133233 0.0824784 9.9973E-05
0.0108786 0.101226 0.583752 0.0202615 0.102006 0.0715749 0.0786264 0.0316753
0.0563926 0.162595 0.618313 0.0859924 0.0560402 0.0204669 9.9982E-05 9.9982E-05
0.0836461 0.377259 0.305677 0.0501379 9.9991E-05 0.0287727 0.123452 0.0309559
0.00342146 0.2221 0.492066 0.0147018 0.0950509 0.0401417 0.0982491 0.0342689
9.9991E-05 0.183947 0.574698 0.0379775 0.0621772 0.0664124 0.0701365 0.00455221
0.0385 0.469656 0.256301 0.00551817 0.0036698 0.0849049 0.14135 9.9991E-05
9.9955E-05 9.9955E-05 0.493626 0.0416905 9.9955E-05 9.9955E-05 0.464184 9.9955E-05
9.9964E-05 0.0626214 0.217873 0.0317378 9.9964E-05 9.9964E-05 0.687367 9.9964E-05
9.9982E-05 0.0472251 0.528246 0.0865885 9.9982E-05 0.0862689 0.225768 0.0257036
9.9964E-05 9.9964E-05 9.9964E-05 9.9964E-05 0.0683534 0.04849 0.879449 0.00330728
0.010063 9.9964E-05 9.9964E-05 9.9964E-05 0.0966981 0.0371093 0.85573 9.9964E-05
9.9955E-05 9.9955E-05 0.228767 9.9955E-05 0.0893836 9.9955E-05 0.681349 9.9955E-05
9.9964E-05 0.0606039 0.467092 0.0442196 9.9964E-05 9.9964E-05 0.427685 9.9964E-05
9.9991E-05 0.0643359 0.554871 0.107869 0.0672788 0.0305956 0.120271 0.0546788
9.9964E-05 9.9964E-05 0.489259 9.9964E-05 0.0491666 0.0127062 0.448468 9.9964E-05
9.9964E-05 0.145271 0.162458 0.0499361 9.9964E-05 9.9964E-05 0.641935 9.9964E-05
0.018779 0.13517 0.276806 0.0324439 9.9973E-05 9.9973E-05 0.536502 9.9973E-05
9.9991E-05 0.0631584 0.518208 0.0672187 0.0515484 0.0100191 0.250978 0.0387689
9.9973E-05 0.0558246 0.320553 0.0333816 9.9973E-05 9.9973E-05 0.577613 0.0123283
9.9964E-05 0.0784477 0.462109 0.0128566 9.9964E-05 9.9964E-05 0.446186 9.9964E-05
0.00550318 9.9973E-05 0.466182 9.9973E-05 0.0359928 0.0341661 0.457856 9.9973E-05
9.9955E-05 9.9955E-05 9.9955E-05 9.9955E-05 0.151211 0.163662 0.684628 9.9955E-05
0.00959085 9.9991E-05 0.625459 0.0161894 0.0248333 0.0267635 0.281217 0.0158467
9.9964E-05 0.0629731 0.0722375 0.806826 9.9964E-05 0.0575638 9.9964E-05 9.9964E-05
9.9955E-05 9.9955E-05 0.0638434 0.891265 9.9955E-05 0.0443921 9.9955E-05 9.9955E-05
9.9964E-05 9.9964E-05 0.125718 0.828038 9.9964E-05 0.0221001 9.9964E-05 0.0237441
9.9955E-05 9.9955E-05 9.9955E-05 0.904828 9.9955E-05 0.0431199 9.9955E-05 0.0515526
9.9964E-05 9.9964E-05 9.9964E-05 0.955397 0.01729 0.00490369 9.9964E-05 0.0220097
9.99646E-05 9.99646E-05 0.0773217 0.870699 0.00854439 9.99646E-05 9.99646E-05 0.0430354
9.9955E-05 9.9955E-05 0.0650464 0.927336 9.9955E-05 9.9955E-05 9.9955E-05 0.00711772
9.9991E-05 0.0516753 0.504438 0.084949 0.00569911 0.0587524 0.223745 0.0706415
0.00790831 0.0611096 0.54444 0.1144 0.0338804 0.0184943 0.145924 0.0738425
9.9964E-05 0.166753 0.0403033 0.0651129 9.9964E-05 9.9964E-05 0.727431 9.9964E-05
0.072507 0.0835292 0.625647 0.030394 9.9991E-05 0.0425001 0.136558 0.00876561
9.9964E-05 0.0746768 0.406348 0.0512099 9.9964E-05 9.9964E-05 0.467366 9.9964E-05
0.0282373 0.0319724 0.515339 0.0815796 9.9973E-05 9.9973E-05 0.342572 9.9973E-05
0.100535 0.0342649 0.536536 0.00469676 0.0554077 9.9982E-05 0.26836 9.9982E-05
9.9982E-05 0.0228445 0.493786 0.0315632 0.0750095 9.9982E-05 0.349324 0.027273
9.9955E-05 0.216565 9.9955E-05 0.0499526 9.9955E-05 9.9955E-05 0.732982 9.9955E-05
0.0321748 0.0781789 0.531011 0.104325 0.0760057 9.9991E-05 0.14182 0.036385
0.0529619 0.00824798 0.63496 0.0815307 9.9982E-05 0.0298651 0.192235 9.9982E-05
0.0609386 0.0577318 0.60121 0.0604883 0.0345333 0.0346909 0.108908 0.0414994
0.0862801 9.9982E-05 0.215189 9.9982E-05 0.0632356 0.04433 0.549224 0.0415421
0.0121149 9.9982E-05 0.452023 0.0195073 0.10225 9.9982E-05 0.411164 0.00274034
0.0176684 0.105303 0.484064 0.027176 0.000260128 9.9982E-05 0.365328 9.9982E-05
0.0311842 9.9973E-05 0.36246 9.9973E-05 0.0532807 9.9973E-05 0.543385 0.00938998
9.9964E-05 0.117385 0.440143 0.0313903 9.9964E-05 9.9964E-05 0.410682 9.9964E-05
0.025517 0.0767677 0.513767 0.0815836 0.0130156 0.0453183 0.219001 0.0250293
9.9973E-05 0.390459 0.308499 9.9973E-05 0.137278 0.147982 9.9973E-05 0.0154818
0.0689348 0.325191 0.471016 0.0641762 9.9982E-05 0.0369819 0.0335 9.9982E-05
9.9991E-05 0.192415 0.570591 0.109178 0.0308022 0.0499197 0.00439556 0.0425994
0.00412276 0.134269 0.576387 0.0466323 0.0233818 0.0875699 0.0954303 0.0322071
0.114185 0.352257 0.444683 0.00236061 0.0284587 9.9991E-05 0.0384004 0.0195546
0.0451523 0.222608 0.621289 0.0297656 0.0533687 0.0172148 0.0105014 9.9991E-05
9.9982E-05 0.420237 0.502748 0.0373185 0.00553044 0.0221843 0.0117817 9.9982E-05
0.00780066 0.146926 0.571565 0.0299455 0.0847346 0.120011 0.0389175 9.9991E-05
9.9982E-05 0.145661 0.633907 0.065641 0.0377552 0.0581119 0.0587244 9.9982E-05
0.0659341 0.248178 0.596443 0.0124217 0.0224315 0.0482683 9.9991E-05 0.00622268
0.0661217 0.288018 0.561377 0.0320143 0.010848 9.9982E-05 0.0414208 9.9982E-05
0.0394604 0.128418 0.639134 0.0729365 0.107284 0.00707884 9.9991E-05 0.00558806
0.0336004 0.137895 0.583683 0.0768269 0.0541781 0.0506059 0.0287842 0.0344261
0.0586283 0.180598 0.617108 0.00910344 0.0646006 0.0275643 9.9991E-05 0.0422973
0.0538031 0.148033 0.583356 0.0571579 0.0597885 0.0900315 9.9991E-05 0.00772986
9.9991E-05 0.207183 0.590419 0.0101434 0.135424 0.0162294 0.00235704 0.0381441
0.066 0.254388 0.311267 0.0248297 0.121788 0.166454 0.0225867 0.0326852
9.9982E-05 0.174445 0.65073 0.0299841 0.0790056 0.0549002 0.0107352 9.9982E-05
0.00481618 0.156277 0.655973 0.0155964 0.0931336 0.073374 9.9991E-05 0.000729265
0.0577998 0.56444 0.232194 9.9991E-05 0.0249338 0.0283995 0.0819478 0.010185
0.0177275 0.310377 0.193892 9.9982E-05 0.236824 0.154296 0.0866841 9.9982E-05
0.0537533 0.238531 0.504692 0.0168332 0.0643586 0.0300267 0.0655548 0.0262503
0.0103278 0.327725 0.076586 9.9982E-05 0.335371 0.127004 0.122785 9.9982E-05
0.00417254 0.511821 0.345642 0.000345668 0.0431642 0.0300917 0.0646621 9.9991E-05
9.9964E-05 0.423623 0.440885 9.9964E-05 0.0585996 9.9964E-05 0.0764933 9.9964E-05
9.9973E-05 0.49058 0.378043 9.9973E-05 0.00432998 0.030231 0.0965159 9.9973E-05
0.0749367 0.501099 0.342257 9.9973E-05 0.0241776 9.9973E-05 0.0572299 9.9973E-05
0.0558567 0.210723 0.580968 0.0231897 9.9982E-05 0.079168 0.0498949 9.9982E-05
0.0570129 0.193081 0.568638 0.0682791 0.0569109 9.9991E-05 0.0240474 0.0319313
0.0119273 0.216475 0.624512 0.0221066 0.0505859 0.0217439 0.0346006 0.0180491
0.0306062 0.378329 0.201963 9.9982E-05 0.194602 0.107818 0.0864813 9.9982E-05
0.0842691 0.0855559 0.450277 0.132505 0.0801776 0.0234875 0.0611323 0.0825962
0.185796 0.0198187 0.47842 0.0662424 0.11865 0.101023 0.0299499 9.9991E-05
0.299066 0.0683786 9.9973E-05 9.9973E-05 0.179935 0.322926 0.129394 9.9973E-05
0.140902 0.0666379 0.559252 0.014392 0.0256617 0.086179 0.0442495 0.062726
0.241759 0.0742348 0.301765 0.0211969 0.108574 0.152521 0.0884383 0.0115104
0.119535 0.0388215 0.512418 0.0962679 0.0608034 0.0968477 0.027387 0.0479199
0.381983 0.0634925 0.179843 0.0291081 0.0842789 0.17802 0.0831743 9.9991E-05
0.370002 0.118307 0.00974078 9.9982E-05 0.168675 0.226934 0.106141 9.9982E-05
0.269746 0.0940372 0.348438 9.9991E-05 0.120679 0.0836507 0.0718435 0.0115057
0.175478 0.0927253 0.393754 0.083716 0.0476377 0.02546 0.0883538 0.0928759
0.130166 0.124871 0.462518 0.0613799 0.0274246 0.130105 0.0634357 9.9991E-05
0.14416 0.0899372 0.118104 9.9991E-05 0.207899 0.245312 0.186334 0.0081545
0.132401 0.0672655 0.50715 0.0842271 0.0674727 0.0437096 0.0508223 0.0469514
0.306188 0.102865 0.259645 9.9982E-05 0.139516 0.0900106 0.101576 9.9982E-05
0.145278 0.0521537 0.413512 9.9982E-05 0.139174 0.119388 0.130294 9.9982E-05
0.109281 0.0580279 0.539295 0.0769319 0.0292655 0.0945824 0.0632922 0.0293237
0.101412 0.00134706 0.194156 0.289035 9.9982E-05 0.233475 9.9982E-05 0.180375
0.0987045 9.9964E-05 9.9964E-05 0.335698 9.9964E-05 0.496315 9.9964E-05 0.0688826
0.0955796 9.9973E-05 9.9973E-05 0.312668 0.0263139 0.495186 9.9973E-05 0.0699529
0.141654 0.0279458 0.0983603 0.232889 9.9982E-05 0.292711 9.9982E-05 0.206241
0.286621 9.9964E-05 0.546582 9.9964E-05 0.0827891 9.9964E-05 0.083609 9.9964E-05
0.0693087 0.0864161 0.649362 0.068695 0.0411226 0.0388076 0.0461876 9.9991E-05
9.9955E-05 0.025429 0.326789 9.9955E-05 9.9955E-05 9.9955E-05 9.9955E-05 0.647282
0.0205187 0.0540232 0.337346 0.0710001 0.0152381 9.9991E-05 0.0703747 0.4314
0.00741398 0.0704412 0.311736 0.0767184 0.0678491 9.9991E-05 0.0674953 0.398246
0.41599 0.0450057 0.168724 9.9991E-05 0.23957 0.0648798 0.059989 0.00574196
0.0900794 0.096093 0.464848 0.0566943 0.0612724 0.105039 0.096691 0.0292834
0.501276 0.071561 0.162804 9.9982E-05 0.188322 0.0542462 0.0215907 9.9982E-05
0.282632 0.00494682 0.523645 0.0162639 0.0421977 0.0629538 0.0672611 9.9991E-05
0.258437 9.9973E-05 0.414402 9.9973E-05 0.19048 0.102301 0.034081 9.9973E-05
0.373349 9.9964E-05 0.499122 9.9964E-05 0.124728 9.9964E-05 9.9964E-05 0.00240203
0.531306 9.9973E-05 0.104631 9.9973E-05 0.206621 0.0981928 0.0589488 9.9973E-05
0.199509 9.9991E-05 0.610244 0.0763456 0.0503073 0.0167735 0.0435451 0.00317584
0.213459 0.0178326 0.552877 0.0656605 0.0564021 9.9991E-05 0.0600595 0.0336102
9.9964E-05 9.9964E-05 0.00691313 9.9964E-05 0.00738799 9.9964E-05 0.0167138 0.968585
9.9964E-05 9.9964E-05 0.0486685 9.9964E-05 0.0253039 9.9964E-05 0.0149338 0.910694
0.027763 0.0180392 0.277503 0.0834469 0.0223708 9.9991E-05 0.00187013 0.568907
0.00122651 0.0213605 0.335036 0.00477204 9.9973E-05 9.9973E-05 9.9973E-05 0.637305
9.9964E-05 0.0565073 0.154088 9.9964E-05 9.9964E-05 9.9964E-05 0.00242148 0.786584
9.994E-05 9.994E-05 9.994E-05 9.994E-05 9.994E-05 9.994E-05 9.994E-05 0.9993
9.9946E-05 0.0337248 9.9946E-05 9.9946E-05 9.9946E-05 9.9946E-05 9.9946E-05 0.965676
9.9964E-05 0.00492949 0.141653 9.9964E-05 9.9964E-05 9.9964E-05 0.00570194 0.847316
9.9955E-05 0.0427512 9.9955E-05 9.9955E-05 9.9955E-05 9.9955E-05 0.00683208 0.949917
9.994E-05 9.994E-05 9.994E-05 9.994E-05 9.994E-05 9.994E-05 9.994E-05 0.9993
9.994E-05 9.994E-05 9.994E-05 9.994E-05 9.994E-05 9.994E-05 9.994E-05 0.9993
0.00606335 0.0255048 0.219148 0.0141978 9.9973E-05 9.9973E-05 9.9973E-05 0.734787
9.9982E-05 0.0295458 0.119526 0.0515468 9.9982E-05 0.00265281 0.00243783 0.794091
9.994E-05 9.994E-05 9.994E-05 9.994E-05 9.994E-05 9.994E-05 9.994E-05 0.9993
0.0484963 0.06736 0.357759 0.0854465 0.0273195 9.9991E-05 0.0592895 0.354229
9.9982E-05 0.0123016 0.256731 0.0566488 9.9982E-05 0.00461106 0.0122375 0.65727
9.9973E-05 0.0145614 0.153145 0.0344271 9.9973E-05 9.9973E-05 0.00512938 0.792437
0.00498263 9.9973E-05 0.0782503 0.00666615 9.9973E-05 9.9973E-05 0.00116906 0.908632
9.994E-05 9.994E-05 9.994E-05 9.994E-05 9.994E-05 9.994E-05 9.994E-05 0.9993
9.9955E-05 9.9955E-05 0.0394819 0.013304 9.9955E-05 9.9955E-05 9.9955E-05 0.946714
9.994E-05 9.994E-05 9.994E-05 9.994E-05 9.994E-05 9.994E-05 9.994E-05 0.9993
0.0112543 9.9982E-05 0.25665 0.0643198 9.9982E-05 0.00899113 0.0610992 0.597486
9.9955E-05 9.9955E-05 9.9955E-05 9.9955E-05 9.9955E-05 0.00403494 0.0189746 0.976491
0.507754 9.9973E-05 9.9973E-05 0.159523 0.0410517 0.277487 9.9973E-05 0.0138843
0.358891 0.0342155 0.276948 0.120039 9.9982E-05 0.0975675 9.9982E-05 0.11214
0.311439 9.9982E-05 0.435215 0.112997 0.0397051 0.0739176 9.9982E-05 0.0265267
0.488336 9.9982E-05 0.112397 0.0990566 0.0170426 0.178242 9.9982E-05 0.104726
0.179173 0.0118956 0.420655 0.113554 9.9991E-05 0.114721 0.0485645 0.111336
0.518284 9.9973E-05 9.9973E-05 0.177471 0.025962 0.149411 9.9973E-05 0.128572
0.15125 0.0736136 0.39091 0.109525 0.0824119 0.110684 9.9991E-05 0.0815047
0.372917 9.9982E-05 0.247144 0.111461 0.0285729 0.128755 9.9982E-05 0.11095
0.256092 0.0136474 0.424395 0.106122 0.000899229 0.090359 0.00517351 0.103311
0.340235 9.9991E-05 0.29969 0.0912753 0.00248822 0.126756 0.00906542 0.130391
0.174378 0.0272502 0.402105 0.141038 0.0130049 0.102653 0.0299762 0.109595
0.0405958 9.9973E-05 0.0477886 0.887452 9.9973E-05 0.0157647 0.00809935 9.9973E-05
9.9964E-05 9.9964E-05 9.9964E-05 0.885674 0.0232215 0.0293769 9.9964E-05 0.0613276
9.9964E-05 0.0070424 0.0303102 0.928033 9.9964E-05 0.0342145 9.9964E-05 9.9964E-05
9.9955E-05 9.9955E-05 9.9955E-05 0.92698 9.9955E-05 0.0663979 0.00612188 9.9955E-05
9.9964E-05 0.017116 0.0609459 0.908253 9.9964E-05 0.0132855 9.9964E-05 9.9964E-05
9.9955E-05 9.9955E-05 0.00215129 0.955236 9.9955E-05 0.0421131 9.9955E-05 9.9955E-05
9.9973E-05 0.00264286 0.0708941 0.920871 9.9973E-05 0.0011978 9.9973E-05 0.00409451
9.9973E-05 0.0231563 0.0142001 0.91529 0.000893459 0.0461601 9.9973E-05 9.9973E-05
9.9973E-05 0.00202047 0.025628 0.890261 9.9973E-05 0.045421 0.0363699 9.9973E-05
9.9955E-05 9.9955E-05 0.0328021 0.853995 9.9955E-05 0.112703 9.9955E-05 9.9955E-05
0.0961697 0.25165 9.9973E-05 0.581241 9.9973E-05 0.00543177 0.0652085 9.9973E-05
0.0193795 0.333043 9.9982E-05 0.615384 0.00385378 0.00777915 0.0203612 9.9982E-05
0.0765993 0.321239 9.9982E-05 0.510447 0.00578005 0.0514199 0.0343148 9.9982E-05
0.162705 0.379523 9.9964E-05 0.430344 9.9964E-05 9.9964E-05 0.027028 9.9964E-05
0.00741534 0.106446 0.469473 0.0853993 9.9982E-05 0.0263886 0.304677 9.9982E-05
9.9982E-05 0.132349 0.494886 0.0498521 0.0140351 9.9982E-05 0.301507 0.00717114
9.9973E-05 0.152858 0.55183 0.0560793 9.9973E-05 9.9973E-05 0.237501 0.00143167
9.9973E-05 0.300759 0.35683 0.0145912 9.9973E-05 0.010735 0.316784 9.9973E-05
0.0774469 0.604704 0.215431 9.9982E-05 0.042825 0.020805 0.0385883 9.9982E-05
9.9973E-05 0.0397115 0.665103 0.0200092 0.0872784 9.9973E-05 0.187598 9.9973E-05
9.9973E-05 0.103498 0.588136 9.9973E-05 0.0144133 9.9973E-05 0.280475 0.0131777
0.0659229 0.0414366 0.519867 9.9982E-05 0.0605951 0.0337695 0.278209 9.9982E-05
9.9955E-05 9.9955E-05 0.366308 9.9955E-05 0.113207 9.9955E-05 0.519984 9.9955E-05
9.9991E-05 0.0894398 0.585721 0.0228142 0.0355868 0.0846635 0.171687 0.00998752
0.00889265 0.0818291 0.419685 0.0100672 9.9973E-05 9.9973E-05 0.479226 9.9973E-05
9.9955E-05 9.9955E-05 9.9955E-05 9.9955E-05 0.187213 0.0181905 0.794096 9.9955E-05
9.9973E-05 0.141925 0.56939 0.088983 0.0624176 9.9973E-05 0.136985 9.9973E-05
9.9964E-05 9.9964E-05 0.142766 9.9964E-05 0.147857 0.0646472 0.64433 9.9964E-05
0.0400728 0.0110613 0.492094 0.0340169 0.0906195 9.9991E-05 0.326968 0.00506693
9.9964E-05 0.186492 0.146496 0.0216317 9.9964E-05 9.9964E-05 0.64498 9.9964E-05
0.187435 0.682361 9.9955E-05 0.129705 9.9955E-05 9.9955E-05 9.9955E-05 9.9955E-05
0.196548 0.65079 0.0389354 0.106376 0.00705039 9.9973E-05 9.9973E-05 9.9973E-05
0.218724 0.703199 0.00303165 0.0746457 9.9964E-05 9.9964E-05 9.9964E-05 9.9964E-05
0.140927 0.73868 9.9955E-05 0.119893 9.9955E-05 9.9955E-05 9.9955E-05 9.9955E-05
0.142177 0.724309 0.0930755 0.0400392 9.9964E-05 9.9964E-05 9.9964E-05 9.9964E-05
0.176706 0.682584 0.0399712 0.0511679 9.9973E-05 9.9973E-05 9.9973E-05 0.0492712
9.9973E-05 0.00528384 0.00554449 0.858341 9.9973E-05 9.9973E-05 0.0481209 0.0824099
9.9973E-05 0.0238237 0.107114 0.819759 9.9973E-05 0.0291296 0.0198738 9.9973E-05
9.9964E-05 9.9964E-05 0.16649 0.764709 9.9964E-05 0.0597313 9.9964E-05 0.00867015
9.9973E-05 0.0190139 0.0114004 0.830347 9.9973E-05 9.9973E-05 0.0586539 0.0802846
0.0120034 9.9982E-05 0.145022 0.788442 9.9982E-05 0.0154182 0.0129089 0.0260058
0.101253 0.487362 9.9955E-05 0.410886 9.9955E-05 9.9955E-05 9.9955E-05 9.9955E-05
0.090714 0.456599 9.9964E-05 0.449664 0.00262363 9.9964E-05 9.9964E-05 9.9964E-05
0.018557 0.477472 0.0119341 0.448118 0.043619 9.9973E-05 9.9973E-05 9.9973E-05
9.9982E-05 0.0321594 0.102285 0.840546 0.00545237 9.9982E-05 0.00694033 0.0124165
0.0356057 0.494253 9.9982E-05 0.40095 0.0343621 9.9982E-05 0.0262549 0.00837465
9.9964E-05 9.9964E-05 0.330442 0.169951 9.9964E-05 0.251843 9.9964E-05 0.247364
9.9982E-05 0.00937067 0.57279 0.121967 9.9982E-05 0.0968439 0.0506617 0.148167
9.9964E-05 9.9964E-05 0.57066 0.197042 9.9964E-05 0.0361086 9.9964E-05 0.19579
0.0777566 9.9982E-05 0.309391 0.216228 0.0532765 0.12259 9.9982E-05 0.220558
0.0192821 0.054741 0.46806 0.137783 0.0587511 0.0635161 0.0673398 0.130527
0.0380827 9.9982E-05 0.000487244 0.321909 0.0202745 0.397497 9.9982E-05 0.22155
0.0938437 0.391645 0.445785 9.9973E-05 0.0361606 9.9973E-05 0.0322659 9.9973E-05
0.0784051 0.229481 0.413591 9.9982E-05 0.173961 0.0455954 0.0587666 9.9982E-05
0.0243403 0.507343 0.295396 0.0111309 0.0469503 0.00485196 0.109888 9.9991E-05
0.0316132 0.16454 0.499941 9.9982E-05 0.2001 0.0508955 0.0527112 9.9982E-05
0.0287898 0.336233 9.9973E-05 9.9973E-05 0.437613 0.121569 0.0754954 9.9973E-05
0.0741836 0.148013 0.61409 0.0436728 0.0110853 0.0807312 0.0227945 0.0054291
0.0236123 0.144953 0.527495 0.00655161 0.192016 0.0380085 0.0467728 0.0205912
0.0546081 0.460235 0.373846 0.0066842 9.9982E-05 0.0554284 0.048999 9.9982E-05
0.0310568 0.173491 0.590064 0.0838022 0.0526272 0.0368094 0.0320503 9.9991E-05
0.108172 0.277563 0.123419 9.9982E-05 0.189445 0.139468 0.161733 9.9982E-05
0.0449058 0.14793 0.562937 0.00509426 0.150191 0.061588 0.0272542 9.9991E-05
0.0202202 0.31906 0.484568 0.00748932 0.0325911 0.0619362 0.0740357 9.9991E-05
0.00587852 0.0615634 0.442459 0.0599818 0.0819892 0.174314 0.0713543 0.102459
9.9973E-05 0.238736 0.339081 9.9973E-05 0.153901 0.147335 0.120648 9.9973E-05
0.035215 0.204326 0.405832 9.9982E-05 0.196032 0.0632945 0.0951006 9.9982E-05
0.0452305 0.176741 0.569303 9.9991E-05 0.155806 0.0130105 0.0246186 0.0151904
0.00628119 0.196267 0.552877 9.9982E-05 0.129847 0.0365944 0.0779333 9.9982E-05
0.0539601 0.114711 0.624145 0.0306308 0.130121 0.0156344 9.9991E-05 0.0306977
0.0867279 0.149525 0.519994 0.0941062 0.0259612 9.9991E-05 0.0582122 0.0653732
0.00496239 0.14901 0.57376 0.0663965 0.0511787 0.053044 0.101549 9.9991E-05
9.9955E-05 9.9955E-05 0.132782 0.842714 9.9955E-05 9.9955E-05 9.9955E-05 0.0240039
9.9955E-05 9.9955E-05 0.109954 0.885402 9.9955E-05 9.9955E-05 9.9955E-05 0.00414442
0.0257481 9.9982E-05 0.0579993 0.866887 0.00588862 0.0259876 0.0172895 9.9982E-05
9.9982E-05 0.017886 0.010681 0.892478 0.00464465 9.9982E-05 0.00411291 0.0699975
9.9955E-05 9.9955E-05 0.0852599 0.903422 9.9955E-05 9.9955E-05 9.9955E-05 0.0108179
0.0377762 0.578065 0.153584 9.9982E-05 0.0153474 0.0965886 0.118439 9.9982E-05
9.9982E-05 0.160503 0.529242 9.9982E-05 0.13022 0.10038 0.0308489 0.0486053
0.070297 0.00771748 0.414294 0.22142 0.0533524 0.0368612 0.029073 0.166985
9.9991E-05 0.196615 0.683594 0.0129707 0.0432083 0.0391309 0.0137421 0.0106395
9.9964E-05 0.367731 0.517156 9.9964E-05 9.9964E-05 0.0647636 0.0499501 9.9964E-05
0.0342171 0.271012 0.264722 9.9982E-05 0.164782 0.157924 0.107143 9.9982E-05
9.9982E-05 0.719255 0.0360016 0.0285011 0.000991503 0.102983 0.112068 9.9982E-05
0.0305358 0.359882 0.473273 0.0741129 9.9982E-05 9.9982E-05 0.0587652 0.00323137
0.0274289 0.585334 0.284016 0.0438667 0.0102534 0.0311444 9.9991E-05 0.0178567
0.0545823 0.214598 0.505074 0.00675509 0.0630026 0.0815031 0.074385 9.9991E-05
0.0298126 0.587298 0.181546 0.0555631 0.0538732 0.0798186 0.0119887 9.9991E-05
9.9991E-05 0.261918 0.520416 0.0361095 0.018348 0.0392083 0.0250137 0.0988862
0.0752392 0.566462 0.189467 0.0278597 9.9982E-05 0.0515494 0.0892228 9.9982E-05
9.9982E-05 0.274346 0.261994 9.9982E-05 0.17668 0.109687 0.104996 0.0720963
0.239765 0.0867442 0.504833 0.0638598 0.0581752 0.0237282 0.00736418 0.0155295
0.530159 0.0640073 0.216824 9.9982E-05 0.128001 0.000653703 0.0601551 9.9982E-05
0.295673 0.023732 0.505025 0.0344203 0.0859464 0.0384607 0.0166421 9.9991E-05
0.168315 0.0139914 0.530483 0.0538456 0.0553134 0.156603 0.0213488 9.9991E-05
0.592377 0.0410155 0.162414 9.9982E-05 0.104508 0.0542913 0.0451948 9.9982E-05
0.156196 0.0370527 0.538305 0.0874783 0.101201 0.00655734 0.06531 0.00789905
0.311282 0.0380332 0.473971 0.0183384 0.0718866 0.0134196 0.0729693 9.9991E-05
0.533252 9.9973E-05 0.0397177 9.9973E-05 0.232868 0.0824269 0.111436 9.9973E-05
0.689906 0.0137215 0.0669001 9.9982E-05 0.11437 0.0672148 0.0476878 9.9982E-05
0.415125 0.0555376 0.379935 9.9982E-05 0.0614442 0.0594402 0.0283179 9.9982E-05
0.650386 0.025056 9.9973E-05 9.9973E-05 0.158341 0.0186381 0.147279 9.9973E-05
0.419019 0.0903508 0.354843 9.9982E-05 0.0561524 0.0186627 0.0607717 9.9982E-05
9.9982E-05 0.646196 0.17242 9.9982E-05 0.012935 0.0486073 0.112246 0.00739567
9.9982E-05 0.371632 0.211313 9.9982E-05 0.2459 0.140223 0.00468235 0.0260503
9.9982E-05 0.402695 0.385367 0.0352191 0.0366444 9.9982E-05 0.0681783 0.0716958
9.9991E-05 0.250702 0.610525 0.015889 0.00538392 0.0851513 0.031669 0.000580512
9.9973E-05 0.572124 0.251557 9.9973E-05 9.9973E-05 0.0226159 0.146375 0.00702752
9.9982E-05 0.184985 0.544846 0.035106 0.0870635 0.0878562 0.0599435 9.9982E-05
0.0148356 0.260408 0.568724 0.0390592 0.0309322 0.0621949 0.0237453 9.9991E-05
9.9982E-05 0.22437 0.537947 9.9982E-05 0.129555 0.0539982 0.0333311 0.020599
9.9982E-05 0.270759 0.504806 9.9982E-05 0.0692394 0.0387044 0.0652377 0.0510537
9.9973E-05 0.42437 0.486133 9.9973E-05 0.0471429 0.0250848 0.0169698 9.9973E-05
9.9982E-05 0.484421 0.313476 9.9982E-05 0.0435007 0.0514348 0.0949587 0.0120094
9.9973E-05 0.462349 0.413425 9.9973E-05 0.0532326 9.9973E-05 0.0462026 0.0244912
9.9973E-05 0.181912 0.60561 9.9973E-05 0.112112 0.0703459 0.0297199 9.9973E-05
0.0236827 0.16589 0.654888 0.00833168 0.0245367 0.0895538 9.9991E-05 0.0330171
9.9982E-05 0.289939 0.310141 9.9982E-05 0.106054 0.149121 0.0703063 0.0742395
9.9982E-05 0.225331 0.473074 9.9982E-05 0.140507 0.0516463 0.0416115 0.0676305
0.0092687 0.451807 0.412507 0.016127 0.0180979 0.0207086 0.049062 0.0224219
9.9973E-05 0.272386 0.60432 9.9973E-05 0.0439674 0.0787917 9.9973E-05 0.000235608
9.9982E-05 0.298943 0.479019 0.053634 0.051587 9.9982E-05 0.0574565 0.0591597
0.10432 0.17819 0.52292 0.063507 9.9991E-05 0.039964 0.0596414 0.0313581
0.0205846 0.0254259 0.468717 0.337466 9.9982E-05 0.0638254 9.9982E-05 0.0837805
9.9991E-05 0.0110434 0.617853 0.050242 0.0228919 0.230235 0.00784117 0.0597939
0.076803 0.0901741 0.385637 0.144239 0.0576133 0.0921342 0.0332527 0.120147
0.00393365 0.0167811 0.555151 0.105959 0.113202 0.10731 0.016145 0.0815172
9.9982E-05 9.9982E-05 0.503894 0.115536 0.0391044 0.203142 0.00741239 0.130712
0.0643548 0.160068 0.497746 9.9982E-05 0.172529 0.0582693 0.0468323 9.9982E-05
0.0330532 0.0488297 0.485694 0.0905101 9.9991E-05 0.101914 0.0929909 0.146908
0.0452622 0.115194 0.0954105 0.0873203 0.0886375 0.41464 0.0551247 0.0984108
0.0889897 0.0715656 0.546651 0.0564732 9.9982E-05 0.166005 9.9982E-05 0.070115
0.0182715 0.0699493 0.559341 0.078104 0.030871 0.130004 9.9991E-05 0.113359
0.0362414 0.0100462 0.589192 0.10244 9.9991E-05 0.0846009 0.0747976 0.102582
0.035445 0.0398729 0.363148 0.13113 0.107981 0.254066 0.040303 0.028054
9.9982E-05 0.0461597 0.538458 0.123732 9.9982E-05 0.156498 0.0273083 0.107644
9.9982E-05 0.0118602 0.539254 0.148224 0.0828187 0.113387 9.9982E-05 0.104256
0.00151911 9.9982E-05 9.9982E-05 0.299765 0.00512291 0.605761 0.00772194 0.0799095
0.000434532 0.027656 0.55798 0.134722 0.0119525 0.114277 0.0477573 0.105221
0.0488691 9.9982E-05 0.542761 0.140371 0.0323979 0.0841889 9.9982E-05 0.151211
0.0488942 0.0475364 0.625693 0.0800379 0.0658935 0.0515563 9.9991E-05 0.0802888
9.9973E-05 9.9973E-05 0.567941 0.121155 0.020992 0.155666 9.9973E-05 0.133946
0.137794 0.021168 0.490464 0.187751 0.00920217 0.0315836 0.0261206 0.0959164
0.00786556 9.9973E-05 0.424676 0.0753238 0.428367 9.9973E-05 0.0634673 9.9973E-05
0.0277987 0.0690739 0.492324 0.0962316 0.197081 0.0107476 0.0869584 0.0197841
9.9955E-05 0.0646213 9.9955E-05 9.9955E-05 0.91384 9.9955E-05 0.0210389 9.9955E-05
9.9955E-05 0.0312455 9.9955E-05 0.0221208 0.946134 9.9955E-05 9.9955E-05 9.9955E-05
0.0333056 0.0557833 0.551996 0.0583178 0.244415 0.0559824 9.9982E-05 9.9982E-05
0.0198246 0.00884536 0.361611 0.117734 0.105681 0.115814 9.9991E-05 0.27039
9.9973E-05 9.9973E-05 0.346162 0.135373 0.218826 0.0669822 9.9973E-05 0.232357
9.9973E-05 9.9973E-05 0.217316 0.170115 0.264608 0.125963 9.9973E-05 0.221697
9.9973E-05 9.9973E-05 0.36205 0.119559 0.170717 0.16309 9.9973E-05 0.184284
0.0401705 9.9982E-05 0.0844686 0.0693688 0.669174 0.12584 9.9982E-05 0.0107787
9.9973E-05 9.9973E-05 0.11486 0.101968 0.66201 0.0940463 9.9973E-05 0.0268156
0.00567365 9.9982E-05 0.558819 0.0158772 0.329805 9.9982E-05 0.0253035 0.0643219
9.9964E-05 9.9964E-05 0.334448 0.0791332 0.478632 9.9964E-05 9.9964E-05 0.107387
9.9964E-05 9.9964E-05 0.160913 0.0620931 0.699625 9.9964E-05 9.9964E-05 0.0769694
9.9982E-05 0.0504088 0.537148 0.0737004 0.306339 0.00311641 9.9982E-05 0.0290882
0.0257905 9.9982E-05 0.523793 0.0523562 0.329911 0.00503084 9.9982E-05 0.062919
0.0191181 0.0398087 0.55404 0.0783301 0.236564 0.0115612 0.0604779 9.9991E-05
0.022988 9.9973E-05 0.295956 0.0186109 0.650981 9.9973E-05 0.0111642 9.9973E-05
0.0395563 0.04779 0.376206 0.0217704 0.474443 9.9982E-05 0.0400351 9.9982E-05
0.0543618 0.00339549 0.540231 0.0201222 0.318231 0.0372186 0.0225607 0.00387916
0.0491833 0.0861693 0.437393 0.026219 0.370322 9.9982E-05 0.0305132 9.9982E-05
0.0411669 0.0179096 0.495655 0.0741296 0.231969 9.9991E-05 0.0878676 0.0512021
0.0440187 9.9973E-05 0.416734 0.0195714 0.48959 9.9973E-05 0.0297852 9.9973E-05
9.9964E-05 0.0194869 0.173357 0.0153901 0.791367 9.9964E-05 9.9964E-05 9.9964E-05
9.9955E-05 9.9955E-05 0.620446 0.00645481 0.372599 9.9955E-05 9.9955E-05 9.9955E-05
9.9964E-05 0.0646481 0.139263 9.9964E-05 0.774984 9.9964E-05 9.9964E-05 0.0207048
0.0291502 9.9964E-05 0.417091 0.0340203 0.519339 9.9964E-05 9.9964E-05 9.9964E-05
0.0642704 0.00285817 0.489167 0.0660608 0.295306 9.9982E-05 0.0821374 9.9982E-05
9.9982E-05 0.0114154 0.468605 0.090948 0.369321 9.9982E-05 0.0412871 0.0182238
0.0937589 0.00948772 0.517526 0.164025 0.116282 0.00550487 9.9991E-05 0.0933158
0.0860197 0.0246511 0.435452 0.157572 0.113255 0.0576602 0.0328425 0.0925481
0.111421 9.9982E-05 0.341016 0.139643 0.0579839 0.125465 9.9982E-05 0.224271
0.0539227 0.0323591 0.329153 0.201028 0.100817 0.0807162 9.9991E-05 0.201905
0.0937603 0.0503558 0.455473 0.131816 0.0475685 0.0527988 0.00637852 0.161848
0.0391524 0.0229369 0.427105 0.170302 0.0973978 0.0305842 0.0584169 0.154105
9.9964E-05 9.9964E-05 9.9964E-05 0.160859 0.642657 0.112649 9.9964E-05 0.0834349
0.0600834 9.9982E-05 0.513409 0.0819356 0.138499 9.9982E-05 0.013306 0.192567
9.9964E-05 9.9964E-05 9.9964E-05 0.259517 0.398749 0.288357 9.9964E-05 0.0529771
9.9973E-05 9.9973E-05 0.521382 0.0550742 0.275597 0.0471012 9.9973E-05 0.100545
9.9946E-05 9.9946E-05 0.0815979 9.9946E-05 0.917802 9.9946E-05 9.9946E-05 9.9946E-05
9.9946E-05 9.9946E-05 9.9946E-05 9.9946E-05 0.952284 9.9946E-05 0.0471168 9.9946E-05
9.9955E-05 9.9955E-05 0.438402 0.00816634 0.552932 9.9955E-05 9.9955E-05 9.9955E-05
9.9955E-05 9.9955E-05 0.561835 0.0423569 0.395309 9.9955E-05 9.9955E-05 9.9955E-05
9.9946E-05 9.9946E-05 0.373683 9.9946E-05 0.625717 9.9946E-05 9.9946E-05 9.9946E-05
9.9946E-05 9.9946E-05 0.552072 9.9946E-05 0.447328 9.9946E-05 9.9946E-05 9.9946E-05
9.9946E-05 9.9946E-05 0.529065 9.9946E-05 0.470335 9.9946E-05 9.9946E-05 9.9946E-05
9.9982E-05 0.0595763 9.9982E-05 0.868347 0.0121675 0.0218751 0.0297419 0.00809196
0.0708781 0.0459321 9.9991E-05 0.730843 0.0112666 0.02544 0.0405034 0.0750368
0.0320738 9.9964E-05 9.9964E-05 0.922141 0.0157862 9.9964E-05 9.9964E-05 0.0295987
9.9955E-05 9.9955E-05 0.0307956 0.899001 9.9955E-05 0.0697036 9.9955E-05 9.9955E-05
9.9973E-05 9.9973E-05 0.508505 0.0705042 0.0374304 9.9973E-05 0.342595 0.0406656
0.0102146 0.0803928 0.510717 0.0411283 9.9982E-05 0.0134699 0.343878 9.9982E-05
9.9964E-05 0.00243253 0.484486 0.0191746 9.9964E-05 9.9964E-05 0.493507 9.9964E-05
0.0413352 0.0579117 0.553322 0.0899671 9.9973E-05 9.9973E-05 0.257165 9.9973E-05
0.21487 0.0741299 0.53007 0.0770684 9.9982E-05 9.9982E-05 0.0853428 0.0183191
9.9964E-05 0.0986129 0.310888 0.0431984 9.9964E-05 9.9964E-05 0.546901 9.9964E-05
9.9955E-05 9.9955E-05 0.623005 0.0225987 9.9955E-05 9.9955E-05 0.353896 9.9955E-05
0.0579807 9.9982E-05 0.261484 9.9982E-05 0.0813087 0.00232733 0.592387 0.0043123
0.0882669 0.0672208 0.374946 0.300744 9.9982E-05 0.0307256 9.9982E-05 0.137897
0.0171834 0.0463245 0.417533 9.9982E-05 0.089547 0.047328 0.381884 9.9982E-05
9.9964E-05 0.0979936 0.355826 0.00324139 9.9964E-05 9.9964E-05 0.542539 9.9964E-05
0.0975119 9.9964E-05 0.533591 9.9964E-05 0.0446168 9.9964E-05 0.32388 9.9964E-05
9.9964E-05 0.134332 0.404091 9.9964E-05 9.9964E-05 9.9964E-05 0.446263 0.0149144
9.9973E-05 9.9973E-05 0.542756 9.9973E-05 0.0529222 0.0166436 0.370433 0.0169453
9.9982E-05 0.0543017 0.487111 0.0744558 0.0451872 9.9982E-05 0.315269 0.0234755
9.9964E-05 9.9964E-05 9.9964E-05 9.9964E-05 0.107488 0.00042782 0.882588 0.00909642
0.00790403 0.0045477 0.315464 9.9991E-05 0.0733715 0.0534293 0.54206 0.00312409
9.9964E-05 9.9964E-05 0.383201 9.9964E-05 0.0521584 0.0173884 0.546852 9.9964E-05
9.9955E-05 9.9955E-05 9.9955E-05 9.9955E-05 0.141345 0.0403362 0.817819 9.9955E-05
0.0387817 0.0843775 0.388141 0.070455 9.9973E-05 9.9973E-05 0.417945 9.9973E-05
0.0828855 9.9973E-05 0.0565846 9.9973E-05 0.133059 0.0714446 0.655727 9.9973E-05
9.9955E-05 9.9955E-05 9.9955E-05 9.9955E-05 0.047125 0.0992099 0.853165 9.9955E-05
0.0144077 9.9982E-05 0.59538 0.0279091 0.0436942 0.0138922 0.304517 9.9982E-05
0.021963 0.157995 0.152549 0.0544088 9.9982E-05 9.9982E-05 0.589195 0.0236893
9.9982E-05 0.0597917 0.474174 0.0116059 9.9982E-05 0.0093559 0.43988 0.0049924
0.0409944 0.0424194 0.560061 0.0969984 9.9991E-05 0.0266644 0.19534 0.0374227
9.9964E-05 0.0551471 0.489635 0.0367334 9.9964E-05 9.9964E-05 0.418085 9.9964E-05
0.00648263 0.271143 0.37124 9.9982E-05 0.180664 0.123981 0.0462898 9.9982E-05
9.9982E-05 0.0250899 0.561966 0.0503159 0.0343369 9.9982E-05 0.311414 0.0166774
0.0211867 0.0989739 0.500457 0.0320712 9.9973E-05 9.9973E-05 0.347011 9.9973E-05
0.0380429 0.00109094 0.291208 9.9982E-05 0.0781602 0.0154341 0.575864 9.9982E-05
0.0643055 0.0719691 0.533812 0.0764982 0.00696494 0.0503852 0.195965 9.9991E-05
0.0664393 0.246226 9.9973E-05 0.640026 0.0120166 0.0349927 9.9973E-05 9.9973E-05
0.0125285 0.159737 9.9982E-05 0.744391 0.0111703 0.0659789 0.00599369 9.9982E-05
9.9955E-05 0.115963 9.9955E-05 0.824932 9.9955E-05 0.0586051 9.9955E-05 9.9955E-05
0.0492909 0.12897 9.9973E-05 0.817226 0.00260634 0.00160724 9.9973E-05 9.9973E-05
0.120899 0.13212 0.0155982 0.716848 9.9973E-05 9.9973E-05 0.0142348 9.9973E-05
9.9964E-05 0.118521 0.154498 0.0706423 9.9964E-05 9.9964E-05 0.655938 9.9964E-05
9.9964E-05 0.114681 0.173909 0.0282363 9.9964E-05 9.9964E-05 0.682775 9.9964E-05
9.9973E-05 9.9973E-05 0.167813 9.9973E-05 0.0403224 0.00922658 0.760556 0.0217828
0.0224967 0.0398371 0.564328 0.0749009 0.0533107 0.0786787 0.145981 0.0204669
9.9991E-05 0.0890899 0.58596 0.0926843 0.0320074 0.0258595 0.160936 0.0133625
0.027672 9.9991E-05 0.260188 0.0148459 0.0809423 0.0242252 0.568438 0.0235884
0.0276999 9.9964E-05 0.591338 9.9964E-05 9.9964E-05 9.9964E-05 0.326764 0.0537978
0.0463447 9.9982E-05 0.39989 0.0494907 9.9982E-05 0.016456 0.464082 0.023536
0.00821219 0.0518768 0.492559 0.030579 0.00558006 9.9991E-05 0.397908 0.0131853
9.9973E-05 0.032257 0.573919 0.0740149 9.9973E-05 9.9973E-05 0.276702 0.0428074
9.9964E-05 0.139896 0.212499 9.9964E-05 9.9964E-05 9.9964E-05 0.643045 0.00416074
9.9955E-05 0.121977 0.292901 9.9955E-05 9.9955E-05 9.9955E-05 0.584622 9.9955E-05
0.0306356 0.0938303 0.316987 0.0307112 9.9973E-05 9.9973E-05 0.527536 9.9973E-05
0.306373 0.00738205 0.597761 0.0805637 9.9973E-05 0.00761973 9.9973E-05 9.9973E-05
9.9964E-05 0.0670605 0.381299 0.0371134 9.9964E-05 9.9964E-05 0.514127 9.9964E-05
9.9964E-05 0.112517 0.397718 0.0421351 9.9964E-05 9.9964E-05 0.44723 9.9964E-05
0.0231608 0.0554033 0.439203 0.0712939 0.022081 0.060447 9.9991E-05 0.328311
9.9981E-05 9.9981E-05 0.333555 0.0981184 9.9981E-05 0.117613 0.0434087 0.407005
0.0264178 0.0122011 0.444584 0.0855159 9.9982E-05 0.0697827 9.9982E-05 0.361299
9.9964E-05 9.9964E-05 0.308935 0.0982146 9.9964E-05 0.146627 9.9964E-05 0.445824
0.00536166 0.0266954 0.456393 0.110405 0.0378587 0.0916918 9.9991E-05 0.271495
0.237586 9.9982E-05 0.458394 0.0352321 0.0291792 0.0762224 0.163186 9.9982E-05
9.9964E-05 9.9964E-05 0.0558673 0.170585 9.9964E-05 0.192995 9.9964E-05 0.580153
9.9982E-05 0.0202354 0.310886 0.152925 0.00289163 0.0977206 9.9982E-05 0.415141
0.257568 9.9991E-05 0.310336 0.117474 0.00400791 0.119833 0.0482713 0.14241
0.38817 0.0340844 0.430526 0.114383 9.9973E-05 9.9973E-05 0.0325361 9.9973E-05
0.473662 0.0249911 0.398227 0.0948346 9.9973E-05 9.9973E-05 9.9973E-05 0.00798603
0.389457 0.00043122 0.484758 0.0855552 9.9982E-05 9.9982E-05 0.00668588 0.0329125
0.222794 9.9982E-05 0.538699 0.126759 9.9982E-05 0.000454341 0.0590173 0.0520757
0.00270702 9.9973E-05 0.344964 0.176753 9.9973E-05 0.0630379 9.9973E-05 0.412238
9.9982E-05 0.034543 0.402519 0.119349 9.9982E-05 0.0805614 0.0462429 0.316584
9.9964E-05 9.9964E-05 0.402489 0.0619363 9.9964E-05 0.0619417 9.9964E-05 0.473233
0.00850554 0.0472355 0.45768 0.129046 0.0457883 0.0376978 0.0372135 0.236833
9.9982E-05 9.9982E-05 0.260893 0.136491 0.0311083 0.0922464 0.029364 0.449697
0.0246397 0.00785097 0.456767 0.127507 0.0283251 0.0458488 0.0112131 0.297848
9.9982E-05 0.0067764 0.269589 0.0573119 0.00355179 0.161712 9.9982E-05 0.500859
0.0706485 0.0331345 0.440832 0.0875097 0.0151765 0.0722463 0.00426616 0.276186
0.471009 9.9982E-05 0.416674 0.0498452 9.9982E-05 0.0215953 0.0306496 0.0100267
0.00936607 0.030223 0.385285 0.120655 0.057479 0.0943912 9.99978E-05 0.302501
9.9964E-05 9.9964E-05 0.184715 0.171391 9.9964E-05 0.145411 9.9964E-05 0.498084
9.9982E-05 0.04378 0.433411 0.131274 9.9982E-05 0.0910256 0.0114001 0.28891
0.638511 0.0464545 0.189616 0.123033 9.9973E-05 9.9973E-05 0.00208541 9.9973E-05
0.44632 9.9955E-05 0.518441 9.9955E-05 9.9955E-05 9.9955E-05 9.9955E-05 0.0347394
0.1129 0.0440874 0.362154 0.16177 9.9982E-05 0.00973629 9.9982E-05 0.309152
0.361786 0.0167012 0.496256 0.124857 9.9964E-05 9.9964E-05 9.9964E-05 9.9964E-05
0.401979 0.0240371 0.440677 0.130337 9.9973E-05 9.9973E-05 9.9973E-05 0.00267026
0.0212698 9.9991E-05 0.375813 0.19441 0.038985 0.206704 0.0329222 0.129796
0.0942278 9.9982E-05 0.376339 0.202234 0.0227979 0.118051 9.9982E-05 0.18615
0.228888 0.0189842 0.546064 0.0595194 0.00362197 0.0416834 0.0397604 0.0614791
0.056443 0.0832282 0.36731 0.110864 9.9991E-05 0.0557883 0.0240704 0.302196
9.9964E-05 9.9964E-05 0.484517 0.137644 9.9964E-05 0.0439214 9.9964E-05 0.333518
9.9964E-05 9.9964E-05 0.152867 0.107182 9.9964E-05 0.170456 9.9964E-05 0.569096
0.146242 0.0232137 0.596562 0.138848 0.0631915 9.9982E-05 9.9982E-05 0.0317425
0.510402 9.9964E-05 0.354637 0.113822 9.9964E-05 9.9964E-05 0.0207401 9.9964E-05
0.838934 9.9973E-05 0.0046967 9.9973E-05 0.00517306 0.10745 9.9973E-05 0.0434469
0.151977 0.0152603 0.595567 0.15728 9.9982E-05 0.0144057 0.0653095 9.9982E-05
0.152953 0.182702 0.374386 0.0539698 0.126626 0.0853837 0.0238781 9.9991E-05
9.9991E-05 0.0210443 0.517901 0.0872774 0.0229582 0.256146 0.0300576 0.0645158
9.9982E-05 0.0655334 0.516299 0.0623547 9.9982E-05 0.231966 0.0566601 0.0669866
9.9964E-05 0.0137988 0.0611506 0.0469382 9.9964E-05 0.877713 9.9964E-05 9.9964E-05
