9.9973E-05 0.925402 9.9973E-05 0.0406259 0.0220054 9.9973E-05 0.0116667
0.00633574 0.960473 9.9973E-05 0.0143996 0.0184913 9.9973E-05 9.9973E-05
9.9982E-05 0.886393 0.0149902 0.0117722 9.9982E-05 0.0574786 0.029166
0.0185994 0.815018 9.9973E-05 9.9973E-05 0.0321173 9.9973E-05 0.133966
9.9955E-05 0.909298 9.9955E-05 9.9955E-05 9.9955E-05 9.9955E-05 0.0902024
9.9982E-05 0.631854 0.154653 9.9982E-05 0.036819 0.0430513 0.133423
9.9973E-05 0.799588 0.168061 9.9973E-05 0.00946082 9.9973E-05 0.0225909
9.9982E-05 0.716931 0.1451 0.0129038 0.0937255 9.9982E-05 0.03114
9.99639E-05 0.813727 0.0472256 9.99639E-05 0.138648 9.99639E-05 9.99639E-05
9.9982E-05 0.732414 0.132163 9.9982E-05 0.0590639 0.00139882 0.0747602
9.9973E-05 0.724501 0.150723 9.9973E-05 0.0347308 9.9973E-05 0.0897454
9.999E-05 0.0217964 0.103726 0.0108865 0.446668 0.14512 0.271703
0.00385926 0.0554747 0.0193851 0.0267699 0.250983 0.0864913 0.557037
0.0203829 9.9991E-05 0.0555634 0.0742136 0.473737 0.11638 0.259623
9.999E-05 0.0238097 0.0880079 0.0955148 0.409251 0.0541582 0.329159
9.999E-05 0.0592169 0.0596514 0.115556 0.307428 0.014829 0.443219
9.9991E-05 0.063145 0.0438623 0.0750943 0.215569 0.0237938 0.578436
0.0356389 0.0463774 0.0257123 0.0246914 0.262251 0.100548 0.504781
9.999E-05 0.0987924 0.113984 0.0482688 0.374382 0.026595 0.337877
9.9982E-05 0.0128965 0.143483 9.9982E-05 0.674854 0.0925576 0.0760084
9.999E-05 0.0279298 0.0991421 0.0103384 0.290078 0.111698 0.460714
0.0781012 0.00825373 0.242274 0.0417057 0.121732 0.0802711 0.427662
0.0361614 0.011807 0.0446579 0.0649888 0.209012 0.105357 0.528016
9.999E-05 0.0527262 0.118475 0.0524846 0.405766 0.0981478 0.272301
0.0580992 0.0865089 0.0405843 0.0333275 0.0998325 0.0415891 0.640059
9.9982E-05 0.00125373 0.059454 9.9982E-05 0.266938 0.0803961 0.591758
9.9991E-05 0.0424305 0.058256 0.00436701 0.487224 0.124976 0.282647
9.999E-05 0.0408347 0.0925906 0.0633025 0.413389 0.0704178 0.319366
9.9973E-05 9.9973E-05 0.180045 9.9973E-05 0.459223 0.0998708 0.260561
9.9964E-05 0.892169 9.9964E-05 0.00130566 9.9964E-05 9.9964E-05 0.106126
9.9955E-05 0.87089 9.9955E-05 9.9955E-05 9.9955E-05 9.9955E-05 0.128611
9.9964E-05 0.81642 9.9964E-05 0.0598502 9.9964E-05 9.9964E-05 0.123329
0.0161856 0.763035 9.9973E-05 0.0722174 9.9973E-05 9.9973E-05 0.148262
9.9982E-05 0.095503 0.108583 9.9982E-05 0.0749951 0.226459 0.49426
0.0164997 0.0965089 0.0087367 0.0321182 0.0570581 0.248926 0.540153
9.9973E-05 9.9973E-05 0.00522995 9.9973E-05 0.0153228 0.434956 0.544191
9.9982E-05 0.0363363 9.9982E-05 0.0164096 0.640363 0.119808 0.186883
0.0442842 9.9982E-05 0.112277 0.0296859 9.9982E-05 0.573342 0.240212
0.0250973 0.107537 9.9991E-05 0.0276228 0.0947765 0.234359 0.510507
9.9973E-05 0.0342569 0.0779054 9.9973E-05 9.9973E-05 0.161104 0.726434
9.9982E-05 0.0613789 0.241708 9.9982E-05 0.0644794 0.0705628 0.561671
9.9982E-05 0.0865743 0.0970861 9.9982E-05 0.122503 0.0962179 0.597418
9.9973E-05 0.0220626 9.9973E-05 9.9973E-05 0.176837 0.660706 0.140094
9.9982E-05 0.0279691 0.256757 0.0159358 0.0377385 9.9982E-05 0.661399
0.0692451 0.0779014 9.9991E-05 0.0606867 0.0596002 0.200223 0.532244
0.00269257 0.133385 0.117416 0.0132305 0.0219913 0.122142 0.589143
0.0879975 9.9973E-05 0.0239079 9.9973E-05 9.9973E-05 0.536772 0.351022
9.9982E-05 0.0743361 9.9982E-05 0.0185373 0.0122202 0.286267 0.608439
0.0314708 0.114104 0.0619654 0.0174841 0.0280018 0.190055 0.556919
0.0611245 9.9964E-05 0.296609 9.9964E-05 9.9964E-05 0.641867 9.9964E-05
0.0661845 9.9982E-05 0.0397844 9.9982E-05 0.606369 0.119064 0.168398
0.135468 9.9991E-05 0.267964 0.050016 0.278035 0.129162 0.139255
0.0696064 0.0581125 0.0506872 0.049091 0.161749 0.0113081 0.599446
0.0850167 0.0665915 0.0655251 0.0602811 0.119598 0.0115698 0.591418
0.0840505 0.0718422 0.0786893 0.0206593 0.0933943 0.0217135 0.629651
9.9982E-05 0.12287 0.0408564 9.9982E-05 0.484626 0.118588 0.232861
0.031244 0.0144339 0.0388711 0.0187874 0.29412 0.0522719 0.550272
9.9991E-05 0.0975988 0.0391437 0.0693678 0.118612 0.141047 0.534131
0.0539886 0.102649 0.0615884 0.0366898 0.283211 0.0974228 0.364449
9.9991E-05 0.132638 0.140392 0.00553383 0.466971 0.100883 0.153483
0.102692 0.0727349 0.00594586 0.0418238 0.196348 0.0595841 0.520871
0.0545751 0.0860864 0.0246089 0.021241 0.264417 0.0661649 0.482907
0.00170613 0.0505511 0.154246 9.9991E-05 0.563564 0.116714 0.113119
0.0246914 9.9982E-05 0.0104963 9.9982E-05 0.362003 0.143211 0.459399
0.0969158 0.0332602 0.0836229 0.0591042 0.127332 0.0591267 0.540638
0.0283381 0.0738454 0.0836727 0.0162242 0.136685 0.0307294 0.630506
9.9991E-05 0.0628272 0.0650592 0.0384045 0.377652 0.172694 0.283263
0.0320264 0.0223394 0.0676578 0.0604348 0.249356 0.0717038 0.496482
0.111658 0.0695471 0.0216599 0.0343653 0.160023 0.0403364 0.56241
0.0106905 0.0276181 0.105182 9.9991E-05 0.495334 0.117009 0.244067
9.9964E-05 9.9964E-05 9.9964E-05 9.9964E-05 0.0705519 0.415611 0.513437
9.9982E-05 0.0391238 9.9982E-05 0.00368443 0.0271436 0.738134 0.191715
9.9991E-05 0.110313 0.0552785 0.0353206 0.000550655 0.297961 0.500476
0.0498652 9.9973E-05 0.0633548 0.00737509 9.9973E-05 0.879105 9.9973E-05
0.0219549 9.9964E-05 0.116972 9.9964E-05 9.9964E-05 0.860673 9.9964E-05
0.0395939 9.9973E-05 0.0197676 9.9973E-05 9.9973E-05 0.707498 0.232841
9.9973E-05 0.0209692 9.9973E-05 9.9973E-05 0.109113 0.410877 0.458741
0.0272314 0.118924 9.9991E-05 0.0499169 0.0730166 0.175191 0.55562
0.0119553 9.9964E-05 9.9964E-05 9.9964E-05 9.9964E-05 0.495142 0.492502
9.9973E-05 0.0571786 9.9973E-05 9.9973E-05 0.180309 0.617483 0.144729
9.9973E-05 0.00996412 9.9973E-05 9.9973E-05 0.189144 0.530217 0.270375
0.0456412 0.0708016 0.0541632 0.0462121 0.0327855 0.275853 0.474544
9.9973E-05 0.0276539 9.9973E-05 9.9973E-05 0.0605641 0.57306 0.338422
9.9973E-05 0.0395524 9.9973E-05 9.9973E-05 0.0534588 0.461546 0.445143
0.0629314 9.9973E-05 0.0291627 9.9973E-05 9.9973E-05 0.471892 0.435714
0.0956298 9.9964E-05 0.217714 9.9964E-05 9.9964E-05 0.686256 9.9964E-05
0.0150253 0.0282989 0.0571666 9.9991E-05 0.0122963 0.258263 0.62885
9.9973E-05 0.842391 9.9973E-05 9.9973E-05 0.0655379 0.00618479 0.085586
9.9955E-05 0.933318 9.9955E-05 9.9955E-05 9.9955E-05 9.9955E-05 0.0661827
9.9964E-05 0.867465 9.9964E-05 0.0442023 9.9964E-05 9.9964E-05 0.0879324
9.9964E-05 0.910281 9.9964E-05 0.0464332 9.9964E-05 9.9964E-05 0.0428858
0.0121551 0.949692 9.9964E-05 0.0377533 9.9964E-05 9.9964E-05 9.9964E-05
0.000539051 0.877352 9.9973E-05 0.0371789 9.9973E-05 9.9973E-05 0.0846304
9.9955E-05 0.922642 9.9955E-05 9.9955E-05 9.9955E-05 9.9955E-05 0.076858
0.0757975 0.0542907 9.9991E-05 0.0416538 0.0852354 0.221482 0.521441
0.0135938 0.105811 0.0810102 0.0391859 0.0684763 0.164915 0.527008
9.9973E-05 0.0525162 9.9973E-05 9.9973E-05 0.195317 0.73642 0.0154466
0.0457646 0.0540809 0.0616571 0.0299215 0.024636 0.182591 0.601349
0.00588191 0.0519064 9.9982E-05 9.9982E-05 0.105277 0.473633 0.363102
0.0129676 0.0690327 9.9982E-05 9.9982E-05 0.0373147 0.382546 0.497939
0.0953613 0.0192329 0.0734205 0.00846695 9.9991E-05 0.279049 0.52437
0.0553344 0.0272064 0.00791714 0.0333852 9.9991E-05 0.369575 0.506481
9.9964E-05 0.0411142 9.9964E-05 9.9964E-05 0.247544 0.710942 9.9964E-05
0.0425419 0.108789 9.9991E-05 0.0363684 0.122843 0.184436 0.504921
0.00780983 0.0701365 0.0565712 0.0200079 0.0796093 0.151608 0.614257
9.9991E-05 0.10937 0.0145898 0.0468909 0.0660024 0.201491 0.561556
0.0837339 9.9991E-05 0.141325 0.0122743 0.0198469 0.490602 0.252118
0.0947972 0.0101244 9.9982E-05 0.0132845 9.9982E-05 0.381713 0.499881
9.9973E-05 0.00195938 9.9973E-05 9.9973E-05 0.167231 0.374199 0.45631
0.0900151 9.9973E-05 9.9973E-05 0.0400195 9.9973E-05 0.544354 0.325312
9.9973E-05 0.0261826 9.9973E-05 9.9973E-05 0.158381 0.372725 0.442411
0.0229094 0.0918562 0.0351061 0.0349758 0.120639 0.147389 0.547125
0.166787 0.00471833 0.0895653 0.0346708 0.417596 9.9991E-05 0.286562
9.9982E-05 0.0760434 0.11304 9.9982E-05 0.359018 0.0240549 0.427644
0.0420192 0.0954217 0.0619348 0.0697626 0.179128 0.0104493 0.541285
0.01044 0.0974573 0.063796 0.0150881 0.118127 0.0836141 0.611478
0.0226612 0.026526 0.00673468 0.0263944 0.413892 0.0200385 0.483753
0.0103141 0.0513916 0.0608859 9.9991E-05 0.232542 0.011421 0.633346
0.0668378 0.0507454 9.9973E-05 9.9973E-05 0.402124 9.9973E-05 0.479993
0.110363 0.0894347 0.0795148 9.9991E-05 0.0993717 0.0644114 0.556804
0.0971612 0.0680414 9.9982E-05 0.0239836 0.196365 9.9982E-05 0.614249
0.0200765 0.0504347 0.0604491 9.9991E-05 0.257633 0.00116383 0.610143
0.0611517 0.0296919 0.00270757 9.9991E-05 0.304943 0.025691 0.575714
0.108584 0.0423638 0.0595252 0.0418586 0.112421 9.9991E-05 0.635148
0.0739859 0.064034 0.103496 0.0766541 0.114244 9.9991E-05 0.567486
0.104666 9.9982E-05 0.0739266 0.0360437 0.181026 9.9982E-05 0.604138
0.102523 0.0666013 0.0488423 0.0483412 0.139956 0.0397474 0.553989
0.1411 0.00803595 0.0251435 0.0424804 0.190654 0.0097868 0.582799
0.129067 0.0719425 0.16901 0.0745567 0.244019 0.0592508 0.252154
0.0759905 0.102241 0.0403001 0.0250936 0.114436 0.0239434 0.617995
0.129817 0.0369141 0.0346548 0.0102849 0.126862 9.9991E-05 0.661367
0.0339222 0.0482829 9.9991E-05 0.00692205 0.571435 0.113302 0.226037
0.230652 9.9991E-05 0.18158 0.0433434 0.325194 0.0934365 0.125694
0.0660065 0.0342118 0.0182788 0.0679368 0.2384 0.086912 0.488254
0.278249 9.9982E-05 0.21124 9.9982E-05 0.344934 0.0860185 0.0793583
0.0631544 9.9982E-05 0.00073438 9.9982E-05 0.517279 0.06346 0.355172
0.0469851 9.9973E-05 9.9973E-05 9.9973E-05 0.412904 0.0618077 0.478003
0.0449585 0.00698874 9.9982E-05 9.9982E-05 0.477223 0.0997008 0.370929
0.0326367 9.9982E-05 0.0310524 9.9982E-05 0.528533 0.0561402 0.351437
0.0562823 0.0605579 0.0578282 9.9991E-05 0.194573 0.0270457 0.603613
0.072881 0.133149 0.0383167 0.0320307 0.135434 0.00396621 0.584222
0.0558637 0.0125503 0.0181742 0.0635043 0.191876 0.107285 0.550747
0.199692 9.9991E-05 0.164046 0.0151702 0.387412 0.0575237 0.176056
0.0457769 0.141452 0.13373 9.9991E-05 0.103195 0.0716164 0.50413
0.0685725 0.0672008 0.245985 0.0187878 0.0584089 0.0278769 0.513168
0.0973652 0.0431229 0.64103 9.9982E-05 0.0956721 0.12261 9.9982E-05
0.007418 0.0418625 0.169417 0.0293167 0.044467 0.0390244 0.668494
0.0909552 0.0445517 0.333171 0.0193234 0.0554563 0.131856 0.324687
0.0364301 0.0809924 0.219993 0.0403921 0.0299266 0.0220999 0.570165
0.0342813 0.0378865 0.502561 9.9991E-05 0.120976 0.0497709 0.254424
0.0875411 0.0284465 0.52451 9.9991E-05 0.159696 0.0969411 0.102766
0.0517834 0.0260874 0.317623 0.0188159 0.0734361 0.094525 0.417729
0.0254952 0.0781206 0.186528 0.0593854 0.0984049 0.0564632 0.495603
0.050092 0.102925 0.18731 0.00162994 0.162776 0.0605432 0.434723
0.128526 0.015602 0.379342 0.0639065 0.129056 0.180297 0.103271
0.0829098 0.0655991 0.0699019 0.0515576 0.129623 0.0606639 0.539744
0.106894 9.9982E-05 0.371857 9.9982E-05 0.080044 0.115603 0.325403
0.0680392 9.9982E-05 0.272086 9.9982E-05 0.100761 0.106537 0.452376
0.0421963 0.14465 0.0828318 0.0534775 0.0249596 0.0732476 0.578637
0.00546039 0.364951 0.25281 0.221004 9.9982E-05 9.9982E-05 0.155575
9.9964E-05 0.414334 0.458321 0.126945 9.9964E-05 9.9964E-05 9.9964E-05
9.9964E-05 0.386132 0.482624 0.130844 9.9964E-05 9.9964E-05 9.9964E-05
9.9982E-05 0.323771 0.32384 0.248045 0.00737934 9.9982E-05 0.0967639
0.0470023 9.9982E-05 0.246977 9.9982E-05 0.00690482 0.0654034 0.633512
0.0466045 0.124782 0.0998036 0.0017843 0.0121669 0.0796432 0.635215
9.9964E-05 9.9964E-05 9.9964E-05 0.657142 0.00670784 9.9964E-05 0.33575
0.020136 0.0512341 9.9982E-05 0.433087 0.115662 9.9982E-05 0.379681
0.0169589 0.0610615 9.9991E-05 0.365071 0.118683 0.0428852 0.39524
0.156802 9.9982E-05 0.433544 9.9982E-05 0.0466568 0.0695354 0.293262
0.0428757 0.0927359 0.134391 0.0464168 0.0911229 0.101759 0.490699
0.128903 9.9982E-05 0.514781 9.9982E-05 0.086426 0.0154994 0.25419
0.0874333 0.0507928 0.226588 9.9991E-05 0.00183252 0.0423009 0.590953
0.12091 0.0106397 0.303429 9.9991E-05 0.0494967 0.00584181 0.509583
0.0533874 9.9973E-05 0.331131 9.9973E-05 9.9973E-05 0.0334876 0.581694
0.0748822 9.9982E-05 0.578752 9.9982E-05 0.0576689 0.0498406 0.238656
9.9982E-05 0.0239486 0.2182 9.9982E-05 0.0176681 0.028232 0.711751
0.00969596 0.0732209 0.195784 0.0182448 0.0545034 9.9991E-05 0.648451
0.00351281 9.9973E-05 9.9973E-05 0.947808 9.9973E-05 0.00268134 0.0456975
0.0212914 9.9964E-05 9.9964E-05 0.89265 9.9964E-05 9.9964E-05 0.085659
9.9982E-05 0.0762272 9.9982E-05 0.528498 0.0718742 0.0663435 0.256858
0.00511989 9.9982E-05 9.9982E-05 0.618859 0.00651959 0.0106707 0.358631
9.9964E-05 9.9964E-05 9.9964E-05 0.824644 0.0283139 9.9964E-05 0.146642
9.995E-05 9.995E-05 9.995E-05 0.9994 9.995E-05 9.995E-05 9.995E-05
9.9964E-05 9.9964E-05 9.9964E-05 0.952913 0.0394926 9.9964E-05 0.00719495
9.9955E-05 9.9955E-05 9.9955E-05 0.851665 9.9955E-05 9.9955E-05 0.147836
9.9955E-05 9.9955E-05 9.9955E-05 0.959835 0.0396655 9.9955E-05 9.9955E-05
9.995E-05 9.995E-05 9.995E-05 0.9994 9.995E-05 9.995E-05 9.995E-05
9.995E-05 9.995E-05 9.995E-05 0.9994 9.995E-05 9.995E-05 9.995E-05
9.9973E-05 0.00337919 9.9973E-05 0.764868 0.0158868 9.9973E-05 0.215566
9.9982E-05 0.0315046 9.9982E-05 0.802436 0.0707295 0.000778279 0.0943514
9.995E-05 9.995E-05 9.995E-05 0.9994 9.995E-05 9.995E-05 9.995E-05
0.0576974 0.0785128 0.0201727 0.365267 0.086206 0.0341228 0.358021
0.0240478 0.0627856 9.9982E-05 0.654562 0.0152564 9.9982E-05 0.243148
9.9964E-05 0.0243449 9.9964E-05 0.786053 9.9964E-05 9.9964E-05 0.189202
9.9955E-05 9.9955E-05 9.9955E-05 0.880874 9.9955E-05 9.9955E-05 0.118626
9.995E-05 9.995E-05 9.995E-05 0.9994 9.995E-05 9.995E-05 9.995E-05
9.9964E-05 0.0194098 9.9964E-05 0.952747 9.9964E-05 9.9964E-05 0.027443
9.995E-05 9.995E-05 9.995E-05 0.9994 9.995E-05 9.995E-05 9.995E-05
9.9982E-05 0.0576427 9.9982E-05 0.633606 0.048599 0.0474611 0.212491
9.9964E-05 0.0154277 9.9964E-05 0.954724 9.9964E-05 9.9964E-05 0.0294488
0.0689169 0.225004 0.646337 0.0594421 9.9973E-05 9.9973E-05 9.9973E-05
9.9982E-05 0.180676 0.312551 0.052097 0.0389194 9.9982E-05 0.415557
0.0218895 0.126331 0.331355 0.0362345 9.9982E-05 9.9982E-05 0.48399
9.9973E-05 0.155221 0.536461 0.0762199 9.9973E-05 9.9973E-05 0.231798
0.0116194 0.129211 0.151137 0.100796 0.0581132 0.0693026 0.479821
0.0311031 0.18892 0.524302 0.0840918 0.0190449 9.9991E-05 0.152438
0.081712 0.125926 0.209077 0.102779 0.0397409 9.9991E-05 0.440666
9.9973E-05 0.160894 0.399227 0.0836588 9.9973E-05 9.9973E-05 0.35592
9.9973E-05 0.145876 0.286347 0.0804086 9.9973E-05 9.9973E-05 0.487068
9.9991E-05 0.151912 0.344699 0.117416 0.0143243 0.00450651 0.367043
0.00794855 0.140587 0.189087 0.1226 0.0517122 0.0404558 0.44761
9.9973E-05 0.894406 0.0405553 9.9973E-05 0.0190008 9.9973E-05 0.0457383
0.0409411 0.888819 9.9964E-05 0.0698398 9.9964E-05 9.9964E-05 9.9964E-05
0.0116764 0.939745 9.9982E-05 9.9982E-05 0.0141876 0.00141533 0.0327761
9.9964E-05 0.965568 0.0243579 9.9964E-05 9.9964E-05 0.00967429 9.9964E-05
9.9973E-05 0.910325 0.00834299 9.9973E-05 0.0144252 9.9973E-05 0.0666069
0.00525887 0.979519 9.9973E-05 0.00574049 9.9973E-05 0.00918203 9.9973E-05
9.9964E-05 0.92588 9.9964E-05 0.00776594 9.9964E-05 9.9964E-05 0.0659537
0.00838116 0.929657 0.0135999 9.9982E-05 0.0476153 9.9982E-05 0.000547
9.9991E-05 0.876623 0.0535331 0.029143 0.0150981 0.0199998 0.00550293
9.9982E-05 0.883879 0.0422533 0.0271636 0.0316688 9.9982E-05 0.014835
9.9973E-05 0.590076 0.0645846 9.9973E-05 0.286803 0.0582363 9.9973E-05
0.000995977 0.614449 0.0356836 9.9982E-05 0.332519 0.0161522 9.9982E-05
9.9973E-05 0.513931 0.108326 9.9973E-05 0.323757 0.053686 9.9973E-05
9.9973E-05 0.445988 0.0971792 9.9973E-05 0.404122 0.0524104 9.9973E-05
9.9982E-05 0.0851939 0.0118908 9.9982E-05 0.107217 0.325086 0.470412
0.0338997 0.0747538 0.0010661 0.0178858 0.0940297 0.284512 0.493853
0.032084 9.9982E-05 9.9982E-05 0.0206155 0.209518 0.177231 0.560351
9.9973E-05 0.0313053 9.9973E-05 9.9973E-05 0.319545 0.275919 0.372931
0.0962614 9.9982E-05 0.0260082 9.9982E-05 0.595691 0.0655244 0.216315
0.0686274 0.0447037 9.9991E-05 0.0074966 0.0838177 0.162323 0.632932
0.0166454 9.9982E-05 9.9982E-05 0.0235315 0.134545 0.257983 0.567095
0.072427 0.00416362 0.0754253 9.9991E-05 0.012627 0.296196 0.539061
0.0823797 9.9982E-05 0.00594731 0.0170995 9.9982E-05 0.545112 0.349261
0.0643291 0.0425265 0.00747048 0.0294961 0.0752094 0.139295 0.641674
9.9973E-05 9.9973E-05 9.9973E-05 0.000900994 0.078313 0.492957 0.427529
0.176169 9.9964E-05 0.0274176 9.9964E-05 9.9964E-05 0.796013 9.9964E-05
0.0498318 0.0573436 0.0480005 0.0168547 0.11439 0.139568 0.574011
0.0924338 9.9973E-05 0.135951 9.9973E-05 9.9973E-05 0.622003 0.149312
0.0410001 0.0589624 0.0324792 9.9991E-05 0.0101151 0.327496 0.529847
9.9973E-05 0.0201406 9.9973E-05 9.9973E-05 0.203913 0.647614 0.128032
9.9964E-05 0.15177 0.0656647 9.9964E-05 0.782165 9.9964E-05 9.9964E-05
9.9973E-05 0.0948246 0.0851926 9.9973E-05 0.759342 9.9973E-05 0.0603409
9.9982E-05 0.0831845 0.0797947 9.9982E-05 0.774713 0.0475371 0.0145707
9.9964E-05 0.0868154 0.0798607 9.9964E-05 0.832924 9.9964E-05 9.9964E-05
9.9982E-05 0.0289005 0.0819959 0.00505292 0.794842 9.9982E-05 0.0890092
0.000409234 0.0482004 0.0767307 0.0308091 0.769681 9.9991E-05 0.0740695
9.9973E-05 0.877751 9.9973E-05 0.052778 9.9973E-05 0.0548231 0.0143478
9.9982E-05 0.823933 9.9982E-05 0.00895468 0.0364459 0.0106537 0.119813
0.0358745 0.769565 9.9991E-05 0.0507285 0.00326986 0.00455042 0.135912
9.9982E-05 0.856534 9.9982E-05 0.0567692 0.00178951 0.0673038 0.0174036
9.9973E-05 0.784411 0.0332809 0.0416634 9.9973E-05 9.9973E-05 0.140344
9.9964E-05 0.366516 0.0755907 9.9964E-05 0.557494 9.9964E-05 9.9964E-05
0.0374463 0.442188 0.0302814 9.9973E-05 0.489785 9.9973E-05 9.9973E-05
0.0464217 0.450759 9.9982E-05 0.00690757 0.49299 9.9982E-05 0.00272144
0.0117198 0.850391 9.9982E-05 0.00556934 0.0067518 9.9982E-05 0.125368
0.0446301 0.402032 0.0318844 9.9982E-05 0.500994 0.0202597 9.9982E-05
0.0270494 0.239955 0.144387 0.27555 9.9982E-05 9.9982E-05 0.312859
0.00476896 0.137054 0.0909215 0.196121 0.0428981 9.9991E-05 0.528136
9.9973E-05 0.207719 9.9973E-05 0.234662 9.9973E-05 0.00116241 0.556157
0.028072 0.272615 0.134998 0.252496 9.9982E-05 9.9982E-05 0.311619
0.00357092 0.188179 0.0657068 0.163113 0.0762118 0.0307454 0.472473
0.00409735 0.400892 0.279716 0.314995 9.9973E-05 9.9973E-05 9.9973E-05
0.0532016 9.9982E-05 0.0419486 9.9982E-05 0.429728 0.0121839 0.462738
0.185332 9.9991E-05 0.104958 0.00563849 0.214122 0.0520621 0.437787
0.00547715 9.9982E-05 0.0253927 9.9982E-05 0.539014 0.13387 0.296046
0.189783 9.9982E-05 0.0920945 9.9982E-05 0.164123 0.0290055 0.524794
0.320565 9.9973E-05 0.289709 9.9973E-05 0.306854 0.0825721 9.9973E-05
0.0133022 0.0970011 0.0968375 9.9991E-05 0.141287 0.0207151 0.630757
0.0845582 0.0221395 0.142047 0.0392226 0.156922 0.0254818 0.529629
0.0422939 0.00696508 0.0541592 9.9991E-05 0.45717 0.095631 0.343681
0.026668 0.0854202 0.0942648 0.0338565 0.15091 0.0549566 0.553924
0.116412 9.9982E-05 0.268756 9.9982E-05 0.3255 0.13507 0.154061
0.0906585 0.0236236 0.0967858 0.00236075 0.136829 0.0679746 0.581768
0.0244064 0.00143035 9.9991E-05 0.032662 0.346413 0.0937224 0.501266
0.0669113 0.0975866 0.113794 0.157766 0.0734001 0.0892345 0.401308
0.155706 9.9991E-05 0.132071 0.015144 0.268989 0.106107 0.321884
0.141345 9.9982E-05 0.156578 9.9982E-05 0.209013 0.0703617 0.422503
0.0984798 0.0127953 0.0727903 0.0226233 0.140725 0.0478616 0.604725
0.0909205 9.9982E-05 0.105196 9.9982E-05 0.172965 0.0718423 0.558876
0.0677321 9.9991E-05 0.0875622 0.080874 0.0974746 0.0439166 0.62234
0.0498408 0.077712 0.0729984 0.036419 0.182975 0.0291496 0.550905
0.0162426 0.0767004 0.0868338 0.0270547 0.16806 0.0370021 0.588106
9.9964E-05 0.838697 9.9964E-05 0.0334783 9.9964E-05 9.9964E-05 0.127425
9.9973E-05 0.872916 9.9973E-05 0.0056737 9.9973E-05 0.01902 0.10209
9.9982E-05 0.885008 0.0261406 9.9982E-05 0.0133432 0.0190544 0.0562541
9.9982E-05 0.912534 9.9982E-05 0.0577582 0.0163012 0.00760876 0.00559779
9.9955E-05 0.905336 9.9955E-05 9.9955E-05 9.9955E-05 9.9955E-05 0.0941645
9.9991E-05 0.00257732 0.110364 0.0375066 0.611084 0.0983181 0.140051
0.113549 0.0488645 0.0152922 0.0438847 0.205308 0.0693753 0.503726
0.0154867 0.166011 0.127435 0.220851 9.9991E-05 0.0582179 0.411899
0.056164 0.0623009 0.0084982 0.0307121 0.169275 0.0448953 0.628154
9.9991E-05 0.0443151 0.011886 0.00824604 0.302011 0.123511 0.50993
0.151653 9.9991E-05 0.195769 0.0234101 0.317317 0.06109 0.250661
0.0254186 0.0713806 0.0373518 0.0196062 0.742118 0.104025 9.9991E-05
9.9991E-05 0.0522764 0.0613344 0.0224596 0.321801 0.0496176 0.492411
9.9991E-05 0.0338467 0.044142 0.0440259 0.578261 0.0410715 0.258553
0.106815 0.0372972 0.0760214 0.0423586 0.183752 0.0996996 0.454056
0.0254716 0.0488358 0.0760712 9.9991E-05 0.646745 0.0150438 0.187733
0.0405256 0.0778386 0.00927034 0.0714829 0.240844 9.9991E-05 0.559939
9.9991E-05 0.0394694 0.0897757 0.0109898 0.580621 0.12927 0.149773
0.13765 9.9991E-05 0.095461 0.106068 0.312523 0.118451 0.229748
0.058452 0.0656689 0.219296 9.9991E-05 0.0714379 0.0329304 0.552115
0.0600858 9.9982E-05 0.479051 9.9982E-05 0.0893339 0.0522404 0.319089
0.0455797 0.0101405 0.344536 9.9991E-05 0.0368277 0.0199907 0.542825
0.0283378 0.0602071 0.245304 9.9982E-05 0.0712047 9.9982E-05 0.594746
0.0333511 9.9982E-05 0.528622 9.9982E-05 0.0790643 0.0868385 0.271924
0.0959261 0.0834655 0.0988217 0.0490703 0.102864 0.0591967 0.510655
0.0386926 9.9982E-05 0.28433 9.9982E-05 0.0945218 0.0546889 0.527567
0.133756 9.9982E-05 0.563671 9.9982E-05 0.0235933 0.146114 0.132667
0.00220864 9.9982E-05 0.671059 9.9982E-05 0.0185233 0.0836269 0.224382
0.0482582 9.9982E-05 0.329018 9.9982E-05 0.0629374 0.0632848 0.496301
0.0837979 9.9982E-05 0.579365 9.9982E-05 0.0536351 0.202322 0.0806799
9.9973E-05 9.9973E-05 0.3584 9.9973E-05 0.131024 0.0617976 0.448479
0.0047131 9.9982E-05 9.9982E-05 0.0280324 0.700389 0.113664 0.153001
0.314519 9.9991E-05 0.0197583 0.0737829 0.382047 0.0482194 0.161574
0.032193 0.0541148 9.9991E-05 0.0759156 0.400799 0.0548675 0.38201
0.0639076 0.0447297 9.9991E-05 0.052594 0.234217 0.0793447 0.525107
0.0194042 9.9982E-05 9.9982E-05 0.0293738 0.585399 0.142182 0.223441
0.0928558 0.0747927 0.0573351 0.0362996 0.144232 0.0291135 0.565371
0.017897 0.0148104 0.0364765 0.026241 0.283299 9.9991E-05 0.621176
0.0412571 9.9991E-05 0.0548743 0.0398343 0.222355 0.098472 0.543107
0.10105 9.9991E-05 0.00949125 0.0552157 0.257167 0.0982396 0.478736
0.000521574 0.00643596 0.0264763 0.017836 0.370987 0.0554032 0.52234
0.0352116 0.00536902 9.9991E-05 0.0148336 0.509703 0.133838 0.300945
0.0248556 9.9982E-05 9.9982E-05 0.0378386 0.440583 0.0888606 0.407662
0.0844423 9.9991E-05 0.0296789 0.0480006 0.230815 0.0229223 0.584041
0.0373248 0.0389409 0.0800334 0.036905 0.115834 0.0691882 0.621774
0.12536 0.0402051 0.0605043 0.108195 0.274318 0.101583 0.289835
0.168421 9.9991E-05 0.0103878 0.107631 0.225152 0.0578005 0.430508
0.034867 9.9991E-05 0.0267153 0.0556791 0.445192 0.0688541 0.368593
0.0448202 0.0127578 0.0452308 0.0517599 0.216301 0.087026 0.542104
0.0239155 0.031673 9.9991E-05 0.071366 0.316899 0.0958467 0.4602
0.0806295 0.0901613 0.0521334 0.0382605 0.148214 0.0272848 0.563317
9.9991E-05 0.34727 0.0275784 0.0965735 0.0762343 0.00515235 0.447091
0.0514761 0.121324 0.123149 0.116811 0.0122934 9.9991E-05 0.574847
0.0519172 0.179259 0.0329244 0.100511 0.0783982 0.0644028 0.492587
0.0687308 0.0810744 0.102712 0.128312 0.0620168 9.9991E-05 0.557054
9.9991E-05 0.190065 0.11995 0.16764 0.00441855 0.0581784 0.459648
0.154992 9.9982E-05 0.119559 9.9982E-05 0.177368 0.0647501 0.483131
9.9991E-05 0.14224 0.0941977 0.130165 0.00493145 0.13132 0.497047
0.0511753 0.174978 0.389992 0.188133 0.0888636 0.0711856 0.0356716
0.0105561 0.106171 0.0892407 0.114296 0.0975407 9.9991E-05 0.582096
0.0412268 0.17115 0.0429056 0.107957 0.0341243 0.0103692 0.592267
0.0808072 0.121578 0.0434591 0.122684 9.9991E-05 0.0997438 0.531627
0.134712 0.185157 0.193828 0.105563 0.0369263 0.0495641 0.29425
0.0252531 0.207879 0.115787 0.109564 0.010033 9.9991E-05 0.531385
0.0952651 0.134317 0.0885165 0.15414 0.0460798 9.9991E-05 0.481582
9.9964E-05 0.434224 0.415564 0.149812 9.9964E-05 9.9964E-05 9.9964E-05
0.0334129 0.130988 0.0834649 0.188394 0.0802976 9.9991E-05 0.483342
0.00147924 0.174015 0.0714546 0.188116 9.9991E-05 0.028684 0.536151
0.0166606 0.0912525 0.122736 0.0787396 0.0353561 0.0166993 0.638556
0.0276946 0.172619 0.0631139 0.185671 9.9982E-05 9.9982E-05 0.550701
0.0208096 0.23099 0.0685814 0.0785484 0.00787145 0.0707943 0.522405
0.45756 0.058135 9.9982E-05 9.9982E-05 0.00398803 0.0702998 0.409817
0.199611 0.0622082 0.0344729 0.0616974 0.0618493 0.125277 0.454884
0.932651 9.9964E-05 9.9964E-05 9.9964E-05 0.0515486 0.0154006 9.9964E-05
0.915824 0.0234678 0.0286749 9.9973E-05 0.031733 9.9973E-05 9.9973E-05
0.310573 0.108517 0.0393982 9.9982E-05 0.0199364 9.9982E-05 0.521375
0.0891132 0.156248 0.129766 0.28976 9.9982E-05 9.9982E-05 0.334913
0.222354 0.149048 0.0569762 0.255311 9.9982E-05 9.9982E-05 0.316111
0.305097 0.17532 0.0848269 0.31773 9.9982E-05 9.9982E-05 0.116826
0.217089 0.133577 0.0800531 0.226419 9.9982E-05 9.9982E-05 0.342662
0.691195 0.0933875 0.141631 0.033212 9.9982E-05 9.9982E-05 0.0403737
0.753712 0.1045 0.0206338 0.0661327 9.9982E-05 9.9982E-05 0.0548211
0.353766 0.037111 0.0215819 0.0100358 9.9991E-05 0.00732535 0.57008
0.464387 0.095885 9.9973E-05 0.0721298 9.9973E-05 9.9973E-05 0.367298
0.724236 0.0823346 9.9973E-05 0.0486874 9.9973E-05 9.9973E-05 0.144442
0.285339 0.0841072 9.9982E-05 0.0429429 0.0578685 9.9982E-05 0.529542
0.316897 0.0455647 0.00806734 0.0221838 9.9982E-05 9.9982E-05 0.607088
0.29771 0.0927137 0.0201805 0.0635349 9.9991E-05 0.00488793 0.520873
0.639363 0.0159096 9.9982E-05 9.9982E-05 0.0184246 0.0230996 0.303003
0.508361 0.0159058 9.9982E-05 9.9982E-05 0.0679887 0.0243455 0.383199
0.306714 0.0287321 0.0382102 9.9991E-05 0.0857687 0.0491838 0.491292
0.360263 0.044801 0.0941882 0.00941625 0.0614914 9.9991E-05 0.42974
0.289809 0.129031 9.9991E-05 0.0148567 0.04507 0.0020466 0.519088
0.441363 0.0192132 0.0353984 9.9982E-05 9.9982E-05 0.0501403 0.453685
0.823908 0.0144086 9.9982E-05 9.9982E-05 0.00752143 0.00519396 0.148768
0.410498 0.0120616 9.9973E-05 0.00143817 9.9973E-05 9.9973E-05 0.575702
0.80003 9.9973E-05 9.9973E-05 0.00133655 0.0726568 9.9973E-05 0.125677
0.549989 0.0407208 9.9964E-05 9.9964E-05 9.9964E-05 9.9964E-05 0.40889
0.347125 0.117039 0.00100515 0.017867 0.0395856 0.0218716 0.455506
0.343575 0.072556 0.011825 0.0454996 0.0232808 9.9991E-05 0.503163
0.106748 0.182163 0.0786975 0.113891 9.9982E-05 9.9982E-05 0.5183
0.138693 0.187016 0.0864473 0.129051 0.0213214 0.0365721 0.400899
0.0958994 0.181602 0.134298 0.253678 9.9991E-05 0.0022428 0.332179
0.113152 0.226784 0.105103 0.232466 0.0239374 9.9991E-05 0.298458
0.0437045 0.172262 0.0640685 0.147917 0.0540352 0.0620824 0.45593
0.156258 0.137825 0.107303 0.155626 0.0118556 0.0208474 0.410285
0.669507 0.18146 0.0762977 0.0724348 9.9973E-05 9.9973E-05 9.9973E-05
0.176492 0.108182 0.0155239 0.193796 9.9982E-05 9.9982E-05 0.505806
0.366254 0.318905 0.22531 0.0892312 9.9973E-05 9.9973E-05 9.9973E-05
0.337348 0.0675522 9.9973E-05 0.130855 9.9973E-05 9.9973E-05 0.463945
0.905662 9.9964E-05 9.9964E-05 9.9964E-05 9.9964E-05 0.0268486 0.0670897
0.919198 9.9955E-05 9.9955E-05 9.9955E-05 9.9955E-05 0.0803021 9.9955E-05
0.563446 9.9955E-05 9.9955E-05 9.9955E-05 9.9955E-05 9.9955E-05 0.436055
0.415638 0.0176263 9.9973E-05 0.00623175 9.9973E-05 9.9973E-05 0.560204
0.623125 9.9964E-05 9.9964E-05 9.9964E-05 0.0133822 9.9964E-05 0.363093
0.427568 9.9955E-05 9.9955E-05 9.9955E-05 9.9955E-05 9.9955E-05 0.571933
0.489629 9.9955E-05 9.9955E-05 9.9955E-05 9.9955E-05 9.9955E-05 0.509871
0.0154089 0.868374 0.0116058 9.9982E-05 0.0851789 9.9982E-05 0.0192322
0.0202555 0.741465 0.0465706 0.0645022 0.0881119 9.9991E-05 0.0389949
0.00146501 0.933647 9.9982E-05 0.0124144 0.0285301 9.9982E-05 0.023743
9.9964E-05 0.931716 0.0305378 9.9964E-05 9.9964E-05 9.9964E-05 0.0373462
0.00446224 0.0292817 0.0467003 0.0462939 0.00981454 0.354592 0.508855
0.00583635 0.0437768 0.00221881 9.9991E-05 0.0994085 0.305244 0.543416
9.9973E-05 0.0335953 9.9973E-05 9.9973E-05 0.0418962 0.435347 0.488861
9.9991E-05 0.0664566 0.0488645 0.027721 0.0681564 0.248727 0.539974
9.9991E-05 0.09293 0.119661 0.00212259 0.0942446 0.135418 0.555524
9.9973E-05 0.0414733 9.9973E-05 9.9973E-05 0.112776 0.555512 0.289939
0.0211533 0.0139718 9.9982E-05 0.00472433 9.9982E-05 0.36036 0.599591
0.0656485 9.9982E-05 0.0797856 0.0226112 9.9982E-05 0.582504 0.249251
9.9982E-05 0.299866 0.0365236 0.180845 0.111639 9.9982E-05 0.370926
0.0945252 0.0026769 0.0651949 0.0213706 0.0210765 0.378888 0.416268
9.9973E-05 0.0210719 9.9973E-05 9.9973E-05 0.0851832 0.540753 0.352692
0.0426703 9.9973E-05 0.0262458 9.9973E-05 9.9973E-05 0.386656 0.544128
9.9982E-05 0.00966612 9.9982E-05 0.0239755 0.107923 0.450766 0.407469
0.0341021 9.9973E-05 9.9973E-05 0.013834 9.9973E-05 0.396588 0.555176
9.9982E-05 0.0771071 9.9982E-05 0.00551709 0.0710886 0.325779 0.520308
0.092325 9.9964E-05 0.0787299 9.9964E-05 9.9964E-05 0.828545 9.9964E-05
0.101639 9.9982E-05 0.078709 0.00658838 9.9982E-05 0.495816 0.317048
0.0867989 9.9973E-05 9.9973E-05 0.0318348 9.9973E-05 0.555522 0.325545
0.0890306 9.9964E-05 0.110493 9.9964E-05 9.9964E-05 0.800077 9.9964E-05
9.9973E-05 0.0730545 9.9973E-05 9.9973E-05 0.123865 0.43278 0.370001
0.0834966 9.9973E-05 0.227539 9.9973E-05 9.9973E-05 0.627496 0.0611683
0.0221893 9.9964E-05 0.159311 9.9964E-05 9.9964E-05 0.8181 9.9964E-05
0.0405709 0.0438051 9.9982E-05 0.025406 9.9982E-05 0.367099 0.522919
9.9982E-05 0.0206248 9.9982E-05 0.0185142 0.201342 0.58536 0.173959
9.9982E-05 0.0263411 9.9982E-05 0.0376063 0.0668821 0.409751 0.45922
0.00922686 0.146207 0.0593013 0.0313751 0.00964125 0.196476 0.547772
9.9982E-05 0.0369306 9.9982E-05 0.00119106 0.0539338 0.405941 0.501804
0.125208 9.9982E-05 0.169182 9.9982E-05 0.248516 0.0785108 0.378383
0.0227781 0.0508115 9.9991E-05 0.0147221 0.0498901 0.331053 0.530645
9.9973E-05 0.0269591 9.9973E-05 9.9973E-05 0.120538 0.333433 0.51877
0.0293103 9.9982E-05 0.0814792 9.9982E-05 0.020478 0.549176 0.319357
0.0124767 0.130242 9.9982E-05 9.9982E-05 0.0544314 0.262176 0.540474
0.00801876 0.669511 0.04199 9.9973E-05 0.28018 9.9973E-05 9.9973E-05
0.0118967 0.772282 0.0296654 9.9982E-05 0.139236 0.0467201 9.9982E-05
9.9964E-05 0.850839 0.0327532 9.9964E-05 0.116008 9.9964E-05 9.9964E-05
9.9964E-05 0.828064 0.0429125 9.9964E-05 0.128624 9.9964E-05 9.9964E-05
9.9982E-05 0.729529 0.0703405 9.9982E-05 0.163408 0.0209983 0.0155245
9.9973E-05 0.0397908 9.9973E-05 9.9973E-05 0.18867 0.645339 0.1259
9.9973E-05 0.0251939 9.9973E-05 9.9973E-05 0.148893 0.678002 0.147611
0.0813683 9.9982E-05 0.00655292 0.0317633 9.9982E-05 0.738247 0.141869
0.0619791 0.103769 0.03884 0.0471792 0.045007 0.156713 0.546513
0.0362833 0.116441 0.0232373 0.0539361 0.0485556 0.154948 0.566599
9.9973E-05 9.9973E-05 0.0362072 0.0844696 9.9973E-05 0.680997 0.198026
0.00832264 0.00444559 0.0826764 0.0154379 9.9991E-05 0.285423 0.603595
0.0690446 0.0502937 0.0198421 0.0640354 9.9991E-05 0.4554 0.341284
0.0237893 0.0382464 9.9982E-05 9.9982E-05 0.0481105 0.371533 0.518121
9.9982E-05 0.0470538 9.9982E-05 0.0411629 0.0445654 0.297435 0.569583
9.9964E-05 9.9964E-05 9.9964E-05 9.9964E-05 0.126869 0.636727 0.236004
9.9964E-05 9.9964E-05 9.9964E-05 9.9964E-05 0.109346 0.572414 0.31784
9.9973E-05 0.00151209 9.9973E-05 9.9973E-05 0.147703 0.503182 0.347302
9.9973E-05 0.0446702 0.257439 9.9973E-05 0.0302107 9.9973E-05 0.66738
0.00946619 0.0294759 9.9982E-05 9.9982E-05 0.100846 0.49603 0.363983
9.9973E-05 0.0338954 9.9973E-05 9.9973E-05 0.113472 0.445995 0.406338
0.0370445 0.11417 0.0481241 0.310747 0.00408115 9.9991E-05 0.485734
0.00117237 0.0970969 0.066798 0.455472 0.0109035 0.0319266 0.33663
9.9973E-05 0.110864 0.0446688 0.381578 9.9973E-05 9.9973E-05 0.46259
0.0513973 0.138211 0.0251793 0.474609 0.00512863 9.9991E-05 0.305374
0.0304791 0.136546 0.0347756 0.281889 0.0103885 0.00720666 0.498715
0.0512893 0.0434532 0.211815 9.9982E-05 9.9982E-05 0.1466 0.546643
0.00936219 0.208511 0.0964147 0.669899 0.0156128 9.9982E-05 9.9982E-05
9.9973E-05 0.143172 0.0625223 0.489422 9.9973E-05 9.9973E-05 0.304584
9.9982E-05 0.153152 0.272783 0.093821 9.9982E-05 0.0577607 0.422284
9.9982E-05 0.0797211 0.294142 9.9982E-05 0.0638479 0.00924906 0.55284
0.0390042 0.107009 0.284658 9.9982E-05 0.055788 9.9982E-05 0.513341
9.9982E-05 0.084193 0.230203 9.9982E-05 0.0672526 0.00663178 0.61152
9.9991E-05 0.0989027 0.181009 0.020072 0.023601 0.0346688 0.641646
9.9973E-05 0.191533 0.0266102 0.418476 9.9973E-05 9.9973E-05 0.363081
0.0536499 0.153432 0.0261291 0.326155 0.0272072 0.0241364 0.38929
9.9973E-05 0.116923 0.0031091 0.459469 9.9973E-05 9.9973E-05 0.420198
0.0459667 0.11317 0.0481961 0.270467 0.0641326 0.0107985 0.447269
0.0290784 0.149115 0.0566456 0.506716 9.9991E-05 0.024571 0.233774
0.0458217 0.133679 0.00469765 0.334611 0.0277658 0.0255197 0.427906
0.0121148 0.103585 0.0581201 0.525484 0.0226103 0.0116737 0.266412
0.0508104 0.127714 0.0351628 0.313022 0.0151551 0.104464 0.353672
9.9991E-05 0.0586302 0.346627 0.00447039 0.0316376 0.044379 0.514155
0.0388527 0.140277 0.0738652 0.334207 0.0135617 0.0332485 0.365988
9.9973E-05 0.195011 0.0751005 0.587963 9.9973E-05 9.9973E-05 0.141626
0.0184479 0.122839 0.0445153 0.324419 0.0421768 0.0322834 0.415319
9.9982E-05 0.121489 0.393414 9.9982E-05 0.116327 0.0589275 0.309643
9.9973E-05 0.0128287 0.320688 0.0157753 9.9973E-05 9.9973E-05 0.650408
9.9991E-05 0.14957 0.0654025 0.33715 0.035775 0.0117806 0.400222
9.9973E-05 0.10769 0.238875 9.9973E-05 0.0846979 9.9973E-05 0.568437
9.9973E-05 0.0981458 0.330497 9.9973E-05 0.0684442 9.9973E-05 0.502613
0.0342963 0.194236 0.19575 0.194473 9.9991E-05 0.0658972 0.315247
0.0586825 0.219286 0.113152 0.232604 9.9982E-05 9.9982E-05 0.376076
0.0269705 0.0872731 0.114881 0.0909627 0.0335902 0.115146 0.531176
0.0368675 0.182661 0.0107059 0.295293 0.0172866 0.0563807 0.400805
9.9982E-05 0.106525 0.0319394 0.402536 0.0129754 9.9982E-05 0.445825
9.9973E-05 0.172804 0.0817846 0.605368 9.9973E-05 9.9973E-05 0.139744
0.0772678 0.123944 0.0956266 0.040188 0.0580363 0.0388473 0.56609
9.9982E-05 0.0840084 0.342353 9.9982E-05 0.0657739 0.0300638 0.477601
0.0241311 0.027523 0.768218 9.9973E-05 9.9973E-05 9.9973E-05 0.179828
9.9991E-05 0.153155 0.139352 0.00422074 0.00967727 0.117538 0.575957
0.086266 0.0733328 0.229434 0.0418691 0.147756 0.0295229 0.391819
0.0204772 0.160273 0.139707 0.129443 0.0188011 0.0408421 0.490457
0.0393998 0.118663 0.202488 0.0994036 0.0258263 0.0508886 0.463331
9.9964E-05 0.280883 0.605409 0.113308 9.9964E-05 9.9964E-05 9.9964E-05
9.9964E-05 0.228344 0.716514 0.054743 9.9964E-05 9.9964E-05 9.9964E-05
0.0172146 0.120877 0.41538 0.0592816 9.9991E-05 0.0436901 0.343456
9.9973E-05 0.247452 0.529807 0.14689 9.9973E-05 9.9973E-05 0.0755515
9.9964E-05 0.396401 0.425534 0.177665 9.9964E-05 9.9964E-05 9.9964E-05
0.0225617 0.147921 0.323992 0.0990594 9.9991E-05 0.0328521 0.373514
0.0299053 0.176479 0.257513 0.149848 0.0382914 0.0103384 0.337625
9.9973E-05 0.228112 0.453326 0.151042 9.9973E-05 9.9973E-05 0.167219
9.9973E-05 0.206193 0.573154 0.10703 9.9973E-05 9.9973E-05 0.113323
0.0089398 0.139367 0.273033 0.0892188 9.9991E-05 0.00326852 0.486073
9.9973E-05 0.176382 0.509759 0.103181 9.9973E-05 9.9973E-05 0.210378
9.9964E-05 0.257783 0.681659 0.0601588 9.9964E-05 9.9964E-05 9.9964E-05
0.059919 0.10861 0.0856786 0.102075 0.033578 0.107846 0.502292
0.0156366 0.138546 0.316704 0.183416 0.0534091 9.9991E-05 0.292189
9.9991E-05 0.318568 0.068613 0.150327 0.00691535 0.0202993 0.435178
9.9973E-05 0.178118 0.00956838 0.187926 9.9973E-05 9.9973E-05 0.624088
0.0432155 0.118287 0.108394 0.217183 9.9982E-05 9.9982E-05 0.512721
0.0354886 0.144978 0.0775353 0.207597 9.9991E-05 0.0258733 0.508427
9.9991E-05 0.333839 0.043061 0.192081 0.0546756 0.0437803 0.332463
0.0223716 0.159099 0.0621631 0.171964 0.0915414 9.9991E-05 0.492761
9.9973E-05 0.292245 9.9973E-05 0.166125 9.9973E-05 0.0388179 0.502513
0.0183004 0.229341 0.213566 0.223711 9.9991E-05 0.0199744 0.295007
9.9991E-05 0.195328 0.0598116 0.125564 0.0933228 0.231986 0.293887
9.9991E-05 0.199744 0.0836452 0.0893054 0.0302291 0.0907245 0.506252
0.0786724 0.15848 0.0407931 0.13675 0.0399157 0.00715021 0.538239
0.0287523 0.166407 0.017523 0.158819 0.0356726 0.114939 0.477886
0.00802961 0.268462 0.0922875 0.181942 0.0300244 9.9991E-05 0.419154
0.0526785 0.249723 0.0292818 0.132696 9.9991E-05 0.014496 0.521025
9.9973E-05 0.314024 0.319806 0.314754 9.9973E-05 9.9973E-05 0.051116
0.0337184 0.178212 0.0211213 0.152484 0.0173734 0.0682693 0.528821
0.037206 0.272541 0.202758 0.309978 9.9982E-05 9.9982E-05 0.177318
0.00501235 0.804337 0.00839704 0.0010866 0.180967 9.9982E-05 9.9982E-05
0.00077109 0.0307429 9.9982E-05 0.0139713 0.808075 9.9982E-05 0.14624
9.995E-05 9.995E-05 9.995E-05 9.995E-05 0.9994 9.995E-05 9.995E-05
9.995E-05 9.995E-05 9.995E-05 9.995E-05 0.9994 9.995E-05 9.995E-05
9.9955E-05 9.9955E-05 9.9955E-05 9.9955E-05 0.980353 9.9955E-05 0.0191477
9.9955E-05 9.9955E-05 9.9955E-05 0.0276023 0.971898 9.9955E-05 9.9955E-05
9.9955E-05 9.9955E-05 9.9955E-05 9.9955E-05 0.976367 9.9955E-05 0.0231332
9.995E-05 9.995E-05 9.995E-05 9.995E-05 0.9994 9.995E-05 9.995E-05
9.9955E-05 0.138751 9.9955E-05 9.9955E-05 0.860749 9.9955E-05 9.9955E-05
9.9982E-05 0.896327 0.00980987 9.9982E-05 0.0382585 0.0331657 0.022239
0.019486 0.790658 9.9973E-05 9.9973E-05 0.122751 9.9973E-05 0.0668051
0.0356592 0.890774 9.9982E-05 0.0128379 9.9982E-05 0.0386271 0.0219022
0.0149649 0.882992 9.9973E-05 9.9973E-05 0.081317 9.9973E-05 0.0204265
9.9982E-05 0.873609 9.9982E-05 0.0128429 0.0765984 0.0328683 0.00388142
9.9973E-05 0.900989 9.9973E-05 9.9973E-05 0.0416847 0.00375612 0.0532705
9.9991E-05 0.725966 0.0295759 0.0563387 0.0337309 0.010379 0.14391
9.9964E-05 0.895979 9.9964E-05 0.00363605 9.9964E-05 9.9964E-05 0.0999848
0.0132999 0.717523 0.0297461 0.0378908 0.0803141 9.9991E-05 0.121126
9.9964E-05 0.918675 9.9964E-05 0.0519618 9.9964E-05 9.9964E-05 0.0289629
0.00424222 0.987267 0.00175871 9.9973E-05 0.00643186 9.9973E-05 9.9973E-05
0.00141186 0.887494 9.9982E-05 0.0204574 0.0284382 9.9982E-05 0.061999
9.9964E-05 0.97261 0.0182105 9.9964E-05 9.9964E-05 0.00878015 9.9964E-05
0.0213686 0.945701 9.9964E-05 9.9964E-05 9.9964E-05 9.9964E-05 0.0325304
9.9973E-05 0.879956 0.0260352 0.0380652 9.9973E-05 9.9973E-05 0.0556435
9.9973E-05 0.938928 9.9973E-05 0.00278533 9.9973E-05 0.00237634 0.05561
9.9964E-05 0.860996 9.9964E-05 0.0582837 9.9964E-05 9.9964E-05 0.0803208
9.9964E-05 0.848519 9.9964E-05 0.0361647 9.9964E-05 9.9964E-05 0.114917
9.9964E-05 0.814628 9.9964E-05 0.076338 9.9964E-05 9.9964E-05 0.108634
9.9982E-05 0.0625963 0.362803 9.9982E-05 0.114866 0.0208414 0.438693
9.9982E-05 0.0605221 0.188023 9.9982E-05 0.0353717 0.0182574 0.697626
9.9991E-05 0.0940242 0.146932 0.0373666 0.0421009 0.0751979 0.604278
9.9964E-05 9.9964E-05 0.799635 9.9964E-05 9.9964E-05 0.0763057 0.12366
9.9982E-05 0.0557315 0.29906 9.9982E-05 0.123137 0.00659927 0.515273
9.9964E-05 0.0075546 0.841913 9.9964E-05 9.9964E-05 9.9964E-05 0.150133
9.9982E-05 0.0429099 0.259102 0.0148318 9.9982E-05 0.00551408 0.677442
9.9982E-05 0.0973159 0.325709 9.9982E-05 0.0958657 0.0739625 0.406947
9.9973E-05 0.0977813 0.288202 9.9973E-05 0.0819941 9.9973E-05 0.531723
9.9982E-05 0.0940963 9.9982E-05 0.017605 0.0773214 0.349266 0.461511
9.9982E-05 0.0805691 0.283235 9.9982E-05 0.0993943 0.0656362 0.470965
0.0144929 0.0538626 0.251538 9.9982E-05 9.9982E-05 0.0226934 0.657214
9.9973E-05 0.088409 0.272079 9.9973E-05 0.0977736 9.9973E-05 0.541438
0.216096 9.9982E-05 0.095628 0.0697753 0.445453 0.172848 9.9982E-05
0.0134461 9.9982E-05 0.879498 9.9982E-05 0.0370918 0.0433709 0.0263932
9.9973E-05 9.9973E-05 0.793533 9.9973E-05 0.00822577 0.00638939 0.191552
9.9982E-05 0.096594 0.222193 9.9982E-05 0.079967 0.0181193 0.582927
9.9982E-05 0.0262941 0.424172 9.9982E-05 0.0294192 0.0134283 0.506487
9.9973E-05 0.0228689 0.35223 9.9973E-05 9.9973E-05 0.0269831 0.597618
