9.9973E-05 0.0364724 0.055252 0.903724 0.00425214 9.9973E-05 9.9973E-05
9.9955E-05 9.9955E-05 9.9955E-05 0.97097 9.9955E-05 9.9955E-05 0.0285297
0.03785 9.9982E-05 0.00670404 0.863771 0.0441276 9.9982E-05 0.0473476
0.0196705 0.0217002 9.9973E-05 0.81662 0.14171 9.9973E-05 9.9973E-05
9.9955E-05 9.9955E-05 9.9955E-05 0.910129 0.0893712 9.9955E-05 9.9955E-05
0.152526 0.0819796 0.0523294 0.62403 0.0636705 9.9991E-05 0.0253649
0.16106 0.0550206 9.9964E-05 0.783519 9.9964E-05 9.9964E-05 9.9964E-05
0.165524 0.099591 0.025833 0.701847 0.00700524 9.9982E-05 9.9982E-05
0.0279067 0.144845 9.99639E-05 0.826848 9.99639E-05 9.99639E-05 9.99639E-05
0.14001 0.0529198 0.00486502 0.750904 0.0511019 9.9982E-05 9.9982E-05
0.131602 0.0329566 9.9973E-05 0.732656 0.102485 9.9973E-05 9.9973E-05
0.091503 0.488013 0.040119 0.0154165 0.24925 9.9991E-05 0.115598
9.999E-05 0.275759 0.0465304 0.0353869 0.548051 0.0409125 0.0532605
0.103974 0.441243 0.0630184 9.9982E-05 0.283887 9.9982E-05 0.107677
0.0518812 0.458453 0.115044 0.0217665 0.277398 0.00801095 0.0674467
0.0682438 0.300807 0.133458 0.0504118 0.429661 0.0173183 9.9991E-05
0.0881949 0.227477 0.0963393 9.9982E-05 0.580137 9.9982E-05 0.0076521
0.0768465 0.274167 0.0195773 0.0281263 0.509219 9.9991E-05 0.0919637
0.0824453 0.424838 0.0727452 0.104297 0.277809 9.9991E-05 0.0377654
0.181756 0.670287 9.9973E-05 9.9973E-05 0.0789915 9.9973E-05 0.0686658
0.111282 0.305345 0.00836839 0.00644408 0.473522 9.9991E-05 0.0949389
0.231751 0.174579 0.0350836 9.9991E-05 0.450671 0.0562456 0.0515705
0.0822999 0.204597 0.00258775 0.0136728 0.583427 0.0116172 0.101798
0.147681 0.449001 0.0522816 0.0192522 0.283496 9.9991E-05 0.0481879
0.0281705 0.0932209 0.0406267 0.114525 0.615024 0.0576567 0.0507768
0.0816869 0.218759 9.9982E-05 0.0554383 0.570978 9.9982E-05 0.0729385
0.0733707 0.505125 0.0167584 0.0424565 0.259947 9.9991E-05 0.102243
0.103322 0.420684 0.0924099 0.0204662 0.278274 9.9991E-05 0.0847436
0.140739 0.480216 9.9973E-05 9.9973E-05 0.245883 9.9973E-05 0.132862
9.9955E-05 9.9955E-05 9.9955E-05 0.90687 0.0926299 9.9955E-05 9.9955E-05
9.9964E-05 9.9964E-05 9.9964E-05 0.875057 0.120028 0.00451458 9.9964E-05
9.9973E-05 0.0278325 0.0764299 0.797806 0.0976321 9.9973E-05 9.9973E-05
9.9982E-05 9.9982E-05 0.049547 0.782542 0.154969 0.00285163 0.00989063
0.127742 0.119412 9.9982E-05 0.048126 0.512304 9.9982E-05 0.192216
9.999E-05 0.0712599 0.0522541 0.088261 0.498043 0.0243876 0.265694
9.9973E-05 9.9973E-05 9.9973E-05 0.00768889 0.567715 0.0252319 0.399064
9.9982E-05 0.632681 9.9982E-05 0.0389086 0.210122 0.0224252 0.0956631
0.083966 9.9991E-05 0.0152387 0.0151681 0.257313 0.0430899 0.585124
9.9991E-05 0.129263 0.038567 0.074932 0.530459 0.018421 0.208258
0.0802928 9.9982E-05 0.00171652 0.0382231 0.71558 9.9982E-05 0.163987
0.273722 0.0523438 9.9982E-05 0.0737394 0.55176 9.9982E-05 0.0482352
0.0829875 0.110963 0.0328704 0.0987269 0.581849 9.9991E-05 0.0925026
9.9973E-05 0.167716 9.9973E-05 0.0289616 0.151572 9.9973E-05 0.651451
0.275171 0.0445282 0.0193108 9.9973E-05 0.66069 9.9973E-05 9.9973E-05
0.0436882 0.0133377 0.0125221 0.0792704 0.581496 0.0270793 0.242607
0.0665694 0.0502787 0.0678583 0.0879384 0.598939 9.9991E-05 0.128317
0.0142045 9.9982E-05 0.0029411 9.9982E-05 0.342952 0.0402626 0.59944
9.9982E-05 0.00365768 0.0158352 0.0991568 0.586161 9.9982E-05 0.294989
0.00799284 0.0595271 0.0339272 0.123794 0.542927 0.0465855 0.185246
0.269831 9.9964E-05 9.9964E-05 9.9964E-05 9.9964E-05 0.0375634 0.692206
0.0687133 0.5948 9.9982E-05 9.9982E-05 0.180898 0.0816931 0.0736957
0.287856 0.261649 0.0395586 9.9991E-05 0.152907 0.120461 0.137468
0.0901397 0.148276 0.0813356 0.0456915 0.594565 9.9991E-05 0.0398922
0.04799 0.0995941 0.0401774 0.0658638 0.630905 0.0917774 0.0236925
0.0469208 0.100173 0.0646193 0.0451217 0.599463 0.0997015 0.044001
0.0853561 0.51034 9.9982E-05 0.108166 0.206927 9.9982E-05 0.0890102
0.0461076 0.305275 9.9982E-05 9.9982E-05 0.566059 0.0257725 0.0565862
0.0276717 0.128806 0.0190558 0.0824899 0.603983 0.0380764 0.0999172
0.117024 0.27901 0.0101882 0.0922643 0.410605 0.0295349 0.0613736
0.149598 0.478463 0.0205211 0.121015 0.148234 9.9991E-05 0.0820682
0.0686061 0.153808 0.0324931 0.0407796 0.579785 0.0283107 0.0962178
0.0168985 0.239187 0.0565602 0.0536848 0.486855 0.0563063 0.0905082
0.136788 0.570416 9.9991E-05 0.0516077 0.115153 0.0118668 0.114068
0.0352787 0.358033 9.9982E-05 9.9982E-05 0.451547 0.0547109 0.10023
0.0398233 0.113183 0.027375 0.025203 0.600441 0.123986 0.0699876
0.0820627 0.146773 9.9991E-05 0.068217 0.635004 0.0231395 0.0447036
0.0615912 0.345508 0.0326012 0.0855179 0.296779 0.0120141 0.165988
0.0703764 0.248529 0.0534887 0.0336499 0.483311 0.0346566 0.0759888
0.061873 0.157503 0.0530144 0.00370011 0.581922 0.0931402 0.0488473
0.0951358 0.479183 9.9991E-05 0.023279 0.250242 0.0221454 0.129914
9.9973E-05 0.00257954 9.9973E-05 0.032388 0.482777 9.9973E-05 0.481955
9.9973E-05 0.0587783 9.9973E-05 0.0125136 0.214837 9.9973E-05 0.713571
9.9991E-05 0.0598382 0.0142404 0.101634 0.551844 0.0182594 0.254084
0.0727219 9.9973E-05 0.0224811 9.9973E-05 9.9973E-05 0.0491043 0.855393
0.0639863 9.9964E-05 9.9964E-05 9.9964E-05 9.9964E-05 0.0510721 0.884542
0.0067874 9.9982E-05 0.0160451 9.9982E-05 0.224875 0.0134664 0.738626
9.9973E-05 0.044281 9.9973E-05 0.046754 0.454814 9.9973E-05 0.453851
0.0573594 0.0381957 0.0284692 0.110139 0.566204 0.0415344 0.158098
0.0204808 9.9982E-05 0.0220092 9.9982E-05 0.464163 0.00573848 0.487409
9.9973E-05 0.190521 9.9973E-05 0.0576319 0.146191 9.9973E-05 0.605356
9.9973E-05 0.157926 9.9973E-05 0.0139335 0.2689 9.9973E-05 0.55894
0.045157 0.00557036 0.0266583 0.0846384 0.560409 0.0051359 0.272431
9.9973E-05 0.0666328 9.9973E-05 0.0316335 0.352614 9.9973E-05 0.54882
9.9973E-05 0.0686336 9.9973E-05 0.0117143 0.4588 9.9973E-05 0.460552
0.0391183 9.99812E-05 9.99812E-05 9.99812E-05 0.464107 0.0241413 0.472334
0.203434 9.9964E-05 9.9964E-05 9.9964E-05 9.9964E-05 0.0932735 0.702892
0.051332 9.9982E-05 0.0331705 0.0295375 0.593918 9.9982E-05 0.291842
9.9964E-05 0.0727738 9.9964E-05 0.849936 0.0768907 9.9964E-05 9.9964E-05
9.9964E-05 9.9964E-05 0.0158911 0.921386 0.0623232 9.9964E-05 9.9964E-05
9.9964E-05 9.9964E-05 0.0306109 0.864139 0.10485 9.9964E-05 9.9964E-05
9.9964E-05 9.9964E-05 0.0436788 0.943296 0.012625 9.9964E-05 9.9964E-05
9.9973E-05 9.9973E-05 0.0240533 0.952974 0.0171932 9.9973E-05 0.00547915
9.9973E-05 9.9973E-05 0.0198919 0.870683 0.102855 0.00627018 9.9973E-05
9.9955E-05 9.9955E-05 9.9955E-05 0.914635 0.0848656 9.9955E-05 9.9955E-05
9.9991E-05 0.0877526 0.050285 0.085985 0.522246 0.0331526 0.220479
0.0410865 0.073377 0.0267556 0.111373 0.590984 0.0290112 0.127412
9.9982E-05 0.15153 9.9982E-05 0.0594586 0.0252108 0.046159 0.717442
0.00180956 0.0649236 0.0311507 0.0848133 0.579939 0.0398575 0.197506
9.9973E-05 0.104406 9.9973E-05 0.0619462 0.388604 9.9973E-05 0.444744
9.9982E-05 0.0233752 0.00312952 0.0930348 0.523783 9.9982E-05 0.356478
0.0870166 9.9991E-05 0.0183594 0.00858118 0.599271 0.0345936 0.252078
9.9982E-05 0.0110024 0.060758 0.0289187 0.499964 9.9982E-05 0.399157
9.9973E-05 0.287348 9.9973E-05 0.0236416 0.00715743 9.9973E-05 0.681553
0.0224466 0.0923238 0.0107506 0.130884 0.55131 0.0162714 0.176014
0.0514475 0.0345118 0.0184771 0.0752211 0.658386 9.9991E-05 0.161857
0.104361 0.0567637 0.0334936 0.0716721 0.560984 0.0533891 0.119337
0.121457 9.9982E-05 0.0447275 9.9982E-05 0.233485 0.0742076 0.525923
9.9973E-05 9.9973E-05 9.9973E-05 0.000978775 0.483511 0.0884165 0.426794
9.9973E-05 0.133627 9.9973E-05 0.0121723 0.46559 9.9973E-05 0.38831
9.9973E-05 9.9973E-05 0.00462291 9.9973E-05 0.380112 0.0584352 0.55653
9.9973E-05 0.148327 9.9973E-05 0.0333227 0.453264 9.9973E-05 0.364787
0.0263291 0.036372 0.0188594 0.0972419 0.575321 0.058924 0.186952
0.101876 0.338036 0.0595135 9.9991E-05 0.264009 0.183174 0.0532922
0.129118 0.358393 9.9991E-05 0.0432376 0.434282 0.00836358 0.0265058
0.0323181 0.166938 0.0614475 0.0834779 0.55436 0.0753363 0.0261217
0.0619723 0.173965 0.0403683 0.0742356 0.608308 0.0106649 0.0304864
0.0676713 0.347512 0.0191718 0.0272718 0.495145 0.0239243 0.0193034
0.00542272 0.303585 9.9991E-05 0.0533766 0.587042 0.0458377 0.00463547
9.9982E-05 0.420189 9.9982E-05 0.0393201 0.470761 0.0637665 0.00576413
0.0621803 0.142774 0.0428681 0.0880879 0.495249 0.115666 0.0531743
0.0136351 0.166951 0.024202 0.061288 0.640099 0.0595448 0.0342793
0.0345003 0.29562 9.9982E-05 0.0356387 0.585898 0.0481431 9.9982E-05
0.0430084 0.264749 9.9991E-05 0.0200805 0.593007 0.0573453 0.0217097
0.0575055 0.124656 0.0587413 0.0523752 0.589269 0.101962 0.0154914
0.0259656 0.1521 0.0337537 0.120903 0.576653 0.0642904 0.026334
0.0566253 0.190807 0.0532353 9.9991E-05 0.597992 0.0783332 0.0229071
0.0620932 0.136181 0.0733764 0.0527138 0.546003 0.125717 0.0039157
0.0206359 0.173099 0.0599987 9.9991E-05 0.597353 0.13311 0.0157035
0.170628 0.230831 0.0415011 0.0739678 0.323902 0.159069 9.9991E-05
9.9991E-05 0.13707 0.0559057 0.0484371 0.635889 0.0889266 0.0336714
0.064097 0.117135 0.0307555 0.0219552 0.659723 0.106234 9.9991E-05
0.0232349 0.574538 0.0190037 0.0178919 0.216268 0.0254178 0.123646
0.223776 0.320952 0.0265784 9.9991E-05 0.161616 0.212014 0.0549645
0.0548189 0.230554 0.0262299 0.043458 0.537262 0.0712659 0.0364112
0.226962 0.336044 0.0106269 9.9991E-05 0.0736798 0.225123 0.127464
0.0341399 0.527212 9.9982E-05 9.9982E-05 0.373905 0.025174 0.0393692
9.9973E-05 0.457407 9.9973E-05 9.9973E-05 0.44822 0.0336441 0.0604284
9.9982E-05 0.461848 9.9982E-05 0.0222382 0.392973 0.00383714 0.118904
9.9973E-05 0.51207 9.9973E-05 9.9973E-05 0.355895 0.0891712 0.0425638
0.0570715 0.177858 9.9991E-05 0.0439122 0.607927 0.0345166 0.0786147
9.9991E-05 0.146606 0.0478427 0.0972152 0.552243 0.0443553 0.111638
0.0341984 0.21574 0.0259403 9.9991E-05 0.614972 0.0623844 0.0466645
0.187491 0.396555 0.00874542 9.9991E-05 0.190818 0.138903 0.0773877
0.095028 0.0509823 0.0412633 0.128933 0.529785 0.0700896 0.0839187
0.228669 0.0478573 9.9991E-05 0.0612683 0.510826 0.135386 0.0158932
0.588226 0.0590266 9.9982E-05 0.0594012 9.9982E-05 0.169227 0.123919
0.154416 0.0394869 0.0229365 0.0662066 0.668891 0.00628161 0.0417813
0.273362 0.0763601 0.0566268 0.0872261 0.261491 0.0796358 0.165298
0.211104 0.05002 0.0465225 0.0913521 0.522295 0.0407815 0.0379256
0.468683 0.12524 9.9991E-05 0.0130912 0.257798 0.0343158 0.100773
0.515785 0.139228 9.9991E-05 0.025588 0.108299 0.10768 0.10332
0.290043 0.110038 9.9991E-05 0.0406964 0.421276 0.0886649 0.0491814
0.164172 0.0782021 0.0570703 0.0981688 0.501999 0.0175024 0.0828855
0.167641 0.0944757 0.0263405 0.143422 0.477785 0.0371349 0.0532005
0.392271 0.108651 0.0669531 9.9991E-05 0.108844 0.149371 0.17381
0.123758 0.0969546 0.0645316 0.0725722 0.570452 0.065517 0.00621447
0.393641 0.0760359 9.9982E-05 9.9982E-05 0.332166 0.0952272 0.10273
0.207453 0.128958 9.9982E-05 9.9982E-05 0.436855 0.136039 0.090495
0.110396 0.119379 0.0723226 0.0710381 0.513951 0.04943 0.0634832
0.284442 9.9973E-05 0.232699 0.343608 0.138952 9.9973E-05 9.9973E-05
0.453729 9.9964E-05 0.141197 0.404674 9.9964E-05 9.9964E-05 9.9964E-05
0.481974 9.9964E-05 0.111658 0.405968 9.9964E-05 9.9964E-05 9.9964E-05
0.318386 0.00489409 0.247246 0.322126 0.10087 0.00202894 0.00444927
0.250722 9.9973E-05 9.9973E-05 9.9973E-05 0.596093 0.0752102 0.0776744
0.107493 9.9991E-05 0.00404085 0.0753047 0.666399 0.091803 0.0548591
9.9973E-05 0.000837396 0.675692 9.9973E-05 0.305227 9.9973E-05 0.0179438
9.9982E-05 0.0833902 0.467897 0.00881944 0.369454 9.9982E-05 0.0702392
0.0143172 0.0962757 0.422269 0.0148304 0.346215 0.0758371 0.0302554
0.42439 0.0223877 9.9982E-05 9.9982E-05 0.288296 0.168883 0.0958438
0.158223 0.101648 0.0220687 0.0952334 0.49724 0.0622194 0.0633674
0.520929 0.0819706 9.9973E-05 9.9973E-05 0.253887 0.142913 9.9973E-05
0.248566 0.01248 9.9991E-05 0.0329281 0.596938 0.0594853 0.0495028
0.298528 0.0527148 0.000287481 0.0221938 0.488381 0.125844 0.0120508
0.321421 9.9964E-05 9.9964E-05 9.9964E-05 0.601231 0.0769479 9.9964E-05
0.585359 0.0120773 9.9982E-05 9.9982E-05 0.210962 0.131719 0.0596833
0.158527 9.9991E-05 0.0512459 0.0506262 0.618766 0.0676836 0.0530512
0.204745 0.00816932 9.9991E-05 0.0864524 0.630927 0.0542134 0.015393
9.9973E-05 0.00472563 0.974756 9.9973E-05 0.0189874 9.9973E-05 0.00123143
9.9964E-05 9.9964E-05 0.90572 9.9964E-05 0.0651253 0.0287553 9.9964E-05
9.9991E-05 0.0649285 0.548948 0.0499956 0.294102 0.0319241 0.0100025
9.9964E-05 0.0167713 0.627861 9.9964E-05 0.354968 9.9964E-05 9.9964E-05
9.9973E-05 0.0149633 0.784066 9.9973E-05 0.199419 9.9973E-05 0.00125148
9.995E-05 9.995E-05 0.9994 9.995E-05 9.995E-05 9.995E-05 9.995E-05
9.9964E-05 0.0407638 0.947741 9.9964E-05 0.0110954 9.9964E-05 9.9964E-05
9.9955E-05 9.9955E-05 0.825904 9.9955E-05 0.173596 9.9955E-05 9.9955E-05
9.9964E-05 0.0629258 0.936276 9.9964E-05 9.9964E-05 9.9964E-05 0.000398472
9.995E-05 9.995E-05 0.9994 9.995E-05 9.995E-05 9.995E-05 9.995E-05
9.995E-05 9.995E-05 0.9994 9.995E-05 9.995E-05 9.995E-05 9.995E-05
9.9964E-05 0.0227305 0.739606 9.9964E-05 0.237264 9.9964E-05 9.9964E-05
9.9973E-05 0.0494533 0.796897 0.0172457 0.136104 9.9973E-05 9.9973E-05
9.995E-05 9.995E-05 0.9994 9.995E-05 9.995E-05 9.995E-05 9.995E-05
0.0456823 0.0537148 0.371491 0.0778619 0.334002 0.0198116 0.0974358
9.9982E-05 0.0683786 0.648075 0.00522314 0.271935 0.00618837 9.9982E-05
9.9964E-05 9.9964E-05 0.773848 0.0442899 0.181462 9.9964E-05 9.9964E-05
9.9973E-05 0.0040247 0.884854 0.00938801 0.101433 9.9973E-05 9.9973E-05
9.995E-05 9.995E-05 0.9994 9.995E-05 9.995E-05 9.995E-05 9.995E-05
9.9964E-05 9.9964E-05 0.974299 9.9964E-05 0.0131059 9.9964E-05 0.0121953
9.995E-05 9.995E-05 0.9994 9.995E-05 9.995E-05 9.995E-05 9.995E-05
0.00427008 0.0583256 0.592502 0.0338437 0.287571 0.0233879 9.9991E-05
9.9964E-05 0.0264183 0.971143 9.9964E-05 0.00203846 9.9964E-05 9.9964E-05
0.671093 9.9973E-05 0.0471887 0.209799 9.9973E-05 0.0716195 9.9973E-05
0.330644 0.0610121 0.10696 0.150936 0.350248 9.9982E-05 9.9982E-05
0.321943 9.9982E-05 0.0285475 0.122589 0.50042 0.0263011 9.9982E-05
0.551892 9.9973E-05 0.0945438 0.139996 0.213269 9.9973E-05 9.9973E-05
0.187758 0.0300146 0.137114 0.122151 0.420306 0.0261452 0.0765113
0.568147 9.9982E-05 0.103884 0.185975 0.132431 0.00936415 9.9982E-05
0.191521 0.0740448 0.0906422 0.147968 0.460917 0.0224515 0.0124558
0.4293 9.9991E-05 0.0752754 0.152409 0.333862 0.0074596 0.00159397
0.279328 9.9982E-05 0.106797 0.114634 0.476453 0.0225881 9.9982E-05
0.363806 9.9973E-05 0.116113 0.125725 0.394057 9.9973E-05 9.9973E-05
0.17823 0.00477131 0.131621 0.201391 0.422413 0.00279706 0.0587768
0.0190732 9.9973E-05 9.9973E-05 0.895566 0.0813425 9.9973E-05 0.00371866
9.9973E-05 9.9973E-05 0.0662985 0.89635 9.9973E-05 0.0162441 0.0208072
9.9982E-05 0.0171939 9.9982E-05 0.947634 0.022497 0.0108112 0.00166351
0.0371281 0.0129977 9.9964E-05 0.949474 9.9964E-05 9.9964E-05 9.9964E-05
0.0165934 0.0148243 9.9973E-05 0.904747 0.0635351 9.9973E-05 9.9973E-05
9.9973E-05 0.00629821 0.00850584 0.968759 9.9973E-05 0.0161369 9.9973E-05
0.00144125 0.0229108 0.000188564 0.923032 0.0522276 9.9982E-05 9.9982E-05
0.0056311 0.0715488 9.9964E-05 0.92242 9.9964E-05 9.9964E-05 9.9964E-05
0.0361189 0.00562898 0.00580563 0.893897 0.0267126 9.9991E-05 0.0317369
0.0209652 0.0171127 0.0213479 0.897788 0.0218745 0.0208119 9.9991E-05
0.0298439 0.293208 9.9973E-05 0.604022 9.9973E-05 9.9973E-05 0.0726263
0.049841 0.349691 9.9964E-05 0.600068 9.9964E-05 9.9964E-05 9.9964E-05
0.0616299 0.321152 9.9973E-05 0.533731 9.9973E-05 9.9973E-05 0.0831872
0.118068 0.410998 9.9973E-05 0.440013 9.9973E-05 9.9973E-05 0.0306217
9.9982E-05 0.186928 0.0183713 0.0600169 0.47965 9.9982E-05 0.254833
0.00303023 0.0972408 0.0602359 0.020661 0.474636 9.9991E-05 0.344096
9.9991E-05 0.176724 0.0242518 0.014046 0.56516 0.040934 0.178785
0.00408393 0.311481 9.9982E-05 0.00343121 0.411783 9.9982E-05 0.269021
0.0342098 0.628192 0.0111931 9.9991E-05 0.223986 0.0281606 0.0741588
9.9982E-05 0.136085 9.9982E-05 0.0295251 0.654558 0.0312242 0.148408
9.9982E-05 0.0742667 0.0187095 9.9982E-05 0.606277 0.0247917 0.275755
0.0693351 0.00253078 0.00100214 0.0179984 0.535218 0.0754579 0.298457
9.9964E-05 9.9964E-05 9.9964E-05 9.9964E-05 0.380841 0.0749122 0.543847
0.0214329 0.0673521 0.0090608 0.0496938 0.603008 0.150038 0.0994136
9.9973E-05 0.0868597 9.9973E-05 0.032373 0.412604 9.9973E-05 0.467863
0.0384912 9.9964E-05 9.9964E-05 9.9964E-05 9.9964E-05 0.16592 0.795189
0.00082569 0.117484 0.00408087 0.0904612 0.609544 0.0607787 0.116825
0.0973207 9.9973E-05 9.9973E-05 9.9973E-05 0.165314 0.0996231 0.637442
9.9991E-05 0.0316949 0.000709273 0.0219736 0.531142 0.0703809 0.343999
9.9973E-05 0.213729 9.9973E-05 0.0052653 0.158303 9.9973E-05 0.622403
0.0519978 0.791246 9.9964E-05 0.156357 9.9964E-05 9.9964E-05 9.9964E-05
0.0529017 0.758539 9.9982E-05 0.103108 0.0648916 0.0203596 9.9982E-05
0.0382368 0.799148 9.9991E-05 0.0975455 0.0173118 0.000375998 0.047282
0.0632053 0.794589 9.9982E-05 0.116811 9.9982E-05 0.0112299 0.0139652
0.0304449 0.815086 9.9973E-05 0.0484658 0.105703 9.9973E-05 9.9973E-05
0.0428266 0.729666 0.0164238 0.0797241 0.118411 0.012849 9.9991E-05
9.9973E-05 9.9973E-05 0.0518462 0.870473 0.0300435 9.9973E-05 0.0473377
0.0264533 0.0386781 9.9982E-05 0.807455 0.12427 9.9982E-05 0.00294398
9.9982E-05 9.9982E-05 0.0228411 0.781311 0.17088 0.00772221 0.0170456
9.9982E-05 0.00442619 0.0748378 0.843175 0.00679333 9.9982E-05 0.070568
0.0272588 0.0032256 0.0333499 0.787398 0.148568 9.9982E-05 9.9982E-05
0.0762066 0.543686 9.9964E-05 0.379708 9.9964E-05 9.9964E-05 9.9964E-05
0.013194 0.500686 9.9973E-05 0.425332 9.9973E-05 0.0604889 9.9973E-05
0.00863079 0.517501 0.0068772 0.419287 0.00817345 0.0394301 9.9991E-05
9.9973E-05 0.0148694 9.9973E-05 0.861342 0.111314 0.0121754 9.9973E-05
9.9973E-05 0.536589 9.9973E-05 0.391007 9.9973E-05 0.0472828 0.0248208
0.16834 9.9982E-05 0.306542 0.237901 0.257124 0.0298932 9.9982E-05
0.0671794 0.0457491 0.211022 0.154296 0.516413 0.00524085 9.9991E-05
9.9964E-05 9.9964E-05 0.21201 0.208766 0.578824 9.9964E-05 9.9964E-05
0.125217 9.9982E-05 0.243224 0.291397 0.332875 9.9982E-05 0.00708681
0.0169511 0.0543634 0.0752073 0.215905 0.540349 0.0214817 0.0757425
0.270213 9.9973E-05 0.292917 0.418027 9.9973E-05 0.0185441 9.9973E-05
0.0531194 0.384874 9.9982E-05 9.9982E-05 0.453739 0.0597095 0.0483575
0.0953131 0.187254 9.9982E-05 9.9982E-05 0.431402 0.191326 0.0945049
0.060371 0.540905 9.9991E-05 0.00393881 0.325074 0.0249852 0.0446266
0.0827467 0.19718 9.9982E-05 9.9982E-05 0.49324 0.15273 0.0739032
0.299235 0.319068 9.9973E-05 9.9973E-05 9.9973E-05 0.311071 0.0703254
0.0993854 0.145852 0.02378 0.0857785 0.559809 9.9991E-05 0.0852952
0.106927 0.163371 0.0380211 9.9991E-05 0.508912 0.141395 0.0412737
0.0591041 0.495488 9.9991E-05 0.0232693 0.389563 0.0274612 0.00501362
0.0260854 0.138764 9.9991E-05 0.122459 0.595401 0.0271111 0.0900791
0.252539 0.302395 9.9982E-05 9.9982E-05 0.136128 0.166451 0.142287
0.100181 0.158218 0.00233301 0.0140671 0.55139 0.114968 0.0588424
0.0512287 0.327235 9.9991E-05 0.00810295 0.540057 0.034609 0.0386675
0.13272 0.0734126 0.143099 0.0966734 0.403538 0.0420791 0.108478
0.126919 0.240091 0.0187582 9.9991E-05 0.310672 0.169906 0.133554
0.145376 0.202432 0.0197616 9.9991E-05 0.422852 0.127554 0.0819251
0.0757454 0.165629 0.0037036 9.9991E-05 0.617057 0.0863156 0.0514495
0.085226 0.169596 9.9982E-05 9.9982E-05 0.566265 0.114851 0.0638619
0.0145889 0.121291 0.0702206 0.0177381 0.613809 0.112572 0.0497801
0.0543108 0.166122 0.0440247 0.0832876 0.564473 0.0584945 0.0292872
0.0569869 0.162357 9.9991E-05 0.0771283 0.570095 0.0486653 0.0846681
9.9964E-05 9.9964E-05 0.0457834 0.839219 0.114597 9.9964E-05 9.9964E-05
9.9964E-05 9.9964E-05 9.9964E-05 0.861335 0.137631 9.9964E-05 0.000634107
0.0198024 0.00769324 9.9991E-05 0.886877 0.0449381 0.026776 0.013813
9.9982E-05 0.0134921 0.0572426 0.896747 0.0246394 9.9982E-05 0.00767924
9.9955E-05 9.9955E-05 9.9955E-05 0.890511 0.108989 9.9955E-05 9.9955E-05
0.0984557 0.629652 0.0328074 9.9991E-05 0.138412 0.00426097 0.0963119
0.0672301 0.199537 0.0545869 0.0218989 0.501045 0.0746891 0.0810131
0.0990371 0.0548882 0.163651 0.2004 0.426661 0.0552629 9.9991E-05
0.0226895 0.213794 0.0350327 9.9991E-05 0.660314 0.00469082 0.063379
9.9973E-05 0.323635 9.9973E-05 0.0230063 0.570081 9.9973E-05 0.0829781
0.174584 0.2872 0.00686062 9.9991E-05 0.297972 0.184943 0.0483404
0.0244077 0.746826 0.0178951 0.074936 0.0365374 0.0275292 0.0718687
9.9991E-05 0.373595 0.010116 0.0472329 0.499718 0.0099363 0.0593015
0.0382564 0.62499 0.0764238 0.00942146 0.245689 0.00511952 9.9991E-05
0.116943 0.209471 0.0222282 0.00473697 0.452825 0.101839 0.091956
0.0721243 0.618454 9.9991E-05 0.062217 0.17633 0.0551895 0.0155852
9.9982E-05 0.2609 0.0653461 0.0820921 0.541039 0.050423 9.9982E-05
0.0446169 0.601067 0.0203812 0.0228727 0.187322 0.0508656 0.0728749
0.138409 0.289514 0.0947553 9.9991E-05 0.264607 0.10688 0.105736
0.173789 0.0972853 0.00761454 0.0656069 0.531012 0.0599943 0.0646979
0.486909 0.0623406 9.9982E-05 9.9982E-05 0.319271 0.100358 0.0309216
0.369376 0.0528089 9.9982E-05 9.9982E-05 0.535251 0.0170671 0.0252978
0.26148 0.0646752 9.9991E-05 0.0557156 0.5829 0.0226797 0.0124492
0.539123 0.035776 9.9982E-05 9.9982E-05 0.269365 0.0755412 0.0799951
0.129872 0.102108 0.0557313 0.0816122 0.493986 0.0089446 0.127745
0.284041 0.0620075 9.9991E-05 0.00245923 0.53106 0.0715382 0.0487936
0.52648 0.00463347 9.9982E-05 9.9982E-05 0.136351 0.18826 0.144077
0.64093 0.0323206 9.9982E-05 9.9982E-05 0.212832 0.0727886 0.0409286
0.399769 0.0471334 9.9982E-05 9.9982E-05 0.474719 0.0379068 0.0402717
0.603811 0.0398169 9.9982E-05 9.9982E-05 0.0669095 0.12154 0.167722
0.358367 0.0951613 9.9982E-05 9.9982E-05 0.450368 0.0459994 0.0499045
9.9982E-05 0.670631 0.0235088 9.9982E-05 0.174181 0.0350092 0.0964698
0.0418402 0.363812 0.0810634 9.9991E-05 0.1558 0.277101 0.0802838
9.9991E-05 0.449183 0.0338195 0.0340629 0.423338 0.0390001 0.0204969
9.9991E-05 0.224627 0.0755763 0.0433971 0.541959 0.0160167 0.0983235
9.9982E-05 0.574112 0.0179208 9.9982E-05 0.245626 0.0183744 0.143767
0.0446094 0.129565 0.0187321 0.0998234 0.566826 0.0575168 0.0829272
9.9982E-05 0.234234 9.9982E-05 0.0501164 0.595099 0.0821518 0.0381992
9.9991E-05 0.206654 0.0346249 0.0424438 0.499515 0.134475 0.0821884
0.011314 0.277435 0.0736195 0.00430771 0.486584 0.0756903 0.0710487
0.0166573 0.422244 0.000683868 0.00978692 0.495154 9.9991E-05 0.0553734
0.0132149 0.512713 0.0178425 9.9991E-05 0.295943 0.0714405 0.0887462
9.9982E-05 0.432062 0.0371355 9.9982E-05 0.427372 0.0716712 0.0315596
0.0764159 0.247601 9.9982E-05 9.9982E-05 0.59087 0.0650468 0.0198655
0.0295784 0.190795 0.0764756 0.00891499 0.583894 0.0435807 0.0667617
0.117467 0.269828 0.11577 0.0375186 0.286591 0.0962369 0.0765893
0.0124915 0.221541 0.121128 9.9991E-05 0.43256 0.141744 0.0704352
9.9991E-05 0.464868 0.066875 0.0130388 0.364521 0.0289068 0.0616908
0.0400369 0.265352 0.0566807 0.0380559 0.543584 0.0438062 0.012485
9.9982E-05 0.301627 0.0637329 9.9982E-05 0.488555 0.0591638 0.0867213
0.060787 0.19191 0.0226591 0.105311 0.553774 0.034107 0.0314515
0.0692384 0.0302651 0.113499 0.331396 0.455402 9.9982E-05 9.9982E-05
0.0957966 0.0532139 0.170137 0.138834 0.498204 0.0437151 9.9991E-05
0.163947 0.0594113 0.0891607 0.132646 0.491759 0.00925077 0.0538251
0.0937697 0.0458342 0.0920507 0.137719 0.546928 0.073575 0.010124
0.10498 9.9991E-05 0.181166 0.160701 0.485231 0.0299568 0.0378648
0.131596 0.186122 9.9973E-05 9.9973E-05 0.496382 0.1856 9.9973E-05
0.081463 0.0289397 0.125993 0.14448 0.497321 0.0193339 0.10247
0.381781 0.085258 0.189282 0.15744 0.0597301 0.0655846 0.0609243
0.0993472 0.0989059 0.129571 0.09138 0.575119 0.00557688 9.9991E-05
0.0320859 0.0583605 0.161893 0.128103 0.540854 0.0320434 0.0466602
0.0837374 0.020047 0.132059 0.100306 0.541681 0.0503183 0.0718507
0.281808 0.00381553 0.102477 0.154825 0.337009 0.100741 0.019325
0.0883625 0.0242917 0.125498 0.171384 0.590264 9.9982E-05 9.9982E-05
0.0517792 0.0092424 0.14143 0.119759 0.530371 0.147319 9.9991E-05
0.421499 9.9964E-05 0.143434 0.434667 9.9964E-05 9.9964E-05 9.9964E-05
0.0130173 0.0589478 0.125105 0.211969 0.523741 0.00547857 0.0617424
0.0777069 9.9991E-05 0.13727 0.195463 0.548197 0.0394271 0.00183542
0.0787187 0.0686363 0.0786816 0.0955132 0.598186 0.0599819 0.020282
0.0754325 9.9982E-05 0.185374 0.188674 0.527374 0.0229452 9.9982E-05
0.11004 9.9991E-05 0.085228 0.195327 0.534507 0.0168112 0.0579859
9.9991E-05 0.0237725 0.0264292 0.0603714 0.392633 0.426178 0.0705165
0.0427871 0.0436104 0.00939305 0.0580517 0.544545 0.257929 0.0436831
9.9964E-05 0.0671857 9.9964E-05 9.9964E-05 9.9964E-05 0.894827 0.0375878
9.9964E-05 0.0378368 9.9964E-05 9.9964E-05 9.9964E-05 0.961149 0.000614696
0.0243109 9.9991E-05 0.0150349 0.10733 0.456156 0.360309 0.0367598
0.11347 9.9982E-05 0.290586 0.135855 0.340005 0.119884 9.9982E-05
0.0104053 9.9982E-05 0.265635 0.166807 0.316027 0.240926 9.9982E-05
0.120626 9.9982E-05 0.306508 0.14883 0.163297 0.260539 9.9982E-05
0.0389455 9.9982E-05 0.234946 0.153096 0.368209 0.204603 9.9982E-05
0.111833 9.9982E-05 0.0351131 0.0996369 0.0511746 0.702043 9.9982E-05
0.00903047 9.9982E-05 0.0831248 0.109116 0.0513172 0.747211 9.9982E-05
0.0213833 0.00694371 0.0813692 9.9982E-05 0.54227 0.347834 9.9982E-05
9.9973E-05 9.9973E-05 0.08558 0.0741093 0.3471 0.49291 9.9973E-05
9.9973E-05 9.9973E-05 0.0646417 0.0749783 0.144422 0.715658 9.9973E-05
0.0102836 0.0853534 0.0562823 0.0582199 0.484578 0.305182 9.9991E-05
9.9973E-05 9.9973E-05 0.0410685 0.0507367 0.547128 0.360767 9.9973E-05
0.041446 9.9991E-05 0.0941122 0.0988412 0.479092 0.25674 0.0296683
9.9973E-05 9.9973E-05 9.9973E-05 0.0227497 0.275866 0.661208 0.0398764
0.0267693 0.0776838 9.9991E-05 0.0146728 0.3612 0.519471 0.000102233
9.9982E-05 0.0223209 9.9982E-05 0.0560105 0.530463 0.326655 0.0643513
0.0258498 0.114587 0.0394169 0.0211233 0.398568 0.370379 0.0300763
0.0150906 0.0378278 0.0496704 0.126966 0.469049 0.206557 0.0948395
0.0570156 9.9982E-05 9.9982E-05 0.0109969 0.454472 0.476176 0.00113906
9.9964E-05 0.0354078 9.9964E-05 9.9964E-05 0.159472 0.804721 9.9964E-05
9.9964E-05 9.9964E-05 9.9964E-05 0.000411555 0.623519 0.37567 9.9964E-05
9.9973E-05 0.0837436 9.9973E-05 9.9973E-05 0.146291 0.746 0.0236661
9.9964E-05 9.9964E-05 9.9964E-05 0.0216698 0.446742 0.531189 9.9964E-05
0.00307266 0.0592605 0.0151141 0.0564871 0.490312 0.332226 0.0435281
9.9991E-05 0.0344247 0.0170149 0.0845812 0.475185 0.34488 0.0438139
0.0957438 0.0519553 0.113307 0.156471 0.484494 0.0979284 9.9991E-05
0.107622 0.032066 0.168541 0.17574 0.377041 0.0839436 0.0550476
0.137151 0.00490686 0.277749 0.186536 0.294178 0.0993797 9.9991E-05
0.128953 0.00421777 0.211704 0.191482 0.343196 0.0946876 0.0257594
0.155311 0.0714861 0.153484 0.118212 0.486449 0.0149582 9.9991E-05
0.0908629 9.9982E-05 0.136603 0.171483 0.398448 0.202403 9.9982E-05
0.019795 9.9973E-05 0.0898287 0.182138 9.9973E-05 0.707938 9.9973E-05
0.0480244 0.00134498 0.191212 0.0894698 0.534989 0.13486 9.9991E-05
0.172397 9.9973E-05 0.0857238 0.319704 9.9973E-05 0.421875 9.9973E-05
9.9973E-05 9.9973E-05 0.148738 0.0686311 0.463263 0.319068 9.9973E-05
9.9955E-05 9.9955E-05 9.9955E-05 9.9955E-05 0.060599 0.938901 9.9955E-05
9.9955E-05 9.9955E-05 9.9955E-05 9.9955E-05 9.9955E-05 0.917457 0.0820434
9.9955E-05 9.9955E-05 9.9955E-05 9.9955E-05 0.464536 0.534964 9.9955E-05
9.9964E-05 9.9964E-05 9.9964E-05 0.0122516 0.560121 0.427228 9.9964E-05
9.9955E-05 9.9955E-05 9.9955E-05 9.9955E-05 0.366731 0.632769 9.9955E-05
9.9955E-05 9.9955E-05 9.9955E-05 9.9955E-05 0.56229 0.43721 9.9955E-05
9.9955E-05 9.9955E-05 9.9955E-05 9.9955E-05 0.536257 0.463243 9.9955E-05
9.9991E-05 0.0702725 0.0262456 0.861508 0.015724 0.00292981 0.0232205
0.021984 0.0560698 0.0803479 0.756535 0.028973 0.00278788 0.0533027
9.9964E-05 0.0304032 0.0340347 0.935162 9.9964E-05 9.9964E-05 9.9964E-05
0.00446751 9.9964E-05 9.9964E-05 0.946417 0.048716 9.9964E-05 9.9964E-05
0.036168 0.00616405 0.00972871 0.0628207 0.519626 9.9991E-05 0.365392
9.9982E-05 0.0689002 9.9982E-05 0.0657032 0.553832 0.0144799 0.296885
9.9973E-05 0.0375545 9.9973E-05 0.00504679 0.506869 9.9973E-05 0.45023
9.9973E-05 0.0742158 9.9973E-05 0.0731754 0.60619 9.9973E-05 0.246119
0.119703 0.0397172 0.00436493 0.0941565 0.621571 0.00447516 0.116013
9.9973E-05 0.120312 9.9973E-05 0.028668 0.305531 9.9973E-05 0.545189
9.9964E-05 9.9964E-05 9.9964E-05 0.0306351 0.619241 9.9964E-05 0.349724
0.0639782 9.9973E-05 9.9973E-05 9.9973E-05 0.273188 0.107448 0.555085
0.0430823 0.0788886 0.156286 0.307811 0.413732 9.9982E-05 9.9982E-05
0.0579309 0.0144666 0.0342589 9.9991E-05 0.37979 0.101698 0.411756
9.9964E-05 0.0793472 9.9964E-05 9.9964E-05 0.358743 9.9964E-05 0.56151
0.0107867 9.9982E-05 0.00265915 9.9982E-05 0.511761 0.0502451 0.424348
9.9982E-05 0.126219 0.010726 0.024539 0.413127 9.9982E-05 0.425189
9.9964E-05 9.9964E-05 9.9964E-05 9.9964E-05 0.548306 0.0293073 0.421987
0.000343393 0.0539551 9.9991E-05 0.089851 0.522595 0.0265507 0.306605
0.0802956 9.9973E-05 9.9973E-05 9.9973E-05 0.0202503 0.0458969 0.853257
0.0640922 9.9982E-05 0.00404485 9.9982E-05 0.293718 0.0772484 0.560696
9.9973E-05 9.9973E-05 0.0373387 9.9973E-05 0.322435 0.0899009 0.550025
0.0931665 9.9964E-05 9.9964E-05 9.9964E-05 9.9964E-05 0.0611062 0.845327
9.9973E-05 0.108654 9.9973E-05 0.0444512 0.427905 9.9973E-05 0.41869
0.208451 9.9973E-05 9.9973E-05 9.9973E-05 0.0763103 0.0842949 0.630644
0.136869 9.9964E-05 9.9964E-05 9.9964E-05 9.9964E-05 0.0364869 0.826244
0.0274302 0.00221137 0.00528818 0.0267485 0.627603 0.0322261 0.278493
9.9973E-05 0.183943 9.9973E-05 0.0464065 0.181254 9.9973E-05 0.588097
9.9982E-05 0.0685191 0.00139453 0.0260264 0.461835 9.9982E-05 0.442025
0.0672173 0.0140736 0.0239557 0.0962232 0.612848 9.9991E-05 0.185582
9.9973E-05 0.0704729 9.9973E-05 0.0373964 0.48898 9.9973E-05 0.40285
0.179292 0.289817 0.0197466 9.9991E-05 0.35577 0.119394 0.03588
9.9991E-05 0.0449841 0.00406251 0.0476988 0.563987 0.011141 0.328027
9.9973E-05 0.102345 9.9973E-05 0.0343394 0.509287 9.9973E-05 0.353729
0.0278291 9.9973E-05 9.9973E-05 9.9973E-05 0.318074 0.0923248 0.561473
0.0507431 0.0468158 0.0398354 0.0825306 0.508707 9.9991E-05 0.271268
0.0532335 0.283577 9.9964E-05 0.662789 9.9964E-05 9.9964E-05 9.9964E-05
0.00953297 0.140468 9.9973E-05 0.782767 9.9973E-05 9.9973E-05 0.0669329
0.00348328 0.13241 9.9973E-05 0.85388 9.9973E-05 9.9973E-05 0.00992684
0.043601 0.139418 9.9964E-05 0.816582 9.9964E-05 9.9964E-05 9.9964E-05
0.0806804 0.163217 9.9982E-05 0.729699 0.0126188 9.9982E-05 0.013585
9.9973E-05 0.183133 9.9973E-05 0.0446605 0.140108 9.9973E-05 0.631798
9.9973E-05 0.121947 9.9973E-05 0.0215181 0.167685 9.9973E-05 0.68855
0.0215654 9.9982E-05 0.0136328 9.9982E-05 0.164246 0.0277538 0.772602
0.0508639 0.0744505 0.0541375 0.0923815 0.544163 0.0459203 0.138083
9.9991E-05 0.0891321 0.0593318 0.117901 0.529414 0.0174323 0.186689
0.0833484 9.9982E-05 0.047808 9.9982E-05 0.220137 0.020472 0.628034
0.00453895 9.9991E-05 0.0603078 0.0262931 0.565295 0.0765098 0.266955
0.00844374 9.9991E-05 0.026904 0.0587377 0.397733 0.0783385 0.429743
9.9991E-05 0.0891332 0.000559493 0.0179051 0.532149 0.00228815 0.357865
9.9991E-05 0.00106889 0.0388105 0.0388418 0.600145 0.00317019 0.317864
9.9973E-05 0.151289 0.0166793 9.9973E-05 0.217207 9.9973E-05 0.614525
9.9973E-05 0.116835 9.9973E-05 0.00393201 0.288461 9.9973E-05 0.590472
9.9973E-05 0.112884 9.9973E-05 0.017743 0.358329 9.9973E-05 0.510745
0.279497 0.0137855 9.9991E-05 0.0666809 0.616873 0.00270441 0.0203588
9.9973E-05 0.0788374 9.9973E-05 0.0435307 0.359306 9.9973E-05 0.518026
9.9973E-05 0.0877043 9.9973E-05 0.0499233 0.409532 9.9973E-05 0.45254
0.0421698 0.0276851 0.314218 0.105036 0.452694 0.0150009 0.0431955
0.12575 9.9991E-05 0.422654 0.112651 0.32172 0.00921262 0.00791226
0.0354759 9.9982E-05 0.380681 0.109601 0.470806 0.00323645 9.9982E-05
0.0390393 9.9982E-05 0.474774 0.184458 0.280766 0.0207627 9.9982E-05
0.0422631 0.062217 0.27092 0.115314 0.509086 9.9982E-05 9.9982E-05
0.267421 9.9982E-05 9.9982E-05 0.0170522 0.517897 0.0205947 0.176835
0.0994018 9.9964E-05 0.657842 0.242356 9.9964E-05 9.9964E-05 9.9964E-05
9.9982E-05 0.0264876 0.499619 0.144619 0.309807 0.0192674 9.9982E-05
0.282488 9.9982E-05 0.0673381 0.188903 0.405378 9.9982E-05 0.0556927
0.286685 0.0648471 9.9982E-05 0.0720889 0.565652 9.9982E-05 0.0105271
0.312105 0.0644107 9.9973E-05 0.0980323 0.525152 9.9973E-05 9.9973E-05
0.236291 0.0195474 9.9982E-05 0.11418 0.611078 9.9982E-05 0.0187034
0.183208 0.057888 0.0328143 0.119855 0.604891 9.9991E-05 0.00124267
0.0442066 9.9973E-05 0.423376 0.164285 0.367832 9.9973E-05 9.9973E-05
0.00109127 0.0413946 0.34037 0.148196 0.415439 0.0475896 0.00592011
0.011868 9.9973E-05 0.446287 0.116755 0.42479 9.9973E-05 9.9973E-05
0.0413318 0.0289574 0.249168 0.149757 0.487719 0.0157309 0.0273366
0.0266705 9.9991E-05 0.477605 0.162632 0.252769 0.0323375 0.0478857
0.0338074 0.00525901 0.333429 0.12957 0.430824 0.0418156 0.0252949
0.0142341 0.0196868 0.529347 0.135828 0.228814 0.07199 9.9991E-05
0.0274734 0.0187238 0.286296 0.142193 0.395989 0.052121 0.0772035
0.359095 0.0237581 9.9982E-05 0.0732067 0.522648 9.9982E-05 0.0210924
0.0561049 0.0292613 0.355085 0.127962 0.349274 0.0424441 0.0398693
0.0396915 9.9982E-05 0.564734 0.209016 0.164877 0.0214809 9.9982E-05
0.0314517 0.0598764 0.338919 0.114987 0.380011 9.9991E-05 0.0746547
0.416782 0.108354 9.9982E-05 0.112085 0.319357 9.9982E-05 0.043223
0.368246 9.9964E-05 9.9964E-05 0.00244328 0.628911 9.9964E-05 9.9964E-05
0.0665996 0.0301215 0.330331 0.147621 0.387835 0.0373923 9.9991E-05
0.206187 0.0865427 9.9973E-05 0.117565 0.589405 9.9973E-05 9.9973E-05
0.258364 0.0911528 9.9973E-05 0.125713 0.52447 9.9973E-05 9.9973E-05
0.139572 9.9991E-05 0.220203 0.177662 0.34283 0.0553488 0.0642847
0.100413 9.9982E-05 0.247991 0.21399 0.352431 0.0849754 9.9982E-05
0.128407 0.0598869 0.0408922 0.0827387 0.633216 0.0372473 0.0176119
0.0742928 0.0386594 0.316286 0.125057 0.404703 0.0033282 0.0376736
9.9982E-05 0.0112656 0.399567 0.10131 0.461952 0.0257052 9.9982E-05
0.0783576 9.9973E-05 0.588905 0.175932 0.156506 9.9973E-05 9.9973E-05
0.158766 0.0295812 0.0138218 0.0815372 0.672751 0.0262372 0.017306
0.360523 0.0670299 9.9982E-05 0.0757393 0.46259 9.9982E-05 0.0339179
0.782768 9.9973E-05 9.9973E-05 0.0136045 0.19704 9.9973E-05 0.00628753
0.156285 0.059272 0.0350084 0.144987 0.583113 9.9991E-05 0.021235
0.230022 0.161365 0.0239443 0.0568014 0.418001 0.109766 9.9991E-05
0.165164 9.9991E-05 0.128334 0.162533 0.488637 0.00806875 0.0471628
0.202061 0.0445515 0.0361069 0.144833 0.532009 0.0191675 0.0212714
0.61227 9.9964E-05 0.101413 0.285916 9.9964E-05 9.9964E-05 9.9964E-05
0.727583 9.9964E-05 0.0683897 0.203628 9.9964E-05 9.9964E-05 9.9964E-05
0.426889 0.0118154 0.0606376 0.134199 0.326966 0.0196336 0.019859
0.528294 9.9973E-05 0.145342 0.268511 0.0575532 9.9973E-05 9.9973E-05
0.428683 9.9964E-05 0.164538 0.406379 9.9964E-05 9.9964E-05 9.9964E-05
0.333727 9.9991E-05 0.0728709 0.147199 0.387606 0.0366121 0.0218844
0.224185 0.0645322 0.154192 0.200098 0.354541 0.00235083 9.9991E-05
0.473564 9.9973E-05 0.127602 0.23609 0.162444 9.9973E-05 9.9973E-05
0.622407 9.9973E-05 0.118372 0.171512 0.0874088 9.9973E-05 9.9973E-05
0.240228 0.00524302 0.131849 0.100824 0.51686 9.9991E-05 0.00489625
0.529931 9.9973E-05 0.109878 0.156241 0.203651 9.9973E-05 9.9973E-05
0.682702 9.9964E-05 0.0571086 0.25979 9.9964E-05 9.9964E-05 9.9964E-05
0.120314 0.116735 0.107114 0.0824076 0.506936 9.9991E-05 0.0663922
0.304348 0.0329766 0.147149 0.163715 0.336036 0.0156751 9.9991E-05
0.068506 9.9982E-05 0.14075 0.320299 0.441946 9.9982E-05 0.0282992
0.0165723 9.9973E-05 0.215473 0.169344 0.598311 9.9973E-05 9.9973E-05
0.110111 9.9991E-05 0.206225 0.138428 0.521668 0.00286236 0.0206056
0.108307 9.9982E-05 0.24646 0.145311 0.473813 9.9982E-05 0.0259088
0.0999555 0.0189863 0.160232 0.365554 0.351508 9.9991E-05 0.00366536
0.0508229 0.005877 0.156748 0.239974 0.523672 0.00814034 0.0147665
0.029023 9.9982E-05 0.162336 0.284169 0.498441 9.9982E-05 0.0258313
0.202356 0.00787269 0.260775 0.202262 0.261595 0.0589946 0.00614376
0.0844534 0.115657 0.0726169 0.185185 0.351628 9.9991E-05 0.19036
0.0863321 0.0291457 0.118482 0.176379 0.524288 9.9991E-05 0.0652731
0.0822754 0.0551195 0.123368 0.141387 0.530941 0.0668092 9.9991E-05
0.00645042 0.043555 0.0912376 0.164266 0.569846 0.0137354 0.110909
0.0976239 9.9973E-05 0.166164 0.280771 0.455141 9.9973E-05 9.9973E-05
0.0624044 0.00190928 0.15553 0.192913 0.541257 0.044594 0.00139243
0.313297 9.9973E-05 0.271252 0.327016 0.0881347 9.9973E-05 9.9973E-05
0.0677565 0.0716458 0.135386 0.157824 0.555818 0.00982259 0.00174683
0.176972 9.9982E-05 0.248881 0.315653 0.234401 0.0238931 9.9982E-05
9.99639E-05 0.180546 9.99639E-05 0.802067 9.99639E-05 0.0169875 9.99639E-05
9.9991E-05 0.766477 0.0142713 0.0479093 0.132691 0.0114322 0.0271191
9.995E-05 0.9994 9.995E-05 9.995E-05 9.995E-05 9.995E-05 9.995E-05
9.995E-05 0.9994 9.995E-05 9.995E-05 9.995E-05 9.995E-05 9.995E-05
9.9964E-05 0.962273 0.00605059 9.9964E-05 0.0312767 9.9964E-05 9.9964E-05
9.9955E-05 0.978968 0.0205322 9.9955E-05 9.9955E-05 9.9955E-05 9.9955E-05
9.9955E-05 0.945888 9.9955E-05 9.9955E-05 0.0536119 9.9955E-05 9.9955E-05
9.9955E-05 0.989254 9.9955E-05 0.0102461 9.9955E-05 9.9955E-05 9.9955E-05
9.9955E-05 0.867643 9.9955E-05 0.131857 9.9955E-05 9.9955E-05 9.9955E-05
9.9973E-05 0.0335232 9.9973E-05 0.900102 0.00310168 9.9973E-05 0.0629733
9.9973E-05 0.147472 9.9973E-05 0.786417 0.0408873 0.0249239 9.9973E-05
9.9991E-05 0.0495763 0.00320016 0.885188 0.0267908 0.0289802 0.00616487
0.00873827 0.0587788 9.9982E-05 0.869717 0.0348246 0.0277413 9.9982E-05
9.9973E-05 0.0933283 0.0231494 0.873662 0.00956008 9.9973E-05 9.9973E-05
9.9964E-05 0.0598075 9.9964E-05 0.880908 0.0588845 9.9964E-05 9.9964E-05
0.035481 0.00802416 0.0674075 0.752521 0.115241 0.00949455 0.0118307
9.9964E-05 9.9964E-05 9.9964E-05 0.898476 0.100765 0.000359375 9.9964E-05
0.015918 0.0860318 0.0333686 0.717542 0.140606 0.00643345 9.9991E-05
9.9964E-05 9.9964E-05 0.0534182 0.911912 0.0342701 9.9964E-05 9.9964E-05
9.9955E-05 9.9955E-05 9.9955E-05 0.981906 9.9955E-05 0.0175945 9.9955E-05
9.9973E-05 0.0352303 0.0266761 0.880075 0.0577188 9.9973E-05 9.9973E-05
9.9955E-05 9.9955E-05 9.9955E-05 0.972699 9.9955E-05 0.0268016 9.9955E-05
9.9964E-05 9.9964E-05 9.9964E-05 0.934736 0.0380808 0.0267837 9.9964E-05
9.9964E-05 9.9964E-05 9.9964E-05 0.892684 0.106303 9.9964E-05 0.000613425
9.9955E-05 9.9955E-05 9.9955E-05 0.921288 0.0782118 9.9955E-05 9.9955E-05
9.9964E-05 9.9964E-05 0.0377467 0.86931 0.0925433 9.9964E-05 9.9964E-05
9.9964E-05 9.9964E-05 0.0254698 0.85649 0.11764 9.9964E-05 9.9964E-05
9.9964E-05 9.9964E-05 0.0455423 0.826834 0.127223 9.9964E-05 9.9964E-05
0.34959 0.110233 9.9982E-05 0.085935 0.39404 9.9982E-05 0.0600015
0.243532 0.0380298 9.9973E-05 0.0266216 0.691517 9.9973E-05 9.9973E-05
0.130645 0.0733394 0.023195 0.108384 0.584694 0.000949782 0.0787933
0.804989 9.9964E-05 9.9964E-05 9.9964E-05 0.124681 9.9964E-05 0.0699306
0.296384 0.112779 9.9982E-05 0.0667908 0.496749 9.9982E-05 0.0270975
0.863108 9.9964E-05 9.9964E-05 9.9964E-05 0.13409 9.9964E-05 0.00240234
0.310312 9.9964E-05 9.9964E-05 0.0498381 0.63945 9.9964E-05 9.9964E-05
0.338399 0.0922209 9.9982E-05 0.0906049 0.4233 9.9982E-05 0.0552755
0.355915 0.0200674 9.9973E-05 0.0951746 0.528543 9.9973E-05 9.9973E-05
9.9973E-05 0.0337556 9.9973E-05 0.0863191 0.462235 9.9973E-05 0.417391
0.297955 0.0646361 9.9982E-05 0.0887935 0.480542 9.9982E-05 0.0678737
0.232624 9.9991E-05 0.00582007 0.0469164 0.644424 0.0400855 0.0300303
0.276464 0.121614 9.9973E-05 0.0375566 0.564065 9.9973E-05 9.9973E-05
0.0732262 0.478696 0.0771298 9.9982E-05 9.9982E-05 0.23527 0.135478
0.86665 0.0670282 9.9982E-05 9.9982E-05 0.022044 0.0259626 0.0181154
0.801824 0.0228955 9.9964E-05 9.9964E-05 0.17488 9.9964E-05 9.9964E-05
0.213533 9.9973E-05 9.9973E-05 0.126025 0.617769 9.9973E-05 0.0423731
0.466006 9.9973E-05 9.9973E-05 0.00251731 0.525123 9.9973E-05 0.00605372
