0.0316665 0.0416661 9.9982E-05 0.0305323 0.00514029 9.9982E-05 0.890795
9.9964E-05 0.0377676 9.9964E-05 9.9964E-05 9.9964E-05 0.0188772 0.942955
0.0122537 0.0211746 9.9991E-05 0.037711 0.00103179 0.0519114 0.875817
9.9973E-05 0.0556095 9.9973E-05 0.143249 0.0168533 9.9973E-05 0.783988
9.9955E-05 9.9955E-05 9.9955E-05 0.0830517 9.9955E-05 9.9955E-05 0.916449
0.0157138 0.0277127 0.110865 0.103282 0.0707868 0.00879614 0.662843
0.000658364 0.0563144 0.129254 0.0152865 0.0392363 9.9991E-05 0.75915
0.011538 0.0488222 0.141844 0.0297161 0.0668822 9.9991E-05 0.701097
9.99729E-05 0.0181463 0.0128885 9.99729E-05 0.153683 9.99729E-05 0.814982
0.00779632 0.0102523 0.0858927 0.0647858 0.071788 9.9991E-05 0.759385
9.9982E-05 0.0139461 0.09547 0.1042 0.020824 9.9982E-05 0.765359
0.0243885 9.9991E-05 0.0516957 0.259188 0.495638 0.135978 0.0330116
0.0339955 0.0140414 0.0222723 0.586841 0.257342 0.0390575 0.0464502
0.0832655 9.9982E-05 0.0627774 0.250479 0.508498 0.0947807 9.9982E-05
0.100034 0.0133859 0.0474237 0.31006 0.454903 0.0362731 0.0379205
0.0976412 0.00868082 0.0474632 0.439054 0.301975 0.0440249 0.0611604
0.0843925 0.00293013 0.0407654 0.616662 0.225248 9.9991E-05 0.0299015
0.0101751 0.0555135 0.0762456 0.465686 0.274544 0.117736 9.9991E-05
0.0521194 0.0201039 0.0851691 0.292149 0.391671 0.0550656 0.103721
0.00131557 9.9991E-05 0.103173 0.0668446 0.69435 0.0811595 0.0530568
0.0388614 9.9991E-05 0.0933732 0.452254 0.321787 0.0804891 0.0131352
0.081401 9.9982E-05 0.257922 0.43898 0.195268 0.0262291 9.9982E-05
0.0140098 0.0299702 0.0743675 0.581946 0.206833 0.0857565 0.00711757
0.0625978 0.000161411 0.0852267 0.241229 0.44718 0.102866 0.0607386
0.108187 0.0011217 0.0538784 0.615681 0.174663 9.9991E-05 0.0463691
0.00977034 0.00375585 0.100424 0.569105 0.287486 9.9991E-05 0.029359
9.9982E-05 9.9982E-05 0.0581619 0.264035 0.526373 0.110343 0.0408873
0.0480252 0.00698327 0.0724392 0.310999 0.461601 0.0667438 0.0332084
9.9973E-05 9.9973E-05 0.141354 0.254556 0.505318 0.0984723 9.9973E-05
9.995E-05 0.9994 9.995E-05 9.995E-05 9.995E-05 9.995E-05 9.995E-05
9.995E-05 0.9994 9.995E-05 9.995E-05 9.995E-05 9.995E-05 9.995E-05
0.0805767 0.392836 9.9982E-05 0.0392112 0.0232048 9.9982E-05 0.463971
0.0630771 0.310718 9.9973E-05 0.13516 9.9973E-05 9.9973E-05 0.490746
9.999E-05 0.0305174 0.0911084 0.476513 0.0927826 0.255757 0.0532223
0.0471507 0.0172315 0.0264403 0.498908 0.0475859 0.300718 0.0619658
0.00601216 0.0115187 0.00869148 0.527505 9.9991E-05 0.414813 0.0313598
0.00471995 9.9991E-05 0.0022579 0.184496 0.650659 0.12824 0.029527
0.0194485 0.00426034 0.154238 0.219181 9.9982E-05 0.602672 9.9982E-05
0.0201597 0.0308683 9.9991E-05 0.543579 0.13219 0.241868 0.0312345
9.9982E-05 0.00976228 0.0188986 0.695614 9.9982E-05 0.223753 0.0517722
9.9991E-05 0.0405854 0.140642 0.548234 0.0766444 0.0963979 0.097397
9.9991E-05 0.0323443 0.0766615 0.604104 0.105433 0.087315 0.0940424
9.9982E-05 0.00393682 9.9982E-05 0.0972706 0.187475 0.674098 0.0370198
0.0475978 9.9982E-05 0.20217 0.629898 0.0659224 9.9982E-05 0.0542115
0.0582883 9.9991E-05 0.048219 0.53976 0.00780958 0.284857 0.0609665
0.0184343 0.0202199 0.0892954 0.569821 9.9991E-05 0.12701 0.17512
9.9964E-05 9.9964E-05 0.0987956 0.329753 9.9964E-05 0.571052 9.9964E-05
9.9982E-05 0.00194977 0.0420871 0.600315 9.9982E-05 0.252557 0.102891
0.0723469 0.0234175 0.0399472 0.489405 0.0970345 0.209296 0.068553
9.9955E-05 9.9955E-05 0.41389 9.9955E-05 9.9955E-05 0.58561 9.9955E-05
9.9973E-05 9.9973E-05 0.0756125 0.198417 0.616022 0.109649 9.9973E-05
0.0605189 9.9991E-05 0.378109 0.179873 0.238316 0.138258 0.00482532
0.06677 0.0189791 0.0981909 0.591076 0.141063 0.0729061 0.0110148
0.0768334 9.9991E-05 0.152682 0.593579 0.081879 0.00254318 0.0923829
0.049404 0.0104591 0.110624 0.61531 0.133007 0.00782605 0.0733707
9.9991E-05 0.0173256 0.0627268 0.223499 0.513081 0.0921517 0.091116
9.9982E-05 0.031887 0.0378286 0.546435 0.331608 0.0520411 9.9982E-05
0.0719835 0.029507 9.9991E-05 0.55504 0.149738 0.142528 0.051103
0.00937616 0.0135683 0.0667182 0.404871 0.272128 0.100352 0.132986
0.00971507 0.0074662 0.11652 0.156577 0.489385 0.0667321 0.153605
0.0287457 9.9991E-05 0.0634679 0.567114 0.144287 0.126046 0.0702397
0.027346 0.018497 0.07004 0.518662 0.251186 0.0672171 0.0470519
9.9991E-05 0.0505038 0.13413 0.116314 0.549431 0.115174 0.0343472
0.0135145 0.0129465 0.00870726 0.446002 0.375502 0.140901 0.00242705
0.0554908 0.0256994 0.118067 0.613152 0.0865865 0.0765132 0.0244916
0.00954831 0.034959 0.0499854 0.610246 0.151622 0.0428997 0.10074
0.064044 0.0605096 0.063021 0.251262 0.406392 0.137751 0.0170193
0.0578379 0.0485413 0.0891899 0.501625 0.235697 0.0636181 0.00349035
0.0583568 0.0182083 0.0673868 0.572246 0.144354 0.0905585 0.048889
9.9982E-05 0.0433508 0.0931112 0.239034 0.515505 0.108799 9.9982E-05
9.9982E-05 0.00667954 9.9982E-05 0.481414 0.0466626 0.460736 0.00430762
0.0204902 0.0271395 9.9982E-05 0.12661 0.0410936 0.784467 9.9982E-05
0.0407572 0.00320708 9.9991E-05 0.489959 0.0451078 0.288508 0.132361
9.9955E-05 9.9955E-05 0.180491 9.9955E-05 9.9955E-05 0.819009 9.9955E-05
9.9955E-05 9.9955E-05 0.210588 9.9955E-05 9.9955E-05 0.788912 9.9955E-05
9.9964E-05 9.9964E-05 0.0925474 0.206183 9.9964E-05 0.70087 9.9964E-05
9.9982E-05 0.0225965 9.9982E-05 0.431497 0.0384058 0.468377 0.0389235
0.0614167 0.0215335 0.0799313 0.522281 0.074334 0.163323 0.0771801
9.9973E-05 0.00913658 0.0429968 0.482685 9.9973E-05 0.464882 9.9973E-05
9.9973E-05 9.9973E-05 9.9973E-05 0.138689 0.218273 0.607323 0.0354143
9.9973E-05 0.0213596 9.9973E-05 0.259495 0.173619 0.545227 9.9973E-05
0.0546389 0.0327416 0.0356739 0.505964 0.0137725 0.297081 0.0601276
9.9973E-05 9.9973E-05 9.9973E-05 0.321916 0.0530433 0.579538 0.045203
9.9991E-05 0.0296828 0.000151932 0.457872 0.124818 0.38561 0.00176577
9.9973E-05 0.00458693 0.0896943 0.467207 9.9973E-05 0.438212 9.9973E-05
9.9955E-05 9.9955E-05 0.355391 9.9955E-05 9.9955E-05 0.644109 9.9955E-05
0.012469 0.0173697 0.0572722 0.622734 9.9991E-05 0.230587 0.0594683
9.9973E-05 0.063736 9.9973E-05 0.0862103 0.0497026 9.9973E-05 0.800051
9.9964E-05 0.0671185 9.9964E-05 0.060323 9.9964E-05 9.9964E-05 0.872159
0.059999 0.0537167 9.9982E-05 0.07758 0.00765355 9.9982E-05 0.800851
0.0787763 0.0406579 9.9964E-05 9.9964E-05 9.9964E-05 9.9964E-05 0.880166
0.0386443 0.03792 9.9964E-05 9.9964E-05 9.9964E-05 9.9964E-05 0.923036
0.0402885 0.0145528 9.9973E-05 0.0797966 9.9973E-05 9.9973E-05 0.865062
9.9964E-05 0.0297908 9.9964E-05 0.0828389 9.9964E-05 9.9964E-05 0.88697
0.0931492 9.9991E-05 0.00890073 0.532178 0.103621 0.225707 0.0363442
0.0493732 0.0263156 0.0432212 0.563347 0.105864 0.123361 0.0885182
9.9982E-05 9.9982E-05 0.01198 0.00355482 0.203318 0.728176 0.0527716
0.012342 0.0288824 0.00624882 0.573778 0.0898554 0.191958 0.0969359
9.9982E-05 0.029244 9.9982E-05 0.357539 0.113014 0.48955 0.010453
0.0129533 0.0273098 9.9991E-05 0.497525 0.0191466 0.39399 0.0489749
0.0230405 0.0135645 0.127501 0.559246 9.9991E-05 0.261948 0.0146001
0.0387539 9.9991E-05 0.0223395 0.5264 0.00849331 0.393935 0.00997865
9.9973E-05 0.00224927 9.9973E-05 9.9973E-05 0.249582 0.703452 0.0444172
0.0419256 0.0311964 0.0507392 0.495321 0.114975 0.18147 0.0843724
0.0243471 0.0131539 0.0641825 0.640712 0.0278357 0.167402 0.0623666
0.0497922 9.9991E-05 0.0543796 0.562778 0.0283496 0.150337 0.154264
0.018325 9.9982E-05 0.214206 0.243368 0.03764 0.486261 9.9982E-05
0.0262676 9.9973E-05 0.0784632 0.484104 9.9973E-05 0.410865 9.9973E-05
9.9964E-05 9.9964E-05 9.9964E-05 0.442693 0.120583 0.436324 9.9964E-05
0.00569189 9.9973E-05 0.0626993 0.365116 9.9973E-05 0.566193 9.9973E-05
9.9973E-05 9.9973E-05 9.9973E-05 0.433915 0.0940973 0.43498 0.0367083
0.0401682 0.00859867 0.0495283 0.545862 0.0673697 0.217741 0.0707317
0.0378026 0.0193332 0.274056 0.316603 0.352005 9.9982E-05 9.9982E-05
9.9991E-05 0.0186594 0.0742618 0.449385 0.376376 0.0208793 0.0603386
0.0265708 0.021078 0.0619518 0.563881 0.16976 0.0389514 0.117807
9.9991E-05 0.00630315 0.0919628 0.630402 0.128096 0.0329716 0.110165
0.0175163 0.0284094 0.0900888 0.476998 0.360008 0.0268793 9.9991E-05
0.00702939 9.9982E-05 0.0732067 0.645213 0.245896 9.9982E-05 0.0284546
9.9973E-05 9.9973E-05 0.00320317 0.482141 0.444626 9.9973E-05 0.0697302
0.0520005 0.0149481 0.120667 0.519533 0.196985 0.0611191 0.0347481
0.0383895 0.025216 0.0466205 0.599321 0.159479 0.0571433 0.0738309
9.9982E-05 0.0238401 0.0870454 0.595167 0.261343 9.9982E-05 0.0324049
9.9991E-05 0.0113588 0.00601242 0.581715 0.314146 0.0570018 0.0296652
0.0372431 9.9982E-05 0.0788816 0.63321 0.172188 9.9982E-05 0.0782773
0.0628371 9.9982E-05 0.108253 0.599432 0.163537 9.9982E-05 0.0657405
0.073309 9.9991E-05 0.0952436 0.581937 0.209778 0.0386644 0.000967837
0.0720251 0.00677719 0.118805 0.548668 0.213791 9.9991E-05 0.0398329
0.0397824 0.0141683 0.12747 0.6184 0.199979 9.9982E-05 9.9982E-05
0.0496919 0.0208306 0.217533 0.348063 0.261379 0.0359722 0.0665305
0.0435788 9.9991E-05 0.0866523 0.644948 0.202984 0.00637735 0.0153593
0.0195461 0.0128091 0.114468 0.703063 0.149915 9.9982E-05 9.9982E-05
9.9982E-05 9.9982E-05 0.0419788 0.249317 0.603078 0.0826018 0.0228246
0.0418848 9.9973E-05 0.430448 0.19496 0.332408 9.9973E-05 9.9973E-05
0.0431862 0.0142541 0.0817937 0.479781 0.241091 0.104021 0.0358719
9.9973E-05 9.9973E-05 0.463808 0.115454 0.327793 0.0926452 9.9973E-05
9.9973E-05 0.0330456 9.9973E-05 0.350782 0.528248 0.0876245 9.9973E-05
9.9973E-05 9.9973E-05 0.0288434 0.461957 0.4433 0.0656003 9.9973E-05
9.9991E-05 0.0193292 0.0291 0.381484 0.447186 0.103037 0.0197629
9.9973E-05 9.9973E-05 0.0587931 0.345475 0.537407 0.0580246 9.9973E-05
9.9991E-05 0.0175912 0.082175 0.654046 0.182457 0.00416176 0.0594694
0.0548596 0.0254347 0.110853 0.579022 0.163723 0.0216772 0.0444306
0.0255323 9.9991E-05 0.0143805 0.597139 0.246848 0.0786804 0.0373201
0.0239484 9.9982E-05 0.347569 0.219477 0.373114 0.0356914 9.9982E-05
0.0292171 9.9991E-05 0.145883 0.511585 0.0734592 0.0802461 0.15951
0.0181473 0.0134822 0.261382 0.536618 0.0238099 0.0561651 0.0903955
9.9973E-05 9.9973E-05 0.704042 9.9973E-05 0.109253 0.0702456 0.11616
0.012263 0.00650258 0.124862 0.705885 0.0627642 0.0164274 0.0712956
0.0264815 0.0291209 0.395145 0.315842 0.0884842 0.0906991 0.0542264
0.00366156 0.0445092 0.264295 0.582818 0.0060017 0.0101164 0.0885987
9.9991E-05 0.0375997 0.432282 0.252545 0.138055 0.0817743 0.0576436
9.9991E-05 0.0154106 0.612699 0.0956481 0.128817 0.0816664 0.0656589
0.0156196 0.0103945 0.315192 0.42541 0.114568 0.0585324 0.0602838
0.0762381 0.0101908 0.191691 0.471918 0.0891878 0.0758334 0.0849413
0.0300067 0.0172494 0.17638 0.438696 0.113319 0.0824591 0.141889
0.091767 0.0269111 0.497908 0.0764339 0.126537 0.180343 9.9991E-05
0.0805819 0.0216377 0.145249 0.565644 0.10302 0.0429717 0.0408962
9.9973E-05 9.9973E-05 0.474998 0.343945 0.142549 0.0382078 9.9973E-05
9.9973E-05 9.9973E-05 0.348046 0.480294 0.0930872 0.078273 9.9973E-05
0.0371726 0.0420754 0.117966 0.544326 0.0769167 0.0979813 0.0835621
0.232089 0.0486906 0.221842 0.141981 0.0229282 9.9991E-05 0.332369
0.129317 0.00482629 0.391222 9.9973E-05 9.9973E-05 9.9973E-05 0.474335
0.117774 0.000264183 0.419551 9.9973E-05 9.9973E-05 9.9973E-05 0.462111
0.237471 0.00707932 0.28864 0.108941 0.000106852 9.9991E-05 0.357662
9.9982E-05 0.0244215 0.270433 0.594114 0.0106367 0.100195 9.9982E-05
0.00716412 0.0204404 0.146643 0.608382 0.0220768 0.109231 0.0860631
0.681743 0.00513123 9.9973E-05 0.30463 9.9973E-05 0.00819582 9.9973E-05
0.446291 0.0179514 9.9991E-05 0.378894 0.0984133 0.0496525 0.00869748
0.380269 9.9991E-05 0.0150223 0.40394 0.0669128 0.0371244 0.0966313
0.0051926 0.0213684 0.557702 0.301909 0.0669886 0.0467396 9.9991E-05
0.0578701 0.0431093 0.190809 0.513125 0.1084 0.0349537 0.051733
9.9964E-05 9.9964E-05 0.605916 0.290754 0.102931 9.9964E-05 9.9964E-05
9.9973E-05 9.9973E-05 0.30439 0.581546 9.9973E-05 0.0486608 0.0651036
9.9982E-05 0.00279214 0.356111 0.507022 0.0619042 9.9982E-05 0.0719707
9.9964E-05 0.0148776 0.361691 0.623031 9.9964E-05 9.9964E-05 9.9964E-05
9.9973E-05 9.9973E-05 0.677559 0.263149 0.039684 0.0193083 9.9973E-05
9.9982E-05 0.0215022 0.198076 0.69489 9.9982E-05 0.0194691 0.0658626
9.9991E-05 0.00380381 0.171391 0.64352 0.0489128 0.00862223 0.12365
0.954794 9.9973E-05 9.9973E-05 0.0341034 9.9973E-05 0.00269664 0.00810617
0.91307 9.9982E-05 0.00164317 0.0584986 0.0224053 0.0041835 9.9982E-05
0.513132 0.0244924 9.9991E-05 0.307508 0.0395772 0.0663448 0.0488463
0.626872 9.9955E-05 9.9955E-05 0.372628 9.9955E-05 9.9955E-05 9.9955E-05
0.808173 0.00381361 9.9982E-05 0.152391 0.00400396 0.0314186 9.9982E-05
0.9994 9.995E-05 9.995E-05 9.995E-05 9.995E-05 9.995E-05 9.995E-05
0.959606 9.9955E-05 9.9955E-05 9.9955E-05 0.0398947 9.9955E-05 9.9955E-05
0.828623 9.9964E-05 9.9964E-05 0.156132 9.9964E-05 0.0148451 9.9964E-05
0.952244 9.9955E-05 9.9955E-05 9.9955E-05 0.0472565 9.9955E-05 9.9955E-05
0.9994 9.995E-05 9.995E-05 9.995E-05 9.995E-05 9.995E-05 9.995E-05
0.9994 9.995E-05 9.995E-05 9.995E-05 9.995E-05 9.995E-05 9.995E-05
0.726467 0.0179244 9.9973E-05 0.223293 0.0320155 9.9973E-05 9.9973E-05
0.770396 0.0151576 9.9982E-05 0.125749 0.0513361 9.9982E-05 0.0371616
0.9994 9.995E-05 9.995E-05 9.995E-05 9.995E-05 9.995E-05 9.995E-05
0.362346 0.0372275 9.9991E-05 0.393726 0.134193 0.0224131 0.0499935
0.643284 0.0143764 9.9991E-05 0.248578 0.00823829 0.052172 0.0332514
0.825871 0.00944574 9.9982E-05 0.135419 9.9982E-05 0.0198938 0.00917043
0.908198 9.9964E-05 9.9964E-05 0.0839382 0.00746413 9.9964E-05 9.9964E-05
0.9994 9.995E-05 9.995E-05 9.995E-05 9.995E-05 9.995E-05 9.995E-05
0.96712 9.9955E-05 9.9955E-05 0.0323803 9.9955E-05 9.9955E-05 9.9955E-05
0.982987 0.016513 9.9955E-05 9.9955E-05 9.9955E-05 9.9955E-05 9.9955E-05
0.63875 9.9973E-05 9.9973E-05 0.264553 0.0319527 9.9973E-05 0.0644439
0.945143 0.0171087 9.9982E-05 9.9982E-05 0.00318863 0.0328087 0.00155081
0.0577523 9.9964E-05 0.639115 9.9964E-05 9.9964E-05 9.9964E-05 0.302733
0.0934657 0.0111247 0.267911 0.394494 0.027181 9.9991E-05 0.205724
0.0643894 0.0135879 0.27112 0.493038 9.9982E-05 9.9982E-05 0.157664
0.112171 9.9973E-05 0.492785 0.187513 9.9973E-05 9.9973E-05 0.207231
0.140886 0.0242339 0.210862 0.462252 0.0452981 0.00272017 0.113748
0.10071 0.0385255 0.521007 0.119414 9.9982E-05 9.9982E-05 0.220144
0.0962365 9.9991E-05 0.191583 0.414553 0.109866 0.02311 0.164552
0.113068 9.9973E-05 0.386907 0.334718 9.9973E-05 9.9973E-05 0.165007
0.104032 0.0478574 0.223642 0.49267 0.00083926 9.9991E-05 0.130859
0.104844 0.00503212 0.301125 0.377856 9.9982E-05 9.9982E-05 0.210943
0.0935409 0.0162001 0.163413 0.444313 0.0609818 0.0430325 0.178519
9.9982E-05 0.00163701 9.9982E-05 0.0732077 0.0148544 0.00455872 0.905542
0.0627325 0.0485751 9.9973E-05 9.9973E-05 9.9973E-05 0.0172345 0.871158
9.9973E-05 0.0415731 9.9973E-05 0.0276716 0.0151987 9.9973E-05 0.915257
9.9955E-05 9.9955E-05 9.9955E-05 9.9955E-05 9.9955E-05 0.0179666 0.981534
9.9973E-05 0.0550774 9.9973E-05 0.0547159 0.0244653 9.9973E-05 0.865441
0.00752023 0.0496179 9.9973E-05 9.9973E-05 9.9973E-05 0.00160357 0.940958
0.00150904 0.0502502 9.9982E-05 0.0725094 0.0170006 9.9982E-05 0.858531
9.9973E-05 0.048137 9.9973E-05 0.0151394 0.0339123 9.9973E-05 0.902511
0.0471163 0.0276131 9.9982E-05 9.9982E-05 0.000329893 0.0656556 0.859085
0.0226752 0.0299625 0.0215202 0.0146468 0.0401933 9.9991E-05 0.870902
9.9982E-05 0.00231273 0.0497597 9.9982E-05 0.300189 0.0518652 0.595673
9.9973E-05 0.0351215 0.0334567 9.9973E-05 0.356396 9.9973E-05 0.574726
9.9982E-05 0.0204379 0.0648999 9.9982E-05 0.331695 0.0568323 0.525935
9.9973E-05 9.9973E-05 0.0836255 9.9973E-05 0.410154 0.035179 0.470742
9.9991E-05 0.0325399 0.0224251 0.516154 0.127932 0.261551 0.0392982
0.0289272 0.00790884 9.9991E-05 0.480866 0.0916464 0.350385 0.0401675
0.00492927 0.0243868 0.00223726 0.526006 0.232548 0.190684 0.0192096
9.9973E-05 0.0312655 9.9973E-05 0.369296 0.270813 0.328326 9.9973E-05
9.9973E-05 9.9973E-05 0.087232 0.214552 0.648968 0.048948 9.9973E-05
9.9991E-05 0.00351564 0.00537465 0.651591 0.0494252 0.226042 0.0639512
9.9973E-05 0.00345542 9.9973E-05 0.581631 0.124152 0.290462 9.9973E-05
9.9982E-05 0.0216003 0.166508 0.528534 0.0317329 0.251425 9.9982E-05
9.9964E-05 9.9964E-05 0.0781966 0.395764 9.9964E-05 0.52564 9.9964E-05
0.0404492 9.9991E-05 0.0790735 0.624467 0.055417 0.141115 0.0593781
0.00875747 9.9982E-05 9.9982E-05 0.419801 0.0775868 0.487878 0.00577658
9.9955E-05 9.9955E-05 0.222188 9.9955E-05 9.9955E-05 0.777313 9.9955E-05
0.00337711 0.0303817 0.0608813 0.603704 0.111308 0.150226 0.0401221
9.9964E-05 9.9964E-05 0.229572 0.171873 9.9964E-05 0.598156 9.9964E-05
0.0169241 0.0385655 0.0565343 0.513923 9.9982E-05 0.373853 9.9982E-05
9.9973E-05 9.9973E-05 9.9973E-05 0.121 0.191836 0.667856 0.0190077
9.9973E-05 9.9973E-05 0.0111494 0.00966833 0.825041 9.9973E-05 0.153841
9.9973E-05 9.9973E-05 0.0604259 0.0775676 0.748958 9.9973E-05 0.112749
9.9991E-05 0.00790604 0.0342833 0.0198131 0.797351 0.0202367 0.12031
9.9973E-05 9.9973E-05 0.0509432 9.9973E-05 0.809335 0.00453221 0.13489
9.9982E-05 0.0111583 0.0283841 0.114887 0.785887 9.9982E-05 0.059483
0.0006886 0.0175005 0.0632256 0.0942416 0.761245 9.9991E-05 0.0629991
0.0570902 0.0192832 9.9991E-05 0.0210629 0.0109204 0.0482837 0.84326
0.0152728 0.00432834 9.9982E-05 0.124571 0.0226863 9.9982E-05 0.832941
0.0527374 0.0360981 9.9991E-05 0.146751 0.00651651 0.00301128 0.754786
0.0808474 0.00131404 9.9973E-05 9.9973E-05 9.9973E-05 0.0765135 0.841025
0.0533161 0.0277957 9.9982E-05 0.140769 9.9982E-05 0.00920147 0.768717
9.9964E-05 9.9964E-05 0.0718055 9.9964E-05 0.525533 9.9964E-05 0.402261
0.00937001 0.0273542 0.0313332 9.9982E-05 0.525719 9.9982E-05 0.406023
0.0297773 0.0189625 0.0110414 9.9982E-05 0.519469 9.9982E-05 0.42055
9.995E-05 0.9994 9.995E-05 9.995E-05 9.995E-05 9.995E-05 9.995E-05
9.9982E-05 0.0300257 0.0560266 9.9982E-05 0.525215 0.0280124 0.36052
0.286607 0.00584834 0.14638 0.28041 9.9982E-05 9.9982E-05 0.280554
0.183197 0.00448122 0.0343391 0.550898 0.0776232 9.9991E-05 0.149362
0.190955 0.00673947 9.9973E-05 0.569222 9.9973E-05 9.9973E-05 0.232783
0.251661 9.9982E-05 0.0982042 0.330213 9.9982E-05 0.00480489 0.314918
0.141242 0.0388576 0.0551303 0.489502 0.0937594 0.0483293 0.133179
0.306881 0.0125606 0.246406 9.9973E-05 9.9973E-05 9.9973E-05 0.433853
9.9982E-05 9.9982E-05 0.0434238 0.4751 0.444355 0.0360525 0.000868884
0.0102944 9.9982E-05 0.256783 0.459796 0.192701 0.0802254 9.9982E-05
9.9982E-05 0.00137524 0.0300343 0.304338 0.564657 0.0993958 9.9982E-05
9.9973E-05 9.9973E-05 0.239486 0.548258 0.17013 0.0418265 9.9973E-05
9.9964E-05 9.9964E-05 0.603076 9.9964E-05 0.312352 0.0841719 9.9964E-05
9.9991E-05 0.0183682 0.125746 0.618874 0.123433 0.0338547 0.0796249
0.0205515 0.00183065 0.166943 0.572747 0.185484 0.0332549 0.0191896
9.9991E-05 0.016305 0.0490046 0.373332 0.446314 0.0881987 0.026746
0.0187661 9.9991E-05 0.0548009 0.570662 0.181877 0.0830841 0.0907098
9.9973E-05 9.9973E-05 0.379274 0.142381 0.323389 0.154656 9.9973E-05
9.9991E-05 0.000625816 0.147922 0.608792 0.159749 0.0484717 0.0343391
0.00950038 9.9982E-05 0.082009 0.532183 0.345489 0.0306188 9.9982E-05
0.122933 9.9982E-05 0.188649 0.493607 0.0812013 9.9982E-05 0.11341
0.00510822 9.9982E-05 0.294337 0.365556 0.240062 0.0947374 9.9982E-05
0.0178234 0.000460125 0.17954 0.453667 0.244523 0.103886 9.9991E-05
9.9982E-05 9.9982E-05 0.148408 0.656906 0.19045 0.0015522 0.00248393
9.9973E-05 9.9973E-05 0.14649 0.581594 0.184825 0.0867924 9.9973E-05
0.0653991 0.0152691 0.104268 0.634797 0.122279 0.0568674 0.00112086
0.0560776 0.0208264 0.048491 0.551438 0.170803 0.0909936 0.0613704
9.9991E-05 0.0197708 0.0666977 0.607508 0.167348 0.0860393 0.0525354
0.0339707 0.00604666 9.9973E-05 0.111989 9.9973E-05 9.9973E-05 0.847693
9.9973E-05 0.00753464 9.9973E-05 0.111574 9.9973E-05 0.00302012 0.877571
9.9973E-05 0.0393809 0.024413 0.0650336 9.9973E-05 9.9973E-05 0.870873
0.0597226 0.0289563 9.9991E-05 0.0181849 0.0159923 0.00222172 0.874822
9.9964E-05 0.0278859 9.9964E-05 0.0835974 9.9964E-05 9.9964E-05 0.888117
0.0384037 0.00811653 0.0883854 0.121897 0.635376 0.0857871 0.0220342
0.0453735 0.0236305 0.0834667 0.557926 0.23955 0.0440094 0.00604333
0.167413 0.0216694 0.144462 0.434295 0.00688167 0.0199108 0.205368
0.0471406 0.0110807 9.9991E-05 0.637975 0.239954 0.0602658 0.00348435
0.0219414 0.0159683 9.9991E-05 0.529002 0.349093 0.0819294 0.00196594
0.00438886 0.00199486 0.323718 0.297647 0.323903 0.0482482 9.9991E-05
9.9991E-05 0.016335 0.0736218 0.0173671 0.763293 0.0800541 0.0492288
9.9973E-05 9.9973E-05 9.9973E-05 0.519776 0.349086 0.0554291 0.0754086
0.0508458 9.9991E-05 0.0482434 0.228688 0.623796 0.00764503 0.0406826
0.025407 0.00818084 0.155949 0.509693 0.245681 0.0473722 0.00771577
9.9982E-05 9.9982E-05 0.0915336 0.176141 0.648543 0.0105845 0.0729979
0.0933951 9.9982E-05 9.9982E-05 0.52995 0.273035 0.0534644 0.0499557
0.00883095 0.0400663 0.063189 0.157581 0.60644 0.106487 0.0174069
0.112498 9.9982E-05 0.267014 0.268371 0.295084 0.0568317 9.9982E-05
9.9991E-05 0.0249105 0.228378 0.591346 0.102275 0.0105412 0.0424496
9.9973E-05 9.9973E-05 0.522337 0.303287 0.131014 0.0430624 9.9973E-05
0.00809312 0.0143262 0.335678 0.563385 0.0464995 9.9991E-05 0.0319185
9.9991E-05 0.0150212 0.210773 0.558583 0.0579499 0.0412602 0.116313
9.9982E-05 9.9982E-05 0.602644 0.293906 0.0566487 0.0416369 0.00496407
0.0527059 0.030805 0.155607 0.543319 0.061702 0.0929642 0.0628969
9.9982E-05 9.9982E-05 0.309167 0.557431 0.0607222 0.0475694 0.0249103
9.9973E-05 9.9973E-05 0.715633 0.181106 0.0354977 0.0674625 9.9973E-05
9.9982E-05 0.00358328 0.667817 0.228231 0.0632193 0.0369496 9.9982E-05
9.9991E-05 0.0120568 0.388666 0.495004 0.0653009 0.0342191 0.00465408
9.9982E-05 0.00460864 0.658251 0.0927851 0.0844416 0.159714 9.9982E-05
9.9982E-05 0.00160262 0.357736 0.459617 0.138476 0.0423678 9.9982E-05
0.0338183 0.0259765 9.9982E-05 0.140448 0.72189 0.0776668 9.9982E-05
0.0672073 9.9982E-05 0.254422 0.2101 0.399773 0.0682975 9.9982E-05
0.046395 0.0177793 9.9991E-05 0.403182 0.429806 0.0803918 0.0223452
0.029068 9.9991E-05 0.0272662 0.590175 0.233435 0.046791 0.0731648
0.0333971 9.9973E-05 9.9973E-05 0.21533 0.59705 0.153922 9.9973E-05
0.0574146 9.9991E-05 0.112736 0.554963 0.175279 0.0514797 0.0480266
0.0268464 0.0404263 0.0764654 0.558796 0.228919 0.0280298 0.0405167
0.0502904 0.0230339 0.120465 0.524111 0.23362 0.0483799 9.9991E-05
0.0733928 0.00880325 0.018313 0.475953 0.332856 0.0905817 9.9991E-05
0.0259263 0.0209127 9.9982E-05 0.501707 0.421221 0.0300325 9.9982E-05
0.0237777 0.0293829 0.0338725 0.263223 0.505816 0.143828 9.9991E-05
0.0352217 9.9973E-05 9.9973E-05 0.408821 0.493145 0.0625129 9.9973E-05
0.0265417 0.000948667 0.0958503 0.610878 0.219242 0.0464402 9.9991E-05
0.056528 0.0116791 0.149524 0.648427 0.106571 9.9991E-05 0.027171
0.0734728 0.0067029 0.185212 0.371028 0.313432 0.039948 0.0102039
0.117204 0.00114319 0.113675 0.423459 0.266804 0.077615 9.9991E-05
0.0561614 0.00714986 0.0544048 0.36378 0.478164 0.0402396 9.9991E-05
0.0606734 0.00326924 0.0597148 0.563147 0.283185 0.0248237 0.00518658
0.0814275 0.0179981 0.0548011 0.449561 0.363727 0.0134261 0.0190593
0.0205108 0.0164085 0.0430549 0.596394 0.191425 0.0222694 0.109937
0.153532 0.0136937 0.0237614 0.401052 0.046536 0.0295693 0.331856
0.128027 0.00686982 0.0802853 0.571965 0.0646367 9.9991E-05 0.148116
0.116389 0.0327258 0.141021 0.497631 0.0367457 0.0308372 0.14465
0.13428 0.0227676 0.143822 0.573837 0.0343382 9.9991E-05 0.0908553
0.167461 0.0241001 0.132829 0.481871 9.9991E-05 0.00284532 0.190793
9.9973E-05 9.9973E-05 0.226523 0.535339 0.193397 0.0444412 9.9973E-05
0.136963 0.0167388 0.126488 0.534852 0.0430877 9.9991E-05 0.14177
0.176976 9.9991E-05 0.465147 0.0605191 0.0763324 0.022073 0.198852
0.0949598 0.0315307 0.104982 0.631915 0.0347715 9.9991E-05 0.10174
0.141905 0.0296246 0.0986135 0.537579 0.0319983 0.00467932 0.155601
0.121919 0.0354479 0.138571 0.550728 0.00922631 0.0695455 0.0745626
0.0832814 0.0394609 0.288662 0.35397 0.0718287 0.00896614 0.15383
0.112916 0.00151265 0.0488375 0.57138 0.0410413 9.9991E-05 0.224212
0.170664 0.0218894 0.127903 0.512437 0.0500718 9.9991E-05 0.116935
0.136066 0.00451964 0.375489 9.9973E-05 9.9973E-05 9.9973E-05 0.483626
0.208745 0.002183 0.0552329 0.461961 0.108104 0.0296059 0.134168
0.149202 0.0320815 0.0338083 0.600343 9.9991E-05 0.0270224 0.157443
0.119506 0.0236523 0.140106 0.580061 0.00431716 0.0513662 0.0809913
0.218222 0.0196363 0.0979696 0.507122 9.9982E-05 9.9982E-05 0.15685
0.0965503 0.0389729 0.0615902 0.528524 0.0404974 0.0656653 0.1682
0.00773996 0.0115029 0.334842 0.48357 0.0561655 0.0787587 0.0274215
0.084341 9.9991E-05 0.195146 0.450842 0.0839177 0.142659 0.0429939
9.9973E-05 9.9973E-05 0.758518 0.000524809 0.116929 0.123729 9.9973E-05
9.9973E-05 9.9973E-05 0.756916 0.0815665 0.0907988 0.0704184 9.9973E-05
0.00719304 0.0181154 0.296823 0.551881 0.062138 9.9991E-05 0.0637496
0.276485 9.9973E-05 0.178443 0.361578 9.9973E-05 9.9973E-05 0.183193
0.241094 9.9973E-05 0.206477 0.377894 9.9973E-05 9.9973E-05 0.174235
0.307465 9.9973E-05 0.308667 0.217473 9.9973E-05 9.9973E-05 0.166094
0.239307 0.0370104 0.209956 0.392075 9.9982E-05 9.9982E-05 0.121452
0.0277443 0.015461 0.69905 0.179515 0.0175945 9.9991E-05 0.0605355
0.0594014 0.0244507 0.611678 0.212739 0.0146588 0.0424481 0.0346245
0.041497 9.9982E-05 0.284025 0.63725 0.0155741 0.0214535 9.9982E-05
0.0953974 9.9973E-05 0.36695 0.493785 9.9973E-05 9.9973E-05 0.043567
0.0359797 0.022575 0.579641 0.324896 0.00946906 0.027339 9.9991E-05
0.0809371 9.9982E-05 0.20981 0.553948 0.132349 9.9982E-05 0.022756
0.038326 0.0195491 0.266814 0.645324 0.0297869 9.9982E-05 9.9982E-05
0.0674649 9.9982E-05 0.25173 0.543583 9.9982E-05 0.0574735 0.079548
9.9982E-05 0.00876511 0.476732 0.413573 0.0150696 0.0856601 9.9982E-05
9.9982E-05 0.00902912 0.384019 0.467402 0.100558 0.0387917 9.9982E-05
9.9991E-05 0.00130633 0.253517 0.566829 0.0514404 0.0758283 0.0509787
0.00799448 9.9991E-05 0.312702 0.507576 0.104002 0.0364788 0.0311464
0.0666995 9.9991E-05 0.16788 0.50817 0.0575803 0.139296 0.0602738
9.9973E-05 9.9973E-05 0.397035 0.498727 0.0139793 0.0899592 9.9973E-05
9.9973E-05 9.9973E-05 0.60112 0.266128 0.0690178 0.0634339 9.9973E-05
9.9982E-05 9.9982E-05 0.255658 0.67956 0.0129182 0.0381241 0.0135394
9.9973E-05 9.9973E-05 0.575168 0.251154 0.0908401 0.0825376 9.9973E-05
9.9991E-05 0.00708546 0.409995 0.515536 0.0403962 0.0256371 0.00124952
0.00555112 0.0135864 0.221692 0.504694 0.0842251 0.0825588 0.0876927
0.0109274 0.0282522 0.214308 0.539022 0.101012 0.0755793 0.0308987
0.0983722 0.0353917 0.137848 0.511204 0.0402351 9.9991E-05 0.176849
0.148299 0.0256005 0.126336 0.483365 0.0510923 0.0150229 0.150284
0.235992 0.0223931 0.206556 0.349698 9.9982E-05 9.9982E-05 0.185162
0.22904 0.0413117 0.181964 0.344096 0.0260425 9.9991E-05 0.177446
0.183346 0.0213899 0.0903779 0.421813 0.0824014 9.9991E-05 0.200572
0.108105 0.0444942 0.184865 0.465185 0.00441498 0.0710154 0.12192
0.148097 0.0312685 0.694715 0.0181533 0.0109182 9.9991E-05 0.096748
0.21838 0.0207866 0.150185 0.534771 9.9991E-05 0.0172011 0.0585768
0.100092 9.9964E-05 0.579738 9.9964E-05 9.9964E-05 9.9964E-05 0.319771
0.135772 0.00621342 0.226692 0.569432 9.9982E-05 9.9982E-05 0.0616912
9.9964E-05 9.9964E-05 0.675016 0.225931 9.9964E-05 0.0986525 9.9964E-05
9.9973E-05 9.9973E-05 0.712088 0.0360902 0.0549948 0.196527 9.9973E-05
9.9973E-05 9.9973E-05 0.37002 0.521325 0.0363817 0.0719736 9.9973E-05
9.9982E-05 9.9982E-05 0.23465 0.629693 0.00304372 0.0983602 0.0340537
9.9973E-05 9.9973E-05 0.427638 0.486924 0.0518863 0.0332513 9.9973E-05
0.00679651 9.9973E-05 0.299786 0.630746 9.9973E-05 0.062372 9.9973E-05
9.9964E-05 9.9964E-05 0.297506 0.61511 9.9964E-05 0.0869841 9.9964E-05
0.0214881 0.0500839 9.9982E-05 0.011194 0.105873 9.9982E-05 0.811161
0.0842144 0.0381615 0.0289657 0.0482003 0.0839709 9.9991E-05 0.716387
0.0223255 0.0426563 0.0103996 0.0027441 0.0159215 9.9991E-05 0.905853
9.9973E-05 0.0446238 0.000537758 0.043175 9.9973E-05 9.9973E-05 0.911364
0.0592574 9.9991E-05 0.0724758 0.479385 0.00147238 0.342849 0.0444598
0.0203263 0.0424998 9.9991E-05 0.468181 0.0524304 0.39658 0.019882
0.00414546 0.0377353 9.9982E-05 0.472212 0.0493751 0.436332 9.9982E-05
0.00847566 0.0298488 0.00532934 0.594636 0.0765217 0.245156 0.0400323
9.9991E-05 0.018887 0.0847713 0.59538 0.0592219 0.131708 0.109932
9.9982E-05 0.00781327 9.9982E-05 0.275908 0.115563 0.566248 0.0342686
9.9973E-05 0.0115738 9.9973E-05 0.623586 9.9973E-05 0.352905 0.0116357
0.00693059 0.0144451 0.15026 0.252101 9.9982E-05 0.576063 9.9982E-05
0.136969 0.0220708 9.9982E-05 0.430013 0.103029 9.9982E-05 0.307719
0.0146668 0.0014693 0.152981 0.434318 9.9982E-05 0.396364 9.9982E-05
9.9982E-05 0.0230476 9.9982E-05 0.331755 0.0838447 0.552957 0.00819555
0.0013611 9.9973E-05 0.0832582 0.546332 9.9973E-05 0.368749 9.9973E-05
0.0473886 0.0103788 9.9982E-05 0.35748 0.116737 0.467816 9.9982E-05
0.0253242 9.9982E-05 0.00110086 0.541676 9.9982E-05 0.430459 0.00123948
0.0149535 0.0430921 9.9991E-05 0.466377 0.0115786 0.405861 0.0580374
9.9955E-05 9.9955E-05 0.17848 9.9955E-05 9.9955E-05 0.82102 9.9955E-05
0.0113771 9.9982E-05 0.139599 0.293881 0.00375895 0.551184 9.9982E-05
0.0159349 9.9973E-05 0.104359 0.323737 9.9973E-05 0.555669 9.9973E-05
9.9955E-05 9.9955E-05 0.249906 9.9955E-05 9.9955E-05 0.749594 9.9955E-05
9.9982E-05 0.0279606 9.9982E-05 0.379183 0.0711726 0.441041 0.0804429
9.9964E-05 9.9964E-05 0.342522 0.055382 9.9964E-05 0.601696 9.9964E-05
9.9955E-05 9.9955E-05 0.243429 9.9955E-05 9.9955E-05 0.756072 9.9955E-05
0.0318102 9.9991E-05 0.0705735 0.559284 0.00475425 0.301745 0.0317327
0.00498377 0.0118896 9.9982E-05 0.165324 0.216523 0.60108 9.9982E-05
0.0159784 9.9982E-05 9.9982E-05 0.447533 0.0761878 0.440769 0.0193315
0.0363822 9.9991E-05 0.0442663 0.580635 0.0157628 0.172971 0.149882
0.0115488 0.00934868 9.9991E-05 0.463636 0.0961984 0.395531 0.0236371
0.0360292 0.0121967 0.244312 0.385972 0.32129 9.9982E-05 9.9982E-05
9.9982E-05 0.0241652 9.9982E-05 0.541553 0.032427 0.350465 0.0511898
9.9982E-05 0.0254396 9.9982E-05 0.494835 0.0770776 0.388394 0.0140534
9.9964E-05 9.9964E-05 0.141255 0.294388 9.9964E-05 0.563957 9.9964E-05
0.0249589 0.0285281 0.0263888 0.535335 0.0911309 0.232838 0.0608203
9.9973E-05 0.0495937 0.0539282 9.9973E-05 0.254595 9.9973E-05 0.641583
9.9982E-05 0.0652295 0.0407861 9.9982E-05 0.126539 0.055614 0.711631
9.9973E-05 0.167977 0.00644545 9.9973E-05 0.133958 9.9973E-05 0.691319
9.9973E-05 0.0893243 0.00496178 9.9973E-05 0.164342 9.9973E-05 0.741072
9.9991E-05 0.0514041 0.0276592 0.0221043 0.152666 0.0425077 0.703559
9.9973E-05 9.9973E-05 9.9973E-05 0.0916179 0.13589 0.720025 0.0521674
9.9982E-05 0.0213997 9.9982E-05 0.102587 0.149375 0.707418 0.0190204
0.00164348 9.9973E-05 0.0933305 0.158861 9.9973E-05 0.745865 9.9973E-05
0.0310976 0.0094121 0.124885 0.562488 9.9991E-05 0.158942 0.113075
0.0741362 0.0153627 9.9991E-05 0.504696 0.0665484 0.250092 0.0890646
0.0444184 9.9982E-05 0.165643 0.209981 9.9982E-05 0.576153 0.00360516
0.0779275 0.0105289 0.0668999 0.539698 9.9982E-05 0.304746 9.9982E-05
0.0742957 0.0201475 0.11215 0.319285 0.0192631 0.434042 0.0208169
0.0112752 9.9982E-05 9.9982E-05 0.506923 0.0608184 0.389603 0.0311808
0.0608224 0.0265318 0.0252208 0.552848 0.0404942 0.259186 0.0348969
9.9973E-05 0.0231397 9.9973E-05 0.203165 0.143956 0.629439 9.9973E-05
9.9973E-05 0.00482638 9.9973E-05 0.27601 0.12317 0.595694 9.9973E-05
9.9973E-05 9.9973E-05 9.9973E-05 0.294573 0.110779 0.591188 0.00315967
9.9991E-05 0.0078031 0.122017 0.642261 0.0613898 0.034622 0.131807
0.0105222 0.0371934 9.9991E-05 0.350818 0.0449905 0.553149 0.00322707
9.9982E-05 0.00458302 9.9982E-05 0.37422 0.0923753 0.477921 0.0507012
0.319893 9.9991E-05 0.0407123 0.503218 0.00451518 0.0137393 0.117823
0.451503 0.0158557 0.0306638 0.339429 9.9991E-05 0.0516308 0.110818
0.416403 0.0295964 0.0298929 0.454327 9.9982E-05 9.9982E-05 0.0695807
0.497583 0.00679968 0.0428469 0.29866 9.9982E-05 9.9982E-05 0.15391
0.263216 9.9991E-05 0.0344629 0.483097 0.0810292 0.00893841 0.129157
9.9982E-05 0.0041638 0.196075 0.529193 9.9982E-05 0.184209 0.0861588
0.640282 0.0201496 0.0882826 0.00450628 0.00227269 9.9991E-05 0.244407
0.470961 0.0311363 0.0324886 0.293146 9.9991E-05 0.023909 0.148259
0.121605 0.0240319 0.266253 0.407579 9.9982E-05 9.9982E-05 0.180332
9.9991E-05 0.0278293 0.185727 0.56972 0.0394074 0.0355002 0.141716
9.9982E-05 0.0178421 0.234957 0.521501 0.0663938 9.9982E-05 0.159107
9.9982E-05 0.00905515 0.197942 0.584533 0.0745912 9.9982E-05 0.133679
0.0122691 0.0164978 0.102836 0.642912 0.0414872 0.0397302 0.144268
0.459841 0.0224344 9.9973E-05 0.366872 9.9973E-05 9.9973E-05 0.150553
0.386323 9.9991E-05 0.0327665 0.358226 0.0537129 0.0269804 0.141891
0.48008 0.0260798 0.00937727 0.404303 9.9982E-05 9.9982E-05 0.0799594
0.25963 0.0189428 0.0185888 0.459508 0.071367 0.0333161 0.138648
0.501982 9.9982E-05 0.0638015 0.213096 9.9982E-05 0.0479345 0.172987
0.311028 9.9982E-05 0.0691721 0.456056 9.9982E-05 0.0404073 0.123136
0.54455 0.0105619 0.053283 0.229762 0.0387024 9.9991E-05 0.123041
0.262269 0.0427702 0.0632404 0.438649 0.0341958 0.0418917 0.116984
9.9991E-05 0.0334802 0.299281 0.494172 0.0441213 0.0389361 0.0899095
0.304309 0.0195266 0.0581215 0.421127 0.0460729 0.00485232 0.145991
0.57304 0.0179509 0.0475174 0.150361 9.9991E-05 0.00472257 0.206308
0.382457 0.0331222 0.0293792 0.342254 0.095963 0.0314319 0.0853932
9.9991E-05 0.0203918 0.270332 0.302553 0.127622 0.083386 0.195615
0.0129262 0.0104538 0.289439 0.620267 9.9982E-05 9.9982E-05 0.0667147
0.371354 9.9991E-05 0.0912789 0.344074 0.0117969 0.0294824 0.151914
9.9991E-05 0.044751 0.213618 0.509575 0.0931929 0.0298655 0.108898
9.9982E-05 0.0334249 0.204478 0.518246 0.0856045 9.9982E-05 0.158047
0.18244 0.0192672 0.150444 0.373081 0.0514188 0.0512177 0.172131
0.233648 0.0250314 0.151911 0.398761 9.9982E-05 9.9982E-05 0.190449
0.0426845 0.027075 0.107155 0.577743 0.0244511 0.0931599 0.127732
0.261827 0.0167916 0.0480262 0.43342 0.0621021 0.0130152 0.164818
0.428331 9.9973E-05 9.9973E-05 0.454998 0.000782098 9.9973E-05 0.115589
0.614783 0.021709 0.0544947 0.147552 9.9982E-05 9.9982E-05 0.161261
0.0292768 0.0057931 0.0693097 0.619575 0.091605 0.0602239 0.124216
9.9991E-05 0.0101973 0.2607 0.447238 0.0695875 0.0486307 0.163546
9.9973E-05 0.0129735 0.714596 0.172863 9.9973E-05 9.9973E-05 0.0992675
0.00805044 0.0121517 0.124326 0.581066 0.0130889 0.0882085 0.173108
0.0154064 9.9982E-05 0.299774 0.428697 0.180445 9.9982E-05 0.0754772
0.115035 0.00406468 0.135954 0.5089 0.00325937 0.0307641 0.202023
0.0796926 0.0137365 0.16192 0.520964 0.0575035 0.0409571 0.125226
0.124348 0.0111972 0.511648 9.9973E-05 9.9973E-05 9.9973E-05 0.352507
0.0540188 0.0122643 0.604386 9.9973E-05 9.9973E-05 9.9973E-05 0.329031
0.0368318 0.0400229 0.393252 0.365064 9.9991E-05 0.000306815 0.164423
0.152511 9.9973E-05 0.441282 0.058054 9.9973E-05 9.9973E-05 0.347854
0.171979 9.9964E-05 0.341363 9.9964E-05 9.9964E-05 9.9964E-05 0.486258
0.0497895 9.9973E-05 0.328024 0.414735 9.9973E-05 9.9973E-05 0.207151
0.136514 9.9982E-05 0.190926 0.393007 9.9982E-05 0.0326019 0.246751
0.136789 0.00168735 0.399518 0.16806 9.9982E-05 9.9982E-05 0.293746
0.0856691 9.9973E-05 0.507936 0.118485 9.9973E-05 9.9973E-05 0.28761
0.0906652 9.99762E-05 0.180217 0.544738 9.99762E-05 9.99762E-05 0.18408
0.120703 0.0157574 0.462421 0.176834 9.9982E-05 9.9982E-05 0.224085
0.0491614 0.0137581 0.575019 9.9973E-05 9.9973E-05 9.9973E-05 0.361762
0.0744495 9.9991E-05 0.0513192 0.548276 0.0567949 0.137045 0.132015
0.126036 0.00122148 0.279396 0.366642 9.9982E-05 9.9982E-05 0.226505
0.121697 0.00477637 0.0179604 0.420958 0.0235327 0.0602687 0.350806
0.180607 9.9964E-05 9.9964E-05 0.614549 9.9964E-05 9.9964E-05 0.204445
0.173849 0.0393929 0.0609897 0.55736 9.9991E-05 0.0299435 0.138364
0.222252 0.0033544 0.0958884 0.489251 9.9991E-05 0.012419 0.176736
0.188554 0.0268731 0.0456972 0.305861 0.0665407 0.0129245 0.353549
0.151141 0.0221573 0.0067155 0.549072 0.0475764 9.9991E-05 0.223238
0.194414 0.0360558 9.9982E-05 0.486642 9.9982E-05 0.0336917 0.248997
0.20886 0.0532262 0.192572 0.317872 9.9991E-05 0.00910046 0.218269
0.104566 0.00796981 0.045663 0.331488 0.126058 0.198564 0.185691
0.126733 0.0126481 0.0471013 0.510639 0.0554515 0.0570274 0.1904
0.162995 0.0408985 0.0352842 0.513936 0.0533463 0.0593615 0.134179
0.100245 0.00447081 0.0948005 0.569682 0.0214203 0.0815021 0.12788
0.1976 0.0240146 0.0505055 0.41887 0.0169939 9.9991E-05 0.291916
0.178744 0.0277976 0.027232 0.500362 0.0270447 0.032578 0.206242
0.250654 0.0167141 0.296511 0.0763176 9.9982E-05 9.9982E-05 0.359603
0.158465 0.0119161 0.0878982 0.541025 0.0117099 0.00816888 0.180817
0.264853 0.0444618 0.204359 0.205336 9.9982E-05 9.9982E-05 0.28079
0.00136955 0.040128 9.9973E-05 9.9973E-05 0.185469 9.9973E-05 0.772734
0.00310213 9.9982E-05 9.9982E-05 0.164181 0.761398 0.0103059 0.0608126
9.995E-05 9.995E-05 9.995E-05 9.995E-05 0.9994 9.995E-05 9.995E-05
9.995E-05 9.995E-05 9.995E-05 9.995E-05 0.9994 9.995E-05 9.995E-05
9.9955E-05 9.9955E-05 9.9955E-05 0.0220964 0.977404 9.9955E-05 9.9955E-05
0.0264956 0.0137474 9.9973E-05 0.00994814 0.949509 9.9973E-05 9.9973E-05
9.9964E-05 0.00512243 9.9964E-05 0.0266655 0.967812 9.9964E-05 9.9964E-05
9.9955E-05 0.0105641 9.9955E-05 9.9955E-05 0.988936 9.9955E-05 9.9955E-05
9.9955E-05 9.9955E-05 9.9955E-05 9.9955E-05 0.855633 9.9955E-05 0.143868
9.9982E-05 0.0686079 9.9982E-05 0.0084328 0.0384174 0.0365715 0.84777
9.9973E-05 0.0351713 9.9973E-05 0.0772857 0.125246 9.9973E-05 0.761997
0.0314766 0.0610177 9.9991E-05 0.0054375 0.0681368 0.0181377 0.815694
9.9982E-05 0.0116269 0.0264126 0.0443062 0.0611892 9.9982E-05 0.856265
9.9973E-05 0.0189854 9.9973E-05 0.0155644 0.0997015 9.9973E-05 0.865449
9.9973E-05 0.0189957 9.9973E-05 0.0489943 0.0352791 9.9973E-05 0.896431
0.0583721 0.0238878 9.9982E-05 0.140101 0.0405319 9.9982E-05 0.736907
9.9964E-05 0.0364499 9.9964E-05 0.116228 9.9964E-05 9.9964E-05 0.846922
0.0484082 0.0409423 0.0461944 0.101243 0.0621343 9.9991E-05 0.700977
0.0443928 0.055001 9.9973E-05 0.0290295 9.9973E-05 9.9973E-05 0.871277
9.9964E-05 0.0494944 0.0222785 9.9964E-05 9.9964E-05 9.9964E-05 0.927827
0.0285885 0.0692755 9.9991E-05 0.0180776 0.0114053 0.0280601 0.844493
9.9964E-05 0.0474614 9.9964E-05 9.9964E-05 9.9964E-05 0.0173744 0.934764
9.9973E-05 0.0682282 0.00473969 0.0492287 9.9973E-05 9.9973E-05 0.877504
9.9964E-05 0.0271483 9.9964E-05 0.076571 9.9964E-05 9.9964E-05 0.895881
0.00184927 0.0312948 9.9973E-05 0.0673285 9.9973E-05 9.9973E-05 0.899227
0.0431885 0.00344298 9.9973E-05 0.08406 9.9973E-05 9.9973E-05 0.869009
0.00976677 9.9964E-05 9.9964E-05 0.120729 9.9964E-05 9.9964E-05 0.869104
0.0660084 0.0110976 9.9973E-05 0.109178 9.9973E-05 9.9973E-05 0.813416
9.9991E-05 0.0272194 0.281882 0.425898 0.0786616 0.0589751 0.127264
9.9991E-05 0.0132057 0.137283 0.70715 0.0246022 0.0385374 0.0791222
0.0445848 0.00691438 0.0803446 0.577097 0.0765077 0.053215 0.161336
9.9973E-05 9.9973E-05 0.696008 0.124181 9.9973E-05 0.0744456 0.105066
9.9973E-05 9.9973E-05 0.231898 0.499675 0.148172 9.9973E-05 0.119955
9.9973E-05 0.00651014 0.765947 0.112783 9.9973E-05 9.9973E-05 0.11446
0.00683637 0.0173528 0.239323 0.638089 0.0118596 0.0198437 0.0666954
9.9982E-05 9.9982E-05 0.15785 0.433463 0.100404 0.148241 0.159842
9.9982E-05 0.0273042 0.235546 0.524465 0.0676999 9.9982E-05 0.144785
9.9991E-05 0.0120651 0.0105192 0.458879 0.0294409 0.417463 0.0715324
9.9991E-05 0.0267297 0.226715 0.48856 0.104714 0.0492026 0.103979
9.9973E-05 0.00624921 0.210019 0.68784 9.9973E-05 9.9973E-05 0.0955914
9.9991E-05 0.0475193 0.257469 0.523954 0.0800079 0.00964546 0.0813041
0.0905854 9.9973E-05 0.287636 9.9973E-05 0.468991 0.152488 9.9973E-05
9.9982E-05 9.9982E-05 0.846584 0.0357838 0.0172074 0.00668981 0.0935347
9.9964E-05 9.9964E-05 0.717699 0.183884 9.9964E-05 9.9964E-05 0.0980173
0.0082282 0.0349813 0.18951 0.644749 0.00436226 0.00634518 0.111824
9.9973E-05 0.00875542 0.369397 0.527901 9.9973E-05 9.9973E-05 0.0936472
9.9982E-05 0.00462599 0.237835 0.611386 9.9982E-05 0.0640769 0.0818764
