9.9964E-05 9.9964E-05 0.0237749 0.0232861 9.9964E-05 0.0221157 0.117221 9.9964E-05 0.813202
9.9955E-05 9.9955E-05 9.9955E-05 0.00132595 9.9955E-05 0.0222015 0.0876648 9.9955E-05 0.888308
9.9973E-05 0.00321095 0.0546772 9.9973E-05 0.0415694 9.9973E-05 0.0402649 0.0390168 0.820961
9.9964E-05 9.9964E-05 0.124333 9.9964E-05 0.0303573 0.00868378 0.0878445 9.9964E-05 0.748382
9.9946E-05 9.9946E-05 0.0636961 9.9946E-05 9.9946E-05 9.9946E-05 0.12925 9.9946E-05 0.806454
9.9955E-05 9.9955E-05 0.0288173 0.0304513 9.9955E-05 9.9955E-05 0.925615 0.014617 9.9955E-05
9.993E-05 9.993E-05 9.993E-05 9.993E-05 9.993E-05 9.993E-05 0.999201 9.993E-05 9.993E-05
9.993E-05 9.993E-05 9.993E-05 9.993E-05 9.993E-05 9.993E-05 0.999201 9.993E-05 9.993E-05
9.99639E-05 0.0165317 9.99639E-05 9.99639E-05 0.00808035 0.123805 0.141709 9.99639E-05 0.709474
9.993E-05 9.993E-05 9.993E-05 9.993E-05 9.993E-05 9.993E-05 0.999201 9.993E-05 9.993E-05
9.9946E-05 9.9946E-05 0.0209951 9.9946E-05 9.9946E-05 9.9946E-05 0.928971 9.9946E-05 0.0494342
9.9973E-05 0.105375 0.223941 0.0190279 9.9973E-05 0.622258 0.00822812 0.02087 9.9973E-05
9.9973E-05 9.9973E-05 0.521778 0.0509393 9.9973E-05 0.355019 0.0135038 0.0254938 0.0329661
9.9973E-05 0.075 0.238762 0.0677921 9.9973E-05 0.583674 0.00353722 0.0309345 9.9973E-05
9.9982E-05 0.0626782 0.281642 0.115343 9.9982E-05 0.507064 0.012241 0.000915552 0.019917
9.9973E-05 0.0251149 0.404582 0.0986773 9.9973E-05 0.320767 0.09543 9.9973E-05 0.0551292
0.0433133 0.0511575 0.580998 0.0330145 9.9991E-05 0.238736 0.0185691 0.0176195 0.0164918
9.9982E-05 0.0475688 0.500399 0.0233814 9.9982E-05 0.343269 0.0338621 0.0493442 0.00197584
9.9973E-05 0.121945 0.240317 0.0813199 9.9973E-05 0.4554 0.0466084 9.9973E-05 0.0541097
9.9964E-05 0.134516 0.0145271 9.9964E-05 9.9964E-05 0.772644 0.0508511 0.0270621 9.9964E-05
9.9982E-05 0.0393438 0.433604 0.0118086 9.9982E-05 0.34128 0.0360273 0.126073 0.011663
0.0413145 0.22092 0.446434 0.0443759 9.9991E-05 0.194121 0.0224824 0.0275156 0.0027364
0.019114 0.0416779 0.560605 0.0130828 0.0189846 0.181597 0.00866927 0.120632 0.0356369
9.9973E-05 0.0721546 0.216701 0.0403115 9.9973E-05 0.510304 0.0921195 0.0681094 9.9973E-05
0.00850962 0.0515082 0.626887 0.0525526 0.00952004 0.126438 0.00559471 0.0104872 0.108503
9.9982E-05 0.0802521 0.548248 0.00495377 9.9982E-05 0.321373 0.0200877 0.00875243 0.0161324
9.9973E-05 0.0631079 0.221116 9.9973E-05 9.9973E-05 0.571915 0.0482343 0.0619698 0.0333566
9.9982E-05 0.065861 0.282871 0.0568592 9.9982E-05 0.506147 0.00172764 0.0375508 0.0487836
9.9964E-05 0.130818 0.219396 9.9964E-05 9.9964E-05 0.554807 0.0101647 0.0844149 9.9964E-05
9.9946E-05 9.9946E-05 0.0937117 0.0179875 9.9946E-05 9.9946E-05 9.9946E-05 9.9946E-05 0.887701
9.9937E-05 9.9937E-05 0.116132 9.9937E-05 9.9937E-05 9.9937E-05 9.9937E-05 9.9937E-05 0.883168
9.9964E-05 9.9964E-05 0.0792511 0.0811024 9.9964E-05 0.050779 0.0425388 9.9964E-05 0.745929
9.9964E-05 9.9964E-05 0.139995 0.0735716 9.9964E-05 9.9964E-05 0.0198764 0.009815 0.756343
0.0102343 0.0721486 0.520459 9.9982E-05 0.0753396 9.9982E-05 0.0278124 0.230956 0.0628508
9.9982E-05 9.9982E-05 0.425308 0.104204 0.00938539 0.0686565 0.0727596 0.298129 0.0213571
0.0270148 0.0231225 0.497445 0.0274772 0.0195881 9.9991E-05 0.00909919 0.39383 0.00232329
0.0490808 9.9982E-05 0.154663 9.9982E-05 0.0426835 0.634005 0.0231084 0.0608184 0.0354407
0.0258106 0.154421 0.261077 0.0102744 9.9964E-05 9.9964E-05 9.9964E-05 0.548017 9.9964E-05
9.9982E-05 0.00352334 0.566776 0.00657543 0.0144557 0.125112 9.9982E-05 0.193932 0.0894253
9.9955E-05 0.0624202 0.716242 9.9955E-05 0.0453361 9.9955E-05 9.9955E-05 0.175502 9.9955E-05
9.9973E-05 0.148009 0.543841 9.9973E-05 0.0406809 0.0697253 0.139898 0.0575463 9.9973E-05
9.9982E-05 0.0503055 0.609588 0.013679 9.9982E-05 0.115894 0.0392155 0.0918416 0.0792761
9.9964E-05 9.9964E-05 0.132107 9.9964E-05 0.0165048 0.162046 0.0355773 0.653365 9.9964E-05
9.9982E-05 0.202852 0.648828 0.0133667 0.0161614 0.0575612 0.0274234 9.9982E-05 0.0336067
0.0292054 0.0165761 0.562541 0.0474222 0.0383169 9.9991E-05 0.0719279 0.229099 0.00481123
0.0262112 0.0885588 0.573888 0.0390906 9.9991E-05 0.0504833 0.0164508 0.120261 0.0849555
0.0447274 0.0612561 0.321126 9.9955E-05 9.9955E-05 9.9955E-05 9.9955E-05 0.572391 9.9955E-05
0.023354 9.9973E-05 0.596305 9.9973E-05 0.0259702 9.9973E-05 0.0315706 0.257801 0.0646987
0.0234589 0.094034 0.501022 0.0439045 0.0380106 0.00971032 0.00998676 0.180171 0.0997014
0.0173923 0.348902 9.9946E-05 9.9946E-05 9.9946E-05 9.9946E-05 9.9946E-05 0.633106 9.9946E-05
0.0506644 0.0705859 0.141087 9.9973E-05 0.116332 0.519924 9.9973E-05 0.101106 9.9973E-05
0.114667 0.282474 0.14233 0.0314156 0.00781941 0.287157 9.99838E-05 0.133936 9.99838E-05
0.054391 0.08669 0.540416 0.0776542 0.0207946 0.0944861 9.9991E-05 0.0601146 0.065354
0.0176657 0.0851386 0.567401 0.0529374 0.0246236 0.133817 9.9991E-05 0.0450284 0.0732893
0.0810571 0.0401427 0.55686 0.0539591 9.9982E-05 0.12312 9.9982E-05 0.0530004 0.0916613
9.9982E-05 0.046065 0.194702 9.9982E-05 0.0685572 0.459991 0.0724709 0.091008 0.0670061
9.9964E-05 0.0723356 0.560434 9.9964E-05 0.0011046 0.361064 9.9964E-05 0.00466156 9.9964E-05
0.00556482 0.0401144 0.559801 0.0323015 0.0348947 0.149781 9.9991E-05 0.0987754 0.0786671
0.0746726 0.056096 0.364604 0.00858858 0.0356553 0.254599 0.0847017 0.0705083 0.0505744
9.999E-05 0.126846 0.129103 0.00534501 0.0579749 0.473722 0.00456701 0.0822654 0.120077
0.0317712 0.0495724 0.545821 0.04137 0.0467813 0.133639 9.9991E-05 0.0617141 0.0892308
0.0838714 0.0225984 0.491419 0.00658596 9.9991E-05 0.233925 0.0193578 0.0787482 0.0633944
9.9982E-05 0.155335 0.0679477 9.9982E-05 0.0269325 0.545999 0.0920899 0.10674 0.00475598
0.0773787 0.0259452 0.393848 0.0065845 0.0237472 0.369439 9.9982E-05 0.102857 9.9982E-05
0.127468 0.0605765 0.546416 0.0316529 9.9991E-05 0.104618 0.0139236 0.0841024 0.0311423
0.0294477 0.0480725 0.640259 9.9973E-05 9.9973E-05 0.196934 0.0363578 9.9973E-05 0.0486291
9.9973E-05 0.0781015 0.232191 0.0607847 9.9973E-05 0.419128 9.9973E-05 0.123337 0.086158
0.0361826 0.0389413 0.494164 0.0552089 0.0239259 0.241587 0.0532582 0.0425406 0.0141922
0.026618 0.117445 0.521792 0.0320477 0.0146164 0.209212 9.9991E-05 0.051084 0.0270848
0.0145539 0.0793193 0.21976 9.9982E-05 0.0278451 0.522878 9.9982E-05 0.0878344 0.0476092
9.9973E-05 9.9973E-05 0.454046 0.0110615 0.0136762 9.9973E-05 0.0199157 0.470475 0.0305259
9.9955E-05 9.9955E-05 0.16768 9.9955E-05 9.9955E-05 0.0919033 0.0525168 0.6874 9.9955E-05
0.0142069 9.9991E-05 0.460882 0.0801401 0.0364721 0.0310504 0.021688 0.28295 0.072511
0.045979 0.134418 9.9946E-05 9.9946E-05 9.9946E-05 9.9946E-05 9.9946E-05 0.819003 9.9946E-05
0.0672074 0.121824 9.9946E-05 9.9946E-05 9.9946E-05 9.9946E-05 9.9946E-05 0.810369 9.9946E-05
0.0710563 0.0421576 0.211947 0.00386719 9.9964E-05 9.9964E-05 9.9964E-05 0.670572 9.9964E-05
9.9982E-05 9.9982E-05 0.456122 0.0198728 0.0296058 0.0502402 0.0117144 0.416074 0.0161703
0.012646 0.0780788 0.560675 0.0275114 0.000388842 0.05091 0.00260839 0.148863 0.118318
0.0449189 9.9955E-05 0.444077 0.0188409 9.9955E-05 9.9955E-05 9.9955E-05 0.491664 9.9955E-05
9.9973E-05 9.9973E-05 0.128569 9.9973E-05 0.0142429 0.170029 0.00677074 0.635272 0.0448162
9.9964E-05 9.9964E-05 0.247529 9.9964E-05 9.9964E-05 0.125104 0.0368688 0.578915 0.0111828
0.0203356 9.9991E-05 0.502824 0.0380628 0.0424138 0.0189971 0.0584313 0.30005 0.0187858
9.9964E-05 9.9964E-05 0.308013 9.9964E-05 0.0229908 0.025909 0.055656 0.587032 9.9964E-05
9.9964E-05 9.9964E-05 0.451409 9.9964E-05 0.0190347 0.0501165 9.9964E-05 0.438175 0.0408649
0.0402993 0.066597 0.459958 9.9964E-05 9.9964E-05 9.9964E-05 0.000100371 0.432645 9.9964E-05
0.065533 0.243032 9.9946E-05 9.9946E-05 9.9946E-05 9.9946E-05 9.9946E-05 0.690836 9.9946E-05
0.0106528 0.0301635 0.63793 0.00525046 0.00773555 9.9991E-05 0.00923637 0.261286 0.0376453
9.9964E-05 9.9964E-05 0.0704766 9.9964E-05 0.0398806 0.0546054 0.0375342 9.9964E-05 0.797103
9.9946E-05 9.9946E-05 0.0819802 9.9946E-05 9.9946E-05 9.9946E-05 0.0101937 9.9946E-05 0.907226
9.9955E-05 9.9955E-05 0.102191 0.0347462 9.9955E-05 0.00644538 9.9955E-05 9.9955E-05 0.856117
9.9955E-05 0.009941 0.0257744 0.0341034 9.9955E-05 9.9955E-05 9.9955E-05 9.9955E-05 0.929681
0.0219529 9.9973E-05 9.9973E-05 0.0234159 0.0062644 9.9973E-05 0.00789396 0.0107256 0.929447
0.0199429 9.9973E-05 0.0746286 0.0309064 0.00464111 9.9973E-05 0.00168912 9.9973E-05 0.867892
9.9946E-05 9.9946E-05 0.0803634 9.9946E-05 9.9946E-05 9.9946E-05 0.0580422 9.9946E-05 0.860995
0.0027044 9.9991E-05 0.587138 0.02636 0.0348163 0.0353554 0.017364 0.242106 0.0540566
9.9973E-05 0.0649842 0.552686 0.0487992 9.9973E-05 0.0469082 9.9973E-05 0.131846 0.154476
0.0243716 9.9982E-05 0.0132471 9.9982E-05 0.0724226 0.177828 0.0399028 0.663738 0.0082899
0.0693117 0.0232145 0.582553 0.0186409 0.0287515 0.0624209 9.9991E-05 0.123416 0.0915919
9.9964E-05 9.9964E-05 0.352003 9.9964E-05 9.9964E-05 0.103043 0.013854 0.504393 0.0263074
9.9982E-05 9.9982E-05 0.509163 0.0122968 0.0167681 0.022622 0.0163078 0.361988 0.0606546
0.000620349 0.0907129 0.553338 9.9982E-05 9.9982E-05 0.0515472 0.0239544 0.272247 0.0073801
0.0532378 9.9982E-05 0.446508 0.0713311 0.003621 0.004025 9.9982E-05 0.406661 0.0144164
9.9964E-05 9.9964E-05 9.9964E-05 9.9964E-05 0.0410197 0.18975 0.0495877 0.709456 0.00978667
0.0571298 0.00205796 0.434064 0.0470099 0.0348993 0.135342 9.9991E-05 0.1805 0.108897
0.0319472 9.9973E-05 0.625271 9.9973E-05 0.0201046 0.0723252 9.9973E-05 0.159519 0.0905338
0.000512524 0.0606859 0.5472 0.0207121 0.0347467 0.123151 0.00948672 0.0711249 0.132381
0.0573251 0.141754 0.23177 0.0313924 0.0172165 0.000903645 9.9982E-05 0.519438 9.9982E-05
0.0957975 9.9964E-05 0.476916 0.00636426 9.9964E-05 9.9964E-05 0.0277136 0.392809 9.9964E-05
9.9973E-05 9.9973E-05 0.424208 9.9973E-05 0.00762427 0.112444 0.0246357 0.415618 0.01517
0.0527347 0.0192241 0.389137 0.0139162 0.00899735 9.9973E-05 9.9973E-05 0.51569 9.9973E-05
9.9973E-05 9.9973E-05 0.430939 9.9973E-05 0.0329961 0.102346 0.0133874 0.382148 0.0378838
0.0081967 0.0690828 0.564854 0.0386307 9.9991E-05 0.0538921 0.00940395 0.178873 0.0769661
0.159053 0.111269 0.314734 0.0254655 0.0174311 0.348098 9.9982E-05 9.9982E-05 0.02375
9.9982E-05 0.107063 0.382612 9.9982E-05 0.113889 0.314506 0.00754527 0.0206283 0.0535568
0.0113217 0.0349596 0.577991 0.0227749 0.0308857 0.179773 9.9991E-05 0.0371396 0.105054
0.0681376 0.0325674 0.559339 0.00503802 0.0891441 0.144733 9.9991E-05 0.00853958 0.0924016
0.00745122 0.0200175 0.441711 0.0258606 0.0521155 0.356598 0.0370463 0.0497728 0.00942749
0.0788892 0.016433 0.592259 0.0146993 9.9973E-05 0.245149 9.9973E-05 9.9973E-05 0.0522701
0.0249121 0.0245949 0.428955 9.9982E-05 0.0510878 0.41447 0.0193744 9.9982E-05 0.0364057
0.0225355 0.1228 0.542158 0.0283366 0.0211103 0.161529 9.9991E-05 0.071218 0.0302116
0.0653602 0.00563563 0.596409 0.0271227 0.0332486 0.143276 9.9991E-05 0.0474956 0.0813529
0.00421454 0.0714837 0.568254 9.9991E-05 0.0302513 0.257692 0.00248288 0.0170545 0.0484668
0.0177416 0.0231816 0.57505 9.9982E-05 0.0262871 0.283998 9.9982E-05 0.0295318 0.0440099
0.0518939 0.0475153 0.595305 0.0802637 0.0339291 0.12994 0.0153359 9.9991E-05 0.0457162
0.0257212 0.0754277 0.57825 0.0429543 0.0182312 0.164683 0.00301162 9.9991E-05 0.0916202
0.0685363 0.039543 0.611497 0.0454374 0.00543257 0.229254 9.9973E-05 9.9973E-05 9.9973E-05
0.0601532 0.0612037 0.569396 0.0572137 0.0236723 0.162753 0.0128001 0.0046552 0.0481522
0.137933 9.9973E-05 0.604784 9.9973E-05 0.0578135 0.162364 9.9973E-05 0.0097083 0.0270972
0.113723 0.182774 0.350152 0.0332027 9.9982E-05 0.247837 9.9982E-05 0.0225054 0.0496055
0.0648247 0.0468421 0.570087 0.0747679 9.9982E-05 0.159088 9.9982E-05 0.0518554 0.0323343
0.0937522 0.000490892 0.655219 0.0212591 0.00881888 0.160675 0.00520533 9.9991E-05 0.0544789
0.0604764 0.00202208 0.18717 0.0157515 0.00301796 0.562721 0.0564319 0.112309 9.9991E-05
0.179692 0.242606 0.156836 0.0184644 0.0729185 0.303813 9.9982E-05 0.0254698 9.9982E-05
0.0731868 0.0227876 0.491032 0.0179864 0.0540644 0.223079 0.0650942 0.0495047 0.00326464
0.259789 0.249208 0.0758013 9.9964E-05 9.9964E-05 0.346175 9.9964E-05 0.0686268 9.9964E-05
0.0355338 0.0313445 0.335291 9.9982E-05 0.0271925 0.536379 0.00937205 0.0246877 9.9982E-05
0.0656565 9.9955E-05 0.443198 9.9955E-05 9.9955E-05 0.474825 9.9955E-05 0.015821 9.9955E-05
0.00753583 9.9973E-05 0.356227 9.9973E-05 0.0393643 0.4914 9.9973E-05 0.0760076 0.0291655
0.0621481 0.00938686 0.334712 9.9973E-05 9.9973E-05 0.533608 0.000653441 0.0591916 9.9973E-05
0.0352665 0.000448602 0.586807 0.0172194 9.9982E-05 0.284719 9.9982E-05 0.0417998 0.0335396
0.081968 0.0554812 0.512788 0.0379551 0.065554 0.113378 0.0166275 0.0501743 0.0660739
0.0635308 0.0386417 0.594601 0.00712003 0.031945 0.203013 9.9991E-05 0.0104975 0.0505504
0.134834 0.249607 0.190329 9.9955E-05 9.9955E-05 0.424729 9.9955E-05 9.9955E-05 9.9955E-05
0.0677003 0.0706046 0.485378 0.048396 0.0112986 0.0762246 0.0677774 0.0397922 0.132829
0.106959 0.241538 0.508563 9.9991E-05 0.0282258 0.00832258 0.00321087 0.0282727 0.0748081
0.110747 0.629844 9.9973E-05 9.9973E-05 0.0263521 0.0654438 9.9973E-05 0.112008 0.055305
0.0223638 0.139592 0.631333 0.0515419 0.0077092 0.0547522 9.9991E-05 0.0451728 0.0474353
0.062245 0.332686 0.308416 0.0251278 0.0221231 0.0155669 0.0296992 0.132309 0.0718282
0.0685322 0.181068 0.534124 0.0316759 0.0216701 0.0457755 9.9991E-05 0.000233674 0.11682
0.0185313 0.450224 0.246495 9.9982E-05 0.101374 0.0739775 9.9982E-05 0.0631068 0.0460917
0.0689558 0.554221 0.102664 9.9982E-05 0.101115 0.0824388 9.9982E-05 0.0876008 0.00280425
0.0257169 0.299426 0.423825 9.9982E-05 0.0737051 0.0731924 0.0339386 0.0699961 9.9982E-05
0.0746329 0.130752 0.468893 0.0458034 0.0226118 0.0582136 0.0539103 0.0791846 0.0659985
0.010184 0.181603 0.411394 0.0582209 0.0375316 0.138134 0.0383608 0.0290243 0.0955461
0.0821806 0.40468 0.101827 0.0504725 9.9982E-05 0.151586 9.9982E-05 0.189462 0.0195917
0.0514485 0.11573 0.5153 0.0633808 0.0140089 0.0989347 0.0619339 0.0436133 0.0356493
0.0788982 0.377675 0.333743 9.9973E-05 0.0133299 0.133792 9.9973E-05 0.0622624 9.9973E-05
0.0510929 0.28212 0.447273 9.9964E-05 9.9964E-05 0.142923 9.9964E-05 0.076192 9.9964E-05
0.0046426 0.126897 0.552521 0.0357529 0.0453125 0.0926 0.041919 0.0498482 0.0505075
9.9973E-05 0.252551 0.144287 0.235579 0.0218057 9.9973E-05 0.051971 9.9973E-05 0.293507
9.9946E-05 0.445151 9.9946E-05 0.128493 9.9946E-05 9.9946E-05 9.9946E-05 9.9946E-05 0.425756
9.9955E-05 0.45683 9.9955E-05 0.106454 9.9955E-05 9.9955E-05 0.0666061 9.9955E-05 0.36961
9.9973E-05 0.327206 0.0769944 0.244502 0.0222502 9.9973E-05 0.0722883 9.9973E-05 0.256459
0.0749096 0.189391 0.599195 9.9973E-05 9.9973E-05 0.0283537 0.0119351 0.0959152 9.9973E-05
0.0257694 0.0955587 0.599936 9.9973E-05 9.9973E-05 0.081878 9.9973E-05 0.0600107 0.136548
9.9946E-05 9.9946E-05 0.338807 0.639304 9.9946E-05 0.0212895 9.9946E-05 9.9946E-05 9.9946E-05
0.0208886 9.9973E-05 0.331401 0.446608 9.9973E-05 0.0881184 9.9973E-05 0.0679834 0.0447005
9.9973E-05 9.9973E-05 0.373038 0.388852 0.0289401 0.096175 9.9973E-05 0.0410795 0.071615
0.175464 0.39835 0.288796 9.9982E-05 0.0215511 0.0839209 0.01415 0.0175681 9.9982E-05
0.0505849 0.114582 0.465548 0.0622293 0.021705 0.111355 0.0132076 0.0818398 0.0789487
0.112788 0.496263 0.273186 9.9964E-05 9.9964E-05 0.0738499 9.9964E-05 0.0435135 9.9964E-05
0.0816115 0.247955 0.580387 9.9982E-05 0.0298587 9.9982E-05 0.00427681 0.0347767 0.0209344
0.0978415 0.274315 0.498943 0.0171361 0.00360471 0.0607079 0.0371606 9.9991E-05 0.010192
0.0784279 0.288173 0.565898 9.9964E-05 0.0207971 9.9964E-05 9.9964E-05 0.0463048 9.9964E-05
0.0492847 0.601947 0.224707 9.9964E-05 0.0559207 9.9964E-05 9.9964E-05 0.0677406 9.9964E-05
0.0292554 0.18973 0.650855 9.9973E-05 0.0218166 9.9973E-05 9.9973E-05 0.0262404 0.0818029
0.097947 0.152075 0.600712 0.0157976 0.049 9.9991E-05 0.00189793 0.00653474 0.0759356
0.0218824 9.9946E-05 9.9946E-05 0.967335 0.0101832 9.9946E-05 9.9946E-05 9.9946E-05 9.9946E-05
0.0384232 9.9964E-05 0.0432684 0.909035 9.9964E-05 0.00580945 9.9964E-05 0.00306377 9.9964E-05
0.0471973 9.9991E-05 0.245642 0.553777 0.0108574 0.0499163 0.00486545 0.0402483 0.047396
9.9946E-05 9.9946E-05 0.332558 0.636078 0.0307645 9.9946E-05 9.9946E-05 9.9946E-05 9.9946E-05
9.9964E-05 9.9964E-05 0.155895 0.80475 0.0129061 0.0109478 9.9964E-05 0.0151014 9.9964E-05
9.993E-05 9.993E-05 9.993E-05 0.999201 9.993E-05 9.993E-05 9.993E-05 9.993E-05 9.993E-05
9.9946E-05 9.9946E-05 9.9946E-05 0.950332 9.9946E-05 0.0370406 0.0120276 9.9946E-05 9.9946E-05
9.9946E-05 9.9946E-05 0.12976 0.862755 9.9946E-05 0.00688521 9.9946E-05 9.9946E-05 9.9946E-05
9.9964E-05 9.9964E-05 9.9964E-05 0.939926 0.0308745 0.00958549 9.9964E-05 0.0120347 0.00717914
9.993E-05 9.993E-05 9.993E-05 0.999201 9.993E-05 9.993E-05 9.993E-05 9.993E-05 9.993E-05
9.993E-05 9.993E-05 9.993E-05 0.999201 9.993E-05 9.993E-05 9.993E-05 9.993E-05 9.993E-05
9.9982E-05 9.9982E-05 0.190593 0.764463 0.00795659 0.00665675 0.00806061 0.0174863 0.00458416
9.9991E-05 0.0166214 0.106642 0.776735 0.0139074 0.0410802 0.00666446 0.021206 0.0170429
9.993E-05 9.993E-05 9.993E-05 0.999201 9.993E-05 9.993E-05 9.993E-05 9.993E-05 9.993E-05
0.0504722 0.0221833 0.29425 0.407426 9.9982E-05 0.131596 9.9982E-05 0.0423785 0.0514933
9.9973E-05 9.9973E-05 0.230755 0.679522 9.9973E-05 0.0366772 0.00201287 0.0236317 0.0271016
9.9982E-05 9.9982E-05 0.123003 0.802347 0.00893459 0.00926399 0.00666501 0.016688 0.0328981
9.9955E-05 9.9955E-05 0.0901466 0.897896 9.9955E-05 9.9955E-05 0.00689317 0.00456452 9.9955E-05
9.993E-05 9.993E-05 9.993E-05 0.999201 9.993E-05 9.993E-05 9.993E-05 9.993E-05 9.993E-05
9.9937E-05 9.9937E-05 0.0391046 0.960196 9.9937E-05 9.9937E-05 9.9937E-05 9.9937E-05 9.9937E-05
9.993E-05 9.993E-05 9.993E-05 0.999201 9.993E-05 9.993E-05 9.993E-05 9.993E-05 9.993E-05
9.9991E-05 0.00511046 0.267315 0.612144 0.00449096 0.0126189 0.0407953 0.0387526 0.0186732
9.9946E-05 9.9946E-05 9.9946E-05 0.965605 9.9946E-05 9.9946E-05 0.0102982 0.0234975 9.9946E-05
0.0661309 0.609973 0.006219 0.0396562 9.9973E-05 9.9973E-05 0.123119 9.9973E-05 0.154602
9.9982E-05 0.266931 0.354067 0.10848 0.0634831 0.0568468 0.0284016 9.9982E-05 0.12159
0.054435 0.269494 0.466522 0.0249132 0.0412357 9.9982E-05 0.0770773 9.9982E-05 0.066123
9.9973E-05 0.489938 0.225672 0.0884676 0.0349001 9.9973E-05 0.0903589 9.9973E-05 0.0703635
0.0212781 0.145574 0.406016 0.136355 0.0253381 0.0500028 0.144414 0.0482723 0.02275
0.0133409 0.499193 0.125795 0.0962784 0.0156561 9.9982E-05 0.17147 9.9982E-05 0.078067
0.0190358 0.190817 0.437342 0.0887089 0.038187 0.0159131 0.131139 9.9991E-05 0.0787572
9.9973E-05 0.352298 0.334466 0.0826566 0.0330162 9.9973E-05 0.147495 9.9973E-05 0.0497678
9.9973E-05 0.230933 0.509115 0.0803327 0.0121986 9.9973E-05 0.063024 9.9973E-05 0.104097
9.9982E-05 0.280191 0.392818 0.109255 9.9982E-05 0.00315044 0.116861 0.0118138 0.0857111
9.9991E-05 0.153334 0.414245 0.111614 0.048809 0.0259097 0.0459463 0.0429717 0.157071
9.9964E-05 0.0210724 0.068015 9.9964E-05 0.0335489 9.9964E-05 0.0250722 9.9964E-05 0.851892
0.0350049 9.9964E-05 9.9964E-05 0.0626303 0.00123865 9.9964E-05 9.9964E-05 0.0224294 0.878297
9.9955E-05 9.9955E-05 0.000883815 9.9955E-05 0.0125581 0.0336347 9.9955E-05 9.9955E-05 0.952424
9.9955E-05 0.0374998 9.9955E-05 9.9955E-05 9.9955E-05 0.00874733 0.000603924 9.9955E-05 0.952649
9.9955E-05 9.9955E-05 0.0398879 9.9955E-05 9.9955E-05 0.0408762 0.0568938 9.9955E-05 0.861842
0.0145567 9.9955E-05 0.00981629 9.9955E-05 0.0108061 9.9955E-05 9.9955E-05 9.9955E-05 0.964321
9.9964E-05 9.9964E-05 0.0484491 0.0110481 0.0195265 9.9964E-05 0.0744145 9.9964E-05 0.846162
0.016582 9.9964E-05 9.9964E-05 9.9964E-05 0.0209858 0.0208855 0.0918741 9.9964E-05 0.849273
9.9973E-05 0.0639635 0.022621 0.0091668 0.0200757 9.9973E-05 0.0304834 9.9973E-05 0.85339
0.00905063 0.0510716 9.9964E-05 0.0201833 0.0306339 9.9964E-05 9.9964E-05 9.9964E-05 0.888661
9.9973E-05 0.034059 9.9973E-05 9.9973E-05 0.176292 0.133666 0.100574 0.0601436 0.494966
9.9973E-05 0.0313269 9.9973E-05 9.9973E-05 0.200632 0.153781 0.0529409 0.00688054 0.55414
9.9973E-05 0.0912898 9.9973E-05 9.9973E-05 0.152006 0.225737 0.0212538 0.0285463 0.480867
9.9964E-05 0.0798294 9.9964E-05 9.9964E-05 0.209224 0.260704 0.138479 9.9964E-05 0.311364
9.9964E-05 0.0355328 0.456261 9.9964E-05 9.9964E-05 0.194661 9.9964E-05 0.247524 0.0656221
0.00530669 9.9991E-05 0.455219 0.0243904 0.00907388 0.129967 0.0151931 0.316652 0.0440985
0.0271587 9.9991E-05 0.521367 0.0156569 0.00654514 0.218988 0.00935035 0.162822 0.0380125
0.0214199 0.0305204 0.318273 0.010032 9.9991E-05 0.29595 0.0320971 0.283956 0.00765106
0.0844036 0.00417536 0.175847 0.00481098 0.0963692 0.575101 0.0144035 0.0447901 9.9991E-05
0.0590755 0.0122029 0.650869 0.0132951 0.0376372 0.000573132 9.9991E-05 0.190703 0.0355443
9.9973E-05 0.0233355 0.571326 0.00421701 0.0161534 0.10524 9.9973E-05 0.279428 9.9973E-05
0.0903249 0.0693095 0.497024 9.9982E-05 0.0465843 0.00739008 0.0150301 0.274137 9.9982E-05
0.092125 0.0147142 0.377988 9.9955E-05 9.9955E-05 9.9955E-05 9.9955E-05 0.514673 9.9955E-05
0.0338483 0.0590591 0.61863 0.0403145 0.0927531 0.0376321 9.9991E-05 0.0885794 0.0290829
9.9964E-05 9.9964E-05 0.429112 9.9964E-05 0.00515423 0.0745478 9.9964E-05 0.477179 0.0136071
0.117197 0.108177 9.9946E-05 9.9946E-05 9.9946E-05 9.9946E-05 9.9946E-05 0.774026 9.9946E-05
0.0735121 9.9964E-05 0.588151 9.9964E-05 9.9964E-05 0.1291 9.9964E-05 0.134661 0.0741754
0.0853944 0.140716 0.145465 9.9955E-05 9.9955E-05 9.9955E-05 9.9955E-05 0.627925 9.9955E-05
0.0504569 9.9982E-05 0.479745 0.0138516 0.0100425 0.032378 9.9982E-05 0.36898 0.0443462
9.9955E-05 9.9955E-05 0.113447 9.9955E-05 9.9955E-05 0.239551 9.9955E-05 0.63839 0.00811243
9.9955E-05 9.9955E-05 9.9955E-05 9.9955E-05 0.97193 0.00123446 0.00646461 9.9955E-05 0.0198708
9.993E-05 9.993E-05 9.993E-05 9.993E-05 0.999201 9.993E-05 9.993E-05 9.993E-05 9.993E-05
9.993E-05 9.993E-05 9.993E-05 9.993E-05 0.999201 9.993E-05 9.993E-05 9.993E-05 9.993E-05
9.9955E-05 9.9955E-05 9.9955E-05 9.9955E-05 0.926662 0.0586171 9.9955E-05 0.00381514 0.010406
9.9937E-05 9.9937E-05 0.0551361 9.9937E-05 0.944164 9.9937E-05 9.9937E-05 9.9937E-05 9.9937E-05
9.9946E-05 9.9946E-05 0.0354509 0.00212741 0.961822 9.9946E-05 9.9946E-05 9.9946E-05 9.9946E-05
9.9964E-05 9.9964E-05 0.0408373 0.0351677 0.026542 9.9964E-05 9.9964E-05 0.0250763 0.871977
9.9982E-05 9.9982E-05 0.0944072 0.0146555 0.00544663 0.0293865 0.0777157 0.0188582 0.75933
0.00757447 0.016306 0.15436 0.0244653 0.0023152 0.00511753 0.0225344 0.0099244 0.757403
9.9973E-05 9.9973E-05 0.00799059 0.0767415 9.9973E-05 0.0105144 0.0857506 0.0528558 0.765847
9.9973E-05 0.0260454 0.127731 0.0245677 9.9973E-05 0.0377319 0.0586021 9.9973E-05 0.725022
9.9973E-05 0.0440117 9.9973E-05 9.9973E-05 0.386361 0.180031 0.194896 0.000562471 0.193838
0.0167214 9.9964E-05 9.9964E-05 9.9964E-05 0.388143 0.167837 0.149347 9.9964E-05 0.277552
0.0526888 9.9973E-05 9.9973E-05 0.0111026 0.383083 0.112183 0.172948 9.9973E-05 0.267694
0.00107409 9.9964E-05 0.0907846 9.9964E-05 9.9964E-05 0.0152603 9.9964E-05 0.0282949 0.864186
0.028503 9.9973E-05 9.9973E-05 9.9973E-05 0.356024 0.197212 0.197916 0.00535645 0.214689
0.00798948 0.158647 0.291991 0.283471 9.9973E-05 9.9973E-05 0.00862455 9.9973E-05 0.248978
9.9982E-05 0.0518254 0.497245 0.194641 9.9982E-05 0.0345566 0.0390761 0.0293219 0.153134
9.9955E-05 9.9955E-05 0.540003 0.22199 9.9955E-05 9.9955E-05 9.9955E-05 0.0213264 0.216181
0.0486493 0.125463 0.315807 0.231289 0.0217222 9.9982E-05 0.00924062 9.9982E-05 0.247629
9.9973E-05 0.0932298 0.526128 0.118896 9.9973E-05 0.0529196 9.9973E-05 0.0285804 0.179946
0.0252743 0.28025 9.9964E-05 0.275817 0.0132354 9.9964E-05 9.9964E-05 9.9964E-05 0.405023
0.0335512 0.012245 0.432401 9.9982E-05 0.078927 0.408446 0.0264484 0.00778143 9.9982E-05
0.117591 0.156274 0.432862 9.9973E-05 0.0576011 0.164413 9.9973E-05 0.0709596 9.9973E-05
0.04941 0.0628945 0.244738 9.9982E-05 0.0276595 0.524207 0.0176679 0.0732231 9.9982E-05
0.11869 0.130754 0.508471 9.9973E-05 0.0393828 0.146689 9.9973E-05 0.0557139 9.9973E-05
0.242172 0.343989 9.9964E-05 9.9964E-05 0.0160392 0.337957 9.9964E-05 0.0594428 9.9964E-05
0.0107753 0.0758731 0.519368 0.0644248 0.0298392 0.128393 9.9991E-05 0.0759878 0.0952388
0.0967393 0.129219 0.517056 0.0197212 0.0763651 0.157471 9.9982E-05 9.9982E-05 0.00322899
0.0527273 0.0585113 0.325809 9.9991E-05 0.0159139 0.481699 0.0395418 0.0222583 0.0034401
0.0166096 0.0144751 0.509859 0.028843 0.0469438 0.169404 0.0308935 0.106064 0.0769085
0.119321 0.292111 0.122586 9.9964E-05 9.9964E-05 0.364833 9.9964E-05 0.100749 9.9964E-05
0.104606 0.0869661 0.563715 0.00089328 9.9991E-05 0.175101 0.00975025 0.0196089 0.03926
0.0742331 9.9982E-05 0.460072 0.0257963 0.0496826 0.309609 0.0192125 0.0611949 9.9982E-05
0.021829 0.156224 0.449951 0.130356 0.024498 0.137474 9.9991E-05 0.0348689 0.0446986
0.102483 0.202847 0.319662 9.9973E-05 0.0143702 0.288471 9.9973E-05 0.0718674 9.9973E-05
0.0920711 0.183637 0.437017 0.00988159 0.025352 0.208466 9.9982E-05 0.0433751 9.9982E-05
0.113813 0.0547956 0.560487 0.0153288 0.062115 0.128412 9.9982E-05 0.0648488 9.9982E-05
0.11316 0.0949568 0.523072 9.9982E-05 0.0229537 0.196625 0.00454265 0.0444906 9.9982E-05
0.0721162 0.0599598 0.625984 0.0421962 0.0554596 0.0605987 0.0372198 0.0265667 0.0198995
0.0300704 0.00292627 0.54138 0.0528846 0.0502434 0.15561 9.9991E-05 0.0566192 0.110167
0.00600001 0.0559224 0.564948 0.026797 0.015932 0.137584 0.0330269 0.0973838 0.0624059
9.9946E-05 9.9946E-05 0.124364 0.0384075 9.9946E-05 9.9946E-05 9.9946E-05 9.9946E-05 0.836629
9.9955E-05 9.9955E-05 0.10787 0.000320827 0.0147528 9.9955E-05 9.9955E-05 9.9955E-05 0.876556
0.0159393 0.0160615 0.0339433 9.9973E-05 0.0606053 9.9973E-05 9.9973E-05 0.0107181 0.862433
9.9973E-05 9.9973E-05 0.00501425 0.06475 0.0415854 9.9973E-05 0.0248533 0.00649066 0.857007
9.9955E-05 9.9955E-05 0.0815691 9.9955E-05 0.0401732 9.9955E-05 0.0401663 9.9955E-05 0.837592
9.9982E-05 0.103212 0.118111 0.0216014 0.0403458 0.638313 9.9982E-05 0.0536753 0.0245414
0.0988382 0.012239 0.504543 0.0609889 9.9982E-05 0.22365 9.9982E-05 0.0352684 0.0642728
0.0490805 0.0812444 0.407737 0.21858 0.0141064 9.9991E-05 0.0288796 0.016065 0.184207
0.0439444 0.0139449 0.608701 0.0585243 0.0354632 0.211782 9.9991E-05 0.00316112 0.0243791
9.9973E-05 9.9973E-05 0.496101 0.0228657 9.9973E-05 0.381965 0.00347199 0.0697137 0.0255827
0.102362 0.238466 0.277378 9.9964E-05 9.9964E-05 0.361736 9.9964E-05 0.0196572 9.9964E-05
0.035963 0.0358457 9.9964E-05 9.9964E-05 9.9964E-05 0.798185 9.9964E-05 0.0456301 0.083976
0.00716948 9.9973E-05 0.458408 9.9973E-05 0.0900644 0.32982 9.9973E-05 0.0441224 0.0701163
0.0213497 0.0292 0.247502 0.0385191 0.136024 0.499087 9.9982E-05 9.9982E-05 0.0281184
0.0608686 0.121235 0.475179 0.00832758 0.0526324 0.131851 9.9991E-05 0.105266 0.0445406
0.0381626 0.0368593 0.163512 9.9991E-05 0.0801832 0.593089 0.0011491 0.00714345 0.0798022
9.9982E-05 0.00735097 0.518484 0.088972 0.029614 0.281086 9.9982E-05 0.0105464 0.0637467
9.9982E-05 0.0938733 0.162022 9.9982E-05 0.0144798 0.595377 0.00327553 0.0922542 0.0385183
0.0761921 0.16308 0.265074 0.0851424 0.000330408 0.363438 9.9982E-05 0.0465437 9.9982E-05
0.0822435 0.162126 0.554339 9.9991E-05 0.0645043 0.0287323 0.0368506 0.0229371 0.0481674
0.0961 0.423497 0.283868 9.9982E-05 0.045359 0.0618515 0.00889696 0.0802267 9.9982E-05
0.0146251 0.275785 0.534627 0.00476265 0.0461864 0.00895592 0.0698859 0.0429135 0.00225831
9.9982E-05 0.177303 0.52869 9.9982E-05 0.0585852 0.0748412 0.0625114 0.0372662 0.060603
0.0415821 0.499305 0.282271 9.9973E-05 0.0699462 0.0131165 9.9973E-05 0.0934792 9.9973E-05
0.051169 0.123527 0.552752 0.0113375 0.0537014 9.9991E-05 0.0193753 0.107411 0.0806269
0.0521167 0.278516 0.527895 9.9982E-05 0.0658766 0.0295142 0.0152934 0.030588 9.9982E-05
0.121918 0.57202 0.137825 9.9973E-05 0.0276356 0.0339562 9.9973E-05 0.106346 9.9973E-05
0.0475862 0.60594 0.209435 9.9964E-05 0.0852877 9.9964E-05 9.9964E-05 0.0513509 9.9964E-05
0.0334318 0.335889 0.438866 9.9982E-05 0.0425753 0.0340386 0.0282517 0.0867475 9.9982E-05
0.0558647 0.558785 0.0725936 9.9964E-05 0.0975528 9.9964E-05 9.9964E-05 0.214804 9.9964E-05
0.0177907 0.35418 0.441537 9.9973E-05 0.0756934 0.0467163 9.9973E-05 0.063783 9.9973E-05
0.0274587 9.9964E-05 0.131938 0.0109328 9.9964E-05 0.774555 9.9964E-05 0.0547156 9.9964E-05
0.222266 0.0876737 0.200388 0.0498787 9.9964E-05 0.439393 9.9964E-05 9.9964E-05 9.9964E-05
0.0266107 9.9973E-05 0.381193 0.0887577 0.0448042 0.441894 9.9973E-05 9.9973E-05 0.0164399
0.0270441 0.0185816 0.52246 0.0484215 0.00288635 0.29182 0.0259677 0.0289106 0.0339089
9.9955E-05 9.9955E-05 0.186807 0.0414782 9.9955E-05 0.655335 9.9955E-05 0.115879 9.9955E-05
0.0313434 0.0819075 0.518856 0.0540954 9.9991E-05 0.212133 0.0347355 0.0567088 0.0101206
0.0306607 0.0152795 0.505237 0.0507068 9.9982E-05 0.274877 9.9982E-05 0.0570076 0.0660319
0.0754801 0.0849795 0.493618 0.0568571 9.9982E-05 0.261924 9.9982E-05 0.0118406 0.0151005
0.081202 0.00452055 0.508794 0.06074 0.0344133 0.292113 0.00893088 0.0028392 0.00644702
9.9973E-05 0.0256949 0.455807 0.0272898 0.0630735 0.408024 0.0198101 9.9973E-05 9.9973E-05
0.0521312 0.00234867 0.257492 0.00875336 9.9973E-05 0.592478 9.9973E-05 0.0864966 9.9973E-05
0.05715 9.9973E-05 0.389016 0.0498703 0.00856998 0.456773 9.9973E-05 0.0383205 9.9973E-05
0.0534751 0.0529508 0.571184 0.0498488 9.9973E-05 0.25941 9.9973E-05 0.0128313 9.9973E-05
0.0739588 0.0642134 0.494734 0.119987 0.032786 0.152693 9.9991E-05 0.0309 0.0306279
0.0668296 0.149333 0.305982 0.0996888 0.00595404 0.303135 9.9991E-05 0.0397345 0.0292422
0.0908283 0.0499559 0.451718 0.0919833 0.00927484 0.265747 9.9982E-05 0.0402932 9.9982E-05
0.0608943 9.9982E-05 0.308396 0.0586541 0.0537229 0.454731 0.0284554 0.0349458 9.9982E-05
0.0155778 0.0252293 0.518452 0.0486128 0.028177 0.26269 9.9991E-05 0.0558943 0.045267
0.0204921 9.9982E-05 0.45023 0.0681683 0.0874606 0.26979 9.9982E-05 0.0734167 0.0302417
0.0570245 0.0311238 0.574581 0.0177244 0.0106511 0.172704 9.9991E-05 0.00944943 0.126641
9.9973E-05 0.0408706 0.461192 0.0993549 9.9973E-05 0.0781193 0.0204084 9.9973E-05 0.299755
0.0195472 0.113991 0.55567 0.126542 0.00503936 0.039316 9.9982E-05 9.9982E-05 0.139694
0.02617 0.10399 0.441085 0.126216 0.0159541 0.094552 0.00121142 0.0514195 0.139403
0.0339325 0.0923234 0.550424 0.115344 0.0532026 0.0265194 0.0411137 0.00563005 0.0815101
0.0165323 0.129601 0.471291 0.164143 9.9982E-05 0.0363974 9.9982E-05 0.00762625 0.174209
0.145805 0.142471 0.501272 9.9964E-05 0.0261655 0.183886 9.9964E-05 9.9964E-05 9.9964E-05
9.9991E-05 0.0850404 0.524974 0.0949861 0.0212093 0.0369564 0.0346905 0.100247 0.101796
0.0501495 0.398187 0.0585533 0.175603 9.9982E-05 0.132231 9.9982E-05 0.00450705 0.18057
0.0185563 0.120177 0.550979 0.110524 0.0127848 0.0854467 0.00331299 9.9991E-05 0.0981191
9.9973E-05 0.0834249 0.513396 0.152381 0.0235819 0.0865678 9.9973E-05 9.9973E-05 0.140349
0.0711252 0.0812847 0.484876 0.163338 0.0159721 0.0983312 9.9991E-05 0.00375313 0.0812194
0.117528 0.235343 0.315342 0.0972208 9.9973E-05 0.0687946 9.9973E-05 9.9973E-05 0.165472
0.0106126 0.0671284 0.513313 0.145875 9.9982E-05 0.0593667 9.9982E-05 0.00143233 0.202073
0.0843713 0.066957 0.521686 0.140733 0.011447 0.0139848 9.9982E-05 9.9982E-05 0.160621
9.9946E-05 0.441596 9.9946E-05 0.119572 9.9946E-05 9.9946E-05 9.9946E-05 9.9946E-05 0.438233
9.9982E-05 0.0230961 0.518994 0.115721 0.00230697 0.0500402 9.9982E-05 0.100575 0.189066
0.00739429 0.111267 0.514855 0.197798 0.00797672 9.9982E-05 9.9982E-05 0.00734181 0.153168
0.0666097 0.0620804 0.584021 0.0815038 9.9973E-05 0.101789 9.9973E-05 9.9973E-05 0.103696
0.00308529 0.080447 0.520527 0.200647 9.9964E-05 9.9964E-05 9.9964E-05 9.9964E-05 0.194894
0.00383538 0.0288591 0.525768 0.0819897 9.9991E-05 0.061664 0.0497978 0.063103 0.184883
0.438287 9.9982E-05 0.398778 0.0154689 0.03929 9.9982E-05 0.00692927 0.0813321 0.0197145
0.21128 0.0243894 0.450834 0.0928941 0.0246231 0.0845733 0.0254797 0.0776104 0.00831538
0.861285 0.0537502 9.9955E-05 9.9955E-05 9.9955E-05 0.0638544 9.9955E-05 0.020611 9.9955E-05
0.935307 0.0229789 9.9946E-05 9.9946E-05 9.9946E-05 0.0411144 9.9946E-05 9.9946E-05 9.9946E-05
0.314589 0.0536508 0.503684 9.9991E-05 0.0463189 0.0171624 0.00148549 0.0157673 0.0472424
0.0716416 0.162265 0.357804 0.295998 9.9973E-05 9.9973E-05 0.0142536 9.9973E-05 0.0977387
0.237126 0.006815 0.331653 0.233797 9.9973E-05 9.9973E-05 0.0591619 9.9973E-05 0.131148
0.295808 0.107189 0.131647 0.289473 9.9964E-05 9.9964E-05 9.9964E-05 9.9964E-05 0.175483
0.174962 0.0930929 0.339184 0.2393 9.9973E-05 9.9973E-05 0.0115362 9.9973E-05 0.141626
0.698912 0.10849 0.0329064 0.0394414 9.9973E-05 9.9973E-05 0.0758264 9.9973E-05 0.0441238
0.680636 0.0484152 0.107056 0.0593705 9.9964E-05 9.9964E-05 9.9964E-05 9.9964E-05 0.104123
0.342503 0.00238481 0.551428 0.0191191 0.0155409 9.9982E-05 0.0681354 0.000688712 9.9982E-05
0.45241 9.9964E-05 0.358043 0.118967 9.9964E-05 9.9964E-05 0.055964 9.9964E-05 0.0142165
0.716126 9.9964E-05 0.161534 0.0536582 0.00298902 9.9964E-05 9.9964E-05 9.9964E-05 0.0652935
0.273114 0.0553373 0.529111 0.0410963 0.0167234 0.013647 0.0625383 9.9991E-05 0.00833337
0.317936 9.9973E-05 0.543779 0.0659943 0.0295519 9.9973E-05 0.00279752 9.9973E-05 0.0396413
0.291583 0.00420147 0.49033 0.0494034 9.9991E-05 0.0150018 0.0610754 0.027528 0.0607769
0.657663 9.99706E-05 0.299881 9.99706E-05 0.000162046 0.00401273 9.99706E-05 0.0378812 9.99706E-05
0.46368 0.02153 0.377925 9.9982E-05 9.9982E-05 0.0764019 0.0289645 0.0100325 0.0212667
0.339963 9.9973E-05 0.500849 9.9973E-05 0.011229 0.0190697 9.9973E-05 0.0437166 0.0848721
0.366013 0.00429093 0.4045 0.0156219 0.0637361 0.0473476 0.065268 0.033122 9.9991E-05
0.253896 9.9991E-05 0.456889 0.0582264 0.0622219 0.0389474 0.0558354 0.0502561 0.0236282
0.425103 0.0334427 0.418735 9.9991E-05 0.0636457 0.00763368 0.00377773 0.0240156 0.0235468
0.840126 9.9955E-05 0.127768 9.9955E-05 0.0285065 9.9955E-05 0.00309966 9.9955E-05 9.9955E-05
0.381585 9.9964E-05 0.574872 0.00720665 9.9964E-05 9.9964E-05 0.0159965 9.9964E-05 0.0199395
0.789649 9.9964E-05 0.0919202 0.02467 9.9964E-05 0.0790431 9.9964E-05 0.0143183 9.9964E-05
0.558683 9.9955E-05 0.399893 9.9955E-05 0.0383617 9.9955E-05 9.9955E-05 9.9955E-05 0.00256238
0.313847 9.9982E-05 0.473799 9.9982E-05 0.0290769 0.0554194 0.0392731 0.0403979 0.0479867
0.342671 9.9991E-05 0.418076 0.0486468 0.0411614 0.0510473 0.003509 0.0156384 0.0791499
0.0828592 0.0451164 0.477464 0.134566 0.0404803 9.9991E-05 0.0458691 0.0306618 0.142884
0.0999665 0.0741577 0.428133 0.106939 0.0676923 0.00145179 0.0291481 0.0451787 0.147332
0.0887331 0.142515 0.307231 0.254068 9.9982E-05 0.00329426 0.0171542 9.9982E-05 0.186804
0.140221 0.0438063 0.333457 0.217398 0.0251918 0.0200316 0.0711675 9.9991E-05 0.148627
0.0289129 0.0635317 0.40151 0.203611 0.038498 0.0728825 0.0579201 0.0370676 0.0960658
0.188054 0.0409923 0.424454 0.140376 0.00292502 0.0166095 0.0694766 0.000857838 0.116255
0.662741 0.080831 9.9964E-05 0.0975677 9.9964E-05 9.9964E-05 0.0214399 9.9964E-05 0.13702
0.144705 0.0433463 0.521319 0.181442 0.0172217 9.9982E-05 0.0628444 9.9982E-05 0.0289219
0.327431 0.252043 9.9964E-05 0.0796192 9.9964E-05 9.9964E-05 0.142736 9.9964E-05 0.19777
0.335656 9.9964E-05 0.464213 0.135291 9.9964E-05 9.9964E-05 0.0382824 9.9964E-05 0.0261571
0.937969 9.9946E-05 0.0570773 9.9946E-05 9.9946E-05 9.9946E-05 9.9946E-05 0.0043544 9.9946E-05
0.943804 9.9946E-05 9.9946E-05 9.9946E-05 0.00311425 9.9946E-05 9.9946E-05 0.0524819 9.9946E-05
0.568652 9.9946E-05 0.411081 9.9946E-05 9.9946E-05 0.0196672 9.9946E-05 9.9946E-05 9.9946E-05
0.434348 9.9946E-05 0.547885 9.9946E-05 9.9946E-05 9.9946E-05 9.9946E-05 9.9946E-05 0.0171674
0.659752 9.9937E-05 0.339548 9.9937E-05 9.9937E-05 9.9937E-05 9.9937E-05 9.9937E-05 9.9937E-05
0.481047 9.9946E-05 0.513685 9.9946E-05 9.9946E-05 9.9946E-05 9.9946E-05 0.00466863 9.9946E-05
0.46469 9.9937E-05 0.53461 9.9937E-05 9.9937E-05 9.9937E-05 9.9937E-05 9.9937E-05 9.9937E-05
0.0334058 9.9991E-05 0.00160441 0.0141326 0.00873014 0.058165 0.0647038 0.0207481 0.79841
0.039281 0.0312856 0.0150066 0.0676293 0.0355374 0.0462819 0.00230596 0.0187653 0.743907
0.0100001 9.9955E-05 9.9955E-05 0.0146127 0.0523336 9.9955E-05 9.9955E-05 9.9955E-05 0.922554
9.9955E-05 0.0455476 0.0202906 9.9955E-05 9.9955E-05 9.9955E-05 0.0278487 9.9955E-05 0.905813
0.017577 0.0451898 0.507115 0.0530487 0.034228 9.9982E-05 9.9982E-05 0.301532 0.0411089
9.9982E-05 9.9982E-05 0.513777 0.016752 0.0157824 0.0286882 0.0154948 0.371071 0.0382344
9.9964E-05 9.9964E-05 0.503139 9.9964E-05 9.9964E-05 0.0538512 0.0127689 0.428588 0.00125231
9.9955E-05 9.9955E-05 0.566013 9.9955E-05 9.9955E-05 0.0713656 9.9955E-05 0.250208 0.111915
9.9991E-05 0.0869975 0.547871 0.027787 0.0335252 0.090985 0.0647427 0.116328 0.0316644
9.9973E-05 9.9973E-05 0.25872 9.9973E-05 0.0269757 0.110157 0.00387995 0.567117 0.0328503
0.000164054 9.9955E-05 0.610048 9.9955E-05 9.9955E-05 9.9955E-05 9.9955E-05 0.371938 0.0173508
0.0776247 0.0915519 0.250413 9.9964E-05 9.9964E-05 9.9964E-05 9.9964E-05 0.573459 0.00655138
9.9982E-05 0.0415325 0.3821 0.134861 0.00482025 0.101172 0.0584505 9.9982E-05 0.276864
0.134306 0.104362 0.396974 0.0125135 9.9982E-05 0.00448925 0.00642347 0.340732 9.9982E-05
9.9964E-05 9.9964E-05 0.331669 9.9964E-05 0.0265157 0.0781718 9.9964E-05 0.541113 0.0221308
0.0558092 0.043287 0.50488 9.9982E-05 0.0152376 0.01945 0.0225081 0.338629 9.9982E-05
9.9973E-05 9.9973E-05 0.354356 9.9973E-05 0.0125177 0.0852756 0.0348676 0.477734 0.0349483
0.0225994 9.9955E-05 0.572852 9.9955E-05 0.0073482 9.9955E-05 9.9955E-05 0.3967 9.9955E-05
9.9955E-05 9.9955E-05 0.505413 9.9955E-05 0.0216204 9.9955E-05 9.9955E-05 0.358454 0.114013
0.0522987 0.113609 9.9946E-05 9.9946E-05 9.9946E-05 9.9946E-05 9.9946E-05 0.833493 9.9946E-05
0.0521995 0.123282 0.285678 0.0175662 9.9964E-05 9.9964E-05 9.9964E-05 0.520875 9.9964E-05
0.0557763 0.0331541 0.356659 0.019123 9.9964E-05 9.9964E-05 9.9964E-05 0.534888 9.9964E-05
0.0376288 0.164101 9.9946E-05 9.9946E-05 9.9946E-05 9.9946E-05 9.9946E-05 0.797671 9.9946E-05
9.9973E-05 9.9973E-05 0.392264 9.9973E-05 0.0453486 0.104368 0.0179853 0.420858 0.0188762
0.0714943 0.23096 0.0652466 9.9955E-05 9.9955E-05 9.9955E-05 9.9955E-05 0.6318 9.9955E-05
0.041447 0.186733 9.9946E-05 9.9946E-05 9.9946E-05 9.9946E-05 9.9946E-05 0.77122 9.9946E-05
0.0346385 0.0094425 0.547296 0.0340678 0.0320636 9.9991E-05 0.0408417 0.287211 0.0143387
9.9982E-05 9.9982E-05 0.1494 0.0083746 0.0398162 0.134396 0.0467753 0.612014 0.00902328
9.9973E-05 9.9973E-05 0.465349 0.000200173 0.00749584 0.101741 9.9973E-05 0.419411 0.00550268
0.0256771 0.0551303 0.546597 0.03737 0.00255726 0.0353214 0.10013 0.142696 0.0545215
9.9964E-05 9.9964E-05 0.465885 9.9964E-05 0.0287617 0.097661 9.9964E-05 0.358383 0.0489098
0.129825 0.161003 0.356106 9.9955E-05 9.9955E-05 0.352566 9.9955E-05 9.9955E-05 9.9955E-05
0.0168072 9.9991E-05 0.48628 0.0414284 0.0396584 0.0425372 0.00153054 0.339878 0.0317808
9.9955E-05 9.9955E-05 0.479331 9.9955E-05 9.9955E-05 0.124 0.0472023 0.348967 9.9955E-05
0.0374817 0.0897753 0.311914 9.9955E-05 9.9955E-05 9.9955E-05 9.9955E-05 0.560329 9.9955E-05
9.9973E-05 0.0627382 0.458976 0.0233291 9.9973E-05 0.00326255 9.9973E-05 0.308758 0.142636
0.00849613 0.0471796 9.9973E-05 9.9973E-05 0.137026 0.153696 0.017989 9.9973E-05 0.635313
0.00354429 0.0269624 9.9973E-05 9.9973E-05 0.113479 0.0647076 9.9973E-05 0.0474192 0.743588
9.9964E-05 0.0390818 9.9964E-05 9.9964E-05 0.0569522 0.0783545 0.0013173 9.9964E-05 0.823894
9.9964E-05 0.0373084 9.9964E-05 9.9964E-05 0.0865378 0.0500388 0.0707273 9.9964E-05 0.754988
9.9982E-05 0.0765519 0.00869851 9.9982E-05 0.108575 0.0537802 0.0599244 0.0203048 0.671966
9.9973E-05 9.9973E-05 0.104048 9.9973E-05 0.0146806 0.127828 0.0349985 0.687128 0.0310166
9.9973E-05 9.9973E-05 0.110332 9.9973E-05 0.0556465 0.089209 0.0333859 0.703862 0.00726548
