0.059524 9.9955E-05 9.9955E-05 9.9955E-05 0.893459 9.9955E-05 9.9955E-05 0.0244011 0.022116
0.00646128 9.9955E-05 9.9955E-05 9.9955E-05 0.947731 0.039868 0.00544042 9.9955E-05 9.9955E-05
9.9964E-05 9.9964E-05 0.0580491 0.0312234 0.860812 9.9964E-05 0.0413299 9.9964E-05 0.00818561
0.00045864 9.9973E-05 0.112698 9.9973E-05 0.832601 0.00880615 9.9973E-05 0.00513861 0.0399978
9.9955E-05 9.9955E-05 0.0919244 9.9955E-05 0.898757 0.000144485 9.9955E-05 9.9955E-05 0.00867417
0.0340858 9.9982E-05 0.0871547 0.132718 0.662293 0.035147 0.0170893 9.9982E-05 0.0313121
9.9955E-05 9.9955E-05 0.0184432 0.155692 0.778121 0.0472435 9.9955E-05 9.9955E-05 9.9955E-05
0.0156801 9.9982E-05 0.0238473 0.143337 0.706669 0.0445857 9.9982E-05 0.0194248 0.0462564
9.99549E-05 9.99549E-05 9.99549E-05 0.0569594 0.826367 0.0959315 9.99549E-05 9.99549E-05 0.0202418
0.000857274 0.0170577 0.0571197 0.141743 0.73324 0.0178655 9.9982E-05 9.9982E-05 0.0319171
9.9955E-05 9.9955E-05 0.0865614 0.11884 0.718034 0.0760643 9.9955E-05 9.9955E-05 9.9955E-05
0.0175615 9.9955E-05 0.00444666 0.00184576 9.9955E-05 9.9955E-05 9.9955E-05 0.975646 9.9955E-05
0.0252899 0.00328344 0.445089 9.9973E-05 0.0443241 9.9973E-05 9.9973E-05 0.439342 0.0423717
0.0519463 9.9946E-05 0.0248349 9.9946E-05 9.9946E-05 9.9946E-05 9.9946E-05 0.922619 9.9946E-05
0.122015 9.9964E-05 0.0458337 9.9964E-05 0.00210156 9.9964E-05 9.9964E-05 0.829046 0.000603812
0.13507 9.9964E-05 0.266786 9.9964E-05 0.0632514 9.9964E-05 9.9964E-05 0.501629 0.0328634
0.0397942 9.9973E-05 0.465808 0.032182 0.0371808 9.9973E-05 9.9973E-05 0.409877 0.0148577
0.0521764 0.0181521 0.334602 9.9982E-05 0.033021 9.9982E-05 0.044822 0.51439 0.0026366
0.0466823 9.9964E-05 0.108387 0.00126868 0.096441 9.9964E-05 9.9964E-05 0.746821 9.9964E-05
9.9946E-05 9.9946E-05 9.9946E-05 0.046734 9.9946E-05 0.0463131 9.9946E-05 0.906353 9.9946E-05
0.00493888 9.9973E-05 0.32751 0.0249016 0.0374556 9.9973E-05 0.0658396 0.539054 9.9973E-05
0.0624114 0.0726542 0.300692 0.160872 9.9973E-05 9.9973E-05 9.9973E-05 0.391017 0.0120533
0.0464883 9.9991E-05 0.450326 0.0283074 0.0193199 0.0281861 0.0888648 0.286743 0.0516644
0.0343587 9.9955E-05 0.0183566 9.9955E-05 0.017186 9.9955E-05 9.9955E-05 0.929599 9.9955E-05
0.0702045 0.0451686 0.608678 0.0399828 0.0491547 0.0147179 0.00840627 0.163587 9.9991E-05
0.0121058 9.9955E-05 0.375463 9.9955E-05 0.0472883 9.9955E-05 9.9955E-05 0.564643 9.9955E-05
0.00160104 9.9955E-05 0.0269811 9.9955E-05 0.0286476 9.9955E-05 9.9955E-05 0.942271 9.9955E-05
0.0640429 9.9955E-05 0.0626036 9.9955E-05 0.0145453 9.9955E-05 9.9955E-05 0.858309 9.9955E-05
9.9946E-05 9.9946E-05 0.0201901 0.0497792 9.9946E-05 9.9946E-05 9.9946E-05 0.929431 9.9946E-05
0.022335 9.9946E-05 0.0833224 9.9946E-05 0.893743 9.9946E-05 9.9946E-05 9.9946E-05 9.9946E-05
9.9946E-05 9.9946E-05 0.124296 9.9946E-05 0.867897 0.00720716 9.9946E-05 9.9946E-05 9.9946E-05
0.0779655 9.9964E-05 0.0997958 9.9964E-05 0.792811 0.0253927 9.9964E-05 9.9964E-05 0.00363506
0.06789 0.00204273 0.167765 9.9964E-05 0.760584 0.00131888 9.9964E-05 9.9964E-05 9.9964E-05
9.9982E-05 9.9982E-05 0.493308 0.0690101 0.0699447 0.00748079 0.213836 0.0521078 0.094113
0.0250107 9.9973E-05 0.457095 9.9973E-05 0.0928641 0.0368412 0.293187 0.0947024 9.9973E-05
0.00567549 0.008466 0.542741 0.0263966 9.9982E-05 0.0230647 0.385767 9.9982E-05 0.00768882
9.9982E-05 0.0299537 0.0616485 9.9982E-05 0.0347237 0.203238 0.0355085 0.587482 0.0472465
0.0180559 0.0408463 0.289541 0.114178 9.9973E-05 0.0149336 0.522145 9.9973E-05 9.9973E-05
0.0477573 9.9982E-05 0.435964 9.9982E-05 0.073751 0.0313871 0.25116 0.120845 0.0389364
0.0212716 9.9973E-05 0.704691 0.0478812 0.0177044 9.9973E-05 0.173194 9.9973E-05 0.0349571
9.9982E-05 9.9982E-05 0.552097 0.20512 0.0904137 0.0208304 0.0340824 0.071568 0.0256885
0.0131678 9.9982E-05 0.587237 0.125741 0.0768912 0.0561713 0.0760137 0.0645784 9.9982E-05
9.9964E-05 9.9964E-05 0.108694 9.9964E-05 0.0296475 9.9964E-05 0.632468 0.192046 0.0367446
9.9964E-05 9.9964E-05 0.685917 0.253956 0.0107436 9.9964E-05 9.9964E-05 0.0266414 0.0223422
0.00248089 0.0371285 0.607172 0.0183843 0.0448568 0.0169168 0.246164 9.9991E-05 0.0267961
0.0032733 9.9991E-05 0.556865 0.0456337 0.159078 0.0360722 0.121952 0.0521933 0.024833
0.00872629 0.0514684 0.328278 0.0402164 9.9964E-05 9.9964E-05 0.570911 9.9964E-05 9.9964E-05
0.024636 9.9973E-05 0.563167 9.9973E-05 0.0742374 9.9973E-05 0.289975 0.0399517 0.00773235
0.0172803 0.0409618 0.569707 0.00699592 0.103672 9.9991E-05 0.147638 0.0723315 0.0413132
9.9946E-05 0.0445368 9.9946E-05 0.300653 9.9946E-05 9.9946E-05 0.654211 9.9946E-05 9.9946E-05
9.9982E-05 0.0602328 0.0693048 0.0346316 9.9982E-05 0.17149 0.0303372 0.50391 0.129894
0.0476617 0.1471 0.0783653 0.213021 9.9982E-05 9.9982E-05 0.0747134 0.403436 0.0355027
0.0235571 0.101269 0.570631 0.0477086 0.0610055 0.0253832 9.9991E-05 0.155332 0.015014
0.0327279 0.0527315 0.614222 0.0745077 0.0638933 0.012663 0.02081 0.106373 0.0220714
0.0737851 0.0781059 0.547432 0.0562893 0.0361455 0.0134483 0.0413457 0.153348 9.9991E-05
9.9982E-05 9.9982E-05 0.109593 0.00796561 0.119573 0.151846 0.103179 0.441901 0.065743
9.9973E-05 9.9973E-05 0.485049 0.0277574 0.00655095 0.103439 9.9973E-05 0.353623 0.0232814
0.0754147 0.0015527 0.511813 0.0229933 0.0524188 0.0218009 0.138452 0.174598 0.000956737
0.0217056 0.114482 0.277674 9.9991E-05 0.114531 0.0267125 0.0806816 0.328804 0.0353089
0.0214531 9.9991E-05 0.0143339 0.076316 0.13087 0.0457913 0.0166012 0.641117 0.0534171
0.0325856 0.0163028 0.505515 9.9991E-05 0.0742844 0.0661599 0.142566 0.143395 0.0190917
0.0325549 0.0733379 0.409897 0.00994828 0.0624125 0.0135121 0.041402 0.304189 0.0527471
9.9982E-05 0.00542844 9.9982E-05 0.0895132 0.0490144 0.0469786 0.0383696 0.656744 0.113752
9.9982E-05 0.0688788 0.34565 9.9982E-05 0.000838999 0.0608942 0.0334502 0.420054 0.0700345
0.0791664 0.114893 0.492428 0.0470282 0.00756512 0.00787114 0.059645 0.173004 0.0183996
0.0240983 0.0323308 0.635794 0.04468 0.053802 0.0806356 9.9982E-05 0.12846 9.9982E-05
0.034846 0.00133973 0.168121 0.0324298 0.0693426 0.0595946 0.0801105 0.554116 9.9991E-05
0.038783 0.0648105 0.397994 0.0311748 0.0798971 0.0374183 0.0382729 0.279946 0.0317035
0.041296 0.0890835 0.481804 9.9982E-05 0.0582997 0.0854222 0.0321294 0.211766 9.9982E-05
9.999E-05 0.017808 0.0941017 0.0395633 0.000733271 0.0647234 0.0779451 0.64814 0.0568852
0.0158655 9.9973E-05 0.451777 9.9973E-05 0.000806565 9.9973E-05 0.450299 0.0595823 0.0213704
0.00777776 9.9973E-05 0.174163 9.9973E-05 0.0225345 0.0108756 0.667774 0.116575 9.9973E-05
0.0457019 0.0194329 0.499358 0.0209678 0.118204 0.0358587 0.260277 9.9982E-05 9.9982E-05
0.0168475 0.0377041 9.9955E-05 0.0990363 9.9955E-05 9.9955E-05 0.845912 9.9955E-05 9.9955E-05
9.9946E-05 0.0595567 9.9946E-05 0.0917501 9.9946E-05 9.9946E-05 0.848093 9.9946E-05 9.9946E-05
9.9955E-05 0.0355376 0.24844 0.0209844 9.9955E-05 9.9955E-05 0.694538 9.9955E-05 9.9955E-05
9.9964E-05 9.9964E-05 0.469127 9.9964E-05 0.0403497 9.9964E-05 0.416624 0.0375478 0.035952
0.0630222 0.0600905 0.522573 0.0288859 0.0857493 0.00336987 0.144363 0.0802535 0.0116925
0.00326348 0.0260986 0.483307 0.00217386 9.9982E-05 9.9982E-05 0.471489 0.0130606 0.000407657
9.9973E-05 9.9973E-05 0.106358 9.9973E-05 0.0124686 0.0101208 0.576567 0.250415 0.0437701
9.9973E-05 9.9973E-05 0.236138 9.9973E-05 0.00719034 0.0404034 0.521847 0.173454 0.0206678
0.067782 9.9991E-05 0.440774 0.0246514 0.0756208 0.0271742 0.29254 0.0143712 0.0569867
0.00989997 9.9973E-05 0.265566 9.9973E-05 0.0219285 9.9973E-05 0.534851 0.164935 0.00251987
9.9973E-05 9.9973E-05 0.412699 9.9973E-05 0.0288042 0.0225124 0.440311 0.0886307 0.00674268
9.9964E-05 0.0744125 0.460163 0.0283821 9.9964E-05 0.0250337 0.411609 9.9964E-05 9.9964E-05
9.9946E-05 0.118 9.9946E-05 0.208035 9.9946E-05 9.9946E-05 0.673365 9.9946E-05 9.9946E-05
0.0260536 0.0291876 0.61166 0.0356563 0.0286719 9.9982E-05 0.255331 0.0132394 9.9982E-05
9.9964E-05 9.9964E-05 0.0809063 9.9964E-05 0.84676 0.0151556 9.9964E-05 0.0173441 0.0394343
9.99371E-05 9.99371E-05 0.0772912 9.99371E-05 0.922009 9.99371E-05 9.99371E-05 9.99371E-05 9.99371E-05
0.034687 9.9946E-05 0.119076 9.9946E-05 0.845638 9.9946E-05 9.9946E-05 9.9946E-05 9.9946E-05
0.0426607 9.9955E-05 0.0153878 0.00567423 0.935777 9.9955E-05 9.9955E-05 9.9955E-05 9.9955E-05
0.0568522 9.9955E-05 9.9955E-05 9.9955E-05 0.931939 9.9955E-05 0.00156944 0.00913945 9.9955E-05
0.0443727 0.0318596 0.0706771 9.9955E-05 0.852591 9.9955E-05 9.9955E-05 9.9955E-05 9.9955E-05
9.9946E-05 9.9946E-05 0.0821617 9.9946E-05 0.910928 9.9946E-05 9.9946E-05 9.9946E-05 0.00631072
0.04654 0.00850704 0.495832 0.0174557 0.0677047 0.0292854 0.250956 0.0386958 0.0450227
0.0595194 0.00147144 0.532415 0.0723449 0.124011 0.0245011 0.162199 0.0234378 9.9991E-05
9.9982E-05 0.00817328 0.00272264 9.9982E-05 0.0420897 0.0195003 0.695647 0.139787 0.0918796
0.0575286 0.0229776 0.552633 9.9991E-05 0.0645964 0.013985 0.168155 0.0956348 0.0243893
0.00588259 9.9982E-05 0.385127 9.9982E-05 0.0228977 0.0444302 0.407128 0.120789 0.0135449
0.00226605 9.9991E-05 0.529191 0.00497977 0.0426907 0.0513749 0.310215 0.0457421 0.0134403
9.9982E-05 0.0652418 0.545779 0.00479587 0.0310832 0.000277541 0.319159 0.0334634 9.9982E-05
0.0463632 0.0550039 0.482785 0.02065 9.9973E-05 9.9973E-05 0.355161 0.039737 9.9973E-05
9.9964E-05 9.9964E-05 9.9964E-05 9.9964E-05 0.0335565 0.0570045 0.659868 0.20851 0.0406609
0.0361678 0.0264209 0.519598 0.00425433 0.0814353 0.0269085 0.154705 0.0763479 0.0741616
0.00739582 9.99855E-05 0.626434 0.0466746 0.0934724 9.99855E-05 0.150375 0.044168 0.0312796
0.0383986 0.0702556 0.482787 0.00422874 0.130805 9.9991E-05 0.177749 0.0483862 0.0472894
0.0115809 0.0611877 0.276909 0.16113 9.9982E-05 0.00813199 0.471014 0.00984719 9.9982E-05
0.0302829 0.0834859 0.487397 0.0234373 9.9964E-05 9.9964E-05 0.374997 9.9964E-05 9.9964E-05
9.9973E-05 9.9973E-05 0.435016 9.9973E-05 0.0101696 0.00264961 0.386741 0.116147 0.0489771
0.0097142 0.0861247 0.387197 9.99722E-05 9.99722E-05 9.99722E-05 0.511416 9.99722E-05 0.00514811
9.9973E-05 9.9973E-05 0.455224 9.9973E-05 0.0350824 0.0307526 0.400944 0.0514871 0.0262101
0.0235134 0.0471653 0.536654 0.0714595 0.0728379 0.0944461 0.135404 0.00867866 0.00984073
0.0478913 0.167294 0.264744 0.0844527 9.9991E-05 0.173503 0.0204336 0.209934 0.031646
9.9973E-05 9.9973E-05 0.39 0.0859284 0.0420143 0.110339 9.9973E-05 0.269052 0.102367
0.017394 0.0727491 0.570387 0.0285782 0.104892 0.083771 9.9991E-05 0.111913 0.010216
0.111237 0.0723464 0.502965 0.0367406 0.0556689 0.0629056 0.00929659 0.0865679 0.0622716
9.9982E-05 9.9982E-05 0.465383 0.0264277 0.0263851 0.195876 0.0262226 0.259126 0.000380385
0.0127138 0.0162226 0.589229 0.0481988 0.0338297 0.106085 0.00122037 0.167457 0.025043
9.9973E-05 0.0119264 0.449003 9.9973E-05 0.0792109 0.204702 9.9973E-05 0.208994 0.045864
0.0080724 0.0466706 0.520964 0.092524 0.0772211 0.062658 0.0417952 0.0989782 0.0511163
0.0367556 0.0821283 0.593788 9.9991E-05 0.100042 0.106713 0.0309015 0.0251838 0.0243879
9.9991E-05 0.042494 0.537578 0.0502874 0.0420603 0.124968 0.00826283 0.150099 0.0441508
9.9991E-05 0.0280413 0.556936 0.000390178 0.0438395 0.150939 0.0167579 0.175828 0.0271683
0.0588057 0.0891404 0.600732 0.00517237 0.0396387 0.069625 9.9991E-05 0.0753666 0.0614188
0.029381 0.0179028 0.65185 0.0954135 0.0854628 0.0775171 0.0294896 9.9991E-05 0.0128837
0.0413927 0.0777241 0.589513 0.0386271 9.9982E-05 0.105385 9.9982E-05 0.141944 0.0052139
0.115232 0.0635149 0.52857 0.0779544 0.0535469 0.100014 0.0121614 9.9991E-05 0.0489068
0.0648737 0.171918 0.56093 0.00607451 0.00446489 0.0628732 0.0286795 0.0638635 0.0363226
0.0845009 0.136314 0.308861 0.120419 0.0369026 0.131754 0.0544107 0.100898 0.0259409
0.011489 0.0802108 0.621679 0.0293111 0.0365818 0.0816883 9.9991E-05 0.0934763 0.0454641
9.9982E-05 0.0816925 0.663054 0.0441612 0.0269889 0.160564 0.00765037 0.0156884 9.9982E-05
0.00771542 0.0554185 0.129663 9.9991E-05 0.0103118 0.202002 0.071093 0.456977 0.0667199
0.00693258 0.235066 0.0770184 0.188744 9.9982E-05 9.9982E-05 0.0139562 0.385575 0.0925075
0.0256793 0.0317351 0.446133 9.9991E-05 0.046593 0.0489559 0.0602544 0.295635 0.044915
9.9973E-05 0.266142 0.00764023 0.216627 9.9973E-05 0.155945 0.063679 0.289667 9.9973E-05
9.9973E-05 0.0517203 0.247442 9.9973E-05 9.9973E-05 0.169011 0.0225906 0.464401 0.0445342
9.9964E-05 0.0603896 0.371632 9.9964E-05 9.9964E-05 0.19359 0.0300902 0.343898 9.9964E-05
9.9982E-05 0.0281381 0.295182 9.9982E-05 0.0141457 0.22225 0.0677914 0.341841 0.0304522
9.9982E-05 0.0838656 0.265319 0.0122988 9.9982E-05 0.210456 0.0242653 0.398228 0.0053673
9.9982E-05 0.0981428 0.532372 9.9982E-05 0.0812666 0.0646456 0.0467544 0.156241 0.0203782
0.0636367 0.0580769 0.508708 9.9982E-05 0.0808372 0.0831929 0.01823 0.187118 9.9982E-05
0.0593777 0.0615828 0.534897 9.9991E-05 0.0462225 0.0646668 0.0649162 0.115902 0.052335
0.017035 0.165178 0.104165 0.182708 9.9991E-05 0.124171 0.016257 0.358953 0.031434
0.110775 0.0398068 0.447541 0.0359153 0.104004 0.0387347 0.0520766 0.0961727 0.074974
0.0239869 0.0667259 0.496331 0.213009 0.0205002 0.0346606 0.0315144 0.0463934 0.0668786
9.9973E-05 0.0707498 9.9973E-05 0.648106 0.052943 9.9973E-05 0.136867 0.0223906 0.0686442
0.0550087 9.9982E-05 0.626677 0.0844233 0.0440717 0.0526005 0.0329279 0.104091 9.9982E-05
0.024078 0.0899926 0.275888 0.305994 0.02192 9.9991E-05 0.0822387 0.1725 0.0272887
0.0447856 0.0243789 0.531866 0.212114 0.0931598 0.023906 0.0201226 0.0273442 0.022323
9.9982E-05 0.0291335 0.235464 0.457235 9.9982E-05 0.0160599 0.0690315 0.0946868 0.0981896
9.9982E-05 0.0769284 0.0787937 0.55649 9.9982E-05 0.00413827 0.0857069 0.101513 0.0962296
0.0106768 0.0578363 0.401495 0.281655 0.0160694 0.0186338 0.0965592 0.0614317 0.0556434
0.0563082 0.0122508 0.508623 0.157752 0.0660521 0.0330431 0.0321194 0.0602262 0.0736252
0.0510968 0.0393226 0.451273 0.164355 0.0830243 0.061725 0.0899131 0.0591902 9.9991E-05
0.0853376 0.138191 0.0310643 0.337459 9.9982E-05 0.0144711 0.160338 0.232939 9.9982E-05
0.0681647 0.0859655 0.464156 0.0779318 0.0947891 0.0412469 0.00389081 0.155236 0.00861872
9.9973E-05 0.0901212 0.287732 0.389464 9.9973E-05 0.057254 0.103743 0.0713859 9.9973E-05
9.9973E-05 0.0654788 0.417779 0.264668 9.9973E-05 0.085959 0.0830146 0.0828013 9.9973E-05
0.0584985 0.0135801 0.561306 0.132307 0.069629 0.00677534 0.0456961 0.0572585 0.0549497
0.201527 9.9973E-05 0.146914 0.261898 0.350739 9.9973E-05 9.9973E-05 0.0247309 0.0138919
0.132932 9.9946E-05 9.9946E-05 0.437446 0.429022 9.9946E-05 9.9946E-05 9.9946E-05 9.9946E-05
0.118893 9.9946E-05 9.9946E-05 0.479433 0.401075 9.9946E-05 9.9946E-05 9.9946E-05 9.9946E-05
0.252438 9.9973E-05 0.0944773 0.304771 0.304142 9.9973E-05 9.9973E-05 0.0408175 0.00305445
9.9955E-05 0.0322706 0.623144 0.232728 9.9955E-05 9.9955E-05 0.111357 9.9955E-05 9.9955E-05
0.0195792 0.0458926 0.604062 0.106044 0.0599283 9.9982E-05 0.0824775 0.0818166 9.9982E-05
0.657931 9.9955E-05 0.281 9.9955E-05 9.9955E-05 0.0228092 9.9955E-05 0.0377599 9.9955E-05
0.493129 0.00315956 0.288309 0.0365379 0.00627853 0.0430396 0.0407943 0.0683165 0.0204352
0.425039 0.0635901 0.246474 9.9991E-05 0.0684319 0.00802615 0.0565994 0.0969491 0.0347903
9.9964E-05 0.154327 0.279271 0.43812 9.9964E-05 9.9964E-05 0.0547445 0.0731377 9.9964E-05
0.0824512 0.0748719 0.411241 0.0902208 0.0634366 0.0710037 0.0987347 0.105236 0.00280397
9.9964E-05 0.0728338 0.209737 0.532633 9.9964E-05 9.9964E-05 0.0275824 0.156814 9.9964E-05
9.9973E-05 0.0675587 0.588874 0.229525 0.016768 9.9973E-05 9.9973E-05 0.0770728 0.019901
9.9973E-05 0.147091 0.471401 0.286467 0.0118903 9.9973E-05 9.9973E-05 0.0763204 0.00652976
9.9964E-05 0.05559 0.604933 0.322787 9.9964E-05 9.9964E-05 9.9964E-05 0.00663005 0.00965968
9.9973E-05 0.0948006 0.224886 0.564749 9.9973E-05 9.9973E-05 0.0738724 0.00265538 0.0387373
0.0399455 9.9973E-05 0.632105 0.195084 0.0526664 0.0220355 0.0578633 9.9973E-05 9.9973E-05
0.0143712 0.0801976 0.555636 0.170461 0.070408 9.9991E-05 0.023062 0.0576188 0.0281457
0.948938 9.9946E-05 0.0412553 9.9946E-05 9.9946E-05 9.9946E-05 9.9946E-05 9.9946E-05 0.00920654
0.887326 0.0112321 0.0769808 9.9955E-05 9.9955E-05 9.9955E-05 9.9955E-05 0.0239611 9.9955E-05
0.523106 0.00081084 0.301859 9.9982E-05 0.051938 9.9982E-05 0.00801659 0.112873 0.00119637
0.616534 0.0102635 0.3581 9.9964E-05 9.9964E-05 0.00322945 9.9964E-05 9.9964E-05 0.011473
0.806994 9.9964E-05 0.115827 9.9964E-05 9.9964E-05 0.00633643 0.0417647 9.9964E-05 0.0286782
0.999201 9.993E-05 9.993E-05 9.993E-05 9.993E-05 9.993E-05 9.993E-05 9.993E-05 9.993E-05
0.945437 0.00622892 9.9964E-05 9.9964E-05 9.9964E-05 0.0148344 9.9964E-05 0.0119461 0.0211538
0.841767 9.9946E-05 0.15418 9.9946E-05 9.9946E-05 9.9946E-05 9.9946E-05 0.00345372 9.9946E-05
0.942618 9.9946E-05 9.9946E-05 9.9946E-05 9.9946E-05 0.0408743 9.9946E-05 0.0159082 9.9946E-05
0.999201 9.993E-05 9.993E-05 9.993E-05 9.993E-05 9.993E-05 9.993E-05 9.993E-05 9.993E-05
0.999201 9.993E-05 9.993E-05 9.993E-05 9.993E-05 9.993E-05 9.993E-05 9.993E-05 9.993E-05
0.740947 9.9955E-05 0.226244 9.9955E-05 9.9955E-05 9.9955E-05 9.9955E-05 0.0233357 0.00897395
0.773277 9.9964E-05 0.118876 9.9964E-05 0.0428196 9.9964E-05 9.9964E-05 0.00682972 0.0577977
0.999201 9.993E-05 9.993E-05 9.993E-05 9.993E-05 9.993E-05 9.993E-05 9.993E-05 9.993E-05
0.347643 0.000140382 0.371229 0.0394695 0.0848453 0.0279252 0.0427284 0.0681681 0.0178506
0.662346 0.0169369 0.232765 9.9982E-05 0.00450883 0.0239356 0.0193993 9.9982E-05 0.0399092
0.768877 9.9964E-05 0.172412 9.9964E-05 0.0350726 0.0178033 0.00543489 9.9964E-05 9.9964E-05
0.871476 9.9964E-05 0.101801 9.9964E-05 9.9964E-05 0.00760173 0.0060198 9.9964E-05 0.0127017
0.999201 9.993E-05 9.993E-05 9.993E-05 9.993E-05 9.993E-05 9.993E-05 9.993E-05 9.993E-05
0.959375 9.9955E-05 0.0165526 9.9955E-05 0.0162434 9.9955E-05 0.0073293 9.9955E-05 9.9955E-05
0.999201 9.993E-05 9.993E-05 9.993E-05 9.993E-05 9.993E-05 9.993E-05 9.993E-05 9.993E-05
0.621717 0.023702 0.245016 9.9982E-05 0.0475295 9.9982E-05 0.0125971 0.0282936 0.0209454
0.964838 9.9955E-05 9.9955E-05 9.9955E-05 0.00891608 0.0209571 0.00478858 9.9955E-05 9.9955E-05
0.0595137 0.0558338 9.9958E-05 0.653764 0.230388 9.9958E-05 9.9958E-05 9.9958E-05 9.9958E-05
0.0858331 9.9982E-05 0.382044 0.313244 0.158364 0.0119303 9.9982E-05 0.0311359 0.0172483
0.0102609 0.0216235 0.481951 0.324917 0.113308 0.00450891 9.9982E-05 9.9982E-05 0.0432308
0.0935151 9.9973E-05 0.228973 0.514019 0.145651 0.0159907 9.9973E-05 9.9973E-05 0.00155146
0.0704415 9.9991E-05 0.452581 0.156586 0.159719 0.00278518 0.0761233 0.0709008 0.0107637
0.0681731 0.0375998 0.178905 0.493265 0.204733 0.00238843 9.9982E-05 9.9982E-05 0.0147356
0.0624523 0.0275722 0.422934 0.20014 0.168571 0.0150412 9.9991E-05 0.0875331 0.0156573
0.0985417 9.9964E-05 0.326582 0.412907 0.109564 9.9964E-05 9.9964E-05 9.9964E-05 0.0520062
0.0733148 9.9973E-05 0.526948 0.260321 0.11547 9.9973E-05 9.9973E-05 0.0155094 0.00813727
0.0903739 0.0117862 0.387728 0.339321 0.142423 9.9973E-05 9.9973E-05 0.0280678 9.9973E-05
0.134341 9.9982E-05 0.445401 0.211081 0.138817 9.9982E-05 0.0341416 0.0123861 0.023632
9.9964E-05 9.9964E-05 0.042379 0.0359231 0.885574 9.9964E-05 0.00060738 9.9964E-05 0.035117
0.06605 0.0349679 9.9955E-05 9.9955E-05 0.895233 9.9955E-05 9.9955E-05 9.9955E-05 0.00324936
9.9955E-05 9.9955E-05 0.0281386 9.9955E-05 0.926184 0.0293171 9.9955E-05 9.9955E-05 0.0158609
9.9946E-05 9.9946E-05 9.9946E-05 0.0221524 0.954545 9.9946E-05 9.9946E-05 0.0227034 9.9946E-05
9.9946E-05 9.9946E-05 0.0364328 9.9946E-05 0.911835 9.9946E-05 9.9946E-05 0.051133 9.9946E-05
0.00433819 0.0175287 0.00812077 9.9973E-05 0.96704 9.9973E-05 9.9973E-05 0.00248967 0.000182523
0.001857 9.9955E-05 0.0723513 9.9955E-05 0.921067 9.9955E-05 9.9955E-05 9.9955E-05 0.00422539
9.9964E-05 0.0158984 9.9964E-05 9.9964E-05 0.927504 0.0229731 9.9964E-05 0.0214984 0.011726
0.0302384 9.9973E-05 0.0111652 0.0211369 0.873864 9.9973E-05 0.0375196 9.9973E-05 0.025776
9.9964E-05 9.9964E-05 0.0319358 0.0710186 0.882387 0.00375777 9.9964E-05 9.9964E-05 0.0105006
9.9973E-05 9.9973E-05 9.9973E-05 0.0584432 0.572949 0.0763901 0.0619904 0.045632 0.184296
9.9982E-05 0.00212517 9.9982E-05 0.0522594 0.58396 0.0786568 0.0217134 0.0362671 0.224818
9.9973E-05 9.9973E-05 9.9973E-05 0.0806453 0.512133 0.0816944 0.0222111 0.140546 0.16247
9.9982E-05 0.00593092 9.9982E-05 0.0884363 0.420863 0.0669645 0.019828 0.198427 0.19935
9.9982E-05 9.9982E-05 0.403995 0.00945941 0.0867218 0.0472947 0.26719 0.184092 0.00104626
0.0245248 0.0595131 0.45814 0.00737419 0.0352062 9.9991E-05 0.330618 0.0325354 0.0519887
0.0283306 0.0119153 0.51915 9.9991E-05 0.0310843 0.115483 0.168076 0.118338 0.00752232
9.9964E-05 9.9964E-05 0.331887 9.9964E-05 0.0232027 0.126736 0.256296 0.261478 9.9964E-05
9.9982E-05 0.0979043 0.110199 0.00300712 9.9982E-05 0.206612 0.0553404 0.441782 0.0849553
0.00691861 0.0572783 0.635149 9.9991E-05 0.0503529 0.0189568 0.173177 0.0230824 0.0349849
0.00966632 0.0156508 0.616927 9.9973E-05 9.9973E-05 0.0794823 0.260834 9.9973E-05 0.0171393
9.9973E-05 0.0460326 0.539334 0.0735393 9.9973E-05 0.0238596 0.314419 9.9973E-05 0.00251503
9.9955E-05 0.0620674 0.382361 0.0157775 9.9955E-05 9.9955E-05 0.539295 9.9955E-05 9.9955E-05
0.0171733 0.0521067 0.643786 0.0408924 0.0375661 0.103012 0.0811519 9.9991E-05 0.0242113
9.9973E-05 9.9973E-05 0.410526 9.9973E-05 0.020597 0.00634694 0.473088 0.076707 0.0124351
9.9955E-05 0.120231 9.9955E-05 0.0961271 9.9955E-05 0.017614 0.765528 9.9955E-05 9.9955E-05
0.0145103 0.0309645 0.553188 9.9991E-05 0.0797287 0.0821222 0.0880415 0.110629 0.040716
9.9955E-05 0.0739692 0.16151 0.15112 9.9955E-05 9.9955E-05 0.612901 9.9955E-05 9.9955E-05
0.0283434 0.0757582 0.484861 9.9982E-05 0.0414404 0.0291931 0.326572 9.9982E-05 0.0136326
9.9964E-05 9.9964E-05 0.0979292 9.9964E-05 9.9964E-05 0.0741857 0.597068 0.225324 0.00509317
9.9946E-05 9.9946E-05 9.9946E-05 9.9946E-05 0.0192072 0.0437206 9.9946E-05 9.9946E-05 0.936473
9.993E-05 9.993E-05 9.993E-05 9.993E-05 9.993E-05 9.993E-05 9.993E-05 9.993E-05 0.999201
9.993E-05 9.993E-05 9.993E-05 9.993E-05 9.993E-05 9.993E-05 9.993E-05 9.993E-05 0.999201
9.9964E-05 9.9964E-05 9.9964E-05 9.9964E-05 0.0297502 0.0123562 0.00449023 0.00305179 0.949952
9.9946E-05 9.9946E-05 0.0537583 9.9946E-05 9.9946E-05 0.00041373 9.9946E-05 9.9946E-05 0.945228
0.0228016 9.9946E-05 0.0136686 9.9946E-05 9.9946E-05 9.9946E-05 9.9946E-05 9.9946E-05 0.96293
0.0385589 9.9964E-05 0.0442902 9.9964E-05 0.858692 9.9964E-05 0.0395331 9.9964E-05 0.0185259
0.000728027 9.9982E-05 0.0988708 0.00105802 0.829674 0.0297121 0.0317792 9.9982E-05 0.00797776
0.0468172 0.0234512 0.121898 0.00412914 0.763738 9.9982E-05 0.0261464 9.9982E-05 0.0136201
0.0738037 9.9964E-05 0.0158154 9.9964E-05 0.825838 0.0262669 0.0578759 9.9964E-05 9.9964E-05
0.0577867 9.9973E-05 0.126227 0.0281402 0.755613 0.018947 0.012986 9.9973E-05 9.9973E-05
9.9973E-05 9.9973E-05 9.9973E-05 0.0525933 0.360307 0.240531 0.0132063 0.0480515 0.285011
9.9964E-05 0.060992 9.9964E-05 0.00777218 0.401376 0.18012 9.9964E-05 9.9964E-05 0.34934
9.9973E-05 0.0442185 0.0113052 9.9973E-05 0.404487 0.176406 9.9973E-05 0.0269416 0.336342
0.00604002 9.9964E-05 0.0966371 9.9964E-05 0.842169 0.0360783 9.9964E-05 0.0186755 9.9964E-05
9.9973E-05 0.0464642 9.9973E-05 9.9973E-05 0.378427 0.163223 0.0589344 0.0351633 0.317489
0.305814 0.0108901 0.285329 0.158201 0.239366 9.9964E-05 9.9964E-05 9.9964E-05 9.9964E-05
0.159518 0.0241836 0.557202 0.053071 0.134586 0.0193971 0.0100944 0.0304919 0.0114556
0.243269 9.9955E-05 0.52515 9.9955E-05 0.184989 9.9955E-05 9.9955E-05 0.0460922 9.9955E-05
0.250452 9.9964E-05 0.332556 0.131395 0.247071 9.9964E-05 9.9964E-05 9.9964E-05 0.0381262
0.121924 0.012251 0.450453 0.0657441 0.190024 0.0373358 0.0213134 0.0865028 0.0144522
0.298517 9.9955E-05 9.9955E-05 0.29124 0.397321 9.9955E-05 9.9955E-05 9.9955E-05 0.0124224
9.9982E-05 0.0271836 0.407689 0.0171177 9.9982E-05 0.145313 0.0204878 0.288494 0.0935153
9.9982E-05 0.182991 0.413905 0.0613137 9.9982E-05 0.0443125 0.0538296 0.204556 0.0388924
0.000362044 0.0156694 0.188825 0.000610114 9.9991E-05 0.149637 0.0411213 0.542009 0.0616653
9.9982E-05 0.18569 0.501741 0.0605986 9.9982E-05 0.0589977 0.0479132 0.134237 0.0106233
9.9973E-05 0.334365 9.9973E-05 0.283543 9.9973E-05 0.104132 0.0775793 0.144063 0.0560174
0.0774854 0.0204702 0.493917 0.0681578 0.0656495 0.0560194 0.0899744 0.118728 0.00959857
0.0145218 0.116246 0.48873 0.104405 0.0123262 0.0443062 0.0379363 0.144594 0.0369342
9.9982E-05 0.0418658 0.282475 0.0511016 9.9982E-05 0.140878 0.0191564 0.408798 0.0555254
0.0363909 0.0400295 0.49637 9.9991E-05 0.0684227 0.0637184 0.0705496 0.184331 0.0400877
9.9973E-05 0.161081 0.0585151 0.225917 9.9973E-05 0.0570723 0.113166 0.383948 9.9973E-05
0.0301546 0.121616 0.544234 0.0782897 9.9991E-05 0.0641401 0.0112958 0.124881 0.0252893
9.9982E-05 0.0640083 0.446962 9.9982E-05 0.0247429 0.0761836 0.0326703 0.302242 0.0529913
0.142678 0.0987528 0.374651 0.124488 0.107069 0.0065133 0.0358304 0.109917 9.9991E-05
0.0168621 0.158871 0.285947 0.120946 9.9991E-05 0.0708327 0.061938 0.264454 0.0200497
0.0166358 0.116771 0.386132 0.133116 9.99865E-05 0.102665 0.0548986 0.189581 9.99865E-05
0.00796717 0.120055 0.569944 0.0416947 9.9991E-05 0.0665812 0.0656122 0.0856021 0.042443
9.9982E-05 0.0885946 0.541207 0.0831161 9.9982E-05 0.103919 0.0530643 0.11855 0.0113497
0.053681 0.0747246 0.589529 9.9991E-05 0.0396753 0.0647523 0.0372359 0.101198 0.0391046
0.0506586 0.0345801 0.523254 0.0675741 0.068996 0.0501864 0.0382266 0.157259 0.00926481
0.0274521 0.0399798 0.497965 0.0023958 0.0576914 0.0644063 0.0477945 0.22944 0.0328756
0.0396198 9.9946E-05 0.12115 9.9946E-05 0.838631 9.9946E-05 9.9946E-05 9.9946E-05 9.9946E-05
9.9946E-05 0.0154129 0.106966 9.9946E-05 0.877022 9.9946E-05 9.9946E-05 9.9946E-05 9.9946E-05
9.9973E-05 9.9973E-05 0.0448365 0.0435416 0.860871 0.0216154 0.00889022 9.9973E-05 0.0199452
0.057171 0.00487728 0.0170823 9.9964E-05 0.878948 9.9964E-05 9.9964E-05 9.9964E-05 0.0415214
9.9946E-05 9.9946E-05 0.0986747 9.9946E-05 0.881745 9.9946E-05 9.9946E-05 9.9946E-05 0.018981
0.0242511 0.0108023 9.9991E-05 0.0898848 0.017484 0.112858 0.0546025 0.612205 0.0778117
0.0516231 0.150974 0.429865 9.9982E-05 0.0491061 0.0390818 0.0369894 0.242161 9.9982E-05
0.202188 0.0441983 0.417411 0.115792 0.168926 9.9982E-05 9.9982E-05 0.00373893 0.0475461
0.0503099 0.0394206 0.580509 9.9982E-05 9.9982E-05 0.0677148 0.0105431 0.24127 0.0100329
0.0130041 0.000851417 0.460572 0.00349064 9.9991E-05 0.099783 0.0599807 0.347473 0.014746
9.9982E-05 0.200537 0.264778 0.142613 9.9982E-05 0.0841707 0.0148777 0.267355 0.0254681
9.99661E-05 9.99661E-05 9.99661E-05 0.0376575 0.072002 0.267894 9.99661E-05 0.574776 0.0472704
9.9973E-05 9.9973E-05 0.453656 9.9973E-05 0.0462039 0.0930065 0.0722616 0.256802 0.0777703
0.0558378 0.0317675 0.128859 9.9991E-05 0.024687 0.187954 0.0124434 0.400797 0.157555
9.9991E-05 0.106612 0.439117 0.0946483 0.0468382 0.0445116 0.116363 0.13285 0.0189605
9.9973E-05 0.0667638 0.0533833 9.9973E-05 0.0713203 0.15122 9.9973E-05 0.535213 0.1218
0.0541538 0.039602 0.551237 9.9982E-05 0.0664991 0.120549 9.9982E-05 0.143191 0.0245679
9.9991E-05 0.0386959 0.046211 0.00597918 0.0432156 0.151556 0.0579377 0.599149 0.0571555
0.0894648 0.134751 0.171385 0.104165 9.9991E-05 0.0615633 0.0648474 0.314017 0.0597068
9.9991E-05 0.0922679 0.483847 0.175237 0.0410701 0.0018608 0.000748653 0.153437 0.0514319
9.9982E-05 0.0988059 0.271512 0.41673 9.9982E-05 0.00178535 0.0608134 0.0975577 0.0525956
9.9982E-05 0.000771665 0.512041 0.346395 0.0095325 9.9982E-05 0.0662311 0.0460988 0.0187299
9.9991E-05 0.0300617 0.52022 0.178376 0.0634745 0.0219422 0.000755074 0.114541 0.0705299
9.9973E-05 0.0546045 0.246738 0.512931 9.9973E-05 9.9973E-05 0.109013 0.0566889 0.0197247
0.0446806 0.033392 0.516557 0.163126 0.0189032 0.0475384 0.0700835 0.0539292 0.0517894
9.9973E-05 0.0954083 0.500669 0.24074 9.9973E-05 0.0219844 0.0468233 9.9973E-05 0.0940751
9.9973E-05 0.171032 0.128842 0.527338 9.9973E-05 0.00219075 0.126677 9.9973E-05 0.0436203
9.9964E-05 0.0114226 0.216012 0.643507 9.9964E-05 9.9964E-05 0.0501603 9.9964E-05 0.0784982
9.9973E-05 0.052893 0.473646 0.345291 9.9973E-05 0.0269633 0.0673588 9.9973E-05 0.033548
9.9973E-05 0.0704665 0.0740487 0.569421 9.9973E-05 0.022846 0.188934 9.9973E-05 0.0739837
9.9973E-05 0.0254898 0.40485 0.292541 9.9973E-05 9.9973E-05 0.0687315 0.130156 0.077931
0.0252255 0.0312729 0.013459 9.9982E-05 9.9982E-05 0.203483 0.0693502 0.626166 0.0308431
0.0641793 0.248656 0.129415 0.0476949 9.9982E-05 0.180348 0.0091256 0.320381 9.9982E-05
0.0619536 0.00726495 0.35461 9.9991E-05 0.0350966 0.135445 0.0512314 0.309127 0.0451712
0.0262979 0.0758859 0.503233 9.9982E-05 0.0633114 0.130238 0.0862278 0.114606 9.9982E-05
0.00410605 0.040373 0.11462 9.9982E-05 9.9982E-05 0.192131 0.0910855 0.508564 0.0489209
0.064842 0.0835764 0.486494 0.0468306 0.0435778 0.0983834 0.0175043 0.114113 0.0446786
0.0162864 9.9991E-05 0.548251 0.0637522 0.00551065 0.116354 0.012247 0.216608 0.0208905
0.0638936 0.0855629 0.471052 0.0552944 9.9991E-05 0.134987 0.0490694 0.122414 0.0176266
0.0901303 0.059687 0.450581 0.00660251 0.00251149 0.0840106 0.0670176 0.188825 0.050634
0.0283724 0.016582 0.437708 9.9982E-05 9.9982E-05 0.157563 0.0137051 0.26956 0.0763096
0.0203788 0.0423877 0.183049 9.9991E-05 0.00411702 0.226998 0.0623024 0.440346 0.02032
0.0180785 0.0327407 0.360905 9.9982E-05 9.9982E-05 0.180664 0.0201223 0.343942 0.0433484
0.0204945 0.0977253 0.554237 0.0278954 9.9991E-05 0.115718 0.00442599 0.159656 0.019748
0.0737976 0.0732247 0.561155 0.0543861 0.0422168 0.050186 0.0123906 0.132543 9.9991E-05
0.0831367 0.0770737 0.306236 0.11092 0.0465969 0.117126 0.0484477 0.157391 0.0530723
0.0812196 0.156475 0.445055 9.9973E-05 9.9973E-05 0.102454 0.0645018 0.149995 9.9973E-05
0.0577372 0.0255484 0.287168 9.9982E-05 9.9982E-05 0.229973 0.0359969 0.343236 0.0201403
0.0578907 0.00095758 0.493221 0.0188138 0.00556475 0.0877955 0.0390596 0.250199 0.0464978
0.0730881 0.0491943 0.407034 9.9991E-05 0.00990315 0.084233 0.0617128 0.246575 0.0681594
0.0490653 0.0453792 0.557231 0.0604649 0.0532622 0.079761 0.0430346 0.0605185 0.0512836
0.0943722 9.9964E-05 0.450535 0.0290701 0.308101 9.9964E-05 9.9964E-05 0.117522 9.9964E-05
0.113312 0.00411227 0.516194 0.0599234 0.155906 9.9973E-05 9.9973E-05 0.150252 9.9973E-05
0.149795 0.051395 0.405321 0.0957041 0.141564 0.017918 0.0181255 0.0950529 0.0251233
0.132956 0.0597358 0.492291 0.088366 0.10302 0.0121194 9.9991E-05 0.0437193 0.0676918
0.194694 0.0102274 0.442323 0.0818361 0.19827 9.9973E-05 0.0723492 9.9973E-05 9.9973E-05
9.9982E-05 0.16666 0.459014 0.111485 9.9982E-05 0.0834273 0.0265651 0.101332 0.0513162
0.112013 0.029215 0.500648 0.0586046 0.155478 9.9991E-05 0.101939 0.01436 0.0276416
0.171296 0.110497 0.006356 0.306568 0.203207 0.00679455 0.0185477 0.176634 9.9991E-05
0.102175 0.02632 0.539577 0.0980683 0.114936 0.0321471 9.9991E-05 0.0716263 0.0150501
0.175897 0.0735188 0.461997 0.0565909 0.112184 0.0303828 9.9991E-05 0.0810709 0.00825821
0.152731 0.0271069 0.491746 0.0516205 0.102038 9.9991E-05 0.0416727 0.118527 0.0144585
0.107264 0.102708 0.266791 0.211248 0.159099 9.9982E-05 0.0183405 0.13435 9.9982E-05
0.139041 0.0159062 0.501584 0.0528644 0.182248 0.017706 9.9982E-05 0.0904515 9.9982E-05
0.120383 0.0968919 0.550903 0.0453079 0.143157 0.0430568 9.9973E-05 9.9973E-05 9.9973E-05
0.128159 9.9946E-05 9.9946E-05 0.437343 0.433899 9.9946E-05 9.9946E-05 9.9946E-05 9.9946E-05
0.149399 9.9991E-05 0.480063 0.0275372 0.166636 0.00916125 0.0615771 0.0750958 0.0304307
0.148524 0.0501584 0.553219 0.0787399 0.168959 9.9964E-05 9.9964E-05 9.9964E-05 9.9964E-05
0.102761 9.9991E-05 0.55258 0.11977 0.0495803 0.00931446 0.0137365 0.130301 0.0218556
0.157854 0.011752 0.547216 0.0642208 0.218558 9.9964E-05 9.9964E-05 9.9964E-05 9.9964E-05
0.141801 9.9973E-05 0.475488 0.0624652 0.177101 9.9973E-05 0.0576669 0.0851778 9.9973E-05
0.0041126 0.463722 0.420389 9.9973E-05 0.0521854 9.9973E-05 0.0537573 9.9973E-05 0.0055335
0.0359109 0.219736 0.486503 9.9982E-05 0.0865019 0.00570581 0.117492 0.0479499 9.9982E-05
9.9964E-05 0.894445 9.9964E-05 0.0171555 9.9964E-05 0.0167178 0.0514426 0.0198394 9.9964E-05
9.9955E-05 0.922109 9.9955E-05 0.0310686 9.9955E-05 9.9955E-05 9.9955E-05 0.0396029 0.00671996
0.0357704 0.302912 0.42884 0.056487 0.0831956 9.9991E-05 0.00238273 0.0872696 0.00304232
0.289569 0.110726 0.29571 0.117566 0.119779 9.9982E-05 9.9982E-05 0.061433 0.00501736
0.285224 0.253956 0.306246 0.0142991 0.139875 9.9964E-05 9.9964E-05 9.9964E-05 9.9964E-05
0.280105 0.313461 0.173665 0.0832816 0.149088 9.9964E-05 9.9964E-05 9.9964E-05 9.9964E-05
0.233341 0.206444 0.336464 0.0569357 0.156095 9.9973E-05 9.9973E-05 0.0104201 9.9973E-05
0.0431558 0.711865 0.0529296 0.101175 0.0904747 9.9964E-05 9.9964E-05 9.9964E-05 9.9964E-05
0.0414674 0.687096 0.126873 0.0214658 0.098034 9.9973E-05 9.9973E-05 9.9973E-05 0.0247645
0.0631564 0.399928 0.529411 9.9955E-05 9.9955E-05 9.9955E-05 9.9955E-05 9.9955E-05 0.0070045
0.091443 0.486121 0.355003 9.9955E-05 0.0669327 9.9955E-05 9.9955E-05 9.9955E-05 9.9955E-05
0.0544862 0.727085 0.165283 9.9964E-05 0.0485499 9.9964E-05 9.9964E-05 9.9964E-05 0.00419579
0.0542661 0.320438 0.498881 9.9973E-05 0.0446874 9.9973E-05 9.9973E-05 0.0760866 0.0053405
0.040519 0.317805 0.575002 9.9964E-05 0.054676 9.9964E-05 9.9964E-05 9.9964E-05 0.0115981
0.0476459 0.247207 0.427476 0.0493473 0.101842 0.0328808 0.0226882 0.0547337 0.0161792
9.9955E-05 0.678197 0.305385 9.9955E-05 0.00442285 9.9955E-05 9.9955E-05 0.0114948 9.9955E-05
9.9982E-05 0.511033 0.394578 0.00499681 0.0194146 0.0153645 0.0019323 0.0524806 9.9982E-05
9.9973E-05 0.350067 0.504147 9.9973E-05 0.0435372 0.0216394 0.0464749 9.9973E-05 0.0338342
0.00857341 0.427003 0.424634 0.0180741 0.0104733 0.0589789 0.00108008 9.9991E-05 0.0510834
0.0298384 0.283835 0.512975 9.9982E-05 0.0787448 9.9982E-05 0.0219329 0.0646091 0.00786497
9.9973E-05 0.433724 0.43925 0.0377747 0.00327448 9.9973E-05 0.0707747 0.0149022 9.9973E-05
9.9946E-05 0.812438 0.164355 9.9946E-05 9.9946E-05 9.9946E-05 9.9946E-05 9.9946E-05 0.0226074
0.0276296 0.394171 0.577094 9.9955E-05 9.9955E-05 0.000605554 9.9955E-05 9.9955E-05 9.9955E-05
9.9964E-05 0.813054 0.153228 9.9964E-05 9.9964E-05 0.00171789 0.00640996 9.9964E-05 0.0251907
9.9964E-05 0.570772 0.365257 9.9964E-05 0.0198457 9.9964E-05 0.0141498 9.9964E-05 0.0295748
0.00717087 0.317272 0.515487 0.0126767 0.0717237 0.00472513 0.0530559 9.9991E-05 0.0177889
0.0210921 0.304137 0.447109 9.9973E-05 0.0803029 9.9973E-05 0.0687129 0.0783465 9.9973E-05
0.12161 0.105662 0.463812 0.0487184 0.156071 0.00753569 0.0209836 0.0185964 0.0570112
0.1351 0.129502 0.395819 0.0827836 0.150494 0.0329086 0.0441456 0.015119 0.014128
0.271778 0.0669196 0.302171 0.125664 0.181315 0.0146063 9.9982E-05 0.0373465 9.9982E-05
0.233551 0.11191 0.314687 0.0810669 0.174526 9.9982E-05 9.9982E-05 0.0470455 0.0370137
0.178449 0.0698463 0.436311 0.0224099 0.13531 0.0484416 0.00600887 0.0259819 0.0772419
0.153611 0.119109 0.410195 0.111496 0.140611 0.00348345 0.0612952 9.9982E-05 9.9982E-05
0.0869427 0.682199 9.9955E-05 0.0552228 0.175135 9.9955E-05 9.9955E-05 9.9955E-05 9.9955E-05
0.178122 0.140705 0.533533 0.0297073 0.0814988 0.0361348 9.9973E-05 9.9973E-05 9.9973E-05
0.0864751 0.369655 9.9955E-05 0.232916 0.310454 9.9955E-05 9.9955E-05 9.9955E-05 9.9955E-05
0.133933 0.347337 0.468368 9.9955E-05 0.0498623 9.9955E-05 9.9955E-05 9.9955E-05 9.9955E-05
9.9937E-05 0.902774 0.0965261 9.9937E-05 9.9937E-05 9.9937E-05 9.9937E-05 9.9937E-05 9.9937E-05
9.9946E-05 0.958443 9.9946E-05 9.9946E-05 9.9946E-05 9.9946E-05 0.0408512 9.9946E-05 0.00010649
9.9946E-05 0.576265 0.414648 9.9946E-05 9.9946E-05 0.00848752 9.9946E-05 9.9946E-05 9.9946E-05
0.0151273 0.394063 0.567999 9.9955E-05 0.0223111 9.9955E-05 9.9955E-05 9.9955E-05 9.9955E-05
9.9937E-05 0.62031 0.37899 9.9937E-05 9.9937E-05 9.9937E-05 9.9937E-05 9.9937E-05 9.9937E-05
9.9937E-05 0.450897 0.548403 9.9937E-05 9.9937E-05 9.9937E-05 9.9937E-05 9.9937E-05 9.9937E-05
9.9946E-05 0.453453 0.542195 9.9946E-05 9.9946E-05 9.9946E-05 0.00375207 9.9946E-05 9.9946E-05
0.00519544 0.00345308 0.0160225 9.9982E-05 0.864543 0.0323735 9.9982E-05 0.0584121 0.0198002
0.0652107 0.0177468 0.0266588 0.0394044 0.754713 0.0523374 0.0305466 9.9991E-05 0.0132823
0.0300246 0.0192953 0.000939334 9.9982E-05 0.912524 0.002743 9.9982E-05 0.0181625 0.0161112
9.9946E-05 9.9946E-05 0.0485722 0.0297082 0.92112 9.9946E-05 9.9946E-05 9.9946E-05 9.9946E-05
0.0343406 0.0348601 0.499993 0.027994 0.0254442 9.9982E-05 0.303182 0.0739865 9.9982E-05
9.9964E-05 9.9964E-05 0.512397 9.9964E-05 0.0785867 9.9964E-05 0.301007 0.0763494 0.0312593
9.9973E-05 9.9973E-05 0.508965 9.9973E-05 0.0333288 0.00516668 0.394542 0.0538984 0.00379927
9.9973E-05 9.9973E-05 0.584702 0.0220522 0.0551071 9.9973E-05 0.211474 0.102926 0.023439
0.0165499 9.9982E-05 0.550179 0.109353 0.0617741 9.9982E-05 0.106791 0.0844401 0.0707132
9.9964E-05 9.9964E-05 0.255448 9.9964E-05 0.0390354 9.9964E-05 0.544624 0.115688 0.0448058
9.9946E-05 9.9946E-05 0.624305 9.9946E-05 0.0308057 9.9946E-05 0.34429 9.9946E-05 9.9946E-05
9.9955E-05 0.110105 0.265777 0.0768489 9.9955E-05 9.9955E-05 0.546769 9.9955E-05 9.9955E-05
0.138144 9.9982E-05 0.382235 0.00313778 0.322351 0.0406285 9.9982E-05 0.111712 0.00159092
0.0126885 0.0935045 0.441431 0.0856804 9.9982E-05 0.0226178 0.340237 0.00364128 9.9982E-05
9.9964E-05 9.9964E-05 0.328691 9.9964E-05 9.9964E-05 0.0187524 0.518692 0.127268 0.00619611
9.9964E-05 0.0552563 0.52707 0.0336123 0.0175394 9.9964E-05 0.366123 9.9964E-05 9.9964E-05
0.0286019 9.9982E-05 0.339296 9.9982E-05 0.00295685 0.0610745 0.427268 0.12164 0.0189623
0.024616 0.0580485 0.562335 9.9964E-05 9.9964E-05 9.9964E-05 0.352912 9.9964E-05 0.00168799
0.0185466 9.9982E-05 0.54892 0.021492 0.050331 9.9982E-05 0.324398 0.0309523 0.00516044
9.9955E-05 0.0645998 0.00331092 0.0836284 9.9955E-05 9.9955E-05 0.847961 9.9955E-05 9.9955E-05
0.0114134 0.0551446 0.330638 0.0826295 9.9964E-05 9.9964E-05 0.519774 9.9964E-05 9.9964E-05
0.0295233 0.0589981 0.338468 0.0478279 9.9982E-05 0.000306114 0.517174 9.9982E-05 0.00750181
9.9946E-05 0.0457506 9.9946E-05 0.141121 9.9946E-05 9.9946E-05 0.812529 9.9946E-05 9.9946E-05
9.9973E-05 9.9973E-05 0.393568 9.9973E-05 0.0628328 0.026268 0.365891 0.0877418 0.0633994
9.9973E-05 0.0339428 0.0796375 0.256115 9.9973E-05 0.00297225 0.623287 0.00374539 9.9973E-05
9.9946E-05 0.0316264 9.9946E-05 0.165912 9.9946E-05 9.9946E-05 0.801862 9.9946E-05 9.9946E-05
0.016173 0.090018 0.56343 9.9973E-05 0.0138422 9.9973E-05 0.291977 9.9973E-05 0.0242598
9.9973E-05 9.9973E-05 0.140803 9.9973E-05 0.0458669 0.0581827 0.565714 0.15551 0.0336239
0.0218981 9.9973E-05 0.472314 0.00767185 9.9973E-05 0.0197798 0.378258 0.0997782 9.9973E-05
0.036318 9.9973E-05 0.585529 0.0778546 0.0699169 0.0533321 0.176749 9.9973E-05 9.9973E-05
0.00922993 9.9973E-05 0.470015 9.9973E-05 0.0362604 9.9973E-05 0.344473 0.109861 0.0298607
9.9982E-05 0.162494 0.33701 0.133647 9.9982E-05 0.0943779 0.0160712 0.248081 0.00811942
0.0146222 0.00469037 0.563866 9.9982E-05 0.0349239 0.0276684 0.31689 0.0371394 9.9982E-05
9.9982E-05 9.9982E-05 0.492528 0.00457321 0.0134647 0.039761 0.329593 0.111996 0.00788474
0.00426064 0.0972453 0.281976 0.021155 9.9973E-05 9.9973E-05 0.545782 0.0492809 9.9973E-05
0.0185748 9.9982E-05 0.485773 9.9982E-05 0.106294 0.0188919 0.244051 0.10976 0.0164555
9.9973E-05 0.00728151 9.9973E-05 0.0667484 0.636974 0.160766 0.00981277 9.9973E-05 0.118118
9.9964E-05 9.9964E-05 9.9964E-05 0.054864 0.72858 0.104023 0.0301986 9.9964E-05 0.0819345
9.9973E-05 9.9973E-05 9.9973E-05 0.0189951 0.833988 0.0759698 0.0028645 0.00733231 0.0605507
9.9964E-05 9.9964E-05 9.9964E-05 0.0382164 0.821989 0.055164 9.9964E-05 0.0238615 0.0603688
9.9973E-05 9.9973E-05 0.00393369 0.0741088 0.715859 0.0741912 9.9973E-05 0.0496565 0.0819508
9.9973E-05 9.9973E-05 0.0981092 9.9973E-05 0.0445894 0.0404452 0.627858 0.176553 0.012145
