9.9955E-05 0.918017 9.9955E-05 9.9955E-05 0.0311127 0.0198298 0.0305402 9.9955E-05 9.9955E-05
9.9946E-05 0.962922 9.9946E-05 9.9946E-05 9.9946E-05 9.9946E-05 0.0134622 9.9946E-05 0.0230164
9.9973E-05 0.854176 0.00276805 0.0219124 9.9973E-05 0.0491042 9.9973E-05 0.0131784 0.0585611
9.9955E-05 0.800751 0.0201989 9.9955E-05 9.9955E-05 0.146728 9.9955E-05 9.9955E-05 0.0318228
9.9946E-05 0.906421 0.00193855 9.9946E-05 9.9946E-05 0.091041 9.9946E-05 9.9946E-05 9.9946E-05
0.0131536 0.605455 0.0583982 0.223381 0.0992125 9.9964E-05 9.9964E-05 9.9964E-05 9.9964E-05
9.9937E-05 0.79179 9.9937E-05 0.20751 9.9937E-05 9.9937E-05 9.9937E-05 9.9937E-05 9.9937E-05
9.9955E-05 0.688921 0.0218407 0.260722 0.0280158 9.9955E-05 9.9955E-05 9.9955E-05 9.9955E-05
9.99639E-05 0.808692 0.105446 0.0148499 9.99639E-05 9.99639E-05 0.0199976 9.99639E-05 0.0506149
0.0061889 0.735646 0.00112448 0.214248 0.0423932 9.9964E-05 9.9964E-05 9.9964E-05 9.9964E-05
9.9955E-05 0.7393 0.0152977 0.189354 9.9955E-05 0.0555479 9.9955E-05 9.9955E-05 9.9955E-05
9.9955E-05 0.0246765 9.9955E-05 9.9955E-05 0.02684 0.0185558 0.929428 9.9955E-05 9.9955E-05
0.0183944 0.0379318 9.9964E-05 9.9964E-05 0.0196949 0.453693 0.469886 9.9964E-05 9.9964E-05
9.9955E-05 9.9955E-05 9.9955E-05 9.9955E-05 0.0650871 0.0491765 0.883717 9.9955E-05 0.00151915
9.9955E-05 0.0241647 9.9955E-05 9.9955E-05 0.145996 0.0556838 0.773656 9.9955E-05 9.9955E-05
9.9964E-05 0.0646135 9.9964E-05 9.9964E-05 0.0913914 0.305352 0.524693 9.9964E-05 0.0135501
9.99603E-05 9.99603E-05 9.99603E-05 9.99603E-05 0.045358 0.49388 0.429754 9.99603E-05 0.0305082
9.9973E-05 0.0368744 9.9973E-05 0.0173318 0.00935796 0.352996 0.553067 0.0300736 9.9973E-05
9.9964E-05 0.0814118 9.9964E-05 9.9964E-05 0.0557967 0.109807 0.706178 9.9964E-05 0.0464068
9.9955E-05 0.00805451 0.00614577 0.0414239 9.9955E-05 9.9955E-05 0.943876 9.9955E-05 9.9955E-05
9.9973E-05 9.9973E-05 9.9973E-05 0.0396345 0.0194485 0.337896 0.525162 0.0533922 0.0241663
0.0634233 0.00933958 9.9991E-05 0.142929 0.031912 0.325952 0.358248 0.00189754 0.0661995
9.9982E-05 0.013945 0.0043838 0.053979 0.0348911 0.437421 0.368167 0.0870127 9.9982E-05
9.9955E-05 0.0343061 9.9955E-05 9.9955E-05 0.090959 0.0145071 0.859728 9.9955E-05 9.9955E-05
0.00891279 0.0639183 0.0201408 9.9991E-05 0.093197 0.595046 0.174124 0.004583 0.039978
9.9973E-05 0.00661165 9.9973E-05 0.0356797 0.00577956 0.436712 0.512091 0.00282622 9.9973E-05
9.9964E-05 0.0339373 9.9964E-05 0.00311255 0.0253177 0.0370992 0.900133 9.9964E-05 9.9964E-05
9.9955E-05 0.0366404 9.9955E-05 9.9955E-05 0.0639126 0.05729 0.841657 9.9955E-05 9.9955E-05
9.9946E-05 9.9946E-05 9.9946E-05 0.0681307 9.9946E-05 0.0463165 0.884953 9.9946E-05 9.9946E-05
9.9946E-05 0.883574 9.9946E-05 9.9946E-05 0.0223523 0.0934736 9.9946E-05 9.9946E-05 9.9946E-05
0.00523878 0.87937 9.9955E-05 9.9955E-05 0.00528751 0.109604 9.9955E-05 9.9955E-05 9.9955E-05
9.9964E-05 0.791263 0.0244743 9.9964E-05 0.108564 0.0727899 0.00250846 9.9964E-05 9.9964E-05
9.9955E-05 0.740946 9.9955E-05 9.9955E-05 0.0400274 0.177352 9.9955E-05 9.9955E-05 0.0411743
0.0208295 0.0597332 0.0806301 0.180242 0.00382487 0.448433 0.0347561 0.171452 9.9991E-05
0.00891062 0.0784395 9.9982E-05 0.0217542 0.0607935 0.486984 0.09127 0.251648 9.9982E-05
0.022003 0.0215582 0.00168099 0.0133653 9.9982E-05 0.545574 9.9982E-05 0.393871 0.00174714
0.0253274 0.0633847 0.186131 9.9973E-05 9.9973E-05 0.0777059 0.618794 0.0283567 9.9973E-05
0.0682453 9.9964E-05 9.9964E-05 0.0350509 9.9964E-05 0.278256 9.9964E-05 0.58487 0.0331781
9.9973E-05 0.0848702 0.0102887 9.9973E-05 9.9973E-05 0.507378 0.182153 0.203718 0.0112924
9.9964E-05 0.0366092 9.9964E-05 0.078698 9.9964E-05 0.682925 9.9964E-05 0.196918 0.00444976
9.9982E-05 0.0761493 0.0162363 0.363938 0.0149596 0.443183 0.074878 0.0104567 9.9982E-05
9.9982E-05 0.0517082 0.028298 0.128561 0.0423665 0.518792 0.192502 0.0375728 9.9982E-05
9.9964E-05 0.0161006 0.019758 9.9964E-05 9.9964E-05 0.108924 0.211055 0.643763 9.9964E-05
9.9973E-05 0.0158406 0.0475578 0.291999 0.00709631 0.603227 9.9973E-05 9.9973E-05 0.0339792
0.00770244 0.0875005 0.00274908 0.0608537 0.0174183 0.547433 0.0355506 0.240692 9.9991E-05
0.0501127 0.103494 9.9982E-05 0.10197 0.00655774 0.610872 0.0233335 0.10346 9.9982E-05
0.0399439 9.9955E-05 9.9955E-05 9.9955E-05 9.9955E-05 0.337799 9.9955E-05 0.590225 0.0315329
9.9964E-05 0.0990971 0.000157286 9.9964E-05 9.9964E-05 0.595272 0.0671708 0.237903 9.9964E-05
0.00895587 0.123642 0.0156025 0.0290939 0.00957791 0.574789 0.061537 0.146176 0.0306252
0.118732 9.9955E-05 9.9955E-05 0.142294 9.9955E-05 9.9955E-05 9.9955E-05 0.631172 0.107303
0.0508149 9.9973E-05 0.222972 0.0687763 9.9973E-05 0.0706373 0.565555 0.020945 9.9973E-05
0.163562 9.9982E-05 9.9982E-05 0.122764 0.025059 0.0352307 0.415755 0.118922 0.118507
0.0670797 0.050295 0.0843143 0.0235118 0.0649793 0.560878 0.0893224 0.0541652 0.00545426
0.0432514 0.0377577 0.0363947 0.0324544 0.0352133 0.601509 0.170837 9.9991E-05 0.0424824
0.113688 0.0881375 0.0126343 0.0534082 0.024406 0.565467 0.099357 0.0187889 0.0241131
9.9973E-05 0.116276 0.229745 0.0167365 9.9973E-05 0.163465 0.420119 0.0533582 9.9973E-05
9.9964E-05 9.9964E-05 0.123125 9.9964E-05 9.9964E-05 0.504855 0.334472 0.0129045 0.0242446
0.00828293 0.0845938 0.0489838 0.00475661 0.0241779 0.555195 0.175701 0.0982085 9.9991E-05
0.0622401 0.12204 0.0807487 0.0637025 0.0261377 0.332129 0.249117 0.0637859 9.9991E-05
0.00816165 0.151781 0.0873188 0.0807433 0.0188532 0.0206081 0.602573 0.0298608 9.9991E-05
0.0398742 0.0856248 0.0720068 0.0668143 9.9991E-05 0.53274 0.149143 0.0274123 0.0262852
0.0531007 0.0294596 0.0751441 0.0459279 9.9991E-05 0.418484 0.322055 0.0140941 0.0416342
0.0133653 0.0843703 0.110108 0.104595 9.9982E-05 9.9982E-05 0.646589 0.0397474 0.00102511
0.0510287 9.9964E-05 0.0592694 9.9964E-05 9.9964E-05 0.35283 0.460983 0.07549 9.9964E-05
0.142538 0.000384848 0.030596 9.9991E-05 0.0562041 0.529644 0.125068 0.0605864 0.0548789
0.0137667 0.045527 0.0792165 0.0290415 9.9991E-05 0.596726 0.185896 0.0334088 0.0163179
0.00948005 0.069013 0.0404615 0.0298348 0.0547273 0.146197 0.572858 0.0556512 0.0217773
0.020356 0.0192979 0.0378315 0.0201471 0.0298646 0.437638 0.330443 0.0602673 0.0441542
0.0740371 0.0284915 0.0498453 9.9991E-05 0.0319473 0.482007 0.231656 0.0743628 0.0275531
0.0323411 0.0662563 0.121173 0.0178206 9.9982E-05 0.121421 0.579893 0.0608951 9.9982E-05
9.9955E-05 0.0130063 0.00930549 9.9955E-05 9.9955E-05 0.501188 9.9955E-05 0.476 9.9955E-05
9.9964E-05 0.0245103 9.9964E-05 9.9964E-05 0.007637 0.174309 0.0830387 0.710105 9.9964E-05
0.0137555 0.0753684 0.0526063 9.9991E-05 0.0778797 0.464021 0.0859538 0.225496 0.00481997
0.0878712 9.9964E-05 9.9964E-05 0.0330491 0.014439 9.9964E-05 9.9964E-05 0.841899 0.0223421
0.0519159 9.9955E-05 9.9955E-05 0.0630214 9.9955E-05 9.9955E-05 9.9955E-05 0.873292 0.011271
0.0580627 9.99631E-05 9.99631E-05 0.00187778 9.99631E-05 0.235999 9.99631E-05 0.703561 9.99631E-05
9.9964E-05 0.0160881 0.0788242 9.9964E-05 9.9964E-05 0.463501 0.0483583 0.392829 9.9964E-05
0.034357 0.0911129 0.00854079 9.9982E-05 0.0292959 0.557043 9.9982E-05 0.165693 0.113757
0.0500277 9.9955E-05 9.9955E-05 9.9955E-05 9.9955E-05 0.506299 9.9955E-05 0.436583 0.00659073
9.9964E-05 0.0439901 0.0496853 9.9964E-05 9.9964E-05 0.121449 0.17278 0.611695 9.9964E-05
9.9964E-05 0.0135024 0.06103 9.9964E-05 9.9964E-05 0.233962 0.139381 0.551725 9.9964E-05
9.9973E-05 0.0609058 0.0611966 9.9973E-05 0.0703598 0.455331 0.0790464 0.27286 9.9973E-05
9.9964E-05 0.0249207 0.00587208 9.9964E-05 9.9964E-05 0.307217 0.0978784 0.563712 9.9964E-05
9.9964E-05 0.0373987 0.0396713 9.9964E-05 9.9964E-05 0.432144 0.0749293 0.415457 9.9964E-05
0.0213069 9.9964E-05 9.9964E-05 0.0440929 9.9964E-05 0.436456 9.9964E-05 0.492657 0.00508676
0.162932 9.9955E-05 9.9955E-05 0.0470676 9.9955E-05 9.9955E-05 9.9955E-05 0.681169 0.108332
0.0079325 0.0129018 0.0365515 9.9982E-05 0.0091897 0.583991 9.9982E-05 0.309429 0.0398046
9.9973E-05 0.842694 0.0680299 9.9973E-05 9.9973E-05 0.0722405 0.0132722 0.000798983 0.0026643
9.9955E-05 0.906712 9.9955E-05 9.9955E-05 0.00745102 0.0738849 9.9955E-05 9.9955E-05 0.0114526
9.9946E-05 0.842096 9.9946E-05 9.9946E-05 9.9946E-05 0.14225 9.9946E-05 9.9946E-05 0.015055
9.9955E-05 0.911421 9.9955E-05 9.9955E-05 0.0441626 0.0232486 9.9955E-05 9.9955E-05 0.0206682
0.0170788 0.927231 9.9955E-05 9.9955E-05 0.0498904 9.9955E-05 0.00529966 9.9955E-05 9.9955E-05
0.019333 0.877249 9.9955E-05 9.9955E-05 0.0406514 0.0622667 9.9955E-05 9.9955E-05 9.9955E-05
9.9937E-05 0.934187 9.9937E-05 9.9937E-05 9.9937E-05 0.065113 9.9937E-05 9.9937E-05 9.9937E-05
0.0241392 0.0404865 0.0301142 9.9991E-05 0.0301576 0.525407 0.0916523 0.238452 0.019491
0.0319646 0.0775636 0.0196655 9.9991E-05 0.052424 0.559844 0.103911 0.110543 0.0439851
0.0228439 0.0380041 0.0857865 9.9973E-05 9.9973E-05 0.00771259 0.177754 0.667599 9.9973E-05
0.0586426 0.104369 0.0341607 0.0283656 0.00531678 0.617196 9.9991E-05 0.142174 0.00967489
9.9964E-05 0.0328566 0.0486106 9.9964E-05 9.9964E-05 0.38826 0.0763975 0.453475 9.9964E-05
9.9964E-05 0.0617326 0.0175749 9.9964E-05 9.9964E-05 0.525953 0.0363465 0.357993 9.9964E-05
0.0416745 0.0219677 0.0209898 0.0598932 9.9982E-05 0.568276 9.9982E-05 0.253541 0.0334584
0.0513256 0.0186508 0.0210843 9.9973E-05 0.0243332 0.512669 9.9973E-05 0.371638 9.9973E-05
9.9955E-05 0.0484514 0.0542614 9.9955E-05 9.9955E-05 9.9955E-05 0.234583 0.662205 9.9955E-05
0.0614386 0.120704 0.0423896 0.0245846 0.0258912 0.482102 0.0771154 0.152736 0.0130394
9.9982E-05 0.0817728 0.0520408 0.0432514 9.9982E-05 0.643273 0.0395408 0.135843 0.00407732
9.9982E-05 0.0977304 0.034174 0.0807275 0.018508 0.546519 0.0911211 0.13102 9.9982E-05
0.0265807 9.9991E-05 0.00826653 0.144213 0.0193012 0.235083 0.0212787 0.537744 0.00743154
0.0319362 9.9964E-05 0.0162037 0.00869057 9.9964E-05 0.487871 9.9964E-05 0.454899 9.9964E-05
9.9973E-05 0.00252583 0.0859468 0.00603032 9.9973E-05 0.430793 0.0930137 0.38139 9.9973E-05
0.0167637 9.9973E-05 0.0295835 0.0112938 0.0157393 0.37328 9.9973E-05 0.55304 9.9973E-05
9.9964E-05 0.048113 0.0369812 9.9964E-05 9.9964E-05 0.433926 0.137831 0.342749 9.9964E-05
0.0335416 0.0896568 0.0405568 0.0102628 0.0193645 0.502729 0.0819409 0.203409 0.018539
0.122074 9.9964E-05 0.213311 9.9964E-05 9.9964E-05 0.271522 0.259019 9.9964E-05 0.133675
9.9973E-05 0.0439095 0.180012 0.0872795 9.9973E-05 0.394442 0.270213 9.9973E-05 0.0238438
0.0417697 0.118827 0.0652293 0.0274952 0.055396 0.512838 0.165548 0.0127968 9.9991E-05
0.0350121 0.0845472 0.080657 0.095696 0.0431392 0.532084 0.0206949 0.0894682 0.0187012
9.9982E-05 0.0140756 0.163796 0.0617592 9.9982E-05 0.440971 0.298514 0.020061 0.000623861
0.0270031 0.0375585 0.0931588 0.0322455 9.9982E-05 0.5916 0.19806 9.9982E-05 0.0201742
0.0275549 0.0323 0.192178 9.9973E-05 9.9973E-05 0.421969 0.321135 9.9973E-05 0.00456288
0.0392743 0.0511337 0.0506072 9.9982E-05 9.9982E-05 0.509642 0.14258 0.0885685 0.117995
0.0671333 0.0640048 0.0895612 9.9982E-05 0.0533819 0.572816 0.126382 9.9982E-05 0.0265204
9.9973E-05 0.034896 0.141347 0.0378584 9.9973E-05 0.558531 0.226727 9.9973E-05 0.000340874
0.041537 0.034557 0.124596 0.0198543 9.9982E-05 0.558391 0.186115 0.0347488 9.9982E-05
0.0646409 0.0579584 0.0689219 0.0824021 0.0504623 0.594854 0.0549029 9.9991E-05 0.0257571
0.0256309 0.0327998 0.0766569 0.0210519 0.00783611 0.624925 0.144724 9.9991E-05 0.0662757
0.0895053 9.9982E-05 0.0751872 9.9982E-05 0.0152463 0.556431 0.195656 0.0170952 0.0506787
0.0827042 0.0288417 0.0570232 0.0381319 0.0635936 0.523686 0.143287 0.007215 0.0555175
0.115701 9.9982E-05 0.0983091 9.9982E-05 0.00564484 0.608082 0.128155 0.0245071 0.0194006
0.140836 0.0148576 0.119553 0.0671129 0.044937 0.281224 0.18391 0.0163183 0.131251
0.0564293 0.00879385 0.148617 9.9973E-05 9.9973E-05 0.61763 0.0583016 9.9973E-05 0.109928
0.0534532 9.9973E-05 0.110513 0.0715978 9.9973E-05 0.702265 0.00106624 9.9973E-05 0.0608051
0.0392437 0.0214159 0.208294 0.0159801 0.0203753 0.142001 0.488156 0.0644334 9.9991E-05
0.245748 9.9982E-05 0.0435133 0.059056 9.9982E-05 0.099558 0.411586 0.0159764 0.124363
0.0225903 0.0587225 0.110484 0.0488742 0.0145363 0.473221 0.238222 0.029006 0.00434337
0.301198 9.9982E-05 0.119627 0.0675755 9.9982E-05 0.00709876 0.320785 0.100267 0.0832485
0.0198112 9.9973E-05 0.178559 9.9973E-05 9.9973E-05 0.261594 0.515823 0.0159884 0.0079249
0.0529931 9.9964E-05 0.170757 9.9964E-05 9.9964E-05 0.391961 0.374476 0.00941282 9.9964E-05
0.0125236 0.027507 0.201004 9.9973E-05 9.9973E-05 0.292612 0.424012 0.0420415 9.9973E-05
0.0359156 9.9964E-05 0.205176 0.0302986 9.9964E-05 0.26631 0.4619 9.9964E-05 9.9964E-05
0.0600319 0.02541 0.105451 0.0573739 9.9991E-05 0.574694 0.159564 0.00484844 0.0125261
0.0523152 0.0334874 0.124437 0.000315659 0.0484253 0.50889 0.145255 0.0439175 0.042957
0.0660598 0.0460338 0.0698551 9.9982E-05 9.9982E-05 0.56247 0.175375 0.0412222 0.0387838
0.182406 9.9982E-05 0.133483 0.0309241 9.9982E-05 0.0999836 0.419957 0.058063 0.0749827
0.0327897 0.128395 0.0699451 0.0976752 0.0131394 0.478056 0.0633089 0.0835101 0.03318
0.0234391 0.0333651 0.0223481 0.209359 0.00761675 0.467028 0.0841351 0.0537868 0.0989216
0.112632 9.9973E-05 0.0400559 0.389356 9.9973E-05 9.9973E-05 0.0343615 0.134336 0.288959
9.9982E-05 0.0667066 9.9982E-05 0.120125 0.00391519 0.666579 0.0610557 0.0366281 0.0447906
0.100851 0.0559001 9.9991E-05 0.208138 0.00511633 0.263083 0.12781 0.102568 0.136434
0.0605925 0.0764528 0.0391137 0.167812 0.0202324 0.495815 0.0253045 0.0216825 0.0929944
0.0190544 9.9982E-05 0.077302 0.395364 9.9982E-05 0.18877 0.0979421 0.0573342 0.164033
0.139354 9.9982E-05 0.101015 0.411892 9.9982E-05 0.018263 0.064837 0.0804855 0.183953
0.0735354 0.0171136 0.04928 0.26397 0.00892968 0.359384 0.0832067 0.0707029 0.0738778
0.0241013 0.0716472 0.0039402 0.143172 0.0962679 0.417279 0.139084 0.104409 9.9991E-05
0.0142336 0.082544 0.107765 0.0528606 0.00910574 0.462474 0.0830641 0.0276174 0.160336
0.145751 0.00340272 9.9991E-05 0.207873 0.043869 0.0193434 0.268495 0.125569 0.185596
0.081782 0.0892152 0.0456422 0.160146 0.0437096 0.514045 0.0457521 0.00607098 0.0136371
0.126813 9.9982E-05 0.0172127 0.374031 9.9982E-05 0.253583 0.0978986 0.0905279 0.0397339
0.131607 9.9982E-05 0.0157002 0.181978 9.9982E-05 0.361574 0.114732 0.12528 0.0689289
0.00795536 0.12421 0.0527942 0.149633 0.0361722 0.529389 0.0473077 0.0317375 0.0208012
9.9973E-05 0.301105 9.9973E-05 0.130429 0.194793 0.153361 0.0255413 9.9973E-05 0.194471
9.9955E-05 0.311556 9.9955E-05 0.0939454 0.0691699 9.9955E-05 9.9955E-05 9.9955E-05 0.524829
9.9955E-05 0.30667 9.9955E-05 0.106547 0.071739 9.9955E-05 9.9955E-05 9.9955E-05 0.514544
0.010139 0.253636 0.0119677 0.086186 0.198094 0.121391 0.00674273 9.9991E-05 0.311744
0.0178394 9.9964E-05 9.9964E-05 0.331481 9.9964E-05 0.545684 0.0697918 0.0348042 9.9964E-05
0.0422689 0.0726517 0.0279138 0.0615829 9.9991E-05 0.598185 0.0559606 0.078815 0.0625222
9.9946E-05 9.9946E-05 9.9946E-05 9.9946E-05 0.639752 0.331861 0.027787 9.9946E-05 9.9946E-05
0.0228343 0.0145369 0.00706764 9.9991E-05 0.445211 0.334592 0.149688 0.0105273 0.0154423
0.0317318 0.0632284 0.0847229 0.0592063 0.394116 0.344503 0.022292 9.9982E-05 9.9982E-05
0.206575 9.9982E-05 9.9982E-05 0.484414 0.0180413 0.149403 0.0806087 0.0521493 0.00860827
0.0793853 0.0606369 0.0789115 0.131047 0.00698108 0.499205 0.0144152 0.0826956 0.0467232
0.12741 9.9964E-05 9.9964E-05 0.518091 9.9964E-05 0.155715 0.152312 9.9964E-05 0.0460715
0.0569734 0.0185495 9.9982E-05 0.268363 9.9982E-05 0.518297 0.0579533 0.0201878 0.0594767
0.0909515 9.9973E-05 0.0114872 0.294848 9.9973E-05 0.430199 0.0812605 9.9973E-05 0.0909537
0.0518943 9.9973E-05 0.0288406 0.375446 0.00880997 0.524184 9.9973E-05 0.0105251 9.9973E-05
0.0833152 9.9982E-05 0.0136064 0.590778 9.9982E-05 0.117734 0.0601051 0.0564875 0.0777735
0.004869 0.0324795 9.9982E-05 0.252325 0.0514802 0.601629 9.9982E-05 0.0470166 0.0100013
0.0466211 0.0934314 0.0504653 0.102264 9.9991E-05 0.594501 0.0237056 0.0326789 0.056232
9.9955E-05 9.9955E-05 0.00393155 0.00593357 0.956284 0.0333509 9.9955E-05 9.9955E-05 9.9955E-05
0.0330752 9.9955E-05 9.9955E-05 9.9955E-05 0.904272 0.0159984 0.0461542 9.9955E-05 9.9955E-05
0.0373535 0.0385591 9.9973E-05 9.9973E-05 0.540998 0.263306 0.104989 0.0144946 9.9973E-05
9.9955E-05 9.9955E-05 0.0337257 9.9955E-05 0.607912 0.333986 0.0238763 9.9955E-05 9.9955E-05
9.9973E-05 9.9973E-05 0.00558505 0.008146 0.816838 0.124707 0.0332316 0.0111929 9.9973E-05
9.993E-05 9.993E-05 9.993E-05 9.993E-05 0.999201 9.993E-05 9.993E-05 9.993E-05 9.993E-05
0.0169506 9.9946E-05 0.0150505 9.9946E-05 0.967399 9.9946E-05 9.9946E-05 9.9946E-05 9.9946E-05
9.9946E-05 9.9946E-05 9.9946E-05 9.9946E-05 0.847326 0.148975 0.00309982 9.9946E-05 9.9946E-05
9.9937E-05 9.9937E-05 0.0460433 9.9937E-05 0.953257 9.9937E-05 9.9937E-05 9.9937E-05 9.9937E-05
9.993E-05 9.993E-05 9.993E-05 9.993E-05 0.999201 9.993E-05 9.993E-05 9.993E-05 9.993E-05
9.993E-05 9.993E-05 9.993E-05 9.993E-05 0.999201 9.993E-05 9.993E-05 9.993E-05 9.993E-05
9.9973E-05 0.0264887 0.0149893 0.00463254 0.745322 0.197661 0.0106058 9.9973E-05 9.9973E-05
9.9964E-05 0.0214943 0.0567504 9.9964E-05 0.791647 0.0985944 0.0311142 9.9964E-05 9.9964E-05
9.993E-05 9.993E-05 9.993E-05 9.993E-05 0.999201 9.993E-05 9.993E-05 9.993E-05 9.993E-05
0.0553734 0.0822637 0.0213696 0.0538671 0.416309 0.271768 0.0779844 0.0209652 9.9991E-05
9.9982E-05 0.0413469 0.00127423 0.00100212 0.627521 0.280391 0.0136831 0.0345815 9.9982E-05
9.9955E-05 0.0273086 9.9955E-05 9.9955E-05 0.820836 0.141379 0.00997656 9.9955E-05 9.9955E-05
9.9964E-05 0.00762748 9.9964E-05 9.9964E-05 0.90292 0.0748074 0.0015578 0.0126875 9.9964E-05
9.993E-05 9.993E-05 9.993E-05 9.993E-05 0.999201 9.993E-05 9.993E-05 9.993E-05 9.993E-05
9.9955E-05 9.9955E-05 0.00582171 9.9955E-05 0.965982 0.0256237 9.9955E-05 9.9955E-05 0.00207328
9.993E-05 9.993E-05 9.993E-05 9.993E-05 0.999201 9.993E-05 9.993E-05 9.993E-05 9.993E-05
0.0242158 0.0607666 9.9973E-05 9.9973E-05 0.640866 0.218432 0.0287914 0.0266281 9.9973E-05
0.00767355 0.0034631 9.9955E-05 9.9955E-05 0.970675 9.9955E-05 9.9955E-05 0.0176887 9.9955E-05
0.0246998 0.17068 9.9964E-05 0.530412 0.012392 9.9964E-05 9.9964E-05 9.9964E-05 0.261416
9.9982E-05 0.146777 0.0352584 0.285321 0.135909 0.302751 0.0322309 9.9982E-05 0.0615527
0.0231548 0.0991982 9.9973E-05 0.283845 0.023968 0.420483 9.9973E-05 9.9973E-05 0.149051
9.9973E-05 0.117065 0.0321464 0.48234 0.0843638 0.140187 9.9973E-05 9.9973E-05 0.143598
0.00313554 0.102755 0.0160259 0.130477 0.0917733 0.398636 0.0468409 0.131851 0.0785053
0.0414774 0.164027 9.9973E-05 0.472952 0.112623 0.0311051 9.9973E-05 9.9973E-05 0.177516
0.012221 0.153384 0.056209 0.166313 0.0549188 0.414796 0.0630236 9.9991E-05 0.0790348
9.9973E-05 0.0833927 9.9973E-05 0.402691 0.101825 0.267262 0.00250635 9.9973E-05 0.142023
9.9973E-05 0.109451 9.9973E-05 0.222053 0.110855 0.428546 0.00592225 9.9973E-05 0.122873
9.9982E-05 0.110268 9.9982E-05 0.303981 0.144522 0.303123 0.018149 0.011818 0.10794
0.0217031 0.129862 0.0277611 0.146278 0.0923542 0.384133 0.0816405 0.0145652 0.101703
0.00595392 0.890886 0.0219253 0.0345759 9.9964E-05 0.0462588 9.9964E-05 9.9964E-05 9.9964E-05
0.0210215 0.885652 9.9955E-05 9.9955E-05 0.0662508 9.9955E-05 9.9955E-05 9.9955E-05 0.0265757
0.00682445 0.952679 0.0337895 9.9955E-05 9.9955E-05 9.9955E-05 9.9955E-05 9.9955E-05 0.00620755
9.9946E-05 0.931956 9.9946E-05 9.9946E-05 9.9946E-05 9.9946E-05 9.9946E-05 0.00401106 0.0634331
9.9955E-05 0.913693 9.9955E-05 9.9955E-05 9.9955E-05 0.0410923 0.0417975 9.9955E-05 0.00291702
9.9955E-05 0.977947 9.9955E-05 9.9955E-05 9.9955E-05 9.9955E-05 0.000954122 0.0110198 0.00957882
9.9964E-05 0.927202 9.9964E-05 9.9964E-05 0.020902 0.0375265 0.0122023 9.9964E-05 0.00176707
0.0290988 0.927032 0.0130384 9.9964E-05 9.9964E-05 9.9964E-05 0.0196323 9.9964E-05 0.0107992
9.9973E-05 0.852597 9.9973E-05 0.046999 0.0401759 9.9973E-05 0.0203078 0.0153696 0.0242504
9.9964E-05 0.854668 0.0176752 9.9964E-05 0.0219755 0.0111823 9.9964E-05 9.9964E-05 0.0940995
9.9973E-05 0.559196 0.222676 0.0670893 9.9973E-05 9.9973E-05 0.0565057 0.0571989 0.0370341
9.9973E-05 0.602301 0.238524 0.00717913 9.9973E-05 9.9973E-05 0.0512245 0.0527055 0.0477655
9.9973E-05 0.519874 0.214305 0.0615264 9.9973E-05 9.9973E-05 0.11804 0.0645194 0.0214345
9.9964E-05 0.425507 0.25066 0.122823 9.9964E-05 9.9964E-05 0.192565 0.00804674 9.9964E-05
9.9973E-05 0.0617624 0.0540323 0.0120183 9.9973E-05 0.462546 0.169152 0.24019 9.9973E-05
0.0128446 0.0383293 0.0776028 9.9982E-05 0.00606245 0.494354 0.075185 0.295422 9.9982E-05
9.9964E-05 0.0307509 0.0848715 9.9964E-05 9.9964E-05 0.532805 0.164809 0.186364 9.9964E-05
0.0269864 0.014915 0.108578 0.0188746 9.9991E-05 0.330154 0.273275 0.207269 0.0198481
0.048081 9.9982E-05 0.26778 0.0338877 0.00196478 0.131088 0.501814 0.0151844 9.9982E-05
0.0319744 0.0402877 0.0861037 9.9973E-05 9.9973E-05 0.639822 0.0383063 0.163206 9.9973E-05
0.0226305 9.9973E-05 0.0639894 9.9973E-05 0.0100827 0.600112 0.0548602 0.248026 9.9973E-05
0.0592988 9.9982E-05 0.0493378 0.0499492 9.9982E-05 0.507666 0.0214596 0.273136 0.0389522
0.105767 9.9946E-05 9.9946E-05 9.9946E-05 9.9946E-05 0.368673 9.9946E-05 0.52496 9.9946E-05
0.0381403 9.9991E-05 0.114899 0.0231953 0.0347686 0.579469 0.000159675 0.156292 0.0529753
9.9964E-05 0.0130005 0.0344211 9.9964E-05 9.9964E-05 0.405396 0.0279337 0.518849 9.9964E-05
0.18833 9.9955E-05 0.0144511 0.0018657 9.9955E-05 9.9955E-05 9.9955E-05 0.794853 9.9955E-05
0.0545888 0.078836 0.0504624 0.0416793 0.0138002 0.561348 0.102931 0.0859272 0.0104278
0.0886316 9.9964E-05 9.9964E-05 0.0477739 9.9964E-05 0.144876 9.9964E-05 0.653941 0.0643769
0.0489471 0.0556381 0.00458014 0.00212168 9.9973E-05 0.519967 9.9973E-05 0.368446 9.9973E-05
9.9955E-05 9.9955E-05 0.0443589 9.9955E-05 9.9955E-05 0.112713 0.230334 0.612095 9.9955E-05
9.9955E-05 0.0666038 0.827531 0.103827 9.9955E-05 0.00153865 9.9955E-05 9.9955E-05 9.9955E-05
9.9955E-05 0.0239719 0.829585 0.0868273 9.9955E-05 0.0591161 9.9955E-05 9.9955E-05 9.9955E-05
9.9955E-05 0.0186485 0.823049 0.121787 9.9955E-05 0.0360157 9.9955E-05 9.9955E-05 9.9955E-05
9.9946E-05 0.0696736 0.818801 0.110925 9.9946E-05 9.9946E-05 9.9946E-05 9.9946E-05 9.9946E-05
9.9955E-05 9.9955E-05 0.811766 0.0781639 0.00156439 0.108006 9.9955E-05 9.9955E-05 9.9955E-05
9.9964E-05 0.00669875 0.775663 0.105579 0.03455 0.0771091 9.9964E-05 9.9964E-05 9.9964E-05
9.9973E-05 0.866827 0.00761552 9.9973E-05 0.0633429 0.0211488 0.0121151 0.0286512 9.9973E-05
9.9982E-05 0.800226 0.0142678 9.9982E-05 0.0104347 0.106411 0.00350992 0.024734 0.0402166
9.9982E-05 0.779485 9.9982E-05 0.010451 0.00809534 0.140982 0.0052501 0.0149594 0.0405765
9.9964E-05 0.83293 0.0141006 9.9964E-05 0.0790082 0.0182718 9.9964E-05 0.05529 9.9964E-05
9.9973E-05 0.755276 9.9973E-05 0.0128402 0.0245558 0.150841 9.9973E-05 0.01018 0.0460075
9.9955E-05 0.375455 0.500235 0.0904808 9.9955E-05 9.9955E-05 9.9955E-05 0.033329 9.9955E-05
0.0380552 0.394764 0.503316 0.0598911 9.9964E-05 9.9964E-05 9.9964E-05 9.9964E-05 0.00357328
0.0477349 0.40082 0.465164 0.00538256 0.00275647 0.0419935 9.9982E-05 9.9982E-05 0.0359492
0.00563134 0.839519 0.00724345 9.9973E-05 9.9973E-05 0.115579 0.0257144 0.0060128 9.9973E-05
0.0235623 0.376572 0.44554 0.0515387 0.00724634 9.9982E-05 0.0382329 0.0571077 9.9982E-05
9.9955E-05 0.167451 9.9955E-05 9.9955E-05 0.228939 0.364474 9.9955E-05 9.9955E-05 0.238636
0.00890094 0.0617778 0.0481229 9.9973E-05 0.183972 0.550499 9.9973E-05 9.9973E-05 0.146428
9.9955E-05 0.194096 9.9955E-05 9.9955E-05 0.213 0.564457 9.9955E-05 9.9955E-05 0.0279473
0.00043875 0.231334 9.9973E-05 0.0478009 0.177005 0.367682 9.9973E-05 9.9973E-05 0.17544
9.9982E-05 0.133775 0.0229044 0.0833315 0.125968 0.434679 0.178404 9.9982E-05 0.0207386
0.0210547 0.332125 0.0201225 0.0324514 0.243246 9.9973E-05 9.9973E-05 9.9973E-05 0.3507
0.0438774 9.9973E-05 0.188201 0.0419866 9.9973E-05 0.396164 0.315685 0.0137867 9.9973E-05
0.180656 9.9982E-05 0.0831638 0.0927661 9.9982E-05 0.384712 0.19107 0.0531793 0.0142534
0.0315527 9.9973E-05 0.162352 0.0237545 9.9973E-05 0.17378 0.567159 0.0411016 9.9973E-05
0.187868 9.9982E-05 0.0639759 0.0803826 9.9982E-05 0.47603 0.144783 0.0398345 0.00692589
0.364609 9.9973E-05 0.114157 0.139175 9.9973E-05 9.9973E-05 0.23042 0.0528873 0.0984516
0.0181977 0.0819931 0.0643438 0.0778466 0.0255975 0.497731 0.186714 0.0374281 0.0101482
0.100351 0.0105088 0.0524113 0.0418464 0.00715506 0.51941 0.159672 0.0554462 0.0531981
0.0285294 0.0117418 0.143042 0.0741227 9.9982E-05 0.275152 0.442282 0.0249309 9.9982E-05
0.0176801 0.0852923 0.0451583 0.0640463 0.0134945 0.509144 0.16758 0.0710781 0.0265263
0.159798 9.9982E-05 0.00101826 0.173873 9.9982E-05 0.00552832 0.501343 0.107709 0.05053
0.108796 0.0179768 0.0416169 0.100801 9.9982E-05 0.488394 0.22673 9.9982E-05 0.0154847
0.0460923 0.0156509 0.16602 9.9973E-05 9.9973E-05 0.456198 0.27977 0.0359687 9.9973E-05
0.071774 0.0578033 0.0346991 9.9991E-05 0.0794282 0.413859 0.0896528 0.0811756 0.171508
0.163793 9.9982E-05 0.069886 0.0412283 9.9982E-05 0.280039 0.273604 0.0645577 0.106691
0.158649 9.9991E-05 0.0424748 0.0626072 0.011152 0.349912 0.2718 0.0867722 0.0165327
0.128763 9.9973E-05 0.105074 9.9973E-05 0.00287889 0.574221 0.152868 9.9973E-05 0.0358963
0.0826944 9.9982E-05 0.0560012 0.117739 9.9982E-05 0.497151 0.212495 0.0257045 0.0080151
0.0601532 9.9991E-05 0.0602205 0.0748461 0.0349722 0.618127 0.0948722 0.0294095 0.0272993
0.0575906 0.0721206 0.0534037 0.0539046 0.0148858 0.549779 0.12654 0.0509771 0.0207978
9.9982E-05 0.0658481 0.0689377 0.00473789 9.9982E-05 0.554039 0.16023 0.0493258 0.0966823
9.9946E-05 0.832105 9.9946E-05 9.9946E-05 0.0413235 0.125972 9.9946E-05 9.9946E-05 9.9946E-05
0.0140856 0.879904 9.9946E-05 9.9946E-05 9.9946E-05 0.105411 9.9946E-05 9.9946E-05 9.9946E-05
9.9964E-05 0.866709 0.0241311 0.0457002 9.9964E-05 0.0504663 9.9964E-05 9.9964E-05 0.0125933
0.0134822 0.90198 9.9964E-05 9.9964E-05 0.0441421 0.0227124 9.9964E-05 0.0172833 9.9964E-05
9.9946E-05 0.905811 9.9946E-05 9.9946E-05 9.9946E-05 0.0893291 0.0042602 9.9946E-05 9.9946E-05
0.0181522 0.0225162 0.174488 9.9982E-05 9.9982E-05 0.0402537 0.641369 0.0275978 0.0754233
0.0998186 0.00865432 0.059476 0.0199267 0.0138531 0.514551 0.217678 0.0150848 0.0509568
0.0391897 0.147625 0.00503861 0.110048 0.171954 0.440648 9.9982E-05 9.9982E-05 0.0852969
0.00765586 0.0373639 0.0985254 0.0137625 0.0404436 0.573278 0.200679 0.0281914 9.9991E-05
9.9973E-05 0.00422667 0.0665507 9.9973E-05 9.9973E-05 0.455521 0.427963 0.0236297 0.0218081
0.134455 9.9982E-05 0.0618584 0.0859704 9.9982E-05 0.209203 0.34252 0.0400161 0.125777
9.9955E-05 0.0584218 0.242294 9.9955E-05 9.9955E-05 9.9955E-05 0.650505 9.9955E-05 0.0482795
0.00958419 0.074366 0.148862 9.9973E-05 0.00179437 0.431993 0.3331 9.9973E-05 9.9973E-05
0.0282352 0.0443261 0.24382 0.0123476 0.0277893 0.168485 0.474796 9.9982E-05 9.9982E-05
0.0867489 9.9991E-05 0.038425 0.0709532 0.0291751 0.406958 0.222233 0.0653321 0.0800748
0.0742798 0.075838 0.232241 9.9964E-05 9.9964E-05 0.0833787 0.533863 9.9964E-05 9.9964E-05
9.9973E-05 0.0492369 0.115388 9.9973E-05 0.0394985 0.533528 0.241138 9.9973E-05 0.0209102
9.9982E-05 0.0392612 0.15781 0.0524675 9.9982E-05 0.0419231 0.641406 0.0534667 0.0134665
0.166081 9.9991E-05 0.0360644 0.0158065 0.078185 0.155902 0.43156 0.0619545 0.054347
0.0535754 0.0805126 0.0235105 0.216037 9.9991E-05 0.480648 0.0884068 0.0530404 0.00416903
0.111085 9.9964E-05 0.0123095 0.554822 9.9964E-05 0.195666 0.125718 9.9964E-05 9.9964E-05
0.0503851 0.0321851 0.00669765 0.357379 0.0216101 0.48481 0.000970733 0.0336539 0.0123079
0.00413991 0.0683691 9.9982E-05 0.247197 9.9982E-05 0.524115 0.112288 0.00887388 0.0348173
0.0666323 9.9973E-05 9.9973E-05 0.590493 9.9973E-05 0.148002 0.0712785 0.0802174 0.0430761
0.0682537 0.0730261 0.0109462 0.134682 0.0128996 0.509109 0.0972942 0.0758924 0.0178963
0.100837 0.00225882 0.0818738 0.333719 9.9973E-05 0.449017 9.9973E-05 9.9973E-05 0.0319936
0.125133 9.9973E-05 9.9973E-05 0.615693 9.9973E-05 0.0428365 0.0119747 0.161215 0.0428468
0.041132 9.9973E-05 0.0345488 0.770648 9.9973E-05 0.0940069 9.9973E-05 0.0366829 0.0226817
0.033413 9.9973E-05 0.0287421 0.439386 9.9973E-05 0.405771 0.0508073 0.0415806 9.9973E-05
0.0936676 9.9955E-05 0.0882958 0.68361 9.9955E-05 9.9955E-05 9.9955E-05 0.133927 9.9955E-05
0.0424328 9.9973E-05 0.0315283 0.469992 9.9973E-05 0.334505 0.0611471 0.0600954 9.9973E-05
0.0261158 9.9964E-05 0.223471 9.9964E-05 0.0303296 0.0405577 0.679126 9.9964E-05 9.9964E-05
0.247528 9.9973E-05 0.0601553 9.9973E-05 0.0301377 0.140588 0.430253 9.9973E-05 0.0910374
0.0431902 0.0156604 0.168933 9.9973E-05 0.0611111 0.313895 0.39691 9.9973E-05 9.9973E-05
9.9982E-05 0.018097 0.107542 9.9982E-05 0.0480006 0.492488 0.240242 0.0367557 0.0566747
0.0148284 9.9973E-05 0.214249 9.9973E-05 0.00212372 0.143108 0.552992 0.072399 9.9973E-05
0.0412493 9.9991E-05 0.119646 0.01353 0.0412102 0.469401 0.169055 0.0481504 0.097658
0.0317076 9.9982E-05 0.129827 9.9982E-05 0.0225496 0.538594 0.191945 0.0136879 0.0714901
0.0847512 9.9991E-05 0.123398 0.0103747 0.0382537 0.444201 0.215922 0.0415896 0.0414104
0.0494193 9.9991E-05 0.0939468 0.0281254 0.0594801 0.455981 0.276158 0.0305505 0.00623828
0.00116379 0.0182558 0.183667 9.9964E-05 9.9964E-05 0.44836 0.348153 9.9964E-05 9.9964E-05
0.0595164 9.9982E-05 0.179684 9.9982E-05 0.0163377 0.172368 0.533644 0.0340259 0.00422434
0.0452446 9.9973E-05 0.195741 9.9973E-05 0.00215727 0.374861 0.331463 0.0502335 9.9973E-05
0.0697802 9.9973E-05 0.0750384 9.9973E-05 9.9973E-05 0.540985 0.196901 0.0437957 0.0732001
0.0117958 9.9982E-05 0.0894404 0.0166991 9.9982E-05 0.578558 0.117144 0.0719979 0.114164
0.0592259 9.9982E-05 0.119349 9.9982E-05 0.0333904 0.297977 0.272461 0.0484429 0.168954
0.106378 9.9982E-05 0.105731 9.9982E-05 0.0642514 0.430864 0.207602 0.05877 0.0262037
0.0409369 0.0111492 0.191678 0.0178085 0.036826 0.296781 0.389037 0.0156834 9.9991E-05
0.0131459 0.0131922 0.149209 9.9991E-05 0.0160421 0.469818 0.24324 0.0676955 0.0275565
0.0538256 0.0338631 0.138807 9.9973E-05 0.0534903 0.410818 0.308896 9.9973E-05 9.9973E-05
0.0651435 0.11567 0.01778 0.0562967 0.0388127 0.524921 0.152646 0.0104763 0.0182535
9.9964E-05 0.306689 9.9964E-05 9.9964E-05 0.0970068 0.430349 0.0913176 9.9964E-05 0.0742374
0.0598167 0.0573939 0.0293174 9.9991E-05 0.120806 0.536426 0.0457568 0.00505804 0.145324
0.0645656 0.171236 9.9991E-05 0.0475688 0.124187 0.435136 0.059315 0.0389514 0.0589398
0.0693247 0.0516249 0.0432319 0.0378791 0.0938306 0.559119 0.018642 9.9991E-05 0.126247
0.0192866 0.141391 9.9991E-05 0.0029089 0.117974 0.491392 0.0327405 0.0366079 0.1576
0.187053 9.9982E-05 0.0317903 0.0865785 9.9982E-05 0.394907 0.271976 0.0139735 0.0135223
0.0253052 0.117142 0.0283459 0.153034 0.140134 0.453915 9.9991E-05 0.0487465 0.0332779
0.053336 0.115594 9.9982E-05 0.129188 0.126073 9.9982E-05 0.210692 0.060691 0.304226
9.9991E-05 0.0356591 0.0424576 0.0337477 0.0776031 0.533471 0.117313 0.00397263 0.155676
0.0365611 0.13211 9.9982E-05 9.9982E-05 0.0862029 0.571307 0.0420822 0.0264125 0.105125
0.0802841 0.0890689 0.0115017 0.0225719 0.129991 0.511473 0.0696725 0.0493522 0.036085
0.0763384 0.117391 9.9991E-05 0.0869028 0.0321548 0.300717 0.149207 0.0272142 0.209975
9.9964E-05 0.14814 9.9964E-05 9.9964E-05 0.0621207 0.588544 0.0614191 9.9964E-05 0.139377
0.0451796 0.120288 0.0650239 9.9973E-05 0.141203 0.529374 9.9973E-05 9.9973E-05 0.0986315
0.0253092 0.303677 9.9973E-05 0.0208228 0.0620214 9.9973E-05 9.9973E-05 0.0107433 0.577127
9.9982E-05 0.169522 0.0336776 0.0967429 0.113528 0.520311 0.0490551 9.9982E-05 0.0169631
0.0279878 0.122227 9.9982E-05 0.0226491 0.146177 0.525383 0.0472086 9.9982E-05 0.108168
0.0257293 0.0621393 0.0546829 0.0511085 0.0705287 0.573582 0.0726914 9.9991E-05 0.0894383
0.00469647 0.135454 9.9964E-05 9.9964E-05 0.145429 0.555555 9.9964E-05 9.9964E-05 0.158465
9.9973E-05 0.232306 9.9973E-05 0.108191 0.0923001 0.486826 0.0712638 0.00881317 9.9973E-05
0.464862 0.0528744 0.0342849 0.0224305 9.9973E-05 0.410283 9.9973E-05 0.0149655 9.9973E-05
0.245307 0.0778126 0.0347957 9.9991E-05 0.0261013 0.464244 0.0603951 0.0774397 0.0138043
0.942003 9.9946E-05 9.9946E-05 9.9946E-05 9.9946E-05 9.9946E-05 0.04922 0.00817774 9.9946E-05
0.917854 0.00116941 9.9955E-05 0.03453 9.9955E-05 9.9955E-05 0.0459468 9.9955E-05 9.9955E-05
0.303594 0.103991 0.0111122 0.0605939 0.030863 0.456065 0.0335804 9.9982E-05 9.9982E-05
0.0930095 0.131504 9.9982E-05 0.0404408 0.227103 0.3869 0.0127131 9.9982E-05 0.10813
0.193971 0.137912 9.9964E-05 9.9964E-05 0.212152 0.363811 9.9964E-05 9.9964E-05 0.0917542
0.2344 0.130106 9.9964E-05 9.9964E-05 0.222501 0.215247 9.9964E-05 9.9964E-05 0.197346
0.164932 0.0954662 9.9964E-05 9.9964E-05 0.213405 0.367616 9.9964E-05 9.9964E-05 0.158181
0.67829 0.056636 9.9973E-05 0.0302415 0.0274775 0.0781207 9.9973E-05 9.9973E-05 0.128935
0.639773 0.0350383 9.9955E-05 9.9955E-05 9.9955E-05 0.169304 9.9955E-05 9.9955E-05 0.155385
0.362031 0.0111051 9.9982E-05 0.0052282 0.0408299 0.551503 0.0140944 9.9982E-05 0.0150087
0.442089 0.0780445 9.9955E-05 9.9955E-05 0.0943033 0.385063 9.9955E-05 9.9955E-05 9.9955E-05
0.656036 0.0532806 9.9964E-05 9.9964E-05 0.0258308 0.213288 9.9964E-05 9.9964E-05 0.0511653
0.251614 0.0761687 0.0324626 0.0109697 0.0211361 0.540143 0.0673063 9.9982E-05 9.9982E-05
0.310777 0.0313567 0.030252 9.9964E-05 0.06766 0.559555 9.9964E-05 9.9964E-05 9.9964E-05
0.237907 0.0908048 0.0328241 0.0355355 0.0572459 0.470447 9.9991E-05 0.0364286 0.0387071
0.651532 0.00970071 9.9964E-05 9.9964E-05 9.9964E-05 0.326836 0.0103227 0.00120841 9.9964E-05
0.46121 0.0126832 0.04314 0.0573745 9.9973E-05 0.346946 0.0783456 9.9973E-05 9.9973E-05
0.296381 0.0117614 0.0580474 0.0315728 9.9982E-05 0.485192 9.9982E-05 0.0551497 0.0616951
0.329283 9.9982E-05 0.0841702 0.0662468 0.0075545 0.434294 9.9982E-05 0.0632575 0.0149942
0.28239 0.119423 0.0423811 0.0139948 0.0241931 0.483188 0.0254749 0.00885563 9.9991E-05
0.42531 0.0121608 9.9964E-05 0.0578788 9.9964E-05 0.426761 9.9964E-05 0.0774897 9.9964E-05
0.829273 9.9937E-05 9.9937E-05 9.9937E-05 9.9937E-05 0.170028 9.9937E-05 9.9937E-05 9.9937E-05
0.367623 0.0105057 9.9946E-05 9.9946E-05 9.9946E-05 0.621271 9.9946E-05 9.9946E-05 9.9946E-05
0.77675 9.9964E-05 0.00677357 9.9964E-05 9.9964E-05 0.151183 0.062288 0.00260588 9.9964E-05
0.533771 0.0175152 0.0182784 9.9955E-05 9.9955E-05 0.429936 9.9955E-05 9.9955E-05 9.9955E-05
0.247365 0.0653451 0.0606254 0.0552797 9.9982E-05 0.511989 9.9982E-05 0.0384235 0.0207726
0.301075 0.0932869 0.0426957 9.9973E-05 9.9973E-05 0.533408 0.0227351 0.00649904 9.9973E-05
0.0971839 0.165453 0.023959 0.0590487 0.0903705 0.475316 0.0415697 0.0124123 0.0346871
0.107671 0.181192 0.038268 0.0192094 0.0636304 0.450365 9.9991E-05 0.0652915 0.0742731
0.0849588 0.162671 9.9973E-05 0.0692882 0.214593 0.320047 9.9973E-05 9.9973E-05 0.148142
0.0808251 0.13716 0.0231697 0.0691518 0.169191 0.34857 9.9991E-05 0.0400851 0.131748
0.042214 0.175439 0.0157942 0.102278 0.12759 0.485123 0.028101 9.9991E-05 0.0233608
0.146105 0.165306 0.0138274 0.0462284 0.0763602 0.478428 9.9982E-05 9.9982E-05 0.0735451
0.647408 0.138954 9.9955E-05 9.9955E-05 0.0884748 9.9955E-05 9.9955E-05 9.9955E-05 0.124663
0.132039 0.0955063 9.9973E-05 0.0192883 0.166354 0.562651 9.9973E-05 9.9973E-05 0.0238613
0.382194 0.229533 9.9955E-05 9.9955E-05 0.0456439 9.9955E-05 9.9955E-05 9.9955E-05 0.342129
0.29174 0.0628513 9.9964E-05 9.9964E-05 0.128579 0.508351 9.9964E-05 9.9964E-05 0.00807844
0.927966 9.9937E-05 9.9937E-05 9.9937E-05 9.9937E-05 0.0713349 9.9937E-05 9.9937E-05 9.9937E-05
0.957144 9.9937E-05 9.9937E-05 9.9937E-05 9.9937E-05 9.9937E-05 9.9937E-05 0.0421567 9.9937E-05
0.547663 9.9946E-05 9.9946E-05 9.9946E-05 9.9946E-05 0.433416 0.0183209 9.9946E-05 9.9946E-05
0.398981 0.00292098 9.9955E-05 9.9955E-05 0.00300425 0.594594 9.9955E-05 9.9955E-05 9.9955E-05
0.636266 9.9937E-05 9.9937E-05 9.9937E-05 9.9937E-05 0.363035 9.9937E-05 9.9937E-05 9.9937E-05
0.464916 9.9937E-05 9.9937E-05 9.9937E-05 9.9937E-05 0.534384 9.9937E-05 9.9937E-05 9.9937E-05
0.480386 9.9937E-05 9.9937E-05 9.9937E-05 9.9937E-05 0.518915 9.9937E-05 9.9937E-05 9.9937E-05
0.027017 0.87412 0.0279483 0.00563079 0.015617 9.9991E-05 0.0374853 0.00613803 0.00594375
0.0430721 0.744328 0.0579344 0.0399789 0.0682955 0.0172844 9.9982E-05 9.9982E-05 0.0289071
9.9955E-05 0.909723 0.0349343 0.0345434 0.0202994 9.9955E-05 9.9955E-05 9.9955E-05 9.9955E-05
9.9946E-05 0.905755 9.9946E-05 9.9946E-05 9.9946E-05 0.0278201 9.9946E-05 9.9946E-05 0.0658251
9.9982E-05 0.0123094 0.0433692 0.0391297 0.00925813 0.544187 9.9982E-05 0.32299 0.0285564
9.9982E-05 0.0670078 0.0647601 0.0128415 9.9982E-05 0.505039 0.0647043 0.284757 0.000690138
9.9964E-05 0.00131265 0.0248128 9.9964E-05 9.9964E-05 0.514327 0.0760286 0.38312 9.9964E-05
9.9973E-05 0.0676843 0.0172008 0.0389839 9.9973E-05 0.539895 0.0989608 0.236975 9.9973E-05
9.9982E-05 0.0581098 0.0245898 0.181717 0.0334373 0.5186 0.0848624 0.0984833 9.9982E-05
9.9964E-05 0.042644 0.0456049 9.9964E-05 9.9964E-05 0.265367 0.083419 0.562565 9.9964E-05
0.0229992 0.00833484 9.9955E-05 9.9955E-05 9.9955E-05 0.643197 9.9955E-05 0.32497 9.9955E-05
0.100051 9.9955E-05 9.9955E-05 0.079945 9.9955E-05 0.264918 9.9955E-05 0.554585 9.9955E-05
9.9982E-05 0.278237 0.0156071 0.0304957 0.162991 0.380403 0.095571 9.9982E-05 0.0364949
0.0662528 9.9982E-05 9.9982E-05 0.0582581 0.0172439 0.428008 0.0296198 0.378899 0.0215186
9.9964E-05 0.0060021 0.0422845 9.9964E-05 9.9964E-05 0.335386 0.10235 0.513578 9.9964E-05
0.0270922 9.9973E-05 0.00817387 0.0899519 0.0214022 0.489238 9.9973E-05 0.363842 9.9973E-05
9.9973E-05 0.0276173 0.0854165 9.9973E-05 0.0244615 0.380965 0.0641889 0.417051 9.9973E-05
0.0297156 9.9955E-05 9.9955E-05 9.9955E-05 9.9955E-05 0.588301 9.9955E-05 0.35348 0.0280038
9.9964E-05 0.0329308 0.0480516 9.9964E-05 9.9964E-05 0.5279 0.0245903 0.366127 9.9964E-05
0.107542 9.9955E-05 9.9955E-05 0.0434954 0.00190996 9.9955E-05 9.9955E-05 0.846553 9.9955E-05
0.0931711 9.9964E-05 9.9964E-05 0.0617838 0.00443677 0.304772 9.9964E-05 0.535436 9.9964E-05
0.0522549 9.9964E-05 9.9964E-05 9.9964E-05 0.026648 0.329626 9.9964E-05 0.571716 0.0193548
0.125573 9.9946E-05 9.9946E-05 9.9946E-05 9.9946E-05 9.9946E-05 9.9946E-05 0.840197 0.0336304
9.9964E-05 0.037237 0.00465106 9.9964E-05 9.9964E-05 0.407664 0.161099 0.388949 9.9964E-05
0.081809 9.9973E-05 9.9973E-05 0.190543 9.9973E-05 0.0376789 0.0303539 0.615832 0.0434833
0.0647693 9.9955E-05 9.9955E-05 0.0139716 9.9955E-05 9.9955E-05 9.9955E-05 0.841865 0.078894
0.0657863 0.036153 0.00754154 0.00267789 9.9982E-05 0.567254 9.9982E-05 0.303645 0.0167421
9.9982E-05 0.0241892 0.054827 0.00999512 0.00725695 0.152991 0.156612 0.593929 9.9982E-05
9.9973E-05 0.0376993 0.0143284 0.0303904 9.9973E-05 0.464802 0.0486957 0.403784 9.9973E-05
9.9991E-05 0.100356 0.0031122 0.0627334 0.0011152 0.59845 0.00696414 0.172498 0.0546707
9.9964E-05 0.0400578 0.0204363 9.9964E-05 9.9964E-05 0.471229 0.0934165 0.374461 9.9964E-05
0.17877 9.9982E-05 0.0958392 0.00391561 9.9982E-05 0.318037 0.343678 0.00145989 0.0581004
9.9973E-05 0.0130876 0.0815593 9.9973E-05 0.0237677 0.521922 0.0211563 0.338207 9.9973E-05
9.9973E-05 0.0256247 0.00713597 0.00484527 9.9973E-05 0.471679 0.151865 0.33855 9.9973E-05
0.0900125 9.9964E-05 9.9964E-05 0.0403227 9.9964E-05 0.303042 9.9964E-05 0.56548 0.000742036
0.000132016 0.0930211 0.0242592 0.0250891 9.9991E-05 0.497076 0.0723364 0.263155 0.0248314
0.0102932 0.655576 0.214044 0.0608574 9.9982E-05 9.9982E-05 0.0191147 0.00684577 0.0330694
0.00808037 0.749624 0.141353 9.9964E-05 9.9964E-05 9.9964E-05 9.9964E-05 0.0466576 0.0538854
9.9946E-05 0.813054 0.118626 9.9946E-05 9.9946E-05 9.9946E-05 9.9946E-05 9.9946E-05 0.0677204
9.9955E-05 0.82512 0.108093 0.0606852 9.9955E-05 9.9955E-05 9.9955E-05 9.9955E-05 0.00560164
9.9964E-05 0.726851 0.114625 0.112048 9.9964E-05 9.9964E-05 0.036472 0.00960479 9.9964E-05
9.9964E-05 0.0578629 0.058099 9.9964E-05 9.9964E-05 0.125083 0.120868 0.637687 9.9964E-05
