0.0253758 0.0349204 0.0146914 9.9964E-05 0.924613 9.9964E-05 9.9964E-05 9.9964E-05
9.9955E-05 0.0207017 9.9955E-05 9.9955E-05 0.963476 0.015322 9.9955E-05 9.9955E-05
9.9964E-05 9.9964E-05 0.0369129 0.0249451 0.873474 0.064268 9.9964E-05 9.9964E-05
9.9982E-05 0.0153417 0.139408 0.0246011 0.79342 0.00654943 9.9982E-05 0.02048
9.9955E-05 9.9955E-05 0.0940791 9.9955E-05 0.890374 9.9955E-05 9.9955E-05 0.0150472
0.0450577 9.9982E-05 0.0762392 0.168918 0.616501 0.00681929 9.9982E-05 0.0862652
0.00209298 9.9973E-05 0.00789293 0.175259 0.772022 9.9973E-05 9.9973E-05 0.0424333
0.0104646 0.0337557 0.0204864 0.148201 0.716959 9.9982E-05 9.9982E-05 0.0699334
9.99729E-05 0.00918307 9.99729E-05 0.0460652 0.825838 0.00816223 9.99729E-05 0.110452
9.9982E-05 0.0192972 0.0614489 0.133255 0.73915 9.9982E-05 0.00518623 0.0414623
9.9964E-05 9.9964E-05 0.0924537 0.132467 0.714753 9.9964E-05 9.9964E-05 0.0599263
0.0173561 0.982044 9.9946E-05 9.9946E-05 9.9946E-05 9.9946E-05 9.9946E-05 9.9946E-05
0.0133407 0.481512 0.457215 9.9973E-05 0.0423027 9.9973E-05 0.00532924 9.9973E-05
0.0589168 0.918229 0.0223547 9.9955E-05 9.9955E-05 9.9955E-05 9.9955E-05 9.9955E-05
0.124681 0.839617 0.035202 9.9955E-05 9.9955E-05 9.9955E-05 9.9955E-05 9.9955E-05
0.086477 0.569311 0.295982 9.9973E-05 0.0392226 9.9973E-05 0.00870786 9.9973E-05
0.0898059 0.433975 0.431274 0.0214669 0.0039129 9.9982E-05 0.0193649 9.9982E-05
0.0411602 0.562171 0.334756 0.00185732 0.000254464 0.0586667 0.001034 9.9991E-05
0.075152 0.773313 0.0654415 9.9964E-05 0.0856935 9.9964E-05 9.9964E-05 9.9964E-05
9.9955E-05 0.959623 9.9955E-05 0.0184041 9.9955E-05 9.9955E-05 9.9955E-05 0.0214733
0.0166472 0.551159 0.340585 0.067707 0.0141364 9.9982E-05 9.9982E-05 0.00956473
0.0340239 0.354999 0.366702 0.156548 9.9982E-05 9.9982E-05 0.0840856 0.00344162
0.0312833 0.301905 0.475703 0.0369344 0.0142387 0.0795601 9.9991E-05 0.0602751
0.0496307 0.918398 9.9955E-05 9.9955E-05 0.0314717 9.9955E-05 9.9955E-05 9.9955E-05
0.0602514 0.186893 0.562903 0.00594865 0.0859368 9.9991E-05 0.0789169 0.01905
0.0187968 0.555084 0.425619 9.9955E-05 9.9955E-05 9.9955E-05 9.9955E-05 9.9955E-05
9.9964E-05 0.941814 0.0223368 9.9964E-05 0.0305932 9.9964E-05 0.00485606 9.9964E-05
0.0575357 0.860489 0.081476 9.9955E-05 9.9955E-05 9.9955E-05 9.9955E-05 9.9955E-05
9.9946E-05 0.969641 9.9946E-05 0.0297593 9.9946E-05 9.9946E-05 9.9946E-05 9.9946E-05
0.00231587 9.9955E-05 0.114762 9.9955E-05 0.882423 9.9955E-05 9.9955E-05 9.9955E-05
9.9955E-05 9.9955E-05 0.111522 9.9955E-05 0.871422 9.9955E-05 0.0165564 9.9955E-05
0.0633649 0.00294147 0.118564 9.99732E-05 0.797238 9.99732E-05 9.99732E-05 0.0175921
0.0497305 9.9955E-05 0.193847 9.9955E-05 0.755923 9.9955E-05 9.9955E-05 9.9955E-05
9.9991E-05 0.0205636 0.495422 0.124743 0.0512721 0.23046 0.00118868 0.0762505
0.0449992 0.0513386 0.494902 0.0130612 0.0955178 0.29067 9.9991E-05 0.00941134
0.0291201 9.9973E-05 0.537695 0.0221935 9.9973E-05 0.402616 0.00807513 9.9973E-05
9.9982E-05 0.494587 0.0905834 9.9982E-05 0.0330829 0.0741081 0.0163706 0.291068
0.0152491 9.9982E-05 0.260881 0.0989926 9.9982E-05 0.587797 0.0333084 0.00357178
0.0187456 0.159228 0.509793 9.9973E-05 0.0878194 0.224114 9.9973E-05 9.9973E-05
9.9982E-05 9.9982E-05 0.711382 0.0463661 0.0261809 0.18921 0.0265287 0.000132157
9.9982E-05 0.11009 0.54542 0.251318 0.0402642 0.0222464 9.9982E-05 0.0304614
0.023748 0.107488 0.576856 0.121067 0.0570953 0.0766784 9.9991E-05 0.0369673
9.9973E-05 0.149258 0.115648 9.9973E-05 0.0241197 0.644445 9.9973E-05 0.0662292
0.0141855 0.0705728 0.647169 0.227702 0.0050438 9.9982E-05 9.9982E-05 0.0351269
9.9973E-05 0.0287016 0.587499 0.0506428 0.0643138 0.268543 9.9973E-05 9.9973E-05
0.0393504 0.0286149 0.568729 0.0700017 0.0886784 0.101554 0.0565509 0.0465213
9.9964E-05 9.9964E-05 0.331394 0.0267013 9.9964E-05 0.56396 0.0775452 9.9964E-05
0.0315177 0.14156 0.562131 0.0288196 0.0539785 0.181793 9.9982E-05 9.9982E-05
0.0448294 0.0188332 0.525158 0.0312224 0.0978818 0.150362 0.0429038 0.0888096
9.9964E-05 9.9964E-05 9.9964E-05 0.268035 9.9964E-05 0.641558 0.0881917 0.00181579
9.9982E-05 0.44712 0.0866415 0.044366 9.9982E-05 0.0777587 0.0585554 0.285358
0.031566 0.341445 0.0827638 0.240418 9.9991E-05 0.102097 0.142506 0.0591049
0.0844358 0.12755 0.521354 0.0398727 0.0740356 0.0170142 0.0476672 0.0880698
0.0315605 0.137394 0.572998 0.0807574 0.103113 0.00659212 0.0674846 9.9991E-05
0.0337545 0.129202 0.588243 0.0238527 0.0912384 0.024052 0.10935 0.000307227
9.9982E-05 0.367149 0.150242 0.0348535 0.111279 0.0984266 9.9982E-05 0.23785
0.00257562 0.308232 0.476108 0.00231201 9.9982E-05 0.0681732 9.9982E-05 0.142399
0.0307483 0.195171 0.559178 0.0270548 0.0701721 0.0925472 9.9991E-05 0.025029
0.0358375 0.276347 0.336655 0.0306397 0.0836571 0.043005 0.0815533 0.112305
9.9982E-05 0.490618 0.0565176 0.072124 0.13273 0.079503 9.9982E-05 0.168308
0.0579992 0.170532 0.491338 0.0731903 0.0186977 0.0714942 9.9991E-05 0.116648
0.0180275 0.255216 0.435472 9.9991E-05 0.0717939 0.0669639 0.0567131 0.0957135
9.9982E-05 0.589367 9.9982E-05 0.0889615 0.0411798 0.0807785 0.00150535 0.198008
9.9973E-05 0.41328 0.316738 9.9973E-05 9.9973E-05 0.0789181 0.0563897 0.134374
0.026391 0.128781 0.56864 0.000909327 0.0308957 0.0516377 0.127873 0.0648717
9.9991E-05 0.137692 0.62449 0.0495116 0.0584716 0.00719927 0.0620742 0.0604611
0.0517278 0.486975 0.140713 0.0432158 0.064578 0.130406 0.0253454 0.0570392
0.026398 0.279776 0.449675 0.00378229 0.0526863 0.0401642 0.0619599 0.0855579
0.0263712 0.121917 0.547775 9.9991E-05 0.0222126 0.0725772 0.0959792 0.113068
9.9991E-05 0.541212 0.128147 0.0214357 0.0350802 0.0707743 0.0366895 0.166561
9.9955E-05 9.9955E-05 0.464452 9.9955E-05 0.0327457 0.502302 9.9955E-05 9.9955E-05
0.0128638 0.0788413 0.153241 9.9973E-05 0.0437016 0.711052 9.9973E-05 9.9973E-05
0.0807074 0.0616472 0.468076 9.9991E-05 0.0910565 0.221162 0.00288809 0.0743628
0.00565175 9.9964E-05 9.9964E-05 0.0854007 9.9964E-05 0.854183 0.0543645 9.9964E-05
9.9955E-05 9.9955E-05 9.9955E-05 0.0651863 9.9955E-05 0.861819 0.0724953 9.9955E-05
9.9964E-05 9.9964E-05 0.219308 0.022976 9.9964E-05 0.707032 0.0502842 9.9964E-05
9.9973E-05 0.0714132 0.449772 9.9973E-05 0.0428792 0.407634 9.9973E-05 0.028001
0.0658105 0.0477873 0.521428 0.033098 0.104578 0.117813 9.9991E-05 0.109385
0.0200161 0.0472937 0.439166 0.0217421 9.9982E-05 0.467501 0.00408156 9.9982E-05
9.9973E-05 0.214431 0.102901 9.9973E-05 0.0366606 0.58932 9.9973E-05 0.056387
9.9964E-05 0.13397 0.232716 9.9964E-05 9.9964E-05 0.549925 9.9964E-05 0.0829888
0.0667618 0.0697133 0.520212 9.9982E-05 0.0583866 0.239578 9.9982E-05 0.0451484
9.9964E-05 0.154674 0.314683 9.9964E-05 0.0145406 0.515703 9.9964E-05 9.9964E-05
9.9973E-05 0.0964082 0.423156 9.9973E-05 0.02379 0.443427 9.9973E-05 0.0129183
9.9982E-05 9.9982E-05 0.443999 0.0457292 0.00786811 0.495746 0.00477369 0.00168366
9.9955E-05 9.9955E-05 9.9955E-05 0.192051 9.9955E-05 0.654633 0.152816 9.9955E-05
0.01446 0.0107559 0.62108 0.0613137 0.0157506 0.27644 9.9982E-05 9.9982E-05
9.9964E-05 0.0151542 0.0806284 9.9964E-05 0.822009 9.9964E-05 9.9964E-05 0.0818088
0.00119287 9.9955E-05 0.0735843 9.9955E-05 0.924723 9.9955E-05 9.9955E-05 9.9955E-05
0.0462572 9.9964E-05 0.10372 9.9964E-05 0.843517 9.9964E-05 9.9964E-05 0.00610568
0.0333042 9.9955E-05 0.0327357 9.9955E-05 0.93346 9.9955E-05 9.9955E-05 9.9955E-05
0.0495217 0.00454038 9.9964E-05 9.9964E-05 0.937417 0.00812059 9.9964E-05 9.9964E-05
0.0391875 9.9964E-05 0.0751101 9.9964E-05 0.863985 9.9964E-05 0.0213179 9.9964E-05
9.9946E-05 9.9946E-05 0.0918416 9.9946E-05 0.907559 9.9946E-05 9.9946E-05 9.9946E-05
0.0508465 0.0710474 0.519024 9.9991E-05 0.0828536 0.204756 0.0386667 0.0327059
0.0394545 0.0447592 0.5829 0.0147567 0.125969 0.110355 0.059312 0.0224937
9.9982E-05 0.139591 0.0203542 9.9982E-05 0.0509576 0.634154 0.02801 0.126733
0.0251774 0.0237192 0.536638 9.9991E-05 0.0687119 0.201543 0.0755231 0.068587
9.9973E-05 0.0669495 0.348848 9.9973E-05 0.0266321 0.493019 9.9973E-05 0.0642517
9.9973E-05 0.0475806 0.533525 9.9973E-05 0.0797155 0.304556 9.9973E-05 0.0343234
9.9991E-05 0.0323961 0.543519 0.053896 0.0368591 0.2701 0.0454102 0.0177196
0.0439194 0.0015736 0.498622 0.00588894 0.0317671 0.337517 0.0806122 9.9991E-05
9.9964E-05 0.246305 9.9964E-05 9.9964E-05 0.0222172 0.631666 9.9964E-05 0.0994118
0.046457 0.044118 0.511204 0.00840777 0.0579389 0.174807 0.0456828 0.111384
9.9982E-05 0.0735402 0.642484 0.0429123 0.0579667 0.135545 9.9982E-05 0.0473511
9.9991E-05 0.09788 0.540714 0.0114786 0.133458 0.10398 0.0859515 0.0264378
9.9964E-05 9.9964E-05 0.278988 0.152746 9.9964E-05 0.500922 0.0669442 9.9964E-05
0.024263 9.9973E-05 0.470508 9.9973E-05 0.00447609 0.412592 0.0878611 9.9973E-05
9.9973E-05 0.175735 0.411286 9.9973E-05 0.00751685 0.35968 9.9973E-05 0.0454823
9.9955E-05 9.9955E-05 0.411098 9.9955E-05 9.9955E-05 0.518992 0.0694104 9.9955E-05
9.9982E-05 0.073883 0.427711 9.9982E-05 0.0714369 0.342667 0.00686164 0.0772411
0.0244505 0.0141854 0.543848 0.056538 0.0570921 0.183448 0.0109092 0.109529
0.0328842 0.207538 0.27198 0.0679808 9.9991E-05 0.0307601 0.182186 0.206571
9.9982E-05 0.261024 0.387935 0.0865443 0.0647172 0.0118077 9.9982E-05 0.187771
0.0595792 0.0970351 0.531561 0.0334373 0.0809897 9.9991E-05 0.0685125 0.128785
0.0269394 0.0735895 0.536555 0.0501029 0.114322 0.0756095 0.00948996 0.113391
9.9991E-05 0.209815 0.441436 0.0352803 0.0248236 0.0459185 0.00795318 0.234673
0.0473066 0.183179 0.537144 0.0108136 0.0246558 0.00360379 0.0365349 0.156763
9.9973E-05 0.310139 0.419517 9.9973E-05 0.0361723 9.9973E-05 0.0270362 0.206836
0.027744 0.102003 0.494571 0.127473 0.0390112 0.0369782 0.0618651 0.110354
0.0463018 0.0980523 0.563267 9.9991E-05 0.0220833 0.0329974 0.0730127 0.164186
9.9991E-05 0.160818 0.563698 0.0382211 0.036354 0.0298718 0.0174958 0.153441
9.9991E-05 0.176798 0.551883 0.00941279 0.0287206 0.0599356 0.0340102 0.139139
0.0458864 0.0585436 0.608982 0.0469653 0.0312556 0.0262557 0.102692 0.07942
0.0111 0.0347446 0.613651 0.0785629 0.124978 0.0562453 0.0501735 0.0305445
0.0511175 0.131897 0.577215 0.0544736 9.9991E-05 0.0361894 0.0781574 0.07085
0.0272028 0.077222 0.582808 0.06094 0.100694 9.9991E-05 0.0628 0.0882337
0.071845 0.108235 0.549205 0.0121403 9.9982E-05 9.9982E-05 0.144304 0.114071
0.0655114 0.167163 0.250162 0.143617 0.0803502 0.0373685 0.112372 0.143456
0.0233632 0.0746891 0.628149 0.0216791 0.0779513 0.0344525 0.0432361 0.0964799
9.9973E-05 9.9973E-05 0.697427 0.0395545 0.0584454 9.9973E-05 0.106242 0.0980309
0.0257307 0.4694 0.127882 9.9991E-05 0.00701688 0.0716103 0.0429375 0.255323
0.0130692 0.367042 0.0972406 0.18563 9.9991E-05 0.0178155 0.229421 0.0896813
0.0176148 0.280086 0.439831 0.0281109 0.0542646 0.00982713 0.0728823 0.0973841
0.0211059 0.202113 0.0257987 0.192343 9.9991E-05 0.0934679 0.275147 0.189924
9.9973E-05 0.527788 0.238812 9.9973E-05 0.00638458 9.9973E-05 0.0296412 0.197074
9.9973E-05 0.329103 0.399753 9.9973E-05 9.9973E-05 0.052003 0.0526728 0.166169
9.9973E-05 0.305986 0.315953 9.9973E-05 0.0271323 0.121197 9.9973E-05 0.229431
9.9982E-05 0.38906 0.271137 0.000584799 9.9982E-05 0.0618676 0.0457574 0.231393
0.00296013 0.213122 0.575456 0.0362506 0.0235854 0.0383121 0.0339975 0.0763159
0.0591524 0.139858 0.54934 0.0492097 0.04428 0.0429676 0.0236175 0.091574
9.9991E-05 0.155642 0.560812 0.0153724 0.0517471 0.0353337 0.0552212 0.125772
9.9982E-05 0.256119 0.149186 0.148155 9.9982E-05 0.095517 0.191895 0.158928
0.0380685 0.0704924 0.506214 0.0017579 0.142659 0.0787508 0.0829505 0.079107
0.0300858 0.0445126 0.508758 0.242492 0.0487013 0.00903381 0.0716019 0.0448148
9.9973E-05 9.9973E-05 9.9973E-05 0.599658 0.045894 0.118146 0.147677 0.0883253
0.050325 0.0835149 0.646823 0.163383 0.0222268 0.0335277 9.9982E-05 9.9982E-05
0.0140481 0.0792616 0.281428 0.313146 0.0531969 0.119363 0.117611 0.0219457
0.056396 0.0487454 0.470539 0.179686 0.113984 0.0171112 0.0753733 0.0381658
9.9991E-05 0.0463195 0.254712 0.463665 0.0237951 0.0635208 0.0553012 0.0925866
9.9982E-05 0.0328638 0.112728 0.515985 9.9982E-05 0.07561 0.124447 0.138167
9.9991E-05 0.0539099 0.407314 0.2675 0.0216149 0.0959135 0.074985 0.0786622
0.063078 0.0350107 0.472907 0.0787351 0.0875942 0.120707 0.0606274 0.0813401
0.0376123 0.152751 0.407935 0.14868 0.131127 0.021865 0.00871786 0.0913112
0.0561766 0.240394 0.077376 0.35604 9.9982E-05 0.128099 0.141714 9.9982E-05
0.0536327 0.104628 0.499242 0.0883247 0.0811508 9.9991E-05 0.117971 0.0549505
9.9982E-05 0.0718719 0.324469 0.37395 9.9982E-05 0.105459 0.0803007 0.0437494
9.9982E-05 0.0539814 0.430026 0.234727 9.9982E-05 0.12255 0.0941291 0.0643866
0.0338966 9.9991E-05 0.59061 0.15301 0.0621291 0.0800873 0.0154955 0.0646715
0.218955 0.0181659 0.143026 0.289056 0.330497 9.9973E-05 9.9973E-05 9.9973E-05
0.139629 9.9955E-05 9.9955E-05 0.45952 0.400351 9.9955E-05 9.9955E-05 9.9955E-05
0.118457 9.9955E-05 9.9955E-05 0.476885 0.404159 9.9955E-05 9.9955E-05 9.9955E-05
0.267745 0.0081842 0.0999315 0.305049 0.312096 9.9982E-05 9.9982E-05 0.00679537
9.9982E-05 0.00858161 0.602013 0.222166 9.9982E-05 0.105542 0.0496786 0.0118191
0.0411227 9.9991E-05 0.624585 0.168737 0.00555157 0.0303529 0.0449096 0.0846418
0.661125 0.0091352 0.32924 9.9955E-05 9.9955E-05 9.9955E-05 9.9955E-05 9.9955E-05
0.448169 0.0769295 0.332439 9.9991E-05 0.0186412 0.0630428 0.0120837 0.0485951
0.37221 0.0544393 0.394307 9.9991E-05 0.0888738 0.0178986 0.0421188 0.0300518
9.9982E-05 0.0418287 0.261444 0.415788 9.9982E-05 0.0694775 0.191175 0.0200874
0.0496082 0.0300439 0.467316 0.173112 0.0814624 0.082291 0.0176652 0.0985018
9.9973E-05 0.177938 0.222451 0.437724 9.9973E-05 0.0105572 0.15103 9.9973E-05
9.9982E-05 0.0156663 0.594887 0.232932 0.0383339 0.0168186 0.101162 9.9982E-05
9.9991E-05 0.020627 0.474069 0.300972 0.0261768 0.0303476 0.116417 0.031291
9.9973E-05 9.9973E-05 0.58167 0.350849 9.9973E-05 0.00756469 0.0593476 0.000269357
9.9973E-05 0.0670111 0.197036 0.551546 9.9973E-05 0.0699198 0.114188 9.9973E-05
0.0027386 9.9991E-05 0.705121 0.179609 0.0285846 0.0447646 0.0214371 0.0176445
9.9982E-05 0.136461 0.56074 0.160934 0.0750364 9.9982E-05 0.0648814 0.0017468
0.93844 9.9973E-05 0.0312226 9.9973E-05 9.9973E-05 0.00650889 0.0012701 0.0222586
0.906999 0.0332585 0.0592429 9.9955E-05 9.9955E-05 9.9955E-05 9.9955E-05 9.9955E-05
0.561679 0.0748673 0.262633 9.9982E-05 0.0380641 0.0288779 9.9982E-05 0.0336791
0.60272 0.0143853 0.373253 9.9964E-05 0.00924243 9.9964E-05 9.9964E-05 9.9964E-05
0.807298 0.0114537 0.122728 9.9973E-05 9.9973E-05 0.0421642 9.9973E-05 0.016057
0.9993 9.994E-05 9.994E-05 9.994E-05 9.994E-05 9.994E-05 9.994E-05 9.994E-05
0.950664 9.9955E-05 9.9955E-05 9.9955E-05 9.9955E-05 9.9955E-05 0.0148718 0.0339641
0.817487 9.9955E-05 0.166464 9.9955E-05 9.9955E-05 0.0155495 9.9955E-05 9.9955E-05
0.949836 9.9964E-05 0.00240664 9.9964E-05 9.9964E-05 0.0101897 9.9964E-05 0.0371673
0.9993 9.994E-05 9.994E-05 9.994E-05 9.994E-05 9.994E-05 9.994E-05 9.994E-05
0.9993 9.994E-05 9.994E-05 9.994E-05 9.994E-05 9.994E-05 9.994E-05 9.994E-05
0.744605 9.9955E-05 0.235878 9.9955E-05 0.0190173 9.9955E-05 9.9955E-05 9.9955E-05
0.79993 9.9964E-05 0.137996 9.9964E-05 0.00886042 9.9964E-05 9.9964E-05 0.0528136
0.9993 9.994E-05 9.994E-05 9.994E-05 9.994E-05 9.994E-05 9.994E-05 9.994E-05
0.39098 0.105775 0.285671 0.0545551 0.0862814 0.0593989 0.00204696 0.015292
0.643056 9.9973E-05 0.264225 9.9973E-05 0.0385483 9.9973E-05 0.00583277 0.0480383
0.806997 9.9955E-05 0.180327 9.9955E-05 0.0121768 9.9955E-05 9.9955E-05 9.9955E-05
0.889973 0.0470536 0.0624736 9.9955E-05 9.9955E-05 9.9955E-05 9.9955E-05 9.9955E-05
0.9993 9.994E-05 9.994E-05 9.994E-05 9.994E-05 9.994E-05 9.994E-05 9.994E-05
0.946111 9.9955E-05 0.0491495 9.9955E-05 0.00423971 9.9955E-05 9.9955E-05 9.9955E-05
0.9993 9.994E-05 9.994E-05 9.994E-05 9.994E-05 9.994E-05 9.994E-05 9.994E-05
0.586854 0.0330765 0.254552 9.9982E-05 0.0254362 0.042416 9.9982E-05 0.0574661
0.968242 9.9946E-05 9.9946E-05 9.9946E-05 9.9946E-05 0.0311587 9.9946E-05 9.9946E-05
0.0595927 0.0115789 9.9973E-05 0.624561 0.214995 9.9973E-05 0.0889726 9.9973E-05
0.0760865 0.0521877 0.379589 0.334612 0.157226 9.9973E-05 9.9973E-05 9.9973E-05
0.0395844 9.9982E-05 0.469223 0.291511 0.141608 9.9982E-05 0.029024 0.0288493
0.0700106 9.9973E-05 0.2196 0.509565 0.165298 9.9973E-05 9.9973E-05 0.0352266
0.100065 0.121971 0.437491 0.209615 0.121141 0.00951729 9.9982E-05 9.9982E-05
0.0993168 0.00347486 0.134373 0.538338 0.195594 0.0287038 9.9982E-05 9.9982E-05
0.0936293 9.9982E-05 0.461695 0.253171 0.125802 9.9982E-05 0.0407176 0.0247853
0.105652 9.9973E-05 0.347536 0.409885 0.134355 9.9973E-05 9.9973E-05 0.00227342
0.131276 9.9982E-05 0.475901 0.222707 0.140974 0.00692156 9.9982E-05 0.0220203
0.10469 0.0237846 0.391074 0.337527 0.131134 0.0115906 9.9982E-05 9.9982E-05
0.0985612 0.0440231 0.440808 0.15886 0.167639 0.043238 0.0467695 9.9991E-05
9.9973E-05 9.9973E-05 0.0526001 0.0371376 0.893402 0.0063729 9.9973E-05 0.0101873
0.0630114 9.9973E-05 9.9973E-05 0.0101911 0.895475 0.0200978 0.0109248 9.9973E-05
9.9964E-05 9.9964E-05 0.0245083 0.00183252 0.948826 9.9964E-05 9.9964E-05 0.0244332
9.9955E-05 0.0195509 9.9955E-05 0.0240911 0.955858 9.9955E-05 9.9955E-05 9.9955E-05
9.9955E-05 0.0695053 0.0408632 9.9955E-05 0.889132 9.9955E-05 9.9955E-05 9.9955E-05
0.00445906 0.0171726 9.9964E-05 0.000219438 0.977749 9.9964E-05 9.9964E-05 9.9964E-05
0.0319552 9.9964E-05 0.0382335 9.9964E-05 0.90843 9.9964E-05 9.9964E-05 0.0209815
9.9964E-05 0.0219375 0.00157027 9.9964E-05 0.93805 9.9964E-05 9.9964E-05 0.0380427
0.026815 0.0139885 0.0117023 0.0230364 0.898174 0.0237525 9.9991E-05 0.00243169
0.0159975 0.0034665 0.0151847 0.0630275 0.887948 9.9982E-05 9.9982E-05 0.0141757
9.9973E-05 0.0482367 9.9973E-05 0.0754871 0.570749 0.0581887 9.9973E-05 0.247038
9.9982E-05 0.0810418 9.9982E-05 0.033112 0.597329 0.00682777 0.0135337 0.267955
9.9973E-05 0.149079 9.9973E-05 0.0730023 0.503211 0.0204223 9.9973E-05 0.253986
9.9973E-05 0.188473 9.9973E-05 0.108532 0.419079 0.00704932 9.9973E-05 0.276567
9.9982E-05 0.168351 0.466194 0.0445471 0.0460869 0.215495 9.9982E-05 0.0591256
0.0352106 0.119543 0.466343 9.9991E-05 0.0225843 0.253747 0.0572453 0.0452273
0.0380074 0.109959 0.469653 9.9982E-05 9.9982E-05 0.19984 0.036973 0.145368
9.9982E-05 0.208929 0.343238 9.9982E-05 0.0485078 0.24837 0.0455591 0.105197
0.00174475 0.443291 0.132514 0.00183069 9.9991E-05 0.061922 0.0607447 0.297853
0.00752288 0.0100436 0.629788 0.0258808 0.0231344 0.193798 0.0376959 0.0721366
9.9973E-05 0.0346732 0.584428 9.9973E-05 9.9973E-05 0.253422 0.00858853 0.118589
9.9991E-05 0.000207291 0.560745 0.0359829 0.0155356 0.311269 0.0679002 0.00826032
0.00920757 9.9964E-05 0.385719 9.9964E-05 9.9964E-05 0.54589 0.0587832 9.9964E-05
0.0422777 9.9991E-05 0.567054 0.0457205 0.0766569 0.118318 0.0660767 0.0837959
9.9973E-05 0.0790412 0.411527 9.9973E-05 0.0075956 0.466405 9.9973E-05 0.0351311
9.9955E-05 9.9955E-05 9.9955E-05 0.0487725 9.9955E-05 0.780054 0.170674 9.9955E-05
0.00064973 0.0480385 0.588372 0.0322156 0.0532824 0.159069 0.0599846 0.0583887
9.9964E-05 9.9964E-05 0.155833 0.127238 9.9964E-05 0.625023 0.0915061 9.9964E-05
9.9973E-05 9.9973E-05 0.504719 9.9973E-05 0.0487694 0.32586 0.0902213 0.030131
9.9973E-05 0.157342 0.120374 9.9973E-05 0.00568459 0.635862 9.9973E-05 0.0804374
9.9964E-05 9.9964E-05 0.0118137 0.0753197 0.0846287 9.9964E-05 9.9964E-05 0.827838
9.9964E-05 9.9964E-05 0.0739463 0.052733 0.0600767 9.9964E-05 9.9964E-05 0.812844
9.9973E-05 9.9973E-05 0.0514836 0.0723984 0.0380647 0.00676635 9.9973E-05 0.830987
9.9964E-05 9.9964E-05 9.9964E-05 0.0665496 0.0704251 0.0456873 9.9964E-05 0.816938
0.00353177 9.9973E-05 0.113757 0.0337074 0.00375691 9.9973E-05 9.9973E-05 0.844947
0.0458655 9.9964E-05 0.0986084 0.0473248 9.9964E-05 9.9964E-05 9.9964E-05 0.807801
0.0591728 0.00242923 0.00606653 9.9982E-05 0.850604 0.0647753 9.9982E-05 0.0167526
0.0246413 0.00707119 0.0907628 9.9982E-05 0.812615 0.0167919 9.9982E-05 0.0479178
0.0421577 0.0312371 0.119177 0.0234015 0.763432 0.00252747 0.00867391 0.00939352
0.0731407 0.00589104 0.00362193 9.9973E-05 0.840118 0.0769282 9.9973E-05 9.9973E-05
0.0487367 0.00640737 0.132818 0.0381754 0.767447 0.00621483 9.9982E-05 9.9982E-05
9.9955E-05 9.9955E-05 9.9955E-05 0.100628 0.363279 9.9955E-05 9.9955E-05 0.535593
0.00776637 9.9973E-05 9.9973E-05 0.0522031 0.408985 9.9973E-05 0.0257917 0.504954
0.0109116 9.9982E-05 0.0375639 0.0233765 0.39419 9.9982E-05 0.0275355 0.506223
9.9973E-05 0.0118414 0.112829 9.9973E-05 0.843551 9.9973E-05 0.0152345 0.0162436
9.9973E-05 0.0407198 9.9973E-05 9.9973E-05 0.402336 0.0339891 0.0452151 0.47744
0.291036 9.9973E-05 0.286518 0.147749 0.259418 9.9973E-05 0.0149795 9.9973E-05
0.191857 0.066224 0.527169 0.0149361 0.161223 0.00246056 0.0049081 0.0312223
0.242547 0.0143645 0.545769 9.9964E-05 0.19692 9.9964E-05 9.9964E-05 9.9964E-05
0.253887 0.0110037 0.296976 0.175085 0.251383 0.0114651 9.9982E-05 9.9982E-05
0.150068 0.0435494 0.512183 0.0510657 0.117406 0.0274514 0.00824885 0.0900281
0.299317 9.9964E-05 9.9964E-05 0.26959 0.414271 9.9964E-05 0.0164213 9.9964E-05
9.9982E-05 0.23099 0.424284 0.00347156 9.9982E-05 0.044648 0.0728619 0.223544
9.9982E-05 0.147977 0.408569 0.10169 9.9982E-05 0.0784407 0.172275 0.0908484
9.9991E-05 0.531885 0.169665 0.0058448 0.00927241 0.0624015 0.0358316 0.184999
9.9982E-05 0.158691 0.491708 0.0889445 9.9982E-05 0.0564916 0.151056 0.0529097
9.9973E-05 0.15385 9.9973E-05 0.301868 9.9973E-05 0.0863062 0.325255 0.132421
0.031988 0.166184 0.527985 0.0830652 0.049215 0.0268709 0.0504361 0.0642556
0.0131402 0.150166 0.498176 0.0598388 0.0273003 0.0294434 0.161524 0.0604121
9.9991E-05 0.353389 0.281274 0.0505159 0.0146021 0.0596952 0.0164108 0.224013
0.0485096 0.191909 0.485287 0.0183499 0.0617311 0.0439992 0.0521676 0.0980468
9.9982E-05 0.372768 0.0493684 0.223256 9.9982E-05 0.0794903 0.204489 0.0704294
9.9982E-05 0.156709 0.529189 0.0297037 9.9982E-05 0.0422834 0.140553 0.101363
9.9991E-05 0.223926 0.46392 0.0191053 0.0208621 0.0589421 0.0581331 0.155011
0.146057 0.105867 0.379436 0.109559 0.105101 0.0856792 0.0396111 0.0286897
0.0132309 0.279735 0.245046 0.112333 9.9991E-05 0.103261 0.173654 0.0726406
0.0277689 0.168434 0.377062 0.145132 9.9991E-05 0.0548579 0.106642 0.120003
9.9982E-05 0.117625 0.577716 0.0324299 9.9982E-05 0.0263002 0.128386 0.117344
9.9982E-05 0.16544 0.489697 0.0605188 9.9982E-05 0.117577 0.100298 0.0662694
0.0593407 0.0265086 0.645336 0.077442 0.0170644 0.0366898 0.0586027 0.0790157
0.0666671 0.0494824 0.53167 0.0292651 0.0782882 0.114643 0.0187158 0.111268
9.9982E-05 0.19448 0.546551 0.0311414 0.0889673 0.102339 9.9982E-05 0.0363212
0.0235821 9.9955E-05 0.128086 9.9955E-05 0.847832 9.9955E-05 9.9955E-05 9.9955E-05
9.9955E-05 9.9955E-05 0.118009 9.9955E-05 0.880942 9.9955E-05 0.000549583 9.9955E-05
9.9964E-05 9.9964E-05 0.0656645 0.044127 0.862581 9.9964E-05 9.9964E-05 0.027228
0.053374 0.00153752 0.0134657 9.9991E-05 0.903877 0.0105132 0.00472306 0.0124099
9.9955E-05 9.9955E-05 0.100166 9.9955E-05 0.894684 9.9955E-05 9.9955E-05 0.00464987
0.0481516 0.556612 0.00545029 0.0462023 0.0174353 0.107943 0.00150549 0.2167
0.0194079 0.115127 0.529216 0.0579847 0.0386041 0.0549547 0.107644 0.0770609
0.200822 9.9991E-05 0.42794 0.138122 0.170603 0.00130222 0.0560728 0.00503683
0.0271423 0.163452 0.598303 9.9991E-05 0.0149108 0.0677861 0.0329582 0.0953473
9.9982E-05 0.347417 0.457814 0.00928699 0.0250795 0.0732723 9.9982E-05 0.0869297
9.9982E-05 0.219585 0.234631 0.182668 9.9982E-05 0.0621289 0.146841 0.153946
9.9982E-05 0.468365 9.9982E-05 0.0123806 0.0403967 0.0601946 0.0249834 0.39348
9.9982E-05 0.176712 0.457105 0.0301643 0.0522401 0.0687774 9.9982E-05 0.214801
0.0711442 0.44007 0.145963 9.9982E-05 0.0234116 9.9982E-05 0.0402903 0.278922
9.9991E-05 0.140987 0.455317 0.118019 0.0564126 0.0480469 0.0593671 0.121751
9.9982E-05 0.495576 0.0746144 0.0541465 0.0595768 9.9982E-05 0.0411667 0.27472
0.0565647 0.17432 0.533385 9.9991E-05 0.0575114 0.0158506 0.0241842 0.138084
9.9991E-05 0.530912 0.0602252 0.0211323 0.0437043 0.0845931 0.0301747 0.229158
0.0906745 0.330061 0.175825 0.11353 9.9991E-05 0.085923 0.129941 0.0739452
0.00998336 0.0807719 0.52303 0.173685 0.0654773 0.0733948 0.0493848 0.0242727
9.9982E-05 0.0746735 0.316185 0.429897 9.9982E-05 0.0294184 0.0850162 0.0646096
9.9982E-05 9.9982E-05 0.541536 0.262095 0.0347936 0.0533096 0.032768 0.0752975
9.9982E-05 0.117342 0.535278 0.162584 0.0959 9.9982E-05 0.0668826 0.0218132
9.9982E-05 0.0233412 0.274529 0.525306 9.9982E-05 0.0799954 0.0649421 0.0316863
0.031391 0.0512456 0.537322 0.0829246 0.116905 0.0406958 0.0600902 0.0794257
9.9973E-05 9.9973E-05 0.523447 0.289972 9.9973E-05 0.00692337 0.0818669 0.0974906
9.9982E-05 0.0281197 0.132982 0.527472 9.9982E-05 0.123214 0.16846 0.0195525
9.9973E-05 9.9973E-05 0.210969 0.643413 9.9973E-05 0.0483139 0.043421 0.0535824
9.9982E-05 0.0194495 0.474583 0.401196 9.9982E-05 0.00996797 0.050223 0.0443808
9.9973E-05 9.9973E-05 0.0685433 0.541964 9.9973E-05 0.198426 0.0986838 0.092083
9.9982E-05 0.0911817 0.41529 0.343291 9.9982E-05 0.0884859 0.0103706 0.0511806
9.9982E-05 0.601397 0.0561475 9.9982E-05 0.00267804 0.048335 0.0219603 0.269282
0.0679768 0.329039 0.124093 0.0204311 9.9991E-05 0.0483143 0.298882 0.111163
0.0444503 0.355196 0.31983 9.9991E-05 0.0267562 0.039676 0.0427067 0.171285
0.0535035 0.214411 0.521227 9.9991E-05 0.0484472 0.0243465 0.0165118 0.121453
0.0187519 0.430104 0.141556 9.9982E-05 9.9982E-05 0.127634 0.00812355 0.273631
0.0563267 0.127312 0.479053 0.0717517 0.0370593 0.0353871 0.0973115 0.0957986
9.9982E-05 0.215408 0.546271 9.9982E-05 0.0508232 0.0355044 0.0438666 0.107927
0.0392953 0.162072 0.464059 0.00907617 9.9991E-05 0.0407406 0.13237 0.152287
0.0463129 0.259837 0.443313 0.0140767 9.9991E-05 0.062518 0.0489807 0.124862
0.030682 0.26646 0.445935 9.9982E-05 9.9982E-05 0.0123906 0.00799621 0.236336
0.0117555 0.381232 0.208142 9.9982E-05 9.9982E-05 0.0664467 0.0561016 0.276122
0.025034 0.293165 0.392976 9.9973E-05 9.9973E-05 9.9973E-05 0.0254098 0.263115
0.0527888 0.219328 0.526564 0.00674308 9.9991E-05 0.0199446 0.0272486 0.147283
0.0429101 0.0587923 0.593299 0.0776124 0.0392139 0.0206836 0.0891174 0.0783714
0.0802726 0.214732 0.289105 0.0997325 0.0417587 0.0810518 0.0914129 0.101934
0.105754 0.127406 0.409979 9.9982E-05 9.9982E-05 0.108156 0.103664 0.144841
0.0739791 0.369877 0.268265 9.9982E-05 9.9982E-05 0.0409486 0.00377909 0.242951
0.0207728 0.243908 0.514357 9.9991E-05 0.00373478 0.0710701 0.0306378 0.115419
0.0787283 0.306771 0.395799 9.9991E-05 0.0169055 0.0219527 0.0457821 0.133961
0.0546874 0.110634 0.536774 0.0688194 0.0767118 0.0178404 0.0721883 0.0623446
0.130817 0.0821652 0.420422 0.0144682 0.307372 0.0415227 0.00313376 9.9991E-05
0.157354 0.0911302 0.507806 0.0796018 0.110998 9.9982E-05 0.0529102 9.9982E-05
0.117243 0.0852198 0.386262 0.0288207 0.148797 0.096228 0.101309 0.036121
0.119677 0.0622067 0.525253 0.0828218 0.135698 9.9991E-05 0.0597977 0.0144458
0.186488 0.0172349 0.447766 0.165573 0.150083 0.0205478 0.0122064 9.9991E-05
9.9982E-05 0.142002 0.470373 0.081029 9.9982E-05 0.0131083 0.177838 0.115449
0.113165 9.9982E-05 0.495185 0.100959 0.173372 0.0809005 9.9982E-05 0.0362187
0.174458 0.187006 9.9991E-05 0.331718 0.166915 0.0263829 0.111744 0.00167527
0.119823 0.0796052 0.552964 0.092222 0.0764123 9.9991E-05 0.0383156 0.0405574
0.159679 0.0353972 0.568035 0.065719 0.134938 0.00575101 0.0303814 9.9991E-05
0.182388 0.108058 0.508926 0.0366488 0.0950039 0.0258376 0.026214 0.0169239
0.112881 0.117311 0.263183 0.198811 0.157395 0.0542468 0.096073 9.9991E-05
0.0945174 0.0717242 0.558301 0.0627603 0.185811 9.9991E-05 0.0169508 0.00983504
0.148535 9.9982E-05 0.528717 0.0482746 0.148168 9.9982E-05 0.118039 0.00806568
0.131069 9.9955E-05 9.9955E-05 0.430873 0.437559 9.9955E-05 9.9955E-05 9.9955E-05
0.201075 0.0637203 0.472962 0.0570079 0.163135 0.0418987 9.9982E-05 9.9982E-05
0.162085 0.0621355 0.529093 0.0984644 0.144454 9.9982E-05 0.00356807 9.9982E-05
0.109742 0.0852392 0.545308 0.109579 0.0913073 0.010002 0.012972 0.0358503
0.209889 9.9973E-05 0.506498 0.108387 0.153543 9.9973E-05 0.0213824 9.9973E-05
0.0845847 0.078306 0.500989 0.0626305 0.198589 0.0747005 9.9982E-05 9.9982E-05
0.00324128 0.0348748 0.415282 0.0105326 0.0652275 0.0391258 0.431616 9.9991E-05
0.0553102 0.104616 0.466039 9.9991E-05 0.0648553 0.0480838 0.234948 0.0260473
9.9964E-05 0.00577315 9.9964E-05 9.9964E-05 9.9964E-05 0.0225164 0.933371 0.0379397
9.9964E-05 0.0307785 9.9964E-05 0.0150882 9.9964E-05 9.9964E-05 0.938449 0.0152848
9.9982E-05 0.105103 0.488955 0.0351216 0.077853 0.00728175 0.285486 9.9982E-05
0.299739 0.0241037 0.306466 0.12028 0.119172 9.9991E-05 0.12012 0.0100193
0.264669 9.9973E-05 0.317601 0.00473274 0.167468 9.9973E-05 0.245229 9.9973E-05
0.290102 9.9973E-05 0.16251 0.0842219 0.16708 9.9973E-05 0.295786 9.9973E-05
0.25586 9.9973E-05 0.316789 0.0550053 0.139638 9.9973E-05 0.232408 9.9973E-05
0.0485108 9.9973E-05 0.0709479 0.0685879 0.103047 9.9973E-05 0.708606 9.9973E-05
0.0475792 9.9973E-05 0.121366 0.00422025 0.114051 9.9973E-05 0.712483 9.9973E-05
0.0595855 0.0567433 0.548984 0.000818002 9.9973E-05 9.9973E-05 0.333569 9.9973E-05
0.105537 9.9964E-05 0.363056 9.9964E-05 0.0532394 9.9964E-05 0.477768 9.9964E-05
0.0636742 9.9964E-05 0.184506 9.9964E-05 0.0531728 9.9964E-05 0.698247 9.9964E-05
0.0796311 0.0433795 0.527152 0.00434598 0.0184189 9.9991E-05 0.298766 0.0282061
0.054592 9.9973E-05 0.573039 0.00793864 0.0599781 9.9973E-05 0.304153 9.9973E-05
0.0721534 9.9982E-05 0.489961 9.9982E-05 0.0826483 0.00966183 0.279311 0.0660654
9.9964E-05 0.0236744 0.303588 9.9964E-05 9.9964E-05 9.9964E-05 0.66598 0.00635694
9.9991E-05 0.0854118 0.35949 0.0104696 0.0169868 0.0358655 0.480487 0.0111889
9.9982E-05 9.9982E-05 0.52091 0.0105252 0.0658033 0.0934783 0.242665 0.0664189
9.9991E-05 0.00800792 0.43091 0.0572694 0.0160124 0.00473625 0.379704 0.10326
0.0481057 0.0349319 0.514217 0.0106359 0.0954938 0.0457612 0.222963 0.027891
9.9982E-05 0.0348292 0.427426 0.0405094 0.00178743 0.0269097 0.468339 9.9982E-05
9.9973E-05 0.00176257 0.157633 9.9973E-05 0.00311138 9.9973E-05 0.828576 0.00861762
9.9955E-05 9.9955E-05 0.60955 9.9955E-05 0.0177207 9.9955E-05 0.37223 9.9955E-05
9.9973E-05 0.000460877 0.143919 9.9973E-05 9.9973E-05 0.017706 0.795603 0.0420115
9.99653E-05 9.99653E-05 0.443373 9.99653E-05 0.0283741 9.99653E-05 0.523254 0.00459834
9.9973E-05 9.9973E-05 0.528089 0.00208454 0.0862216 9.9973E-05 0.287266 0.0960394
0.0420038 0.0399271 0.519205 9.9991E-05 0.0555193 0.0341368 0.26403 0.0450781
0.137285 0.0860735 0.435441 0.0656549 0.156237 9.9991E-05 0.116561 0.00264685
0.131867 0.0258123 0.423082 0.0409826 0.164083 0.0243538 0.163976 0.0258426
0.260517 0.00248877 0.322743 0.169242 0.173081 9.9982E-05 0.071729 9.9982E-05
0.254467 0.0674851 0.254534 0.0859535 0.206475 0.016627 0.0910902 0.0233685
0.176783 0.0583101 0.439667 0.0773065 0.132935 9.9991E-05 0.0837842 0.0311132
0.118497 9.9991E-05 0.419015 0.0400978 0.175412 0.0637152 0.176023 0.00713972
0.0957807 9.9964E-05 9.9964E-05 0.0563208 0.179007 9.9964E-05 0.668492 9.9964E-05
0.179161 9.9973E-05 0.529222 0.0204169 0.0885431 9.9973E-05 0.182357 9.9973E-05
0.0836329 9.9964E-05 9.9964E-05 0.193998 0.322408 9.9964E-05 0.399561 9.9964E-05
0.162964 9.9964E-05 0.459324 9.9964E-05 0.037277 9.9964E-05 0.340036 9.9964E-05
9.9946E-05 9.9946E-05 0.0840037 9.9946E-05 9.9946E-05 9.9946E-05 0.915397 9.9946E-05
9.9946E-05 9.9946E-05 9.9946E-05 9.9946E-05 9.9946E-05 0.0799695 0.919431 9.9946E-05
9.9946E-05 9.9946E-05 0.462911 9.9946E-05 9.9946E-05 9.9946E-05 0.536489 9.9946E-05
9.9955E-05 9.9955E-05 0.582227 9.9955E-05 0.0278108 9.9955E-05 0.389463 9.9955E-05
9.9955E-05 9.9955E-05 0.389284 9.9955E-05 9.9955E-05 9.9955E-05 0.607947 0.00226935
0.00254417 0.00756735 0.568834 9.9973E-05 9.9973E-05 0.00880107 0.411953 9.9973E-05
9.9946E-05 9.9946E-05 0.53695 9.9946E-05 9.9946E-05 9.9946E-05 0.46245 9.9946E-05
0.0194885 0.0289778 9.9973E-05 9.9973E-05 0.853163 0.0346901 9.9973E-05 0.0633812
0.051932 0.0115052 0.0371974 0.0139331 0.754954 0.0306648 0.0339461 0.0658671
0.0165533 9.9973E-05 0.000176804 9.9973E-05 0.922332 9.9973E-05 0.0151955 0.0454421
9.9955E-05 9.9955E-05 0.035882 0.0275221 0.936096 9.9955E-05 9.9955E-05 9.9955E-05
0.0378599 0.0623397 0.515968 0.0604933 9.9982E-05 0.304828 9.9982E-05 0.0183113
9.9982E-05 0.0755592 0.555129 0.00337963 0.0395132 0.235902 9.9982E-05 0.0903168
9.9973E-05 0.0651206 0.498001 9.9973E-05 0.0137755 0.412812 9.9973E-05 0.00999143
9.9973E-05 0.0797039 0.551097 9.9973E-05 0.0835289 0.249485 9.9973E-05 0.0358849
0.00228678 0.093863 0.57301 0.118386 0.0682778 0.124459 9.9991E-05 0.0196181
9.9973E-05 0.116252 0.269516 9.9973E-05 0.0377684 0.561655 9.9973E-05 0.014508
9.9973E-05 0.0018875 0.617084 9.9973E-05 0.00994077 0.368341 0.00244694 9.9973E-05
9.9973E-05 9.9973E-05 0.259697 0.0703763 0.00421991 0.57971 0.0856965 9.9973E-05
0.168045 0.0894803 0.371795 0.0083756 0.287889 9.9982E-05 9.9982E-05 0.0742145
0.0258 0.0143666 0.416236 0.0185812 9.9982E-05 0.418375 0.106441 9.9982E-05
9.9973E-05 0.0882765 0.336067 9.9973E-05 0.0241528 0.508654 9.9973E-05 0.0425504
0.0159229 9.9991E-05 0.522781 0.0214053 0.00380304 0.357332 0.0566825 0.0219736
0.0569689 0.0552431 0.34901 9.9982E-05 0.00195943 0.432868 9.9982E-05 0.103751
0.0203525 9.9973E-05 0.572329 0.0219896 9.9973E-05 0.345796 0.0392331 9.9973E-05
0.00511163 0.0555093 0.533729 9.9991E-05 0.0523996 0.334757 0.00877038 0.00962271
9.9964E-05 9.9964E-05 0.00552501 0.0788582 9.9964E-05 0.864038 0.0511788 9.9964E-05
9.9964E-05 9.9964E-05 0.294372 0.0626183 9.9964E-05 0.561622 0.0809881 9.9964E-05
0.0254892 9.9973E-05 0.346308 0.00148515 9.9973E-05 0.574902 0.0515155 9.9973E-05
9.9955E-05 9.9955E-05 9.9955E-05 0.0931253 9.9955E-05 0.79929 0.107085 9.9955E-05
9.9982E-05 0.0688741 0.404933 0.00538583 0.0744318 0.401217 9.9982E-05 0.0449585
9.9964E-05 9.9964E-05 0.0825581 0.247304 9.9964E-05 0.597517 0.0722205 9.9964E-05
9.9955E-05 9.9955E-05 9.9955E-05 0.131096 9.9955E-05 0.816931 0.0514733 9.9955E-05
0.020174 9.9991E-05 0.550406 0.0367783 0.0122045 0.307648 0.041292 0.0313965
9.9973E-05 0.169206 0.128207 9.9973E-05 0.05251 0.580986 9.9973E-05 0.0687912
9.9973E-05 0.112005 0.437993 9.9973E-05 9.9973E-05 0.408688 0.00870985 0.0323033
0.0444278 0.00328723 0.512142 0.0848209 0.103409 0.175675 0.0546142 0.0216245
0.017165 0.111463 0.466184 9.9982E-05 0.023432 0.339803 9.9982E-05 0.0417534
9.9982E-05 0.150668 0.340724 0.0973376 9.9982E-05 0.0662904 0.176805 0.167974
0.00425552 9.9982E-05 0.542705 9.9982E-05 0.0542384 0.341554 0.00299081 0.0540557
9.9973E-05 0.142165 0.481046 9.9973E-05 0.0226018 0.329853 9.9973E-05 0.0240338
9.9973E-05 0.0203893 0.301723 0.0176286 9.9973E-05 0.582319 0.077641 9.9973E-05
0.0111946 0.0445648 0.501915 0.0240584 0.0823397 0.249327 0.0379343 0.0486657
9.9964E-05 0.0237582 9.9964E-05 0.0751147 0.658606 9.9964E-05 9.9964E-05 0.242121
9.9982E-05 9.9982E-05 0.000879313 0.0248933 0.756731 0.025533 0.0199329 0.171831
9.9964E-05 9.9964E-05 9.9964E-05 0.037574 0.841671 0.00485447 9.9964E-05 0.115501
9.9964E-05 0.0142295 9.9964E-05 0.0421003 0.818177 9.9964E-05 9.9964E-05 0.125093
9.9982E-05 0.0212693 0.0167559 0.0797619 0.723073 0.034258 9.9982E-05 0.124682
9.9973E-05 0.122301 0.0990834 9.9973E-05 0.0544549 0.666343 9.9973E-05 0.0575179
9.9973E-05 0.0529924 0.151904 9.9973E-05 0.031158 0.688079 9.9973E-05 0.0755662
0.0133207 9.9973E-05 0.169782 0.0697146 9.9973E-05 0.746087 0.000795511 9.9973E-05
0.0550268 0.0598952 0.527902 0.102123 0.0769498 0.12773 0.00993186 0.0404414
0.0974836 0.0367694 0.506851 0.0597497 0.0850876 0.151944 0.00934455 0.0527699
0.00224 9.9964E-05 0.274711 0.110063 9.9964E-05 0.612586 9.9964E-05 9.9964E-05
0.049226 0.0123692 0.59581 0.00948796 0.0203606 0.233919 0.0787275 9.9991E-05
0.0531778 0.0510351 0.374491 0.0245091 0.0203357 0.428232 0.0481188 9.9991E-05
9.9982E-05 0.0745848 0.503724 9.9982E-05 0.0246637 0.339288 0.0329564 0.0245826
0.0474902 9.9982E-05 0.589079 0.0259767 0.0478504 0.281758 9.9982E-05 0.00764495
9.9964E-05 0.149074 0.165268 9.9964E-05 9.9964E-05 0.62801 9.9964E-05 0.0572485
9.9964E-05 0.0826979 0.296197 9.9964E-05 9.9964E-05 0.562911 9.9964E-05 0.0577945
9.9973E-05 0.102171 0.308674 9.9973E-05 0.0083861 0.533822 9.9973E-05 0.0466466
0.00277207 9.9973E-05 0.657223 0.229054 0.0430918 9.9973E-05 9.9973E-05 0.0675584
9.9973E-05 0.0759789 0.398007 9.9973E-05 0.0288371 0.493591 9.9973E-05 0.00328565
9.9973E-05 0.115758 0.381169 9.9973E-05 0.0523517 0.403797 9.9973E-05 0.0466239
0.362008 9.9991E-05 0.406844 0.00987174 0.0952106 0.0666881 0.0402169 0.0190598
0.40803 9.9982E-05 0.345811 0.0627774 0.10906 0.0242634 0.049859 9.9982E-05
0.349751 9.9982E-05 0.479296 0.0460903 0.110002 9.9982E-05 0.00342054 0.0112398
0.484976 9.9973E-05 0.26929 0.0320831 0.167268 9.9973E-05 0.0460828 9.9973E-05
0.259256 0.0147064 0.526314 0.028352 0.121732 9.9982E-05 9.9982E-05 0.0494395
9.9973E-05 9.9973E-05 0.525973 0.215065 0.0491606 0.18954 0.0199619 9.9973E-05
0.629576 9.9973E-05 0.00835653 0.0939287 0.254326 9.9973E-05 9.9973E-05 0.0135123
0.473244 9.9973E-05 0.299495 9.9973E-05 0.168651 9.9973E-05 0.0399394 0.0183705
0.162258 9.9982E-05 0.35578 0.297959 0.118191 0.0541953 0.0114182 9.9982E-05
9.9982E-05 0.0440984 0.556637 0.28622 0.1 0.000279378 9.9982E-05 0.0125657
9.9982E-05 0.064381 0.50931 0.264913 0.0844121 9.9982E-05 0.00305702 0.0737269
0.0274339 9.9982E-05 0.561706 0.241204 0.103917 0.0302096 9.9982E-05 0.0353298
0.0336277 0.0169518 0.607645 0.17156 0.107047 0.0205568 9.9991E-05 0.0425113
0.416936 0.00265758 0.365038 9.9973E-05 0.210864 9.9973E-05 0.00420454 9.9973E-05
0.352973 0.0478085 0.358968 0.0267471 0.148981 0.0130931 0.0154226 0.0360058
0.422418 9.9973E-05 0.448756 0.0187351 0.0939413 9.9973E-05 9.9973E-05 0.015849
0.210284 9.9991E-05 0.44813 0.0552137 0.182038 0.0108178 0.0196722 0.0737447
0.484475 0.0336754 0.219096 9.9991E-05 0.166379 0.0161079 0.0772288 0.00293784
0.315732 0.0512173 0.452607 0.0463913 0.0914845 0.0093785 0.033089 9.9991E-05
0.528485 9.9982E-05 0.268332 0.0529093 0.106214 9.9982E-05 0.031975 0.0118854
0.322944 0.0568319 0.391072 0.0410701 0.122525 9.9991E-05 0.0157689 0.0496879
0.00307624 9.9982E-05 0.510969 0.334602 0.0680464 0.0364928 9.9982E-05 0.0466135
0.297647 9.9982E-05 0.399151 0.0137801 0.169739 9.9982E-05 0.0495167 0.0699658
0.559551 9.9982E-05 0.164685 0.0493273 0.213476 9.9982E-05 0.00487729 0.00788383
0.358074 0.0638044 0.345364 9.9991E-05 0.139753 0.01474 0.0246862 0.0534785
9.9982E-05 0.128211 0.288451 0.375783 0.120593 0.050039 9.9982E-05 0.0367224
9.9955E-05 0.0326509 0.63207 0.334779 9.9955E-05 9.9955E-05 9.9955E-05 9.9955E-05
0.308975 9.9991E-05 0.409885 0.0615306 0.154835 0.00122982 0.00342182 0.0600223
9.9973E-05 0.087473 0.548389 0.261896 0.090367 9.9973E-05 9.9973E-05 0.0115751
9.9973E-05 0.0764162 0.502565 0.283871 0.115204 9.9973E-05 9.9973E-05 0.0216442
0.200605 0.0455481 0.384673 0.147558 0.175076 0.0239618 0.0224779 9.9991E-05
0.240272 9.9973E-05 0.351178 0.127218 0.217287 9.9973E-05 0.0637453 9.9973E-05
0.0184548 9.9991E-05 0.627023 0.170997 0.0885182 0.0263467 0.014016 0.0545444
0.31796 0.0639844 0.381583 0.0165258 0.169075 0.0300505 0.020721 9.9991E-05
0.377153 0.0559874 0.430769 9.9973E-05 0.116089 9.9973E-05 0.0197014 9.9973E-05
0.590658 9.9973E-05 0.156638 0.0720587 0.169182 9.9973E-05 0.0111631 9.9973E-05
0.0348096 0.0254463 0.618651 0.0989818 0.105927 0.0182351 0.0620195 0.0359292
9.9973E-05 0.117571 0.429943 0.344255 0.105537 0.00239461 9.9973E-05 9.9973E-05
9.9955E-05 9.9955E-05 0.208318 0.787968 0.00321348 9.9955E-05 9.9955E-05 9.9955E-05
0.00924936 0.0662065 0.579191 0.177856 0.121249 0.0284265 9.9991E-05 0.0177215
0.0155537 0.0394843 0.410711 0.227617 0.0919302 0.0354253 0.106545 0.0727344
0.143263 0.0634395 0.454377 0.161781 0.143953 0.0167765 0.0163096 9.9991E-05
0.0717022 0.0737032 0.483774 0.151225 0.129196 0.0127008 0.0605069 0.0171917
0.10782 9.9964E-05 9.9964E-05 0.584765 0.293329 9.9964E-05 0.0136862 9.9964E-05
0.0699121 9.9955E-05 9.9955E-05 0.718288 0.2113 9.9955E-05 9.9955E-05 9.9955E-05
