0.840498 0.0412676 9.9973E-05 9.9973E-05 9.9973E-05 0.00882318 0.0626006 0.0465111
0.943648 0.00458914 9.9973E-05 9.9973E-05 0.00909929 9.9973E-05 0.01188 0.0304833
0.854926 0.0067202 9.9991E-05 0.0212175 0.0284461 0.0548723 0.0107683 0.0229492
0.771033 0.0423942 9.9964E-05 9.9964E-05 9.9964E-05 0.129616 9.9964E-05 0.0565567
0.901477 9.9955E-05 9.9955E-05 9.9955E-05 0.00693324 0.0910898 9.9955E-05 9.9955E-05
0.61446 0.0979044 0.00939144 0.130189 0.00664856 0.0567978 0.0496963 0.0349126
0.727425 0.0287163 9.9991E-05 0.151016 0.0177831 0.0192196 0.00424815 0.051492
0.692929 0.0726356 9.9982E-05 0.168287 9.9982E-05 0.0304935 0.0122713 0.0231839
0.797476 0.14335 9.99639E-05 0.0278125 9.99639E-05 9.99639E-05 9.99639E-05 0.0309622
0.755442 0.0532155 0.0174741 0.106373 9.9991E-05 0.0500976 0.0044097 0.0128882
0.736568 0.0547896 9.9973E-05 0.0993254 9.9973E-05 0.0932822 9.9973E-05 0.0157352
0.0259753 0.484874 9.9982E-05 0.0893413 0.1418 0.23536 0.0224492 9.9982E-05
0.0432999 0.239176 0.0393111 0.0194892 0.0653836 0.552537 0.0221252 0.018678
9.9982E-05 0.482062 9.9982E-05 0.0749109 0.0927105 0.266713 0.081518 0.00188523
0.0289471 0.439664 9.9991E-05 0.0156766 0.0919206 0.295865 0.122419 0.00540679
0.064867 0.291463 9.9991E-05 0.069934 0.0096134 0.447973 0.0927042 0.0233447
0.0109473 0.198867 9.9991E-05 0.0929636 0.0419491 0.581242 0.0735759 0.000354959
9.9982E-05 0.30323 9.9982E-05 0.0884146 0.0710788 0.450287 0.0392232 0.0475667
0.0636303 0.419758 9.9982E-05 0.130609 9.9982E-05 0.291271 0.0715884 0.0229432
0.0117137 0.681496 9.9973E-05 0.154656 0.0960134 0.055821 9.9973E-05 9.9973E-05
0.0173821 0.330566 9.9982E-05 0.0906288 0.0629407 0.464502 0.0337805 9.9982E-05
9.999E-05 0.183832 0.0750119 0.20679 0.0462397 0.452227 0.0295722 0.00622748
0.00669361 0.223814 0.00631404 0.0111993 0.137214 0.565779 0.0112688 0.037717
0.0189881 0.423585 9.9991E-05 0.136813 0.110948 0.242099 0.0527783 0.0146886
0.0870042 0.112545 0.0170895 0.0313942 9.9982E-05 0.678882 0.0728855 9.9982E-05
0.0637429 0.259781 9.9973E-05 0.0400684 0.0389202 0.597188 9.9973E-05 9.9973E-05
0.0448571 0.505365 9.9991E-05 0.0646104 0.0973047 0.269665 0.0136639 0.00443434
0.0323925 0.436963 9.9982E-05 0.0849186 0.0845903 0.289424 0.0715116 9.9982E-05
0.00233919 0.475868 9.9973E-05 0.171787 0.0926702 0.257036 9.9973E-05 9.9973E-05
9.994E-05 9.994E-05 9.994E-05 9.994E-05 9.994E-05 9.994E-05 9.994E-05 0.9993
9.994E-05 9.994E-05 9.994E-05 9.994E-05 9.994E-05 9.994E-05 9.994E-05 0.9993
0.486467 9.99651E-05 9.99651E-05 9.99651E-05 9.99651E-05 0.0642173 0.0857297 0.363186
0.49549 9.9964E-05 9.9964E-05 9.9964E-05 9.9964E-05 0.125823 0.0839611 0.294326
0.0617976 0.0743299 9.9982E-05 0.126802 0.221238 0.495047 9.9982E-05 0.0205857
0.068187 0.0575924 0.0280152 0.00365507 0.264917 0.520275 0.0312779 0.0260803
0.0294538 9.9982E-05 0.026266 9.9982E-05 0.396978 0.520186 0.00545786 0.021459
0.0301352 0.644104 0.00811774 9.9991E-05 0.117476 0.171184 0.0178787 0.0110044
9.9982E-05 9.9982E-05 0.0289677 0.123106 0.596929 0.237866 0.00163157 0.0112992
0.0813171 0.092631 9.9973E-05 9.9973E-05 0.248185 0.534031 9.9973E-05 0.0435352
0.030482 0.0100588 0.0150234 9.9982E-05 0.250927 0.675422 9.9982E-05 0.0178868
0.0361602 0.084589 9.9982E-05 0.244327 0.0484149 0.562338 9.9982E-05 0.0239705
0.0525233 0.140122 0.027676 0.0706897 0.0316809 0.633519 0.00632719 0.0374617
0.0232846 0.178574 9.9964E-05 9.9964E-05 0.641718 0.156024 9.9964E-05 9.9964E-05
0.030146 0.0168134 0.0146156 0.27522 9.9982E-05 0.656515 9.9982E-05 0.0064899
0.06947 0.0359591 0.0479661 9.9991E-05 0.234155 0.536814 0.0679198 0.00761663
0.0736271 0.0230234 0.0241939 0.132216 0.068135 0.595365 0.0604557 0.0229844
9.9973E-05 9.9973E-05 0.0840478 0.0203137 0.574559 0.311386 0.0093937 9.9973E-05
0.0850411 0.00497129 9.9982E-05 9.9982E-05 0.292709 0.582956 0.00273988 0.0313827
0.090284 0.0257564 0.0451387 0.0219257 0.211788 0.516721 0.0519403 0.0364465
9.9955E-05 9.9955E-05 0.00564806 0.339627 0.654225 9.9955E-05 9.9955E-05 9.9955E-05
9.9973E-05 0.598472 0.0156794 0.0974881 0.112003 0.176057 9.9973E-05 9.9973E-05
0.00186794 0.24031 0.120788 0.297341 0.134275 0.16018 0.045138 9.9991E-05
0.00683768 0.124028 0.147963 0.0602474 0.0162707 0.508372 0.0864042 0.0498773
0.06164 0.113644 0.0521498 0.116888 0.0243263 0.588228 0.0430237 9.9991E-05
0.081035 0.0720177 0.039245 0.102052 0.0507046 0.617175 0.0224969 0.0152738
0.0812972 0.486591 0.000576249 0.0850396 0.0616585 0.237866 9.9991E-05 0.0468716
9.999E-05 0.332759 0.0103372 0.0139061 0.0803372 0.543127 0.000711381 0.0187215
0.0504908 0.1152 0.0103035 0.029258 0.12639 0.581372 0.0496344 0.0373522
0.0656791 0.285401 0.0817511 0.0566382 0.0910754 0.391812 0.0146024 0.0130399
0.14329 0.472027 9.9991E-05 0.138311 0.069845 0.169826 0.00306177 0.00353884
0.0327929 0.192686 0.0389861 0.0633529 0.0369093 0.545662 0.0676185 0.0219917
0.0775406 0.215708 0.0589724 0.028621 0.105562 0.455936 0.0425439 0.0151165
0.0273797 0.588464 0.0211625 0.125237 0.102375 0.089837 9.9991E-05 0.0454443
9.9973E-05 0.38985 0.0731821 9.9973E-05 0.070729 0.446522 9.9973E-05 0.019417
0.0256397 0.107247 0.12306 0.050535 0.0824156 0.57356 0.0336186 0.00392457
0.0200912 0.173842 0.044654 0.0667253 0.00751789 0.628147 9.9991E-05 0.058923
0.0148832 0.396766 9.9991E-05 0.0877088 0.113277 0.270804 0.0480449 0.068416
9.9991E-05 0.220884 0.00812969 0.116791 0.0818425 0.505707 0.0250732 0.0414736
0.0231932 0.220313 0.030894 0.046809 0.0831409 0.572719 9.9991E-05 0.0228304
9.9982E-05 0.516125 9.9982E-05 0.1278 0.0761993 0.2409 0.00923331 0.0295421
0.0207119 0.0339113 9.9973E-05 9.9973E-05 0.449668 0.490678 9.9973E-05 0.00473093
0.00479624 0.0920355 9.9982E-05 9.9982E-05 0.696459 0.192257 0.00609628 0.00815609
0.100417 0.0820702 0.0408257 9.9991E-05 0.241177 0.503763 0.0116067 0.0200405
9.9955E-05 9.9955E-05 0.0542044 0.0757198 0.869576 9.9955E-05 9.9955E-05 9.9955E-05
9.9955E-05 9.9955E-05 0.0198927 0.117676 0.861932 9.9955E-05 9.9955E-05 9.9955E-05
9.9964E-05 9.9964E-05 0.0128485 0.0377077 0.715455 0.233589 9.9964E-05 9.9964E-05
0.00950398 0.109905 9.9973E-05 9.9973E-05 0.407232 0.444211 9.9973E-05 0.0288476
0.146938 9.9991E-05 0.0203772 0.0601221 0.155057 0.53713 0.0633439 0.0169322
9.9973E-05 9.9973E-05 0.0387667 0.00201643 0.480768 0.469513 9.9973E-05 0.00863601
0.0715015 0.167121 9.9973E-05 9.9973E-05 0.613675 0.144704 9.9973E-05 0.00269814
0.0076726 0.144287 0.0117046 9.9982E-05 0.549508 0.266188 9.9982E-05 0.0204403
0.0516527 0.0827657 9.9982E-05 9.9982E-05 0.291959 0.471603 0.0840696 0.0177495
0.0288762 0.0687704 9.9973E-05 9.9973E-05 0.548671 0.35242 0.000961943 9.9973E-05
9.9964E-05 0.0790738 9.9964E-05 9.9964E-05 0.447606 0.417649 9.9964E-05 0.0552721
0.0063901 9.9982E-05 0.040247 0.0858238 0.428638 0.438071 9.9982E-05 0.000630039
9.9955E-05 9.9955E-05 0.110139 0.213644 0.675717 9.9955E-05 9.9955E-05 9.9955E-05
0.0327836 0.0409002 0.0432461 0.0289509 0.257319 0.550868 0.0301073 0.0158244
0.789719 0.0718532 9.9964E-05 9.9964E-05 9.9964E-05 0.0744367 9.9964E-05 0.0635909
0.863344 9.9955E-05 9.9955E-05 9.9955E-05 9.9955E-05 0.0714009 9.9955E-05 0.0647549
0.837087 9.9964E-05 9.9964E-05 9.9964E-05 9.9964E-05 0.126509 0.0124595 0.0235445
0.892126 9.9964E-05 9.9964E-05 9.9964E-05 9.9964E-05 0.0309088 0.0415871 0.0349782
0.928368 9.9964E-05 0.00664484 9.9964E-05 9.9964E-05 9.9964E-05 0.0262645 0.0383232
0.862199 9.9964E-05 9.9964E-05 9.9964E-05 9.9964E-05 0.0813542 0.043726 0.0123212
0.896325 9.9955E-05 9.9955E-05 9.9955E-05 9.9955E-05 0.086864 9.9955E-05 0.0163109
0.0660647 0.0795733 0.0260039 0.0217716 0.232306 0.531573 0.0276639 0.0150435
0.0650949 0.0894623 0.0484959 0.0470974 0.151209 0.519162 0.0225533 0.0569252
0.0575178 0.199356 9.9964E-05 9.9964E-05 0.721034 0.0216921 9.9964E-05 9.9964E-05
0.0423678 0.0900956 0.101951 0.00474271 0.159696 0.574728 0.00743854 0.0189799
0.0216316 0.112654 9.9973E-05 9.9973E-05 0.480385 0.364963 9.9973E-05 0.0200668
0.0307161 0.0242201 9.9973E-05 9.9973E-05 0.377223 0.529227 9.9973E-05 0.0383142
0.00413979 0.0107748 0.0953515 0.0610208 0.242502 0.548734 0.0236393 0.0138377
0.02747 9.9982E-05 0.0415247 9.9982E-05 0.39943 0.458916 0.0561692 0.0162898
0.0471105 0.268371 9.9973E-05 9.9973E-05 0.677573 0.00562305 9.9973E-05 0.00102236
0.0884605 0.116676 0.0555162 0.0229053 0.150063 0.499323 0.0374404 0.0296162
0.114359 0.0463271 9.9991E-05 0.0236132 0.160734 0.617336 0.0275936 0.00993688
0.126561 0.0522479 0.0531587 0.0227154 0.104035 0.596698 0.0131602 0.0314238
9.9982E-05 0.00745788 0.0352096 0.164399 0.522002 0.243432 9.9982E-05 0.0272999
0.00874537 9.9964E-05 0.0972999 9.9964E-05 0.406764 0.486791 9.9964E-05 9.9964E-05
0.00770452 0.120383 9.9964E-05 9.9964E-05 0.386853 0.48466 9.9964E-05 9.9964E-05
9.9973E-05 9.9973E-05 0.0918385 0.000513456 0.542103 0.361313 0.00393199 9.9973E-05
0.0461389 0.109175 9.9973E-05 9.9973E-05 0.426926 0.403725 9.9973E-05 0.0137349
0.084398 0.0723044 0.0398497 0.00557945 0.214576 0.507075 0.0399018 0.036316
9.9991E-05 0.379315 0.160079 0.121565 0.0253198 0.259652 0.0445937 0.0093758
0.0503632 0.360257 0.00494265 0.112032 0.0132993 0.458905 9.9982E-05 9.9982E-05
0.0735025 0.24058 0.00208539 0.0682225 9.9991E-05 0.527058 0.0859838 0.0024683
0.0773636 0.11827 0.0585024 0.0387321 0.0337681 0.591948 0.0524199 0.0289962
9.9991E-05 0.417943 0.0220545 0.00710058 0.0172016 0.500234 0.0119808 0.0233854
0.026565 0.234739 0.058062 0.032892 0.018919 0.584533 0.0441898 9.9991E-05
0.061491 0.388014 0.0651182 0.0083124 0.00318467 0.47368 9.9982E-05 9.9982E-05
0.0225251 0.154152 0.0961629 0.11246 0.0205142 0.500372 0.0369348 0.0568788
0.0662646 0.188274 0.0922383 9.9982E-05 9.9982E-05 0.585126 0.0376499 0.0302467
0.00709791 0.29907 0.0410437 0.0520635 9.9982E-05 0.579871 9.9982E-05 0.0206541
0.0138187 0.29432 0.0157956 0.0347619 0.0236542 0.599774 9.9991E-05 0.0177754
0.0638631 0.143286 0.103042 0.0465865 9.9982E-05 0.597461 0.0455625 9.9982E-05
0.0516 0.104964 0.0532751 0.123861 9.9991E-05 0.585656 0.0415193 0.0390242
9.9991E-05 0.175428 0.0854239 0.0746796 0.0580381 0.532324 0.0733688 0.000637186
0.0706338 0.137072 0.101135 0.0445181 0.0163561 0.569812 0.0324709 0.0280031
0.0406856 0.146323 0.128556 0.0333601 0.0281792 0.553094 0.0697017 9.9991E-05
0.00706387 0.263137 0.108911 0.212399 9.9991E-05 0.325572 0.0575927 0.0252243
0.0564904 0.136591 0.117207 0.0287374 0.0237751 0.607015 0.030084 9.9991E-05
0.00344422 0.160412 0.132772 0.0226282 9.9991E-05 0.633392 0.0218857 0.0253664
0.009959 0.599587 0.00846044 0.0211342 0.0940823 0.252548 0.0141292 9.9991E-05
9.9982E-05 0.315595 0.214704 0.225393 0.0652904 0.142789 0.0360294 9.9982E-05
0.039432 0.209392 0.0710575 0.0623066 0.0847604 0.528185 9.9991E-05 0.00476638
9.9982E-05 0.324778 0.24754 0.244035 0.110196 0.0690387 0.00421259 9.9982E-05
9.9982E-05 0.49792 0.0564698 0.028429 0.0476361 0.349302 9.9982E-05 0.0200432
9.9964E-05 0.435985 0.0248643 9.9964E-05 0.0647754 0.473975 9.9964E-05 9.9964E-05
9.9982E-05 0.507127 0.00364288 0.0233258 0.079109 0.377616 9.9982E-05 0.00897914
9.9973E-05 0.508508 0.0577055 0.0154214 0.053177 0.364888 9.9973E-05 9.9973E-05
0.0737005 0.191287 0.0269727 0.022226 0.043594 0.611827 9.9991E-05 0.0302931
0.110241 0.129943 0.114152 0.0406311 0.0111149 0.53634 0.0574776 9.9991E-05
0.0650431 0.216559 0.0759321 9.9982E-05 0.0729967 0.552161 0.017108 9.9982E-05
9.9982E-05 0.391813 0.134663 0.184324 0.1004 0.177668 0.0109329 9.9982E-05
0.172186 0.0634317 0.0668273 0.0459337 0.117279 0.503163 0.031079 9.9991E-05
0.0442871 0.0619014 0.108728 0.18674 0.0570378 0.46596 0.0492171 0.0261278
0.0594799 0.0999727 0.105229 0.60929 0.125728 9.9973E-05 9.9973E-05 9.9973E-05
0.0562121 0.0281644 0.0466201 0.127021 0.0469227 0.65398 0.0262769 0.0148027
0.058527 0.0623357 0.086775 0.32284 0.139467 0.302544 0.0189846 0.0085263
0.0670038 0.0564554 0.0811317 0.200835 0.00110572 0.511568 0.0394284 0.0424721
9.9982E-05 0.158965 0.0515092 0.458883 0.066021 0.25478 9.9982E-05 0.00964159
9.9982E-05 0.136362 0.116109 0.525813 0.112444 0.0921069 9.9982E-05 0.0169659
0.00686282 0.11425 0.0934244 0.286459 0.0645719 0.40686 0.0146862 0.0128853
0.0390183 0.125185 0.0656363 0.116333 0.082393 0.472241 0.083065 0.0161289
0.117975 0.11559 0.0390364 0.164097 0.0542414 0.436208 0.0192913 0.0535608
0.0105366 0.102237 0.140259 0.376413 0.203057 0.106266 0.0494472 0.0117837
0.0857523 0.0950774 0.0804448 0.0477029 0.0791586 0.544781 0.048183 0.0189003
9.9973E-05 0.096069 0.107382 0.384615 0.0981013 0.313533 9.9973E-05 9.9973E-05
9.9973E-05 0.102106 0.140043 0.244249 0.0573893 0.455913 9.9973E-05 9.9973E-05
0.0563565 0.0896191 0.0477001 0.178312 9.9982E-05 0.541613 0.0861989 9.9982E-05
0.297902 0.00312904 9.9982E-05 0.262713 9.9982E-05 0.166267 0.22561 0.0441795
0.40928 9.9955E-05 9.9955E-05 0.457583 9.9955E-05 9.9955E-05 0.132636 9.9955E-05
0.378753 9.9964E-05 9.9964E-05 0.487996 9.9964E-05 9.9964E-05 0.124943 0.00790803
0.309133 9.9982E-05 9.9982E-05 0.31814 0.000301642 0.116189 0.243036 0.0130001
9.9982E-05 0.0547073 0.0920678 0.207666 0.0334557 0.597322 9.9982E-05 0.0145807
0.0488444 9.9991E-05 0.0458066 0.160064 0.10285 0.567327 0.0619233 0.0130846
9.9964E-05 0.00385571 9.9964E-05 9.9964E-05 9.9964E-05 0.314485 0.672203 0.00905575
0.0184703 0.0732404 9.9982E-05 9.9982E-05 0.0579606 0.394167 0.433021 0.022941
0.0250249 0.0871916 9.9982E-05 9.9982E-05 0.0916035 0.37662 0.381046 0.0383142
9.9973E-05 0.0420399 0.154759 0.458754 0.0561656 0.287982 9.9973E-05 9.9973E-05
0.0433899 0.127999 0.0369992 0.164011 0.0703856 0.482792 0.0355701 0.0388533
9.9973E-05 0.0780882 0.0970528 0.512855 0.0354877 0.276216 9.9973E-05 9.9973E-05
0.0531587 9.9973E-05 0.0414936 0.251897 0.0435468 0.609604 9.9973E-05 9.9973E-05
0.0233563 0.00359185 0.143593 0.30434 0.0242949 0.496126 9.9991E-05 0.00459794
9.9964E-05 9.9964E-05 0.0379825 0.350474 0.0230474 0.588096 9.9964E-05 9.9964E-05
9.9973E-05 0.0203561 0.0660135 0.591947 0.0898578 0.231526 9.9973E-05 9.9973E-05
0.0357728 9.9991E-05 0.0305394 0.178291 0.060043 0.663918 0.0191309 0.0122054
0.0899162 0.040596 0.082425 0.154519 0.00991577 0.622429 9.9982E-05 9.9982E-05
9.9955E-05 0.0126666 9.9955E-05 9.9955E-05 9.9955E-05 0.0228817 0.963952 9.9955E-05
9.9964E-05 0.00170097 0.0355141 9.9964E-05 9.9964E-05 0.0649845 0.897401 9.9964E-05
0.0790485 0.03626 0.00353288 9.9991E-05 0.0543317 0.279887 0.531946 0.0148938
9.9973E-05 0.0136034 0.0145713 9.9973E-05 9.9973E-05 0.342215 0.618819 0.0104907
9.9973E-05 0.0470387 9.9973E-05 9.9973E-05 0.00886475 0.140099 0.803249 0.000448532
9.994E-05 9.994E-05 9.994E-05 9.994E-05 9.994E-05 9.994E-05 0.9993 9.994E-05
9.9955E-05 0.0385397 0.00346238 9.9955E-05 9.9955E-05 9.9955E-05 0.957498 9.9955E-05
9.9946E-05 9.9946E-05 9.9946E-05 9.9946E-05 9.9946E-05 0.173065 0.826335 9.9946E-05
9.9973E-05 0.0493644 9.9973E-05 9.9973E-05 0.00872895 0.0028982 0.927752 0.010957
9.994E-05 9.994E-05 9.994E-05 9.994E-05 9.994E-05 9.994E-05 0.9993 9.994E-05
9.994E-05 9.994E-05 9.994E-05 9.994E-05 9.994E-05 9.994E-05 0.9993 9.994E-05
0.00679083 0.0152641 9.9982E-05 9.9982E-05 0.00646012 0.215797 0.747005 0.00848277
0.0403697 0.0331021 9.9982E-05 9.9982E-05 0.0407525 0.0947703 0.784082 0.00672288
9.994E-05 9.994E-05 9.994E-05 9.994E-05 9.994E-05 9.994E-05 0.9993 9.994E-05
0.0835849 0.0972871 9.9991E-05 0.029568 0.0412165 0.339007 0.398288 0.0109483
0.0223919 0.00194367 0.0469974 0.00698101 0.0247803 0.260023 0.626193 0.0106899
0.0446516 9.9964E-05 9.9964E-05 9.9964E-05 9.9964E-05 0.150737 0.800914 0.00329749
9.9946E-05 9.9946E-05 9.9946E-05 9.9946E-05 9.9946E-05 0.102684 0.896716 9.9946E-05
9.994E-05 9.994E-05 9.994E-05 9.994E-05 9.994E-05 9.994E-05 0.9993 9.994E-05
9.9955E-05 9.9955E-05 9.9955E-05 9.9955E-05 9.9955E-05 0.0525123 0.942118 0.00486988
9.9946E-05 9.9946E-05 9.9946E-05 9.9946E-05 9.9946E-05 9.9946E-05 0.990906 0.00849434
0.0413188 0.00408385 0.0179195 9.9991E-05 0.064421 0.233091 0.623444 0.0156212
9.9955E-05 9.9955E-05 9.9955E-05 9.9955E-05 0.0174922 9.9955E-05 0.962701 0.0193075
0.241666 9.9964E-05 0.0289975 0.693443 9.9964E-05 9.9964E-05 0.0354937 9.9964E-05
0.174535 0.0483098 0.00444661 0.309318 9.9991E-05 0.374701 0.0767384 0.011852
0.11886 9.9982E-05 0.038806 0.325509 9.9982E-05 0.470802 0.031112 0.014711
0.141152 9.9973E-05 9.9973E-05 0.517884 9.9973E-05 0.234284 0.0880099 0.0183702
0.0973396 0.0644218 9.9991E-05 0.230667 0.0628861 0.391662 0.131501 0.0214226
0.153333 9.9973E-05 9.9973E-05 0.575725 9.9973E-05 0.14139 0.127832 0.00141975
0.144113 0.0989576 9.9982E-05 0.191831 0.0491842 0.429107 0.0866062 9.9982E-05
0.130435 9.9973E-05 9.9973E-05 0.408181 9.9973E-05 0.326561 0.116709 0.0178134
0.0976279 0.0187394 9.9982E-05 0.257638 9.9982E-05 0.46234 0.115078 0.0483758
0.120279 9.9982E-05 9.9982E-05 0.323605 0.0336769 0.392835 0.108542 0.0208622
0.185864 0.00901765 0.032428 0.190749 0.045256 0.429915 0.102303 0.00446753
0.897748 9.9973E-05 9.9973E-05 0.0205169 0.00180987 0.0735505 9.9973E-05 0.00607453
0.87631 9.9982E-05 0.0284465 0.00988098 0.0105412 9.9982E-05 0.059746 0.0148751
0.917044 0.0155101 0.000790129 9.9973E-05 9.9973E-05 0.0351017 9.9973E-05 0.0312542
0.96567 9.9955E-05 9.9955E-05 0.0247088 0.00912111 9.9955E-05 9.9955E-05 9.9955E-05
0.854274 0.0037948 9.9973E-05 0.0211988 9.9973E-05 0.0721701 9.9973E-05 0.0482626
0.947511 9.9973E-05 0.00125294 9.9973E-05 9.9973E-05 0.00457312 0.003081 0.0432818
0.88175 0.00641896 9.9973E-05 9.9973E-05 9.9973E-05 0.0464117 0.00833257 0.0567868
0.902574 0.0359994 0.0316696 9.9964E-05 9.9964E-05 9.9964E-05 9.9964E-05 0.0293568
0.868337 9.9982E-05 9.9982E-05 0.0164108 0.0350741 0.0280198 0.0309667 0.0209915
0.877312 9.9973E-05 0.00770734 0.0462154 9.9973E-05 0.0239611 9.9973E-05 0.0445048
0.599248 0.283254 9.9964E-05 0.0726697 0.0444281 9.9964E-05 9.9964E-05 9.9964E-05
0.575337 0.3359 9.9973E-05 0.0643185 0.00176513 9.9973E-05 9.9973E-05 0.0223798
0.525166 0.319479 9.9973E-05 0.0851685 0.0641746 9.9973E-05 9.9973E-05 0.00571212
0.454334 0.40164 9.9964E-05 0.106133 0.0374925 9.9964E-05 9.9964E-05 9.9964E-05
0.0137775 0.141387 9.9991E-05 0.0472821 0.261136 0.49541 0.00680242 0.0341052
0.0393736 0.110398 0.0491458 9.9991E-05 0.297784 0.438244 0.0500988 0.0148555
0.0531268 0.185386 0.0145978 9.9991E-05 0.184594 0.542699 0.0185546 0.000941574
9.9982E-05 0.32141 0.00463967 0.000869506 0.29197 0.361141 9.9982E-05 0.0197693
9.9964E-05 0.617007 9.9964E-05 0.0462446 0.0877075 0.248641 9.9964E-05 9.9964E-05
0.0455705 0.0308533 0.0416672 0.0246394 0.20701 0.630614 0.00992021 0.00972555
9.9973E-05 0.0831758 0.040477 9.9973E-05 0.279563 0.579405 0.0170787 9.9973E-05
9.9991E-05 0.0368679 0.114044 0.0539279 0.26288 0.516138 0.0104209 0.0056215
9.9964E-05 9.9964E-05 0.0717049 0.0104381 0.544006 0.373451 9.9964E-05 9.9964E-05
0.0416484 0.0680705 0.0505199 0.0249191 0.120862 0.615328 0.0406746 0.0379781
9.9964E-05 0.0927202 9.9964E-05 9.9964E-05 0.450119 0.415892 9.9964E-05 0.0408693
9.9955E-05 9.9955E-05 0.107486 0.0870917 0.804922 9.9955E-05 9.9955E-05 9.9955E-05
0.0668222 0.13906 0.041235 0.00576024 0.155398 0.550281 0.0413431 9.9991E-05
9.9964E-05 9.9964E-05 0.0538547 0.139675 0.652413 0.153657 9.9964E-05 9.9964E-05
0.00188607 0.0233539 0.0530491 9.9991E-05 0.390975 0.46788 0.0241009 0.0386542
0.00612969 0.201469 9.9964E-05 9.9964E-05 0.656417 0.135584 9.9964E-05 9.9964E-05
0.143024 0.791959 9.9955E-05 0.0645172 9.9955E-05 9.9955E-05 9.9955E-05 9.9955E-05
0.119513 0.751616 0.0279482 0.0477556 9.9973E-05 0.052867 9.9973E-05 9.9973E-05
0.119613 0.77103 9.9982E-05 0.0351283 0.0291542 0.0401789 9.9982E-05 0.00469499
0.111514 0.82124 9.9964E-05 0.0600165 0.00682944 9.9964E-05 9.9964E-05 9.9964E-05
0.0521678 0.797887 9.9964E-05 0.0431723 9.9964E-05 0.106373 9.9964E-05 9.9964E-05
0.0641607 0.759644 9.9982E-05 0.06099 9.9982E-05 0.093129 0.0157066 0.00616953
0.8475 9.9973E-05 9.9973E-05 9.9973E-05 0.0404702 0.035096 0.056781 0.0198525
0.791179 0.0201901 9.9982E-05 9.9982E-05 0.0187099 0.120924 0.0306362 0.0181608
0.751388 0.00484787 9.9991E-05 0.0215844 0.00119805 0.158594 0.0231471 0.0391407
0.81389 9.9955E-05 9.9955E-05 9.9955E-05 0.0863479 9.9955E-05 0.0992619 9.9955E-05
0.782339 9.9982E-05 9.9982E-05 0.00194447 0.00173314 0.156136 0.0364913 0.0211554
0.368507 0.531718 9.9964E-05 0.0644901 9.9964E-05 9.9964E-05 9.9964E-05 0.0348849
0.396678 0.483665 0.0391512 0.0495069 9.9973E-05 9.9973E-05 9.9973E-05 0.0306988
0.420102 0.492871 0.0498293 9.9982E-05 9.9982E-05 0.00580415 0.0110975 0.020096
9.994E-05 9.994E-05 9.994E-05 9.994E-05 9.994E-05 9.994E-05 9.994E-05 0.9993
0.358425 0.523441 0.0508596 0.0149098 0.00505331 9.9982E-05 9.9982E-05 0.0471109
0.283048 9.9982E-05 0.00694213 0.177231 9.9982E-05 0.271585 0.255882 0.00511135
0.145995 9.9982E-05 9.9982E-05 0.0714101 0.0530509 0.561305 0.142198 0.0258413
0.203381 9.9973E-05 9.9973E-05 0.0143945 9.9973E-05 0.544266 0.232098 0.00556014
0.270497 9.9964E-05 9.9964E-05 0.16869 9.9964E-05 0.294993 0.265421 9.9964E-05
0.177298 0.135251 0.0274764 0.0349762 0.0289543 0.445195 0.131201 0.0196477
0.378707 9.9964E-05 9.9964E-05 0.283885 9.9964E-05 9.9964E-05 0.306505 0.0305028
9.9982E-05 0.357899 0.0476885 0.0664634 0.0523869 0.461575 9.9982E-05 0.013787
9.9973E-05 0.191308 0.199329 0.124841 0.0473837 0.436838 9.9973E-05 9.9973E-05
9.9973E-05 0.543727 0.0193525 0.0602074 0.0880897 0.288323 9.9973E-05 9.9973E-05
9.9973E-05 0.187013 0.186166 0.0827261 0.00704723 0.536748 9.9973E-05 9.9973E-05
9.9964E-05 0.334137 0.308858 0.309696 0.046908 9.9964E-05 9.9964E-05 9.9964E-05
0.0185792 0.185221 9.9991E-05 0.119086 0.0182889 0.578161 0.0334388 0.047126
0.00146272 0.151643 0.148738 0.0876795 0.0404631 0.53762 0.032293 9.9991E-05
0.00352833 0.466641 0.0102062 0.0947667 0.0499231 0.36329 9.9991E-05 0.0115455
0.0977447 0.171846 0.0132736 0.045888 0.0895693 0.533881 0.0443743 0.00342244
9.9973E-05 0.31133 0.163644 0.266983 0.115025 0.142717 9.9973E-05 9.9973E-05
9.9973E-05 0.172215 0.0788993 0.130296 0.061216 0.557074 9.9973E-05 9.9973E-05
0.0302863 0.311851 0.0462996 0.0225233 0.0700221 0.518818 9.9982E-05 9.9982E-05
0.0981541 0.0711679 0.0987382 0.118596 0.0506246 0.440554 0.122066 9.9991E-05
9.9982E-05 0.285439 0.108586 0.149655 0.121008 0.308548 0.0265643 9.9982E-05
9.9982E-05 0.2154 0.119093 0.172787 0.06027 0.427344 0.00490723 9.9982E-05
9.9973E-05 0.175503 0.123992 0.0917073 0.0296462 0.578852 9.9973E-05 9.9973E-05
9.9982E-05 0.165282 0.122576 0.137204 0.0524734 0.51621 9.9982E-05 0.00605442
0.0100066 0.139043 0.0581015 0.00786846 0.054167 0.63464 0.0668077 0.0293659
0.077622 0.151307 0.0930595 0.0281631 0.0227326 0.549205 0.0564264 0.0214846
0.0465979 0.128014 0.0717853 0.0454786 0.123942 0.556691 0.0103003 0.0171911
0.839276 9.9964E-05 9.9964E-05 9.9964E-05 9.9964E-05 0.107934 0.0325056 0.0198845
0.875789 9.9946E-05 9.9946E-05 9.9946E-05 9.9946E-05 0.123611 9.9946E-05 9.9946E-05
0.855525 0.0246893 9.9973E-05 9.9973E-05 0.0133731 0.0513818 9.9973E-05 0.054731
0.882191 0.00195987 0.0243983 9.9991E-05 0.00149264 0.0135708 0.0577025 0.0185852
0.882962 9.9955E-05 9.9955E-05 9.9955E-05 9.9955E-05 0.0909697 9.9955E-05 0.0255685
0.00995288 0.633707 9.9991E-05 0.0797081 0.106058 0.118474 0.0499825 0.0020174
0.0240242 0.199403 0.115762 0.0508061 9.9982E-05 0.599558 0.0102478 9.9982E-05
0.226799 0.00190858 0.0565608 0.115461 9.9982E-05 0.386211 0.212859 9.9982E-05
9.9982E-05 0.228167 0.0439718 9.9982E-05 0.0430871 0.626892 0.0266194 0.0310637
0.0303905 0.352609 9.9982E-05 9.9982E-05 0.0655844 0.534772 0.00565543 0.010788
9.9982E-05 0.327962 0.154873 0.207176 0.0518575 0.245336 9.9982E-05 0.0125968
0.049762 0.736575 0.0171983 0.0539325 0.0888329 0.0283891 9.9991E-05 0.0252104
0.04413 0.355596 9.9991E-05 0.00976776 0.0739274 0.488612 0.0163051 0.0115613
0.038743 0.588594 0.0678985 9.9991E-05 0.0118721 0.213407 0.0782148 0.0011707
0.0036132 0.196077 0.0557072 0.1515 0.0720003 0.483062 0.0379406 9.9991E-05
0.0601844 0.625908 0.063245 0.0570741 9.9973E-05 0.193289 9.9973E-05 9.9973E-05
0.0429353 0.258675 0.0405561 0.0316601 0.00388243 0.525845 0.0845165 0.0119297
9.9991E-05 0.57365 0.00345331 0.0801925 0.116766 0.154707 0.0180375 0.0530933
9.9982E-05 0.296491 0.0795153 0.152523 0.115112 0.246682 0.109477 9.9982E-05
0.0200246 0.0644812 0.092346 0.1907 0.0604638 0.53109 0.00750385 0.0333907
9.9973E-05 0.103492 0.0945502 0.429681 0.0763235 0.295654 9.9973E-05 9.9973E-05
0.0422785 0.0130394 0.0650583 0.32039 9.9973E-05 0.558934 9.9973E-05 9.9973E-05
0.0589475 0.0765633 0.0322658 0.22696 9.9982E-05 0.592197 9.9982E-05 0.0128662
9.9973E-05 0.0480001 0.042645 0.547267 0.0724005 0.289387 9.9973E-05 9.9973E-05
0.0819376 0.073895 0.0827785 0.127709 0.0699024 0.489948 0.0659635 0.00786572
9.9982E-05 0.0401931 0.0918479 0.265435 0.0924624 0.499308 9.9982E-05 0.010553
9.9973E-05 0.0192827 0.162009 0.565575 0.115633 0.137201 9.9973E-05 9.9973E-05
9.9973E-05 0.0465117 0.056265 0.631672 0.0416338 0.223618 9.9973E-05 9.9973E-05
9.9982E-05 0.0805121 0.0400749 0.35475 0.0359363 0.475713 9.9982E-05 0.0128136
9.9973E-05 0.0271755 0.0671853 0.609725 0.221694 0.0739202 9.9973E-05 9.9973E-05
9.9973E-05 0.112555 0.0370327 0.346293 0.0717269 0.432092 9.9973E-05 9.9973E-05
9.9973E-05 0.701786 0.0392382 9.9973E-05 0.0891032 0.128588 0.0409853 9.9973E-05
9.9982E-05 0.377313 0.297611 0.0158755 0.0450994 0.175766 0.0881347 9.9982E-05
0.020699 0.428122 0.0239236 9.9991E-05 0.0408294 0.416059 0.0407359 0.0295301
0.0425954 0.23121 0.0534754 0.0124462 0.0535077 0.583001 0.0236639 9.9991E-05
9.9964E-05 0.600167 9.9964E-05 9.9964E-05 0.151104 0.207712 0.0406172 9.9964E-05
0.0638271 0.151089 0.0658076 0.102395 0.0595794 0.511054 0.0285053 0.0177423
0.060024 0.261902 0.0389128 9.9991E-05 0.0208205 0.537036 0.0507148 0.0304894
9.9991E-05 0.229492 0.103317 0.0259478 0.0837147 0.485453 0.0516337 0.0203415
0.00376018 0.275268 0.12284 9.9991E-05 0.031587 0.498554 0.0646551 0.00323641
9.9982E-05 0.426872 0.00478677 9.9982E-05 0.0422504 0.469617 0.0545034 0.00177007
9.9982E-05 0.519719 0.0201753 9.9982E-05 0.155278 0.269878 0.0058126 0.0289372
9.9973E-05 0.43531 0.0244038 9.9973E-05 0.0589742 0.429721 0.051291 9.9973E-05
9.9973E-05 0.253947 0.106722 0.039311 9.9973E-05 0.560658 0.0390613 9.9973E-05
0.0138427 0.1935 0.0676867 0.0831201 0.0229037 0.510386 0.108461 9.9991E-05
0.0176828 0.290717 0.0821127 0.117879 0.0765106 0.309885 0.097174 0.00803945
9.9991E-05 0.239161 0.116027 0.0228972 0.0656518 0.456453 0.0929131 0.00679642
0.00968587 0.454836 0.0314701 9.9991E-05 0.0532349 0.395364 0.0495125 0.00579649
0.0394127 0.303124 0.0521695 9.9982E-05 0.0141333 0.557564 0.033396 9.9982E-05
0.0293258 0.312121 0.079202 9.9982E-05 0.0625642 0.444556 0.0720314 9.9982E-05
0.0659216 0.222657 0.0764974 0.03718 0.0176351 0.530088 0.0325696 0.0174516
0.327456 0.00915132 9.9991E-05 0.0662573 0.0128292 0.466008 0.109837 0.0083614
0.123477 0.0106247 0.0392588 0.118169 0.0183823 0.542504 0.145064 0.00252082
0.137862 0.0461866 0.0774961 0.106337 0.0386465 0.432919 0.127397 0.0331553
0.0511965 0.116973 0.0392482 0.0975971 9.9991E-05 0.509901 0.152256 0.0327281
0.205571 0.000522425 0.0241081 0.107954 0.0265354 0.447874 0.187335 9.9991E-05
9.9973E-05 0.182473 0.226419 0.111868 0.00857435 0.470366 9.9973E-05 9.9973E-05
0.152396 0.0276871 0.0292139 0.123985 0.0437384 0.506104 0.0927597 0.0241165
0.184945 0.0911887 0.0756145 0.385161 0.0468586 0.0258233 0.190308 9.9991E-05
0.0753693 0.0574272 0.0336458 0.162087 9.9991E-05 0.555607 0.112989 0.00277491
0.172001 0.00176806 0.0582162 0.041496 0.062222 0.538132 0.123964 0.00220197
0.0918634 0.0369619 0.0716026 0.0562092 0.0502962 0.556514 0.114724 0.0218287
0.150851 0.0552904 0.100757 0.208843 0.0387896 0.323924 0.0809411 0.0406043
0.207538 0.0530094 9.9982E-05 0.0440614 9.9982E-05 0.573455 0.111066 0.0106698
0.159055 0.00953218 0.0943449 0.0327855 9.9982E-05 0.563973 0.140109 9.9982E-05
0.437009 9.9964E-05 9.9964E-05 0.429118 9.9964E-05 9.9964E-05 0.131293 0.00217983
0.152873 0.073564 9.9991E-05 0.053171 0.0194564 0.493298 0.182325 0.025213
0.157163 9.9982E-05 0.0512279 0.0593542 9.9982E-05 0.547444 0.160626 0.0239857
0.104876 0.0189903 0.0527489 0.0607151 0.0765769 0.568971 0.114382 0.00273944
0.172279 9.9982E-05 0.0300582 0.0758932 9.9982E-05 0.525925 0.183035 0.0126096
0.192127 0.00718866 0.0103897 0.0869128 0.0490227 0.548004 0.0953867 0.0109687
0.0336568 0.0536656 0.438402 9.9991E-05 0.069237 0.375338 0.0265019 0.00309903
0.0695378 0.00628603 0.303221 0.0321015 0.0507402 0.465431 0.0504644 0.022218
9.9964E-05 0.0570467 0.877519 0.00434772 0.0606866 9.9964E-05 9.9964E-05 9.9964E-05
9.9964E-05 0.0208575 0.9393 0.0363319 9.9964E-05 9.9964E-05 9.9964E-05 0.00311039
0.050983 0.0645325 0.30465 0.0758814 9.9982E-05 0.47586 9.9982E-05 0.0278931
0.135193 9.9973E-05 0.118946 0.0815438 9.9973E-05 0.379571 0.284447 9.9973E-05
0.19236 9.9964E-05 0.236415 9.9964E-05 9.9964E-05 0.329352 0.241473 9.9964E-05
0.152958 9.9973E-05 0.309993 0.0918203 9.9973E-05 0.175877 0.269052 9.9973E-05
0.0877419 9.9982E-05 0.217519 0.0623653 9.9982E-05 0.321301 0.266978 0.0438946
0.0866527 9.9982E-05 0.68931 0.121675 9.9982E-05 0.0484684 0.0195858 0.0341085
0.0492348 9.9991E-05 0.67555 0.0751449 0.000274692 0.0828288 0.0565484 0.0603183
0.0180199 9.9973E-05 0.365865 9.9973E-05 0.00330173 0.573458 0.0390554 9.9973E-05
0.0719742 9.9964E-05 0.493048 9.9964E-05 9.9964E-05 0.344421 0.0901562 9.9964E-05
0.057288 9.9973E-05 0.723118 9.9973E-05 9.9973E-05 0.152341 0.0414463 0.0255073
0.100062 9.9964E-05 0.340214 9.9964E-05 9.9964E-05 0.550362 9.9964E-05 0.00896188
0.0180548 9.9982E-05 0.313727 0.0284309 9.9982E-05 0.57087 0.0591001 0.00961816
0.0795066 0.0282329 0.277556 0.0431476 0.0248133 0.446746 0.0931611 0.00683639
9.9973E-05 0.0177426 0.665976 9.9973E-05 0.0118114 0.287521 9.9973E-05 0.0166498
0.0115798 0.0523656 0.535534 0.0147261 9.9982E-05 0.373346 9.9982E-05 0.0122489
0.0639835 0.0519798 0.333678 9.9982E-05 0.0276499 0.520245 9.9982E-05 0.002263
0.0369266 0.095805 0.390332 0.0617731 9.9973E-05 0.414864 9.9973E-05 9.9973E-05
0.10849 0.0665024 0.261318 0.0112871 0.00490812 0.506 0.0413937 9.9991E-05
0.0200257 9.9964E-05 0.522454 9.9964E-05 0.0397901 0.417331 9.9964E-05 9.9964E-05
9.9964E-05 0.0233956 0.817905 9.9964E-05 9.9964E-05 0.157241 9.9964E-05 0.0010591
9.9964E-05 9.9964E-05 0.40246 9.9964E-05 9.9964E-05 0.564696 0.030989 0.00145504
9.9964E-05 0.0867121 0.760507 9.9964E-05 0.0333116 0.119069 9.9964E-05 9.9964E-05
0.00525379 9.9964E-05 0.570249 9.9964E-05 9.9964E-05 0.407555 9.9964E-05 0.0165427
0.0548688 0.0666559 0.326486 0.0163925 0.00900803 0.493372 0.00793048 0.025287
0.0509702 0.0298119 0.375303 9.9982E-05 0.0264541 0.486936 0.0303243 9.9982E-05
0.168525 0.0213099 0.119465 0.120623 9.9991E-05 0.434012 0.120299 0.0156642
0.144584 0.0405237 0.0790258 0.0939838 0.0623405 0.427327 0.111243 0.0409729
0.156943 9.9982E-05 0.0880321 0.17211 9.9982E-05 0.30782 0.24555 0.0293441
0.177629 0.00670072 0.074762 0.157143 0.01413 0.356083 0.195361 0.0181915
0.13738 0.058316 0.0377351 0.121867 0.0130088 0.478391 0.130246 0.0230551
0.131638 0.0188449 0.234843 0.034203 0.0492133 0.386746 0.12426 0.020253
0.141207 9.9973E-05 0.65267 0.0871361 9.9973E-05 9.9973E-05 0.100091 0.018597
0.113239 9.9982E-05 0.173042 0.00920191 9.9982E-05 0.517288 0.171468 0.0155607
0.311233 9.9964E-05 0.352583 0.252883 9.9964E-05 9.9964E-05 0.0829013 9.9964E-05
0.0696924 9.9964E-05 0.323165 9.9964E-05 9.9964E-05 0.46164 0.145102 9.9964E-05
9.9946E-05 9.9946E-05 0.944448 9.9946E-05 9.9946E-05 0.0549523 9.9946E-05 9.9946E-05
9.9946E-05 9.9946E-05 0.929508 9.9946E-05 0.0698925 9.9946E-05 9.9946E-05 9.9946E-05
9.9946E-05 9.9946E-05 0.574081 9.9946E-05 9.9946E-05 0.425319 9.9946E-05 9.9946E-05
0.0353405 9.9964E-05 0.374648 9.9964E-05 9.9964E-05 0.588293 9.9964E-05 0.00131892
9.9946E-05 9.9946E-05 0.633348 9.9946E-05 9.9946E-05 0.366053 9.9946E-05 9.9946E-05
9.9946E-05 9.9946E-05 0.469501 9.9946E-05 9.9946E-05 0.5299 9.9946E-05 9.9946E-05
9.9955E-05 9.9955E-05 0.49077 9.9955E-05 0.00577986 0.502951 9.9955E-05 9.9955E-05
0.812604 0.0777875 9.9973E-05 0.0223428 9.9973E-05 9.9973E-05 0.0361297 0.0508366
0.712354 0.0718764 9.9991E-05 0.0371557 0.0307311 0.0188003 0.0865054 0.0424771
0.922258 0.019787 9.9982E-05 0.0169979 9.9982E-05 0.00769068 0.0153957 0.0176712
0.89569 9.9964E-05 9.9964E-05 0.0216773 9.9964E-05 0.0460625 9.9964E-05 0.0361706
0.0314389 9.9982E-05 0.0348605 0.037798 0.386177 0.463603 0.0459231 9.9982E-05
0.0483387 0.0770655 9.9982E-05 0.00376807 0.340677 0.517739 9.9982E-05 0.0122115
9.9964E-05 0.00690539 9.9964E-05 9.9964E-05 0.435019 0.523927 9.9964E-05 0.033749
0.0430704 0.0836348 9.9982E-05 0.0148233 0.227955 0.583035 9.9982E-05 0.047282
0.0849498 0.0668246 0.0155968 0.101069 0.143039 0.558084 0.0283848 0.00205184
0.0288913 0.137582 9.9973E-05 9.9973E-05 0.538272 0.26509 9.9973E-05 0.0298653
0.00836422 9.9964E-05 9.9964E-05 9.9964E-05 0.318263 0.651369 9.9964E-05 0.0216039
9.9982E-05 9.9982E-05 0.0840617 0.0778521 0.566724 0.249952 0.00161355 0.0195969
0.33798 0.0413955 9.9982E-05 0.0326039 9.9982E-05 0.406676 0.159062 0.0220815
9.9991E-05 0.00662717 0.130056 0.0706603 0.382613 0.397113 0.0116067 0.00122352
0.00730553 0.0839097 9.9973E-05 9.9973E-05 0.534765 0.353421 9.9973E-05 0.0202986
9.9964E-05 9.9964E-05 0.061305 0.0466318 0.346758 0.544906 9.9964E-05 9.9964E-05
0.00716798 0.11768 9.9982E-05 9.9982E-05 0.43382 0.381102 0.0538174 0.00621213
9.9973E-05 9.9973E-05 0.0273917 0.00687257 0.423447 0.529786 0.0122023 9.9973E-05
0.0443957 0.0573273 0.0183593 9.9991E-05 0.317653 0.488006 0.0490443 0.025114
9.9964E-05 9.9964E-05 0.0427389 0.0637547 0.882154 0.0109525 9.9964E-05 9.9964E-05
9.9964E-05 9.9964E-05 0.0676553 0.0759668 0.556537 0.299441 9.9964E-05 9.9964E-05
0.00427408 9.9982E-05 0.0537718 0.0147515 0.56876 0.342603 0.01564 9.9982E-05
9.9955E-05 9.9955E-05 0.0773174 0.101565 0.820617 9.9955E-05 9.9955E-05 9.9955E-05
0.0719298 0.114857 9.9973E-05 0.014853 0.42253 0.37553 9.9973E-05 9.9973E-05
9.9964E-05 9.9964E-05 0.0942527 0.231363 0.611362 0.0626225 9.9964E-05 9.9964E-05
9.9955E-05 9.9955E-05 0.0647936 0.140322 0.794384 9.9955E-05 9.9955E-05 9.9955E-05
0.0605551 0.00443119 0.0589002 9.9982E-05 0.298475 0.538283 0.0391565 9.9982E-05
0.0464627 0.138789 9.9982E-05 9.9982E-05 0.646692 0.147483 0.0055166 0.0148567
0.0124294 0.0616699 9.9964E-05 9.9964E-05 0.408619 0.516882 9.9964E-05 9.9964E-05
0.102882 0.0371231 0.0106429 0.0610278 0.152542 0.551185 0.0700717 0.0145257
0.0149974 0.114499 9.9973E-05 9.9973E-05 0.360928 0.504638 9.9973E-05 0.00463734
9.9991E-05 0.331882 0.118577 0.15255 0.0284135 0.349067 0.0182838 0.00112736
0.0308059 0.0387928 0.0180841 9.9991E-05 0.344591 0.544515 0.00557596 0.0175343
0.0156232 0.131483 9.9973E-05 9.9973E-05 0.321387 0.510206 9.9973E-05 0.0210007
9.9973E-05 0.00221029 0.0593173 0.0389334 0.575054 0.324186 9.9973E-05 9.9973E-05
0.0620302 0.0481699 0.035867 0.0863676 0.203619 0.524234 0.0191909 0.020521
0.603688 0.275587 9.9964E-05 0.0581737 9.9964E-05 9.9964E-05 9.9964E-05 0.0621507
0.726505 0.130141 0.00214431 0.0378759 0.045148 9.9982E-05 9.9982E-05 0.0579858
0.676858 0.102887 9.9964E-05 0.0326403 9.9964E-05 9.9964E-05 9.9964E-05 0.187215
0.739245 0.145889 9.9964E-05 0.0169574 9.9964E-05 9.9964E-05 9.9964E-05 0.0975092
0.675463 0.20111 9.9973E-05 0.0601372 9.9973E-05 0.006682 9.9973E-05 0.0563077
0.0604711 0.16478 9.9964E-05 9.9964E-05 0.648582 0.125767 9.9964E-05 9.9964E-05
0.0204675 0.117623 9.9973E-05 9.9973E-05 0.683264 0.150774 9.9973E-05 0.0275722
9.9973E-05 9.9973E-05 0.0276855 0.0308826 0.752888 0.154247 0.0339969 9.9973E-05
0.095299 0.0927931 0.0756952 0.0343154 0.133555 0.524119 0.0400177 0.00420638
0.091687 0.0448572 0.0570899 0.00607261 0.181745 0.527906 0.0776863 0.0129563
0.0206092 9.9982E-05 0.0302975 0.0677273 0.623619 0.202465 0.0550819 9.9982E-05
0.012715 9.9982E-05 0.0273814 9.9982E-05 0.319462 0.581773 0.0229294 0.0355396
0.0320952 9.9991E-05 0.0326116 0.0388648 0.440276 0.386454 0.0485904 0.0210077
0.054161 0.0491973 0.0501553 9.9973E-05 0.324809 0.521377 9.9973E-05 9.9973E-05
0.0308389 0.0620152 0.00807744 9.9991E-05 0.271134 0.572491 0.0510625 0.00428141
9.9964E-05 0.143568 9.9964E-05 9.9964E-05 0.611882 0.221933 9.9964E-05 0.0222177
9.9964E-05 0.120812 9.9964E-05 9.9964E-05 0.569056 0.296241 9.9964E-05 0.0134916
0.0215057 0.114952 9.9973E-05 9.9973E-05 0.552909 0.307777 9.9973E-05 0.00255711
0.0574 0.0213874 9.9973E-05 0.247763 9.9973E-05 0.653582 9.9973E-05 0.0195671
9.9973E-05 0.0714781 0.0129186 9.9973E-05 0.515997 0.358459 9.9973E-05 0.0408475
0.0611515 0.0799755 9.9973E-05 9.9973E-05 0.458844 0.385113 9.9973E-05 0.014616
0.0776263 0.0034217 9.9991E-05 0.044634 0.036853 0.455515 0.368175 0.013675
0.144983 9.9982E-05 9.9982E-05 0.0691701 0.00662984 0.370443 0.388136 0.0204381
0.0963948 9.9964E-05 9.9964E-05 0.0352962 9.9964E-05 0.470268 0.397642 9.9964E-05
0.127623 9.9982E-05 0.0264536 0.0443503 9.9982E-05 0.265819 0.504364 0.0311904
0.104469 0.010926 0.0254913 0.0519457 0.0241303 0.496224 0.272851 0.0139626
0.0283091 9.9982E-05 0.0453858 0.202048 0.173949 0.517908 9.9982E-05 0.0322007
0.210551 9.9964E-05 9.9964E-05 0.131286 9.9964E-05 9.9964E-05 0.634443 0.0233199
0.138338 9.9982E-05 0.011218 9.9982E-05 0.0246768 0.32165 0.475264 0.0286529
0.134125 9.9982E-05 9.9982E-05 0.280857 0.0421691 0.414728 0.104642 0.0232788
0.0927944 0.0920984 9.9982E-05 0.219347 0.0214424 0.553302 9.9982E-05 0.0208156
0.103681 0.0622844 9.9973E-05 0.29053 9.9973E-05 0.510319 9.9973E-05 0.0328853
0.112549 0.0605983 9.9973E-05 0.213803 0.0111469 0.601603 9.9973E-05 9.9973E-05
0.0977218 0.0513303 9.9991E-05 0.20229 0.00289813 0.615121 0.0266766 0.00386304
0.170458 9.9964E-05 9.9964E-05 0.018011 9.9964E-05 0.373912 0.43722 9.9964E-05
0.16029 0.025636 0.0635997 0.00835518 0.0227824 0.406123 0.313114 9.9991E-05
0.0814919 9.9973E-05 0.00686029 9.9973E-05 9.9973E-05 0.4023 0.47276 0.0362876
0.119956 0.078201 0.00477098 0.0235666 0.0440904 0.428015 0.277207 0.0241928
0.127526 9.9991E-05 0.0384403 0.0758163 0.0283446 0.262307 0.457843 0.00962354
0.0997096 0.0747681 0.0161144 0.0373397 0.0174292 0.399346 0.339876 0.0154165
0.0853913 0.0222814 0.00308169 0.0810712 9.9991E-05 0.247882 0.548908 0.0112846
0.0419481 0.0608959 9.9991E-05 0.0753066 0.0377644 0.399238 0.333331 0.0514157
0.072359 9.9982E-05 9.9982E-05 0.401279 0.0118434 0.480736 0.0165373 0.0170449
0.155337 0.053648 9.9991E-05 0.0700068 0.0213613 0.359694 0.331223 0.00862943
0.185771 9.9973E-05 9.9973E-05 0.0643537 9.9973E-05 0.167437 0.542933 0.0392058
0.0750808 0.0463566 9.9991E-05 0.0523368 0.0304917 0.440023 0.305186 0.0504252
0.137852 0.132866 9.9982E-05 0.369211 0.0273955 0.330612 9.9982E-05 0.0018631
0.0193782 9.9955E-05 9.9955E-05 0.370562 9.9955E-05 0.60956 9.9955E-05 9.9955E-05
0.131122 0.0451919 9.9973E-05 0.0910119 9.9973E-05 0.373079 0.359295 9.9973E-05
0.0871046 0.0743726 9.9973E-05 0.239585 9.9973E-05 0.579994 9.9973E-05 0.0186446
0.131457 0.045529 9.9973E-05 0.280258 9.9973E-05 0.537768 9.9973E-05 0.00468799
0.193239 9.9991E-05 0.0343401 0.139272 0.0354415 0.385183 0.193564 0.0188596
0.173755 9.9982E-05 0.050189 0.127719 9.9982E-05 0.363184 0.259957 0.0249962
0.0892665 0.0289395 9.9982E-05 0.16356 0.0733892 0.585413 0.059232 9.9982E-05
0.105693 0.0987861 0.0253681 9.9991E-05 0.031707 0.4041 0.297477 0.0367687
0.132498 0.00323582 0.0213455 0.0217596 9.9991E-05 0.420065 0.395985 0.00501091
0.173011 9.9973E-05 9.9973E-05 0.0652704 9.9973E-05 0.142464 0.617708 0.0012468
0.0679606 0.0435161 9.9991E-05 0.158042 0.00430977 0.661775 0.0289286 0.0353673
0.0788951 0.0629159 9.9982E-05 0.36501 0.0320704 0.44897 9.9982E-05 0.0119387
0.0164905 9.9955E-05 9.9955E-05 0.781068 9.9955E-05 0.201941 9.9955E-05 9.9955E-05
0.115113 0.0553148 9.9982E-05 0.134521 0.0108953 0.647742 9.9982E-05 0.0362135
0.0449601 0.148658 0.0798757 0.232467 0.0283807 0.405081 0.0353749 0.0252024
0.189201 9.9982E-05 0.0306263 0.149011 9.9982E-05 0.478967 0.131761 0.0202327
0.0673811 0.0923062 0.02642 0.135417 0.0137007 0.512056 0.116574 0.0361455
0.268978 9.9964E-05 9.9964E-05 0.596326 9.9964E-05 9.9964E-05 0.125704 0.00859177
0.205866 9.9964E-05 9.9964E-05 0.719708 9.9964E-05 9.9964E-05 0.0598396 0.014186
0.155207 9.9991E-05 0.0151252 0.393454 0.0555367 0.313381 0.061438 0.00575848
