9.9955E-05 0.0139193 9.9955E-05 9.9955E-05 9.9955E-05 0.897285 0.0882955 9.9955E-05
9.9955E-05 9.9955E-05 0.00639415 9.9955E-05 9.9955E-05 0.940856 0.0522501 9.9955E-05
9.9973E-05 0.0443095 0.0298073 0.0476876 0.0252692 0.852627 9.9973E-05 9.9973E-05
0.0501583 0.128936 9.9973E-05 0.00405993 9.9973E-05 0.815202 0.00134327 9.9973E-05
9.9946E-05 0.0915534 9.9946E-05 9.9946E-05 9.9946E-05 0.907847 9.9946E-05 9.9946E-05
0.0285009 0.0531665 0.0515238 0.134924 0.0187922 0.64497 0.0622492 0.0058736
9.9964E-05 0.00843182 9.9964E-05 0.197494 0.0144987 0.779175 9.9964E-05 9.9964E-05
0.0631994 0.00653897 9.9982E-05 0.201186 0.035648 0.690826 9.9982E-05 0.00240167
0.15381 9.99549E-05 9.99549E-05 0.0339727 9.99549E-05 0.811718 9.99549E-05 9.99549E-05
0.0131866 0.0472646 9.9973E-05 0.171489 0.0225583 0.745201 9.9973E-05 9.9973E-05
9.9955E-05 0.0781914 9.9955E-05 0.171054 9.9955E-05 0.750255 9.9955E-05 9.9955E-05
0.443423 0.266525 0.140587 0.101428 0.024253 0.0235837 9.9982E-05 9.9982E-05
0.253199 0.539717 0.0475172 0.0246102 0.0328331 0.0792964 9.9991E-05 0.0227274
0.434553 0.275359 0.0579202 0.115732 0.0927434 9.9991E-05 0.0117666 0.0118257
0.460269 0.300976 0.0286264 0.0656481 0.104661 0.00965876 0.0300606 9.9991E-05
0.290108 0.440653 0.00660042 0.0498803 0.0790232 0.0810277 0.0526071 9.9991E-05
0.199868 0.586912 9.9982E-05 0.0602546 0.0634759 0.058968 9.9982E-05 0.0303217
0.273437 0.479846 0.117828 0.0738438 0.0516417 0.00320329 9.9982E-05 9.9982E-05
0.422797 0.252257 0.0201925 0.103944 0.0569857 0.0783114 0.0519155 0.0135972
0.676873 0.0590295 0.0732406 0.170974 0.0195822 9.9973E-05 9.9973E-05 9.9973E-05
0.316711 0.434579 0.100665 0.0797411 0.0286265 0.0177953 0.0217831 9.9991E-05
0.13897 0.40052 0.0925215 0.205298 0.073969 0.0229923 9.9991E-05 0.0656288
0.189275 0.532994 0.124293 0.0491427 0.0401029 0.0356537 9.9991E-05 0.0284387
0.442978 0.248551 0.0673012 0.142466 0.0648526 0.0336515 9.9982E-05 9.9982E-05
0.113472 0.635085 9.9991E-05 0.0399469 0.046054 0.115468 0.0190452 0.0308289
0.228741 0.531227 0.0430084 0.100037 0.0558768 0.0409097 9.9982E-05 9.9982E-05
0.474595 0.286516 0.0616248 0.107727 0.0219916 0.0473458 9.9982E-05 9.9982E-05
0.443115 0.296847 0.0350467 0.113523 0.0728678 0.038401 9.9982E-05 9.9982E-05
0.447596 0.278891 0.0632573 0.209855 9.9964E-05 9.9964E-05 9.9964E-05 9.9964E-05
9.9955E-05 0.0935787 9.9955E-05 9.9955E-05 0.0309639 0.874958 9.9955E-05 9.9955E-05
9.9964E-05 0.121174 9.9964E-05 9.9964E-05 0.0141079 0.864031 9.9964E-05 0.000287182
9.99553E-05 0.0970463 9.99553E-05 9.99553E-05 0.084873 0.817581 9.99553E-05 9.99553E-05
9.9964E-05 0.149672 9.9964E-05 9.9964E-05 0.0238051 0.716406 0.109717 9.9964E-05
0.0891727 0.507505 0.199913 0.118989 9.9973E-05 0.0841208 9.9973E-05 9.9973E-05
0.122194 0.532758 0.223685 0.0226383 0.0290635 0.0574797 9.9991E-05 0.0120808
9.9964E-05 0.533015 0.406338 9.9964E-05 9.9964E-05 9.9964E-05 0.0480078 0.0122397
0.636042 0.202321 0.0966833 9.9982E-05 9.9982E-05 0.0504394 0.0110558 0.00325828
9.9973E-05 0.256274 0.579369 0.0922362 0.0432783 9.9973E-05 9.9973E-05 0.0285428
0.131923 0.565944 0.174658 9.9982E-05 9.9982E-05 0.0633951 0.0625987 0.00128064
9.9973E-05 0.675598 0.174059 0.0550994 9.9973E-05 0.0613776 0.0335666 9.9973E-05
0.00344277 0.530519 0.0451521 0.308056 0.0286001 0.0840307 9.9982E-05 9.9982E-05
0.0822496 0.594597 0.0656369 0.177002 9.9973E-05 0.0802148 9.9973E-05 9.9973E-05
0.180956 0.152742 0.644674 9.9964E-05 9.9964E-05 0.0212286 9.9964E-05 9.9964E-05
9.9973E-05 0.618629 9.9973E-05 0.299742 0.0361786 0.0249241 0.0202272 9.9973E-05
0.0455257 0.557463 0.175588 0.0540511 0.044682 0.0650237 9.9991E-05 0.0575664
0.0431205 0.571495 0.101918 0.0915923 0.0287918 0.140331 9.9991E-05 0.0226509
9.9964E-05 0.330108 0.557907 0.00333787 9.9964E-05 9.9964E-05 9.9964E-05 0.108247
0.0193038 0.569109 0.288604 9.9973E-05 0.0221211 0.100562 9.9973E-05 9.9973E-05
9.9991E-05 0.555305 0.147574 0.0081117 0.0351786 0.120605 0.0473533 0.0857715
9.9964E-05 9.9964E-05 0.661294 0.271443 9.9964E-05 0.004999 9.9964E-05 0.0618642
0.559123 0.195705 0.100735 0.100775 9.9973E-05 9.9973E-05 9.9973E-05 0.0433615
0.272621 0.133825 0.151301 0.248826 0.0134528 9.9991E-05 0.0546871 0.125187
0.172275 0.548897 0.0187916 0.0633949 0.0767574 0.0586533 0.00970436 0.0515263
0.10113 0.55048 0.0561714 0.041429 0.036668 0.0498112 0.0521879 0.112122
0.0559876 0.598176 0.0665628 0.0277806 9.9991E-05 0.0694574 0.105733 0.0762027
0.522614 0.205868 0.0954267 0.034099 9.9982E-05 0.11112 0.0306722 9.9982E-05
0.272554 0.567355 0.060674 0.0311168 9.9982E-05 0.0325131 9.9982E-05 0.0355867
0.134293 0.549726 0.0994623 0.0750345 0.0879164 0.0530426 0.000425912 9.9991E-05
0.269613 0.420116 0.042456 0.0977298 0.01887 0.0911619 9.9991E-05 0.0599527
0.487649 0.151635 0.0710378 0.136497 0.00995747 0.143024 9.9982E-05 9.9982E-05
0.122608 0.55995 0.0385768 0.0788674 0.0324428 0.0862797 9.9991E-05 0.0811756
0.233846 0.481712 0.0780407 0.0194641 0.0114953 0.043878 0.0968304 0.0347342
0.567232 0.105981 0.130419 0.154588 9.9973E-05 0.0414803 9.9973E-05 9.9973E-05
0.36934 0.457809 0.0894343 9.9982E-05 0.0242172 0.000339776 9.9982E-05 0.0586599
0.104978 0.57572 0.0750633 0.0168222 0.0218581 0.0450337 0.0703562 0.0901678
0.166756 0.615574 9.9982E-05 0.068269 9.9982E-05 0.0780858 0.0379008 0.0332138
0.381298 0.312107 0.0981516 0.0837029 0.0505693 0.0578777 9.9991E-05 0.0161932
0.23369 0.492475 0.0684701 0.0455851 0.0619512 0.0439056 9.9991E-05 0.0538227
0.205666 0.533943 0.0430233 0.0157583 0.0590191 0.0676796 0.00528984 0.0696205
0.463809 0.250877 0.125135 0.127669 9.9982E-05 0.0287331 9.9982E-05 0.00357652
0.0268789 0.472201 0.465088 9.9973E-05 0.00411076 0.0314212 9.9973E-05 9.9973E-05
0.0470935 0.2199 0.699398 9.9973E-05 0.014176 0.0191325 9.9973E-05 9.9973E-05
0.0381247 0.507589 0.291416 9.9982E-05 9.9982E-05 0.0831397 0.0570938 0.0224371
9.9964E-05 9.9964E-05 0.866549 0.0535553 9.9964E-05 9.9964E-05 0.0106176 0.0688787
9.9955E-05 9.9955E-05 0.89816 0.0477391 9.9955E-05 9.9955E-05 9.9955E-05 0.053601
9.9973E-05 0.240461 0.68552 0.0107884 0.00544408 9.9973E-05 9.9973E-05 0.0574864
0.0534025 0.471788 0.44344 9.9964E-05 9.9964E-05 0.03097 9.9964E-05 9.9964E-05
0.0533751 0.5308 0.123107 0.00784971 0.0594279 0.119778 0.028135 0.0775271
9.9973E-05 0.496047 0.485346 9.9973E-05 0.0019626 9.9973E-05 0.00158668 0.0147579
0.172987 0.180187 0.617634 9.9964E-05 9.9964E-05 0.0287922 9.9964E-05 9.9964E-05
0.134355 0.299902 0.564636 9.9964E-05 9.9964E-05 0.000707193 9.9964E-05 9.9964E-05
9.9982E-05 0.497348 0.277869 0.059968 0.0635227 0.0951632 0.00592903 9.9982E-05
0.0757983 0.329497 0.56076 9.9973E-05 0.00991942 0.0237249 9.9973E-05 9.9973E-05
0.0774301 0.477805 0.421483 9.9964E-05 9.9964E-05 0.0228818 9.9964E-05 9.9964E-05
9.9973E-05 0.448614 0.454619 0.0146798 9.9973E-05 9.9973E-05 0.00993814 0.0718494
9.9964E-05 9.9964E-05 0.714583 0.149836 9.9964E-05 9.9964E-05 0.00309708 0.132084
0.000567175 0.612932 0.244393 0.0105928 0.0108277 0.0409144 0.0269107 0.0528631
0.075019 0.0690465 9.9964E-05 9.9964E-05 9.9964E-05 0.821053 0.034482 9.9964E-05
9.9955E-05 0.0511243 9.9955E-05 9.9955E-05 9.9955E-05 0.889116 0.0592595 9.9955E-05
9.9955E-05 0.0974995 9.9955E-05 9.9955E-05 9.9955E-05 0.820678 0.0813232 9.9955E-05
9.9955E-05 0.0230006 9.9955E-05 9.9955E-05 0.0562434 0.920256 9.9955E-05 9.9955E-05
9.9955E-05 9.9955E-05 0.00268396 9.9955E-05 0.0630433 0.933773 9.9955E-05 9.9955E-05
9.9964E-05 0.0917755 9.9964E-05 9.9964E-05 0.0412425 0.849034 9.9964E-05 0.017548
9.9946E-05 0.0894388 9.9946E-05 9.9946E-05 9.9946E-05 0.909962 9.9946E-05 9.9946E-05
0.0349022 0.527776 0.258032 9.9991E-05 0.0213189 0.0697248 0.0595704 0.0285759
0.0628275 0.536756 0.0859143 9.9991E-05 0.0534368 0.101539 0.048209 0.111217
0.193492 0.0590885 0.688576 9.9973E-05 9.9973E-05 0.0361107 9.9973E-05 0.0224324
0.0566329 0.61465 0.172388 9.9991E-05 0.0150569 0.0823885 0.0163625 0.0424205
0.105086 0.395966 0.463751 9.9964E-05 9.9964E-05 0.0347967 9.9964E-05 9.9964E-05
0.0246301 0.54905 0.338099 9.9964E-05 9.9964E-05 0.0878202 9.9964E-05 9.9964E-05
9.9982E-05 0.564418 0.235918 0.081068 0.00858574 0.0270138 9.9982E-05 0.0827961
9.9982E-05 0.474847 0.388162 9.9982E-05 0.0290854 0.0205483 0.0524626 0.0346944
0.24136 0.0174961 0.699322 9.9964E-05 9.9964E-05 0.0414222 9.9964E-05 9.9964E-05
0.0999416 0.492702 0.214535 0.019891 0.0680143 0.0860249 9.9991E-05 0.0187914
0.0443928 0.657042 0.147988 0.0289 9.9982E-05 0.0963899 0.0250871 9.9982E-05
0.0801965 0.515552 0.146578 0.0464913 0.0331823 0.0761863 0.0865049 0.0153093
0.0164737 0.215553 0.563998 0.0883529 0.0067624 0.0115239 0.037103 0.0602332
9.9964E-05 0.505066 0.37804 9.9964E-05 0.0169745 9.9964E-05 9.9964E-05 0.0995202
0.133271 0.467929 0.383134 9.9964E-05 9.9964E-05 0.0152659 9.9964E-05 9.9964E-05
9.9973E-05 0.389131 0.526363 0.005724 0.0079836 9.9973E-05 9.9973E-05 0.0704978
0.100083 0.451784 0.373358 9.9964E-05 9.9964E-05 0.074375 9.9964E-05 9.9964E-05
0.102156 0.529312 0.134648 0.0530733 0.0360677 0.105285 9.9991E-05 0.0393578
0.365166 0.27073 0.00362256 0.0290879 9.9982E-05 9.9982E-05 0.126356 0.204837
0.351164 0.441071 9.9973E-05 0.146889 9.9973E-05 0.0604155 0.000160818 9.9973E-05
0.151646 0.542006 9.9991E-05 0.113812 0.0150558 0.118966 0.0405049 0.0179085
0.134614 0.611612 0.0350677 0.0692173 9.9991E-05 0.104347 0.044141 0.000900602
0.359314 0.526875 0.0380813 0.0280209 9.9973E-05 0.0474088 9.9973E-05 9.9973E-05
0.238227 0.57757 9.9982E-05 0.068381 0.0548398 0.0267659 9.9982E-05 0.034016
0.41919 0.477078 0.006412 9.9982E-05 9.9982E-05 0.042209 0.00635704 0.0485539
0.181244 0.46978 0.0496354 0.0414743 9.9991E-05 0.0310247 0.128354 0.0983874
0.136246 0.586669 0.0299976 0.056793 0.030322 0.0772456 0.0546547 0.0280717
0.261825 0.525939 0.0240247 0.0378506 9.9991E-05 0.0554548 0.0438836 0.0509222
0.272722 0.598838 0.0109634 0.0415829 9.9982E-05 0.0374865 9.9982E-05 0.0382076
0.18596 0.603176 9.9991E-05 0.0153689 0.0155231 0.0480729 0.0569027 0.0748967
0.0969722 0.570253 0.0229347 0.0412154 0.00901317 0.0973382 0.0849042 0.0773692
0.223527 0.518669 0.0348793 0.0123282 0.0472106 9.9991E-05 0.047754 0.115532
0.114316 0.583694 0.013687 0.0448604 0.0026709 0.0877339 0.0513596 0.101678
0.201492 0.568529 0.0235447 0.0256744 0.0448969 0.0261279 0.00599665 0.103738
0.274947 0.260992 0.052564 0.133866 9.9991E-05 0.00445397 0.174754 0.0983229
0.150439 0.622501 0.0282613 9.9991E-05 0.0102629 0.034096 0.0755371 0.0788028
0.135583 0.635278 9.9982E-05 0.0804752 9.9982E-05 0.00978746 0.0565783 0.0820981
0.562332 0.246443 0.094582 0.0263009 0.00104687 0.0460877 9.9991E-05 0.0231073
0.335535 0.113934 0.0816322 0.132492 9.9982E-05 9.9982E-05 0.0896697 0.246537
0.235349 0.453657 0.081187 0.0438268 0.058632 0.0653027 9.9991E-05 0.0619452
0.34902 0.0834594 0.0716845 0.18392 0.0103966 9.9982E-05 9.9982E-05 0.301319
0.553721 0.368537 9.9964E-05 0.0151801 9.9964E-05 9.9964E-05 9.9964E-05 0.0621617
0.416852 0.47311 0.035691 9.9964E-05 9.9964E-05 9.9964E-05 9.9964E-05 0.0739473
0.467028 0.429668 0.0782315 0.00230693 9.9982E-05 0.0139816 9.9982E-05 0.00858421
0.528257 0.349394 0.0404868 0.0248552 0.00990511 9.9982E-05 9.9982E-05 0.046902
0.19729 0.596305 9.9982E-05 0.0413414 0.0302297 0.0645007 9.9982E-05 0.0701327
0.166015 0.533316 0.0477882 0.0445085 0.0715656 0.0922397 9.9991E-05 0.0444675
0.234473 0.548267 0.0487106 9.9991E-05 0.0439522 0.0245621 0.0397177 0.0602177
0.39343 0.162691 0.0707949 0.164518 0.0258873 9.9991E-05 0.0066421 0.175937
0.091569 0.511322 0.0454063 0.0547117 9.9991E-05 0.170858 0.0706753 0.0553575
0.0702754 0.470905 0.0207003 0.23967 0.0226519 0.0530516 0.0232932 0.0994529
0.0692286 9.9982E-05 0.144991 0.556557 9.9982E-05 0.079213 0.00551342 0.144296
0.000925454 0.654289 9.9973E-05 0.193299 0.0352434 0.115943 9.9973E-05 9.9973E-05
0.0790559 0.299083 0.08467 0.341592 0.00523236 0.0455696 0.0537099 0.0910869
0.0663427 0.50981 0.00803085 0.17747 9.9991E-05 0.0644975 0.105753 0.0679972
0.0972253 0.239086 0.0698846 0.450589 9.9991E-05 0.0527419 0.00644819 0.0839253
0.184982 0.0693324 0.0816474 0.499327 9.9991E-05 0.0197068 0.012185 0.132719
0.0918691 0.378705 0.0846393 0.317122 9.9991E-05 0.0134339 0.0405466 0.0735838
0.107221 0.494121 0.0278573 0.146622 0.0280331 0.0955192 0.0511553 0.0494711
0.150707 0.444268 0.0255985 0.149099 0.00362514 0.147022 0.0424488 0.0372316
0.0815937 0.0765451 0.198165 0.349061 0.0776152 0.0378857 9.9991E-05 0.179034
0.0849169 0.53131 0.0220229 0.157178 0.0520992 0.0897734 0.012214 0.0504851
0.0906137 0.334557 0.048794 0.414453 9.9973E-05 9.9973E-05 9.9973E-05 0.111282
0.0705189 0.489853 0.0443757 0.286099 9.9973E-05 9.9973E-05 9.9973E-05 0.108853
0.0543073 0.549611 0.0383481 0.164025 0.0616459 0.0975067 9.9991E-05 0.0344561
9.9973E-05 0.133941 9.9973E-05 0.205889 0.0643598 0.289399 0.306112 9.9973E-05
9.9955E-05 9.9955E-05 9.9955E-05 0.315836 9.9955E-05 0.34754 0.336124 9.9955E-05
9.9964E-05 9.9964E-05 9.9964E-05 0.394196 0.00562752 0.392853 0.206924 9.9964E-05
0.000413026 0.0751494 0.00963142 0.240785 0.0425579 0.274025 0.355637 0.00180115
0.0298142 0.620944 0.0593558 0.24371 9.9973E-05 9.9973E-05 9.9973E-05 0.0458759
0.0877227 0.584298 0.0538471 0.0833208 0.0700871 0.0823278 9.9991E-05 0.038297
0.0180119 0.337688 9.9964E-05 9.9964E-05 0.633026 9.9964E-05 0.0108739 9.9964E-05
0.0680023 0.382857 9.9991E-05 0.0580731 0.439169 0.0150058 0.0109478 0.0258443
0.0810049 0.384737 0.0203068 9.9991E-05 0.352027 0.0862195 0.0254872 0.0501171
0.0621468 0.281615 0.0195152 0.474655 0.00584143 9.9982E-05 9.9982E-05 0.156027
0.0741926 0.470643 0.0611206 0.140202 0.0591026 0.0659028 9.9991E-05 0.128736
0.056336 0.24264 0.00576628 0.549237 9.9973E-05 9.9973E-05 9.9973E-05 0.145721
0.0269121 0.548573 0.0135633 0.275692 9.9982E-05 0.0522384 9.9982E-05 0.0828217
0.059112 0.43784 9.9982E-05 0.308842 0.0388452 0.0130644 9.9982E-05 0.142096
9.9964E-05 0.5566 9.9964E-05 0.343366 0.0144997 9.9964E-05 9.9964E-05 0.0851341
9.9964E-05 0.202933 0.0615862 0.598158 9.9964E-05 9.9964E-05 9.9964E-05 0.136923
0.0031291 0.66176 0.048028 0.155104 0.00633642 0.0519035 9.9991E-05 0.0736391
0.044803 0.580715 0.00640123 0.181484 9.9991E-05 0.109137 0.0144374 0.0629214
9.9964E-05 0.0281455 9.9964E-05 9.9964E-05 0.945288 0.0162029 9.9964E-05 0.00996394
0.00350745 0.0353614 9.9964E-05 9.9964E-05 0.928781 9.9964E-05 9.9964E-05 0.0319504
0.0507332 0.300304 0.0110153 9.9982E-05 0.540537 0.0684516 9.9982E-05 0.0287591
0.0289591 0.308199 9.9964E-05 9.9964E-05 0.636202 9.9964E-05 9.9964E-05 0.0262396
0.0179333 0.14898 0.00977583 9.9982E-05 0.794143 0.0174866 0.0114813 9.9982E-05
9.994E-05 9.994E-05 9.994E-05 9.994E-05 0.9993 9.994E-05 9.994E-05 9.994E-05
0.0208192 0.00804025 9.9964E-05 9.9964E-05 0.944865 9.9964E-05 9.9964E-05 0.0258753
9.9946E-05 0.19321 9.9946E-05 9.9946E-05 0.80619 9.9946E-05 9.9946E-05 9.9946E-05
0.0541427 9.9955E-05 9.9955E-05 9.9955E-05 0.944118 0.00123949 9.9955E-05 9.9955E-05
9.994E-05 9.994E-05 9.994E-05 9.994E-05 0.9993 9.994E-05 9.994E-05 9.994E-05
9.994E-05 9.994E-05 9.994E-05 9.994E-05 0.9993 9.994E-05 9.994E-05 9.994E-05
0.0229448 0.199346 0.00124117 9.9982E-05 0.723954 0.0220369 0.0302771 9.9982E-05
0.056564 0.125891 9.9973E-05 9.9973E-05 0.737709 0.0133757 0.0661604 9.9973E-05
9.994E-05 9.994E-05 9.994E-05 9.994E-05 0.9993 9.994E-05 9.994E-05 9.994E-05
0.0773207 0.297246 0.0731014 0.00845613 0.35304 0.0998747 0.0528282 0.0381327
0.00367833 0.268029 9.9991E-05 0.00659769 0.545054 0.0742951 0.0841721 0.0180734
9.9964E-05 0.127541 9.9964E-05 9.9964E-05 0.732612 0.0225645 0.116882 9.9964E-05
0.00815218 0.0778116 0.0125033 9.9973E-05 0.891206 0.0100273 9.9973E-05 9.9973E-05
9.9946E-05 9.9946E-05 9.9946E-05 9.9946E-05 0.955286 9.9946E-05 0.044114 9.9946E-05
9.9964E-05 0.0423855 9.9964E-05 9.9964E-05 0.903603 0.013627 0.0399852 9.9964E-05
9.9946E-05 9.9946E-05 9.9946E-05 9.9946E-05 0.985662 9.9946E-05 0.0137388 9.9946E-05
0.0222842 0.234946 0.0623326 0.00558665 0.59129 0.0447886 0.032862 0.00590985
9.9973E-05 9.9973E-05 0.0150176 9.9973E-05 0.941441 0.00789236 0.0255094 0.00983985
9.9973E-05 9.9973E-05 9.9973E-05 0.654338 0.0219509 0.186118 0.108036 0.029257
0.0889953 0.281403 9.9991E-05 0.327972 0.125426 0.11464 0.057792 0.00367187
0.0189034 0.425131 9.9982E-05 0.299605 9.9982E-05 0.115573 0.121075 0.0195119
9.9973E-05 0.166454 9.9973E-05 0.541016 0.018381 0.107594 0.166256 9.9973E-05
0.0962449 0.419595 0.0846273 0.155666 0.093723 0.0806427 0.069401 9.9991E-05
9.9982E-05 0.0888076 9.9982E-05 0.541216 0.0499702 0.166683 0.135901 0.0172216
0.0702705 0.447953 9.9991E-05 0.191866 0.0717971 0.125719 0.0713439 0.0209504
9.9973E-05 0.299541 9.9973E-05 0.424792 0.0699624 0.147372 0.0580334 9.9973E-05
9.9982E-05 0.454359 9.9982E-05 0.244663 0.0574108 0.0877636 0.154029 0.00157391
9.9982E-05 0.361433 0.022186 0.302611 0.0523892 0.145793 0.115387 9.9982E-05
0.0628671 0.399817 0.0233501 0.164214 0.0661814 0.1306 0.125798 0.0271724
0.0115037 0.057437 0.00363332 0.0582153 9.9973E-05 0.868911 9.9973E-05 9.9973E-05
9.9973E-05 9.9973E-05 0.00899501 0.000648633 0.0791632 0.88169 9.9973E-05 0.0292036
0.0292149 0.0214003 0.00401248 0.00301802 0.00102189 0.936521 9.9991E-05 0.00471145
9.9964E-05 9.9964E-05 0.00539508 0.0282296 9.9964E-05 0.955377 0.0105985 9.9964E-05
0.0277054 0.0680483 9.9964E-05 0.00575277 9.9964E-05 0.898094 9.9964E-05 9.9964E-05
9.9946E-05 9.9946E-05 9.9946E-05 9.9946E-05 9.9946E-05 0.927428 0.0719726 9.9946E-05
0.00439524 0.0618249 9.9964E-05 9.9964E-05 0.0134981 0.919882 9.9964E-05 9.9964E-05
0.0459053 0.00835135 9.9973E-05 9.9973E-05 9.9973E-05 0.92745 0.00771678 0.0102764
9.9973E-05 0.0320205 0.0306221 0.0267338 0.0290631 0.88126 9.9973E-05 9.9973E-05
0.0245076 9.9964E-05 9.9964E-05 0.0207204 9.9964E-05 0.874431 0.0799411 9.9964E-05
0.261167 9.9964E-05 0.0576415 0.0801782 9.9964E-05 0.600613 9.9964E-05 9.9964E-05
0.335133 9.9964E-05 0.0402917 0.0126565 9.9964E-05 0.611519 9.9964E-05 9.9964E-05
0.312698 9.9964E-05 0.0598257 0.107457 9.9964E-05 0.519619 9.9964E-05 9.9964E-05
0.416488 9.9964E-05 0.00536155 0.13812 9.9964E-05 0.439631 9.9964E-05 9.9964E-05
0.188227 0.460675 0.257366 0.0317386 9.9973E-05 0.0616934 9.9973E-05 9.9973E-05
0.0944312 0.465904 0.320134 9.9991E-05 0.0214884 0.0334756 0.0248873 0.0395792
0.181551 0.56038 0.152565 9.9973E-05 9.9973E-05 0.029535 9.9973E-05 0.0756693
0.257454 0.356412 0.311279 9.9982E-05 0.00366149 0.0359642 9.9982E-05 0.0350297
0.590008 0.226824 0.0797926 0.0669172 0.0118919 9.9982E-05 9.9982E-05 0.0243666
0.0309572 0.669509 0.135609 0.0219297 9.9991E-05 0.016056 0.039382 0.0864579
0.103649 0.642564 0.235882 9.9973E-05 0.000964081 9.9973E-05 9.9973E-05 0.0166413
0.040705 0.502711 0.270662 0.083096 9.9982E-05 9.9982E-05 0.0414728 0.0611532
9.9955E-05 0.3881 0.515343 9.9955E-05 9.9955E-05 9.9955E-05 9.9955E-05 0.0960577
0.0859088 0.5946 0.101507 0.0673387 9.9991E-05 0.0854785 0.0310865 0.0339804
0.0839777 0.463101 0.449953 9.9964E-05 9.9964E-05 9.9964E-05 9.9964E-05 0.00256936
0.0165813 9.9964E-05 0.775646 0.0204793 9.9964E-05 9.9964E-05 9.9964E-05 0.186894
0.103817 0.543305 0.149501 0.0203694 9.9991E-05 0.0981538 0.0229373 0.061816
9.9964E-05 0.167398 0.606945 0.095739 9.9964E-05 9.9964E-05 9.9964E-05 0.129518
0.0149649 0.541716 0.342315 9.9973E-05 9.9973E-05 0.0306126 9.9973E-05 0.0700918
0.190561 0.154745 0.654194 9.9955E-05 9.9955E-05 9.9955E-05 9.9955E-05 9.9955E-05
0.77523 0.00845592 9.9964E-05 0.0681971 9.9964E-05 0.147718 9.9964E-05 9.9964E-05
0.720756 0.0742903 9.9973E-05 0.0735095 9.9973E-05 0.120367 9.9973E-05 0.010777
0.772037 0.0205267 0.0286626 0.084253 9.9973E-05 0.094221 9.9973E-05 9.9973E-05
0.80069 9.9973E-05 0.00631836 0.0759233 9.9973E-05 0.115731 9.9973E-05 0.0010379
0.724484 0.130628 9.9964E-05 0.10429 9.9964E-05 0.0401977 9.9964E-05 9.9964E-05
0.779587 0.0726099 9.9973E-05 0.0443779 0.0411377 0.0619874 9.9973E-05 9.9973E-05
0.01748 0.0387819 0.032582 9.9982E-05 0.0759248 0.833857 0.00117413 9.9982E-05
0.0199028 0.0827147 0.0480661 9.9982E-05 0.0242364 0.782872 0.042008 9.9982E-05
0.00565718 0.114879 0.0171404 9.9991E-05 0.0234313 0.764541 0.0543238 0.0199271
0.0123815 0.0223256 0.0424284 9.9982E-05 0.0709855 0.849529 0.00214961 9.9982E-05
0.0174722 0.132871 9.9982E-05 0.00761316 0.0689389 0.7596 0.0133046 9.9982E-05
0.538689 9.9955E-05 9.9955E-05 0.0816039 9.9955E-05 0.379207 9.9955E-05 9.9955E-05
0.49796 9.9973E-05 9.9973E-05 0.0158992 9.9973E-05 0.433617 0.0122616 0.0399623
0.499937 9.9964E-05 9.9964E-05 9.9964E-05 9.9964E-05 0.413149 0.0565861 0.0299281
0.00690689 0.105991 9.9973E-05 9.9973E-05 0.0263243 0.843913 9.9973E-05 0.0165649
0.490587 9.9982E-05 0.0385535 0.0347032 0.0150395 0.404804 9.9982E-05 0.0161125
9.9982E-05 0.250703 9.9982E-05 0.0649339 0.026661 0.171446 0.462539 0.0235166
0.0156003 0.55866 9.9991E-05 0.0650234 0.0805843 0.109866 0.16971 0.000455968
9.9964E-05 0.521226 9.9964E-05 9.9964E-05 0.153452 0.179732 0.145191 9.9964E-05
9.9991E-05 0.286374 0.0394282 0.040145 0.123879 0.242255 0.238792 0.0290265
0.102498 0.489929 0.0239317 0.0452965 0.0710579 0.14257 0.124617 9.9991E-05
9.9964E-05 9.9964E-05 9.9964E-05 0.177254 9.9964E-05 0.292111 0.527415 0.00282076
0.393839 0.458218 9.9973E-05 0.0814527 9.9973E-05 0.0158968 9.9973E-05 0.0502943
0.211609 0.427707 0.0559547 0.0848513 9.9982E-05 9.9982E-05 0.0267123 0.192966
0.521789 0.32831 0.0832992 0.0253777 9.9982E-05 0.0163919 9.9982E-05 0.0246322
0.145942 0.535652 0.0447785 0.0799539 9.9973E-05 9.9973E-05 9.9973E-05 0.193374
0.34676 9.9964E-05 0.0275712 0.252798 9.9964E-05 9.9964E-05 9.9964E-05 0.372471
0.147379 0.575831 0.00206126 0.140567 0.0209994 0.0526008 0.0604616 9.9991E-05
0.154171 0.541157 0.01942 0.0794591 0.0192403 0.0367123 0.0148984 0.134943
0.428027 0.391413 0.0429356 0.0944291 9.9982E-05 0.0286007 9.9982E-05 0.0143939
0.149661 0.519614 0.131721 0.0290116 0.00778386 0.0692776 0.0788538 0.0140772
0.309259 0.139337 0.125731 0.231679 9.9973E-05 9.9973E-05 9.9973E-05 0.193693
0.146939 0.579671 0.0306494 0.125654 0.0150517 0.0269862 9.9991E-05 0.0749489
0.297147 0.552767 0.0671821 0.0145968 0.00444523 0.0249733 9.9991E-05 0.0387888
0.105887 0.357571 0.0642958 0.0618806 0.0585894 0.07181 0.189494 0.0904713
0.23648 0.336544 0.0930311 0.136382 0.0117344 9.9991E-05 0.00554289 0.180185
0.231912 0.424658 0.0511922 0.118047 9.9982E-05 9.9982E-05 0.0558694 0.118121
0.159266 0.562076 0.0610744 0.0628452 0.00800763 0.0037912 9.9991E-05 0.14284
0.151973 0.550928 0.0948363 0.0680088 9.9973E-05 9.9973E-05 9.9973E-05 0.133954
0.092678 0.619609 0.00739527 0.0498936 0.0400538 0.0421169 0.0567332 0.0915201
0.175063 0.550516 0.0710217 0.0225699 0.0614209 0.0811146 0.00679945 0.0314943
0.184305 0.572376 0.0737275 0.0236211 0.00746505 0.0675807 0.0346757 0.0362493
9.9955E-05 0.0975649 9.9955E-05 9.9955E-05 0.0560486 0.845887 9.9955E-05 9.9955E-05
9.9955E-05 0.118026 9.9955E-05 9.9955E-05 0.0116291 0.869845 9.9955E-05 9.9955E-05
9.9955E-05 0.0728929 9.9955E-05 0.0345277 9.9955E-05 0.89208 9.9955E-05 9.9955E-05
0.0195072 0.0149695 9.9973E-05 9.9973E-05 0.0702196 0.894894 9.9973E-05 0.000109234
9.9955E-05 0.0894638 9.9955E-05 9.9955E-05 0.00912357 0.900913 9.9955E-05 9.9955E-05
0.585573 0.143563 0.0685412 0.112103 0.0261585 0.0166328 0.0201576 0.0272704
0.148785 0.472769 0.0737253 0.00991869 0.00075739 0.0461706 0.115487 0.132387
0.00105779 0.396234 9.9991E-05 0.0721021 0.147815 0.198085 0.112084 0.0725219
0.214163 0.639337 0.0136343 0.0204564 0.0426445 0.0569704 0.00880526 0.00398961
0.373978 0.503361 0.0703731 9.9973E-05 0.0214804 9.9973E-05 0.0305073 9.9973E-05
0.257352 0.275162 0.0413424 0.218203 0.00965593 9.9991E-05 0.0373478 0.160837
0.786617 0.0552212 0.0727934 0.0175577 9.9982E-05 0.0631594 9.9982E-05 0.00445156
0.377275 0.497589 0.0418108 0.00468477 0.0196975 0.0587428 9.9982E-05 9.9982E-05
0.613622 0.234955 0.00445915 0.0466305 0.057892 0.0251676 9.9991E-05 0.0171729
0.162764 0.481204 0.0893578 0.0592949 9.9991E-05 0.0614848 0.0269988 0.118796
0.644731 0.181229 0.00174302 0.0507465 9.9991E-05 0.0466282 0.0235049 0.0513179
0.273365 0.561323 9.9982E-05 9.9982E-05 0.0648388 0.0618028 0.0257219 0.0127487
0.592353 0.161757 0.100565 0.0648034 0.00157371 0.0425669 0.0318232 0.0045581
0.313683 0.23894 0.108398 0.0609112 0.0345466 9.9991E-05 0.107951 0.13547
9.9991E-05 0.526137 0.0467295 0.19764 0.00517196 0.0738047 0.0256249 0.124793
0.040936 0.313564 0.0164894 0.537571 9.9973E-05 9.9973E-05 9.9973E-05 0.0911402
0.0193126 0.558997 0.033462 0.302735 9.9982E-05 0.0278827 9.9982E-05 0.0574103
0.089077 0.535332 0.0304115 0.214426 9.9991E-05 0.058239 0.0574727 0.0149417
0.0526164 0.255503 0.0470796 0.590215 9.9973E-05 9.9973E-05 9.9973E-05 0.0542864
0.0297905 0.528835 0.0541014 0.178661 0.056104 0.0905787 9.9991E-05 0.0618289
0.0958208 0.519246 9.9973E-05 0.286496 9.9973E-05 0.0142899 9.9973E-05 0.0838472
0.0171217 0.113358 0.114455 0.580268 9.9973E-05 9.9973E-05 9.9973E-05 0.174497
9.9964E-05 0.201394 0.00324015 0.727695 9.9964E-05 9.9964E-05 9.9964E-05 0.0672706
0.0468188 0.474692 9.9964E-05 0.436792 9.9964E-05 9.9964E-05 9.9964E-05 0.0412966
0.0457036 0.0868584 0.147048 0.616601 9.9973E-05 9.9973E-05 9.9973E-05 0.103489
0.0521476 0.448965 0.0566676 0.410289 9.9973E-05 9.9973E-05 9.9973E-05 0.0316313
0.70553 0.157695 0.0999905 9.9973E-05 0.0309699 9.9973E-05 9.9973E-05 0.0055145
0.353211 0.181845 0.0562723 9.9982E-05 0.0438909 9.9982E-05 0.076137 0.288445
0.471061 0.389043 0.013467 9.9991E-05 0.0453489 0.0381361 0.0188759 0.0239684
0.190144 0.505346 0.133652 9.9973E-05 9.9973E-05 9.9973E-05 0.142106 0.0284526
0.588213 0.230966 0.113581 9.9973E-05 9.9973E-05 9.9973E-05 0.0518201 0.0151195
0.162536 0.499166 0.0549193 0.0327936 0.00767945 0.0399179 0.0979044 0.105083
0.223022 0.593101 0.0452962 9.9991E-05 0.0341982 0.0256695 0.00119092 0.0774219
0.231942 0.490445 0.0524873 0.0298998 0.0300724 9.9991E-05 0.0483534 0.116699
0.297588 0.486315 0.0481305 9.9991E-05 0.0593907 0.00173663 0.0451461 0.0615926
0.449122 0.481556 0.0298288 9.9973E-05 0.0258717 0.0133216 9.9973E-05 9.9973E-05
0.535692 0.26799 0.121396 9.9973E-05 9.9973E-05 9.9973E-05 0.0485563 0.0260662
0.446531 0.428514 0.0258834 9.9973E-05 0.0457616 9.9973E-05 9.9973E-05 0.0530092
0.237017 0.540335 0.0215522 9.9973E-05 9.9973E-05 9.9973E-05 0.0853973 0.115399
0.117381 0.572125 0.0160796 0.0914459 9.9982E-05 9.9982E-05 0.155783 0.0469849
0.310069 0.293815 0.0742054 0.0476738 9.9982E-05 9.9982E-05 0.19786 0.0761768
0.214796 0.454172 0.100884 0.00445473 0.0253445 9.9991E-05 0.0904408 0.109808
0.470813 0.351138 0.0698723 0.000535167 0.050015 0.0227564 0.0347697 9.9991E-05
0.261724 0.537395 0.064707 9.9991E-05 0.0187011 0.0477119 0.0288395 0.0408212
0.303895 0.4396 0.0575634 9.9991E-05 0.0730044 0.0403025 0.0297151 0.0558191
0.186912 0.51099 0.00834269 0.0196129 0.0278047 0.108539 0.0633178 0.0744806
0.0449679 0.418283 9.9982E-05 0.0470092 0.068368 0.292073 0.129098 9.9982E-05
0.0583803 0.510458 0.0036282 0.0669254 0.0327343 0.0647928 0.223645 0.0394363
0.0397013 0.431799 0.0814067 0.0633671 0.0302156 0.15754 0.189967 0.00600419
0.0975609 0.510724 9.9991E-05 0.0327429 0.0438493 0.0796446 0.160441 0.0749376
0.0227694 0.407883 0.0641818 0.0531598 9.9982E-05 0.0912645 0.360541 9.9982E-05
0.182135 0.494555 0.0513275 0.088281 9.9973E-05 9.9973E-05 9.9973E-05 0.183402
0.0762973 0.482239 0.0533803 0.05882 9.9991E-05 0.147889 0.170528 0.0107457
0.0899228 0.0277855 0.0673489 0.280572 0.0638335 0.165831 0.201302 0.103404
0.091378 0.530163 9.9982E-05 0.119854 9.9982E-05 0.0420576 0.203106 0.0132405
0.0518609 0.500257 9.9982E-05 9.9982E-05 0.0605999 0.149705 0.151371 0.0860066
0.0506366 0.523601 0.0611994 0.0348915 0.0833306 0.0537755 0.143129 0.0494367
0.0819585 0.257715 0.0629373 0.139431 9.9991E-05 0.125397 0.221497 0.110964
0.0698886 0.554117 0.00434741 0.0149267 0.0608144 0.181854 0.113952 9.9991E-05
0.0292263 0.483781 9.9991E-05 0.0413714 0.0390427 0.0846885 0.242362 0.0794279
9.9964E-05 9.9964E-05 9.9964E-05 0.322658 9.9964E-05 0.368381 0.304677 0.00388299
0.0473168 0.476317 0.0330497 0.0841028 0.12368 0.140886 0.0945481 9.9991E-05
9.9982E-05 0.491739 9.9982E-05 0.0248411 0.0759732 0.218751 0.143485 0.0450104
0.0288975 0.575818 0.000736713 0.0961457 0.0832851 0.146473 9.9991E-05 0.0685441
9.9982E-05 0.498388 9.9982E-05 0.0293125 0.062751 0.172227 0.207294 0.0298272
0.0290964 0.518139 0.0201615 0.0930446 0.0873232 0.204675 0.0361697 0.0113905
0.0228936 0.413328 0.0229683 0.0336546 0.009807 0.072164 9.9991E-05 0.425085
0.0605146 0.48832 0.134588 9.9982E-05 9.9982E-05 0.055281 0.0489521 0.212145
0.0504642 9.9964E-05 0.0466415 0.0178583 9.9964E-05 9.9964E-05 9.9964E-05 0.884636
0.0395451 9.9964E-05 9.9964E-05 0.00101682 9.9964E-05 0.00849271 9.9964E-05 0.950545
0.0578093 0.463614 9.9991E-05 0.0515258 0.0250968 0.0767141 0.0293581 0.295782
9.9982E-05 0.30402 9.9982E-05 0.0791795 0.142611 0.0839233 0.266671 0.123395
9.9973E-05 0.286919 9.9973E-05 9.9973E-05 0.0336334 0.0846345 0.41378 0.180733
9.9982E-05 0.126504 9.9982E-05 0.0362588 0.0891231 0.0924057 0.394014 0.261493
9.9964E-05 0.326126 9.9964E-05 9.9964E-05 9.9964E-05 0.0603982 0.411906 0.201169
9.9973E-05 0.0467286 9.9973E-05 0.0343156 9.9973E-05 0.0893824 0.109214 0.72006
9.9964E-05 0.110095 9.9964E-05 9.9964E-05 9.9964E-05 0.0808145 0.112122 0.696569
0.0133313 0.505523 9.9973E-05 9.9973E-05 0.0254334 9.9973E-05 0.0938226 0.36159
9.9973E-05 0.363003 9.9973E-05 9.9973E-05 0.053736 0.0429674 0.0794839 0.46051
0.000582036 0.177632 9.9973E-05 9.9973E-05 9.9973E-05 0.0488653 0.0863292 0.686291
0.0506651 0.516236 9.9991E-05 0.00447226 0.00256659 0.0610393 0.0629813 0.30194
9.9964E-05 0.54426 9.9964E-05 9.9964E-05 9.9964E-05 0.0257659 0.101967 0.327608
0.0295197 0.49765 9.9991E-05 0.0686788 0.0124872 0.0622727 0.08624 0.243052
9.9964E-05 0.321382 0.0179701 9.9964E-05 9.9964E-05 0.0178208 9.9964E-05 0.642427
0.0702153 0.398801 0.00644678 0.00925598 0.00359031 0.0222697 0.000145348 0.489276
0.000859117 0.53666 0.0186182 0.0392726 9.9982E-05 0.0663928 9.9982E-05 0.337997
0.0990732 0.426516 9.9991E-05 0.0818209 0.0153713 0.0205306 0.0411887 0.315399
0.0416604 0.509351 0.0732168 9.9991E-05 0.0175866 0.132435 0.00808226 0.217568
9.9973E-05 0.455472 0.0399671 0.0526017 9.9973E-05 0.0204121 9.9973E-05 0.431247
9.9955E-05 0.162867 9.9955E-05 9.9955E-05 9.9955E-05 0.0123136 9.9955E-05 0.82432
9.9964E-05 0.595052 9.9964E-05 9.9964E-05 0.021593 0.0243584 9.9964E-05 0.358596
0.0729895 0.141564 0.0234676 9.9973E-05 0.0155503 9.9973E-05 9.9973E-05 0.746129
9.9955E-05 0.416924 9.9955E-05 9.9955E-05 9.9955E-05 0.0433213 9.9955E-05 0.539255
0.0240906 0.510065 0.0548665 0.0301342 9.9982E-05 0.0949707 9.9982E-05 0.285673
9.9973E-05 0.500514 0.021048 9.9973E-05 0.00916906 0.0893752 9.9973E-05 0.379594
0.017351 0.45188 0.0410349 0.0537785 0.103859 0.122627 0.107272 0.102198
0.0937896 0.421179 0.0435634 0.00875671 0.114925 0.140535 0.0831919 0.0940597
9.9982E-05 0.298541 9.9982E-05 0.102764 0.0709721 0.131907 0.334259 0.0613575
0.0459935 0.332502 0.00782357 0.067892 0.126693 0.160619 0.16796 0.0905164
0.0686189 0.440884 0.0295346 0.0944425 0.0881793 0.104484 0.173386 0.000470281
9.9991E-05 0.396415 0.00651447 0.0646448 0.0368721 0.13106 0.196998 0.167397
9.9955E-05 9.9955E-05 9.9955E-05 9.9955E-05 9.9955E-05 0.127581 0.19935 0.67257
9.9982E-05 0.502149 9.9982E-05 0.00384183 0.0644288 0.0503047 0.228032 0.151044
9.9964E-05 9.9964E-05 9.9964E-05 0.135856 9.9964E-05 0.275083 0.202117 0.386544
9.9973E-05 0.454494 9.9973E-05 9.9973E-05 0.0880713 0.0306951 0.130284 0.296156
9.9946E-05 0.0828143 9.9946E-05 9.9946E-05 9.9946E-05 9.9946E-05 9.9946E-05 0.916586
9.9946E-05 9.9946E-05 0.0538902 9.9946E-05 9.9946E-05 9.9946E-05 9.9946E-05 0.94551
9.9946E-05 0.452268 9.9946E-05 9.9946E-05 9.9946E-05 9.9946E-05 9.9946E-05 0.547133
9.9964E-05 0.550098 9.9964E-05 9.9964E-05 0.0251953 0.0268452 9.9964E-05 0.397462
9.9946E-05 0.365763 9.9946E-05 9.9946E-05 9.9946E-05 9.9946E-05 9.9946E-05 0.633638
9.9964E-05 0.533595 0.011014 9.9964E-05 0.0282271 9.9964E-05 9.9964E-05 0.426764
9.9946E-05 0.513663 9.9946E-05 9.9946E-05 9.9946E-05 9.9946E-05 9.9946E-05 0.485738
0.060641 0.0171539 9.9982E-05 9.9982E-05 0.016177 0.862481 0.0149966 0.0283507
0.0441767 0.0479745 0.025196 0.0276531 0.0276757 0.748175 0.0662936 0.0128554
0.0130042 0.00878975 9.9973E-05 0.0137763 0.0342613 0.929868 9.9973E-05 9.9973E-05
9.9955E-05 0.0607537 9.9955E-05 0.00550366 9.9955E-05 0.933243 9.9955E-05 9.9955E-05
9.9982E-05 0.535813 0.352873 0.0476806 0.0382361 0.0116584 0.0135391 9.9982E-05
0.0614875 0.560182 0.302768 0.0103063 9.9973E-05 0.0649564 9.9973E-05 9.9973E-05
0.0387941 0.571647 0.368599 9.9964E-05 9.9964E-05 0.0205604 9.9964E-05 9.9964E-05
0.00913724 0.605842 0.254042 0.0332544 9.9973E-05 0.0974248 9.9973E-05 9.9973E-05
0.0675599 0.593565 0.109637 0.121496 0.0174869 0.0852932 9.9991E-05 0.00486261
0.103498 0.308447 0.539349 9.9964E-05 9.9964E-05 0.0483055 9.9964E-05 9.9964E-05
9.9964E-05 0.622321 0.340276 9.9964E-05 9.9964E-05 0.0228433 0.0141596 9.9964E-05
9.9973E-05 0.27767 0.579848 0.040176 9.9973E-05 9.9973E-05 0.013957 0.0880491
0.0847531 0.403609 9.9982E-05 0.0287609 0.0827804 0.289107 0.11079 9.9982E-05
0.0129235 0.458205 0.356191 0.0937364 9.9982E-05 0.00293219 9.9982E-05 0.0758112
0.0937196 0.357308 0.530855 9.9964E-05 9.9964E-05 0.0177175 9.9964E-05 9.9964E-05
0.0289829 0.534639 0.352705 0.0112382 0.0142252 9.9982E-05 9.9982E-05 0.0580104
0.102084 0.428623 0.440576 9.9973E-05 0.00642963 0.0219884 9.9973E-05 9.9973E-05
9.9973E-05 0.577483 0.370716 9.9973E-05 0.0141923 9.9973E-05 0.0138344 0.0234738
0.00640871 0.523127 0.340501 0.0208374 0.0239102 0.0833939 9.9991E-05 0.00172195
9.9964E-05 0.0192633 0.862798 0.0303373 9.9964E-05 9.9964E-05 9.9964E-05 0.0872014
9.9973E-05 0.322157 0.52647 0.0593848 0.00797819 9.9973E-05 9.9973E-05 0.0837099
9.9964E-05 0.341724 0.572519 9.9964E-05 0.0384296 9.9964E-05 9.9964E-05 0.0469275
9.9955E-05 9.9955E-05 0.831798 0.0615739 9.9955E-05 9.9955E-05 9.9955E-05 0.106128
0.12729 0.383386 0.411383 0.00248138 9.9973E-05 0.0751598 9.9973E-05 9.9973E-05
9.9964E-05 0.0885724 0.61794 0.228726 9.9964E-05 9.9964E-05 9.9964E-05 0.0643617
9.9955E-05 9.9955E-05 0.854384 0.0874761 9.9955E-05 9.9955E-05 9.9955E-05 0.0576405
9.9982E-05 0.5492 0.268672 0.0527114 0.0560266 0.025621 9.9982E-05 0.0475689
0.191619 0.190352 0.568024 9.9973E-05 0.0050294 0.044676 9.9973E-05 9.9973E-05
0.0712322 0.459288 0.396801 0.0147802 9.9982E-05 0.028846 0.0288529 9.9982E-05
0.0474415 0.565021 0.13456 0.0788879 0.0358463 0.0876399 0.0505033 9.9991E-05
0.0483679 0.498474 0.403272 9.9973E-05 9.9973E-05 0.0417101 0.00787625 9.9973E-05
0.340584 0.339792 0.0166077 0.106178 9.9982E-05 9.9982E-05 0.0408794 0.155759
0.0502496 0.564322 0.268482 9.9973E-05 9.9973E-05 0.0702054 9.9973E-05 0.0464414
0.0914851 0.537878 0.315569 0.0396785 9.9973E-05 0.0150898 9.9973E-05 9.9973E-05
9.9964E-05 0.303621 0.573126 9.9964E-05 0.0218872 9.9964E-05 9.9964E-05 0.100966
0.0681924 0.55255 0.261731 9.9982E-05 9.9982E-05 0.104262 0.0118535 0.00121078
0.282604 9.9955E-05 9.9955E-05 0.0486836 9.9955E-05 0.668213 9.9955E-05 9.9955E-05
0.167066 9.9982E-05 0.0246398 0.00473303 9.9982E-05 0.769156 0.0191871 0.0150185
0.127162 9.9964E-05 0.0173178 0.00933821 9.9964E-05 0.845782 9.9964E-05 9.9964E-05
0.123162 9.9955E-05 9.9955E-05 0.0621881 9.9955E-05 0.81415 9.9955E-05 9.9955E-05
0.136364 0.0218837 0.0138841 0.087052 0.00685067 0.733766 9.9982E-05 9.9982E-05
0.159101 0.138502 0.636517 9.9964E-05 9.9964E-05 0.0654804 9.9964E-05 9.9964E-05
0.0981775 0.201571 0.660918 9.9964E-05 9.9964E-05 0.0389329 9.9964E-05 9.9964E-05
9.9973E-05 0.166332 0.750513 0.00541382 9.9973E-05 9.9973E-05 0.0369179 0.040524
0.0368061 0.552523 0.159893 0.059865 0.0394213 0.0725881 0.0480472 0.0308561
0.037557 0.517152 0.188454 0.0207815 0.0489257 0.102706 0.0475354 0.0368887
9.9982E-05 0.2278 0.646054 0.0515476 0.0313207 0.0202355 9.9982E-05 0.0228423
9.9982E-05 0.568077 0.264595 0.0451726 0.0961622 0.0124771 9.9982E-05 0.0133168
9.9982E-05 0.377695 0.439786 9.9982E-05 0.0401941 0.0313116 0.0234731 0.0873402
0.0405998 0.51839 0.3823 9.9973E-05 9.9973E-05 0.0467186 9.9973E-05 0.0116921
0.0202423 0.557002 0.289958 0.0347752 0.0480845 0.0497382 9.9982E-05 9.9982E-05
0.119707 0.233564 0.634197 9.9964E-05 0.0121322 9.9964E-05 9.9964E-05 9.9964E-05
0.114326 0.294164 0.59101 9.9955E-05 9.9955E-05 9.9955E-05 9.9955E-05 9.9955E-05
0.0905679 0.317009 0.562318 9.9964E-05 9.9964E-05 0.0297058 9.9964E-05 9.9964E-05
0.0105467 0.649487 9.9964E-05 0.253663 9.9964E-05 0.0859038 9.9964E-05 9.9964E-05
0.10629 0.396218 0.477972 9.9964E-05 9.9964E-05 0.0191202 9.9964E-05 9.9964E-05
0.0770706 0.390811 0.45066 9.9973E-05 0.0241345 0.0570236 9.9973E-05 9.9973E-05
0.0365435 0.389401 0.00596332 9.9973E-05 0.113093 9.9973E-05 0.4547 9.9973E-05
0.00492623 0.30275 9.9973E-05 9.9973E-05 0.10295 0.00603751 0.583036 9.9973E-05
9.9955E-05 0.40408 9.9955E-05 9.9955E-05 0.0665405 9.9955E-05 0.528879 9.9955E-05
9.9955E-05 0.213016 9.9955E-05 9.9955E-05 0.0786939 9.9955E-05 0.707791 9.9955E-05
0.0222033 0.443329 0.0370166 9.9991E-05 0.0543418 0.0463994 0.393765 0.00284507
9.9982E-05 0.528428 0.161221 0.234112 9.9982E-05 0.0415069 0.0102882 0.0242435
9.9955E-05 9.9955E-05 9.9955E-05 9.9955E-05 0.0415126 0.0374022 0.920585 9.9955E-05
9.9955E-05 0.218349 9.9955E-05 9.9955E-05 0.0486757 9.9955E-05 0.732476 9.9955E-05
9.9973E-05 0.35727 0.0351602 0.258349 9.9973E-05 0.0744956 0.274426 9.9973E-05
0.0663719 0.548487 9.9964E-05 0.289688 9.9964E-05 0.0950532 9.9964E-05 9.9964E-05
0.0337882 0.503555 9.9964E-05 0.35099 9.9964E-05 0.111267 9.9964E-05 9.9964E-05
0.00235493 0.583394 0.0297397 0.246319 0.0392081 0.0920032 0.00688105 9.9991E-05
0.000628233 0.644443 0.021618 0.214278 9.9973E-05 0.118733 9.9973E-05 9.9973E-05
9.9964E-05 0.241774 9.9964E-05 9.9964E-05 0.0248899 0.016484 0.716452 9.9964E-05
0.0270515 0.349786 9.9955E-05 9.9955E-05 9.9955E-05 9.9955E-05 0.622663 9.9955E-05
9.9955E-05 0.329129 9.9955E-05 9.9955E-05 0.0832763 9.9955E-05 0.587095 9.9955E-05
0.0204257 0.410061 0.0225277 9.9991E-05 0.0637158 0.0726581 0.38743 0.0230816
0.013195 0.156252 0.0129929 9.9973E-05 0.00838102 9.9973E-05 0.808879 9.9973E-05
0.0524784 0.351657 0.000311182 9.9991E-05 0.110621 0.0115575 0.452139 0.021136
9.9955E-05 0.161413 9.9955E-05 9.9955E-05 0.0649976 9.9955E-05 0.77309 9.9955E-05
0.0210184 0.377042 0.0566522 9.9982E-05 0.0448651 0.0675832 0.432639 9.9982E-05
9.9982E-05 0.496011 0.0223216 0.366421 0.0165479 0.0906107 0.00788816 9.9982E-05
0.0479711 0.355986 0.0189833 9.9982E-05 0.070514 0.0737543 0.432592 9.9982E-05
9.99459E-05 0.00907592 9.99459E-05 9.99459E-05 9.99459E-05 9.99459E-05 0.990324 9.99459E-05
0.0809248 0.368733 0.00877925 9.9982E-05 0.0356581 0.00368261 0.502022 9.9982E-05
0.0936102 0.314316 0.0140531 0.436123 9.9973E-05 0.141598 9.9973E-05 9.9973E-05
9.9955E-05 0.559599 9.9955E-05 0.380206 0.0596954 9.9955E-05 9.9955E-05 9.9955E-05
0.0795776 0.279891 9.9982E-05 0.0130545 0.110282 0.0351206 0.481874 9.9982E-05
0.0237306 0.550499 9.9964E-05 0.287091 9.9964E-05 0.13828 9.9964E-05 9.9964E-05
0.0232593 0.490767 9.9964E-05 0.35357 9.9964E-05 0.132004 9.9964E-05 9.9964E-05
0.0164314 0.296418 0.0689245 0.0332099 0.0486353 0.155343 0.33082 0.0502178
9.9991E-05 0.328855 0.00314247 0.0288411 0.0311812 0.170763 0.381278 0.0558394
0.0201846 0.578729 0.0605095 0.0921498 0.0393653 0.137075 0.0718867 9.9991E-05
0.0389773 0.354192 0.0655328 9.9982E-05 0.0864093 0.0434719 0.411217 9.9982E-05
9.9955E-05 0.388862 9.9955E-05 9.9955E-05 0.0487585 9.9955E-05 0.561879 9.9955E-05
9.9955E-05 0.0610799 9.9955E-05 9.9955E-05 0.0660641 9.9955E-05 0.872356 9.9955E-05
0.0586448 0.611903 9.9982E-05 0.132347 0.0641429 0.0824597 9.9982E-05 0.0503026
0.0277544 0.449853 9.9964E-05 0.406993 9.9964E-05 0.115 9.9964E-05 9.9964E-05
9.9973E-05 0.161765 9.9973E-05 0.7703 0.027198 0.0233243 9.9973E-05 0.0171129
0.0608524 0.592343 0.0239306 0.153806 0.00490278 0.12226 0.041805 9.9991E-05
0.140366 0.406212 9.9991E-05 0.247784 0.014048 0.0898133 0.021635 0.0800423
0.0344865 0.428461 0.0188244 0.143893 0.0616805 0.127475 0.176713 0.00846583
9.9991E-05 0.472384 0.030755 0.121854 0.044422 0.11267 0.101388 0.116427
