9.9982E-05 0.00746936 9.9982E-05 0.027735 0.883935 0.045319 0.0353414
0.0344165 0.038215 9.9973E-05 0.0229271 0.904142 9.9973E-05 9.9973E-05
9.9973E-05 0.0447143 9.9973E-05 0.0154819 0.804763 9.9973E-05 0.134741
9.9973E-05 9.9973E-05 9.9973E-05 0.105813 0.76398 0.033009 0.0968979
0.0150195 9.9982E-05 9.9982E-05 0.0258972 0.867977 0.0502758 0.0406309
9.999E-05 0.123092 0.0904421 0.058943 0.583602 0.0580531 0.0857675
0.0744379 0.0294827 0.0914854 9.9982E-05 0.801422 9.9982E-05 0.0029716
0.0373494 9.9982E-05 0.147412 0.0721769 0.722709 0.0201529 9.9982E-05
9.99729E-05 0.045637 0.0366662 0.0952882 0.822109 9.99729E-05 9.99729E-05
0.0827278 9.9982E-05 0.0273477 9.9982E-05 0.716792 0.0762455 0.096687
0.000179744 0.0334997 0.112532 0.0897154 0.736058 9.9991E-05 0.0279149
9.9982E-05 0.241134 9.9982E-05 0.423339 0.0110578 0.0718896 0.252379
0.0773525 0.0482858 0.0961883 0.246783 9.9982E-05 9.9982E-05 0.531191
0.120908 0.0793722 0.0345955 0.405286 0.053774 0.0312427 0.274821
0.063405 0.063362 9.9991E-05 0.331692 0.0941918 0.146381 0.300868
9.9982E-05 9.9982E-05 0.126437 0.225141 0.0987348 0.115741 0.433746
0.0933862 0.0176323 0.0190449 0.143477 0.0515408 0.0425028 0.632416
0.0459707 0.140598 0.0966225 0.210695 0.0143116 0.017871 0.473931
9.999E-05 0.170729 0.0275189 0.267457 0.145873 0.094015 0.294308
0.00102756 0.144088 0.170882 0.5677 0.0201667 0.0515699 0.0445656
0.133074 0.161274 0.0521423 0.211553 9.9991E-05 0.0626329 0.379224
0.045833 0.0311256 0.234064 0.177974 9.9982E-05 9.9982E-05 0.510803
0.0333434 0.1207 0.0810933 0.134413 0.0346527 9.9991E-05 0.595698
9.999E-05 0.265673 0.0966994 0.254101 0.0140109 0.050239 0.319176
0.0304544 9.9991E-05 0.0591084 0.141472 0.147988 0.0545746 0.566302
9.999E-05 0.158552 0.0313278 0.158963 0.0961589 0.064762 0.490136
0.0069774 0.192527 0.052976 0.443478 0.0547198 0.074676 0.174646
9.9982E-05 0.214223 0.0495496 0.362301 9.9982E-05 0.215228 0.158498
0.0601158 0.139205 0.188663 0.377496 9.9982E-05 9.9982E-05 0.23432
9.9964E-05 9.9964E-05 9.9964E-05 9.9964E-05 0.821962 0.0127558 0.164883
9.9964E-05 9.9964E-05 9.9964E-05 9.9964E-05 0.82022 0.00615557 0.173224
9.9973E-05 0.0675544 9.9973E-05 9.9973E-05 0.777593 0.0122069 0.142346
9.9973E-05 0.111567 9.9973E-05 9.9973E-05 0.728183 0.112078 0.0478716
0.042794 0.24614 0.0371383 0.0948426 0.0676457 0.0108287 0.500611
9.9982E-05 0.267598 9.9982E-05 0.0617874 0.0866046 0.059824 0.523986
9.9973E-05 0.40941 9.9973E-05 9.9973E-05 0.0264941 0.0184572 0.545339
9.9991E-05 0.206133 0.00812416 0.565157 0.0696432 0.0176903 0.133152
0.0665844 0.63116 0.00512685 9.9991E-05 0.0141555 0.0703364 0.212537
0.086639 0.157086 0.0749455 0.105835 0.0704403 0.0716133 0.433441
9.999E-05 0.182413 0.0848066 0.0395436 0.0214462 0.0534132 0.618278
9.9982E-05 0.160523 0.0841509 0.0181907 0.130583 9.9982E-05 0.606353
0.0389163 0.124757 0.0685304 0.0429685 0.105846 9.9991E-05 0.618882
9.9982E-05 0.691821 0.0689293 0.134808 0.00491012 9.9982E-05 0.0993311
9.9973E-05 9.9973E-05 0.267332 0.0878431 9.9973E-05 0.0453491 0.599176
0.0111124 0.244709 0.0832325 9.9991E-05 0.0630934 0.112826 0.484926
9.999E-05 0.279581 0.0851853 0.0218611 0.128359 0.038889 0.446025
0.0340429 0.624297 9.9982E-05 0.0156793 9.9982E-05 0.0116343 0.314146
0.0447414 0.281298 0.00479537 9.9991E-05 0.0438513 0.0218112 0.603403
0.129983 0.140951 9.9991E-05 0.029636 0.184231 0.0254259 0.489673
0.0412414 0.682769 0.183864 0.0167336 0.0751917 9.9982E-05 9.9982E-05
0.0502516 0.263067 0.123586 0.44602 9.9982E-05 9.9982E-05 0.116876
0.0839413 0.228653 0.380554 0.186996 0.0150016 0.00138999 0.103464
0.00342211 0.0636507 0.0740192 0.192137 0.0357188 0.084117 0.546935
0.100922 0.011081 0.0879634 0.0765438 0.0525904 0.0254059 0.645494
0.0653841 0.0627491 0.0991648 0.0665155 0.0886468 9.9991E-05 0.61744
9.9991E-05 0.269094 0.154957 0.328145 0.0896909 0.0161925 0.141821
0.0633561 0.00339758 0.111122 0.250258 0.00610427 9.9991E-05 0.565663
0.0310536 0.00891639 0.178798 0.0705239 0.03576 0.112611 0.562337
0.0927314 0.141754 0.116595 0.195917 0.0814357 9.99903E-05 0.371467
0.0152711 0.135252 0.25079 0.313797 0.18135 0.0289466 0.0745931
0.0161398 0.195862 0.00359538 0.110988 0.113619 0.0335356 0.526259
0.14714 0.0664245 0.116362 0.237852 0.0084377 0.052543 0.371241
9.9982E-05 0.203693 0.186745 0.50906 0.0304042 9.9982E-05 0.0698974
9.9982E-05 0.154178 0.0376564 0.284314 9.9982E-05 0.0497772 0.473875
0.132254 0.109428 0.0949603 0.0273524 0.0102012 0.043301 0.582503
9.9973E-05 9.9973E-05 0.109828 0.178585 0.0439111 9.9973E-05 0.667376
0.050156 0.275195 0.0970037 0.270242 9.9991E-05 0.0755646 0.231738
0.0275658 0.0953582 0.127712 0.222099 9.9991E-05 0.04767 0.479495
0.0197056 0.120019 0.0848351 0.0824131 0.0987611 0.00628217 0.587983
0.0904059 0.21756 0.0972801 0.388772 0.010431 9.9991E-05 0.195451
9.9955E-05 0.484839 9.9955E-05 9.9955E-05 9.9955E-05 9.9955E-05 0.514661
9.9973E-05 0.734025 9.9973E-05 0.089604 0.00849641 9.9973E-05 0.167575
0.0958021 0.0939984 9.9991E-05 0.170492 0.0425987 0.119286 0.477723
9.9955E-05 0.827994 0.171506 9.9955E-05 9.9955E-05 9.9955E-05 9.9955E-05
0.0963745 0.808152 0.0950732 9.9964E-05 9.9964E-05 9.9964E-05 9.9964E-05
9.9955E-05 0.752628 9.9955E-05 9.9955E-05 9.9955E-05 9.9955E-05 0.246872
9.9982E-05 0.420261 0.0548085 0.0799131 0.0162534 9.9982E-05 0.428564
0.0731918 0.250013 9.9982E-05 0.107957 0.102831 9.9982E-05 0.465806
9.9973E-05 0.48215 9.9973E-05 0.0716852 9.9973E-05 0.0222246 0.423641
9.9982E-05 0.687379 9.9982E-05 0.162076 0.0257357 0.0525093 0.0720995
9.9973E-05 0.516424 9.9973E-05 0.280182 0.036991 9.9973E-05 0.166104
0.0849108 0.256812 9.9982E-05 9.9982E-05 0.144458 0.0423174 0.471301
9.9973E-05 0.664284 9.9973E-05 0.0624142 9.9973E-05 0.0529023 0.2201
9.9964E-05 0.493967 9.9964E-05 9.9964E-05 0.0346703 9.9964E-05 0.470963
0.00945655 0.595793 0.0509465 9.9982E-05 0.0168749 9.9982E-05 0.326729
0.165648 0.691235 0.141433 0.00105814 9.9982E-05 0.000425969 9.9982E-05
9.9991E-05 0.161443 0.0783278 0.103786 0.0093198 0.0971849 0.549838
9.9973E-05 9.9973E-05 9.9973E-05 0.0758391 0.787871 0.00875821 0.127232
9.9955E-05 9.9955E-05 9.9955E-05 9.9955E-05 0.882211 9.9955E-05 0.117289
9.9964E-05 9.9964E-05 9.9964E-05 9.9964E-05 0.868477 0.0102067 0.120917
9.9955E-05 9.9955E-05 9.9955E-05 9.9955E-05 0.927287 9.9955E-05 0.0722128
9.9964E-05 0.0171182 9.9964E-05 9.9964E-05 0.881266 9.9964E-05 0.101216
0.0233632 9.9973E-05 9.9973E-05 9.9973E-05 0.868111 0.044736 0.0634895
9.99551E-05 9.99551E-05 9.99551E-05 9.99551E-05 0.909008 9.99551E-05 0.0904922
0.0964423 0.130106 9.9991E-05 0.0528012 0.145851 0.0366105 0.538088
0.0575528 0.0779574 0.0622085 0.109542 0.00802974 0.0576529 0.627057
0.034188 0.871012 9.9973E-05 0.0629702 0.0315302 9.9973E-05 9.9973E-05
9.9991E-05 0.170084 0.0883715 0.107112 0.0897757 0.0128815 0.531675
9.9973E-05 0.460717 9.9973E-05 0.10407 9.9973E-05 0.0380009 0.396912
0.0757619 0.296774 9.9991E-05 0.0180099 0.0304793 0.0251767 0.553698
0.140413 0.299664 0.00417114 9.9982E-05 0.0684322 9.9982E-05 0.48712
0.0455451 0.437514 9.9982E-05 9.9982E-05 0.0275324 0.121224 0.367985
0.000845378 0.728351 0.000971394 0.215463 0.0541694 9.9982E-05 9.9982E-05
0.209508 0.116955 9.9991E-05 0.045809 0.109126 0.111718 0.406784
0.0388437 0.227762 9.9991E-05 0.00129612 0.057456 0.0607422 0.6138
9.9991E-05 0.110691 0.0303542 0.099356 0.0898428 0.0955535 0.574103
0.0383777 0.553258 0.113758 9.9982E-05 9.9982E-05 0.0605552 0.23385
0.0472102 0.51963 0.00151809 9.9982E-05 9.9982E-05 0.0424828 0.388959
9.9973E-05 0.460017 9.9973E-05 0.0887581 0.0430327 9.9973E-05 0.407892
0.00789324 0.686438 9.9973E-05 9.9973E-05 9.9973E-05 0.132238 0.173131
9.9973E-05 0.425206 9.9973E-05 0.0525829 0.099985 9.9973E-05 0.421926
0.0242344 0.123518 0.0431417 0.101385 0.109371 0.0321822 0.566167
0.219487 9.9982E-05 0.119548 0.386593 9.9982E-05 0.0557103 0.218461
9.9982E-05 9.9982E-05 0.102872 0.289954 0.091969 0.0176796 0.497325
0.101873 0.00233362 0.030377 0.115644 0.126337 0.0117865 0.611649
0.000166558 0.106968 0.0820181 0.0514971 0.175456 0.0795371 0.504357
0.0824862 0.0158835 0.0250442 0.34787 0.0165244 9.9991E-05 0.512091
9.9973E-05 0.120767 9.9973E-05 0.24202 0.0532354 9.9973E-05 0.583678
0.080258 9.9973E-05 9.9973E-05 0.418984 9.9973E-05 0.0257442 0.474714
0.050583 0.181459 0.0828584 0.0736898 0.0764376 0.109665 0.425307
9.9982E-05 9.9982E-05 0.172988 0.100951 0.0179196 0.0649467 0.642995
0.057824 0.149037 9.9982E-05 0.133436 0.0596314 9.9982E-05 0.599872
0.104583 0.0124467 0.00727929 0.341433 9.9982E-05 9.9982E-05 0.534059
0.0140874 9.9973E-05 0.141722 0.124034 9.9973E-05 9.9973E-05 0.719857
0.119903 9.9982E-05 0.0135455 0.0717501 0.163986 9.9982E-05 0.630616
0.0526913 0.0548139 9.9982E-05 0.242869 9.9982E-05 0.0315163 0.61791
0.0856289 9.9991E-05 0.120917 0.119064 0.0340069 0.0665752 0.573708
0.115361 0.073909 0.028524 0.179042 0.0108561 0.0605481 0.53176
0.0717053 0.0169715 0.128187 0.238973 0.0772906 9.9991E-05 0.466773
0.0930907 0.0389981 9.9982E-05 0.18998 9.9982E-05 0.0132683 0.664463
0.0954504 9.9982E-05 0.00865977 0.146958 0.0613703 9.9982E-05 0.687361
0.0366077 0.214575 0.0257094 0.410387 0.0209294 0.0710431 0.220749
0.181981 0.115666 0.184934 0.272358 0.054068 0.0163343 0.174659
9.9991E-05 0.115469 0.0484157 0.220108 0.00355928 0.08278 0.529568
0.271619 0.129685 0.173465 0.321488 9.9991E-05 0.0289265 0.0747158
0.0751445 0.153177 0.0504561 0.406303 0.0597464 9.9991E-05 0.255073
0.0799104 0.150038 9.9982E-05 0.28266 0.0337733 9.9982E-05 0.453418
0.0108482 0.181131 9.9982E-05 0.421355 0.0236346 9.9982E-05 0.362831
9.9973E-05 0.164794 0.0450415 0.450307 9.9973E-05 9.9973E-05 0.339558
0.0633738 0.0380302 0.0715802 0.0702597 0.0643102 0.0282989 0.664147
0.046946 0.0404053 0.149248 0.0442701 0.0308043 0.104406 0.583921
0.0671302 0.209416 9.9991E-05 0.125614 0.0414654 0.0466235 0.50965
0.0551207 0.170717 0.219039 0.332805 9.9991E-05 0.037263 0.184954
0.0568222 0.100771 0.0723555 0.0286423 0.111273 0.0162992 0.613837
0.107969 0.0351637 0.223989 9.9991E-05 0.0595465 0.0294371 0.543795
0.19541 0.0877991 0.462421 0.164654 0.0895161 9.9982E-05 9.9982E-05
0.0484177 0.10917 0.103742 0.047665 0.0691043 9.9991E-05 0.621801
0.0778214 0.148202 0.244537 0.137598 0.063186 0.00978422 0.318871
0.0636024 0.128833 0.14857 0.0203784 0.0941061 0.0302533 0.514257
0.0422557 0.0994941 0.42992 0.0721454 0.0850688 0.0446471 0.226469
0.114757 0.0910221 0.436312 0.0937488 0.0390301 9.9991E-05 0.225029
0.104461 0.0313099 0.276786 0.138919 0.00675475 9.9991E-05 0.44167
0.09563 0.0268609 0.228369 0.0945827 0.0117846 0.00866831 0.534105
0.0595044 0.111449 0.194123 0.0962644 0.119209 0.0851572 0.334293
0.0526875 0.273502 0.415602 0.0617913 0.0244205 0.171898 9.9991E-05
0.105885 0.0600842 0.107675 0.0437007 0.0263364 0.0767375 0.579582
9.9973E-05 0.138462 0.309517 0.13143 9.9973E-05 9.9973E-05 0.420291
0.0952941 0.0994156 0.196835 0.118893 9.9982E-05 9.9982E-05 0.489362
0.129812 0.00275394 0.0368226 0.0473921 0.174671 9.9991E-05 0.608448
9.9982E-05 0.0713865 0.287475 9.9982E-05 0.259192 0.254634 0.127113
9.9964E-05 9.9964E-05 0.360042 9.9964E-05 0.48579 0.153767 9.9964E-05
9.9964E-05 9.9964E-05 0.491008 9.9964E-05 0.398173 0.110419 9.9964E-05
9.9982E-05 9.9982E-05 0.202951 0.0125004 0.357365 0.361109 0.065874
9.9964E-05 0.110425 0.218072 9.9964E-05 9.9964E-05 9.9964E-05 0.671103
0.11901 0.000119351 0.17483 0.0856133 0.0200698 0.0459894 0.554368
9.9973E-05 0.0317393 9.9973E-05 0.00416877 9.9973E-05 0.616108 0.347684
9.9973E-05 0.151918 9.9973E-05 0.0478823 9.9973E-05 0.468592 0.331308
9.9982E-05 0.0280163 9.9982E-05 0.114288 0.0735281 0.445758 0.33821
0.217106 0.071205 0.417239 9.9973E-05 9.9973E-05 9.9973E-05 0.29415
0.0776446 0.00439282 0.154461 0.165223 0.0266654 0.0390581 0.532556
0.167739 0.0381503 0.547339 0.0158398 9.9982E-05 9.9982E-05 0.230732
0.00727873 0.0309067 0.308856 0.0106663 0.00937952 9.9991E-05 0.632813
0.196272 9.9973E-05 0.298066 9.9973E-05 0.0315877 9.9973E-05 0.473774
0.0669775 0.0400739 0.27045 0.0302503 9.9991E-05 0.00199961 0.590148
0.140531 0.113455 0.469588 0.0365399 9.9982E-05 9.9982E-05 0.239687
0.0156439 0.07591 0.147709 9.9991E-05 0.0695948 0.123746 0.567296
0.0167715 0.0920111 0.190568 9.9982E-05 0.104777 9.9982E-05 0.595673
0.0162203 0.0241372 9.9964E-05 9.9964E-05 9.9964E-05 0.959243 9.9964E-05
9.9955E-05 9.9955E-05 9.9955E-05 9.9955E-05 9.9955E-05 0.897019 0.102481
9.9991E-05 0.0430121 0.0549812 0.0737983 0.0223545 0.609 0.196754
9.9964E-05 9.9964E-05 9.9964E-05 0.0438965 9.9964E-05 0.656598 0.299105
9.9964E-05 0.0505173 9.9964E-05 9.9964E-05 9.9964E-05 0.781979 0.167104
9.995E-05 9.995E-05 9.995E-05 9.995E-05 9.995E-05 0.9994 9.995E-05
0.0260831 9.9964E-05 9.9964E-05 0.0162328 9.9964E-05 0.957284 9.9964E-05
0.011767 9.9964E-05 9.9964E-05 9.9964E-05 9.9964E-05 0.789129 0.198704
9.9973E-05 0.0140969 9.9973E-05 0.0196657 9.9973E-05 0.96191 0.00402749
9.995E-05 9.995E-05 9.995E-05 9.995E-05 9.995E-05 0.9994 9.995E-05
9.995E-05 9.995E-05 9.995E-05 9.995E-05 9.995E-05 0.9994 9.995E-05
0.0297709 9.9973E-05 9.9973E-05 9.9973E-05 0.0351208 0.77816 0.156649
9.9982E-05 0.00428429 9.9982E-05 0.0401527 0.0471309 0.787327 0.120905
9.9955E-05 0.0188956 9.9955E-05 9.9955E-05 9.9955E-05 0.980605 9.9955E-05
9.9991E-05 0.0377645 0.13126 0.00736121 0.0709903 0.311558 0.440966
9.9982E-05 0.00622363 9.9982E-05 0.0640839 0.0324505 0.647456 0.249586
9.9982E-05 9.9982E-05 0.0263066 0.0165468 0.0322401 0.819104 0.105602
9.9964E-05 9.9964E-05 9.9964E-05 0.0455208 9.9964E-05 0.888723 0.0653568
9.9955E-05 9.9955E-05 9.9955E-05 9.9955E-05 9.9955E-05 0.993701 0.00579904
0.010433 9.9982E-05 9.9982E-05 0.019911 0.0217015 0.881265 0.0664895
9.995E-05 9.995E-05 9.995E-05 9.995E-05 9.995E-05 0.9994 9.995E-05
9.9982E-05 0.0167917 9.9982E-05 0.0826515 0.0635409 0.559758 0.277057
9.9973E-05 0.01712 9.9973E-05 0.0622482 9.9973E-05 0.901476 0.0188554
0.0561536 9.9973E-05 0.636599 9.9973E-05 0.280865 0.0260824 9.9973E-05
0.0652058 0.0273981 0.179033 0.165442 0.15703 0.144735 0.261156
0.0421059 0.0251207 0.231201 9.9991E-05 0.266744 0.0384553 0.396274
0.022698 9.9991E-05 0.518051 0.0316917 0.174819 0.0919685 0.160672
0.0764885 0.0554166 0.196439 0.0965674 0.0417185 0.105649 0.42772
9.9982E-05 0.0434027 0.473691 9.9982E-05 0.197431 0.081222 0.204054
0.135165 0.0182008 0.178652 9.9991E-05 0.160757 0.0928726 0.414253
9.9982E-05 0.0497487 0.383944 9.9982E-05 0.106678 0.145198 0.314231
9.9973E-05 9.9973E-05 0.212714 9.9973E-05 0.186776 0.0901083 0.510102
9.9973E-05 9.9973E-05 0.370902 9.9973E-05 0.053287 0.228414 0.347096
0.0668345 9.9991E-05 0.287648 0.0141508 0.0991421 0.174193 0.357932
9.9982E-05 0.00602088 0.0731147 0.0824482 0.814256 9.9982E-05 0.0239599
9.9973E-05 9.9973E-05 0.0140411 0.00621776 0.912242 0.0671996 9.9973E-05
9.9964E-05 9.9964E-05 0.0372918 0.00699455 0.955314 9.9964E-05 9.9964E-05
9.9964E-05 9.9964E-05 9.9964E-05 0.0393121 0.924885 9.9964E-05 0.035403
9.9982E-05 9.9982E-05 0.0188681 0.0331561 0.864877 0.0286952 0.0542035
0.038814 9.9964E-05 9.9964E-05 9.9964E-05 0.882615 0.0781711 9.9964E-05
9.9973E-05 0.0220517 9.9973E-05 9.9973E-05 0.883848 0.0671626 0.0266374
0.0510064 9.9973E-05 0.0480997 9.9973E-05 0.86874 0.0318538 9.9973E-05
0.0138328 0.0734004 9.9973E-05 9.9973E-05 0.880954 0.0315129 9.9973E-05
9.9973E-05 9.9973E-05 0.0695375 9.9973E-05 0.809162 0.0915889 0.0294119
0.0148271 0.138248 9.9973E-05 0.238543 0.608082 9.9973E-05 9.9973E-05
0.0571428 0.0444376 9.9973E-05 0.303155 0.594965 9.9973E-05 9.9973E-05
0.000522043 9.9973E-05 0.150639 0.34104 0.507499 9.9973E-05 9.9973E-05
0.0423245 0.0734806 0.0758926 0.341549 0.466553 9.9982E-05 9.9982E-05
0.0455911 0.415049 9.9991E-05 0.110389 0.0630922 0.0267402 0.339039
0.0916183 0.348197 9.9982E-05 0.0860748 9.9982E-05 0.0523347 0.421575
0.0346751 0.293008 0.00196363 0.140019 0.00389489 9.9991E-05 0.52634
0.0582925 0.25403 9.9982E-05 0.237797 0.0431478 9.9982E-05 0.406533
0.0567286 0.0679219 0.0267136 0.668113 9.9982E-05 9.9982E-05 0.180323
0.0769958 0.200603 9.9982E-05 0.0990088 9.9982E-05 0.018752 0.60444
0.0325717 0.31129 0.0548878 0.0328878 9.9982E-05 9.9982E-05 0.568163
0.0357536 0.317744 0.0730297 0.0560361 9.9982E-05 9.9982E-05 0.517236
9.9973E-05 0.681863 0.00899128 9.9973E-05 9.9973E-05 0.0843605 0.224485
0.0428642 0.166297 0.0290328 0.0444411 0.0542529 9.9991E-05 0.663012
0.0856499 0.411116 0.0435075 0.0959228 9.9982E-05 9.9982E-05 0.363604
0.24363 0.652119 0.00507209 0.0988786 9.9973E-05 9.9973E-05 9.9973E-05
0.0835487 0.123478 0.076725 0.0802113 0.0768789 0.015976 0.543182
0.0348138 0.577867 0.14947 0.0431696 9.9982E-05 9.9982E-05 0.194479
0.100528 0.362493 9.9964E-05 9.9964E-05 9.9964E-05 9.9964E-05 0.53658
9.9973E-05 0.763225 9.9973E-05 0.155503 0.0364291 9.9973E-05 0.0445429
9.9982E-05 0.0261171 0.163351 0.690187 0.106841 9.9982E-05 0.0133029
9.9973E-05 9.9973E-05 0.148036 0.748771 0.0816634 9.9973E-05 0.0212299
0.109931 9.9973E-05 0.0380139 0.805352 0.0464023 9.9973E-05 9.9973E-05
0.0329753 0.0508771 0.0305772 0.780683 0.104688 9.9982E-05 9.9982E-05
9.9973E-05 0.0476926 0.107463 0.795787 9.9973E-05 0.0487579 9.9973E-05
9.9982E-05 9.9982E-05 0.0351305 0.784548 0.0435547 0.0437333 0.092833
9.9973E-05 0.0138411 9.9973E-05 9.9973E-05 0.879194 0.000707966 0.105957
9.9973E-05 9.9973E-05 9.9973E-05 0.108759 0.779419 0.0311218 0.0804004
9.9973E-05 9.9973E-05 0.0426142 9.9973E-05 0.732752 0.114847 0.109488
9.9973E-05 9.9973E-05 9.9973E-05 0.0861508 0.712558 0.128603 0.0723883
9.9982E-05 9.9982E-05 0.0159179 0.0510959 0.758578 0.081578 0.0926303
9.9964E-05 9.9964E-05 0.154354 0.493384 0.351862 9.9964E-05 9.9964E-05
0.0603602 0.0492118 0.0298424 0.404359 0.456027 9.9982E-05 9.9982E-05
0.114773 0.0457803 9.9973E-05 0.412596 0.426551 9.9973E-05 9.9973E-05
9.9964E-05 9.9964E-05 9.9964E-05 0.0324931 0.788855 9.9964E-05 0.178252
0.0455235 0.0773163 9.9973E-05 0.497808 0.379053 9.9973E-05 9.9973E-05
0.0311356 9.9982E-05 0.176293 9.9982E-05 0.168045 0.351665 0.272661
0.0914486 0.0356118 9.9991E-05 0.0709782 0.121416 0.167638 0.512807
9.9964E-05 9.9964E-05 9.9964E-05 9.9964E-05 0.214787 0.23652 0.548293
9.9982E-05 0.0543021 0.19457 9.9982E-05 0.247121 0.151498 0.352309
0.0132057 9.9991E-05 0.13369 0.0121768 0.165692 0.147226 0.52791
9.9964E-05 9.9964E-05 0.286722 9.9964E-05 0.395412 0.317466 9.9964E-05
0.0853885 0.0854532 0.0348241 0.327777 0.0213675 9.9991E-05 0.445089
0.144555 0.0627385 0.207615 0.17585 0.000622975 9.9991E-05 0.408519
9.9982E-05 0.033233 0.0473377 0.545779 0.077133 9.9982E-05 0.296318
0.246745 0.0341009 0.0168822 0.190602 9.9982E-05 9.9982E-05 0.51147
0.374769 0.122097 0.32665 0.176184 9.9973E-05 9.9973E-05 9.9973E-05
0.0877032 0.0537325 0.0753414 0.0900218 0.129592 9.9991E-05 0.563509
0.105913 0.107635 0.123806 0.16522 9.9982E-05 9.9982E-05 0.497227
0.0105679 0.0745507 0.0874447 0.429324 0.0220497 9.9991E-05 0.375963
0.0766039 0.13571 0.037351 0.140137 0.0664563 0.117368 0.426374
0.124419 0.186083 0.324106 0.244274 9.9982E-05 9.9982E-05 0.120918
0.16854 0.00224522 0.176033 0.161179 9.9991E-05 0.0126904 0.479212
0.0812732 0.060782 0.0557491 0.233792 9.9991E-05 0.0157526 0.552551
9.9991E-05 0.143492 0.117175 0.111157 0.0849631 0.197872 0.345241
0.187158 0.0158084 0.084156 0.324928 9.9991E-05 0.0258406 0.362009
0.147903 0.0590728 9.9982E-05 0.278838 0.0302845 9.9982E-05 0.483702
0.206695 0.118988 0.0642139 0.0659635 9.9991E-05 0.122569 0.421472
0.124607 0.04448 0.103489 0.134343 0.00227319 9.9991E-05 0.590708
0.150262 0.0387303 0.00504572 0.107962 0.0530284 0.00549194 0.63948
0.0587893 0.112572 9.9991E-05 0.222207 0.0760905 0.111039 0.419201
0.0142792 0.0443796 0.155239 0.136287 0.0298262 0.0514423 0.568546
9.9964E-05 9.9964E-05 9.9964E-05 9.9964E-05 0.773772 0.113849 0.111979
0.0300387 9.9973E-05 9.9973E-05 9.9973E-05 0.823734 0.0589557 0.0869713
0.0576273 0.0196313 0.0763149 0.0525703 0.763705 0.0300507 9.9991E-05
0.00697193 0.0564203 9.9991E-05 0.106152 0.769745 0.0198367 0.0407738
9.9964E-05 9.9964E-05 9.9964E-05 9.9964E-05 0.836029 0.044143 0.119428
9.9991E-05 0.0309494 0.0747971 0.570546 0.0338739 0.029306 0.260427
0.195795 0.124589 0.0135873 0.0841704 0.0725317 0.0989537 0.410373
9.9982E-05 0.0346387 0.0965411 9.9982E-05 0.214679 0.116435 0.537507
0.0284503 9.9991E-05 0.0599448 0.114793 0.0454094 0.0821916 0.669111
0.0709796 0.0830623 9.9991E-05 0.303752 0.0401096 0.0111389 0.490858
0.160927 9.9982E-05 0.221623 0.306883 9.9982E-05 0.0310731 0.279293
9.9982E-05 0.183795 0.141355 0.537724 0.123276 9.9982E-05 0.0136509
0.014973 0.0573981 0.0746892 0.286012 9.9991E-05 0.0121287 0.554699
0.171903 0.0771311 9.9991E-05 0.524265 0.0587341 0.0368155 0.131051
0.107419 0.0704324 0.0958051 0.169517 0.0314007 0.0290073 0.496419
0.096098 0.123127 9.9991E-05 0.513315 0.118684 0.0174079 0.131268
0.0586869 0.0467569 9.9991E-05 0.207944 0.062226 0.0419288 0.582357
0.0353724 0.120426 0.0808388 0.509179 0.0537542 9.9991E-05 0.20033
0.0849155 0.0624933 0.159883 0.261133 9.9991E-05 0.0836812 0.347794
0.0881515 0.0481588 0.184497 0.0555193 0.0853154 9.9991E-05 0.538258
0.127375 9.9973E-05 0.483044 0.138503 9.9973E-05 9.9973E-05 0.250778
9.9982E-05 0.110522 0.235751 0.0385188 0.0290687 9.9982E-05 0.58594
0.0474178 0.0320867 0.215801 0.0456662 0.0961908 0.0134529 0.549384
0.0642475 9.9973E-05 0.471246 0.126465 9.9973E-05 9.9973E-05 0.337742
0.0443575 0.0312913 0.159714 0.203001 0.0107588 0.122165 0.428711
0.168884 0.0659553 0.215077 0.0264083 0.0123248 9.9991E-05 0.511251
0.134686 0.144835 0.518347 0.133676 9.9982E-05 9.9982E-05 0.0682552
0.0896497 0.0475827 0.605236 9.9973E-05 9.9973E-05 9.9973E-05 0.257231
0.120252 0.00482475 0.243606 0.133907 9.9982E-05 9.9982E-05 0.49721
0.0355813 0.232208 0.518089 0.0838695 9.9982E-05 9.9982E-05 0.130053
9.9973E-05 0.000373534 0.37936 0.112019 9.9973E-05 9.9973E-05 0.507948
9.9982E-05 0.257507 9.9982E-05 0.580885 0.00123998 0.0524709 0.107698
0.30073 0.086983 0.0706939 0.308059 9.9982E-05 9.9982E-05 0.233334
0.0675605 0.0722624 9.9991E-05 0.420155 0.0290108 0.0275452 0.383366
0.0225442 0.0470017 0.0554862 0.210095 0.0393785 0.0680275 0.557467
9.9973E-05 0.303777 0.00630407 0.44053 9.9973E-05 9.9973E-05 0.249089
0.111904 0.0357751 0.0933457 0.167742 0.0636455 0.0482267 0.479361
0.00420628 9.9991E-05 0.0738622 0.271778 0.0284497 0.0453243 0.576279
9.9982E-05 0.198096 9.9982E-05 0.214265 0.0397963 0.104872 0.44277
0.0931815 0.0948798 9.9991E-05 0.19346 0.0502965 0.111192 0.45689
9.9982E-05 0.172848 9.9982E-05 0.315788 0.0622979 0.0430516 0.405815
0.0675059 0.178747 9.9982E-05 0.502567 9.9982E-05 0.116899 0.134081
0.0950566 0.0601033 9.9982E-05 0.41934 9.9982E-05 0.0405702 0.38473
0.0611414 0.00064903 0.0822268 0.23548 9.9991E-05 0.0220659 0.598337
9.9982E-05 0.19957 0.016174 0.172738 9.9982E-05 0.0911267 0.520191
0.135272 0.137991 0.110528 0.186636 0.0604281 9.9991E-05 0.369044
0.144393 0.087346 9.9982E-05 0.190184 9.9982E-05 0.0529238 0.524953
9.9991E-05 0.0274822 0.0992558 0.380071 0.069823 0.0115204 0.411748
9.9982E-05 0.0778866 0.0271562 0.194799 9.9982E-05 0.0142379 0.68572
0.0207345 0.156277 9.9991E-05 0.241113 0.0439384 0.0680983 0.469739
0.0732661 0.070753 0.0162114 0.134065 0.0697483 0.139248 0.496708
9.9973E-05 9.9973E-05 0.151187 9.9973E-05 0.378534 0.116322 0.353657
0.0420159 0.132092 0.0495967 9.9991E-05 0.158353 0.228871 0.388972
9.9991E-05 0.149248 0.13167 0.0317305 0.0850698 0.104274 0.497909
0.0532436 0.0828023 0.134514 0.0388522 0.0307935 0.0642146 0.59558
0.0811264 0.1213 9.9991E-05 0.0102446 0.177896 0.1599 0.449433
0.229368 9.9982E-05 0.142448 0.158067 9.9982E-05 0.00415507 0.465762
0.0376652 0.139253 0.0208667 0.112124 0.170018 0.0945797 0.425494
9.9973E-05 0.170832 0.494964 9.9973E-05 0.177472 0.156432 9.9973E-05
9.9991E-05 0.0548359 0.120174 0.0858188 0.0716058 0.165518 0.501948
0.0701273 0.1424 9.9991E-05 0.0291481 0.153394 0.120162 0.484669
0.0991359 9.9991E-05 0.0951484 0.0729036 0.0322288 0.173918 0.526566
9.9991E-05 0.032737 0.320793 0.0322677 0.159893 0.0417432 0.412466
9.9991E-05 0.0855207 0.127856 0.00721337 0.0943175 0.228836 0.456156
9.9982E-05 9.9982E-05 0.0694747 0.0235244 0.175083 0.132181 0.599537
0.0801119 9.9973E-05 0.304551 9.9973E-05 0.462803 0.152234 9.9973E-05
9.9973E-05 0.0930107 9.9973E-05 9.9973E-05 0.156937 0.304106 0.445647
0.0491354 0.0423574 0.0575775 0.0230517 0.160688 0.173626 0.493564
0.0464691 0.0487715 0.0667358 0.0264878 0.136099 0.116861 0.558576
9.9973E-05 9.9973E-05 0.1234 9.9973E-05 0.20214 0.115006 0.559154
0.0677926 9.9991E-05 0.0709615 0.0775641 0.152736 0.156869 0.473977
0.444835 9.9982E-05 9.9982E-05 0.0775703 0.0046086 0.039598 0.433188
0.220954 0.126799 0.019339 0.0444337 0.0399197 0.151192 0.397363
0.87012 0.031843 0.00601361 0.0917237 9.9973E-05 9.9973E-05 9.9973E-05
0.891016 9.9955E-05 9.9955E-05 0.108484 9.9955E-05 9.9955E-05 9.9955E-05
0.361889 0.0181857 0.0171746 9.9991E-05 0.101403 0.0301285 0.47112
0.0780073 9.9991E-05 0.0856927 0.00644506 0.0867269 0.326506 0.416522
0.238806 9.9982E-05 0.0411284 9.9982E-05 0.0767451 0.39898 0.244141
0.164525 9.9982E-05 0.176971 9.9982E-05 0.17822 0.334297 0.145787
0.249924 9.9973E-05 9.9973E-05 9.9973E-05 0.19844 0.271254 0.280081
0.68239 9.9982E-05 0.123952 9.9982E-05 0.0705556 0.0769325 0.0459695
0.673637 9.9982E-05 0.0410612 9.9982E-05 0.114368 0.134842 0.0358917
0.334805 0.0725224 9.9982E-05 9.9982E-05 0.0076601 0.145549 0.439264
0.47303 9.9973E-05 9.9973E-05 9.9973E-05 0.0605262 0.0786793 0.387464
0.699253 9.9973E-05 9.9973E-05 9.9973E-05 0.0585519 0.0875056 0.15439
0.368911 0.00348703 9.9982E-05 9.9982E-05 0.0565847 0.0844531 0.486364
0.389035 9.9964E-05 9.9964E-05 9.9964E-05 9.9964E-05 0.117052 0.493513
0.178885 0.112174 9.9991E-05 0.0540498 0.0845259 0.15518 0.415086
0.552272 0.0463775 9.9982E-05 0.0990503 0.00309157 9.9982E-05 0.299009
0.455149 0.0687758 0.0412464 0.109602 9.9982E-05 9.9982E-05 0.325027
0.313754 0.0173566 0.0746656 0.0127493 0.0550177 0.00605345 0.520403
0.336408 0.0352035 0.0175419 0.16102 0.037779 0.042482 0.369566
0.134618 0.00859437 0.177478 0.15908 0.0300356 0.146475 0.34372
0.456135 9.9964E-05 0.0963902 9.9964E-05 9.9964E-05 9.9964E-05 0.447075
0.689886 9.9964E-05 9.9964E-05 0.15951 9.9964E-05 9.9964E-05 0.150205
0.425851 9.9973E-05 9.9973E-05 9.9973E-05 0.0543029 0.077507 0.44204
0.710676 0.0354174 9.9973E-05 0.0333031 9.9973E-05 9.9973E-05 0.220303
0.496886 0.0528622 9.9973E-05 9.9973E-05 0.028277 9.9973E-05 0.421674
0.25484 0.0470117 9.9982E-05 0.075551 0.0644881 9.9982E-05 0.557909
0.340063 0.114119 9.9973E-05 9.9973E-05 9.9973E-05 0.0442634 0.501254
0.0375314 0.0220502 0.0715121 0.112535 0.0818666 0.220713 0.453792
0.249391 9.9991E-05 0.0398814 0.008285 0.15767 0.0866745 0.457998
0.115252 9.9991E-05 0.0686801 0.0439998 0.173496 0.289222 0.30925
0.0357202 9.9991E-05 0.192484 0.0604025 0.121135 0.214432 0.375727
9.9991E-05 0.210098 0.0660668 0.000285516 0.176001 0.154032 0.393416
0.262237 9.9982E-05 0.031701 9.9982E-05 0.178826 0.142147 0.38489
0.681233 9.9973E-05 0.0456477 9.9973E-05 0.172735 0.100085 9.9973E-05
0.126772 9.9982E-05 9.9982E-05 0.0266427 0.0904361 0.21028 0.545669
0.356548 9.9973E-05 0.168791 9.9973E-05 0.380805 0.0935564 9.9973E-05
0.27394 0.000521445 0.024352 9.9991E-05 0.0658361 0.21202 0.423231
0.844664 0.130122 9.9964E-05 9.9964E-05 9.9964E-05 9.9964E-05 0.0248142
0.929447 0.0118585 0.0317685 0.00550738 0.0212183 9.9982E-05 9.9982E-05
0.580831 9.9955E-05 9.9955E-05 9.9955E-05 9.9955E-05 9.9955E-05 0.418669
0.413698 9.9955E-05 9.9955E-05 9.9955E-05 9.9955E-05 9.9955E-05 0.585802
0.58962 0.042214 9.9964E-05 9.9964E-05 9.9964E-05 9.9964E-05 0.367766
0.601355 0.0257331 9.9964E-05 9.9964E-05 9.9964E-05 9.9964E-05 0.372512
0.50227 9.9955E-05 9.9955E-05 9.9955E-05 9.9955E-05 9.9955E-05 0.49723
0.0767039 0.00427776 9.9991E-05 0.0393306 0.761977 0.0808299 0.0367806
9.9982E-05 0.0185634 0.0399162 0.125986 0.684129 0.131206 9.9982E-05
9.9973E-05 9.9973E-05 9.9973E-05 0.0601729 0.891898 0.031104 0.0165254
9.9955E-05 9.9955E-05 9.9955E-05 9.9955E-05 0.923037 9.9955E-05 0.0764632
0.0570502 0.335423 9.9991E-05 0.0749625 0.0548533 0.0621379 0.415474
0.005299 0.371096 9.9991E-05 0.121641 0.0471052 0.0886283 0.366131
0.0462543 0.531772 9.9964E-05 9.9964E-05 9.9964E-05 9.9964E-05 0.421574
0.00836143 0.318986 9.9982E-05 9.9982E-05 0.140978 0.0128787 0.518595
0.0305208 0.181956 0.11108 0.0528784 0.0947302 0.0539946 0.474839
9.9991E-05 0.515281 0.163116 0.0831927 0.0482229 0.00191206 0.188175
0.0338793 0.358391 9.9973E-05 9.9973E-05 9.9973E-05 0.0331724 0.574257
0.125473 0.457262 0.127479 9.9973E-05 9.9973E-05 9.9973E-05 0.289486
0.0172485 9.9991E-05 0.0415703 0.0084403 0.261101 0.0922143 0.579325
0.0873528 0.446949 9.9982E-05 0.038972 9.9982E-05 0.0733507 0.353176
9.9973E-05 0.546289 9.9973E-05 0.125513 0.00194867 9.9973E-05 0.325949
0.0261716 0.506045 9.9973E-05 0.00615264 9.9973E-05 9.9973E-05 0.46133
0.0469974 0.500865 9.9982E-05 0.0671215 0.0480771 9.9982E-05 0.336739
9.9982E-05 0.38849 0.00844753 9.9982E-05 0.03122 0.00120013 0.570442
0.0568862 0.306085 9.9982E-05 9.9982E-05 0.0864583 0.0512251 0.499145
0.123162 0.871051 9.9964E-05 9.9964E-05 9.9964E-05 9.9964E-05 0.00538666
0.0211566 0.607794 0.0773382 0.0125185 9.9982E-05 9.9982E-05 0.280993
0.0641102 0.597236 9.9982E-05 0.0298145 0.0237911 9.9982E-05 0.284849
0.0697694 0.72301 0.20682 9.9964E-05 9.9964E-05 9.9964E-05 9.9964E-05
0.033439 0.448479 9.9991E-05 0.0764187 0.0359282 0.0239653 0.38167
0.0559161 0.604243 0.259246 0.0457307 9.9982E-05 9.9982E-05 0.0346647
0.0854711 0.689795 0.224334 9.9964E-05 9.9964E-05 9.9964E-05 9.9964E-05
0.0835908 0.317428 9.9982E-05 9.9982E-05 0.0345659 0.0720169 0.492199
0.043658 0.690748 9.9982E-05 0.0550697 0.036135 9.9982E-05 0.17419
9.9991E-05 0.440988 0.109039 0.0491595 0.0127086 0.0324207 0.355584
0.0805149 0.210607 0.0248933 9.9991E-05 0.0827168 0.122804 0.478364
9.9982E-05 0.386295 0.0104483 0.0873322 0.0198602 9.9982E-05 0.495864
0.208143 0.0408939 0.0997073 0.276899 9.9991E-05 0.0471446 0.327113
0.126594 0.345287 9.9973E-05 9.9973E-05 9.9973E-05 0.0209778 0.506841
9.9982E-05 0.371702 9.9982E-05 0.0915475 0.0466472 0.0053236 0.48458
9.9973E-05 0.632028 0.0817318 0.0131586 9.9973E-05 9.9973E-05 0.272782
0.0515144 0.232145 0.051431 0.117181 0.0373307 0.0976296 0.412769
9.9973E-05 0.0437804 0.0561137 0.284425 0.615381 9.9973E-05 9.9973E-05
9.9982E-05 0.131187 0.00334289 0.11548 0.735647 0.0141432 9.9982E-05
9.9964E-05 9.9964E-05 0.0735076 0.148173 0.777919 9.9964E-05 9.9964E-05
0.0252311 9.9973E-05 0.0295088 0.132966 0.811994 9.9973E-05 9.9973E-05
9.9973E-05 9.9973E-05 0.0130299 0.235109 0.715843 9.9973E-05 0.0357189
9.9982E-05 0.808718 9.9982E-05 0.0832319 0.0418925 0.0382009 0.0277567
9.9982E-05 0.741647 0.0402598 0.0693371 0.0624777 9.9982E-05 0.0860782
0.0748099 0.761657 0.0582662 9.9973E-05 9.9973E-05 9.9973E-05 0.104967
0.0309981 0.166115 0.0241808 0.0179092 0.160692 0.0815194 0.518586
0.0646155 0.185145 9.9982E-05 9.9982E-05 0.126986 0.0434526 0.579601
0.0355538 0.623383 0.0565218 9.9991E-05 0.0543087 0.0541865 0.175947
0.0210121 0.338079 9.9982E-05 9.9982E-05 0.015378 0.0171246 0.608206
0.00132882 0.599099 0.0148841 9.9991E-05 0.0172851 0.0751777 0.292125
0.0252156 0.319227 0.0556039 0.02968 0.0295746 9.9991E-05 0.540599
0.00062891 0.289523 9.9991E-05 0.0294935 0.0897608 0.0106791 0.579815
9.9982E-05 0.635287 9.9982E-05 0.137163 0.00872512 0.0208574 0.197767
9.9964E-05 0.592721 9.9964E-05 0.0603871 9.9964E-05 9.9964E-05 0.346492
9.9964E-05 0.589218 9.9964E-05 0.150482 9.9964E-05 9.9964E-05 0.259901
9.9982E-05 0.000611197 0.29035 0.017375 0.05818 9.9982E-05 0.633284
9.9973E-05 0.593252 9.9973E-05 0.0348501 0.00882997 9.9973E-05 0.362768
0.0662032 0.491454 9.9982E-05 0.0243058 9.9982E-05 0.0703553 0.347482
9.9982E-05 0.11966 0.0201222 9.9982E-05 0.0305955 0.485759 0.343663
0.0197929 9.9982E-05 0.0156833 9.9982E-05 0.129122 0.430394 0.404807
9.9982E-05 0.00375408 0.0611011 9.9982E-05 0.114535 0.456211 0.364199
9.9973E-05 9.9973E-05 0.13215 9.9973E-05 0.123631 0.456769 0.287149
0.00986522 9.9991E-05 0.0243407 0.0700058 0.118629 0.229941 0.547118
9.9982E-05 0.297357 0.247778 9.9982E-05 0.0263371 0.00129872 0.42703
9.9973E-05 9.9973E-05 0.0810639 9.9973E-05 0.202364 0.6782 0.0380714
0.0256922 0.048241 0.0688513 9.9991E-05 0.0956815 0.476235 0.285199
9.9982E-05 9.9982E-05 0.312929 0.0837499 0.0818405 0.128335 0.392945
9.9982E-05 9.9982E-05 0.291703 0.0132277 0.123355 0.0176664 0.553847
0.0254239 9.9982E-05 0.34044 0.0890261 0.122972 9.9982E-05 0.421938
9.9973E-05 9.9973E-05 0.189962 0.0454777 0.0882185 9.9973E-05 0.676042
9.9991E-05 0.152682 0.140707 0.0622429 0.112964 0.0110334 0.520271
9.9964E-05 9.9964E-05 9.9964E-05 9.9964E-05 0.162081 0.419162 0.418357
0.0121603 0.058461 0.065263 9.9991E-05 0.130301 0.394513 0.339202
9.9973E-05 9.9973E-05 0.0424907 9.9973E-05 0.0321027 0.548068 0.377039
9.9982E-05 9.9982E-05 0.112639 0.11659 0.0759702 0.354739 0.339862
0.00646625 9.9982E-05 0.090545 9.9982E-05 0.0961073 0.536312 0.27037
0.0871864 0.108392 0.0539185 9.9991E-05 0.119966 0.33416 0.296277
0.0623018 9.9991E-05 0.0153682 0.0537563 0.147888 0.559802 0.160784
0.04186 9.9982E-05 9.9982E-05 0.0874807 0.0851193 0.318843 0.466497
9.9982E-05 0.103477 0.307058 0.000268516 0.0377301 9.9982E-05 0.551266
0.102857 0.0283128 0.000439583 0.143049 0.0903072 0.365297 0.269737
9.9982E-05 0.0151306 0.0224634 9.9982E-05 0.145684 0.668285 0.148236
0.000266741 0.0111092 0.17452 0.0753876 0.0998726 0.370694 0.26815
9.9982E-05 0.0840534 0.346424 0.185616 0.107603 9.9982E-05 0.276103
9.9973E-05 9.9973E-05 0.388244 0.0243079 9.9973E-05 0.0568159 0.530332
0.095012 9.9991E-05 0.0690219 0.0421596 0.161713 0.286743 0.345251
9.9973E-05 9.9973E-05 0.241341 0.0255034 0.068053 9.9973E-05 0.664803
9.9982E-05 0.0235227 0.266855 0.0674147 0.110303 9.9982E-05 0.531705
9.9991E-05 0.124037 0.126089 0.00204212 0.12627 0.216947 0.404515
0.155574 9.9973E-05 9.9973E-05 9.9973E-05 0.231803 0.270682 0.34164
0.0273286 0.121126 0.124888 0.0293935 0.0266781 0.229774 0.440811
9.9991E-05 0.0895531 0.0781278 0.0115235 0.107505 0.439063 0.274127
0.0903048 9.9973E-05 9.9973E-05 9.9973E-05 0.0851082 0.413554 0.410733
0.0607654 9.9982E-05 0.0262188 9.9982E-05 0.189058 0.613354 0.110404
0.0433265 9.9982E-05 0.240406 0.112643 0.00715803 9.9982E-05 0.596266
9.9982E-05 0.135371 0.316744 0.0437017 0.0438786 9.9982E-05 0.460105
9.9973E-05 9.9973E-05 0.710679 9.9973E-05 0.0399457 0.0340663 0.215009
9.9991E-05 0.1567 0.0934497 0.09585 0.115887 0.000162564 0.537851
0.0162723 9.9991E-05 0.194893 0.270991 0.0666959 0.0121457 0.438902
9.9982E-05 0.0854077 0.203703 9.9982E-05 0.141853 0.0654029 0.503434
0.0650246 0.0670242 0.093788 0.05346 0.111528 0.0812184 0.527957
9.9964E-05 9.9964E-05 0.552939 9.9964E-05 0.245202 0.201459 9.9964E-05
9.9964E-05 9.9964E-05 0.685566 9.9964E-05 0.222344 0.0916899 9.9964E-05
0.0418404 0.00532787 0.401864 0.0319043 0.108408 0.120282 0.290373
9.9964E-05 9.9964E-05 0.506024 9.9964E-05 0.261343 0.232233 9.9964E-05
9.9964E-05 9.9964E-05 0.43947 9.9964E-05 0.382286 0.177844 9.9964E-05
0.102807 9.9991E-05 0.30585 0.048893 0.0658312 0.172351 0.304168
0.0408087 9.9982E-05 0.243983 9.9982E-05 0.193604 0.116324 0.40508
9.9982E-05 9.9982E-05 0.365724 0.00936249 0.234925 0.130405 0.259383
9.9973E-05 9.9973E-05 0.530982 9.9973E-05 0.205139 0.142686 0.120893
0.0524432 0.0495582 0.243309 0.00159221 0.0947688 0.0703999 0.487929
0.0489431 0.073931 0.436918 9.9991E-05 0.189782 0.117102 0.133225
9.9964E-05 9.9964E-05 0.639862 9.9964E-05 0.336866 0.022872 9.9964E-05
0.0614713 0.00440873 0.128567 9.9991E-05 0.231253 0.0747442 0.499456
0.0852802 9.9991E-05 0.175137 0.0644693 0.151478 0.165545 0.357991
9.9982E-05 0.110589 9.9982E-05 0.0446296 0.298942 0.137935 0.407705
9.9964E-05 9.9964E-05 9.9964E-05 9.9964E-05 0.148962 0.215245 0.635393
0.0105223 0.0287342 0.0864883 0.0932939 0.058138 0.167392 0.555431
0.036801 9.9991E-05 0.145084 0.0139246 0.108163 0.251608 0.444318
9.9982E-05 9.9982E-05 0.102182 0.0752687 0.291129 0.229982 0.301238
9.9991E-05 0.0499914 0.0928014 0.00079328 0.17085 0.18699 0.498474
9.9973E-05 9.9973E-05 0.0326249 9.9973E-05 0.224531 0.279006 0.463538
0.0939177 9.9991E-05 0.135582 0.0189231 0.209281 0.263876 0.27832
9.9991E-05 0.283866 0.0246464 0.129615 0.136529 0.161249 0.263995
9.9991E-05 0.0689829 0.0851652 0.145017 0.0896882 0.20075 0.410297
0.167601 9.9982E-05 9.9982E-05 0.0126357 0.183894 0.0229811 0.612688
0.0566557 0.137035 9.9982E-05 9.9982E-05 0.127149 0.078322 0.600639
9.9973E-05 9.9973E-05 0.10122 9.9973E-05 0.270207 0.288295 0.339978
0.0392656 0.0389275 0.118683 0.0347977 0.171294 0.19726 0.399772
9.9982E-05 0.0444605 0.20072 9.9982E-05 0.369824 0.203159 0.181637
0.0733639 0.00577704 0.0351253 0.0055355 0.188892 0.218369 0.472937
0.0586023 0.0363561 0.153364 9.9991E-05 0.249463 0.326488 0.175626
9.9982E-05 0.0688443 0.015361 0.122085 0.78941 0.00409988 9.9982E-05
0.0258257 0.0144325 0.0093857 0.803872 0.00164909 0.0754158 0.0694191
9.9955E-05 9.9955E-05 9.9955E-05 0.99191 0.00759036 9.9955E-05 9.9955E-05
9.9955E-05 9.9955E-05 9.9955E-05 0.989057 9.9955E-05 9.9955E-05 0.0104427
9.9955E-05 9.9955E-05 9.9955E-05 0.971405 9.9955E-05 0.0280957 9.9955E-05
9.9964E-05 9.9964E-05 9.9964E-05 0.946227 9.9964E-05 0.0372473 0.0161259
9.9955E-05 9.9955E-05 9.9955E-05 0.919756 9.9955E-05 9.9955E-05 0.0797447
9.9955E-05 9.9955E-05 9.9955E-05 0.972878 0.0266222 9.9955E-05 9.9955E-05
9.9964E-05 9.9964E-05 9.9964E-05 0.808507 0.182478 0.00861537 9.9964E-05
9.9982E-05 9.9982E-05 0.0319687 0.0311641 0.899169 0.0156716 0.0218267
0.0250875 9.9973E-05 9.9973E-05 0.085256 0.828392 9.9973E-05 0.0609642
9.9982E-05 0.0321707 9.9982E-05 0.000336481 0.918308 0.0192229 0.0297618
0.0348265 9.9973E-05 0.0378485 0.137016 0.79001 9.9973E-05 9.9973E-05
9.9973E-05 0.0342081 9.9973E-05 0.0219658 0.883043 0.0604834 9.9973E-05
0.0100501 0.0190607 0.0340943 0.0368665 0.899728 9.9982E-05 9.9982E-05
9.9982E-05 0.0456413 0.0158227 0.0215699 0.750179 0.166587 9.9982E-05
9.9973E-05 0.0168883 9.9973E-05 9.9973E-05 0.869327 0.0460224 0.0674623
0.0384273 0.0504531 9.9982E-05 0.144359 0.626566 0.139995 9.9982E-05
9.9973E-05 0.027651 9.9973E-05 9.9973E-05 0.892588 0.0547418 0.024719
9.9955E-05 9.9955E-05 9.9955E-05 0.0666096 0.932891 9.9955E-05 9.9955E-05
9.9973E-05 0.0176088 9.9973E-05 0.0911298 0.795924 0.0950377 9.9973E-05
9.9964E-05 9.9964E-05 9.9964E-05 0.0457236 0.906883 0.0469932 9.9964E-05
9.9964E-05 9.9964E-05 9.9964E-05 0.0307896 0.87095 9.9964E-05 0.0978606
9.9982E-05 0.008708 9.9982E-05 0.023613 0.843598 0.0479641 0.0759165
9.9964E-05 9.9964E-05 9.9964E-05 9.9964E-05 0.834585 0.0233894 0.141626
9.9964E-05 9.9964E-05 9.9964E-05 9.9964E-05 0.768424 0.14776 0.083416
9.9964E-05 9.9964E-05 9.9964E-05 9.9964E-05 0.785918 0.0821962 0.131486
9.9964E-05 9.9964E-05 9.9964E-05 9.9964E-05 0.818177 0.0492167 0.132206
9.9982E-05 0.0670583 0.349358 0.0690735 0.0856943 9.9982E-05 0.428616
9.9982E-05 0.105547 0.140782 0.0178227 0.0336101 9.9982E-05 0.702039
0.0602313 0.184366 0.0859362 0.00409115 0.104008 0.00641226 0.554955
0.0663628 0.0995656 0.655573 0.0317837 9.9982E-05 9.9982E-05 0.146515
9.9982E-05 0.0791861 0.280578 0.0339264 0.0767982 9.9982E-05 0.529311
9.9964E-05 9.9964E-05 0.744203 9.9964E-05 0.0597647 9.9964E-05 0.195632
0.0392364 9.9973E-05 0.264349 9.9973E-05 0.0866496 9.9973E-05 0.609465
9.9982E-05 0.107278 0.220758 0.131205 0.0487496 9.9982E-05 0.49181
9.9991E-05 0.0617393 0.281339 0.0849699 0.0148076 0.00710433 0.54994
0.0597004 0.441148 0.0461886 0.0254834 9.9991E-05 0.0733689 0.35401
9.9973E-05 9.9973E-05 0.360278 0.145383 0.0452174 9.9973E-05 0.448822
0.0415393 0.0378781 0.190418 0.0925819 0.00980986 0.00452997 0.623243
9.9982E-05 0.0133951 0.211213 0.127918 0.0628185 9.9982E-05 0.584455
0.104708 0.196688 0.144856 0.439324 9.9991E-05 0.0374285 0.0768965
0.061345 0.0503771 0.789468 0.0985105 9.9973E-05 9.9973E-05 9.9973E-05
9.9964E-05 9.9964E-05 0.711348 0.0396528 9.9964E-05 9.9964E-05 0.2486
0.00471919 0.0550399 0.26197 0.0388459 0.0469119 9.9991E-05 0.592413
9.9982E-05 9.9982E-05 0.363878 0.00530671 0.0501053 0.0129898 0.56752
9.9973E-05 0.0682185 0.325897 9.9973E-05 0.0868252 9.9973E-05 0.518759
0.095338 0.102137 0.118866 9.9991E-05 0.0845773 0.0605272 0.538454
