9.9973E-05 9.9973E-05 0.0134749 9.9973E-05 0.0429955 0.0323423 0.910887
0.0406957 9.9973E-05 9.9973E-05 9.9973E-05 0.0311543 0.00749053 0.92036
9.9982E-05 9.9982E-05 0.0697905 0.00966141 0.0344458 0.0696379 0.816264
9.9973E-05 9.9973E-05 0.0453147 9.9973E-05 0.101566 0.0800087 0.77281
0.000777749 9.9982E-05 0.114663 9.9982E-05 0.00340368 0.0194392 0.861516
9.999E-05 0.137755 0.135027 0.0323865 0.0575449 0.022879 0.614308
0.0648485 0.0167015 0.0531082 0.00230294 0.0184819 0.011769 0.832788
0.0753167 0.0462473 9.9982E-05 9.9982E-05 0.10582 0.00446898 0.767947
0.0435956 0.0373444 9.9982E-05 0.0565149 0.0284375 9.9982E-05 0.833908
0.100379 0.0309261 0.0999522 9.9991E-05 0.00123031 0.061573 0.705839
0.0273632 0.0762577 0.00644862 0.00287698 0.129577 9.9991E-05 0.757377
0.156906 9.9982E-05 0.144292 0.160214 0.394205 0.144182 9.9982E-05
0.0569545 0.0419289 0.508162 9.9982E-05 0.289169 0.103585 9.9982E-05
0.271857 0.030108 0.239067 9.9991E-05 0.386465 0.0547279 0.0176751
0.194208 9.9982E-05 0.189976 9.9982E-05 0.397274 0.155316 0.0630252
0.151734 0.063185 0.353515 0.0305193 0.167944 0.0873129 0.14579
0.104449 9.9991E-05 0.54811 0.0091943 0.131588 0.132106 0.0744527
0.117938 0.0429464 0.354612 0.142847 0.224991 0.0983322 0.018333
0.0489092 0.000648541 0.281934 0.143321 0.28474 0.112836 0.127611
0.2353 0.014935 9.9991E-05 0.046479 0.581321 0.0797819 0.0420834
0.176771 0.0231039 0.385988 0.091447 0.24751 0.0750803 9.9991E-05
0.240294 0.106785 0.43299 0.0244897 0.169422 0.0259204 9.9991E-05
0.129843 0.0191112 0.460231 0.116221 0.15218 0.0797925 0.0426206
0.170759 0.0255117 0.179564 0.176415 0.308393 0.139257 9.9991E-05
0.0609053 9.9991E-05 0.506403 0.136284 0.0824616 0.118446 0.0953999
0.095344 0.00854552 0.507671 0.0060208 0.240129 0.103661 0.0386288
0.21946 9.9991E-05 0.131024 0.134034 0.398811 0.108746 0.00782519
0.0718919 9.9991E-05 0.103217 0.133318 0.415238 0.255344 0.0208922
0.327915 0.00153909 0.130117 0.0726432 0.360177 0.0685895 0.0390188
9.9964E-05 9.9964E-05 0.101796 9.9964E-05 9.9964E-05 0.0666968 0.831107
9.9955E-05 9.9955E-05 0.169216 9.9955E-05 9.9955E-05 9.9955E-05 0.830285
9.999E-05 0.0073426 0.192515 0.00468633 0.00963479 0.0160944 0.769627
9.9982E-05 0.0265184 0.116348 0.0517452 9.9982E-05 0.0817974 0.723391
0.0683285 0.0812302 0.481264 0.159728 0.127377 9.9991E-05 0.0819732
9.9982E-05 9.9982E-05 0.417826 0.275883 0.147992 0.0840374 0.0740611
9.9955E-05 9.9955E-05 0.623666 0.375834 9.9955E-05 9.9955E-05 9.9955E-05
0.0589356 9.9991E-05 0.160547 0.110839 0.548896 0.000389424 0.120293
0.0277807 0.0762529 0.217408 0.600452 9.9991E-05 0.0489757 0.0290308
9.9982E-05 9.9982E-05 0.407894 0.326441 0.140778 0.0843235 0.0403631
0.0197698 0.0443789 0.643512 0.228467 0.00834106 0.0554309 9.9991E-05
0.00534644 0.161345 0.565929 0.134805 0.0746137 9.9991E-05 0.0578613
9.9982E-05 0.0819849 0.579514 0.148371 0.0803417 9.9982E-05 0.109589
9.9991E-05 0.0256697 0.0475284 0.68858 0.166726 0.0367508 0.0346444
9.999E-05 0.165224 0.600991 0.175593 0.0245136 0.0210881 0.0124902
0.0195392 0.0571063 0.448854 0.266674 9.9991E-05 0.146087 0.0616399
9.9991E-05 0.0193926 0.651682 0.1774 0.0110632 0.0815091 0.0588528
0.0147117 0.024265 0.328014 0.63271 9.9973E-05 9.9973E-05 9.9973E-05
9.9982E-05 0.0352641 0.591124 0.309784 0.0461392 9.9982E-05 0.0174892
9.9982E-05 0.0551458 0.598723 0.182869 9.9982E-05 0.0853485 0.0777146
9.9973E-05 0.268552 9.9973E-05 0.695366 0.0089069 9.9973E-05 0.0268748
0.0971921 0.0783245 0.197423 0.238468 0.388392 9.9982E-05 9.9982E-05
0.174184 0.307932 0.0500471 0.285406 0.182231 9.9982E-05 9.9982E-05
0.0199591 0.129855 0.530932 0.0542067 0.146845 0.114996 0.00320609
0.146295 0.0424684 0.552524 0.071021 0.0303837 0.08019 0.0771179
0.145134 0.0590508 0.555123 0.0630125 0.0738254 0.0513783 0.0524762
0.0827719 0.0340879 0.18138 0.249942 0.328161 9.9991E-05 0.123557
0.00435916 0.120733 0.583236 0.0336308 0.222984 0.0166411 0.0184149
0.120767 0.0995214 0.55313 0.00408498 0.125735 0.0744946 0.0222675
0.146699 9.9991E-05 0.346873 0.15057 0.194641 0.0259447 0.135173
0.0791038 0.232801 0.0669128 0.148907 0.299451 0.0393115 0.133512
0.0621212 0.169403 0.496516 0.00150197 0.193209 0.0686564 0.00859207
0.145613 0.0398867 0.426442 9.9991E-05 0.267107 0.0591042 0.0617468
0.160016 0.0284437 0.0667197 0.21449 0.477285 9.9991E-05 0.0529465
0.2011 0.0265806 0.411522 0.124805 0.170943 0.0649491 9.9991E-05
0.16395 0.0824729 0.621917 0.0110392 0.0745589 0.0459622 9.9991E-05
0.0255216 0.0878294 0.605385 0.0628156 0.144632 0.0011398 0.0726774
0.0910579 0.105261 0.296518 0.18018 0.259549 0.0392461 0.0281884
0.160555 0.127463 0.499643 0.0519373 0.124822 0.0354802 9.9991E-05
0.158694 0.0329037 0.520336 0.134459 0.0835399 0.0130643 0.057003
0.190644 0.0810937 0.20392 0.123535 0.400607 9.9982E-05 9.9982E-05
9.9964E-05 9.9964E-05 0.543032 0.433143 0.0234259 9.9964E-05 9.9964E-05
9.9982E-05 9.9982E-05 0.190162 0.662805 0.102663 0.0362058 0.00796432
0.11343 0.00778404 0.536379 0.156751 0.0720394 9.9991E-05 0.113517
9.9955E-05 0.109891 9.9955E-05 0.889609 9.9955E-05 9.9955E-05 9.9955E-05
0.0717545 0.0186119 9.9973E-05 0.880688 9.9973E-05 9.9973E-05 0.0286461
9.9964E-05 9.9964E-05 0.203706 0.735915 9.9964E-05 0.0599794 9.9964E-05
9.9973E-05 0.041226 0.438629 0.507181 0.0126644 9.9973E-05 9.9973E-05
0.0291365 0.0363156 0.580272 0.0898147 0.0628079 0.0765252 0.125128
9.9982E-05 0.00174083 0.382016 0.487007 9.9982E-05 0.0977066 0.0313294
9.9982E-05 9.9982E-05 0.21603 0.553864 0.165451 0.00418337 0.060272
9.9973E-05 9.9973E-05 0.225651 0.566638 0.166386 9.9973E-05 0.0410257
0.0644409 9.9991E-05 0.513598 0.100922 0.143684 0.0862605 0.090995
9.9973E-05 9.9973E-05 0.247803 0.636887 0.0327431 0.0822675 9.9973E-05
0.0490828 9.9991E-05 0.371721 0.462995 0.0360137 0.0507206 0.0293665
0.0708562 0.0205054 0.414149 0.490816 9.9982E-05 0.00347366 9.9982E-05
0.157459 0.163724 9.9973E-05 0.64435 0.034166 9.9973E-05 9.9973E-05
9.9982E-05 0.021992 0.553384 0.28161 0.0778503 0.0649643 9.9982E-05
0.0159985 9.9991E-05 0.0111903 0.026826 0.0274658 0.117642 0.800777
9.9955E-05 9.9955E-05 0.105846 9.9955E-05 9.9955E-05 9.9955E-05 0.893654
9.9964E-05 9.9964E-05 0.117357 9.9964E-05 9.9964E-05 0.046107 0.836136
9.9973E-05 0.0582818 0.0409576 9.9973E-05 9.9973E-05 0.0320446 0.868416
0.0266824 0.0151857 0.078358 0.00229165 9.9991E-05 0.0184956 0.858887
0.0098872 0.0428642 0.0349918 9.9982E-05 9.9982E-05 0.0492657 0.862791
9.9964E-05 0.00596196 0.0671303 9.9964E-05 9.9964E-05 9.9964E-05 0.926508
9.9982E-05 0.0359576 0.319241 0.357031 9.9982E-05 0.115223 0.172348
0.0930874 9.9991E-05 0.557142 0.0497186 0.117876 0.0627944 0.119282
9.9973E-05 9.9973E-05 0.0123448 0.831613 0.0849446 9.9973E-05 0.0707978
0.0992618 0.0697031 0.550206 0.185767 9.9991E-05 0.0614988 0.0334633
9.9982E-05 9.9982E-05 0.443458 0.402092 0.048042 0.0127263 0.093482
9.9973E-05 9.9973E-05 0.587611 0.302638 9.9973E-05 0.00867051 0.10078
0.161696 0.0206079 0.531438 0.227923 9.9991E-05 0.00734034 0.0508951
0.0561816 9.9982E-05 0.435129 0.410784 9.9982E-05 0.0458439 0.0518618
0.0400771 9.9973E-05 9.9973E-05 0.765125 0.13705 9.9973E-05 0.0574483
9.9991E-05 0.053804 0.536 0.158353 0.0768262 0.0374381 0.137478
0.0474023 0.0444746 0.684236 0.191637 0.0097433 0.0224064 9.9991E-05
0.0876021 0.020005 0.445191 0.0613524 0.123582 0.151159 0.111108
0.142566 0.0758119 0.222226 0.531582 9.9991E-05 0.0225262 0.00518783
0.045571 9.99859E-05 0.483235 0.39715 9.99859E-05 0.0214447 0.0523991
0.0890857 0.00423823 0.325809 0.420387 0.0706527 0.0242026 0.0656248
0.0232995 9.9973E-05 0.248439 0.619261 9.9973E-05 0.108701 9.9973E-05
9.9973E-05 9.9973E-05 0.490291 0.340703 0.117536 9.9973E-05 0.0511701
0.0557548 0.0156981 0.477591 0.226304 0.0439149 0.0308756 0.149862
0.277028 0.0605465 0.178419 0.0975871 0.322313 0.0248092 0.0392971
9.9991E-05 0.0733791 0.482646 0.0604852 0.26178 0.0152567 0.106353
0.0824491 0.06616 0.49478 9.9991E-05 0.263635 0.000450754 0.0924254
0.107849 0.0509864 0.524473 0.13099 0.0416928 0.0105621 0.133447
0.0932138 9.9982E-05 0.467198 0.104565 0.273761 9.9982E-05 0.0610623
0.141596 0.0122317 0.550388 0.0454085 0.175673 0.020853 0.0538494
0.0815007 9.9991E-05 0.460052 0.0435911 0.323467 0.0881917 0.00309696
0.0856436 0.0805763 0.434773 0.154989 0.0980791 0.0729331 0.0730059
0.0068133 0.00636946 0.608459 0.105157 0.184753 0.0519366 0.036511
0.0404571 0.0494824 0.662341 0.121053 0.115515 9.9991E-05 0.0110514
0.142249 9.9964E-05 0.49781 9.9964E-05 0.359542 9.9964E-05 9.9964E-05
0.174065 0.0353017 0.501279 9.9982E-05 0.125554 0.1636 9.9982E-05
0.0087651 0.0420284 0.545978 0.182012 0.0472483 0.0383907 0.135578
0.0797218 9.9982E-05 0.539899 0.0728032 0.200586 0.10679 9.9982E-05
0.104723 0.124403 0.564246 9.9982E-05 0.129271 0.0771571 9.9982E-05
0.0539944 0.0572103 0.437949 0.145747 0.179513 0.125487 9.9991E-05
0.193955 0.133071 0.424891 9.9991E-05 0.199406 0.00161438 0.0469617
0.0751099 0.0738319 0.665854 9.9991E-05 0.156178 0.0259592 0.00296726
0.0309936 0.0639244 0.705603 0.0378818 0.129877 0.00729819 0.0244216
0.0796649 9.9991E-05 0.18634 0.192106 0.435207 0.0868227 0.0197592
0.221919 0.19994 0.109124 0.101296 0.32998 0.0376413 9.9991E-05
0.102684 9.9991E-05 0.490147 0.0675171 0.206391 0.0658662 0.0672949
0.359655 0.126238 0.0285401 0.150691 0.283623 0.0511532 9.9991E-05
0.142034 9.9982E-05 0.253191 0.125049 0.456719 9.9982E-05 0.0228071
0.132964 9.9973E-05 0.455599 0.114701 0.296436 9.9973E-05 9.9973E-05
0.058583 9.9982E-05 0.356308 0.186099 0.370031 9.9982E-05 0.0287793
0.0801298 9.9982E-05 0.246416 0.175606 0.426008 0.0716407 9.9982E-05
0.0133101 0.0937335 0.678131 0.0721841 0.0902669 9.9991E-05 0.0522746
0.0161909 0.0496872 0.524985 0.0267536 0.235019 0.0651916 0.0821723
0.16162 9.9991E-05 0.397542 0.0702398 0.226256 0.0723476 0.0718952
0.153033 0.190179 0.111092 0.197376 0.288538 0.0596821 9.9991E-05
0.023996 0.125839 0.591235 0.0501795 0.125072 9.9991E-05 0.0835784
0.0682354 0.260686 0.565672 0.0220943 0.0500076 0.000164112 0.0331407
0.218842 0.379067 9.9982E-05 0.16019 0.150915 9.9982E-05 0.0907861
0.0940215 0.0463534 0.554724 0.142389 9.9991E-05 0.0223796 0.140032
0.0844898 0.246594 0.321369 0.229677 0.0816485 9.9991E-05 0.0361223
0.0962449 0.15663 0.500472 0.0925347 0.0721127 0.0408406 0.0411647
0.0410376 0.419455 0.288039 0.132261 0.0940002 9.9991E-05 0.025107
0.268642 0.337746 0.204382 0.0492653 0.135017 9.9991E-05 0.00484751
0.213158 0.102572 0.437215 0.0691471 0.152579 9.9991E-05 0.0252285
0.0546434 0.188437 0.463683 9.9991E-05 0.135159 0.11163 0.0463477
0.0117991 0.181591 0.48604 0.0912233 0.161356 9.9991E-05 0.0678905
0.199326 0.266406 9.9991E-05 0.262075 0.110091 0.155238 0.00676319
0.0940769 0.176468 0.486772 0.0517021 0.0378653 0.0881941 0.0649206
0.131825 0.215799 0.365255 0.217404 0.0695166 9.9982E-05 9.9982E-05
0.108613 0.156053 0.449697 0.150282 0.135155 9.9982E-05 9.9982E-05
0.0491077 0.171803 0.623386 0.0995433 0.00728884 0.00217501 0.0466968
0.0394952 0.262387 0.183 9.9991E-05 0.0385324 0.204227 0.272258
9.9964E-05 0.451929 9.9964E-05 9.9964E-05 9.9964E-05 0.100426 0.447245
0.0164457 0.509126 9.9973E-05 9.9973E-05 9.9973E-05 0.127865 0.346264
9.9973E-05 0.281178 0.113352 9.9973E-05 9.9973E-05 0.295676 0.309493
0.0853111 0.108987 0.659563 0.145403 9.9982E-05 0.000536004 9.9982E-05
0.1665 0.0926092 0.649252 0.0148384 0.0366622 0.0400375 9.9991E-05
0.00311103 9.9982E-05 0.281427 0.00373059 0.0506251 0.660906 9.9982E-05
0.0742257 9.9982E-05 0.331247 0.0251187 0.138614 0.430594 9.9982E-05
0.0199817 0.0695994 0.294817 0.0308383 0.158413 0.374927 0.051424
0.350602 0.193836 0.309704 0.112251 9.9982E-05 0.0334078 9.9982E-05
0.181077 0.146709 0.499491 0.078433 0.0417137 0.0524754 9.9991E-05
0.372996 0.361415 0.217134 0.0481554 9.9973E-05 9.9973E-05 9.9973E-05
0.108393 0.247913 0.613519 0.0298749 9.9973E-05 9.9973E-05 9.9973E-05
0.288484 0.130769 0.404367 0.0238352 0.1352 9.9991E-05 0.0172455
0.132866 0.156145 0.636593 0.0242269 0.0360899 0.01398 9.9991E-05
0.329989 0.28166 0.172498 0.133237 0.082417 9.9982E-05 9.9982E-05
0.0966667 0.0824626 0.712335 9.9982E-05 0.055427 0.0529086 9.9982E-05
0.0104048 0.168007 0.46029 0.176032 9.9991E-05 0.108074 0.0770916
0.0259991 0.0328398 0.012959 9.9973E-05 9.9973E-05 0.927902 9.9973E-05
0.0224824 9.9964E-05 0.111489 9.9964E-05 9.9964E-05 0.865629 9.9964E-05
9.9973E-05 9.9973E-05 0.351161 0.0820499 9.9973E-05 0.503456 0.0630331
9.9964E-05 9.9964E-05 0.296324 9.9964E-05 0.0379815 0.665294 9.9964E-05
9.9973E-05 9.9973E-05 0.014506 0.0479883 0.04652 0.890686 9.9973E-05
9.995E-05 9.995E-05 9.995E-05 9.995E-05 9.995E-05 0.9994 9.995E-05
0.0194778 9.9964E-05 9.9964E-05 9.9964E-05 0.0231853 0.956937 9.9964E-05
9.9955E-05 9.9955E-05 0.104854 9.9955E-05 9.9955E-05 0.894646 9.9955E-05
9.9955E-05 9.9955E-05 9.9955E-05 9.9955E-05 0.0503155 0.949185 9.9955E-05
9.995E-05 9.995E-05 9.995E-05 9.995E-05 9.995E-05 0.9994 9.995E-05
9.995E-05 9.995E-05 9.995E-05 9.995E-05 9.995E-05 0.9994 9.995E-05
0.0229406 0.00950591 0.181551 0.00960262 9.9982E-05 0.7762 9.9982E-05
9.9982E-05 0.0275827 0.0367502 9.9982E-05 0.0633544 0.866464 0.00564914
9.9955E-05 9.9955E-05 9.9955E-05 0.0181181 9.9955E-05 0.981382 9.9955E-05
0.0146283 9.9991E-05 0.38655 0.0690755 0.0795029 0.377549 0.0725952
9.9982E-05 9.9982E-05 0.221214 0.0471577 0.023015 0.664975 0.0434385
9.9973E-05 0.0611991 0.173496 9.9973E-05 0.0341622 0.730843 9.9973E-05
9.9964E-05 9.9964E-05 0.100401 9.9964E-05 0.0273445 0.871854 9.9964E-05
9.9964E-05 0.0159713 0.0033111 9.9964E-05 9.9964E-05 0.980318 9.9964E-05
0.0251323 9.9973E-05 0.0506916 9.9973E-05 9.9973E-05 0.908408 0.0154681
9.995E-05 9.995E-05 9.995E-05 9.995E-05 9.995E-05 0.9994 9.995E-05
9.9982E-05 9.9982E-05 0.131244 0.0964889 0.0023353 0.67156 0.0981725
0.0742139 9.9982E-05 0.00568952 0.00444877 9.9982E-05 0.904086 0.011362
0.145257 0.552661 9.9982E-05 0.0770062 9.9982E-05 0.0213047 0.203571
0.161616 0.139019 0.463633 9.9982E-05 0.101056 9.9982E-05 0.134476
0.114 0.217317 0.32026 0.0456818 0.055077 0.068549 0.179115
0.138571 0.367631 0.237356 0.0173684 9.9991E-05 0.0681542 0.17082
0.0237529 0.227252 0.384503 0.169715 0.0492011 0.0905623 0.0550138
0.0992359 0.338939 0.186344 0.070727 9.9991E-05 0.114895 0.189759
0.0248388 0.130871 0.414544 0.106598 0.122816 0.0441824 0.15615
0.081267 0.251216 0.353697 0.0408066 9.9991E-05 0.135859 0.137055
0.118812 0.163512 0.437101 0.0289632 9.9991E-05 0.141443 0.110069
0.0688357 0.326158 0.354854 9.9982E-05 9.9982E-05 0.157322 0.0926307
0.0807617 0.159047 0.50462 0.0314451 0.00998277 0.0201992 0.193944
0.0196839 0.0728576 0.0482239 9.9982E-05 0.0236193 9.9982E-05 0.835415
0.0225186 0.00920235 9.9973E-05 9.9973E-05 9.9973E-05 0.0781028 0.889876
9.9973E-05 0.0379775 0.0209102 0.0237719 9.9973E-05 9.9973E-05 0.91704
9.9973E-05 0.0191482 0.0210346 9.9973E-05 0.00753417 9.9973E-05 0.951983
9.9982E-05 0.0080311 0.077185 9.9982E-05 0.0288017 0.00249875 0.883283
9.9955E-05 9.9955E-05 9.9955E-05 9.9955E-05 9.9955E-05 0.102775 0.896725
9.9973E-05 9.9973E-05 0.0433846 9.9973E-05 0.0135673 0.110025 0.832723
9.9991E-05 0.0937122 0.00331519 0.0378982 0.00466324 0.0104991 0.849812
9.9964E-05 9.9964E-05 9.9964E-05 0.0779075 9.9964E-05 0.031213 0.89048
9.9964E-05 0.0629509 9.9964E-05 9.9964E-05 9.9964E-05 0.119759 0.81689
0.0960644 9.9982E-05 9.9982E-05 0.119762 0.158582 0.00960365 0.615789
9.9973E-05 9.9973E-05 9.9973E-05 0.031831 0.341641 0.0252354 0.600993
0.0957655 0.0468006 9.9982E-05 0.024139 0.313509 9.9982E-05 0.519586
0.125652 0.0180287 9.9982E-05 0.0682283 0.300358 9.9982E-05 0.487532
0.0542507 9.9982E-05 0.443221 0.309767 0.0790915 9.9982E-05 0.113469
0.108533 9.9991E-05 0.43783 0.245206 0.063966 0.099517 0.0448476
0.0553714 0.0161238 0.509215 0.252792 0.0931247 0.0553975 0.0179749
9.9982E-05 0.0452568 0.416054 0.280403 0.245408 9.9982E-05 0.0126787
0.0341148 9.9991E-05 0.153516 0.189587 0.588907 0.0328835 0.000892391
0.0945077 9.9982E-05 0.558734 0.227917 9.9982E-05 0.0726957 0.0459458
9.9991E-05 0.0188398 0.557385 0.345753 0.0347373 0.0261816 0.0170033
0.0198624 0.0670445 0.517655 0.31101 0.0842289 9.9982E-05 9.9982E-05
0.0312197 0.0171374 0.356727 0.55341 0.00436433 0.0370417 9.9991E-05
9.9982E-05 0.104901 0.494033 0.21443 0.116237 0.0701985 9.9982E-05
0.114621 0.0113922 0.407777 0.3598 0.0992495 9.9991E-05 0.00706028
0.233578 0.0516763 9.9973E-05 0.691716 0.0227299 9.9973E-05 9.9973E-05
0.0861066 0.059134 0.503248 0.152507 0.141596 0.0424733 0.0149346
0.0863131 0.21085 0.182894 0.516151 9.9982E-05 0.00359163 9.9982E-05
0.0660413 0.091212 0.501331 0.341116 9.9973E-05 9.9973E-05 9.9973E-05
0.0229132 9.9982E-05 0.0200771 0.738024 0.160864 9.9982E-05 0.0579218
9.9973E-05 0.191968 0.00319137 9.9973E-05 0.7187 9.9973E-05 0.085841
0.0644999 0.127825 0.0684325 9.9982E-05 0.673429 9.9982E-05 0.0656138
0.0685238 9.9982E-05 0.0201017 0.00352817 0.836887 9.9982E-05 0.0707593
0.0927673 0.00348964 9.9982E-05 0.00935838 0.751664 9.9982E-05 0.142521
0.0976354 0.0388847 0.0637826 0.0152637 0.784234 9.9982E-05 9.9982E-05
9.9982E-05 0.0360772 0.155917 9.9982E-05 0.73553 0.0148802 0.057396
9.9973E-05 9.9973E-05 0.0865475 0.00298635 9.9973E-05 0.0476036 0.862563
9.9973E-05 9.9973E-05 0.058142 9.9973E-05 0.0549991 0.0243423 0.862217
9.9964E-05 9.9964E-05 0.109119 9.9964E-05 9.9964E-05 0.117014 0.773467
9.9973E-05 9.9973E-05 0.048003 9.9973E-05 0.0895894 0.109627 0.75248
9.9982E-05 0.0260266 0.123898 9.9982E-05 0.0107943 0.0522169 0.786864
9.9973E-05 0.057868 9.9973E-05 0.024932 0.524698 9.9973E-05 0.392202
0.141028 9.9973E-05 9.9973E-05 0.0517755 0.315108 9.9973E-05 0.491789
0.0938165 9.9973E-05 9.9973E-05 0.0316151 0.425366 9.9973E-05 0.448902
9.9973E-05 9.9973E-05 0.167188 9.9973E-05 0.0385265 0.00966745 0.784318
0.0521611 0.00698077 9.9982E-05 0.0688702 0.472322 9.9982E-05 0.399466
9.9982E-05 0.180806 0.281806 0.0202364 9.9982E-05 0.335635 0.181316
9.9991E-05 0.0763684 0.583507 0.0358459 0.0581734 0.192473 0.0535316
9.9964E-05 9.9964E-05 0.609593 9.9964E-05 9.9964E-05 0.188574 0.201434
0.0111902 0.0702635 0.273286 0.147597 9.9991E-05 0.249426 0.248138
0.0405545 9.9982E-05 0.478303 9.9982E-05 0.107771 0.178227 0.194945
9.9964E-05 0.348358 9.9964E-05 9.9964E-05 9.9964E-05 0.298829 0.352412
0.080959 0.0455625 0.440793 0.126961 0.305524 9.9982E-05 9.9982E-05
0.164962 0.187036 0.401198 0.0533332 0.19327 9.9982E-05 9.9982E-05
0.0562392 9.9982E-05 0.288269 0.0581179 0.517911 9.9982E-05 0.0792626
0.306653 0.0269903 0.457078 0.0814786 0.115835 9.9991E-05 0.0118651
0.35334 0.284911 9.9973E-05 0.196193 0.165257 9.9973E-05 9.9973E-05
0.0203725 0.204392 0.550352 0.102244 0.0464425 9.9991E-05 0.0760961
0.273 0.00215824 0.392678 0.0698571 0.172858 0.00756338 0.081885
0.144717 9.9973E-05 0.323435 0.104421 0.427127 9.9973E-05 9.9973E-05
0.150757 0.0373388 0.464405 0.0579643 0.126549 0.0783912 0.0845943
0.210071 0.209694 0.0678344 0.275401 0.2368 9.9982E-05 9.9982E-05
0.20739 0.0872896 0.338431 0.0626778 0.157848 0.146264 9.9991E-05
0.0692898 9.9982E-05 0.464061 0.107341 0.30296 0.0561479 9.9982E-05
0.0739907 0.0972467 0.422818 0.0951895 0.0203365 0.202342 0.0880766
0.298666 0.0691099 0.355556 0.0377899 0.215659 0.02312 9.9991E-05
0.129434 9.9982E-05 0.352656 0.124566 0.303511 0.0896333 9.9982E-05
0.279563 0.0261933 0.468534 0.00525328 0.0856229 0.0630669 0.0717668
0.103799 0.0748241 0.523029 0.119577 0.174018 9.9991E-05 0.0046543
0.143339 0.00534364 0.611853 9.9991E-05 0.18859 0.0473006 0.00347379
0.156265 9.9982E-05 0.561986 0.0891761 0.105045 9.9982E-05 0.0873282
9.9991E-05 0.127535 0.504008 0.0350394 0.25998 0.0184699 0.0548679
9.9973E-05 0.0390537 0.1115 9.9973E-05 9.9973E-05 0.0844402 0.764706
0.0253348 0.0226479 0.109101 9.9973E-05 9.9973E-05 9.9973E-05 0.842616
9.9991E-05 0.0608769 0.041315 0.0539242 0.0741766 0.0223976 0.74721
9.9982E-05 9.9982E-05 0.0476682 0.0920239 0.0182247 0.0451444 0.796739
9.9964E-05 9.9964E-05 0.148361 9.9964E-05 9.9964E-05 0.000489499 0.85075
9.9982E-05 0.0934219 0.15228 0.07102 0.622707 0.0603714 9.9982E-05
0.0941905 0.0186418 0.391754 0.169614 0.146495 0.0992118 0.0800925
0.0897943 0.0364346 0.414094 0.0110873 0.0527955 0.154701 0.241093
0.0320694 0.068718 0.652004 0.0294196 0.154457 0.0632318 9.9991E-05
0.0639008 0.0143727 0.533593 0.165759 0.200825 9.9991E-05 0.0214506
0.213231 0.188275 0.256315 9.9982E-05 0.331114 9.9982E-05 0.0108652
9.9973E-05 0.207232 9.9973E-05 0.122962 0.597507 9.9973E-05 0.0719985
9.9982E-05 0.0497733 0.523751 0.0439712 0.354567 0.0277383 9.9982E-05
0.268274 9.9991E-05 0.120575 0.100133 0.387198 0.0380545 0.0856654
0.218834 0.154662 0.276828 0.0100252 0.236355 0.103195 9.9991E-05
0.138827 9.9982E-05 9.9982E-05 0.133978 0.537085 0.0912638 0.0986466
9.9982E-05 9.9982E-05 0.545112 0.0884571 0.158582 0.0672683 0.140381
0.0611745 9.9991E-05 0.152106 0.139568 0.505249 0.0324378 0.109365
0.0383299 0.161942 0.338389 0.0635 0.300913 0.0822168 0.0147097
0.101768 0.238492 0.566595 9.9973E-05 0.0928451 9.9973E-05 9.9973E-05
0.348733 0.246862 0.240422 0.00141795 0.120517 9.9991E-05 0.0419471
0.0620777 0.219794 0.576689 0.100722 0.0405166 9.9982E-05 9.9982E-05
0.105761 0.138965 0.523517 0.116684 9.9991E-05 0.0461988 0.0687747
0.24699 0.26774 0.338925 0.0950494 0.0510958 9.9982E-05 9.9982E-05
0.161438 0.0728667 0.407937 0.0430378 0.221326 0.0932498 0.000144747
0.14522 0.19347 0.550621 0.013268 0.0972218 9.9982E-05 9.9982E-05
0.367732 0.284108 0.0708737 0.232496 0.0445901 9.9982E-05 9.9982E-05
0.206544 0.418719 0.305291 0.0691456 9.9973E-05 9.9973E-05 9.9973E-05
0.181691 0.167106 0.531791 9.9982E-05 0.072764 9.9982E-05 0.0464478
0.232216 0.333788 0.140202 0.182205 0.111389 9.9982E-05 9.9982E-05
0.0418072 0.258749 0.460447 0.137883 0.100914 9.9982E-05 9.9982E-05
0.00559509 0.0235408 0.0811606 0.221549 0.607736 0.0574682 0.00295074
0.256312 0.0863688 0.27201 0.0898434 0.288592 0.00677358 9.9991E-05
0.0739336 0.00737915 0.335028 0.125787 0.363912 0.0711519 0.0228079
0.011153 0.0235959 0.593995 0.0543605 0.167926 0.10215 0.0468197
9.9982E-05 0.0125452 0.146376 0.288819 0.496349 0.0557098 9.9982E-05
0.0785767 0.137474 0.49493 9.9982E-05 0.257587 0.0312334 9.9982E-05
0.00385885 0.136056 0.484001 0.0466709 0.202175 0.127138 9.9991E-05
0.082369 9.9982E-05 0.477226 0.112871 0.205596 0.121738 9.9982E-05
0.0456567 0.0483751 0.393331 0.172583 0.148932 0.191022 9.9991E-05
9.9973E-05 9.9973E-05 0.449812 0.200611 0.281098 9.9973E-05 0.0681793
9.9973E-05 9.9973E-05 0.221184 0.218657 0.47306 0.0867988 9.9973E-05
0.0821841 9.9991E-05 0.295675 0.0201572 0.465277 0.124349 0.012258
0.123745 9.9982E-05 0.573843 0.0357668 0.17151 0.0949342 9.9982E-05
0.0459973 0.0367257 0.446749 0.122018 0.203984 0.104874 0.0396521
0.00325448 0.167362 0.39615 0.0771776 0.329223 0.0267324 9.9991E-05
0.288999 9.9982E-05 0.427165 0.00943753 0.162042 0.112156 9.9982E-05
9.9991E-05 0.115892 0.338469 0.139011 0.319566 0.082699 0.00426275
0.068025 9.9982E-05 0.609943 0.00487684 0.281256 0.0356989 9.9982E-05
0.0562921 0.0257319 0.498151 0.07183 0.238448 0.0698766 0.0396705
0.128073 0.0825275 0.506545 0.0222215 0.156301 0.104232 9.9991E-05
9.9973E-05 0.073178 0.456204 9.9973E-05 9.9973E-05 0.0941677 0.37615
0.00419186 0.143675 0.370811 0.165432 9.9991E-05 0.23253 0.0832603
0.0815194 0.106783 0.504834 9.9991E-05 0.0676276 0.128487 0.110649
0.0480941 0.0655493 0.60911 0.0419557 0.0332564 0.119398 0.0826365
0.0378705 0.0110846 0.409703 0.117757 9.9991E-05 0.256882 0.166603
0.303459 0.037841 0.473889 9.9973E-05 0.184511 9.9973E-05 9.9973E-05
0.134282 9.9991E-05 0.470849 0.0254968 0.0440015 0.166581 0.15869
0.0758472 0.44485 0.0286711 0.150161 9.9991E-05 0.142314 0.158056
0.0660359 0.037153 0.558393 9.9991E-05 0.0631818 0.159813 0.115324
0.105039 0.0205551 0.580118 9.9991E-05 0.0393547 0.141485 0.113348
0.12642 0.0233544 0.395631 0.0491838 0.0686966 0.327635 0.0090785
0.0181814 0.220371 0.267003 0.14832 0.100677 0.129719 0.115728
9.9991E-05 0.0981531 0.518778 0.0344557 0.0632374 0.130622 0.154654
0.123205 0.113751 0.441707 9.9982E-05 9.9982E-05 0.193058 0.12808
9.9973E-05 0.415844 9.9973E-05 0.0173327 9.9973E-05 0.210528 0.355995
9.9991E-05 0.105446 0.400458 0.0504291 0.0594073 0.260387 0.123772
0.0596347 0.117129 0.422721 9.9991E-05 0.00848777 0.213741 0.178187
9.9991E-05 0.0875059 0.546478 0.067196 0.0825818 0.169935 0.0462028
9.9973E-05 0.121949 0.581305 9.9973E-05 9.9973E-05 0.154677 0.141769
0.078336 0.0592241 0.542183 9.9991E-05 0.0335266 0.0829729 0.203657
0.421384 9.9982E-05 0.388554 0.0396276 9.9982E-05 0.0769959 0.0732392
0.248043 9.9991E-05 0.508554 0.0582393 0.0475931 0.0282404 0.10923
0.831253 9.9955E-05 9.9955E-05 0.168247 9.9955E-05 9.9955E-05 9.9955E-05
0.971124 9.9964E-05 9.9964E-05 9.9964E-05 0.0146279 9.9964E-05 0.0138487
0.398357 9.9991E-05 0.453666 0.0774376 0.00995546 0.0575315 0.0029527
0.108682 0.133674 0.420856 9.9991E-05 0.0081298 0.277819 0.05074
0.208548 0.0849536 0.261131 9.9982E-05 9.9982E-05 0.38991 0.0552575
0.205068 0.243218 0.0668212 9.9991E-05 0.00402469 0.323785 0.156983
0.138932 0.0639756 0.286883 9.9991E-05 0.0163654 0.351421 0.142323
0.624452 0.164866 0.0650537 9.9982E-05 9.9982E-05 0.0878551 0.0575731
0.601568 0.135822 0.125348 9.9982E-05 9.9982E-05 0.096803 0.0402586
0.298872 0.0515007 0.443187 0.0365483 0.0338216 0.129955 0.00611434
0.423556 9.9973E-05 0.420845 9.9973E-05 9.9973E-05 0.102789 0.0525103
0.710369 9.9973E-05 0.112128 9.9973E-05 9.9973E-05 0.112939 0.0642647
0.277566 9.9991E-05 0.428978 0.033782 0.0435207 0.117122 0.098931
0.366389 0.016215 0.492359 9.9973E-05 9.9973E-05 0.124738 9.9973E-05
0.32891 0.0267846 0.363645 0.0367241 0.0500857 0.111846 0.0820043
0.690261 9.9973E-05 0.294695 9.9973E-05 0.0109596 9.9973E-05 0.00378428
0.580634 9.9982E-05 0.227478 0.118069 0.00750022 0.0661174 9.9982E-05
0.27747 9.9991E-05 0.501498 0.0812524 0.0586926 0.0123463 0.068641
0.493747 9.9991E-05 0.279919 0.00268292 0.132925 0.0608235 0.0298035
0.110125 0.121966 0.365934 0.180828 0.0467943 0.158284 0.0160697
0.510692 0.0446795 0.42326 9.9973E-05 9.9973E-05 9.9973E-05 0.0210694
0.820222 9.9955E-05 0.179278 9.9955E-05 9.9955E-05 9.9955E-05 9.9955E-05
0.415871 9.9982E-05 0.50215 0.00118127 9.9982E-05 0.0328592 0.0477387
0.707286 9.9982E-05 0.150505 0.135116 9.9982E-05 0.00131635 0.00557651
0.620331 9.9973E-05 0.312372 9.9973E-05 9.9973E-05 0.0418033 0.0251937
0.361467 9.9982E-05 0.458863 9.9982E-05 0.0476795 0.0590395 0.0727507
0.409845 9.9991E-05 0.312124 0.091441 0.0792644 0.0856594 0.0215656
0.148097 0.0399585 0.431899 0.0340523 9.9991E-05 0.184493 0.161399
0.239183 0.0617251 0.436701 0.0310016 9.9991E-05 0.12372 0.10757
9.9991E-05 0.151134 0.280353 0.148406 0.0239087 0.280699 0.115399
0.131623 0.105493 0.312072 0.0103861 0.0755055 0.169898 0.195022
0.0562268 9.9991E-05 0.335013 0.194866 0.0860831 0.186803 0.140908
0.24068 0.10501 0.340086 9.9991E-05 0.004771 0.200007 0.109346
0.687446 0.0262131 9.9973E-05 9.9973E-05 9.9973E-05 0.114895 0.171146
0.224599 0.0681812 0.496041 9.9982E-05 9.9982E-05 0.147776 0.0632022
0.375761 0.170355 9.9973E-05 9.9973E-05 9.9973E-05 0.106175 0.347409
0.301575 9.9973E-05 0.420235 9.9973E-05 9.9973E-05 0.233549 0.0443403
0.78677 0.0207551 0.0132267 0.178948 9.9973E-05 9.9973E-05 9.9973E-05
0.890702 9.9964E-05 9.9964E-05 0.0989321 9.9964E-05 9.9964E-05 0.00996575
0.53981 9.9964E-05 0.418428 0.0413617 9.9964E-05 9.9964E-05 9.9964E-05
0.371104 9.9973E-05 0.549187 9.9973E-05 9.9973E-05 0.0147806 0.0646289
0.660354 9.9955E-05 0.339146 9.9955E-05 9.9955E-05 9.9955E-05 9.9955E-05
0.420008 9.9982E-05 0.41993 0.124178 9.9982E-05 0.0208932 0.0147906
0.543602 9.9955E-05 0.455899 9.9955E-05 9.9955E-05 9.9955E-05 9.9955E-05
0.0472716 0.00786401 0.119227 9.9991E-05 0.0111778 0.00328742 0.811072
0.0820962 9.9973E-05 9.9973E-05 9.9973E-05 0.103013 0.0758538 0.738737
9.9964E-05 9.9964E-05 9.9964E-05 9.9964E-05 0.0199346 0.0718052 0.90786
0.00358274 9.9964E-05 0.0519905 9.9964E-05 9.9964E-05 9.9964E-05 0.944027
0.0983617 9.9982E-05 0.491959 0.305941 0.00308151 9.9982E-05 0.100456
0.0493145 9.9982E-05 0.441564 0.354605 9.9982E-05 0.0335895 0.120727
9.9973E-05 9.9973E-05 0.497357 0.460596 0.0187244 9.9973E-05 0.023023
9.9973E-05 9.9973E-05 0.564697 0.256769 9.9973E-05 0.00713581 0.171099
0.0595531 0.0685365 0.525955 0.171986 0.0357705 0.0386568 0.0995412
0.0633678 0.0509012 0.204129 0.512975 0.168427 9.9982E-05 9.9982E-05
9.9973E-05 9.9973E-05 0.606641 0.313986 0.0331665 0.0459064 9.9973E-05
0.113057 0.0653565 0.308263 0.513023 9.9973E-05 9.9973E-05 9.9973E-05
0.0994751 9.9973E-05 0.433565 9.9973E-05 9.9973E-05 0.188617 0.278043
0.161319 0.0728221 0.405128 0.318405 9.9982E-05 0.0421257 9.9982E-05
9.9982E-05 9.9982E-05 0.288209 0.541836 0.143051 0.0116218 0.0150821
0.130045 9.9982E-05 0.547253 0.23709 0.0628894 0.0225226 9.9982E-05
0.0360771 9.9982E-05 0.366 0.502765 0.0578077 0.0371497 9.9982E-05
0.0426968 9.9982E-05 0.507133 0.401099 9.9982E-05 0.00327959 0.045591
9.9964E-05 9.9964E-05 0.545112 0.391603 9.9964E-05 9.9964E-05 0.0628859
0.0739081 9.9964E-05 0.0252549 0.900437 9.9964E-05 9.9964E-05 9.9964E-05
0.0967435 0.072061 0.187558 0.534049 0.0185385 0.0909497 9.9991E-05
9.9973E-05 0.0107522 0.320465 0.54878 0.119703 9.9973E-05 9.9973E-05
0.0339484 0.125271 9.9964E-05 0.840381 9.9964E-05 9.9964E-05 9.9964E-05
9.9982E-05 0.0246025 0.436708 0.447434 0.0497072 9.9982E-05 0.0413485
0.0280243 0.247859 0.0757017 0.648115 9.9973E-05 9.9973E-05 9.9973E-05
0.0569475 0.207421 9.9964E-05 0.735232 9.9964E-05 9.9964E-05 9.9964E-05
0.0434045 9.9982E-05 0.540568 0.318531 9.9982E-05 0.049128 0.0481685
9.9982E-05 9.9982E-05 0.242028 0.600486 0.0782788 0.0143817 0.0646253
9.9991E-05 0.0100633 0.379033 0.464913 0.061992 0.0797416 0.00415719
0.0368023 9.9991E-05 0.461877 0.214912 0.016777 0.121898 0.147634
9.9964E-05 9.9964E-05 0.546712 0.34031 0.112578 9.9964E-05 9.9964E-05
0.167872 0.116818 0.373568 0.0148502 0.32618 0.000611227 9.9991E-05
0.050373 9.9991E-05 0.496566 0.387615 0.00188167 0.0151449 0.048319
9.9982E-05 9.9982E-05 0.482218 0.383032 0.083678 0.0146214 0.0362507
9.9964E-05 0.0294524 0.324596 0.645552 9.9964E-05 9.9964E-05 9.9964E-05
0.0624212 0.0553513 0.430098 0.249635 0.0111471 0.124862 0.0664856
0.0850298 0.0300916 0.0197391 9.9982E-05 0.264854 9.9982E-05 0.600085
9.9982E-05 0.091813 0.0562121 0.0159807 0.108937 9.9982E-05 0.726858
9.9973E-05 0.0867402 9.9973E-05 0.000811214 0.125258 9.9973E-05 0.786891
0.0538404 0.00826103 9.9973E-05 9.9973E-05 0.127513 9.9973E-05 0.810086
0.000560146 0.0740686 9.9982E-05 0.0268683 0.16594 9.9982E-05 0.732363
9.9982E-05 9.9982E-05 0.0814956 0.722228 0.11953 0.068996 0.00755038
0.0557083 0.00178627 0.07614 0.736644 0.0580999 9.9991E-05 0.0715215
9.9964E-05 0.0719118 0.156947 0.770742 9.9964E-05 9.9964E-05 9.9964E-05
0.0296457 0.124377 0.597493 0.156538 9.9982E-05 9.9982E-05 0.0917467
0.090135 0.0579752 0.605255 0.0546495 0.0810184 9.9991E-05 0.110866
9.9964E-05 0.11992 0.328237 0.551443 9.9964E-05 9.9964E-05 9.9964E-05
9.9973E-05 9.9973E-05 0.554832 0.315904 0.0284577 0.100507 9.9973E-05
9.9982E-05 0.0205383 0.384617 0.512188 9.9982E-05 0.030417 0.0520398
9.9964E-05 9.9964E-05 0.558106 0.339047 0.102447 9.9964E-05 9.9964E-05
0.0838441 0.013305 0.526508 0.261945 0.00667045 0.0494593 0.0582679
0.0452897 9.9982E-05 0.270244 0.506504 0.131845 0.0459183 9.9982E-05
0.00277594 9.9982E-05 0.309633 0.662635 0.00984348 9.9982E-05 0.0149125
0.0229165 9.9973E-05 0.325383 0.514164 0.137236 9.9973E-05 9.9973E-05
9.9991E-05 0.238967 0.60692 0.00734116 0.0890294 0.00161238 0.0560295
9.9973E-05 9.9973E-05 0.374948 0.600218 0.00234452 9.9973E-05 0.0221895
0.0661709 0.0318877 0.456417 0.384333 0.0609917 9.9982E-05 9.9982E-05
9.9982E-05 0.0804835 0.388754 0.12932 9.9982E-05 0.377752 0.0234913
0.117405 0.0538422 0.247225 9.9991E-05 0.0465591 0.417012 0.117856
9.9973E-05 0.0717102 0.424064 9.9973E-05 9.9973E-05 0.380447 0.12348
0.0256684 0.101143 0.376397 9.9982E-05 9.9982E-05 0.404266 0.0923251
0.0838598 9.9982E-05 0.459802 9.9982E-05 0.0155558 0.247673 0.192909
0.0649017 0.209029 0.470821 0.239634 9.9982E-05 0.0154143 9.9982E-05
9.9982E-05 0.108115 0.0186154 0.0122922 9.9982E-05 0.678449 0.182329
9.9991E-05 0.0341999 0.263372 0.023599 0.00411053 0.489849 0.18477
0.100873 0.177609 0.456521 0.0882498 9.9991E-05 0.0972383 0.0794088
0.0384989 0.228298 0.606906 9.9982E-05 0.0425911 9.9982E-05 0.0835057
0.063143 0.197907 0.379289 0.110812 0.159346 0.0489046 0.0405986
0.0119667 0.141907 0.579025 0.0342053 0.0794027 0.0667784 0.0867148
0.0200841 0.0812181 0.625503 0.12873 0.00946614 0.0560266 0.0789717
9.9973E-05 0.0830449 0.337831 9.9973E-05 9.9973E-05 0.432723 0.146101
0.0748266 0.0316622 0.382607 9.9991E-05 0.133141 0.322838 0.0548256
9.9973E-05 0.0171003 0.426777 9.9973E-05 9.9973E-05 0.514213 0.0416098
9.9982E-05 0.053977 0.52621 9.9982E-05 0.0862493 0.20697 0.126394
9.9982E-05 0.0362248 0.324363 9.9982E-05 0.0160246 0.471572 0.151615
9.9982E-05 9.9982E-05 0.381123 0.0688119 0.00738646 0.360755 0.181723
9.9973E-05 0.129662 0.266964 9.9973E-05 9.9973E-05 0.524781 0.0782938
0.0540154 0.0329146 0.448772 9.9991E-05 0.00459788 0.403227 0.0563728
0.0441951 0.312432 0.606481 0.0182568 0.018436 9.9982E-05 9.9982E-05
0.0790826 0.100006 0.349463 0.0340214 9.9991E-05 0.256599 0.180729
9.9973E-05 0.125998 0.242968 9.9973E-05 9.9973E-05 0.509764 0.120971
0.173127 0.0167575 0.291738 0.0252366 9.9991E-05 0.403286 0.0897551
0.069735 0.196139 0.196047 0.165096 0.241306 9.9991E-05 0.131578
0.0607331 0.176094 0.518373 0.0406648 0.132711 0.0713234 9.9991E-05
0.0395658 0.0943568 0.331992 9.9991E-05 0.146295 0.253293 0.134397
0.00436382 0.165883 0.640247 9.9982E-05 0.0833891 9.9982E-05 0.105918
0.0174809 0.203591 0.417683 0.0900113 0.106756 0.0445575 0.11992
0.0061735 0.0435622 0.264655 0.130348 0.063114 0.270762 0.221385
0.130696 0.10251 0.290444 0.0197537 9.9991E-05 0.246728 0.209768
0.0726193 0.118294 0.527685 0.0456423 0.0685788 0.116645 0.0505355
0.0248516 0.0186229 0.321349 0.0771428 9.9991E-05 0.409807 0.148127
0.0162625 0.0592504 0.402226 9.9982E-05 9.9982E-05 0.424679 0.0973811
0.00329292 0.0871278 0.145715 9.9982E-05 9.9982E-05 0.605376 0.158288
0.0821626 0.103338 0.69703 9.9982E-05 0.00822011 9.9982E-05 0.109049
0.0626563 0.215656 0.480639 0.0696602 0.0733422 9.9991E-05 0.0979455
0.136919 0.540046 0.176271 0.0636536 0.0618755 9.9991E-05 0.0211347
9.9991E-05 0.081073 0.561208 0.0630481 0.0319763 0.0379346 0.22466
0.141231 0.105488 0.368141 0.106451 0.168209 9.9991E-05 0.110379
0.00804532 0.254376 0.398 0.105218 9.9991E-05 0.142158 0.0921033
0.0275603 0.152576 0.44899 0.0462156 0.146278 0.10978 0.0685994
9.9964E-05 0.72482 9.9964E-05 9.9964E-05 9.9964E-05 0.16342 0.11136
9.9964E-05 0.854743 9.9964E-05 9.9964E-05 9.9964E-05 0.0690414 0.0758156
0.00952656 0.448149 0.315433 9.9982E-05 0.131107 0.0955835 9.9982E-05
9.9982E-05 0.51053 0.0910241 0.0542984 9.9982E-05 0.124962 0.218986
9.9964E-05 0.55653 9.9964E-05 9.9964E-05 9.9964E-05 0.180393 0.262678
0.143213 0.316545 0.353712 0.0122985 0.0426245 0.0765417 0.0550653
0.0306015 0.19018 0.383773 9.9991E-05 0.0602978 0.181828 0.153219
0.034885 0.445936 0.196571 0.00081318 0.0264577 0.132812 0.162526
9.9973E-05 0.670891 0.133947 9.9973E-05 9.9973E-05 0.0670888 0.127773
0.0741876 0.173993 0.561512 9.9991E-05 0.0732994 0.111184 0.0057246
9.9982E-05 0.560921 0.224044 0.0615852 9.9982E-05 0.0247078 0.128542
9.9964E-05 0.792824 9.9964E-05 9.9964E-05 9.9964E-05 0.0102112 0.196565
0.0135154 0.10431 0.501851 0.0370062 0.132869 0.109319 0.101129
9.9982E-05 0.314482 0.401867 9.9982E-05 0.0498357 0.185687 0.0479287
9.9973E-05 9.9973E-05 0.45773 9.9973E-05 0.0894833 0.212455 0.240031
0.0137345 0.0351007 0.564012 9.9991E-05 0.00496474 0.210736 0.171352
9.9991E-05 0.0698895 0.473472 0.130992 0.012144 0.17294 0.140463
0.143784 0.0444318 0.452051 9.9982E-05 9.9982E-05 0.217625 0.141908
0.0306728 0.0556189 0.339127 0.0152731 0.00394614 0.184573 0.370789
9.9982E-05 0.0991311 0.544037 9.9982E-05 0.0541523 0.176085 0.126394
9.9991E-05 0.00954512 0.40738 0.0645002 0.0172602 0.247473 0.253741
0.105164 0.12152 0.285903 0.00648587 9.9991E-05 0.258525 0.222302
0.0394785 9.9991E-05 0.283046 0.263625 0.0322325 0.124588 0.25693
9.9991E-05 0.0263906 0.539155 0.0628498 0.102307 0.111624 0.157573
0.0479856 0.108587 0.40716 0.0679203 0.0129728 0.244299 0.111075
0.172269 0.00226143 0.615348 0.0213803 0.0748037 0.0115132 0.102424
0.0100475 0.16622 0.40309 9.9982E-05 9.9982E-05 0.219033 0.20141
0.0765176 9.9982E-05 0.436737 9.9982E-05 0.016112 0.240534 0.229899
9.9982E-05 0.310994 0.1965 0.00200625 9.9982E-05 0.162411 0.327889
0.0527147 0.0780832 0.547839 9.9982E-05 9.9982E-05 0.207786 0.113377
9.9982E-05 0.197548 0.179828 0.024343 9.9982E-05 0.340651 0.257429
9.9982E-05 0.0898156 0.00585609 0.0299984 0.12501 9.9982E-05 0.74912
9.9982E-05 9.9982E-05 0.0827105 0.0341842 0.777229 0.0218197 0.0838568
9.9955E-05 9.9955E-05 9.9955E-05 9.9955E-05 0.980155 9.9955E-05 0.0193457
9.9955E-05 9.9955E-05 9.9955E-05 9.9955E-05 0.997037 9.9955E-05 0.00246302
0.0015541 9.9964E-05 0.0203083 9.9964E-05 0.977738 9.9964E-05 9.9964E-05
9.9973E-05 0.0161986 0.0128632 9.9973E-05 0.925251 0.0453876 9.9973E-05
9.9955E-05 9.9955E-05 0.103023 9.9955E-05 0.896477 9.9955E-05 9.9955E-05
9.9955E-05 9.9955E-05 9.9955E-05 9.9955E-05 0.958961 9.9955E-05 0.0405391
9.9955E-05 9.9955E-05 9.9955E-05 9.9955E-05 0.757265 9.9955E-05 0.242235
9.9973E-05 0.0754483 0.0340192 9.9973E-05 9.9973E-05 0.0241516 0.866081
0.0305384 9.9982E-05 0.0501675 9.9982E-05 0.0847224 0.0185464 0.815825
0.00194139 0.0181713 0.0115566 0.0444148 9.9991E-05 0.0863593 0.837457
0.0303044 0.0190513 0.0142199 9.9982E-05 0.116551 9.9982E-05 0.819673
9.9973E-05 0.0413588 9.9973E-05 9.9973E-05 0.0161449 0.0870882 0.855108
0.0737409 0.00931509 9.9973E-05 9.9973E-05 0.0285696 9.9973E-05 0.888074
0.0748195 9.9973E-05 0.043802 9.9973E-05 9.9973E-05 0.125225 0.755854
0.0307374 9.9973E-05 0.0452009 9.9973E-05 9.9973E-05 0.0523547 0.871407
0.0794014 9.9982E-05 0.0253489 9.9982E-05 0.114598 0.103208 0.677244
9.9964E-05 9.9964E-05 0.0119467 9.9964E-05 9.9964E-05 0.100498 0.887155
0.033802 0.00069361 9.9973E-05 9.9973E-05 0.0306682 9.9973E-05 0.934536
0.0160018 0.0343999 0.0426102 9.9991E-05 0.00334307 0.0700063 0.833539
9.99721E-05 9.99721E-05 9.99721E-05 9.99721E-05 0.0565927 0.0257099 0.917298
9.9982E-05 0.0532132 0.0329772 9.9982E-05 0.0146658 0.0405092 0.858435
9.9973E-05 9.9973E-05 0.0911389 0.0075827 9.9973E-05 0.0545776 0.846401
9.9964E-05 9.9964E-05 0.13185 9.9964E-05 9.9964E-05 0.044892 0.822858
9.9964E-05 9.9964E-05 0.108043 9.9964E-05 9.9964E-05 0.126513 0.765045
9.9964E-05 9.9964E-05 0.125996 9.9964E-05 9.9964E-05 0.0896667 0.783938
9.9964E-05 9.9964E-05 0.11767 9.9964E-05 9.9964E-05 0.0849685 0.796961
0.0299922 0.312634 0.435047 0.0441659 0.0727223 9.9991E-05 0.105338
9.9982E-05 0.236777 0.694486 0.00245968 0.0171122 9.9982E-05 0.0489642
0.0734152 0.00271929 0.587993 0.145377 0.00504267 0.0303538 0.155099
0.199515 0.513529 0.130318 0.156338 9.9973E-05 9.9973E-05 9.9973E-05
0.0930728 0.146198 0.573998 0.0264735 0.122482 9.9991E-05 0.037675
0.18207 0.617712 0.144986 0.0395741 0.00411525 9.9991E-05 0.0114422
9.9973E-05 0.269042 0.654367 0.0695172 9.9973E-05 9.9973E-05 0.00677364
0.0137219 0.222741 0.423424 0.143486 0.151677 9.9991E-05 0.0448499
0.0813798 0.196312 0.522031 0.0926197 0.0354278 9.9991E-05 0.0721295
0.0641664 9.9991E-05 0.476793 0.388941 0.00581963 0.0157208 0.0484591
9.9982E-05 0.30293 0.489721 0.0220865 0.175945 9.9982E-05 0.00911785
0.131138 0.104887 0.677938 9.9982E-05 0.0175588 9.9982E-05 0.0682776
9.9982E-05 0.229069 0.584292 0.00924092 0.133808 9.9982E-05 0.0433897
0.18705 0.152677 0.0314558 0.150661 0.439141 0.0389144 9.9991E-05
0.420839 0.50714 9.9973E-05 0.00955531 0.0621663 9.9973E-05 9.9973E-05
0.13513 0.59218 0.180656 0.0417529 0.0500811 9.9982E-05 9.9982E-05
9.9991E-05 0.131645 0.623219 0.0549951 0.0783491 0.00801971 0.103672
0.0724433 0.291289 0.565676 9.9982E-05 0.0324911 9.9982E-05 0.0379009
0.0510786 0.286669 0.563986 0.0275841 9.9982E-05 9.9982E-05 0.0704818
0.0552548 0.0958016 0.686693 0.0656582 9.9982E-05 9.9982E-05 0.0963919
0.0788997 0.00729304 0.46411 0.00623215 0.0813813 0.225815 0.136269
9.9982E-05 0.0499361 0.581693 9.9982E-05 0.0596696 0.16099 0.147512
