0.0416028 0.894001 0.0304218 0.0312618 0.00251254 9.9982E-05 9.9982E-05
9.9955E-05 0.917577 9.9955E-05 9.9955E-05 9.9955E-05 0.0819229 9.9955E-05
0.0475559 0.784063 0.0932449 9.9973E-05 0.0748359 9.9973E-05 9.9973E-05
0.0686959 0.802455 0.0650999 9.9973E-05 0.0634495 9.9973E-05 9.9973E-05
9.9973E-05 0.873607 0.00710389 9.9973E-05 0.0618752 0.0571142 9.9973E-05
0.0680652 0.601262 0.049799 0.0472492 0.093888 9.9991E-05 0.139637
0.0609792 0.822416 0.0441889 9.9982E-05 9.9982E-05 0.0141496 0.0580661
0.0971579 0.749437 0.029115 9.9991E-05 0.0125719 0.044297 0.0673214
0.0651565 0.800796 9.99729E-05 0.0786484 9.99729E-05 9.99729E-05 0.0550992
0.0344701 0.700171 0.0962869 0.0125257 0.0478783 0.0778978 0.0307703
0.140786 0.734936 9.99746E-05 9.99746E-05 0.0410563 9.99746E-05 0.0829215
0.497637 9.9973E-05 0.065218 0.191078 0.245768 9.9973E-05 9.9973E-05
0.325883 0.0142595 0.0814904 0.0986398 0.451069 0.0285581 9.9991E-05
0.45784 0.0083745 0.0439847 0.0546366 0.231559 0.135751 0.0678548
0.39563 0.0360562 0.119111 0.0188172 0.303591 0.0254528 0.101342
0.183057 0.149805 0.0763272 9.9982E-05 0.44256 9.9982E-05 0.148051
0.224076 0.0430588 0.105465 9.9982E-05 0.516366 0.110834 9.9982E-05
0.179618 0.0085668 0.0992096 0.238778 0.379753 0.0248756 0.0691991
0.353561 0.133151 0.0552378 0.103413 0.31381 0.0118173 0.0290103
0.66523 9.9982E-05 0.0775493 0.0396598 9.9982E-05 0.0319152 0.185446
0.203378 0.0737606 0.0526204 0.187867 0.376074 0.0882418 0.0180576
0.212089 0.00171499 0.00261001 0.00365282 0.542311 0.0438149 0.193807
0.185167 9.9991E-05 0.0560962 0.00202261 0.568888 0.139274 0.0484522
0.335485 9.9991E-05 0.0807432 0.133194 0.266023 0.0590132 0.125442
0.0748168 0.130456 9.9991E-05 0.00716389 0.639259 0.0877644 0.0604398
0.255872 0.0420223 0.07585 0.0178512 0.505611 9.9991E-05 0.102694
0.523588 9.9982E-05 0.125333 0.160254 0.128768 9.9982E-05 0.0618568
0.481221 0.0241405 0.250671 0.0828851 0.111304 0.00572351 0.0440541
0.399715 0.034402 9.9991E-05 0.144642 0.198626 0.0681947 0.154321
9.9964E-05 0.844308 0.043173 9.9964E-05 0.112119 9.9964E-05 9.9964E-05
9.9964E-05 0.822126 0.00539304 9.9964E-05 0.172081 9.9964E-05 9.9964E-05
0.0265153 0.789277 0.0354183 0.0362427 0.112346 9.9982E-05 9.9982E-05
9.9973E-05 0.711544 0.182426 0.0773861 0.028344 9.9973E-05 9.9973E-05
0.0823297 0.0292546 9.9991E-05 0.179677 0.595009 0.105256 0.00837324
0.119651 0.0859631 0.0663326 0.207936 0.469446 0.0505707 9.9991E-05
9.9973E-05 9.9973E-05 0.0233147 0.346269 0.564959 0.065158 9.9973E-05
0.59272 0.0631092 0.0723603 0.100922 0.140084 0.020712 0.0100916
0.00407333 9.9991E-05 0.0612651 0.5705 0.229705 0.0734737 0.060883
0.11838 0.0276442 0.0662979 0.272228 0.484459 0.0308918 9.9991E-05
9.9973E-05 0.0268843 0.0314713 0.217513 0.723831 9.9973E-05 9.9973E-05
9.9973E-05 0.0741668 9.9973E-05 0.127283 0.582954 9.9973E-05 0.215297
0.0159962 0.136061 9.9982E-05 0.165274 0.653904 9.9982E-05 0.0285651
0.191483 0.033088 9.9982E-05 0.611887 0.116449 9.9982E-05 0.0468936
0.0590485 0.0342056 0.0179537 0.0286715 0.632963 9.9991E-05 0.227057
0.0367511 0.0070263 0.148985 0.268057 0.418569 0.0618095 0.0588017
0.0255491 0.0772954 0.205454 0.130527 0.37679 0.160415 0.0239699
9.9964E-05 9.9964E-05 9.9964E-05 0.723618 0.239992 0.0359898 9.9964E-05
9.9973E-05 9.9973E-05 0.123142 0.248264 0.561757 0.0665368 9.9973E-05
0.0461922 0.140461 0.0700416 0.222359 0.453374 0.0674725 9.9991E-05
0.00824653 0.0287959 9.9973E-05 0.681867 9.9973E-05 9.9973E-05 0.28079
0.418502 9.9982E-05 9.9982E-05 0.218929 0.176702 0.101728 0.0839388
0.225772 0.00805734 9.9991E-05 0.224635 0.108391 0.0711919 0.361853
0.170925 0.102982 0.0706426 0.0713845 0.571251 0.00462206 0.00819244
0.0406775 0.0540422 0.118476 9.9991E-05 0.583324 0.112579 0.0908014
0.113526 0.0176832 0.0574837 9.9991E-05 0.6376 0.134403 0.0392036
0.324821 0.11694 9.9991E-05 0.228266 0.174488 0.0576352 0.0977497
0.285182 9.9991E-05 0.00146817 0.0526565 0.595391 0.00811091 0.0570918
0.119166 0.13324 0.0100506 0.0662128 0.589091 0.0223865 0.0598528
0.202668 0.170887 9.9991E-05 0.0767767 0.434606 0.0517086 0.0632537
0.328141 0.188939 0.0229477 0.159335 0.10429 9.9991E-05 0.196247
0.106381 0.0834083 9.9991E-05 0.112808 0.608747 0.00513184 0.0834246
0.311842 0.00847301 0.140985 0.0654645 0.33479 0.0281741 0.110272
0.512073 0.0265321 9.9991E-05 0.194255 0.0621819 0.0132092 0.191649
0.275966 9.9991E-05 0.00536727 0.0740367 0.504919 0.0879676 0.0516432
9.9991E-05 0.000520364 0.0212705 0.0459584 0.64998 0.182284 0.0998867
0.115981 0.0717446 0.0499539 0.167763 0.524658 0.0126985 0.0572002
0.297386 0.00765011 0.0941673 0.217991 0.230531 0.0429691 0.109305
0.130496 9.9991E-05 0.0941963 0.137648 0.493143 0.056964 0.0874531
0.278478 0.0121186 0.0554126 0.0393916 0.461077 0.0487648 0.104757
0.381544 0.0243496 9.9991E-05 0.16669 0.183549 0.0841018 0.159666
0.0348763 9.9964E-05 9.9964E-05 0.452958 0.511766 9.9964E-05 9.9964E-05
0.121463 9.9964E-05 9.9964E-05 0.760723 0.117414 9.9964E-05 9.9964E-05
0.0107138 0.0507248 0.0529885 0.196828 0.565924 0.0187801 0.104041
9.9955E-05 9.9955E-05 9.9955E-05 0.868294 9.9955E-05 9.9955E-05 0.131206
9.9964E-05 9.9964E-05 9.9964E-05 0.830463 9.9964E-05 0.0414209 0.127716
9.9955E-05 9.9955E-05 9.9955E-05 0.767012 0.232488 9.9955E-05 9.9955E-05
9.9982E-05 0.040682 0.0211528 0.487138 0.419266 9.9982E-05 0.0315621
9.9991E-05 0.108079 0.0766369 0.206018 0.567695 0.0393968 0.00207537
0.0941117 0.0190558 0.0517704 0.435523 0.392333 9.9991E-05 0.00710594
0.222518 0.0393026 0.0824846 0.597359 0.0581361 9.9982E-05 9.9982E-05
0.202009 0.0462465 9.9973E-05 0.520319 0.231125 9.9973E-05 9.9973E-05
0.0542244 0.0962418 0.0863228 0.205106 0.434364 0.123641 9.9991E-05
0.043745 0.0335264 0.00166892 0.615356 0.305503 9.9982E-05 9.9982E-05
0.0163523 0.0622326 9.9973E-05 0.532915 0.3882 9.9973E-05 9.9973E-05
9.9964E-05 9.9964E-05 9.9964E-05 0.598534 0.369441 9.9964E-05 0.0316253
0.0224515 9.9982E-05 0.0209654 0.631672 9.9982E-05 0.0785867 0.246124
0.0158132 9.9982E-05 0.082059 0.26387 0.547183 9.9982E-05 0.0908744
0.0338787 0.805774 0.0100174 9.9973E-05 0.15003 9.9973E-05 9.9973E-05
9.9955E-05 0.908944 9.9955E-05 9.9955E-05 0.0905558 9.9955E-05 9.9955E-05
9.9964E-05 0.837199 0.0654675 9.9964E-05 0.0969332 9.9964E-05 9.9964E-05
9.9973E-05 0.89247 0.0231954 9.9973E-05 0.0384739 9.9973E-05 0.0455603
9.9982E-05 0.862864 0.0560944 0.00971963 0.063168 0.00795396 9.9982E-05
9.9982E-05 0.871056 0.0422143 9.9982E-05 0.0397928 0.0197696 0.0269674
9.99551E-05 0.917914 9.99551E-05 9.99551E-05 0.0815861 9.99551E-05 9.99551E-05
0.134372 0.104852 0.0359593 0.142425 0.498214 0.0615647 0.0226124
0.104168 0.122046 0.0496976 0.173499 0.460125 0.0128641 0.0776005
0.100035 0.019377 9.9982E-05 0.844117 0.00615904 0.0301124 9.9982E-05
0.0674076 0.110308 0.058738 0.190574 0.523807 9.9991E-05 0.049066
0.125142 0.0233968 0.0393432 0.419667 0.392251 9.9982E-05 9.9982E-05
9.9973E-05 0.0105569 9.9973E-05 0.258332 0.623143 0.107668 9.9973E-05
0.000370127 0.066641 0.0363961 0.287768 0.433871 0.146997 0.0279572
9.9982E-05 0.00847993 0.0688311 0.393777 0.445676 0.0830359 9.9982E-05
0.161544 0.0745457 9.9964E-05 0.763511 9.9964E-05 9.9964E-05 9.9964E-05
0.117005 0.114916 0.0241895 0.0860271 0.559698 0.0980646 9.9991E-05
0.00124812 0.077759 0.00924684 0.249502 0.612495 9.9991E-05 0.0496497
0.187944 0.00894806 0.0966771 0.0662878 0.574579 0.0291122 0.0364517
9.9973E-05 9.9973E-05 9.9973E-05 0.568096 0.277829 0.0451618 0.108613
9.9982E-05 0.0023645 9.9982E-05 0.383257 0.484509 0.119218 0.0104524
0.128329 0.0166396 0.0249706 0.324091 0.449615 0.0562549 9.9991E-05
9.9973E-05 0.000205957 0.0781017 0.658608 0.262785 9.9973E-05 9.9973E-05
0.0334623 0.0552084 9.9982E-05 0.448394 0.394407 0.0683276 9.9982E-05
0.104235 0.102328 9.9982E-05 0.123822 0.646527 0.0228875 9.9982E-05
0.34275 9.9991E-05 0.0432099 0.0594036 0.160089 0.248081 0.146367
0.3476 0.118703 0.0168592 0.00662845 0.447427 9.9991E-05 0.0626824
0.149853 0.0909552 0.0550848 0.0746023 0.462768 0.0999909 0.0667464
0.193368 0.107097 0.0167955 9.9982E-05 0.608799 0.0737409 9.9982E-05
0.364844 0.0145795 0.0327906 9.9991E-05 0.499665 0.0589252 0.0290953
0.177714 0.0623729 9.9991E-05 0.0357927 0.605448 0.0968921 0.0216803
0.355248 9.9982E-05 0.055434 0.0510259 0.434243 0.10385 9.9982E-05
0.167598 0.169217 0.00617974 0.0541045 0.497226 0.0590112 0.0466642
0.209714 0.0873484 0.0158685 9.99961E-05 0.573596 0.0283321 0.0850408
0.239175 0.0080658 9.9982E-05 0.065716 0.59474 9.9982E-05 0.0921031
0.345234 9.9973E-05 9.9973E-05 0.0550269 0.485913 0.113526 9.9973E-05
0.0634949 9.9991E-05 0.102026 0.146153 0.535449 0.0194568 0.133319
0.132593 0.0671228 0.133887 0.0516366 0.474334 0.140326 9.9991E-05
0.183763 9.9982E-05 0.0468453 0.00834465 0.584458 0.17639 9.9982E-05
0.134725 0.107594 0.060199 9.9991E-05 0.487742 0.0789027 0.130737
0.216333 9.9982E-05 0.0827568 0.087152 0.559229 0.0543286 9.9982E-05
0.270738 0.0492827 0.0233309 9.9991E-05 0.418369 0.101905 0.136274
0.161872 9.9982E-05 0.0168644 9.9982E-05 0.613911 0.172312 0.0348403
0.245939 9.9982E-05 0.0156655 9.9982E-05 0.616804 0.103861 0.017531
0.393132 0.0246797 0.101209 0.212874 0.193712 0.0509578 0.0234353
0.315133 9.9991E-05 0.0878346 0.142121 0.0939168 0.121568 0.239327
0.215588 0.0646368 0.00984802 0.0693426 0.561013 0.0505815 0.0289899
0.316779 9.9991E-05 0.0550829 0.153033 0.0390078 0.246972 0.189026
0.486297 0.0296691 9.9991E-05 0.121714 0.260422 0.0865294 0.0152691
0.381002 9.9982E-05 9.9982E-05 0.119987 0.437287 0.0457166 0.0158068
0.428526 0.00835115 9.9982E-05 0.239675 0.254346 0.0689017 9.9982E-05
0.517025 9.9982E-05 0.0304806 0.22097 0.22939 9.9982E-05 0.00193411
0.0644905 0.0331872 0.0621116 0.129164 0.566814 0.0266149 0.117618
0.0452847 0.11537 0.0542857 0.133279 0.597809 0.0538722 9.9991E-05
0.261316 0.0831265 9.9973E-05 0.101451 0.553806 9.9973E-05 9.9973E-05
0.429183 9.9991E-05 0.0932605 0.0958438 0.079739 0.0300112 0.271863
0.052338 0.144294 9.9991E-05 0.0922662 0.546016 0.00922923 0.155757
0.0411598 0.0325111 0.0381195 0.093222 0.541625 9.9991E-05 0.253263
0.107472 0.0977685 9.9991E-05 0.15451 0.0110957 0.132631 0.496423
9.9991E-05 0.0806487 0.0167656 0.0694705 0.669759 0.043541 0.119715
0.0238042 0.0985772 9.9991E-05 0.272864 0.26381 0.104333 0.236512
0.0652472 0.0424089 9.9991E-05 0.0412469 0.559626 0.0347759 0.256596
0.0983559 0.0754679 0.0200608 0.0947258 0.260555 0.0162002 0.434634
0.0803427 0.0377696 9.9991E-05 0.0260856 0.242334 0.152637 0.460732
0.099344 0.0317406 9.9991E-05 0.0828331 0.454163 0.176105 0.155714
0.0259983 0.147629 9.9991E-05 0.120462 0.507074 0.0391748 0.159561
0.107271 0.136739 0.0769391 0.0410323 0.409097 0.109331 0.11959
0.0886175 0.0597218 0.148662 0.23215 9.9991E-05 0.0355368 0.435212
0.139965 0.0579859 0.0646142 0.0990218 0.477117 0.0949467 0.0663497
0.101172 9.9973E-05 9.9973E-05 0.114256 0.412096 9.9973E-05 0.372176
0.172935 9.9982E-05 9.9982E-05 0.0805464 0.432684 0.0988872 0.214748
0.0639471 0.0823622 0.108098 9.9991E-05 0.579548 0.0394201 0.126525
0.035847 0.258863 0.257709 9.9982E-05 0.107223 9.9982E-05 0.340158
9.9964E-05 0.471432 0.139526 9.9964E-05 9.9964E-05 9.9964E-05 0.388642
9.9964E-05 0.395938 0.148992 9.9964E-05 9.9964E-05 9.9964E-05 0.45467
9.9973E-05 0.371467 0.32658 9.9973E-05 0.0769633 9.9973E-05 0.22469
9.9964E-05 9.9964E-05 9.9964E-05 0.120589 0.644665 9.9964E-05 0.234347
0.0423922 0.0851324 0.0418432 0.093832 0.48686 0.133111 0.116829
0.0155207 9.9973E-05 0.631574 0.0246422 0.327963 9.9973E-05 9.9973E-05
0.0935469 9.9982E-05 0.460474 0.0922933 0.30607 0.0474159 9.9982E-05
0.0978991 0.108019 0.377305 0.0067063 0.301043 0.0375096 0.0715172
0.00848674 9.9982E-05 9.9982E-05 0.10562 0.367027 0.0618275 0.456838
0.0585864 0.101002 0.11482 0.258076 0.384093 0.0200412 0.0633816
9.9973E-05 9.9973E-05 9.9973E-05 0.0182785 0.232377 0.20707 0.541974
0.0482354 9.9982E-05 9.9982E-05 0.0837066 0.584551 0.0697793 0.213527
0.00650788 9.9982E-05 9.9982E-05 0.0610867 0.456478 0.257176 0.218552
9.9982E-05 0.00147819 0.0545658 9.9982E-05 0.565322 0.139156 0.239278
0.0723428 9.9982E-05 9.9982E-05 0.0898365 0.228994 0.0948374 0.513789
0.0760565 0.043799 0.135762 0.145147 0.522612 9.9991E-05 0.076524
9.9982E-05 0.0456072 0.0277582 9.9982E-05 0.574042 0.109798 0.242595
9.9964E-05 9.9964E-05 0.9311 0.0200195 9.9964E-05 0.0484805 9.9964E-05
9.9964E-05 9.9964E-05 0.918762 9.9964E-05 0.0501107 0.0307275 9.9964E-05
9.9982E-05 0.0441286 0.554666 0.0731639 0.256904 0.0709376 9.9982E-05
9.9964E-05 9.9964E-05 0.644976 9.9964E-05 0.334325 0.0202992 9.9964E-05
9.9973E-05 0.0209879 0.83372 0.00630192 0.13869 9.9973E-05 9.9973E-05
9.995E-05 9.995E-05 0.9994 9.995E-05 9.995E-05 9.995E-05 9.995E-05
0.0156483 9.9964E-05 0.967581 9.9964E-05 9.9964E-05 0.0163712 9.9964E-05
9.9964E-05 9.9964E-05 0.779572 9.9964E-05 0.197029 0.0229992 9.9964E-05
0.0330466 9.9964E-05 0.949801 9.9964E-05 0.0167526 9.9964E-05 9.9964E-05
9.9955E-05 9.9955E-05 0.993102 9.9955E-05 9.9955E-05 0.00639813 9.9955E-05
9.995E-05 9.995E-05 0.9994 9.995E-05 9.995E-05 9.995E-05 9.995E-05
0.0399783 0.0667183 0.710848 9.9973E-05 0.182156 9.9973E-05 9.9973E-05
0.0862061 0.00944836 0.787477 9.9973E-05 0.116569 9.9973E-05 9.9973E-05
9.9955E-05 9.9955E-05 0.964395 0.0351054 9.9955E-05 9.9955E-05 9.9955E-05
0.0632432 9.9991E-05 0.52823 0.0573829 0.163812 0.137206 0.0500257
0.086353 9.9973E-05 0.712996 9.9973E-05 0.14292 0.0574312 9.9973E-05
9.9982E-05 0.015845 0.751968 0.0390603 0.189044 9.9982E-05 0.00388211
9.9964E-05 0.0363209 0.803629 9.9964E-05 0.159651 9.9964E-05 9.9964E-05
9.995E-05 9.995E-05 0.9994 9.995E-05 9.995E-05 9.995E-05 9.995E-05
9.9973E-05 0.0302943 0.858912 9.9973E-05 0.0808244 0.0296694 9.9973E-05
9.995E-05 9.995E-05 0.9994 9.995E-05 9.995E-05 9.995E-05 9.995E-05
0.0245994 0.097957 0.600087 0.035813 0.241344 9.9982E-05 9.9982E-05
9.9982E-05 0.0275531 0.915433 0.023414 0.0248887 0.00851068 9.9982E-05
9.9973E-05 0.248115 0.0540762 9.9973E-05 9.9973E-05 0.0345439 0.662965
0.132524 0.177938 0.0282981 9.9982E-05 0.414331 9.9982E-05 0.246709
0.030018 0.182163 0.0374553 0.0902495 0.423339 9.9991E-05 0.236675
9.9991E-05 0.19796 0.131779 0.00187248 0.137356 0.0578006 0.473132
0.031671 0.110742 0.144461 0.100788 0.421346 0.0383382 0.152653
9.9991E-05 0.22222 0.120852 0.0787218 0.156217 0.0683642 0.353526
0.0232818 0.151991 0.0719989 9.9991E-05 0.485375 0.125804 0.141449
9.9973E-05 0.12914 0.131102 9.9973E-05 0.352056 9.9973E-05 0.387403
0.0029932 0.115758 0.127441 9.9982E-05 0.531001 9.9982E-05 0.222608
9.9973E-05 0.127038 0.143867 9.9973E-05 0.36325 9.9973E-05 0.365545
0.0543476 0.213395 0.0418595 0.0500526 0.495304 0.0409016 0.10414
0.0193388 0.832008 9.9991E-05 0.012113 0.077297 0.0140203 0.0451234
0.00389759 0.86795 0.0669771 9.9982E-05 9.9982E-05 0.0400375 0.0209382
0.0137709 0.93136 9.9973E-05 0.0167971 9.9973E-05 9.9973E-05 0.037772
0.0427842 0.931817 9.9964E-05 9.9964E-05 0.024999 9.9964E-05 9.9964E-05
0.0572783 0.897022 0.0435913 9.9973E-05 0.001808 9.9973E-05 9.9973E-05
9.9964E-05 0.87455 0.0882467 9.9964E-05 9.9964E-05 0.0368033 9.9964E-05
0.0071939 0.845398 0.101247 0.0332382 0.0127234 9.9982E-05 9.9982E-05
9.9973E-05 0.898555 9.9973E-05 0.0103671 9.9973E-05 0.0399564 0.050822
9.9973E-05 0.886989 9.9973E-05 0.0578318 0.0100988 0.044781 9.9973E-05
9.9973E-05 0.87157 0.0522468 9.9973E-05 0.0463261 9.9973E-05 0.029557
0.276919 0.581203 9.9973E-05 0.095181 9.9973E-05 0.0463971 9.9973E-05
0.344476 0.54496 9.9973E-05 0.0937022 9.9973E-05 0.0165618 9.9973E-05
0.340131 0.499061 9.9982E-05 0.0312584 9.9982E-05 0.0340728 0.0952768
0.336217 0.507324 9.9982E-05 0.0620679 9.9982E-05 0.0625322 0.0316584
0.112274 0.0735266 0.00262754 0.229847 0.483707 0.0979185 9.9991E-05
0.0398147 9.9982E-05 0.0387011 0.320842 0.477243 0.123199 9.9982E-05
0.125771 0.00974421 0.0930521 0.215168 0.429755 0.0695979 0.056912
0.349804 0.0737957 9.9982E-05 0.192928 0.378652 9.9982E-05 0.00461926
0.654507 9.9982E-05 0.00456676 0.0469404 0.183657 0.110129 9.9982E-05
9.9991E-05 0.0298724 0.0224553 0.230861 0.624405 0.0725003 0.0198063
0.102994 9.9982E-05 9.9982E-05 0.247377 0.578523 0.0633974 0.00750926
0.13311 9.9973E-05 9.9973E-05 0.254785 0.5157 9.9973E-05 0.0961047
0.0113584 9.9982E-05 0.0602238 0.556119 0.275725 0.0963735 9.9982E-05
0.106872 0.0445039 0.0651115 0.135177 0.648136 9.9982E-05 9.9982E-05
0.13888 9.9982E-05 9.9982E-05 0.389905 0.429926 0.0308723 0.0102172
0.00519174 9.9973E-05 9.9973E-05 0.673091 9.9973E-05 0.219006 0.102411
0.178696 0.000281552 0.0538134 0.164696 0.495869 0.0263131 0.0803302
9.9973E-05 9.9973E-05 9.9973E-05 0.448849 0.260101 0.102652 0.188098
9.9973E-05 9.9973E-05 9.9973E-05 0.357281 0.557486 0.0523834 0.0325497
0.186957 0.0273289 9.9973E-05 0.718707 0.066708 9.9973E-05 9.9973E-05
0.746161 0.0996661 9.9973E-05 0.0281703 9.9973E-05 9.9973E-05 0.125702
0.751452 0.0630707 9.9973E-05 9.9973E-05 0.0883743 9.9973E-05 0.0968032
0.787978 0.0409718 9.9973E-05 9.9973E-05 9.9973E-05 0.0985895 0.0721611
0.775202 0.105662 9.9982E-05 0.046777 9.9982E-05 0.051473 0.0206864
0.789129 9.9982E-05 0.0406294 9.9982E-05 0.0394609 0.0502733 0.0803078
0.708137 0.0854111 9.9982E-05 9.9982E-05 0.136145 0.0598603 0.0102466
9.9964E-05 0.851894 9.9964E-05 0.0312411 0.116465 9.9964E-05 9.9964E-05
0.0623519 0.822398 0.024132 9.9973E-05 0.0908178 9.9973E-05 9.9973E-05
9.9964E-05 0.75533 0.106658 9.9964E-05 0.137612 9.9964E-05 9.9964E-05
0.084952 0.745734 0.05467 9.9973E-05 0.114344 9.9973E-05 9.9973E-05
0.0181094 0.820554 9.9964E-05 9.9964E-05 0.160937 9.9964E-05 9.9964E-05
0.530836 0.358054 9.9973E-05 0.0374794 9.9973E-05 9.9973E-05 0.0733309
0.382985 0.469299 9.9982E-05 0.0613387 9.9982E-05 0.0568017 0.0293755
0.404152 0.429217 9.9973E-05 0.129503 9.9973E-05 0.0368282 9.9973E-05
0.00807705 0.854809 0.0246116 9.9973E-05 0.112202 9.9973E-05 9.9973E-05
0.463312 0.384647 9.9982E-05 0.0954052 9.9982E-05 0.0294674 0.0269686
0.0145278 0.179863 0.329777 9.9982E-05 0.29721 9.9982E-05 0.178421
0.0508608 0.0967117 0.177395 9.9982E-05 0.666564 0.00826866 9.9982E-05
9.9964E-05 0.225619 0.226519 9.9964E-05 0.547462 9.9964E-05 9.9964E-05
9.9982E-05 0.222625 0.242337 0.091037 0.320108 9.9982E-05 0.123694
9.9991E-05 0.204448 0.118895 0.0156295 0.553843 0.0129454 0.094139
9.9964E-05 0.392758 0.325086 9.9964E-05 9.9964E-05 9.9964E-05 0.281757
0.322677 0.00670963 9.9991E-05 0.0705599 0.4854 0.0606039 0.0539494
0.250207 0.00340102 9.9991E-05 0.0309505 0.396985 0.14953 0.168826
0.595077 0.0387537 9.9982E-05 0.0183334 0.290516 0.0571198 9.9982E-05
0.151284 9.9982E-05 9.9982E-05 0.0501563 0.516973 0.224671 0.0567148
0.144105 9.9973E-05 9.9973E-05 0.189405 9.9973E-05 0.321106 0.345085
0.180665 0.0757628 0.0457976 9.9991E-05 0.587144 0.0356176 0.0749125
0.197929 0.0580675 9.9982E-05 0.176777 0.392287 0.17474 9.9982E-05
0.425857 0.0462978 9.9991E-05 0.115952 0.351419 0.0221419 0.0382327
0.0847384 0.108655 0.035617 0.135791 0.491866 0.0919313 0.0514014
0.228628 9.9982E-05 9.9982E-05 0.169711 0.183893 0.0862884 0.33128
0.235407 9.9991E-05 0.0296957 0.00291336 0.423521 0.127714 0.180648
0.252691 9.9982E-05 0.0257652 0.193376 0.455775 9.9982E-05 0.0721927
0.108382 0.118495 0.209257 0.185762 0.321403 0.00989409 0.0468074
0.297463 9.9982E-05 9.9982E-05 0.0709563 0.372374 0.165852 0.0931545
0.314972 0.0199939 0.0232857 0.0181879 0.506094 0.0783437 0.0391231
0.132212 9.9982E-05 0.0761808 9.9982E-05 0.48072 0.147856 0.162831
0.247099 0.00624576 9.9991E-05 0.0428181 0.558199 0.119499 0.0260391
0.157684 0.0231207 0.0679128 0.0594874 0.647089 0.0446058 9.9991E-05
0.223511 0.0385412 0.105655 0.132495 0.428753 9.9991E-05 0.0709449
0.171604 0.121895 9.9991E-05 0.00918138 0.558321 0.0392547 0.0996437
9.9964E-05 0.754431 0.120314 9.9964E-05 0.124855 9.9964E-05 9.9964E-05
9.9973E-05 0.830181 9.9973E-05 0.0434176 0.125872 9.9973E-05 0.0002297
0.0796905 0.777393 9.9991E-05 0.0326884 0.0588926 0.0440891 0.00714622
0.0201222 0.782352 0.0169615 0.100011 0.0324705 0.0479822 9.9991E-05
9.9955E-05 0.84742 9.9955E-05 9.9955E-05 0.15208 9.9955E-05 9.9955E-05
0.560327 9.9982E-05 0.0904723 0.129483 0.116568 9.9982E-05 0.10295
0.110583 9.9982E-05 0.112459 9.9982E-05 0.459377 0.239303 0.0780773
9.9991E-05 0.181993 0.108528 0.0314843 0.499435 0.0581578 0.120302
0.246652 9.9991E-05 0.0691919 0.0134162 0.615884 0.0338024 0.0209539
0.235054 0.0475531 0.0309447 0.137466 0.524765 0.0103604 0.0138569
0.29949 9.9982E-05 0.10553 9.9982E-05 0.178375 0.207203 0.209201
0.566264 0.132283 9.9982E-05 0.180974 9.9982E-05 0.0291834 0.0910962
0.244659 0.04367 0.00806224 0.0987236 0.586553 0.0182329 9.9991E-05
0.569472 0.00659918 0.131169 0.0721362 0.0843325 0.136192 9.9991E-05
0.194719 0.0345252 0.00551765 0.0455597 0.485624 0.0572405 0.176813
0.460964 0.149272 9.9991E-05 0.113622 0.121903 0.152221 0.00191812
0.248347 0.0729227 0.104585 0.07441 0.494261 9.9991E-05 0.00537491
0.554863 0.0668623 0.0105932 0.0557442 0.242518 0.0575674 0.0118513
0.254487 0.0445404 0.092604 0.129155 0.283224 0.106689 0.0893007
0.136383 0.0538399 0.0478744 0.0320581 0.477874 0.12377 0.1282
0.0422375 9.9973E-05 9.9973E-05 9.9973E-05 0.32413 0.0573455 0.575987
0.076904 0.0673632 9.9991E-05 0.0659461 0.561689 0.00464527 0.223352
0.0599727 0.139336 9.9982E-05 0.0661859 0.551696 9.9982E-05 0.182609
0.0685793 9.9982E-05 9.9982E-05 0.0222916 0.374033 0.0167614 0.518134
0.103876 0.0332678 0.0625414 0.100564 0.386815 0.100846 0.21209
9.9973E-05 0.012782 9.9973E-05 9.9973E-05 0.579435 0.103406 0.304077
0.0830313 9.9982E-05 9.9982E-05 0.0976459 0.091307 0.184058 0.543758
0.0345668 9.9982E-05 9.9982E-05 0.0663123 0.284175 0.0201882 0.594558
0.0799954 9.9973E-05 9.9973E-05 9.9973E-05 0.538455 0.0985319 0.282718
0.060034 9.9982E-05 9.9982E-05 0.21213 0.1494 0.122373 0.455863
0.0479288 9.9982E-05 9.9982E-05 0.0972464 0.502393 0.00423168 0.348
0.6302 9.9991E-05 0.0190443 0.129408 0.0626531 0.112312 0.0462827
0.310849 9.9991E-05 0.0170654 0.0969921 0.219746 0.352511 0.00273746
0.42703 0.0656179 0.0677929 0.0916406 0.265458 0.08236 9.9991E-05
0.20386 9.9982E-05 0.00588098 9.9982E-05 0.666409 0.0432004 0.0804494
0.520616 9.9973E-05 0.0507192 0.240534 0.187831 9.9973E-05 9.9973E-05
0.149253 0.0411411 0.067346 9.9991E-05 0.52925 0.101782 0.111129
0.116987 0.0290696 0.0890866 0.0431021 0.565136 0.0939651 0.0626536
0.351017 0.024737 0.0346613 0.0137609 0.494976 0.0439406 0.0369073
0.213543 0.0460976 0.0740984 9.9991E-05 0.492505 0.149467 0.0241888
0.333129 0.0417645 0.0879362 0.164685 0.36611 0.00627567 9.9991E-05
0.55098 9.9973E-05 0.111646 0.178892 0.158182 9.9973E-05 9.9973E-05
0.53061 9.9982E-05 0.0495187 0.0336541 0.30016 0.0858576 9.9982E-05
0.179693 0.020699 9.9982E-05 9.9982E-05 0.609249 0.129146 0.0610128
0.245071 0.0843497 0.0260376 9.9982E-05 0.599765 0.0445773 9.9982E-05
0.26713 0.0767366 0.00704505 0.0826945 0.367914 0.127358 0.0711224
0.220083 9.9982E-05 0.0467361 9.9982E-05 0.540145 0.179184 0.0136522
0.422586 9.9982E-05 0.0346852 0.0427118 0.376737 9.9982E-05 0.12308
0.195658 9.9982E-05 9.9982E-05 0.11196 0.599248 0.0811198 0.0118149
0.201549 0.0156378 0.0881381 0.165163 0.44731 0.0821024 9.9991E-05
0.14443 0.0223133 0.107342 0.0949099 0.538214 0.0787851 0.0140054
0.0531666 0.333668 0.112469 0.0243793 0.39716 9.9991E-05 0.0790576
9.9982E-05 0.158847 0.213772 0.0604059 0.464212 9.9982E-05 0.102563
0.0675039 0.201193 0.121334 9.9991E-05 0.531692 0.0220294 0.0561478
0.0678622 0.0605535 0.0952066 0.0889531 0.543584 0.0758688 0.0679722
0.0133772 0.161391 0.199986 9.9991E-05 0.47061 0.129363 0.0251726
0.187367 9.9982E-05 0.0208702 9.9982E-05 0.482915 0.192897 0.11575
0.0621119 0.181182 0.0488823 0.0142645 0.655118 0.0383406 9.9991E-05
9.9991E-05 0.217 0.111612 0.0481189 0.0789894 0.100989 0.443191
0.118269 0.112882 0.160532 9.9982E-05 0.502459 9.9982E-05 0.105659
0.0706184 0.113318 0.118869 0.0454244 0.535553 0.116117 9.9991E-05
0.121484 0.0874333 0.252065 9.9991E-05 0.412706 0.117385 0.00882647
0.0682908 0.199883 0.112273 0.0201401 0.337154 0.0945856 0.167673
9.9982E-05 0.134207 0.121535 0.0789003 0.552507 9.9982E-05 0.11265
9.9982E-05 0.126943 0.153643 9.9982E-05 0.499021 0.0788534 0.14134
9.9973E-05 0.416606 0.200559 9.9973E-05 9.9973E-05 0.0390566 0.343478
0.0473654 0.230088 0.153726 0.0593209 0.452184 9.9991E-05 0.0572157
9.9991E-05 0.193455 0.154733 0.072257 0.542877 0.00308828 0.0334894
9.9991E-05 0.0958681 0.131502 0.0204013 0.572934 0.0688709 0.110324
9.9973E-05 0.168485 0.198559 9.9973E-05 0.573316 9.9973E-05 0.0593397
0.0387674 0.161525 0.131771 0.0214868 0.547988 0.0983621 9.9991E-05
0.0733189 0.0266834 0.0713181 9.9982E-05 0.391765 0.436714 9.9982E-05
0.0557194 0.0860278 0.0393073 0.0279389 0.494566 0.252479 0.043962
0.0788698 9.9964E-05 9.9964E-05 0.0316509 9.9964E-05 0.889079 9.9964E-05
9.9964E-05 9.9964E-05 9.9964E-05 0.101035 9.9964E-05 0.834562 0.0640038
0.0081021 0.0706008 0.0452754 0.0666779 0.437087 0.372157 9.9991E-05
9.9982E-05 0.109614 0.281379 9.9982E-05 0.408052 0.150489 0.0502659
9.9982E-05 0.0842344 0.291783 9.9982E-05 0.289848 0.320636 0.013299
0.00469075 0.240906 0.254561 0.0257319 0.195254 0.12245 0.156407
9.9973E-05 0.219774 0.267044 9.9973E-05 0.306977 0.205905 9.9973E-05
9.9973E-05 0.0589368 0.08769 9.9973E-05 9.9973E-05 0.670467 0.182607
9.9982E-05 0.0483667 0.128751 9.9982E-05 0.100275 0.649629 0.0727789
0.00949373 0.018374 0.117574 0.0450962 0.438163 0.371198 9.9991E-05
9.9973E-05 0.0468971 0.106269 9.9973E-05 0.335651 0.510884 9.9973E-05
9.9973E-05 0.0721776 0.101488 9.9973E-05 0.0804454 0.745589 9.9973E-05
9.9982E-05 0.0579167 0.0838308 0.068321 0.438324 0.351407 9.9982E-05
9.9973E-05 0.013345 0.141998 9.9973E-05 0.451464 0.392892 9.9973E-05
0.105367 0.084643 0.181914 0.0605064 0.347618 0.219851 9.9991E-05
0.0688687 0.027147 9.9982E-05 0.024181 0.315387 0.564217 9.9982E-05
0.01539 0.00502075 0.00733251 0.150003 0.295517 0.480272 0.0464643
0.0365019 0.0493204 0.0183808 0.0619138 0.476238 0.214759 0.142886
0.0835383 0.0379017 0.0275335 0.0183562 0.391798 0.409726 0.0311463
0.0959403 0.0458424 0.0896959 0.0497087 0.38961 0.263303 0.0658993
0.0109463 9.9982E-05 9.9982E-05 0.0189829 0.405081 0.464502 0.100287
0.0831336 9.9973E-05 9.9973E-05 9.9973E-05 0.173983 0.729405 0.0131783
9.9982E-05 0.0375605 0.0160298 0.0921644 0.443568 0.410477 9.9982E-05
0.0204515 9.9973E-05 9.9973E-05 0.0566001 0.165446 0.757203 9.9973E-05
9.9982E-05 0.0306754 9.9982E-05 0.0056278 0.392387 0.548665 0.0224454
0.0452727 0.0704216 0.0885193 0.0706084 0.416116 0.308962 9.9991E-05
0.0406226 0.0946098 9.9982E-05 0.0676794 0.439365 0.357524 9.9982E-05
9.9982E-05 0.166139 0.201983 0.0551014 0.445814 0.130763 9.9982E-05
9.9982E-05 0.152682 0.170058 9.9982E-05 0.32985 0.26099 0.0862203
0.0291224 0.115937 0.222851 0.0359354 0.395814 0.091773 0.108568
0.0615616 0.130136 0.227363 0.0118262 0.301413 0.0965781 0.171122
0.151433 0.0698265 0.207005 0.166849 0.341133 0.0410517 0.0227026
9.9991E-05 0.0841822 0.272454 0.009186 0.297134 0.281479 0.0554655
9.9973E-05 0.229412 0.0847978 9.9973E-05 9.9973E-05 0.582377 0.103113
0.0572561 0.0738286 0.199635 9.9982E-05 0.552378 0.116703 9.9982E-05
9.9973E-05 0.326455 0.10181 9.9973E-05 9.9973E-05 0.401512 0.169923
9.9973E-05 0.0609687 0.169933 9.9973E-05 0.441496 0.327303 9.9973E-05
9.9973E-05 9.9973E-05 9.9973E-05 0.130203 0.0826531 0.780895 0.00594841
9.9955E-05 9.9955E-05 9.9955E-05 0.0757093 9.9955E-05 0.923791 9.9955E-05
0.0250719 9.9982E-05 9.9982E-05 0.0579177 0.428227 0.466163 0.0224204
9.9982E-05 0.0482146 0.0317307 0.0492124 0.483151 0.387491 9.9982E-05
0.0345133 9.9973E-05 9.9973E-05 9.9973E-05 0.3632 0.591097 0.0108895
9.9964E-05 9.9964E-05 9.9964E-05 0.103148 0.492918 0.403534 9.9964E-05
9.9964E-05 9.9964E-05 9.9964E-05 0.0370916 0.473914 0.488595 9.9964E-05
9.9973E-05 0.78768 0.0243653 9.9973E-05 0.0558244 0.131831 9.9973E-05
0.161601 0.686886 0.10919 0.00794649 9.9982E-05 0.0341762 9.9982E-05
0.0539804 0.890553 0.0550663 9.9964E-05 9.9964E-05 9.9964E-05 9.9964E-05
9.9964E-05 0.936952 9.9964E-05 9.9964E-05 0.0480817 0.0145661 9.9964E-05
0.00266056 0.0609718 0.0203009 0.350602 0.435868 0.129496 9.9991E-05
9.9982E-05 0.109882 0.0126011 0.459237 0.415549 0.00253196 9.9982E-05
0.0741871 0.012608 9.9973E-05 0.535177 0.377728 9.9973E-05 9.9973E-05
9.9991E-05 0.119341 0.0158504 0.28413 0.557412 0.00262135 0.0205456
0.154239 0.120705 0.02325 0.21117 0.485189 0.00534653 9.9991E-05
0.0601438 0.000892629 0.0210491 0.590629 0.195651 0.0224035 0.109231
0.0121387 9.9982E-05 0.0733492 0.349741 0.533177 0.0313945 9.9982E-05
9.9973E-05 0.0185564 9.9973E-05 0.450425 0.355282 9.9973E-05 0.175437
0.00431549 0.251327 0.129037 0.0501748 0.533669 0.0191625 0.0123137
0.044243 9.9991E-05 0.0234194 0.372165 0.465202 0.00922399 0.0856464
0.0908271 0.0276018 9.9973E-05 0.566445 0.314826 9.9973E-05 9.9973E-05
0.0440555 9.9982E-05 0.0228898 0.385938 0.503473 0.0434434 9.9982E-05
0.0595903 9.9973E-05 9.9973E-05 0.477144 0.392512 0.0704539 9.9973E-05
9.9991E-05 0.024203 0.0110454 0.346014 0.507328 0.0742598 0.03705
0.0229626 0.0913814 9.9982E-05 0.220131 0.567374 0.0979513 9.9982E-05
9.9973E-05 9.9973E-05 9.9973E-05 0.84745 0.0485214 0.0823595 0.0213691
9.9991E-05 0.0449138 0.0349987 0.627458 0.189708 0.0269907 0.0758315
0.0943244 0.0245184 9.9982E-05 0.57376 0.290385 9.9982E-05 0.0168122
9.9955E-05 9.9955E-05 9.9955E-05 0.783198 9.9955E-05 9.9955E-05 0.216302
0.07609 0.041306 9.9973E-05 0.512707 0.369597 9.9973E-05 9.9973E-05
9.9973E-05 9.9973E-05 9.9973E-05 0.606071 0.0843268 0.0137701 0.295532
9.9964E-05 9.9964E-05 9.9964E-05 0.705386 9.9964E-05 0.0901639 0.20405
0.0391476 0.0152037 0.0545104 0.369655 0.521283 9.9982E-05 9.9982E-05
0.069484 0.0804364 0.00494289 0.725041 0.119896 9.9982E-05 9.9982E-05
0.0942458 9.9982E-05 0.063345 0.401936 0.398031 9.9982E-05 0.0422425
0.0281408 0.0693294 0.0595485 0.173745 0.589305 0.0761925 0.00373795
0.0502814 9.9973E-05 0.0603045 0.419185 0.46993 9.9973E-05 9.9973E-05
0.276133 9.9991E-05 0.0898629 0.0808463 0.307157 0.0618923 0.184009
0.0612028 9.9973E-05 0.0501469 0.377176 0.511175 9.9973E-05 9.9973E-05
0.126639 0.0229549 0.0761513 0.302843 0.399469 0.0438955 0.0280468
9.9973E-05 9.9973E-05 9.9973E-05 0.665706 0.269155 0.0180835 0.0467557
0.0736811 0.0939662 0.00196873 0.18981 0.5264 0.0916258 0.0225475
0.209834 0.611961 9.9982E-05 0.0278646 0.0199697 9.9982E-05 0.13017
0.0839589 0.754129 9.9982E-05 0.100812 0.0135485 9.9982E-05 0.047351
0.149703 0.763631 9.9964E-05 9.9964E-05 9.9964E-05 9.9964E-05 0.0862664
0.176394 0.789738 9.9964E-05 9.9964E-05 9.9964E-05 9.9964E-05 0.0334683
0.281412 0.702884 9.9973E-05 9.9973E-05 0.012083 9.9973E-05 0.00332122
0.154679 0.0396283 0.0572416 0.694613 0.0536387 9.9982E-05 9.9982E-05
0.0734673 0.0669293 9.9991E-05 0.706724 0.083767 0.0118345 0.0571785
9.9982E-05 9.9982E-05 0.0217259 0.806948 0.0607081 0.0185743 0.0918438
9.9991E-05 0.108541 0.0623974 0.0999669 0.487098 0.180188 0.0617083
9.9964E-05 0.196243 9.9964E-05 0.256013 0.547344 9.9964E-05 9.9964E-05
9.9982E-05 0.0357627 0.059031 0.617083 0.200745 9.9982E-05 0.0871783
9.9964E-05 9.9964E-05 9.9964E-05 0.352111 0.579679 9.9964E-05 0.0678097
9.9991E-05 0.00596203 0.100921 0.48747 0.302414 0.0250239 0.0781093
0.0247973 0.0312115 9.9982E-05 0.288889 0.622315 0.0325877 9.9982E-05
9.9973E-05 9.9973E-05 0.0783791 0.314835 0.518034 0.0884518 9.9973E-05
0.0851983 9.9982E-05 9.9982E-05 0.638318 0.246388 0.0156627 0.0142336
0.030385 0.00216805 0.0204803 0.598171 0.348595 9.9982E-05 9.9982E-05
0.121331 9.9964E-05 9.9964E-05 0.558327 0.319942 9.9964E-05 9.9964E-05
0.0639644 0.084223 9.9982E-05 0.0220312 0.645951 9.9982E-05 0.18363
0.0452508 0.0429614 9.9973E-05 0.531761 0.379727 9.9973E-05 9.9973E-05
0.159911 0.0406227 9.9973E-05 0.349538 0.449628 9.9973E-05 9.9973E-05
0.0219244 0.091336 0.426387 0.101337 0.358816 9.9982E-05 9.9982E-05
9.9982E-05 0.0973023 0.415963 9.9982E-05 0.359362 0.087652 0.0395206
0.0337882 0.0608904 0.489872 0.0132507 0.336502 9.9991E-05 0.0655969
9.9973E-05 0.176458 0.438568 9.9973E-05 0.345085 0.0395895 9.9973E-05
0.0326752 0.139975 0.297842 0.0808031 0.426868 9.9991E-05 0.0217371
9.9973E-05 0.0418515 9.9973E-05 0.249756 0.567408 9.9973E-05 0.140684
9.9991E-05 0.273291 0.700303 0.00684801 0.0101505 0.00123435 0.0080737
9.9973E-05 0.250215 0.443716 0.0292827 0.276487 9.9973E-05 9.9973E-05
9.9982E-05 0.130501 0.0956002 0.137186 0.430374 9.9982E-05 0.206139
0.061679 0.108578 9.9973E-05 9.9973E-05 0.606746 9.9973E-05 0.222697
0.104057 0.0976095 0.0260291 0.0541433 0.432982 9.9991E-05 0.28508
0.116805 0.0730775 0.0497159 0.0990035 0.511894 9.9991E-05 0.149404
0.0494528 0.0731768 0.0706623 0.138217 0.478028 0.00337184 0.187091
9.9973E-05 0.180681 0.483342 9.9973E-05 0.30422 9.9973E-05 0.0314563
0.0524892 0.0751661 0.379676 9.9982E-05 0.408805 0.083664 9.9982E-05
9.9973E-05 0.0722042 0.440438 9.9973E-05 0.439943 9.9973E-05 0.0471144
0.0732177 0.105394 0.330474 9.9991E-05 0.349422 0.120158 0.0212347
9.9982E-05 0.11957 0.470333 0.0345951 0.308859 0.0664432 9.9982E-05
0.00139169 0.128257 0.350101 0.0543813 0.379947 0.0169379 0.0689844
9.9982E-05 0.133438 0.510063 0.0614987 0.256293 0.0385074 9.9982E-05
9.9991E-05 0.0645349 0.369384 0.0998942 0.337553 0.11278 0.0157547
0.015646 9.9982E-05 0.0749472 0.0619869 0.46384 9.9982E-05 0.38338
0.0316052 0.178901 0.355062 0.0560508 0.34072 0.015361 0.0223001
9.9973E-05 0.158675 0.63461 9.9973E-05 0.168953 9.9973E-05 0.0374615
0.00855077 0.0713589 0.385639 0.133116 0.297267 0.0279724 0.0760952
0.238059 0.120213 9.9982E-05 0.0681212 0.251932 9.9982E-05 0.321475
0.0297464 9.9982E-05 0.0538698 0.00438728 0.626896 9.9982E-05 0.2849
0.124953 0.147023 0.330802 0.0334996 0.331238 0.0323842 9.9991E-05
0.0911264 0.0761762 0.040752 9.9991E-05 0.527582 0.0732335 0.19103
0.0251775 0.140325 9.9982E-05 0.107818 0.480876 9.9982E-05 0.245604
0.00345624 0.202986 0.203403 0.209995 0.37996 9.9982E-05 9.9982E-05
9.9973E-05 0.222391 0.301592 9.9973E-05 0.297514 0.178202 9.9973E-05
0.119834 0.0971298 0.0858577 0.0203399 0.616861 0.0405222 0.0194562
0.0134407 0.0922835 0.401197 0.0441477 0.386513 9.9991E-05 0.0623183
9.9973E-05 0.0842333 0.454864 9.9973E-05 0.402729 9.9973E-05 0.0578738
9.9982E-05 0.193103 0.629168 9.9982E-05 0.118733 0.0526871 0.00610978
0.0957356 0.109016 0.0580898 9.9991E-05 0.567568 0.0487935 0.120697
0.0580491 0.104667 9.9982E-05 0.0762612 0.505726 9.9982E-05 0.255097
9.9982E-05 0.0601441 0.0225922 9.9982E-05 0.23971 0.0071159 0.670238
0.126622 0.102936 0.0449291 0.0807669 0.557048 9.9991E-05 0.0875985
0.165838 0.127282 0.0118253 0.0907475 0.362058 0.0717105 0.170538
9.9982E-05 0.188355 0.1732 0.0440768 0.451401 9.9982E-05 0.142767
0.13488 0.134857 0.116085 0.0375187 0.43168 0.0306291 0.114349
9.9964E-05 0.22495 0.225858 9.9964E-05 9.9964E-05 9.9964E-05 0.548792
9.9964E-05 0.26201 0.113312 9.9964E-05 9.9964E-05 9.9964E-05 0.624277
0.00132196 0.131007 0.107696 0.0228304 0.280697 0.0235567 0.432891
9.9982E-05 0.302893 0.19023 0.00609501 0.0509706 9.9982E-05 0.449611
9.9964E-05 0.349721 0.240367 9.9964E-05 9.9964E-05 9.9964E-05 0.409512
0.0736942 0.0830582 0.208822 0.0521252 0.232608 0.173633 0.176059
0.0548428 0.224937 0.182211 9.9991E-05 0.312482 0.0250526 0.200374
0.0313085 0.290761 0.160994 0.0133742 0.198948 9.9991E-05 0.304514
9.9973E-05 0.225154 0.137451 9.9973E-05 0.132695 9.9973E-05 0.504401
0.0176742 0.1364 0.136438 0.0228654 0.500453 9.9991E-05 0.186069
0.0214957 0.153957 0.117452 0.0290996 0.195175 0.0837379 0.399082
9.9964E-05 0.386546 0.0405896 9.9964E-05 9.9964E-05 9.9964E-05 0.572464
0.036087 0.182304 0.121259 0.0391639 0.473319 0.125246 0.022622
0.0387477 0.156448 0.181698 9.9982E-05 0.374551 9.9982E-05 0.248355
9.9973E-05 0.294831 0.161233 0.157696 0.38594 9.9973E-05 9.9973E-05
9.9973E-05 0.153944 0.183512 9.9973E-05 0.632345 9.9973E-05 0.0298989
0.0195968 0.193679 0.188641 0.126137 0.454115 9.9991E-05 0.017731
0.0255898 0.125329 0.216573 9.9991E-05 0.4569 0.0502935 0.125215
9.9973E-05 0.346916 0.236 9.9973E-05 0.356388 9.9973E-05 0.060396
0.0975043 0.196117 0.135018 9.9982E-05 0.517559 0.0536012 9.9982E-05
0.0365058 0.195956 0.250235 0.0484368 0.455312 9.9991E-05 0.0134541
9.9982E-05 0.260473 0.190658 0.0476514 0.323291 9.9982E-05 0.177726
0.143963 0.156798 0.181402 0.272158 0.183603 0.0319493 0.0301277
0.0249229 0.147836 0.11574 0.15589 0.456415 0.071586 0.0276093
0.0740171 0.185678 0.0996828 0.0411596 0.533521 9.9991E-05 0.0658412
0.0323223 0.113851 0.106837 0.102267 0.566307 0.0783163 9.9991E-05
0.0303252 0.255722 0.248424 9.9982E-05 0.400906 9.9982E-05 0.0644234
9.9991E-05 0.236776 0.123798 0.0381208 0.49643 0.027591 0.0771842
9.9982E-05 0.344443 0.203959 0.0247939 0.206671 9.9982E-05 0.219933
0.0475461 0.24142 0.191282 9.9991E-05 0.416457 0.0982768 0.00491904
9.9982E-05 0.233712 0.340768 9.9982E-05 0.206074 0.0484811 0.170764
0.103893 0.755097 9.9991E-05 0.0727787 0.00289052 0.00120819 0.0640329
0.796269 0.0878026 9.9973E-05 9.9973E-05 0.0920445 0.0235842 9.9973E-05
0.986233 0.013267 9.9955E-05 9.9955E-05 9.9955E-05 9.9955E-05 9.9955E-05
0.975064 0.0244361 9.9955E-05 9.9955E-05 9.9955E-05 9.9955E-05 9.9955E-05
0.967412 9.9955E-05 9.9955E-05 9.9955E-05 0.0320879 9.9955E-05 9.9955E-05
0.942175 0.0293613 9.9964E-05 9.9964E-05 0.0280642 9.9964E-05 9.9964E-05
0.934112 9.9955E-05 9.9955E-05 9.9955E-05 0.0653887 9.9955E-05 9.9955E-05
0.959721 0.0397796 9.9955E-05 9.9955E-05 9.9955E-05 9.9955E-05 9.9955E-05
0.760851 0.177751 0.0323696 9.9973E-05 0.0287285 9.9973E-05 9.9973E-05
0.00833884 0.879419 9.9982E-05 0.0440899 0.0283347 9.9982E-05 0.039618
0.0849266 0.795503 9.9973E-05 9.9973E-05 0.101049 0.0182219 9.9973E-05
9.9964E-05 0.888531 0.0915856 0.0194836 9.9964E-05 9.9964E-05 9.9964E-05
0.133847 0.784284 9.9982E-05 9.9982E-05 0.024504 0.00235902 0.0548065
0.0331707 0.866256 0.0560898 9.9982E-05 0.0247983 9.9982E-05 0.0194854
0.0209891 0.879626 9.9973E-05 0.00870947 9.9973E-05 0.0903753 9.9973E-05
0.12284 0.667709 0.159442 0.0329467 9.9982E-05 0.0168618 9.9982E-05
9.9982E-05 0.8333 0.100115 0.0264555 0.0383121 0.00161788 9.9982E-05
0.131526 0.663045 0.0766427 0.116397 9.9991E-05 0.0107814 0.00150851
9.9973E-05 0.893188 0.058025 0.00331867 0.0451685 9.9973E-05 9.9973E-05
0.00075559 0.921405 9.9964E-05 9.9964E-05 9.9964E-05 0.0774398 9.9964E-05
0.0602719 0.810093 0.0721773 0.0145783 0.0284021 9.9991E-05 0.0143771
0.0556532 0.92018 0.023767 9.9964E-05 9.9964E-05 9.9964E-05 9.9964E-05
9.9973E-05 0.872834 0.0251134 9.9973E-05 0.0709997 9.9973E-05 0.0307527
9.9973E-05 0.888567 0.0408445 0.0134421 0.0568466 9.9973E-05 9.9973E-05
9.9955E-05 0.868983 9.9955E-05 9.9955E-05 0.130518 9.9955E-05 9.9955E-05
9.9964E-05 0.779852 0.0950361 9.9964E-05 0.124713 9.9964E-05 9.9964E-05
9.9973E-05 0.781734 0.0890401 0.0165588 0.112367 9.9973E-05 9.9973E-05
0.00174946 0.803682 0.0976298 0.0140906 0.0826482 9.9982E-05 9.9982E-05
0.0303235 0.105992 9.9982E-05 0.142475 0.452978 9.9982E-05 0.268032
0.053168 0.0767086 9.9982E-05 0.0221489 0.724598 9.9982E-05 0.123177
0.19052 0.074255 0.0681542 0.0606507 0.541905 0.00681231 0.0577032
9.9982E-05 0.00716595 9.9982E-05 0.081421 0.145401 0.0419665 0.723846
0.14531 0.057674 9.9973E-05 9.9973E-05 0.557338 9.9973E-05 0.239378
9.9964E-05 0.0659551 9.9964E-05 9.9964E-05 0.164364 9.9964E-05 0.769281
9.9982E-05 0.113439 0.00275018 0.018259 0.650806 9.9982E-05 0.214546
0.124498 0.0703628 9.9982E-05 0.123354 0.453917 9.9982E-05 0.227668
0.0908593 0.0541594 9.9982E-05 0.088656 0.527862 9.9982E-05 0.238263
0.0383896 0.0720625 9.9982E-05 0.319228 0.534133 0.0359871 9.9982E-05
0.066631 0.11155 9.9982E-05 0.0825859 0.446206 9.9982E-05 0.292828
0.0719194 0.0195297 9.9991E-05 0.00729888 0.666168 0.0487123 0.186272
0.111588 0.0578069 9.9982E-05 0.0112794 0.609769 9.9982E-05 0.209357
0.405175 9.9991E-05 0.0637136 0.183808 0.0403624 0.186061 0.12078
0.103155 9.9973E-05 9.9973E-05 0.0431476 9.9973E-05 0.0771348 0.776263
0.0131739 9.9964E-05 9.9964E-05 9.9964E-05 0.247389 9.9964E-05 0.739037
9.9982E-05 0.0634642 0.00996275 0.0446453 0.645028 9.9982E-05 0.236699
0.00724703 0.0578166 9.9973E-05 9.9973E-05 0.614018 9.9973E-05 0.320619
9.9973E-05 0.121101 9.9973E-05 0.101161 0.486395 9.9973E-05 0.291043
9.9964E-05 0.144631 9.9964E-05 9.9964E-05 0.622542 0.232427 9.9964E-05
0.0111552 0.151654 0.184187 0.081275 0.41199 0.0235287 0.13621
