0.016134 0.0508629 9.9973E-05 0.0785692 9.9973E-05 9.9973E-05 0.041249 0.0230013 0.789884
0.00572403 9.9964E-05 9.9964E-05 0.0641611 9.9964E-05 9.9964E-05 0.027038 0.00460775 0.898069
0.0578968 0.00182753 0.0320191 0.0360978 9.9982E-05 0.0277663 0.0102486 9.9982E-05 0.833944
0.117114 9.9964E-05 9.9964E-05 0.0672491 9.9964E-05 9.9964E-05 0.0405603 0.0329419 0.741734
0.0827355 9.9946E-05 9.9946E-05 0.09502 9.9946E-05 9.9946E-05 9.9946E-05 9.9946E-05 0.821645
0.0231028 0.043777 9.9964E-05 0.92157 0.00569905 9.9964E-05 0.00545173 9.9964E-05 9.9964E-05
9.993E-05 9.993E-05 9.993E-05 0.999201 9.993E-05 9.993E-05 9.993E-05 9.993E-05 9.993E-05
9.993E-05 9.993E-05 9.993E-05 0.999201 9.993E-05 9.993E-05 9.993E-05 9.993E-05 9.993E-05
9.99639E-05 9.99639E-05 0.00721438 0.132426 9.99639E-05 9.99639E-05 0.0214954 0.117184 0.721281
9.99369E-05 9.99369E-05 9.99369E-05 0.966149 9.99369E-05 9.99369E-05 9.99369E-05 9.99369E-05 0.033151
0.0272338 9.99459E-05 9.99459E-05 0.836406 9.99459E-05 9.99459E-05 9.99459E-05 9.99459E-05 0.135761
0.234632 0.0308256 0.092488 9.9973E-05 9.9973E-05 0.133482 9.9973E-05 0.48347 0.0248034
0.540879 0.0519146 9.9991E-05 0.022133 0.015812 0.0578769 0.0125378 0.250666 0.0480804
0.248219 0.106167 0.0726814 9.9982E-05 9.9982E-05 0.0689989 0.00244902 0.495528 0.00575656
0.285437 0.120293 0.0604651 9.9982E-05 9.9982E-05 0.055981 0.000126788 0.428178 0.0493191
0.428145 0.112415 0.043244 9.9982E-05 9.9982E-05 0.0352292 0.0121178 0.316786 0.0518632
0.562001 0.0358653 0.0804476 0.0267953 0.0261033 0.00753723 0.032693 0.190139 0.0384184
0.466177 0.0296089 0.0631031 9.9973E-05 9.9973E-05 0.109454 0.0566349 0.274722 9.9973E-05
0.28384 0.0673412 0.11304 9.9982E-05 9.9982E-05 0.00600753 0.0202087 0.413354 0.0960087
0.0639895 9.9973E-05 0.141884 9.9973E-05 9.9973E-05 0.100207 0.00711675 0.659977 0.0265257
0.420474 0.0377819 0.113133 0.0234052 9.9982E-05 0.10358 0.00174591 0.29968 9.9982E-05
0.405327 0.0649457 0.188509 9.9991E-05 0.063581 0.0758971 0.00165809 0.1965 0.00348153
0.569545 0.0350993 0.0477916 9.9991E-05 0.0211957 0.0794956 0.040922 0.195322 0.0105282
0.245545 0.0601322 0.113197 0.0014317 9.9982E-05 0.136678 9.9982E-05 0.387831 0.0549862
0.632296 0.0750607 0.054326 0.00587587 0.0302182 0.0123396 0.00710457 0.12797 0.0548088
0.556153 0.0286173 0.0641177 9.9973E-05 9.9973E-05 0.0188788 9.9973E-05 0.277762 0.0541709
0.27462 0.00440162 0.0677053 9.9973E-05 9.9973E-05 0.0724731 9.9973E-05 0.517825 0.0626751
0.285805 0.0784717 0.078749 9.9973E-05 9.9973E-05 0.0882743 9.9973E-05 0.41848 0.0499196
0.232404 0.00910592 0.161133 9.9973E-05 9.9973E-05 0.10423 0.00190247 0.490924 9.9973E-05
9.993E-05 9.993E-05 9.993E-05 9.993E-05 9.993E-05 9.993E-05 0.999201 9.993E-05 9.993E-05
9.993E-05 9.993E-05 9.993E-05 9.993E-05 9.993E-05 9.993E-05 0.999201 9.993E-05 9.993E-05
0.0653361 0.0768932 9.9973E-05 0.0538043 9.9973E-05 9.9973E-05 0.376949 0.00153135 0.425186
0.114086 0.0840481 9.9964E-05 0.0661168 9.9964E-05 9.9964E-05 0.303547 9.9964E-05 0.431802
0.476727 9.9991E-05 0.0862179 0.0118591 0.0227515 0.209973 0.0362727 0.0981831 0.0579152
0.495649 0.0232555 9.9991E-05 0.0574728 0.0373738 0.223006 0.0169602 0.126399 0.0197844
0.539962 0.00970259 0.0454563 9.9973E-05 0.0184008 0.367106 9.9973E-05 9.9973E-05 0.0190731
0.213501 9.9973E-05 9.9973E-05 9.9973E-05 0.0248206 0.0362762 0.00214584 0.678987 0.0439693
0.246206 0.013086 0.141729 9.9973E-05 0.037321 0.549161 0.0121977 9.9973E-05 9.9973E-05
0.550121 0.0190068 9.9973E-05 9.9973E-05 9.9973E-05 0.217201 0.0378697 0.106704 0.0687974
0.697737 0.0237627 0.0671253 0.0086866 0.00132559 0.158156 0.00961671 9.9991E-05 0.0334905
0.511826 9.9964E-05 0.199564 0.171689 9.9964E-05 0.0858125 9.9964E-05 0.0307093 9.9964E-05
0.584825 0.00545442 0.0862754 0.0293896 9.9991E-05 0.112909 0.0424662 0.0928361 0.045744
0.16381 9.9964E-05 9.9964E-05 0.00529329 9.9964E-05 0.629038 9.9964E-05 0.146929 0.054529
0.651305 9.9955E-05 0.287487 0.0597654 9.9955E-05 9.9955E-05 0.000942832 9.9955E-05 9.9955E-05
0.563078 0.0559395 0.0527809 0.0428997 0.0037206 0.180445 0.00569073 0.0587886 0.0366566
0.601417 9.9991E-05 0.0993207 0.0243766 0.054751 0.0588919 0.00816349 0.0636448 0.0893344
0.317856 9.9955E-05 0.032802 9.9955E-05 0.0693567 0.579485 9.9955E-05 9.9955E-05 9.9955E-05
0.598974 9.9973E-05 0.0300089 9.9973E-05 9.9973E-05 0.276652 0.00353119 0.0244966 0.0660377
0.521385 0.0421114 0.0848759 0.0433874 0.0452761 0.16574 0.00106851 9.9991E-05 0.0960563
9.9946E-05 9.9946E-05 0.318692 9.9946E-05 0.0383335 0.642375 9.9946E-05 9.9946E-05 9.9946E-05
0.199007 9.9973E-05 0.101532 0.000484924 0.0114897 0.0801638 9.9973E-05 0.607023 9.9973E-05
0.144557 0.0602845 0.269836 9.9973E-05 0.122119 0.156832 9.9973E-05 0.246071 9.9973E-05
0.541507 0.111955 0.0547193 9.9991E-05 0.0379315 0.0445809 0.0161569 0.148531 0.0445183
0.598093 0.0595556 0.111175 9.9991E-05 0.00329689 0.0285479 0.0180979 0.128889 0.0522442
0.664206 0.0125775 0.0949856 9.9991E-05 0.07826 0.0276863 0.00405862 0.0564702 0.0616562
0.240668 9.9964E-05 0.0849746 9.9964E-05 9.9964E-05 0.0712607 9.9964E-05 0.483837 0.118861
0.543017 0.0174019 0.0128567 9.9991E-05 0.0232941 0.0193386 0.0126935 0.363142 0.00815619
0.563077 0.0353482 0.0166062 0.00435909 0.01559 0.143057 0.0281428 0.129692 0.0641277
0.375856 0.0292232 0.027012 0.063457 0.088627 0.0737446 0.0181435 0.275124 0.0488135
0.156546 0.0137852 0.160703 9.9973E-05 9.9973E-05 0.0700328 9.9973E-05 0.468283 0.130351
0.543857 0.0692462 0.0452956 9.9982E-05 9.9982E-05 0.0796295 0.00758192 0.187197 0.0669929
0.410233 0.0603338 0.0616418 9.9991E-05 0.0723695 0.0574021 0.0223622 0.263854 0.0517037
0.0793728 9.9982E-05 0.143965 0.0254717 9.9982E-05 0.136206 0.0578883 0.552147 0.00475038
0.399468 0.0235761 0.0193157 9.9982E-05 0.0363247 0.112585 0.00261813 0.405913 9.9982E-05
0.559113 0.0624513 0.0701235 9.9991E-05 0.145596 0.0465311 0.00737295 0.0763118 0.0324002
0.624436 9.9991E-05 0.0822977 0.00160315 0.00375686 0.0288242 0.0325625 0.183986 0.0424339
0.264876 0.056084 0.0962071 9.9991E-05 0.00879678 0.111246 0.0635781 0.389633 0.00947954
0.472833 0.036993 0.0885539 0.0278363 0.0361665 0.0640297 0.0412639 0.232223 9.9991E-05
0.534648 0.0255201 0.0049333 9.9991E-05 0.0886829 0.0401172 0.0133153 0.237379 0.0553039
0.252171 9.9973E-05 0.12519 9.9973E-05 9.9973E-05 0.069905 0.0392506 0.506822 0.0063618
0.474255 0.0227373 9.9964E-05 0.0223038 9.9964E-05 0.457738 9.9964E-05 0.0225665 9.9964E-05
0.189958 0.00725003 9.99815E-05 0.00437004 9.99815E-05 0.686471 0.0249443 0.0867057 9.99815E-05
0.509786 0.0354873 0.0818248 0.0494215 9.9991E-05 0.23053 0.00647159 0.0196922 0.0666862
9.9946E-05 9.9946E-05 0.0772288 9.9946E-05 0.0598115 0.86236 9.9946E-05 9.9946E-05 9.9946E-05
9.9946E-05 9.9946E-05 0.153491 9.9946E-05 0.00124334 0.844666 9.9946E-05 9.9946E-05 9.9946E-05
0.23478 9.9955E-05 0.0242408 9.9955E-05 0.04206 0.69842 9.9955E-05 9.9955E-05 9.9955E-05
0.443911 9.9955E-05 9.9955E-05 9.9955E-05 9.9955E-05 0.412844 0.0284771 0.114268 9.9955E-05
0.55004 0.0333203 9.9991E-05 0.0482647 0.00531236 0.165218 0.0302848 0.0901684 0.0772915
0.441597 0.0222395 0.0488175 0.00821691 0.0107867 0.468043 9.9973E-05 9.9973E-05 9.9973E-05
0.14676 9.9955E-05 9.9955E-05 9.9955E-05 9.9955E-05 0.604314 9.9955E-05 0.185993 0.0624329
0.254724 9.9964E-05 9.9964E-05 0.0318356 9.9964E-05 0.573843 0.0123443 0.126852 9.9964E-05
0.489612 0.0233598 9.9982E-05 9.9982E-05 0.0344016 0.296895 0.0407743 0.0619971 0.052761
0.324902 0.0106219 9.9973E-05 0.0292633 9.9973E-05 0.57686 0.012528 0.0455248 9.9973E-05
0.434859 9.9955E-05 9.9955E-05 9.9955E-05 9.9955E-05 0.461429 0.0425474 0.0606656 9.9955E-05
0.385013 9.9964E-05 0.0388228 0.0193389 0.097503 0.458922 9.9964E-05 9.9964E-05 9.9964E-05
9.9946E-05 9.9946E-05 0.215609 9.9946E-05 0.106364 0.677428 9.9946E-05 9.9946E-05 9.9946E-05
0.559553 0.0428181 9.9982E-05 9.9982E-05 0.0379391 0.271499 0.0187511 0.0268074 0.0424331
0.0753543 9.9964E-05 9.9964E-05 0.0547026 9.9964E-05 9.9964E-05 0.0547039 0.058833 0.756006
0.0547167 0.00187668 9.9955E-05 9.9955E-05 9.9955E-05 9.9955E-05 0.0511698 9.9955E-05 0.891737
0.112514 0.0310082 9.9955E-05 9.9955E-05 9.9955E-05 9.9955E-05 0.0232602 9.9955E-05 0.832718
0.020009 0.0479671 9.9955E-05 9.9955E-05 9.9955E-05 9.9955E-05 0.0146454 9.9955E-05 0.916879
9.9964E-05 0.0226098 9.9964E-05 9.9964E-05 0.010159 0.00519417 0.0255042 9.9964E-05 0.936133
0.0823704 0.0399501 9.9964E-05 9.9964E-05 0.000213305 9.9964E-05 0.0227024 9.9964E-05 0.854364
0.0673017 9.9955E-05 9.9955E-05 0.0208061 9.9955E-05 9.9955E-05 0.0207783 9.9955E-05 0.890614
0.573148 0.0133346 9.9991E-05 0.0284733 0.0413714 0.213853 0.020241 0.0510823 0.0583973
0.497842 0.0576095 0.058731 0.00478036 0.040211 0.165464 0.0297555 0.0291901 0.116417
0.0184673 9.9973E-05 9.9973E-05 0.0391023 0.00627319 0.71995 9.9973E-05 0.195503 0.0204043
0.591298 0.000191554 9.9991E-05 0.0138896 0.0837001 0.132376 0.013761 0.0873898 0.0772943
0.361688 9.9982E-05 9.9982E-05 0.0308568 0.00354779 0.469243 0.0077173 0.109942 0.016805
0.531057 9.9982E-05 0.00776291 0.000113987 9.9982E-05 0.36974 0.00972579 0.0504093 0.0309905
0.53138 0.0161641 0.0370312 0.0200834 0.0946733 0.282766 9.9991E-05 0.00333279 0.0144698
0.475538 0.0452877 9.9982E-05 9.9982E-05 0.0575204 0.359738 0.0236659 0.0177003 0.0203501
9.9955E-05 9.9955E-05 9.9955E-05 0.0225025 9.9955E-05 0.67541 9.9955E-05 0.268638 0.0329501
0.505347 9.9982E-05 0.0218388 9.9982E-05 0.00777093 0.23446 0.0270001 0.110123 0.0932592
0.631088 0.00939749 0.0503818 0.00695974 9.9982E-05 0.178858 9.9982E-05 0.0370953 0.0860197
0.564556 0.0176969 0.0191855 9.9991E-05 0.0298215 0.101587 0.0435206 0.13801 0.0855227
0.236248 9.9982E-05 0.166727 9.9982E-05 0.0481273 0.502954 0.0254755 0.0144555 0.00581417
0.465218 9.9964E-05 9.9964E-05 0.0166603 0.0836571 0.420194 0.0138704 9.9964E-05 9.9964E-05
0.439501 9.9955E-05 9.9955E-05 0.0593445 9.9955E-05 0.389873 9.9955E-05 0.110782 9.9955E-05
0.349024 9.9955E-05 0.0164238 9.9955E-05 0.0765845 0.557468 9.9955E-05 9.9955E-05 9.9955E-05
0.415962 9.9973E-05 9.9973E-05 0.00981071 9.9973E-05 0.399948 0.0076619 0.0838567 0.08246
0.55871 0.0175029 0.0401039 0.0230259 0.028258 0.187814 0.0296908 0.0694075 0.0454867
0.275196 0.0513345 0.109055 9.9982E-05 0.194349 0.0230682 9.9982E-05 0.331452 0.0153451
0.422566 9.9982E-05 0.106559 0.0327625 9.9982E-05 0.019046 0.00291394 0.387513 0.0284395
0.540402 0.0220748 0.036147 9.9991E-05 0.06721 0.0197416 0.020559 0.169074 0.124692
0.523522 0.0594141 0.0601277 0.0131542 0.0748809 0.0474921 0.0159724 0.134587 0.0708491
0.489126 9.9982E-05 0.0454386 0.0457935 9.9982E-05 0.0330488 0.00735825 0.37483 0.00420509
0.602203 0.0449245 0.0121764 9.9964E-05 9.9964E-05 9.9964E-05 9.9964E-05 0.28609 0.0542064
0.459418 9.9964E-05 9.9964E-05 0.00965487 0.0459846 9.9964E-05 9.9964E-05 0.420003 0.0645389
0.519083 0.0303362 0.0804219 9.9991E-05 0.0700429 0.0636512 0.0239799 0.152268 0.0601168
0.591997 0.0441392 9.9991E-05 0.0706348 0.0918811 0.0112088 0.0013802 0.187205 0.00145329
0.580174 9.9973E-05 0.0487552 9.9973E-05 9.9973E-05 0.0357247 0.0104498 0.256254 0.0683421
0.568657 9.9991E-05 0.0428756 0.021492 0.0175025 0.0491118 0.00848058 0.269801 0.0219792
0.592014 0.0568353 0.0715168 9.9973E-05 0.0660072 9.9973E-05 9.9973E-05 0.14889 0.0644363
0.613207 0.0781708 0.0668857 0.00199093 0.00742186 0.0175434 0.0256031 0.126504 0.0626731
0.564627 0.0607211 0.0538379 9.9973E-05 0.0563981 0.0490838 9.9973E-05 0.215032 9.9973E-05
0.538608 0.075851 0.0541904 9.9982E-05 0.101485 0.00610058 9.9982E-05 0.168438 0.0551272
0.605626 0.027649 9.9973E-05 0.0401592 0.115081 9.9973E-05 0.00474874 0.206437 9.9973E-05
0.313267 0.0713615 0.154332 9.9982E-05 0.105089 0.0222658 9.9982E-05 0.275116 0.0583686
0.634003 0.0342386 0.0140771 9.9973E-05 0.0916583 9.9973E-05 9.9973E-05 0.15617 0.0695538
0.638377 0.0012486 0.0516379 9.9982E-05 0.0964704 9.9982E-05 0.009655 0.160576 0.0418352
0.250996 9.9973E-05 0.0342044 0.032966 0.0290776 0.066985 9.9973E-05 0.585471 9.9973E-05
0.135131 0.0338777 0.249 9.9973E-05 0.196131 0.0664545 9.9973E-05 0.319105 9.9973E-05
0.546565 0.0300818 0.0560642 9.9982E-05 0.0467045 0.0383167 9.9982E-05 0.244905 0.0371633
0.066896 0.0230568 0.215794 9.9973E-05 0.27507 0.0880643 9.9973E-05 0.330818 9.9973E-05
0.36224 9.9973E-05 0.0386496 9.9973E-05 0.0405091 0.0271037 0.0302873 0.50091 9.9973E-05
0.435287 9.9955E-05 9.9955E-05 9.9955E-05 0.0630543 0.0819034 9.9955E-05 0.419256 9.9955E-05
0.356857 9.9973E-05 9.9973E-05 9.9973E-05 0.0135078 0.110273 0.0153049 0.461634 0.0421235
0.343843 9.9964E-05 0.0355731 9.9964E-05 0.0314291 0.0572241 9.9964E-05 0.531531 9.9964E-05
0.571598 0.0337421 0.0680171 0.00401292 0.0167234 0.062124 0.0139263 0.197303 0.0325532
0.558501 0.0418559 0.0269085 0.0805283 0.00125226 0.0813486 0.0017212 0.180822 0.0270622
0.556521 0.0336402 0.0159978 0.0424673 0.0706863 0.0282666 0.0101139 0.209812 0.0324952
0.190738 0.00696458 0.231127 9.9973E-05 0.0873592 0.075797 9.9973E-05 0.407715 9.9973E-05
0.52863 0.0285206 0.0337433 0.0403798 0.0309437 0.0961368 9.9991E-05 0.0975063 0.144039
0.539831 9.9982E-05 0.257951 0.0480573 0.0563237 9.9982E-05 0.0202471 0.0450979 0.0322913
9.9964E-05 9.9964E-05 0.620108 9.9964E-05 0.0904111 0.108953 9.9964E-05 0.0949002 0.0852274
0.652977 0.0592686 0.128751 0.0595378 0.0186238 0.0204498 9.9991E-05 0.0411826 0.0191085
0.335437 9.9982E-05 0.331675 0.00525075 0.0855368 0.0941683 9.9982E-05 0.0607862 0.0869459
0.517384 0.0467912 0.188884 0.0151804 0.0535763 0.0130012 0.0597823 0.0669717 0.0384289
0.259252 9.9982E-05 0.475308 0.0597052 0.00983682 0.0745133 0.0159888 0.105197 9.9982E-05
0.0986798 9.9982E-05 0.545516 0.018014 0.0511883 0.100217 0.0195019 0.166683 9.9982E-05
0.401064 0.000312066 0.265951 0.0281289 0.0714661 0.103793 9.9991E-05 0.106367 0.0228174
0.466171 0.0492869 0.135858 0.038138 9.9991E-05 0.116401 0.0208154 0.115551 0.057678
0.421026 0.0146111 0.172434 0.0569905 0.0379218 0.0370484 0.0420487 0.12096 0.0969608
0.0906085 0.0683291 0.383275 9.9991E-05 0.12239 0.184212 0.0201377 0.124234 0.00671305
0.500944 0.0287089 0.0824231 0.0454571 0.153739 0.0590074 0.0165903 0.0471679 0.0659631
0.329362 9.9964E-05 0.412262 9.9964E-05 0.117091 0.0321005 9.9964E-05 0.108785 9.9964E-05
0.464429 9.9964E-05 0.282977 9.9964E-05 0.0620353 0.0730737 9.9964E-05 0.117085 9.9964E-05
0.553664 0.0529755 0.0669774 0.0934936 0.0420779 0.0706481 0.0192881 0.0400342 0.060841
0.138425 0.241095 0.260507 0.0179893 9.9973E-05 9.9973E-05 0.0404596 9.9973E-05 0.301224
9.9955E-05 0.125056 0.425138 0.046225 9.9955E-05 9.9955E-05 9.9955E-05 9.9955E-05 0.403081
9.9964E-05 0.102339 0.473823 0.0304965 9.9964E-05 9.9964E-05 0.00576358 9.9964E-05 0.387179
0.0924008 0.254003 0.319555 0.0110206 9.9973E-05 9.9973E-05 0.00831567 9.9973E-05 0.314405
0.631857 9.9982E-05 0.217137 0.00348163 0.0571087 0.0294518 0.0278076 0.0329561 9.9982E-05
0.587964 0.0316948 0.105294 0.0152534 0.026659 0.122379 0.0023288 0.0600841 0.0483429
0.345134 0.654167 9.9937E-05 9.9937E-05 9.9937E-05 9.9937E-05 9.9937E-05 9.9937E-05 9.9937E-05
0.411936 0.426744 9.9982E-05 9.9982E-05 0.00619055 0.0283693 0.00327646 0.0835434 0.0397398
0.34143 0.417481 0.00734145 9.9991E-05 0.059103 0.0252575 0.00865565 0.0727351 0.0678961
0.268231 9.9973E-05 0.454916 0.00302548 0.150902 0.0552998 9.9973E-05 0.0673249 9.9973E-05
0.416523 0.0862389 0.0987987 0.0465388 0.0838902 0.0824028 0.0168526 0.128326 0.0404286
0.276098 9.9964E-05 0.524 9.9964E-05 0.0879898 0.0170801 9.9964E-05 0.0944327 9.9964E-05
0.571338 9.9982E-05 0.173707 0.0263263 0.0743116 0.060948 9.9982E-05 0.03801 0.0551585
0.488508 0.00632466 0.281365 0.00939013 0.119802 9.9982E-05 9.9982E-05 0.0541423 0.0402675
0.583801 9.9964E-05 0.296759 0.0385597 0.0526704 0.0278103 9.9964E-05 9.9964E-05 9.9964E-05
0.219459 9.9964E-05 0.584411 9.9964E-05 0.0870506 0.0579133 9.9964E-05 0.0507667 9.9964E-05
0.637539 0.00363532 0.153517 0.0462617 0.0244014 0.096451 0.0182323 9.9991E-05 0.0198629
0.608203 9.9991E-05 0.171991 0.0477832 0.0626403 0.0209428 0.011448 0.0363941 0.040498
0.0541363 0.940476 9.9955E-05 0.00477145 0.000116658 9.9955E-05 9.9955E-05 9.9955E-05 9.9955E-05
0.0581844 0.896993 9.9955E-05 9.9955E-05 0.0223551 9.9955E-05 9.9955E-05 0.0219676 9.9955E-05
0.317633 0.519744 9.99862E-05 0.00303847 0.0157908 0.00611327 9.99862E-05 0.0476682 0.0898131
0.359378 0.606803 9.9946E-05 9.9946E-05 9.9946E-05 9.9946E-05 9.9946E-05 0.0332196 9.9946E-05
0.131759 0.805789 9.9964E-05 9.9964E-05 9.9964E-05 0.0035727 0.00990313 0.0485769 9.9964E-05
9.993E-05 0.999201 9.993E-05 9.993E-05 9.993E-05 9.993E-05 9.993E-05 9.993E-05 9.993E-05
9.9946E-05 0.947156 9.9946E-05 0.0203287 9.9946E-05 9.9946E-05 9.9946E-05 0.0319157 9.9946E-05
0.164433 0.834867 9.9937E-05 9.9937E-05 9.9937E-05 9.9937E-05 9.9937E-05 9.9937E-05 9.9937E-05
9.9946E-05 0.934686 9.9946E-05 9.9946E-05 9.9946E-05 9.9946E-05 0.0171462 0.0475677 9.9946E-05
9.993E-05 0.999201 9.993E-05 9.993E-05 9.993E-05 9.993E-05 9.993E-05 9.993E-05 9.993E-05
9.993E-05 0.999201 9.993E-05 9.993E-05 9.993E-05 9.993E-05 9.993E-05 9.993E-05 9.993E-05
0.209868 0.754248 9.9964E-05 0.0127961 9.9964E-05 9.9964E-05 0.0113375 0.0113506 9.9964E-05
0.1119 0.789035 9.9973E-05 0.0269642 9.9973E-05 0.0138663 9.9973E-05 0.0433354 0.0145995
9.993E-05 0.999201 9.993E-05 9.993E-05 9.993E-05 9.993E-05 9.993E-05 9.993E-05 9.993E-05
0.398304 0.348695 0.0418938 9.9973E-05 9.9973E-05 0.0560138 9.9973E-05 0.0731906 0.0816037
0.231511 0.651133 9.9973E-05 9.9973E-05 9.9973E-05 0.0186742 0.0304774 0.0366542 0.0312498
0.162675 0.802236 9.9955E-05 0.0258718 9.9955E-05 9.9955E-05 0.00871704 9.9955E-05 9.9955E-05
0.095544 0.873076 9.9964E-05 0.0269786 9.9964E-05 0.00254029 0.0014617 9.9964E-05 9.9964E-05
9.993E-05 0.999201 9.993E-05 9.993E-05 9.993E-05 9.993E-05 9.993E-05 9.993E-05 9.993E-05
0.0469109 0.939962 9.9946E-05 9.9946E-05 9.9946E-05 9.9946E-05 0.0125276 9.9946E-05 9.9946E-05
9.9946E-05 0.983525 9.9946E-05 0.00800836 9.9946E-05 9.9946E-05 0.00786708 9.9946E-05 9.9946E-05
0.2046 0.638903 9.9982E-05 0.0189334 9.9982E-05 0.0220911 0.0290154 0.0549607 0.0312965
9.9964E-05 0.955861 9.9964E-05 0.0155738 9.9964E-05 0.02056 0.00680665 9.9964E-05 0.000798492
9.9964E-05 0.059782 0.586116 0.105237 0.0630717 9.9964E-05 9.9964E-05 9.9964E-05 0.185394
0.39056 0.0748439 0.274677 0.0956677 0.00765107 9.9991E-05 0.00765944 0.0362251 0.112616
0.457127 0.0466659 0.224017 0.107303 0.075629 9.9982E-05 9.9982E-05 0.00351158 0.0855463
0.203332 0.0910295 0.496728 0.129015 9.9973E-05 9.9973E-05 0.00809689 9.9973E-05 0.0714991
0.393069 0.150324 0.173537 0.0764729 0.00694705 0.0825691 9.9991E-05 0.0622081 0.0547738
0.121184 0.126143 0.524027 0.120447 9.9982E-05 9.9982E-05 0.00583966 0.00499818 0.0971611
0.433797 0.090131 0.154285 0.112607 0.0627707 0.0124777 9.9991E-05 0.0645056 0.0693262
0.327351 0.0873791 0.377765 0.150605 9.9973E-05 9.9973E-05 0.0101563 9.9973E-05 0.0464447
0.508433 0.0759071 0.232092 0.0914736 9.9973E-05 9.9973E-05 0.00564795 9.9973E-05 0.0861462
0.377195 0.088862 0.313087 0.107768 9.9982E-05 0.0115531 0.0192719 9.9982E-05 0.0820626
0.434159 0.122254 0.167075 0.0540579 0.0463348 0.0225841 9.9991E-05 0.0243083 0.129127
0.0611633 9.9964E-05 0.0241695 0.0488246 9.9964E-05 9.9964E-05 0.00154297 9.9964E-05 0.8639
9.9973E-05 0.0642359 9.9973E-05 0.0264688 0.0139948 0.0218204 0.0108751 9.9973E-05 0.862305
0.0273574 9.9964E-05 9.9964E-05 9.9964E-05 0.0163186 9.9964E-05 0.0237455 0.0179806 0.914198
9.9937E-05 9.9937E-05 0.031218 9.9937E-05 9.9937E-05 9.9937E-05 9.9937E-05 9.9937E-05 0.968082
0.0493702 9.9973E-05 0.0130083 0.0280953 9.9973E-05 9.9973E-05 0.0484184 0.0369212 0.823887
9.9946E-05 9.9946E-05 9.9946E-05 9.9946E-05 0.0135929 9.9946E-05 0.0317869 9.9946E-05 0.954021
0.0329802 0.0135939 9.9964E-05 0.0497689 9.9964E-05 9.9964E-05 0.0644439 9.9964E-05 0.838813
9.9973E-05 9.9973E-05 0.000115168 0.0612714 0.0205131 9.9973E-05 0.034548 0.022765 0.860487
0.0243879 0.0250799 0.0134879 0.0333291 9.9991E-05 0.0343296 0.0171205 0.00862948 0.843536
0.0108999 0.00960775 0.066652 0.0223219 9.9973E-05 9.9973E-05 0.0453641 9.9973E-05 0.844855
9.9964E-05 9.9964E-05 0.0540317 0.101525 9.9964E-05 0.041561 9.9964E-05 0.269423 0.533059
9.9973E-05 9.9973E-05 0.0351752 0.0996765 0.0152006 9.9973E-05 0.0191235 0.307787 0.522737
9.9973E-05 9.9973E-05 0.0891657 0.0431311 9.9973E-05 0.0358111 0.00247933 0.323041 0.506072
9.9964E-05 9.9964E-05 0.0776395 0.137617 9.9964E-05 0.0333572 9.9964E-05 0.376312 0.374674
0.47914 9.9973E-05 0.0143688 9.9973E-05 9.9973E-05 0.273979 0.0520982 0.148844 0.0312699
0.498545 0.053967 9.9982E-05 0.029282 0.0266875 0.315088 9.9982E-05 0.060728 0.0155019
0.574 9.9973E-05 9.9973E-05 0.038984 0.010357 0.190099 9.9973E-05 0.183308 0.00295159
0.360746 9.9973E-05 0.0204729 0.00893432 9.9973E-05 0.300638 0.0224653 0.286443 9.9973E-05
0.211298 0.0193296 0.0591893 9.9973E-05 0.0136976 0.0926509 9.9973E-05 0.603535 9.9973E-05
0.598658 9.9964E-05 9.9964E-05 9.9964E-05 0.0473348 0.197016 9.9964E-05 0.101985 0.0546067
0.569829 9.9964E-05 9.9964E-05 0.0163568 0.0268155 0.270621 9.9964E-05 0.115978 9.9964E-05
0.524371 0.0100159 0.0562485 9.9991E-05 0.0850857 0.253805 0.00545552 0.0469886 0.0179302
0.386705 9.9955E-05 0.0326764 9.9955E-05 0.0788573 0.501262 9.9955E-05 9.9955E-05 9.9955E-05
0.61661 0.0350627 0.041993 9.9982E-05 0.0446895 0.137091 9.9982E-05 0.0550984 0.069256
0.414303 9.9973E-05 9.9973E-05 0.0205686 9.9973E-05 0.498401 0.0180242 0.0271939 0.021209
9.9946E-05 9.9946E-05 0.0887099 9.9946E-05 0.122631 0.78806 9.9946E-05 9.9946E-05 9.9946E-05
0.59881 9.9982E-05 0.0320858 9.9982E-05 0.0185458 0.139681 0.0242533 0.130426 0.0559972
0.156642 9.9955E-05 0.143984 9.9955E-05 0.0490543 0.64982 9.9955E-05 9.9955E-05 9.9955E-05
0.516986 9.9964E-05 9.9964E-05 9.9964E-05 0.0394924 0.366182 0.0198751 0.0570651 9.9964E-05
0.139945 9.9955E-05 9.9955E-05 9.9955E-05 9.9955E-05 0.654714 9.9955E-05 0.192789 0.0120517
9.9946E-05 9.9946E-05 9.9946E-05 0.282658 0.0217958 9.9946E-05 9.9946E-05 0.694947 9.9946E-05
0.0396725 9.9955E-05 9.9955E-05 0.284174 0.0359865 9.9955E-05 9.9955E-05 0.639668 9.9955E-05
0.0189702 9.9955E-05 9.9955E-05 0.271306 9.9955E-05 0.04306 9.9955E-05 0.666164 9.9955E-05
9.9964E-05 9.9964E-05 0.00967503 0.225178 0.00316237 0.0254148 9.9964E-05 0.73617 9.9964E-05
0.105807 9.9955E-05 9.9955E-05 0.1961 0.0144631 9.9955E-05 9.9955E-05 0.68313 9.9955E-05
0.0942432 9.9964E-05 0.00631044 0.214126 0.0350166 9.9964E-05 9.9964E-05 0.649904 9.9964E-05
0.0268147 0.0639378 9.9982E-05 0.0136383 9.9982E-05 0.0397439 0.00323514 0.0014484 0.850982
0.089757 0.0329211 9.99848E-05 0.0318605 9.99848E-05 0.00808898 0.0125512 0.0495739 0.775047
0.159083 0.00797645 9.9973E-05 9.9973E-05 0.0025655 9.9973E-05 0.0265199 0.0258461 0.777709
0.00917661 0.0857192 9.9982E-05 0.0282541 9.9982E-05 0.056961 0.00569959 0.0199345 0.794055
0.113948 0.0508419 0.0465694 0.0400071 9.9973E-05 9.9973E-05 0.0125849 9.9973E-05 0.735749
9.9964E-05 9.9964E-05 0.0131363 0.223115 9.9964E-05 9.9964E-05 0.0194683 0.504169 0.239711
9.9964E-05 9.9964E-05 9.9964E-05 0.227157 0.0577014 9.9964E-05 0.0174282 0.420028 0.277286
9.9973E-05 0.0048285 9.9973E-05 0.289517 0.0440717 9.9973E-05 0.0118705 0.424492 0.22492
9.993E-05 9.993E-05 9.993E-05 9.993E-05 9.993E-05 9.993E-05 0.999201 9.993E-05 9.993E-05
9.9964E-05 9.9964E-05 9.9964E-05 0.308562 0.0418369 9.9964E-05 0.037609 0.459151 0.152442
0.270043 0.295913 0.149004 9.9964E-05 0.0433509 9.9964E-05 9.9964E-05 9.9964E-05 0.241288
0.54504 0.201524 0.0351189 0.0234883 9.9991E-05 0.0246948 0.0129079 0.0268749 0.130251
0.578598 0.207185 9.9973E-05 9.9973E-05 0.000167153 0.00723271 0.016167 9.9973E-05 0.19035
0.315667 0.248026 0.0970244 0.0635837 0.0257004 0.018291 9.9982E-05 9.9982E-05 0.231507
0.481263 0.110026 9.9991E-05 0.105263 0.0245888 0.0824126 0.0400151 0.0626066 0.0937252
9.9964E-05 0.300198 0.262343 0.0250562 9.9964E-05 9.9964E-05 0.0223512 9.9964E-05 0.389652
0.422167 9.9973E-05 0.0429845 0.0597512 0.0339487 0.0411154 9.9973E-05 0.399733 9.9973E-05
0.443083 9.9964E-05 0.111594 9.9964E-05 0.187133 0.046659 9.9964E-05 0.211131 9.9964E-05
0.286077 9.9973E-05 0.046164 0.0358157 0.0160738 0.100671 9.9973E-05 0.514899 9.9973E-05
0.516187 0.00446647 0.108591 9.9973E-05 0.200481 0.0322134 9.9973E-05 0.137761 9.9973E-05
9.9955E-05 9.9955E-05 0.329777 9.9955E-05 0.307999 0.0240483 9.9955E-05 0.337676 9.9955E-05
0.560772 0.0611174 0.10044 0.00710824 9.9991E-05 0.0520062 0.0279649 0.169464 0.0210282
0.512988 0.0325517 0.0898341 0.0313603 0.155165 0.0328523 9.9991E-05 0.137754 0.00739506
0.368977 9.9982E-05 0.0853373 0.0245176 0.0258564 0.0350716 0.0195902 0.44045 9.9982E-05
0.580346 0.0139577 0.0663486 0.0899839 0.00500525 0.0319964 0.00548538 0.193172 0.013705
0.134965 9.9964E-05 0.305994 9.9964E-05 0.0962922 0.141369 9.9964E-05 0.320981 9.9964E-05
0.571227 0.0130085 0.0897004 9.9982E-05 0.0966329 0.0354453 9.9982E-05 0.160662 0.0331237
0.49773 9.9973E-05 0.0173193 0.0595014 0.072998 0.060398 9.9973E-05 0.291753 9.9973E-05
0.422388 0.134583 0.1268 9.9991E-05 0.0486685 0.0505689 0.0106984 0.115365 0.0908277
0.331233 0.0069929 0.146724 9.9973E-05 0.110819 0.101205 9.9973E-05 0.302726 9.9973E-05
0.435438 0.0125502 0.181033 9.9982E-05 0.077044 0.0637537 0.00779172 0.22219 9.9982E-05
0.520998 0.0314583 0.0362693 9.9973E-05 0.180631 0.07231 9.9973E-05 0.158033 9.9973E-05
0.539577 9.9973E-05 0.12653 9.9973E-05 0.123258 0.0380994 0.00112379 0.171112 9.9973E-05
0.620533 0.0387034 0.0285983 0.0232264 0.0936965 0.011505 0.0258744 0.157763 9.9991E-05
0.506527 0.078117 0.0329086 0.0266131 0.0383517 0.0511855 0.00274085 0.18263 0.0809257
0.57355 9.9982E-05 0.0244636 9.9982E-05 0.0749415 0.0637496 0.00806268 0.169204 0.0858283
0.123264 0.0225991 9.9955E-05 9.9955E-05 9.9955E-05 9.9955E-05 0.0169463 9.9955E-05 0.836691
0.114397 9.9937E-05 9.9937E-05 9.9937E-05 9.9937E-05 9.9937E-05 9.9937E-05 9.9937E-05 0.884904
0.0512782 9.9964E-05 0.0267901 9.9964E-05 9.9964E-05 9.9964E-05 0.0518169 0.0167284 0.852987
0.0196468 0.0402773 9.9982E-05 0.0453728 0.0108311 0.00265854 0.0272451 9.9982E-05 0.853768
0.0883158 9.9955E-05 9.9955E-05 0.0339624 9.9955E-05 9.9955E-05 0.0133846 9.9955E-05 0.863837
0.12944 0.0316108 0.0999384 9.9982E-05 9.9982E-05 0.0838778 0.00808068 0.607071 0.0397818
0.527788 0.0446159 0.0817858 9.9973E-05 0.0989791 9.9973E-05 9.9973E-05 0.198985 0.0475464
0.406162 0.22581 0.123598 0.0730122 0.0225249 9.9991E-05 0.010333 0.0243939 0.114066
0.619968 0.022286 9.9991E-05 0.00369926 0.0541117 0.0369313 0.0342657 0.2198 0.00883793
0.527203 0.013421 0.0161468 9.9982E-05 9.9982E-05 0.0542601 0.00903112 0.350415 0.0293232
0.288061 9.9964E-05 0.242826 9.9964E-05 0.153278 0.0258005 9.9964E-05 0.289635 9.9964E-05
0.0285863 9.9973E-05 0.0713657 9.9973E-05 9.9973E-05 0.0656792 0.0213127 0.742686 0.0700704
0.48531 0.00817672 0.0184878 0.00946073 9.9982E-05 0.0668603 9.9982E-05 0.351529 0.0599756
0.234025 0.0614946 0.0414733 9.9982E-05 0.0276616 0.00184213 9.9982E-05 0.595043 0.0382608
0.452626 0.0233473 0.147345 9.9982E-05 0.0259047 0.129135 9.9982E-05 0.199718 0.0217244
0.152186 9.9982E-05 0.0750744 9.9982E-05 0.0585507 0.0134966 0.0034256 0.620044 0.0770226
0.534728 0.0841793 9.9982E-05 9.9982E-05 0.043364 0.0228211 0.00360649 0.217006 0.0940947
0.160636 0.0203521 0.111592 9.9982E-05 9.9982E-05 0.0702747 0.029852 0.579428 0.0276647
0.242664 0.110373 0.116848 9.9973E-05 0.130174 0.0886594 9.9973E-05 0.310983 9.9973E-05
0.508431 0.00740478 0.196036 0.0113335 0.0876112 0.0461272 0.0145489 0.0833879 0.0451191
0.304811 9.9964E-05 0.439856 9.9964E-05 0.098145 0.0648532 9.9964E-05 0.0919346 9.9964E-05
0.531909 9.9991E-05 0.265889 0.0479349 0.0964138 0.00236944 0.00259166 0.0235863 0.0292059
0.565435 9.9973E-05 0.222499 0.0231372 9.9973E-05 0.0528556 9.9973E-05 0.05431 0.0814635
0.282515 9.9964E-05 0.554859 9.9964E-05 0.0432074 0.0743017 9.9964E-05 0.0447169 9.9964E-05
0.492872 0.0408251 0.109706 0.0542782 0.0851205 0.101703 0.0428194 0.0346474 0.0380283
0.528418 9.9973E-05 0.278538 0.0245512 0.0897068 0.029878 9.9973E-05 0.0486081 9.9973E-05
0.132628 9.9964E-05 0.575418 9.9964E-05 0.108581 0.135483 9.9964E-05 0.0474903 9.9964E-05
0.197625 9.9964E-05 0.610341 9.9964E-05 0.0542469 0.0853307 9.9964E-05 0.0520566 9.9964E-05
0.421372 9.9973E-05 0.365061 0.0306435 0.106196 0.0291972 9.9973E-05 0.0472303 9.9973E-05
0.0579031 9.9973E-05 0.562739 0.0107564 0.0981628 0.220332 9.9973E-05 0.0498065 9.9973E-05
0.448976 9.9964E-05 0.367531 9.9964E-05 0.0418026 0.0378825 9.9964E-05 0.103408 9.9964E-05
0.149769 0.0240553 9.9982E-05 9.9982E-05 0.0236689 0.105282 0.0181825 0.677636 0.00120583
0.143667 0.092255 0.0517854 9.9973E-05 0.254725 0.0695663 9.9973E-05 0.387701 9.9973E-05
0.390898 0.0528047 9.9991E-05 0.0123272 0.0452065 0.0406731 0.0111365 0.432629 0.0142254
0.507373 0.0765546 0.0307269 0.0351456 0.00985955 0.0730026 0.00743231 0.22789 0.032016
0.218869 0.0372532 9.9964E-05 9.9964E-05 0.0167099 0.121584 9.9964E-05 0.605183 9.9964E-05
0.456454 0.0824581 0.0812271 0.0211808 0.0188104 0.100102 0.00659859 0.20209 0.0310794
0.574041 0.0526859 9.9973E-05 9.9973E-05 0.0292955 9.9973E-05 0.0156138 0.29923 0.0288335
0.521335 0.0283466 0.0794761 9.9991E-05 0.0375153 0.0547127 0.0182976 0.256546 0.00367052
0.466381 0.0995481 9.9982E-05 0.00995968 0.0643709 0.0498675 0.0137206 0.295952 9.9982E-05
0.460514 0.0295728 9.9982E-05 9.9982E-05 0.024403 0.0439732 0.0204865 0.397164 0.0236875
0.261606 0.0135609 9.9973E-05 9.9973E-05 0.00484881 0.133278 0.0487817 0.537625 9.9973E-05
0.414177 0.0452857 9.9964E-05 9.9964E-05 0.0473758 0.0609499 9.9964E-05 0.431811 9.9964E-05
0.570879 0.0337347 0.0691271 9.9973E-05 0.0645656 0.0715259 9.9973E-05 0.189868 9.9973E-05
0.547307 0.0816924 0.0287431 0.05851 0.0730182 0.0565853 9.9982E-05 0.153944 9.9982E-05
0.297299 0.112343 0.0653514 9.9982E-05 0.0947607 0.0665431 9.9982E-05 0.308064 0.0554384
0.437655 0.108887 0.00950778 0.00477719 0.142403 0.0837554 0.00230136 0.210614 9.9991E-05
0.372844 0.0559368 9.9982E-05 9.9982E-05 0.0142429 0.0670305 0.0105952 0.476285 0.00286595
0.555417 0.0431539 0.0182014 9.9982E-05 0.0380972 0.0311132 9.9982E-05 0.284149 0.0296678
0.442202 0.0660076 9.9982E-05 9.9982E-05 0.050691 0.0466306 0.0171854 0.325151 0.0519328
0.562322 0.00994767 0.0429598 0.0414923 0.0444648 0.0689176 0.033125 0.146019 0.0507514
0.447907 0.124677 0.0685696 0.031554 9.9982E-05 9.9982E-05 0.0235155 0.0198532 0.283724
0.54278 0.1253 0.113683 9.9973E-05 0.0692669 9.9973E-05 9.9973E-05 0.0445167 0.104154
0.376437 0.125128 0.0655818 0.000104636 0.0733403 0.1333 0.0443422 0.0345799 0.147186
0.564969 0.0927333 0.11334 0.0409901 0.0478592 9.9991E-05 0.00635404 0.0302787 0.103375
0.457747 0.181291 0.130084 9.9973E-05 9.9973E-05 0.0373993 0.00188285 9.9973E-05 0.191296
0.46944 9.9955E-05 0.138437 9.9955E-05 0.187811 9.9955E-05 9.9955E-05 0.203813 9.9955E-05
0.474608 0.136298 0.0927382 0.00715868 0.0443969 0.0484647 0.00401218 0.0560853 0.136237
0.0373544 0.179146 0.363942 9.9982E-05 0.0914953 0.0314768 9.9982E-05 0.100536 0.19585
0.540208 0.115937 0.108452 9.9982E-05 0.0263489 9.9982E-05 0.0123921 0.104115 0.0923474
0.525564 0.138512 0.103958 9.9982E-05 9.9982E-05 0.0619491 0.0131378 0.00612206 0.150557
0.53419 0.113662 0.0445638 0.0163698 0.0734592 0.0607515 0.0280893 0.0333718 0.0955425
0.260462 0.122858 0.171107 0.0285059 0.0978966 0.105662 0.0085768 0.0700791 0.134852
0.514915 0.123236 0.0398455 0.0162825 0.0300911 0.0370565 0.0176121 0.0325572 0.188404
0.51616 0.17431 0.0432449 0.0136937 0.0922844 9.9991E-05 0.0284742 0.0255151 0.106218
9.9955E-05 0.122515 0.42884 9.9955E-05 9.9955E-05 9.9955E-05 0.00331194 9.9955E-05 0.444833
0.49254 0.16811 0.0641208 9.9991E-05 0.00617171 0.0248029 0.0314071 0.0773022 0.135445
0.585938 0.136398 0.00871499 9.9973E-05 0.0728137 9.9973E-05 0.00165677 9.9973E-05 0.194179
0.591936 0.0823113 0.129233 9.9982E-05 0.0633153 9.9982E-05 0.0081514 0.0259592 0.0988939
0.508298 0.227202 0.0761983 9.9973E-05 0.023321 9.9973E-05 0.0253689 9.9973E-05 0.139312
0.521722 0.0769749 0.107301 9.9982E-05 9.9982E-05 0.0541612 0.0301529 0.0211963 0.188292
0.399042 0.0108094 9.9982E-05 0.026347 0.443021 0.0821467 0.00723503 9.9982E-05 0.0311985
0.493953 0.0278257 0.0176028 9.9991E-05 0.200556 0.11418 0.00448414 0.073789 0.0675104
9.9955E-05 9.9955E-05 0.0598795 9.9955E-05 0.849029 0.0420312 9.9955E-05 0.0485608 9.9955E-05
9.9955E-05 9.9955E-05 0.0456205 9.9955E-05 0.898124 9.9955E-05 0.000317449 0.0554382 9.9955E-05
0.475645 0.00686608 0.00529446 0.0652399 0.296227 0.0396414 0.0273553 0.0385165 0.0452145
0.350466 0.30864 0.0988075 9.9964E-05 0.102491 9.9964E-05 9.9964E-05 9.9964E-05 0.139196
0.306551 0.268815 0.00716419 0.0427654 0.240888 9.9973E-05 9.9973E-05 9.9973E-05 0.133516
0.15222 0.279081 0.0618609 0.0548735 0.311869 9.9973E-05 9.9973E-05 9.9973E-05 0.139796
0.313377 0.253523 0.0646111 9.9973E-05 0.224789 9.9973E-05 0.0362918 9.9973E-05 0.107109
0.0480918 0.0282962 0.143331 0.0308457 0.661538 9.9982E-05 0.0315423 9.9982E-05 0.056155
0.0948017 0.055796 0.082703 9.9973E-05 0.664757 9.9973E-05 0.0346761 9.9973E-05 0.0669662
0.555118 0.0395972 9.9964E-05 0.047386 0.349573 0.00792569 9.9964E-05 9.9964E-05 9.9964E-05
0.359658 0.0866627 9.9964E-05 0.0471835 0.462155 9.9964E-05 9.9964E-05 9.9964E-05 0.0439409
0.150938 0.0775353 9.9964E-05 9.9964E-05 0.718716 9.9964E-05 0.00888865 9.9964E-05 0.043523
0.537648 0.0444591 9.9973E-05 0.0640007 0.284872 9.9973E-05 9.9973E-05 0.0357544 0.0329661
0.560135 0.0504354 9.9964E-05 0.0390554 0.316822 9.9964E-05 9.9964E-05 9.9964E-05 0.0331526
0.484112 0.0672192 0.0464711 0.0195631 0.313969 0.00356816 9.9991E-05 0.00912684 0.0558708
0.271214 9.9964E-05 9.9964E-05 9.9964E-05 0.658819 9.9964E-05 0.025914 0.0391838 0.00446933
0.360608 9.9973E-05 9.9973E-05 0.0295484 0.508178 0.0169672 0.00823 0.0761682 9.9973E-05
0.528025 0.0255498 9.9973E-05 0.036791 0.321357 0.059855 9.9973E-05 0.0281228 9.9973E-05
0.412948 0.0316045 0.0500563 0.0281087 0.348015 0.0139304 0.014837 0.100401 9.9991E-05
0.493805 0.0188088 0.0281612 9.9991E-05 0.253712 0.0168552 0.00222537 0.0458372 0.140495
0.424565 9.9955E-05 0.0603216 0.0246516 0.489962 9.9955E-05 9.9955E-05 9.9955E-05 9.9955E-05
0.148136 9.9964E-05 9.9964E-05 0.0146634 0.795563 9.9964E-05 0.0112012 0.0300356 9.9964E-05
0.574448 9.9946E-05 9.9946E-05 9.9946E-05 0.409048 9.9946E-05 0.0159036 9.9946E-05 9.9946E-05
0.0969365 0.00710931 9.9955E-05 9.9955E-05 0.801575 9.9955E-05 9.9955E-05 0.0938798 9.9955E-05
0.392066 9.9955E-05 9.9955E-05 0.0299091 0.569457 9.9955E-05 9.9955E-05 9.9955E-05 0.00806873
0.498063 9.9991E-05 0.00395808 0.0326652 0.333712 0.027262 0.014945 0.0372234 0.0520722
0.463012 0.0280746 9.9991E-05 0.0226567 0.355679 0.0376124 0.0267951 0.0493645 0.0167058
0.409011 0.155346 0.0671381 0.0654049 0.111454 0.0209909 0.021982 0.057534 0.0911387
0.420901 0.110996 0.0593479 0.0135366 0.0887043 0.0721458 0.045059 0.0647035 0.124605
0.295352 0.275192 0.148951 9.9973E-05 0.0902982 9.9973E-05 0.0130027 9.9973E-05 0.176904
0.282791 0.221795 0.0957952 0.0300138 0.155692 9.9991E-05 0.0403829 0.0341932 0.139237
0.437208 0.182117 0.0661741 0.0371236 0.071804 9.9982E-05 9.9982E-05 0.0590268 0.146346
0.425227 0.148429 0.0838797 0.0319662 0.131843 0.0424949 0.00882653 9.9991E-05 0.127233
9.9973E-05 0.0828984 0.0389811 0.0315203 0.684782 9.9973E-05 0.0105891 9.9973E-05 0.150929
0.517205 0.170995 9.9973E-05 0.0390417 0.173265 9.9973E-05 0.00718706 9.9973E-05 0.0920066
9.9964E-05 0.0802689 0.227287 0.0662722 0.353893 9.9964E-05 9.9964E-05 9.9964E-05 0.271879
0.44717 0.162349 9.9964E-05 0.0102306 0.331479 9.9964E-05 9.9964E-05 9.9964E-05 0.0483712
0.0454905 9.9937E-05 9.9937E-05 9.9937E-05 0.95381 9.9937E-05 9.9937E-05 9.9937E-05 9.9937E-05
9.9946E-05 9.9946E-05 9.9946E-05 9.9946E-05 0.934231 0.0643163 9.9946E-05 0.000853006 9.9946E-05
0.430643 9.9937E-05 9.9937E-05 9.9937E-05 0.568657 9.9937E-05 9.9937E-05 9.9937E-05 9.9937E-05
0.558167 9.9946E-05 9.9946E-05 9.9946E-05 0.436139 9.9946E-05 0.00509414 9.9946E-05 9.9946E-05
0.362146 9.9937E-05 9.9937E-05 9.9937E-05 0.637155 9.9937E-05 9.9937E-05 9.9937E-05 9.9937E-05
0.523558 9.9946E-05 9.9946E-05 9.9946E-05 0.47514 9.9946E-05 0.000702251 9.9946E-05 9.9946E-05
0.50391 9.9946E-05 9.9946E-05 9.9946E-05 0.491316 9.9946E-05 9.9946E-05 0.00417401 9.9946E-05
9.9991E-05 0.0202106 0.00597549 0.0712609 0.004801 0.0187708 0.0385846 0.0697452 0.770551
9.9991E-05 0.08682 0.0110462 0.0135295 0.012889 0.062633 0.0543303 0.0700522 0.6886
9.9973E-05 0.00137661 9.9973E-05 0.0393354 0.0101677 9.9973E-05 0.015686 0.0338148 0.899319
0.0387213 9.9964E-05 0.019199 0.0200703 9.9964E-05 9.9964E-05 0.0320969 9.9964E-05 0.889513
0.527891 9.9964E-05 0.0253117 0.000625273 9.9964E-05 0.370115 9.9964E-05 9.9964E-05 0.0756572
0.497287 9.9991E-05 0.0036616 0.0131786 0.0447626 0.289946 0.00706002 0.0851058 0.0588984
0.498084 9.9964E-05 9.9964E-05 9.9964E-05 9.9964E-05 0.444238 0.0380007 0.00256484 0.0167121
0.576 9.9982E-05 0.0558193 0.0311043 9.9982E-05 0.235035 0.00571939 0.0602228 0.0358994
0.555716 9.9991E-05 0.0495726 0.0847767 0.0104777 0.145162 0.0304487 0.0728062 0.0509404
0.287947 9.9964E-05 9.9964E-05 9.9964E-05 9.9964E-05 0.541533 0.0189463 0.112133 0.0390405
0.634715 9.9964E-05 9.9964E-05 9.9964E-05 0.0120012 0.31925 0.026691 9.9964E-05 0.00694308
0.23963 0.00965777 0.096185 9.9973E-05 0.0825027 0.560879 0.0108449 9.9973E-05 9.9973E-05
0.415464 0.149874 0.0319128 0.040684 9.9982E-05 9.9982E-05 0.0308954 0.056842 0.274127
0.403331 0.013262 0.079881 0.0114639 0.118575 0.373188 9.9973E-05 9.9973E-05 9.9973E-05
0.346181 9.9964E-05 9.9964E-05 9.9964E-05 9.9964E-05 0.505984 0.0171927 0.129912 0.000329976
0.519792 9.9964E-05 0.0264778 9.9964E-05 0.0851147 0.365846 0.00236987 9.9964E-05 9.9964E-05
0.40894 0.00363649 9.9964E-05 0.0281715 9.9964E-05 0.462661 9.9964E-05 0.0961907 9.9964E-05
0.568128 9.9946E-05 9.9946E-05 9.9946E-05 0.0287195 0.402553 9.9946E-05 9.9946E-05 9.9946E-05
0.531242 9.9964E-05 9.9964E-05 9.9964E-05 9.9964E-05 0.335122 0.00996895 0.0771175 0.0461498
9.9946E-05 9.9946E-05 0.0704147 9.9946E-05 0.071304 0.857682 9.9946E-05 9.9946E-05 9.9946E-05
0.29362 0.0138197 0.0647162 9.9964E-05 0.0772887 0.550155 9.9964E-05 9.9964E-05 9.9964E-05
0.345421 0.00697981 9.9964E-05 0.00940698 0.0795501 0.558243 9.9964E-05 9.9964E-05 9.9964E-05
9.9946E-05 9.9946E-05 0.127362 9.9946E-05 0.091433 0.780605 9.9946E-05 9.9946E-05 9.9946E-05
0.41174 9.9973E-05 9.9973E-05 0.0452931 9.9973E-05 0.41708 0.00547723 0.0735616 0.0465485
0.0566778 9.9955E-05 0.260605 9.9955E-05 0.0627321 0.619486 9.9955E-05 9.9955E-05 9.9955E-05
9.9946E-05 9.9946E-05 0.132746 9.9946E-05 0.0455396 0.821115 9.9946E-05 9.9946E-05 9.9946E-05
0.600174 0.00184899 0.0405359 9.9982E-05 0.039649 0.279218 0.0133637 9.9982E-05 0.025011
0.12919 9.99639E-05 9.99639E-05 0.0795193 9.99639E-05 0.638267 0.0107983 0.141825 9.99639E-05
0.466769 0.00347903 9.9973E-05 0.00744247 9.9973E-05 0.383426 9.9973E-05 0.115733 0.022851
0.529529 0.0550947 0.0457971 0.0494257 0.0414939 0.178751 0.0155601 0.0237362 0.0606125
0.491 9.9964E-05 9.9964E-05 9.9964E-05 0.000253764 0.392931 9.9964E-05 0.0723992 0.0430171
0.345368 9.9964E-05 0.12966 9.9964E-05 0.128044 0.0556407 9.9964E-05 0.340888 9.9964E-05
0.557045 9.9973E-05 9.9973E-05 0.0319156 9.9973E-05 0.307819 0.0171694 0.0483566 0.0373953
0.507561 9.9964E-05 9.9964E-05 9.9964E-05 9.9964E-05 0.338624 0.00626227 0.116671 0.0304818
0.288771 0.0185376 0.0164987 9.9964E-05 0.131832 0.543961 9.9964E-05 9.9964E-05 9.9964E-05
0.494978 0.0192084 0.0298961 0.0382587 9.9991E-05 0.267619 0.0419954 0.076709 0.0312362
9.9964E-05 9.9964E-05 0.0551794 0.0555281 9.9964E-05 9.9964E-05 0.0496433 0.262721 0.576528
9.9982E-05 9.9982E-05 0.0292693 0.0171015 0.00795055 0.0482519 0.0650095 0.117344 0.714873
9.9964E-05 9.9964E-05 0.0133957 0.0298898 9.9964E-05 9.9964E-05 0.18065 0.111269 0.664395
9.9964E-05 9.9964E-05 0.0214773 0.0765224 9.9964E-05 9.9964E-05 0.0954774 0.12205 0.684073
0.0137362 9.9973E-05 0.0724624 0.0562538 9.9973E-05 9.9973E-05 0.0462398 0.158754 0.652254
0.0892027 0.0216991 9.9973E-05 0.0462984 9.9973E-05 0.683145 9.9973E-05 0.151201 0.00815375
