9.9964E-05 9.9964E-05 0.0334082 0.0221597 0.0127899 9.9964E-05 9.9964E-05 0.897493 0.0337492
9.9964E-05 0.017295 9.9964E-05 0.0179056 9.9964E-05 0.00672893 9.9964E-05 0.923105 0.0345658
0.0244438 9.9982E-05 0.0371539 9.9982E-05 0.0126891 0.0423913 0.00448159 0.85032 0.0283207
0.0140857 0.0289924 0.150662 9.9964E-05 9.9964E-05 9.9964E-05 9.9964E-05 0.770657 0.0352029
0.00141762 9.9946E-05 0.102598 9.9946E-05 9.9946E-05 9.9946E-05 9.9946E-05 0.895385 9.9946E-05
0.060638 0.0132684 0.0645593 0.0314151 0.0348116 0.0517169 0.0915431 0.624776 0.0272717
0.0278501 0.0346746 0.0177159 9.9982E-05 0.00273484 9.9982E-05 0.11482 0.763494 0.0385114
0.038498 0.0212974 0.0224651 0.0367426 0.0244844 9.9991E-05 0.118302 0.700673 0.0374374
0.0198158 0.0778562 9.99729E-05 0.0170299 9.99729E-05 9.99729E-05 0.040367 0.822531 0.0221
0.0248214 0.0310175 0.0409141 0.0487357 0.0202267 9.9991E-05 0.0852482 0.748601 0.000335364
0.000170309 0.0698958 0.103534 0.00195097 9.9982E-05 9.9982E-05 0.0611616 0.749547 0.0135412
9.9946E-05 9.9946E-05 9.9946E-05 0.978902 0.00906644 9.9946E-05 9.9946E-05 0.0114319 9.9946E-05
0.010825 9.9973E-05 0.422985 0.506903 0.0310929 9.9973E-05 9.9973E-05 0.0167836 0.0111106
9.9946E-05 9.9946E-05 0.0329962 0.917814 0.0485899 9.9946E-05 9.9946E-05 9.9946E-05 9.9946E-05
9.9946E-05 9.9946E-05 0.0728601 0.822941 0.103599 9.9946E-05 9.9946E-05 9.9946E-05 9.9946E-05
0.0115167 9.9973E-05 0.295332 0.54362 0.0919442 9.9973E-05 9.9973E-05 0.0453471 0.0119401
9.9973E-05 9.9973E-05 0.494343 0.406281 0.0461976 9.9973E-05 0.00926045 0.0390696 0.00454878
0.00527111 9.9964E-05 0.317771 0.609619 0.0254691 9.9964E-05 9.9964E-05 9.9964E-05 0.0414697
9.9964E-05 9.9964E-05 0.0881128 0.76963 0.0798876 9.9964E-05 9.9964E-05 0.0353903 0.0265791
9.9946E-05 0.0427268 9.9946E-05 0.939963 9.9946E-05 9.9946E-05 0.0167103 9.9946E-05 9.9946E-05
0.0230215 0.0154192 0.342359 0.463758 0.0185873 0.0714155 0.0448325 9.9991E-05 0.0205077
9.9973E-05 9.9973E-05 0.382832 0.383079 0.0256827 0.0287466 0.176548 9.9973E-05 0.00281234
0.0106503 0.0327412 0.454388 0.32501 0.030993 0.104201 0.0190837 9.9991E-05 0.0228325
9.9946E-05 9.9946E-05 9.9946E-05 0.914078 0.0732616 9.9946E-05 9.9946E-05 0.0120604 9.9946E-05
0.0398702 9.9991E-05 0.550326 0.203121 0.0813034 0.0090658 0.0458002 0.0484331 0.0219803
9.9946E-05 9.9946E-05 0.367502 0.607879 0.0240189 9.9946E-05 9.9946E-05 9.9946E-05 9.9946E-05
9.9946E-05 9.9946E-05 9.9946E-05 0.952815 0.0217809 9.9946E-05 9.9946E-05 0.0248045 9.9946E-05
9.9946E-05 9.9946E-05 0.0573798 0.886409 0.055612 9.9946E-05 9.9946E-05 9.9946E-05 9.9946E-05
9.9955E-05 9.9955E-05 0.00116564 0.988486 9.9955E-05 0.0023001 0.00754831 9.9955E-05 9.9955E-05
9.993E-05 9.993E-05 9.993E-05 9.993E-05 9.993E-05 9.993E-05 9.993E-05 9.993E-05 0.999201
9.993E-05 9.993E-05 9.993E-05 9.993E-05 9.993E-05 9.993E-05 9.993E-05 9.993E-05 0.999201
0.00545432 0.021843 0.0359616 9.9973E-05 0.0949236 9.9973E-05 9.9973E-05 0.473232 0.368285
9.9964E-05 0.000160088 0.140063 9.9964E-05 0.0685338 9.9964E-05 9.9964E-05 0.502531 0.288313
0.0903242 9.9982E-05 0.455007 0.0385146 9.9982E-05 0.265873 0.0764124 0.052127 0.0215417
0.0120816 0.0324981 0.469032 0.105629 0.0640292 0.214089 0.0272485 0.0568624 0.018531
0.00662188 0.0229235 0.540094 9.9973E-05 0.0132254 0.415238 9.9973E-05 0.00159687 9.9973E-05
0.0846196 0.217315 0.0788233 0.522938 9.9973E-05 0.058505 9.9973E-05 0.0374996 9.9973E-05
9.9973E-05 0.00329141 0.276784 9.9973E-05 0.000768171 0.527648 0.180393 9.9973E-05 0.0108152
0.0362898 9.9982E-05 0.500875 0.141473 0.0136072 0.200858 9.9982E-05 0.0763945 0.0303028
0.0184912 9.9964E-05 0.719213 9.9964E-05 9.9964E-05 0.187907 0.0108607 0.0631283 9.9964E-05
0.0520281 0.00505878 0.524105 0.117811 9.9991E-05 0.049995 0.14831 0.0831677 0.0194241
9.9991E-05 0.0433956 0.581416 0.134902 0.00941907 0.0863045 0.0656829 0.0586379 0.0201421
0.0282071 9.9964E-05 0.0812899 0.214074 9.9964E-05 0.669357 9.9964E-05 9.9964E-05 0.0066722
0.0170666 0.0114109 0.628615 0.072733 0.0151141 9.9991E-05 0.191511 0.0395001 0.0239495
0.0359135 0.0113859 0.564613 0.02127 9.9982E-05 0.275008 9.9982E-05 0.0745102 0.0170995
0.0635194 0.00583228 0.585996 9.9991E-05 0.0428824 0.133121 0.0326171 0.100477 0.0354551
9.9946E-05 9.9946E-05 0.297612 9.9946E-05 9.9946E-05 0.590744 0.111045 9.9946E-05 9.9946E-05
0.0224888 9.9982E-05 0.550105 0.076952 0.0317047 0.25068 9.9982E-05 0.0501711 0.0176987
0.0127318 0.0377048 0.506987 0.0465174 0.052878 0.211553 9.9991E-05 0.116067 0.0154608
9.9946E-05 0.0112143 9.9946E-05 9.9946E-05 9.9946E-05 0.577858 0.410328 9.9946E-05 9.9946E-05
0.0846654 0.175523 0.0745937 0.46029 9.9973E-05 0.0937558 0.110872 9.9973E-05 9.9973E-05
0.0170102 0.0205008 0.0996141 0.369301 0.0326121 0.106652 0.354109 9.9982E-05 9.9982E-05
9.9991E-05 0.0286639 0.55754 0.124348 0.0460951 0.0433583 0.123713 0.0681381 0.00804355
0.00296749 0.0217128 0.600047 0.0744766 0.0372593 0.0581695 0.089386 0.103902 0.0120797
9.9982E-05 0.0399692 0.59092 0.162525 0.054462 9.9982E-05 0.077826 0.0534143 0.0206831
0.0763764 0.189045 0.123676 0.422228 9.9991E-05 0.0785894 0.00441024 0.0984965 0.00707893
0.0464073 0.105985 0.478427 0.292908 0.00781885 0.0285086 0.0150292 9.9991E-05 0.0248164
9.999E-05 0.0576927 0.532041 0.170187 0.0449873 0.0865443 0.0145266 0.0902771 0.00364469
0.0674111 0.0484837 0.308297 0.319075 0.0185096 0.0694348 0.0746404 0.0679991 0.0261486
0.0840288 0.0553157 0.0262277 0.548716 0.00861024 0.0656823 0.0629433 0.140503 0.00797309
0.065438 0.0570381 0.527792 0.141342 0.0157635 0.0379409 0.0950748 0.0473626 0.0122488
0.0290348 0.0249672 0.427971 0.333773 0.0202672 0.0669583 0.0193242 0.0520019 0.0257032
0.113881 0.0818987 9.9982E-05 0.620849 9.9982E-05 0.0553218 0.0858398 0.0132646 0.0287453
0.00912401 0.116398 0.337822 0.42609 9.9982E-05 0.0781224 0.0197323 9.9982E-05 0.0125109
0.00996884 0.0358427 0.554338 0.129244 0.0746807 0.0917128 0.0729347 0.00920517 0.0220731
9.999E-05 0.0552135 0.590742 0.133223 0.0186917 0.0812726 0.0168004 0.0831403 0.0208165
0.0219329 0.0276885 0.127338 0.530136 0.0633977 0.10065 0.0500007 0.0187331 0.0601226
0.047939 0.0339008 0.444834 0.334357 0.0131195 0.0210782 0.0433937 0.0485257 0.0128519
0.0460128 0.0583478 0.519801 0.224304 0.0313265 0.0479638 0.0294054 0.0121574 0.0306804
0.0488939 0.0783682 0.102613 0.605029 9.9982E-05 0.0597545 0.0713864 9.9982E-05 0.0337549
0.00599496 9.9973E-05 0.432941 0.050645 9.9973E-05 0.473916 9.9973E-05 0.0279876 0.00821466
9.9973E-05 9.9973E-05 0.136702 0.0938045 0.00513888 0.742605 9.9973E-05 0.0011675 0.0202827
0.0432253 9.9982E-05 0.51001 0.0502323 0.0144777 0.257787 9.9982E-05 0.11431 0.00975744
9.9946E-05 9.9946E-05 9.9946E-05 9.9946E-05 9.9946E-05 0.803447 0.189175 9.9946E-05 0.00677824
9.9937E-05 9.9937E-05 9.9937E-05 9.9937E-05 9.9937E-05 0.829454 0.169846 9.9937E-05 9.9937E-05
9.9946E-05 9.9946E-05 0.222147 9.9946E-05 9.9946E-05 0.679843 0.0974098 9.9946E-05 9.9946E-05
0.0372397 9.9973E-05 0.420152 0.0547745 9.9973E-05 0.449005 9.9973E-05 0.0170285 0.0214998
0.0102408 0.0276872 0.538404 0.0540668 0.0537502 0.129353 0.0776465 0.0782254 0.0306257
9.9955E-05 9.9955E-05 0.463528 0.0238351 9.9955E-05 0.461762 0.050375 9.9955E-05 9.9955E-05
0.0353666 0.0147066 0.107832 0.195463 9.9973E-05 0.608172 9.9973E-05 0.03816 9.9973E-05
0.0478813 0.0563463 0.197019 0.138272 9.9973E-05 0.54043 9.9973E-05 9.9973E-05 0.019752
0.0606835 0.00427347 0.511246 0.0366646 0.017511 0.282423 0.0207068 0.0338447 0.0326473
0.0412285 9.9973E-05 0.285122 0.135615 0.00820501 0.522732 9.9973E-05 9.9973E-05 0.00679808
9.9973E-05 0.0250794 0.387794 0.0845876 9.9973E-05 0.47392 9.9973E-05 0.00852073 0.0197987
9.9964E-05 0.0137008 0.457379 9.9964E-05 9.9964E-05 0.438962 0.0811497 9.9964E-05 0.00840851
9.9937E-05 9.9937E-05 9.9937E-05 9.9937E-05 9.9937E-05 0.615581 0.38372 9.9937E-05 9.9937E-05
9.9973E-05 9.9973E-05 0.593305 9.9973E-05 0.0328179 0.254484 0.0959465 0.0217791 0.00136728
0.0202999 0.0383142 0.0717148 0.0359179 9.9973E-05 9.9973E-05 9.9973E-05 0.773671 0.0597822
9.9946E-05 9.9946E-05 0.0715409 9.9946E-05 9.9946E-05 9.9946E-05 9.9946E-05 0.851651 0.0762085
9.9955E-05 9.9955E-05 0.114889 9.9955E-05 0.02576 9.9955E-05 9.9955E-05 0.813817 0.0450339
9.9955E-05 9.9955E-05 0.0246636 9.9955E-05 0.0364439 9.9955E-05 9.9955E-05 0.89813 0.0402631
0.00289392 9.9964E-05 9.9964E-05 0.0259513 0.030352 9.9964E-05 9.9964E-05 0.890056 0.0503468
0.0121454 9.9964E-05 0.0993374 9.9964E-05 0.0316877 9.9964E-05 9.9964E-05 0.836126 0.020304
9.9946E-05 9.9946E-05 0.0848369 9.9946E-05 9.9946E-05 9.9946E-05 9.9946E-05 0.888335 0.0262286
0.0201807 0.0258697 0.543975 0.00404793 0.0463199 0.255489 0.00795977 0.0746596 0.0214991
0.0317253 0.0358793 0.529848 0.0494575 0.0635057 0.147369 0.0506722 0.0779425 0.0136005
0.0749445 0.0147104 9.9973E-05 0.154237 9.9973E-05 0.722431 0.00563589 0.0277405 9.9973E-05
0.0612629 0.0166912 0.563475 0.05178 0.0511889 0.169607 0.0215805 0.0548289 0.00958645
0.00293546 0.0717595 0.357456 0.08141 9.9982E-05 0.468177 9.9982E-05 0.0106925 0.0073689
9.9973E-05 0.0488059 0.508168 0.0222009 9.9973E-05 0.37784 9.9973E-05 0.0315411 0.011144
9.9973E-05 0.020012 0.563233 9.9973E-05 9.9973E-05 0.271276 0.110902 0.0320072 0.00226957
0.0238388 9.9991E-05 0.495312 0.0397115 0.0443758 0.350322 0.0135886 0.00770664 0.0250451
0.0606735 0.0534529 9.9973E-05 0.203699 9.9973E-05 0.663354 9.9973E-05 0.00685264 0.0116682
0.0280694 0.0292056 0.517262 0.020815 0.00631236 0.222576 0.0339255 0.121367 0.0204671
0.0392982 0.0352716 0.653952 0.0382509 0.0214192 0.131019 9.9991E-05 0.0731722 0.0075171
9.9991E-05 0.036818 0.526833 0.0266228 0.055047 0.1986 0.0177378 0.0961087 0.0421331
9.9982E-05 0.0122341 0.264941 0.0440113 0.00981477 0.45942 0.198728 9.9982E-05 0.010651
0.020518 9.9973E-05 0.498768 9.9973E-05 0.00977729 0.399514 0.0695374 9.9973E-05 0.00158553
0.021659 0.0267105 0.379962 0.175871 9.9982E-05 0.391601 9.9982E-05 0.00300316 0.000993782
0.000110523 9.9964E-05 0.392477 9.9964E-05 0.0145053 0.535516 0.056991 9.9964E-05 9.9964E-05
0.0123414 0.0698418 0.422298 0.0719738 9.9991E-05 0.378573 0.00185627 0.029713 0.0133028
0.0251017 0.0346111 0.527757 9.9991E-05 0.0451086 0.225514 0.0464456 0.0864893 0.00887253
0.00257086 0.231932 0.263835 0.185605 0.0291383 9.9982E-05 0.253702 9.9982E-05 0.0330171
0.0649548 0.138952 0.363509 0.243957 9.9982E-05 0.0444745 0.0661496 0.0778032 9.9982E-05
0.00705599 0.0796735 0.533235 0.180983 0.045635 9.9991E-05 0.062986 0.0801738 0.0101576
0.0357981 0.0434853 0.569713 0.0461043 0.00812303 0.0921321 0.0795001 0.091758 0.0333866
0.024641 0.199971 0.467294 0.184234 9.9991E-05 0.0383336 0.0357925 0.0364389 0.0131953
0.0077701 0.141262 0.591331 0.112171 0.0432664 9.9982E-05 0.0412628 0.0627371 9.9982E-05
0.0765907 0.205136 0.422546 0.261172 9.9973E-05 9.9973E-05 9.9973E-05 0.0259104 0.00834425
0.0275731 0.0903237 0.538442 0.104854 0.0109481 0.0134782 0.143439 0.0446805 0.0262611
0.0444415 0.090039 0.581464 0.116297 0.0661102 0.022426 0.0418615 0.0372604 9.9991E-05
0.039375 0.165894 0.533649 0.163352 9.9991E-05 0.0160291 0.0342782 0.0321698 0.0151528
0.0392438 0.133656 0.554077 0.16678 9.9991E-05 0.0277537 0.0375905 0.0219886 0.0188098
0.0391934 0.0756845 0.625085 0.0981739 0.0446721 0.02194 0.0566497 0.0234309 0.01517
0.0101098 0.0902918 0.582558 0.0675891 0.0706757 0.014977 0.0622671 0.0956781 0.0058533
0.0197484 0.103055 0.529489 0.106198 0.0854861 0.046499 0.109325 9.9982E-05 9.9982E-05
0.0500466 0.0420397 0.555596 0.0256366 0.0853911 0.0157589 0.158498 0.0254439 0.0415886
0.0428637 0.108453 0.619744 0.0714123 0.0282175 0.0202445 0.0776061 9.9991E-05 0.0313595
0.0214369 0.154403 0.335794 0.100391 0.0510371 0.0220094 0.223171 0.075433 0.0163239
9.9973E-05 0.133363 0.652645 9.9973E-05 0.034543 0.02914 0.085794 0.0642156 9.9973E-05
0.00246635 0.142836 0.666112 0.0219394 0.0211812 9.9991E-05 0.120861 0.00891325 0.0155908
0.0430133 0.21423 0.139737 0.471081 0.00530116 0.10804 9.9982E-05 0.0183967 9.9982E-05
0.085149 0.0383602 0.113683 0.313142 0.022759 0.0525547 0.374152 9.9982E-05 9.9982E-05
0.0897192 0.0244934 0.457224 0.254116 0.0145352 0.0306425 0.0759045 0.0336066 0.019759
9.9964E-05 0.20686 0.0882576 0.189463 9.9964E-05 0.0665487 0.44847 9.9964E-05 9.9964E-05
0.0307196 0.178382 0.233522 0.475524 9.9982E-05 0.0342706 0.018889 9.9982E-05 0.0284935
9.9964E-05 0.196768 0.363135 0.308917 9.9964E-05 0.0982384 0.0325426 9.9964E-05 9.9964E-05
0.0241947 0.236857 0.314232 0.254751 9.9991E-05 0.143783 0.0029816 0.000850829 0.0222497
0.0514171 0.208172 0.261017 0.375573 9.9973E-05 0.0665983 0.0369235 9.9973E-05 9.9973E-05
0.00911392 0.110478 0.564322 0.187186 0.0012388 0.000817679 0.069505 0.0565479 0.00079117
0.0465991 0.0532351 0.539305 0.110763 0.0574498 0.0801126 0.0561743 0.0497539 0.0066068
0.0581725 0.0813289 0.489497 0.267123 0.0328168 0.0254382 0.00268004 0.0428428 9.9991E-05
0.00301277 0.149808 0.175802 0.261258 9.9973E-05 0.0678141 0.342005 9.9973E-05 9.9973E-05
0.0650894 9.9991E-05 0.476242 0.0658739 0.0512358 0.0398786 0.150818 0.129142 0.0216206
0.0446974 9.9991E-05 0.451599 0.0448394 0.0595833 0.0653633 0.272678 0.041501 0.0196385
0.0604856 9.9964E-05 9.9964E-05 0.0286378 9.9964E-05 0.0683317 0.720362 0.121783 9.9964E-05
9.9982E-05 9.9982E-05 0.599899 0.119419 0.0704519 0.0582991 0.106953 0.0284664 0.0163116
0.0386158 9.9991E-05 0.318087 0.119667 0.033769 0.0527377 0.370096 0.0551364 0.0117912
0.0555433 0.0154677 0.535094 0.0467418 0.0198479 9.9991E-05 0.230524 0.0681528 0.0285287
0.0933029 9.9982E-05 0.244837 0.0589628 9.9982E-05 0.0624907 0.432924 0.0977027 0.00957954
0.0854265 0.00316379 0.111698 0.0932751 9.9991E-05 0.0642535 0.579747 0.0369319 0.0254046
0.0602107 0.0171079 0.420355 0.0421449 9.9991E-05 0.0886424 0.308401 0.0496355 0.013403
9.9982E-05 0.0394834 0.398983 0.142126 0.0376049 0.104257 0.128133 0.149213 9.9982E-05
0.0232742 0.0921196 0.46897 0.030215 0.0186082 0.0178151 0.190694 0.127417 0.030887
9.9982E-05 9.9982E-05 0.0510178 0.266188 0.0736728 0.110902 0.46137 0.017412 0.0192367
0.04046 0.0449226 0.487935 0.0776079 0.0639385 0.0750871 0.122312 0.0832962 0.00444006
0.0224306 0.0270211 0.326219 0.0814662 9.9973E-05 0.0191417 0.523421 9.9973E-05 9.9973E-05
9.9964E-05 0.0850322 0.448607 0.0515346 9.9964E-05 0.069232 0.345194 9.9964E-05 9.9964E-05
0.017282 0.0313398 0.547967 0.0139921 0.0853883 0.0679565 0.156238 0.0531578 0.0266784
0.00856703 9.9982E-05 0.132751 0.0740322 0.223042 9.9982E-05 0.190578 0.338249 0.0325819
9.9955E-05 9.9955E-05 9.9955E-05 9.9955E-05 0.140769 9.9955E-05 0.380742 0.470792 0.00719785
9.9955E-05 9.9955E-05 9.9955E-05 9.9955E-05 0.114186 9.9955E-05 0.410644 0.469681 0.00498947
0.01352 9.9973E-05 0.100567 0.0390092 0.254881 9.9973E-05 0.224436 0.367286 9.9973E-05
9.9973E-05 0.0364167 0.601795 0.035319 9.9973E-05 0.0591004 0.251007 9.9973E-05 0.0160621
0.0136287 0.0249139 0.641605 9.9991E-05 0.00520847 0.0645835 0.135514 0.090525 0.023921
9.9955E-05 0.0136999 0.306017 9.9955E-05 0.67168 9.9955E-05 9.9955E-05 9.9955E-05 0.00810303
0.0256724 0.00884964 0.372279 0.0673716 0.436012 0.0405063 0.0132998 0.0297598 0.00625001
0.0444704 0.0443993 0.364447 0.0357203 0.39056 0.0613765 9.9991E-05 0.0500578 0.00886908
0.0273217 0.0128107 0.292176 0.0341108 9.9982E-05 0.0326518 0.58888 9.9982E-05 0.0118482
9.9991E-05 0.0942034 0.470341 0.00889489 0.0439398 0.0899851 0.175009 0.103414 0.0141127
0.0116681 9.9955E-05 0.248342 0.177614 9.9955E-05 9.9955E-05 0.561875 9.9955E-05 9.9955E-05
0.0195911 9.9964E-05 0.592364 0.0358378 9.9964E-05 9.9964E-05 0.288198 0.0636098 9.9964E-05
0.0514592 9.9964E-05 0.517906 0.0631261 9.9964E-05 9.9964E-05 0.337641 0.0294675 9.9964E-05
0.0448258 9.9964E-05 0.629287 9.9964E-05 9.9964E-05 0.00101031 0.319641 9.9964E-05 0.00483569
0.0429863 9.9955E-05 0.229455 0.10821 9.9955E-05 9.9955E-05 0.618848 9.9955E-05 9.9955E-05
0.0133706 9.9982E-05 0.637446 9.9982E-05 0.0395525 0.048566 0.187033 0.0443942 0.0294379
0.0517785 9.9982E-05 0.635269 0.0100794 9.9982E-05 0.0159649 0.166857 0.0922665 0.0275842
0.0185312 9.9955E-05 0.0369933 9.9955E-05 0.934838 0.00913735 9.9955E-05 9.9955E-05 9.9955E-05
9.9964E-05 0.0209846 0.0531135 0.00257111 0.903412 0.0195187 9.9964E-05 9.9964E-05 9.9964E-05
0.0158047 0.0175352 0.31167 0.0192659 0.529813 0.0386035 0.0020564 0.0464117 0.0188391
0.0148815 0.00344888 0.345591 9.9964E-05 0.633675 0.00200309 9.9964E-05 9.9964E-05 9.9964E-05
9.9964E-05 9.9964E-05 0.130666 0.0292466 0.800814 0.030515 9.9964E-05 9.9964E-05 0.00835858
9.993E-05 9.993E-05 9.993E-05 9.993E-05 0.999201 9.993E-05 9.993E-05 9.993E-05 9.993E-05
0.0134991 0.0131651 9.9955E-05 0.00935645 0.96348 9.9955E-05 9.9955E-05 9.9955E-05 9.9955E-05
9.9955E-05 9.9955E-05 0.12772 0.00707617 0.846778 0.0179262 9.9955E-05 9.9955E-05 9.9955E-05
0.0285272 9.9955E-05 9.9955E-05 0.0113956 0.948087 9.9955E-05 9.9955E-05 9.9955E-05 0.0114907
9.993E-05 9.993E-05 9.993E-05 9.993E-05 0.999201 9.993E-05 9.993E-05 9.993E-05 9.993E-05
9.993E-05 9.993E-05 9.993E-05 9.993E-05 0.999201 9.993E-05 9.993E-05 9.993E-05 9.993E-05
9.9964E-05 9.9964E-05 0.198987 0.0228404 0.75942 9.9964E-05 9.9964E-05 0.00781851 0.0105344
0.000261032 0.00825147 0.121132 9.9982E-05 0.78908 0.0288552 9.9982E-05 0.0517505 0.000470117
9.9937E-05 9.9937E-05 9.9937E-05 9.9937E-05 0.995607 9.9937E-05 9.9937E-05 9.9937E-05 0.00369357
0.00588356 0.038341 0.348718 0.119332 0.365157 0.0370384 0.0194681 0.0519087 0.0141534
9.9991E-05 0.0288442 0.2571 0.00508039 0.614701 0.0221201 0.00440513 0.05974 0.00790865
9.9955E-05 0.0166108 0.161875 9.9955E-05 0.799931 9.9955E-05 9.9955E-05 0.0210828 9.9955E-05
0.0113818 9.9973E-05 0.0487056 0.0160356 0.908134 0.0107769 9.9973E-05 9.9973E-05 0.00466611
9.993E-05 9.993E-05 9.993E-05 9.993E-05 0.999201 9.993E-05 9.993E-05 9.993E-05 9.993E-05
9.9955E-05 9.9955E-05 0.0263761 9.9955E-05 0.947193 9.9955E-05 9.9955E-05 0.0096754 0.016256
9.9937E-05 9.9937E-05 9.9937E-05 9.9937E-05 0.989839 9.9937E-05 9.9937E-05 9.9937E-05 0.00946123
0.0428501 9.9973E-05 0.24193 9.9973E-05 0.603876 0.0540015 9.9973E-05 0.0430232 0.0140194
9.9964E-05 0.00832004 9.9964E-05 9.9964E-05 0.964863 0.0131147 9.9964E-05 0.00426423 0.00903765
9.9946E-05 9.9946E-05 9.9946E-05 9.9946E-05 0.0642389 9.9946E-05 0.614262 0.3209 9.9946E-05
0.0396663 9.9973E-05 0.377099 0.0484129 0.08519 9.9973E-05 0.246071 0.203261 9.9973E-05
0.0164268 0.017931 0.47201 9.9982E-05 0.0322877 9.9982E-05 0.280709 0.173135 0.00730095
0.0125577 0.0202221 0.234535 9.9982E-05 0.0928849 9.9982E-05 0.433232 0.198168 0.00819972
0.00432991 9.9991E-05 0.45218 0.129425 0.0934174 0.0500097 0.145148 0.10968 0.01571
9.9982E-05 9.9982E-05 0.0811883 0.00692568 0.138457 0.00379614 0.51809 0.227286 0.0240573
0.0149876 0.0171688 0.434205 0.0973422 0.108094 0.0273143 0.144956 0.155832 9.9991E-05
0.0291719 9.9973E-05 0.321016 9.9973E-05 0.107706 9.9973E-05 0.338487 0.200513 0.00280627
0.0133351 9.9982E-05 0.509954 0.0215211 0.0906296 9.9982E-05 0.20892 0.144366 0.0110738
0.0245441 9.9982E-05 0.385708 0.0407519 0.0968569 9.9982E-05 0.26925 0.155307 0.0273824
0.0278072 0.00434098 0.422236 0.0146554 0.152733 0.0544942 0.156784 0.141775 0.025175
0.0423297 9.9955E-05 0.07231 9.9955E-05 9.9955E-05 9.9955E-05 9.9955E-05 0.876902 0.00795824
0.0166914 9.9964E-05 9.9964E-05 9.9964E-05 0.0585554 0.0171319 9.9964E-05 0.878202 0.0290194
0.017819 0.00132587 0.02812 9.9964E-05 9.9964E-05 9.9964E-05 9.9964E-05 0.916039 0.0362958
9.9955E-05 9.9955E-05 9.9955E-05 0.0196271 9.9955E-05 9.9955E-05 0.000461699 0.97067 0.00874182
9.9955E-05 9.9955E-05 0.0274429 0.0739212 9.9955E-05 9.9955E-05 9.9955E-05 0.837561 0.0605748
0.00785459 9.9964E-05 9.9964E-05 0.0150376 0.0013566 9.9964E-05 9.9964E-05 0.938779 0.0365724
0.0121155 0.00681495 0.0404967 9.9973E-05 0.0201874 9.9973E-05 9.9973E-05 0.878195 0.0418909
0.012793 0.0247328 9.9973E-05 0.0123211 9.9973E-05 9.9973E-05 0.0123312 0.903585 0.0339368
0.00602618 9.9982E-05 0.0231355 0.0123978 0.0141708 0.0404443 9.9982E-05 0.882246 0.0213797
0.0136422 9.9982E-05 0.0196499 0.0218531 0.00636605 9.9982E-05 0.0335641 0.880256 0.0244688
0.178164 0.0588626 9.9973E-05 0.096094 9.9973E-05 0.0550507 0.0214382 0.59009 9.9973E-05
0.201718 0.0953897 9.9982E-05 0.0637277 9.9982E-05 0.012666 0.0236368 0.567571 0.0350909
0.183111 0.0669143 9.9982E-05 0.150047 9.9982E-05 0.0320594 0.0528845 0.496069 0.0187145
0.19709 0.0608445 9.9973E-05 0.199447 9.9973E-05 0.0136606 0.0789185 0.44974 9.9973E-05
0.0515653 0.0583613 0.450122 0.122892 9.9991E-05 0.232881 0.00309805 0.0561795 0.0248002
0.0344673 0.0394004 0.437454 0.139786 0.0495792 0.266752 9.9991E-05 0.0224412 0.010021
9.9964E-05 0.0827558 0.426154 0.174081 0.0534034 0.263206 9.9964E-05 9.9964E-05 9.9964E-05
0.0158829 0.118428 0.346004 0.182038 9.9991E-05 0.259647 0.026147 0.0343079 0.0174454
0.0767048 0.254845 0.162166 0.384374 9.9973E-05 0.0686534 0.0529574 9.9973E-05 9.9973E-05
0.00508112 0.088724 0.623824 9.9982E-05 0.0181128 0.202613 0.013154 0.0482911 9.9982E-05
0.0215817 0.0881057 0.587475 9.9964E-05 0.0178448 0.284593 9.9964E-05 9.9964E-05 9.9964E-05
9.9973E-05 0.0355968 0.571723 0.0136292 9.9973E-05 0.254662 0.113615 9.9973E-05 0.0104739
9.9955E-05 9.9955E-05 0.368941 9.9955E-05 0.0160214 0.560817 0.0537206 9.9955E-05 9.9955E-05
0.0533018 0.0283215 0.622121 9.9991E-05 0.0343203 0.143413 0.0933179 0.0148135 0.01029
0.0108167 0.0114408 0.393579 0.080224 9.9973E-05 0.490334 9.9973E-05 0.0133053 9.9973E-05
9.9946E-05 0.0278141 9.9946E-05 9.9946E-05 9.9946E-05 0.738671 0.232915 9.9946E-05 9.9946E-05
0.0150911 0.0908423 0.555562 0.12668 0.024962 0.118266 0.00730269 0.0415742 0.0197199
9.9946E-05 9.9946E-05 0.145989 9.9946E-05 9.9946E-05 0.604777 0.248634 9.9946E-05 9.9946E-05
0.0152238 0.0456798 0.533905 9.9991E-05 0.00456666 0.336902 0.0374856 0.00708684 0.0190504
9.9955E-05 0.0611051 0.0869673 0.191077 9.9955E-05 0.660351 9.9955E-05 9.9955E-05 9.9955E-05
0.919738 0.0514079 9.9946E-05 9.9946E-05 9.9946E-05 9.9946E-05 9.9946E-05 0.0282542 9.9946E-05
0.999201 9.993E-05 9.993E-05 9.993E-05 9.993E-05 9.993E-05 9.993E-05 9.993E-05 9.993E-05
0.999201 9.993E-05 9.993E-05 9.993E-05 9.993E-05 9.993E-05 9.993E-05 9.993E-05 9.993E-05
0.959181 0.0243055 9.99503E-05 0.0159137 9.99503E-05 9.99503E-05 9.99503E-05 9.99503E-05 9.99503E-05
0.972569 9.9937E-05 0.0267319 9.9937E-05 9.9937E-05 9.9937E-05 9.9937E-05 9.9937E-05 9.9937E-05
0.966639 9.9937E-05 9.9937E-05 9.9937E-05 0.0326617 9.9937E-05 9.9937E-05 9.9937E-05 9.9937E-05
0.0321207 9.9973E-05 0.0312156 9.9973E-05 0.0540965 0.025452 9.9973E-05 0.851707 0.00510785
0.012425 0.0248083 0.115079 0.0246185 0.00814839 9.9973E-05 9.9973E-05 0.814621 9.9973E-05
9.9973E-05 0.00565635 0.150952 0.0416535 0.0139374 9.9973E-05 9.9973E-05 0.756732 0.0307689
9.9973E-05 0.00843554 0.0403835 0.00021686 0.0596422 0.0522476 9.9973E-05 0.838774 9.9973E-05
9.9973E-05 0.004941 0.15013 9.9973E-05 0.0428813 0.00481795 9.9973E-05 0.789356 0.00757334
0.311697 0.259165 9.9982E-05 0.0040623 9.9982E-05 0.0181688 0.0211292 0.36983 0.0157478
0.333269 0.188968 9.9982E-05 0.0437257 0.0108649 9.9982E-05 0.00220115 0.394102 0.0266693
0.365592 0.165415 0.0140149 0.0407712 0.0152002 9.9982E-05 9.9982E-05 0.374322 0.0244851
9.993E-05 9.993E-05 9.993E-05 9.993E-05 9.993E-05 9.993E-05 9.993E-05 9.993E-05 0.999201
0.341932 0.15601 9.9982E-05 0.0639152 9.9982E-05 0.0343089 0.0369898 0.330839 0.0358039
9.9973E-05 0.010253 0.271497 9.9973E-05 0.280937 9.9973E-05 0.145272 0.282786 0.00895569
0.0130529 0.0317334 0.481174 0.0197239 0.248055 0.0228102 0.0282402 0.150346 0.00486506
9.9946E-05 9.9946E-05 0.591064 9.9946E-05 0.213666 9.9946E-05 9.9946E-05 0.19467 9.9946E-05
0.00492718 9.9964E-05 0.31485 9.9964E-05 0.255351 9.9964E-05 0.13746 0.287011 9.9964E-05
0.0212025 0.0688 0.470704 0.0398068 0.122256 0.0462155 0.0533134 0.134827 0.0428751
9.9955E-05 9.9955E-05 9.9955E-05 9.9955E-05 0.301397 9.9955E-05 0.264924 0.41695 0.0162304
0.0765641 0.146584 0.422229 0.256457 9.9973E-05 0.0474944 0.0503723 9.9973E-05 9.9973E-05
0.0311732 0.0893879 0.458599 0.112826 9.9973E-05 0.0440863 0.263627 9.9973E-05 9.9973E-05
0.0840792 0.127667 0.188107 0.565115 9.9973E-05 0.034421 0.000310978 9.9973E-05 9.9973E-05
0.043805 0.0699791 0.504805 0.147781 0.00512488 0.0483922 0.179913 9.9982E-05 9.9982E-05
0.0423163 0.115622 9.9964E-05 0.182426 9.9964E-05 0.0294631 0.629772 9.9964E-05 9.9964E-05
0.00924136 0.0698712 0.553971 0.095682 0.0496173 0.0386452 0.0802505 0.0831101 0.0196118
0.0634729 0.0291334 0.522263 0.14357 0.0268236 0.0618729 0.123576 0.0291882 9.9991E-05
0.0416217 0.146839 0.295392 0.399303 9.9982E-05 9.9982E-05 0.0837993 0.0228045 0.0100401
0.0765007 0.0274198 0.508484 0.219419 0.0329435 0.0631387 0.0209216 0.0510722 9.9991E-05
9.9964E-05 0.0874254 0.084626 0.383562 9.9964E-05 0.0623913 0.381595 9.9964E-05 9.9964E-05
0.00896135 0.0853174 0.558299 0.163564 0.0229848 0.0185482 0.129439 0.0127861 9.9991E-05
0.0447344 0.151946 0.475992 0.215656 0.00214564 0.0789797 0.030347 9.9982E-05 9.9982E-05
9.9982E-05 0.0267149 0.42589 0.100879 0.136988 0.0389114 0.15856 0.111856 9.9982E-05
9.9964E-05 0.0958403 0.300494 0.276811 9.9964E-05 0.0606675 0.265788 9.9964E-05 9.9964E-05
0.010362 0.115945 0.40019 0.176018 0.0271154 0.0233166 0.246853 9.9982E-05 9.9982E-05
0.0722633 0.0547269 0.612297 0.122747 9.9973E-05 0.0458475 0.0918183 9.9973E-05 9.9973E-05
0.0193567 0.0825825 0.559997 0.148162 9.9973E-05 0.0406399 0.148962 9.9973E-05 9.9973E-05
0.0776055 0.0199829 0.658957 0.0523466 0.0444811 0.0441211 0.0637098 0.0113946 0.0274019
0.0181473 0.0909572 0.526321 0.0806368 0.0470358 0.0687477 0.0594925 0.0990924 0.00956976
0.0252351 0.0518639 0.543426 0.215474 9.9982E-05 0.0721414 0.0139072 0.0777519 9.9982E-05
9.9955E-05 9.9955E-05 0.121046 9.9955E-05 0.0404061 9.9955E-05 9.9955E-05 0.830551 0.00749741
9.9955E-05 9.9955E-05 0.107553 9.9955E-05 9.9955E-05 0.0136547 9.9955E-05 0.867588 0.0107047
0.023605 0.0296647 0.0635982 9.9964E-05 9.9964E-05 9.9964E-05 9.9964E-05 0.844663 0.0380696
0.0394144 9.9973E-05 0.0305343 9.9973E-05 0.0416223 0.003899 9.9973E-05 0.856404 0.027826
0.0172177 9.9955E-05 0.0947517 9.9955E-05 9.9955E-05 9.9955E-05 9.9955E-05 0.87629 0.0112413
0.0437522 0.17567 9.9991E-05 0.594325 0.0210466 0.0481695 0.0819459 0.0246249 0.0103666
0.00487415 0.127321 0.498339 0.0680795 0.0585641 0.0452446 0.135597 0.0618819 9.9991E-05
0.0215533 9.9982E-05 0.415911 9.9982E-05 0.216183 0.0221604 0.122954 0.193933 0.00710519
0.0335883 0.071017 0.604588 0.177389 0.033002 0.0571009 9.9991E-05 0.0133034 0.00991074
9.9973E-05 0.13857 0.4459 0.323183 0.00146606 0.0677045 9.9973E-05 0.022876 9.9973E-05
9.9982E-05 0.217504 0.271451 0.154239 0.0185642 0.0492805 0.28589 9.9982E-05 0.0028712
0.0239819 0.333823 9.9982E-05 0.479601 9.9982E-05 0.0312956 0.0657699 0.0410387 0.0242896
0.080228 0.127028 0.438316 0.228384 9.9982E-05 0.0492878 9.9982E-05 0.0427985 0.0337576
0.104514 0.204135 0.174414 0.446679 0.0231393 9.9991E-05 0.0174209 0.0278301 0.00176854
0.0591871 0.0922734 0.480991 0.132971 9.9982E-05 0.0825542 0.133688 0.0181342 9.9982E-05
0.1079 0.188868 0.0999269 0.447308 9.9973E-05 9.9973E-05 0.0996476 0.0560486 9.9973E-05
0.0245819 0.12797 0.538058 0.199553 0.0475702 0.0116728 9.9991E-05 0.0350481 0.0154456
0.0669211 0.151535 0.0419018 0.575898 9.9991E-05 0.0561777 0.0614121 0.0126226 0.0334313
0.0229769 0.0389573 0.198878 0.315368 0.0991639 0.071667 0.251719 9.9991E-05 0.00117104
0.11191 9.9991E-05 0.485598 0.0975691 0.00639063 0.0355217 0.173955 0.0720088 0.0169466
0.074347 0.00988924 0.309548 0.101616 9.9964E-05 9.9964E-05 0.5042 9.9964E-05 9.9964E-05
0.0351925 9.9982E-05 0.538418 0.0450623 0.0119002 0.020245 0.301449 0.0475335 9.9982E-05
0.0765026 9.9973E-05 0.539931 0.110077 9.9973E-05 9.9973E-05 0.170706 0.0895859 0.0128964
0.0738004 9.9964E-05 0.263048 0.0890509 9.9964E-05 0.0159188 0.557782 9.9964E-05 9.9964E-05
0.0608775 0.0255204 0.567256 0.0519409 0.0563103 0.0381635 0.138209 0.0300043 0.0317184
0.0991962 0.0101109 0.533768 9.9982E-05 9.9982E-05 0.037699 0.278392 0.0390111 0.00162207
0.0885839 0.00034033 0.184761 9.9964E-05 9.9964E-05 0.0771005 0.648814 9.9964E-05 9.9964E-05
0.112964 9.9964E-05 0.219517 9.9964E-05 9.9964E-05 0.00654824 0.658937 9.9964E-05 0.0016338
0.041302 0.0247615 0.475489 0.0389664 9.9982E-05 9.9982E-05 0.387732 0.00298169 0.0285671
0.0822314 0.0164986 0.099512 9.9973E-05 9.9973E-05 0.149414 0.641086 9.9973E-05 0.010958
0.0733097 0.00329772 0.463832 0.0918339 9.9973E-05 0.0461331 0.321294 9.9973E-05 9.9973E-05
0.0430859 0.223875 0.0625176 0.616892 9.9982E-05 0.0442037 9.9982E-05 0.00153808 0.00768799
9.9973E-05 0.18183 0.181643 0.300818 0.0533494 0.015538 0.266521 9.9973E-05 9.9973E-05
0.0402226 0.137224 0.313641 0.325056 0.0748409 0.0594647 9.9991E-05 0.0191827 0.0302677
0.0296259 0.138784 0.559255 0.145955 0.0484713 0.0378392 0.0398698 9.9982E-05 9.9982E-05
0.00958025 0.213392 0.143723 0.494371 9.9964E-05 0.138534 9.9964E-05 9.9964E-05 9.9964E-05
9.9991E-05 0.0646334 0.47705 0.16157 0.0287277 0.0217063 0.152595 0.0847274 0.00888969
0.0243648 0.0848464 0.596665 0.172878 0.00472354 0.025923 9.9991E-05 0.0604368 0.030063
0.00657145 0.0800947 0.477924 0.20346 0.0208406 0.0253647 0.13295 9.9991E-05 0.0526943
0.0281165 0.108614 0.431764 0.255775 0.0782268 0.063547 0.0337569 9.9982E-05 9.9982E-05
0.0661675 0.163808 0.447557 0.293761 9.9982E-05 0.0144226 9.9982E-05 0.00132413 0.0127605
0.00653589 0.245399 0.189216 0.396942 0.00711291 0.114959 0.016498 9.9991E-05 0.0232375
0.0206063 0.216182 0.382641 0.302545 0.0152778 0.0555001 0.00704811 9.9982E-05 9.9982E-05
0.0112283 0.111211 0.558067 0.129955 0.0428264 0.0650397 0.0771971 9.9991E-05 0.00437516
0.0284562 0.0829715 0.561122 0.148908 0.071639 0.0244466 0.04759 0.0183373 0.01653
0.036057 0.104762 0.284415 0.231815 0.0840102 0.0838931 0.136481 0.0384673 9.9991E-05
9.9982E-05 0.136846 0.443334 0.144358 0.083599 0.0995804 0.0880197 9.9982E-05 0.00406229
0.0279295 0.217648 0.335876 0.321163 0.02797 0.0608307 0.00240074 9.9991E-05 0.00608239
0.0308845 0.0700844 0.530223 0.267285 0.0314945 0.0415242 9.9982E-05 0.028305 9.9982E-05
0.0794784 0.0359803 0.383649 0.383525 0.0978109 0.0192555 9.9973E-05 9.9973E-05 9.9973E-05
0.0499558 0.100437 0.520979 0.106147 0.0563548 0.0503019 0.0621214 0.0373865 0.0163168
9.9973E-05 9.9973E-05 0.445199 0.111455 0.101193 0.0101454 9.9973E-05 0.31221 0.019498
9.9973E-05 9.9973E-05 0.512745 0.107657 0.125036 0.000625017 0.0879082 0.165729 9.9973E-05
0.0040829 9.9991E-05 0.470604 0.0958096 0.113478 0.0495378 0.0900075 0.148057 0.028323
0.00754846 0.014519 0.545772 0.0457177 0.127625 0.00983809 0.133463 0.0983122 0.0172046
9.9973E-05 9.9973E-05 0.414183 0.0043316 0.222153 0.031978 0.131307 0.195747 9.9973E-05
0.0681317 0.0437606 0.484483 0.172913 9.9973E-05 0.0112529 0.21916 9.9973E-05 9.9973E-05
0.0107621 0.0493997 0.506791 0.0131276 0.145161 0.0785079 0.0389767 0.12973 0.0275442
9.9973E-05 0.036192 0.0170557 0.147088 0.181722 9.9973E-05 0.393127 0.224515 9.9973E-05
9.9982E-05 0.0147313 0.60047 0.0537027 0.0616518 9.9982E-05 0.144334 0.124051 0.00085905
0.0277788 0.0095992 0.505317 0.0480018 0.139506 0.0314411 0.0847289 0.121722 0.0319054
9.9982E-05 9.9982E-05 0.562689 0.0800559 0.126257 0.028379 0.0885358 0.0913588 0.0225245
9.9982E-05 9.9982E-05 0.304382 0.128983 0.103981 0.00745456 0.264916 0.157462 0.0326209
9.9991E-05 0.0216695 0.482314 0.062958 0.1262 0.0154185 0.0583083 0.228608 0.00442444
9.9973E-05 0.0667497 0.560948 9.9973E-05 0.135231 9.9973E-05 0.100142 0.0891806 0.047449
9.9946E-05 9.9946E-05 9.9946E-05 9.9946E-05 0.128242 9.9946E-05 0.369183 0.501976 9.9946E-05
9.9982E-05 0.0387314 0.520625 0.0496911 0.139373 9.9982E-05 0.0328729 0.173174 0.0453328
9.9973E-05 0.00737584 0.588985 9.9973E-05 0.153982 9.9973E-05 0.0632393 0.153438 0.0326803
9.9982E-05 0.0501636 0.612327 0.0682802 0.0677583 0.00466628 0.0851565 0.111448 9.9982E-05
9.9964E-05 9.9964E-05 0.542607 9.9964E-05 0.201328 9.9964E-05 0.0788992 0.161501 0.0152647
9.9982E-05 9.9982E-05 0.520538 0.0306492 0.0726374 0.0806663 0.0714864 0.18826 0.0355629
0.0235725 0.0202287 0.488781 9.9982E-05 0.00715381 0.109591 0.325413 9.9982E-05 0.0250604
0.0351871 0.012527 0.510037 0.0636655 0.0677849 0.0862686 0.19366 0.03077 9.9991E-05
9.9955E-05 0.111117 0.0197089 9.9955E-05 9.9955E-05 0.104693 0.763982 9.9955E-05 9.9955E-05
0.0284138 0.0396467 0.0798529 9.9964E-05 9.9964E-05 0.0616704 0.790016 9.9964E-05 9.9964E-05
0.0225517 9.9991E-05 0.530472 0.0376079 0.0362059 0.040952 0.270027 0.0393144 0.022769
0.0116662 9.9973E-05 0.384607 0.00662789 0.283772 9.9973E-05 0.167667 0.145361 9.9973E-05
9.9955E-05 9.9955E-05 0.390361 9.9955E-05 0.248718 9.9955E-05 0.187619 0.172802 9.9955E-05
9.9964E-05 0.000235541 0.217282 9.9964E-05 0.294673 9.9964E-05 0.319655 0.167755 9.9964E-05
9.9964E-05 9.9964E-05 0.395958 9.9964E-05 0.231419 9.9964E-05 0.232964 0.0981477 0.0411117
9.9973E-05 0.0194706 0.18785 9.9973E-05 0.0369868 9.9973E-05 0.689797 0.0298433 0.0357523
9.9982E-05 0.0570114 0.198053 9.9982E-05 0.0815315 0.0185721 0.578931 0.0293003 0.036401
9.9973E-05 0.00385001 0.598491 0.0118292 0.0570263 0.0321569 0.296347 9.9973E-05 9.9973E-05
0.00637868 0.028974 0.459189 9.9973E-05 0.102843 9.9973E-05 0.34709 0.0552248 9.9973E-05
9.9982E-05 0.0726727 0.299554 9.9982E-05 0.0624962 0.0413033 0.496851 0.0125114 0.0144114
0.0125938 0.0482471 0.593771 0.0413647 0.0413366 9.9982E-05 0.2023 0.0601874 9.9982E-05
0.0214984 0.0192533 0.60857 9.9982E-05 0.042578 9.9982E-05 0.254605 0.0193701 0.0339244
9.9982E-05 0.061524 0.565381 9.9982E-05 0.0516568 0.0495231 0.205357 0.0505379 0.0158193
9.9964E-05 0.0479816 0.401533 9.9964E-05 9.9964E-05 0.0630577 0.476306 9.9964E-05 0.0107221
9.9973E-05 0.0472852 0.467097 0.0126024 9.9973E-05 0.0336456 0.42499 9.9973E-05 0.0140805
0.0108787 0.0930585 0.572192 9.9982E-05 9.9982E-05 0.0503318 0.242263 0.0293486 0.00172666
0.0448046 0.0735114 0.521154 9.9982E-05 0.000503325 0.0467155 0.28948 9.9982E-05 0.0236315
0.018095 0.0384099 0.533896 0.0609997 0.0526071 0.0355748 0.209228 0.0510904 9.9991E-05
0.0114396 0.0364498 0.500577 0.0196144 9.9973E-05 0.0512989 0.38032 9.9973E-05 9.9973E-05
0.0194377 0.0483623 0.286482 9.9964E-05 9.9964E-05 0.0640349 0.581284 9.9964E-05 9.9964E-05
0.0213666 0.0312228 0.673594 9.9973E-05 9.9973E-05 0.0194205 0.234199 9.9973E-05 0.0198969
9.9955E-05 0.112933 0.245874 9.9955E-05 9.9955E-05 0.0925573 0.548136 9.9955E-05 9.9955E-05
0.0410363 9.9973E-05 0.521051 9.9973E-05 9.9973E-05 0.041038 0.384125 0.00572175 0.0067283
0.0459411 0.0425557 0.575111 0.0178955 0.00380053 0.0442249 0.232009 0.0119241 0.0265375
0.0215709 0.0877177 0.502766 9.9991E-05 0.029404 0.085247 0.218845 0.0426605 0.0116896
9.9991E-05 0.00885341 0.443475 0.0634254 0.143625 0.0133282 0.147446 0.142154 0.0375923
0.0488611 0.0184257 0.4358 0.0475436 0.114474 0.0221496 0.127807 0.141551 0.0433871
9.9973E-05 9.9973E-05 0.329238 0.0156279 0.258304 9.9973E-05 0.1797 0.191073 0.0257568
0.0193858 9.9991E-05 0.320914 0.0726946 0.239784 0.00196576 0.147041 0.167217 0.0308978
0.0136859 9.9982E-05 0.420747 0.117081 0.194385 9.9982E-05 0.0938133 0.147382 0.0127063
0.00199278 0.0192317 0.425681 9.9991E-05 0.152318 0.096089 0.127879 0.147123 0.029585
0.0244799 9.9973E-05 0.0260875 9.9973E-05 0.175556 9.9973E-05 0.63441 0.106734 0.0324323
0.00281242 9.9982E-05 0.561578 9.9982E-05 0.175521 0.00340472 0.140108 0.112827 0.00354867
9.9946E-05 9.9946E-05 9.9946E-05 9.9946E-05 0.129123 9.9946E-05 0.548648 0.32163 9.9946E-05
9.9982E-05 0.0186011 0.559977 0.00385237 0.112754 9.9982E-05 0.22275 0.0703236 0.0115414
9.9955E-05 0.0276979 0.213507 9.9955E-05 9.9955E-05 0.0952802 0.663015 9.9955E-05 9.9955E-05
0.0275764 0.00466408 0.0652741 9.9964E-05 9.9964E-05 0.185939 0.716146 9.9964E-05 9.9964E-05
9.9955E-05 0.0646456 0.537972 9.9955E-05 9.9955E-05 0.035373 0.36151 9.9955E-05 9.9955E-05
9.9964E-05 0.0357851 0.657487 9.9964E-05 0.0118834 0.0182769 0.276168 9.9964E-05 9.9964E-05
9.9955E-05 0.0596273 0.48206 9.9955E-05 9.9955E-05 0.0470678 0.410745 9.9955E-05 9.9955E-05
0.0070922 0.0257926 0.640316 0.00508179 9.9973E-05 0.0703196 0.251098 9.9973E-05 9.9973E-05
9.9955E-05 0.035274 0.613233 9.9955E-05 9.9955E-05 0.0349374 0.316056 9.9955E-05 9.9955E-05
0.0232675 0.0339596 0.00431685 0.0267341 0.0177224 0.0267964 0.00433577 0.826298 0.0365694
0.00558382 0.0688978 0.0537272 9.9991E-05 0.0554383 0.0156492 0.0388821 0.713979 0.0477423
0.0113687 0.0318328 0.0187317 9.9973E-05 0.00914081 9.9973E-05 9.9973E-05 0.900915 0.0277113
9.9955E-05 9.9955E-05 0.0473983 9.9955E-05 9.9955E-05 9.9955E-05 0.000818349 0.903347 0.0479371
9.9982E-05 9.9982E-05 0.450447 0.0751548 0.0375431 0.365067 0.0233288 0.0194819 0.0287775
0.0291456 0.0203142 0.535399 0.0679232 9.9982E-05 0.294165 9.9982E-05 0.0352417 0.0176119
0.00522413 9.9973E-05 0.479643 0.0891768 0.000614361 0.412819 9.9973E-05 9.9973E-05 0.0122228
0.0432432 0.0167381 0.588281 0.044433 0.00445369 0.224452 9.9991E-05 0.0342265 0.0440727
0.0475562 9.9991E-05 0.56014 0.147694 0.00748693 0.100298 0.0299687 0.0914055 0.0153507
0.0518627 9.9973E-05 0.246558 0.113477 9.9973E-05 0.554168 9.9973E-05 0.0295804 0.00405339
9.9946E-05 9.9946E-05 0.630643 9.9946E-05 9.9946E-05 0.367917 9.9946E-05 9.9946E-05 0.000840959
9.9955E-05 9.9955E-05 0.216556 9.9955E-05 9.9955E-05 0.573563 0.189862 9.9955E-05 0.0195183
0.0241486 0.0350925 0.382563 0.0679442 0.173164 0.00460766 9.9991E-05 0.296073 0.0163066
9.9973E-05 0.00856144 0.439227 9.9973E-05 0.00702124 0.374083 0.157886 9.9973E-05 0.0129215
0.0258011 0.0423286 0.336198 0.0678461 9.9982E-05 0.50795 9.9982E-05 0.00903168 0.0106447
0.0191121 0.0136614 0.529654 0.0120948 9.9982E-05 0.360506 0.0600627 0.00470917 9.9982E-05
0.0276752 0.0681064 0.382285 0.0381156 0.0148114 0.457539 9.9982E-05 9.9982E-05 0.0112671
0.00705623 9.9955E-05 0.558602 9.9955E-05 0.0218289 0.412013 9.9955E-05 9.9955E-05 9.9955E-05
0.0477384 0.0157859 0.523504 0.0229035 0.0199406 0.35044 9.9991E-05 0.00926237 0.0103246
9.9937E-05 9.9937E-05 9.9937E-05 9.9937E-05 9.9937E-05 0.81851 0.180791 9.9937E-05 9.9937E-05
9.9946E-05 9.9946E-05 0.290496 9.9946E-05 9.9946E-05 0.543371 0.165533 9.9946E-05 9.9946E-05
9.9955E-05 9.9955E-05 0.340478 9.9955E-05 0.0130734 0.555943 0.0900055 9.9955E-05 9.9955E-05
9.9937E-05 9.9937E-05 9.9937E-05 9.9937E-05 9.9937E-05 0.744524 0.254776 9.9937E-05 9.9937E-05
0.0100106 0.0394196 0.390997 0.082073 9.9982E-05 0.409784 9.9982E-05 0.0606543 0.00686219
9.9946E-05 9.9946E-05 0.0710381 9.9946E-05 9.9946E-05 0.572527 0.355835 9.9946E-05 9.9946E-05
9.9937E-05 9.9937E-05 9.9937E-05 9.9937E-05 9.9937E-05 0.7558 0.2435 9.9937E-05 9.9937E-05
0.0203977 0.00677013 0.551619 0.0162834 0.013624 0.335265 0.0443665 0.0115744 9.9991E-05
0.0463373 0.00808437 0.115342 0.178588 9.9982E-05 0.617566 9.9982E-05 0.0274906 0.0063912
0.0540674 9.9964E-05 0.444318 0.0995009 9.9964E-05 0.401395 9.9964E-05 0.000318839 9.9964E-05
9.9991E-05 0.0317446 0.521802 0.0905578 0.105493 0.149663 0.0377795 0.0570188 0.00584214
0.0299319 0.0127246 0.462593 0.0605265 0.027293 0.362615 9.9991E-05 0.028331 0.0158852
9.9982E-05 0.121813 0.347921 0.191653 0.00267091 0.0455885 0.279046 9.9982E-05 0.0111079
0.0284594 0.0086607 0.518423 0.0096952 0.0330627 0.339114 9.9991E-05 0.0382684 0.0242171
0.0322916 0.0209854 0.460863 0.141651 9.9982E-05 0.337264 9.9982E-05 0.00390769 0.00283761
9.9955E-05 9.9955E-05 0.300801 0.0269572 9.9955E-05 0.565141 0.106601 9.9955E-05 9.9955E-05
0.0499562 0.013573 0.490523 0.0645243 0.0250719 0.257651 0.00551334 0.074638 0.0185496
0.125528 0.148212 9.9973E-05 0.00285738 9.9973E-05 9.9973E-05 0.0706197 0.612281 0.0402017
0.0815027 0.0844032 9.9973E-05 9.9973E-05 9.9973E-05 0.02748 0.038233 0.692527 0.075554
0.067011 0.0529567 9.9964E-05 9.9964E-05 9.9964E-05 9.9964E-05 0.0182579 0.695518 0.165857
0.0634709 0.0555294 9.9964E-05 9.9964E-05 9.9964E-05 9.9964E-05 0.0318457 0.730293 0.118461
0.102681 0.0567181 0.0152963 0.0108483 9.9991E-05 0.0272377 0.0369232 0.717577 0.0326185
0.0283654 0.0468887 0.0590168 0.12784 0.0080866 0.678161 9.9982E-05 0.051441 9.9982E-05
0.0901833 9.9964E-05 0.0564592 0.122971 9.9964E-05 0.694773 9.9964E-05 0.0352145 9.9964E-05
9.9955E-05 9.9955E-05 0.161418 9.9955E-05 0.00820891 0.713712 0.116161 9.9955E-05 9.9955E-05
