0.000258784 0.0522888 0.0109392 9.9973E-05 9.9973E-05 9.9973E-05 0.0454041 0.00789941 0.88291
0.00920073 9.9973E-05 0.0315254 9.9973E-05 0.00248677 0.00667053 0.0377486 9.9973E-05 0.912068
0.0344485 0.0180091 0.086456 9.9973E-05 9.9973E-05 0.0287097 0.00159437 9.9973E-05 0.830482
0.135163 9.9964E-05 0.0434906 9.9964E-05 9.9964E-05 9.9964E-05 0.0343053 0.033382 0.75326
0.0738837 9.9946E-05 9.9946E-05 0.0220264 9.9946E-05 9.9946E-05 9.9946E-05 9.9946E-05 0.90349
9.9973E-05 0.0847606 9.9973E-05 0.252084 0.0133828 9.9973E-05 0.0180997 0.0254186 0.605955
9.9946E-05 9.9946E-05 9.9946E-05 0.237752 9.9946E-05 9.9946E-05 0.029606 9.9946E-05 0.732042
9.9964E-05 0.0299 9.9964E-05 0.275037 9.9964E-05 9.9964E-05 0.0212788 0.0183033 0.655081
9.99549E-05 9.99549E-05 0.0539416 9.99549E-05 9.99549E-05 9.99549E-05 0.0214923 0.132021 0.792045
0.000125362 0.0288214 9.9964E-05 0.220582 9.9964E-05 9.9964E-05 9.9964E-05 0.0128245 0.737247
0.0251727 0.0177393 9.9964E-05 0.231272 9.9964E-05 9.9964E-05 9.9964E-05 0.00396792 0.721448
0.276943 9.9973E-05 0.0590165 0.0230889 9.9973E-05 0.15364 9.9973E-05 0.455493 0.0315188
0.528908 0.0212393 0.0472598 0.00760888 9.9991E-05 0.0849254 0.0203618 0.265561 0.0240355
0.332039 0.0229809 0.0999066 9.9973E-05 0.0264864 0.0456166 9.9973E-05 0.472671 9.9973E-05
0.344459 0.0580273 0.130383 9.9973E-05 9.9973E-05 0.0199864 9.9973E-05 0.439618 0.00722562
0.489587 0.0732424 0.0851951 0.00018615 9.9991E-05 0.019918 0.00781211 0.273197 0.0507625
0.58382 0.0193897 0.0649767 0.0466752 0.0111202 0.0368589 0.0287696 0.201667 0.00672281
0.472865 0.0382716 0.0630489 9.9973E-05 9.9973E-05 0.12646 0.0243054 0.274749 9.9973E-05
0.349308 0.0141707 0.127933 0.0153129 9.9982E-05 9.9982E-05 0.0239646 0.417299 0.0518126
0.0386872 0.0163498 0.028037 0.136322 9.9973E-05 0.068575 9.9973E-05 0.711729 9.9973E-05
0.445365 9.9982E-05 0.0734352 0.0803413 9.9982E-05 0.0997391 0.0138855 0.275226 0.0118075
0.417807 0.0540913 0.0994441 0.115322 0.0703524 0.0984642 0.004161 0.140258 9.9991E-05
0.527748 0.0417195 9.9982E-05 0.0419697 9.9982E-05 0.11615 0.00747908 0.205548 0.0591856
0.280648 0.038698 0.0207042 0.0789898 9.9991E-05 0.0887575 0.0193667 0.418803 0.0539334
0.640494 0.0411722 0.0520193 0.0322605 0.0557893 0.0118328 0.0120843 0.0916493 0.0626988
0.548454 9.9982E-05 0.0440261 0.0317043 9.9982E-05 0.0719592 0.00287188 0.266029 0.0347557
0.266174 9.9982E-05 0.0488183 0.0495908 0.0184411 0.100063 9.9982E-05 0.47621 0.0405038
0.3215 0.030708 0.136598 0.0140691 9.9973E-05 0.065744 9.9973E-05 0.43108 9.9973E-05
0.221723 9.9964E-05 0.0525526 0.126199 9.9964E-05 0.125252 9.9964E-05 0.473874 9.9964E-05
9.993E-05 9.993E-05 9.993E-05 9.993E-05 9.993E-05 9.993E-05 0.999201 9.993E-05 9.993E-05
9.993E-05 9.993E-05 9.993E-05 9.993E-05 9.993E-05 9.993E-05 0.999201 9.993E-05 9.993E-05
0.0430585 0.0806412 0.0172052 9.9973E-05 9.9973E-05 9.9973E-05 0.367113 0.0129985 0.478683
0.111 0.0729088 0.0597971 9.9964E-05 9.9964E-05 9.9964E-05 0.266676 9.9964E-05 0.489219
0.487201 9.9973E-05 9.9973E-05 0.185072 9.9973E-05 0.168797 0.0287712 0.0624498 0.0674089
0.491583 0.0329718 9.9991E-05 0.0100464 0.0308111 0.270254 0.0190623 0.0580163 0.0871547
0.55376 9.9964E-05 9.9964E-05 0.0489958 9.9964E-05 0.383136 0.0015745 9.9964E-05 0.0121337
0.205399 9.9982E-05 0.0153547 9.9982E-05 0.0323509 0.0700249 0.00114427 0.615836 0.0596897
0.20285 0.00972006 0.0623905 0.0511687 0.0467088 0.618322 0.00863992 9.9982E-05 9.9982E-05
0.586515 9.9973E-05 0.0288902 9.9973E-05 9.9973E-05 0.202264 0.0129158 0.12219 0.0469254
0.699475 9.9964E-05 9.9964E-05 0.0579565 9.9964E-05 0.201403 0.0109669 9.9964E-05 0.0297985
0.478921 9.9964E-05 9.9964E-05 0.388247 9.9964E-05 9.9964E-05 0.033684 0.00549584 0.0932521
0.589424 9.9973E-05 9.9973E-05 0.192756 9.9973E-05 0.0876334 0.0104485 0.047886 0.071552
0.183707 9.9964E-05 9.9964E-05 9.9964E-05 9.9964E-05 0.607908 0.00176365 0.172303 0.0339184
0.597433 0.011045 0.00171469 0.34153 9.9973E-05 9.9973E-05 9.9973E-05 0.0143173 0.0336607
0.562663 0.0454294 9.9982E-05 0.0402311 0.00868379 0.219472 9.9982E-05 0.0541788 0.0691413
0.574393 0.0258502 9.9991E-05 0.0585569 0.0255413 0.164921 0.0432397 0.0293432 0.0780541
0.324171 9.9955E-05 0.0241387 9.9955E-05 0.0439315 0.607259 9.9955E-05 9.9955E-05 9.9955E-05
0.602124 0.00474944 0.00534293 0.0243646 9.9982E-05 0.249648 0.0136936 9.9982E-05 0.0998769
0.600266 0.0152339 0.0130113 0.0412912 0.0126039 0.11337 0.0405721 0.0319416 0.13171
9.9955E-05 9.9955E-05 0.113406 0.16504 0.0585323 0.662522 9.9955E-05 9.9955E-05 9.9955E-05
0.175526 9.9973E-05 0.0306515 0.115645 0.0187967 0.0896684 9.9973E-05 0.569412 9.9973E-05
0.147441 0.00854647 0.135044 0.147027 0.145036 0.158236 9.9982E-05 0.25847 9.9982E-05
0.578901 0.0394042 0.0833273 0.0867261 0.0255184 0.0447608 9.9991E-05 0.115278 0.0259838
0.555153 0.0577502 0.050311 0.0873621 0.0840273 9.9991E-05 0.0218757 0.0941031 0.0493175
0.650007 0.0149307 0.0987023 0.0814391 0.0481705 0.020137 9.9991E-05 0.0494808 0.0370328
0.194256 9.9973E-05 0.0336727 0.0567029 9.9973E-05 0.102094 9.9973E-05 0.515674 0.0972999
0.59141 9.9973E-05 0.0275503 0.00776116 9.9973E-05 0.0697309 0.0382684 0.264979 9.9973E-05
0.491328 0.0834429 0.0537344 0.00490995 0.0229752 0.120353 0.0243124 0.180777 0.0181675
0.417696 0.0107182 0.0401292 0.0639855 0.0755721 0.0487343 0.00421894 0.248934 0.0900115
0.134707 9.9982E-05 0.0322819 0.106116 9.9982E-05 0.123732 0.00281264 0.453355 0.146796
0.568297 0.0079631 0.103291 0.0110084 0.0548491 0.0786627 0.012127 0.144609 0.0191928
0.521968 9.9991E-05 0.0468032 0.0243321 0.0528661 0.0528632 0.0228678 0.223807 0.0543925
0.0810352 9.9982E-05 0.0448879 0.120015 9.9982E-05 0.138068 0.0403578 0.565467 0.00996978
0.465196 9.9966E-05 9.9966E-05 9.9966E-05 0.0627197 0.0723325 0.0177985 0.381553 9.9966E-05
0.556697 0.0330776 0.0142628 0.0812499 0.0519726 0.105289 0.0182772 0.138319 0.000855493
0.619301 9.9991E-05 0.101869 0.00800453 0.0271748 0.0525656 0.00574206 0.124736 0.0605071
0.272531 0.038451 0.0312118 0.112021 9.9991E-05 0.100423 0.0607251 0.377968 0.00656816
0.488359 0.04553 0.0316117 0.0017934 0.0636017 0.102824 0.0568126 0.209368 9.9991E-05
0.574445 0.0119066 0.0503602 0.00171131 0.0345628 0.0868417 0.0286645 0.19804 0.0134684
0.261218 9.9991E-05 0.0579028 0.0395114 0.00567768 0.108851 0.0370641 0.488671 0.00100368
0.489423 9.9946E-05 9.9946E-05 9.9946E-05 9.9946E-05 0.48039 9.9946E-05 9.9946E-05 0.0295876
0.199519 9.9955E-05 9.9955E-05 9.9955E-05 9.9955E-05 0.694207 0.0223829 0.0833911 9.9955E-05
0.526714 0.035497 0.0459732 9.9973E-05 9.9973E-05 0.223093 9.9973E-05 0.0708885 0.097534
0.000963675 0.00290961 0.0391769 0.000429306 0.0772604 0.876674 0.00238588 9.9982E-05 9.9982E-05
9.9955E-05 9.9955E-05 0.0477296 0.00663731 0.0457935 0.89934 9.9955E-05 9.9955E-05 9.9955E-05
0.252427 9.9946E-05 9.9946E-05 9.9946E-05 0.0551987 0.691774 9.9946E-05 9.9946E-05 9.9946E-05
0.477507 9.9964E-05 9.9964E-05 9.9964E-05 9.9964E-05 0.409305 0.012941 0.0788311 0.0210154
0.596959 0.0114155 0.026026 0.0256268 0.0150341 0.132625 0.0155146 0.0630523 0.113747
0.466273 9.9964E-05 9.9964E-05 0.0190505 0.00827958 0.493775 0.0122224 9.9964E-05 9.9964E-05
0.157978 9.9955E-05 9.9955E-05 9.9955E-05 9.9955E-05 0.642986 9.9955E-05 0.156828 0.0417085
0.268583 9.9964E-05 9.9964E-05 0.00994044 9.9964E-05 0.570277 0.00804351 0.142757 9.9964E-05
0.50356 0.0367189 9.9982E-05 0.0239941 0.0167207 0.257719 9.9982E-05 0.0887082 0.0723795
0.359093 9.9955E-05 9.9955E-05 9.9955E-05 9.9955E-05 0.546113 9.9955E-05 0.0616603 0.0326343
0.44945 9.9964E-05 9.9964E-05 9.9964E-05 9.9964E-05 0.441975 0.0238274 0.0788076 0.00554047
0.442184 9.9955E-05 9.9955E-05 0.0234075 0.0706564 0.463252 9.9955E-05 9.9955E-05 9.9955E-05
9.9946E-05 9.9946E-05 0.15556 9.9946E-05 0.11717 0.72667 9.9946E-05 9.9946E-05 9.9946E-05
0.657153 0.00524234 0.0258996 0.00308252 0.0477544 0.214699 0.0126522 9.9991E-05 0.0334173
0.0744775 9.9964E-05 0.017676 9.9964E-05 9.9964E-05 9.9964E-05 0.0596241 0.0669687 0.780854
0.0679286 9.9946E-05 9.9946E-05 9.9946E-05 9.9946E-05 9.9946E-05 0.0552644 9.9946E-05 0.876207
0.117429 0.0254874 0.0122956 9.9964E-05 9.9964E-05 9.9964E-05 0.0384924 9.9964E-05 0.805896
0.0206418 0.0416831 0.0218024 9.9964E-05 9.9964E-05 9.9964E-05 0.0283907 9.9964E-05 0.887082
9.9964E-05 0.0381326 0.00591398 9.9964E-05 0.00903134 9.9964E-05 0.0301495 9.9964E-05 0.916373
0.0935238 0.0335753 9.9964E-05 9.9964E-05 0.00560638 9.9964E-05 0.0134193 9.9964E-05 0.853475
0.0734588 9.9946E-05 9.9946E-05 9.9946E-05 9.9946E-05 9.9946E-05 0.017341 9.9946E-05 0.908601
0.537385 0.017127 0.0360345 0.0319261 0.0318507 0.176444 0.0176516 0.0991651 0.0524164
0.533646 0.0419045 0.0571777 0.0596674 0.0289387 0.134255 0.00669035 0.0563817 0.081338
0.0555704 9.9955E-05 9.9955E-05 9.9955E-05 9.9955E-05 0.70776 9.9955E-05 0.181322 0.0548474
0.58258 0.0150406 9.9991E-05 0.0179715 0.051255 0.150937 0.00901269 0.0882971 0.0848061
0.382604 9.9964E-05 9.9964E-05 9.9964E-05 9.9964E-05 0.464257 0.0250006 0.104318 0.0234198
0.50044 9.9964E-05 9.9964E-05 9.9964E-05 9.9964E-05 0.387715 0.0318094 0.0394595 0.0401761
0.568382 0.0052527 9.9973E-05 0.0264553 0.0423477 0.316672 9.9973E-05 9.9973E-05 0.0405898
0.519753 0.0190669 9.9982E-05 9.9982E-05 0.0105998 0.38517 0.0173559 0.0239318 0.0239227
0.00803543 9.9964E-05 9.9964E-05 9.9964E-05 9.9964E-05 0.701931 0.000107306 0.245439 0.0440873
0.461313 9.9991E-05 0.0366303 0.0390085 0.0728051 0.179217 0.0190496 0.0737244 0.118152
0.619869 9.9982E-05 0.00958446 0.0657066 9.9982E-05 0.171838 0.0139831 0.0311181 0.0877004
0.582017 0.0402495 9.9991E-05 0.0120077 0.0816053 0.158947 0.00713078 0.00592099 0.112022
0.234387 0.00735674 0.0445679 0.122105 0.0503609 0.538024 0.00299867 9.9982E-05 9.9982E-05
0.509055 0.00154616 9.9973E-05 9.9973E-05 0.058222 0.41045 0.00874259 9.9973E-05 0.0116836
0.47214 9.9964E-05 9.9964E-05 9.9964E-05 9.9964E-05 0.368187 0.00400379 0.116042 0.0392278
0.376538 0.0104576 9.9964E-05 0.0216082 0.025256 0.565741 9.9964E-05 9.9964E-05 9.9964E-05
0.454423 9.9955E-05 9.9955E-05 9.9955E-05 9.9955E-05 0.34427 9.9955E-05 0.153078 0.0477294
0.554926 0.0305224 0.0342331 0.0419278 0.0268701 0.169609 9.9991E-05 0.0519772 0.0898345
0.309059 9.9964E-05 0.14416 9.9964E-05 0.174517 9.9964E-05 0.016229 0.355635 9.9964E-05
0.404753 9.9973E-05 0.0371411 0.115937 9.9973E-05 0.0699768 9.9973E-05 0.317787 0.0541066
0.484409 0.0960808 0.0322941 0.04913 0.0367871 0.0753438 0.00580963 0.139712 0.0804332
0.582005 0.00810158 0.0705527 0.0147013 0.0463306 0.0900268 0.0141475 0.109623 0.0645112
0.478112 0.00922127 0.0296592 0.0411618 9.9991E-05 0.0302548 0.0269728 0.378468 0.00605004
0.624187 0.00219861 0.00967808 0.0604343 0.031515 9.9982E-05 9.9982E-05 0.234007 0.0377806
0.471374 9.9982E-05 9.9982E-05 0.00611689 0.0369237 0.0335141 0.0171627 0.407733 0.0269761
0.514124 9.9982E-05 0.0497169 9.9982E-05 0.118021 0.102695 0.023316 0.143344 0.0485829
0.63772 0.0121261 0.0518458 9.9973E-05 0.0667506 9.9973E-05 9.9973E-05 0.161286 0.0699712
0.594295 9.9991E-05 0.0454811 0.0641702 0.022466 0.00989233 0.0018237 0.239074 0.0226974
0.562415 9.9982E-05 9.9982E-05 0.0497188 0.0563947 0.0303344 0.0156578 0.250306 0.0349739
0.615936 0.0236349 0.0517001 0.0448385 0.0868425 9.9982E-05 9.9982E-05 0.124919 0.0519295
0.59585 0.0202853 0.0719587 0.0166539 0.0241159 0.0667288 0.00175198 0.128137 0.0745191
0.574665 0.0301167 0.0651711 9.9973E-05 0.0662834 0.0648546 9.9973E-05 0.19861 9.9973E-05
0.557938 0.0362425 0.062204 0.01326 0.0694387 0.0298366 0.00266984 0.164646 0.0637646
0.561885 0.055309 9.9982E-05 0.0166264 0.117313 0.0557424 9.9982E-05 0.184985 0.00793973
0.322643 0.0349835 0.175851 0.0726673 0.0697963 0.0352578 0.019237 0.269464 9.9991E-05
0.641028 0.0071634 0.0281168 9.9991E-05 0.0691609 0.0145237 0.0266491 0.182004 0.0312542
0.661545 9.9991E-05 0.0570132 0.0441935 0.0764698 0.0180549 0.00369683 0.111237 0.0276896
0.204895 0.024766 0.0198163 0.0522551 0.0395756 0.0838911 9.9991E-05 0.558084 0.0166168
0.124865 0.0188174 0.173951 0.0327433 0.240507 0.0913272 9.9982E-05 0.317589 9.9982E-05
0.533342 9.9991E-05 0.0381468 0.0730255 0.0333466 0.0739391 0.0104263 0.220502 0.017171
0.0730419 9.9973E-05 0.0830314 0.122453 0.282396 0.126122 9.9973E-05 0.312656 9.9973E-05
0.347903 9.9973E-05 9.9973E-05 0.058423 0.0187557 0.0594186 0.0140166 0.501183 9.9973E-05
0.466531 9.9964E-05 9.9964E-05 0.0141465 0.0728863 0.040562 9.9964E-05 0.405474 9.9964E-05
0.409658 9.9964E-05 0.0127041 9.9964E-05 9.9964E-05 0.0928198 0.023567 0.460851 9.9964E-05
0.350499 9.9964E-05 9.9964E-05 0.0265332 0.0370783 0.0683219 9.9964E-05 0.517168 9.9964E-05
0.578179 0.0145326 9.9991E-05 0.0335835 0.0496591 0.0506691 0.00998303 0.190207 0.0730869
0.563816 0.0299704 0.0514152 0.0462239 0.0733789 0.00799968 0.00953824 0.138493 0.0791645
0.596914 9.9982E-05 0.0272148 0.0129815 9.9982E-05 0.0735044 0.00932394 0.236685 0.0431763
0.167381 9.9973E-05 0.0886232 0.0709548 0.186166 0.0929651 9.9973E-05 0.393611 9.9973E-05
0.531925 0.0393863 0.0326347 0.0752509 0.0833282 0.00917934 0.016496 0.125895 0.0859048
0.479457 9.9991E-05 0.118914 0.192991 0.0811134 0.0206481 0.0195904 0.0672453 0.0199405
9.9964E-05 9.9964E-05 0.305424 0.372723 0.138141 0.113405 9.9964E-05 0.0699064 9.9964E-05
0.670929 0.0163344 0.0671902 0.106715 0.0916488 9.9982E-05 0.00240372 9.9982E-05 0.044579
0.284849 9.9982E-05 0.127781 0.253113 0.115258 0.103308 9.9982E-05 0.076626 0.038865
0.491923 0.0390467 0.0685916 0.175455 0.0672164 0.0147227 0.0456869 0.0442941 0.0530641
0.181107 9.9991E-05 0.147688 0.396104 0.0465617 0.0899681 0.0307765 0.106295 0.0013997
0.0126197 9.9973E-05 0.164441 0.418697 0.138187 0.12862 9.9973E-05 0.137135 9.9973E-05
0.363511 0.0287287 0.0505884 0.329961 0.0651065 0.0800229 9.9982E-05 0.0818813 9.9982E-05
0.487706 0.0399474 0.0554625 0.120961 0.0303478 0.0688559 0.0286635 0.103236 0.0648194
0.446495 0.012178 0.100786 0.0858665 0.1054 0.0590707 9.9991E-05 0.0848631 0.10524
0.0871855 0.0487892 0.235419 0.170819 0.156372 0.202996 9.9982E-05 0.0982192 9.9982E-05
0.501206 0.0711433 9.9982E-05 0.0900031 0.0656511 0.0973525 9.9982E-05 0.07583 0.0986136
0.251606 9.9973E-05 0.0631635 0.401636 0.0954985 0.121071 9.9973E-05 0.0667259 9.9973E-05
0.439201 9.9973E-05 0.0861496 0.216095 0.0811316 0.0893832 9.9973E-05 0.0877395 9.9973E-05
0.548931 0.0377536 0.0734867 0.143125 0.0517857 0.060262 9.9991E-05 0.0205252 0.064031
0.162402 0.173321 0.211971 0.107877 9.9982E-05 0.00559911 0.0377284 9.9982E-05 0.300901
9.9955E-05 0.0753701 0.513919 0.10152 9.9955E-05 9.9955E-05 9.9955E-05 9.9955E-05 0.308692
9.9964E-05 0.0717878 0.482287 0.127387 9.9964E-05 9.9964E-05 0.0143591 9.9964E-05 0.303779
0.125006 0.180992 0.307165 0.10437 9.9982E-05 9.9982E-05 0.0063458 0.0231721 0.25275
0.547265 9.9973E-05 9.9973E-05 0.264634 0.0673055 0.0793485 0.024294 0.0168527 9.9973E-05
0.590954 0.00199885 9.9991E-05 0.151369 0.0795515 0.0314447 0.00699012 0.0444445 0.0931475
0.312002 0.671955 9.9964E-05 9.9964E-05 9.9964E-05 0.00109312 0.000105655 0.0144452 9.9964E-05
0.399423 0.422715 0.015109 9.9982E-05 0.00905475 0.0447812 0.0127772 0.0959404 9.9982E-05
0.325728 0.417975 9.9982E-05 0.0453036 0.0449534 0.0530549 9.9982E-05 0.0683093 0.0444759
0.178977 0.0210588 0.0482318 0.494797 0.186908 0.0279583 0.000880258 0.0410894 9.9991E-05
0.446656 0.0528337 9.9991E-05 0.108865 0.120191 0.0745317 0.0250067 0.0933114 0.0785053
0.169236 9.9973E-05 0.0282965 0.557051 0.165362 0.0145973 9.9973E-05 0.0651581 9.9973E-05
0.559728 9.9991E-05 0.0443706 0.275861 0.0397161 0.0217375 0.00659707 0.0197452 0.0321439
0.412776 0.0154141 0.0587909 0.262907 0.120025 0.00523822 9.9982E-05 0.124649 9.9982E-05
0.520653 9.9964E-05 0.0155237 0.34257 0.106236 9.9964E-05 0.0146174 9.9964E-05 9.9964E-05
0.101939 9.9964E-05 0.0907058 0.577762 0.12572 0.103474 9.9964E-05 9.9964E-05 9.9964E-05
0.614165 0.049217 9.9982E-05 0.219427 0.00743797 0.0582585 0.0158135 9.9982E-05 0.0354807
0.59424 9.9991E-05 0.05435 0.14745 0.0380336 0.0542828 0.00765842 0.0386354 0.0652491
0.0171432 0.968384 9.9946E-05 0.0138729 9.9946E-05 9.9946E-05 9.9946E-05 9.9946E-05 9.9946E-05
0.0444578 0.920659 9.9955E-05 9.9955E-05 0.0256992 9.9955E-05 9.9955E-05 0.00868406 9.9955E-05
0.280797 0.539394 9.9982E-05 9.9982E-05 0.0073143 0.0426009 0.0103044 0.0595229 0.0598661
0.331187 0.637631 9.9955E-05 9.9955E-05 0.00453284 9.9955E-05 9.9955E-05 0.0261498 9.9955E-05
0.128137 0.820835 9.9955E-05 9.9955E-05 9.9955E-05 9.9955E-05 0.0114648 0.0390642 9.9955E-05
9.993E-05 0.999201 9.993E-05 9.993E-05 9.993E-05 9.993E-05 9.993E-05 9.993E-05 9.993E-05
0.00583272 0.964977 9.9955E-05 9.9955E-05 0.00454505 9.9955E-05 9.9955E-05 0.0241459 9.9955E-05
0.146903 0.852398 9.9937E-05 9.9937E-05 9.9937E-05 9.9937E-05 9.9937E-05 9.9937E-05 9.9937E-05
9.9955E-05 0.939931 9.9955E-05 9.9955E-05 9.9955E-05 9.9955E-05 0.00235383 0.0548921 0.00232325
9.993E-05 0.999201 9.993E-05 9.993E-05 9.993E-05 9.993E-05 9.993E-05 9.993E-05 9.993E-05
9.993E-05 0.999201 9.993E-05 9.993E-05 9.993E-05 9.993E-05 9.993E-05 9.993E-05 9.993E-05
0.20564 0.751238 9.9964E-05 9.9964E-05 9.9964E-05 9.9964E-05 0.00955525 0.0167285 0.0164386
0.117078 0.791139 9.9973E-05 0.00621254 9.9973E-05 0.0136192 9.9973E-05 0.0376707 0.0339805
9.993E-05 0.999201 9.993E-05 9.993E-05 9.993E-05 9.993E-05 9.993E-05 9.993E-05 9.993E-05
0.329491 0.425588 9.9982E-05 0.027565 9.9982E-05 0.0574742 0.0343803 0.0799331 0.0453688
0.270195 0.64951 9.9982E-05 0.00221183 9.9982E-05 0.0322738 0.0164635 0.0071604 0.0219856
0.154774 0.780152 0.011081 9.9973E-05 9.9973E-05 0.0054079 0.00271945 9.9973E-05 0.0455656
0.0880576 0.900174 9.9946E-05 0.011169 9.9946E-05 9.9946E-05 9.9946E-05 9.9946E-05 9.9946E-05
9.993E-05 0.999201 9.993E-05 9.993E-05 9.993E-05 9.993E-05 9.993E-05 9.993E-05 9.993E-05
0.0419619 0.952202 9.99486E-05 9.99486E-05 9.99486E-05 9.99486E-05 0.00523604 9.99486E-05 9.99486E-05
9.9937E-05 0.985332 9.9937E-05 9.9937E-05 9.9937E-05 9.9937E-05 0.0139686 9.9937E-05 9.9937E-05
0.211135 0.639758 9.9991E-05 0.0189607 0.00322219 0.0749732 0.0180266 0.00731408 0.0265103
0.000602984 0.960172 0.000246368 9.9982E-05 0.0171804 0.00740722 0.0124097 9.9982E-05 0.00178151
9.9955E-05 9.9955E-05 0.28272 0.513003 0.0271437 9.9955E-05 9.9955E-05 9.9955E-05 0.176634
0.333696 0.0853491 0.0367118 0.321232 0.0130537 9.9991E-05 0.00499709 0.0354144 0.169446
0.412322 0.0457701 0.0531824 0.332308 0.0192286 9.9982E-05 0.0121082 9.9982E-05 0.12488
0.138768 0.102384 0.147707 0.485646 9.9964E-05 9.9964E-05 9.9964E-05 9.9964E-05 0.125095
0.419166 0.136503 0.00692238 0.193071 9.9991E-05 0.0895478 0.0326309 0.0203208 0.101739
0.0136271 0.134536 0.150684 0.503533 0.0308102 9.9982E-05 0.0307705 9.9982E-05 0.135839
0.503407 0.0290634 0.109606 0.107202 0.0115569 0.0051242 0.00647704 0.0940847 0.13348
0.280504 0.0961283 0.0965654 0.366638 9.9973E-05 9.9973E-05 0.0131807 9.9973E-05 0.146683
0.456266 0.0775003 0.102716 0.241936 9.9982E-05 9.9982E-05 0.023948 0.0130642 0.0843695
0.294509 0.118801 0.0978605 0.322007 0.0230174 0.00728403 0.0120212 9.9991E-05 0.1244
0.429587 0.0956019 0.106729 0.190246 0.0284489 0.0123824 0.0327462 9.9991E-05 0.104158
0.0475646 9.9964E-05 0.0190813 0.0441491 9.9964E-05 9.9964E-05 0.00100892 9.9964E-05 0.887796
9.9973E-05 0.0791455 0.0241283 9.9973E-05 0.0207491 0.00549746 0.0167497 9.9973E-05 0.85343
0.0207949 9.9964E-05 0.0400743 9.9964E-05 0.0122939 9.9964E-05 0.0316872 9.9964E-05 0.89475
9.9937E-05 9.9937E-05 0.0825958 9.9937E-05 9.9937E-05 9.9937E-05 9.9937E-05 9.9937E-05 0.916705
0.0665258 9.9973E-05 0.0207342 9.9973E-05 0.000924563 9.9973E-05 0.0429728 0.00202187 0.866521
0.00966324 0.0149725 0.00951935 9.9964E-05 9.9964E-05 9.9964E-05 0.0315547 9.9964E-05 0.93389
0.0492078 0.00372744 9.9964E-05 9.9964E-05 9.9964E-05 9.9964E-05 0.0536903 0.00922319 0.883751
9.9964E-05 9.9964E-05 0.00631635 9.9964E-05 0.0249824 9.9964E-05 0.0365404 0.0304662 0.901295
0.0461138 0.00261595 0.0580455 9.9973E-05 9.9973E-05 0.0318436 0.0115088 9.9973E-05 0.849572
0.00790344 0.00076666 0.120753 9.9973E-05 9.9973E-05 9.9973E-05 0.0172463 0.0179334 0.835097
9.9973E-05 9.9973E-05 0.0362946 0.0519279 0.000700733 0.0556766 9.9973E-05 0.271557 0.583544
9.9973E-05 9.9973E-05 0.0340036 0.0307504 9.9973E-05 0.00669387 0.0484611 0.31929 0.560501
9.9973E-05 9.9973E-05 0.0538025 0.0706582 9.9973E-05 0.0450755 0.00770413 0.313814 0.508646
9.9964E-05 9.9964E-05 9.9964E-05 0.12803 0.00369163 0.0106547 9.9964E-05 0.395763 0.461461
0.45823 0.00209775 9.9982E-05 0.0434277 9.9982E-05 0.270251 0.0244261 0.14345 0.0579174
0.515452 0.00956762 9.9982E-05 9.9982E-05 0.02031 0.317605 0.00357581 0.0962342 0.0370559
0.51812 0.0284184 9.9982E-05 9.9982E-05 0.041404 0.17704 0.00392384 0.216061 0.0148333
0.359222 9.9973E-05 0.016213 9.9973E-05 9.9973E-05 0.29995 0.0258557 0.290242 0.00821676
0.226037 9.9973E-05 0.00166792 0.0532783 0.0649239 0.0606731 9.9973E-05 0.59312 9.9973E-05
0.640137 9.9964E-05 9.9964E-05 9.9964E-05 0.0635948 0.186298 9.9964E-05 0.0270179 0.082553
0.595546 9.9964E-05 9.9964E-05 0.00513448 0.0195738 0.266097 9.9964E-05 0.113248 9.9964E-05
0.526267 9.9973E-05 0.0483168 0.0222037 0.0758344 0.285478 9.9973E-05 0.0416007 9.9973E-05
0.380655 0.000407531 0.0377333 9.9964E-05 0.0567619 0.524043 9.9964E-05 9.9964E-05 9.9964E-05
0.643963 9.9991E-05 0.0334845 0.0354152 0.0388735 0.124894 0.0121044 0.0721884 0.0389772
0.446969 9.9964E-05 9.9964E-05 9.9964E-05 9.9964E-05 0.4355 0.0129076 0.0990946 0.00512915
9.9946E-05 9.9946E-05 9.9946E-05 0.0326882 0.157098 0.809614 9.9946E-05 9.9946E-05 9.9946E-05
0.591912 0.000872645 0.0369804 9.9991E-05 0.0524886 0.105499 0.0188463 0.142981 0.0503202
0.15264 9.9964E-05 0.0647797 0.0398372 0.0976279 0.644715 9.9964E-05 9.9964E-05 9.9964E-05
0.501555 0.00345005 9.9991E-05 0.00835989 0.0616542 0.347502 0.0421224 0.0348162 0.000440421
0.144013 9.9955E-05 9.9955E-05 9.9955E-05 9.9955E-05 0.647212 9.9955E-05 0.201524 0.00675113
9.9946E-05 9.9946E-05 9.9946E-05 0.157751 9.9946E-05 9.9946E-05 9.9946E-05 0.686262 0.155388
0.049569 9.9955E-05 9.9955E-05 0.175306 9.9955E-05 9.9955E-05 9.9955E-05 0.65614 0.118485
0.0178484 9.9955E-05 9.9955E-05 0.168793 9.9955E-05 9.9955E-05 9.9955E-05 0.708285 0.104574
9.9946E-05 9.9946E-05 9.9946E-05 0.15419 9.9946E-05 9.9946E-05 9.9946E-05 0.72102 0.12419
0.0939287 9.9955E-05 9.9955E-05 0.156832 9.9955E-05 9.9955E-05 9.9955E-05 0.698118 0.0506207
0.0562219 0.0172884 9.9973E-05 0.191701 9.9973E-05 9.9973E-05 0.00528267 0.665888 0.0633185
0.0269451 0.0755047 9.9973E-05 9.9973E-05 0.00882822 0.0295612 0.0061647 9.9973E-05 0.852696
0.126863 9.9964E-05 0.0543498 9.9964E-05 9.9964E-05 0.00142781 9.9964E-05 0.00773325 0.809226
0.15481 0.0351534 0.0269996 9.9973E-05 0.0202448 9.9973E-05 0.0157226 9.9973E-05 0.746769
0.0428322 0.0745356 0.00730209 9.9973E-05 9.9973E-05 0.0206561 9.9973E-05 0.0143509 0.840023
0.116856 0.0696257 9.9973E-05 0.0538773 9.9973E-05 9.9973E-05 0.023876 0.000872763 0.734592
9.9955E-05 9.9955E-05 9.9955E-05 0.0934469 9.9955E-05 9.9955E-05 0.00246454 0.523306 0.380283
9.9973E-05 0.00254111 9.9973E-05 0.0441744 0.0320058 9.9973E-05 0.0240988 0.466896 0.429984
0.0131626 9.9973E-05 9.9973E-05 0.024648 0.052249 9.9973E-05 0.0219373 0.464543 0.423161
9.9946E-05 9.9946E-05 9.9946E-05 0.000769588 9.9946E-05 9.9946E-05 0.996514 0.00211653 9.9946E-05
9.9973E-05 9.9973E-05 9.9973E-05 0.048608 0.0288398 0.0259886 0.0376947 0.492522 0.366047
0.330049 0.221727 0.253368 9.9964E-05 9.9964E-05 9.9964E-05 0.0258993 9.9964E-05 0.168557
0.566736 0.155478 0.0847815 9.9982E-05 9.9982E-05 0.00428301 0.0161492 0.0505262 0.121846
0.560711 0.213947 9.9946E-05 9.9946E-05 9.9946E-05 9.9946E-05 9.9946E-05 9.9946E-05 0.224742
0.337484 0.204768 0.110687 0.102954 0.00705515 9.9973E-05 9.9973E-05 9.9973E-05 0.236753
0.570905 0.0602646 0.0863947 0.0526741 0.00768909 0.00671558 0.0508504 0.0528519 0.111654
9.9973E-05 0.261961 0.367407 0.01512 0.0199018 9.9973E-05 0.0315912 9.9973E-05 0.303719
0.464296 9.9973E-05 9.9973E-05 0.103909 0.00715176 0.0407487 0.00494403 0.37865 9.9973E-05
0.437584 0.00279991 0.0500094 0.0810043 0.162495 0.0808823 0.00781525 0.177309 9.9991E-05
0.303686 9.9964E-05 9.9964E-05 0.0965537 9.9964E-05 0.0636764 0.0183034 0.51738 9.9964E-05
0.525735 9.9973E-05 0.0469034 0.0346954 0.137532 0.0784625 9.9973E-05 0.176372 9.9973E-05
9.9964E-05 9.9964E-05 0.0691691 0.129554 0.376462 0.0823521 9.9964E-05 0.342063 9.9964E-05
0.558726 0.016769 0.0846509 0.0137904 0.0168091 0.127471 9.9991E-05 0.0938584 0.0878247
0.543858 0.0152989 0.0354267 0.099561 0.112974 0.0399973 0.0116781 0.12974 0.0114658
0.352994 9.9991E-05 0.0228764 0.0916712 0.0110183 0.0651099 0.0193622 0.434185 0.00268264
0.503195 0.0452705 0.016297 0.0698381 0.00799217 0.109052 0.000214263 0.162948 0.0851938
0.102398 9.9973E-05 0.0956634 0.105134 0.200252 0.192137 9.9973E-05 0.304116 9.9973E-05
0.56369 9.9973E-05 9.9973E-05 0.0270265 0.119383 0.0498451 9.9973E-05 0.208109 0.0316463
0.503614 9.9973E-05 0.0371754 0.00572185 0.0358395 0.0583548 9.9973E-05 0.358994 9.9973E-05
0.439623 0.0855958 0.120138 0.0160916 0.0684939 0.0788921 0.00639451 0.0967498 0.088021
0.329531 9.9973E-05 0.104223 0.0396263 0.136256 0.15238 9.9973E-05 0.237684 9.9973E-05
0.429779 9.9973E-05 0.0921362 0.0391578 0.109566 0.112381 9.9973E-05 0.21668 9.9973E-05
0.594427 9.9991E-05 0.0225917 0.0743987 0.0733127 0.0401587 0.00864859 0.183347 0.00301576
0.556381 9.9973E-05 0.0638655 0.0369883 0.120814 0.0814249 9.9973E-05 0.140226 9.9973E-05
0.611358 0.0456689 0.0374704 0.0635195 0.0749834 0.0153542 0.00342684 0.127492 0.0207268
0.527518 0.042597 0.0248783 0.0695567 0.0393089 0.0768465 0.000126911 0.132885 0.0862828
0.580858 9.9991E-05 0.0551328 0.0110471 0.00980624 0.0785019 0.0182462 0.194555 0.051753
0.118043 0.0396483 9.9955E-05 9.9955E-05 9.9955E-05 9.9955E-05 0.0243538 9.9955E-05 0.817455
0.128741 9.9946E-05 9.9946E-05 9.9946E-05 9.9946E-05 9.9946E-05 0.00687898 9.9946E-05 0.86378
0.0359144 9.9973E-05 0.0322395 0.0359823 9.9973E-05 0.001905 0.0373554 9.9973E-05 0.856304
0.0115558 0.0611011 9.9973E-05 9.9973E-05 0.0123725 0.0232391 0.0177142 9.9973E-05 0.873717
0.079968 0.00449676 9.9973E-05 0.00143197 9.9973E-05 9.9973E-05 0.0315714 0.00500839 0.877224
0.18214 9.9964E-05 0.125604 9.9964E-05 9.9964E-05 0.0777206 0.00741486 0.606721 9.9964E-05
0.536978 0.00783819 0.0578933 9.9991E-05 0.121901 0.030861 0.000258388 0.189445 0.0547253
0.369332 0.223688 0.0403989 0.0668416 0.0743094 0.000492938 0.00155442 0.0643537 0.159029
0.655154 0.030176 0.0154747 0.00875617 0.00533392 0.0388406 0.0185422 0.227622 9.9991E-05
0.518747 9.9964E-05 0.0221413 9.9964E-05 9.9964E-05 0.0914959 9.9964E-05 0.341243 0.0259731
0.295812 9.9973E-05 0.186255 0.0375707 0.159329 0.0384259 9.9973E-05 0.282308 9.9973E-05
0.0305895 9.9973E-05 0.098633 9.9973E-05 9.9973E-05 0.0846785 0.0188396 0.748667 0.018292
0.450746 9.9982E-05 0.00819619 0.0394293 9.9982E-05 0.0735162 0.0354764 0.336478 0.0559577
0.226026 0.0404082 0.00996799 0.0518268 0.0213239 9.9991E-05 0.0040504 0.617735 0.0285619
0.484323 0.00841329 0.0600703 0.0838361 0.0805957 0.0835284 0.00755992 0.173408 0.018265
0.157319 9.9982E-05 0.0742873 0.0240647 0.0551305 0.0143143 9.9982E-05 0.645176 0.0295084
0.570704 0.0121157 0.0466931 9.9982E-05 0.0395742 9.9982E-05 0.00668772 0.263511 0.0605143
0.162323 9.9982E-05 0.0405339 0.0474815 9.9982E-05 0.133677 0.0449796 0.570568 0.000237594
0.257651 0.0745054 0.0735716 0.0433672 0.139567 0.106899 9.9982E-05 0.304239 9.9982E-05
0.521706 0.0056656 0.042732 0.159501 0.0556874 0.0996713 0.0146757 0.0527571 0.0476038
0.226383 9.9973E-05 0.0125621 0.524864 0.152587 0.0313272 9.9973E-05 0.0519764 9.9973E-05
0.480183 0.010815 0.00847105 0.398377 0.0313349 0.0284675 0.0242327 0.0180189 9.9991E-05
0.501251 9.9991E-05 0.0358926 0.194304 0.0853205 0.0353318 0.0064159 0.0449205 0.0964638
0.157885 9.9973E-05 0.0385103 0.605387 0.0838471 0.0801184 9.9973E-05 0.0339529 9.9973E-05
0.532746 0.0238278 0.00132396 0.128911 0.0687123 0.0840342 0.0338061 0.0629477 0.0636912
0.444511 9.9991E-05 0.0189637 0.359616 0.0655772 0.0934115 0.00469997 0.0121103 0.00101052
0.0427479 9.9973E-05 0.0635454 0.549667 0.201989 0.120649 9.9973E-05 0.0211012 9.9973E-05
0.0875463 9.9973E-05 0.0543783 0.730403 0.0947923 0.0310703 0.00150942 9.9973E-05 9.9973E-05
0.385841 9.9973E-05 9.9973E-05 0.450509 0.0743542 0.0208189 0.00719344 0.0609839 9.9973E-05
9.9964E-05 9.9964E-05 9.9964E-05 0.6571 0.101651 0.185002 0.0120345 0.0438129 9.9964E-05
0.379932 9.9964E-05 9.9964E-05 0.452327 0.0570906 0.0286331 9.9964E-05 0.0816179 9.9964E-05
0.191496 9.9973E-05 0.0185999 9.9973E-05 0.00418583 0.104543 0.0120134 0.668863 9.9973E-05
0.228909 0.0276793 0.123473 9.9973E-05 0.209014 0.0514462 9.9973E-05 0.359178 9.9973E-05
0.39959 0.0576102 0.0240723 9.9982E-05 0.0292308 0.0323688 0.0115671 0.44536 9.9982E-05
0.553323 0.0199493 0.0466092 9.9982E-05 0.0580493 0.052885 9.9982E-05 0.242477 0.0265076
0.2402 0.0191324 0.0354598 9.9964E-05 9.9964E-05 0.128712 9.9964E-05 0.576096 9.9964E-05
0.582834 0.0160485 0.106331 9.9991E-05 0.0437686 0.0593464 0.00254641 0.166865 0.0221593
0.566559 0.0448038 0.0506234 9.9982E-05 9.9982E-05 0.0198145 0.0212784 0.291396 0.00532464
0.528915 0.0446658 0.0394741 9.9973E-05 0.0540027 0.108923 9.9973E-05 0.223719 9.9973E-05
0.504663 0.0487732 0.0517298 9.9991E-05 0.0455211 0.0329662 0.0161531 0.287658 0.0124352
0.457135 0.0352497 0.00458524 9.9982E-05 0.0189868 0.015104 0.0116732 0.457066 9.9982E-05
0.288447 9.9973E-05 0.0390408 9.9973E-05 0.0160618 0.107611 0.0236564 0.524883 9.9973E-05
0.425484 0.0264609 9.9964E-05 9.9964E-05 0.0573681 0.0440282 9.9964E-05 0.446259 9.9964E-05
0.606366 9.9964E-05 0.121135 9.9964E-05 0.0678991 0.0238203 9.9964E-05 0.180379 9.9964E-05
0.617599 9.9991E-05 0.0700987 0.00311589 0.107357 0.0138914 0.0177776 0.149574 0.0204875
0.307558 0.0687184 0.172581 9.9982E-05 0.0600949 0.0648385 0.0039711 0.322038 9.9982E-05
0.472951 0.060372 0.0773281 9.9982E-05 0.109892 0.0624272 0.00347798 0.213352 9.9982E-05
0.379054 0.0515552 0.0378384 9.99745E-05 9.99745E-05 0.0752694 0.0193375 0.436646 9.99745E-05
0.547939 0.0535921 0.0182357 9.9982E-05 0.0257667 0.0473088 9.9982E-05 0.256373 0.0505852
0.435001 0.10238 9.9973E-05 9.9973E-05 0.0344055 0.075118 9.9973E-05 0.349557 0.00323802
0.577859 0.0201351 0.0581415 0.00777026 9.9991E-05 0.0591266 0.0313738 0.188899 0.0565948
0.463565 0.0992113 0.0600698 9.9982E-05 9.9982E-05 0.00475828 0.0115413 0.0595287 0.301125
0.581211 0.0772431 0.141124 9.9973E-05 0.0598454 9.9973E-05 9.9973E-05 0.0600203 0.0802565
0.420222 0.112403 0.061156 0.0153842 0.0500232 0.0917949 0.0343781 0.0992477 0.11539
0.525361 0.112231 0.052099 0.111934 0.0525996 9.9991E-05 0.00443159 0.0533738 0.0878697
0.469986 0.137528 0.139674 0.0253319 0.0215018 0.0535433 0.00772373 0.00154823 0.143163
0.483643 9.9973E-05 0.0414106 0.0703988 0.187634 0.0275026 9.9973E-05 0.189111 9.9973E-05
0.513981 0.0787228 0.0795884 0.0278035 0.0116381 0.071694 0.0129528 0.0478654 0.155754
0.0715643 0.125538 0.337374 0.120713 0.0716496 0.0454994 9.9991E-05 0.117897 0.109664
0.556143 0.0896775 0.0922467 0.0684963 0.0014599 9.9991E-05 0.0165495 0.0976602 0.0776669
0.530685 0.104633 0.120163 9.9991E-05 0.0491355 0.0344724 0.030379 0.0553056 0.0751264
0.551831 0.108622 0.104191 0.027668 0.0143027 0.0705712 0.0243715 0.0253204 0.0731225
0.345908 0.0443923 0.283677 0.036033 0.115683 0.0233669 0.0277693 0.0652801 0.05789
0.583138 0.0802676 0.074263 0.0269638 9.9982E-05 9.9982E-05 0.00233119 0.0562482 0.176589
0.52263 0.11978 0.0679824 9.9982E-05 0.104057 9.9982E-05 0.0114982 0.0383533 0.135498
9.9973E-05 0.0537158 0.580827 0.0310616 0.0136138 9.9973E-05 0.00320758 9.9973E-05 0.317274
0.530406 0.111422 0.0892591 0.0345099 0.0250384 0.0298566 0.0309635 0.0335072 0.115038
0.524617 0.164422 0.107253 0.0102391 0.0460649 0.0157519 0.0236247 9.9991E-05 0.107927
0.597812 0.0833454 0.115274 0.0154496 0.0575349 0.00921892 0.0241729 0.0619744 0.0352183
0.561826 0.164664 0.125342 0.00237199 0.0260001 9.9982E-05 0.00495095 9.9982E-05 0.114645
0.532614 0.0825033 0.0289574 0.117237 0.0251601 0.0102158 0.0418864 0.00556239 0.155864
0.454527 9.9973E-05 9.9973E-05 9.9973E-05 0.435973 0.0313732 0.0141623 0.0114795 0.0521851
0.501914 0.00511012 0.040787 0.0135272 0.224601 0.0769954 9.9991E-05 0.0259104 0.111055
9.9946E-05 9.9946E-05 9.9946E-05 9.9946E-05 0.91147 0.0641312 9.9946E-05 0.023799 9.9946E-05
9.9955E-05 9.9955E-05 9.9955E-05 9.9955E-05 0.950985 9.9955E-05 0.00180474 0.0400258 0.00668509
0.491019 0.00908011 9.9982E-05 0.0250929 0.331177 0.0298032 0.0382174 9.9982E-05 0.0754104
0.359886 0.270729 0.0499181 0.0502846 0.125171 9.9973E-05 9.9973E-05 9.9973E-05 0.143712
0.331432 0.257013 0.0888722 9.9964E-05 0.193844 9.9964E-05 9.9964E-05 9.9964E-05 0.128438
0.218326 0.253617 0.155232 9.9964E-05 0.247711 9.9964E-05 9.9964E-05 9.9964E-05 0.124714
0.366654 0.175119 0.189428 9.9973E-05 0.170281 9.9973E-05 0.0193523 9.9973E-05 0.0788661
0.0523264 0.039634 0.118609 0.0316822 0.68917 9.9982E-05 0.0167549 9.9982E-05 0.0516228
0.138644 0.0427199 0.111961 9.9973E-05 0.657975 9.9973E-05 0.0383295 9.9973E-05 0.0100708
0.55712 0.024386 0.0052146 0.0075281 0.36782 0.00388627 9.9982E-05 9.9982E-05 0.0338453
0.362853 0.0765584 0.00886295 9.9964E-05 0.449602 9.9964E-05 9.9964E-05 9.9964E-05 0.101723
0.187932 0.0342186 0.0392211 9.9982E-05 0.686572 9.9982E-05 0.00984326 0.00682733 0.035186
0.543789 0.0272042 0.0183161 9.9982E-05 0.291091 9.9982E-05 0.00716483 0.0554943 0.0567406
0.575806 0.0209486 9.9964E-05 9.9964E-05 0.330017 9.9964E-05 0.0171892 9.9964E-05 0.0556393
0.417625 0.10269 9.9982E-05 0.0479264 0.265282 0.027949 9.9982E-05 0.0623207 0.0760075
0.32365 9.9973E-05 9.9973E-05 9.9973E-05 0.594709 0.0254219 0.0137843 0.0245614 0.0175736
0.375838 9.9964E-05 9.9964E-05 0.0361737 0.483312 9.9964E-05 0.00327755 0.100999 9.9964E-05
0.535473 9.9982E-05 0.0302457 0.0142131 0.306838 0.0640875 9.9982E-05 0.0194089 0.0295339
0.385749 0.0265959 9.9982E-05 0.0801542 0.36595 9.9982E-05 0.0133317 0.0996596 0.02836
0.563647 9.9982E-05 0.00217176 0.04168 0.204233 0.0246543 9.9982E-05 0.0634915 0.0999227
0.436542 9.9964E-05 9.9964E-05 0.0735723 0.425835 0.0628506 9.9964E-05 9.9964E-05 0.000800221
0.15867 9.9955E-05 9.9955E-05 9.9955E-05 0.819046 9.9955E-05 0.00445868 0.0173259 9.9955E-05
0.603898 0.00533484 9.9955E-05 0.00846771 0.3818 9.9955E-05 9.9955E-05 9.9955E-05 9.9955E-05
0.137411 0.00419853 9.9964E-05 0.0428381 0.746472 9.9964E-05 9.9964E-05 0.0686807 9.9964E-05
0.410096 9.9955E-05 9.9955E-05 9.9955E-05 0.565305 0.00295588 9.9955E-05 9.9955E-05 0.0211431
0.521272 9.9982E-05 9.9982E-05 0.0127831 0.280415 0.0269466 0.0249769 0.0514139 0.0819923
0.465739 0.0703181 9.9982E-05 0.00215913 0.287324 0.0800197 9.9982E-05 0.0851852 0.00905483
0.460956 0.121198 9.9982E-05 0.0671577 0.133199 9.9982E-05 0.0199533 0.0392686 0.158067
0.415011 0.0984919 0.0522194 0.0471507 0.155701 9.9991E-05 0.0477672 0.0811841 0.102375
0.317966 0.246723 0.149923 0.0740562 0.0509028 0.00659033 0.030138 0.00542784 0.118273
0.300345 0.206665 0.117888 0.0644224 0.0957595 0.0465239 0.0334375 0.01533 0.119629
0.476717 0.15015 0.0407682 0.134336 0.0482867 0.0151286 0.012104 0.0137358 0.108774
0.473478 0.0829058 0.0979108 0.0167781 0.188827 9.9982E-05 0.0333292 9.9982E-05 0.106571
9.9964E-05 0.0834763 0.0862942 9.9964E-05 0.6775 9.9964E-05 0.0131109 9.9964E-05 0.139219
0.562933 0.158896 0.0311509 0.0376613 0.0976935 9.9982E-05 9.9982E-05 0.00501059 0.106455
9.9955E-05 0.068951 0.281762 9.9955E-05 0.388902 9.9955E-05 9.9955E-05 9.9955E-05 0.259886
0.495059 0.108566 0.0257946 9.9964E-05 0.296081 9.9964E-05 9.9964E-05 9.9964E-05 0.0740989
0.066681 9.9937E-05 9.9937E-05 9.9937E-05 0.932619 9.9937E-05 9.9937E-05 9.9937E-05 9.9937E-05
9.9937E-05 9.9937E-05 9.9937E-05 9.9937E-05 0.982758 0.0165424 9.9937E-05 9.9937E-05 9.9937E-05
0.446531 9.9955E-05 9.9955E-05 9.9955E-05 0.54948 9.9955E-05 9.9955E-05 0.00172534 0.00176392
0.59 0.0031294 9.9955E-05 9.9955E-05 0.394814 9.9955E-05 9.9955E-05 9.9955E-05 0.0115567
0.368501 9.9937E-05 9.9937E-05 9.9937E-05 0.6308 9.9937E-05 9.9937E-05 9.9937E-05 9.9937E-05
0.560942 9.9937E-05 9.9937E-05 9.9937E-05 0.438358 9.9937E-05 9.9937E-05 9.9937E-05 9.9937E-05
0.52266 9.9946E-05 9.9946E-05 9.9946E-05 0.473123 9.9946E-05 0.00361814 9.9946E-05 9.9946E-05
0.000823652 0.010338 0.0112386 0.00473889 0.0287528 0.0142408 0.0345037 0.049269 0.846095
0.00435842 0.0747176 0.0473076 0.0444948 0.00903716 0.0323298 0.0437772 0.0434907 0.700487
9.9964E-05 0.026875 9.9964E-05 0.00387284 0.0212152 9.9964E-05 0.0309202 9.9964E-05 0.916717
0.0386527 9.9964E-05 0.0551693 0.000545444 9.9964E-05 9.9964E-05 0.0406166 9.9964E-05 0.864616
0.543659 0.0115346 0.0411504 9.9964E-05 9.9964E-05 0.376271 9.9964E-05 9.9964E-05 0.0269851
0.548684 9.9973E-05 0.00549145 9.9973E-05 9.9973E-05 0.294951 0.0352219 0.105021 0.010331
0.538956 9.9955E-05 9.9955E-05 9.9955E-05 9.9955E-05 0.386103 0.0372958 0.0371451 9.9955E-05
0.556082 0.00957419 9.9982E-05 0.0121065 9.9982E-05 0.225279 0.0331242 0.107428 0.0562065
0.523706 0.0167181 9.9982E-05 0.244365 9.9982E-05 0.101831 0.0262585 0.0205636 0.0663581
0.292469 9.9964E-05 9.9964E-05 9.9964E-05 9.9964E-05 0.529111 0.0208762 0.127403 0.0297409
0.65147 9.9955E-05 9.9955E-05 9.9955E-05 0.0249898 0.315981 0.00706012 9.9955E-05 9.9955E-05
0.23086 0.0179951 0.000605482 0.0760489 0.0935738 0.567657 0.0130596 9.9982E-05 9.9982E-05
0.423685 0.133457 0.0222062 0.0378043 9.9982E-05 9.9982E-05 0.0223313 0.0489495 0.311366
0.454705 0.00461225 0.0422259 0.0520389 0.072216 0.373902 9.9973E-05 9.9973E-05 9.9973E-05
0.34133 9.9964E-05 9.9964E-05 9.9964E-05 9.9964E-05 0.514641 0.0210864 0.108658 0.0138847
0.519841 0.000630285 9.9964E-05 0.0767265 0.0335546 0.368847 9.9964E-05 9.9964E-05 9.9964E-05
0.379301 0.0529166 9.9973E-05 9.9973E-05 9.9973E-05 0.424835 0.019623 0.107444 0.0155811
0.570214 9.9946E-05 9.9946E-05 9.9946E-05 0.0357323 0.393454 9.9946E-05 9.9946E-05 9.9946E-05
0.537083 9.9973E-05 0.000587582 9.9973E-05 9.9973E-05 0.353287 0.0252356 0.0122407 0.0712657
0.000686888 0.0156107 9.9964E-05 0.0164609 0.0814046 0.885437 9.9964E-05 9.9964E-05 9.9964E-05
0.323159 9.9964E-05 0.0145882 0.0299757 0.0841482 0.547729 9.9964E-05 9.9964E-05 9.9964E-05
0.383465 9.9955E-05 0.0451157 9.9955E-05 0.036283 0.534637 9.9955E-05 9.9955E-05 9.9955E-05
9.9946E-05 9.9946E-05 0.0374737 9.9946E-05 0.114138 0.847788 9.9946E-05 9.9946E-05 9.9946E-05
0.400882 9.9964E-05 9.9964E-05 0.0372427 9.9964E-05 0.402468 9.9964E-05 0.116532 0.0424755
0.0376304 9.9964E-05 0.0532352 0.175913 0.0726448 0.660176 9.9964E-05 9.9964E-05 9.9964E-05
9.9946E-05 9.9946E-05 0.0719791 9.9946E-05 0.0831677 0.844254 9.9946E-05 9.9946E-05 9.9946E-05
0.514432 0.051847 9.9982E-05 0.0293752 0.0638978 0.313958 0.00857016 9.9982E-05 0.0177192
0.170707 9.9973E-05 9.9973E-05 0.0181135 9.9973E-05 0.586381 0.0134422 0.174285 0.0367706
0.483572 9.9964E-05 9.9964E-05 0.0142055 9.9964E-05 0.413594 9.9964E-05 0.0684405 0.0197882
0.514437 0.046811 0.0390483 0.0185962 0.0401839 0.197987 0.0146842 9.9991E-05 0.128152
0.518591 9.9964E-05 9.9964E-05 9.9964E-05 0.00261477 0.355213 9.9964E-05 0.0800538 0.0431276
0.35804 9.9973E-05 0.100266 0.0247766 0.146027 0.0476935 9.9973E-05 0.322896 9.9973E-05
0.566111 9.9973E-05 9.9973E-05 9.9973E-05 0.0202731 0.329903 0.0377092 0.024448 0.0212568
0.502885 9.9964E-05 9.9964E-05 9.9964E-05 9.9964E-05 0.31811 0.00759396 0.131572 0.0394391
0.323409 9.9964E-05 0.0264266 9.9964E-05 0.0427074 0.601044 9.9964E-05 0.00601302 9.9964E-05
0.50333 9.9973E-05 9.9973E-05 9.9973E-05 0.0277574 0.264173 0.0105947 0.0998169 0.094028
9.9955E-05 9.9955E-05 0.0543699 9.9955E-05 9.9955E-05 9.9955E-05 0.0343951 0.290032 0.620703
9.9964E-05 9.9964E-05 0.0486783 9.9964E-05 9.9964E-05 0.0377267 0.0713079 0.153315 0.688572
9.9955E-05 9.9955E-05 0.0567773 9.9955E-05 9.9955E-05 9.9955E-05 0.165783 0.109979 0.666962
9.9964E-05 9.9964E-05 0.0115188 0.0372732 9.9964E-05 9.9964E-05 0.0809498 0.13538 0.734479
0.00516521 9.9964E-05 9.9964E-05 0.11447 9.9964E-05 9.9964E-05 0.0249581 0.134444 0.720563
0.147842 9.9955E-05 9.9955E-05 9.9955E-05 9.9955E-05 0.640515 9.9955E-05 0.133416 0.0777273
