9.9982E-05 9.9982E-05 0.0640094 0.903233 0.0325572
0.0391966 9.9973E-05 9.9973E-05 0.960504 9.9973E-05
9.999E-05 0.0377916 0.0511237 0.805977 0.105008
9.999E-05 0.0420528 0.0636353 0.809718 0.0844935
9.9982E-05 0.0594214 9.9982E-05 0.915208 0.0251704
0.154401 0.0540682 0.0931822 0.613988 0.0843609
0.0757145 9.9991E-05 0.0605673 0.837997 0.0256217
0.0625083 0.0125147 0.142839 0.772453 0.0096855
0.0749138 9.9982E-05 0.0832354 0.841651 9.9982E-05
0.0552246 0.171984 9.9991E-05 0.764232 0.00846023
0.137085 9.9982E-05 0.088673 0.774042 9.9982E-05
0.182832 0.273688 0.475847 9.9991E-05 0.0675329
9.9982E-05 0.55014 0.337522 9.9982E-05 0.112139
0.135099 0.281912 0.458999 0.0495548 0.0744344
0.146136 0.328015 0.344921 0.0191986 0.16173
0.0504191 0.379654 0.257825 0.133257 0.178845
0.0268561 0.550971 0.206949 9.9991E-05 0.215124
0.149584 0.438292 0.27858 9.9991E-05 0.133445
0.0898443 0.337531 0.327483 0.154526 0.0906163
0.172743 0.0119908 0.713273 0.017521 0.084472
0.127272 0.462214 0.291408 9.9991E-05 0.119005
0.185699 0.50472 0.240267 0.029228 0.0400866
0.0293076 0.632813 0.226368 0.111411 9.9991E-05
0.179339 0.322034 0.370839 9.9991E-05 0.127687
0.0546801 0.657468 0.0967968 0.111527 0.0795286
0.0998392 0.535865 0.246925 9.9991E-05 0.117271
0.0601209 0.281648 0.508232 0.0718287 0.0781705
0.0957195 0.168688 0.465483 9.9991E-05 0.27001
0.270308 0.193202 0.449534 0.00692604 0.0800296
9.9982E-05 0.140421 9.9982E-05 0.821577 0.037802
9.9982E-05 0.145184 9.9982E-05 0.848381 0.00623434
9.9982E-05 0.157747 9.9982E-05 0.838935 0.00311771
9.9982E-05 0.19056 9.9982E-05 0.746488 0.0627517
0.221759 0.694292 0.0695274 0.0143216 9.9991E-05
0.159752 0.612385 0.0688108 0.0840855 0.0749663
0.265395 0.685643 0.0447926 0.00406929 9.9991E-05
0.0784581 0.22001 0.637981 0.0634502 9.9991E-05
0.420237 0.516328 0.0461749 0.0171602 9.9991E-05
0.0420844 0.594233 0.238708 0.0558537 0.069121
0.115699 0.761025 9.9991E-05 0.0299893 0.0931868
0.0394402 0.652871 0.0981403 0.129335 0.0802133
0.125509 0.716216 0.0171726 0.117255 0.0238478
0.488983 0.301216 0.209601 9.9982E-05 9.9982E-05
0.11806 0.643508 0.0286648 0.109765 0.100002
0.2105 0.616174 0.036582 0.0268745 0.10987
0.184866 0.568935 0.0312086 0.124745 0.0902461
0.479441 0.520259 9.9973E-05 9.9973E-05 9.9973E-05
0.171158 0.7724 0.0376627 9.9991E-05 0.0186795
0.188097 0.61578 0.0234052 0.162568 0.0101498
0.858245 0.035816 0.00853567 0.0973029 9.9991E-05
0.215582 0.235151 0.549067 9.9982E-05 9.9982E-05
0.561348 0.08699 0.205023 0.082759 0.06388
0.0390604 0.548851 0.142484 0.129204 0.140401
0.0472531 0.67382 0.0439603 0.164368 0.0705983
0.134016 0.513777 0.148275 0.0986547 0.105277
0.294758 0.244914 0.355005 0.105153 0.00016923
0.056772 0.620237 0.276278 0.00680631 0.0399062
0.0870824 0.581848 0.11305 0.0412942 0.176725
0.297832 0.392456 0.1312 0.095449 0.0830637
0.268303 0.0989692 0.366447 0.203797 0.0624837
0.151696 0.627372 0.101073 0.0940926 0.0257666
0.142354 0.504638 0.228713 0.0518454 0.0724492
0.302184 0.109844 0.568866 0.0190057 9.9991E-05
0.143155 0.544756 0.257371 0.00614555 0.0485726
0.148521 0.632405 0.123372 0.0119327 0.0837682
0.0657563 0.434516 0.239468 0.0862545 0.174005
0.264819 0.317508 0.313849 0.0591474 0.0446758
0.15962 0.507859 0.205703 9.9991E-05 0.126718
9.9991E-05 0.577727 0.233412 0.0418225 0.146938
0.275097 0.309591 0.415112 9.9982E-05 9.9982E-05
0.17817 0.73075 0.0899486 0.0010313 9.9991E-05
0.367275 0.435027 0.197498 9.9982E-05 9.9982E-05
0.185957 0.569678 0.0913434 0.0542596 0.0987617
0.800057 0.173942 0.0258005 9.9982E-05 9.9982E-05
0.712487 0.177308 0.110005 9.9982E-05 9.9982E-05
0.471415 0.478648 0.0497364 9.9982E-05 9.9982E-05
0.270131 0.614221 0.102788 9.9991E-05 0.0127604
0.0979341 0.457979 0.0871044 0.140368 0.216615
0.294916 0.588085 0.116799 9.9982E-05 9.9982E-05
0.346862 0.302861 0.292781 9.9991E-05 0.0573963
0.200916 0.439786 0.349225 0.00997251 9.9991E-05
0.176404 0.525124 0.0969158 0.0991409 0.102415
0.378417 0.487832 0.085937 0.0228016 0.0250126
0.257757 0.581764 0.10693 0.0534488 9.9991E-05
0.421647 0.575379 0.0027737 9.9982E-05 9.9982E-05
0.780662 0.16113 0.0580082 9.9982E-05 9.9982E-05
0.176338 0.608485 0.0838497 0.0176576 0.113669
9.9982E-05 0.108013 0.0719151 0.819872 9.9982E-05
9.9973E-05 0.0887123 9.9973E-05 0.910988 9.9973E-05
9.9982E-05 0.0463905 9.9982E-05 0.918831 0.0345784
9.9982E-05 0.0564567 9.9982E-05 0.935027 0.00831591
9.9973E-05 0.108991 9.9973E-05 0.890709 9.9973E-05
9.9982E-05 0.0496576 9.9982E-05 0.915085 0.0350575
9.9982E-05 0.0328617 9.9982E-05 0.960917 0.00602173
0.253986 0.547845 0.023115 0.142938 0.0321155
0.0402236 0.707461 0.132129 0.102313 0.0178741
0.514991 0.284503 0.200306 9.9982E-05 9.9982E-05
0.102691 0.548677 0.142812 0.0874072 0.118412
0.235831 0.620002 0.0903629 0.0537032 9.9991E-05
0.15336 0.745091 0.0536239 0.0478256 9.9991E-05
0.265261 0.688818 9.9982E-05 0.0457203 9.9982E-05
0.310265 0.634322 0.0462809 9.9991E-05 0.00903204
0.560743 0.0896963 0.326909 0.0225508 9.9991E-05
0.0995394 0.505454 0.177614 0.119581 0.0978107
0.128244 0.733457 9.9991E-05 0.137641 0.000558576
0.0522399 0.587 0.20324 0.0569582 0.100562
0.505396 0.494304 9.9973E-05 9.9973E-05 9.9973E-05
0.327512 0.65228 9.9982E-05 0.0200082 9.9982E-05
0.217889 0.60284 0.14976 0.0294104 9.9991E-05
0.45708 0.493431 9.9982E-05 9.9982E-05 0.0492897
0.213195 0.583757 0.124666 0.0782823 9.9991E-05
0.153496 0.65727 0.0750484 0.0645501 0.0496356
0.297023 0.306256 0.270568 0.122759 0.00339354
9.9991E-05 0.387887 0.372142 0.107764 0.132106
0.0699242 0.559779 0.178215 0.169289 0.0227932
0.0857025 0.683853 0.104262 0.11371 0.0124724
0.0228327 0.597171 0.32198 0.0579165 9.9991E-05
0.0939932 0.647921 0.225556 0.0261408 0.00638847
9.9982E-05 0.465246 0.453677 9.9982E-05 0.0808769
0.0906642 0.656063 0.133798 0.119374 9.9991E-05
0.00685405 0.569411 0.231572 0.0920709 0.100092
0.0652689 0.628898 0.196462 0.109271 9.9991E-05
0.0542893 0.673016 0.267563 0.00503171 9.9991E-05
0.213516 0.582145 0.0211915 9.9991E-05 0.183047
0.100578 0.576803 0.0980892 0.144628 0.0799024
0.0497614 0.56904 0.254701 9.9991E-05 0.126398
0.0952069 0.625242 0.0678438 0.137673 0.0740345
0.178401 0.538103 0.131431 9.9991E-05 0.151965
0.216941 0.43811 0.230954 0.113895 9.9991E-05
9.9991E-05 0.725383 0.162346 0.0325453 0.0796257
0.0993252 0.703299 0.126921 9.9991E-05 0.0703545
0.142855 0.287651 0.478521 0.0233465 0.0676261
0.443534 0.139753 0.283975 0.0259934 0.106745
0.0587305 0.600725 0.215852 0.0430812 0.0816117
0.488513 0.116159 0.327624 9.9991E-05 0.0676043
0.184209 0.364003 0.429598 0.0220903 9.9991E-05
0.0504385 0.547334 0.379451 0.0226766 9.9991E-05
0.00985024 0.441889 0.523667 0.0244935 9.9991E-05
0.0908924 0.375473 0.486124 0.0228763 0.0246343
0.0658885 0.662169 0.157123 0.0123138 0.102505
0.0444841 0.570298 0.20806 9.9991E-05 0.177058
0.158884 0.54215 0.120388 0.101086 0.0774924
0.417173 0.124903 0.342076 0.018149 0.0976994
0.0483503 0.622541 0.18345 0.0952295 0.0504298
0.219335 0.520337 0.0504605 0.117794 0.0920734
0.666526 0.0538474 0.0778327 0.201694 9.9991E-05
0.168069 0.662297 9.9991E-05 0.127405 0.0421295
0.401355 0.351417 0.0749238 0.106149 0.0661553
0.213595 0.560433 0.019209 0.090895 0.115868
0.495971 0.337573 0.0270714 0.124545 0.0148397
0.480328 0.230472 0.171178 0.117922 9.9991E-05
0.368071 0.486244 0.0855953 0.0599897 9.9991E-05
0.151507 0.541778 0.0691001 0.158101 0.0795142
0.203224 0.387053 0.147128 0.116607 0.145987
0.594608 0.0576578 0.0942368 0.0796915 0.173806
0.254243 0.529054 9.9991E-05 0.123629 0.0929746
0.431456 0.443501 0.124843 9.9982E-05 9.9982E-05
0.316932 0.550726 0.095894 9.9991E-05 0.0363483
0.135367 0.573538 0.0825624 0.140186 0.068347
0.240619 0.10857 0.0112265 0.345702 0.293882
0.198881 9.9982E-05 9.9982E-05 0.613981 0.186938
0.316811 9.9982E-05 9.9982E-05 0.515412 0.167577
0.112202 0.0244601 0.084267 0.39473 0.384341
0.300145 0.565678 9.9982E-05 9.9982E-05 0.133977
0.192352 0.62833 0.085036 9.9991E-05 0.0941824
9.9973E-05 0.229347 9.9973E-05 9.9973E-05 0.770353
0.0258008 0.382226 0.129286 0.00316261 0.459525
0.0943361 0.343828 0.0530309 0.0345376 0.474267
0.584203 0.354532 9.9991E-05 0.0169891 0.0441762
0.226602 0.602274 9.9991E-05 0.0760898 0.0949338
0.717336 0.199491 9.9991E-05 0.00773671 0.0753359
0.245504 0.643143 0.0180402 0.0297213 0.0635917
0.372227 0.479467 0.0395241 0.0706974 0.0380853
0.295449 0.603442 9.9982E-05 9.9982E-05 0.100909
0.693997 0.244133 0.0332702 9.9991E-05 0.0284999
0.0610042 0.668392 0.114345 0.0346658 0.121593
0.258757 0.564657 9.9991E-05 0.0849339 0.0915516
0.0374126 9.9973E-05 9.9973E-05 9.9973E-05 0.962287
9.9982E-05 0.0763167 0.0127728 9.9982E-05 0.910711
0.0133209 0.384845 9.9991E-05 0.0741631 0.527571
9.9991E-05 0.30734 0.0108889 0.00224684 0.679425
0.0129739 0.138904 0.0327812 0.00703256 0.808308
9.997E-05 9.997E-05 9.997E-05 9.997E-05 0.9996
9.9973E-05 9.9973E-05 0.0101616 9.9973E-05 0.989538
9.9973E-05 0.156134 9.9973E-05 9.9973E-05 0.843566
9.997E-05 9.997E-05 9.997E-05 9.997E-05 0.9996
9.997E-05 9.997E-05 9.997E-05 9.997E-05 0.9996
9.997E-05 9.997E-05 9.997E-05 9.997E-05 0.9996
9.9982E-05 0.166523 0.0395125 9.9982E-05 0.793765
9.9991E-05 0.136042 0.0275124 0.062743 0.773602
9.9982E-05 0.0183406 0.00251288 9.9982E-05 0.978947
0.0693789 0.368457 0.111614 0.00101617 0.449533
9.9991E-05 0.221995 0.0763306 0.02337 0.678204
9.9982E-05 0.187657 9.9982E-05 0.0399451 0.772198
9.9991E-05 0.0658583 0.0173892 0.000975047 0.915677
9.997E-05 9.997E-05 9.997E-05 9.997E-05 0.9996
9.9982E-05 0.117247 9.9982E-05 0.0229139 0.859639
9.997E-05 9.997E-05 9.997E-05 9.997E-05 0.9996
0.0056715 0.196153 0.0870899 0.0729995 0.638086
0.0219091 0.0382528 0.0350877 9.9991E-05 0.90465
0.573616 9.9982E-05 9.9982E-05 0.333337 0.0928467
0.179432 0.380021 0.156129 0.150219 0.134198
0.149086 0.539276 0.029461 0.27332 0.00885785
0.448734 0.160862 9.9991E-05 0.258729 0.131575
0.174047 0.48824 0.0311981 0.164609 0.141906
0.398554 0.223779 9.9991E-05 0.306465 0.0711022
0.237605 0.393541 0.05437 0.198601 0.115883
0.300606 0.292909 9.9991E-05 0.208479 0.197907
0.157329 0.507268 9.9991E-05 0.203081 0.132222
0.153518 0.330361 9.9991E-05 0.265878 0.250143
0.159064 0.471967 0.061063 0.205568 0.102337
0.0210259 0.00717834 0.12468 0.832907 0.0142085
0.0198165 9.9982E-05 9.9982E-05 0.925157 0.0548264
9.9973E-05 9.9973E-05 0.0365069 0.963193 9.9973E-05
9.9973E-05 9.9973E-05 0.0356055 0.964095 9.9973E-05
9.9973E-05 9.9973E-05 0.104499 0.895201 9.9973E-05
0.0336689 9.9982E-05 9.9982E-05 0.905239 0.0608922
9.9982E-05 9.9982E-05 0.0243095 0.909898 0.0655925
0.0718988 0.0257024 9.9982E-05 0.902199 9.9982E-05
9.9973E-05 0.040645 9.9973E-05 0.959055 9.9973E-05
0.0165672 9.9991E-05 0.0167155 0.869926 0.0966913
0.12891 9.9982E-05 0.262069 0.608821 9.9982E-05
0.0167686 9.9991E-05 0.39205 0.552051 0.0390309
0.143693 9.9982E-05 0.323974 0.532133 9.9982E-05
0.1309 9.9982E-05 0.378234 0.490667 9.9982E-05
0.112751 0.652299 0.137882 0.0969681 9.9991E-05
0.197571 0.537666 0.135008 0.0838654 0.0458895
0.0904934 0.585996 0.22354 0.0446312 0.0553397
0.145013 0.522466 0.309754 0.0226667 9.9991E-05
0.136641 0.289037 0.57348 9.9991E-05 0.000742043
0.152599 0.788994 0.00952695 0.04878 9.9991E-05
0.218237 0.681212 0.0991975 0.00125321 9.9991E-05
0.240247 0.598941 0.117319 9.9991E-05 0.0433935
0.425068 0.55019 0.0213669 9.9991E-05 0.00327437
0.109542 0.73567 0.0992839 0.0554038 9.9991E-05
0.226962 0.530655 0.226386 0.0158979 9.9991E-05
0.800071 0.0599688 0.13976 9.9982E-05 9.9982E-05
0.158538 0.574452 0.228183 0.0387263 9.9991E-05
0.573181 0.413532 0.00229475 0.0108924 9.9991E-05
0.267491 0.665552 0.025912 0.0409452 9.9991E-05
0.411463 0.310407 0.277931 9.9982E-05 9.9982E-05
0.157068 9.9982E-05 0.713736 0.128996 9.9982E-05
0.0829767 0.0630191 0.74353 0.106329 0.00414455
0.0634281 9.9982E-05 0.927426 0.00894584 9.9982E-05
0.056173 9.9982E-05 0.83878 0.104847 9.9982E-05
0.111564 9.9982E-05 0.824006 9.9982E-05 0.06423
0.0413815 0.0593256 0.787906 0.0174675 0.0939197
9.9973E-05 0.102102 9.9973E-05 0.897598 9.9973E-05
9.9991E-05 0.0526379 0.0713108 0.826677 0.0492741
9.9982E-05 0.0904384 9.9982E-05 0.760174 0.149188
9.9991E-05 0.0605684 0.0449968 0.771563 0.122771
9.9982E-05 0.116363 9.9982E-05 0.812642 0.070795
0.0959534 9.9982E-05 0.521019 0.382827 9.9982E-05
0.0789747 9.9982E-05 0.409696 0.51113 9.9982E-05
0.0617939 9.9982E-05 0.488104 0.449902 9.9982E-05
9.9973E-05 0.172515 9.9973E-05 0.827185 9.9973E-05
0.106244 0.0183961 0.513947 0.3589 0.00251283
0.101599 0.27012 9.9991E-05 0.209788 0.418394
0.00257906 0.546135 0.0205266 0.241321 0.189438
9.9982E-05 0.526636 9.9982E-05 0.130635 0.342529
0.123484 0.336248 9.9991E-05 0.288804 0.251363
0.0797868 0.449445 0.130868 0.0630883 0.276813
0.197948 9.9982E-05 9.9982E-05 0.491525 0.310327
0.105732 0.54776 0.346307 9.9982E-05 9.9982E-05
0.403982 0.310881 0.155788 0.000795706 0.128553
9.9991E-05 0.32272 0.559859 0.0922217 0.0250999
0.289342 0.502643 0.171343 9.9991E-05 0.0365726
0.785816 9.9973E-05 0.213884 9.9973E-05 9.9973E-05
0.144198 0.626155 0.0723433 0.101083 0.0562198
0.148957 0.608505 0.163026 0.0794116 9.9991E-05
0.155893 0.404895 0.428524 0.0105891 9.9991E-05
0.0683685 0.592299 0.153689 0.095877 0.0897669
0.482775 0.166981 0.339441 9.9991E-05 0.0107028
0.26379 0.419635 0.200542 9.9991E-05 0.115932
0.127943 0.600277 0.220328 9.9991E-05 0.0513512
0.0971868 0.477656 0.0676315 0.181125 0.1764
0.3285 0.388685 0.261649 9.9991E-05 0.0210665
0.192732 0.522834 0.249969 0.0343649 9.9991E-05
0.140584 0.527811 0.188033 9.9991E-05 0.143472
0.160751 0.641347 0.188042 9.9991E-05 0.00975988
0.0201245 0.703603 0.173122 0.0499486 0.0532012
0.0630875 0.539838 0.218038 0.0903137 0.0887226
0.0905561 0.614532 0.168764 0.0904271 0.0357203
9.9982E-05 0.0909216 9.9982E-05 0.796528 0.11235
0.0664792 0.0211424 9.9991E-05 0.832466 0.0798123
0.00706428 0.0514578 0.105477 0.790138 0.0458626
0.053189 0.000600206 0.0777963 0.792538 0.0758767
9.9982E-05 0.132878 9.9982E-05 0.864545 0.00237734
0.0181165 0.238762 0.649226 0.0318907 0.0620053
0.150638 0.51147 0.143435 0.102346 0.0921117
0.188874 0.361686 0.0101446 0.222979 0.216317
0.0821255 0.588427 0.140732 0.0702204 0.118495
0.0684272 0.543957 0.252672 0.0286524 0.106291
0.242567 0.276764 0.380147 0.000513463 0.100009
0.187096 0.0914192 0.603434 0.117951 9.9991E-05
9.9991E-05 0.610638 0.35614 0.00734428 0.0257784
0.140729 0.200282 0.534212 0.0759914 0.0487861
0.296803 0.427648 0.220197 0.0140825 0.041269
0.0901029 0.180226 0.594898 0.134674 9.9991E-05
9.9991E-05 0.60402 0.236641 0.106015 0.0532231
0.114542 0.195392 0.558906 0.0627007 0.0684584
0.192317 0.41599 0.320849 0.0421795 0.0286649
0.251526 0.536824 0.0355421 0.119628 0.0564801
0.480534 0.31493 0.138643 0.0392227 0.0266708
0.168184 0.602588 0.0849424 0.144186 9.9991E-05
0.222574 0.540528 9.9991E-05 0.18938 0.0474174
0.471257 0.41045 0.0837659 0.0344271 9.9991E-05
0.258634 0.517993 0.0131843 0.163393 0.0467957
0.369284 0.564058 9.9991E-05 0.0418491 0.0247093
0.718701 0.191686 0.0894132 9.9982E-05 9.9982E-05
0.641435 0.326094 9.9982E-05 0.0322706 9.9982E-05
0.327046 0.606976 0.0238492 0.0164511 0.025678
0.658103 0.215782 0.065995 0.0600199 9.9991E-05
0.387814 0.532398 0.0474138 0.0322745 9.9991E-05
0.158866 0.119854 0.62428 9.9991E-05 0.0969005
0.27589 0.313323 0.373473 9.9991E-05 0.0372141
0.0139486 0.393299 0.470449 0.0213903 0.100912
0.0167072 0.567141 0.225103 0.00282128 0.188228
0.141676 0.377388 0.480736 9.9982E-05 9.9982E-05
0.12686 0.452231 0.217455 0.102329 0.101125
0.034763 0.571667 0.229343 0.077819 0.0864083
0.0128823 0.53785 0.300961 0.0742896 0.0740168
0.0527579 0.56194 0.256418 0.0108506 0.118033
0.0255215 0.432487 0.385388 0.062237 0.0943667
9.9982E-05 0.311358 0.584296 9.9982E-05 0.104146
0.0731184 0.306505 0.477467 9.9991E-05 0.142809
0.0895973 0.636881 0.186453 9.9991E-05 0.0869685
0.199853 0.521612 0.132774 0.039381 0.106381
0.176301 0.500412 0.254604 0.0685827 9.9991E-05
0.0768835 0.558853 0.292414 9.9991E-05 0.0717492
9.9991E-05 0.463305 0.408671 0.0808459 0.0470783
0.0414786 0.63461 0.256186 9.9991E-05 0.0676254
0.0475982 0.454243 0.346078 0.0121214 0.13996
0.0633416 0.566666 0.170808 0.126426 0.0727587
0.0537066 0.42514 9.9991E-05 0.336432 0.184621
0.0751313 0.534072 9.9991E-05 0.19566 0.195036
0.11996 0.510865 9.9991E-05 0.113223 0.255852
0.116327 0.616128 0.0972848 0.00738057 0.16288
0.0965687 0.427994 0.0297327 0.200635 0.245069
0.233999 0.535453 0.211789 9.9991E-05 0.0186577
0.0684621 0.575219 0.0349583 0.236767 0.0845931
0.522478 0.00920641 9.9991E-05 0.299734 0.168482
0.0353141 0.474052 0.14809 0.0883309 0.254213
0.0823688 0.547931 0.0975793 0.0852824 0.186839
9.9991E-05 0.551741 0.116455 0.0709122 0.260792
0.240476 0.34075 0.0414741 0.251871 0.125429
0.0682517 0.528658 9.9991E-05 0.205064 0.197926
0.0452631 0.553949 0.0649415 0.15865 0.177197
0.321601 9.9982E-05 9.9982E-05 0.495013 0.183186
0.0530428 0.457978 0.0393904 0.182584 0.267005
0.0541689 0.539581 9.9991E-05 0.207447 0.198703
0.0865554 0.614032 0.0311767 0.160826 0.10741
0.015308 0.532867 9.9991E-05 0.26284 0.188885
0.0433128 0.505589 0.0526514 0.210978 0.187468
0.277885 0.538041 0.0143768 0.0830761 0.0866208
0.224495 0.50498 0.108665 0.0826112 0.0792494
0.796434 0.0995438 0.103822 9.9982E-05 9.9982E-05
0.80786 0.0893358 0.0945727 9.9991E-05 0.00813117
0.286458 0.43185 0.125316 9.9991E-05 0.156276
0.131491 0.400802 9.9991E-05 0.100746 0.366861
0.187473 0.309367 9.9991E-05 0.0759723 0.427088
0.335136 0.0941185 9.9991E-05 0.187996 0.38265
0.11251 0.376771 9.9991E-05 0.196626 0.313994
0.693299 0.0383607 9.9991E-05 0.0870345 0.181206
0.529197 0.218762 9.9991E-05 0.147339 0.104601
0.215341 0.619331 9.9991E-05 0.0418552 0.123373
0.236142 0.539909 0.0391344 0.0996701 0.0851453
0.47518 0.271173 0.0188054 0.106785 0.128056
0.152225 0.598265 0.0178206 0.0837123 0.147977
0.290138 0.464524 0.0472603 9.9991E-05 0.197978
0.214451 0.500369 0.0431898 0.0394151 0.202576
0.434077 0.461263 0.104461 9.9982E-05 9.9982E-05
0.412165 0.375632 0.103376 0.0120957 0.0967306
0.282272 0.554403 0.0693319 0.0239575 0.0700363
0.313963 0.431023 0.104391 0.0392356 0.111388
0.146335 0.379987 0.180216 0.103168 0.190294
0.418754 0.559343 9.9991E-05 0.00288721 0.0189151
0.597815 0.277561 0.0865927 9.9991E-05 0.0379314
0.357907 0.548724 9.9991E-05 0.0299545 0.0633145
0.586193 0.25758 0.0765207 9.9991E-05 0.0796063
0.425283 0.495672 0.000821288 0.0432292 0.0349951
0.190491 0.455483 0.0947882 0.0688892 0.190348
0.279104 0.524376 0.0563285 0.0700751 0.0701163
0.219716 0.483374 9.9991E-05 0.107406 0.189404
0.141123 0.368093 0.150809 0.13171 0.208265
0.111961 0.349465 0.100766 0.205546 0.232261
0.19412 0.371834 0.030998 0.234582 0.168466
9.9991E-05 0.459993 0.101252 0.20802 0.230635
0.0945988 0.427556 0.0653747 0.199196 0.213274
0.573739 9.9991E-05 0.0177307 0.227226 0.181204
0.0190778 0.576103 0.0431984 0.107852 0.253769
0.430705 9.9982E-05 9.9982E-05 0.408397 0.160699
0.1478 0.525443 9.9991E-05 0.0742284 0.252429
0.790018 0.209683 9.9973E-05 9.9973E-05 9.9973E-05
0.885494 0.0728351 0.0354974 0.00607308 9.9991E-05
0.402106 0.596683 9.9982E-05 9.9982E-05 0.00101125
0.147468 0.781518 0.0051462 0.0572836 0.00858419
0.452568 0.534776 0.0124563 9.9982E-05 9.9982E-05
0.318696 0.619666 0.0406348 0.0209033 9.9991E-05
0.316648 0.634421 9.9982E-05 9.9982E-05 0.0487307
0.0165538 0.0641968 0.0246106 0.848442 0.0461968
9.9982E-05 9.9982E-05 0.170561 0.69239 0.136849
9.9982E-05 9.9982E-05 0.0488519 0.919739 0.0312089
9.9973E-05 0.0646334 9.9973E-05 0.935067 9.9973E-05
0.252393 0.57293 0.0830657 0.0637397 0.0278719
0.155405 0.641258 0.132325 0.0709122 9.9991E-05
0.235932 0.653486 0.0942131 0.0162694 9.9991E-05
0.139157 0.659669 0.0495135 0.151561 9.9991E-05
0.205564 0.504508 0.0507778 0.120774 0.118376
0.447228 0.375487 0.177085 9.9982E-05 9.9982E-05
0.189362 0.786539 9.9982E-05 0.0238994 9.9982E-05
0.472566 0.527134 9.9973E-05 9.9973E-05 9.9973E-05
9.9991E-05 0.516309 0.0210065 0.215443 0.247141
0.328281 0.558332 0.0715887 9.9991E-05 0.0416984
0.316714 0.493103 0.188082 0.00200106 9.9991E-05
0.171185 0.726484 0.0990245 9.9991E-05 0.00320668
0.338735 0.572731 0.0629802 0.0254544 9.9991E-05
0.284714 0.683035 9.9982E-05 9.9982E-05 0.0320506
0.155439 0.758171 9.9991E-05 0.0717783 0.0145112
0.682564 0.317136 9.9973E-05 9.9973E-05 9.9973E-05
0.517195 0.401702 0.0666382 9.9991E-05 0.0143642
0.376818 0.503104 0.117638 0.00233968 9.9991E-05
0.937596 0.0621042 9.9973E-05 9.9973E-05 9.9973E-05
0.254536 0.537956 0.106333 0.0291767 0.0719983
0.701769 0.294959 0.00307142 9.9982E-05 9.9982E-05
0.909571 0.0800393 0.0101894 9.9982E-05 9.9982E-05
0.237057 0.643223 0.00330988 0.00335666 0.113053
0.366527 0.415782 0.189877 0.0277143 9.9991E-05
0.171254 0.540949 0.240323 0.00329864 0.0441755
0.170656 0.484823 0.161234 0.0403156 0.142972
0.0894456 0.64066 0.209343 9.9991E-05 0.060451
0.256499 0.345539 0.279098 9.9991E-05 0.118763
0.132253 0.685167 0.0885715 0.0420365 0.0519715
0.206083 0.632098 0.100695 0.052344 0.00878081
0.452723 0.470855 0.076222 9.9982E-05 9.9982E-05
0.16665 0.65874 0.0675466 0.0649032 0.0421601
0.0508657 0.00914737 0.302767 0.615212 0.0220074
0.0523981 0.0531568 0.140104 0.754241 9.9991E-05
0.0423143 9.9982E-05 0.13245 0.825036 9.9982E-05
0.0293346 9.9982E-05 0.161707 0.808759 9.9982E-05
0.00259306 0.0225512 0.223559 0.751197 9.9991E-05
0.362307 0.35255 0.284943 9.9982E-05 9.9982E-05
0.498022 0.310272 0.191506 9.9982E-05 9.9982E-05
0.619396 0.380304 9.9973E-05 9.9973E-05 9.9973E-05
0.178085 0.457675 0.0711915 0.0762554 0.216793
0.0256206 0.775305 0.0642229 0.0993742 0.035477
0.49112 0.487457 9.9982E-05 0.0212232 9.9982E-05
0.23385 0.76585 9.9973E-05 9.9973E-05 9.9973E-05
0.325311 0.545254 9.9991E-05 0.116197 0.013137
0.211098 0.698431 0.0471963 0.0354447 0.00783076
0.184902 0.724352 0.0496445 0.0131879 0.027913
0.431866 0.433244 0.134689 9.9982E-05 9.9982E-05
0.317509 0.575336 0.106955 9.9982E-05 9.9982E-05
0.259417 0.542866 0.197517 9.9982E-05 9.9982E-05
0.121432 0.661444 0.0383955 0.171897 0.00683108
0.317569 0.580975 0.101256 9.9982E-05 9.9982E-05
0.205202 0.615143 0.144096 0.00619827 0.029361
0.00924445 0.425819 0.0439386 0.0696674 0.451331
0.101292 0.287501 0.0557542 0.0252487 0.530204
0.000577516 0.44597 9.9991E-05 0.0720627 0.48129
0.0200955 0.30684 9.9991E-05 0.191728 0.481237
0.0105623 0.494268 9.9991E-05 0.146304 0.348766
0.327595 0.578221 9.9991E-05 0.0546449 0.0394394
9.9982E-05 0.00552845 9.9982E-05 0.301015 0.693256
9.9982E-05 0.353287 9.9982E-05 0.210966 0.435547
0.293399 0.388604 9.9991E-05 0.212294 0.105603
0.0734936 0.640298 0.0730127 0.208312 0.00488319
0.239945 0.431544 0.0979974 0.143969 0.0865437
0.108615 0.571467 0.125079 0.0621138 0.132725
0.0993192 0.646797 0.0805599 0.132484 0.04084
9.9982E-05 0.345145 9.9982E-05 0.212773 0.441882
0.00230976 0.457791 0.0519282 0.158323 0.329648
9.9982E-05 0.469614 9.9982E-05 0.0627954 0.467391
0.0520994 0.535578 9.9991E-05 0.123578 0.288644
9.9982E-05 0.336904 9.9982E-05 0.179241 0.483655
0.0666609 0.396947 0.0161546 0.14542 0.374818
0.0079707 0.257442 9.9991E-05 0.170683 0.563804
0.00813137 0.467482 0.0405139 0.12964 0.354233
0.202318 0.653618 0.0066521 0.109875 0.0275363
0.12814 0.300951 0.00914454 0.177572 0.384193
9.9982E-05 0.201559 9.9982E-05 0.180652 0.61759
0.148567 0.307002 9.9991E-05 0.177963 0.366368
0.29237 0.254595 0.286972 0.165962 9.9991E-05
0.222226 0.596131 0.0133132 0.00528156 0.163049
9.9991E-05 0.382708 0.0481246 0.263341 0.305726
0.101606 0.657029 0.083222 0.116813 0.0413299
0.228037 0.524073 0.0216178 0.186217 0.0400553
0.103793 0.328958 0.102645 0.177137 0.287467
0.113638 0.402175 9.9991E-05 0.223643 0.260444
0.12881 0.606695 9.9991E-05 0.0944466 0.169948
0.101112 0.408991 9.9991E-05 0.126477 0.363321
9.9991E-05 0.393159 0.0224723 0.062762 0.521506
9.9982E-05 0.175641 9.9982E-05 0.265665 0.558494
0.0767365 0.696913 9.9991E-05 0.215923 0.0103271
0.123972 0.606552 0.121716 0.14766 9.9991E-05
0.619357 0.173713 9.9991E-05 0.137298 0.0695324
0.0862042 0.601829 0.0673397 0.116846 0.127781
0.174602 0.423647 0.259802 0.0958577 0.0460912
0.149772 0.420684 9.9991E-05 0.253283 0.176161
0.0630803 0.505142 0.172275 0.147068 0.112434
0.450687 9.9982E-05 9.9982E-05 0.313011 0.236102
0.490911 9.9982E-05 9.9982E-05 0.37939 0.1295
0.32533 0.224509 0.0720742 0.164883 0.213204
0.369975 0.00641939 9.9991E-05 0.392528 0.230977
0.265868 9.9982E-05 9.9982E-05 0.48082 0.253112
0.3194 0.303569 0.0145973 0.160725 0.201709
0.214627 0.341157 9.9991E-05 0.229327 0.214789
0.348619 0.155748 9.9991E-05 0.290681 0.204852
0.351042 0.119463 9.9991E-05 0.386252 0.143143
0.0536745 0.596015 0.0928228 0.165585 0.0919027
0.412424 0.216269 9.9991E-05 0.280512 0.0906959
0.419753 9.9982E-05 9.9982E-05 0.507447 0.0726003
0.0979327 0.446319 0.0766454 0.103098 0.276005
0.12142 0.362216 0.0835546 0.169172 0.263638
9.9991E-05 0.497768 0.0243396 0.333269 0.144524
9.9982E-05 0.546309 9.9982E-05 0.150025 0.303466
0.0175876 0.658717 9.9991E-05 0.200265 0.123331
0.120336 0.482325 9.9991E-05 0.158862 0.238377
9.9991E-05 0.342042 0.074376 0.400801 0.182681
9.9991E-05 0.457678 0.0902073 0.167114 0.284901
0.0203296 0.430047 9.9991E-05 0.218633 0.33089
0.134742 0.364529 9.9991E-05 0.28426 0.21637
0.224868 0.312675 0.143012 0.158409 0.161036
0.0798047 0.53599 0.0913965 0.214697 0.078112
9.9991E-05 0.61167 0.037723 0.238859 0.111648
0.0565156 0.662492 0.0172925 0.178031 0.0856692
0.00549235 0.375473 0.0424453 0.30778 0.26881
0.018836 0.53283 0.0569427 0.261081 0.130311
0.206003 0.185146 9.9991E-05 0.405292 0.203459
9.9991E-05 0.48194 0.0673788 0.168397 0.282184
0.170271 0.187289 9.9991E-05 0.276484 0.365857
0.0725142 9.9982E-05 0.152955 0.774331 9.9982E-05
0.0102644 0.0716597 0.836334 0.0760585 0.00568362
9.997E-05 9.997E-05 0.9996 9.997E-05 9.997E-05
9.9973E-05 9.9973E-05 0.984863 0.0148368 9.9973E-05
9.9973E-05 0.0440551 0.955645 9.9973E-05 9.9973E-05
9.9973E-05 9.9973E-05 0.931054 9.9973E-05 0.0686457
9.9973E-05 0.0656377 0.934062 9.9973E-05 9.9973E-05
9.9973E-05 9.9973E-05 0.937795 0.0619049 9.9973E-05
9.9982E-05 9.9982E-05 0.815827 0.16683 0.0171428
9.9991E-05 0.0234453 0.0363979 0.924788 0.0152691
0.0308059 0.0197038 0.104802 0.83295 0.0117375
9.9991E-05 0.0347052 0.00803208 0.939722 0.017441
0.0022164 0.0191766 0.160398 0.818109 9.9991E-05
9.9982E-05 9.9982E-05 0.0350318 0.891942 0.0728266
9.9973E-05 9.9973E-05 0.129413 0.870288 9.9973E-05
9.9991E-05 0.0710947 0.025703 0.738953 0.16415
9.9982E-05 0.0283948 9.9982E-05 0.874587 0.0968186
9.9991E-05 0.102168 0.136522 0.721954 0.0392566
9.9973E-05 9.9973E-05 9.9973E-05 0.917403 0.0822969
0.00174208 9.9982E-05 0.026202 0.971856 9.9982E-05
9.9991E-05 0.0403998 0.0349951 0.846797 0.0777081
9.9982E-05 9.9982E-05 0.0115063 0.971338 0.0169556
9.9982E-05 0.0497596 9.9982E-05 0.938818 0.0112223
9.9991E-05 0.0293244 0.0298972 0.880537 0.0601418
9.9982E-05 0.11037 9.9982E-05 0.882297 0.0071327
9.9982E-05 0.0847513 9.9982E-05 0.7949 0.120149
9.9982E-05 0.120808 9.9982E-05 0.782905 0.0960878
9.9982E-05 0.0849259 9.9982E-05 0.834692 0.0801819
0.236315 0.45244 0.0817963 0.214275 0.0151732
0.123911 0.707283 0.0436699 0.125036 9.9991E-05
0.0887215 0.515313 0.101685 0.121572 0.172709
0.657533 0.206311 9.9991E-05 0.132028 0.00402828
0.108689 0.579054 0.176436 0.135721 9.9991E-05
0.655861 0.0788559 9.9991E-05 0.209385 0.055798
0.142266 0.743014 9.9982E-05 0.11452 9.9982E-05
0.227387 0.557529 0.110104 0.10488 9.9991E-05
0.22737 0.55483 0.118681 0.0637135 0.0354058
0.243103 0.638442 0.0362857 0.08207 9.9991E-05
0.293064 0.477601 0.107504 0.121731 9.9991E-05
0.155083 0.652162 9.9991E-05 0.142383 0.0502712
0.0986203 0.641993 0.0924393 0.146035 0.0209125
0.401024 0.104437 0.450975 9.9991E-05 0.0434637
0.868675 9.9982E-05 0.0441622 0.0869629 9.9982E-05
0.624045 0.142768 0.0357168 0.130772 0.0666975
0.166703 0.571148 0.0594502 0.0867337 0.115965
0.229572 0.597144 9.9982E-05 0.173084 9.9982E-05
0.273712 0.554337 0.00337582 0.168475 9.9991E-05
0.139171 0.662092 9.9991E-05 0.143387 0.0552499
0.0332279 0.535715 9.9991E-05 0.251882 0.179075
9.9991E-05 0.568597 0.0633323 0.154529 0.213442
0.209662 0.124796 0.101876 0.380918 0.182748
0.0665384 0.636453 0.061351 0.18263 0.0530274
0.0416819 0.439651 0.110208 0.213634 0.194825
0.360588 9.9982E-05 9.9982E-05 0.465857 0.173355
0.181669 0.280566 9.9991E-05 0.27281 0.264855
0.124281 0.313968 0.00704714 0.359463 0.195241
9.9991E-05 0.546665 0.0682232 0.362198 0.0228137
0.0536891 0.471441 0.123664 0.0665294 0.284677
9.9991E-05 0.57829 0.037299 0.233979 0.150331
0.04832 0.634548 9.9991E-05 0.208869 0.108163
0.255512 0.390354 9.9991E-05 0.167126 0.186908
0.0276997 0.344025 9.9991E-05 0.464591 0.163584
