0.062114 0.891287 0.0459461 0.000553101 9.9991E-05
0.0332567 0.93741 9.9991E-05 0.00290426 0.0263293
0.0170318 0.849346 0.0348775 0.0986442 9.9991E-05
0.0998037 0.801012 0.0858684 0.013216 9.9991E-05
0.00813061 0.899482 0.0542628 0.0380248 9.9991E-05
0.0999696 0.65891 0.00563301 0.122888 0.112599
0.0409168 0.86506 9.9982E-05 9.9982E-05 0.0938232
0.129646 0.772235 0.0197055 9.9991E-05 0.0783127
0.0669124 0.8442 9.9982E-05 9.9982E-05 0.0886874
0.0370143 0.718237 0.043613 0.141736 0.0593993
0.133597 0.751987 9.9991E-05 0.0403529 0.0739632
0.506078 9.9991E-05 0.0524646 0.326413 0.114944
0.326527 9.9982E-05 0.0618008 0.611472 9.9982E-05
0.43501 0.0519887 0.0621881 0.336546 0.114268
0.395674 0.0351245 0.186415 0.345802 0.0369853
0.166875 0.202868 0.0391827 0.485536 0.105538
0.163676 0.0797502 0.153899 0.578945 0.0237308
0.214206 0.0358549 0.0795387 0.48923 0.18117
0.358496 0.124142 0.13443 0.382832 9.9991E-05
0.672285 0.0233567 0.0574505 0.0676259 0.179281
0.248887 9.9991E-05 0.14102 0.447114 0.162878
0.23466 0.00591443 0.118429 0.500663 0.140334
0.182524 0.0631206 0.0575564 0.647932 0.0488671
0.448773 0.029927 0.107816 0.284612 0.128872
0.0194498 0.175108 0.140589 0.577393 0.08746
0.275626 9.9982E-05 0.184767 0.539407 9.9982E-05
0.536612 0.00149633 0.107527 0.223639 0.130726
0.464606 0.0380662 0.181205 0.265511 0.0506117
0.464237 0.000777444 0.0306868 0.312523 0.191776
9.9982E-05 0.854795 0.0766737 0.0683317 9.9982E-05
9.9973E-05 0.880456 9.9973E-05 0.119244 9.9973E-05
9.9982E-05 0.820337 0.0431745 0.136288 9.9982E-05
9.9982E-05 0.777224 0.0411049 0.181471 9.9982E-05
0.0693864 0.0820902 9.9991E-05 0.690912 0.157511
0.0592821 0.0816807 0.0652687 0.6017 0.192069
9.9982E-05 0.0279909 9.9982E-05 0.776554 0.195255
0.531929 0.120211 9.9991E-05 0.248043 0.0997174
0.0213607 9.9991E-05 0.0538482 0.513838 0.410853
0.0489132 0.0696176 0.0105196 0.61439 0.25656
0.00256932 0.0357381 0.111239 0.75516 0.0952936
0.0842563 0.163681 9.9991E-05 0.674846 0.0771173
0.0817628 0.143155 9.9991E-05 0.717756 0.0572259
0.198707 0.00583012 9.9991E-05 0.363206 0.432157
0.0974332 0.066141 0.148934 0.542828 0.144663
0.00611317 0.054116 0.10474 0.660374 0.174656
0.0594179 0.127468 0.194919 0.549139 0.0690556
0.0220836 9.9982E-05 9.9982E-05 0.525049 0.452668
9.9991E-05 0.00330651 0.077146 0.786015 0.133432
0.0316621 0.07666 0.0333262 0.680802 0.177549
0.00935218 0.11581 9.9991E-05 0.0304675 0.84427
0.451401 9.9991E-05 0.00285167 0.238941 0.306707
0.236954 0.0304804 0.0833071 0.098245 0.551014
0.203524 0.0288842 0.131316 0.618971 0.0173039
9.9991E-05 0.186325 0.0100656 0.726392 0.0771171
0.0838694 0.0325306 0.182995 0.637978 0.0626266
0.324101 0.14161 9.9991E-05 0.260021 0.274167
0.274014 0.00463418 0.116061 0.521188 0.0841026
0.142943 0.0563982 0.176555 0.482903 0.141201
0.168171 0.165423 9.9991E-05 0.416704 0.249602
0.33364 0.204562 0.102348 0.0784341 0.281015
0.0755596 0.0711 0.0601662 0.631321 0.161853
0.311268 0.0410518 0.105527 0.437779 0.104374
0.5293 0.0442579 9.9991E-05 0.108994 0.317348
0.252949 9.9991E-05 0.0195518 0.613565 0.113834
9.9991E-05 0.0170502 0.0614276 0.754447 0.166975
0.132025 0.116986 0.0640367 0.631148 0.0558036
0.282474 0.0916015 0.0414485 0.353171 0.231305
0.235976 0.00996599 0.0678539 0.559751 0.126453
0.260551 0.0825257 0.102234 0.554589 9.9991E-05
0.403887 0.0329385 9.9991E-05 0.318765 0.244309
0.109842 9.9982E-05 9.9982E-05 0.691695 0.198264
0.164286 9.9982E-05 9.9982E-05 0.427273 0.408242
0.165083 0.0974739 0.0557255 0.578938 0.102779
0.00926078 9.9982E-05 9.9982E-05 0.217807 0.772732
0.105312 9.9982E-05 9.9982E-05 0.189338 0.705151
0.126166 9.9982E-05 9.9982E-05 0.458184 0.41545
0.108911 0.0271903 9.9991E-05 0.595488 0.268311
0.037535 0.17247 0.114081 0.497486 0.178428
0.0798997 0.030309 0.0655193 0.585266 0.239006
0.323924 9.9991E-05 0.0110228 0.408691 0.256262
0.337468 0.0252918 9.9991E-05 0.438586 0.198555
0.0941908 0.0806617 0.0487435 0.655784 0.12062
0.147736 0.0287661 9.9991E-05 0.490176 0.333222
0.0502426 0.0795377 9.9991E-05 0.567937 0.302183
9.9982E-05 0.0399014 9.9982E-05 0.535679 0.42422
9.9982E-05 9.9982E-05 0.00996655 0.156788 0.833045
0.0286644 0.0110631 0.0954302 0.672248 0.192595
0.0802916 0.783122 0.0539773 0.0825094 9.9991E-05
9.9973E-05 0.919912 9.9973E-05 0.0797881 9.9973E-05
9.9982E-05 0.882612 0.0315182 0.0856696 9.9982E-05
9.9982E-05 0.915408 0.0119639 0.0724283 9.9982E-05
9.9991E-05 0.900253 0.0358712 0.0586932 0.00508213
0.0240468 0.897702 0.0307714 0.0473798 9.9991E-05
9.9982E-05 0.924676 0.00150352 0.0736208 9.9982E-05
0.091534 0.111331 9.9991E-05 0.643819 0.153216
0.0844703 0.171307 0.0360267 0.64804 0.0601557
0.147437 9.9982E-05 9.9982E-05 0.226964 0.625399
0.0631767 0.023316 0.147245 0.574191 0.192072
0.156432 0.0633929 9.9991E-05 0.62256 0.157515
9.9991E-05 0.0416171 0.0521914 0.774823 0.131268
0.126965 9.9991E-05 0.0730894 0.595327 0.204519
9.9991E-05 0.0303068 0.029289 0.631024 0.30928
0.319034 9.9982E-05 9.9982E-05 0.132917 0.547849
0.0931479 0.130466 9.9991E-05 0.649587 0.126699
0.010959 0.100358 0.0374468 0.693121 0.158115
0.0893315 0.124406 0.080452 0.622117 0.0836936
9.9991E-05 0.0325674 0.00967849 0.426636 0.531018
9.9982E-05 0.0523484 9.9982E-05 0.658412 0.28904
0.115045 9.9982E-05 9.9982E-05 0.586899 0.297856
9.9982E-05 9.9982E-05 0.0197125 0.533996 0.446092
0.105198 0.0594461 9.9991E-05 0.589449 0.245806
0.120308 0.10187 0.0498549 0.687884 0.0400828
0.317458 0.00416029 0.0238236 0.313985 0.340573
0.30998 0.166645 0.0795189 0.382094 0.0617616
0.233236 0.0435214 0.0878484 0.556349 0.079045
0.253642 0.060576 0.0966673 0.589015 9.9991E-05
0.390734 0.0737903 0.0156492 0.519727 9.9991E-05
0.328095 9.9991E-05 0.101856 0.553181 0.0167668
0.424481 9.9991E-05 0.0709896 0.478938 0.025491
0.117687 0.0352631 0.0671937 0.66851 0.111347
0.10948 0.0987488 0.0965378 0.591854 0.103379
0.27361 0.0334124 0.031352 0.58964 0.0719861
0.375923 9.9973E-05 9.9973E-05 0.623777 9.9973E-05
0.119808 0.0477337 0.110599 0.558273 0.163586
0.0578491 0.102808 0.0401301 0.608367 0.190845
0.218257 9.9991E-05 0.189996 0.539297 0.0523495
0.0405951 0.107716 0.120327 0.559368 0.171995
0.225156 9.9991E-05 0.144855 0.567774 0.0621154
0.328913 0.0780134 0.0613013 0.351452 0.18032
0.256771 0.0279505 0.122264 0.574648 0.0183667
0.181395 0.0274061 0.0787064 0.686283 0.0262089
0.433665 9.9991E-05 0.0949406 0.305565 0.165729
0.286384 0.0359094 0.0826782 0.203093 0.391935
0.253862 0.069235 0.0810222 0.580453 0.0154272
0.326444 9.9991E-05 0.0950878 0.0814394 0.496929
0.448704 0.0318286 0.0129466 0.373301 0.13322
0.386852 9.9982E-05 9.9982E-05 0.508893 0.104056
0.431874 0.000849038 9.9991E-05 0.430119 0.137059
0.487688 9.9982E-05 9.9982E-05 0.434415 0.0776968
0.17214 0.0525991 0.0849165 0.596913 0.0934313
0.169387 0.111875 0.0693169 0.612211 0.0372094
0.25183 0.0215565 0.0723913 0.606049 0.0481737
0.419544 9.9991E-05 0.0721198 0.166162 0.342074
0.236108 0.123968 0.0301816 0.568289 0.0414542
9.9991E-05 0.130626 0.102319 0.521535 0.24542
0.105549 0.191601 0.0124823 0.0358957 0.654472
9.9991E-05 0.0962375 0.119376 0.654624 0.129663
0.00797552 0.153488 0.0284027 0.421003 0.389131
0.192617 0.0810865 0.12553 0.533801 0.0669653
0.112834 0.164422 0.00977462 0.287703 0.425266
0.0995412 0.142544 9.9991E-05 0.256635 0.50118
0.162426 0.0561366 0.0553249 0.463417 0.262695
0.0623933 0.0793176 0.154334 0.484741 0.219214
0.101088 0.185816 0.0858933 0.406314 0.220888
0.137386 0.0405705 0.269296 9.9991E-05 0.552648
0.166336 0.0855087 0.10004 0.515056 0.133059
0.0849667 9.9982E-05 9.9982E-05 0.483099 0.431734
0.11444 9.9991E-05 0.055294 0.510337 0.319829
0.00685771 0.0422361 0.21296 0.489582 0.248364
0.0130006 0.337368 0.329009 0.145945 0.174678
9.9982E-05 0.606902 0.173026 9.9982E-05 0.219872
9.9982E-05 0.492975 0.171756 9.9982E-05 0.335069
9.9991E-05 0.419396 0.362049 0.0404499 0.178005
9.9982E-05 9.9982E-05 0.117597 0.60503 0.277173
0.116297 0.103259 0.20775 0.468343 0.104352
0.0542167 9.9982E-05 0.696414 0.249169 9.9982E-05
0.127986 0.042364 0.471015 0.326803 0.0318328
0.0892249 0.0572571 0.446543 0.359207 0.047768
0.0173202 0.0192094 0.0703946 0.360346 0.53273
0.032014 0.0655848 0.129716 0.491989 0.280696
0.00606203 0.00648548 0.0408983 0.270369 0.676185
0.0717724 0.0224634 0.0740113 0.630355 0.201398
0.0621416 0.0218962 0.0754147 0.434464 0.406084
0.0144963 9.9991E-05 0.127633 0.580663 0.277108
0.0348542 0.00970815 0.0655977 0.212926 0.676914
0.0150054 0.0629914 0.129725 0.699016 0.0932624
0.0201234 0.0743005 0.137129 0.553575 0.214873
9.9973E-05 9.9973E-05 0.985511 0.0141895 9.9973E-05
9.9973E-05 9.9973E-05 0.954895 0.0448048 9.9973E-05
0.015153 0.0808607 0.552288 0.314745 0.036953
0.0312066 0.00396193 0.749732 0.215 9.9991E-05
0.0285135 9.9982E-05 0.863761 0.107526 9.9982E-05
9.997E-05 9.997E-05 0.9996 9.997E-05 9.997E-05
0.00605705 9.9973E-05 0.993643 9.9973E-05 9.9973E-05
9.9973E-05 9.9973E-05 0.91096 0.0887398 9.9973E-05
0.0124878 9.9973E-05 0.987212 9.9973E-05 9.9973E-05
9.997E-05 9.997E-05 0.9996 9.997E-05 9.997E-05
9.9973E-05 0.0243661 0.975334 9.9973E-05 9.9973E-05
9.9982E-05 0.0695463 0.803745 0.126509 9.9982E-05
0.0939978 0.0134219 0.83697 0.0555105 9.9991E-05
9.9973E-05 9.9973E-05 0.994817 9.9973E-05 0.00488287
0.154662 0.0189563 0.487808 0.319694 0.0188791
0.0864722 0.0349574 0.692148 0.186322 9.9991E-05
0.0387497 0.0277625 0.82336 0.110027 9.9991E-05
0.0532887 9.9973E-05 0.946411 9.9973E-05 9.9973E-05
9.997E-05 9.997E-05 0.9996 9.997E-05 9.997E-05
0.0155873 9.9982E-05 0.882872 0.10134 9.9982E-05
9.997E-05 9.997E-05 0.9996 9.997E-05 9.997E-05
0.0746004 0.0175975 0.648964 0.256035 0.00280311
0.0237287 0.039307 0.936764 9.9982E-05 9.9982E-05
9.9982E-05 0.365674 0.066527 9.9982E-05 0.567599
0.145474 0.195894 0.1477 0.416923 0.0940095
0.0889185 0.159714 0.113857 0.403596 0.233914
9.9991E-05 0.243955 0.233514 0.122108 0.400323
0.0314121 0.13383 0.225378 0.389682 0.219698
0.00786052 0.298731 0.202602 0.127442 0.363364
0.0284564 0.191118 0.084664 0.505551 0.190211
9.9991E-05 0.23594 0.203937 0.29345 0.266573
9.9991E-05 0.203972 0.10787 0.607873 0.080185
9.9991E-05 0.203533 0.223895 0.375579 0.196893
0.0153889 0.207972 0.109211 0.451999 0.215429
0.0504363 0.822099 9.9991E-05 0.0678357 0.0595294
9.9973E-05 0.91369 0.0860103 9.9973E-05 9.9973E-05
0.00500539 0.994695 9.9973E-05 9.9973E-05 9.9973E-05
0.0452898 0.949724 9.9982E-05 0.0047861 9.9982E-05
0.051278 0.907759 0.040763 9.9982E-05 9.9982E-05
9.9982E-05 0.865831 0.0963686 9.9982E-05 0.0376005
9.9982E-05 0.887489 0.0760836 0.0362275 9.9982E-05
9.9973E-05 0.887709 9.9973E-05 9.9973E-05 0.111991
0.0200826 0.935644 0.00104724 0.0431259 9.9991E-05
0.045679 0.858761 0.0953595 9.9982E-05 9.9982E-05
0.258069 0.614538 9.9982E-05 9.9982E-05 0.127192
0.3293 0.609481 9.9982E-05 9.9982E-05 0.0610187
0.277697 0.540521 9.9982E-05 9.9982E-05 0.181583
0.349839 0.522299 9.9982E-05 9.9982E-05 0.127662
0.056384 0.0910866 9.9991E-05 0.708367 0.144062
0.0795519 0.0257327 0.0733423 0.61796 0.203413
0.212464 0.0149518 0.0739662 0.530653 0.167964
0.269381 0.0482874 9.9991E-05 0.537704 0.144527
0.679505 9.9991E-05 0.0342345 0.218655 0.067506
9.9991E-05 0.0532505 0.0926442 0.711807 0.142199
0.1252 9.9991E-05 0.0333911 0.621938 0.21937
0.023118 9.9991E-05 0.0370498 0.669929 0.269803
0.0386457 9.9991E-05 0.00935539 0.538938 0.412961
0.126502 0.0983055 0.0552913 0.597147 0.122755
0.154408 0.012812 9.9991E-05 0.578023 0.254657
0.0954402 9.9982E-05 9.9982E-05 0.0446834 0.859676
0.161492 0.0897678 9.9991E-05 0.629813 0.118827
9.9973E-05 9.9973E-05 9.9973E-05 0.396023 0.603677
0.0520822 0.0351948 0.024652 0.613544 0.274527
0.199357 9.9982E-05 9.9982E-05 0.331063 0.46938
0.761518 0.118016 0.0215892 9.9991E-05 0.0987771
0.78306 0.0917031 9.9991E-05 0.0967077 0.0284293
0.853573 0.0475069 9.9982E-05 9.9982E-05 0.0987202
0.831319 0.12618 9.9982E-05 9.9982E-05 0.0423008
0.868026 0.00519591 0.0507179 0.00133079 0.0747291
0.820499 0.0547396 0.0565817 0.0589343 0.0092453
0.0133701 0.874379 0.0383754 0.0737753 9.9991E-05
0.0846908 0.778476 0.0716391 0.0650937 9.9991E-05
9.9982E-05 0.797203 0.117183 0.0854137 9.9982E-05
0.0923708 0.753858 0.129219 0.0244519 9.9991E-05
0.121463 0.766158 0.108198 0.00408076 9.9991E-05
0.533873 0.391109 9.9982E-05 9.9982E-05 0.0748176
0.427526 0.48892 9.9982E-05 9.9982E-05 0.083354
0.473892 0.442405 9.9982E-05 9.9982E-05 0.0835029
0.0623045 0.813033 0.0580146 0.066548 9.9991E-05
0.564012 0.373858 9.9982E-05 9.9982E-05 0.0619298
9.9991E-05 0.247669 0.392444 0.275391 0.0843963
9.9991E-05 0.178246 0.182278 0.629036 0.0103402
9.9982E-05 0.198548 0.29867 0.502582 9.9982E-05
9.9991E-05 0.228428 0.22882 0.417646 0.125006
0.066065 0.190691 0.170075 0.573069 9.9991E-05
9.9982E-05 0.491238 0.351905 9.9982E-05 0.156657
0.337725 9.9991E-05 0.033908 0.501874 0.126393
0.256986 9.9991E-05 0.0519167 0.402651 0.288346
0.503999 0.125156 9.9991E-05 0.315594 0.0551511
0.12428 0.0176624 0.0398648 0.479175 0.339018
0.160537 9.9973E-05 9.9973E-05 9.9973E-05 0.839163
0.0915395 0.108189 0.046033 0.662821 0.091418
0.239945 9.9991E-05 0.026742 0.571659 0.161555
0.471436 0.0358843 9.9991E-05 0.43315 0.059429
0.219446 0.0647942 0.118128 0.538201 0.0594307
0.351067 9.9991E-05 0.034108 0.1233 0.491425
0.109858 0.035118 0.0865001 0.495167 0.273357
0.272093 0.0120354 0.0335627 0.636298 0.0460109
0.174167 0.086405 0.225639 0.37181 0.141979
0.264947 9.9991E-05 0.0749162 0.396112 0.263925
0.221232 0.0798118 0.0146475 0.538576 0.145732
0.207891 9.9991E-05 0.228297 0.421576 0.142136
0.158587 9.9991E-05 0.0873877 0.506785 0.247139
0.148666 0.0383551 0.0976362 0.6274 0.0879426
0.30009 0.0189636 0.148072 0.488926 0.0439487
0.185704 0.0279376 0.094628 0.592273 0.0994571
9.9982E-05 0.7983 0.114492 0.0870087 9.9982E-05
9.9991E-05 0.82394 0.0904803 0.0393105 0.0461697
0.0198035 0.831075 9.9991E-05 0.0446854 0.104336
9.9991E-05 0.800341 0.0564902 0.00207241 0.140996
9.9982E-05 0.863872 0.0128211 0.123106 9.9982E-05
0.607479 9.9991E-05 0.0927857 0.183205 0.116431
0.147927 0.00486358 0.182189 0.484381 0.180639
9.9991E-05 0.176056 0.224334 0.507408 0.0921015
0.118051 9.9991E-05 0.177307 0.606468 0.0980729
0.285328 0.0462679 9.9991E-05 0.55628 0.112024
0.312858 9.9991E-05 0.131862 0.278102 0.277079
0.581283 0.127682 9.9991E-05 0.0334904 0.257445
0.276243 0.0210936 0.0503622 0.611716 0.040586
0.585696 0.10119 0.0663379 0.175055 0.0717212
0.218964 0.00721621 0.164603 0.316949 0.292269
0.570239 0.111855 0.0127873 0.158764 0.146355
0.151026 0.136671 0.111827 0.600376 9.9991E-05
0.589436 0.0265261 0.0964608 0.147822 0.139756
0.27172 0.00159193 0.126429 0.353507 0.246752
0.0973655 0.00303203 0.147552 0.463453 0.288597
0.0770025 0.0464649 0.0386364 0.300264 0.537633
0.0491879 0.106553 9.9991E-05 0.657893 0.186265
9.9982E-05 0.211686 9.9982E-05 0.650879 0.137234
0.139907 0.0314668 0.00261291 0.40304 0.422974
0.0165852 0.129114 0.159516 0.490383 0.204403
9.9982E-05 0.0944283 9.9982E-05 0.641389 0.263983
0.119921 9.9982E-05 9.9982E-05 0.13551 0.744368
0.0085835 0.0120067 9.9991E-05 0.343184 0.636126
0.0483746 0.0261771 0.00816673 0.578762 0.33852
0.148556 0.0249683 9.9991E-05 0.221379 0.604997
0.179969 9.9982E-05 9.9982E-05 0.531399 0.288432
0.650436 0.0146845 0.0685831 0.115432 0.150865
0.327432 9.9991E-05 0.0437929 0.272701 0.355974
0.51498 9.9991E-05 0.133312 0.31676 0.0348486
0.221372 9.9991E-05 0.156384 0.566749 0.0553943
0.562076 9.9991E-05 0.0158362 0.316015 0.105973
0.209711 0.0458678 0.1407 0.513822 0.0898984
0.208098 0.0421677 0.101526 0.648109 9.9991E-05
0.280588 0.0046178 0.105224 0.542215 0.067356
0.255584 9.9991E-05 0.138865 0.477992 0.127459
0.328954 0.0250901 0.0360671 0.563153 0.0467358
0.591215 9.9991E-05 0.124391 0.222933 0.0613612
0.42222 0.00759612 0.131127 0.290701 0.148356
0.166049 0.0103181 0.0469606 0.67196 0.104712
0.202131 0.0168264 0.094323 0.63658 0.0501399
0.196072 0.0873265 0.0646917 0.437905 0.214005
0.247348 9.9991E-05 0.160399 0.470579 0.121574
0.411983 0.0462354 0.109351 0.399223 0.0332076
0.181014 0.0333168 0.0877263 0.636616 0.0613272
0.285033 0.0212044 0.143264 0.52826 0.0222388
0.0954806 0.131004 0.205036 0.429595 0.138885
0.0265983 0.344833 0.179037 0.410382 0.0391496
9.9991E-05 0.175185 0.221091 0.474336 0.129288
0.0493565 0.177097 0.18482 0.531319 0.0574074
0.0787565 0.0403898 0.139136 0.660514 0.0812034
9.9991E-05 0.246922 0.233159 0.513299 0.00651919
0.219583 9.9991E-05 0.0601357 0.486546 0.233636
0.0206521 0.183202 0.157823 0.61078 0.0275423
0.0120461 0.281484 0.199679 0.0161797 0.490611
0.124629 0.109147 0.176292 0.549609 0.0403226
0.0578888 0.102139 0.283003 0.449626 0.107343
0.125118 0.0321619 0.326075 0.50168 0.0149646
0.0901233 0.244909 0.105579 0.36081 0.198579
0.0303819 0.281713 0.221483 0.466321 9.9991E-05
0.0552793 0.136576 0.184025 0.524008 0.100111
9.9982E-05 0.496814 0.146795 9.9982E-05 0.356191
9.9991E-05 0.175934 0.24198 0.511805 0.0701808
0.012757 0.143877 0.24509 0.504203 0.0940718
0.0789594 0.0680125 0.165783 0.607547 0.0796972
9.9982E-05 0.221013 0.172036 0.606752 9.9982E-05
0.00178431 0.120631 0.220634 0.476202 0.180749
0.0798596 0.0312312 0.0954718 0.503399 0.290039
0.131711 0.0844857 0.169621 0.391859 0.222323
0.158219 9.9991E-05 0.0229189 0.112765 0.705997
0.110352 9.9982E-05 9.9982E-05 0.117355 0.772093
0.0430148 0.0421976 0.0752488 0.598307 0.241232
0.0234875 0.12552 0.373099 0.390892 0.0870016
9.9991E-05 0.0868378 0.455631 0.286169 0.171262
9.9991E-05 0.242184 0.283861 0.182939 0.290916
0.00254882 0.194634 0.301653 0.323036 0.178129
9.9991E-05 0.0893967 0.14696 0.0910234 0.67252
9.9991E-05 0.0833917 0.200785 0.105165 0.610558
9.9982E-05 9.9982E-05 0.156565 0.612639 0.230596
9.9991E-05 0.0337187 0.196733 0.498509 0.270939
9.9991E-05 0.0675398 0.208249 0.185642 0.53847
9.9991E-05 0.104764 0.135884 0.552313 0.206939
0.0478293 9.9991E-05 0.171729 0.549892 0.23045
0.119204 0.0914917 0.178655 0.466107 0.144543
0.115613 9.9982E-05 9.9982E-05 0.423472 0.460715
0.0605405 9.9991E-05 0.0934505 0.413772 0.432137
9.9991E-05 0.0457987 0.0149344 0.747182 0.191984
0.181758 0.0303148 0.110286 0.378408 0.299233
0.0237502 0.125843 0.0997578 0.458987 0.291662
0.0142432 0.0187425 9.9991E-05 0.551268 0.415647
0.0796854 9.9991E-05 0.0254893 0.292686 0.60204
9.9982E-05 9.9982E-05 0.100447 0.588897 0.310456
0.0737026 9.9991E-05 0.0723408 0.229871 0.623986
0.0250369 0.0390331 0.00496559 0.489336 0.441629
9.9991E-05 0.1197 0.0452369 0.605861 0.229103
0.125434 9.9991E-05 0.0426741 0.545038 0.286754
0.0495781 0.111867 0.290995 0.460459 0.0871003
0.0474456 0.135335 0.250005 0.368485 0.19873
0.0735597 0.150476 0.306126 0.288036 0.181802
0.157575 0.19599 0.267577 0.290314 0.0885439
0.0524508 0.158073 0.247488 0.381743 0.160245
0.0864498 0.134848 0.247473 0.430732 0.100497
0.0244355 0.198288 0.206452 9.9991E-05 0.570725
0.10043 0.0510181 0.261013 0.587439 9.9991E-05
9.9982E-05 0.413309 0.154874 9.9982E-05 0.431617
9.9991E-05 0.0712875 0.237176 0.490583 0.200853
9.9973E-05 9.9973E-05 9.9973E-05 0.204822 0.794878
0.0612757 0.0184115 9.9982E-05 9.9982E-05 0.920113
9.9982E-05 9.9982E-05 0.04067 0.544422 0.414708
9.9982E-05 9.9982E-05 0.0957221 0.669728 0.23435
0.0678347 9.9982E-05 9.9982E-05 0.483695 0.44827
9.9982E-05 9.9982E-05 0.028854 0.615024 0.355922
0.0516097 0.0114158 0.012149 0.590032 0.334794
0.00943937 0.815357 0.0611937 0.0885523 0.0254577
0.127947 0.703326 0.130814 9.9991E-05 0.037813
0.032202 0.898148 0.0694502 9.9982E-05 9.9982E-05
9.9973E-05 0.96371 9.9973E-05 0.0359898 9.9973E-05
0.0678691 0.0560369 0.0355386 0.625418 0.215137
0.0908438 0.0642806 9.9991E-05 0.636167 0.208609
0.0939607 9.9982E-05 9.9982E-05 0.65757 0.248269
0.0441686 0.177819 9.9991E-05 0.764088 0.013824
0.0133425 0.0995851 0.021974 0.576122 0.288977
0.191487 9.9982E-05 9.9982E-05 0.387898 0.420415
0.0771939 9.9991E-05 0.027437 0.772696 0.122573
9.9973E-05 9.9973E-05 9.9973E-05 0.553319 0.446381
0.0982756 0.184814 0.268654 0.448157 9.9991E-05
0.0782381 9.9991E-05 0.0531126 0.533994 0.334556
0.159498 9.9982E-05 9.9982E-05 0.49212 0.348182
0.0953781 0.0165311 9.9991E-05 0.686293 0.201698
0.0919547 0.0137692 9.9991E-05 0.543732 0.350445
9.9982E-05 9.9982E-05 0.0554991 0.603588 0.340713
0.0446322 0.115837 0.0483868 0.614588 0.176556
9.9973E-05 9.9973E-05 9.9973E-05 0.285709 0.713991
0.0687434 9.9991E-05 0.0118285 0.456534 0.462794
0.145003 0.0232423 9.9991E-05 0.473887 0.357768
9.9973E-05 9.9973E-05 9.9973E-05 0.0356325 0.964068
0.172467 0.00466262 0.0510949 0.501656 0.27012
0.0295538 9.9982E-05 9.9982E-05 0.254125 0.716121
0.0468396 9.9982E-05 9.9982E-05 0.0443113 0.908649
0.0797461 0.0720326 0.00762935 0.650533 0.190059
0.184054 0.00572784 9.9991E-05 0.416557 0.393561
0.145884 9.9991E-05 0.0496717 0.513918 0.290427
0.0390461 0.194688 0.0340354 0.6916 0.0406307
0.107441 0.0107573 9.9991E-05 0.660259 0.221443
0.246153 9.9991E-05 0.101604 0.409001 0.243143
0.121848 0.0658154 9.9991E-05 0.662632 0.149605
0.129218 0.0508638 9.9991E-05 0.649764 0.170055
9.9973E-05 9.9973E-05 9.9973E-05 0.475807 0.523893
0.0947997 0.13931 0.0409401 0.617698 0.107252
0.279617 0.642658 9.9991E-05 0.0112892 0.0663363
0.0877375 0.774293 9.9991E-05 0.0708746 0.0669954
0.159036 0.817735 9.9982E-05 9.9982E-05 0.0230289
0.137901 0.80723 9.9982E-05 9.9982E-05 0.0546687
0.218697 0.711712 9.9982E-05 0.0693916 9.9982E-05
0.219328 9.9982E-05 9.9982E-05 0.364861 0.41561
0.16467 0.0243163 9.9991E-05 0.310201 0.500713
9.9973E-05 9.9973E-05 9.9973E-05 0.352741 0.646959
0.0145612 0.121647 0.0828174 0.634464 0.146511
0.0429225 0.112133 0.0529318 0.638366 0.153646
9.9982E-05 0.0542459 9.9982E-05 0.434477 0.511077
9.9982E-05 9.9982E-05 0.0716412 0.76269 0.165469
9.9982E-05 9.9982E-05 0.0500503 0.528025 0.421725
0.0130925 0.0422286 0.0174071 0.620824 0.306448
0.0960952 0.0284138 9.9991E-05 0.754409 0.120982
0.171095 9.9982E-05 9.9982E-05 0.397252 0.431453
0.204297 9.9982E-05 9.9982E-05 0.55822 0.237283
0.214477 9.9982E-05 9.9982E-05 0.483283 0.30204
0.0115136 0.112934 0.0506324 0.696216 0.128704
0.180029 9.9982E-05 9.9982E-05 0.620411 0.19936
0.0145445 0.0940405 0.00177878 0.642448 0.247188
0.0227284 0.0255349 0.521789 0.387971 0.0419763
9.9991E-05 0.0755812 0.511684 0.329099 0.0835351
9.9982E-05 0.111208 0.470998 0.417593 9.9982E-05
9.9991E-05 0.164888 0.53487 0.253305 0.046838
0.0515536 0.0787385 0.424627 0.387789 0.0572922
9.9991E-05 0.0328373 0.0394799 0.561085 0.366498
9.9991E-05 0.254808 0.669373 0.0373379 0.0383819
9.9982E-05 0.130519 0.537735 0.331546 9.9982E-05
0.101493 0.09231 0.223407 0.38055 0.202239
0.0049303 0.209729 9.9991E-05 0.644899 0.140342
0.0492718 0.138606 0.130697 0.395445 0.285981
0.00275932 0.139072 0.0163869 0.754441 0.0873411
0.0946522 0.139388 0.0152632 0.659631 0.0910654
9.9982E-05 0.179787 0.581867 0.238146 9.9982E-05
0.121921 0.122319 0.411426 0.344234 9.9991E-05
9.9982E-05 0.0543499 0.549845 0.395605 9.9982E-05
0.0354096 0.151265 0.292393 0.434159 0.0867732
9.9982E-05 0.128758 0.560941 0.310101 9.9982E-05
0.0318069 0.162801 0.379113 0.381422 0.0448575
9.9982E-05 0.158997 0.555961 0.284842 9.9982E-05
0.0735588 0.0305278 0.496845 0.37526 0.0238081
9.9991E-05 0.132841 0.0697117 0.495668 0.301679
0.0950738 0.195919 0.344443 0.364464 9.9991E-05
9.9982E-05 0.171 0.661944 0.166856 9.9982E-05
9.9991E-05 0.090673 0.420965 0.377158 0.111104
0.251194 0.197389 9.9991E-05 0.261344 0.289974
0.15195 9.9991E-05 0.145431 0.548722 0.153797
0.0627995 0.193204 0.32607 0.375692 0.0422336
0.146551 0.104572 0.0746954 0.600451 0.073731
0.0769872 0.200449 9.9991E-05 0.607257 0.115207
9.9991E-05 0.186157 0.269313 0.392652 0.151778
0.0779611 0.215576 0.352571 0.28049 0.0734027
0.0889112 0.0833031 0.151447 0.644966 0.0313732
9.9991E-05 0.137471 0.386129 0.431406 0.0448933
0.0419861 0.086434 0.511376 0.360104 9.9991E-05
0.0329752 0.197602 0.666727 0.102596 9.9991E-05
0.0351887 0.150733 0.120142 0.622108 0.0718287
0.0365138 0.180044 9.9991E-05 0.57904 0.204302
9.9991E-05 0.216119 0.0647465 0.144681 0.574354
0.00315605 0.140772 0.129226 0.637226 0.0896207
0.335864 0.158034 0.0913185 0.383967 0.0308167
0.0303158 0.174835 0.149404 0.526086 0.11936
0.0102162 0.137746 0.12923 0.560639 0.162168
9.9982E-05 0.349812 0.216161 9.9982E-05 0.433827
9.9982E-05 0.386978 0.13625 9.9982E-05 0.476573
0.056227 0.150029 0.199782 0.283122 0.31084
0.0134995 0.386316 0.230107 0.00190734 0.368171
9.9982E-05 0.431765 0.25458 9.9982E-05 0.313454
0.0193434 0.13442 0.180662 0.338728 0.326846
9.9991E-05 0.240119 0.171774 0.315814 0.272193
0.0849563 0.309601 0.204453 0.125921 0.275068
0.0101521 0.280465 0.248851 0.0517277 0.408804
0.0376121 0.161058 0.162683 0.527644 0.111003
9.9991E-05 0.248171 0.171029 0.174122 0.406577
9.9982E-05 0.544086 0.0829479 9.9982E-05 0.372766
0.096983 0.0692116 0.229264 0.494206 0.110336
0.0334643 0.183931 0.251109 0.32846 0.203036
0.0688124 0.301056 0.175275 0.454757 9.9991E-05
9.9982E-05 0.177697 0.330083 0.49202 9.9982E-05
9.9991E-05 0.193634 0.167406 0.608573 0.0302877
0.0257431 0.148952 0.347237 0.378344 0.0997241
0.0464089 0.353536 0.194074 0.405881 9.9991E-05
9.9982E-05 0.238455 0.181097 0.580248 9.9982E-05
0.00971701 0.245345 0.243668 0.50117 9.9991E-05
0.0787795 0.219185 0.351384 0.249471 0.101181
0.140621 0.192985 0.101158 0.394129 0.171107
0.0664236 0.157687 0.120652 0.52975 0.125488
0.106032 0.196008 0.137721 0.538422 0.021816
0.0539038 0.0865203 0.120281 0.644446 0.0948487
0.0505556 0.297859 0.299035 0.35245 9.9991E-05
0.0558092 0.203609 0.178391 0.562092 9.9991E-05
9.9991E-05 0.40132 0.239027 0.157562 0.201991
0.115183 0.140837 0.288931 0.405361 0.0496882
9.9991E-05 0.265576 0.309325 0.273426 0.151573
0.118506 0.767989 0.00944408 9.9991E-05 0.10396
0.776162 0.0920441 9.9991E-05 0.127362 0.00433174
0.9996 9.997E-05 9.997E-05 9.997E-05 9.997E-05
0.990366 0.00933449 9.9973E-05 9.9973E-05 9.9973E-05
0.937106 9.9973E-05 9.9973E-05 0.0625936 9.9973E-05
0.922555 9.9973E-05 0.0771456 9.9973E-05 9.9973E-05
0.934766 9.9973E-05 9.9973E-05 0.0649338 9.9973E-05
0.965222 0.0344781 9.9973E-05 9.9973E-05 9.9973E-05
0.809746 0.189702 0.000352048 9.9982E-05 9.9982E-05
0.0376118 0.913673 0.0255749 0.0230403 9.9991E-05
0.0764733 0.848499 9.9982E-05 0.0748275 9.9982E-05
9.9982E-05 0.889553 0.0114936 0.0987532 9.9982E-05
0.146155 0.828228 9.9991E-05 0.024002 0.00151572
0.0719718 0.900952 0.00717828 0.0197975 9.9991E-05
0.070135 0.895285 9.9991E-05 0.0159194 0.0185608
0.113777 0.722606 0.122625 0.0408919 9.9991E-05
0.0466333 0.832198 0.0974065 0.0236623 9.9991E-05
0.149948 0.687669 0.0768035 0.01543 0.0701491
9.9982E-05 0.92349 0.0715371 0.00477273 9.9982E-05
0.0112731 0.988427 9.9973E-05 9.9973E-05 9.9973E-05
0.0456986 0.846822 0.0630007 0.0443787 9.9991E-05
0.0248078 0.952399 9.9982E-05 0.0225937 9.9982E-05
0.00637105 0.915072 0.0329328 0.0455245 9.9991E-05
0.0146253 0.865792 0.0424214 0.0770612 9.9991E-05
9.9973E-05 0.879055 9.9973E-05 0.120645 9.9973E-05
9.9982E-05 0.793276 0.150817 0.055707 9.9982E-05
9.9982E-05 0.795404 0.0788586 0.125538 9.9982E-05
9.9982E-05 0.83829 0.0721521 0.0893584 9.9982E-05
0.0746881 0.181807 9.9991E-05 0.519976 0.223428
9.9982E-05 0.102937 9.9982E-05 0.799351 0.0975116
0.071201 0.196265 0.0608772 0.62326 0.048397
9.9991E-05 0.118433 0.0383083 0.158257 0.684901
0.085348 0.153426 0.00181236 0.622095 0.137318
9.9991E-05 0.173195 0.0857556 0.114472 0.626478
0.0135553 0.130887 0.0449029 0.71165 0.0990041
0.151294 0.116278 9.9991E-05 0.487247 0.24508
0.122435 0.0977679 9.9991E-05 0.57778 0.201916
0.0298232 0.11315 9.9991E-05 0.617256 0.23967
0.180865 0.121101 9.9991E-05 0.530417 0.167517
0.0672579 0.0258979 0.0266919 0.713707 0.166446
0.149108 0.13466 0.00286469 0.637129 0.0762386
0.46717 9.9991E-05 0.093768 0.0657205 0.373241
0.0263175 0.107928 9.9982E-05 9.9982E-05 0.865555
0.060082 0.129973 0.0159314 0.23125 0.562763
0.0594457 0.110793 0.11356 0.63014 0.0860615
0.0498349 0.096348 0.0452302 0.578109 0.230478
0.0229274 0.158709 9.9991E-05 0.622367 0.195897
9.9991E-05 0.0880803 0.143845 0.563097 0.204878
9.9991E-05 0.194916 0.218209 0.534147 0.0526285
0.0436872 0.19498 0.136103 0.625129 9.9991E-05
0.106469 0.417034 0.216834 0.128324 0.131339
0.111945 0.21592 0.0559134 0.616121 9.9991E-05
0.0535719 0.218992 0.226283 0.417579 0.0835744
9.9982E-05 0.47298 0.203547 9.9982E-05 0.323272
9.9991E-05 0.283772 0.284131 0.260688 0.171309
0.116709 0.329647 0.206664 0.305014 0.041966
0.13251 0.300834 0.137638 0.426091 0.00292793
0.163809 0.133906 0.248937 0.453248 9.9991E-05
0.0519758 0.228145 0.131385 0.588042 0.000452165
0.0183188 0.156211 0.183067 0.611881 0.0305221
9.9991E-05 0.214744 0.182216 0.377683 0.225257
9.9982E-05 0.517412 0.154318 0.32807 9.9982E-05
