9.9982E-05 0.00646122 9.9982E-05 0.045155 0.948184
0.0366104 9.9982E-05 9.9982E-05 0.00114817 0.962042
9.9991E-05 0.109757 0.017977 0.0236544 0.848512
9.999E-05 0.0216497 0.100013 0.101615 0.776622
9.9982E-05 0.0811531 0.00625504 9.9982E-05 0.912392
0.0842688 0.0780782 0.0510183 0.119449 0.667186
0.0907544 9.9991E-05 0.00538846 0.0525631 0.851194
0.0424339 9.9991E-05 0.0509104 0.186495 0.72006
0.0653448 9.9982E-05 9.9982E-05 0.100606 0.833849
0.057627 0.0556477 0.123982 0.0514429 0.711301
0.0449634 0.0200408 9.9991E-05 0.191074 0.743822
0.0991029 0.293593 0.0855918 0.521612 9.9991E-05
9.9991E-05 0.590321 0.0645809 0.334011 0.0109867
0.0638559 0.281132 0.0971404 0.504072 0.0537993
0.0442489 0.338594 0.17476 0.4117 0.0306968
0.0659004 0.365484 0.18858 0.29227 0.0877666
0.00611998 0.602363 0.0942686 0.174825 0.122424
0.111032 0.514687 0.0797046 0.28359 0.0109868
0.0255296 0.316238 0.152876 0.376293 0.129064
0.119519 0.101375 0.071961 0.68903 0.018115
0.115991 0.450121 0.0936043 0.340184 9.9991E-05
0.207398 0.413846 0.0456157 0.249017 0.084123
0.0746698 0.66687 9.9991E-05 0.175874 0.0824863
0.204216 0.298513 0.108741 0.38843 9.9991E-05
0.0557742 0.675317 0.0268723 0.101248 0.140788
0.0329546 0.54076 0.140735 0.282227 0.00332344
0.165205 0.165926 0.140209 0.528561 9.9991E-05
0.0907403 0.170405 0.207647 0.529352 0.00185595
0.205064 0.325124 9.9991E-05 0.444693 0.0250186
9.9982E-05 0.0685441 0.0591403 9.9982E-05 0.872116
9.9982E-05 0.12373 0.0268333 9.9982E-05 0.849237
9.9973E-05 0.214066 9.9973E-05 9.9973E-05 0.785634
9.9982E-05 0.153601 0.109493 9.9982E-05 0.736706
0.271752 0.627537 0.023749 0.0593753 0.0175872
0.104475 0.639078 0.0400775 0.117717 0.0986533
0.147874 0.764709 9.9991E-05 0.0220953 0.0652223
0.111705 0.144064 0.0556054 0.596242 0.0923844
0.406441 0.486054 0.0350674 0.0723381 9.9991E-05
0.136269 0.60776 0.0706712 0.149106 0.036194
0.166935 0.757864 0.0391032 9.9991E-05 0.0359985
0.102118 0.652894 9.9991E-05 0.0764462 0.168442
0.0519651 0.71498 9.9991E-05 0.113946 0.119009
0.486357 0.345738 9.9982E-05 0.167705 9.9982E-05
0.236464 0.611097 0.0830998 9.9991E-05 0.0692384
0.125009 0.719857 0.0328489 0.0253051 0.0969802
0.0354895 0.636606 0.0656522 0.0448095 0.217443
0.476325 0.512984 9.9982E-05 0.0104914 9.9982E-05
0.170378 0.749154 0.0225808 0.00897841 0.0489085
0.2318 0.51161 0.0891012 0.0651754 0.102313
0.860862 9.9982E-05 9.9982E-05 0.0297854 0.109152
0.234659 0.254143 9.9982E-05 0.510999 9.9982E-05
0.593269 0.220855 0.0052702 0.128545 0.0520614
0.0608307 0.560922 0.0914466 0.142858 0.143943
0.0986877 0.625704 0.0862597 0.0543008 0.135048
0.14888 0.554449 0.131417 0.0774411 0.0878128
0.218754 0.303456 9.9991E-05 0.378188 0.0995017
0.129615 0.551618 0.0760177 0.237489 0.00525978
0.161962 0.517558 0.152748 0.137306 0.0304256
0.222252 0.39911 0.0308887 0.250963 0.0967863
0.26894 0.0912133 0.059979 0.35613 0.223737
0.0325912 0.56166 0.114417 0.245166 0.0461658
0.169504 0.388567 0.0994276 0.282008 0.0604931
0.292661 0.09308 9.9991E-05 0.572409 0.0417499
0.112233 0.576351 0.0191429 0.292173 9.9991E-05
0.243697 0.600963 0.132036 0.0232047 9.9991E-05
0.0834199 0.605855 0.078856 0.220266 0.0116031
0.192501 0.339039 0.0864593 0.365533 0.016468
0.166088 0.523871 0.11619 0.147096 0.0467536
0.0712752 0.643549 0.0154864 0.168195 0.101494
0.360851 0.248417 9.9991E-05 0.369784 0.0208487
0.265185 0.650153 9.9982E-05 0.0844621 9.9982E-05
0.384735 0.457107 9.9982E-05 0.157958 9.9982E-05
0.174301 0.547017 0.106117 0.0787108 0.093854
0.721505 0.231638 9.9982E-05 0.0466572 9.9982E-05
0.781826 0.161206 9.9982E-05 0.0567678 9.9982E-05
0.403389 0.514352 9.9982E-05 0.082059 9.9982E-05
0.217057 0.615789 9.9991E-05 0.1472 0.0198537
0.120552 0.617661 0.0249756 0.0964686 0.140342
0.286169 0.617973 9.9991E-05 0.0812977 0.0144602
0.27359 0.380583 9.9991E-05 0.295474 0.0502527
0.344031 0.361663 9.9991E-05 0.292394 0.00181209
0.141166 0.607459 0.0798559 0.10429 0.0672292
0.322055 0.443806 9.9991E-05 0.199021 0.0350189
0.278344 0.57548 9.9991E-05 0.0877797 0.0582965
0.448004 0.551696 9.9973E-05 9.9973E-05 9.9973E-05
0.794809 0.141893 0.00404108 0.0552253 0.00403228
0.0949086 0.770722 0.0222798 0.0934794 0.01861
9.9991E-05 0.0923229 0.0465323 0.0389558 0.822089
9.9973E-05 0.0927439 9.9973E-05 9.9973E-05 0.906956
9.9982E-05 0.0824672 0.0355057 9.9982E-05 0.881827
0.00657228 0.0637408 0.00646629 9.9991E-05 0.923121
9.9982E-05 0.0812703 0.0274732 9.9982E-05 0.891057
0.0229267 0.00462054 0.0765626 9.9991E-05 0.89579
9.9973E-05 0.0530478 9.9973E-05 9.9973E-05 0.946652
0.127291 0.663702 0.0971372 9.9991E-05 0.11177
0.0772853 0.653563 0.0536114 0.128702 0.0868381
0.62756 0.19982 9.9982E-05 0.17242 9.9982E-05
0.138028 0.516351 0.189583 0.101812 0.0542249
0.209832 0.562978 0.0121602 0.21042 0.00461012
0.271575 0.623107 0.0183793 0.0293632 0.057575
0.244782 0.614926 0.110525 0.00129472 0.0284725
0.350945 0.563587 0.0579858 0.0273821 9.9991E-05
0.578413 0.125087 9.9991E-05 0.266847 0.0295534
0.0444234 0.644163 0.043351 0.117397 0.150665
0.157398 0.734555 0.0355711 9.9991E-05 0.0723751
0.0575563 0.606289 0.123718 0.139002 0.0734343
0.480015 0.498755 9.9982E-05 9.9982E-05 0.0210294
0.286925 0.696861 9.9982E-05 9.9982E-05 0.0160134
0.296646 0.531643 9.9991E-05 0.0980634 0.0735477
0.440939 0.506776 0.0520847 9.9982E-05 9.9982E-05
0.249743 0.602108 9.9991E-05 0.095804 0.0522452
0.0875367 0.692552 9.9991E-05 0.0448084 0.175003
0.345734 0.179027 0.149565 0.325574 9.9991E-05
0.0425237 0.397515 0.0971259 0.334227 0.128608
0.117654 0.500066 0.111131 0.214809 0.0563403
0.144245 0.634656 0.128865 9.9991E-05 0.0921347
0.0432906 0.592483 9.9991E-05 0.304725 0.0594008
0.0285452 0.605895 0.0389115 0.258499 0.0681487
9.9982E-05 0.461105 0.0700236 0.468671 9.9982E-05
0.151968 0.532751 0.0473775 0.1488 0.119103
0.00478637 0.57323 0.101726 0.250826 0.0694319
0.108115 0.66506 9.9991E-05 0.130348 0.0963773
9.9991E-05 0.567419 0.000187944 0.425784 0.00650857
0.0965263 0.757373 0.0366199 0.109381 9.9991E-05
0.105518 0.571315 0.0990253 0.13639 0.0877521
0.0419749 0.540557 0.0980986 0.319269 9.9991E-05
0.0251635 0.554635 0.1405 0.179201 0.100501
0.0641324 0.553857 0.139669 0.242241 9.9991E-05
0.187648 0.433617 0.0529884 0.218716 0.107031
9.9991E-05 0.659489 0.0838853 0.188317 0.0682077
0.0508399 0.668118 0.0957899 0.1511 0.0341521
0.180419 0.220357 0.139375 0.459748 9.9991E-05
0.389705 0.189446 0.108207 0.248483 0.0641591
0.140668 0.569363 0.0550631 0.195047 0.0398582
0.50964 0.0693622 0.0871585 0.33374 9.9991E-05
0.0849075 0.359715 9.9991E-05 0.49606 0.0592174
0.147117 0.513701 9.9982E-05 0.338982 9.9982E-05
0.0406734 0.416642 9.9991E-05 0.534529 0.00805601
0.186095 0.31162 0.0252511 0.476934 9.9991E-05
0.0441941 0.538816 0.115084 0.274724 0.0271818
0.0379209 0.500978 0.153268 0.265031 0.0428021
0.126318 0.630844 9.9991E-05 0.116322 0.126416
0.42996 0.0831797 0.161912 0.324848 9.9991E-05
0.17144 0.574033 0.0569942 0.0579649 0.139568
0.268893 0.510628 0.0693346 0.0773975 0.0737463
0.611422 0.04287 9.9991E-05 0.138029 0.207578
0.233778 0.561026 0.0594254 9.9991E-05 0.145671
0.352147 0.45072 9.9991E-05 0.0600494 0.136984
0.178147 0.504442 0.105382 0.125219 0.0868093
0.413464 0.255067 0.0634016 0.137385 0.130683
0.474552 0.255083 9.9991E-05 0.153218 0.117047
0.289591 0.485345 9.9991E-05 0.0988914 0.126072
0.136855 0.547864 0.0801825 0.121438 0.113661
0.176062 0.348729 0.152241 0.139841 0.183126
0.580825 0.013172 0.171038 0.167058 0.0679069
0.196044 0.553366 0.0787524 9.9991E-05 0.171738
0.452734 0.46681 9.9982E-05 0.0802563 9.9982E-05
0.311278 0.546416 9.9982E-05 0.142105 9.9982E-05
0.0954356 0.703265 0.0534734 0.0244743 0.123352
0.217951 0.140952 0.284322 0.0117339 0.345041
0.20206 9.9982E-05 0.16719 9.9982E-05 0.63055
0.322845 9.9982E-05 0.166095 9.9982E-05 0.51086
0.132478 0.0498857 0.3909 0.0403473 0.386389
0.303239 0.65478 0.0417814 9.9982E-05 9.9982E-05
0.141209 0.584892 0.104151 0.0152877 0.15446
9.9973E-05 0.305769 0.693932 9.9973E-05 9.9973E-05
9.9991E-05 0.415314 0.47478 0.0792966 0.0305101
0.0757804 0.315843 0.491832 0.0829258 0.0336196
0.494043 0.432089 0.0298766 9.9991E-05 0.0438914
0.166433 0.612175 0.0789044 0.0967168 0.0457711
0.707284 0.185962 0.0748381 9.9991E-05 0.0318155
0.250118 0.643998 0.0660526 0.0241956 0.0156351
0.385548 0.434312 0.0514109 0.074564 0.0541642
0.249355 0.633634 0.0807626 0.00102628 0.0352228
0.674835 0.174352 0.0974542 0.0411823 0.0121766
0.229704 0.558024 0.154661 0.0299373 0.0276745
0.273387 0.486238 0.108504 9.9991E-05 0.131772
0.0237797 9.9973E-05 0.97592 9.9973E-05 9.9973E-05
9.9973E-05 0.0762027 0.923497 9.9973E-05 9.9973E-05
0.0505189 0.364325 0.487256 9.9991E-05 0.0978002
9.9991E-05 0.286165 0.671532 0.0269226 0.0152805
9.9982E-05 0.175024 0.802652 9.9982E-05 0.0221241
9.997E-05 9.997E-05 0.9996 9.997E-05 9.997E-05
9.9982E-05 9.9982E-05 0.981866 0.0129296 0.00500489
9.9973E-05 0.166674 0.833026 9.9973E-05 9.9973E-05
9.9982E-05 0.00217003 0.961229 0.0364009 9.9982E-05
9.997E-05 9.997E-05 0.9996 9.997E-05 9.997E-05
9.997E-05 9.997E-05 0.9996 9.997E-05 9.997E-05
9.9982E-05 0.141195 0.80198 9.9982E-05 0.0566246
9.9991E-05 0.107492 0.824562 0.00472888 0.063118
9.9973E-05 9.9973E-05 0.983397 0.0163034 9.9973E-05
0.0955694 0.20126 0.586036 0.117035 9.9991E-05
9.9991E-05 0.258844 0.646685 0.0404127 0.0539579
9.9982E-05 0.165947 0.784971 9.9982E-05 0.0488825
9.9991E-05 0.0913855 0.852785 0.00351998 0.052209
9.997E-05 9.997E-05 0.9996 9.997E-05 9.997E-05
9.9991E-05 0.0227584 0.942147 0.0172993 0.017695
9.997E-05 9.997E-05 0.9996 9.997E-05 9.997E-05
0.0351408 0.270013 0.621096 0.00906039 0.0646905
0.0107927 9.9982E-05 0.950116 0.0388918 9.9982E-05
0.538489 9.9982E-05 0.0564228 9.9982E-05 0.404888
0.210554 0.390647 0.139746 0.0466014 0.212452
0.154131 0.425628 0.124101 0.0680688 0.228071
0.308409 0.197902 0.1231 0.0668097 0.30378
0.163087 0.441529 0.214259 0.0522303 0.128894
0.377311 0.156501 0.172386 9.9991E-05 0.293703
0.203883 0.40893 0.154907 0.0725671 0.159713
0.267812 0.372832 0.160782 9.9991E-05 0.198474
0.242973 0.416765 0.194048 9.9991E-05 0.146114
0.26136 0.314988 0.261965 9.9991E-05 0.161587
0.0861902 0.440443 0.201578 0.0993011 0.172488
0.0464525 0.0435655 9.9991E-05 0.0488468 0.861035
9.9973E-05 9.9973E-05 0.0572589 9.9973E-05 0.942441
0.0228425 9.9982E-05 9.9982E-05 0.0307152 0.946242
9.9973E-05 0.0404204 9.9973E-05 9.9973E-05 0.95928
9.9982E-05 0.0143609 9.9982E-05 0.0587267 0.926712
0.0309627 9.9982E-05 0.0617761 9.9982E-05 0.907061
9.9982E-05 0.0205252 0.0807607 9.9982E-05 0.898514
0.086183 0.0111513 9.9982E-05 9.9982E-05 0.902466
9.9982E-05 0.0482 0.0236293 9.9982E-05 0.927971
9.9982E-05 9.9982E-05 0.114706 0.0283802 0.856714
0.114562 9.9982E-05 9.9982E-05 0.250563 0.634676
9.9973E-05 9.9973E-05 9.9973E-05 0.360513 0.639187
0.153867 9.9982E-05 9.9982E-05 0.301883 0.54405
0.130678 9.9982E-05 9.9982E-05 0.371149 0.497972
0.171825 0.625561 9.9991E-05 0.144324 0.0581891
0.154287 0.671067 9.9991E-05 0.12139 0.0531563
0.137901 0.562692 0.0333797 0.199769 0.0662581
0.116299 0.510315 0.00924062 0.315933 0.0482126
0.134148 0.246942 9.9982E-05 0.61871 9.9982E-05
0.111811 0.685891 0.0953743 0.0660528 0.0408708
0.235009 0.677057 0.042145 0.0456895 9.9991E-05
0.221454 0.629296 0.0764395 0.0727097 9.9991E-05
0.3903 0.594579 0.0149209 9.9982E-05 9.9982E-05
0.0960675 0.662794 0.0550594 0.106731 0.0793485
0.202606 0.575719 9.9982E-05 0.221475 9.9982E-05
0.802889 0.0495733 9.9982E-05 0.147338 9.9982E-05
0.0610987 0.636292 0.0319511 0.225198 0.0454607
0.556545 0.376065 9.9991E-05 0.0670684 0.000221828
0.293132 0.62896 0.0371328 0.0300153 0.0107591
0.434734 0.286442 9.9982E-05 0.278624 9.9982E-05
0.112348 9.9982E-05 9.9982E-05 0.774851 0.112601
0.0429287 0.0910244 9.9991E-05 0.742763 0.123184
0.0601001 0.026132 9.9991E-05 0.867218 0.0464497
0.0671816 0.022465 9.9991E-05 0.818879 0.0913741
0.0468769 0.106877 0.0226805 0.78755 0.0360156
0.0379193 0.0979533 0.0371773 0.760482 0.0664685
9.9982E-05 0.105871 0.00786053 9.9982E-05 0.886068
9.9982E-05 9.9982E-05 0.0551447 0.108227 0.836428
9.9982E-05 0.0804691 0.137358 9.9982E-05 0.781973
9.9991E-05 0.0125267 0.155754 0.110969 0.72065
9.9982E-05 0.117166 0.0587851 9.9982E-05 0.823849
0.0449143 9.9982E-05 9.9982E-05 0.561852 0.393034
0.14663 9.9982E-05 9.9982E-05 0.410147 0.443022
0.105307 9.9982E-05 9.9982E-05 0.458612 0.435881
9.9991E-05 0.106807 0.0333331 0.00520468 0.854555
0.157463 9.9982E-05 9.9982E-05 0.45966 0.382676
0.130593 0.241906 0.343848 9.9991E-05 0.283552
9.9991E-05 0.533204 0.283703 0.0716796 0.111314
9.9982E-05 0.514541 0.294606 9.9982E-05 0.190653
0.106684 0.355086 0.260538 0.00837159 0.269321
0.0174488 0.546816 0.193395 0.0163211 0.226018
0.175811 9.9982E-05 0.328596 9.9982E-05 0.495393
0.122994 0.544506 9.9991E-05 0.300872 0.0315284
0.308224 0.400475 0.0370289 0.248151 0.00612032
0.0539157 0.337674 9.9991E-05 0.55042 0.057891
0.265011 0.544672 0.015348 0.174869 9.9991E-05
0.848383 9.9973E-05 9.9973E-05 0.151318 9.9973E-05
0.112973 0.606023 0.0974595 0.12837 0.0551749
0.227909 0.511269 0.034236 0.183696 0.04289
0.128109 0.333802 9.9991E-05 0.481785 0.0562042
0.0112571 0.486397 0.10195 0.299405 0.100991
0.526607 0.117959 0.0537101 0.301624 9.9991E-05
0.304482 0.466267 0.0261791 0.202972 9.9991E-05
0.0917318 0.56495 0.0705209 0.272698 9.9991E-05
0.125584 0.39227 0.182086 0.137503 0.162557
0.266574 0.41551 0.0155818 0.302234 9.9991E-05
0.164857 0.536831 0.00631546 0.28499 0.00700691
0.156431 0.515091 0.145756 0.182622 9.9991E-05
0.195549 0.549189 0.0702874 0.184874 9.9991E-05
0.0237072 0.703156 0.057404 0.146778 0.0689544
9.9991E-05 0.595248 0.0284468 0.24582 0.130385
0.0746841 0.599376 0.105587 0.213304 0.00704921
9.9982E-05 0.143803 0.0585953 9.9982E-05 0.797402
0.0220031 0.072883 0.0421312 9.9991E-05 0.862883
0.0517363 0.0821265 0.0106344 0.0626364 0.792866
0.00942601 0.106103 9.9991E-05 0.0755864 0.808784
9.9982E-05 0.134842 0.0162184 9.9982E-05 0.848739
0.0684687 0.205057 0.0607521 0.665622 9.9991E-05
0.149988 0.442008 0.108822 0.223874 0.0753077
0.171276 0.373632 0.22931 9.9991E-05 0.225683
0.0167767 0.749251 0.0516948 0.17743 0.00484792
0.0624876 0.546746 0.032922 0.293404 0.0644404
0.276683 0.265569 0.125295 0.317049 0.0154052
0.25824 0.0119897 9.9991E-05 0.597034 0.132636
9.9991E-05 0.501617 0.0919658 0.353816 0.0525005
0.154577 0.196924 0.0363688 0.532652 0.0794792
0.283802 0.410161 0.119624 0.156838 0.029574
0.190152 0.132461 0.0260096 0.525249 0.126129
0.0490898 0.618469 0.0980648 0.142603 0.0917737
0.175636 0.12483 0.070359 0.557633 0.0715415
0.259298 0.304994 0.129199 0.306409 9.9991E-05
0.25617 0.493243 0.108077 0.14241 9.9991E-05
0.522909 0.292178 0.0682635 0.068016 0.0486338
0.205358 0.550271 0.0347314 0.0797112 0.129929
0.211403 0.595895 0.0311697 9.9991E-05 0.161432
0.495156 0.398979 0.0259217 0.0503794 0.0295636
0.128296 0.538567 0.110123 0.111843 0.111171
0.28108 0.619344 9.9991E-05 0.0056036 0.0938726
0.753751 0.184442 9.9982E-05 0.0616069 9.9982E-05
0.572714 0.3791 9.9982E-05 9.9982E-05 0.0479866
0.283722 0.565307 0.0238692 0.0592494 0.0678527
0.615264 0.23653 9.9991E-05 0.0926262 0.0554805
0.309096 0.517601 9.9991E-05 0.167784 0.00541945
0.177206 0.152397 0.0399378 0.63036 9.9991E-05
0.340116 0.311297 0.0155246 0.332963 9.9991E-05
0.0886766 0.330458 0.124752 0.427676 0.0284369
0.0241864 0.618357 0.168028 0.174073 0.0153555
0.202375 0.2962 0.0384529 0.462872 9.9991E-05
0.115942 0.37431 0.211753 0.297895 9.9991E-05
0.0607488 0.601347 0.0900141 0.15629 0.0915999
0.0993824 0.627356 9.9991E-05 0.222011 0.051151
0.0903436 0.517935 0.0874533 0.269797 0.0344704
0.126448 0.426573 0.0674225 0.307907 0.0716498
0.0202613 0.243173 0.108912 0.627553 9.9991E-05
0.117859 0.320256 0.106891 0.454895 9.9991E-05
0.0889156 0.639781 0.0871695 0.184034 9.9991E-05
0.108195 0.60468 0.0808367 0.146049 0.0602402
0.170162 0.44751 0.0572205 0.253965 0.0711417
0.138572 0.529796 0.09781 0.233722 9.9991E-05
0.0719766 0.433306 9.9991E-05 0.40414 0.0904779
0.00115605 0.653882 0.0660487 0.243444 0.0354694
0.0849441 0.487607 0.120298 0.249558 0.0575928
0.0532559 0.542082 0.101965 0.210111 0.0925867
0.00902155 0.49615 0.107506 9.9991E-05 0.387223
0.0883422 0.489089 0.26772 9.9991E-05 0.154749
0.0983677 0.523131 0.233706 9.9991E-05 0.144695
0.163661 0.574821 0.154182 0.0224015 0.0849343
0.0383483 0.446033 0.287518 0.0472704 0.18083
0.307462 0.444012 0.0649481 0.183478 9.9991E-05
0.0691795 0.542661 0.111465 0.0332715 0.243423
0.52011 0.0320966 0.175238 9.9991E-05 0.272455
0.0814789 0.562412 0.147418 0.111722 0.0969687
0.0183922 0.593062 0.199921 0.0611886 0.127436
0.08606 0.540904 0.247107 0.0406693 0.0852591
0.223831 0.309828 0.14106 0.146574 0.178707
9.9991E-05 0.560302 0.148928 0.0624657 0.228205
0.09354 0.516186 0.246818 9.9991E-05 0.143356
0.315403 9.9982E-05 0.182825 9.9982E-05 0.501572
9.9991E-05 0.492622 0.277354 0.0616877 0.168236
9.9991E-05 0.510019 0.264597 0.0461432 0.179141
0.123516 0.614977 0.0945373 0.0500276 0.116941
0.0613691 0.503766 0.218709 9.9991E-05 0.216056
9.9991E-05 0.568261 0.162521 0.0824743 0.186644
0.348773 0.495077 0.0917153 0.0643342 9.9991E-05
0.212135 0.611823 0.0732038 0.000805377 0.102033
0.795741 0.130868 9.9982E-05 0.0731917 9.9982E-05
0.865424 0.0534807 9.9991E-05 0.062518 0.0184777
0.298225 0.501909 0.110687 0.0748502 0.0143277
0.0817702 0.347946 0.386425 0.0834946 0.100364
0.180539 0.327424 0.372813 9.9991E-05 0.119124
0.294056 0.099242 0.365972 9.9991E-05 0.24063
0.120555 0.349235 0.305261 0.010859 0.214091
0.665848 0.0750769 0.146946 9.9991E-05 0.112029
0.577662 0.190662 0.165965 9.9991E-05 0.0656115
0.247649 0.547786 0.16953 9.9991E-05 0.0349355
0.305172 0.524314 0.108621 9.9991E-05 0.0617928
0.522144 0.258846 0.146962 9.9991E-05 0.0719474
0.269816 0.571681 0.12103 0.0129648 0.0245082
0.260766 0.632151 0.106884 9.9982E-05 9.9982E-05
0.131004 0.497094 0.150145 0.091141 0.130617
0.511465 0.399938 9.9982E-05 0.0883965 9.9982E-05
0.403673 0.451949 0.0250862 0.097774 0.0215181
0.28006 0.528792 0.0726876 0.0864051 0.0320554
0.355195 0.469914 0.0428591 0.023195 0.108837
0.216938 0.534789 0.0840891 0.0680664 0.0961175
0.404287 0.553924 9.9982E-05 9.9982E-05 0.0415885
0.584691 0.210949 0.0635194 0.140741 9.9991E-05
0.297487 0.591908 0.0882908 9.9991E-05 0.022214
0.600291 0.317653 9.9982E-05 0.0818555 9.9982E-05
0.377473 0.553885 0.0513191 9.9991E-05 0.0172224
0.253762 0.612606 0.0118776 9.9991E-05 0.121654
0.282809 0.551792 0.0923219 0.0530757 0.020002
0.0765817 0.558024 0.144747 9.9991E-05 0.220548
0.146313 0.419127 0.178398 0.131573 0.124589
0.116797 0.328066 0.303208 0.109137 0.142791
0.130798 0.278568 0.260048 0.135375 0.195212
0.0975229 0.492235 0.151031 0.0809218 0.17829
0.225152 0.366442 0.249401 0.0297193 0.129285
0.539601 9.9991E-05 0.224858 0.0420676 0.193373
0.0633405 0.63738 0.214828 0.0187197 0.0657316
0.447677 9.9982E-05 0.142346 9.9982E-05 0.409778
0.207147 0.504874 0.26951 9.9991E-05 0.0183683
0.79393 0.20577 9.9973E-05 9.9973E-05 9.9973E-05
0.947163 0.0223836 9.9991E-05 0.00385848 0.026495
0.410803 0.572319 0.0166776 9.9982E-05 9.9982E-05
0.257404 0.713596 9.9982E-05 9.9982E-05 0.0287998
0.446539 0.468761 9.9982E-05 0.0845001 9.9982E-05
0.385861 0.584215 0.0297237 9.9982E-05 9.9982E-05
0.338631 0.602395 0.0294646 0.0294087 9.9991E-05
0.0524114 0.0463542 0.060867 0.0144884 0.825879
9.9982E-05 9.9982E-05 0.112235 0.120461 0.767103
9.9982E-05 9.9982E-05 0.0380288 0.0246493 0.937122
9.9973E-05 0.0572676 9.9973E-05 9.9973E-05 0.942432
0.2771 0.644467 0.00224413 9.9991E-05 0.0760889
0.334897 0.607352 9.9991E-05 0.00695971 0.0506913
0.224732 0.650082 9.9982E-05 0.124986 9.9982E-05
0.15708 0.701967 9.9991E-05 0.0524098 0.0884428
0.174832 0.605734 0.0388748 0.0691355 0.111423
0.366664 0.387841 9.9991E-05 0.226925 0.0184708
0.214085 0.65456 0.0493369 0.0819181 9.9991E-05
0.4837 0.516001 9.9973E-05 9.9973E-05 9.9973E-05
0.00421246 0.560691 0.181418 0.0132391 0.24044
0.367978 0.571041 0.0364633 0.0244173 9.9991E-05
0.249217 0.518066 0.0174473 0.210083 0.00518737
0.243518 0.73612 9.9982E-05 0.0201619 9.9982E-05
0.207834 0.655703 9.9991E-05 0.13012 0.00624351
0.277976 0.720604 9.9982E-05 9.9982E-05 0.00122041
0.204337 0.648092 0.00951375 0.0573844 0.0806731
0.750864 0.248836 9.9973E-05 9.9973E-05 9.9973E-05
0.487127 0.403351 9.9991E-05 0.0768005 0.0326213
0.390908 0.509611 9.9982E-05 0.0992809 9.9982E-05
0.931748 0.0679526 9.9973E-05 9.9973E-05 9.9973E-05
0.280474 0.584753 9.9991E-05 0.113584 0.021089
0.695475 0.288728 0.00553847 0.0101584 9.9991E-05
0.903445 0.0476686 9.9991E-05 0.0201976 0.0285888
0.26972 0.650349 0.0676842 9.9991E-05 0.0121474
0.414935 0.408277 9.9991E-05 0.171679 0.00500851
0.255748 0.520305 0.0490587 0.174787 9.9991E-05
0.179919 0.649558 0.122209 9.9991E-05 0.0482138
0.281629 0.621043 9.9982E-05 0.097128 9.9982E-05
0.256316 0.359447 0.142213 0.241924 9.9991E-05
0.177388 0.642125 0.0397488 0.117351 0.0233877
0.198153 0.609585 9.9991E-05 0.187174 0.00498833
0.474273 0.493903 9.9982E-05 0.031624 9.9982E-05
0.241251 0.541012 0.0841419 9.9991E-05 0.133495
0.000280551 9.9991E-05 0.0322427 0.344384 0.622993
0.0603772 0.0532902 9.9991E-05 0.110379 0.775854
0.0395109 9.9982E-05 9.9982E-05 0.135396 0.824893
0.0201988 9.9982E-05 9.9982E-05 0.158802 0.820799
9.9982E-05 0.0639703 9.9982E-05 0.196734 0.739096
0.399741 0.360685 9.9982E-05 0.239374 9.9982E-05
0.49984 0.307306 9.9991E-05 0.0914936 0.10126
0.657738 0.341962 9.9973E-05 9.9973E-05 9.9973E-05
0.183837 0.596339 0.131317 0.0315936 0.0569135
0.0879246 0.66374 0.000397165 0.0341988 0.21374
0.451306 0.525332 9.9982E-05 0.0231621 9.9982E-05
0.184114 0.709616 0.0665148 9.9991E-05 0.0396556
0.359173 0.554218 0.0864091 9.9982E-05 9.9982E-05
0.235355 0.705289 9.9982E-05 0.0591556 9.9982E-05
0.130885 0.709783 0.00482244 0.141498 0.0130112
0.419711 0.415471 9.9982E-05 0.164618 9.9982E-05
0.285328 0.566904 9.9991E-05 0.130501 0.0171663
0.247945 0.48794 9.9982E-05 0.263916 9.9982E-05
0.0636693 0.730317 0.000687806 0.0286928 0.176633
0.343976 0.565136 9.9982E-05 0.0906886 9.9982E-05
0.273265 0.617015 0.0134385 0.0685523 0.0277291
0.0496835 0.36719 0.486846 0.0646073 0.0316728
0.0244057 0.361208 0.466069 0.0246789 0.123638
9.9982E-05 0.475678 0.40172 9.9982E-05 0.122402
0.112304 0.261376 0.542892 9.9991E-05 0.0833281
0.0936825 0.41115 0.380437 9.9991E-05 0.114631
0.304659 0.610186 0.0288939 9.9991E-05 0.0561607
0.0686544 0.00411407 0.677701 0.00833214 0.241198
0.0717193 0.257611 0.527509 0.00538661 0.137774
0.225855 0.436238 0.177081 9.9991E-05 0.160725
0.100976 0.655512 9.9982E-05 9.9982E-05 0.243312
0.230153 0.513068 0.0274427 0.0605467 0.16879
0.100154 0.585988 0.0738929 0.0669528 0.173013
0.111448 0.646328 0.0177796 0.0658574 0.158587
9.9982E-05 0.308198 0.479031 9.9982E-05 0.212571
9.9991E-05 0.424136 0.396485 0.0990091 0.0802704
9.9982E-05 0.394521 0.546932 9.9982E-05 0.0583473
0.0302586 0.534368 0.322524 9.9991E-05 0.112749
0.0336775 0.218236 0.5482 0.0243742 0.175512
0.0111647 0.440324 0.381934 0.0330993 0.133478
0.0584538 0.198266 0.609581 9.9991E-05 0.133599
9.9991E-05 0.46593 0.394444 0.0977479 0.0417783
0.283603 0.560751 0.0205488 9.9991E-05 0.134997
0.063436 0.375432 0.406633 9.9991E-05 0.154399
0.0244124 0.162554 0.654113 9.9991E-05 0.158821
0.0604153 0.289764 0.431018 0.125215 0.0935881
0.320317 0.273676 9.9991E-05 0.225616 0.180291
0.219836 0.544232 0.16775 0.0383645 0.0298168
9.9991E-05 0.381977 0.290362 0.139956 0.187606
9.9991E-05 0.632572 0.0674522 0.188887 0.110989
0.156435 0.513532 0.0192148 0.147954 0.162864
0.198446 0.333645 0.279148 0.0296878 0.159073
0.111741 0.374245 0.26173 9.9991E-05 0.252184
0.166841 0.603943 0.113544 0.053601 0.0620722
0.0834833 0.45638 0.301278 9.9991E-05 0.158758
9.9991E-05 0.373222 0.475155 0.0565436 0.0949798
0.0543372 0.0915374 0.650564 9.9991E-05 0.203461
0.0978267 0.662223 0.0691086 9.9991E-05 0.170742
0.189352 0.58132 9.9991E-05 0.0919328 0.137295
0.568553 0.164693 0.0745887 9.9991E-05 0.192065
0.102637 0.591553 0.138487 0.057514 0.109809
0.187915 0.464198 0.037504 0.238862 0.0715207
0.117238 0.461037 0.211281 9.9991E-05 0.210344
0.126488 0.499516 0.135121 0.124514 0.114361
0.398279 9.9982E-05 0.200529 9.9982E-05 0.400991
0.461287 9.9982E-05 0.163187 9.9982E-05 0.375326
0.358418 0.263317 0.184629 9.9991E-05 0.193536
0.364653 9.9982E-05 0.267602 9.9982E-05 0.367546
0.278328 9.9982E-05 0.249873 9.9982E-05 0.4716
0.355664 0.299672 0.182965 0.0250277 0.136671
0.212678 0.34926 0.214621 9.9991E-05 0.223341
0.298536 0.175747 0.215668 0.0193269 0.290722
0.376793 0.0522807 0.191098 9.9991E-05 0.379729
0.223106 0.403696 0.162316 0.0177971 0.193085
0.408184 0.149062 0.18445 9.9991E-05 0.258205
0.416382 9.9982E-05 0.0685738 9.9982E-05 0.514844
0.106809 0.555746 0.196822 9.9991E-05 0.140524
0.182447 0.30178 0.27353 0.0243526 0.21789
0.0487751 0.473094 0.168638 0.0311711 0.278321
9.9982E-05 0.552318 0.310016 9.9982E-05 0.137466
0.0556143 0.506229 0.201224 0.0785687 0.158365
0.100373 0.449211 0.258029 9.9991E-05 0.192287
9.9991E-05 0.304397 0.255067 0.0729896 0.367446
9.9982E-05 0.585208 0.163994 9.9982E-05 0.250598
9.9982E-05 0.480995 0.318139 9.9982E-05 0.200666
0.144503 0.309866 0.286651 0.0261295 0.23285
0.189717 0.374164 0.101672 0.122214 0.212232
0.0439601 0.614596 0.058127 0.0669388 0.216378
0.105174 0.507121 0.142337 0.0168871 0.228481
9.9991E-05 0.712268 0.122593 0.0918195 0.0732195
9.9991E-05 0.427966 0.247346 0.0233658 0.301222
0.0652151 0.554941 0.135909 0.0113695 0.232565
0.185763 0.151457 0.243072 9.9991E-05 0.419608
0.00240391 0.514306 0.238522 0.0751176 0.169651
0.192728 0.178574 0.332824 9.9991E-05 0.295774
0.0456059 0.0185606 9.9991E-05 0.131672 0.804061
9.9991E-05 0.121659 0.00197742 0.842656 0.0336071
9.997E-05 9.997E-05 9.997E-05 0.9996 9.997E-05
9.997E-05 9.997E-05 9.997E-05 0.9996 9.997E-05
9.9973E-05 0.0104923 9.9973E-05 0.989208 9.9973E-05
9.9973E-05 9.9973E-05 0.0264255 0.973275 9.9973E-05
9.9973E-05 0.0545526 9.9973E-05 0.945148 9.9973E-05
9.997E-05 9.997E-05 9.997E-05 0.9996 9.997E-05
9.9982E-05 0.011518 9.9982E-05 0.809155 0.179127
9.9982E-05 0.00978878 9.9982E-05 0.052627 0.937384
9.9982E-05 0.0861567 9.9982E-05 0.113221 0.800423
9.9973E-05 0.0838469 9.9973E-05 9.9973E-05 0.915853
0.0135759 9.9991E-05 0.0138321 0.160991 0.811501
9.9982E-05 9.9982E-05 0.0534037 0.0825332 0.863863
0.0148894 9.9982E-05 9.9982E-05 0.0702632 0.914647
0.0300543 0.0226119 0.155111 0.0599613 0.732262
0.00588964 0.0693695 0.0352468 9.9991E-05 0.889394
9.9991E-05 0.112671 0.0537687 0.136231 0.697229
9.9982E-05 0.017595 0.0571965 9.9982E-05 0.925009
9.9973E-05 9.9973E-05 9.9973E-05 0.0682544 0.931446
0.00991594 0.0350515 0.044952 0.0729254 0.837155
9.9982E-05 0.00654997 9.9982E-05 0.0351204 0.95813
9.9982E-05 0.0614916 0.0139615 9.9982E-05 0.924347
9.9991E-05 0.0674067 0.0375905 0.0201384 0.874764
9.9982E-05 0.0980993 0.0742571 9.9982E-05 0.827444
9.9982E-05 0.0747589 0.138816 9.9982E-05 0.786225
9.9982E-05 0.143389 0.0742213 9.9982E-05 0.782189
9.9982E-05 0.0751567 0.100454 9.9982E-05 0.82419
0.219057 0.450564 0.0388646 0.0963773 0.195137
0.120029 0.712321 9.9991E-05 0.0588088 0.108741
0.113086 0.628454 0.060591 0.0073344 0.190535
0.664409 0.194176 9.9982E-05 9.9982E-05 0.141215
0.108538 0.600361 9.9991E-05 0.143083 0.147918
0.646041 0.0894659 0.0633095 9.9991E-05 0.201083
0.214367 0.657873 0.0619494 9.9991E-05 0.0657097
0.224943 0.514018 9.9991E-05 0.175302 0.0856367
0.262335 0.588064 9.9982E-05 9.9982E-05 0.149401
0.295071 0.557213 0.0548353 0.0761898 0.0166911
0.233705 0.533305 9.9991E-05 0.124769 0.108121
0.194495 0.674508 9.9991E-05 0.0379022 0.0929952
0.0630356 0.632562 0.000298086 0.171181 0.132923
0.387821 0.105604 0.0712301 0.435245 9.9991E-05
0.870282 9.9982E-05 9.9982E-05 0.013356 0.116162
0.605513 0.156486 0.0720022 0.0200533 0.145945
0.101139 0.66836 0.07512 0.0366191 0.118762
0.215674 0.597814 9.9982E-05 9.9982E-05 0.186312
0.239559 0.633518 0.00318022 9.9991E-05 0.123642
0.0992975 0.685145 0.0953353 0.0215061 0.0987156
0.036209 0.524048 0.18957 9.9991E-05 0.250073
9.9991E-05 0.636321 0.133662 0.0211722 0.208744
0.131476 0.0850773 0.228148 0.162383 0.392915
0.0159637 0.66756 0.0526023 0.111456 0.152418
0.142965 0.356729 0.198688 0.107293 0.194325
0.334407 9.9982E-05 0.18886 9.9982E-05 0.476533
0.162695 0.318139 0.213317 9.9991E-05 0.305749
0.089292 0.272091 0.196124 0.0708198 0.371674
0.0278563 0.533295 0.0242424 0.0351249 0.379481
0.0439106 0.492936 0.249283 0.0426131 0.171258
9.9991E-05 0.599546 0.138018 0.0695807 0.192756
9.9991E-05 0.617535 0.154262 0.0831156 0.144987
0.159858 0.415625 0.193846 9.9991E-05 0.230571
0.0192627 0.302481 0.166948 0.00823187 0.503077
