0.0207753 0.0725391 9.9982E-05 9.9982E-05 0.906486
9.9982E-05 0.0408776 9.9982E-05 0.0296171 0.929305
0.0284214 0.0295006 0.15016 9.9991E-05 0.791818
0.0522758 0.111612 0.0541678 9.9991E-05 0.781845
0.0138966 0.0270198 0.070252 9.9991E-05 0.888732
0.0358241 0.040075 0.0950804 0.178599 0.650421
0.00436651 0.0154153 9.9991E-05 0.116191 0.863927
0.0529746 0.127093 9.9991E-05 0.0701096 0.749723
9.9982E-05 0.106239 9.9982E-05 0.0487737 0.844787
0.0853036 0.0535839 0.0972444 0.085257 0.678611
9.999E-05 0.127659 0.0244492 0.0826371 0.765155
0.108244 0.497214 0.239452 0.15499 9.9991E-05
0.141928 0.340413 0.512577 0.00498171 9.9991E-05
0.118181 0.496149 0.219913 0.141326 0.0244316
0.169611 0.427748 0.33022 0.0314106 0.04101
0.158778 0.249811 0.374227 0.0947331 0.122451
0.0935071 0.192409 0.598438 0.0375237 0.0781229
0.0547462 0.303827 0.487789 0.126195 0.027444
0.0857953 0.325304 0.405479 0.053431 0.12999
0.0567862 0.704113 0.0278171 0.153401 0.0578824
0.123439 0.223019 0.40137 0.209123 0.0430486
0.0547402 0.167515 0.478715 0.24665 0.0523799
9.999E-05 0.131606 0.623417 0.179248 0.0656299
0.115114 0.338148 0.350079 0.176182 0.0204769
0.0804004 0.107742 0.682612 0.0633134 0.0659314
0.164037 0.2986 0.50364 0.000495986 0.0332265
0.0955584 0.536975 0.215334 0.130049 0.022084
0.192448 0.420919 0.26288 0.123653 9.9991E-05
0.0610377 0.494614 0.23107 0.213179 9.9991E-05
0.05185 9.9982E-05 0.121853 9.9982E-05 0.826097
0.00195347 9.9982E-05 0.133304 9.9982E-05 0.864543
0.0293915 0.0384142 0.145828 9.9991E-05 0.786267
0.0584585 9.9982E-05 0.21242 9.9982E-05 0.728922
9.9991E-05 0.116407 0.645472 0.206087 0.0319341
0.0567824 0.105777 0.582393 0.244081 0.0109664
9.9982E-05 9.9982E-05 0.659897 0.275831 0.0640714
0.000460034 0.638366 0.15192 0.108218 0.101035
0.0187181 0.0227529 0.358003 0.554283 0.0462425
0.0022377 0.124153 0.641333 0.107038 0.125238
0.114683 9.9982E-05 0.676665 0.208452 9.9982E-05
0.00628392 0.121171 0.640276 0.118991 0.113278
9.9991E-05 0.108161 0.670035 0.136179 0.0855255
9.9991E-05 0.149788 0.300231 0.549577 0.000304636
0.101598 9.9991E-05 0.637653 0.238774 0.0218759
0.0373927 9.9991E-05 0.649994 0.282335 0.0301784
0.0798335 0.0297432 0.566558 0.143398 0.180467
9.9973E-05 9.9973E-05 0.495456 0.504244 9.9973E-05
9.9982E-05 9.9982E-05 0.687237 0.220169 0.0923942
0.10791 0.0548186 0.561837 0.131361 0.144073
9.9982E-05 0.000348629 9.9982E-05 0.906643 0.0928087
0.00553521 0.510633 0.216524 0.267208 9.9991E-05
0.0489639 0.304495 0.114646 0.504586 0.0273087
0.093709 0.292775 0.563009 0.0146371 0.0358694
0.0330786 0.0711913 0.593455 0.157561 0.144715
0.0258384 0.110444 0.583893 0.161163 0.118661
9.9991E-05 0.327334 0.266726 0.302198 0.103641
0.0652496 0.29285 0.47755 0.143958 0.0203927
0.0977191 0.198845 0.574189 0.105632 0.0236155
9.9991E-05 0.194727 0.464519 0.18696 0.153695
0.114167 0.433946 0.0718798 0.194595 0.185411
0.0476143 0.148212 0.574821 0.214144 0.0152095
0.0581583 0.316432 0.404782 0.156998 0.0636288
9.9991E-05 0.568102 0.0451604 0.348039 0.0385989
0.0200263 0.305544 0.552836 0.0939089 0.0276849
0.0753104 0.0890403 0.610254 0.198789 0.0266066
0.0899224 0.159885 0.5303 0.159466 0.0604258
0.0358158 0.33173 0.345482 0.249114 0.0378584
0.0713404 0.248814 0.50759 0.172155 9.9991E-05
0.0920773 0.16091 0.574086 0.132202 0.0407245
9.9991E-05 0.409369 0.275987 0.264914 0.0496292
9.9982E-05 0.130283 0.622481 0.247036 9.9982E-05
9.9982E-05 0.156127 0.376095 0.467578 9.9982E-05
0.0262357 0.0757749 0.638457 0.16829 0.0912427
9.9982E-05 0.0266343 0.12435 0.848816 9.9982E-05
9.9982E-05 0.0501787 0.107316 0.842305 9.9982E-05
9.9982E-05 0.0502397 0.403376 0.546184 9.9982E-05
9.9982E-05 0.103005 0.556867 0.339928 9.9982E-05
0.0989403 0.0561178 0.550777 0.226642 0.0675229
9.9991E-05 0.121737 0.564901 0.308534 0.00472808
0.0129637 0.246595 0.326353 0.413988 9.9991E-05
9.9991E-05 0.300269 0.35644 0.340423 0.00276694
0.0517018 0.00241234 0.599229 0.249246 0.0974111
9.9982E-05 0.0645455 0.490713 0.444542 9.9982E-05
9.9991E-05 0.0286068 0.542077 0.379994 0.0492213
9.9982E-05 0.0332163 0.482196 0.484388 9.9982E-05
0.0394068 0.0496911 0.090496 0.805792 0.0146141
0.00249476 0.159232 0.716905 0.0924927 0.0288755
0.0274304 0.0461415 0.124167 9.9991E-05 0.802161
9.9973E-05 9.9973E-05 0.0843637 9.9973E-05 0.915336
0.0298594 9.9982E-05 0.0839953 9.9982E-05 0.885945
9.9973E-05 9.9973E-05 0.0532919 9.9973E-05 0.946408
9.9973E-05 9.9973E-05 0.121225 9.9973E-05 0.878475
0.00639894 9.9982E-05 0.0704401 9.9982E-05 0.922961
9.9973E-05 9.9973E-05 0.0681052 9.9973E-05 0.931595
0.0902134 0.0479162 0.564493 0.170628 0.12675
0.0845114 0.0668034 0.656689 0.112061 0.0799349
9.9982E-05 0.15341 0.190957 0.655433 9.9982E-05
0.0660605 0.134934 0.644008 0.0786611 0.0763363
9.9982E-05 0.202985 0.509673 0.287142 9.9982E-05
0.0130747 9.9991E-05 0.687161 0.241599 0.0580656
9.9982E-05 9.9982E-05 0.659109 0.30071 0.039981
0.026496 9.9991E-05 0.604414 0.318697 0.050293
9.9982E-05 0.303967 0.0797581 0.616075 9.9982E-05
9.9991E-05 0.118374 0.59061 0.127068 0.163848
9.9982E-05 9.9982E-05 0.677896 0.254021 0.0678822
0.0736937 0.0295868 0.605171 0.166941 0.124607
9.9982E-05 9.9982E-05 0.413649 0.567606 0.0185445
0.0167911 9.9991E-05 0.572454 0.398067 0.0125883
9.9982E-05 0.108304 0.583541 0.307955 9.9982E-05
0.0304014 9.9982E-05 0.479878 0.48952 9.9982E-05
9.9991E-05 0.168045 0.456909 0.340096 0.0348505
0.0542649 0.0581874 0.545966 0.240238 0.101344
0.0859438 0.380773 0.230913 0.251478 0.0508926
0.0796363 0.317232 0.455214 0.0745536 0.0733638
9.9982E-05 0.134973 0.714702 9.9982E-05 0.150125
0.0206137 0.0763778 0.661059 0.0799223 0.162028
0.0325418 0.385015 0.541893 0.0243236 0.0162269
0.0816878 0.282597 0.557649 0.0779658 9.9991E-05
9.9982E-05 0.45696 0.53107 9.9982E-05 0.0117696
0.043914 0.170704 0.524079 0.1519 0.109403
0.12585 0.19019 0.509953 0.128306 0.0457013
0.0637911 0.240792 0.539191 0.14605 0.0101764
9.9982E-05 0.404064 0.564952 0.030784 9.9982E-05
0.0237479 0.136066 0.715977 0.042047 0.0821624
0.0432706 0.155121 0.612162 0.087893 0.101553
0.103379 0.254924 0.562657 0.0789406 9.9991E-05
0.12114 0.106783 0.565036 0.136454 0.0705863
0.0730597 0.279766 0.561867 0.0574835 0.027824
0.0105364 0.271191 0.436456 0.189841 0.0919759
0.122427 0.243614 0.537029 0.0512237 0.045706
0.0558601 0.102561 0.699372 0.0975317 0.0446749
0.0668908 0.413927 0.277504 0.231778 0.0099004
0.0655341 0.297361 0.151023 0.432938 0.053144
0.127813 0.298596 0.508147 0.0442498 0.0211949
0.0815319 0.339287 0.0895973 0.489484 9.9991E-05
0.0279924 0.505086 0.284408 0.161068 0.021446
9.9982E-05 0.307199 0.489102 0.203499 9.9982E-05
9.9991E-05 0.376054 0.379605 0.211153 0.0330885
0.0223494 0.539007 0.316984 0.116461 0.00519918
0.0430798 0.119749 0.64414 0.142952 0.0500792
0.118561 0.162314 0.470154 0.118209 0.130763
0.0803152 0.150268 0.522879 0.151606 0.0949325
0.102599 0.352083 0.16136 0.378441 0.0055162
0.000123852 0.189058 0.598182 0.0237935 0.188843
0.0909576 0.0737016 0.439057 0.302423 0.0938617
9.9991E-05 0.159822 0.00219735 0.66165 0.176231
0.0720402 9.9991E-05 0.643343 0.191152 0.0933652
0.0163766 0.0576779 0.427919 0.389714 0.108313
0.173322 0.0545588 0.459953 0.232242 0.0799243
0.0308408 0.131581 0.278634 0.419299 0.139645
9.9991E-05 0.12497 0.189832 0.557576 0.127522
9.9991E-05 0.155765 0.489428 0.2854 0.0693072
0.0728313 0.08813 0.553261 0.205332 0.0804457
0.110893 0.0889633 0.401451 0.203757 0.194936
0.184606 0.0969605 0.0600588 0.571925 0.0864498
0.0494981 0.178271 0.542009 0.15924 0.0709823
0.00834755 0.203263 0.356413 0.417701 0.0142753
0.0367205 0.136256 0.488361 0.338562 9.9991E-05
0.137363 0.0101004 0.562291 0.178183 0.112063
0.245284 0.0173527 0.163411 0.217974 0.355978
0.227141 9.9982E-05 9.9982E-05 0.181002 0.591657
0.150746 9.9982E-05 9.9982E-05 0.288464 0.560591
0.316854 0.0166129 0.0680136 0.132137 0.466382
9.9982E-05 9.9982E-05 0.633877 0.335359 0.0305638
0.0841846 0.0458526 0.578112 0.21269 0.07916
0.636372 0.000814259 0.362614 9.9982E-05 9.9982E-05
0.428968 0.131961 0.438871 9.9982E-05 9.9982E-05
0.322251 0.0997652 0.429506 0.0339105 0.114568
0.0349145 9.9991E-05 0.347609 0.594973 0.0224038
0.129694 9.9991E-05 0.528063 0.234596 0.107547
0.020405 0.0333207 0.241638 0.65274 0.0518972
0.039671 0.00207928 0.607431 0.306608 0.0442103
0.0216058 0.0552742 0.452558 0.43081 0.039752
0.0774439 0.00184446 0.598797 0.290181 0.0317337
0.0474482 0.074864 0.175674 0.659493 0.042521
0.026801 9.9991E-05 0.773142 0.169447 0.0305104
0.232198 0.10536 0.393298 0.266318 0.00282674
0.95403 9.9982E-05 0.0347618 9.9982E-05 0.011008
0.915231 9.9973E-05 0.0844695 9.9973E-05 9.9973E-05
0.60665 9.9991E-05 0.264672 0.0938937 0.0346847
0.672487 9.9973E-05 0.327213 9.9973E-05 9.9973E-05
0.819834 9.9982E-05 0.16143 9.9982E-05 0.0185366
0.9996 9.997E-05 9.997E-05 9.997E-05 9.997E-05
0.96826 0.0314398 9.9973E-05 9.9973E-05 9.9973E-05
0.855367 9.9973E-05 0.144333 9.9973E-05 9.9973E-05
0.961143 0.0385572 9.9973E-05 9.9973E-05 9.9973E-05
0.9996 9.997E-05 9.997E-05 9.997E-05 9.997E-05
0.9996 9.997E-05 9.997E-05 9.997E-05 9.997E-05
0.738266 0.0467301 0.157478 9.9991E-05 0.0574267
0.792208 0.0929948 0.0732333 9.9991E-05 0.0414635
0.979434 0.0135222 9.9982E-05 0.00684405 9.9982E-05
0.503511 0.102074 0.29328 0.101035 9.9991E-05
0.682514 0.0481512 0.176906 9.9991E-05 0.092329
0.770297 0.0189441 0.160175 9.9991E-05 0.050484
0.913931 0.0283382 0.0567872 9.9991E-05 0.000843431
0.998924 9.9973E-05 0.000776458 9.9973E-05 9.9973E-05
0.871393 0.0472394 0.0466482 9.9991E-05 0.0346198
0.9996 9.997E-05 9.997E-05 9.997E-05 9.997E-05
0.654755 0.0409647 0.211643 0.0557508 0.0368868
0.901193 0.0128652 0.0567028 9.9991E-05 0.0291393
0.0461343 9.9982E-05 9.9982E-05 0.544321 0.409345
0.115512 0.147718 0.370527 0.200355 0.165888
0.0687365 9.9991E-05 0.380589 0.266649 0.283926
0.200427 0.0597751 0.0507036 0.406737 0.282358
0.175955 0.147697 0.409945 0.143276 0.123126
0.147742 9.9991E-05 0.146967 0.397449 0.307742
0.0932284 9.9991E-05 0.506739 0.235101 0.164832
0.257145 9.9991E-05 0.281646 0.326033 0.135076
0.149828 9.9991E-05 0.396889 0.296089 0.157094
0.177987 9.9991E-05 0.329051 0.303358 0.189504
0.192608 0.0545653 0.434604 0.151141 0.167082
0.00221452 0.0725701 0.0580024 0.0303 0.836913
0.060162 9.9991E-05 0.0140163 0.0145123 0.911209
9.9973E-05 9.9973E-05 0.0022379 9.9973E-05 0.997462
9.9982E-05 0.0356661 0.0223937 9.9982E-05 0.94174
0.0192957 0.0587354 0.0216365 9.9991E-05 0.900232
0.0733336 9.9982E-05 9.9982E-05 0.0233297 0.903137
0.0696378 9.9982E-05 0.0378243 9.9982E-05 0.892338
0.064231 0.0503686 9.9991E-05 0.00939011 0.87591
0.00523856 9.9982E-05 0.0734135 9.9982E-05 0.921148
0.131847 0.0385242 9.9982E-05 9.9982E-05 0.829429
9.9982E-05 0.286705 9.9982E-05 0.121724 0.591372
0.0162725 0.385879 9.9982E-05 9.9982E-05 0.597648
9.9982E-05 0.267957 9.9982E-05 0.164055 0.567788
9.9982E-05 0.380768 9.9982E-05 0.133612 0.485421
9.9982E-05 0.188839 0.626156 0.184805 9.9982E-05
0.000323437 0.118457 0.590923 0.290197 9.9991E-05
9.9982E-05 0.228893 0.597906 0.173001 9.9982E-05
9.9991E-05 0.30064 0.440664 0.218282 0.0403139
0.0577917 0.654862 0.146587 0.140659 9.9991E-05
0.0185356 0.0804375 0.660324 0.18574 0.0549626
9.9982E-05 0.11396 0.64357 0.242269 9.9982E-05
0.0393965 0.103194 0.546166 0.311144 9.9991E-05
0.0291366 9.9982E-05 0.475707 0.494957 9.9982E-05
0.000216096 0.193264 0.680973 0.0952996 0.0302476
9.9991E-05 0.13843 0.578832 0.280473 0.002165
9.9982E-05 0.0742888 0.0277281 0.897783 9.9982E-05
9.9991E-05 0.146375 0.571942 0.196672 0.0849111
9.9973E-05 9.9973E-05 0.344314 0.655386 9.9973E-05
9.9973E-05 9.9973E-05 0.684354 0.315347 9.9973E-05
9.9991E-05 0.258877 0.218429 0.515772 0.00682267
9.9982E-05 0.783248 9.9982E-05 0.0717741 0.144778
0.0148028 0.683115 0.0569491 0.125216 0.119917
9.9991E-05 0.832765 0.0278294 0.0667319 0.0725739
9.9991E-05 0.816422 0.0231766 0.0288478 0.131454
0.0148358 0.793128 0.0924562 0.0994796 9.9991E-05
9.9982E-05 0.798458 0.124277 9.9982E-05 0.0770646
0.0597784 9.9982E-05 0.0709971 9.9982E-05 0.869024
0.0662655 0.043225 0.0593632 9.9991E-05 0.831046
0.108472 0.00106145 0.138889 9.9991E-05 0.751478
0.135694 0.0618684 0.0562267 9.9991E-05 0.746111
0.0659636 0.0697212 0.100682 9.9991E-05 0.763533
9.9982E-05 0.583193 9.9982E-05 0.0296914 0.386915
9.9982E-05 0.383662 9.9982E-05 0.153895 0.462243
9.9982E-05 0.478332 9.9982E-05 0.0683934 0.453074
9.9982E-05 0.0144329 0.14997 9.9982E-05 0.835398
9.9982E-05 0.505764 9.9982E-05 0.110307 0.383728
0.393867 0.00123758 0.255008 0.138232 0.211656
0.278092 0.0489764 0.530494 0.0706575 0.0717797
0.255123 9.9982E-05 0.581339 9.9982E-05 0.163338
0.21325 0.0194474 0.342451 0.0987824 0.326069
0.11854 0.0397356 0.504585 0.149326 0.187813
0.342494 9.9982E-05 9.9982E-05 0.17348 0.483826
0.01424 0.294085 0.490886 0.200689 9.9991E-05
0.0419433 0.243894 0.38168 0.332383 9.9991E-05
9.9991E-05 0.512609 0.349669 0.0585414 0.0790811
0.0148402 0.162159 0.519076 0.303825 9.9991E-05
9.9973E-05 0.24033 9.9973E-05 0.75937 9.9973E-05
0.0362476 0.128913 0.529371 0.228627 0.0768416
0.0164347 0.357954 0.447753 0.155466 0.0223923
0.00946401 0.416196 0.385448 0.175318 0.0135742
0.100497 0.20499 0.515085 0.176165 0.00326279
9.9982E-05 0.30844 0.166134 0.525226 9.9982E-05
0.0723367 0.172831 0.472031 0.282701 9.9991E-05
0.048104 0.266141 0.520974 0.16468 9.9991E-05
0.245261 0.138214 0.423335 0.12774 0.0654508
9.9982E-05 0.296011 0.411595 0.292194 9.9982E-05
9.9991E-05 0.294232 0.535193 0.126214 0.0442612
0.184341 0.137856 0.395701 0.27669 0.00541196
9.9991E-05 0.13632 0.618756 0.209968 0.0348561
0.139903 0.0905758 0.577395 0.154842 0.0372838
0.113184 0.182274 0.505536 0.155861 0.0431448
0.0626189 0.176224 0.556535 0.0879982 0.116623
0.0738795 9.9982E-05 0.133122 9.9982E-05 0.792798
0.0472598 9.9991E-05 0.0459116 0.0405694 0.866159
0.0570463 0.0517375 0.0388401 0.0742367 0.778139
9.9991E-05 0.0212725 0.0947667 0.0606112 0.82325
0.00338928 9.9982E-05 0.130207 9.9982E-05 0.866204
0.0685979 0.650511 0.215485 0.0653056 9.9991E-05
0.051638 0.0557247 0.519031 0.21311 0.160496
0.167319 0.0123607 0.453726 0.11447 0.252124
0.0730024 0.218133 0.675175 0.0335891 9.9991E-05
0.00801776 0.271061 0.556034 0.115993 0.0488935
0.171813 0.318722 0.187673 0.321692 9.9991E-05
9.9982E-05 0.680305 9.9982E-05 0.193125 0.12637
0.0557874 0.383043 0.504719 0.043323 0.0131273
0.0829521 0.509572 0.167254 0.197507 0.0427142
0.0275751 0.207088 0.481832 0.173882 0.109623
0.0179537 0.566278 0.169134 0.134181 0.112453
0.0541574 0.178821 0.600461 0.0244018 0.142159
9.9991E-05 0.535048 0.225883 0.127829 0.11114
0.0910384 0.298541 0.358835 0.251485 9.9991E-05
0.12996 0.164848 0.380531 0.321246 0.00341466
0.0146924 0.0718091 0.326431 0.533257 0.0538114
9.9991E-05 0.105719 0.603725 0.213549 0.0769072
0.0526451 9.9991E-05 0.572356 0.224479 0.15042
9.9991E-05 0.0720522 0.362137 0.54426 0.0214506
0.0651687 0.163129 0.514151 0.166674 0.0908765
0.0590203 0.0753077 0.536047 0.27376 0.0558649
9.9982E-05 0.0605217 0.0820774 0.857201 9.9982E-05
9.9982E-05 9.9982E-05 0.277112 0.702967 0.0197216
0.0292216 0.0310394 0.494939 0.40111 0.0436892
9.9991E-05 0.0654714 0.167104 0.722999 0.0443258
9.9991E-05 0.0936106 0.49575 0.343478 0.0670614
0.0141141 0.736536 0.143396 0.105854 9.9991E-05
0.0937601 0.368125 0.225573 0.312441 9.9991E-05
0.0497043 0.417764 0.401017 0.125502 0.00601271
0.0312601 0.205269 0.660355 0.051413 0.0517034
9.9982E-05 0.539668 0.278646 0.181486 9.9982E-05
0.0943447 0.298172 0.482713 0.0887517 0.0360183
0.0587259 0.258466 0.617789 0.064919 9.9991E-05
0.185511 0.248869 0.485013 0.080507 9.9991E-05
0.159165 0.32669 0.470398 0.0148852 0.0288614
0.121112 0.347911 0.457679 0.0521943 0.0211047
0.0748335 0.603175 0.271003 0.0508887 9.9991E-05
0.174385 0.479974 0.27408 0.0714617 9.9991E-05
0.0465414 0.250838 0.656645 0.0458751 9.9991E-05
0.0741137 0.16712 0.589822 0.103313 0.0656304
9.9991E-05 0.146904 0.503403 0.218071 0.131523
0.0837352 0.158951 0.527702 0.229511 9.9991E-05
0.0894472 0.457157 0.362875 0.0594167 0.0311041
0.0459268 0.170757 0.694738 0.0554845 0.033094
0.0553373 0.269613 0.598781 0.0108786 0.0653898
0.1237 0.229372 0.437514 0.106145 0.103269
0.0686922 9.9991E-05 0.482519 0.0130571 0.435632
0.259963 9.9991E-05 0.38129 0.201169 0.157478
0.208366 0.0396583 0.427438 0.148481 0.176057
0.146233 0.0845436 0.569383 0.133643 0.0661972
0.231718 0.0271575 0.452087 0.0721368 0.216901
0.0673033 0.195934 0.440355 0.296307 9.9991E-05
0.162618 0.0344034 0.573675 0.0153336 0.21397
0.192781 9.9991E-05 0.0220019 0.505903 0.279215
0.185075 0.134714 0.506238 0.0803133 0.0936596
0.124111 0.0521169 0.5746 0.135845 0.113327
0.252173 0.108806 0.453815 0.117291 0.0679157
0.174967 0.142839 0.248668 0.222517 0.211009
0.165975 0.0187581 0.49027 0.107985 0.217012
0.202188 0.00358009 0.534081 0.123336 0.136814
0.203408 9.9982E-05 9.9982E-05 0.262313 0.534078
0.163831 0.0339218 0.552634 0.0325704 0.217043
0.222023 0.0153089 0.586425 0.0148352 0.161408
0.187796 0.0494914 0.545231 0.178143 0.0393384
0.17187 0.0267299 0.579551 0.00900183 0.212847
0.137255 0.0550743 0.529947 0.135676 0.142048
0.078342 0.062978 0.465261 0.345131 0.048288
0.0345292 0.0828832 0.564999 0.219267 0.098321
0.0189534 0.126991 0.0417795 0.812176 9.9991E-05
0.0190081 0.0908267 0.0275931 0.854286 0.00828628
0.118997 0.14707 0.538404 0.19543 9.9991E-05
0.390813 0.00327551 0.326448 0.172158 0.107305
0.406024 9.9991E-05 0.245497 0.275692 0.0726861
0.418084 0.0648652 0.0450127 0.314513 0.157525
0.353784 9.9991E-05 0.371485 0.173125 0.101506
0.126858 9.9991E-05 0.0879655 0.690358 0.0947176
0.177786 9.9991E-05 0.115893 0.634172 0.0720486
0.189732 9.9982E-05 0.532369 0.277699 9.9982E-05
0.111462 0.00185958 0.498464 0.310644 0.0775705
0.195869 0.0371698 0.174687 0.521103 0.0711711
0.117213 0.00728135 0.51901 0.265574 0.0909213
0.217411 0.0245729 0.470284 0.287632 9.9991E-05
0.123448 0.124987 0.457916 0.215347 0.0783016
9.9991E-05 0.0625814 0.413551 0.51456 0.00920743
0.0714635 0.069482 0.3466 0.512355 9.9991E-05
0.0289484 0.0578259 0.599062 0.235459 0.0787049
0.0549205 0.0545017 0.456221 0.39172 0.0426364
0.131567 0.26289 0.457967 0.0950168 0.0525598
0.0115713 0.00513704 0.535234 0.447957 9.9991E-05
0.0521792 0.122354 0.205359 0.620008 9.9991E-05
0.104157 9.9991E-05 0.551171 0.298432 0.0461404
9.9982E-05 0.0892211 0.2636 0.646979 9.9982E-05
0.0615551 0.00758973 0.475932 0.440779 0.0141448
0.100974 0.0828791 0.555307 0.241414 0.0194255
0.0499763 0.0522345 0.471061 0.350787 0.0759413
0.22083 0.0115714 0.478793 0.154883 0.133923
0.186926 0.146291 0.393841 0.116046 0.156896
0.254283 0.0153762 0.366226 0.192705 0.17141
0.267586 0.12388 0.293494 0.140009 0.175031
0.331153 0.180974 0.332256 0.115986 0.0396301
0.263058 0.0628831 0.393042 0.193995 0.0870218
0.166729 9.9982E-05 9.9982E-05 0.615289 0.217782
0.257939 0.0845498 0.536606 0.0267153 0.0941903
0.146673 9.9982E-05 9.9982E-05 0.417157 0.435971
0.240522 9.9991E-05 0.539781 0.178853 0.0407435
9.9973E-05 9.9973E-05 0.148755 0.850945 9.9973E-05
9.9982E-05 0.0542942 9.9982E-05 0.92439 0.0211154
0.0059911 0.0235289 0.557602 0.412778 9.9991E-05
0.0396459 9.9991E-05 0.706621 0.229183 0.0244501
9.9982E-05 0.092048 0.382743 0.525009 9.9982E-05
0.010203 0.0326875 0.595419 0.361591 9.9991E-05
0.0768836 0.0251057 0.563243 0.334667 9.9991E-05
0.0533931 0.0680113 0.0851336 9.9991E-05 0.793362
0.153351 0.127066 9.9982E-05 9.9982E-05 0.719383
0.0668201 0.0399344 9.9982E-05 9.9982E-05 0.893046
9.9973E-05 9.9973E-05 0.0671842 9.9973E-05 0.932516
0.0239526 0.0728104 0.529 0.346533 0.0277038
0.0131046 0.0845241 0.581451 0.231406 0.0895146
9.9982E-05 0.116022 0.6223 0.261478 9.9982E-05
9.9982E-05 9.9982E-05 0.647009 0.203332 0.149459
0.103798 0.0933737 0.43746 0.219189 0.146179
9.9982E-05 0.219509 0.355743 0.424548 9.9982E-05
0.059456 9.9991E-05 0.647694 0.277582 0.0151689
9.9982E-05 9.9982E-05 0.419546 0.554757 0.0254968
0.220803 0.0448827 0.414804 0.0828049 0.236705
0.068463 0.0181043 0.489671 0.423662 9.9991E-05
9.9982E-05 0.103169 0.461967 0.434665 9.9982E-05
0.0149709 0.0358323 0.622844 0.326252 9.9991E-05
9.9982E-05 0.182153 0.502918 0.314729 9.9982E-05
9.9973E-05 9.9973E-05 0.738506 0.261194 9.9973E-05
9.9991E-05 0.0239166 0.728783 0.222636 0.0245648
9.9973E-05 9.9973E-05 0.244708 0.754992 9.9973E-05
9.9982E-05 0.0213657 0.397671 0.580763 9.9982E-05
9.9991E-05 0.0925693 0.471719 0.424318 0.011294
9.9973E-05 9.9973E-05 0.0254547 0.974245 9.9973E-05
9.9991E-05 0.156712 0.504574 0.314662 0.0239516
9.9982E-05 0.0404464 0.239709 0.719645 9.9982E-05
9.9991E-05 0.0249382 0.0217221 0.924815 0.0284248
9.9991E-05 0.044674 0.627864 0.268762 0.0585999
9.9991E-05 0.118477 0.37188 0.485246 0.0242964
0.0894917 0.156962 0.462441 0.291005 9.9991E-05
0.0412798 0.111739 0.646959 0.112258 0.0877649
9.9982E-05 0.0748345 0.632486 0.29248 9.9982E-05
0.0877718 0.290857 0.350934 0.270338 9.9991E-05
9.9991E-05 0.0650401 0.67224 0.256376 0.00624391
0.00335259 0.148349 0.543197 0.296934 0.00816746
9.9973E-05 9.9973E-05 0.450672 0.549028 9.9973E-05
9.9991E-05 0.0031139 0.617157 0.271449 0.10818
9.9973E-05 0.324556 9.9973E-05 9.9973E-05 0.675144
0.0304638 0.0925057 0.0367232 0.0912758 0.749032
9.9982E-05 0.125834 9.9982E-05 0.0468528 0.827113
9.9982E-05 0.160272 9.9982E-05 0.0608157 0.778713
9.9991E-05 0.214945 0.0247906 0.0246233 0.735541
9.9991E-05 0.215562 0.305481 0.442122 0.0367354
9.9991E-05 0.143103 0.29188 0.525864 0.0390532
0.00261644 9.9982E-05 0.304785 0.692399 9.9982E-05
0.0741648 9.9991E-05 0.583941 0.237777 0.104018
9.9991E-05 0.0503062 0.652892 0.128075 0.168627
9.9982E-05 9.9982E-05 0.393268 0.555352 0.0511805
0.0410156 9.9991E-05 0.710151 0.247045 0.00168799
0.0378489 9.9991E-05 0.480365 0.449794 0.0318924
9.9991E-05 0.0388076 0.696491 0.220906 0.0436949
0.0562637 0.0433017 0.651256 0.162823 0.0863559
0.0326822 0.146857 0.364133 0.456227 9.9991E-05
9.9982E-05 0.094924 0.507049 0.397827 9.9982E-05
9.9982E-05 0.138144 0.535395 0.326261 9.9982E-05
0.0420976 0.121195 0.585114 0.175607 0.0759863
9.9982E-05 0.0556186 0.56545 0.378732 9.9982E-05
9.9991E-05 0.0744104 0.550184 0.338549 0.0367562
0.412539 0.0541261 0.402035 0.067176 0.0641242
0.555848 0.0378551 0.249282 0.0373115 0.119703
0.44888 0.0284766 0.386352 0.0818309 0.0544602
0.448218 9.9991E-05 0.284716 0.104117 0.162849
0.360952 0.0543804 0.359992 0.111116 0.11356
0.0481561 0.00219468 0.538946 0.369248 0.0414547
0.704379 9.9991E-05 0.00606906 0.0256958 0.263756
0.474374 0.000416122 0.299949 0.0860244 0.139237
0.143044 9.9991E-05 0.490666 0.158541 0.207649
9.9991E-05 0.0999421 0.603057 0.173879 0.123022
0.0150406 0.0830062 0.489639 0.280605 0.131709
0.0979684 0.0242492 0.551743 0.20217 0.123869
0.0633066 0.0542363 0.594782 0.168808 0.118867
0.46915 9.9982E-05 0.296639 9.9982E-05 0.23401
0.445611 0.100302 0.245754 0.0906427 0.11769
0.515191 9.9982E-05 0.421716 9.9982E-05 0.0628938
0.319929 0.106622 0.403563 0.089783 0.0801033
0.525251 0.0392848 0.27609 0.0148069 0.144567
0.360607 9.9991E-05 0.425656 0.00985217 0.203785
0.567826 9.9991E-05 0.248414 0.0568134 0.126846
0.426422 0.0784839 0.428891 9.9991E-05 0.0661029
0.0354782 9.9991E-05 0.599767 0.258633 0.106022
0.373392 9.9991E-05 0.372328 0.115635 0.138545
0.632618 9.9991E-05 0.129862 0.0109447 0.226476
0.473653 0.0523403 0.249247 0.120778 0.103981
9.9991E-05 0.27782 0.267755 0.266449 0.187876
0.138693 0.160024 0.536809 0.164374 9.9991E-05
0.339411 0.0251409 0.349371 0.073602 0.212475
0.071005 0.0832393 0.614854 0.0788552 0.152046
9.9982E-05 9.9982E-05 0.533438 0.263501 0.202861
0.231681 0.0223522 0.427108 0.0675437 0.251316
0.346839 9.9991E-05 0.268042 0.194016 0.191004
0.154102 0.0601206 0.47322 0.231109 0.0814484
0.365768 9.9991E-05 0.511193 0.05601 0.066929
0.501502 9.9982E-05 0.426362 9.9982E-05 0.0719352
0.600911 0.0116319 0.15395 9.9991E-05 0.233406
0.0644052 0.00226983 0.560757 0.259569 0.112999
9.9991E-05 0.119416 0.540135 0.200081 0.140268
0.0857371 9.9991E-05 0.118264 0.574344 0.221554
0.114735 0.105556 0.627938 0.0520648 0.0997063
0.0521515 0.231174 0.418845 0.177762 0.120067
0.200766 9.9991E-05 0.529164 0.131428 0.138543
0.0577679 0.146431 0.476502 0.160644 0.158655
0.222275 9.9982E-05 9.9982E-05 0.387319 0.390206
0.146278 9.9982E-05 9.9982E-05 0.456454 0.397068
0.204801 0.0238793 0.252245 0.375704 0.143369
0.231713 9.9982E-05 9.9982E-05 0.385069 0.383018
0.257172 9.9982E-05 9.9982E-05 0.251397 0.491231
0.206155 0.0432451 0.27773 0.378677 0.0941937
0.178585 9.9991E-05 0.284613 0.262039 0.274663
0.179776 9.9991E-05 0.181896 0.330628 0.307599
0.219666 9.9991E-05 0.0609747 0.395642 0.323618
0.180739 9.9991E-05 0.534916 0.146424 0.137821
0.153134 9.9991E-05 0.120329 0.467378 0.259059
0.12203 9.9982E-05 9.9982E-05 0.376351 0.501419
0.217984 0.103062 0.519656 0.0430028 0.116295
0.313143 0.119573 0.279786 0.154114 0.133384
0.187567 0.0872236 0.45215 9.9991E-05 0.27296
0.290842 0.0309336 0.548308 9.9991E-05 0.129816
0.137458 9.9991E-05 0.592588 0.0540433 0.215811
0.285954 0.00287414 0.485706 0.0645498 0.160916
0.165604 0.0549513 0.387453 9.9991E-05 0.391892
0.14154 0.0259339 0.626546 9.9991E-05 0.20588
0.297185 0.0868524 0.4232 9.9991E-05 0.192663
0.192664 9.9991E-05 0.366693 0.170447 0.270096
0.0693866 0.138627 0.338231 0.270009 0.183747
0.0595733 0.00878644 0.602085 0.154303 0.175252
0.136286 0.0383058 0.544608 0.104477 0.176324
0.0838789 0.0986855 0.580405 0.123683 0.113347
0.285897 0.0293197 0.412476 0.00540672 0.2669
0.174129 0.0659801 0.573048 9.9991E-05 0.186743
0.224012 9.9991E-05 0.125103 0.220467 0.430318
0.178707 0.00823054 0.570717 0.0581189 0.184227
0.378701 9.9991E-05 0.161556 0.214553 0.245091
9.9991E-05 0.120804 0.0160918 0.0474805 0.815523
0.079129 0.844403 0.0611197 9.9991E-05 0.0152487
9.997E-05 0.9996 9.997E-05 9.997E-05 9.997E-05
9.9973E-05 0.996701 9.9973E-05 9.9973E-05 0.00299885
9.9973E-05 0.948952 0.0507482 9.9973E-05 9.9973E-05
0.034499 0.933344 9.9982E-05 9.9982E-05 0.031957
9.9973E-05 0.898758 0.100942 9.9973E-05 9.9973E-05
9.9973E-05 0.944258 9.9973E-05 9.9973E-05 0.0554418
0.0110413 0.778456 9.9982E-05 9.9982E-05 0.210303
9.9982E-05 0.0166856 0.048771 9.9982E-05 0.934343
9.9982E-05 0.0962846 0.100817 9.9982E-05 0.802698
0.00859856 9.9991E-05 0.0543675 0.0107638 0.92617
9.9982E-05 0.125812 0.0487032 9.9982E-05 0.825284
0.0583999 0.0389647 0.0331565 9.9991E-05 0.869379
0.0266685 0.0460083 0.000798019 0.0423385 0.884187
0.149868 0.00717297 0.0350393 0.0768168 0.731103
0.0675501 0.0279094 0.0388824 0.00819417 0.857464
0.0576748 0.19722 0.0351309 9.9991E-05 0.709874
0.0678794 9.9982E-05 0.0011091 9.9982E-05 0.930812
9.9973E-05 9.9973E-05 9.9973E-05 0.0207596 0.978941
0.0215384 0.0730579 0.0641947 9.9991E-05 0.841109
0.0169076 0.0339659 9.9982E-05 9.9982E-05 0.948926
9.9973E-05 9.9973E-05 0.0827267 9.9973E-05 0.916973
9.9982E-05 0.0112772 0.114695 9.9982E-05 0.873828
0.030929 9.9982E-05 0.10445 9.9982E-05 0.864421
0.124759 9.9982E-05 0.0949022 9.9982E-05 0.780139
0.0871096 9.9982E-05 0.164171 9.9982E-05 0.748519
0.0250277 9.9982E-05 0.139972 9.9982E-05 0.8348
9.9991E-05 0.119334 0.450228 0.239407 0.19093
9.9991E-05 0.0230642 0.727964 0.168858 0.0800146
9.9991E-05 0.00951424 0.677706 0.190174 0.122505
0.0372071 9.9991E-05 0.112254 0.705153 0.145286
9.9991E-05 0.166813 0.610661 0.0525811 0.169846
0.0505488 9.9991E-05 0.0923741 0.646137 0.21084
0.0973975 9.9991E-05 0.596716 0.22156 0.0842265
9.9991E-05 0.15114 0.452653 0.27375 0.122357
9.9991E-05 0.0983051 0.636544 0.156064 0.108987
0.00340721 0.0658134 0.636371 0.269548 0.0248608
9.9991E-05 0.110005 0.466448 0.271303 0.152143
9.9991E-05 0.0284553 0.711694 0.129833 0.129917
9.9991E-05 0.125321 0.587874 0.214513 0.072193
0.104249 0.454736 0.0295038 0.411411 9.9991E-05
9.9982E-05 0.0886519 9.9982E-05 0.82063 0.0905181
0.0849653 9.9991E-05 0.137509 0.648576 0.12885
0.0977353 0.0704943 0.598751 0.130415 0.102604
9.9991E-05 0.0512483 0.540279 0.233691 0.174682
0.0446581 9.9991E-05 0.483229 0.356943 0.115069
0.00825222 9.9991E-05 0.799743 0.152954 0.0389506
0.101235 9.9991E-05 0.499513 0.147289 0.251864
0.130037 0.0437053 0.604477 0.0174839 0.204297
0.164908 0.141044 0.176547 0.120773 0.396729
0.0139489 0.129629 0.640194 0.0996955 0.116533
0.183629 0.114547 0.424122 0.05371 0.223992
0.211456 9.9982E-05 9.9982E-05 0.340685 0.447659
0.14796 9.9991E-05 0.421145 0.0922458 0.338549
0.228054 0.099896 0.263401 0.0869313 0.321718
0.0255783 0.0915287 0.506927 0.00235518 0.373611
0.297797 0.133196 0.428362 9.9991E-05 0.140544
0.139468 0.0358775 0.531247 0.0381198 0.255288
0.193769 0.0586985 0.604408 9.9991E-05 0.143025
0.234698 0.0935254 0.32547 0.194064 0.152242
0.149632 9.9991E-05 0.313225 0.0689618 0.468081
