0.0487281 0.92439 0.0140324 9.9982E-05 9.9982E-05 0.0126491
0.00948078 0.967498 0.0142964 9.9982E-05 0.00852446 9.9982E-05
0.0246547 0.873514 9.9991E-05 0.0146505 0.0509773 0.0361039
9.9973E-05 0.829261 0.0175277 9.9973E-05 9.9973E-05 0.152911
9.9973E-05 0.915261 0.0144008 9.9973E-05 9.9973E-05 0.0700384
0.0466346 0.656555 0.0705453 0.110001 0.0280114 0.0882529
9.9982E-05 0.813768 0.0202685 0.147502 9.9982E-05 0.018262
0.00508372 0.736937 0.0603528 0.152744 9.9991E-05 0.0447823
9.99729E-05 0.835749 0.136251 0.0277004 9.99729E-05 9.99729E-05
0.00684603 0.778728 0.0296021 0.120043 9.9991E-05 0.0646813
9.9982E-05 0.749301 0.0460799 0.103197 9.9982E-05 0.101222
0.0239446 0.0543995 0.465156 0.0613071 0.166323 0.22887
0.0483855 0.0803255 0.259315 0.00720407 0.0731104 0.53166
0.10212 0.00820218 0.466562 0.0708345 0.100957 0.251324
0.115286 0.0604614 0.430873 0.00548589 0.113306 0.274588
0.0965156 0.113061 0.284941 0.0356098 0.0237095 0.446163
0.0919704 0.0437853 0.204518 0.0320523 0.0713559 0.556318
0.0430369 0.0126543 0.244514 0.0918993 0.131703 0.476193
0.0529047 0.107195 0.381016 0.0961201 0.0582289 0.304535
0.015943 0.0232546 0.66494 0.141559 0.13057 0.0237331
0.041837 0.0123419 0.32034 0.0524362 0.145076 0.427969
0.0820959 0.0189329 0.166175 0.243007 0.074885 0.414904
0.0269688 0.0543046 0.19641 0.025128 0.133584 0.563605
0.0533406 0.0671291 0.445393 0.095508 0.101393 0.237237
0.0769401 0.0714425 0.106298 0.0536383 0.0213536 0.670328
0.0366468 0.0523945 0.247234 0.0325672 0.0908261 0.540332
0.0144159 0.0591536 0.509127 0.0436557 0.125494 0.248154
0.0580212 0.0374032 0.41979 0.0543006 0.103271 0.327213
9.9991E-05 0.0227945 0.47276 0.132898 0.129955 0.241493
0.0144911 0.881305 9.9973E-05 9.9973E-05 9.9973E-05 0.103904
0.015345 0.873448 9.9973E-05 9.9973E-05 9.9973E-05 0.110907
0.0930301 0.80791 0.00600972 9.9982E-05 9.9982E-05 0.0928502
0.0437287 0.770681 9.9973E-05 9.9973E-05 9.9973E-05 0.185291
9.999E-05 0.112351 0.0379445 0.0917795 0.229914 0.527911
0.0773112 0.0830498 0.091658 0.00353464 0.284071 0.460375
0.0158663 9.9991E-05 0.00454556 0.0558956 0.377033 0.546559
0.00992861 0.0136026 0.660232 0.0148395 0.106561 0.194837
0.00758028 9.9982E-05 9.9982E-05 0.164307 0.567159 0.260755
0.0417521 0.0729289 0.15034 9.9991E-05 0.229596 0.505283
0.00389472 0.0530469 9.9991E-05 0.0555458 0.193143 0.69427
9.9991E-05 0.128588 0.0956597 0.154243 0.0897011 0.531709
0.00758787 0.101703 0.0891788 0.138913 0.0593817 0.603235
9.9982E-05 0.0359778 0.186276 9.9982E-05 0.64597 0.131577
9.9982E-05 0.0659561 0.0231216 0.218136 9.9982E-05 0.692586
9.9991E-05 0.0833369 0.00790175 0.0651652 0.263815 0.579681
9.9991E-05 0.164078 0.00449692 0.0654123 0.13387 0.632042
9.9973E-05 9.9973E-05 9.9973E-05 0.0910078 0.596158 0.312534
0.0381489 0.0749383 0.0640159 9.9991E-05 0.2364 0.586396
0.0141245 0.130858 0.0386691 0.0553711 0.23053 0.530447
9.9964E-05 9.9964E-05 9.9964E-05 0.400456 0.599144 9.9964E-05
9.9982E-05 9.9982E-05 0.612698 0.0714227 0.131351 0.184328
0.0481314 9.9991E-05 0.279112 0.382645 0.116644 0.173367
0.0681522 0.0742636 0.147732 0.0697262 0.0620032 0.578123
0.0766796 0.079014 0.120228 0.089543 0.0320421 0.602493
0.0690249 0.0842304 0.0198474 0.139989 0.0551381 0.631771
9.9991E-05 0.10965 0.506658 0.088543 0.102755 0.192294
0.0198535 0.00311395 0.337704 0.0109445 0.0742558 0.554128
0.0454023 0.0841093 0.147728 0.05752 0.0815695 0.583671
0.0184174 0.117677 0.272469 0.102755 0.0570396 0.431643
9.9991E-05 0.152915 0.471894 0.119857 0.121098 0.134137
0.0516844 0.110472 0.164257 0.0677843 0.0741533 0.531649
0.0338581 0.054556 0.267889 0.0327816 0.129611 0.481305
9.9991E-05 0.0724504 0.527526 0.146071 0.16697 0.0868832
0.00738097 9.9991E-05 0.385343 0.0328073 0.157078 0.41729
0.0455413 0.0516997 0.12571 0.119116 0.0733881 0.584545
9.9991E-05 0.0940867 0.142281 0.0578315 0.0456842 0.660016
0.0443345 0.076696 0.36346 0.0869168 0.158042 0.270551
0.0706345 0.0181349 0.205234 0.11473 0.0901047 0.501162
0.0442829 0.0654377 0.143822 0.0752889 0.0868724 0.584296
9.9991E-05 0.0348322 0.482613 0.0909684 0.121624 0.269862
0.0107375 0.018142 0.0178511 9.9991E-05 0.504613 0.448556
0.027784 0.0031484 0.0778285 9.9991E-05 0.776083 0.115056
0.0178821 0.116926 0.0532318 0.0353673 0.267611 0.508982
9.9964E-05 9.9964E-05 9.9964E-05 0.177663 0.821937 9.9964E-05
9.9964E-05 9.9964E-05 9.9964E-05 0.173844 0.825756 9.9964E-05
9.9973E-05 9.9973E-05 9.9973E-05 0.101744 0.698255 0.199701
9.9982E-05 0.0288809 0.058801 9.9982E-05 0.481479 0.43064
0.0369764 0.0798499 0.0418847 0.0521749 0.207902 0.581212
0.012689 9.9982E-05 9.9982E-05 0.0111744 0.485866 0.490071
9.9982E-05 0.0308119 0.181254 9.9982E-05 0.647438 0.140296
9.9982E-05 0.0235717 0.168161 9.9982E-05 0.564757 0.24331
0.0509372 0.0853918 0.0846416 9.9991E-05 0.276613 0.502317
9.9982E-05 0.0546344 0.0360218 9.9982E-05 0.603504 0.305639
9.9982E-05 0.0373054 0.0842645 9.9982E-05 0.454273 0.423957
9.9982E-05 0.0147384 9.9982E-05 0.0498648 0.478052 0.457145
9.9964E-05 9.9964E-05 9.9964E-05 0.357469 0.642131 9.9964E-05
0.0183057 0.0740086 0.00553782 0.0288428 0.290651 0.582654
9.9982E-05 0.860096 0.0633069 9.9982E-05 0.00622188 0.0701755
9.9964E-05 0.926752 9.9964E-05 9.9964E-05 9.9964E-05 0.0728485
0.0512355 0.833668 9.9973E-05 9.9973E-05 9.9973E-05 0.114797
0.0461391 0.943516 9.9973E-05 9.9973E-05 9.9973E-05 0.0100452
0.0420806 0.944299 9.9973E-05 9.9973E-05 0.0133207 9.9973E-05
0.0459863 0.874842 9.9982E-05 0.00645797 9.9982E-05 0.072514
0.000584447 0.922273 9.9973E-05 9.9973E-05 9.9973E-05 0.076843
0.0542301 0.0711997 0.0958508 0.0377652 0.250205 0.490749
0.0576507 0.108003 0.0504389 9.9991E-05 0.206756 0.577051
9.9982E-05 0.0417052 0.228195 9.9982E-05 0.724552 0.00534842
0.0507608 0.0916893 0.0731885 0.0423953 0.188918 0.553049
9.9982E-05 0.0337759 0.14143 9.9982E-05 0.464627 0.359967
9.9982E-05 0.0708982 0.033979 9.9982E-05 0.360994 0.533929
9.9982E-05 0.0281779 9.9982E-05 0.0862781 0.312325 0.573019
0.0510887 0.0163589 0.0163963 0.0215881 0.387062 0.507506
9.9973E-05 0.054013 0.235953 9.9973E-05 0.709734 9.9973E-05
0.0649704 0.107868 0.0850002 0.0132351 0.219482 0.509444
0.0341695 0.0834693 0.0587069 0.0378897 0.110236 0.675529
0.0170006 0.135979 0.0890853 0.0101056 0.153859 0.59397
9.9991E-05 0.0183123 0.009242 0.206358 0.539223 0.226765
0.00876639 0.0191765 9.9991E-05 0.0330456 0.422418 0.516494
9.9982E-05 0.03458 0.0953782 9.9982E-05 0.403265 0.466577
9.9973E-05 9.9973E-05 9.9973E-05 0.0711982 0.554026 0.374476
9.9982E-05 0.056313 0.115 9.9982E-05 0.404238 0.424249
0.0412106 0.0659645 0.08173 0.0798281 0.183717 0.54755
0.065178 9.9991E-05 0.377502 0.221422 0.0181472 0.317651
9.9991E-05 0.107389 0.350238 0.0600816 0.056427 0.425765
0.022311 0.120089 0.15781 0.0822848 0.00705917 0.610446
0.0428164 0.116254 0.121934 0.106414 0.0548123 0.557769
0.0232824 0.0232834 0.416704 0.0127732 0.0733728 0.450584
0.0268799 0.0605003 0.229236 0.0476882 0.0101471 0.625548
9.9982E-05 0.0634397 0.43504 9.9982E-05 0.0473589 0.453962
0.0514637 0.0788789 0.160631 0.144605 0.0406319 0.52379
0.0551498 0.0699297 0.176092 0.0595524 0.05788 0.581396
9.9991E-05 0.0497492 0.270393 0.0591992 0.0087729 0.611786
9.9991E-05 0.0361629 0.328474 0.0151612 0.0294483 0.590654
0.0604019 0.0419974 0.18036 0.0682013 0.0476145 0.601425
0.0569736 0.0480409 0.146658 0.113188 9.9991E-05 0.635039
0.0640129 9.9991E-05 0.212598 0.0810375 0.0236989 0.618553
0.0600717 0.0616908 0.168818 0.129949 0.0380761 0.541394
0.0346873 9.9991E-05 0.162736 0.122033 0.055019 0.625425
0.0485646 0.0827772 0.263996 0.230426 0.0457731 0.328462
0.0412628 0.0770122 0.164702 0.0461319 0.0452954 0.625595
0.015186 0.0315463 0.142664 0.113885 9.9991E-05 0.696618
0.00634161 0.0213123 0.600945 0.0436592 0.118776 0.208966
0.0601898 9.9991E-05 0.33556 0.39254 0.0723525 0.139258
0.0176877 0.0406365 0.230318 0.0956502 0.0488122 0.566895
0.00349606 9.9991E-05 0.347633 0.442695 0.117147 0.0889291
9.9982E-05 9.9982E-05 0.539527 0.0176441 0.0707984 0.37183
9.9982E-05 9.9982E-05 0.433263 0.042093 0.0681833 0.456261
9.9982E-05 0.0374761 0.452977 9.9982E-05 0.13321 0.376137
9.9982E-05 9.9982E-05 0.493514 0.0773857 0.0579558 0.370945
9.9991E-05 0.0808769 0.182897 0.0840523 0.0234966 0.628577
0.0483424 0.109429 0.135539 0.0821733 0.0192021 0.605314
0.042877 0.0404379 0.231647 0.0597401 0.0696484 0.55565
0.0432773 9.9991E-05 0.385581 0.335648 0.0500293 0.185364
0.0454266 0.151424 0.0859802 0.108518 0.0948252 0.513826
0.0194304 0.0634185 0.0493649 0.300974 0.0245945 0.542217
9.9982E-05 0.107452 0.0802913 0.694997 0.11706 9.9982E-05
0.0431726 0.063225 0.0123856 0.151563 0.0443205 0.685334
0.0507289 0.0914225 0.0553067 0.39854 0.0734794 0.330523
0.0343876 0.132699 0.0748219 0.169809 0.071486 0.516797
9.9991E-05 0.0934014 0.106758 0.464313 0.091116 0.244311
9.9991E-05 0.0576146 0.173785 0.583247 0.0654985 0.119754
0.00943076 0.035486 0.107162 0.31757 0.123353 0.406998
9.9991E-05 0.134049 0.0847512 0.169942 0.0525929 0.558565
0.0290907 0.143404 0.0780166 0.217006 0.0763339 0.456149
0.0700653 0.0571658 0.100137 0.500886 0.161629 0.110117
0.0497446 0.134979 0.0432656 0.134635 0.045037 0.592339
9.9982E-05 9.9982E-05 0.0586551 0.489193 0.100545 0.351407
9.9982E-05 9.9982E-05 0.12109 0.318209 0.0953676 0.465134
0.0495144 0.128629 0.0435076 0.119985 0.0569239 0.60144
0.243149 0.394797 9.9982E-05 0.216181 9.9982E-05 0.145673
0.137298 0.486511 9.9973E-05 0.375891 9.9973E-05 9.9973E-05
0.141264 0.452316 9.9973E-05 0.40612 9.9973E-05 9.9973E-05
0.270968 0.352036 9.9982E-05 0.288628 9.9982E-05 0.0881682
9.9991E-05 0.00590308 0.0362534 0.240699 0.0686831 0.648361
0.0388171 0.0881179 0.0548096 0.151301 0.014976 0.651979
0.637939 9.9973E-05 9.9973E-05 9.9973E-05 0.0214574 0.340304
0.454786 0.0208998 0.104567 0.0289867 0.0191325 0.371628
0.397633 0.0515042 0.0828337 0.0569581 0.0174198 0.393651
0.0112364 9.9991E-05 0.0699293 0.560751 0.0494735 0.30851
0.0706995 0.0763095 0.106617 0.200792 0.0712519 0.47433
9.9973E-05 9.9973E-05 0.101272 0.594721 9.9973E-05 0.303707
9.9973E-05 0.0568735 9.9973E-05 0.326679 9.9973E-05 0.616147
0.0304744 0.0212946 0.0891612 0.336696 9.9991E-05 0.522274
9.9973E-05 0.00636998 9.9973E-05 0.374959 9.9973E-05 0.618372
9.9982E-05 9.9982E-05 0.0124925 0.716832 0.00462392 0.265852
0.0413154 0.060402 9.9991E-05 0.153179 0.0615118 0.683492
9.9991E-05 0.108016 0.0271063 0.191124 0.0745209 0.599133
0.950584 9.9964E-05 9.9964E-05 9.9964E-05 9.9964E-05 0.0490161
0.913042 9.9973E-05 0.00831867 9.9973E-05 9.9973E-05 0.0783394
0.537288 0.0395902 0.0574539 9.9996E-05 0.040777 0.324791
0.617162 9.9973E-05 0.00292286 9.9973E-05 9.9973E-05 0.379615
0.808179 9.9982E-05 0.0416604 9.9982E-05 0.010121 0.13984
0.9995 9.996E-05 9.996E-05 9.996E-05 9.996E-05 9.996E-05
0.966546 9.9973E-05 0.0209725 9.9973E-05 0.0121814 9.9973E-05
0.851097 9.9964E-05 9.9964E-05 9.9964E-05 9.9964E-05 0.148503
0.94953 9.9964E-05 0.0500706 9.9964E-05 9.9964E-05 9.9964E-05
0.9995 9.996E-05 9.996E-05 9.996E-05 9.996E-05 9.996E-05
0.9995 9.996E-05 9.996E-05 9.996E-05 9.996E-05 9.996E-05
0.785738 9.9973E-05 0.00821642 9.9973E-05 9.9973E-05 0.205746
0.806276 0.035535 0.0528904 0.0121657 0.00420558 0.0889271
0.9995 9.996E-05 9.996E-05 9.996E-05 9.996E-05 9.996E-05
0.380109 0.072787 0.10326 0.0566419 0.0660473 0.321156
0.66602 0.0390984 0.0745983 9.9982E-05 9.9982E-05 0.220083
0.833401 0.0399048 9.9973E-05 9.9973E-05 9.9973E-05 0.126394
0.898999 9.9973E-05 9.9973E-05 9.9973E-05 0.0341936 0.0665072
0.9995 9.996E-05 9.996E-05 9.996E-05 9.996E-05 9.996E-05
0.92746 0.00671338 9.9973E-05 9.9973E-05 9.9973E-05 0.0655269
0.9995 9.996E-05 9.996E-05 9.996E-05 9.996E-05 9.996E-05
0.628165 0.0253087 0.0731348 0.00844284 0.0113258 0.253623
0.96393 9.9964E-05 9.9964E-05 9.9964E-05 0.0356698 9.9964E-05
0.0459556 0.29587 9.9973E-05 0.657875 9.9973E-05 9.9973E-05
0.0957996 0.231701 0.0164683 0.266284 9.9991E-05 0.389647
0.0309494 0.184454 9.9982E-05 0.301272 9.9982E-05 0.483124
0.0947587 0.201621 9.9982E-05 0.499492 9.9982E-05 0.203928
0.15486 0.138502 0.06642 0.190693 0.0659903 0.383534
0.112001 0.234687 9.9982E-05 0.517755 9.9982E-05 0.135358
0.118772 0.150003 0.0629516 0.20293 0.021784 0.44356
0.101266 0.183414 9.9982E-05 0.380926 9.9982E-05 0.334194
0.0925184 0.192765 9.9982E-05 0.21926 9.9982E-05 0.495257
0.110689 0.199517 9.9991E-05 0.284596 0.0280902 0.377007
0.115333 0.17786 0.0553505 0.180593 0.0260005 0.444863
9.9973E-05 0.919161 9.9973E-05 0.0220614 9.9973E-05 0.0584777
0.0697742 0.898328 9.9973E-05 0.0315976 9.9973E-05 9.9973E-05
9.9973E-05 0.944932 0.0166107 9.9973E-05 9.9973E-05 0.0381572
9.9973E-05 0.980462 9.9973E-05 0.00943642 0.0098018 9.9973E-05
9.9973E-05 0.917861 0.0136472 9.9973E-05 9.9973E-05 0.068192
9.9973E-05 0.987247 9.9973E-05 0.00374819 9.9973E-05 0.00870531
0.0275464 0.918487 0.00977821 9.9982E-05 9.9982E-05 0.0439879
0.00483438 0.956624 0.0312007 0.00425515 9.9991E-05 0.00298586
0.032354 0.888665 9.9991E-05 0.0207621 0.0455639 0.0125548
0.0239511 0.911769 0.0163104 0.0456755 9.9991E-05 0.00219421
9.9982E-05 0.615587 0.27365 0.0556441 0.0549194 9.9982E-05
9.9982E-05 0.631008 0.289291 0.0602395 0.0192607 9.9982E-05
9.9982E-05 0.547383 0.309705 0.0936469 0.0490649 9.9982E-05
9.9982E-05 0.455012 0.39659 0.120333 0.027865 9.9982E-05
0.00952672 0.0788862 0.124121 9.9991E-05 0.321423 0.465943
0.0305531 0.0358184 0.127428 9.9991E-05 0.342451 0.46365
0.0081606 0.0816468 0.162469 9.9991E-05 0.211072 0.536551
9.9991E-05 0.0273657 0.302686 0.0188098 0.283991 0.367047
9.9982E-05 9.9982E-05 0.617666 0.106508 0.0386981 0.236928
0.00845964 0.0427708 0.0551226 0.0493369 0.201846 0.642464
0.025509 9.9982E-05 0.0841914 9.9982E-05 0.286126 0.603974
9.9991E-05 0.000640056 0.0351069 0.144326 0.271271 0.548556
0.0104525 9.9982E-05 9.9982E-05 0.0741383 0.543357 0.371852
0.0509501 0.0640055 0.0722438 0.110839 0.116734 0.585228
9.9982E-05 0.0042782 0.0697072 9.9982E-05 0.511904 0.41391
9.9964E-05 9.9964E-05 9.9964E-05 0.229818 0.769783 9.9964E-05
9.9991E-05 0.0636664 0.174979 0.00689102 0.153599 0.600765
9.9973E-05 9.9973E-05 9.9973E-05 0.2403 0.602267 0.157133
0.00372852 0.0348976 0.0127329 0.0748262 0.339896 0.533919
9.9982E-05 0.0101278 0.218044 9.9982E-05 0.67324 0.0983878
9.9973E-05 0.134681 0.769106 0.0959128 9.9973E-05 9.9973E-05
9.9982E-05 0.0945147 0.759058 0.0858051 9.9982E-05 0.0604227
9.9991E-05 0.107563 0.75589 0.0991066 0.024938 0.0124024
9.9982E-05 0.104904 0.823419 0.0709463 0.000531547 9.9982E-05
9.9982E-05 0.0512015 0.790631 0.0281121 9.9982E-05 0.129855
9.9982E-05 0.0811354 0.753575 0.0622459 9.9982E-05 0.102844
0.049126 0.892284 9.9982E-05 9.9982E-05 0.0433239 0.0150658
0.00986594 0.817804 0.014823 9.9991E-05 0.0461 0.111307
0.0294751 0.799418 9.9982E-05 9.9982E-05 0.0183684 0.152539
0.0909344 0.834369 9.9973E-05 9.9973E-05 0.0743965 9.9973E-05
0.0557422 0.788958 0.00688974 0.0144632 9.9991E-05 0.133847
9.9973E-05 0.398856 0.537367 0.0634772 9.9973E-05 9.9973E-05
9.9973E-05 0.436034 0.496928 0.0667386 9.9973E-05 9.9973E-05
0.00108204 0.432386 0.533975 0.0169115 9.9991E-05 0.0155449
9.9973E-05 0.858472 0.0118597 9.9973E-05 9.9973E-05 0.129368
9.9982E-05 0.39029 0.519209 0.0643728 0.0259277 9.9982E-05
0.303662 0.261432 9.9982E-05 0.173999 9.9982E-05 0.260707
0.180846 0.167799 0.0103306 0.0326749 0.00239373 0.605956
0.230521 0.180137 9.9973E-05 9.9973E-05 9.9973E-05 0.589042
0.232051 0.292152 9.9991E-05 0.113251 0.00135446 0.361092
0.116463 0.19168 0.0502089 0.0622531 0.0283043 0.551091
0.296403 0.433557 9.9973E-05 0.269741 9.9973E-05 9.9973E-05
9.9982E-05 9.9982E-05 0.425926 0.0974982 0.0310398 0.445337
0.00390885 9.9991E-05 0.200925 0.268541 0.0597545 0.466771
9.9982E-05 9.9982E-05 0.521094 0.0731393 0.0961151 0.309451
9.9982E-05 9.9982E-05 0.194179 0.197794 0.0315707 0.576257
9.9973E-05 9.9973E-05 0.357426 0.604893 0.0373812 9.9973E-05
0.0470315 0.0661546 0.150313 0.0796417 0.0461514 0.610707
0.00786039 0.0168505 0.189409 0.172179 0.0339241 0.579777
9.9991E-05 0.0279987 0.47561 0.0831117 0.0283656 0.384814
9.9991E-05 0.105632 0.14593 0.110493 0.0617283 0.576117
9.9982E-05 9.9982E-05 0.291507 0.406623 0.128435 0.173234
0.0333751 0.017156 0.159828 0.13849 0.0965001 0.554651
9.9991E-05 0.0350743 0.333754 0.0211572 0.0967861 0.513129
0.13758 0.116456 0.0533959 0.19883 0.0975417 0.396196
0.00823092 9.9991E-05 0.30596 0.230868 0.0893639 0.365477
0.00580643 9.9991E-05 0.207413 0.2118 0.0860637 0.488817
0.0229893 9.9991E-05 0.192423 0.148224 0.048116 0.588148
0.00624535 9.9991E-05 0.190257 0.148966 0.0742102 0.580221
0.0438825 0.0396069 0.0960154 0.107579 0.0447023 0.668214
0.0294394 0.0967353 0.149551 0.108685 0.0611589 0.55443
0.0102827 0.105955 0.215514 0.0218888 0.0800084 0.56635
0.0337697 0.865639 9.9973E-05 9.9973E-05 9.9973E-05 0.100291
9.9964E-05 0.882343 9.9964E-05 9.9964E-05 9.9964E-05 0.117257
9.9982E-05 0.886619 0.0238495 0.0144435 9.9982E-05 0.0748878
0.0511057 0.92505 0.000411721 9.9991E-05 0.0066402 0.0166924
9.9964E-05 0.906822 9.9964E-05 9.9964E-05 9.9964E-05 0.0927781
0.0589385 0.023428 0.609879 0.06079 0.140132 0.106832
0.0317233 0.05389 0.189179 0.120765 0.0496337 0.554808
0.224902 0.178155 9.9982E-05 0.122534 9.9982E-05 0.474209
0.046909 0.0241438 0.22544 0.0139079 0.0384005 0.651199
0.045024 0.0199947 0.339497 9.9991E-05 0.0931152 0.502269
0.00566131 9.9991E-05 0.295806 0.331777 0.0426332 0.324022
0.0124565 0.0585125 0.78628 0.0449769 0.097674 9.9991E-05
0.0475292 0.0409323 0.368512 9.9991E-05 0.0998838 0.443043
0.0288122 0.0371546 0.624566 0.0490017 0.0215905 0.238875
0.0306885 0.066345 0.14565 0.170733 0.141639 0.444944
9.9991E-05 0.0504291 0.63358 0.110533 0.00145653 0.203901
0.0624074 0.0591069 0.330083 9.9991E-05 0.00991303 0.53839
0.00928191 0.0536794 0.58389 0.0836247 0.129012 0.140512
0.120302 9.9991E-05 0.307206 0.214447 0.0934879 0.264458
9.9991E-05 0.0811587 0.0758254 0.239437 0.0339093 0.56957
9.9973E-05 9.9973E-05 0.0791856 0.564696 9.9973E-05 0.355819
9.9982E-05 0.057673 0.0400425 0.33603 9.9982E-05 0.566054
9.9982E-05 0.115252 0.0906407 0.169281 9.9982E-05 0.624626
9.9982E-05 9.9982E-05 0.0805197 0.575361 0.0747539 0.269165
0.025936 0.125651 0.0729798 0.20746 0.0245273 0.543445
9.9991E-05 0.0577258 0.0262076 0.297772 0.0640108 0.554184
9.9982E-05 9.9982E-05 0.0288691 0.718542 0.0725402 0.179849
9.9982E-05 0.00665047 0.0551618 0.68885 9.9982E-05 0.249138
9.9991E-05 0.0332717 0.0726602 0.376296 0.0372096 0.480462
9.9982E-05 9.9982E-05 0.0854318 0.702455 0.108931 0.102982
9.9982E-05 9.9982E-05 0.138028 0.333488 0.0574701 0.470814
9.9982E-05 9.9982E-05 0.689396 0.00517407 0.113733 0.191497
0.0997936 9.9991E-05 0.381415 0.244109 0.0752942 0.199288
0.0855771 0.0155321 0.423128 9.9991E-05 0.0759034 0.39976
0.049375 0.0190907 0.241452 0.0418022 0.0863273 0.561953
0.0139138 9.9982E-05 0.596141 9.9982E-05 0.165516 0.22423
0.084671 0.052409 0.207955 0.102079 0.0297606 0.523125
0.0362481 0.0278567 0.243236 0.0614346 0.0240331 0.607191
0.0410574 9.9991E-05 0.246402 0.0822329 0.104281 0.525927
0.106989 9.9991E-05 0.274562 0.0618878 0.0956213 0.460839
0.0563563 0.0159571 0.447502 0.00477169 0.0134643 0.461948
0.0569603 9.9982E-05 0.530326 9.9982E-05 0.146147 0.266367
0.0434094 9.9991E-05 0.440769 0.0598355 0.0639183 0.391968
0.019044 9.9991E-05 0.203961 0.113232 0.0142456 0.649417
0.121247 0.0120654 0.153032 0.121458 0.0111985 0.580998
0.131622 0.0153853 0.295831 0.16181 0.0804808 0.314871
0.0797228 9.9991E-05 0.252752 0.0811682 0.108429 0.477828
0.0760501 9.9982E-05 0.461345 9.9982E-05 0.119473 0.342932
0.0354132 0.0369368 0.243607 0.00587257 0.0604448 0.617725
0.0751043 0.062085 0.306038 0.00582048 0.102969 0.447984
0.0580873 0.0523523 0.175885 0.0625238 0.0404218 0.61073
0.110008 0.330117 0.0722296 0.011518 9.9991E-05 0.476027
0.155148 0.135669 0.0749738 0.0951587 9.9991E-05 0.538951
0.130633 0.208251 0.0616423 0.110697 0.0750199 0.413756
0.12453 0.106457 0.0499952 0.142227 0.0181414 0.558649
0.192261 0.195897 9.9991E-05 0.148239 0.01504 0.448463
9.9982E-05 9.9982E-05 0.214564 0.224901 0.0341279 0.526207
0.0939512 0.209125 0.019936 0.0634762 0.110797 0.502714
0.208436 0.202014 0.0865154 0.413678 0.0442686 0.0450879
0.129041 0.109546 0.0718903 0.0981292 9.9991E-05 0.591293
0.157471 0.163256 0.103535 0.0686233 0.00230384 0.504811
0.183295 0.120686 0.0569114 0.0362715 0.0776588 0.525178
0.10022 0.210646 0.0519386 0.278888 0.0472926 0.311016
0.140187 0.219431 0.050744 0.0412058 0.0146137 0.533819
0.159227 0.16387 0.00128121 0.124375 9.9991E-05 0.551147
0.133843 0.477618 9.9973E-05 0.388239 9.9973E-05 9.9973E-05
0.116098 0.176041 0.11985 0.0518376 9.99902E-05 0.536073
0.174975 0.182336 9.9991E-05 0.103772 0.00833125 0.530485
0.0611681 0.134228 0.0210209 0.130455 0.0250986 0.628029
0.18195 0.200256 9.9982E-05 0.0799227 9.9982E-05 0.537672
0.089832 0.207004 0.0590236 0.0249271 0.0587187 0.560494
0.0309385 0.0120228 0.0487814 0.326207 0.0900881 0.491962
0.075949 0.0269841 0.10608 0.188436 0.078996 0.523555
9.9973E-05 9.9973E-05 0.0979726 0.713276 0.188452 9.9973E-05
9.9982E-05 9.9982E-05 0.102441 0.723793 0.0886561 0.0849098
0.0276032 0.0534087 0.0519645 0.280802 0.0590197 0.527202
0.308652 0.138285 9.9982E-05 0.177349 9.9982E-05 0.375515
0.257675 0.144472 9.9982E-05 0.214234 9.9982E-05 0.38342
0.316028 0.145674 9.9982E-05 0.325447 9.9982E-05 0.212651
0.246896 0.13809 9.9982E-05 0.219878 9.9982E-05 0.394937
0.0217789 0.0768084 9.9982E-05 0.694743 9.9982E-05 0.20647
0.0503242 0.0559902 9.9991E-05 0.608134 0.0565603 0.228892
0.0412092 9.9991E-05 0.00245613 0.304558 0.028287 0.62339
0.099988 0.0316267 9.9982E-05 0.389567 9.9982E-05 0.478619
0.026259 0.0330197 0.0150087 0.549016 0.0664196 0.310277
0.0488544 0.0473463 0.0655487 0.230336 9.9991E-05 0.607815
0.0426254 0.0327492 9.9982E-05 0.255436 9.9982E-05 0.66899
0.0744922 0.068726 0.0426662 0.240762 9.9991E-05 0.573254
9.9982E-05 9.9982E-05 0.026391 0.476488 0.0999687 0.396953
9.9982E-05 9.9982E-05 0.0909126 0.364671 0.0685075 0.475709
0.0103842 0.0227679 0.0605105 0.2925 0.0992885 0.514549
0.0174231 0.0321674 0.0948442 0.286904 0.0825801 0.486081
0.0452989 0.0942035 0.0542383 0.205982 0.0379071 0.56237
9.9973E-05 9.9973E-05 9.9973E-05 0.398883 0.101387 0.49943
9.9982E-05 9.9982E-05 0.0555524 0.601384 0.0972465 0.245617
9.9973E-05 9.9973E-05 9.9973E-05 0.262018 0.0473893 0.690293
9.9982E-05 9.9982E-05 0.0889738 0.585129 0.0906675 0.235029
9.9991E-05 0.0090022 0.00956306 0.415838 0.0448086 0.520688
9.9991E-05 0.101826 0.0667423 0.226531 0.0718128 0.532988
0.0580957 0.0323609 0.0652381 0.201008 0.0946598 0.548637
0.14881 0.135534 0.0325276 0.160141 0.00994185 0.513046
0.106462 0.138531 0.0707163 0.131667 0.0736404 0.478984
0.236061 0.229643 9.9991E-05 0.192751 0.0182986 0.323147
0.226378 0.218402 0.00218248 0.211931 0.00313948 0.337967
0.126791 0.18599 0.0293459 0.107536 0.0495819 0.500756
0.116757 0.14377 0.0275275 0.170629 0.064188 0.477129
0.155577 0.114878 9.9991E-05 0.676529 0.0341671 0.0187494
0.173206 0.0932715 9.9991E-05 0.142245 0.0154513 0.575727
0.11924 0.312791 9.9973E-05 0.567669 9.9973E-05 9.9973E-05
0.150709 0.0582082 9.9982E-05 0.211611 9.9982E-05 0.579272
9.9973E-05 9.9973E-05 9.9973E-05 0.67811 0.115905 0.205685
9.9982E-05 9.9982E-05 0.0169726 0.667279 0.270509 0.0450387
9.9982E-05 9.9982E-05 0.0282908 0.372733 0.0292196 0.569557
9.9982E-05 0.0339021 9.9982E-05 0.273481 0.00105904 0.691358
9.9982E-05 9.9982E-05 0.0205017 0.450502 0.0308629 0.497933
9.9973E-05 9.9973E-05 9.9973E-05 0.288763 0.0444626 0.666474
9.9982E-05 9.9982E-05 0.00115097 0.290749 0.0895269 0.618373
0.018146 0.875715 0.0642938 9.9991E-05 0.0253727 0.0163725
0.0424412 0.783793 0.038386 0.0454272 0.0207446 0.0692079
0.0198812 0.947978 0.0318406 9.9973E-05 9.9973E-05 9.9973E-05
9.9973E-05 0.968882 9.9973E-05 0.00275582 9.9973E-05 0.0280619
0.0398098 0.0443597 0.0190536 0.0356607 0.374882 0.486234
0.0193028 0.0642865 0.0627375 9.9991E-05 0.345104 0.508469
9.9982E-05 0.0343332 0.0185159 9.9982E-05 0.433705 0.513246
9.9982E-05 0.0687101 0.0728501 9.9982E-05 0.232881 0.625359
0.0035899 0.120196 0.0874112 0.110489 0.108704 0.569611
9.9982E-05 0.0350937 0.113494 9.9982E-05 0.625073 0.226139
9.9964E-05 9.9964E-05 9.9964E-05 9.9964E-05 0.338347 0.661253
0.00615541 9.9982E-05 9.9982E-05 0.163831 0.584908 0.244905
0.144624 0.314959 0.112466 0.0163264 0.0106898 0.400934
0.0413847 9.9982E-05 9.9982E-05 0.178471 0.367904 0.412041
9.9982E-05 0.0209427 0.100703 9.9982E-05 0.552818 0.325336
0.0173316 0.0138453 0.00632593 0.0667552 0.409399 0.486343
0.0355929 0.0215123 0.12653 9.9991E-05 0.453825 0.362439
0.0145661 9.9982E-05 9.9982E-05 0.00603469 0.419831 0.559368
0.0247156 0.0759064 9.9991E-05 0.011185 0.363747 0.524346
9.9964E-05 9.9964E-05 9.9964E-05 0.160562 0.839039 9.9964E-05
0.0406939 9.9982E-05 9.9982E-05 0.112363 0.575406 0.271337
0.0162049 9.9982E-05 9.9982E-05 0.0968595 0.542529 0.344207
9.9964E-05 9.9964E-05 9.9964E-05 0.246879 0.752721 9.9964E-05
9.9991E-05 0.0656279 0.102069 0.0035637 0.436684 0.391956
9.9973E-05 9.9973E-05 9.9973E-05 0.320739 0.626793 0.0521682
9.9964E-05 9.9964E-05 9.9964E-05 0.232281 0.767319 9.9964E-05
0.0456926 0.0329339 0.00776372 9.9991E-05 0.345581 0.567929
0.00192562 0.0423205 0.15095 9.9991E-05 0.669957 0.134747
9.9982E-05 0.0117918 0.0997887 9.9982E-05 0.439215 0.449005
0.014619 0.100425 0.0215501 0.0657864 0.21384 0.583779
9.9982E-05 0.0319644 0.0727278 9.9982E-05 0.384114 0.510994
0.0419899 9.9991E-05 0.290844 0.243568 0.0467408 0.376757
0.0131641 0.0635619 0.0392257 9.9991E-05 0.364208 0.51974
9.9973E-05 9.9973E-05 0.132095 9.9973E-05 0.352932 0.514673
9.9973E-05 9.9973E-05 9.9973E-05 0.106326 0.596087 0.297287
0.0595246 0.110334 0.077137 0.0401802 0.243142 0.469682
9.9973E-05 0.667157 0.290247 0.0422956 9.9973E-05 9.9973E-05
9.9982E-05 0.77673 0.143488 0.0322027 0.04738 9.9982E-05
9.9973E-05 0.850951 0.128386 0.0203633 9.9973E-05 9.9973E-05
9.9973E-05 0.848146 0.133467 0.0180874 9.9973E-05 9.9973E-05
9.9991E-05 0.759109 0.164221 0.0232687 0.0316462 0.0216558
0.022622 0.0549856 0.121117 9.9991E-05 0.716819 0.0843567
9.9982E-05 0.0615026 0.112355 9.9982E-05 0.711217 0.114725
0.0357838 9.9982E-05 9.9982E-05 0.0629952 0.788625 0.112396
0.0510683 0.122743 0.00672335 0.0818048 0.162109 0.575551
0.0647182 0.115229 0.0775201 0.0260346 0.204042 0.512456
0.0517109 0.0125574 9.9991E-05 0.117169 0.625081 0.193382
0.0358647 0.0239634 9.9991E-05 0.0353816 0.314031 0.590659
0.0181148 0.0360365 9.9991E-05 0.126522 0.423006 0.396221
0.0144426 0.0489183 0.0484947 9.9991E-05 0.39757 0.490474
0.0339001 0.0731063 9.9982E-05 9.9982E-05 0.319415 0.573379
0.00026755 9.9982E-05 0.134904 9.9982E-05 0.653324 0.211304
9.9973E-05 9.9973E-05 0.101963 9.9973E-05 0.622673 0.275064
9.9982E-05 0.0331689 0.0849558 9.9982E-05 0.56856 0.313116
9.9982E-05 0.131356 0.0318033 0.159739 9.9982E-05 0.676901
9.9982E-05 0.00510854 0.0611449 9.9982E-05 0.546929 0.386618
0.0242804 0.0561443 0.0729804 9.9991E-05 0.472557 0.373938
0.372541 0.0692607 0.0444131 0.0630352 9.9991E-05 0.45065
0.431223 0.126112 0.000768926 0.0673383 0.00515964 0.369398
0.42462 0.113987 0.0144833 0.0335881 9.9991E-05 0.413221
0.543199 0.150565 9.9982E-05 0.0480653 9.9982E-05 0.257972
0.29601 0.154245 0.00319547 0.0665647 9.9991E-05 0.479885
9.9982E-05 0.0934697 9.9982E-05 0.228143 0.146897 0.531291
0.651979 0.242066 9.9973E-05 0.105656 9.9973E-05 9.9973E-05
0.490256 0.174832 9.9982E-05 0.0299428 9.9982E-05 0.30477
0.127718 0.180948 9.9991E-05 0.285449 0.0140191 0.391766
9.9991E-05 0.128937 0.0558794 0.227488 0.0320689 0.555527
9.9991E-05 0.155164 0.0682171 0.268905 0.00212392 0.50549
0.0274294 0.134751 0.0698327 0.164476 9.9991E-05 0.603411
0.0138801 0.141512 0.05617 0.168537 0.0179318 0.601969
0.467224 0.172898 9.9973E-05 9.9973E-05 9.9973E-05 0.359578
0.432285 0.138286 9.9991E-05 0.0602327 0.0199299 0.349166
0.487932 0.139277 9.9973E-05 9.9973E-05 9.9973E-05 0.372491
0.308015 0.141168 0.0657699 0.0276051 0.0322432 0.425199
0.483338 0.167194 0.0148213 0.0822673 9.9991E-05 0.252279
0.349592 0.136469 9.9991E-05 0.0584086 0.0133792 0.442052
0.522122 0.155133 0.0107421 0.0552427 0.00700335 0.249756
0.383913 0.0895115 0.0800984 0.0563492 0.0175614 0.372566
9.9991E-05 0.126133 0.0493945 0.293643 0.0404122 0.490317
0.358074 0.132559 0.0679154 0.049298 9.9991E-05 0.392053
0.57242 0.21711 9.9991E-05 0.0430351 0.00150682 0.165828
0.359592 0.136872 0.103573 9.9991E-05 0.0154294 0.384434
9.9991E-05 0.191555 0.124336 0.307966 0.0725815 0.303462
0.0161554 0.0457364 9.9982E-05 0.296971 9.9982E-05 0.640937
0.350188 0.16345 9.9982E-05 0.0656558 9.9982E-05 0.420507
9.9982E-05 0.15707 0.113635 0.170298 9.9982E-05 0.558797
9.9982E-05 0.17765 0.0641859 0.231949 9.9982E-05 0.526015
0.17574 0.219246 9.9991E-05 0.152631 0.0591557 0.393127
0.267546 0.225846 0.023676 0.126836 9.9991E-05 0.355996
0.0862408 0.123966 0.0957776 0.111324 0.0288829 0.553809
0.27698 0.152157 0.0564877 0.0768234 0.0165355 0.421016
0.399347 0.127164 9.9973E-05 9.9973E-05 9.9973E-05 0.47319
0.612858 0.189996 9.9982E-05 0.0478277 9.9982E-05 0.149119
0.0260532 0.113493 0.0363523 0.14274 0.00632459 0.675037
9.9991E-05 0.146865 0.0659437 0.273168 0.0377269 0.476196
0.0100606 0.0909258 9.9982E-05 0.720876 9.9982E-05 0.177938
0.0266853 0.148597 0.0252269 0.164855 0.0316913 0.602945
0.0170385 0.055718 0.141894 0.323726 9.9991E-05 0.461523
0.163125 0.201443 9.9991E-05 0.148146 0.0327121 0.454474
0.0669338 0.143332 0.0411912 0.213498 0.0110331 0.524013
0.111369 0.36187 9.9973E-05 0.526461 9.9973E-05 9.9973E-05
0.0795144 0.311272 9.9973E-05 0.608914 9.9973E-05 9.9973E-05
0.113713 0.169969 9.9991E-05 0.386983 0.0222752 0.306959
0.170304 0.325926 9.9982E-05 0.463407 9.9982E-05 0.0401619
0.192084 0.46807 9.9973E-05 0.339545 9.9973E-05 9.9973E-05
0.0843268 0.202225 9.9982E-05 0.305932 9.9982E-05 0.407316
0.146581 0.232595 0.00547555 0.218638 0.0310275 0.365684
0.131076 0.311086 9.9982E-05 0.386341 9.9982E-05 0.171297
0.111083 0.266688 9.9982E-05 0.528825 9.9982E-05 0.093205
0.110836 0.172046 0.00278474 0.216055 9.9991E-05 0.498178
0.12424 0.246156 9.9982E-05 0.429111 9.9982E-05 0.200294
0.0624688 0.355904 9.9973E-05 0.581327 9.9973E-05 9.9973E-05
0.102597 0.126864 0.0731848 0.0952343 0.115105 0.487016
0.155868 0.211115 0.0312302 0.223835 9.9991E-05 0.377852
0.174252 0.314464 0.0357295 0.00663007 0.0578865 0.411038
0.227503 0.180199 9.9973E-05 9.9973E-05 9.9973E-05 0.591998
0.191981 0.183049 9.9982E-05 0.089389 9.9982E-05 0.535381
0.247243 0.150217 0.0178843 0.116075 9.9991E-05 0.468481
0.187878 0.373368 0.064724 0.0187211 0.0210804 0.334228
0.173953 0.227814 0.0527733 0.017954 0.0160788 0.511428
0.21874 0.273526 9.9991E-05 0.0400498 0.0162474 0.451337
0.267245 0.220532 9.9991E-05 0.21177 0.0317014 0.268652
0.135133 0.213961 0.118017 0.0384349 0.237022 0.257432
0.123851 0.232613 0.0398834 0.0435137 0.068075 0.492064
0.167515 0.125553 0.0786336 0.086553 0.00260468 0.539141
0.0796455 0.142329 0.0183162 0.0800221 0.0577859 0.621901
0.199898 0.296529 0.036945 0.050457 9.9991E-05 0.416071
0.158728 0.257253 0.0413103 9.9982E-05 9.9982E-05 0.542508
0.305564 0.359774 9.9982E-05 0.270079 9.9982E-05 0.0643833
0.15108 0.191811 9.9991E-05 0.0482896 0.0115345 0.597186
0.328822 0.261817 9.9982E-05 0.2328 9.9982E-05 0.176361
9.99639E-05 0.813404 0.186196 9.99639E-05 9.99639E-05 9.99639E-05
9.9991E-05 0.049836 0.757613 0.00549454 0.0161083 0.170848
9.996E-05 9.996E-05 0.9995 9.996E-05 9.996E-05 9.996E-05
9.996E-05 9.996E-05 0.9995 9.996E-05 9.996E-05 9.996E-05
9.9964E-05 9.9964E-05 0.976383 9.9964E-05 9.9964E-05 0.0232175
0.00625448 9.9964E-05 0.993346 9.9964E-05 9.9964E-05 9.9964E-05
9.9964E-05 9.9964E-05 0.977751 9.9964E-05 9.9964E-05 0.021849
9.996E-05 9.996E-05 0.9995 9.996E-05 9.996E-05 9.996E-05
9.9964E-05 0.13042 0.86918 9.9964E-05 9.9964E-05 9.9964E-05
9.9973E-05 0.910884 0.0353684 9.9973E-05 0.0534477 9.9973E-05
9.9982E-05 0.799098 0.146636 0.00223993 9.9982E-05 0.0518265
9.9982E-05 0.904982 0.00208273 9.9982E-05 0.0701522 0.0225827
9.9982E-05 0.863483 0.0756006 0.0288254 9.9982E-05 0.0318907
0.000415401 0.886345 0.0774286 9.9991E-05 0.0178493 0.0178616
9.9982E-05 0.913061 0.00384264 9.9982E-05 0.035634 0.0472629
0.0561856 0.753367 0.00150531 0.0289233 0.00929461 0.150725
0.00254515 0.895738 9.9973E-05 9.9973E-05 9.9973E-05 0.101417
0.0577526 0.724932 0.0952507 0.0223899 9.9991E-05 0.0995753
0.0459392 0.918596 9.9973E-05 9.9973E-05 9.9973E-05 0.0351646
9.9973E-05 0.972417 0.00300582 0.0242775 9.9973E-05 9.9973E-05
0.0323317 0.872095 0.0517545 9.9991E-05 0.00654517 0.0371733
9.9973E-05 0.99107 0.00600885 9.9973E-05 0.00262106 9.9973E-05
9.9973E-05 0.939551 0.00196621 9.9973E-05 9.9973E-05 0.058183
0.0265227 0.897095 9.9982E-05 9.9982E-05 0.0118839 0.0642984
9.9964E-05 0.934304 9.9964E-05 9.9964E-05 9.9964E-05 0.0652962
0.0569487 0.854121 9.9973E-05 9.9973E-05 9.9973E-05 0.0886303
0.0287161 0.839099 9.9973E-05 9.9973E-05 9.9973E-05 0.131885
0.0643204 0.827959 9.9973E-05 9.9973E-05 9.9973E-05 0.107421
9.9991E-05 0.154887 0.0832436 0.302212 0.0162029 0.443355
9.9991E-05 0.0808752 0.0443505 0.166055 0.000548185 0.708071
0.0819254 0.123329 0.0403476 0.125006 0.0914968 0.537896
9.9982E-05 0.100967 9.9982E-05 0.722358 0.0573555 0.119119
9.9982E-05 0.100065 0.165226 0.202174 9.9982E-05 0.532335
9.9973E-05 0.113816 9.9973E-05 0.765436 9.9973E-05 0.120448
0.0349051 0.0706535 9.9982E-05 0.251525 9.9982E-05 0.642716
9.9991E-05 0.165909 0.101562 0.195192 0.127628 0.40961
9.9982E-05 0.150056 0.0619722 0.271329 9.9982E-05 0.516442
0.00559675 0.0631602 0.0271239 9.9991E-05 0.456211 0.447808
9.9991E-05 0.128548 0.100546 0.204247 0.0712785 0.49528
9.9982E-05 0.0956038 9.9982E-05 0.208448 0.000707045 0.695042
0.0100858 0.107032 0.118811 0.250669 9.9991E-05 0.513302
0.0637108 9.9991E-05 0.444505 0.331316 0.1243 0.0360681
9.9982E-05 0.0952186 0.0170905 0.851203 9.9982E-05 0.0362879
9.9973E-05 0.102554 9.9973E-05 0.710163 9.9973E-05 0.186983
9.9991E-05 0.167572 0.0498025 0.142237 0.0510509 0.589238
0.0190497 0.0656737 9.9982E-05 0.384484 9.9982E-05 0.530592
9.9982E-05 0.0765699 9.9982E-05 0.276183 0.0181656 0.628882
0.0690464 0.0770168 0.0517042 0.130825 0.0186555 0.652753
0.135957 0.244641 0.116399 0.0662264 9.9991E-05 0.436676
0.122546 0.266194 0.031027 0.00225832 9.9991E-05 0.577875
0.13747 0.392364 0.219537 0.0518594 0.0249664 0.173803
0.0256671 0.145844 0.117144 0.0450705 0.0675643 0.59871
0.101696 0.226247 0.155774 0.104805 9.9991E-05 0.411377
0.16323 0.402388 9.9973E-05 0.434082 9.9973E-05 9.9973E-05
0.23585 0.24506 9.9991E-05 0.200771 0.0264528 0.291766
0.142823 0.365901 0.0454618 0.0989568 0.00564226 0.341215
0.10531 0.322567 0.144606 9.9991E-05 0.0592952 0.368122
0.0824932 0.167203 0.0694907 0.0574135 0.0266654 0.596734
0.118488 0.199428 0.0536288 0.0281605 0.0839693 0.516326
0.0642701 0.190535 0.0577279 0.0112224 0.026654 0.64959
0.188147 0.162966 0.0492176 0.127867 0.107123 0.36468
0.108244 0.508125 0.0554229 0.0774653 0.0071813 0.243561
