0.018153 0.025793 0.92007 9.9982E-05 9.9982E-05 0.0357845
9.9973E-05 9.9973E-05 0.96743 9.9973E-05 0.0262622 0.00600754
9.999E-05 0.0557358 0.881383 0.00771695 0.0354855 0.0195783
0.0442183 0.128527 0.816657 9.9982E-05 0.0103982 9.9982E-05
9.9964E-05 0.0793577 0.920242 9.9964E-05 9.9964E-05 9.9964E-05
0.0487761 0.137357 0.666088 0.128038 9.9991E-05 0.0196413
0.0316754 0.0287069 0.816301 0.105385 0.0178318 9.9991E-05
0.0624764 0.0429568 0.725042 0.163159 9.9991E-05 0.00626583
0.135979 9.99729E-05 0.824064 0.0396568 9.99729E-05 9.99729E-05
0.0400537 0.0616131 0.760738 0.125039 0.0124562 9.9991E-05
0.0342917 0.103368 0.727183 0.134958 9.9982E-05 9.9982E-05
0.502569 0.226458 0.0421336 0.049115 0.144046 0.0356785
0.266405 0.560353 0.0437306 0.0177739 0.0646999 0.0470376
0.459749 0.280866 0.00137465 0.0632004 0.107381 0.0874292
0.443507 0.318521 0.0447362 0.00800029 0.079172 0.106064
0.313432 0.466808 0.0889281 0.0218101 9.9991E-05 0.108922
0.187505 0.60012 0.0219861 0.0580124 0.0525907 0.0797857
0.287529 0.466002 0.0311084 0.0519525 0.102314 0.0610949
0.394253 0.308923 0.0919809 0.092529 0.0438531 0.0684614
0.677075 0.0670579 0.0318749 0.113562 0.11033 9.9991E-05
0.329276 0.459034 0.0513958 0.0299641 0.106609 0.0237207
0.16833 0.461461 0.00477447 0.288874 9.9991E-05 0.0764615
0.168969 0.541085 0.0405974 0.0843855 0.136501 0.0284616
0.458643 0.230617 0.0454836 0.067474 0.119526 0.0782565
0.124742 0.682291 0.0837481 0.0788953 9.9991E-05 0.0302234
0.282937 0.572719 0.0277381 0.0339567 0.0500159 0.0326336
0.507801 0.261264 0.0593011 0.0594971 0.10119 0.0109467
0.453126 0.273402 0.0452204 0.060197 0.0816576 0.0863965
0.501439 0.268874 0.00902499 0.118428 0.102135 9.9991E-05
9.9973E-05 0.108969 0.876058 9.9973E-05 9.9973E-05 0.0146729
9.9964E-05 0.128612 0.870988 9.9964E-05 9.9964E-05 9.9964E-05
9.9973E-05 0.0834375 0.803404 9.9973E-05 9.9973E-05 0.112859
9.9982E-05 0.178147 0.751187 9.9982E-05 0.000672395 0.0697939
0.103445 0.529883 0.0731323 0.121734 0.171706 9.9991E-05
0.0758175 0.486192 0.108542 0.016421 0.312928 9.9991E-05
0.0115666 0.532284 9.9991E-05 0.040616 0.382234 0.0331993
0.625147 0.192923 0.0346784 9.9982E-05 0.147051 9.9982E-05
9.9991E-05 0.21745 0.00941202 0.171526 0.577862 0.0236507
0.10897 0.55772 0.0855462 0.0121141 0.235549 9.9991E-05
9.9991E-05 0.706061 0.0593304 0.0104879 0.216941 0.00707961
0.0521246 0.552764 0.0960548 0.207633 0.0913231 9.9991E-05
0.107944 0.588254 0.104992 0.0297176 0.106312 0.0627797
0.184065 0.0815718 0.034559 9.9982E-05 0.699605 9.9982E-05
0.0209338 0.691223 0.054381 0.226428 9.9991E-05 0.00693435
0.014406 0.604193 0.0833786 0.0831864 0.193161 0.0216745
0.0218792 0.532283 0.146563 0.120354 0.129861 0.0490592
9.9973E-05 0.296437 9.9973E-05 0.0648995 0.638364 9.9973E-05
0.0143572 0.579921 0.0939283 9.9982E-05 0.311593 9.9982E-05
0.0257911 0.555866 0.125515 0.0794165 0.15186 0.0615515
9.9964E-05 9.9964E-05 9.9964E-05 0.419676 0.579924 9.9964E-05
0.593478 0.171351 9.9982E-05 0.107497 0.127475 9.9982E-05
0.264524 0.205547 9.9991E-05 0.358081 0.149911 0.0218372
0.152139 0.546557 0.0514704 0.128159 0.0530665 0.0686075
0.0923366 0.60371 0.0505699 0.137586 0.0502544 0.0655433
0.0843459 0.674286 0.0495741 0.117557 0.0415265 0.03271
0.469297 0.214363 0.12321 0.080374 0.100233 0.0125225
0.290316 0.568623 0.0201621 0.033335 0.0774767 0.010087
0.151457 0.61342 0.0615699 0.0460783 0.0908415 0.0366333
0.285772 0.403319 0.0765551 0.116339 0.0696433 0.0483721
0.477459 0.119287 0.138965 0.132666 0.0985222 0.0331006
0.205978 0.538806 0.0535664 0.104986 0.0296082 0.0670557
0.231288 0.523593 0.0624793 0.0595336 0.107282 0.0158236
0.573537 0.0779707 0.0557844 0.167189 0.125418 9.9991E-05
0.370875 0.46005 9.9982E-05 0.0502194 0.118656 9.9982E-05
0.124914 0.591322 0.0281129 0.167038 0.0360088 0.0526051
0.146661 0.663473 0.111461 0.0544028 0.0239023 9.9991E-05
0.388055 0.304146 0.0648577 0.0545104 0.144897 0.0435341
0.223834 0.507786 0.0323027 0.0836728 0.109612 0.0427919
0.190778 0.544605 0.040217 0.0931827 0.0807837 0.0504334
0.513089 0.236069 0.0261439 0.111327 0.113271 9.9991E-05
0.00706384 0.453081 0.0481285 9.9982E-05 0.491527 9.9982E-05
0.0712494 0.172443 0.0372788 9.9991E-05 0.717474 0.00145472
0.076486 0.518846 0.124575 9.9991E-05 0.243038 0.0369553
9.9964E-05 9.9964E-05 9.9964E-05 0.173634 0.825966 9.9964E-05
9.9964E-05 9.9964E-05 9.9964E-05 0.198326 0.801274 9.9964E-05
9.9973E-05 0.203489 9.9973E-05 0.10516 0.691051 9.9973E-05
0.062462 0.476461 0.0406382 9.9991E-05 0.417016 0.00332297
0.0593446 0.540977 0.0646815 0.136252 0.155827 0.0429172
9.9982E-05 0.460873 9.9982E-05 0.076657 0.449194 0.013076
0.174097 0.146668 0.0423821 9.9982E-05 0.636652 9.9982E-05
0.14147 0.246089 0.0145007 9.9982E-05 0.597741 9.9982E-05
0.0426943 0.537713 0.0865357 9.9991E-05 0.306083 0.026874
0.06069 0.341797 0.0421295 9.9982E-05 0.555184 9.9982E-05
0.0898524 0.432824 0.0327601 9.9991E-05 0.438851 0.00561303
9.9991E-05 0.438582 0.00479187 0.0589909 0.491059 0.0064765
9.9964E-05 9.9964E-05 9.9964E-05 0.401674 0.597926 9.9964E-05
9.9991E-05 0.583854 0.0250652 0.0887158 0.242964 0.0593003
0.0779732 0.0667968 0.85493 9.9973E-05 9.9973E-05 9.9973E-05
9.9964E-05 0.0756115 0.923989 9.9964E-05 9.9964E-05 9.9964E-05
9.9973E-05 0.103294 0.840177 9.9973E-05 9.9973E-05 0.0562298
9.9973E-05 0.030338 0.921446 9.9973E-05 9.9973E-05 0.0479157
9.9973E-05 9.9973E-05 0.948013 9.9973E-05 0.0027403 0.0489471
9.9973E-05 0.0805793 0.88505 9.9973E-05 9.9973E-05 0.0340711
9.9964E-05 0.0764862 0.923114 9.9964E-05 9.9964E-05 9.9964E-05
0.0798203 0.482395 0.0644147 0.0536817 0.223676 0.0960121
0.0539172 0.505238 0.106084 0.0810281 0.187291 0.0664413
0.207408 9.9982E-05 0.0450826 0.00467965 0.74263 9.9982E-05
0.0440159 0.562583 0.0914753 0.0557802 0.198623 0.0475224
0.0966826 0.342587 0.0264546 9.9982E-05 0.534076 9.9982E-05
0.04005 0.528872 0.0657986 9.9991E-05 0.349777 0.0154029
9.9991E-05 0.525532 0.0168982 0.124727 0.298649 0.0340933
9.9991E-05 0.512333 0.0183418 0.0463769 0.387391 0.035457
0.226046 9.9973E-05 0.0394178 9.9973E-05 0.734236 9.9973E-05
0.102226 0.467714 0.122852 0.0715529 0.182665 0.0529904
0.0135096 0.645807 0.0971279 0.0254302 0.204595 0.0135306
0.08543 0.563379 0.0819122 0.0582777 0.136744 0.0742573
9.9982E-05 0.23765 9.9982E-05 0.235661 0.491214 0.0352757
9.9982E-05 0.501446 0.0152597 0.0841041 0.39899 9.9982E-05
0.135355 0.470854 0.0154607 9.9982E-05 0.37813 9.9982E-05
9.9982E-05 0.351029 9.9982E-05 0.0757954 0.564712 0.0082635
0.154216 0.425111 0.013521 9.9982E-05 0.406952 9.9982E-05
0.0399825 0.545219 0.128319 9.9991E-05 0.238071 0.0483084
0.338135 0.29871 0.00724352 0.249835 0.0545892 0.0514868
0.379635 0.441232 0.078579 0.0630314 0.0374228 9.9991E-05
0.175206 0.569038 0.106981 0.0907257 9.9991E-05 0.0579503
0.150288 0.581227 0.0795049 0.0623796 0.0897981 0.0368022
0.365357 0.497571 0.058376 0.005552 0.0730441 9.9991E-05
0.228672 0.593872 0.0226534 0.089962 0.0198432 0.0449977
0.434892 0.501325 0.0445193 9.9982E-05 0.0190639 9.9982E-05
0.142196 0.520886 0.0743309 0.174486 0.0566812 0.0314204
0.148408 0.669108 0.0815089 0.10075 9.9991E-05 0.000124166
0.247989 0.622955 0.0550533 0.0667586 0.00714469 9.9991E-05
0.293858 0.567041 0.0207147 0.0521874 0.0660995 9.9991E-05
0.139503 0.647121 0.0308001 0.133723 9.9991E-05 0.0487528
0.126606 0.611316 0.0876046 0.0995175 0.0181232 0.056833
0.201555 0.631715 9.9991E-05 0.0926813 0.0225924 0.0513563
0.143598 0.530518 0.104906 0.0846261 0.0464674 0.089885
0.192948 0.646483 0.000730278 0.113962 0.00535901 0.0405171
0.266858 0.370341 0.0643655 0.251032 9.9991E-05 0.0473039
0.141232 0.631097 0.0441213 0.0808139 0.0443558 0.0583798
0.128103 0.694145 0.0238942 0.132627 9.9991E-05 0.0211307
0.567946 0.220994 0.0433879 0.0378991 0.113906 0.0158665
0.34364 0.199208 9.9991E-05 0.370126 0.0568344 0.0300919
0.214518 0.523524 0.0769285 0.0568998 0.106756 0.0213738
0.33324 0.105384 9.9982E-05 0.447644 0.113532 9.9982E-05
0.514033 0.380296 9.9982E-05 0.0525877 0.0528834 9.9982E-05
0.436975 0.453319 9.9973E-05 9.9973E-05 0.109406 9.9973E-05
0.454739 0.375172 0.0485606 0.0184327 0.102995 9.9991E-05
0.475924 0.360078 9.9982E-05 0.0809618 0.0828355 9.9982E-05
0.215323 0.602239 0.0710943 0.057057 0.0529151 0.00137218
0.156889 0.584794 0.0962636 0.0871712 0.00616257 0.0687201
0.206634 0.619432 0.0415016 9.9991E-05 0.0991596 0.0331725
0.403685 0.229489 9.9991E-05 0.322785 0.0380407 0.00590013
0.100901 0.496972 0.0875576 0.162159 0.0797179 0.0726927
0.0308231 0.526367 0.0939358 0.259285 0.055761 0.033828
0.0724409 9.9982E-05 0.120727 0.698107 0.108525 9.9982E-05
0.0108565 0.651204 0.0971222 0.13125 0.0711022 0.0384653
0.0805306 0.333367 0.0894145 0.384806 0.0937343 0.0181475
0.0336927 0.548962 0.126229 0.24167 0.00970263 0.0397439
0.140713 0.269615 0.0805932 0.468001 0.0409782 9.9991E-05
0.115457 0.135507 0.0829274 0.627452 0.0385558 9.9991E-05
0.131178 0.437893 0.0501619 0.352516 0.0158524 0.0123988
0.0824267 0.480081 0.102167 0.228384 0.0353951 0.071546
0.110156 0.494831 0.164588 0.195007 0.00272578 0.0326927
0.123295 0.126838 0.0387942 0.496686 0.148452 0.0659347
0.126363 0.591247 0.0702284 0.0903304 0.0668792 0.054951
0.0748341 0.381639 9.9982E-05 0.474553 0.0687736 9.9982E-05
0.0787435 0.461382 9.9982E-05 0.376425 0.0832489 9.9982E-05
0.0696205 0.574992 0.0983621 0.164559 0.0539177 0.0385494
9.9982E-05 0.158588 0.377558 0.239291 9.9982E-05 0.224363
9.9973E-05 9.9973E-05 0.475997 0.389341 9.9973E-05 0.134363
9.9973E-05 9.9973E-05 0.458321 0.420813 9.9973E-05 0.120566
9.9982E-05 0.107411 0.367911 0.274614 9.9982E-05 0.249864
0.0390769 0.634396 0.000243596 0.265919 0.0602648 9.9991E-05
0.112703 0.608161 0.0671674 0.121409 0.0419032 0.0486561
0.0170227 0.317075 9.9973E-05 9.9973E-05 9.9973E-05 0.665602
0.123359 0.374758 0.0353988 9.9991E-05 0.0384385 0.427946
0.0864644 0.392009 0.0869226 9.9991E-05 0.059358 0.375146
0.0457308 0.313992 9.9991E-05 0.58131 0.0584139 0.000453162
0.111733 0.444433 0.0693448 0.174066 0.119035 0.0813883
0.0882039 0.294073 9.9973E-05 0.617424 9.9973E-05 9.9973E-05
9.9982E-05 0.586057 0.053968 0.296733 0.0630425 9.9982E-05
0.0577681 0.5349 0.0289185 0.378213 9.9982E-05 9.9982E-05
9.9973E-05 0.60399 9.9973E-05 0.354963 0.040747 9.9973E-05
0.0386444 0.247432 9.9982E-05 0.707813 0.00591108 9.9982E-05
9.9991E-05 0.646368 0.128965 0.121997 0.0864856 0.0160843
0.0705305 0.596755 0.121932 0.179897 0.0307855 9.9991E-05
0.000642269 0.00937777 9.9982E-05 9.9982E-05 0.0181921 0.971588
0.0189176 0.0751391 9.9982E-05 9.9982E-05 0.00520466 0.900539
0.10142 0.303925 0.0561916 9.9991E-05 0.00376144 0.534602
0.00476195 0.348916 9.9973E-05 9.9973E-05 9.9973E-05 0.646022
0.0211324 0.138726 9.9982E-05 9.9982E-05 0.0236936 0.816248
9.996E-05 9.996E-05 9.996E-05 9.996E-05 9.996E-05 0.9995
0.0317249 9.9964E-05 9.9964E-05 9.9964E-05 9.9964E-05 0.967875
0.00178379 0.1584 9.9973E-05 9.9973E-05 9.9973E-05 0.839516
0.0506361 9.9973E-05 9.9973E-05 9.9973E-05 0.00224056 0.946823
9.996E-05 9.996E-05 9.996E-05 9.996E-05 9.996E-05 0.9995
9.996E-05 9.996E-05 9.996E-05 9.996E-05 9.996E-05 0.9995
0.00033217 0.219959 0.0161455 9.9982E-05 9.9982E-05 0.763363
0.0460115 0.072383 0.0359075 9.9991E-05 0.0301954 0.815403
9.996E-05 9.996E-05 9.996E-05 9.996E-05 9.996E-05 0.9995
0.150068 0.356524 0.0516564 0.0239753 9.9991E-05 0.417676
0.0300444 0.273736 0.0385309 9.9991E-05 0.0202505 0.637338
0.00112607 0.144496 0.0367022 9.9982E-05 9.9982E-05 0.817476
0.00717877 0.0749269 9.9982E-05 9.9982E-05 0.00797404 0.90972
9.996E-05 9.996E-05 9.996E-05 9.996E-05 9.996E-05 0.9995
9.9973E-05 0.0481057 0.0152733 9.9973E-05 9.9973E-05 0.936321
9.996E-05 9.996E-05 9.996E-05 9.996E-05 9.996E-05 0.9995
0.0423008 0.221935 0.0733221 9.9991E-05 0.00987428 0.652468
9.9964E-05 9.9964E-05 9.9964E-05 9.9964E-05 0.0321428 0.967457
9.9973E-05 9.9973E-05 0.281076 0.651876 9.9973E-05 0.0667481
0.0525534 0.373161 0.212486 0.258299 9.9991E-05 0.1034
9.9982E-05 0.486204 0.185588 0.285499 9.9982E-05 0.0425097
9.9982E-05 0.195705 0.195706 0.496465 9.9982E-05 0.111924
0.0470134 0.412307 0.149865 0.159264 0.0937937 0.137757
9.9982E-05 0.127858 0.251885 0.499837 9.9982E-05 0.120221
0.0591517 0.425297 0.143888 0.211603 9.9991E-05 0.159961
9.9982E-05 0.344963 0.208946 0.347608 9.9982E-05 0.0982833
0.0128972 0.487763 0.180984 0.215934 9.9991E-05 0.102321
9.9982E-05 0.418698 0.18419 0.273572 9.9982E-05 0.123339
0.0121261 0.410484 0.165238 0.223687 0.0337193 0.154746
0.0209026 0.0788583 0.883199 0.00696222 0.00490097 0.00517668
9.9991E-05 0.00397163 0.900148 0.0229534 0.00930033 0.0635268
0.0362546 0.0180726 0.945373 9.9973E-05 9.9973E-05 9.9973E-05
0.0112137 9.9973E-05 0.971129 9.9973E-05 0.0173573 9.9973E-05
0.0124724 0.072643 0.912389 9.9982E-05 0.00229533 9.9982E-05
9.9982E-05 0.00875999 0.982578 9.9982E-05 0.00506739 0.00339448
9.9964E-05 0.0624139 0.937186 9.9964E-05 9.9964E-05 9.9964E-05
0.0688458 9.9964E-05 0.930754 9.9964E-05 9.9964E-05 9.9964E-05
0.0245259 9.9991E-05 0.893634 0.00776461 0.0402944 0.0336807
0.000897812 0.0386853 0.908172 0.0415646 9.9991E-05 0.0105801
0.294996 9.9982E-05 0.585254 0.0312457 0.0883045 9.9982E-05
0.326609 9.9982E-05 0.61859 0.0282443 0.0263565 9.9982E-05
0.336108 9.9982E-05 0.531796 0.0851813 0.046715 9.9982E-05
0.446728 9.9982E-05 0.454177 0.0964849 0.00240994 9.9982E-05
0.160189 0.452367 0.0626078 9.9991E-05 0.290962 0.033775
0.143563 0.4551 0.0355976 9.99952E-05 0.3352 0.0304397
0.159168 0.582013 0.0336865 9.9991E-05 0.216722 0.00831145
0.268306 0.374555 0.0399324 0.012726 0.304381 9.9991E-05
0.608378 0.22832 9.9991E-05 0.0897946 0.0634616 0.00994526
0.0512073 0.628685 0.0497821 0.0121864 0.219616 0.0385237
0.135906 0.589966 9.9982E-05 0.0204409 0.253488 9.9982E-05
0.0660453 0.515527 9.9991E-05 0.149779 0.265932 0.00261623
9.9982E-05 0.369967 9.9982E-05 0.0557644 0.556498 0.0175707
0.0692867 0.605873 0.0346566 0.116725 0.125764 0.0476955
0.106262 0.386017 0.0183288 9.9982E-05 0.489192 9.9982E-05
9.9964E-05 9.9964E-05 9.9964E-05 0.237785 0.761815 9.9964E-05
0.119962 0.589077 0.067716 0.0251965 0.182216 0.0158322
9.9973E-05 0.129992 9.9973E-05 0.223215 0.646492 9.9973E-05
0.0814207 0.539621 0.0178235 0.00686216 0.354173 9.9991E-05
0.199124 0.0987814 0.0137208 9.9982E-05 0.688173 9.9982E-05
0.796697 0.0174722 0.130707 0.0445626 0.0104613 9.9991E-05
0.731332 0.08837 0.119111 0.0609868 9.9982E-05 9.9982E-05
0.75743 0.0247164 0.121277 0.0430527 0.0534237 9.9991E-05
0.809396 9.9973E-05 0.127903 0.0624008 9.9973E-05 9.9973E-05
0.783563 0.125633 0.0639918 0.0266121 9.9982E-05 9.9982E-05
0.721917 0.114263 0.0735997 0.073149 9.9991E-05 0.0169707
0.0108743 0.0187656 0.870069 9.9991E-05 0.0359273 0.0642642
0.025487 0.12822 0.835172 9.9991E-05 0.00639521 0.00462631
0.00221143 0.180667 0.770534 0.0190193 0.0128505 0.014718
0.0261071 0.0164079 0.835777 9.9991E-05 0.0602885 0.0613199
0.0193083 0.126932 0.746985 0.0130951 0.0407699 0.0529101
0.525452 9.9973E-05 0.409324 0.0649245 9.9973E-05 9.9973E-05
0.537179 9.9973E-05 0.42745 0.0350709 9.9973E-05 9.9973E-05
0.501876 0.0282216 0.446361 0.023342 9.9982E-05 9.9982E-05
0.00628346 0.114556 0.874473 9.9982E-05 0.0044871 9.9982E-05
0.522492 9.9982E-05 0.390209 0.0555668 0.031532 9.9982E-05
9.9982E-05 0.305943 0.264904 0.1469 9.9982E-05 0.282053
0.04203 0.520546 0.150733 0.0675114 0.0221462 0.197033
9.9973E-05 0.563763 0.196921 9.9973E-05 9.9973E-05 0.239016
9.9982E-05 0.323065 0.277993 0.144038 9.9982E-05 0.254704
0.0817094 0.54271 0.185587 0.034282 0.0512839 0.104428
9.9973E-05 9.9973E-05 0.432964 0.28637 9.9973E-05 0.280366
0.426484 0.474957 0.00834313 0.0742696 0.0158464 9.9991E-05
0.175327 0.480331 9.9991E-05 0.280229 0.0625754 0.00143854
0.548676 0.284914 0.0101226 0.0627578 0.0934297 9.9991E-05
0.180008 0.563062 9.9982E-05 0.226005 0.0307256 9.9982E-05
0.338121 9.9973E-05 9.9973E-05 0.595625 0.065954 9.9973E-05
0.123353 0.630165 0.0564709 0.115664 0.0410669 0.0332809
0.163153 0.601608 0.0351353 0.161238 0.0340957 0.00476952
0.460256 0.373536 0.0218261 0.0580906 0.0861914 9.9991E-05
0.229994 0.550498 0.0694826 0.0590424 0.0775964 0.0133862
0.332023 0.164281 9.9982E-05 0.39187 0.111625 9.9982E-05
0.139671 0.622783 0.0330347 0.138156 0.0657428 0.000612205
0.307806 0.516491 0.0458967 0.064121 0.065585 9.9991E-05
0.0338783 0.439485 0.108075 0.171164 0.0861969 0.161201
0.261418 0.362008 9.9991E-05 0.252961 0.109475 0.0140386
0.242052 0.438688 9.9991E-05 0.229506 0.0702502 0.0194033
0.190076 0.627862 0.00344174 0.124357 0.0228504 0.0314139
0.19396 0.57759 9.9982E-05 0.161912 0.0663374 9.9982E-05
0.133527 0.638543 0.0309829 0.0949124 0.0397639 0.0622705
0.130343 0.563093 0.108895 0.0674508 0.0930437 0.0371753
0.119439 0.559581 0.0823269 0.0729573 0.133947 0.0317483
9.9973E-05 0.107146 0.835788 9.9973E-05 9.9973E-05 0.0567664
9.9973E-05 0.114567 0.88129 9.9973E-05 9.9973E-05 0.00384267
9.9982E-05 0.0640822 0.892286 0.0206553 0.022776 9.9982E-05
9.9982E-05 0.0116678 0.897659 9.9982E-05 0.00777966 0.082694
9.9964E-05 0.0893224 0.910278 9.9964E-05 9.9964E-05 9.9964E-05
0.594462 0.0938417 0.0299522 0.0994898 0.148329 0.033925
0.188342 0.563443 9.9991E-05 0.152383 0.0572961 0.0384362
0.00378797 0.41538 0.20341 0.16633 0.0183494 0.192742
0.192677 0.596007 0.0195747 0.0414706 0.0764467 0.073825
0.322876 0.47702 0.0541978 9.9991E-05 0.111593 0.0342136
0.336182 0.306902 9.9991E-05 0.334846 0.00720532 0.0147651
0.752307 0.0209732 0.0759676 0.0522579 0.0861542 0.0123401
0.371883 0.472729 0.064426 9.9991E-05 0.0628596 0.0280019
0.56713 0.228341 0.034167 0.0710098 0.0541688 0.0451831
0.169907 0.468379 0.0234608 0.146754 0.147623 0.0438753
0.671558 0.15536 0.0652516 0.0752076 0.017211 0.0154118
0.237761 0.603443 0.0743236 0.0365404 9.9991E-05 0.0478323
0.576817 0.172348 0.0407371 0.101897 0.0876075 0.0205934
0.268671 0.292355 0.0135936 0.23828 0.10045 0.0866509
0.0455628 0.589289 0.0639606 0.232543 0.0566188 0.0120257
0.137503 0.321736 0.000180272 0.498622 0.0418601 9.9991E-05
0.000271167 0.550324 0.0527719 0.312518 0.0656334 0.0184819
0.0786148 0.577547 0.0922549 0.236628 9.9991E-05 0.0148548
0.0890452 0.28157 9.9982E-05 0.582162 0.0470232 9.9982E-05
0.103732 0.556998 0.0764629 0.17916 0.0235211 0.060126
0.0432189 0.54445 0.0238531 0.342003 0.0463748 9.9991E-05
0.0437189 0.180858 9.9982E-05 0.684201 0.0910223 9.9982E-05
0.0610687 0.219808 9.9982E-05 0.698513 0.0204104 9.9982E-05
0.119656 0.494306 9.9982E-05 0.366865 0.0189726 9.9982E-05
0.0879886 0.0854426 9.9982E-05 0.678539 0.147829 9.9982E-05
0.0960149 0.479062 9.9982E-05 0.394212 0.030511 9.9982E-05
0.69606 0.166306 9.9982E-05 9.9982E-05 0.109203 0.0282312
0.396663 0.206733 9.9991E-05 0.237608 0.0775217 0.0813749
0.398586 0.384499 0.038458 9.9991E-05 0.112183 0.0661744
0.251335 0.55951 0.0317563 0.011338 0.102738 0.043322
0.597848 0.255072 9.9982E-05 9.9982E-05 0.127555 0.0193247
0.138571 0.529902 0.0680478 0.148981 0.0654851 0.0490136
0.232837 0.580625 0.0191983 0.0224871 0.0740735 0.0707784
0.239963 0.487521 0.00700271 0.0728647 0.115012 0.0776363
0.30042 0.503494 9.9991E-05 0.0507006 0.0742405 0.0710454
0.441366 0.484868 9.9982E-05 9.9982E-05 0.0126502 0.0609161
0.553482 0.297838 9.9991E-05 0.0111742 0.129166 0.00823976
0.471025 0.390385 9.9991E-05 0.0228657 0.0559686 0.0596556
0.191115 0.630343 9.9991E-05 0.121787 0.0376077 0.0190478
0.135743 0.632447 0.0856685 0.0902354 0.0156653 0.0402403
0.329017 0.295677 0.0482097 0.159127 0.0691468 0.0988224
0.21102 0.491369 9.9991E-05 0.118508 0.0996326 0.0793705
0.506328 0.38362 9.9991E-05 0.00815794 0.0532931 0.0485009
0.306666 0.504591 0.00324852 0.0472721 0.0526807 0.0855424
0.306625 0.435726 0.0291791 9.9991E-05 0.126359 0.102011
0.171077 0.570473 0.127191 0.0827822 0.0157739 0.0327019
0.0881038 0.462944 0.32952 0.00738327 0.00633729 0.105712
0.0411219 0.553131 0.149788 0.0942997 9.9991E-05 0.161559
0.093519 0.484936 0.138308 0.160199 9.9991E-05 0.122938
0.0834222 0.528352 0.0957518 0.141309 0.0107217 0.140443
0.025341 0.44665 0.163112 0.11658 0.0556412 0.192676
0.198652 0.512982 9.9982E-05 0.263023 0.0251426 9.9982E-05
9.9991E-05 0.565535 0.161879 0.0973812 0.0767077 0.0983967
0.0676896 0.0710075 0.226844 0.425688 0.0254184 0.183352
0.103157 0.582202 0.0878293 0.106291 9.9991E-05 0.120421
0.0188448 0.561499 0.172375 0.0829208 0.0128701 0.151491
0.0411151 0.531971 0.101888 0.0960913 0.0570839 0.171851
0.0383302 0.363344 0.184772 0.29006 0.0305058 0.0929874
0.020501 0.554695 0.23303 0.070563 9.9991E-05 0.121111
0.0392191 0.549001 0.147379 0.112619 9.9991E-05 0.151682
9.9973E-05 9.9973E-05 0.486429 0.374567 9.9973E-05 0.138704
0.0737373 0.511601 0.179668 0.0412416 0.00604412 0.187708
9.9991E-05 0.532839 0.153688 0.0951462 0.0463787 0.171848
0.0514369 0.617493 0.0991957 0.116209 0.0528821 0.0627832
9.9982E-05 0.556746 0.168036 0.0836377 9.9982E-05 0.19138
9.9991E-05 0.543796 0.228373 0.0741495 0.0623679 0.0912132
0.0466731 0.494597 0.0485653 0.295148 0.114916 9.9991E-05
0.0442244 0.512453 0.0617774 0.195175 0.146958 0.0394116
0.0829607 9.9973E-05 9.9973E-05 0.719475 0.197265 9.9973E-05
0.0867156 0.0563218 9.9982E-05 0.715759 0.141004 9.9982E-05
0.00204577 0.517516 0.0881618 0.281136 0.0623438 0.0487963
0.00418339 0.344981 0.148636 0.211314 9.9991E-05 0.290786
9.9982E-05 0.397518 0.135221 0.210748 9.9982E-05 0.256312
9.9991E-05 0.211299 0.139356 0.322228 0.0209811 0.306036
9.9982E-05 0.389214 0.149817 0.239281 9.9982E-05 0.221488
0.00059525 0.213993 0.0752437 0.683169 9.9991E-05 0.0268993
0.0111825 0.172441 0.0542594 0.626448 0.0595918 0.0760767
9.9991E-05 0.609242 0.0139533 0.259181 0.0451678 0.0723562
9.9982E-05 0.510296 0.0290711 0.389967 9.9982E-05 0.0704654
0.0248366 0.30637 0.0359378 0.497854 0.0904772 0.0445242
0.0646103 0.568708 0.0429434 0.257274 0.0139933 0.052471
0.0398336 0.641133 0.0338819 0.255301 0.00330132 0.0265493
0.0202586 0.52713 0.0785609 0.206919 0.0719529 0.0951791
0.0509821 0.412596 9.9982E-05 0.438679 0.0975428 9.9982E-05
0.0747724 0.463771 9.9982E-05 0.36782 0.0934363 9.9982E-05
0.0735416 0.549482 9.9991E-05 0.262492 0.092187 0.0221965
0.0985319 0.492861 0.0239879 0.331851 0.0329859 0.0197814
0.0361271 0.579153 0.116459 0.191633 0.0632067 0.0134214
0.00645886 0.494051 9.9982E-05 0.366419 0.132871 9.9982E-05
0.0437326 0.257736 9.9982E-05 0.580847 0.117485 9.9982E-05
9.9982E-05 0.67938 0.0377061 0.221685 0.0610287 9.9982E-05
0.0808484 0.23729 9.9982E-05 0.547272 0.13439 9.9982E-05
0.0391901 0.522392 9.9982E-05 0.402301 0.0359161 9.9982E-05
0.0301152 0.598347 0.0578237 0.212556 0.0816565 0.0195009
0.0738668 0.556467 0.0623308 0.212026 0.0854577 0.00985171
0.0161614 0.480666 0.170833 0.140581 0.0525138 0.139245
0.102435 0.431878 0.162835 0.13338 0.0452225 0.12425
0.021101 0.334891 0.193487 0.187236 9.9991E-05 0.263184
0.0267716 0.347299 0.176452 0.180766 0.032266 0.236445
0.0862857 0.501057 0.142485 0.114569 9.9991E-05 0.155504
0.0161231 0.420512 0.116111 0.220853 0.045001 0.1814
9.9991E-05 0.0102277 0.136395 0.644241 0.0346534 0.174383
9.9982E-05 0.599222 0.105952 0.120372 9.9982E-05 0.174253
9.9973E-05 9.9973E-05 0.319363 0.568313 9.9973E-05 0.112024
9.9982E-05 0.557692 0.058995 0.239098 9.9982E-05 0.144015
9.9973E-05 0.218967 9.9973E-05 0.627969 0.152764 9.9973E-05
0.0318037 0.0436713 9.9982E-05 0.673165 0.25116 9.9982E-05
0.011625 0.560907 9.9982E-05 0.356838 0.0704303 9.9982E-05
0.0147931 0.635854 9.9991E-05 0.283441 0.0262761 0.0395358
0.0124313 0.487706 9.9982E-05 0.398491 0.101172 9.9982E-05
9.9973E-05 0.624017 9.9973E-05 0.273634 0.10205 9.9973E-05
0.0188731 0.608459 9.9982E-05 0.305586 0.0668815 9.9982E-05
0.0671844 0.0250789 0.88486 9.9991E-05 0.0212353 0.00154102
0.0836889 0.0293819 0.760747 0.045425 0.00671578 0.0740417
0.0160641 0.0204127 0.927107 0.014862 9.9991E-05 0.0214539
9.9973E-05 0.055519 0.939773 0.00440783 9.9973E-05 9.9973E-05
9.9991E-05 0.499177 0.0591753 0.0578581 0.344595 0.0390943
0.0836876 0.535539 0.0712809 0.0182651 0.291128 9.9991E-05
0.0108137 0.4949 0.0404673 9.9982E-05 0.453619 9.9982E-05
0.0578297 0.526981 0.105678 0.00763848 0.301773 9.9991E-05
0.0410486 0.606476 0.096373 0.0998016 0.156201 9.9991E-05
0.0956535 0.243261 0.0541761 9.9982E-05 0.606709 9.9982E-05
9.9973E-05 0.612961 0.0137278 9.9973E-05 0.373011 9.9973E-05
9.9973E-05 0.260439 9.9973E-05 0.156883 0.582378 9.9973E-05
0.0904302 0.406525 0.311302 0.0307257 9.9991E-05 0.160917
9.9982E-05 0.395907 9.9982E-05 0.155448 0.429781 0.0186644
0.0746759 0.337948 0.0274702 9.9982E-05 0.559706 9.9982E-05
0.00840455 0.506998 9.9982E-05 0.0685844 0.415813 9.9982E-05
0.0841057 0.35363 0.0159824 9.9991E-05 0.510027 0.0361553
9.9982E-05 0.55742 9.9982E-05 0.0311933 0.39408 0.0171062
0.0482395 0.497244 0.0962308 9.9982E-05 0.358086 9.9982E-05
9.9964E-05 9.9964E-05 9.9964E-05 0.182568 0.817032 9.9964E-05
9.9982E-05 0.303711 9.9982E-05 0.154676 0.533599 0.00781355
9.9982E-05 0.336096 9.9982E-05 0.091056 0.554786 0.0178613
9.9964E-05 9.9964E-05 9.9964E-05 0.237145 0.762455 9.9964E-05
0.0971712 0.419361 0.0550727 9.9982E-05 0.428196 9.9982E-05
9.9973E-05 0.0694159 9.9973E-05 0.334408 0.595877 9.9973E-05
9.9964E-05 9.9964E-05 9.9964E-05 0.236538 0.763062 9.9964E-05
9.9991E-05 0.517775 0.0574267 0.0279448 0.358503 0.0382507
0.184082 0.158128 0.0205866 9.9991E-05 0.631381 0.00572287
0.0573059 0.439031 0.0100054 9.9991E-05 0.45657 0.0369876
0.0229138 0.595023 0.101188 0.105305 0.118739 0.0568314
0.0493306 0.480349 0.051511 9.9991E-05 0.411617 0.00709296
0.317037 0.433549 9.9982E-05 0.24348 0.00573473 9.9982E-05
0.0527764 0.580874 0.0272804 0.00168475 0.314686 0.0226982
0.0859772 0.518777 0.030106 9.9982E-05 0.36494 9.9982E-05
9.9982E-05 0.289662 9.9982E-05 0.107277 0.599047 0.00381291
0.0459073 0.507857 0.105298 0.0419855 0.274798 0.0241542
0.273059 9.9973E-05 0.669137 0.0575037 9.9973E-05 9.9973E-05
0.160381 9.9982E-05 0.786588 0.0143093 0.0385212 9.9982E-05
0.125077 9.9973E-05 0.86051 0.0141134 9.9973E-05 9.9973E-05
0.147353 9.9973E-05 0.83115 0.0211965 9.9973E-05 9.9973E-05
0.175121 0.0368537 0.751141 0.0366845 9.9982E-05 9.9982E-05
0.157842 0.109733 0.0583199 9.9982E-05 0.673906 9.9982E-05
0.140252 0.0923699 0.0286417 9.9982E-05 0.738537 9.9982E-05
9.9982E-05 0.132742 9.9982E-05 0.103034 0.738473 0.0255512
0.0667321 0.564237 0.128942 0.0770872 0.137991 0.0250104
0.0344509 0.508335 0.131953 0.00711746 0.257219 0.0609241
9.9991E-05 0.202581 0.0130197 0.0966228 0.649189 0.0384872
9.9991E-05 0.61588 0.0183419 0.0306677 0.28814 0.0468709
0.0171425 0.384843 0.046108 0.0562417 0.461854 0.0338111
0.0559413 0.46941 0.0443815 9.9982E-05 0.430067 9.9982E-05
0.0563685 0.595701 0.0462079 9.9991E-05 0.252182 0.04944
0.135087 0.188238 9.9982E-05 9.9982E-05 0.669975 0.00650044
0.116878 0.257889 0.00754994 9.9982E-05 0.617482 9.9982E-05
0.0849249 0.276945 0.0227724 9.9982E-05 0.615158 9.9982E-05
0.0326224 0.672753 0.124113 0.170311 9.9982E-05 9.9982E-05
0.0773128 0.335821 0.0405742 9.9982E-05 0.546092 9.9982E-05
0.0950983 0.388455 0.0261141 9.9991E-05 0.483144 0.00708852
0.0121053 0.390986 0.10527 0.0819117 0.0430942 0.366632
0.022441 0.275712 0.130559 0.0668908 0.0571124 0.447284
9.9982E-05 0.462253 0.0650032 0.0586789 9.9982E-05 0.413865
9.9982E-05 0.312031 0.136397 0.0539428 9.9982E-05 0.497429
9.9991E-05 0.459317 0.147963 0.04768 0.0467343 0.298206
9.9982E-05 0.545053 0.0823977 0.208873 0.163476 9.9982E-05
0.00323311 9.9982E-05 0.237619 0.110269 9.9982E-05 0.648679
0.0271226 0.320564 0.176809 0.00635211 9.9991E-05 0.469053
9.9991E-05 0.397732 0.180219 0.250297 0.0549572 0.116695
0.0450992 0.5589 0.153347 0.192728 0.0498254 9.9991E-05
0.0733266 0.511269 0.14391 0.271294 9.9982E-05 9.9982E-05
0.0650437 0.632862 0.12271 0.179185 9.9982E-05 9.9982E-05
0.0142488 0.632652 0.151475 0.14186 0.0479656 0.0117984
0.00731104 0.369103 0.145497 0.0190529 9.9991E-05 0.458935
0.0371229 0.450442 0.163199 0.0153261 0.0134434 0.320466
9.9973E-05 0.417494 0.0914128 9.9973E-05 9.9973E-05 0.490793
0.101261 0.45361 0.107597 0.0473662 0.00621458 0.283951
0.0231271 0.23316 0.141122 0.102695 9.9991E-05 0.499797
0.0185682 0.412035 0.161965 0.0181558 0.0392306 0.350046
0.0224712 0.241086 0.109995 0.0990583 9.9991E-05 0.52729
0.0273498 0.427741 0.108338 0.0909557 0.0325902 0.313025
0.0229406 0.525935 0.101669 0.348564 0.000791084 9.9991E-05
0.0140755 0.360187 0.168536 0.0969465 0.011243 0.349012
9.9982E-05 0.186706 0.20859 0.0413956 9.9982E-05 0.563108
0.0310264 0.395463 0.136043 0.0265253 0.0694241 0.341518
0.145532 0.297507 0.174364 0.296923 0.0855739 9.9991E-05
9.9973E-05 0.649789 0.0368479 0.313063 9.9973E-05 9.9973E-05
0.0633015 0.413829 0.123772 0.0634566 9.9991E-05 0.33554
0.0984195 0.562505 0.134444 0.204431 9.9982E-05 9.9982E-05
0.076746 0.527161 0.1687 0.227192 9.9982E-05 9.9982E-05
9.9991E-05 0.351398 0.229306 0.17095 0.0598254 0.188421
9.9982E-05 0.362437 0.227679 0.170573 9.9982E-05 0.23911
0.0241912 0.554951 0.124795 0.174973 0.0534289 0.0676608
0.0546485 0.416761 0.137211 0.0216339 0.0426169 0.327128
9.9973E-05 0.475134 0.151252 9.9973E-05 9.9973E-05 0.373314
9.9982E-05 0.137444 0.192419 0.0543241 9.9982E-05 0.615613
0.0531526 0.629061 0.0777042 0.159212 0.0406748 0.0401955
0.0564009 0.463952 0.154875 0.27384 0.0508321 9.9991E-05
9.9973E-05 0.174722 0.114442 0.710537 9.9973E-05 9.9973E-05
0.0415004 0.620007 0.198512 0.136274 0.00163713 0.0020696
0.17514 0.411404 0.0732293 0.26396 0.0419492 0.0343176
0.00954235 0.514598 0.206436 0.140173 0.0120684 0.117182
9.9991E-05 0.557993 0.170493 0.156454 0.0352054 0.0797539
9.9973E-05 9.9973E-05 0.343753 0.544872 9.9973E-05 0.111075
9.9973E-05 9.9973E-05 0.313766 0.622551 9.9973E-05 0.0633837
9.9991E-05 0.356479 0.18705 0.388544 0.0182852 0.0495417
9.9982E-05 0.0614666 0.309867 0.471394 9.9982E-05 0.157072
9.9973E-05 9.9973E-05 0.451837 0.365177 9.9973E-05 0.182686
9.9982E-05 0.361255 0.199095 0.356045 9.9982E-05 0.0834051
0.00225335 0.368636 0.225948 0.246558 0.00526987 0.151335
9.9982E-05 0.16359 0.28646 0.387958 9.9982E-05 0.161792
9.9982E-05 0.0836839 0.265045 0.530888 9.9982E-05 0.120183
9.9991E-05 0.532069 0.184197 0.159041 0.0102711 0.114322
9.9982E-05 0.165184 0.233668 0.467682 9.9982E-05 0.133267
9.9973E-05 9.9973E-05 0.365364 0.582489 9.9973E-05 0.051847
0.0830981 0.551824 0.136918 0.113394 0.0288227 0.0859437
0.0314078 0.35252 0.226622 0.246901 9.9991E-05 0.14245
9.9991E-05 0.432056 0.308077 0.0651151 0.0326849 0.161967
9.9973E-05 0.625275 0.188627 9.9973E-05 9.9973E-05 0.185798
9.9991E-05 0.544085 0.16513 0.10607 0.0106496 0.173965
9.9991E-05 0.458041 0.167485 0.102716 0.011452 0.260206
0.0466627 0.337441 0.394467 0.0082264 0.0265581 0.186645
0.0660291 0.49391 0.184784 0.061233 0.00176857 0.192276
0.00337497 0.51815 0.282987 0.0110973 0.0163937 0.167996
9.9991E-05 0.286959 0.232683 0.196228 0.0510906 0.232939
0.0897688 0.275482 0.201423 0.0570588 0.241948 0.134319
0.0924007 0.441566 0.175186 0.0553433 0.085486 0.150018
0.043591 0.581917 0.183448 0.0627951 9.9991E-05 0.128149
0.0474646 0.609172 0.155805 0.0458407 0.068145 0.0735727
0.000626906 0.449985 0.288102 0.0492261 9.9991E-05 0.211961
9.9982E-05 0.524481 0.22334 0.0971946 9.9982E-05 0.154785
9.9982E-05 0.0420325 0.366888 0.27502 9.9982E-05 0.315859
0.0209433 0.540843 0.17985 0.0932388 0.00438848 0.160737
9.9982E-05 0.154558 0.307098 0.221406 9.9982E-05 0.316738
0.184468 9.9973E-05 0.799165 0.0160676 9.9973E-05 9.9973E-05
0.800107 0.112828 0.042346 9.9991E-05 0.0215016 0.0231174
0.9995 9.996E-05 9.996E-05 9.996E-05 9.996E-05 9.996E-05
0.9995 9.996E-05 9.996E-05 9.996E-05 9.996E-05 9.996E-05
0.9957 9.9964E-05 9.9964E-05 9.9964E-05 9.9964E-05 0.00390033
0.98318 9.9964E-05 9.9964E-05 9.9964E-05 9.9964E-05 0.0164197
0.948161 0.0514388 9.9964E-05 9.9964E-05 9.9964E-05 9.9964E-05
0.999083 9.9964E-05 0.000516708 9.9964E-05 9.9964E-05 9.9964E-05
0.865263 9.9964E-05 0.134337 9.9964E-05 9.9964E-05 9.9964E-05
0.0619698 0.00229022 0.901331 9.9982E-05 0.0342095 9.9982E-05
0.11986 0.0725934 0.807246 9.9973E-05 9.9973E-05 9.9973E-05
0.0236853 0.0512352 0.88506 0.0183535 0.0215656 9.9991E-05
0.0557794 0.0421099 0.878368 0.0235427 9.9982E-05 9.9982E-05
0.0556456 0.0401799 0.884651 9.9982E-05 0.019324 9.9982E-05
0.00434426 0.0631564 0.923382 9.9982E-05 0.00891768 9.9982E-05
0.00762632 0.160915 0.764092 9.9991E-05 0.0183414 0.0489246
9.9964E-05 0.0996623 0.899938 9.9964E-05 9.9964E-05 9.9964E-05
0.0831995 0.0905474 0.710054 0.0329774 0.0130332 0.070189
9.9982E-05 0.0188906 0.919603 9.9982E-05 0.0121541 0.0491518
0.00203495 9.9982E-05 0.988971 0.00336092 0.00543271 9.9982E-05
0.0121588 0.0222229 0.886512 9.9991E-05 0.0465277 0.0324783
9.996E-05 9.996E-05 0.9995 9.996E-05 9.996E-05 9.996E-05
9.9973E-05 0.0442405 0.954836 0.000623144 9.9973E-05 9.9973E-05
9.9982E-05 0.0848318 0.8948 0.00449205 9.9982E-05 0.015676
9.9973E-05 0.066828 0.926095 9.9973E-05 9.9973E-05 0.00677724
9.9973E-05 0.0896998 0.868197 9.9973E-05 9.9973E-05 0.0418037
9.9973E-05 0.135421 0.847413 9.9973E-05 9.9973E-05 0.0168661
9.9973E-05 0.103144 0.811191 9.9973E-05 9.9973E-05 0.0853655
0.0960473 0.434029 0.139207 0.274442 0.0561753 9.9991E-05
0.00745327 0.692645 0.0998406 0.199861 9.9982E-05 9.9982E-05
0.0662138 0.581532 0.152589 0.154303 0.0325015 0.0128601
9.9991E-05 0.126598 0.0814535 0.721119 0.0636867 0.00704302
0.109489 0.508736 0.12056 0.249961 9.9991E-05 0.0111536
9.9973E-05 0.105552 0.0940261 0.800122 9.9973E-05 9.9973E-05
9.9982E-05 0.651126 0.0807043 0.249214 9.9982E-05 0.0187557
0.100127 0.423364 0.157107 0.213438 0.105865 9.9991E-05
0.0758701 0.513182 0.179897 0.216947 0.014004 9.9991E-05
0.0337254 0.423094 0.08445 9.9991E-05 0.45098 0.00765069
0.0917538 0.453819 0.162976 0.195043 0.0963084 9.9991E-05
9.9991E-05 0.65125 0.0953961 0.225661 0.0145654 0.0130273
0.118233 0.535619 0.106462 0.192746 0.0468406 9.9991E-05
0.456885 0.0137688 9.9991E-05 0.317293 0.12014 0.0918131
0.0153439 0.0285549 0.084414 0.871487 9.9982E-05 9.9982E-05
9.9973E-05 0.190831 0.085209 0.72366 9.9973E-05 9.9973E-05
0.0400517 0.623513 0.144896 0.180729 0.0107108 9.9991E-05
9.9991E-05 0.540106 0.0789804 0.371167 0.00538062 0.00426524
9.9982E-05 0.628133 0.0838531 0.256069 0.0317451 9.9982E-05
9.9991E-05 0.648016 0.154981 0.115269 0.041323 0.0403103
0.0877728 0.426421 0.213409 0.0962337 9.9991E-05 0.176064
9.9991E-05 0.577431 0.229199 0.0469312 0.0211384 0.1252
0.164394 0.197333 0.388156 0.0838356 0.0431581 0.123123
0.116828 0.658392 0.147415 0.0668798 0.00264403 0.00784072
0.141688 0.45363 0.223741 0.104446 0.00215566 0.0743389
9.9973E-05 9.9973E-05 0.394329 0.433655 9.9973E-05 0.171716
9.9982E-05 0.30963 0.269529 0.201426 9.9982E-05 0.219215
0.0744416 0.359542 0.364138 0.080519 9.9991E-05 0.121259
0.120147 0.405194 0.308872 0.0583714 0.00133998 0.106075
0.0664351 0.551111 0.165052 0.085291 0.0269536 0.105158
0.0333191 0.492665 0.206583 0.0930853 0.0506586 0.123689
0.0435236 0.608875 0.163901 0.0786812 9.9991E-05 0.10492
0.0256563 0.401828 0.158655 0.169821 0.0535656 0.190474
0.0335779 0.246038 0.509908 0.0726528 0.0201048 0.117718
