0.0563164 9.9955E-05 0.00991368 9.9955E-05 9.9955E-05 0.874605 0.0586647 9.9955E-05 9.9955E-05
0.0307343 9.9955E-05 0.0012648 0.0209196 9.9955E-05 0.946582 9.9955E-05 9.9955E-05 9.9955E-05
0.0145747 0.00314625 9.9973E-05 0.0296236 0.0269469 0.858845 9.9973E-05 9.9973E-05 0.0665631
0.0420225 0.0290469 9.9964E-05 9.9964E-05 0.00264206 0.786626 9.9964E-05 9.9964E-05 0.139262
9.9946E-05 0.0104926 9.9946E-05 9.9946E-05 9.9946E-05 0.902337 9.9946E-05 9.9946E-05 0.0865705
0.019157 0.0642104 9.9982E-05 0.0211347 0.14246 0.613771 0.0290227 9.9982E-05 0.110045
0.0482066 0.0183102 9.9964E-05 9.9964E-05 0.172903 0.747998 9.9964E-05 9.9964E-05 0.0121818
0.0473902 0.0521999 0.000994591 9.9991E-05 0.167819 0.672537 0.0104365 0.000134482 0.0483882
0.0194784 0.105425 0.0108088 9.99639E-05 0.0547525 0.809135 9.99639E-05 9.99639E-05 9.99639E-05
9.9973E-05 0.0339996 0.0345842 9.9973E-05 0.121029 0.748176 9.9973E-05 0.0018007 0.0601103
0.00177886 0.0480715 9.9964E-05 9.9964E-05 0.118521 0.738853 9.9964E-05 9.9964E-05 0.092376
9.9946E-05 9.9946E-05 0.965307 9.9946E-05 9.9946E-05 0.0154074 0.0186862 9.9946E-05 9.9946E-05
9.9964E-05 9.9964E-05 0.473722 9.9964E-05 9.9964E-05 0.0582602 0.0583454 0.000148398 0.409124
9.9946E-05 9.9946E-05 0.915402 9.9946E-05 9.9946E-05 9.9946E-05 0.0556042 9.9946E-05 0.0283945
0.00344498 9.9964E-05 0.790683 9.9964E-05 9.9964E-05 0.0157298 0.120481 9.9964E-05 0.0692612
9.9955E-05 9.9955E-05 0.551218 9.9955E-05 9.9955E-05 0.0721147 0.12149 9.9955E-05 0.254678
0.00946939 9.9973E-05 0.444121 9.9973E-05 0.000290659 0.0123017 0.0930816 9.9973E-05 0.440436
0.0527304 9.9964E-05 0.559074 0.0270798 9.9964E-05 9.9964E-05 0.0142377 9.9964E-05 0.346479
0.037246 9.9964E-05 0.745946 9.9964E-05 9.9964E-05 0.0633799 0.0570114 9.9964E-05 0.0960168
9.9946E-05 0.044513 0.915552 9.9946E-05 0.0393356 9.9946E-05 9.9946E-05 9.9946E-05 9.9946E-05
0.0221551 9.9982E-05 0.53393 0.0525907 0.0367266 0.0196687 0.0264178 9.9982E-05 0.308311
0.00599545 9.9982E-05 0.390542 0.00825024 0.176009 9.9982E-05 0.0380881 0.0472752 0.33364
0.0291034 0.0318928 0.341158 0.10557 9.9982E-05 9.9982E-05 0.0456839 0.00703298 0.439359
0.0265311 9.9964E-05 0.916844 9.9964E-05 9.9964E-05 0.00703544 0.0433045 9.9964E-05 0.00588551
0.00956378 0.0391927 0.211474 9.9991E-05 0.0161713 0.0711943 0.107838 0.00771621 0.536749
9.9955E-05 9.9955E-05 0.53613 9.9955E-05 9.9955E-05 0.0232426 0.0485657 9.9955E-05 0.391562
0.00105449 9.9973E-05 0.913133 9.9973E-05 9.9973E-05 0.0336829 0.0169645 0.00915173 0.025713
9.9955E-05 9.9955E-05 0.846522 9.9955E-05 9.9955E-05 0.00632683 0.0791334 9.9955E-05 0.0675177
9.9946E-05 9.9946E-05 0.941918 9.9946E-05 0.0293856 9.9946E-05 9.9946E-05 9.9946E-05 0.0280971
0.999201 9.993E-05 9.993E-05 9.993E-05 9.993E-05 9.993E-05 9.993E-05 9.993E-05 9.993E-05
0.999201 9.993E-05 9.993E-05 9.993E-05 9.993E-05 9.993E-05 9.993E-05 9.993E-05 9.993E-05
0.364734 0.0227789 0.00639785 9.9973E-05 9.9973E-05 0.464766 0.0802847 9.9973E-05 0.060739
0.289677 9.9964E-05 9.9964E-05 0.000266655 9.9964E-05 0.50009 0.0759711 9.9964E-05 0.133595
0.0353437 0.133997 0.0475969 0.176751 0.0645251 0.0334248 9.9982E-05 9.9982E-05 0.508162
0.0111292 0.00323223 0.0738926 0.273412 9.9982E-05 0.0824328 0.0960905 9.9982E-05 0.459611
9.9964E-05 0.0286017 9.9964E-05 0.390006 0.0398612 9.9964E-05 0.0162093 9.9964E-05 0.524922
9.9973E-05 0.209033 0.606158 0.0363912 9.9973E-05 0.0336794 9.9973E-05 0.0464336 0.0680047
0.00161052 9.9973E-05 9.9973E-05 0.554706 0.155545 9.9973E-05 0.0156813 0.0195305 0.252627
0.0340092 0.00810256 0.158524 0.256091 9.9991E-05 0.0493083 0.0521631 0.016265 0.425437
9.9973E-05 0.0340944 9.9973E-05 0.200801 0.0442242 0.0393359 0.0123497 9.9973E-05 0.668895
0.0287399 0.0649405 0.00345447 0.024906 0.250468 0.056171 9.9982E-05 9.9982E-05 0.57112
0.0302708 0.0436631 0.0668609 0.0938418 0.079086 0.07921 9.9991E-05 0.00302695 0.60394
0.00792577 0.0385232 0.18245 0.637701 9.9973E-05 0.0205309 9.9973E-05 9.9973E-05 0.112569
0.0102129 9.9982E-05 9.9982E-05 0.0428197 0.255197 0.0259028 0.0125933 0.00796497 0.64511
9.999E-05 0.0113236 0.0269549 0.25493 0.0391833 0.0552113 0.0855275 0.0137453 0.513024
0.0349557 9.9982E-05 9.9982E-05 0.106684 0.0940455 0.106836 0.00976686 0.00404564 0.643466
9.9964E-05 9.9964E-05 9.9964E-05 0.611817 0.0509658 9.9964E-05 0.00692473 0.0236958 0.306197
0.00387894 9.9982E-05 0.00297169 0.256334 0.0295741 0.0818178 0.0147228 9.9982E-05 0.610501
0.0197978 0.0397067 9.9982E-05 0.16946 0.021669 0.127808 9.9982E-05 0.0518215 0.569537
9.9937E-05 9.9937E-05 9.9937E-05 0.638843 0.360457 9.9937E-05 9.9937E-05 9.9937E-05 9.9937E-05
9.9973E-05 0.258436 0.493005 0.0773837 0.0398959 9.9973E-05 9.9973E-05 0.0690624 0.0619172
9.9982E-05 9.9982E-05 0.465262 0.098708 0.223795 0.00502716 0.0393528 0.132152 0.035503
0.00436259 0.0683764 0.180473 0.0638968 0.0421598 0.0940987 0.0430095 9.9991E-05 0.503523
9.999E-05 0.0331831 0.113893 0.0200054 0.105339 0.0575296 0.0482313 0.0770008 0.544717
0.037833 9.9982E-05 0.135877 9.9982E-05 0.0689185 0.0713155 0.0331511 0.0945566 0.558148
0.0149746 0.24236 0.404766 0.122531 0.035821 0.0777401 0.00781914 9.9991E-05 0.0938881
0.0402841 0.0867879 0.35626 0.010891 0.0435002 9.9982E-05 9.9982E-05 0.00942924 0.452648
0.0280867 0.0273966 0.23558 0.0755893 0.0389255 0.039657 0.0608022 0.0129386 0.481025
0.024341 0.0852241 0.245047 0.0676796 0.0658296 0.086251 9.9991E-05 0.0630319 0.362496
9.9982E-05 0.103204 0.593451 0.0603622 0.0783845 0.149903 0.00986354 9.9982E-05 0.00463271
0.0320808 0.0384527 0.133651 0.0976775 0.0464061 0.0516566 0.0356048 0.0386061 0.525865
0.0354917 0.031715 0.389092 0.0162983 9.9991E-05 0.0543277 0.0219805 0.0434186 0.407576
0.0571099 0.143322 0.663583 0.0171292 0.117783 0.000772515 9.9973E-05 9.9973E-05 9.9973E-05
0.0102357 0.0698886 0.44942 0.0855663 9.9982E-05 9.9982E-05 0.00149318 0.0576222 0.325574
0.000735596 0.0371882 0.124172 0.0444614 0.0473051 0.0283023 0.0306638 0.130363 0.556809
0.0212738 0.0825089 0.186858 0.000602649 0.0419606 0.0179675 9.9991E-05 0.0425429 0.606186
0.0669955 0.0315774 0.523772 0.125313 0.0261141 0.0208776 0.0539671 0.025015 0.126368
0.0531311 0.078765 0.247457 0.0262265 0.0422708 0.0186454 0.0339299 0.0644144 0.43516
0.028589 0.0576651 0.224304 0.0597445 0.0418301 0.0040353 0.0536299 0.0562899 0.473912
0.0449804 0.113985 0.627709 0.0618351 0.0271033 9.9982E-05 9.9982E-05 0.0269451 0.0972425
0.001544 9.9973E-05 0.024697 0.508801 9.9973E-05 0.00907537 0.0211511 9.9973E-05 0.434431
0.0133925 9.9964E-05 0.102123 0.730805 9.9964E-05 0.00699773 9.9964E-05 9.9964E-05 0.146281
0.0430024 0.0323287 0.0234246 0.292702 0.0230338 0.0494024 0.0513823 9.9991E-05 0.484624
9.9955E-05 9.9955E-05 9.9955E-05 0.855739 0.0932877 9.9955E-05 0.0116271 0.0388468 9.9955E-05
9.9946E-05 9.9946E-05 9.9946E-05 0.855209 0.131072 9.9946E-05 9.9946E-05 0.0131189 9.9946E-05
9.9964E-05 9.9964E-05 9.9964E-05 0.713177 0.046114 9.9964E-05 0.00895814 0.0390446 0.192306
0.0154059 0.042321 0.0248395 0.433759 9.9973E-05 0.0353762 9.9973E-05 9.9973E-05 0.447998
0.0147654 0.0387741 0.0989723 0.139983 0.0386073 0.0983947 0.0351868 9.9991E-05 0.535216
0.0131915 9.9982E-05 0.013982 0.478892 0.00468035 9.9982E-05 0.00066004 0.0120279 0.476366
9.9964E-05 0.0681557 0.202726 0.556979 9.9964E-05 0.046496 9.9964E-05 9.9964E-05 0.125243
0.0157374 0.0685941 0.12262 0.536581 9.9973E-05 0.0209158 9.9973E-05 9.9973E-05 0.235252
0.00474171 0.0537088 0.0430623 0.233956 0.0209426 0.071111 0.0647866 0.00637447 0.501317
0.0248423 9.9964E-05 0.0920791 0.570789 9.9964E-05 9.9964E-05 0.0249611 9.9964E-05 0.286929
0.0388809 0.00205265 0.10837 0.451996 9.9964E-05 9.9964E-05 9.9964E-05 9.9964E-05 0.398301
0.0288321 9.9964E-05 9.9964E-05 0.459719 0.0339528 9.9964E-05 9.9964E-05 0.0569259 0.42017
9.9955E-05 0.00207394 9.9955E-05 0.653484 0.253174 9.9955E-05 9.9955E-05 0.0907682 9.9955E-05
9.9991E-05 0.0110396 0.0236833 0.229823 0.0697397 0.00142546 0.0421874 0.0181563 0.603845
0.0642129 0.0758813 0.0143848 9.9964E-05 9.9964E-05 0.782642 9.9964E-05 9.9964E-05 0.0624788
0.0596116 9.9946E-05 9.9946E-05 9.9946E-05 9.9946E-05 0.870418 9.9946E-05 9.9946E-05 0.0693708
0.0446297 9.9955E-05 9.9955E-05 9.9955E-05 9.9955E-05 0.820947 0.0170757 9.9955E-05 0.116848
0.025668 9.9955E-05 9.9955E-05 9.9955E-05 9.9955E-05 0.902727 0.0241328 9.9955E-05 0.0469722
0.0330529 9.9964E-05 0.0110859 0.000160106 9.9964E-05 0.923884 0.0314176 9.9964E-05 9.9964E-05
0.0212011 9.9964E-05 9.9964E-05 9.9964E-05 9.9964E-05 0.850446 0.032455 0.024183 0.0713145
0.0302478 9.9946E-05 9.9946E-05 9.9946E-05 9.9946E-05 0.89557 9.9946E-05 9.9946E-05 0.0735823
0.00930207 9.9982E-05 0.0203204 0.249687 9.9982E-05 0.0785083 0.0411075 0.0825019 0.518373
0.0148796 0.0079045 0.130256 0.0886016 0.00636417 0.119684 0.0728443 0.0822422 0.477224
9.9964E-05 0.105014 0.163527 0.673216 9.9964E-05 0.0543783 9.9964E-05 0.00346433 9.9964E-05
0.0203954 0.0198462 0.0582239 0.152436 0.0432045 0.0559968 0.0412719 0.0650622 0.543563
9.9964E-05 0.0689293 0.108574 0.413867 9.9964E-05 0.036533 9.9964E-05 9.9964E-05 0.371697
0.0305007 0.0158663 0.0499296 0.34561 0.0169053 0.0344781 0.0062197 9.9991E-05 0.50039
9.9973E-05 9.9973E-05 0.00284871 0.271896 0.056003 0.0586088 9.9973E-05 0.0578438 0.5525
9.9973E-05 9.9973E-05 0.013473 0.406423 9.9973E-05 0.0251985 0.067635 0.0282297 0.458741
9.9955E-05 0.0946949 0.239453 0.63256 9.9955E-05 0.0327921 9.9955E-05 9.9955E-05 9.9955E-05
0.055247 0.0374078 0.0362817 0.157791 9.9991E-05 0.0858418 0.0211426 0.0868285 0.519359
0.00459495 9.9982E-05 0.0376633 0.183645 0.0260035 0.0768831 0.00748313 9.9982E-05 0.663527
0.0199552 0.0252888 0.0241404 0.176742 0.0708793 0.0693963 0.0550998 9.9991E-05 0.558399
0.00737471 9.9991E-05 0.0274971 0.488749 0.15285 0.00407733 0.0194981 0.0591156 0.240738
0.00705213 9.9982E-05 9.9982E-05 0.430237 0.00854649 0.00688519 0.0138045 0.0475989 0.485676
9.9964E-05 0.0149099 0.107634 0.410315 9.9964E-05 0.0333041 9.9964E-05 9.9964E-05 0.433438
0.00854427 9.9973E-05 9.9973E-05 0.541986 0.00495451 9.9973E-05 0.00750807 0.0524023 0.384305
9.9973E-05 0.0735802 0.0803396 0.375721 9.9973E-05 0.0440084 9.9973E-05 0.00987364 0.416177
9.9973E-05 0.100489 0.012616 0.166543 9.9973E-05 0.0906574 9.9973E-05 0.0309877 0.598406
0.021372 0.207116 0.214182 9.9991E-05 0.0834516 0.014545 0.0428414 0.164617 0.251774
9.9973E-05 0.200614 0.245198 0.0366534 0.0725844 0.0668144 9.9973E-05 9.9973E-05 0.377835
0.0231834 0.0776152 0.11451 0.0360457 0.0592744 0.081839 0.0681128 0.0346356 0.504784
0.0188925 0.117203 0.0465811 0.0436795 0.0316408 0.110619 0.0309915 0.0256339 0.574759
0.0460213 0.186693 0.273306 0.0642263 0.0115228 0.0140006 9.9982E-05 9.9982E-05 0.40403
9.9982E-05 0.127702 0.162185 0.0258987 0.0349533 0.0489297 9.9982E-05 0.00306728 0.597064
0.00356487 0.235518 0.27012 9.9973E-05 9.9973E-05 0.064331 9.9973E-05 0.0457332 0.380434
0.00768855 0.107735 0.155863 0.0282933 0.0679246 0.0475017 9.9991E-05 0.0179936 0.5669
0.00609931 0.147229 0.109748 0.0193838 0.0155847 0.0502472 0.0320215 0.0168166 0.602869
0.00964343 0.183132 0.144066 9.9982E-05 0.0618279 0.0240263 9.9982E-05 0.0228491 0.554255
0.00953143 0.182375 0.200953 0.00895788 0.0126935 9.9982E-05 9.9982E-05 0.0484453 0.536844
0.0049659 0.123867 0.0534733 9.9991E-05 0.0766695 0.0525152 0.0151715 0.0701675 0.603071
0.0165645 0.0869004 9.9991E-05 0.0047956 0.0455608 0.122163 0.0492465 0.0712455 0.603424
9.9982E-05 0.128186 0.0974644 0.0235174 0.0397199 9.9982E-05 0.0446388 0.0767635 0.58951
0.0490133 0.116274 0.0156256 0.0582305 0.0371197 0.049557 0.0560752 0.0776843 0.54042
9.9982E-05 0.123966 0.0580276 0.0387237 9.9982E-05 0.00427123 0.0422427 0.119317 0.613252
9.9991E-05 0.160224 0.157255 0.02932 0.181636 0.0463018 0.0610117 0.0767698 0.287381
0.0161875 0.124859 0.0524037 0.0352553 0.0263933 0.0438039 0.0602147 0.0593483 0.581535
0.0386392 0.136097 9.9982E-05 9.9982E-05 0.0605986 0.0090639 0.00116418 0.0657877 0.68845
9.9982E-05 0.247753 0.511677 0.0794609 9.9982E-05 0.0244205 0.0166696 0.0197466 0.100072
9.9982E-05 0.0696204 0.343866 0.0460963 0.205385 9.9982E-05 0.0351405 0.204289 0.0954017
9.9991E-05 0.108295 0.18546 0.0675676 0.0305762 0.06058 0.00458632 0.036422 0.506413
9.9973E-05 0.169905 0.285604 0.0676389 0.217577 9.9973E-05 9.9973E-05 0.251577 0.00739706
0.0125617 0.183193 0.503718 0.0406335 9.9973E-05 9.9973E-05 9.9973E-05 0.0315496 0.228044
9.9964E-05 0.147563 0.359622 0.0433128 9.9964E-05 9.9964E-05 9.9964E-05 0.061723 0.387379
0.0217266 0.201462 0.383829 0.0947778 9.9973E-05 0.00499092 9.9973E-05 9.9973E-05 0.292913
9.9973E-05 0.20988 0.415442 0.0414074 0.0194715 9.9973E-05 9.9973E-05 0.042068 0.271432
0.00704267 0.085346 0.169417 0.0207985 0.0580683 0.0609277 0.00532492 0.0346628 0.558412
0.0232197 0.108678 0.13653 0.0360389 0.00399685 0.0614119 0.0538451 0.0713793 0.5049
0.02348 0.127792 0.19593 0.00970077 9.9982E-05 9.9982E-05 0.0458482 0.0833358 0.513713
9.9982E-05 0.16044 0.37584 0.0857832 0.153679 9.9982E-05 0.038836 0.128883 0.0563384
0.0163094 0.0461042 0.0593406 0.0660616 0.0956797 0.104311 0.0752554 0.0309374 0.506001
0.00370109 0.0364923 0.0798858 0.0322647 0.227872 0.0345373 0.00651834 0.0910261 0.487702
9.9973E-05 0.0376834 0.0700475 0.0958599 0.651221 0.0546031 9.9973E-05 0.0902854 9.9973E-05
0.0153984 9.9991E-05 0.0538288 0.0232673 0.150414 0.0348035 0.0348657 0.0208722 0.66645
0.00033849 0.0306229 0.149441 0.0872707 0.307425 0.0610969 0.0131183 0.0751423 0.275544
0.0375938 0.0598983 0.00691912 0.0036797 0.186285 0.0607576 0.032609 0.0695289 0.542728
0.00671012 0.0914789 0.0553674 0.0814062 0.451572 0.0346333 9.9991E-05 0.0261236 0.252609
0.0145615 0.129775 0.0368372 0.0910747 0.55443 9.9982E-05 9.9982E-05 0.0586591 0.114462
0.010789 0.049779 9.9982E-05 0.089857 0.320081 0.0374307 9.9982E-05 0.0782328 0.413631
0.00279896 0.0970024 0.0129159 0.0968944 0.116714 0.0960965 0.0549648 0.0530968 0.469516
0.00185198 0.0759677 0.115414 0.0901997 0.160084 0.113088 0.0905325 0.0374104 0.315452
0.019435 9.9982E-05 0.288127 0.105947 0.369484 9.9982E-05 0.0774468 0.11011 0.0292503
0.000566466 0.0664272 0.0532938 0.0142205 0.096965 0.0493603 0.0504592 0.115122 0.553586
9.9973E-05 0.0117093 0.11898 0.0673804 0.384231 9.9973E-05 9.9973E-05 0.126625 0.290775
9.9973E-05 0.0570819 0.0511021 0.0902186 0.253463 9.9973E-05 9.9973E-05 0.106922 0.440912
9.9991E-05 0.0766168 0.0376798 0.0623713 0.113527 0.105194 0.00957096 0.045374 0.549566
0.034795 9.9964E-05 9.9964E-05 9.9964E-05 0.277681 0.301215 0.226088 9.9964E-05 0.159821
9.9946E-05 9.9946E-05 9.9946E-05 9.9946E-05 0.446732 0.420118 0.13255 9.9946E-05 9.9946E-05
9.9946E-05 9.9946E-05 9.9946E-05 9.9946E-05 0.481578 0.411136 0.106686 9.9946E-05 9.9946E-05
0.00209661 9.9973E-05 0.0429761 9.9973E-05 0.288616 0.321223 0.243659 9.9973E-05 0.101129
9.9964E-05 0.0110565 9.9964E-05 0.0837601 0.244507 9.9964E-05 9.9964E-05 0.0339271 0.626349
9.9991E-05 0.0673696 0.0456967 0.0266523 0.0400371 0.0990092 0.0343621 0.0632345 0.623539
9.9955E-05 0.015 0.034313 9.9955E-05 9.9955E-05 9.9955E-05 0.67593 9.9955E-05 0.274257
0.0104488 0.0225401 0.0938884 0.0461526 9.9982E-05 9.9982E-05 0.447893 0.0495564 0.329321
0.0451875 0.0724281 0.0171086 0.0472594 9.9991E-05 0.0181869 0.413715 0.04749 0.338525
0.00369284 0.0158798 0.0419971 0.0752099 0.482141 9.9982E-05 9.9982E-05 0.109119 0.27176
0.0184236 0.0719133 0.0791719 0.0381051 0.147675 0.0383861 0.027684 0.087216 0.491425
9.9973E-05 0.0019389 0.167748 0.0144704 0.499371 9.9973E-05 9.9973E-05 0.088965 0.227207
0.00881396 9.9982E-05 0.0582528 0.0520973 0.224782 0.0279044 9.9982E-05 0.0493577 0.578591
9.9964E-05 9.9964E-05 0.084068 0.00564053 0.330262 9.9964E-05 9.9964E-05 0.0810235 0.498606
0.00334029 9.9955E-05 9.9955E-05 9.9955E-05 0.322092 9.9955E-05 9.9955E-05 0.0554165 0.618651
9.9973E-05 0.020426 0.0361319 0.0474446 0.596508 9.9973E-05 9.9973E-05 0.0821662 0.217024
0.040905 0.00634068 9.9982E-05 0.0454264 0.171992 0.0326856 9.9982E-05 0.00700803 0.695443
0.0121839 0.0416565 0.0467878 0.00581688 0.126145 0.1232 0.0140006 0.0876693 0.54254
9.9946E-05 0.00325343 9.9946E-05 0.0246151 9.9946E-05 9.9946E-05 0.971532 9.9946E-05 9.9946E-05
9.9955E-05 9.9955E-05 0.0367979 9.9955E-05 9.9955E-05 9.9955E-05 0.886211 0.02435 0.0521417
0.0170706 0.0118266 0.0994143 0.0122977 9.9991E-05 0.0439401 0.557446 0.0129264 0.244978
9.9946E-05 0.0262496 9.9946E-05 9.9946E-05 9.9946E-05 9.9946E-05 0.635522 9.9946E-05 0.337629
0.0195233 0.0435089 0.00911165 0.037665 9.9973E-05 9.9973E-05 0.819853 9.9973E-05 0.0700382
9.993E-05 9.993E-05 9.993E-05 9.993E-05 9.993E-05 9.993E-05 0.999201 9.993E-05 9.993E-05
9.9937E-05 0.0490682 9.9937E-05 9.9937E-05 9.9937E-05 9.9937E-05 0.950232 9.9937E-05 9.9937E-05
9.9946E-05 9.9946E-05 0.0190411 9.9946E-05 9.9946E-05 9.9946E-05 0.864619 9.9946E-05 0.11574
0.000205655 0.0338335 0.00770387 0.00498215 9.9964E-05 9.9964E-05 0.952875 9.9964E-05 9.9964E-05
9.993E-05 9.993E-05 9.993E-05 9.993E-05 9.993E-05 9.993E-05 0.999201 9.993E-05 9.993E-05
9.993E-05 9.993E-05 9.993E-05 9.993E-05 9.993E-05 9.993E-05 0.999201 9.993E-05 9.993E-05
0.0179068 9.9955E-05 0.0270146 9.9955E-05 9.9955E-05 9.9955E-05 0.742714 9.9955E-05 0.211865
0.00580645 0.0516559 0.0201058 0.00399139 9.9982E-05 0.0235782 0.786069 9.9982E-05 0.108594
9.993E-05 9.993E-05 9.993E-05 9.993E-05 9.993E-05 9.993E-05 0.999201 9.993E-05 9.993E-05
0.0386108 0.0094326 0.111623 9.9982E-05 0.0955932 0.0359237 0.404113 9.9982E-05 0.304504
0.019698 9.9973E-05 0.00680876 0.0094956 9.9973E-05 0.0562329 0.619074 9.9973E-05 0.288391
0.0154113 0.0291916 9.9973E-05 0.00263631 9.9973E-05 0.00688605 0.815799 9.9973E-05 0.129776
0.010969 9.9964E-05 0.0199581 9.9964E-05 9.9964E-05 0.0178717 0.865551 9.9964E-05 0.0852498
9.993E-05 9.993E-05 9.993E-05 9.993E-05 9.993E-05 9.993E-05 0.999201 9.993E-05 9.993E-05
0.00509043 9.9955E-05 9.9955E-05 9.9955E-05 9.9955E-05 0.0347365 0.948761 9.9955E-05 0.0109122
0.0146436 9.9937E-05 9.9937E-05 9.9937E-05 9.9937E-05 9.9937E-05 0.984657 9.9937E-05 9.9937E-05
9.9964E-05 9.9964E-05 0.0234622 0.0139693 9.9964E-05 0.0695635 0.650857 9.9964E-05 0.241749
0.01275 9.9946E-05 9.9946E-05 0.0270424 9.9946E-05 9.9946E-05 0.959608 9.9946E-05 9.9946E-05
9.9955E-05 9.9955E-05 9.9955E-05 9.9955E-05 0.652015 0.236783 0.0710057 0.0396968 9.9955E-05
0.0211477 9.9982E-05 0.0219145 9.9982E-05 0.342973 0.154626 0.0857539 0.00817784 0.365207
0.0207041 0.0278365 9.9982E-05 9.9982E-05 0.303286 0.10971 0.0414191 0.0117052 0.485138
0.010975 0.0347994 9.9973E-05 9.9973E-05 0.51565 0.126422 0.0716468 9.9973E-05 0.240206
0.0409244 0.0419274 0.0809856 0.0568119 0.138671 0.0640582 0.112097 0.0217613 0.442763
0.0310857 0.0118752 0.035815 9.9991E-05 0.503949 0.173139 0.118462 0.0307028 0.09487
0.00272012 0.0591399 0.0552267 0.0175779 0.142078 0.128804 0.0951431 0.0983543 0.400956
0.0050671 9.9982E-05 0.00200928 0.000276158 0.401065 0.117891 0.110527 9.9982E-05 0.362964
0.0417796 0.047719 9.9973E-05 9.9973E-05 0.239708 0.100962 0.113973 9.9973E-05 0.455559
0.0360932 9.9973E-05 9.9973E-05 0.0116082 0.335049 0.124783 0.087881 9.9973E-05 0.404286
0.038392 0.0290784 9.9982E-05 0.0384709 0.21524 0.130503 0.124871 9.9982E-05 0.423245
9.9964E-05 0.0243393 9.9964E-05 0.00787616 0.0168312 0.877411 9.9964E-05 9.9964E-05 0.0731427
0.0266145 9.9955E-05 9.9955E-05 9.9955E-05 9.9955E-05 0.865563 0.0679865 0.0393365 9.9955E-05
0.0366486 0.0330261 9.9973E-05 9.9973E-05 0.00991628 0.900543 9.9973E-05 0.00446147 0.0151043
0.000250987 9.9946E-05 0.0337576 9.9946E-05 9.9946E-05 0.965392 9.9946E-05 9.9946E-05 9.9946E-05
0.0454821 0.0167149 0.00246434 9.9973E-05 0.0182425 0.8673 9.9973E-05 9.9973E-05 0.0494961
0.0287428 9.9955E-05 9.9955E-05 9.9955E-05 9.9955E-05 0.951588 0.0109716 0.00819823 9.9955E-05
0.0537263 0.0132033 9.9964E-05 9.9964E-05 9.9964E-05 0.881229 0.0281819 9.9964E-05 0.0232601
0.0480444 0.0387453 9.9955E-05 9.9955E-05 9.9955E-05 0.897074 9.9955E-05 0.0156363 9.9955E-05
0.0230662 0.0175316 9.9982E-05 0.0290568 0.0250821 0.850016 0.0457531 9.9982E-05 0.00929383
0.0277918 0.0211336 9.9973E-05 9.9973E-05 0.0369834 0.880519 0.00195802 9.9973E-05 0.0313142
9.9964E-05 0.225854 0.0392423 0.0650931 0.0696359 0.599775 9.9964E-05 9.9964E-05 9.9964E-05
0.0218822 0.299078 0.00586678 0.0532339 0.0381092 0.579558 9.9982E-05 0.00207178 9.9982E-05
0.0243537 0.212864 0.137652 0.0217583 0.0944325 0.508639 9.9973E-05 9.9973E-05 9.9973E-05
9.9964E-05 0.255701 0.181744 0.00831156 0.123354 0.43049 9.9964E-05 9.9964E-05 9.9964E-05
0.0158776 0.0797001 0.0982685 0.299904 9.9973E-05 0.0536413 9.9973E-05 9.9973E-05 0.452308
0.0265707 0.0215985 0.07748 0.31059 9.9991E-05 0.0374194 0.0573879 0.0287297 0.440124
0.0150068 0.121983 0.126608 0.150666 9.9982E-05 9.9982E-05 0.0588499 0.0318654 0.494821
0.0358254 0.135305 0.281192 0.246705 9.9964E-05 9.9964E-05 9.9964E-05 9.9964E-05 0.300573
9.9973E-05 0.308447 0.466689 0.0320543 0.00349327 9.9973E-05 9.9973E-05 0.0606554 0.128361
9.9973E-05 0.0263262 0.0106134 0.180283 9.9973E-05 0.0632661 9.9973E-05 0.0405248 0.678687
9.9973E-05 0.0761598 0.0857212 0.262392 9.9973E-05 9.9973E-05 0.00430661 0.00369046 0.56743
9.9991E-05 0.0365357 0.0210799 0.269421 0.0639254 0.00142673 0.0068254 0.0772131 0.523473
9.9955E-05 9.9955E-05 9.9955E-05 0.553403 9.9955E-05 9.9955E-05 0.0287678 0.0776574 0.339672
9.9991E-05 0.0760166 0.00774495 0.180646 0.0634847 0.037895 0.033727 0.023615 0.576771
0.0176956 0.0401279 0.0356081 0.466982 9.9973E-05 0.0267893 9.9973E-05 9.9973E-05 0.412498
9.9955E-05 0.00408137 9.9955E-05 0.780758 0.0733853 9.9955E-05 9.9955E-05 0.141276 9.9955E-05
0.0160961 0.0371305 0.179291 0.151736 9.9991E-05 0.0518672 0.00394792 0.0418624 0.517969
9.9955E-05 9.9955E-05 9.9955E-05 0.633745 0.138998 9.9955E-05 9.9955E-05 0.0649546 0.161802
0.0147191 9.9982E-05 0.00142146 0.367145 9.9982E-05 0.032189 0.00285055 0.0739684 0.507506
9.9964E-05 0.0829051 0.159761 0.636929 9.9964E-05 0.0163248 9.9964E-05 9.9964E-05 0.103681
9.9946E-05 0.823584 9.9946E-05 9.9946E-05 0.0802387 0.0955773 9.9946E-05 9.9946E-05 9.9946E-05
9.9964E-05 0.82332 9.9964E-05 9.9964E-05 0.0539726 0.047538 9.9964E-05 0.00262087 0.0721487
0.000110881 0.834481 9.9973E-05 0.00408928 0.0798138 0.0412558 9.9973E-05 9.9973E-05 0.0399496
9.9955E-05 0.822561 9.9955E-05 0.0129071 0.0810066 0.0830259 9.9955E-05 9.9955E-05 9.9955E-05
0.00165452 0.826016 9.9955E-05 9.9955E-05 0.0375371 9.9955E-05 9.9955E-05 9.9955E-05 0.134293
0.0010328 0.794412 9.9973E-05 9.9973E-05 0.0666764 0.0106565 0.0425052 9.9973E-05 0.0844169
0.0262892 0.0158451 9.9982E-05 0.0320236 9.9982E-05 0.835918 0.0508265 0.00107251 0.0378252
9.9982E-05 0.0182298 0.0125393 0.0255713 9.9982E-05 0.832735 0.012608 0.00633948 0.091777
0.0150851 9.9973E-05 9.9973E-05 0.013064 9.9973E-05 0.776854 0.0261908 0.0332214 0.135285
9.9964E-05 0.00104014 0.025076 0.0800103 9.9964E-05 0.834526 0.0589478 9.9964E-05 9.9964E-05
0.0295627 9.9973E-05 9.9973E-05 0.00817375 0.00434175 0.769429 0.0348828 9.9973E-05 0.15331
0.0216974 0.532634 9.9964E-05 9.9964E-05 0.0891774 0.353638 9.9964E-05 0.00245301 9.9964E-05
0.0242871 0.508338 9.9964E-05 9.9964E-05 0.0429327 0.392998 9.9964E-05 0.0310453 9.9964E-05
0.0247111 0.476697 0.0308445 9.9991E-05 0.00507106 0.405634 0.0179031 0.016866 0.0221736
0.999201 9.993E-05 9.993E-05 9.993E-05 9.993E-05 9.993E-05 9.993E-05 9.993E-05 9.993E-05
0.0226566 0.479358 0.0296563 0.0620194 0.0131913 0.362115 9.9982E-05 0.0308034 9.9982E-05
0.0157173 9.9964E-05 9.9964E-05 9.9964E-05 0.17144 0.231371 0.30496 9.9964E-05 0.276113
0.00923924 9.9973E-05 0.0632691 9.9973E-05 0.074918 0.108727 0.208558 9.9973E-05 0.534989
9.9964E-05 9.9964E-05 0.00686356 9.9964E-05 9.9964E-05 0.188099 0.255954 0.0297204 0.518964
9.9964E-05 9.9964E-05 9.9964E-05 9.9964E-05 0.145936 0.268105 0.237723 0.0295469 0.31829
0.0602699 9.9982E-05 0.0333002 0.0508542 0.0922118 0.115806 0.132333 9.9982E-05 0.515025
0.0269418 9.9955E-05 9.9955E-05 9.9955E-05 0.291642 0.388676 0.292241 9.9955E-05 9.9955E-05
9.9964E-05 0.231158 0.300102 9.9964E-05 0.0341209 9.9964E-05 9.9964E-05 0.0484292 0.385791
9.9973E-05 0.115428 0.147388 0.0287709 0.140892 9.9973E-05 9.9973E-05 0.139071 0.428151
0.00244111 0.132538 0.596972 0.0354748 9.9973E-05 9.9973E-05 9.9973E-05 0.0313658 0.200908
9.9973E-05 0.0444098 0.204676 0.0259233 0.0638293 9.9973E-05 9.9973E-05 0.174822 0.48604
9.9964E-05 0.129628 0.186287 0.0455392 0.32783 9.9964E-05 9.9964E-05 0.310317 9.9964E-05
0.036484 0.0871973 0.0990428 0.0884864 0.0632463 0.0290526 0.0328594 9.9991E-05 0.563531
0.00342831 0.0619184 0.140161 0.00306651 0.0764859 0.036257 9.9991E-05 0.132564 0.546019
0.00197615 0.186065 0.45594 0.00554869 0.0473834 0.0226124 9.9991E-05 0.0187164 0.261659
0.0208211 0.051366 0.121951 0.0988102 0.0628429 0.062442 0.048497 0.00769655 0.525573
9.9973E-05 0.0327892 0.451877 0.093659 0.21635 9.9973E-05 9.9973E-05 0.13925 0.0657744
9.9982E-05 0.0507451 0.161746 0.0303799 0.0891878 0.0133762 9.9982E-05 0.139363 0.515001
9.9982E-05 0.108921 0.31156 0.0308597 0.025328 0.0351711 9.9982E-05 0.0342366 0.453724
9.9991E-05 0.0169819 0.101842 0.0597534 0.133836 0.0996652 0.145572 0.0850856 0.357163
0.00012569 0.0552064 0.329863 0.0635583 0.131776 9.9982E-05 9.9982E-05 0.137118 0.282152
9.9982E-05 0.0719804 0.243205 0.0585407 0.117421 9.9982E-05 0.0403566 0.125906 0.342391
9.9982E-05 0.139103 0.125334 0.030743 0.0347926 9.9982E-05 0.022883 0.0825551 0.56439
9.9973E-05 0.0866233 0.196976 0.0317282 0.068207 9.9973E-05 9.9973E-05 0.101374 0.514791
0.0219104 0.0536288 0.0229153 0.051272 0.0398663 9.9991E-05 0.0755445 0.109441 0.625322
0.00968778 0.0670958 0.0966263 0.062513 0.0484022 0.106932 0.0259702 0.0464591 0.536314
0.0296348 0.0988777 0.105837 0.12372 9.9991E-05 0.067899 0.0109585 0.0341888 0.528785
0.0232978 9.9955E-05 9.9955E-05 9.9955E-05 9.9955E-05 0.822497 0.0399549 9.9955E-05 0.11375
0.00881636 9.9955E-05 9.9955E-05 9.9955E-05 9.9955E-05 0.884685 0.00637961 9.9955E-05 0.0996193
0.0394956 0.0319472 9.9973E-05 0.0176344 0.0183368 0.842605 9.9973E-05 9.9973E-05 0.0496805
0.0238642 9.9973E-05 9.9973E-05 0.0184082 9.9973E-05 0.887783 0.0567915 0.00486679 0.00798685
0.0356891 0.0132126 9.9955E-05 9.9955E-05 9.9955E-05 0.8606 9.9955E-05 9.9955E-05 0.0899984
0.010411 0.212291 0.610324 0.0488439 0.0548972 0.025727 0.0312895 0.000876749 0.00533956
0.00763298 0.0762962 0.163508 9.9991E-05 0.00778923 0.0636125 0.04299 0.146669 0.491402
9.9973E-05 9.9973E-05 9.9973E-05 0.0114645 0.125032 0.192787 0.213288 0.0273534 0.429775
0.0244905 0.105357 0.189906 0.0291359 9.9982E-05 9.9982E-05 0.0242846 0.00151104 0.625115
9.9955E-05 0.130033 0.395062 9.9955E-05 9.9955E-05 9.9955E-05 0.0083327 9.9955E-05 0.466072
0.00127946 0.115824 0.303208 0.00742611 0.144969 9.9991E-05 0.0109224 0.202886 0.213386
0.012964 0.278026 0.586651 0.00966743 0.0463524 0.0552984 9.9982E-05 0.0108405 9.9982E-05
0.0255456 0.162869 0.336259 0.0195268 9.9991E-05 0.0395492 0.00453802 0.00182846 0.409784
9.9973E-05 0.316537 0.436582 9.9973E-05 9.9973E-05 0.0260943 0.0365898 0.0299152 0.153982
9.9991E-05 0.0917337 0.166205 0.0993797 0.0957633 0.0448651 0.0531496 0.0186514 0.430152
0.0136311 0.262145 0.56755 9.9973E-05 9.9973E-05 0.0601714 9.9973E-05 0.042428 0.0537744
0.0252535 0.120612 0.198924 9.9982E-05 9.9982E-05 0.0555984 0.0615485 0.0251092 0.512754
0.0360388 0.217028 0.623147 0.021751 0.0622525 0.0022652 9.9982E-05 9.9982E-05 0.0373176
9.9982E-05 0.0843719 0.391579 0.0577487 0.145486 9.9982E-05 0.100806 0.0656396 0.154169
0.0243719 0.031095 0.0951897 0.0311257 0.186589 0.0564448 9.9991E-05 0.0214069 0.553677
9.9973E-05 0.0216069 0.107869 0.0582802 0.438091 9.9973E-05 9.9973E-05 0.0903669 0.283486
9.9973E-05 0.0152832 0.0511219 9.9973E-05 0.335427 0.00288219 9.9973E-05 0.0326104 0.562375
0.00463027 0.0420878 0.0226659 0.091821 0.153735 0.0862382 0.0263352 0.0213843 0.551102
9.9973E-05 0.0209728 0.07241 0.0745653 0.561219 9.9973E-05 9.9973E-05 0.0241477 0.246385
0.0211202 0.0677933 0.0121401 0.0966724 0.120568 0.0641175 0.0339321 0.0759537 0.507702
0.00343998 0.103722 9.9982E-05 0.0259038 0.284544 0.00856704 9.9982E-05 0.0278972 0.545726
9.9964E-05 0.0503476 9.9964E-05 0.13155 0.539986 9.9964E-05 9.9964E-05 0.139308 0.138408
9.9964E-05 0.0672225 9.9964E-05 0.0400096 0.653721 9.9964E-05 9.9964E-05 0.0103694 0.228278
9.9973E-05 0.083876 0.0112886 0.010678 0.392249 9.9973E-05 9.9973E-05 0.025365 0.476243
9.9964E-05 0.102295 9.9964E-05 0.194794 0.561898 9.9964E-05 9.9964E-05 0.0587449 0.0818682
9.9964E-05 0.0544535 0.178601 0.0343143 0.322775 9.9964E-05 9.9964E-05 9.9964E-05 0.409457
9.9982E-05 0.242126 0.664499 0.0322119 9.9982E-05 0.00781872 0.029554 0.0184439 0.00514622
9.9982E-05 0.104398 0.400556 0.0418556 0.000410191 9.9982E-05 0.076154 0.281287 0.0951389
0.0274771 0.161429 0.405842 9.9973E-05 9.9973E-05 0.00381331 0.0440221 9.9973E-05 0.357116
9.9982E-05 0.16976 0.183649 0.057514 9.9982E-05 0.0274208 0.0866537 0.00412881 0.470674
9.9973E-05 0.247706 0.492535 0.108575 9.9973E-05 9.9973E-05 0.0155475 0.0259236 0.109413
0.00406131 0.0638406 0.133609 0.0153652 0.0873107 0.0705898 0.00428825 0.0532876 0.567648
0.0348727 0.134167 0.216524 0.0319495 9.9991E-05 0.0129582 0.0348742 0.0706048 0.46395
0.0307787 0.0614399 0.23381 0.040557 0.015637 9.9991E-05 0.0354181 0.0943987 0.487861
0.0120157 0.103407 0.282364 0.0384525 9.9982E-05 9.9982E-05 0.105232 0.0462212 0.412108
9.9955E-05 0.229282 0.365093 9.9955E-05 9.9955E-05 9.9955E-05 0.0184673 9.9955E-05 0.386658
0.0150339 0.198151 0.470742 0.097738 9.9982E-05 9.9982E-05 0.0211051 0.0319214 0.165109
9.9982E-05 0.207152 0.333386 0.0318602 0.000379036 9.9982E-05 0.0461715 0.0429872 0.337865
9.9982E-05 0.0848719 0.141557 0.0983292 0.0502567 9.9982E-05 0.0340176 0.0544406 0.536327
0.00190733 0.0505397 0.142965 9.9991E-05 0.0665648 0.0344673 0.0963647 0.067266 0.539825
9.9991E-05 0.145692 0.260007 0.0836451 0.08375 0.0217505 0.131553 0.0714524 0.202049
9.9982E-05 0.10956 0.203481 0.0663202 0.0172052 9.9982E-05 0.0859146 0.122981 0.394337
0.00861645 0.229842 0.380258 0.0267604 0.0134007 9.9991E-05 0.036356 0.0308336 0.273832
9.9982E-05 0.10253 0.288108 0.0354813 0.00930114 9.9982E-05 0.0548034 0.0510434 0.458533
9.9982E-05 0.147162 0.308434 0.0435025 9.9982E-05 0.0122013 0.0856789 0.0303525 0.372468
9.9982E-05 0.0743572 0.142782 9.9982E-05 0.0793979 0.0866668 0.0545146 0.0251814 0.536901
0.0114793 9.9982E-05 0.105035 0.00948075 0.0109333 0.335565 0.107549 9.9982E-05 0.419758
9.9982E-05 0.0164089 0.0760348 9.9982E-05 0.0892967 0.109566 0.172529 0.0264396 0.509525
0.0140406 0.0167989 0.0848214 0.066853 0.141441 0.152547 0.131019 9.9991E-05 0.39238
0.0141679 0.0459751 0.0866572 9.9991E-05 0.0718591 0.0794358 0.162413 0.0476099 0.491782
9.9973E-05 9.9973E-05 0.0257365 0.0361477 0.107472 0.171972 0.195482 9.9973E-05 0.46289
9.9964E-05 0.110485 0.148593 9.9964E-05 0.136548 9.9964E-05 9.9964E-05 0.137784 0.466189
0.0156254 0.0218768 0.0615842 0.0736516 0.113596 0.0824454 0.168587 0.0459987 0.416635
9.9973E-05 9.9973E-05 0.204818 9.9973E-05 0.334443 0.181607 0.156066 0.0820337 0.040733
0.02799 0.0223803 0.0722186 9.9991E-05 0.112331 0.106821 0.0969871 0.018726 0.542446
0.0219851 9.9991E-05 0.0960908 0.054469 0.0656183 0.117475 0.142247 0.0197486 0.482266
0.00866323 0.0213776 0.0541393 0.0665122 9.9991E-05 0.100896 0.178702 0.0497355 0.519874
0.0320038 9.9982E-05 0.156133 9.9982E-05 0.209686 0.152288 0.100339 0.058181 0.291168
9.9973E-05 9.9973E-05 0.102849 9.9973E-05 0.0446048 0.198571 0.142456 0.00924513 0.501974
0.0450054 0.0269363 9.9982E-05 9.9982E-05 0.0839815 0.108683 0.142305 0.0888561 0.504032
9.9946E-05 9.9946E-05 9.9946E-05 9.9946E-05 0.414273 0.447674 0.137453 9.9946E-05 9.9946E-05
0.0148366 0.026816 0.0984098 0.0236041 0.0278192 0.158258 0.153496 0.0272105 0.46955
9.9973E-05 9.9973E-05 0.00698413 9.9973E-05 0.0776094 0.148397 0.192991 0.0359168 0.537802
0.0349367 9.9991E-05 0.102423 0.0169939 0.0761616 0.0489229 0.0692818 0.0857939 0.565386
0.0170119 9.9973E-05 9.9973E-05 9.9973E-05 0.07626 0.141037 0.219152 0.0375312 0.508708
0.0491809 9.9982E-05 0.0584468 0.042289 0.079088 0.1625 0.11415 9.9982E-05 0.494145
0.00130893 9.9973E-05 9.9973E-05 0.0407553 9.9973E-05 0.0561144 0.0231777 0.456659 0.421684
9.9991E-05 0.000553475 0.0723687 0.115726 0.0133885 0.0794428 0.0476873 0.185472 0.485261
9.9964E-05 0.0230091 0.0249721 0.0180403 0.00434399 9.9964E-05 9.9964E-05 0.929235 9.9964E-05
0.00243879 0.00101606 0.0281024 9.9973E-05 0.0192659 0.00596697 9.9973E-05 0.94291 9.9973E-05
0.0031005 9.9973E-05 0.0422876 9.9973E-05 0.0266599 0.100151 9.9973E-05 0.340377 0.487123
9.9964E-05 9.9964E-05 9.9964E-05 9.9964E-05 0.123184 0.138295 0.294955 0.105648 0.337518
9.9964E-05 9.9964E-05 9.9964E-05 9.9964E-05 0.0246996 0.14724 0.286869 0.230267 0.310525
9.9964E-05 9.9964E-05 9.9964E-05 9.9964E-05 0.1046 0.163943 0.294836 0.264989 0.171232
0.0318601 9.9973E-05 9.9973E-05 9.9973E-05 0.079603 0.125621 0.242265 0.205524 0.314827
0.0146567 9.9973E-05 9.9973E-05 9.9973E-05 0.134008 0.0468011 0.0738231 0.709696 0.0207153
0.0381055 9.9973E-05 9.9973E-05 9.9973E-05 0.0500359 0.0683421 0.0481348 0.712873 0.0822088
9.9982E-05 9.9982E-05 0.0268447 0.0207649 0.00271049 0.0179005 0.0555159 0.342176 0.533888
9.9955E-05 9.9955E-05 9.9955E-05 9.9955E-05 9.9955E-05 0.0705961 0.110826 0.475329 0.342749
0.0221368 9.9964E-05 9.9964E-05 9.9964E-05 9.9964E-05 0.0278624 0.0675814 0.730173 0.151846
9.9973E-05 0.00458655 0.0509554 9.9973E-05 9.9973E-05 0.0603731 0.0737815 0.312882 0.497121
0.00238387 0.0268095 9.9973E-05 9.9973E-05 9.9973E-05 0.0259942 0.0621157 0.342689 0.539708
0.00576989 9.9991E-05 0.035971 0.0779249 0.0189895 0.0751026 0.0571079 0.262583 0.466451
0.00609377 0.015438 9.9955E-05 9.9955E-05 9.9955E-05 9.9955E-05 9.9955E-05 0.67575 0.302219
9.9973E-05 0.0203639 0.0859698 9.9973E-05 0.0271023 0.027976 9.9973E-05 0.470324 0.367964
0.0263953 0.0745427 0.0107396 0.000522319 0.0113263 0.0183972 9.9991E-05 0.354166 0.503811
0.00363428 0.112206 9.9991E-05 0.00275282 0.0367798 0.0213028 0.00101586 0.363631 0.458577
9.9991E-05 0.012306 0.0559273 0.065389 0.0306674 0.0868018 0.0316791 0.242533 0.474596
0.0146913 9.9973E-05 0.0168408 0.0485503 0.0094087 9.9973E-05 9.9973E-05 0.488799 0.42141
9.9946E-05 0.0194308 9.9946E-05 9.9946E-05 9.9946E-05 9.9946E-05 9.9946E-05 0.813748 0.166221
0.0119032 0.000199386 9.9964E-05 9.9964E-05 9.9964E-05 9.9964E-05 0.0191103 0.403274 0.565113
9.9964E-05 0.0176964 0.0520074 0.0243664 9.9964E-05 9.9964E-05 9.9964E-05 0.792322 0.113208
0.00895872 9.9955E-05 9.9955E-05 9.9955E-05 9.9955E-05 0.0173073 9.9955E-05 0.575124 0.398111
0.0314592 0.0267465 9.9982E-05 0.0201306 0.0365326 0.0647739 9.9982E-05 0.335492 0.484666
0.0264892 0.0401707 9.9982E-05 0.0579739 9.9982E-05 0.0380323 0.0119851 0.346923 0.478226
0.0357148 0.0130306 0.028433 9.9991E-05 0.0907089 0.143396 0.142512 0.0729605 0.473144
0.0307892 0.0322252 0.0519799 0.0882854 0.101578 0.112408 0.111686 0.0801258 0.390923
0.0355338 9.9991E-05 0.0324241 0.00495209 0.141922 0.159658 0.273991 0.0738469 0.277572
0.0178906 9.9991E-05 0.0491797 0.0170371 0.0902962 0.187702 0.246573 0.131249 0.259972
0.0323978 0.0275127 0.0565731 0.0236315 0.0599352 0.111719 0.204262 0.0684697 0.415498
0.023742 0.00135282 9.9991E-05 0.0109859 0.0793792 0.154531 0.11776 0.199074 0.413076
0.0182312 9.9964E-05 9.9964E-05 9.9964E-05 0.0729144 0.155725 0.092571 0.660158 9.9964E-05
0.0239424 9.9973E-05 9.9973E-05 9.9973E-05 0.0197772 0.10986 0.191978 0.138237 0.515905
9.9955E-05 9.9955E-05 9.9955E-05 9.9955E-05 0.236905 0.304704 0.0920456 0.365845 9.9955E-05
9.9955E-05 9.9955E-05 9.9955E-05 9.9955E-05 9.9955E-05 0.0514167 0.179298 0.317494 0.451291
9.9937E-05 9.9937E-05 9.9937E-05 9.9937E-05 9.9937E-05 9.9937E-05 9.9937E-05 0.922819 0.076481
9.9937E-05 9.9937E-05 9.9937E-05 0.0764697 9.9937E-05 9.9937E-05 9.9937E-05 0.922831 9.9937E-05
9.9937E-05 9.9937E-05 9.9937E-05 9.9937E-05 9.9937E-05 9.9937E-05 9.9937E-05 0.575616 0.423685
9.9955E-05 9.9955E-05 9.9955E-05 9.9955E-05 9.9955E-05 0.00321132 0.0368859 0.419404 0.539999
9.9937E-05 9.9937E-05 9.9937E-05 9.9937E-05 9.9937E-05 9.9937E-05 9.9937E-05 0.639429 0.359871
9.9946E-05 9.9946E-05 9.9946E-05 9.9946E-05 9.9946E-05 0.00168806 9.9946E-05 0.425773 0.571939
9.9937E-05 9.9937E-05 9.9937E-05 9.9937E-05 9.9937E-05 9.9937E-05 9.9937E-05 0.475372 0.523929
0.0294717 0.0540958 9.9982E-05 0.019904 9.9982E-05 0.848664 0.000338957 0.0109921 0.0363332
0.0459322 0.0980871 9.9973E-05 9.9973E-05 0.0171812 0.686936 0.11113 0.0404341 9.9973E-05
0.0204717 0.0374525 9.9964E-05 9.9964E-05 9.9964E-05 0.908431 0.0130253 9.9964E-05 0.0202193
0.0496557 9.9964E-05 9.9964E-05 9.9964E-05 0.00538065 0.901821 9.9964E-05 0.00948597 0.0332567
0.00508516 0.0290505 0.0629027 0.344922 0.0314548 0.00783028 0.0640699 9.9991E-05 0.454584
0.0170294 0.0269962 0.149055 0.31168 9.9982E-05 0.00354947 0.0356815 9.9982E-05 0.455808
0.0451356 9.9955E-05 0.0398617 0.395902 9.9955E-05 9.9955E-05 9.9955E-05 9.9955E-05 0.518601
0.0213241 0.0373027 0.0676384 0.254912 0.000465055 0.0322313 9.9982E-05 9.9982E-05 0.585926
0.0288377 0.0583365 0.140662 0.0272677 0.0883114 0.0631276 0.0546289 0.0145104 0.524318
0.0140356 0.0200501 0.123236 0.565028 9.9973E-05 0.0464149 9.9973E-05 9.9973E-05 0.230935
0.00393234 9.9973E-05 0.0213473 0.329172 9.9973E-05 0.0400384 9.9973E-05 0.00981797 0.595392
0.024425 9.9964E-05 9.9964E-05 0.574941 0.0903838 9.9964E-05 9.9964E-05 0.0641655 0.245684
0.0477675 0.0243767 0.0587893 9.9991E-05 0.0548685 0.270236 0.171665 0.0187021 0.353495
9.9964E-05 9.9964E-05 9.9964E-05 0.384665 0.0745566 9.9964E-05 0.0115739 0.104622 0.424182
0.0231083 0.0911097 0.060245 0.5052 9.9964E-05 9.9964E-05 9.9964E-05 9.9964E-05 0.319937
9.9982E-05 0.00270176 0.00204791 0.392087 0.0546151 9.9982E-05 0.0183009 0.0352005 0.494847
9.9973E-05 0.0655394 0.0421889 0.453468 9.9973E-05 0.0112174 0.0433646 9.9973E-05 0.383922
9.9946E-05 9.9946E-05 9.9946E-05 0.374233 9.9946E-05 9.9946E-05 9.9946E-05 0.0435402 0.581628
0.0118026 0.00253812 0.0697221 0.328899 9.9991E-05 0.0497211 0.014384 0.0108058 0.512027
9.9946E-05 9.9946E-05 9.9946E-05 0.843847 0.124786 9.9946E-05 9.9946E-05 0.0307673 9.9946E-05
0.00619655 9.9982E-05 0.0194006 0.550801 0.0689423 9.9982E-05 0.00382381 0.0709353 0.2797
9.9964E-05 9.9964E-05 9.9964E-05 0.577454 0.0117773 9.9964E-05 0.0429492 0.0422457 0.325174
9.9946E-05 9.9946E-05 9.9946E-05 0.797999 0.15404 9.9946E-05 9.9946E-05 0.0473612 9.9946E-05
0.00325436 0.0285859 0.0655074 0.417795 9.9973E-05 0.087585 9.9973E-05 9.9973E-05 0.396972
9.9955E-05 9.9955E-05 9.9955E-05 0.627271 0.261035 9.9955E-05 9.9955E-05 0.0339634 0.077231
9.9946E-05 9.9946E-05 9.9946E-05 0.781107 0.20377 9.9946E-05 9.9946E-05 0.0145233 9.9946E-05
9.9982E-05 9.9982E-05 0.0154598 0.269555 0.0174762 0.0450707 0.035362 0.048765 0.568112
0.0077757 0.0341261 0.179433 0.585233 9.9982E-05 0.0329586 0.00203586 9.9982E-05 0.158237
9.9973E-05 9.9973E-05 0.0969867 0.40786 9.9973E-05 0.0239969 0.0120222 0.00958141 0.449252
0.00428778 0.0148845 9.9991E-05 0.239893 0.0220651 0.084662 0.114732 0.0121315 0.507244
0.00367481 0.0521648 0.0681783 0.370293 9.9982E-05 0.0305972 0.000372757 9.9982E-05 0.474519
9.9982E-05 0.120953 0.296304 0.0181278 0.121479 9.9982E-05 0.0228025 0.141745 0.278389
0.0226507 0.0343428 9.9982E-05 0.350679 9.9982E-05 0.0302564 0.0240468 0.00802912 0.529795
0.00907395 0.0702504 0.0847128 0.351084 9.9973E-05 0.0273535 9.9973E-05 9.9973E-05 0.457226
9.9973E-05 9.9973E-05 0.00388906 0.533764 0.0711685 9.9973E-05 0.000240631 0.073458 0.31718
0.0171077 0.0604881 0.0131305 0.256891 0.0420894 0.0642878 0.0524705 0.00584002 0.487695
0.0580676 0.264833 9.9955E-05 9.9955E-05 0.0799432 0.596657 9.9955E-05 9.9955E-05 9.9955E-05
0.0932751 0.16541 0.00357855 0.0269755 0.0203108 0.690151 9.9973E-05 9.9973E-05 9.9973E-05
0.169585 0.107257 9.9955E-05 9.9955E-05 0.0304016 0.692256 9.9955E-05 9.9955E-05 9.9955E-05
0.10978 0.125785 9.9955E-05 9.9955E-05 0.0599927 0.703942 9.9955E-05 9.9955E-05 9.9955E-05
0.0485475 0.160335 0.0129726 0.0179428 0.0546087 0.699233 9.9982E-05 9.9982E-05 0.00616074
9.9964E-05 0.0258851 0.163718 0.625897 9.9964E-05 0.0784279 9.9964E-05 9.9964E-05 0.105672
