0.0447363 9.9955E-05 9.9955E-05 0.0404793 0.851446 9.9955E-05 9.9955E-05 9.9955E-05 0.0628385
0.0224102 9.9955E-05 9.9955E-05 0.00965316 0.951647 9.9955E-05 9.9955E-05 9.9955E-05 0.01579
0.0219123 0.042342 0.0033403 0.0186317 0.843774 0.0696995 9.9973E-05 9.9973E-05 9.9973E-05
0.0477154 9.9955E-05 9.9955E-05 9.9955E-05 0.780889 0.138705 9.9955E-05 0.0321911 9.9955E-05
0.00628104 9.9955E-05 9.9955E-05 9.9955E-05 0.910461 0.062016 9.9955E-05 0.0207419 9.9955E-05
0.0114225 0.146358 0.00994913 0.0388274 0.613297 0.0842173 9.9991E-05 0.0662586 0.0295699
0.0358921 0.161581 0.00442841 9.9973E-05 0.742938 0.00505525 9.9973E-05 0.0498051 9.9973E-05
0.0274685 0.139757 9.9982E-05 0.0138567 0.690947 0.0233739 9.9982E-05 0.0837351 0.0206617
0.00842493 0.054371 9.99639E-05 9.99639E-05 0.811324 9.99639E-05 9.99639E-05 0.1045 0.0209808
9.9973E-05 0.103687 9.9973E-05 0.010962 0.774563 0.0589764 9.9973E-05 0.0485071 0.00300415
9.9955E-05 0.144368 9.9955E-05 9.9955E-05 0.728564 0.0912986 9.9955E-05 0.03527 9.9955E-05
9.9955E-05 9.9955E-05 9.9955E-05 0.00106319 0.00855296 0.0223484 9.9955E-05 9.9955E-05 0.967536
0.015657 9.9973E-05 9.9973E-05 0.024012 0.0378508 0.439487 0.0195226 9.9973E-05 0.463171
9.9946E-05 9.9946E-05 9.9946E-05 0.0849284 9.9946E-05 0.0258431 9.9946E-05 9.9946E-05 0.888629
0.00305252 9.9955E-05 9.9955E-05 0.11568 9.9955E-05 0.043259 9.9955E-05 9.9955E-05 0.837509
9.9955E-05 9.9955E-05 9.9955E-05 0.105715 0.0541347 0.271145 9.9955E-05 9.9955E-05 0.568506
0.0154118 0.00484938 9.9973E-05 0.0533681 0.0378034 0.46398 9.9973E-05 9.9973E-05 0.424288
0.0320806 9.9973E-05 0.010167 0.0487545 9.9973E-05 0.324837 0.000984781 9.9973E-05 0.582876
0.00734114 0.00261458 9.9973E-05 0.0545923 0.0764183 0.0914862 9.9973E-05 9.9973E-05 0.767248
9.9946E-05 0.0124818 9.9946E-05 9.9946E-05 9.9946E-05 9.9946E-05 9.9946E-05 0.0318194 0.955099
0.0135638 0.0435705 0.030953 0.017858 0.0143019 0.324132 0.00632192 9.9991E-05 0.549199
9.9973E-05 0.159712 0.0386994 0.0505579 9.9973E-05 0.321453 0.0313783 9.9973E-05 0.397899
0.0347538 0.0100108 0.126904 0.0187687 0.021211 0.448363 0.00294442 0.0242794 0.312766
9.9946E-05 9.9946E-05 9.9946E-05 0.046422 0.0117804 9.9946E-05 9.9946E-05 9.9946E-05 0.941198
0.0158257 0.0315391 9.9991E-05 0.0581998 0.083615 0.589606 0.0844575 0.00927455 0.127382
0.021146 9.9964E-05 9.9964E-05 0.0027609 0.00988156 0.448147 9.9964E-05 9.9964E-05 0.517665
9.9946E-05 9.9946E-05 9.9946E-05 9.9946E-05 0.0286929 0.0225337 9.9946E-05 9.9946E-05 0.948174
9.9946E-05 9.9946E-05 9.9946E-05 0.0839771 9.9946E-05 0.0178022 9.9946E-05 9.9946E-05 0.897621
9.9946E-05 0.0181 9.9946E-05 9.9946E-05 9.9946E-05 0.00903194 9.9946E-05 9.9946E-05 0.972268
0.999201 9.993E-05 9.993E-05 9.993E-05 9.993E-05 9.993E-05 9.993E-05 9.993E-05 9.993E-05
0.999201 9.993E-05 9.993E-05 9.993E-05 9.993E-05 9.993E-05 9.993E-05 9.993E-05 9.993E-05
0.379501 9.9964E-05 9.9964E-05 0.0875489 0.477774 0.0368303 9.9964E-05 0.0179449 9.9964E-05
0.301705 9.9964E-05 9.9964E-05 0.0745777 0.4878 0.131526 0.00399154 9.9964E-05 9.9964E-05
0.0145645 0.107657 0.179306 9.9982E-05 0.0727076 0.515773 9.9982E-05 0.0389583 0.0708332
0.044229 9.9991E-05 0.242857 0.0359361 0.0447616 0.530894 0.0184568 0.00292801 0.0798376
9.9973E-05 0.0207385 0.401922 0.00178197 0.017901 0.555228 9.9973E-05 0.00212826 9.9973E-05
0.00648072 9.9982E-05 0.00819988 9.9982E-05 0.0409668 0.061794 0.0505934 0.282782 0.548983
0.0231137 0.104606 0.599678 0.0223988 9.9973E-05 0.235715 0.0141883 9.9973E-05 9.9973E-05
0.0243007 9.9982E-05 0.21041 0.0565119 0.0786997 0.464882 9.9982E-05 0.0451028 0.119893
9.9955E-05 0.0313763 0.232064 9.9955E-05 0.0332262 0.702834 9.9955E-05 9.9955E-05 9.9955E-05
0.0102177 0.231356 0.0387003 9.9982E-05 0.0539723 0.528558 9.9982E-05 0.0540411 0.0829549
0.0256454 0.0646968 0.0972718 9.9991E-05 0.08071 0.571284 0.0181127 0.0184379 0.123741
9.9964E-05 9.9964E-05 0.642445 9.9964E-05 0.0373533 0.115058 9.9964E-05 0.0319209 0.172823
0.0075427 0.21396 9.9973E-05 9.9973E-05 0.0332779 0.670898 9.9973E-05 0.0376424 0.0363785
9.9982E-05 0.0504628 0.232311 0.067194 0.0474424 0.518453 0.023825 9.9982E-05 0.0601121
0.0494596 0.0865652 0.114823 0.0343365 0.0878513 0.57948 9.9982E-05 0.0472846 9.9982E-05
9.9955E-05 0.0232433 0.600915 9.9955E-05 9.9955E-05 0.342481 0.0328604 9.9955E-05 9.9955E-05
0.0261912 9.9964E-05 0.275417 9.9964E-05 0.0924139 0.59236 9.9964E-05 9.9964E-05 0.0132179
0.00990114 0.0428269 0.186758 0.0547334 0.135212 0.514089 0.0116454 0.0447339 9.9991E-05
9.9946E-05 0.300127 0.678493 9.9946E-05 9.9946E-05 9.9946E-05 0.0207801 9.9946E-05 9.9946E-05
9.9973E-05 0.0459081 0.0794053 9.9973E-05 9.9973E-05 0.0950871 0.0346426 0.29778 0.446877
9.9982E-05 0.240659 0.0816924 0.0177259 9.9982E-05 0.0902299 0.176475 0.0221314 0.370887
0.0287833 0.0563883 0.0586975 0.0821151 0.0312585 0.526424 0.0461309 0.0453659 0.124836
9.999E-05 0.0428997 0.0316494 0.0589505 0.0791742 0.569728 0.0329274 0.0706994 0.113871
0.0360774 0.0562512 0.00848507 0.072154 0.0489554 0.535684 0.0780038 9.9991E-05 0.164289
0.00785538 0.0627484 0.0970195 9.9982E-05 0.105532 0.155236 9.9982E-05 0.212915 0.358493
0.0441659 9.9973E-05 0.0119562 9.9973E-05 9.9973E-05 0.48723 0.00905386 0.141049 0.306245
0.01707 0.0415351 0.10989 0.0130921 0.0517958 0.558854 0.022243 0.0242688 0.161251
0.0160054 0.0310923 0.0653216 0.0394365 0.0829357 0.309583 0.0800528 0.0855614 0.290012
0.0197682 0.0945839 0.0661119 9.9982E-05 0.145469 0.0261738 9.9982E-05 0.123488 0.524205
0.0480715 0.136875 0.0371197 0.0388876 9.9982E-05 0.491445 9.9982E-05 0.0622598 0.185141
0.0166816 0.0281198 0.0222874 0.00418646 0.0534798 0.459397 0.0639587 0.0806476 0.271241
0.064583 0.104057 0.0602278 9.9973E-05 0.00881273 9.9973E-05 9.9973E-05 0.186839 0.575181
9.9964E-05 9.9964E-05 0.0651475 9.9964E-05 9.9964E-05 0.342926 0.0577249 0.11557 0.418232
9.999E-05 0.0243205 0.0557988 0.0432518 0.0390323 0.556125 0.138461 0.0326066 0.110305
0.0344001 0.0602973 0.0212516 9.9991E-05 0.0556471 0.616579 0.0326178 0.0493009 0.129806
0.0569741 0.0418048 0.0969156 0.0362018 0.00386653 0.172293 0.0152493 0.0670513 0.509643
0.0214346 0.0527913 0.0378081 0.0453933 9.9991E-05 0.403152 0.0583745 0.117339 0.263607
0.0208969 0.0282743 0.0769105 0.0359348 0.0180954 0.510071 0.0325863 0.068637 0.208594
0.0302818 0.0601988 0.0691127 9.9982E-05 9.9982E-05 0.131142 0.0358785 0.147699 0.525487
9.9955E-05 9.9955E-05 0.439336 9.9955E-05 0.0303542 0.448629 9.9955E-05 9.9955E-05 0.0811818
0.0163666 9.9964E-05 0.652786 9.9964E-05 0.0158349 0.178163 9.9964E-05 9.9964E-05 0.136449
0.0306705 9.9991E-05 0.275391 0.0240886 0.0858691 0.489681 0.0376789 0.0322052 0.0243156
9.9946E-05 0.0907495 0.829925 9.9946E-05 9.9946E-05 9.9946E-05 0.0787257 9.9946E-05 9.9946E-05
9.9946E-05 0.109107 0.844632 9.9946E-05 9.9946E-05 9.9946E-05 0.0456615 9.9946E-05 9.9946E-05
9.9964E-05 0.00626043 0.695972 0.00105548 9.9964E-05 0.220905 0.0754072 9.9964E-05 9.9964E-05
0.03992 9.9973E-05 0.418464 9.9973E-05 0.0121218 0.463524 9.9973E-05 0.0579052 0.00776533
0.0204198 9.9991E-05 0.172333 0.022393 0.0997256 0.543747 0.0781062 0.0213368 0.0418382
9.9964E-05 0.00276668 0.489232 0.0473948 9.9964E-05 0.417496 0.0427108 9.9964E-05 9.9964E-05
9.9964E-05 9.9964E-05 0.594912 9.9964E-05 0.0558157 0.137807 9.9964E-05 0.0804116 0.130654
9.9964E-05 9.9964E-05 0.523773 9.9964E-05 9.9964E-05 0.238247 0.00724458 0.0727978 0.157538
9.9973E-05 9.9973E-05 0.2585 0.056033 0.110255 0.52532 0.0132931 0.0362995 9.9973E-05
9.9955E-05 9.9955E-05 0.504014 9.9955E-05 0.0330446 0.306458 9.9955E-05 9.9955E-05 0.155983
0.02884 9.9955E-05 0.484196 9.9955E-05 9.9955E-05 0.413939 9.9955E-05 9.9955E-05 0.0725258
9.9955E-05 0.0344542 0.462706 9.9955E-05 9.9955E-05 0.430532 0.0718083 9.9955E-05 9.9955E-05
9.9946E-05 0.210876 0.673865 9.9946E-05 9.9946E-05 9.9946E-05 0.114658 9.9946E-05 9.9946E-05
0.0110366 0.0393633 0.265124 0.0054187 0.0568884 0.616899 0.00387833 0.00129185 9.9991E-05
0.0541661 9.9973E-05 0.00158776 9.9973E-05 0.77871 0.0509225 9.9973E-05 0.0707646 0.0435494
0.0662245 9.9946E-05 9.9946E-05 9.9946E-05 0.863535 0.0696405 9.9946E-05 9.9946E-05 9.9946E-05
0.0339972 9.9955E-05 9.9955E-05 0.0263143 0.831719 0.10747 9.9955E-05 9.9955E-05 9.9955E-05
0.0266369 9.9955E-05 9.9955E-05 0.0486973 0.901072 0.0230937 9.9955E-05 9.9955E-05 9.9955E-05
0.0247251 9.9955E-05 9.9955E-05 0.010044 0.944745 9.9955E-05 0.0199862 9.9955E-05 9.9955E-05
0.0224793 9.9964E-05 9.9964E-05 0.0382019 0.846862 0.0692817 0.0227748 9.9964E-05 9.9964E-05
0.032312 9.9946E-05 9.9946E-05 9.9946E-05 0.888398 0.0786903 9.9946E-05 9.9946E-05 9.9946E-05
0.0266199 9.9991E-05 0.182684 0.00964497 0.066228 0.57065 0.0529144 0.0496051 0.0415528
0.04144 9.9991E-05 0.139486 0.0756226 0.108905 0.551129 0.0252887 0.0386899 0.0193382
9.9973E-05 9.9973E-05 0.674751 9.9973E-05 0.0637119 0.00226023 0.0263267 0.087597 0.145053
0.0211674 0.0162876 0.143924 0.0341024 0.0703534 0.569857 0.0706947 0.0303754 0.0432373
0.0120123 9.9973E-05 0.433289 9.9973E-05 0.00683062 0.37762 9.9973E-05 0.0693483 0.100601
0.0154614 9.9964E-05 0.366102 9.9964E-05 0.0606156 0.507579 9.9964E-05 0.0498421 9.9964E-05
0.0145585 0.0857292 0.22536 0.0124939 0.00357258 0.541516 0.0669501 9.9991E-05 0.0497192
0.0307907 9.9991E-05 0.352278 0.0485504 0.000507558 0.495844 0.032061 0.0148998 0.0249694
9.9955E-05 9.9955E-05 0.674106 9.9955E-05 0.0350181 9.9955E-05 9.9955E-05 0.117509 0.172867
0.0158604 0.0107892 0.20493 0.0572048 0.0812715 0.508861 0.055377 0.0109369 0.0547698
9.9973E-05 0.00244268 0.204521 9.9973E-05 0.0566171 0.650119 9.9973E-05 0.0478078 0.0381923
0.0054425 0.0541856 0.165246 0.0629481 0.0697143 0.546041 0.0334802 0.0426976 0.0202446
0.00353419 0.118982 0.480652 0.0311518 9.9991E-05 0.235278 0.0886712 0.024122 0.0175089
0.0167736 9.9964E-05 0.39034 0.00961447 9.9964E-05 0.47632 0.106552 9.9964E-05 9.9964E-05
9.9964E-05 9.9964E-05 0.41081 9.9964E-05 0.0137921 0.453149 9.9964E-05 0.0526034 0.0692455
9.9955E-05 9.9955E-05 0.590702 0.00547678 9.9955E-05 0.357066 0.0462561 9.9955E-05 9.9955E-05
9.9964E-05 9.9964E-05 0.362899 9.9964E-05 0.0545008 0.443911 9.9964E-05 0.0590222 0.0792674
0.0031671 0.0277301 0.165843 0.0863557 0.0499692 0.50901 0.0474987 0.107822 0.00260378
0.01557 0.0939782 9.9982E-05 0.0673826 9.9982E-05 0.240219 0.137578 0.24466 0.200413
9.9982E-05 0.0674311 0.00895459 9.9982E-05 0.0551719 0.421653 0.006398 0.249534 0.190658
0.0228891 0.103594 0.0211806 0.0575492 0.0493522 0.51153 0.00440341 0.119893 0.109608
0.0148025 0.0711743 0.0611495 0.0121769 0.0307121 0.594971 0.0112988 0.153253 0.050462
0.00492425 0.00785899 0.0603907 9.9982E-05 0.0420124 0.453135 9.9982E-05 0.225346 0.206133
0.00197747 0.0206865 0.00477946 9.9991E-05 0.0697723 0.567095 0.0699983 0.0832871 0.182304
0.00110424 9.9973E-05 9.9973E-05 9.9973E-05 0.0563238 0.420519 0.0476072 0.238482 0.235664
0.035924 0.0714105 0.0193097 0.0534101 0.0183965 0.468789 0.126352 0.105954 0.100454
0.00517842 9.9991E-05 0.0176022 0.0385752 0.0514162 0.570276 0.0673463 0.11374 0.135766
9.9973E-05 0.0322135 9.9973E-05 9.9973E-05 0.0383269 0.568078 0.0222311 0.201408 0.137443
0.00409333 0.0127214 0.0355382 9.9982E-05 9.9982E-05 0.518688 0.0529703 0.200783 0.175006
0.0149467 0.0222586 9.9991E-05 0.0221891 0.0682737 0.617396 0.101612 0.0482673 0.104957
0.00742646 0.0345484 0.010023 0.081561 0.0731427 0.570307 0.0361816 0.136314 0.0504959
0.00653242 0.00457804 0.00614776 0.0422651 0.000868681 0.585767 0.116136 0.0914487 0.146256
0.0108425 0.0706521 0.0051215 0.072536 0.0787737 0.562488 0.0904173 0.0997971 0.00937183
0.00655226 0.0514728 9.9982E-05 0.0394546 9.9982E-05 0.574383 0.143034 0.0965238 0.0883794
0.0127481 0.151429 0.0266507 0.074615 0.0031536 0.28905 0.10435 0.176966 0.161036
9.9991E-05 0.00745371 0.0213736 0.0499165 0.0482008 0.61864 0.0771111 0.121916 0.0552885
0.0151895 0.0604769 9.9973E-05 0.02096 9.9973E-05 0.657316 0.0685691 0.177188 9.9973E-05
9.9991E-05 0.0050851 0.114922 0.0249719 0.0149612 0.121519 0.0262761 0.270679 0.421486
9.9982E-05 0.189016 0.0426551 0.0291713 9.9982E-05 0.0616474 0.23013 0.112734 0.334446
0.000563252 0.0288478 0.0275368 0.0285679 0.0475998 0.446569 0.0422312 0.126243 0.251841
9.9973E-05 0.198811 0.082734 9.9973E-05 9.9973E-05 0.0445379 0.261767 0.18887 0.22298
0.0160702 9.9973E-05 0.00790344 9.9973E-05 9.9973E-05 0.242646 0.0441052 0.204334 0.484641
0.00376391 9.9973E-05 0.0356906 9.9973E-05 9.9973E-05 0.38788 0.0359749 0.225505 0.310885
0.0145235 9.9973E-05 0.0708424 9.9973E-05 9.9973E-05 0.326394 0.0092298 0.253187 0.325523
9.9964E-05 9.9964E-05 0.00412386 9.9964E-05 9.9964E-05 0.291165 0.04319 0.249414 0.411707
0.0233498 0.0228207 0.0359106 9.9991E-05 0.0453954 0.54841 0.0304657 0.11841 0.175138
9.9991E-05 0.0463241 0.0239818 0.084514 0.0847225 0.513718 0.0304922 0.0955899 0.120557
9.9982E-05 9.9982E-05 0.0381675 0.0155799 0.0312764 0.587113 0.061202 0.151985 0.114476
9.9973E-05 0.172687 0.0490053 9.9973E-05 9.9973E-05 0.140976 0.182796 0.176625 0.277612
0.0313531 0.113032 0.0695656 0.0430039 0.0728212 0.551635 9.9991E-05 0.0898425 0.0286465
0.000618888 0.232624 9.9973E-05 9.9973E-05 0.0746739 0.526864 0.123847 0.0410722 9.9973E-05
0.000368899 0.597517 0.149727 9.9982E-05 0.0580829 9.9982E-05 0.111173 0.0766384 0.00629293
0.0197727 0.162379 0.0228369 0.0323296 0.0332245 0.640892 0.00596469 9.9991E-05 0.0824998
0.0355674 0.313595 0.0994202 0.0310909 0.0143588 0.292223 0.0968578 0.0135336 0.103353
0.0518502 0.150887 0.0224142 0.0876128 0.0577711 0.440856 0.0854333 0.0175195 0.0856554
0.00834265 0.405475 0.0543488 9.9991E-05 0.0210093 0.254453 0.0633216 0.135617 0.057333
0.0189032 0.516288 0.0878976 9.9991E-05 0.00979398 0.0925468 0.112495 0.108947 0.0530288
0.00474744 0.280159 0.0568282 0.0110827 0.00909753 0.386175 0.0990804 0.068908 0.0839217
0.0229404 0.165148 0.0473665 0.0556565 0.0803107 0.429945 0.00427987 0.0378313 0.156522
0.0399617 0.165206 0.0390914 0.0455497 0.136515 0.37093 0.0514056 0.051665 0.0996755
0.0173191 0.386168 0.126081 0.0568894 9.9982E-05 0.040355 0.139984 9.9982E-05 0.233003
0.0298299 0.0796599 0.0475783 0.0821323 0.0138507 0.490436 0.105491 0.039488 0.111533
9.9973E-05 0.359367 0.0816428 9.9973E-05 9.9973E-05 0.296194 0.119556 0.0279588 0.114981
9.9973E-05 0.237842 0.066597 9.9973E-05 9.9973E-05 0.419303 0.132738 0.0397614 0.103458
0.0106627 0.097588 0.0375913 0.0504068 0.111787 0.543895 0.0275765 0.0754326 0.0450608
0.0352554 0.26531 9.9973E-05 0.232315 0.278215 0.150368 9.9973E-05 9.9973E-05 0.0382371
0.0102548 0.462664 9.9955E-05 0.134339 0.392242 9.9955E-05 9.9955E-05 9.9955E-05 9.9955E-05
0.0187887 0.490218 9.9955E-05 0.122366 0.368128 9.9955E-05 9.9955E-05 9.9955E-05 9.9955E-05
0.0218456 0.331262 9.9973E-05 0.230685 0.292006 0.109214 9.9973E-05 0.0146873 9.9973E-05
0.00544184 0.178089 0.106238 9.9973E-05 9.9973E-05 0.594388 0.075367 9.9973E-05 0.0401761
9.9991E-05 0.0652169 0.0892001 0.0598787 0.0707607 0.553505 0.0389414 0.106291 0.0161057
9.9955E-05 9.9955E-05 0.0105904 0.694992 9.9955E-05 0.265013 9.9955E-05 9.9955E-05 0.0289053
0.0177945 0.0243387 9.9973E-05 0.417768 9.9973E-05 0.397282 9.9973E-05 0.0739053 0.0686117
0.0406952 9.9982E-05 0.0613198 0.405325 0.0337767 0.380633 0.0160413 0.0620093 9.9982E-05
9.9964E-05 0.439014 0.0466461 9.9964E-05 9.9964E-05 0.259396 0.157898 9.9964E-05 0.0966462
0.0020934 0.215409 0.0213435 0.0846973 0.0676635 0.462837 0.0354368 0.0601976 0.0503222
9.9955E-05 0.450235 9.9955E-05 9.9955E-05 9.9955E-05 0.222437 0.138817 9.9955E-05 0.188012
0.0130494 0.252734 9.9973E-05 9.9973E-05 0.0192336 0.547402 0.0803346 9.9973E-05 0.0869463
9.9973E-05 0.257798 9.9973E-05 0.0578693 0.000360582 0.428401 0.160211 9.9973E-05 0.0950597
9.9964E-05 0.302574 0.0355597 9.9964E-05 9.9964E-05 0.574968 0.068641 0.0178575 9.9964E-05
9.9964E-05 0.582256 0.0684284 9.9964E-05 9.9964E-05 0.218925 0.0971799 9.9964E-05 0.0328104
0.038376 0.132015 0.0669486 0.0115675 0.0484208 0.65517 0.0473018 9.9982E-05 9.9982E-05
0.0354397 0.149246 0.0338387 9.9982E-05 0.0719781 0.625745 0.0288783 9.9982E-05 0.0546739
9.9955E-05 9.9955E-05 0.0176189 0.962381 0.0137101 0.0057898 9.9955E-05 9.9955E-05 9.9955E-05
9.9964E-05 9.9964E-05 9.9964E-05 0.901148 9.9964E-05 0.0352085 0.0259505 0.00336841 0.0339249
0.0288344 9.9991E-05 0.00493941 0.510702 0.0252202 0.285991 0.0370676 0.0107612 0.0963846
9.9946E-05 9.9946E-05 9.9946E-05 0.616701 9.9946E-05 0.343563 9.9946E-05 0.0391358 9.9946E-05
0.0109364 9.9973E-05 0.0248896 0.822158 9.9973E-05 0.0887816 9.9973E-05 0.0192123 0.0337217
9.993E-05 9.993E-05 9.993E-05 0.999201 9.993E-05 9.993E-05 9.993E-05 9.993E-05 9.993E-05
0.00414521 9.9955E-05 9.9955E-05 0.952236 9.9955E-05 9.9955E-05 9.9955E-05 0.0225135 0.0206054
9.9955E-05 9.9955E-05 0.00328159 0.824833 9.9955E-05 0.159679 9.9955E-05 9.9955E-05 0.0117071
0.00722187 9.9955E-05 9.9955E-05 0.917294 9.9955E-05 9.9955E-05 9.9955E-05 0.0271753 0.0478096
9.993E-05 9.993E-05 9.993E-05 0.999201 9.993E-05 9.993E-05 9.993E-05 9.993E-05 9.993E-05
9.993E-05 9.993E-05 9.993E-05 0.999201 9.993E-05 9.993E-05 9.993E-05 9.993E-05 9.993E-05
0.0259935 9.9964E-05 0.00326199 0.733987 9.9964E-05 0.215701 9.9964E-05 0.0206564 9.9964E-05
9.9964E-05 9.9964E-05 9.9964E-05 0.779977 0.0540542 0.121247 9.9964E-05 0.00454398 0.0397772
9.993E-05 9.993E-05 9.993E-05 0.999201 9.993E-05 9.993E-05 9.993E-05 9.993E-05 9.993E-05
0.0100044 0.0288521 0.0210429 0.403867 0.0495677 0.308395 0.00648401 0.119408 0.0523781
0.0335993 9.9982E-05 0.00855555 0.655583 0.00462932 0.226176 9.9982E-05 0.0686284 0.00262863
9.9955E-05 9.9955E-05 0.0369447 0.796199 0.0373886 0.128968 9.9955E-05 9.9955E-05 9.9955E-05
0.00171753 9.9964E-05 0.0211895 0.874276 9.9964E-05 0.0931714 9.9964E-05 9.9964E-05 0.00924546
9.993E-05 9.993E-05 9.993E-05 0.999201 9.993E-05 9.993E-05 9.993E-05 9.993E-05 9.993E-05
9.9937E-05 9.9937E-05 9.9937E-05 0.957474 9.9937E-05 0.0418264 9.9937E-05 9.9937E-05 9.9937E-05
0.0252831 9.9937E-05 9.9937E-05 0.974017 9.9937E-05 9.9937E-05 9.9937E-05 9.9937E-05 9.9937E-05
0.0160546 9.9973E-05 0.0331536 0.602309 0.0468924 0.246393 9.9973E-05 9.9973E-05 0.054897
0.0107431 9.9955E-05 0.0192681 0.967059 0.00242995 9.9955E-05 9.9955E-05 9.9955E-05 9.9955E-05
9.9964E-05 0.671176 9.9964E-05 0.0556351 0.221643 0.00108459 0.0500612 9.9964E-05 9.9964E-05
0.00742299 0.305003 9.9982E-05 0.0817549 0.13882 0.357361 9.9982E-05 0.0655575 0.0438801
0.0181791 0.309768 9.9982E-05 0.0240177 0.118818 0.499904 0.0195039 0.00960875 9.9982E-05
0.0128379 0.547226 9.9973E-05 0.0811685 0.10256 0.225706 9.9973E-05 0.0302011 9.9973E-05
0.0370363 0.183268 0.0641211 0.155939 0.0321009 0.379784 9.9991E-05 0.0571006 0.0905505
0.0182007 0.549513 9.9991E-05 0.0931784 0.153429 0.146593 0.015298 0.00192455 0.0217634
0.00666386 0.218715 9.9991E-05 0.0510702 0.167384 0.456954 0.0608582 0.0136644 0.0245899
0.00420617 0.394614 9.9964E-05 0.0955203 0.154141 0.351118 9.9964E-05 9.9964E-05 9.9964E-05
9.9964E-05 0.249847 9.9964E-05 0.0883402 0.124106 0.510671 9.9964E-05 0.0266363 9.9964E-05
0.0270459 0.352362 9.9973E-05 0.122602 0.102664 0.359325 9.9973E-05 9.9973E-05 0.0357024
0.0297022 0.170986 0.0135615 0.12581 0.131673 0.443421 0.0199701 9.9991E-05 0.0647761
0.00659663 0.0314445 0.000630955 9.9973E-05 0.887671 0.0578511 9.9973E-05 0.0155064 9.9973E-05
0.0260087 9.9964E-05 0.020275 0.0511431 0.87592 9.9964E-05 0.0262533 9.9964E-05 9.9964E-05
0.0285611 9.9955E-05 9.9955E-05 9.9955E-05 0.915162 0.0230499 9.9955E-05 0.0327274 9.9955E-05
0.00373523 0.0161015 9.9955E-05 9.9955E-05 0.961228 9.9955E-05 9.9955E-05 9.9955E-05 0.0184353
0.0455535 9.9955E-05 9.9955E-05 9.9955E-05 0.869974 0.0431426 9.9955E-05 9.9955E-05 0.0408303
0.0383715 9.9955E-05 9.9955E-05 0.00182954 0.950912 9.9955E-05 9.9955E-05 9.9955E-05 0.00838675
0.0569077 9.9955E-05 9.9955E-05 9.9955E-05 0.869933 0.0576029 9.9955E-05 0.0150566 9.9955E-05
0.0477188 9.9964E-05 9.9964E-05 9.9964E-05 0.882648 9.9964E-05 0.0156389 0.0181562 0.0354387
0.0280925 0.0148291 0.0107779 0.00146765 0.887047 0.0290944 9.9982E-05 9.9982E-05 0.0284913
0.039211 0.0498839 9.9973E-05 0.00890367 0.868927 0.0209109 0.0118639 9.9973E-05 9.9973E-05
9.9964E-05 0.0993886 0.0266482 9.9964E-05 0.583575 9.9964E-05 9.9964E-05 0.236217 0.0537708
0.0186905 0.0506871 0.00984533 9.9973E-05 0.594943 9.9973E-05 9.9973E-05 0.256027 0.0695071
0.0115018 0.075261 0.00501842 9.9982E-05 0.50416 9.9982E-05 0.00619877 0.200992 0.196668
9.9964E-05 0.0919281 0.00341092 9.9964E-05 0.429242 9.9964E-05 9.9964E-05 0.253932 0.221087
0.0274128 0.0140472 0.245474 9.9982E-05 0.0626686 0.459854 9.9982E-05 0.0877321 0.102611
9.9982E-05 9.9982E-05 0.241062 0.026421 0.0500757 0.484099 0.0178366 0.0561283 0.124178
9.9973E-05 9.9973E-05 0.188109 0.00060755 0.0382626 0.512393 9.9973E-05 0.093007 0.16732
0.0320636 9.9982E-05 0.238169 9.9982E-05 0.000667356 0.313675 0.0180589 0.190896 0.206271
9.9973E-05 9.9973E-05 0.0490192 0.00586031 9.9973E-05 0.121005 0.0547897 0.33206 0.436966
9.9973E-05 9.9973E-05 0.212095 9.9973E-05 0.0629563 0.647536 0.00770873 0.0534585 0.0159454
9.9964E-05 9.9964E-05 0.280359 0.0189819 9.9964E-05 0.610946 9.9964E-05 0.0755463 0.0137669
0.0191967 0.0664233 0.282706 0.0165655 9.9982E-05 0.511008 0.0704936 0.0334066 9.9982E-05
9.9964E-05 0.00955985 0.502409 0.0052042 9.9964E-05 0.360108 0.122319 9.9964E-05 9.9964E-05
0.00586675 0.00942363 0.114176 0.0197736 0.0863482 0.650949 0.061897 0.0514656 9.9991E-05
9.9973E-05 9.9973E-05 0.457986 0.0113216 0.0154748 0.397639 9.9973E-05 0.0436109 0.0736675
9.9946E-05 0.0674438 0.783815 9.9946E-05 9.9946E-05 9.9946E-05 0.148142 9.9946E-05 9.9946E-05
0.0450271 0.0128292 0.144567 0.041423 0.0183676 0.537691 0.0268957 0.0670147 0.106185
9.9955E-05 0.103525 0.646313 9.9955E-05 9.9955E-05 0.157804 0.0918589 9.9955E-05 9.9955E-05
0.0084933 9.9991E-05 0.312956 0.0134473 0.028481 0.522038 0.0737818 0.0261678 0.0145348
9.9964E-05 9.9964E-05 0.614619 9.9964E-05 0.00601921 0.108352 9.9964E-05 0.0854522 0.185157
9.9955E-05 0.0601508 9.9955E-05 9.9955E-05 0.103822 0.00427165 9.9955E-05 0.831256 9.9955E-05
9.9955E-05 0.0507844 9.9955E-05 9.9955E-05 0.0535604 0.0697281 9.9955E-05 0.825427 9.9955E-05
9.9964E-05 0.0540337 0.0138575 9.9964E-05 0.0604172 0.0439266 9.9964E-05 0.827365 9.9964E-05
9.9955E-05 0.0516238 0.0283646 9.9955E-05 0.0989616 9.9955E-05 9.9955E-05 0.82055 9.9955E-05
9.9955E-05 0.0165291 9.9955E-05 9.9955E-05 0.0312059 0.123272 9.9955E-05 0.828493 9.9955E-05
0.000655268 0.0567269 9.9964E-05 0.0529741 9.9964E-05 0.0984819 9.9964E-05 0.790762 9.9964E-05
9.9955E-05 9.9955E-05 0.0337277 0.0606828 0.877761 0.0273285 9.9955E-05 9.9955E-05 9.9955E-05
9.9964E-05 9.9964E-05 0.0347931 0.0060126 0.840518 0.113271 9.9964E-05 0.00500592 9.9964E-05
0.0121915 9.9973E-05 9.9973E-05 0.0110893 0.778589 0.149675 0.0216757 9.9973E-05 0.0264791
9.9955E-05 9.9955E-05 0.0617706 0.0740554 0.841528 9.9955E-05 9.9955E-05 9.9955E-05 0.0221458
0.0225504 0.000797854 0.0253921 0.0416706 0.769514 0.125392 9.9982E-05 9.9982E-05 0.0144832
0.00685858 0.10218 0.0112632 9.9973E-05 0.356899 9.9973E-05 9.9973E-05 0.518367 0.00413261
0.027693 0.0696256 9.9973E-05 0.0172287 0.387837 9.9973E-05 0.0182991 0.479017 9.9973E-05
0.0275892 0.0145124 9.9991E-05 0.0010634 0.416458 0.0376283 0.0324658 0.467189 0.00299399
0.999201 9.993E-05 9.993E-05 9.993E-05 9.993E-05 9.993E-05 9.993E-05 9.993E-05 9.993E-05
0.0273004 0.00746984 0.0780208 0.00168734 0.357451 9.9982E-05 0.0384244 0.489446 9.9982E-05
0.00956171 0.179476 9.9973E-05 0.277631 0.224019 0.297127 0.0118843 9.9973E-05 9.9973E-05
9.9982E-05 0.0826043 9.9982E-05 0.231364 0.117166 0.482202 0.0146599 0.0587124 0.0130913
9.9964E-05 0.0173029 0.00846018 0.210463 0.201269 0.562105 9.9964E-05 9.9964E-05 9.9964E-05
9.9982E-05 0.111272 0.0237441 0.273078 0.264149 0.308157 0.00856234 9.9982E-05 0.0108374
0.0355461 0.0583394 0.000645088 0.131721 0.137197 0.505943 0.0233952 0.0624212 0.0447922
0.0325086 0.299166 9.9964E-05 0.292105 0.365477 9.9964E-05 0.0103432 9.9964E-05 9.9964E-05
0.00407495 0.029738 0.00138029 9.9982E-05 9.9982E-05 0.413709 0.0348908 0.253977 0.26203
9.9973E-05 0.105055 0.0346796 9.9973E-05 9.9973E-05 0.416657 0.183944 0.11184 0.147524
0.00539717 0.00429851 0.0513819 9.9991E-05 0.000438812 0.178096 0.0216441 0.203031 0.535613
9.9973E-05 0.0656498 0.0368552 9.9973E-05 9.9973E-05 0.503406 0.194408 0.0761502 0.12323
9.9964E-05 0.303689 0.0641663 9.9964E-05 9.9964E-05 9.9964E-05 0.337114 0.157748 0.136883
0.0348853 0.0617807 0.0379017 0.0228741 0.025897 0.563436 0.025823 0.0573027 0.170099
0.00331978 0.0469175 0.0535308 0.0573313 9.9991E-05 0.492568 0.142519 0.110974 0.0927388
0.00774514 0.0576364 0.0286453 9.9991E-05 0.00561365 0.297937 0.034718 0.199552 0.368052
0.0284742 0.0271803 0.0797157 0.0228718 0.0832327 0.499616 0.0206146 0.101058 0.137237
9.9973E-05 0.246295 0.0969644 9.9973E-05 9.9973E-05 0.0314411 0.14872 0.0479822 0.428297
9.9982E-05 0.12077 0.0603426 0.0143244 9.9982E-05 0.507792 0.0947232 0.0764324 0.125415
9.9982E-05 9.9982E-05 0.0487089 0.0116635 0.013978 0.46376 0.0731678 0.165724 0.222798
9.9991E-05 0.117957 0.0509315 0.144809 0.105193 0.352928 0.0694378 0.0149572 0.143686
0.00102019 0.120602 0.103352 0.00848548 9.9991E-05 0.269981 0.131855 0.0773992 0.287204
9.9982E-05 0.12218 0.117156 0.0104829 9.9982E-05 0.367816 0.137716 0.084152 0.160298
9.9982E-05 0.043258 0.0039373 0.0114657 9.9982E-05 0.548875 0.168532 0.136493 0.0872387
9.9973E-05 0.0708964 0.0316435 9.9973E-05 9.9973E-05 0.518917 0.11538 0.106525 0.156338
0.0294797 0.0917799 0.0628195 0.0375792 9.9991E-05 0.638509 0.0637287 0.0595972 0.0164064
9.9991E-05 0.0188879 0.0787331 0.0662494 0.0780738 0.501985 0.0425831 0.154473 0.0589142
0.0139406 0.0198829 0.054641 0.0275897 0.0832731 0.521225 0.033279 0.0817041 0.164465
0.0226403 9.9955E-05 9.9955E-05 0.0340302 0.82788 0.11495 9.9955E-05 9.9955E-05 9.9955E-05
9.9937E-05 9.9937E-05 9.9937E-05 9.9937E-05 0.885012 0.114289 9.9937E-05 9.9937E-05 9.9937E-05
0.0395159 0.0293711 0.00687012 9.9982E-05 0.824505 0.0590267 0.00413892 0.036372 9.9982E-05
0.0323116 9.9964E-05 9.9964E-05 0.0649192 0.868981 9.9964E-05 9.9964E-05 0.017767 0.0156213
0.0373374 9.9946E-05 9.9946E-05 9.9946E-05 0.875822 0.0862411 9.9946E-05 9.9946E-05 9.9946E-05
0.0081163 0.0760902 0.0363495 0.0232424 0.00113811 9.9991E-05 0.016342 0.230503 0.608119
0.0271397 0.0453782 0.0251346 0.0445772 0.0321276 0.470825 0.0898462 0.0712904 0.193681
0.0084722 0.0990095 9.9991E-05 0.236679 0.176358 0.386773 0.0490271 0.0405547 0.00302631
0.0136995 9.9982E-05 0.0180695 0.0256619 9.9982E-05 0.626549 0.0129625 0.0931325 0.209725
0.013726 9.9973E-05 0.0354777 0.0247788 9.9973E-05 0.440687 9.9973E-05 0.189406 0.295625
0.0189086 0.182568 0.0385513 9.9982E-05 9.9982E-05 0.214042 0.174668 0.133104 0.237958
9.9964E-05 0.0801314 0.000900397 9.9964E-05 0.0415948 9.9964E-05 9.9964E-05 0.347514 0.52946
0.0132611 0.00237759 0.0644173 0.00506823 0.0680159 0.4513 9.9991E-05 0.163149 0.232311
9.9973E-05 9.9973E-05 9.9973E-05 0.0273754 0.050861 0.170484 0.00555662 0.311284 0.434139
9.9991E-05 0.120787 0.0439705 0.00906092 0.0308602 0.473357 0.0771034 0.133804 0.110957
9.9973E-05 0.0527818 9.9973E-05 9.9973E-05 0.0665214 0.0742776 0.0397992 0.291568 0.474752
0.0266547 9.9982E-05 9.9982E-05 0.0811016 0.039879 0.473982 0.0420138 0.182731 0.153438
0.0186615 0.0687112 0.062001 9.9991E-05 0.0194623 0.0734334 0.00740386 0.236185 0.514041
9.9982E-05 0.11046 0.0653842 0.105862 9.9982E-05 0.170065 0.133823 0.0799007 0.334305
0.0083529 0.238651 0.0548023 9.9991E-05 0.0629202 0.527785 0.00599396 0.0869388 0.0144556
9.9973E-05 0.388787 0.0539931 9.9973E-05 9.9973E-05 0.294511 0.13978 0.0263751 0.0962537
9.9973E-05 0.34274 0.0208681 9.9973E-05 0.0258704 0.557512 0.0104861 0.0422228 9.9973E-05
0.0453481 0.216526 0.0433922 0.0178428 0.0496522 0.549995 0.0025246 0.0331761 0.0415432
9.9973E-05 0.527887 0.0748388 9.9973E-05 9.9973E-05 0.267842 0.0082476 0.0586986 0.0621859
0.013459 0.15707 0.0767799 0.0150568 0.0664414 0.493701 0.0567336 0.0711276 0.0496302
9.9964E-05 0.253221 0.0430059 9.9964E-05 9.9964E-05 0.542622 0.0318633 0.128888 9.9964E-05
9.9964E-05 0.531952 0.115592 9.9964E-05 9.9964E-05 0.15778 0.1623 0.0319757 9.9964E-05
9.9964E-05 0.60744 0.0851872 9.9964E-05 9.9964E-05 0.218285 0.0221402 0.0665473 9.9964E-05
0.00840005 0.36265 0.0464479 9.9973E-05 9.9973E-05 0.484562 0.00682711 0.0908134 9.9973E-05
9.9964E-05 0.565376 0.214827 9.9964E-05 9.9964E-05 0.072098 0.0689562 0.078343 9.9964E-05
9.9973E-05 0.325578 0.0975105 9.9973E-05 9.9973E-05 0.44215 0.0212746 0.0760927 0.0370945
0.0277385 9.9982E-05 0.0710755 0.0131088 9.9982E-05 0.038244 0.012222 0.290615 0.546796
9.9982E-05 0.0285161 0.0312567 0.0771293 9.9982E-05 0.0911926 0.257746 0.16245 0.35151
9.9982E-05 9.9982E-05 0.0446614 0.0581331 0.0277632 0.288891 0.0274493 0.225229 0.327673
9.9982E-05 9.9982E-05 0.103487 0.0679231 0.0380779 0.497854 0.027433 0.144789 0.120236
9.9964E-05 9.9964E-05 0.141207 0.0289736 9.9964E-05 0.120375 9.9964E-05 0.273716 0.435329
0.0114739 0.0874227 0.0694843 0.0914037 0.0210613 0.444015 0.0580883 0.114669 0.102382
0.0276465 9.9991E-05 0.0740126 0.00182446 0.0254414 0.541793 0.0748685 0.126503 0.12781
0.0110874 0.0153595 0.105114 0.0355142 9.9991E-05 0.434487 0.0695144 0.145184 0.18364
0.0130219 9.9982E-05 0.0297923 0.0427138 9.9982E-05 0.472709 0.0750198 0.166675 0.199867
0.01127 9.9982E-05 0.0143144 0.022418 0.00552471 0.433963 9.9982E-05 0.255989 0.256321
0.0130653 9.9982E-05 0.0802941 0.0366799 9.9982E-05 0.209141 0.0413903 0.26757 0.351659
9.9982E-05 0.0107255 0.0371336 0.0555015 9.9982E-05 0.340635 0.0203973 0.235904 0.299503
9.9982E-05 0.0673117 0.090392 0.0419654 9.9982E-05 0.5475 0.0229355 0.109135 0.12056
9.9982E-05 0.0612624 0.0226987 0.0218049 0.0687251 0.630843 0.070028 0.124438 9.9982E-05
0.0142827 0.0498815 0.128725 0.116238 0.0319999 0.251779 0.114468 0.162664 0.129962
9.9973E-05 9.9973E-05 0.0746644 0.0915373 9.9973E-05 0.405369 0.11872 0.193671 0.115738
0.00212168 9.9982E-05 0.046191 0.030125 9.9982E-05 0.317525 0.0357586 0.240894 0.327185
9.9982E-05 9.9982E-05 0.0292149 0.035498 0.0493201 0.507329 0.0486972 0.11275 0.216991
0.00658932 9.9991E-05 0.0331398 0.0885723 0.00975481 0.366573 0.0416396 0.136309 0.317322
0.00776594 0.0444778 0.0321201 0.030907 0.0750483 0.533439 0.00600588 0.15294 0.117296
9.9964E-05 0.0301253 9.9964E-05 0.10164 0.353689 0.424431 9.9964E-05 9.9964E-05 0.0897143
9.9982E-05 0.102947 0.020082 0.143512 0.123368 0.527167 0.0299846 9.9982E-05 0.0527388
0.0110281 0.0881576 0.0390509 0.120703 0.135231 0.46396 0.0743332 0.0353103 0.0322256
0.0215702 0.0517261 0.0246798 0.107909 0.103533 0.522407 0.0731059 0.0591047 0.0359646
9.9964E-05 0.126908 0.0637476 0.214942 0.143202 0.4508 9.9964E-05 9.9964E-05 9.9964E-05
9.9973E-05 0.118028 0.041553 9.9973E-05 9.9973E-05 0.469856 0.178234 0.0925015 0.0995279
9.9991E-05 0.0532134 0.0938459 0.114919 0.145574 0.495357 0.0476665 0.0430523 0.00627119
9.9973E-05 0.340021 0.0107468 0.152601 0.184582 9.9973E-05 0.10611 9.9973E-05 0.20564
0.0183921 0.0973427 9.9991E-05 0.0897136 0.0861444 0.592478 0.0239086 0.00484855 0.0870719
0.0239629 0.0499092 0.00656546 0.177965 0.109973 0.490352 0.0374197 0.036551 0.0673016
0.0174982 0.0333036 0.0441152 0.139844 0.0973373 0.555524 0.0406538 0.0107362 0.0609882
0.0334835 0.238276 0.0240356 0.0934192 0.123176 0.278303 0.107828 9.9991E-05 0.101379
9.9982E-05 0.0572506 9.9982E-05 0.12882 0.199343 0.514436 0.0117485 0.0113249 0.0768768
0.0220413 0.0590745 9.9982E-05 0.138573 0.124509 0.493359 0.092269 0.0699746 9.9982E-05
9.9946E-05 0.415821 9.9946E-05 0.135278 0.448302 9.9946E-05 9.9946E-05 9.9946E-05 9.9946E-05
0.0344307 0.0292607 0.0114979 0.163354 0.125151 0.481213 0.0262061 0.020323 0.108564
0.017556 0.146028 9.9973E-05 0.175354 0.114564 0.524759 0.0214385 9.9973E-05 9.9973E-05
0.0365672 0.0875673 0.030945 0.0896175 0.0871612 0.547898 0.0569041 0.0190016 0.0443384
0.0205403 0.0634327 9.9973E-05 0.205844 0.153744 0.512393 0.0437465 9.9973E-05 9.9973E-05
0.0279065 0.0820801 0.00816721 0.0507621 0.212934 0.5583 9.9982E-05 9.9982E-05 0.0596503
9.9973E-05 9.9973E-05 0.0645671 0.0190289 0.0602078 0.436992 0.407532 0.0113727 9.9973E-05
9.9982E-05 9.9982E-05 0.0688351 0.0464344 0.0621168 0.459133 0.165569 0.030494 0.167218
9.9964E-05 0.0150699 0.0450149 9.9964E-05 9.9964E-05 9.9964E-05 0.899146 0.0309684 0.00940119
9.9955E-05 9.9955E-05 9.9955E-05 9.9955E-05 0.0110779 9.9955E-05 0.965332 0.0179669 0.0051237
0.0261915 0.0546046 0.039333 0.00552973 0.0708711 0.519769 0.280163 0.00343779 9.9991E-05
9.9973E-05 0.123221 9.9973E-05 0.308901 0.142996 0.313481 0.109751 9.9973E-05 0.00135059
9.9964E-05 0.0245465 9.9964E-05 0.259246 0.167183 0.307091 0.241534 9.9964E-05 9.9964E-05
9.9964E-05 0.106492 9.9964E-05 0.327579 0.143237 0.137326 0.284966 9.9964E-05 9.9964E-05
0.0231699 0.0445201 9.9973E-05 0.267333 0.131354 0.305358 0.227965 9.9973E-05 9.9973E-05
0.0201032 0.110438 9.9973E-05 0.0387638 0.080008 0.0654307 0.684957 9.9973E-05 9.9973E-05
0.037987 0.0366492 9.9973E-05 0.0738247 0.0734298 0.0916185 0.686191 9.9973E-05 9.9973E-05
0.00314551 9.9964E-05 9.9964E-05 0.0672519 9.9964E-05 0.536468 0.347818 9.9964E-05 0.0449168
9.9955E-05 9.9955E-05 9.9955E-05 0.0879088 0.0702176 0.358091 0.483283 9.9955E-05 9.9955E-05
0.00865738 9.9964E-05 9.9964E-05 0.0452404 0.0571507 0.184227 0.704325 9.9964E-05 9.9964E-05
9.9973E-05 0.0150918 9.9973E-05 0.0686491 0.0431377 0.476675 0.284233 9.9973E-05 0.111914
0.000159704 9.9964E-05 9.9964E-05 0.0342243 0.0560347 0.569575 0.339606 9.9964E-05 9.9964E-05
9.9982E-05 0.0138279 0.0799927 0.0801816 0.0858846 0.476801 0.246586 0.0165263 9.9982E-05
0.00500701 9.9982E-05 0.0104842 9.9982E-05 0.0156178 0.287728 0.651981 0.0100721 0.0189092
0.0125759 0.00579214 9.9982E-05 9.9982E-05 0.0255567 0.339423 0.491655 0.00777217 0.117025
9.9964E-05 0.0179939 9.9964E-05 9.9964E-05 0.0125388 0.542592 0.373104 0.0533717 9.9964E-05
0.00952798 0.0370083 9.9991E-05 0.0175276 0.0124286 0.416546 0.37934 0.0810021 0.0465191
9.9991E-05 0.0309304 0.00116248 0.0412334 0.121237 0.503749 0.257898 0.00819474 0.0354938
0.0119102 0.0288074 0.05698 9.9973E-05 0.00826307 0.428686 0.465053 9.9973E-05 9.9973E-05
0.000407958 9.9955E-05 9.9955E-05 9.9955E-05 9.9955E-05 0.163637 0.808788 9.9955E-05 0.0266672
0.0202194 9.9955E-05 9.9955E-05 9.9955E-05 9.9955E-05 0.618361 0.360524 0.000395444 9.9955E-05
9.9955E-05 9.9955E-05 0.000787762 9.9955E-05 9.9955E-05 0.135095 0.810657 0.0529604 9.9955E-05
0.000186425 9.9955E-05 9.9955E-05 9.9955E-05 0.0229351 0.425495 0.550883 9.9955E-05 9.9955E-05
0.0249226 9.9964E-05 9.9964E-05 9.9964E-05 0.103149 0.513264 0.32511 0.0331553 9.9964E-05
0.0167656 0.0367428 0.013255 0.0530634 0.0196554 0.474536 0.316175 0.0697076 9.9991E-05
0.0273427 0.117353 0.00285282 0.106019 0.14218 0.467033 0.111766 0.0253533 9.9991E-05
0.0145386 0.042051 0.0313093 0.152982 0.143754 0.384958 0.160901 0.0694064 9.9991E-05
0.040549 0.159951 0.000339577 0.253639 0.143006 0.300895 0.0971125 9.9991E-05 0.00440758
0.0236329 0.110648 0.0152859 0.235066 0.166025 0.309216 0.0863251 9.9991E-05 0.0537008
0.00476034 0.0850055 9.9982E-05 0.19064 0.118766 0.462023 0.0559897 0.0826161 9.9982E-05
0.0214682 0.0483946 0.0422698 0.16299 0.126058 0.419418 0.175449 0.00385274 9.9991E-05
0.0190567 0.074859 9.9964E-05 0.102312 0.147525 9.9964E-05 0.655847 9.9964E-05 9.9964E-05
0.0274171 0.0161943 9.9973E-05 0.215687 0.0707481 0.513965 0.155689 9.9973E-05 9.9973E-05
9.9955E-05 0.23205 9.9955E-05 0.0685234 0.312757 9.9955E-05 0.38617 9.9955E-05 9.9955E-05
0.0111004 9.9964E-05 9.9964E-05 0.156777 0.0462337 0.482551 0.302939 9.9964E-05 9.9964E-05
9.9937E-05 9.9937E-05 9.9937E-05 9.9937E-05 9.9937E-05 0.0760122 0.923288 9.9937E-05 9.9937E-05
9.9937E-05 9.9937E-05 0.0592954 9.9937E-05 9.9937E-05 9.9937E-05 0.940005 9.9937E-05 9.9937E-05
9.9937E-05 9.9937E-05 9.9937E-05 9.9937E-05 9.9937E-05 0.418853 0.580447 9.9937E-05 9.9937E-05
0.000183892 9.9955E-05 9.9955E-05 9.9955E-05 0.0136553 0.599325 0.386336 9.9955E-05 9.9955E-05
9.9937E-05 9.9937E-05 9.9937E-05 9.9937E-05 9.9937E-05 0.394749 0.604551 9.9937E-05 9.9937E-05
9.9946E-05 9.9946E-05 0.0117482 9.9946E-05 9.9946E-05 0.553969 0.433683 9.9946E-05 9.9946E-05
9.9937E-05 9.9937E-05 9.9937E-05 9.9937E-05 9.9937E-05 0.50175 0.497551 9.9937E-05 9.9937E-05
0.045366 9.9991E-05 0.0286343 0.00952235 0.832945 0.00453118 0.00370617 0.0521165 0.0230782
0.0469589 0.0617038 0.0110174 0.0740242 0.6889 0.0261208 0.0227245 0.0684502 9.9991E-05
0.025256 9.9973E-05 9.9973E-05 0.0243345 0.899506 0.0163067 0.00765763 0.0266387 9.9973E-05
0.0489505 0.029775 9.9955E-05 9.9955E-05 0.885537 0.0352372 9.9955E-05 9.9955E-05 9.9955E-05
9.9982E-05 0.0299608 0.344295 0.0374525 0.0386643 0.520678 0.0207458 9.9982E-05 0.00800382
0.0202444 9.9973E-05 0.321355 9.9973E-05 0.053562 0.536998 9.9973E-05 0.0280761 0.0394651
0.0186435 9.9955E-05 0.41955 9.9955E-05 9.9955E-05 0.486252 9.9955E-05 9.9955E-05 0.0750555
0.0150229 9.9982E-05 0.250931 0.0130811 0.0608315 0.562603 9.9982E-05 0.0724487 0.0248812
9.9982E-05 0.108343 0.0967242 9.9982E-05 0.0879093 0.577329 0.00190579 0.0329365 0.0946527
0.0250788 9.9973E-05 0.532076 9.9973E-05 0.0377795 0.244867 9.9973E-05 0.015597 0.144302
0.00608529 9.9964E-05 0.331697 9.9964E-05 0.0368771 0.612694 9.9964E-05 9.9964E-05 0.012247
0.00861348 0.0830594 0.612381 0.00686321 9.9973E-05 0.245882 0.0429011 9.9973E-05 9.9973E-05
0.0368695 0.0192218 9.9982E-05 0.177607 0.28153 0.313673 9.9982E-05 0.0215352 0.149363
9.9991E-05 0.0720839 0.392484 0.0300918 0.000262807 0.420053 0.075088 0.00239386 0.00744259
0.00914487 9.9973E-05 0.531297 9.9973E-05 0.00408226 0.338681 9.9973E-05 0.0422381 0.0742573
9.9964E-05 0.0438027 0.339267 9.9964E-05 9.9964E-05 0.53316 0.0378511 0.0455194 9.9964E-05
0.00862525 9.9973E-05 0.449202 0.0376573 9.9973E-05 0.364587 9.9973E-05 0.0770332 0.0625953
9.9955E-05 9.9955E-05 0.372962 0.0177105 9.9955E-05 0.547965 0.060863 9.9955E-05 9.9955E-05
0.0131932 9.9982E-05 0.315579 9.9982E-05 0.0671201 0.523018 0.0231228 0.0106048 0.0471617
9.9946E-05 0.0665465 0.873762 9.9946E-05 9.9946E-05 9.9946E-05 0.0590923 9.9946E-05 9.9946E-05
0.0179642 0.0687398 0.544551 0.0142384 9.9973E-05 0.300318 0.0538884 9.9973E-05 9.9973E-05
9.9973E-05 0.0174168 0.559085 0.0157363 0.0018301 0.348553 0.057079 9.9973E-05 9.9973E-05
9.9946E-05 0.0997116 0.792843 9.9946E-05 9.9946E-05 9.9946E-05 0.106846 9.9946E-05 9.9946E-05
9.9964E-05 9.9964E-05 0.415862 9.9964E-05 0.048915 0.389097 9.9964E-05 0.081406 0.0643196
9.9955E-05 0.223488 0.618735 9.9955E-05 9.9955E-05 0.0783889 0.0788878 9.9955E-05 9.9955E-05
9.9946E-05 0.16612 0.790367 9.9946E-05 9.9946E-05 9.9946E-05 0.0429126 9.9946E-05 9.9946E-05
9.9973E-05 9.9973E-05 0.318184 0.0574655 0.0175525 0.555982 0.0211267 0.0293892 9.9973E-05
0.00309122 9.9982E-05 0.579619 0.00914474 0.0396948 0.10665 9.9982E-05 0.0608864 0.200714
9.9982E-05 0.00711372 0.427738 0.00885207 0.00220904 0.467601 9.9982E-05 0.0279452 0.0583401
0.0233646 0.0771629 0.158443 0.0321597 0.0753578 0.588405 9.9991E-05 0.0429071 0.00209986
0.000620335 9.9973E-05 0.408474 9.9973E-05 0.0716246 0.447271 9.9973E-05 0.00256513 0.0691449
9.9973E-05 0.120425 0.0169647 9.9973E-05 9.9973E-05 0.319824 0.182946 0.161312 0.198229
0.0095948 9.9991E-05 0.303248 0.0301636 0.0581161 0.510799 0.00229121 0.0389574 0.0467304
0.00283314 9.9973E-05 0.323998 9.9973E-05 0.0215223 0.493121 9.9973E-05 0.0078419 0.150384
9.9964E-05 0.0600986 0.550825 9.9964E-05 9.9964E-05 0.302458 0.0685417 9.9964E-05 0.0176774
0.000419721 0.0270801 0.240687 0.0206747 0.12946 0.467826 0.0238946 0.0129857 0.0769722
0.0369221 0.087405 9.9955E-05 9.9955E-05 0.598021 9.9955E-05 9.9955E-05 0.277152 9.9955E-05
0.0641839 0.0515921 0.0325804 9.9964E-05 0.687676 9.9964E-05 9.9964E-05 0.163568 9.9964E-05
0.157763 0.0394886 9.9955E-05 9.9955E-05 0.690804 9.9955E-05 9.9955E-05 0.111445 9.9955E-05
0.114513 0.038194 9.9955E-05 9.9955E-05 0.708395 9.9955E-05 9.9955E-05 0.138398 9.9955E-05
0.0276544 0.0756387 9.9964E-05 9.9964E-05 0.69197 0.0451004 9.9964E-05 0.159237 9.9964E-05
9.9964E-05 9.9964E-05 0.621287 9.9964E-05 0.0723793 0.122054 9.9964E-05 0.0468419 0.137037
9.9964E-05 9.9964E-05 0.649635 9.9964E-05 0.0440341 0.15289 9.9964E-05 0.0468707 0.10617
