9.9982E-05 0.0522475 0.928307 0.0192456 9.9982E-05
9.9982E-05 0.0350679 0.954625 9.9982E-05 0.0101071
0.073182 0.0431808 0.834059 0.0494779 9.9991E-05
0.00134285 0.117604 0.778046 0.102907 9.9991E-05
0.061594 9.9991E-05 0.874143 0.0567041 0.00745927
0.11024 0.0763522 0.624569 0.0597847 0.129054
0.0431331 0.0035802 0.873631 9.9991E-05 0.0795556
0.0208814 0.149859 0.726537 0.0190118 0.0837108
9.9982E-05 0.0968692 0.847985 9.9982E-05 0.0549458
0.0650854 0.0199199 0.748607 0.08295 0.0834374
0.090033 0.1226 0.760708 9.9991E-05 0.0265589
0.307139 0.542648 9.9991E-05 0.0885792 0.0615342
0.487349 0.360718 0.0318309 0.0925243 0.0275778
0.24046 0.526235 9.9991E-05 0.11588 0.117325
0.254294 0.445447 9.9991E-05 0.201675 0.0984847
0.345146 0.23011 0.171857 0.188642 0.0642456
0.526476 0.188789 0.0203619 0.20673 0.0576436
0.515632 0.223651 9.9991E-05 0.0975164 0.163101
0.358677 0.386289 0.0886898 0.137762 0.0285821
0.0249526 0.718154 0.0116514 0.0995188 0.145723
0.384424 0.372542 0.0159663 0.147149 0.0799183
0.478385 0.176978 0.0155777 0.086824 0.242236
0.639784 0.277987 0.0782184 0.00391063 9.9991E-05
0.222767 0.449402 9.9991E-05 0.191327 0.136403
0.546923 0.141 0.076332 0.171465 0.0642801
0.482005 0.318307 9.9991E-05 0.150547 0.0490421
0.183838 0.572485 0.0137284 0.119611 0.110338
0.206011 0.505111 9.9991E-05 0.200351 0.0884277
0.226377 0.513526 9.9991E-05 0.097404 0.162593
0.0999125 9.9982E-05 0.811876 0.0880116 9.9982E-05
0.150153 9.9982E-05 0.846171 0.00347657 9.9982E-05
0.193796 9.9982E-05 0.780797 0.0252065 9.9982E-05
0.157788 9.9982E-05 0.798257 0.0437554 9.9982E-05
0.706296 0.0563512 0.0639625 0.00435595 0.169034
0.606871 0.124447 0.0914131 0.0664745 0.110794
0.74607 9.9982E-05 0.0214939 9.9982E-05 0.232236
0.223396 0.582454 0.113786 9.9991E-05 0.0802643
0.523333 0.0991247 9.9982E-05 9.9982E-05 0.377342
0.627505 0.16539 0.0592508 0.0240237 0.123831
0.701171 0.087389 0.0112573 0.0935555 0.106627
0.646407 9.9991E-05 0.177422 0.00668334 0.169388
0.695773 0.135557 0.135842 9.9991E-05 0.0327278
0.361083 0.225841 9.9982E-05 9.9982E-05 0.412875
0.568092 0.0860746 0.0573319 0.143758 0.144744
0.643239 0.0629219 0.0214753 0.110159 0.162204
0.624521 0.0600827 0.18224 0.0916617 0.041495
0.558994 9.9973E-05 9.9973E-05 9.9973E-05 0.440706
0.756166 0.0588402 0.0252125 0.0475568 0.112224
0.557587 0.0231843 0.127034 0.0962293 0.195965
0.037836 0.05369 0.0931862 9.9991E-05 0.815188
0.253476 0.498584 9.9982E-05 9.9982E-05 0.247741
0.0877985 0.264667 0.0182774 0.0514619 0.577795
0.510268 0.136074 0.0814022 0.17903 0.0932259
0.582159 0.132163 0.113048 0.134129 0.0385009
0.482645 9.9991E-05 0.0438567 0.181803 0.291596
0.231709 0.388309 0.0751149 9.9991E-05 0.304767
0.595848 0.348973 0.0129844 0.0420942 9.9991E-05
0.601264 0.155226 0.0291055 0.136636 0.0777691
0.402631 0.26408 0.157795 9.9991E-05 0.175393
0.1184 0.386597 0.219677 0.0414626 0.233864
0.638956 0.138015 0.0841445 0.0508404 0.0880442
0.441448 0.358716 0.0401127 0.0989355 0.0607877
0.138574 0.591801 0.0601702 9.9991E-05 0.209354
0.554589 0.252669 9.9991E-05 0.0559637 0.136679
0.659257 0.0333307 0.0243094 0.0728764 0.210227
0.544907 0.179244 0.0940129 0.122128 0.0597081
0.204508 0.343805 0.0359945 0.155462 0.260231
0.481379 0.195957 0.00920735 0.112164 0.201293
0.673535 0.153696 0.0788202 9.9991E-05 0.093849
0.295554 0.438859 0.0123087 9.9991E-05 0.253178
0.746973 0.0734905 9.9982E-05 9.9982E-05 0.179337
0.421104 0.209023 9.9982E-05 9.9982E-05 0.369673
0.566797 0.0267862 0.102489 0.0853359 0.218592
0.184408 0.015748 9.9982E-05 9.9982E-05 0.799644
0.213847 0.0740448 9.9982E-05 9.9982E-05 0.711908
0.494383 9.9973E-05 9.9973E-05 9.9973E-05 0.505317
0.593406 0.120369 9.9991E-05 0.00634225 0.279782
0.592632 0.137094 0.126928 0.0600807 0.0832652
0.532372 0.152806 9.9991E-05 0.0232723 0.291449
0.377605 0.263638 0.018147 9.9991E-05 0.340509
0.389987 0.400458 0.0230904 9.9991E-05 0.186365
0.495138 0.147685 0.0892208 0.123048 0.144909
0.503846 0.098306 0.0164623 9.9991E-05 0.381285
0.595169 0.065298 0.0320002 9.9991E-05 0.307433
0.525101 9.9973E-05 9.9973E-05 9.9973E-05 0.474599
0.145508 0.0603279 9.9982E-05 9.9982E-05 0.793964
0.726149 0.0284326 0.0603876 0.0570937 0.127937
0.113298 0.0566223 0.810155 0.0198246 9.9991E-05
0.100551 9.9973E-05 0.899149 9.9973E-05 9.9973E-05
0.0985182 9.9982E-05 0.876123 0.0251592 9.9982E-05
0.0720678 9.9973E-05 0.927632 9.9973E-05 9.9973E-05
0.110855 9.9973E-05 0.888845 9.9973E-05 9.9973E-05
0.0580257 9.9991E-05 0.880904 0.0429184 0.0180515
0.0596882 9.9973E-05 0.940012 9.9973E-05 9.9973E-05
0.558309 0.0959943 0.0918575 0.0906446 0.163195
0.605345 0.088273 0.0509296 0.160885 0.0945667
0.268842 0.189832 9.9982E-05 9.9982E-05 0.541126
0.607535 0.0142133 0.105785 0.0695364 0.20293
0.576302 0.163892 0.0430627 9.9991E-05 0.216643
0.784993 9.9982E-05 0.0450711 9.9982E-05 0.169736
0.634001 9.9991E-05 0.0806741 0.00531413 0.27991
0.618416 9.9991E-05 0.0307297 0.0101104 0.340643
0.108138 0.309253 9.9982E-05 9.9982E-05 0.582409
0.564638 0.0903346 0.119059 0.0200019 0.205966
0.66162 0.0684193 0.0434454 0.107795 0.11872
0.661646 0.157072 0.0826003 0.0985821 9.9991E-05
0.459203 9.9982E-05 0.0561518 9.9982E-05 0.484446
0.721062 9.9982E-05 0.0380567 9.9982E-05 0.240681
0.648733 0.133653 0.00928604 9.9991E-05 0.208228
0.495196 9.9982E-05 9.9982E-05 0.0539919 0.450612
0.584198 0.101794 0.0474738 9.9991E-05 0.266434
0.621786 0.072348 0.112477 0.0449965 0.148393
0.244112 0.385706 0.0212836 0.0753743 0.273524
0.461327 0.290157 0.121856 0.0954167 0.0312434
0.560309 0.181386 0.0534646 0.121389 0.0834519
0.6049 0.122926 0.0848008 0.113336 0.0740368
0.554246 0.401974 0.0435805 9.9982E-05 9.9982E-05
0.571672 0.335124 9.9991E-05 0.044099 0.0490051
0.525318 0.409581 0.0362063 0.0287953 9.9991E-05
0.529992 0.154419 0.0236831 0.0531556 0.23875
0.626747 0.0820722 0.0907363 0.0684664 0.131978
0.660564 0.125722 0.0644772 0.00537641 0.143861
0.583875 0.408001 9.9982E-05 9.9982E-05 0.00792356
0.66872 0.211477 0.0587493 0.0609541 9.9991E-05
0.63655 0.0907505 0.137913 0.0870049 0.0477817
0.675356 0.271392 9.9991E-05 0.0177769 0.0353752
0.543299 0.230777 0.095282 0.120843 0.00979837
0.489684 0.188753 9.9991E-05 0.161118 0.160346
0.453408 0.33938 0.0875435 0.0170483 0.10262
0.623715 0.167092 0.0911218 0.0994773 0.0185944
0.692122 0.165332 0.0722475 0.0512306 0.0190682
0.338953 0.407835 0.0146364 0.0720937 0.166482
0.207967 0.281798 0.0442733 0.0697724 0.396189
0.528358 0.249662 0.069356 0.0868951 0.0657296
0.107962 0.343364 9.9991E-05 0.0468548 0.501719
0.389949 0.473915 0.00869954 9.9991E-05 0.127336
0.513647 0.363346 0.00273568 9.9991E-05 0.120171
0.473642 0.486231 0.0291548 9.9991E-05 0.0108723
0.358421 0.517744 9.9991E-05 0.0309477 0.0927872
0.644206 0.154579 0.0302327 0.0561952 0.114787
0.599286 0.13674 0.0437462 0.10806 0.112168
0.586453 0.125017 0.090526 0.0674853 0.130519
0.258155 0.36305 0.00450171 0.0224671 0.351827
0.58498 0.109535 0.140044 0.00474547 0.160695
0.401823 0.117168 0.0103934 0.232122 0.238493
0.0965938 0.144478 0.177591 9.9991E-05 0.581237
0.61816 0.0992187 0.116142 0.101398 0.065082
0.456484 0.054591 0.129736 0.0399053 0.319284
0.546358 0.0707034 0.108946 0.109881 0.164112
0.234685 0.141322 0.117428 0.0659176 0.440648
0.266481 0.158717 0.116196 9.9991E-05 0.458505
0.511147 0.115995 0.0522183 9.9991E-05 0.320539
0.518723 0.182445 0.133742 0.0822935 0.0827964
0.387993 0.0710496 0.133961 0.141499 0.265497
0.0202041 0.136112 0.0491245 0.199228 0.595331
0.637039 0.0527528 0.0543199 0.0262717 0.229617
0.455258 0.115582 9.9982E-05 9.9982E-05 0.42896
0.512899 0.155742 9.9991E-05 0.0293923 0.301866
0.572063 0.0496378 0.151622 0.113776 0.112902
0.110276 0.0262435 0.370965 0.299005 0.193511
9.9982E-05 9.9982E-05 0.55508 0.191803 0.252918
9.9982E-05 9.9982E-05 0.496479 0.205634 0.297687
0.0472938 0.0320909 0.38514 0.359344 0.176131
0.660111 9.9982E-05 9.9982E-05 0.0641387 0.27555
0.619212 0.110047 0.0240804 0.143247 0.103414
0.289635 0.0103891 9.9982E-05 0.699776 9.9982E-05
0.318087 0.187848 0.063997 0.429969 9.9991E-05
0.374347 0.131363 0.0508109 0.385505 0.0579737
0.402019 0.0221334 0.0710829 0.0197325 0.485032
0.622709 0.06359 0.0852148 0.0738617 0.154624
0.261565 9.9991E-05 0.0209136 0.0533435 0.664078
0.6966 9.9991E-05 0.0377975 0.0198176 0.245685
0.525358 9.9991E-05 0.0355454 0.0748092 0.364187
0.637614 0.0283231 0.0725064 0.0678147 0.193741
0.306946 0.0369723 0.0523025 9.9991E-05 0.603679
0.525659 0.113541 0.0273635 0.162408 0.171028
0.623226 9.9991E-05 0.142138 0.0540539 0.180482
9.9973E-05 9.9973E-05 9.9973E-05 0.984478 0.0152218
0.0845643 9.9982E-05 9.9982E-05 0.911566 0.00367025
0.361959 0.0765024 0.0152876 0.546151 9.9991E-05
0.317551 9.9973E-05 9.9973E-05 0.682149 9.9973E-05
0.182481 9.9982E-05 9.9982E-05 0.815472 0.00184738
9.997E-05 9.997E-05 9.997E-05 0.9996 9.997E-05
9.9973E-05 0.031404 9.9973E-05 0.968296 9.9973E-05
0.112308 9.9973E-05 9.9973E-05 0.887392 9.9973E-05
0.0334232 0.0482526 9.9982E-05 0.918124 9.9982E-05
9.997E-05 9.997E-05 9.997E-05 0.9996 9.997E-05
9.997E-05 9.997E-05 9.997E-05 0.9996 9.997E-05
0.185361 0.0227953 0.0132734 0.77847 9.9991E-05
0.175495 9.9982E-05 0.0227089 0.801597 9.9982E-05
0.00675417 0.00444721 9.9982E-05 0.988599 9.9982E-05
0.423019 0.0602665 0.046852 0.418387 0.0514748
0.179574 0.0735954 0.0352578 0.711473 9.9991E-05
0.128791 9.9991E-05 0.0158799 0.78339 0.0718398
0.0885542 9.9982E-05 0.0268434 0.884402 9.9982E-05
0.0126645 9.9973E-05 9.9973E-05 0.987036 9.9973E-05
0.0716382 0.00197607 0.00904968 0.917236 9.9991E-05
9.9973E-05 9.9973E-05 0.00861888 0.991081 9.9973E-05
0.233184 0.0455523 0.0509697 0.670194 9.9991E-05
0.0490761 0.0290112 0.0410039 0.880809 9.9991E-05
9.9982E-05 9.9982E-05 0.351785 0.0843404 0.563675
0.422804 0.088024 0.187886 0.0848787 0.216408
0.474757 0.0392207 0.232618 0.0772986 0.176105
0.171619 0.0125651 0.307706 0.15582 0.35229
0.49318 9.9991E-05 0.187623 0.101618 0.217479
0.188733 9.9991E-05 0.320519 0.1356 0.355049
0.411815 0.079245 0.182299 0.116152 0.210488
0.329968 9.9991E-05 0.169081 0.219718 0.281134
0.450717 9.9991E-05 0.217463 0.160137 0.171582
0.313621 9.9991E-05 0.230899 0.212306 0.243075
0.467296 0.015756 0.211917 0.113031 0.192
0.0773172 0.0686289 0.832052 9.9991E-05 0.0219015
9.9991E-05 0.00358852 0.934544 0.0248065 0.0369612
9.9982E-05 0.0201938 0.965659 9.9982E-05 0.0139474
0.03772 0.000232212 0.961848 9.9982E-05 9.9982E-05
9.9982E-05 0.0843152 0.870589 0.0448958 9.9982E-05
9.9982E-05 9.9982E-05 0.872963 0.0897179 0.0371195
0.0342098 0.0150228 0.881479 0.0691882 9.9991E-05
9.9973E-05 9.9973E-05 0.929853 9.9973E-05 0.0698467
0.0814256 9.9973E-05 0.918274 9.9973E-05 9.9973E-05
0.00743094 0.0213203 0.871455 0.0996941 9.9991E-05
9.9982E-05 0.352681 0.600837 9.9982E-05 0.0462827
9.9982E-05 0.354337 0.62557 9.9982E-05 0.0198938
9.9982E-05 0.279399 0.566008 9.9982E-05 0.154393
9.9982E-05 0.365826 0.499147 9.9982E-05 0.134828
0.603011 0.263933 0.0454015 0.0299455 0.0577091
0.56878 0.175001 0.0482367 0.0936015 0.114381
0.690292 0.234847 0.00813089 0.0393833 0.0273464
0.549138 0.234234 0.0214719 9.9991E-05 0.195056
0.216993 0.715745 9.9982E-05 9.9982E-05 0.0670617
0.701181 0.0614918 0.0905029 0.0612225 0.0856022
0.69822 0.131865 0.0174053 9.9991E-05 0.15241
0.669088 0.142139 0.0165748 9.9991E-05 0.172098
0.50629 0.0253382 9.9991E-05 0.028143 0.440129
0.647149 0.113797 0.0187113 0.106182 0.114162
0.588844 0.198836 0.0249788 9.9991E-05 0.187241
0.103444 0.16052 9.9982E-05 9.9982E-05 0.735836
0.639457 0.130037 0.166575 9.9991E-05 0.0638304
0.403604 0.0286242 0.0158294 9.9991E-05 0.551842
0.710522 0.0753204 9.9982E-05 9.9982E-05 0.213958
0.283328 0.325076 9.9982E-05 9.9982E-05 0.391396
9.9982E-05 0.779455 0.118162 9.9982E-05 0.102182
0.0774838 0.736793 0.14658 9.9991E-05 0.039043
0.0184267 0.903448 0.0328316 9.9991E-05 0.0451937
9.9982E-05 0.823888 0.134586 9.9982E-05 0.0413257
0.0909268 0.847943 0.0609301 9.9982E-05 9.9982E-05
0.0888955 0.788477 0.0776579 0.0416111 0.00335847
0.0528177 9.9982E-05 0.891723 0.055259 9.9982E-05
0.0913621 0.0518401 0.856598 9.9982E-05 9.9982E-05
0.108992 9.9982E-05 0.773729 0.117079 9.9982E-05
0.0543291 0.101557 0.715399 0.128615 9.9991E-05
0.0886312 0.0418958 0.779117 0.0902557 9.9991E-05
9.9982E-05 0.60508 0.375402 9.9982E-05 0.019318
9.9982E-05 0.372733 0.459557 9.9982E-05 0.16751
9.9982E-05 0.518839 0.430677 9.9982E-05 0.0502842
0.120683 0.009847 0.838537 0.0308333 9.9991E-05
9.9982E-05 0.489865 0.40784 9.9982E-05 0.102095
0.275968 9.9991E-05 0.237015 0.418154 0.0687631
0.494123 0.0947377 0.0838475 0.327192 9.9991E-05
0.465836 9.9982E-05 0.20639 0.327574 9.9982E-05
0.297478 9.9991E-05 0.269257 0.287719 0.145446
0.602968 9.9991E-05 0.197916 0.188737 0.0102792
9.9982E-05 9.9982E-05 0.453194 0.342346 0.20426
0.520832 0.341927 9.9982E-05 9.9982E-05 0.137041
0.427661 0.263412 0.0238372 9.9991E-05 0.28499
0.297201 0.556853 0.0724483 0.0430486 0.0304493
0.614311 0.146599 9.9982E-05 9.9982E-05 0.238891
9.9973E-05 0.207041 9.9973E-05 9.9973E-05 0.792659
0.625529 0.185475 0.0969685 0.0680026 0.0240248
0.538831 0.1774 0.00242643 0.0410105 0.240332
0.407892 0.567812 0.011177 0.0130194 9.9991E-05
0.555494 0.174691 0.115665 0.111925 0.0422246
0.16674 0.325135 0.00935403 9.9991E-05 0.498671
0.391927 0.177146 9.9991E-05 0.156039 0.274788
0.585654 0.299694 9.9982E-05 9.9982E-05 0.114451
0.415048 0.13612 0.102192 0.198822 0.147819
0.484265 0.234685 9.9991E-05 0.019563 0.261387
0.506462 0.222677 0.0793916 0.00450377 0.186965
0.549337 0.0996605 0.0428782 0.0601134 0.248011
0.619784 0.207596 0.000491734 9.9991E-05 0.172029
0.604416 0.195123 0.0338384 0.115242 0.0513805
0.505701 0.111733 0.0838685 0.150684 0.148013
0.567546 0.18571 0.0640347 0.131555 0.0511551
0.122017 9.9982E-05 0.793105 0.0846773 9.9982E-05
0.0862815 9.9991E-05 0.876101 0.036725 0.000792038
0.0375455 0.0155333 0.781366 0.0338556 0.131699
0.0378794 0.0835172 0.806208 0.0109854 0.0614096
0.105788 9.9982E-05 0.871666 0.0223463 9.9982E-05
0.237832 0.620913 9.9991E-05 0.0140257 0.127129
0.59549 0.147956 0.0266447 0.135133 0.0947756
0.530596 9.9991E-05 0.254468 0.129859 0.0849767
0.741846 0.157869 0.0452616 0.0549237 9.9991E-05
0.569016 0.316023 0.0943257 0.0205354 9.9991E-05
0.284387 0.385172 9.9991E-05 0.101737 0.228603
0.0486485 0.648699 0.134437 9.9991E-05 0.168116
0.550622 0.32561 0.0290878 0.0241553 0.0705245
0.197264 0.547829 0.0508715 0.0557517 0.148284
0.534418 0.164839 0.0255016 0.0359393 0.239303
0.15509 0.569632 0.127084 0.0328613 0.115333
0.69679 0.171907 0.0774938 0.0537094 9.9991E-05
0.261405 0.573308 0.0697862 9.9991E-05 0.0954008
0.370723 0.254505 9.9991E-05 0.134405 0.240267
0.552532 0.0563764 0.0975761 0.0440995 0.249417
0.357823 0.0872498 0.0958425 9.9991E-05 0.458985
0.640074 0.0459093 0.0989696 9.9991E-05 0.214947
0.660736 0.0278978 0.167309 0.0302703 0.113787
0.409202 0.0938172 0.0476163 9.9991E-05 0.449264
0.545991 0.174387 0.10652 0.0564978 0.116604
0.579141 0.092381 0.0663766 0.0463945 0.215707
0.170479 0.118321 9.9982E-05 9.9982E-05 0.711
0.356091 9.9982E-05 0.0537133 9.9982E-05 0.589995
0.519833 0.0907942 0.0482759 0.0479062 0.293191
0.241308 0.164719 0.0431013 9.9991E-05 0.550772
0.501999 0.124467 0.0578898 9.9991E-05 0.315544
0.225778 0.601083 9.9991E-05 0.0173222 0.155716
0.230118 0.304114 9.9991E-05 0.100174 0.365494
0.36947 0.427374 0.0230715 0.135794 0.0442915
0.607179 0.268161 0.0102859 0.114274 9.9991E-05
0.287384 0.519578 9.9982E-05 9.9982E-05 0.192838
0.517912 0.173468 0.095534 0.045532 0.167554
0.615744 0.243278 0.0150175 0.12586 9.9991E-05
0.527431 0.280388 0.0300746 0.0935906 0.0685159
0.424287 0.386964 9.9991E-05 0.177876 0.0107729
0.524143 0.391905 0.0837522 9.9982E-05 9.9982E-05
0.308045 0.574714 9.9991E-05 0.0769492 0.0401913
0.347494 0.441721 9.9991E-05 0.129212 0.0814725
0.645173 0.28158 9.9991E-05 0.0615105 0.0116366
0.638526 0.146474 0.134014 0.0670253 0.0139601
0.44118 0.254318 0.121702 9.9991E-05 0.1827
0.571498 0.234989 9.9991E-05 0.138016 0.0553978
0.358918 0.329562 0.0393262 0.0973057 0.174888
0.553113 0.29332 0.0123387 0.141128 9.9991E-05
0.523779 0.3223 9.9982E-05 0.15372 9.9982E-05
0.438472 0.179494 0.0822485 0.192364 0.107422
0.501952 0.0218697 0.383904 0.0921748 9.9991E-05
0.459285 0.0485939 0.169538 0.279456 0.0431272
0.470347 0.0652318 0.153792 0.185195 0.125434
0.592554 0.0809538 0.0937974 0.134104 0.098591
0.524995 9.9991E-05 0.251302 0.22333 0.000272412
0.511993 0.175043 9.9991E-05 0.0711166 0.241747
0.510428 0.0678789 0.2142 0.207394 9.9991E-05
9.9982E-05 9.9982E-05 0.30119 0.184821 0.513789
0.556972 0.096744 0.0571648 0.195671 0.0934489
0.496752 0.0839883 0.153402 0.216532 0.0493258
0.5132 0.0494447 0.137304 0.221752 0.0782987
0.393564 0.0925321 0.212041 0.131665 0.170198
0.577515 9.9991E-05 0.252907 0.103471 0.0660071
0.618243 9.9991E-05 0.175564 0.132839 0.0732535
9.9982E-05 9.9982E-05 0.494798 0.188083 0.316918
0.580741 0.0284914 0.255788 0.13488 9.9991E-05
0.472902 0.0233055 0.151698 0.275275 0.0768196
0.57861 9.9991E-05 0.122398 0.129298 0.169593
0.529817 9.9991E-05 0.231252 0.232695 0.0061363
0.525589 9.9991E-05 0.159794 0.191165 0.123353
0.52983 0.0395269 0.0886275 0.0398593 0.302156
0.538152 0.127508 0.076452 0.0736619 0.184226
0.136421 0.192555 9.9991E-05 0.0170393 0.653886
0.0819995 0.103463 9.9982E-05 9.9982E-05 0.814337
0.427079 0.106363 9.9991E-05 0.154375 0.312083
0.355057 0.0835118 0.0959611 0.378656 0.0868137
0.365448 9.9991E-05 0.0924671 0.392112 0.149873
0.143167 9.9991E-05 0.222137 0.340663 0.293934
0.381971 9.9991E-05 0.218307 0.308079 0.0915426
0.150763 0.0020664 0.113067 0.143133 0.590971
0.207332 9.9991E-05 0.116113 0.131265 0.54519
0.592379 0.00301964 9.9991E-05 0.166136 0.238365
0.540981 0.0123552 0.051627 0.146075 0.248961
0.270049 9.9991E-05 0.0951315 0.14291 0.491809
0.530219 0.058301 0.0662388 0.129242 0.215999
0.608272 9.9991E-05 0.0154315 0.136515 0.239681
0.399845 0.151911 0.0236723 0.183144 0.241427
0.455201 0.123614 9.9982E-05 9.9982E-05 0.420985
0.400242 0.071964 9.9991E-05 0.0337871 0.493907
0.660343 9.9991E-05 0.119456 0.0190904 0.201011
0.476286 0.147528 0.0394087 0.0806463 0.256131
0.504376 0.136636 0.103457 0.0637362 0.191795
0.593506 0.0326071 0.0159112 9.9991E-05 0.357876
0.373333 0.102909 9.9982E-05 9.9982E-05 0.523558
0.582394 9.9991E-05 0.0579528 0.0708826 0.288671
0.287173 0.118486 9.9991E-05 0.0555578 0.538684
0.485464 0.0392354 9.9991E-05 0.0685954 0.406605
0.543457 0.012369 0.0962606 0.0831455 0.264767
0.573871 0.0588818 0.0727947 0.000549307 0.293903
0.640089 0.0284407 0.140022 0.142831 0.0486175
0.524262 0.0320976 0.133787 0.148874 0.160979
0.342766 0.136239 0.142337 0.301934 0.0767235
0.308467 0.176679 0.241484 0.240919 0.0324511
0.447477 0.124444 0.17162 0.198322 0.0581369
0.422686 0.0436666 0.157241 0.206863 0.169544
9.9991E-05 0.0190148 0.152562 0.229683 0.598641
0.57921 9.9991E-05 0.140635 0.232693 0.0473619
9.9982E-05 9.9982E-05 0.402429 0.17963 0.41774
0.504842 9.9991E-05 0.0488106 0.253749 0.192499
0.204317 9.9973E-05 9.9973E-05 9.9973E-05 0.795383
0.0267426 0.0565097 9.9982E-05 9.9982E-05 0.916548
0.620401 0.0359348 9.9982E-05 9.9982E-05 0.343464
0.769617 9.9982E-05 0.0330384 9.9982E-05 0.197145
0.508326 0.0520707 9.9982E-05 9.9982E-05 0.439403
0.581413 0.0388107 0.000297595 0.033508 0.345971
0.637967 0.0374533 9.9991E-05 0.0467737 0.277706
0.0851253 9.9991E-05 0.828236 0.0572013 0.0293377
9.9991E-05 0.117425 0.689249 0.137277 0.055949
9.9982E-05 0.0271758 0.893638 0.0789867 9.9982E-05
0.060491 9.9973E-05 0.939209 9.9973E-05 9.9973E-05
0.569722 0.160655 9.9991E-05 0.0686175 0.200905
0.707891 0.0777856 0.0610224 9.9991E-05 0.153201
0.683217 0.145227 9.9982E-05 9.9982E-05 0.171355
0.710729 0.0482596 0.131615 0.0148746 0.094522
0.465815 0.123729 0.0813588 0.132634 0.196463
0.369037 0.204568 9.9982E-05 9.9982E-05 0.426195
0.784837 0.013619 9.9991E-05 0.0307169 0.170727
0.441977 9.9982E-05 0.0544847 9.9982E-05 0.503338
0.547375 0.0341716 0.263593 0.137992 0.0168679
0.54879 0.118791 9.9991E-05 0.0698114 0.262507
0.536199 0.199682 9.9982E-05 9.9982E-05 0.263919
0.690316 0.0999676 9.9982E-05 9.9982E-05 0.209516
0.522021 0.107858 9.9982E-05 9.9982E-05 0.369921
0.750539 9.9982E-05 0.0240074 9.9982E-05 0.225253
0.605599 0.0439703 0.166506 9.9991E-05 0.183825
0.34478 9.9973E-05 9.9973E-05 9.9973E-05 0.654921
0.450259 0.0383288 9.9982E-05 9.9982E-05 0.511212
0.439539 0.132316 9.9991E-05 0.0134877 0.414557
0.106069 9.9973E-05 9.9973E-05 9.9973E-05 0.893631
0.530024 0.211057 9.9991E-05 0.0276017 0.231217
0.276852 0.0186925 0.000400436 9.9991E-05 0.703955
0.0895694 0.0149191 9.9982E-05 9.9982E-05 0.895312
0.668841 0.0357568 9.9991E-05 0.0430218 0.25228
0.371499 0.142777 9.9982E-05 9.9982E-05 0.485525
0.586429 0.0617201 9.9991E-05 0.0495839 0.302167
0.578481 0.023658 0.082375 0.157479 0.158007
0.679555 0.131228 0.0144364 9.9991E-05 0.174681
0.383502 0.191141 9.9991E-05 0.111331 0.313925
0.673922 0.101912 0.0832714 0.00856453 0.13233
0.575593 0.150664 9.9991E-05 0.0354905 0.238153
0.527625 0.024208 9.9982E-05 9.9982E-05 0.447967
0.656915 0.0439199 0.1658 0.0135567 0.119808
9.9982E-05 0.332187 0.649898 9.9982E-05 0.0177144
0.100037 0.0902694 0.791131 9.9991E-05 0.0184629
9.9982E-05 0.123616 0.837076 9.9982E-05 0.0391074
9.9982E-05 0.104764 0.834133 9.9982E-05 0.0609027
0.0384914 0.212446 0.748863 9.9982E-05 9.9982E-05
0.302786 0.222262 0.0304567 9.9991E-05 0.444394
0.288635 0.202385 0.0391271 9.9991E-05 0.469752
0.335386 9.9973E-05 9.9973E-05 9.9973E-05 0.664314
0.696841 9.9991E-05 0.148483 0.0741832 0.080392
0.611276 0.0533395 0.0712113 0.101767 0.162406
0.484572 9.9982E-05 0.0100598 9.9982E-05 0.505168
0.665905 9.9982E-05 9.9982E-05 0.117606 0.216289
0.478572 9.9991E-05 0.0496881 0.107402 0.364238
0.680134 0.0660965 0.0550955 0.0397883 0.158885
0.706568 9.9991E-05 0.0842819 0.0522811 0.156769
0.434915 0.287758 9.9982E-05 9.9982E-05 0.277127
0.591009 0.128378 9.9982E-05 9.9982E-05 0.280414
0.483273 0.257782 9.9982E-05 9.9982E-05 0.258745
0.636863 0.104807 0.100833 0.0140823 0.143415
0.649444 0.0910059 0.0470197 9.9991E-05 0.212431
0.612701 0.0617037 0.0652103 9.9991E-05 0.260285
0.377344 0.0769236 0.0401665 0.505466 9.9991E-05
0.401557 0.0217942 0.21514 0.361409 9.9991E-05
0.400688 9.9991E-05 0.0943861 0.465797 0.0390289
0.282616 9.9991E-05 0.0724816 0.538901 0.105901
0.460849 0.0427921 0.133279 0.36298 9.9991E-05
0.601346 9.9991E-05 0.031836 0.0539519 0.312766
9.9991E-05 0.0630854 0.241702 0.69239 0.00272279
0.276026 9.9991E-05 0.170403 0.522037 0.0314346
0.475825 0.0600491 0.116579 0.165507 0.18204
0.6066 9.9991E-05 0.17054 0.0175867 0.205174
0.450006 0.153256 0.0986067 0.0892692 0.208862
0.656288 0.0803542 0.162592 9.9991E-05 0.100666
0.602182 9.9991E-05 0.133286 0.0426861 0.221747
0.325905 9.9982E-05 0.189473 0.484423 9.9982E-05
0.41584 0.0944765 0.0937977 0.35201 0.0438762
0.431475 9.9982E-05 0.0381122 0.530212 9.9982E-05
0.387147 0.0782877 0.18105 0.294743 0.058773
0.248752 9.9991E-05 0.145293 0.565687 0.0401676
0.450054 9.9991E-05 0.216778 0.327173 0.00589474
0.123955 9.9991E-05 0.126938 0.66605 0.0829574
0.357988 0.0903024 0.0368593 0.466237 0.0486127
0.529798 0.00522501 0.100924 0.0757285 0.288324
0.324738 0.0636743 0.209403 0.344849 0.0573358
0.203606 9.9982E-05 0.176223 0.619971 9.9982E-05
0.399393 9.99905E-05 0.130032 0.402044 0.068431
0.241022 0.246337 0.190273 9.9991E-05 0.322268
0.570431 0.0819509 9.9991E-05 0.176388 0.17113
0.397753 0.138202 0.133489 0.330456 9.9991E-05
0.632826 0.124908 0.125704 0.0489413 0.0676202
0.555571 0.0172794 0.208569 0.0185807 0.2
0.369468 0.103845 0.160066 0.23627 0.130351
0.296984 9.9991E-05 0.22978 0.299181 0.173955
0.523447 0.0230884 0.0739328 0.219973 0.159559
0.386727 0.012652 0.12356 0.431839 0.0452225
0.282867 0.0114803 0.136429 0.550067 0.0191565
0.125847 9.9982E-05 0.250812 0.623141 9.9982E-05
0.603923 0.0521885 0.113182 0.129679 0.101028
0.595402 0.0880329 0.169318 9.9991E-05 0.147147
0.219547 9.9991E-05 0.203937 0.0548615 0.521555
0.61703 0.017865 0.219837 0.0921974 0.0530709
0.432114 0.22793 0.139648 0.0629561 0.137352
0.504792 0.0327171 0.178545 0.150744 0.133201
0.449385 0.107148 0.0547897 0.190594 0.198083
9.9982E-05 9.9982E-05 0.344202 0.219163 0.436435
9.9982E-05 9.9982E-05 0.403627 0.130798 0.465375
0.26044 0.126545 0.181219 0.1484 0.283395
9.9982E-05 9.9982E-05 0.322985 0.24744 0.429376
9.9982E-05 9.9982E-05 0.476017 0.251557 0.272226
0.274174 9.9991E-05 0.0914193 0.257773 0.376534
0.335447 0.0269212 0.271246 0.202085 0.1643
0.162856 0.015659 0.339367 0.21247 0.269648
0.0545121 9.9991E-05 0.409471 0.170959 0.364958
0.451516 0.0743758 0.0890632 0.205433 0.179612
0.170222 0.0105668 0.231086 0.147738 0.440387
9.9982E-05 9.9982E-05 0.513583 0.0954859 0.390731
0.547643 0.0362551 0.127977 0.160165 0.12796
0.332307 0.0713517 0.116869 0.300914 0.178559
0.467245 9.9991E-05 0.365004 0.106381 0.0612692
0.5887 9.9982E-05 0.193334 0.217766 9.9982E-05
0.499078 0.00601 0.21949 0.275322 9.9991E-05
0.473071 0.0155896 0.239102 0.262512 0.00972553
0.386309 0.0260871 0.356839 0.230665 9.9991E-05
0.453918 0.0574559 0.218744 0.269783 9.9991E-05
0.416774 0.0367037 0.2534 0.293023 9.9991E-05
0.301347 0.0399315 0.213051 0.33523 0.110441
0.371864 0.223723 0.190187 0.0809562 0.13327
0.567082 0.101806 0.204746 0.105238 0.0211275
0.513635 0.0805743 0.185614 0.168865 0.0513116
0.672593 9.9991E-05 0.0843578 0.0609234 0.182026
0.36164 0.0559781 0.294868 0.287414 9.9991E-05
0.469821 0.0313578 0.222828 0.200463 0.0755293
0.175454 9.9991E-05 0.402069 0.230956 0.19142
0.42734 0.01746 0.178077 0.30718 0.0699433
0.242885 9.9991E-05 0.266788 0.37419 0.116037
9.9982E-05 0.143753 0.798805 9.9982E-05 0.0572417
0.102339 0.805078 0.0141736 0.0126153 0.0657946
9.997E-05 0.9996 9.997E-05 9.997E-05 9.997E-05
9.9973E-05 0.996521 0.0031788 9.9973E-05 9.9973E-05
9.9973E-05 0.983997 9.9973E-05 0.0157033 9.9973E-05
9.9973E-05 0.957557 9.9973E-05 0.0421427 9.9973E-05
0.0701687 0.929531 9.9973E-05 9.9973E-05 9.9973E-05
9.9982E-05 0.962563 0.0297828 9.9982E-05 0.00745442
9.9973E-05 0.81356 0.18614 9.9973E-05 9.9973E-05
0.0145756 0.0393055 0.898195 0.0334987 0.0144253
0.0515226 0.117741 0.81409 0.0165471 9.9991E-05
0.0433494 9.9991E-05 0.893846 0.0509753 0.0117292
0.0325719 0.0932484 0.837935 9.9991E-05 0.0361444
9.9982E-05 0.0410938 0.908558 0.0501486 9.9982E-05
9.9982E-05 0.0896915 0.88259 0.0275188 9.9982E-05
0.042275 0.0748461 0.714915 0.157865 0.0100991
0.0059215 9.9991E-05 0.860117 0.113497 0.0203637
0.00426533 0.173371 0.69007 0.104644 0.0276492
9.9982E-05 9.9982E-05 0.894998 0.051789 0.0530132
9.9973E-05 0.0595052 0.940195 9.9973E-05 9.9973E-05
0.0167238 0.0386188 0.823754 0.104761 0.0161418
9.9982E-05 0.0442648 0.941729 0.0138065 9.9982E-05
0.0580152 9.9973E-05 0.941685 9.9973E-05 9.9973E-05
0.0738502 9.9982E-05 0.90492 0.0210301 9.9982E-05
0.0680784 9.9982E-05 0.881068 0.0506537 9.9982E-05
0.0401225 9.9982E-05 0.773857 0.18582 9.9982E-05
0.122837 9.9982E-05 0.767743 0.10922 9.9982E-05
0.124993 9.9982E-05 0.826226 0.0485809 9.9982E-05
0.451723 0.122118 0.188863 0.00587036 0.231426
0.723085 0.0438916 0.144762 9.9991E-05 0.0881609
0.646321 0.0428641 0.177242 0.0196797 0.113893
0.21655 9.9991E-05 0.133924 0.0185606 0.630866
0.586977 0.136328 0.153644 9.9991E-05 0.122951
0.0965942 9.9991E-05 0.215945 0.059086 0.628275
0.63633 9.9991E-05 0.148614 0.02338 0.191576
0.493596 0.138679 0.146374 9.9991E-05 0.221251
0.581238 0.0489823 0.154358 0.00758491 0.207837
0.69073 0.100159 0.0316084 0.0234222 0.154081
0.509816 0.257317 0.11746 9.9991E-05 0.115308
0.673413 9.9991E-05 0.11052 0.0686743 0.147292
0.614175 0.254946 0.0526289 0.0588793 0.0193712
0.0157085 0.430003 9.9991E-05 0.112933 0.441255
0.0208334 0.0862539 0.109559 9.9991E-05 0.783254
0.162857 9.9991E-05 0.143947 0.0739498 0.619146
0.647509 0.036356 0.10056 0.0818646 0.13371
0.598911 9.9982E-05 0.156956 9.9982E-05 0.243933
0.547805 9.9982E-05 0.288999 9.9982E-05 0.162997
0.674412 0.0311474 0.138509 0.0504763 0.105455
0.547848 9.9991E-05 0.235352 0.141968 0.0747311
0.583412 0.0189043 0.200253 0.19733 9.9991E-05
0.167563 0.179521 0.416917 0.176652 0.059346
0.672977 0.15906 0.13312 0.0232147 0.0116285
0.487866 0.0853603 0.240654 0.145688 0.0404317
9.9982E-05 9.9982E-05 0.461487 0.205813 0.3325
0.247556 9.9991E-05 0.293164 0.267381 0.191799
0.280912 0.0575594 0.382899 0.195974 0.0826552
0.502048 0.110087 0.30007 0.0876941 9.9991E-05
0.487775 0.00310001 0.0801289 0.235594 0.193402
0.477474 0.000700762 0.19516 0.193544 0.133121
0.638624 9.9982E-05 0.238935 0.122242 9.9982E-05
0.350986 9.9991E-05 0.254197 0.183093 0.211624
0.347569 9.9982E-05 0.510072 0.142158 9.9982E-05
