9.9991E-05 0.0216574 0.00503551 0.0611464 0.912061
9.9973E-05 9.9973E-05 9.9973E-05 0.0326761 0.967024
9.999E-05 0.0254246 0.0933044 0.0438519 0.837319
9.9982E-05 0.107903 9.9982E-05 0.10995 0.781947
0.019471 0.0509812 0.0261705 0.00537236 0.898005
0.113978 0.0217746 0.098489 0.0824524 0.683306
0.0872078 9.9991E-05 0.00427404 0.0447914 0.863627
0.0252939 9.9991E-05 0.0488261 0.151404 0.774376
0.0576495 9.9982E-05 9.9982E-05 0.0945274 0.847623
0.0594029 0.0652947 0.096639 0.0378367 0.740827
0.109166 9.9991E-05 0.0383601 0.076902 0.775472
0.165153 0.088497 0.254089 0.492161 9.9991E-05
0.0135755 0.0689495 0.559017 0.358358 9.9991E-05
0.189243 0.0461985 0.335506 0.425507 0.00354488
0.136893 0.169619 0.318816 0.335384 0.039288
0.0641043 0.140052 0.386885 0.267049 0.141909
0.0694945 0.138279 0.597746 0.137022 0.0574587
0.176039 0.0676663 0.493709 0.230164 0.0324223
0.126659 0.115018 0.305781 0.333845 0.118697
0.160387 0.0808109 0.0391397 0.668165 0.051497
0.0861138 0.127781 0.435273 0.325961 0.0248712
0.218747 0.0226824 0.560705 0.127048 0.070818
0.060136 0.000934132 0.613008 0.240657 0.0852644
0.134506 0.117013 0.34565 0.338107 0.0647236
0.0261549 0.0869911 0.631444 0.112392 0.143018
9.9991E-05 0.0823968 0.590496 0.237631 0.0893759
0.133233 0.108111 0.224293 0.515691 0.0186723
0.0774601 0.230498 0.203186 0.474537 0.014319
0.215221 0.0149766 0.324106 0.445597 9.9991E-05
9.9982E-05 0.031473 0.123986 9.9982E-05 0.844341
9.9973E-05 9.9973E-05 0.165994 9.9973E-05 0.833706
9.9982E-05 0.026639 0.146203 9.9982E-05 0.826958
9.9982E-05 0.0285656 0.196687 9.9982E-05 0.774548
0.150213 9.9991E-05 0.712674 0.123234 0.0137794
0.239842 0.0992095 0.478676 0.0846918 0.0975814
0.26377 0.0495178 0.622564 0.0538002 0.0103477
0.090951 9.9991E-05 0.206424 0.602337 0.100188
0.456664 0.0460484 0.42861 0.0484835 0.0201949
0.105053 9.9991E-05 0.650868 0.179814 0.0641641
0.122202 0.0419009 0.708494 0.0698549 0.0575486
0.173746 0.0327963 0.651974 0.0551503 0.0863337
9.9982E-05 9.9982E-05 0.767568 0.065191 0.167041
0.442163 9.9991E-05 0.295966 0.246979 0.0147934
0.163852 0.0965286 0.590875 0.0895088 0.0592347
0.101187 0.0967128 0.614235 0.0869123 0.100953
0.0866482 0.199459 0.464838 0.110278 0.138777
0.443297 9.9982E-05 0.5369 0.0196028 9.9982E-05
0.11462 0.0409065 0.683223 0.025242 0.136009
0.00843273 0.11627 0.595498 0.131328 0.148471
0.816219 0.00243659 0.00776961 0.0720152 0.101559
0.283631 9.9982E-05 0.282593 0.433576 9.9982E-05
0.564366 0.0688134 0.115156 0.220265 0.0313994
0.083516 0.109415 0.547303 0.201441 0.0583255
0.115672 0.0833042 0.635844 0.0425319 0.122648
0.0991393 0.101842 0.647037 0.0880029 0.0639784
0.254065 9.9991E-05 0.250082 0.398892 0.0968613
0.0645266 0.0234458 0.639051 0.272877 9.9991E-05
0.000593344 0.190147 0.529081 0.20531 0.0748684
0.147719 0.0353761 0.42762 0.258358 0.130926
0.295761 0.0115563 0.111638 0.373692 0.207353
0.0522856 0.0703735 0.589391 0.189349 0.0986
0.0620737 0.0547936 0.431933 0.366362 0.0848379
0.323147 9.9991E-05 0.101117 0.547668 0.027968
0.145383 0.0396502 0.518141 0.296726 9.9991E-05
0.0846738 0.114517 0.675825 0.0750245 0.0499601
0.0347292 0.123082 0.568164 0.188981 0.0850449
0.236429 0.13585 0.294373 0.333248 9.9991E-05
0.226263 0.142442 0.455206 0.175989 9.9991E-05
0.179783 0.0631115 0.63015 0.0895789 0.0373758
0.258208 9.9991E-05 0.275623 0.415405 0.0506647
0.268453 9.9982E-05 0.654561 0.0767858 9.9982E-05
0.4105 9.9982E-05 0.423033 0.166267 9.9982E-05
0.257464 0.130879 0.440077 0.146138 0.0254418
0.828192 9.9982E-05 0.1582 0.0134075 9.9982E-05
0.751186 9.9982E-05 0.161998 0.0866159 9.9982E-05
0.502107 9.9982E-05 0.423658 0.0740356 9.9982E-05
0.296708 9.9991E-05 0.577058 0.115487 0.0106468
0.146887 0.0399139 0.670759 0.0254383 0.117002
0.273739 9.9991E-05 0.542449 0.156562 0.0271497
0.295093 9.9991E-05 0.370988 0.283887 0.0499313
0.225012 9.9991E-05 0.386809 0.365228 0.0228516
0.100583 0.0455845 0.610744 0.0861072 0.156981
0.399154 9.9991E-05 0.487323 0.0678677 0.0455557
0.275712 0.0495875 0.535993 0.107392 0.0313155
0.392706 9.9973E-05 0.606994 9.9973E-05 9.9973E-05
0.865199 0.0117345 0.0816267 0.0413396 9.9991E-05
0.170322 0.0851166 0.577923 0.150272 0.0163669
9.9991E-05 0.0553147 0.0690496 0.078742 0.796794
9.9973E-05 9.9973E-05 0.100642 9.9973E-05 0.899058
9.9982E-05 0.0667338 0.0608173 9.9982E-05 0.872249
9.9973E-05 9.9973E-05 0.101134 9.9973E-05 0.898566
9.9982E-05 0.0183494 0.0775602 9.9982E-05 0.90389
0.0171961 0.00730761 0.0508755 0.0135868 0.911034
9.9973E-05 9.9973E-05 0.0624374 9.9973E-05 0.937263
0.0888839 0.0543974 0.55791 0.158647 0.140162
0.0640598 0.219615 0.517462 0.15922 0.0396428
0.583171 9.9982E-05 0.224458 0.192171 9.9982E-05
0.180768 0.110641 0.585533 9.9991E-05 0.122958
0.204936 9.9991E-05 0.532965 0.184722 0.0772767
0.142285 0.0260638 0.727096 9.9991E-05 0.104455
0.196876 9.9991E-05 0.708685 0.0435244 0.0508144
0.339391 0.0575441 0.571659 9.9991E-05 0.031306
0.533933 9.9991E-05 0.119547 0.305629 0.04079
0.101006 0.0466539 0.56553 0.0896251 0.197186
0.0866469 0.0334473 0.737604 0.0680215 0.0742801
0.154237 0.167955 0.521244 0.102133 0.0544306
0.470152 9.9982E-05 0.511572 9.9982E-05 0.0180766
0.274763 9.9982E-05 0.695209 0.029828 9.9982E-05
0.265141 9.9991E-05 0.589653 0.13902 0.0060867
0.449247 0.0844905 0.452429 0.0137338 9.9991E-05
0.196159 9.9991E-05 0.574117 0.0969534 0.132671
0.0150492 0.00633057 0.660022 0.212331 0.106267
0.256147 0.0184469 0.29591 0.392468 0.0370283
0.0144334 0.106018 0.367729 0.380354 0.131465
0.112937 0.0490222 0.564738 0.167299 0.106004
0.0746563 0.0441387 0.702645 0.0725281 0.106032
0.0895584 9.9991E-05 0.570696 0.336472 0.00317332
9.9991E-05 0.0928538 0.62417 0.266175 0.0167015
9.9982E-05 0.039895 0.477841 0.482064 9.9982E-05
0.160925 0.0522222 0.543547 0.17369 0.0696166
0.124844 0.0549427 0.631085 0.134478 0.0546504
0.10842 0.0138585 0.640779 0.209774 0.0271687
0.0249716 9.9991E-05 0.631641 0.322939 0.020349
0.0656309 0.0911232 0.665311 0.153424 0.0245107
0.0624345 0.097549 0.594442 0.111898 0.133676
0.00634664 0.108537 0.567 0.318016 9.9991E-05
0.0636016 0.0739287 0.649343 0.178565 0.0345619
0.105383 0.146428 0.480531 0.267558 9.9991E-05
0.180672 0.0365394 0.402373 0.2719 0.108516
0.0419733 0.0688503 0.684702 0.204374 9.9991E-05
0.0174247 0.0187679 0.737432 0.180977 0.0453986
0.206369 0.0681325 0.343364 0.382034 9.9991E-05
0.46098 0.0974885 0.141407 0.277147 0.0229774
0.0445327 0.152896 0.576523 0.225949 9.9991E-05
0.471483 0.127225 0.0167874 0.384405 9.9991E-05
0.128348 9.9991E-05 0.384125 0.451026 0.0364018
0.0595285 9.9991E-05 0.541011 0.388739 0.0106216
0.122389 9.9991E-05 0.406214 0.466163 0.00513339
0.159794 0.0455507 0.2819 0.512656 9.9991E-05
0.108173 0.0376328 0.673614 0.101895 0.0786847
0.0260658 0.126592 0.623772 0.139444 0.0841264
0.049392 0.0437531 0.592863 0.214827 0.0991647
0.403848 0.0764603 0.158341 0.36125 9.9991E-05
0.145241 0.00200524 0.593636 0.0313486 0.227769
0.269065 0.153344 0.434614 0.0610529 0.0819243
0.673674 9.9991E-05 0.0217072 0.0690793 0.23544
0.13583 0.0189746 0.634289 0.0229304 0.187976
0.35914 0.0230129 0.421103 0.0686523 0.128092
0.137178 0.114509 0.538014 0.131522 0.0787762
0.43598 0.0213163 0.298133 0.108606 0.135965
0.488554 9.9991E-05 0.255565 0.112376 0.143405
0.366903 0.0361288 0.439418 0.102583 0.0549674
0.191571 0.129879 0.487105 0.0518979 0.139547
0.226418 0.0856211 0.455619 0.0918092 0.140533
0.63597 0.168571 0.0233451 0.0764521 0.0956618
0.190994 0.0498988 0.63178 0.0316645 0.0956634
0.389735 9.9982E-05 0.423915 0.18615 9.9982E-05
0.230051 0.0164954 0.572183 0.181171 9.9991E-05
0.0566718 0.0846708 0.624039 0.116311 0.118307
0.235459 0.249764 0.133466 9.9991E-05 0.381211
0.25095 0.147945 9.9982E-05 9.9982E-05 0.600905
0.365566 0.141916 9.9982E-05 9.9982E-05 0.492318
0.138132 0.372852 0.0224925 0.0649378 0.401585
0.297604 0.0603391 0.638852 9.9991E-05 0.00310448
0.124356 0.0580442 0.587414 0.0818989 0.148287
9.9973E-05 0.721985 0.277715 9.9973E-05 9.9973E-05
0.0113576 0.441084 0.375893 0.136381 0.035284
0.127349 0.556223 0.228346 0.0708454 0.0172364
0.518496 9.9982E-05 0.419973 9.9982E-05 0.0613308
0.160918 0.0750034 0.616986 0.0496747 0.0974175
0.625617 0.0752858 0.242996 0.0305496 0.0255517
0.24309 9.9982E-05 0.659888 9.9982E-05 0.096822
0.33318 0.0887426 0.462555 0.0737182 0.0418041
0.335937 0.090415 0.539066 0.0344824 9.9991E-05
0.635296 0.00599043 0.239738 0.0775593 0.0414158
0.0784769 0.122066 0.586895 0.1837 0.0288622
0.176521 0.0720385 0.650082 0.0122763 0.0890828
0.0263311 0.973369 9.9973E-05 9.9973E-05 9.9973E-05
0.00550572 0.922658 0.0716368 9.9982E-05 9.9982E-05
0.0296919 0.574187 0.308487 0.0425106 0.0451233
9.9982E-05 0.684677 0.27168 0.0434432 9.9982E-05
0.0551368 0.784458 0.114344 0.0295613 0.0164999
9.997E-05 0.9996 9.997E-05 9.997E-05 9.997E-05
9.997E-05 0.9996 9.997E-05 9.997E-05 9.997E-05
9.9973E-05 0.952088 0.0476119 9.9973E-05 9.9973E-05
9.9982E-05 0.958759 0.0134672 0.027574 9.9982E-05
9.997E-05 0.9996 9.997E-05 9.997E-05 9.997E-05
9.997E-05 0.9996 9.997E-05 9.997E-05 9.997E-05
9.9991E-05 0.792094 0.136021 0.0389816 0.0328028
9.9991E-05 0.828401 0.104858 0.0241042 0.0425362
9.997E-05 0.9996 9.997E-05 9.997E-05 9.997E-05
9.9991E-05 0.39607 0.340792 0.245033 0.0180046
9.9991E-05 0.686822 0.20766 0.00325196 0.102166
9.9982E-05 0.74335 0.21381 9.9982E-05 0.0426404
9.9991E-05 0.904341 0.0626234 0.00365896 0.0292766
9.9982E-05 0.986038 0.0126503 9.9982E-05 0.00111166
9.9991E-05 0.942708 0.0169451 0.0344026 0.0058443
9.997E-05 0.9996 9.997E-05 9.997E-05 9.997E-05
9.9991E-05 0.601478 0.279424 0.0137129 0.105285
9.9991E-05 0.92062 0.0375773 0.0111701 0.0305321
0.553308 0.0781643 9.9982E-05 9.9982E-05 0.368328
0.168426 0.136664 0.381822 0.150011 0.163078
0.183822 0.102723 0.423912 0.00291665 0.286626
0.405444 0.169174 0.125836 0.0119477 0.287598
0.18846 0.173139 0.437446 9.9991E-05 0.200854
0.353193 0.088877 0.228819 9.9991E-05 0.329012
0.140024 0.0856931 0.495518 0.0646856 0.214079
0.318763 0.200227 0.305769 9.9991E-05 0.175141
0.173722 0.081532 0.432824 0.0412062 0.270715
0.21123 0.233858 0.332512 9.9991E-05 0.222301
0.13842 0.133517 0.45025 0.11645 0.161362
9.9982E-05 9.9982E-05 0.0274472 0.113895 0.858458
0.0297451 0.0335435 9.9991E-05 0.0314989 0.905112
9.9973E-05 9.9973E-05 9.9973E-05 0.0353069 0.964393
9.99768E-05 9.99768E-05 9.99768E-05 0.0543339 0.945366
9.9982E-05 0.0657367 9.9982E-05 0.0385384 0.895525
0.0130069 0.0900715 9.9982E-05 9.9982E-05 0.896722
9.9982E-05 0.0563135 0.0252012 9.9982E-05 0.918285
0.0883264 9.9982E-05 0.0171568 9.9982E-05 0.894317
9.9991E-05 0.00378874 0.080547 0.0140796 0.901485
9.9991E-05 0.0724687 0.0240079 0.038628 0.864795
0.110842 0.00594428 9.9991E-05 0.27085 0.612264
0.00456983 0.0168447 9.9991E-05 0.377367 0.601119
0.166366 9.9982E-05 9.9982E-05 0.278209 0.555225
0.115848 9.9991E-05 0.0273336 0.383964 0.472754
0.182049 0.0760038 0.548148 0.107672 0.0861276
0.144317 0.0208208 0.571064 0.189819 0.0739792
0.105409 0.0693163 0.547721 0.27155 0.00600405
0.139507 9.9991E-05 0.517503 0.340449 0.00244022
0.113972 0.00936052 0.236681 0.639887 9.9991E-05
0.167693 0.0740193 0.671742 0.0231145 0.0634307
0.159387 0.0299346 0.703675 0.106903 9.9991E-05
0.291864 0.00655734 0.586649 0.069934 0.0449955
0.431605 0.0293535 0.519158 0.0197835 9.9991E-05
0.0836934 0.0299977 0.645294 0.136727 0.104288
0.317423 9.9991E-05 0.545072 0.113276 0.0241294
0.769127 9.9982E-05 0.0933392 0.137334 9.9982E-05
0.206644 0.00853701 0.60202 0.119651 0.0631474
0.589075 9.9982E-05 0.385286 9.9982E-05 0.0254389
0.252777 9.9982E-05 0.700411 0.0466121 9.9982E-05
0.452012 9.9991E-05 0.249794 0.294143 0.00395078
0.137102 9.9991E-05 0.0190635 0.715144 0.12859
9.9982E-05 9.9982E-05 0.0391694 0.822601 0.13803
0.0672472 9.9991E-05 0.0395642 0.85285 0.0402388
0.094833 9.9982E-05 9.9982E-05 0.810265 0.0947021
9.9982E-05 0.0663889 0.0151221 0.918289 9.9982E-05
0.0268552 0.062812 0.0672692 0.782223 0.060841
9.9982E-05 0.0287787 0.0572631 9.9982E-05 0.913758
9.9982E-05 0.0834816 9.9982E-05 0.0902854 0.826033
9.9982E-05 0.0918569 0.122767 9.9982E-05 0.785176
9.9991E-05 0.105105 0.0597184 0.0642779 0.770798
0.0133224 0.0981117 0.0659986 0.0361866 0.786381
0.00963426 9.9982E-05 9.9982E-05 0.615062 0.375103
0.109857 9.9982E-05 9.9982E-05 0.392269 0.497675
0.0755895 0.00205047 0.00525493 0.472231 0.444874
9.9991E-05 0.0142261 0.146 0.00510697 0.834567
0.119202 0.0012975 9.9991E-05 0.514893 0.364507
0.0803435 0.415802 0.251352 0.0090285 0.243475
9.9982E-05 0.279383 0.541782 9.9982E-05 0.178635
9.9982E-05 0.269742 0.497615 9.9982E-05 0.232443
0.0335525 0.283338 0.321732 0.0312746 0.330103
0.0151634 0.279528 0.42432 0.0921788 0.18881
0.180571 0.308915 9.9982E-05 9.9982E-05 0.510313
0.121701 0.00229604 0.50562 0.370283 9.9991E-05
0.313638 9.9991E-05 0.428112 0.234328 0.0238221
0.00394647 9.9991E-05 0.338405 0.562008 0.0955396
0.260261 0.0720231 0.504415 0.163202 9.9991E-05
0.832829 9.9973E-05 9.9973E-05 0.166871 9.9973E-05
0.069152 0.0787876 0.567064 0.170019 0.114978
0.0549974 0.065177 0.587868 0.278706 0.013252
0.0407449 9.9991E-05 0.429448 0.464068 0.065639
0.0686236 0.0866335 0.488636 0.286034 0.0700731
0.533003 9.9991E-05 0.156182 0.268916 0.0417994
0.134871 0.0373035 0.57619 0.222912 0.0287236
0.0892543 0.00737686 0.646651 0.256618 9.9991E-05
0.156766 0.190619 0.470296 0.0123629 0.169957
0.235201 0.0451013 0.437772 0.281826 9.9991E-05
0.134196 0.0793006 0.459688 0.326715 9.9991E-05
0.20701 0.108915 0.544656 0.139319 9.9991E-05
0.155335 0.0407979 0.562446 0.227613 0.0138078
0.0945128 0.0452735 0.666904 0.133253 0.0600562
0.0443497 0.138899 0.539643 0.0938442 0.183264
9.9991E-05 0.052768 0.654303 0.163342 0.129488
9.9982E-05 0.0803958 0.117695 9.9982E-05 0.801709
0.00232815 0.000616293 0.129554 9.9991E-05 0.867402
0.0555201 0.0021458 0.111208 0.0314978 0.799628
0.0413911 9.9991E-05 0.0791648 0.010885 0.868459
9.9973E-05 9.9973E-05 0.150806 9.9973E-05 0.848894
0.116353 0.0715457 0.190801 0.621201 9.9991E-05
0.123096 0.0993635 0.488173 0.165025 0.124342
0.12813 0.128609 0.475104 9.9991E-05 0.268058
0.0702499 9.9991E-05 0.745878 0.138833 0.0449389
0.0456183 9.9991E-05 0.625792 0.283972 0.0445184
0.219897 0.0933282 0.285354 0.369161 0.0322604
0.246904 9.9991E-05 0.0163589 0.612703 0.123934
0.0304857 0.0498556 0.57101 0.313935 0.0347136
0.0802627 0.0410054 0.21202 0.531095 0.135616
0.136415 0.0398729 0.532232 0.240716 0.0507638
0.0946222 0.00758714 0.170401 0.577109 0.150281
0.0247349 0.1402 0.500807 0.26103 0.0732273
0.0862477 0.0410092 0.253318 0.577694 0.0417314
0.210012 0.0544948 0.352995 0.320348 0.06215
0.178695 0.00991215 0.615658 0.0564221 0.139312
0.46213 9.9991E-05 0.37579 0.0937229 0.0682572
0.210594 0.00374095 0.64074 9.9991E-05 0.144825
0.207919 0.0215102 0.529594 0.108874 0.132103
0.500509 0.00135067 0.357275 0.140765 9.9991E-05
0.203966 0.0764342 0.519712 0.110666 0.0892215
0.238021 9.9982E-05 0.62431 9.9982E-05 0.137469
0.765225 9.9982E-05 0.124552 0.110023 9.9982E-05
0.640957 9.9982E-05 0.328316 9.9982E-05 0.0305271
0.298996 9.9991E-05 0.516165 0.0831476 0.101591
0.640298 9.9991E-05 0.184029 0.155193 0.0203792
0.328586 9.9991E-05 0.529693 0.123111 0.0185098
0.200402 9.9991E-05 0.153538 0.639496 0.00646353
0.330371 0.0703998 0.249976 0.349153 9.9991E-05
0.057826 0.125215 0.348442 0.454044 0.0144736
0.0303031 0.0758509 0.638357 0.204802 0.0506867
0.116151 0.015523 0.337162 0.531063 9.9991E-05
0.196194 0.147633 0.394922 0.149265 0.111986
0.0200688 0.135918 0.542709 0.19352 0.107785
0.035785 0.145741 0.395774 0.378576 0.0441234
0.029667 0.132499 0.433917 0.403817 9.9991E-05
0.0598519 0.0940626 0.445824 0.372037 0.0282255
0.0128134 0.126125 0.275929 0.585033 9.9991E-05
0.0712443 0.105844 0.373435 0.449377 9.9991E-05
0.0797488 0.050922 0.638702 0.230527 9.9991E-05
0.107682 0.0424458 0.538865 0.238198 0.0728089
0.240649 0.038827 0.419517 0.2581 0.0429064
0.112398 0.133922 0.472664 0.280915 9.9991E-05
9.9991E-05 0.149647 0.332064 0.450462 0.0677268
9.9991E-05 0.0409824 0.665293 0.228212 0.0654129
0.0475478 0.104409 0.514101 0.278394 0.0555487
0.112832 0.130904 0.588252 0.124093 0.04392
9.9982E-05 0.125954 0.483393 9.9982E-05 0.390453
0.143824 0.241318 0.502481 9.9991E-05 0.112276
0.111451 0.231314 0.452182 0.0496242 0.155429
0.0346937 0.109877 0.622978 0.108484 0.123967
0.0364235 0.19714 0.492107 0.0148441 0.259485
0.20567 0.0658003 0.473583 0.254847 9.9991E-05
9.9991E-05 0.174589 0.576855 0.166681 0.0817757
0.506362 0.181456 9.9991E-05 0.0134109 0.298671
0.0288289 0.173559 0.560426 0.0963994 0.140786
0.103098 0.192802 0.566696 9.9991E-05 0.137304
0.0765789 0.341736 0.391916 0.138291 0.0514786
0.185433 0.193964 0.310465 0.174186 0.135953
0.00983464 0.146268 0.624277 9.9991E-05 0.219521
0.00257107 0.16534 0.62575 9.9991E-05 0.206239
0.307658 0.182427 9.9982E-05 9.9982E-05 0.509715
0.0336102 0.214818 0.506734 0.0525998 0.192238
0.0454188 0.292879 0.506111 9.9991E-05 0.155491
0.023694 0.170122 0.587669 0.0651723 0.153342
9.9982E-05 0.265067 0.458546 9.9982E-05 0.276187
0.179164 0.164479 0.496205 9.9991E-05 0.160052
0.318401 0.121566 0.506734 0.00622796 0.0470711
0.136718 0.205231 0.494995 0.157057 0.00599861
0.772807 9.9982E-05 0.149786 0.0772067 9.9982E-05
0.831969 9.9982E-05 0.103687 0.0641441 9.9982E-05
0.378334 0.165179 0.362678 0.0672709 0.0265373
0.124715 0.312492 0.411887 9.9991E-05 0.150806
0.148025 0.348276 0.35383 9.9991E-05 0.149768
0.294532 0.348645 0.127181 9.9991E-05 0.229543
0.165624 0.316576 0.325037 9.9991E-05 0.192663
0.688126 0.141872 0.033092 9.9991E-05 0.13681
0.58543 0.182249 0.117139 9.9991E-05 0.115081
0.235654 0.161233 0.533795 0.0692188 9.9991E-05
0.255637 0.15528 0.48106 9.9991E-05 0.107923
0.47241 0.18803 0.229284 0.00229341 0.107982
0.191059 0.109766 0.571049 0.0407189 0.0874072
0.231966 0.154111 0.613723 9.9982E-05 9.9982E-05
0.13011 0.12255 0.549056 0.119075 0.0792095
0.431185 9.9991E-05 0.389562 0.134965 0.0441883
0.459755 0.0865761 0.365088 0.0884814 9.9991E-05
0.201522 0.0475944 0.581917 0.10524 0.0637266
0.274306 0.0112963 0.508935 0.114392 0.0910708
0.238017 0.0717015 0.515202 0.0694967 0.105583
0.355273 9.9982E-05 0.644286 0.000240457 9.9982E-05
0.570653 9.9982E-05 0.314801 0.114346 9.9982E-05
0.27831 0.0355996 0.638603 9.9991E-05 0.0473866
0.651031 0.037802 0.276551 0.0345162 9.9991E-05
0.426 9.9982E-05 0.553528 9.9982E-05 0.0202717
0.100668 0.0524253 0.608124 0.120998 0.117785
0.291229 0.105946 0.471374 0.131351 9.9991E-05
0.0479488 0.203839 0.516662 0.0365662 0.194984
0.0615382 0.206354 0.386374 0.171568 0.174166
0.161615 0.374247 0.267293 0.0165132 0.180332
0.111411 0.239272 0.342808 0.105505 0.201004
0.0172198 0.235393 0.493938 0.0828466 0.170603
0.132161 0.178413 0.519401 9.9991E-05 0.169925
0.579106 0.205321 9.9982E-05 9.9982E-05 0.215373
0.0342206 0.23487 0.621389 0.0325421 0.0769782
0.453303 0.148845 9.9982E-05 9.9982E-05 0.397651
0.154457 0.26537 0.494189 9.9991E-05 0.0858838
0.778968 9.9973E-05 0.220733 9.9973E-05 9.9973E-05
0.85436 9.9991E-05 0.0764714 0.0575554 0.0115131
0.378837 0.00318275 0.542427 0.0754524 9.9991E-05
0.280486 0.0443978 0.631802 9.9991E-05 0.043214
0.431692 9.9982E-05 0.52216 0.0459486 9.9982E-05
0.358713 9.9991E-05 0.597869 0.0244544 0.0188637
0.283269 9.9991E-05 0.637952 0.0553992 0.0232804
0.0680128 0.0274451 0.0955399 0.00231144 0.806691
9.9982E-05 0.1067 9.9982E-05 0.139542 0.753557
9.9982E-05 0.0487546 9.9982E-05 0.0802854 0.87076
9.9973E-05 9.9973E-05 0.0445483 9.9973E-05 0.955152
0.313453 0.108302 0.536798 0.00390555 0.0375414
0.190977 9.9991E-05 0.661527 0.0299693 0.117427
0.243947 9.9982E-05 0.626491 0.129362 9.9982E-05
0.133997 9.9991E-05 0.69865 0.070682 0.0965709
0.206241 0.126233 0.508735 0.091629 0.0671613
0.442428 9.9982E-05 0.389677 0.167695 9.9982E-05
0.127452 0.0566664 0.77141 0.0443715 9.9991E-05
0.468905 9.9982E-05 0.524266 9.9982E-05 0.0066291
9.9991E-05 0.1968 0.475782 0.0326393 0.294678
0.330626 0.0595602 0.484878 0.124835 9.9991E-05
0.237768 9.9982E-05 0.49881 0.263222 9.9982E-05
0.178329 0.0120088 0.693929 0.115633 9.9991E-05
0.311025 9.9991E-05 0.543369 0.125067 0.0204391
0.298044 9.9982E-05 0.700089 9.9982E-05 0.00166729
0.11885 0.00296624 0.70867 0.0986692 0.0708453
0.718899 9.9973E-05 0.280801 9.9973E-05 9.9973E-05
0.577892 0.00434728 0.397925 0.0197365 9.9991E-05
0.416389 0.0119317 0.442101 0.123786 0.00579173
0.939846 9.9973E-05 0.0598537 9.9973E-05 9.9973E-05
0.189704 0.00531411 0.529004 0.275877 9.9991E-05
0.728255 9.9982E-05 0.237862 0.0336831 9.9982E-05
0.88728 9.9982E-05 0.0271578 0.0853618 9.9982E-05
0.281048 0.0667195 0.624661 9.9991E-05 0.027472
0.432961 0.000552655 0.409015 0.130471 0.0270002
0.270861 0.0248299 0.548344 0.155865 9.9991E-05
0.189639 0.0460673 0.695643 9.9991E-05 0.0685514
0.153172 9.9982E-05 0.707749 0.13888 9.9982E-05
0.252835 0.128213 0.323456 0.295396 9.9991E-05
0.206568 0.0255742 0.652924 0.0696392 0.0452946
0.171502 9.9991E-05 0.606307 0.14977 0.0723205
0.467887 9.9982E-05 0.453246 0.0786673 9.9982E-05
0.176162 0.0661699 0.593321 0.0864239 0.0779229
0.0443867 0.00929567 0.00423247 0.301269 0.640816
0.0511887 9.9991E-05 0.0462265 0.113051 0.789434
0.0409792 9.9982E-05 9.9982E-05 0.106419 0.852401
0.0471232 9.9982E-05 9.9982E-05 0.131676 0.821001
9.9982E-05 9.9982E-05 0.031122 0.234873 0.733805
0.454319 9.9982E-05 0.306908 0.238573 9.9982E-05
0.524517 9.9982E-05 0.279246 0.196037 9.9982E-05
0.658407 9.9973E-05 0.341293 9.9973E-05 9.9973E-05
0.214363 0.0509491 0.532762 0.00353737 0.198389
0.160146 0.0190726 0.641903 0.00100347 0.177875
0.559367 9.9973E-05 0.440333 9.9973E-05 9.9973E-05
0.18135 0.13129 0.68716 9.9982E-05 9.9982E-05
0.34476 9.9982E-05 0.56672 9.9982E-05 0.0883199
0.235612 0.0201888 0.605014 0.0963422 0.0428425
0.187131 0.120061 0.633437 0.0207985 0.0385724
0.386457 9.9982E-05 0.430242 0.183101 9.9982E-05
0.364694 9.9982E-05 0.50726 0.127846 9.9982E-05
0.258614 9.9982E-05 0.543516 0.19767 9.9982E-05
0.112788 0.0478054 0.634619 0.0510277 0.15376
0.278377 9.9982E-05 0.564552 0.156871 9.9982E-05
0.199315 9.9991E-05 0.610891 0.152416 0.0372784
0.0280312 0.408279 0.414656 0.0442214 0.104812
9.9982E-05 0.441795 0.389929 9.9982E-05 0.168076
0.0769643 0.505231 0.275593 0.00537027 0.136841
0.0454698 0.543335 0.241052 9.9991E-05 0.170043
9.9991E-05 0.306341 0.534004 0.01583 0.143725
0.325222 0.0229369 0.586599 0.0228903 0.0423516
9.9982E-05 0.601711 0.0617068 9.9982E-05 0.336383
9.9991E-05 0.437635 0.385451 0.00250822 0.174306
0.197475 0.166658 0.457014 9.9991E-05 0.178753
0.135955 0.0442715 0.616723 0.0129658 0.190086
0.177632 0.0261095 0.516021 0.0876664 0.192572
0.0699543 0.100811 0.591088 0.0748908 0.163256
0.148562 0.0251811 0.593746 0.186654 0.0458572
9.9982E-05 0.462259 0.357727 9.9982E-05 0.179814
9.9991E-05 0.410234 0.325071 0.0801724 0.184422
9.9982E-05 0.558653 0.359694 9.9982E-05 0.0814531
0.0429203 0.348067 0.408027 0.0608803 0.140104
0.0404352 0.526943 0.29562 9.9991E-05 0.136902
0.0639658 0.295754 0.439121 0.0529631 0.148196
0.0278589 0.603272 0.238711 0.029359 0.1008
0.00158407 0.372423 0.424934 0.0833843 0.117674
0.217299 0.0165373 0.626962 9.9991E-05 0.139102
0.118861 0.32746 0.3106 0.0465847 0.196495
9.9982E-05 0.659469 0.161235 9.9982E-05 0.179096
9.9991E-05 0.363301 0.457176 0.0140986 0.165325
0.317872 9.9991E-05 0.25819 0.267374 0.156465
0.105742 0.159038 0.545719 0.169114 0.0203869
0.0219349 0.336069 0.382897 0.0820799 0.17702
0.0424718 0.0938698 0.644321 0.114302 0.105035
0.239845 0.0196857 0.541241 0.00601841 0.19321
0.130894 0.275478 0.38875 9.9991E-05 0.204778
0.174817 0.324565 0.307308 9.9991E-05 0.193211
0.0632858 0.201824 0.448591 0.184754 0.101545
0.100619 0.373607 0.403628 9.9991E-05 0.122046
0.100456 0.500726 0.353204 9.9991E-05 0.0455147
9.9982E-05 0.624731 0.119634 9.9982E-05 0.255435
0.138382 0.115096 0.594306 0.104949 0.0472671
0.257135 9.9991E-05 0.509041 0.118596 0.115128
0.590134 0.0594086 0.156626 0.0274935 0.166337
0.063877 0.0225349 0.670484 0.0900385 0.153066
0.174326 0.0828155 0.371767 0.260707 0.110384
0.184355 0.248769 0.350287 9.9991E-05 0.216489
0.243249 0.0622413 0.489763 0.0681787 0.136568
0.427106 0.208859 9.9982E-05 9.9982E-05 0.363835
0.478824 0.141399 9.9982E-05 9.9982E-05 0.379577
0.290171 0.224565 0.246287 0.0634388 0.175537
0.375218 0.209768 0.0625491 9.9991E-05 0.352365
0.246357 0.250514 9.9982E-05 9.9982E-05 0.50293
0.28566 0.132164 0.423182 0.0444417 0.114552
0.165616 0.21596 0.336398 0.0232043 0.258821
0.338241 0.246682 0.0765678 9.9991E-05 0.338409
0.431867 0.181789 0.0771709 9.9991E-05 0.309073
0.192174 0.110953 0.527585 0.0432484 0.12604
0.419122 0.119243 0.191377 9.9991E-05 0.270158
0.417346 0.0374868 9.9982E-05 9.9982E-05 0.544967
0.00150356 0.142027 0.584195 0.0938267 0.178448
0.143296 0.257826 0.344536 9.9991E-05 0.254243
0.016426 0.148474 0.509856 0.00343991 0.321804
9.9982E-05 0.310971 0.505148 9.9982E-05 0.183681
0.0189322 0.20429 0.517835 0.0767743 0.182168
0.0680729 0.250325 0.454834 9.9991E-05 0.226668
9.9991E-05 0.184329 0.400574 0.0203282 0.394669
0.0340313 0.0972882 0.636854 9.9991E-05 0.231727
9.9982E-05 0.243201 0.505502 9.9982E-05 0.251097
0.168137 0.30617 0.245607 0.0401448 0.239942
0.214243 0.163985 0.327617 0.180133 0.114022
0.0761611 0.177993 0.520952 0.0644934 0.1604
0.0269247 0.252708 0.504282 0.0544437 0.161642
0.136595 0.0412838 0.6429 9.9991E-05 0.179121
0.0392547 0.351322 0.339133 9.9991E-05 0.27019
9.9991E-05 0.199843 0.520884 0.0124697 0.266703
0.224808 0.211426 0.133216 9.9991E-05 0.430451
9.9991E-05 0.253071 0.504658 0.0815944 0.160577
0.180373 0.318075 0.217833 9.9991E-05 0.28362
0.0510307 9.9991E-05 0.0183191 0.110141 0.82041
9.9982E-05 9.9982E-05 0.139023 0.839894 0.0208831
9.997E-05 9.997E-05 9.997E-05 0.9996 9.997E-05
9.997E-05 9.997E-05 9.997E-05 0.9996 9.997E-05
9.9973E-05 9.9973E-05 0.0416274 0.958073 9.9973E-05
9.9973E-05 0.0527084 9.9973E-05 0.946992 9.9973E-05
9.9973E-05 9.9973E-05 0.0769223 0.922778 9.9973E-05
9.9973E-05 9.9973E-05 9.9973E-05 0.983289 0.016411
9.9973E-05 9.9973E-05 9.9973E-05 0.801024 0.198676
9.9991E-05 0.0303571 0.0283334 0.0276603 0.913549
9.9982E-05 9.9982E-05 0.0795186 0.0859787 0.834303
9.9982E-05 0.0293407 0.0490277 9.9982E-05 0.921432
9.9982E-05 9.9982E-05 0.0627114 0.0958481 0.841241
9.9991E-05 0.0312675 0.0333843 0.0314748 0.903773
0.0131009 0.0145836 9.9991E-05 0.0374385 0.934777
9.9991E-05 0.0888571 0.0688056 0.0750526 0.767185
0.00918779 0.0716625 0.0190456 9.9991E-05 0.900004
0.0809951 0.00949712 0.0347404 0.12676 0.748008
9.9982E-05 0.0664797 9.9982E-05 0.0117739 0.921546
9.9973E-05 9.9973E-05 9.9973E-05 0.0104626 0.989237
9.9982E-05 0.0763381 9.9982E-05 0.0984002 0.825062
9.9982E-05 0.0369912 9.9982E-05 0.0404707 0.922338
9.9991E-05 0.00462337 0.0695829 0.00568157 0.920012
9.9991E-05 0.0240514 0.101109 0.0212424 0.853498
9.9982E-05 0.0607203 0.0737634 9.9982E-05 0.865316
9.9982E-05 0.102692 0.0853961 9.9982E-05 0.811712
9.9982E-05 0.0454232 0.161608 9.9982E-05 0.792769
9.9982E-05 0.0809323 0.113699 9.9982E-05 0.805168
0.170683 9.9991E-05 0.452057 0.148921 0.22824
0.110996 9.9991E-05 0.756873 0.0184172 0.113614
0.1008 0.0822241 0.637435 0.037744 0.141797
0.747404 0.0770718 0.10683 9.9991E-05 0.0685943
0.140492 0.0469901 0.562318 0.114937 0.135263
0.669339 0.0795137 0.0667281 9.9991E-05 0.184319
0.112843 0.0691063 0.678509 0.0395283 0.100014
0.221875 9.9991E-05 0.486416 0.17469 0.116919
0.243089 9.9982E-05 0.622435 9.9982E-05 0.134276
0.115981 9.9991E-05 0.682555 0.118511 0.0828532
0.158391 0.00897026 0.50834 0.22554 0.0987592
0.151982 9.9991E-05 0.713785 0.0156568 0.118477
0.0944956 0.0500571 0.597282 0.115573 0.142591
0.412533 0.0838477 9.9982E-05 0.503419 9.9982E-05
0.778336 9.9982E-05 9.9982E-05 0.0995255 0.121939
0.618281 0.0230097 0.213751 0.0108663 0.134092
0.0975974 0.028133 0.629419 0.0419959 0.202854
0.223436 0.040941 0.53185 0.0761696 0.127603
0.262546 9.9982E-05 0.601739 9.9982E-05 0.135515
0.055586 0.0844938 0.714085 0.00427642 0.141558
0.0170388 0.100104 0.664754 0.0157958 0.202307
9.9991E-05 0.143936 0.620498 0.0515466 0.18392
0.125692 0.115505 0.186195 0.128208 0.4444
0.0626988 9.9991E-05 0.634884 0.0622229 0.240094
0.0624082 0.169958 0.402796 0.106814 0.258024
0.356067 0.172434 9.9982E-05 9.9982E-05 0.471299
0.127825 0.243874 0.304706 9.9991E-05 0.323496
0.130403 0.21155 0.291074 0.0277386 0.339234
9.9991E-05 0.0961646 0.412908 0.172569 0.318259
0.100864 0.26487 0.436867 0.080359 0.11704
0.0478153 0.168382 0.481768 0.0590067 0.243028
0.0738831 0.0767494 0.588075 0.0367939 0.224498
0.210315 0.17388 0.418668 9.9991E-05 0.197037
0.0334043 0.127247 0.369621 9.9991E-05 0.469628
