0.92479 0.0501777 9.9982E-05 9.9982E-05 0.0248321
0.897428 0.0478694 0.0399023 9.9991E-05 0.0147004
0.832112 0.0241954 9.9991E-05 0.12454 0.0190526
0.780277 0.118874 9.9982E-05 9.9982E-05 0.100648
0.867528 0.0362432 9.9991E-05 0.0645452 0.0315841
0.599613 0.0309469 0.268131 0.0123283 0.0889809
0.867736 0.0251436 0.0807772 9.9991E-05 0.0262433
0.755988 0.162338 0.0511172 9.9991E-05 0.0304563
0.856127 0.0870084 0.0566649 9.9982E-05 9.9982E-05
0.73666 0.0515099 0.0662852 0.036344 0.109201
0.757207 0.101068 0.110425 0.0312 9.9991E-05
9.999E-05 0.481915 0.149092 0.265784 0.103109
9.9991E-05 0.336166 0.0240559 0.497241 0.142437
9.999E-05 0.466429 0.152226 0.236608 0.144636
0.0395408 0.373899 0.0704428 0.30517 0.210947
0.0915477 0.242565 0.0931892 0.360649 0.212049
0.057027 0.146538 0.0220772 0.629396 0.144961
0.00667632 0.301945 0.143023 0.442385 0.105971
0.0506886 0.408095 0.0336995 0.345873 0.161644
9.999E-05 0.690896 0.193539 0.0204999 0.0949641
9.999E-05 0.277526 0.145885 0.490939 0.085551
0.0160425 0.19535 0.265247 0.406235 0.117125
0.0606666 0.189915 0.0600133 0.582627 0.106778
0.0244573 0.353968 0.17226 0.342722 0.106592
0.00915609 0.167436 0.0176866 0.628051 0.17767
0.0698601 0.243502 0.0034581 0.573542 0.109638
0.0389127 0.477754 0.132586 0.236058 0.114689
0.0329638 0.435675 0.0975195 0.258286 0.175555
9.9991E-05 0.400249 0.273301 0.294888 0.0314613
0.835795 9.9982E-05 9.9982E-05 0.114013 0.0499916
0.847021 9.9973E-05 9.9973E-05 0.152679 9.9973E-05
0.799584 9.9982E-05 9.9982E-05 0.177618 0.0225979
0.773383 9.9991E-05 0.00330364 0.170819 0.0523945
9.9991E-05 0.157634 0.148153 0.679542 0.0145711
0.128582 0.144572 0.0796429 0.626137 0.0210666
0.0454404 9.9991E-05 0.226091 0.718124 0.0102451
0.0532198 0.576368 0.138457 0.231705 0.000250333
0.031796 0.0736368 0.426851 0.467616 9.9991E-05
0.0908507 0.165682 0.107502 0.616012 0.0199535
0.0443215 9.9982E-05 0.141699 0.813779 9.9982E-05
0.144105 0.0353542 0.181373 0.639068 9.9991E-05
0.102834 0.0509969 0.0577396 0.7694 0.0190291
9.9982E-05 0.215591 0.435166 0.349043 9.9982E-05
0.0743703 0.0382183 0.114158 0.704745 0.0685085
0.0532206 9.9991E-05 0.292083 0.567645 0.0869517
0.099637 0.0529738 0.0979172 0.594057 0.155415
9.9973E-05 9.9973E-05 0.494655 0.505045 9.9973E-05
0.0296267 0.055783 0.173391 0.579993 0.161206
0.117453 0.0055446 0.168879 0.628118 0.0800056
0.0740229 0.0907808 0.833215 0.00188124 9.9991E-05
9.9982E-05 0.395779 0.310256 0.293765 9.9982E-05
0.0749336 0.198167 0.578487 0.108202 0.0402111
0.0224014 0.12905 0.128696 0.628455 0.0913976
0.0958861 0.047577 0.0990689 0.651891 0.105577
0.126618 0.0321966 0.167545 0.626067 0.0475733
0.0872751 0.336206 0.311871 0.264548 9.9991E-05
9.9991E-05 0.155361 0.15528 0.61986 0.0693994
0.0562164 0.106071 0.102233 0.612042 0.123438
0.102679 0.239715 0.218449 0.439057 9.9991E-05
0.181632 0.384036 0.298679 0.0446642 0.0909888
0.0792584 0.145851 0.143721 0.576868 0.0543015
0.0238201 0.385526 0.127544 0.366108 0.0970021
0.0437339 0.562075 0.290695 0.103396 9.9991E-05
9.9991E-05 0.280491 0.182898 0.429754 0.106757
0.00585008 0.114524 0.122923 0.678786 0.0779169
0.0362534 0.179732 0.048243 0.63984 0.0959321
0.00534577 0.316339 0.282577 0.266307 0.129432
9.9991E-05 0.250714 0.17516 0.452364 0.121662
0.0523892 0.212321 0.0716322 0.562335 0.101323
0.0327072 0.400015 0.341172 0.219949 0.00615696
9.9982E-05 0.0770984 0.236313 0.686389 9.9982E-05
9.9982E-05 0.221304 0.376231 0.402264 9.9982E-05
0.13148 0.0456785 0.17453 0.586389 0.0619221
9.9982E-05 0.0359879 0.785805 0.178007 9.9982E-05
9.9982E-05 0.0800166 0.736448 0.183336 9.9982E-05
9.9982E-05 0.0578663 0.488733 0.453201 9.9982E-05
9.9982E-05 0.11911 0.279381 0.60131 9.9982E-05
0.104488 0.113593 0.108591 0.573059 0.10027
0.029912 0.117112 0.204891 0.635583 0.0125019
0.00591188 0.249211 0.397117 0.34766 9.9991E-05
0.0482947 0.310095 0.228454 0.413057 9.9991E-05
0.156664 9.9991E-05 0.139962 0.672973 0.0303013
0.0297322 0.130627 0.328827 0.510714 9.9991E-05
0.0229313 0.0714964 0.376561 0.528911 9.9991E-05
9.9982E-05 0.00076518 0.473118 0.525917 9.9982E-05
9.9982E-05 0.0351723 0.786544 0.178084 9.9982E-05
0.0475527 0.0046375 0.278113 0.636658 0.033039
0.82564 0.0442967 9.9991E-05 0.0985975 0.0313663
0.906391 9.9973E-05 9.9973E-05 0.0933094 9.9973E-05
0.88819 9.9973E-05 9.9973E-05 0.11151 9.9973E-05
0.920967 9.9973E-05 9.9973E-05 0.0787333 9.9973E-05
0.891137 9.9982E-05 9.9982E-05 0.105813 0.00284953
0.924006 0.0233751 9.9991E-05 0.0500863 0.00243301
0.91428 9.9982E-05 9.9982E-05 0.0665157 0.0190044
0.0563049 0.181259 0.109504 0.615959 0.0369733
0.106888 0.0950175 0.146318 0.560866 0.0909098
9.9982E-05 0.17666 0.586559 0.236581 9.9982E-05
0.152961 9.9991E-05 0.1946 0.569043 0.0832956
0.0379744 0.1047 0.24428 0.604912 0.00813465
0.0341406 0.0157229 0.224568 0.725468 9.9991E-05
0.0237752 0.0469476 0.235693 0.658844 0.0347403
0.00261343 9.9991E-05 0.272303 0.706612 0.0183717
9.9982E-05 0.341755 0.534419 0.123627 9.9982E-05
0.182195 0.112111 0.0142709 0.647186 0.0442364
0.0551396 0.0140675 0.11585 0.720403 0.0945402
0.112343 0.0907892 0.0907918 0.617282 0.0887939
0.0512744 9.9982E-05 0.48306 0.465465 9.9982E-05
0.000137799 0.019792 0.267342 0.712628 9.9991E-05
0.0281586 0.117652 0.227897 0.626193 9.9991E-05
9.9991E-05 0.0149335 0.403964 0.577215 0.00378734
0.0575171 0.197968 0.146802 0.597613 9.9991E-05
0.231908 0.0518374 0.0333812 0.682773 9.9991E-05
0.00967134 0.39333 0.339224 0.147119 0.110656
0.110777 0.303589 0.0106493 0.484791 0.0901938
0.13978 0.145103 0.0251565 0.644924 0.0450365
0.103735 0.159558 0.0461813 0.65676 0.0337652
0.0119301 0.400428 9.9991E-05 0.55003 0.0375118
9.9982E-05 0.271521 9.9982E-05 0.660888 0.0673919
0.0345646 0.402872 9.9991E-05 0.529124 0.0333398
0.0610198 0.238143 0.0600829 0.595664 0.04509
0.0504269 0.226491 0.00822023 0.675031 0.0398309
0.0706193 0.21313 0.0836591 0.632492 9.9991E-05
0.00751115 0.25099 0.0826558 0.658743 9.9991E-05
0.0173016 0.153483 0.162111 0.502055 0.165049
0.125474 0.13269 0.0508599 0.621365 0.0696111
9.9991E-05 0.270453 0.0450393 0.59613 0.0882769
0.120934 0.111162 0.0407688 0.625069 0.102066
9.9991E-05 0.217412 0.158119 0.460065 0.164304
0.115967 0.229993 0.182208 0.437879 0.0339524
9.9991E-05 0.257097 0.0141726 0.602076 0.126554
9.9991E-05 0.1836 0.0408096 0.754747 0.0207426
9.9991E-05 0.448649 0.173723 0.26226 0.115269
0.0558468 0.26412 0.438338 0.20017 0.0415249
0.0437168 0.11914 0.158523 0.585095 0.0935253
9.9991E-05 0.282488 0.602095 0.0561116 0.0592057
0.0322639 0.462367 0.155761 0.349509 9.9991E-05
0.00207052 0.26835 0.176801 0.552679 9.9991E-05
0.0394095 0.437349 0.0921666 0.430975 9.9991E-05
9.9991E-05 0.473726 0.101282 0.334507 0.0903847
0.104667 0.180808 9.9991E-05 0.664013 0.0504124
0.129128 0.0241597 0.0658056 0.695597 0.0853093
0.0584258 0.231618 0.0942511 0.571896 0.043809
0.000570309 0.309765 0.429725 0.181629 0.0783107
0.121693 0.096345 0.0291105 0.683189 0.0696623
0.0686272 0.0692357 0.195532 0.577165 0.0894396
0.190713 0.0932959 0.673081 0.0428101 9.9991E-05
0.112648 0.0629904 0.133311 0.608785 0.0822664
0.107072 0.0733992 0.419849 0.381403 0.0182768
0.144439 0.0273962 0.219419 0.525751 0.0829955
0.0997716 0.087255 0.493332 0.270101 0.0495405
0.133457 0.141619 0.447378 0.277446 9.9991E-05
0.0977939 0.129766 0.26384 0.5085 9.9991E-05
0.0903648 0.155201 0.135143 0.538637 0.0806546
0.185343 0.151553 0.170085 0.436914 0.0561051
0.0687615 0.0842885 0.645334 9.9991E-05 0.201516
0.139963 0.147504 0.0404216 0.598258 0.0738537
9.9982E-05 0.10745 0.443929 0.448421 9.9982E-05
0.00100012 0.0947701 0.335299 0.56883 9.9991E-05
0.17376 0.0831237 0.110725 0.58791 0.0444816
0.36875 9.9991E-05 0.209319 0.152107 0.269724
0.579397 9.9982E-05 0.248145 9.9982E-05 0.172257
0.497045 9.9982E-05 0.350297 9.9982E-05 0.152458
0.402829 9.9991E-05 0.183469 0.0361598 0.377442
9.9982E-05 9.9982E-05 0.307887 0.637692 0.0542204
0.0812033 0.14758 0.0944196 0.657337 0.0194601
9.9982E-05 0.0291923 9.9982E-05 0.216463 0.754145
0.00834234 0.158907 9.9991E-05 0.34122 0.491431
0.100747 0.0427415 9.9991E-05 0.425626 0.430785
0.0206572 9.9991E-05 0.578866 0.319393 0.080984
0.0626719 0.035867 0.184035 0.585844 0.131582
0.00601151 0.0142496 0.706579 0.229001 0.044159
0.0804506 0.0736234 0.151272 0.610911 0.0837428
0.0494212 0.0596481 0.346911 0.515675 0.0283449
0.0079737 0.0735878 0.229238 0.601004 0.0881958
0.0355066 0.0540856 0.638247 0.253618 0.0185434
0.0595593 0.128177 0.0290058 0.664444 0.118813
0.134374 0.0379598 0.174041 0.653525 9.9991E-05
9.9973E-05 9.9973E-05 0.0477803 9.9973E-05 0.95192
9.9973E-05 9.9973E-05 9.9973E-05 0.0731349 0.926565
0.0509404 0.176711 9.9991E-05 0.22284 0.549409
0.00442452 9.9982E-05 9.9982E-05 0.284634 0.710742
9.9982E-05 0.0884617 9.9982E-05 0.102988 0.80835
9.997E-05 9.997E-05 9.997E-05 9.997E-05 0.9996
9.9973E-05 0.0222527 9.9973E-05 9.9973E-05 0.977447
9.9973E-05 9.9973E-05 9.9973E-05 0.108892 0.890808
9.9973E-05 0.0334466 9.9973E-05 9.9973E-05 0.966253
9.997E-05 9.997E-05 9.997E-05 9.997E-05 0.9996
9.997E-05 9.997E-05 9.997E-05 9.997E-05 0.9996
0.0182182 0.0509856 9.9991E-05 0.131258 0.799438
0.022872 0.0957218 9.9991E-05 0.0716664 0.80964
9.997E-05 9.997E-05 9.997E-05 9.997E-05 0.9996
0.000668063 0.137441 9.9991E-05 0.353484 0.508306
0.0545889 0.0563004 0.0305335 0.18151 0.677067
0.0154304 9.9982E-05 9.9982E-05 0.200537 0.783832
9.9982E-05 0.0253061 9.9982E-05 0.0160475 0.958446
0.00143919 9.9973E-05 9.9973E-05 9.9973E-05 0.998261
0.0510816 9.9982E-05 9.9982E-05 0.0457529 0.902965
9.997E-05 9.997E-05 9.997E-05 9.997E-05 0.9996
0.0438053 0.0795051 9.9991E-05 0.217648 0.658941
9.9982E-05 0.0343899 0.0065141 9.9982E-05 0.958896
0.388569 9.9982E-05 0.539146 9.9982E-05 0.0720845
0.195514 0.085996 0.189133 0.446626 0.0827302
0.219908 0.0478951 0.162744 0.490176 0.0792759
0.258676 9.9991E-05 0.403254 0.194545 0.143426
0.114314 0.0633389 0.169499 0.495081 0.157767
0.244797 9.9991E-05 0.409519 0.149474 0.19611
0.148893 0.0747056 0.217829 0.360158 0.198415
0.193123 9.9991E-05 0.223941 0.396998 0.185838
0.196908 9.9991E-05 0.159628 0.510768 0.132596
0.153402 9.9991E-05 0.260102 0.316595 0.2698
0.193496 0.0167818 0.182957 0.517946 0.0888196
0.816048 0.0634904 0.0637607 0.0566009 9.9991E-05
0.947801 9.9982E-05 0.01729 9.9982E-05 0.0347093
0.969957 9.9973E-05 0.0297429 9.9973E-05 9.9973E-05
0.95857 0.037325 9.9982E-05 0.00390458 9.9982E-05
0.901986 0.0708738 9.9991E-05 0.0246618 0.00237817
0.90545 9.9982E-05 0.00719665 9.9982E-05 0.0871536
0.903556 0.00637286 9.9982E-05 9.9982E-05 0.089871
0.925867 0.0183769 0.0412394 0.0123822 0.00213473
0.923294 9.9982E-05 9.9982E-05 0.055226 0.0212798
0.869878 0.0300293 9.9982E-05 9.9982E-05 0.0998931
0.610288 0.263647 0.125866 9.9982E-05 9.9982E-05
0.586592 0.344139 0.0549535 0.00269458 0.0116205
0.565741 0.284425 0.149634 9.9982E-05 9.9982E-05
0.535632 0.28776 0.176408 9.9982E-05 9.9982E-05
0.0294723 0.227562 0.0655928 0.645356 0.0320172
9.9991E-05 0.200486 0.19005 0.543725 0.0656391
0.0355828 0.188039 0.0342541 0.644743 0.097382
9.9982E-05 0.336044 0.108757 0.554999 9.9982E-05
9.9991E-05 0.616748 0.135181 0.242534 0.00543736
0.0850618 0.0275182 0.200244 0.638483 0.0486929
0.0183982 0.0625477 0.166945 0.720279 0.0318302
9.9991E-05 0.148807 0.229629 0.589366 0.0320974
9.9991E-05 0.0597793 0.375058 0.556706 0.00835672
0.00505682 0.170101 0.114291 0.658083 0.0524691
0.00817347 0.1651 0.248849 0.577777 9.9991E-05
9.9982E-05 0.155899 0.767314 0.0765877 9.9982E-05
0.0780274 0.154675 0.0908561 0.577501 0.0989396
0.00954977 0.04105 0.58525 0.361154 0.00299593
9.9982E-05 0.102392 0.216184 0.681224 9.9982E-05
0.0228238 0.381146 0.389395 0.206536 9.9991E-05
0.130041 0.698672 0.169867 9.9991E-05 0.00131967
0.118903 0.740735 0.0730264 0.0672357 9.9991E-05
0.0595689 0.849371 0.0577361 0.0332243 9.9991E-05
0.108581 0.753741 0.137478 9.9982E-05 9.9982E-05
0.0151397 0.748868 0.123716 0.0900214 0.0222547
0.06633 0.748509 0.0583364 0.0700799 0.0567443
0.873888 9.9982E-05 9.9982E-05 0.078278 0.0476338
0.815327 0.0833733 9.9991E-05 0.0267273 0.0744726
0.782667 0.00498073 9.9991E-05 0.0915781 0.120675
0.769286 0.0668665 9.9991E-05 0.055948 0.1078
0.818266 0.00812218 9.9991E-05 0.0672084 0.106303
0.427175 0.541975 0.0306501 9.9982E-05 9.9982E-05
0.48034 0.388107 0.131353 9.9982E-05 9.9982E-05
0.449308 0.455293 0.0881248 9.9991E-05 0.00717421
0.842677 9.9982E-05 9.9982E-05 0.13985 0.0172728
0.402249 0.475225 0.122326 9.9982E-05 9.9982E-05
0.255964 9.9991E-05 0.0769422 0.32918 0.337814
0.141057 0.0104168 9.9991E-05 0.566276 0.28215
0.197571 9.9982E-05 9.9982E-05 0.520588 0.281641
0.297156 9.9991E-05 0.144928 0.313295 0.244522
0.196452 0.080437 0.0445062 0.514038 0.164567
0.501727 9.9982E-05 0.192914 9.9982E-05 0.30516
9.9982E-05 0.37425 0.104058 0.521492 9.9982E-05
0.0519895 0.208274 0.312909 0.426727 9.9991E-05
0.0617171 0.479352 0.0885786 0.312989 0.0573628
0.00518512 0.162104 0.27286 0.522831 0.0370199
9.9973E-05 0.181379 0.818321 9.9973E-05 9.9973E-05
0.116911 0.09273 0.14479 0.611867 0.0337029
0.0447065 0.233609 0.182106 0.536339 0.00324027
0.0173534 0.389141 0.126973 0.466433 9.9991E-05
0.106432 0.126235 0.077466 0.660963 0.0289045
9.9982E-05 0.258562 0.568012 0.173226 9.9982E-05
9.9991E-05 0.165971 0.274644 0.471467 0.0878179
9.9991E-05 0.321631 0.0484123 0.538281 0.091575
0.165672 0.113603 0.17092 0.282114 0.267691
9.9991E-05 0.22622 0.289787 0.465495 0.0183982
0.0412224 0.196176 0.189358 0.496044 0.0771993
0.1084 0.0772788 0.213423 0.592463 0.00843516
9.9991E-05 0.168711 0.184962 0.638653 0.00757414
0.0399164 0.0620693 0.0854108 0.745763 0.0668403
0.122379 0.217311 0.0151188 0.645091 9.9991E-05
0.0604096 0.256629 0.0618341 0.462908 0.158219
0.787159 9.9982E-05 9.9982E-05 0.144086 0.0685545
0.82913 9.9991E-05 0.000250164 0.132636 0.0378843
0.80964 0.0843618 0.046579 0.0593197 9.9991E-05
0.79402 0.10803 0.0227755 9.9991E-05 0.0750748
0.851938 9.9973E-05 9.9973E-05 0.147762 9.9973E-05
9.9991E-05 0.648174 0.070832 0.171233 0.109661
0.0908801 0.148421 0.174689 0.467182 0.118827
0.252828 0.0808998 0.064347 0.449493 0.152433
0.00516436 0.190027 0.0155557 0.635891 0.153363
0.0610222 0.311266 9.9991E-05 0.561906 0.0657059
9.9991E-05 0.329407 0.341314 0.17294 0.156239
0.157387 0.594891 0.212757 0.0348652 9.9991E-05
0.0121992 0.374333 0.0182344 0.515584 0.0796484
0.0670964 0.55881 0.093092 0.213621 0.0673811
0.00267544 0.18035 0.196564 0.485629 0.134782
0.0616003 0.555699 0.221319 0.0812946 0.0800874
0.137748 0.126819 0.0477334 0.555452 0.132248
0.0200275 0.535581 0.161176 0.2258 0.057416
0.0384385 0.321902 0.176047 0.373891 0.0897214
0.102126 0.114214 0.188407 0.523255 0.071997
0.054337 0.13205 0.47542 0.310762 0.0274312
0.110052 0.0750167 0.155223 0.627242 0.0324665
0.123406 0.121924 0.110737 0.643833 9.9991E-05
0.0291892 0.0631057 0.489442 0.415068 0.00319556
0.0460725 0.0961529 0.201086 0.503231 0.153457
0.102743 0.022227 0.233346 0.641584 9.9991E-05
9.9982E-05 0.100123 0.77946 0.120216 9.9982E-05
0.0264243 9.9982E-05 0.648265 0.325111 9.9982E-05
0.00648384 0.0873341 0.307581 0.581134 0.0174678
0.0288037 0.118321 0.613447 0.239328 9.9991E-05
0.0286717 0.098235 0.273297 0.599696 9.9991E-05
0.0111657 0.605641 0.16948 0.16463 0.0490834
9.9991E-05 0.348278 0.322715 0.304068 0.0248396
0.010314 0.422266 0.0523243 0.492094 0.0230021
9.9991E-05 0.23356 0.00752917 0.628953 0.129858
9.9982E-05 0.517555 0.128683 0.353563 9.9982E-05
0.111116 0.152421 0.0751817 0.56781 0.093471
0.00882229 0.266025 0.113096 0.479813 0.132244
0.00552122 0.259381 0.0855184 0.612623 0.0369563
9.9991E-05 0.332351 0.0824782 0.433027 0.152044
0.066741 0.330302 9.9991E-05 0.528458 0.0743995
9.9991E-05 0.520081 0.0957042 0.300993 0.0831214
9.9991E-05 0.476536 0.0614052 0.35246 0.109498
9.9991E-05 0.234386 0.110308 0.645636 0.00956909
0.0347817 0.238025 0.0745296 0.591955 0.0607083
0.109866 0.196406 0.171304 0.464264 0.0581604
9.9991E-05 0.221106 0.104353 0.529816 0.144625
0.0959921 0.34734 0.0753346 0.429636 0.0516978
0.0205723 0.1916 0.0481462 0.70668 0.0330017
0.0901159 0.237818 0.0153243 0.564093 0.0926491
0.169151 0.173397 0.0166218 0.579759 0.0610711
0.356777 0.0236981 9.9991E-05 0.540723 0.0787028
0.108845 9.9991E-05 0.183456 0.436121 0.271478
0.139536 0.0615099 0.0878429 0.550924 0.160187
0.0755558 0.0461514 0.109099 0.641575 0.127619
0.168825 0.0520988 0.0469633 0.509857 0.222256
9.9991E-05 0.207543 0.217369 0.551683 0.0233047
0.215078 0.0251396 0.0536732 0.618974 0.087135
0.269686 0.00500509 0.527186 9.9991E-05 0.198023
0.073441 0.125446 0.098225 0.472749 0.230138
0.111057 0.0693119 0.0239606 0.526765 0.268905
0.160595 0.103562 0.012364 0.574107 0.149373
0.186619 0.0544721 0.244438 0.330269 0.184202
0.216859 9.9991E-05 0.0701301 0.599014 0.113897
0.136744 0.0572396 0.0396839 0.550936 0.215396
0.516494 9.9982E-05 0.303894 9.9982E-05 0.179412
0.169293 0.0197034 0.0472867 0.504506 0.259211
0.185155 0.050211 9.9991E-05 0.474569 0.289965
0.101395 0.0454848 0.0660426 0.639654 0.147424
0.223093 0.0104834 0.0338318 0.456581 0.27601
0.213748 0.0605097 0.0373897 0.535562 0.15279
0.0258097 0.0514844 0.335142 0.482865 0.104698
0.0672288 9.9991E-05 0.256096 0.575705 0.10087
9.9982E-05 0.0813587 0.80867 0.109771 9.9982E-05
9.9991E-05 0.0830682 0.863078 0.044788 0.00896569
0.029124 0.0652504 0.32048 0.444135 0.14101
0.113271 0.0656733 0.10973 0.388956 0.32237
0.105805 9.9991E-05 0.248276 0.277363 0.368456
0.212511 0.0287511 0.262994 0.168306 0.327438
0.250758 9.9991E-05 0.104611 0.392153 0.252379
0.106964 9.9991E-05 0.68079 0.0530973 0.159049
0.118086 9.9991E-05 0.541449 0.18033 0.160035
9.9982E-05 9.9982E-05 0.271554 0.561711 0.166536
0.0145146 9.9991E-05 0.30123 0.492278 0.191878
0.0941851 0.0182819 0.567003 0.162255 0.158275
0.0202849 0.107249 0.278895 0.444535 0.149036
0.0062048 9.9991E-05 0.253918 0.589539 0.150239
0.0675754 0.191697 0.0921832 0.445579 0.202965
0.0255396 0.0865933 0.467524 0.420244 9.9991E-05
9.9991E-05 0.0989975 0.430238 0.38815 0.082514
0.0423112 0.126743 0.247434 0.561037 0.022475
0.0152033 0.165505 0.327773 0.44941 0.0421084
0.0780623 0.0651958 0.282553 0.489115 0.0850744
9.9982E-05 9.9982E-05 0.470191 0.494143 0.0354667
9.9991E-05 0.0784836 0.632743 0.275263 0.0134104
9.9982E-05 9.9982E-05 0.262926 0.621644 0.115229
9.9991E-05 0.0700107 0.607134 0.302982 0.0197729
0.00635308 0.00504598 0.463047 0.493801 0.0317536
0.0965507 9.9991E-05 0.195805 0.653911 0.053633
0.0459802 0.0138212 0.330915 0.532104 0.0771798
0.183905 0.0756241 0.0368241 0.456075 0.247572
0.10716 0.068333 0.25084 0.299791 0.273876
0.167653 0.0270671 0.149408 0.370558 0.285314
0.218783 0.153718 0.0986291 0.301342 0.227527
0.12343 0.107362 0.113175 0.419751 0.236282
0.211615 9.9991E-05 0.115584 0.508665 0.164036
0.222377 0.000140914 0.592044 9.9991E-05 0.185338
0.0834101 0.0312282 0.0565785 0.545743 0.28304
0.394291 9.9982E-05 0.440546 9.9982E-05 0.164963
0.058481 9.9991E-05 0.180632 0.465125 0.295662
9.9973E-05 9.9973E-05 0.775369 0.224331 9.9973E-05
9.9991E-05 0.00928148 0.958916 0.00984853 0.0218543
9.9991E-05 0.00475305 0.446497 0.52281 0.02584
0.0180181 9.9991E-05 0.217373 0.681709 0.0828005
9.9991E-05 0.0345604 0.501211 0.456403 0.00772552
9.9982E-05 9.9982E-05 0.394551 0.571032 0.0342172
9.9982E-05 9.9982E-05 0.335353 0.563568 0.100879
0.822443 9.9991E-05 0.0591549 0.0602836 0.0580186
0.703509 0.146229 0.0102041 9.9991E-05 0.139958
0.890707 0.0458148 9.9982E-05 9.9982E-05 0.0632785
0.934681 9.9973E-05 9.9973E-05 0.065019 9.9973E-05
0.0616223 0.132904 0.212175 0.556249 0.0370496
0.0637529 0.102969 0.216277 0.609342 0.00765806
9.9982E-05 0.0829129 0.233833 0.683054 9.9982E-05
0.0851127 0.0423926 0.0987071 0.772728 0.00105925
0.0912829 0.122377 0.192078 0.569031 0.0252316
9.9982E-05 0.16182 0.429868 0.408112 9.9982E-05
0.0150675 0.00766855 0.196627 0.780537 9.9991E-05
0.00537404 9.9982E-05 0.454962 0.539464 9.9982E-05
0.256651 0.0398039 0.0162663 0.46853 0.218748
9.9991E-05 0.0900882 0.333658 0.513196 0.0629583
9.9982E-05 0.180732 0.311564 0.507504 9.9982E-05
0.0212688 0.109156 0.184819 0.658396 0.0263595
0.00921311 0.141525 0.238468 0.610694 9.9991E-05
0.0420902 9.9982E-05 0.238141 0.719569 9.9982E-05
0.149737 9.9982E-05 0.145293 0.70477 9.9982E-05
9.9973E-05 9.9973E-05 0.67183 0.32787 9.9973E-05
9.9991E-05 0.0820916 0.522905 0.362356 0.0325469
0.014377 0.0604514 0.389996 0.535076 9.9991E-05
9.9973E-05 9.9973E-05 0.945325 0.0543755 9.9973E-05
0.0762321 0.177365 0.154031 0.592272 9.9991E-05
9.9982E-05 0.00600659 0.697907 0.295887 9.9982E-05
9.9982E-05 0.0713646 0.866247 0.0621884 9.9982E-05
0.00988853 0.0368822 0.243831 0.70468 0.00471827
0.0141617 0.229454 0.379172 0.377113 9.9991E-05
9.9991E-05 0.168252 0.22691 0.563742 0.0409958
0.0887762 0.0381795 0.0441263 0.757602 0.0713161
9.9982E-05 0.108765 0.182333 0.708702 9.9982E-05
9.9991E-05 0.240214 0.256959 0.417935 0.0847922
9.9991E-05 0.144443 0.212683 0.56126 0.0815149
0.0670144 0.0981514 0.13637 0.698364 9.9991E-05
9.9982E-05 0.00451976 0.493145 0.502135 9.9982E-05
0.0757391 0.0825665 0.178723 0.546032 0.11694
0.647382 0.289249 0.0631691 9.9982E-05 9.9982E-05
0.764333 0.124956 0.0260511 0.08456 9.9991E-05
0.848865 0.134698 0.0162375 9.9982E-05 9.9982E-05
0.839934 0.131231 0.0286355 9.9982E-05 9.9982E-05
0.733395 0.224855 9.9982E-05 0.0415499 9.9982E-05
0.0217818 0.252787 0.36534 0.359992 9.9991E-05
0.00857627 0.203415 0.473868 0.314041 9.9991E-05
9.9973E-05 9.9973E-05 0.6671 0.3326 9.9973E-05
0.113571 0.0641649 0.143906 0.620725 0.0576334
0.17791 9.9991E-05 0.096423 0.723186 0.00238085
0.0362776 0.0100567 0.463952 0.489614 9.9991E-05
9.9982E-05 9.9982E-05 0.225298 0.77001 0.00449156
0.113009 0.0340771 0.290089 0.55536 0.00746611
0.00887264 0.18713 0.170243 0.633655 9.9991E-05
0.0363427 0.0787825 0.152745 0.69804 0.0340896
9.9982E-05 0.216309 0.328646 0.454844 9.9982E-05
9.9982E-05 0.144294 0.283191 0.572315 9.9982E-05
9.9982E-05 0.154533 0.298286 0.546981 9.9982E-05
0.133029 0.0582631 0.141886 0.663328 0.00349432
9.9982E-05 0.125066 0.253578 0.621156 9.9982E-05
0.0184893 0.0997986 0.244724 0.60421 0.0327779
0.130101 9.9982E-05 9.9982E-05 0.426443 0.443256
0.11148 0.00694798 0.017079 0.452322 0.412171
0.0862724 0.0152719 9.9991E-05 0.456685 0.44167
0.186754 9.9982E-05 9.9982E-05 0.357001 0.456046
0.106779 0.0284309 0.0311459 0.507692 0.325952
0.0217921 9.9991E-05 0.324925 0.632383 0.0207996
0.242708 9.9982E-05 0.0697643 9.9982E-05 0.687328
0.141264 0.0710547 9.9991E-05 0.31702 0.470561
0.165386 9.9991E-05 0.143881 0.52127 0.169364
0.23717 0.0520434 0.0956308 0.604993 0.0101625
0.14623 0.090134 0.231323 0.487241 0.0450724
0.139702 0.119377 0.0685228 0.54342 0.128978
0.0889784 0.141565 0.0762658 0.643049 0.0501427
0.216277 9.9982E-05 9.9982E-05 0.324594 0.45893
0.171813 0.0351459 9.9991E-05 0.396441 0.3965
0.11739 9.9982E-05 9.9982E-05 0.362644 0.519767
0.138452 0.0880771 0.0241846 0.400859 0.348427
0.0959262 9.9991E-05 0.0709549 0.219203 0.613815
0.139246 0.0151258 0.0234101 0.480153 0.342065
0.115128 0.00348568 0.0309439 0.241678 0.608764
0.0364763 0.0209298 0.0581297 0.374374 0.51009
0.112485 9.9991E-05 0.218519 0.6039 0.0649964
0.0797927 0.1626 0.0160887 0.343312 0.398207
0.179864 9.9982E-05 9.9982E-05 0.217694 0.602243
0.136822 0.109348 0.10334 0.27219 0.378299
0.161421 0.288279 0.290691 0.259509 9.9991E-05
0.0284379 0.00455305 0.222148 0.613539 0.131322
0.174133 0.0840436 0.0530448 0.358066 0.330713
0.146178 0.0702632 0.120953 0.655172 0.00743447
0.165406 0.0880077 0.149434 0.567253 0.0298992
0.238881 0.129641 0.142731 0.299394 0.189353
0.208093 0.0104522 0.186291 0.262259 0.332906
0.15911 0.00969648 0.0896986 0.617795 0.123701
0.0996147 0.0495616 9.9991E-05 0.443513 0.407211
0.12377 9.9982E-05 9.9982E-05 0.397854 0.478176
0.168628 9.9991E-05 0.0477589 0.103229 0.680284
0.0499634 0.0459475 0.13757 0.675268 0.0912512
0.154545 0.132355 0.177397 0.535602 9.9991E-05
0.164631 9.9991E-05 0.583841 0.156011 0.0954162
0.0839119 0.0815643 0.172876 0.574093 0.0875548
0.109009 0.281379 0.141891 0.335702 0.132019
0.26056 9.9991E-05 0.0529064 0.570405 0.116029
0.0920054 0.135592 0.157865 0.442443 0.172095
0.392255 9.9982E-05 0.402286 9.9982E-05 0.205259
0.383835 9.9982E-05 0.456021 9.9982E-05 0.159944
0.180407 0.0532285 0.397652 0.251394 0.117318
0.389244 9.9991E-05 0.365784 0.0141531 0.230719
0.446656 9.9982E-05 0.299199 9.9982E-05 0.253945
0.194768 9.9991E-05 0.327741 0.300242 0.177149
0.250332 9.9991E-05 0.200942 0.310161 0.238464
0.293478 9.9991E-05 0.326494 0.174828 0.2051
0.362218 9.9991E-05 0.357597 0.101794 0.178291
0.176356 9.9991E-05 0.146463 0.548145 0.128936
0.254968 9.9991E-05 0.431812 0.142913 0.170208
0.494446 9.9982E-05 0.404518 9.9982E-05 0.100836
0.1456 0.0565971 9.9991E-05 0.66472 0.132983
0.199803 0.0188707 0.162503 0.319711 0.299113
0.294626 0.0608379 9.9991E-05 0.471802 0.172634
0.172436 9.9982E-05 9.9982E-05 0.537091 0.290272
0.183415 9.9991E-05 0.0309967 0.57407 0.211418
0.163358 9.9991E-05 0.116251 0.436639 0.283652
0.375739 0.0617441 0.007767 0.314255 0.240494
0.173987 0.0367015 9.9991E-05 0.619005 0.170206
0.226019 0.0584134 9.9991E-05 0.426276 0.289192
0.286199 9.9991E-05 0.134487 0.324929 0.254285
0.126922 0.183437 0.188846 0.29954 0.201255
0.111361 0.0499959 0.0244048 0.597471 0.216767
0.139616 0.0920344 0.0392582 0.561544 0.167548
0.120135 0.044352 0.0645359 0.576936 0.194042
0.279844 0.00953773 0.0424714 0.399363 0.268784
0.21042 0.0139608 0.0196722 0.547403 0.208544
0.415544 9.9991E-05 0.209117 0.134362 0.240878
0.197465 0.0182935 0.0321965 0.57784 0.174205
0.263768 9.9991E-05 0.183371 0.186587 0.366174
0.796284 0.119224 0.0842926 9.9982E-05 9.9982E-05
0.054038 0.825346 9.9991E-05 0.110078 0.0104375
9.997E-05 0.9996 9.997E-05 9.997E-05 9.997E-05
9.997E-05 0.9996 9.997E-05 9.997E-05 9.997E-05
9.9973E-05 0.982769 9.9973E-05 0.0169313 9.9973E-05
9.9973E-05 0.99762 9.9973E-05 9.9973E-05 0.0020804
9.9973E-05 0.960213 9.9973E-05 0.0394871 9.9973E-05
0.0170295 0.982671 9.9973E-05 9.9973E-05 9.9973E-05
0.189035 0.803085 9.9982E-05 0.0076802 9.9982E-05
0.911206 0.0363856 0.0128354 0.00340234 0.0361709
0.78503 0.149678 0.0162136 0.0341656 0.0149127
0.877845 0.0557596 9.9991E-05 0.0470973 0.0191982
0.815956 0.103883 0.0164236 0.0443047 0.0194327
0.900716 0.0244705 0.00110279 0.0156986 0.0580124
0.942137 0.028904 0.0287593 9.9982E-05 9.9982E-05
0.752083 0.062902 0.00705133 0.0630752 0.114889
0.863544 0.0186403 9.9991E-05 0.063599 0.0541164
0.656449 0.183642 9.9991E-05 0.0547915 0.105017
0.895914 0.0222166 9.9991E-05 0.0113237 0.0704456
0.955934 0.037648 0.00621761 9.9982E-05 9.9982E-05
0.856269 0.0641828 0.000234321 9.9991E-05 0.0792142
0.983823 0.015877 9.9973E-05 9.9973E-05 9.9973E-05
0.917769 9.9982E-05 9.9982E-05 0.0698343 0.0121966
0.893486 0.00112157 9.9991E-05 0.0545681 0.0507247
0.859232 9.9982E-05 9.9982E-05 0.10537 0.0351978
0.797742 9.9982E-05 9.9982E-05 0.106722 0.095336
0.781753 9.9982E-05 9.9982E-05 0.142363 0.0756842
0.818535 9.9982E-05 9.9982E-05 0.10608 0.0751853
0.157793 0.111082 0.306353 0.384769 0.0400025
0.0942665 0.062109 0.054816 0.788709 9.9991E-05
0.0302668 0.115626 0.12551 0.624229 0.104368
0.0839106 9.9991E-05 0.753121 0.108688 0.0541798
0.101727 0.175218 0.121518 0.550089 0.0514485
0.219703 9.9991E-05 0.620674 0.132569 0.0269542
0.0630523 0.000577439 0.189121 0.605757 0.141493
0.0939893 0.181709 0.21971 0.504492 9.9991E-05
0.116838 0.0347821 0.251069 0.59721 9.9991E-05
0.107749 9.9991E-05 0.260479 0.596963 0.0347089
0.120473 0.157148 0.133564 0.588715 9.9991E-05
0.102286 9.9991E-05 0.207472 0.671263 0.0188788
0.0935251 0.110955 0.119631 0.646066 0.0298232
0.0127079 0.481849 0.344866 0.0669613 0.093616
0.107229 0.0421162 0.850455 9.9982E-05 9.9982E-05
0.165185 9.9991E-05 0.582074 0.228308 0.0243327
0.025519 0.0689264 0.213869 0.555071 0.136615
0.14228 0.114788 0.187288 0.529061 0.0265832
0.175302 9.9991E-05 0.178186 0.61635 0.0300622
0.0639174 0.00388826 0.152597 0.682111 0.097487
0.20861 0.0381001 0.0345257 0.514681 0.204083
0.174306 0.0429128 9.9991E-05 0.610897 0.171784
0.394893 0.163592 0.13056 0.150332 0.160623
0.252247 0.021229 0.0553837 0.653369 0.0177709
0.274685 0.0581989 0.0522684 0.430668 0.184179
0.457595 9.9982E-05 0.344717 9.9982E-05 0.197487
0.300046 9.9991E-05 0.121379 0.355733 0.222743
0.361457 0.100956 9.9991E-05 0.342759 0.194728
0.358934 0.0789501 0.0382065 0.427647 0.0962624
0.131185 0.213828 0.0465964 0.367683 0.240708
0.199352 0.0754976 9.9991E-05 0.482386 0.242665
0.204521 9.9982E-05 9.9982E-05 0.590488 0.20479
0.177916 9.9991E-05 0.180081 0.486882 0.15502
0.484716 9.9991E-05 0.0452952 0.301963 0.167926
