9.9982E-05 0.95254 0.0472597 9.9982E-05
0.0395303 0.96027 9.9982E-05 9.9982E-05
9.9991E-05 0.862063 0.0289105 0.108927
0.05722 0.834257 0.0634928 0.0450305
9.999E-05 0.851984 0.0613985 0.0865179
0.209174 0.623503 0.0985194 0.0688036
0.0767121 0.892233 0.00682707 0.0242276
0.174132 0.795798 0.0299705 9.9991E-05
0.144626 0.855174 9.9982E-05 9.9982E-05
0.101902 0.699331 0.0953588 0.103408
0.179669 0.757853 9.9991E-05 0.0623779
0.440033 0.0741863 0.0475177 0.438263
0.198253 0.0583855 0.106584 0.636778
0.39298 0.156917 0.0713524 0.378751
0.301695 0.121048 0.155569 0.421688
0.147993 0.186385 0.143257 0.522365
0.129833 0.11763 0.0802135 0.672324
0.290809 0.0386832 0.0930506 0.577457
0.294541 0.174618 0.0850079 0.445833
0.66535 0.136614 0.0131954 0.18484
0.274675 0.0847912 0.137216 0.503318
0.32994 0.0584062 0.161453 0.4502
0.152573 0.106744 0.0199953 0.720688
0.447036 0.0792426 0.114043 0.359679
0.14262 0.0784634 0.0917055 0.687211
0.191904 0.0908962 0.0846398 0.63256
0.505774 0.0929336 0.0803556 0.320937
0.429145 0.0710847 0.228027 0.271743
0.54056 0.0812624 0.0207058 0.357472
9.9991E-05 0.862066 0.0707502 0.0670842
9.9991E-05 0.867673 0.0189394 0.113287
9.9991E-05 0.817744 0.0538176 0.128339
9.9991E-05 0.816518 0.0195794 0.163802
0.200289 0.103965 9.9991E-05 0.695646
0.104025 0.153848 0.100283 0.641844
0.1202 9.9982E-05 9.9982E-05 0.8796
0.577261 0.145675 0.0484363 0.228628
0.379732 0.000542087 9.9991E-05 0.619626
0.187736 0.14675 0.00590337 0.65961
0.0757224 9.9991E-05 0.108109 0.816069
0.13869 0.0960001 0.101942 0.663368
0.107639 0.0919824 9.9991E-05 0.800279
0.531819 0.0242504 9.9991E-05 0.443831
0.165527 0.0710176 0.0987144 0.664741
0.165032 0.0405216 0.151748 0.642699
0.0887665 0.160975 0.110712 0.639547
0.372593 9.9982E-05 9.9982E-05 0.627207
0.0801777 0.0556752 9.9991E-05 0.864047
0.228505 0.0491128 0.198323 0.524059
0.824334 0.0960426 0.00207111 0.0775526
0.601162 0.0185802 9.9991E-05 0.380158
0.688298 0.054497 0.0664078 0.190798
0.127689 0.167103 0.0960632 0.609145
0.0883065 0.131985 0.0408915 0.738817
0.199393 0.100233 0.132031 0.568343
0.551203 0.120094 9.9991E-05 0.328603
0.229769 0.0404558 0.0880809 0.641694
0.131284 0.147103 0.09289 0.628723
0.32021 0.180345 9.9991E-05 0.499345
0.469019 0.290067 0.0185968 0.222317
0.160967 0.13278 0.0379355 0.668318
0.241776 0.169217 0.0425591 0.546448
0.649823 0.159997 9.9991E-05 0.19008
0.269753 0.00737768 0.100307 0.622561
0.146406 0.015939 0.142773 0.694882
0.140842 0.11857 0.0929918 0.647596
0.398473 0.10197 0.0443315 0.455225
0.2326 0.020406 0.06907 0.677924
0.184332 0.0614458 0.084568 0.669654
0.556732 0.098542 9.9991E-05 0.344626
0.245726 9.9982E-05 9.9982E-05 0.754074
0.452342 9.9982E-05 9.9982E-05 0.547458
0.121701 0.128082 0.0129991 0.737218
0.727568 9.9991E-05 0.0161305 0.256201
0.717071 9.9982E-05 9.9982E-05 0.28273
0.408191 9.9982E-05 9.9982E-05 0.591609
0.262948 9.9982E-05 9.9982E-05 0.736852
0.0926711 0.155646 9.9991E-05 0.751583
0.291726 0.0133309 0.020687 0.674256
0.509657 0.0519677 9.99996E-05 0.438275
0.437192 0.0608804 9.9991E-05 0.501828
0.207062 0.0705069 0.135447 0.586983
0.369711 0.0173834 0.00839303 0.604513
0.245118 0.0789557 9.9991E-05 0.675826
0.305245 9.9982E-05 9.9982E-05 0.694555
0.740547 9.9991E-05 0.0204314 0.238922
0.104543 0.0959214 9.9991E-05 0.799436
9.9991E-05 0.858889 0.0292375 0.111774
9.9982E-05 0.943936 9.9982E-05 0.0558638
9.9991E-05 0.886284 0.075017 0.038599
9.9991E-05 0.972087 0.0212604 0.00655242
9.9991E-05 0.89489 0.0336475 0.0713624
9.9991E-05 0.921848 0.0441134 0.0339387
9.9991E-05 0.944057 0.0446478 0.0111947
0.202027 0.140892 0.0304675 0.626614
0.0887826 0.118041 0.0527208 0.740456
0.624898 9.9982E-05 9.9982E-05 0.374902
0.200585 0.09391 0.173867 0.531638
0.254615 0.0395764 9.9991E-05 0.705709
0.0527131 0.119948 9.9991E-05 0.827239
0.157385 0.0674888 0.0325317 0.742594
0.178153 0.0159806 0.0360817 0.769784
0.744172 0.0529041 9.9991E-05 0.202824
0.11813 0.204613 0.0286794 0.648577
0.073768 0.119164 0.0635879 0.74348
0.142955 0.111499 0.170754 0.574793
0.338575 0.0449267 9.9991E-05 0.616398
0.195967 9.9991E-05 0.011678 0.792255
0.251075 0.0519323 0.0114742 0.685518
0.335555 9.9991E-05 0.0635488 0.600796
0.222898 0.0746917 9.9991E-05 0.70231
0.115827 0.155853 0.0332933 0.695027
0.518144 0.121986 0.0255053 0.334364
0.239557 0.200767 0.0341922 0.525484
0.189764 0.130439 0.0964117 0.583385
0.036467 0.161075 0.065043 0.737415
0.193984 0.177969 9.9991E-05 0.627946
0.140869 0.0438089 0.0932232 0.722098
0.287214 0.107627 9.9991E-05 0.605059
0.126592 0.108728 0.0321188 0.732561
0.134568 0.132972 0.0699829 0.662477
0.214788 0.0610611 0.0222647 0.701887
0.254313 0.0828439 9.9991E-05 0.662743
0.144914 9.9991E-05 0.168978 0.686008
0.195623 0.043636 0.155185 0.605555
0.144743 9.9991E-05 0.0620244 0.793132
0.168569 0.0445646 0.164915 0.621952
0.205037 9.9991E-05 0.135813 0.659049
0.341971 0.155274 0.0918119 0.410943
0.123339 0.0272872 0.11063 0.738743
0.07237 0.0737287 0.116206 0.737695
0.489976 0.0265326 0.12125 0.362241
0.605627 0.0965302 0.0853864 0.212457
0.12029 0.125083 0.015121 0.739506
0.718699 9.9991E-05 0.124477 0.156724
0.449467 0.114732 9.9991E-05 0.4357
0.348084 0.0348672 0.00225395 0.614795
0.369611 0.0809951 9.9991E-05 0.549294
0.420315 0.0988021 9.9991E-05 0.480783
0.149553 0.0830432 0.0265453 0.740859
0.111033 0.120104 0.116305 0.652559
0.171969 0.0579538 0.128226 0.641851
0.613609 0.0254236 0.127905 0.233062
0.132495 0.151348 0.109858 0.606299
0.299762 0.0766808 0.0888459 0.534712
0.677094 0.201572 0.0067328 0.114601
0.0650877 0.0564219 0.0933856 0.785105
0.354568 0.0731576 0.101068 0.471206
0.229424 0.0907048 0.150526 0.529345
0.422972 0.123796 0.0702641 0.382968
0.498707 0.13268 9.9991E-05 0.368514
0.286801 0.129071 0.0217905 0.562337
0.22981 0.0906886 0.166572 0.51293
0.283769 0.131481 0.116341 0.468408
0.6166 0.0553736 0.257427 0.0705987
0.134504 0.0782405 0.152966 0.634289
0.432 9.9982E-05 9.9982E-05 0.5678
0.391541 9.9991E-05 0.0483765 0.559983
0.0357159 0.175417 0.0652005 0.723667
0.191506 0.305299 0.314946 0.18825
0.193161 0.561069 0.24567 9.9991E-05
0.284634 0.502852 0.212414 9.9991E-05
0.128865 0.422154 0.394994 0.0539878
0.126763 9.9991E-05 0.0686574 0.80448
0.165944 0.121521 0.104271 0.608264
9.9982E-05 9.9982E-05 0.719862 0.279938
0.0921917 0.0249652 0.523291 0.359552
0.0461511 0.109137 0.5186 0.326111
0.44032 0.0370843 0.0892996 0.433296
0.235868 0.125873 0.0663504 0.571908
0.63665 9.9991E-05 0.119911 0.243338
0.173567 0.0560594 0.0364912 0.733883
0.318359 0.0305824 0.099511 0.551547
0.213414 0.0334902 0.124805 0.628291
0.649128 9.9991E-05 0.0896664 0.261106
0.0394473 0.0836154 0.198675 0.678262
0.130084 0.0966066 0.136206 0.637104
9.9982E-05 9.9982E-05 0.980545 0.0192552
9.9982E-05 9.9982E-05 0.910603 0.0891971
0.0541028 9.9991E-05 0.604554 0.341243
9.9982E-05 9.9982E-05 0.734857 0.264944
0.0096392 0.0341171 0.839573 0.116671
9.998E-05 9.998E-05 0.9997 9.998E-05
0.0181134 9.9982E-05 0.981687 9.9982E-05
9.9982E-05 9.9982E-05 0.917938 0.0818619
9.9982E-05 9.9982E-05 0.990996 0.00880419
9.998E-05 9.998E-05 0.9997 9.998E-05
9.998E-05 9.998E-05 0.9997 9.998E-05
9.9991E-05 0.0140238 0.817506 0.16837
9.9991E-05 0.0271803 0.906304 0.0664159
0.00491232 9.9982E-05 0.994888 9.9982E-05
0.152147 9.9991E-05 0.458698 0.389055
9.9991E-05 0.0595496 0.615386 0.324965
9.9991E-05 0.0121602 0.809703 0.178037
9.9982E-05 9.9982E-05 0.905342 0.0944583
9.998E-05 9.998E-05 0.9997 9.998E-05
9.9991E-05 0.0304539 0.895782 0.0736643
9.998E-05 9.998E-05 0.9997 9.998E-05
0.0664764 0.00413136 0.692718 0.236674
0.0435565 0.0176852 0.936424 0.00233417
0.473471 0.395473 0.130956 9.9991E-05
0.217983 0.216174 0.163908 0.401934
0.134301 0.267936 0.0886139 0.50915
0.34189 0.25332 0.118476 0.286315
0.148764 0.0606069 0.225022 0.565607
0.24195 0.309473 0.135643 0.312935
0.176787 0.225837 0.119138 0.478238
0.243842 0.169133 0.222989 0.364036
0.0792235 0.156919 0.219608 0.54425
0.199045 0.124216 0.407901 0.268837
0.0478322 0.196363 0.110467 0.645338
0.0588815 0.861805 9.9991E-05 0.0792137
0.00345233 0.910439 0.0860086 9.9991E-05
0.0234778 0.976322 9.9982E-05 9.9982E-05
9.9982E-05 0.974807 9.9982E-05 0.0249933
0.0167491 0.940042 0.031816 0.0113931
9.9982E-05 0.897864 0.101936 9.9982E-05
9.9991E-05 0.897956 0.0772263 0.0247182
0.0450483 0.948981 9.9991E-05 0.00587093
9.9982E-05 0.942389 9.9982E-05 0.0574115
0.00477664 0.883401 0.111722 9.9991E-05
0.32834 0.67146 9.9982E-05 9.9982E-05
0.279905 0.67414 0.0029881 0.0429662
0.39941 0.60039 9.9982E-05 9.9982E-05
0.391167 0.57098 9.9991E-05 0.037753
0.130704 0.109285 0.0840786 0.675933
0.174339 0.0472857 0.0489534 0.729422
0.190572 0.0442821 0.0468787 0.718268
0.297663 0.0718008 9.9991E-05 0.630436
0.601415 0.0586361 9.9991E-05 0.339849
0.146479 0.028848 0.105124 0.71955
0.224146 9.9991E-05 0.0269457 0.748808
0.244354 9.9991E-05 0.0378489 0.717698
0.381242 9.9991E-05 0.0283444 0.590313
0.107298 0.116865 0.094453 0.681384
0.36233 9.9982E-05 9.9982E-05 0.63747
0.81974 9.9991E-05 0.00257048 0.177589
0.204105 0.0889855 0.0175208 0.689389
0.476224 9.9991E-05 0.0279085 0.495767
0.193127 9.9991E-05 0.0489358 0.757837
0.620713 0.0131458 9.9991E-05 0.366041
0.655741 0.254418 9.9991E-05 0.0897415
0.596509 0.245375 9.9991E-05 0.158016
0.709819 0.180969 9.9991E-05 0.109112
0.672721 0.251869 9.9991E-05 0.0753102
0.654488 0.169376 9.9991E-05 0.176036
0.595448 0.21122 9.9991E-05 0.193232
9.9991E-05 0.874342 0.0791962 0.046362
9.9991E-05 0.836278 0.0791876 0.0844348
9.9991E-05 0.756373 0.16532 0.0782066
0.00236614 0.793316 0.134367 0.0699514
9.9991E-05 0.817139 0.0534297 0.129331
0.518516 0.481284 9.9982E-05 9.9982E-05
0.44722 0.55258 9.9982E-05 9.9982E-05
0.484418 0.515382 9.9982E-05 9.9982E-05
9.9991E-05 0.852785 0.0358108 0.111304
0.508719 0.491081 9.9982E-05 9.9982E-05
0.118942 0.201476 0.462083 0.217499
9.9991E-05 0.154467 0.293029 0.552404
9.9991E-05 0.182901 0.299703 0.517295
0.104529 0.276228 0.22625 0.392993
0.135324 0.23018 0.210825 0.423672
0.142442 0.460979 0.396479 9.9991E-05
0.293896 0.0721082 9.9991E-05 0.633896
0.442441 0.0423653 0.0720624 0.443132
0.376583 0.174416 9.9991E-05 0.448901
0.294177 0.0384144 0.0932061 0.574202
0.990763 9.9982E-05 0.00903752 9.9982E-05
0.239963 0.107285 0.0784702 0.574281
0.25804 0.0261058 0.0589118 0.656943
0.34986 0.128869 9.9991E-05 0.52117
0.133799 0.064735 0.179895 0.621571
0.68164 0.0262845 0.0637407 0.228335
0.371658 9.9991E-05 0.132467 0.495775
0.274754 0.00261187 0.109814 0.61282
0.19432 0.116293 0.190962 0.498425
0.437268 9.9991E-05 0.058509 0.504123
0.294701 0.027176 0.0617116 0.616412
0.28121 9.9991E-05 0.1498 0.56889
0.209543 0.0375972 0.0297889 0.723071
0.148589 0.0136062 0.0954206 0.742384
0.0623792 0.0819038 0.00131827 0.854399
0.158384 0.118513 0.0463808 0.676722
9.9991E-05 0.778885 0.144754 0.0762612
9.9991E-05 0.882822 0.0589277 0.0581501
0.0999749 0.814252 0.022672 0.063101
0.0835065 0.812236 0.0973446 0.0069127
9.9991E-05 0.816482 0.0521472 0.131271
0.580712 0.0806897 0.0955254 0.243073
0.227368 0.0394528 0.153503 0.579676
0.0865669 0.237133 0.192108 0.484192
0.122353 0.0547549 0.132344 0.690547
0.201657 0.0963414 0.0560372 0.645964
0.558186 0.0371304 0.12273 0.281953
0.692453 0.204607 9.9991E-05 0.10284
0.277893 0.0457029 0.110258 0.566147
0.497045 0.156554 0.0340815 0.312319
0.374662 0.0591744 0.104083 0.462081
0.581128 0.211084 0.0321883 0.1756
0.106765 0.118803 0.0885629 0.685869
0.522002 0.181122 0.0232822 0.273593
0.419564 0.0879079 0.0630206 0.429508
0.297057 9.9991E-05 0.114235 0.588608
0.444919 0.0711271 0.0501392 0.433815
0.123794 0.15017 9.9991E-05 0.725936
0.15273 0.13809 0.0914279 0.617752
0.517708 9.9991E-05 0.0340539 0.448138
0.205 0.124078 0.132433 0.53849
0.140501 0.0693435 9.9991E-05 0.790055
0.713652 9.9991E-05 0.0254367 0.260812
0.570955 0.0074923 0.0652915 0.356261
0.29091 0.0605014 0.043428 0.60516
0.641304 0.0394706 9.9991E-05 0.319126
0.293504 0.00911814 0.000581164 0.696797
0.625522 0.0762599 0.00336378 0.294854
0.604866 9.9991E-05 0.0923074 0.302727
0.335275 0.122108 0.0258796 0.516737
0.108294 0.0201053 0.125548 0.746052
0.552311 9.9982E-05 9.9982E-05 0.447489
0.246374 0.0734555 0.172428 0.507743
0.132888 0.120331 0.103076 0.643705
0.31909 0.0221731 0.133842 0.524894
0.190275 0.112525 0.133581 0.563619
0.35477 0.0416366 0.113812 0.489782
0.492437 0.046289 0.0694495 0.391825
0.372996 0.0638843 0.0704362 0.492683
0.237566 9.9991E-05 0.130406 0.631928
0.146866 0.0785451 0.1201 0.654489
0.301856 0.0978137 0.0363456 0.563985
0.255246 0.00133909 0.161434 0.581981
0.306436 0.13087 0.0690053 0.493688
0.146224 9.9991E-05 0.114509 0.739167
0.269024 0.031327 0.117441 0.582208
0.19661 0.103922 0.138146 0.561321
0.0452263 0.320005 0.205404 0.429365
0.0678129 0.11246 0.258525 0.561203
0.10661 0.231686 0.167209 0.494495
0.0333938 0.0872886 0.188808 0.69051
0.0514121 0.210194 0.287896 0.450498
0.371856 9.9991E-05 0.0674085 0.560636
0.0714822 0.190879 0.149081 0.588558
0.490292 0.265461 0.230625 0.0136222
0.0642253 0.107764 0.310577 0.517434
0.0171087 0.171084 0.162754 0.649054
0.105827 0.104639 0.272256 0.517278
0.233364 0.215936 0.154405 0.396295
9.9991E-05 0.19477 0.198552 0.606578
0.0475779 0.131201 0.227211 0.594009
0.232487 0.509088 0.258325 9.9991E-05
0.00258523 0.189111 0.279958 0.528346
9.9991E-05 0.145662 0.292888 0.56135
0.0641781 0.134281 0.244117 0.557423
9.9991E-05 0.209881 0.161783 0.628236
0.0701976 0.219203 0.0998173 0.610782
0.350897 0.00671271 0.103411 0.538979
0.213475 0.083788 0.215536 0.487201
0.781192 9.9991E-05 0.0684322 0.150276
0.853042 0.00124918 0.0894644 0.0562446
0.247811 0.0786708 0.120722 0.552796
0.0713566 0.0546831 0.457259 0.416701
0.125773 0.0826102 0.461635 0.329982
0.279056 0.177712 0.395196 0.148037
0.119346 0.153733 0.345775 0.381146
0.564544 0.0984956 0.187107 0.149853
0.461012 0.089342 0.229723 0.219923
0.202658 0.00838162 0.261946 0.527015
0.198401 0.0420821 0.194929 0.564588
0.491693 0.0309482 0.232151 0.245207
0.180793 0.0750543 0.169271 0.574882
0.205668 9.9991E-05 0.192524 0.601708
0.217216 0.14106 0.176296 0.465429
0.433681 0.0427682 9.9991E-05 0.523451
0.470902 9.9991E-05 0.089091 0.439907
0.188305 0.0347135 0.0941056 0.682875
0.420654 0.0800609 0.0386209 0.460664
0.246419 0.123613 0.152364 0.477605
0.307851 0.019872 0.0767886 0.595489
0.548633 9.9991E-05 0.0441942 0.407073
0.21105 9.9991E-05 0.124604 0.664246
0.57634 9.9991E-05 0.0479677 0.375593
0.349888 9.9991E-05 0.0935407 0.556471
0.142843 0.150083 0.0415916 0.665483
0.289218 9.9991E-05 0.172838 0.537845
0.036153 0.140222 0.254763 0.568862
0.256054 0.0710725 0.219189 0.453684
0.163049 0.15276 0.32829 0.3559
0.244505 0.155087 0.287056 0.313352
0.124688 0.143572 0.259159 0.472581
0.117605 0.228018 0.227362 0.427016
0.558384 0.184262 0.257254 9.9991E-05
9.9991E-05 0.0733145 0.269788 0.656797
0.38172 0.378194 0.239987 9.9991E-05
0.167706 0.0333851 0.308997 0.489912
0.665195 9.9991E-05 0.0203946 0.31431
0.832151 0.027956 0.0369989 0.102894
0.355623 9.9991E-05 0.0508917 0.593386
0.161486 0.00709955 0.10567 0.725744
0.366487 9.9982E-05 9.9982E-05 0.633313
0.222627 0.0248912 0.0537689 0.698713
0.208552 9.9991E-05 0.0690557 0.722293
0.0982996 0.816527 0.0823945 0.00277884
0.104594 0.762584 0.116601 0.0162211
9.9982E-05 0.930772 0.0690279 9.9982E-05
9.9982E-05 0.964074 9.9982E-05 0.035726
0.323483 0.00144486 0.0212921 0.65378
0.222614 0.0856362 0.0765138 0.615236
0.271052 0.00631672 9.9991E-05 0.722531
0.0447194 0.137422 0.0103324 0.807527
0.0863639 0.171717 0.0225029 0.719417
0.427996 0.0274757 0.00828379 0.536245
0.142309 0.0175328 0.031746 0.808412
0.407083 9.9982E-05 9.9982E-05 0.592717
0.0449144 0.278314 0.18074 0.496031
0.376043 9.9991E-05 0.0841061 0.539751
0.366932 9.9982E-05 9.9982E-05 0.632868
0.213991 0.00746148 0.0191525 0.759395
0.297763 0.0193398 9.9991E-05 0.682797
0.131475 9.9991E-05 0.0270814 0.841344
0.152185 0.0535801 9.9991E-05 0.794135
0.566773 9.9982E-05 9.9982E-05 0.433027
0.452669 9.9991E-05 0.0287583 0.518472
0.399649 0.0661978 0.00536946 0.528784
0.795013 9.9982E-05 9.9982E-05 0.204787
0.288977 0.0803413 9.9991E-05 0.630582
0.670388 9.9991E-05 0.00314643 0.326365
0.823505 9.9991E-05 0.0181987 0.158197
0.15095 0.0452046 0.028254 0.775592
0.483733 0.00525993 0.00680611 0.504201
0.241404 0.0127582 0.071256 0.674582
0.122944 0.0766557 0.0738049 0.726595
0.173427 0.013122 0.00557723 0.807874
0.459063 9.9991E-05 0.0950607 0.445776
0.206431 9.9991E-05 0.0420899 0.751379
0.178791 0.0515922 0.0839492 0.685668
0.389757 9.9982E-05 9.9982E-05 0.610043
0.149198 0.06974 0.0505371 0.730525
0.205902 0.72753 9.9991E-05 0.0664679
0.128248 0.774723 0.00284004 0.0941894
0.151254 0.848546 9.9982E-05 9.9982E-05
0.162398 0.837402 9.9982E-05 9.9982E-05
0.10398 0.82603 9.9991E-05 0.0698894
0.513603 0.0172248 9.9991E-05 0.469072
0.497041 0.0789712 9.9991E-05 0.423888
0.521217 9.9982E-05 9.9982E-05 0.478583
0.133185 0.100031 0.0950587 0.671725
0.147025 0.0891716 0.140309 0.623494
0.319483 0.00355177 0.0698405 0.607125
0.114635 9.9991E-05 0.123228 0.762037
0.343858 0.0433305 9.9991E-05 0.612712
0.220399 0.0486038 9.9991E-05 0.730897
0.040794 0.0397004 0.0361037 0.883402
0.46606 9.9982E-05 9.9982E-05 0.53374
0.331742 9.9982E-05 9.9982E-05 0.668058
0.403135 9.9982E-05 9.9982E-05 0.596665
0.108941 0.104484 9.9991E-05 0.786475
0.268136 0.0270208 9.9991E-05 0.704744
0.232277 0.0413677 0.025906 0.700449
9.9991E-05 0.0786853 0.451516 0.469699
9.9991E-05 0.121924 0.558232 0.319744
9.9991E-05 0.117608 0.519808 0.362484
9.9991E-05 0.192034 0.566786 0.24108
0.00430465 0.100893 0.401863 0.492939
0.214636 0.00444997 0.076141 0.704774
0.063436 0.208187 0.728277 9.9991E-05
0.00200679 0.122782 0.608265 0.266946
0.18012 0.173551 0.206181 0.440148
0.0591514 0.216492 0.00486856 0.719488
0.264872 0.122369 0.0931493 0.519609
0.0976265 0.13355 0.0505877 0.718236
0.143889 0.0927128 0.0317004 0.731698
0.00941243 0.16813 0.554035 0.268423
0.0684991 0.080074 0.565249 0.286178
9.9991E-05 0.0480976 0.61448 0.337322
0.0209379 0.152446 0.231761 0.594856
0.0132302 0.104249 0.597593 0.284928
0.0807991 0.0988048 0.450046 0.37035
0.0147807 0.134854 0.614249 0.236116
0.132844 0.0699544 0.438676 0.358526
0.242313 0.0438106 0.0803761 0.6335
9.9991E-05 0.204621 0.390958 0.404321
9.9991E-05 0.127926 0.717057 0.154918
0.113803 0.15427 0.424774 0.307153
0.428391 0.188846 9.9991E-05 0.382663
0.0940364 0.0390972 0.158454 0.708412
0.048826 0.192606 0.365096 0.393472
0.13379 0.084984 0.154194 0.627032
0.1445 0.224589 0.0333728 0.597538
0.177518 0.213301 0.238803 0.370378
0.100168 0.200545 0.374519 0.324767
0.107393 0.12047 0.126365 0.645772
0.00235765 0.149191 0.39943 0.449021
9.9991E-05 0.129277 0.486652 0.383971
9.9991E-05 0.242993 0.634928 0.121979
0.114629 0.106152 0.0557712 0.723448
0.191201 0.154566 9.9991E-05 0.654132
0.489634 0.160074 0.117281 0.233011
0.0755718 0.0942213 0.174058 0.656149
0.271653 0.125553 0.0687611 0.534033
0.0485546 0.216704 0.218549 0.516192
0.190832 0.161805 0.134242 0.513122
0.380443 0.344001 0.275456 9.9991E-05
0.412153 0.391119 0.196628 9.9991E-05
0.346848 0.149034 0.232254 0.271865
0.345111 0.356277 0.298512 9.9991E-05
0.189742 0.460123 0.350035 9.9991E-05
0.264754 0.151569 0.186854 0.396824
0.179545 0.225806 0.210776 0.383874
0.265607 0.305535 0.241091 0.187767
0.337278 0.306338 0.272293 0.0840908
0.106003 0.162202 0.13365 0.598145
0.350888 0.247513 0.165713 0.235886
0.361849 0.50097 0.137081 9.9991E-05
0.103549 0.115487 0.231169 0.549795
0.0992879 0.208154 0.322116 0.370442
9.9991E-05 0.344645 0.178156 0.477099
9.9991E-05 0.189457 0.293897 0.516546
9.9991E-05 0.190664 0.176667 0.632569
0.0327829 0.167928 0.337388 0.461901
9.9991E-05 0.411297 0.230459 0.358145
0.0807516 0.100002 0.26371 0.555537
9.9991E-05 0.232731 0.340463 0.426706
0.132549 0.248369 0.285453 0.33363
0.294144 0.127712 0.177359 0.400786
0.00219813 0.1715 0.178647 0.647655
0.103145 0.196018 0.276398 0.424439
9.9991E-05 0.123763 0.0865067 0.78963
9.9991E-05 0.32247 0.286204 0.391226
0.00943197 0.203045 0.14359 0.643933
0.182728 0.384282 0.279745 0.153245
0.0699425 0.138516 0.328692 0.46285
0.142503 0.262522 0.403156 0.191818
0.155778 0.822104 0.0220174 9.9991E-05
0.522905 0.225815 9.9991E-05 0.25118
0.753629 0.221938 9.9991E-05 0.0243332
0.724702 0.20227 9.9991E-05 0.0729284
0.723547 0.0874909 9.9991E-05 0.188862
0.663375 0.182145 9.9991E-05 0.154379
0.583532 0.1638 9.9991E-05 0.252568
0.751055 0.231607 9.9991E-05 0.0172381
0.496627 0.373202 9.9991E-05 0.130071
0.030223 0.936801 9.9991E-05 0.0328762
0.0332335 0.871315 0.00342594 0.0920251
0.0129393 0.926055 0.0488458 0.0121598
0.0960178 0.838351 9.9991E-05 0.0655314
9.9991E-05 0.929173 0.00415656 0.0665705
0.076321 0.905323 0.0182562 9.9991E-05
0.00996272 0.764562 0.203565 0.0219098
0.00260236 0.901382 0.071239 0.0247762
0.063973 0.764998 0.030107 0.140922
9.9982E-05 0.919283 0.0805174 9.9982E-05
0.0249394 0.974861 9.9982E-05 9.9982E-05
0.0705903 0.849218 0.0800921 9.9991E-05
9.9991E-05 0.980965 0.0152662 0.00366903
9.9991E-05 0.911141 0.0606658 0.0280932
9.9991E-05 0.88496 0.0862823 0.0286575
9.9991E-05 0.820345 0.0518296 0.127725
9.9991E-05 0.745343 0.182208 0.0723492
9.9991E-05 0.773328 0.154956 0.0716163
9.9991E-05 0.837059 0.0545189 0.108322
0.22553 0.21631 0.0228019 0.535358
0.0290624 0.0832518 9.9991E-05 0.887586
0.0788708 0.111477 0.153488 0.656164
0.632921 0.0695961 0.0419319 0.255551
0.122058 0.168134 9.9991E-05 0.709708
0.549718 0.175795 0.0942025 0.180284
0.0498745 0.167554 0.109687 0.672885
0.276054 0.16426 9.9991E-05 0.559586
0.168274 0.108399 9.9991E-05 0.723227
0.153965 0.0784478 0.0279345 0.739653
0.229893 0.156086 9.9991E-05 0.613921
0.134869 0.0985517 0.0644059 0.702174
0.118418 0.145555 0.0131598 0.722867
0.727301 0.0503795 0.0465318 0.175788
0.774259 0.11344 9.9991E-05 0.112201
0.560759 0.112877 0.0951234 0.231241
0.0585574 0.147124 0.0410186 0.7533
0.182522 0.183016 0.0211841 0.613278
0.120117 0.166998 9.9991E-05 0.712786
0.0592306 0.0601549 0.065731 0.814884
0.0414113 0.188191 0.145447 0.624951
0.00231884 0.174787 0.250719 0.572174
0.269568 0.420834 0.187999 0.121599
0.0511862 0.15388 0.070759 0.724175
0.16929 0.212639 0.182822 0.435249
0.333159 0.428227 0.238514 9.9991E-05
0.146479 0.33358 0.231536 0.288406
0.0381004 0.392993 0.216978 0.351928
0.0686252 0.326489 0.0810997 0.523786
9.9991E-05 0.124135 0.205852 0.669913
9.9991E-05 0.224405 0.185487 0.590008
0.0163551 0.154991 0.219041 0.609613
0.214998 0.126042 0.272271 0.38669
9.9991E-05 0.479547 0.205664 0.314689
