0.0753585 0.924542 9.9991E-05
0.0499592 0.949941 9.9991E-05
0.162574 0.837326 9.9991E-05
0.178577 0.821323 9.9991E-05
0.134013 0.865887 9.9991E-05
0.107235 0.707711 0.185054
0.046324 0.899328 0.0543484
0.0477695 0.815502 0.136729
9.9991E-05 0.93937 0.0605297
0.162913 0.757668 0.0794192
0.033277 0.810915 0.155808
0.13382 0.131265 0.734915
0.388003 0.0401276 0.57187
0.17501 0.151845 0.673144
0.280203 0.144353 0.575444
0.34712 0.118065 0.534815
0.450337 0.06441 0.485253
0.329782 0.0314175 0.638801
0.241139 0.178932 0.579929
9.9991E-05 0.243818 0.756082
0.260154 0.0688667 0.670979
0.302986 0.0550398 0.641974
0.304858 0.0245438 0.670599
0.191695 0.11288 0.695425
0.447907 0.0433113 0.508782
0.415064 9.9991E-05 0.584836
0.125418 0.191282 0.683299
0.246315 0.171313 0.582372
0.0973205 0.151437 0.751242
0.16866 0.83124 9.9991E-05
0.177427 0.822473 9.9991E-05
0.177184 0.783664 0.0391513
0.272679 0.727221 9.9991E-05
0.354301 9.9991E-05 0.645599
0.393442 0.0115915 0.594966
0.306101 9.9991E-05 0.693799
9.9991E-05 0.254067 0.745833
0.18509 9.9991E-05 0.81481
0.349456 0.0102328 0.640311
0.476992 9.9991E-05 0.522908
0.342322 0.0731464 0.584532
0.382332 0.0636964 0.553971
0.0716056 0.107665 0.82073
0.380639 0.00764242 0.611719
0.422443 0.00584265 0.571714
0.449002 0.0231442 0.527854
0.195878 9.9991E-05 0.804022
0.38027 0.0236153 0.596115
0.385831 0.0717305 0.542438
9.9991E-05 0.166122 0.833778
0.0108259 0.0734306 0.915744
0.0308838 0.179015 0.790101
0.407549 0.0400825 0.552369
0.40904 0.113514 0.477446
0.485331 0.0168743 0.497795
0.0344764 0.202869 0.762655
0.348949 0.0203096 0.630742
0.424631 9.9991E-05 0.575269
0.172044 0.186839 0.641117
0.0477127 0.329073 0.623214
0.394592 0.00595848 0.59945
0.331093 0.0944168 0.57449
9.9991E-05 0.20911 0.79079
0.345803 9.9991E-05 0.654097
0.467747 0.000425561 0.531828
0.432089 0.0159003 0.552011
0.190654 0.109075 0.70027
0.351578 0.0430518 0.60537
0.463515 0.00609843 0.530386
0.0417575 0.151761 0.806481
0.339796 9.9991E-05 0.660104
0.0991873 9.9991E-05 0.900713
0.437486 0.0582511 0.504262
9.9991E-05 0.0198978 0.980002
9.9991E-05 0.0506901 0.94921
0.1764 9.9991E-05 0.8235
0.238342 9.9991E-05 0.761558
0.484892 0.0740238 0.441085
0.309321 9.9991E-05 0.690579
0.107076 0.0917518 0.801172
0.104274 0.0757141 0.820012
0.398992 0.102691 0.498316
0.152588 0.0508074 0.796605
0.298778 9.9991E-05 0.701122
0.197711 9.9991E-05 0.802189
9.9991E-05 0.0824491 0.917451
0.401392 9.9991E-05 0.598508
0.146096 0.8406 0.0133042
0.128468 0.871432 9.9991E-05
0.14859 0.85131 9.9991E-05
0.109951 0.889949 9.9991E-05
0.152455 0.847445 9.9991E-05
0.126009 0.873891 9.9991E-05
0.110923 0.888977 9.9991E-05
0.297744 0.105192 0.597065
0.421099 0.0348226 0.544078
9.9991E-05 0.0206647 0.979235
0.410136 0.0470133 0.54285
0.291955 9.9991E-05 0.707945
0.372608 9.9991E-05 0.627292
0.38409 9.9991E-05 0.61581
0.377453 9.9991E-05 0.622447
9.9991E-05 0.157466 0.842434
0.425429 0.104509 0.470062
0.468871 9.9991E-05 0.531029
0.43336 0.0337646 0.532876
0.14901 0.00652011 0.84447
0.3266 9.9991E-05 0.6733
0.244759 9.9991E-05 0.755141
0.31125 9.9991E-05 0.68865
0.303872 0.00781649 0.688312
0.392068 0.0013033 0.606629
0.11729 0.121562 0.761148
0.250018 0.151044 0.598938
0.33869 0.0452512 0.616059
0.39851 0.0641019 0.537388
0.259982 0.0891033 0.650915
0.384889 9.9991E-05 0.615011
0.270093 0.0901992 0.639707
0.309237 0.0864399 0.604323
0.400064 0.0279379 0.571998
0.352214 0.000368294 0.647418
0.256522 0.00741327 0.736065
0.445397 9.9991E-05 0.554503
0.398025 0.0857116 0.516263
0.387898 9.9991E-05 0.612002
0.413714 9.9991E-05 0.586186
0.377761 0.014183 0.608056
0.202085 0.190417 0.607497
0.450561 9.9991E-05 0.549339
0.460034 9.9991E-05 0.539866
0.138978 0.103008 0.758014
0.0654257 0.194906 0.739668
0.360935 0.0340406 0.605025
0.00590425 0.0813342 0.912762
0.105974 0.124153 0.769872
0.214822 0.0216672 0.763511
0.143525 0.0944996 0.761975
0.144106 0.0931707 0.762724
0.424535 0.0189404 0.556524
0.371006 0.0671046 0.56189
0.366018 0.0489414 0.585041
0.0754906 0.117752 0.806757
0.363235 0.106967 0.529798
0.358421 0.0434441 0.598135
9.9991E-05 0.298785 0.701115
0.462715 0.0632617 0.474023
0.249004 0.080604 0.670392
0.355335 0.0703233 0.574341
0.146645 0.186524 0.666831
0.0289873 0.237337 0.733675
0.271642 0.0371487 0.69121
0.320539 0.10677 0.572691
0.304019 0.167296 0.528685
0.144119 0.208191 0.64769
0.442383 9.9991E-05 0.557517
0.187353 9.9991E-05 0.812547
0.221682 9.9991E-05 0.778218
0.394963 0.0984196 0.506617
0.361277 0.401582 0.237142
0.133625 0.754682 0.111694
0.140678 0.684182 0.17514
0.413291 0.516265 0.0704447
0.41299 9.9991E-05 0.58691
0.364298 0.0676684 0.568033
0.879969 0.00936248 0.110668
0.689711 0.0298324 0.280456
0.672039 0.0510448 0.276916
0.185447 0.0659262 0.748627
0.354926 0.109527 0.535547
0.127831 0.0899419 0.782227
0.31447 0.00913303 0.676397
0.275039 0.0258405 0.69912
0.394536 0.013254 0.59221
0.118797 0.0585489 0.822655
0.439154 9.9991E-05 0.560746
0.442832 0.038256 0.518912
0.906533 0.0933671 9.9991E-05
0.902255 0.0976445 9.9991E-05
0.775076 0.127031 0.0978935
0.931664 0.0425324 0.0258033
0.820917 0.176314 0.00276902
0.922552 0.077348 9.9991E-05
0.905197 0.0947025 9.9991E-05
0.998628 0.00127206 9.9991E-05
0.951468 0.048432 9.9991E-05
0.930583 0.0693166 9.9991E-05
0.948109 0.0517914 9.9991E-05
0.844106 0.118676 0.0372189
0.869479 0.130421 9.9991E-05
0.927259 0.0726414 9.9991E-05
0.668503 0.0282769 0.303221
0.850921 0.148979 9.9991E-05
0.864487 0.135413 9.9991E-05
0.90095 0.0989503 9.9991E-05
0.942346 0.0575544 9.9991E-05
0.895532 0.104368 9.9991E-05
0.916516 0.0833842 9.9991E-05
0.798952 0.101805 0.0992433
0.881751 0.118149 9.9991E-05
0.0358003 0.525041 0.439159
0.373815 0.194914 0.431271
0.315425 0.209614 0.474961
0.216544 0.326249 0.457206
0.448145 0.130665 0.42119
0.253632 0.305939 0.440429
0.32375 0.211247 0.465003
0.363341 0.218476 0.418182
0.478526 0.144633 0.376841
0.385773 0.24869 0.365537
0.40062 0.166188 0.433192
0.0562157 0.867595 0.0761895
0.0873858 0.912514 9.9991E-05
0.0124567 0.987443 9.9991E-05
0.0512831 0.948617 9.9991E-05
0.0883727 0.911527 9.9991E-05
0.123166 0.876734 9.9991E-05
0.150751 0.849149 9.9991E-05
0.0753201 0.922815 0.00186513
0.0887856 0.911114 9.9991E-05
0.120122 0.879778 9.9991E-05
9.9991E-05 0.748917 0.250983
9.9991E-05 0.680375 0.319525
9.9991E-05 0.653108 0.346792
9.9991E-05 0.621928 0.377972
0.308237 0.0605676 0.631195
0.35047 9.9991E-05 0.64943
0.296117 0.0397158 0.664167
0.178102 0.00271525 0.819182
0.0596561 0.10018 0.840164
0.429774 9.9991E-05 0.570126
0.328259 9.9991E-05 0.671641
0.277391 9.9991E-05 0.722509
0.256805 9.9991E-05 0.743095
0.406205 9.9991E-05 0.593695
0.193297 9.9991E-05 0.806603
9.9991E-05 0.0446706 0.955229
0.300919 0.0459218 0.653159
0.112801 0.0216162 0.865582
0.285325 9.9991E-05 0.714575
0.000872898 0.112136 0.886991
9.9991E-05 0.326907 0.672993
9.9991E-05 0.31039 0.68951
9.9991E-05 0.232375 0.767525
9.9991E-05 0.301728 0.698172
9.9991E-05 0.230423 0.769477
9.9991E-05 0.304284 0.695616
0.155139 0.844761 9.9991E-05
0.159362 0.830684 0.00995382
0.259989 0.739911 9.9991E-05
0.206829 0.793071 9.9991E-05
0.190282 0.809618 9.9991E-05
9.9991E-05 0.553587 0.446313
9.9991E-05 0.585046 0.414854
9.9991E-05 0.582219 0.417681
0.192747 0.807153 9.9991E-05
9.9991E-05 0.563986 0.435914
0.562799 0.266812 0.170389
0.59087 0.085277 0.323853
0.693928 0.168199 0.137874
0.479791 0.264986 0.255223
0.529309 0.182653 0.288038
0.333213 0.612458 0.0543285
0.229329 0.0479091 0.722762
0.228865 0.0510126 0.720122
0.0862351 0.172532 0.741233
0.284866 9.9991E-05 0.715034
9.9991E-05 0.104489 0.895411
0.493573 0.0322377 0.47419
0.280083 0.0551521 0.664765
0.0793674 0.184024 0.736609
0.376959 0.138805 0.484236
9.9991E-05 0.109751 0.890149
0.310363 9.9991E-05 0.689537
0.364702 0.013782 0.621516
0.380031 0.211505 0.408463
0.225685 9.9991E-05 0.774215
0.276408 0.0418852 0.681707
0.373983 9.9991E-05 0.625917
0.264739 0.058944 0.676317
0.482028 9.9991E-05 0.517872
0.414405 0.0531469 0.532448
0.350918 0.109038 0.540043
0.231948 0.767952 9.9991E-05
0.163139 0.836761 9.9991E-05
0.103498 0.796752 0.0997501
0.12336 0.840746 0.0358941
0.201596 0.798304 9.9991E-05
0.0845721 0.110149 0.805279
0.395417 0.047713 0.55687
0.436772 0.175113 0.388116
0.416797 0.00953662 0.573666
0.296644 0.0945823 0.608774
0.172485 0.0985079 0.729008
9.9991E-05 0.283569 0.716331
0.336218 0.0479524 0.61583
0.0756888 0.196648 0.727663
0.264972 0.0967879 0.63824
9.9991E-05 0.287073 0.712827
0.43085 0.0637805 0.505369
0.0381789 0.215947 0.745874
0.197392 0.101187 0.701421
0.283073 0.0485747 0.668353
0.129442 0.0703308 0.800227
0.367479 0.0217838 0.610737
0.33446 0.124373 0.541167
0.180568 0.0682949 0.751137
0.425663 0.0401205 0.534217
0.349986 0.0344724 0.615541
9.9991E-05 0.0885941 0.911306
0.114625 0.0421324 0.843243
0.304525 9.9991E-05 0.695375
9.9991E-05 0.0989879 0.900912
0.210001 0.00115782 0.788841
0.0192301 0.180453 0.800317
0.16544 9.9991E-05 0.83446
0.208777 0.137304 0.653919
0.386845 0.00907057 0.604085
0.111714 0.0377363 0.850549
0.421557 0.0549811 0.523462
0.363443 0.0723661 0.564191
0.364015 9.9991E-05 0.635885
0.479458 0.00550554 0.515036
0.230741 0.0747171 0.694542
0.140521 0.0634301 0.796048
0.253316 0.0585725 0.688112
0.374523 9.9991E-05 0.625377
0.402902 0.0123573 0.584741
0.201068 0.0928191 0.706113
0.384151 9.9991E-05 0.615749
0.203723 0.147083 0.649195
0.416073 0.000844401 0.583083
0.42074 0.0160978 0.563162
0.399871 0.073619 0.52651
0.447246 0.312318 0.240435
0.538804 0.120248 0.340948
0.517218 0.0745545 0.408228
0.504205 0.0497375 0.446058
0.546559 0.160349 0.293092
0.313759 9.9991E-05 0.686141
0.458788 0.211127 0.330085
0.159203 0.394575 0.446222
0.415989 0.119524 0.464487
0.538292 0.0465374 0.41517
0.530228 0.0524665 0.417305
0.374254 0.19487 0.430876
0.52068 0.121789 0.35753
0.593449 0.0837892 0.322762
0.176245 0.672995 0.15076
0.614895 0.142492 0.242613
0.617867 0.0998846 0.282248
0.515188 0.0705942 0.414218
0.562819 0.126211 0.310969
0.517115 0.148186 0.334699
0.369031 9.9991E-05 0.630869
0.426111 0.0463602 0.527529
9.9991E-05 0.0330109 0.966889
9.9991E-05 0.103739 0.896161
0.375904 0.0457447 0.578351
0.548747 0.122121 0.329132
0.580993 0.131083 0.287924
0.37902 0.29722 0.323761
0.51889 0.218893 0.262216
0.156373 0.186332 0.657294
0.235876 0.208264 0.555861
0.431122 0.00665264 0.562225
0.38109 0.0437315 0.575178
0.222621 0.13552 0.641859
0.420875 0.0424339 0.536691
0.44774 0.0748117 0.477449
0.416314 0.106737 0.47695
0.160545 9.9991E-05 0.839355
0.240709 0.000355415 0.758936
0.374244 0.0424104 0.583345
0.249397 0.0707744 0.679828
0.350459 0.131848 0.517692
0.256765 9.9991E-05 0.743135
0.13112 9.9991E-05 0.86878
0.380938 9.9991E-05 0.618962
0.1452 0.0373263 0.817473
0.303645 0.0377411 0.658614
0.395586 0.01441 0.590004
0.385373 9.9991E-05 0.614527
0.538298 0.0812771 0.380424
0.402974 0.203739 0.393287
0.474223 0.204472 0.321305
0.415391 0.202608 0.382001
0.481968 0.0762518 0.44178
0.429638 0.134402 0.43596
0.152415 0.333702 0.513883
0.600002 0.0517594 0.348239
0.169838 0.55608 0.274082
0.542146 9.9991E-05 0.457754
0.0664722 0.0220712 0.911457
9.9991E-05 0.106228 0.893672
0.258801 9.9991E-05 0.741099
0.388624 9.9991E-05 0.611276
0.201702 9.9991E-05 0.798198
0.307018 0.0209432 0.672039
0.3805 9.9991E-05 0.6194
0.138587 0.838004 0.0234091
0.100097 0.805647 0.0942562
0.118184 0.881716 9.9991E-05
0.0873942 0.912506 9.9991E-05
0.345089 9.9991E-05 0.654811
0.315888 0.0134438 0.670668
0.280739 9.9991E-05 0.719161
0.39401 0.0411696 0.564821
0.398046 0.00882355 0.593131
0.129479 0.048432 0.822089
0.38316 9.9991E-05 0.61674
0.216286 9.9991E-05 0.783614
0.489532 0.257949 0.25252
0.283461 9.9991E-05 0.716439
0.177017 9.9991E-05 0.822883
0.313744 9.9991E-05 0.686156
0.249477 9.9991E-05 0.750423
0.369536 9.9991E-05 0.630364
0.366985 0.0449163 0.588099
0.0484007 9.9991E-05 0.951499
0.155852 9.9991E-05 0.844048
0.220766 9.9991E-05 0.779134
9.999E-05 9.999E-05 0.9998
0.268872 0.0139359 0.717193
0.0553962 0.0200787 0.924525
9.9991E-05 0.0746476 0.925252
0.37824 9.9991E-05 0.62166
0.0890382 0.0505958 0.860366
0.331247 9.9991E-05 0.668653
0.532406 0.0224014 0.445192
0.333468 9.9991E-05 0.666432
0.224867 0.0103059 0.764827
0.362215 9.9991E-05 0.637685
0.27725 9.9991E-05 0.72265
0.173747 9.9991E-05 0.826153
0.35707 9.9991E-05 0.64283
9.9991E-05 0.735755 0.264145
0.0320066 0.806135 0.161858
9.9991E-05 0.892657 0.107243
0.00396133 0.893343 0.102696
0.0395784 0.82092 0.139502
0.0899296 0.0720125 0.838058
0.0146326 0.0602829 0.925085
0.0818168 9.9991E-05 0.918083
0.389769 0.0434882 0.566743
0.438464 0.0787092 0.482827
0.209541 9.99991E-05 0.790359
0.395565 9.9991E-05 0.604335
0.272756 0.0486599 0.678584
0.375916 9.9991E-05 0.623984
0.396973 9.9991E-05 0.602927
0.168034 9.9991E-05 0.831866
0.192613 9.9991E-05 0.807287
0.158329 9.9991E-05 0.841571
0.419227 0.0700121 0.51076
0.237748 9.9991E-05 0.762152
0.291051 0.0607511 0.648198
0.661234 0.140611 0.198155
0.694286 0.112838 0.192875
0.706934 0.0870791 0.205986
0.737656 0.158864 0.10348
0.582536 0.158842 0.258622
0.332475 0.00917729 0.658348
0.67357 0.32633 9.9991E-05
0.735888 0.203471 0.0606401
0.439824 0.168556 0.39162
0.369181 0.0946731 0.536146
0.321513 0.101134 0.577353
0.45088 0.00799293 0.541127
0.38415 0.0898937 0.525956
0.727222 0.199259 0.0735189
0.689997 0.107542 0.202461
0.793204 0.076385 0.130411
0.608713 0.113231 0.278056
0.704517 0.159607 0.135876
0.634218 0.104009 0.261774
0.729777 0.210539 0.0596839
0.675369 0.150268 0.174363
0.390592 0.00684172 0.602566
0.578407 0.19034 0.231252
0.757627 0.242273 9.9991E-05
0.609254 0.147151 0.243595
0.0747466 0.27131 0.653944
0.4479 9.9991E-05 0.552
0.531792 0.218649 0.249559
0.479097 0.0220956 0.498808
0.31157 0.16432 0.52411
0.426032 0.234531 0.339437
0.499097 0.263247 0.237656
0.466651 0.0344901 0.498859
0.623736 0.122729 0.253535
0.777423 0.0879482 0.134629
0.683978 0.303756 0.0122661
0.434898 0.100574 0.464528
0.221458 0.0957039 0.682838
0.143504 0.235362 0.621134
0.421848 0.0809045 0.497248
0.224515 0.12099 0.654495
0.482537 0.179843 0.33762
0.365494 0.129112 0.505394
0.200492 0.489889 0.309619
0.111049 0.542014 0.346937
0.303291 0.221499 0.475211
0.181811 0.531391 0.286798
0.273384 0.591376 0.13524
0.377046 0.170511 0.452443
0.437467 0.220754 0.341779
0.313705 0.331186 0.355108
0.189897 0.413903 0.3962
0.425167 0.126905 0.447928
0.266979 0.315317 0.417704
0.0607757 0.662991 0.276233
0.435789 0.157611 0.4066
0.483216 0.222887 0.293898
0.439437 0.3337 0.226863
0.627336 0.135386 0.237277
0.513319 0.131885 0.354797
0.568129 0.149203 0.282668
0.443117 0.39356 0.163323
0.567075 0.175405 0.25752
0.584055 0.190466 0.22548
0.473664 0.305563 0.220774
0.331384 0.171852 0.496763
0.440976 0.134373 0.42465
0.491712 0.172014 0.336273
0.477946 0.00911262 0.512941
0.555475 0.273326 0.171199
0.530056 0.166749 0.303195
0.36013 0.477028 0.162842
0.535351 0.110593 0.354056
0.491017 0.31947 0.189513
0.00190641 0.854915 0.143179
9.9991E-05 0.269846 0.730054
9.9991E-05 0.272453 0.727447
9.9991E-05 0.270404 0.729496
9.9991E-05 0.224735 0.775165
9.9991E-05 0.256425 0.743475
9.9991E-05 0.201439 0.798461
9.9991E-05 0.296359 0.703541
9.9991E-05 0.415531 0.584369
0.10781 0.89209 9.9991E-05
0.0651974 0.821631 0.113171
0.124064 0.875836 9.9991E-05
0.0236943 0.885286 0.0910192
0.117466 0.882434 9.9991E-05
0.0242627 0.940493 0.0352445
0.224199 0.775701 9.9991E-05
0.140284 0.859616 9.9991E-05
0.125345 0.766785 0.10787
0.102956 0.896944 9.9991E-05
0.0521085 0.947792 9.9991E-05
0.14563 0.830107 0.0242629
0.0455858 0.954314 9.9991E-05
0.114566 0.885334 9.9991E-05
0.136538 0.863362 9.9991E-05
0.143655 0.856245 9.9991E-05
0.259048 0.740852 9.9991E-05
0.23392 0.76598 9.9991E-05
0.196687 0.803213 9.9991E-05
0.266061 0.168148 0.565791
0.369877 9.9991E-05 0.630023
0.408322 0.115567 0.476111
0.0600498 0.211271 0.728679
0.294305 0.15061 0.555085
0.0480925 0.313082 0.638826
0.497453 0.0725368 0.430011
0.212908 0.129218 0.657874
0.314468 0.0883819 0.59715
0.295859 9.9991E-05 0.704041
0.259606 0.160128 0.580267
0.407917 0.0450139 0.547069
0.338469 0.103333 0.558198
0.0148469 0.153975 0.831178
9.9991E-05 0.185036 0.814864
0.086504 0.205097 0.708399
0.397577 0.065471 0.536952
0.363168 0.0411987 0.595633
0.315644 0.170666 0.51369
0.450448 0.0539466 0.495606
0.536163 0.12258 0.341257
0.58192 0.119812 0.298267
0.241328 0.473758 0.284914
0.443825 0.0231177 0.533058
0.406294 0.234836 0.35887
0.173044 0.598105 0.228851
0.456616 0.295465 0.247919
0.339154 0.390937 0.269909
0.360146 0.30254 0.337314
0.520531 0.114805 0.364664
0.505192 0.14476 0.350048
0.573105 0.0436953 0.3832
0.418916 0.173871 0.407214
0.381621 0.448932 0.169446
