0.902865 9.9991E-05 0.0970352
0.94853 0.0280587 0.0234116
0.824827 9.9991E-05 0.175073
0.814408 9.9991E-05 0.185492
0.851562 9.9991E-05 0.148338
0.655858 0.223546 0.120596
0.883062 0.0561896 0.060748
0.797408 0.150807 0.0517842
0.926899 0.0730015 9.9991E-05
0.754156 0.108751 0.137092
0.790239 0.176115 0.033646
0.101477 0.753981 0.144542
0.0416667 0.608127 0.350206
0.156039 0.670208 0.173753
0.107656 0.604875 0.287469
0.196092 0.5003 0.303608
0.0162772 0.575809 0.407914
9.9991E-05 0.69148 0.30842
0.185342 0.605071 0.209586
0.235058 0.764842 9.9991E-05
0.0259972 0.659683 0.31432
0.0520128 0.656115 0.291872
0.0191892 0.638205 0.342606
0.0890482 0.698711 0.212241
0.0584744 0.486786 0.454739
9.9991E-05 0.591192 0.408708
0.147277 0.672324 0.180398
0.129764 0.627536 0.2427
0.123467 0.762404 0.114129
0.795063 9.9991E-05 0.204837
0.801395 9.9991E-05 0.198505
0.776554 9.9991E-05 0.223346
0.742835 0.0333666 0.223798
0.0247527 0.640769 0.334479
0.0817251 0.612087 0.306188
9.9991E-05 0.642816 0.357084
0.23645 0.735394 0.028156
9.9991E-05 0.777508 0.222392
0.0544796 0.615906 0.329615
9.9991E-05 0.574399 0.425501
0.0752586 0.571454 0.353287
0.0429385 0.515749 0.441312
0.12633 0.861917 0.0117531
0.00892658 0.567822 0.423251
9.9991E-05 0.569899 0.430001
0.0751256 0.507953 0.416922
9.9991E-05 0.814045 0.185855
9.9991E-05 0.670014 0.329886
0.0599876 0.59453 0.345483
0.146961 0.852939 9.9991E-05
0.0799051 0.874597 0.045498
0.146884 0.832791 0.0203245
0.030452 0.50924 0.460308
0.0701031 0.548755 0.381142
9.9991E-05 0.551464 0.448436
0.220274 0.765376 0.0143506
0.00191429 0.65903 0.339056
0.0345959 0.545391 0.420013
0.151724 0.645548 0.202728
0.346858 0.57989 0.0732524
0.0106704 0.57991 0.409419
0.0962427 0.674826 0.228932
0.195872 0.804028 9.9991E-05
0.0318599 0.666922 0.301218
9.9991E-05 0.557974 0.441926
0.0845154 0.52354 0.391945
0.107211 0.704836 0.187953
0.02585 0.59387 0.38028
0.0194483 0.593247 0.387304
0.175574 0.824326 9.9991E-05
9.9991E-05 0.750311 0.249589
0.00740508 0.884807 0.107788
0.106484 0.585896 0.30762
0.0630023 0.936898 9.9991E-05
0.00907259 0.990827 9.9991E-05
9.9991E-05 0.863015 0.136885
9.9991E-05 0.726158 0.273742
0.0315091 0.614006 0.354485
9.9991E-05 0.725677 0.274223
0.0711314 0.831296 0.0975726
0.101616 0.809538 0.0888464
0.0326494 0.517986 0.449364
9.9991E-05 0.828394 0.171506
0.000142815 0.742797 0.25706
9.9991E-05 0.787957 0.211943
0.062465 0.937435 9.9991E-05
9.9991E-05 0.647003 0.352897
0.792926 0.0376433 0.169431
0.878052 9.9991E-05 0.121848
0.831634 9.9991E-05 0.168266
0.860643 9.9991E-05 0.139257
0.878971 9.9991E-05 0.120929
0.867072 9.9991E-05 0.132828
0.877874 9.9991E-05 0.122026
0.0637283 0.596212 0.34006
0.0791452 0.561311 0.359544
0.102579 0.897321 9.9991E-05
0.0771656 0.563825 0.359009
0.0379695 0.712055 0.249976
0.0203295 0.572649 0.407021
0.0109689 0.584744 0.404287
9.9991E-05 0.657188 0.342712
0.12692 0.87298 9.9991E-05
0.0176343 0.604585 0.377781
0.0443884 0.55258 0.403031
0.0596667 0.587878 0.352455
9.9991E-05 0.80664 0.19326
9.9991E-05 0.690262 0.309638
9.9991E-05 0.68912 0.31078
9.9991E-05 0.723429 0.276471
0.0655222 0.643913 0.290564
0.0158986 0.511675 0.472427
0.16657 0.74782 0.0856099
0.173275 0.560965 0.265761
0.016159 0.580004 0.403837
0.0367866 0.564883 0.398331
0.0780255 0.71055 0.211424
0.0520085 0.56853 0.379461
0.0159226 0.713975 0.270102
0.0647955 0.57813 0.357075
0.0169251 0.64688 0.336195
0.0145522 0.634488 0.350959
0.0310567 0.733859 0.235084
0.0518189 0.547161 0.40102
0.0410451 0.576243 0.382712
9.9991E-05 0.656277 0.343623
0.0822848 0.511361 0.406354
9.9991E-05 0.64042 0.35948
0.146143 0.596863 0.256994
0.0403227 0.588363 0.371314
9.9991E-05 0.554465 0.445435
0.0884633 0.737018 0.174518
0.149186 0.784816 0.0659975
0.0162178 0.656521 0.327261
0.0828073 0.898155 0.0190377
0.119305 0.753696 0.126999
0.0265756 0.747921 0.225504
0.094349 0.785494 0.120157
0.0960994 0.776003 0.127897
0.00258114 0.566101 0.431317
0.0767503 0.463293 0.459957
0.10265 0.591329 0.30602
0.0779947 0.800994 0.121011
0.154022 0.568087 0.277891
0.00415346 0.631734 0.364112
0.299906 0.699994 9.9991E-05
0.0870125 0.478422 0.434566
0.167673 0.659834 0.172494
0.0790321 0.519014 0.401954
0.232996 0.667434 0.0995698
0.182824 0.778643 0.0385333
0.0828916 0.722184 0.194925
0.0934956 0.614213 0.292291
0.241862 0.526708 0.231429
0.222824 0.664602 0.112575
0.0453909 0.548 0.406609
9.9991E-05 0.869452 0.130448
9.9991E-05 0.785073 0.214827
0.00754069 0.541961 0.450499
0.408348 0.243543 0.34811
0.772343 0.091092 0.136565
0.693646 0.186801 0.119553
0.470621 0.104722 0.424656
9.9991E-05 0.706827 0.293073
0.0222389 0.610913 0.366848
9.9991E-05 0.0604175 0.939482
0.0260436 0.315397 0.658559
0.126353 0.263915 0.609732
0.0238612 0.76528 0.210859
0.0298174 0.562266 0.407916
0.108945 0.803073 0.0879822
0.0182983 0.637898 0.343803
0.0570779 0.723349 0.219573
9.9991E-05 0.637197 0.362703
0.0583168 0.828686 0.112997
0.0182574 0.504312 0.477431
0.0798257 0.53665 0.383524
0.0312032 9.9991E-05 0.968697
0.0584448 9.9991E-05 0.941455
0.10421 0.199999 0.69579
0.0430729 0.0641069 0.89282
0.0708342 9.9991E-05 0.929066
0.0340491 9.9991E-05 0.965851
0.0827199 9.9991E-05 0.91718
0.00742673 9.9991E-05 0.992473
0.0188225 9.9991E-05 0.981077
0.0474755 9.9991E-05 0.952424
0.0530459 9.9991E-05 0.946854
0.0833033 0.00954636 0.90715
0.12969 9.9991E-05 0.87021
0.0807576 9.9991E-05 0.919142
0.0456973 0.317708 0.636595
0.0884702 0.120627 0.790903
0.113278 0.0806625 0.806059
0.0644855 9.9991E-05 0.935414
0.0385887 9.9991E-05 0.961311
0.0903129 9.9991E-05 0.909587
0.077956 9.9991E-05 0.921944
0.0847712 0.118223 0.797006
0.121026 9.9991E-05 0.878874
0.487905 0.495762 0.0163336
0.18008 0.501266 0.318654
0.186564 0.502064 0.311372
0.346574 0.466285 0.187141
0.15683 0.435433 0.407736
0.362935 0.445838 0.191227
0.18961 0.50162 0.30877
0.177726 0.431268 0.391006
0.153147 0.37392 0.472932
0.175535 0.376833 0.447632
0.154462 0.403574 0.441965
0.863127 0.0708336 0.0660397
0.908588 9.9991E-05 0.0913118
0.963494 9.9991E-05 0.0364056
0.922875 9.9991E-05 0.0770247
0.892615 9.9991E-05 0.107285
0.878548 9.9991E-05 0.121352
0.88313 9.9991E-05 0.11677
0.917245 0.00600907 0.0767455
0.89292 9.9991E-05 0.10698
0.83208 9.9991E-05 0.16782
0.717275 0.282625 9.9991E-05
0.722074 0.277826 9.9991E-05
0.667179 0.332721 9.9991E-05
0.580212 0.419688 9.9991E-05
0.0239685 0.674278 0.301753
0.000411585 0.633827 0.365762
9.9991E-05 0.642854 0.357046
0.0454286 0.767669 0.186902
0.117067 0.868368 0.0145653
9.9991E-05 0.55078 0.44912
9.9991E-05 0.656052 0.343848
9.9991E-05 0.705029 0.294871
9.9991E-05 0.753076 0.246824
0.0490634 0.46523 0.485707
9.9991E-05 0.776396 0.223504
0.0447614 0.955139 9.9991E-05
0.0600022 0.613104 0.326893
0.0217816 0.836157 0.142061
9.9991E-05 0.688218 0.311682
0.0790123 0.907484 0.0135038
0.329456 0.670444 9.9991E-05
0.335947 0.663953 9.9991E-05
0.257416 0.742484 9.9991E-05
0.316347 0.683553 9.9991E-05
0.215064 0.784836 9.9991E-05
0.302356 0.675989 0.0216548
0.835236 9.9991E-05 0.164664
0.825833 9.9991E-05 0.174067
0.748857 9.9991E-05 0.251043
0.790995 9.9991E-05 0.208905
0.774768 0.0465101 0.178722
0.585485 0.414415 9.9991E-05
0.587699 0.412201 9.9991E-05
0.561386 0.438514 9.9991E-05
0.78444 9.9991E-05 0.21546
0.532253 0.467647 9.9991E-05
0.29723 0.167117 0.535653
0.113321 0.285789 0.60089
0.134209 0.213526 0.652265
0.269635 0.243601 0.486764
0.0574382 0.439346 0.503216
0.587128 0.0436153 0.369257
0.0527461 0.742375 0.204878
0.0678909 0.763095 0.169014
0.153908 0.710471 0.135621
9.9991E-05 0.757639 0.242261
0.0924028 0.907497 9.9991E-05
0.0860272 0.560081 0.353891
9.9991E-05 0.722344 0.277556
0.100763 0.768615 0.130622
0.0619653 0.579908 0.358127
0.0950733 0.904827 9.9991E-05
0.0408667 0.658495 0.300639
0.00208993 0.672735 0.325175
0.101688 0.441711 0.456601
9.9991E-05 0.753029 0.246871
0.058944 0.708627 0.232429
9.9991E-05 0.669265 0.330635
9.9991E-05 0.715035 0.284865
9.9991E-05 0.541414 0.458486
0.055503 0.590445 0.354052
0.143286 0.546069 0.310645
0.771345 9.9991E-05 0.228555
0.843998 9.9991E-05 0.155902
0.803391 0.091017 0.105592
0.844461 0.0770097 0.0785291
0.817473 0.0110634 0.171464
0.115678 0.79635 0.0879721
0.00888421 0.59682 0.394295
0.204337 0.340344 0.455319
9.9991E-05 0.586337 0.413563
0.00726505 0.682434 0.310301
0.122626 0.674979 0.202396
0.294633 0.705267 9.9991E-05
0.0205465 0.681227 0.298227
0.18894 0.730464 0.0805963
0.0717806 0.684177 0.244042
0.277507 0.708377 0.014116
0.0491034 0.462419 0.488478
0.203118 0.69228 0.104601
0.0798943 0.69272 0.227386
0.0728664 0.636986 0.290148
0.107415 0.763657 0.128928
0.0418069 0.62133 0.336863
0.150518 0.523812 0.32567
0.0294653 0.799601 0.170934
0.0289412 0.557871 0.413187
0.000550789 0.650694 0.348755
0.0474784 0.952422 9.9991E-05
0.0516201 0.858915 0.0894652
9.9991E-05 0.694371 0.305529
0.0931972 0.875023 0.03178
0.00788556 0.772685 0.219429
0.170981 0.823015 0.00600452
9.9991E-05 0.841071 0.158829
0.0859415 0.67402 0.240039
0.011516 0.581429 0.407055
0.0430695 0.884334 0.072596
0.114456 0.484011 0.401534
0.0315458 0.592197 0.376257
0.0482224 0.517054 0.434724
0.0132602 0.611724 0.375016
0.0926575 0.637656 0.269686
0.079258 0.761182 0.15956
0.078805 0.687045 0.23415
9.9991E-05 0.610248 0.389652
9.9991E-05 0.609814 0.390086
0.0533787 0.71042 0.236201
9.9991E-05 0.592745 0.407156
0.205063 0.561761 0.233176
9.9991E-05 0.660902 0.338998
0.0460337 0.651398 0.302568
0.0429562 0.555054 0.40199
0.315824 0.284837 0.399339
0.104266 0.387693 0.508041
0.139823 0.463055 0.397122
0.0505895 0.433894 0.515517
0.192914 0.290091 0.516995
9.9991E-05 0.738114 0.261786
0.150864 0.416223 0.432913
0.387921 0.468111 0.143968
0.0828583 0.467189 0.449952
0.122231 0.352379 0.52539
9.9991E-05 0.523613 0.476287
0.22412 0.48521 0.29067
0.199365 0.375518 0.425117
0.163178 0.311929 0.524893
0.642325 0.174642 0.183033
0.146144 0.303593 0.550263
0.149732 0.233682 0.616586
0.0775319 0.41487 0.507598
0.175953 0.259308 0.564739
0.145777 0.365588 0.488635
0.0681027 0.653722 0.278175
0.0996395 0.545991 0.354369
0.0599095 0.93999 9.9991E-05
0.098633 0.901267 9.9991E-05
0.0480342 0.59849 0.353475
0.108138 0.309272 0.58259
0.177232 0.294107 0.52866
0.286571 0.239829 0.473599
0.210695 0.298128 0.491178
0.14384 0.700462 0.155699
0.186259 0.604818 0.208922
9.9991E-05 0.493331 0.506569
0.0773175 0.559983 0.362699
0.102742 0.653076 0.244182
0.0697925 0.505779 0.424428
9.9991E-05 0.611055 0.388845
0.0827607 0.542786 0.374454
0.089849 0.751665 0.158486
9.9991E-05 0.777389 0.222511
9.9991E-05 0.582417 0.417483
0.084668 0.690868 0.224464
0.12089 0.514457 0.364653
9.9991E-05 0.722617 0.277283
0.0212815 0.815563 0.163155
9.9991E-05 0.625487 0.374413
0.00606627 0.896049 0.0978846
0.0345087 0.678126 0.287366
0.0168506 0.581792 0.401358
0.0178318 0.710981 0.271187
0.0855308 0.375869 0.5386
0.184744 0.457449 0.357807
0.171942 0.3642 0.463859
0.204197 0.43195 0.363854
0.123334 0.442234 0.434432
0.123982 0.417828 0.458191
0.354064 0.514241 0.131695
0.00442587 0.40261 0.592965
0.56927 0.311414 0.119316
0.0313709 0.449048 0.519581
0.0366691 0.960681 0.00265002
0.0984992 0.901401 9.9991E-05
9.9991E-05 0.743472 0.256428
9.9991E-05 0.628798 0.371102
9.9991E-05 0.788446 0.211454
9.9991E-05 0.706417 0.293483
9.9991E-05 0.647401 0.352499
0.806545 0.0602622 0.133193
0.794675 0.0895187 0.115806
0.89407 9.9991E-05 0.10583
0.922459 9.9991E-05 0.0774408
9.9991E-05 0.682259 0.317641
9.9991E-05 0.697005 0.302895
9.9991E-05 0.756903 0.242997
0.0183373 0.615333 0.36633
0.073468 0.50687 0.419662
0.0382946 0.822619 0.139087
9.9991E-05 0.59344 0.40646
9.9991E-05 0.835319 0.164581
0.215351 0.327812 0.456838
9.9991E-05 0.68744 0.31246
9.9991E-05 0.85084 0.14906
9.9991E-05 0.709071 0.290829
0.012044 0.749364 0.238592
9.9991E-05 0.649523 0.350377
0.0311075 0.632675 0.336217
9.999E-05 0.9998 9.999E-05
0.0138906 0.826349 0.159761
9.9991E-05 0.806568 0.193332
9.999E-05 0.9998 9.999E-05
9.9991E-05 0.695729 0.304171
0.0346203 0.93932 0.0260594
0.0695757 0.930324 9.9991E-05
9.9991E-05 0.627167 0.372733
0.0348215 0.874985 0.0901935
0.00548673 0.674994 0.31952
0.0239282 0.542636 0.433436
9.9991E-05 0.667029 0.332871
0.00533298 0.758554 0.236113
9.9991E-05 0.669773 0.330127
0.0360246 0.659151 0.304825
9.9991E-05 0.826139 0.173761
0.0712602 0.593049 0.335691
0.723744 0.276156 9.9991E-05
0.794729 0.14692 0.0583504
0.903129 0.0967711 9.9991E-05
0.861349 0.138551 9.9991E-05
0.827792 0.154258 0.0179497
0.0488412 0.892356 0.0588032
0.105569 0.885329 0.00910173
9.9991E-05 0.919724 0.0801758
0.0569722 0.554381 0.388647
0.100318 0.470339 0.429343
9.9991E-05 0.835499 0.164401
9.9991E-05 0.675246 0.324654
0.0612135 0.698479 0.240308
9.9991E-05 0.672608 0.327292
9.9991E-05 0.614616 0.385284
9.9991E-05 0.872186 0.127714
9.9991E-05 0.816264 0.183636
9.9991E-05 0.873978 0.125922
0.0723754 0.552072 0.375552
9.9991E-05 0.791652 0.208248
9.9991E-05 0.675565 0.324335
0.0726916 0.177069 0.75024
0.126282 0.181407 0.692311
0.150329 0.144445 0.705227
0.172828 0.127972 0.699199
0.12207 0.209726 0.668204
0.00516405 0.690068 0.304768
0.288685 9.9991E-05 0.711215
0.173855 0.168598 0.657547
0.176975 0.392449 0.430576
0.161189 0.55718 0.281632
0.130398 0.582031 0.287571
0.0970452 0.530497 0.372457
0.10187 0.527982 0.370148
0.218686 0.0583752 0.722939
0.192481 0.158069 0.649449
0.0404549 0.157562 0.801983
0.114886 0.33159 0.553523
0.183747 0.0949289 0.721324
0.151091 0.290963 0.557946
0.120277 0.186876 0.692847
0.120644 0.269463 0.609893
0.0508652 0.545496 0.403639
0.188819 0.250694 0.560486
0.224179 9.9991E-05 0.775721
0.0871919 0.336212 0.576596
0.247799 0.676112 0.0760892
0.00722642 0.584697 0.408076
0.174659 0.330303 0.495038
0.129928 0.510634 0.359438
0.183322 0.491776 0.324902
0.207371 0.358653 0.433975
0.246096 0.249793 0.504111
0.11327 0.519754 0.366976
0.137537 0.217639 0.644824
0.0789684 0.168135 0.752896
0.234488 9.9991E-05 0.765412
0.0171767 0.516141 0.466683
0.153395 0.612194 0.234411
0.258249 0.635591 0.10616
0.112155 0.449382 0.438463
0.128592 0.61986 0.251547
0.153538 0.361687 0.484775
0.112226 0.5183 0.369473
0.517268 0.310655 0.172077
0.541276 0.329117 0.129606
0.189327 0.532001 0.278672
0.476126 0.313058 0.210816
0.573689 0.159181 0.26713
0.150677 0.524243 0.32508
0.230854 0.394284 0.374861
0.357657 0.311708 0.330636
0.428684 0.356063 0.215252
0.141579 0.379365 0.479055
0.271591 0.498094 0.230314
0.646514 0.295878 0.0576084
0.161811 0.351667 0.486522
0.226299 0.300657 0.473045
0.27222 0.250013 0.477767
0.0994489 0.251277 0.649274
0.158718 0.257533 0.583749
0.15076 0.380371 0.468868
0.371882 0.171965 0.456153
0.137329 0.301191 0.561481
0.222889 0.171658 0.605454
0.280024 0.31422 0.405757
0.20961 0.515466 0.274924
0.164222 0.411239 0.424539
0.129204 0.359181 0.511615
0.0499829 0.441494 0.508523
0.267434 0.207287 0.525279
0.169849 0.327602 0.502549
0.428719 0.241623 0.329658
0.170813 0.280436 0.548751
0.351304 0.190885 0.457811
0.857153 0.120836 0.0220105
0.338808 0.661092 9.9991E-05
0.289302 0.710598 9.9991E-05
0.272556 0.727344 9.9991E-05
0.230424 0.769476 9.9991E-05
0.238508 0.761392 9.9991E-05
0.223268 0.776632 9.9991E-05
0.302665 0.697235 9.9991E-05
0.438121 0.561779 9.9991E-05
0.904206 9.9991E-05 0.0956945
0.844716 0.0482995 0.106984
0.884877 9.9991E-05 0.115023
0.858825 0.0751926 0.065982
0.86951 9.9991E-05 0.13039
0.920092 9.9991E-05 0.0798081
0.737974 0.0494887 0.212538
0.831712 9.9991E-05 0.168188
0.727501 0.117565 0.154934
0.87893 9.9991E-05 0.12097
0.966082 9.9991E-05 0.0338176
0.86955 0.0182815 0.112169
0.931127 9.9991E-05 0.0687728
0.87392 9.9991E-05 0.12598
0.829004 9.9991E-05 0.170896
0.808431 9.9991E-05 0.191469
0.755235 9.9991E-05 0.244665
0.738326 9.9991E-05 0.261574
0.773702 9.9991E-05 0.226198
0.131613 0.568967 0.29942
0.0785306 0.563087 0.358382
0.0955261 0.459683 0.444791
0.210622 0.751176 0.0382022
0.0778166 0.639208 0.282975
0.29887 0.676183 0.0249471
0.0379688 0.517634 0.444397
0.12072 0.700943 0.178337
0.0553505 0.724375 0.220274
0.0156042 0.691908 0.292488
0.0907435 0.652731 0.256525
0.0615568 0.615981 0.322462
0.0309654 0.586789 0.382246
0.147194 0.852706 9.9991E-05
0.203717 0.796183 9.9991E-05
0.221272 0.69603 0.0826982
0.0585281 0.51817 0.423302
0.103413 0.543971 0.352616
0.0850062 0.50749 0.407504
0.00804026 0.531869 0.460091
0.179755 0.274936 0.545309
0.0520028 0.339536 0.608462
0.47411 0.264734 0.261156
0.120946 0.496148 0.382906
0.221052 0.405306 0.373642
0.612742 0.255663 0.131595
0.31188 0.25766 0.43046
0.36168 0.261699 0.37662
0.291394 0.361557 0.347049
0.150373 0.326203 0.523424
0.128171 0.433975 0.437854
0.0659343 0.445424 0.488642
0.160119 0.37993 0.459952
0.492059 0.13046 0.377481
