0.909216 9.9991E-05 0.0906837
0.93901 0.0173476 0.0436424
0.816986 9.9991E-05 0.182914
0.832433 9.9991E-05 0.167467
0.85523 9.9991E-05 0.14467
0.685024 0.228773 0.0862028
0.879918 0.0407477 0.0793344
0.812617 0.0835857 0.103797
0.909421 0.0904791 9.9991E-05
0.728183 0.103212 0.168604
0.78377 0.160419 0.0558106
0.0997344 0.748722 0.151544
0.000917199 0.626768 0.372315
0.173767 0.684367 0.141866
0.144514 0.563032 0.292454
0.137619 0.536206 0.326176
0.0567147 0.518039 0.425246
0.0108842 0.632257 0.356859
0.143382 0.621832 0.234786
0.233937 0.765963 9.9991E-05
0.0697737 0.629704 0.300522
0.0445351 0.686769 0.268696
0.0181254 0.597275 0.3846
0.0780399 0.692016 0.229944
0.131545 0.452163 0.416292
9.9991E-05 0.617162 0.382738
0.164291 0.709086 0.126623
0.1165 0.61523 0.268269
0.144819 0.802899 0.0522823
0.782252 9.9991E-05 0.217648
0.801337 9.9991E-05 0.198563
0.787417 0.0535219 0.159061
0.748173 0.012712 0.239115
0.00423612 0.639736 0.356027
0.0822864 0.567192 0.350521
9.9991E-05 0.66031 0.33959
0.209944 0.789956 9.9991E-05
0.0276342 0.758352 0.214014
9.9991E-05 0.662095 0.337805
9.9991E-05 0.521449 0.478451
0.0555192 0.610636 0.333845
0.0443681 0.529498 0.426134
0.0489266 0.878502 0.0725717
9.9991E-05 0.588267 0.411633
0.0100742 0.53698 0.452946
0.0478772 0.478267 0.473856
9.9991E-05 0.820885 0.179015
0.0159989 0.551437 0.432564
0.0336275 0.580338 0.386034
0.176057 0.823843 9.9991E-05
0.0704318 0.891079 0.0384889
0.160037 0.839863 9.9991E-05
0.0878694 0.527818 0.384313
0.0396017 0.550268 0.41013
0.0185077 0.567338 0.414154
0.219232 0.780668 9.9991E-05
0.0316006 0.661834 0.306565
0.0662548 0.497114 0.436631
0.124516 0.700795 0.174689
0.318495 0.631234 0.0502715
0.0358909 0.573422 0.390687
0.0999077 0.643436 0.256657
0.231576 0.768324 9.9991E-05
0.0150622 0.704077 0.280861
9.9991E-05 0.545511 0.454389
0.0369045 0.634181 0.328915
0.145795 0.71318 0.141026
9.9991E-05 0.69234 0.30756
0.0285423 0.545782 0.425676
0.118603 0.834381 0.0470155
9.9991E-05 0.729904 0.269996
0.00966531 0.918285 0.0720492
0.044569 0.62739 0.328041
0.018043 0.981857 9.9991E-05
9.999E-05 0.9998 9.999E-05
9.9991E-05 0.884347 0.115553
9.9991E-05 0.719843 0.280057
0.0964918 0.55667 0.346838
0.025652 0.729947 0.244401
0.0290981 0.877272 0.0936297
0.100918 0.799047 0.100036
9.9991E-05 0.574439 0.425461
0.0293429 0.837601 0.133056
0.0146412 0.698408 0.286951
0.0180715 0.796117 0.185812
0.0607712 0.939129 9.9991E-05
9.9991E-05 0.603814 0.396086
0.77588 0.0487247 0.175395
0.900821 9.9991E-05 0.0990791
0.85318 9.9991E-05 0.14672
0.87507 9.9991E-05 0.12483
0.854651 0.00984746 0.135501
0.882932 9.9991E-05 0.116968
0.897707 9.9991E-05 0.102193
9.9991E-05 0.62579 0.37411
0.072271 0.504241 0.423488
0.0424843 0.957416 9.9991E-05
0.116304 0.566623 0.317073
0.0411796 0.738612 0.220209
9.9991E-05 0.628707 0.371193
9.9991E-05 0.637713 0.362187
9.9991E-05 0.647446 0.352454
0.0949274 0.904973 9.9991E-05
0.071021 0.608192 0.320787
9.9991E-05 0.53698 0.46292
0.0387396 0.504207 0.457053
0.0325992 0.82938 0.138021
9.9991E-05 0.6667 0.3332
0.0127584 0.702343 0.284899
9.9991E-05 0.748774 0.251126
0.057267 0.721968 0.220765
0.0723916 0.524398 0.40321
0.138251 0.74128 0.120469
0.0976828 0.582786 0.319531
0.0523862 0.591134 0.356479
0.0586314 0.504715 0.436653
0.0702492 0.675478 0.254273
0.0431202 0.629439 0.327441
0.0472267 0.655723 0.297051
0.0673205 0.604241 0.328438
0.0157279 0.581373 0.402899
9.9991E-05 0.666254 0.333646
9.9991E-05 0.686775 0.313125
9.9991E-05 0.547997 0.451903
0.0697341 0.460067 0.470199
9.9991E-05 0.618186 0.381714
0.0468977 0.574338 0.378764
0.0758081 0.528434 0.395758
0.140386 0.617097 0.242517
9.9991E-05 0.532282 0.467618
9.9991E-05 0.567636 0.432264
0.11163 0.698964 0.189406
0.149697 0.750237 0.100066
0.000211669 0.637325 0.362463
0.0837393 0.869666 0.0465947
0.121191 0.822059 0.0567498
9.9991E-05 0.79724 0.20266
0.106413 0.786714 0.106873
0.0958379 0.803841 0.100321
0.0125343 0.576271 0.411195
0.013845 0.589354 0.396801
0.0495154 0.583867 0.366618
0.141397 0.774719 0.0838846
0.185966 0.546872 0.267162
0.00487461 0.643574 0.351551
0.305506 0.694394 9.9991E-05
0.0862928 0.479852 0.433855
0.134485 0.614612 0.250903
0.0893201 0.580245 0.330435
0.178141 0.669657 0.152202
0.166819 0.823852 0.00932917
0.0480099 0.721804 0.230187
0.032412 0.5653 0.402288
0.146166 0.545201 0.308632
0.207887 0.679259 0.112854
0.0441112 0.5954 0.360489
9.9991E-05 0.863089 0.136811
0.000708173 0.762704 0.236588
0.0821215 0.484082 0.433796
0.430888 0.212566 0.356547
0.7498 0.0750002 0.1752
0.693688 0.157467 0.148845
0.491525 0.0880824 0.420393
9.9991E-05 0.575683 0.424217
0.0489343 0.552158 0.398908
0.0111087 0.115793 0.873099
0.0841685 0.259144 0.656687
0.0967714 0.313735 0.589494
0.0522972 0.771741 0.175962
0.0455434 0.575395 0.379061
0.0672069 0.815023 0.11777
9.9991E-05 0.606101 0.393799
0.0264963 0.665239 0.308265
9.9991E-05 0.617407 0.382493
0.0858104 0.819989 0.0942007
9.9991E-05 0.509116 0.490784
9.9991E-05 0.585244 0.414656
0.105953 9.9991E-05 0.893947
0.0338671 0.00258644 0.963546
0.111005 0.137528 0.751467
0.0805015 0.0521911 0.867307
0.108979 0.00122093 0.8898
0.0652572 9.9991E-05 0.934643
0.107514 9.9991E-05 0.892386
0.00174673 9.9991E-05 0.998153
0.0741728 9.9991E-05 0.925727
0.0560259 9.9991E-05 0.943874
0.0714435 9.9991E-05 0.928457
0.10855 0.0314416 0.860008
0.147453 9.9991E-05 0.852447
0.0801032 9.9991E-05 0.919797
0.0832298 0.374144 0.542626
0.143509 0.081135 0.775356
0.104461 0.0429838 0.852555
0.0866686 9.9991E-05 0.913231
0.0595946 9.9991E-05 0.940305
0.0769745 9.9991E-05 0.922926
0.0605678 9.9991E-05 0.939332
0.0883465 0.105727 0.805926
0.133394 9.9991E-05 0.866506
0.507958 0.49115 0.000892514
0.227649 0.453356 0.318996
0.222667 0.467354 0.309979
0.355253 0.407393 0.237354
0.170902 0.454148 0.374951
0.359683 0.397442 0.242874
0.200678 0.4597 0.339622
0.222983 0.443344 0.333674
0.138474 0.439982 0.421544
0.213322 0.346355 0.440322
0.163273 0.454613 0.382114
0.86975 0.0379142 0.0923358
0.933438 9.9991E-05 0.0664618
0.984325 9.9991E-05 0.0155753
0.913935 9.9991E-05 0.0859646
0.903738 9.9991E-05 0.0961616
0.894353 9.9991E-05 0.105547
0.837697 9.9991E-05 0.162203
0.900318 0.018348 0.0813336
0.894313 9.9991E-05 0.105587
0.8511 9.9991E-05 0.1488
0.718717 0.281183 9.9991E-05
0.691147 0.305001 0.00385108
0.674185 0.325715 9.9991E-05
0.625567 0.374333 9.9991E-05
0.0769347 0.650637 0.272428
0.0277173 0.666448 0.305835
9.9991E-05 0.669525 0.330375
0.0897454 0.718711 0.191544
0.145623 0.854277 9.9991E-05
9.9991E-05 0.619215 0.380685
9.9991E-05 0.703931 0.295969
9.9991E-05 0.708528 0.291372
9.9991E-05 0.745428 0.254472
9.9991E-05 0.615124 0.384776
9.9991E-05 0.773161 0.226739
0.035636 0.964264 9.9991E-05
0.0124696 0.681868 0.305662
0.0137425 0.8723 0.113957
9.9991E-05 0.70835 0.29155
0.08296 0.908517 0.00852282
0.311415 0.688485 9.9991E-05
0.278653 0.721247 9.9991E-05
0.297055 0.702845 9.9991E-05
0.308698 0.691202 9.9991E-05
0.27282 0.72708 9.9991E-05
0.310668 0.675774 0.0135584
0.840022 9.9991E-05 0.159878
0.836643 0.0140101 0.149346
0.764393 9.9991E-05 0.235507
0.785114 0.00720966 0.207676
0.801722 0.0374746 0.160803
0.531215 0.468685 9.9991E-05
0.64431 0.35559 9.9991E-05
0.550263 0.449637 9.9991E-05
0.775505 0.0075133 0.216981
0.553214 0.446686 9.9991E-05
0.205782 0.226171 0.568047
0.0991539 0.282398 0.618448
0.145624 0.145465 0.708911
0.260663 0.283398 0.455939
0.165572 0.421945 0.412483
0.594261 0.0395567 0.366183
0.0370216 0.769782 0.193197
0.082559 0.714881 0.20256
0.157451 0.729582 0.112967
9.9991E-05 0.732246 0.267654
0.0883203 0.91158 9.9991E-05
0.0707321 0.615978 0.31329
0.0467581 0.694468 0.258774
0.115973 0.78825 0.0957774
0.117015 0.460831 0.422153
0.0768646 0.923035 9.9991E-05
9.9991E-05 0.660625 0.339275
9.9991E-05 0.679935 0.319965
0.126363 0.410673 0.462964
9.9991E-05 0.794362 0.205538
0.0244545 0.688144 0.287401
9.9991E-05 0.643636 0.356264
0.010876 0.722243 0.266881
9.9991E-05 0.499354 0.500546
0.067205 0.606215 0.32658
0.0219625 0.545313 0.432725
0.751622 9.9991E-05 0.248278
0.840855 0.00596559 0.15318
0.790962 0.0960392 0.112999
0.839084 0.0320773 0.128839
0.812088 9.9991E-05 0.187812
0.150562 0.785965 0.0634725
0.0603252 0.550111 0.389564
0.216811 0.330678 0.452511
9.9991E-05 0.517323 0.482577
0.0657844 0.641794 0.292421
0.0766602 0.703107 0.220233
0.25277 0.74713 9.9991E-05
0.0313998 0.622352 0.346248
0.230434 0.721462 0.0481039
0.125284 0.646104 0.228612
0.25631 0.698939 0.0447507
0.0871428 0.502022 0.410835
0.205019 0.737626 0.0573543
0.0945608 0.659022 0.246417
0.0778281 0.57823 0.343941
0.0754697 0.786071 0.13846
0.0361699 0.621594 0.342236
0.0983286 0.511561 0.39011
0.0455528 0.80319 0.151257
0.0437375 0.570015 0.386247
9.9991E-05 0.658421 0.341479
0.0899458 0.909954 9.9991E-05
0.0571529 0.85951 0.0833369
0.0128736 0.689748 0.297378
0.128941 0.864034 0.00702418
0.0477371 0.755131 0.197132
0.147089 0.831312 0.0215984
9.9991E-05 0.878797 0.121103
0.0842463 0.69419 0.221564
0.00475698 0.531419 0.463824
0.104564 0.846068 0.0493683
0.116577 0.531705 0.351717
0.0819106 0.509334 0.408756
0.0396519 0.62717 0.333178
0.0302807 0.655873 0.313846
0.0736249 0.695574 0.230801
0.0724231 0.735159 0.192418
0.0396759 0.722336 0.237988
9.9991E-05 0.620451 0.379449
9.9991E-05 0.605657 0.394243
0.0849966 0.670297 0.244706
9.9991E-05 0.637673 0.362227
0.107024 0.668128 0.224849
9.9991E-05 0.63254 0.36736
0.00607142 0.635256 0.358673
0.0344789 0.5076 0.457921
0.293308 0.302151 0.404541
0.0894248 0.400454 0.510121
0.106396 0.512216 0.381388
9.9991E-05 0.520264 0.479636
0.151203 0.308947 0.539849
9.9991E-05 0.753451 0.246449
0.0701709 0.419033 0.510796
0.372868 0.507875 0.119256
0.0769329 0.418897 0.50417
0.0903287 0.43622 0.473451
0.0568806 0.450988 0.492131
0.206778 0.505887 0.287336
0.151747 0.31762 0.530633
0.0771251 0.412245 0.51063
0.675429 0.171799 0.152773
0.151274 0.245574 0.603152
0.138124 0.30069 0.561186
0.0393152 0.451441 0.509244
0.116182 0.291116 0.592702
0.163033 0.37474 0.462227
0.0589851 0.659537 0.281478
0.0287099 0.595395 0.375895
0.0423086 0.940379 0.0173127
0.0873 0.9126 9.9991E-05
9.9991E-05 0.614777 0.385123
0.184889 0.231751 0.58336
0.177892 0.294873 0.527235
0.295042 0.323119 0.381839
0.201223 0.273557 0.52522
0.180919 0.683179 0.135902
0.170939 0.608593 0.220468
9.9991E-05 0.589445 0.410455
0.0373767 0.580678 0.381946
0.132653 0.608713 0.258635
0.0288537 0.536601 0.434545
9.9991E-05 0.554975 0.444925
0.0902281 0.512356 0.397416
0.0630504 0.85563 0.08132
0.00586468 0.759229 0.234906
9.9991E-05 0.65322 0.34668
0.0749189 0.666929 0.258152
0.139372 0.509001 0.351627
9.9991E-05 0.750546 0.249354
0.00210829 0.840587 0.157305
9.9991E-05 0.568101 0.431799
0.0191715 0.876251 0.104577
0.00191425 0.750351 0.247735
9.9991E-05 0.620753 0.379147
0.0302924 0.69322 0.276488
0.133837 0.385586 0.480577
0.187537 0.394855 0.417608
0.181048 0.265563 0.553389
0.210374 0.405214 0.384412
0.143027 0.345633 0.511341
0.15392 0.361256 0.484824
0.322023 0.576312 0.101665
0.0165446 0.406698 0.576758
0.565334 0.303544 0.131122
9.9991E-05 0.448963 0.550937
0.000440138 0.981546 0.0180136
0.0720223 0.927878 9.9991E-05
9.9991E-05 0.786844 0.213056
9.9991E-05 0.562786 0.437114
9.9991E-05 0.797172 0.202728
9.9991E-05 0.729078 0.270822
9.9991E-05 0.623041 0.376859
0.812984 0.0246598 0.162356
0.786641 0.0570159 0.156343
0.90812 9.9991E-05 0.0917796
0.922971 9.9991E-05 0.0769293
0.0134913 0.667801 0.318708
9.9991E-05 0.683821 0.316079
9.9991E-05 0.725107 0.274793
0.0764877 0.519548 0.403965
0.0454833 0.570004 0.384513
9.9991E-05 0.8964 0.1035
9.9991E-05 0.649786 0.350114
9.9991E-05 0.775479 0.224421
0.190852 0.352189 0.456959
9.9991E-05 0.708978 0.290922
9.9991E-05 0.823474 0.176426
9.9991E-05 0.681658 0.318242
9.9991E-05 0.765728 0.234172
9.9991E-05 0.665553 0.334347
0.0137584 0.665535 0.320706
9.999E-05 0.9998 9.999E-05
9.9991E-05 0.834104 0.165796
0.00930375 0.79438 0.196316
9.999E-05 0.9998 9.999E-05
0.0379865 0.71448 0.247534
0.0354813 0.950611 0.0139072
0.0758633 0.924037 9.9991E-05
9.9991E-05 0.652312 0.347588
0.0384583 0.857224 0.104318
9.9991E-05 0.697794 0.302106
0.116857 0.439194 0.443949
9.9991E-05 0.730833 0.269067
9.9991E-05 0.714583 0.285317
9.9991E-05 0.702792 0.297108
9.99974E-05 0.749115 0.250785
9.9991E-05 0.857624 0.142276
0.0720159 0.527248 0.400736
0.751331 0.24857 9.9991E-05
0.795296 0.113594 0.0911106
0.866533 0.133368 9.9991E-05
0.890941 0.108959 9.9991E-05
0.82118 0.17872 9.9991E-05
0.066379 0.82159 0.112031
0.0744137 0.903123 0.0224635
9.9991E-05 0.88831 0.11159
0.040602 0.542691 0.416707
0.0562031 0.547443 0.396354
0.0466318 0.786847 0.166521
9.9991E-05 0.564853 0.435047
0.0104552 0.687171 0.302373
9.9991E-05 0.651138 0.348762
0.0369687 0.614588 0.348444
0.0414847 0.849719 0.108796
9.9991E-05 0.823921 0.175979
9.9991E-05 0.864302 0.135598
0.114111 0.500635 0.385254
0.01044 0.815942 0.173618
9.9991E-05 0.665972 0.333928
0.0717177 0.273239 0.655043
0.121387 0.213436 0.665177
0.111089 0.100094 0.788816
0.121809 0.115421 0.762771
0.0753695 0.301341 0.623289
0.0310143 0.687129 0.281856
0.317837 9.9991E-05 0.682063
0.201642 0.0749575 0.723401
0.149101 0.488314 0.362585
0.187054 0.463109 0.349836
0.105966 0.605706 0.288328
0.0949752 0.536497 0.368528
0.0847333 0.562117 0.353149
0.186183 0.0814667 0.732351
0.160848 0.272594 0.566558
0.0956251 0.145471 0.758904
0.0411478 0.333348 0.625504
0.136389 0.100994 0.762616
0.175077 0.306716 0.518207
0.18902 0.0777441 0.733236
0.0611364 0.251557 0.687307
0.0448082 0.638515 0.316676
0.157767 0.254989 0.587244
0.252761 9.9991E-05 0.747139
0.141683 0.267348 0.590969
0.28107 0.682199 0.0367311
9.9991E-05 0.564272 0.435628
0.137467 0.36559 0.496943
0.0697023 0.574298 0.356
0.171602 0.54022 0.288178
0.188642 0.371508 0.43985
0.232028 0.310657 0.457316
0.0585861 0.52292 0.418494
0.124063 0.24556 0.630378
0.131205 0.169806 0.69899
0.28924 9.9991E-05 0.71066
0.0148572 0.547221 0.437922
0.126993 0.61261 0.260396
0.257662 0.663755 0.0785835
0.116593 0.474012 0.409395
0.156173 0.516519 0.327308
0.27124 0.315311 0.413449
0.0909175 0.542075 0.367007
0.520274 0.301596 0.17813
0.564097 0.325171 0.110732
0.182189 0.557767 0.260044
0.438014 0.299796 0.26219
0.573398 0.129472 0.29713
0.176954 0.466012 0.357034
0.228944 0.350784 0.420273
0.377857 0.367782 0.254362
0.422134 0.359331 0.218535
0.0755515 0.4964 0.428049
0.29782 0.47798 0.2242
0.645491 0.247595 0.106914
0.105229 0.400717 0.494054
0.226052 0.31928 0.454668
0.306055 0.23025 0.463695
0.19179 0.196308 0.611902
0.159222 0.307831 0.532947
0.097607 0.296269 0.606124
0.397852 0.161918 0.440229
0.141893 0.337449 0.520658
0.212276 0.230547 0.557177
0.280262 0.238864 0.480873
0.168357 0.538794 0.292849
0.151515 0.400453 0.448032
0.166051 0.364649 0.469299
0.0200036 0.496542 0.483454
0.281094 0.188847 0.530059
0.197714 0.237226 0.56506
0.43391 0.266102 0.299987
0.150769 0.293139 0.556092
0.357875 0.20767 0.434455
0.839788 0.113658 0.0465542
0.284398 0.715502 9.9991E-05
0.246628 0.753272 9.9991E-05
0.256246 0.743654 9.9991E-05
0.21341 0.78649 9.9991E-05
0.262363 0.737537 9.9991E-05
0.225874 0.774026 9.9991E-05
0.304498 0.695402 9.9991E-05
0.412486 0.587414 9.9991E-05
0.898534 9.9991E-05 0.101366
0.839068 0.0703132 0.0906188
0.8856 9.9991E-05 0.1143
0.852384 0.0731896 0.0744266
0.905181 9.9991E-05 0.0947193
0.939844 0.0230772 0.0370789
0.770919 0.000650255 0.228431
0.840971 9.9991E-05 0.158929
0.740425 0.0876614 0.171914
0.871982 9.9991E-05 0.127918
0.951494 9.9991E-05 0.0484056
0.860718 0.00650382 0.132779
0.925181 9.9991E-05 0.0747186
0.847471 9.9991E-05 0.152429
0.868753 9.9991E-05 0.131147
0.814472 9.9991E-05 0.185428
0.720767 9.9991E-05 0.279133
0.75225 9.9991E-05 0.24765
0.78835 9.9991E-05 0.21155
0.153767 0.581715 0.264518
0.0404716 0.585576 0.373952
0.0308818 0.567027 0.402092
0.182736 0.738672 0.0785914
0.139541 0.529315 0.331144
0.291665 0.631503 0.0768327
0.0523962 0.496841 0.450763
0.112425 0.724202 0.163373
0.031897 0.684253 0.28385
9.9991E-05 0.693972 0.305928
0.0988664 0.673564 0.22757
9.9991E-05 0.58799 0.41191
0.06718 0.573674 0.359146
0.151017 0.848883 9.9991E-05
0.202606 0.797294 9.9991E-05
0.185301 0.73126 0.0834388
0.103018 0.492858 0.404124
0.0640016 0.585042 0.350956
0.129717 0.595379 0.274905
0.0411676 0.516793 0.442039
0.211769 0.332364 0.455868
0.092118 0.364864 0.543018
0.461949 0.283212 0.254839
0.130235 0.472043 0.397722
0.21196 0.415131 0.372908
0.62466 0.253649 0.121691
0.308931 0.267483 0.423587
0.391424 0.261184 0.347392
0.336898 0.33477 0.328331
0.0984774 0.389358 0.512165
0.172304 0.305267 0.522429
0.11218 0.245427 0.642393
0.1652 0.402911 0.431889
0.416658 0.205628 0.377714
