0.0306931 0.0342329 9.9991E-05 0.934974
0.0414693 9.9982E-05 9.9982E-05 0.958331
9.999E-05 0.0478131 0.092731 0.859356
0.0678346 0.103372 0.00975044 0.819043
9.9991E-05 0.0600713 0.0497541 0.890075
0.134936 0.0480357 0.146941 0.670088
0.0980277 0.012706 9.9991E-05 0.889166
0.176882 0.0388822 9.9991E-05 0.784136
0.138748 9.9982E-05 9.9982E-05 0.861052
0.0557402 0.0299509 0.138203 0.776106
0.164199 9.9991E-05 0.0578348 0.777866
0.59666 0.125447 0.277793 9.9991E-05
0.319414 0.0694737 0.584294 0.0268187
0.53931 0.168195 0.259485 0.0330092
0.376405 0.192613 0.382197 0.0487852
0.24639 0.176816 0.428431 0.148363
0.127473 0.11942 0.692991 0.0601162
0.370592 0.116821 0.47354 0.0390471
0.350093 0.131465 0.362481 0.15596
0.742483 0.0797721 0.0435249 0.13422
0.391054 0.119088 0.489758 9.9991E-05
0.395812 0.104321 0.461289 0.0385769
0.219472 9.9991E-05 0.684152 0.0962762
0.442035 0.142596 0.389118 0.0262512
0.0780087 0.0696941 0.714046 0.138251
0.182783 0.140861 0.658056 0.0183006
0.554034 0.128583 0.251912 0.0654703
0.531312 0.206943 0.210666 0.0510789
0.610031 0.0600312 0.31175 0.0181879
9.9991E-05 0.0863316 0.0417702 0.871798
9.9991E-05 0.031492 0.132904 0.835504
9.9991E-05 0.0289935 0.152879 0.818028
9.9991E-05 0.124556 0.140201 0.735143
0.197352 0.0262162 0.704378 0.0720536
0.221658 0.106618 0.573919 0.0978044
0.116258 0.02268 0.829241 0.0318208
0.626867 0.0292841 0.196189 0.147659
0.397187 0.0387756 0.563937 9.9991E-05
0.243863 0.0364555 0.634154 0.0855272
0.125035 0.0557481 0.779271 0.0399455
0.147019 0.0308113 0.706417 0.115753
0.05434 0.0613392 0.768016 0.116305
0.623342 9.9991E-05 0.352413 0.0241451
0.166184 0.081808 0.703182 0.0488253
0.152878 0.112523 0.695102 0.039497
0.0666349 0.193483 0.634676 0.105206
0.347179 9.9982E-05 0.652621 9.9982E-05
0.124727 0.0271754 0.787891 0.0602071
0.115937 0.0541844 0.716344 0.113535
0.807507 9.9991E-05 0.095998 0.0963947
0.658273 9.9991E-05 0.314676 0.0269517
0.765687 0.0600038 0.138865 0.0354438
0.193163 0.14996 0.57657 0.0803072
0.0995826 0.0774549 0.703491 0.119471
0.0785966 0.0494394 0.755362 0.116602
0.581276 9.9991E-05 0.305448 0.113176
0.232254 0.0695461 0.676355 0.0218457
0.196968 0.131459 0.571736 0.0998375
0.327588 0.0155851 0.497194 0.159633
0.552161 0.0439974 0.170523 0.233318
0.163449 0.12912 0.577159 0.130271
0.333436 0.126568 0.438866 0.101131
0.781159 9.9991E-05 0.12545 0.0932915
0.353593 0.0438203 0.572929 0.0296577
0.23635 0.163238 0.600312 9.9991E-05
0.24433 0.0632028 0.613589 0.0788778
0.469916 0.121449 0.400663 0.00797145
0.325142 0.0330541 0.641704 9.9991E-05
0.192393 0.0853065 0.633436 0.0888647
0.595244 9.9991E-05 0.377059 0.0275965
0.242315 9.9982E-05 0.757485 9.9982E-05
0.542944 9.9982E-05 0.456856 9.9982E-05
0.214594 0.241576 0.505607 0.0382223
0.682967 9.9982E-05 0.316833 9.9982E-05
0.733047 9.9982E-05 0.266753 9.9982E-05
0.453713 9.9982E-05 0.546087 9.9982E-05
0.33494 9.9991E-05 0.632591 0.0323684
0.210465 0.0757588 0.601455 0.112321
0.348623 0.0505203 0.600756 9.9991E-05
0.502707 9.9991E-05 0.421927 0.0752655
0.472778 9.9991E-05 0.452438 0.0746837
0.127085 0.134246 0.617119 0.121551
0.38157 9.9991E-05 0.590594 0.0277364
0.279792 9.9991E-05 0.675363 0.044746
0.385798 9.9982E-05 0.614002 9.9982E-05
0.724072 0.00836498 0.251288 0.0162746
0.179656 0.0562062 0.727544 0.0365932
9.9991E-05 0.0126558 0.12146 0.865784
9.9982E-05 9.9982E-05 0.0625855 0.937215
9.9991E-05 0.0621492 0.085956 0.851795
9.9991E-05 0.0322838 0.0189765 0.94864
9.9991E-05 0.0442892 0.0487273 0.906883
0.0156718 0.050801 0.0393419 0.894185
9.9991E-05 0.0348985 0.0242885 0.940713
0.270489 0.137125 0.559208 0.0331782
0.166064 0.172065 0.643314 0.0185571
0.684319 9.9982E-05 0.315481 9.9982E-05
0.102804 0.0323696 0.676083 0.188743
0.286582 9.9991E-05 0.671978 0.04134
0.0921224 0.0211369 0.767531 0.11921
0.199611 9.9991E-05 0.762931 0.0373585
0.242172 0.0751905 0.656884 0.0257536
0.743882 9.9991E-05 0.224847 0.0311714
0.151949 0.0786009 0.673119 0.0963307
0.138148 0.0643623 0.721753 0.0757364
0.193038 0.153605 0.616759 0.0365969
0.3908 0.0496665 0.515451 0.0440826
0.253413 9.9991E-05 0.733749 0.012738
0.264809 9.9991E-05 0.711463 0.0236285
0.334378 0.0282906 0.637231 9.9991E-05
0.208516 9.9991E-05 0.719289 0.0720952
0.158199 0.0645674 0.646866 0.130368
0.50423 0.0755041 0.326556 0.0937101
0.242268 0.0974429 0.480147 0.180142
0.277013 0.0895471 0.560737 0.0727034
0.130923 0.04371 0.715643 0.109724
0.318187 9.9991E-05 0.581784 0.0999292
0.180451 9.9991E-05 0.703308 0.116141
0.346322 9.9991E-05 0.564137 0.0894411
0.265362 0.0380775 0.620808 0.0757528
0.206559 0.102985 0.61222 0.0782358
0.25097 0.0342403 0.609369 0.105421
0.312898 9.9991E-05 0.647295 0.0397061
0.195114 0.0893081 0.701485 0.0140921
0.195141 0.100724 0.63359 0.0705456
0.174382 0.074748 0.742685 0.00818458
0.170724 0.113995 0.613872 0.101408
0.244016 0.176263 0.517288 0.0624338
0.389112 0.0630745 0.390583 0.157231
0.233436 0.167459 0.599005 9.9991E-05
0.144993 0.153679 0.64928 0.0520479
0.520284 0.0870692 0.317027 0.0756198
0.620864 0.0757835 0.199021 0.104331
0.294036 0.0441949 0.603582 0.0581871
0.724366 0.109767 0.165767 9.9991E-05
0.527792 9.9991E-05 0.374364 0.0977438
0.392337 0.0441016 0.528056 0.0355055
0.428629 9.9991E-05 0.466989 0.104283
0.541184 0.00150468 0.384475 0.0728367
0.142653 0.0214761 0.7304 0.105471
0.200496 0.253897 0.473621 0.071986
0.28789 0.0138185 0.640982 0.05731
0.699845 0.176705 0.104701 0.0187499
0.181425 0.0593533 0.554523 0.2047
0.331784 0.135594 0.51633 0.0162918
0.718076 0.0361056 0.0568599 0.188959
0.0505591 0.116856 0.713294 0.119291
0.395654 0.0257341 0.474723 0.10389
0.115205 0.0995845 0.66534 0.11987
0.496338 0.11062 0.268021 0.125022
0.555608 9.9991E-05 0.335074 0.109218
0.327768 0.0367191 0.552778 0.0827349
0.216403 0.0642424 0.585587 0.133767
0.327306 0.122175 0.397807 0.152712
0.620376 0.24615 0.076607 0.0568672
0.201179 0.112715 0.664367 0.0217389
0.446046 9.9982E-05 0.553754 9.9982E-05
0.378658 0.070989 0.550253 9.9991E-05
0.161883 0.0869544 0.628533 0.122629
0.195803 0.350108 0.104631 0.349458
0.210462 0.202931 9.9991E-05 0.586507
0.277497 0.215906 9.9991E-05 0.506497
0.12546 0.371606 0.0790482 0.423886
0.169445 9.9991E-05 0.808342 0.0221132
0.164294 0.0690189 0.629491 0.137196
9.9982E-05 0.702627 0.297173 9.9982E-05
0.099471 0.481771 0.417344 0.00141415
0.108149 0.458722 0.388337 0.0447918
0.476597 0.0490347 0.474269 9.9991E-05
0.320824 0.188674 0.46299 0.0275112
0.630473 0.114228 0.255199 9.9991E-05
0.146525 0.0734588 0.734162 0.0458544
0.346867 0.112868 0.508244 0.0320208
0.20361 0.128265 0.628781 0.0393433
0.621717 0.0594605 0.299836 0.0189868
0.0974034 0.115706 0.747653 0.0392377
0.0933252 0.136513 0.654239 0.115922
9.9982E-05 0.998856 0.000943629 9.9982E-05
0.0149174 0.969366 0.0156161 9.9991E-05
0.00994133 0.545538 0.35664 0.0878801
9.9991E-05 0.734814 0.260725 0.00436154
0.000788601 0.912959 0.0861525 9.9991E-05
9.998E-05 0.9997 9.998E-05 9.998E-05
9.998E-05 0.9997 9.998E-05 9.998E-05
9.9982E-05 0.864737 0.135063 9.9982E-05
0.00697295 0.97366 0.019267 9.9991E-05
9.998E-05 0.9997 9.998E-05 9.998E-05
9.998E-05 0.9997 9.998E-05 9.998E-05
9.9982E-05 0.814333 0.185467 9.9982E-05
9.9991E-05 0.766625 0.156462 0.0768135
9.998E-05 0.9997 9.998E-05 9.998E-05
0.119828 0.414059 0.414139 0.0519737
9.9991E-05 0.640789 0.278463 0.0806479
0.0310233 0.846688 0.0850917 0.0371967
9.9982E-05 0.894571 0.105229 9.9982E-05
9.998E-05 0.9997 9.998E-05 9.998E-05
9.9991E-05 0.918385 0.041269 0.0402456
9.998E-05 0.9997 9.998E-05 9.998E-05
0.039791 0.668985 0.2362 0.0550242
9.9991E-05 0.893312 0.0746255 0.0319625
0.476309 0.126037 9.9991E-05 0.397554
0.224622 0.0659884 0.470014 0.239375
0.168088 0.117569 0.468672 0.24567
0.442584 0.302236 0.082483 0.172697
0.143757 0.227578 0.479225 0.149439
0.373197 0.169257 0.167337 0.29021
0.17707 0.155725 0.440113 0.227092
0.272718 0.232019 0.361103 0.13416
0.131572 0.168851 0.479668 0.219909
0.111156 0.227038 0.455653 0.206153
0.149935 0.146706 0.532274 0.171085
0.029787 9.9991E-05 0.0850494 0.885064
9.9982E-05 0.0461189 9.9982E-05 0.953681
0.00350491 9.9991E-05 0.0281341 0.968261
0.00270757 9.9991E-05 0.0261376 0.971055
0.0340906 9.9991E-05 0.0479777 0.917832
9.9982E-05 0.0747142 9.9982E-05 0.925086
9.9982E-05 0.0883605 9.9982E-05 0.911439
0.0167647 0.00891639 0.00152797 0.972791
0.0133777 0.0209357 0.0339216 0.931765
0.00303389 0.105974 9.9991E-05 0.890892
0.340938 9.9982E-05 9.9982E-05 0.658862
0.341579 0.0087913 0.00633292 0.643297
0.429289 9.9982E-05 9.9982E-05 0.570511
0.44033 9.9982E-05 9.9982E-05 0.55947
0.216549 9.9991E-05 0.70307 0.0802809
0.312256 0.0371453 0.606414 0.0441842
0.175319 0.0302199 0.737985 0.0564761
0.365726 0.0127954 0.503424 0.118055
0.707263 0.00549952 0.270757 0.0164802
0.152258 0.0623059 0.75178 0.0336567
0.253724 0.0625001 0.683676 9.9991E-05
0.346546 9.99897E-05 0.653254 9.99897E-05
0.372753 0.0339394 0.593208 9.9991E-05
0.202907 0.107645 0.689348 9.9991E-05
0.383512 9.9982E-05 0.616288 9.9982E-05
0.806746 9.9982E-05 0.193054 9.9982E-05
0.217187 0.0392261 0.65252 0.0910669
0.527647 0.00713215 0.465121 9.9991E-05
0.279135 0.00375993 0.717005 9.9991E-05
0.631339 9.9982E-05 0.368461 9.9982E-05
0.679173 9.9991E-05 0.0464469 0.27428
0.664516 9.9991E-05 0.135457 0.199927
0.805765 9.9991E-05 0.0342372 0.159898
0.769756 9.9982E-05 9.9982E-05 0.230044
0.745687 0.00386242 0.10043 0.150021
0.712582 0.064248 0.0709716 0.152198
9.9991E-05 0.0303664 0.0635305 0.906003
0.0618515 0.0926268 9.9991E-05 0.845422
9.9991E-05 0.133564 0.0837793 0.782556
0.0184569 0.128401 0.0524924 0.80065
9.9991E-05 0.137332 0.0549443 0.807624
0.516463 9.9982E-05 9.9982E-05 0.483337
0.442219 9.9982E-05 9.9982E-05 0.557581
0.462574 9.9982E-05 9.9982E-05 0.537226
9.9991E-05 0.0481126 0.0940869 0.8577
0.540472 0.00989215 9.9991E-05 0.449536
0.037244 0.451989 0.297234 0.213533
0.0743562 0.234553 0.562289 0.128802
9.9991E-05 0.348643 0.460104 0.191153
0.0750024 0.280605 0.359292 0.2851
0.09261 0.276647 0.550497 0.0802457
0.188026 0.377665 9.9991E-05 0.434209
0.394864 9.9991E-05 0.559777 0.0452583
0.477712 0.0322864 0.44745 0.0425517
0.497885 9.9991E-05 0.339854 0.162161
0.393705 0.0799739 0.526221 9.9991E-05
0.9997 9.998E-05 9.998E-05 9.998E-05
0.244899 0.139486 0.514901 0.100715
0.395086 0.0138034 0.591011 9.9991E-05
0.462349 9.9991E-05 0.489258 0.0482929
0.211585 0.0898531 0.53159 0.166972
0.702887 0.0147738 0.273702 0.0086378
0.434557 0.145369 0.419974 9.9991E-05
0.27288 0.104204 0.622817 9.9991E-05
0.210332 0.224526 0.417754 0.147388
0.490446 0.0933753 0.416078 9.9991E-05
0.393496 0.0213948 0.564275 0.0208348
0.297533 0.160663 0.535439 0.00636533
0.269378 0.0382963 0.63969 0.0526365
0.226753 0.10113 0.663952 0.00816554
0.20731 0.0521984 0.607803 0.132688
0.152044 0.0728346 0.640551 0.13457
9.9991E-05 0.124473 0.100568 0.774859
9.9991E-05 0.0274765 0.101035 0.871388
0.100039 0.0334994 0.0701269 0.796334
0.0107809 9.9991E-05 0.149246 0.839873
9.9982E-05 9.9982E-05 0.125636 0.874164
0.615798 0.086854 0.244728 0.0526203
0.295419 0.175508 0.509599 0.0194738
0.0619549 0.160367 0.572282 0.205396
0.152127 0.06416 0.731611 0.0521022
0.294865 0.0153452 0.663915 0.0258748
0.541918 0.162179 0.248052 0.0478502
0.724879 9.9991E-05 0.0830657 0.191955
0.320889 0.0510539 0.584118 0.0439388
0.637159 0.0844029 0.190769 0.0876691
0.349962 0.0313588 0.530202 0.0884779
0.664782 0.0113552 0.139941 0.183922
0.179426 0.113989 0.616728 0.0898571
0.579254 0.0355268 0.268047 0.117172
0.515103 0.130851 0.343135 0.0109112
0.265094 0.111291 0.572912 0.0507024
0.54175 0.0998465 0.329395 0.0290089
0.239841 0.0117394 0.685005 0.0634139
0.118799 0.0365998 0.64905 0.195552
0.461912 9.9991E-05 0.502282 0.0357059
0.26092 0.0803569 0.544373 0.11435
0.293119 9.9991E-05 0.671652 0.0351292
0.71571 9.9982E-05 0.28409 9.9982E-05
0.571828 0.0338919 0.394181 9.9991E-05
0.262939 0.0609386 0.612408 0.0637144
0.631326 0.00380518 0.322207 0.0426623
0.357144 9.9991E-05 0.603316 0.0394398
0.685744 0.0509989 0.19706 0.0661966
0.633364 0.0917105 0.274825 9.9991E-05
0.38426 0.043837 0.46465 0.107253
0.212954 0.0930927 0.66469 0.0292636
0.581185 9.9991E-05 0.414693 0.00402272
0.286229 0.033022 0.565408 0.115341
0.200719 0.121627 0.613368 0.0642858
0.297908 0.15696 0.502276 0.0428556
0.303223 0.103226 0.558644 0.0349064
0.319215 0.0572149 0.526764 0.0968066
0.583856 0.122546 0.293498 9.9991E-05
0.557543 0.0870671 0.326217 0.0291727
0.205572 0.0705348 0.723794 9.9991E-05
0.229425 0.148509 0.60011 0.0219563
0.423084 0.0545779 0.480228 0.0421106
0.345417 0.137772 0.516711 9.9991E-05
0.414603 0.0456594 0.418892 0.120846
0.177211 0.0614816 0.718435 0.0428721
0.174595 0.0933047 0.675233 0.0568674
0.230826 0.115102 0.504109 0.149963
0.0804347 0.203375 0.384767 0.331423
0.0889655 0.294597 0.476293 0.140145
0.079367 0.215015 0.555832 0.149787
0.122029 0.13195 0.619107 0.126914
0.0329378 0.25268 0.468002 0.24638
0.413686 0.0670876 0.519126 9.9991E-05
0.0522464 0.193706 0.566978 0.187069
0.440588 0.220124 0.0410795 0.298209
0.119278 0.185328 0.580832 0.114562
0.0769931 0.19343 0.630835 0.0987416
0.147459 0.320759 0.460405 0.0713772
0.218332 0.157089 0.397286 0.227293
0.0606504 0.159765 0.550131 0.229453
0.0919316 0.275721 0.514546 0.117801
0.213317 0.258206 9.9991E-05 0.528377
9.9991E-05 0.20658 0.597354 0.195965
9.9991E-05 0.162826 0.641773 0.195301
0.129568 0.16282 0.586857 0.120755
9.9991E-05 0.243364 0.559072 0.197464
0.114092 0.21359 0.515513 0.156805
0.36348 0.149928 0.484584 0.00200818
0.196378 0.133365 0.609009 0.0612487
0.78955 0.0066813 0.203669 9.9991E-05
0.80032 9.9982E-05 0.19948 9.9982E-05
0.204597 0.0911157 0.63056 0.0737266
0.0552295 0.329079 0.458083 0.157609
0.127562 0.43334 0.349042 0.0900555
0.24136 0.407618 0.18806 0.162962
0.0763348 0.290141 0.426256 0.207268
0.62942 0.210358 0.136489 0.0237335
0.470644 0.180418 0.24042 0.108518
0.199091 0.10845 0.683153 0.00930581
0.166079 0.124008 0.586895 0.123018
0.448385 0.191072 0.268316 0.0922278
0.218944 0.166566 0.574982 0.0395082
0.17749 0.177533 0.621396 0.0235811
0.199338 0.208784 0.494748 0.0971302
0.463577 9.9991E-05 0.484271 0.052052
0.514241 0.0992333 0.386426 9.9991E-05
0.213728 0.0258852 0.710858 0.0495289
0.34581 0.111879 0.483349 0.0589613
0.312906 0.21313 0.367049 0.106915
0.309769 0.0490663 0.637039 0.00412549
0.611488 9.9982E-05 0.388312 9.9982E-05
0.213985 0.0998031 0.686111 9.9991E-05
0.576808 0.0211905 0.401902 9.9991E-05
0.374685 0.0906477 0.512771 0.0218957
0.202502 0.10046 0.594866 0.102172
0.297639 0.0723445 0.620853 0.00916442
0.0620201 0.173306 0.59491 0.169764
0.175025 0.185551 0.448644 0.19078
0.216162 0.361929 0.253068 0.168841
0.216847 0.275101 0.344455 0.163597
0.0882357 0.224186 0.511882 0.175696
0.127286 0.127135 0.600715 0.144863
0.565647 0.266606 9.9991E-05 0.167647
0.0373204 0.302839 0.614475 0.0453654
0.377927 0.213356 9.9991E-05 0.408617
0.0901022 0.228107 0.619076 0.0627147
0.695019 9.9982E-05 0.304781 9.9982E-05
0.872185 0.0559699 0.0717447 9.9991E-05
0.336946 0.0110279 0.651926 9.9991E-05
0.10418 0.0362825 0.857613 0.00192515
0.457812 0.00499163 0.537096 9.9991E-05
0.320242 9.9982E-05 0.679558 9.9982E-05
0.264004 0.0547596 0.681136 9.9991E-05
0.0057642 0.0471174 0.102448 0.84467
0.111374 0.0822114 0.0575614 0.748853
9.9982E-05 0.0805331 9.9982E-05 0.919267
9.9991E-05 0.00564162 0.0545529 0.939705
0.269385 0.0227427 0.679347 0.0285249
0.188336 0.00888589 0.714891 0.0878872
0.308578 9.9991E-05 0.686001 0.0053214
0.112881 0.0389357 0.77465 0.0735325
0.15407 0.0159948 0.736375 0.09356
0.498506 9.9991E-05 0.458511 0.0428828
0.135006 0.0627034 0.783396 0.0188939
0.380814 0.00478678 0.591618 0.0227806
9.9991E-05 0.166145 0.550555 0.2832
0.352282 0.0792461 0.568372 9.9991E-05
0.447115 9.9991E-05 0.536874 0.0159103
0.219422 0.00530004 0.775178 9.9991E-05
0.354167 9.9991E-05 0.607562 0.0381715
0.192428 0.0513907 0.748763 0.00741879
0.135153 9.9991E-05 0.743219 0.121528
0.561309 9.9982E-05 0.438491 9.9982E-05
0.457196 0.00237826 0.540326 9.9991E-05
0.356098 9.9991E-05 0.629654 0.0141484
0.776752 9.9982E-05 0.223048 9.9982E-05
0.339236 0.0323831 0.589327 0.039054
0.62646 0.0210564 0.352384 9.9991E-05
0.804336 9.9982E-05 0.195464 9.9982E-05
0.195744 0.130479 0.626463 0.0473141
0.486158 9.9991E-05 0.491412 0.0223302
0.302214 0.0300541 0.656528 0.0112031
0.11574 0.0990473 0.667724 0.117489
0.293844 0.0137829 0.692273 9.9991E-05
0.472452 0.163575 0.363873 9.9991E-05
0.260837 0.0341214 0.691263 0.0137778
0.247524 9.9991E-05 0.690741 0.0616354
0.424256 9.9982E-05 0.575545 9.9982E-05
0.167108 0.0120709 0.704525 0.116296
0.300031 9.9991E-05 0.0117897 0.688079
0.12064 9.9991E-05 0.0737231 0.805537
0.124582 9.9982E-05 9.9982E-05 0.875218
0.154511 9.9982E-05 9.9982E-05 0.845289
0.138278 9.9991E-05 0.0682702 0.793352
0.544324 9.9991E-05 0.410185 0.0453907
0.548125 9.9991E-05 0.400472 0.0513031
0.530883 9.9982E-05 0.468917 9.9982E-05
0.0893657 0.108035 0.698076 0.104524
0.152017 0.0568018 0.714142 0.0770388
0.456269 0.031048 0.508465 0.00421733
0.210678 0.0576655 0.731557 9.9991E-05
0.292247 0.0180333 0.647561 0.0421586
0.235331 9.9991E-05 0.751234 0.0133346
0.0777957 9.9991E-05 0.860036 0.0620688
0.498911 9.9982E-05 0.500889 9.9982E-05
0.356339 9.9982E-05 0.643461 9.9982E-05
0.37742 9.9982E-05 0.62238 9.9982E-05
0.208591 0.0495139 0.623383 0.118512
0.319469 9.9991E-05 0.67715 0.0032811
0.234081 0.0104466 0.659838 0.0956341
0.0132431 0.417259 0.417052 0.152446
0.0342659 0.428457 0.431029 0.106248
9.9991E-05 0.452221 0.432444 0.115236
9.9991E-05 0.544134 0.335788 0.119978
0.0320878 0.245639 0.597927 0.124346
0.275333 0.0698346 0.638229 0.0166043
9.9991E-05 0.663846 0.0589898 0.277064
9.9991E-05 0.443313 0.327892 0.228695
0.137252 0.178733 0.537288 0.146727
0.133748 0.0160669 0.677444 0.172741
0.300479 0.0548412 0.508842 0.135838
0.11678 0.0990305 0.613799 0.17039
0.138249 0.080022 0.675901 0.105828
9.9991E-05 0.480194 0.323492 0.196214
0.0523854 0.365602 0.410201 0.171812
9.9991E-05 0.506205 0.423088 0.0706073
0.037442 0.349307 0.472028 0.141223
9.9991E-05 0.509638 0.379435 0.110827
0.0112538 0.29485 0.543293 0.150604
9.9991E-05 0.646161 0.176177 0.177561
0.0588715 0.431575 0.447704 0.0618497
0.242485 0.0585434 0.607451 0.0915205
0.0377564 0.255591 0.463004 0.243649
9.9991E-05 0.610138 0.219483 0.170279
0.135672 0.355322 0.443542 0.0654645
0.425032 9.9991E-05 0.333901 0.240967
0.283291 0.123023 0.593586 9.9991E-05
0.0925926 0.390152 0.344271 0.172984
0.0601421 0.0329301 0.755563 0.151365
0.162736 9.9991E-05 0.618127 0.219037
0.0752453 0.23901 0.448588 0.237157
0.108189 0.309906 0.337683 0.244222
0.127918 0.105254 0.66461 0.102219
0.0200199 0.370578 0.448117 0.161285
9.9991E-05 0.503008 0.428567 0.0683258
9.9991E-05 0.610057 0.1254 0.264443
0.0310927 0.094577 0.745826 0.128504
0.228975 9.9991E-05 0.599423 0.171502
0.497217 0.148192 0.214781 0.13981
0.0923508 0.166768 0.645283 0.0955979
0.304372 0.0488096 0.498126 0.148692
0.041274 0.215287 0.545714 0.197724
0.206628 0.129084 0.553274 0.111015
0.355275 0.278799 9.9991E-05 0.365826
0.375833 0.246707 9.9991E-05 0.37736
0.360684 0.254579 0.271549 0.113189
0.315792 0.32025 9.9991E-05 0.363858
0.219118 0.305488 9.9991E-05 0.475294
0.276562 0.265871 0.335114 0.122453
0.170456 0.246163 0.383927 0.199454
0.270844 0.26706 0.184231 0.277865
0.313546 0.212645 0.110574 0.363235
0.168158 0.251604 0.501135 0.0791024
0.340626 0.219203 0.196719 0.243452
0.316177 0.152497 9.9991E-05 0.531227
0.0352911 0.219164 0.561347 0.184198
0.155227 0.20198 0.392462 0.250331
9.9991E-05 0.204274 0.492491 0.303134
9.9991E-05 0.245339 0.567585 0.186976
0.0313442 0.211854 0.561197 0.195604
0.0205548 0.398005 0.46879 0.11265
0.0427608 0.222656 0.369498 0.365085
9.9991E-05 0.200143 0.55891 0.240847
9.9991E-05 0.317832 0.466038 0.21603
0.0905362 0.291207 0.339643 0.278614
0.293905 0.166721 0.364062 0.175312
0.0244136 0.100595 0.632987 0.242004
0.10339 0.171877 0.599922 0.124811
0.0466959 0.141964 0.647046 0.164294
9.9991E-05 0.323354 0.402883 0.273663
9.9991E-05 0.164743 0.522895 0.312262
0.157572 0.256267 0.190677 0.395484
0.0739318 0.324317 0.445347 0.156404
0.0219701 0.341165 0.279272 0.357593
0.154742 0.00258552 9.9991E-05 0.842572
0.699883 9.9991E-05 0.103707 0.19631
0.853961 9.9982E-05 9.9982E-05 0.14584
0.817454 9.9991E-05 0.00931557 0.17313
0.800599 9.9991E-05 0.090985 0.108316
0.708619 0.0100811 0.0968984 0.184401
0.777604 9.9991E-05 0.105909 0.116386
0.78608 9.9982E-05 9.9982E-05 0.21372
0.618455 9.9991E-05 0.0642716 0.317174
0.0617145 0.0150715 9.9991E-05 0.923114
0.0530657 0.00322063 0.0793348 0.864379
9.9991E-05 0.0422876 0.0348165 0.922796
0.0840358 9.9991E-05 0.044443 0.871421
9.9991E-05 0.0509656 0.0307458 0.918189
0.0573606 9.9982E-05 9.9982E-05 0.942439
0.0171203 0.148602 0.0460302 0.788247
9.9991E-05 0.0851396 0.063824 0.850936
0.0749603 0.0315498 0.114928 0.778562
9.9982E-05 0.0603058 9.9982E-05 0.939494
0.0158273 9.9982E-05 9.9982E-05 0.983973
0.0767849 0.0719338 0.0135548 0.837727
0.0100839 0.030435 9.9991E-05 0.959381
9.9991E-05 0.0291729 0.0440769 0.92665
0.0252493 0.0820605 0.014703 0.877987
9.9991E-05 0.0457697 0.11599 0.83814
9.9991E-05 0.180935 0.0674604 0.751505
9.9991E-05 0.13025 0.0801255 0.789524
9.9991E-05 0.114726 0.0652815 0.819893
0.254312 0.0754983 0.510831 0.159358
0.118141 9.9991E-05 0.765527 0.116231
0.117673 0.148539 0.614165 0.119623
0.607322 0.0671014 0.241321 0.0842566
0.160494 9.9991E-05 0.670861 0.168544
0.513861 0.0789698 0.188451 0.218718
0.142347 0.0487127 0.669473 0.139467
0.339022 9.9991E-05 0.557618 0.10326
0.190401 0.00155473 0.685112 0.122932
0.222153 0.0717025 0.674331 0.0318129
0.227348 9.9991E-05 0.621051 0.151501
0.129532 0.0482425 0.76588 0.0563459
0.20887 0.0424904 0.633032 0.115607
0.824068 0.105872 0.0699597 9.9991E-05
0.837428 0.0268872 0.0314582 0.104226
0.551782 0.0669593 0.254496 0.126763
0.107495 0.077428 0.709979 0.105098
0.19312 0.00672213 0.636819 0.163339
0.143422 9.9991E-05 0.660837 0.195641
0.185389 0.101177 0.681411 0.0320226
0.1063 0.209526 0.514031 0.170142
9.9991E-05 0.215288 0.619035 0.165577
0.238683 0.128312 0.170583 0.462422
0.120951 0.141968 0.617865 0.119215
0.162392 0.173924 0.391941 0.271743
0.318656 0.215576 9.9991E-05 0.465668
0.113669 0.246658 0.344975 0.294698
0.100364 0.211424 0.354857 0.333355
0.0399907 0.128313 0.459258 0.372438
0.152619 0.28068 0.480499 0.0862014
0.0432073 0.106641 0.628666 0.221486
9.9991E-05 0.19989 0.60258 0.197429
0.180257 0.244878 0.396308 0.178556
0.0587483 0.188055 0.318631 0.434565
