9.9991E-05 0.0939501 0.90595
9.999E-05 0.0387745 0.961126
0.00618134 0.197098 0.796721
9.999E-05 0.173227 0.826673
9.9991E-05 0.169424 0.830476
0.174693 0.162415 0.662891
0.0489959 0.0555437 0.89546
0.13427 0.0775876 0.788142
0.0795064 9.9991E-05 0.920394
0.0919894 0.181647 0.726364
0.18983 0.0191501 0.79102
0.764172 0.130303 0.105525
0.584439 0.368774 0.046787
0.67803 0.147511 0.174459
0.588919 0.286154 0.124927
0.515342 0.341006 0.143652
0.502263 0.45626 0.0414774
0.684011 0.313169 0.00281936
0.568369 0.24764 0.183991
0.780797 9.9991E-05 0.219103
0.665524 0.253824 0.0806521
0.676582 0.323318 9.9991E-05
0.681309 0.308777 0.00991354
0.71295 0.228652 0.0583981
0.497004 0.444047 0.0589491
0.607545 0.389328 0.00312687
0.724138 0.0987288 0.177134
0.642222 0.250504 0.107274
0.811833 0.0832403 0.104926
9.9991E-05 0.196981 0.802919
9.9991E-05 0.219878 0.780022
0.0428171 0.211308 0.745875
0.0469723 0.232295 0.720733
0.662856 0.337044 9.9991E-05
0.623587 0.325337 0.0510751
0.631699 0.368201 9.9991E-05
0.723754 0.0204088 0.255838
0.791605 0.203555 0.00483969
0.63031 0.364343 0.00534758
0.567124 0.432776 9.9991E-05
0.508551 0.407891 0.0835583
0.583148 0.359718 0.0571338
0.912674 0.0307361 0.0565898
0.534109 0.444042 0.0218491
0.592129 0.392663 0.0152078
0.45861 0.490133 0.0512568
0.83003 0.16987 9.9991E-05
0.617427 0.382473 9.9991E-05
0.586413 0.33684 0.0767475
0.808225 9.9991E-05 0.191675
0.805772 0.0328774 0.161351
0.842215 9.9991E-05 0.157685
0.549676 0.34749 0.102834
0.520816 0.388821 0.0903633
0.563585 0.389457 0.0469585
0.742685 0.0442368 0.213079
0.645338 0.342082 0.0125792
0.521856 0.473745 0.00439846
0.662958 0.18738 0.149663
0.618108 0.0553688 0.326523
0.655719 0.30372 0.0405607
0.614295 0.284319 0.101386
0.807704 9.9991E-05 0.192196
0.714383 0.285517 9.9991E-05
0.590261 0.409639 9.9991E-05
0.518761 0.403194 0.078045
0.691733 0.181162 0.127104
0.659391 0.260433 0.0801757
0.520463 0.442649 0.0368885
0.805741 0.0548667 0.139393
0.728782 0.271118 9.9991E-05
0.890812 0.0794569 0.0297308
0.531937 0.427175 0.0408876
0.966349 9.9991E-05 0.0335508
0.986317 9.9991E-05 0.0135826
0.874861 0.125039 9.9991E-05
0.724682 0.259368 0.01595
0.521777 0.446056 0.0321675
0.744666 0.255234 9.9991E-05
0.848137 0.066595 0.0852684
0.815571 0.0671042 0.117325
0.600857 0.376437 0.0227063
0.810596 0.17945 0.00995446
0.736491 0.263409 9.9991E-05
0.763196 0.236704 9.9991E-05
0.90717 9.9991E-05 0.0927299
0.617742 0.382158 9.9991E-05
0.0207434 0.168873 0.810384
9.9991E-05 0.129741 0.870159
9.9991E-05 0.183795 0.816105
9.9991E-05 0.0922055 0.907694
9.9991E-05 0.131774 0.868126
9.9991E-05 0.138818 0.861082
9.9991E-05 0.13414 0.86576
0.530928 0.372752 0.09632
0.568913 0.430987 9.9991E-05
0.940905 9.9991E-05 0.0589949
0.609279 0.390621 9.9991E-05
0.730682 0.269218 9.9991E-05
0.64646 0.339477 0.0140627
0.59527 0.358827 0.0459035
0.678337 0.321563 9.9991E-05
0.881529 9.9991E-05 0.118371
0.559582 0.368175 0.0722428
0.55373 0.436991 0.00927923
0.592128 0.376225 0.0316468
0.794005 0.205895 9.9991E-05
0.673171 0.326729 9.9991E-05
0.788156 0.211744 9.9991E-05
0.723277 0.276623 9.9991E-05
0.752165 0.2252 0.0226347
0.616171 0.334893 0.0489366
0.74847 0.122294 0.129236
0.551925 0.277576 0.1705
0.622386 0.367819 0.00979466
0.49589 0.472635 0.0314743
0.630703 0.26164 0.107657
0.573886 0.397145 0.0289691
0.731021 0.20317 0.0658088
0.614829 0.327338 0.0578325
0.567362 0.414494 0.0181438
0.658542 0.341358 9.9991E-05
0.720519 0.270016 0.00946462
0.575782 0.424118 9.9991E-05
0.50524 0.461189 0.0335714
0.66835 0.33155 9.9991E-05
0.523513 0.459079 0.0174083
0.624906 0.374994 9.9991E-05
0.597426 0.243222 0.159352
0.652137 0.347763 9.9991E-05
0.577161 0.422739 9.9991E-05
0.740284 0.145095 0.11462
0.726833 0.0966364 0.176531
0.601456 0.291749 0.106795
0.882012 0.0847021 0.0332854
0.80281 0.0707682 0.126422
0.799238 0.178109 0.022653
0.822306 0.0956644 0.0820297
0.756278 0.154406 0.0893156
0.606844 0.393056 9.9991E-05
0.445095 0.403682 0.151223
0.659776 0.275747 0.064477
0.816283 0.0539578 0.129759
0.480021 0.362119 0.15786
0.592616 0.375223 0.0321611
0.704581 9.9991E-05 0.295319
0.536454 0.434925 0.0286206
0.609398 0.228118 0.162484
0.595214 0.342691 0.0620952
0.718591 0.125803 0.155606
0.79228 0.0327965 0.174923
0.692526 0.251656 0.0558181
0.580155 0.342042 0.0778026
0.56301 0.290777 0.146213
0.680651 0.113259 0.206089
0.598891 0.341731 0.059378
0.845872 0.154028 9.9991E-05
0.717739 0.282161 9.9991E-05
0.499012 0.434155 0.0668334
0.219704 0.409414 0.370882
0.0891718 0.177617 0.733211
0.181939 0.143925 0.674136
0.116397 0.397018 0.486585
0.587066 0.412834 9.9991E-05
0.578206 0.398096 0.0236974
0.0847321 0.915168 9.9991E-05
0.306103 0.626984 0.0669131
0.289628 0.594013 0.116359
0.728497 0.186054 0.0854496
0.577839 0.392929 0.0292316
0.790472 0.102186 0.107342
0.702275 0.297625 9.9991E-05
0.690631 0.255443 0.0539257
0.618786 0.358578 0.0226363
0.851481 0.0556464 0.0928721
0.49915 0.50075 9.9991E-05
0.543461 0.390236 0.0663029
9.9991E-05 0.965713 0.0341872
9.9991E-05 0.957057 0.0428434
0.148856 0.756448 0.0946967
0.0232779 0.936786 0.0399358
9.9991E-05 0.929067 0.0708334
9.9991E-05 0.935191 0.0647091
9.9991E-05 0.919493 0.080407
9.9991E-05 0.978415 0.0214849
9.9991E-05 0.962082 0.0378178
9.9991E-05 0.966382 0.0335183
9.9991E-05 0.949679 0.0502213
0.0454742 0.922525 0.0320009
0.033278 0.807355 0.159366
9.9991E-05 0.937842 0.0620579
0.37956 0.57201 0.0484307
0.0949305 0.791498 0.113571
0.0283819 0.865335 0.106283
9.9991E-05 0.890859 0.109041
9.9991E-05 0.937148 0.0627522
9.9991E-05 0.906136 0.0937641
9.9991E-05 0.916659 0.0832414
0.12007 0.790123 0.0898072
9.9991E-05 0.886401 0.113499
0.452489 0.0163596 0.531151
0.486222 0.346949 0.166829
0.424635 0.357079 0.218285
0.455739 0.207776 0.336486
0.474809 0.376912 0.148279
0.457181 0.242561 0.300259
0.518825 0.330966 0.150209
0.406368 0.415994 0.177638
0.444643 0.393436 0.161921
0.315412 0.470682 0.213906
0.426481 0.409016 0.164503
0.0375611 0.132948 0.829491
9.9991E-05 0.117757 0.882143
9.9991E-05 0.0315544 0.968346
9.9991E-05 0.0844456 0.915454
9.9991E-05 0.100563 0.899337
9.9991E-05 0.114515 0.885385
9.9991E-05 0.143331 0.856569
9.9991E-05 0.0951395 0.904761
9.9991E-05 0.123782 0.876118
9.9991E-05 0.154672 0.845228
0.307254 9.9991E-05 0.692646
0.2834 0.0183813 0.698219
0.341521 9.9991E-05 0.658379
0.409473 9.9991E-05 0.590427
0.649875 0.317816 0.0323097
0.673294 0.326606 9.9991E-05
0.68147 0.31843 9.9991E-05
0.732108 0.198061 0.0698314
0.785484 0.0665387 0.147977
0.634915 0.364985 9.9991E-05
0.658586 0.341314 9.9991E-05
0.734082 0.265818 9.9991E-05
0.775081 0.224819 9.9991E-05
0.62162 0.360676 0.0177046
0.787496 0.212404 9.9991E-05
0.945643 9.9991E-05 0.0542568
0.652393 0.338837 0.00876994
0.822621 0.138669 0.0387105
0.678905 0.320995 9.9991E-05
0.896084 9.9991E-05 0.103816
0.652382 9.9991E-05 0.347518
0.713043 9.9991E-05 0.286857
0.756678 9.9991E-05 0.243222
0.694033 9.9991E-05 0.305867
0.784102 9.9991E-05 0.215798
0.695232 0.00944957 0.295318
9.9991E-05 0.196512 0.803388
0.00363115 0.160154 0.836215
9.9991E-05 0.257061 0.742839
0.0220578 0.205423 0.772519
0.0130125 0.212014 0.774973
0.418285 9.9991E-05 0.581615
0.358998 9.9991E-05 0.640902
0.406218 9.9991E-05 0.593682
9.9991E-05 0.201082 0.798818
0.471367 9.9991E-05 0.528533
0.170115 0.593561 0.236324
0.34489 0.564764 0.090346
0.198934 0.694141 0.106925
0.291214 0.456398 0.252388
0.377312 0.495965 0.126724
0.0755102 0.346773 0.577717
0.774653 0.225247 9.9991E-05
0.706891 0.21554 0.077569
0.679929 0.155211 0.16486
0.760778 0.239122 9.9991E-05
0.886636 9.9991E-05 0.113264
0.547935 0.35934 0.0927253
0.685046 0.314736 0.000217643
0.732579 0.143715 0.123706
0.621895 0.331575 0.0465293
0.878328 9.9991E-05 0.121572
0.684312 0.291502 0.0241862
0.684327 0.315573 9.9991E-05
0.405449 0.434026 0.160526
0.798044 0.17506 0.0268961
0.712882 0.239737 0.0473814
0.62042 0.377615 0.00196498
0.680379 0.319521 9.9991E-05
0.527912 0.471581 0.000507255
0.510934 0.39024 0.0988262
0.55613 0.376061 0.067809
9.9991E-05 0.24781 0.75209
9.9991E-05 0.178418 0.821482
0.0918927 0.129522 0.778586
0.0699087 0.119598 0.810493
9.9991E-05 0.185122 0.814778
0.78855 0.0723353 0.139115
0.614687 0.326149 0.0591639
0.344261 0.443879 0.21186
0.555041 0.444859 9.9991E-05
0.634024 0.266254 0.0997218
0.711239 0.187031 0.10173
0.684736 9.9991E-05 0.315164
0.637935 0.333979 0.0280862
0.685919 0.124528 0.189553
0.647018 0.251594 0.101388
0.73171 9.9991E-05 0.26819
0.477367 0.401383 0.121251
0.734324 0.0405088 0.225168
0.697365 0.221113 0.0815221
0.617715 0.338139 0.0441463
0.738427 0.139424 0.122149
0.611307 0.337868 0.0508248
0.634526 0.297324 0.0681506
0.809142 0.132914 0.0579444
0.584526 0.31438 0.101093
0.659238 0.281759 0.0590036
0.921565 9.9991E-05 0.0783348
0.813996 0.0928906 0.0931133
0.740582 0.259318 9.9991E-05
0.872858 9.9991E-05 0.127042
0.748511 0.205316 0.0461729
0.781012 0.044631 0.174357
0.886762 0.113138 9.9991E-05
0.677035 0.241721 0.0812437
0.561154 0.414602 0.0242441
0.891185 0.0972546 0.0115608
0.566364 0.390531 0.0431047
0.630428 0.369472 9.9991E-05
0.616133 0.37626 0.0076072
0.606845 0.326642 0.0665126
0.672292 0.251737 0.0759709
0.792034 0.118402 0.0895639
0.686645 0.264412 0.0489428
0.603055 0.396845 9.9991E-05
0.584221 0.415679 9.9991E-05
0.747433 0.216036 0.036531
0.663074 0.336826 9.9991E-05
0.632115 0.255061 0.112824
0.584251 0.397704 0.0180449
0.559771 0.377039 0.0631905
0.551426 0.422562 0.0260112
0.332473 0.36715 0.300376
0.396017 0.554389 0.0495932
0.474218 0.413978 0.111804
0.492163 0.462207 0.0456293
0.355766 0.55461 0.0896245
0.777153 0.222747 9.9991E-05
0.419696 0.465264 0.115041
0.491153 0.132241 0.376607
0.436031 0.458692 0.105277
0.412555 0.459382 0.128063
0.434032 0.506105 0.0598634
0.458752 0.306819 0.234428
0.406886 0.45661 0.136504
0.402319 0.529513 0.0681684
0.136503 0.231405 0.632093
0.289167 0.561606 0.149227
0.304977 0.585441 0.109583
0.409709 0.505476 0.0848152
0.288381 0.560069 0.15155
0.399251 0.464128 0.136622
0.663076 0.32719 0.009734
0.60923 0.273155 0.117615
0.963979 9.9991E-05 0.0359208
0.887208 9.9991E-05 0.112692
0.626136 0.309523 0.0643409
0.366627 0.525732 0.107641
0.286683 0.559309 0.154008
0.350711 0.383703 0.265586
0.324705 0.501548 0.173747
0.647993 0.152448 0.199559
0.600451 0.210566 0.188983
0.582984 0.416916 9.9991E-05
0.552 0.397663 0.0503369
0.608157 0.230896 0.160947
0.466625 0.44124 0.0921346
0.608196 0.391704 9.9991E-05
0.51696 0.407031 0.0760091
0.759449 0.184322 0.0562291
0.747135 0.247643 0.00522252
0.660848 0.339052 9.9991E-05
0.701717 0.235663 0.0626192
0.576244 0.342471 0.081285
0.763387 0.236513 9.9991E-05
0.871941 0.105573 0.0224859
0.650906 0.345975 0.00311974
0.822239 0.150886 0.0268752
0.715806 0.265299 0.0188955
0.628009 0.346344 0.0256476
0.639344 0.355173 0.00548274
0.358857 0.461231 0.179912
0.524064 0.37222 0.103716
0.344343 0.481828 0.173829
0.406115 0.411852 0.182033
0.425722 0.452899 0.121379
0.45329 0.42576 0.120951
0.535048 0.123025 0.341927
0.365172 0.544831 0.089997
0.289169 0.163621 0.54721
0.434507 0.564193 0.00129928
0.965676 0.0176173 0.0167068
0.873192 9.9991E-05 0.126708
0.712508 0.287392 9.9991E-05
0.613361 0.386539 9.9991E-05
0.827901 0.171999 9.9991E-05
0.733492 0.266408 9.9991E-05
0.683919 0.315981 9.9991E-05
9.9991E-05 0.182391 0.817509
0.0741801 0.158851 0.766968
9.9991E-05 0.115826 0.884074
9.9991E-05 0.0893633 0.910537
0.656637 0.336986 0.00637702
0.71421 0.250532 0.0352581
0.722339 0.277561 9.9991E-05
0.591735 0.391449 0.0168156
0.561463 0.377604 0.0609326
0.830153 0.139722 0.0301244
0.643469 0.356431 9.9991E-05
0.858338 0.141562 9.9991E-05
0.257566 0.531768 0.210666
0.735151 0.264749 9.9991E-05
0.792263 0.207637 9.9991E-05
0.663386 0.336514 9.9991E-05
0.75487 0.24503 9.9991E-05
0.67374 0.32616 9.9991E-05
0.661414 0.338486 9.9991E-05
0.994006 0.00589355 9.9991E-05
0.834432 0.129154 0.0364131
0.774146 0.225754 9.9991E-05
0.9998 9.999E-05 9.999E-05
0.72872 0.254783 0.0164965
0.872425 0.0850484 0.0425269
0.914107 9.9991E-05 0.0857929
0.664805 0.335095 9.9991E-05
0.858259 0.115703 0.0260373
0.721269 0.278631 9.9991E-05
0.49038 0.43677 0.0728506
0.656852 0.343048 9.9991E-05
0.755242 0.228868 0.01589
0.669668 0.330232 9.9991E-05
0.698137 0.301763 9.9991E-05
0.855627 0.144273 9.9991E-05
0.622126 0.369214 0.00866006
0.250273 9.9991E-05 0.749627
0.142587 0.0858034 0.77161
0.0891922 9.9991E-05 0.910708
0.128661 9.9991E-05 0.871239
0.221848 0.0261132 0.752039
0.841192 0.0731611 0.0856466
0.849311 0.0394371 0.111252
0.923193 0.0767072 9.9991E-05
0.547873 0.40685 0.0452768
0.519415 0.437568 0.0430171
0.79766 0.165444 0.0368959
0.582316 0.417584 9.9991E-05
0.697553 0.234337 0.06811
0.702809 0.297091 9.9991E-05
0.678765 0.321135 9.9991E-05
0.822918 0.176982 9.9991E-05
0.820804 0.179096 9.9991E-05
0.81754 0.18236 9.9991E-05
0.528621 0.38389 0.0874894
0.779596 0.220304 9.9991E-05
0.683164 0.316736 9.9991E-05
0.191909 0.725726 0.0823646
0.126185 0.672709 0.201106
0.163316 0.708553 0.128131
0.20488 0.70896 0.0861606
0.304874 0.692095 0.00303093
0.622714 0.365146 0.0121403
9.9991E-05 0.728656 0.271244
0.170271 0.67523 0.154499
0.406433 0.458618 0.134949
0.51555 0.373523 0.110926
0.593988 0.254539 0.151473
0.462631 0.393989 0.14338
0.556051 0.377927 0.0660218
0.0866159 0.72981 0.183575
0.251555 0.611266 0.137179
0.172506 0.827248 0.000245869
0.312334 0.556904 0.130762
0.121251 0.748069 0.13068
0.237707 0.629558 0.132735
0.0908988 0.74961 0.159492
0.177516 0.697066 0.125418
0.61773 0.360474 0.0217953
0.23651 0.540292 0.223198
9.9991E-05 0.821198 0.178702
0.258667 0.60142 0.139913
0.682003 0.0604646 0.257533
0.567528 0.432372 9.9991E-05
0.340909 0.513583 0.145508
0.567675 0.393989 0.0383365
0.532919 0.322362 0.144719
0.325473 0.487883 0.186644
0.224545 0.527379 0.248076
0.491765 0.466341 0.0418947
0.167641 0.661417 0.170942
0.137961 0.792399 0.0696408
0.0527967 0.707102 0.240101
0.479444 0.461862 0.0586943
0.604276 0.259787 0.135936
0.625086 0.107711 0.267203
0.479499 0.488569 0.0319319
0.620389 0.203821 0.17579
0.373091 0.447731 0.179178
0.533839 0.366856 0.0993047
0.282666 0.223967 0.493368
0.359451 0.153374 0.487176
0.50005 0.299942 0.200009
0.283369 0.236477 0.480154
0.176776 0.273822 0.549402
0.454225 0.365293 0.180482
0.374784 0.385581 0.239635
0.331947 0.322126 0.345927
0.363795 0.249645 0.38656
0.430802 0.444553 0.124645
0.446392 0.236886 0.316722
0.266078 0.0674703 0.666452
0.408018 0.488474 0.103508
0.276429 0.520491 0.203079
0.24403 0.478772 0.277198
0.271041 0.622167 0.106793
0.299437 0.549185 0.151378
0.260484 0.547908 0.191607
0.213522 0.450861 0.335617
0.389717 0.521685 0.0885982
0.237672 0.541558 0.22077
0.240647 0.487549 0.271804
0.48393 0.327837 0.188233
0.432893 0.506149 0.0609581
0.300561 0.538236 0.161203
0.485967 0.454267 0.0597656
0.184822 0.554305 0.260873
0.332199 0.523522 0.144279
0.212743 0.357883 0.429374
0.305981 0.540043 0.153976
0.233061 0.458545 0.308394
0.13277 0.0361364 0.831094
0.710574 9.9991E-05 0.289326
0.720032 9.9991E-05 0.279868
0.719999 9.9991E-05 0.279901
0.750539 9.9991E-05 0.249361
0.723738 9.9991E-05 0.276162
0.753495 9.9991E-05 0.246405
0.684843 9.9991E-05 0.315057
0.579845 9.9991E-05 0.420055
9.9991E-05 0.0982569 0.901643
0.0690913 0.110898 0.820011
9.9991E-05 0.109809 0.890091
0.0912536 0.0667302 0.842016
9.9991E-05 0.122293 0.877608
9.9991E-05 0.0795752 0.920325
0.0288336 0.236566 0.734601
9.9991E-05 0.151231 0.848669
0.10652 0.153915 0.739566
9.9991E-05 0.122389 0.877511
9.9991E-05 0.0510857 0.948814
0.0214598 0.160574 0.817966
9.9991E-05 0.109856 0.890044
9.9991E-05 0.13087 0.86903
9.9991E-05 0.191043 0.808857
9.9991E-05 0.207051 0.792849
9.9991E-05 0.264623 0.735277
9.9991E-05 0.242688 0.757212
9.9991E-05 0.210124 0.789776
0.59553 0.286765 0.117704
0.57547 0.393712 0.030818
0.506515 0.360327 0.133158
0.764071 0.0732639 0.162665
0.578829 0.316651 0.104519
0.646029 0.0473345 0.306637
0.526494 0.459579 0.0139271
0.690172 0.206814 0.103014
0.640606 0.262089 0.0973054
0.659202 0.340698 9.9991E-05
0.642834 0.247699 0.109466
0.58693 0.36455 0.0485195
0.590812 0.353132 0.0560554
0.83204 9.9991E-05 0.16786
0.78378 9.9991E-05 0.21612
0.73812 0.069691 0.192189
0.544306 0.448906 0.00678821
0.578164 0.356575 0.0652613
0.540947 0.363272 0.0957817
0.465074 0.482989 0.0519379
0.377835 0.499044 0.123121
0.382188 0.513491 0.104321
0.30507 0.245952 0.448978
0.517007 0.394542 0.0884515
0.448622 0.391269 0.160109
0.242119 0.17505 0.582831
0.261597 0.435082 0.303321
0.236812 0.390217 0.37297
0.350929 0.376764 0.272307
0.412145 0.4746 0.113255
0.327773 0.46397 0.208257
0.392092 0.547775 0.0601326
0.349582 0.463711 0.186707
0.181941 0.399001 0.419058
