0.885443 0.00558295 0.108974
0.969599 9.9991E-05 0.030301
0.83044 9.9991E-05 0.16946
0.832312 9.9991E-05 0.167588
0.885306 9.9991E-05 0.114594
0.651709 0.193468 0.154823
0.885809 0.0760595 0.0381312
0.79431 0.152473 0.0532162
0.929338 0.070562 9.9991E-05
0.732141 0.0515052 0.216354
0.798773 0.196231 0.0049953
0.085221 0.740969 0.17381
9.9991E-05 0.619768 0.380132
0.162459 0.668882 0.168658
0.137196 0.542374 0.32043
0.169759 0.43583 0.394411
0.0928887 0.516702 0.39041
9.9991E-05 0.621474 0.378426
0.167388 0.577154 0.255458
0.258775 0.741125 9.9991E-05
0.0325746 0.684399 0.283027
0.0748813 0.611068 0.314051
0.060248 0.576158 0.363594
0.0939035 0.663235 0.242862
0.0389102 0.495837 0.465253
0.0180924 0.597113 0.384794
0.167084 0.714538 0.118378
0.126118 0.597922 0.27596
0.102092 0.77793 0.119978
0.84173 9.9991E-05 0.15817
0.822313 9.9991E-05 0.177587
0.784423 0.0219502 0.193626
0.766251 0.0150375 0.218711
9.9991E-05 0.658029 0.341871
0.0543834 0.545753 0.399863
9.9991E-05 0.586276 0.413624
0.197727 0.741628 0.0606449
0.0262995 0.781239 0.192462
0.0630827 0.514678 0.422239
9.9991E-05 0.498301 0.501599
0.0501702 0.570075 0.379755
0.0743273 0.522903 0.40277
0.0903606 0.866318 0.0433219
0.0279226 0.492373 0.479705
9.9991E-05 0.56398 0.43592
0.0906017 0.41828 0.491118
9.9991E-05 0.770286 0.229614
9.9991E-05 0.583776 0.416124
0.0362384 0.478641 0.485121
0.149431 0.850469 9.9991E-05
0.0630895 0.847818 0.0890925
0.148371 0.827105 0.0245238
0.139696 0.566973 0.29333
0.022333 0.486197 0.49147
0.0325778 0.518069 0.449353
0.167736 0.803568 0.028696
9.9991E-05 0.58587 0.41403
0.075784 0.414844 0.509372
0.150102 0.659718 0.190181
0.327565 0.609307 0.0631278
0.0248395 0.589681 0.38548
0.136238 0.609009 0.254754
0.185015 0.814885 9.9991E-05
9.9991E-05 0.719726 0.280174
0.0303663 0.542431 0.427203
0.0599127 0.574811 0.365276
0.111899 0.669104 0.218997
9.9991E-05 0.638847 0.361053
0.0147408 0.523044 0.462215
0.116942 0.817278 0.0657803
9.9991E-05 0.716079 0.283821
0.00177921 0.897693 0.100528
0.0118846 0.578823 0.409293
0.0442697 0.95563 9.9991E-05
0.00640497 0.993495 9.9991E-05
9.9991E-05 0.812407 0.187493
9.9991E-05 0.717454 0.282446
0.129588 0.501437 0.368975
9.9991E-05 0.700545 0.299355
0.075492 0.831806 0.0927016
0.0338229 0.84649 0.119687
0.06011 0.512572 0.427318
9.9991E-05 0.78537 0.21453
0.0275696 0.734217 0.238213
9.9991E-05 0.789337 0.210563
0.111618 0.888282 9.9991E-05
9.9991E-05 0.567147 0.432753
0.828935 0.0094715 0.161594
0.890533 9.9991E-05 0.109367
0.857425 9.9991E-05 0.142475
0.925302 9.9991E-05 0.0745981
0.851847 9.9991E-05 0.148053
0.898131 9.9991E-05 0.101769
0.875332 9.9991E-05 0.124568
0.110644 0.486377 0.402979
0.0743872 0.479773 0.44584
0.0378541 0.940143 0.0220027
0.0941523 0.515047 0.390801
0.00172487 0.740757 0.257518
9.9991E-05 0.553261 0.446639
0.0398602 0.605268 0.354872
9.9991E-05 0.634282 0.365618
0.110812 0.889088 9.9991E-05
0.161147 0.403659 0.435194
0.0297816 0.520791 0.449427
0.0218107 0.490316 0.487873
0.00771302 0.779185 0.213102
9.9991E-05 0.674824 0.325076
9.9991E-05 0.70767 0.29223
9.9991E-05 0.741806 0.258094
9.9991E-05 0.688423 0.311477
0.111394 0.527034 0.361571
0.103745 0.784574 0.111681
0.153721 0.558699 0.28758
0.083866 0.552451 0.363683
0.0911723 0.522399 0.386429
0.0542831 0.664226 0.281491
0.0424433 0.602997 0.354559
0.07872 0.611396 0.309884
0.0775842 0.608335 0.314081
0.0699553 0.527037 0.403008
9.9991E-05 0.633017 0.366883
9.9991E-05 0.720532 0.279368
9.9991E-05 0.542241 0.457659
0.0557286 0.556825 0.387447
9.9991E-05 0.589725 0.410175
0.0685446 0.502446 0.429009
0.0127712 0.570213 0.417016
0.134005 0.643564 0.222432
9.9991E-05 0.512056 0.487844
9.9991E-05 0.583398 0.416502
0.0669917 0.761244 0.171764
0.138518 0.776565 0.0849176
0.0697588 0.576389 0.353852
0.0713082 0.887461 0.0412311
0.129864 0.767767 0.102368
9.9991E-05 0.750679 0.249221
0.0719826 0.776425 0.151593
0.106562 0.752072 0.141365
0.0197493 0.586236 0.394015
0.0493201 0.528914 0.421766
0.0452139 0.566868 0.387918
0.0884138 0.824055 0.087531
0.153225 0.51778 0.328995
0.0112611 0.677803 0.310936
0.306606 0.693294 9.9991E-05
0.0470125 0.443939 0.509048
0.104609 0.626934 0.268457
0.0385616 0.539185 0.422253
0.190238 0.637075 0.172687
0.155023 0.774454 0.0705228
0.058877 0.661628 0.279495
0.0698358 0.532919 0.397245
0.104591 0.553155 0.342253
0.207065 0.662895 0.13004
0.0469565 0.531834 0.421209
9.9991E-05 0.823908 0.175992
0.00641316 0.70288 0.290707
0.0737234 0.455452 0.470824
0.36911 0.251117 0.379773
0.792968 0.0663204 0.140712
0.69881 0.185251 0.115939
0.462104 0.129002 0.408895
9.9991E-05 0.554711 0.445189
0.0762175 0.483117 0.440666
0.0122817 0.0638928 0.923825
0.108152 0.244487 0.64736
0.0814532 0.295255 0.623291
0.0418795 0.750729 0.207392
0.034025 0.588835 0.37714
0.0530228 0.836381 0.110596
0.00810884 0.610829 0.381062
9.9991E-05 0.693336 0.306564
0.0108395 0.59979 0.389371
0.0650246 0.854479 0.0804966
9.9991E-05 0.553429 0.446471
0.0378983 0.577763 0.384339
0.0768688 9.9991E-05 0.923031
0.0181839 9.9991E-05 0.981716
0.0811658 0.186605 0.732229
0.0422078 0.0428719 0.91492
0.0816101 0.0291148 0.889275
0.0896456 9.9991E-05 0.910254
0.140485 9.9991E-05 0.859415
0.00267692 9.9991E-05 0.997223
0.039488 9.9991E-05 0.960412
0.0419936 9.9991E-05 0.957906
0.0792201 9.9991E-05 0.92068
0.110686 9.9991E-05 0.889214
0.0964119 9.9991E-05 0.903488
0.0875405 9.9991E-05 0.91236
0.12592 0.272073 0.602007
0.0844631 0.0817669 0.83377
0.122637 9.9991E-05 0.877263
0.114617 9.9991E-05 0.885283
0.0568552 9.9991E-05 0.943045
0.13668 9.9991E-05 0.86322
0.0674414 9.9991E-05 0.932459
0.13032 0.0525146 0.817165
0.0734926 9.9991E-05 0.926407
0.538622 0.461278 9.9991E-05
0.191312 0.459555 0.349132
0.226912 0.417125 0.355963
0.330558 0.446736 0.222706
0.0638256 0.456811 0.479364
0.337807 0.417687 0.244506
0.174129 0.414795 0.411076
0.180645 0.437136 0.382218
0.135453 0.378058 0.486489
0.239904 0.311238 0.448858
0.188866 0.391404 0.419729
0.884271 0.0695702 0.0461588
0.922764 9.9991E-05 0.077136
0.960821 9.9991E-05 0.0390792
0.938704 9.9991E-05 0.061196
0.917935 9.9991E-05 0.0819653
0.86209 9.9991E-05 0.13781
0.861497 9.9991E-05 0.138403
0.89878 0.00883704 0.0923832
0.899442 9.9991E-05 0.100458
0.865266 9.9991E-05 0.134634
0.694716 0.305184 9.9991E-05
0.68421 0.31569 9.9991E-05
0.676498 0.323402 9.9991E-05
0.5761 0.4238 9.9991E-05
0.031549 0.682799 0.285652
0.0063511 0.654477 0.339172
0.0160739 0.623659 0.360267
0.110506 0.700693 0.188801
0.116797 0.842504 0.0406993
9.9991E-05 0.550189 0.449711
9.9991E-05 0.635542 0.364358
9.9991E-05 0.654324 0.345576
9.9991E-05 0.74463 0.25527
0.00373255 0.586389 0.409879
9.9991E-05 0.746992 0.252908
0.0290127 0.970887 9.9991E-05
0.012727 0.666371 0.320902
0.016417 0.800256 0.183327
9.9991E-05 0.717696 0.282204
0.0381527 0.923045 0.0388026
0.335475 0.664425 9.9991E-05
0.312305 0.687595 9.9991E-05
0.227669 0.772231 9.9991E-05
0.321439 0.678461 9.9991E-05
0.233004 0.766896 9.9991E-05
0.286859 0.695039 0.0181019
0.859301 9.9991E-05 0.140599
0.823668 0.0265258 0.149806
0.76044 9.9991E-05 0.23946
0.79938 9.9991E-05 0.20052
0.817951 9.9991E-05 0.181949
0.569941 0.429959 9.9991E-05
0.58287 0.41703 9.9991E-05
0.558919 0.440981 9.9991E-05
0.835429 9.9991E-05 0.164471
0.525256 0.474644 9.9991E-05
0.252938 0.186298 0.560765
0.115047 0.315677 0.569276
0.160659 0.146361 0.692981
0.262803 0.261892 0.475305
0.149259 0.39616 0.454581
0.59476 0.0378507 0.367389
9.9991E-05 0.790553 0.209347
0.0105609 0.753844 0.235595
0.19409 0.682968 0.122942
9.9991E-05 0.69679 0.30311
0.0757577 0.924142 9.9991E-05
0.0779725 0.479841 0.442187
0.00907945 0.667489 0.323432
0.105131 0.77577 0.119099
0.0925766 0.564914 0.342509
0.131969 0.855631 0.0123998
0.0143692 0.667908 0.317723
9.9991E-05 0.680088 0.319812
0.139303 0.419106 0.441591
9.9991E-05 0.808024 0.191876
0.0520331 0.664019 0.283948
9.9991E-05 0.62748 0.37242
9.9991E-05 0.712645 0.287255
9.9991E-05 0.533819 0.466081
9.9991E-05 0.591219 0.408681
0.0142787 0.555541 0.43018
0.76784 9.9991E-05 0.23206
0.845301 0.0138134 0.140885
0.81973 0.0775602 0.10271
0.851014 0.0287154 0.120271
0.790001 9.9991E-05 0.209899
0.140513 0.792173 0.0673142
0.0365044 0.616155 0.34734
0.239478 0.254494 0.506028
9.9991E-05 0.552358 0.447542
0.0598067 0.632656 0.307537
0.0626083 0.708777 0.228614
0.286534 0.713366 9.9991E-05
0.0488487 0.598439 0.352712
0.172341 0.732876 0.0947825
0.0161988 0.674573 0.309229
0.266096 0.703678 0.0302263
0.153016 0.443729 0.403255
0.149567 0.799788 0.0506446
0.0795246 0.663689 0.256786
0.0427098 0.617476 0.339814
0.0813974 0.76142 0.157183
0.0247953 0.65015 0.325054
0.089624 0.505802 0.404574
0.0505745 0.772169 0.177256
0.0679885 0.550445 0.381567
0.0372971 0.6419 0.320803
0.0570123 0.942888 9.9991E-05
0.0473379 0.846858 0.105804
0.0393513 0.647704 0.312944
0.098982 0.867138 0.0338805
9.9991E-05 0.768191 0.231709
0.160475 0.808008 0.0315177
9.9991E-05 0.844811 0.155089
0.110964 0.667555 0.221481
9.9991E-05 0.516562 0.483338
0.0607892 0.835223 0.103987
0.114213 0.484264 0.401523
0.0337531 0.534371 0.431876
0.0331668 0.622379 0.344454
0.0096614 0.636197 0.354141
0.0478787 0.614954 0.337168
0.0422275 0.751245 0.206527
0.104105 0.634706 0.261189
9.9991E-05 0.595409 0.404491
0.0645976 0.507563 0.427839
0.0427961 0.693816 0.263387
9.9991E-05 0.607544 0.392356
0.153198 0.622564 0.224239
9.9991E-05 0.665597 0.334303
0.0509328 0.625621 0.323446
0.0203023 0.541773 0.437925
0.375025 0.198512 0.426463
0.0680743 0.350853 0.581073
0.162175 0.375015 0.46281
0.0344477 0.44866 0.516892
0.17084 0.330308 0.498852
9.9991E-05 0.721946 0.277954
0.0990004 0.403856 0.497143
0.367508 0.44819 0.184302
0.07291 0.396136 0.530954
0.0477065 0.389104 0.56319
0.088374 0.345572 0.566054
0.215731 0.451037 0.333231
0.133872 0.308829 0.557299
0.0824143 0.295444 0.622142
0.647888 0.159689 0.192423
0.193343 0.245313 0.561344
0.146087 0.265943 0.58797
0.0595417 0.403753 0.536705
0.14127 0.284601 0.57413
0.157288 0.357904 0.484808
0.0200039 0.634448 0.345548
0.0673736 0.541277 0.391349
0.0490676 0.923783 0.0271493
0.0951351 0.904765 9.9991E-05
0.0414995 0.569797 0.388704
0.105044 0.309168 0.585788
0.140059 0.25756 0.602381
0.262118 0.305391 0.432492
0.180971 0.247331 0.571698
0.169307 0.691968 0.138725
0.177845 0.584676 0.237479
9.9991E-05 0.540901 0.458999
0.012645 0.554227 0.433128
0.172905 0.635235 0.19186
0.0220154 0.543648 0.434337
9.9991E-05 0.540488 0.459412
0.0755708 0.466074 0.458355
0.0299853 0.828827 0.141187
0.0856437 0.676626 0.23773
0.050385 0.581002 0.368613
0.104779 0.596044 0.299178
0.106694 0.450429 0.442877
9.9991E-05 0.688731 0.31117
0.0420377 0.845024 0.112939
9.9991E-05 0.549329 0.450571
9.9991E-05 0.852313 0.147587
9.9991E-05 0.715781 0.284119
0.0100655 0.58362 0.406314
9.9991E-05 0.739869 0.260031
0.15968 0.345793 0.494527
0.184015 0.419882 0.396103
0.186662 0.344175 0.469163
0.190927 0.377997 0.431076
0.130615 0.411766 0.457618
0.136763 0.325142 0.538096
0.355473 0.515272 0.129255
0.0595313 0.336512 0.603957
0.552592 0.284337 0.163071
0.0081496 0.396809 0.595042
0.0294436 0.9185 0.0520563
0.121769 0.878131 9.9991E-05
9.9991E-05 0.660107 0.339793
9.9991E-05 0.546537 0.453363
9.9991E-05 0.743713 0.256187
9.9991E-05 0.630656 0.369244
9.9991E-05 0.632741 0.367159
0.803852 0.0579602 0.138188
0.790688 0.0689128 0.1404
0.923402 9.9991E-05 0.0764977
0.938728 9.9991E-05 0.0611719
9.9991E-05 0.613314 0.386586
0.0923012 0.626769 0.28093
9.9991E-05 0.714744 0.285156
0.0760842 0.521803 0.402113
0.105973 0.546594 0.347433
0.0335119 0.831362 0.135126
9.9991E-05 0.592389 0.407511
9.9991E-05 0.814558 0.185342
0.209882 0.296975 0.493143
9.9991E-05 0.646666 0.353234
0.022673 0.834553 0.142774
9.9991E-05 0.636044 0.363856
9.9991E-05 0.745541 0.254359
9.9991E-05 0.655902 0.343998
0.0183121 0.569813 0.411875
9.9991E-05 0.97187 0.02803
0.00590705 0.856493 0.1376
9.9991E-05 0.82046 0.17944
0.00476466 0.995135 9.9991E-05
9.9991E-05 0.731878 0.268022
0.048739 0.910601 0.0406604
0.0366969 0.963203 9.9991E-05
9.9991E-05 0.573545 0.426355
0.0825761 0.806419 0.111005
0.00325508 0.685196 0.311549
9.9991E-05 0.5371 0.4628
9.9991E-05 0.653918 0.345982
9.9991E-05 0.716622 0.283278
9.9991E-05 0.64451 0.35539
9.9991E-05 0.655438 0.344462
9.9991E-05 0.844651 0.155249
0.033681 0.596351 0.369968
0.734907 0.264993 9.9991E-05
0.799549 0.131143 0.0693079
0.900944 0.0989559 9.9991E-05
0.885094 0.112216 0.00269025
0.805721 0.173462 0.0208163
0.0787969 0.803339 0.117864
0.0926289 0.886448 0.0209227
9.9991E-05 0.910258 0.0896424
0.0383901 0.484852 0.476758
0.083114 0.474157 0.442729
0.0213935 0.738899 0.239708
9.9991E-05 0.567768 0.432132
9.9991E-05 0.71927 0.28063
9.9991E-05 0.695376 0.304524
9.9991E-05 0.628692 0.371208
0.0271922 0.839282 0.133526
9.9991E-05 0.822674 0.177226
9.9991E-05 0.805395 0.194505
0.0814508 0.536531 0.382018
0.0261514 0.712825 0.261024
9.9991E-05 0.707866 0.292034
0.0618754 0.261883 0.676241
0.0910692 0.20191 0.707021
0.0834113 0.146949 0.76964
0.189362 0.120923 0.689715
0.173756 0.243504 0.58274
9.9991E-05 0.659217 0.340683
0.368338 9.9991E-05 0.631562
0.184717 0.128025 0.687258
0.137175 0.393675 0.46915
0.091747 0.512377 0.395876
0.137281 0.580436 0.282283
0.0749577 0.45106 0.473983
0.10561 0.501245 0.393145
0.167739 0.0956569 0.736604
0.0516903 0.298947 0.649363
0.0751873 0.108912 0.815901
0.0843648 0.35366 0.561975
0.140863 0.121789 0.737348
0.155275 0.229024 0.615701
0.195219 0.0938711 0.71091
0.0465349 0.245287 0.708179
0.0439126 0.569839 0.386248
0.236294 0.113657 0.650049
0.222479 9.9991E-05 0.777421
0.217961 0.145716 0.636323
0.243035 0.660513 0.0964517
9.9991E-05 0.522733 0.477167
0.157261 0.219545 0.623194
0.0211715 0.542759 0.43607
0.17154 0.510356 0.318104
0.196242 0.27556 0.528198
0.283049 0.242093 0.474858
0.0424859 0.444869 0.512645
0.1379 0.214298 0.647802
0.123904 0.120099 0.755996
0.284656 0.0044829 0.710861
0.119361 0.346916 0.533723
0.102236 0.631399 0.266365
0.196145 0.666189 0.137666
0.125464 0.380155 0.494382
0.167685 0.543125 0.28919
0.158938 0.404907 0.436155
0.0900607 0.537356 0.372583
0.534186 0.276409 0.189405
0.5341 0.353843 0.112057
0.221156 0.539827 0.239018
0.444072 0.336599 0.219329
0.598177 0.139317 0.262506
0.152266 0.425976 0.421758
0.189972 0.386006 0.424022
0.351043 0.362894 0.286062
0.426004 0.346203 0.227793
0.119359 0.401362 0.479279
0.311999 0.458555 0.229446
0.659435 0.287746 0.0528188
0.117936 0.427395 0.454669
0.212066 0.316671 0.471264
0.260586 0.235049 0.504366
0.100862 0.204831 0.694307
0.178579 0.305787 0.515634
0.149508 0.336212 0.51428
0.406365 0.139886 0.453749
0.144826 0.307771 0.547403
0.220676 0.172655 0.606668
0.28437 0.26189 0.45374
0.18033 0.467301 0.352368
0.142825 0.365067 0.492107
0.18199 0.366904 0.451106
0.046134 0.4459 0.507966
0.273893 0.145911 0.580195
0.170849 0.286593 0.542558
0.457276 0.210768 0.331956
0.112514 0.343953 0.543533
0.349249 0.154016 0.496735
0.867945 0.10757 0.0244849
0.26425 0.73565 9.9991E-05
0.258417 0.741483 9.9991E-05
0.247988 0.751912 9.9991E-05
0.227763 0.772137 9.9991E-05
0.246649 0.753251 9.9991E-05
0.19938 0.80052 9.9991E-05
0.271306 0.728594 9.9991E-05
0.419134 0.580766 9.9991E-05
0.919 9.9991E-05 0.0809001
0.805506 0.0655453 0.128948
0.909965 9.9991E-05 0.0899347
0.868772 0.0947833 0.0364447
0.908612 9.9991E-05 0.0912884
0.964845 0.00935931 0.0257956
0.787941 0.0121366 0.199922
0.877949 9.9991E-05 0.121951
0.732983 0.135238 0.131779
0.903049 9.9991E-05 0.0968509
0.975219 9.9991E-05 0.0246805
0.848992 0.0274607 0.123547
0.972413 9.9991E-05 0.0274867
0.88424 9.9991E-05 0.11566
0.862255 9.9991E-05 0.137645
0.821154 9.9991E-05 0.178746
0.76694 9.9991E-05 0.23296
0.759573 9.9991E-05 0.240327
0.791193 9.9991E-05 0.208707
0.164663 0.569455 0.265882
9.9991E-05 0.535368 0.464532
0.0775471 0.498542 0.423911
0.172564 0.751706 0.0757292
0.112963 0.529895 0.357142
0.274109 0.673806 0.0520853
0.00237476 0.57013 0.427496
0.129873 0.662467 0.20766
0.0779693 0.57556 0.346471
9.9991E-05 0.690396 0.309504
0.113398 0.575326 0.311277
0.027054 0.589323 0.383624
0.0320331 0.590751 0.377215
0.165669 0.834231 9.9991E-05
0.203689 0.796211 9.9991E-05
0.19862 0.716547 0.0848331
0.0354195 0.499166 0.465415
0.0858216 0.589287 0.324891
0.162923 0.563601 0.273475
0.107142 0.438423 0.454435
0.172266 0.357282 0.470452
0.0964542 0.338549 0.564996
0.46023 0.307083 0.232687
0.101033 0.470158 0.428809
0.170651 0.379275 0.450074
0.600579 0.263996 0.135425
0.259807 0.286134 0.454059
0.38964 0.228371 0.38199
0.314747 0.290006 0.395247
0.123917 0.402751 0.473332
0.235113 0.237796 0.527091
0.0836376 0.424758 0.491604
0.225983 0.378451 0.395566
0.432058 0.183642 0.384299
