9.9991E-05 0.0777647 0.922135
9.999E-05 0.0315901 0.96831
0.0083641 0.18038 0.811256
0.00560404 0.164412 0.829984
9.9991E-05 0.145003 0.854897
0.207201 0.119629 0.673171
0.0675146 0.0487761 0.883709
0.132666 0.0911575 0.776177
0.0635144 9.9991E-05 0.936386
0.0762111 0.206305 0.717484
0.187234 0.000672259 0.812094
0.75879 0.171113 0.0700973
0.661983 0.326122 0.0118958
0.704036 0.153112 0.142852
0.567177 0.344136 0.0886869
0.512626 0.345886 0.141488
0.468347 0.491707 0.0399453
0.646676 0.329816 0.023508
0.550755 0.240659 0.208587
0.783428 9.9991E-05 0.216472
0.668279 0.236249 0.0954712
0.662286 0.287208 0.0505063
0.586692 0.360838 0.0524692
0.682732 0.261268 0.0560005
0.526502 0.470399 0.00309866
0.566199 0.368904 0.0648973
0.723399 0.137714 0.138887
0.675791 0.187082 0.137127
0.765042 0.13839 0.0965682
9.9991E-05 0.208728 0.791172
9.9991E-05 0.21629 0.78361
0.0165052 0.214507 0.768988
0.00203202 0.26926 0.728708
0.698692 0.29455 0.00675781
0.637289 0.351507 0.0112044
0.680496 0.319404 9.9991E-05
0.766866 9.9991E-05 0.233034
0.765633 0.221651 0.0127159
0.630866 0.354658 0.0144762
0.57107 0.42883 9.9991E-05
0.568984 0.375903 0.0551131
0.575665 0.41463 0.00970421
0.888509 0.0289842 0.0825064
0.51036 0.465166 0.0244745
0.565087 0.434813 9.9991E-05
0.513472 0.479543 0.00698537
0.85657 0.14333 9.9991E-05
0.643088 0.356812 9.9991E-05
0.458218 0.484041 0.0577407
0.814995 9.9991E-05 0.184905
0.863457 0.0423984 0.0941444
0.857978 0.00821262 0.133809
0.567623 0.405257 0.0271206
0.458576 0.490489 0.0509344
0.573701 0.426199 9.9991E-05
0.810881 9.9991E-05 0.189019
0.615655 0.365925 0.0184195
0.505704 0.413713 0.0805828
0.678304 0.141731 0.179964
0.619777 0.0370484 0.343174
0.653189 0.332669 0.0141419
0.544996 0.303478 0.151526
0.801582 9.9991E-05 0.198318
0.697708 0.302192 9.9991E-05
0.511 0.4889 9.9991E-05
0.564001 0.366827 0.069172
0.688814 0.19344 0.117746
0.662836 0.337064 9.9991E-05
0.614343 0.326735 0.0589217
0.867106 0.0305729 0.102321
0.747985 0.251915 9.9991E-05
0.86846 0.13144 9.9991E-05
0.623852 0.349609 0.0265391
0.938808 9.9991E-05 0.0610918
0.974279 9.9991E-05 0.0256208
0.893247 0.106653 9.9991E-05
0.751734 0.248166 9.9991E-05
0.466984 0.398344 0.134672
0.713968 0.285932 9.9991E-05
0.856341 0.0760584 0.0676003
0.83268 0.0729653 0.0943547
0.532452 0.413659 0.0538891
0.788282 0.211618 9.9991E-05
0.729687 0.270213 9.9991E-05
0.794237 0.205663 9.9991E-05
0.9316 9.9991E-05 0.0682998
0.597016 0.402884 9.9991E-05
0.0230573 0.174779 0.802163
9.9991E-05 0.133097 0.866803
9.9991E-05 0.158999 0.840901
9.9991E-05 0.133056 0.866844
9.9991E-05 0.139431 0.860469
9.9991E-05 0.134511 0.865389
9.9991E-05 0.0814154 0.918485
0.665681 0.297291 0.0370277
0.485319 0.427441 0.0872397
0.939648 9.9991E-05 0.0602525
0.561904 0.404142 0.033954
0.752404 0.247496 9.9991E-05
0.59644 0.40346 9.9991E-05
0.643725 0.352291 0.00398468
0.649455 0.350445 9.9991E-05
0.878392 9.9991E-05 0.121508
0.554004 0.410052 0.0359441
0.504257 0.495643 9.9991E-05
0.523369 0.401584 0.0750473
0.832243 0.167657 9.9991E-05
0.695412 0.304488 9.9991E-05
0.759316 0.240584 9.9991E-05
0.744151 0.255749 9.9991E-05
0.697 0.274099 0.028901
0.529722 0.37553 0.0947479
0.731112 0.10907 0.159818
0.60958 0.269537 0.120882
0.556374 0.336777 0.106849
0.57622 0.375478 0.0483019
0.713738 0.227224 0.0590381
0.624103 0.360329 0.0155684
0.714847 0.259035 0.0261186
0.553381 0.366899 0.0797194
0.587652 0.362414 0.0499342
0.632757 0.367143 9.9991E-05
0.747335 0.235866 0.0167986
0.488762 0.511138 9.9991E-05
0.556972 0.383959 0.0590684
0.647244 0.352656 9.9991E-05
0.57613 0.380456 0.0434149
0.603594 0.396306 9.9991E-05
0.648077 0.22762 0.124303
0.559454 0.440446 9.9991E-05
0.633939 0.365961 9.9991E-05
0.734224 0.121504 0.144272
0.796598 0.0468536 0.156548
0.616892 0.383008 9.9991E-05
0.918297 0.0273593 0.054344
0.814898 0.059541 0.125561
0.790972 0.187454 0.021574
0.755569 0.123344 0.121087
0.786189 0.167105 0.0467054
0.606349 0.36565 0.0280011
0.500472 0.414531 0.0849976
0.666943 0.332957 9.9991E-05
0.81189 0.0988476 0.0892628
0.493713 0.354261 0.152026
0.639577 0.360323 9.9991E-05
0.709782 9.9991E-05 0.290118
0.546262 0.409249 0.0444894
0.62645 0.255543 0.118007
0.546776 0.374627 0.0785968
0.690911 0.138202 0.170887
0.821433 9.9991E-05 0.178467
0.709798 0.229261 0.0609414
0.520625 0.393655 0.0857205
0.552153 0.324315 0.123531
0.673211 0.132981 0.193808
0.482031 0.427535 0.0904341
0.834777 0.165123 9.9991E-05
0.73193 0.26797 9.9991E-05
0.414397 0.407557 0.178046
0.227622 0.365552 0.406826
0.0870667 0.163345 0.749589
0.170111 0.149124 0.680764
0.106917 0.448066 0.445017
0.646673 0.353227 9.9991E-05
0.536859 0.358033 0.105108
9.9991E-05 0.993483 0.00641693
0.285466 0.682261 0.0322724
0.308843 0.6471 0.0440565
0.781778 0.187323 0.0308996
0.594827 0.381723 0.0234499
0.809891 0.1226 0.067509
0.688327 0.287996 0.023677
0.730532 0.26007 0.00939803
0.616946 0.374881 0.00817283
0.822394 0.0875813 0.0900247
0.480652 0.513053 0.00629535
0.599437 0.400463 9.9991E-05
9.9991E-05 0.950186 0.0497137
9.9991E-05 0.966083 0.0338174
0.193941 0.72618 0.0798789
0.000344942 0.964494 0.0351612
9.9991E-05 0.90946 0.0904403
9.9991E-05 0.941762 0.0581379
9.9991E-05 0.920488 0.0794124
9.999E-05 0.9998 9.999E-05
9.9991E-05 0.965065 0.0348351
9.9991E-05 0.96745 0.0324504
9.9991E-05 0.948326 0.0515742
0.0393389 0.883631 0.0770298
9.9991E-05 0.881838 0.118062
9.9991E-05 0.915908 0.0839919
0.377348 0.558756 0.0638966
0.125376 0.788165 0.0864584
0.0120158 0.911294 0.0766899
9.9991E-05 0.938534 0.061366
9.9991E-05 0.979973 0.0199271
9.9991E-05 0.902389 0.0975112
9.9991E-05 0.936488 0.0634118
0.15709 0.774087 0.0688224
9.9991E-05 0.949771 0.0501286
0.456162 0.00314252 0.540695
0.477432 0.349509 0.173059
0.469023 0.372912 0.158065
0.447276 0.2216 0.331123
0.390064 0.402015 0.207921
0.402916 0.269507 0.327577
0.560164 0.315695 0.124141
0.408782 0.409778 0.181441
0.396878 0.431802 0.17132
0.356752 0.452289 0.190959
0.385902 0.41115 0.202947
0.0680594 0.061375 0.870566
9.9991E-05 0.0941684 0.905732
9.9991E-05 0.0527014 0.947199
9.9991E-05 0.0781105 0.92179
9.9991E-05 0.11285 0.88705
9.9991E-05 0.113365 0.886535
9.9991E-05 0.12858 0.87132
0.00670481 0.0782981 0.914997
9.9991E-05 0.10511 0.89479
9.9991E-05 0.117109 0.882791
0.281462 9.9991E-05 0.718438
0.29218 0.0126281 0.695192
0.352568 9.9991E-05 0.647332
0.411647 9.9991E-05 0.588253
0.673669 0.326231 9.9991E-05
0.673549 0.326351 9.9991E-05
0.653603 0.341623 0.00477361
0.737317 0.215792 0.046891
0.858797 0.017617 0.123586
0.554562 0.445338 9.9991E-05
0.619909 0.379991 9.9991E-05
0.734215 0.255862 0.00992369
0.752419 0.247481 9.9991E-05
0.572491 0.427409 9.9991E-05
0.800697 0.199203 9.9991E-05
0.95526 9.9991E-05 0.0446403
0.649367 0.331757 0.0188752
0.858322 0.120524 0.0211548
0.705058 0.294842 9.9991E-05
0.911428 9.9991E-05 0.0884718
0.674806 9.9991E-05 0.325094
0.674789 9.9991E-05 0.325111
0.72761 9.9991E-05 0.27229
0.702359 9.9991E-05 0.297541
0.769625 9.9991E-05 0.230275
0.704129 0.0363334 0.259537
9.9991E-05 0.124267 0.875633
9.9991E-05 0.157046 0.842854
9.9991E-05 0.262747 0.737153
9.9991E-05 0.203282 0.796618
9.9991E-05 0.218149 0.781751
0.433954 9.9991E-05 0.565946
0.399346 9.9991E-05 0.600554
0.40829 9.9991E-05 0.59161
9.9991E-05 0.206073 0.793827
0.457506 9.9991E-05 0.542394
0.165473 0.57961 0.254917
0.289141 0.615429 0.09543
0.18554 0.710444 0.104016
0.284287 0.471828 0.243885
0.312547 0.532805 0.154649
0.0596213 0.348197 0.592181
0.763305 0.19826 0.0384356
0.777111 0.193106 0.0297833
0.728275 0.0883322 0.183393
0.732414 0.267486 9.9991E-05
0.915024 9.9991E-05 0.0848761
0.51945 0.441288 0.0392621
0.680862 0.267324 0.0518141
0.774951 0.0978915 0.127158
0.506317 0.378353 0.11533
0.866624 9.9991E-05 0.133276
0.713646 0.229589 0.0567658
0.680177 0.31286 0.00696377
0.423253 0.422902 0.153845
0.795339 0.204561 9.9991E-05
0.626641 0.339755 0.0336039
0.656901 0.342999 9.9991E-05
0.74498 0.25492 9.9991E-05
0.546445 0.44046 0.0130949
0.544514 0.359335 0.0961511
0.548541 0.430266 0.0211928
9.9991E-05 0.259294 0.740606
9.9991E-05 0.171593 0.828307
0.111786 0.0858914 0.802323
0.0657742 0.103553 0.830673
9.9991E-05 0.176116 0.823784
0.78174 0.0497918 0.168468
0.608614 0.346651 0.0447352
0.398245 0.398336 0.203419
0.539048 0.460852 9.9991E-05
0.659118 0.33013 0.0107519
0.676856 0.22738 0.0957642
0.690438 9.9991E-05 0.309462
0.667913 0.284191 0.0478959
0.737026 0.0860015 0.176973
0.688379 0.221638 0.0899834
0.717312 9.9991E-05 0.282588
0.518333 0.457613 0.0240547
0.703643 0.0600241 0.236333
0.674112 0.231704 0.0941837
0.616321 0.31903 0.0646492
0.751637 0.133044 0.115319
0.662024 0.337876 9.9991E-05
0.609575 0.370914 0.0195113
0.828318 0.107305 0.0643775
0.599936 0.388165 0.0118988
0.642226 0.314383 0.0433913
0.945691 9.9991E-05 0.0542086
0.830929 0.0916823 0.0773891
0.743978 0.229964 0.0260586
0.916492 0.0218286 0.0616795
0.781315 0.213697 0.00498845
0.803406 0.0119571 0.184637
0.895492 0.104408 9.9991E-05
0.708223 0.240194 0.0515831
0.578453 0.406945 0.0146018
0.880931 0.073417 0.0456516
0.62302 0.284001 0.0929791
0.584737 0.415163 9.9991E-05
0.696973 0.277317 0.0257095
0.588132 0.330625 0.081243
0.700567 0.299333 9.9991E-05
0.818323 0.135202 0.0464749
0.652323 0.297299 0.050378
0.632674 0.367226 9.9991E-05
0.608941 0.358221 0.0328382
0.627026 0.277252 0.0957226
0.648111 0.351789 9.9991E-05
0.621069 0.236045 0.142886
0.636373 0.363527 9.9991E-05
0.615639 0.348122 0.036239
0.536848 0.377918 0.0852339
0.272994 0.408749 0.318257
0.347858 0.525367 0.126775
0.372512 0.551728 0.0757606
0.576144 0.423756 9.9991E-05
0.374032 0.539449 0.086519
0.691841 0.308059 9.9991E-05
0.309949 0.553515 0.136536
0.448464 0.173287 0.378249
0.482673 0.465512 0.0518147
0.494579 0.443122 0.0622984
0.358188 0.581202 0.0606107
0.47964 0.326844 0.193516
0.355588 0.468303 0.176109
0.354312 0.506742 0.138946
0.176232 0.171663 0.652105
0.242956 0.575778 0.181266
0.352575 0.498488 0.148937
0.515961 0.438226 0.0458132
0.325899 0.559719 0.114382
0.443096 0.421289 0.135615
0.694095 0.305805 9.9991E-05
0.587106 0.3625 0.0503939
0.965541 9.9991E-05 0.0343592
0.930269 9.9991E-05 0.0696311
0.642136 0.357764 9.9991E-05
0.309127 0.585659 0.105214
0.29589 0.604005 0.100105
0.297702 0.429313 0.272985
0.230376 0.529761 0.239862
0.660002 0.145821 0.194177
0.556269 0.252794 0.190937
0.572728 0.427172 9.9991E-05
0.538884 0.381859 0.0792575
0.656024 0.223314 0.120662
0.56932 0.43058 9.9991E-05
0.532495 0.467405 9.9991E-05
0.477072 0.456728 0.0661996
0.814238 0.127436 0.0583258
0.744716 0.255184 9.9991E-05
0.620277 0.33903 0.0406929
0.639464 0.261132 0.0994043
0.544011 0.373981 0.0820077
0.753763 0.246137 9.9991E-05
0.887911 0.0845937 0.0274951
0.581509 0.418391 9.9991E-05
0.86823 0.0880734 0.043697
0.762362 0.23401 0.00362746
0.613318 0.385943 0.00073876
0.715202 0.275595 0.00920317
0.353215 0.486079 0.160705
0.439279 0.417893 0.142828
0.363265 0.464063 0.172672
0.401973 0.444176 0.153851
0.402679 0.487027 0.110295
0.432087 0.471127 0.0967863
0.529144 0.1307 0.340156
0.386912 0.547252 0.0658361
0.307961 0.120016 0.572024
0.420214 0.523982 0.0558042
0.954348 9.9991E-05 0.0455517
0.902929 9.9991E-05 0.0969707
0.712638 0.287262 9.9991E-05
0.61656 0.38334 9.9991E-05
0.794441 0.205459 9.9991E-05
0.691297 0.308603 9.9991E-05
0.702573 0.297327 9.9991E-05
0.0468988 0.133479 0.819622
0.107881 0.106366 0.785753
9.9991E-05 0.123389 0.876511
9.9991E-05 0.0653065 0.934594
0.680969 0.295624 0.0234065
0.641644 0.346649 0.0117071
0.760282 0.239618 9.9991E-05
0.614394 0.362049 0.0235566
0.576396 0.366667 0.0569373
0.857968 0.114945 0.027087
0.699077 0.300823 9.9991E-05
0.836516 0.163384 9.9991E-05
0.28238 0.536493 0.181127
0.697439 0.302461 9.9991E-05
0.815409 0.184491 9.9991E-05
0.663575 0.336325 9.9991E-05
0.768063 0.231837 9.9991E-05
0.660467 0.339433 9.9991E-05
0.660039 0.339861 9.9991E-05
0.9998 9.999E-05 9.999E-05
0.827184 0.167669 0.00514669
0.834367 0.165533 9.9991E-05
0.979859 9.9991E-05 0.0200406
0.744318 0.216971 0.0387111
0.953788 0.0293507 0.0168611
0.909683 9.9991E-05 0.0902171
0.655579 0.344321 9.9991E-05
0.842357 0.116542 0.0411014
0.747099 0.252801 9.9991E-05
0.510521 0.466327 0.0231524
0.691904 0.307996 9.9991E-05
0.828494 0.171406 9.9991E-05
0.646879 0.353021 9.9991E-05
0.666254 0.307388 0.0263583
0.822804 0.177096 9.9991E-05
0.630388 0.364092 0.00552051
0.296595 9.9991E-05 0.703305
0.167479 0.0390033 0.793518
0.100293 9.9991E-05 0.899607
0.131312 9.9991E-05 0.868588
0.200971 9.9991E-05 0.798929
0.889473 0.0489427 0.0615846
0.879687 0.0273176 0.092995
0.918711 0.0811887 9.9991E-05
0.622374 0.330986 0.0466395
0.566618 0.393972 0.03941
0.783314 0.178652 0.0380333
0.595496 0.404404 9.9991E-05
0.713082 0.270738 0.0161795
0.713471 0.286429 9.9991E-05
0.672446 0.327454 9.9991E-05
0.852317 0.147583 9.9991E-05
0.825338 0.174562 9.9991E-05
0.876168 0.123732 9.9991E-05
0.564401 0.350139 0.0854596
0.779863 0.220037 9.9991E-05
0.638722 0.34924 0.0120384
0.303555 0.680458 0.0159865
0.163168 0.707963 0.128869
0.135248 0.734157 0.130595
0.146269 0.672078 0.181654
0.223984 0.656871 0.119145
0.729676 0.266915 0.00340878
9.9991E-05 0.681229 0.318671
0.0762451 0.719102 0.204653
0.446532 0.476364 0.0771038
0.509541 0.424922 0.0655377
0.636825 0.244439 0.118736
0.564364 0.352668 0.082968
0.45418 0.489693 0.0561268
0.0578847 0.765177 0.176938
0.234156 0.646571 0.119272
0.105394 0.797947 0.0966591
0.245297 0.576046 0.178658
0.135051 0.696709 0.168239
0.268405 0.588853 0.142742
0.102417 0.71749 0.180093
0.218861 0.661953 0.119186
0.596208 0.345978 0.0578137
0.300765 0.561484 0.137751
9.9991E-05 0.789323 0.210577
0.321161 0.53848 0.140358
0.692029 0.0641934 0.243777
0.590093 0.409807 9.9991E-05
0.261486 0.537577 0.200937
0.588418 0.397013 0.0145687
0.573176 0.307336 0.119488
0.40136 0.41049 0.188151
0.268708 0.535545 0.195747
0.458646 0.436589 0.104765
0.319248 0.584255 0.0964974
0.104097 0.827138 0.0687642
9.9991E-05 0.745149 0.254751
0.490271 0.484625 0.0251043
0.66417 0.256499 0.0793311
0.642775 0.114957 0.242268
0.566021 0.339575 0.0944039
0.612681 0.232308 0.155011
0.349907 0.462394 0.187699
0.497561 0.382506 0.119934
0.308197 0.180272 0.51153
0.331916 0.15347 0.514614
0.508975 0.244336 0.24669
0.270689 0.281741 0.447571
0.120034 0.29406 0.585906
0.450412 0.363372 0.186216
0.398886 0.367509 0.233606
0.359811 0.320811 0.319378
0.33262 0.237134 0.430246
0.428876 0.422003 0.149121
0.430406 0.245656 0.323938
0.2585 0.114582 0.626918
0.358115 0.480157 0.161729
0.356984 0.445129 0.197887
0.271982 0.45553 0.272487
0.212238 0.638269 0.149494
0.34466 0.541641 0.113698
0.36535 0.542992 0.0916589
0.201764 0.450945 0.347291
0.263143 0.557157 0.1797
0.208437 0.580686 0.210876
0.299712 0.411525 0.288763
0.52165 0.311402 0.166949
0.383947 0.446583 0.169469
0.381038 0.597038 0.0219239
0.488433 0.511467 9.9991E-05
0.184053 0.543111 0.272836
0.312449 0.585132 0.102419
0.19776 0.360792 0.441448
0.388617 0.485681 0.125702
0.208061 0.477411 0.314528
0.109969 0.0484975 0.841534
0.739375 9.9991E-05 0.260525
0.752407 9.9991E-05 0.247493
0.722148 9.9991E-05 0.277752
0.781147 9.9991E-05 0.218753
0.73629 9.9991E-05 0.26361
0.773299 9.9991E-05 0.226601
0.708535 9.9991E-05 0.291365
0.586826 9.9991E-05 0.413074
0.00888 0.0886483 0.902472
0.0596075 0.111838 0.828554
9.9991E-05 0.113916 0.885984
0.108746 0.0688388 0.822415
9.9991E-05 0.115579 0.884321
0.0129011 0.0654624 0.921637
0.0259556 0.214019 0.760026
9.9991E-05 0.13553 0.86437
0.0952752 0.164188 0.740537
9.9991E-05 0.138806 0.861094
9.9991E-05 0.0434635 0.956437
9.9991E-05 0.150219 0.849681
9.9991E-05 0.0660509 0.933849
9.9991E-05 0.117003 0.882897
0.00321385 0.169427 0.827359
9.9991E-05 0.170935 0.828965
9.9991E-05 0.257912 0.741988
9.9991E-05 0.271724 0.728176
9.9991E-05 0.230875 0.769025
0.636629 0.22952 0.133851
0.611714 0.382848 0.00543822
0.487346 0.378202 0.134452
0.760705 0.0467978 0.192497
0.59225 0.30263 0.105121
0.672325 0.0232882 0.304387
0.529026 0.446436 0.0245382
0.697957 0.162536 0.139507
0.59594 0.311347 0.0927128
0.685018 0.287307 0.0276752
0.652306 0.245849 0.101845
0.583095 0.383147 0.0337583
0.595044 0.356237 0.0487189
0.867278 9.9991E-05 0.132622
0.772149 9.9991E-05 0.227751
0.697611 0.097749 0.20464
0.523212 0.43268 0.0441085
0.571907 0.340797 0.0872965
0.551645 0.356184 0.0921713
0.510119 0.45335 0.036531
0.345524 0.562636 0.09184
0.381307 0.502208 0.116485
0.321855 0.231331 0.446814
0.47762 0.383284 0.139096
0.351555 0.418728 0.229717
0.243207 0.152716 0.604077
0.211017 0.45735 0.331633
0.329438 0.363167 0.307395
0.314909 0.383626 0.301464
0.392758 0.50793 0.0993123
0.346883 0.481017 0.1721
0.349064 0.528718 0.122218
0.37261 0.496559 0.130831
0.198096 0.379783 0.422121
