0.0807201 9.9982E-05 9.9982E-05 0.0187979 0.900282
0.0354364 0.0210579 9.9982E-05 9.9982E-05 0.943306
0.0252852 9.9991E-05 0.141496 0.0316831 0.801436
0.0912106 9.9991E-05 0.00630932 0.10142 0.80096
9.999E-05 0.00632954 0.051494 0.0281626 0.913914
0.0293854 0.182233 0.0723687 0.0818067 0.634206
0.028437 0.111045 9.9982E-05 9.9982E-05 0.860318
0.123168 0.0745398 9.9991E-05 0.0510076 0.751184
0.12451 0.0628214 9.9982E-05 9.9982E-05 0.812469
0.0540924 0.10066 0.0358291 0.101376 0.708042
0.0982101 0.0791126 0.0428971 9.9991E-05 0.77968
0.558922 0.0376431 0.349013 0.0543217 9.9991E-05
0.382383 0.0255837 0.470965 0.120969 9.9991E-05
0.558302 0.0860786 0.261877 0.0651807 0.0285616
0.437451 0.0127567 0.356478 0.167297 0.0260174
0.230888 0.0904759 0.444421 0.129492 0.104723
0.16954 0.0985548 0.500944 0.192488 0.038474
0.316139 0.0915336 0.46324 0.12751 0.00157695
0.403452 9.9991E-05 0.423482 0.0385014 0.134465
0.78967 0.110907 9.9982E-05 0.0992236 9.9982E-05
0.363718 0.0256901 0.505601 0.10489 9.9991E-05
0.197268 0.131951 0.527436 0.0675891 0.0757555
0.218108 0.0282692 0.601132 0.0808259 0.0716644
0.422787 0.13179 0.323271 0.122052 9.9991E-05
0.150173 0.0266417 0.627728 0.137289 0.0581681
0.286188 9.9991E-05 0.499994 0.191667 0.0220507
0.613683 0.0736955 0.178559 0.117595 0.0164675
0.521488 0.0685252 0.15417 0.251179 0.00463812
0.540251 0.157141 0.263337 0.0391713 9.9991E-05
9.9982E-05 9.9982E-05 0.0604298 0.0730417 0.866329
9.9982E-05 9.9982E-05 0.107911 0.0350052 0.856884
0.00139151 9.9982E-05 0.195129 9.9982E-05 0.80328
9.9991E-05 0.0371779 0.127899 0.0958881 0.738935
0.16743 0.0840783 0.670372 9.9991E-05 0.0780203
0.143409 0.146976 0.492209 0.184191 0.0332146
9.9982E-05 0.180018 0.725328 9.9982E-05 0.0944542
0.615302 0.0858628 0.195251 9.9991E-05 0.103485
0.106447 0.364991 0.488832 0.0396299 9.9991E-05
0.187271 0.0883497 0.557704 0.0918175 0.0748574
0.0599065 0.104059 0.671439 0.108986 0.0556095
0.147263 0.0732575 0.615527 0.0651766 0.0987762
0.0653368 0.0756651 0.692046 0.0361243 0.130828
0.233318 0.405575 0.360906 9.9982E-05 9.9982E-05
0.0767926 0.149961 0.606564 0.0982036 0.0684795
9.9991E-05 0.138361 0.707614 0.0811166 0.0728089
0.0445796 0.0525238 0.607743 0.124592 0.170561
9.9973E-05 0.44778 0.55192 9.9973E-05 9.9973E-05
0.021519 0.10417 0.739818 0.0306083 0.103885
0.0376508 0.113118 0.68665 0.0362437 0.126338
0.0147722 0.840012 0.0457375 9.9991E-05 0.0993779
0.546282 0.209537 0.240518 0.00356302 9.9991E-05
0.287446 0.515096 0.120126 0.0626844 0.0146477
0.132955 0.044857 0.55819 0.15417 0.109828
0.113741 0.0479677 0.575486 0.130361 0.132444
0.0838754 0.148997 0.610663 0.118348 0.0381176
0.424644 0.275082 0.218988 0.00597991 0.0753063
0.226757 0.0225715 0.61418 0.0892392 0.0472522
0.13736 0.109469 0.572463 0.104349 0.0763593
0.242256 0.166998 0.482629 9.9991E-05 0.108017
0.412529 0.260631 0.0369068 0.120004 0.16993
0.19886 0.0970396 0.537794 0.106641 0.059665
0.305549 0.155271 0.387497 0.111557 0.0401256
0.590346 0.280201 0.0788109 9.9991E-05 0.0505429
0.20502 0.179281 0.503237 0.112361 9.9991E-05
0.105638 0.0839696 0.645357 0.160137 0.00489804
0.169605 0.10436 0.571375 0.0772098 0.0774502
0.351564 0.18503 0.289869 0.118927 0.0546106
0.295507 0.140429 0.455562 0.108402 9.9991E-05
0.175318 0.0433776 0.650587 0.0728998 0.0578176
0.441276 0.269291 0.229425 0.00179083 0.0582167
0.103389 0.162932 0.733479 9.9982E-05 9.9982E-05
0.28077 0.328625 0.390405 9.9982E-05 9.9982E-05
0.12071 0.138882 0.588281 0.0685812 0.0835455
0.0423454 0.740491 0.216964 9.9982E-05 9.9982E-05
0.123389 0.69304 0.18337 9.9982E-05 9.9982E-05
0.102591 0.381323 0.515886 9.9982E-05 9.9982E-05
0.17883 0.178386 0.642584 9.9982E-05 9.9982E-05
0.060577 0.100895 0.606056 0.0500909 0.182381
0.103436 0.240702 0.584569 0.0494968 0.021796
0.390967 0.244193 0.36464 9.9982E-05 9.9982E-05
0.360633 0.221375 0.413091 9.9991E-05 0.00480127
0.0642791 0.119378 0.662628 0.010545 0.14317
0.0840223 0.344761 0.544161 0.00107526 0.0259804
0.129981 0.217936 0.593579 9.9991E-05 0.058404
9.9982E-05 0.381408 0.611593 9.9982E-05 0.00679907
0.0964033 0.747521 0.132442 9.9991E-05 0.0235342
0.0153328 0.136322 0.733625 0.0307662 0.0839539
0.081616 9.9991E-05 0.0437679 0.0516433 0.822873
9.9973E-05 9.9973E-05 0.100493 9.9973E-05 0.899208
9.9982E-05 9.9982E-05 0.0596181 0.0515383 0.888644
9.9991E-05 0.00219989 0.0382859 0.00237821 0.957036
9.9982E-05 9.9982E-05 0.0733487 0.0240381 0.902413
0.00459526 9.9991E-05 0.0720876 0.00590509 0.917312
9.9982E-05 9.9982E-05 0.0534381 0.0260385 0.920323
0.159378 0.148153 0.591426 0.0309788 0.0700639
0.11702 0.0356407 0.689376 0.133529 0.0244351
0.241714 0.514388 0.243697 9.9982E-05 9.9982E-05
0.0728958 0.133 0.515164 0.164527 0.114413
0.205983 0.147834 0.633009 9.9991E-05 0.0130736
0.0724655 0.0889214 0.718738 0.0175986 0.102276
9.9982E-05 0.167686 0.719819 9.9982E-05 0.112296
0.00985526 0.260799 0.638148 0.0910985 9.9991E-05
0.372496 0.530193 0.0937927 9.9991E-05 0.00341793
0.0882006 0.102917 0.588408 0.126213 0.094262
9.9991E-05 0.175987 0.67056 0.0145352 0.138818
0.209322 0.00617428 0.538629 0.160046 0.0858294
0.0355854 0.440228 0.522188 9.9991E-05 0.00189912
0.0110575 0.317234 0.609555 0.0417916 0.0203617
0.137587 0.232928 0.608573 0.00400709 0.0169054
0.0323929 0.398392 0.463918 0.105197 9.9991E-05
0.1384 0.144176 0.632161 9.9991E-05 0.0851627
0.11695 0.0826839 0.598943 0.0256888 0.175735
0.399105 0.292036 0.188039 0.0859161 0.0349034
0.305222 0.0603912 0.322917 0.143537 0.167934
0.116711 0.106741 0.56338 0.0618387 0.151329
0.116481 0.147889 0.541208 0.154378 0.0400443
0.375596 0.0407422 0.473388 0.0738462 0.0364274
0.224153 9.9991E-05 0.624652 0.147908 0.00318617
0.399138 9.9991E-05 0.499755 0.0875991 0.0134087
0.198065 0.159717 0.53629 0.0640904 0.0418369
0.16042 0.0759322 0.584696 0.175728 0.00322369
0.240159 0.00869165 0.65151 0.0275736 0.0720653
0.385439 9.9991E-05 0.610478 0.00289872 0.0010847
0.0987587 0.089314 0.632939 0.141006 0.0379819
0.111839 0.0619994 0.569802 0.0711788 0.185181
0.294997 9.9982E-05 0.570858 0.133944 9.9982E-05
0.109075 0.160423 0.54243 0.165559 0.0225124
0.193718 0.0796251 0.598525 0.0742637 0.053868
0.26912 0.107233 0.462889 0.0396722 0.121087
0.238556 0.0373644 0.575231 0.132191 0.016657
0.0990588 0.0990828 0.591985 0.139502 0.070371
0.412898 0.192515 0.286065 0.108421 9.9991E-05
0.325722 0.378394 0.198174 0.0413587 0.0563514
0.18754 0.0957866 0.57995 0.0403813 0.0963418
0.301655 0.459984 0.15035 0.0879108 9.9991E-05
0.486251 0.128984 0.312792 9.9991E-05 0.0718726
0.29657 0.122624 0.580606 9.9982E-05 9.9982E-05
0.545738 0.0193563 0.42918 0.00468246 0.00104325
0.575455 0.0662976 0.317355 0.0407933 9.9991E-05
0.172852 0.0120758 0.646511 0.0960498 0.0725109
0.190996 9.9991E-05 0.571643 0.14041 0.096851
0.211654 0.0795819 0.551514 0.0887929 0.0684565
0.403669 0.323398 0.162947 0.109886 9.9991E-05
0.0795941 0.209519 0.516022 0.0474633 0.147401
0.0869607 0.232617 0.589082 0.0490156 0.0423249
0.119329 0.619624 0.0576661 0.00385293 0.199528
9.9991E-05 0.0823019 0.70625 0.0267104 0.184638
0.067194 0.353751 0.430873 0.0610019 0.0871795
0.100019 0.148953 0.457566 0.156432 0.13703
0.0997944 0.404113 0.317702 0.0174083 0.160982
0.151135 0.49661 0.260781 9.9991E-05 0.0913735
0.171457 0.218085 0.548772 0.000954405 0.0607329
0.121869 0.20492 0.458535 0.138552 0.0761244
0.157127 0.214845 0.391614 0.0978379 0.138577
0.170771 0.55216 0.0460437 0.165181 0.0658437
0.0673174 0.109829 0.579278 0.0498295 0.193746
0.15659 0.370748 0.472462 9.9982E-05 9.9982E-05
0.0416661 0.321504 0.603207 9.9991E-05 0.0335231
0.116771 0.120682 0.638074 0.0163514 0.108122
0.0302839 0.167197 0.128629 0.277634 0.396257
9.9982E-05 0.253124 9.9982E-05 0.155861 0.590815
9.9982E-05 0.355966 9.9982E-05 0.149123 0.494711
0.0739061 0.177805 9.9991E-05 0.402858 0.34533
9.9982E-05 0.237824 0.664504 0.0974718 9.9982E-05
0.115455 0.207991 0.483748 0.155447 0.0373591
0.065533 9.9982E-05 0.249099 0.685168 9.9982E-05
0.144054 9.9991E-05 0.273169 0.492687 0.0899902
0.0326655 0.0627179 0.385441 0.396707 0.122469
0.0335097 0.537333 0.337624 0.0705389 0.0209942
0.125539 0.116043 0.564012 0.0337217 0.160685
0.015987 0.685767 0.209595 0.0885515 9.9991E-05
0.0715583 0.231931 0.640048 0.0563635 9.9991E-05
0.0996568 0.33788 0.483352 0.0706232 0.00848824
9.9991E-05 0.208088 0.66738 0.0147718 0.10966
0.0728921 0.618014 0.254127 9.9991E-05 0.0548671
0.07037 0.15751 0.561565 0.184786 0.0257684
0.0420577 0.139084 0.63568 0.0791606 0.104018
9.9973E-05 0.0299514 9.9973E-05 0.969749 9.9973E-05
9.9973E-05 9.9973E-05 0.109915 0.889785 9.9973E-05
9.9982E-05 0.0504578 0.325606 0.623737 9.9982E-05
9.9973E-05 9.9973E-05 0.235282 0.764418 9.9973E-05
0.0360363 9.9982E-05 0.143251 0.820512 9.9982E-05
9.997E-05 9.997E-05 9.997E-05 0.9996 9.997E-05
0.0261642 9.9973E-05 9.9973E-05 0.973536 9.9973E-05
9.9973E-05 9.9973E-05 0.100527 0.899173 9.9973E-05
0.0502202 9.9973E-05 9.9973E-05 0.94948 9.9973E-05
9.997E-05 9.997E-05 9.997E-05 0.9996 9.997E-05
9.997E-05 9.997E-05 9.997E-05 0.9996 9.997E-05
0.02208 0.00886796 0.160854 0.742038 0.0661603
0.0682484 9.9991E-05 0.0730553 0.843717 0.0148794
9.997E-05 9.997E-05 9.997E-05 0.9996 9.997E-05
0.0882277 0.118607 0.309914 0.403681 0.0795705
0.0560302 9.9991E-05 0.208038 0.646994 0.0888379
0.0690568 9.9991E-05 0.143538 0.731196 0.056109
0.002819 9.9991E-05 0.0865809 0.854378 0.0561222
9.997E-05 9.997E-05 9.997E-05 0.9996 9.997E-05
0.0242689 9.9991E-05 0.0461129 0.894792 0.0347258
9.997E-05 9.997E-05 9.997E-05 0.9996 9.997E-05
0.0545996 9.9991E-05 0.238863 0.657233 0.0492043
0.0306653 0.0508209 0.0108606 0.907553 9.9991E-05
9.9982E-05 0.534558 9.9982E-05 0.0459713 0.419271
0.109441 0.197206 0.377938 0.162096 0.153318
0.0555688 0.176543 0.411117 0.0926437 0.264128
9.9991E-05 0.409809 0.158306 0.150597 0.281188
0.0936186 0.136599 0.43091 0.154288 0.184584
9.9991E-05 0.328179 0.245332 0.10917 0.317219
0.0524778 0.141176 0.359615 0.173685 0.273046
9.9991E-05 0.286176 0.342188 0.192151 0.179385
9.9991E-05 0.215008 0.449945 0.201143 0.133804
9.9991E-05 0.27193 0.211644 0.327647 0.188679
0.0476692 0.0480866 0.555284 0.10777 0.24119
0.0301515 0.0359429 0.0706435 9.9991E-05 0.863162
9.9973E-05 9.9973E-05 9.9973E-05 0.0958098 0.90389
0.0370481 9.9973E-05 9.9973E-05 9.9973E-05 0.962652
0.00424158 9.9982E-05 0.0115591 9.9982E-05 0.983999
0.0680672 9.9991E-05 0.0062479 0.0131782 0.912407
9.9982E-05 0.0387084 9.9982E-05 0.0509114 0.91018
0.0217485 9.9991E-05 0.026128 0.0471469 0.904877
0.0140525 0.0458943 9.9991E-05 0.00872108 0.931232
9.9982E-05 9.9982E-05 0.0680823 0.012659 0.919059
0.0320048 0.000782799 0.00729137 0.0739604 0.885961
0.271097 0.132489 9.9982E-05 9.9982E-05 0.596214
0.397328 9.9982E-05 9.9982E-05 0.00387304 0.598599
0.3347 0.148707 9.9982E-05 9.9982E-05 0.516393
0.382406 0.116829 9.9982E-05 9.9982E-05 0.500565
0.179542 0.130789 0.6637 9.9991E-05 0.0258684
0.207317 0.157291 0.577248 0.0410267 0.0171167
0.202493 0.055798 0.619946 0.0702327 0.0515303
0.304722 0.118414 0.52149 9.9991E-05 0.0552732
0.688866 0.051697 0.228625 0.0307121 9.9991E-05
0.0568859 0.116917 0.60361 0.149539 0.0730481
0.177887 0.117511 0.681312 0.0231895 9.9991E-05
0.073436 0.255497 0.643972 0.00765712 0.0194382
9.9982E-05 0.415242 0.532602 0.0519559 9.9982E-05
0.100777 0.121143 0.630776 0.112684 0.03462
0.25596 0.164372 0.575039 9.9991E-05 0.00452917
0.178642 0.751845 0.069313 9.9982E-05 9.9982E-05
0.147805 0.16054 0.561795 0.0581503 0.0717101
0.152612 0.485904 0.339249 0.00295265 0.0192818
0.0867285 0.17465 0.738421 9.9982E-05 9.9982E-05
0.332657 0.382077 0.285066 9.9982E-05 9.9982E-05
0.75113 0.0872679 9.9991E-05 0.0131617 0.148341
0.709662 0.0878469 0.0814033 0.0146819 0.106406
0.859641 0.0807315 0.0147858 9.9991E-05 0.0447421
0.808073 0.0792427 9.9982E-05 9.9982E-05 0.112484
0.82194 0.0845286 0.00872673 0.0655187 0.019286
0.761614 0.0592436 0.0597266 0.0431454 0.0762698
9.9982E-05 9.9982E-05 0.0989537 0.025126 0.87572
0.0904543 9.9991E-05 0.0568945 0.0376402 0.814911
9.9982E-05 9.9982E-05 0.130069 0.116762 0.752969
0.140375 9.9982E-05 9.9982E-05 0.13204 0.727386
0.0358354 9.9991E-05 0.0713291 0.12021 0.772525
0.545249 0.0705456 9.9982E-05 9.9982E-05 0.384006
0.421752 0.0807434 9.9982E-05 9.9982E-05 0.497304
0.50208 0.0565337 9.9982E-05 9.9982E-05 0.441186
9.9982E-05 9.9982E-05 0.108621 0.0436516 0.847527
0.545408 0.0607301 9.9982E-05 9.9982E-05 0.393662
9.9991E-05 0.119026 0.271972 0.411366 0.197536
0.0472299 9.9991E-05 0.494246 0.32768 0.130744
9.9982E-05 9.9982E-05 0.541833 0.283697 0.17427
9.9991E-05 0.104997 0.343406 0.297042 0.254455
0.0544434 0.00578717 0.469631 0.252325 0.217813
9.9982E-05 0.18626 9.9982E-05 0.339536 0.474005
0.279342 0.175207 0.54525 9.9982E-05 9.9982E-05
0.16047 0.278333 0.464567 0.0494677 0.0471625
0.592902 0.013154 0.287084 0.0547937 0.0520665
0.150497 0.345056 0.491735 0.012612 9.9991E-05
0.172505 0.827196 9.9973E-05 9.9973E-05 9.9973E-05
0.129207 0.10272 0.534245 0.0853955 0.148432
0.269309 0.110967 0.524469 0.0458182 0.0494365
0.546227 0.0189516 0.424275 0.0104466 9.9991E-05
0.260799 0.0226582 0.53213 0.116069 0.0683438
0.285205 0.523414 0.189773 9.9991E-05 0.00150762
0.123001 0.294681 0.511209 0.0416884 0.0294211
0.227296 0.0704112 0.617563 0.0282836 0.0564464
0.107139 0.114863 0.405417 0.238819 0.133762
0.265845 0.271856 0.416095 0.0461035 9.9991E-05
0.277942 0.1502 0.501935 0.0546298 0.015293
0.100549 0.219006 0.557069 0.123276 9.9991E-05
0.131798 0.178876 0.577248 0.0207381 0.0913399
0.187266 0.0473954 0.673484 0.0858906 0.00596452
0.135125 0.0786784 0.592014 0.0598066 0.134376
0.202475 0.107462 0.451048 0.156111 0.0829037
9.9982E-05 9.9982E-05 0.130589 0.088517 0.780694
9.9982E-05 9.9982E-05 0.0977968 0.0635867 0.838416
0.0416335 0.0533549 0.112122 0.00489975 0.78799
0.0572785 0.0824412 0.00370576 0.0498315 0.806743
9.9973E-05 9.9973E-05 0.148635 9.9973E-05 0.851066
0.730312 0.028696 0.160644 0.0802478 9.9991E-05
0.0788741 0.189074 0.598034 0.0642558 0.0697618
0.0200102 0.158245 0.364786 0.22476 0.232199
0.126956 0.0735318 0.637024 0.124911 0.0375775
0.341238 0.00679351 0.581432 9.9991E-05 0.0704367
0.363922 0.217621 0.297233 0.106972 0.0142523
0.647521 0.202681 0.0361021 9.9991E-05 0.113596
0.283718 0.0682978 0.517655 0.104146 0.0261825
0.566342 0.105502 0.163793 0.107694 0.0566694
0.191447 0.271731 0.383757 0.118701 0.0343642
0.59632 0.142075 0.12305 0.0543191 0.0842353
0.203188 9.9991E-05 0.61565 0.0860255 0.0950359
0.595643 0.101292 0.215899 0.0126279 0.0745375
0.329529 0.206742 0.333002 0.121568 0.00915939
0.119561 0.27575 0.470741 0.0950495 0.0388982
0.100171 0.517574 0.307319 0.0454062 0.0295295
0.00821909 0.136017 0.667316 0.0137425 0.174706
0.00258199 0.166006 0.62274 0.0715378 0.137134
0.113515 0.437297 0.408932 9.9991E-05 0.040155
0.0849817 0.164186 0.522461 0.169144 0.0592272
9.9982E-05 0.252256 0.646218 9.9982E-05 0.101326
0.0808402 0.749004 0.169955 9.9982E-05 9.9982E-05
9.9982E-05 0.613828 0.358412 9.9982E-05 0.0275606
0.0795558 0.26692 0.608397 9.9991E-05 0.045027
0.121891 0.630215 0.244698 9.9991E-05 0.00309532
0.206821 0.266766 0.459853 0.0664599 9.9991E-05
0.600335 0.169955 0.191174 0.00569717 0.0328387
0.248532 0.391432 0.34468 0.0152562 9.9991E-05
0.461575 9.9991E-05 0.436173 0.10016 0.00199205
0.285313 9.9982E-05 0.60606 0.108427 9.9982E-05
0.578654 0.0971803 0.320539 0.00352689 9.9991E-05
0.154207 0.125153 0.465583 0.129355 0.125702
0.220944 0.109854 0.440568 0.228534 9.9991E-05
0.330887 0.0758385 0.392279 0.182252 0.0187433
0.280445 0.055297 0.539861 0.124297 9.9991E-05
0.394821 0.0235534 0.494947 0.0865787 9.9991E-05
0.609191 0.0301521 0.263342 0.0972146 9.9991E-05
0.443394 0.103333 0.344951 0.108221 9.9991E-05
0.151329 0.10721 0.679414 0.0619473 9.9991E-05
0.10206 0.105196 0.680795 0.105156 0.00679297
0.169678 0.235579 0.542943 9.9991E-05 0.0517003
0.258815 0.106843 0.449077 0.185166 9.9991E-05
0.459015 0.00825044 0.316988 0.0927308 0.123016
0.267336 9.9982E-05 0.647449 0.0850144 9.9982E-05
0.317543 0.0226973 0.460298 0.190056 0.00940668
0.238243 0.047777 0.518606 0.128227 0.0671464
0.012215 9.9991E-05 0.379594 0.213767 0.394324
0.0826056 0.0617905 0.451767 0.250994 0.152843
0.0250646 0.117345 0.446801 0.222044 0.188745
0.028851 0.110079 0.61632 0.13492 0.10983
9.9991E-05 0.077736 0.470049 0.187558 0.264556
0.148313 0.205232 0.646255 9.9982E-05 9.9982E-05
0.0320631 0.0530567 0.493212 0.18818 0.233488
0.0266383 0.501386 0.0400144 0.168389 0.263572
0.0799214 0.0514596 0.578545 0.161533 0.128541
0.0765338 0.0114001 0.626513 0.228876 0.0566773
0.103171 0.0646717 0.462508 0.29433 0.0753198
0.144584 0.116477 0.389039 0.113301 0.2366
0.0435206 0.064511 0.517805 0.178116 0.196048
9.9982E-05 9.9982E-05 0.565122 0.22217 0.212508
9.9982E-05 0.295517 9.9982E-05 0.213001 0.491283
0.0696007 9.9991E-05 0.589283 0.214385 0.126631
0.0476757 0.0236202 0.426185 0.375254 0.127265
0.0593694 0.0506965 0.584999 0.166153 0.138782
9.9991E-05 0.030986 0.588745 0.23794 0.142229
9.9991E-05 0.100798 0.543068 0.171189 0.184845
0.0824488 0.286413 0.504585 0.10464 0.0219128
0.0578106 0.167073 0.535662 0.126733 0.112722
0.105029 0.764983 0.120079 0.00980921 9.9991E-05
9.9973E-05 0.920498 0.0792023 9.9973E-05 9.9973E-05
9.9991E-05 0.250159 0.569954 0.0593803 0.120407
0.0846433 0.156897 0.299686 0.336573 0.122201
9.9991E-05 0.249424 0.230387 0.42609 0.0939988
0.0634462 0.302517 0.0716262 0.321608 0.240803
0.00666771 0.160898 0.307506 0.354341 0.170588
9.9991E-05 0.657746 0.109104 0.136711 0.0963395
9.9991E-05 0.543407 0.215772 0.132179 0.108542
9.9991E-05 0.197904 0.571953 0.185989 0.0440545
9.9991E-05 0.331569 0.464878 0.132549 0.0709042
9.9991E-05 0.503686 0.256837 0.131784 0.107592
9.9991E-05 0.283359 0.524486 0.145051 0.0470031
9.9991E-05 0.178144 0.594634 0.194877 0.0322452
0.11748 0.168954 0.4063 0.204971 0.102295
0.0632117 0.453832 0.44138 9.9991E-05 0.0414761
0.101421 0.437299 0.357873 0.103307 9.9991E-05
0.0253965 0.291531 0.529804 0.117411 0.0358574
0.106824 0.332378 0.379702 0.105014 0.0760814
0.0612003 0.286826 0.433309 0.215591 0.00307269
9.9991E-05 0.438491 0.478698 0.0550106 0.0277
0.0973103 0.616495 0.279543 0.00655137 9.9991E-05
0.00930922 0.264274 0.603468 0.0754803 0.0474683
0.0298379 0.655643 0.265677 0.0487429 9.9991E-05
0.0162363 0.435798 0.43308 0.0850976 0.0297882
0.0541614 0.235001 0.576792 0.105974 0.0280724
0.0839631 0.220936 0.578132 0.000263824 0.116705
0.0443743 0.0955829 0.523368 0.253928 0.0827467
0.0594521 0.163592 0.470563 0.144604 0.161789
0.0817126 0.173129 0.300997 0.323555 0.120607
0.162261 0.0813263 0.290447 0.289914 0.176052
0.0935469 9.9991E-05 0.427439 0.293013 0.185901
0.0129345 0.198553 0.433768 0.217462 0.137281
9.9982E-05 0.632936 9.9982E-05 0.174092 0.192773
0.00122866 0.079411 0.551841 0.247103 0.120417
9.9982E-05 0.432939 9.9982E-05 0.150749 0.416112
9.9991E-05 0.195853 0.50717 0.262647 0.0342305
9.9973E-05 0.777661 0.222039 9.9973E-05 9.9973E-05
0.0569307 0.911 0.0239105 9.9991E-05 0.00805903
0.0546864 0.356205 0.548608 0.0404007 9.9991E-05
9.9991E-05 0.159333 0.75834 0.0403608 0.0418664
0.0433042 0.468288 0.488208 9.9982E-05 9.9982E-05
9.9991E-05 0.35363 0.584692 0.0505894 0.0109883
0.017706 0.281824 0.592494 0.107876 9.9991E-05
9.9991E-05 0.000577524 0.113583 0.0288208 0.856919
0.133614 0.0101241 9.9991E-05 0.151625 0.704537
0.0544244 9.9982E-05 9.9982E-05 0.0585626 0.886813
9.9973E-05 9.9973E-05 0.0301285 9.9973E-05 0.969572
0.105553 0.118135 0.706713 9.9991E-05 0.0694983
0.125912 0.170544 0.558018 0.0823609 0.0631651
0.148014 0.158341 0.687214 9.9991E-05 0.00633122
0.0193836 0.179958 0.727025 0.0221462 0.0514878
0.139573 0.23431 0.45144 0.152476 0.0222014
0.218991 0.385538 0.395271 9.9982E-05 9.9982E-05
0.107975 0.0997156 0.78684 0.00536859 9.9991E-05
9.9973E-05 0.517109 0.482591 9.9973E-05 9.9973E-05
0.019202 9.9991E-05 0.483871 0.185079 0.311748
0.0805181 0.341078 0.509945 0.0683592 9.9991E-05
0.221852 0.22626 0.551689 9.9982E-05 9.9982E-05
0.137874 0.183723 0.678203 9.9982E-05 9.9982E-05
0.195839 0.220781 0.58318 9.9982E-05 9.9982E-05
9.9991E-05 0.223619 0.721322 0.0303978 0.0245609
0.0413132 0.128043 0.659249 0.107607 0.0637879
9.9973E-05 0.715557 0.284143 9.9973E-05 9.9973E-05
0.0825143 0.486506 0.403205 0.00222247 0.0255518
0.0324411 0.414508 0.522337 9.9991E-05 0.0306138
9.9973E-05 0.899952 0.0997484 9.9973E-05 9.9973E-05
0.107954 0.276927 0.588535 9.9991E-05 0.0264841
0.0552891 0.621168 0.323342 9.9982E-05 9.9982E-05
0.0194157 0.8607 0.119684 9.9982E-05 9.9982E-05
9.9991E-05 0.23456 0.715533 0.0424774 0.0073298
0.189584 0.330579 0.479637 9.9982E-05 9.9982E-05
0.258984 0.096337 0.60251 0.0420694 9.9991E-05
9.9991E-05 0.194656 0.700607 0.0435283 0.0611086
0.152916 0.148243 0.698641 9.9982E-05 9.9982E-05
0.274381 0.248399 0.358975 0.118146 9.9991E-05
0.0922904 0.212853 0.67026 0.0244968 9.9991E-05
0.191168 0.170358 0.638275 9.9982E-05 9.9982E-05
0.0489633 0.404913 0.545924 9.9982E-05 9.9982E-05
0.0338205 0.250606 0.545116 0.0994156 0.071041
0.269331 0.0257836 0.0259643 9.9991E-05 0.678821
0.101875 0.0607414 0.0507389 9.9991E-05 0.786545
0.150299 0.0229277 9.9982E-05 9.9982E-05 0.826573
0.149569 9.9973E-05 9.9973E-05 9.9973E-05 0.850131
0.248603 9.9982E-05 0.02237 9.9982E-05 0.728827
0.311969 0.329135 0.358696 9.9982E-05 9.9982E-05
0.165437 0.421936 0.351025 9.9991E-05 0.0615015
9.9973E-05 0.620657 0.379043 9.9973E-05 9.9973E-05
9.9991E-05 0.122718 0.670236 0.039506 0.167441
9.9991E-05 0.10177 0.766973 0.00811893 0.123038
0.00151236 0.487292 0.510995 9.9982E-05 9.9982E-05
0.036228 0.177062 0.676 0.11061 9.9991E-05
9.9982E-05 0.334258 0.56933 9.9982E-05 0.0962123
0.104421 0.198742 0.632972 0.0417968 0.0220681
0.050961 0.106233 0.682096 0.16061 9.9991E-05
0.261497 0.306257 0.432046 9.9982E-05 9.9982E-05
0.160099 0.276979 0.562722 9.9982E-05 9.9982E-05
0.334464 0.162705 0.50263 9.9982E-05 9.9982E-05
0.0416917 0.102539 0.637719 0.0284853 0.189565
0.116774 0.218318 0.655008 9.9991E-05 0.00979972
0.139872 0.165704 0.650262 0.018628 0.0255351
0.0749528 0.000678609 0.31214 0.53817 0.0740589
0.0448273 9.9991E-05 0.28783 0.538396 0.128847
0.10112 9.9991E-05 0.315173 0.507693 0.0759148
9.9991E-05 0.073249 0.240662 0.553708 0.132282
0.00999877 0.0712993 0.36817 0.427779 0.122753
9.9982E-05 0.340944 0.547661 0.111196 9.9982E-05
9.9991E-05 0.0125205 0.0826207 0.651621 0.253137
9.9982E-05 9.9982E-05 0.324064 0.470283 0.205453
0.0337354 0.120808 0.448417 0.224056 0.172984
0.0322272 0.0583256 0.661013 9.9991E-05 0.248334
0.121968 0.176578 0.498756 0.0150392 0.187659
0.0253592 0.0999559 0.643008 0.0515332 0.180144
0.0884159 0.15205 0.612025 0.0443692 0.10314
9.9982E-05 9.9982E-05 0.309694 0.499822 0.190284
0.0710884 9.9991E-05 0.419028 0.425192 0.0845912
9.9982E-05 9.9982E-05 0.396349 0.587166 0.0162857
0.0952941 0.0222684 0.420165 0.363117 0.0991545
9.9991E-05 0.0693844 0.263458 0.625153 0.0419049
9.9991E-05 0.0685409 0.395184 0.383885 0.15229
0.0199452 0.0458468 0.149415 0.642509 0.142284
0.202928 0.000391689 0.30222 0.49436 9.9991E-05
9.9991E-05 0.256302 0.558517 0.0999514 0.0851302
0.0248998 0.0663088 0.31884 0.409276 0.180676
9.9982E-05 9.9982E-05 0.189192 0.63496 0.175649
0.0922597 0.0235461 0.379902 0.458507 0.0457857
0.249279 0.299915 0.27311 9.9991E-05 0.177595
0.0381895 0.190518 0.52845 0.189761 0.0530822
0.083708 0.0663522 0.3219 0.33773 0.19031
0.115323 0.055701 0.636872 0.0352376 0.156867
0.0377909 0.152449 0.569501 9.9991E-05 0.240159
0.0110201 0.152898 0.330411 0.292598 0.213074
9.9991E-05 0.147649 0.245148 0.374655 0.232449
0.108741 0.0453191 0.521576 0.246164 0.0781995
0.0011889 0.0410512 0.361672 0.458952 0.137136
9.9991E-05 0.0190905 0.343581 0.539827 0.0974014
0.0193263 0.0139973 0.139768 0.647757 0.179152
0.0158926 0.168532 0.546672 0.190056 0.0788479
0.110643 0.164763 0.595848 9.9991E-05 0.128646
9.9991E-05 0.5889 0.135311 0.0912882 0.184401
0.120961 0.0454715 0.618753 0.0196317 0.195183
0.176438 0.183774 0.387373 0.0938606 0.158555
0.0639788 0.114943 0.460566 0.145383 0.215129
0.213331 0.129129 0.447098 0.18549 0.024951
9.9982E-05 0.439713 9.9982E-05 0.213747 0.34634
9.9982E-05 0.504976 9.9982E-05 0.141653 0.353172
0.101393 0.314209 0.255921 0.178501 0.149976
9.9982E-05 0.366293 9.9982E-05 0.262206 0.371301
9.9982E-05 0.312853 9.9982E-05 0.220098 0.466849
0.038059 0.279271 0.33342 0.213155 0.136096
0.0600726 0.157764 0.373034 0.186582 0.222547
0.0765894 0.219411 0.139026 0.249786 0.315188
9.9982E-05 0.416033 9.9982E-05 0.243069 0.340698
0.0854043 0.16637 0.377656 0.25944 0.11113
9.9991E-05 0.430864 0.140527 0.185837 0.242672
9.9982E-05 0.392917 9.9982E-05 0.0720475 0.534835
0.219296 0.0364069 0.382193 0.257796 0.104307
0.0459027 0.179427 0.232547 0.370322 0.171801
0.00760403 0.0121897 0.396053 0.27277 0.311383
9.9982E-05 9.9982E-05 0.516459 0.313753 0.169588
9.9982E-05 9.9982E-05 0.576796 0.260883 0.162121
0.00743064 0.0491095 0.493912 0.28137 0.168178
0.0510324 9.9991E-05 0.303821 0.248924 0.396123
0.0452272 0.0535205 0.43983 0.256441 0.204981
0.0179752 9.9991E-05 0.395383 0.308455 0.278087
9.9991E-05 0.142507 0.34085 0.261834 0.254709
0.209067 0.112655 0.389908 0.117445 0.170925
0.127737 9.9991E-05 0.568548 0.15632 0.147295
9.9982E-05 9.9982E-05 0.698269 0.0878067 0.213724
0.0339064 0.0653047 0.713752 0.0223958 0.164641
0.0882547 9.9991E-05 0.380056 0.272058 0.259531
9.9982E-05 9.9982E-05 0.611741 0.154139 0.233921
9.9991E-05 0.257336 0.132497 0.266675 0.343392
0.0795104 9.9991E-05 0.393987 0.318211 0.208191
9.9991E-05 0.211493 0.174637 0.350284 0.263486
0.101781 0.0906469 9.9982E-05 9.9982E-05 0.807372
0.806971 0.0444476 0.0656745 0.0566042 0.0263027
0.9996 9.997E-05 9.997E-05 9.997E-05 9.997E-05
0.980822 9.9982E-05 0.00204045 9.9982E-05 0.0169374
0.965931 9.9982E-05 0.0180317 0.0158378 9.9982E-05
0.966974 9.9973E-05 9.9973E-05 0.0327257 9.9973E-05
0.882836 9.9973E-05 0.116864 9.9973E-05 9.9973E-05
0.980028 9.9973E-05 9.9973E-05 9.9973E-05 0.0196718
0.783281 9.9973E-05 9.9973E-05 9.9973E-05 0.21642
0.0257794 9.9991E-05 0.0235808 0.0109259 0.939614
0.12453 9.9991E-05 0.0525646 0.0164894 0.806316
0.0471138 9.9991E-05 0.00923313 0.0617471 0.881806
0.163098 9.9982E-05 0.0161308 9.9982E-05 0.820571
0.0546169 9.9982E-05 9.9982E-05 0.0632016 0.881982
0.086922 0.0119954 9.9991E-05 0.00242457 0.898558
0.0873428 9.9982E-05 9.9982E-05 0.173286 0.739171
0.0179616 9.9991E-05 0.0709071 0.0177484 0.893283
0.137853 0.049476 0.0373857 0.034967 0.740318
0.0108286 0.00964622 9.9991E-05 0.0584271 0.920998
0.0246624 9.9973E-05 9.9973E-05 9.9973E-05 0.975038
0.034418 0.0382601 0.025096 0.0835578 0.818668
0.00461532 9.9991E-05 0.0138987 0.0125665 0.968819
9.9982E-05 0.0531496 9.9982E-05 0.0553408 0.89131
0.0123999 9.9991E-05 0.0769051 0.08027 0.830325
9.9982E-05 9.9982E-05 0.124347 0.0313594 0.844093
9.9982E-05 9.9982E-05 0.0472228 0.198768 0.753809
9.9982E-05 9.9982E-05 0.0703598 0.149075 0.780365
9.9982E-05 9.9982E-05 0.111928 0.043502 0.84437
0.132907 0.195949 0.509992 0.00191536 0.159237
0.0230988 0.00595147 0.811822 9.9991E-05 0.159028
9.9991E-05 0.136909 0.601047 0.124267 0.137676
9.9991E-05 0.717385 0.140968 0.068301 0.073246
0.163668 0.0751594 0.587324 0.0280629 0.145786
9.9991E-05 0.648008 0.101691 0.0156828 0.234518
9.9991E-05 0.155627 0.63108 0.108927 0.104267
0.10576 0.263478 0.542531 9.9991E-05 0.0881315
0.0924371 0.186498 0.564023 0.0178012 0.139241
0.077746 0.223139 0.645249 9.9991E-05 0.0537663
0.173625 0.137019 0.582464 9.9991E-05 0.106792
9.9982E-05 0.157412 0.751296 9.9982E-05 0.0910918
0.0594796 0.119167 0.657207 9.9991E-05 0.164046
0.502924 0.388649 0.0482788 0.0600479 9.9991E-05
0.00212795 0.883677 9.9982E-05 9.9982E-05 0.113996
0.0391429 0.668014 0.134788 0.0522005 0.105855
0.0834324 0.0125457 0.620138 0.138525 0.145359
0.0202726 0.199114 0.622662 9.9991E-05 0.157852
9.9991E-05 0.202574 0.569538 0.0164068 0.211381
9.9991E-05 0.198996 0.609975 0.0779433 0.112985
9.9991E-05 0.0782295 0.45522 0.214626 0.251824
0.00585745 9.9991E-05 0.589126 0.190817 0.214099
0.183556 0.114574 0.103828 0.205225 0.392817
0.132714 0.123297 0.548112 0.0675104 0.128367
0.0561653 0.0415751 0.493528 0.125427 0.283304
9.9982E-05 0.376728 9.9982E-05 0.150253 0.47282
9.9991E-05 0.112337 0.346358 0.211982 0.329223
0.0777652 0.0189717 0.33038 0.19305 0.379834
0.0570695 0.013248 0.448374 0.136332 0.344976
0.152464 9.9991E-05 0.480107 0.275976 0.0913529
9.9991E-05 0.0262659 0.587587 0.141152 0.244895
0.143652 0.0153352 0.498684 0.249852 0.0924761
9.9991E-05 0.197069 0.396128 0.238238 0.168465
0.0262613 0.00248481 0.375452 0.16587 0.429932
