0.0648631 0.871346 0.00630476 9.9991E-05 0.0573865
9.9973E-05 0.976448 9.9973E-05 0.023252 9.9973E-05
9.9982E-05 0.872102 0.00582664 9.9982E-05 0.121872
0.0569153 0.831659 0.0286827 9.9991E-05 0.082643
9.9982E-05 0.903531 0.041475 9.9982E-05 0.0547936
0.105154 0.639434 0.0756233 0.109854 0.0699341
0.0201716 0.852713 0.000289596 0.098524 0.0283019
0.166248 0.727885 0.026854 0.0756203 0.00339272
0.0930702 0.847271 9.9982E-05 0.0594588 9.9982E-05
0.0719414 0.696956 0.104165 0.0442606 0.0826777
0.135974 0.758067 9.9991E-05 0.0771815 0.0286776
0.477355 9.9991E-05 0.0573878 0.128564 0.336594
0.276278 0.00917287 0.135932 0.0799591 0.498658
0.464629 0.0292566 0.0446884 0.136253 0.325174
0.433605 0.013447 0.17073 0.0551469 0.327071
0.264504 0.135485 0.0951714 0.0720865 0.432754
0.209589 9.9982E-05 0.128269 9.9982E-05 0.661942
0.22446 9.9991E-05 0.144176 0.134251 0.497013
0.330384 0.174823 0.0344071 0.0551281 0.405258
0.699676 0.0371773 0.097417 0.160485 0.0052447
0.297396 9.9991E-05 0.113215 0.142431 0.446859
0.140452 0.0539846 0.0779908 0.270577 0.456995
0.157648 0.0630131 0.0755121 0.143426 0.560401
0.404125 9.9991E-05 0.104447 0.154443 0.336885
0.188226 0.0765981 0.162906 0.0147312 0.557539
0.261977 0.0497308 0.0822376 0.0292212 0.576834
0.544653 9.9991E-05 0.108286 0.150208 0.196753
0.465542 9.9991E-05 0.204008 0.0855279 0.244822
0.450746 0.0119554 9.9991E-05 0.187983 0.349216
9.9982E-05 0.842782 0.0919346 9.9982E-05 0.0650832
9.9982E-05 0.837521 0.0314999 9.9982E-05 0.13078
9.9991E-05 0.796239 0.034917 0.0198395 0.148905
9.9982E-05 0.800253 0.0537349 9.9982E-05 0.145812
0.0911527 0.00975935 0.0212288 0.262066 0.615793
0.106714 0.0899154 0.0159778 0.214524 0.572869
9.9991E-05 0.0100051 0.00297197 0.281098 0.705825
0.662283 0.0688673 0.0464305 0.0802379 0.142181
0.0105757 0.0120311 9.9991E-05 0.456826 0.520468
0.210118 0.0471448 0.038903 0.17824 0.525595
0.0655108 0.00369926 0.096674 0.0964269 0.737689
0.107744 0.0835941 9.9991E-05 0.120322 0.68824
0.130312 0.139665 0.0363396 0.0378774 0.655806
0.130828 0.0180661 9.9991E-05 0.546861 0.304145
0.0981959 0.0494106 0.0985235 0.1466 0.60727
0.0589362 0.0766813 0.098942 0.167929 0.597511
0.025991 0.183717 0.0785447 0.155828 0.555919
9.9973E-05 9.9973E-05 9.9973E-05 0.495263 0.504437
0.00520063 0.106806 0.0440636 0.143752 0.700178
0.0330955 0.083186 0.0493804 0.21719 0.617148
0.0277746 0.0540715 9.9982E-05 0.917954 9.9982E-05
0.493485 9.9982E-05 9.9982E-05 0.242685 0.263631
0.22982 0.0292462 0.0651201 0.599375 0.0764381
0.179465 0.0548441 0.118671 0.0637182 0.583301
0.108249 0.0794515 0.146151 0.0605317 0.605617
0.0717733 0.0838016 0.0647756 0.168257 0.611393
0.449705 0.0857438 9.9991E-05 0.23807 0.226382
0.255347 9.9982E-05 9.9982E-05 0.117006 0.627447
0.213873 0.018438 0.22589 0.0735072 0.468292
0.185436 0.121875 0.0265567 0.29241 0.373722
0.429648 0.186866 0.0686154 0.242365 0.0725053
0.113334 0.0612547 0.0668034 0.0876919 0.670916
0.320173 0.047659 0.0989042 0.175945 0.357319
0.546962 0.0408875 9.9991E-05 0.34173 0.0703205
0.263128 0.00801875 0.0700278 0.113716 0.54511
0.015514 0.0449152 0.130901 0.212224 0.596446
0.265508 0.0468318 0.145552 9.9991E-05 0.542009
0.34994 0.027893 0.0744198 0.224643 0.323104
0.233843 0.0396097 0.0742267 0.143346 0.508974
0.158642 0.13517 0.0383542 0.0584401 0.609394
0.447957 0.00390959 9.9991E-05 0.320419 0.227614
0.152049 9.9982E-05 9.9982E-05 0.154782 0.692969
0.195869 9.9982E-05 9.9982E-05 0.402966 0.400966
0.131861 0.0591707 0.047804 0.147692 0.613472
0.0253448 9.9982E-05 9.9982E-05 0.831881 0.142574
0.0435782 9.9982E-05 9.9982E-05 0.805998 0.150224
0.0612691 9.9982E-05 9.9982E-05 0.487742 0.450789
0.0523001 0.0188678 9.9991E-05 0.314182 0.61455
0.134058 0.0997296 0.0406896 0.100458 0.625064
0.0540247 9.9991E-05 0.0653861 0.327301 0.553188
0.257188 0.0272856 9.9991E-05 0.393112 0.322315
0.299083 9.9982E-05 9.9982E-05 0.315732 0.384985
0.0431101 0.0896793 0.0685399 0.170265 0.628406
0.0975941 0.0139815 9.9991E-05 0.41192 0.476405
0.0230183 0.0526637 0.00357031 0.410734 0.510014
9.9973E-05 9.9973E-05 9.9973E-05 0.492399 0.507301
0.0337725 9.9991E-05 0.0149865 0.819705 0.131436
0.0573159 9.9991E-05 0.0191054 0.165807 0.757672
0.0918992 0.784888 0.0771775 9.9991E-05 0.0459353
9.9973E-05 0.92642 9.9973E-05 9.9973E-05 0.0732799
0.000884644 0.869276 0.0446669 9.9991E-05 0.0850723
9.9973E-05 0.930361 9.9973E-05 9.9973E-05 0.0693393
9.9982E-05 0.891265 0.0145832 9.9982E-05 0.0939514
9.9982E-05 0.902896 0.0313593 9.9982E-05 0.065545
9.9982E-05 0.927003 0.0192327 9.9982E-05 0.0535642
0.0089736 0.0746965 0.0808273 0.201234 0.634268
0.080227 0.152633 0.105508 0.128999 0.532633
0.117446 9.9982E-05 9.9982E-05 0.670619 0.211736
0.157466 0.0480371 0.106483 0.131242 0.556773
0.113541 0.0266353 9.9991E-05 0.277995 0.581729
9.9982E-05 0.115887 9.9982E-05 0.165962 0.717951
0.0967439 0.0378209 0.023182 0.217323 0.62493
9.9991E-05 0.0250975 0.0377332 0.337046 0.600023
0.265133 0.0011262 9.9991E-05 0.620027 0.113614
0.115851 0.149983 0.0224901 0.115359 0.596317
0.046486 0.0312755 0.0352569 0.108078 0.778903
0.093029 0.0290426 0.138066 0.188062 0.551799
0.0298728 0.0050518 9.9991E-05 0.526493 0.438482
0.0258518 0.00202291 9.9991E-05 0.316752 0.655274
0.165041 0.00812604 9.9991E-05 0.249859 0.576874
9.9982E-05 9.9982E-05 0.0716924 0.45981 0.468298
0.0858702 0.0830756 9.9991E-05 0.259228 0.571726
0.11873 0.0668098 0.0980415 0.0699172 0.646502
0.34879 0.0279206 0.107144 0.344206 0.171939
0.272788 0.0957742 0.0892404 0.121009 0.421188
0.195473 0.164988 0.0476279 0.0250949 0.566817
0.095282 0.101264 0.100275 0.143049 0.56013
0.369593 0.0352276 9.9991E-05 0.0537671 0.541312
0.315751 0.0301216 9.9991E-05 0.0417449 0.612282
0.431432 0.0105391 0.0880276 0.00818386 0.461818
0.127208 0.0921439 0.0863925 0.136779 0.557476
0.236254 0.0939141 0.0574355 0.0760277 0.536369
0.144353 0.0636982 0.0259477 0.14215 0.623852
0.320616 0.0311699 9.9991E-05 0.00728922 0.640824
0.050233 0.0305498 0.105423 0.204864 0.60893
0.264319 0.0362411 0.187863 0.0358016 0.475774
0.227146 9.9991E-05 0.125133 0.0120824 0.635539
0.137684 0.0948626 0.171758 0.0157551 0.57994
0.176122 9.9991E-05 0.0972153 0.148093 0.578469
0.280521 0.118284 0.0355256 0.171182 0.394488
0.151716 9.9991E-05 0.110692 0.0629908 0.674502
0.182168 9.9991E-05 0.10698 0.091875 0.618877
0.451545 9.9991E-05 0.0590744 0.187344 0.301937
0.255251 0.0429045 0.0385405 0.422073 0.241231
0.241359 0.0591308 0.0810288 0.0876353 0.530846
0.325851 9.9991E-05 0.0399778 0.519751 0.11432
0.46959 0.0290281 9.9991E-05 0.14024 0.361043
0.259367 9.9982E-05 9.9982E-05 0.188967 0.551466
0.436832 0.0387432 9.9991E-05 0.125721 0.398604
0.49651 9.9991E-05 0.0173698 0.124461 0.361559
0.149138 0.0684865 0.0676524 0.0800502 0.634672
0.0334564 0.179292 0.0453422 0.120771 0.621138
0.26885 0.0960513 0.0340114 0.0223114 0.578776
0.362284 9.9991E-05 0.0943244 0.362235 0.181056
0.000843014 0.176354 9.9991E-05 0.161145 0.661558
0.0613937 0.0276912 0.132169 0.30488 0.473867
0.0934249 0.213211 9.9991E-05 0.6487 0.0445648
0.00703087 0.130678 0.0474172 0.0936657 0.721208
0.0310003 0.13307 0.0460219 0.362887 0.42702
0.0622579 0.0956977 0.0814638 0.151677 0.608904
0.0742058 0.104506 0.0970541 0.490506 0.233727
0.0697972 0.149351 9.9991E-05 0.515311 0.265441
0.13469 0.0750067 0.00824444 0.328559 0.4535
0.0888347 0.0985295 0.0916756 0.164978 0.555982
0.106596 0.219349 0.0413937 0.155783 0.476878
0.0785131 0.0738054 0.227854 0.619728 9.9991E-05
0.112206 0.0365613 0.139179 0.175889 0.536165
0.130331 0.00187526 9.9991E-05 0.439439 0.428255
0.149365 9.9982E-05 9.9982E-05 0.299798 0.550637
0.106984 0.123537 0.0552975 0.0134595 0.700722
0.0143872 0.369644 0.314419 0.198128 0.103422
9.9982E-05 0.620194 0.153805 0.225802 9.9982E-05
9.9982E-05 0.522342 0.161115 0.316343 9.9982E-05
0.0234155 0.395048 0.354126 0.13402 0.0933906
0.061171 0.00795018 0.033742 0.191661 0.705476
0.0856898 0.0730406 0.0425165 0.125122 0.673631
9.9973E-05 9.9973E-05 0.652792 9.9973E-05 0.346908
0.137178 0.00361499 0.459707 9.9991E-05 0.3994
9.9991E-05 0.143648 0.353461 0.119766 0.383025
9.9991E-05 0.0393582 0.0357053 0.487452 0.437384
0.122728 0.135554 0.0706105 0.153284 0.517823
9.9991E-05 0.0261237 0.0490246 0.705491 0.219261
9.9991E-05 0.0553653 0.0426511 0.26551 0.636374
9.9991E-05 0.0642091 0.0506589 0.382906 0.502126
0.0361337 0.094019 0.0558827 0.176289 0.637675
0.0485853 0.045009 0.0075416 0.636621 0.262243
0.0177364 0.123205 0.114065 0.148923 0.59607
0.0440946 0.0823616 0.00129476 0.223426 0.648823
9.9982E-05 9.9982E-05 0.985037 0.0119847 0.00277832
9.9973E-05 9.9973E-05 0.878521 9.9973E-05 0.121179
0.0191327 0.0727952 0.572213 0.0503317 0.285527
0.00772557 0.0330016 0.656659 9.9991E-05 0.302514
9.9982E-05 0.00490824 0.805675 9.9982E-05 0.189217
9.997E-05 9.997E-05 0.9996 9.997E-05 9.997E-05
0.0141534 9.9973E-05 0.985547 9.9973E-05 9.9973E-05
0.001938 9.9982E-05 0.889964 9.9982E-05 0.107898
0.00485452 9.9982E-05 0.963574 9.9982E-05 0.0313713
9.997E-05 9.997E-05 0.9996 9.997E-05 9.997E-05
9.997E-05 9.997E-05 0.9996 9.997E-05 9.997E-05
0.0321383 9.9982E-05 0.776185 9.9982E-05 0.191477
9.9982E-05 0.0221548 0.854107 9.9982E-05 0.123538
0.00588961 9.9973E-05 0.99381 9.9973E-05 9.9973E-05
0.168122 0.0442861 0.519239 0.104806 0.163546
0.0523447 9.9991E-05 0.68442 0.0513637 0.211772
0.0482014 0.0647719 0.7488 9.9991E-05 0.138127
0.0174288 0.0506874 0.850833 9.9991E-05 0.0809507
9.9973E-05 9.9973E-05 0.994991 9.9973E-05 0.00470954
0.0113314 0.0153458 0.925493 0.0322209 0.0156086
9.997E-05 9.997E-05 0.9996 9.997E-05 9.997E-05
0.0763389 0.0218856 0.625307 9.9991E-05 0.276369
0.0135652 9.9982E-05 0.890078 9.9982E-05 0.0961573
9.9982E-05 0.386282 0.0724879 0.54103 9.9982E-05
0.090362 0.194328 0.094921 0.20534 0.415049
0.0481316 0.261163 0.106234 0.181224 0.403247
9.9991E-05 0.255992 0.174557 0.43129 0.13806
0.0273148 0.172555 0.107704 0.220784 0.471643
9.9991E-05 0.311779 0.141469 0.370495 0.176158
0.0282068 0.190238 0.0932091 0.205237 0.48311
9.9991E-05 0.19408 0.207822 0.337491 0.260508
9.9991E-05 0.183174 0.174625 0.179137 0.462965
9.9991E-05 0.229187 0.227101 0.256798 0.286815
0.0161706 0.252251 0.134333 0.126214 0.471031
0.0889955 0.84182 9.9991E-05 0.0193356 0.0497488
9.9982E-05 0.926407 0.0336977 0.0396956 9.9982E-05
0.01654 0.964563 9.9982E-05 0.0186974 9.9982E-05
0.0503359 0.935128 9.9982E-05 9.9982E-05 0.0143356
0.083365 0.897998 0.0171666 9.9991E-05 0.00137092
9.9982E-05 0.865006 0.0972849 0.0375096 9.9982E-05
9.9982E-05 0.897269 0.0261788 9.9982E-05 0.0763524
0.0135813 0.884679 0.00669031 0.0757783 0.0192709
0.000646636 0.941189 9.9982E-05 9.9982E-05 0.0579647
0.0318326 0.858442 0.109525 9.9982E-05 9.9982E-05
0.228523 0.602511 9.9982E-05 0.168766 9.9982E-05
0.375071 0.588166 9.9982E-05 0.0365628 9.9982E-05
0.287848 0.564717 9.9982E-05 0.147235 9.9982E-05
0.34245 0.48454 9.9982E-05 0.17281 9.9982E-05
0.235063 0.0582385 0.0292349 0.125228 0.552236
0.162058 0.0136835 0.05904 0.173174 0.592044
0.173849 9.9991E-05 0.048112 0.177495 0.600444
0.265317 0.0193187 9.9991E-05 0.166601 0.548664
0.693291 9.9982E-05 9.9982E-05 0.111884 0.194625
0.0516596 0.068832 0.0267015 0.189421 0.663386
0.158838 0.0209036 9.9991E-05 0.149798 0.670361
0.146219 0.0212938 9.9991E-05 0.231624 0.600763
0.0248789 9.9991E-05 0.00763063 0.456756 0.510635
0.142106 0.10236 0.00281764 0.0522839 0.700432
0.21198 0.0131812 0.00879486 0.276057 0.489987
0.150609 9.9982E-05 9.9982E-05 0.848408 0.000783071
0.126852 0.114563 9.9991E-05 0.17707 0.581416
0.000694805 0.00310672 9.9991E-05 0.643547 0.352552
0.0126241 0.0139838 9.9991E-05 0.356537 0.616755
0.258886 9.9982E-05 9.9982E-05 0.507784 0.23313
0.696185 0.110684 0.0270637 0.165968 9.9991E-05
0.750681 0.0924147 9.9991E-05 0.120427 0.0363768
0.851188 0.0202863 9.9982E-05 0.128326 9.9982E-05
0.840245 0.103915 9.9982E-05 0.0556398 9.9982E-05
0.832047 9.9982E-05 0.064665 0.103088 9.9982E-05
0.780934 0.0733055 0.0569346 0.00245664 0.0863693
9.9982E-05 0.879681 0.0110739 9.9982E-05 0.109045
0.104393 0.848219 0.0471883 9.9982E-05 9.9982E-05
0.0247056 0.732354 0.144119 9.9991E-05 0.0987217
0.0286895 0.783477 0.111732 9.9991E-05 0.0760014
0.0177744 0.786127 0.0999702 9.9991E-05 0.0960286
0.564018 0.390983 9.9982E-05 0.0447989 9.9982E-05
0.390543 0.447964 9.9982E-05 0.161293 9.9982E-05
0.497824 0.427046 9.9991E-05 0.0681639 0.00686609
0.00633169 0.820706 0.0484576 9.9991E-05 0.124405
0.543535 0.351559 9.9982E-05 0.104705 9.9982E-05
9.9991E-05 0.230539 0.379106 0.0887727 0.301482
0.00855747 0.195366 0.201605 9.9991E-05 0.594372
9.9982E-05 0.204306 0.270359 9.9982E-05 0.525135
9.9991E-05 0.312643 0.259622 0.114163 0.313472
0.152161 0.109198 0.19881 0.0589528 0.480878
9.9982E-05 0.484376 0.348477 0.166947 9.9982E-05
0.288618 9.9982E-05 9.9982E-05 0.190808 0.520375
0.264925 0.00927804 0.0166177 0.25368 0.4555
0.506245 0.0570882 0.0487254 0.0745756 0.313366
0.200155 9.9991E-05 0.0191543 0.229697 0.550893
0.141193 9.9973E-05 9.9973E-05 0.858507 9.9973E-05
0.109862 0.0731136 0.124068 0.187187 0.50577
0.180065 0.0284793 0.0391278 0.187413 0.564915
0.476034 0.0225759 9.9991E-05 0.0898615 0.411429
0.143113 0.119369 9.9991E-05 0.0917877 0.64563
0.3135 0.019267 9.9991E-05 0.47808 0.189053
0.160516 9.9991E-05 0.147289 0.265231 0.426863
0.253671 9.9991E-05 0.0693717 0.0727209 0.604137
0.0586835 0.144587 0.271755 0.194065 0.330909
0.309267 9.9991E-05 0.0223765 0.289433 0.378823
0.228684 0.0214682 0.044905 0.236535 0.468408
0.0805196 0.0130945 0.0885669 0.281794 0.536026
0.214254 0.0581299 9.9991E-05 0.0756119 0.651904
0.131402 0.0304694 0.0816477 0.118166 0.638314
0.245595 0.0769328 0.0118637 0.11011 0.555498
0.173932 0.14188 0.0830506 0.0455492 0.555588
9.9982E-05 0.801827 0.0536879 9.9982E-05 0.144285
9.9982E-05 0.854612 9.9982E-05 0.0192915 0.125896
9.9982E-05 0.811393 9.9982E-05 0.072066 0.116341
0.0341086 0.847865 0.0269546 0.0360276 0.055044
9.9982E-05 0.833185 0.0121943 9.9982E-05 0.154421
0.616161 0.00832422 0.0655512 0.0877898 0.222174
0.1089 0.0947049 0.0093023 0.15692 0.630173
0.00719317 0.215562 0.181902 0.094636 0.500708
0.17422 0.0116416 0.086711 0.069 0.658428
0.259797 0.0403539 9.9991E-05 0.0922817 0.607467
0.346958 0.0229089 0.157684 0.223237 0.249211
0.644777 0.106552 9.9991E-05 0.188493 0.0600782
0.352619 9.9991E-05 0.0413105 0.00411047 0.60186
0.523213 0.0519098 0.0407422 0.158669 0.225465
0.289937 0.0169688 0.109733 0.198284 0.385078
0.611481 0.0911611 0.0187568 0.129317 0.149284
0.226644 0.116859 0.0531621 9.9991E-05 0.603235
0.612695 0.0781604 0.0313904 0.0456315 0.232123
0.298498 0.0250329 0.0848119 0.226631 0.365027
0.23225 0.0130941 0.120882 0.192031 0.441743
0.108901 0.0218845 0.0107525 0.534242 0.324219
0.0716355 0.0315534 0.0265054 0.228481 0.641825
9.9991E-05 0.0925637 0.0685756 0.228132 0.610629
0.0923506 0.0531631 9.9991E-05 0.443563 0.410823
0.103257 0.125991 0.117542 0.193503 0.459707
0.00806843 0.0942952 9.9991E-05 0.222494 0.675042
0.0690554 9.9982E-05 9.9982E-05 0.756754 0.173991
0.0506773 0.0357242 9.9991E-05 0.624388 0.28911
0.107303 0.082296 0.037969 0.276639 0.495793
0.0867057 0.0644801 9.9991E-05 0.605584 0.24313
0.105773 0.0431468 9.9991E-05 0.330473 0.520507
0.685521 9.9991E-05 0.0724819 0.122469 0.119428
0.35159 9.9991E-05 0.0526457 0.306216 0.289449
0.437463 0.0363761 0.100777 0.0133387 0.412045
0.260236 0.0426077 0.117857 9.9991E-05 0.579199
0.516946 9.9982E-05 9.9982E-05 0.223334 0.25952
0.193428 0.142496 0.102101 0.136105 0.425869
0.239077 0.0364865 0.0159851 0.00969844 0.698753
0.217094 0.0139659 0.0995977 0.121885 0.547457
0.361037 9.9991E-05 0.114825 0.0549861 0.469051
0.402569 9.9991E-05 0.110836 0.0516369 0.434858
0.536844 9.9991E-05 0.0621224 0.04203 0.358903
0.469681 9.9991E-05 0.141779 0.0650649 0.323375
0.173664 9.9991E-05 0.0975686 0.106047 0.62262
0.168191 0.0803246 0.0283385 0.0422349 0.680912
0.190234 0.0587735 0.0183758 0.218104 0.514512
0.23094 9.9991E-05 0.116762 0.101926 0.550271
0.434143 0.0217974 0.0926418 0.0676551 0.383763
0.262643 9.9991E-05 0.047166 0.00284621 0.687244
0.239511 0.0399919 0.109493 0.116425 0.49458
0.0530059 0.158402 0.0407859 0.162122 0.585684
0.015756 0.394751 0.115804 9.9991E-05 0.473589
9.9991E-05 0.170355 0.277361 0.0796383 0.472545
0.0514368 0.16141 0.18289 0.0610853 0.543178
0.0540653 0.122664 0.0922555 0.0612157 0.669799
0.0604596 0.22494 0.268507 0.0843546 0.361738
0.160153 9.9991E-05 0.0423774 0.277932 0.519437
0.131716 0.137205 0.221876 0.106841 0.402361
0.0222598 0.260938 0.178779 0.537923 9.9991E-05
0.117336 0.073638 0.226954 0.0345579 0.547514
0.0684551 0.0988446 0.21975 0.0725149 0.540436
0.0635646 0.0803253 0.271399 0.115613 0.469098
0.197511 0.105928 0.214626 0.242749 0.239186
0.0145887 0.208678 0.158674 9.9991E-05 0.617959
9.9991E-05 0.203692 0.132866 0.0355639 0.627778
9.9982E-05 0.509602 0.198108 0.292091 9.9982E-05
0.0875464 0.0825379 0.270373 0.0775324 0.482011
0.0371592 0.122825 0.245606 0.0604929 0.533917
0.0257841 0.0921962 0.11881 0.0823324 0.680878
0.0105949 0.253768 0.132127 0.0121206 0.59139
0.0779431 0.190603 0.145481 0.0706537 0.515319
0.0687857 0.0388579 9.9991E-05 0.268819 0.623437
0.00215045 0.153375 0.0278958 0.22214 0.594438
0.101593 9.9991E-05 0.0180345 0.759032 0.121241
0.0506209 0.0196582 0.00417951 0.837628 0.0879132
0.0898196 0.00592775 0.171997 0.345416 0.38684
0.0284977 0.0785116 0.40313 0.114719 0.375142
9.9991E-05 0.1329 0.405744 0.216435 0.244821
9.9991E-05 0.231316 0.297887 0.314719 0.155977
0.029659 0.165929 0.300807 0.1069 0.396705
9.9991E-05 0.0918431 0.148266 0.64914 0.110651
9.9991E-05 0.126095 0.151165 0.519839 0.202801
0.00429047 9.9991E-05 0.180488 0.265075 0.550047
9.9991E-05 0.0850855 0.0765293 0.243658 0.594627
9.9991E-05 0.0712035 0.220607 0.564012 0.144077
0.0187492 0.0792232 0.208494 0.211625 0.481908
9.9991E-05 0.0536114 0.131049 0.290985 0.524255
0.0399051 0.102699 0.140664 0.255404 0.461329
0.103515 0.0120549 9.9991E-05 0.396671 0.487659
0.0649789 9.9991E-05 0.0501603 0.469867 0.414894
0.0187689 0.0170375 0.154687 0.383373 0.426133
0.124651 0.111112 0.0925596 0.253182 0.418495
0.1243 0.131595 0.146368 0.205448 0.392288
9.9991E-05 0.00569945 0.020539 0.391206 0.582455
0.103832 9.9982E-05 9.9982E-05 0.550818 0.34515
9.9991E-05 0.0167815 0.0850661 0.325022 0.573031
0.0602641 9.9991E-05 0.00293741 0.619894 0.316804
0.097416 0.0256542 0.00923517 0.369051 0.498643
0.0554278 0.0561004 0.098213 0.197739 0.59252
0.0574743 9.9991E-05 0.0728042 0.245275 0.624346
9.9991E-05 0.193834 0.260999 0.0977665 0.447301
0.0488782 0.147434 0.112631 0.24831 0.442748
0.0420218 0.162308 0.272282 0.152267 0.371121
0.1419 0.162329 0.273979 0.134166 0.287626
0.0699522 0.151888 0.211372 0.0746068 0.492181
0.0426508 0.139935 0.210301 0.184425 0.422689
9.9982E-05 0.214768 0.201402 0.58363 9.9982E-05
9.9991E-05 0.119993 0.254937 0.0265466 0.598424
9.9982E-05 0.382265 0.175917 0.441618 9.9982E-05
9.9991E-05 0.075644 0.241071 0.193466 0.489719
9.9973E-05 9.9973E-05 9.9973E-05 0.774568 0.225132
0.0853546 0.0078153 0.00478132 0.900953 0.0010962
0.0115472 9.9982E-05 9.9982E-05 0.405647 0.582605
9.9982E-05 0.0298402 9.9982E-05 0.248417 0.721543
0.0260777 0.00103883 9.9991E-05 0.484133 0.488651
0.000187419 0.0088961 0.0364055 0.353033 0.601478
9.9982E-05 9.9982E-05 0.0270966 0.321625 0.651078
9.9991E-05 0.784632 0.0494825 0.0381381 0.127647
0.122649 0.74151 0.0843276 0.0177641 0.0337495
0.0327255 0.91605 0.051025 9.9982E-05 9.9982E-05
9.9973E-05 0.964502 9.9973E-05 9.9973E-05 0.0351984
0.0296464 0.0731766 9.9991E-05 0.282612 0.614465
0.0410187 0.0809007 9.9991E-05 0.296785 0.581195
0.102687 0.0281368 0.000775132 0.242368 0.626033
0.0071309 0.111474 0.0113479 0.118114 0.751933
0.092423 0.0587183 0.0861893 0.164764 0.597905
0.132143 9.9991E-05 0.0135461 0.499382 0.354829
9.9991E-05 0.0197611 0.0156896 0.179662 0.784787
9.9973E-05 9.9973E-05 9.9973E-05 0.544364 0.455336
0.086687 0.26777 0.13332 9.9991E-05 0.512123
0.0938777 9.9991E-05 0.0475516 0.345481 0.51299
0.175271 9.9982E-05 9.9982E-05 0.327653 0.496876
0.0592222 9.9982E-05 9.9982E-05 0.247785 0.692793
0.124875 9.9982E-05 9.9982E-05 0.342847 0.532079
9.9973E-05 9.9973E-05 9.9973E-05 0.304016 0.695684
9.9991E-05 0.0601391 0.0240616 0.283224 0.632475
9.9973E-05 9.9973E-05 9.9973E-05 0.750449 0.249251
0.0314786 0.0126976 0.0185538 0.597434 0.339836
0.100602 9.9982E-05 9.9982E-05 0.38447 0.514728
9.9973E-05 9.9973E-05 9.9973E-05 0.953808 0.0458921
0.170347 0.0109426 0.0605311 0.242289 0.51589
0.0154316 9.9982E-05 9.9982E-05 0.758033 0.226335
0.0663758 9.9982E-05 9.9982E-05 0.847458 0.085966
9.9982E-05 0.0390075 9.9982E-05 0.200583 0.76021
0.195845 0.00864572 9.9991E-05 0.446092 0.349318
0.184577 0.0462201 0.0205587 0.186114 0.562531
0.0233636 0.125315 0.143099 0.115769 0.592454
0.161894 0.0374412 9.9991E-05 0.123008 0.677557
0.365374 9.9991E-05 0.0880931 0.189392 0.357041
0.0770963 0.043023 9.9991E-05 0.272496 0.607284
0.134909 0.0365017 0.00394909 0.25627 0.568371
9.9973E-05 9.9973E-05 9.9973E-05 0.526477 0.473223
0.0894021 0.0845459 9.9991E-05 0.215855 0.610097
0.302172 0.656043 9.9982E-05 0.041585 9.9982E-05
0.13095 0.755251 9.9991E-05 0.0363986 0.0773007
0.170694 0.829007 9.9973E-05 9.9973E-05 9.9973E-05
0.148524 0.816288 9.9982E-05 0.0349878 9.9982E-05
0.222886 0.735145 9.9982E-05 9.9982E-05 0.0417683
0.186976 0.0611159 9.9991E-05 0.449299 0.302509
0.151188 0.0325082 9.9991E-05 0.537588 0.278616
9.9973E-05 9.9973E-05 9.9973E-05 0.685135 0.314565
0.0611732 0.040358 0.200612 0.117186 0.58067
0.0115176 0.150107 0.0563567 0.112441 0.669577
0.00673364 0.022625 9.9991E-05 0.508798 0.461743
9.9991E-05 0.0525073 0.0417128 0.209824 0.695856
9.9982E-05 0.0163277 9.9982E-05 0.407533 0.575939
0.0448099 0.0352408 9.9991E-05 0.29239 0.627459
0.126402 0.057164 0.0325103 0.0984476 0.685476
0.155862 9.9991E-05 0.0141186 0.43261 0.397309
0.108702 9.9982E-05 9.9982E-05 0.337363 0.553735
0.167785 9.9982E-05 9.9982E-05 0.376296 0.455719
0.00285455 0.176517 0.0200737 0.142523 0.658032
0.120984 9.9982E-05 9.9982E-05 0.299369 0.579447
0.0582454 0.048179 9.9991E-05 0.309369 0.584107
9.9991E-05 0.0944106 0.394117 0.0158501 0.495523
9.9991E-05 0.167891 0.403872 0.0369185 0.391219
9.9982E-05 0.140449 0.428854 9.9982E-05 0.430497
9.9991E-05 0.124017 0.546374 0.0287418 0.300767
0.097552 0.148364 0.428629 9.9991E-05 0.325356
0.00460367 9.9991E-05 0.0629482 0.411254 0.521094
9.9991E-05 0.241941 0.667785 0.0717465 0.0184277
9.9991E-05 0.18228 0.46172 0.0109596 0.34494
9.9991E-05 0.210919 0.123908 0.196038 0.469035
0.0443861 0.232478 9.9991E-05 0.0971169 0.625919
0.0293256 0.152505 0.00591987 0.292148 0.520101
0.0748944 0.118593 0.057386 0.110559 0.638567
0.100196 0.0406589 0.18827 0.13709 0.533785
9.9982E-05 0.15964 0.513986 9.9982E-05 0.326174
0.194069 0.00792865 0.453688 9.9991E-05 0.344215
9.9982E-05 0.0864859 0.498574 9.9982E-05 0.41474
0.0522062 0.142837 0.357478 0.0544315 0.393048
9.9991E-05 0.0870955 0.576334 0.0346819 0.301789
0.050089 0.11253 0.365658 0.0684209 0.403303
9.9991E-05 0.139318 0.630032 0.0231071 0.207442
0.0335283 0.129451 0.376867 9.9991E-05 0.460053
0.0199291 0.0962759 0.0466527 0.229434 0.607708
0.00909796 0.150994 0.424798 0.0884898 0.326621
9.9991E-05 0.149704 0.660437 0.00602987 0.183729
9.9991E-05 0.125969 0.334564 0.120702 0.418664
0.233521 0.200319 9.9991E-05 0.316455 0.249604
0.129619 0.0428999 0.168256 0.119713 0.539512
0.225319 0.107439 0.369704 9.9991E-05 0.297438
0.0666856 0.184493 0.0214427 0.111117 0.616262
9.9982E-05 0.214209 9.9982E-05 0.210072 0.575519
0.0570609 0.173455 0.20883 0.173877 0.386778
0.0500265 0.24605 0.317222 0.125661 0.26104
0.123494 0.0558869 0.194271 0.149495 0.476853
9.9991E-05 0.0957511 0.402381 0.111371 0.390397
9.9991E-05 0.106398 0.489572 0.0265144 0.377415
9.9991E-05 0.204343 0.589579 0.0370353 0.168943
0.0722686 0.141517 0.146 0.0647909 0.575424
0.0829337 0.148566 9.9991E-05 0.276917 0.491484
9.9991E-05 0.199836 0.0735453 0.598912 0.127606
0.0253023 0.17208 0.0682419 0.07427 0.660106
0.248113 0.0793879 0.0787109 0.186006 0.407782
0.00270376 0.246838 0.126606 0.114403 0.509449
0.12559 0.172452 0.0795937 0.159987 0.462378
9.9982E-05 0.368061 0.253803 0.377936 9.9982E-05
9.9982E-05 0.404466 0.115892 0.479442 9.9982E-05
0.0603103 0.170045 0.132101 0.313719 0.323825
9.9982E-05 0.371931 0.231021 0.396848 9.9982E-05
9.9982E-05 0.480109 0.25673 0.262961 9.9982E-05
0.0525924 0.113567 0.20624 0.301155 0.326446
9.9991E-05 0.202773 0.229925 0.173724 0.393478
9.9991E-05 0.302774 0.222627 0.292439 0.18206
9.9991E-05 0.334926 0.248891 0.354454 0.0616288
0.0196482 0.199065 0.171295 0.108968 0.501024
9.9991E-05 0.274836 0.172515 0.424999 0.127549
9.9982E-05 0.531202 0.0649327 0.403665 9.9982E-05
0.107136 0.174666 0.17215 9.9991E-05 0.545948
0.0559287 0.190977 0.310513 0.108361 0.33422
9.9991E-05 0.276061 0.201817 0.045037 0.476985
9.9982E-05 0.202685 0.267379 9.9982E-05 0.529736
9.9991E-05 0.190891 0.24627 0.0548543 0.507884
0.117343 0.0902209 0.323691 0.0706308 0.398114
0.0532739 0.385304 0.210748 0.0354408 0.315233
9.9991E-05 0.259414 0.204643 0.0231183 0.512725
9.9982E-05 0.264091 0.31188 9.9982E-05 0.423829
0.010945 0.318373 0.290709 0.178049 0.201924
0.125714 0.170966 0.136196 0.228025 0.339099
0.132747 0.123605 0.149187 0.042629 0.551831
0.103336 0.190853 0.171305 0.00327991 0.531226
0.0148567 0.0964256 0.137789 0.146019 0.60491
0.0610646 0.273972 0.298504 9.9991E-05 0.366359
9.9982E-05 0.29548 0.155505 9.9982E-05 0.548815
9.9991E-05 0.400919 0.249199 0.246577 0.103206
0.0210032 0.17144 0.235861 0.00948466 0.562211
9.9991E-05 0.210624 0.396548 0.24766 0.145068
0.154315 0.780104 9.9991E-05 0.0547428 0.0107384
0.838575 0.0239454 9.9991E-05 0.0125223 0.124857
0.984622 0.0150779 9.9973E-05 9.9973E-05 9.9973E-05
0.995736 0.00396416 9.9973E-05 9.9973E-05 9.9973E-05
0.9996 9.997E-05 9.997E-05 9.997E-05 9.997E-05
0.98069 9.9973E-05 9.9973E-05 9.9973E-05 0.0190101
0.916006 9.9973E-05 9.9973E-05 9.9973E-05 0.0836936
0.964017 0.0356834 9.9973E-05 9.9973E-05 9.9973E-05
0.857554 0.142146 9.9973E-05 9.9973E-05 9.9973E-05
0.0435362 0.939846 9.9982E-05 9.9982E-05 0.0164175
0.118711 0.799642 0.0181607 9.9991E-05 0.0633865
9.9982E-05 0.885084 0.0783252 0.0363906 9.9982E-05
0.116693 0.82968 9.9991E-05 0.000743719 0.0527832
0.0851477 0.904293 9.9982E-05 9.9982E-05 0.0103595
0.0516548 0.928171 9.9991E-05 0.0175696 0.00250484
0.0754876 0.753336 0.139101 9.9991E-05 0.0319755
9.9991E-05 0.88081 0.0636854 0.0271517 0.0282529
0.109504 0.698886 0.118762 0.0480158 0.0248322
9.9973E-05 0.922998 0.0767023 9.9973E-05 9.9973E-05
0.0607135 0.938987 9.9973E-05 9.9973E-05 9.9973E-05
0.0895049 0.817311 0.0483664 9.9991E-05 0.0447174
0.0431665 0.956534 9.9973E-05 9.9973E-05 9.9973E-05
0.0181907 0.898007 0.0412669 9.9991E-05 0.0424357
0.00913148 0.881689 0.0334492 9.9991E-05 0.0756308
9.9982E-05 0.870322 0.0391696 9.9982E-05 0.0903086
9.9982E-05 0.79827 0.101892 9.9982E-05 0.0996386
9.9982E-05 0.763799 0.0615852 9.9982E-05 0.174415
9.9982E-05 0.807153 0.0271302 9.9982E-05 0.165517
0.0528831 0.215235 0.0188185 0.286164 0.426899
0.0164015 0.102673 9.9991E-05 0.132701 0.748124
0.10682 0.0868002 0.11285 0.0913746 0.602155
9.9991E-05 0.126267 0.0243035 0.694736 0.154593
0.0569287 0.175198 9.9991E-05 0.231199 0.536574
0.0459182 0.1749 0.0447565 0.606217 0.128209
9.9982E-05 0.124618 9.9982E-05 0.190326 0.684856
0.148277 0.104223 9.9991E-05 0.254046 0.493354
0.0911239 0.0982908 9.9991E-05 0.204005 0.606481
9.9982E-05 0.0696192 9.9982E-05 0.32967 0.600511
0.141754 0.133982 9.9991E-05 0.194931 0.529233
9.9982E-05 0.142415 9.9982E-05 0.199159 0.658227
0.194926 0.153808 9.9991E-05 0.0287739 0.622393
0.539173 9.9991E-05 0.0807245 0.34531 0.0346924
0.106773 0.0961988 9.9982E-05 0.796828 9.9982E-05
0.095212 0.121545 0.0483661 0.58113 0.153747
0.0901105 0.156691 0.084293 9.9991E-05 0.668806
9.9982E-05 0.184534 9.9982E-05 0.203948 0.611317
9.9991E-05 0.13114 0.000832854 0.301512 0.566416
0.0220111 0.137244 0.0474762 0.103733 0.689536
9.9991E-05 0.27567 0.0802672 0.0276526 0.61631
0.00945867 0.194738 0.155196 0.0194614 0.621145
0.153372 0.418562 0.112841 0.148438 0.166787
0.0695144 0.179703 0.0591126 0.0265831 0.665087
0.143905 0.223675 0.133711 0.00978807 0.488921
9.9982E-05 0.472119 0.188233 0.339448 9.9982E-05
9.9991E-05 0.241752 0.271823 0.202289 0.284035
0.0486465 0.32786 0.196614 0.110582 0.316298
0.103997 0.346996 0.0845386 9.9991E-05 0.464368
0.0895156 0.142297 0.187781 0.0492502 0.531156
0.0610077 0.206992 0.142265 0.0511952 0.53854
0.0318667 0.117242 0.22833 0.0302291 0.592332
9.9991E-05 0.148985 0.188672 0.267175 0.395069
9.9991E-05 0.496306 0.114967 0.0295349 0.359092
