0.0430873 0.0481946 9.9982E-05 0.908518 9.9982E-05
9.9982E-05 0.015347 0.0245922 0.959861 9.9982E-05
0.0326334 0.0239385 9.9991E-05 0.839232 0.104097
0.080583 0.122219 9.9991E-05 0.776946 0.0201521
0.0236456 0.0251768 9.9991E-05 0.908152 0.0429255
0.125451 0.0991576 0.186968 0.588323 9.9991E-05
9.9982E-05 0.0326091 0.120352 0.846839 9.9982E-05
0.0360025 0.13824 0.0837198 0.734595 0.00744293
9.9982E-05 0.0902526 0.071573 0.837974 9.9982E-05
0.0798084 9.9991E-05 0.0918729 0.716062 0.112157
9.9991E-05 0.0858277 0.0902759 0.791498 0.0322981
0.0264944 0.441601 0.188046 9.9991E-05 0.343758
0.0636225 0.331099 9.9982E-05 9.9982E-05 0.605079
0.114231 0.490254 0.0989815 0.0243769 0.272157
0.160686 0.357232 0.0828124 0.0426214 0.356648
0.157998 0.222848 0.0563299 0.162808 0.400016
0.110365 0.17311 0.0912725 0.0306167 0.594636
0.126161 0.203066 0.253076 9.9991E-05 0.417596
0.0594473 0.34981 0.0283652 0.160166 0.402211
0.0536995 0.650543 0.20373 0.0108285 0.0811991
0.0352074 0.280791 0.178501 0.0376721 0.467828
0.0914941 0.214878 0.186445 0.0497579 0.457425
0.0598918 0.183465 0.122557 0.0622434 0.571842
0.112446 0.408964 0.127516 9.9991E-05 0.350974
9.9991E-05 0.00770896 0.0961212 0.137357 0.758713
0.124 0.30272 9.9991E-05 0.0296308 0.543549
0.10274 0.473216 0.181737 0.00883088 0.233476
0.234154 0.465768 0.0796639 9.9991E-05 0.220314
0.0643137 0.446606 0.17562 0.017938 0.295523
0.0717437 9.9982E-05 9.9982E-05 0.824992 0.103064
0.0201776 9.9982E-05 9.9982E-05 0.839096 0.140526
9.9973E-05 9.9973E-05 9.9973E-05 0.807619 0.192081
0.0967894 9.9991E-05 0.036097 0.739683 0.127331
9.9991E-05 0.0723409 0.208313 0.0378551 0.681391
0.0668459 0.0908172 0.188683 0.0400339 0.61362
0.029602 9.9982E-05 0.205838 9.9982E-05 0.76436
0.0252081 0.633116 0.092694 0.0685905 0.180391
9.9973E-05 9.9973E-05 0.487296 9.9973E-05 0.512404
9.9991E-05 0.0691329 0.237533 0.0611925 0.632042
0.0709346 9.9991E-05 0.155879 0.0767026 0.696384
0.0110365 0.0957415 0.162145 0.095992 0.635085
9.9982E-05 9.9982E-05 0.149798 0.141144 0.708858
9.9982E-05 0.20081 0.479237 9.9982E-05 0.319753
0.113675 0.0544533 0.185613 0.0307586 0.615499
0.0273712 0.0286967 0.153616 0.0808735 0.709443
0.0526402 0.0725656 0.058157 0.141474 0.675163
9.9973E-05 9.9973E-05 0.491211 9.9973E-05 0.508489
0.0170874 9.9991E-05 0.193382 0.0426431 0.746787
0.0245509 0.0128382 0.189511 0.103699 0.669401
9.9973E-05 9.9973E-05 0.898541 0.101159 9.9973E-05
9.9982E-05 0.411 0.334869 9.9982E-05 0.253932
0.0163142 0.194135 0.62136 0.0224545 0.145736
0.124651 0.171177 0.090385 0.0322862 0.581501
0.157166 0.101186 0.101898 0.124745 0.515005
0.109199 0.089164 0.12583 0.0434456 0.632361
9.9991E-05 0.350681 0.316102 0.0923908 0.240727
9.9991E-05 0.170082 0.147766 0.0331658 0.648886
0.122136 0.168323 9.9991E-05 0.066717 0.642724
0.00376743 0.14093 0.279076 0.132283 0.443943
0.0749352 0.372882 0.248745 0.223747 0.0796912
0.0962503 0.154134 0.131566 0.0152194 0.60283
0.032859 0.301216 0.111396 0.0599013 0.494628
9.9991E-05 0.560013 0.299819 0.0395122 0.100555
0.0288849 0.339463 0.104415 9.9991E-05 0.527137
0.0776796 0.182763 0.0919774 0.000951131 0.646629
0.0478811 0.0336261 0.168319 0.139389 0.610785
0.100877 0.328285 0.28672 9.9991E-05 0.284019
0.0712968 0.165046 0.220234 9.9991E-05 0.543323
0.0480804 0.280141 0.0626723 0.0846723 0.524434
9.9991E-05 0.426393 0.304587 0.0165144 0.252405
9.9982E-05 0.060362 0.213161 9.9982E-05 0.726277
9.9982E-05 0.188802 0.360262 9.9982E-05 0.450736
0.145699 0.103387 0.159348 0.0259274 0.565638
9.9982E-05 0.0548207 0.769246 9.9982E-05 0.175733
9.9982E-05 0.0564797 0.745623 9.9982E-05 0.197698
9.9982E-05 0.0191025 0.549337 9.9982E-05 0.431361
9.9991E-05 0.123776 0.247738 0.0463999 0.581986
9.9991E-05 0.161507 0.0604331 0.109447 0.668513
0.0436813 0.0833312 0.28121 9.9991E-05 0.591678
9.9991E-05 0.311651 0.320639 0.00704431 0.360566
9.9982E-05 0.324451 0.269914 9.9982E-05 0.405434
9.9991E-05 0.118478 0.121446 0.117205 0.642771
0.0177885 0.104832 0.401245 0.0236594 0.452476
9.9991E-05 0.11791 0.251177 0.00548579 0.625327
9.9973E-05 9.9973E-05 0.411238 9.9973E-05 0.588462
9.9991E-05 0.0369355 0.815016 0.0134549 0.134494
0.0103307 0.0718973 0.136973 0.041035 0.739764
0.00128198 0.0464119 9.9991E-05 0.812218 0.139989
9.9973E-05 9.9973E-05 9.9973E-05 0.897714 0.101986
0.0845999 9.9982E-05 9.9982E-05 0.868113 0.0470875
0.0559401 9.9991E-05 0.0110954 0.886431 0.0464338
0.0298692 9.9982E-05 9.9982E-05 0.862514 0.107417
0.0189888 9.9982E-05 9.9982E-05 0.906651 0.0741597
9.9973E-05 9.9973E-05 9.9973E-05 0.950906 0.0487945
0.0165401 0.0501508 0.225976 0.16562 0.541713
0.0173805 0.0954392 0.143938 0.0891227 0.65412
9.9982E-05 0.1416 0.622454 9.9982E-05 0.235746
0.125386 0.090666 0.18849 0.0561278 0.53933
0.0325983 0.227561 0.13485 9.9991E-05 0.604891
9.9991E-05 0.00219687 0.180509 0.0545323 0.762662
0.0200309 9.9991E-05 0.339092 0.0660531 0.574724
0.0371173 9.9991E-05 0.327298 0.0147006 0.620784
9.9982E-05 0.356367 0.523472 9.9982E-05 0.119961
0.0355901 0.089784 0.159867 0.169408 0.54535
0.0355236 0.0271614 0.155702 0.10722 0.674394
0.161052 0.117423 0.0565207 0.0536427 0.611361
9.9982E-05 9.9982E-05 0.474334 0.0110442 0.514422
9.9991E-05 0.0176833 0.362878 0.0190626 0.600276
9.9991E-05 0.114928 0.191139 0.0609405 0.632893
9.9973E-05 9.9973E-05 0.415326 9.9973E-05 0.584374
9.9991E-05 0.0756469 0.284053 0.0546176 0.585583
0.0396461 0.0638922 0.147227 0.0641614 0.685073
0.0817811 0.35207 0.26123 0.0441293 0.26079
0.113672 0.360084 9.9991E-05 0.14572 0.380424
0.0609713 0.0711858 0.069013 0.138092 0.660738
0.0922217 0.0427016 0.153271 0.0616768 0.650129
9.9991E-05 0.366116 0.0133295 0.0483735 0.572081
0.0624552 0.269227 0.0460854 0.0111471 0.611086
0.0757336 0.385482 0.0759927 9.9991E-05 0.462692
0.000984296 0.136822 0.111064 0.0975808 0.653549
0.138804 0.254781 0.147124 0.0103434 0.448947
0.0136669 0.18391 0.0610293 0.0518679 0.689526
9.9973E-05 0.427784 9.9973E-05 9.9973E-05 0.571916
9.9991E-05 0.107831 0.0642049 0.15569 0.672175
0.0502252 0.0786528 0.177124 0.0938303 0.600167
0.170337 0.258021 0.0759355 9.9991E-05 0.495606
0.143722 0.0961514 0.236053 0.0788798 0.445194
0.0837741 0.18535 0.0808488 0.0148579 0.63517
0.0242596 0.303185 0.163285 0.120604 0.388667
0.0969138 0.198102 0.0461434 9.9991E-05 0.658741
0.0488753 0.166687 0.0198845 0.0455621 0.718991
0.0741863 0.473928 0.214938 0.00874845 0.2282
0.01568 0.270673 0.371867 0.0912649 0.250516
0.0782499 0.325928 0.0289416 0.0260968 0.540783
0.0702912 0.330452 0.505699 9.9991E-05 0.0934572
9.9991E-05 0.444891 0.184663 0.0197355 0.35061
9.9982E-05 0.273219 0.200075 9.9982E-05 0.526506
9.9991E-05 0.507364 0.0795558 0.0245268 0.388454
9.9982E-05 0.542215 0.0792441 9.9982E-05 0.378341
0.0330256 0.136582 0.0854622 0.0672448 0.677686
0.144237 0.0787445 0.0748427 0.171839 0.530338
0.00476869 0.243568 0.0299654 0.0987905 0.622908
0.0820628 0.268899 0.488541 9.9991E-05 0.160397
0.135011 0.0606414 0.102203 0.201489 0.500656
0.107125 0.12539 0.256229 0.0562766 0.454979
9.9991E-05 0.130987 0.657054 0.17808 0.033779
0.12209 9.9991E-05 0.116824 0.128171 0.632814
0.0409249 0.0402901 0.345044 0.129945 0.443796
0.0518783 0.112646 0.134615 0.0528884 0.647972
9.9991E-05 0.0881272 0.410641 0.175256 0.325875
9.9991E-05 0.19676 0.432563 0.0939628 0.276614
0.0104448 0.109362 0.324277 0.111593 0.444323
0.110177 0.117115 0.168109 0.045214 0.559384
0.0311413 0.19237 0.132999 0.141279 0.50221
0.204636 0.106668 0.618348 0.0597981 0.01055
0.0875571 0.128961 0.0999019 0.0601077 0.623473
9.9982E-05 0.0972382 0.412281 9.9982E-05 0.49028
0.0735262 0.109811 0.36429 9.9991E-05 0.452273
0.0689996 0.0246542 0.171186 0.158398 0.576761
0.305164 9.9991E-05 0.231832 0.322722 0.140182
0.179571 9.9982E-05 0.214909 0.60532 9.9982E-05
0.165306 9.9982E-05 0.305305 0.529189 9.9982E-05
0.373632 0.0174189 0.120895 0.386152 0.101902
0.00295739 9.9991E-05 0.262329 0.036621 0.697993
0.0116867 0.00305611 0.24282 0.0974127 0.645024
0.731969 0.0273213 9.9982E-05 9.9982E-05 0.240509
0.46102 0.196058 9.9982E-05 9.9982E-05 0.342722
0.504902 0.141609 0.138251 0.0535476 0.16169
0.0863113 9.9991E-05 0.565278 0.0152306 0.33308
0.0587295 0.0883722 0.228126 0.0814413 0.543331
0.0888007 0.0273222 0.683428 0.0124728 0.187976
0.0392168 0.0645627 0.184645 0.0607807 0.650794
0.0653259 0.0694787 0.306426 0.0727718 0.485997
0.0458698 9.9991E-05 0.266897 0.0917494 0.595384
0.044168 0.0407922 0.63743 0.0251033 0.252507
0.158963 0.00708427 0.172692 0.0402125 0.621049
0.0451936 0.0331765 0.199024 0.0566487 0.665957
0.975041 9.9982E-05 0.0135233 9.9982E-05 0.0112353
0.922617 9.9982E-05 0.00925521 9.9982E-05 0.0679281
0.545416 0.0650806 0.0135406 0.0531528 0.32281
0.716906 9.9973E-05 9.9973E-05 9.9973E-05 0.282794
0.838932 0.035475 0.00181531 0.00991622 0.113861
0.9996 9.997E-05 9.997E-05 9.997E-05 9.997E-05
0.942605 0.0570953 9.9973E-05 9.9973E-05 9.9973E-05
0.919082 9.9973E-05 9.9973E-05 9.9973E-05 0.080618
0.9414 0.0583 9.9973E-05 9.9973E-05 9.9973E-05
0.9996 9.997E-05 9.997E-05 9.997E-05 9.997E-05
0.9996 9.997E-05 9.997E-05 9.997E-05 9.997E-05
0.77478 0.0377547 9.9982E-05 9.9982E-05 0.187265
0.892539 0.0715876 9.9991E-05 0.0217224 0.0140511
0.95622 0.0281425 0.000922462 0.0146152 9.9991E-05
0.508931 0.120627 0.17984 0.0358638 0.154739
0.687359 0.0542704 9.9991E-05 0.0242764 0.233994
0.798279 0.0417052 9.9991E-05 0.0256804 0.134236
0.90401 0.0414647 9.9982E-05 9.9982E-05 0.054325
0.9996 9.997E-05 9.997E-05 9.997E-05 9.997E-05
0.878034 0.0344729 9.9991E-05 0.0618028 0.02559
0.9996 9.997E-05 9.997E-05 9.997E-05 9.997E-05
0.629362 9.9982E-05 9.9982E-05 0.0689515 0.301486
0.960876 0.0221441 9.99905E-05 9.99905E-05 0.0167796
0.0578841 9.9982E-05 0.547812 0.394104 9.9982E-05
0.161358 0.179694 0.201411 0.151173 0.306365
0.094702 0.0319699 0.179438 0.23801 0.45588
0.165009 9.9991E-05 0.384363 0.273962 0.176565
0.171034 0.07626 0.13855 0.115723 0.498433
0.185849 9.9991E-05 0.370263 0.301856 0.141933
0.111786 0.103492 0.177598 0.157761 0.449363
0.213711 9.9991E-05 0.278286 0.223752 0.284151
0.213494 0.00264481 0.141319 0.182367 0.460175
0.275813 9.9991E-05 0.230349 0.16313 0.330608
0.0950919 0.0017091 0.172542 0.169876 0.560781
9.9991E-05 0.0902786 0.00581431 0.866309 0.0374978
0.0529423 9.9973E-05 9.9973E-05 0.946758 9.9973E-05
9.9973E-05 0.0373171 9.9973E-05 0.962383 9.9973E-05
9.9982E-05 0.0539711 9.9982E-05 0.925565 0.0202635
0.0776626 0.0705609 9.9982E-05 0.851577 9.9982E-05
0.0736543 9.9982E-05 0.0111191 0.915027 9.9982E-05
0.070301 0.0178932 9.9991E-05 0.89777 0.0139355
9.9982E-05 9.9982E-05 0.0228666 0.929711 0.0472221
0.020175 0.0220085 0.029631 0.914652 0.0135334
0.0927137 0.0314122 9.9982E-05 0.875674 9.9982E-05
9.9982E-05 0.305903 0.117923 0.575974 9.9982E-05
9.9991E-05 0.365715 0.0332118 0.585886 0.015087
9.9982E-05 0.324729 0.15248 0.522591 9.9982E-05
9.9982E-05 0.379707 0.132151 0.487941 9.9982E-05
9.9991E-05 0.194987 0.100911 0.0423359 0.661666
0.0110737 0.113588 0.158187 0.089902 0.62725
0.000444646 0.210701 0.111747 0.0528107 0.624297
0.0110851 0.310048 0.169792 0.0336927 0.475383
9.9982E-05 0.635203 0.131391 9.9982E-05 0.233206
0.0723547 0.092383 0.131951 0.0176455 0.685666
0.0637377 0.157672 0.156874 9.9991E-05 0.621617
0.00659861 0.101068 0.238285 0.0386779 0.615371
9.9982E-05 0.00479893 0.460973 9.9982E-05 0.534028
9.9991E-05 0.131344 0.0500733 0.0550229 0.763459
9.9982E-05 0.178538 0.260069 9.9982E-05 0.561194
9.9982E-05 0.0866656 0.822088 9.9982E-05 0.0910463
0.0266254 0.154101 0.10431 0.117223 0.597741
9.9982E-05 9.9982E-05 0.56849 0.0384619 0.392849
9.9982E-05 0.0329185 0.310639 9.9982E-05 0.656242
9.9991E-05 0.287628 0.464617 0.0110526 0.236603
0.000840038 0.728143 0.107362 0.163556 9.9991E-05
0.0415506 0.742867 0.0871734 0.102773 0.0256366
9.9982E-05 0.848079 0.0900619 0.0616591 9.9982E-05
9.9982E-05 0.813028 0.0769035 0.109869 9.9982E-05
0.0435146 0.855093 0.0503766 0.0173938 0.0336222
0.0804822 0.8217 0.0174856 0.0424328 0.0378995
9.9973E-05 9.9973E-05 9.9973E-05 0.928945 0.0707552
0.0267012 0.06148 9.9991E-05 0.839867 0.0718522
0.108272 9.9982E-05 9.9982E-05 0.756785 0.134743
0.139853 0.101772 9.9991E-05 0.744679 0.0135964
0.102079 0.0448321 9.9991E-05 0.794294 0.0586952
9.9982E-05 0.522748 0.0834117 0.39364 9.9982E-05
9.9982E-05 0.420104 0.080008 0.499688 9.9982E-05
9.9982E-05 0.451512 0.109291 0.438997 9.9982E-05
0.0374525 0.033219 9.9991E-05 0.810007 0.119221
0.0209958 0.457463 0.133506 0.387935 9.9991E-05
0.397755 9.9991E-05 0.148955 0.222202 0.230988
0.11227 0.079288 9.9991E-05 0.208681 0.599661
0.287975 9.9982E-05 9.9982E-05 0.155611 0.556214
0.235421 9.9991E-05 0.116625 0.308683 0.339171
0.127221 0.0485563 0.110781 0.184511 0.52893
0.335894 9.9982E-05 0.189415 0.474492 9.9982E-05
9.9982E-05 0.352863 0.126461 9.9982E-05 0.520476
9.9991E-05 0.199164 0.278272 0.0473601 0.475104
9.9991E-05 0.420253 0.105283 0.114258 0.360107
9.9991E-05 0.163589 0.263053 0.0227508 0.550507
9.9973E-05 0.181359 0.818341 9.9973E-05 9.9973E-05
0.103595 0.165846 0.130519 0.0451811 0.554859
0.0224325 0.258924 0.15477 9.9991E-05 0.563773
9.9991E-05 0.323831 0.158954 0.0994818 0.417633
0.095491 0.0940161 0.119801 0.0500899 0.640602
0.0163517 0.292346 0.535329 9.9991E-05 0.155873
0.124697 0.199637 0.234047 0.0179089 0.423711
0.0995827 0.276242 0.0617777 0.00294094 0.559457
0.200824 0.1708 0.136148 0.164409 0.327819
0.0798668 0.246907 0.289469 9.9991E-05 0.383658
0.0641601 0.212685 0.214709 0.0262865 0.48216
0.103293 0.182475 0.261518 9.9991E-05 0.452614
9.9991E-05 0.173823 0.166431 0.0511413 0.608505
0.119155 0.162464 0.118718 9.9991E-05 0.599562
0.0358387 0.15986 0.125946 0.0410446 0.637311
0.0656197 0.143236 0.0932555 0.10897 0.588919
0.110773 9.9982E-05 9.9982E-05 0.758381 0.130646
0.0424688 9.9982E-05 9.9982E-05 0.84599 0.111341
9.9991E-05 0.0714713 0.069575 0.796134 0.06272
0.0145481 0.06486 9.9991E-05 0.834455 0.0860373
0.0308333 9.9982E-05 9.9982E-05 0.860601 0.108366
0.0998262 0.619811 0.131674 9.9991E-05 0.14859
0.0807896 0.152033 0.210231 0.0902306 0.466716
0.23192 0.0203484 0.167158 0.201484 0.37909
0.130717 0.230643 0.0274817 0.000879934 0.610278
0.0832986 0.243097 0.125975 0.00697761 0.540652
0.114156 0.29837 0.338142 9.9991E-05 0.249232
9.9991E-05 0.595084 0.256536 0.127955 0.0203246
0.0677145 0.30808 0.0492743 0.0446284 0.530302
0.0311018 0.484793 0.221638 0.0374295 0.225038
0.0785575 0.204388 0.281823 0.0287282 0.406504
0.056717 0.566214 0.188175 0.107814 0.0810794
0.189742 0.211504 0.00898709 0.0607957 0.528972
0.0151553 0.500519 0.172426 0.0871958 0.224704
0.10136 0.30236 0.231913 9.9991E-05 0.364267
0.171188 0.0723574 0.264654 0.065175 0.426626
0.0367703 0.106983 0.484321 0.0642531 0.307673
0.0149102 0.0527157 0.18063 0.123992 0.627752
9.9982E-05 9.9982E-05 0.206149 0.201871 0.59178
9.9991E-05 0.125813 0.454003 0.0238602 0.396224
0.0463491 0.0450993 0.276562 0.167464 0.464526
9.9982E-05 9.9982E-05 0.311807 0.0847471 0.603246
9.9982E-05 0.112654 0.715357 9.9982E-05 0.171789
0.0049136 0.0235876 0.641309 0.0546234 0.275567
0.0420635 0.0649894 0.318712 0.0539831 0.520252
9.9991E-05 0.0967658 0.635699 0.0222958 0.24514
0.00825518 0.105442 0.364624 9.9991E-05 0.521579
0.0537143 0.654233 0.167216 9.9991E-05 0.124737
0.0567453 0.346324 0.343997 9.9991E-05 0.252833
0.114194 0.470599 0.0400241 9.9991E-05 0.375084
0.104713 0.253537 0.0182673 9.9991E-05 0.623382
0.0139164 0.535028 0.156502 9.9991E-05 0.294453
0.0844643 0.183529 0.0589816 0.0633404 0.609685
0.17128 0.201048 0.0947817 0.0440519 0.488838
0.0910898 0.323109 0.108908 9.9991E-05 0.476792
0.165747 0.311497 0.138016 9.9991E-05 0.38464
0.0368295 0.339611 0.0776129 9.9991E-05 0.545846
0.0947055 0.57909 0.052597 9.9991E-05 0.273507
0.14854 0.435442 0.103976 9.9991E-05 0.311942
0.0656023 0.235727 0.0281384 9.9991E-05 0.670433
0.0889673 0.138211 0.156336 9.9991E-05 0.616385
0.0385865 0.302112 0.184658 0.0557526 0.418891
0.147831 0.251879 0.123324 9.9991E-05 0.476866
0.0796573 0.482847 0.0610469 0.0732444 0.303204
0.108179 0.282077 9.9982E-05 9.9982E-05 0.609544
0.0351433 0.25648 0.0964442 0.0815156 0.530417
0.131069 0.193468 0.0444448 0.0855996 0.545419
0.158073 0.0587296 0.00398723 0.328079 0.451132
0.238025 9.9991E-05 0.116901 0.161103 0.483871
0.200288 0.181415 0.00917061 0.0705114 0.538615
0.109913 0.0808579 0.0606317 0.0949876 0.65361
0.202059 9.9991E-05 0.0777596 0.228272 0.491809
0.0512169 0.189223 0.286186 9.9991E-05 0.473274
0.181256 0.186396 0.0117034 0.155767 0.464878
0.189372 9.9991E-05 0.515283 0.269965 0.0252797
0.223022 0.0887405 0.0317337 0.175295 0.481209
0.163968 0.124778 0.0562032 0.108886 0.546165
0.306246 0.151941 0.148242 0.0491986 0.344372
0.182785 0.0668397 0.2686 0.209673 0.272103
0.225601 9.9991E-05 0.0546523 0.191175 0.528472
0.211346 0.02479 0.00371966 0.186449 0.573695
0.175353 9.9982E-05 0.30025 0.524197 9.9982E-05
0.155916 9.9991E-05 0.0311366 0.214548 0.5983
0.237154 0.0553863 9.9991E-05 0.216879 0.490481
0.130023 0.0434529 0.0769733 0.138064 0.611487
0.135191 9.9991E-05 0.00862646 0.286158 0.569924
0.226894 0.129689 0.0158318 0.10926 0.518325
0.0260275 0.0479393 0.39131 0.0360488 0.498675
0.126046 0.0347378 0.224122 0.0982037 0.516891
0.0262958 0.111376 0.742991 9.9991E-05 0.119237
9.9991E-05 0.0823572 0.819434 0.0209276 0.0771817
0.163789 0.0234228 0.299786 0.0166972 0.496305
0.375231 9.9991E-05 0.0967099 0.131721 0.396238
0.425398 9.9991E-05 0.190821 0.117733 0.265948
0.305431 9.9991E-05 0.284177 0.240557 0.169735
0.339694 9.9991E-05 0.153494 0.192807 0.313906
0.128238 0.0172865 0.625165 0.10711 0.1222
0.131092 9.9991E-05 0.584415 0.110492 0.173901
0.13551 0.0346511 0.199162 0.0265172 0.60416
0.132154 0.0290948 0.265854 0.0851263 0.487771
0.204662 9.9991E-05 0.524174 0.0764922 0.194572
0.154861 0.0635577 0.175654 0.0841616 0.521766
0.150618 0.0458853 0.181091 0.0708981 0.551508
0.194747 0.0929251 0.179464 0.0929884 0.439875
9.9982E-05 0.0655261 0.523623 9.9982E-05 0.410651
0.0186793 0.12504 0.385649 9.9991E-05 0.470532
0.101187 0.0326538 0.232307 0.0984006 0.535452
0.0411512 0.157037 0.353311 0.0767135 0.371787
0.147246 0.0593854 0.219291 0.153692 0.420385
0.0442747 9.9982E-05 0.406215 9.9982E-05 0.54931
9.9982E-05 0.138275 0.587418 9.9982E-05 0.274107
0.095189 9.9991E-05 0.264938 0.0474974 0.592276
9.9982E-05 0.0853884 0.583858 9.9982E-05 0.330554
0.0309163 0.0869034 0.363163 0.0278312 0.491187
9.9991E-05 0.0191717 0.209406 0.0539181 0.717404
0.0617527 0.13645 0.271419 0.00237456 0.528003
0.191931 0.0053239 0.111743 0.165855 0.525147
0.152624 0.0351885 0.125545 0.222877 0.463765
0.303587 0.0199381 0.178462 0.152307 0.345707
0.31226 0.160007 0.119597 0.136838 0.271298
0.342564 0.105707 0.0786081 0.0845439 0.388577
0.236827 0.0857387 0.156538 0.108877 0.412019
0.181536 0.0127129 0.591148 0.214503 9.9991E-05
0.174583 0.029344 0.0180053 0.135732 0.642336
0.180689 9.9982E-05 0.391165 0.427946 9.9982E-05
0.233932 9.9991E-05 0.145578 0.0970642 0.523326
9.9973E-05 9.9973E-05 0.797586 9.9973E-05 0.202114
0.00851603 0.103955 0.887329 9.9982E-05 9.9982E-05
0.0299461 9.9982E-05 0.448464 9.9982E-05 0.52139
0.0110536 9.9991E-05 0.208946 0.0445374 0.735363
9.9982E-05 0.037329 0.485576 9.9982E-05 0.476895
9.9991E-05 0.0344461 0.287682 0.0129241 0.664848
0.0248295 9.9982E-05 0.373555 9.9982E-05 0.601415
9.9973E-05 9.9973E-05 9.9973E-05 0.841901 0.157799
0.104503 0.156006 0.0555985 0.683792 9.9991E-05
0.0668815 0.0413514 9.9982E-05 0.891567 9.9982E-05
9.9973E-05 9.9973E-05 9.9973E-05 0.942433 0.0572669
0.0701738 0.111809 0.212458 9.9991E-05 0.605459
0.0353444 0.139492 0.246946 0.0556597 0.522558
9.9982E-05 0.13707 0.240123 9.9982E-05 0.622606
9.9991E-05 0.0172647 0.124024 0.143491 0.715121
0.023231 0.0406051 0.223743 0.169995 0.542426
9.9982E-05 0.182905 0.398571 9.9982E-05 0.418324
0.0446219 9.9991E-05 0.202065 0.0261972 0.727016
9.9982E-05 9.9982E-05 0.476193 0.0346528 0.488954
0.220612 9.9991E-05 0.0688772 0.260569 0.449842
0.0187814 0.0444727 0.330574 9.9991E-05 0.606071
9.9982E-05 0.179834 0.298193 9.9982E-05 0.521772
9.9991E-05 0.0330433 0.264246 0.00965215 0.692959
9.9982E-05 0.0761515 0.321523 9.9982E-05 0.602126
9.9982E-05 9.9982E-05 0.245387 0.00754802 0.746865
9.9991E-05 0.0298909 0.144422 0.103952 0.721634
9.9973E-05 9.9973E-05 0.677727 9.9973E-05 0.321973
9.9982E-05 0.0674465 0.474387 9.9982E-05 0.457966
9.9982E-05 0.0607304 0.446166 9.9982E-05 0.492903
9.9973E-05 9.9973E-05 0.928687 9.9973E-05 0.0710134
9.9991E-05 0.162734 0.265934 0.00560121 0.565631
9.9973E-05 9.9973E-05 0.735691 9.9973E-05 0.264009
9.9982E-05 9.9982E-05 0.903361 0.0217001 0.0747388
9.9982E-05 9.9982E-05 0.290717 0.0335768 0.675506
9.9991E-05 0.115421 0.468243 0.0369095 0.379327
0.0347238 0.139393 0.291044 9.9991E-05 0.534739
0.100118 0.0652714 0.201546 0.0385035 0.594561
9.9991E-05 0.122613 0.200457 0.0224117 0.654418
0.106757 0.24068 0.318302 9.9991E-05 0.334161
0.0329236 0.110175 0.187036 9.9991E-05 0.669765
9.9991E-05 0.166548 0.186214 0.0216466 0.625492
9.9973E-05 9.9973E-05 0.524084 9.9973E-05 0.475616
0.0543358 0.0974154 0.170881 0.105071 0.572297
9.9982E-05 0.304481 0.0601699 0.635149 9.9982E-05
9.9991E-05 0.127505 0.0775922 0.77538 0.0194235
9.9982E-05 0.172432 0.0167264 0.810641 9.9982E-05
9.9982E-05 0.141891 0.0412323 0.816677 9.9982E-05
9.9982E-05 0.221384 9.9982E-05 0.75217 0.026246
9.9982E-05 0.273994 0.390057 9.9982E-05 0.335749
9.9991E-05 0.217399 0.480645 0.0423581 0.259499
9.9973E-05 9.9973E-05 0.641869 9.9973E-05 0.357831
0.0906591 0.0924385 0.0539404 0.105864 0.657098
0.0517511 9.9991E-05 0.119213 0.147259 0.681677
9.9973E-05 9.9973E-05 0.506077 9.9973E-05 0.493623
0.119446 9.9982E-05 0.205866 9.9982E-05 0.674489
0.00606073 0.0356132 0.334382 0.0556096 0.568335
0.000360367 0.100242 0.198408 0.0293697 0.67162
9.9991E-05 0.137932 0.0355739 0.0781008 0.748293
0.00175088 0.197212 0.394188 0.00188249 0.404966
9.9982E-05 0.128702 0.339383 9.9982E-05 0.531715
9.9982E-05 0.202154 0.333841 9.9982E-05 0.463805
9.9982E-05 9.9982E-05 0.156674 0.176619 0.666507
9.9982E-05 0.0830095 0.299751 9.9982E-05 0.617039
9.9991E-05 0.112418 0.291895 0.0374444 0.558143
0.51007 9.9991E-05 0.0443742 0.0807966 0.364659
0.513652 0.0257529 0.0823705 0.0363682 0.341856
0.485149 0.018272 0.00569468 0.120511 0.370374
0.546214 9.9991E-05 0.0510148 0.113343 0.289329
0.306773 9.9991E-05 0.043519 0.17789 0.471718
0.0572196 9.9991E-05 0.394758 0.0253062 0.522616
0.696889 9.9991E-05 0.0235198 0.239118 0.0403727
0.498101 9.9991E-05 0.0219211 0.191892 0.287986
0.175621 0.000846492 0.250876 0.164063 0.408594
9.9982E-05 9.9982E-05 0.135575 0.205576 0.65865
0.0149311 0.1414 0.18836 0.160994 0.494316
0.0687534 0.0639123 0.107316 0.121944 0.638075
0.0156747 9.9991E-05 0.111923 0.20261 0.669692
0.504251 9.9982E-05 9.9982E-05 0.179646 0.315903
0.373296 0.0468781 0.00185284 0.159414 0.418559
0.575307 9.9991E-05 0.000901824 0.0648917 0.3588
0.299585 0.0340764 0.00284246 0.165481 0.498015
0.55882 0.0199497 0.0522035 0.132995 0.236032
0.338529 0.0161283 0.104281 0.160834 0.380227
0.594631 0.0245259 0.0541061 0.0821405 0.244596
0.444345 0.00549201 0.00290798 0.0791507 0.468105
0.0552082 0.0643223 0.195963 0.0950559 0.58945
0.327304 9.9991E-05 0.0888304 0.22323 0.360536
0.653889 9.9991E-05 0.0428707 0.12787 0.175271
0.276926 0.0531658 0.113434 0.135045 0.421429
9.9991E-05 0.268595 0.30058 0.156354 0.27437
0.143265 0.115525 0.154868 9.9991E-05 0.586242
0.32072 0.0430891 0.10972 0.202807 0.323664
9.9991E-05 0.056914 0.091668 0.155689 0.695629
9.9991E-05 0.0652873 0.181663 0.220608 0.532341
0.298496 0.0782542 0.13886 0.190346 0.294044
0.301781 0.070795 0.0810729 0.203811 0.34254
0.0772585 0.0789808 0.102103 0.145333 0.596325
0.327537 0.0293063 0.0342847 0.0620517 0.54682
0.503347 9.9982E-05 9.9982E-05 0.0827537 0.4137
0.607051 9.9991E-05 0.0216395 0.208515 0.162694
0.0924075 9.9991E-05 0.24946 0.0635992 0.594433
9.9991E-05 0.120656 0.174925 0.134606 0.569713
0.0763418 9.9991E-05 0.582672 0.143894 0.196992
0.131742 0.0510068 0.126656 0.12367 0.566924
0.0303752 0.250247 0.160236 0.16543 0.393712
0.120045 9.9991E-05 0.0869683 0.261775 0.531111
0.10942 0.12243 0.0999693 0.180026 0.488154
0.206194 9.9982E-05 0.431292 0.362314 9.9982E-05
0.131849 9.9982E-05 0.476223 0.391728 9.9982E-05
0.158706 0.0537052 0.347494 0.138347 0.301747
0.231319 9.9982E-05 0.373793 0.394688 9.9982E-05
0.216084 9.9982E-05 0.274647 0.50907 9.9982E-05
0.216839 0.00974253 0.34922 0.118095 0.306104
0.157884 9.9991E-05 0.252474 0.246182 0.34336
0.215542 9.9991E-05 0.350178 0.296822 0.137358
0.211256 9.9991E-05 0.343756 0.359658 0.0852298
0.0838639 0.103958 0.154846 0.12279 0.534542
0.165515 9.9991E-05 0.402539 0.257409 0.174437
0.0754738 9.9982E-05 0.39651 0.527816 9.9982E-05
0.160852 0.0513877 9.9991E-05 0.157069 0.630591
0.272216 0.0686841 0.144478 0.228309 0.286313
0.117305 0.0146761 9.9991E-05 0.33978 0.52814
0.264887 9.9982E-05 9.9982E-05 0.156121 0.578792
0.18799 9.9991E-05 0.053197 0.194589 0.564124
0.297812 9.9991E-05 0.102743 0.147816 0.451528
0.270885 0.0702639 0.0167673 0.342062 0.300022
0.197954 0.0473129 0.00978418 0.226609 0.51834
0.261842 0.0207422 9.9991E-05 0.22154 0.495776
0.302195 0.0628736 0.113818 0.242035 0.279078
0.129781 0.210184 0.143707 0.168622 0.347706
0.0992867 0.130695 0.0404058 0.183427 0.546186
0.207942 0.0451581 0.0492436 0.111243 0.586413
0.0449493 0.0436855 0.0968787 0.132565 0.681922
0.321828 0.0663417 9.9991E-05 0.224899 0.386832
0.126322 0.0345029 9.9991E-05 0.232821 0.606254
0.255572 9.9991E-05 0.264708 0.367894 0.111725
0.211898 0.0214853 0.0269854 0.237241 0.50239
0.412812 9.9991E-05 0.185408 0.280777 0.120904
0.0141706 0.117856 0.0903069 0.777567 9.9991E-05
9.9982E-05 0.768917 9.9982E-05 0.11207 0.118813
9.9973E-05 0.982805 9.9973E-05 0.0168956 9.9973E-05
9.997E-05 0.9996 9.997E-05 9.997E-05 9.997E-05
9.9982E-05 0.946164 9.9982E-05 0.00645818 0.0471775
0.0279124 0.95794 9.9991E-05 0.011019 0.00302843
9.9973E-05 0.909505 9.9973E-05 9.9973E-05 0.0901948
9.9973E-05 0.956684 9.9973E-05 0.0430159 9.9973E-05
0.00705369 0.799056 9.9982E-05 0.19369 9.9982E-05
0.00493873 0.0506818 9.9991E-05 0.900743 0.0435369
0.00866364 0.0917077 9.9991E-05 0.814868 0.0846609
0.0390672 0.0440057 0.00548013 0.891485 0.0199621
9.9991E-05 0.0754883 0.0206872 0.827679 0.076046
0.0231357 9.9991E-05 0.0122981 0.929499 0.0349671
9.9982E-05 0.0696694 0.0232825 0.906848 9.9982E-05
0.111635 0.0446797 0.00346937 0.789163 0.0510532
0.072884 0.0381185 0.000682034 0.842008 0.0463075
0.0474627 0.0847236 0.0419751 0.727573 0.0982659
0.0969262 9.9991E-05 0.0110858 0.88946 0.002428
9.9982E-05 0.00482335 0.00574498 0.989232 9.9982E-05
0.0770458 0.0990902 9.9982E-05 0.823664 9.9982E-05
0.0129486 0.0539691 9.9982E-05 0.932882 9.9982E-05
0.0339493 0.00125814 9.9991E-05 0.905808 0.058885
0.0190011 0.00864469 9.9991E-05 0.857062 0.115192
0.046055 9.9982E-05 9.9982E-05 0.867536 0.0862088
0.147425 9.9982E-05 9.9982E-05 0.772774 0.079601
0.0810408 9.9982E-05 9.9982E-05 0.775853 0.142906
0.0195845 9.9982E-05 9.9982E-05 0.818717 0.161498
0.0123238 0.030846 0.284475 0.19236 0.479995
9.9991E-05 0.00210559 0.146651 0.118118 0.733026
0.161681 0.00783137 0.166755 0.10095 0.562783
0.0571852 9.9991E-05 0.705751 0.0873587 0.149605
9.9991E-05 0.0845833 0.190156 0.135163 0.589998
0.090367 9.9991E-05 0.641658 0.206414 0.0614619
0.0823212 0.0474614 0.103164 0.118316 0.648737
9.9991E-05 0.155967 0.240741 0.103385 0.499808
0.0261864 0.0925021 0.184058 0.1221 0.575153
0.0260377 0.108475 0.250845 0.00723211 0.607411
9.9991E-05 0.150475 0.215685 0.120715 0.513025
0.00690362 0.0651886 0.119565 0.0888228 0.719519
0.0321455 0.177431 0.070877 0.142475 0.577071
0.0690505 0.443822 0.429404 9.9991E-05 0.0576236
9.9982E-05 0.0944628 0.797011 0.108326 9.9982E-05
0.0937294 0.0536917 0.627168 0.103172 0.122239
0.102034 0.085537 0.0446566 0.0771957 0.690577
0.0468067 0.0735806 0.220611 0.111492 0.54751
0.0102553 9.9991E-05 0.281021 0.128183 0.58044
0.12019 0.0181926 0.204301 0.0146395 0.642677
0.132473 0.00612128 0.0356321 0.210534 0.615239
0.178987 9.9991E-05 0.0353648 0.207648 0.5779
0.165553 0.167375 0.0818776 0.406142 0.179052
0.0472668 0.131736 0.0331415 0.168749 0.619107
0.152892 0.0566335 0.117745 0.230772 0.441957
0.161145 9.9982E-05 0.357445 0.481211 9.9982E-05
0.18253 9.9991E-05 0.170918 0.308651 0.3378
0.200341 0.0551052 0.0728823 0.377403 0.294268
0.13727 0.129067 0.0260853 0.307947 0.399631
0.208585 0.133623 9.9991E-05 0.124777 0.532914
0.136525 9.9991E-05 0.08036 0.22603 0.556986
0.154854 9.9991E-05 0.132126 0.135394 0.577526
0.151445 9.9991E-05 0.15811 0.246807 0.443538
0.169212 0.0157055 0.0153307 0.48128 0.318472
