0.0296744 9.9982E-05 0.914705 9.9982E-05 0.0554202
9.9982E-05 0.00611198 0.968079 9.9982E-05 0.0256094
0.0505242 9.9991E-05 0.81554 0.0786734 0.0551623
0.074841 9.9991E-05 0.743865 0.0456884 0.135506
0.0650751 9.9991E-05 0.861014 0.0350895 0.0387212
0.0288479 0.126756 0.629836 0.124221 0.0903379
9.9982E-05 0.0983275 0.875113 9.9982E-05 0.0263591
0.0478673 0.0925159 0.732535 9.9991E-05 0.126982
9.9982E-05 0.126738 0.806743 9.9982E-05 0.0663198
0.0757617 0.0822113 0.745199 0.0897088 0.00711953
9.999E-05 0.0946943 0.791956 0.0338379 0.0794119
0.0709414 0.171577 9.9991E-05 0.305993 0.451388
0.101327 9.9991E-05 0.0159642 0.578291 0.304318
0.0878193 0.07714 0.053517 0.294718 0.486806
0.151267 0.0717633 0.0655142 0.326826 0.38463
0.178552 0.104068 0.120051 0.383517 0.213811
0.139521 0.0533917 0.0294323 0.590022 0.187633
0.0946331 0.139228 0.0260976 0.467051 0.27299
0.125025 0.0688878 0.0889527 0.353533 0.363601
0.0388194 0.220701 0.0426366 0.099554 0.598289
0.0668208 0.187814 0.0259796 0.434723 0.284662
0.11074 0.188004 0.00899239 0.480692 0.211572
0.0990072 0.0273586 0.0459574 0.620043 0.207634
0.145254 0.0906543 9.9991E-05 0.377156 0.386836
0.0818433 0.0132113 0.151441 0.668943 0.084562
0.078419 0.114351 0.102424 0.529525 0.175282
0.103882 0.125528 0.0181613 0.279677 0.472752
0.193975 0.0326574 0.0321763 0.223373 0.517819
0.0171676 0.203576 9.9991E-05 0.286488 0.492668
0.0803597 9.9982E-05 0.850043 0.0693977 9.9982E-05
0.0219943 9.9982E-05 0.850264 0.127542 9.9982E-05
0.0503124 9.9991E-05 0.799732 0.138897 0.0109587
0.0901592 0.0111557 0.778739 0.119846 9.9991E-05
0.0107211 0.0962383 0.0740782 0.674912 0.14405
0.123249 0.0722223 0.0395074 0.631224 0.133797
0.0154456 0.183938 0.0329145 0.704937 0.0627653
0.0388216 0.163392 0.087241 0.142655 0.567891
9.9982E-05 0.411834 9.9982E-05 0.551932 0.0360339
0.0379469 0.133451 0.0871147 0.582974 0.158514
0.0382096 0.0624517 0.088382 0.784862 0.0260952
0.0150586 0.139066 0.146854 0.680864 0.0181572
0.0057551 0.100456 0.136455 0.644044 0.113289
9.9982E-05 0.409753 9.9982E-05 0.369073 0.220974
0.161088 0.157774 0.0157047 0.558096 0.107338
0.0804601 0.18733 0.0995407 0.63257 9.9991E-05
0.213279 0.232882 0.0262812 0.435567 0.0919904
9.9973E-05 0.468479 9.9973E-05 0.531221 9.9973E-05
9.9991E-05 0.115354 0.0501495 0.75413 0.0802667
0.0162471 0.0939925 0.132611 0.75705 9.9991E-05
9.9991E-05 0.866438 0.0492738 0.0406913 0.0434968
0.0238283 0.236926 9.9991E-05 0.262243 0.476903
0.0513642 0.592221 0.0350226 0.155833 0.16556
0.0425902 0.0667867 0.0335179 0.645743 0.211362
0.153151 0.0636037 0.0405184 0.636562 0.106166
0.151891 0.105873 0.0564725 0.579687 0.106076
9.9991E-05 0.264079 0.0903976 0.247979 0.397444
0.00909367 0.0740902 0.0470589 0.622089 0.247668
0.127149 0.0782783 0.115253 0.656163 0.0231574
0.0484989 0.222332 0.0880915 0.444348 0.19673
0.0955517 0.315448 0.178591 0.08314 0.327269
0.0777753 0.145434 0.0778626 0.575604 0.123324
0.0793584 0.223253 0.0693694 0.447459 0.18056
9.9991E-05 0.303243 0.0411498 0.125901 0.529606
0.0324936 0.17691 9.9991E-05 0.566055 0.224442
0.0458049 0.206017 0.0247507 0.723328 9.9991E-05
0.205427 0.0510042 0.0632572 0.477801 0.202511
0.0957528 0.286442 0.0621046 0.299965 0.255736
0.121249 0.175506 0.00794283 0.53207 0.163233
0.102844 0.0263696 0.100032 0.573915 0.19684
0.00270779 0.261152 0.0113616 0.281499 0.443279
9.9982E-05 0.218554 9.9982E-05 0.673339 0.107907
9.9982E-05 0.347733 9.9982E-05 0.468737 0.18333
0.0972182 0.211433 0.100297 0.532094 0.0589581
9.9973E-05 0.772687 9.9973E-05 0.227013 9.9973E-05
9.9982E-05 0.718219 9.9982E-05 0.164042 0.11754
9.9982E-05 0.476213 9.9982E-05 0.513653 0.00993397
9.9982E-05 0.260227 9.9982E-05 0.616677 0.122897
0.131778 0.110127 0.100426 0.582158 0.0755112
0.0271604 0.271182 9.9991E-05 0.613748 0.0878092
9.9991E-05 0.273062 0.049772 0.405279 0.271787
9.9991E-05 0.186361 0.0509616 0.393064 0.369513
0.149166 0.127269 0.0221247 0.506506 0.194935
9.9991E-05 0.360108 0.0416402 0.517166 0.0809855
9.9991E-05 0.289134 0.0555116 0.59121 0.0640448
9.9973E-05 0.416198 9.9973E-05 0.583502 9.9973E-05
9.9982E-05 0.782764 9.9982E-05 0.189041 0.0279952
0.0877814 0.223331 9.9982E-05 0.688688 9.9982E-05
0.0439049 9.9991E-05 0.817864 0.0847521 0.0533788
9.9973E-05 9.9973E-05 0.912482 0.0872182 9.9973E-05
0.0582366 9.9982E-05 0.869577 0.0719865 9.9982E-05
0.0146319 0.027308 0.927016 0.0309439 9.9991E-05
0.0417961 0.00777398 0.891694 0.0586355 9.9991E-05
0.0721104 0.00321291 0.885711 0.014122 0.0248435
0.000848029 9.9982E-05 0.912998 0.0859539 9.9982E-05
0.072342 0.137883 0.0816492 0.568094 0.140032
0.209507 0.105644 0.0136829 0.519812 0.151354
9.9982E-05 0.602809 9.9982E-05 0.233734 0.163256
0.0305658 0.0182498 0.0863676 0.661479 0.203338
9.9991E-05 0.241109 0.0200245 0.613067 0.1257
0.0369311 0.199483 0.00676875 0.756717 9.9991E-05
0.0909902 0.235187 0.0400563 0.633604 0.000162977
0.0976346 0.288515 9.9982E-05 0.61365 9.9982E-05
9.9991E-05 0.522203 0.027577 0.153324 0.296797
0.0933324 0.108459 0.0812896 0.569086 0.147833
0.0497983 0.122844 0.084943 0.742315 9.9991E-05
0.0891292 0.0671553 0.0868403 0.624237 0.132638
9.9973E-05 0.52062 9.9973E-05 0.47908 9.9973E-05
9.9982E-05 0.247406 0.0853146 0.66708 9.9982E-05
9.9991E-05 0.274438 0.0476618 0.546839 0.130962
0.104718 0.400311 9.9991E-05 0.460651 0.0342207
9.9991E-05 0.0863133 0.111896 0.583255 0.218435
0.0173698 0.0594889 0.123212 0.73735 0.0625791
0.0571255 0.337923 0.0231422 0.226285 0.355524
0.152991 0.092376 0.0851066 0.325019 0.344508
0.0465095 0.163427 0.132241 0.540341 0.117482
0.126456 0.0886714 0.0574413 0.570977 0.156454
0.0164456 0.0255578 0.0234895 0.508515 0.425992
0.045746 0.096671 0.0586896 0.549519 0.249374
0.0923436 9.9982E-05 9.9982E-05 0.465223 0.442233
0.097433 0.11061 0.0769331 0.586132 0.128892
0.19655 0.0651899 0.0958477 0.426741 0.215671
0.028455 0.10674 0.0509432 0.654094 0.159768
9.9991E-05 0.0124102 0.00611815 0.619269 0.362102
0.121386 0.110032 0.0219559 0.59908 0.147546
0.0633265 0.0176619 0.129249 0.717813 0.0719497
0.119047 9.9982E-05 9.9982E-05 0.6006 0.280153
0.122101 0.0780689 0.0386662 0.579025 0.182138
0.184624 0.10779 9.9991E-05 0.518397 0.189089
9.9991E-05 0.154269 0.173285 0.518656 0.15369
0.0957209 0.0161538 0.0236748 0.626323 0.238128
0.129267 0.00863235 0.0377345 0.681828 0.142538
0.0839103 0.149427 0.00126792 0.307651 0.457744
0.0579905 0.381258 0.00455064 0.203537 0.352664
0.0244609 0.113167 0.0594231 0.543969 0.25898
0.0716334 0.460652 9.9991E-05 0.154397 0.313217
9.9991E-05 0.139431 0.0610662 0.376466 0.422937
0.0269642 0.11902 9.9991E-05 0.467016 0.386901
9.9991E-05 0.10998 0.0314326 0.417265 0.441222
0.0472032 0.07104 9.9991E-05 0.35317 0.528487
0.056536 0.0843473 0.119368 0.61462 0.125129
0.109121 0.176033 0.0728142 0.530537 0.111495
0.0967678 0.0187585 0.0316825 0.589562 0.26323
0.0741378 0.400238 9.9991E-05 0.142161 0.383363
0.0688752 0.140033 0.176702 0.53381 0.0805799
0.065493 0.249823 0.101491 0.552144 0.0310491
0.00449632 0.584721 0.210537 0.0679861 0.13226
0.11991 0.185728 0.105914 0.588348 9.9991E-05
0.0931371 0.356876 0.139256 0.375059 0.0356709
0.0953999 0.174867 0.137303 0.494751 0.0976786
0.0748647 0.430747 0.111838 0.266582 0.115968
9.9991E-05 0.467299 0.134347 0.250716 0.147537
0.00915773 0.305209 0.0578178 0.53666 0.0911558
0.108122 0.21292 0.0965888 0.450497 0.131872
0.145276 0.198607 0.193493 0.35686 0.105764
0.207077 0.586464 0.0423369 9.9991E-05 0.164022
0.0818138 0.201079 0.0790122 0.586908 0.0511866
9.9982E-05 0.451776 9.9982E-05 0.422029 0.125995
0.0633925 0.372315 9.9991E-05 0.516723 0.0474694
0.106341 0.122087 0.117534 0.569876 0.084163
0.338805 0.220438 0.323169 0.0959408 0.0216462
0.158264 0.246192 0.595343 9.9982E-05 9.9982E-05
0.141694 0.370724 0.487382 9.9982E-05 9.9982E-05
0.345728 0.191118 0.441919 0.0211139 0.000121057
0.029936 0.258762 9.9982E-05 0.711102 9.9982E-05
0.225795 0.114458 0.0875647 0.472585 0.099598
0.65926 9.9982E-05 9.9982E-05 0.327998 0.0125424
0.539694 9.9982E-05 9.9982E-05 0.348914 0.111191
0.367769 0.0116768 0.0992951 0.415162 0.106097
0.0565713 0.548833 9.9982E-05 0.394396 9.9982E-05
0.228196 0.167438 0.0857575 0.34977 0.168838
0.0425793 0.62913 0.0666618 0.261529 9.9991E-05
0.0776659 0.246494 0.0380735 0.606765 0.0310018
0.0477879 0.318753 0.111908 0.492641 0.0289097
0.073363 0.254647 0.0222167 0.614088 0.0356846
0.0180244 0.618163 0.0424912 0.277686 0.0436354
0.120278 0.13612 0.0674568 0.676045 9.9991E-05
0.114148 0.211653 0.0990974 0.486321 0.0887801
0.987926 0.0117743 9.9973E-05 9.9973E-05 9.9973E-05
0.915801 9.9982E-05 9.9982E-05 0.0520282 0.0319711
0.556368 0.0167789 0.0857419 0.297822 0.0432888
0.704787 9.9982E-05 9.9982E-05 0.277111 0.0179026
0.822527 9.9982E-05 0.0231131 0.15416 9.9982E-05
0.9996 9.997E-05 9.997E-05 9.997E-05 9.997E-05
0.958936 9.9973E-05 0.0407639 9.9973E-05 9.9973E-05
0.883431 9.9973E-05 9.9973E-05 0.116269 9.9973E-05
0.959993 9.9973E-05 9.9973E-05 9.9973E-05 0.0397067
0.9996 9.997E-05 9.997E-05 9.997E-05 9.997E-05
0.9996 9.997E-05 9.997E-05 9.997E-05 9.997E-05
0.788621 9.9991E-05 0.0107193 0.196281 0.00427851
0.865461 9.9982E-05 9.9982E-05 0.077585 0.056754
0.9996 9.997E-05 9.997E-05 9.997E-05 9.997E-05
0.395498 0.0916303 0.0609127 0.386292 0.065667
0.695171 9.9991E-05 0.0295776 0.219083 0.0560687
0.807857 9.9991E-05 0.0314316 0.155145 0.00546705
0.908449 9.9991E-05 0.0297366 0.0304096 0.031305
0.992986 9.9973E-05 9.9973E-05 0.00671427 9.9973E-05
0.910356 9.9982E-05 0.0564504 0.0329936 9.9982E-05
0.9996 9.997E-05 9.997E-05 9.997E-05 9.997E-05
0.661502 0.0501642 0.0444995 0.211474 0.0323601
0.949368 9.9973E-05 9.9973E-05 9.9973E-05 0.0503318
0.0753335 0.559274 0.365193 9.9982E-05 9.9982E-05
0.122459 0.186994 0.158279 0.356413 0.175855
0.137133 0.229385 0.216271 0.334196 0.0830144
0.200892 0.46915 0.247084 0.0800199 0.00285472
0.240789 0.207715 0.108186 0.362589 0.080721
0.140929 0.381187 0.258964 0.21882 9.9991E-05
0.117012 0.169496 0.172638 0.478559 0.0622955
0.265687 0.314786 0.138286 0.281141 9.9991E-05
0.18214 0.149789 0.192324 0.475646 9.9991E-05
0.2218 0.242255 0.180687 0.355158 9.9991E-05
0.110198 0.0771386 0.245254 0.492195 0.0752151
0.00636588 0.0217407 0.814093 0.0642243 0.0935765
0.0640691 0.00693202 0.928799 9.9982E-05 9.9982E-05
9.9973E-05 9.9973E-05 0.952388 9.9973E-05 0.0473124
9.9982E-05 9.9982E-05 0.944177 0.0244035 0.0312192
9.9973E-05 9.9973E-05 0.92839 9.9973E-05 0.0713102
0.0829522 0.000639139 0.915315 9.9991E-05 0.000993945
0.0830669 9.9982E-05 0.911869 0.00486381 9.9982E-05
9.9973E-05 0.0803001 0.9194 9.9973E-05 9.9973E-05
9.9973E-05 9.9973E-05 0.902857 0.0968426 9.9973E-05
0.112173 0.0246147 0.863012 9.9982E-05 9.9982E-05
9.9982E-05 0.0818147 0.624061 9.9982E-05 0.293924
0.0200221 0.00305701 0.578325 9.9991E-05 0.398496
9.9982E-05 0.165854 0.54556 9.9982E-05 0.288386
9.9982E-05 0.189148 0.5002 9.9982E-05 0.310452
9.9991E-05 0.0972762 0.00818614 0.656894 0.237544
0.0888081 0.203577 9.9991E-05 0.564192 0.143323
0.0819955 0.0569362 0.0252646 0.606385 0.229419
9.9991E-05 0.0597809 0.0376655 0.588444 0.31401
0.009475 0.0751423 9.9991E-05 0.275587 0.639695
0.0494909 0.125574 0.103786 0.656303 0.0648453
9.9982E-05 0.218222 9.9982E-05 0.724891 0.0566873
0.0130411 0.197103 0.0168009 0.671091 0.101964
0.0708572 0.385961 9.9991E-05 0.532435 0.0106466
0.0328471 0.10796 0.0656556 0.633479 0.160058
9.9982E-05 0.255705 9.9982E-05 0.587328 0.156767
9.9982E-05 0.777368 9.9982E-05 0.13213 0.0903021
9.9991E-05 0.0941807 0.0522001 0.682533 0.170986
9.9991E-05 0.520729 0.00776604 0.43948 0.0319248
9.9982E-05 0.236893 9.9982E-05 0.67524 0.087667
9.9982E-05 0.430501 9.9982E-05 0.326242 0.243056
9.9982E-05 0.0780657 0.111561 9.9982E-05 0.810173
0.0185598 0.0827466 0.094231 0.0667845 0.737678
9.9991E-05 0.0425663 0.0497802 0.0138877 0.893666
9.9982E-05 0.0787465 0.0832117 9.9982E-05 0.837842
0.0775719 0.143751 9.9982E-05 9.9982E-05 0.778477
0.111138 9.9982E-05 0.0106845 9.9982E-05 0.877978
9.9982E-05 9.9982E-05 0.878304 0.109671 0.0118255
0.0364279 9.9991E-05 0.84394 0.0333684 0.0861636
0.171468 9.9982E-05 0.741472 0.0868604 9.9982E-05
0.14754 9.9991E-05 0.74604 0.00446422 0.101855
0.0868183 9.9991E-05 0.802129 0.0959376 0.0150149
9.9982E-05 0.0333642 0.371592 9.9982E-05 0.594844
9.9982E-05 0.13322 0.476245 9.9982E-05 0.390335
9.9982E-05 0.0786388 0.43122 9.9982E-05 0.489941
0.0437829 9.9991E-05 0.829464 0.11306 0.0135929
9.9982E-05 0.101489 0.359394 9.9982E-05 0.538917
0.446169 0.162613 0.195184 0.195935 9.9991E-05
0.226174 0.0512208 0.13558 0.572777 0.0142473
0.228291 9.9982E-05 0.243851 0.527659 9.9982E-05
0.259957 0.0735194 0.323181 0.343243 9.9991E-05
0.177677 0.0427321 0.199313 0.500655 0.0796232
0.351859 0.150858 0.497083 9.9982E-05 9.9982E-05
9.9991E-05 0.0399593 0.0223823 0.531894 0.405664
0.033037 0.226658 0.0236678 0.469622 0.247015
0.0644237 0.0516955 0.0351659 0.291074 0.557641
0.058025 0.332366 9.9991E-05 0.479437 0.130073
9.9973E-05 0.834066 9.9973E-05 9.9973E-05 0.165634
0.0867292 0.115828 0.106402 0.556334 0.134707
0.0199126 0.120704 9.9991E-05 0.654687 0.204596
9.9991E-05 0.0694548 0.0524098 0.465551 0.412484
0.115664 0.0476171 0.0582246 0.518986 0.259508
9.9982E-05 0.514236 9.9982E-05 0.209107 0.276457
0.1275 0.211882 9.9991E-05 0.439437 0.221081
0.0951002 0.111824 9.9991E-05 0.518448 0.274528
0.220881 0.0806277 0.135754 0.419124 0.143614
0.03277 0.254398 9.9991E-05 0.412808 0.299924
0.0386252 0.171795 9.9991E-05 0.500078 0.289401
0.176158 0.246406 9.9991E-05 0.446302 0.131035
9.9991E-05 0.166319 0.0028928 0.655218 0.17547
0.174078 0.135987 9.9991E-05 0.527212 0.162623
0.153207 0.107983 0.0991102 0.507256 0.132443
0.00150953 9.9991E-05 0.177521 0.706874 0.113995
0.0688897 9.9982E-05 0.797545 0.133366 9.9982E-05
0.018443 0.00821078 0.87369 0.0995561 9.9991E-05
0.0525728 0.0487173 0.751061 0.0115205 0.136128
0.00929237 0.0468745 0.852245 0.0914878 9.9991E-05
0.0434282 9.9982E-05 0.835281 0.121091 9.9982E-05
0.0803719 0.0581593 9.9991E-05 0.228801 0.632567
0.0985297 0.152637 0.0300879 0.557115 0.161631
0.191105 0.0987073 0.220407 0.489681 9.9991E-05
0.0304482 9.9991E-05 0.0728735 0.718722 0.177856
9.9991E-05 0.0788096 0.118068 0.571523 0.2315
0.106106 0.192875 0.0216019 0.280701 0.398716
9.9991E-05 0.231184 0.153978 0.00137242 0.613366
9.9991E-05 0.018618 0.0250264 0.618802 0.337454
0.0687643 0.121089 0.0721942 0.189714 0.548239
0.0875818 0.21707 0.111288 0.424946 0.159114
0.0350402 0.140549 0.121376 0.159076 0.543958
0.189475 9.9991E-05 0.0829243 0.53865 0.188851
9.9991E-05 0.0988175 0.0991392 0.284817 0.517126
0.0621554 0.250593 0.0258071 0.386496 0.274948
0.0618278 0.211971 0.0612338 0.560114 0.104853
0.0210476 0.4816 0.0436278 0.326901 0.126823
0.0281132 0.211491 0.123674 0.590651 0.0460705
9.9991E-05 0.136772 0.139705 0.70308 0.0203425
9.9991E-05 0.45218 0.0198811 0.410435 0.117404
0.0196739 0.155932 0.104514 0.598256 0.121623
0.0523152 0.279099 0.0625781 0.553916 0.0520909
9.9982E-05 0.720797 9.9982E-05 0.153346 0.125657
0.011325 0.622589 0.0204417 0.332378 0.0132662
9.9991E-05 0.252105 0.0967541 0.553545 0.0974963
9.9991E-05 0.634775 0.0220111 0.235942 0.107173
9.9991E-05 0.351816 0.0670445 0.567108 0.0139308
0.0161858 0.200363 9.9991E-05 0.161325 0.622026
0.0551133 0.31753 9.9991E-05 0.280308 0.346948
0.1515 0.0631809 9.9991E-05 0.320963 0.464256
0.113818 0.0252668 0.00305185 0.652337 0.205527
0.0110398 0.127567 9.9991E-05 0.39268 0.468614
0.0952708 0.185059 0.0815749 0.513244 0.124852
0.1755 0.0405934 0.0555203 0.538427 0.189959
0.124187 0.0750419 9.9991E-05 0.506197 0.294474
0.2065 0.0496946 9.9991E-05 0.496282 0.247423
0.0289956 0.0678535 0.0121227 0.517339 0.373689
0.0860991 0.103894 9.9991E-05 0.330696 0.479211
0.1121 0.14412 9.9991E-05 0.348817 0.394864
0.0786097 0.160745 9.9991E-05 0.616079 0.144466
0.104165 0.108735 0.0416394 0.615363 0.130098
0.007777 0.184021 0.0759741 0.480335 0.251893
0.11489 0.0772613 9.9991E-05 0.505353 0.302396
0.0401984 0.0521522 0.0831634 0.387834 0.436653
0.0487473 9.9991E-05 0.0348632 0.712771 0.203518
0.0965164 0.0279504 0.0425963 0.577567 0.25537
0.125734 0.154884 0.0880701 0.547061 0.0842511
0.178349 0.0223131 0.335594 0.447987 0.015757
0.258603 0.149024 0.121271 0.471002 9.9991E-05
0.147221 0.0834658 0.159289 0.490042 0.119982
0.210363 0.104794 0.0923682 0.592375 9.9991E-05
0.287598 0.119484 0.19911 0.319039 0.0747691
0.129978 0.224643 9.9991E-05 0.43154 0.213739
0.173104 0.0716896 0.230354 0.47263 0.0522224
0.182541 0.523417 0.269919 0.0240232 9.9991E-05
0.242203 0.0178269 0.133945 0.540159 0.065866
0.163354 0.0311085 0.206488 0.528753 0.0702968
0.373176 0.0333213 0.038599 0.451719 0.103186
0.133747 0.262819 0.211558 0.344316 0.0475601
0.256111 9.9991E-05 0.180004 0.532548 0.0312378
0.227843 0.0176736 0.199272 0.545926 0.00928524
0.186318 0.313849 0.499634 9.9982E-05 9.9982E-05
0.294494 0.0693045 0.167582 0.387455 0.0811648
0.347129 0.0762854 0.144215 0.43227 9.9991E-05
0.225038 0.0985 0.0729748 0.499011 0.104476
0.277883 0.0255333 0.228597 0.455368 0.0126182
0.192775 9.9991E-05 0.174009 0.462649 0.170467
0.0386821 0.292949 0.0488138 0.518552 0.101003
0.070466 0.181739 0.159649 0.522892 0.0652538
9.9982E-05 0.706414 9.9982E-05 0.157629 0.135758
9.9982E-05 0.777875 9.9982E-05 0.12556 0.0963649
0.0367111 0.239439 0.0311264 0.65159 0.0411334
0.445808 0.186816 0.09024 0.277036 9.9991E-05
0.440796 0.170542 0.109034 0.279528 9.9991E-05
0.377582 0.318881 0.190826 0.112611 9.9991E-05
0.302859 0.127212 0.208241 0.361588 9.9991E-05
0.151748 0.673954 0.059757 0.114442 9.9991E-05
0.152976 0.518835 0.13835 0.189738 9.9991E-05
0.190114 0.229783 9.9991E-05 0.560979 0.0190238
0.225517 0.315439 0.0418991 0.417045 9.9991E-05
0.179587 0.535105 0.0634717 0.205421 0.016415
0.136715 0.145578 0.0773566 0.557003 0.0833471
0.128929 0.165832 0.0188716 0.64268 0.0436874
0.147026 0.145587 0.102524 0.482551 0.122312
9.9991E-05 0.45677 0.0208739 0.45206 0.0701957
9.9982E-05 0.384562 9.9982E-05 0.488261 0.126977
0.0637854 0.204574 0.046894 0.630102 0.0546452
0.0136843 0.239865 0.107883 0.557487 0.0810805
0.104186 0.125773 0.145906 0.497789 0.126346
0.0364231 0.382018 9.9991E-05 0.502074 0.0793843
9.9982E-05 0.51505 9.9982E-05 0.296008 0.188741
0.0731724 0.284181 9.9982E-05 0.642447 9.9982E-05
0.0142997 0.537942 9.9991E-05 0.364191 0.0834675
0.0531165 0.341843 0.0226254 0.484842 0.0975726
0.0773702 0.190346 0.10556 0.626624 9.9991E-05
0.153357 0.204142 0.0385911 0.528437 0.0754729
0.175988 0.0641579 0.178122 0.581632 9.9991E-05
0.176324 0.141016 0.161479 0.47352 0.04766
0.352257 0.189549 0.144741 0.284882 0.0285715
0.208849 0.121683 0.186658 0.311704 0.171106
0.157824 0.039041 0.216694 0.563307 0.0231345
0.202278 0.1918 0.15589 0.449932 9.9991E-05
0.213135 0.578845 0.180355 9.9991E-05 0.0275651
0.338597 0.00939973 0.0326984 0.562522 0.0567826
0.186597 0.429246 0.383957 9.9982E-05 9.9982E-05
0.327331 0.169644 0.0820448 0.42088 9.9991E-05
9.9973E-05 0.77947 9.9973E-05 0.22023 9.9973E-05
0.00378134 0.833806 0.00455625 0.0759421 0.081914
0.0195818 0.383574 9.9991E-05 0.59483 0.00191439
0.0113625 0.252161 0.0670477 0.669329 9.9991E-05
9.9973E-05 0.428661 9.9973E-05 0.571039 9.9973E-05
0.0106982 0.304956 0.0324897 0.64878 0.0030765
0.0404127 0.288098 9.9991E-05 0.637393 0.0339972
0.0839961 0.0881919 0.810112 0.0176001 9.9991E-05
0.110236 0.0408426 0.70135 9.9991E-05 0.147472
0.0461299 9.9982E-05 0.912322 9.9982E-05 0.0413476
9.9973E-05 9.9973E-05 0.959625 0.040075 9.9973E-05
9.9991E-05 0.205027 0.0837244 0.645592 0.065557
0.0366409 0.286208 9.9991E-05 0.607267 0.069784
9.9982E-05 0.0928588 9.9982E-05 0.706072 0.200869
9.9982E-05 0.0949221 0.162983 0.741895 9.9982E-05
0.0214597 0.125279 0.165324 0.635456 0.0524819
9.9991E-05 0.437135 0.0150533 0.417999 0.129713
0.0373081 0.220358 0.0203336 0.719402 0.00259867
9.9973E-05 0.49495 9.9973E-05 0.50475 9.9973E-05
0.18218 9.9991E-05 0.253744 0.514544 0.0494323
0.00100704 0.297725 9.9991E-05 0.576078 0.12509
9.9991E-05 0.263811 0.012603 0.505082 0.218404
9.9982E-05 0.166981 9.9982E-05 0.777186 0.0556335
9.9982E-05 0.256693 9.9982E-05 0.635422 0.107684
0.00178945 0.282836 9.9982E-05 0.715175 9.9982E-05
0.0254874 0.158154 0.0826975 0.690903 0.0427583
9.9973E-05 0.63653 9.9973E-05 0.36317 9.9973E-05
0.0134703 0.532161 9.9991E-05 0.438412 0.0158574
9.9982E-05 0.36818 9.9982E-05 0.500768 0.130853
9.9973E-05 0.881457 9.9973E-05 0.118243 9.9973E-05
9.9991E-05 0.203946 0.00543839 0.613448 0.177068
9.9991E-05 0.670015 0.00596131 0.312829 0.0110945
9.9982E-05 0.766309 9.9982E-05 0.142504 0.0909873
0.019821 0.196035 0.0590689 0.724975 9.9991E-05
9.9982E-05 0.481303 9.9982E-05 0.36385 0.154646
0.0432707 0.168325 0.0193783 0.594085 0.174941
0.0541323 0.103077 0.160543 0.682148 9.9991E-05
0.00906862 0.172995 9.9991E-05 0.696024 0.121813
0.0967372 0.209863 9.9991E-05 0.339544 0.353756
9.9991E-05 0.217485 0.0299105 0.694347 0.0581582
0.0519738 0.186621 0.0204481 0.619023 0.121935
9.9982E-05 0.434405 9.9982E-05 0.523063 0.042332
9.9991E-05 0.178804 0.0661936 0.612781 0.142122
9.9982E-05 0.0658995 0.607958 9.9982E-05 0.325943
9.9991E-05 0.0690163 0.740292 0.0435007 0.147091
9.9982E-05 0.044173 0.811635 9.9982E-05 0.143992
9.9982E-05 0.0333059 0.813574 9.9982E-05 0.152921
9.9973E-05 9.9973E-05 0.729231 9.9973E-05 0.270469
9.9982E-05 0.438414 9.9982E-05 0.317522 0.243864
9.9991E-05 0.429451 0.0427683 0.337326 0.190355
9.9973E-05 0.674155 9.9973E-05 0.325545 9.9973E-05
0.114758 0.058679 0.0562759 0.584629 0.185658
0.0140306 0.0693201 0.213936 0.687798 0.0149154
9.9991E-05 0.428996 0.0498711 0.438733 0.0822991
0.0499576 0.175408 0.00172196 0.772812 9.9991E-05
9.9982E-05 0.403705 0.00925099 0.586844 9.9982E-05
0.0357915 0.21984 0.00482879 0.614056 0.125484
0.0941223 0.157205 0.0600054 0.581094 0.107573
9.9982E-05 0.408912 9.9982E-05 0.428015 0.162872
9.9991E-05 0.248909 0.00825794 0.579297 0.163436
9.9982E-05 0.326132 9.9982E-05 0.485088 0.18858
0.0727413 0.166923 0.128394 0.631841 9.9991E-05
9.9991E-05 0.213123 0.037915 0.57511 0.173752
9.9991E-05 0.302942 0.0170615 0.610466 0.0694303
0.425431 0.00173149 0.100737 0.416007 0.0560932
0.502347 0.100439 0.104683 0.292432 9.9991E-05
0.417421 0.0416301 0.167684 0.373166 9.9991E-05
0.487627 0.045703 0.134608 0.331963 9.9991E-05
0.368988 9.9982E-05 0.16887 0.461942 9.9982E-05
0.0325013 0.248937 0.0464208 0.639666 0.0324744
0.629105 0.0407063 0.284272 0.0458164 9.9991E-05
0.552154 0.0354841 0.176258 0.201746 0.0343579
0.208357 0.17925 0.185369 0.426924 9.9991E-05
0.0745317 0.22855 0.167758 0.529061 9.9991E-05
0.0338285 0.228321 0.140315 0.478483 0.119051
0.0626246 0.164769 0.1214 0.619006 0.0322008
0.0773816 0.171267 0.105785 0.58796 0.0576062
0.552529 9.9982E-05 0.190231 0.25704 9.9982E-05
0.42643 9.9991E-05 0.120986 0.375892 0.0765922
0.598252 9.9982E-05 0.0199886 0.38156 9.9982E-05
0.469226 0.0555467 0.0734645 0.357225 0.0445378
0.607175 0.0584872 0.0968626 0.213176 0.0242996
0.300506 0.0463694 0.192044 0.420462 0.0406183
0.59327 0.0544578 0.126384 0.190275 0.0356136
0.470852 0.0242878 0.0495758 0.334625 0.120659
0.0830409 0.285658 0.10864 0.522561 9.9991E-05
0.345431 0.0760784 0.145444 0.288995 0.144052
0.707826 0.0436264 0.156974 0.0914742 9.9991E-05
0.405696 0.0590624 0.0637637 0.374926 0.0965522
0.00811066 0.321692 0.179816 0.228535 0.261847
0.171878 0.220379 9.9991E-05 0.505387 0.102256
0.355458 0.0419951 0.127702 0.356539 0.118306
0.0585527 0.119089 0.139806 0.620401 0.0621516
9.9991E-05 0.174217 0.239244 0.563185 0.0232538
0.318596 0.141726 0.157357 0.321236 0.0610842
0.322999 0.106189 0.249266 0.321446 9.9991E-05
0.110666 0.156734 0.12686 0.594699 0.0110417
0.423786 0.0410548 0.183062 0.351997 9.9991E-05
0.52632 9.9982E-05 0.126723 0.346757 9.9982E-05
0.62485 0.00515052 0.260581 0.109319 9.9991E-05
0.100046 0.0882813 0.159817 0.563641 0.088214
9.9991E-05 0.279994 0.152743 0.54885 0.0183133
0.154195 0.635763 0.114362 0.0955801 9.9991E-05
0.11241 0.106091 0.0919454 0.59827 0.0912837
0.02903 0.196563 0.132356 0.484629 0.157421
0.196132 0.177998 0.164332 0.455301 0.00623644
0.100124 0.0355729 0.17357 0.544028 0.146705
0.25389 0.452145 0.293765 9.9982E-05 9.9982E-05
0.153288 0.482551 0.363962 9.9982E-05 9.9982E-05
0.256757 0.333067 0.140843 0.23773 0.0316022
0.275569 0.392971 0.331259 9.9982E-05 9.9982E-05
0.263648 0.267719 0.468434 9.9982E-05 9.9982E-05
0.223286 0.299882 0.126364 0.345937 0.00453113
0.208293 0.229512 0.225022 0.337073 9.9991E-05
0.14481 0.202975 0.346361 0.249005 0.0568492
0.200181 0.460726 0.293383 0.045611 9.9991E-05
0.120365 0.140861 0.222241 0.516432 9.9991E-05
0.202766 0.439561 0.215091 0.142483 9.9991E-05
0.113788 0.418527 0.467485 9.9982E-05 9.9982E-05
0.268791 0.0587055 0.149598 0.414867 0.108038
0.301877 0.204845 0.163564 0.2605 0.0692132
0.279327 0.0877766 0.237602 0.330177 0.065118
0.301044 9.9982E-05 0.177388 0.521367 9.9982E-05
0.220507 0.0560481 0.185373 0.475385 0.0626866
0.290634 0.0488993 0.102952 0.513712 0.0438028
0.213467 0.000341156 0.395687 0.366806 0.0236994
0.272419 0.0588487 0.197909 0.461001 0.0098221
0.360003 9.9991E-05 0.178249 0.389347 0.0723012
0.251084 0.116636 0.268745 0.336202 0.0273337
0.172493 0.220628 0.191414 0.32297 0.0924948
0.108965 0.0772348 0.193546 0.515428 0.104826
0.237196 0.0253717 0.1747 0.498143 0.0645899
0.205848 0.0898278 0.0890086 0.541225 0.0740915
0.264915 0.0352762 0.286653 0.353478 0.0596777
0.172103 0.00384372 0.287246 0.502008 0.0347991
0.268973 0.21511 0.352105 0.163712 9.9991E-05
0.237519 9.9991E-05 0.202526 0.517385 0.0424702
0.361994 0.155186 0.265717 0.217003 9.9991E-05
9.9982E-05 0.0813126 0.799152 9.9982E-05 0.119336
0.0122965 0.0442276 0.0635109 0.0377007 0.842264
9.997E-05 9.997E-05 9.997E-05 9.997E-05 0.9996
9.9973E-05 9.9973E-05 0.004322 9.9973E-05 0.995378
9.997E-05 9.997E-05 9.997E-05 9.997E-05 0.9996
0.033877 9.9973E-05 9.9973E-05 9.9973E-05 0.965823
9.9973E-05 9.9973E-05 9.9973E-05 0.111681 0.888019
9.9973E-05 9.9973E-05 0.0453164 9.9973E-05 0.954384
0.0130245 9.9982E-05 0.196643 9.9982E-05 0.790132
0.0167228 9.9991E-05 0.934641 0.0356442 0.012892
0.0140505 9.9991E-05 0.809258 0.0554762 0.121115
0.057117 0.0523997 0.890283 9.9982E-05 9.9982E-05
9.9982E-05 9.9982E-05 0.822117 0.0518467 0.125836
0.0655372 9.9982E-05 0.867632 9.9982E-05 0.0666307
9.9973E-05 9.9973E-05 0.875684 9.9973E-05 0.124016
0.154053 9.9991E-05 0.732162 0.0238605 0.0898239
0.0688875 0.0483219 0.882591 9.9982E-05 9.9982E-05
0.0590828 9.9991E-05 0.701078 0.0427132 0.197026
0.0490536 9.9991E-05 0.908916 0.021285 0.0206453
9.9973E-05 9.9973E-05 0.934266 9.9973E-05 0.0654337
0.0720816 0.00772005 0.848354 0.0285952 0.0432494
0.00243396 9.9982E-05 0.917652 9.9982E-05 0.0797138
0.0258959 9.9982E-05 0.900373 0.0735316 9.9982E-05
0.0344148 9.9991E-05 0.851806 0.0825666 0.0311128
0.0372783 9.9982E-05 0.86768 0.0948418 9.9982E-05
0.12598 9.9982E-05 0.783035 0.0907851 9.9982E-05
0.12533 9.9982E-05 0.745021 0.129449 9.9982E-05
0.0613793 9.9982E-05 0.811145 0.127276 9.9982E-05
0.0596944 0.232217 0.148361 0.405602 0.154125
9.9982E-05 0.0877616 0.179896 0.732142 9.9982E-05
0.117996 0.083989 0.130909 0.639127 0.0279783
0.0646318 0.705854 0.0842472 0.145167 9.9991E-05
0.0125264 0.0847488 0.143678 0.627574 0.131472
0.0262408 0.607745 0.22722 0.138694 9.9991E-05
0.0851962 0.10479 0.147995 0.661919 9.9991E-05
9.9991E-05 0.212439 0.121496 0.522171 0.143795
9.9991E-05 0.210078 0.124248 0.570077 0.0954967
9.9991E-05 0.183055 0.0464225 0.660143 0.110279
9.9991E-05 0.221239 0.142086 0.53647 0.100105
0.0249015 0.0876888 0.138373 0.7375 0.0115364
0.020527 0.123779 0.133295 0.613364 0.109034
0.063176 0.388985 9.9991E-05 0.116687 0.431052
9.9982E-05 0.84861 0.11684 9.9982E-05 0.0343508
0.0899059 0.624137 0.124044 0.106434 0.0554789
0.046792 0.137909 0.154388 0.624276 0.0366355
9.9982E-05 0.282999 0.154485 0.562317 9.9982E-05
0.00550008 0.211724 0.16892 0.613756 9.9991E-05
0.122184 0.182683 0.0944261 0.600607 9.9991E-05
0.237291 0.0826058 0.200174 0.479829 9.9991E-05
0.196544 9.9991E-05 0.19281 0.509795 0.10075
0.212329 0.17871 0.374073 0.14173 0.0931584
0.0993471 9.9991E-05 0.166386 0.602137 0.132029
0.118928 0.0346117 0.280422 0.49036 0.0756788
0.18183 0.382007 0.435964 9.9982E-05 9.9982E-05
0.250562 0.158738 0.30758 0.28302 9.9991E-05
0.103295 0.0255564 0.388946 0.389882 0.0923204
0.120138 9.9991E-05 0.340472 0.426631 0.112659
0.225379 9.9991E-05 0.15577 0.538476 0.0802752
0.242628 0.0639889 0.210979 0.482305 9.9991E-05
0.152313 0.0660782 0.164955 0.565958 0.0506951
0.230971 0.170545 0.200816 0.385982 0.0116858
0.149959 0.0467979 0.469184 0.33396 9.9991E-05
