0.911872 9.9991E-05 0.0373136 0.0385969 0.0121174
0.955292 9.9973E-05 9.9973E-05 9.9973E-05 0.0444083
0.846584 0.107981 0.0155 0.0298349 9.9991E-05
0.812813 0.0262782 0.0842156 0.0765932 9.9991E-05
0.900765 0.0409119 0.00252801 0.0461568 0.00963824
0.651837 0.0707932 0.0401842 0.0272602 0.209926
0.853333 9.9973E-05 9.9973E-05 9.9973E-05 0.146367
0.796237 0.0204695 0.0924163 9.9991E-05 0.0907775
0.83526 9.9982E-05 0.0818916 9.9982E-05 0.082648
0.729218 0.131039 0.0248323 0.0403829 0.0745272
0.760568 0.035443 0.143391 9.9991E-05 0.0604977
9.999E-05 0.321363 0.510223 0.0633664 0.104948
9.9982E-05 0.522471 0.339353 0.137976 9.9982E-05
0.0287249 0.286249 0.517013 0.101865 0.0661483
0.0672232 0.350572 0.381024 0.155552 0.0456288
0.100524 0.421571 0.228609 0.139894 0.109402
0.0555523 0.528041 0.203447 0.133978 0.0789823
9.9991E-05 0.467384 0.28651 0.100583 0.145424
0.148428 0.324468 0.415366 0.079825 0.0319123
0.0183895 9.9991E-05 0.710935 0.0835612 0.187015
0.0298967 0.440691 0.239417 0.101722 0.188273
0.0332308 0.387151 0.183758 0.168281 0.227578
0.064926 0.555396 0.22096 0.038274 0.120444
0.0128366 0.331406 0.384972 0.113084 0.157701
0.128551 0.567777 0.163185 0.0983284 0.0421592
0.00564605 0.432555 0.277211 0.183298 0.10129
0.00781507 0.252231 0.47115 0.104186 0.164618
9.9991E-05 0.241136 0.483904 0.215412 0.0594485
0.032801 0.206685 0.461883 0.0653445 0.233287
0.850871 0.109519 9.9982E-05 0.0394101 9.9982E-05
0.846467 0.121944 9.9982E-05 0.0313889 9.9982E-05
0.78852 0.155472 9.9982E-05 0.0558075 9.9982E-05
0.79743 0.171541 9.9982E-05 0.0308291 9.9982E-05
0.0382841 0.642331 0.128469 0.000649567 0.190266
0.030689 0.583999 0.161132 0.0596821 0.164498
0.00529338 0.656632 0.0762555 0.032086 0.229734
0.0705536 0.165925 0.579193 0.0419299 0.142398
9.9991E-05 0.398532 0.106977 0.0567616 0.43763
0.0408538 0.617991 0.192583 9.9991E-05 0.148472
0.00233456 0.783334 9.9991E-05 0.0291729 0.185058
0.185101 0.584052 0.0672332 9.9991E-05 0.163514
0.168747 0.744624 0.00563257 0.0042611 0.0767351
0.0200083 0.296557 0.235515 9.9991E-05 0.44782
0.0892386 0.655347 0.00594894 0.0653812 0.184084
0.0369014 0.656454 9.9991E-05 0.0885301 0.218015
0.116226 0.489458 0.105301 0.159163 0.129852
9.9973E-05 0.497461 9.9973E-05 9.9973E-05 0.502239
0.0418499 0.788128 0.0180926 0.00138125 0.150548
0.132755 0.680556 0.10233 0.0436636 0.0406951
0.091752 0.00924296 0.0786177 9.9991E-05 0.820287
9.9982E-05 0.246379 0.493719 9.9982E-05 0.259702
9.9991E-05 0.0241504 0.333225 0.127649 0.514876
0.0596652 0.614836 0.105346 0.106857 0.113295
0.0706171 0.606582 0.0945589 0.0926441 0.135597
0.119591 0.609412 0.17273 0.0417604 0.0565065
0.128158 0.223526 0.474085 9.9991E-05 0.174131
0.0119146 0.701028 0.246304 9.9991E-05 0.0406533
0.144367 0.5259 0.114119 0.188457 0.0271573
0.133518 0.426066 0.248249 0.0106824 0.181485
0.212826 0.123883 0.435652 0.0681918 0.159447
0.0543245 0.654922 0.129129 0.0788183 0.0828064
0.0545883 0.521313 0.24931 0.055519 0.11927
0.0840808 0.138523 0.532735 9.9991E-05 0.244562
9.9991E-05 0.58496 0.311844 0.019924 0.0831725
0.0191019 0.668932 0.040917 0.0761873 0.194862
0.0342416 0.551742 0.266425 0.127095 0.0204955
0.0379925 0.320089 0.34097 0.0824985 0.218451
0.0204106 0.555025 0.178005 0.0945435 0.152016
0.0710302 0.699474 0.139184 0.00584195 0.0844703
0.0166676 0.299409 0.449606 9.9991E-05 0.234218
9.9982E-05 0.664567 0.0926339 9.9982E-05 0.242599
9.9982E-05 0.397941 0.217723 9.9982E-05 0.384136
9.9991E-05 0.632423 0.191742 0.0473787 0.128356
9.9982E-05 0.193665 0.00383139 9.9982E-05 0.802304
9.9982E-05 0.17572 0.141403 9.9982E-05 0.682677
9.9982E-05 0.510782 0.0696015 9.9982E-05 0.419416
0.00203941 0.634661 0.102016 9.9991E-05 0.261183
0.133765 0.709314 9.9991E-05 0.0257941 0.131027
0.0607647 0.54577 0.0532027 9.9991E-05 0.340163
0.0118193 0.331941 0.20178 0.0246097 0.42985
0.0197941 0.379969 0.257728 9.9991E-05 0.342409
0.0884384 0.633649 0.0382963 0.134665 0.104951
9.9991E-05 0.472004 0.122286 0.00963876 0.395972
0.0900142 0.658824 0.0321852 9.9991E-05 0.218877
0.0052255 0.592212 9.9982E-05 9.9982E-05 0.402363
9.9982E-05 0.135878 0.0129237 9.9982E-05 0.850998
0.119672 0.759273 0.0593876 0.0565146 0.00515302
0.786815 0.0472764 0.107606 0.0582026 9.9991E-05
0.902848 0.0968521 9.9973E-05 9.9973E-05 9.9973E-05
0.854937 0.0920126 9.9982E-05 0.0528506 9.9982E-05
0.921572 0.0781283 9.9973E-05 9.9973E-05 9.9973E-05
0.900019 0.0996537 9.9982E-05 9.9982E-05 0.000127322
0.899562 0.0779535 9.9991E-05 0.0219962 0.00038801
0.923557 0.0738643 9.9982E-05 0.00237878 9.9982E-05
0.120127 0.607891 9.9991E-05 0.101806 0.170076
0.0768979 0.690525 0.0553601 0.0636231 0.113594
9.9982E-05 0.280609 0.121873 9.9982E-05 0.597319
0.164992 0.632326 0.0779586 0.027297 0.0974268
0.00941372 0.572885 0.149503 0.0181279 0.25007
0.0489241 0.719012 9.9982E-05 9.9982E-05 0.231864
0.0405278 0.658454 9.9991E-05 0.0732105 0.227708
9.9982E-05 0.601202 9.9982E-05 0.0955887 0.30301
9.9982E-05 0.170469 0.306442 9.9982E-05 0.52289
0.18908 0.548118 0.0266355 0.0181285 0.218037
0.104566 0.693606 0.0946405 0.00506443 0.102123
0.155043 0.583503 0.146575 0.0843533 0.0305262
9.9991E-05 0.472127 0.0114308 0.0277285 0.488614
0.0371577 0.685692 9.9982E-05 9.9982E-05 0.276951
0.0536645 0.604246 0.168729 9.9991E-05 0.17326
9.9982E-05 0.561144 9.9982E-05 0.0402478 0.398408
0.0106224 0.57076 0.177884 9.9991E-05 0.240634
0.157398 0.641475 0.107616 0.01929 0.0742217
0.0353997 0.27931 0.37552 0.0284833 0.281287
0.117627 0.357945 0.316955 0.118275 0.0891986
0.143866 0.563286 0.130364 0.0742738 0.0882097
0.0412732 0.663266 0.137847 0.0833272 0.0742864
0.0650365 0.54418 0.367753 0.0229309 9.9991E-05
0.0289618 0.697253 0.249865 0.0238209 9.9991E-05
0.0153579 0.462191 0.462669 0.0551086 0.00467298
0.103357 0.582009 0.192442 0.0133244 0.108867
0.0482827 0.571558 0.0942255 0.129297 0.156636
0.0924383 0.679237 0.18202 9.9991E-05 0.0462049
9.9982E-05 0.560802 0.415503 9.9982E-05 0.0234956
0.0226518 0.684412 0.10803 0.0666171 0.118289
0.0805197 0.598251 0.196283 0.124847 9.9991E-05
9.9991E-05 0.564393 0.303906 0.0966323 0.0349692
0.0794214 0.70899 0.0841644 0.0451416 0.0822823
0.0402946 0.569262 0.171433 0.0895558 0.129455
0.108042 0.441204 0.277772 9.9991E-05 0.172882
9.9991E-05 0.658717 0.224887 0.113128 0.00316752
0.0235052 0.665062 0.219264 0.032523 0.0596463
0.0210979 0.359207 0.41127 0.0458283 0.162597
0.0333613 0.16969 0.310808 0.0499152 0.436226
0.00273923 0.577008 0.298841 0.0510602 0.0703513
9.9991E-05 0.0929909 0.336539 0.109846 0.460524
0.0329038 0.33448 0.438211 9.9991E-05 0.194306
9.9982E-05 0.487355 0.35161 9.9982E-05 0.160835
0.00429915 0.428333 0.563835 9.9991E-05 0.00343354
9.9991E-05 0.318077 0.558891 0.0530906 0.069841
0.0927952 0.620947 0.102056 0.131153 0.0530498
0.0883669 0.586393 0.153976 0.153328 0.0179355
0.0797702 0.723471 0.178667 0.00831012 0.00978174
9.9991E-05 0.131124 0.409349 0.108836 0.350591
0.226757 0.654891 9.9982E-05 9.9982E-05 0.118152
0.0935679 0.512728 0.0505176 0.103874 0.239313
0.198428 0.0347719 0.156618 9.9991E-05 0.610083
0.148972 0.671768 0.0193268 9.9991E-05 0.159834
0.135928 0.391978 0.117087 0.0114855 0.343522
0.124448 0.476439 0.000107872 0.15889 0.240116
0.106691 0.228424 0.166007 0.0866507 0.412227
0.141174 0.229039 0.207903 9.9991E-05 0.421785
0.0885556 0.524694 0.11457 9.9991E-05 0.27208
0.129788 0.510581 0.0850278 0.0817711 0.192832
0.187709 0.481594 0.0924004 0.0692089 0.169088
0.0772907 9.9991E-05 0.109501 0.231033 0.582075
0.150132 0.565097 0.135945 9.9991E-05 0.148726
9.9982E-05 0.467446 0.117766 9.9982E-05 0.414587
9.9982E-05 0.561085 0.112389 9.9982E-05 0.326326
0.0593204 0.581925 0.1066 0.109061 0.143094
0.33593 0.200971 0.00344894 0.267591 0.192059
0.58972 9.9982E-05 9.9982E-05 0.144658 0.265421
0.529949 9.9982E-05 9.9982E-05 0.147789 0.322063
0.419625 0.0512698 0.0227721 0.379609 0.126724
9.9982E-05 0.616097 9.9982E-05 0.0743915 0.309311
0.114418 0.592442 0.0209413 0.0551492 0.21705
9.9982E-05 0.343307 0.0205532 0.635939 9.9982E-05
0.00676434 0.312529 0.145974 0.50128 0.0334521
0.0960327 0.46689 0.0607734 0.318048 0.058255
0.0457575 0.38899 9.9991E-05 0.0284252 0.536727
0.0638593 0.553119 0.0182129 0.124021 0.240788
0.0451424 0.237793 9.9991E-05 0.0156586 0.701306
0.0038803 0.622686 0.0725175 0.0655777 0.235338
0.0792032 0.566386 0.041381 9.9991E-05 0.31293
0.0580969 0.676044 0.0175414 9.9991E-05 0.248218
0.00653106 0.28724 0.0506429 0.0255359 0.63005
0.0456974 0.577182 0.0663017 0.11281 0.198009
0.0859372 0.493232 0.141671 0.149369 0.129792
0.0019271 9.9973E-05 9.9973E-05 0.997773 9.9973E-05
9.9982E-05 0.0845325 9.9982E-05 0.910428 0.00483934
0.112814 0.301369 9.9991E-05 0.571282 0.0144345
0.002065 0.290026 0.00335045 0.704459 9.9991E-05
0.00987059 0.0448027 9.9991E-05 0.864726 0.0805008
9.997E-05 9.997E-05 9.997E-05 0.9996 9.997E-05
0.00857326 9.9991E-05 0.0101649 0.968938 0.0122238
9.9973E-05 0.171433 9.9973E-05 0.828267 9.9973E-05
9.9973E-05 9.9973E-05 0.0319614 0.967739 9.9973E-05
9.997E-05 9.997E-05 9.997E-05 0.9996 9.997E-05
0.00180682 9.9973E-05 9.9973E-05 0.997893 9.9973E-05
0.0327664 0.188053 0.0102986 0.768782 9.9991E-05
9.9982E-05 9.9982E-05 0.0924287 0.903679 0.00369225
9.9973E-05 9.9973E-05 9.9973E-05 0.994013 0.00568695
0.00266133 0.343648 0.0920044 0.458353 0.103333
0.0334054 0.168613 0.0123937 0.785488 9.9991E-05
0.0018075 0.196859 9.9991E-05 0.791081 0.0101521
9.9982E-05 0.0922912 0.033662 0.873847 9.9982E-05
9.9973E-05 0.00948575 9.9973E-05 0.990214 9.9973E-05
0.0727699 0.0403649 0.0105754 0.87619 9.9991E-05
9.997E-05 9.997E-05 9.997E-05 0.9996 9.997E-05
9.9991E-05 0.135351 0.0121949 0.792284 0.0600699
0.000208526 0.0588834 0.00830247 0.918391 0.0142147
0.383781 9.9982E-05 9.9982E-05 0.04893 0.567089
0.226076 0.444112 0.113939 0.106919 0.108954
0.225991 0.50164 9.9991E-05 0.0603461 0.211923
0.273086 0.22188 9.9991E-05 0.0920923 0.412841
0.151425 0.441774 9.9991E-05 0.125059 0.281642
0.30538 0.149446 9.9991E-05 0.121735 0.423339
0.185875 0.5289 0.0839668 0.108289 0.0929689
0.166241 0.251762 9.9991E-05 0.236329 0.345568
0.166331 0.491305 0.032442 0.187933 0.121989
0.235284 0.367691 9.9991E-05 0.203298 0.193627
0.294775 0.467047 9.9991E-05 0.0942712 0.143807
0.843257 0.06199 0.0746982 9.9991E-05 0.0199543
0.923504 9.9973E-05 9.9973E-05 0.0761961 9.9973E-05
0.989319 0.00514968 0.00533091 9.99879E-05 9.99879E-05
0.966415 9.9973E-05 0.0332852 9.9973E-05 9.9973E-05
0.864225 0.0111609 0.101273 0.0232417 9.9991E-05
0.922846 9.9982E-05 9.9982E-05 0.069016 0.00793843
0.875302 0.0280258 0.0218197 0.0747527 9.9991E-05
0.917003 0.00746088 0.0065319 9.9991E-05 0.0689042
0.926162 0.073538 9.9973E-05 9.9973E-05 9.9973E-05
0.886142 0.00964206 0.0353479 0.068768 9.9991E-05
0.563322 9.9991E-05 0.314659 0.0184101 0.103509
0.595035 9.9991E-05 0.386358 0.0157401 0.00276705
0.490639 9.9982E-05 0.341973 9.9982E-05 0.167187
0.482105 9.9982E-05 0.409659 9.9982E-05 0.108036
0.0582506 0.630381 0.172111 9.9991E-05 0.139157
0.0190907 0.636616 0.17358 0.00759339 0.163121
0.0389847 0.626907 0.180572 0.0617817 0.091754
0.0209574 0.51477 0.31813 9.9991E-05 0.146043
9.9982E-05 0.22707 0.63343 9.9982E-05 0.1393
0.0387104 0.702298 9.9991E-05 0.0561868 0.202704
9.9991E-05 0.673746 0.0997746 0.0304709 0.195908
9.9982E-05 0.616861 0.118625 9.9982E-05 0.264314
9.9991E-05 0.488233 0.0072389 0.044552 0.459876
0.0804687 0.679345 0.14717 9.9991E-05 0.0929156
0.00274116 0.577924 0.137802 9.9991E-05 0.281433
9.9982E-05 0.0561913 0.127754 9.9982E-05 0.815854
0.057322 0.594459 0.191153 0.0163287 0.140737
0.00593411 0.420885 0.0210888 9.9991E-05 0.551992
9.9991E-05 0.6543 0.0653844 0.0160735 0.264142
9.9982E-05 0.27694 0.310322 9.9982E-05 0.412538
0.116809 9.9991E-05 0.80199 0.0192974 0.0618043
0.107989 0.098188 0.724527 9.9991E-05 0.0691957
0.0372947 9.9982E-05 0.90503 9.9982E-05 0.0574756
0.101796 9.9982E-05 0.82835 9.9982E-05 0.0696547
9.9991E-05 0.0216225 0.853701 0.047956 0.0766208
0.0369317 0.0763388 0.728214 0.0922974 0.0662179
0.858468 0.054042 9.9982E-05 0.08729 9.9982E-05
0.845885 0.0897524 0.0145455 0.0497167 9.9991E-05
0.781668 0.118406 9.9982E-05 0.0997264 9.9982E-05
0.757672 9.9982E-05 0.0974906 0.144638 9.9982E-05
0.809266 0.0781174 0.0499736 0.0625427 9.9991E-05
0.388509 9.9982E-05 0.578438 9.9982E-05 0.032853
0.460399 9.9982E-05 0.412066 9.9982E-05 0.127335
0.43 0.000967667 0.459107 0.000602308 0.109323
0.856336 0.117265 9.9982E-05 0.0261986 9.9982E-05
0.372887 9.9982E-05 0.487758 9.9982E-05 0.139154
0.195744 0.277749 9.9991E-05 0.418584 0.107822
0.194403 0.555772 0.0227342 0.226991 9.9991E-05
0.163002 0.54445 9.9982E-05 0.292348 9.9982E-05
0.300257 0.373453 0.0148999 0.184334 0.127056
0.141203 0.472767 0.116328 0.237897 0.0318044
0.504118 9.9982E-05 9.9982E-05 0.347227 0.148455
9.9991E-05 0.473238 0.394026 0.0302281 0.102407
0.0273324 0.455495 0.191657 9.9991E-05 0.325416
0.0828077 0.301064 0.582219 9.9991E-05 0.0338087
9.9982E-05 0.533749 0.134089 9.9982E-05 0.331962
9.9973E-05 9.9973E-05 0.171947 9.9973E-05 0.827753
9.9991E-05 0.499534 0.19786 0.179087 0.12342
0.0430373 0.556747 0.121716 9.9991E-05 0.2784
0.0445911 0.424151 0.459034 9.9991E-05 0.0721239
0.080822 0.536831 0.202031 0.119097 0.0612188
9.9991E-05 0.138796 0.284003 0.005893 0.571208
9.9991E-05 0.463579 0.222724 0.0596635 0.253933
9.9991E-05 0.567083 0.323331 0.0609088 0.0485771
0.143962 0.425204 0.0108337 0.231172 0.188829
9.9991E-05 0.379101 0.338474 0.0747568 0.207568
0.0263767 0.503211 0.307313 0.0198642 0.143235
9.9991E-05 0.489755 0.152678 0.141398 0.216069
9.9982E-05 0.634261 0.183436 9.9982E-05 0.182104
0.0251705 0.633837 0.190991 0.100918 0.0490831
0.164895 0.630134 0.12239 0.0755525 0.00702842
0.0774125 0.557834 0.141818 0.0718633 0.151072
0.799711 0.132426 9.9982E-05 0.0676628 9.9982E-05
0.846562 0.0991594 9.9991E-05 0.0394017 0.0147767
0.801095 0.02794 0.0637899 0.0198468 0.0873281
0.833844 0.0705598 0.0121102 0.0130799 0.0704058
0.851889 0.147811 9.9973E-05 9.9973E-05 9.9973E-05
9.9991E-05 0.160657 0.703281 0.0578959 0.0780668
0.0505242 0.456551 0.226792 0.130536 0.135597
0.255955 0.499851 0.00888574 0.193075 0.0422324
9.9991E-05 0.639614 0.170354 0.139207 0.0507245
0.03362 0.556955 0.322461 9.9991E-05 0.086864
9.9991E-05 0.256696 0.402553 0.0923412 0.24831
0.0788582 0.0566977 0.667744 9.9991E-05 0.1966
0.0153604 0.503101 0.364586 0.0910351 0.0259181
0.028572 0.140553 0.525729 0.103322 0.201824
0.0958459 0.438668 0.154297 0.0281953 0.282994
0.110418 0.187253 0.587631 9.9991E-05 0.114598
0.110599 0.616121 0.188523 0.0846569 9.9991E-05
0.0866567 0.239541 0.512781 0.00985625 0.151165
0.0271293 0.305785 0.307321 0.141227 0.218538
0.116326 0.546655 9.9991E-05 0.0767809 0.260138
0.0510448 0.349045 0.0877144 0.00816946 0.504026
0.0470258 0.526874 0.110404 0.0820858 0.233611
0.141947 0.561707 0.0172193 0.05901 0.220117
0.0498366 0.431445 0.0516608 9.9991E-05 0.466957
0.0542265 0.48979 9.9991E-05 0.178764 0.277119
0.153149 0.553217 9.9982E-05 9.9982E-05 0.293434
9.9982E-05 0.155882 0.112942 9.9982E-05 0.730976
0.0337024 0.317304 0.0271733 9.9991E-05 0.62172
9.9991E-05 0.553724 0.0706334 0.0571809 0.318362
0.0310455 0.197647 0.150169 9.9991E-05 0.621039
0.0230218 0.548957 0.164248 9.9991E-05 0.263673
9.9991E-05 0.139369 0.621199 0.0540006 0.185331
9.9991E-05 0.348267 0.326946 0.000241343 0.324445
9.9991E-05 0.373113 0.434576 0.117224 0.0749872
9.9991E-05 0.655016 0.139031 0.103493 0.102361
9.9982E-05 0.319292 0.555654 9.9982E-05 0.124855
0.0923264 0.504299 0.19455 0.0753198 0.133505
0.0708291 0.552177 0.293441 0.0799849 0.00356819
0.00690753 0.479394 0.257538 0.119515 0.136645
0.0292364 0.503219 0.29774 0.0771198 0.0926841
0.0380542 0.531554 0.357959 0.0195642 0.0528686
9.9991E-05 0.305323 0.590438 0.0642725 0.0398661
9.9991E-05 0.387159 0.425879 0.108128 0.0787333
9.9991E-05 0.613418 0.266064 0.0556951 0.064723
0.0769108 0.59492 0.221079 0.0972454 0.00984455
0.0157555 0.484956 0.308185 0.0295542 0.16155
9.9991E-05 0.530338 0.224368 0.142394 0.1028
0.0611558 0.360376 0.490121 0.0839857 0.00436085
0.0764294 0.700367 0.180615 0.0128646 0.0297243
9.9982E-05 0.487033 0.315804 0.196962 9.9982E-05
0.0879047 0.569687 0.157101 0.102676 0.0826312
0.366792 0.494188 0.0646894 0.0742299 9.9991E-05
0.121338 0.475712 9.9991E-05 0.244304 0.158546
0.124701 0.480295 0.0856769 0.15553 0.153797
0.102665 0.695432 0.0137965 0.100147 0.0879603
0.193709 0.440887 0.0425702 0.239418 0.0834159
9.9991E-05 0.436408 0.216845 0.128988 0.21766
0.161972 0.51648 0.0582866 0.121865 0.141396
0.252358 9.9982E-05 9.9982E-05 0.215501 0.531941
0.0951139 0.498251 0.0490363 0.25833 0.0992695
0.0780445 0.538151 0.124299 0.225486 0.0340191
0.103673 0.535881 0.0254063 0.193298 0.141741
0.208451 0.320953 0.06268 0.170528 0.237387
0.217108 0.612882 9.9991E-05 0.126919 0.0429909
0.203958 0.560298 9.9991E-05 0.202825 0.0328187
0.508953 9.9982E-05 9.9982E-05 0.194219 0.296627
0.245805 0.664127 9.9982E-05 0.0898679 9.9982E-05
0.136523 0.603696 0.0101247 0.167594 0.0820617
0.101223 0.582551 0.0703109 0.106469 0.139445
0.18616 0.588018 9.9991E-05 0.196586 0.0291362
0.140706 0.401062 0.0786195 0.22746 0.152153
0.0848143 0.53334 9.9991E-05 0.0172894 0.364457
0.174575 0.461937 0.0303957 0.0793177 0.253775
9.9991E-05 0.116977 0.0374479 0.0150514 0.830424
0.000407433 0.0937663 0.0829201 9.9991E-05 0.822806
0.0534931 0.508307 0.130525 0.10123 0.206444
0.119503 0.410025 0.0479887 0.363504 0.05898
0.0783351 0.266585 9.9991E-05 0.421442 0.233538
0.225474 0.151454 0.0533195 0.324909 0.244844
0.221834 0.354207 9.9991E-05 0.287399 0.136461
0.0739122 0.149644 9.9991E-05 0.106068 0.670276
0.122159 0.16838 9.9991E-05 0.123013 0.586348
9.9991E-05 0.571016 0.027668 0.163815 0.237401
0.0671155 0.501488 9.9991E-05 0.120516 0.31078
0.0788194 0.244225 9.9991E-05 0.142191 0.534665
0.0976893 0.521485 0.010679 0.117168 0.252978
0.0166104 0.560917 0.00491736 0.164006 0.25355
0.13042 0.476094 0.0240851 0.163879 0.205522
9.9982E-05 0.437088 0.182833 9.9982E-05 0.379879
9.9991E-05 0.369145 0.0544783 0.100149 0.476128
0.0045239 0.644667 0.148634 0.0144129 0.187762
0.0358545 0.45088 0.115541 0.06976 0.327964
0.0895078 0.560587 0.0176984 0.079419 0.252787
9.9991E-05 0.533799 0.00880936 0.0171889 0.440103
9.9991E-05 0.312806 0.0809432 0.00195617 0.604195
0.0984616 0.701758 9.9982E-05 9.9982E-05 0.199581
9.9991E-05 0.275062 0.0719925 0.0241537 0.628691
0.0596282 0.526491 0.0134707 9.9991E-05 0.40031
0.0533005 0.686212 9.9991E-05 0.0604768 0.199911
0.0443319 0.63717 0.0635345 9.9991E-05 0.254863
0.184123 0.567513 9.9991E-05 0.160724 0.0875404
0.12951 0.353796 0.151778 0.190691 0.174225
0.141532 0.298937 0.0380404 0.31655 0.204941
0.204415 0.384874 0.0815816 0.216155 0.112974
0.120986 0.339446 0.184959 0.222241 0.132369
0.133794 0.51049 0.148017 0.182714 0.0249854
0.217549 9.9982E-05 9.9982E-05 0.184265 0.597985
0.0698748 0.660398 0.0322552 0.185327 0.0521441
0.363851 9.9982E-05 9.9982E-05 0.159536 0.476414
0.0024853 0.518599 0.0101351 0.285516 0.183265
9.9973E-05 0.242488 9.9973E-05 9.9973E-05 0.757212
0.0175062 0.0372964 0.072199 9.9991E-05 0.872898
9.9973E-05 0.584281 9.9973E-05 9.9973E-05 0.415419
0.0630781 0.751741 9.9982E-05 9.9982E-05 0.184981
9.9982E-05 0.52161 0.0124475 9.9982E-05 0.465742
9.9982E-05 0.600635 9.9982E-05 0.018562 0.380603
9.9991E-05 0.638904 0.0506913 0.0257048 0.2846
0.81226 0.0838191 0.036162 0.0565655 0.0111934
0.679634 9.9991E-05 0.15433 0.131403 0.0345334
0.908783 9.9982E-05 0.0411436 0.0498736 9.9982E-05
0.953611 0.0460893 9.9973E-05 9.9973E-05 9.9973E-05
0.100336 0.624981 0.0118785 9.9991E-05 0.262705
0.0373435 0.697068 0.0937296 9.9991E-05 0.171759
9.9982E-05 0.639642 0.0798081 9.9982E-05 0.28035
0.155349 0.709399 0.048315 9.9991E-05 0.0868379
0.0717115 0.565037 0.0406626 0.0474835 0.275105
9.9982E-05 0.389704 0.125412 9.9982E-05 0.484684
9.9991E-05 0.758553 0.0607196 0.0187893 0.161839
9.9973E-05 0.474077 9.9973E-05 9.9973E-05 0.525623
0.198211 0.438163 0.0442627 0.254452 0.0649114
9.9991E-05 0.53172 0.0912697 0.0641434 0.312767
9.9982E-05 0.496105 0.217898 9.9982E-05 0.285797
9.9991E-05 0.734353 0.0656216 0.00143458 0.198491
0.0237539 0.568929 0.0904455 9.9991E-05 0.316771
9.9982E-05 0.650652 9.9982E-05 0.0419655 0.307182
0.0465357 0.711636 0.0267555 9.9991E-05 0.214973
9.9973E-05 0.286408 9.9973E-05 9.9973E-05 0.713292
0.0294287 0.44306 0.0234164 9.9991E-05 0.503995
9.9982E-05 0.487445 0.132462 9.9982E-05 0.379892
9.9973E-05 0.0618473 9.9973E-05 9.9973E-05 0.937853
9.9991E-05 0.625201 0.164996 0.0115072 0.198195
9.9982E-05 0.245651 0.0555833 9.9982E-05 0.698565
9.9982E-05 0.0731078 0.0132971 9.9982E-05 0.913395
0.0956539 0.624573 0.0448112 0.00731045 0.227652
9.9982E-05 0.370194 0.12945 9.9982E-05 0.500157
9.9991E-05 0.574891 0.0891375 0.0534853 0.282386
0.0465011 0.690962 0.0758907 0.0777327 0.108913
9.9982E-05 0.70286 0.106362 9.9982E-05 0.190577
9.9991E-05 0.319302 0.304501 0.0870717 0.289025
9.9982E-05 0.696838 0.127188 9.9982E-05 0.175774
0.010637 0.627404 0.180755 0.0290849 0.152119
9.9973E-05 0.454589 9.9973E-05 9.9973E-05 0.545111
0.0816641 0.647553 0.0994359 0.00792852 0.163418
0.622981 9.9982E-05 0.306764 9.9982E-05 0.0700558
0.778154 0.0652133 0.14302 9.9991E-05 0.0135126
0.831263 9.9982E-05 0.147074 9.9982E-05 0.021463
0.821212 9.9982E-05 0.148139 9.9982E-05 0.0304483
0.758269 0.0170234 0.224508 9.9982E-05 9.9982E-05
9.9982E-05 0.37219 0.316183 9.9982E-05 0.311427
0.0151364 0.300069 0.182996 9.9991E-05 0.501698
9.9973E-05 0.312821 9.9973E-05 9.9973E-05 0.686879
0.12567 0.606056 0.0437123 0.151903 0.0726592
0.15747 0.771064 0.0575457 9.9991E-05 0.0138208
0.0367791 0.482683 9.9991E-05 0.0403495 0.440089
9.9991E-05 0.663289 0.00677403 0.122853 0.206983
0.0331295 0.48929 9.9991E-05 0.0862676 0.391213
0.0251221 0.706809 0.0708469 0.0308422 0.16638
0.0347977 0.638909 0.0470722 0.105756 0.173465
9.9991E-05 0.44414 0.145467 0.02798 0.382313
9.9982E-05 0.541432 0.124729 9.9982E-05 0.333639
9.9982E-05 0.542989 0.194909 9.9982E-05 0.261902
0.190421 0.654831 0.0335992 9.9991E-05 0.12105
9.9982E-05 0.663634 0.110048 9.9982E-05 0.226118
0.017993 0.642738 0.0647897 0.0155398 0.258939
0.01743 0.414825 0.0576269 0.498357 0.0117613
0.167925 0.309306 0.0387794 0.47235 0.0116395
0.11322 0.435824 0.00105426 0.413772 0.0361296
0.216622 0.371124 9.9982E-05 0.412053 9.9982E-05
0.152699 0.430916 0.0475879 0.353004 0.0157919
9.9991E-05 0.576507 0.0166027 0.107185 0.299605
0.311097 0.0215466 0.00319305 0.631788 0.032375
0.180482 0.285519 9.9991E-05 0.501251 0.0326484
0.168578 0.416677 9.9991E-05 0.204286 0.21036
0.15651 0.672097 0.0619773 9.9991E-05 0.109316
0.147462 0.478059 0.155205 0.0409414 0.178334
0.132647 0.593695 0.055631 0.0718988 0.146128
0.0514246 0.726061 9.9991E-05 0.0651768 0.157238
0.158939 0.396276 9.9982E-05 0.444584 9.9982E-05
0.0908745 0.423693 0.149264 0.336068 9.9991E-05
0.0862338 0.414511 9.9982E-05 0.499055 9.9982E-05
0.11477 0.548264 0.09217 0.218227 0.0265689
0.0897953 0.230177 9.9991E-05 0.567058 0.11287
0.113669 0.375426 9.9991E-05 0.381223 0.129582
0.11213 0.165599 0.0607942 0.641691 0.0197861
0.120967 0.417873 0.0389933 0.38541 0.0367572
0.142088 0.610551 9.9991E-05 0.0464877 0.200773
0.114853 0.424611 0.072223 0.382453 0.00586018
0.192314 0.222478 9.9982E-05 0.585008 9.9982E-05
0.0473436 0.301122 0.092841 0.447374 0.111319
0.192851 0.278007 0.233677 9.9991E-05 0.295365
0.0908421 0.578482 0.0763942 0.103068 0.151214
0.208213 0.366264 0.0698189 0.317125 0.0385794
0.119923 0.622333 0.068745 0.073878 0.115122
0.181629 0.597751 0.0951505 9.9991E-05 0.125369
0.139667 0.374552 9.9991E-05 0.248286 0.237395
0.254505 0.36298 0.0138159 0.261476 0.107223
0.124557 0.514617 0.100969 0.159202 0.100655
0.124091 0.446714 9.9991E-05 0.402338 0.0267573
0.0541065 0.370554 9.9991E-05 0.500431 0.0748083
0.219189 0.189019 9.9987E-05 0.591592 9.9987E-05
0.121774 0.681479 0.0772241 0.0914397 0.0280829
0.16906 0.517489 0.14457 9.9991E-05 0.168782
0.15617 0.145585 9.9991E-05 0.097647 0.600498
0.146454 0.638325 9.9991E-05 0.120323 0.094798
0.104009 0.393931 0.23523 0.0902501 0.17658
0.196185 0.579853 9.9991E-05 0.138784 0.0850779
0.179629 0.428209 0.0998712 0.0946551 0.197636
0.37337 9.9982E-05 9.9982E-05 0.2213 0.40513
0.369276 9.9982E-05 9.9982E-05 0.163834 0.466691
0.243532 0.266948 9.9991E-05 0.149179 0.340241
0.394689 0.0457917 9.9991E-05 0.216152 0.343267
0.459648 9.9982E-05 9.9982E-05 0.262949 0.277203
0.174887 0.305674 9.9991E-05 0.19505 0.324289
0.242552 0.335805 9.9991E-05 0.239964 0.181579
0.29855 0.19185 9.9991E-05 0.212868 0.296632
0.319333 0.0825255 9.9991E-05 0.198843 0.399199
0.182404 0.539934 0.0346112 0.150411 0.0926398
0.267907 0.205606 9.9991E-05 0.152511 0.373877
0.524479 9.9982E-05 9.9982E-05 0.101027 0.374294
0.12807 0.528846 0.127648 0.174355 0.0410805
0.155054 0.32175 0.0403203 0.303339 0.179535
0.273933 0.470803 0.0369388 0.178453 0.0398723
0.163993 0.601621 9.9982E-05 0.234186 9.9982E-05
0.126651 0.602581 0.080313 0.190355 9.9991E-05
0.0973085 0.495765 9.9991E-05 0.304562 0.102265
0.400218 0.392816 0.0323611 0.174505 9.9991E-05
0.195464 0.49375 0.0520369 0.226253 0.032496
0.222896 0.49335 9.9982E-05 0.283554 9.9982E-05
0.292781 0.386871 9.9991E-05 0.201783 0.118465
0.152156 0.350888 0.151804 0.162218 0.182935
0.150548 0.62907 0.119953 0.0662439 0.0341855
0.172771 0.548421 0.149474 0.129234 9.9991E-05
0.0956004 0.656972 0.0324097 0.148992 0.0660261
0.320933 0.3493 0.0495952 0.280072 9.9991E-05
0.168107 0.463589 0.0693819 0.252411 0.0465105
0.391874 0.213292 9.9991E-05 0.209041 0.185693
0.158609 0.479435 0.132737 0.22912 9.9991E-05
0.253581 0.159246 9.9991E-05 0.392754 0.194319
0.789787 0.0151925 0.124724 9.9991E-05 0.070196
0.0532232 0.0978626 0.81492 0.0338947 9.9991E-05
0.0149972 9.9973E-05 0.984703 9.9973E-05 9.9973E-05
9.997E-05 9.997E-05 0.9996 9.997E-05 9.997E-05
9.9982E-05 0.0156013 0.96494 0.0192587 9.9982E-05
9.9973E-05 9.9973E-05 0.951987 0.0477134 9.9973E-05
9.9973E-05 0.0901985 0.909502 9.9973E-05 9.9973E-05
0.0337246 9.9973E-05 0.965975 9.9973E-05 9.9973E-05
0.13593 0.000827921 0.845598 0.0175439 9.9991E-05
0.891054 0.0661687 0.0160771 0.0266005 9.9991E-05
0.81602 0.0708299 0.11295 9.9982E-05 9.9982E-05
0.885871 0.0538794 9.9991E-05 0.0181825 0.0419669
0.847028 0.0597566 0.0930156 9.9982E-05 9.9982E-05
0.855924 9.9982E-05 0.045494 0.0983819 9.9982E-05
0.907395 9.9982E-05 0.0921527 0.000252163 9.9982E-05
0.748069 0.0280848 0.0334946 0.190252 9.9991E-05
0.872333 0.0393306 9.9991E-05 0.0708163 0.0174204
0.694942 0.0808178 0.160348 0.0595806 0.0043123
0.915175 9.9982E-05 9.9982E-05 0.0655429 0.0190825
0.959978 0.0136149 0.0262067 9.9982E-05 9.9982E-05
0.833196 0.0362319 0.0419987 0.0884735 9.9991E-05
0.980463 9.9982E-05 0.0138431 0.00549375 9.9982E-05
0.908246 0.0544542 0.00994937 0.0272503 9.9991E-05
0.879494 0.0967373 9.9982E-05 0.0235684 9.9982E-05
0.854153 0.105858 9.9982E-05 0.0397896 9.9982E-05
0.782301 0.0592096 9.9982E-05 0.158289 9.9982E-05
0.787793 0.122209 9.9982E-05 0.0897978 9.9982E-05
0.832318 0.155973 9.9982E-05 0.0115093 9.9982E-05
0.219971 0.469759 0.0778224 9.9991E-05 0.232347
0.154443 0.730536 9.9982E-05 9.9982E-05 0.114822
0.134966 0.56486 0.0203575 0.137092 0.142725
0.107551 0.112493 9.9991E-05 0.0722267 0.70763
0.138393 0.611446 0.0693834 0.0206237 0.160153
0.196565 0.0925849 9.9991E-05 0.0624935 0.648257
0.191258 0.657706 0.0347487 0.0698161 0.0464715
0.117332 0.500751 0.0801681 9.9991E-05 0.301649
0.142831 0.632454 0.0817811 9.9991E-05 0.142834
0.0287093 0.625233 0.0211717 0.0487666 0.276119
0.136756 0.543594 0.134874 9.9991E-05 0.184677
0.125464 0.726255 0.110477 0.00204899 0.0357543
0.116279 0.592701 0.081304 0.0362488 0.173466
9.9991E-05 0.0609223 0.515756 0.100404 0.322818
0.105525 9.9982E-05 0.0649143 9.9982E-05 0.829361
0.146574 0.191353 0.0270358 0.00280269 0.632234
0.179256 0.716985 0.0449941 9.9991E-05 0.0586649
0.153183 0.602653 0.02094 0.0139407 0.209283
0.216537 0.553615 0.0589202 9.9991E-05 0.170828
0.0952245 0.736775 9.9991E-05 0.0325204 0.13538
0.183646 0.470846 0.0422653 0.216135 0.087108
0.178065 0.623897 0.0476542 0.102615 0.0477683
0.457494 0.154673 0.0720764 0.152047 0.163709
0.174083 0.662072 0.134996 0.00935102 0.0194983
0.271328 0.445576 0.0319879 0.1296 0.121507
0.457627 9.9982E-05 9.9982E-05 0.201864 0.340309
0.300656 0.428771 9.9991E-05 0.178779 0.0916947
0.352667 0.311554 0.0942228 0.181404 0.0601523
0.416037 0.470038 0.0600612 0.0537635 9.9991E-05
0.130954 0.435966 0.131744 0.280928 0.0204082
0.217677 0.628224 9.9991E-05 0.107165 0.0468342
0.207316 0.626494 9.9991E-05 0.139357 0.0267328
0.169258 0.282296 9.9991E-05 0.227159 0.321187
0.469888 0.328413 9.9991E-05 0.126215 0.0753847
