0.0525318 9.9982E-05 0.911711 9.9982E-05 0.0355577
9.9973E-05 0.042948 0.956752 9.9973E-05 9.9973E-05
9.9982E-05 9.9982E-05 0.853746 0.132132 0.0139226
0.100545 9.9991E-05 0.798594 0.0115738 0.0891873
9.9982E-05 9.9982E-05 0.869817 0.103313 0.0266698
0.123406 0.0868414 0.650432 0.0500127 0.0893076
0.0363485 0.120862 0.833912 9.9991E-05 0.00877795
0.19364 0.0283747 0.73807 9.9991E-05 0.0398149
0.106065 0.0458739 0.847861 9.9982E-05 9.9982E-05
0.0303175 0.0446564 0.759806 0.144044 0.021176
0.152611 0.0665247 0.75437 0.0263942 9.9991E-05
0.517149 0.0935639 9.9991E-05 0.304723 0.0844638
0.329699 9.9991E-05 0.00192191 0.530405 0.137875
0.468889 0.100845 0.0106166 0.30556 0.114089
0.383862 0.0845388 0.0190251 0.31702 0.195554
0.25595 0.0852033 0.0659629 0.370187 0.222697
0.205027 9.9991E-05 0.101832 0.598295 0.0947458
0.236069 0.0962271 0.0249903 0.492625 0.150089
0.412747 0.0374398 0.113184 0.357527 0.0791028
0.716534 0.17988 0.0140146 0.0124535 0.0771184
0.334722 0.167332 9.9991E-05 0.398205 0.099641
0.134131 0.268517 0.063491 0.463382 0.0704791
0.255421 0.0220544 0.0182272 0.604658 0.099639
0.355858 0.18302 9.9991E-05 0.299819 0.161203
0.0687752 0.00402705 0.155691 0.740985 0.0305212
0.224892 0.0607948 0.0149464 0.595829 0.103538
0.539186 0.159684 0.0125364 0.145 0.143594
0.467272 0.0965524 9.9991E-05 0.235617 0.200459
0.522775 0.138937 0.0289956 0.296607 0.0126852
9.9982E-05 9.9982E-05 0.835369 0.142072 0.0223598
9.9973E-05 9.9973E-05 0.834534 0.165166 9.9973E-05
9.9982E-05 9.9982E-05 0.796364 0.138952 0.0644833
0.0222679 9.9991E-05 0.761088 0.126333 0.0902106
0.149674 0.206684 0.0440965 0.599446 9.9991E-05
0.0977665 0.202525 0.102361 0.577241 0.0201074
9.9982E-05 0.246347 0.0484364 0.705016 9.9982E-05
0.561681 0.173086 0.0445505 0.188357 0.0323248
0.0814026 0.42514 0.0386618 0.454695 9.9991E-05
0.163497 0.0641018 0.155625 0.616676 9.9991E-05
9.9991E-05 0.116464 0.0533804 0.768554 0.0615015
0.0171102 0.154942 0.150888 0.67696 9.9991E-05
0.188005 0.00530114 0.0908741 0.670173 0.0456467
0.187133 0.436323 0.00900618 0.367438 9.9991E-05
0.0377292 0.157208 0.0887287 0.601622 0.114712
9.9991E-05 0.274907 0.025866 0.540111 0.159016
0.115563 0.168779 0.0705925 0.579881 0.0651846
0.0234697 0.457387 9.9982E-05 0.518944 9.9982E-05
0.0711282 0.0735472 0.0308757 0.767726 0.0567233
0.0536971 0.0735838 0.140778 0.67327 0.0586714
0.0240079 0.867356 0.0756559 0.0328802 9.9991E-05
0.475261 0.270831 9.9982E-05 0.253708 9.9982E-05
0.239754 0.600812 0.0418007 0.0919877 0.0256457
0.151751 0.00167565 0.122904 0.600838 0.122831
0.0793934 0.0770131 0.083536 0.60769 0.152367
0.106219 0.0660219 0.0483907 0.712686 0.0666818
0.378842 0.299197 0.0854096 0.236451 9.9991E-05
0.208285 0.0492025 0.0896914 0.645691 0.00712972
0.10516 0.152185 0.0667506 0.596409 0.0794958
0.265859 0.151346 0.100484 0.482211 9.9991E-05
0.352454 0.244171 0.244074 0.0836262 0.0756749
0.132464 0.190312 0.0322912 0.589534 0.0553993
0.294756 0.0419875 0.079129 0.492816 0.0913115
0.540243 0.316127 0.0364765 0.107053 9.9991E-05
0.301103 0.169671 9.9991E-05 0.468468 0.0606584
0.130878 0.0594409 0.0696816 0.673421 0.0665791
0.225794 0.063384 0.0528777 0.612859 0.0450851
0.28279 0.264711 0.0523101 0.253404 0.146785
0.146989 0.248445 9.9991E-05 0.512843 0.0916234
0.211081 9.9982E-05 0.112344 0.676375 9.9982E-05
0.425896 0.227186 0.0438891 0.302929 9.9991E-05
0.107786 0.192747 9.9982E-05 0.699267 9.9982E-05
0.233836 0.403667 9.9982E-05 0.362297 9.9982E-05
9.9991E-05 0.226842 0.143171 0.603527 0.0263602
0.00807158 0.742963 9.9982E-05 0.248765 9.9982E-05
0.123455 0.750604 9.9982E-05 0.125742 9.9982E-05
0.0645413 0.504018 9.9982E-05 0.43124 9.9982E-05
0.120933 0.218216 9.9982E-05 0.660651 9.9982E-05
0.0978207 0.0529431 0.216808 0.601562 0.030866
0.0521371 0.320241 9.9991E-05 0.586826 0.0406954
0.285206 0.388076 9.9991E-05 0.313534 0.0130838
0.338784 0.252082 0.0092354 0.399798 9.9991E-05
0.10634 0.156042 0.0606551 0.61848 0.0584823
0.126441 0.360074 0.0218054 0.49158 9.9991E-05
0.133798 0.28943 0.0225656 0.554106 9.9991E-05
9.9973E-05 0.459679 9.9973E-05 0.540021 9.9973E-05
0.05 0.784434 0.0113858 0.141601 0.0125795
0.0909826 0.105666 0.0134028 0.708824 0.081124
0.0538515 9.9991E-05 0.800353 0.08446 0.0612356
9.9973E-05 9.9973E-05 0.894778 0.104922 9.9973E-05
9.9982E-05 9.9982E-05 0.888548 0.0896734 0.0215782
9.9973E-05 9.9973E-05 0.937836 0.0618638 9.9973E-05
9.9982E-05 9.9982E-05 0.874275 0.0945606 0.0309649
9.9982E-05 9.9982E-05 0.893678 0.103411 0.00271155
9.9973E-05 9.9973E-05 0.913612 0.0860884 9.9973E-05
0.0709542 0.0840653 0.161699 0.683182 9.9991E-05
0.0615957 0.133165 0.0858925 0.606238 0.113108
0.208068 0.585379 9.9982E-05 0.206353 9.9982E-05
0.0382285 0.104621 0.14642 0.673202 0.037529
0.168841 0.201849 0.0286139 0.600596 9.9991E-05
0.00707262 0.149873 0.106528 0.736426 9.9991E-05
0.0128347 0.270132 0.028571 0.65349 0.0349728
9.9982E-05 0.333275 9.9982E-05 0.603402 0.0631227
0.334669 0.521796 0.00851538 0.13492 9.9991E-05
0.0742344 0.0959456 0.187777 0.590532 0.0515103
0.0501064 0.163118 0.0149401 0.723142 0.0486937
0.126971 0.0510302 0.0914045 0.644506 0.0860891
0.027369 0.491838 9.9991E-05 0.446014 0.0346791
0.0386508 0.312086 9.9982E-05 0.649064 9.9982E-05
0.117378 0.228017 0.0424997 0.612006 9.9991E-05
9.9982E-05 0.431611 9.9982E-05 0.524161 0.0440282
0.0794054 0.201221 0.0975154 0.621759 9.9991E-05
0.05917 0.144342 0.150998 0.639779 0.00571076
0.363138 0.344914 0.0287499 0.196247 0.0669515
0.361632 9.9991E-05 0.0831814 0.441414 0.113673
0.130358 0.0456063 0.151173 0.612374 0.0604879
0.136912 0.0922627 0.050572 0.630936 0.0893165
0.375571 0.0372858 0.0123744 0.574669 9.9991E-05
0.284352 0.0329909 0.000689546 0.631746 0.0502219
0.430227 9.9991E-05 0.0489696 0.474228 0.0464752
0.144166 0.14213 0.0942087 0.577229 0.0422666
0.153592 0.043627 0.111725 0.68447 0.00658656
0.148496 0.147413 0.0254496 0.667577 0.0110639
0.347119 9.9982E-05 0.0138406 0.638841 9.9982E-05
0.194086 0.0161185 0.0693626 0.601292 0.11914
0.194063 0.110962 0.0554609 0.538601 0.100913
0.31335 9.9982E-05 9.9982E-05 0.570121 0.116329
0.159448 0.130637 0.060869 0.556895 0.0921514
0.253893 0.0301808 9.9991E-05 0.603666 0.11216
0.208302 0.142791 0.139598 0.436976 0.072333
0.235777 0.0219794 9.9991E-05 0.597772 0.144371
0.129136 0.0345268 0.0164783 0.731233 0.088626
0.448726 0.218963 0.00288982 0.256812 0.0726104
0.238045 0.426357 0.0476081 0.249312 0.0386777
0.2136 0.0128025 0.111083 0.631298 0.0312166
0.350633 0.436238 9.9991E-05 0.100954 0.112075
0.478988 0.0809618 0.0570755 0.382875 9.9991E-05
0.345121 0.10224 0.00655718 0.545982 9.9991E-05
0.417992 0.180726 0.0179782 0.383204 9.9991E-05
0.506774 0.107042 9.9982E-05 0.385983 9.9982E-05
0.130364 0.0421999 0.0887174 0.702898 0.0358214
0.0674632 0.0760314 0.177046 0.611282 0.0681774
0.223247 0.101112 0.0332314 0.58798 0.0544296
0.410302 0.359275 9.9991E-05 0.114401 0.115922
0.0728781 0.0801876 0.176045 0.577729 0.0931606
0.0707827 0.205133 0.114777 0.512012 0.0972953
0.126449 0.597735 0.220446 0.0552692 9.9991E-05
9.9991E-05 0.110895 0.0916058 0.742066 0.0553329
0.115365 0.336432 0.136963 0.355618 0.0556212
0.0291695 0.214782 0.119036 0.579593 0.0574202
0.114728 0.429808 0.131794 0.279112 0.0445574
0.143048 0.509577 0.119817 0.227458 9.9991E-05
0.139885 0.313682 0.0663133 0.474962 0.00515764
0.15504 0.0997431 0.0808379 0.494251 0.170128
0.0852695 0.141972 0.101077 0.596564 0.0751177
0.0663571 0.580795 0.106909 0.0562293 0.189709
0.080926 0.19619 0.127469 0.498541 0.096875
0.131295 0.401262 9.9991E-05 0.46388 0.00346339
0.141971 0.254202 9.9982E-05 0.603628 9.9982E-05
9.9991E-05 0.201072 0.129833 0.652063 0.0169322
0.0113921 0.216487 0.37251 0.147115 0.252497
9.9982E-05 0.215851 0.629391 9.9982E-05 0.154558
9.9982E-05 0.315876 0.53848 9.9982E-05 0.145445
0.0245047 0.0953861 0.426484 0.0466967 0.406928
9.9991E-05 0.212023 0.00585181 0.763216 0.0188089
0.069278 0.204431 0.104054 0.554099 0.068138
0.0411437 9.9982E-05 9.9982E-05 0.270035 0.688622
0.100666 0.0187608 9.9991E-05 0.406612 0.47386
0.129218 9.9991E-05 0.0647532 0.359077 0.446852
9.9991E-05 0.558041 0.0308996 0.369844 0.0411158
0.126469 0.136108 0.0359833 0.571577 0.129863
0.0163653 0.688773 0.0312395 0.199075 0.0645465
9.9991E-05 0.264881 0.0764131 0.614561 0.0440448
9.9991E-05 0.357867 0.0834919 0.547058 0.0114832
0.0290083 0.261786 0.0601703 0.621726 0.0273098
0.0634454 0.609614 0.0383059 0.257869 0.030766
9.9991E-05 0.159672 0.0710109 0.691859 0.077358
9.9991E-05 0.26823 0.0503194 0.580213 0.101138
9.9973E-05 9.9973E-05 9.9973E-05 0.0383718 0.961328
0.00159542 9.9982E-05 9.9982E-05 0.0937561 0.904448
0.0916409 0.0313608 0.00625587 0.234959 0.635783
9.9973E-05 9.9973E-05 9.9973E-05 0.268086 0.731614
9.9982E-05 9.9982E-05 0.00406174 0.169392 0.826346
9.997E-05 9.997E-05 9.997E-05 9.997E-05 0.9996
0.0119465 9.9973E-05 9.9973E-05 9.9973E-05 0.987754
9.9973E-05 9.9973E-05 9.9973E-05 0.140156 0.859544
0.070419 9.9973E-05 9.9973E-05 9.9973E-05 0.929281
9.997E-05 9.997E-05 9.997E-05 9.997E-05 0.9996
9.997E-05 9.997E-05 9.997E-05 9.997E-05 0.9996
0.0204767 9.9991E-05 0.0267564 0.0975332 0.855134
9.9982E-05 9.9982E-05 0.0528339 0.0957321 0.851234
9.9973E-05 0.00321 9.9973E-05 9.9973E-05 0.99649
0.187695 0.0547406 0.0412387 0.286958 0.429367
0.0494976 9.9991E-05 0.0457668 0.253306 0.65133
0.0145972 9.9991E-05 0.0398763 0.209933 0.735493
0.0400727 9.9982E-05 9.9982E-05 0.0875829 0.872144
9.997E-05 9.997E-05 9.997E-05 9.997E-05 0.9996
0.0245004 0.00496896 0.0206478 0.0600045 0.889878
9.9973E-05 9.9973E-05 0.0076877 9.9973E-05 0.992012
0.00809009 0.0503145 0.0875047 0.241093 0.612997
0.0732237 9.9973E-05 9.9973E-05 9.9973E-05 0.926476
9.9982E-05 0.518472 0.395891 9.9982E-05 0.0854369
0.0935515 0.115658 0.277718 0.404868 0.108204
0.0394193 0.171367 0.246781 0.454256 0.088176
9.9991E-05 0.328463 0.349761 0.214428 0.107248
0.0742349 0.183801 0.122109 0.448853 0.171002
9.9991E-05 0.375053 0.322979 0.179187 0.122681
0.105986 0.143422 0.160857 0.451714 0.138021
9.9991E-05 0.311642 0.183043 0.301973 0.203242
9.9991E-05 0.170986 0.183443 0.447821 0.19765
9.9991E-05 0.231038 0.208351 0.332737 0.227774
0.0461189 0.148974 0.188495 0.450315 0.166097
0.0341403 0.0345907 0.857816 0.0733532 9.9991E-05
9.9982E-05 0.0183749 0.915148 9.9982E-05 0.0662774
0.027514 0.0373364 0.93495 9.9982E-05 9.9982E-05
0.0555704 9.9982E-05 0.935359 0.00887091 9.9982E-05
0.0464264 9.9991E-05 0.906298 0.0129922 0.0341836
9.9982E-05 0.0276411 0.892067 9.9982E-05 0.0800922
0.0226232 9.9982E-05 0.872524 9.9982E-05 0.104653
0.00700923 0.0678798 0.90462 0.0203906 9.9991E-05
0.0226023 0.00994575 0.909395 0.0579572 9.9991E-05
0.0336994 9.9982E-05 0.858795 9.9982E-05 0.107306
0.312339 0.0954938 0.591967 9.9982E-05 9.9982E-05
0.378758 0.0117435 0.609298 9.9982E-05 9.9982E-05
0.321097 0.133363 0.545339 9.9982E-05 9.9982E-05
0.329656 0.157997 0.512147 9.9982E-05 9.9982E-05
0.244526 0.17245 9.9991E-05 0.521376 0.0615471
0.148467 0.21675 9.9991E-05 0.59161 0.0430733
0.179437 0.173312 0.00532106 0.613131 0.0287991
0.283347 0.201757 9.9982E-05 0.514696 9.9982E-05
0.710621 0.0535381 9.9982E-05 0.235641 9.9982E-05
9.9991E-05 0.180211 0.0508949 0.688624 0.0801703
0.158691 0.175472 9.9991E-05 0.65766 0.00807655
0.095175 0.236245 9.9991E-05 0.648742 0.0197381
0.036444 0.428248 9.9991E-05 0.52355 0.0116584
0.147507 0.0221153 0.0677591 0.667632 0.0949875
0.200386 0.197237 0.0221398 0.580136 9.9991E-05
0.178253 0.752457 9.9982E-05 0.0690903 9.9982E-05
0.206034 0.181819 0.0194484 0.573406 0.019293
0.0304841 0.592475 0.0124059 0.364535 9.9991E-05
0.0513931 0.233511 9.9982E-05 0.714896 9.9982E-05
0.325454 0.406555 9.9982E-05 0.267791 9.9982E-05
0.871216 0.00181269 0.126771 9.9982E-05 9.9982E-05
0.805161 9.9982E-05 0.114504 0.0801351 9.9982E-05
0.912844 0.0351933 0.0517624 9.9982E-05 9.9982E-05
0.838339 0.041803 0.119658 9.9982E-05 9.9982E-05
0.862998 0.0443905 0.0420613 9.9991E-05 0.05045
0.797147 9.9991E-05 0.0800575 0.0897165 0.0329792
9.9982E-05 9.9982E-05 0.885281 0.0952957 0.019223
0.0706674 9.9991E-05 0.824058 0.0565476 0.0486273
0.00319722 9.9991E-05 0.747038 0.0521422 0.197523
0.0431126 9.9991E-05 0.790093 0.0352098 0.131485
9.9991E-05 0.00835992 0.820506 0.112173 0.0588611
0.600621 0.0215065 0.377673 9.9982E-05 9.9982E-05
0.449265 0.120525 0.43001 9.9982E-05 9.9982E-05
0.464297 0.088108 0.447395 9.9982E-05 9.9982E-05
0.015619 9.9982E-05 0.851708 0.132473 9.9982E-05
0.50558 0.111972 0.382248 9.9982E-05 9.9982E-05
9.9991E-05 0.136714 0.267012 0.186406 0.409769
0.00910594 0.000935989 0.162252 0.598387 0.229319
9.9982E-05 9.9982E-05 0.153428 0.522592 0.32378
9.9991E-05 0.138931 0.236488 0.34203 0.282451
0.0858928 0.069231 0.159457 0.49701 0.188409
9.9982E-05 0.161156 0.507702 9.9982E-05 0.330942
0.386778 0.0862684 9.9991E-05 0.501056 0.0257972
0.157875 0.371982 0.0612698 0.35533 0.0535434
0.552645 0.0337298 0.0634538 0.332851 0.0173199
0.183448 0.272024 9.9991E-05 0.534096 0.0103321
0.204032 0.795668 9.9973E-05 9.9973E-05 9.9973E-05
0.108094 0.165654 0.0999656 0.537999 0.088287
0.282069 0.123139 0.0244691 0.570223 9.9991E-05
0.500329 0.062984 0.0183706 0.41114 0.00717608
0.23028 0.077146 0.0465554 0.571231 0.074787
0.292193 0.513907 9.9982E-05 0.1937 9.9982E-05
0.196172 0.227591 0.0105873 0.468959 0.0966911
0.297597 0.0411151 9.9991E-05 0.548954 0.112234
0.113419 0.130712 0.134397 0.345959 0.275512
0.304894 0.264622 9.9991E-05 0.393943 0.0364407
0.226275 0.205939 0.0386755 0.52901 9.9991E-05
0.0874465 0.284906 9.9991E-05 0.493602 0.133945
0.152175 0.197263 0.0318004 0.604194 0.014567
0.0544385 0.147953 0.0229364 0.680676 0.0939962
0.137261 0.0742945 0.0516648 0.636801 0.0999783
0.102108 0.0783777 0.0496631 0.628355 0.141497
9.9982E-05 9.9982E-05 0.78247 0.143488 0.0738419
9.9991E-05 0.0147939 0.840796 0.104373 0.0399363
0.0778276 0.0539658 0.779752 0.0883542 9.9991E-05
0.0424324 0.0507157 0.846798 0.0438204 0.0162336
9.9982E-05 9.9982E-05 0.82363 0.093349 0.0828212
0.620347 0.111496 9.9991E-05 0.194385 0.0736729
0.233863 0.0866746 0.0497993 0.549642 0.0800216
9.9991E-05 0.127971 0.23487 0.443331 0.193728
0.163478 9.9991E-05 0.0676884 0.72507 0.0436627
0.307077 0.0249177 0.0679994 0.599906 9.9991E-05
0.316608 0.288514 9.9991E-05 0.258451 0.136327
0.606707 0.235852 0.157241 9.9982E-05 9.9982E-05
0.316111 0.0520087 0.01868 0.579844 0.0333563
0.530736 0.192828 0.0580141 0.130807 0.0876143
0.19835 0.199218 0.110729 0.415951 0.0757518
0.612707 0.104669 0.111211 0.0819499 0.0894634
0.154493 9.9991E-05 0.133918 0.659097 0.0523928
0.610142 0.137677 0.034537 0.194771 0.0228735
0.259506 0.214014 0.0412707 0.391741 0.0934679
0.0774078 0.262974 0.0830015 0.432677 0.143939
0.120063 0.490494 0.0684402 0.294053 0.0269503
0.0977027 0.238664 0.0374971 0.597057 0.0290791
9.9991E-05 0.273232 0.121882 0.526031 0.0787557
0.111067 0.437804 0.0361256 0.414904 9.9991E-05
0.0592098 0.184598 0.120633 0.591425 0.0441341
9.9982E-05 0.305147 0.10423 0.590423 9.9982E-05
0.0800984 0.769552 0.00744393 0.142806 9.9991E-05
9.9982E-05 0.649649 0.012438 0.337713 9.9982E-05
0.101202 0.286749 0.059819 0.552129 9.9991E-05
0.14 0.616687 0.0474863 0.195727 9.9991E-05
0.219999 0.254566 0.0124596 0.502274 0.010702
0.612075 0.173234 0.0264607 0.149565 0.038665
0.367481 0.273559 9.9991E-05 0.30645 0.0524098
0.454875 0.0245535 9.9991E-05 0.401462 0.11901
0.146924 0.0091627 0.0660415 0.692257 0.0856152
0.523209 0.138531 9.9991E-05 0.30389 0.0342708
0.247436 0.071588 0.0125369 0.507056 0.161383
0.243559 0.0184515 0.10344 0.569876 0.0646738
0.254848 0.0275329 9.9991E-05 0.547909 0.16961
0.269073 0.0611109 9.9991E-05 0.457809 0.211907
0.451017 9.9991E-05 0.0125337 0.511686 0.0246639
0.529706 0.142953 9.9991E-05 0.222146 0.105095
0.505785 0.0401136 9.9991E-05 0.318133 0.135868
0.155999 0.0809187 0.0011622 0.695959 0.0659613
0.220014 0.0832516 0.0551047 0.63528 0.00634996
0.257299 0.104337 0.0944653 0.543799 9.9991E-05
0.184131 0.110967 9.9991E-05 0.575589 0.129214
0.447612 0.0861589 9.9991E-05 0.327133 0.138995
0.251225 0.00579742 0.0501757 0.68014 0.0126624
0.301331 0.0454981 0.0332655 0.438361 0.181544
0.192632 0.159159 9.9991E-05 0.404692 0.243417
0.0465404 9.9991E-05 0.391699 0.475764 0.0858975
9.9991E-05 0.187261 0.0690548 0.416452 0.327132
0.0241283 0.0902297 0.186169 0.487499 0.211974
0.0200904 0.127757 0.052932 0.602161 0.197059
0.0656982 0.0539275 0.182819 0.462732 0.234823
0.231713 0.199919 9.9991E-05 0.530371 0.0378976
0.0805597 0.0738606 0.159991 0.513641 0.171947
9.9991E-05 0.520708 0.314893 0.0438336 0.120466
0.152747 0.0925813 0.0855717 0.405465 0.263635
9.9991E-05 0.053827 0.177401 0.618337 0.150335
0.0858796 0.112046 0.0913557 0.523138 0.187581
0.0953347 0.198504 0.188702 0.297536 0.219923
9.9991E-05 0.0886554 0.207558 0.560853 0.142833
0.0113481 0.0653948 0.183286 0.487628 0.252343
9.9982E-05 0.296983 0.506822 9.9982E-05 0.195994
9.9991E-05 0.0204527 0.260329 0.593695 0.125423
9.9991E-05 0.125753 0.187309 0.405844 0.280994
0.0812497 0.0562041 0.143536 0.575032 0.143978
9.9991E-05 0.0600821 0.210966 0.548364 0.180488
0.0120116 0.118592 0.122201 0.48608 0.261116
0.0657876 0.342464 9.9991E-05 0.465143 0.126505
0.0630569 0.231477 0.0537727 0.525641 0.126052
0.128386 0.787078 9.9991E-05 0.061208 0.0232275
0.112074 0.825584 9.9982E-05 0.0621424 9.9982E-05
0.0515773 0.190663 0.0880815 0.594258 0.0754206
9.9991E-05 0.111465 0.133023 0.418136 0.337276
9.9991E-05 0.129774 0.147973 0.299315 0.422838
9.9991E-05 0.313777 0.214894 0.123388 0.347841
9.9991E-05 0.100394 0.187314 0.399972 0.312221
9.9991E-05 0.608388 0.14411 0.0990102 0.148392
9.9991E-05 0.554727 0.137804 0.169763 0.137606
0.0137045 0.256007 9.9991E-05 0.596856 0.133333
0.0248658 0.235838 0.0560705 0.499552 0.183674
9.9991E-05 0.502484 0.13179 0.259838 0.105787
0.105615 0.196824 0.0130205 0.484386 0.200155
9.9991E-05 0.234719 0.00522606 0.609696 0.15026
0.15737 0.0997776 0.00747313 0.469862 0.265518
0.0575828 0.490464 9.9982E-05 0.451754 9.9982E-05
0.111642 0.394511 9.9991E-05 0.469049 0.0246972
0.0600923 0.260936 0.0608507 0.618021 9.9991E-05
0.164776 0.243278 0.0525159 0.465656 0.0737745
0.15594 0.0351512 0.128908 0.589722 0.0902793
9.9982E-05 0.476838 9.9982E-05 0.502268 0.020694
0.115297 0.596156 9.9991E-05 0.282917 0.00552986
9.9982E-05 0.271606 9.9982E-05 0.58807 0.140123
0.0579699 0.573676 9.9991E-05 0.31939 0.0488641
9.9991E-05 0.392461 0.0626966 0.524826 0.0199164
0.00800705 0.179318 0.0892634 0.716237 0.00717469
0.00602801 0.275506 0.0298784 0.686316 0.00227178
0.00582782 0.0422065 0.160335 0.589846 0.201785
0.0871137 0.188781 0.151604 0.448371 0.124131
0.0800675 0.143934 0.132251 0.288092 0.355655
0.171206 0.139294 0.165509 0.317565 0.206426
0.135798 0.0334354 0.179866 0.408999 0.241902
0.0617648 0.153006 0.1553 0.426475 0.203454
0.0549781 0.557436 0.176484 9.9991E-05 0.211002
0.0629468 0.0407837 0.0666829 0.56879 0.260796
9.9982E-05 0.425282 0.425341 9.9982E-05 0.149178
0.0478756 0.131009 0.0186053 0.54198 0.260529
9.9973E-05 0.789854 9.9973E-05 0.209846 9.9973E-05
0.054782 0.924988 9.9982E-05 0.0200297 9.9982E-05
0.0279599 0.358353 9.9991E-05 0.597095 0.0164924
9.9991E-05 0.244217 0.0111204 0.712247 0.0323158
0.0189679 0.466078 9.9982E-05 0.514754 9.9982E-05
9.9973E-05 0.372217 9.9973E-05 0.627483 9.9973E-05
9.9982E-05 0.334785 9.9982E-05 0.601825 0.0631904
0.0514642 9.9991E-05 0.808419 0.106628 0.0333897
0.149368 9.9982E-05 0.724934 9.9982E-05 0.125497
0.0785587 9.9982E-05 0.854992 9.9982E-05 0.0662489
9.9973E-05 9.9973E-05 0.963624 0.0360762 9.9973E-05
0.124632 0.159634 0.0699175 0.645716 9.9991E-05
0.0373004 0.261813 0.0707297 0.621405 0.00875222
0.150368 0.231963 9.9982E-05 0.617469 9.9982E-05
9.9982E-05 0.137061 0.107942 0.754797 9.9982E-05
0.0868943 0.184939 0.0881598 0.554138 0.0858684
0.140723 0.440709 9.9982E-05 0.418369 9.9982E-05
0.106588 0.1126 0.0166099 0.761238 0.00296399
9.9982E-05 0.530356 0.0116679 0.457776 9.9982E-05
0.00570468 0.0536025 0.35794 0.468356 0.114396
0.110998 0.281173 9.9991E-05 0.584015 0.0237135
0.174701 0.334998 0.00517884 0.485022 9.9991E-05
0.0188866 0.27843 0.00278675 0.699796 9.9991E-05
0.101148 0.272378 0.00379242 0.612627 0.010055
0.0351574 0.298304 9.9982E-05 0.666338 9.9982E-05
0.07767 0.184429 0.0431683 0.694633 9.9991E-05
9.9973E-05 0.751551 9.9973E-05 0.248149 9.9973E-05
0.0389812 0.507948 0.0386948 0.414276 9.9991E-05
0.182172 0.361847 9.9982E-05 0.455781 9.9982E-05
9.9973E-05 0.948635 9.9973E-05 0.0510652 9.9973E-05
0.145095 0.270887 9.9991E-05 0.566011 0.017907
0.0317901 0.693927 9.9991E-05 0.272413 0.0017706
0.0751289 0.884806 9.9982E-05 0.039865 9.9982E-05
0.0323589 0.24932 0.020666 0.674213 0.0234425
0.148904 0.418787 0.0444144 0.387795 9.9991E-05
0.164098 0.241592 9.9991E-05 0.528463 0.065747
0.0132143 0.169212 0.143983 0.540014 0.133577
0.123862 0.227448 9.9982E-05 0.64849 9.9982E-05
0.326502 0.226806 9.9991E-05 0.32914 0.117453
0.067608 0.208768 9.9991E-05 0.719618 0.00390616
0.160902 0.214269 0.0268376 0.558967 0.0390239
0.0304968 0.43601 9.9982E-05 0.533293 9.9982E-05
0.156376 0.0781779 0.129379 0.617751 0.0183169
0.291429 0.0282598 0.680111 9.9982E-05 9.9982E-05
0.0996409 0.0219462 0.774245 0.104068 9.9991E-05
0.134513 0.03435 0.830937 9.9982E-05 9.9982E-05
0.137021 0.0426688 0.82011 9.9982E-05 9.9982E-05
0.186827 9.9982E-05 0.755963 0.0570099 9.9982E-05
0.271134 0.387169 9.9982E-05 0.341497 9.9982E-05
0.21618 0.495596 0.0504368 0.237688 9.9991E-05
9.9973E-05 0.673913 9.9973E-05 0.325787 9.9973E-05
0.0200671 0.0645125 0.148966 0.574583 0.191871
9.9991E-05 0.0794534 0.149897 0.744532 0.026018
0.0463764 0.499112 0.0324669 0.421945 9.9991E-05
9.9982E-05 0.278197 9.9982E-05 0.655142 0.0664613
9.9991E-05 0.370898 0.105584 0.460315 0.0631034
0.110832 0.158977 0.0506518 0.679439 9.9991E-05
0.140784 0.0978388 0.0209462 0.66937 0.0710605
0.20678 0.385233 9.9982E-05 0.407788 9.9982E-05
0.0994943 0.391415 9.9982E-05 0.508891 9.9982E-05
0.205958 0.283803 9.9982E-05 0.51004 9.9982E-05
0.0738248 0.116168 0.129302 0.680605 9.9991E-05
0.112406 0.336981 9.9982E-05 0.550413 9.9982E-05
0.117688 0.257173 9.9982E-05 0.624939 9.9982E-05
9.9982E-05 9.9982E-05 0.138503 0.424022 0.437275
0.0713305 0.0392253 0.0920447 0.298942 0.498457
9.9982E-05 9.9982E-05 0.127918 0.445928 0.425954
9.9991E-05 0.0265048 0.145913 0.303094 0.524389
0.0631325 0.053313 0.0894318 0.45892 0.335203
9.9991E-05 0.328007 0.00154583 0.645582 0.0247651
9.9991E-05 0.0511314 0.256439 0.0359058 0.656424
9.9991E-05 0.0603016 0.146358 0.33533 0.457911
0.0116779 0.214876 0.10771 0.45308 0.212656
0.0952872 0.139286 0.206983 0.558344 9.9991E-05
0.123605 0.164471 0.147503 0.512298 0.0521226
0.213281 0.0114512 0.0533463 0.558354 0.163567
0.0303528 0.110232 0.134646 0.676649 0.0481202
9.9982E-05 9.9982E-05 0.252539 0.247498 0.499763
0.0845813 0.0158078 0.106281 0.322021 0.471309
9.9982E-05 9.9982E-05 0.0428117 0.411934 0.545055
0.0521721 9.9991E-05 0.118024 0.492112 0.337592
9.9982E-05 9.9982E-05 0.143271 0.283607 0.572922
0.0489977 0.0222281 0.149408 0.438165 0.341202
0.0310218 0.0110595 0.094185 0.201702 0.662032
0.0991893 9.9991E-05 0.056271 0.417131 0.427309
0.0757962 0.259729 0.0558712 0.571203 0.0374011
0.0284248 0.0481606 0.190125 0.363276 0.370013
9.9982E-05 9.9982E-05 0.173926 0.131513 0.694361
0.0277474 0.0284016 0.166429 0.459945 0.317478
0.302059 0.212663 0.200391 0.284786 9.9991E-05
0.0853531 0.185331 9.9991E-05 0.53072 0.198497
0.0784729 0.00120901 0.171274 0.369016 0.380029
0.0904485 0.0335705 0.169063 0.706818 9.9991E-05
0.0776304 0.136367 0.224261 0.537057 0.0246845
9.9991E-05 0.240135 0.134599 0.331707 0.293459
0.011541 0.0555418 0.267544 0.338472 0.326901
0.117609 0.0705107 0.128034 0.597047 0.0867997
0.0445943 9.9991E-05 0.143208 0.407027 0.405071
9.9991E-05 0.0383219 0.106131 0.394586 0.460861
9.9982E-05 9.9982E-05 0.253611 0.146723 0.599466
9.9982E-05 0.108838 0.15211 0.738851 9.9982E-05
0.111937 0.247291 0.126348 0.514324 9.9991E-05
9.9991E-05 0.581058 0.196209 0.139435 0.0831978
0.0929022 0.0317238 0.168817 0.700394 0.00616291
0.283962 0.145538 0.0589928 0.368063 0.143444
9.9991E-05 0.24886 0.2245 0.34796 0.17858
0.130728 0.106424 0.14619 0.452691 0.163966
9.9982E-05 0.439182 0.349939 9.9982E-05 0.210679
9.9982E-05 0.508112 0.34287 9.9982E-05 0.148818
0.0820319 0.343376 0.129965 0.302451 0.142175
0.0167879 0.362809 0.356524 9.9991E-05 0.263779
9.9982E-05 0.301196 0.449245 9.9982E-05 0.249359
9.9991E-05 0.287035 0.183441 0.334647 0.194778
9.9991E-05 0.14704 0.26626 0.426727 0.159873
9.9991E-05 0.273961 0.305591 0.226069 0.19428
9.9991E-05 0.424522 0.336359 0.0482119 0.190807
0.0426303 0.179902 0.117964 0.599044 0.0604604
9.9991E-05 0.436519 0.253238 0.0954907 0.214652
9.9982E-05 0.395845 0.536459 9.9982E-05 0.0674963
0.107513 0.0832837 0.184503 0.395734 0.228966
0.0661412 0.177251 0.175521 0.30403 0.277057
0.0119788 9.9991E-05 0.320272 0.469543 0.198106
9.9982E-05 9.9982E-05 0.170471 0.550224 0.279105
9.9991E-05 0.0113815 0.235817 0.542574 0.210128
9.9991E-05 0.0822828 0.15461 0.501282 0.261725
0.0902046 0.00888857 0.321875 0.312265 0.266766
0.0273155 9.9991E-05 0.213766 0.543524 0.215295
0.00195978 0.0465281 0.265839 0.424576 0.261098
0.000620834 0.159224 0.287767 0.328065 0.224322
0.137977 0.193386 0.16204 0.330842 0.175755
0.155055 9.9991E-05 0.0741798 0.602144 0.168521
0.0260005 0.100794 0.169572 0.613067 0.0905663
0.0840798 0.0492103 0.106343 0.672879 0.0874876
0.0621965 9.9991E-05 0.3066 0.392606 0.238498
0.0320652 9.9991E-05 0.256211 0.539068 0.172555
9.9991E-05 0.214379 0.406478 0.147825 0.231217
0.0668849 9.9991E-05 0.197205 0.484534 0.251276
9.9991E-05 0.133594 0.297575 0.247696 0.321036
0.134441 0.0666317 0.798727 9.9982E-05 9.9982E-05
0.762746 0.00763926 0.0739794 0.155535 9.9991E-05
0.980842 9.9973E-05 0.0188584 9.9973E-05 9.9973E-05
0.986275 9.9973E-05 0.0134247 9.9973E-05 9.9973E-05
0.983439 9.9982E-05 9.9982E-05 0.0157242 0.000637078
0.914861 9.9982E-05 0.00625147 9.9982E-05 0.0786877
0.93285 9.9973E-05 9.9973E-05 0.0668503 9.9973E-05
0.963173 9.9973E-05 0.0365267 9.9973E-05 9.9973E-05
0.757068 9.9991E-05 0.220714 0.00384616 0.0182726
0.0209749 9.9991E-05 0.948094 0.00790505 0.0229256
0.143956 9.9991E-05 0.802191 0.0516845 0.00206914
0.00243245 9.9991E-05 0.890901 0.0617669 0.0447995
0.0992052 9.9982E-05 0.835347 0.0652475 9.9982E-05
0.043229 9.9982E-05 0.85887 9.9982E-05 0.0977011
0.0112006 0.0623513 0.924321 9.9991E-05 0.00202711
0.0484699 9.9991E-05 0.727141 0.0518979 0.172392
9.9991E-05 0.0092427 0.883765 0.0689649 0.0379271
0.109751 0.0190529 0.749757 0.0678378 0.053601
9.9982E-05 9.9982E-05 0.901113 0.00833104 0.0903559
0.0343543 9.9973E-05 0.965346 9.9973E-05 9.9973E-05
0.026683 0.0126309 0.855395 0.0454736 0.0598172
0.00670914 9.9982E-05 0.963631 0.0294597 9.9982E-05
9.9982E-05 9.9982E-05 0.905469 0.0851835 0.00914796
9.9982E-05 9.9982E-05 0.892553 0.0822964 0.0249506
9.9982E-05 9.9982E-05 0.853598 0.0999406 0.0462611
9.9982E-05 9.9982E-05 0.772808 0.104824 0.122168
9.9982E-05 9.9982E-05 0.776124 0.151916 0.0717604
9.9982E-05 9.9982E-05 0.832524 0.114638 0.0526373
0.0918427 0.208399 0.193017 0.481459 0.0252833
0.0835459 0.110827 0.0899266 0.7156 9.9991E-05
0.138293 0.0822106 0.108109 0.535279 0.136109
9.9982E-05 0.691867 0.115463 0.192469 9.9982E-05
0.144276 0.155051 0.157422 0.543151 9.9991E-05
9.9991E-05 0.607958 0.221801 0.159919 0.0102214
0.0289901 0.109054 0.16232 0.647658 0.0519772
0.124209 0.263541 0.120905 0.491246 9.9991E-05
0.0550825 0.213933 0.109218 0.621667 9.9991E-05
0.0856785 0.163384 0.0291625 0.721675 9.9991E-05
0.175558 0.163959 0.14397 0.516414 9.9991E-05
0.030082 0.18769 0.0824076 0.69972 9.9991E-05
0.192953 0.0326382 0.100587 0.618178 0.0556437
0.49604 0.359301 9.9991E-05 0.0780125 0.0665463
0.0389732 0.832494 0.128332 9.9982E-05 9.9982E-05
9.9982E-05 0.647284 0.163729 0.188787 9.9982E-05
0.0666022 0.0637224 0.108219 0.670897 0.0905602
0.0187438 0.205612 0.156947 0.593665 0.0250323
9.9982E-05 0.194355 0.166083 0.639362 9.9982E-05
0.0474385 0.078854 0.118708 0.697087 0.057912
9.9991E-05 0.0186214 0.256987 0.640021 0.0842712
9.9982E-05 9.9982E-05 0.258373 0.616306 0.125121
0.183713 0.0562986 0.438606 0.154194 0.167188
0.132909 0.000559767 0.154275 0.676207 0.036048
0.174709 0.0329338 0.198913 0.433944 0.1595
9.9982E-05 0.349171 0.475348 9.9982E-05 0.175281
9.9991E-05 0.0921482 0.354901 0.378666 0.174186
0.0938286 0.0637752 0.330717 0.302845 0.208835
0.140933 9.9991E-05 0.289127 0.472902 0.0969373
0.0855271 0.0650579 0.131974 0.486369 0.231072
9.9982E-05 9.9982E-05 0.274228 0.545734 0.179838
0.0446185 9.9991E-05 0.192316 0.66472 0.098245
9.9991E-05 0.150815 0.231167 0.439805 0.178113
0.0486615 0.0213516 0.455999 0.326386 0.147602
