0.924066 0.049262 9.9991E-05 0.0196483 0.00692388
0.935118 0.0482725 0.01641 9.9982E-05 9.9982E-05
0.81807 0.0430811 9.9991E-05 0.0415984 0.0971506
0.811576 0.0754589 9.9991E-05 0.0371095 0.0757556
0.879687 0.0226718 9.9991E-05 0.0547198 0.0428217
0.640491 0.0982249 0.142052 0.0672338 0.0519985
0.862978 0.0443362 0.0924859 9.9982E-05 9.9982E-05
0.734924 0.163195 0.0527036 0.0490764 9.9991E-05
0.834599 0.0985732 0.0666276 9.9982E-05 9.9982E-05
0.704596 0.0416096 0.0970128 0.119595 0.0371865
0.747702 0.127025 0.110882 9.9991E-05 0.0142918
9.999E-05 0.504668 0.145973 0.0398782 0.309381
0.0380755 0.338677 0.0974467 0.09808 0.427721
0.064192 0.498633 0.0247951 0.0939391 0.31844
9.999E-05 0.350682 0.139541 0.183007 0.32667
0.120019 0.232886 0.116127 0.0932389 0.437728
0.0962843 0.241288 9.9991E-05 0.125974 0.536353
0.0193615 0.266891 0.133189 0.129174 0.451384
0.150809 0.331255 0.0264248 0.103044 0.388467
0.0430014 0.644155 0.172791 0.0654289 0.0746233
0.0254334 0.293396 0.145535 0.14795 0.387685
0.0424265 0.178974 0.200347 0.0941448 0.484107
0.0823654 0.184192 0.0578151 0.0808573 0.59477
9.999E-05 0.362137 0.195223 0.142041 0.300498
0.156847 0.0744222 0.0680045 0.0448355 0.655891
0.0503361 0.241577 9.9991E-05 0.136181 0.571805
9.9991E-05 0.560423 0.0942427 0.116959 0.228275
9.9991E-05 0.460753 0.111764 0.214696 0.212688
0.0490063 0.455727 0.189658 0.00578401 0.299824
0.851504 9.9982E-05 9.9982E-05 0.0358377 0.112458
0.837291 9.9973E-05 9.9973E-05 9.9973E-05 0.16241
0.808807 0.00350213 9.9991E-05 0.0134797 0.174111
0.74204 9.9991E-05 0.0231532 0.0707442 0.163963
0.0307586 0.0655196 0.197878 0.0117299 0.694114
0.12744 0.0822441 0.150308 0.136924 0.503084
0.0732478 9.9991E-05 0.199314 0.0132402 0.714098
0.126996 0.580863 0.102703 0.0153896 0.174049
0.00615251 0.0554192 0.479667 0.012915 0.445847
0.0187703 0.135473 0.194574 0.119752 0.531431
0.0244135 0.0782485 0.140616 0.069642 0.68708
0.182019 0.0483536 0.0881309 0.00410265 0.677394
0.106519 0.0673655 0.0410152 9.9991E-05 0.785
9.9982E-05 0.213935 0.450294 9.9982E-05 0.33557
0.0659257 0.0503822 0.160728 0.0986079 0.624357
0.0265301 9.9991E-05 0.24504 0.0914993 0.636831
0.193733 9.9991E-05 0.0927545 0.0915291 0.621883
9.9973E-05 9.9973E-05 0.495049 9.9973E-05 0.504652
0.0346995 9.9991E-05 0.208917 0.0930121 0.663271
0.0925529 9.9991E-05 0.222403 0.118907 0.566037
0.0904619 0.0421407 0.867197 9.9982E-05 9.9982E-05
9.9982E-05 0.431268 0.347736 9.9982E-05 0.220796
0.0597059 0.170696 0.606113 0.0423516 0.121133
0.0369765 0.21674 0.0887699 0.194398 0.463116
0.0443692 0.155355 0.126243 0.142208 0.531825
0.107823 0.014218 0.122542 0.116956 0.638461
0.102552 0.330414 0.342911 9.9991E-05 0.224022
0.0640553 0.213491 0.0253584 0.0680356 0.62906
0.0846599 0.168405 0.0445061 0.0870242 0.615405
0.0926568 0.191462 0.238222 0.00228409 0.475375
0.1595 0.382696 0.288984 0.0548251 0.113995
0.0617259 0.163555 0.119725 0.0342876 0.620707
0.0705067 0.241813 0.098944 0.0891411 0.499595
0.0720752 0.513861 0.334395 9.9991E-05 0.0795687
0.0252495 0.223414 0.219667 0.0738038 0.457866
0.0855761 9.9991E-05 0.207661 0.0774643 0.629199
0.0697892 0.184869 9.9991E-05 0.104439 0.640803
9.9991E-05 0.408198 0.195721 0.17222 0.223762
9.9991E-05 0.26989 0.130325 0.15011 0.449575
0.0869952 0.149608 0.108679 0.174086 0.480632
9.9991E-05 0.453927 0.261834 0.000799764 0.28334
0.000125641 0.0769282 0.19058 9.9991E-05 0.732266
9.9982E-05 0.196501 0.35379 9.9982E-05 0.449509
0.0831014 0.079284 0.114516 0.111218 0.611881
9.9982E-05 0.0391673 0.747467 9.9982E-05 0.213166
9.9982E-05 0.0916914 0.709847 9.9982E-05 0.198261
9.9982E-05 0.0522709 0.455997 9.9982E-05 0.491533
0.0173109 0.109409 0.257753 9.9991E-05 0.615427
0.146645 9.9982E-05 0.12596 9.9982E-05 0.727195
0.0417068 0.0156271 0.354794 0.00965856 0.578214
0.0472818 0.286077 0.291253 9.9991E-05 0.375288
0.00366616 0.356789 0.244114 9.9991E-05 0.395331
0.0381354 0.0862487 0.127611 0.121183 0.626821
0.010424 0.144611 0.331515 9.9991E-05 0.51335
0.0780701 0.131972 0.20693 9.9991E-05 0.582928
9.9982E-05 0.0205404 0.381774 9.9982E-05 0.597486
9.9982E-05 0.0449311 0.779279 9.9982E-05 0.17559
0.00696131 0.0436916 0.15858 0.0985769 0.69219
0.838014 0.0189343 9.9991E-05 0.0102825 0.132669
0.912571 9.9973E-05 9.9973E-05 9.9973E-05 0.0871295
0.873937 9.9982E-05 9.9982E-05 0.0502484 0.0756142
0.930478 9.9991E-05 0.00968143 0.0236953 0.0360448
0.895746 9.9973E-05 9.9973E-05 9.9973E-05 0.103954
0.873726 9.9991E-05 0.060784 0.0573014 0.00808848
0.896675 9.9982E-05 9.9982E-05 0.0423344 0.0607909
0.128661 0.0903897 0.162219 9.9991E-05 0.618631
0.0853769 0.0825813 0.117748 0.0903945 0.623899
9.9982E-05 0.213775 0.545837 9.9982E-05 0.240188
0.162758 0.0534085 0.176432 0.0583128 0.549089
0.0465165 0.15378 0.227127 9.9991E-05 0.572476
0.0642795 0.000212775 0.165769 0.0221791 0.74756
0.0981705 9.9982E-05 0.274446 9.9982E-05 0.627183
0.00143387 9.9991E-05 0.285294 0.113983 0.599189
9.9982E-05 0.372574 0.470228 9.9982E-05 0.156999
0.135512 0.0707633 0.152721 0.0568784 0.584126
0.0817232 0.0178818 0.1343 9.9991E-05 0.765995
0.0670205 0.153417 0.0567174 0.13508 0.587765
9.9973E-05 9.9973E-05 0.505748 9.9973E-05 0.493952
9.9982E-05 9.9982E-05 0.277703 0.00941985 0.712677
0.0234399 0.104188 0.32333 9.9991E-05 0.548943
9.9991E-05 0.00359899 0.450036 0.0705404 0.475725
0.0632576 0.158166 0.140437 0.030573 0.607567
0.135756 0.0798324 0.154382 0.0533708 0.576659
0.0475227 0.371836 0.314403 0.0451174 0.221121
0.15653 0.340606 9.9991E-05 0.0478492 0.454915
0.140134 0.120824 0.0923508 0.0474382 0.599253
0.140353 0.0618433 0.122863 0.0222511 0.65269
0.10052 0.310329 0.013691 9.9991E-05 0.57536
0.010927 0.240477 0.0490512 0.0919348 0.60761
9.9991E-05 0.386098 0.0331222 0.0508497 0.52983
0.0983942 0.071278 0.12844 0.114573 0.587314
0.0656662 0.130348 0.0521085 0.120202 0.631675
0.0701836 0.24982 0.0618513 9.9991E-05 0.618045
9.9982E-05 0.374222 0.0555217 9.9982E-05 0.570056
9.9991E-05 0.142432 0.169078 0.157059 0.531332
0.0570163 0.117349 0.144964 0.164566 0.516105
0.0130627 0.256474 0.00525268 0.0714758 0.653734
0.0898295 0.159645 0.119869 0.0964482 0.534208
9.9991E-05 0.213885 0.0884586 0.080816 0.61674
0.166176 0.199123 0.161692 0.0105266 0.462482
9.9991E-05 0.175339 0.0297554 0.0733069 0.721498
0.0864203 0.113575 0.0224303 0.0239438 0.75363
9.9991E-05 0.461725 0.206356 0.110917 0.220901
0.0559345 0.288928 0.416144 0.0839573 0.155036
0.0401964 0.199556 0.105944 0.0712197 0.583084
9.9991E-05 0.334363 0.486315 0.0866617 0.0925607
9.9982E-05 0.418476 0.197688 9.9982E-05 0.383636
0.00202659 0.337875 0.10545 0.0013378 0.553311
0.0281138 0.468208 0.0754587 9.9991E-05 0.42812
9.9991E-05 0.524922 0.097474 0.0163807 0.361123
0.0632438 0.135254 0.108545 0.115295 0.577662
0.162983 0.13002 0.0307497 0.101466 0.57478
0.0925082 0.227977 0.062712 0.0737222 0.543081
0.0014618 0.354513 0.344498 0.142797 0.156731
0.207406 0.0245169 0.0612909 0.069592 0.637194
0.0313819 0.107538 0.291601 0.119601 0.449877
0.187891 0.15044 0.629359 0.00768523 0.024625
0.0703949 9.9991E-05 0.161761 0.0747305 0.693013
0.124321 0.00280515 0.397204 0.0715179 0.404152
0.189209 0.0128526 0.213148 0.109438 0.475351
0.142892 0.089163 0.409117 0.0276926 0.331136
0.149206 0.129209 0.486246 9.9991E-05 0.23524
0.0989437 0.118228 0.281937 9.9991E-05 0.500792
0.150725 0.114772 0.137706 0.169295 0.427502
0.0754479 0.157482 0.231195 0.107117 0.428758
0.0846113 0.0713618 0.638818 0.205109 9.9991E-05
0.0329822 0.10124 0.221426 0.0715312 0.572821
9.9982E-05 0.118867 0.445898 9.9982E-05 0.435034
0.020869 0.171431 0.288065 9.9991E-05 0.519535
0.109925 0.0309022 0.090592 0.101708 0.666873
0.350962 0.0621919 0.178952 0.278211 0.129683
0.626298 9.9982E-05 0.242071 0.131431 9.9982E-05
0.527108 9.9982E-05 0.32499 0.147702 9.9982E-05
0.445101 9.9991E-05 0.130627 0.346627 0.0775457
9.9982E-05 9.9982E-05 0.262655 0.0284831 0.708662
0.00330601 0.16218 0.149836 0.162884 0.521794
9.9982E-05 0.00247232 9.9982E-05 0.705639 0.291688
0.0449209 0.164896 9.9991E-05 0.439196 0.350887
0.0764604 0.154263 0.0484072 0.42881 0.29206
9.9991E-05 0.0384326 0.521675 0.052366 0.387427
0.127664 9.9991E-05 0.291143 0.070465 0.510628
0.0382908 0.0131546 0.673789 0.0370429 0.237722
0.0407354 0.0484758 0.209198 0.0621592 0.639432
0.0707489 0.0746073 0.35388 0.0241717 0.476592
0.101444 0.00204888 0.315822 0.071929 0.508756
0.0520173 0.0836809 0.603509 0.0171169 0.243676
0.0148171 0.0305846 0.181545 0.120059 0.652995
0.0721914 0.0621599 0.191507 0.169322 0.50482
9.9973E-05 9.9973E-05 0.0203414 0.979359 9.9973E-05
9.9982E-05 0.038367 9.9982E-05 0.864131 0.0973019
0.0648411 0.0686704 9.9991E-05 0.548176 0.318212
9.9973E-05 9.9973E-05 9.9973E-05 0.714881 0.284819
0.0279165 9.9982E-05 9.9982E-05 0.775958 0.195926
9.997E-05 9.997E-05 9.997E-05 0.9996 9.997E-05
9.9982E-05 0.00604739 0.022686 0.971067 9.9982E-05
9.9982E-05 0.00976456 9.9982E-05 0.936991 0.0530448
9.9973E-05 0.0457422 9.9973E-05 0.953958 9.9973E-05
9.997E-05 9.997E-05 9.997E-05 0.9996 9.997E-05
9.997E-05 9.997E-05 9.997E-05 0.9996 9.997E-05
0.0619533 9.9982E-05 9.9982E-05 0.765789 0.172058
0.0194354 0.045785 9.9991E-05 0.814167 0.120513
9.9973E-05 0.0244769 9.9973E-05 0.975223 9.9973E-05
0.0801215 0.0948563 0.102307 0.517397 0.205319
0.0456836 0.0454879 9.9991E-05 0.787246 0.121482
0.0941141 0.00175834 9.9991E-05 0.712846 0.191181
9.9982E-05 0.0607498 9.9982E-05 0.87407 0.0649798
9.9973E-05 9.9973E-05 9.9973E-05 0.955474 0.0442256
0.0638591 0.00618506 9.9991E-05 0.884114 0.0457422
9.997E-05 9.997E-05 9.997E-05 0.9996 9.997E-05
0.0159098 0.10144 9.9991E-05 0.659511 0.223039
0.0184725 0.0123402 9.9991E-05 0.850155 0.118933
0.378589 9.9982E-05 0.5451 0.0761112 9.9982E-05
0.17745 0.144059 0.100311 0.0922848 0.485895
0.28793 9.9991E-05 0.213383 0.0330294 0.465557
0.292762 9.9991E-05 0.393016 0.133675 0.180448
0.13788 9.9991E-05 0.180139 0.206576 0.475305
0.281971 9.9991E-05 0.40002 0.126747 0.191162
0.263702 0.0266593 0.136628 0.0980277 0.474983
0.221755 9.9991E-05 0.226726 0.172903 0.378515
0.17099 9.9991E-05 0.195433 0.178781 0.454696
0.203425 9.9991E-05 0.261344 0.252995 0.282136
0.227446 9.9991E-05 0.18495 0.134681 0.452823
0.87025 0.0863583 0.00753066 9.9991E-05 0.0357609
0.927918 9.9982E-05 0.0100569 0.0618249 9.9982E-05
0.967861 0.0239119 0.00344172 9.9991E-05 0.00468574
0.963234 0.0364662 9.9973E-05 9.9973E-05 9.9973E-05
0.868576 0.115054 9.9982E-05 0.0161699 9.9982E-05
0.916603 9.9982E-05 0.0328199 0.0503768 9.9982E-05
0.883843 0.0204185 9.9982E-05 0.0955384 9.9982E-05
0.889958 0.0622578 0.0141281 0.0174755 0.0161808
0.936507 9.9973E-05 9.9973E-05 9.9973E-05 0.0631934
0.898362 0.0204762 9.9991E-05 0.0573442 0.0237176
0.610482 0.296406 0.0929119 9.9982E-05 9.9982E-05
0.596465 0.378976 0.0243591 9.9982E-05 9.9982E-05
0.517241 0.338135 0.144423 9.9982E-05 9.9982E-05
0.490393 0.402424 0.106984 9.9982E-05 9.9982E-05
0.00379725 0.168222 0.176797 0.00761869 0.643565
0.03221 0.136377 0.157451 0.0314932 0.64247
0.0174048 0.191327 0.0682011 0.0442379 0.678829
0.0341743 0.33169 0.149018 9.9991E-05 0.485017
9.9991E-05 0.635923 0.135 0.0170721 0.211905
0.0304495 0.031773 0.144595 0.0723039 0.720878
9.9991E-05 0.152272 0.107818 0.0896242 0.650185
9.9991E-05 0.0971485 0.336076 0.0129051 0.55377
9.9991E-05 0.0176825 0.430506 0.0241496 0.527562
0.0776135 0.103521 0.0844922 9.9991E-05 0.734273
9.9991E-05 0.154263 0.274689 0.00785006 0.563097
9.9982E-05 0.127366 0.793188 9.9982E-05 0.0792457
0.0428371 0.169749 0.222679 0.0400202 0.524715
0.0198628 9.9982E-05 0.553654 9.9982E-05 0.426283
0.00670358 0.117836 0.225975 0.00188405 0.647601
9.9982E-05 0.223503 0.472626 9.9982E-05 0.303671
0.135976 0.771318 0.053578 9.9991E-05 0.0390279
0.151538 0.770617 0.0325123 0.0200415 0.0252914
0.0661877 0.860042 0.0623783 0.0112919 9.9991E-05
0.092007 0.850983 0.0487806 9.9991E-05 0.00812946
9.9991E-05 0.869638 0.0543833 0.0710338 0.00484441
0.0658647 0.794576 0.0372189 0.0910897 0.0112511
0.889574 9.9982E-05 9.9982E-05 0.0182608 0.0919651
0.833034 0.120017 9.9991E-05 0.0398117 0.00703767
0.758496 0.00392169 9.9991E-05 0.130198 0.107284
0.704116 0.14105 9.9982E-05 0.154634 9.9982E-05
0.821185 0.0266852 9.9991E-05 0.0361395 0.11589
0.386666 0.536099 0.0770347 9.9982E-05 9.9982E-05
0.447344 0.38974 0.162716 9.9982E-05 9.9982E-05
0.438591 0.469821 0.0913882 9.9982E-05 9.9982E-05
0.853652 0.0173647 9.9991E-05 0.0121834 0.116699
0.385477 0.499142 0.115181 9.9982E-05 9.9982E-05
0.209197 9.9991E-05 0.14824 0.436694 0.205769
0.0789949 0.0607566 0.0114757 0.338841 0.509932
0.174054 9.9982E-05 9.9982E-05 0.337918 0.487828
0.228027 0.00390384 0.167915 0.296963 0.30319
0.123083 9.9991E-05 0.107005 0.138617 0.631196
0.481635 9.9982E-05 0.174016 0.344148 9.9982E-05
9.9982E-05 0.323764 0.187138 9.9982E-05 0.488899
0.018282 0.206497 0.318483 0.035145 0.421592
0.0645493 0.593995 9.9982E-05 9.9982E-05 0.341256
9.9982E-05 0.176368 0.301998 9.9982E-05 0.521435
9.9973E-05 0.165235 0.834466 9.9973E-05 9.9973E-05
0.0406084 0.116028 0.202055 0.129873 0.511436
0.0349905 0.233231 0.119621 0.0208487 0.591309
0.0396672 0.452639 0.101457 9.9991E-05 0.406137
0.0575704 0.118032 0.124864 0.0882107 0.611323
9.9982E-05 0.257484 0.562278 9.9982E-05 0.180038
9.9991E-05 0.172062 0.329327 0.0737791 0.424733
9.9991E-05 0.242024 0.131638 0.0659947 0.560243
0.118041 0.0881461 0.140635 0.208044 0.445134
9.9991E-05 0.273056 0.312088 0.0320929 0.382663
9.9991E-05 0.285119 0.179407 0.102584 0.432789
9.9991E-05 0.0920034 0.251486 0.147452 0.508958
0.0529904 0.136605 0.191676 0.0275869 0.591142
0.039963 0.200327 9.9991E-05 0.106956 0.652654
0.136863 0.116174 0.0682212 0.0450103 0.633732
0.113757 0.239731 9.9991E-05 0.0497916 0.59662
0.813721 9.9982E-05 9.9982E-05 0.0609682 0.125111
0.842805 9.9982E-05 9.9982E-05 0.018742 0.138253
0.798531 0.05203 0.0618257 9.9991E-05 0.0875137
0.816195 0.0131483 0.0692945 0.0583297 0.0430327
0.874786 9.9982E-05 9.9982E-05 0.00566242 0.119352
9.9991E-05 0.593891 0.107556 0.0884332 0.21002
0.0964416 0.153674 0.238688 0.0928189 0.418377
0.224735 9.9991E-05 0.211792 0.231427 0.331947
0.0549015 0.159188 0.0763041 0.0631033 0.646503
0.0901966 0.178151 0.13743 0.0788432 0.51538
9.9991E-05 0.402245 0.263809 0.161854 0.171992
0.150041 0.553666 0.230465 9.9991E-05 0.0657291
0.00732854 0.326639 9.9991E-05 0.067518 0.598415
0.0376063 0.560651 0.176614 0.116025 0.109104
0.066459 0.112191 0.186277 0.100847 0.534226
0.117999 0.537374 0.219752 0.00390218 0.120973
0.101797 0.214588 0.0100996 0.104523 0.568992
0.0645778 0.547603 0.14573 0.0231737 0.218916
0.0509383 0.256434 0.211482 0.0940968 0.387049
0.0172242 0.18251 0.149889 0.182292 0.468084
0.0318048 0.10011 0.511921 0.0307325 0.325431
0.0568527 0.0979046 0.209237 0.0290285 0.606977
0.0926176 0.0491908 0.159462 0.110504 0.588226
0.0449383 0.056184 0.404683 9.9991E-05 0.494094
0.109066 0.0615109 0.173991 0.151772 0.50366
0.101745 9.9991E-05 0.208334 0.0285333 0.661288
9.9982E-05 0.116144 0.706484 9.9982E-05 0.177172
0.0426008 0.0138346 0.612551 9.9991E-05 0.330913
0.0247282 0.095183 0.246757 0.0336459 0.599686
0.0179351 0.113868 0.604096 9.9991E-05 0.264001
0.0559156 0.145451 0.301534 9.9991E-05 0.496999
9.9991E-05 0.645434 0.18641 0.0366086 0.131448
9.9991E-05 0.263257 0.388345 0.0357814 0.312516
0.0317996 0.396325 0.0528919 0.0985375 0.420446
9.9991E-05 0.147241 0.0580645 0.15738 0.637214
9.9982E-05 0.559278 0.101663 9.9982E-05 0.338859
0.106691 0.187955 0.188026 0.1016 0.415727
0.0765152 0.16985 0.00723903 0.165866 0.580531
9.9991E-05 0.263993 0.148001 0.125432 0.462473
9.9991E-05 0.285424 0.0726945 0.159437 0.482344
9.9991E-05 0.308543 0.125735 0.10305 0.462572
9.9991E-05 0.559811 0.0370626 0.156988 0.246039
9.9991E-05 0.440614 0.0940068 0.16908 0.296199
9.9991E-05 0.251938 0.0498806 0.116122 0.58196
0.0348185 0.253863 0.0415286 0.101405 0.568385
0.0686674 0.162864 0.22243 0.0560396 0.489999
0.0149657 0.21211 0.11338 0.0676312 0.591913
0.0627518 0.404044 0.089474 0.121284 0.322446
0.0527633 0.250274 0.000374577 0.0757703 0.620818
0.0743797 0.209896 0.088972 0.10005 0.526703
0.118907 0.149334 0.114378 0.110567 0.506814
0.395591 9.9991E-05 0.0797386 0.115141 0.409429
0.123756 0.00774712 0.11703 0.335925 0.415541
0.0882929 9.9991E-05 0.196111 0.232408 0.483089
0.011972 0.0783435 0.102187 0.263427 0.544071
0.244809 0.00602841 9.9991E-05 0.198692 0.55037
9.9991E-05 0.163642 0.273814 0.049235 0.513209
0.170314 0.0255969 0.10693 0.0831652 0.613994
0.334075 9.9982E-05 0.512922 0.152802 9.9982E-05
0.10494 0.0639636 0.141993 0.270896 0.418208
0.142323 9.9991E-05 0.141234 0.167782 0.548561
0.0399738 0.124705 0.0706557 0.25995 0.504716
0.174723 0.0466683 0.297136 0.172086 0.309387
0.25437 9.9991E-05 0.0856049 0.19239 0.467535
0.139544 9.9991E-05 0.12612 0.297663 0.436572
0.485164 9.9982E-05 0.308031 0.206605 9.9982E-05
0.213864 0.0314179 0.0650155 0.190697 0.499006
0.150097 9.9991E-05 0.0355421 0.254236 0.560025
0.100465 0.0748467 0.109721 0.185107 0.52986
0.191746 9.9982E-05 9.9982E-05 0.241206 0.566847
0.130252 0.0857636 0.048239 0.190928 0.544817
0.0666456 9.9991E-05 0.277917 0.113731 0.541607
0.105827 0.0915728 0.210331 0.0981992 0.494069
9.9982E-05 0.0434332 0.790244 9.9982E-05 0.166123
0.000661647 0.0785804 0.830227 9.9991E-05 0.0904314
0.0208182 0.0866251 0.282107 0.0627987 0.547651
0.0983584 0.00626119 0.127293 0.348944 0.419144
0.13517 9.9991E-05 0.221353 0.366576 0.276801
0.258455 9.9991E-05 0.257453 0.353544 0.130448
0.175539 0.0229283 0.127271 0.317901 0.356361
0.07377 9.9991E-05 0.653243 0.144853 0.128034
0.131185 9.9991E-05 0.519821 0.0965249 0.252369
9.9991E-05 0.0706569 0.219204 0.171342 0.538697
0.0624491 0.00893075 0.276242 0.1782 0.474178
0.082161 9.9991E-05 0.530315 0.143309 0.244116
0.0845956 9.9991E-05 0.209549 0.140519 0.565237
9.9991E-05 0.0269543 0.269697 0.196435 0.506814
0.0979668 0.174396 0.126531 0.221051 0.380055
0.00716364 0.101093 0.388079 9.9991E-05 0.503564
9.9991E-05 0.100392 0.436202 0.0373654 0.425941
0.0215746 0.0109957 0.254915 0.0952018 0.617313
0.101198 0.0935208 0.247205 0.0644085 0.493667
0.0678245 0.161363 0.171882 0.0596783 0.539252
9.9991E-05 0.00571863 0.401449 0.0283443 0.564388
9.9991E-05 0.0845949 0.580435 0.0306097 0.304261
0.0287525 9.9982E-05 0.214103 9.9982E-05 0.756944
9.9991E-05 0.0485585 0.598917 0.0310232 0.321402
9.9991E-05 0.0799411 0.398619 0.0565588 0.464781
0.101756 9.9991E-05 0.243451 0.0596015 0.595091
9.9991E-05 0.079762 0.334943 0.111471 0.473725
0.18067 9.9991E-05 0.112885 0.225994 0.48035
0.120404 0.0475435 0.240188 0.241957 0.349907
0.165129 0.0587349 0.0752388 0.248269 0.452628
0.190209 0.162499 0.114913 0.263076 0.269303
0.140828 0.141711 0.00621393 0.280604 0.430643
0.202366 0.0696106 0.143596 0.183791 0.400637
0.201041 0.0128809 0.610166 0.175813 9.9991E-05
0.119425 0.0773005 0.016692 0.247613 0.53897
0.412225 9.9982E-05 0.41852 0.169055 9.9982E-05
0.0628305 9.9991E-05 0.201135 0.243335 0.492599
9.9982E-05 0.012765 0.762265 9.9982E-05 0.22477
0.011289 0.0610158 0.881057 0.0169326 0.0297058
9.9982E-05 9.9982E-05 0.392737 0.00348414 0.603579
0.0186885 9.9991E-05 0.199678 0.0688058 0.712728
9.9991E-05 0.00418007 0.503942 0.00302861 0.488749
9.9991E-05 0.00851228 0.258493 0.0350099 0.697884
9.9973E-05 9.9973E-05 0.323806 9.9973E-05 0.675894
0.820492 0.054503 0.00331935 0.063604 0.0580818
0.699612 0.11274 0.0552145 0.132334 9.9991E-05
0.913875 0.0476548 9.9982E-05 0.0382706 9.9982E-05
0.940264 9.9973E-05 9.9973E-05 9.9973E-05 0.0594364
0.0424764 0.0558282 0.295884 0.0126488 0.593162
0.0660842 0.0741394 0.205856 9.9991E-05 0.65382
9.9982E-05 0.182862 0.139944 9.9982E-05 0.676994
0.112627 0.00240093 0.191098 9.9991E-05 0.693774
0.174728 0.0201542 0.221183 0.0845375 0.499397
9.9982E-05 0.157271 0.434611 9.9982E-05 0.407918
9.9991E-05 0.0568974 0.160726 0.0513191 0.730958
9.9973E-05 9.9973E-05 0.462917 9.9973E-05 0.536783
0.271367 0.0863726 0.0102045 0.145958 0.486099
9.9982E-05 9.9982E-05 0.398019 0.0707811 0.531
0.000921922 0.143065 0.335211 0.0307701 0.490032
9.9982E-05 0.0956274 0.226732 9.9982E-05 0.677441
0.00697129 0.0779196 0.354505 0.0153804 0.545224
9.9982E-05 0.0243878 0.210735 9.9982E-05 0.764678
0.119165 0.0447046 0.10132 9.9991E-05 0.73471
9.9973E-05 9.9973E-05 0.64586 9.9973E-05 0.353841
0.0269416 0.0974832 0.436622 0.0492413 0.389712
0.01654 0.0169924 0.430403 9.9991E-05 0.535965
9.9973E-05 9.9973E-05 0.924958 9.9973E-05 0.0747417
0.0121061 0.186114 0.219221 9.9991E-05 0.582459
9.9973E-05 9.9973E-05 0.696022 9.9973E-05 0.303678
0.027254 9.9982E-05 0.890732 9.9982E-05 0.0818138
0.102063 0.0291591 0.209542 0.0363365 0.622899
0.0196065 0.193565 0.399383 9.9991E-05 0.387346
0.00283065 0.170969 0.233827 0.0453954 0.546979
0.0111198 0.0970631 0.131643 0.104041 0.656132
9.9982E-05 0.0983645 0.243443 9.9982E-05 0.657993
9.9991E-05 0.325232 0.233149 0.0513911 0.390128
0.00213196 0.0399388 0.25543 0.0566912 0.645808
0.0291431 0.146402 0.226181 9.9991E-05 0.598174
9.9982E-05 0.0333392 0.474811 9.9982E-05 0.49165
0.0905813 0.0679083 0.209289 0.0308308 0.601391
0.665133 0.27431 0.0602853 0.000171041 9.9991E-05
0.734943 0.132276 0.0739714 9.9991E-05 0.0587094
0.825969 0.127773 0.0460581 9.9982E-05 9.9982E-05
0.819135 0.136541 0.0441236 9.9982E-05 9.9982E-05
0.749985 0.204137 0.0359903 9.9991E-05 0.00978858
0.00248741 0.338067 0.337478 9.9991E-05 0.321868
0.0210144 0.164976 0.511256 9.9991E-05 0.302654
9.9973E-05 9.9973E-05 0.665822 9.9973E-05 0.333878
0.171063 0.000614102 0.0872071 0.0823286 0.658787
0.146611 0.0857498 0.05715 0.0181327 0.692357
0.0284827 9.9982E-05 0.489818 9.9982E-05 0.481499
9.9982E-05 9.9982E-05 0.158129 0.0899243 0.751746
0.101367 9.9991E-05 0.344471 0.0174172 0.536645
0.0194629 0.103183 0.214861 9.9991E-05 0.662394
0.0519562 0.051182 0.0710547 0.0777885 0.748019
9.9982E-05 0.183816 0.33922 9.9982E-05 0.476764
9.9982E-05 0.12001 0.306886 9.9982E-05 0.572903
9.9982E-05 0.16508 0.271737 9.9982E-05 0.562983
0.154393 0.0302167 0.0959585 9.9991E-05 0.719332
0.0302206 0.0929684 0.274716 9.9991E-05 0.601995
0.0671184 0.10948 0.222668 0.0367282 0.564005
0.0764 0.103255 9.9991E-05 0.445482 0.374762
0.0872417 0.0512475 0.0258107 0.456104 0.379596
0.0973347 9.9982E-05 9.9982E-05 0.43737 0.465096
0.172511 9.9991E-05 0.0270156 0.473832 0.326542
0.138185 9.9991E-05 0.0456934 0.360254 0.455768
0.0153677 9.9991E-05 0.362635 0.0457785 0.576119
0.257518 9.9991E-05 0.0298903 0.671946 0.0405453
0.15736 0.0422508 0.0480238 0.503658 0.248707
0.173387 0.0279652 0.163857 0.201592 0.433199
0.183539 9.9982E-05 0.210385 9.9982E-05 0.605877
0.129628 0.119797 0.234807 0.100679 0.415089
0.145201 0.076032 0.118089 0.0557929 0.604885
0.105179 0.104397 0.151938 0.0629293 0.575557
0.237477 9.9982E-05 9.9982E-05 0.485022 0.277302
0.111971 0.0555765 9.9991E-05 0.411818 0.420534
0.112246 9.9982E-05 9.9982E-05 0.507314 0.38024
0.128934 0.126088 9.9991E-05 0.366678 0.3782
0.161866 9.9991E-05 0.0073245 0.542616 0.288093
0.134501 9.9991E-05 0.163877 0.276463 0.425059
0.099649 0.00489653 0.0983125 0.579075 0.218067
0.0069207 0.0927245 0.0516656 0.529138 0.319552
0.11194 9.9991E-05 0.20811 0.050671 0.629179
0.190738 0.0400665 0.031325 0.39689 0.340981
0.182396 9.9982E-05 9.9982E-05 0.609744 0.207661
0.135265 0.0591595 0.061644 0.381986 0.361946
0.209403 0.275185 0.272909 9.9991E-05 0.242403
0.0138368 0.0656674 0.197444 0.182557 0.540495
0.0912978 0.170402 9.9991E-05 0.333663 0.404537
0.101765 0.101788 0.138862 0.0739116 0.583673
0.183165 9.9991E-05 0.279591 0.0225846 0.51456
0.239531 0.00235582 0.20505 0.165611 0.387452
0.249187 9.9991E-05 0.103639 0.293142 0.353932
0.194429 0.0872256 0.0525959 0.118438 0.547311
0.117709 9.9991E-05 0.0407554 0.336698 0.504738
0.090529 0.0125841 9.9991E-05 0.519026 0.377761
0.246199 9.9991E-05 0.0268903 0.612844 0.113966
0.115989 0.0915006 0.150967 0.0723895 0.569153
0.161856 0.027552 0.227055 9.9991E-05 0.583437
0.178347 9.9991E-05 0.583633 0.0497153 0.188205
0.113259 0.133363 0.089935 0.097527 0.565917
0.0722997 0.240675 0.164011 0.061591 0.461424
0.126989 9.9991E-05 0.165444 0.241602 0.465865
0.250025 0.0280527 0.152587 0.110703 0.458632
0.348357 9.9982E-05 0.408556 0.242887 9.9982E-05
0.375852 9.9982E-05 0.511609 0.112339 9.9982E-05
0.213935 0.00046239 0.341701 0.161507 0.282395
0.373747 9.9991E-05 0.402886 0.199328 0.0239381
0.482247 9.9982E-05 0.27026 0.247292 9.9982E-05
0.186548 0.0325973 0.301084 0.156768 0.323002
0.235681 9.9991E-05 0.218862 0.181465 0.363892
0.3503 9.9991E-05 0.238136 0.147498 0.263966
0.366953 9.9991E-05 0.395018 0.186485 0.0514439
0.114507 0.0796079 0.183964 0.188377 0.433544
0.246964 9.9991E-05 0.471555 0.157129 0.124253
0.505032 9.9982E-05 0.427383 0.0673846 9.9982E-05
0.270514 0.0488814 0.0449469 0.124278 0.511379
0.175604 0.0376489 0.165683 0.31171 0.309355
0.336055 9.9991E-05 0.0401203 0.132607 0.491118
0.182023 9.9982E-05 9.9982E-05 0.280926 0.536851
0.153259 0.0938094 0.0361417 0.207818 0.508972
0.14405 0.0726286 0.0661761 0.373302 0.343843
0.356035 0.0512086 0.013571 0.247169 0.332016
0.298068 0.0074151 9.9991E-05 0.156459 0.537958
0.255985 0.0363311 9.9991E-05 0.23417 0.473414
0.244671 9.9991E-05 0.189535 0.250002 0.315692
0.173924 0.150716 0.216052 0.143483 0.315825
0.100496 0.13295 0.109254 0.206234 0.451066
0.130487 0.115051 0.0103098 0.156731 0.587422
0.101406 9.9991E-05 0.185632 0.155932 0.55693
0.309622 0.0237037 0.0495938 0.236143 0.380938
0.220678 0.0136729 0.112898 0.156337 0.496414
0.395452 9.9991E-05 0.193518 0.246933 0.163997
0.206871 0.0465388 9.9991E-05 0.261083 0.485407
0.281663 9.9991E-05 0.146639 0.35767 0.213927
0.810756 0.109344 0.0581834 0.000881164 0.0208352
0.0880276 0.766253 0.0601039 0.0192479 0.0663675
9.997E-05 0.9996 9.997E-05 9.997E-05 9.997E-05
9.997E-05 0.9996 9.997E-05 9.997E-05 9.997E-05
9.9973E-05 0.994548 9.9973E-05 0.00515242 9.9973E-05
9.9982E-05 0.90679 9.9982E-05 0.0137545 0.0792553
9.9973E-05 0.921939 9.9973E-05 9.9973E-05 0.0777609
0.0303756 0.969325 9.9973E-05 9.9973E-05 9.9973E-05
0.235211 0.764489 9.9973E-05 9.9973E-05 9.9973E-05
0.9238 0.0552324 9.9982E-05 9.9982E-05 0.0207678
0.801036 0.115675 9.9982E-05 9.9982E-05 0.0830892
0.90108 9.9991E-05 0.00958061 0.0161594 0.0730804
0.833431 0.0837578 0.0499928 0.0226082 0.0102106
0.898463 0.0358984 9.9991E-05 0.0475822 0.0179563
0.916027 0.0836729 9.9973E-05 9.9973E-05 9.9973E-05
0.799226 0.0664883 0.0315388 0.102646 9.9991E-05
0.87895 9.9982E-05 9.9982E-05 0.0514181 0.0694317
0.719456 0.10546 0.0148235 0.100762 0.0594984
0.918734 9.9982E-05 9.9982E-05 0.0510594 0.0300063
0.957726 0.0419739 9.9973E-05 9.9973E-05 9.9973E-05
0.845161 0.0690734 9.9991E-05 0.0542947 0.0313712
0.964213 0.0234452 9.9982E-05 0.0121421 9.9982E-05
0.917301 0.015932 9.9991E-05 0.0230189 0.043648
0.845832 0.0426666 9.9991E-05 0.0308926 0.0805091
0.840643 9.9982E-05 9.9982E-05 0.027214 0.131943
0.780701 9.9982E-05 9.9982E-05 0.148899 0.0701994
0.760656 9.9982E-05 9.9982E-05 0.109529 0.129615
0.836335 9.9982E-05 9.9982E-05 0.0642259 0.0992394
0.171975 0.136552 0.235987 0.0304058 0.42508
0.0817082 0.10771 0.0392074 9.9991E-05 0.771275
0.111487 0.156989 0.0441489 0.0673012 0.620074
0.141785 9.9982E-05 0.674244 9.9982E-05 0.183771
0.153901 0.130256 0.0792527 9.9991E-05 0.63649
0.216618 9.9991E-05 0.612322 0.0541171 0.116843
0.107596 9.9991E-05 0.199624 0.0713003 0.62138
0.119024 0.178939 0.247124 9.9991E-05 0.454813
0.108755 0.0343295 0.248695 0.0026446 0.605576
0.0724987 9.9991E-05 0.244966 0.0303769 0.652059
0.10413 0.148604 0.256558 0.0257509 0.464957
0.105424 9.9991E-05 0.162034 0.0148484 0.717594
0.106282 0.0819948 0.170578 9.9991E-05 0.641045
9.9991E-05 0.517816 0.340849 0.0703735 0.0708619
0.116989 0.062276 0.804875 9.9991E-05 0.0157601
0.182141 0.00614821 0.605258 0.00375273 0.2027
0.111742 0.0172278 0.150546 0.0893489 0.631135
0.14556 0.0693137 0.210991 0.0440054 0.530129
0.210682 9.9982E-05 0.142349 9.9982E-05 0.64677
0.111077 9.9991E-05 0.161146 0.124901 0.602775
0.163401 9.9991E-05 0.117751 0.17391 0.544838
0.162311 0.116321 9.9991E-05 0.217082 0.504185
0.435398 0.151923 0.0858095 0.156841 0.170028
0.157585 0.116891 0.021324 0.0725517 0.631648
0.248077 0.0127822 0.141184 0.182251 0.415707
0.467047 9.9982E-05 0.350306 0.182447 9.9982E-05
0.30713 9.9991E-05 0.103505 0.217306 0.37196
0.349716 0.0681823 0.049222 0.179566 0.353313
0.341031 0.0991433 9.9991E-05 0.108382 0.451343
0.0901614 0.127724 0.030547 0.323311 0.428257
0.193272 0.0406944 0.000627169 0.209531 0.555875
0.117688 9.9991E-05 0.0460804 0.144315 0.691817
0.136404 9.9991E-05 0.201117 0.216246 0.446133
0.475601 0.0108621 0.0390743 0.165597 0.308866
