0.0589326 0.0561014 9.9982E-05 0.884766 9.9982E-05
9.9982E-05 0.043219 9.9982E-05 0.95127 0.00531124
0.0258008 0.0341466 0.109319 0.830634 9.9991E-05
0.108825 0.141607 9.9982E-05 0.749368 9.9982E-05
0.0751908 0.0408305 0.0237732 0.860106 9.9991E-05
0.0962303 0.0972793 0.0583764 0.608432 0.139682
0.0216468 0.059124 9.9991E-05 0.829158 0.0899711
0.0447103 0.165333 9.9991E-05 0.761429 0.0284273
9.9982E-05 0.077028 9.9982E-05 0.848754 0.0740183
0.090212 0.0722597 0.0930095 0.713246 0.0312726
9.999E-05 0.148412 0.0027354 0.793607 0.0551452
0.0234055 0.49112 0.374428 9.9991E-05 0.110946
0.0985902 0.339866 0.550705 9.9991E-05 0.0107386
0.142688 0.448031 0.248054 0.0513845 0.109842
0.178923 0.395927 0.325936 0.0353003 0.0639134
0.137854 0.195217 0.46954 0.135609 0.061779
0.194449 0.170527 0.583857 0.0438911 0.00727521
0.108877 0.238711 0.509547 0.00113452 0.141731
0.0985926 0.338161 0.402111 0.107547 0.053588
0.0855293 0.697796 0.0343916 0.0126206 0.169662
0.151292 0.319011 0.404438 9.9991E-05 0.125159
0.124559 0.234953 0.469402 0.0017957 0.16929
0.0385463 0.250544 0.644244 0.0595679 0.0070974
0.110849 0.408877 0.367874 0.0215341 0.0908653
0.145775 0.0981496 0.561784 0.0950101 0.0992805
0.106055 0.244286 0.590939 0.0586198 9.9991E-05
0.0971297 0.498754 0.235167 0.0405167 0.128432
0.248846 0.468452 0.162408 9.9991E-05 0.120194
0.0896682 0.464688 0.265752 9.9991E-05 0.179792
0.0550789 9.9982E-05 0.107305 0.837416 9.9982E-05
0.00372437 9.9982E-05 0.178792 0.817283 9.9982E-05
0.019675 9.9982E-05 0.162308 0.817817 9.9982E-05
0.0953511 9.9982E-05 0.125854 0.778595 9.9982E-05
9.9991E-05 0.0706156 0.696117 0.0455546 0.187613
0.111739 0.163916 0.580873 9.9991E-05 0.143373
0.025384 9.9991E-05 0.726869 0.0258707 0.221776
0.0192263 0.595801 0.232225 0.105101 0.047647
9.9973E-05 9.9973E-05 0.527367 9.9973E-05 0.472333
0.0504984 0.0371552 0.640147 0.0754609 0.196738
0.0764317 9.9991E-05 0.713973 0.0341737 0.175322
9.9991E-05 0.0572378 0.66424 0.1822 0.0962216
0.0702469 0.0376222 0.729146 0.103678 0.0593071
9.99862E-05 0.15372 0.46345 9.99862E-05 0.38263
0.161259 0.0889253 0.532428 0.0631383 0.15425
0.152426 0.0773138 0.511215 0.121573 0.137472
0.142837 0.0502284 0.681513 0.115178 0.0102431
9.9973E-05 9.9973E-05 0.564937 9.9973E-05 0.434763
0.136581 9.9991E-05 0.612719 0.0356875 0.214912
0.0932233 0.0786345 0.560947 0.093127 0.174068
9.9982E-05 0.0700791 9.9982E-05 0.0852593 0.844462
9.9982E-05 0.425508 0.284945 9.9982E-05 0.289348
0.0138463 0.210919 0.153508 0.0586595 0.563068
0.0842732 0.22015 0.581399 0.114077 9.9991E-05
0.0399748 0.0509475 0.681393 0.11826 0.109424
0.137496 0.13671 0.57251 0.0212737 0.13201
0.0224605 0.348756 0.228902 0.0953118 0.30457
0.06458 0.294003 0.553678 0.0349095 0.0528298
0.112587 0.183238 0.553092 0.0834137 0.0676694
9.9991E-05 0.159941 0.433158 0.148981 0.25782
0.0489903 0.35243 0.149857 0.196336 0.252387
0.0447555 0.150121 0.598149 0.0566845 0.150291
0.140226 0.210193 0.422831 0.0756607 0.151089
9.9991E-05 0.585157 0.097379 0.043956 0.273408
0.110374 0.296523 0.483244 9.9991E-05 0.10976
0.101331 0.00876188 0.70587 0.0422306 0.141807
0.168816 0.142265 0.565945 0.107665 0.0153083
0.0583762 0.248852 0.350912 0.0690366 0.272823
0.128691 0.173434 0.552588 0.00841545 0.136871
0.0677745 0.245182 0.603225 0.0744254 0.00939277
9.9991E-05 0.368398 0.273774 0.0462356 0.311492
9.9982E-05 0.0881962 0.688274 9.9982E-05 0.22333
9.9982E-05 0.22138 0.407531 9.9982E-05 0.370889
0.0379252 0.0309503 0.679151 0.0715231 0.18045
9.9982E-05 0.0110289 0.15292 9.9982E-05 0.835852
9.9982E-05 0.0872608 0.171548 9.9982E-05 0.740992
9.9982E-05 0.0250747 0.487393 9.9982E-05 0.487332
9.9991E-05 0.161175 0.620064 0.0144128 0.204248
0.14505 0.119969 0.525485 0.118735 0.0907621
0.0389373 0.0950527 0.563658 9.9991E-05 0.302252
9.9991E-05 0.258823 0.374594 0.0416652 0.324818
9.9991E-05 0.310991 0.39863 0.0150008 0.275278
0.113482 0.135641 0.579157 0.0451964 0.126523
9.9991E-05 0.0509666 0.528883 0.00440561 0.415645
9.9991E-05 0.0714257 0.629109 0.0133854 0.28598
9.9973E-05 9.9973E-05 0.532144 9.9973E-05 0.467556
9.9982E-05 0.0154868 0.127379 9.9982E-05 0.856934
0.0453536 0.077823 0.680757 0.00691133 0.189155
0.0549895 0.0698013 0.0740226 0.801087 9.9991E-05
9.9973E-05 9.9973E-05 0.0909301 0.90877 9.9973E-05
0.079736 9.9982E-05 0.0553183 0.864746 9.9982E-05
0.00713231 9.9982E-05 0.0508864 0.941781 9.9982E-05
0.00394231 9.9982E-05 0.092869 0.902989 9.9982E-05
0.0771792 9.9982E-05 0.0328323 0.889788 9.9982E-05
9.9973E-05 9.9973E-05 0.0349548 0.964745 9.9973E-05
0.0503993 0.0445886 0.647691 0.173545 0.0837757
0.177 0.257839 0.5095 0.0555612 9.9991E-05
9.9982E-05 0.174013 0.260598 9.9982E-05 0.565189
0.0527412 0.0658649 0.601975 0.193639 0.0857794
0.0244153 0.146066 0.570647 0.0309909 0.22788
0.00385818 0.0515492 0.794706 0.0846011 0.065286
0.0599682 0.027359 0.647376 0.0320169 0.233279
0.0379591 9.9982E-05 0.676837 9.9982E-05 0.285003
9.9982E-05 0.321753 0.132664 9.9982E-05 0.545383
0.0135832 0.0247168 0.680761 0.200655 0.0802837
0.0913789 9.9991E-05 0.722067 0.0652861 0.121168
0.139182 0.153104 0.578774 0.107914 0.0210253
9.9982E-05 9.9982E-05 0.526254 0.0334059 0.44014
0.0139759 9.9991E-05 0.633242 0.0196938 0.332988
9.9991E-05 0.172712 0.612537 0.0343161 0.180335
0.106025 9.9982E-05 0.435376 9.9982E-05 0.458399
9.9991E-05 0.117225 0.611705 0.0886035 0.182367
0.0293545 0.0813078 0.712792 0.153555 0.0229905
0.0525636 0.359637 0.275347 0.0141603 0.298292
0.108779 0.32655 0.403291 0.149237 0.0121436
0.0746605 0.135453 0.566119 0.140176 0.0835927
0.122894 0.155984 0.551407 0.11244 0.0572756
0.00847961 0.319308 0.557057 0.0596345 0.0555207
0.0787932 0.185493 0.624757 0.0254079 0.0855489
0.0627338 0.463417 0.47365 9.9982E-05 9.9982E-05
0.0209507 0.279084 0.62789 0.068657 0.00341796
0.12807 0.182172 0.55379 0.0282348 0.107734
0.00760783 0.198611 0.613255 0.0239886 0.156537
9.9991E-05 0.321011 0.619419 0.0436031 0.0158672
0.0838858 0.0723996 0.690433 0.0361081 0.117174
0.126444 0.131146 0.605248 0.0834162 0.0537447
0.0868478 0.289596 0.59378 9.9991E-05 0.029676
0.148519 0.0933957 0.590701 0.028365 0.139019
0.163641 0.224183 0.511542 9.9991E-05 0.100534
0.04564 0.283413 0.414371 0.0984236 0.158152
0.123228 0.222084 0.652961 0.00162835 9.9991E-05
0.0484942 0.185888 0.66966 0.0251013 0.0708563
0.0933488 0.473969 0.286508 9.9991E-05 0.146074
0.0620934 0.30771 0.22367 0.0169928 0.389534
0.0500655 0.187399 0.623309 0.0338533 0.105373
0.0819914 0.37056 0.0599338 9.9991E-05 0.487415
0.0127695 0.441922 0.381158 9.9991E-05 0.164051
9.9982E-05 0.359091 0.483707 9.9982E-05 0.157002
9.9991E-05 0.467325 0.43117 0.0142069 0.0871976
0.0200249 0.495968 0.342038 9.9991E-05 0.141869
0.040519 0.116736 0.759057 0.0567386 0.0269498
0.0738063 0.0914553 0.689221 0.103592 0.0419253
0.079779 0.267391 0.580383 0.0360347 0.0364125
0.0472642 0.325501 0.265837 9.9991E-05 0.361298
0.076794 0.0664849 0.476229 0.194274 0.186218
0.150333 0.0904479 0.46367 0.0652596 0.230289
9.9991E-05 0.16732 0.0621711 0.168478 0.601931
0.0839509 9.9991E-05 0.703254 0.15563 0.0570653
0.0644561 0.00985637 0.440572 0.100228 0.384888
0.10777 0.00559509 0.474491 0.133698 0.278445
0.00307764 0.139483 0.305543 0.142492 0.409404
9.9991E-05 0.141987 0.280917 0.136038 0.440958
0.00814488 0.0736261 0.47729 0.0517636 0.389175
0.11766 0.151738 0.462037 0.0831824 0.185383
0.0330573 0.0934457 0.517035 0.166255 0.190207
0.223032 0.0998896 9.9991E-05 0.0350671 0.641912
0.0594717 9.9991E-05 0.612696 0.119571 0.208162
9.9991E-05 0.0926784 0.528162 0.0153719 0.363687
0.0146524 0.151015 0.588063 9.9991E-05 0.24617
0.0922111 0.0654748 0.558561 0.127576 0.156178
0.258452 0.018342 0.186708 0.353578 0.18292
0.142999 9.9982E-05 9.9982E-05 0.608877 0.247925
0.146605 9.9982E-05 9.9982E-05 0.498384 0.354812
0.375425 0.00543593 0.0636016 0.42878 0.126757
0.0355487 9.9982E-05 0.710475 9.9982E-05 0.253776
0.00278204 0.0329243 0.689719 0.126847 0.147727
0.726021 9.9973E-05 0.273679 9.9973E-05 9.9973E-05
0.489135 0.142166 0.354974 9.9991E-05 0.013625
0.392701 0.0953888 0.401712 0.110097 9.9991E-05
0.0146858 9.9991E-05 0.413331 0.046954 0.52493
0.130644 0.0555572 0.517898 0.133715 0.162186
0.0796062 0.0801862 0.228303 0.0136197 0.598285
0.0784425 0.0406668 0.618888 0.0633524 0.19865
0.0576886 0.0400981 0.530897 0.0201166 0.351199
0.0733989 0.0401776 0.59286 0.0284605 0.265103
9.9991E-05 0.0809529 0.269302 0.0602412 0.589404
0.110677 0.0252527 0.670272 0.0213002 0.172499
0.0132922 0.0635369 0.606372 0.151016 0.165783
0.976597 9.9973E-05 9.9973E-05 9.9973E-05 0.0231031
0.947948 9.9973E-05 0.0517516 9.9973E-05 9.9973E-05
0.610363 0.0259542 0.301556 0.0620271 9.9991E-05
0.760681 9.9982E-05 0.22795 0.0111688 9.9982E-05
0.90722 9.9973E-05 0.0924804 9.9973E-05 9.9973E-05
0.9996 9.997E-05 9.997E-05 9.997E-05 9.997E-05
0.992235 9.9973E-05 9.9973E-05 9.9973E-05 0.00746473
0.915397 9.9973E-05 0.084303 9.9973E-05 9.9973E-05
0.985201 0.0144986 9.9973E-05 9.9973E-05 9.9973E-05
0.9996 9.997E-05 9.997E-05 9.997E-05 9.997E-05
0.9996 9.997E-05 9.997E-05 9.997E-05 9.997E-05
0.81359 0.014484 0.143181 0.0286455 9.9991E-05
0.803181 0.0375749 0.111128 0.0480157 9.9991E-05
0.97727 0.0224297 9.9973E-05 9.9973E-05 9.9973E-05
0.400144 0.118498 0.390944 0.0431211 0.0472934
0.735924 0.0922565 0.163672 0.00804687 9.9991E-05
0.794801 0.0362313 0.160373 0.00849427 9.9991E-05
0.89903 0.0193564 0.0565502 0.0249633 9.9991E-05
0.9996 9.997E-05 9.997E-05 9.997E-05 9.997E-05
0.887068 9.9991E-05 0.00735459 0.0660423 0.0394351
0.9996 9.997E-05 9.997E-05 9.997E-05 9.997E-05
0.577627 9.9991E-05 0.282492 0.0825629 0.0572179
0.926614 0.0103058 0.00911952 9.9991E-05 0.0538605
0.0529757 9.9982E-05 9.9982E-05 0.377412 0.569412
0.17438 0.101181 0.359772 0.186581 0.178086
0.193978 0.0778388 0.367687 0.212754 0.147742
0.174669 9.9991E-05 0.167982 0.245261 0.411988
0.270265 0.122173 0.332015 0.0601675 0.21538
0.133011 9.9991E-05 0.206994 0.307863 0.352033
0.178979 0.10983 0.449346 0.154733 0.107111
0.276763 9.9991E-05 0.293927 0.149324 0.279886
0.16236 0.0455629 0.472446 0.184483 0.135147
0.263821 9.9991E-05 0.338196 0.148737 0.249145
0.146828 9.9991E-05 0.487299 0.228622 0.137151
9.9991E-05 0.0698835 0.0497671 0.857495 0.0227545
0.0735452 9.9973E-05 9.9973E-05 0.926155 9.9973E-05
9.9973E-05 0.0370835 9.9973E-05 0.962617 9.9973E-05
9.9973E-05 0.0751897 9.9973E-05 0.92451 9.9973E-05
0.0192025 0.0671665 0.0644091 0.849122 9.9991E-05
0.0851316 9.9982E-05 9.9982E-05 0.904327 0.0103419
0.0546438 0.00749251 0.0505665 0.887197 9.9991E-05
9.9973E-05 9.9973E-05 9.9973E-05 0.929939 0.0697614
9.9973E-05 9.9973E-05 0.0650065 0.934694 9.9973E-05
0.0762668 0.0417328 9.9991E-05 0.868384 0.0135168
9.9982E-05 0.265533 9.9982E-05 0.560961 0.173307
9.9991E-05 0.373574 0.0124995 0.583929 0.0298973
9.9982E-05 0.328463 9.9982E-05 0.534253 0.137084
9.9982E-05 0.335603 9.9982E-05 0.494293 0.169905
0.0285867 0.129285 0.59376 0.0655031 0.182865
0.044035 0.134352 0.596627 9.9991E-05 0.224886
0.0592451 0.260352 0.609196 9.9991E-05 0.0711068
9.9991E-05 0.318446 0.487293 0.106156 0.088005
9.9982E-05 0.610192 0.254419 9.9982E-05 0.135189
0.0547629 0.0119812 0.715375 0.0697947 0.148086
0.0168055 0.110064 0.66199 0.00975348 0.201387
0.0277333 0.0688592 0.642378 9.9991E-05 0.26093
0.0469013 0.0659097 0.463154 9.9991E-05 0.423935
0.0459683 0.165916 0.722205 0.0289548 0.0369556
9.9982E-05 0.177728 0.571773 9.9982E-05 0.2503
9.9982E-05 0.110603 0.104389 9.9982E-05 0.784809
0.0226414 0.208252 0.606777 0.0560829 0.106247
9.9982E-05 9.9982E-05 0.411877 0.0360211 0.551902
0.0216863 0.0713489 0.648175 9.9991E-05 0.25869
9.9982E-05 0.286433 0.258977 9.9982E-05 0.45439
0.00551681 0.742558 9.9991E-05 0.120084 0.131741
9.9991E-05 0.75615 0.0463482 0.118013 0.0793893
9.9982E-05 0.860517 9.9982E-05 0.0453745 0.093908
9.9991E-05 0.779832 0.0312739 0.103748 0.0850457
0.0439366 0.838898 0.00290277 9.9991E-05 0.114163
0.0721719 0.809366 0.0671928 0.0511693 9.9991E-05
0.0374717 9.9982E-05 0.0758262 0.886502 9.9982E-05
0.0800612 0.0836692 0.0478953 0.788274 9.9991E-05
0.167037 0.000734875 0.0988878 0.73324 9.9991E-05
0.136744 0.128164 0.0372467 0.697746 9.9991E-05
0.0758632 0.0756472 0.0672799 0.78111 9.9991E-05
9.9982E-05 0.592013 9.9982E-05 0.366092 0.0416954
9.9982E-05 0.435476 9.9982E-05 0.423851 0.140473
9.9982E-05 0.479452 9.9982E-05 0.414603 0.105745
0.0404723 9.9982E-05 0.116703 0.842625 9.9982E-05
9.9982E-05 0.525196 9.9982E-05 0.378681 0.0959236
0.408988 9.9991E-05 0.272372 0.236785 0.0817546
0.24105 0.0184247 0.530874 0.209551 9.9991E-05
0.32588 9.9982E-05 0.493703 0.180217 9.9982E-05
0.275293 9.9991E-05 0.267045 0.315379 0.142183
0.172263 0.0577285 0.461894 0.22644 0.0816741
0.325978 9.9982E-05 9.9982E-05 0.462266 0.211556
9.9982E-05 0.349955 0.532824 9.9982E-05 0.117022
0.0782749 0.138874 0.405647 0.0177002 0.359504
9.9991E-05 0.516693 0.367977 0.0832258 0.0320046
0.0485992 0.159088 0.521975 9.9991E-05 0.270238
9.9973E-05 0.19487 9.9973E-05 9.9973E-05 0.80483
0.118843 0.149506 0.512913 0.0659829 0.152756
0.068792 0.224969 0.504903 0.0738444 0.127491
9.9991E-05 0.44037 0.465417 0.0548704 0.0392433
0.0873026 0.159882 0.498637 0.126907 0.127271
0.0134207 0.258585 0.183681 0.0247184 0.519595
0.104686 0.1059 0.490173 9.9991E-05 0.299141
0.0451724 0.268736 0.581253 0.0421714 0.0626676
0.194722 0.070128 0.472802 0.134176 0.128173
0.0566938 0.266897 0.415688 9.9991E-05 0.260621
0.0259526 0.284562 0.471719 0.0646863 0.153079
0.162221 0.140994 0.491454 9.9991E-05 0.205231
9.9991E-05 0.182821 0.633575 0.0100731 0.17343
0.0968743 0.18135 0.627085 0.0457816 0.0489092
0.144421 0.174425 0.535735 0.0555651 0.0898538
0.0100024 0.148284 0.669426 0.0882211 0.0840665
0.0885673 9.9982E-05 0.081101 0.830132 9.9982E-05
0.0329285 9.9991E-05 0.0714711 0.871822 0.0236781
9.9991E-05 0.0738832 0.0891315 0.780586 0.0562991
9.9991E-05 0.0157744 0.0957965 0.838318 0.0500115
9.9973E-05 9.9973E-05 0.130565 0.869135 9.9973E-05
0.0255032 0.582501 0.270901 0.00286586 0.118228
0.125943 0.177879 0.523371 0.00527521 0.167531
0.209553 0.030394 0.411315 0.175155 0.173584
0.0842582 0.149412 0.712365 0.0280011 0.0259641
0.0459129 0.363379 0.544916 0.0274499 0.0183418
0.104677 0.291048 0.258035 0.0492249 0.297016
9.9991E-05 0.563577 0.0844274 0.160014 0.191881
0.0439703 0.352464 0.553007 0.0177272 0.0328308
0.0501323 0.460684 0.25392 0.062824 0.172439
0.133805 0.20916 0.447599 0.0220709 0.187366
0.0163472 0.498887 0.203097 0.166315 0.115354
0.116111 0.179941 0.653612 0.0502359 9.9991E-05
9.9991E-05 0.531798 0.228623 0.0658758 0.173603
0.115208 0.260803 0.352707 0.0642912 0.206991
0.0351915 0.000475512 0.550836 0.0769522 0.336545
0.0954933 0.140294 0.255579 0.0506126 0.458021
9.9991E-05 0.0825745 0.633403 0.145216 0.138706
9.9982E-05 9.9982E-05 0.654456 0.181441 0.163903
9.9991E-05 0.102565 0.411346 0.0267571 0.459232
0.106839 0.0513834 0.540489 0.0909913 0.210297
9.9982E-05 9.9982E-05 0.620102 0.0572613 0.322436
9.9982E-05 0.0780059 0.199006 9.9982E-05 0.722788
9.9973E-05 9.9973E-05 0.364773 9.9973E-05 0.634927
0.0026962 0.0921194 0.604352 0.0252691 0.275564
9.9991E-05 0.108344 0.236353 0.0354212 0.619782
9.9991E-05 0.0825203 0.637781 0.0511653 0.228433
0.0347641 0.621443 0.167805 9.9991E-05 0.175888
0.0698453 0.312867 0.236596 9.9991E-05 0.380592
0.0723902 0.425698 0.398014 0.0223 0.0815975
0.164711 0.22295 0.569193 0.0158635 0.0272834
9.9982E-05 0.540941 0.31488 9.9982E-05 0.143979
0.0989812 0.162929 0.537809 0.0586506 0.14163
0.21353 0.148858 0.583369 0.0222581 0.0319843
0.163224 0.233708 0.473823 9.9991E-05 0.129144
0.103281 0.196788 0.497058 0.045363 0.15751
9.9991E-05 0.327959 0.549957 0.0374651 0.0845193
0.105028 0.549399 0.256924 9.9991E-05 0.0885491
0.112989 0.491208 0.360479 9.9991E-05 0.035224
0.106554 0.21502 0.567627 9.9991E-05 0.110698
0.0588097 0.164148 0.622152 0.069586 0.0853046
0.0692026 0.26432 0.426827 0.0522233 0.187428
0.130011 0.212826 0.52369 0.011991 0.121481
0.120377 0.440667 0.355656 0.0831992 9.9991E-05
0.0278878 0.300356 0.663174 0.00686941 0.00171251
0.107313 0.232752 0.531405 0.0131222 0.115408
0.103578 0.193993 0.548494 0.137189 0.0167457
0.161095 0.0234841 0.432392 0.361389 0.0216394
0.297735 0.0500377 0.438063 0.105164 0.109
0.193438 0.22028 0.443531 0.0950242 0.0477267
0.178423 0.0418918 0.594786 0.0717293 0.11317
0.320431 0.0119099 0.44819 0.194856 0.024613
0.0677028 0.169758 0.53437 9.9991E-05 0.228068
0.157616 0.0385874 0.582915 0.152794 0.068088
0.147392 9.9991E-05 0.0202326 0.301451 0.530825
0.273629 0.103639 0.461262 0.0982534 0.0632165
0.237019 0.0978836 0.506684 0.133797 0.0246164
0.318351 0.155892 0.418559 0.0433845 0.0638138
0.190301 0.0749262 0.273399 0.201763 0.259611
0.242845 9.9991E-05 0.496723 0.121134 0.139199
0.203048 9.9991E-05 0.569305 0.133778 0.0937696
0.185702 9.9982E-05 9.9982E-05 0.515536 0.298563
0.21769 9.9991E-05 0.554913 0.165877 0.0614207
0.308146 0.0204078 0.415865 0.153892 0.101689
0.185313 9.9991E-05 0.567744 0.109271 0.137572
0.235119 0.0430405 0.547202 0.174539 9.9991E-05
0.179699 0.123211 0.457483 0.159051 0.0805555
0.0751278 0.11213 0.525192 0.0308808 0.25667
0.070854 9.9991E-05 0.58916 0.113832 0.226054
9.9982E-05 0.11347 0.176215 9.9982E-05 0.710114
9.9991E-05 0.0837269 0.0750267 0.00357275 0.837574
0.188508 0.165318 0.460046 9.9991E-05 0.186028
0.321971 0.000500724 0.381061 0.178063 0.118403
0.41814 9.9991E-05 0.276094 0.0993181 0.206349
0.331196 0.0382014 0.106594 0.226116 0.297893
0.324646 9.9991E-05 0.338313 0.169088 0.167854
0.138368 9.9991E-05 0.0727231 0.129444 0.659366
0.143305 9.9991E-05 0.155524 0.114723 0.586348
0.146273 0.0243076 0.572539 0.0288598 0.228021
0.165845 0.0276455 0.452738 0.0399321 0.313839
0.193619 9.9991E-05 0.222528 0.0389194 0.544834
0.196546 0.0284644 0.516198 0.0719661 0.186826
0.146005 0.0801619 0.580546 0.036071 0.157216
0.137153 0.161648 0.494493 0.0723439 0.134362
9.9982E-05 0.11333 0.400977 9.9982E-05 0.485493
0.0844314 0.021752 0.39451 9.9991E-05 0.499207
0.0551466 0.0290514 0.588234 0.0793221 0.248245
9.9991E-05 0.126787 0.463618 0.0791152 0.33038
0.143074 0.156113 0.431602 0.0578664 0.211345
9.9991E-05 0.0357084 0.553117 0.0178834 0.393191
0.00834311 0.125135 0.283307 9.9991E-05 0.583115
0.0623213 9.9991E-05 0.629069 0.034772 0.273737
0.0343433 0.0845587 0.309195 9.9991E-05 0.571803
0.0721794 0.0437807 0.481667 0.0112847 0.391088
0.127092 0.0164309 0.591928 0.0795178 0.185031
0.0588503 0.0655427 0.566898 9.9991E-05 0.308609
0.239278 9.9991E-05 0.541072 0.140904 0.0786465
0.26697 0.0647365 0.327547 0.145496 0.19525
0.331169 0.00423776 0.375167 0.11967 0.169757
0.189386 0.0320582 0.371418 0.22588 0.181258
0.238584 0.00673023 0.437206 0.184146 0.133333
0.212688 0.0218198 0.370485 0.174553 0.220454
0.186021 0.00346882 9.9991E-05 0.199847 0.610563
0.286165 9.9991E-05 0.518252 0.123889 0.071594
0.15661 9.9982E-05 9.9982E-05 0.378213 0.464977
0.250491 9.9991E-05 0.484205 0.0333453 0.231859
9.9973E-05 9.9973E-05 0.199814 9.9973E-05 0.799886
0.0136675 0.0697257 0.00944011 9.9991E-05 0.907067
0.00770798 0.00847333 0.586356 9.9991E-05 0.397363
0.0512544 9.9991E-05 0.728924 0.0262049 0.193516
0.00181511 9.9982E-05 0.498005 9.9982E-05 0.49998
0.0115506 0.0262724 0.615088 0.00114279 0.345946
0.0758791 9.9982E-05 0.586264 9.9982E-05 0.337656
0.0703176 0.0350149 0.0707334 0.823834 9.9991E-05
0.112589 0.146479 0.0152377 0.700728 0.0249656
0.0565472 0.0612276 9.9982E-05 0.882025 9.9982E-05
9.9973E-05 9.9973E-05 0.0387523 0.960948 9.9973E-05
0.0551779 0.114091 0.566207 0.06745 0.197075
0.0653161 0.101916 0.592296 0.0760874 0.164384
9.9991E-05 0.13992 0.639321 0.0046405 0.216018
9.9991E-05 0.0158472 0.784936 0.0872008 0.111916
0.0155726 0.0889529 0.62085 0.161984 0.11264
9.9991E-05 0.188359 0.383968 0.00683201 0.420742
9.9982E-05 0.047006 0.820818 9.9982E-05 0.131976
9.9982E-05 9.9982E-05 0.48478 0.0309612 0.484059
0.236373 0.0142135 0.492202 0.257111 9.9991E-05
0.0365721 0.0972706 0.528146 9.9991E-05 0.337911
9.9991E-05 0.0950624 0.558824 0.0356802 0.310333
9.9982E-05 0.028647 0.713116 9.9982E-05 0.258037
9.9982E-05 0.139211 0.607086 9.9982E-05 0.253503
9.9982E-05 0.0293093 0.70744 9.9982E-05 0.263051
0.019539 0.0205281 0.724311 0.0802284 0.155393
9.9973E-05 9.9973E-05 0.293146 9.9973E-05 0.706554
9.9982E-05 0.054536 0.413853 9.9982E-05 0.531411
9.9982E-05 0.103311 0.487926 9.9982E-05 0.408563
9.9973E-05 9.9973E-05 0.0683852 9.9973E-05 0.931315
0.0145416 0.22749 0.493892 9.9991E-05 0.263976
0.0125298 0.0392111 0.232164 9.9991E-05 0.715995
9.9991E-05 0.0815333 0.066329 0.00601771 0.84602
0.0800125 9.9991E-05 0.636827 0.0551015 0.227959
9.9982E-05 0.127217 0.426309 9.9982E-05 0.446275
0.0762467 0.160151 0.594628 9.9991E-05 0.168874
0.0611811 9.9991E-05 0.602646 0.161501 0.174572
9.9991E-05 0.136061 0.690274 0.00149073 0.172074
0.0460663 0.268805 0.437431 9.9991E-05 0.247598
0.0081716 0.0601374 0.681707 9.9991E-05 0.249884
0.0422617 0.175055 0.563811 0.0260559 0.192817
9.9982E-05 0.00454638 0.530394 9.9982E-05 0.46486
9.9991E-05 0.0322016 0.598393 0.137061 0.232244
0.0561325 0.238992 9.9991E-05 0.627745 0.0770303
0.0363425 0.1261 0.0374367 0.71483 0.0852909
9.9982E-05 0.144102 9.9982E-05 0.821778 0.0339202
9.9982E-05 0.166374 9.9982E-05 0.79559 0.0378363
9.9982E-05 0.257125 0.0171447 0.72553 9.9982E-05
9.9991E-05 0.233278 0.373538 0.0127824 0.380302
9.9991E-05 0.166759 0.298194 0.0604137 0.474533
9.9973E-05 9.9973E-05 0.317598 9.9973E-05 0.682102
0.153862 0.0567394 0.603132 0.148545 0.0377221
0.0713328 0.157112 0.521108 0.0849928 0.165454
0.0295587 9.9991E-05 0.460892 0.0143201 0.495129
0.0760413 0.0152902 0.715258 9.9991E-05 0.19331
0.0331228 9.9991E-05 0.596102 0.0170246 0.353651
9.9991E-05 0.0661657 0.72405 0.0523899 0.157294
0.072828 0.0949559 0.607666 0.0687188 0.155831
9.9982E-05 0.169412 0.445662 9.9982E-05 0.384727
9.9982E-05 0.175188 0.543115 9.9982E-05 0.281496
9.9982E-05 0.231432 0.535711 9.9982E-05 0.232657
0.0398598 0.118192 0.599236 0.0611222 0.181589
9.9991E-05 0.120565 0.602069 0.0100985 0.267168
0.0101378 0.0663709 0.630453 0.0129583 0.28008
0.431759 0.041404 0.406413 0.090893 0.0295309
0.426199 9.9982E-05 0.384237 0.189364 9.9982E-05
0.481138 9.9982E-05 0.412741 0.105922 9.9982E-05
0.515867 9.9991E-05 0.272859 0.177874 0.0332994
0.34669 0.100714 0.418082 0.134414 9.9991E-05
0.0160929 0.0348042 0.611089 0.0433387 0.294675
0.691867 9.9991E-05 0.0278359 0.278886 0.00131156
0.504734 9.9991E-05 0.273208 0.173391 0.0485671
0.158904 9.9991E-05 0.447244 0.174094 0.219658
0.0179365 9.9991E-05 0.624088 0.199401 0.158475
0.0301053 0.0793899 0.507077 0.181083 0.202345
9.9991E-05 0.0297417 0.644905 0.16566 0.159593
0.0904336 0.0448325 0.578999 0.0431178 0.242617
0.452945 9.9982E-05 0.340197 0.206658 9.9982E-05
0.400108 0.0603889 0.39658 0.139633 0.00329037
0.532887 9.9991E-05 0.381543 0.0497143 0.0357556
0.335676 0.0429036 0.437489 0.116544 0.0673873
0.580799 0.0662741 0.279311 0.059905 0.013711
0.378644 9.9991E-05 0.416482 0.121188 0.0835862
0.55142 9.9991E-05 0.281809 0.137361 0.0293095
0.483797 0.0156947 0.307056 0.12939 0.0640625
0.033736 0.0171593 0.59873 0.0817745 0.268601
0.409408 0.105261 0.339902 0.145329 9.9991E-05
0.612456 9.9991E-05 0.188982 0.189509 0.00895283
0.414456 0.00496994 0.364908 0.129713 0.0859528
9.9991E-05 0.260685 0.287501 0.184767 0.266948
0.108461 0.0280682 0.604051 0.0552041 0.204216
0.321219 0.0610684 0.460029 0.157583 9.9991E-05
0.0102522 0.140667 0.674868 0.136582 0.037631
0.00667389 0.118684 0.552423 0.187689 0.13453
0.185456 0.0148854 0.454157 0.254858 0.0906447
0.332824 9.9991E-05 0.341503 0.190924 0.134649
0.0867437 0.0785924 0.586315 0.096187 0.152162
0.420046 0.00446227 0.40923 0.145128 0.0211329
0.46682 9.9991E-05 0.381851 0.103472 0.047758
0.651962 9.9991E-05 0.0795138 0.228718 0.0397065
0.115317 9.9991E-05 0.618319 0.116009 0.150254
9.9991E-05 0.0344868 0.554085 0.137859 0.273469
0.0603195 9.9991E-05 0.201225 0.174764 0.563592
0.124307 0.0549496 0.519042 0.113539 0.188163
0.0736451 0.226194 0.406439 0.118123 0.175599
0.183872 9.9991E-05 0.510176 0.164049 0.141802
0.144886 0.197206 0.424145 0.101897 0.131865
0.218275 9.9982E-05 9.9982E-05 0.328066 0.453459
0.155353 9.9982E-05 9.9982E-05 0.388299 0.456148
0.202847 0.0624393 0.258162 0.16799 0.308561
0.265398 0.00475583 9.9991E-05 0.340404 0.389342
0.234575 9.9982E-05 9.9982E-05 0.456433 0.308792
0.233505 0.0209061 0.312048 0.120642 0.312899
0.131146 9.9991E-05 0.46185 0.224676 0.182228
0.222418 0.0268253 0.14429 0.308337 0.29813
0.191077 9.9991E-05 0.0647447 0.341205 0.402873
0.211023 0.0382294 0.468662 0.161262 0.120823
0.214596 9.9991E-05 0.108835 0.219995 0.456473
0.0738176 9.9982E-05 9.9982E-05 0.498064 0.427918
0.199791 0.115724 0.425866 0.133109 0.12551
0.345445 0.0633463 0.243264 0.136126 0.211819
0.228707 0.0184846 0.377512 0.338408 0.0368882
0.270845 9.9982E-05 0.554839 0.174116 9.9982E-05
0.131698 9.9991E-05 0.648462 0.209111 0.0106295
0.310884 0.0208994 0.432176 0.133948 0.102092
0.304401 0.0409836 0.303844 0.350671 9.9991E-05
0.23586 0.0970644 0.489086 0.162053 0.0159365
0.296687 0.0100685 0.451765 0.210914 0.0305654
0.236934 9.9991E-05 0.339435 0.268132 0.1554
0.225854 0.140003 0.302104 0.145571 0.186467
0.0771154 9.9991E-05 0.655918 0.221116 0.0457506
0.175167 0.13059 0.518483 0.138649 0.0371111
0.175439 9.9991E-05 0.730413 0.0896057 0.00444167
0.350295 0.0968996 0.272269 0.280437 9.9991E-05
0.213244 0.0588018 0.475528 0.228884 0.0235422
0.206349 9.9991E-05 0.1568 0.437395 0.199356
0.282681 0.00445321 0.488922 0.202443 0.021501
0.425596 9.9991E-05 0.0896803 0.232524 0.2521
9.9991E-05 0.083703 0.000953808 0.822524 0.0927195
0.0116336 0.748664 0.166533 0.0730694 9.9991E-05
9.9973E-05 0.977047 9.9973E-05 0.0226533 9.9973E-05
9.997E-05 0.9996 9.997E-05 9.997E-05 9.997E-05
0.0317123 0.967988 9.9973E-05 9.9973E-05 9.9973E-05
0.0490881 0.937038 0.0136743 9.9982E-05 9.9982E-05
9.9973E-05 0.936411 0.0632889 9.9973E-05 9.9973E-05
9.9973E-05 0.995706 9.9973E-05 0.00399397 9.9973E-05
0.0193507 0.804439 9.9982E-05 0.17601 9.9982E-05
0.038857 0.00490276 0.0239643 0.911061 0.0212148
0.0574193 0.120461 0.00458442 0.817435 9.9991E-05
0.0532994 9.9982E-05 0.022593 0.923908 9.9982E-05
9.9982E-05 0.101263 0.0749171 0.82362 9.9982E-05
0.0504854 0.0558447 0.0218113 0.871759 9.9991E-05
9.9973E-05 0.105329 9.9973E-05 0.894371 9.9973E-05
0.141334 0.0870024 0.00266147 0.732249 0.0367534
0.0835942 0.0493484 0.0377501 0.829207 9.9991E-05
0.0859472 0.155878 0.029055 0.701438 0.0276814
0.0480042 9.9982E-05 9.9982E-05 0.931508 0.0202877
9.9973E-05 0.0257668 9.9973E-05 0.973933 9.9973E-05
0.0966693 0.0332017 9.9991E-05 0.855516 0.0145132
0.0194574 0.0480546 9.9982E-05 0.932288 9.9982E-05
0.0226042 9.9982E-05 0.0631437 0.914052 9.9982E-05
0.0416489 9.9982E-05 0.0867911 0.87136 9.9982E-05
0.111158 9.9982E-05 0.0627553 0.825887 9.9982E-05
0.165482 9.9982E-05 0.0674761 0.766842 9.9982E-05
0.129035 9.9982E-05 0.104986 0.76578 9.9982E-05
0.0367049 9.9982E-05 0.127123 0.835972 9.9982E-05
0.0793344 0.0491288 0.408904 0.108833 0.3538
9.9982E-05 9.9982E-05 0.780625 0.16253 0.0566453
0.0518794 0.071753 0.727309 0.101011 0.048047
0.0341296 9.9991E-05 0.152832 0.0918663 0.721072
0.041926 0.104654 0.607799 0.119563 0.126058
0.0254925 9.9991E-05 0.138585 0.192635 0.643188
0.0545611 0.0143783 0.652507 0.134641 0.143913
9.9991E-05 0.193918 0.5138 0.087419 0.204763
0.040346 0.0350069 0.556457 0.120724 0.247467
0.0367133 0.0847133 0.596323 0.0670989 0.215152
9.9991E-05 0.153655 0.546212 0.124096 0.175937
0.0280612 0.0105908 0.636258 0.070707 0.254383
0.0182487 0.169129 0.610177 0.121836 0.0806089
0.0757571 0.3876 0.0727083 9.9991E-05 0.463835
9.9991E-05 0.096792 0.0020485 0.104083 0.796976
0.0292601 0.0364835 0.179787 0.110729 0.64374
0.025023 0.0836643 0.764442 0.12677 9.9991E-05
0.0617488 0.0731375 0.582587 0.0959451 0.186582
9.9982E-05 9.9982E-05 0.58174 0.155012 0.263048
0.121402 9.9991E-05 0.59091 0.0609164 0.226672
0.127146 0.0453171 0.599682 0.227755 9.9991E-05
0.249871 9.9982E-05 0.58046 0.169469 9.9982E-05
0.203565 0.118223 0.128992 0.393454 0.155767
0.108071 0.108477 0.562637 0.195203 0.0256123
0.130193 0.0480714 0.550997 0.234021 0.0367181
0.175137 9.9982E-05 9.9982E-05 0.441331 0.383332
0.211901 9.9991E-05 0.331017 0.272364 0.184619
0.195542 0.0645937 0.317631 0.364349 0.0578844
0.112672 0.142795 0.437538 0.306896 9.9991E-05
0.242575 0.0803291 0.49862 0.0948737 0.0836022
0.135577 9.9991E-05 0.637783 0.219245 0.00729542
0.154294 0.0316665 0.652654 0.161285 9.9991E-05
0.143768 0.00562837 0.439645 0.22797 0.182989
0.154062 0.00262589 0.326182 0.468043 0.0490869
