0.00905636 0.914294 0.0108261 9.9973E-05 9.9973E-05 0.0148632 9.9973E-05 0.05066
9.9973E-05 0.942459 0.00713679 0.008844 0.035455 9.9973E-05 9.9973E-05 0.00580528
0.0187046 0.841442 9.9982E-05 0.0220554 0.0792487 0.0352636 9.9982E-05 0.00308576
9.9964E-05 0.828452 0.0376358 9.9964E-05 0.0310581 0.102454 9.9964E-05 9.9964E-05
0.00679386 0.915893 9.9955E-05 9.9955E-05 9.9955E-05 0.0768129 9.9955E-05 9.9955E-05
0.239 0.662549 0.0227343 9.9973E-05 9.9973E-05 0.00178238 9.9973E-05 0.0736348
0.215531 0.78312 9.9955E-05 9.9955E-05 9.9955E-05 9.9955E-05 9.9955E-05 0.000849229
0.262282 0.715537 0.00343898 9.9964E-05 9.9964E-05 9.9964E-05 9.9964E-05 0.0183419
9.99549E-05 0.803223 0.133676 9.99549E-05 0.0626018 9.99549E-05 9.99549E-05 9.99549E-05
0.215552 0.720225 0.037065 9.9973E-05 9.9973E-05 0.00146617 9.9973E-05 0.0253924
0.226798 0.738107 9.9955E-05 9.9955E-05 9.9955E-05 0.0345951 9.9955E-05 9.9955E-05
0.0413651 0.00782907 0.457854 0.135082 0.0832938 0.274376 9.9982E-05 9.9982E-05
9.9982E-05 0.0236405 0.273391 0.0119706 0.0900335 0.588774 9.9982E-05 0.0119905
9.9982E-05 9.9982E-05 0.431577 0.0901166 0.112575 0.327522 0.00202416 0.0359853
9.9982E-05 9.9982E-05 0.430095 0.0534144 0.0772253 0.293762 0.0356998 0.109603
0.0203188 0.04843 0.260488 0.0353004 0.106553 0.449829 0.00129766 0.0777826
0.00549159 9.9982E-05 0.220268 0.0452663 0.1155 0.609385 9.9982E-05 0.00388815
0.0101504 0.00998243 0.282948 0.103161 0.0561758 0.493368 9.9991E-05 0.0441144
0.0024382 0.0523955 0.394478 9.9982E-05 0.180996 0.352465 9.9982E-05 0.017028
0.126502 9.9982E-05 0.669044 0.0995203 0.0422965 0.0427785 9.9982E-05 0.0196587
0.0414261 9.9982E-05 0.255478 0.159852 0.078636 0.439992 9.9982E-05 0.0244152
0.175098 9.9982E-05 0.170012 0.00852932 0.149116 0.428359 0.0686847 9.9982E-05
0.0144145 0.0472054 0.208932 0.105637 0.0291971 0.565066 0.00953762 0.0200108
0.0854817 0.0314123 0.419391 0.082928 0.0633025 0.279535 9.9991E-05 0.0378495
9.9973E-05 0.131847 0.0732686 0.0524122 9.9973E-05 0.6645 0.0776717 9.9973E-05
0.00719226 0.0558175 0.2603 0.0499656 0.0416193 0.584906 9.9982E-05 9.9982E-05
0.0459245 0.0042312 0.499894 0.113937 0.0513618 0.240361 0.00534534 0.0389456
0.0141328 0.0108185 0.391488 0.100332 0.125779 0.321711 9.9991E-05 0.0356377
0.166829 9.9982E-05 0.430993 0.106339 0.0451078 0.237504 9.9982E-05 0.0130284
9.9955E-05 0.901965 9.9955E-05 9.9955E-05 9.9955E-05 0.0861023 9.9955E-05 0.0114331
9.9946E-05 0.875009 9.9946E-05 9.9946E-05 9.9946E-05 0.124391 9.9946E-05 9.9946E-05
9.9964E-05 0.804639 9.9964E-05 9.9964E-05 0.00247117 0.105282 9.9964E-05 0.087208
9.9964E-05 0.776033 9.9964E-05 9.9964E-05 0.00211871 0.174292 9.9964E-05 0.0471561
0.171966 0.0815392 0.0478503 0.221713 9.9973E-05 0.476632 9.9973E-05 9.9973E-05
0.0248425 0.0806188 0.0421172 0.279636 9.9991E-05 0.501433 0.00098795 0.0702646
0.0352187 0.00987044 9.9982E-05 0.38904 9.9982E-05 0.528284 0.00329743 0.0340897
9.9982E-05 0.0361575 0.641406 0.0796357 0.0187916 0.200638 0.0231721 9.9982E-05
0.00441002 9.9973E-05 9.9973E-05 0.598076 0.072647 0.283147 0.0414203 9.9973E-05
9.9982E-05 0.104478 0.0943478 0.221685 9.9982E-05 0.534513 0.0353321 0.00944405
0.0763439 0.0622133 9.9964E-05 0.211577 9.9964E-05 0.649466 9.9964E-05 9.9964E-05
0.384917 0.0779254 0.00876557 0.0174245 9.9982E-05 0.503321 9.9982E-05 0.00744602
0.192754 0.0707951 0.0699252 0.0601848 0.0105266 0.592579 9.9991E-05 0.00313563
9.9964E-05 0.0168571 0.166773 0.662701 9.9964E-05 0.153269 9.9964E-05 9.9964E-05
0.299301 0.0623951 0.0191723 9.9982E-05 9.9982E-05 0.59551 0.0213437 0.00207814
0.0262627 0.085555 0.00415057 0.221416 9.9982E-05 0.604723 0.0576931 9.9982E-05
0.115674 0.121735 0.0110439 0.137277 9.9991E-05 0.555939 0.0343417 0.0238892
9.9955E-05 9.9955E-05 9.9955E-05 0.579621 9.9955E-05 0.32878 0.0910992 9.9955E-05
9.9982E-05 0.102169 0.0236793 0.252277 9.9982E-05 0.619296 0.0017405 0.000637144
0.0565624 0.101068 0.0827727 0.156394 9.9991E-05 0.538897 0.0395579 0.0246481
0.151868 9.9964E-05 9.9964E-05 0.680266 0.0748358 9.9964E-05 0.0926307 9.9964E-05
0.0916856 9.9982E-05 0.607573 0.0791059 0.000805274 0.1878 0.0328294 9.9982E-05
0.137197 9.9991E-05 0.211677 0.166071 0.160619 0.178738 0.145144 0.00045368
0.024857 0.0191321 0.1373 0.0446084 0.108534 0.546887 0.0509347 0.0677458
0.0432966 0.0335377 0.0901637 0.00728922 0.130547 0.602469 0.0854486 0.00724778
0.0427323 0.101178 0.0780224 0.0545143 0.0656522 0.610897 0.0251636 0.0218401
0.0476906 0.124577 0.451346 0.128857 0.0384374 0.208892 9.9982E-05 9.9982E-05
0.00683771 0.0226528 0.304727 0.0388887 0.0271349 0.585098 0.0145608 9.9991E-05
9.9973E-05 0.0659969 0.174212 0.139236 9.9973E-05 0.561212 9.9973E-05 0.0590436
0.0702505 0.094481 0.241446 0.0741766 0.0327269 0.368964 0.0792745 0.0386797
0.0957175 0.139695 0.450735 0.127726 0.0566498 0.129277 9.9982E-05 9.9982E-05
0.0312761 0.0899849 0.161236 0.106123 0.0256715 0.563948 0.02166 9.9991E-05
0.00807614 0.0605312 0.284459 0.0602831 0.0341307 0.501644 0.0346485 0.0162269
0.0929947 0.0543378 0.54785 0.154716 0.0621136 0.0877885 9.9982E-05 9.9982E-05
9.9973E-05 9.9973E-05 0.361128 0.111283 0.0193499 0.44437 0.0635699 9.9973E-05
9.9982E-05 0.0168189 0.136003 0.091572 0.101407 0.572421 0.0815782 9.9982E-05
0.00239366 0.0253923 0.166502 0.041334 0.097631 0.666547 9.9982E-05 9.9982E-05
0.044336 0.0782219 0.390102 0.119622 0.0219148 0.310119 9.9991E-05 0.0355841
0.0467251 0.0636316 0.212181 0.101421 0.0403852 0.507113 0.0196373 0.00890588
0.0524259 0.0566914 0.165523 0.0929883 0.010563 0.53125 0.0683463 0.0222118
0.0722755 0.00436307 0.4675 0.121502 0.0784388 0.255721 9.9982E-05 9.9982E-05
9.9964E-05 0.00519237 0.0119062 0.502161 9.9964E-05 0.480341 9.9964E-05 9.9964E-05
9.9973E-05 0.0319767 0.0718246 0.690633 9.9973E-05 0.197691 9.9973E-05 0.00757475
9.9982E-05 0.115701 0.0682663 0.224911 0.055575 0.511834 9.9982E-05 0.0235124
9.9964E-05 9.9964E-05 9.9964E-05 0.924739 0.0489555 9.9964E-05 0.0254787 0.00042684
0.0376721 9.9964E-05 9.9964E-05 0.877862 0.00271159 9.9964E-05 0.0813547 9.9964E-05
9.9955E-05 9.9955E-05 9.9955E-05 0.744737 9.9955E-05 0.228038 0.0267251 9.9955E-05
9.9964E-05 0.0503968 0.0411883 0.463032 9.9964E-05 0.444983 9.9964E-05 9.9964E-05
9.9991E-05 0.0626507 0.05095 0.196237 0.0663811 0.573245 0.0156088 0.0348273
9.9964E-05 9.9964E-05 9.9964E-05 0.489622 0.0116421 0.48364 9.9964E-05 0.0146961
9.9964E-05 0.0450146 0.183195 0.587415 9.9964E-05 0.183975 9.9964E-05 9.9964E-05
9.9964E-05 0.0223027 0.149272 0.563336 9.9964E-05 0.26469 9.9964E-05 9.9964E-05
0.0205964 0.105395 0.0244054 0.213776 0.0285683 0.597567 9.9991E-05 0.00959147
9.9973E-05 0.0214866 0.0566643 0.56762 9.9973E-05 0.343798 9.9973E-05 0.0101308
9.9964E-05 0.0289135 0.103642 0.400398 9.9964E-05 0.466646 9.9964E-05 9.9964E-05
0.00256111 9.9973E-05 9.9973E-05 0.482902 0.0178384 0.458048 0.03835 9.9973E-05
0.0163853 9.9964E-05 9.9964E-05 0.733749 0.138816 9.9964E-05 0.11065 9.9964E-05
0.0313541 0.0313525 9.9982E-05 0.297186 0.0205366 0.613063 0.0063078 9.9982E-05
9.9964E-05 0.852667 0.0525653 9.9964E-05 0.000114764 0.0942535 9.9964E-05 9.9964E-05
9.9964E-05 0.904981 9.9964E-05 9.9964E-05 0.0357059 0.045927 9.9964E-05 0.0129866
9.9964E-05 0.840716 9.9964E-05 9.9964E-05 0.00943115 0.108623 9.9964E-05 0.0408307
9.9964E-05 0.922176 9.9964E-05 9.9964E-05 0.0234789 0.0113264 9.9964E-05 0.0426192
9.9955E-05 0.939258 9.9955E-05 9.9955E-05 0.0137241 9.9955E-05 9.9955E-05 0.0465179
9.9973E-05 0.848125 9.9973E-05 9.9973E-05 0.0175803 0.0391157 0.0304407 0.064438
9.9955E-05 0.937665 9.9955E-05 9.9955E-05 9.9955E-05 0.057095 9.9955E-05 0.00474054
0.00872962 0.0700305 0.0651763 0.256965 9.9991E-05 0.523798 0.0218738 0.0533273
0.0407688 0.091836 0.056036 0.183428 0.00312981 0.535174 0.0232859 0.0663424
0.00215643 0.065239 0.175697 0.706452 9.9982E-05 0.0382969 0.0119588 9.9982E-05
0.013744 0.0806912 0.0411899 0.222841 0.0189692 0.575506 0.00882991 0.038229
9.9964E-05 0.0370649 0.0749747 0.485118 9.9964E-05 0.402443 9.9964E-05 9.9964E-05
9.9964E-05 0.0395855 0.070374 0.342687 9.9964E-05 0.546954 9.9964E-05 9.9964E-05
0.0965432 0.0383401 9.9982E-05 0.261715 9.9982E-05 0.501788 0.089106 0.0123078
9.9982E-05 0.0529473 0.0224387 0.356314 9.9982E-05 0.4957 0.0499697 0.0224307
9.9955E-05 0.0458244 0.249442 0.704234 9.9955E-05 9.9955E-05 9.9955E-05 9.9955E-05
0.0514705 0.095361 0.0934727 0.184244 9.9991E-05 0.550429 0.0134711 0.0114524
0.0920203 0.0842239 0.0423065 0.145843 0.00478387 0.630623 9.9982E-05 9.9982E-05
0.0431906 0.112918 0.0774337 0.163479 0.0347702 0.568009 9.9982E-05 9.9982E-05
0.0661171 9.9991E-05 0.019119 0.571242 0.0550256 0.213411 0.0357533 0.0392316
9.9955E-05 9.9955E-05 9.9955E-05 0.392044 9.9955E-05 0.499506 0.10795 9.9955E-05
9.9964E-05 0.00357046 0.14562 0.375376 9.9964E-05 0.475033 9.9964E-05 9.9964E-05
0.0250753 9.9973E-05 9.9973E-05 0.549068 9.9973E-05 0.363859 0.0372944 0.0244039
0.0027864 0.0639835 0.0913385 0.389433 9.9982E-05 0.430881 0.0213772 9.9982E-05
9.9982E-05 0.0817614 0.0959241 0.14868 0.0372503 0.541233 0.0949506 9.9982E-05
9.9973E-05 9.9973E-05 0.326769 0.0445618 0.136772 0.329767 0.16183 9.9973E-05
0.0686471 0.0771225 0.338292 0.053579 0.009067 0.443185 0.0100078 9.9991E-05
0.032067 0.144716 0.1471 9.9982E-05 9.9982E-05 0.556087 0.112754 0.00707551
0.0584986 0.0955651 0.0642056 0.0577448 0.0612652 0.613772 0.0432225 0.00572661
0.0216469 9.9982E-05 0.372042 0.0481201 0.050327 0.499325 9.9982E-05 0.00833954
0.0207877 0.0297629 0.231419 0.00394482 0.0430161 0.632076 0.0388937 9.9991E-05
9.9973E-05 0.0346799 0.43701 0.0262005 0.0133617 0.488448 9.9973E-05 9.9973E-05
0.0457204 0.0800825 0.134197 0.0702175 0.111306 0.531614 0.0267625 9.9991E-05
9.9982E-05 0.0420655 0.183982 9.9982E-05 0.0596272 0.636501 0.073954 0.00367029
0.0289171 0.0382018 0.278566 0.0177423 0.0247104 0.587034 0.0247281 9.9991E-05
0.0429312 0.0248553 0.306295 0.0422017 0.0154643 0.55867 0.00948267 9.9991E-05
0.0305518 0.0674323 0.146674 9.9991E-05 0.0231501 0.587596 0.106142 0.0383543
0.0893828 0.0977645 0.121879 9.9982E-05 0.0674455 0.574808 0.04852 9.9982E-05
0.00342745 9.9982E-05 0.198484 9.9982E-05 0.0702323 0.626954 0.0930973 0.00760531
0.0157355 0.0448265 0.154991 9.9991E-05 0.0924628 0.605425 0.0553356 0.0311235
0.0243832 0.00067706 0.167261 0.0421033 9.9991E-05 0.577766 0.121801 0.0659086
0.0450111 9.9991E-05 0.254874 0.062213 0.147633 0.303463 0.12974 0.056966
0.0116421 0.0763993 0.133681 0.0285266 0.0147969 0.611154 0.0909849 0.032815
0.00486884 0.0281486 0.137568 9.9991E-05 0.0197079 0.680769 0.117553 0.0112849
0.00282765 0.00640944 0.549459 0.0910571 0.0409739 0.26767 0.0409842 0.000619254
0.0717163 9.9982E-05 0.287698 0.110229 0.170549 0.161195 0.198412 9.9982E-05
0.00060964 0.0509672 0.214739 0.103804 0.0441458 0.540065 0.0455693 9.9991E-05
0.0484219 9.9982E-05 0.345821 0.144391 0.135004 0.0511218 0.27504 9.9982E-05
9.9982E-05 0.00464284 0.528555 0.0367777 0.0137209 0.361949 0.0541552 9.9982E-05
9.9973E-05 9.9973E-05 0.395536 0.0624394 0.016158 0.458132 0.0674346 9.9973E-05
9.9982E-05 0.00311375 0.448001 0.117818 0.0345675 0.384767 0.0115321 9.9982E-05
0.0912853 9.9973E-05 0.474698 0.0532485 9.9973E-05 0.333856 0.0466116 9.9973E-05
0.0138859 0.0355601 0.193157 0.0238034 0.0803355 0.607291 0.045867 9.9991E-05
9.9991E-05 0.0714934 0.190148 0.0332064 0.0332664 0.571473 0.0780284 0.0222843
9.9991E-05 0.0379403 0.223081 0.0237526 0.0246162 0.615174 0.0729034 0.00243251
0.0174084 9.9982E-05 0.37515 0.0837995 0.13733 0.168596 0.217516 9.9982E-05
0.0955594 0.0952513 0.0797405 0.0665943 0.0607483 0.535956 0.0449162 0.0212339
0.167804 0.0395908 0.0677376 0.0809235 0.11777 0.430232 0.0904364 0.00550573
0.331516 9.9973E-05 0.058803 0.156455 0.329266 9.9973E-05 0.123659 9.9973E-05
0.106677 0.0195015 0.00472228 0.0726547 0.110911 0.659323 0.0177132 0.00849763
0.241936 0.049959 0.0718425 0.126843 0.108767 0.265321 0.129209 0.00612222
0.131504 0.137214 0.0163686 0.0169336 0.0789458 0.521903 0.0895909 0.00754066
0.404801 9.9982E-05 0.146559 0.0693341 0.185533 0.162917 0.0306565 9.9982E-05
0.426053 9.9982E-05 0.110727 0.157999 0.175752 0.00936136 0.119908 9.9982E-05
0.267515 9.9991E-05 0.078983 0.0814652 0.0886366 0.354998 0.116266 0.0120355
0.161433 0.0783875 0.114756 0.0231329 0.0462587 0.478729 0.0429955 0.0543072
0.115246 0.092332 0.115988 0.0457263 0.14087 0.457743 0.0244439 0.00765079
0.137478 9.9991E-05 0.12647 0.182165 0.26309 0.0957842 0.175008 0.0199036
0.0740134 0.0596003 0.0698375 0.074693 0.0615919 0.51486 0.0977062 0.0476981
0.364831 9.9982E-05 0.0406233 0.129668 0.0818368 0.27427 0.108571 9.9982E-05
0.200884 9.9982E-05 0.0656449 0.139848 0.0798383 0.399753 0.113832 9.9982E-05
0.12427 0.0846897 0.0800203 9.9991E-05 0.0203541 0.537504 0.0949472 0.0581146
0.154362 0.302892 9.9973E-05 9.9973E-05 0.212049 0.157757 9.9973E-05 0.17264
0.0663785 0.317861 9.9964E-05 9.9964E-05 0.547218 9.9964E-05 9.9964E-05 0.0681424
0.101605 0.307332 9.9964E-05 9.9964E-05 0.533518 9.9964E-05 9.9964E-05 0.0571441
0.15406 0.263789 9.9973E-05 9.9973E-05 0.280225 0.114173 9.9973E-05 0.187454
0.280425 9.9964E-05 9.9964E-05 0.0703919 9.9964E-05 0.551074 0.0977093 9.9964E-05
0.102639 0.134973 0.0345338 0.0448969 9.9982E-05 0.625268 0.0574891 9.9982E-05
9.9955E-05 9.9955E-05 9.9955E-05 0.00267105 9.9955E-05 0.321985 9.9955E-05 0.674844
9.9982E-05 0.0558504 0.0612287 0.0921697 9.9982E-05 0.378386 0.012714 0.399451
9.9982E-05 0.0783239 0.0973696 0.039034 9.9982E-05 0.407416 0.025196 0.352461
0.436418 9.9991E-05 0.016298 0.0816152 0.03891 0.190402 0.198824 0.0374334
0.116462 0.113408 0.0347606 0.0941162 0.049357 0.472431 0.0930305 0.0264348
0.556871 9.9982E-05 0.0481158 0.0388689 0.0525881 0.154024 0.149333 9.9982E-05
0.321434 0.0407386 9.9973E-05 9.9973E-05 0.00584979 0.55044 0.0812374 9.9973E-05
0.27369 0.0350036 0.0713994 0.0023747 0.0422623 0.440189 0.134981 9.9991E-05
0.393815 9.9973E-05 9.9973E-05 0.0108438 9.9973E-05 0.49865 0.0784513 0.0179397
0.580084 9.9982E-05 0.01493 0.0861739 0.0858367 0.111668 0.121107 9.9982E-05
0.216392 0.0653229 9.9973E-05 0.109888 9.9973E-05 0.567866 9.9973E-05 0.0402314
0.141648 0.072257 0.048706 0.0493226 0.047637 0.582019 0.0583105 9.9991E-05
0.0143744 0.00993935 9.9964E-05 9.9964E-05 9.9964E-05 0.0221081 9.9964E-05 0.953178
9.9955E-05 9.9955E-05 9.9955E-05 9.9955E-05 9.9955E-05 0.0924157 0.0207885 0.886296
9.9982E-05 0.0871994 0.030142 0.00270202 9.9982E-05 0.31365 0.0583154 0.507791
9.9964E-05 9.9964E-05 0.0301877 0.00382033 9.9964E-05 0.3583 9.9964E-05 0.607292
9.9964E-05 9.9964E-05 0.0193628 0.0349177 9.9964E-05 0.11896 9.9964E-05 0.826359
9.994E-05 9.994E-05 9.994E-05 9.994E-05 9.994E-05 9.994E-05 9.994E-05 0.9993
9.9955E-05 9.9955E-05 0.0228018 9.9955E-05 9.9955E-05 9.9955E-05 0.0296199 0.947079
9.9946E-05 9.9946E-05 9.9946E-05 9.9946E-05 9.9946E-05 0.149753 9.9946E-05 0.849647
9.9946E-05 9.9946E-05 0.0716482 9.9946E-05 9.9946E-05 9.9946E-05 9.9946E-05 0.927752
9.994E-05 9.994E-05 9.994E-05 9.994E-05 9.994E-05 9.994E-05 9.994E-05 0.9993
9.994E-05 9.994E-05 9.994E-05 9.994E-05 9.994E-05 9.994E-05 9.994E-05 0.9993
0.00542224 0.0101517 0.0149152 9.9982E-05 9.9982E-05 0.221176 0.00124146 0.746894
0.0308913 0.0238508 0.0515417 9.9973E-05 9.9973E-05 0.0876096 9.9973E-05 0.805807
9.994E-05 9.994E-05 9.994E-05 9.994E-05 9.994E-05 9.994E-05 9.994E-05 0.9993
0.0568433 0.0826685 0.0903107 0.0280852 9.9991E-05 0.351755 0.0220322 0.368205
0.0209442 0.0783614 0.00374007 9.9973E-05 9.9973E-05 0.270991 9.9973E-05 0.625663
9.9964E-05 0.0296636 9.9964E-05 0.0260637 9.9964E-05 0.140344 9.9964E-05 0.803529
9.9955E-05 9.9955E-05 0.0233106 9.9955E-05 9.9955E-05 0.0890195 9.9955E-05 0.88717
9.994E-05 9.994E-05 9.994E-05 9.994E-05 9.994E-05 9.994E-05 9.994E-05 0.9993
9.9964E-05 0.0280283 9.9964E-05 9.9964E-05 0.00534144 0.0146568 9.9964E-05 0.951574
9.994E-05 9.994E-05 9.994E-05 9.994E-05 9.994E-05 9.994E-05 9.994E-05 0.9993
0.00225127 0.0734733 0.0498001 0.012962 9.9982E-05 0.219304 9.9982E-05 0.642009
9.9964E-05 0.0154438 9.9964E-05 0.0136993 0.0155624 9.9964E-05 9.9964E-05 0.954895
0.521523 0.179268 9.9964E-05 9.9964E-05 0.245982 9.9964E-05 0.0528278 9.9964E-05
0.350236 0.145779 0.0296388 9.9982E-05 0.0571489 0.302232 9.9982E-05 0.114765
0.312841 0.115454 9.9982E-05 9.9982E-05 0.0528182 0.422098 0.0495199 0.0470688
0.484018 0.143131 9.9982E-05 9.9982E-05 0.130609 0.141925 0.00680701 0.0933104
0.116251 0.112976 0.0354995 0.0939721 0.0935351 0.434708 0.023088 0.0899709
0.481964 0.16474 9.9982E-05 9.9982E-05 0.152951 0.0437138 0.0229151 0.133516
0.0959758 0.136107 0.0394296 0.0267734 0.111131 0.432279 0.0710927 0.0872114
0.380024 0.130662 9.9973E-05 9.9973E-05 0.13757 0.253993 9.9973E-05 0.0974512
0.266198 0.127464 9.9973E-05 9.9973E-05 0.0728915 0.443876 9.9973E-05 0.0892705
0.298452 0.159126 9.9973E-05 9.9973E-05 0.106187 0.336237 9.9973E-05 0.0996981
0.153098 0.153798 0.0254069 9.9991E-05 0.0904077 0.450083 0.0460481 0.0810588
0.0475283 0.908231 9.9973E-05 0.0120815 0.000622756 0.0312365 9.9973E-05 9.9973E-05
9.9973E-05 0.894486 9.9973E-05 0.0190044 0.00903218 9.9973E-05 0.00723725 0.0699402
9.9964E-05 0.940596 0.0249904 9.9964E-05 0.0190359 0.0149778 9.9964E-05 9.9964E-05
9.9946E-05 0.948698 9.9946E-05 9.9946E-05 0.0507022 9.9946E-05 9.9946E-05 9.9946E-05
9.9964E-05 0.915678 0.013648 9.9964E-05 0.0231343 0.0471397 9.9964E-05 9.9964E-05
9.9955E-05 0.946974 9.9955E-05 9.9955E-05 0.0470143 0.00551142 9.9955E-05 9.9955E-05
9.9964E-05 0.915525 0.0159745 9.9964E-05 0.00688666 0.0612135 9.9964E-05 9.9964E-05
9.9955E-05 0.926701 0.0306365 9.9955E-05 0.0421631 9.9955E-05 9.9955E-05 9.9955E-05
0.0174195 0.863902 9.9982E-05 0.0297947 0.0505116 0.00193975 9.9982E-05 0.0362325
9.9964E-05 0.851742 0.0174606 9.9964E-05 0.110433 0.0199638 9.9964E-05 9.9964E-05
0.0679711 0.599545 0.267577 0.0529042 0.0117032 9.9973E-05 9.9973E-05 9.9973E-05
9.9973E-05 0.619421 0.31254 0.012127 0.0242363 9.9973E-05 0.0313759 9.9973E-05
0.0548498 0.547883 0.324844 0.0416404 0.0207483 9.9982E-05 0.00983475 9.9982E-05
0.135381 0.454088 0.362682 0.0240961 9.9973E-05 9.9973E-05 0.023453 9.9973E-05
0.0258061 0.0669906 0.128142 0.312139 0.0191853 0.441432 9.9991E-05 0.00620499
9.9982E-05 0.0678576 0.103225 0.316962 9.9982E-05 0.476785 0.0246847 0.0102852
0.0262695 0.027444 0.167245 0.168085 9.9982E-05 0.591319 0.0194381 9.9982E-05
9.9973E-05 0.00509669 0.270979 0.306942 0.0445011 0.372181 9.9973E-05 9.9973E-05
0.0290134 9.9982E-05 0.588501 0.0948645 9.9982E-05 0.220165 0.0635964 0.00366003
9.9973E-05 0.0613319 0.0596483 0.185559 9.9973E-05 0.651 0.0421608 9.9973E-05
0.0160264 9.9973E-05 0.117075 0.234782 9.9973E-05 0.600216 0.0316005 9.9973E-05
0.0363721 9.9982E-05 0.0292236 0.312353 0.0559383 0.506187 0.0597265 9.9982E-05
9.9964E-05 9.9964E-05 9.9964E-05 0.52135 9.9964E-05 0.374916 0.0988518 0.00448222
0.0508831 0.0136901 0.0617539 0.102799 0.0677488 0.624684 0.0645339 0.0139071
0.0135182 0.00722487 0.0678262 0.489088 9.9973E-05 0.422043 9.9973E-05 9.9973E-05
9.9955E-05 9.9955E-05 0.0107118 0.79918 9.9955E-05 9.9955E-05 0.189608 9.9955E-05
0.012794 0.0619829 0.145117 0.151437 0.0157479 0.563267 0.0495536 9.9991E-05
0.0843306 9.9973E-05 9.9973E-05 0.613026 0.0491209 0.144115 0.109107 9.9973E-05
9.9982E-05 0.0428388 0.0363711 0.358556 0.00797651 0.514797 0.0392606 9.9982E-05
9.9964E-05 0.00201946 0.214594 0.620143 9.9964E-05 0.162844 9.9964E-05 9.9964E-05
0.143153 0.137247 0.719101 9.9955E-05 9.9955E-05 9.9955E-05 9.9955E-05 9.9955E-05
0.170313 0.110055 0.703953 9.9964E-05 9.9964E-05 0.0152798 9.9964E-05 9.9964E-05
0.166961 0.105412 0.727128 9.9955E-05 9.9955E-05 9.9955E-05 9.9955E-05 9.9955E-05
0.137979 0.128012 0.73351 9.9955E-05 9.9955E-05 9.9955E-05 9.9955E-05 9.9955E-05
0.128791 0.0593456 0.70979 9.9964E-05 9.9964E-05 0.101673 9.9964E-05 9.9964E-05
0.183927 0.0607631 0.68158 9.9973E-05 9.9973E-05 0.040493 9.9973E-05 0.0329378
9.9964E-05 0.859196 9.9964E-05 0.0624457 9.9964E-05 0.0358706 9.9964E-05 0.0420883
9.9991E-05 0.804387 0.0222108 0.0188616 0.0545292 0.0867384 0.00917366 0.0039994
0.00322587 0.762006 9.9982E-05 9.9982E-05 0.0397571 0.134729 0.00586382 0.054219
9.9973E-05 0.832984 0.00191538 0.0766473 9.9973E-05 0.000175376 9.9973E-05 0.0879782
0.0709242 0.754019 9.9982E-05 0.000300003 0.0132318 0.103217 9.9982E-05 0.0581079
0.0729547 0.393628 0.532918 9.9955E-05 9.9955E-05 9.9955E-05 9.9955E-05 9.9955E-05
0.0617044 0.435489 0.473938 9.9973E-05 9.9973E-05 9.9973E-05 0.0236219 0.00494654
9.9973E-05 0.442423 0.479666 9.9973E-05 9.9973E-05 0.0158076 0.0541333 0.00767059
9.9973E-05 0.853009 0.0290736 9.9973E-05 9.9973E-05 0.103251 0.00318003 0.0111868
0.0554681 0.407977 0.46939 0.0124065 9.9973E-05 9.9973E-05 0.0544582 9.9973E-05
9.9964E-05 0.171515 9.9964E-05 9.9964E-05 0.281147 0.329859 9.9964E-05 0.21708
0.00339707 0.143874 0.0402694 0.00212379 0.0742571 0.534731 0.00889859 0.192449
9.9964E-05 0.219286 9.9964E-05 9.9964E-05 0.0162009 0.574749 9.9964E-05 0.189364
0.0814506 0.254546 9.9982E-05 9.9982E-05 0.119756 0.332769 0.0181853 0.193094
0.0439673 0.151004 0.0985887 0.00418098 0.0700374 0.503599 0.0129287 0.115693
0.030526 0.325969 9.9973E-05 9.9973E-05 0.372042 9.9973E-05 0.023725 0.247438
0.112704 9.9973E-05 0.374335 0.0336303 9.9973E-05 0.464394 0.0146366 9.9973E-05
0.0542782 9.9982E-05 0.215494 0.0881647 0.0642333 0.432648 0.144982 9.9982E-05
0.0913754 0.000992469 0.508977 0.0662968 9.9982E-05 0.301243 0.0309148 9.9982E-05
0.0399646 9.9982E-05 0.172261 0.074547 0.0328029 0.519472 0.160752 9.9982E-05
0.0813283 9.9973E-05 0.303255 0.125233 0.0992829 9.9973E-05 0.390601 9.9973E-05
0.0713151 0.0681663 0.132289 9.9973E-05 0.0927837 0.635146 9.9973E-05 9.9973E-05
0.0439683 0.023391 0.113686 0.0675447 0.0669679 0.522554 0.161788 9.9991E-05
0.0613978 0.0279366 0.478615 0.0473348 0.0139297 0.352675 0.0180115 9.9991E-05
0.0382345 0.102713 0.167439 0.0790477 0.0617622 0.535822 0.0110884 0.00389385
0.099351 9.9982E-05 0.300263 0.198539 0.102472 0.117564 0.181611 9.9982E-05
0.0473944 0.022159 0.135827 0.109948 0.0388953 0.533533 0.112143 9.9991E-05
9.9982E-05 0.030105 0.316351 0.0680912 0.00369395 0.497135 0.0844244 9.9982E-05
0.018487 0.0497967 0.0619142 0.0993841 0.209224 0.465969 0.00197731 0.0932475
0.00898976 9.9982E-05 0.238607 0.138642 0.1293 0.312873 0.171388 9.9982E-05
0.023691 9.9991E-05 0.238592 0.10359 0.061534 0.401174 0.15635 0.0149687
0.0386845 9.9982E-05 0.188354 0.0569889 0.0092683 0.570191 0.136313 9.9982E-05
0.0423641 9.9982E-05 0.177234 0.0637909 0.0191958 0.544171 0.153044 9.9982E-05
0.000553406 0.0102318 0.0899387 0.0455543 0.0798426 0.641371 0.0911292 0.0413787
0.0833464 0.0581581 0.0782662 0.094605 0.0624588 0.546519 0.0537096 0.022937
0.0166939 0.0830779 0.140363 0.0853037 0.0758277 0.598534 9.9982E-05 9.9982E-05
9.9955E-05 0.845018 9.9955E-05 9.9955E-05 9.9955E-05 0.12381 9.9955E-05 0.0306721
9.9955E-05 0.887806 9.9955E-05 9.9955E-05 9.9955E-05 0.106137 0.00555703 9.9955E-05
0.0339995 0.891184 9.9982E-05 0.0163808 0.0205036 0.0365098 0.0012224 9.9982E-05
9.9964E-05 0.919188 0.0039119 9.9964E-05 9.9964E-05 0.0182113 9.9964E-05 0.0582889
9.9955E-05 0.907892 0.00251315 9.9955E-05 9.9955E-05 0.0890953 9.9955E-05 9.9955E-05
0.0125345 0.00831325 0.597761 0.112312 0.0921137 0.127052 0.0257824 0.0241306
0.0244395 0.0133284 0.205744 0.0325874 0.0666779 0.562948 0.0939751 0.000300082
0.0511059 0.140997 0.0343931 0.032523 0.112579 0.387487 0.0487061 0.192209
0.00707463 0.00708501 0.195848 0.0590578 9.9991E-05 0.640625 0.0629735 0.027236
9.9973E-05 0.002876 0.338429 0.0835523 0.0531387 0.521705 9.9973E-05 9.9973E-05
0.0828387 9.9982E-05 0.254913 0.0857664 0.132644 0.276435 0.167204 9.9982E-05
9.9982E-05 0.0405662 0.736601 0.0854129 0.0965378 0.0261982 0.0144839 9.9982E-05
0.0388212 0.0522681 0.379666 0.02485 0.0290374 0.475157 9.9982E-05 9.9982E-05
0.00223871 0.0186859 0.569399 0.0265512 0.0515702 0.250052 0.0365559 0.0449477
0.0552997 0.0526881 0.171585 0.148296 0.0241777 0.441093 0.103444 0.00341612
9.9973E-05 0.0567879 0.618971 9.9973E-05 0.059178 0.176563 0.0881995 9.9973E-05
9.9991E-05 0.073476 0.256544 0.0133657 0.033158 0.562992 0.0200339 0.0403307
0.0203924 0.038209 0.5463 0.115464 0.0725304 0.187164 0.0198405 9.9991E-05
0.0739699 0.0021227 0.294969 0.0685789 0.0881712 0.280594 0.110474 0.0811207
0.230997 0.05404 0.0766268 0.0282346 0.0556327 0.483044 0.071325 9.9991E-05
0.53207 9.9982E-05 0.0949939 0.0462337 0.0137928 0.225287 0.0874224 9.9982E-05
0.429142 0.0214026 0.0145427 0.0148726 0.014574 0.415106 0.0579149 0.0324451
0.237915 0.0836931 0.0640258 0.070026 0.0276252 0.4955 9.9991E-05 0.0211148
0.614656 9.9982E-05 0.0159867 0.0917889 0.0288604 0.169825 0.078683 9.9982E-05
0.183989 0.0770606 0.0595507 0.0829477 9.9991E-05 0.497206 0.064536 0.0346101
0.293057 0.0396735 0.00923842 0.0801119 9.9982E-05 0.477588 0.100132 9.9982E-05
0.57268 9.9973E-05 9.9973E-05 0.13856 0.050163 0.0290476 0.209249 9.9973E-05
0.740265 9.9982E-05 0.00479196 0.0535621 0.0352437 0.0860162 0.0799207 9.9982E-05
0.455101 0.00554767 0.043335 0.0259081 0.00745725 0.386491 0.0760594 9.9991E-05
0.685046 9.9964E-05 0.0198341 0.184243 9.9964E-05 9.9964E-05 0.110478 9.9964E-05
0.449187 9.9982E-05 0.079601 0.0384973 0.00326819 0.381908 0.0473378 9.9982E-05
9.9973E-05 9.9973E-05 0.668589 0.0992355 0.035958 0.185718 9.9973E-05 0.0101996
9.9973E-05 9.9973E-05 0.35577 0.0423881 0.142541 0.24864 0.210361 9.9973E-05
9.9991E-05 0.0419918 0.424952 0.0362934 0.00958997 0.425283 0.0275426 0.0342471
9.9982E-05 0.0692414 0.209408 0.0652963 0.0225554 0.586507 0.0467917 9.9982E-05
9.9982E-05 9.9982E-05 0.582896 0.13058 0.0117521 0.24448 0.0188009 0.011291
9.9982E-05 9.9982E-05 0.156794 0.0664251 0.10758 0.572775 0.0610941 0.0351323
0.00565153 0.0212791 0.231098 0.00216226 0.0844783 0.639241 0.0159897 9.9991E-05
9.9973E-05 9.9973E-05 0.161841 0.0928225 0.0936646 0.534255 0.117116 9.9973E-05
9.9982E-05 9.9982E-05 0.288119 0.0727198 0.0411313 0.485505 0.0500455 0.0622785
9.9964E-05 9.9964E-05 0.354284 0.0496047 0.045739 0.549973 9.9964E-05 9.9964E-05
9.9973E-05 9.9973E-05 0.529671 0.0855468 0.0408302 0.317841 0.0258118 9.9973E-05
9.9982E-05 9.9982E-05 0.453651 0.0632962 0.0161968 0.44177 0.0191556 0.00573128
9.9964E-05 9.9964E-05 0.239482 9.9964E-05 0.0735176 0.599802 0.0867982 9.9964E-05
0.00968235 0.00653705 0.124009 0.0294949 0.155787 0.626496 0.0402618 0.00773236
9.9991E-05 0.00686048 0.283606 0.101796 0.180768 0.377237 0.0370853 0.0125477
9.9982E-05 9.9982E-05 0.221658 0.081354 0.0420612 0.49913 0.0944627 0.0611347
0.000810441 9.9982E-05 0.492356 0.0309834 0.0235509 0.374473 9.9982E-05 0.077627
9.9982E-05 9.9982E-05 0.255741 0.0173243 0.0495407 0.57584 0.0765602 0.0247939
9.9991E-05 0.0345303 0.250274 0.0984125 0.0325277 0.483575 0.0437631 0.0568173
0.0768364 0.0536562 0.137169 0.078611 0.0533777 0.568445 0.0318045 9.9991E-05
0.0181905 0.311231 0.0175771 9.9982E-05 0.103127 0.49395 9.9982E-05 0.0557243
9.9982E-05 0.138345 9.9982E-05 0.0425678 0.128212 0.576821 0.0210187 0.0928359
0.0284205 0.181724 0.0427562 0.0367277 0.0891468 0.456367 0.0742271 0.090631
9.9991E-05 0.0887095 0.0432865 0.0288225 0.114511 0.564634 0.071188 0.0887481
9.9991E-05 0.117598 0.00463283 0.0440677 0.224685 0.470319 0.0142958 0.124302
0.0208946 9.9982E-05 0.19138 0.0482211 0.0434151 0.503245 0.192644 9.9982E-05
0.0333025 0.140324 0.0338203 0.0951199 0.0675183 0.50068 0.038601 0.0906334
0.0987565 0.0862667 0.0980919 0.0531853 0.389511 0.094236 0.0729701 0.106983
0.0477176 0.0992406 0.0554425 0.0414769 0.0629214 0.59292 0.0204001 0.0798808
9.9991E-05 0.109908 0.023915 0.0323663 0.101422 0.533764 0.0644161 0.134108
0.0724753 0.119552 0.0460327 0.0439665 0.0161795 0.538573 0.0293215 0.133899
0.0710174 0.127684 0.0331475 0.082709 0.221466 0.325862 0.0881378 0.0499764
0.0398207 0.16494 0.0514432 0.00722279 0.0944963 0.523752 9.9991E-05 0.118225
0.0209404 0.103286 0.00456174 9.9991E-05 0.128215 0.576709 0.0857281 0.0804594
9.9964E-05 0.313087 9.9964E-05 0.0120439 0.616263 9.9964E-05 9.9964E-05 0.0582057
9.9982E-05 0.199768 0.0762349 0.0164158 0.0526295 0.543685 9.9982E-05 0.111067
0.127766 0.152095 9.9982E-05 9.9982E-05 0.0228465 0.525796 0.0288713 0.142425
0.0171934 0.095868 0.0921129 0.00743678 0.0564061 0.566258 0.112399 0.052326
0.01003 0.152332 9.9982E-05 9.9982E-05 0.123119 0.564656 0.00467778 0.144986
0.0781108 0.218521 9.9982E-05 0.0883496 0.0304612 0.469307 9.9982E-05 0.11505
9.9982E-05 0.0608679 0.0246665 0.0699671 9.9982E-05 0.394502 0.42885 0.0209465
0.00773735 0.0805739 0.0362106 0.134211 9.9991E-05 0.462119 0.256749 0.0222988
9.9955E-05 9.9955E-05 0.0632155 0.073952 9.9955E-05 9.9955E-05 0.862333 9.9955E-05
0.0340898 9.9955E-05 0.0337213 9.9955E-05 9.9955E-05 9.9955E-05 0.931689 9.9955E-05
0.0553191 0.117763 0.0376665 0.03801 9.9991E-05 0.46041 0.275514 0.0152181
0.0514741 0.113657 9.9982E-05 9.9982E-05 0.0787543 0.334829 0.148982 0.272103
9.9973E-05 0.120675 9.9973E-05 9.9973E-05 0.0904095 0.344355 0.205595 0.238665
9.9973E-05 0.115386 9.9973E-05 9.9973E-05 0.155524 0.177087 0.283715 0.267988
9.9973E-05 0.0691838 9.9973E-05 9.9973E-05 0.17584 0.378075 0.198408 0.178193
0.0434488 0.0768139 9.9982E-05 9.9982E-05 0.103871 0.0435684 0.695174 0.0369243
9.9973E-05 0.0765062 9.9973E-05 9.9973E-05 0.0815982 0.123634 0.677629 0.0403319
0.0373107 0.0258868 9.9973E-05 9.9973E-05 9.9973E-05 0.505554 0.36589 0.0650585
0.00231152 0.0680726 9.9973E-05 9.9973E-05 9.9973E-05 0.372712 0.467226 0.0893778
9.9973E-05 0.07555 9.9973E-05 9.9973E-05 0.00341285 0.197486 0.69238 0.0308708
0.0400369 0.0469883 0.0280505 9.9991E-05 0.0251878 0.566156 0.257406 0.0360743
9.9982E-05 0.0599426 0.0235399 9.9982E-05 0.0143537 0.504803 0.34211 0.0550506
0.049882 0.0979277 9.9982E-05 0.0175982 9.9982E-05 0.460006 0.308305 0.066081
9.9973E-05 0.00847194 0.0100042 0.0106664 9.9973E-05 0.291363 0.679194 9.9973E-05
0.0311928 0.0268153 0.0900079 9.9973E-05 9.9973E-05 0.377146 0.474538 9.9973E-05
9.9982E-05 0.03693 0.0223105 0.0314142 9.9982E-05 0.523424 0.383544 0.00217685
0.0883956 0.0157912 0.0954607 0.00590139 9.9991E-05 0.391715 0.364495 0.038141
0.0388233 0.0396694 0.0769919 9.9991E-05 0.0567847 0.536896 0.224346 0.0263895
0.0338667 0.0184833 9.9973E-05 0.0566103 9.9973E-05 0.41799 0.47275 9.9973E-05
9.9955E-05 9.9955E-05 0.0397706 9.9955E-05 9.9955E-05 0.175734 0.783996 9.9955E-05
9.9964E-05 0.0231183 9.9964E-05 9.9964E-05 9.9964E-05 0.579367 0.387706 0.00940859
9.9973E-05 9.9973E-05 0.0404178 0.0342322 9.9973E-05 0.117361 0.776289 0.0313998
9.9955E-05 0.0421045 9.9955E-05 9.9955E-05 9.9955E-05 0.414555 0.542841 9.9955E-05
0.0388875 0.0825865 0.0246141 9.9973E-05 9.9973E-05 0.51494 0.338672 9.9973E-05
0.00697782 0.0848434 0.0806032 0.0169091 9.9991E-05 0.454155 0.315775 0.040637
0.0465863 0.196538 9.9991E-05 0.0631951 0.00100201 0.46686 0.101732 0.123987
0.0352298 0.129017 0.0566589 0.0537164 0.0763792 0.438718 0.0925403 0.117741
0.104188 0.168276 9.9982E-05 9.9982E-05 0.125148 0.284689 0.0694509 0.248048
0.0657433 0.147379 0.0274223 0.0149057 0.112225 0.340299 0.0850377 0.206987
0.134687 0.117977 0.0183344 9.9991E-05 0.0412401 0.485052 0.0407806 0.161828
0.0402114 0.121776 9.9991E-05 0.0633402 0.136203 0.440854 0.120003 0.077513
9.9964E-05 0.157296 9.9964E-05 9.9964E-05 0.100555 9.9964E-05 0.66569 0.0760594
0.0528536 0.0754568 9.9982E-05 9.9982E-05 0.0227037 0.538891 0.145253 0.164642
9.9964E-05 0.26212 9.9964E-05 9.9964E-05 0.280703 9.9964E-05 0.407222 0.0495553
9.9964E-05 0.0564962 9.9964E-05 9.9964E-05 9.9964E-05 0.487636 0.340126 0.115342
9.9946E-05 9.9946E-05 9.9946E-05 9.9946E-05 9.9946E-05 0.0735198 0.92588 9.9946E-05
9.9946E-05 9.9946E-05 9.9946E-05 0.0295235 9.9946E-05 9.9946E-05 0.969877 9.9946E-05
9.9946E-05 9.9946E-05 9.9946E-05 9.9946E-05 9.9946E-05 0.418833 0.580568 9.9946E-05
9.9964E-05 0.0177502 9.9964E-05 9.9964E-05 9.9964E-05 0.561302 0.417755 0.00279307
9.9946E-05 9.9946E-05 9.9946E-05 9.9946E-05 9.9946E-05 0.360202 0.639198 9.9946E-05
9.9955E-05 9.9955E-05 9.9955E-05 0.0111446 9.9955E-05 0.531432 0.456924 9.9955E-05
9.9946E-05 9.9946E-05 9.9946E-05 9.9946E-05 9.9946E-05 0.522949 0.476452 9.9946E-05
0.00810811 0.863726 0.0841547 0.00801574 9.9982E-05 0.00552451 9.9982E-05 0.0302714
0.0239096 0.752816 0.0403554 0.00258891 0.0538121 0.0358762 0.0360268 0.0546147
0.0154402 0.910645 0.00770418 9.9982E-05 0.00792593 9.9982E-05 0.0245829 0.0335021
9.9955E-05 0.899078 9.9955E-05 9.9955E-05 0.0655336 0.0348891 9.9955E-05 9.9955E-05
0.0191779 0.0340761 9.9982E-05 0.404415 0.0218198 0.481767 9.9982E-05 0.0385441
9.9973E-05 0.0207592 0.0937489 0.320579 0.0179969 0.546616 9.9973E-05 9.9973E-05
9.9955E-05 0.0090176 9.9955E-05 0.449715 9.9955E-05 0.540767 9.9955E-05 9.9955E-05
0.0428929 0.0776022 0.0744754 0.220407 9.9973E-05 0.584322 9.9973E-05 9.9973E-05
0.205235 0.102784 0.0329158 0.0707874 9.9973E-05 0.587978 9.9973E-05 9.9973E-05
9.9964E-05 0.0642984 0.0952865 0.551991 9.9964E-05 0.288025 9.9964E-05 9.9964E-05
9.9955E-05 0.0151614 9.9955E-05 0.344017 9.9955E-05 0.640322 9.9955E-05 9.9955E-05
0.0909141 9.9973E-05 9.9973E-05 0.569378 0.00849256 0.263457 0.0674591 9.9973E-05
0.0476558 0.31051 0.0858298 0.0099837 0.0115217 0.374243 0.00346057 0.156795
0.0297974 9.9982E-05 9.9982E-05 0.369619 0.017561 0.439734 0.131164 0.0119249
9.9955E-05 9.9955E-05 0.0985365 0.539349 9.9955E-05 0.361615 9.9955E-05 9.9955E-05
0.0485429 9.9964E-05 9.9964E-05 0.37755 9.9964E-05 0.51334 0.0601673 9.9964E-05
9.9964E-05 9.9964E-05 0.0986202 0.475387 9.9964E-05 0.3792 9.9964E-05 0.0463927
9.9964E-05 0.00131659 9.9964E-05 0.385003 9.9964E-05 0.592115 0.0211656 9.9964E-05
9.9955E-05 0.114733 9.9955E-05 0.385569 9.9955E-05 0.499198 9.9955E-05 9.9955E-05
0.00966335 9.9964E-05 9.9964E-05 0.920001 9.9964E-05 9.9964E-05 0.0626607 0.00727524
0.0513444 9.9982E-05 9.9982E-05 0.571045 0.00757297 0.303242 0.064676 0.00191883
9.99686E-05 9.99686E-05 9.99686E-05 0.590598 9.99686E-05 0.340276 0.0653629 0.00336273
9.9955E-05 9.9955E-05 9.9955E-05 0.861636 0.0326894 9.9955E-05 0.105175 9.9955E-05
0.0150698 0.0559943 0.105984 0.425273 9.9973E-05 0.397378 9.9973E-05 9.9973E-05
0.21292 9.9973E-05 9.9973E-05 0.635689 0.0200642 0.05135 0.0796772 9.9973E-05
9.9955E-05 9.9955E-05 9.9955E-05 0.86983 0.0649965 9.9955E-05 0.0646736 9.9955E-05
0.0244196 0.0443117 0.0427102 0.308679 0.00296092 0.553889 0.0111368 0.0118925
0.0115656 0.049891 0.164458 0.618326 9.9982E-05 0.13856 9.9982E-05 0.0169997
0.00883926 0.0122417 0.0591913 0.404597 9.9982E-05 0.480367 0.0345635 9.9982E-05
0.097486 0.117466 0.0165958 0.165279 0.0211206 0.515286 9.9991E-05 0.0666663
0.00590269 0.0575685 0.0562407 0.35697 9.9973E-05 0.523018 9.9973E-05 9.9973E-05
0.0425872 9.9982E-05 0.25387 0.090765 0.0814342 0.396615 0.134529 9.9982E-05
0.00848561 0.0642989 0.0288639 0.331776 9.9982E-05 0.532122 9.9982E-05 0.0342541
0.0609238 0.0117449 0.0912981 0.315421 9.9973E-05 0.520312 9.9973E-05 9.9973E-05
9.9964E-05 9.9964E-05 9.9964E-05 0.573084 0.0109316 0.317302 0.0982831 9.9964E-05
0.0108042 0.141649 0.0803556 0.258958 9.9982E-05 0.474157 0.0338764 9.9982E-05
0.0228233 0.655462 0.274664 9.9973E-05 0.0303619 9.9973E-05 0.0163896 9.9973E-05
0.018694 0.739798 0.147908 0.0321256 0.0611744 9.9973E-05 9.9973E-05 9.9973E-05
9.9955E-05 0.820213 0.135956 9.9955E-05 0.0433304 9.9955E-05 9.9955E-05 9.9955E-05
0.0294522 0.803543 0.121434 9.9964E-05 0.0451707 9.9964E-05 9.9964E-05 9.9964E-05
0.106932 0.739092 0.138001 0.000386617 0.0152884 9.9973E-05 9.9973E-05 9.9973E-05
9.9964E-05 0.0457948 0.174219 0.633992 9.9964E-05 0.145594 9.9964E-05 9.9964E-05
9.9964E-05 0.038686 0.129285 0.67401 9.9964E-05 0.157619 9.9964E-05 9.9964E-05
9.9973E-05 9.9973E-05 9.9973E-05 0.775715 0.000954193 0.16501 0.0360125 0.0220089
0.030909 0.0682544 0.0662784 0.127926 0.0427697 0.579263 0.0702433 0.0143571
0.0213918 0.15871 0.0539044 0.207722 9.9982E-05 0.512364 9.9982E-05 0.045709
0.0316077 9.9973E-05 9.9973E-05 0.633853 9.9973E-05 0.20059 0.0665791 0.0670705
9.9982E-05 0.0120641 9.9982E-05 0.252826 0.021141 0.592443 0.0496594 0.0716663
9.9982E-05 0.0655344 9.9982E-05 0.416685 0.0417689 0.399133 0.075684 0.000994936
9.9964E-05 0.0533382 0.0646057 0.391991 9.9964E-05 0.489666 9.9964E-05 9.9964E-05
9.9982E-05 0.0502251 0.0152445 0.278121 0.055878 0.58049 9.9982E-05 0.0198414
9.9964E-05 9.9964E-05 0.137606 0.64128 9.9964E-05 0.216232 9.9964E-05 0.00448101
9.9955E-05 9.9955E-05 0.0661769 0.619065 9.9955E-05 0.314259 9.9955E-05 9.9955E-05
9.9964E-05 0.0363784 0.120116 0.53328 9.9964E-05 0.309826 9.9964E-05 9.9964E-05
0.2872 0.113189 0.0153221 9.9973E-05 9.9973E-05 0.578447 9.9973E-05 0.00554174
9.9964E-05 0.0311986 0.0903252 0.502828 9.9964E-05 0.375249 9.9964E-05 9.9964E-05
9.9973E-05 0.0588793 0.0871939 0.448477 9.9973E-05 0.38439 9.9973E-05 0.0207605
0.023434 0.0910265 9.9991E-05 0.0324025 0.0569725 0.446489 0.0192077 0.330368
9.9973E-05 0.0769123 9.9973E-05 9.9973E-05 0.134966 0.38094 0.0163023 0.39058
9.9973E-05 0.0840671 0.0254252 9.9973E-05 0.0720301 0.474829 9.9973E-05 0.343348
9.9964E-05 0.143748 9.9964E-05 9.9964E-05 0.118549 0.287372 9.9964E-05 0.44993
9.9982E-05 0.0947167 0.054125 0.00234658 0.1272 0.521816 9.9982E-05 0.199595
0.250254 0.0290253 9.9982E-05 0.15372 0.046503 0.477182 0.0431148 9.9982E-05
9.9973E-05 0.207325 9.9973E-05 0.000482389 0.182027 0.0397238 9.9973E-05 0.570142
9.9973E-05 0.110718 9.9973E-05 9.9973E-05 0.0974486 0.321825 0.0161887 0.45352
0.264311 0.111698 9.9991E-05 0.0305697 0.0860981 0.360977 0.0210126 0.125234
0.36289 0.101683 0.0385586 9.9973E-05 0.0291939 0.467375 9.9973E-05 9.9973E-05
0.4409 0.127092 0.0276705 9.9964E-05 9.9964E-05 0.403938 9.9964E-05 9.9964E-05
0.332733 0.09439 0.014661 9.9973E-05 9.9973E-05 0.527842 9.9973E-05 0.0300744
0.200973 0.151379 0.0244011 0.0672362 9.9982E-05 0.540726 9.9982E-05 0.015085
9.9964E-05 0.1337 9.9964E-05 9.9964E-05 0.0831386 0.34793 9.9964E-05 0.434831
9.9991E-05 0.113435 0.0133544 0.0236121 0.0934814 0.412859 0.00108634 0.342072
9.9964E-05 0.10758 9.9964E-05 9.9964E-05 0.0293197 0.421473 9.9964E-05 0.441227
0.0535758 0.144776 0.0133268 9.9991E-05 0.0625674 0.457046 0.0438679 0.22474
0.000882966 0.138907 9.9982E-05 0.0360497 0.102494 0.282301 9.9982E-05 0.439164
9.9982E-05 0.0953988 0.00618569 0.0821295 0.0625349 0.478037 9.9982E-05 0.275514
9.9964E-05 0.113023 9.9964E-05 9.9964E-05 0.125766 0.283355 9.9964E-05 0.477457
0.0583589 0.0891542 0.0556981 9.9991E-05 0.0833113 0.437066 0.016708 0.259603
0.489154 0.0609362 0.000118194 0.0310783 9.9982E-05 0.378721 9.9982E-05 0.0397927
0.0273301 0.124277 0.05803 0.0448825 0.0360394 0.377408 0.0228286 0.309205
9.9964E-05 0.155422 9.9964E-05 9.9964E-05 0.16806 0.151803 9.9964E-05 0.524316
9.9982E-05 0.0678657 0.0779943 0.055585 0.100278 0.420862 9.9982E-05 0.277215
0.604606 0.131607 0.0644099 9.9964E-05 9.9964E-05 0.198977 9.9964E-05 9.9964E-05
0.39219 0.0244511 9.9964E-05 9.9964E-05 9.9964E-05 0.561321 9.9964E-05 0.0216382
0.111853 0.123017 0.0371288 0.00806223 0.00977344 0.395591 9.9991E-05 0.314474
0.324481 0.123885 0.0462059 9.9973E-05 9.9973E-05 0.494152 9.9973E-05 0.0109772
0.430323 0.139244 0.00146987 9.9973E-05 9.9973E-05 0.425066 9.9973E-05 0.00359682
0.0765548 0.136134 9.9991E-05 0.0726974 0.166417 0.372015 0.00450911 0.171572
0.0622019 0.168052 0.0283974 9.9991E-05 0.13173 0.360584 0.0312917 0.217643
0.121764 0.0930311 0.0497255 0.0747856 0.047527 0.520566 0.0179571 0.0746441
9.9991E-05 0.129572 0.0229794 0.0315735 0.0692454 0.456194 0.0338587 0.256477
9.9973E-05 0.114932 0.0161075 9.9973E-05 0.0268692 0.480368 9.9973E-05 0.361423
9.9964E-05 0.102082 9.9964E-05 9.9964E-05 0.169372 0.166805 9.9964E-05 0.561342
0.166399 0.131915 0.0326644 0.00558957 9.9982E-05 0.659158 9.9982E-05 0.004074
0.49894 0.116853 9.9955E-05 9.9955E-05 9.9955E-05 0.383707 9.9955E-05 9.9955E-05
0.82351 0.0191675 9.9973E-05 9.9973E-05 0.0702599 9.9973E-05 0.0428567 0.0439063
0.236311 0.104863 0.014379 0.017693 0.0507621 0.563734 9.9991E-05 0.0121575
0.267982 0.0480953 0.114777 0.0145604 0.061826 0.349803 0.108525 0.0344311
9.9973E-05 0.120604 9.9973E-05 9.9973E-05 0.223577 0.547314 0.0424768 0.065728
0.0614983 0.0327895 0.118201 0.0049614 0.241159 0.487285 0.00746918 0.0466364
9.9964E-05 0.0483196 0.0329366 9.9964E-05 0.858097 0.0602467 9.9964E-05 9.9964E-05
