0.0278639 0.0174348 0.894366 9.9973E-05 0.00714731 9.9973E-05 0.0528878 9.9973E-05
9.9955E-05 9.9955E-05 0.949295 9.9955E-05 0.0428419 9.9955E-05 0.00736321 9.9955E-05
9.9982E-05 0.00617874 0.847686 9.9982E-05 0.0485544 0.0280553 0.021184 0.0481412
9.9955E-05 0.154278 0.791907 9.9955E-05 0.0533146 9.9955E-05 9.9955E-05 9.9955E-05
9.9964E-05 0.0907642 0.903107 9.9964E-05 0.000340393 0.00538876 9.9964E-05 9.9964E-05
0.0376645 0.0213053 0.61932 9.9982E-05 9.9982E-05 0.249536 0.0669452 0.00502824
9.9946E-05 9.9946E-05 0.780749 9.9946E-05 9.9946E-05 0.218652 9.9946E-05 9.9946E-05
0.0134073 9.9964E-05 0.705292 9.9964E-05 9.9964E-05 0.268596 0.0123055 9.9964E-05
0.132277 9.99549E-05 0.802805 9.99549E-05 0.0644186 9.99549E-05 9.99549E-05 9.99549E-05
0.0225821 0.0234359 0.751754 9.9973E-05 9.9973E-05 0.183919 0.0180091 9.9973E-05
9.9955E-05 0.0488615 0.736637 9.9955E-05 9.9955E-05 0.214002 9.9955E-05 9.9955E-05
0.445065 0.212703 0.00542005 9.9991E-05 0.0339491 0.11543 0.0487553 0.138578
0.282635 0.530709 0.0617099 9.9982E-05 0.031136 9.9982E-05 0.0401678 0.0534419
0.481988 0.320261 9.9982E-05 9.9982E-05 0.0942751 0.0113302 0.0182577 0.0736887
0.426812 0.350333 9.9982E-05 9.9982E-05 0.10746 0.0270364 0.06514 0.0230186
0.253911 0.433296 0.0759129 9.9991E-05 0.0464503 0.0896384 0.0769653 0.0237263
0.203075 0.571945 0.00303602 0.00111649 0.102457 0.0418466 0.0371143 0.0394096
0.283522 0.517818 0.000993867 9.9991E-05 0.0776116 0.075177 0.00140361 0.0433739
0.387503 0.312106 0.0594446 9.9991E-05 0.149123 0.0388105 0.040914 0.0119985
0.642954 0.0069834 0.0134152 9.9991E-05 0.0266402 0.225555 0.0064941 0.0778578
0.29474 0.428363 0.0170152 0.0289626 0.0697444 0.0727504 9.9991E-05 0.0883246
0.12202 0.419001 9.9991E-05 0.0575254 0.149331 0.101574 0.0329488 0.1175
0.168524 0.547551 0.0375705 0.0218644 0.0206518 0.0560912 0.0201235 0.127624
0.40605 0.214707 0.0222407 9.9991E-05 0.0362785 0.154019 0.073168 0.0934366
0.142154 0.680149 0.0595729 0.041163 0.0620977 9.9982E-05 0.0146639 9.9982E-05
0.239668 0.566282 0.0268657 9.9982E-05 0.0545926 0.0811888 9.9982E-05 0.0312026
0.482315 0.242263 0.0410616 9.9982E-05 0.0131201 0.088912 9.9982E-05 0.132128
0.432483 0.314522 0.0156094 9.9991E-05 0.0729752 0.0541077 0.0471765 0.0630271
0.464713 0.221568 9.9973E-05 9.9973E-05 0.0201552 0.163972 9.9973E-05 0.129293
9.9955E-05 0.0739896 0.879511 9.9955E-05 9.9955E-05 9.9955E-05 0.0459994 9.9955E-05
9.9964E-05 0.0903235 0.877821 0.000298858 9.9964E-05 9.9964E-05 0.031157 9.9964E-05
0.0148399 0.0720713 0.781 9.9973E-05 0.0238844 9.9973E-05 0.107904 9.9973E-05
9.9964E-05 0.151545 0.720885 9.9964E-05 0.0557376 9.9964E-05 0.0714329 9.9964E-05
0.0884044 0.473095 0.0550099 9.9973E-05 9.9973E-05 0.208966 9.9973E-05 0.174225
0.00621114 0.539505 0.108812 9.9982E-05 9.9982E-05 0.0382981 0.0157074 0.291266
9.9964E-05 0.573644 0.00208704 9.9964E-05 9.9964E-05 0.0335712 9.9964E-05 0.390298
0.607674 0.17815 0.0371212 0.0427476 0.0523435 9.9982E-05 9.9982E-05 0.0817639
9.9982E-05 0.253707 9.9982E-05 0.0137168 0.0401342 0.0824437 0.00977619 0.600022
0.11806 0.546213 0.0518489 9.9982E-05 0.0118682 9.9982E-05 0.0295397 0.24227
0.0119661 0.678859 0.0394479 0.0091373 9.9982E-05 0.10173 9.9982E-05 0.15866
0.0333524 0.440401 0.0473957 9.9982E-05 9.9982E-05 0.429021 0.0332424 0.0163874
0.0982898 0.544478 0.0471365 0.0179484 9.9991E-05 0.179033 0.0432963 0.0697188
0.160475 0.172299 0.0234469 9.9964E-05 9.9964E-05 9.9964E-05 9.9964E-05 0.643379
9.9973E-05 0.543119 0.0360477 9.9973E-05 0.00413866 0.375981 0.0404129 9.9973E-05
0.0229873 0.576406 0.084667 0.0255255 9.9982E-05 0.0646084 9.9982E-05 0.225606
0.0291987 0.555235 0.0940526 0.0554417 0.0182844 0.119001 0.043675 0.0851114
9.9964E-05 0.34316 9.9964E-05 0.0640572 0.0125743 9.9964E-05 9.9964E-05 0.579809
0.00401808 0.64139 0.0943925 0.0134987 9.9973E-05 9.9973E-05 9.9973E-05 0.246401
0.0382867 0.519204 0.105329 0.0354416 9.99936E-05 0.0928853 0.0513501 0.157403
9.9964E-05 9.9964E-05 9.9964E-05 0.0378056 0.151798 0.097538 9.9964E-05 0.712458
0.564499 0.150502 9.9973E-05 0.0307625 9.9973E-05 0.122014 9.9973E-05 0.131922
0.267453 0.177989 9.9991E-05 0.126735 0.164468 0.0775712 0.00514617 0.180537
0.130212 0.562721 0.0272685 0.0697028 0.0921017 0.0633512 0.0212049 0.0334378
0.13254 0.534198 0.0556554 0.0848983 0.0620611 0.018373 0.0668845 0.0453898
0.0834052 0.6263 0.0516416 0.101213 0.0962385 0.00621521 0.0145414 0.0204452
0.519109 0.209458 0.109251 9.9982E-05 0.0222482 0.0292681 9.9982E-05 0.110466
0.317488 0.547071 9.9982E-05 0.019781 0.0418686 0.030826 9.9982E-05 0.0427657
0.15339 0.561813 0.0627928 9.9991E-05 0.0310763 0.00890438 0.0601861 0.121737
0.25066 0.385669 0.087923 0.0412422 0.048605 0.0616221 0.0137345 0.110544
0.457587 0.140571 0.121596 9.9982E-05 0.0634509 0.127444 9.9982E-05 0.0891506
0.130554 0.577044 0.00432946 0.0434329 0.110801 0.0396737 0.00764642 0.0865183
0.221418 0.519477 0.0698828 0.0536278 0.0719048 9.9982E-05 9.9982E-05 0.0634899
0.541129 0.0773412 0.0515588 9.9982E-05 0.0772753 0.12769 9.9982E-05 0.124806
0.374276 0.472771 9.9974E-05 9.9974E-05 0.038943 0.0299228 9.9974E-05 0.0837875
0.0947357 0.588377 0.0317357 0.10642 0.05511 0.026422 0.0135066 0.0836931
0.195575 0.630951 0.0761726 0.0227541 0.0138082 0.0328108 9.9991E-05 0.0278291
0.382889 0.243005 0.0413262 0.0290169 0.0652929 0.0671654 0.075564 0.0957408
0.218007 0.546302 0.0679143 0.0296965 0.0417746 0.00210585 9.9991E-05 0.0940997
0.215467 0.560662 0.00486676 0.0927139 0.0552388 0.0381409 0.0188832 0.0140274
0.467346 0.258978 9.9973E-05 9.9973E-05 0.0900933 0.0582766 9.9973E-05 0.125007
0.0352268 0.479366 0.0316563 9.9964E-05 9.9964E-05 9.9964E-05 9.9964E-05 0.453351
0.0825563 0.224095 0.0222152 9.9964E-05 9.9964E-05 9.9964E-05 9.9964E-05 0.670734
0.0804032 0.509933 0.0747818 9.9982E-05 0.0901992 9.9982E-05 0.0353966 0.209086
9.9964E-05 9.9964E-05 9.9964E-05 0.101578 0.0199476 9.9964E-05 0.0150815 0.862993
9.9955E-05 9.9955E-05 9.9955E-05 0.0867654 0.0359165 9.9955E-05 9.9955E-05 0.876818
9.9955E-05 0.254433 9.9955E-05 0.0225376 9.9955E-05 9.9955E-05 9.9955E-05 0.72253
0.0497299 0.465641 0.0570222 9.9964E-05 9.9964E-05 9.9964E-05 9.9964E-05 0.427207
0.0493929 0.513 0.0992706 0.0804907 9.9991E-05 0.055996 0.0433583 0.158392
9.9955E-05 0.504401 9.9955E-05 0.0302191 9.9955E-05 9.9955E-05 9.9955E-05 0.46488
0.164354 0.151741 0.0583547 9.9964E-05 9.9964E-05 9.9964E-05 9.9964E-05 0.62515
0.140172 0.265408 0.037842 9.9973E-05 9.9973E-05 0.0127636 9.9973E-05 0.543515
0.102966 0.503019 0.0627581 9.9973E-05 9.9973E-05 9.9973E-05 0.0703256 0.260632
0.0671896 0.331496 0.036897 9.9973E-05 9.9973E-05 9.9973E-05 0.00841021 0.555707
0.0965947 0.490345 0.015405 0.0103768 9.9973E-05 9.9973E-05 9.9973E-05 0.386979
9.9973E-05 0.448874 9.9973E-05 0.0653184 0.0258982 0.026263 9.9973E-05 0.433346
9.9955E-05 9.9955E-05 9.9955E-05 0.11823 0.157785 9.9955E-05 9.9955E-05 0.723486
0.00925705 0.617049 0.0640746 0.0314517 0.0263899 9.9982E-05 9.9982E-05 0.251578
0.079835 0.0745827 0.843126 9.9964E-05 0.00205617 9.9964E-05 9.9964E-05 9.9964E-05
9.9964E-05 0.0623612 0.922308 9.9964E-05 0.00941938 9.9964E-05 0.00551135 9.9964E-05
9.9964E-05 0.0932987 0.832855 9.9964E-05 0.0246826 9.9964E-05 0.0487636 9.9964E-05
9.9964E-05 0.0335893 0.922975 9.9964E-05 0.0122979 9.9964E-05 0.0307379 9.9964E-05
9.9973E-05 0.00871308 0.944729 0.0039843 9.9973E-05 0.0136976 0.0285758 9.9973E-05
9.9973E-05 0.0536631 0.878414 0.00427603 9.9973E-05 0.0137306 0.0496165 9.9973E-05
9.9946E-05 0.0745863 0.924814 9.9946E-05 9.9946E-05 9.9946E-05 9.9946E-05 9.9946E-05
0.0564683 0.540417 0.0627435 0.0340031 0.0509209 0.00943336 0.041074 0.20494
0.048445 0.562019 0.103152 0.0117425 0.0123224 0.0637838 0.0338105 0.164725
0.20764 0.0453153 0.0326127 0.0355557 9.9973E-05 9.9973E-05 9.9973E-05 0.678576
0.0580144 0.559443 0.0536953 0.0565067 9.9991E-05 0.0510017 0.0434624 0.177776
0.0641975 0.377132 0.0802903 9.9964E-05 9.9964E-05 9.9964E-05 9.9964E-05 0.477981
0.0439284 0.550517 0.0943666 9.9973E-05 9.9973E-05 0.0113547 9.9973E-05 0.299533
9.9982E-05 0.521415 0.0399124 0.0416041 9.9982E-05 0.0885581 0.0116458 0.296664
0.0232416 0.543303 0.0334933 0.02947 9.9982E-05 9.9982E-05 0.014125 0.356167
0.259404 0.00147157 0.0474185 9.9964E-05 9.9964E-05 9.9964E-05 9.9964E-05 0.691306
0.10645 0.525133 0.113863 0.0150252 9.9991E-05 0.0417308 0.0243995 0.173299
0.00902829 0.688533 0.0636053 0.0181737 0.0701347 0.0668916 9.9991E-05 0.0835334
0.0578159 0.584286 0.143573 0.00789285 0.0271794 0.0882998 0.00633652 0.0846171
0.0367192 0.245467 9.9991E-05 0.0739314 0.0529738 0.0940572 0.0138952 0.482856
9.9964E-05 0.523563 9.9964E-05 0.0583999 9.9964E-05 9.9964E-05 0.0140739 0.403564
0.118909 0.484468 9.9964E-05 9.9964E-05 9.9964E-05 0.00257777 9.9964E-05 0.393646
9.9964E-05 0.37235 9.9964E-05 0.057134 9.9964E-05 9.9964E-05 0.0173533 0.552763
0.0938712 0.440415 0.0975161 9.9973E-05 9.9973E-05 0.0123117 9.9973E-05 0.355586
0.03993 0.599776 0.0771371 0.0241149 0.0507175 0.00988056 9.9991E-05 0.198344
0.341176 0.296216 9.9973E-05 0.129709 0.188817 9.9973E-05 9.9973E-05 0.043781
0.378646 0.407527 0.0481693 9.9982E-05 0.0515291 0.0873628 9.9982E-05 0.0265666
0.148542 0.551669 0.121086 0.0139796 0.083145 0.0288015 9.9991E-05 0.0526773
0.157971 0.600167 0.077012 0.0458376 0.0313861 0.0534024 9.9991E-05 0.0341234
0.380221 0.514659 0.00732157 0.0107329 0.0157436 0.0484076 0.00304281 0.0198706
0.194427 0.629599 0.0538161 0.0193627 0.0266965 0.0538823 0.0186072 0.00360895
0.436308 0.460544 0.041863 0.0297224 0.0294273 9.9982E-05 9.9982E-05 0.00193511
0.162778 0.518114 0.0391218 0.0648172 0.114954 0.000827391 0.0468803 0.0525078
0.176438 0.627767 0.0678494 0.0343528 0.0566355 0.0158838 9.9991E-05 0.0209742
0.306906 0.538851 0.0348777 0.0391964 0.0307303 0.0492385 9.9982E-05 9.9982E-05
0.286674 0.564262 0.00470575 0.0469737 0.00460883 0.0441648 9.9991E-05 0.048511
0.127625 0.628784 0.0751969 0.0621513 0.0290148 0.0718073 0.00531995 9.9991E-05
0.160388 0.577623 0.0644469 0.0177965 0.0365752 0.14297 9.9982E-05 9.9982E-05
0.181148 0.570977 9.9982E-05 0.0953223 0.0740816 9.9982E-05 0.0412029 0.0370683
0.173389 0.55908 0.0361741 0.0463682 0.072952 0.0262375 0.079464 0.00633421
0.192819 0.619494 9.9973E-05 0.106646 0.0477292 9.9973E-05 9.9973E-05 0.0330119
0.257921 0.340251 0.0107055 0.111349 0.161223 0.0469006 0.00148032 0.0701691
0.157899 0.580229 0.0504591 0.0754688 0.0427231 9.9991E-05 0.0492328 0.0438877
0.170936 0.631919 0.0309988 0.143107 0.0205568 0.00228255 9.9982E-05 9.9982E-05
0.571949 0.242209 0.0078769 0.0186652 0.03965 0.0300603 0.0104005 0.0791886
0.304551 0.166375 9.9991E-05 0.211217 0.20291 0.0132255 0.000414353 0.101206
0.235576 0.533885 0.0432637 0.0580724 0.0379958 0.0475865 0.0115366 0.0320848
0.317273 0.0516855 9.9982E-05 0.29907 0.146939 0.0286638 9.9982E-05 0.156168
0.526693 0.334282 9.9982E-05 0.0412586 0.017199 0.0272731 9.9982E-05 0.0530947
0.444325 0.455266 9.9964E-05 0.0396442 9.9964E-05 9.9964E-05 9.9964E-05 0.0603648
0.488535 0.360945 9.9973E-05 0.00580583 0.0581271 9.9973E-05 9.9973E-05 0.0862875
0.484937 0.346306 9.9973E-05 0.0419594 9.9973E-05 0.0588432 9.9973E-05 0.0676541
0.202046 0.605789 0.0487458 0.0511381 0.0166276 0.0551131 9.9991E-05 0.0204403
0.158792 0.576664 0.0545299 0.0375025 0.0745468 9.9991E-05 0.0139782 0.0838865
0.244078 0.611594 0.0104055 0.0499561 0.0567866 9.9982E-05 9.9982E-05 0.0269802
0.400717 0.157095 9.9991E-05 0.107938 0.164228 0.0193428 0.00105256 0.149527
0.0977105 0.515185 0.14406 0.0569147 0.00482984 0.115653 0.00228041 0.0633657
0.0854561 0.463043 0.0126952 0.0894408 0.136488 0.177804 0.0315985 0.00347536
0.0848199 9.9973E-05 9.9973E-05 0.141804 0.304212 0.363716 9.9973E-05 0.105149
0.00918968 0.632845 0.0505542 0.0194906 0.0621127 0.180084 0.0456234 9.9991E-05
0.079791 0.217596 0.0512557 0.102642 0.117297 0.238751 0.0566361 0.136032
0.050406 0.481684 0.0639408 0.0634239 0.136803 0.13283 0.0245622 0.0463503
0.126754 0.158341 0.0196895 0.0926684 0.160114 0.35489 9.9991E-05 0.0874431
0.131261 0.0296875 9.9982E-05 0.118754 0.200859 0.384657 9.9982E-05 0.134581
0.113413 0.363011 0.0134901 0.0755165 0.103964 0.255961 9.9991E-05 0.0745444
0.084635 0.439221 0.109928 0.0927284 0.0477722 0.122067 0.0478828 0.0557667
0.0871989 0.42179 0.100086 0.0384367 0.137269 0.141115 9.9991E-05 0.0740037
0.106423 0.107271 9.9991E-05 0.155779 0.239622 0.132118 0.00745654 0.25123
0.118831 0.484733 0.0736743 0.0862329 0.0528926 0.10545 0.0516292 0.026557
0.0660504 0.249436 9.9982E-05 0.153006 0.0523616 0.357275 9.9982E-05 0.121671
0.0663269 0.389884 9.9982E-05 0.11967 0.0812236 0.234718 9.9982E-05 0.107979
0.00258223 0.51284 0.0940423 0.0638271 0.0427255 0.106839 0.0575037 0.119641
0.0116758 0.11743 0.276731 9.9991E-05 0.235848 0.134045 0.209618 0.0145532
9.9973E-05 9.9973E-05 0.307868 0.00346639 0.546166 0.0564533 0.0857465 9.9973E-05
9.9973E-05 9.9973E-05 0.302344 0.0038981 0.543697 0.0801072 0.0696541 9.9973E-05
9.9973E-05 0.0742633 0.271873 9.9973E-05 0.248938 0.191709 0.212916 9.9973E-05
9.9973E-05 0.56816 9.9973E-05 0.0920493 0.00810533 0.29378 9.9973E-05 0.0376057
0.0526739 0.584794 0.0784764 0.0432303 0.0469087 0.0944339 0.0282603 0.0712222
0.0328615 0.327112 9.9964E-05 9.9964E-05 9.9964E-05 9.9964E-05 0.638126 0.00150034
0.071161 0.354222 0.00867513 0.0565895 9.9982E-05 9.9982E-05 0.446832 0.0623205
0.111103 0.349598 0.0721791 0.0150456 0.0208927 0.0201772 0.368975 0.0420291
0.05068 0.201221 9.9982E-05 0.175797 0.0866881 0.43582 9.9982E-05 0.0495948
0.0999548 0.531411 0.048495 0.0620031 0.0954558 0.0902944 0.0247678 0.0476181
0.0637039 0.158546 9.9982E-05 0.159207 0.0310664 0.569731 9.9982E-05 0.0175457
9.99771E-05 0.504628 0.0284804 0.123993 0.0634201 0.279179 9.99771E-05 9.99771E-05
0.0122958 0.445693 9.9982E-05 0.143816 0.0634707 0.334091 0.000434279 9.9982E-05
9.9973E-05 0.520059 9.9973E-05 0.0889188 0.00881235 0.379328 9.9973E-05 0.00258194
0.00382685 0.115188 9.9982E-05 0.121282 0.111953 0.57325 9.9982E-05 0.0743005
0.00739963 0.604015 0.0437835 0.0124356 0.0592973 0.209297 0.0116624 0.0521096
0.0323652 0.577587 0.0727441 0.0486615 0.0725784 0.148286 9.9991E-05 0.0476776
9.9973E-05 0.0175727 0.00582369 0.0168129 9.9973E-05 0.00163355 0.957857 9.9973E-05
0.010846 0.0388518 9.9973E-05 0.0378832 9.9973E-05 9.9973E-05 0.901017 0.0111024
0.0652308 0.294974 0.0392035 0.0422432 9.9991E-05 0.00687689 0.54207 0.0093019
0.0323991 0.323471 9.9964E-05 0.00449939 9.9964E-05 9.9964E-05 0.639231 9.9964E-05
0.020297 0.124499 9.9964E-05 9.9964E-05 9.9964E-05 9.9964E-05 0.825027 0.0297778
9.994E-05 9.994E-05 9.994E-05 9.994E-05 9.994E-05 9.994E-05 0.9993 9.994E-05
0.0405416 9.9946E-05 9.9946E-05 9.9946E-05 9.9946E-05 9.9946E-05 0.958859 9.9946E-05
9.99489E-05 0.13424 9.99489E-05 9.99489E-05 9.99489E-05 9.99489E-05 0.86516 9.99489E-05
0.0468502 9.9955E-05 0.00776125 9.9955E-05 9.9955E-05 9.9955E-05 0.944889 9.9955E-05
9.994E-05 9.994E-05 9.994E-05 9.994E-05 9.994E-05 9.994E-05 0.9993 9.994E-05
9.994E-05 9.994E-05 9.994E-05 9.994E-05 9.994E-05 9.994E-05 0.9993 9.994E-05
0.0408179 0.217223 9.9955E-05 9.9955E-05 9.9955E-05 9.9955E-05 0.741459 9.9955E-05
0.0644319 0.106663 0.0189524 9.9973E-05 0.00593767 9.9973E-05 0.803715 9.9973E-05
9.994E-05 9.994E-05 9.994E-05 9.994E-05 9.994E-05 9.994E-05 0.9993 9.994E-05
0.0838169 0.333189 0.0804827 0.0154501 0.00475246 0.017802 0.400063 0.0644444
0.0231139 0.23741 0.04927 0.0353836 9.9973E-05 9.9973E-05 0.654523 9.9973E-05
0.00232304 0.145784 0.0407792 9.9973E-05 9.9973E-05 9.9973E-05 0.798763 0.0120505
9.9955E-05 0.0973206 0.0178526 9.9955E-05 9.9955E-05 9.9955E-05 0.884327 9.9955E-05
9.994E-05 9.994E-05 9.994E-05 9.994E-05 9.994E-05 9.994E-05 0.9993 9.994E-05
9.9946E-05 0.0341282 9.9946E-05 9.9946E-05 9.9946E-05 9.9946E-05 0.965272 9.9946E-05
9.994E-05 9.994E-05 9.994E-05 9.994E-05 9.994E-05 9.994E-05 0.9993 9.994E-05
0.0205974 0.254177 0.0605125 9.9991E-05 0.0122908 0.0136628 0.629351 0.00930878
9.9973E-05 0.00783142 0.00407379 9.9973E-05 0.0139169 9.9973E-05 0.964435 0.00944295
9.9973E-05 9.9973E-05 0.16206 0.0376974 0.255988 0.529682 0.0142727 9.9973E-05
0.0371799 0.30728 0.179996 9.9982E-05 0.0525725 0.319543 0.103228 9.9982E-05
9.9982E-05 0.366532 0.0795781 0.00759512 0.130096 0.344636 0.0713633 9.9982E-05
0.00360426 0.12859 0.1008 0.00624846 0.192716 0.482908 0.0850335 9.9991E-05
0.0205373 0.38281 0.111279 0.0118201 0.0521663 0.164003 0.139115 0.11827
9.9982E-05 9.9982E-05 0.157864 0.0359734 0.173534 0.509875 0.120016 0.00253695
0.0370987 0.407954 0.105219 0.0899282 0.12244 0.155342 0.0735916 0.00842664
9.9973E-05 0.233434 0.091669 9.9973E-05 0.113248 0.412765 0.148584 9.9973E-05
9.9973E-05 0.464168 0.139623 9.9973E-05 0.0647105 0.247543 0.0836558 9.9973E-05
9.9973E-05 0.294634 0.147423 9.9973E-05 0.0975806 0.351483 0.108579 9.9973E-05
0.00597138 0.441337 0.135257 0.00396953 0.141311 0.147422 0.0762851 0.0484469
0.00403769 0.0555095 0.873119 9.9973E-05 0.0249512 0.0420832 9.9973E-05 9.9973E-05
9.9973E-05 9.9973E-05 0.882044 0.0260921 0.0113437 9.9973E-05 0.0641512 0.016069
0.0121464 0.0137653 0.952588 9.9973E-05 0.0171071 9.9973E-05 9.9973E-05 0.00409313
9.9946E-05 9.9946E-05 0.949266 9.9946E-05 0.050134 9.9946E-05 9.9946E-05 9.9946E-05
0.0130469 0.0515119 0.903413 9.9964E-05 0.0316288 9.9964E-05 9.9964E-05 9.9964E-05
9.9964E-05 0.015863 0.956051 0.0123863 0.0152996 9.9964E-05 9.9964E-05 9.9964E-05
9.9964E-05 0.0454393 0.909361 9.9964E-05 0.014254 9.9964E-05 0.0305461 9.9964E-05
0.00241828 0.00516056 0.911288 0.0346629 0.04617 9.9973E-05 9.9973E-05 9.9973E-05
9.9982E-05 0.00449369 0.871106 9.9982E-05 0.0635178 0.00300645 0.0258394 0.0318362
0.00727867 9.9973E-05 0.875002 0.0117842 0.090904 9.9973E-05 0.0147315 9.9973E-05
0.279337 9.9964E-05 0.594096 9.9964E-05 9.9964E-05 0.0665094 9.9964E-05 0.0596575
0.328408 9.9982E-05 0.614628 0.0213305 0.0216155 0.00434739 9.9982E-05 0.00947081
0.313916 9.9973E-05 0.517739 9.9973E-05 0.0454023 0.0702856 9.9973E-05 0.0523574
0.390326 9.9973E-05 0.463433 0.00149901 9.9973E-05 0.137202 9.9973E-05 0.0072394
0.153604 0.496155 0.0594705 9.99785E-05 0.0167059 9.99785E-05 9.99785E-05 0.273765
0.0627074 0.461418 0.050041 0.0262854 9.9991E-05 0.0308569 0.0518385 0.316752
0.220689 0.532023 9.9982E-05 0.0402012 9.9982E-05 0.00376742 0.0295986 0.17352
0.285084 0.377038 0.0147149 9.9982E-05 0.033461 0.017239 9.9982E-05 0.272263
0.589917 0.186052 9.9982E-05 0.0400901 9.9982E-05 0.0805919 0.000555718 0.102593
0.0585734 0.65543 0.0488157 0.0785836 9.9973E-05 9.9973E-05 9.9973E-05 0.158297
0.120869 0.601748 9.9982E-05 0.0167608 9.9982E-05 0.00581196 0.00997106 0.244639
0.0324114 0.522218 9.9982E-05 0.0561187 0.0410282 0.0409522 9.9982E-05 0.307072
9.9964E-05 0.385035 9.9964E-05 0.0498996 0.0178452 9.9964E-05 9.9964E-05 0.546821
0.071797 0.627496 0.0180582 0.0197438 0.0850753 0.061957 0.0168258 0.0990465
0.0737632 0.432814 0.0213967 9.9973E-05 9.9973E-05 0.00208942 9.9973E-05 0.469637
9.9955E-05 9.9955E-05 9.9955E-05 0.17122 0.00121946 9.9955E-05 9.9955E-05 0.82706
0.154915 0.591222 0.113125 0.0422881 9.9973E-05 9.9973E-05 9.9973E-05 0.09815
9.9973E-05 0.157205 9.9973E-05 0.0776684 0.0378534 0.0524792 9.9973E-05 0.674494
0.0258338 0.495892 0.0197166 0.0846186 0.0168009 9.9991E-05 0.00154959 0.355489
0.207866 0.168154 0.00947993 9.9964E-05 9.9964E-05 9.9964E-05 9.9964E-05 0.6141
0.737338 9.9955E-05 0.15231 9.9955E-05 9.9955E-05 0.109852 9.9955E-05 9.9955E-05
0.683213 0.0368767 0.116558 0.0250272 9.9973E-05 0.138026 9.9973E-05 9.9973E-05
0.752701 9.9955E-05 0.0994127 9.9955E-05 9.9955E-05 0.147387 9.9955E-05 9.9955E-05
0.748678 9.9955E-05 0.116162 9.9955E-05 9.9955E-05 0.13466 9.9955E-05 9.9955E-05
0.740833 0.0867259 0.0525903 9.9964E-05 9.9964E-05 0.119451 9.9964E-05 9.9964E-05
0.720716 0.0664331 0.0812905 0.00155451 9.9982E-05 0.112177 0.0176284 9.9982E-05
0.00508795 0.0168105 0.876272 0.014469 9.9982E-05 9.9982E-05 0.060322 0.0268381
0.0182608 0.107151 0.806765 9.9982E-05 0.0311508 9.9982E-05 0.0145987 0.0218734
0.00168816 0.146004 0.780461 0.00378806 0.0367496 9.9991E-05 0.0224905 0.00871822
0.0312518 9.9964E-05 0.847824 9.9964E-05 9.9964E-05 9.9964E-05 0.0750962 0.0454284
9.9973E-05 0.107941 0.77389 9.9973E-05 0.013125 0.0524512 0.0522931 9.9973E-05
0.477748 9.9955E-05 0.390153 9.9955E-05 9.9955E-05 0.131599 9.9955E-05 9.9955E-05
0.477932 9.9973E-05 0.456459 0.0435165 9.9973E-05 0.0198242 0.00196916 9.9973E-05
0.465407 0.0187079 0.445175 0.0382184 0.0218225 0.00768257 0.00288673 9.9991E-05
0.00549778 0.0671105 0.855511 0.0139719 9.9982E-05 9.9982E-05 0.0289067 0.0288017
0.474743 9.9973E-05 0.419616 0.0556804 9.9973E-05 0.0175371 9.9973E-05 0.0321232
9.9964E-05 0.337316 0.16945 9.9964E-05 0.272405 9.9964E-05 0.220429 9.9964E-05
0.0406455 0.552758 0.115778 0.0165661 0.073949 0.0238001 0.173129 0.003374
9.9964E-05 0.571448 0.204298 9.9964E-05 0.0209204 9.9964E-05 0.202933 9.9964E-05
9.9982E-05 0.328006 0.202237 0.0340615 0.147963 0.0696624 0.217871 9.9982E-05
0.0674641 0.515478 0.165536 0.0282537 0.0259324 0.065212 0.0973098 0.0348133
9.9973E-05 9.9973E-05 0.333036 0.0607388 0.352982 0.0192047 0.233738 9.9973E-05
0.38473 0.443437 0.00191498 0.0418682 9.9982E-05 0.0626208 9.9982E-05 0.0652289
0.194354 0.42491 9.9982E-05 0.16777 0.0892403 0.0441202 9.9982E-05 0.0794057
0.516067 0.270431 9.9991E-05 0.00874533 0.00117729 0.0707188 0.00108315 0.131678
0.18944 0.50101 9.9973E-05 0.216455 0.0516033 9.9973E-05 9.9973E-05 0.0411924
0.322535 9.9973E-05 9.9973E-05 0.368765 0.135842 0.0442462 9.9973E-05 0.128313
0.136562 0.563919 0.0723195 0.0304003 0.0919443 0.087577 9.9991E-05 0.0171784
0.175125 0.504322 9.9991E-05 0.135828 0.0611282 0.053642 0.0132747 0.05658
0.450211 0.35489 9.9982E-05 0.00891683 0.0250889 0.116877 9.9982E-05 0.0438159
0.155465 0.524114 0.0988595 0.0370223 0.0623205 0.111401 0.000438238 0.0103802
0.297119 0.104361 9.9982E-05 0.159011 0.115932 0.101026 9.9982E-05 0.222351
0.170918 0.564861 9.9991E-05 0.0523324 0.0868473 0.0459492 0.00353038 0.0754612
0.278609 0.516414 9.9982E-05 0.0415463 0.0625953 0.00824657 9.9982E-05 0.0923886
0.104417 0.456975 0.0384353 0.0267193 0.165934 0.0345812 0.117191 0.0557468
0.233099 0.330873 9.9973E-05 0.159341 0.139462 9.9973E-05 9.9973E-05 0.136925
0.218079 0.411008 9.9982E-05 0.118403 0.123621 0.0299179 9.9982E-05 0.0987713
0.169788 0.60136 0.00824678 0.131287 0.053828 0.0308169 9.9991E-05 0.00457309
0.194261 0.491911 9.9982E-05 0.139283 0.0433499 0.000681617 9.9982E-05 0.130313
0.129601 0.614293 0.0359738 0.0826629 0.0154115 0.0670486 0.0461674 0.00884149
0.142813 0.535109 0.0771746 0.0777264 0.0283419 0.00691652 0.0464583 0.0854604
0.123168 0.583114 0.072385 0.0294839 0.0857222 9.9991E-05 0.00534241 0.100684
9.9955E-05 0.107821 0.845389 9.9955E-05 9.9955E-05 9.9955E-05 0.0462899 9.9955E-05
9.9955E-05 0.115425 0.882019 9.9955E-05 9.9955E-05 9.9955E-05 0.00205608 9.9955E-05
9.9973E-05 0.0451551 0.869052 9.9973E-05 0.029431 0.0484256 9.9973E-05 0.00763653
0.0299591 0.0128456 0.894197 9.9964E-05 9.9964E-05 9.9964E-05 0.0625989 9.9964E-05
9.9955E-05 0.0819453 0.90899 9.9955E-05 9.9955E-05 0.00856485 9.9955E-05 9.9955E-05
0.608431 0.118834 9.9991E-05 0.0173234 0.0913202 0.0477371 0.0202812 0.0959733
0.187991 0.561641 0.0305419 0.112862 0.0761741 9.9991E-05 0.00709024 0.0235997
0.0306086 0.451475 0.169663 0.00249854 0.0680353 0.0972197 0.1804 9.9991E-05
0.233725 0.660877 0.00705972 0.0290046 0.032174 0.0217949 0.0152643 9.9991E-05
0.345795 0.492602 9.9964E-05 9.9964E-05 0.0686297 9.9964E-05 9.9964E-05 0.0925736
0.29166 0.275565 9.9982E-05 0.17352 0.15894 0.0269691 9.9982E-05 0.0731454
0.751269 0.0221536 0.0283008 9.9973E-05 0.0997488 9.9973E-05 9.9973E-05 0.0982282
0.367875 0.473654 0.0315649 0.0440617 0.0494643 0.0199236 9.9991E-05 0.0133557
0.569281 0.20302 0.0230132 0.0363755 0.0208192 0.0549358 0.0665332 0.0260223
0.177022 0.436624 0.0332217 0.0906983 0.0401155 0.118438 9.9991E-05 0.10378
0.598734 0.186015 0.048284 0.05416 0.0515005 0.0478813 9.9991E-05 0.0133252
0.272272 0.544296 0.0680251 0.0190725 0.0359198 9.9982E-05 0.0602144 9.9982E-05
0.541535 0.16253 0.042455 9.9991E-05 0.0420235 0.0854932 0.0051687 0.120695
0.269534 0.272028 9.9991E-05 0.113 0.11299 0.0489067 0.0575453 0.125897
0.0524353 0.524568 0.0618143 0.0589225 0.0470178 0.251984 9.9991E-05 0.00315786
0.0706277 0.202039 9.9982E-05 0.126589 0.0254588 0.501176 9.9982E-05 0.0739096
0.00847035 0.428509 0.0296118 0.0450035 0.0198901 0.382693 0.0198573 0.0659645
0.0700733 0.551035 0.0755371 0.0193588 0.0597044 0.195554 0.00259473 0.0261429
0.0270204 0.165345 9.9982E-05 0.0945178 0.0377222 0.610992 9.9982E-05 0.0642031
0.0611167 0.514664 0.0585382 0.0647547 0.0313785 0.166287 0.0371419 0.0661187
0.072996 0.484954 0.0196471 0.0900954 0.0130495 0.299537 9.9991E-05 0.019621
0.0141001 0.0305381 9.9982E-05 0.226036 0.0536363 0.574147 9.9982E-05 0.101342
9.9973E-05 0.074473 9.9973E-05 0.0815501 0.0613682 0.74581 9.9973E-05 0.0364986
0.0379613 0.381985 9.9982E-05 0.0752842 0.0252992 0.426048 9.9982E-05 0.0532222
0.0129932 9.9973E-05 9.9973E-05 0.138332 0.0193007 0.632869 9.9973E-05 0.196206
0.0854441 0.340994 9.9982E-05 0.0686741 0.0143749 0.466856 9.9982E-05 0.0234568
0.666156 0.175269 9.9964E-05 9.9964E-05 0.0490472 9.9964E-05 9.9964E-05 0.109127
0.348843 0.194148 9.9982E-05 0.267045 0.0629851 9.9982E-05 0.052017 0.0747615
0.451918 0.409198 0.0245219 0.0420223 9.9982E-05 9.9982E-05 0.0645051 0.00763515
0.241964 0.576407 0.0616371 0.0310206 0.0348044 9.9991E-05 0.00644622 0.0476209
0.593367 0.262316 9.9964E-05 9.9964E-05 9.9964E-05 9.9964E-05 0.0237074 0.12021
0.167967 0.50496 0.023715 0.0852291 0.102073 9.9991E-05 0.0554684 0.0604878
0.229283 0.527475 0.044672 0.0304307 0.0487687 9.9991E-05 0.0326631 0.0866079
0.241665 0.472754 9.9982E-05 0.0693954 0.079954 9.9982E-05 0.0567604 0.0792713
0.282514 0.48451 9.9982E-05 0.062163 0.0414274 9.9982E-05 0.0585086 0.070676
0.439784 0.478841 0.00233108 0.000327789 0.0528934 0.00351528 0.0222074 9.9991E-05
0.554065 0.298514 9.9973E-05 9.9973E-05 0.0270255 9.9973E-05 0.00306755 0.117028
0.428728 0.428196 9.9982E-05 0.0207744 0.00967062 9.9982E-05 0.0297852 0.0826466
0.204789 0.615727 9.9973E-05 0.0734178 0.0818985 9.9973E-05 9.9973E-05 0.0238672
0.21071 0.587074 0.0199128 0.0407312 0.0629597 0.00159768 0.038309 0.0387055
0.213199 0.35304 9.9982E-05 0.0907062 0.159329 9.9982E-05 0.0455882 0.137938
0.236748 0.483557 9.9982E-05 0.109146 0.0335637 9.9982E-05 0.071343 0.0654424
0.517706 0.377972 9.9982E-05 9.9982E-05 0.0278027 0.027446 0.0370139 0.0118591
0.290202 0.566304 0.0103372 0.00788433 0.0723 9.9991E-05 0.014318 0.0385548
0.306831 0.402412 0.027691 0.0294464 0.00861025 9.9991E-05 0.107431 0.117479
0.187439 0.550457 0.0538216 0.0594338 0.0465859 0.0512205 0.0509415 9.9991E-05
0.0561515 0.492129 0.310014 9.9982E-05 0.0929132 0.00646597 0.042126 9.9982E-05
0.0475202 0.548576 0.065953 0.0363532 0.139544 0.0442438 0.117709 9.9991E-05
0.0316724 0.456254 0.14316 0.0496077 0.102414 0.0310113 0.0971433 0.0887376
0.0429406 0.546974 0.058154 0.0815095 0.123521 0.0296993 0.117101 9.9991E-05
0.0274137 0.467695 0.159119 0.00774267 0.165463 0.0114774 0.142297 0.0187926
0.172699 0.467903 9.9982E-05 0.170744 0.0596753 0.0813211 9.9982E-05 0.0474576
0.0303153 0.532074 0.159229 0.00751104 0.0783262 0.0251884 0.074053 0.0933026
0.0965069 0.0818742 0.099189 0.0880586 0.370642 0.0816252 0.108635 0.0734695
0.0676892 0.564707 0.0592377 0.0392731 0.137036 0.0558053 0.0761526 9.9991E-05
0.0553346 0.514161 0.131371 0.0507815 0.0709327 0.00571228 0.152549 0.0191573
0.0278811 0.53759 0.0916209 0.056272 0.105863 0.0246549 0.10829 0.0478274
0.0502309 0.375461 0.109026 0.0767605 0.263092 0.0631913 0.0381284 0.0241099
0.0263758 0.58979 0.163148 9.9991E-05 0.0827337 0.0304775 0.0816717 0.0257038
0.0613877 0.510725 0.113437 0.0745089 0.0994012 9.9982E-05 0.14034 9.9982E-05
9.9973E-05 9.9973E-05 0.313575 0.0174347 0.578592 0.0257374 0.0643606 9.9973E-05
0.0451748 0.522451 0.120205 0.00972041 0.0906049 0.0475197 0.156787 0.00753759
9.9982E-05 0.560334 0.150572 0.0428284 0.111366 9.9982E-05 0.125849 0.00885161
0.0077982 0.630503 0.0953207 0.0252337 0.069876 0.078453 0.0776453 0.0151704
9.9973E-05 0.522266 0.140686 9.9973E-05 0.13878 0.0331026 0.164865 9.9973E-05
0.0325962 0.515525 0.161891 9.9991E-05 0.00614211 0.10036 0.122023 0.0613638
9.9973E-05 0.431411 0.0592089 0.429488 9.9973E-05 9.9973E-05 0.0173587 0.0622338
0.0397389 0.528872 0.0759397 0.25641 9.9991E-05 0.0234483 0.0125739 0.0629173
0.0311666 9.9955E-05 9.9955E-05 0.908597 9.9955E-05 9.9955E-05 9.9955E-05 0.0597371
0.0379954 9.9955E-05 9.9955E-05 0.95008 9.9955E-05 0.0114246 9.9955E-05 9.9955E-05
0.00719827 0.451892 0.0730079 0.319964 0.0464744 0.0670076 0.0343561 9.9991E-05
9.9982E-05 0.362229 0.112048 0.0954155 0.117129 0.0531907 0.259787 9.9982E-05
9.9973E-05 0.360226 0.127517 0.205126 0.0796117 9.9973E-05 0.227219 9.9973E-05
9.9973E-05 0.190134 0.116954 0.241218 0.187986 9.9973E-05 0.263408 9.9973E-05
9.9973E-05 0.383334 0.0746747 0.164428 0.200259 9.9973E-05 0.177004 9.9973E-05
9.9982E-05 0.0808063 0.0344617 0.704496 0.15489 0.00422001 0.0209259 9.9982E-05
9.9973E-05 0.0903995 0.0591257 0.722027 0.0808309 9.9973E-05 0.0473174 9.9973E-05
9.9973E-05 0.536687 0.00104753 0.383192 0.0365094 9.9973E-05 0.0422644 9.9973E-05
9.9973E-05 0.352743 0.065011 0.472816 0.000932433 9.9973E-05 0.108198 9.9973E-05
9.9973E-05 0.172154 0.0548283 0.699914 0.018636 9.9973E-05 0.0541676 9.9973E-05
0.0564583 0.52213 0.0178198 0.281734 9.9982E-05 0.0489754 0.0726817 9.9982E-05
9.9973E-05 0.562347 0.0833988 0.341331 9.9973E-05 0.00617725 0.0064457 9.9973E-05
0.0497907 0.469262 0.0853338 0.22016 9.9991E-05 0.100219 0.041773 0.0333608
9.9964E-05 0.281477 0.0348798 0.64365 9.9964E-05 9.9964E-05 9.9964E-05 0.0395943
0.0871465 0.379293 0.031694 0.455185 9.9982E-05 0.0413264 9.9982E-05 0.00515449
0.0522604 0.524374 0.0191348 0.308361 0.0288724 0.0623224 9.9991E-05 0.00457528
0.06969 0.391926 0.0392464 0.398878 9.9982E-05 0.0588431 0.0412166 9.9982E-05
0.0412558 0.470045 0.110614 0.262292 0.0303339 0.0340264 0.0464105 0.00502211
0.000785824 0.416759 9.9982E-05 0.461185 0.0200308 0.0983426 9.9982E-05 0.00269632
9.9946E-05 0.16536 9.9946E-05 0.83404 9.9946E-05 9.9946E-05 9.9946E-05 9.9946E-05
9.9955E-05 0.59818 0.0224425 0.378878 9.9955E-05 9.9955E-05 9.9955E-05 9.9955E-05
0.0580478 0.157417 9.9973E-05 0.77076 9.9973E-05 9.9973E-05 0.000974523 0.012501
9.9955E-05 0.427416 0.0307865 0.541298 9.9955E-05 9.9955E-05 9.9955E-05 9.9955E-05
0.0622242 0.489266 0.0731864 0.239364 9.9982E-05 0.0784177 9.9982E-05 0.0573411
0.0482969 0.450608 0.0393305 0.352782 9.9991E-05 0.01118 0.0800823 0.0176202
0.0512309 0.450127 0.14355 0.114343 0.103557 0.0111234 0.116008 0.0100613
0.0582023 0.404357 0.174106 0.114534 9.9982E-05 0.110685 0.137915 9.9982E-05
9.9982E-05 0.318685 0.118139 0.0601694 0.192339 0.079191 0.231276 9.9982E-05
0.00587796 0.341968 0.16619 0.0785296 0.152831 0.072322 0.182182 9.9991E-05
0.0624834 0.511075 0.128377 0.0629182 0.0712679 0.0465807 0.117198 9.9991E-05
0.023508 0.491176 0.163528 0.145329 0.0502213 0.0389273 0.0872097 9.9991E-05
9.9964E-05 9.9964E-05 0.128232 0.670936 0.115255 9.9964E-05 0.0851767 9.9964E-05
9.9982E-05 0.539317 0.0512522 0.129022 0.0552465 0.0379344 0.187028 9.9982E-05
9.9964E-05 9.9964E-05 0.245143 0.394329 0.298003 9.9964E-05 0.0621254 9.9964E-05
9.9964E-05 0.473604 0.0681476 0.315869 9.9964E-05 9.9964E-05 0.141979 9.9964E-05
9.9946E-05 0.0773981 9.9946E-05 0.922002 9.9946E-05 9.9946E-05 9.9946E-05 9.9946E-05
9.9946E-05 9.9946E-05 9.9946E-05 0.957272 9.9946E-05 9.9946E-05 9.9946E-05 0.042128
9.9955E-05 0.445184 0.00319309 0.551123 9.9955E-05 9.9955E-05 9.9955E-05 9.9955E-05
9.9955E-05 0.564619 0.00940555 0.425476 9.9955E-05 9.9955E-05 9.9955E-05 9.9955E-05
9.9946E-05 0.341068 9.9946E-05 0.658333 9.9946E-05 9.9946E-05 9.9946E-05 9.9946E-05
9.9955E-05 0.530771 9.9955E-05 0.454393 9.9955E-05 9.9955E-05 9.9955E-05 0.0143359
9.9946E-05 0.510695 9.9946E-05 0.488705 9.9946E-05 9.9946E-05 9.9946E-05 9.9946E-05
0.0532237 0.0184639 0.848275 9.9991E-05 0.0395677 0.00329437 0.0145491 0.0225262
0.052518 0.0612542 0.753196 0.0170118 0.039834 0.0429349 0.02918 0.00407073
0.00583339 9.9973E-05 0.939928 0.0269925 0.00334186 9.9973E-05 0.023604 9.9973E-05
9.9955E-05 0.0188662 0.931992 9.9955E-05 0.0486417 9.9955E-05 9.9955E-05 9.9955E-05
0.0324761 0.524878 0.0319561 0.0102051 0.0364962 0.0266319 0.0084836 0.328873
0.0683835 0.572386 0.0528809 9.9982E-05 0.0312198 9.9982E-05 0.0017466 0.273184
0.0619564 0.519832 0.0109727 9.9964E-05 9.9964E-05 9.9964E-05 9.9964E-05 0.406839
0.0721527 0.597348 0.0678799 9.9973E-05 9.9973E-05 0.0649147 9.9973E-05 0.197404
0.0373386 0.507296 0.0846758 0.00836901 9.9991E-05 0.224486 0.028258 0.109477
0.106571 0.28938 0.0366171 9.9964E-05 9.9964E-05 9.9964E-05 9.9964E-05 0.567032
9.9955E-05 0.653217 0.0317224 9.9955E-05 9.9955E-05 9.9955E-05 9.9955E-05 0.314561
9.9982E-05 0.256145 0.0070864 0.094663 0.00825572 0.0592674 9.9982E-05 0.574383
0.0549499 0.39464 0.314785 9.9982E-05 0.062874 0.0527392 0.119812 9.9982E-05
0.0150471 0.404203 9.9982E-05 0.112953 9.9982E-05 0.0256404 0.0350959 0.406861
0.0812217 0.346011 0.038095 9.9964E-05 9.9964E-05 9.9964E-05 9.9964E-05 0.534272
9.9964E-05 0.510961 9.9964E-05 0.0198579 9.9964E-05 0.0797943 9.9964E-05 0.388987
0.14127 0.427129 0.0229294 9.9964E-05 9.9964E-05 9.9964E-05 9.9964E-05 0.408272
9.9955E-05 0.569403 9.9955E-05 0.0375103 9.9955E-05 9.9955E-05 9.9955E-05 0.392587
0.0460899 0.499804 0.0681959 0.0142689 9.9982E-05 9.9982E-05 0.0176422 0.353799
9.9964E-05 9.9964E-05 9.9964E-05 0.0737312 0.017266 9.9964E-05 0.01563 0.892973
9.9973E-05 0.306832 9.9973E-05 0.0252894 0.0407521 9.9973E-05 0.0202043 0.606622
9.9973E-05 0.368825 9.9973E-05 0.0254584 0.045069 9.9973E-05 0.0139421 0.546405
9.9955E-05 9.9955E-05 9.9955E-05 0.0726858 0.0608107 9.9955E-05 9.9955E-05 0.866004
0.0759278 0.392145 0.0694391 9.9973E-05 9.9973E-05 0.0190764 9.9973E-05 0.443111
9.9973E-05 0.0543239 9.9973E-05 0.116454 0.0395059 0.141404 9.9973E-05 0.648012
9.9955E-05 9.9955E-05 9.9955E-05 0.0531759 0.0794939 9.9955E-05 9.9955E-05 0.86683
9.9973E-05 0.574793 0.0397395 0.0564616 9.9973E-05 9.9973E-05 0.017313 0.311392
0.143678 0.178319 0.0553022 9.9982E-05 9.9982E-05 0.0171478 0.01234 0.593013
0.108903 0.429734 0.000890776 9.9982E-05 9.9982E-05 0.0349387 0.0141124 0.411221
9.9991E-05 0.570092 0.118343 0.0864622 0.0210047 0.0272097 0.0229152 0.153873
0.0730665 0.502652 0.0425166 9.9964E-05 9.9964E-05 9.9964E-05 9.9964E-05 0.381365
0.280764 0.36392 9.9991E-05 0.127129 0.087209 0.0294649 0.00138777 0.110025
0.0533282 0.527276 0.0363425 9.9973E-05 9.9973E-05 9.9973E-05 0.0255464 0.357207
0.0841115 0.510027 0.0139122 9.9973E-05 9.9973E-05 0.0457789 9.9973E-05 0.34587
9.9973E-05 0.314661 9.9973E-05 0.0445438 0.0192486 0.00559125 9.9973E-05 0.615656
0.0546668 0.580327 0.0712047 0.013793 0.0165061 0.0489107 9.9991E-05 0.214492
0.280653 9.9964E-05 0.662322 9.9964E-05 0.0259365 0.0306885 9.9964E-05 9.9964E-05
0.150313 9.9964E-05 0.757021 9.9964E-05 0.0493558 9.9964E-05 9.9964E-05 0.0429105
0.11518 9.9964E-05 0.824316 9.9964E-05 0.0569586 9.9964E-05 9.9964E-05 0.0031456
0.109742 9.9955E-05 0.826261 9.9955E-05 9.9955E-05 0.0634976 9.9955E-05 9.9955E-05
0.128901 9.9964E-05 0.741117 9.9964E-05 9.9964E-05 0.117211 9.9964E-05 0.0123721
0.127168 0.14853 0.0591656 9.9964E-05 9.9964E-05 9.9964E-05 9.9964E-05 0.664736
0.150575 0.153226 0.0411103 9.9964E-05 9.9964E-05 9.9964E-05 9.9964E-05 0.654689
9.9973E-05 0.183588 9.9973E-05 0.010722 0.00370211 9.9973E-05 0.029964 0.771724
0.0594488 0.536336 0.127376 0.0514659 0.0366362 0.0184378 0.00939173 0.160908
0.0374707 0.549718 0.120943 0.025954 0.0345112 9.9991E-05 0.049528 0.181775
9.9973E-05 0.263959 9.9973E-05 9.9973E-05 0.0623285 0.0153318 0.0137321 0.644349
9.9982E-05 0.602257 0.0168922 9.9982E-05 0.00143984 0.0309069 0.0472319 0.301072
9.9991E-05 0.386726 0.0314412 0.0408263 0.0557591 0.00539209 0.0433258 0.436429
0.0726241 0.550872 0.0361939 9.9973E-05 9.9973E-05 0.00493683 9.9973E-05 0.335073
0.00423409 0.575876 0.0887916 9.9982E-05 0.00556529 9.9982E-05 0.0248826 0.30045
0.139354 0.234055 9.9964E-05 9.9964E-05 9.9964E-05 9.9964E-05 0.00968871 0.616502
0.12284 0.319801 0.0041394 9.9964E-05 9.9964E-05 9.9964E-05 9.9964E-05 0.552819
0.0893723 0.35584 0.00985821 9.9964E-05 9.9964E-05 9.9964E-05 9.9964E-05 0.544529
0.040881 0.580474 0.0832991 9.9964E-05 9.9964E-05 0.294946 9.9964E-05 9.9964E-05
0.115013 0.405145 0.0127681 9.9964E-05 9.9964E-05 9.9964E-05 9.9964E-05 0.466674
0.0979468 0.406894 0.0452868 9.9964E-05 9.9964E-05 9.9964E-05 9.9964E-05 0.449473
9.9991E-05 0.440782 0.10113 0.00283595 0.0395491 0.0498899 0.327524 0.0381899
0.0136551 0.356317 0.0595885 0.0162103 0.126236 0.00164213 0.413298 0.0130524
0.000302308 0.477344 0.112238 9.9982E-05 0.0633379 0.0231921 0.323386 9.9982E-05
9.9964E-05 0.328387 0.106693 9.9964E-05 0.152088 9.9964E-05 0.412432 9.9964E-05
9.9982E-05 0.503399 0.122517 0.0322538 0.107289 0.021178 0.213163 9.9982E-05
9.9982E-05 0.493627 0.0558251 0.0429885 0.0361901 0.215541 9.9982E-05 0.155629
9.9964E-05 0.0514406 0.190593 9.9964E-05 0.185469 9.9964E-05 0.572098 9.9964E-05
0.00189348 0.34164 0.160276 0.0104044 0.0457766 0.00660084 0.433309 9.9991E-05
9.9982E-05 0.341779 0.12229 9.9982E-05 0.0940232 0.281641 0.120407 0.0396594
0.0384093 0.467168 0.104096 9.9973E-05 9.9973E-05 0.38026 9.9973E-05 0.00976738
0.0180221 0.368061 0.0837743 9.9973E-05 9.9973E-05 0.494845 0.0349975 9.9973E-05
0.0521939 0.521217 0.0960664 9.9973E-05 9.9973E-05 0.325221 0.00500145 9.9973E-05
0.0476137 0.569405 0.103439 9.9982E-05 9.9982E-05 0.235287 0.0362088 0.00784632
9.9964E-05 0.336475 0.143997 9.9964E-05 0.103492 9.9964E-05 0.415636 9.9964E-05
0.00855572 0.468499 0.148443 0.0129536 0.0737647 9.9982E-05 0.287584 9.9982E-05
9.9964E-05 0.440115 0.0797813 9.9964E-05 0.0623121 9.9964E-05 0.417391 9.9964E-05
0.0236412 0.46039 0.14959 0.0706255 9.9991E-05 0.0475513 0.240308 0.00779346
0.0147014 0.261082 0.130389 0.0298739 0.113725 9.9991E-05 0.428613 0.0215164
0.00386381 0.466886 0.0860977 0.00681831 0.0825475 0.0227081 0.288911 0.042168
9.9973E-05 0.238702 0.103349 9.9973E-05 0.144369 9.9973E-05 0.49537 0.0179106
0.0926614 0.388243 0.108699 0.0121299 0.0867052 0.0234886 0.26866 0.0194128
9.9982E-05 0.417518 0.0740841 0.0128706 0.0134208 0.477277 0.00462942 9.9982E-05
0.012934 0.412723 0.134489 0.0420253 0.118881 9.9991E-05 0.275382 0.00346567
9.9964E-05 0.197682 0.132663 9.9964E-05 0.173797 9.9964E-05 0.495458 9.9964E-05
0.0245376 0.416451 0.11968 0.00980679 0.0676458 9.9991E-05 0.316356 0.045423
0.085909 0.166407 0.132995 9.9964E-05 9.9964E-05 0.61429 9.9964E-05 9.9964E-05
9.9955E-05 0.532568 9.9955E-05 9.9955E-05 9.9955E-05 0.418003 0.0489287 9.9955E-05
0.0683469 0.389325 0.125206 0.00796906 0.0837018 0.0124185 0.305734 0.0072986
0.0182442 0.447636 0.114997 9.9973E-05 9.9973E-05 0.410377 0.00844578 9.9973E-05
0.0128021 0.392944 0.132031 9.9964E-05 9.9964E-05 0.461824 9.9964E-05 9.9964E-05
0.038204 0.364513 0.13913 0.0184019 0.209033 0.0507838 0.173586 0.00634772
9.9991E-05 0.362221 0.173749 0.069026 0.109897 0.0503367 0.210633 0.0240373
0.0473419 0.554759 0.0709302 9.9991E-05 0.0814312 0.1495 0.0605513 0.0353857
0.0371914 0.428383 0.179615 9.9991E-05 0.0486911 0.021029 0.241156 0.0438343
9.9982E-05 0.477443 0.0991159 0.0125813 0.0177601 9.9982E-05 0.387831 0.00506861
9.9964E-05 0.16611 0.107043 9.9964E-05 0.191996 9.9964E-05 0.534451 9.9964E-05
0.0439487 0.596784 0.109391 0.00428178 0.00159771 0.168865 0.037655 0.0374762
9.9964E-05 0.348504 0.107457 9.9964E-05 9.9964E-05 0.536317 9.9964E-05 0.00732204
9.9973E-05 9.9973E-05 0.0110445 0.0373963 0.101433 0.814509 0.0353172 9.9973E-05
0.00757753 0.586538 0.124696 9.9991E-05 0.0285054 0.165891 0.0221898 0.0645024
0.128829 0.346774 0.0504154 0.0644065 0.0857567 0.240425 0.026731 0.0566625
9.9991E-05 0.546649 0.138202 0.0171191 0.201996 0.00160389 0.060485 0.0338447
0.12946 0.532581 0.0152786 0.00337478 0.250882 9.9991E-05 0.0296365 0.0386872
0.0129802 0.0540078 0.0551943 9.9964E-05 0.877418 9.9964E-05 9.9964E-05 9.9964E-05
9.994E-05 9.994E-05 9.994E-05 9.994E-05 0.9993 9.994E-05 9.994E-05 9.994E-05
