9.9964E-05 9.9964E-05 0.0480988 0.000538334 0.0197926 9.9964E-05 9.9964E-05 0.93117
9.9955E-05 0.0127591 9.9955E-05 9.9955E-05 0.0126701 9.9955E-05 9.9955E-05 0.974071
0.0116717 9.9973E-05 9.9973E-05 0.0501484 9.9973E-05 0.0311241 0.0230064 0.883749
0.00661469 9.9964E-05 9.9964E-05 0.122831 0.0300511 9.9964E-05 9.9964E-05 0.840104
9.9946E-05 9.9946E-05 9.9946E-05 0.0937691 9.9946E-05 9.9946E-05 9.9946E-05 0.905631
0.0460048 0.0280381 0.0392801 0.0831096 9.9991E-05 0.0996502 0.0471484 0.656669
0.0252007 9.99774E-05 9.99774E-05 0.0233093 0.0166457 0.141141 9.99774E-05 0.793404
0.0742162 9.9973E-05 0.0130866 0.0350795 9.9973E-05 0.175595 9.9973E-05 0.701723
0.090789 9.99639E-05 9.99639E-05 9.99639E-05 0.0345383 0.0585293 9.99639E-05 0.815744
0.0228046 0.0286585 9.9982E-05 0.0556246 0.0198513 0.13024 9.9982E-05 0.742621
0.0569999 9.9964E-05 9.9964E-05 0.102474 9.9964E-05 0.124214 9.9964E-05 0.715912
9.9955E-05 9.9955E-05 0.023697 0.0363879 0.939415 9.9955E-05 9.9955E-05 9.9955E-05
9.9973E-05 0.0317579 0.0429262 0.427873 0.455224 9.9973E-05 9.9973E-05 0.0419184
9.9955E-05 9.9955E-05 0.0797855 0.0365614 0.883153 9.9955E-05 9.9955E-05 9.9955E-05
9.9964E-05 9.9964E-05 0.138761 0.0532719 0.80543 9.9964E-05 9.9964E-05 0.00213729
9.9964E-05 9.9964E-05 0.111265 0.275647 0.57351 9.9964E-05 9.9964E-05 0.0391783
9.9982E-05 0.000803378 0.0815278 0.476584 0.389803 0.0416669 9.9982E-05 0.00941475
9.9973E-05 0.0118838 0.0458846 0.324816 0.587195 9.9973E-05 0.0299208 9.9973E-05
9.9964E-05 9.9964E-05 0.0522149 0.0976049 0.740739 9.9964E-05 9.9964E-05 0.109041
0.0312744 9.9955E-05 9.9955E-05 9.9955E-05 0.952578 0.0156483 9.9955E-05 9.9955E-05
0.0231914 9.9982E-05 0.0533798 0.303327 0.546615 0.0166636 0.0566233 9.9982E-05
9.9973E-05 0.102086 0.0398634 0.347011 0.3529 0.157839 9.9973E-05 9.9973E-05
0.0371434 0.000940543 0.0360028 0.438861 0.350094 9.9991E-05 0.113956 0.0229026
9.9955E-05 9.9955E-05 0.0692503 9.9955E-05 0.90268 9.9955E-05 9.9955E-05 0.0275702
0.0188474 0.0196713 0.0764074 0.582451 0.147003 0.0826729 9.9991E-05 0.0728468
9.9973E-05 9.9973E-05 0.0296574 0.404324 0.532295 0.00237605 9.9973E-05 0.0310468
9.9955E-05 9.9955E-05 9.9955E-05 0.0389599 0.939484 9.9955E-05 9.9955E-05 0.0210564
9.9955E-05 9.9955E-05 0.0964805 0.0284159 0.874604 9.9955E-05 9.9955E-05 9.9955E-05
9.9955E-05 9.9955E-05 9.9955E-05 0.0256865 0.952003 0.021811 9.9955E-05 9.9955E-05
9.9955E-05 9.9955E-05 0.0034172 0.117885 9.9955E-05 9.9955E-05 9.9955E-05 0.878198
9.9946E-05 9.9946E-05 9.9946E-05 0.115404 9.9946E-05 9.9946E-05 9.9946E-05 0.883996
0.0321779 9.9964E-05 0.0935292 0.0832135 9.9964E-05 9.9964E-05 9.9964E-05 0.79068
9.9955E-05 9.9955E-05 0.0416979 0.200664 9.9955E-05 9.9955E-05 9.9955E-05 0.757138
0.0767801 9.9982E-05 9.9982E-05 0.510707 0.0328804 0.119431 0.196593 0.0634086
0.0338782 9.9991E-05 0.0675662 0.467872 0.0243309 0.0175064 0.313576 0.0751706
0.0185055 0.0089083 9.9973E-05 0.554287 9.9973E-05 9.9973E-05 0.38228 0.0357194
0.264126 0.0624922 9.9982E-05 0.109373 0.521929 9.9982E-05 0.0169853 0.024894
9.9973E-05 0.0126136 0.0396804 0.242598 9.9973E-05 0.115767 0.58904 9.9973E-05
0.0258063 9.9982E-05 0.00704057 0.48814 0.158016 9.9982E-05 0.221234 0.0995638
9.9964E-05 9.9964E-05 9.9964E-05 0.715349 9.9964E-05 0.0723276 0.182389 0.0295343
0.0416159 9.9982E-05 9.9982E-05 0.521677 0.112218 0.238981 0.0359618 0.049346
0.0381172 0.0356264 0.00549539 0.604119 0.0933684 0.0750642 0.0680841 0.0801254
0.0489055 9.9973E-05 9.9973E-05 0.0842351 0.224718 9.9973E-05 0.631715 0.0101264
0.0130521 9.9982E-05 0.00697766 0.660189 0.0307426 0.242985 9.9982E-05 0.0458538
0.0457521 0.0319483 0.0496081 0.557248 9.9991E-05 0.0223887 0.223383 0.069572
0.0462916 0.0235903 0.0258678 0.598653 0.0204265 0.0722846 0.0841468 0.128739
9.9964E-05 0.0463533 9.9964E-05 0.321136 9.9964E-05 0.0266653 0.605446 9.9964E-05
9.999E-05 0.000258169 0.0160714 0.538332 0.0161764 0.00776098 0.302735 0.118566
0.0246753 0.0573106 0.031017 0.549517 0.00173403 0.0620489 0.144853 0.128844
9.9955E-05 0.0285156 9.9955E-05 9.9955E-05 9.9955E-05 0.338289 0.632696 9.9955E-05
0.312461 0.0350307 9.9982E-05 0.107101 0.440975 0.0562203 0.0480118 9.9982E-05
0.041232 0.157198 0.0459792 0.0531428 0.351871 0.22273 0.127746 9.9991E-05
0.0791654 0.0709359 0.0262946 0.605937 0.122339 0.0708432 0.00309942 0.0213864
0.0337605 0.0899983 0.0598176 0.566008 0.113933 0.0560799 0.0385028 0.0418996
0.0364881 0.0696197 0.0340653 0.615345 0.119702 0.0503751 9.9991E-05 0.0743049
0.269665 9.9982E-05 9.9982E-05 0.14436 0.365474 0.057154 0.0657851 0.0973615
0.106994 0.0172984 0.00777022 0.502653 0.305046 0.00619707 0.0348844 0.0191572
0.0543716 0.000928822 0.0398144 0.548102 0.162968 0.0467777 0.0946093 0.0524287
0.121247 0.0758982 0.0377768 0.318629 0.275633 0.0223347 0.0489365 0.0995454
0.135285 9.9982E-05 9.9982E-05 0.0508795 0.546373 0.0957921 0.0391788 0.132292
0.0828676 0.0255203 0.0476486 0.515931 0.163154 0.0651026 0.0793985 0.0203771
0.0592535 0.080074 9.9991E-05 0.458818 0.278707 0.0320365 0.0170714 0.0739396
0.169819 0.00444289 9.9982E-05 9.9982E-05 0.649923 0.104901 0.0341925 0.0365216
0.101934 0.0528543 9.9982E-05 0.314812 0.470701 9.9982E-05 0.0529411 0.00655727
0.0140489 0.159116 0.0410171 0.533575 0.114515 0.012707 0.0818991 0.0431221
0.0485444 0.025141 9.9991E-05 0.607188 0.123836 0.0481806 0.0599299 0.0870799
0.100249 9.9991E-05 0.0425275 0.183437 0.49037 0.0421139 0.0837746 0.0574284
0.0897415 0.0577351 0.037596 0.462532 0.243378 0.0276499 0.034737 0.046631
0.0670077 0.0673089 0.0158061 0.540226 0.19283 0.0595245 0.017167 0.04013
0.124907 0.0142155 9.9991E-05 0.149833 0.575953 0.053564 0.0542545 0.0271726
9.9964E-05 9.9964E-05 9.9964E-05 0.479353 0.0355573 9.9964E-05 0.460955 0.0237342
9.9973E-05 9.9973E-05 0.00265001 0.180194 0.0954659 9.9973E-05 0.701626 0.0197641
0.0489966 0.01698 0.0724952 0.450083 0.0288163 0.0461977 0.260829 0.0756023
9.9964E-05 0.0412754 0.0174302 9.9964E-05 9.9964E-05 0.0920829 0.848812 9.9964E-05
9.9955E-05 0.0257191 9.9955E-05 9.9955E-05 9.9955E-05 0.114841 0.85894 9.9955E-05
9.9973E-05 0.0379527 0.0124228 0.20373 9.9973E-05 0.0403498 0.705245 9.9973E-05
0.0534809 9.9973E-05 9.9973E-05 0.465074 0.054304 9.9973E-05 0.407427 0.019415
0.0532581 0.0998012 0.0419968 0.545145 0.018813 9.9991E-05 0.133169 0.107716
9.9982E-05 0.015671 0.018326 0.447547 0.0451403 0.0160357 0.45708 9.9982E-05
0.0310868 9.9973E-05 9.9973E-05 0.101533 0.189205 9.9973E-05 0.618816 0.0590588
0.0699701 9.9964E-05 9.9964E-05 0.198158 0.192821 9.9964E-05 0.538651 9.9964E-05
0.00399359 0.00514263 0.0385101 0.522158 0.0753459 0.0491317 0.251603 0.0541151
9.9964E-05 9.9964E-05 9.9964E-05 0.306124 0.129829 9.9964E-05 0.557824 0.00582362
0.0264188 9.9973E-05 9.9973E-05 0.424851 0.100429 9.9973E-05 0.435032 0.0129697
9.9964E-05 0.045557 9.9964E-05 0.466956 9.9964E-05 0.0303095 0.456778 9.9964E-05
9.9955E-05 0.133265 9.9955E-05 9.9955E-05 9.9955E-05 0.209862 0.656373 9.9955E-05
9.9991E-05 0.0141183 0.0162318 0.563286 0.0579761 0.038516 0.265984 0.0437881
0.0740713 9.9955E-05 9.9955E-05 0.0833871 9.9955E-05 9.9955E-05 9.9955E-05 0.842042
9.9946E-05 9.9946E-05 9.9946E-05 0.0724822 9.9946E-05 9.9946E-05 9.9946E-05 0.926918
9.9955E-05 9.9955E-05 0.0194839 0.125723 9.9955E-05 9.9955E-05 9.9955E-05 0.854293
9.9955E-05 9.9955E-05 0.0335475 0.0375374 9.9955E-05 9.9955E-05 9.9955E-05 0.928415
9.9964E-05 0.00301274 0.0263722 9.9964E-05 0.0255479 9.9964E-05 9.9964E-05 0.944667
9.9973E-05 0.00833375 0.0599791 0.0632799 9.9973E-05 0.0175304 9.9973E-05 0.850577
9.9946E-05 9.9946E-05 9.9946E-05 0.0672692 9.9946E-05 9.9946E-05 9.9946E-05 0.932131
0.0715 0.00367049 0.052097 0.552021 0.0991228 0.00941411 0.195565 0.01661
0.0388713 0.0220065 0.06681 0.565934 0.0216254 0.0454308 0.157141 0.0821811
0.0624679 0.0236497 9.9973E-05 9.9973E-05 0.193877 9.9973E-05 0.666481 0.0532241
0.0572715 0.0268487 0.0443318 0.537246 0.072408 0.0389666 0.147858 0.0750692
0.063092 9.9973E-05 9.9973E-05 0.363688 0.0854933 9.9973E-05 0.450446 0.036981
9.9973E-05 0.00355829 9.9973E-05 0.522026 0.0491452 9.9973E-05 0.372651 0.0523193
0.00270106 0.0671316 0.00781312 0.542269 0.0291576 0.0601249 0.277588 0.0132153
0.0116159 0.0378449 0.0396099 0.459756 0.0195491 9.9991E-05 0.404348 0.0271765
0.0952976 9.9964E-05 9.9964E-05 9.9964E-05 0.237816 9.9964E-05 0.630775 0.0357115
0.114621 0.0462117 0.039232 0.459772 0.00265963 0.0200281 0.220361 0.0971141
0.00804727 9.9991E-05 0.0332806 0.622987 0.0724709 0.0353836 0.151632 0.0760983
0.0835499 9.9991E-05 0.058975 0.549946 0.0664556 0.0454446 0.122774 0.0727546
0.0303026 0.0326449 0.00939622 0.285792 9.9991E-05 0.151852 0.489585 0.000326545
9.9964E-05 0.0818845 0.0268303 0.456691 9.9964E-05 9.9964E-05 0.434195 9.9964E-05
0.0507423 9.9964E-05 9.9964E-05 0.459226 0.115748 9.9964E-05 0.373884 9.9964E-05
0.0215841 0.050761 9.9973E-05 0.393274 9.9973E-05 0.0129207 0.52116 9.9973E-05
0.0785973 0.0174085 9.9982E-05 0.391415 0.0535485 9.9982E-05 0.393148 0.065683
0.102627 9.9991E-05 0.00878132 0.554443 0.0622082 0.0484603 0.158181 0.0651995
0.203707 0.159231 0.0224338 0.271831 0.174868 0.117321 0.00777059 0.0428373
0.201681 9.9982E-05 0.0104417 0.368219 0.265444 0.119006 9.9982E-05 0.0350087
0.0425347 0.0848427 0.039158 0.563354 0.120339 9.9991E-05 0.0342729 0.115399
0.106601 0.0359097 0.043131 0.567847 0.0589318 0.0428201 0.0612632 0.0834964
0.205794 0.0130149 0.00292148 0.448468 0.255589 0.0323951 0.00802963 0.0337871
0.166066 0.0654223 0.0278052 0.588542 0.148544 0.00257742 9.9991E-05 0.000942662
0.227669 0.0189375 9.9973E-05 0.442002 0.262112 9.9973E-05 9.9973E-05 0.0489789
0.0779496 0.0494924 9.99914E-05 0.530132 0.110474 0.0774876 0.0601115 0.0942528
0.143577 0.0312346 0.0175551 0.597567 0.130094 0.0386814 0.00882534 0.0324653
0.171474 0.00459112 9.9991E-05 0.563118 0.155957 0.0804696 0.0111436 0.0131465
0.200377 0.0395233 9.9982E-05 0.529489 0.194453 0.00935984 9.9982E-05 0.0265977
0.0934027 0.111564 0.0699786 0.548671 0.077935 0.0246528 0.0172814 0.0565141
0.140463 0.0702441 0.0340167 0.553401 0.0418558 0.068195 9.9991E-05 0.0917239
0.0740804 0.0718646 0.0242905 0.597103 0.14941 0.0466665 0.0364847 9.9991E-05
0.0945518 0.020295 0.0328871 0.602302 0.118592 0.0701033 9.9991E-05 0.0611692
0.149816 0.149764 0.0203066 0.561546 0.0805879 0.00178531 0.0360953 9.9991E-05
0.17465 0.102986 0.0485131 0.313408 0.147476 0.183797 0.0138371 0.015332
0.144904 0.0857785 0.060217 0.570428 0.0319453 0.0684618 0.000966194 0.0372995
0.139127 0.0913072 0.0103184 0.655737 9.9982E-05 0.0550793 9.9982E-05 0.0482303
0.258479 0.0525631 0.0058329 0.144387 0.455909 0.00451373 0.0728915 0.00542372
0.0874392 0.265212 0.0167857 0.0994967 0.315754 0.179819 0.0353932 9.9991E-05
0.0801631 0.0601441 0.0490457 0.468482 0.203442 0.0447581 0.0658156 0.0281496
0.147699 0.275146 0.00749075 0.0216892 0.267802 0.200249 0.0798242 9.9991E-05
0.220921 0.0224595 9.9973E-05 0.22904 0.519337 9.9973E-05 9.9973E-05 0.00794278
0.212919 0.0377568 9.9973E-05 0.39628 0.349682 9.9973E-05 0.00306154 9.9973E-05
0.248298 0.00308284 9.9982E-05 0.335877 0.341964 9.9982E-05 0.0484609 0.0221162
0.239576 0.0952634 9.9973E-05 0.25907 0.402027 9.9973E-05 0.00376331 9.9973E-05
0.0655729 0.0249636 9.9991E-05 0.57024 0.178682 0.0572169 0.0529217 0.0503027
0.118312 0.0509004 0.0106962 0.560111 0.124219 0.0156052 0.029173 0.0909838
0.13285 0.0518173 0.00160319 0.588886 0.117803 0.0402942 0.00997728 0.0567693
0.197818 0.14652 0.00907782 0.109153 0.335195 0.153634 0.0485019 9.9991E-05
0.0401452 0.103243 0.03831 0.509945 0.0868784 0.0729269 0.0503346 0.0982169
0.0772984 0.115723 0.0300085 0.488094 9.9991E-05 0.200997 0.0443496 0.0434294
0.0688787 0.0820905 9.9982E-05 9.9982E-05 0.0605122 0.623239 0.133098 0.0319815
9.9982E-05 9.9982E-05 0.0344621 0.683729 0.0751302 0.156215 0.0221809 0.0280826
0.00509224 0.0866299 0.0210131 0.291803 0.122113 0.289614 0.11196 0.0717747
0.0225134 0.0539757 0.0341896 0.514094 0.0292871 0.214273 0.00210627 0.129562
0.100335 0.0597409 9.9991E-05 0.270939 0.0636429 0.431584 0.0298526 0.0438061
0.0918436 0.139117 9.9991E-05 0.0956253 0.0782782 0.519618 0.0653136 0.0101052
0.0942402 0.0645562 0.0225583 0.401976 0.0503792 0.281651 0.0728532 0.011787
0.0443389 0.00926804 0.0663436 0.507525 0.120035 0.142209 0.0356354 0.0746445
0.0690143 0.0133531 0.0315827 0.421945 0.116463 0.205098 0.0120045 0.130539
9.9982E-05 0.118255 0.0909177 0.0204766 0.28907 0.325166 0.155915 9.9982E-05
0.0269459 0.119647 0.074143 0.497802 0.0607206 0.0923838 0.0613649 0.0669926
0.0343765 0.0700439 9.9982E-05 0.329671 0.0895449 0.392264 0.0839003 9.9982E-05
0.0311224 0.111557 9.9982E-05 0.411669 0.0361739 0.28345 0.125827 9.9982E-05
0.0316845 0.0505821 0.00606293 0.577613 0.0551839 0.158268 0.0219712 0.0986344
9.9973E-05 9.9973E-05 0.231301 0.147651 0.0185051 0.2912 9.9973E-05 0.311043
9.9955E-05 9.9955E-05 0.113799 9.9955E-05 9.9955E-05 0.449545 9.9955E-05 0.436157
9.9955E-05 9.9955E-05 0.127904 9.9955E-05 9.9955E-05 0.470239 9.9955E-05 0.401357
9.9973E-05 9.9973E-05 0.247964 0.101166 0.00928634 0.326142 9.9973E-05 0.315142
0.00864204 0.0514625 9.9982E-05 0.593574 0.0413523 0.227629 0.0771409 9.9982E-05
0.0589166 0.0494633 0.0168519 0.628413 0.00568534 0.132449 0.0487304 0.0594902
9.9964E-05 9.9964E-05 0.646901 0.333554 0.017898 9.9964E-05 0.00124751 9.9964E-05
0.0483957 9.9982E-05 0.478759 0.326189 0.0764054 9.9982E-05 0.0598894 0.0101622
0.0028203 0.0358628 0.367459 0.38132 0.0337029 9.9991E-05 0.0578554 0.120879
0.0178974 0.159873 9.9982E-05 0.275258 0.0468546 0.432477 0.06744 9.9982E-05
0.057871 0.103166 0.0134505 0.510982 0.0349916 0.142484 0.0611645 0.0758895
0.0137017 0.0956804 9.9982E-05 0.233249 0.151481 0.49842 0.00726776 9.9982E-05
9.9982E-05 0.0791674 9.9982E-05 0.584271 0.0551881 0.188386 0.0459405 0.0468463
0.000465044 0.136948 9.9982E-05 0.479232 0.0783849 0.30221 9.9982E-05 0.0025602
0.0306314 0.0426768 9.9964E-05 0.615061 9.9964E-05 0.311231 9.9964E-05 9.9964E-05
0.00921194 0.0873047 9.9982E-05 0.243735 0.0209492 0.595382 0.0432177 9.9982E-05
9.9991E-05 0.0273021 0.000553621 0.681724 0.00505326 0.192998 0.0442878 0.0479819
0.00580335 0.11204 9.9991E-05 0.551287 0.0529879 0.118198 0.0513999 0.108183
0.00517185 0.0344328 0.959896 9.9955E-05 9.9955E-05 9.9955E-05 9.9955E-05 9.9955E-05
9.9964E-05 0.0419418 0.90205 0.00813017 0.0474785 9.9964E-05 9.9964E-05 9.9964E-05
0.0141521 9.9982E-05 0.553951 0.269943 0.0858914 9.9982E-05 0.0389255 0.0369374
0.0184128 9.9955E-05 0.619419 0.361668 9.9955E-05 9.9955E-05 9.9955E-05 9.9955E-05
9.9964E-05 9.9964E-05 0.818097 0.131946 0.0494228 9.9964E-05 0.000134008 9.9964E-05
9.994E-05 9.994E-05 0.9993 9.994E-05 9.994E-05 9.994E-05 9.994E-05 9.994E-05
0.0368566 0.00363491 0.959009 9.9955E-05 9.9955E-05 9.9955E-05 9.9955E-05 9.9955E-05
9.9955E-05 9.9955E-05 0.849219 0.14609 9.9955E-05 9.9955E-05 0.00419184 9.9955E-05
0.0441977 9.9964E-05 0.944583 0.000406233 0.0104129 9.9964E-05 9.9964E-05 9.9964E-05
9.994E-05 9.994E-05 0.9993 9.994E-05 9.994E-05 9.994E-05 9.994E-05 9.994E-05
9.994E-05 9.994E-05 0.9993 9.994E-05 9.994E-05 9.994E-05 9.994E-05 9.994E-05
0.00531016 9.9973E-05 0.752965 0.223113 0.00646883 9.9973E-05 0.0118435 9.9973E-05
0.0146075 9.9982E-05 0.803506 0.0897396 0.0479134 9.9982E-05 0.0200281 0.0240055
9.994E-05 9.994E-05 0.9993 9.994E-05 9.994E-05 9.994E-05 9.994E-05 9.994E-05
0.101993 9.9991E-05 0.34822 0.366559 0.0784541 0.00614687 0.038165 0.060363
0.0382545 9.9982E-05 0.629881 0.246293 0.0173886 9.9982E-05 0.00469473 0.0632883
0.00398127 9.9964E-05 0.803551 0.148953 9.9964E-05 9.9964E-05 9.9964E-05 0.0431152
0.0130605 9.9973E-05 0.889012 0.0884311 0.00795466 9.9973E-05 0.00124182 9.9973E-05
9.994E-05 9.994E-05 0.9993 9.994E-05 9.994E-05 9.994E-05 9.994E-05 9.994E-05
9.9955E-05 9.9955E-05 0.943171 0.048914 9.9955E-05 9.9955E-05 9.9955E-05 0.00741494
9.9946E-05 9.9946E-05 0.995986 9.9946E-05 9.9946E-05 9.9946E-05 9.9946E-05 0.00341383
0.0386234 9.9982E-05 0.629493 0.240283 0.0378609 9.9982E-05 0.022235 0.0313049
9.9955E-05 9.9955E-05 0.969452 9.9955E-05 0.0144355 9.9955E-05 0.015613 9.9955E-05
9.9973E-05 0.0575225 0.0536585 0.00167401 9.9973E-05 0.654997 9.9973E-05 0.231848
0.0667426 0.00578369 0.0810924 0.381556 0.0199701 0.281532 9.9991E-05 0.163223
0.002629 0.0363996 0.0144672 0.503921 9.9982E-05 0.304312 9.9982E-05 0.138072
0.0466961 9.9973E-05 0.0977538 0.205403 9.9973E-05 0.519021 9.9973E-05 0.130826
0.0143616 0.0677167 0.0895535 0.44085 0.0663406 0.147752 0.0497226 0.123703
9.9982E-05 0.00086115 0.105014 0.160786 0.000983343 0.568076 9.9982E-05 0.16408
0.00892043 9.9991E-05 0.0860886 0.456521 0.0559807 0.25501 0.020846 0.116534
0.00595529 9.9973E-05 0.0899653 0.357504 9.9973E-05 0.435659 9.9973E-05 0.110616
9.9973E-05 0.0169352 0.101378 0.502885 9.9973E-05 0.243239 9.9973E-05 0.135263
9.9973E-05 9.9973E-05 0.104397 0.396449 0.034922 0.310119 9.9973E-05 0.153813
0.0126126 9.9991E-05 0.0928392 0.441587 0.0552028 0.211697 0.0465112 0.13945
0.0260124 9.9973E-05 9.9973E-05 0.0685839 9.9973E-05 0.00724779 0.00768436 0.890172
9.9964E-05 0.0117932 0.07187 9.9964E-05 9.9964E-05 0.0234541 9.9964E-05 0.892483
0.0338893 9.9964E-05 9.9964E-05 0.0155358 9.9964E-05 0.00103869 9.9964E-05 0.949136
9.9964E-05 9.9964E-05 9.9964E-05 9.9964E-05 0.0275096 0.0261407 0.000562128 0.945388
9.9955E-05 9.9955E-05 9.9955E-05 0.0327756 0.0696568 9.9955E-05 9.9955E-05 0.897068
9.9964E-05 9.9964E-05 0.00257347 0.0138845 0.0135491 9.9964E-05 9.9964E-05 0.969593
9.9964E-05 9.9964E-05 0.00310211 0.0614229 0.00692637 9.9964E-05 9.9964E-05 0.928149
0.0205836 0.0185927 9.9964E-05 9.9964E-05 0.0111944 9.9964E-05 9.9964E-05 0.949229
0.0102942 9.9982E-05 0.0296451 9.9982E-05 0.00870433 0.0351643 0.0414378 0.874554
0.00741345 9.9982E-05 0.00728392 0.0193183 0.0180074 0.0415432 9.9982E-05 0.906234
0.248525 9.9982E-05 0.00101785 9.9982E-05 0.0325157 0.0682912 0.0813642 0.568086
0.255135 0.00862563 9.9982E-05 9.9982E-05 0.0640015 0.0350246 0.0307941 0.606219
0.244565 9.9973E-05 9.9973E-05 9.9973E-05 0.119968 0.0754879 0.0537869 0.505892
0.261016 9.9973E-05 9.9973E-05 9.9973E-05 0.172998 0.128379 0.0213992 0.415908
0.0556284 9.9991E-05 0.00311212 0.457898 0.124039 0.0129103 0.263525 0.0827879
0.0463703 0.00111803 0.0553694 0.423688 0.115386 9.9991E-05 0.320378 0.03759
0.109782 0.0379122 9.9982E-05 0.527891 0.100453 9.9982E-05 0.188102 0.0356605
0.133509 0.026684 9.9982E-05 0.369489 0.217172 9.9982E-05 0.221293 0.0316535
0.317421 0.0825428 9.9982E-05 0.131395 0.448038 0.00954195 0.0108616 9.9982E-05
0.0300456 0.0321302 0.0263165 0.639989 0.0793376 9.9991E-05 0.160295 0.0317864
0.110889 0.0166459 9.9973E-05 0.620505 0.00114889 9.9973E-05 0.250511 9.9973E-05
0.0607225 0.0554441 0.0058194 0.529039 9.9982E-05 0.0465295 0.302245 9.9982E-05
9.9955E-05 0.128845 9.9955E-05 0.378515 9.9955E-05 9.9955E-05 0.492141 9.9955E-05
0.0815469 0.112159 0.076042 0.561566 9.9982E-05 9.9982E-05 0.122551 0.0459345
0.0531045 9.9973E-05 9.9973E-05 0.386876 0.045348 9.9973E-05 0.490734 0.0236373
9.9955E-05 0.145739 9.9955E-05 9.9955E-05 9.9955E-05 0.0755519 0.778209 9.9955E-05
0.095833 0.0738431 0.0234858 0.512897 0.161807 9.9991E-05 0.0787996 0.0532343
9.9964E-05 0.0714212 9.9964E-05 0.150364 9.9964E-05 0.134251 0.643564 9.9964E-05
0.0306224 0.0691575 0.00181289 0.506092 9.9982E-05 9.9982E-05 0.338538 0.0535772
0.0873088 9.9964E-05 9.9964E-05 0.0855975 0.218603 9.9964E-05 0.608091 9.9964E-05
0.850985 9.9964E-05 9.9964E-05 0.00105601 9.9964E-05 0.0695193 9.9964E-05 0.0780399
0.835042 9.9964E-05 9.9964E-05 0.072108 9.9964E-05 0.0552993 9.9964E-05 0.0371504
0.838079 9.9964E-05 9.9964E-05 0.0513555 9.9964E-05 0.088793 9.9964E-05 0.0213722
0.83856 9.9964E-05 9.9964E-05 0.00705773 9.9964E-05 0.0744655 9.9964E-05 0.0795169
0.838466 9.9964E-05 0.00519342 0.119478 9.9964E-05 0.0364621 9.9964E-05 9.9964E-05
0.772805 9.9973E-05 0.0243714 0.0848054 9.9973E-05 0.0849539 9.9973E-05 0.0327644
9.9964E-05 9.9964E-05 0.0667304 9.9964E-05 0.0142751 9.9964E-05 0.0475904 0.871004
0.00596117 9.9982E-05 0.00494532 0.0901067 0.069996 9.9982E-05 0.0044555 0.824335
9.9982E-05 0.0174036 0.0230642 0.120346 0.0524113 9.9982E-05 0.00160355 0.784972
9.9973E-05 9.9973E-05 0.0647516 0.00803636 0.0216155 9.9973E-05 0.0612797 0.844017
9.9973E-05 9.9973E-05 0.0467432 0.133142 0.0462536 0.00570215 9.9973E-05 0.76786
0.525603 9.9973E-05 9.9973E-05 9.9973E-05 0.0302774 0.0579691 0.00575442 0.380096
0.495192 0.0723543 9.9964E-05 9.9964E-05 9.9964E-05 0.0202377 9.9964E-05 0.411816
0.466927 0.0510695 0.00819549 0.038925 9.9982E-05 0.0131873 9.9982E-05 0.421495
0.0351695 0.00455471 9.9973E-05 0.124775 9.9973E-05 9.9973E-05 0.00464853 0.830553
0.457715 0.0204682 9.9982E-05 9.9982E-05 0.0319653 0.0360962 0.0674858 0.386069
9.9973E-05 0.0227033 0.281179 0.290997 9.9973E-05 0.148512 9.9973E-05 0.256309
0.029239 9.9982E-05 0.174176 0.54207 0.0138654 0.113066 9.9982E-05 0.127383
9.9955E-05 9.9955E-05 0.233635 0.576831 9.9955E-05 9.9955E-05 9.9955E-05 0.189034
9.9982E-05 0.0217729 0.249574 0.313733 9.9982E-05 0.164736 0.00586518 0.244118
0.0346356 0.0637513 0.134817 0.471688 0.0898498 0.0477636 9.9991E-05 0.157394
9.9955E-05 9.9955E-05 0.304276 9.9955E-05 9.9955E-05 0.287509 9.9955E-05 0.407716
0.235327 0.043626 9.9973E-05 0.410532 0.27752 0.0326946 9.9973E-05 9.9973E-05
0.108152 0.173758 9.9982E-05 0.386229 0.165333 0.0946977 0.0716297 9.9982E-05
0.20492 9.9982E-05 9.9982E-05 0.212871 0.482059 0.0322758 0.058661 0.00901269
0.0747553 0.180316 9.9982E-05 0.483114 0.156625 0.0738033 0.0311854 9.9982E-05
0.13996 0.297331 9.9973E-05 9.9973E-05 0.210451 0.313873 0.0380861 9.9973E-05
0.0457046 0.0522334 0.00829659 0.58349 0.132818 0.064486 0.0500238 0.0629476
0.0699621 0.123669 0.0291886 0.497459 0.149823 0.0557396 0.0546202 0.0195387
0.223069 0.0575297 9.9991E-05 0.273263 0.368643 0.0601442 0.0125085 0.00474305
0.0519967 0.0779012 0.0371117 0.477419 0.185793 0.0373596 0.0599088 0.07251
0.0352705 0.173428 9.9982E-05 0.0560188 0.40175 0.236356 0.096976 9.9982E-05
0.120184 0.0969579 0.0139409 0.558204 0.0947932 0.0684922 0.0473272 9.9991E-05
0.198983 0.00515769 9.9991E-05 0.483619 0.219143 0.0440151 0.026051 0.0229316
0.025837 0.0727501 0.120444 0.416454 0.0944873 0.107344 0.0843383 0.0783447
0.0881622 0.170512 9.9982E-05 0.288625 0.280575 0.135308 0.0366173 9.9982E-05
0.0769557 0.158708 9.9982E-05 0.381719 0.2107 0.0819752 0.089742 9.9982E-05
0.108274 0.113927 9.9991E-05 0.541801 0.156926 0.0245862 0.0425158 0.0118693
0.0798696 0.126384 9.9982E-05 0.505492 0.157775 0.0836257 0.0466533 9.9982E-05
0.104299 0.081889 0.0362856 0.63048 0.0652083 0.0555489 0.0205489 0.00574051
0.13644 0.0767807 0.0346859 0.588824 0.013572 0.0609778 0.0196502 0.069069
0.0628778 0.0391582 0.00501686 0.561471 0.181957 0.0291831 0.0455596 0.0747764
9.9955E-05 9.9955E-05 0.0483678 0.116573 9.9955E-05 9.9955E-05 9.9955E-05 0.834559
9.9955E-05 0.00117032 9.9955E-05 0.116189 9.9955E-05 9.9955E-05 9.9955E-05 0.882141
0.0256052 0.0153416 9.9973E-05 0.0572349 9.9973E-05 0.0298892 9.9973E-05 0.871629
0.00433893 9.9982E-05 0.0299133 0.0467032 0.000722746 9.9982E-05 0.00755304 0.910569
9.9946E-05 9.9946E-05 9.9946E-05 0.098578 9.9946E-05 9.9946E-05 9.9946E-05 0.900822
0.288422 0.0203773 0.0397763 0.0356635 0.539333 0.0395544 0.0366251 0.00024896
0.0654391 0.118697 0.0700128 0.454601 0.191088 0.0127727 0.0497753 0.0376145
0.000350887 0.0419955 0.197658 0.408445 9.9982E-05 0.125888 9.9982E-05 0.225463
0.0857014 0.0145709 0.0625216 0.587403 0.225467 9.9991E-05 0.0192527 0.00498272
0.114472 9.9973E-05 9.9973E-05 0.474615 0.326826 9.9973E-05 0.0611567 0.022631
0.127012 0.159791 9.9982E-05 0.258609 0.231935 0.191506 0.0309478 9.9982E-05
0.366143 9.9973E-05 9.9973E-05 9.9973E-05 0.511975 0.0365792 0.0181926 0.06681
0.220603 0.000594583 9.9991E-05 0.457474 0.21914 0.0457124 0.0077661 0.0486107
0.303904 0.0155063 0.0309952 0.155221 0.440931 0.0154795 9.9991E-05 0.0378639
0.0742802 0.0834164 0.00947671 0.459034 0.139199 0.0987604 0.0944655 0.0413675
0.266892 0.0963847 9.9973E-05 0.069011 0.493704 9.9973E-05 9.9973E-05 0.0737082
0.161688 0.0248202 0.0768747 0.493186 0.164895 9.9991E-05 0.00499645 0.0734394
0.245368 0.0253884 9.9991E-05 0.0701472 0.540131 0.0263405 0.0558397 0.0366855
0.0750292 0.155335 0.0753326 0.201795 0.2893 0.100441 0.0899034 0.0128641
0.0836956 0.0321393 9.9982E-05 0.581292 0.039217 0.21644 9.9982E-05 0.047016
0.0541483 0.0896855 9.9982E-05 0.302743 0.1263 0.419455 0.00746849 9.9982E-05
0.0250147 0.0132233 9.9991E-05 0.555392 0.0301169 0.301793 0.0575902 0.0167694
0.0730195 9.9991E-05 0.010951 0.554626 0.0421717 0.204488 0.0251768 0.0894663
0.0345161 0.0485605 9.9982E-05 0.25534 0.0573181 0.533779 0.0702863 9.9982E-05
0.0854311 0.0854565 0.0427657 0.522552 9.9991E-05 0.101265 0.0610744 0.101356
0.078198 0.0381107 9.9973E-05 0.525884 9.9973E-05 0.290145 0.0673624 9.9973E-05
0.0553987 0.123107 9.9973E-05 0.162352 9.9973E-05 0.529862 0.128981 9.9973E-05
0.0436569 0.0333551 9.9973E-05 0.200097 9.9973E-05 0.662088 0.0605028 9.9973E-05
0.0877148 0.0351702 9.9982E-05 0.459177 0.0275998 0.346265 0.0438739 9.9982E-05
0.11604 0.0978403 9.9973E-05 0.0635405 9.9973E-05 0.563205 0.159074 9.9973E-05
0.0570847 9.9973E-05 9.9973E-05 0.458554 0.0501587 0.380264 0.0536388 9.9973E-05
0.314182 0.0268029 0.0112913 0.0816944 0.530259 9.9982E-05 0.0355701 9.9982E-05
0.151186 0.302164 0.0832596 0.102662 0.347511 0.013018 9.9982E-05 9.9982E-05
0.214306 0.033178 0.0703745 0.316554 0.324877 9.9991E-05 0.0281591 0.0124503
0.101343 0.028174 0.0258061 0.536054 0.178344 0.00177279 0.0422376 0.0862688
0.310023 0.0120809 0.0112325 0.158577 0.427323 9.9982E-05 0.0805633 9.9982E-05
0.0945093 0.0598233 0.0729701 0.486162 0.146611 0.0676952 0.0285309 0.043698
0.164739 9.9973E-05 0.0235863 0.554158 0.224245 9.9973E-05 0.0329719 9.9973E-05
0.0874803 0.0418673 0.0796823 0.455074 0.197072 0.00549883 0.133226 9.9991E-05
0.108995 0.106085 0.0679025 0.445133 0.222842 9.9982E-05 0.0488436 9.9982E-05
0.220057 0.0385766 0.0208139 0.437655 0.257516 9.9991E-05 0.0126287 0.0126534
0.240804 0.0341973 0.0311667 0.169199 0.456103 9.9982E-05 0.0683309 9.9982E-05
0.228167 0.032368 0.0297825 0.362296 0.280984 9.9982E-05 0.0662023 9.9982E-05
0.167451 0.0875315 0.042944 0.545103 0.0888454 0.039445 0.0285806 9.9991E-05
0.0565497 0.0591315 0.0285323 0.644367 0.0821266 0.0993055 0.00243573 0.0275521
0.15479 0.123223 0.10823 0.252857 0.182357 0.0619262 0.103688 0.0129288
0.11132 0.149689 0.100787 0.412481 0.121049 9.9982E-05 0.104474 9.9982E-05
0.222978 0.045087 0.0710573 0.286778 0.343296 9.9991E-05 0.0295359 0.00116692
0.105853 0.084078 0.0359345 0.514603 0.222271 0.014884 9.9991E-05 0.0222775
0.166793 0.0718625 0.0635851 0.390757 0.273388 9.9991E-05 0.0281018 0.00541236
0.0349473 0.132383 0.0325005 0.501019 0.167825 0.0260761 0.0206459 0.0846037
9.9973E-05 9.9973E-05 0.114844 0.432448 0.070484 0.053037 9.9973E-05 0.328887
9.9991E-05 0.058085 0.161196 0.519316 0.0885821 0.0488247 0.0205607 0.103335
9.9991E-05 0.0680137 0.108899 0.437553 0.0402989 0.102401 0.0610868 0.181648
0.0409513 0.042584 0.117712 0.542079 0.0142933 0.12905 0.0276127 0.0857179
9.9982E-05 0.0144196 0.227031 0.42828 9.9982E-05 0.142588 0.0225962 0.164885
0.116618 0.211807 9.9973E-05 0.440275 0.14605 0.0849504 9.9973E-05 9.9973E-05
0.0526559 0.033742 0.10782 0.505399 0.0441505 0.0595846 0.0683388 0.128308
9.9982E-05 0.0533229 0.180233 9.9982E-05 0.184772 0.332206 0.0634537 0.185812
0.0211241 0.014449 0.0614129 0.609813 0.0522056 0.129953 9.9991E-05 0.110943
0.0466917 0.0987894 0.152786 0.46846 0.0550598 0.0395304 9.9991E-05 0.138582
0.0396701 0.0479859 0.135512 0.503738 0.0303698 0.102924 0.0537601 0.0860407
0.000632893 0.118705 0.0920841 0.27467 0.0968319 0.212172 0.0296433 0.175261
0.040613 0.0184576 0.110261 0.544104 9.9991E-05 0.0916742 0.00914507 0.185646
0.0576028 0.0442753 0.144196 0.555766 9.9982E-05 0.0806649 9.9982E-05 0.117295
9.9955E-05 9.9955E-05 0.135325 9.9955E-05 9.9955E-05 0.441392 9.9955E-05 0.422783
9.9982E-05 9.9982E-05 0.119122 0.496268 0.0829165 0.0556593 0.0544421 0.191392
9.9991E-05 0.0103567 0.188424 0.524566 0.0120681 0.115598 0.00894909 0.139939
0.00914762 0.066891 0.0670823 0.595754 0.0562846 0.090733 0.021529 0.0925786
9.9964E-05 9.9964E-05 0.208942 0.525456 9.9964E-05 0.098306 9.9964E-05 0.166896
9.9982E-05 9.9982E-05 0.0990621 0.48551 0.0855568 0.0839054 0.0685039 0.177262
0.0101399 0.481101 0.00787367 0.428511 9.9982E-05 9.9982E-05 0.0351458 0.037029
0.0111412 0.230588 0.0872305 0.400833 0.0713404 0.0239992 0.100979 0.0738892
0.0065964 0.919711 9.9973E-05 9.9973E-05 0.0506877 0.0109757 0.0117296 9.9973E-05
0.0188113 0.914512 9.9982E-05 9.9982E-05 0.0306179 0.0339835 0.00173642 0.000138487
9.9991E-05 0.274879 0.053636 0.443995 0.0478023 0.0518234 0.0333724 0.0943919
9.9973E-05 0.0842395 0.301115 0.357778 9.9973E-05 0.117813 9.9973E-05 0.138755
9.9973E-05 0.22678 0.259137 0.319862 9.9973E-05 0.0330152 9.9973E-05 0.160906
9.9982E-05 0.275848 0.316321 0.145863 0.0180241 0.0795379 9.9982E-05 0.164205
9.9973E-05 0.215987 0.256894 0.340624 9.9973E-05 0.0444059 9.9973E-05 0.141789
9.9973E-05 0.687323 0.0563825 0.0430522 9.9973E-05 0.133343 9.9973E-05 0.0796
0.020034 0.670734 0.0660701 0.109361 9.9982E-05 0.0300675 9.9982E-05 0.103534
9.9982E-05 0.337888 0.0352991 0.553281 0.0166134 9.9982E-05 0.0451906 0.0115282
9.9964E-05 0.483705 0.120031 0.34179 9.9964E-05 9.9964E-05 9.9964E-05 0.0540736
9.9964E-05 0.697217 0.066324 0.167737 9.9964E-05 9.9964E-05 9.9964E-05 0.0683222
0.00458645 0.293104 0.0515741 0.488262 0.110934 0.00288587 9.9991E-05 0.0485526
9.9964E-05 0.353247 0.0619792 0.535426 9.9964E-05 9.9964E-05 9.9964E-05 0.0489488
0.0340104 0.292507 0.0546679 0.480263 0.0325516 9.9991E-05 0.0480628 0.0578372
0.00502865 0.666422 9.9982E-05 0.321263 0.000903399 9.9982E-05 0.00109651 0.00508705
0.0248958 0.515397 9.9982E-05 0.352281 0.0763034 0.0214735 9.9982E-05 0.0094488
0.0683386 0.2992 0.0055625 0.534032 9.9991E-05 0.0173285 0.0581726 0.0172663
0.0922988 0.385021 0.000874354 0.449005 9.9982E-05 0.038039 9.9982E-05 0.0345616
0.014152 0.2105 0.0392692 0.442181 0.0836342 0.0104524 0.107578 0.0922329
9.9982E-05 0.42684 9.9982E-05 0.41832 0.0535569 0.0487719 0.0408635 0.0114477
9.9955E-05 0.835828 9.9955E-05 0.159778 9.9955E-05 9.9955E-05 9.9955E-05 0.00389421
9.9964E-05 0.411913 0.0237501 0.557042 9.9964E-05 9.9964E-05 9.9964E-05 0.00689438
0.0183537 0.760507 9.9973E-05 0.12663 0.0764049 9.9973E-05 0.0178039 9.9973E-05
9.9955E-05 0.53951 9.9955E-05 0.395707 9.9955E-05 9.9955E-05 9.9955E-05 0.0642834
0.0382506 0.316162 9.9973E-05 0.495764 0.0485582 9.9973E-05 9.9973E-05 0.100965
0.00656585 0.318657 0.00675438 0.481166 0.0418524 9.9991E-05 0.065428 0.0794768
0.0620555 0.119993 0.140356 0.451301 9.9982E-05 0.0892222 9.9982E-05 0.136873
0.0210739 0.089994 0.101821 0.479644 0.0691842 0.0941423 9.9991E-05 0.14404
9.9973E-05 0.0931012 0.268876 0.288355 9.9973E-05 0.171327 9.9973E-05 0.178041
0.054692 0.0755119 0.231162 0.328868 9.9991E-05 0.104285 0.0304526 0.174928
0.08189 0.00729792 0.16157 0.440262 0.027576 0.103088 0.00598029 0.172336
0.0184889 0.156982 0.111352 0.450753 9.9991E-05 0.0547867 0.00390452 0.203633
9.9964E-05 0.66363 0.0950332 9.9964E-05 9.9964E-05 0.0730999 9.9964E-05 0.167837
9.9973E-05 0.148242 0.183024 0.545709 9.9973E-05 0.0266331 9.9973E-05 0.0960908
9.9964E-05 0.348954 0.081509 9.9964E-05 9.9964E-05 0.258319 9.9964E-05 0.310818
9.9964E-05 0.341542 0.161183 0.467727 9.9964E-05 9.9964E-05 9.9964E-05 0.0291482
9.9946E-05 0.93472 9.9946E-05 0.0646806 9.9946E-05 9.9946E-05 9.9946E-05 9.9946E-05
9.9946E-05 0.932557 9.9946E-05 9.9946E-05 9.9946E-05 9.9946E-05 0.0668431 9.9946E-05
9.9955E-05 0.550737 9.9955E-05 0.400105 0.048658 9.9955E-05 9.9955E-05 9.9955E-05
9.9955E-05 0.409949 9.9955E-05 0.584119 9.9955E-05 9.9955E-05 9.9955E-05 0.0054322
9.9946E-05 0.639515 9.9946E-05 0.359885 9.9946E-05 9.9946E-05 9.9946E-05 9.9946E-05
9.9946E-05 0.441648 9.9946E-05 0.557753 9.9946E-05 9.9946E-05 9.9946E-05 9.9946E-05
9.9946E-05 0.49684 9.9946E-05 0.50256 9.9946E-05 9.9946E-05 9.9946E-05 9.9946E-05
0.0187671 0.0107108 0.0106961 9.9982E-05 0.079764 9.9982E-05 0.00734364 0.872518
0.0759063 0.0374815 0.0651251 0.0126398 9.9991E-05 0.047274 0.0327413 0.728732
0.0275743 0.0115343 0.0094794 0.0181821 9.9982E-05 0.0141629 9.9982E-05 0.918867
9.9955E-05 9.9955E-05 9.9955E-05 0.0326719 9.9955E-05 0.0279089 9.9955E-05 0.938919
9.9991E-05 0.00220964 0.0169086 0.514647 0.0260608 0.0324286 0.350231 0.0574145
0.0408398 9.9991E-05 0.00742032 0.546638 0.0733982 0.0237738 0.255571 0.0522583
9.9964E-05 9.9964E-05 9.9964E-05 0.501794 0.0898429 9.9964E-05 0.377736 0.0302276
9.9973E-05 9.9973E-05 9.9973E-05 0.576252 0.0911383 0.00878256 0.231353 0.0921745
0.0460339 9.9982E-05 9.9982E-05 0.578326 0.089933 0.0897082 0.121815 0.0739842
0.0288291 9.9973E-05 9.9973E-05 0.244799 0.14999 9.9973E-05 0.531561 0.0445208
0.0103719 0.00777282 9.9982E-05 0.636492 0.00728451 9.9982E-05 0.337288 0.000591395
9.9964E-05 0.0638798 9.9964E-05 0.26225 9.9964E-05 0.0851337 0.588336 9.9964E-05
0.0208771 9.9973E-05 0.133999 0.414813 0.128171 9.9973E-05 9.9973E-05 0.301841
0.00188552 0.0981883 0.0240182 0.429227 0.0286657 0.0506479 0.367268 9.9991E-05
0.0456942 9.9973E-05 9.9973E-05 0.337807 0.0977276 9.9973E-05 0.497803 0.020669
0.0294521 0.0757037 0.00134827 0.517367 9.9991E-05 0.016008 0.357863 0.00215832
0.0782635 9.9973E-05 0.0185178 0.366664 0.0858753 9.9973E-05 0.45038 9.9973E-05
9.9964E-05 0.0386411 9.9964E-05 0.574072 9.9964E-05 0.0245442 0.362343 9.9964E-05
0.00329795 0.0147719 9.9982E-05 0.540571 0.0452872 9.9982E-05 0.316067 0.0798051
9.9955E-05 0.0799782 9.9955E-05 9.9955E-05 9.9955E-05 0.110329 0.809193 9.9955E-05
9.9964E-05 0.0525314 9.9964E-05 0.31169 9.9964E-05 0.0893548 0.546023 9.9964E-05
9.9964E-05 0.0824776 0.0176242 0.305734 9.9964E-05 9.9964E-05 0.593764 9.9964E-05
9.9955E-05 0.0568311 9.9955E-05 9.9955E-05 9.9955E-05 0.150982 0.791687 9.9955E-05
0.0299605 9.9982E-05 9.9982E-05 0.378588 0.0986155 0.0262425 0.391841 0.0745529
9.9964E-05 0.057959 9.9964E-05 0.0525948 9.9964E-05 0.244442 0.644605 9.9964E-05
9.9955E-05 0.0416993 9.9955E-05 9.9955E-05 9.9955E-05 0.160751 0.79705 9.9955E-05
9.9982E-05 0.079546 0.0162244 0.540663 9.9982E-05 0.0154662 0.294805 0.0530957
0.0723486 9.9973E-05 9.9973E-05 0.147165 0.151077 9.9973E-05 0.595604 0.0335054
0.0285743 9.9973E-05 9.9973E-05 0.45793 0.125096 9.9973E-05 0.373863 0.0142369
0.0335619 0.00522425 0.0209604 0.549514 0.0342617 0.0333748 0.198063 0.12504
0.0338963 9.9982E-05 0.0193137 0.487321 0.088557 9.9982E-05 0.346889 0.0238229
0.173937 0.128402 9.9982E-05 0.359232 0.207025 0.121574 0.00962947 9.9982E-05
0.0721787 9.9973E-05 0.0178923 0.551867 9.9973E-05 9.9973E-05 0.324808 0.0329535
0.0365199 9.9973E-05 9.9973E-05 0.485766 0.159048 9.9973E-05 0.277452 0.0409144
9.9973E-05 0.0602657 9.9973E-05 0.290567 0.00952324 0.069664 0.56968 9.9973E-05
0.055249 0.0392375 9.9982E-05 0.501386 0.0486617 9.9982E-05 0.258275 0.0969909
0.247816 0.000958922 9.9973E-05 9.9973E-05 9.9973E-05 0.0731281 0.0144983 0.663298
0.146001 9.9964E-05 9.9964E-05 9.9964E-05 9.9964E-05 0.0494608 0.0597657 0.744372
0.121939 9.9955E-05 9.9955E-05 9.9955E-05 9.9955E-05 0.0403614 9.9955E-05 0.8372
0.10192 9.9964E-05 9.9964E-05 9.9964E-05 0.0192391 0.0682817 9.9964E-05 0.81016
0.153998 9.9982E-05 9.9982E-05 0.0092772 0.0243192 0.051296 0.0386401 0.72227
0.0677253 9.9973E-05 9.9973E-05 0.118237 0.129025 9.9973E-05 0.62158 0.063133
0.0623298 9.9973E-05 9.9973E-05 0.11612 0.101314 9.9973E-05 0.66974 0.0501962
9.9973E-05 0.0294633 0.0373631 0.13913 9.9973E-05 0.0199042 0.773839 9.9973E-05
0.102288 9.9993E-05 0.0404913 0.597506 0.00214545 0.0749955 0.101523 0.0809506
0.0421764 0.0302952 0.0503605 0.542504 0.0310428 0.0245974 0.176834 0.10219
9.9973E-05 0.0090835 0.0338023 0.238132 9.9973E-05 0.103331 0.615351 9.9973E-05
0.00961572 0.0609723 0.0150799 0.620085 0.0258606 9.9982E-05 0.268186 9.9982E-05
9.9991E-05 0.0727314 0.020068 0.386948 0.0404878 0.0407101 0.391651 0.0473033
0.0310972 9.9982E-05 0.00515048 0.502716 0.0502263 9.9982E-05 0.377036 0.0335741
0.0576563 9.9982E-05 0.044732 0.601227 0.0070753 9.9982E-05 0.25484 0.0342694
0.0464893 9.9973E-05 0.0124617 0.177239 0.140449 9.9973E-05 0.623061 9.9973E-05
0.0383303 9.9964E-05 9.9964E-05 0.273295 0.13546 9.9964E-05 0.552515 9.9964E-05
0.047435 9.9973E-05 9.9973E-05 0.273264 0.123328 9.9973E-05 0.541565 0.0141087
0.0561662 9.9964E-05 9.9964E-05 0.667121 9.9964E-05 0.195259 9.9964E-05 0.0810545
0.0177859 9.9973E-05 9.9973E-05 0.347316 0.0789697 9.9973E-05 0.519334 0.0362945
0.0571339 9.9982E-05 0.00469158 0.39545 0.0393485 9.9982E-05 0.47296 0.0302164
0.0136589 0.0257634 0.335433 0.495055 0.00535801 0.0422183 0.00622221 0.0762912
9.9982E-05 9.9982E-05 0.397625 0.374663 0.0124027 0.0756397 0.0202886 0.119181
0.0101078 0.0498797 0.383203 0.452202 9.9982E-05 0.0148135 9.9982E-05 0.0895932
9.9973E-05 0.0192785 0.474035 0.296008 9.9973E-05 0.0421263 9.9973E-05 0.168252
0.0662842 0.0306686 0.290796 0.460674 9.9991E-05 0.0544055 0.00447333 0.0925992
9.9964E-05 9.9964E-05 9.9964E-05 0.522112 9.9964E-05 0.231577 0.201002 0.0449092
0.00311654 9.9964E-05 0.634197 9.9964E-05 9.9964E-05 0.109177 9.9964E-05 0.253109
0.00394312 0.0145428 0.448003 0.36725 9.9982E-05 0.0293044 9.9982E-05 0.136757
9.9982E-05 0.00863777 0.119208 0.384648 9.9982E-05 0.309091 0.0449238 0.133291
9.9973E-05 9.9973E-05 9.9973E-05 0.504062 0.104961 0.260372 0.0288543 0.10145
0.0279595 9.9973E-05 9.9973E-05 0.49242 0.0958361 0.280412 9.9973E-05 0.103072
0.0280598 9.9973E-05 9.9973E-05 0.608588 9.9973E-05 0.202683 0.0301372 0.130232
0.0494343 9.9982E-05 9.9982E-05 0.629026 0.00490107 0.168953 0.00534408 0.142142
9.9964E-05 9.9964E-05 0.425322 0.378635 9.9964E-05 0.0226274 9.9964E-05 0.173016
0.0405615 9.9982E-05 0.343753 0.406712 9.9982E-05 0.0572484 0.0210376 0.130488
9.9964E-05 9.9964E-05 0.481185 0.41049 9.9964E-05 0.0231096 9.9964E-05 0.0848162
0.0459153 0.0378373 0.291181 0.44482 9.9991E-05 0.0232077 0.0363653 0.120573
0.0299617 0.0492798 0.462 0.231848 9.9991E-05 0.052179 0.0253487 0.149283
9.9982E-05 0.0550858 0.324225 0.418517 0.0491541 0.0356397 9.9982E-05 0.117179
9.9991E-05 0.0342041 0.572907 0.213263 0.00881462 0.0273358 0.0263606 0.117015
9.9982E-05 9.9982E-05 0.29377 0.401258 0.0257594 0.0894464 0.0621772 0.127388
0.00618637 9.9973E-05 9.9973E-05 0.53116 9.9973E-05 0.339516 0.0514042 0.0714331
0.0384642 0.0511688 0.327448 0.364537 9.9991E-05 0.0298653 0.034529 0.153888
9.9964E-05 9.9964E-05 0.53675 0.189911 9.9964E-05 0.0696409 9.9964E-05 0.203297
0.0433646 0.00681415 0.403087 0.305631 0.0697723 0.0194848 0.0543894 0.0974566
0.0598918 9.9982E-05 9.9982E-05 0.265191 0.182907 0.351433 0.0344556 0.105922
9.9973E-05 9.9973E-05 0.0308243 0.633229 0.0352254 0.299425 9.9973E-05 0.000996349
0.0346132 0.0162075 0.333753 0.408915 9.9982E-05 0.0880031 9.9982E-05 0.118309
0.0720407 9.9982E-05 9.9982E-05 0.517016 0.0845213 0.211893 0.00259958 0.111729
0.0897991 9.9973E-05 9.9973E-05 0.485083 0.0531299 0.263981 9.9973E-05 0.107708
9.9991E-05 0.0244807 0.170158 0.376155 0.00351448 0.175204 0.0133659 0.237022
9.9973E-05 0.0891105 0.218943 0.360995 9.9973E-05 0.136478 9.9973E-05 0.194173
0.0625386 9.9991E-05 0.076233 0.568172 0.00346521 0.153944 0.070599 0.0649486
0.0285301 0.0445257 0.335157 0.383729 0.0281151 0.00111874 0.0345088 0.144315
0.0168931 9.9982E-05 0.384536 0.482226 0.0136251 0.00265213 9.9982E-05 0.0998677
9.9964E-05 9.9964E-05 0.588452 0.150704 9.9964E-05 0.0761388 9.9964E-05 0.184305
0.0624566 9.9982E-05 0.0225113 0.669486 9.9982E-05 0.1524 0.0318031 0.0611432
9.9964E-05 9.9964E-05 9.9964E-05 0.441901 0.133398 0.341705 9.9964E-05 0.0825961
9.9973E-05 0.0210998 9.9973E-05 0.192527 9.9973E-05 0.744232 0.0187007 0.0231402
0.0653038 9.9991E-05 0.00817087 0.569086 0.0217401 0.102193 0.0779188 0.155488
0.121008 0.0815481 9.9991E-05 0.403258 0.0826177 0.223018 0.0303994 0.0580501
9.9991E-05 0.00816359 0.175025 0.40684 0.0686972 0.139511 0.0559649 0.145699
0.0725397 0.0145944 0.0718921 0.471469 9.9991E-05 0.193913 0.0372663 0.138226
9.9955E-05 9.9955E-05 0.130226 9.9955E-05 9.9955E-05 0.583531 9.9955E-05 0.285744
