0.863273 9.9973E-05 0.0876337 0.0487938 9.9973E-05 9.9973E-05
0.939849 0.0173043 0.0239389 9.9982E-05 0.0187075 9.9982E-05
0.821365 9.9982E-05 0.0354486 0.0315283 9.9982E-05 0.111458
0.776128 9.9982E-05 0.0975046 0.0885538 9.9982E-05 0.0376133
0.856888 9.9991E-05 0.00835907 0.0608142 0.031545 0.0422933
0.569552 0.137113 9.9991E-05 0.0662563 0.178029 0.0489498
0.829006 0.0540955 0.041602 9.9982E-05 0.0750963 9.9982E-05
0.692314 9.9982E-05 0.0941212 0.0294665 0.183899 9.9982E-05
0.846429 9.99729E-05 0.0853577 9.99729E-05 0.0679134 9.99729E-05
0.705856 9.9982E-05 9.9982E-05 0.0289628 0.177912 0.0870702
0.749103 0.0268594 0.0711065 9.9991E-05 0.0722771 0.0805542
9.999E-05 0.159228 0.455787 0.0806042 0.0479725 0.256308
0.0156864 0.0543856 0.259167 0.0555737 0.0470141 0.568174
0.0426545 0.104299 0.454572 0.0806821 0.0958578 0.221935
0.0478283 0.136314 0.392844 0.136304 9.9991E-05 0.286609
0.126656 0.137327 0.20525 0.115278 0.0397262 0.375763
0.0710447 0.159902 0.12037 0.16619 0.0200328 0.46246
9.999E-05 0.140132 0.279124 0.0676266 0.0639299 0.449087
0.107175 0.201339 0.359504 0.138632 9.9991E-05 0.193249
9.9982E-05 0.169724 0.661585 0.0899537 0.0785373 9.9982E-05
9.9991E-05 0.115184 0.277996 0.130013 0.104982 0.371725
0.0315257 0.0924197 0.182759 9.9991E-05 0.195146 0.49805
0.0577311 0.169638 0.237092 0.0403845 9.9991E-05 0.495054
0.0150977 0.154367 0.404911 0.1457 0.0435733 0.236351
0.024351 9.9991E-05 0.232597 0.145913 0.0959875 0.501052
0.0267588 0.0667057 0.261295 0.0818095 9.9991E-05 0.563331
0.0191058 0.170644 0.538914 0.125518 9.9991E-05 0.145718
0.0457787 0.198157 0.4053 0.201647 9.9991E-05 0.149018
0.0136412 0.196134 0.434244 0.0165131 0.134213 0.205255
0.83234 9.9973E-05 9.9973E-05 0.0543013 9.9973E-05 0.113058
0.841204 9.9973E-05 9.9973E-05 0.0109211 9.9973E-05 0.147575
0.812019 0.0313469 9.9982E-05 0.0359181 9.9982E-05 0.120516
0.758801 0.115026 9.9982E-05 0.0763013 9.9982E-05 0.0496715
9.9982E-05 0.21027 0.129395 9.9982E-05 0.0812385 0.578897
0.0790308 0.247686 0.0923071 0.0643968 0.0924826 0.424097
0.0474863 0.407396 9.9991E-05 0.0159902 0.0112941 0.517734
0.140223 0.129816 0.557712 9.9991E-05 0.00421602 0.167932
9.9982E-05 0.677709 9.9982E-05 0.0546901 0.0477528 0.219648
0.0856971 0.40539 0.0652498 0.0331683 9.9991E-05 0.410395
0.0637982 0.219339 9.9982E-05 9.9982E-05 0.0589721 0.65769
0.0686604 0.17714 0.0334023 9.9991E-05 0.118967 0.60173
0.138126 0.182718 0.086119 0.0138579 9.9991E-05 0.57908
0.0820396 0.776754 0.114312 0.000511775 9.9991E-05 0.0262829
0.0663594 0.148823 0.0177305 0.0263606 0.171496 0.56923
0.0600278 0.306644 9.9991E-05 0.0909399 0.020169 0.52212
0.192177 0.0720596 0.0178663 0.0511582 0.131935 0.534804
9.9973E-05 0.648939 9.9973E-05 9.9973E-05 0.0644594 0.286302
0.019942 0.305317 9.9991E-05 0.0634652 0.054527 0.556649
0.0592707 0.362422 0.0940568 0.12051 0.00118966 0.362551
0.056163 0.676175 9.9973E-05 9.9973E-05 0.267362 9.9973E-05
9.9991E-05 0.31714 0.466603 0.0155893 0.094842 0.105726
9.9991E-05 0.238345 0.175728 0.0144606 0.456383 0.114984
0.141767 0.106345 0.183499 0.0522336 9.9991E-05 0.516055
0.0626533 9.9991E-05 0.0710291 0.0387694 0.156276 0.671172
0.0476168 0.130554 9.9991E-05 0.0820272 0.205444 0.534257
0.0861053 0.301176 0.372537 9.9991E-05 0.127486 0.112596
0.0302845 0.0649015 0.140133 0.00456805 0.17091 0.589203
0.0570242 0.0574332 0.162865 0.116728 0.0458852 0.560065
0.117008 0.283627 0.205311 0.0201556 0.0834419 0.290457
0.159813 0.201347 0.310103 0.0652657 0.223973 0.0394989
0.0535726 0.243311 0.0931704 0.0936556 0.0745881 0.441702
0.0465195 0.165762 0.332922 0.0894205 0.0205697 0.344807
0.0252123 0.21297 0.564768 9.9991E-05 0.160529 0.0364213
9.9991E-05 0.0971632 0.357193 0.0445777 0.045326 0.455641
0.0202712 0.0492868 0.0623742 0.0255106 0.192733 0.649824
0.103352 0.237632 0.127272 0.107841 0.0125716 0.411331
0.0208723 0.20999 0.251169 0.0326717 0.232124 0.253173
0.0178858 0.0948086 0.192079 0.123057 0.115327 0.456843
0.0503608 9.9982E-05 0.18353 9.9982E-05 0.0915141 0.674396
0.00321427 0.250757 0.396081 9.9991E-05 0.121072 0.228775
9.9973E-05 0.533219 0.0295951 9.9973E-05 9.9973E-05 0.436886
0.00751624 0.770633 0.118422 0.00609585 9.9991E-05 0.0972332
0.0481372 0.136137 0.148691 0.0180081 0.102736 0.54629
9.9964E-05 0.822092 9.9964E-05 9.9964E-05 0.177508 9.9964E-05
9.9973E-05 0.764664 0.0119049 9.9973E-05 0.223131 9.9973E-05
9.9973E-05 0.752912 9.9973E-05 9.9973E-05 0.0233071 0.223481
0.0155772 0.453566 0.0708413 0.0298337 9.9991E-05 0.430081
0.163482 0.145607 0.0686978 0.0282009 0.0483542 0.545658
0.0343127 0.510616 0.0123323 0.00114522 0.0058931 0.4357
0.00774231 0.731323 0.149166 0.0627669 9.9991E-05 0.0489015
0.0372863 0.512349 0.222378 0.000979548 9.9991E-05 0.226908
0.0987499 0.380531 9.9991E-05 0.0638491 0.0369032 0.419867
0.023118 0.60546 0.0768812 0.0273657 9.9991E-05 0.267076
0.0708744 0.458659 0.00324237 9.9991E-05 0.0531395 0.413985
0.00904292 0.552857 0.021243 9.9991E-05 0.0555709 0.361186
9.9982E-05 0.643416 0.00086769 0.0199925 0.335524 9.9982E-05
0.051599 0.225368 0.072597 9.9982E-05 9.9982E-05 0.650236
0.792792 9.9982E-05 0.038024 0.0545098 9.9982E-05 0.114474
0.903091 0.0161296 9.9973E-05 9.9973E-05 9.9973E-05 0.0804798
0.841746 9.9973E-05 9.9973E-05 0.0174084 9.9973E-05 0.140546
0.919633 9.9964E-05 9.9964E-05 9.9964E-05 9.9964E-05 0.0799674
0.901468 0.0044696 9.9982E-05 9.9982E-05 0.00695207 0.0869107
0.899092 0.0335874 9.9982E-05 9.9982E-05 0.0233188 0.0438019
0.909278 9.9964E-05 9.9964E-05 9.9964E-05 9.9964E-05 0.0903218
0.0195753 0.22982 0.233389 0.100313 9.9991E-05 0.416803
0.101086 0.287465 0.0113924 0.131352 0.11205 0.356655
0.0429758 0.853874 0.0769273 9.9982E-05 0.0260228 9.9982E-05
0.048678 0.202859 0.113714 0.0101182 0.0706793 0.553951
0.0691224 0.452061 0.0787212 9.9982E-05 9.9982E-05 0.399896
0.066143 0.322526 9.9982E-05 0.0193064 9.9982E-05 0.591824
0.0748271 0.319623 9.9991E-05 0.0348886 0.0603599 0.510201
0.0196803 0.473659 0.00763078 0.108677 9.9991E-05 0.390253
0.0299221 0.744347 0.225431 9.9973E-05 9.9973E-05 9.9973E-05
0.174432 0.195105 0.0806511 0.0122418 0.065191 0.472379
9.9991E-05 0.171373 0.117251 0.0763678 0.0144273 0.620482
0.0403938 0.106789 0.158403 0.0935914 0.078813 0.522009
9.9991E-05 0.555167 0.036356 0.0167444 0.164417 0.227216
0.0227303 0.413644 9.9982E-05 9.9982E-05 0.0547698 0.508656
9.9982E-05 0.43924 0.125284 0.0806012 9.9982E-05 0.354675
9.9973E-05 0.695091 9.9973E-05 0.0958362 9.9973E-05 0.208773
0.0254584 0.480823 0.118291 9.9982E-05 9.9982E-05 0.375227
0.101061 0.199811 0.108501 9.9991E-05 0.0301991 0.560329
9.9991E-05 0.0473134 0.337037 0.00752668 0.313139 0.294883
0.115555 0.0207303 0.409571 0.076812 0.00695715 0.370374
0.0804442 0.0896119 0.173555 0.0555957 0.0389855 0.561807
0.0725193 0.0921497 0.0974422 0.0705414 0.0962463 0.571101
0.0272904 0.0652745 0.341093 9.9991E-05 0.0299089 0.536333
9.9982E-05 0.0594868 0.333937 0.0640205 9.9982E-05 0.542356
0.0122335 9.9982E-05 0.461452 0.0111881 9.9982E-05 0.514926
0.0733179 0.00622115 0.19319 0.0102103 0.131621 0.58544
0.0193461 0.0821385 0.19948 0.106809 0.0745465 0.51768
9.9982E-05 0.0738486 0.255242 9.9982E-05 0.0582966 0.612413
9.9982E-05 0.103111 0.379195 9.9982E-05 0.0376787 0.479815
0.0587161 0.0234967 0.155567 0.0246422 0.0519133 0.685665
0.148292 0.0915313 0.095788 0.0198461 0.0318626 0.612679
9.9982E-05 0.0612602 0.260458 0.0644688 9.9982E-05 0.613613
0.102635 9.9991E-05 0.132441 0.0794211 0.148137 0.537266
0.00357428 0.103565 0.194762 0.083427 0.0837369 0.530935
0.118774 0.055602 0.246479 0.0284719 0.165424 0.385249
0.00247375 9.9991E-05 0.115676 0.0159323 0.128053 0.737766
0.0412438 9.9991E-05 0.116977 0.00713326 0.0965703 0.737976
0.00859394 0.231511 0.391217 0.049782 0.0535956 0.265301
9.9991E-05 0.161976 0.262733 0.0572685 0.352864 0.165058
0.0624031 0.117723 0.196152 0.0343661 0.0268753 0.562481
9.9991E-05 0.0890011 0.350068 0.0414243 0.439483 0.0799234
0.0351247 0.23849 0.405233 0.0374889 0.0780796 0.205584
0.0321448 0.238837 0.291643 9.9991E-05 0.0341681 0.403107
0.0144657 0.266154 0.406315 9.9982E-05 9.9982E-05 0.312865
9.9991E-05 0.261935 0.415744 0.0597149 0.0396882 0.222817
0.0583429 0.0560556 0.203598 0.0168318 0.0421176 0.623054
0.139507 0.185002 0.0342274 0.0949084 0.100932 0.445423
0.0843509 0.106574 0.223561 9.9991E-05 0.0185344 0.566879
9.9991E-05 0.134182 0.356929 0.0768718 0.281365 0.150552
0.213543 0.206151 0.0324465 0.0198237 0.0455478 0.482488
0.0198277 0.0894924 0.063799 0.112854 0.22627 0.487757
0.136188 0.108621 0.185816 9.9991E-05 0.505249 0.0640268
0.14273 0.165376 9.9991E-05 0.0469744 0.0573252 0.587494
0.0699053 0.209756 0.0287316 0.0616078 0.271714 0.358285
0.0744134 0.102382 0.0144507 0.0510409 0.222611 0.535102
0.108992 0.157955 0.0875649 0.00123984 0.346737 0.297511
0.049182 0.0131145 0.137134 9.9991E-05 0.525952 0.274517
0.054661 0.0803635 0.122976 9.9991E-05 0.268914 0.472985
0.117515 0.0889006 0.089082 9.9991E-05 0.189474 0.514928
0.111205 0.0315973 0.164543 0.0838481 0.230679 0.378127
0.0611899 0.274948 0.134586 0.154387 0.374789 9.9991E-05
0.0513363 0.149209 0.126595 0.105663 0.149755 0.417441
9.9982E-05 0.22505 0.0354952 9.9982E-05 0.342564 0.396691
0.0223941 0.205129 0.0740226 9.9991E-05 0.200132 0.498222
0.0419569 0.129102 0.0461437 0.106678 0.148184 0.527936
0.355557 0.0150561 9.9991E-05 0.223857 0.21661 0.18882
0.509401 9.9973E-05 9.9973E-05 0.123439 0.366859 9.9973E-05
0.449815 9.9973E-05 9.9973E-05 0.127205 0.422681 9.9973E-05
0.399885 9.9982E-05 9.9982E-05 0.324646 0.185852 0.0894176
9.9973E-05 0.00196126 9.9973E-05 9.9973E-05 0.255872 0.741867
0.137864 0.0544818 9.9982E-05 9.9982E-05 0.131583 0.675871
9.9982E-05 0.00141708 0.0539851 0.680254 9.9982E-05 0.264144
0.0177056 0.109535 0.103398 0.45767 9.9991E-05 0.311591
0.0152069 0.00751981 9.9991E-05 0.435828 0.107865 0.433481
9.9982E-05 0.111436 9.9982E-05 0.0220968 0.533693 0.332575
0.0944387 0.118008 0.0291115 9.9991E-05 0.160386 0.597955
9.9982E-05 0.0643444 9.9982E-05 0.0170107 0.668959 0.249486
0.00941177 0.0584296 0.0259911 0.0281601 0.286509 0.591498
9.9982E-05 0.118625 0.136426 9.9982E-05 0.26233 0.482419
0.0131888 9.9991E-05 0.0510225 0.0232156 0.325601 0.586873
9.9982E-05 0.0650121 0.0629513 9.9982E-05 0.612533 0.259304
0.06751 0.0435874 0.037898 0.0235067 0.156327 0.671171
0.0203581 0.136605 0.0494618 0.0575959 0.22253 0.51345
9.9973E-05 0.0099333 9.9973E-05 0.930077 9.9973E-05 0.0596899
0.0291053 0.00717938 9.9982E-05 0.881896 9.9982E-05 0.081619
0.0635384 0.191951 9.9982E-05 0.579265 9.9982E-05 0.165046
0.0404896 9.9973E-05 9.9973E-05 0.615431 9.9973E-05 0.34378
0.0272146 9.9973E-05 9.9973E-05 0.762623 9.9973E-05 0.209863
9.996E-05 9.996E-05 9.996E-05 0.9995 9.996E-05 9.996E-05
9.9964E-05 9.9964E-05 0.034744 0.964856 9.9964E-05 9.9964E-05
9.9964E-05 9.9964E-05 9.9964E-05 0.869366 9.9964E-05 0.130234
9.9973E-05 9.9973E-05 0.0309697 0.963526 9.9973E-05 0.00520417
9.996E-05 9.996E-05 9.996E-05 0.9995 9.996E-05 9.996E-05
9.996E-05 9.996E-05 9.996E-05 0.9995 9.996E-05 9.996E-05
0.0332786 9.9982E-05 0.0265471 0.76336 9.9982E-05 0.176615
0.0292798 0.00530291 0.0598929 0.802999 0.0232845 0.0792407
9.9964E-05 9.9964E-05 0.0415951 0.958005 9.9964E-05 9.9964E-05
0.0762434 0.0473719 0.0774876 0.358843 0.0434316 0.396622
0.0345618 0.00147147 0.114571 0.624205 9.9991E-05 0.225091
0.0273968 0.00782384 0.0330458 0.683476 9.9991E-05 0.248157
0.0404769 9.9973E-05 9.9973E-05 0.911712 9.9973E-05 0.0475117
9.996E-05 9.996E-05 9.996E-05 0.9995 9.996E-05 9.996E-05
0.0767479 9.9964E-05 9.9964E-05 0.922852 9.9964E-05 9.9964E-05
9.996E-05 9.996E-05 9.996E-05 0.9995 9.996E-05 9.996E-05
0.0346147 0.0491099 0.0806015 0.639087 9.9991E-05 0.196486
0.01834 0.018269 9.9991E-05 0.911668 0.0324935 0.0191295
0.293728 0.0163629 9.9982E-05 0.0852001 0.604509 9.9982E-05
0.17334 9.9991E-05 0.067143 0.0566463 0.230767 0.472004
0.210024 0.0814591 0.0511537 0.0558284 0.189127 0.412409
0.204094 9.9991E-05 0.0249019 0.0767118 0.501174 0.193019
0.163621 9.9991E-05 0.130809 0.117307 0.205496 0.382666
0.254312 9.9982E-05 9.9982E-05 0.0858046 0.480251 0.179432
0.120019 9.9991E-05 0.15061 0.148298 0.177954 0.403019
0.139286 9.9982E-05 9.9982E-05 0.145459 0.362603 0.352452
0.137753 0.088121 9.9991E-05 0.148751 0.185043 0.440232
0.207645 9.9982E-05 9.9982E-05 0.133541 0.270874 0.387739
0.148782 0.00786336 9.9991E-05 0.0929959 0.282558 0.467701
0.829257 9.9982E-05 0.110877 9.9982E-05 0.0377931 0.0218725
0.91788 9.9973E-05 9.9973E-05 0.0545363 0.0272839 9.9973E-05
0.957415 9.9964E-05 0.0421853 9.9964E-05 9.9964E-05 9.9964E-05
0.909505 9.9973E-05 0.0760209 9.9973E-05 9.9973E-05 0.0141743
0.868251 9.9973E-05 0.103481 0.0279686 9.9973E-05 9.9973E-05
0.90645 0.0127223 9.9973E-05 0.0805274 9.9973E-05 9.9973E-05
0.91992 9.9982E-05 0.00983168 0.0559932 9.9982E-05 0.0140549
0.893313 0.00481595 0.00813778 9.9991E-05 0.0719386 0.021695
0.929952 0.0519966 9.9973E-05 0.0177512 9.9973E-05 9.9973E-05
0.798855 9.9991E-05 0.0314819 0.101242 0.0429101 0.0254112
0.62132 0.139931 0.238449 9.9973E-05 9.9973E-05 9.9973E-05
0.604268 0.0453817 0.336394 9.9982E-05 0.0137569 9.9982E-05
0.520809 0.107816 0.307601 9.9982E-05 0.0635744 9.9982E-05
0.474101 0.154128 0.348967 9.9982E-05 0.0226039 9.9982E-05
0.0293519 0.332669 0.16312 9.9982E-05 9.9982E-05 0.474659
0.0842486 0.386232 0.047686 0.0567304 0.0190182 0.406084
0.0500656 0.168348 0.235538 9.9982E-05 9.9982E-05 0.545849
0.0535265 0.291777 0.259038 9.9982E-05 9.9982E-05 0.395458
9.9991E-05 0.195971 0.580432 0.021096 0.0745404 0.127861
0.0213598 0.281714 9.9982E-05 0.0348856 9.9982E-05 0.661841
9.9982E-05 0.303751 0.0735339 0.0437369 9.9982E-05 0.578778
9.9991E-05 0.340589 0.0845403 0.00322863 0.0333485 0.538194
9.9982E-05 0.556301 9.9982E-05 0.0879701 0.0737949 0.281734
0.090277 0.156349 0.0910293 0.00616418 0.0629652 0.593215
9.9982E-05 0.464398 0.0936014 9.9982E-05 0.106237 0.335564
9.9973E-05 0.653507 0.0584244 9.9973E-05 0.287769 9.9973E-05
0.022766 0.0867422 0.172922 0.0112942 0.135457 0.570818
0.00514576 0.496908 9.9991E-05 0.0403962 0.24326 0.214189
9.9982E-05 0.354328 9.9982E-05 0.0125041 0.0879059 0.545062
0.0264393 0.765935 0.18339 9.9982E-05 9.9982E-05 0.0240357
0.0818284 9.9973E-05 0.745085 9.9973E-05 0.172787 9.9973E-05
0.0910288 9.9982E-05 0.687759 9.9982E-05 0.154003 0.0670096
0.0209784 9.9982E-05 0.835898 9.9982E-05 0.133992 0.00893116
0.0957156 9.9973E-05 0.818103 9.9973E-05 0.0858813 9.9973E-05
9.9973E-05 9.9973E-05 0.802694 0.0601676 0.136839 9.9973E-05
0.0544953 9.9991E-05 0.795325 0.0174568 0.0350803 0.0975431
0.851793 0.013796 9.9982E-05 0.0454764 9.9982E-05 0.0887347
0.794548 9.9982E-05 0.106606 0.0331884 9.9982E-05 0.0654575
0.746753 9.9982E-05 0.0241671 0.116533 9.9982E-05 0.112347
0.762325 9.9982E-05 0.0810234 0.117688 9.9982E-05 0.0387639
0.738376 9.9982E-05 0.105465 0.108843 9.9982E-05 0.0471161
0.380811 0.0108875 0.569346 9.9982E-05 0.0387552 9.9982E-05
0.473451 0.037732 0.376427 9.9982E-05 0.112191 9.9982E-05
0.400698 0.0783803 0.457439 9.9982E-05 0.0632833 9.9982E-05
0.834655 9.9973E-05 9.9973E-05 0.0126192 9.9973E-05 0.152425
0.347088 0.0724081 0.45566 9.9982E-05 0.124644 9.9982E-05
0.221156 9.9982E-05 9.9982E-05 0.372293 0.146947 0.259404
0.161259 0.00173612 9.9991E-05 0.167998 0.05409 0.614817
0.125008 9.9973E-05 9.9973E-05 0.316944 9.9973E-05 0.557748
0.288263 0.0471143 0.0551521 0.217115 0.051172 0.341183
0.247067 0.0818318 9.9991E-05 0.13534 0.0300108 0.50565
0.430869 9.9973E-05 9.9973E-05 0.303572 0.26526 9.9973E-05
9.9982E-05 0.216024 0.282413 9.9982E-05 0.0955074 0.405856
0.0276216 0.134174 0.176129 9.9991E-05 0.290238 0.371738
0.101147 0.0606325 0.500069 9.9982E-05 9.9982E-05 0.337952
9.9982E-05 0.132181 0.128789 9.9982E-05 0.210039 0.528791
9.9973E-05 0.189999 0.151667 9.9973E-05 0.658034 9.9973E-05
0.0856389 9.9991E-05 0.180012 0.0651524 0.111236 0.557861
0.0550066 9.9991E-05 0.229555 0.00357382 0.164475 0.54729
9.9982E-05 0.162813 0.405983 9.9982E-05 0.0810907 0.349913
0.116358 0.142431 0.154553 0.0628287 0.0217867 0.502042
9.9991E-05 0.225962 0.251325 0.0172714 0.41089 0.0944521
0.0289818 0.0127683 0.142413 0.0445021 0.247812 0.523523
9.9991E-05 0.186211 0.242634 0.0592189 0.00902956 0.502806
0.124308 0.16612 0.0445051 0.178889 0.12836 0.357817
9.9991E-05 0.0961361 0.340288 0.0382577 0.120388 0.40483
0.0222773 0.132408 0.261944 9.9991E-05 0.126611 0.456661
9.9991E-05 0.283437 0.0456201 0.0935221 0.132992 0.444329
0.0281056 0.159644 0.132989 0.00635251 0.143079 0.529829
9.9991E-05 0.0191113 0.172914 0.0957202 0.0703934 0.641762
0.0776795 0.121307 0.183111 0.0790888 9.9991E-05 0.538714
0.0723535 0.138226 0.202847 0.08643 0.0479355 0.452208
0.795743 9.9973E-05 9.9973E-05 0.0881255 9.9973E-05 0.115832
0.837856 0.0946659 9.9982E-05 0.0619252 9.9982E-05 0.00535274
0.80373 0.108606 0.0186415 0.0427438 0.0155521 0.0107268
0.822929 0.111927 0.022589 0.0423554 9.9982E-05 9.9982E-05
0.841686 9.9964E-05 9.9964E-05 9.9964E-05 9.9964E-05 0.157914
9.9982E-05 0.188354 0.585431 0.0892467 9.9982E-05 0.136769
0.0729516 0.0110558 0.163925 0.0338952 0.141436 0.576736
0.172412 0.0938831 9.9991E-05 0.223022 0.0778429 0.432741
0.0188387 0.0659734 0.136689 0.0373987 0.0653821 0.675718
0.0365065 0.144948 0.294718 0.0758955 9.9991E-05 0.447833
9.9982E-05 9.9982E-05 0.384004 0.0324545 0.242943 0.340399
0.123216 0.201165 0.58161 9.9982E-05 0.0938093 9.9982E-05
9.9991E-05 0.120538 0.308696 0.0282876 0.0326465 0.509732
0.0370203 0.0909947 0.559574 0.045213 0.115688 0.15151
0.0803217 0.188782 0.113391 9.9991E-05 0.218235 0.39917
0.133675 0.219047 0.48489 0.0391621 0.0412622 0.0819633
0.103792 9.9991E-05 0.197001 0.0878999 0.00452602 0.606681
0.0819879 0.0735303 0.529995 9.9991E-05 0.0947915 0.219595
0.0073774 0.0384508 0.289489 0.0696256 0.227246 0.367811
0.0326086 0.109323 0.11516 0.0802131 0.269305 0.39339
0.00170509 9.9982E-05 0.20586 9.9982E-05 0.460306 0.331929
0.0705656 0.0473078 0.0887988 9.9991E-05 0.156102 0.637126
0.158466 0.0413929 0.0287109 9.9991E-05 0.204877 0.566453
9.9973E-05 9.9973E-05 0.115699 9.9973E-05 0.448229 0.435772
0.0594752 0.0574143 0.139374 0.0736954 0.183204 0.486837
0.0441169 0.0809775 0.0347777 9.9991E-05 0.246506 0.593521
9.9982E-05 0.081037 0.083507 9.9982E-05 0.664133 0.171123
9.9982E-05 0.00905162 0.0279075 9.9982E-05 0.637577 0.325264
9.9973E-05 9.9973E-05 0.0762461 9.9973E-05 0.388697 0.534757
9.9982E-05 0.166368 0.116553 9.9982E-05 0.483383 0.233496
9.9982E-05 0.0958633 0.186748 9.9982E-05 0.222804 0.494385
9.9973E-05 0.267923 0.633988 0.0977892 9.9973E-05 9.9973E-05
9.9982E-05 0.137577 0.322927 9.9982E-05 0.265453 0.273844
0.0286657 0.21716 0.39907 0.0816171 9.9991E-05 0.273387
0.00763167 0.0863907 0.15905 0.0631256 0.119227 0.564575
9.9973E-05 0.278124 0.49375 9.9973E-05 9.9973E-05 0.227826
0.020799 0.12098 0.17313 0.127305 0.0904029 0.467383
0.0113461 0.074345 0.232474 0.100001 0.0555024 0.526332
0.0103336 0.0552334 0.240936 0.0647481 0.117256 0.511492
0.00803161 0.152719 0.279646 0.118124 9.9991E-05 0.441379
0.0257152 0.228087 0.260223 0.125937 9.9991E-05 0.359938
9.9982E-05 0.219255 0.516274 0.085314 9.9982E-05 0.178956
9.9991E-05 0.087185 0.408615 0.108798 0.109201 0.286101
9.9982E-05 0.0406989 0.244968 9.9982E-05 0.0327384 0.681394
0.0469503 9.9991E-05 0.175536 0.0339359 0.186752 0.556726
0.00693594 0.0713292 0.333493 0.0521067 0.1142 0.421936
9.9991E-05 0.0736474 0.242432 0.100412 0.130618 0.45279
0.0598669 0.0784056 0.472291 0.0958157 0.00448349 0.289137
9.9991E-05 0.0958392 0.20839 0.00955989 0.0177905 0.66832
0.018656 0.124501 0.297729 0.100688 9.9991E-05 0.458326
0.0393871 0.0272144 0.159724 0.128839 0.173923 0.470912
0.344988 0.109045 9.9991E-05 0.122803 0.0130876 0.409976
0.133021 0.179584 0.00740551 0.288107 0.114683 0.2772
0.14071 0.0732505 0.178754 0.165897 0.0795304 0.361858
0.124338 0.15258 0.0216319 0.0485963 0.0482228 0.604631
0.208862 0.0404769 9.9991E-05 0.204839 0.115112 0.430611
9.9991E-05 0.0250859 0.200882 0.022117 0.244013 0.507802
0.133631 0.112763 0.0676801 0.112967 0.0349201 0.538039
0.259298 0.0916026 9.9982E-05 0.148933 0.499966 9.9982E-05
0.109451 0.123633 0.101572 0.236776 0.00422609 0.424342
0.099476 0.045932 0.0501625 0.14768 0.0956001 0.56115
9.9991E-05 0.0986756 0.134752 0.284146 0.116087 0.366239
0.210089 0.145916 0.0522675 0.162241 0.168747 0.26074
0.183957 0.0938919 0.0559108 0.177275 9.9991E-05 0.488866
0.205657 9.9982E-05 9.9982E-05 0.143304 0.0760809 0.574758
0.448394 9.9973E-05 9.9973E-05 0.203424 0.347882 9.9973E-05
0.197723 0.0845346 0.0455957 0.168221 9.9991E-05 0.503825
0.250121 0.0213314 9.9991E-05 0.18955 0.00296868 0.53593
0.131785 0.0958878 0.0561483 0.145626 0.0753414 0.495212
0.199958 9.9991E-05 0.039566 0.203648 0.0356192 0.521109
0.127616 0.122125 0.085252 0.14882 9.9991E-05 0.516087
0.00286273 0.16764 0.0231697 0.0390663 0.278154 0.489107
0.10581 0.114033 0.11311 0.151369 0.160202 0.355476
9.9982E-05 0.285169 0.0844171 9.9982E-05 0.594802 0.0354121
9.9982E-05 0.238642 0.0959389 9.9982E-05 0.628714 0.0365053
0.107404 0.256308 0.0414432 0.00696559 0.133046 0.454833
0.131411 9.9991E-05 0.00170845 0.258838 0.150183 0.457759
0.0815444 0.0914214 9.9991E-05 0.397375 0.195057 0.234503
0.17651 9.9991E-05 0.0680636 0.342281 0.287589 0.125457
0.175994 9.9982E-05 9.9982E-05 0.227145 0.183703 0.412959
0.0242534 0.0459569 9.9991E-05 0.107701 0.708927 0.113062
0.0355142 0.00641301 9.9991E-05 0.0653764 0.590774 0.301823
9.9991E-05 0.149617 0.0381456 0.120772 0.129873 0.561493
0.0615712 0.110755 9.9991E-05 0.055695 0.26948 0.502399
0.033682 0.0742773 0.00919612 0.128202 0.481066 0.273577
0.0707086 0.0814288 0.0454912 0.139053 0.216572 0.446747
0.0180513 9.9991E-05 0.0310184 0.0856406 0.303875 0.561315
0.0967411 0.0138711 0.04963 0.0313148 0.267403 0.541041
9.9982E-05 0.184433 0.0866377 9.9982E-05 0.383229 0.345501
9.9991E-05 0.147725 0.064195 0.0231752 0.363506 0.401299
9.9991E-05 0.187999 0.0987204 0.0126132 0.153024 0.547544
0.0350733 0.0710696 0.0918929 0.0375616 0.356566 0.407836
0.0353641 0.0746395 0.217154 0.143119 0.207308 0.322415
9.9973E-05 9.9973E-05 0.054507 9.9973E-05 0.40087 0.544323
9.9982E-05 0.0588041 0.125699 9.9982E-05 0.50486 0.310437
9.9973E-05 0.14908 9.9973E-05 9.9973E-05 0.239569 0.611052
9.9982E-05 0.175823 0.0424538 9.9982E-05 0.440815 0.340708
9.9973E-05 9.9973E-05 0.0775583 9.9973E-05 0.43262 0.489522
0.0701233 0.140462 0.0938729 9.9991E-05 0.126893 0.568549
9.9991E-05 0.199238 0.0418407 0.0224766 0.259098 0.477247
0.160245 0.0583505 0.0739674 0.160465 0.0989402 0.448032
0.13146 0.0890337 0.0922765 0.180296 0.146765 0.360169
0.199778 0.0578022 0.064989 0.257541 0.101966 0.317925
0.178337 9.9991E-05 0.0798032 0.174764 0.170172 0.396824
0.0936684 0.0138643 0.130167 0.138009 0.107863 0.516428
0.100801 0.0786198 0.000302436 0.20247 0.18448 0.433327
0.10936 9.9982E-05 0.0135834 0.191836 0.68502 9.9982E-05
0.0472575 9.9991E-05 0.00102446 0.196108 0.144985 0.610525
0.341498 9.9973E-05 9.9973E-05 0.112539 0.545663 9.9973E-05
0.0676588 0.0699315 9.9991E-05 0.147715 0.192888 0.521706
9.9973E-05 0.277179 9.9973E-05 9.9973E-05 0.584157 0.138364
9.9973E-05 0.333395 0.0322738 9.9973E-05 0.634032 9.9973E-05
9.9991E-05 0.158863 0.0468953 0.0101521 0.266068 0.517921
0.0042568 0.0959631 0.00337781 0.0149691 0.189953 0.69148
9.9982E-05 0.152137 0.0588349 9.9982E-05 0.322667 0.46616
0.0138051 0.272262 0.00704566 9.9991E-05 0.204924 0.501863
9.9982E-05 0.0488676 0.00314001 9.9982E-05 0.326151 0.621642
0.842258 0.0162288 9.9982E-05 9.9982E-05 0.019642 0.121671
0.721842 0.0157354 0.129608 0.092972 0.0397428 9.9991E-05
0.879494 9.9973E-05 0.0572142 0.0629915 9.9973E-05 9.9973E-05
0.947172 9.9964E-05 9.9964E-05 9.9964E-05 9.9964E-05 0.0524284
0.0538071 0.383018 9.9982E-05 0.038513 9.9982E-05 0.524462
0.102645 0.383859 9.9982E-05 0.0411659 9.9982E-05 0.47213
0.00270137 0.515679 0.0499832 9.9982E-05 9.9982E-05 0.431436
0.0915885 0.340907 9.9973E-05 9.9973E-05 9.9973E-05 0.567205
0.0374736 0.224558 0.0817971 0.0961981 0.104046 0.455927
0.046254 0.551193 0.100623 0.0028142 0.0709311 0.228184
0.0336434 0.329708 0.0687639 9.9982E-05 9.9982E-05 0.567684
9.9973E-05 0.466209 9.9973E-05 9.9973E-05 0.220641 0.31285
0.291592 0.0102135 0.028903 0.164502 0.0530822 0.451708
9.9982E-05 0.380299 0.032411 9.9982E-05 0.105517 0.481573
0.0148836 0.642741 0.101174 9.9982E-05 9.9982E-05 0.241001
9.9973E-05 0.425671 0.023026 9.9973E-05 9.9973E-05 0.551003
0.0692676 0.535644 0.0168872 9.9982E-05 9.9982E-05 0.378001
9.9973E-05 0.374427 9.9973E-05 9.9973E-05 0.0394862 0.585787
0.0435315 0.357263 0.0525028 0.00265248 0.000502131 0.543548
9.9964E-05 0.952437 9.9964E-05 9.9964E-05 0.0471634 9.9964E-05
9.9991E-05 0.593909 0.000686501 0.0863571 0.148439 0.170509
0.0578893 0.50657 0.0280472 0.00428021 0.0710381 0.332175
9.9964E-05 0.693507 9.9964E-05 9.9964E-05 0.306093 9.9964E-05
0.0118222 0.44114 0.122249 9.9982E-05 9.9982E-05 0.424589
9.9973E-05 0.631947 9.9973E-05 9.9973E-05 0.302644 0.065109
9.9964E-05 0.688024 9.9964E-05 9.9964E-05 0.311576 9.9964E-05
0.0724418 0.356487 9.9991E-05 0.0958314 0.0294699 0.44567
0.0386208 0.683823 0.16094 9.9982E-05 9.9982E-05 0.116416
0.0198729 0.437889 0.0966436 0.12884 9.9991E-05 0.316654
0.102915 0.177959 9.9991E-05 0.0280733 0.087015 0.603938
9.9982E-05 0.459621 0.0573237 0.103049 9.9982E-05 0.379807
9.9991E-05 0.139953 0.221042 0.0336012 0.22067 0.384634
9.9982E-05 0.308103 0.111567 0.048797 9.9982E-05 0.531333
9.9982E-05 0.4086 0.0947294 0.106303 9.9982E-05 0.390168
9.9973E-05 0.767061 9.9973E-05 0.00800419 9.9973E-05 0.224635
0.0814206 0.281222 0.041404 0.0242934 0.0411931 0.530467
0.626438 0.00421849 0.276995 9.9982E-05 0.0921492 9.9982E-05
0.760183 0.104224 0.0941621 0.00425351 0.019764 0.017413
0.825836 9.9973E-05 0.13904 9.9973E-05 0.0348239 9.9973E-05
0.795115 0.0118309 0.16401 9.9982E-05 0.0288441 9.9982E-05
0.709588 9.9982E-05 0.200763 9.9982E-05 0.079829 0.00962052
0.0197198 0.780766 0.152907 0.0290072 9.9991E-05 0.0175002
0.0895717 0.692988 0.146801 9.9982E-05 9.9982E-05 0.0704389
9.9982E-05 0.800923 9.9982E-05 0.00446502 0.153038 0.0413745
0.15216 0.171902 9.9991E-05 0.0898231 0.0936346 0.49238
0.0964796 0.223424 0.0213767 0.185627 0.0720717 0.40102
0.0159601 0.657837 9.9991E-05 0.033162 0.06936 0.223581
0.00286201 0.377787 9.9991E-05 0.0668513 0.0338038 0.518596
0.0590805 0.593647 9.9991E-05 0.0955256 0.00798718 0.24366
0.0200645 0.342562 0.0643732 9.9991E-05 0.00146714 0.571433
0.0274962 0.317993 0.0806243 0.12332 0.0155124 0.435054
9.9991E-05 0.731073 0.0669426 0.0234045 0.0572682 0.121211
0.00600169 0.625493 0.0564271 9.9982E-05 9.9982E-05 0.311878
9.9982E-05 0.604903 0.126483 0.0102736 9.9982E-05 0.258141
0.121779 9.9982E-05 0.104094 9.9982E-05 0.161627 0.6123
9.9973E-05 0.604328 0.0579944 9.9973E-05 9.9973E-05 0.337378
0.0214548 0.532198 0.0390124 0.0570981 0.0282945 0.321942
0.0940453 0.0689505 9.9991E-05 0.391671 0.0237084 0.421525
0.0271695 9.9982E-05 9.9982E-05 0.516164 0.0768383 0.379628
0.10013 9.9982E-05 9.9982E-05 0.40752 0.0496802 0.44247
0.149146 9.9982E-05 9.9982E-05 0.482106 0.0631859 0.305362
0.148581 0.0486395 0.085839 0.205917 9.9991E-05 0.510924
0.0578807 0.289714 0.017309 9.9991E-05 0.167426 0.467571
0.28645 9.9973E-05 9.9973E-05 0.653161 9.9973E-05 0.0600885
0.196812 0.0404185 9.9991E-05 0.536459 0.00294549 0.223265
0.165497 9.9991E-05 0.0413302 0.167971 0.146803 0.478299
0.133331 9.9973E-05 9.9973E-05 9.9973E-05 0.249287 0.617082
0.100114 0.0633677 0.107991 0.0695556 0.252674 0.406298
0.120246 9.9982E-05 0.177152 9.9982E-05 0.0814912 0.620911
0.0811947 0.102273 0.062301 0.0160284 0.122738 0.615464
0.202961 9.9973E-05 9.9973E-05 0.414344 9.9973E-05 0.382395
0.0669499 0.0376749 0.0958769 0.402731 9.9991E-05 0.396667
0.102996 9.9982E-05 9.9982E-05 0.480619 0.00533319 0.410852
0.157426 0.0374355 0.0487491 0.185578 0.0340176 0.536793
0.0873493 0.103798 9.9991E-05 0.546801 0.082707 0.179245
0.147308 0.117555 0.0611017 0.354334 9.9991E-05 0.319601
0.113511 0.00832184 0.0529485 0.64118 0.0202734 0.163765
0.0757585 0.0493178 9.9991E-05 0.359087 0.0759027 0.439834
0.061564 9.9973E-05 9.9973E-05 9.9973E-05 0.23803 0.700106
0.19897 0.0448715 0.101527 0.283542 0.0205412 0.350549
0.137256 9.9982E-05 9.9982E-05 0.64187 0.0891694 0.131504
0.121542 0.113551 0.0519452 0.367313 9.9991E-05 0.345548
0.142651 0.141793 0.211023 9.9991E-05 0.285289 0.219144
9.9982E-05 9.9982E-05 0.100195 0.0498085 0.238799 0.610997
0.163335 0.137733 0.0158152 0.257936 0.0527245 0.372456
0.128321 9.9982E-05 0.11817 9.9982E-05 0.131034 0.622275
0.188219 0.120424 0.0508961 9.9991E-05 0.185831 0.454531
0.164149 0.19994 0.00929213 0.229848 0.102115 0.294656
0.234474 9.9991E-05 0.00471802 0.266986 0.133956 0.359766
0.117676 0.156207 9.9991E-05 0.0792474 0.0822164 0.564553
0.117722 0.0891777 0.0364365 0.35891 9.9991E-05 0.397654
0.0921775 0.069517 9.9982E-05 0.503707 9.9982E-05 0.334399
0.205552 9.9982E-05 9.9982E-05 0.579013 0.0398072 0.175427
0.0487413 9.9982E-05 9.9982E-05 0.0832788 0.237752 0.630028
0.123228 0.0850719 0.0729061 9.9991E-05 0.250752 0.467942
0.110614 9.9973E-05 9.9973E-05 9.9973E-05 0.634079 0.255006
0.0717421 0.121386 9.9991E-05 0.080867 0.199199 0.526706
0.0351679 0.0915246 0.177171 0.120663 0.212393 0.363081
0.213644 0.0346389 9.9991E-05 0.156122 0.123477 0.472019
0.107602 0.0099576 0.0661793 0.0695915 0.246912 0.499758
0.289685 9.9973E-05 9.9973E-05 0.190662 0.519354 9.9973E-05
0.296864 9.9973E-05 9.9973E-05 0.0915324 0.611304 9.9973E-05
0.106184 0.0266127 0.0959841 0.15392 0.333551 0.283748
0.33804 9.9982E-05 9.9982E-05 0.189242 0.415625 0.0568939
0.426476 9.9973E-05 9.9973E-05 0.222718 0.350506 9.9973E-05
0.156264 0.187854 9.9991E-05 0.0775264 0.231213 0.347044
0.285295 0.0151696 9.9991E-05 0.20143 0.150143 0.347862
0.309664 0.0327786 9.9991E-05 0.209898 0.282841 0.164718
0.289317 9.9982E-05 9.9982E-05 0.106599 0.475494 0.128389
0.109905 0.032834 0.00233264 0.101537 0.217135 0.536256
0.227928 0.0484202 9.9991E-05 0.134115 0.42165 0.167786
0.399837 9.9973E-05 9.9973E-05 0.0680169 0.531846 9.9973E-05
0.117912 9.9991E-05 0.131375 0.0828904 0.14575 0.521972
0.205954 0.0227866 0.0198811 0.209252 0.234435 0.307692
0.312395 0.105737 0.0057954 0.143422 9.9991E-05 0.432551
0.156176 9.9973E-05 9.9973E-05 0.246024 9.9973E-05 0.597501
0.178431 0.0786585 0.035068 0.156023 9.9991E-05 0.551719
0.193357 9.9991E-05 0.0359835 0.213461 0.0984917 0.458607
0.39995 9.9982E-05 9.9982E-05 0.170914 0.0354107 0.393525
0.225779 9.9982E-05 9.9982E-05 0.0997648 0.0651032 0.609153
0.20979 0.0441987 9.9991E-05 0.301126 0.0147739 0.430011
0.231376 9.9991E-05 0.0766374 0.20505 0.163005 0.323831
0.174881 0.328374 0.0906872 0.165254 0.024278 0.216526
0.172499 9.9991E-05 0.0850173 0.111277 0.135595 0.495511
0.116524 9.9991E-05 0.0802265 0.104071 0.0944805 0.604599
0.109083 0.124664 0.0607315 0.102282 0.0388557 0.564384
0.298915 9.9991E-05 0.0108861 0.227404 0.0606466 0.402048
0.240102 9.9982E-05 9.9982E-05 0.132394 0.111482 0.515823
0.348748 0.00901291 9.9991E-05 0.256055 0.256397 0.129687
0.187579 9.9982E-05 0.106034 0.126219 9.9982E-05 0.579968
0.255201 9.9982E-05 9.9982E-05 0.280143 0.252998 0.211458
0.809488 0.0827163 0.0749997 9.9982E-05 0.0325966 9.9982E-05
0.0681411 0.0230571 0.737338 9.9991E-05 0.0538713 0.117493
0.00453235 0.0076008 0.987567 9.9973E-05 9.9973E-05 9.9973E-05
0.00548382 9.9973E-05 0.989845 9.9973E-05 9.9973E-05 0.00437167
9.9964E-05 9.9964E-05 0.964606 9.9964E-05 9.9964E-05 0.0349943
0.00819129 9.9973E-05 0.897159 9.9973E-05 9.9973E-05 0.0943501
9.9964E-05 9.9964E-05 0.899453 9.9964E-05 9.9964E-05 0.100147
9.996E-05 9.996E-05 0.9995 9.996E-05 9.996E-05 9.996E-05
0.18334 9.9964E-05 0.81626 9.9964E-05 9.9964E-05 9.9964E-05
0.906633 0.0239431 9.9982E-05 0.0211511 9.9982E-05 0.0480734
0.773831 0.0153598 0.152467 0.0449164 0.0133256 9.9991E-05
0.855614 0.0662858 9.9982E-05 0.0500415 0.0278583 9.9982E-05
0.804039 9.9982E-05 0.121353 9.9982E-05 0.0363672 0.0380407
0.89782 0.0331813 0.0098315 0.0589669 9.9982E-05 9.9982E-05
0.885527 0.0596536 0.0237321 0.00158999 0.0293968 9.9991E-05
0.68221 9.9991E-05 0.115923 0.0954225 0.0678853 0.0384587
0.846626 9.9982E-05 9.9982E-05 0.0997578 0.012414 0.0410018
0.672942 0.0612632 0.159211 0.0755755 9.9991E-05 0.0309076
0.917544 0.0137764 9.9973E-05 0.0683795 9.9973E-05 9.9973E-05
0.946554 0.0131406 0.0151686 9.9991E-05 0.0161017 0.00893479
0.852863 9.9991E-05 0.0633168 0.0274316 0.0118406 0.0444479
0.965877 9.9973E-05 0.0195592 9.9973E-05 9.9973E-05 0.0142636
0.903542 9.9991E-05 0.00848304 0.0346097 0.00202567 0.0512395
0.849415 0.016521 0.0209734 0.019522 9.9991E-05 0.0934689
0.857417 9.9973E-05 9.9973E-05 0.00633713 9.9973E-05 0.135946
0.776918 9.9973E-05 9.9973E-05 0.133237 9.9973E-05 0.0895442
0.765416 9.9973E-05 9.9973E-05 0.0770202 9.9973E-05 0.157264
0.828235 9.9973E-05 9.9973E-05 0.0438437 9.9973E-05 0.127622
0.143913 0.0629297 0.0929617 9.9991E-05 0.267566 0.43253
0.0963349 0.0669696 0.0461519 9.9991E-05 0.0664508 0.723993
0.0821943 0.0583341 0.0692309 0.0648916 0.15785 0.567499
0.0300159 0.0231048 0.0135666 9.9991E-05 0.724361 0.208852
0.0810103 0.0614529 0.167723 0.0108459 0.168683 0.510285
0.140101 9.9973E-05 9.9973E-05 9.9973E-05 0.683801 0.175798
0.0492185 9.9982E-05 0.00278717 9.9982E-05 0.222837 0.724958
0.0838877 0.0936119 0.15756 9.9991E-05 0.202896 0.461945
0.0744754 0.0686939 0.166165 9.9991E-05 0.153739 0.536826
0.0316322 0.447945 0.0721915 0.0788661 9.9991E-05 0.369266
0.0669783 0.00808178 0.140072 9.9991E-05 0.281812 0.502956
0.0805108 0.127538 0.0768764 9.9991E-05 0.0896445 0.62533
0.085413 9.9982E-05 0.155676 9.9982E-05 0.182631 0.576081
9.9991E-05 0.0783106 0.464678 0.037715 0.307852 0.111345
0.0189247 9.9973E-05 0.124001 9.9973E-05 0.856774 9.9973E-05
0.0922977 9.9982E-05 0.0160641 9.9982E-05 0.681432 0.210006
0.0771797 9.9991E-05 0.0139432 0.031481 0.211113 0.666183
0.133285 9.9982E-05 0.0640918 9.9982E-05 0.251738 0.550685
0.129142 0.0664131 9.9982E-05 9.9982E-05 0.223013 0.581232
0.142512 0.144497 9.9991E-05 0.00562434 0.0863011 0.620965
0.245197 9.9982E-05 9.9982E-05 0.104798 0.0769287 0.572876
0.176769 0.0381379 0.0508222 0.200672 9.9991E-05 0.533498
0.404626 9.9991E-05 0.104298 0.144536 0.177678 0.168763
0.127589 0.00391666 0.162533 0.0300274 0.0309396 0.644994
0.217345 0.0556486 0.0999584 0.117337 0.11926 0.390451
0.409623 9.9973E-05 9.9973E-05 0.15703 0.433047 9.9973E-05
0.294874 9.9982E-05 9.9982E-05 0.166335 0.181551 0.35704
0.325923 0.071268 0.0536786 0.186577 0.0693512 0.293202
0.383074 9.9982E-05 0.118623 0.0364124 9.9982E-05 0.461691
0.11926 0.0459646 0.104779 0.136479 0.071562 0.521956
0.166952 0.0470439 0.0399491 0.156643 0.0523625 0.537049
0.174393 9.9991E-05 0.0273174 0.0721156 0.0751649 0.650909
0.190645 9.9991E-05 0.0644106 0.146418 0.148432 0.449994
0.47078 0.0685343 0.0226032 0.158042 0.00617853 0.273862
