9.9982E-05 0.00272574 0.0673856 0.0284267 0.901262 9.9982E-05
0.00213742 9.9982E-05 0.0225199 9.9982E-05 0.968548 0.00659428
9.9982E-05 0.114078 9.9982E-05 0.0170701 0.831514 0.0371374
9.9982E-05 0.0394208 0.0876407 0.0971203 0.775618 9.9982E-05
0.0162413 0.0317788 0.0275 0.0682568 0.856123 9.9991E-05
0.142135 0.0283235 0.0849566 0.0646066 0.626757 0.0532209
0.0696839 9.9982E-05 0.0486897 9.9982E-05 0.852651 0.0287753
0.107721 9.9982E-05 0.115264 0.0260984 0.750717 9.9982E-05
0.0754339 9.9982E-05 0.0719626 9.9982E-05 0.836959 0.0154447
0.115115 0.0342387 0.0533238 0.105002 0.69222 9.9991E-05
0.112694 9.9973E-05 0.149059 9.9973E-05 0.737947 9.9973E-05
0.00939057 0.131383 0.429182 0.115893 9.9991E-05 0.314051
9.999E-05 0.463096 0.300777 0.139692 0.0122402 0.0840943
0.162665 0.231193 0.389914 0.140278 9.9991E-05 0.0758489
9.9991E-05 0.317079 0.385508 0.167117 0.0221419 0.108055
0.0744456 0.423841 0.195819 0.165688 0.0717567 0.0684501
0.0744644 0.570241 0.133297 0.107286 0.052376 0.0623355
0.024015 0.32437 0.307501 0.163932 9.9991E-05 0.180082
9.999E-05 0.269003 0.302541 0.117325 0.112071 0.198959
0.186835 9.9991E-05 0.58433 0.0865933 0.00548673 0.136655
0.117009 0.4556 0.237535 0.0561483 9.9991E-05 0.133608
0.227111 0.42778 0.197822 0.0801789 9.9991E-05 0.0670082
0.0798246 0.53201 0.2315 0.0166626 0.0183447 0.121658
0.0605144 0.230566 0.287825 0.14127 0.0121091 0.267715
0.102076 0.637132 9.9991E-05 0.0553931 0.0996375 0.105662
0.00685127 0.478159 0.208718 0.180516 0.00660496 0.119152
0.0209656 0.0584366 0.497301 0.161482 0.0208608 0.240954
9.999E-05 0.0844452 0.397504 0.263999 0.00948207 0.244469
0.0928028 0.260398 0.404717 0.0262146 0.00609346 0.209775
9.9973E-05 0.139352 9.9973E-05 0.00419437 0.856154 9.9973E-05
9.9964E-05 0.160559 9.9964E-05 9.9964E-05 0.839041 9.9964E-05
9.9982E-05 0.116411 9.9982E-05 0.0337711 0.813584 0.0360337
9.9982E-05 0.141878 9.9982E-05 0.107421 0.736739 0.0137617
0.0559 0.495587 0.178272 0.0132275 0.0100067 0.247007
9.9991E-05 0.447837 0.164801 0.00133883 0.099054 0.286868
9.9973E-05 0.537638 9.9973E-05 9.9973E-05 0.0537367 0.408325
9.9982E-05 0.173697 0.579291 9.9982E-05 0.0954019 0.15141
0.113889 0.275709 9.9991E-05 0.0379686 0.00854173 0.563792
9.9991E-05 0.372352 0.0311746 0.100073 0.143565 0.352736
0.0392306 0.651448 9.9991E-05 0.0717786 0.0169121 0.220531
0.109947 0.54014 0.0365986 9.9991E-05 0.118964 0.19425
0.0711268 0.615012 0.12417 9.9991E-05 0.0793696 0.110221
0.0602735 0.0872714 0.0589441 0.0356777 0.00595439 0.751879
0.0623599 0.518686 0.0592728 0.0414293 0.081635 0.236617
0.0336986 0.455479 9.9991E-05 0.0695216 0.0999306 0.34127
9.9982E-05 0.527402 9.9982E-05 0.0327114 0.155999 0.283688
0.0143974 0.299894 9.9973E-05 9.9973E-05 9.9973E-05 0.685409
0.0183895 0.644421 9.9982E-05 9.9982E-05 0.0340533 0.302937
0.00173586 0.596193 9.9991E-05 0.0679384 0.0543567 0.279676
0.33784 9.9973E-05 9.9973E-05 9.9973E-05 0.057114 0.604746
0.169762 0.126466 0.389901 9.9982E-05 9.9982E-05 0.313671
0.362917 0.0397794 0.271621 0.0449822 0.000299975 0.2804
0.0744316 0.522279 0.191457 0.0890325 0.0708433 0.0519567
0.167478 0.635416 0.0546269 9.9991E-05 0.0575729 0.0848064
0.115198 0.463002 0.0556209 0.116552 0.0454895 0.204137
0.15441 0.232717 0.340576 9.9991E-05 0.0868902 0.185306
0.0433203 0.592344 0.253458 9.9991E-05 0.0226362 0.088142
0.0703729 0.521003 0.120733 0.110746 0.0644087 0.112736
0.123749 0.310654 0.180121 0.00537571 0.122937 0.257163
0.187299 0.0701638 0.336581 0.0454554 0.189212 0.171289
0.0660527 0.538383 0.144714 0.0510585 0.0600651 0.139726
0.0351638 0.38796 0.231599 0.0685201 0.0822341 0.194523
0.15094 0.0160869 0.546764 9.9991E-05 0.0630127 0.223097
0.132688 0.558132 0.243646 9.9982E-05 9.9982E-05 0.065334
0.158883 0.632589 0.0526471 0.00703919 9.9991E-05 0.148741
0.0699823 0.588474 0.25153 9.9991E-05 0.0675847 0.022329
0.0919781 0.227145 0.29373 0.0971208 0.0134479 0.276578
0.110161 0.438168 0.175005 0.0967897 9.9991E-05 0.179777
0.0446261 0.595673 0.239678 9.9991E-05 0.0655042 0.0544186
0.14851 0.198236 0.395916 9.9991E-05 0.0218326 0.235405
9.9973E-05 0.552195 0.030103 9.9973E-05 9.9973E-05 0.417402
9.9991E-05 0.0990903 0.0502176 0.0458679 0.0258512 0.778873
9.9991E-05 0.529013 0.0811148 0.0285754 0.179512 0.181685
0.138809 9.9964E-05 9.9964E-05 9.9964E-05 9.9964E-05 0.860791
0.153369 9.9973E-05 0.0518269 9.9973E-05 9.9973E-05 0.794504
9.9973E-05 0.181336 9.9973E-05 0.000466259 9.9973E-05 0.817898
9.9982E-05 0.388327 0.0284376 9.9982E-05 0.00258321 0.580453
9.9991E-05 0.545887 0.106386 0.029526 0.0804271 0.237673
0.029802 0.468987 0.0246765 0.0303686 0.0127647 0.433401
9.9991E-05 0.00341683 0.125114 0.0891815 0.0605179 0.72167
9.9982E-05 0.234446 0.238907 9.9982E-05 0.0331193 0.493328
9.9991E-05 0.508132 0.0761023 0.0965092 0.0708095 0.248347
9.9982E-05 0.189052 0.0414052 0.0494967 9.9982E-05 0.719846
9.9991E-05 0.359383 0.0503863 0.0460197 0.0313887 0.512723
0.111782 0.310721 9.9973E-05 9.9973E-05 9.9973E-05 0.577197
0.287881 9.9973E-05 9.9973E-05 9.9973E-05 0.00238319 0.709436
0.0258956 0.602937 9.9991E-05 0.0270636 0.0626811 0.281323
9.9982E-05 0.101894 0.0501125 0.00980631 0.837988 9.9982E-05
9.9964E-05 0.0845384 9.9964E-05 9.9964E-05 0.915062 9.9964E-05
9.9973E-05 0.0732331 9.9973E-05 0.060767 0.8657 9.9973E-05
0.0297153 0.0797466 9.9973E-05 9.9973E-05 0.890238 9.9973E-05
9.9982E-05 0.0454622 9.9982E-05 0.0470302 0.870925 0.0363829
0.0468005 0.06054 9.9982E-05 0.012163 0.880297 9.9982E-05
9.9973E-05 0.0772349 9.9973E-05 9.9973E-05 0.920874 0.00159156
9.9982E-05 0.436195 0.106946 9.9982E-05 0.197193 0.259466
0.0326152 0.49671 9.9991E-05 0.121299 0.121826 0.22745
0.0340751 9.9982E-05 0.0362595 9.9982E-05 0.0115206 0.917945
0.0197684 0.568642 0.0521131 0.0563346 0.074057 0.229085
9.9982E-05 0.418713 0.0393148 9.9982E-05 0.0408729 0.500899
0.0224577 0.595571 9.9991E-05 0.0138137 0.0642574 0.3038
0.0882114 0.606591 9.9982E-05 9.9982E-05 0.0385115 0.266487
9.9973E-05 0.339884 9.9973E-05 0.115243 9.9973E-05 0.544573
9.9973E-05 9.9973E-05 0.131135 9.9973E-05 0.0969062 0.771659
0.117198 0.616548 0.129707 0.0638898 0.0516884 0.0209684
0.0286628 0.67373 9.9991E-05 0.04663 0.0633958 0.187481
0.0204205 0.599052 0.160522 0.0858852 0.0868277 0.0472929
0.242368 0.303642 9.9982E-05 9.9982E-05 0.0126461 0.441144
0.0207241 0.455865 0.0159611 0.00823233 0.0127857 0.486432
9.9982E-05 0.487176 0.0205318 9.9982E-05 0.0538764 0.438216
0.0157871 0.271787 9.9982E-05 0.097402 9.9982E-05 0.614824
9.9982E-05 0.405966 0.101172 9.9982E-05 0.0628311 0.429831
0.067008 0.60741 0.184903 9.9991E-05 0.112565 0.0280142
0.303274 0.318923 0.334067 9.9982E-05 9.9982E-05 0.0435356
9.9991E-05 0.37858 0.347059 0.0973477 0.117455 0.0594584
0.0597061 0.676809 0.148301 9.9982E-05 0.114984 9.9982E-05
0.19376 0.609275 0.1236 9.9991E-05 0.0599724 0.0132929
0.0119214 0.464386 0.365282 9.9991E-05 0.0451683 0.113143
9.9982E-05 0.486848 0.263098 0.0674518 9.9982E-05 0.182402
9.9982E-05 0.500872 0.4182 9.9982E-05 0.0716385 0.0090894
0.143233 0.500846 0.178758 9.9991E-05 0.068315 0.108748
0.152354 0.432787 0.183535 0.0702271 0.0433446 0.117752
0.134134 0.636263 0.176635 9.9982E-05 9.9982E-05 0.052769
9.9973E-05 0.525767 0.369893 9.9973E-05 9.9973E-05 0.10404
0.196429 0.600246 0.127188 0.0438933 0.0321436 9.9991E-05
0.00297041 0.469639 0.18057 0.0699165 0.129601 0.147304
9.9973E-05 0.629585 0.241768 9.9973E-05 9.9973E-05 0.128347
0.190073 0.574562 0.15069 0.0071449 0.07743 9.9991E-05
9.9982E-05 0.546847 0.32862 0.122119 9.9982E-05 0.00221324
0.202661 0.413329 0.272133 0.0324375 0.0592911 0.0201483
9.9982E-05 0.622852 0.194481 0.0959743 9.9982E-05 0.0864929
0.116992 0.698512 0.162751 9.9982E-05 0.0215442 9.9982E-05
0.0362338 0.166254 0.450988 0.0883714 9.9991E-05 0.258054
0.392588 0.195482 0.255162 0.0320703 0.0244733 0.100224
0.0876269 0.513939 0.215895 0.0617155 9.9991E-05 0.120723
0.389974 0.100298 0.321363 9.9982E-05 9.9982E-05 0.188166
9.9991E-05 0.253676 0.396648 0.0354722 0.0326217 0.281482
0.0999881 0.41147 0.269561 9.9982E-05 9.9982E-05 0.218781
9.9982E-05 0.302369 0.40239 9.9982E-05 0.00331279 0.291728
0.0489968 0.22997 0.481613 0.0516425 9.9991E-05 0.187678
0.0623812 0.608616 0.0908203 0.045546 0.0619195 0.130717
0.054575 0.603818 0.183536 0.0317258 0.0120162 0.114329
0.0186917 0.3992 0.148888 0.100887 0.0648181 0.267515
0.30065 0.0270894 0.343518 0.110217 9.9991E-05 0.218426
0.0939748 0.539334 9.9991E-05 0.00775151 0.186258 0.172582
0.295676 0.453691 0.0483251 0.0999323 0.0299715 0.0724046
0.486924 0.0388485 0.149142 9.9991E-05 0.155622 0.169364
0.0692052 0.704806 0.0129784 9.9991E-05 0.139615 0.073295
0.287709 0.429736 9.9982E-05 9.9982E-05 0.124659 0.157696
0.158704 0.531706 0.095619 0.0398474 0.0941033 0.080021
0.342651 0.288885 0.0776289 9.9991E-05 0.104494 0.186241
0.462177 0.2524 0.0995459 9.9991E-05 0.0850623 0.100714
0.26995 0.480691 0.134787 9.9991E-05 0.0600621 0.05441
0.188618 0.550797 0.0800381 9.9991E-05 0.119136 0.0613114
0.20471 0.399748 0.111642 0.0804993 0.0712398 0.13216
0.43118 9.9991E-05 0.127765 0.18619 0.044633 0.210132
0.121129 0.620426 0.170867 0.0399401 0.0475386 9.9991E-05
0.359381 0.295069 0.119321 9.9982E-05 9.9982E-05 0.22603
0.260467 0.399484 0.129211 0.00228126 0.014815 0.193741
0.164912 0.553951 0.0715117 0.0436229 0.134362 0.0316403
0.250051 0.138479 0.0270586 0.285897 0.298414 9.9991E-05
0.383641 9.9973E-05 9.9973E-05 0.100499 0.51556 9.9973E-05
0.398454 9.9973E-05 9.9973E-05 0.136588 0.464658 9.9973E-05
0.208848 0.0696972 9.9982E-05 0.32505 0.396205 9.9982E-05
0.305351 0.631354 9.9973E-05 9.9973E-05 9.9973E-05 0.0629948
0.131314 0.663825 0.0517189 0.0356535 0.10349 0.0139989
9.9982E-05 0.287672 0.0547487 0.62675 9.9982E-05 0.0306294
9.9982E-05 0.333437 0.131979 0.444211 9.9982E-05 0.0901735
0.0143892 0.335453 0.0661713 0.386898 0.098201 0.0988878
0.451928 0.344489 0.0291544 9.9982E-05 9.9982E-05 0.174229
0.230896 0.462368 0.0857824 0.0467522 0.0771364 0.0970656
0.617057 0.277295 0.0434296 9.9991E-05 0.00248377 0.0596346
0.249252 0.614941 0.0983145 9.9991E-05 0.0241899 0.0132025
0.284832 0.469132 0.08136 9.9991E-05 0.0339855 0.130591
0.215011 0.595169 0.00118994 0.0196567 0.06862 0.100353
0.577252 0.255123 0.0768411 9.9982E-05 9.9982E-05 0.0905835
0.13466 0.604647 9.9991E-05 0.0838638 0.0934138 0.0833153
0.180573 0.539272 9.9991E-05 0.0365203 0.0898924 0.153642
9.9973E-05 0.0250636 9.9973E-05 0.947063 9.9973E-05 0.0275731
9.9973E-05 0.130083 0.0455161 0.824101 9.9973E-05 9.9973E-05
9.9991E-05 0.253833 0.0355305 0.605401 0.0343665 0.070769
9.9973E-05 0.342274 0.0064726 0.650954 9.9973E-05 9.9973E-05
9.9991E-05 0.148881 0.0340198 0.771701 0.0402806 0.00501781
9.996E-05 9.996E-05 9.996E-05 0.9995 9.996E-05 9.996E-05
9.9964E-05 9.9964E-05 0.0469513 0.952649 9.9964E-05 9.9964E-05
9.9964E-05 0.1476 9.9964E-05 0.852 9.9964E-05 9.9964E-05
9.9964E-05 9.9964E-05 0.0212686 0.978332 9.9964E-05 9.9964E-05
9.996E-05 9.996E-05 9.996E-05 0.9995 9.996E-05 9.996E-05
9.996E-05 9.996E-05 9.996E-05 0.9995 9.996E-05 9.996E-05
9.9991E-05 0.141512 0.00726347 0.733054 0.0758089 0.0422613
9.9982E-05 0.154721 0.025157 0.752152 0.0677701 9.9982E-05
9.9964E-05 9.9964E-05 9.9964E-05 0.985167 9.9964E-05 0.014433
9.9991E-05 0.293948 0.107467 0.404953 0.0456826 0.147849
9.9991E-05 0.226843 0.0419967 0.663427 0.0581036 0.00952934
0.0728525 0.129904 9.9982E-05 0.793395 0.00364803 9.9982E-05
9.9982E-05 0.0109404 0.052947 0.928404 9.9982E-05 0.00750832
9.9964E-05 0.0168344 9.9964E-05 0.982766 9.9964E-05 9.9964E-05
0.0193416 0.120252 9.9982E-05 0.836759 0.0234481 9.9982E-05
9.996E-05 9.996E-05 9.996E-05 0.9995 9.996E-05 9.996E-05
9.9991E-05 0.318461 0.0299929 0.562019 0.0665528 0.0228749
9.9973E-05 9.9973E-05 0.0163512 0.908472 9.9973E-05 0.0748769
0.615786 9.9973E-05 9.9973E-05 0.0477857 0.336129 9.9973E-05
0.20182 0.345957 0.115816 0.109655 0.0964871 0.130264
0.215351 0.445816 0.0908985 0.0321592 0.215675 9.9991E-05
0.470875 0.246743 9.9982E-05 0.0838861 0.198296 9.9982E-05
0.166944 0.597889 0.0088231 0.0428682 0.154914 0.028561
0.326809 0.0847904 9.9991E-05 0.175675 0.284899 0.127727
0.219952 0.3549 0.120724 0.0772036 0.175394 0.0518266
0.324629 0.321345 9.9991E-05 0.141309 0.192612 0.0200049
0.150583 0.488169 0.0340087 0.127199 0.149864 0.0501765
0.361363 0.294365 9.9982E-05 0.219549 0.124524 9.9982E-05
0.0547415 0.429257 0.0458413 0.112685 0.179548 0.177927
0.0743935 0.0497928 0.0680322 9.9982E-05 0.807582 9.9982E-05
0.0421609 9.9973E-05 9.9973E-05 0.0870727 0.870467 9.9973E-05
0.0311766 9.9982E-05 0.00857961 9.9982E-05 0.95549 0.00455373
9.9973E-05 0.00952497 0.0417036 9.9973E-05 0.948471 9.9973E-05
9.9982E-05 0.030034 0.0397104 0.0284295 0.901626 9.9982E-05
0.0327118 0.00837043 9.9991E-05 0.0614955 0.889292 0.00803012
9.9973E-05 0.00824308 9.9973E-05 0.111573 0.879884 9.9973E-05
0.111813 9.9973E-05 0.0301298 9.9973E-05 0.857757 9.9973E-05
9.9973E-05 0.0121844 9.9973E-05 9.9973E-05 0.94353 0.0439861
0.00978924 0.0578393 0.00199832 0.060212 0.870061 9.9991E-05
0.0261674 9.9982E-05 0.241772 9.9982E-05 0.587173 0.144688
9.9973E-05 9.9973E-05 0.322603 9.9973E-05 0.560683 0.116414
0.165683 9.9982E-05 0.24179 9.9982E-05 0.530259 0.0620682
0.0338465 9.9982E-05 0.348421 9.9982E-05 0.493997 0.123536
0.0251673 0.543242 0.110748 0.00612497 0.0217262 0.292991
0.00788562 0.516461 0.118247 0.03067 0.0200409 0.306695
0.0738034 0.486887 0.154761 0.0633318 9.9991E-05 0.221116
0.0582947 0.371235 0.226431 9.9991E-05 0.06606 0.277879
0.016803 0.0941254 0.635326 0.0548915 9.9991E-05 0.198754
9.9973E-05 0.619319 9.9973E-05 9.9973E-05 0.0828445 0.297537
0.0414893 0.600433 9.9973E-05 9.9973E-05 9.9973E-05 0.357778
0.106077 0.522902 0.0760607 0.000261352 9.9991E-05 0.294599
0.0518811 0.289957 9.9982E-05 0.0713362 9.9982E-05 0.586625
0.0413483 0.635249 0.105646 9.9991E-05 0.086916 0.13074
0.0174653 0.34264 0.117457 9.9991E-05 0.010335 0.512003
0.267453 9.9973E-05 0.0440821 9.9973E-05 9.9973E-05 0.688165
0.100508 0.426813 0.247718 0.00279024 0.0248357 0.197335
0.212238 0.236679 0.0246839 0.0151556 9.9991E-05 0.511144
0.078965 0.478864 0.0177258 0.0095296 9.9991E-05 0.414816
0.01733 0.0228723 0.154542 9.9991E-05 0.0470662 0.758089
0.170019 9.9973E-05 0.722227 9.9973E-05 0.107455 9.9973E-05
0.155967 0.0603626 0.682749 9.9982E-05 0.100722 9.9982E-05
0.18471 9.9973E-05 0.770366 9.9973E-05 0.0446246 9.9973E-05
0.108828 9.9982E-05 0.771988 9.9982E-05 0.107325 0.0116594
0.145867 0.0742671 0.770286 9.9982E-05 0.00938001 9.9982E-05
0.104721 0.0875438 0.703893 0.0273619 0.0763796 9.9991E-05
0.0193825 0.103735 9.9991E-05 0.0207972 0.852535 0.00345104
9.9982E-05 0.0555797 0.0995422 0.0678217 0.776856 9.9982E-05
9.9973E-05 0.116461 9.9973E-05 0.129525 0.753714 9.9973E-05
9.9982E-05 0.105389 0.0683852 0.0687047 0.757321 9.9982E-05
9.9982E-05 0.0984678 0.0603526 0.0634193 0.77756 9.9982E-05
0.108048 9.9973E-05 0.511565 9.9973E-05 0.380087 9.9973E-05
0.114816 9.9973E-05 0.437644 9.9973E-05 0.44724 9.9973E-05
0.0444402 9.9982E-05 0.434353 9.9982E-05 0.423626 0.0973808
9.9973E-05 0.146803 0.00101092 9.9973E-05 0.851886 9.9973E-05
0.102745 9.9982E-05 0.47691 9.9982E-05 0.387184 0.032961
0.18101 0.274599 9.9982E-05 0.355013 0.189178 9.9982E-05
0.00837409 0.538266 0.0586386 0.206724 0.114775 0.0732217
9.9973E-05 0.562807 9.9973E-05 0.229945 0.206948 9.9973E-05
0.075106 0.378638 0.0196235 0.219746 0.282978 0.0239087
0.0510777 0.548927 0.0789558 0.169953 0.107082 0.0440044
0.253057 9.9973E-05 9.9973E-05 0.307582 0.439061 9.9973E-05
0.141763 0.440929 0.337201 9.9982E-05 9.9982E-05 0.079907
0.229367 0.435614 0.226255 9.9991E-05 0.00971089 0.0989521
0.0183823 0.340132 0.533223 9.9991E-05 0.082797 0.0253657
0.229258 0.48402 0.169895 9.9982E-05 9.9982E-05 0.116628
0.687845 9.9973E-05 0.186785 9.9973E-05 9.9973E-05 0.12507
0.136713 0.550015 0.117053 0.0127925 0.129276 0.0541517
0.184474 0.441693 0.234959 9.9982E-05 9.9982E-05 0.138674
0.0421188 0.3602 0.439977 9.9991E-05 0.038538 0.119067
0.0159764 0.527587 0.0907767 0.125357 0.0470814 0.193222
0.378063 0.0880261 0.265447 9.9982E-05 9.9982E-05 0.268263
0.271996 0.484221 0.20145 0.0288832 9.9991E-05 0.0133502
0.0530663 0.5453 0.268639 0.0126701 9.9991E-05 0.120224
0.0810217 0.283823 0.133737 0.258449 0.0905182 0.152451
0.258695 0.435664 0.242927 9.9982E-05 9.9982E-05 0.0625144
0.16607 0.473597 0.275036 0.0106462 0.0120932 0.0625568
0.207347 0.414855 0.0974391 0.10754 9.9991E-05 0.172719
0.148367 0.52706 0.141054 9.9982E-05 9.9982E-05 0.183319
0.0190289 0.633121 0.132949 0.0521886 0.0414235 0.121288
9.9991E-05 0.549208 0.159585 0.0298535 0.128713 0.13254
0.143096 0.633753 0.0780431 9.9991E-05 0.0586685 0.0863385
9.9973E-05 0.143731 9.9973E-05 0.0589237 0.797046 9.9973E-05
9.9982E-05 0.0879183 9.9982E-05 0.0314238 0.848609 0.0318492
0.0807358 0.0329936 0.0780194 0.0281239 0.752776 0.0273512
9.9982E-05 0.0193886 9.9982E-05 0.0198047 0.836181 0.124425
9.9973E-05 0.147426 9.9973E-05 0.0187927 0.833482 9.9973E-05
0.085133 0.205289 0.526767 0.0346508 9.99967E-05 0.14806
0.108805 0.534618 0.132297 0.0221852 0.0237278 0.178367
0.0390544 0.32074 0.0783575 0.26769 0.181039 0.11312
0.0335536 0.690629 0.160728 0.0378334 0.0541789 0.0230775
9.9982E-05 0.446508 0.196955 9.9982E-05 0.088471 0.267866
0.292306 0.304255 0.31313 0.090109 9.9982E-05 9.9982E-05
0.106755 0.00963341 0.538967 9.9991E-05 0.139177 0.205367
9.9991E-05 0.567443 0.270899 0.018557 0.00304264 0.139959
0.0666525 0.166224 0.557913 0.0769417 0.0354312 0.0968373
0.181691 0.461307 0.0910673 9.9991E-05 0.0601088 0.205726
0.102301 0.113187 0.511823 9.9991E-05 0.136821 0.135769
0.126445 0.502162 0.167036 0.069742 0.113146 0.0214689
0.10304 0.207206 0.460643 9.9991E-05 0.0549012 0.17411
0.172992 0.321398 0.256049 0.0582462 0.0371725 0.154142
0.211815 0.527261 0.0866718 9.9991E-05 0.0824575 0.0916946
0.536652 0.341752 0.0879966 9.9982E-05 0.0333988 9.9982E-05
0.174914 0.577812 0.0162169 0.05899 0.0268643 0.145202
0.0955395 0.539428 0.0789995 0.108478 0.0728605 0.104695
0.49582 0.405287 0.0560524 9.9982E-05 9.9982E-05 0.0426406
0.149508 0.468913 0.165403 0.0288889 0.0836932 0.103593
0.2081 0.585031 9.9982E-05 9.9982E-05 0.097098 0.109572
0.718651 0.135269 0.0985405 9.9982E-05 9.9982E-05 0.0473393
0.640214 0.349503 9.9973E-05 9.9973E-05 9.9973E-05 0.00998288
0.379729 0.586786 0.0331852 9.9973E-05 9.9973E-05 9.9973E-05
0.500217 0.190824 0.130821 9.9982E-05 9.9982E-05 0.177939
0.287396 0.521544 0.114554 9.9982E-05 9.9982E-05 0.0763054
0.0274014 0.109312 0.562487 0.00879285 9.9991E-05 0.291906
0.293284 0.306513 0.322335 9.9982E-05 9.9982E-05 0.0776669
0.051061 0.29311 0.486067 0.0830367 9.9991E-05 0.0866258
9.9973E-05 0.677128 0.265177 9.9973E-05 0.0573957 9.9973E-05
9.9982E-05 0.2112 0.496258 0.0180039 9.9982E-05 0.274339
0.116222 0.508565 0.263372 0.0839699 0.027771 9.9991E-05
0.0687605 0.577131 0.144152 0.0431129 0.0935394 0.0733041
0.0613885 0.480654 0.295583 0.0684215 0.00464617 0.0893072
0.0713548 0.568397 0.228484 0.10327 9.9991E-05 0.0283946
9.9991E-05 0.380585 0.341853 0.10041 0.00569991 0.171352
0.0118962 0.152587 0.494542 0.132591 9.9991E-05 0.208284
0.0181926 0.330479 0.396703 0.109348 9.9991E-05 0.145177
0.0428965 0.644105 0.268132 0.0218682 9.9991E-05 0.0228985
0.0229153 0.700971 0.0935416 9.9991E-05 0.0656246 0.116847
0.200716 0.478841 0.274641 9.9982E-05 0.0456015 9.9982E-05
0.0444487 0.541723 0.272245 0.0672001 9.9991E-05 0.0742835
0.0425922 0.301225 0.46106 0.105283 0.0586314 0.0312071
0.00183409 0.567007 0.230086 0.0957579 9.9991E-05 0.105215
0.0562719 0.535932 0.305128 0.0272196 0.0319431 0.0435051
0.117224 0.448455 0.210679 0.0933876 0.0956328 0.0346213
0.016602 0.387038 9.9991E-05 0.0974501 0.375985 0.122824
0.0642333 0.46558 0.006156 0.146619 0.190233 0.127179
0.0671789 0.478017 0.0979956 0.114967 0.149935 0.0919061
0.0719798 0.673253 0.0791405 0.0580684 0.0571069 0.060452
9.9991E-05 0.458679 0.0607409 0.181151 0.209984 0.0893445
0.251762 0.554498 0.17484 0.00984104 9.9991E-05 0.00895928
0.129 0.44537 0.0570889 0.194227 0.174215 9.9991E-05
0.440734 0.0515018 9.9991E-05 0.136891 0.246673 0.124101
9.9991E-05 0.514115 0.174169 0.174698 0.122831 0.0140869
0.0645432 0.568738 0.0460399 0.0923265 0.140205 0.0881477
0.0734671 0.44935 0.0924074 0.292128 0.0313248 0.0613225
0.177468 0.386451 0.112905 0.0833796 0.234878 0.00491815
0.0417819 0.511862 9.9991E-05 0.189987 0.207343 0.0489265
0.195509 0.521255 0.004098 0.122012 0.157027 9.9991E-05
0.325657 9.9973E-05 9.9973E-05 0.187301 0.486742 9.9973E-05
0.0823644 0.4948 0.0391651 0.17047 0.124883 0.088318
0.154475 0.461289 9.9991E-05 0.240831 0.109919 0.0333859
0.0421587 0.491635 0.0595959 0.117081 0.110456 0.179073
0.0650513 0.60438 0.0092288 0.154658 0.166581 9.9991E-05
0.0276894 0.556824 0.0721717 0.0725451 0.209578 0.0611921
0.244491 0.532 0.0430969 0.00122479 0.0521616 0.127026
0.142596 0.54157 0.14658 0.0997314 0.0694217 9.9991E-05
0.570828 9.9973E-05 0.107851 9.9973E-05 9.9973E-05 0.32102
0.661885 0.0278929 0.0947915 9.9982E-05 9.9982E-05 0.215231
0.135459 0.511811 0.109956 0.123591 0.00181895 0.117365
0.164707 0.417483 9.9982E-05 0.311347 0.106263 9.9982E-05
0.229356 0.344054 9.9991E-05 0.3262 0.067748 0.0325417
0.309565 0.0824289 9.9991E-05 0.343285 0.177504 0.0871168
0.174465 0.353067 0.0522561 0.277141 0.142971 9.9991E-05
0.692322 0.222685 9.9982E-05 0.0268727 0.0579208 9.9982E-05
0.599692 0.285876 9.9982E-05 0.0588391 0.0553928 9.9982E-05
0.242665 0.544456 9.9991E-05 0.0931701 0.0264122 0.0931966
0.2696 0.444262 9.9991E-05 0.0982968 0.0309573 0.156784
0.558938 0.265751 0.0459648 0.0986553 0.0179564 0.0127354
0.197175 0.518935 0.030611 0.100302 0.0683693 0.0846079
0.283533 0.515595 0.0203691 0.0874395 9.9991E-05 0.0929642
0.202258 0.491623 0.00545886 0.114933 0.0625072 0.123219
0.392464 0.365811 0.0843717 9.9982E-05 9.9982E-05 0.157154
0.420373 0.433788 0.0597469 9.9982E-05 9.9982E-05 0.085892
0.234703 0.530359 0.0969519 0.074045 9.9991E-05 0.0638408
0.296902 0.455523 0.166939 9.9982E-05 9.9982E-05 0.0804365
0.148918 0.437057 0.0826841 0.0760594 0.086679 0.168603
0.471965 0.510303 9.9973E-05 9.9973E-05 9.9973E-05 0.0174314
0.617167 0.314506 0.0680267 9.9973E-05 9.9973E-05 9.9973E-05
0.25889 0.508351 9.9991E-05 0.0431874 0.0329143 0.156558
0.52044 0.258875 0.054636 9.9982E-05 9.9982E-05 0.165849
0.433503 0.521237 9.9982E-05 0.0235272 9.9982E-05 0.0215334
0.102119 0.575037 0.081314 0.0428391 0.034433 0.164258
0.261143 0.546837 9.9991E-05 0.0188774 0.0309993 0.142043
0.0843499 0.556181 0.00563157 0.119463 0.185543 0.0488307
0.175998 0.500066 0.0603936 0.0677069 0.195736 9.9991E-05
0.173807 0.392719 9.9982E-05 0.226962 0.206312 9.9982E-05
0.212646 0.355248 0.0556903 0.249295 0.12702 9.9991E-05
0.114335 0.429826 0.186783 0.184691 0.0842655 9.9991E-05
0.167431 0.463622 0.0601565 0.182595 0.114094 0.0121008
0.592541 9.9982E-05 0.0514299 0.191001 0.164828 9.9982E-05
0.100101 0.597323 0.0158824 0.168372 0.117591 0.000730951
0.511312 9.9973E-05 9.9973E-05 0.147026 0.341362 9.9973E-05
0.225492 0.507847 0.0233588 0.202063 9.9991E-05 0.0411391
0.584815 0.190417 9.9973E-05 9.9973E-05 9.9973E-05 0.224468
0.703799 9.9964E-05 9.9964E-05 9.9964E-05 9.9964E-05 0.295801
0.343161 0.509675 9.9973E-05 9.9973E-05 9.9973E-05 0.146865
0.209046 0.676055 9.9973E-05 9.9973E-05 9.9973E-05 0.114599
0.436975 0.479157 0.0171035 9.9982E-05 9.9982E-05 0.0665641
0.197796 0.497922 9.9973E-05 9.9973E-05 9.9973E-05 0.303982
0.280623 0.594325 0.011141 0.0196766 9.9991E-05 0.0941353
9.9991E-05 0.055869 0.0622948 0.0826207 0.786326 0.012789
9.9973E-05 9.9973E-05 0.180633 0.114618 0.704449 9.9973E-05
9.9973E-05 9.9973E-05 0.0372962 0.107045 0.855359 9.9973E-05
9.9964E-05 0.0594806 9.9964E-05 9.9964E-05 0.94012 9.9964E-05
0.00236457 0.475046 0.0185053 0.0493154 0.0461137 0.408655
9.9991E-05 0.400636 0.0249778 0.0129379 0.0914968 0.469852
9.9991E-05 0.471165 0.0583968 0.00843193 0.00248041 0.459426
0.0284949 0.500646 9.9991E-05 0.0229539 0.125173 0.322632
0.005173 0.420204 0.0597211 0.0917764 0.139117 0.284009
0.0880758 0.20277 0.0636498 9.9991E-05 0.0260995 0.619305
9.9982E-05 0.594032 9.9982E-05 0.0130385 0.0337057 0.359024
0.206169 0.307212 9.9973E-05 9.9973E-05 9.9973E-05 0.486319
0.0327853 0.528101 0.0667456 0.133601 0.238667 9.9991E-05
0.0868805 0.454657 9.9982E-05 0.0513728 9.9982E-05 0.40689
9.9991E-05 0.28076 0.036705 0.00291482 0.054859 0.624661
9.9973E-05 0.527076 0.11757 9.9973E-05 9.9973E-05 0.355054
9.9973E-05 0.419778 0.0873291 9.9973E-05 9.9973E-05 0.492593
0.0745147 0.579411 9.9973E-05 9.9973E-05 9.9973E-05 0.345775
0.0300442 0.513656 9.9982E-05 9.9982E-05 0.0669771 0.389123
0.0775312 9.9964E-05 9.9964E-05 9.9964E-05 9.9964E-05 0.922069
0.191763 0.231883 9.9982E-05 0.00395133 9.9982E-05 0.572203
0.0834702 0.321002 0.0141394 0.0060717 0.0087716 0.566545
0.351088 9.9964E-05 9.9964E-05 9.9964E-05 9.9964E-05 0.648512
9.9973E-05 0.4189 0.217224 9.9973E-05 9.9973E-05 0.363577
0.375877 0.0990744 9.9973E-05 9.9973E-05 9.9973E-05 0.524749
0.305447 9.9964E-05 9.9964E-05 9.9964E-05 9.9964E-05 0.694153
9.9982E-05 0.583836 9.9982E-05 0.00478548 0.0446585 0.36652
9.9982E-05 0.132799 0.0505846 9.9982E-05 0.0677138 0.748703
9.9982E-05 0.360266 0.0592603 0.0558326 9.9982E-05 0.524441
0.0309224 0.667804 0.0354156 0.0119458 0.0359458 0.217966
9.9973E-05 0.495799 0.076375 9.9973E-05 9.9973E-05 0.427527
0.198579 0.288267 0.328206 0.0961626 9.9991E-05 0.0886856
0.00184519 0.457956 0.0806515 0.0719022 9.9991E-05 0.387545
9.9982E-05 0.443092 0.0871901 9.9982E-05 0.0502912 0.419227
0.112445 0.255475 9.9973E-05 9.9973E-05 9.9973E-05 0.631781
0.0223659 0.459012 0.0719259 0.0504637 0.0767638 0.319468
0.0388267 0.0328365 0.303755 9.9982E-05 0.624382 9.9982E-05
0.0708135 0.0568041 0.105649 9.9991E-05 0.729732 0.0369012
0.0554255 9.9973E-05 0.118011 9.9973E-05 0.826264 9.9973E-05
0.0673284 9.9982E-05 0.140991 9.9982E-05 0.789802 0.00167848
9.9973E-05 9.9973E-05 0.229296 9.9973E-05 0.712324 0.0580794
9.9982E-05 9.9982E-05 0.0403273 0.0672414 0.0449865 0.847245
0.106787 0.0956285 0.0756274 9.9991E-05 0.0868749 0.634982
0.123901 0.0774895 9.9982E-05 0.00192406 9.9982E-05 0.796486
0.0708282 0.437255 9.9991E-05 0.078814 0.10543 0.307573
0.0219506 0.652696 0.0406713 9.9991E-05 0.150081 0.134501
0.130201 0.204219 9.9991E-05 0.054316 0.0350643 0.5761
0.128852 0.59908 0.0163284 0.050219 9.9991E-05 0.205421
0.0743562 0.402973 9.9991E-05 0.054949 0.042245 0.425376
0.0524628 0.555825 0.0559648 9.9991E-05 0.0122511 0.323396
0.00946714 0.539313 0.035191 0.0663842 0.0011404 0.348504
0.00608378 0.218221 0.0869597 0.0359627 9.9991E-05 0.652673
9.9973E-05 0.264598 9.9973E-05 0.0303241 9.9973E-05 0.704778
9.9973E-05 0.27627 0.102986 9.9973E-05 9.9973E-05 0.620444
0.135831 0.64088 0.0318134 9.9991E-05 0.146426 0.0449495
9.9973E-05 0.311726 9.9973E-05 9.9973E-05 0.0310417 0.656932
0.0489191 0.417337 0.0522121 0.0159756 0.0360949 0.429462
0.0695618 0.433802 0.0391476 0.420632 0.0198299 0.017027
9.9982E-05 0.341128 9.9982E-05 0.447636 0.149733 0.0613034
0.0234895 0.490502 9.9982E-05 0.381833 0.103975 9.9982E-05
0.0831149 0.324673 9.9982E-05 0.411183 0.180828 9.9982E-05
0.0269946 0.532302 0.0157265 0.233573 0.181762 0.00964175
0.117793 0.365417 9.9991E-05 0.0713993 0.0978545 0.347436
9.9982E-05 0.0849515 9.9982E-05 0.611922 0.298177 0.00475004
0.0182267 0.371697 9.9991E-05 0.428385 0.173599 0.00799171
0.259752 0.431916 9.9991E-05 0.109704 0.119134 0.0793935
0.200569 0.580271 0.0164555 9.9991E-05 0.190804 0.0118
0.283432 0.385781 0.0480574 0.0856618 0.110901 0.0861666
0.118361 0.618514 0.145559 0.0160774 0.0697713 0.0317171
0.266064 0.577112 0.0814235 9.9987E-05 0.0752008 9.9987E-05
0.0307534 0.385237 9.9982E-05 0.340957 0.242853 9.9982E-05
9.9991E-05 0.369253 0.0520471 0.314567 0.193109 0.0709244
9.9973E-05 0.479449 9.9973E-05 0.455141 0.0651097 9.9973E-05
0.0455737 0.416959 0.100105 0.309731 0.106333 0.0212985
0.0618643 0.337765 9.9982E-05 0.45067 0.149501 9.9982E-05
0.0599846 0.379238 0.0345645 0.37267 0.153444 9.9991E-05
0.107456 0.226342 9.9982E-05 0.551798 0.114203 9.9982E-05
9.9991E-05 0.345613 0.116062 0.405909 0.0660484 0.066268
0.314485 0.524897 0.0119052 0.0137825 0.0577933 0.0771373
0.0685617 0.397164 0.0673842 0.286802 0.17021 0.00987773
0.0310498 0.203881 9.9982E-05 0.607733 0.157136 9.9982E-05
0.0437042 0.409623 0.0762965 0.248584 0.161266 0.0605266
0.292822 0.198746 0.188242 9.9991E-05 0.175445 0.144645
0.176128 0.568477 0.100659 0.112287 9.9991E-05 0.0423487
0.0590572 0.367646 0.0389697 0.248518 0.217902 0.0679067
0.151081 0.614814 0.0636994 0.0562608 0.114045 9.9991E-05
0.149207 0.516302 0.0784685 0.00392093 0.166029 0.0860725
0.0810534 0.336657 0.0355201 0.180459 0.207826 0.158486
0.165657 0.269474 0.0530366 0.312049 0.18515 0.0146329
0.153709 0.636661 9.9991E-05 0.0835543 0.0983229 0.0276528
0.0430074 0.3396 9.9991E-05 0.434704 0.0585225 0.124065
0.00837165 0.452704 9.9982E-05 0.460216 0.0785085 9.9982E-05
0.0943981 0.185113 9.9982E-05 0.522222 0.198067 9.9982E-05
0.211918 0.630929 0.000884242 0.0200773 0.136091 9.9991E-05
0.243717 0.501521 0.109882 9.9991E-05 0.109522 0.0352582
0.607083 0.244109 0.0170783 9.9982E-05 0.131529 9.9982E-05
0.0681905 0.542778 0.117381 0.0765463 0.118144 0.0769604
0.156279 0.355051 0.241805 0.0493042 0.0927796 0.10478
0.217334 0.499596 9.9991E-05 0.0673021 0.162051 0.0536169
0.25513 0.446493 0.0810162 0.101105 0.0500343 0.0662213
0.517191 9.9973E-05 9.9973E-05 0.188041 0.294468 9.9973E-05
0.602225 9.9973E-05 9.9973E-05 0.0772919 0.320183 9.9973E-05
0.361234 0.318197 0.0588711 0.0686091 0.192989 9.9991E-05
0.413694 0.064708 9.9991E-05 0.189728 0.330983 0.000786414
0.391933 9.9973E-05 9.9973E-05 0.214969 0.392798 9.9973E-05
0.314425 0.264134 0.0321021 0.202955 0.0949896 0.0913949
0.257413 0.417211 9.9982E-05 0.0995391 0.225637 9.9982E-05
0.267594 0.26921 0.0354697 0.108413 0.29205 0.0272645
0.439154 0.0947102 9.9982E-05 0.178753 0.287183 9.9982E-05
0.15912 0.482939 0.0673917 0.103422 0.111954 0.0751734
0.408645 0.185427 9.9991E-05 0.133668 0.192642 0.0795179
0.550239 9.9973E-05 9.9973E-05 0.0374955 0.411965 9.9973E-05
0.091481 0.519278 0.128739 0.169021 0.077546 0.0139352
0.211028 0.331407 9.9982E-05 0.241764 0.215601 9.9982E-05
9.9991E-05 0.391711 0.0163676 0.131177 0.328988 0.131656
9.9982E-05 0.693572 9.9982E-05 0.110563 0.188375 0.00728976
0.014254 0.522977 9.9991E-05 0.15928 0.173332 0.130056
0.040886 0.47055 9.9991E-05 0.234224 0.226422 0.0278182
0.0593612 0.357302 0.0426954 0.193664 0.346877 9.9991E-05
0.110685 0.561127 9.9982E-05 0.13513 0.192858 9.9982E-05
9.9991E-05 0.372629 0.0767779 0.325667 0.210162 0.014664
0.21957 0.286715 9.9991E-05 0.199802 0.243324 0.0504887
0.0233997 0.214111 0.13652 0.196768 0.156428 0.272774
9.9991E-05 0.480912 0.0502935 0.108582 0.220334 0.139778
0.0178208 0.566147 9.9991E-05 0.0936078 0.195324 0.127
0.061206 0.463112 0.0123724 0.130686 0.100827 0.231797
0.032241 0.38544 9.9982E-05 0.29636 0.28576 9.9982E-05
0.0411662 0.59432 0.0289554 0.0840602 0.243368 0.00812997
0.215329 0.212398 9.9982E-05 0.185537 0.386537 9.9982E-05
0.0498869 0.558098 0.0305213 0.179587 0.181806 9.9991E-05
0.168842 0.267641 9.9982E-05 0.27834 0.284977 9.9982E-05
0.0432698 9.9982E-05 0.083439 9.9982E-05 0.806395 0.0666965
9.9982E-05 0.0617613 0.808293 0.0318296 0.0979164 9.9982E-05
9.9964E-05 9.9964E-05 0.972708 9.9964E-05 0.0268917 9.9964E-05
9.9973E-05 0.00689433 0.961008 9.9973E-05 0.0317979 9.9973E-05
9.9964E-05 0.0395426 0.960058 9.9964E-05 9.9964E-05 9.9964E-05
9.9964E-05 0.0670198 0.93258 9.9964E-05 9.9964E-05 9.9964E-05
9.9964E-05 0.0908303 0.90877 9.9964E-05 9.9964E-05 9.9964E-05
9.9964E-05 9.9964E-05 0.960168 9.9964E-05 0.039432 9.9964E-05
9.9973E-05 9.9973E-05 0.797167 0.00749219 0.19504 9.9973E-05
0.0253733 0.0522987 9.9991E-05 0.0247054 0.888392 0.00913085
9.9973E-05 0.076938 0.173481 9.9973E-05 0.749281 9.9973E-05
9.9982E-05 0.0571457 0.0246276 0.0280033 0.890023 9.9982E-05
0.0569659 0.0156249 0.119613 9.9982E-05 0.807596 9.9982E-05
9.9982E-05 9.9982E-05 0.0159261 0.0669008 0.897237 0.0197363
9.9982E-05 9.9982E-05 0.0448743 0.0284771 0.890869 0.0355794
9.9991E-05 0.0231685 0.0586157 0.174736 0.734801 0.00857803
9.9982E-05 0.0126371 9.9982E-05 0.0928272 0.863547 0.0307883
0.0244017 9.9991E-05 0.189065 0.0517589 0.688171 0.0465042
9.9973E-05 9.9973E-05 9.9973E-05 0.0798543 0.912493 0.00735269
0.00557651 0.0560683 0.020622 9.9982E-05 0.917533 9.9982E-05
0.0310427 0.00268801 0.0600997 0.0789335 0.785429 0.0418073
9.9964E-05 9.9964E-05 0.0595581 9.9964E-05 0.940042 9.9964E-05
9.9973E-05 0.0912096 0.0181116 9.9973E-05 0.890379 9.9973E-05
9.9973E-05 0.12448 9.9973E-05 0.0162848 0.858935 9.9973E-05
9.9973E-05 0.0920216 9.9973E-05 0.0430049 0.864674 9.9973E-05
9.9973E-05 0.106771 9.9973E-05 0.128359 0.764571 9.9973E-05
9.9973E-05 0.189808 9.9973E-05 0.0197839 0.790109 9.9973E-05
9.9982E-05 0.14168 9.9982E-05 0.0328718 0.821943 0.00330455
0.312667 0.447223 0.117026 9.9982E-05 0.122884 9.9982E-05
0.158263 0.643527 0.0625074 9.9991E-05 0.0394416 0.0961605
0.0547714 0.600418 0.0943939 0.0612643 0.130189 0.0589635
0.711676 0.210547 9.9982E-05 9.9982E-05 0.0328688 0.0447073
0.221892 0.533947 0.08326 0.0498049 0.0826833 0.0284134
0.706246 0.112631 9.9973E-05 9.9973E-05 0.180823 9.9973E-05
0.175867 0.685657 9.9973E-05 9.9973E-05 0.138176 9.9973E-05
0.221713 0.412994 0.140561 9.9991E-05 0.0797023 0.14493
0.229226 0.51476 9.9982E-05 9.9982E-05 0.100709 0.155105
9.9991E-05 0.347484 0.0521334 0.0890374 0.0450198 0.466226
0.287236 0.46391 0.0412937 9.9991E-05 0.101115 0.106345
0.18044 0.639104 9.9991E-05 0.0127281 0.0979079 0.0697205
0.105329 0.568638 0.191113 9.9991E-05 0.0602511 0.0745696
0.279932 0.0694544 0.491894 0.0514583 9.9991E-05 0.107161
0.83456 0.0360549 0.129085 9.9973E-05 9.9973E-05 9.9973E-05
0.649697 0.226077 0.0839337 9.9982E-05 0.0400917 9.9982E-05
0.170943 0.646506 0.0646901 0.0173277 0.100434 9.9991E-05
0.245423 0.604617 0.0671344 9.9991E-05 0.0768123 0.00591368
0.209603 0.543804 9.9982E-05 9.9982E-05 0.147207 0.0991862
0.235864 0.637077 0.0220105 0.0690548 0.0358944 9.9991E-05
0.14775 0.440307 0.0382879 0.207316 0.138133 0.0282059
0.0623605 0.600516 9.9982E-05 0.15733 0.179593 9.9982E-05
0.168969 0.125345 0.151558 0.152042 0.36259 0.0394954
0.0415739 0.62578 0.0893288 9.9991E-05 0.14628 0.0969373
0.0698143 0.384826 0.132066 0.142052 0.183119 0.0881223
0.398148 9.9973E-05 9.9973E-05 0.18815 0.413402 9.9973E-05
0.179423 0.318417 9.9982E-05 0.221418 0.280541 9.9982E-05
0.11622 0.298249 0.0391738 0.142642 0.339758 0.0639571
9.9991E-05 0.445604 0.1136 0.0812231 0.284818 0.0746548
0.0728295 0.564042 0.123277 0.162624 0.0771271 9.9991E-05
0.0197091 0.504282 9.9991E-05 0.205528 0.210463 0.0599174
0.0169155 0.665506 0.0316244 0.100654 0.133908 0.0513924
0.156585 0.513933 9.9982E-05 0.119267 0.210015 9.9982E-05
9.9982E-05 0.329361 9.9982E-05 0.127056 0.471338 0.072044
