9.9973E-05 0.911966 0.045047 9.9973E-05 9.9973E-05 0.0426871
0.0178046 0.933905 9.9982E-05 0.0362657 9.9982E-05 0.0118246
9.9982E-05 0.831699 0.0360839 9.9982E-05 0.112147 0.0198702
9.9982E-05 0.761134 0.0920095 9.9982E-05 0.0170447 0.129612
0.0121016 0.880977 0.0176263 9.9991E-05 0.0886803 0.000515186
0.155698 0.633382 9.9991E-05 0.0895441 0.107408 0.0138678
0.114771 0.853909 9.9973E-05 0.0310203 9.9973E-05 9.9973E-05
0.143442 0.725948 0.0152572 9.9991E-05 0.0354983 0.0797548
0.0930541 0.812538 9.9982E-05 0.0122464 9.9982E-05 0.081961
0.100202 0.734817 0.0199187 9.9991E-05 0.14289 0.0020717
0.110355 0.729684 9.9991E-05 0.0340843 0.0531455 0.0726312
0.00582419 0.0028992 0.085602 0.291612 0.182612 0.431451
0.0275557 0.0647889 0.0553684 0.0249448 0.556186 0.271156
0.158814 0.0150845 0.0957743 0.132732 0.196972 0.400623
9.9991E-05 0.0577211 0.18875 0.247917 0.24321 0.262302
0.119498 0.144639 0.0793348 0.0498094 0.433126 0.173593
9.999E-05 0.145337 0.0914201 0.0788234 0.560982 0.123338
0.0617403 0.0122479 0.0656007 0.269707 0.398059 0.192645
9.999E-05 0.173382 0.0846005 0.219805 0.25356 0.268554
0.156084 0.0418569 0.0627211 0.138867 9.9991E-05 0.60037
0.10587 0.0290497 0.0827219 0.215378 0.331291 0.235691
0.23526 0.000356485 0.0562947 0.0725781 0.480839 0.154672
0.0517258 9.9991E-05 0.0655821 0.133476 0.545461 0.203656
0.0341293 0.0176171 0.0968412 0.269793 0.271986 0.309634
0.0483004 0.0624319 0.0768469 0.0694343 0.587692 0.155294
9.9982E-05 9.9982E-05 0.138419 0.137628 0.474163 0.24959
0.00199295 0.0104374 0.164943 0.249422 0.119037 0.454168
0.0351783 9.9991E-05 0.213865 0.214585 0.168019 0.368253
0.14686 0.0276095 0.0169558 0.217358 0.199579 0.391637
9.9973E-05 0.809982 0.0412049 9.9973E-05 0.148513 9.9973E-05
9.9964E-05 0.830336 9.9964E-05 9.9964E-05 0.169264 9.9964E-05
9.9982E-05 0.812295 0.00995411 0.0320805 0.145471 9.9982E-05
9.9982E-05 0.757921 0.0726866 0.0511392 0.118054 9.9982E-05
0.0912127 0.0146887 9.9991E-05 0.205232 0.590671 0.0980952
9.999E-05 0.143405 0.0575013 0.32589 0.423684 0.0494202
0.0519835 0.0720599 9.9982E-05 0.311078 0.564679 9.9982E-05
0.0242736 0.0858179 0.0352849 0.172522 0.14764 0.534462
0.0176943 9.9982E-05 0.0835157 0.61918 0.27941 9.9982E-05
9.9991E-05 0.0719802 0.0755563 0.260758 0.482071 0.109535
0.04928 0.0338689 0.0131986 0.153902 0.695258 0.0544918
0.195829 0.0655377 0.0370251 0.0155653 0.575544 0.110499
0.0858282 0.0833038 0.00633336 0.122668 0.60954 0.0923261
9.9982E-05 0.0177496 9.9982E-05 0.710338 0.123494 0.148219
0.165597 0.0157392 0.0937412 0.164109 0.540217 0.0205965
0.122686 0.0993465 0.0379927 0.147705 0.59217 9.9991E-05
0.0911713 0.127551 0.0988519 0.14012 0.460864 0.0814418
0.0689236 9.9973E-05 9.9973E-05 0.595412 0.335365 9.9973E-05
0.0317247 0.0564697 0.0230923 0.198283 0.656602 0.0338277
0.0472762 0.145286 9.9982E-05 0.261379 0.545859 9.9982E-05
0.297972 0.0675026 9.9973E-05 0.634225 9.9973E-05 9.9973E-05
0.120309 9.9982E-05 9.9982E-05 0.269099 0.165641 0.444751
0.40384 0.0165678 0.0188715 0.241216 0.0894756 0.230029
0.0394572 0.125885 0.0730814 0.0555321 0.552306 0.153738
0.153296 0.0348254 0.0682101 9.9991E-05 0.641834 0.101735
0.151999 0.0432167 0.0687278 9.9991E-05 0.621713 0.114244
0.11998 0.0793034 9.9991E-05 0.265725 0.204237 0.330654
0.100883 0.0160923 9.9991E-05 0.148002 0.513002 0.221921
0.0963412 0.0323597 0.104433 0.0983773 0.576249 0.0922401
0.065083 0.153365 0.00574862 0.253891 0.296948 0.224964
0.209441 0.197431 0.0653126 0.202566 0.0237244 0.301526
0.0767068 0.0899594 9.9991E-05 0.192979 0.553964 0.0862909
0.0813176 0.0400976 0.140082 0.15747 0.366114 0.214919
0.161544 0.0535956 9.9982E-05 0.300278 9.9982E-05 0.484383
0.174205 0.000885361 0.0834556 0.0578513 0.464747 0.218855
0.152856 0.00615769 0.0647155 0.124307 0.630392 0.0215717
0.0675236 0.0865376 9.9991E-05 0.102345 0.66322 0.0802737
0.145261 0.00379378 0.114406 0.248285 0.236468 0.251787
0.139158 9.9991E-05 0.0713818 0.164404 0.444647 0.180309
0.0782274 0.116991 9.9991E-05 0.0671292 0.577851 0.159702
0.217859 0.0204096 9.9991E-05 0.164016 0.245192 0.352424
9.9973E-05 9.9973E-05 9.9973E-05 0.341028 0.581449 0.0772239
9.9982E-05 0.0119398 9.9982E-05 0.784355 0.174117 0.0293879
0.0600129 0.0706411 0.019303 0.160682 0.571022 0.118339
0.128056 9.9964E-05 9.9964E-05 0.871544 9.9964E-05 9.9964E-05
0.135158 9.9964E-05 9.9964E-05 0.864442 9.9964E-05 9.9964E-05
0.00351039 9.9973E-05 9.9973E-05 0.727646 0.268544 9.9973E-05
9.9973E-05 9.9973E-05 9.9973E-05 0.505219 0.422363 0.0721181
0.12739 0.125154 9.9991E-05 0.10322 0.60123 0.0429053
9.9991E-05 0.0239037 0.0357114 0.558443 0.366481 0.0153615
9.9991E-05 0.050854 0.020231 0.721102 0.0986488 0.109064
9.9991E-05 0.0686919 0.0142299 0.534113 0.182293 0.200572
0.0213568 0.0424347 0.124483 0.300674 0.455511 0.0555403
9.9991E-05 0.0428167 0.0536918 0.63055 0.260114 0.0127285
9.9991E-05 0.0410647 0.0522398 0.475155 0.384588 0.0468528
0.0773941 9.9973E-05 9.9973E-05 0.540845 0.381461 9.9973E-05
0.257062 0.00470256 9.9982E-05 0.690487 9.9982E-05 0.0475483
0.00318046 9.9991E-05 0.0328226 0.271382 0.586028 0.106487
9.9982E-05 0.771105 0.0281872 9.9982E-05 0.0961951 0.104313
9.9973E-05 0.882295 9.9973E-05 0.00678436 0.11062 9.9973E-05
9.9982E-05 0.856031 0.0546281 9.9982E-05 0.0667947 0.0223458
0.0208105 0.899858 0.00716209 9.9982E-05 0.0719695 9.9982E-05
9.9973E-05 0.880301 0.00293664 9.9973E-05 0.116462 9.9973E-05
0.0349385 0.877612 0.0544375 9.9982E-05 0.0328118 9.9982E-05
9.9973E-05 0.919618 0.0181683 9.9973E-05 0.0619138 9.9973E-05
9.9991E-05 0.15116 0.0641042 0.29723 0.467003 0.0204024
9.9991E-05 0.0187736 0.0813771 0.334386 0.527709 0.0376542
0.0243511 0.0228147 9.9991E-05 0.827693 0.0588845 0.0661568
0.0156406 0.1194 0.0128115 0.22055 0.619763 0.0118356
9.9991E-05 0.0123616 0.0324129 0.455358 0.37698 0.122788
0.0896902 0.0373858 0.0423474 0.314416 0.516061 9.9991E-05
0.0452775 0.0403668 9.9991E-05 0.391999 0.511748 0.0105083
9.9982E-05 0.00692438 0.0680757 0.508268 0.416532 9.9982E-05
9.9973E-05 0.0583506 9.9973E-05 0.802872 9.9973E-05 0.138477
0.0679328 0.177724 9.9991E-05 0.150515 0.534744 0.068984
9.9991E-05 0.101402 0.00425338 0.201859 0.645048 0.0473373
9.9991E-05 0.138137 0.0916478 0.111278 0.575783 0.0830543
0.121895 0.0160696 0.0420494 0.592429 0.227457 9.9991E-05
0.0274154 0.0385487 9.9982E-05 0.455979 0.477857 9.9982E-05
0.0229731 0.032326 9.9991E-05 0.426066 0.466633 0.0519022
9.9973E-05 9.9973E-05 0.127646 0.637142 0.234912 9.9973E-05
9.9982E-05 0.104204 9.9982E-05 0.380809 0.405256 0.109531
9.9982E-05 0.235411 9.9982E-05 0.247372 0.511325 0.00569151
0.207354 0.0302228 0.0292083 0.174774 0.255135 0.303307
0.0774322 0.119574 0.00512322 0.0103242 0.488618 0.298929
0.0575327 0.124079 0.0490832 0.114936 0.531004 0.123366
9.9991E-05 0.0924766 0.0433865 0.140424 0.598925 0.124688
0.108532 0.0149494 9.9991E-05 0.0747787 0.522852 0.278788
0.0383018 0.0170033 9.9991E-05 0.0687718 0.560593 0.31523
0.0631342 9.9973E-05 9.9973E-05 9.9973E-05 0.553728 0.382838
0.0880439 0.0816276 9.9991E-05 0.0879578 0.580841 0.16143
0.0877063 9.9991E-05 0.127258 0.09545 0.518273 0.171213
0.0350476 0.0287805 9.9991E-05 0.0844166 0.63895 0.212705
0.0598019 9.9991E-05 0.0179501 0.0631767 0.499705 0.359266
0.0827841 9.9982E-05 0.020166 9.9982E-05 0.668955 0.227895
0.215329 0.0241117 0.110578 0.0225547 0.448415 0.179011
9.9982E-05 9.9982E-05 0.0853412 0.126849 0.56201 0.2256
0.123443 9.9982E-05 0.104278 9.9982E-05 0.607084 0.164995
0.0784447 9.9991E-05 0.132544 0.108174 0.48251 0.198228
0.23173 0.114537 9.9982E-05 9.9982E-05 0.435126 0.218407
0.0709344 9.9991E-05 0.0293683 0.103819 0.593845 0.201934
0.17536 9.9982E-05 0.0349983 9.9982E-05 0.696652 0.0927896
0.071303 0.0547409 0.092758 0.166353 0.189233 0.425612
0.302588 0.00551655 0.0627882 0.193913 0.167777 0.267417
0.0307893 0.0821821 0.00149797 0.187716 0.487967 0.209848
0.411881 9.9991E-05 0.0686832 0.177209 0.0594111 0.282716
0.0826062 0.0649853 0.00661613 0.171125 0.287591 0.387076
0.0942832 9.9982E-05 9.9982E-05 0.239298 0.443369 0.22285
9.9982E-05 0.0722921 9.9982E-05 0.142014 0.339497 0.445996
0.0880354 0.00965136 9.9991E-05 0.191508 0.297199 0.413507
0.0373339 0.0949866 9.9991E-05 0.0271636 0.711942 0.128474
0.0508046 0.121554 0.0763487 0.0280208 0.63266 0.0906126
0.0248955 0.029033 0.0678208 0.172186 0.462428 0.243637
0.321097 9.9991E-05 0.0419209 0.150651 0.163866 0.322366
0.101733 0.180672 9.9991E-05 0.192315 0.50633 0.0188493
0.193868 9.9991E-05 0.071523 0.0567194 0.534944 0.142846
0.530808 0.158379 9.9982E-05 0.203845 9.9982E-05 0.106768
0.0859453 0.0963392 9.9982E-05 0.122939 0.694576 9.9982E-05
0.304322 0.0676334 0.0612337 0.254467 0.258904 0.0534394
0.193564 0.0740731 0.0726561 0.105827 0.477819 0.0760613
0.379997 0.113558 9.9991E-05 0.109716 0.302223 0.0944062
0.507407 0.0607175 9.9991E-05 0.112814 0.193158 0.125803
0.288266 0.0237064 9.9991E-05 0.0825994 0.447959 0.157369
0.187317 0.0777713 9.9991E-05 0.061256 0.59248 0.0810751
0.19442 0.167931 9.9991E-05 0.102329 0.458268 0.0769527
0.400471 0.056556 0.169212 0.309664 9.9991E-05 0.0639969
0.141808 0.115068 9.9991E-05 0.0568031 0.634786 0.0514352
0.306868 9.9982E-05 9.9982E-05 0.246837 0.369864 0.0762311
0.197373 9.9982E-05 9.9982E-05 0.256644 0.503916 0.0418674
0.0847899 0.0928414 0.0758419 0.0375747 0.544267 0.164685
0.248845 0.308504 0.263619 9.9982E-05 0.178832 9.9982E-05
0.356698 0.495323 0.147679 9.9973E-05 9.9973E-05 9.9973E-05
0.429318 0.43402 0.136362 9.9973E-05 9.9973E-05 9.9973E-05
0.20759 0.364333 0.330486 9.9991E-05 0.039825 0.0576657
0.188943 0.00344739 9.9982E-05 0.096475 0.710935 9.9982E-05
0.131662 0.0830316 0.0203972 0.245392 0.463098 0.0564194
9.9982E-05 9.9982E-05 0.724092 0.0321772 0.209273 0.0342577
9.9982E-05 9.9982E-05 0.482166 0.19047 0.274133 0.0530313
0.0559229 0.109518 0.395281 0.00504929 0.393367 0.0408622
0.535449 9.9973E-05 9.9973E-05 0.047336 0.416915 9.9973E-05
0.215297 0.0810759 0.0356898 0.0596969 0.512646 0.0955952
0.652609 9.9982E-05 0.0121927 0.0691162 0.265883 9.9982E-05
0.242269 0.0529194 9.9982E-05 0.160249 0.544362 9.9982E-05
0.320237 9.9991E-05 0.0153018 0.17131 0.454293 0.0387581
0.35141 9.9991E-05 0.0588373 0.0645526 0.511809 0.0132904
0.570175 9.9991E-05 0.00370587 0.0688336 0.266281 0.0909045
0.142322 0.0455961 0.0841916 0.175809 0.551982 9.9991E-05
0.216228 0.0214118 0.0925362 0.0790242 0.513942 0.0768575
9.9964E-05 9.9964E-05 0.979589 0.0200115 9.9964E-05 9.9964E-05
9.9982E-05 9.9982E-05 0.938878 0.0164258 0.0322072 0.0122894
9.9991E-05 0.0214414 0.600606 0.113999 0.254351 0.00950285
9.9982E-05 0.0021233 0.655491 9.9982E-05 0.311703 0.0304828
9.9991E-05 0.0213891 0.754717 0.0518114 0.135873 0.0361102
9.996E-05 9.996E-05 0.9995 9.996E-05 9.996E-05 9.996E-05
9.9964E-05 9.9964E-05 0.970551 9.9964E-05 9.9964E-05 0.0290494
9.9964E-05 9.9964E-05 0.817096 9.9964E-05 0.182504 9.9964E-05
9.9973E-05 9.9973E-05 0.917605 9.9973E-05 0.0315438 0.0505508
9.996E-05 9.996E-05 0.9995 9.996E-05 9.996E-05 9.996E-05
9.996E-05 9.996E-05 0.9995 9.996E-05 9.996E-05 9.996E-05
9.9973E-05 0.0268731 0.762261 9.9973E-05 0.210566 9.9973E-05
9.9982E-05 0.0730588 0.797281 9.9982E-05 0.0835578 0.045902
9.9973E-05 9.9973E-05 0.956849 0.0289282 9.9973E-05 0.0139228
9.9991E-05 0.0243318 0.374405 0.0366683 0.41898 0.145515
9.9991E-05 0.0930119 0.608494 0.00232503 0.255864 0.0402047
9.9991E-05 0.00586223 0.775757 0.016596 0.188616 0.0130689
9.9982E-05 0.0150514 0.899327 9.9982E-05 0.0198389 0.0655829
9.9973E-05 0.00600851 0.936767 9.9973E-05 0.0569247 9.9973E-05
9.9973E-05 0.0603266 0.867629 9.9973E-05 0.0717445 9.9973E-05
9.996E-05 9.996E-05 0.9995 9.996E-05 9.996E-05 9.996E-05
9.9982E-05 0.0729317 0.608245 9.9982E-05 0.313716 0.00490744
9.9964E-05 9.9964E-05 0.897106 0.102494 9.9964E-05 9.9964E-05
0.64937 0.337804 9.9973E-05 0.0125254 9.9973E-05 9.9973E-05
0.224663 0.147576 9.9982E-05 9.9982E-05 0.470011 0.15755
0.135256 0.312119 0.0166182 0.116321 0.417812 0.00187361
0.434772 0.229194 0.0815563 9.9991E-05 0.193831 0.0605468
0.167527 0.121916 0.140269 0.0859208 0.406814 0.0775541
0.369449 0.23696 0.140233 0.0966864 0.156571 9.9991E-05
0.220226 0.161713 0.113776 9.9991E-05 0.420155 0.0840308
0.384035 0.136254 0.153599 9.9982E-05 0.325912 9.9982E-05
0.214795 0.148279 0.04849 9.9982E-05 0.588236 9.9982E-05
0.316434 0.199243 0.142925 9.9982E-05 0.341198 9.9982E-05
0.210527 0.11454 0.0651668 0.0562985 0.536207 0.0172612
0.0355946 0.825368 9.9982E-05 9.9982E-05 0.0648012 0.0740359
0.0324502 0.913656 0.0535935 9.9973E-05 9.9973E-05 9.9973E-05
0.00631229 0.972142 9.9973E-05 9.9973E-05 9.9973E-05 0.0212457
9.9973E-05 0.92935 9.9973E-05 9.9973E-05 0.0295731 0.0407773
9.9982E-05 0.858362 0.0330119 9.9982E-05 0.018275 0.0901516
9.9973E-05 0.881151 0.0620407 0.0565084 9.9973E-05 9.9973E-05
9.9982E-05 0.889951 0.029743 9.9982E-05 0.0731356 0.00697073
0.0596365 0.892238 9.9991E-05 0.0150658 0.025358 0.00760145
9.9964E-05 0.94268 9.9964E-05 9.9964E-05 0.0569201 9.9964E-05
0.0313135 0.832653 0.0872604 9.9991E-05 0.0307151 0.017958
9.9982E-05 0.605147 0.000971579 0.134001 9.9982E-05 0.25968
9.9982E-05 0.581014 0.0217512 0.0779157 9.9982E-05 0.319119
0.106504 0.526921 9.9982E-05 0.0749826 9.9982E-05 0.291393
0.107443 0.518504 9.9982E-05 0.111089 9.9982E-05 0.262765
9.9982E-05 0.0518749 9.9982E-05 0.305975 0.528174 0.113776
0.0203638 0.0559426 9.9991E-05 0.308679 0.535293 0.0796219
0.0779471 0.00831627 0.0399093 0.224859 0.510273 0.138695
0.0421977 0.046842 9.9991E-05 0.31302 0.394344 0.203496
0.0740415 9.9991E-05 0.0186831 0.181517 0.11963 0.606028
0.0154553 9.9991E-05 0.0818668 0.324624 0.528059 0.0498951
0.0277394 9.9991E-05 0.0621054 0.316583 0.572426 0.0210461
0.0904013 9.9991E-05 0.0246276 0.362672 0.494477 0.0277228
0.0209107 9.9982E-05 0.0518235 0.562419 0.364647 9.9982E-05
0.0887252 0.01232 0.013778 0.114536 0.639885 0.130756
9.9982E-05 9.9982E-05 0.0174861 0.395006 0.389108 0.1982
0.233458 9.9973E-05 9.9973E-05 0.70423 9.9973E-05 0.0620124
0.106641 0.0553834 0.00578192 0.119602 0.614354 0.0982381
0.233328 0.00299199 0.021713 0.52959 0.203405 0.00897104
0.0402858 9.9991E-05 0.00898117 0.429319 0.509565 0.0117493
0.00670639 0.0755299 9.9991E-05 0.736062 0.0474867 0.134116
0.115082 0.141979 9.9982E-05 9.9982E-05 0.0259221 0.716817
0.114028 0.0497453 9.9982E-05 9.9982E-05 0.0654407 0.770587
0.0467873 0.079906 9.9973E-05 9.9973E-05 9.9973E-05 0.873007
0.070187 0.0710174 9.9982E-05 0.0238158 9.9982E-05 0.83478
0.104886 9.9982E-05 0.0287395 9.9982E-05 0.0545322 0.811642
9.9982E-05 0.048783 0.0281303 9.9982E-05 0.101536 0.821351
9.9973E-05 0.893303 0.0155473 9.9973E-05 0.0908495 9.9973E-05
9.9982E-05 0.813055 0.0392798 9.9982E-05 0.0944732 0.0529916
9.9982E-05 0.746013 0.095695 9.9982E-05 0.151909 0.00618382
9.9982E-05 0.775573 0.11757 9.9982E-05 0.0698945 0.0367621
9.9982E-05 0.812507 0.0729877 9.9982E-05 0.0766929 0.0376123
0.0562245 0.378503 9.9973E-05 9.9973E-05 9.9973E-05 0.564972
0.11669 0.445279 9.9982E-05 0.0182441 9.9982E-05 0.419587
9.9973E-05 0.428122 9.9973E-05 0.0627106 9.9973E-05 0.508867
9.9982E-05 0.794423 0.00622893 9.9982E-05 0.183788 0.0153602
0.113994 0.341595 9.9982E-05 0.0290017 9.9982E-05 0.515209
0.191035 0.208921 0.363879 9.9991E-05 0.21961 0.0164544
0.0548703 0.174345 0.137465 9.9991E-05 0.618293 0.0149266
9.9973E-05 0.19032 0.323343 9.9973E-05 0.486038 9.9973E-05
0.127599 0.251246 0.193934 9.9991E-05 0.37754 0.0495809
0.0421961 0.157565 0.285751 0.100136 0.313622 0.100729
0.275947 0.399355 0.324398 9.9973E-05 9.9973E-05 9.9973E-05
0.0897213 9.9991E-05 0.00148761 0.0951008 0.468703 0.344887
0.299272 9.9991E-05 0.0199987 0.0727593 0.368574 0.239296
0.0583074 0.0677701 0.0117482 0.121747 0.2734 0.467027
0.194431 9.9991E-05 0.00856546 0.228163 0.451097 0.117644
0.539029 9.9973E-05 9.9973E-05 0.289614 9.9973E-05 0.171056
0.043864 0.11244 0.053735 0.118442 0.526357 0.145162
0.197749 0.0253228 0.0394809 0.068942 0.455882 0.212624
0.0464348 0.0587322 9.9991E-05 0.122267 0.366603 0.405863
0.181961 0.0590463 9.9991E-05 0.0308808 0.514789 0.213222
0.371258 9.9982E-05 9.9982E-05 0.281046 0.120088 0.227408
0.224911 9.9991E-05 0.0750631 0.17483 0.427724 0.097372
0.0763499 9.9991E-05 0.0653394 0.0765803 0.521212 0.260418
0.0968827 0.0471392 0.206182 0.0931943 0.397154 0.159448
0.224823 9.9991E-05 0.0339773 0.0971589 0.409043 0.234898
0.0432706 0.00458106 9.9991E-05 0.166402 0.494912 0.290735
0.221041 9.9991E-05 0.0455682 0.100826 0.473271 0.159194
0.11877 0.0280722 0.00660546 0.118966 0.500774 0.226811
9.9991E-05 0.0473281 0.143606 0.132649 0.578706 0.0976114
0.0678065 0.114915 0.0419764 0.0983107 0.546112 0.13088
0.0472202 0.0722284 0.081559 0.0275982 0.552657 0.218737
9.9973E-05 0.764007 0.108963 9.9973E-05 0.126731 9.9973E-05
0.00927923 0.813585 0.0739165 0.0757918 0.0273277 9.9991E-05
9.9991E-05 0.786732 0.019202 0.0606274 0.0769404 0.0563985
9.9982E-05 0.81245 0.0428027 0.130127 0.0144206 9.9982E-05
9.9973E-05 0.835279 0.0260241 9.9973E-05 0.138397 9.9973E-05
0.0599309 9.9991E-05 0.0982444 0.115521 0.132373 0.59383
0.175826 0.013435 0.106798 0.146216 0.400658 0.157067
0.172203 0.170715 0.215277 0.0675558 0.374149 9.9991E-05
0.0852249 0.0164044 0.0865932 0.0637694 0.591545 0.156463
0.0066495 0.00395512 0.043171 0.205092 0.44554 0.295593
0.271528 9.9982E-05 0.0862791 9.9982E-05 0.26074 0.381252
0.173438 0.143217 9.9991E-05 0.104027 0.0292134 0.550005
0.0330079 0.0360558 9.9991E-05 0.0737422 0.583799 0.273295
0.133805 0.0361381 0.010979 0.118655 0.158812 0.541611
0.226825 0.0272705 9.9991E-05 0.094009 0.475166 0.176629
0.0708354 0.125669 0.0244148 0.14543 0.119741 0.513911
9.9991E-05 0.124854 0.013795 0.116697 0.60524 0.139314
0.0655828 0.0978955 9.9991E-05 0.155484 0.181577 0.499361
0.207699 9.9991E-05 0.0732158 0.0496031 0.355868 0.313514
0.168186 0.0411584 0.039592 0.0622155 0.49216 0.196688
0.536167 9.9982E-05 9.9982E-05 0.0413044 0.320474 0.101854
0.246341 9.9982E-05 9.9982E-05 0.121797 0.56961 0.0620519
0.16714 0.120555 9.9991E-05 0.0666813 0.576321 0.0692026
0.501315 9.9982E-05 9.9982E-05 0.0403767 0.393133 0.0649751
0.217578 0.130492 9.9991E-05 0.0653643 0.557862 0.0286047
0.288246 9.9973E-05 9.9973E-05 0.109671 0.601784 9.9973E-05
0.65507 9.9982E-05 9.9982E-05 0.0353299 0.152175 0.157225
0.618919 9.9973E-05 9.9973E-05 0.073069 0.307712 9.9973E-05
0.39405 9.9973E-05 9.9973E-05 9.9973E-05 0.535511 0.0701392
0.505646 0.00491169 9.9991E-05 0.165132 0.20407 0.12014
0.337532 9.9982E-05 9.9982E-05 0.0298348 0.496968 0.135465
0.00892218 0.0101673 0.0624425 0.288821 0.083478 0.54617
0.204432 9.9991E-05 0.0357863 0.155661 0.276815 0.327205
9.9991E-05 0.00864167 0.0945703 0.177368 0.301988 0.417331
9.9982E-05 9.9982E-05 0.147795 0.0679258 0.581174 0.202906
0.0432193 9.9982E-05 9.9982E-05 0.312977 0.20718 0.436424
0.20477 0.0473673 0.113006 0.044425 0.477532 0.112899
0.0519762 0.0543703 0.0842858 0.0316965 0.532008 0.245663
0.00713779 0.0428589 0.0728128 0.0939984 0.530825 0.252367
9.9982E-05 9.9982E-05 0.140435 0.120567 0.484887 0.253911
9.9982E-05 9.9982E-05 0.133372 0.183197 0.310908 0.372323
9.9982E-05 9.9982E-05 0.0784486 0.276436 0.234658 0.410258
0.0575164 9.9991E-05 0.0792472 0.118833 0.309536 0.434768
0.0888176 9.9991E-05 0.0369554 0.0682873 0.601382 0.204458
0.161099 0.0290378 0.104405 9.9991E-05 0.544364 0.160995
0.168797 0.0576347 9.9991E-05 0.133866 0.451383 0.188219
0.101539 9.9991E-05 0.137718 0.0646872 0.41414 0.281816
0.0292519 0.0493242 9.9991E-05 0.0704936 0.43115 0.41968
9.9982E-05 9.9982E-05 0.0440231 0.185089 0.54373 0.226959
0.00340308 0.0277472 0.0814402 0.124042 0.530436 0.232931
0.149459 0.0756888 0.16723 0.0408798 0.455262 0.111481
0.0947724 0.34145 0.0875017 0.0470141 0.429162 9.9991E-05
0.156014 0.13265 0.188651 0.0827465 0.439839 9.9991E-05
0.147426 0.0932482 0.106167 0.0544285 0.5539 0.0448299
0.102946 0.0961365 0.104849 0.0289868 0.584611 0.0824698
0.0467871 0.159195 0.212623 0.140606 0.44069 9.9991E-05
0.256198 9.9982E-05 9.9982E-05 0.067024 0.486559 0.190019
0.0525244 0.148178 0.14602 0.0200298 0.579549 0.0536989
0.44079 0.253011 0.132237 0.139558 0.0343034 9.9991E-05
0.0966651 0.0627362 0.21498 0.0723095 0.468528 0.0847818
0.113382 0.0687411 0.194315 0.0798388 0.533716 0.0100071
0.0660127 0.0539453 0.252026 0.0670616 0.435819 0.125136
0.233836 0.158542 0.147631 0.151041 0.257372 0.0515767
0.0436242 0.245118 0.0635231 0.0351649 0.608959 0.00361048
0.0312171 0.194423 0.149739 9.9982E-05 0.624421 9.9982E-05
0.356069 0.468951 0.17468 9.9973E-05 9.9973E-05 9.9973E-05
0.0434483 0.17353 0.21362 9.9982E-05 0.569202 9.9982E-05
0.108276 0.162929 0.171547 9.9982E-05 0.557048 9.9982E-05
0.116882 0.166781 0.0611923 0.0428264 0.612218 9.9991E-05
0.0969861 0.157248 0.213163 9.9982E-05 0.532404 9.9982E-05
0.128118 0.140022 0.150328 0.023236 0.524659 0.0336369
0.198708 0.034931 0.0860572 0.182072 0.444262 0.0539706
0.211039 0.0725945 9.9991E-05 0.0693803 0.595373 0.0515129
0.433227 9.9982E-05 9.9982E-05 0.395472 0.0669494 0.104151
0.60024 9.9982E-05 9.9982E-05 0.277262 0.0544491 0.0678488
0.0896464 0.0558373 0.0737107 0.266736 0.414735 0.0993343
0.193674 0.117545 0.238888 9.9982E-05 0.449694 9.9982E-05
0.183387 0.121523 0.261941 0.0533311 0.379718 9.9991E-05
0.240518 0.149493 0.331564 0.0672701 0.0941116 0.117044
0.132486 0.188197 0.233075 9.9991E-05 0.409481 0.0366608
0.738408 0.027776 0.0365628 9.9982E-05 0.197054 9.9982E-05
0.574949 0.04012 0.0378638 0.0918383 0.255129 9.9991E-05
0.252203 9.9982E-05 0.0657776 0.058451 0.623369 9.9982E-05
0.275571 0.0656574 0.0270986 0.0311783 0.600395 9.9991E-05
0.469042 0.0606457 0.0829 0.125462 0.261849 9.9991E-05
0.159666 0.0878796 0.137153 0.121719 0.493481 9.9991E-05
0.236417 9.9991E-05 0.0852333 0.059596 0.600805 0.0178491
0.0933313 0.103112 0.132745 0.0885541 0.460418 0.12184
0.364853 9.9982E-05 9.9982E-05 0.17085 0.360885 0.103213
0.272542 9.9991E-05 0.0617693 0.235792 0.343108 0.0866891
0.161496 0.0910201 0.055419 0.166403 0.525562 9.9991E-05
0.313927 0.0414617 0.0850887 0.0327677 0.365662 0.161093
0.205382 0.0740589 0.0593845 0.185385 0.462785 0.0130045
0.370998 9.9982E-05 9.9982E-05 0.124457 0.487651 0.0166942
0.463729 9.9982E-05 9.9982E-05 0.165239 0.30435 0.0664818
0.150354 0.0261369 9.9991E-05 0.200204 0.622346 0.000859167
0.433287 9.9982E-05 9.9982E-05 0.200254 0.280353 0.0859056
0.289757 9.9991E-05 0.00292718 0.213163 0.444936 0.0491162
0.154043 0.0883809 9.9991E-05 0.106183 0.629472 0.0218211
0.190334 0.0262842 0.0512197 0.225532 0.481834 0.0247961
0.0945119 0.120148 0.0816987 9.9991E-05 0.620328 0.0832132
0.225367 0.180644 0.142324 9.9991E-05 0.435805 0.0157605
0.11878 0.176061 0.269914 0.0123538 0.355644 0.067248
0.225104 0.165292 0.174824 9.9991E-05 0.381209 0.0534714
0.0959208 0.111022 0.182625 9.9991E-05 0.509907 0.100425
0.225512 0.122642 0.20524 9.9982E-05 0.446406 9.9982E-05
0.545444 0.112332 0.186693 0.0568638 9.9991E-05 0.0985673
0.0886458 0.0912877 0.169652 9.9991E-05 0.536906 0.113409
0.540978 0.304407 0.154316 9.9973E-05 9.9973E-05 9.9973E-05
0.105048 0.126448 0.138766 0.0576228 0.572015 9.9991E-05
0.526303 9.9973E-05 9.9973E-05 0.373103 0.100294 9.9973E-05
0.565283 9.9964E-05 9.9964E-05 0.434317 9.9964E-05 9.9964E-05
0.207859 9.9973E-05 9.9973E-05 0.269028 0.522814 9.9973E-05
0.256324 9.9991E-05 0.0192005 0.102784 0.6096 0.0119913
0.322787 9.9982E-05 9.9982E-05 0.217754 0.412689 0.0465697
0.198642 9.9982E-05 9.9982E-05 0.284669 0.515435 0.00105355
0.234681 9.9982E-05 0.0101828 0.222493 0.532443 9.9982E-05
0.0659658 0.814365 0.0448833 9.9982E-05 0.0745855 9.9982E-05
0.0346988 0.700728 0.110169 9.9982E-05 9.9982E-05 0.154204
9.9973E-05 0.921786 0.0546839 9.9973E-05 9.9973E-05 0.0232303
9.9964E-05 0.938263 9.9964E-05 9.9964E-05 0.0613372 9.9964E-05
0.0115132 0.0897348 0.0190341 0.337852 0.518998 0.0228673
0.1066 0.0813317 0.0893439 0.40789 0.314734 9.9991E-05
9.9973E-05 0.0223895 9.9973E-05 0.553417 0.423894 9.9973E-05
0.0772519 0.11021 9.9991E-05 0.171883 0.627106 0.0134492
0.064642 0.110035 0.0605659 0.168633 0.53614 0.0599842
0.0774968 0.0260948 0.0139736 0.577903 0.206713 0.0978184
9.9973E-05 9.9973E-05 9.9973E-05 0.447083 0.531826 0.0207905
0.229445 9.9973E-05 9.9973E-05 0.410602 0.359653 9.9973E-05
0.0348823 0.303747 0.123358 9.9991E-05 0.477856 0.0600558
0.109262 9.9991E-05 0.0245671 0.396268 0.380468 0.0893347
9.9973E-05 9.9973E-05 9.9973E-05 0.571162 0.326378 0.102159
9.9991E-05 0.00972881 0.0076371 0.396825 0.531486 0.0542231
9.9982E-05 0.0137945 9.9982E-05 0.523636 0.416904 0.0454657
9.9973E-05 9.9973E-05 0.0249252 0.481275 0.4935 9.9973E-05
9.9991E-05 0.0090567 0.0793457 0.45777 0.441389 0.0123387
0.0174475 9.9973E-05 9.9973E-05 0.949146 0.0331062 9.9973E-05
0.0225438 0.0588166 0.0279965 0.614709 0.232117 0.0438176
0.0522407 9.9982E-05 9.9982E-05 0.589276 0.306286 0.051997
0.234243 9.9964E-05 9.9964E-05 0.765357 9.9964E-05 9.9964E-05
0.00544476 9.9991E-05 0.0308916 0.449294 0.432461 0.0818083
0.30716 9.9973E-05 9.9973E-05 0.630284 0.0622561 9.9973E-05
0.252403 9.9964E-05 9.9964E-05 0.747197 9.9964E-05 9.9964E-05
0.0293976 0.0246521 0.00441366 0.374961 0.527727 0.0388482
9.9982E-05 0.0147648 9.9982E-05 0.666498 0.214227 0.104311
0.00726435 0.0206063 0.0490544 0.44381 0.399473 0.0797917
0.155791 0.0160437 0.0847717 0.0872839 0.656009 9.9991E-05
9.9991E-05 0.00331193 0.0115465 0.450828 0.470222 0.0639916
0.257383 9.9991E-05 0.0499305 0.086272 0.374946 0.231369
0.0126428 9.9982E-05 9.9982E-05 0.434284 0.508119 0.0447543
9.9991E-05 0.01612 0.0851272 0.481293 0.345734 0.0716261
0.0535443 9.9973E-05 9.9973E-05 0.655653 0.290503 9.9973E-05
0.0494697 0.0939364 9.9991E-05 0.336747 0.513178 0.00656876
0.0894424 0.620169 9.9973E-05 9.9973E-05 9.9973E-05 0.290089
0.0430123 0.757584 9.9991E-05 0.0533326 0.0316629 0.114308
0.081459 0.769432 9.9973E-05 9.9973E-05 9.9973E-05 0.148809
0.0438166 0.809912 9.9973E-05 9.9973E-05 9.9973E-05 0.145971
0.0429051 0.701675 9.9982E-05 9.9982E-05 0.0519776 0.203242
9.9991E-05 0.0725653 0.0367768 0.715987 0.0739936 0.100577
0.0188669 0.055068 9.9991E-05 0.780276 0.0551653 0.0905241
0.07537 9.9982E-05 0.00517025 0.769762 0.149498 9.9982E-05
0.0533376 0.142735 0.0900916 0.198282 0.515454 9.9991E-05
9.9991E-05 0.0860088 0.0667055 0.179607 0.586297 0.0812818
0.136598 0.0369408 0.0104767 0.574402 0.241482 9.9991E-05
0.0135157 0.0164384 0.034577 0.298931 0.633184 0.00335328
0.0574678 0.060315 0.00227177 0.484532 0.395314 9.9991E-05
9.9991E-05 0.0546277 0.00390491 0.381168 0.547364 0.0128354
0.0269004 0.0127148 0.0446376 0.365996 0.467591 0.082161
0.0428627 9.9991E-05 0.074091 0.654288 0.152163 0.076495
9.9982E-05 0.0335889 9.9982E-05 0.617306 0.303163 0.045742
9.9973E-05 9.9973E-05 9.9973E-05 0.603691 0.271552 0.124457
0.201043 0.0734677 9.9982E-05 9.9982E-05 0.664667 0.0606222
9.9973E-05 0.0384264 9.9973E-05 0.626708 0.334566 9.9973E-05
0.0153124 0.0350342 0.0386151 0.482634 0.389578 0.0388266
9.9991E-05 0.0182957 0.431288 0.0260247 0.464183 0.0601088
0.00823472 0.142887 0.439117 0.0485364 0.330666 0.0305599
9.9973E-05 0.166849 0.360357 9.9973E-05 0.472494 9.9973E-05
0.0679484 0.139499 0.447077 9.9982E-05 0.345275 9.9982E-05
0.0598095 0.0356743 0.385146 0.018416 0.394761 0.106193
0.102135 0.0682102 0.0165865 0.356596 0.456373 9.9991E-05
0.0400009 0.227466 0.659253 9.9982E-05 0.0730803 9.9982E-05
9.9973E-05 0.237527 0.421239 9.9973E-05 0.340934 9.9973E-05
0.190807 0.128754 0.0681701 0.104863 0.507305 9.9991E-05
0.218914 0.110199 9.9982E-05 9.9982E-05 0.601162 0.0695253
0.33471 0.106473 9.9982E-05 9.9982E-05 0.502471 0.0561464
0.174761 0.120701 0.0287795 0.0338831 0.612888 0.0289868
0.137119 0.11781 0.0501496 0.107941 0.521695 0.0652847
0.0486973 0.255846 0.367713 9.9982E-05 0.327543 9.9982E-05
9.9991E-05 0.0890512 0.354591 0.0131308 0.419449 0.123678
0.0216416 0.125646 0.385526 9.9991E-05 0.465007 0.00208025
9.9991E-05 0.131812 0.316104 0.0766166 0.420261 0.0551059
0.0301369 0.0860291 0.564627 0.0300665 0.28904 9.9991E-05
0.0368132 0.154267 0.364745 0.128576 0.315499 9.9991E-05
0.0659765 0.112183 0.650125 9.9982E-05 0.171516 9.9982E-05
0.0328861 0.104954 0.376316 9.9991E-05 0.367289 0.118455
0.320971 0.0361831 0.0491232 0.0729286 0.520694 9.9991E-05
0.0315118 0.125504 0.288992 0.0273779 0.399649 0.126965
0.0182521 0.172476 0.610356 9.9982E-05 0.198715 9.9982E-05
9.9991E-05 0.118556 0.373425 0.163917 0.263008 0.0809935
0.283665 0.152452 0.00556114 0.127833 0.197554 0.232936
0.241943 9.9982E-05 0.0794272 0.063641 0.614789 9.9982E-05
0.0538209 0.175554 0.287058 9.9991E-05 0.404686 0.078781
0.122347 0.131608 0.0102666 0.00885609 0.637458 0.0894645
0.262926 0.129153 9.9991E-05 0.0641899 0.491939 0.0516921
0.103924 0.151725 0.252998 0.0961354 0.336628 0.0585891
0.127032 0.209498 0.271085 0.0277519 0.364533 9.9991E-05
0.10482 0.0784797 0.193771 0.133043 0.471611 0.0182757
0.0547873 0.0407901 0.387554 0.0942326 0.422536 9.9991E-05
0.0464236 0.0950079 0.478891 0.0168685 0.362709 9.9991E-05
0.0879059 0.21961 0.589783 9.9982E-05 0.1025 9.9982E-05
0.167876 0.110379 0.0731593 9.9991E-05 0.636125 0.012361
0.261261 0.0873664 9.9991E-05 0.0509129 0.535734 0.0646255
0.591721 0.112099 9.9973E-05 9.9973E-05 0.29588 9.9973E-05
0.137608 0.144957 9.9991E-05 0.114877 0.599395 0.00306186
0.15837 0.0933841 9.9991E-05 0.0867243 0.45873 0.202691
0.0816456 0.212845 0.15084 0.141067 0.413503 9.9991E-05
0.181783 0.170532 0.0395845 9.9991E-05 0.53952 0.0684797
0.54926 0.267467 0.182973 9.9973E-05 9.9973E-05 9.9973E-05
0.626699 0.277693 0.0953074 9.9973E-05 9.9973E-05 9.9973E-05
0.416285 0.0726792 0.114242 9.9991E-05 0.297227 0.0994672
0.445548 0.29663 0.205312 9.9982E-05 0.0523101 9.9982E-05
0.391077 0.371172 0.237451 9.9973E-05 9.9973E-05 9.9973E-05
0.276676 0.110765 0.0835134 0.104037 0.367648 0.0573601
0.214113 0.186955 0.172387 0.0979411 0.328503 9.9991E-05
0.347909 0.275983 0.170414 9.9982E-05 0.205494 9.9982E-05
0.471311 0.253665 0.187925 9.9982E-05 0.0869 9.9982E-05
0.198312 0.0927692 0.165559 0.101566 0.402601 0.0391922
0.459462 0.188987 0.102506 0.0467674 0.202178 9.9991E-05
0.556628 0.395786 0.0472869 9.9973E-05 9.9973E-05 9.9973E-05
0.126296 0.0994599 0.253275 9.9991E-05 0.462126 0.0587429
0.267473 0.165069 0.270431 9.9982E-05 0.296827 9.9982E-05
0.0184766 0.286563 0.152363 0.0541123 0.473891 0.0145931
9.9973E-05 0.148715 0.25415 9.9973E-05 0.596835 9.9973E-05
0.00865383 0.193285 0.241658 0.0936589 0.453771 0.00897242
0.0605637 0.078012 0.285617 0.0838252 0.491882 9.9991E-05
0.111215 0.406232 0.130311 9.9982E-05 0.352042 9.9982E-05
0.00995019 0.180205 0.218148 0.0174346 0.473931 0.10033
9.9991E-05 0.259576 0.264622 0.0509642 0.414471 0.010267
0.196732 0.178701 0.242689 0.0338385 0.34794 9.9991E-05
9.9991E-05 0.182747 0.139292 0.350699 0.252603 0.074559
0.0707476 0.0896726 0.231881 0.0993272 0.46039 0.0479813
0.0965712 0.20123 0.110928 9.9991E-05 0.584547 0.00662338
0.0626135 0.0556953 0.169916 0.194545 0.466121 0.0511089
0.0239974 0.327444 0.202075 9.9982E-05 0.446284 9.9982E-05
0.0459238 0.245029 0.226532 9.9991E-05 0.478343 0.00407216
0.312306 0.326608 0.243114 9.9982E-05 0.117773 9.9982E-05
9.9991E-05 0.111869 0.206704 0.0606255 0.522651 0.0980502
0.253126 0.24907 0.302238 9.9982E-05 0.195366 9.9982E-05
0.0505239 0.791447 9.9982E-05 0.0853758 9.9982E-05 0.0724532
9.9991E-05 0.0915809 0.0472839 0.0866161 0.0350557 0.739363
9.996E-05 9.996E-05 9.996E-05 9.996E-05 9.996E-05 0.9995
9.996E-05 9.996E-05 9.996E-05 9.996E-05 9.996E-05 0.9995
9.9964E-05 9.9964E-05 9.9964E-05 9.9964E-05 0.0290691 0.970531
9.9973E-05 9.9973E-05 0.029009 9.9973E-05 0.0411689 0.929522
9.9964E-05 9.9964E-05 9.9964E-05 9.9964E-05 0.0901016 0.909499
9.9964E-05 0.0511763 9.9964E-05 9.9964E-05 9.9964E-05 0.948424
9.9973E-05 0.158229 0.0283909 9.9973E-05 9.9973E-05 0.81308
9.9982E-05 0.882619 0.0175094 9.9982E-05 0.0593163 0.0403557
9.9982E-05 0.807547 0.00654609 9.9982E-05 0.0408661 0.144841
0.0155038 0.88376 0.0550547 9.9982E-05 0.0454817 9.9982E-05
0.0288131 0.802159 9.9982E-05 9.9982E-05 0.0351137 0.133714
9.9991E-05 0.877474 0.0528489 0.0182562 0.0175411 0.0337801
0.0111374 0.889653 9.9982E-05 0.0501703 9.9982E-05 0.0488393
0.0229223 0.677005 0.21996 0.0175063 9.9991E-05 0.0625067
9.9973E-05 0.894604 0.0442107 9.9973E-05 0.0608853 9.9973E-05
9.9991E-05 0.736455 0.054283 0.0629801 0.0658865 0.0802956
9.9964E-05 0.895063 0.104537 9.9964E-05 9.9964E-05 9.9964E-05
9.9973E-05 0.957885 9.9973E-05 0.0350089 9.9973E-05 0.00680631
9.9982E-05 0.82757 0.0791807 0.0486589 9.9982E-05 0.0443906
9.9982E-05 0.952105 0.0325042 9.9982E-05 0.00764665 0.00754419
0.0183887 0.884894 0.0512064 9.9991E-05 0.0433431 0.00206791
9.9982E-05 0.850605 0.0355633 0.0705383 0.0430937 9.9982E-05
9.9973E-05 0.851606 0.0114546 9.9973E-05 0.136639 9.9973E-05
9.9973E-05 0.747827 0.118846 9.9973E-05 0.133027 9.9973E-05
9.9982E-05 0.775152 0.0730406 0.00142623 0.150181 9.9982E-05
9.9982E-05 0.796151 0.0664429 0.0243966 0.11281 9.9982E-05
0.206023 0.17136 9.9991E-05 0.141452 0.403378 0.0776863
0.0601194 0.104679 9.9991E-05 0.107741 0.701386 0.0259744
0.086381 0.154566 0.0455487 0.143572 0.562585 0.00734641
0.660801 0.0157142 9.9991E-05 0.113696 0.205994 0.00369425
0.317862 0.113022 9.9991E-05 0.0422025 0.503085 0.0237287
0.671299 0.132678 9.9973E-05 9.9973E-05 0.195723 9.9973E-05
0.252186 0.121466 9.9973E-05 9.9973E-05 0.626048 9.9973E-05
0.174029 0.0811016 9.9991E-05 0.176743 0.447476 0.12055
0.201702 0.0714974 9.9982E-05 0.15768 0.568921 9.9982E-05
0.11674 0.0218052 0.00753932 0.40304 0.450776 9.9991E-05
0.269041 0.0626281 9.9982E-05 9.9982E-05 0.500416 0.167714
0.200075 0.0684717 9.9991E-05 0.0516534 0.678926 0.000773677
0.115322 0.0571337 9.9991E-05 0.0778436 0.609582 0.140019
0.313849 9.9991E-05 0.0708261 0.160904 0.00549731 0.448824
0.828597 9.9973E-05 9.9973E-05 0.0460172 9.9973E-05 0.125086
0.686538 0.0484681 9.9982E-05 9.9982E-05 0.214019 0.050775
0.155339 0.072528 0.021495 9.9991E-05 0.69353 0.0570078
0.24736 0.138204 9.9991E-05 0.0612281 0.549467 0.00364142
0.210755 0.153458 0.00406406 0.086142 0.545481 9.9991E-05
0.0846478 0.113963 9.9982E-05 0.132923 0.668267 9.9982E-05
0.0696017 0.177965 0.18841 9.9991E-05 0.528159 0.0357642
0.00941724 0.177938 0.132495 0.00969855 0.61299 0.0574613
0.185561 0.379129 0.149448 0.0397036 0.147667 0.0984905
0.0900033 0.12814 0.0200316 0.0797643 0.611974 0.070087
0.0640264 0.22641 0.114839 0.0401618 0.481294 0.0732676
0.425213 0.399992 0.174495 9.9973E-05 9.9973E-05 9.9973E-05
0.221074 0.227854 0.209928 0.00631826 0.334726 9.9991E-05
0.00437591 0.331578 0.213301 0.113723 0.245709 0.0913124
9.9991E-05 0.350305 0.00989854 0.0658227 0.44905 0.124823
0.0826571 0.140052 0.21806 0.0606737 0.433841 0.0647159
0.0456995 0.206992 0.164883 0.0607184 0.521606 9.9991E-05
0.0423231 0.198161 0.15728 9.9982E-05 0.602036 9.9982E-05
0.162893 0.118033 0.160316 0.112883 0.402932 0.0429439
9.9982E-05 0.463489 0.159584 0.118742 0.257985 9.9982E-05
