9.9955E-05 9.9955E-05 9.9955E-05 0.754971 0.066087 0.0670062 0.0340479 9.9955E-05 9.9955E-05 0.0773885
0.0822513 9.9946E-05 9.9946E-05 0.894045 9.9946E-05 0.0216941 9.9946E-05 9.9946E-05 0.00140965 9.9946E-05
9.9973E-05 9.9973E-05 9.9973E-05 0.744632 0.000548353 0.0657129 0.135358 0.00283737 0.00660981 0.0440021
9.9964E-05 0.0348102 9.9964E-05 0.774092 0.0462212 0.036696 0.0791593 0.028621 9.9964E-05 9.9964E-05
0.0436401 9.9946E-05 0.00476224 0.848508 9.9946E-05 9.9946E-05 0.10249 9.9946E-05 9.9946E-05 9.9946E-05
9.9937E-05 9.9937E-05 0.352277 0.601353 9.9937E-05 9.9937E-05 9.9937E-05 0.0456709 9.9937E-05 9.9937E-05
9.9946E-05 9.9946E-05 0.210446 0.738104 9.9946E-05 0.0387778 9.9946E-05 0.0120726 9.9946E-05 9.9946E-05
9.9955E-05 9.9955E-05 0.235233 0.637459 0.0388936 0.0193928 9.9955E-05 0.068522 9.9955E-05 9.9955E-05
9.99639E-05 0.0631772 9.99639E-05 0.762471 0.0383388 0.00875078 9.99639E-05 9.99639E-05 0.038225 0.0886376
9.9955E-05 0.0530379 0.213228 0.627252 9.9955E-05 0.0264314 9.9955E-05 0.0795511 9.9955E-05 9.9955E-05
9.9946E-05 9.9946E-05 0.273517 0.688286 0.0258891 9.9946E-05 9.9946E-05 0.0117076 9.9946E-05 9.9946E-05
9.9955E-05 0.780985 0.0777326 9.9955E-05 9.9955E-05 9.9955E-05 0.0270456 0.0897966 0.02394 9.9955E-05
9.9964E-05 0.426891 9.9964E-05 9.9964E-05 9.9964E-05 0.0341477 0.488087 0.0048247 0.0144126 0.0312372
0.0303989 0.662345 0.0369542 0.0514229 9.9982E-05 0.0330625 0.102646 0.0428953 9.9982E-05 0.0400756
9.9955E-05 0.646843 9.9955E-05 0.00886539 9.9955E-05 9.9955E-05 0.150623 0.149531 9.9955E-05 0.0436374
9.9964E-05 0.427114 0.0414165 0.105573 9.9964E-05 9.9964E-05 0.235445 0.167485 9.9964E-05 0.0225668
9.9955E-05 0.370347 0.038197 9.9955E-05 9.9955E-05 0.0165077 0.459019 0.115429 9.9955E-05 9.9955E-05
9.9964E-05 0.416647 0.0276586 9.9964E-05 9.9964E-05 0.0377615 0.323351 0.0614268 0.132755 9.9964E-05
9.9964E-05 0.583305 9.9964E-05 0.11372 9.9964E-05 0.0057408 0.175158 0.0628278 9.9964E-05 0.0588479
9.9955E-05 0.783219 0.133172 0.0535855 0.0183988 0.0111254 9.9955E-05 9.9955E-05 9.9955E-05 9.9955E-05
0.0460177 0.397914 0.0850877 0.0142859 0.0586817 9.9982E-05 0.211935 0.102414 0.083464 9.9982E-05
0.00340714 0.259652 0.0708221 9.9991E-05 0.100839 0.0393653 0.382199 0.0195924 0.0808204 0.0432031
9.9964E-05 0.206067 0.106526 0.0411089 9.9964E-05 0.011322 0.528347 9.9964E-05 0.10623 9.9964E-05
9.9955E-05 0.628994 0.132241 9.9955E-05 9.9955E-05 9.9955E-05 0.100738 0.129967 0.00755957 9.9955E-05
0.0273844 0.21589 0.0509911 0.0849203 9.9991E-05 0.00268493 0.539998 0.0202921 0.0370951 0.0206442
9.9955E-05 0.373094 0.0827515 9.9955E-05 9.9955E-05 0.0288407 0.463653 0.0511607 9.9955E-05 9.9955E-05
9.9955E-05 0.755866 0.00767286 9.9955E-05 9.9955E-05 0.0276856 9.9955E-05 0.118017 0.0902593 9.9955E-05
9.9937E-05 0.806844 9.9937E-05 9.9937E-05 9.9937E-05 9.9937E-05 9.9937E-05 0.189982 9.9937E-05 0.00247469
0.0272115 0.708962 0.107219 0.0114025 9.9973E-05 9.9973E-05 0.0986495 0.0266349 0.0196209 9.9973E-05
9.99201E-05 9.99201E-05 9.99201E-05 9.99201E-05 9.99201E-05 0.999101 9.99201E-05 9.99201E-05 9.99201E-05 9.99201E-05
9.99201E-05 9.99201E-05 9.99201E-05 9.99201E-05 9.99201E-05 0.999101 9.99201E-05 9.99201E-05 9.99201E-05 9.99201E-05
9.9955E-05 0.0136043 9.9955E-05 0.463556 9.9955E-05 0.371223 9.9955E-05 0.066823 0.084294 9.9955E-05
9.9964E-05 9.9964E-05 9.9964E-05 0.504133 9.9964E-05 0.253319 0.0652949 0.0644228 0.0933574 0.0190724
0.000106583 0.0154667 0.125938 9.9973E-05 0.0442008 0.0143111 0.4636 9.9973E-05 0.336077 9.9973E-05
0.00970372 0.204021 9.9973E-05 0.0849702 0.0249857 9.9973E-05 0.470063 0.0360805 0.169877 9.9973E-05
0.013847 9.9955E-05 0.000907871 9.9955E-05 9.9955E-05 9.9955E-05 0.491083 0.0512414 0.442421 9.9955E-05
9.9964E-05 0.51707 0.0243871 0.140971 0.143764 9.9964E-05 0.0755153 9.9964E-05 0.097893 9.9964E-05
9.9955E-05 9.9955E-05 9.9955E-05 9.9955E-05 9.9955E-05 0.0333932 0.237068 0.0293325 0.664081 0.035626
0.0749151 0.135578 9.9973E-05 0.0529217 0.0107472 9.9973E-05 0.430156 0.0102704 0.285112 9.9973E-05
0.0435625 9.9964E-05 0.0885599 9.9964E-05 9.9964E-05 9.9964E-05 0.628383 0.0124093 0.17932 0.0473652
9.9946E-05 0.0812571 0.387073 0.0769861 9.9946E-05 9.9946E-05 0.454084 9.9946E-05 9.9946E-05 9.9946E-05
9.9982E-05 0.0155185 0.20314 0.0771219 0.0593228 0.0545685 0.449529 0.0331819 0.107418 9.9982E-05
9.9955E-05 0.197894 9.9955E-05 9.9955E-05 9.9955E-05 0.0291581 0.0681445 9.9955E-05 0.674761 0.0295426
9.9973E-05 0.0437225 0.35598 0.0268279 9.9973E-05 0.0074384 0.462503 0.0788628 9.9973E-05 0.0243654
0.0428254 0.0492868 0.153263 9.9982E-05 9.9982E-05 0.0135704 0.467216 0.10868 0.103801 0.0611562
9.9973E-05 0.0348691 0.0374375 0.112004 9.9973E-05 0.057441 0.539349 0.0439831 0.174616 9.9973E-05
0.00264116 9.9955E-05 9.9955E-05 9.9955E-05 0.0510562 9.9955E-05 0.313023 9.9955E-05 0.610279 0.0225
9.9955E-05 9.9955E-05 9.9955E-05 0.0744254 9.9955E-05 9.9955E-05 0.550628 0.0305476 0.30485 0.0390501
0.169108 9.9964E-05 9.9964E-05 0.077867 9.9964E-05 0.044392 0.511231 0.0553939 0.141609 9.9964E-05
0.0238025 9.9937E-05 9.9937E-05 9.9937E-05 9.9937E-05 9.9937E-05 9.9937E-05 9.9937E-05 0.740368 0.23513
0.0371307 0.437515 0.0891944 9.9973E-05 0.170928 9.9973E-05 0.0844376 9.9973E-05 0.152079 0.0284161
0.0838682 0.327011 0.155757 9.9964E-05 0.0199625 9.9964E-05 9.9964E-05 9.9964E-05 0.19473 0.218272
0.0372515 0.0832361 9.9973E-05 9.9973E-05 0.117275 0.0745477 0.591265 0.0573754 9.9973E-05 0.0387493
9.9973E-05 0.0968533 0.104561 0.0778384 0.0259891 9.9973E-05 0.617239 9.9973E-05 0.0196153 0.0576045
0.0327203 0.0565313 0.230073 9.9982E-05 0.0292565 0.0660009 0.377786 0.0964198 0.111012 9.9982E-05
0.0889438 0.268107 0.0569082 0.0431247 0.170568 0.00784292 0.0830801 9.9991E-05 0.201041 0.0802847
0.0665835 0.131576 9.9982E-05 9.9982E-05 0.0938524 0.0350414 0.533434 0.0148384 0.0966928 0.027782
9.9955E-05 0.21116 0.185468 0.040408 9.9955E-05 9.9955E-05 0.488518 9.9955E-05 9.9955E-05 0.073946
0.00738003 0.313826 0.136874 0.122334 9.9991E-05 0.029178 0.215444 0.0170006 0.114385 0.0434787
0.0313404 0.414398 0.0472219 0.133471 0.0550931 0.0264112 9.9991E-05 0.00276574 0.089176 0.200023
9.9982E-05 0.130176 0.112699 0.0291919 0.0713458 0.0225359 0.527471 9.9982E-05 0.0778499 0.0285306
0.0856485 0.332604 9.9973E-05 9.9973E-05 0.0920568 0.00471181 0.324501 0.0287215 9.9973E-05 0.131457
9.9973E-05 0.54309 0.0198238 0.0025511 0.123907 0.0248617 9.9973E-05 9.9973E-05 0.162035 0.123431
0.098164 0.382422 9.9964E-05 9.9964E-05 9.9964E-05 0.0438167 0.390894 9.9964E-05 0.0649113 0.0193924
0.0457933 0.074952 0.0404686 0.00938649 0.0985588 9.9982E-05 0.613746 9.9982E-05 0.0522147 0.0646804
0.102357 0.0963645 0.0826211 0.0900302 0.0221188 0.0248477 0.539939 0.00441819 9.9991E-05 0.037204
9.9946E-05 0.48457 9.9946E-05 9.9946E-05 9.9946E-05 9.9946E-05 0.215472 9.9946E-05 0.145741 0.153617
0.0332198 0.350612 0.119506 9.9964E-05 9.9964E-05 9.9964E-05 0.418957 9.9964E-05 0.0237925 0.0535122
9.9973E-05 0.0337455 9.9973E-05 0.014695 0.135184 0.033409 0.626223 0.00796516 0.148478 9.9973E-05
0.0941824 0.518148 9.9973E-05 9.9973E-05 0.07519 0.0538505 0.0930972 9.9973E-05 0.0588824 0.10635
0.000859744 0.0474034 9.9964E-05 9.9964E-05 0.0733417 0.0146096 0.41998 9.9964E-05 0.443406 9.9964E-05
9.9964E-05 0.181475 0.016392 9.9964E-05 9.9964E-05 0.0095616 0.103867 0.0244567 0.663848 9.9964E-05
0.134236 0.0277044 9.9991E-05 0.0123867 0.0386749 0.0200628 0.517633 0.0514804 0.159824 0.0378985
0.0526843 9.9946E-05 0.0229592 9.9946E-05 9.9946E-05 9.9946E-05 9.9946E-05 9.9946E-05 0.84515 0.0786067
0.135076 0.0666944 9.9946E-05 9.9946E-05 9.9946E-05 9.9946E-05 9.9946E-05 9.9946E-05 0.762167 0.0354627
9.99371E-05 0.0619908 9.99371E-05 9.99371E-05 9.99371E-05 9.99371E-05 0.208938 9.99371E-05 0.728372 9.99371E-05
9.9973E-05 0.0839826 0.00370135 0.0212083 0.0304173 9.9973E-05 0.41957 9.9973E-05 0.402788 0.0380324
0.0935785 0.0159241 9.9973E-05 0.118611 0.065385 0.0780294 0.494109 9.9973E-05 0.134063 9.9973E-05
0.0391465 0.00624738 9.9982E-05 9.9982E-05 0.041166 0.0271515 0.385417 0.0313359 0.431378 0.0379579
9.9973E-05 0.129254 9.9973E-05 0.0422133 0.0353605 0.0039299 0.0745633 0.0532 0.661179 9.9973E-05
9.9955E-05 9.9955E-05 9.9955E-05 0.0407149 0.197526 0.00705924 0.251979 9.9955E-05 0.502222 9.9955E-05
0.0663125 9.9973E-05 9.9973E-05 0.0887812 0.0356548 0.0417914 0.456209 0.0353747 0.275577 9.9973E-05
9.9964E-05 0.0901945 0.0670304 9.9964E-05 9.9964E-05 0.0214536 0.122916 0.0934291 0.604577 9.9964E-05
9.9964E-05 0.110735 0.0841449 9.9964E-05 9.9964E-05 0.080592 0.339951 0.00566804 0.378509 9.9964E-05
0.0140481 0.00956303 9.9955E-05 9.9955E-05 9.9955E-05 0.0103182 0.386522 9.9955E-05 0.579048 9.9955E-05
0.0652139 9.9955E-05 0.121904 9.9955E-05 0.0510373 9.9955E-05 9.9955E-05 9.9955E-05 0.692962 0.0683825
9.9946E-05 9.9946E-05 0.0316354 9.9946E-05 0.0797272 9.9946E-05 0.618209 9.9946E-05 0.269829 9.9946E-05
9.9973E-05 0.0840184 9.9973E-05 0.745233 0.0253373 0.00739503 0.095868 0.0249838 0.0168647 9.9973E-05
9.99371E-05 9.99371E-05 9.99371E-05 0.7938 9.99371E-05 0.0957199 0.109781 9.99371E-05 9.99371E-05 9.99371E-05
9.99573E-05 9.99573E-05 9.99573E-05 0.765306 9.99573E-05 0.0988917 0.0707147 0.0546254 9.99573E-05 0.00996268
9.9955E-05 9.9955E-05 9.9955E-05 0.711824 9.9955E-05 0.115823 0.0448144 0.0158061 9.9955E-05 0.111233
9.9973E-05 9.9973E-05 0.0188855 0.751836 9.9973E-05 0.0878037 0.0378131 0.0247477 0.0220613 0.0565524
9.9964E-05 9.9964E-05 9.9964E-05 0.746787 0.010509 0.0593295 0.0582852 0.0188281 9.9964E-05 0.105861
0.00257201 9.9964E-05 0.0155847 0.84175 9.9964E-05 0.0660832 0.0233114 0.0502993 9.9964E-05 9.9964E-05
9.9982E-05 0.00279795 9.9982E-05 0.0145853 0.0971248 0.0520169 0.430437 0.0675864 0.319022 0.0162298
9.9982E-05 0.156097 0.00338475 0.0151841 9.9982E-05 0.0841873 0.505309 0.0184771 0.187232 0.0299292
9.9955E-05 0.139992 9.9955E-05 0.0618447 0.00283847 9.9955E-05 0.0547235 9.9955E-05 0.740101 9.9955E-05
0.0246378 0.107277 9.9982E-05 0.0693779 0.0539997 0.0776379 0.470328 0.035097 0.161444 9.9982E-05
9.9955E-05 0.0961543 0.109025 9.9955E-05 9.9955E-05 9.9955E-05 0.374559 0.0286357 0.391127 9.9955E-05
9.9964E-05 9.9964E-05 0.0629576 0.0582663 0.0120819 0.0178243 0.540551 9.9964E-05 0.307919 9.9964E-05
0.0636046 9.9955E-05 9.9955E-05 0.028737 0.0562911 9.9955E-05 0.480586 9.9955E-05 0.370282 9.9955E-05
9.9955E-05 9.9955E-05 9.9955E-05 0.0200103 9.9955E-05 0.00692376 0.4277 0.043132 0.501734 9.9955E-05
0.0193583 0.170042 9.9955E-05 0.0812626 0.0170729 9.9955E-05 9.9955E-05 9.9955E-05 0.711765 9.9955E-05
0.092417 9.9982E-05 0.0617781 0.185179 9.9982E-05 0.0104531 0.476186 0.000884833 0.161055 0.0118474
9.99461E-05 9.99461E-05 9.99461E-05 9.99461E-05 9.99461E-05 0.046503 0.642568 9.99461E-05 0.276595 0.0337337
0.0573677 9.9982E-05 0.0588564 0.0527838 0.126407 0.0111402 0.458683 0.0622361 0.172326 9.9982E-05
0.0152111 9.9964E-05 0.0920777 9.9964E-05 9.9964E-05 0.0589332 0.275889 9.9964E-05 0.531113 0.0263753
0.0484947 9.9964E-05 0.0549646 0.0281319 9.9964E-05 0.0231755 0.466078 9.9964E-05 0.378756 9.9964E-05
0.095727 0.105149 9.9964E-05 0.023046 0.0600347 9.9964E-05 0.404729 9.9964E-05 0.310914 9.9964E-05
9.9946E-05 9.9946E-05 0.0377973 9.9946E-05 9.9946E-05 9.9946E-05 0.209747 0.104625 0.647231 9.9946E-05
0.0193948 0.018139 0.0435117 0.0703056 0.0209725 0.00731678 0.387785 9.9982E-05 0.432374 9.9982E-05
0.0610324 0.0901897 9.9982E-05 0.0390533 0.0404178 0.0399997 0.528172 0.0331195 0.167815 9.9982E-05
0.195396 0.487783 9.9973E-05 0.00916969 0.0353443 9.9973E-05 0.150809 0.00462417 9.9973E-05 0.116573
0.00859358 0.252376 0.0636464 0.0852749 0.167438 0.0114678 0.333648 0.0217717 0.00634266 0.0494417
9.9982E-05 0.0998413 0.112483 0.00666584 0.140011 0.0417583 0.496747 0.0583536 9.9982E-05 0.0439392
0.135903 0.0377421 9.9991E-05 0.0865951 0.0672042 0.0209599 0.542454 0.0224205 0.0333059 0.0533158
0.0149846 0.390619 0.0162045 0.0282552 0.130394 0.0233148 0.395928 9.9973E-05 9.9973E-05 9.9973E-05
9.9955E-05 0.152537 9.9955E-05 9.9955E-05 0.172586 0.0377594 0.524428 9.9955E-05 0.112189 9.9955E-05
0.0345861 0.266727 9.9964E-05 0.052503 0.208985 9.9964E-05 0.432836 9.9964E-05 0.0039631 9.9964E-05
0.12859 0.000745025 0.0528672 0.0174465 0.174216 0.0594098 0.397758 9.9991E-05 0.127348 0.0415191
9.9964E-05 9.9964E-05 9.9964E-05 0.00738597 0.117016 9.9964E-05 0.568153 0.028692 0.143039 0.135314
9.9982E-05 0.277543 0.0182318 0.000178327 0.0149295 0.029727 0.5617 9.9982E-05 0.0580175 0.0394724
9.9964E-05 0.280309 9.9964E-05 9.9964E-05 0.187322 0.0306139 0.453682 9.9964E-05 0.0394633 0.00820904
9.9973E-05 0.10429 0.0109332 0.0158859 0.162443 9.9973E-05 0.592122 9.9973E-05 0.0328093 0.0812162
9.9982E-05 9.9982E-05 0.117268 0.0102179 0.0864821 0.0142355 0.638176 0.0466635 0.0357887 0.0509687
0.126348 0.226379 9.9964E-05 9.9964E-05 0.0992638 9.9964E-05 0.48981 0.0503967 0.00740285 9.9964E-05
0.0496848 0.0785398 0.0240937 9.9982E-05 0.0833641 0.0239768 0.517421 9.9982E-05 0.103736 0.118984
0.128126 0.169018 9.9973E-05 9.9973E-05 0.0935781 0.0435374 0.479056 0.0339657 0.0524191 9.9973E-05
0.0465912 0.329908 0.041998 0.0777127 0.0669784 0.0116483 0.335372 9.9991E-05 0.00696788 0.0827238
0.0746969 0.133402 9.9973E-05 9.9973E-05 0.105149 0.00188165 0.586042 9.9973E-05 0.0297894 0.0687391
0.016292 0.0900415 9.9964E-05 0.0180665 0.045167 9.9964E-05 0.717671 9.9964E-05 9.9964E-05 0.112362
0.122165 0.331842 0.04624 0.0538212 0.0949973 0.00454428 0.153225 0.0763739 0.107234 0.00955736
0.221549 0.280436 0.0237285 9.9982E-05 0.133456 9.9982E-05 0.142192 0.00632299 0.0100024 0.182112
0.0767714 0.159193 0.0630152 9.9973E-05 0.104014 9.9973E-05 0.457465 9.9973E-05 0.0704552 0.0687856
0.292233 0.158363 0.0157358 9.9982E-05 0.230427 0.012689 9.9982E-05 0.0542922 0.159792 0.0762682
0.0757219 0.478327 0.0215718 0.0184184 0.0753664 0.034831 0.185086 9.9982E-05 0.110478 9.9982E-05
0.0441421 0.256081 9.9964E-05 0.030807 0.149652 9.9964E-05 0.421728 9.9964E-05 0.0971898 9.9964E-05
9.9955E-05 0.420069 9.9955E-05 9.9955E-05 0.157399 0.0463033 0.275837 9.9955E-05 0.0998917 9.9955E-05
9.9964E-05 0.436585 0.0595365 0.0496633 0.135239 9.9964E-05 0.216768 9.9964E-05 0.101809 9.9964E-05
0.00739938 0.0969105 0.193093 0.0260419 9.9982E-05 0.0325154 0.579957 9.9982E-05 0.051295 0.0125879
0.0714571 0.0622386 9.9982E-05 0.113703 0.0962346 0.00184345 0.60458 9.9982E-05 0.0119015 0.0378422
0.0630475 0.141779 9.9973E-05 0.0701318 0.109251 9.9973E-05 0.468312 0.042708 0.10447 9.9973E-05
0.116869 0.24105 0.0237458 9.9982E-05 0.218091 0.00123763 0.112793 9.9982E-05 0.110157 0.175857
0.0818988 0.048988 0.0454803 0.10073 0.0557741 0.020483 0.437238 9.9991E-05 0.148784 0.0605247
0.084031 9.9964E-05 0.195745 9.9964E-05 0.0545292 9.9964E-05 0.478784 9.9964E-05 0.0288015 0.157709
0.215942 9.9973E-05 0.185366 0.0689111 0.0764865 0.0190157 9.9973E-05 9.9973E-05 0.167734 0.266246
0.108925 0.0285095 0.0386955 0.0552341 9.9982E-05 0.0410772 0.555172 0.0486009 0.123586 9.9982E-05
0.0174609 0.0213722 0.0520609 0.0644316 0.0446336 9.9982E-05 0.384857 9.9982E-05 0.22863 0.186353
0.140204 0.0160041 0.0291132 0.115144 0.0283371 9.9991E-05 0.482526 0.053467 0.0717655 0.06334
9.9973E-05 0.122935 0.208088 9.9973E-05 0.0452679 0.0132428 0.206385 9.9973E-05 0.152462 0.25132
0.134512 0.16541 0.337957 0.0422448 0.0369695 9.9982E-05 0.105817 9.9982E-05 0.111299 0.065591
0.246381 0.10916 0.0569629 0.00188913 0.132473 9.9982E-05 0.350255 9.9982E-05 0.0596053 0.0430744
0.0926528 0.159891 0.106126 0.0566074 9.9973E-05 0.0255766 0.460223 9.9973E-05 9.9973E-05 0.0986235
9.9982E-05 0.172981 0.152956 0.139312 0.0421328 9.9982E-05 0.403013 0.0313553 0.0145748 0.043474
0.0981612 0.247816 0.169995 9.9973E-05 9.9973E-05 0.0196359 9.9973E-05 0.121863 0.171405 0.170825
0.113528 0.0980746 0.248962 9.9973E-05 9.9973E-05 0.0307395 0.431302 0.0149926 9.9973E-05 0.0621013
0.0111186 0.14945 0.332974 9.9973E-05 0.00547052 9.9973E-05 0.26245 9.9973E-05 0.168136 0.0701013
0.0824879 0.153061 0.160235 9.9973E-05 0.00709127 9.9973E-05 0.354175 9.9973E-05 0.155943 0.0867066
0.00936192 9.9991E-05 0.0873931 0.0191511 0.0621816 0.0949413 0.428984 0.107048 0.119837 0.0710013
9.9973E-05 0.0803785 0.120107 0.182991 9.9973E-05 0.0697996 0.141688 0.228633 9.9973E-05 0.176103
9.9964E-05 9.9964E-05 0.0477618 0.359784 0.0263044 0.0249553 9.9964E-05 0.0915995 9.9964E-05 0.449195
0.0347879 9.9964E-05 0.0758267 0.289119 9.9964E-05 0.0275989 9.9964E-05 0.0817761 9.9964E-05 0.490491
9.9982E-05 0.0254585 0.0975372 0.270018 0.0186893 0.0483818 0.0926858 0.255888 9.9982E-05 0.191142
0.0704823 9.9973E-05 0.262192 9.9973E-05 9.9973E-05 0.00256294 0.524939 0.00699479 0.116856 0.0156732
9.9964E-05 9.9964E-05 0.147502 0.00328956 0.0638237 9.9964E-05 0.367676 0.161939 0.255369 9.9964E-05
9.9955E-05 0.0346647 9.9955E-05 9.9955E-05 9.9955E-05 0.00366761 0.34548 0.5997 9.9955E-05 0.0159876
9.9964E-05 0.124656 9.9964E-05 9.9964E-05 0.0137033 0.0384336 0.386573 0.374648 0.0615862 9.9964E-05
0.0279827 9.9982E-05 0.0385836 0.0866297 0.0969252 9.9982E-05 0.361427 0.324889 0.00931661 0.0540468
0.131853 0.00300929 0.534889 9.9964E-05 9.9964E-05 9.9964E-05 0.213029 9.9964E-05 0.0525951 0.0642252
0.0895199 0.00583301 0.122418 0.0788708 9.9973E-05 9.9973E-05 0.556315 9.9973E-05 0.101129 0.0456146
0.238139 0.0382226 0.451017 9.9973E-05 9.9973E-05 9.9973E-05 0.0934608 0.0308497 0.0870746 0.0609372
0.0407607 9.9964E-05 0.201579 9.9964E-05 0.0408171 9.9964E-05 0.501325 9.9964E-05 0.138279 0.0768388
0.199316 0.169038 0.146174 9.9982E-05 0.013762 0.00227829 0.373104 9.9982E-05 0.0368026 0.0593245
0.0817338 0.0100228 0.350328 9.9982E-05 0.00733747 0.00189021 0.474172 0.0665809 9.9982E-05 0.00773477
0.260763 0.105384 0.349189 9.9973E-05 0.0127328 9.9973E-05 0.126278 9.9973E-05 0.0842161 0.0611369
0.152504 0.0118496 0.099286 9.9982E-05 0.0525316 0.00240431 0.505021 0.116471 9.9982E-05 0.0597334
0.0577617 0.0967976 0.10113 0.0786153 9.9982E-05 9.9982E-05 0.395274 0.0963035 0.0998704 0.0740474
9.9946E-05 0.0271485 9.9946E-05 0.010456 9.9946E-05 9.9946E-05 9.9946E-05 0.935399 0.0263969 9.9946E-05
0.0418831 9.9955E-05 0.0222727 9.9955E-05 9.9955E-05 9.9955E-05 0.0263366 0.884212 0.0247962 9.9955E-05
0.00989329 9.9964E-05 9.9964E-05 0.0282554 9.9964E-05 0.0209224 0.194726 0.574411 0.171392 9.9964E-05
0.0378567 9.9946E-05 9.9946E-05 0.000445879 9.9946E-05 9.9946E-05 0.418283 0.542815 9.9946E-05 9.9946E-05
9.9955E-05 9.9955E-05 0.0195269 9.9955E-05 0.00354951 9.9955E-05 0.188836 0.752862 0.0347253 9.9955E-05
9.99201E-05 9.99201E-05 9.99201E-05 9.99201E-05 9.99201E-05 9.99201E-05 9.99201E-05 0.999101 9.99201E-05 9.99201E-05
9.9937E-05 0.029509 9.9937E-05 9.9937E-05 0.0239467 9.9937E-05 9.9937E-05 0.945845 9.9937E-05 9.9937E-05
9.9928E-05 9.9928E-05 9.9928E-05 9.9928E-05 9.9928E-05 9.9928E-05 0.230497 0.768703 9.9928E-05 9.9928E-05
9.9937E-05 0.0731268 9.9937E-05 9.9937E-05 9.9937E-05 0.00397991 9.9937E-05 0.922194 9.9937E-05 9.9937E-05
9.99201E-05 9.99201E-05 9.99201E-05 9.99201E-05 9.99201E-05 9.99201E-05 9.99201E-05 0.999101 9.99201E-05 9.99201E-05
9.9928E-05 9.9928E-05 9.9928E-05 9.9928E-05 9.9928E-05 0.0332157 9.9928E-05 0.965985 9.9928E-05 9.9928E-05
9.9955E-05 0.00316535 0.0119652 9.9955E-05 9.9955E-05 0.0785783 0.205722 0.700069 9.9955E-05 9.9955E-05
9.9955E-05 9.9955E-05 9.9955E-05 0.0620259 0.0772868 0.00531223 0.141583 0.713293 9.9955E-05 9.9955E-05
9.9928E-05 9.9928E-05 9.9928E-05 9.9928E-05 9.9928E-05 9.9928E-05 9.9928E-05 0.936004 0.0631965 9.9928E-05
0.0376486 0.0874624 9.9982E-05 0.042352 0.0311176 9.9982E-05 0.317192 0.338665 0.0883992 0.0569631
9.9973E-05 0.00757725 9.9973E-05 0.0423626 0.0621116 0.0094071 0.234774 0.634079 0.00938892 9.9973E-05
9.9946E-05 9.9946E-05 9.9946E-05 9.9946E-05 9.9946E-05 0.0166406 0.262202 0.685398 9.9946E-05 0.0351602
9.9964E-05 0.0550408 9.9964E-05 0.0293967 0.00721657 9.9964E-05 0.0791483 0.822597 9.9964E-05 0.00620037
9.9946E-05 9.9946E-05 9.9946E-05 9.9946E-05 9.9946E-05 0.000896968 0.104444 0.867612 9.9946E-05 0.0264481
9.9937E-05 9.9937E-05 9.9937E-05 9.9937E-05 9.9937E-05 9.9937E-05 0.07002 0.848352 9.9937E-05 0.0809283
9.9928E-05 9.9928E-05 9.9928E-05 9.9928E-05 9.9928E-05 0.000547804 9.9928E-05 0.998653 9.9928E-05 9.9928E-05
0.0306962 9.9964E-05 9.9964E-05 0.0532937 0.015644 9.9964E-05 0.198347 0.589818 0.111801 9.9964E-05
0.0514336 0.0228113 0.0322143 9.9955E-05 9.9955E-05 9.9955E-05 0.0515073 0.841534 9.9955E-05 9.9955E-05
0.081145 9.9955E-05 0.408877 0.222578 9.9955E-05 9.9955E-05 9.9955E-05 9.9955E-05 0.000490117 0.286411
9.9973E-05 9.9973E-05 0.239469 0.0691713 0.176648 0.0328252 0.282529 0.103977 9.9973E-05 0.095081
0.00134678 9.9991E-05 0.307695 0.141464 0.0258264 0.00654056 0.413243 0.0375559 0.0134236 0.0528053
0.010461 9.9991E-05 0.354394 0.0947642 0.0441458 0.0670649 0.0886428 0.0683294 0.042817 0.229281
0.00318773 9.9982E-05 0.182993 0.02826 0.0624853 0.0393967 0.442708 0.110396 9.9982E-05 0.130373
0.105623 0.0367033 0.218074 0.10796 9.9991E-05 0.041448 0.101404 0.0828209 0.0381636 0.267703
0.0857333 0.0790123 0.0903532 0.174846 9.9982E-05 0.0204237 0.423356 0.0534305 0.0726456 9.9982E-05
0.0105557 9.9973E-05 0.343059 0.102274 9.9973E-05 9.9973E-05 0.218723 0.0953531 0.0929425 0.136792
9.9973E-05 0.0121752 0.281003 0.0807135 9.9973E-05 0.0528615 0.396942 0.0849254 9.9973E-05 0.0910794
9.9964E-05 9.9964E-05 0.261273 0.0588964 9.9964E-05 0.0568936 0.370859 0.0812422 9.9964E-05 0.170436
0.00885877 0.0321213 0.0731033 0.161786 9.9982E-05 0.115414 0.405477 9.9982E-05 0.185791 0.0172486
9.9946E-05 9.9946E-05 0.0350006 0.835496 0.064104 9.9946E-05 0.0647994 9.9946E-05 9.9946E-05 9.9946E-05
0.0229514 9.9955E-05 9.9955E-05 0.82932 9.9955E-05 0.0581761 9.9955E-05 0.0558085 9.9955E-05 0.0332437
9.9955E-05 9.9955E-05 9.9955E-05 0.881871 0.037563 0.0376623 0.00307499 9.9955E-05 9.9955E-05 0.0393286
9.9946E-05 9.9946E-05 9.9946E-05 0.918579 9.9946E-05 0.00187717 0.0417752 9.9946E-05 9.9946E-05 0.0371688
9.9955E-05 0.0385559 9.9955E-05 0.786031 9.9955E-05 0.0974984 0.0395187 9.9955E-05 9.9955E-05 0.0378966
0.0479036 9.9955E-05 9.9955E-05 0.789615 9.9955E-05 0.0458665 9.9955E-05 0.0578662 9.9955E-05 0.0582489
9.9964E-05 9.9964E-05 9.9964E-05 0.814565 0.0259629 0.0380133 0.0395467 0.0798987 9.9964E-05 0.00161338
0.0692007 9.9955E-05 9.9955E-05 0.819879 9.9955E-05 0.0291898 9.9955E-05 9.9955E-05 0.0240792 0.0571511
9.9946E-05 9.9946E-05 9.9946E-05 0.857409 9.9946E-05 0.0277321 0.0654926 9.9946E-05 9.9946E-05 0.0487667
9.9946E-05 9.9946E-05 9.9946E-05 0.810656 9.9946E-05 9.9946E-05 0.0711356 0.0386665 9.9946E-05 0.078942
0.0793953 0.174672 9.9964E-05 0.563184 0.0783529 0.0579467 9.9964E-05 9.9964E-05 0.0460494 9.9964E-05
0.0226737 0.129082 9.9973E-05 0.597469 0.171429 0.00506849 9.9973E-05 9.9973E-05 0.0689279 0.0050505
0.0824625 0.197339 0.0487504 0.492113 0.14612 0.0328151 9.9964E-05 9.9964E-05 9.9964E-05 9.9964E-05
0.0227006 0.254726 0.0792764 0.515529 0.0789615 9.9964E-05 9.9964E-05 9.9964E-05 0.048407 9.9964E-05
9.9973E-05 0.157468 0.0385732 0.00619094 0.068205 0.0776331 0.431559 9.9973E-05 0.220072 9.9973E-05
0.0927233 0.013146 0.12268 9.9973E-05 0.0216645 9.9973E-05 0.494003 0.00713836 0.248344 9.9973E-05
9.9973E-05 0.0551374 0.0962542 0.0136865 0.146606 9.9973E-05 0.537567 0.0162871 0.134162 9.9973E-05
9.9964E-05 0.269363 9.9964E-05 9.9964E-05 0.14301 0.024753 0.347009 9.9964E-05 0.177615 0.0378498
0.0268293 0.525325 0.0901303 9.9982E-05 0.202537 0.00147534 0.0800472 0.0070899 0.0663666 9.9982E-05
0.0485614 0.0462494 9.9973E-05 0.0575497 9.9973E-05 0.00768992 0.60122 0.0457477 0.192682 9.9973E-05
9.9955E-05 0.0575322 9.9955E-05 9.9955E-05 0.0102046 9.9955E-05 0.549745 9.9955E-05 0.325303 0.0567148
0.0643364 0.106843 0.061853 9.9973E-05 0.0586008 0.00305187 0.448783 9.9973E-05 0.256232 9.9973E-05
0.0812162 9.9955E-05 9.9955E-05 9.9955E-05 0.0141264 9.9955E-05 0.328746 0.056442 0.51897 9.9955E-05
9.9964E-05 0.0428465 9.9964E-05 9.9964E-05 0.105307 0.0553469 0.534641 9.9964E-05 0.225654 0.0358044
0.0527738 0.108973 9.9964E-05 9.9964E-05 0.0570143 0.0319029 0.395836 9.9964E-05 0.3531 9.9964E-05
0.282242 0.0350142 9.99576E-05 9.99576E-05 0.0570445 0.0220747 9.99576E-05 9.99576E-05 0.603125 9.99576E-05
0.0625832 0.127421 0.0469786 9.9982E-05 0.167045 0.0154807 0.490409 9.9982E-05 0.0410135 0.0488688
0.115453 0.0542465 0.0678331 9.9973E-05 0.00653568 9.9973E-05 0.206907 9.9973E-05 0.414914 0.133812
0.0221737 0.0540849 9.9991E-05 0.0142758 0.00512262 0.0194487 0.489237 0.0315271 0.350949 0.0130809
9.9955E-05 0.111494 9.9955E-05 0.0696709 0.0813828 9.9955E-05 0.100005 9.9955E-05 0.636948 9.9955E-05
9.9955E-05 9.9955E-05 0.0627529 9.9955E-05 0.819304 0.000106735 9.9955E-05 0.00977934 9.9955E-05 0.107557
0.000317618 9.9955E-05 0.138032 0.0485187 0.770743 9.9955E-05 0.0418888 9.9955E-05 9.9955E-05 9.9955E-05
9.9928E-05 9.9928E-05 0.116077 9.9928E-05 0.883123 9.9928E-05 9.9928E-05 9.9928E-05 9.9928E-05 9.9928E-05
9.9946E-05 9.9946E-05 0.112178 0.0478997 0.831069 9.9946E-05 9.9946E-05 9.9946E-05 0.00825354 9.9946E-05
9.9955E-05 9.9955E-05 0.124485 9.9955E-05 0.802472 9.9955E-05 0.00712279 0.0416762 0.0237437 9.9955E-05
9.9946E-05 9.9946E-05 9.9946E-05 0.00475404 0.861913 9.9946E-05 0.0377991 0.094934 9.9946E-05 9.9946E-05
9.9955E-05 9.9955E-05 9.9955E-05 0.817286 9.9955E-05 0.0488555 0.0808347 0.0398797 9.9955E-05 0.0126442
9.9964E-05 0.0109046 9.9964E-05 0.777077 0.074287 9.9964E-05 0.0721719 0.00826509 9.9964E-05 0.0568945
9.9973E-05 0.0243884 9.9973E-05 0.652527 0.0298763 0.0801992 0.101303 0.110651 9.9973E-05 0.000755215
9.9964E-05 0.0630347 9.9964E-05 0.725585 9.9964E-05 0.0323869 0.0580194 0.11122 9.9964E-05 0.00935342
9.9973E-05 9.9973E-05 0.0541018 0.770773 0.00631304 0.00442344 0.0957413 0.0625211 9.9973E-05 0.00582601
9.9973E-05 0.0588567 0.0710334 0.309154 0.446008 0.0317093 9.9973E-05 9.9973E-05 0.0180354 0.0649035
0.0327643 9.9964E-05 0.085838 0.445846 0.350766 0.00434637 9.9964E-05 9.9964E-05 0.0800392 9.9964E-05
0.0714748 0.0140507 9.9973E-05 0.396055 0.468543 0.00487586 9.9973E-05 9.9973E-05 0.0316883 0.0130119
9.99279E-05 9.99279E-05 9.99279E-05 9.99279E-05 0.00076233 0.998438 9.99279E-05 9.99279E-05 9.99279E-05 9.99279E-05
0.0355704 0.0723571 9.9973E-05 0.351688 0.459541 0.00549539 9.9973E-05 9.9973E-05 0.0467764 0.0282716
9.99573E-05 9.99573E-05 9.99573E-05 0.073602 0.00537266 9.99573E-05 0.395409 0.206987 9.99573E-05 0.318129
9.9964E-05 0.0447419 0.0615024 0.122756 9.9964E-05 9.9964E-05 0.626495 0.10394 9.9964E-05 0.0401639
9.9955E-05 9.9955E-05 9.9955E-05 0.141631 9.9955E-05 0.0229471 0.579035 0.202635 9.9955E-05 0.0532509
9.9964E-05 9.9964E-05 9.9964E-05 0.205253 0.0126549 9.9964E-05 0.298852 0.185761 0.126624 0.170455
9.9982E-05 9.9982E-05 0.0959967 0.0619361 0.121407 0.0638532 0.341952 0.218617 0.0786741 0.0173647
9.9955E-05 9.9955E-05 0.0122214 0.33603 9.9955E-05 9.9955E-05 0.0450964 0.245405 9.9955E-05 0.360748
0.0870559 0.245861 0.0382879 9.9973E-05 0.159155 0.00325164 0.428822 9.9973E-05 0.0372669 9.9973E-05
0.181626 0.191755 0.0421702 9.9973E-05 0.120229 9.9973E-05 0.319592 9.9973E-05 0.0256856 0.118642
9.9955E-05 0.639103 9.9955E-05 0.0542444 0.0886967 0.0411806 0.176276 9.9955E-05 9.9955E-05 9.9955E-05
0.176973 0.14114 9.9964E-05 9.9964E-05 0.0920107 9.9964E-05 0.477023 9.9964E-05 0.105671 0.00678244
0.366213 0.11548 9.9955E-05 9.9955E-05 0.0760136 9.9955E-05 9.9955E-05 9.9955E-05 0.225853 0.21594
9.9964E-05 0.227292 0.0212955 9.9964E-05 9.9964E-05 0.00921663 0.564819 9.9964E-05 0.0450534 0.131924
0.144237 0.194929 0.00766329 0.0155267 0.0668549 0.0402769 0.424905 0.0180489 0.0500359 0.037523
9.9973E-05 0.627494 9.9973E-05 0.0029116 0.025498 0.049156 0.218028 9.9973E-05 0.0379967 0.0386157
9.9982E-05 0.113706 0.0116276 0.0770326 0.10541 9.9982E-05 0.517101 0.0490321 0.0646187 0.0612724
0.143428 0.431753 0.0623302 9.9964E-05 9.9964E-05 9.9964E-05 0.00806676 9.9964E-05 0.181147 0.172875
0.130583 0.248051 0.0518266 9.9973E-05 0.0333753 9.9973E-05 0.434195 9.9973E-05 0.0502031 0.0514662
0.0263011 0.0995955 9.9973E-05 9.9973E-05 0.253859 9.9973E-05 0.481013 0.0365534 0.0911991 0.0111793
9.9982E-05 0.0389755 9.9982E-05 0.0455302 0.0792851 0.0177075 0.364104 0.163801 0.210054 0.0803425
0.237384 0.399706 9.9964E-05 9.9964E-05 0.013482 9.9964E-05 0.324349 9.9964E-05 0.0135886 0.0110905
0.0947924 0.242232 9.9973E-05 0.0459145 0.125184 9.9973E-05 0.362379 9.9973E-05 0.112871 0.0163272
0.130196 0.180956 0.065885 0.00259781 0.0181915 9.9991E-05 0.359243 0.12576 0.0199289 0.0971416
0.0169485 0.114457 0.0574154 0.0104102 0.14255 9.9982E-05 0.466493 9.9982E-05 0.131163 0.0603622
0.0459214 0.118494 9.9973E-05 0.0325465 0.0881228 0.027097 0.634612 9.9973E-05 0.0529057 9.9973E-05
0.0838419 0.0655988 9.9991E-05 0.0256665 0.0371096 0.0278693 0.572692 0.0466365 0.128086 0.0123994
9.9946E-05 0.242445 9.9946E-05 9.9946E-05 0.0590924 9.9946E-05 0.540083 9.9946E-05 9.9946E-05 0.157779
9.9946E-05 9.9946E-05 9.9946E-05 0.742862 9.9946E-05 0.00985221 0.166949 0.079738 9.9946E-05 9.9946E-05
0.0405512 9.9964E-05 0.0223131 0.800372 9.9964E-05 9.9964E-05 0.0485908 0.0409416 0.0468314 9.9964E-05
0.00760634 9.9964E-05 0.0900931 0.736244 0.0686889 9.9964E-05 0.0427036 0.0542637 9.9964E-05 9.9964E-05
0.0514471 9.9964E-05 9.9964E-05 0.756289 0.032353 0.0124593 9.9964E-05 0.0524576 0.0945937 9.9964E-05
0.00145383 9.9964E-05 0.0746286 0.750294 9.9964E-05 0.043732 0.0895633 0.0399282 9.9964E-05 9.9964E-05
9.9964E-05 0.607313 9.9964E-05 9.9964E-05 0.149177 9.9964E-05 0.12484 0.0304712 0.00422533 0.0835733
0.0645393 0.218007 0.040515 0.0156708 0.0468817 0.0253185 0.405865 0.0264457 0.0729883 0.0837692
0.0189424 9.9982E-05 0.0423897 0.15948 0.0842149 9.9982E-05 0.432637 0.166269 0.0309429 0.0649242
0.0360481 0.240768 0.0215469 0.0124956 0.0111704 0.0300876 0.626877 0.0208065 9.9982E-05 9.9982E-05
0.00396995 0.242147 9.9973E-05 0.0347692 0.0836077 9.9973E-05 0.445157 9.9973E-05 0.136818 0.0532309
0.155497 0.352007 0.0340821 9.9982E-05 0.102994 0.0424334 0.224212 0.0428111 9.9982E-05 0.0457637
9.9964E-05 0.486862 9.9964E-05 0.0470701 0.184005 0.0583306 9.9964E-05 9.9964E-05 0.113867 0.109467
0.0310161 0.191159 0.0113248 9.9982E-05 0.211493 0.0222422 0.451782 9.9982E-05 0.0777346 0.00304831
0.0890321 0.471318 0.010817 0.057996 0.17548 0.0505251 0.0945472 0.0500847 9.9982E-05 9.9982E-05
0.0519707 0.00349508 0.0636097 9.9973E-05 0.216616 9.9973E-05 0.40901 9.9973E-05 0.100886 0.154112
0.0972419 0.407033 9.9982E-05 0.14131 0.191536 0.000851523 0.0491226 9.9982E-05 0.0550076 0.0576979
9.9982E-05 0.128939 9.9982E-05 0.0875075 0.0810426 0.0119742 0.558866 0.0418151 0.0629576 0.0266982
0.0753929 0.519781 0.0029411 0.115868 0.141294 0.0361551 0.0884855 9.9982E-05 0.0198834 9.9982E-05
0.156161 0.279426 0.0213577 9.9991E-05 0.156782 0.0149234 0.231276 0.0607606 0.0339879 0.0452255
0.10414 0.0883416 0.171914 0.047676 0.00951058 9.9982E-05 0.495375 9.9982E-05 0.0342858 0.0485573
0.164028 0.0998428 0.53904 9.9955E-05 0.0189437 9.9955E-05 0.177645 9.9955E-05 9.9955E-05 9.9955E-05
0.00617323 0.0597437 0.306047 0.058456 9.9973E-05 9.9973E-05 0.479055 0.0243567 0.0658691 9.9973E-05
0.0448552 0.0412783 0.180439 0.123774 0.0138907 0.0234974 0.487732 9.9982E-05 0.084334 9.9982E-05
0.146231 0.0828026 0.557542 9.9955E-05 9.9955E-05 9.9955E-05 0.206302 9.9955E-05 9.9955E-05 0.00662286
0.0520112 0.0871291 0.159801 0.0227108 9.9982E-05 9.9982E-05 0.374792 0.0655774 0.170022 0.0677565
0.150314 9.9973E-05 0.131248 9.9973E-05 0.0346554 0.0220755 0.509665 9.9973E-05 0.0823629 0.0693788
0.194172 9.9955E-05 0.597093 9.9955E-05 0.0502889 9.9955E-05 9.9955E-05 9.9955E-05 0.115669 0.0422774
0.125639 9.9955E-05 0.437578 9.9955E-05 9.9955E-05 9.9955E-05 0.132 9.9955E-05 0.160418 0.143865
0.0904598 9.9955E-05 0.346122 9.9955E-05 0.116428 0.0121081 0.434383 9.9955E-05 9.9955E-05 9.9955E-05
0.150571 0.145427 0.470836 0.000666141 0.0095115 9.9982E-05 0.022944 9.9982E-05 0.144054 0.0557906
0.00275557 0.136155 0.283291 9.9973E-05 0.0740914 9.9973E-05 0.365428 9.9973E-05 0.0844616 0.0535173
0.016621 0.491238 9.9973E-05 9.9973E-05 0.212208 0.0414845 0.0475923 9.9973E-05 0.145232 0.0453243
0.297205 0.279 9.9964E-05 9.9964E-05 0.135745 9.9964E-05 0.212704 9.9964E-05 0.0492898 0.0256567
0.0488624 0.36947 9.9973E-05 9.9973E-05 0.185605 0.0240137 0.329049 0.0382518 9.9973E-05 0.0044488
0.00922666 0.0712269 9.9982E-05 9.9982E-05 0.198526 0.0433004 0.597432 0.0139972 0.0338226 0.0322681
9.9955E-05 0.50445 9.9955E-05 9.9955E-05 0.183778 9.9955E-05 0.179366 0.0344841 0.0974226 9.9955E-05
0.169159 0.0624476 0.00422586 0.0309566 0.119402 0.0267117 0.412555 0.0744079 0.0278934 0.0722415
9.9982E-05 0.0858081 0.0255772 9.9982E-05 0.0988505 0.0385608 0.571417 0.0100339 0.0377135 0.131839
0.0375999 0.275268 9.9982E-05 0.0666137 0.0744816 9.9982E-05 0.454154 0.0110823 0.0552618 0.025339
9.9964E-05 0.213418 9.9964E-05 9.9964E-05 0.137517 0.0490605 0.439774 0.0265349 0.133296 9.9964E-05
9.9973E-05 0.234319 9.9973E-05 0.00506551 0.152582 0.034389 0.320281 0.043625 0.209439 9.9973E-05
0.00220939 0.425708 9.9973E-05 9.9973E-05 0.169713 0.00345051 0.186455 0.0531844 0.158978 9.9973E-05
0.0785051 0.143162 0.0530402 0.00304138 0.279299 9.9973E-05 0.367187 0.075465 9.9973E-05 9.9973E-05
0.151935 0.210863 9.9955E-05 9.9955E-05 0.0787835 9.9955E-05 0.522168 0.035751 9.9955E-05 9.9955E-05
0.00478139 0.222657 9.9991E-05 0.0611925 0.00823865 0.0164497 0.562904 0.00638427 0.073716 0.0435759
0.0150057 0.116973 9.9973E-05 9.9973E-05 0.198969 0.00573655 0.434924 9.9973E-05 0.121307 0.106785
0.11008 0.110402 9.9955E-05 9.9955E-05 0.136922 9.9955E-05 0.533176 9.9955E-05 9.9955E-05 0.10892
9.9973E-05 0.189931 0.064364 0.0445701 0.277007 0.0164362 0.326765 9.9973E-05 9.9973E-05 0.0806274
0.0746599 0.144682 0.0238768 9.9973E-05 0.145222 0.00340868 0.585541 9.9973E-05 0.0223094 9.9973E-05
0.028903 0.212999 0.095132 0.0104627 0.130682 0.0404763 0.396095 0.0850502 9.9982E-05 9.9982E-05
0.0625743 0.20996 0.017133 0.0120417 0.0674372 0.0538972 0.446568 0.0525587 9.9991E-05 0.0777303
9.9964E-05 0.0851971 9.9964E-05 0.249233 9.9964E-05 0.00630859 0.427464 0.0907163 9.9964E-05 0.140681
0.0379759 9.9973E-05 0.00476348 0.0354875 9.9973E-05 0.0560298 0.559852 0.160684 9.9973E-05 0.144908
0.10535 0.0237539 0.0414261 0.0833013 0.0466346 0.0158521 0.435234 0.0837888 0.0237212 0.140939
9.9973E-05 9.9973E-05 9.9973E-05 0.000886395 0.0919477 0.0262426 0.572742 0.10982 0.13153 0.0665314
9.9973E-05 0.0829825 9.9973E-05 0.100044 9.9973E-05 0.0349555 0.472856 0.137849 0.0950936 0.0759197
0.184734 0.279138 0.114774 9.9964E-05 9.9964E-05 9.9964E-05 0.372399 0.000518838 9.9964E-05 0.0480366
0.0930537 9.9964E-05 0.00688483 0.186814 9.9964E-05 9.9964E-05 0.574573 9.9964E-05 0.033978 0.104297
0.0637788 0.169845 0.125676 0.121184 9.9982E-05 9.9982E-05 0.0159658 0.0425368 0.0733 0.387514
0.0515801 0.186805 9.9991E-05 0.0663744 0.0129502 0.029008 0.41702 0.144787 0.00381347 0.0875618
0.0859421 0.0989986 9.9982E-05 0.107478 0.024638 0.00818861 0.511097 0.115769 0.0476889 9.9982E-05
0.0916647 0.0772548 9.9964E-05 0.107416 9.9964E-05 9.9964E-05 0.528545 0.187404 9.9964E-05 0.0073163
0.0278692 0.245574 9.9991E-05 0.0311242 0.0310762 0.0616409 0.294381 0.0332791 0.0643232 0.210632
0.055675 0.0198373 9.9991E-05 0.124791 0.0121253 0.00160567 0.49289 0.162164 0.0169215 0.11389
0.0466354 9.9982E-05 0.00815114 0.0358693 0.0945648 0.0868572 0.618355 0.0429923 9.9982E-05 0.0663747
9.9955E-05 9.9955E-05 9.9955E-05 0.238908 9.9955E-05 0.0551077 9.9955E-05 0.093826 0.0420316 0.569627
9.9973E-05 9.9973E-05 9.9973E-05 0.0210126 0.136112 0.107113 0.450157 0.203609 0.00411801 0.0775786
9.9955E-05 9.9955E-05 0.0983361 0.0805485 9.9955E-05 9.9955E-05 0.537814 0.127087 9.9955E-05 0.155715
9.99733E-05 0.152492 9.99733E-05 0.0771998 9.99733E-05 0.0293847 0.619649 0.0812665 0.00952197 0.0301864
9.9964E-05 0.0185473 9.9964E-05 0.158836 0.00593638 9.9964E-05 0.673315 0.0713782 9.9964E-05 0.0715878
0.043951 0.0799572 0.0283406 0.146613 0.0338915 0.0285756 0.450736 0.110655 0.0533739 0.0239069
0.320178 0.00503922 9.9982E-05 0.0237302 0.0699914 0.0334592 0.446152 0.0352909 0.0659597 9.9982E-05
0.117791 9.9982E-05 0.166643 0.0461574 0.0925854 0.0143304 0.41498 0.0157095 0.131602 9.9982E-05
0.716059 0.131844 0.0239363 9.9955E-05 9.9955E-05 9.9955E-05 9.9955E-05 0.0137693 0.113892 9.9955E-05
0.879765 9.99459E-05 9.99459E-05 0.0143776 0.0318739 9.99459E-05 9.99459E-05 9.99459E-05 0.0733839 9.99459E-05
0.328891 0.0635074 0.00432389 0.074378 9.9982E-05 0.00978026 0.43489 0.0582017 0.0258274 9.9982E-05
0.00925225 0.0238086 0.0774436 0.082442 9.9973E-05 9.9973E-05 0.480209 0.190475 9.9973E-05 0.136069
0.229546 9.9955E-05 9.9955E-05 9.9955E-05 9.9955E-05 0.0396542 0.250043 0.337039 9.9955E-05 0.143218
0.214246 9.9973E-05 9.9973E-05 0.106676 9.9973E-05 0.00135881 0.136928 0.31587 0.0071784 0.217443
0.102532 0.00770469 9.9973E-05 0.081239 9.9973E-05 0.0610514 0.369194 0.213098 9.9973E-05 0.16488
0.667231 9.9955E-05 0.0418842 9.9955E-05 9.9955E-05 9.9955E-05 0.0117855 0.065792 9.9955E-05 0.212807
0.477954 9.9955E-05 9.9955E-05 9.9955E-05 9.9955E-05 0.0201068 0.195709 0.0132979 9.9955E-05 0.292433
0.249673 9.9982E-05 0.0275092 9.9982E-05 0.0241349 0.0291982 0.543393 0.0585947 0.0195811 0.0477159
0.340888 0.00678673 9.9964E-05 0.0755002 9.9964E-05 9.9964E-05 0.484773 0.0603835 9.9964E-05 0.0312689
0.68611 9.9973E-05 9.9973E-05 0.0519365 0.0026879 0.0226214 0.142314 0.0726597 9.9973E-05 0.0213707
0.232583 0.00577912 0.0239828 0.0743455 0.0202704 0.0123197 0.55642 9.9991E-05 0.0272357 0.0469642
0.324226 0.0146246 0.0389398 9.9982E-05 0.0225036 9.9982E-05 0.498593 0.00978072 0.0130356 0.0780971
0.120744 0.0286025 0.100681 0.048541 0.0393923 0.00655714 0.438588 0.0959441 0.0778865 0.0430641
0.501626 0.106345 0.0532251 0.0367379 0.00379088 0.0058851 0.29209 9.9973E-05 9.9973E-05 9.9973E-05
0.506743 0.119369 0.0296899 9.9964E-05 9.9964E-05 0.0468109 0.280648 0.0163396 9.9964E-05 9.9964E-05
0.252729 0.0328459 0.0748055 0.0668263 0.0488956 0.0420241 0.466427 9.9982E-05 9.9982E-05 0.0152464
0.316865 9.9973E-05 0.111573 0.00992791 0.117278 0.0260045 0.399178 9.9973E-05 9.9973E-05 0.018874
0.061975 0.108015 0.0802524 0.0351507 0.0833128 0.0161604 0.444151 0.0222333 0.0124457 0.136304
0.426233 0.0254527 0.103848 9.9964E-05 0.0112519 9.9964E-05 0.41372 9.9964E-05 9.9964E-05 0.0190951
0.691683 9.9946E-05 0.0592704 9.9946E-05 0.0338409 9.9946E-05 0.214606 9.9946E-05 9.9946E-05 9.9946E-05
0.295599 9.9955E-05 0.00674824 0.112535 9.9955E-05 9.9955E-05 0.515118 9.9955E-05 0.0695005 9.9955E-05
0.708975 0.0105454 9.9955E-05 0.00769173 0.00280271 9.9955E-05 0.269485 9.9955E-05 9.9955E-05 9.9955E-05
0.552689 9.9964E-05 0.052037 9.9964E-05 0.0123175 0.011523 0.354943 9.9964E-05 0.0160909 9.9964E-05
0.242991 9.9982E-05 0.00942627 0.06578 9.9982E-05 0.0252901 0.495324 0.01427 0.131412 0.015306
0.324773 9.9973E-05 0.0199943 0.0160303 0.0462001 0.0438313 0.443495 9.9973E-05 0.105376 9.9973E-05
0.159989 0.032091 0.0553827 0.127728 0.00812284 9.9991E-05 0.432926 0.157772 0.0116167 0.0142712
0.134574 0.0695698 0.00308029 0.123782 0.10693 0.0489497 0.406661 0.0617313 9.9991E-05 0.0446223
9.9982E-05 9.9982E-05 0.0935873 0.0428486 0.133817 0.0230718 0.290803 0.227606 0.00209617 0.185971
9.9982E-05 0.029393 0.116781 0.0881551 0.0217148 0.061733 0.331602 0.125749 9.9982E-05 0.224672
9.9964E-05 9.9964E-05 0.0995886 0.16925 0.0753368 9.9964E-05 0.417109 0.143605 0.094711 9.9964E-05
0.0622483 9.9991E-05 0.142668 0.143661 0.100807 0.0383344 0.36822 0.105663 0.0137873 0.0245109
0.59807 9.9973E-05 0.00128706 0.134111 0.042169 0.0368813 9.9973E-05 0.0921402 9.9973E-05 0.0950414
0.0274625 9.9982E-05 0.208152 0.00178344 0.0785513 0.00923811 0.491407 0.149006 9.9982E-05 0.0342004
0.405328 9.9955E-05 9.9955E-05 0.294946 9.9955E-05 0.00134693 9.9955E-05 0.104839 9.9955E-05 0.19304
0.319223 9.9955E-05 9.9955E-05 0.056447 9.9955E-05 9.9955E-05 0.462976 0.156758 9.9955E-05 0.00409589
0.872793 9.9946E-05 0.0227734 9.9946E-05 9.9946E-05 9.9946E-05 0.0799804 9.9946E-05 0.0238536 9.9946E-05
0.933565 0.0560007 9.9937E-05 9.9937E-05 9.9937E-05 0.00973433 9.9937E-05 9.9937E-05 9.9937E-05 9.9937E-05
