9.9964E-05 9.9964E-05 0.0131675 0.0172429 9.9964E-05 0.741955 0.094675 9.9964E-05 0.0707413 0.0618187
0.026026 9.9964E-05 9.9964E-05 9.9964E-05 0.0193275 0.739186 0.137009 0.0374121 9.9964E-05 0.0406404
9.9973E-05 9.9973E-05 0.0693118 0.0560416 0.00358131 0.736579 0.0431222 9.9973E-05 0.0434282 0.0476356
9.9964E-05 9.9964E-05 9.9964E-05 0.109571 9.9964E-05 0.584266 0.149 0.0018073 0.0892882 0.0656676
9.9955E-05 9.9955E-05 0.0342689 0.0547259 9.9955E-05 0.725066 0.139888 9.9955E-05 0.045551 9.9955E-05
0.0225223 0.0425098 9.9946E-05 9.9946E-05 0.0666355 9.9946E-05 0.867733 9.9946E-05 9.9946E-05 9.9946E-05
9.99201E-05 9.99201E-05 9.99201E-05 9.99201E-05 9.99201E-05 9.99201E-05 0.999101 9.99201E-05 9.99201E-05 9.99201E-05
9.9955E-05 9.9955E-05 9.9955E-05 0.000499323 9.9955E-05 0.0142205 0.942483 9.9955E-05 0.0281889 0.0141083
9.99639E-05 0.023346 9.99639E-05 9.99639E-05 0.0484062 0.70791 0.132619 9.99639E-05 0.0673905 0.0199289
9.99459E-05 9.99459E-05 0.0647983 9.99459E-05 9.99459E-05 0.0340635 0.899022 9.99459E-05 9.99459E-05 0.00151688
9.9955E-05 0.009929 9.9955E-05 9.9955E-05 9.9955E-05 0.161226 0.810969 0.00744989 0.00992663 9.9955E-05
9.9955E-05 9.9955E-05 0.168248 0.0112092 0.012334 9.9955E-05 0.0885123 0.719197 9.9955E-05 9.9955E-05
9.9955E-05 0.010783 0.439414 0.0404073 9.9955E-05 9.9955E-05 9.9955E-05 0.450956 9.9955E-05 0.0579393
9.9973E-05 9.9973E-05 0.0588121 0.103347 0.0435939 0.00735978 0.0270523 0.756596 9.9973E-05 0.00293964
9.9946E-05 9.9946E-05 0.109598 0.168045 9.9946E-05 9.9946E-05 9.9946E-05 0.699657 9.9946E-05 0.0221
9.9973E-05 0.0366963 0.186482 0.179095 0.036524 0.0680351 0.049198 0.44367 9.9973E-05 9.9973E-05
0.0329751 0.0865565 0.441411 0.0838115 0.0206519 0.0328785 9.9982E-05 0.258126 0.0433892 9.9982E-05
0.00551983 0.0115858 0.308461 0.123681 0.103439 9.9973E-05 9.9973E-05 0.40763 9.9973E-05 0.039383
9.9955E-05 9.9955E-05 0.165881 0.104471 0.0331716 0.0835102 9.9955E-05 0.612466 9.9955E-05 9.9955E-05
9.9946E-05 9.9946E-05 9.9946E-05 9.9946E-05 9.9946E-05 9.9946E-05 0.0597312 0.925054 0.00580773 0.0088077
0.0885675 9.9973E-05 0.303662 0.129483 0.06708 9.9973E-05 9.9973E-05 0.372976 0.0230064 0.0149247
0.0337014 0.154543 0.450466 0.00532981 9.9973E-05 9.9973E-05 0.0495391 0.266049 9.9973E-05 0.0400712
0.0439589 9.9982E-05 0.535205 9.9982E-05 0.105865 0.045418 0.0307894 0.170202 0.0613395 0.00702119
9.9955E-05 9.9955E-05 0.0838058 0.154488 0.0358869 9.9955E-05 0.0388326 0.686487 9.9955E-05 9.9955E-05
9.9964E-05 9.9964E-05 0.455398 0.194265 0.0851873 9.9964E-05 0.0070485 0.244064 9.9964E-05 0.0136372
9.9946E-05 9.9946E-05 0.373569 0.134154 9.9946E-05 9.9946E-05 9.9946E-05 0.460882 9.9946E-05 0.0307957
9.9955E-05 9.9955E-05 0.02201 0.0669298 9.9955E-05 9.9955E-05 0.0173161 0.82499 9.9955E-05 0.0682541
9.9937E-05 9.9937E-05 9.9937E-05 0.174299 9.9937E-05 9.9937E-05 0.0747467 0.750255 9.9937E-05 9.9937E-05
0.0501136 0.0239532 0.085415 0.0255166 9.9964E-05 9.9964E-05 0.0190087 0.795593 9.9964E-05 9.9964E-05
9.99201E-05 9.99201E-05 9.99201E-05 9.99201E-05 9.99201E-05 9.99201E-05 9.99201E-05 9.99201E-05 9.99201E-05 0.999101
9.99201E-05 9.99201E-05 9.99201E-05 9.99201E-05 9.99201E-05 9.99201E-05 9.99201E-05 9.99201E-05 9.99201E-05 0.999101
9.9955E-05 9.9955E-05 0.0786511 0.0485527 0.0440104 0.472706 9.9955E-05 9.9955E-05 9.9955E-05 0.35558
9.9955E-05 9.9955E-05 0.083311 0.0831653 9.9955E-05 0.508127 0.0897666 9.9955E-05 9.9955E-05 0.23513
0.0312113 9.9982E-05 0.473717 0.0472999 0.294151 0.0623886 0.00200919 0.0273249 0.0616985 9.9982E-05
9.9982E-05 0.00799439 0.375384 0.115341 0.3469 0.0863637 9.9982E-05 0.0111027 0.0066753 0.0500391
9.9973E-05 9.9973E-05 0.526349 0.00975022 0.326561 0.00286856 0.0645977 0.039788 9.9973E-05 0.0297864
0.0684888 9.9964E-05 0.0722569 9.9964E-05 9.9964E-05 0.0897862 9.9964E-05 0.570474 0.188747 0.00984756
0.0223182 0.00988564 0.250257 0.056352 0.622264 0.00833512 9.9973E-05 9.9973E-05 9.9973E-05 0.0302883
0.109735 9.9964E-05 0.387001 0.0193643 0.333628 9.9964E-05 9.9964E-05 0.0894569 9.9964E-05 0.0604143
9.9964E-05 0.0428681 0.653908 0.0406831 0.239624 9.9964E-05 0.00669384 9.9964E-05 9.9964E-05 0.0158225
9.9982E-05 0.0780439 0.465414 0.0306536 0.172262 9.9982E-05 0.155539 0.0406224 0.0457385 0.0115269
0.0469368 9.9982E-05 0.63998 9.9982E-05 0.0663058 0.0243907 0.047228 0.0503434 0.0678854 0.0567298
9.9964E-05 0.0217339 0.106744 9.9964E-05 0.638923 0.0226956 9.9964E-05 0.17641 9.9964E-05 0.0330928
9.9982E-05 0.219738 0.516172 0.0315514 0.0215312 9.9982E-05 0.0183223 0.170039 0.00983087 0.0126146
0.00216991 0.044842 0.521704 0.0321179 0.297368 9.9982E-05 0.093736 0.00464501 9.9982E-05 0.00321742
0.00522967 0.107585 0.443291 0.0857952 0.171907 0.142736 9.9982E-05 0.0207425 9.9982E-05 0.0225142
0.099477 9.9946E-05 0.270473 9.9946E-05 0.598774 9.9946E-05 9.9946E-05 9.9946E-05 9.9946E-05 0.0306765
9.9973E-05 0.0346138 0.61669 0.0157665 0.253187 9.9973E-05 0.0500027 0.00640831 9.9973E-05 0.0230313
0.0264472 9.9973E-05 0.561955 0.0310675 0.215782 0.106157 9.9973E-05 9.9973E-05 0.00416222 0.0541285
0.0171425 0.260291 9.9946E-05 9.9946E-05 0.643285 0.078682 9.9946E-05 9.9946E-05 9.9946E-05 9.9946E-05
0.02957 0.0279358 0.102856 9.9964E-05 0.280794 9.9964E-05 9.9964E-05 0.331034 0.22741 9.9964E-05
0.123611 0.303766 0.0089204 9.9964E-05 0.0984061 9.9964E-05 0.046367 0.41853 9.9964E-05 9.9964E-05
0.00903702 0.00402094 0.574205 0.0706139 9.9982E-05 0.0640399 9.9982E-05 0.15936 0.101414 0.0171091
9.999E-05 0.0911134 0.660526 0.0027009 0.0631756 0.0983011 0.0349125 0.0272057 0.0104286 0.011536
0.0356714 0.121508 0.596694 0.0728641 9.9982E-05 0.0308145 9.9982E-05 0.083376 0.0545567 0.00431496
9.9973E-05 0.113099 0.114871 9.9973E-05 0.263912 0.068248 9.9973E-05 0.135574 0.28153 0.0224659
9.9973E-05 0.0702812 0.588387 9.9973E-05 0.0616062 0.0522466 9.9973E-05 0.144594 0.071467 0.0111185
9.9982E-05 0.0668598 0.495189 0.0413333 0.0921935 0.0713341 0.0643623 0.148708 9.9982E-05 0.0198206
0.101084 9.9991E-05 0.283408 0.00898583 0.108989 0.043922 0.080265 0.252209 0.110262 0.0107755
9.999E-05 0.160833 0.0480678 0.0233609 0.0721735 0.122254 0.0651718 0.474765 0.021576 0.0116982
0.00389533 0.0312897 0.486501 0.0188428 0.234624 0.0304474 9.9991E-05 0.0604982 0.0474436 0.0863579
0.0851258 0.0178808 0.430509 9.9991E-05 0.0175011 0.0197893 0.0515148 0.290889 0.0618613 0.0248289
9.9964E-05 0.101895 9.9964E-05 9.9964E-05 0.0482948 9.9964E-05 0.0264716 0.626374 0.137304 0.0592608
0.060054 0.0149638 0.396768 0.0712345 0.0993702 9.9973E-05 9.9973E-05 0.306604 0.0507052 9.9973E-05
0.066229 0.142721 0.555868 0.0654593 0.0180707 9.9973E-05 9.9973E-05 0.0310185 0.120334 9.9973E-05
0.0291961 0.0332561 0.429884 0.092673 0.029994 0.0445086 0.0421523 0.199196 9.9991E-05 0.0990405
0.0883183 0.061597 0.227463 0.0253453 0.119865 0.0428061 9.9991E-05 0.406566 0.0176125 0.0103268
9.9973E-05 0.177125 0.471213 0.0161698 0.0297723 9.9973E-05 9.9973E-05 0.279626 0.0189062 0.006887
0.0689658 0.0900082 0.428787 9.9991E-05 0.0933804 0.0795852 0.00396394 0.0847391 0.0772266 0.0732433
0.0750117 0.160761 0.0996387 9.9973E-05 0.105368 9.9973E-05 9.9973E-05 0.439123 0.0509011 0.0688965
9.9946E-05 9.9946E-05 0.471893 9.9946E-05 0.461196 9.9946E-05 9.9946E-05 0.021166 0.0451453 9.9946E-05
9.9964E-05 9.9964E-05 0.135285 0.0203091 0.674849 9.9964E-05 0.0126057 0.121724 9.9964E-05 0.0348278
9.9964E-05 9.9964E-05 0.501672 0.00979948 0.274636 0.120266 0.00638328 0.0868427 9.9964E-05 9.9964E-05
0.000287869 0.16511 9.9937E-05 9.9937E-05 0.833903 9.9937E-05 9.9937E-05 9.9937E-05 9.9937E-05 9.9937E-05
0.10047 0.128356 9.9937E-05 9.9937E-05 0.770475 9.9937E-05 9.9937E-05 9.9937E-05 9.9937E-05 9.9937E-05
0.0141944 9.9946E-05 0.240198 0.0144535 0.730554 9.9946E-05 9.9946E-05 9.9946E-05 9.9946E-05 9.9946E-05
9.9964E-05 9.9964E-05 0.429756 9.9964E-05 0.478437 9.9964E-05 0.00525396 0.0132646 0.0670817 0.00580722
9.9964E-05 9.9964E-05 0.511166 9.9964E-05 0.12505 0.222764 9.9964E-05 0.00711547 0.104819 0.0286856
9.9964E-05 9.9964E-05 0.381677 0.0685172 0.487522 9.9964E-05 9.9964E-05 0.0428183 0.0128425 0.00622331
9.9973E-05 9.9973E-05 0.0720613 0.0465849 0.616448 0.0655397 0.00432188 0.0586617 0.136083 9.9973E-05
9.9973E-05 9.9973E-05 0.26425 9.9973E-05 0.456334 0.0179222 0.064578 0.0390077 0.156691 0.000917026
0.0669048 0.0086799 0.290693 0.179877 0.316443 0.110087 0.00104342 0.026072 9.9982E-05 9.9982E-05
9.9964E-05 9.9964E-05 0.253637 0.0108352 0.604571 9.9964E-05 0.0158056 0.0986589 9.9964E-05 0.016093
9.9964E-05 0.0252876 0.376965 9.9964E-05 0.414768 9.9964E-05 9.9964E-05 0.0754308 0.0349227 0.0722262
0.0601979 0.0299811 0.37198 9.9964E-05 0.496976 9.9964E-05 0.0264808 9.9964E-05 9.9964E-05 0.0139839
0.0905729 0.184916 9.9964E-05 9.9964E-05 0.696856 0.025581 9.9964E-05 0.000657663 0.00101612 9.9964E-05
9.9973E-05 0.0326223 0.569726 0.0588481 0.236265 0.00770117 0.0714695 9.9973E-05 0.0230679 9.9973E-05
9.9982E-05 9.9982E-05 0.0230553 0.0828559 0.00252989 0.691772 0.0904011 0.0353157 0.0551765 0.0186939
9.9955E-05 9.9955E-05 0.0953131 9.9955E-05 0.00263346 0.838266 0.00759605 9.9955E-05 9.9955E-05 0.0556917
9.9946E-05 9.9946E-05 0.0953682 0.0547838 9.9946E-05 0.751053 9.9946E-05 9.9946E-05 9.9946E-05 0.098195
9.9955E-05 0.0159755 0.0590657 9.9955E-05 9.9955E-05 0.812004 0.00417138 9.9955E-05 9.9955E-05 0.108284
0.0128167 9.9973E-05 0.0553514 0.0147161 0.02801 0.74278 0.0464729 9.9973E-05 9.9973E-05 0.0995535
9.9964E-05 0.0109223 0.0732203 0.0201676 9.9964E-05 0.793011 0.0724013 9.9964E-05 9.9964E-05 0.0298774
9.9946E-05 9.9946E-05 0.0520096 9.9946E-05 9.9946E-05 0.721192 0.185587 9.9946E-05 9.9946E-05 0.0406114
9.9982E-05 0.0350402 0.452527 0.0536887 0.256828 0.0879925 9.9982E-05 0.0535004 0.00244227 0.0577805
9.9982E-05 0.0629995 0.481896 0.0330696 0.224553 0.075906 9.9982E-05 0.0603616 0.0511572 0.0098573
0.039922 9.9964E-05 0.00983882 9.9964E-05 0.804527 0.0589959 9.9964E-05 0.0681549 0.0181617 9.9964E-05
0.00938818 0.00618025 0.480322 9.9973E-05 0.242024 0.137673 9.9973E-05 0.103136 0.0209755 9.9973E-05
9.9955E-05 9.9955E-05 0.432837 0.00767874 0.395148 9.9955E-05 0.0521021 0.111733 9.9955E-05 9.9955E-05
0.0161726 9.9973E-05 0.518976 0.0108038 0.365506 0.0337147 0.0477442 9.9973E-05 9.9973E-05 0.00678335
0.0408602 0.026188 0.43585 9.9973E-05 0.303122 0.0564853 9.9973E-05 0.104562 9.9973E-05 0.0326313
0.0857177 9.9955E-05 0.339707 0.0999608 0.468249 9.9955E-05 9.9955E-05 9.9955E-05 9.9955E-05 0.00586577
9.9946E-05 9.9946E-05 9.9946E-05 9.9946E-05 0.707509 0.0746151 9.9946E-05 0.145066 0.0722104 9.9946E-05
0.154525 9.9964E-05 0.595615 9.9964E-05 0.0220969 0.144496 9.9964E-05 9.9964E-05 0.0632585 0.0196094
9.9973E-05 0.0447252 0.635268 0.0300425 0.0429134 9.9973E-05 0.0909735 0.15232 9.9973E-05 0.00345759
0.0252508 0.00600946 0.476106 0.0832215 0.108905 9.9991E-05 0.0504954 0.104325 0.0971318 0.0484549
9.9955E-05 0.173118 0.158725 0.0412778 0.59342 9.9955E-05 9.9955E-05 9.9955E-05 9.9955E-05 0.0329594
0.0446517 9.9946E-05 0.458177 9.9946E-05 0.414998 9.9946E-05 0.0815742 9.9946E-05 9.9946E-05 9.9946E-05
9.9964E-05 0.0245618 0.427078 9.9964E-05 0.391055 9.9964E-05 0.0372162 0.0756467 9.9964E-05 0.0440427
0.0463047 9.9964E-05 0.272329 0.0639488 0.59304 9.9964E-05 0.0152747 9.9964E-05 0.00870338 9.9964E-05
9.9964E-05 9.9964E-05 0.388476 9.9964E-05 0.444611 0.0312764 0.0572357 0.0201672 0.0578341 9.9964E-05
0.0303929 9.9982E-05 0.45636 9.9982E-05 0.0916925 0.0187316 0.0746682 0.213601 0.0714049 0.0429488
0.261268 0.0439696 0.159619 0.0176023 0.0185217 0.0170551 0.0107957 0.41964 9.9991E-05 0.0514287
9.9973E-05 0.087898 0.382526 0.0505449 9.9973E-05 0.0494942 0.0389067 0.201145 0.189186 9.9973E-05
0.0626181 0.00722267 0.565522 0.00483621 0.0388137 0.127709 9.9991E-05 0.13151 0.0262534 0.0354158
0.0814308 0.0644304 0.549977 0.031402 0.0702362 0.1104 9.9982E-05 0.0791286 0.0127952 9.9982E-05
0.0636554 9.9973E-05 0.402377 9.9973E-05 9.9973E-05 0.00281244 0.0268421 0.414079 0.00877192 0.0811621
9.9955E-05 0.0646212 0.552486 9.9955E-05 9.9955E-05 9.9955E-05 0.00521582 0.260302 0.116875 9.9955E-05
0.0607844 9.9964E-05 0.464337 0.000458237 9.9964E-05 0.057245 9.9964E-05 0.24807 0.168705 9.9964E-05
0.114274 0.015412 0.5159 9.9973E-05 0.0386329 0.0314896 9.9973E-05 0.142172 0.14182 9.9973E-05
9.9973E-05 0.0866256 0.535778 0.0770751 0.0561526 0.0273989 9.9973E-05 9.9973E-05 0.167665 0.0490051
9.9955E-05 9.9955E-05 0.612436 9.9955E-05 0.00257559 0.0927088 9.9955E-05 0.283497 0.0082833 9.9955E-05
9.9964E-05 9.9964E-05 0.41814 9.9964E-05 0.0623554 0.0345244 9.9964E-05 0.321537 0.128552 0.034491
0.00736795 0.18338 0.555681 0.0235366 9.9973E-05 0.0324372 9.9973E-05 0.108323 0.0889743 9.9973E-05
0.111552 0.0370012 0.487449 0.104233 0.00686408 0.0248621 0.0435007 0.00280203 0.168226 0.0135101
0.121522 9.9964E-05 0.55836 9.9964E-05 9.9964E-05 0.0509363 9.9964E-05 0.229317 0.016174 0.0232909
0.131221 0.0568876 0.444817 0.0929055 9.9982E-05 0.00450896 9.9982E-05 0.0840779 0.133604 0.0517785
0.050252 0.0530401 0.527542 0.0670621 0.0521664 9.9982E-05 9.9982E-05 0.149117 0.0793462 0.0212742
0.101395 0.189336 0.336569 9.9973E-05 9.9973E-05 0.0434759 9.9973E-05 0.227961 0.0413513 0.0596114
0.083137 0.0872286 0.590545 0.0626618 0.0491989 0.00609513 9.9991E-05 0.105413 0.0147156 0.000904102
0.032315 0.116043 0.683571 9.9964E-05 9.9964E-05 0.0391574 9.9964E-05 0.0487428 0.0797713 9.9964E-05
0.070999 9.9982E-05 0.164369 0.100063 0.143896 9.9982E-05 0.0671765 0.313082 0.138444 0.00176952
0.169646 0.20436 0.12466 0.0495877 0.0839944 9.9982E-05 9.9982E-05 0.240129 0.117157 0.0102659
0.00161683 0.0877172 0.526233 0.0144231 0.0924505 0.0395911 9.9982E-05 0.0569368 0.180832 9.9982E-05
0.200156 0.134814 0.0767133 0.00526889 0.213659 9.9982E-05 9.9982E-05 0.0589054 0.300113 0.0101709
0.0576349 9.9964E-05 0.239701 9.9964E-05 0.0125645 0.0900007 9.9964E-05 0.487592 0.112106 9.9964E-05
0.0321984 0.00332479 0.379741 9.9973E-05 0.179737 0.00539849 9.9973E-05 0.33506 0.0642401 9.9973E-05
0.0425294 9.9973E-05 0.28869 9.9973E-05 0.0717892 0.0153954 9.9973E-05 0.375935 0.158294 0.0470668
9.9973E-05 9.9973E-05 0.308675 0.0169023 0.0885163 0.0175498 0.00293768 0.367537 0.197582 9.9973E-05
9.9982E-05 0.0910706 0.596665 0.00592671 0.0413649 0.0127214 9.9982E-05 0.112362 0.103188 0.0365016
0.0725827 0.0621895 0.552616 0.077256 0.0958249 0.00319918 0.0301642 9.9982E-05 0.105968 9.9982E-05
0.0734164 9.9982E-05 0.437692 0.077328 0.050428 0.0311508 0.000212928 0.207466 0.122106 9.9982E-05
0.0982174 0.240661 0.134164 0.0320436 0.0944266 9.9973E-05 9.9973E-05 0.296808 0.103379 9.9973E-05
0.107366 0.0275514 0.511297 0.0021075 0.0968553 0.104777 0.0889411 9.9982E-05 0.0609038 9.9982E-05
0.00943273 0.164389 0.358956 0.126993 0.182345 0.0553065 9.9982E-05 0.0484781 0.0538999 9.9982E-05
0.0910338 0.433374 9.9973E-05 9.9973E-05 0.148067 0.109108 0.0385881 0.131621 0.0479092 9.9973E-05
0.165103 0.0949448 0.540399 9.9955E-05 0.103614 0.0954398 9.9955E-05 9.9955E-05 9.9955E-05 9.9955E-05
0.097199 0.25665 0.309381 0.0549444 0.230021 0.0346854 9.9973E-05 9.9973E-05 0.0168192 9.9973E-05
0.0822089 0.245648 0.464947 0.0687533 0.0725845 0.0260735 0.0211058 0.00733432 9.9991E-05 0.011245
9.9973E-05 0.423517 0.265535 9.9973E-05 0.101229 0.0615476 9.9973E-05 0.09937 0.0398066 0.00869493
0.0483655 0.393476 0.203619 9.9982E-05 0.0975999 0.0336822 9.9982E-05 0.137277 0.0474677 0.0383128
0.134556 0.160096 0.399271 9.9973E-05 0.0984611 0.0472103 9.9973E-05 0.121956 0.0381492 9.9973E-05
0.0704787 0.113557 0.449636 0.0237105 0.15223 0.125562 0.00874601 0.043682 9.9991E-05 0.0122973
0.0370826 0.169607 0.373019 0.0734923 9.9991E-05 0.0794652 0.0593353 0.0489459 0.153797 0.00515597
0.0784302 0.399528 9.9973E-05 0.149018 0.177408 0.0224346 0.0081214 0.16476 9.9973E-05 9.9973E-05
0.0494274 0.11634 0.445691 0.0896026 0.0275228 0.0568214 9.9982E-05 0.189999 0.0243959 9.9982E-05
0.00281206 0.295826 0.363606 9.9964E-05 0.156209 9.9964E-05 9.9964E-05 0.115 0.0661465 9.9964E-05
0.00983312 0.28688 0.472972 9.9955E-05 0.0660048 9.9955E-05 9.9955E-05 0.16381 9.9955E-05 9.9955E-05
0.0479096 0.150383 0.511177 9.9964E-05 0.100173 0.164256 9.9964E-05 9.9964E-05 0.0257011 9.9964E-05
0.0141578 0.235876 0.15828 0.228482 9.9982E-05 0.201415 0.0539001 0.0575141 9.9982E-05 0.0501742
9.9955E-05 0.368261 9.9955E-05 0.105945 9.9955E-05 0.393818 0.122622 9.9955E-05 9.9955E-05 0.00885438
9.9946E-05 0.424124 9.9946E-05 0.140446 9.9946E-05 0.40549 9.9946E-05 9.9946E-05 9.9946E-05 0.0293405
9.9964E-05 0.199971 0.123857 0.266101 9.9964E-05 0.301586 0.077396 9.9964E-05 9.9964E-05 0.0306886
0.0152528 0.198541 0.668526 9.9955E-05 0.110842 9.9955E-05 9.9955E-05 0.00633786 9.9955E-05 9.9955E-05
0.0264161 0.108739 0.628099 9.9964E-05 0.060589 0.157256 9.9964E-05 0.0185013 9.9964E-05 9.9964E-05
9.9955E-05 9.9955E-05 0.285432 0.648482 0.0149512 9.9955E-05 9.9955E-05 0.0440104 9.9955E-05 0.00662451
0.0208365 9.9973E-05 0.228917 0.482342 0.0584812 0.0024523 9.9973E-05 0.137534 0.0691369 9.9973E-05
9.9982E-05 0.0540057 0.328746 0.373969 0.0205257 0.0373425 0.0548387 0.109021 9.9982E-05 0.021351
0.18004 0.301181 0.23712 9.9964E-05 0.182544 9.9964E-05 0.0809815 0.0177337 9.9964E-05 9.9964E-05
0.061019 0.112556 0.50194 0.0612396 0.0880601 9.9982E-05 0.00189977 9.9982E-05 0.110395 0.0626898
0.200312 0.492396 0.212947 9.9955E-05 0.0631892 9.9955E-05 9.9955E-05 0.0306555 9.9955E-05 9.9955E-05
0.0505749 0.186702 0.561395 9.9982E-05 0.061035 0.0155239 0.0171997 0.0528291 0.0545403 9.9982E-05
0.104139 0.167937 0.434758 9.9982E-05 0.0165722 9.9982E-05 0.00043909 0.15043 0.0644675 0.0610571
0.0182353 0.272289 0.588817 0.0549753 0.0118696 0.00218709 0.00774582 0.042346 0.00143519 9.9991E-05
0.112696 0.502576 0.212915 9.9955E-05 0.0280428 9.9955E-05 9.9955E-05 0.143271 9.9955E-05 9.9955E-05
9.9973E-05 0.0760096 0.636607 0.025795 0.101442 9.9973E-05 0.105043 9.9973E-05 0.050212 0.00459163
9.9955E-05 0.181855 0.572127 0.0460165 0.0805831 9.9955E-05 0.118919 9.9955E-05 9.9955E-05 9.9955E-05
9.9928E-05 9.9928E-05 9.9928E-05 0.981672 0.0175288 9.9928E-05 9.9928E-05 9.9928E-05 9.9928E-05 9.9928E-05
9.9937E-05 9.9937E-05 0.096968 0.865525 0.0368072 9.9937E-05 9.9937E-05 9.9937E-05 9.9937E-05 9.9937E-05
0.0362221 9.9973E-05 0.273127 0.497356 0.0401311 0.0808862 0.0223385 0.0496389 9.9973E-05 9.9973E-05
0.0141141 9.9955E-05 0.268168 0.661937 9.9955E-05 9.9955E-05 0.0401061 9.9955E-05 9.9955E-05 0.015175
9.9946E-05 9.9946E-05 0.12641 0.824953 0.00691145 9.9946E-05 0.0411258 9.9946E-05 9.9946E-05 9.9946E-05
9.99201E-05 9.99201E-05 9.99201E-05 0.999101 9.99201E-05 9.99201E-05 9.99201E-05 9.99201E-05 9.99201E-05 9.99201E-05
9.9937E-05 9.9937E-05 9.9937E-05 0.924026 9.9937E-05 9.9937E-05 0.0219158 9.9937E-05 0.053359 9.9937E-05
0.0140647 9.9946E-05 0.1248 0.857546 0.00298975 9.9946E-05 9.9946E-05 9.9946E-05 9.9946E-05 9.9946E-05
9.9946E-05 9.9946E-05 0.00988008 0.957101 9.9946E-05 9.9946E-05 9.9946E-05 0.0284655 0.00395382 9.9946E-05
9.99201E-05 9.99201E-05 9.99201E-05 0.999101 9.99201E-05 9.99201E-05 9.99201E-05 9.99201E-05 9.99201E-05 9.99201E-05
9.9928E-05 9.9928E-05 9.9928E-05 0.969895 9.9928E-05 9.9928E-05 9.9928E-05 9.9928E-05 9.9928E-05 0.0293058
9.9946E-05 9.9946E-05 0.13526 0.766382 9.9946E-05 9.9946E-05 9.9946E-05 0.038798 9.9946E-05 0.0589606
9.9955E-05 0.0470589 0.199031 0.717995 9.9955E-05 0.0295063 9.9955E-05 9.9955E-05 9.9955E-05 0.00590979
9.9937E-05 9.9937E-05 9.9937E-05 0.947616 0.0307159 9.9937E-05 9.9937E-05 9.9937E-05 9.9937E-05 0.0209681
9.9964E-05 9.9964E-05 0.286996 0.393191 9.9964E-05 0.0526466 0.0275023 0.18184 0.0574238 9.9964E-05
9.9964E-05 9.9964E-05 0.218121 0.616618 0.0878087 0.0193701 0.0183119 9.9964E-05 0.0393704 9.9964E-05
9.9964E-05 9.9964E-05 0.204451 0.714753 9.9964E-05 0.0305656 0.0105856 0.0383609 9.9964E-05 0.00088401
9.9955E-05 9.9955E-05 0.0253498 0.894499 9.9955E-05 0.00860841 9.9955E-05 0.0445274 9.9955E-05 0.0265158
9.9928E-05 9.9928E-05 0.0414496 0.957751 9.9928E-05 9.9928E-05 9.9928E-05 9.9928E-05 9.9928E-05 9.9928E-05
9.9964E-05 9.9964E-05 0.0300964 0.879261 0.0117097 0.0195776 0.0533239 9.9964E-05 9.9964E-05 0.00563127
9.9937E-05 9.9937E-05 9.9937E-05 0.96338 9.9937E-05 9.9937E-05 0.0158163 9.9937E-05 9.9937E-05 0.0201044
0.0248016 9.9964E-05 0.201616 0.644296 0.0347435 9.9964E-05 0.032674 9.9964E-05 0.0614697 9.9964E-05
0.0474414 9.9955E-05 9.9955E-05 0.926905 0.00432476 9.9955E-05 9.9955E-05 0.00933263 0.0114962 9.9955E-05
0.00124238 0.612147 9.9964E-05 0.0568449 0.0362903 0.244064 0.0490111 9.9964E-05 9.9964E-05 9.9964E-05
0.0534545 0.24031 0.382112 0.0256246 9.9991E-05 0.0906025 0.0669407 0.0308819 0.0419361 0.0680371
9.9982E-05 0.217128 0.410122 0.0588401 0.0590384 0.0906493 0.134584 9.9982E-05 0.0237389 0.00569896
0.000717538 0.429948 0.145478 0.125823 0.0386742 0.0987095 0.0350023 9.9991E-05 0.0526699 0.0728771
0.021815 0.193564 0.345986 0.21229 0.0221078 0.0271303 0.0853167 0.0783711 0.0129111 0.000508034
0.0385157 0.347544 0.152957 0.0806189 0.0976332 0.0965174 0.130945 9.9982E-05 9.9982E-05 0.0550697
0.0605818 0.137614 0.379459 0.0936435 0.0256449 0.0270134 0.0750078 0.127313 0.0334231 0.0402993
0.0634868 0.328982 0.335805 0.115509 9.9955E-05 9.9955E-05 0.155718 9.9955E-05 9.9955E-05 9.9955E-05
9.9982E-05 0.200797 0.424953 0.108577 0.0334143 9.9982E-05 0.0466036 0.0434602 0.0283447 0.11365
9.9973E-05 0.3078 0.263256 0.242486 0.0164489 0.109355 0.0283693 9.9973E-05 9.9973E-05 0.0319843
0.0214554 0.0992912 0.441651 9.9991E-05 0.00971455 0.0891639 0.117874 0.129594 0.0329086 0.0582468
9.9946E-05 0.015033 0.0669715 9.9946E-05 9.9946E-05 0.799732 9.9946E-05 9.9946E-05 0.117664 9.9946E-05
0.00742595 0.00125583 9.9964E-05 0.071246 9.9964E-05 0.845488 9.9964E-05 9.9964E-05 0.00202556 0.072159
9.9946E-05 9.9946E-05 0.0156394 9.9946E-05 9.9946E-05 0.959979 9.9946E-05 9.9946E-05 0.0100024 0.0137796
9.9946E-05 9.9946E-05 0.0422624 9.9946E-05 9.9946E-05 0.892864 9.9946E-05 9.9946E-05 0.0442657 0.0200082
9.9973E-05 0.0096036 0.00793135 9.9973E-05 9.9973E-05 0.774496 0.0201886 0.0400188 0.0583326 0.0891287
0.00905548 9.9964E-05 9.9964E-05 0.0939689 0.0188486 0.794061 0.0299487 9.9964E-05 9.9964E-05 0.0537172
9.9946E-05 9.9946E-05 9.9946E-05 0.0627527 9.9946E-05 0.745449 0.124527 9.9946E-05 9.9946E-05 0.0666713
0.0532373 0.0290762 0.0143829 9.9973E-05 9.9973E-05 0.814733 0.0750557 0.00101343 9.9973E-05 0.0122016
0.000435273 9.9973E-05 0.0332928 9.9973E-05 0.0108003 0.885025 0.00648116 0.0495034 9.9973E-05 0.0141626
9.9955E-05 0.0449238 9.9955E-05 0.112704 9.9955E-05 0.774083 9.9955E-05 0.043821 9.9955E-05 0.023968
0.032541 9.9982E-05 9.9982E-05 0.00257569 0.0704949 0.549126 0.0581754 0.189372 0.0673372 0.0301779
0.014949 9.9973E-05 9.9973E-05 9.9973E-05 0.042964 0.512518 0.078369 0.154123 0.173179 0.0235988
0.0182978 0.0804137 9.9973E-05 9.9973E-05 0.0459721 0.505221 9.9973E-05 0.274377 0.0699254 0.00549289
9.9955E-05 9.9955E-05 9.9955E-05 9.9955E-05 0.108378 0.435995 0.0572866 0.273829 0.124012 9.9955E-05
9.9964E-05 9.9964E-05 0.545092 9.9964E-05 0.191495 0.0142035 9.9964E-05 0.122106 0.101929 0.0247744
0.0530546 9.9982E-05 0.361757 0.0235374 0.382589 0.0801555 0.000894259 0.0700388 0.0277728 9.9982E-05
9.9964E-05 0.038031 0.579379 9.9964E-05 0.155416 0.0346037 9.9964E-05 0.128231 0.0639385 9.9964E-05
0.0364209 0.0688159 0.345489 9.9991E-05 0.256495 0.00418135 0.0263605 0.136985 0.0895737 0.0355783
0.0532062 9.9955E-05 0.0937455 9.9955E-05 0.053004 9.9955E-05 9.9955E-05 0.541864 0.257681 9.9955E-05
0.0819443 9.9982E-05 0.550764 0.0600958 0.135861 0.080266 0.0390297 0.0507317 9.9982E-05 0.00110767
9.9955E-05 0.0519879 0.553774 0.0174121 0.265497 9.9955E-05 9.9955E-05 9.9955E-05 0.110829 9.9955E-05
0.0976739 0.0169598 0.506989 9.9973E-05 0.31404 9.9973E-05 0.0292802 0.0276988 9.9973E-05 0.00705876
0.0675819 0.0348945 0.260142 0.0982825 0.517169 9.9964E-05 9.9964E-05 9.9964E-05 0.0215311 9.9964E-05
0.0696683 9.9964E-05 0.649212 9.9964E-05 0.0675383 9.9964E-05 0.0963232 9.9964E-05 0.0999758 0.0168826
0.0654824 9.9973E-05 0.375954 9.9973E-05 0.343455 9.9973E-05 0.0566857 0.0523745 0.10432 0.00142808
0.201434 0.0318991 9.9946E-05 9.9946E-05 0.688412 9.9946E-05 9.9946E-05 9.9946E-05 0.0776553 9.9946E-05
9.9982E-05 0.0573211 0.512685 0.0440103 0.0266416 0.0100795 9.9982E-05 0.174557 0.115017 0.0594892
0.0449694 0.178882 0.176683 0.0495297 0.509154 9.9964E-05 9.9964E-05 9.9964E-05 0.0403823 9.9964E-05
0.0420091 9.9955E-05 0.522453 9.9955E-05 0.347114 0.0411955 9.9955E-05 9.9955E-05 0.0467288 9.9955E-05
9.9955E-05 9.9955E-05 0.0427824 9.9955E-05 0.688989 0.0548529 9.9955E-05 0.1884 0.024476 9.9955E-05
9.9955E-05 0.116246 9.9955E-05 0.0278157 9.9955E-05 0.0322354 0.0213785 9.9955E-05 0.801824 9.9955E-05
9.9955E-05 0.0249755 0.0747276 9.9955E-05 9.9955E-05 0.0163113 0.0244589 9.9955E-05 0.859027 9.9955E-05
9.9937E-05 0.00271933 9.9937E-05 9.9937E-05 9.9937E-05 9.9937E-05 0.0218915 9.9937E-05 0.97469 9.9937E-05
0.00192496 9.9946E-05 9.9946E-05 9.9946E-05 0.0380658 0.07894 9.9946E-05 9.9946E-05 0.88047 9.9946E-05
0.0178728 0.017157 0.0553832 9.9964E-05 0.028471 9.9964E-05 9.9964E-05 9.9964E-05 0.873612 0.00710456
9.9937E-05 9.9937E-05 0.0591497 0.0758451 9.9937E-05 9.9937E-05 9.9937E-05 9.9937E-05 0.864306 9.9937E-05
9.9946E-05 9.9946E-05 0.129307 0.0067771 9.9946E-05 0.829198 9.9946E-05 9.9946E-05 9.9946E-05 0.0341189
9.9964E-05 9.9964E-05 0.0125768 0.0924943 9.9964E-05 0.748349 0.0305199 0.0533929 0.0622667 9.9964E-05
9.9955E-05 9.9955E-05 0.133302 0.0971719 9.9955E-05 0.710922 9.9955E-05 0.0232444 9.9955E-05 0.0348598
9.9973E-05 9.9973E-05 0.0538951 0.111419 9.9973E-05 0.724437 0.0127014 0.0812212 0.00591337 0.0101128
9.9964E-05 9.9964E-05 0.0837841 0.102423 9.9964E-05 0.700476 0.0649964 0.00826672 0.0396532 9.9964E-05
9.9973E-05 0.0240993 9.9973E-05 9.9973E-05 0.042723 0.337814 0.0247046 0.076955 0.445572 0.0478314
0.0921782 9.9964E-05 9.9964E-05 9.9964E-05 0.0483888 0.268824 0.208951 9.9964E-05 0.375893 0.00536501
0.0803782 9.9973E-05 9.9973E-05 9.9973E-05 0.0661085 0.324633 0.0685686 0.0154778 0.419771 0.0247631
9.99201E-05 9.99201E-05 9.99201E-05 9.99201E-05 9.99201E-05 9.99201E-05 9.99201E-05 9.99201E-05 9.99201E-05 0.999101
0.0396043 0.000681448 9.9973E-05 9.9973E-05 0.113636 0.329792 0.0293151 9.9973E-05 0.474537 0.0121345
0.0751945 0.122849 0.206057 0.362087 9.9973E-05 0.19939 0.0252674 0.00885526 9.9973E-05 9.9973E-05
9.9991E-05 0.0307783 0.600849 0.173711 0.023379 0.0520716 0.0710212 0.0186167 0.0110446 0.0184294
9.9946E-05 9.9946E-05 0.486152 0.305604 9.9946E-05 0.170454 9.9946E-05 9.9946E-05 9.9946E-05 0.0371905
9.9973E-05 0.0543481 0.243513 0.296162 0.141014 0.214331 0.0461999 9.9973E-05 9.9973E-05 0.00413183
9.9991E-05 0.0589098 0.411849 0.172885 0.0872756 0.032418 0.0292647 0.0610564 0.05276 0.0934817
0.0273129 0.210139 9.9955E-05 0.301379 9.9955E-05 0.420307 0.0403619 9.9955E-05 9.9955E-05 9.9955E-05
0.0303299 0.0276973 0.368519 9.9973E-05 0.165937 9.9973E-05 0.0268083 0.20286 0.177548 9.9973E-05
0.19407 0.142662 0.352599 9.9973E-05 0.0557328 9.9973E-05 9.9973E-05 0.131706 0.121454 0.00147593
9.9964E-05 9.9964E-05 0.197665 9.9964E-05 9.9964E-05 0.0732366 0.0138803 0.656303 0.0396627 0.0188531
0.266915 0.010748 0.471071 9.9964E-05 0.0530523 9.9964E-05 9.9964E-05 0.0967291 0.101085 9.9964E-05
0.348867 0.341612 9.9955E-05 9.9955E-05 0.0828782 9.9955E-05 9.9955E-05 0.175926 0.0502172 9.9955E-05
0.0240093 0.0563067 0.545177 9.9964E-05 9.9964E-05 0.114872 9.9964E-05 0.205886 9.9964E-05 0.0533486
0.226146 9.9964E-05 0.504069 9.9964E-05 9.9964E-05 0.0137244 0.0124932 0.195913 0.0472542 9.9964E-05
9.9973E-05 0.0868359 0.224391 9.9973E-05 0.0932038 9.9973E-05 0.0155641 0.497589 0.0502272 0.0318888
9.9982E-05 0.0019236 0.451595 0.0574554 0.178645 0.0532285 0.0183604 0.115933 0.122659 9.9982E-05
0.114749 0.247714 0.0712068 9.9955E-05 0.10365 9.9955E-05 9.9955E-05 0.46218 9.9955E-05 9.9955E-05
0.06879 0.220049 0.479668 9.9973E-05 0.0869714 9.9973E-05 9.9973E-05 0.0111286 0.118588 0.0145054
0.0094756 0.0266608 0.465642 0.0213828 0.149432 9.9982E-05 9.9982E-05 0.149674 0.146555 0.030978
0.0178862 0.0655801 0.34655 0.188624 0.182515 0.0177437 0.147056 0.0338452 9.9982E-05 9.9982E-05
0.130579 0.0728227 0.354116 9.9964E-05 0.0231449 9.9964E-05 9.9964E-05 0.275027 0.143911 9.9964E-05
0.0929175 0.0309134 0.359633 0.0122291 0.212089 0.0583559 9.9991E-05 0.0918914 0.128508 0.0133632
0.109619 0.0353134 0.489341 0.0718531 0.0529702 9.9964E-05 9.9964E-05 0.240503 9.9964E-05 9.9964E-05
0.0725481 0.10416 0.543563 9.9982E-05 0.138726 0.0163124 0.00302086 0.0400014 0.0814682 9.9982E-05
0.106613 9.9973E-05 0.632776 0.0549372 9.9973E-05 0.0172361 9.9973E-05 0.126154 0.0569254 0.00505907
0.0557152 0.0303036 0.603118 9.9973E-05 0.0727281 0.125787 9.9973E-05 0.0359577 0.0760901 9.9973E-05
9.9982E-05 0.0918433 0.498333 0.0977079 0.0627528 0.00448674 0.0165033 9.9982E-05 0.19152 0.0366529
9.9937E-05 9.9937E-05 0.171965 0.0382033 9.9937E-05 0.789132 9.9937E-05 9.9937E-05 9.9937E-05 9.9937E-05
0.0415102 9.9964E-05 0.0533294 0.059698 0.00583559 0.829164 9.9964E-05 9.9964E-05 9.9964E-05 0.0100633
0.0572303 0.0113116 0.0344842 0.0244648 0.0319014 0.754643 9.9982E-05 0.0438654 0.0418996 9.9982E-05
9.9955E-05 9.9955E-05 9.9955E-05 0.0368342 0.0957585 0.791676 9.9955E-05 9.9955E-05 0.0569358 0.0182961
9.9946E-05 9.9946E-05 0.151725 9.9946E-05 9.9946E-05 0.72656 0.0337419 9.9946E-05 9.9946E-05 0.0873734
9.9973E-05 0.0200387 0.091857 0.0412544 0.0365334 0.00604798 9.9973E-05 0.68699 0.116979 9.9973E-05
0.112759 0.0734074 0.455998 0.0722226 9.9973E-05 0.115772 9.9973E-05 0.145083 0.024458 9.9973E-05
0.0751872 0.111374 0.369346 0.149607 9.9982E-05 0.150341 0.0880156 0.044898 0.0110319 9.9982E-05
0.0196292 0.0155169 0.656242 0.00953903 9.9982E-05 0.0283289 9.9982E-05 0.161255 0.0578827 0.0514065
0.0269592 9.9973E-05 0.485151 9.9973E-05 0.152304 0.0778854 9.9973E-05 0.123297 0.133605 0.000496849
0.0641607 0.150458 0.261278 0.0358283 9.9982E-05 0.00108467 9.9982E-05 0.285747 0.170073 0.0311699
0.00603059 0.0974629 9.9973E-05 9.9973E-05 0.104785 0.117704 9.9973E-05 0.454237 0.184789 0.0346914
0.107002 9.9973E-05 0.51353 9.9973E-05 0.00174302 0.0245455 9.9973E-05 0.144692 0.205699 0.0024892
0.157504 9.9991E-05 0.108185 0.0187302 0.0477994 0.00271356 0.0786736 0.353364 0.183392 0.0495382
0.0489972 0.141269 0.386154 0.00106886 0.0748834 0.0784405 0.000291488 0.108985 0.159811 9.9991E-05
0.100685 9.9973E-05 0.0434033 9.9973E-05 0.0881693 0.156995 9.9973E-05 0.498086 0.106201 0.00615953
0.00739483 9.9982E-05 0.621263 0.0420581 9.9982E-05 0.048947 0.0590461 0.150613 0.0430077 0.0274709
0.0852928 0.0088471 0.0956988 0.0404085 9.9991E-05 0.0395669 0.045408 0.53987 0.121904 0.0229038
0.0891979 0.0934733 0.343655 0.00409223 0.0482369 0.0203047 0.0282052 0.256173 0.0884737 0.0281881
0.149451 0.115071 0.387581 0.0564124 0.0352375 0.000524014 0.0334314 0.148579 0.0711749 0.00253829
0.0919059 0.398468 0.244325 9.9973E-05 0.0741781 0.00655987 9.9973E-05 0.0350757 0.149188 9.9973E-05
9.9964E-05 0.230432 0.521126 9.9964E-05 0.121156 0.00522468 0.0574262 9.9964E-05 0.0642347 9.9964E-05
9.9955E-05 0.264772 0.570368 9.9955E-05 0.0512501 0.101776 9.9955E-05 9.9955E-05 0.011334 9.9955E-05
9.9955E-05 0.412505 0.347101 9.9955E-05 0.0516271 9.9955E-05 9.9955E-05 0.092122 0.0961454 9.9955E-05
0.0467665 0.189117 0.525477 0.0594603 0.108572 0.0259511 0.0107891 0.00480806 0.0289583 9.9991E-05
0.0293046 0.261621 0.547283 9.9955E-05 0.0306524 9.9955E-05 9.9955E-05 9.9955E-05 0.130639 9.9955E-05
0.0520024 0.554502 0.138254 9.9955E-05 0.11753 9.9955E-05 9.9955E-05 9.9955E-05 0.137212 9.9955E-05
0.00864432 0.604467 0.292559 9.9955E-05 0.0601648 9.9955E-05 9.9955E-05 9.9955E-05 0.0336647 9.9955E-05
0.0801311 0.300414 0.496691 9.9955E-05 0.0478915 9.9955E-05 9.9955E-05 9.9955E-05 0.0743717 9.9955E-05
0.0361549 0.433149 0.124313 9.9973E-05 0.224933 9.9973E-05 0.017443 0.120458 0.0432487 9.9973E-05
9.9955E-05 0.226924 0.471038 9.9955E-05 0.0808554 9.9955E-05 0.0291666 0.191517 9.9955E-05 9.9955E-05
0.0109376 0.0632343 0.0416065 0.0282287 0.0915067 9.9973E-05 9.9973E-05 0.536857 0.227329 9.9973E-05
0.231361 0.0716344 0.270167 9.9964E-05 0.0280964 9.9964E-05 9.9964E-05 0.271127 0.127215 9.9964E-05
0.0112875 9.9982E-05 0.337004 0.0157927 0.128319 0.025955 9.9982E-05 0.307622 0.132164 0.0416572
9.9964E-05 9.9964E-05 0.602851 0.013009 0.013179 0.0918884 9.9964E-05 0.195774 0.0828997 9.9964E-05
9.9964E-05 9.9964E-05 0.172503 0.00464437 0.163983 9.9964E-05 0.0121347 0.481603 0.164733 9.9964E-05
0.0561588 9.9982E-05 0.398861 0.101152 0.116349 0.0673265 0.0643543 0.105794 0.0898046 9.9982E-05
0.105428 9.9973E-05 0.572261 9.9973E-05 0.0171061 9.9973E-05 0.0355995 0.0809061 0.157606 0.0307935
0.0700386 0.0471375 0.334913 0.141874 9.9973E-05 0.0159506 9.9973E-05 0.292821 0.0969661 9.9973E-05
0.0893688 9.9973E-05 0.350891 0.04075 0.128983 9.9973E-05 0.0913505 0.208673 0.0896843 9.9973E-05
9.9973E-05 9.9973E-05 0.32952 0.058051 0.263147 0.0204885 9.9973E-05 0.165994 0.139004 0.0234953
0.0560729 9.9964E-05 0.217453 0.0412544 0.102037 9.9964E-05 9.9964E-05 0.422934 0.159849 9.9964E-05
0.0420313 9.9973E-05 0.352169 0.047978 0.0970036 9.9973E-05 0.029788 0.24348 0.18725 9.9973E-05
0.128653 0.0234193 0.532137 0.0353739 0.0989589 9.9991E-05 0.00957507 0.145455 0.0196002 0.00672768
0.0840713 0.0160771 0.578813 0.00739738 9.9973E-05 0.111134 9.9973E-05 0.16218 0.0400275 9.9973E-05
0.103945 0.0817064 0.339053 0.0460033 0.0632185 0.0232216 9.9991E-05 0.220638 0.101528 0.020586
0.14255 9.99551E-05 0.522119 0.0216461 9.99551E-05 9.99551E-05 9.99551E-05 0.167391 0.145795 9.99551E-05
9.9973E-05 0.0418797 0.336843 9.9973E-05 9.9973E-05 0.0560069 0.00897983 0.340392 0.178029 0.0375692
0.0663514 9.9955E-05 0.556826 9.9955E-05 9.9955E-05 9.9955E-05 0.0457316 0.222756 0.107835 9.9955E-05
9.9982E-05 9.9982E-05 0.490106 0.0367623 0.0491597 0.0795027 0.00571379 0.190487 0.106749 0.0413195
0.0411815 0.0896406 0.461197 0.0804154 0.0541268 9.9982E-05 9.9982E-05 0.19264 0.0317229 0.0488763
9.9982E-05 0.0111836 0.347018 0.177035 0.0255238 0.282336 0.0095234 0.105193 9.9982E-05 0.0419882
0.0333232 0.141595 0.436123 0.228556 0.00602009 0.131399 9.9973E-05 0.0226841 9.9973E-05 9.9973E-05
0.0408774 0.142019 0.476373 0.142472 0.0552875 9.9973E-05 0.098648 0.0440235 9.9973E-05 9.9973E-05
0.109478 0.036454 0.4865 0.135207 0.0618982 0.0120405 0.0567746 0.0545782 9.9991E-05 0.04697
0.0600266 9.9982E-05 0.324118 0.284393 0.0460359 0.148983 0.0210915 0.066746 9.9982E-05 0.0484065
0.169737 0.11857 0.422919 0.0130105 9.9964E-05 9.9964E-05 9.9964E-05 0.233337 0.0420261 9.9964E-05
9.9982E-05 0.0167208 0.489526 0.156334 0.101009 0.0982722 9.9982E-05 0.0652128 0.0367969 0.0359278
0.0220022 0.433979 9.9964E-05 0.159337 0.0657993 0.214105 9.9964E-05 0.104378 9.9964E-05 9.9964E-05
0.0664994 0.110303 0.523554 0.152342 9.9982E-05 0.0922373 0.00336536 0.0329701 0.018529 9.9982E-05
0.033658 0.0502106 0.500687 0.145085 0.088823 0.0750518 9.9982E-05 0.0395138 9.9982E-05 0.0667708
0.096435 9.9982E-05 0.450491 0.22477 0.0110874 0.0606986 0.01872 0.0884882 0.0491097 9.9982E-05
0.0773853 0.165586 0.22608 0.133099 0.0151758 0.027706 0.0863939 0.223051 9.9991E-05 0.0454232
9.9973E-05 0.105675 0.451864 0.148839 9.9973E-05 0.18698 0.00264612 0.0717105 9.9973E-05 0.0319856
9.9973E-05 0.101262 0.583526 0.128122 9.9973E-05 0.113928 0.00408445 9.9973E-05 0.0424969 0.0262814
9.9955E-05 0.348755 9.9955E-05 0.181787 9.9955E-05 0.412709 9.9955E-05 0.0318257 9.9955E-05 0.0244235
9.9964E-05 0.0246508 0.471297 0.183301 9.9964E-05 0.118821 9.9964E-05 0.119368 9.9964E-05 0.0821619
9.9964E-05 0.103095 0.537095 0.13903 0.020956 0.119891 9.9964E-05 9.9964E-05 9.9964E-05 0.0795342
0.00907148 0.0116409 0.607192 0.092145 0.0144925 0.069869 0.0539637 0.0183378 0.0803373 0.04295
9.9955E-05 0.086765 0.546271 0.162708 9.9955E-05 0.184023 9.9955E-05 9.9955E-05 9.9955E-05 0.0197339
0.0374383 0.0489581 0.464737 0.125301 0.0901593 0.182155 9.9982E-05 0.0250713 9.9982E-05 0.0259791
0.384321 9.9973E-05 0.392134 0.0199882 0.024776 9.9973E-05 9.9973E-05 0.0334252 0.0408058 0.10425
0.152855 0.0505651 0.55108 0.0355082 0.0123838 0.0813168 0.0424559 9.9991E-05 0.0627831 0.0109519
0.799642 9.9946E-05 9.9946E-05 9.9946E-05 0.0520962 9.9946E-05 9.9946E-05 0.135938 0.0117248 9.9946E-05
0.831917 0.025401 9.99549E-05 9.99549E-05 0.0438269 9.99549E-05 9.99549E-05 0.0575848 0.0407707 9.99549E-05
0.328395 9.9973E-05 0.437707 0.0741893 0.0911135 9.9973E-05 0.00590109 0.0379248 9.9973E-05 0.0244693
0.0629286 0.0913001 0.38321 0.322858 9.9964E-05 0.101194 9.9964E-05 0.0381095 9.9964E-05 9.9964E-05
0.271538 9.9964E-05 0.286285 0.328322 9.9964E-05 0.019017 0.0579669 9.9964E-05 9.9964E-05 0.0364706
0.177481 0.125316 0.102192 0.377638 9.9982E-05 0.0664223 0.118233 0.026385 9.9982E-05 0.00613219
0.194733 9.9964E-05 0.268011 0.259417 9.9964E-05 0.140628 9.9964E-05 0.0872767 9.9964E-05 0.049533
0.679267 0.138401 0.012135 0.0926133 9.9955E-05 9.9955E-05 0.0770833 9.9955E-05 9.9955E-05 9.9955E-05
0.649261 0.113417 0.0653704 0.121361 9.9964E-05 0.0231926 9.9964E-05 9.9964E-05 9.9964E-05 0.0269974
0.374621 9.9964E-05 0.385156 0.144228 0.00315378 9.9964E-05 0.0813782 9.9964E-05 9.9964E-05 0.0110633
0.401567 9.9946E-05 0.352546 0.0750772 9.9946E-05 9.9946E-05 0.17021 9.9946E-05 9.9946E-05 9.9946E-05
0.726795 9.9955E-05 0.106348 0.0858839 9.9955E-05 0.0308671 9.9955E-05 9.9955E-05 9.9955E-05 0.0496067
0.246326 9.9964E-05 0.496089 0.0645299 9.9964E-05 0.0923262 0.0042691 0.0960596 9.9964E-05 9.9964E-05
0.346348 9.9973E-05 0.533258 0.0522152 9.9973E-05 0.00107714 0.0375544 9.9973E-05 0.0235036 0.00574347
0.182637 9.9982E-05 0.446885 0.0822532 0.114481 0.100219 9.9982E-05 0.00296599 0.058266 0.0120921
0.51889 9.9964E-05 0.265037 9.9964E-05 0.018823 9.9964E-05 9.9964E-05 0.158677 0.00927696 0.0288959
0.587646 9.9964E-05 0.228339 9.9964E-05 0.00214356 9.9964E-05 0.0135709 0.138162 0.0297391 9.9964E-05
0.182273 0.023537 0.522167 0.0648406 0.0900107 9.9982E-05 0.000194678 0.0849764 9.9982E-05 0.0318005
0.283228 0.0864425 0.345436 0.0396398 9.9982E-05 0.0476734 9.9982E-05 0.0858681 0.066603 0.0449084
0.107031 0.152806 0.416749 0.0682776 0.0726374 0.0575519 0.0168766 0.107376 0.000594631 9.9991E-05
0.424482 0.0572549 0.491804 9.9964E-05 9.9964E-05 9.9964E-05 0.00890874 9.9964E-05 0.000522091 0.0166291
0.714467 9.9946E-05 0.193538 9.9946E-05 9.9946E-05 9.9946E-05 0.00551999 9.9946E-05 0.0858754 9.9946E-05
0.327847 0.0191264 0.556875 9.9964E-05 0.0294676 0.0365495 0.0297347 9.9964E-05 9.9964E-05 9.9964E-05
0.682213 9.99459E-05 0.144484 9.99459E-05 0.098855 9.99459E-05 9.99459E-05 0.0738477 9.99459E-05 9.99459E-05
0.508324 0.0419634 0.411722 9.9955E-05 9.9955E-05 0.00458701 9.9955E-05 9.9955E-05 9.9955E-05 0.0329045
0.289849 0.0274464 0.554449 0.0191374 0.0033265 0.0470885 9.9982E-05 9.9982E-05 0.0454313 0.0130721
0.361702 9.9973E-05 0.408432 0.0239214 0.145721 0.0212244 9.9973E-05 9.9973E-05 0.0227489 0.0159492
0.112908 0.0286275 0.391188 0.17056 0.0177088 0.124506 0.0175127 0.136789 9.9982E-05 9.9982E-05
0.24518 0.02009 0.372529 0.117319 9.9982E-05 0.174652 0.0258511 9.9982E-05 0.0406517 0.00352638
0.064159 0.120357 0.312359 0.26952 9.9973E-05 0.148317 9.9973E-05 0.0188592 0.0661297 9.9973E-05
0.0904824 0.0892776 0.247502 0.243513 9.9991E-05 0.04568 0.0559697 0.0431203 0.113261 0.0710949
0.0550976 9.9991E-05 0.393893 0.147096 0.112773 0.0131372 0.112688 0.0137927 0.0662168 0.0852057
0.125439 0.124911 0.368828 0.212222 9.9982E-05 9.9982E-05 0.0619885 0.0790465 0.0231869 0.00417848
0.658293 0.0238228 9.9964E-05 0.099549 9.9964E-05 0.153669 0.0427245 9.9964E-05 0.0215422 9.9964E-05
0.19967 9.9964E-05 0.493909 0.217272 9.9964E-05 9.9964E-05 0.0548598 9.9964E-05 0.0078115 0.0260782
0.454676 0.0593416 9.9955E-05 0.0597973 9.9955E-05 0.237332 0.188353 9.9955E-05 9.9955E-05 9.9955E-05
0.310744 9.9955E-05 0.457374 0.14883 9.9955E-05 0.0642779 0.0182743 9.9955E-05 9.9955E-05 9.9955E-05
0.738584 0.0136466 0.0412933 9.9949E-05 0.205877 9.9949E-05 9.9949E-05 9.9949E-05 9.9949E-05 9.9949E-05
0.868556 0.00522358 9.9955E-05 9.9955E-05 0.0772732 9.9955E-05 9.9955E-05 0.0442682 9.9955E-05 0.00417873
0.437868 0.00619625 0.41604 0.0231723 9.9973E-05 9.9973E-05 9.9973E-05 0.112569 0.00140587 0.00244908
