9.9964E-05 0.00425197 9.9964E-05 9.9964E-05 0.866593 0.0213743 0.0688364 9.9964E-05 0.00682305 0.031721
0.0178206 9.9964E-05 0.0286638 0.0178142 0.920578 0.00245022 9.9964E-05 9.9964E-05 0.0122729 9.9964E-05
9.9964E-05 0.00987541 9.9964E-05 9.9964E-05 0.769081 0.026484 0.0246168 9.9964E-05 0.0624335 0.107109
9.9955E-05 0.0810777 9.9955E-05 9.9955E-05 0.73658 9.9955E-05 0.0956766 0.0257493 9.9955E-05 0.0604165
9.9964E-05 0.0964201 9.9964E-05 0.0221873 0.782723 9.9964E-05 0.0586518 9.9964E-05 0.0181651 0.0214524
9.9955E-05 0.0801512 9.9955E-05 0.257783 0.581897 0.0641083 0.01556 9.9955E-05 9.9955E-05 9.9955E-05
9.9937E-05 9.9937E-05 9.9937E-05 0.212888 0.761329 0.0250834 9.9937E-05 9.9937E-05 9.9937E-05 9.9937E-05
9.9955E-05 0.0362153 9.9955E-05 0.198409 0.709066 9.9955E-05 0.029269 0.0265409 9.9955E-05 9.9955E-05
0.00830622 9.99549E-05 0.0580513 9.99549E-05 0.757674 9.99549E-05 0.0614281 9.99549E-05 0.11404 9.99549E-05
9.9937E-05 0.0407664 9.9937E-05 0.294277 0.664257 9.9937E-05 9.9937E-05 9.9937E-05 9.9937E-05 9.9937E-05
9.9946E-05 9.9946E-05 9.9946E-05 0.231552 0.688505 0.0340665 0.045277 9.9946E-05 9.9946E-05 9.9946E-05
9.9946E-05 9.9946E-05 0.0493618 0.0461298 9.9946E-05 0.827093 9.9946E-05 9.9946E-05 9.9946E-05 0.0768157
9.9964E-05 0.00408324 9.9964E-05 9.9964E-05 0.0290746 0.421029 0.0494625 0.0705678 9.9964E-05 0.425383
0.0957352 9.9946E-05 9.9946E-05 9.9946E-05 9.9946E-05 0.712424 0.0699473 9.9946E-05 9.9946E-05 0.121294
9.9937E-05 0.0606408 9.9937E-05 9.9937E-05 9.9937E-05 0.8359 9.9937E-05 9.9937E-05 9.9937E-05 0.102759
0.0326982 0.126979 0.0123254 0.0322674 0.0313323 0.480805 0.0860968 9.9991E-05 0.000247587 0.197148
0.0199856 0.0393353 9.9955E-05 9.9955E-05 0.0632927 0.372389 9.9955E-05 9.9955E-05 9.9955E-05 0.504498
0.0594812 0.0798766 0.0858601 0.0698272 9.9964E-05 0.427795 9.9964E-05 9.9964E-05 9.9964E-05 0.27676
9.9946E-05 9.9946E-05 9.9946E-05 9.9946E-05 0.018206 0.703045 9.9946E-05 9.9946E-05 0.069059 0.20909
9.9946E-05 9.9946E-05 9.9946E-05 0.139248 0.00118411 0.796307 0.0626613 9.9946E-05 9.9946E-05 9.9946E-05
0.0751325 0.0867489 0.0436964 9.9982E-05 9.9982E-05 0.400392 0.0567337 0.0443888 0.00273991 0.289968
0.0983717 0.0598093 0.0308639 0.0785088 9.9991E-05 0.213955 0.0325151 0.0733977 0.0624686 0.35001
0.0318349 0.00693347 0.146963 0.051143 0.0256447 0.218123 0.00895979 0.0296888 0.0327109 0.447998
9.9946E-05 0.0411421 9.9946E-05 0.0204313 9.9946E-05 0.840424 9.9946E-05 9.9946E-05 9.9946E-05 0.0974029
9.9973E-05 0.125386 9.9973E-05 0.0777147 0.0327744 0.21818 0.0648808 9.9973E-05 0.0263738 0.45439
9.9964E-05 0.0245967 0.0113897 9.9964E-05 9.9964E-05 0.489082 0.0365719 9.9964E-05 0.0243953 0.413564
0.0149049 0.0523218 0.0630165 9.9955E-05 9.9955E-05 0.860358 0.00889916 9.9955E-05 9.9955E-05 9.9955E-05
9.9937E-05 0.133744 9.9937E-05 9.9937E-05 9.9937E-05 0.835679 9.9937E-05 0.0298775 9.9937E-05 9.9937E-05
9.9937E-05 9.9937E-05 9.9937E-05 0.095902 9.9937E-05 0.844569 9.9937E-05 9.9937E-05 9.9937E-05 0.0588294
9.9946E-05 0.0512666 9.9946E-05 9.9946E-05 0.795917 0.0440186 9.9946E-05 9.9946E-05 9.9946E-05 0.108198
9.9946E-05 0.019652 9.9946E-05 9.9946E-05 0.806611 0.0592752 9.9946E-05 9.9946E-05 9.9946E-05 0.113862
9.9946E-05 0.049451 9.9946E-05 9.9946E-05 0.768002 0.120027 9.9946E-05 9.9946E-05 9.9946E-05 0.0619196
9.9955E-05 0.0474872 9.9955E-05 9.9955E-05 0.731614 9.9955E-05 0.00554372 9.9955E-05 0.0322509 0.182604
0.0495844 9.9982E-05 0.136113 0.172631 0.0152842 0.0915187 0.046396 0.00479175 9.9982E-05 0.483481
9.9964E-05 9.9964E-05 0.216364 9.9964E-05 0.0773098 0.139655 0.0613641 9.9964E-05 0.0198801 0.485028
9.9946E-05 9.9946E-05 0.313361 9.9946E-05 0.0213765 9.9946E-05 0.107902 9.9946E-05 9.9946E-05 0.556761
9.9973E-05 0.00661258 0.0505638 9.9973E-05 0.0875476 0.335303 0.210739 0.259448 9.9973E-05 0.0494855
9.9937E-05 9.9937E-05 0.548271 9.9937E-05 9.9937E-05 9.9937E-05 9.9937E-05 0.181343 9.9937E-05 0.269687
0.0125266 0.0216977 0.121908 9.9982E-05 9.9982E-05 0.083441 0.0337879 0.195028 0.053399 0.478013
0.013546 9.9955E-05 0.188094 0.112792 9.9955E-05 9.9955E-05 9.9955E-05 0.00556118 9.9955E-05 0.679507
9.9964E-05 9.9964E-05 0.0783277 0.272542 0.0758295 9.9964E-05 0.0405226 0.0573089 9.9964E-05 0.47507
0.0166115 9.9982E-05 0.144861 0.0689011 0.0636544 9.9982E-05 0.057648 0.0623525 0.00572931 0.580042
9.9964E-05 9.9964E-05 0.628008 9.9964E-05 0.0710817 0.207644 9.9964E-05 0.0152929 0.0094551 0.0681193
9.9964E-05 9.9964E-05 9.9964E-05 0.254838 0.0155074 0.12797 0.0132583 9.9964E-05 0.0302941 0.557732
0.000297015 0.0520538 0.248243 0.0733224 0.00118382 0.0358899 9.9982E-05 9.9982E-05 0.0546713 0.534138
9.9982E-05 0.0926679 0.0487555 0.0600602 0.143513 0.0294984 0.0456925 9.9982E-05 0.0355178 0.544095
9.9928E-05 9.9928E-05 0.623098 9.9928E-05 9.9928E-05 9.9928E-05 9.9928E-05 9.9928E-05 9.9928E-05 0.376102
0.0200608 9.9955E-05 0.207434 9.9955E-05 0.0640169 9.9955E-05 9.9955E-05 0.0330869 9.9955E-05 0.674902
0.00669568 0.00118013 0.195487 0.0510436 0.0885512 0.0555311 0.0138931 9.9991E-05 0.066806 0.520712
0.00349551 9.9964E-05 0.672767 0.0419891 0.0242398 9.9964E-05 9.9964E-05 0.127614 0.129495 9.9964E-05
0.050503 9.9973E-05 0.26406 9.9973E-05 9.9973E-05 0.221266 0.216126 0.136244 0.0186618 0.0928388
0.0217365 9.9973E-05 0.193313 0.155462 9.9973E-05 0.191863 0.0340971 0.21251 0.190719 9.9973E-05
0.0111596 0.0562206 0.0920402 9.9982E-05 0.0644487 0.186634 9.9982E-05 0.126102 0.0241556 0.43904
9.9964E-05 0.088047 9.9964E-05 0.0651335 0.0572853 0.128999 9.9964E-05 0.155376 9.9964E-05 0.50476
9.9982E-05 0.0119663 0.0424044 0.0159974 0.056107 9.9982E-05 0.0998672 0.128719 0.0448298 0.599909
9.9982E-05 9.9982E-05 0.189763 0.016065 0.0959885 0.134207 0.231321 0.0963199 0.109811 0.126324
0.00775859 9.9982E-05 0.0503383 0.0172346 0.0246919 0.112414 0.0367245 0.213732 9.9982E-05 0.536906
9.999E-05 0.0828157 0.0733492 0.0395742 0.0095313 0.193389 0.0348204 0.0876907 0.0512243 0.427505
9.999E-05 0.0317041 0.1046 0.0489056 0.0882054 0.317923 0.0411236 0.055278 0.0335904 0.27857
0.0712071 0.018051 0.110553 0.0949996 0.158712 0.342225 0.0849354 0.0282319 0.0909856 9.9991E-05
0.0220769 9.9991E-05 0.016015 0.0759734 0.0381109 0.148326 0.0186882 0.0106037 0.168674 0.501432
0.0466663 0.00833764 0.0232656 9.9991E-05 0.0249273 0.345537 0.049391 0.0254845 0.103582 0.372709
0.0729791 9.9982E-05 0.120862 0.0729177 0.00920057 0.462294 0.152133 0.0718225 0.0375909 9.9982E-05
0.102273 9.9973E-05 0.0525161 9.9973E-05 9.9973E-05 0.246567 0.0180832 0.119967 0.0651303 0.395163
0.0644594 9.9964E-05 0.114856 0.0146581 9.9964E-05 9.9964E-05 9.9964E-05 0.0223725 0.122094 0.66116
0.0140846 9.9982E-05 0.012942 9.9982E-05 0.0558978 0.161961 0.0172442 0.17516 0.0208466 0.541664
0.060585 0.00117778 0.167281 0.0237146 0.00151266 0.3817 0.0335544 9.9991E-05 0.119334 0.211041
0.0136278 9.9964E-05 9.9964E-05 9.9964E-05 9.9964E-05 0.356314 0.0311708 0.0607928 0.111802 0.425893
0.0558634 9.9991E-05 0.0276692 0.0568091 0.0446379 0.0176343 0.0372339 0.149442 0.026222 0.584389
0.0549913 9.9973E-05 0.0744522 9.9973E-05 9.9973E-05 0.428587 0.148821 0.102734 0.0805212 0.109593
9.9946E-05 9.9946E-05 0.351889 9.9946E-05 9.9946E-05 9.9946E-05 0.042513 0.0926806 9.9946E-05 0.512318
9.9937E-05 9.9937E-05 0.575214 9.9937E-05 9.9937E-05 0.268206 9.9937E-05 9.9937E-05 9.9937E-05 0.15588
9.9955E-05 9.9955E-05 0.140711 9.9955E-05 9.9955E-05 9.9955E-05 0.0580296 0.132712 0.0984319 0.569615
9.9955E-05 9.9955E-05 0.886683 0.0771544 0.0148322 0.00901022 9.9955E-05 9.9955E-05 0.0118203 9.9955E-05
0.091303 9.9964E-05 0.780006 0.00969166 9.9964E-05 0.0524452 0.0180506 0.0481041 9.9964E-05 9.9964E-05
9.9937E-05 9.9937E-05 0.682267 9.9937E-05 9.9937E-05 9.9937E-05 9.9937E-05 0.0524304 9.9937E-05 0.264603
9.9937E-05 9.9937E-05 0.491466 9.9937E-05 9.9937E-05 0.0693379 9.9937E-05 9.9937E-05 9.9937E-05 0.438496
0.0509799 0.0276743 9.9964E-05 9.9964E-05 0.113527 9.9964E-05 0.105002 9.9964E-05 0.0444088 0.658008
9.9955E-05 0.0786483 0.375306 9.9955E-05 9.9955E-05 0.169114 9.9955E-05 9.9955E-05 0.00320976 0.373222
9.9964E-05 0.0250279 0.614019 9.9964E-05 0.0654391 0.105073 0.0976848 9.9964E-05 9.9964E-05 0.0923565
0.0264033 9.9964E-05 0.368307 9.9964E-05 0.0330574 0.129857 0.194518 9.9964E-05 9.9964E-05 0.247456
9.9955E-05 0.0391766 0.23253 9.9955E-05 0.108543 9.9955E-05 0.0507059 9.9955E-05 9.9955E-05 0.568545
0.0521576 0.00225963 0.519356 0.0039532 0.00800241 0.188324 9.9973E-05 9.9973E-05 9.9973E-05 0.225646
0.00913881 0.00613937 0.359395 0.0292842 0.0566652 0.143051 9.9982E-05 9.9982E-05 0.00810395 0.388022
0.000913632 9.9955E-05 0.509104 9.9955E-05 9.9955E-05 0.0604989 0.00940749 9.9955E-05 9.9955E-05 0.419576
0.0516264 0.0108655 0.676168 0.0803295 9.9964E-05 9.9964E-05 9.9964E-05 0.168813 0.011798 9.9964E-05
9.9964E-05 0.0467364 0.277676 0.00773124 0.0527602 9.9964E-05 0.04566 9.9964E-05 9.9964E-05 0.569037
9.9955E-05 0.00486114 9.9955E-05 9.9955E-05 0.813766 0.0131599 9.9955E-05 0.0506922 9.9955E-05 0.117022
9.99281E-05 9.99281E-05 9.99281E-05 9.99281E-05 0.861608 9.99281E-05 9.99281E-05 9.99281E-05 9.99281E-05 0.137593
9.9946E-05 0.0271216 9.9946E-05 9.9946E-05 0.840192 9.9946E-05 9.9946E-05 9.9946E-05 0.0246536 0.107433
9.9946E-05 9.9946E-05 9.9946E-05 0.000182808 0.81003 9.9946E-05 9.9946E-05 9.9946E-05 0.0959311 0.0932569
9.9964E-05 0.00537432 0.0333957 9.9964E-05 0.805564 0.00964384 9.9964E-05 9.9964E-05 0.0533273 0.0922952
9.9946E-05 9.9946E-05 9.9946E-05 9.9946E-05 0.795332 9.9946E-05 0.0158091 9.9946E-05 0.115003 0.0732567
9.99371E-05 9.99371E-05 9.99371E-05 0.0259117 0.917871 9.99371E-05 9.99371E-05 9.99371E-05 9.99371E-05 0.0555182
9.9973E-05 0.0748902 0.211863 9.9973E-05 0.0579657 0.0790347 9.9973E-05 0.0567181 0.0604986 0.45873
9.9973E-05 0.0933464 0.227663 0.00574387 0.00523135 0.0388227 0.098826 9.9973E-05 9.9973E-05 0.530066
0.0211548 9.9964E-05 0.690887 9.9964E-05 9.9964E-05 0.161816 0.0699922 0.00021644 9.9964E-05 0.0555341
0.0733157 0.0944852 0.0356792 0.160856 0.0146684 0.0979057 0.0635501 9.9982E-05 9.9982E-05 0.45934
9.9964E-05 9.9964E-05 0.318018 0.0973428 0.000876262 0.149434 0.0329239 9.9964E-05 9.9964E-05 0.401005
0.0646036 0.0407501 0.159216 0.0470767 0.0392557 0.0601433 0.0525585 9.9982E-05 9.9982E-05 0.536196
0.0331564 0.0218293 0.136856 0.0803895 9.9982E-05 0.139442 9.9982E-05 0.0511204 0.00915393 0.527853
0.0146305 0.0666889 0.430303 9.9955E-05 9.9955E-05 9.9955E-05 0.00936528 9.9955E-05 9.9955E-05 0.478513
0.0028637 9.9955E-05 0.666247 9.9955E-05 0.0522619 0.16847 0.109657 9.9955E-05 9.9955E-05 9.9955E-05
0.105652 0.0421082 0.107788 9.9973E-05 0.0689113 9.9973E-05 0.133862 9.9973E-05 0.0888619 0.452517
9.9964E-05 9.9964E-05 0.134096 0.0596938 0.0516159 0.11396 9.9964E-05 0.00176612 9.9964E-05 0.638468
0.0660494 9.9964E-05 0.084651 9.9964E-05 0.110835 0.135679 0.081793 9.9964E-05 9.9964E-05 0.520593
9.9955E-05 9.9955E-05 0.47259 0.101538 9.9955E-05 9.9955E-05 9.9955E-05 0.0837293 0.0449974 0.296646
9.9955E-05 9.9955E-05 0.396636 0.0141387 9.9955E-05 9.9955E-05 0.00548264 0.0646392 9.9955E-05 0.518603
0.0194435 9.9964E-05 0.343326 9.9964E-05 0.0304272 0.137174 0.0669989 9.9964E-05 9.9964E-05 0.402231
9.9937E-05 0.100886 0.623635 9.9937E-05 9.9937E-05 9.9937E-05 9.9937E-05 9.9937E-05 9.9937E-05 0.274779
0.0266684 9.9964E-05 0.375371 9.9964E-05 0.0694803 0.00435153 0.121479 9.9964E-05 9.9964E-05 0.40225
0.0416039 9.9982E-05 0.0817715 9.9982E-05 0.0170681 0.00137627 0.131966 0.038137 0.0990173 0.58886
0.091019 9.9982E-05 0.00602317 9.9982E-05 0.0618377 0.0802218 0.00317931 0.606121 0.0101627 0.141235
9.9982E-05 0.0268128 9.9982E-05 0.000936977 0.104155 0.132961 0.160303 0.168601 0.0413813 0.364649
0.0691778 0.0540503 0.00321478 0.00696956 0.0959788 9.9973E-05 9.9973E-05 0.308818 9.9973E-05 0.461491
0.0449061 0.0872474 0.110575 9.9973E-05 0.0610145 9.9973E-05 0.0921129 0.111602 9.9973E-05 0.492242
0.0156406 9.9955E-05 9.9955E-05 9.9955E-05 9.9955E-05 0.224478 0.090577 0.273966 9.9955E-05 0.394838
0.0151379 0.0172077 9.9973E-05 9.9973E-05 9.9973E-05 0.148019 0.0832587 0.169517 0.0288917 0.537669
9.9955E-05 9.9955E-05 9.9955E-05 9.9955E-05 0.0107789 0.137464 0.0634432 0.412024 9.9955E-05 0.37579
9.9955E-05 9.9955E-05 0.0922668 9.9955E-05 0.0598048 9.9955E-05 9.9955E-05 0.232728 0.105702 0.508999
9.99779E-05 0.0350113 0.0797519 9.99779E-05 0.0131334 9.99779E-05 0.0764817 0.198213 0.0774636 0.519645
0.0504431 9.9991E-05 0.0173034 0.0172777 0.0139089 0.198727 0.0324607 0.163564 0.012289 0.493926
9.9955E-05 9.9955E-05 0.0344086 9.9955E-05 9.9955E-05 0.0643311 0.117658 0.37924 9.9955E-05 0.403862
0.130615 9.9955E-05 9.9955E-05 0.0521039 9.9955E-05 9.9955E-05 0.115657 0.162264 9.9955E-05 0.53886
0.0306114 0.0125739 9.9973E-05 0.0890378 0.098471 9.9973E-05 0.00980388 0.214605 9.9973E-05 0.544598
0.030299 0.0773671 0.0649396 9.9982E-05 0.00564553 0.0570756 0.0614398 0.232344 9.9982E-05 0.470689
0.00350517 0.0958813 9.9991E-05 0.107818 0.0451136 0.0214036 0.0874408 0.147664 0.0163962 0.474677
9.9973E-05 0.0667704 0.00548595 9.9973E-05 0.0561975 0.015828 0.0172357 0.349829 9.9973E-05 0.488353
0.052167 9.9964E-05 9.9964E-05 0.0641539 0.0751307 0.122217 9.9964E-05 0.416836 9.9964E-05 0.269096
9.9937E-05 9.9937E-05 9.9937E-05 9.9937E-05 9.9937E-05 9.9937E-05 9.9937E-05 0.353013 0.0625563 0.583731
9.9955E-05 9.9955E-05 9.9955E-05 9.9955E-05 0.0880996 9.9955E-05 0.019194 0.303053 0.0458142 0.543339
0.00964027 0.0220862 0.0960953 9.9982E-05 9.9982E-05 0.253149 0.142768 0.211518 0.0527415 0.211802
0.086571 9.9991E-05 0.0324565 0.088278 0.00265117 0.0335765 0.0265598 0.502251 0.149539 0.0780167
9.9982E-05 0.0325118 0.137361 0.018616 0.0492757 0.128183 0.0600941 0.0875066 9.9982E-05 0.486251
0.146398 0.025228 0.133812 9.9964E-05 9.9964E-05 9.9964E-05 0.132028 0.503241 0.0588925 9.9964E-05
0.0334976 9.9973E-05 0.0684186 9.9973E-05 0.0986792 0.33213 0.101453 0.253744 9.9973E-05 0.111778
9.9964E-05 9.9964E-05 0.0926126 0.0327629 9.9964E-05 0.218928 0.0554028 0.257015 9.9964E-05 0.342878
9.9964E-05 9.9964E-05 0.0884012 9.9964E-05 0.00264366 0.200643 0.137604 0.288549 9.9964E-05 0.281759
9.9973E-05 9.9973E-05 0.0567733 0.0415754 0.0171663 0.193741 0.148046 0.328619 9.9973E-05 0.213778
0.0460215 0.100082 0.0921633 0.0425074 0.0638058 0.0512815 0.0302127 0.0542133 9.9991E-05 0.519613
9.9991E-05 0.0971149 0.0472802 0.0965127 0.0217118 0.0792925 0.0413945 0.136917 0.0523637 0.427313
0.0596854 9.9991E-05 0.0549886 0.0193558 0.00626699 0.0946354 0.00156069 0.227689 0.0568053 0.478913
9.9964E-05 0.046551 0.0147167 0.0290014 0.0464968 0.0273071 9.9964E-05 0.835527 9.9964E-05 9.9964E-05
0.0658175 0.00980476 0.0201454 9.9991E-05 0.134749 0.0312927 0.117386 0.0869899 0.0992014 0.434513
0.126801 9.9991E-05 0.151258 0.0167464 0.0211587 0.0347291 0.0466501 0.0140797 0.10158 0.486898
0.239265 9.9982E-05 0.118414 0.258917 0.142983 0.0237167 0.0614852 0.120502 0.0345181 9.9982E-05
0.053203 0.00652334 9.9973E-05 0.123469 0.00361614 9.9973E-05 9.9973E-05 0.145099 0.0548125 0.612977
0.0998339 9.9982E-05 0.208681 0.0309868 0.0198195 0.0485583 0.0613489 9.9982E-05 0.215527 0.315045
0.0325531 9.9982E-05 0.0437518 0.0536436 0.0728847 0.0766737 9.9982E-05 0.0748036 0.181672 0.463817
9.9982E-05 9.9982E-05 0.107715 0.246646 0.0745746 0.0905987 0.109718 0.0373267 0.132981 0.200241
0.131908 9.9982E-05 0.0655972 0.389206 0.0231434 0.0468462 0.0892639 9.9982E-05 0.111946 0.141889
0.195738 9.9991E-05 0.0977906 0.134686 0.0377502 0.0105038 0.0872567 0.0497941 0.0326455 0.353735
9.9982E-05 0.0382827 9.9982E-05 0.19042 0.0944698 0.116092 0.0256593 0.109683 0.0168534 0.40834
9.9982E-05 0.0562009 0.110438 0.084443 0.0803385 0.142417 0.0779162 9.9982E-05 0.0528848 0.395161
0.0683596 0.0872009 0.21985 0.212637 0.0414698 0.135462 0.00953976 0.052551 0.17283 9.9991E-05
0.0464127 0.100415 0.0426765 0.0821865 0.0564471 0.0972467 9.9982E-05 0.114095 9.9982E-05 0.460321
0.0332782 9.9973E-05 0.148533 0.269044 9.9973E-05 0.0993515 0.0263702 0.189412 9.9973E-05 0.233711
0.023451 9.9973E-05 0.135159 0.0814184 9.9973E-05 0.121065 9.9973E-05 0.224762 0.035645 0.378201
0.0351762 0.0122403 0.105862 0.080734 0.0672988 9.9982E-05 0.0305065 9.9982E-05 0.0380953 0.629887
9.9973E-05 0.204587 9.9973E-05 0.195659 0.252714 0.0102488 9.9973E-05 0.114307 0.0990009 0.123185
9.9946E-05 0.0992699 9.9946E-05 0.169781 0.352297 9.9946E-05 9.9946E-05 9.9946E-05 0.378053 9.9946E-05
0.126582 0.0689337 9.9955E-05 0.0357686 0.283469 9.9955E-05 9.9955E-05 9.9955E-05 0.484748 9.9955E-05
9.9964E-05 0.258553 9.9964E-05 0.0541922 0.300399 9.9964E-05 9.9964E-05 0.0343669 0.278342 0.0737476
0.001007 0.01413 0.0490876 0.249246 9.9973E-05 9.9973E-05 9.9973E-05 0.113102 0.0358173 0.537311
0.0359614 0.0903462 0.115017 0.111402 0.060654 9.9973E-05 0.124026 9.9973E-05 9.9973E-05 0.462295
9.9946E-05 0.696362 0.0311564 9.9946E-05 9.9946E-05 0.0406693 9.9946E-05 9.9946E-05 9.9946E-05 0.231213
9.9955E-05 0.414635 9.9955E-05 9.9955E-05 9.9955E-05 0.174885 0.0269197 0.102025 9.9955E-05 0.281036
0.0165487 0.319119 0.0485134 0.0780787 0.0281076 0.0755529 9.9991E-05 0.0769879 0.0444768 0.312515
0.0646427 0.0131714 0.0411045 0.415863 9.9982E-05 0.0379059 9.9982E-05 0.205228 0.00780671 0.214078
9.9973E-05 0.0207839 9.9973E-05 0.0670551 9.9973E-05 0.0842947 0.0878961 0.0800941 0.235072 0.424504
0.190727 0.0338673 0.0408511 0.456615 9.9964E-05 9.9964E-05 9.9964E-05 0.187078 9.9964E-05 0.0904606
0.0698309 9.9964E-05 0.0524954 0.120768 9.9964E-05 9.9964E-05 9.9964E-05 0.184484 0.107382 0.46464
0.174569 9.9973E-05 9.9973E-05 0.205765 0.0511012 0.0648128 9.9973E-05 0.071071 0.00126118 0.43112
0.106513 9.9964E-05 9.9964E-05 0.196537 9.9964E-05 9.9964E-05 0.0302299 0.0883727 0.0202264 0.557721
0.141217 9.9973E-05 0.086742 0.420169 9.9973E-05 0.0809719 9.9973E-05 0.188534 0.00205497 0.0800106
0.049703 0.174758 0.117559 0.145253 9.9982E-05 0.0556734 0.0302829 0.0694682 9.9982E-05 0.357102
0.00885522 0.0537776 0.0514541 0.219293 0.054096 0.0498795 9.9991E-05 0.0203357 0.0789544 0.463255
9.9928E-05 0.953208 9.9928E-05 9.9928E-05 9.9928E-05 9.9928E-05 9.9928E-05 0.0459922 9.9928E-05 9.9928E-05
9.9937E-05 0.877318 9.9937E-05 9.9937E-05 9.9937E-05 0.0238459 9.9937E-05 9.9937E-05 9.9937E-05 0.0981368
9.9955E-05 0.567744 9.9955E-05 0.0764144 0.0205158 0.121425 9.9955E-05 9.9955E-05 9.9955E-05 0.213402
0.0221994 0.687751 9.9937E-05 9.9937E-05 9.9937E-05 9.9937E-05 9.9937E-05 9.9937E-05 9.9937E-05 0.28935
9.9964E-05 0.778795 9.9964E-05 0.070345 9.9964E-05 0.0238671 0.0232252 0.0258789 9.9964E-05 0.0774886
9.9937E-05 0.992417 9.9937E-05 9.9937E-05 9.9937E-05 0.00332247 0.00356052 9.9937E-05 9.9937E-05 9.9937E-05
0.0238096 0.957308 9.9946E-05 9.9946E-05 9.9946E-05 9.9946E-05 0.00660264 9.9946E-05 0.0116804 9.9946E-05
9.9928E-05 0.811131 9.9928E-05 9.9928E-05 9.9928E-05 9.9928E-05 9.9928E-05 9.9928E-05 9.9928E-05 0.18807
9.9928E-05 0.992951 9.9928E-05 9.9928E-05 9.9928E-05 9.9928E-05 9.9928E-05 0.00624911 9.9928E-05 9.9928E-05
9.99201E-05 0.999101 9.99201E-05 9.99201E-05 9.99201E-05 9.99201E-05 9.99201E-05 9.99201E-05 9.99201E-05 9.99201E-05
9.99201E-05 0.999101 9.99201E-05 9.99201E-05 9.99201E-05 9.99201E-05 9.99201E-05 9.99201E-05 9.99201E-05 9.99201E-05
0.0164806 0.765876 9.9964E-05 0.00464726 0.0240213 0.0448096 9.9964E-05 9.9964E-05 9.9964E-05 0.143765
9.9973E-05 0.72014 0.0442644 9.9973E-05 0.0185786 9.9973E-05 0.0223623 0.0209534 0.0274352 0.145966
9.9928E-05 0.972467 0.0267339 9.9928E-05 9.9928E-05 9.9928E-05 9.9928E-05 9.9928E-05 9.9928E-05 9.9928E-05
9.9964E-05 0.486751 0.0510469 0.0493573 9.9964E-05 0.0681077 9.9964E-05 0.114009 9.9964E-05 0.230328
9.9955E-05 0.621255 9.9955E-05 9.9955E-05 0.0477008 9.9955E-05 0.0269551 0.0954815 9.9955E-05 0.208108
9.9946E-05 0.770899 9.9946E-05 9.9946E-05 9.9946E-05 9.9946E-05 0.0499082 9.9946E-05 0.0638176 0.114776
9.9946E-05 0.846079 9.9946E-05 9.9946E-05 9.9946E-05 9.9946E-05 0.0290919 9.9946E-05 0.0405451 0.083684
9.9955E-05 0.933762 9.9955E-05 9.9955E-05 9.9955E-05 9.9955E-05 0.00112184 0.045003 0.0146103 0.00500285
0.0331824 0.846183 0.00479726 9.9955E-05 0.0728057 9.9955E-05 9.9955E-05 9.9955E-05 9.9955E-05 0.042532
9.9928E-05 0.996161 0.00303932 9.9928E-05 9.9928E-05 9.9928E-05 9.9928E-05 9.9928E-05 9.9928E-05 9.9928E-05
9.9964E-05 0.615561 0.0221583 9.9964E-05 0.0769787 0.0498647 0.0429327 9.9964E-05 9.9964E-05 0.192105
0.0532564 0.868646 9.9946E-05 9.9946E-05 9.9946E-05 0.0664971 9.9946E-05 9.9946E-05 9.9946E-05 0.0110013
0.0139714 0.0141578 0.0345211 0.48411 0.225204 9.9964E-05 9.9964E-05 9.9964E-05 0.227636 9.9964E-05
0.0340967 0.0960186 9.9982E-05 0.215344 0.17695 0.00735849 0.100522 0.0438661 9.9982E-05 0.325645
9.9982E-05 0.0306108 0.0129323 0.289706 0.197423 0.00227126 9.9982E-05 0.0318621 0.0453735 0.389621
9.9964E-05 0.0136298 9.9964E-05 0.302303 0.0928048 9.9964E-05 0.0510022 9.9964E-05 0.304548 0.235313
9.9964E-05 0.0666544 9.9964E-05 0.11798 0.0437648 9.9964E-05 0.0573703 9.9964E-05 0.205449 0.508381
0.0605125 0.0738411 0.0727331 0.263903 0.157384 9.9973E-05 9.9973E-05 9.9973E-05 0.248599 0.122728
0.101365 0.0287689 0.018007 0.154956 0.159789 0.0993491 9.9982E-05 0.0785054 9.9982E-05 0.35906
9.9955E-05 0.110471 9.9955E-05 0.304536 0.059961 9.9955E-05 9.9955E-05 9.9955E-05 0.156677 0.367856
0.0257306 0.00196463 0.022049 0.164332 0.139867 0.0076981 0.0172158 0.0182206 0.0969551 0.505967
0.0080006 0.142437 9.9964E-05 0.316519 0.156627 9.9964E-05 9.9964E-05 9.9964E-05 0.0841511 0.291866
0.00452399 0.0422657 0.0155959 0.193964 0.184749 0.0145412 0.0208516 0.00928612 0.0825057 0.431716
9.9955E-05 9.9955E-05 9.9955E-05 0.0437758 0.74496 9.9955E-05 0.103442 9.9955E-05 0.0758651 0.0314573
0.00667486 0.0685219 0.0240353 9.9955E-05 0.82413 9.9955E-05 9.9955E-05 9.9955E-05 0.076138 9.9955E-05
9.9946E-05 9.9946E-05 0.0116568 9.9946E-05 0.882962 9.9946E-05 0.0134319 9.9946E-05 0.0913491 9.9946E-05
9.9955E-05 0.000832835 9.9955E-05 9.9955E-05 0.915655 9.9955E-05 0.050491 9.9955E-05 0.0142261 0.0182952
9.9955E-05 9.9955E-05 9.9955E-05 9.9955E-05 0.854693 0.0700946 0.00741462 9.9955E-05 0.0393319 0.0279661
0.0524584 0.0446634 9.9946E-05 9.9946E-05 0.805268 9.9946E-05 9.9946E-05 9.9946E-05 0.0970108 9.9946E-05
9.9946E-05 0.0947681 0.0257621 9.9946E-05 0.857274 9.9946E-05 9.9946E-05 9.9946E-05 9.9946E-05 0.0215957
0.0517429 9.9964E-05 0.022945 9.9964E-05 0.825532 9.9964E-05 9.9964E-05 0.0242648 0.071812 0.00330302
9.9946E-05 9.9946E-05 9.9946E-05 9.9946E-05 0.840189 0.0511343 9.9946E-05 9.9946E-05 0.0709466 0.0371302
9.9955E-05 0.0180723 9.9955E-05 9.9955E-05 0.800813 9.9955E-05 0.0277056 9.9955E-05 0.089204 0.0637055
0.0360165 9.9964E-05 0.0861709 9.9964E-05 0.590835 0.124091 0.147094 0.0153924 9.9964E-05 9.9964E-05
0.0207094 9.9964E-05 0.0375987 9.9964E-05 0.548439 0.181347 0.198909 0.0125967 9.9964E-05 9.9964E-05
0.0450598 9.9964E-05 0.0229704 9.9964E-05 0.497758 0.236417 0.147323 9.9964E-05 0.0500719 9.9964E-05
0.0438282 9.9964E-05 9.9964E-05 0.0297132 0.485093 0.152652 0.147255 0.141058 9.9964E-05 9.9964E-05
9.9982E-05 9.9982E-05 0.239824 0.00999569 0.0574055 0.0320823 0.0139855 0.116459 0.025894 0.504154
0.0705721 0.0111134 0.189229 9.9973E-05 0.0319652 0.159447 0.0827333 9.9973E-05 9.9973E-05 0.45464
9.9973E-05 0.0401801 0.146909 0.0812545 9.9973E-05 0.107362 0.0920241 0.0346856 9.9973E-05 0.497285
9.9964E-05 9.9964E-05 0.0850709 9.9964E-05 0.0948025 0.107838 0.0269988 0.403363 9.9964E-05 0.281526
9.9955E-05 9.9955E-05 9.9955E-05 0.0689888 9.9955E-05 0.252371 0.299075 0.355847 9.9955E-05 0.0232182
0.101672 9.9964E-05 0.209139 9.9964E-05 0.00142389 0.0712223 0.016594 9.9964E-05 9.9964E-05 0.599549
9.9946E-05 9.9946E-05 0.328882 9.9946E-05 9.9946E-05 9.9946E-05 0.0107482 0.133627 9.9946E-05 0.526143
0.0479421 9.9982E-05 0.213901 0.0562497 9.9982E-05 0.0547561 0.0316015 0.163251 0.0233862 0.408712
9.9955E-05 0.0347248 0.46516 0.0192667 9.9955E-05 9.9955E-05 9.9955E-05 0.131051 9.9955E-05 0.349298
0.0494059 9.9973E-05 0.128662 0.0409849 0.0439795 9.9973E-05 0.0904744 0.0664147 9.9973E-05 0.579778
0.0518015 9.9964E-05 0.367502 0.0162699 9.9964E-05 0.0615853 0.0936388 9.9964E-05 9.9964E-05 0.408802
0.100734 9.99371E-05 0.65726 9.99371E-05 9.99371E-05 9.99371E-05 9.99371E-05 0.241306 9.99371E-05 9.99371E-05
9.9973E-05 9.9973E-05 0.0538676 0.00913579 0.0712509 0.109761 0.00621317 0.216112 9.9973E-05 0.533359
0.146041 0.000974264 0.441807 0.0290819 9.9982E-05 0.0456465 9.9982E-05 0.109808 0.000908617 0.225533
0.00693741 9.9973E-05 0.267244 0.0776037 0.0252455 0.0177275 9.9973E-05 0.13291 9.9973E-05 0.472032
0.0304708 9.9964E-05 0.572922 9.9964E-05 0.0131523 0.223417 0.0773624 9.9964E-05 9.9964E-05 0.0822758
9.9946E-05 9.9946E-05 9.9946E-05 0.122635 0.0332049 9.9946E-05 0.792118 9.9946E-05 0.0514423 9.9946E-05
9.9946E-05 9.9946E-05 9.9946E-05 0.183499 0.0386599 9.9946E-05 0.754877 9.9946E-05 9.9946E-05 0.0223644
0.0843815 9.9937E-05 9.9937E-05 0.0469501 9.9937E-05 9.9937E-05 0.867969 9.9937E-05 9.9937E-05 9.9937E-05
0.048411 9.9955E-05 0.00980229 0.130517 0.0350817 9.9955E-05 0.775689 9.9955E-05 9.9955E-05 9.9955E-05
0.0549304 9.9946E-05 9.9946E-05 0.126666 9.9946E-05 9.9946E-05 0.762402 9.9946E-05 9.9946E-05 0.0554021
0.0205095 0.0737967 9.9964E-05 0.0354807 9.9964E-05 9.9964E-05 0.799444 9.9964E-05 0.0174704 0.0528988
0.0196994 0.00422766 0.0312745 9.9955E-05 0.83703 9.9955E-05 9.9955E-05 9.9955E-05 9.9955E-05 0.107268
9.9973E-05 0.0439513 9.9973E-05 9.9973E-05 0.774668 0.0534061 0.0106924 0.0488555 0.00748327 0.0606435
9.9964E-05 0.103732 9.9964E-05 0.000329747 0.744495 0.0178124 0.00430173 9.9964E-05 9.9964E-05 0.128929
9.9946E-05 0.0804051 9.9946E-05 9.9946E-05 0.735015 0.137004 9.9946E-05 9.9946E-05 9.9946E-05 0.0469766
9.9964E-05 0.0571741 9.9964E-05 0.00117671 0.739569 0.030225 0.0404957 9.9964E-05 9.9964E-05 0.13096
0.000666258 9.9973E-05 9.9973E-05 0.0532519 0.321578 0.0584682 0.500633 0.0322174 0.0328851 9.9973E-05
0.0896731 9.9964E-05 0.0628112 0.0258849 0.416704 9.9964E-05 0.386484 9.9964E-05 0.0180423 9.9964E-05
0.172347 9.9946E-05 9.9946E-05 9.9946E-05 0.383753 0.00243261 0.440867 9.9946E-05 9.9946E-05 9.9946E-05
9.9946E-05 0.0376855 9.9946E-05 9.9946E-05 0.804117 0.0690277 9.9946E-05 9.9946E-05 9.9946E-05 0.0885699
0.0746127 9.9964E-05 0.065399 0.000403643 0.348207 9.9964E-05 0.504686 9.9964E-05 0.00629183 9.9964E-05
0.00485163 0.276106 0.0118032 9.9982E-05 0.097398 0.0223294 0.0173285 9.9982E-05 0.276656 0.293327
0.0122577 0.123849 9.9991E-05 0.0129287 0.105236 0.0372989 0.0146305 0.0421037 0.055476 0.59612
9.9946E-05 0.220459 9.9946E-05 9.9946E-05 0.20588 0.118748 9.9946E-05 9.9946E-05 9.9946E-05 0.454314
9.9973E-05 0.219339 0.0445108 0.106098 0.230618 9.9973E-05 0.0371604 9.9973E-05 0.0740086 0.287966
0.0177566 0.153405 0.0465106 0.0726132 0.117503 0.00503329 0.0891334 0.0549845 0.0373434 0.405717
9.9964E-05 0.223638 9.9964E-05 0.108113 0.328587 9.9964E-05 9.9964E-05 0.0354486 0.296961 0.00685279
0.0175794 9.9973E-05 0.0350057 0.0503489 9.9973E-05 0.135868 0.0975836 0.319241 9.9973E-05 0.344073
0.0664837 9.9973E-05 0.124988 0.0300054 9.9973E-05 9.9973E-05 0.0597401 0.268521 0.12651 0.323451
9.9955E-05 9.9955E-05 9.9955E-05 9.9955E-05 0.0633222 0.527029 0.128644 0.175223 9.9955E-05 0.105281
0.210402 9.9964E-05 0.0369401 9.9964E-05 9.9964E-05 0.0268179 0.0398509 0.293654 9.9964E-05 0.391935
0.403684 9.9964E-05 0.193728 0.0157874 9.9964E-05 9.9964E-05 0.00118403 0.23977 0.145447 9.9964E-05
9.9973E-05 9.9973E-05 0.025682 0.106798 0.0133351 0.210366 0.0619651 9.9973E-05 0.0950207 0.486533
0.114123 0.00407643 0.0738539 0.0567313 9.9991E-05 0.166108 0.00817829 0.200687 0.00777058 0.368372
9.9964E-05 9.9964E-05 0.0825665 9.9964E-05 0.0114985 0.391815 0.0656552 0.25154 9.9964E-05 0.196524
0.0774771 0.0479365 0.184755 9.9982E-05 0.0547697 0.12713 0.00637108 0.0148692 9.9982E-05 0.486491
0.0899011 9.9964E-05 0.0727743 0.0742608 9.9964E-05 0.275207 9.9964E-05 0.392289 0.095168 9.9964E-05
0.0353888 9.9982E-05 0.00625429 0.135023 9.9982E-05 0.0270904 0.0884473 0.191776 0.0450547 0.470766
9.9973E-05 0.010709 0.0689084 9.9973E-05 9.9973E-05 0.114113 0.171304 0.122175 0.0476589 0.464833
9.9991E-05 0.116024 0.148547 0.0173501 0.138228 0.0332708 0.0203017 0.0974141 0.0466456 0.382118
0.100729 9.9964E-05 0.0347098 0.0455666 9.9964E-05 0.240994 9.9964E-05 0.348587 9.9964E-05 0.229014
0.093398 9.9991E-05 0.0931863 0.0146304 0.0497538 0.116911 0.027593 0.172135 0.0366078 0.395684
0.175687 0.0810045 0.0520244 0.0654041 0.00249807 9.9982E-05 0.0190435 0.179822 9.9982E-05 0.424316
0.0768403 0.0255919 0.0344882 0.113198 9.9982E-05 0.0473935 0.104827 0.167672 9.9982E-05 0.429789
0.0213335 9.9982E-05 0.0741218 9.9982E-05 0.0163612 0.0231612 0.0835101 0.0961118 0.041826 0.643374
0.0152744 0.0285401 0.0789691 0.010067 0.0506295 0.102236 9.9991E-05 0.131444 0.0553481 0.527391
9.9991E-05 0.0665924 0.100623 0.0574423 0.00720278 0.0828812 0.0309629 0.195265 0.05987 0.39906
9.9955E-05 0.0741832 9.9955E-05 0.0324618 0.719221 9.9955E-05 9.9955E-05 9.9955E-05 0.0360181 0.137616
0.0188235 0.0256782 0.0358071 9.9964E-05 0.82361 9.9964E-05 9.9964E-05 9.9964E-05 0.0101413 0.0855398
0.0138904 0.00111047 0.0541616 9.9982E-05 0.677545 9.9982E-05 0.0681377 0.00554339 0.122919 0.0564927
0.0535119 0.0484462 0.0308834 9.9964E-05 0.741595 9.9964E-05 0.0576472 9.9964E-05 0.0675168 9.9964E-05
9.9937E-05 9.9937E-05 9.9937E-05 0.0154721 0.825249 9.9937E-05 9.9937E-05 9.9937E-05 9.9937E-05 0.15858
9.9964E-05 0.0232685 9.9964E-05 9.9964E-05 9.9964E-05 0.368229 0.128904 0.408696 0.0226486 0.0478548
0.0741307 0.134066 0.0518137 9.9982E-05 0.0576962 0.126108 9.9982E-05 0.190678 0.0219405 0.343367
0.0295023 0.128381 0.000586287 0.108405 0.193809 9.9982E-05 9.9982E-05 0.0646814 0.0563588 0.418077
0.0323851 0.0591672 9.9964E-05 9.9964E-05 0.0119862 0.0734072 9.9964E-05 0.302474 9.9964E-05 0.520181
0.0126048 9.9982E-05 0.0689284 9.9982E-05 0.036555 0.106787 0.0121245 0.238578 0.0139151 0.510307
0.104797 0.0447373 9.9991E-05 0.00484383 0.0113422 0.00973702 0.0788741 0.547017 0.0897323 0.108819
9.9964E-05 9.9964E-05 0.0191222 9.9964E-05 0.14721 0.112346 0.108277 0.588518 0.0241267 9.9964E-05
9.9973E-05 9.9973E-05 0.0850366 9.9973E-05 0.0101 0.0211233 0.165215 0.252279 0.0129726 0.452974
0.0515087 0.0728214 9.9982E-05 0.00131327 0.0702323 0.28144 0.259168 0.238772 9.9982E-05 0.024544
9.9973E-05 9.9973E-05 0.174868 0.0840028 0.0316545 9.9973E-05 0.0590134 0.236343 0.0576219 0.356196
9.9955E-05 9.9955E-05 0.0340236 9.9955E-05 0.18971 0.0886012 0.106271 0.580895 9.9955E-05 9.9955E-05
9.9973E-05 0.0438303 0.0333605 9.9973E-05 0.0805146 0.00396269 0.140504 0.226324 9.9973E-05 0.471204
9.9973E-05 9.9973E-05 0.00310174 0.00945683 0.0849673 0.310316 0.102013 0.396948 9.9973E-05 0.092898
0.0113001 0.0637554 9.9982E-05 0.0437572 0.0427376 0.0533436 0.0341129 0.528748 9.9982E-05 0.222046
9.9982E-05 0.0565946 0.0634053 0.212306 9.9982E-05 0.143005 0.00427114 0.0800406 0.0652461 0.374932
0.0772855 9.9964E-05 9.9964E-05 0.594373 9.9964E-05 0.0843531 0.0337846 0.0569735 9.9964E-05 0.15283
9.9964E-05 0.0179743 9.9964E-05 0.281981 0.0585189 0.152415 9.9964E-05 0.0369868 9.9964E-05 0.451724
9.9955E-05 9.9955E-05 9.9955E-05 0.0951494 0.0811127 9.9955E-05 9.9955E-05 0.278213 0.0640277 0.480998
0.0886337 9.9964E-05 0.0182073 0.52547 9.9964E-05 0.0662974 0.0287312 9.9964E-05 9.9964E-05 0.272261
0.0462672 0.0300593 9.9982E-05 0.198325 0.0661243 0.012885 9.9982E-05 0.135147 0.0490779 0.461914
0.0883151 9.9973E-05 0.0756685 0.312228 0.0235642 9.9973E-05 0.0407095 0.000819891 9.9973E-05 0.458395
0.0961738 9.9955E-05 0.12017 0.617191 9.9955E-05 9.9955E-05 0.0173187 0.148647 9.9955E-05 9.9955E-05
0.0608739 9.9964E-05 0.0544718 0.569233 9.9964E-05 0.103319 9.9964E-05 9.9964E-05 0.0737369 0.137965
0.106472 9.9955E-05 9.9955E-05 0.299281 9.9955E-05 9.9955E-05 0.0700703 0.0756249 9.9955E-05 0.448052
0.160689 9.9973E-05 0.133747 0.483277 9.9973E-05 0.0770994 0.0809952 0.0138825 9.9973E-05 0.0500102
9.9964E-05 9.9964E-05 0.0654496 0.296623 9.9964E-05 0.159901 9.9964E-05 0.0719697 0.0444035 0.361253
9.9955E-05 9.9955E-05 0.00408872 9.9955E-05 0.0198838 0.222599 0.10347 0.649459 9.9955E-05 9.9955E-05
0.097116 0.0343242 0.0124866 9.9964E-05 9.9964E-05 9.9964E-05 0.00692566 0.77865 9.9964E-05 0.0700978
0.0466955 0.0297935 9.9973E-05 9.9973E-05 0.0188908 0.0700045 0.118943 0.440843 9.9973E-05 0.27453
9.9982E-05 9.9982E-05 0.0486391 0.0276354 0.00244353 0.0409495 0.0934053 0.12665 0.100497 0.55958
9.9955E-05 9.9955E-05 0.0872439 9.9955E-05 9.9955E-05 0.315471 0.142904 0.34047 9.9955E-05 0.113412
0.0850625 0.047288 0.0318681 9.9991E-05 0.0264833 0.00673666 0.114559 0.254313 0.0231563 0.410433
9.9973E-05 0.0216935 9.9973E-05 0.00801445 0.0653151 9.9973E-05 0.11317 0.224831 0.0471619 0.519513
9.9964E-05 0.059989 9.9964E-05 9.9964E-05 9.9964E-05 0.137287 0.0336875 0.321437 0.0279303 0.41927
9.9964E-05 0.0809957 0.0522009 9.9964E-05 0.0249539 0.0808273 9.9964E-05 0.358024 9.9964E-05 0.402599
9.9964E-05 0.0484228 0.0719642 9.9964E-05 9.9964E-05 0.101772 0.209563 0.227183 9.9964E-05 0.340695
9.9955E-05 0.0873224 9.9955E-05 9.9955E-05 9.9955E-05 0.240585 0.109454 0.428295 9.9955E-05 0.133844
9.9955E-05 0.0524884 9.9955E-05 9.9955E-05 9.9955E-05 0.0302581 0.236193 0.391098 9.9955E-05 0.289463
0.0587009 0.0442042 9.9964E-05 0.00972567 9.9964E-05 9.9964E-05 0.00381962 0.393197 9.9964E-05 0.489953
9.9955E-05 0.0466803 9.9955E-05 0.0336492 0.0932834 9.9955E-05 9.9955E-05 0.409256 9.9955E-05 0.416631
0.155859 9.9982E-05 9.9982E-05 0.012898 0.00882763 0.0293409 0.0924405 0.292994 0.0426491 0.364791
0.0967043 0.0827619 9.9955E-05 9.9955E-05 9.9955E-05 9.9955E-05 0.052976 0.396477 9.9955E-05 0.370581
9.9973E-05 9.9973E-05 0.0226898 9.9973E-05 0.0820825 0.0885698 0.235901 0.203257 0.0688755 0.298324
0.00142099 9.9973E-05 0.100908 9.9973E-05 0.0327969 0.068051 0.0103524 0.254345 9.9973E-05 0.531825
0.0277473 0.0160095 9.9982E-05 0.00152879 0.118578 0.123826 0.0333694 0.225744 9.9982E-05 0.452997
9.9964E-05 0.174537 0.00294067 0.0233859 0.0509129 9.9964E-05 9.9964E-05 0.36253 9.9964E-05 0.385293
9.9964E-05 0.0961603 0.0913368 9.9964E-05 0.275681 0.0835458 9.9964E-05 9.9964E-05 0.0690715 0.383805
9.9964E-05 0.177332 0.0757796 9.9964E-05 0.0644251 9.9964E-05 9.9964E-05 0.0710918 0.18558 0.425392
9.9973E-05 0.0909185 9.9973E-05 0.117256 0.0613515 9.9973E-05 0.0959039 0.165678 0.0330738 0.435518
0.0952395 0.0934453 9.9973E-05 9.9973E-05 0.00848495 0.139915 0.0245161 9.9973E-05 0.0615255 0.576574
0.0274739 0.17172 0.0754892 9.9973E-05 0.101548 9.9973E-05 9.9973E-05 0.0168749 0.156817 0.449777
0.0948138 0.0224194 9.9964E-05 0.0779685 9.9964E-05 0.182537 9.9964E-05 0.295083 9.9964E-05 0.326779
0.0169705 0.0460396 9.9973E-05 9.9973E-05 0.219948 0.0397255 0.011013 9.9973E-05 0.14946 0.516543
9.9982E-05 0.0582057 0.20156 0.145338 0.123713 0.0880492 9.9982E-05 0.018432 0.349991 0.0145117
0.0456303 0.160257 9.9982E-05 0.0142982 0.0925809 0.0786229 9.9982E-05 0.130436 0.0388623 0.439113
0.0452617 0.107229 9.9964E-05 9.9964E-05 0.134329 0.099933 9.9964E-05 0.0444851 9.9964E-05 0.568362
0.140701 0.213152 9.9973E-05 0.0250979 0.0737641 0.0401975 9.9973E-05 0.0981091 9.9973E-05 0.408679
0.0628046 0.0458726 0.0255625 0.107138 0.0940659 0.182781 9.9982E-05 9.9982E-05 0.204978 0.276598
9.9964E-05 0.0750831 9.9964E-05 9.9964E-05 0.180147 0.0499405 9.9964E-05 0.0432958 0.116208 0.534926
0.07575 0.173702 9.9973E-05 0.0369629 0.118343 0.0565431 9.9973E-05 0.0402369 9.9973E-05 0.498162
9.9946E-05 0.126357 0.0590255 9.9946E-05 0.272197 9.9946E-05 9.9946E-05 9.9946E-05 0.541821 9.9946E-05
9.9964E-05 0.123793 9.9964E-05 9.9964E-05 0.131675 0.0535833 0.066144 9.9964E-05 0.0764157 0.547989
9.9973E-05 0.206227 9.9973E-05 0.0466676 0.1046 0.0208798 9.9973E-05 0.0582349 0.0734144 0.489676
0.0261853 0.0368334 9.9991E-05 0.0699357 0.00817924 0.0438851 0.0364616 0.0404711 0.155176 0.582772
9.9946E-05 0.0231059 9.9946E-05 9.9946E-05 0.123954 9.9946E-05 9.9946E-05 9.9946E-05 0.179885 0.672456
0.0568646 0.0599745 9.9964E-05 9.9964E-05 0.123964 0.1542 9.9964E-05 9.9964E-05 0.118525 0.486072
0.380558 0.0956271 0.0295812 9.9964E-05 9.9964E-05 9.9964E-05 0.0517417 0.111436 9.9964E-05 0.330657
0.230734 0.10617 9.9973E-05 0.0721838 0.0632321 0.011134 0.0708126 9.9973E-05 9.9973E-05 0.445434
0.659263 9.9946E-05 0.180288 9.9946E-05 9.9946E-05 0.0534476 9.9946E-05 0.106402 9.9946E-05 9.9946E-05
0.856852 9.99369E-05 9.99369E-05 9.99369E-05 9.99369E-05 9.99369E-05 0.0138212 0.128627 9.99369E-05 9.99369E-05
0.293578 0.126735 9.9973E-05 0.0318437 9.9973E-05 0.0899229 0.0717887 0.0150405 9.9973E-05 0.370791
0.0558978 0.266081 9.9982E-05 0.0437107 9.9982E-05 0.00703322 0.00597651 0.0683126 0.16212 0.390669
0.205794 0.212273 9.9955E-05 9.9955E-05 0.0682783 9.9955E-05 9.9955E-05 9.9955E-05 0.170782 0.342374
0.182186 0.273128 9.9964E-05 9.9964E-05 0.114057 0.103509 9.9964E-05 9.9964E-05 0.257507 0.0692132
0.169121 0.282703 9.9964E-05 9.9964E-05 0.116529 0.0787526 9.9964E-05 9.9964E-05 0.0972003 0.255294
0.704806 0.0678179 9.9964E-05 0.0385103 0.00478767 9.9964E-05 9.9964E-05 9.9964E-05 0.146427 0.0372514
0.586063 0.0452433 9.9955E-05 9.9955E-05 0.040959 9.9955E-05 9.9955E-05 9.9955E-05 0.166256 0.160979
0.384261 0.0776785 0.0345305 0.0303151 9.9964E-05 9.9964E-05 9.9964E-05 9.9964E-05 0.0244738 0.448342
0.506067 0.10154 9.9946E-05 9.9946E-05 0.0436475 9.9946E-05 9.9946E-05 9.9946E-05 9.9946E-05 0.348147
0.699369 0.0294258 9.9955E-05 9.9955E-05 0.0372015 9.9955E-05 9.9955E-05 9.9955E-05 0.108946 0.124559
0.287035 0.0695607 0.00475295 9.9982E-05 0.017917 0.111297 9.9982E-05 0.0158194 0.0443227 0.449095
0.382496 0.0910395 9.9964E-05 9.9964E-05 9.9964E-05 9.9964E-05 0.0288957 0.0135894 0.0447161 0.438864
0.162106 0.0875521 0.0462497 0.020855 0.149739 9.9982E-05 9.9982E-05 0.0335139 0.010498 0.489287
0.501664 9.9955E-05 0.026971 9.9955E-05 9.9955E-05 9.9955E-05 0.0418813 0.148044 9.9955E-05 0.28094
0.507789 9.9964E-05 9.9964E-05 0.046822 0.013029 9.9964E-05 0.0135776 0.0958286 9.9964E-05 0.322554
0.216489 0.00937883 0.102244 0.0428217 0.0457541 0.042144 9.9982E-05 0.093716 9.9982E-05 0.447253
0.304366 0.0432928 0.03797 0.115857 9.9973E-05 9.9973E-05 0.0833224 0.0549324 9.9973E-05 0.359959
0.119482 0.139934 9.9991E-05 0.095803 0.0218158 0.138556 0.0369542 0.124367 0.0135327 0.309455
0.412106 9.9955E-05 9.9955E-05 0.0555294 9.9955E-05 9.9955E-05 9.9955E-05 0.0180652 0.0499856 0.463814
0.658143 9.9955E-05 9.9955E-05 0.0328261 9.9955E-05 9.9955E-05 0.0969637 0.0122635 9.9955E-05 0.199304
0.327234 9.9955E-05 0.0439464 9.9955E-05 0.0334083 9.9955E-05 9.9955E-05 9.9955E-05 0.038972 0.555939
0.658554 9.9955E-05 0.0580382 9.9955E-05 9.9955E-05 0.0303244 9.9955E-05 0.113145 9.9955E-05 0.139439
0.549318 9.9964E-05 0.0459698 0.0289605 9.9964E-05 0.00314933 0.0189402 9.9964E-05 9.9964E-05 0.353262
0.221926 9.9982E-05 0.0359177 0.0107689 0.0605859 0.0951432 0.0229033 9.9982E-05 0.0295537 0.523002
0.401237 9.9973E-05 0.0132439 9.9973E-05 0.0661637 0.0261075 0.0345551 9.9973E-05 0.0413846 0.417009
0.0976821 0.119574 0.0093631 0.0594395 0.156826 0.0331207 0.01464 9.9991E-05 0.0439792 0.465275
0.0979121 0.162971 9.9982E-05 0.0597361 0.057769 9.9982E-05 0.154715 0.0543256 0.136839 0.275532
0.0437517 0.203775 0.0626208 9.9982E-05 0.114308 9.9982E-05 0.0538359 0.043069 0.160946 0.317493
0.0297424 0.175618 9.9982E-05 0.110387 0.06315 0.133 0.0809916 9.9982E-05 0.113405 0.293506
0.0127543 0.108579 0.0737754 0.011599 0.218648 9.9982E-05 0.0319585 0.115372 9.9982E-05 0.427115
0.0797787 0.114754 9.9973E-05 0.0803925 0.0741009 9.9973E-05 9.9973E-05 0.094481 0.144181 0.412012
0.569899 0.107716 9.9955E-05 0.0470853 0.158734 9.9955E-05 9.9955E-05 9.9955E-05 0.116065 9.9955E-05
0.103527 0.162958 9.9982E-05 0.0356565 0.0431706 9.9982E-05 0.0617968 0.0104984 0.0421115 0.540082
0.372581 0.0555029 9.9955E-05 0.0270993 0.289155 9.9955E-05 9.9955E-05 9.9955E-05 0.255162 9.9955E-05
0.309194 0.102437 9.9955E-05 9.9955E-05 0.04255 9.9955E-05 9.9955E-05 9.9955E-05 0.0300901 0.51523
0.81003 9.9937E-05 0.100887 9.9937E-05 9.9937E-05 9.9937E-05 9.9937E-05 9.9937E-05 9.9937E-05 0.0883829
0.902022 9.9928E-05 0.0971789 9.9928E-05 9.9928E-05 9.9928E-05 9.9928E-05 9.9928E-05 9.9928E-05 9.9928E-05
