0.002062 0.00507 0.04523 0.00843001 0.0337297 9.9982E-05 0.00641307 9.9982E-05 0.840135 0.0587306
9.9955E-05 9.9955E-05 9.9955E-05 0.0054157 9.9955E-05 0.0122769 9.9955E-05 0.0305619 0.932056 0.0191896
9.9946E-05 0.145418 9.9946E-05 9.9946E-05 9.9946E-05 9.9946E-05 0.021328 9.9946E-05 0.791555 0.0410995
0.0887963 0.0207499 0.0860493 9.9964E-05 0.0265 9.9964E-05 9.9964E-05 9.9964E-05 0.731113 0.046392
0.0214942 9.9955E-05 0.105002 0.0165579 9.9955E-05 0.0124078 9.9955E-05 9.9955E-05 0.844038 9.9955E-05
0.0152302 9.9964E-05 0.0639216 0.318898 9.9964E-05 0.00654566 9.9964E-05 9.9964E-05 0.5716 0.0234043
9.9946E-05 9.9946E-05 9.9946E-05 0.184264 0.0135862 9.9946E-05 9.9946E-05 9.9946E-05 0.781619 0.0199308
0.0442218 9.9946E-05 9.9946E-05 0.236235 9.9946E-05 9.9946E-05 9.9946E-05 9.9946E-05 0.671313 0.0476303
0.074158 9.99549E-05 9.99549E-05 9.99549E-05 9.99549E-05 9.99549E-05 0.104705 0.0480565 0.772358 0.000222234
9.9946E-05 9.9946E-05 0.0656584 0.284542 9.9946E-05 9.9946E-05 9.9946E-05 9.9946E-05 0.613119 0.0360809
0.0386201 9.9937E-05 9.9937E-05 0.264308 9.9937E-05 9.9937E-05 9.9937E-05 9.9937E-05 0.696372 9.9937E-05
0.0135356 0.0720807 0.0808594 0.0758776 0.742696 9.9964E-05 9.9964E-05 9.9964E-05 0.0145509 9.9964E-05
0.0366801 0.470408 0.00480293 9.9964E-05 0.445144 0.00893367 9.9964E-05 9.9964E-05 9.9964E-05 0.0336318
0.0286937 0.132938 0.047748 9.9982E-05 0.62989 0.0631643 0.0701109 9.9982E-05 0.0111693 0.0160854
9.9964E-05 0.159795 0.164524 9.9964E-05 0.615264 9.9964E-05 0.0515928 9.9964E-05 0.00117962 0.00724515
9.9955E-05 0.202415 0.112319 0.121024 0.43338 9.9955E-05 9.9955E-05 9.9955E-05 0.130362 9.9955E-05
9.9964E-05 0.47873 0.152783 0.0499402 0.312569 0.00205788 9.9964E-05 9.9964E-05 9.9964E-05 0.00352012
9.9973E-05 0.292338 0.120292 0.104508 0.364405 0.00196864 9.9973E-05 0.0979808 9.9973E-05 0.0182067
9.9964E-05 0.225976 0.0640732 9.9964E-05 0.540364 9.9964E-05 0.0691953 0.040428 0.0595632 9.9964E-05
9.9946E-05 9.9946E-05 9.9946E-05 0.102473 0.81939 9.9946E-05 9.9946E-05 9.9946E-05 0.0378851 0.0396517
0.0517031 0.320132 0.11097 0.0768815 0.341246 0.0314981 9.9982E-05 0.059274 9.9982E-05 0.0080962
9.999E-05 0.350051 0.0381321 0.216379 0.223653 0.0542897 0.0541743 0.027021 0.0258556 0.0103451
0.0610499 0.406848 0.0668515 0.103979 0.210119 0.0166975 0.001295 0.127466 0.00559414 9.9991E-05
9.9973E-05 0.158852 0.108493 0.00901773 0.692938 9.9973E-05 9.9973E-05 0.00230787 0.0157826 0.0123087
0.0240127 0.588063 0.0817944 9.9982E-05 0.132044 0.0753011 0.0222339 0.0366085 0.0397431 9.9982E-05
9.9964E-05 0.405698 0.119001 9.9964E-05 0.380009 9.9964E-05 0.0623658 0.0230006 9.9964E-05 0.00952599
9.9964E-05 0.042195 0.0782709 0.0368669 0.783966 9.9964E-05 9.9964E-05 9.9964E-05 0.0292083 0.0290926
9.9928E-05 9.9928E-05 0.218428 9.9928E-05 0.780772 9.9928E-05 9.9928E-05 9.9928E-05 9.9928E-05 9.9928E-05
9.9964E-05 0.0577884 0.029603 0.158663 0.711793 0.0339408 9.9964E-05 9.9964E-05 0.00781193 9.9964E-05
9.99201E-05 9.99201E-05 9.99201E-05 9.99201E-05 9.99201E-05 9.99201E-05 9.99201E-05 9.99201E-05 9.99201E-05 0.999101
9.99201E-05 9.99201E-05 9.99201E-05 9.99201E-05 9.99201E-05 9.99201E-05 9.99201E-05 9.99201E-05 9.99201E-05 0.999101
9.9955E-05 0.10491 9.9955E-05 9.9955E-05 9.9955E-05 9.9955E-05 0.0234971 0.0139943 0.506588 0.350512
9.9964E-05 0.0725656 0.0415711 9.9964E-05 9.9964E-05 9.9964E-05 0.0434578 0.0822423 0.479126 0.280637
0.055696 0.502889 9.9964E-05 0.17906 9.9964E-05 9.9964E-05 9.9964E-05 0.22615 0.0275297 0.00827603
0.0696876 0.388943 0.0620753 0.0422729 0.0633646 9.9982E-05 9.9982E-05 0.243928 0.111706 0.0178223
9.9946E-05 0.499288 0.0492586 9.9946E-05 9.9946E-05 9.9946E-05 9.9946E-05 0.410027 0.0408264 9.9946E-05
0.142636 0.0676805 0.000447854 0.0252172 0.582348 0.0432688 0.0102215 0.0403885 0.0759656 0.0118261
0.0438346 0.235106 0.0456452 9.9973E-05 9.9973E-05 9.9973E-05 0.0171557 0.606607 0.0109777 0.0403739
0.0567004 0.526998 0.0143333 9.9991E-05 0.105121 0.0620231 0.0754539 0.111836 0.044275 0.0031595
9.9964E-05 0.531841 0.0996816 0.12921 9.9964E-05 9.9964E-05 9.9964E-05 0.221721 0.0152403 0.00190606
0.0249008 0.515323 9.9982E-05 0.175157 0.0539433 0.0947519 9.9982E-05 0.0524868 0.072205 0.0110322
0.0706718 0.507773 0.0311618 0.0735194 9.9982E-05 0.0515794 9.9982E-05 0.1203 0.0592867 0.0855076
9.9955E-05 0.0490963 9.9955E-05 9.9955E-05 0.17777 9.9955E-05 0.073241 0.690096 9.9955E-05 0.00929775
0.00775994 0.506497 0.0350468 0.295331 0.0478142 9.9982E-05 0.0572734 0.0198385 0.0302392 9.9982E-05
0.00923235 0.395372 0.144231 0.0741209 9.9982E-05 9.9982E-05 0.0512491 0.258095 0.0241406 0.0433582
0.032915 0.453018 0.0835922 0.119658 0.00704827 9.9991E-05 0.0697645 0.146499 0.00598986 0.0814155
9.9946E-05 0.294771 9.9946E-05 9.9946E-05 9.9946E-05 0.0491729 0.00101125 0.654445 9.9946E-05 9.9946E-05
9.9982E-05 0.527862 0.0641009 0.028759 9.9982E-05 0.0283811 0.0842772 0.249167 0.00828234 0.0089706
0.00720563 0.576519 0.021631 0.047596 0.0010843 0.0386614 0.0237274 0.160558 0.122918 9.9991E-05
9.9964E-05 9.9964E-05 9.9964E-05 9.9964E-05 0.00145524 0.0719237 0.181168 0.678907 0.0586175 0.0075287
0.196305 0.0602639 0.0267083 0.0964612 0.298183 0.104523 0.0177787 0.196067 9.9991E-05 0.0036106
9.9964E-05 9.9964E-05 0.0176892 0.281011 0.334013 0.0910427 0.154549 0.121295 9.9964E-05 9.9964E-05
0.0239595 0.448189 0.114315 0.0317544 0.142967 0.0521858 0.0474405 0.0589461 0.0409156 0.0393273
9.9973E-05 0.571718 9.9973E-05 0.0857461 0.113456 0.121402 0.037731 9.9973E-05 0.0460741 0.0235716
9.9973E-05 0.588236 9.9973E-05 0.140539 0.17654 0.032465 9.9973E-05 0.0334407 0.00145964 0.0270191
0.186812 0.0920065 9.9982E-05 0.0787411 0.227787 0.051279 9.9982E-05 0.23453 0.0964071 0.0322373
0.0628268 0.549868 9.9973E-05 0.0794243 0.209372 0.0603137 0.0125391 0.0253566 9.9973E-05 9.9973E-05
0.0197074 0.558464 0.00718797 0.055864 0.0793984 9.9991E-05 0.0944482 0.102517 0.0737388 0.00857489
0.0304482 0.28342 0.0171023 0.175319 0.214237 9.9991E-05 0.00293309 0.137233 0.0920273 0.0471805
0.0635729 0.000821109 0.0180164 0.0875144 0.359389 0.020067 0.106389 0.120054 0.213007 0.0111689
0.0297493 0.576712 9.9982E-05 9.9982E-05 0.0722904 0.0408542 0.168055 0.0733171 0.0168887 0.0219332
0.0147275 0.313834 0.0792729 9.9964E-05 0.44016 0.105089 9.9964E-05 9.9964E-05 0.0465165 9.9964E-05
0.115855 9.9973E-05 9.9973E-05 0.107055 0.532363 9.9973E-05 0.0564233 0.13295 0.00438378 0.0506704
0.101527 0.430056 9.9964E-05 9.9964E-05 0.287727 0.0215811 0.112985 0.0457241 9.9964E-05 9.9964E-05
9.9964E-05 0.651757 0.00269842 9.9964E-05 0.119718 0.0632031 0.0778154 0.0844084 9.9964E-05 9.9964E-05
9.9973E-05 0.548208 9.9973E-05 0.0517328 0.226647 0.0226762 0.0803655 9.9973E-05 0.00905974 0.061011
0.0647172 0.163171 0.0732374 0.0605689 0.298219 0.126114 0.0317906 0.168771 0.00325714 0.0101535
9.9982E-05 0.403949 0.0309305 0.0334742 0.317147 0.013835 0.112938 0.0535712 9.9982E-05 0.0339556
0.135898 0.49757 0.0139549 9.9982E-05 0.219733 0.0417006 0.0740082 9.9982E-05 0.0107306 0.0062058
0.0872019 0.0831056 9.9982E-05 0.0447462 0.449193 0.0841862 0.0998801 0.106689 9.9982E-05 0.0447972
9.9937E-05 0.539473 9.9937E-05 0.0146338 9.9937E-05 9.9937E-05 9.9937E-05 0.445194 9.9937E-05 9.9937E-05
9.9964E-05 0.0761916 0.0306112 0.0286697 0.186801 9.9964E-05 9.9964E-05 0.639759 9.9964E-05 0.0375682
9.9973E-05 0.575642 9.9973E-05 0.0365441 0.0967572 0.0268811 0.0196189 0.16548 0.0787763 9.9973E-05
9.9937E-05 9.9937E-05 9.9937E-05 0.0487482 9.9937E-05 9.9937E-05 0.087161 0.863391 9.9937E-05 9.9937E-05
0.013257 9.9964E-05 0.0139831 9.9964E-05 0.00437151 0.0772698 0.0123568 0.878362 9.9964E-05 9.9964E-05
9.9955E-05 0.165101 0.0218894 9.9955E-05 0.0355627 0.0268424 9.9955E-05 0.750104 9.9955E-05 9.9955E-05
9.9955E-05 0.413196 9.9955E-05 0.123142 0.0417467 9.9955E-05 9.9955E-05 0.373489 9.9955E-05 0.0479267
9.9982E-05 0.487711 0.0275649 0.120768 0.0502401 0.0515387 9.9982E-05 0.144332 0.0665106 0.0511346
0.0641725 0.455401 9.9964E-05 9.9964E-05 0.0630786 9.9964E-05 0.0231409 0.339018 9.9964E-05 0.0547891
0.0548964 0.122312 0.0175781 9.9973E-05 0.0810052 9.9973E-05 9.9973E-05 0.651867 0.0614931 0.0105479
0.200105 0.21097 9.9955E-05 9.9955E-05 0.1238 9.9955E-05 9.9955E-05 0.443918 0.0207073 9.9955E-05
0.0462701 0.498619 0.0587766 9.9982E-05 9.9982E-05 0.0224911 0.0158283 0.264111 0.0369161 0.0567879
9.9955E-05 0.163962 0.101498 9.9955E-05 0.1935 9.9955E-05 9.9955E-05 0.520046 9.9955E-05 0.0204943
9.9955E-05 0.382372 9.9955E-05 0.128931 0.0280708 9.9955E-05 9.9955E-05 0.428894 9.9955E-05 0.0312326
9.9955E-05 0.393585 9.9955E-05 0.0460001 9.9955E-05 0.00231585 0.0461 0.511499 9.9955E-05 9.9955E-05
0.0265845 9.9964E-05 9.9964E-05 0.0227634 9.9964E-05 0.123434 0.0999997 0.726126 0.000693217 9.9964E-05
0.0658518 0.647414 0.00892493 0.0690291 9.9973E-05 0.0287538 0.0259611 0.153765 9.9973E-05 9.9973E-05
0.0116972 0.0631733 0.0641761 9.9982E-05 0.0486141 0.0206837 9.9982E-05 0.0218007 0.748159 0.0214958
9.99371E-05 0.108545 9.99371E-05 9.99371E-05 9.99371E-05 9.99371E-05 9.99371E-05 9.99371E-05 0.80618 0.0845759
9.9955E-05 0.114801 0.0125802 9.9955E-05 9.9955E-05 9.9955E-05 0.00318127 9.9955E-05 0.75548 0.113458
9.9946E-05 0.0938685 9.9946E-05 9.9946E-05 9.9946E-05 9.9946E-05 0.0820926 9.9946E-05 0.721931 0.101508
9.9946E-05 0.0711053 9.9946E-05 9.9946E-05 9.9946E-05 9.9946E-05 0.0766222 9.9946E-05 0.742538 0.109135
0.0491833 0.00922461 0.0582479 9.9973E-05 9.9973E-05 9.9973E-05 0.028665 0.0143319 0.839117 0.000930339
9.99551E-05 0.0657702 9.99551E-05 9.99551E-05 0.0110962 9.99551E-05 0.00738319 9.99551E-05 0.907632 0.00761905
9.9964E-05 0.563044 0.0185384 0.00633036 0.0682524 9.9964E-05 9.9964E-05 0.22204 0.121394 9.9964E-05
0.0528749 0.451007 0.133781 0.0277753 0.101456 0.00157252 9.9991E-05 0.151156 0.0793664 0.000910831
9.9946E-05 9.9946E-05 9.9946E-05 9.9946E-05 0.101768 0.0277544 9.9946E-05 0.78847 0.0814079 9.9946E-05
9.9982E-05 0.464981 0.0383911 0.185434 0.0721913 0.0341397 9.9982E-05 0.15483 0.0298453 0.0199868
0.0402344 0.462664 9.9973E-05 0.00881874 0.0676634 9.9973E-05 9.9973E-05 0.370963 0.0423078 0.00704868
0.00299408 0.586152 9.9964E-05 0.0924549 9.9964E-05 0.0690409 9.9964E-05 0.181961 0.0669978 9.9964E-05
9.9973E-05 0.496487 9.9973E-05 0.0389897 0.0807082 0.101443 9.9973E-05 0.229741 0.0380182 0.014313
9.9973E-05 0.412287 0.085133 0.0239898 9.9973E-05 0.0114681 9.9973E-05 0.432812 0.0310512 0.00295956
0.0782888 9.9946E-05 9.9946E-05 9.9946E-05 0.193522 9.9946E-05 9.9946E-05 0.636835 0.090754 9.9946E-05
9.9982E-05 0.533121 0.023392 9.9982E-05 0.012525 0.0852014 0.0173711 0.149389 0.0980768 0.0807235
0.106759 0.598057 0.0392645 9.9964E-05 9.9964E-05 9.9964E-05 0.0313274 0.21111 9.9964E-05 0.0130823
9.9982E-05 0.567163 0.0185752 0.0395739 0.00315412 0.0331981 0.0671022 0.232078 9.9982E-05 0.0389553
9.9964E-05 0.279212 9.9964E-05 0.0683878 9.9964E-05 0.108335 0.0674055 0.438484 9.9964E-05 0.0377761
9.9964E-05 0.436609 9.9964E-05 0.0627586 9.9964E-05 0.1253 9.9964E-05 0.321036 0.0170425 0.0368535
0.0551286 0.343581 0.0557931 0.0522918 0.083618 9.9973E-05 9.9973E-05 0.372036 0.0372513 9.9973E-05
9.9955E-05 0.268681 0.106705 0.0213442 9.9955E-05 9.9955E-05 9.9955E-05 0.584586 9.9955E-05 0.0181838
0.0374457 0.386047 9.9955E-05 9.9955E-05 9.9955E-05 9.9955E-05 9.9955E-05 0.450247 0.119912 0.00584856
0.0934363 0.523688 9.9982E-05 0.0685432 0.000186162 9.9982E-05 0.0789262 0.177298 0.0481358 0.0095861
0.101165 0.158943 9.9955E-05 9.9955E-05 0.334006 0.272643 0.132743 9.9955E-05 9.9955E-05 9.9955E-05
0.19828 0.318766 0.0310152 0.0850688 0.2 0.0124932 9.9982E-05 9.9982E-05 0.0963354 0.057841
0.0784861 0.5406 9.9964E-05 9.9964E-05 0.115251 0.0844459 0.0314827 9.9964E-05 0.149334 9.9964E-05
0.0374871 0.566433 0.0448333 0.181614 0.0871843 0.0277959 9.9982E-05 9.9982E-05 0.0524805 0.00197162
0.0380704 0.433089 9.9964E-05 9.9964E-05 0.415839 0.0625041 9.9964E-05 9.9964E-05 0.0300885 0.0200084
0.113698 0.53383 9.9955E-05 9.9955E-05 0.275776 9.9955E-05 0.0712242 0.00497233 9.9955E-05 9.9955E-05
0.185147 0.393896 0.000707358 9.9964E-05 0.307496 0.0746864 9.9964E-05 9.9964E-05 0.0376674 9.9964E-05
0.103875 0.614417 9.9991E-05 0.0365552 0.132932 0.0287004 0.0589221 0.00634395 0.00465417 0.0134996
0.0640489 0.565819 0.0260378 0.122671 0.0889181 9.9991E-05 0.0174735 0.0903611 0.0157494 0.00882033
0.0643397 0.511838 9.9982E-05 0.0165329 0.197444 0.0824672 9.9982E-05 0.0985703 0.0192741 0.00933397
0.148641 0.493397 9.9955E-05 9.9955E-05 0.326473 9.9955E-05 0.00618593 0.0248037 9.9955E-05 9.9955E-05
0.132861 0.647138 9.9973E-05 0.0750437 0.0504015 0.0585518 0.0288347 0.00686881 9.9973E-05 9.9973E-05
9.9973E-05 0.469176 0.0560374 0.065617 0.159049 0.118861 0.0177108 9.9973E-05 0.11325 9.9973E-05
0.0435509 0.514969 0.0524204 9.9964E-05 0.242856 0.111864 9.9964E-05 0.0339393 9.9964E-05 9.9964E-05
0.137197 0.5709 0.0176084 9.9973E-05 0.131151 0.00544588 0.124048 9.9973E-05 9.9973E-05 0.0133505
0.0536282 0.528931 0.0636284 9.9982E-05 0.213655 0.103685 0.0121349 0.0187189 9.9982E-05 0.00541873
0.0911468 0.34125 9.9982E-05 0.0172876 0.247546 0.0850898 0.121406 9.9982E-05 0.0909396 0.00513346
0.0262657 0.563854 0.0572431 0.0780502 0.189017 9.9982E-05 0.0103792 0.0393662 0.0356244 9.9982E-05
0.0537786 0.608268 0.0281479 9.9964E-05 0.169242 0.0760173 0.064146 9.9964E-05 9.9964E-05 9.9964E-05
0.139581 0.147749 0.0512073 0.0672777 0.383073 0.0408246 9.9982E-05 0.154438 0.015649 9.9982E-05
0.106762 0.127551 9.9982E-05 0.041163 0.295937 0.181919 0.21147 0.033256 0.00174241 9.9982E-05
0.146903 0.507629 0.0400446 0.0647844 0.130284 0.0638501 9.9991E-05 0.0101111 0.0200093 0.0162847
0.176356 0.0309329 9.9973E-05 9.9973E-05 0.169129 0.267365 0.138261 0.186145 9.9973E-05 0.0315112
0.0697837 0.229527 9.9982E-05 0.0746159 0.437689 0.0744293 9.9982E-05 0.0398691 0.0553191 0.0185674
0.0527288 0.335505 9.9964E-05 0.0462056 0.42694 0.0737417 9.9964E-05 0.064479 9.9964E-05 9.9964E-05
0.16455 0.26786 9.99704E-05 9.99704E-05 0.412135 0.0695605 9.99704E-05 0.0650541 0.0204411 9.99704E-05
0.073096 0.178124 9.9973E-05 0.042833 0.505402 0.025339 9.9973E-05 0.138773 0.0361329 9.9973E-05
0.0245474 0.529053 9.9973E-05 0.132182 0.145601 9.9973E-05 9.9973E-05 0.0626126 0.0595698 0.0461338
0.107786 0.491587 0.0483763 0.077878 0.0383371 0.0121952 0.0254935 0.0659211 0.0927012 0.0397252
0.0428774 0.519259 0.0153049 9.9982E-05 0.258152 9.9982E-05 0.034049 0.0811393 0.0117143 0.0373042
0.0667256 0.130716 9.9973E-05 0.0147958 0.45238 0.0703356 0.167243 0.0975032 9.9973E-05 9.9973E-05
0.0689191 0.547058 9.9982E-05 0.0858338 0.106484 0.0100724 9.9982E-05 0.0195382 0.133373 0.0285217
0.0528655 0.445719 0.0329309 0.276083 9.9982E-05 0.00170469 0.112494 0.0673353 9.9982E-05 0.0106681
0.0637219 9.9973E-05 9.9973E-05 0.349162 0.00990084 0.114346 0.234879 0.155504 0.0721859 9.9973E-05
9.9973E-05 0.560257 9.9973E-05 0.144752 9.9973E-05 0.0256795 0.00410739 0.125558 0.0677775 0.0715697
0.149122 0.364352 9.9982E-05 0.0686931 0.0029569 0.0784209 0.164553 0.161639 0.0100629 9.9982E-05
9.9982E-05 0.52054 9.9982E-05 0.102822 0.106676 0.0560468 0.0885969 0.0323983 0.0710766 0.021644
0.0132473 0.168906 9.9973E-05 0.305605 0.0785728 9.9973E-05 0.258023 0.172175 9.9973E-05 0.0031721
0.0393604 0.0875584 9.9991E-05 0.490638 0.126443 0.0972992 0.0605347 0.0214325 0.0465729 0.0300603
0.092235 0.422597 9.9973E-05 0.127177 0.0640608 0.14299 0.0879986 0.0626408 9.9973E-05 9.9973E-05
0.0963849 0.585954 9.9964E-05 0.0837623 0.0507457 9.9964E-05 0.12818 9.9964E-05 0.0545726 9.9964E-05
0.0213212 0.305672 0.118288 0.153302 0.114886 0.0231999 0.0939828 0.11571 0.0535375 9.9991E-05
0.054846 9.9973E-05 0.115615 0.25333 0.0402847 0.0638762 0.236532 0.235216 9.9973E-05 9.9973E-05
0.0307983 0.355251 0.11305 0.141451 0.0031578 0.115028 9.9982E-05 0.168619 9.9982E-05 0.0724444
9.9946E-05 0.221786 9.9946E-05 0.363056 0.245768 9.9946E-05 9.9946E-05 0.16879 9.9946E-05 9.9946E-05
0.0274043 0.399809 9.9964E-05 0.24536 0.210448 0.0475742 9.9964E-05 0.069005 9.9964E-05 9.9964E-05
0.0416554 0.55169 0.0989337 9.9991E-05 0.0466061 0.11653 0.0286969 0.00986637 0.0348026 0.0711183
9.9982E-05 0.0304165 0.268054 0.227811 0.0160405 9.9982E-05 0.213097 0.00646899 0.173923 0.0639887
9.9955E-05 9.9955E-05 0.0907924 0.125957 9.9955E-05 9.9955E-05 0.380153 9.9955E-05 0.381933 0.0206642
9.9964E-05 9.9964E-05 0.0458354 0.111787 9.9964E-05 0.0221254 0.530786 9.9964E-05 0.276524 0.0125418
0.0249217 0.0481445 0.299874 0.0662314 0.0477398 9.9982E-05 0.189998 9.9982E-05 0.301851 0.0210396
9.9946E-05 0.572919 9.9946E-05 0.298425 9.9946E-05 9.9946E-05 9.9946E-05 0.103178 9.9946E-05 0.0248775
0.0599852 0.609903 9.9982E-05 0.061628 0.0247845 0.0451257 9.9982E-05 0.0758673 0.0736403 0.0488658
9.9946E-05 0.313948 0.612015 9.9946E-05 0.0421724 9.9946E-05 9.9946E-05 9.9946E-05 9.9946E-05 0.0312649
0.0483185 0.243318 0.470935 9.9973E-05 0.132607 0.0613461 9.9973E-05 0.0395104 9.9973E-05 0.00366481
0.0691382 0.228419 0.41688 0.153386 0.11545 0.0041516 9.9973E-05 9.9973E-05 0.0122759 9.9973E-05
9.9955E-05 0.225666 9.9955E-05 0.5945 0.00447522 0.0939857 9.9955E-05 0.0808735 9.9955E-05 9.9955E-05
0.0856842 0.556799 0.0103931 0.0314088 0.00860203 0.0256686 0.132389 0.111616 9.9991E-05 0.0373399
9.9973E-05 0.0767032 0.0179576 0.576333 0.0210589 0.183877 0.0494925 0.0742782 9.9973E-05 9.9973E-05
9.9964E-05 0.595009 9.9964E-05 0.250329 0.0393102 0.0575625 0.0255352 0.031854 9.9964E-05 9.9964E-05
9.9964E-05 0.420586 9.9964E-05 0.262705 0.0807583 0.100525 0.0934545 0.0415712 9.9964E-05 9.9964E-05
0.00983896 0.491945 0.0397679 0.285768 0.0372776 0.0821016 0.053001 9.9973E-05 9.9973E-05 9.9973E-05
9.9973E-05 0.0950602 0.0143432 0.495195 0.0772859 0.0914879 0.0645677 0.16176 9.9973E-05 9.9973E-05
0.0347289 0.554008 0.0887092 0.0535319 0.017302 0.0275332 0.051655 0.136551 0.0290628 0.00691823
9.9982E-05 0.471209 0.0423934 0.224628 0.0229361 9.9982E-05 0.0473234 0.136428 0.0324571 0.0224248
9.9946E-05 0.0149862 0.900012 9.9946E-05 9.9946E-05 0.071795 9.9946E-05 9.9946E-05 0.0126076 9.9946E-05
0.0114571 0.0440787 0.902931 0.015639 9.9955E-05 0.0253948 9.9955E-05 9.9955E-05 9.9955E-05 9.9955E-05
9.9973E-05 0.198231 0.54468 0.0310365 0.104315 9.9973E-05 9.9973E-05 0.0758956 0.0269904 0.0185526
9.9946E-05 0.381107 0.57319 0.0389552 9.9946E-05 0.00614778 9.9946E-05 9.9946E-05 9.9946E-05 9.9946E-05
0.00891692 0.101286 0.797321 0.0527458 9.9955E-05 9.9955E-05 9.9955E-05 0.0392302 9.9955E-05 9.9955E-05
9.9928E-05 9.9928E-05 0.984232 9.9928E-05 9.9928E-05 9.9928E-05 9.9928E-05 9.9928E-05 9.9928E-05 0.0149685
0.00248997 9.9964E-05 0.942356 9.9964E-05 0.00444137 0.01852 0.0115853 0.0202076 9.9964E-05 9.9964E-05
9.9928E-05 0.146423 0.852777 9.9928E-05 9.9928E-05 9.9928E-05 9.9928E-05 9.9928E-05 9.9928E-05 9.9928E-05
0.0160513 0.00715905 0.952724 9.9946E-05 0.0234657 9.9946E-05 9.9946E-05 9.9946E-05 9.9946E-05 9.9946E-05
9.99201E-05 9.99201E-05 0.999101 9.99201E-05 9.99201E-05 9.99201E-05 9.99201E-05 9.99201E-05 9.99201E-05 9.99201E-05
9.9928E-05 9.9928E-05 0.980666 9.9928E-05 9.9928E-05 9.9928E-05 9.9928E-05 9.9928E-05 9.9928E-05 0.0185346
9.9982E-05 0.129883 0.73862 9.9982E-05 0.0465517 0.0031213 0.00427043 0.0191669 0.0390259 0.0191609
9.9946E-05 0.145543 0.76148 9.9946E-05 9.9946E-05 9.9946E-05 0.0508521 9.9946E-05 9.9946E-05 0.0415253
9.9928E-05 9.9928E-05 0.975232 9.9928E-05 9.9928E-05 9.9928E-05 9.9928E-05 0.0239686 9.9928E-05 9.9928E-05
0.0395425 0.243091 0.442709 9.9982E-05 0.0256088 0.0399061 0.0918512 0.0995467 0.0175455 9.9982E-05
0.0214603 0.211303 0.646644 9.9955E-05 9.9955E-05 9.9955E-05 9.9955E-05 0.0788989 9.9955E-05 0.0411938
0.0391603 0.133967 0.715232 9.9982E-05 0.00201298 0.0113045 0.00682914 9.9982E-05 0.0443131 0.046981
0.0415155 9.9955E-05 0.892945 9.9955E-05 0.0184264 9.9955E-05 9.9955E-05 9.9955E-05 0.0125472 0.0340665
9.9946E-05 0.0353492 0.920421 9.9946E-05 9.9946E-05 9.9946E-05 0.0366804 9.9946E-05 0.00694977 9.9946E-05
0.0315033 0.0334165 0.876324 9.9964E-05 9.9964E-05 0.0176922 0.0151697 9.9964E-05 9.9964E-05 0.025494
9.9928E-05 9.9928E-05 0.977443 9.9928E-05 9.9928E-05 9.9928E-05 9.9928E-05 9.9928E-05 9.9928E-05 0.0217571
0.0557556 0.245481 0.60732 9.9964E-05 9.9964E-05 9.9964E-05 0.0481656 9.9964E-05 0.0203708 0.0225081
9.9955E-05 9.9955E-05 0.899395 9.9955E-05 0.0341766 0.0418897 9.9955E-05 0.000208323 0.0238307 9.9955E-05
9.9955E-05 9.9955E-05 0.00516936 0.412713 9.9955E-05 0.0571035 0.275287 9.9955E-05 0.249227 9.9955E-05
0.0727238 0.440098 0.0260608 0.147422 0.060482 9.9991E-05 0.0751991 0.0473802 0.103864 0.0266704
0.0518924 0.409474 0.0338885 0.176038 9.9991E-05 0.0235059 0.0731503 0.044657 0.160509 0.0267842
9.9982E-05 0.174258 0.0717257 0.318295 9.9982E-05 0.011362 0.268747 0.0158179 0.110241 0.0293536
0.0684208 0.368773 0.13814 0.223198 0.000778688 9.9991E-05 0.0396734 0.0723803 0.0654745 0.0230606
9.9991E-05 0.251659 0.00310588 0.284667 0.0018577 0.0368692 0.235179 0.00603474 0.13057 0.0499574
0.00716543 0.456808 0.0429372 0.143716 0.140581 9.9982E-05 0.088116 9.9982E-05 0.111196 0.00927936
9.9964E-05 0.269564 0.149395 0.389123 9.9964E-05 9.9964E-05 0.149176 9.9964E-05 0.0381207 0.00422226
9.9973E-05 0.326973 0.182248 0.231927 0.0323038 0.0441924 0.0611403 9.9973E-05 9.9973E-05 0.120915
9.9964E-05 0.169789 0.236562 0.339065 9.9964E-05 9.9964E-05 0.149576 9.9964E-05 0.0715194 0.0330884
9.9973E-05 0.525467 0.0357281 0.0740453 0.0995042 9.9973E-05 0.102843 9.9973E-05 0.122991 0.0391216
0.122696 0.0135728 9.9946E-05 0.0693904 9.9946E-05 9.9946E-05 9.9946E-05 9.9946E-05 0.793741 9.9946E-05
9.9946E-05 9.9946E-05 0.0531499 9.9946E-05 9.9946E-05 9.9946E-05 0.0819862 9.9946E-05 0.810432 0.053832
0.00645584 9.9946E-05 9.9946E-05 9.9946E-05 9.9946E-05 9.9946E-05 0.0815254 9.9946E-05 0.842698 0.0687209
0.0453918 0.0247894 9.9955E-05 9.9955E-05 9.9955E-05 9.9955E-05 0.0920977 9.9955E-05 0.798065 0.0391565
0.0221107 9.9964E-05 0.0477244 0.0161516 9.9964E-05 9.9964E-05 0.0537652 9.9964E-05 0.720777 0.139071
9.9946E-05 9.9946E-05 0.0722981 9.9946E-05 9.9946E-05 9.9946E-05 0.0885815 9.9946E-05 0.762299 0.0762217
0.00790109 0.0333759 0.0498347 9.9964E-05 9.9964E-05 9.9964E-05 0.0612686 9.9964E-05 0.813355 0.0338649
9.9946E-05 9.9946E-05 9.9946E-05 9.9946E-05 9.9946E-05 0.0453802 0.127559 9.9946E-05 0.761632 0.064829
9.9955E-05 0.0785695 9.9955E-05 9.9955E-05 0.0119277 9.9955E-05 0.0777627 9.9955E-05 0.813926 0.0173145
0.0039189 0.0800905 0.0531379 9.9955E-05 9.9955E-05 9.9955E-05 0.0617842 9.9955E-05 0.800569 9.9955E-05
0.0849656 9.9964E-05 9.9964E-05 9.9964E-05 0.222154 0.0402264 9.9964E-05 0.0271952 0.587848 0.0372101
0.167984 9.9973E-05 0.000505186 9.9973E-05 0.181568 9.9973E-05 0.0181985 0.0456855 0.566665 0.0190931
0.0779282 9.9964E-05 9.9964E-05 9.9964E-05 0.295639 9.9964E-05 0.124477 0.00993361 0.483561 0.00806161
0.0701591 9.9955E-05 9.9955E-05 0.0934872 0.32786 9.9955E-05 9.9955E-05 0.0216364 0.486357 9.9955E-05
0.00350375 0.416727 9.9973E-05 0.0297667 0.184013 0.0869769 9.9973E-05 0.251857 9.9973E-05 0.0268555
0.0742367 0.427 0.0342886 0.0509961 0.163382 0.0716124 9.9982E-05 0.172856 0.00542748 9.9982E-05
0.114894 0.482205 0.0412063 0.0664154 0.214817 9.9964E-05 9.9964E-05 0.080063 9.9964E-05 9.9964E-05
0.0495905 0.32875 9.9973E-05 9.9973E-05 0.335066 9.9973E-05 0.0829656 0.174517 0.00371026 0.0251006
0.219994 0.0804435 0.026624 0.097375 0.506503 9.9973E-05 9.9973E-05 0.0491025 9.9973E-05 0.0196578
0.00313959 0.669247 0.00717253 0.0347259 9.9973E-05 0.0958098 9.9973E-05 0.183802 0.00580315 9.9973E-05
0.0227399 0.543544 9.9982E-05 9.9982E-05 0.0482103 0.0439454 0.0337365 0.304832 0.000697364 0.00209454
0.0857979 0.506565 9.9964E-05 0.00526353 9.9964E-05 0.0512117 0.0524789 0.298283 9.9964E-05 9.9964E-05
0.0421479 0.277583 0.0756856 0.0919042 9.9964E-05 0.0328183 9.9964E-05 0.479461 9.9964E-05 9.9964E-05
0.0990172 0.653886 9.9946E-05 9.9946E-05 9.9946E-05 9.9946E-05 0.100634 0.145864 9.9946E-05 9.9946E-05
0.0404456 0.437998 9.9964E-05 9.9964E-05 0.0625103 0.0189464 9.9964E-05 0.385163 0.0545366 9.9964E-05
0.0497801 9.9973E-05 9.9973E-05 0.00923001 0.0224069 0.12465 0.000744923 0.737977 9.9973E-05 0.0549111
0.128504 0.47782 9.9982E-05 0.0183404 0.0929335 0.0813227 0.0698963 0.109598 0.0213859 9.9982E-05
9.9955E-05 0.217449 9.9955E-05 9.9955E-05 0.0332148 0.128039 0.143906 0.476892 9.9955E-05 9.9955E-05
0.000861195 0.515624 9.9964E-05 9.9964E-05 0.0149375 0.0357896 9.9964E-05 0.391465 9.9964E-05 0.0409231
0.0913847 0.082474 9.9973E-05 9.9973E-05 0.154462 0.005546 0.00160008 0.614061 0.0501717 9.9973E-05
0.756407 9.9946E-05 9.9946E-05 0.11835 9.9946E-05 9.9946E-05 0.0788263 9.9946E-05 0.0458169 9.9946E-05
0.770677 0.0401328 9.9946E-05 0.170284 9.9946E-05 9.9946E-05 9.9946E-05 9.9946E-05 0.0183069 9.9946E-05
0.868142 9.9937E-05 9.9937E-05 0.106251 9.9937E-05 0.0249078 9.9937E-05 9.9937E-05 9.9937E-05 9.9937E-05
0.787502 9.9937E-05 9.9937E-05 0.156684 9.9937E-05 9.9937E-05 9.9937E-05 9.9937E-05 0.055115 9.9937E-05
0.812372 0.0467146 0.0200339 0.116911 9.9955E-05 9.9955E-05 9.9955E-05 9.9955E-05 9.9955E-05 0.003468
0.848096 0.0850069 0.0622873 9.9946E-05 9.9946E-05 9.9946E-05 0.00400962 9.9946E-05 9.9946E-05 9.9946E-05
0.0128994 0.0522816 0.0588275 9.9964E-05 9.9964E-05 9.9964E-05 0.00360771 9.9964E-05 0.800039 0.0719444
9.9955E-05 0.124346 9.9955E-05 9.9955E-05 0.00918435 9.9955E-05 0.0971329 9.9955E-05 0.754061 0.0147758
9.9955E-05 0.140151 0.0757627 9.9955E-05 9.9955E-05 9.9955E-05 0.0745382 9.9955E-05 0.678439 0.0306087
0.00805853 0.0257373 0.133418 9.9973E-05 0.079505 9.9973E-05 0.00349948 9.9973E-05 0.688447 0.0610342
9.9955E-05 0.0886915 0.0559484 0.0505738 9.9955E-05 9.9955E-05 0.0474495 9.9955E-05 0.756837 9.9955E-05
0.433135 9.9964E-05 9.9964E-05 0.0469862 0.0878531 9.9964E-05 9.9964E-05 0.0288239 0.386276 0.0165254
0.340357 9.9964E-05 9.9964E-05 0.0186571 9.9964E-05 0.0952803 9.9964E-05 0.0733311 0.460844 0.0111299
0.410816 9.9964E-05 9.9964E-05 9.9964E-05 0.0445697 0.0591997 9.9964E-05 0.0483573 0.423346 0.0133109
0.00454269 9.99279E-05 9.99279E-05 9.99279E-05 9.99279E-05 9.99279E-05 9.99279E-05 9.99279E-05 9.99279E-05 0.994658
0.476626 9.9955E-05 9.9955E-05 0.0375518 9.9955E-05 9.9955E-05 0.0410624 0.109645 0.334615 9.9955E-05
0.0194641 0.286784 0.27164 0.0523747 9.9973E-05 0.0143076 0.267909 9.9973E-05 0.0872207 9.9973E-05
0.0220397 0.603697 0.145124 0.011552 9.9982E-05 0.00323383 9.9982E-05 0.0593937 0.125235 0.0295249
9.9955E-05 0.548564 0.214429 9.9955E-05 9.9955E-05 9.9955E-05 0.00291148 9.9955E-05 0.208839 0.0247573
0.0418605 0.321473 0.207619 0.0204294 9.9982E-05 9.9982E-05 0.0942693 0.0801061 0.215112 0.0189299
9.9982E-05 0.464239 0.116323 0.0589527 0.190062 9.9982E-05 0.056562 0.0133931 0.0618842 0.0383839
9.9955E-05 9.9955E-05 0.270345 0.0545537 9.9955E-05 0.034171 0.311437 9.9955E-05 0.328993 9.9955E-05
0.145324 0.416779 9.9973E-05 0.0398224 0.22729 0.0759589 0.0348684 0.059657 9.9973E-05 9.9973E-05
0.126429 0.310255 9.9973E-05 0.0823667 0.237911 0.145517 0.0713769 9.9973E-05 0.0258454 9.9973E-05
0.0960018 0.15186 9.9955E-05 9.9955E-05 0.632982 9.9955E-05 9.9955E-05 9.9955E-05 0.0398211 0.078835
0.0414535 0.491832 9.9964E-05 9.9964E-05 0.172512 0.236204 0.00257483 0.0550241 9.9964E-05 9.9964E-05
0.0710145 9.9955E-05 9.9955E-05 9.9955E-05 0.168995 0.384261 0.215541 0.159689 9.9955E-05 9.9955E-05
9.9973E-05 0.481153 0.0139945 0.0735125 0.278997 9.9973E-05 0.136681 9.9973E-05 0.00401501 0.0113471
0.112786 0.497602 0.00264843 0.00725724 0.181651 0.14851 0.0384401 0.0109057 9.9982E-05 9.9982E-05
0.0783838 0.236882 9.9964E-05 9.9964E-05 0.541292 9.9964E-05 9.9964E-05 0.0749023 0.0392596 0.0288811
0.0698639 0.417054 0.0701807 0.101814 0.145467 0.0322646 9.9991E-05 0.138316 0.020173 0.00476713
9.9964E-05 0.0250082 9.9964E-05 0.0699 0.50525 0.0751485 0.228812 0.0954812 9.9964E-05 9.9964E-05
0.0156392 0.393235 0.0488193 0.141132 0.226049 0.126468 0.0483576 9.9973E-05 9.9973E-05 9.9973E-05
0.11843 0.466155 0.00818666 9.9982E-05 0.210354 0.0360982 0.0195922 0.0693476 9.9982E-05 0.0716376
0.060768 0.421937 0.120867 0.0468224 0.0818835 9.9991E-05 0.0768201 0.0844247 0.0885449 0.0178326
0.0517247 0.32404 9.9964E-05 9.9964E-05 0.333943 0.194908 0.0754016 0.0195816 9.9964E-05 9.9964E-05
0.0694463 0.399183 0.0394175 9.9973E-05 0.294077 0.153343 0.00261912 9.9973E-05 0.0416133 9.9973E-05
9.9964E-05 0.43575 0.0585143 0.144786 0.176735 0.133438 9.9964E-05 0.0503754 9.9964E-05 9.9964E-05
0.0789624 0.559521 9.9973E-05 0.0560183 0.0772427 0.0383982 0.0676735 0.121884 9.9973E-05 9.9973E-05
0.0539671 0.655729 0.0504596 9.9991E-05 0.0600635 0.0456978 0.00949545 0.117551 0.00037327 0.00656404
0.0296857 0.516418 0.0419281 0.0157962 0.0480241 9.9991E-05 0.0142127 0.171342 0.110056 0.0524366
0.198125 0.577884 9.9964E-05 9.9964E-05 0.0402792 9.9964E-05 0.0982367 9.9964E-05 0.0689123 0.0161634
9.9946E-05 0.139535 0.0849233 0.00540796 9.9946E-05 9.9946E-05 9.9946E-05 9.9946E-05 0.769534 9.9946E-05
9.9964E-05 0.0735234 0.0433525 0.0077913 9.9964E-05 0.0600932 9.9964E-05 9.9964E-05 0.805493 0.00934661
0.0164103 0.0432824 0.0222984 0.0675909 0.0334276 0.02855 0.0308212 9.9982E-05 0.757419 9.9982E-05
0.0528856 0.0106664 0.0508717 9.9973E-05 9.9973E-05 0.0185771 9.9973E-05 0.081199 0.784045 0.00145571
9.9946E-05 0.147561 9.9946E-05 0.0106269 9.9946E-05 9.9946E-05 9.9946E-05 9.9946E-05 0.788489 0.052724
0.230124 0.121618 0.0371139 9.9973E-05 0.531852 9.9973E-05 0.0633471 9.9973E-05 0.00767474 0.00797001
0.0304156 0.545762 0.00568389 9.9973E-05 0.129051 0.154536 0.0898832 0.0443683 9.9973E-05 9.9973E-05
9.9955E-05 0.324415 0.168419 0.146306 9.9955E-05 0.110403 9.9955E-05 9.9955E-05 0.249957 9.9955E-05
0.00153341 0.625196 0.0170448 0.015764 0.183238 0.0828873 0.0228688 9.9982E-05 9.9982E-05 0.0512676
0.135418 0.529402 9.9973E-05 9.9973E-05 0.182968 0.0258813 0.0133603 0.0883262 0.0243443 9.9973E-05
0.168033 0.303674 9.9964E-05 9.9964E-05 0.256486 0.126597 0.109965 9.9964E-05 9.9964E-05 0.0348457
0.195066 9.9964E-05 9.9964E-05 9.9964E-05 0.534909 9.9964E-05 0.130993 0.0574796 0.0661828 0.01497
0.136984 0.4811 0.0313059 0.00251868 0.226425 0.0572515 9.9982E-05 9.9982E-05 0.0558437 0.00837107
0.215154 0.0120112 0.120442 0.0810222 0.384914 0.0644873 9.9982E-05 0.0776426 0.0441271 9.9982E-05
0.136947 0.304965 0.112219 0.085093 0.108373 0.0266977 0.0167199 0.188405 9.9991E-05 0.0204805
0.18291 0.0233933 0.00426296 9.9973E-05 0.46805 0.151703 9.9973E-05 0.000508375 0.168873 9.9973E-05
0.117471 0.584856 0.0387464 0.0184846 0.108808 9.9982E-05 0.00708749 9.9982E-05 0.0891707 0.0351764
0.174673 0.100011 9.9973E-05 0.0738453 0.516931 0.0231406 9.9973E-05 0.00632393 0.104776 9.9973E-05
0.145625 0.196279 0.0893475 0.0945133 0.285617 0.052612 0.0200796 0.0746011 0.0412267 9.9991E-05
9.9964E-05 0.407708 0.0668156 0.23199 0.215191 0.00521575 0.0726804 9.9964E-05 9.9964E-05 9.9964E-05
0.0613095 0.157793 9.9964E-05 0.63526 0.0369379 0.0934261 9.9964E-05 9.9964E-05 0.014874 9.9964E-05
9.9955E-05 0.466205 9.9955E-05 0.356078 0.0203369 9.9955E-05 9.9955E-05 0.0933883 0.0634916 9.9955E-05
9.9982E-05 0.405542 0.0289625 0.174439 0.169976 0.0287767 9.9982E-05 0.0680653 0.0706433 0.0533957
0.00203298 0.20644 9.9973E-05 0.614685 0.0438235 0.0930868 0.0147184 0.0249141 9.9973E-05 9.9973E-05
9.9982E-05 0.495033 0.0703224 0.16118 0.0213114 0.0214969 9.9982E-05 0.128468 0.0661187 0.03587
0.0249809 0.429367 9.9973E-05 0.280298 9.9973E-05 0.0417722 0.0912195 0.108223 9.9973E-05 0.0238401
0.0273408 9.9964E-05 9.9964E-05 0.642643 0.00938711 0.153099 0.0416553 0.125475 9.9964E-05 9.9964E-05
9.9964E-05 0.149891 9.9964E-05 0.65786 0.00888963 0.0458323 0.10001 0.0371169 9.9964E-05 9.9964E-05
0.0185992 0.424701 0.00416739 0.445455 9.9964E-05 0.0851925 9.9964E-05 9.9964E-05 9.9964E-05 0.0214851
0.0327882 0.028524 9.9973E-05 0.590644 0.044035 0.123687 0.0502093 0.129812 9.9973E-05 9.9973E-05
0.0316145 0.333225 9.9964E-05 0.399907 0.174811 9.9964E-05 0.0112993 0.0487435 9.9964E-05 9.9964E-05
0.199281 0.032878 9.9964E-05 9.9964E-05 0.547295 9.9964E-05 0.0349432 0.143605 0.0415989 9.9964E-05
0.166759 0.233144 9.9964E-05 9.9964E-05 0.209816 0.210116 0.0607634 0.119002 9.9964E-05 9.9964E-05
0.148093 0.232921 0.135683 9.9973E-05 0.412392 0.0311542 9.9973E-05 9.9973E-05 0.0306855 0.00877207
0.044657 0.58035 9.9973E-05 9.9973E-05 0.124116 9.9973E-05 0.060894 0.0850981 0.0473067 0.0572778
0.181406 0.214396 9.9946E-05 9.9946E-05 0.471597 9.9946E-05 9.9946E-05 0.132001 9.9946E-05 9.9946E-05
0.0850402 0.540725 9.9973E-05 0.10778 0.105213 0.0584251 0.0805354 9.9973E-05 9.9973E-05 0.0219813
0.0917115 0.501775 0.0604383 0.0400207 0.16676 0.0233429 0.00852688 0.00797442 9.9991E-05 0.0993495
0.0279568 0.51788 0.0571903 0.0066722 0.295955 9.9973E-05 0.0907143 9.9973E-05 0.00333122 9.9973E-05
0.108145 0.373851 0.0866753 0.0322742 0.282061 0.0986599 0.0107332 9.9982E-05 9.9982E-05 0.00739999
0.169831 0.414514 0.0206323 0.0344338 0.222794 0.00195358 0.00518081 0.101454 0.0273861 0.00181998
0.116135 0.213285 0.0563365 9.9964E-05 0.487685 0.0254269 9.9964E-05 0.100732 9.9964E-05 9.9964E-05
0.168997 0.25351 0.0935958 0.0731893 0.374317 9.9964E-05 9.9964E-05 0.0359908 9.9964E-05 9.9964E-05
0.0873825 0.589724 9.9973E-05 0.0695377 0.179013 0.00412614 0.0255866 0.044331 9.9973E-05 9.9973E-05
0.0939675 0.508314 9.9982E-05 0.0082757 0.23636 9.9982E-05 0.0155876 0.0612921 0.0622042 0.0137985
0.151515 0.510288 9.9955E-05 9.9955E-05 0.12706 0.0768792 0.133758 9.9955E-05 9.9955E-05 9.9955E-05
0.19642 0.547588 9.9964E-05 9.9964E-05 0.114774 0.0543948 0.0733275 0.0130966 9.9964E-05 9.9964E-05
0.194168 0.356127 9.9973E-05 9.9973E-05 0.287364 0.00838607 0.0902248 9.9973E-05 0.0379375 0.0254923
0.0770913 0.626355 9.9964E-05 9.9964E-05 0.132199 9.9964E-05 0.0160847 0.108551 0.0393197 9.9964E-05
0.177998 0.446969 0.0387226 9.9964E-05 0.232962 0.0907839 9.9964E-05 9.9964E-05 0.0121639 9.9964E-05
0.0688873 0.417624 0.0600123 0.0404866 0.202313 0.0445726 0.0163768 9.9991E-05 0.0895223 0.0601058
9.9973E-05 0.439942 0.0101957 0.0596987 9.9973E-05 9.9973E-05 0.172089 0.0162789 0.245527 0.0559692
9.9982E-05 0.460952 0.183837 9.9982E-05 0.0289545 0.00840113 0.119782 0.12293 0.0729911 0.00195208
0.0439641 0.520926 0.0953485 0.122075 0.0708646 0.00958945 9.9982E-05 9.9982E-05 0.0893191 0.0477137
0.0681512 0.633541 0.0610198 9.9991E-05 0.0572199 0.0367612 0.0507097 0.0158283 0.0263049 0.0503638
9.9973E-05 0.457919 0.16245 9.9973E-05 0.0170079 9.9973E-05 0.04348 0.0577453 0.218301 0.0427964
0.0247752 0.403083 9.9964E-05 0.0701914 0.240159 0.180078 0.0813129 9.9964E-05 9.9964E-05 9.9964E-05
0.00456958 0.633665 9.9955E-05 0.0845921 9.9955E-05 9.9955E-05 0.153894 9.9955E-05 0.122779 9.9955E-05
9.9964E-05 9.9964E-05 0.0697671 0.0963804 0.134033 9.9964E-05 0.42897 0.170709 0.0997397 9.9964E-05
0.0210338 0.404113 0.152895 9.9982E-05 0.245297 0.0965945 0.0218972 9.9982E-05 0.0279832 0.0299864
0.0758823 0.505938 0.115996 9.9991E-05 0.00945642 0.090042 0.0353624 0.0236037 0.0879353 0.055684
9.9973E-05 0.455058 0.201535 9.9973E-05 0.1792 0.0201841 0.0736836 0.0296226 0.0404171 9.9973E-05
9.9982E-05 0.158358 0.182464 9.9982E-05 0.195194 0.00299813 0.217591 0.121031 0.09039 0.0317742
0.0295888 0.448419 0.182437 9.9973E-05 0.10294 9.9973E-05 0.0618195 9.9973E-05 0.151103 0.0233927
9.9964E-05 0.46675 0.146874 9.9964E-05 9.9964E-05 0.152401 0.0762126 9.9964E-05 0.0877524 0.0696104
9.9955E-05 9.9955E-05 0.154014 9.9955E-05 9.9955E-05 9.9955E-05 0.485096 0.0400286 0.307907 0.0124551
9.9973E-05 0.526357 0.104071 9.9973E-05 0.0128277 0.00530629 0.112558 9.9973E-05 0.161527 0.0770542
9.9955E-05 0.569266 0.128852 9.9955E-05 9.9955E-05 9.9955E-05 0.156789 9.9955E-05 0.137554 0.00703853
0.0744227 0.439972 0.148254 0.0244938 9.9991E-05 0.0244228 0.122305 0.0889841 0.039598 0.0374483
9.9964E-05 0.638222 0.0977718 9.9964E-05 0.00110981 0.00848509 0.140781 9.9964E-05 0.113231 9.9964E-05
9.9982E-05 0.485841 0.1356 0.106667 0.0738984 0.0339138 0.0287172 9.9982E-05 0.0646678 0.0704944
0.0303434 0.404437 0.042611 0.0142005 9.9973E-05 0.35316 9.9973E-05 0.108374 9.9973E-05 0.0465749
0.106545 0.444753 0.101039 0.0032623 0.0305306 0.222618 9.9982E-05 0.0632384 0.0278127 9.9982E-05
9.9946E-05 9.9946E-05 9.9946E-05 0.0713563 0.189343 0.738486 9.9946E-05 0.000215073 9.9946E-05 9.9946E-05
0.0507722 9.9964E-05 9.9964E-05 0.0328845 0.00635409 0.888565 9.9964E-05 0.00122405 0.0198007 9.9964E-05
9.9964E-05 0.484219 0.0953063 0.0225452 0.0808478 0.310342 9.9964E-05 9.9964E-05 9.9964E-05 0.00633926
9.9973E-05 0.357381 0.305414 0.0255717 0.0641099 0.0761869 0.116724 9.9973E-05 0.0543128 9.9973E-05
9.9964E-05 0.272677 0.327075 9.9964E-05 9.9964E-05 0.222841 0.149564 9.9964E-05 0.0151589 0.0122837
9.9973E-05 0.173204 0.253745 9.9973E-05 0.00727874 0.155715 0.217459 0.0494221 0.142877 9.9973E-05
9.9973E-05 0.288887 0.276822 9.9973E-05 0.0634582 0.171781 0.0210421 9.9973E-05 0.118717 0.0589924
0.0185821 0.0119426 0.070686 0.0467756 9.9973E-05 0.646527 0.184677 9.9973E-05 9.9973E-05 0.020509
9.9955E-05 0.140671 0.051319 9.9955E-05 9.9955E-05 0.612204 0.150258 9.9955E-05 9.9955E-05 0.0450488
9.9973E-05 0.540366 0.0747341 9.9973E-05 0.00848725 0.33362 0.00287445 0.00934468 9.9973E-05 0.0302731
9.9955E-05 0.407897 0.115591 9.9955E-05 9.9955E-05 0.432964 9.9955E-05 0.00780211 0.0352463 9.9955E-05
9.9955E-05 0.2029 0.0142807 9.9955E-05 9.9955E-05 0.621709 0.0867488 9.9955E-05 9.9955E-05 0.0738619
0.0823366 0.407707 0.219369 9.9973E-05 9.9973E-05 0.198472 0.00140027 0.08188 0.00853508 9.9973E-05
0.00805178 0.503088 0.0593055 0.0273813 9.9982E-05 0.343435 0.0331283 0.00517107 0.0202397 9.9982E-05
0.0214752 0.401677 0.171118 0.0640243 0.0874732 0.0946332 0.0076011 0.0685923 0.0833064 9.9991E-05
0.0458725 0.305655 9.9964E-05 9.9964E-05 0.0574336 0.559908 9.9964E-05 0.0216602 9.9964E-05 0.00907158
0.026141 0.332459 0.000472386 0.0424967 0.0117096 0.470546 9.9982E-05 0.0754956 9.9982E-05 0.0404806
0.0378822 0.470879 0.0237542 0.0668064 9.9982E-05 0.185466 0.0935366 0.0757903 0.0456856 9.9982E-05
0.136861 0.289107 0.0743543 0.039472 9.9973E-05 0.312667 9.9973E-05 0.11107 0.0361677 9.9973E-05
0.0718811 0.335947 0.137425 0.157073 0.0326388 0.145193 0.032763 0.0322184 9.9991E-05 0.0547607
9.9946E-05 0.466922 9.9946E-05 0.0751165 0.0233069 0.434055 9.9946E-05 9.9946E-05 9.9946E-05 9.9946E-05
0.0935975 0.159602 9.9946E-05 0.092129 9.9946E-05 0.654072 9.9946E-05 9.9946E-05 9.9946E-05 9.9946E-05
9.9955E-05 0.5241 9.9955E-05 9.9955E-05 9.9955E-05 0.382378 9.9955E-05 0.0631352 0.0076486 0.0222386
0.0313904 0.183009 9.9955E-05 9.9955E-05 0.0354605 0.670653 9.9955E-05 0.0789873 9.9955E-05 9.9955E-05
0.135288 0.337024 9.9964E-05 0.0503281 9.9964E-05 0.425677 9.9964E-05 0.0326004 9.9964E-05 0.0186829
0.00281783 0.528277 9.9964E-05 0.00268758 9.9964E-05 0.351498 9.9964E-05 0.045328 9.9964E-05 0.0689918
9.9973E-05 0.360512 0.0564112 9.9973E-05 0.101201 0.364898 9.9973E-05 0.0518345 0.0646603 0.000183996
9.9982E-05 0.384058 0.182814 0.0861989 0.0351742 0.0654639 0.0390493 0.0226456 0.184396 9.9982E-05
0.0429866 0.371847 0.143373 0.197688 9.9973E-05 0.0790237 0.0952952 9.9973E-05 0.0694869 9.9973E-05
0.0337773 0.275394 0.178494 0.0654685 0.0227928 0.118515 0.143431 9.9991E-05 0.100361 0.0616656
0.0880356 0.331006 0.191556 0.0516714 9.9982E-05 0.0915166 0.0767354 9.9982E-05 0.107156 0.0621232
0.0524129 0.431105 0.163935 0.0850407 9.9973E-05 0.0925892 9.9973E-05 0.0204227 0.154195 9.9973E-05
0.0243368 0.498493 0.0861839 0.0405677 9.9982E-05 0.0937444 0.0815397 9.9982E-05 0.153134 0.0218005
0.00745563 9.9964E-05 0.117666 9.9964E-05 9.9964E-05 0.622959 0.0567235 9.9964E-05 0.170231 0.0245646
0.0878445 0.505888 0.201441 0.0323112 0.0490449 0.0993128 9.9982E-05 9.9982E-05 0.0125847 0.0113731
9.9946E-05 9.9946E-05 0.0656425 9.9946E-05 9.9946E-05 0.459857 0.193315 9.9946E-05 0.280586 9.9946E-05
9.9946E-05 0.442419 0.216855 9.9946E-05 9.9946E-05 0.283775 9.9946E-05 9.9946E-05 0.0563508 9.9946E-05
9.9946E-05 0.0307428 9.9946E-05 0.0190299 9.9946E-05 0.756626 9.9946E-05 0.193002 9.9946E-05 9.9946E-05
9.9937E-05 9.9937E-05 9.9937E-05 9.9937E-05 0.116288 0.848755 9.9937E-05 0.0342583 9.9937E-05 9.9937E-05
9.9964E-05 0.425651 9.9964E-05 0.0300418 0.110262 0.422717 9.9964E-05 0.0037916 9.9964E-05 0.00713679
