9.9955E-05 0.0680298 9.9955E-05 9.9955E-05 9.9955E-05 0.0211778 0.0423366 0.828922 0.0390339 9.9955E-05
0.0050036 0.0101123 0.0203239 9.9973E-05 0.0319926 9.9973E-05 0.0212974 0.898584 0.0123866 9.9973E-05
9.9955E-05 9.9955E-05 9.9955E-05 9.9955E-05 9.9955E-05 0.00490695 0.070559 0.767215 0.0174769 0.139343
0.0509724 0.0757604 9.9964E-05 9.9964E-05 9.9964E-05 0.0542429 0.0453715 0.753191 9.9964E-05 0.0200621
9.9955E-05 0.0160628 9.9955E-05 9.9955E-05 0.0506382 0.0500467 9.9955E-05 0.836125 9.9955E-05 0.0466278
9.9955E-05 9.9955E-05 9.9955E-05 0.324968 0.0176194 0.0989945 0.0632814 0.494637 9.9955E-05 9.9955E-05
9.9937E-05 9.9937E-05 9.9937E-05 0.233743 9.9937E-05 9.9937E-05 0.0390618 0.726495 9.9937E-05 9.9937E-05
9.9955E-05 0.0210978 9.9955E-05 0.23504 9.9955E-05 0.0278581 0.0244784 0.691026 9.9955E-05 9.9955E-05
9.99459E-05 0.0404768 0.0562906 9.99459E-05 9.99459E-05 9.99459E-05 9.99459E-05 0.795674 0.106958 9.99459E-05
9.9955E-05 9.9955E-05 9.9955E-05 0.228705 0.0151709 0.0900163 9.9955E-05 0.657875 9.9955E-05 0.00773291
9.9928E-05 9.9928E-05 9.9928E-05 0.302387 9.9928E-05 9.9928E-05 9.9928E-05 0.696814 9.9928E-05 9.9928E-05
0.799949 9.9946E-05 9.9946E-05 0.0179722 9.9946E-05 0.0554471 9.9946E-05 9.9946E-05 9.9946E-05 0.126032
0.452058 9.9964E-05 9.9964E-05 0.00189631 9.9964E-05 0.0589467 0.0324049 9.9964E-05 0.0313917 0.422902
0.621432 0.0191772 9.9982E-05 0.0636123 0.0420557 0.0615065 0.0165504 9.9982E-05 0.065461 0.110004
0.628756 9.9964E-05 9.9964E-05 9.9964E-05 9.9964E-05 0.153766 0.00756203 0.0146295 0.0311564 0.16373
0.478967 9.9973E-05 0.0100311 0.08137 9.9973E-05 0.176707 0.0178474 0.0558937 9.9973E-05 0.178885
0.344652 9.9982E-05 9.9982E-05 0.0390761 0.0488554 0.04945 0.0175099 0.00355245 0.070803 0.425901
0.361902 9.9973E-05 0.0318213 0.103506 9.9973E-05 0.114631 0.0778554 9.9973E-05 0.0130696 0.296915
0.533075 9.9955E-05 9.9955E-05 9.9955E-05 9.9955E-05 0.0285687 9.9955E-05 0.104534 0.062904 0.270419
0.814315 9.9937E-05 9.9937E-05 0.159561 9.9937E-05 9.9937E-05 9.9937E-05 0.0254247 9.9937E-05 9.9937E-05
0.45488 0.0101634 0.0288727 0.0402528 0.0567761 0.00756694 0.0434443 0.00239232 9.9991E-05 0.355552
0.295666 0.0540937 9.9955E-05 0.114634 9.9955E-05 9.9955E-05 9.9955E-05 9.9955E-05 0.118399 0.416708
0.281204 0.0498277 0.00550706 0.0870884 0.0158963 0.015235 9.9982E-05 0.0496571 9.9982E-05 0.495384
0.662855 9.9955E-05 9.9955E-05 0.0548048 9.9955E-05 0.103221 0.0249311 9.9955E-05 9.9955E-05 0.153689
0.128594 0.0364962 0.0616247 9.9973E-05 9.9973E-05 9.9973E-05 0.0637627 0.0810558 0.032607 0.595559
0.433878 9.9964E-05 9.9964E-05 0.0546919 9.9964E-05 0.0521322 0.0347798 9.9964E-05 0.0335462 0.390572
0.841858 9.9946E-05 9.9946E-05 9.9946E-05 9.9946E-05 0.095106 9.9946E-05 0.0414329 9.9946E-05 0.0210037
0.787301 9.9937E-05 9.9937E-05 0.0247059 9.9937E-05 0.187293 9.9937E-05 9.9937E-05 9.9937E-05 9.9937E-05
0.759584 9.9955E-05 9.9955E-05 0.0563484 9.9955E-05 0.05743 9.9955E-05 0.0410026 9.9955E-05 0.0851349
9.99201E-05 9.99201E-05 9.99201E-05 9.99201E-05 9.99201E-05 9.99201E-05 0.999101 9.99201E-05 9.99201E-05 9.99201E-05
9.99201E-05 9.99201E-05 9.99201E-05 9.99201E-05 9.99201E-05 9.99201E-05 0.999101 9.99201E-05 9.99201E-05 9.99201E-05
9.9946E-05 9.9946E-05 0.0212174 9.9946E-05 9.9946E-05 9.9946E-05 0.348697 0.504792 9.9946E-05 0.124693
9.9964E-05 9.9964E-05 0.0257198 9.9964E-05 9.9964E-05 0.0895744 0.231785 0.488461 0.07178 0.09228
0.071585 0.104598 0.16932 0.137378 9.9964E-05 9.9964E-05 0.0176628 9.9964E-05 9.9964E-05 0.499056
0.0927545 0.0324917 0.280088 9.9964E-05 9.9964E-05 0.0494283 9.9964E-05 0.107336 9.9964E-05 0.437502
9.9964E-05 9.9964E-05 0.394977 0.0575084 0.0345881 0.0870499 0.00957789 9.9964E-05 9.9964E-05 0.415899
0.581499 0.181319 9.9964E-05 0.0500156 9.9964E-05 9.9964E-05 0.0184085 0.0736455 9.9964E-05 0.0947125
0.0513045 0.0101451 0.551529 9.9973E-05 9.9973E-05 9.9973E-05 0.0336619 0.00260242 0.0541172 0.29634
0.0396265 0.116794 0.137689 9.9982E-05 0.0768603 9.9982E-05 0.0012895 0.0800147 0.0434164 0.504109
9.9964E-05 9.9964E-05 0.158605 0.0423285 0.0310839 0.0305387 0.0293144 9.9964E-05 9.9964E-05 0.70773
0.00200455 0.0263856 0.0987763 0.284358 9.9973E-05 9.9973E-05 0.0100104 0.0593153 9.9973E-05 0.51885
0.0462411 0.0090451 0.152119 0.148947 9.9982E-05 0.00776057 0.077691 0.0484916 9.9982E-05 0.509504
0.234263 9.9955E-05 0.620928 9.9955E-05 9.9955E-05 9.9955E-05 0.024336 9.9955E-05 0.0507317 0.0692417
0.021658 9.9964E-05 9.9964E-05 0.289445 0.0454307 0.0537786 9.9964E-05 9.9964E-05 0.0441893 0.545098
0.0437845 0.042586 0.235237 0.0160375 0.0171303 0.0843655 9.9982E-05 0.0413122 9.9982E-05 0.519347
0.111083 0.00594666 0.111503 0.03426 0.100756 0.133076 0.0509916 0.0337172 0.0193742 0.399292
9.9955E-05 0.0428733 0.666268 9.9955E-05 0.0210619 9.9955E-05 9.9955E-05 9.9955E-05 0.0173594 0.251937
9.9955E-05 0.0500679 0.287252 9.9955E-05 9.9955E-05 9.9955E-05 9.9955E-05 0.0413552 0.0422863 0.578539
0.041448 9.9973E-05 0.165476 0.105636 9.9973E-05 9.9973E-05 0.0368963 0.0812428 0.082221 0.48678
9.9955E-05 0.0334552 0.704182 0.0617322 9.9955E-05 9.9955E-05 9.9955E-05 0.0204242 0.179707 9.9955E-05
0.345512 0.228172 0.202607 0.0229565 0.0439617 9.9973E-05 9.9973E-05 9.9973E-05 0.0569131 0.0995778
0.429607 9.9964E-05 0.114254 0.130437 0.118895 9.9964E-05 9.9964E-05 9.9964E-05 0.190773 0.0156342
0.195319 0.020781 9.9973E-05 0.104255 0.00584396 0.0833627 9.9973E-05 0.108085 9.9973E-05 0.482053
0.176468 9.9964E-05 9.9964E-05 0.0663666 0.0494081 9.9964E-05 0.000784122 0.0995525 9.9964E-05 0.607021
0.0426979 0.0306679 0.166413 0.0288248 0.0333671 0.0234489 9.9991E-05 0.0470354 0.0756563 0.551789
0.322078 0.193563 0.182777 9.9982E-05 0.047909 9.9982E-05 0.00247063 0.0870136 0.0261682 0.137822
0.116259 0.160677 0.0667291 9.9973E-05 0.048226 9.9973E-05 0.0672795 0.0345956 9.9973E-05 0.505934
0.103819 0.0633814 0.050025 0.0296275 9.9991E-05 0.0587765 0.0321105 0.0832167 0.0331237 0.54582
0.27027 0.0650443 0.158264 0.0636408 0.0463766 0.030862 0.0620043 0.03574 9.9991E-05 0.267698
0.45702 0.0836974 0.0661894 0.0509444 0.0199635 0.0738232 0.0286953 0.186858 0.0327092 9.9991E-05
0.0862714 0.0460661 0.252812 9.9973E-05 9.9973E-05 9.9973E-05 0.0594954 0.0789015 0.0370541 0.439099
0.414454 0.00367957 0.0101607 9.9982E-05 0.0699923 0.00316311 9.9982E-05 0.0523872 0.103219 0.342744
0.59872 0.111937 0.0949857 0.104662 9.9964E-05 9.9964E-05 0.0810666 9.9964E-05 0.00822924 9.9964E-05
0.38756 9.9946E-05 0.0898693 9.9946E-05 9.9946E-05 9.9946E-05 9.9946E-05 9.9946E-05 0.0978725 0.424098
0.0850893 0.0702118 0.110144 0.00425896 0.0952446 0.0125163 9.9982E-05 0.0512971 9.9982E-05 0.571038
0.14745 0.0910003 0.041134 9.9964E-05 9.9964E-05 9.9964E-05 0.047784 9.9964E-05 0.11915 0.553081
0.398273 0.0172645 0.13985 9.9982E-05 0.0706779 0.0477406 9.9982E-05 0.0330181 0.100815 0.192161
0.364374 9.9973E-05 0.0460333 9.9973E-05 0.0251433 0.007281 0.0481069 9.9973E-05 0.049376 0.459386
0.103409 0.172291 9.9982E-05 9.9982E-05 0.0529591 0.0156803 0.0552081 0.00741998 0.0682149 0.524618
0.506728 0.0759207 0.109334 0.0632469 0.038572 9.9982E-05 0.041631 9.9982E-05 0.0858757 0.0784915
0.0549568 0.108783 0.327389 9.9946E-05 9.9946E-05 9.9946E-05 9.9946E-05 9.9946E-05 9.9946E-05 0.508271
0.155741 9.9955E-05 0.716441 9.9955E-05 9.9955E-05 0.038675 0.0398011 9.9955E-05 9.9955E-05 0.0488414
0.0624892 9.9991E-05 0.140549 0.0323484 0.0569419 0.0101711 0.00886123 0.120888 0.0565576 0.511093
9.9955E-05 0.0210842 0.83391 0.0205706 0.055917 9.9955E-05 9.9955E-05 9.9955E-05 0.0680184 9.9955E-05
0.0803315 9.9955E-05 0.755293 0.0597779 0.0373936 9.9955E-05 9.9955E-05 9.9955E-05 0.0667043 9.9955E-05
9.9946E-05 0.000106899 0.698401 9.9946E-05 0.0198514 9.9946E-05 9.9946E-05 9.9946E-05 9.9946E-05 0.281042
0.0941359 9.9955E-05 0.37348 9.9955E-05 9.9955E-05 9.9955E-05 0.0180399 0.0418169 9.9955E-05 0.472028
0.125329 9.9991E-05 0.186416 0.0967504 0.0164149 0.139121 0.00100707 0.0726975 0.0181535 0.344011
0.0435306 0.0328889 0.443436 9.9973E-05 0.0303633 0.0177639 0.00219036 9.9973E-05 9.9973E-05 0.429527
0.0471055 0.0993716 0.710452 9.9973E-05 9.9973E-05 0.106174 0.0159145 0.0153444 9.9973E-05 0.0053384
0.0610445 0.139153 0.50269 9.9964E-05 9.9964E-05 9.9964E-05 0.00494093 0.0573607 9.9964E-05 0.234411
9.9964E-05 0.0415929 0.265482 9.9964E-05 9.9964E-05 0.0450523 0.0582469 0.0651467 9.9964E-05 0.52408
0.105714 9.9973E-05 0.51297 0.0344227 0.0371619 0.047683 9.9973E-05 0.0277232 9.9973E-05 0.234025
0.0194946 9.9964E-05 0.457717 0.0437042 9.9964E-05 9.9964E-05 0.014407 0.0609541 9.9964E-05 0.403323
9.9973E-05 9.9973E-05 0.588161 0.0311541 0.01892 0.00570896 0.034488 0.0261415 9.9973E-05 0.295127
0.0266847 0.0312049 0.634853 0.0725775 0.156961 9.9964E-05 9.9964E-05 9.9964E-05 0.0773188 9.9964E-05
0.0236103 0.0497268 0.300198 9.9955E-05 9.9955E-05 9.9955E-05 9.9955E-05 0.0190705 9.9955E-05 0.606895
0.0490218 0.0317083 9.9955E-05 9.9955E-05 9.9955E-05 9.9955E-05 0.0491694 0.760464 9.9955E-05 0.109136
9.9937E-05 9.9937E-05 9.9937E-05 9.9937E-05 9.9937E-05 9.9937E-05 0.130464 0.77872 9.9937E-05 0.0901165
9.9946E-05 9.9946E-05 9.9946E-05 9.9946E-05 9.9946E-05 0.032084 0.140248 0.736918 9.9946E-05 0.0901504
9.9955E-05 9.9955E-05 0.0357111 9.9955E-05 9.9955E-05 9.9955E-05 0.11774 0.757124 0.0717425 0.0171821
9.9964E-05 9.9964E-05 9.9964E-05 0.0109059 0.0167351 9.9964E-05 0.10381 0.753561 0.0178257 0.0967628
9.9973E-05 0.0741573 9.9973E-05 0.001691 0.0128755 0.031911 0.038932 0.810155 9.9973E-05 0.0299786
9.99551E-05 9.99551E-05 9.99551E-05 9.99551E-05 9.99551E-05 0.0289637 0.0209084 0.880515 0.00223474 0.0668784
0.112492 9.9982E-05 0.169584 0.0473817 9.9982E-05 0.0347936 0.0527684 0.0628976 0.00235345 0.517529
0.0585724 0.103629 0.116833 0.0407592 9.9991E-05 0.0499046 0.079654 0.0337175 0.0143773 0.502452
0.175813 9.9946E-05 0.725003 9.9946E-05 9.9946E-05 9.9946E-05 9.9946E-05 0.0755756 9.9946E-05 0.0230086
0.0162799 0.0659283 0.184446 0.123198 9.9982E-05 0.010595 0.0265617 0.0254337 9.9982E-05 0.547358
0.147576 9.9964E-05 0.407735 0.0139563 9.9964E-05 9.9964E-05 0.0317389 0.0161584 9.9964E-05 0.382436
9.9982E-05 0.00168643 0.311051 0.020351 0.0271524 0.0454604 0.0227987 0.0439667 9.9982E-05 0.527333
9.9964E-05 9.9964E-05 0.18334 0.0258864 0.225629 9.9964E-05 0.00821971 0.065775 9.9964E-05 0.490749
9.9964E-05 9.9964E-05 0.400104 9.9964E-05 0.0390805 0.0131125 0.0351614 0.000888742 9.9964E-05 0.511253
0.246734 0.102528 0.58867 9.9946E-05 9.9946E-05 9.9946E-05 9.9946E-05 0.0614681 9.9946E-05 9.9946E-05
9.9973E-05 0.0601082 0.148676 9.9973E-05 0.0564001 0.0605039 9.9973E-05 0.0950331 0.0762808 0.502698
0.069312 9.9964E-05 0.186205 0.0110865 0.0623366 9.9964E-05 9.9964E-05 0.113299 9.9964E-05 0.55736
0.125969 0.0953905 0.150884 9.9973E-05 9.9973E-05 0.11181 0.0193834 9.9973E-05 0.067752 0.428511
9.9964E-05 9.9964E-05 0.546641 0.0485888 0.0825541 9.9964E-05 0.0404448 9.9964E-05 0.0376972 0.243674
9.9955E-05 9.9955E-05 0.36832 9.9955E-05 0.0663571 0.000900791 0.00308287 9.9955E-05 9.9955E-05 0.56084
0.10555 0.0481364 0.368225 0.0181414 0.0238018 9.9982E-05 0.0209867 0.0234655 9.9982E-05 0.391493
9.9946E-05 9.9946E-05 0.584877 0.0228621 9.9946E-05 0.104333 9.9946E-05 9.9946E-05 9.9946E-05 0.287328
0.0783896 9.9964E-05 0.366051 0.0706363 0.0144673 9.9964E-05 9.9964E-05 0.0879348 9.9964E-05 0.382122
0.0506996 9.9973E-05 0.197657 0.0142187 9.9973E-05 0.00318967 0.0151299 0.192562 9.9973E-05 0.526243
0.321389 0.120538 0.00972715 9.9964E-05 0.16788 9.9964E-05 9.9964E-05 9.9964E-05 0.202515 0.177551
0.220739 0.1949 9.9982E-05 0.0572996 9.9982E-05 0.0800006 0.0169076 0.0444274 0.0688557 0.316671
0.0229042 0.119144 0.0247366 0.00240264 0.0836872 0.0589959 9.9982E-05 0.155793 9.9982E-05 0.532136
0.156477 9.9973E-05 9.9973E-05 0.0735142 0.118731 0.0252204 0.00817096 0.0979841 9.9973E-05 0.519602
0.307194 0.0612833 9.9973E-05 0.038755 0.0125075 9.9973E-05 0.0396353 0.0322698 9.9973E-05 0.508055
0.190193 0.141575 0.093881 9.9964E-05 9.9964E-05 9.9964E-05 9.9964E-05 0.0546184 0.00225409 0.517079
0.27625 0.18023 9.9955E-05 9.9955E-05 0.0498784 9.9955E-05 9.9955E-05 0.0350025 9.9955E-05 0.458139
0.138433 0.117923 0.00167081 9.9973E-05 0.110927 9.9973E-05 9.9973E-05 0.0823495 0.00128789 0.547109
0.173737 0.0467996 9.9982E-05 0.00148013 0.0372655 9.9982E-05 0.0515962 0.0462242 0.0440519 0.598645
0.149121 0.0411471 0.0491168 0.0774241 0.0830321 9.9982E-05 0.0274959 0.0207279 9.9982E-05 0.551735
0.316862 0.179598 9.9946E-05 9.9946E-05 9.9946E-05 9.9946E-05 0.00778987 9.9946E-05 9.9946E-05 0.49515
0.140448 0.0353834 0.0448092 0.112368 9.9973E-05 0.0684966 9.9973E-05 9.9973E-05 0.0769526 0.521243
9.9964E-05 0.12636 9.9964E-05 0.00827365 0.0909811 9.9964E-05 9.9964E-05 0.00351602 0.127329 0.64314
0.181162 0.176782 9.9955E-05 9.9955E-05 0.0657963 9.9955E-05 0.0140339 9.9955E-05 9.9955E-05 0.561726
0.0341863 0.134762 0.0705799 0.087774 9.9991E-05 0.0978524 0.0117648 0.0368514 0.0750251 0.451104
0.16911 0.123942 0.0111372 9.99791E-05 0.020587 0.0975203 9.99791E-05 9.99791E-05 0.033598 0.543805
0.341747 0.0195757 9.9982E-05 0.0170777 0.115825 9.9982E-05 0.0170733 0.0991335 0.0695372 0.31983
0.120361 0.14161 0.0455389 9.9982E-05 0.0460082 0.0973588 0.0154019 9.9982E-05 0.00830843 0.525213
0.0229417 0.0960396 9.9955E-05 9.9955E-05 0.0675461 9.9955E-05 9.9955E-05 9.9955E-05 0.159844 0.653129
0.293624 0.199747 0.157571 0.0365534 9.9982E-05 0.110314 0.017198 0.0236498 9.9982E-05 0.161143
0.364359 0.0332894 0.0672471 0.0334453 0.149964 9.9973E-05 9.9973E-05 9.9973E-05 0.146408 0.204988
0.101211 0.238542 0.0547197 0.0410987 0.00403805 0.0658176 9.9982E-05 9.9982E-05 0.0109674 0.483406
0.226422 0.157048 0.189725 9.9973E-05 0.255991 0.0123595 9.9973E-05 9.9973E-05 0.0931633 0.0649908
0.500386 0.0957324 0.132309 0.0336312 0.048209 9.9973E-05 9.9973E-05 0.0522439 9.9973E-05 0.137188
0.357042 0.089758 0.0875198 0.0418511 0.0349122 9.9964E-05 9.9964E-05 9.9964E-05 9.9964E-05 0.388517
0.53719 0.107041 0.106924 9.9964E-05 9.9964E-05 9.9964E-05 0.00225264 0.0393156 9.9964E-05 0.206876
0.417769 0.161595 0.114069 0.0128303 0.00176331 0.0628858 9.9973E-05 9.9973E-05 9.9973E-05 0.228787
0.207067 0.055089 0.0131354 0.0396284 9.9973E-05 9.9973E-05 0.0479207 0.0340152 9.9973E-05 0.602844
0.0274168 0.0643757 0.051311 0.00654333 0.06716 9.9982E-05 9.9982E-05 0.154799 0.0243175 0.603877
0.173803 0.0371464 0.089595 9.9991E-05 0.0679399 0.027024 0.0400524 0.0569315 0.0153715 0.492037
0.316484 0.135907 0.0938482 0.13998 0.133898 0.0510162 9.9982E-05 9.9982E-05 0.0691052 0.0595617
0.187298 9.9973E-05 0.0390382 0.184933 0.0208804 9.9973E-05 9.9973E-05 0.0832043 0.0176209 0.466725
0.138701 0.0845567 9.9973E-05 0.199833 9.9973E-05 9.9973E-05 0.0194397 0.0110839 0.0886538 0.457432
0.130956 0.0242443 0.117593 0.296127 0.162874 9.9973E-05 9.9973E-05 0.0714334 0.196472 9.9973E-05
0.028795 0.0202396 0.0434914 0.109429 0.0625576 0.0497756 0.0193441 0.0965028 9.9991E-05 0.569764
9.9973E-05 0.078104 0.234051 0.0234955 0.100239 9.9973E-05 9.9973E-05 0.0644514 0.160022 0.339337
0.0667611 9.9982E-05 0.139697 0.0285267 9.9982E-05 0.0795078 0.0290961 0.100469 0.0869543 0.468788
0.0767419 0.091875 0.0594896 0.202467 0.121858 0.00642639 0.00473607 9.9991E-05 0.208626 0.227681
0.120104 0.0761702 0.0786533 0.279809 0.185723 9.9991E-05 0.00294607 0.0535058 0.050569 0.15242
0.0484085 0.126481 0.0472099 0.171728 0.128725 9.9982E-05 9.9982E-05 0.028796 0.0486401 0.399812
0.14571 0.0349135 0.0411536 0.0890356 0.0628579 0.0872362 9.9991E-05 0.0230116 0.0962234 0.419758
0.203997 0.0524028 0.053647 0.070898 0.0309394 0.0937432 9.9991E-05 0.084412 0.0502758 0.359585
0.206851 9.9964E-05 0.191639 0.149432 0.12901 0.0983469 9.9964E-05 9.9964E-05 0.224322 9.9964E-05
9.9982E-05 0.103099 0.00511708 0.135116 0.100394 0.022438 0.0594022 9.9982E-05 0.0724592 0.501775
0.29051 9.9964E-05 0.10116 0.182686 0.0731281 9.9964E-05 9.9964E-05 9.9964E-05 0.045944 0.306172
0.143185 9.9964E-05 0.17484 0.154169 0.0849066 9.9964E-05 9.9964E-05 9.9964E-05 0.0157313 0.426768
0.0617888 0.00262237 0.107157 0.127675 9.9973E-05 0.093182 9.9973E-05 0.108805 9.9973E-05 0.498469
0.104187 9.9973E-05 9.9973E-05 0.187485 9.9973E-05 0.255703 0.0423974 0.206048 0.155729 0.0481509
9.9964E-05 9.9964E-05 9.9964E-05 0.0581335 0.0387623 0.109374 0.00591943 0.395868 0.391543 9.9964E-05
9.9964E-05 9.9964E-05 9.9964E-05 0.0853908 0.0385447 0.0649329 0.0528096 0.235746 0.522176 9.9964E-05
0.0460148 9.9964E-05 9.9964E-05 0.0941264 9.9964E-05 0.295097 9.9964E-05 0.294488 0.220502 0.0493728
9.9946E-05 9.9946E-05 0.110396 0.306996 0.0272389 9.9946E-05 9.9946E-05 9.9946E-05 9.9946E-05 0.554769
0.159091 0.0210334 0.000989283 0.0712494 0.137151 0.052262 0.00247039 0.0507307 0.0430747 0.461949
0.0285626 9.9955E-05 0.0105701 9.9955E-05 9.9955E-05 0.687103 0.0137509 9.9955E-05 9.9955E-05 0.259513
0.0724892 0.0736155 0.0655358 9.9982E-05 9.9982E-05 0.43056 0.0528446 0.0379385 0.000494703 0.266322
9.9973E-05 9.9973E-05 0.0924854 0.0655685 0.0422874 0.420869 0.0114386 0.0895455 9.9973E-05 0.277506
0.0380153 9.9973E-05 0.0984199 0.460729 0.157998 0.0187315 0.0194639 9.9973E-05 9.9973E-05 0.206342
9.9964E-05 0.0710168 0.109228 0.121692 0.136929 9.9964E-05 9.9964E-05 9.9964E-05 0.073815 0.486919
0.0671001 9.9964E-05 0.0666175 0.526996 0.140253 9.9964E-05 9.9964E-05 9.9964E-05 0.0772095 0.121424
0.0106847 0.00769059 0.134577 0.239989 0.00564752 9.9973E-05 9.9973E-05 9.9973E-05 0.0529175 0.548193
0.164748 0.0072577 0.0595942 0.20449 0.138497 0.000150967 0.00348601 9.9991E-05 0.0583188 0.363357
0.0210401 0.0718598 0.0928115 0.105376 0.0757136 0.0160374 9.9982E-05 9.9982E-05 0.054378 0.562583
0.173232 9.9955E-05 0.0623295 0.425679 0.221223 9.9955E-05 9.9955E-05 9.9955E-05 9.9955E-05 0.117036
0.0230518 0.142173 0.0451526 0.0380851 0.0364995 0.0305538 9.9982E-05 9.9982E-05 0.0575483 0.626736
0.119025 9.9973E-05 0.0704052 0.161481 0.0651421 9.9973E-05 9.9973E-05 0.0184506 0.00531533 0.55988
9.9937E-05 9.9937E-05 9.9937E-05 0.00616146 0.0685511 0.924588 9.9937E-05 9.9937E-05 9.9937E-05 9.9937E-05
9.9946E-05 0.0330727 9.9946E-05 0.0287703 9.9946E-05 0.935597 9.9946E-05 9.9946E-05 9.9946E-05 0.00196058
0.109191 9.9964E-05 0.0285953 0.052234 9.9964E-05 0.591473 0.00420975 9.9964E-05 9.9964E-05 0.213897
9.9937E-05 0.0879204 9.9937E-05 9.9937E-05 9.9937E-05 0.630138 9.9937E-05 9.9937E-05 9.9937E-05 0.281242
9.9964E-05 9.9964E-05 9.9964E-05 0.0282188 9.9964E-05 0.820409 0.01095 0.00232703 0.0235903 0.114105
9.9928E-05 9.9928E-05 9.9928E-05 9.9928E-05 9.9928E-05 0.973095 9.9928E-05 9.9928E-05 0.0261059 9.9928E-05
9.9946E-05 0.0108296 9.9946E-05 9.9946E-05 9.9946E-05 0.944369 0.00238145 0.04182 9.9946E-05 9.9946E-05
9.9928E-05 9.9928E-05 9.9928E-05 9.9928E-05 9.9928E-05 0.845502 9.9928E-05 9.9928E-05 9.9928E-05 0.153698
0.00617873 0.00203031 9.9955E-05 9.9955E-05 9.9955E-05 0.97546 0.00748959 9.9955E-05 9.9955E-05 0.00834159
9.99201E-05 9.99201E-05 9.99201E-05 9.99201E-05 9.99201E-05 0.999101 9.99201E-05 9.99201E-05 9.99201E-05 9.99201E-05
9.9928E-05 9.9928E-05 9.9928E-05 9.9928E-05 9.9928E-05 0.964394 0.0348062 9.9928E-05 9.9928E-05 9.9928E-05
0.00851601 9.9964E-05 9.9964E-05 0.00824598 0.031629 0.789809 0.0223909 9.9964E-05 9.9964E-05 0.139009
9.99562E-05 0.084283 9.99562E-05 0.0354097 9.99562E-05 0.817282 9.99562E-05 0.013296 9.99562E-05 0.0492293
9.9928E-05 9.9928E-05 0.0390379 9.9928E-05 9.9928E-05 0.960163 9.9928E-05 9.9928E-05 9.9928E-05 9.9928E-05
0.207855 9.9973E-05 0.0573145 0.0165938 0.0200579 0.426911 9.9973E-05 0.0532234 9.9973E-05 0.217745
9.9964E-05 0.102714 0.0361955 9.9964E-05 0.0340662 0.664135 9.9964E-05 0.00952381 9.9964E-05 0.152966
9.9955E-05 9.9955E-05 9.9955E-05 9.9955E-05 0.0352357 0.782705 0.0522135 9.9955E-05 0.0371631 0.0921825
0.00538967 0.014288 9.9964E-05 9.9964E-05 9.9964E-05 0.930419 0.0300463 0.0165243 9.9964E-05 0.00293253
0.00222531 0.00795382 9.9955E-05 9.9955E-05 9.9955E-05 0.921447 9.9955E-05 9.9955E-05 0.0365548 0.0313192
9.9964E-05 0.0299096 9.9964E-05 9.9964E-05 9.9964E-05 0.854868 0.00389362 0.0115193 0.0389602 0.0604491
9.9928E-05 9.9928E-05 9.9928E-05 9.9928E-05 9.9928E-05 0.982277 0.0169236 9.9928E-05 9.9928E-05 9.9928E-05
9.9955E-05 0.0441623 0.0987541 9.9955E-05 9.9955E-05 0.546991 9.9955E-05 0.0474509 9.9955E-05 0.262142
0.0840908 9.9946E-05 0.0155903 9.9946E-05 0.017448 0.882271 9.9946E-05 9.9946E-05 9.9946E-05 9.9946E-05
0.00683923 9.9955E-05 9.9955E-05 0.487345 0.0181906 9.9955E-05 9.9955E-05 0.238248 0.248878 9.9955E-05
0.0176346 0.0288679 9.9982E-05 0.291146 9.9982E-05 0.0341624 0.040202 0.0873114 0.114101 0.386375
0.0138694 0.104793 0.0550287 0.263448 0.0422892 0.0552061 9.9982E-05 0.201631 9.9982E-05 0.263534
9.9982E-05 9.9982E-05 0.0761583 0.353712 0.0133341 0.0997259 0.037261 0.0776314 0.257275 0.0847019
9.9982E-05 0.0238383 9.9982E-05 0.279488 0.0253595 0.0863872 0.0319266 0.0961062 0.0224451 0.434249
9.9982E-05 9.9982E-05 0.0956476 0.277559 0.0126891 0.0682177 0.0562486 0.0778024 0.258382 0.153253
0.0023132 0.0579483 0.110854 0.0918885 9.9982E-05 0.0111055 9.9982E-05 0.130031 0.161974 0.433685
9.9955E-05 9.9955E-05 9.9955E-05 0.351572 9.9955E-05 0.130571 9.9955E-05 0.0509221 0.161638 0.304797
0.0125332 9.9982E-05 9.9982E-05 0.180235 0.0965241 0.0774237 0.0659334 0.110384 0.0498221 0.406945
9.9964E-05 9.9964E-05 9.9964E-05 0.332317 9.9964E-05 0.19538 0.010471 0.100026 0.112476 0.24893
0.000362921 0.0152677 0.0526493 0.126934 0.102137 0.0598858 0.0245989 0.127823 0.0295921 0.46075
9.9964E-05 0.10795 9.9964E-05 0.0231458 0.0189333 9.9964E-05 9.9964E-05 0.758694 0.0434997 0.0473779
9.9955E-05 0.0102823 9.9955E-05 9.9955E-05 9.9955E-05 0.0466279 0.105519 0.798939 0.0381319 9.9955E-05
9.9964E-05 0.0255906 0.00398995 9.9964E-05 9.9964E-05 9.9964E-05 0.0336532 0.858466 0.068401 0.00949969
9.9955E-05 0.0281728 9.9955E-05 9.9955E-05 9.9955E-05 9.9955E-05 0.00488158 0.891111 0.0668046 0.00853045
0.0610697 0.0226385 9.9955E-05 9.9955E-05 9.9955E-05 9.9955E-05 0.146992 0.716723 0.0520767 9.9955E-05
9.9946E-05 9.9946E-05 9.9946E-05 9.9946E-05 9.9946E-05 0.0431112 0.0527596 0.783082 0.120447 9.9946E-05
9.9964E-05 9.9964E-05 0.0123561 9.9964E-05 9.9964E-05 0.0620363 0.046015 0.842428 0.02726 0.00950492
9.9964E-05 0.00909806 9.9964E-05 9.9964E-05 0.0258623 9.9964E-05 0.0265353 0.802501 0.0819627 0.053641
0.0240127 9.9955E-05 9.9955E-05 9.9955E-05 9.9955E-05 9.9955E-05 0.0269508 0.842052 0.065967 0.0405182
9.9955E-05 9.9955E-05 9.9955E-05 9.9955E-05 9.9955E-05 0.0563234 0.0139716 0.771945 0.119111 0.0381493
0.256193 0.0409567 0.0591502 9.9973E-05 0.0139592 0.000689566 0.0411815 0.58757 9.9973E-05 9.9973E-05
0.17631 0.178159 9.9964E-05 9.9964E-05 0.00826819 9.9964E-05 0.0151395 0.551845 0.0698784 9.9964E-05
0.321086 0.0623331 9.9973E-05 0.00630395 0.0240328 9.9973E-05 0.0428099 0.508349 0.0347851 9.9973E-05
0.397631 0.0261196 9.9955E-05 0.0481412 0.00108026 9.9955E-05 9.9955E-05 0.526528 9.9955E-05 9.9955E-05
0.181702 9.9964E-05 0.291901 0.0137814 9.9964E-05 0.000452027 9.9964E-05 0.0946101 9.9964E-05 0.417153
0.143461 9.9964E-05 0.318486 9.9964E-05 0.0745804 0.0467837 9.9964E-05 0.0260934 9.9964E-05 0.390195
0.242166 0.0350933 0.140929 0.0681719 9.9964E-05 0.0576251 9.9964E-05 9.9964E-05 9.9964E-05 0.455615
0.348551 0.0588552 0.217388 9.9964E-05 9.9964E-05 9.9964E-05 0.000175413 9.9964E-05 0.0314657 0.343164
0.546025 0.23877 0.0195036 0.0518859 9.9964E-05 0.0295322 9.9964E-05 9.9964E-05 9.9964E-05 0.113883
9.9973E-05 0.0467871 0.189411 0.0515895 0.0538939 0.0361241 9.9973E-05 0.039921 9.9973E-05 0.581974
0.161661 0.0564538 0.192812 9.9955E-05 0.0245246 9.9955E-05 9.9955E-05 9.9955E-05 9.9955E-05 0.564049
0.11739 0.0843337 0.294528 9.9964E-05 9.9964E-05 9.9964E-05 9.9964E-05 0.0150123 0.0500552 0.438281
9.9955E-05 9.9955E-05 0.602791 0.0597677 0.00118938 0.0527781 9.9955E-05 9.9955E-05 9.9955E-05 0.282974
0.0440511 0.135913 0.201772 0.0156976 9.9973E-05 0.0355783 9.9973E-05 9.9973E-05 0.0171078 0.549581
0.138908 0.0839784 0.240905 9.9955E-05 0.153759 9.9955E-05 9.9955E-05 9.9955E-05 9.9955E-05 0.38195
0.115127 0.00985659 0.690815 9.9955E-05 0.169283 9.9955E-05 9.9955E-05 9.9955E-05 0.0144178 9.9955E-05
0.0859162 0.0285783 0.0556537 0.0487495 0.153037 9.9982E-05 9.9982E-05 0.045241 0.00709765 0.575526
0.087754 9.9964E-05 0.451552 9.9964E-05 0.138501 9.9964E-05 9.9964E-05 0.00561284 0.11733 0.198851
0.0589019 9.9946E-05 0.403478 9.9946E-05 0.0506586 9.9946E-05 9.9946E-05 9.9946E-05 9.9946E-05 0.486362
0.279632 0.0639292 0.577119 9.9946E-05 9.9946E-05 9.9946E-05 9.9946E-05 0.0787201 9.9946E-05 9.9946E-05
9.9964E-05 0.718526 0.00991034 0.175748 9.9964E-05 9.9964E-05 0.0217567 0.0532269 0.020432 9.9964E-05
9.9946E-05 0.724523 9.9946E-05 0.183011 9.9946E-05 9.9946E-05 9.9946E-05 0.0402759 9.9946E-05 0.0515899
9.9928E-05 0.880434 9.9928E-05 0.118767 9.9928E-05 9.9928E-05 9.9928E-05 9.9928E-05 9.9928E-05 9.9928E-05
9.9946E-05 0.763562 9.9946E-05 0.0863018 0.0554585 9.9946E-05 9.9946E-05 0.0940782 9.9946E-05 9.9946E-05
0.0762836 0.723418 9.9955E-05 0.168264 9.9955E-05 0.0242857 0.00724914 9.9955E-05 9.9955E-05 9.9955E-05
9.9955E-05 0.817038 9.9955E-05 0.0611759 9.9955E-05 0.0617846 9.9955E-05 0.00132134 9.9955E-05 0.0581801
9.9946E-05 9.9946E-05 9.9946E-05 9.9946E-05 9.9946E-05 9.9946E-05 0.0686095 0.799474 0.00290626 0.128411
0.0485633 9.9964E-05 9.9964E-05 9.9964E-05 9.9964E-05 0.00371288 0.0140033 0.80261 0.031998 0.0987124
9.9955E-05 9.9955E-05 9.9955E-05 9.9955E-05 9.9955E-05 0.10997 0.0687963 0.680155 0.0499051 0.0906734
0.0781295 0.0081203 9.9973E-05 9.9973E-05 9.9973E-05 0.122545 0.0387572 0.725186 0.00251704 0.0244451
0.0146288 9.9964E-05 9.9964E-05 0.0280294 9.9964E-05 0.0890538 0.00497905 0.791759 9.9964E-05 0.0711503
0.0333022 0.481296 0.0279168 0.0824302 9.9964E-05 9.9964E-05 0.0409317 0.333723 9.9964E-05 9.9964E-05
9.9973E-05 0.354102 0.0146864 0.122987 0.0533067 9.9973E-05 0.0109186 0.442746 0.000952658 9.9973E-05
9.9964E-05 0.429834 0.0790766 0.0287225 0.0524009 9.9964E-05 0.0372015 0.372365 9.9964E-05 9.9964E-05
9.99201E-05 9.99201E-05 9.99201E-05 9.99201E-05 9.99201E-05 9.99201E-05 0.999101 9.99201E-05 9.99201E-05 9.99201E-05
9.9955E-05 0.442195 0.129112 9.9955E-05 0.0334857 9.9955E-05 0.0185178 0.37619 9.9955E-05 9.9955E-05
0.0101902 9.9973E-05 0.00473396 9.9973E-05 0.0111361 0.304916 9.9973E-05 0.123449 0.240298 0.304977
0.043167 9.9973E-05 0.0389431 9.9973E-05 0.029518 0.18052 0.0199381 0.152574 9.9973E-05 0.53504
0.0276748 9.9964E-05 9.9964E-05 0.0115615 9.9964E-05 0.256358 0.0173596 0.132975 9.9964E-05 0.553671
9.9964E-05 0.0017411 0.104413 9.9964E-05 9.9964E-05 0.136188 9.9964E-05 0.250762 0.130271 0.376226
0.154066 9.9973E-05 9.9973E-05 0.0144062 0.0334847 0.00526793 9.9973E-05 0.203533 0.0694168 0.519526
9.9946E-05 9.9946E-05 9.9946E-05 0.107334 9.9946E-05 0.251792 9.9946E-05 0.356879 0.283395 9.9946E-05
0.255468 0.10857 0.132667 0.02926 0.0387694 9.9982E-05 9.9982E-05 0.0055832 0.0472479 0.382235
0.117778 0.158175 0.116938 0.00350584 0.176019 9.9973E-05 9.9973E-05 9.9973E-05 0.0992393 0.328045
0.53235 0.167375 9.9955E-05 9.9955E-05 9.9955E-05 9.9955E-05 0.0559032 0.0458725 9.9955E-05 0.198
0.167419 0.0601743 0.0799482 0.0198044 0.215157 9.9964E-05 9.9964E-05 9.9964E-05 9.9964E-05 0.457097
0.213872 0.0307244 0.200054 9.9955E-05 0.372415 9.9955E-05 9.9955E-05 9.9955E-05 0.182435 9.9955E-05
0.121839 0.0483865 0.108912 0.120036 0.0189998 9.9991E-05 0.0363796 0.0416076 0.0319519 0.471788
0.0754112 0.158827 0.0132559 9.9982E-05 0.178736 0.00334632 9.9982E-05 0.0376554 0.0682973 0.464271
0.469971 0.0853971 9.9973E-05 9.9973E-05 0.098389 9.9973E-05 0.0310502 0.0166387 0.0422773 0.255976
0.177309 0.0914004 0.0433533 0.0343476 9.9982E-05 0.107378 9.9982E-05 0.0115245 0.0654996 0.468988
0.522502 9.9964E-05 0.129238 0.0354832 0.113254 9.9964E-05 9.9964E-05 9.9964E-05 0.166341 0.0327821
0.227699 0.0310242 0.0656652 0.0667421 0.165908 0.0124574 9.9973E-05 9.9973E-05 9.9973E-05 0.430204
0.0860404 0.188764 0.124761 0.0168207 0.0135741 9.9982E-05 0.0542572 9.9982E-05 0.0253935 0.490189
0.0408129 0.0231933 0.0841403 0.0168851 9.9982E-05 0.18692 9.9982E-05 0.135601 0.110576 0.401672
0.330339 0.105894 0.0186688 0.0195209 0.146127 9.9973E-05 9.9973E-05 9.9973E-05 0.0240461 0.355104
0.318932 0.101743 0.00147575 9.9973E-05 0.098952 9.9973E-05 9.9973E-05 0.0498155 0.0116006 0.417181
0.0949117 0.0139965 0.0880786 0.104641 0.197874 0.00231349 9.9973E-05 9.9973E-05 9.9973E-05 0.497885
0.170019 0.0813183 0.101124 9.9964E-05 0.0530434 9.9964E-05 9.9964E-05 9.9964E-05 0.0535986 0.540498
9.9991E-05 0.070433 0.105359 0.0297143 0.0946291 0.0181866 0.0326257 0.0231991 0.015136 0.610617
0.163657 0.083518 0.0611312 9.9982E-05 9.9982E-05 0.0437516 0.0442023 0.0561439 0.0729004 0.474496
0.0827232 0.0512998 0.183494 9.9982E-05 0.0373729 0.0261489 9.9982E-05 0.0830429 0.0518396 0.483879
9.9946E-05 9.9946E-05 0.0192871 9.9946E-05 9.9946E-05 0.0539703 9.9946E-05 0.769786 9.9946E-05 0.156357
9.9964E-05 9.9964E-05 0.0235796 9.9964E-05 0.0272442 0.0227056 0.00917632 0.808347 9.9964E-05 0.108548
0.00306578 0.0741417 9.9973E-05 0.0392667 0.0120283 9.9973E-05 9.9973E-05 0.768251 0.0263296 0.0766173
9.9964E-05 0.0112856 0.056974 9.9964E-05 0.0760227 0.0542309 0.0188126 0.782274 9.9964E-05 9.9964E-05
9.9955E-05 0.00073424 9.9955E-05 0.0123569 9.9955E-05 9.9955E-05 0.0750964 0.769062 9.9955E-05 0.142251
0.631928 0.131334 9.9946E-05 9.9946E-05 9.9946E-05 9.9946E-05 9.9946E-05 9.9946E-05 0.123375 0.112763
0.105535 0.0138419 0.08361 9.9982E-05 0.102665 0.0266303 0.053771 9.9982E-05 0.115444 0.498302
0.00493848 9.9973E-05 9.9973E-05 0.0972495 0.0276764 0.0689617 9.9973E-05 0.156749 0.124905 0.519221
0.198229 0.120105 0.000359566 0.0309162 0.0122886 0.0919281 0.00187638 9.9991E-05 0.00789114 0.536306
0.141743 0.0751421 0.175555 9.9982E-05 0.0164441 9.9982E-05 0.00347838 0.052179 0.0236203 0.511639
0.354944 0.0496632 9.9955E-05 9.9955E-05 0.137393 9.9955E-05 9.9955E-05 9.9955E-05 0.195638 0.261863
0.592657 0.211447 0.015947 9.9964E-05 9.9964E-05 9.9964E-05 0.0526035 0.0354639 0.0914821 9.9964E-05
0.181536 0.202467 0.0970873 0.0339803 0.00449087 0.00664119 0.0123908 0.0225754 9.9991E-05 0.43873
0.305475 0.178844 0.0200425 0.0978562 0.166108 0.063024 0.00261952 0.0905865 9.9991E-05 0.0753434
0.107184 0.084769 0.117385 0.0283953 0.123272 0.0276829 0.0384533 9.9991E-05 0.00462186 0.468136
0.522458 0.119542 0.0111795 9.9982E-05 0.130994 0.0237181 0.0148906 0.108502 9.9982E-05 0.0685161
0.260424 0.00464218 9.9964E-05 0.0466292 9.9964E-05 9.9964E-05 0.0343778 0.0973149 9.9964E-05 0.556212
0.554355 0.133183 9.9973E-05 0.0065076 0.0866609 9.9973E-05 0.0134893 0.0850686 9.9973E-05 0.120435
0.346438 0.0347836 0.0558312 0.111143 0.0793419 0.0364776 9.9982E-05 0.0540768 9.9982E-05 0.281707
0.0951596 0.0858525 0.0751139 0.180624 0.0635827 0.0582086 9.9991E-05 0.00494644 0.0390775 0.397335
0.0576829 0.0630791 9.9964E-05 0.52229 0.0658568 9.9964E-05 9.9964E-05 9.9964E-05 0.0285557 0.262136
0.1702 9.9964E-05 0.0411818 0.234133 9.9964E-05 9.9964E-05 0.020185 0.0694857 9.9964E-05 0.464414
0.150297 9.9982E-05 0.0317287 0.120423 0.0348308 0.0576777 9.9982E-05 0.154753 0.048413 0.401677
0.0666585 0.0478851 0.0149875 0.539991 0.0586198 9.9973E-05 9.9973E-05 9.9973E-05 0.0129309 0.258627
0.190403 9.9982E-05 0.118515 0.145533 9.9982E-05 0.103997 0.0395404 0.0149864 0.00313362 0.383691
9.9973E-05 0.0462743 0.115161 0.258854 9.9973E-05 9.9973E-05 0.0159209 0.00815588 0.0390183 0.516316
0.0403007 0.0638231 0.142846 0.61213 0.1404 9.9955E-05 9.9955E-05 9.9955E-05 9.9955E-05 9.9955E-05
9.9964E-05 0.0149366 0.0716465 0.533455 0.139538 9.9964E-05 9.9964E-05 9.9964E-05 0.100483 0.139541
0.0450787 0.0739827 0.0125237 0.410625 0.0168014 9.9973E-05 9.9973E-05 0.0199009 9.9973E-05 0.420787
0.0531533 0.00730495 0.210204 0.511908 0.111276 9.9973E-05 9.9973E-05 9.9973E-05 0.0498432 0.0560112
0.166114 0.0361023 0.080144 0.343773 9.9964E-05 9.9964E-05 9.9964E-05 9.9964E-05 0.00949861 0.363967
0.572843 0.216107 0.0663988 9.9964E-05 9.9964E-05 0.00727125 9.9964E-05 9.9964E-05 0.0720337 0.0649466
0.256185 0.199034 0.137013 9.9964E-05 0.207311 9.9964E-05 9.9964E-05 9.9964E-05 0.00267949 0.197377
0.46205 0.149282 9.9955E-05 9.9955E-05 0.0672286 0.0263805 9.9955E-05 9.9955E-05 9.9955E-05 0.294559
0.162424 0.0831808 0.0142351 9.9982E-05 0.0349553 0.00105117 0.0153041 9.9982E-05 0.0135446 0.675105
0.489246 0.154479 0.115372 0.0111925 9.9964E-05 9.9964E-05 0.00148032 9.9964E-05 9.9964E-05 0.22783
0.102901 0.149664 9.9964E-05 9.9964E-05 0.0471839 0.0700062 9.9964E-05 9.9964E-05 0.177701 0.452144
0.111453 0.20374 0.057763 9.9973E-05 9.9973E-05 0.0391857 0.0519398 0.0153711 9.9973E-05 0.520247
0.280059 0.0476236 0.0436069 9.9964E-05 0.0526019 9.9964E-05 9.9964E-05 0.0325289 9.9964E-05 0.543179
0.227299 0.164032 9.9964E-05 9.9964E-05 0.030594 0.113471 0.0329879 9.9964E-05 9.9964E-05 0.431216
0.152116 0.162278 0.199483 9.9973E-05 0.00269787 0.0817022 0.0693048 9.9973E-05 9.9973E-05 0.332118
0.449315 0.223714 0.107535 9.9964E-05 9.9964E-05 0.0719621 0.00864962 9.9964E-05 9.9964E-05 0.138424
0.235511 0.235265 0.0408169 0.0329352 0.048998 0.0948635 9.9973E-05 9.9973E-05 9.9973E-05 0.311311
0.214364 0.11059 0.0260545 9.9955E-05 0.101332 9.9955E-05 9.9955E-05 9.9955E-05 9.9955E-05 0.54716
0.132907 0.117599 0.0340015 0.0040925 0.0187719 9.9991E-05 0.0182622 0.0111397 0.0875052 0.575622
0.149332 0.153239 9.9973E-05 0.0177186 0.100721 9.9973E-05 0.0102587 9.9973E-05 0.128914 0.439517
9.99551E-05 0.226379 9.99551E-05 9.99551E-05 0.100981 0.0178085 9.99551E-05 9.99551E-05 0.0870018 0.567329
0.257173 0.215203 9.9973E-05 9.9973E-05 0.0130222 9.9973E-05 0.0204809 0.0776952 0.0690225 0.347103
0.0387975 0.220143 0.0707114 0.0138546 0.02107 9.9973E-05 9.9973E-05 9.9973E-05 0.0280142 0.607109
0.213958 0.0667665 0.132289 9.9982E-05 0.0160895 0.074105 0.00552814 0.0686608 9.9982E-05 0.422404
0.186009 0.0589491 0.0484353 9.9982E-05 0.0732231 0.066325 0.0775244 0.0369104 9.9982E-05 0.452424
0.0882628 9.9982E-05 0.0244954 0.00939407 9.9982E-05 0.0458129 0.00461717 0.320141 0.0828766 0.4242
0.00745578 9.9991E-05 0.108979 0.0354387 0.0197794 0.205755 0.00936965 0.102569 0.0846464 0.425906
9.9991E-05 0.00462117 0.0523419 0.0551918 0.0179807 0.16797 0.0238909 0.079432 0.131657 0.466814
0.166792 9.9964E-05 9.9964E-05 9.9964E-05 0.0802798 0.125738 0.076873 9.9964E-05 0.0423372 0.50758
0.0197291 9.9982E-05 0.073168 9.9982E-05 0.0583651 0.130876 0.043829 0.151744 0.0590623 0.463026
0.231077 0.0601665 9.9955E-05 0.163771 0.11834 9.9955E-05 9.9955E-05 9.9955E-05 9.9955E-05 0.426146
0.165436 9.9955E-05 9.9955E-05 9.9955E-05 9.9955E-05 0.144317 9.9955E-05 0.153264 0.0160759 0.520407
0.124148 9.9973E-05 0.168729 9.9973E-05 0.0792002 0.0552175 9.9973E-05 0.12552 0.414918 0.0319667
0.17373 9.9982E-05 9.9982E-05 0.0818907 0.0175472 0.129329 0.015623 0.112946 0.0527261 0.416008
0.0177049 0.0623091 9.9982E-05 9.9982E-05 0.0613328 0.0960376 0.0417383 0.0570925 0.0899059 0.573679
0.0756654 9.9982E-05 0.0196 9.9982E-05 0.0790659 0.154105 0.00715422 0.0787306 0.0474353 0.538043
0.1169 9.9982E-05 0.114595 0.0149556 9.9982E-05 0.0771003 0.0212357 0.12484 0.237098 0.293076
0.0405395 0.0228566 9.9973E-05 9.9973E-05 0.00576031 0.0863801 9.9973E-05 0.126223 0.181517 0.536423
0.0462793 9.9973E-05 9.9973E-05 0.086128 0.0280805 0.114545 0.0365997 0.124517 9.9973E-05 0.563551
0.0199141 9.9973E-05 0.021941 9.9973E-05 0.0313785 0.099442 0.0529811 0.240723 0.53332 9.9973E-05
0.045272 9.9973E-05 0.00725541 9.9973E-05 9.9973E-05 0.0807181 0.0695557 0.0887524 0.192113 0.516034
0.0063395 0.0740741 9.9982E-05 9.9982E-05 0.015111 0.165079 0.00942532 0.0863834 0.150142 0.493246
0.0140572 0.023406 0.134289 0.0139806 0.0373833 0.116835 0.0364203 0.0621376 0.0497579 0.511733
9.9955E-05 9.9955E-05 9.9955E-05 9.9955E-05 9.9955E-05 0.0423299 0.00669708 0.232499 0.109994 0.60798
0.051833 0.0668983 0.0431948 0.108215 0.035887 0.125153 9.9982E-05 0.121641 9.9982E-05 0.446978
9.9964E-05 0.0114908 0.161929 9.9964E-05 0.329618 0.02494 0.0570105 9.9964E-05 9.9964E-05 0.414611
9.9955E-05 9.9955E-05 0.0550118 0.114212 0.210844 9.9955E-05 9.9955E-05 0.0914499 9.9955E-05 0.527983
0.145501 9.9937E-05 0.0633433 9.9937E-05 0.790456 9.9937E-05 9.9937E-05 9.9937E-05 9.9937E-05 9.9937E-05
0.0566944 0.0158798 9.99459E-05 0.0331412 0.893685 9.99459E-05 9.99459E-05 9.99459E-05 9.99459E-05 9.99459E-05
9.9964E-05 0.0288331 9.9964E-05 9.9964E-05 0.343894 0.0361369 9.9964E-05 0.0577664 0.0341241 0.498846
9.9964E-05 9.9964E-05 9.9964E-05 0.00603034 0.125904 0.179757 9.9964E-05 0.078825 0.109241 0.499843
9.9955E-05 9.9955E-05 9.9955E-05 9.9955E-05 0.206876 0.285801 0.0355657 9.9955E-05 0.149582 0.321675
0.0253833 9.9982E-05 9.9982E-05 0.0423159 0.156881 0.197129 0.0163154 0.0913543 0.258823 0.211599
0.040478 9.9964E-05 9.9964E-05 9.9964E-05 0.158056 0.185732 9.9964E-05 0.12382 0.117867 0.373647
9.9964E-05 9.9964E-05 9.9964E-05 0.0417381 0.642549 0.060643 9.9964E-05 0.0400447 0.173191 0.0414349
9.9946E-05 9.9946E-05 9.9946E-05 9.9946E-05 0.567232 9.9946E-05 0.0306272 9.9946E-05 0.2351 0.16644
0.0405695 9.9964E-05 9.9964E-05 9.9964E-05 0.318447 0.0713147 0.0258814 9.9964E-05 0.0148733 0.528514
9.9946E-05 9.9946E-05 9.9946E-05 9.9946E-05 0.468485 0.0815291 9.9946E-05 0.0581229 9.9946E-05 0.391263
9.9964E-05 9.9964E-05 9.9964E-05 9.9964E-05 0.682315 0.0785373 0.0536411 0.0376231 0.0263739 0.12111
0.0544539 0.0343419 9.9973E-05 9.9973E-05 0.277251 0.0212878 9.9973E-05 0.0881407 0.027083 0.497142
9.9955E-05 0.0382594 9.9955E-05 9.9955E-05 0.34498 0.151788 9.9955E-05 0.0189121 9.9955E-05 0.44556
0.0820996 0.037766 9.9991E-05 0.0590828 0.193375 0.096336 0.053633 0.0136712 0.0199231 0.444014
9.9964E-05 0.0205316 0.109751 0.0421035 0.507849 9.9964E-05 0.0186167 9.9964E-05 9.9964E-05 0.300748
0.103225 9.9973E-05 0.0200048 0.0279375 0.488397 0.0368872 0.0331435 9.9973E-05 9.9973E-05 0.290105
9.9982E-05 0.0410854 0.0548334 0.0607375 0.269683 0.0141913 0.0178707 0.0397587 9.9982E-05 0.50164
0.104492 9.9973E-05 9.9973E-05 0.0558742 0.374309 0.0346119 9.9973E-05 0.0756499 0.0274477 0.327315
9.9991E-05 0.121788 0.0165494 0.0636088 0.168922 0.0335536 0.0439831 0.0561468 0.0455191 0.449829
0.0447861 9.9964E-05 9.9964E-05 0.1052 0.419575 9.9964E-05 0.00351375 9.9964E-05 0.020877 0.405649
0.030666 0.0647543 9.9955E-05 0.0348535 0.679466 9.9955E-05 9.9955E-05 9.9955E-05 9.9955E-05 0.18976
9.9964E-05 9.9964E-05 0.0709221 0.0497305 0.258639 0.0167954 9.9964E-05 0.00997549 9.9964E-05 0.593538
0.0787003 0.0530187 0.0446443 9.9964E-05 0.704701 0.0312807 9.9964E-05 9.9964E-05 9.9964E-05 0.087255
9.9964E-05 0.0354059 9.9964E-05 0.0436207 0.486704 9.9964E-05 9.9964E-05 0.0221876 0.0156906 0.395992
0.0220991 0.0396847 0.111735 9.9973E-05 0.239757 0.0601149 0.0749933 9.9973E-05 9.9973E-05 0.451316
0.0649228 9.9973E-05 0.21318 9.9973E-05 0.217925 0.0881473 0.0480874 0.0104961 9.9973E-05 0.356942
0.054256 0.00651114 0.0168124 0.0868952 0.0470597 0.230649 0.0427918 0.0966069 0.0134368 0.404982
0.0895189 0.0268103 9.9982E-05 0.18623 0.0641665 0.138242 0.056657 9.9982E-05 0.0828118 0.355364
0.0406166 0.00765134 0.0367031 0.157123 0.0523803 0.213947 0.0402895 0.0836451 0.0668937 0.300751
0.0754027 0.012542 9.9991E-05 0.13967 0.00910695 0.159859 0.0452269 0.140525 0.0787125 0.338855
9.9973E-05 0.0459178 0.128505 0.0785004 9.9973E-05 0.0930579 9.9973E-05 0.16648 0.0270962 0.460143
9.9973E-05 0.0550123 9.9973E-05 0.0320863 0.245771 0.0942821 0.0820404 0.0824469 9.9973E-05 0.408061
9.9964E-05 0.000296566 9.9964E-05 9.9964E-05 0.620885 0.100672 0.00369394 0.185214 0.0888387 9.9964E-05
9.9973E-05 0.0460873 9.9973E-05 0.0714067 0.107438 0.151169 9.9973E-05 0.0153428 0.0375994 0.570657
9.9964E-05 9.9964E-05 9.9964E-05 0.038805 0.374043 0.0747653 0.0319735 0.247612 0.232401 9.9964E-05
9.9955E-05 9.9955E-05 9.9955E-05 9.9955E-05 0.271642 0.15551 9.9955E-05 0.0697892 0.0351446 0.467414
9.9937E-05 9.9937E-05 0.14678 9.9937E-05 0.766814 9.9937E-05 9.9937E-05 9.9937E-05 9.9937E-05 0.0857069
9.9937E-05 9.9937E-05 0.108724 9.9937E-05 0.86341 9.9937E-05 0.0271664 9.9937E-05 9.9937E-05 9.9937E-05
0.0397852 9.9964E-05 0.0693777 0.00401508 0.494656 0.00176763 9.9964E-05 9.9964E-05 9.9964E-05 0.389998
