0.0551172 0.865094 0.0262974 0.0052747 9.9964E-05 0.0303744 9.9964E-05 9.9964E-05 0.0174421 9.9964E-05
0.0213745 0.917071 0.00898575 9.9955E-05 9.9955E-05 0.011491 9.9955E-05 0.0405783 9.9955E-05 9.9955E-05
0.0511696 0.79263 0.039479 9.9955E-05 0.0870386 9.9955E-05 9.9955E-05 9.9955E-05 0.0291827 9.9955E-05
0.033494 0.770202 0.0821981 0.0631173 0.050489 9.9955E-05 9.9955E-05 9.9955E-05 9.9955E-05 9.9955E-05
0.0099311 0.817005 0.0621325 9.9955E-05 0.0160642 9.9955E-05 9.9955E-05 0.0943674 9.9955E-05 9.9955E-05
0.0467834 0.533205 0.0694313 0.01504 0.0298078 9.9973E-05 0.0279539 9.9973E-05 9.9973E-05 0.277479
9.9937E-05 0.787386 9.9937E-05 9.9937E-05 9.9937E-05 0.00864573 9.9937E-05 9.9937E-05 9.9937E-05 0.203269
0.0353491 0.66844 0.0022645 0.0292873 9.9964E-05 9.9964E-05 9.9964E-05 0.0124414 9.9964E-05 0.251818
0.00236921 0.787938 9.99729E-05 0.0439421 9.99729E-05 0.0374312 0.0236993 0.0249202 0.0794003 9.99729E-05
0.0232365 0.605996 0.116498 9.9955E-05 9.9955E-05 9.9955E-05 9.9955E-05 0.0121051 9.9955E-05 0.241665
9.9928E-05 0.681834 9.9928E-05 9.9928E-05 9.9928E-05 9.9928E-05 9.9928E-05 9.9928E-05 9.9928E-05 0.317367
9.9946E-05 9.9946E-05 0.0641594 9.9946E-05 0.113111 0.818097 0.00403266 9.9946E-05 9.9946E-05 9.9946E-05
0.0685355 9.9946E-05 0.042183 9.9946E-05 0.382913 0.505769 9.9946E-05 9.9946E-05 9.9946E-05 9.9946E-05
0.027515 0.0233291 0.0250993 9.9973E-05 0.109614 0.784465 9.9973E-05 0.025052 0.00462592 9.9973E-05
0.0175726 9.9955E-05 0.163589 9.9955E-05 0.178609 0.632881 9.9955E-05 9.9955E-05 0.00684897 9.9955E-05
0.0387622 0.1078 0.196668 9.9973E-05 0.208786 0.368523 0.0431232 9.9973E-05 9.9973E-05 0.0360383
0.0558231 0.0390822 0.100758 9.9964E-05 0.439566 0.314817 9.9964E-05 9.9964E-05 0.0495537 9.9964E-05
9.9955E-05 9.9955E-05 0.0522772 9.9955E-05 0.364104 0.345263 0.116483 9.9955E-05 9.9955E-05 0.121373
9.9955E-05 0.0655813 0.0261997 9.9955E-05 0.260873 0.593984 9.9955E-05 9.9955E-05 0.0528618 9.9955E-05
9.9937E-05 0.0408163 9.9937E-05 9.9937E-05 9.9937E-05 0.874824 9.9937E-05 9.9937E-05 9.9937E-05 0.0836596
0.0840922 9.9964E-05 0.118151 9.9964E-05 0.222266 0.415159 0.115404 9.9964E-05 9.9964E-05 0.044528
9.9973E-05 0.0417876 9.9973E-05 9.9973E-05 0.372233 0.391776 0.0421941 0.0379349 0.01922 0.0945548
0.0337954 0.0417277 0.0417243 9.9973E-05 0.475144 0.315717 0.0742466 0.0173452 9.9973E-05 9.9973E-05
0.0213895 9.9955E-05 0.104478 9.9955E-05 0.145379 0.6737 9.9955E-05 9.9955E-05 9.9955E-05 0.0545538
0.12924 0.0290606 0.0261816 9.9964E-05 0.605179 0.156196 9.9964E-05 9.9964E-05 0.0537423 9.9964E-05
9.9973E-05 0.0187119 0.117169 0.0152303 0.391172 0.410102 0.00284204 9.9973E-05 9.9973E-05 0.0444731
9.9928E-05 9.9928E-05 0.134019 9.9928E-05 9.9928E-05 0.865182 9.9928E-05 9.9928E-05 9.9928E-05 9.9928E-05
9.9946E-05 9.9946E-05 0.202174 9.9946E-05 0.0271801 0.75105 9.9946E-05 9.9946E-05 0.0189958 9.9946E-05
0.00425433 0.033321 0.038187 9.9973E-05 0.073195 0.700527 9.9973E-05 0.107104 9.9973E-05 0.0431113
9.9937E-05 0.823154 0.0465663 9.9937E-05 0.12958 9.9937E-05 9.9937E-05 9.9937E-05 9.9937E-05 9.9937E-05
9.9937E-05 0.831942 9.9937E-05 9.9937E-05 0.156892 0.0104662 9.9937E-05 9.9937E-05 9.9937E-05 9.9937E-05
9.9955E-05 0.731285 0.0173612 0.042702 0.173681 9.9955E-05 9.9955E-05 9.9955E-05 0.0344715 9.9955E-05
9.9955E-05 0.690737 0.0845391 9.9955E-05 0.107603 9.9955E-05 0.0555398 9.9955E-05 0.0610815 9.9955E-05
9.9973E-05 0.0293504 0.000537964 0.0807007 0.490932 0.0551022 0.180251 9.9973E-05 9.9973E-05 0.162826
0.00763169 0.0559742 0.062328 0.0057216 0.481077 0.0188641 0.28528 9.9982E-05 9.9982E-05 0.0829234
0.0423098 9.9955E-05 9.9955E-05 9.9955E-05 0.56522 9.9955E-05 0.288373 0.0426869 9.9955E-05 0.0609111
9.9982E-05 0.102915 0.0137268 0.197963 0.0837198 0.517884 0.0116734 0.0251029 9.9982E-05 0.0468154
9.9964E-05 0.00788925 0.0266805 9.9964E-05 0.313597 0.0336988 0.550544 0.0671908 9.9964E-05 9.9964E-05
0.0221244 0.0727551 0.0548648 0.0438097 0.512715 0.0686626 0.212549 0.00320744 0.00921226 9.9991E-05
0.00741141 0.00422362 9.9973E-05 0.0185764 0.763366 9.9973E-05 0.131653 9.9973E-05 0.00199308 0.0724767
9.9946E-05 0.0892916 9.9946E-05 9.9946E-05 0.543188 9.9946E-05 0.0298714 9.9946E-05 9.9946E-05 0.33705
0.061306 0.0874316 9.9964E-05 9.9964E-05 0.601119 0.0788582 0.0117791 9.9964E-05 9.9964E-05 0.159106
0.0233582 9.9964E-05 9.9964E-05 0.0336179 0.153014 0.233817 0.52382 9.9964E-05 0.0319742 9.9964E-05
9.9973E-05 0.000955595 0.0302553 0.0210463 0.496183 0.12661 9.9973E-05 9.9973E-05 0.0836545 0.240995
0.0682355 9.9964E-05 0.0850546 0.0105228 0.470932 9.9964E-05 0.26432 9.9964E-05 9.9964E-05 0.100535
0.0430309 0.115988 0.0637128 9.9973E-05 0.593632 0.0650729 0.0720637 9.9973E-05 0.0461993 9.9973E-05
9.9937E-05 9.9937E-05 9.9937E-05 9.9937E-05 0.356511 9.9937E-05 0.615179 9.9937E-05 0.0276109 9.9937E-05
0.0162714 0.0073886 0.0286616 0.0488436 0.602413 0.0690104 0.209143 9.9982E-05 0.0180687 9.9982E-05
0.0170254 0.0919803 0.0367681 0.0756068 0.527514 9.9982E-05 0.194906 0.0265629 0.0294369 9.9982E-05
9.9955E-05 9.9955E-05 9.9955E-05 0.0325868 9.9955E-05 9.9955E-05 0.686519 0.0509123 0.217926 0.0115558
0.0749435 9.9973E-05 9.9973E-05 0.0815382 0.126779 0.451191 0.161097 9.9973E-05 0.0495919 0.0545596
0.0518785 9.9964E-05 9.9964E-05 9.9964E-05 9.9964E-05 0.352162 0.147125 0.142272 0.187536 0.118627
0.104194 0.0487452 0.0574041 0.000302522 0.539719 0.167347 0.0155375 0.0364749 0.00168504 0.0285911
0.0119616 0.0669647 0.039102 9.9973E-05 0.556785 0.11624 9.9973E-05 0.0374636 9.9973E-05 0.171183
0.0444424 0.0134573 0.0713901 9.9991E-05 0.547382 0.0169103 0.109317 0.0432467 0.127407 0.0263464
0.0516253 0.082664 9.9982E-05 0.156581 0.0801179 0.278095 0.161883 0.0930556 9.9982E-05 0.095779
0.00684191 9.9973E-05 9.9973E-05 0.0908373 0.559294 0.206336 0.00222211 0.0602929 0.0738758 9.9973E-05
0.0273137 0.0345966 0.0801174 0.0397138 0.576112 0.17019 9.9991E-05 0.00321627 0.0253442 0.0432965
0.00229591 0.106193 0.0414429 0.100627 0.257553 0.235213 0.028871 0.0363741 0.00194862 0.189482
0.0980662 0.138877 0.038753 9.9982E-05 9.9982E-05 0.479892 0.0870345 0.00506998 0.0847733 0.0673342
0.0413577 9.9973E-05 0.0745886 0.149086 0.510423 0.0456623 0.143573 9.9973E-05 0.0350094 9.9973E-05
0.00617229 0.0253852 9.9982E-05 0.0671995 0.395181 0.302627 0.0396176 0.10306 0.0605572 9.9982E-05
0.129197 0.0374432 9.9973E-05 0.0343468 9.9973E-05 0.595381 0.0395901 9.9973E-05 0.0574979 0.106244
0.0567316 0.0209264 9.9973E-05 0.0150953 0.43086 0.364689 9.9973E-05 0.0735258 0.0378724 9.9973E-05
0.00964555 9.9982E-05 9.9982E-05 0.0296476 0.604458 0.00634719 0.00347178 0.17022 0.0624077 0.113602
0.000630778 0.0421564 9.9973E-05 0.0591394 0.544545 0.250591 9.9973E-05 0.0801859 0.0224525 9.9973E-05
0.0272782 0.00189583 0.105565 9.9982E-05 0.0945322 0.55322 0.0815585 0.0749985 0.0607524 9.9982E-05
9.9964E-05 9.9964E-05 0.0332556 9.9964E-05 0.362664 0.410209 0.0455582 0.0623762 0.085538 9.9964E-05
0.0842963 0.0200471 9.9991E-05 0.0973595 0.516711 0.0393888 0.0189344 0.0557275 0.162807 0.00462842
0.0851588 9.9982E-05 9.9982E-05 0.0789595 0.127281 0.453645 0.0465688 0.0890633 0.0755217 0.0436026
9.9946E-05 9.9946E-05 9.9946E-05 0.0497599 0.529136 9.9946E-05 0.411209 9.9946E-05 0.00929553 9.9946E-05
9.9946E-05 9.9946E-05 9.9946E-05 0.030417 0.159456 0.192936 0.616591 9.9946E-05 9.9946E-05 9.9946E-05
9.9982E-05 0.0833939 0.00122617 9.9982E-05 0.529128 0.00226228 0.212916 0.090543 0.0697732 0.0105573
9.9937E-05 9.9937E-05 9.9937E-05 9.9937E-05 9.9937E-05 9.9937E-05 0.919713 9.9937E-05 0.0457436 0.0338435
0.00876351 0.0040194 9.9964E-05 9.9964E-05 9.9964E-05 0.0740992 0.806725 0.0815008 9.9964E-05 0.0244927
9.99281E-05 9.99281E-05 9.99281E-05 9.99281E-05 0.230897 9.99281E-05 0.768304 9.99281E-05 9.99281E-05 9.99281E-05
0.0725354 9.9955E-05 9.9955E-05 9.9955E-05 0.442633 9.9955E-05 0.46934 9.9955E-05 0.0102285 0.00476276
0.0466045 0.101419 9.9964E-05 0.00610723 0.552716 0.16274 0.130013 9.9964E-05 9.9964E-05 9.9964E-05
9.9973E-05 0.00261408 9.9973E-05 0.00504211 0.408482 0.132552 0.41209 0.0236289 0.0152903 9.9973E-05
0.124474 0.00736093 0.0120245 0.0122284 0.144157 0.069299 0.630157 9.9973E-05 9.9973E-05 9.9973E-05
0.153312 0.0141724 9.9964E-05 0.0904977 0.226169 0.0591949 0.456254 9.9964E-05 9.9964E-05 9.9964E-05
0.00213009 0.0947621 0.0656921 0.0430679 0.521207 9.9964E-05 0.272741 9.9964E-05 9.9964E-05 9.9964E-05
9.9955E-05 9.9955E-05 0.0289893 9.9955E-05 0.312389 0.0982229 0.558632 9.9955E-05 9.9955E-05 0.00126734
0.0189472 0.0499386 9.9964E-05 9.9964E-05 0.41999 0.0848187 0.400166 9.9964E-05 9.9964E-05 0.0257393
0.0421038 9.9955E-05 9.9955E-05 9.9955E-05 0.38101 9.9955E-05 0.561007 0.0150943 0.000284889 9.9955E-05
0.0273885 9.9964E-05 9.9964E-05 9.9964E-05 9.9964E-05 0.0473146 0.672828 0.106848 0.0812308 0.0639908
0.0531947 0.00559829 0.00806736 0.0142621 0.549593 0.10251 0.250551 9.9982E-05 0.0160232 9.9982E-05
9.9946E-05 0.810995 9.9946E-05 0.0221311 0.120465 0.0458094 9.9946E-05 9.9946E-05 9.9946E-05 9.9946E-05
9.99281E-05 0.87085 9.99281E-05 9.99281E-05 0.128351 9.99281E-05 9.99281E-05 9.99281E-05 9.99281E-05 9.99281E-05
0.00990847 0.825212 0.0363889 0.00106849 0.108851 9.9964E-05 9.9964E-05 9.9964E-05 0.0181716 9.9964E-05
9.9937E-05 0.853585 9.9937E-05 9.9937E-05 0.0519478 9.9937E-05 9.9937E-05 9.9937E-05 0.0937674 9.9937E-05
9.9937E-05 0.814593 9.9937E-05 9.9937E-05 0.116111 9.9937E-05 9.9937E-05 9.9937E-05 0.0685965 9.9937E-05
0.052263 0.779696 0.0176443 9.9955E-05 0.0618332 9.9955E-05 9.9955E-05 9.9955E-05 0.0880635 9.9955E-05
9.99371E-05 0.898338 9.99371E-05 9.99371E-05 0.0750937 9.99371E-05 9.99371E-05 9.99371E-05 9.99371E-05 0.0258688
9.9955E-05 0.130342 9.9955E-05 0.101576 0.478091 9.9955E-05 0.278796 0.0106952 9.9955E-05 9.9955E-05
0.0648955 0.0279806 0.12528 0.0147232 0.452073 0.105991 0.149083 0.00365202 0.0158842 0.040437
9.9973E-05 0.0409283 0.00683636 0.0380274 0.0500362 0.0887393 0.728351 0.0467815 9.9973E-05 9.9973E-05
0.0877964 0.0720616 0.0708278 0.0305074 0.523569 0.0398982 0.130624 0.0161861 9.9991E-05 0.0284294
9.9964E-05 0.041251 9.9964E-05 0.0169171 0.403629 0.0901466 0.34752 9.9964E-05 9.9964E-05 0.100136
9.9955E-05 0.0566108 9.9955E-05 0.0160647 0.57275 9.9955E-05 0.247742 0.106333 9.9955E-05 9.9955E-05
9.9982E-05 0.0469814 0.000970043 9.9982E-05 0.527417 0.0463325 0.263085 0.0244801 0.0289637 0.0615707
9.9964E-05 0.0156853 0.0464774 9.9964E-05 0.460024 9.9964E-05 0.416163 0.0590255 9.9964E-05 0.00222494
0.0886139 0.0396707 9.9955E-05 0.0184873 9.9955E-05 0.213299 0.63943 9.9955E-05 9.9955E-05 9.9955E-05
0.0095772 0.108444 0.0714597 0.0139184 0.506978 0.124336 0.0418076 0.0238354 0.099543 9.9991E-05
9.9964E-05 0.106144 0.0465096 9.9964E-05 0.61601 0.0469675 0.151563 9.9964E-05 0.0324053 9.9964E-05
0.088534 0.0538425 0.0864529 0.00700778 0.452978 0.135081 0.142135 9.9982E-05 9.9982E-05 0.0337688
9.9946E-05 9.9946E-05 9.9946E-05 9.9946E-05 0.370569 0.0679683 0.505151 9.9946E-05 0.055712 9.9946E-05
9.9955E-05 0.032562 9.9955E-05 9.9955E-05 0.49641 9.9955E-05 0.377725 0.0627123 9.9955E-05 0.0300912
0.0348984 0.018135 9.9982E-05 0.0325726 0.432319 0.114952 0.351652 0.0126776 0.00259349 9.9982E-05
9.9973E-05 9.9973E-05 0.105597 0.007525 0.263937 0.0221883 0.580516 0.00766426 9.9973E-05 0.0122726
9.9955E-05 0.0609271 9.9955E-05 0.0950289 0.399937 9.9955E-05 0.383555 9.9955E-05 9.9955E-05 0.0600519
0.00585809 0.115643 9.9973E-05 0.15255 0.574611 0.0152177 0.106105 9.9973E-05 0.0297152 9.9973E-05
9.9955E-05 9.9955E-05 9.9955E-05 0.128479 0.14609 0.424544 9.9955E-05 0.189432 0.110956 9.9955E-05
0.143705 0.0735985 0.0739062 0.0248865 0.346576 0.24738 9.9982E-05 9.9982E-05 0.00681245 0.0829352
0.00157766 0.111341 0.00110578 0.08986 0.564254 0.116025 9.9982E-05 0.0594422 9.9982E-05 0.056194
9.9973E-05 0.0346955 0.0257283 0.112716 0.519763 9.9973E-05 0.123296 0.0318887 9.9973E-05 0.151613
9.9964E-05 0.0192812 9.9964E-05 0.161586 0.478702 0.263446 9.9964E-05 0.0410785 0.0355063 9.9964E-05
0.0113253 0.0251306 9.9973E-05 0.111164 0.58643 0.165949 0.0475583 9.9973E-05 9.9973E-05 0.0521433
0.110238 0.0334513 9.9964E-05 0.183651 0.442395 0.210067 9.9964E-05 0.0197977 9.9964E-05 9.9964E-05
9.9982E-05 0.0349082 9.9982E-05 0.0557187 0.495005 0.0260875 0.16609 0.136952 0.0436299 0.0414091
0.0558362 9.9991E-05 0.0496815 0.0963984 0.56015 0.0262888 0.00243397 0.100494 0.0185539 0.0900633
9.9973E-05 9.9973E-05 9.9973E-05 0.0390118 0.52443 0.124695 0.0474865 0.0849906 0.0914025 0.0876835
9.9946E-05 9.9946E-05 9.9946E-05 0.216541 0.526928 0.233362 0.0225687 9.9946E-05 9.9946E-05 9.9946E-05
0.113185 9.9973E-05 0.0374163 9.9973E-05 0.551547 0.123457 9.9973E-05 0.0297179 0.0546879 0.0896891
0.0226095 0.0935208 0.00277706 9.9991E-05 0.583936 0.0412971 0.137478 0.0512244 0.0163311 0.0507257
0.0520645 9.9973E-05 0.0624519 0.120698 0.457933 0.192476 0.0991754 0.0149008 9.9973E-05 9.9973E-05
9.9982E-05 0.058251 9.9982E-05 0.0748243 0.599094 0.043058 0.0211055 0.0985218 0.0847571 0.0201888
0.0385341 9.9991E-05 0.070169 0.0816192 0.513254 0.00584494 0.0348459 0.111745 0.0441627 0.0997253
0.00540147 0.0395223 0.00211007 0.0613913 0.279398 0.409352 0.0200353 0.0914265 0.0496538 0.0417092
0.0493217 9.9991E-05 0.0836153 0.064136 0.531792 0.137307 0.00740396 0.0923307 0.0138168 0.020176
0.02426 9.9955E-05 9.9955E-05 0.141138 0.673689 9.9955E-05 9.9955E-05 0.120456 0.0399571 9.9955E-05
9.9982E-05 9.9982E-05 0.0476166 0.304885 0.225299 0.205721 0.0692437 0.0767287 0.049441 0.0208653
0.0490929 9.9973E-05 9.9973E-05 0.0545974 0.0933624 0.362045 0.0986188 0.126419 0.215565 9.9973E-05
0.0330841 0.0217288 0.0207627 0.11991 0.509618 0.0213495 0.126392 9.9991E-05 0.0821112 0.0649436
0.119718 9.9982E-05 0.0478892 0.0661597 0.0169456 0.174231 0.165999 0.351453 0.0574055 9.9982E-05
9.9964E-05 0.0804848 9.9964E-05 0.158352 0.219382 0.418116 0.045445 0.0778206 9.9964E-05 9.9964E-05
9.9955E-05 9.9955E-05 9.9955E-05 0.147105 0.381573 0.283808 0.13356 9.9955E-05 9.9955E-05 0.0534542
0.0565285 0.0254126 9.9973E-05 0.138569 0.294748 0.296132 0.0946354 0.0936732 9.9973E-05 9.9973E-05
9.9973E-05 9.9973E-05 0.0745088 0.219119 0.127268 0.418715 0.0267219 0.0036163 9.9973E-05 0.129751
9.9982E-05 0.05199 0.0227279 0.0864203 0.582909 0.0732724 0.0448614 0.00723905 9.9982E-05 0.13038
9.9982E-05 0.0267697 0.160172 0.123497 0.489824 0.0342822 0.0451462 0.0221497 0.0979596 9.9982E-05
9.9973E-05 9.9973E-05 0.0361557 0.076906 0.499044 0.23077 9.9973E-05 0.0396239 0.0785091 0.0386922
0.000132988 9.9982E-05 9.9982E-05 0.151347 0.128034 0.237703 0.181718 0.0805181 0.160028 0.0603197
0.0276932 0.200009 9.9982E-05 9.9982E-05 0.505973 0.00524213 0.0733227 0.00392013 0.0333135 0.150326
0.016777 9.9982E-05 0.0851589 0.0093142 0.412312 0.0887028 0.119718 9.9982E-05 0.0336872 0.23413
0.0210131 0.0612235 9.9982E-05 0.0375405 9.9982E-05 0.0925584 0.140987 0.134998 0.196563 0.314917
9.9964E-05 0.078225 9.9964E-05 9.9964E-05 0.62591 9.9964E-05 0.0971117 0.114183 0.074116 0.0100551
9.9973E-05 9.9973E-05 9.9973E-05 0.0297551 0.382774 0.0672571 0.190928 0.0494676 0.208821 0.0706977
0.0718052 0.0798723 0.0421527 0.0451787 0.523964 9.9991E-05 0.000723934 0.0266329 0.187586 0.0219839
0.100222 0.0189734 9.9982E-05 9.9982E-05 0.169797 0.0865042 0.137093 0.0904958 0.214781 0.181934
0.0747035 0.0141852 9.9982E-05 9.9982E-05 0.09204 0.22996 0.0684495 0.129402 0.0933812 0.297679
0.0111065 9.9982E-05 9.9982E-05 0.0638096 0.346722 0.105315 0.0495081 0.195235 0.0563208 0.171783
0.0544559 0.0375248 9.9973E-05 0.00739926 0.413588 0.139086 9.9973E-05 9.9973E-05 0.0916141 0.256033
9.9991E-05 0.0687889 0.0939692 0.0345063 0.300868 0.163404 0.0585658 0.091823 0.0207115 0.167264
9.9973E-05 0.01566 0.118854 9.9973E-05 9.9973E-05 0.222738 0.19535 0.0909496 0.166125 0.190024
9.9964E-05 0.098409 0.0166646 9.9964E-05 0.526198 0.150153 9.9964E-05 0.106134 9.9964E-05 0.102041
0.0351512 9.9973E-05 9.9973E-05 9.9973E-05 0.300226 0.110587 0.183999 0.0581955 0.05209 0.259452
9.9964E-05 9.9964E-05 9.9964E-05 9.9964E-05 0.364155 0.183926 0.118184 0.141105 0.0373699 0.154861
0.0233524 0.0901778 0.127061 0.0740032 0.464566 0.00346696 9.9982E-05 0.079087 9.9982E-05 0.138085
9.9973E-05 0.21589 0.270524 9.9973E-05 0.0741584 0.107682 0.0414488 9.9973E-05 0.136199 0.153797
9.9946E-05 0.371097 0.122834 9.9946E-05 9.9946E-05 9.9946E-05 9.9946E-05 9.9946E-05 0.448429 0.0570401
9.9955E-05 0.315602 0.0597599 9.9955E-05 9.9955E-05 9.9955E-05 9.9955E-05 0.0573708 0.498477 0.0682903
0.011247 0.291987 0.238902 9.9973E-05 0.116083 0.0299343 9.9973E-05 9.9973E-05 0.246568 0.064979
9.9955E-05 9.9955E-05 0.00918732 9.9955E-05 0.479165 9.9955E-05 0.0812921 0.0274283 9.9955E-05 0.402427
0.129812 0.016056 0.0511903 9.9991E-05 0.489529 0.0497356 0.08684 0.0801528 0.032115 0.0644699
9.9937E-05 9.9937E-05 0.651727 0.0265926 0.320981 9.9937E-05 9.9937E-05 9.9937E-05 9.9937E-05 9.9937E-05
9.9955E-05 9.9955E-05 0.47732 0.041203 0.189455 0.177418 9.9955E-05 0.114105 9.9955E-05 9.9955E-05
9.9973E-05 0.0466035 0.421689 0.0613237 0.273247 0.0357365 9.9973E-05 0.12143 9.9973E-05 0.0396701
9.9973E-05 0.0036528 0.0117513 9.9973E-05 0.196836 9.9973E-05 0.169614 0.156885 0.0105277 0.450433
0.0043655 0.11036 9.9973E-05 0.110064 0.495917 9.9973E-05 9.9973E-05 0.0891489 0.0525349 0.13731
9.9964E-05 9.9964E-05 0.0148223 9.9964E-05 0.0992039 9.9964E-05 0.0860934 0.185071 0.0476433 0.566766
0.0422951 9.9973E-05 9.9973E-05 9.9973E-05 0.506228 0.081336 0.0940694 0.0344443 0.0371512 0.204176
9.9964E-05 9.9964E-05 9.9964E-05 0.052582 0.405035 0.166445 9.9964E-05 0.112364 0.0304468 0.232727
0.0241031 9.9982E-05 0.018261 9.9982E-05 0.531586 0.0164767 0.0790749 0.0474458 0.0528355 0.230017
9.9964E-05 9.9964E-05 9.9964E-05 9.9964E-05 0.0755873 0.182222 0.128312 0.114512 0.072396 0.426571
0.00301177 9.9982E-05 0.0822583 0.0803734 0.617865 9.9982E-05 0.105889 0.0424508 0.025413 0.0425384
0.0169312 0.002257 0.0382215 9.9991E-05 0.471343 0.0808874 0.0930485 0.0963561 0.0176892 0.183167
0.0299354 9.9946E-05 0.961229 9.9946E-05 9.9946E-05 9.9946E-05 0.00554582 0.0026904 9.9946E-05 9.9946E-05
0.0131514 9.99499E-05 0.904829 0.0394642 0.041956 9.99499E-05 9.99499E-05 9.99499E-05 9.99499E-05 9.99499E-05
9.9973E-05 0.0217473 0.546092 0.095697 0.217405 0.0392079 0.0176028 9.9973E-05 9.9973E-05 0.0619483
0.0432196 9.9946E-05 0.621244 9.9946E-05 0.298683 9.9946E-05 9.9946E-05 0.0362531 9.9946E-05 9.9946E-05
9.9955E-05 0.0169919 0.74884 9.9955E-05 0.0801535 9.9955E-05 0.0484195 9.9955E-05 9.9955E-05 0.105095
9.99201E-05 9.99201E-05 0.999101 9.99201E-05 9.99201E-05 9.99201E-05 9.99201E-05 9.99201E-05 9.99201E-05 9.99201E-05
0.0139265 0.00285225 0.917288 0.0261934 9.9973E-05 0.00619419 0.00837324 9.9973E-05 0.024872 9.9973E-05
9.9928E-05 9.9928E-05 0.819939 9.9928E-05 0.179261 9.9928E-05 9.9928E-05 9.9928E-05 9.9928E-05 9.9928E-05
0.00389272 9.9937E-05 0.980821 9.9937E-05 9.9937E-05 9.9937E-05 0.0145871 9.9937E-05 9.9937E-05 9.9937E-05
9.9928E-05 9.9928E-05 0.987497 9.9928E-05 9.9928E-05 9.9928E-05 9.9928E-05 0.0117036 9.9928E-05 9.9928E-05
9.9928E-05 9.9928E-05 0.9949 9.9928E-05 9.9928E-05 9.9928E-05 9.9928E-05 9.9928E-05 0.0043005 9.9928E-05
9.9964E-05 0.0363933 0.757479 0.0212015 0.166325 0.0106138 9.9964E-05 9.9964E-05 9.9964E-05 0.00758731
0.031321 0.0446332 0.760967 0.00887287 0.102902 9.9964E-05 9.9964E-05 9.9964E-05 0.0509042 9.9964E-05
0.00204902 9.9937E-05 0.956473 9.9937E-05 9.9937E-05 9.9937E-05 0.0407786 9.9937E-05 9.9937E-05 9.9937E-05
0.00686617 9.9973E-05 0.452343 0.0559689 0.360154 0.081466 0.00694941 9.9973E-05 0.0359525 9.9973E-05
9.9973E-05 0.0648452 0.624325 0.0670053 0.190187 0.0428276 9.9973E-05 0.00108471 9.9973E-05 0.00942523
9.9964E-05 0.0149623 0.701506 0.0304287 0.141161 9.9964E-05 9.9964E-05 9.9964E-05 0.0709224 0.0406199
0.0276814 0.0066797 0.89753 9.9955E-05 0.0208224 0.0467869 9.9955E-05 9.9955E-05 9.9955E-05 9.9955E-05
9.9946E-05 9.9946E-05 0.95622 9.9946E-05 0.0188861 9.9946E-05 0.00513951 9.9946E-05 0.0191548 9.9946E-05
9.9946E-05 0.0696143 0.856272 9.9946E-05 0.0578034 9.9946E-05 9.9946E-05 0.0157111 9.9946E-05 9.9946E-05
9.99201E-05 9.99201E-05 0.999101 9.99201E-05 9.99201E-05 9.99201E-05 9.99201E-05 9.99201E-05 9.99201E-05 9.99201E-05
9.9955E-05 0.0516943 0.651134 0.0601202 0.181804 9.9955E-05 9.9955E-05 0.0547482 9.9955E-05 9.9955E-05
9.9937E-05 0.009948 0.91021 9.9937E-05 9.9937E-05 0.0791421 9.9937E-05 9.9937E-05 9.9937E-05 9.9937E-05
9.9955E-05 0.203784 0.0106183 9.9955E-05 9.9955E-05 9.9955E-05 9.9955E-05 0.0500376 0.220157 0.514903
0.044228 0.114896 0.0857097 0.0162165 0.310985 0.119966 9.9982E-05 9.9982E-05 0.069391 0.238408
0.0235089 0.212372 0.0693968 9.9964E-05 0.332773 9.9964E-05 0.0361438 9.9964E-05 9.9964E-05 0.325406
0.0672961 0.0751734 0.125636 9.9982E-05 0.0573297 0.0156606 0.00675373 9.9982E-05 0.313341 0.338609
0.0521748 0.0492779 0.10518 0.019373 0.442988 0.022335 0.0894017 0.00702363 0.112119 0.100127
9.9973E-05 0.183538 0.0735349 9.9973E-05 0.168903 9.9973E-05 0.0417033 0.0529613 0.161298 0.317761
0.114538 0.134428 0.0396119 9.9982E-05 0.455451 0.0747021 0.0515941 0.0187864 9.9982E-05 0.11069
0.0822672 0.0438512 0.167116 9.9964E-05 0.193067 9.9964E-05 9.9964E-05 9.9964E-05 0.146716 0.366583
9.9991E-05 0.110718 0.168795 0.00198399 0.387878 0.027764 0.025342 0.0166486 0.0636419 0.197129
9.9955E-05 0.0905667 0.1899 9.9955E-05 0.223551 9.9955E-05 9.9955E-05 9.9955E-05 0.177566 0.317916
9.9973E-05 0.156923 0.0116563 9.9973E-05 0.444028 0.0758134 9.9973E-05 0.015066 0.0672145 0.228998
0.0703474 0.723622 9.9964E-05 0.049916 0.0416766 9.9964E-05 9.9964E-05 9.9964E-05 0.0589407 0.0550974
9.9955E-05 0.885614 0.0734336 0.016709 9.9955E-05 9.9955E-05 9.9955E-05 0.0112473 0.0124958 9.9955E-05
0.0265622 0.8493 9.9946E-05 0.0281581 9.9946E-05 9.9946E-05 9.9946E-05 9.9946E-05 0.0953801 9.9946E-05
9.9946E-05 0.878399 9.9946E-05 0.0171039 0.0568744 9.9946E-05 9.9946E-05 9.9946E-05 0.0470231 9.9946E-05
9.9955E-05 0.788166 9.9955E-05 0.0664195 0.0237579 0.0295931 9.9955E-05 9.9955E-05 0.091564 9.9955E-05
9.9946E-05 0.846797 0.0822707 9.9946E-05 9.9946E-05 9.9946E-05 9.9946E-05 0.056589 0.0137434 9.9946E-05
0.0267043 0.864268 0.0291035 9.9946E-05 0.0793245 9.9946E-05 9.9946E-05 9.9946E-05 9.9946E-05 9.9946E-05
9.9964E-05 0.867019 9.9964E-05 0.0135578 0.0113998 0.0011573 9.9964E-05 0.0591569 0.0473096 9.9964E-05
9.9955E-05 0.886714 0.00385342 9.9955E-05 0.0553143 9.9955E-05 9.9955E-05 0.0337442 0.0198746 9.9955E-05
9.9955E-05 0.811668 0.0384103 0.0116343 0.0578029 9.9955E-05 9.9955E-05 9.9955E-05 0.0799847 9.9955E-05
0.0971617 0.597093 9.9955E-05 9.9955E-05 9.9955E-05 0.259234 0.0192961 0.0267151 9.9955E-05 9.9955E-05
0.164864 0.543334 9.9955E-05 0.0296651 9.9955E-05 0.235176 9.9955E-05 9.9955E-05 0.026461 9.9955E-05
0.0295888 0.502772 9.9964E-05 0.0403528 9.9964E-05 0.303046 9.9964E-05 0.0661711 0.0576692 9.9964E-05
0.0429148 0.4665 9.9973E-05 0.05857 9.9973E-05 0.344982 0.0260715 0.00104556 9.9973E-05 0.0596162
9.9955E-05 0.113914 0.0247802 0.123818 0.462045 9.9955E-05 0.274943 9.9955E-05 9.9955E-05 9.9955E-05
0.157041 0.0196221 0.0257932 9.9964E-05 0.398081 0.124154 0.274909 9.9964E-05 9.9964E-05 9.9964E-05
0.0970899 9.9982E-05 0.0450589 0.0450789 0.444023 0.0714568 0.138203 0.075075 9.9982E-05 0.0838151
0.0300095 9.9973E-05 9.9973E-05 0.0702205 0.364641 0.232043 0.158862 0.0197414 0.124183 9.9973E-05
9.9973E-05 9.9973E-05 0.040959 0.311059 0.0745457 0.419969 0.0888207 0.0107933 9.9973E-05 0.0535534
9.9973E-05 0.0394771 0.0148187 9.9973E-05 0.596847 0.102106 0.0942579 0.0917649 9.9973E-05 0.0604284
9.9955E-05 9.9955E-05 9.9955E-05 0.0746679 0.592235 9.9955E-05 0.225887 0.0884618 0.0182485 9.9955E-05
0.0434382 9.9973E-05 9.9973E-05 0.078622 0.489649 0.0447744 0.247783 0.0161418 9.9973E-05 0.0792915
0.0165947 9.9973E-05 0.0475168 0.00707544 0.307647 9.9973E-05 0.50625 0.0113442 9.9973E-05 0.103271
9.9973E-05 9.9973E-05 0.0327851 0.13075 0.535767 0.0124633 0.153854 0.130434 9.9973E-05 0.00364668
0.0527506 0.000548508 9.9982E-05 0.0648763 0.383472 0.054407 0.342451 0.0428376 9.9982E-05 0.058457
0.000664316 0.00995118 9.9964E-05 0.0681464 9.9964E-05 0.0163281 0.676674 0.227837 9.9964E-05 9.9964E-05
0.0766703 0.0636379 0.0200121 9.9991E-05 0.443462 0.186177 0.114842 0.0658212 0.0181579 0.01112
0.0186579 9.9973E-05 9.9973E-05 9.9973E-05 0.250092 0.0353953 0.465437 0.121277 0.078794 0.0300456
0.0503682 9.9964E-05 9.9964E-05 0.0333312 0.557049 9.9964E-05 0.300129 0.0321358 9.9964E-05 0.0265866
0.0403873 0.013767 9.9964E-05 0.0725116 0.146365 0.12997 0.596599 9.9964E-05 9.9964E-05 9.9964E-05
0.84538 0.0269765 9.9955E-05 0.0805416 9.9955E-05 9.9955E-05 0.0323228 9.9955E-05 9.9955E-05 0.0142792
0.999101 9.99201E-05 9.99201E-05 9.99201E-05 9.99201E-05 9.99201E-05 9.99201E-05 9.99201E-05 9.99201E-05 9.99201E-05
0.999101 9.99201E-05 9.99201E-05 9.99201E-05 9.99201E-05 9.99201E-05 9.99201E-05 9.99201E-05 9.99201E-05 9.99201E-05
0.882386 0.0410349 9.9946E-05 0.0617724 9.9946E-05 9.9946E-05 0.0142069 9.9946E-05 9.9946E-05 9.9946E-05
0.926249 9.9928E-05 9.9928E-05 9.9928E-05 9.9928E-05 0.0729517 9.9928E-05 9.9928E-05 9.9928E-05 9.9928E-05
0.921372 9.9937E-05 9.9937E-05 0.0201565 0.0577718 9.9937E-05 9.9937E-05 9.9937E-05 9.9937E-05 9.9937E-05
9.9955E-05 0.83061 0.0243456 9.9955E-05 0.102762 9.9955E-05 9.9955E-05 0.000891398 0.0408912 9.9955E-05
0.00795214 0.783019 0.0185145 0.0549444 0.1056 9.9964E-05 9.9964E-05 9.9964E-05 0.02957 9.9964E-05
0.0314125 0.706946 0.129806 9.9964E-05 0.108174 0.0155749 9.9964E-05 9.9964E-05 9.9964E-05 0.00768674
9.9964E-05 0.68095 0.0863035 0.021909 0.0722723 0.105569 9.9964E-05 9.9964E-05 0.0325958 9.9964E-05
9.9955E-05 0.770621 0.0616763 9.9955E-05 0.0852247 9.9955E-05 9.9955E-05 9.9955E-05 0.0112548 0.0707236
0.197884 0.376655 9.9955E-05 0.31455 9.9955E-05 0.0866624 9.9955E-05 9.9955E-05 9.9955E-05 0.0237496
0.275289 0.433435 9.9982E-05 0.152149 9.9982E-05 0.0630733 0.0445494 0.0111065 0.00210045 0.0180975
0.274784 0.39319 9.9964E-05 0.114771 9.9964E-05 0.0445835 0.0790617 0.0932103 9.9964E-05 9.9964E-05
9.9937E-05 0.801816 9.9937E-05 9.9937E-05 0.146971 0.0505133 9.9937E-05 9.9937E-05 9.9937E-05 9.9937E-05
0.358486 0.341473 9.9946E-05 0.20208 9.9946E-05 9.9946E-05 0.0973617 9.9946E-05 9.9946E-05 9.9946E-05
9.9973E-05 0.150376 0.295833 9.9973E-05 0.302763 0.000212861 9.9973E-05 0.0475183 0.19535 0.00764659
9.9973E-05 0.121392 0.187999 0.0260822 0.504363 0.104266 0.0399397 0.0156578 9.9973E-05 9.9973E-05
0.0470564 0.205475 0.257381 9.9955E-05 0.483847 0.00573977 9.9955E-05 9.9955E-05 9.9955E-05 9.9955E-05
0.114136 0.178242 0.177227 9.9982E-05 0.355848 9.9982E-05 0.00488208 0.0121049 0.139757 0.0176037
9.9964E-05 0.137838 0.182839 0.0753948 0.421819 9.9964E-05 0.0947841 9.9964E-05 9.9964E-05 0.0869249
0.0174593 0.325711 0.238799 9.9964E-05 9.9964E-05 9.9964E-05 9.9964E-05 0.0185992 0.354619 0.0444134
0.0760561 9.9964E-05 9.9964E-05 0.0894568 0.393123 0.292107 0.115453 0.0334045 9.9964E-05 9.9964E-05
9.9973E-05 9.9973E-05 9.9973E-05 0.112379 0.306951 0.1853 0.0660815 0.178223 0.0718422 0.0789233
0.0528854 0.101414 9.9964E-05 0.0614817 0.212708 0.550557 9.9964E-05 0.0205546 9.9964E-05 9.9964E-05
0.0546013 9.9982E-05 0.0106665 0.0635417 0.467484 0.019389 0.126044 0.255848 0.00222553 9.9982E-05
0.0290123 9.9955E-05 9.9955E-05 9.9955E-05 9.9955E-05 0.189227 0.20211 0.418306 0.160845 9.9955E-05
0.0365335 0.0182349 0.0563705 0.0303837 0.467532 0.20537 0.0226595 0.0234251 0.139391 9.9991E-05
0.0465997 0.0138587 9.9982E-05 0.0646789 0.443924 0.189631 9.9982E-05 0.135612 0.050824 0.0546718
0.0146837 0.0145092 9.9973E-05 0.17546 0.29225 0.389716 0.0908527 9.9973E-05 0.0222279 9.9973E-05
0.0132298 0.108811 0.00843502 0.118608 0.440858 0.125171 9.9982E-05 0.0603488 9.9982E-05 0.124339
9.9955E-05 9.9955E-05 9.9955E-05 9.9955E-05 9.9955E-05 0.554987 0.0823899 0.190185 0.153335 0.018604
0.0856856 9.9982E-05 0.0576486 0.0357591 0.350336 0.146117 0.0891683 0.187954 0.0471314 9.9982E-05
0.0750642 9.9982E-05 0.00127102 0.135084 0.476705 0.176759 0.0509284 0.0340127 9.9982E-05 0.0499754
9.9991E-05 0.124427 0.168302 0.0858747 0.351855 0.0611709 0.0911738 0.0366932 0.0163163 0.064088
0.00472357 9.9973E-05 9.9973E-05 0.0915571 0.323325 0.320768 9.9973E-05 0.212867 0.0442706 0.00218951
0.0818414 0.0514474 9.9973E-05 0.0460988 0.460843 0.240618 0.00932128 0.109531 9.9973E-05 9.9973E-05
0.0393138 9.9991E-05 0.0924055 0.0197562 0.39795 0.127731 0.0522503 0.110225 0.0273825 0.132885
0.052714 0.0213666 9.9982E-05 0.101994 0.536414 0.106815 0.105765 0.06284 0.0118915 9.9982E-05
9.9964E-05 9.9964E-05 0.0628001 0.0963769 0.511278 0.0818212 0.0473418 0.199982 9.9964E-05 9.9964E-05
0.021535 0.119568 9.9982E-05 0.00158082 0.54366 0.126958 0.056012 0.0750789 9.9982E-05 0.0554065
0.0144904 0.034831 0.011739 0.136536 0.556085 0.0747143 0.0300777 9.9982E-05 0.141326 9.9982E-05
0.00456178 0.727836 0.132844 0.028903 0.105356 9.9955E-05 9.9955E-05 9.9955E-05 9.9955E-05 9.9955E-05
9.9955E-05 0.801771 0.0534193 9.9955E-05 0.0597129 9.9955E-05 9.9955E-05 0.052308 9.9955E-05 0.0322887
0.00996065 0.753907 0.022957 0.0422789 0.0645533 9.9982E-05 0.0127849 9.9982E-05 0.00212759 0.0912308
0.0737234 0.739138 0.0540228 9.9964E-05 0.0147628 9.9964E-05 0.0330263 0.0849267 9.9964E-05 9.9964E-05
9.9946E-05 0.827276 0.0108197 9.9946E-05 0.122669 9.9946E-05 9.9946E-05 9.9946E-05 9.9946E-05 0.0386359
0.057233 0.0140898 9.9964E-05 0.118491 0.141879 0.629083 9.9964E-05 9.9964E-05 0.0388242 9.9964E-05
9.9982E-05 9.9982E-05 0.0822646 0.0548338 0.509092 0.115121 0.0354864 0.102738 0.0529889 0.0472755
0.00631407 0.189567 0.16691 0.049111 0.347263 9.9991E-05 0.0466722 0.108181 0.0208372 0.0650459
9.9964E-05 9.9964E-05 0.0392534 0.052946 0.59838 0.175683 9.9964E-05 0.0724482 0.0608894 9.9964E-05
0.0316132 0.0259215 9.9973E-05 0.0778079 0.495336 0.200258 0.16689 0.00187385 9.9973E-05 9.9973E-05
9.9973E-05 9.9973E-05 0.0187669 0.148967 0.26873 0.164457 9.9973E-05 0.156079 0.169467 0.0732324
9.9955E-05 0.127477 9.9955E-05 0.186069 9.9955E-05 0.538346 0.0706222 9.9955E-05 0.0769855 9.9955E-05
0.100055 9.9973E-05 0.0126835 0.163682 0.478287 0.136386 0.0746963 9.9973E-05 0.033911 9.9973E-05
0.0728256 0.0634921 0.0603239 0.230252 0.0774312 0.333893 9.9973E-05 0.161483 9.9973E-05 9.9973E-05
0.0579504 0.0336673 0.0413494 0.0365285 0.40438 9.9982E-05 0.115184 0.209462 9.9982E-05 0.101279
0.0442662 0.0999348 9.9973E-05 0.194407 0.0623084 0.506662 9.9973E-05 0.0717463 0.0203756 9.9973E-05
0.0453223 0.0624473 0.0207859 0.0933739 0.544537 0.0990429 9.9982E-05 9.9982E-05 0.0913475 0.0429432
9.9955E-05 0.0889053 9.9955E-05 0.232315 0.132568 0.475414 9.9955E-05 0.0702981 9.9955E-05 9.9955E-05
9.9982E-05 9.9982E-05 0.111111 0.0906691 0.190748 0.30915 0.103712 0.104482 0.0698516 0.0200774
0.0117908 0.0953033 0.00761812 9.9982E-05 0.539988 0.0584393 0.0402986 0.0782002 9.9982E-05 0.168162
0.084832 9.9982E-05 0.0409874 0.0485077 0.122386 0.0542457 9.9982E-05 0.148101 0.00723737 0.493503
0.0484219 0.0333848 0.00492988 9.9973E-05 0.377997 0.161072 9.9973E-05 0.0127593 9.9973E-05 0.361135
0.0157942 0.070118 0.010482 9.9982E-05 0.518657 0.143247 9.9982E-05 0.0100507 0.00802789 0.223423
0.0294292 9.9964E-05 9.9964E-05 9.9964E-05 0.25076 0.0232977 0.0298014 0.0406398 9.9964E-05 0.625672
9.9973E-05 0.0285895 0.217747 9.9973E-05 0.240114 0.129657 0.174919 0.10551 9.9973E-05 0.103162
0.053467 9.9973E-05 9.9973E-05 0.0557419 0.519427 9.9973E-05 0.0018886 0.0385767 0.0867323 0.243867
0.00731203 9.9964E-05 9.9964E-05 0.038004 9.9964E-05 9.9964E-05 0.0872195 0.205425 0.0186899 0.64295
0.0446148 9.9964E-05 9.9964E-05 9.9964E-05 0.107847 9.9964E-05 0.0044561 0.102294 0.100601 0.639787
0.021425 9.9964E-05 9.9964E-05 0.0891906 0.343629 9.9964E-05 9.9964E-05 0.0835433 0.0292081 0.432604
0.010956 9.9973E-05 9.9973E-05 0.0461007 0.0531507 0.053377 0.15183 0.106424 9.9973E-05 0.577862
0.0205572 9.9973E-05 9.9973E-05 0.0359834 0.351383 0.0677596 0.095514 9.9973E-05 0.0291444 0.399358
0.0353257 9.9973E-05 9.9973E-05 0.29054 0.0982379 0.44843 0.0413515 0.0616907 0.0241244 9.9973E-05
0.0577479 9.9973E-05 9.9973E-05 0.132043 0.215622 0.199112 0.0457629 0.319526 0.0298866 9.9973E-05
9.9973E-05 0.0425356 0.0379618 0.227558 0.33052 0.193438 0.100071 0.067617 9.9973E-05 9.9973E-05
0.0462553 9.9973E-05 0.0178582 0.084789 0.647133 0.111748 0.0533153 9.9973E-05 0.0386008 9.9973E-05
0.0323534 9.9973E-05 9.9973E-05 0.2081 0.203198 0.42445 0.0816283 0.0338953 9.9973E-05 0.0160748
0.104233 0.0467688 0.0906907 0.0697801 0.320662 0.144065 0.0201558 0.166622 9.9991E-05 0.0369229
0.0102789 0.0231318 9.9982E-05 0.109605 0.615492 0.0476927 9.9982E-05 0.0357772 0.154462 0.00336021
0.00276659 9.9982E-05 0.00668615 0.185065 0.529109 0.122016 0.0414801 0.0794969 0.0331804 9.9982E-05
0.118442 9.9991E-05 0.122915 0.130901 0.356223 0.198531 0.00602468 0.0488017 0.0151195 0.0029419
0.0816275 9.9973E-05 0.0212505 0.139536 0.411148 0.165092 0.142151 9.9973E-05 9.9973E-05 0.0388955
0.0460379 9.9964E-05 0.0806053 0.207163 0.185927 0.455752 0.0241147 9.9964E-05 9.9964E-05 9.9964E-05
0.070171 9.9982E-05 0.0982395 0.21908 0.243913 0.185515 0.0909437 0.0657108 9.9982E-05 0.0262269
9.9973E-05 9.9973E-05 9.9973E-05 0.121317 0.549075 0.120482 0.0470212 0.104531 0.026209 0.0310648
0.0300079 9.9982E-05 9.9982E-05 0.0408942 0.580831 0.145648 0.0124346 0.0202883 0.093343 0.0763536
0.0727616 0.0172232 0.0197883 0.151039 0.34263 0.103102 0.123057 0.0927993 0.0775005 9.9991E-05
0.0071816 9.9991E-05 0.0209656 0.176272 0.506691 0.0748655 0.0142919 0.099981 0.0477622 0.0518897
9.9964E-05 0.0117012 9.9964E-05 0.281877 0.365386 0.219351 9.9964E-05 9.9964E-05 0.085502 0.0357835
9.9964E-05 0.0489353 9.9964E-05 0.10924 0.608142 0.127428 0.101875 9.9964E-05 0.00397971 9.9964E-05
9.9964E-05 0.0623613 0.0562388 0.0790064 0.437254 0.325998 9.9964E-05 9.9964E-05 9.9964E-05 0.038741
0.0457633 0.113056 0.0720858 0.041254 0.405501 0.240864 9.9973E-05 0.0811762 9.9973E-05 9.9973E-05
9.9964E-05 0.298853 0.0771006 9.9964E-05 0.453955 0.0766371 9.9964E-05 9.9964E-05 0.0664674 0.0265865
9.9973E-05 0.1023 0.21604 9.9973E-05 0.349185 0.141601 0.0367428 0.0380263 0.115805 9.9973E-05
9.9964E-05 0.146654 0.138005 0.124088 0.451961 0.0370504 9.9964E-05 9.9964E-05 9.9964E-05 0.101842
0.0891038 9.9973E-05 0.108139 9.9973E-05 0.576482 0.0706154 9.9973E-05 0.0717552 0.0480079 0.0355966
9.9973E-05 0.200761 0.163386 9.9973E-05 0.483236 0.0666297 0.0231278 0.0301417 0.0324176 9.9973E-05
0.0738578 9.9964E-05 9.9964E-05 9.9964E-05 0.420466 0.181989 9.9964E-05 0.188362 0.0753178 0.0596081
9.9964E-05 0.13358 0.0922489 9.9964E-05 0.518637 0.0811649 0.00731701 9.9964E-05 0.166652 9.9964E-05
9.9982E-05 0.170328 0.0710123 9.9982E-05 0.000813405 0.18426 0.0908742 0.0468055 0.324919 0.110788
9.9982E-05 0.064295 0.15324 0.0601502 0.477741 0.115182 0.0451907 9.9982E-05 0.0553095 0.0286921
9.9982E-05 0.0338475 0.0369829 0.0593203 0.596185 9.9982E-05 0.034311 0.0476605 0.172491 0.019001
0.036495 0.0561491 0.167194 9.9982E-05 0.490218 0.102167 9.9982E-05 0.102494 0.00124101 0.0438416
0.0590209 0.0655862 0.090718 9.9982E-05 0.206147 0.189322 0.107601 9.9982E-05 0.256301 0.025103
9.9955E-05 0.164281 0.0467535 9.9955E-05 0.549908 9.9955E-05 9.9955E-05 9.9955E-05 0.18117 0.0573876
9.9982E-05 0.0815779 0.144062 0.01157 0.515066 0.0974538 9.9982E-05 0.0707127 0.0222551 0.0571024
9.9955E-05 0.317359 0.133942 9.9955E-05 9.9955E-05 0.0146305 9.9955E-05 0.0218032 0.511766 9.9955E-05
9.99675E-05 0.217143 0.103443 0.0281166 0.545563 0.000700915 9.99675E-05 9.99675E-05 0.104634 9.99675E-05
0.0176578 0.172216 0.159699 0.0466272 0.487789 9.9973E-05 9.9973E-05 0.0758404 0.0398701 9.9973E-05
0.0618401 0.0716153 0.160261 9.9982E-05 0.487592 0.0805686 0.0737794 0.012425 9.9982E-05 0.0517187
0.0197495 0.0956916 0.129167 9.9955E-05 0.573236 9.9955E-05 9.9955E-05 9.9955E-05 0.181656 9.9955E-05
9.9991E-05 0.153965 0.0875174 0.0592774 0.510217 0.000612613 0.0198819 0.0197561 0.0542509 0.0944222
0.0678803 9.9946E-05 0.113244 9.9946E-05 0.424046 9.9946E-05 9.9946E-05 0.39423 9.9946E-05 9.9946E-05
9.9982E-05 0.0887445 0.0375393 0.00787561 0.49199 0.0358604 9.9982E-05 0.153734 0.0339393 0.150117
9.9955E-05 9.9955E-05 9.9955E-05 0.0431 9.9955E-05 0.0873107 0.0270406 0.799109 9.9955E-05 0.0429396
9.99459E-05 0.00460186 9.99459E-05 0.0796792 9.99459E-05 9.99459E-05 9.99459E-05 0.881305 9.99459E-05 0.0338144
9.9973E-05 0.0833575 0.0187449 9.9973E-05 0.415295 0.102092 0.0520316 0.2624 0.0657792 9.9973E-05
0.00984373 0.00629556 0.256081 9.9973E-05 0.418816 9.9973E-05 9.9973E-05 0.0869148 0.214396 0.00735293
9.9955E-05 0.0716989 0.250384 9.9955E-05 0.367062 9.9955E-05 9.9955E-05 0.153159 0.157196 9.9955E-05
9.9973E-05 0.10125 0.254799 9.9973E-05 0.190674 0.0549589 9.9973E-05 0.148942 0.226723 0.0223533
9.9964E-05 0.0966494 0.202483 9.9964E-05 0.362088 0.0357177 9.9964E-05 0.151792 0.15087 9.9964E-05
0.0796718 0.0479419 0.0282249 9.9964E-05 0.0636129 9.9964E-05 9.9964E-05 0.631012 0.149136 9.9964E-05
9.9955E-05 0.0370692 0.0449529 9.9955E-05 0.184949 9.9955E-05 9.9955E-05 0.565024 0.167504 9.9955E-05
0.0871778 9.9946E-05 0.13557 9.9946E-05 0.461214 9.9946E-05 9.9946E-05 0.315438 9.9946E-05 9.9946E-05
9.9955E-05 0.0609851 0.051344 9.9955E-05 0.416665 9.9955E-05 0.0387483 0.431757 9.9955E-05 9.9955E-05
9.9955E-05 0.0517857 0.0774864 9.9955E-05 0.216857 9.9955E-05 9.9955E-05 0.606647 0.0467246 9.9955E-05
9.9964E-05 0.0371656 0.127069 9.9964E-05 0.475135 0.0597788 0.000781337 0.29967 9.9964E-05 9.9964E-05
9.9964E-05 9.9964E-05 0.0399664 0.0677314 0.52477 0.0359339 9.9964E-05 0.311769 0.0194291 9.9964E-05
0.050135 0.134876 0.102994 0.0530495 0.426278 9.9973E-05 9.9973E-05 0.167093 9.9973E-05 0.0652746
0.0417388 9.9973E-05 9.9973E-05 0.0629538 0.299389 0.0302675 0.0251396 0.521447 9.9973E-05 0.0187645
9.9973E-05 9.9973E-05 0.0367384 0.0363653 0.251834 0.150014 0.022114 0.485675 9.9973E-05 0.0169592
0.0148327 0.0375848 0.0312353 9.9973E-05 0.48663 9.9973E-05 0.106814 0.280743 9.9973E-05 0.0418601
0.027139 0.0468033 0.0473221 0.0920764 0.327215 9.9973E-05 0.044221 0.414923 9.9973E-05 9.9973E-05
9.9982E-05 0.125054 9.9982E-05 0.0573723 0.458641 0.0348806 0.00938984 0.152767 0.0689096 0.0927852
9.9964E-05 9.9964E-05 9.9964E-05 9.9964E-05 0.436415 0.0440639 0.0135053 0.361369 0.0413167 0.102931
0.0688441 9.9946E-05 9.9946E-05 9.9946E-05 0.198976 9.9946E-05 9.9946E-05 0.695055 9.9946E-05 0.0365247
9.9964E-05 0.0330191 0.00390922 9.9964E-05 0.520251 9.9964E-05 0.02288 0.34885 9.9964E-05 0.0706907
0.00172801 9.99549E-05 9.99549E-05 9.99549E-05 0.271944 0.060725 0.00284047 0.662263 9.99549E-05 9.99549E-05
0.00350209 0.030319 9.99549E-05 9.99549E-05 0.35426 9.99549E-05 9.99549E-05 0.527918 9.99549E-05 0.0835018
0.0148158 0.0746468 9.9973E-05 0.0358453 0.537674 9.9973E-05 0.0874142 0.215102 9.9973E-05 0.0342026
0.0345258 0.0350401 9.9973E-05 0.00707626 0.494476 9.9973E-05 9.9973E-05 0.356216 0.011162 0.0612046
9.9982E-05 0.101518 0.0908765 9.9982E-05 0.558157 0.0307841 0.00890355 0.136841 0.0383057 0.034415
0.107379 0.162802 0.0394836 0.0217021 0.478473 0.017699 9.9982E-05 0.155359 9.9982E-05 0.0169018
9.9991E-05 0.111491 0.240663 0.0600679 0.286509 0.00317675 0.0564256 0.0581701 0.11975 0.0636458
9.9982E-05 0.092411 0.29536 0.0328705 0.209488 0.14554 9.9982E-05 0.0228252 0.0212036 0.180102
0.0311039 0.22431 0.0199549 0.0282276 0.495746 0.0648302 9.9991E-05 0.0467568 0.0695694 0.0194005
9.9991E-05 0.0751429 0.181515 0.0619558 0.349357 0.0809713 0.0730403 0.0911462 0.0436751 0.0430963
0.0440992 0.153613 0.126535 9.9955E-05 9.9955E-05 9.9955E-05 9.9955E-05 0.606003 0.0692498 9.9955E-05
0.0396482 0.0651036 0.164433 9.9973E-05 0.549542 9.9973E-05 9.9973E-05 0.0885037 0.0169797 0.0754906
9.9946E-05 0.316987 0.0824207 9.9946E-05 9.9946E-05 9.9946E-05 9.9946E-05 0.389233 0.210759 9.9946E-05
9.9946E-05 0.0482052 0.13829 9.9946E-05 0.515491 9.9946E-05 9.9946E-05 0.297414 9.9946E-05 9.9946E-05
9.9946E-05 9.9946E-05 9.9946E-05 9.9946E-05 0.103201 9.9946E-05 0.0743978 0.805023 9.9946E-05 0.0167785
9.9955E-05 0.00312537 9.9955E-05 0.0192608 9.9955E-05 0.0689086 0.0766527 0.831553 9.9955E-05 9.9955E-05
9.9946E-05 9.9946E-05 9.9946E-05 0.0318851 0.436032 9.9946E-05 0.0922036 0.439279 9.9946E-05 9.9946E-05
