0.0151047 9.9973E-05 0.858199 0.0176171 9.9973E-05 0.0674187 0.0413605 9.9973E-05
0.00395359 0.0428656 0.925142 0.00792987 9.9973E-05 9.9973E-05 0.019809 9.9973E-05
0.00847466 9.9973E-05 0.810789 0.027032 0.135144 0.0182597 9.9973E-05 9.9973E-05
9.9973E-05 0.00872621 0.790909 9.9973E-05 0.0378235 0.0744929 0.087748 9.9973E-05
9.999E-05 0.0254025 0.864174 0.0131951 0.00267399 0.0533718 0.0203304 0.0207523
9.9982E-05 0.0233594 0.62057 9.9982E-05 0.00322195 0.0569732 0.0399364 0.255739
9.9946E-05 9.9946E-05 0.786362 9.9946E-05 9.9946E-05 9.9946E-05 9.9946E-05 0.213039
9.9964E-05 9.9964E-05 0.732397 9.9964E-05 9.9964E-05 0.00942465 0.0688107 0.188967
0.0368099 9.99639E-05 0.763698 0.114503 9.99639E-05 9.99639E-05 0.0845889 9.99639E-05
9.9973E-05 0.0534356 0.680947 9.9973E-05 0.0403319 0.0708185 9.9973E-05 0.154167
9.9955E-05 9.9955E-05 0.713705 9.9955E-05 9.9955E-05 9.9955E-05 0.0437545 0.242041
0.217516 9.9982E-05 0.00371115 0.0353194 0.310795 9.9982E-05 0.383163 0.0492958
9.9955E-05 9.9955E-05 9.9955E-05 0.0884666 0.578089 9.9955E-05 0.332945 9.9955E-05
0.0709182 0.0705164 9.9982E-05 0.106067 0.244646 0.0601325 0.44752 9.9982E-05
0.0695058 0.0236172 0.0162584 0.0911666 0.339019 0.111714 0.324465 0.0242541
0.0636118 0.0411248 0.0732815 0.128504 0.371554 0.11454 0.207284 9.9991E-05
0.0294762 0.0818156 0.0581707 0.0103968 0.521331 0.136126 0.124411 0.038272
0.104948 9.9991E-05 0.0196308 0.0371184 0.368913 0.0876912 0.245052 0.136547
0.0696511 9.9982E-05 0.115233 0.0572153 0.335971 0.0794732 0.342256 9.9982E-05
0.10594 0.0769224 0.0625301 9.9982E-05 9.9982E-05 0.0604929 0.62278 0.0711355
0.152555 9.9982E-05 0.038681 0.0289352 0.510379 0.00429797 0.264952 9.9982E-05
0.13297 0.0912839 9.9991E-05 0.0945691 0.360294 0.0711396 0.204494 0.0451499
0.0557747 0.0507521 0.0997874 9.9991E-05 0.590357 0.0415126 0.102903 0.0588142
0.246261 0.00795976 0.0101225 0.0152144 0.247879 0.127885 0.337912 0.00676555
9.9982E-05 0.0644229 0.0397481 9.9982E-05 0.642081 0.0759693 0.103169 0.074409
0.0389226 9.9973E-05 0.0226052 0.0979983 0.658264 9.9973E-05 0.18191 9.9973E-05
0.221076 9.9973E-05 0.0439552 9.9973E-05 0.157369 0.104586 0.472713 9.9973E-05
0.121644 9.9973E-05 9.9973E-05 0.100925 0.198159 0.16919 0.409781 9.9973E-05
0.172219 0.147018 0.0331345 0.0449671 0.229115 9.9991E-05 0.344767 0.0286807
9.9955E-05 9.9955E-05 0.834332 9.9955E-05 0.0694139 0.0957545 9.9955E-05 9.9955E-05
9.9955E-05 9.9955E-05 0.841159 9.9955E-05 0.137223 0.0211183 9.9955E-05 9.9955E-05
9.9982E-05 0.00241898 0.758652 0.0559425 0.114457 0.0520727 0.016257 9.9982E-05
0.0111961 9.9973E-05 0.729199 0.0464872 0.140731 0.0720863 9.9973E-05 9.9973E-05
0.125367 0.0749592 0.0302687 9.9982E-05 0.610722 9.9982E-05 0.0337932 0.12469
0.288278 0.0306148 0.0648947 9.9982E-05 0.455999 0.0292908 0.130723 9.9982E-05
0.257095 0.0713982 0.0706298 9.9973E-05 0.551455 9.9973E-05 9.9973E-05 0.0491217
0.180312 9.9973E-05 0.0916798 0.0445114 0.145889 9.9973E-05 0.537308 9.9973E-05
0.522493 0.0366719 0.069584 9.9973E-05 0.30729 0.0636614 9.9973E-05 9.9973E-05
0.250072 0.0118545 0.0551265 9.9982E-05 0.444089 0.0546992 0.183958 9.9982E-05
0.151113 9.9973E-05 9.9973E-05 0.0285354 0.605042 0.0497142 9.9973E-05 0.165295
9.9973E-05 0.0511312 0.0825847 9.9973E-05 0.561046 0.00191159 9.9973E-05 0.303027
0.133236 0.0221369 0.0775714 9.9982E-05 0.55551 0.0471601 9.9982E-05 0.164186
0.571519 9.9973E-05 0.0881695 0.0302547 0.17492 9.9973E-05 0.134837 9.9973E-05
0.0621167 9.9982E-05 9.9982E-05 0.0962142 0.525387 0.0468812 0.021239 0.247962
0.233153 9.9982E-05 0.0628431 0.0550547 0.579626 0.0438842 9.9982E-05 0.0252389
0.114072 0.0343056 0.0810296 0.0619074 0.457858 0.139358 0.0415507 0.0699177
0.591442 0.076914 9.9955E-05 9.9955E-05 0.331144 9.9955E-05 9.9955E-05 9.9955E-05
0.195547 9.9973E-05 0.0388772 9.9973E-05 0.719717 9.9973E-05 0.0224879 0.0230711
0.230503 9.9982E-05 0.17213 0.0463409 0.489755 0.055837 0.00523358 9.9982E-05
0.768212 9.9964E-05 0.0438861 0.183749 9.9964E-05 9.9964E-05 9.9964E-05 0.00375296
0.342884 9.9973E-05 9.9973E-05 0.0885064 0.119286 9.9973E-05 0.38721 0.0618139
0.310508 0.063385 9.9982E-05 0.270617 0.0742172 9.9982E-05 0.236429 0.0446438
0.0807121 0.0435576 9.9991E-05 0.0546344 0.478109 0.133059 0.162202 0.0476264
0.00762435 0.150612 0.0667349 0.0944838 0.647911 0.0236154 9.9991E-05 0.008919
9.9991E-05 0.118862 0.00705082 0.0348818 0.577589 0.0906421 0.0790157 0.0918589
0.207857 0.121613 0.104695 0.0367275 0.169043 9.9991E-05 0.332919 0.027046
9.9964E-05 0.0622861 9.9964E-05 0.1157 0.535546 9.9964E-05 0.286068 9.9964E-05
0.00649316 9.9991E-05 0.0392565 0.10317 0.657268 0.0246133 0.0801271 0.0889715
0.110269 0.100329 0.0967004 0.0381991 0.324042 0.0546387 0.176143 0.0996794
0.130953 0.00487588 0.123828 0.187429 0.12522 0.0263423 0.307153 0.0941988
0.0987527 0.114027 0.0830379 0.014526 0.489814 0.0255875 0.136123 0.0381314
0.0867033 0.110149 0.0250857 0.182602 0.381447 9.9982E-05 0.213812 9.9982E-05
0.31358 0.0136981 0.0359601 0.109489 0.0161021 9.9991E-05 0.450104 0.060967
0.156085 0.0377509 9.9973E-05 0.090066 0.486004 9.9973E-05 0.229794 9.9973E-05
0.0708047 0.168316 9.9982E-05 0.0739645 0.595424 9.9982E-05 0.00302309 0.088268
0.0724674 0.0190505 0.00294317 0.0883344 0.461254 0.121775 0.18389 0.0502849
0.17809 0.0719841 9.9982E-05 0.152575 0.358315 0.0166665 0.222169 9.9982E-05
0.187226 0.0520611 9.9982E-05 0.0833131 0.430916 0.0238616 0.222423 9.9982E-05
0.0958057 0.0486592 0.113435 0.0346277 0.599238 0.00153454 0.0864812 0.0202181
0.202911 0.0608644 9.9982E-05 0.128353 0.209343 9.9982E-05 0.379517 0.0188109
0.387863 9.9964E-05 9.9964E-05 9.9964E-05 0.559689 9.9964E-05 0.0159687 0.0360796
0.689237 9.9973E-05 0.0162109 9.9973E-05 0.188759 9.9973E-05 0.06543 0.0400629
0.211033 0.0216942 0.0443888 0.127644 0.447119 0.0299352 0.118085 9.9991E-05
0.917404 9.9964E-05 9.9964E-05 0.0297919 9.9964E-05 0.00946933 9.9964E-05 0.0429345
0.812175 0.102533 9.9964E-05 0.0176097 9.9964E-05 9.9964E-05 9.9964E-05 0.0672828
0.702137 9.9973E-05 9.9973E-05 0.00089018 0.27214 0.015018 0.00951458 9.9973E-05
0.393524 9.9973E-05 9.9973E-05 0.00709035 0.480233 9.9973E-05 0.0792346 0.0396181
0.172474 0.0832408 0.136769 0.0401707 0.532287 0.0247644 0.0101936 9.9991E-05
0.352059 0.0205316 9.9973E-05 0.0966489 0.501956 9.9973E-05 0.0285053 9.9973E-05
0.596131 9.9973E-05 0.0216144 9.9973E-05 0.112084 0.0743693 0.195501 9.9973E-05
0.507619 9.9964E-05 0.0217273 9.9964E-05 0.28752 9.9964E-05 0.182735 9.9964E-05
0.21862 0.0661103 9.9982E-05 9.9982E-05 0.5327 0.104723 0.0125723 0.0650746
0.54418 9.9973E-05 0.0304887 9.9973E-05 0.297005 9.9973E-05 0.109494 0.0185322
0.346225 9.9964E-05 0.0909027 9.9964E-05 0.452339 9.9964E-05 9.9964E-05 0.110133
0.565218 0.0746195 9.9964E-05 0.00901919 0.350743 9.9964E-05 9.9964E-05 9.9964E-05
0.739239 0.134809 9.9964E-05 0.118378 9.9964E-05 0.00717407 9.9964E-05 9.9964E-05
0.248916 9.9982E-05 0.0373055 0.0316832 0.57468 0.0702539 0.0369621 9.9982E-05
0.00517534 9.9973E-05 0.774685 9.9973E-05 0.0811298 0.065178 0.0735322 9.9973E-05
9.9946E-05 9.9946E-05 0.893692 9.9946E-05 0.105708 9.9946E-05 9.9946E-05 9.9946E-05
9.9964E-05 9.9964E-05 0.804801 0.0390778 0.123185 0.0325364 9.9964E-05 9.9964E-05
0.0049781 9.9973E-05 0.809515 0.158005 0.0243266 0.00287492 9.9973E-05 9.9973E-05
0.0349835 9.9973E-05 0.857246 0.0337814 0.0541369 0.0195521 9.9973E-05 9.9973E-05
0.0122339 9.9973E-05 0.855078 0.0575799 0.0678437 0.00696456 9.9973E-05 9.9973E-05
0.00990394 9.9982E-05 0.886506 0.0279436 0.0230682 0.0223364 9.9982E-05 0.0300422
0.193286 9.9982E-05 0.133813 0.0631032 0.565623 0.0288688 0.0151059 9.9982E-05
0.219838 9.9982E-05 0.0837593 0.102491 0.476588 0.0411981 0.0759253 9.9982E-05
0.790394 9.9973E-05 0.00557585 0.0193356 0.0309388 9.9973E-05 0.153456 9.9973E-05
0.144776 9.9982E-05 0.0954652 9.9982E-05 0.425757 0.197672 0.0582658 0.0778633
0.386924 9.9973E-05 0.0618706 9.9973E-05 0.488742 9.9973E-05 0.0271063 0.0350565
0.327068 0.0327959 0.0326812 9.9982E-05 0.552638 0.030042 0.0245747 9.9982E-05
0.290074 0.079378 0.0111095 9.9982E-05 0.494165 0.0342318 0.0908419 9.9982E-05
0.432098 0.00196596 0.032369 9.9973E-05 0.456943 0.0763243 9.9973E-05 9.9973E-05
0.692827 9.9964E-05 0.0389193 9.9964E-05 9.9964E-05 9.9964E-05 0.211193 0.0566609
0.130415 0.150849 0.200706 9.9982E-05 0.404361 0.110394 0.00307439 9.9982E-05
0.104813 9.9982E-05 0.001246 9.9982E-05 0.657805 0.0624671 0.0201932 0.153275
0.00105166 0.064383 0.0895255 0.00610583 0.684659 0.0074065 0.0974118 0.0494571
0.571771 0.0343441 0.0179565 0.0460116 0.280696 0.00870675 9.9991E-05 0.0404142
0.336971 0.0508836 0.0497431 9.9973E-05 0.531393 9.9973E-05 9.9973E-05 0.030709
0.367477 0.0163022 0.0316657 9.9982E-05 0.426072 0.0429323 0.115351 9.9982E-05
0.619608 9.9955E-05 9.9955E-05 9.9955E-05 0.280687 0.0992044 9.9955E-05 9.9955E-05
0.349392 0.00672283 0.0511883 9.9973E-05 0.498417 9.9973E-05 0.0939795 9.9973E-05
9.9982E-05 0.136671 0.062964 0.0355654 0.618405 9.9982E-05 0.0809927 0.0652023
0.141307 0.177218 0.0289125 0.0950117 0.202111 9.9982E-05 0.35524 9.9982E-05
0.0429989 9.9991E-05 0.0983103 0.0842944 0.338918 0.043287 0.299434 0.0926571
0.0751981 0.0456406 0.0955558 9.9991E-05 0.564479 0.0481624 0.0555892 0.115275
9.9991E-05 0.0741419 0.120435 0.0100351 0.457185 0.054403 0.126326 0.157374
0.0555768 9.9964E-05 9.9964E-05 0.12651 0.467094 9.9964E-05 0.35042 9.9964E-05
0.0740068 0.025558 9.9982E-05 9.9982E-05 0.550543 0.0371719 0.192303 0.120218
0.0655489 0.00697249 0.0302838 0.0124573 0.483182 9.9982E-05 0.401356 9.9982E-05
0.0292845 0.0689495 0.0746064 0.118813 0.558232 9.9982E-05 0.149915 9.9982E-05
0.117114 9.9991E-05 0.0692259 0.0709294 0.55501 0.0124449 0.0767293 0.0984464
0.00377447 0.113062 0.00226379 0.0254751 0.58706 0.0155133 0.173453 0.0793982
0.0855401 9.9964E-05 9.9964E-05 9.9964E-05 0.554952 9.9964E-05 0.266576 0.0925322
0.0481382 0.101842 0.0729472 0.0291316 0.637705 9.9991E-05 0.0286662 0.0814694
0.0278978 0.0646741 0.140969 0.0134572 0.519021 0.0373364 0.0290828 0.167562
0.0211057 0.0286833 9.9982E-05 0.0169551 0.66214 0.0202352 0.250681 9.9982E-05
9.9991E-05 0.134951 0.0197373 0.0327474 0.532122 0.0476296 0.121201 0.111511
0.0478747 0.045641 9.9973E-05 9.9973E-05 0.512271 0.0879042 0.306009 9.9973E-05
0.0630487 0.0408977 0.0311044 0.139571 0.402977 9.9991E-05 0.291812 0.0304896
9.9973E-05 0.027171 9.9973E-05 0.0683754 0.595698 0.0409983 0.267457 9.9973E-05
9.9964E-05 0.0653284 9.9964E-05 0.0893843 0.725254 9.9964E-05 0.119633 9.9964E-05
0.141821 0.0675904 9.9982E-05 0.0632407 0.24671 0.0354686 0.44497 9.9982E-05
0.127117 0.160803 9.9982E-05 0.215901 0.188007 9.9982E-05 0.285631 0.0223409
9.9991E-05 0.0882892 0.00657004 0.0670698 0.522473 0.0426377 0.192845 0.0800155
0.207452 0.250499 9.9991E-05 0.070476 0.0484029 0.0466349 0.322281 0.0541542
0.128887 0.0842182 9.9973E-05 0.049407 0.329878 9.9973E-05 0.40731 9.9973E-05
0.139878 0.0337243 0.00516533 0.00644256 0.445473 0.000512029 0.349333 0.0194709
0.181134 9.9964E-05 0.0367148 9.9964E-05 0.315868 9.9964E-05 0.465883 9.9964E-05
0.115974 9.9973E-05 9.9973E-05 9.9973E-05 0.307132 0.00519961 0.480081 0.0913138
0.0296732 9.9991E-05 0.0473547 0.0050223 0.575159 0.0331227 0.148827 0.160741
9.9991E-05 0.0408792 0.0926794 0.0443524 0.489167 0.0650959 0.208583 0.0591437
0.112087 0.0933655 0.0546601 0.00201961 0.52542 9.9991E-05 0.12486 0.0874874
0.226846 0.0952858 9.9973E-05 0.199096 0.148076 9.9973E-05 0.330396 9.9973E-05
0.115132 0.0518048 0.12262 0.0495726 0.503186 9.9991E-05 0.0266053 0.13098
0.0804747 0.0624544 0.0381525 0.128293 0.472149 0.0107323 0.090308 0.117436
0.152289 0.0650618 0.0761828 0.220422 9.9982E-05 9.9982E-05 0.109099 0.376746
0.0236518 0.0980782 0.10198 9.9982E-05 0.633666 0.0406998 9.9982E-05 0.101724
0.245269 0.0919478 9.9982E-05 0.206973 0.315942 9.9982E-05 0.0204014 0.119266
0.0794376 0.043592 0.0750245 0.217236 0.52966 9.9982E-05 9.9982E-05 0.0548495
0.0901482 9.9982E-05 0.0534246 0.198079 0.225579 9.9982E-05 0.128219 0.30435
0.0846708 0.179582 0.0706595 0.070984 0.160434 9.9991E-05 0.0730863 0.360483
0.0155789 0.170803 9.9982E-05 0.0857523 0.393757 9.9982E-05 0.174947 0.158962
0.0463759 0.0392789 0.151348 0.0240639 0.455552 0.0689675 0.00324323 0.21117
0.0960981 9.9991E-05 0.0873982 0.10034 0.359148 0.0962296 0.155065 0.105622
0.298656 0.103997 9.9982E-05 0.2531 9.9982E-05 0.129573 0.0837007 0.130774
9.9982E-05 0.131419 0.0781385 0.0684127 0.586767 9.9982E-05 0.0378316 0.0972316
0.185004 0.0333112 9.9982E-05 0.071548 0.335538 9.9982E-05 0.0466362 0.327763
0.0991274 0.150286 9.9982E-05 0.06289 0.42037 9.9982E-05 0.0979159 0.169211
0.0580218 0.0761112 0.0861594 9.9991E-05 0.46256 0.0984663 0.0257543 0.192827
9.9982E-05 0.00684312 0.246508 0.179228 0.174111 0.219442 9.9982E-05 0.173668
9.9964E-05 9.9964E-05 0.403675 0.445654 9.9964E-05 0.0845161 9.9964E-05 0.065755
9.9973E-05 0.0280673 0.235485 0.586218 9.9973E-05 0.0667545 9.9973E-05 0.0831753
9.9973E-05 9.9973E-05 0.307205 0.250486 0.119792 0.234416 9.9973E-05 0.0878014
9.9955E-05 9.9955E-05 9.9955E-05 9.9955E-05 0.613271 0.00163294 9.9955E-05 0.384596
0.148913 0.109343 0.120617 9.9973E-05 0.516522 9.9973E-05 9.9973E-05 0.104305
9.9955E-05 9.9955E-05 9.9955E-05 9.9955E-05 0.37028 0.620587 0.00863281 9.9955E-05
0.130801 0.0924088 9.9982E-05 9.9982E-05 0.218784 0.491326 0.0663665 0.000114064
9.9982E-05 0.14602 0.0375788 9.9982E-05 0.40237 0.359253 0.00190501 0.0526729
0.180916 0.120846 9.9982E-05 0.0411978 0.278407 0.00782832 9.9982E-05 0.370605
0.0213047 0.0191875 0.0380768 0.133931 0.568928 0.00109783 0.096222 0.121252
0.11036 0.168506 9.9982E-05 0.117045 0.0992086 9.9982E-05 0.0104934 0.494186
0.0494676 0.0461377 9.9973E-05 9.9973E-05 0.605087 9.9973E-05 0.0139766 0.285031
0.0778698 0.140625 0.00668008 0.0658271 0.491244 9.9991E-05 0.00237285 0.215281
0.0282013 0.13126 9.9982E-05 9.9982E-05 0.511263 0.0947166 0.028488 0.205871
0.122209 0.216217 9.9982E-05 0.0718009 0.137579 9.9982E-05 0.0194595 0.432535
0.051555 0.0614959 0.0106001 0.0909241 0.62928 0.0787132 9.9991E-05 0.0773319
0.21023 0.106248 9.9973E-05 0.167787 0.441543 0.0738919 9.9973E-05 9.9973E-05
9.9946E-05 0.0379948 9.9946E-05 9.9946E-05 9.9946E-05 0.961406 9.9946E-05 9.9946E-05
9.9955E-05 0.0469312 9.9955E-05 9.9955E-05 0.0845142 0.868055 9.9955E-05 9.9955E-05
0.0124778 0.0359527 0.0320973 9.9991E-05 0.222845 0.618706 0.0187803 0.0590403
9.9973E-05 0.0312569 0.0195337 9.9973E-05 0.27937 0.647061 0.0224789 9.9973E-05
9.9955E-05 9.9955E-05 9.9955E-05 9.9955E-05 0.131657 0.832114 9.9955E-05 0.0357286
9.994E-05 9.994E-05 9.994E-05 9.994E-05 9.994E-05 0.9993 9.994E-05 9.994E-05
0.0105038 9.9955E-05 9.9955E-05 9.9955E-05 9.9955E-05 0.967398 0.0215989 9.9955E-05
9.9946E-05 9.9946E-05 9.9946E-05 9.9946E-05 0.151983 0.847418 9.9946E-05 9.9946E-05
9.9946E-05 9.9946E-05 9.9946E-05 9.9946E-05 9.9946E-05 0.988911 0.010489 9.9946E-05
9.994E-05 9.994E-05 9.994E-05 9.994E-05 9.994E-05 0.9993 9.994E-05 9.994E-05
9.994E-05 9.994E-05 9.994E-05 9.994E-05 9.994E-05 0.9993 9.994E-05 9.994E-05
9.9964E-05 9.9964E-05 0.0414718 9.9964E-05 0.192497 0.750586 0.015045 9.9964E-05
9.9973E-05 9.9973E-05 0.00650483 0.048202 0.162641 0.751188 0.0311647 9.9973E-05
0.0391182 9.9946E-05 9.9946E-05 9.9946E-05 9.9946E-05 0.960282 9.9946E-05 9.9946E-05
0.0624407 9.9991E-05 0.0186211 0.050412 0.308722 0.381381 0.0642215 0.114101
0.0867095 9.9982E-05 0.0249201 0.0502962 0.191446 0.631232 0.0151962 9.9982E-05
9.9982E-05 9.9982E-05 0.0444042 0.00262249 0.181784 0.70064 0.0593586 0.0109911
9.9964E-05 9.9964E-05 0.00429564 9.9964E-05 0.106739 0.844271 0.0442942 9.9964E-05
9.9946E-05 9.9946E-05 9.9946E-05 9.9946E-05 0.00202938 0.997371 9.9946E-05 9.9946E-05
9.9964E-05 9.9964E-05 0.0259308 0.0476817 0.0695867 0.856401 9.9964E-05 9.9964E-05
9.994E-05 9.994E-05 9.994E-05 9.994E-05 9.994E-05 0.9993 9.994E-05 9.994E-05
0.00228874 0.0703153 0.0715721 9.9982E-05 0.218866 0.604191 0.0325675 9.9982E-05
0.0678179 9.9955E-05 9.9955E-05 9.9955E-05 0.00396172 0.927721 9.9955E-05 9.9955E-05
0.0757677 0.0187257 0.181058 0.310691 9.9973E-05 9.9973E-05 9.9973E-05 0.413457
0.0088862 9.9991E-05 0.144022 0.0372978 0.344963 0.141269 0.130665 0.192797
0.0568989 9.9991E-05 0.160375 0.0602817 0.375311 0.0961364 0.0339226 0.216974
9.9982E-05 0.0249639 0.107999 0.256473 0.183257 0.0560146 9.9982E-05 0.371092
0.0310099 9.9991E-05 0.0855174 0.0493178 0.373226 0.160468 0.114452 0.185909
0.0279633 0.0855302 0.159255 0.257167 0.166404 0.0774378 9.9991E-05 0.226143
0.0681748 0.0647391 0.232553 9.9991E-05 0.50658 0.0019128 0.00293889 0.123001
0.0394884 0.00919971 0.093644 0.0615047 0.185959 0.211413 9.9991E-05 0.398692
0.0483861 0.0352302 0.0792598 0.0909397 0.408291 0.155955 9.9991E-05 0.181839
9.9973E-05 9.9973E-05 0.062662 0.181918 0.301095 0.183806 9.9973E-05 0.27022
9.9973E-05 9.9973E-05 0.149842 0.174508 0.436943 9.9973E-05 0.076212 0.162195
0.0450984 9.9973E-05 0.809585 9.9973E-05 0.0116257 9.9973E-05 0.0418984 0.0914929
9.99707E-05 9.99707E-05 0.852611 0.102379 0.0174818 0.0271291 9.99707E-05 9.99707E-05
9.9946E-05 9.9946E-05 0.931346 0.0680544 9.9946E-05 9.9946E-05 9.9946E-05 9.9946E-05
9.9964E-05 9.9964E-05 0.940516 0.0117465 9.9964E-05 9.9964E-05 0.041661 0.00567624
9.9964E-05 9.9964E-05 0.864995 0.0650841 0.0114783 9.9964E-05 0.058043 9.9964E-05
9.9955E-05 9.9955E-05 0.808973 0.163629 9.9955E-05 0.0268979 9.9955E-05 9.9955E-05
9.9964E-05 9.9964E-05 0.868243 0.0132454 0.0789508 0.0391612 9.9964E-05 9.9964E-05
0.0448848 0.0114168 0.821367 0.121337 0.000694968 9.9973E-05 9.9973E-05 9.9973E-05
0.0258131 9.9964E-05 0.862703 0.084841 0.026243 9.9964E-05 9.9964E-05 9.9964E-05
9.9964E-05 9.9964E-05 0.795629 0.123261 0.0251197 0.0555907 9.9964E-05 9.9964E-05
0.182484 9.9955E-05 0.631045 9.9955E-05 9.9955E-05 9.9955E-05 0.185971 9.9955E-05
0.123889 9.9964E-05 0.605249 0.01166 9.9964E-05 9.9964E-05 0.258802 9.9964E-05
0.0828103 0.0111284 0.494269 0.113742 9.9973E-05 9.9973E-05 0.297751 9.9973E-05
0.179062 9.9964E-05 0.518184 9.9964E-05 9.9964E-05 9.9964E-05 0.270799 0.0315546
0.1958 0.127844 0.0994763 9.9973E-05 0.520577 9.9973E-05 0.0560025 9.9973E-05
0.284366 0.00795367 0.0240018 0.000240305 0.493356 0.072816 0.0914507 0.0258154
0.0695898 0.0993748 0.0612483 9.9991E-05 0.480965 0.0639631 0.167973 0.0567859
0.251831 9.9973E-05 0.0407525 0.0678408 0.377305 9.9973E-05 0.261971 9.9973E-05
0.156403 9.9973E-05 9.9973E-05 9.9973E-05 0.171669 0.0177734 0.615486 0.0383683
0.17625 9.9973E-05 9.9973E-05 9.9973E-05 0.710375 0.00417614 0.0398483 0.0690509
0.290743 9.9973E-05 9.9973E-05 0.0747528 0.590634 9.9973E-05 0.0433579 0.000212433
0.264014 0.0444033 9.9982E-05 0.0405432 0.482807 9.9982E-05 0.109511 0.058521
0.451471 0.0341925 9.9973E-05 9.9973E-05 0.406678 0.0250674 9.9973E-05 0.0822912
0.254753 0.0747309 0.0521312 9.9982E-05 0.571928 9.9982E-05 0.00597986 0.0402767
0.369494 0.0234545 9.9973E-05 9.9973E-05 0.4826 9.9973E-05 0.068245 0.0559067
0.727533 0.197787 0.0174963 9.9973E-05 9.9973E-05 9.9973E-05 0.0438075 0.0130769
0.129974 0.0945638 0.0927202 9.9991E-05 0.522563 0.0261068 0.12043 0.0135421
0.512569 0.0739709 9.9973E-05 0.153313 0.257347 9.9973E-05 9.9973E-05 0.0025002
0.421 0.0228597 9.9964E-05 0.0317258 0.524015 9.9964E-05 9.9964E-05 9.9964E-05
0.666975 9.9964E-05 0.0347171 9.9964E-05 0.15921 9.9964E-05 0.138698 9.9964E-05
9.9955E-05 9.9955E-05 0.12557 9.9955E-05 9.9955E-05 9.9955E-05 0.571031 0.302899
9.9955E-05 9.9955E-05 0.0580197 9.9955E-05 9.9955E-05 9.9955E-05 0.560557 0.380923
9.9955E-05 9.9955E-05 0.0500694 9.9955E-05 9.9955E-05 9.9955E-05 0.629677 0.319753
9.9955E-05 9.9955E-05 0.0989029 9.9955E-05 9.9955E-05 9.9955E-05 0.670207 0.230391
9.9955E-05 9.9955E-05 0.0374371 9.9955E-05 9.9955E-05 9.9955E-05 0.664771 0.297292
9.9973E-05 9.9973E-05 0.0776321 9.9973E-05 0.0552994 0.0118881 0.612898 0.241983
0.0109195 9.9964E-05 0.858987 9.9964E-05 0.0790492 0.0506445 9.9964E-05 9.9964E-05
9.9973E-05 9.9973E-05 0.819905 0.0212696 0.107896 0.0152909 0.035338 9.9973E-05
9.9955E-05 9.9955E-05 0.774409 9.9955E-05 0.128164 0.0969268 9.9955E-05 9.9955E-05
9.9973E-05 9.9973E-05 0.71935 0.0576789 0.066562 0.102651 0.0534582 9.9973E-05
9.9973E-05 9.9973E-05 0.794611 0.0104984 0.0910294 0.0228447 0.0807168 9.9973E-05
0.0202987 0.0343495 0.409503 0.00840265 9.9982E-05 9.9982E-05 0.434725 0.0925215
0.0330553 0.0851689 0.484259 9.9973E-05 9.9973E-05 9.9973E-05 0.314458 0.0827589
0.0267641 0.121446 0.428963 9.9973E-05 9.9973E-05 9.9973E-05 0.40211 0.0204167
9.9964E-05 9.9964E-05 0.803672 9.9964E-05 0.101997 0.0468902 0.0470404 9.9964E-05
0.04302 0.0230091 0.377362 9.9973E-05 9.9973E-05 9.9973E-05 0.479552 0.0767565
9.9964E-05 9.9964E-05 0.154662 0.201661 0.357852 0.285424 9.9964E-05 9.9964E-05
0.0631932 9.9991E-05 0.106687 0.0197317 0.389736 0.272826 0.00617608 0.141549
0.0164291 9.9973E-05 0.167197 0.0842843 0.564292 0.167498 9.9973E-05 9.9973E-05
0.075013 9.9973E-05 0.182951 0.168581 0.378886 0.194269 9.9973E-05 9.9973E-05
0.0604454 9.9982E-05 0.106931 0.0137314 0.529517 0.156263 9.9982E-05 0.132913
9.9964E-05 9.9964E-05 0.330128 0.367555 9.9964E-05 0.220029 9.9964E-05 0.0818879
0.145015 0.113313 0.00474589 9.9991E-05 0.343662 0.0349181 0.288161 0.070085
0.0885657 0.134313 9.9973E-05 0.133293 0.383728 9.9973E-05 0.2598 9.9973E-05
0.0113035 9.9973E-05 0.103395 9.9973E-05 0.295694 9.9973E-05 0.572427 0.0168805
0.164107 0.211857 9.9973E-05 0.0630868 0.439406 9.9973E-05 0.121243 9.9973E-05
0.283396 0.338466 9.9973E-05 0.207294 9.9973E-05 9.9973E-05 0.164446 0.00609856
0.112246 0.144476 0.0706641 9.9982E-05 0.438463 0.110117 0.123834 9.9982E-05
9.9973E-05 0.221235 9.9973E-05 0.0444211 0.482415 0.0458162 0.205813 9.9973E-05
0.114502 0.08099 0.0547924 0.0145703 0.348512 9.9991E-05 0.376696 0.0098368
0.0649 0.0395962 0.109918 0.0426439 0.554733 0.0398647 0.09526 0.0530839
0.345224 0.0774092 9.9982E-05 0.203613 0.054148 9.9982E-05 0.283873 0.0355333
0.0203078 0.225733 9.9982E-05 0.0799934 0.473026 0.00478419 0.195955 9.9982E-05
0.212256 9.9973E-05 0.0102767 0.0633116 0.561118 9.9973E-05 0.152738 9.9973E-05
0.15535 9.9991E-05 0.0618037 0.175008 0.384203 0.143688 0.0649744 0.0148731
0.109393 0.236293 9.9991E-05 0.0211419 0.327928 0.0267247 0.27277 0.00564873
0.144927 9.9973E-05 9.9973E-05 0.0738423 0.474658 0.0129565 0.293316 9.9973E-05
0.0807949 0.119301 9.9991E-05 0.0680199 0.398366 0.1344 0.174489 0.0245292
0.154892 0.119281 9.9982E-05 0.0637974 0.520483 9.9982E-05 0.092255 0.0490915
0.152345 0.0101661 0.0164545 0.0352382 0.50491 0.0998799 0.180906 9.9991E-05
0.123905 0.0429818 0.107428 9.9982E-05 0.488869 0.134448 0.102167 9.9982E-05
0.180612 0.00577013 0.0242987 0.127886 0.515841 0.00656784 0.138924 9.9991E-05
9.9964E-05 9.9964E-05 0.799385 9.9964E-05 0.120814 0.069892 9.9964E-05 0.00950939
9.9973E-05 0.0827501 0.800051 9.9973E-05 0.0566127 0.0473335 9.9973E-05 0.0129525
0.0424141 9.9991E-05 0.765131 0.050668 0.0274614 0.00897041 0.0543966 0.0508582
0.0621222 0.0363605 0.798016 0.0174532 0.0230372 0.0349933 9.9991E-05 0.0279172
9.9964E-05 9.9964E-05 0.819139 9.9964E-05 0.138149 0.0207767 9.9964E-05 0.0215348
0.140764 9.9964E-05 9.9964E-05 0.122325 0.161037 9.9964E-05 0.575474 9.9964E-05
0.067146 0.154161 9.9991E-05 0.0992672 0.506198 0.0138876 0.123786 0.0354534
0.0378596 0.0360377 0.122721 0.100278 0.398319 0.21754 9.9991E-05 0.0871446
0.0158713 0.0558309 9.9991E-05 0.0625924 0.601759 0.0635517 0.18178 0.0185145
0.138119 0.0109695 0.0187165 0.0860242 0.526411 9.9982E-05 0.21956 9.9982E-05
9.9973E-05 0.0523102 9.9973E-05 0.182166 0.357859 9.9973E-05 0.369977 0.0373884
0.207419 9.9973E-05 0.0458927 0.148791 0.0187986 9.9973E-05 0.578799 9.9973E-05
0.0884502 9.9973E-05 0.00236819 9.9973E-05 0.514895 9.9973E-05 0.332934 0.0610533
0.0890044 0.0756637 0.0889106 9.9982E-05 0.134639 0.0466454 0.564936 9.9982E-05
0.10815 0.0724701 9.9982E-05 0.130476 0.408721 9.9982E-05 0.146552 0.133431
0.101462 0.0394183 0.122253 0.0626757 0.125809 9.9982E-05 0.548182 9.9982E-05
0.0134086 0.0375391 0.0796191 0.0792779 0.584186 0.0459821 0.159887 9.9991E-05
0.0763073 0.0781004 0.0528387 0.0776143 0.196968 0.0249309 0.49314 9.9991E-05
0.0613308 0.137437 0.0318825 0.0188145 0.335391 0.0878574 0.268283 0.0590039
0.0214497 0.142593 0.0266368 0.0410834 0.414195 0.0241122 0.22191 0.108021
9.9991E-05 0.0877276 0.0258611 0.0223761 0.193964 0.00515154 0.0279865 0.636833
0.0304684 0.0303747 0.0645666 9.9982E-05 0.512917 9.9982E-05 0.0633749 0.298098
0.109059 0.0202614 0.109515 9.9982E-05 0.405552 0.0892475 9.9982E-05 0.266165
0.0822582 0.0572617 9.9982E-05 0.0271623 0.259629 9.9982E-05 0.0599772 0.513512
0.094351 0.162124 0.0841958 0.0295034 0.423337 0.0199971 0.065649 0.120843
0.0112751 0.14126 0.0591065 9.9982E-05 0.504129 9.9982E-05 0.00960092 0.274428
0.0392937 0.294404 9.9964E-05 9.9964E-05 9.9964E-05 9.9964E-05 0.0324293 0.633473
0.0547911 0.09209 9.9973E-05 0.0741044 0.163447 9.9973E-05 9.9973E-05 0.615268
9.9973E-05 0.0743417 0.00335467 9.9973E-05 0.514782 9.9973E-05 0.100787 0.306435
0.198878 0.107467 9.9973E-05 9.9973E-05 0.0795686 9.9973E-05 0.0540916 0.559695
0.076626 9.9973E-05 9.9973E-05 0.0746531 0.412742 9.9973E-05 0.0887566 0.346923
0.156014 9.9964E-05 9.9964E-05 0.0943025 0.155213 9.9964E-05 0.59407 9.9964E-05
0.0789312 0.335602 9.9973E-05 0.0197208 0.241851 9.9973E-05 0.323595 9.9973E-05
0.0714966 0.12276 0.00488172 0.0256125 0.312771 0.0993664 0.363012 9.9991E-05
0.000102509 9.9982E-05 9.9982E-05 0.0698308 0.669487 0.0473743 0.161294 0.0517115
0.167618 9.9964E-05 9.9964E-05 9.9964E-05 0.298177 9.9964E-05 0.488942 0.0448632
9.9982E-05 0.170418 0.0819617 0.0290728 0.470345 0.0905899 0.157413 9.9982E-05
0.0528579 0.0301891 0.017744 0.107746 0.566276 0.0488364 0.17625 9.9991E-05
9.9973E-05 0.063506 9.9973E-05 0.0691618 0.487765 0.0898034 0.289464 9.9973E-05
9.9991E-05 0.00730165 0.0133963 0.0302985 0.666989 0.0440974 0.230792 0.00702471
0.110626 9.9973E-05 0.0254298 9.9973E-05 0.503589 9.9973E-05 0.30099 0.0590661
0.229269 0.012438 9.9973E-05 9.9973E-05 0.162171 0.103452 0.492371 9.9973E-05
0.0850607 0.0265322 9.9973E-05 9.9973E-05 0.33297 0.106768 0.448369 9.9973E-05
0.0901536 0.117556 9.9973E-05 9.9973E-05 0.584325 9.9973E-05 0.188219 0.0194468
0.0329348 0.0575382 0.02256 0.139981 0.582585 9.9982E-05 0.164201 9.9982E-05
0.0995942 0.133081 0.0189223 0.118079 0.444381 9.9991E-05 0.185254 0.000589677
9.9964E-05 0.160034 9.9964E-05 0.0444964 0.545537 9.9964E-05 0.249532 9.9964E-05
9.9964E-05 9.9964E-05 0.0209617 0.145653 0.471983 9.9964E-05 0.361003 9.9964E-05
0.0284245 0.0890599 0.0689487 9.9982E-05 0.578249 0.0249739 0.210144 9.9982E-05
9.9982E-05 0.141273 0.0543012 0.0284285 0.533046 0.0679296 0.174822 9.9982E-05
0.0868842 0.043746 0.135342 0.023807 0.529649 0.0298062 0.115831 0.0349344
0.0287962 9.9982E-05 0.326203 0.150508 0.47759 0.0127731 9.9982E-05 0.00392943
0.134005 0.0221199 0.0926214 0.129057 0.42947 0.192526 9.9982E-05 9.9982E-05
0.0159687 0.0940871 0.177642 0.0438083 0.444877 0.123635 0.091317 0.00866505
9.9982E-05 0.118452 0.0742342 0.0667999 0.613081 0.0887744 0.0384587 9.9982E-05
0.103504 0.056617 0.212339 0.0444631 0.457955 0.124922 9.9982E-05 9.9982E-05
0.0694248 0.19044 9.9991E-05 0.033757 0.375386 0.0126574 0.215227 0.103008
0.0524867 9.9982E-05 0.143767 0.166373 0.476418 0.0933159 0.0674395 9.9982E-05
0.117742 0.0125766 0.0470705 0.449148 0.0228249 0.0920095 0.0836553 0.174973
9.9973E-05 9.9973E-05 0.00867276 0.132408 0.515282 0.16174 0.181597 9.9973E-05
9.9982E-05 0.112748 0.132724 0.01178 0.5514 0.12348 0.067668 9.9982E-05
0.000387016 0.111619 0.183708 9.9991E-05 0.405192 0.210541 0.0684454 0.0200071
0.127451 9.9991E-05 0.0692278 0.301768 0.355611 0.0498878 0.0726714 0.023283
9.9973E-05 0.0372111 0.153094 0.207208 0.580757 0.02143 9.9973E-05 9.9973E-05
9.9982E-05 0.0571872 0.12682 0.0342559 0.497456 0.18808 9.9982E-05 0.0960006
0.061212 9.9964E-05 0.30257 0.548901 9.9964E-05 0.086917 9.9964E-05 9.9964E-05
0.0431356 9.9982E-05 0.207055 0.0864362 0.521454 0.137672 0.00404783 9.9982E-05
9.9982E-05 0.0433072 0.100798 0.172999 0.531844 0.137285 9.9982E-05 0.0135663
0.0582598 0.0115951 0.0415498 0.150875 0.612709 0.0756061 0.0169193 0.0324858
9.9973E-05 9.9973E-05 0.179857 0.130416 0.597935 0.0888468 0.00264512 9.9973E-05
0.167938 0.0640172 0.137284 0.0776152 0.381621 0.135611 0.0358137 9.9991E-05
0.0416917 0.338307 0.0670326 9.9982E-05 0.42234 0.0613018 9.9982E-05 0.0691274
9.9991E-05 0.225747 0.113379 0.028631 0.485913 0.0658061 0.0416808 0.0387435
0.204483 0.716157 9.9964E-05 9.9964E-05 9.9964E-05 9.9964E-05 0.033575 0.0453854
0.0463458 0.884715 9.9964E-05 9.9964E-05 9.9964E-05 9.9964E-05 0.0410993 0.0274398
0.000791118 0.20542 0.0498712 0.0761596 0.47894 0.0761886 0.0568162 0.0558135
9.9982E-05 0.0975764 0.0333112 0.174156 0.424245 0.235423 0.0350885 9.9982E-05
9.9973E-05 0.181142 0.030245 0.180711 0.291562 0.31604 9.9973E-05 9.9973E-05
9.9982E-05 0.158059 0.0896048 0.258349 0.159317 0.230583 9.9982E-05 0.103887
9.9973E-05 0.150485 0.173895 0.182131 0.33789 0.1553 9.9973E-05 9.9973E-05
9.9973E-05 0.644747 0.00609578 0.271671 0.0683657 9.9973E-05 9.9973E-05 0.00882078
9.9964E-05 0.608661 9.9964E-05 0.203946 0.108286 0.0787072 9.9964E-05 9.9964E-05
9.9973E-05 0.389884 0.0267167 9.9973E-05 0.462369 0.0998962 0.0208345 9.9973E-05
9.9964E-05 0.492237 0.011495 9.9964E-05 0.375045 0.120824 9.9964E-05 9.9964E-05
9.9973E-05 0.711581 0.0562757 0.0703225 0.101751 0.0597698 9.9973E-05 9.9973E-05
9.9973E-05 0.289667 0.104598 0.023117 0.575266 0.00705166 9.9973E-05 9.9973E-05
9.9964E-05 0.396234 9.9964E-05 9.9964E-05 0.476216 0.105595 9.9964E-05 0.0215559
0.0311866 0.198356 0.120357 0.00474237 0.467687 0.0992288 9.9991E-05 0.0783414
0.0430589 0.639434 0.0297586 9.9964E-05 0.287349 9.9964E-05 9.9964E-05 9.9964E-05
0.0488065 0.558038 9.9982E-05 9.9982E-05 0.289986 0.007795 0.0619127 0.0332612
0.0517978 0.254718 0.0823909 9.9973E-05 0.537337 9.9973E-05 9.9973E-05 0.0734562
0.0384137 0.451442 0.0819723 9.9991E-05 0.319149 0.0141044 0.0436528 0.0511657
0.0782103 0.13719 0.090142 0.0508283 0.400646 0.0821215 0.00708798 0.153775
9.9982E-05 0.454704 9.9982E-05 0.0623373 0.373333 0.0146584 0.00334015 0.0914279
9.9964E-05 0.72274 9.9964E-05 9.9964E-05 0.155224 9.9964E-05 0.0222481 0.0993877
0.0334052 0.372844 0.0440591 0.0150337 0.534358 9.9973E-05 9.9973E-05 9.9973E-05
0.0372876 0.684199 9.9964E-05 9.9964E-05 0.178881 9.9964E-05 0.0992319 9.9964E-05
9.9955E-05 0.514776 9.9955E-05 9.9955E-05 0.433525 9.9955E-05 9.9955E-05 0.0511993
0.0702633 0.171591 0.0834514 0.0335436 0.505221 9.9991E-05 0.0510493 0.0847807
0.0103761 0.370545 9.9982E-05 9.9982E-05 0.547558 0.0167854 0.0520281 0.00250671
9.9991E-05 0.0173046 0.0417868 0.109517 0.436042 0.175229 0.0752957 0.144725
9.9991E-05 0.136157 0.212151 0.0278304 0.463254 0.0538666 0.0643713 0.0422703
9.9991E-05 0.0928649 0.169398 0.0911463 0.301311 0.204092 0.0377883 0.1033
0.0131395 0.0427655 0.0703922 0.105182 0.243073 0.249869 0.111476 0.164102
0.125957 0.004689 0.168607 0.0105601 0.455568 0.107974 0.098464 0.0281809
9.9973E-05 0.164972 0.202186 9.9973E-05 0.378686 0.158097 9.9973E-05 0.0957583
9.9973E-05 0.590025 0.186872 0.114391 9.9973E-05 0.0953859 9.9973E-05 0.0130267
9.9982E-05 0.136395 0.107253 0.0523141 0.58314 0.110996 9.9982E-05 0.00970099
9.9964E-05 0.431153 0.276705 0.22599 9.9964E-05 0.065752 9.9964E-05 9.9964E-05
9.9973E-05 0.266993 0.0259581 0.000960278 0.471219 0.23457 9.9973E-05 9.9973E-05
0.111051 0.819438 9.9964E-05 0.0203424 0.0487685 9.9964E-05 9.9964E-05 9.9964E-05
0.0680238 0.912185 0.0192918 9.9955E-05 9.9955E-05 9.9955E-05 9.9955E-05 9.9955E-05
0.0710029 0.442785 9.9955E-05 9.9955E-05 0.485712 9.9955E-05 9.9955E-05 9.9955E-05
9.9955E-05 0.391763 0.0367116 9.9955E-05 0.571026 9.9955E-05 9.9955E-05 9.9955E-05
0.0592749 0.554648 9.9964E-05 9.9964E-05 0.340916 9.9964E-05 0.0447618 9.9964E-05
0.0265049 0.423684 0.00405323 9.9973E-05 0.514436 9.9973E-05 0.0310219 9.9973E-05
0.0209681 0.475569 9.9955E-05 9.9955E-05 0.502963 9.9955E-05 9.9955E-05 9.9955E-05
0.0397621 0.0123125 0.791373 9.9982E-05 0.0167354 0.106718 9.9982E-05 0.032899
0.0077099 9.9973E-05 0.72245 9.9973E-05 9.9973E-05 0.102381 0.12148 0.0456784
9.9955E-05 9.9955E-05 0.894312 9.9955E-05 9.9955E-05 0.0574503 0.0477381 9.9955E-05
9.9955E-05 9.9955E-05 0.929142 0.0512308 0.0191277 9.9955E-05 9.9955E-05 9.9955E-05
0.281679 0.08389 0.0369998 9.9982E-05 0.509626 0.0136209 9.9982E-05 0.0739846
0.367994 9.9973E-05 0.0493996 9.9973E-05 0.482966 0.0752624 0.024078 9.9973E-05
0.43648 9.9955E-05 9.9955E-05 9.9955E-05 0.458862 9.9955E-05 0.104158 9.9955E-05
0.184685 9.9973E-05 0.121399 9.9973E-05 0.532225 9.9973E-05 0.0640001 0.0973898
0.217551 9.9982E-05 0.0705919 0.0139933 0.517947 0.0167655 9.9982E-05 0.162951
0.586401 9.9982E-05 0.0352173 9.9982E-05 0.201755 0.0392999 0.0449407 0.092186
0.300498 9.9964E-05 9.9964E-05 9.9964E-05 0.601621 0.0224472 0.0750344 9.9964E-05
0.496143 0.0405481 9.9973E-05 0.0168219 0.365735 9.9973E-05 9.9973E-05 0.0804513
0.0155552 9.9991E-05 0.217809 0.0481546 0.519676 0.0980448 0.037129 0.0635317
0.356032 0.139656 9.9982E-05 0.00368084 0.365698 0.055762 0.0789707 9.9982E-05
0.558269 9.9955E-05 9.9955E-05 9.9955E-05 0.320817 9.9955E-05 0.120414 9.9955E-05
0.301796 0.137137 0.0281208 9.9973E-05 0.515006 9.9973E-05 0.0176411 9.9973E-05
0.417156 0.0323438 0.0393512 9.9973E-05 0.424631 9.9973E-05 0.0862182 9.9973E-05
0.338904 0.0658807 9.9982E-05 0.00301567 0.516168 0.0361336 9.9982E-05 0.0396982
0.239591 9.9973E-05 0.0965215 9.9973E-05 0.587965 9.9973E-05 0.0472526 0.0283695
0.917839 9.9946E-05 9.9946E-05 9.9946E-05 0.0815612 9.9946E-05 9.9946E-05 9.9946E-05
0.531111 0.0641862 0.0276283 9.9982E-05 0.330263 9.9982E-05 0.00501565 0.0415958
0.541541 0.106098 9.9973E-05 0.00990032 0.306269 0.0358923 9.9973E-05 9.9973E-05
0.860052 0.0250852 9.9955E-05 0.114363 9.9955E-05 9.9955E-05 9.9955E-05 9.9955E-05
0.381545 9.9973E-05 0.0615016 9.9973E-05 0.435662 0.0243424 0.0966498 9.9973E-05
0.592599 0.0708268 9.9973E-05 0.09882 0.0868814 9.9973E-05 9.9973E-05 0.150572
0.736275 0.111465 9.9955E-05 0.15176 9.9955E-05 9.9955E-05 9.9955E-05 9.9955E-05
0.320496 0.00744835 0.0559528 0.0559522 0.49055 0.0675495 9.9991E-05 0.00195108
0.582857 0.0407999 0.0296347 9.9991E-05 0.216964 0.0178569 0.0842918 0.0274965
0.3286 9.9991E-05 0.0293621 0.0169922 0.387287 0.064818 0.150682 0.0221599
9.9982E-05 0.0679232 0.0889655 0.0974194 0.701925 9.9982E-05 0.0373843 0.00618242
0.278573 9.9973E-05 0.0481906 9.9973E-05 0.55986 9.9973E-05 0.0344882 0.0785889
0.14741 0.0851698 9.9982E-05 0.167113 0.389614 9.9982E-05 0.202914 0.00757872
0.341964 0.0185838 9.9982E-05 0.00999481 0.565503 9.9982E-05 0.0605021 0.00325223
0.393279 9.9991E-05 0.0458469 0.00531471 0.46618 0.0252294 0.0593943 0.00465558
0.686883 9.9946E-05 9.9946E-05 9.9946E-05 0.312517 9.9946E-05 9.9946E-05 9.9946E-05
0.158742 0.0651136 0.0595331 0.0472127 0.522323 0.048057 0.0242673 0.0747515
0.0321942 9.9973E-05 0.621896 0.00107505 9.9973E-05 9.9973E-05 0.237586 0.10695
0.06389 9.9982E-05 0.746484 0.0742334 0.0479404 9.9982E-05 0.0604832 0.00676925
9.9955E-05 9.9955E-05 0.769752 0.0684052 9.9955E-05 9.9955E-05 0.161343 9.9955E-05
9.9964E-05 0.0368918 0.773992 9.9964E-05 9.9964E-05 9.9964E-05 0.121682 0.0670339
9.9955E-05 9.9955E-05 0.682419 9.9955E-05 9.9955E-05 9.9955E-05 0.147173 0.169909
0.722457 9.9964E-05 0.0302951 9.9964E-05 0.103753 9.9964E-05 0.143095 9.9964E-05
0.593682 0.0337006 0.0794166 9.9982E-05 0.18665 9.9982E-05 0.0890136 0.0173366
0.810458 9.9964E-05 9.9964E-05 9.9964E-05 0.104247 0.0353296 9.9964E-05 0.0495655
0.174097 0.0313179 0.0483882 9.9991E-05 0.456604 0.118721 0.0766277 0.0941437
0.157792 0.0387823 0.110868 9.9991E-05 0.512882 0.00605642 0.021223 0.152296
0.61864 9.9964E-05 9.9964E-05 9.9964E-05 0.207053 0.0856816 9.9964E-05 0.0882255
0.302824 0.0632385 9.9973E-05 9.9973E-05 0.490757 0.0573327 9.9973E-05 0.0855475
0.39216 0.000975158 0.0111978 0.0944156 0.450634 0.00567501 9.9991E-05 0.0448426
0.162539 0.0540118 0.0161513 0.00326469 0.579196 9.9991E-05 0.0272262 0.157511
0.353639 9.9964E-05 0.0945257 9.9964E-05 0.467044 0.0843922 9.9964E-05 9.9964E-05
0.560395 9.9973E-05 9.9973E-05 9.9973E-05 0.210467 0.0696855 0.130106 0.0290462
0.570508 9.9964E-05 0.00179386 9.9964E-05 0.379185 9.9964E-05 0.0481135 9.9964E-05
0.474887 9.9964E-05 9.9964E-05 9.9964E-05 0.31804 9.9964E-05 0.139543 0.0671304
9.9982E-05 0.0177179 0.0335966 0.0673119 0.535381 0.00210602 9.9982E-05 0.343687
0.495904 9.9955E-05 9.9955E-05 9.9955E-05 0.428154 9.9955E-05 0.0754418 9.9955E-05
0.409758 9.9964E-05 0.042983 9.9964E-05 0.420631 9.9964E-05 9.9964E-05 0.126228
9.9982E-05 9.9982E-05 0.066088 0.00404709 0.387955 0.431907 0.045522 0.0642815
0.0368204 0.0819747 0.0886517 9.9973E-05 0.323558 0.468696 9.9973E-05 9.9973E-05
9.9982E-05 0.0282447 0.0775479 0.0692543 0.374091 0.430945 0.0197168 9.9982E-05
0.0155945 9.9991E-05 0.0704595 0.13889 0.298091 0.399973 0.0112834 0.0656088
9.9982E-05 0.042584 0.140533 0.0250964 0.505093 0.270166 9.9982E-05 0.0163286
0.222184 0.024174 9.9991E-05 0.0325659 0.513461 0.0166842 0.0108746 0.179955
9.9964E-05 9.9964E-05 0.207529 0.152908 0.0788901 0.560273 9.9964E-05 9.9964E-05
0.0423094 0.0387003 0.127666 0.00666883 0.224234 0.555706 9.9991E-05 0.00461593
0.119743 9.9973E-05 0.140552 9.9973E-05 0.250053 0.247139 9.9973E-05 0.242212
9.9982E-05 9.9982E-05 0.112977 0.0288444 0.529278 0.00973347 0.0404585 0.278509
0.0133977 0.0228172 0.0845991 9.9991E-05 0.292944 0.0670191 0.0602751 0.458848
9.9955E-05 9.9955E-05 0.06416 9.9955E-05 0.564138 9.9955E-05 9.9955E-05 0.371202
0.0630436 9.9991E-05 0.0395855 0.0611957 0.543954 0.00406428 0.12593 0.162127
9.9964E-05 9.9964E-05 0.182868 0.079497 0.391847 0.345389 9.9964E-05 9.9964E-05
9.9982E-05 0.0658475 0.120487 9.9982E-05 0.425645 0.318762 0.019834 0.0492237
9.9964E-05 9.9964E-05 9.9964E-05 0.0588104 0.386588 0.467289 9.9964E-05 0.0869131
9.9982E-05 0.0817165 0.123986 0.0623406 0.438315 0.254523 9.9982E-05 0.0389186
0.0288139 9.9982E-05 0.00695844 0.173577 0.271084 0.493759 9.9982E-05 0.025608
0.00157162 0.0177549 0.132832 0.116284 0.412368 0.263867 9.9991E-05 0.055222
9.9982E-05 0.0352914 0.111188 0.0487014 0.242484 0.556201 9.9982E-05 0.00593342
0.0471822 0.0770481 9.9982E-05 0.140744 0.379846 0.334086 0.0208936 9.9982E-05
0.0472227 9.9973E-05 9.9973E-05 0.110267 0.527642 0.000682181 9.9973E-05 0.313886
9.9973E-05 9.9973E-05 0.225666 0.0571476 0.399337 0.24019 9.9973E-05 0.0773595
9.9964E-05 9.9964E-05 0.148439 0.0803957 0.200749 0.570016 9.9964E-05 9.9964E-05
0.102313 0.061567 0.118324 9.9982E-05 0.379914 0.33422 0.00346244 9.9982E-05
0.0116021 9.9982E-05 0.132064 9.9982E-05 0.126196 0.0206177 0.139259 0.570062
9.9973E-05 0.0239369 9.9973E-05 9.9973E-05 0.502451 0.102071 0.0740321 0.297209
9.9982E-05 0.0264249 0.167687 9.9982E-05 0.340912 0.315025 0.0612329 0.0885181
9.9964E-05 9.9964E-05 0.0925128 9.9964E-05 0.539786 9.9964E-05 0.0792506 0.28805
0.0935381 9.9982E-05 0.151676 0.00867403 0.357031 0.062765 9.9982E-05 0.326116
0.0319699 9.9991E-05 0.0968956 0.108051 0.365411 0.250047 0.0575977 0.0899284
9.9982E-05 0.127827 0.124263 0.13263 0.369028 0.23802 0.0080331 9.9982E-05
0.0811718 9.9991E-05 0.0548059 0.0256668 0.445886 0.145979 0.129659 0.116731
0.0563901 0.0533103 0.0968312 0.0760515 0.266595 0.448654 9.9991E-05 0.00206805
9.9973E-05 0.00492511 0.0555153 0.115134 0.453277 0.370849 9.9973E-05 9.9973E-05
9.9973E-05 9.9973E-05 0.17704 0.0681631 0.179894 0.570311 9.9973E-05 0.0042929
0.0478894 9.9982E-05 0.0702208 0.0759607 0.633901 9.9982E-05 0.0286316 0.143196
0.0795044 9.9964E-05 0.180862 9.9964E-05 0.458395 9.9964E-05 9.9964E-05 0.280839
9.9964E-05 9.9964E-05 0.0145665 0.240035 0.121679 9.9964E-05 9.9964E-05 0.623319
0.0271822 9.9982E-05 0.174736 9.9982E-05 0.572185 0.0214619 0.0444316 0.159803
0.0528734 0.00499039 0.0754179 0.107006 0.448721 0.0165623 0.130911 0.163517
0.0981559 9.9982E-05 0.0923787 0.119552 0.466487 0.0912123 9.9982E-05 0.132015
0.098657 0.0228356 0.0482424 0.150868 0.511644 0.0496629 9.9991E-05 0.11799
0.025396 9.9973E-05 9.9973E-05 0.860515 0.0439684 0.0445271 9.9973E-05 0.0252933
9.9946E-05 9.9946E-05 9.9946E-05 0.973505 9.9946E-05 9.9946E-05 9.9946E-05 0.025895
