0.0309737 0.0420648 0.00026522 9.9982E-05 0.85411 9.9982E-05 0.0567384 0.0156475
9.9973E-05 0.01251 9.9973E-05 9.9973E-05 0.8855 0.0441466 0.0404973 0.017046
0.0761179 9.9982E-05 0.0583889 9.9982E-05 0.786315 0.00438153 0.0403888 0.0342079
9.9973E-05 0.114054 0.0701213 9.9973E-05 0.716631 9.9973E-05 0.0763707 0.0225226
0.0660111 9.9964E-05 0.0336235 9.9964E-05 0.870959 9.9964E-05 9.9964E-05 0.0290064
0.0852914 0.00599769 0.0593035 0.0735798 0.595089 0.08359 0.00543905 0.0917098
9.9973E-05 0.0633662 0.0157494 0.0637296 0.795778 9.9973E-05 0.0610774 9.9973E-05
9.999E-05 0.031776 0.00786474 0.0708999 0.718914 0.00529914 0.0342213 0.130925
9.9982E-05 0.0234092 9.9982E-05 0.0447381 0.840282 0.0517851 0.000302277 0.0392835
0.0925322 9.9991E-05 0.105567 0.0248836 0.677134 0.0321634 0.0127274 0.0548925
0.0586099 9.9973E-05 9.9973E-05 0.071896 0.742617 0.0072519 9.9973E-05 0.119325
0.0733831 0.83218 0.0180394 9.9973E-05 0.0197718 0.056326 9.9973E-05 9.9973E-05
0.401886 0.381545 0.0308397 9.9982E-05 9.9982E-05 0.0372741 0.0647925 0.0834624
0.128255 0.718331 0.0191801 9.9982E-05 0.0656522 9.9982E-05 0.0424784 0.0259033
0.093762 0.704373 0.144984 9.9964E-05 0.056482 9.9964E-05 9.9964E-05 9.9964E-05
0.233836 0.427399 0.141561 0.072079 0.124414 9.9982E-05 9.9982E-05 0.000511526
0.384418 0.417027 0.141433 0.0299311 9.9982E-05 0.00681489 0.0201763 9.9982E-05
0.359878 0.375102 0.0822278 0.0278545 9.9982E-05 0.147654 0.0070833 9.9982E-05
0.189138 0.601496 0.0353016 9.9964E-05 0.173664 9.9964E-05 9.9964E-05 9.9964E-05
9.9973E-05 0.787999 9.9973E-05 0.0441386 0.0439922 9.9973E-05 0.0174891 0.106081
0.262411 0.403995 0.101565 0.0703876 9.9991E-05 0.0588833 0.0288069 0.0738513
0.355266 0.364762 0.0558016 0.142578 9.9991E-05 0.0380705 0.0404389 0.0029833
0.467066 0.381051 0.0152381 0.0237813 0.0664758 9.9991E-05 0.0177911 0.0284968
0.101763 0.784215 0.0495142 9.9973E-05 9.9973E-05 0.00694155 0.0572661 9.9973E-05
0.583946 0.127518 0.0680652 9.9982E-05 0.0512143 0.101506 0.0675504 9.9982E-05
0.309621 0.47036 0.154361 9.9964E-05 9.9964E-05 9.9964E-05 0.0652581 9.9964E-05
9.9973E-05 0.840783 0.0661049 9.9973E-05 0.00691367 0.0368124 0.049086 9.9973E-05
0.0694935 0.744723 0.117345 9.9973E-05 0.0662756 9.9973E-05 0.00186343 9.9973E-05
9.9955E-05 0.899921 9.9955E-05 0.0797203 0.0198584 9.9955E-05 9.9955E-05 9.9955E-05
9.994E-05 9.994E-05 9.994E-05 9.994E-05 9.994E-05 9.994E-05 0.9993 9.994E-05
9.994E-05 9.994E-05 9.994E-05 9.994E-05 9.994E-05 9.994E-05 0.9993 9.994E-05
0.100572 9.9964E-05 0.00735237 9.9964E-05 0.504715 9.9964E-05 0.386961 9.9964E-05
0.0844842 9.9973E-05 0.0690398 9.9973E-05 0.476356 0.0503203 0.319499 9.9973E-05
0.514117 0.189342 0.0170714 0.0603597 0.000928968 0.191415 9.9991E-05 0.0266659
0.540644 0.0155611 9.9982E-05 9.9982E-05 0.0926232 0.231039 0.0185653 0.101368
0.476757 9.9973E-05 9.9973E-05 9.9973E-05 0.107446 0.388105 0.00242772 0.0249642
0.05033 0.597266 9.9973E-05 9.9973E-05 0.108984 0.0817799 9.9973E-05 0.16134
0.246371 0.00935303 0.0454906 0.0515909 9.9991E-05 0.594444 0.0475903 0.00505978
0.398318 0.258928 0.0369567 0.0750906 0.0228979 0.190618 0.00259515 0.0145956
0.652997 0.0274931 0.0777463 0.0358067 9.9982E-05 0.18889 0.0168667 9.9982E-05
0.59593 9.9973E-05 9.9973E-05 0.0827849 0.0797101 0.163757 9.9973E-05 0.0775174
0.5391 0.0346919 0.0582855 0.0137896 0.0448198 0.237788 0.0584884 0.0130367
0.00676026 0.246886 9.9973E-05 9.9973E-05 0.0775301 0.657542 0.0109816 9.9973E-05
0.607565 0.0415814 0.0185735 0.189498 0.055246 0.0873361 9.9982E-05 9.9982E-05
0.542374 0.0892761 0.0524678 9.9973E-05 9.9973E-05 0.267064 0.0485178 9.9973E-05
0.520245 0.0792859 0.116548 9.9991E-05 0.0561134 0.106172 0.0670541 0.0544806
0.291842 0.00168534 9.9964E-05 0.0425614 9.9964E-05 0.663512 9.9964E-05 9.9964E-05
0.563128 0.0832152 0.0571259 0.0543717 0.0726117 0.155956 0.0134913 9.9991E-05
0.596147 0.00400867 0.0664641 0.0700785 0.129464 0.133637 9.9982E-05 9.9982E-05
9.9955E-05 9.9955E-05 9.9955E-05 0.392054 0.0673492 0.540097 9.9955E-05 9.9955E-05
0.173997 0.335822 9.9973E-05 0.135454 9.9973E-05 0.110816 9.9973E-05 0.243612
9.9982E-05 0.365336 0.0128676 0.480676 0.0315143 0.0853748 9.9982E-05 0.0240316
0.47697 0.189744 0.0426477 9.9991E-05 0.0267871 0.141531 0.0503789 0.0718408
0.582603 0.170748 0.0601931 0.108628 0.0775281 9.9973E-05 9.9973E-05 9.9973E-05
0.636545 0.0387269 0.00792095 0.195794 0.039241 0.0508123 0.0308602 9.9991E-05
0.121552 0.200723 9.9991E-05 0.112738 0.0995701 0.216586 0.0250137 0.223717
0.417812 0.136315 0.0433674 0.0809408 9.9991E-05 0.186901 0.0277487 0.106815
0.455456 0.187412 0.133319 0.164776 0.0391437 0.0196929 9.9982E-05 9.9982E-05
0.263123 0.203998 0.035037 0.0663807 0.129429 0.204338 0.0167965 0.0808989
0.0614836 0.349801 0.00704883 0.166098 0.217373 0.0558894 0.00290285 0.139402
0.493449 0.189383 9.9982E-05 0.0356952 0.0164844 0.132407 0.132381 9.9982E-05
0.403286 0.40603 0.0196864 0.0974434 0.0551426 0.00947341 9.9991E-05 0.00883822
9.9973E-05 0.556407 9.9973E-05 0.0644513 9.9973E-05 0.154238 0.080197 0.144407
0.325366 0.429381 0.047308 0.120229 9.9973E-05 0.0774154 9.9973E-05 9.9973E-05
0.515971 0.165694 0.0779245 0.109732 0.0130438 0.100678 0.0168568 9.9991E-05
0.447025 0.181155 0.00745366 9.9991E-05 0.0876713 0.135626 0.0100566 0.130913
0.171394 0.377465 0.0503405 0.096413 0.0666276 0.208043 0.0142344 0.0154825
0.27521 0.474632 0.0779786 0.108111 9.9982E-05 0.0245289 0.0393388 9.9982E-05
0.607798 0.0649796 0.0156217 0.0748793 9.9991E-05 0.10737 0.0733848 0.055866
0.0401339 0.624949 9.9982E-05 0.181788 9.9982E-05 0.075738 0.0415029 0.0356884
0.570328 9.9955E-05 9.9955E-05 9.9955E-05 9.9955E-05 0.331622 9.9955E-05 0.0975503
0.0974028 0.0902779 9.9973E-05 9.9973E-05 0.0165426 0.775605 0.0198719 9.9973E-05
0.477205 0.205723 0.0311553 9.9991E-05 0.101221 0.129088 0.024191 0.0313159
9.9946E-05 9.9946E-05 9.9946E-05 0.167314 9.9946E-05 0.832086 9.9946E-05 9.9946E-05
9.9955E-05 0.0496816 9.9955E-05 0.163683 9.9955E-05 0.786136 9.9955E-05 9.9955E-05
0.260833 9.9964E-05 0.00591422 0.0516903 9.9964E-05 0.681163 9.9964E-05 9.9964E-05
0.403196 0.0108707 9.9964E-05 9.9964E-05 0.0539996 0.531533 9.9964E-05 9.9964E-05
0.467844 9.9982E-05 0.0750594 0.149413 0.0858078 0.211075 0.0106002 9.9982E-05
0.341764 0.151228 0.0458484 9.9982E-05 9.9982E-05 0.384746 0.0338048 0.0424078
0.0495132 0.138583 0.0860006 9.9982E-05 0.0166306 0.598422 9.9982E-05 0.11065
0.194149 0.0095781 9.9973E-05 9.9973E-05 0.0639151 0.53349 9.9973E-05 0.198568
0.321049 0.144832 0.141074 0.0458359 0.07472 0.270484 0.00190568 9.9991E-05
0.242242 0.135986 0.0136532 9.9973E-05 0.0495622 0.558257 9.9973E-05 9.9973E-05
0.438914 0.0750695 9.9973E-05 9.9973E-05 0.0486298 0.432861 0.00422596 9.9973E-05
0.323841 9.9964E-05 9.9964E-05 0.110359 9.9964E-05 0.548143 0.0172576 9.9964E-05
9.9955E-05 9.9955E-05 9.9955E-05 0.272404 0.0076998 0.719397 9.9955E-05 9.9955E-05
0.558011 0.181454 9.9964E-05 9.9964E-05 9.9964E-05 0.189603 0.0705311 9.9964E-05
0.0677299 0.109952 0.00517512 9.9973E-05 0.749654 9.9973E-05 0.0671891 9.9973E-05
0.106777 9.9955E-05 9.9955E-05 9.9955E-05 0.775256 9.9955E-05 0.117467 9.9955E-05
0.0712375 9.9964E-05 0.0186823 9.9964E-05 0.775862 9.9964E-05 0.133819 9.9964E-05
0.0531727 9.9955E-05 9.9955E-05 9.9955E-05 0.786777 9.9955E-05 0.15955 9.9955E-05
0.104553 9.9964E-05 9.9964E-05 9.9964E-05 0.773911 0.00460016 0.116536 9.9964E-05
0.0740414 9.9964E-05 9.9964E-05 9.9964E-05 0.849706 9.9964E-05 0.0400172 0.0358355
0.0529553 9.9955E-05 9.9955E-05 9.9955E-05 0.886624 9.9955E-05 0.0599214 9.9955E-05
0.412751 9.9982E-05 0.0685641 9.9982E-05 0.0797054 0.318152 0.0594495 0.0611788
0.5832 0.123178 0.0473515 9.9982E-05 0.103535 0.11909 9.9982E-05 0.0234467
9.9955E-05 0.188514 9.9955E-05 9.9955E-05 0.0486858 0.762301 9.9955E-05 9.9955E-05
0.628026 9.9982E-05 0.0352355 0.121213 0.0482134 0.113596 9.9982E-05 0.0535167
0.373214 0.184208 9.9982E-05 9.9982E-05 0.0055385 0.381246 0.0270974 0.0284961
0.549697 0.0362497 0.0391736 9.9982E-05 0.019998 0.327033 0.0276489 9.9982E-05
0.532369 0.136929 0.00139492 9.9973E-05 0.037926 0.291081 9.9973E-05 9.9973E-05
0.470299 0.0315859 0.04923 9.9964E-05 9.9964E-05 0.448485 9.9964E-05 9.9964E-05
9.9964E-05 9.9964E-05 9.9964E-05 0.00288957 0.109705 0.740629 9.9964E-05 0.146376
0.463181 0.0742177 0.0404212 0.0129576 0.164706 0.223479 9.9991E-05 0.0209372
0.530381 0.0851993 0.0278709 0.0579557 0.00125055 0.291489 0.00575289 9.9991E-05
0.428954 0.122021 0.176631 0.0585056 9.9991E-05 0.121466 0.0517576 0.0405651
0.211216 0.0203489 0.047229 0.158387 9.9982E-05 0.530979 0.03164 9.9982E-05
0.485861 9.9973E-05 0.00612785 0.129208 0.00709056 0.371413 9.9973E-05 9.9973E-05
0.42392 0.0750131 9.9982E-05 9.9982E-05 0.0018156 0.401312 0.0250589 0.0726808
0.314678 9.9964E-05 0.0528269 9.9964E-05 9.9964E-05 0.616193 0.0159022 9.9964E-05
0.45363 9.9964E-05 9.9964E-05 9.9964E-05 0.0652084 0.364809 9.9964E-05 0.115953
0.474704 0.218297 0.017976 0.0829732 0.0906043 0.0911727 0.0122021 0.0120711
0.166366 0.502921 0.0264402 0.169561 0.0553702 0.0748909 0.00435085 9.9991E-05
0.282832 0.218611 0.140225 0.124153 0.0345024 9.9991E-05 0.0122756 0.187301
0.534561 0.229523 9.9982E-05 0.104403 0.0172417 9.9982E-05 0.0706873 0.0433837
0.538387 0.130362 0.10127 9.9982E-05 0.131591 0.0597563 9.9982E-05 0.0384337
0.350585 0.517344 9.9973E-05 0.0558543 0.0518679 9.9973E-05 0.0240491 9.9973E-05
0.508095 0.379084 0.0203801 9.9982E-05 0.0441093 9.9982E-05 0.00994148 0.0381905
0.377714 0.424972 9.9964E-05 9.9964E-05 0.0318815 9.9964E-05 9.9964E-05 0.165033
0.555565 0.135986 0.0112584 0.161058 0.0551634 0.010886 9.9991E-05 0.0699832
0.537391 0.115223 0.084645 0.0184005 0.0958311 0.0901256 0.0138238 0.0445605
0.468181 0.369174 9.9982E-05 0.00931741 0.0800506 9.9982E-05 0.0207312 0.0523459
0.435287 0.390084 9.9973E-05 9.9973E-05 9.9973E-05 0.0529531 0.00944727 0.111929
0.610309 0.0609077 0.0775603 0.0428794 0.0406564 0.0542287 0.0314741 0.0819849
0.477405 0.0429105 0.0569127 0.0487219 0.0894654 0.170086 9.9991E-05 0.114399
0.430966 0.298144 0.121286 9.9982E-05 0.0129488 0.0946827 9.9982E-05 0.0417725
0.456147 0.100653 0.109404 0.0919569 0.0902642 9.9991E-05 0.00554552 0.14593
0.490027 0.178716 0.0173676 0.0567937 9.9991E-05 0.158132 0.0323413 0.0665227
0.311051 0.331171 9.9982E-05 0.178985 0.0822159 9.9982E-05 0.0483447 0.0480321
0.559723 0.24447 0.085365 0.00280834 9.9991E-05 0.0053498 0.0448046 0.0573794
0.665625 0.162487 9.9982E-05 0.0048445 0.108229 9.9982E-05 0.0225341 0.0360799
0.159347 0.38897 0.0459648 0.0745644 0.0304937 0.149949 9.9991E-05 0.150611
0.0859518 0.356992 0.0761853 0.331153 0.0165509 0.0480311 9.9991E-05 0.085035
0.479897 0.216908 0.000696812 0.0385101 0.0328444 0.0557716 9.9991E-05 0.175272
9.9973E-05 0.323879 0.052283 0.375124 9.9973E-05 0.125523 9.9973E-05 0.122891
0.130266 0.453916 9.9982E-05 0.021951 0.0413556 0.221013 9.9982E-05 0.131298
0.389499 0.35741 9.9973E-05 0.0372651 9.9973E-05 0.0509385 9.9973E-05 0.164587
0.212357 0.48148 9.9973E-05 9.9973E-05 9.9973E-05 0.105373 0.0332227 0.167268
0.219997 0.494127 9.9973E-05 9.9973E-05 0.0300026 0.0956252 9.9973E-05 0.159948
0.567672 0.160343 0.0607927 9.9991E-05 0.0306597 0.106566 0.026534 0.0473322
0.484932 0.239679 0.0551709 0.0852765 0.0408098 0.0118039 9.9991E-05 0.0822283
0.446218 0.227579 0.103725 0.052237 9.99848E-05 0.108177 9.99848E-05 0.0618635
0.0142296 0.55558 0.0426587 0.234681 9.9991E-05 0.06554 0.0326245 0.0545862
0.532949 0.0512276 0.0494454 0.0651858 0.150988 0.132467 0.0176382 9.9991E-05
0.541396 0.11099 0.0379213 0.186954 0.0658201 9.9982E-05 9.9982E-05 0.0567191
0.0245331 0.052937 9.9991E-05 0.603365 0.11788 0.0993628 0.013235 0.088587
0.537419 0.0373298 0.0569236 0.155152 0.0794732 0.133502 9.9982E-05 9.9982E-05
0.384249 0.0151031 0.0218603 0.288778 0.10303 0.186779 9.9982E-05 9.9982E-05
0.534615 0.083454 0.0356493 0.202635 0.0896521 0.0418591 0.0120354 9.9991E-05
0.286742 0.0609355 0.000365565 0.374467 0.101155 0.0914316 0.0314407 0.0534628
0.175747 0.138414 9.9991E-05 0.428557 0.0581273 0.0555091 0.0409519 0.102594
0.437647 0.0843949 9.9982E-05 0.26837 0.0321792 0.115194 9.9982E-05 0.0620143
0.513353 0.0667647 0.0573769 0.0965156 0.0568821 0.1035 9.9991E-05 0.105507
0.287115 0.279105 0.0106084 0.17838 0.146369 0.0762432 9.9991E-05 0.0220802
9.9982E-05 0.189955 0.151643 0.387512 0.0535904 0.205399 0.0117008 9.9982E-05
0.533321 0.0923326 0.0337281 0.119978 0.045097 0.133172 0.0322099 0.0101616
0.346501 0.190472 9.9973E-05 0.332284 9.9973E-05 0.119917 9.9973E-05 0.0105271
0.470909 0.197516 9.9982E-05 0.198454 0.0188938 0.097322 9.9982E-05 0.0167054
0.657194 9.9982E-05 0.0915303 0.0915277 0.0414846 0.081315 9.9982E-05 0.0367489
0.0586473 0.145529 0.305303 0.180068 0.236239 9.9982E-05 0.0740135 9.9982E-05
9.9955E-05 9.9955E-05 0.127224 0.355891 0.516386 9.9955E-05 9.9955E-05 9.9955E-05
9.9964E-05 9.9964E-05 0.154478 0.410626 0.384959 9.9964E-05 0.0495365 9.9964E-05
0.0269522 0.0842551 0.33462 0.153146 0.395238 9.9982E-05 0.00558779 9.9982E-05
0.72302 9.9955E-05 9.9955E-05 0.266078 0.0104029 9.9955E-05 9.9955E-05 9.9955E-05
0.44037 9.9982E-05 0.149806 0.183099 9.9982E-05 0.121118 0.0176567 0.0877497
0.296226 0.0541259 0.646498 9.9964E-05 9.9964E-05 9.9964E-05 0.0027499 9.9964E-05
0.27997 0.198369 0.417801 0.00346998 0.0191495 0.0147214 0.0664199 9.9991E-05
0.318477 0.12133 0.393231 9.9991E-05 0.0421977 0.00532321 0.0328125 0.0865291
0.30953 0.0394057 9.9973E-05 0.483119 9.9973E-05 0.128788 0.0388576 9.9973E-05
0.41033 9.9991E-05 0.11016 0.0977732 0.0880219 0.218555 0.00212055 0.0729392
0.222554 0.016013 9.9973E-05 0.67509 9.9973E-05 0.0653716 9.9973E-05 0.0206715
0.645362 9.9982E-05 0.0121734 0.191052 0.0146988 0.117969 9.9982E-05 0.0185448
0.487412 0.118474 0.0158814 0.333364 9.9973E-05 0.0445686 9.9973E-05 9.9973E-05
0.620733 0.0787002 9.9982E-05 0.256426 9.9982E-05 0.00666405 0.0306297 0.0066471
0.209794 0.136418 9.9982E-05 0.542348 9.9982E-05 0.106567 0.00245063 0.00222193
0.651172 0.0165533 0.129938 0.0862534 9.9982E-05 0.0917629 0.0241206 9.9982E-05
0.544285 9.9982E-05 0.0713261 0.213755 0.0309906 0.096346 9.9982E-05 0.0430968
0.0545222 9.9955E-05 0.922539 9.9955E-05 9.9955E-05 0.0224388 9.9955E-05 9.9955E-05
0.126079 0.0140813 0.836175 0.0167472 9.9973E-05 9.9973E-05 9.9973E-05 0.00661736
0.174194 0.0567371 0.6093 9.9982E-05 0.0248404 0.129548 0.00518045 9.9982E-05
0.300341 9.9955E-05 0.636566 9.9955E-05 9.9955E-05 9.9955E-05 9.9955E-05 0.0625938
0.167423 9.9964E-05 0.799356 9.9964E-05 0.000578832 9.9964E-05 9.9964E-05 0.0322418
9.994E-05 9.994E-05 0.9993 9.994E-05 9.994E-05 9.994E-05 9.994E-05 9.994E-05
9.9973E-05 9.9973E-05 0.906372 9.9973E-05 0.0365638 0.00525711 0.0280759 0.0234312
0.166671 9.9946E-05 0.832729 9.9946E-05 9.9946E-05 9.9946E-05 9.9946E-05 9.9946E-05
9.9964E-05 0.0143565 0.981322 9.9964E-05 9.9964E-05 9.9964E-05 0.000582153 0.0033392
9.994E-05 9.994E-05 0.9993 9.994E-05 9.994E-05 9.994E-05 9.994E-05 9.994E-05
9.9946E-05 9.9946E-05 0.969561 9.9946E-05 9.9946E-05 9.9946E-05 0.0298391 9.9946E-05
0.214124 9.9973E-05 0.731027 9.9973E-05 0.00014658 9.9973E-05 0.0364985 0.0179036
0.0755057 0.00767296 0.800987 9.9982E-05 0.00763029 9.9982E-05 0.00662713 0.101377
9.9982E-05 0.0113306 0.940607 9.9982E-05 0.0121977 0.0109173 0.00465148 0.0200957
0.305063 0.0754576 0.475642 9.9982E-05 9.9982E-05 0.026162 0.0255694 0.0919059
0.212887 0.0861671 0.634038 0.00104073 9.9973E-05 9.9973E-05 9.9973E-05 0.0655674
0.185634 0.00632191 0.756339 9.9973E-05 9.9973E-05 9.9973E-05 0.0487285 0.00267676
9.9955E-05 9.9955E-05 0.916824 9.9955E-05 0.0204081 9.9955E-05 0.0622678 9.9955E-05
0.0386238 9.9964E-05 0.93876 9.9964E-05 9.9964E-05 0.0213981 9.9964E-05 0.000818548
0.102648 9.9955E-05 0.868378 9.9955E-05 0.0284746 9.9955E-05 9.9955E-05 9.9955E-05
9.994E-05 9.994E-05 0.9993 9.994E-05 9.994E-05 9.994E-05 9.994E-05 9.994E-05
0.265531 0.0862013 0.596354 9.9991E-05 0.00340973 0.00302506 0.0206079 0.024771
9.9964E-05 0.00799022 0.897701 9.9964E-05 0.0144338 0.0794753 9.9964E-05 9.9964E-05
9.9973E-05 0.0339008 0.0132022 0.600507 0.35089 0.00120092 9.9973E-05 9.9973E-05
0.387011 0.00691668 0.0184901 0.175336 0.167581 0.0389103 0.0755483 0.130206
0.490692 9.9991E-05 0.0604268 0.161683 0.182962 0.0341011 0.019693 0.0503422
0.187038 9.9982E-05 0.101822 0.444471 0.148271 9.9982E-05 0.0281312 0.0900661
0.447001 0.0486559 0.105756 0.144886 0.219764 0.0170832 0.00436482 0.0124896
0.169555 0.0307635 0.0968293 0.417927 0.215071 0.0589354 0.0108195 9.9991E-05
0.502631 0.0524799 0.0259212 0.123095 0.196089 0.0400725 0.0596125 9.9991E-05
0.357202 9.9982E-05 0.16442 0.265346 0.165843 0.043818 0.00317157 9.9982E-05
0.497588 9.9982E-05 0.127627 0.187635 0.0467742 9.9982E-05 0.0793734 0.0608013
0.328445 9.9964E-05 0.188144 0.323094 0.159917 9.9964E-05 9.9964E-05 9.9964E-05
0.428666 0.11593 0.110315 0.140948 0.141532 0.0597536 0.00275598 9.9991E-05
0.0798103 9.9964E-05 9.9964E-05 0.00457858 0.822065 9.9964E-05 9.9964E-05 0.0931463
9.9964E-05 9.9964E-05 0.0549898 0.0498868 0.823268 9.9964E-05 0.0714553 9.9964E-05
0.00726124 9.9964E-05 9.9964E-05 9.9964E-05 0.897662 9.9964E-05 0.0709685 0.0237085
0.0523764 9.9964E-05 9.9964E-05 9.9964E-05 0.884575 9.9964E-05 0.0554617 0.00718673
0.0295666 0.0461315 9.9973E-05 9.9973E-05 0.796542 9.9973E-05 0.0990547 0.0284056
9.9973E-05 0.0260812 0.0728843 0.0316781 0.785801 9.9973E-05 0.0832558 9.9973E-05
9.9973E-05 9.9973E-05 0.0682489 9.9973E-05 0.795742 0.00345648 0.100186 0.032066
0.0553419 9.9964E-05 9.9964E-05 0.0617311 0.854128 9.9964E-05 0.0283994 9.9964E-05
0.0430082 0.0456345 9.9973E-05 9.9973E-05 0.870013 0.00523829 0.0358056 9.9973E-05
9.9982E-05 0.0371563 0.0899997 0.0317683 0.81125 9.9982E-05 0.0212398 0.00838606
9.9973E-05 0.125783 9.9973E-05 9.9973E-05 0.608113 0.163414 0.0424581 0.0599313
9.9973E-05 0.164202 9.9973E-05 9.9973E-05 0.532739 0.0610083 0.0509148 0.190837
9.9982E-05 0.136097 9.9982E-05 0.119387 0.500918 0.0252562 0.0599904 0.158151
9.9973E-05 0.21969 9.9973E-05 0.0365722 0.51171 0.059444 9.9973E-05 0.172284
0.470821 0.181344 9.9982E-05 0.047279 0.028942 0.251239 0.0201752 9.9982E-05
0.393182 0.13694 0.0713634 9.9982E-05 0.0140832 0.323963 9.9982E-05 0.0602682
0.454289 0.207015 0.0440949 9.9991E-05 0.0415321 0.133066 0.00125075 0.118653
0.290461 0.486744 9.9982E-05 9.9982E-05 0.0387216 0.138226 0.0187036 0.0269441
0.105873 0.465575 0.00525148 0.0417038 9.9982E-05 0.0820996 9.9982E-05 0.299297
0.56667 0.109789 0.0186325 9.9982E-05 0.045224 0.247987 0.0114976 9.9982E-05
0.559415 0.133146 0.0161103 0.0659066 9.9991E-05 0.150722 0.0102959 0.0643041
0.508915 0.0839098 9.9973E-05 0.0989908 9.9973E-05 0.226911 9.9973E-05 0.0809736
0.329863 9.9964E-05 0.025811 0.0274486 9.9964E-05 0.616477 9.9964E-05 9.9964E-05
0.569804 9.9973E-05 9.9973E-05 0.080425 0.0497023 0.206332 9.9973E-05 0.0934366
0.407619 9.9964E-05 9.9964E-05 0.0567941 9.9964E-05 0.343694 9.9964E-05 0.191493
9.9964E-05 0.0674029 9.9964E-05 0.257593 9.9964E-05 0.653521 9.9964E-05 0.0210836
0.437423 0.107816 0.0588623 9.9991E-05 0.024875 0.188677 0.0599735 0.122273
0.261537 0.0175528 0.00990972 0.194937 9.9973E-05 0.515764 9.9973E-05 9.9973E-05
0.514454 0.0568417 9.9973E-05 0.0804999 9.9973E-05 0.320166 0.0277389 9.9973E-05
0.0563842 0.184812 9.9982E-05 0.0262724 0.0556041 0.60963 9.9982E-05 0.0670973
0.0169922 9.9982E-05 0.0103518 0.0654141 0.0914249 0.00650143 9.9982E-05 0.809115
0.0770148 9.9973E-05 0.017474 0.0563594 0.00723847 9.9973E-05 9.9973E-05 0.841613
0.0123611 9.9955E-05 9.9955E-05 0.0672215 9.9955E-05 9.9955E-05 9.9955E-05 0.919918
9.9955E-05 9.9955E-05 9.9955E-05 9.9955E-05 0.0744558 0.0342049 9.9955E-05 0.89084
0.0171702 9.9973E-05 0.0881094 0.0267002 9.9973E-05 9.9973E-05 0.00765909 0.860061
0.102533 9.9955E-05 0.104804 9.9955E-05 9.9955E-05 9.9955E-05 9.9955E-05 0.792163
0.0589976 9.9973E-05 0.00906299 9.9973E-05 0.823621 0.0475042 0.0605147 9.9973E-05
0.0512787 0.103072 9.9973E-05 9.9973E-05 0.803957 9.9973E-05 0.0247308 0.0166616
0.097997 9.9964E-05 0.116382 9.9964E-05 0.723118 9.9964E-05 0.0621029 9.9964E-05
9.9964E-05 0.131705 0.112042 9.9964E-05 0.720711 9.9964E-05 0.0351424 9.9964E-05
0.124427 9.9973E-05 0.0721649 9.9973E-05 0.758706 9.9973E-05 0.035768 0.00863391
9.9982E-05 0.0137344 9.9982E-05 0.0112266 0.374302 0.0528293 0.0215106 0.526197
9.9973E-05 9.9973E-05 9.9973E-05 0.0869219 0.395897 0.0963499 0.0363057 0.384226
9.9964E-05 9.9964E-05 9.9964E-05 9.9964E-05 0.398333 0.149408 0.0215345 0.430325
9.994E-05 9.994E-05 9.994E-05 9.994E-05 9.994E-05 9.994E-05 0.9993 9.994E-05
9.9982E-05 0.0163224 9.9982E-05 0.0274878 0.290018 0.145913 0.0638931 0.456165
0.265946 9.9964E-05 0.348777 0.181257 0.20362 9.9964E-05 9.9964E-05 9.9964E-05
0.521352 0.0516792 0.162337 9.9991E-05 0.167905 0.0497821 0.00958447 0.037261
0.48657 0.0246153 0.319975 9.9973E-05 0.118259 9.9973E-05 0.0502802 9.9973E-05
0.416435 9.9982E-05 0.186191 0.0641524 0.309234 0.0221283 9.9982E-05 0.00165908
0.449951 0.0201105 0.141565 0.100145 0.133551 0.0962258 0.0583521 9.9991E-05
9.9955E-05 9.9955E-05 0.330551 0.240367 0.428583 9.9955E-05 9.9955E-05 9.9955E-05
0.330851 0.497595 9.9973E-05 9.9973E-05 0.0109806 0.0686313 9.9973E-05 0.091642
0.332344 0.295213 9.9982E-05 0.262924 0.00342237 0.0267389 9.9982E-05 0.0791578
0.191233 0.56491 9.9973E-05 9.9973E-05 0.0369488 9.9973E-05 0.0414806 0.165128
0.407744 0.261895 9.9973E-05 0.195858 9.9973E-05 0.0925039 9.9973E-05 0.0416995
9.9964E-05 0.258276 9.9964E-05 0.585216 9.9964E-05 0.110609 9.9964E-05 0.0454994
0.527136 0.0835483 0.0784243 0.172745 0.0642577 9.9991E-05 0.00792134 0.0658671
0.46883 0.299137 9.9991E-05 0.116777 0.0240364 0.0484521 0.0278565 0.0148104
0.25673 0.504893 9.9982E-05 0.0339817 0.0970578 0.00313763 9.9982E-05 0.104
0.486565 0.374901 9.9973E-05 9.9973E-05 0.0708472 0.0564828 9.9973E-05 0.0109041
9.9955E-05 0.593449 9.9955E-05 0.368989 9.9955E-05 0.0370622 9.9955E-05 9.9955E-05
0.461231 0.112677 0.00190389 0.226871 9.9982E-05 0.0673973 9.9982E-05 0.12972
0.450289 0.312587 0.0653829 0.0857612 9.9991E-05 0.0182415 0.000290671 0.0673486
0.383924 0.189075 0.142072 0.0765215 0.156611 0.0332697 0.00563738 0.0128896
0.276683 0.412674 9.9964E-05 0.270295 9.9964E-05 0.0399493 9.9964E-05 9.9964E-05
0.36794 0.321399 0.00675735 0.0921912 0.0201926 0.104311 9.9991E-05 0.0871096
0.412933 0.186968 0.0834581 0.215386 9.9982E-05 0.0762966 9.9982E-05 0.0247586
0.526936 0.150246 9.9991E-05 0.00257442 0.0272757 0.162942 0.00719922 0.122726
0.552362 0.260011 0.0915866 0.0151494 9.9991E-05 0.00874947 0.0440269 0.0280153
0.52468 0.0943382 0.0402984 0.0315047 0.0930996 0.131793 0.0145692 0.0697177
0.524349 0.121625 0.0613243 0.0278255 0.0931307 0.0480502 0.0325668 0.0911282
0.142314 9.9955E-05 0.0673569 9.9955E-05 0.78983 9.9955E-05 9.9955E-05 9.9955E-05
0.120916 9.9964E-05 0.0533075 0.015122 0.810255 9.9964E-05 9.9964E-05 9.9964E-05
0.100335 9.9982E-05 0.0130245 0.047709 0.770156 0.0164455 9.9982E-05 0.0521299
0.00023005 9.9982E-05 0.0820461 9.9982E-05 0.746396 0.0582496 0.0241209 0.088757
0.114933 9.9973E-05 0.0403456 9.9973E-05 0.79672 9.9973E-05 0.0301139 0.0175876
0.019048 0.679947 0.0451694 0.0621055 0.014413 0.00274798 0.0154475 0.161121
0.353818 0.351236 0.0648413 0.136661 0.0748921 0.0183514 9.9982E-05 9.9982E-05
0.273414 0.0778597 0.139771 0.153071 0.117601 0.110524 0.0565538 0.071204
0.546947 0.309178 0.0378645 0.0121189 9.9982E-05 9.9982E-05 0.0771184 0.0165736
0.441383 0.357591 9.9982E-05 9.9982E-05 0.0201167 0.0824584 0.0372075 0.0610431
0.197442 0.358325 0.01471 0.277368 9.9982E-05 9.9982E-05 0.0709435 0.0810114
9.9973E-05 0.529268 9.9973E-05 0.115037 0.0975833 9.9973E-05 0.0608655 0.196946
0.5037 0.289465 9.9982E-05 0.0204049 9.9982E-05 0.00896797 0.0284748 0.148787
0.0654341 0.462458 0.0503205 0.0178272 0.0917596 0.0421641 0.0297118 0.240325
0.338131 0.158265 0.0280758 0.166013 0.0310655 0.202964 0.0412324 0.0342535
0.0179513 0.648424 9.9982E-05 0.127522 0.148352 0.0194217 9.9982E-05 0.0381295
0.439299 0.190673 0.11378 9.9991E-05 0.0715497 0.00521414 0.0613369 0.118048
0.0636092 0.681108 9.9982E-05 0.0456302 0.0781329 9.9982E-05 0.0403382 0.090982
0.222175 0.479874 0.0677821 0.144834 0.0253517 0.0278802 0.0103652 0.0217381
0.412125 0.157564 0.0662441 0.193373 0.00227834 0.106687 9.9991E-05 0.0616298
0.338729 0.0156769 9.9964E-05 0.477762 9.9964E-05 9.9964E-05 9.9964E-05 0.167432
0.606909 0.0337595 9.9973E-05 0.236211 0.0785999 9.9973E-05 9.9973E-05 0.0442212
0.529469 0.106147 0.0252039 0.118568 0.0500158 0.0992895 0.0251705 0.0461362
0.409035 0.0652892 9.9973E-05 0.424057 9.9973E-05 0.0143243 9.9973E-05 0.0869941
0.564339 0.00534276 0.071586 0.16627 0.0164842 0.066259 0.0528472 0.0568724
0.567551 9.9964E-05 9.9964E-05 0.214905 9.9964E-05 0.154507 9.9964E-05 0.062637
0.170489 9.9964E-05 9.9964E-05 0.636775 9.9964E-05 0.0151012 9.9964E-05 0.177235
0.310629 9.9964E-05 9.9964E-05 0.595711 9.9964E-05 0.0226102 9.9964E-05 0.0706499
0.604253 0.0386073 9.9973E-05 0.242079 9.9973E-05 9.9973E-05 0.0170477 0.0977124
0.172306 9.9964E-05 9.9964E-05 0.518247 9.9964E-05 0.145261 9.9964E-05 0.163786
0.453526 0.164681 9.9973E-05 0.25058 9.9973E-05 0.0433135 9.9973E-05 0.0876007
0.0371248 0.617632 9.9973E-05 9.9973E-05 0.0574909 0.0995052 9.9973E-05 0.187947
0.153296 0.583487 0.011668 0.224198 9.9973E-05 0.02705 9.9973E-05 9.9973E-05
0.238864 0.401273 0.0955497 9.9982E-05 9.9982E-05 0.149778 0.0147202 0.0996154
0.492064 0.279584 0.0910413 0.0158721 9.9982E-05 0.0772949 9.9982E-05 0.0439438
0.0372854 0.629684 0.0566741 9.9973E-05 9.9973E-05 0.120749 9.9973E-05 0.155307
0.339012 0.211084 0.107422 0.0813312 0.00250273 0.110895 0.0681966 0.0795567
0.442787 0.22095 0.112744 0.0548776 0.00981037 9.9991E-05 0.0194011 0.13933
0.379777 0.350826 0.118389 0.098184 0.00563493 9.9982E-05 9.9982E-05 0.0469889
0.408154 0.268179 0.0972166 0.00486959 0.0142465 0.0149053 0.0426562 0.149773
0.394875 0.273671 9.9982E-05 9.9982E-05 0.0812002 0.112004 0.0152418 0.122808
0.0337946 0.610251 0.090595 9.9973E-05 9.9973E-05 0.120657 9.9973E-05 0.144403
0.271503 0.224341 0.0971832 0.0394249 9.9982E-05 0.134563 9.9982E-05 0.232785
0.453922 0.261029 0.0796241 9.9982E-05 9.9982E-05 0.111817 0.0226044 0.0708039
0.510205 0.22403 9.9973E-05 0.0873786 0.137905 9.9973E-05 9.9973E-05 0.0401825
0.426316 0.126087 9.9991E-05 0.157888 0.00365718 0.0323323 0.0340775 0.219541
0.39936 0.353301 0.0848252 0.0757805 9.9982E-05 9.9982E-05 0.00260668 0.0839268
0.381977 0.27384 0.0309059 0.0841297 0.012687 9.9991E-05 0.0744911 0.14187
0.537745 0.251214 9.9973E-05 9.9973E-05 0.0150625 0.0977859 9.9973E-05 0.0978926
0.46747 0.270277 9.9982E-05 9.9982E-05 0.0427641 0.041046 0.017164 0.161079
0.396747 0.207805 0.129943 0.145178 0.0466147 0.0735131 9.9982E-05 9.9982E-05
0.397265 0.0382005 0.127485 0.0192664 0.316969 0.0302005 0.0632288 0.00738392
0.370655 0.076973 0.282938 0.0832546 0.0660296 0.0927741 0.0272756 9.9991E-05
0.463749 0.123242 0.147603 0.0748413 0.0865368 0.0567064 0.0472215 9.9991E-05
0.503755 0.110303 0.144994 0.0395511 0.0206493 0.127936 0.0527113 9.9991E-05
0.443061 0.0300496 0.218901 0.083198 0.127594 0.0695278 0.0275684 9.9991E-05
0.377992 0.441324 9.9955E-05 0.180184 9.9955E-05 9.9955E-05 9.9955E-05 9.9955E-05
0.472966 0.114792 0.129397 0.0282851 0.110845 0.0383578 0.0441194 0.0612367
9.9973E-05 0.153504 0.139524 0.374685 0.254432 0.0775542 9.9973E-05 9.9973E-05
0.458649 0.247096 0.165202 9.9982E-05 0.0680369 9.9982E-05 0.00849891 0.0523178
0.493726 0.0064263 0.178912 0.070424 0.0920577 0.0325477 0.0288076 0.0970982
0.492765 0.0624842 0.199034 0.0240378 0.0957585 0.0928038 0.00284495 0.0302725
0.305684 0.124186 0.0965247 0.299288 0.120506 9.9982E-05 0.0536122 9.9982E-05
0.564805 0.0292538 0.17855 0.0678963 0.159196 9.9973E-05 9.9973E-05 9.9973E-05
0.523719 0.0232702 0.158163 0.186164 0.0445799 9.9982E-05 0.0639037 9.9982E-05
9.9964E-05 9.9964E-05 0.186074 0.348901 0.417595 9.9964E-05 0.0470302 9.9964E-05
0.49504 9.9982E-05 0.140077 0.168756 0.140744 0.00144916 0.0537338 9.9982E-05
0.556765 9.9973E-05 0.195192 0.0993577 0.106983 9.9973E-05 0.0414026 9.9973E-05
0.562383 9.9982E-05 0.140171 9.9982E-05 0.0584288 0.143659 0.0588669 0.0362912
0.476233 0.110106 0.192426 0.0741562 0.146779 9.9973E-05 9.9973E-05 9.9973E-05
0.481064 0.0319703 0.113617 0.0857479 0.176714 0.0374162 0.0261764 0.0472949
0.370438 0.116226 0.0723323 0.217243 0.014597 0.102454 0.0409493 0.0657599
0.612722 9.9982E-05 0.0483092 0.134192 0.0669086 0.0756679 9.9982E-05 0.0619999
0.0250455 0.210771 9.9973E-05 0.537338 9.9973E-05 0.210383 9.9973E-05 0.0161635
0.0277579 0.132147 9.9973E-05 0.669257 9.9973E-05 0.106267 9.9973E-05 0.0642716
0.317481 0.285196 0.10094 0.149348 9.9982E-05 0.133673 0.0131613 9.9982E-05
0.395663 9.9964E-05 0.329849 0.171559 0.102529 9.9964E-05 9.9964E-05 9.9964E-05
0.378605 9.9982E-05 0.290924 0.205549 0.0849127 0.0221393 0.0176701 9.9982E-05
0.144061 0.039208 0.263292 0.258306 0.236559 0.0234913 0.0349829 9.9991E-05
0.407011 9.9973E-05 0.223307 0.182858 0.126555 9.9973E-05 0.0599689 9.9973E-05
0.113893 0.0436233 0.106485 0.727023 9.9973E-05 9.9973E-05 0.00867629 9.9973E-05
0.285757 9.9982E-05 0.0454418 0.608829 0.0070358 0.0134116 0.0393243 9.9982E-05
0.630583 9.9973E-05 0.0484141 0.187217 9.9973E-05 0.10268 0.0308064 9.9973E-05
0.590029 9.9973E-05 0.0909672 0.278105 0.0161646 9.9973E-05 0.0244344 9.9973E-05
0.316287 0.00226492 0.0501751 0.578862 0.00475827 9.9982E-05 0.0474529 9.9982E-05
0.499259 0.0307176 0.180221 0.242936 0.0189563 0.00858342 9.9991E-05 0.0192273
0.61356 0.119787 0.0347552 0.176619 9.9973E-05 9.9973E-05 9.9973E-05 0.0549786
0.355554 9.9991E-05 0.160405 0.126195 0.172061 0.0769569 0.000885954 0.107842
0.394853 0.0998127 9.9982E-05 0.329503 9.9982E-05 0.0892036 0.00897749 0.0774502
0.255435 0.11524 0.0440785 0.325117 9.9982E-05 0.243434 0.0164953 9.9982E-05
0.531381 0.0638544 0.029576 0.133325 9.9991E-05 0.135272 0.0259863 0.0805051
0.337219 0.141765 0.0543203 0.246162 9.9991E-05 0.144922 0.0167093 0.0588021
0.466345 0.128434 0.0977802 0.184566 9.9982E-05 0.099727 9.9982E-05 0.0229476
0.542413 0.00744717 9.9964E-05 0.374356 9.9964E-05 0.0753847 9.9964E-05 9.9964E-05
0.27463 0.0548392 9.9973E-05 0.5342 9.9973E-05 0.0520211 9.9973E-05 0.0840098
0.637551 9.9973E-05 0.0202878 0.243659 9.9973E-05 0.0835431 0.0146586 9.9973E-05
0.188643 0.195346 0.035114 0.472023 9.9973E-05 0.108574 9.9973E-05 9.9973E-05
0.516419 9.9955E-05 9.9955E-05 0.419937 9.9955E-05 0.0631447 9.9955E-05 9.9955E-05
0.503968 9.9991E-05 0.0294704 0.129241 0.0672524 0.162516 0.0454868 0.0619659
0.50426 0.0531691 0.0330529 0.151075 9.9982E-05 0.198154 0.0600889 9.9982E-05
0.348987 0.0360629 0.265339 0.145397 0.0837236 0.0649915 0.043132 0.0123679
0.406415 0.0489353 0.150567 0.157434 0.0453124 0.120027 0.0202738 0.0510363
0.340928 9.9973E-05 0.226504 0.185617 0.126915 9.9973E-05 9.9973E-05 0.119736
0.31973 9.9982E-05 0.240195 0.128232 0.0885263 9.9982E-05 0.0546953 0.168422
0.325746 0.169194 0.187593 0.125951 0.107231 0.015198 0.033376 0.0357109
0.424885 9.9982E-05 0.215041 0.10635 0.0700311 0.10128 9.9982E-05 0.0822135
9.9991E-05 0.0157171 0.190186 0.568248 0.119833 0.0372406 0.00647164 0.0622028
0.548765 9.9982E-05 0.159907 0.0555092 0.0227349 9.9982E-05 0.045511 0.167373
9.9955E-05 9.9955E-05 0.14937 0.498575 0.351556 9.9955E-05 9.9955E-05 9.9955E-05
0.540598 0.036862 0.164448 0.127063 0.0673862 0.0593542 0.00418887 9.9991E-05
0.168827 9.9955E-05 9.9955E-05 0.567612 9.9955E-05 0.263061 9.9955E-05 9.9955E-05
9.9955E-05 0.137344 9.9955E-05 0.644936 9.9955E-05 0.21722 9.9955E-05 9.9955E-05
0.474252 0.0827322 9.9973E-05 0.283744 9.9973E-05 0.14658 0.0123921 9.9973E-05
0.662687 0.0473691 9.9973E-05 0.122947 9.9973E-05 0.130713 0.0359835 9.9973E-05
0.401875 0.0936565 9.9964E-05 0.298601 9.9964E-05 0.205468 9.9964E-05 9.9964E-05
0.43971 0.0832847 0.0380782 0.228882 9.9973E-05 0.209745 9.9973E-05 9.9973E-05
0.518232 0.144539 0.00376087 0.29622 9.9973E-05 0.0369488 9.9973E-05 9.9973E-05
0.111453 9.9982E-05 0.0653681 0.0282083 0.695533 9.9982E-05 0.0810346 0.018203
9.9973E-05 0.0860094 0.137892 9.9973E-05 0.651451 9.9973E-05 0.0170037 0.107344
9.9964E-05 9.9964E-05 0.062561 9.9964E-05 0.828165 9.9964E-05 0.0865632 0.0223112
0.0572844 9.9964E-05 9.9964E-05 0.0345473 0.764941 9.9964E-05 0.142827 9.9964E-05
0.488118 0.0754915 9.9982E-05 0.0534862 9.9982E-05 0.310518 0.0624109 0.00977531
0.454899 0.169179 9.9973E-05 9.9973E-05 0.00713116 0.325435 0.0430554 9.9973E-05
0.432067 0.148349 9.9955E-05 9.9955E-05 9.9955E-05 0.419084 9.9955E-05 9.9955E-05
0.521658 0.148274 0.0202629 9.9982E-05 0.101212 0.18122 0.0271726 9.9982E-05
0.493712 9.9991E-05 0.0699602 0.0807005 0.0879407 0.184672 0.00558857 0.0773254
0.186963 0.0471824 9.9991E-05 0.104539 0.00970884 0.569744 0.00506938 0.0766935
0.550431 0.0901515 9.9964E-05 9.9964E-05 0.00629161 0.352726 9.9964E-05 9.9964E-05
0.305863 9.9973E-05 9.9973E-05 0.108575 9.9973E-05 0.536547 0.0416492 0.00706656
0.398245 0.0820556 0.184949 0.0831468 0.169514 0.019103 0.0628864 9.9991E-05
0.329271 0.123774 0.0830198 0.0384506 9.9991E-05 0.378825 0.00361721 0.0429415
0.212992 0.0918412 0.0370943 9.9982E-05 9.9982E-05 0.533438 0.0510372 0.0733975
0.526204 0.0820849 9.9973E-05 9.9973E-05 9.9973E-05 0.352474 0.0297043 0.00923257
0.35977 0.0664069 9.9973E-05 9.9973E-05 9.9973E-05 0.503361 0.00755274 0.06261
0.508208 9.9973E-05 0.0692298 0.0286602 9.9973E-05 0.352496 9.9973E-05 0.0411062
0.541805 0.0334102 0.0127869 9.9982E-05 0.0183472 0.303876 0.0895754 9.9982E-05
0.0290711 9.9955E-05 9.9955E-05 0.111343 9.9955E-05 0.859087 9.9955E-05 9.9955E-05
0.230358 0.0345025 0.0361329 0.132771 9.9973E-05 0.565936 9.9973E-05 9.9973E-05
0.276989 0.0671615 9.9982E-05 0.0729936 9.9982E-05 0.538505 0.00900554 0.0351456
9.9946E-05 9.9946E-05 9.9946E-05 0.263753 9.9946E-05 0.735648 9.9946E-05 9.9946E-05
0.432963 0.0569139 9.9991E-05 0.0134139 0.0069077 0.354964 0.0236425 0.111095
0.0718636 9.9973E-05 9.9973E-05 0.275613 9.9973E-05 0.601476 0.00431624 0.0464313
9.9946E-05 9.9946E-05 9.9946E-05 0.295796 9.9946E-05 0.703604 9.9946E-05 9.9946E-05
0.451821 0.00595571 0.085222 9.9973E-05 9.9973E-05 0.403511 0.0531896 9.9973E-05
0.168177 0.120553 9.9973E-05 9.9973E-05 0.0711832 0.637254 9.9973E-05 0.00253301
0.434163 0.0459277 0.0428608 9.9982E-05 0.0222218 0.388579 9.9982E-05 0.0660477
0.579408 9.9982E-05 0.0593447 9.9982E-05 0.0445991 0.169773 0.0591564 0.0875188
0.417035 0.149632 0.0342652 9.9973E-05 9.9973E-05 0.35989 9.9973E-05 0.0388786
0.163597 0.596109 0.064465 0.17543 9.9964E-05 9.9964E-05 9.9964E-05 9.9964E-05
0.382286 0.105404 0.0847458 0.0547186 9.9973E-05 0.372546 9.9973E-05 9.9973E-05
0.431303 0.128295 0.0335294 9.9982E-05 9.9982E-05 0.358758 0.0138299 0.0340841
0.237146 9.9964E-05 9.9964E-05 0.0190931 9.9964E-05 0.712362 0.0309996 9.9964E-05
0.462705 9.9982E-05 0.0723721 0.0486375 9.9982E-05 0.277255 0.0421345 0.0966957
9.9982E-05 0.0981672 9.9982E-05 0.099131 0.598083 0.0326507 0.0371183 0.13465
0.0322908 0.0845864 9.9991E-05 0.0202076 0.676786 0.00974287 0.100178 0.0761084
9.9973E-05 9.9973E-05 9.9973E-05 0.0821011 0.693282 0.0194519 0.139536 0.0653298
9.9973E-05 9.9973E-05 9.9973E-05 0.00750512 0.690396 0.0548737 0.101584 0.145341
0.0316632 0.00896593 9.9982E-05 9.9982E-05 0.653526 0.0883041 0.0557591 0.161581
0.0789797 0.150236 0.0199488 9.9982E-05 0.0539147 0.686885 9.9982E-05 0.00983489
0.0287516 0.0740332 9.9991E-05 0.0539117 0.104296 0.697072 0.00867688 0.0331588
0.170869 9.9955E-05 9.9955E-05 0.149713 9.9955E-05 0.678919 9.9955E-05 9.9955E-05
0.504893 9.9982E-05 0.0748621 0.00931676 0.119468 0.270922 0.0203381 9.9982E-05
0.555649 0.116171 0.044225 0.0589035 0.0461274 0.156507 9.9991E-05 0.0223171
0.233956 9.9982E-05 0.0342406 0.0886599 0.0141971 0.605231 0.0235153 9.9982E-05
0.532561 0.023901 0.0567898 9.9973E-05 0.017146 0.369303 9.9973E-05 9.9973E-05
0.366449 9.9982E-05 0.0378462 0.0134675 0.0400492 0.516151 9.9982E-05 0.0258374
0.419592 0.148924 0.0341832 0.0496591 0.0186494 0.282802 0.00886682 0.0373233
0.612808 0.00795091 0.0338208 9.9982E-05 0.0797042 0.214565 9.9982E-05 0.0509509
0.171575 0.0206521 0.0508359 0.0314811 9.9982E-05 0.590211 9.9982E-05 0.135045
0.258511 0.0440955 9.9973E-05 9.9973E-05 9.9973E-05 0.614625 0.0501862 0.0322825
0.231918 0.0936294 0.00520613 9.9973E-05 9.9973E-05 0.52996 9.9973E-05 0.138986
0.636549 9.9973E-05 9.9973E-05 0.13882 0.131326 0.0330173 9.9973E-05 0.0599881
0.366907 0.0078233 9.9964E-05 9.9964E-05 9.9964E-05 0.583333 0.0415367 9.9964E-05
0.404445 0.0827449 9.9982E-05 9.9982E-05 0.0561176 0.434221 0.00138631 0.0208848
0.399681 9.9982E-05 0.435423 0.0978071 0.0202057 0.03505 0.0116325 9.9982E-05
0.310348 9.9991E-05 0.460833 0.0872188 0.0907334 0.0341712 0.0129959 0.00359946
0.386825 9.9973E-05 0.375264 0.0709232 0.130562 0.0361261 9.9973E-05 9.9973E-05
0.339705 9.9973E-05 0.457652 0.0658234 0.0890923 9.9973E-05 0.0474282 9.9973E-05
0.51106 9.9973E-05 0.272321 9.9973E-05 0.152967 9.9973E-05 0.00839546 0.0549565
0.445216 0.0213173 0.0427371 0.129388 0.0332638 0.327878 9.9982E-05 9.9982E-05
0.0543139 0.00534635 0.648105 0.0244927 0.220541 9.9982E-05 0.047001 9.9982E-05
0.327688 9.9973E-05 0.421425 0.0339953 0.17493 9.9973E-05 0.041661 9.9973E-05
0.481677 9.9982E-05 0.121391 0.168168 0.12904 0.0918792 9.9982E-05 0.00764513
0.598657 0.0345438 9.9982E-05 0.219472 0.0710656 9.9982E-05 0.0368209 0.0392413
0.412923 0.127103 0.0014219 0.258905 0.104021 0.0474398 0.0273874 0.0207978
0.64237 9.9973E-05 9.9973E-05 0.132834 0.126217 9.9973E-05 0.0299809 0.0682976
0.545819 0.12931 0.0282646 0.0670672 0.0990653 0.0505771 0.0146415 0.0652558
0.48705 9.9973E-05 0.328351 0.00222946 0.135706 9.9973E-05 0.0463641 9.9973E-05
0.346909 0.0933388 0.338453 9.9991E-05 0.0928395 0.0620793 0.0444445 0.0218361
0.441478 9.9973E-05 0.480681 9.9973E-05 0.060493 9.9973E-05 0.0168598 0.000188304
0.45362 9.9982E-05 0.349557 0.0544503 0.0817427 0.0349293 9.9982E-05 0.0255008
0.270528 9.9982E-05 0.514756 0.0577175 0.0962345 0.0351244 0.0254394 9.9982E-05
0.376992 9.9991E-05 0.348633 0.00209119 0.123267 0.0972416 0.0475894 0.00408527
0.236869 0.00569109 0.600421 0.0585899 0.0981289 9.9973E-05 9.9973E-05 9.9973E-05
0.34779 0.134781 0.400198 0.00198901 0.0353689 9.9982E-05 0.0796734 9.9982E-05
0.555557 9.9982E-05 0.0458991 0.279105 0.0157998 0.0819703 9.9982E-05 0.0214694
0.434018 0.00295409 0.273129 9.9982E-05 0.163164 0.0757587 0.0507766 9.9982E-05
0.246656 9.9964E-05 0.576713 9.9964E-05 0.17277 9.9964E-05 0.00346053 9.9964E-05
0.374386 0.1274 0.339062 9.9991E-05 0.0748587 0.0187618 0.0154552 0.0499765
0.222167 0.0494779 9.9982E-05 0.19681 0.144506 0.151669 9.9982E-05 0.235169
0.554316 0.158287 0.116719 0.152319 9.9973E-05 9.9973E-05 0.0180591 9.9973E-05
0.329119 0.100063 0.360063 9.9982E-05 0.15456 9.9982E-05 0.00579366 0.050201
0.664867 9.9991E-05 0.0173995 0.0414542 0.0650227 0.0806218 0.0271481 0.103386
0.491093 9.9991E-05 0.0268837 0.125753 0.155227 0.110862 0.0280455 0.0620361
0.353265 9.9982E-05 0.19768 0.0913847 0.21172 0.119192 9.9982E-05 0.0265584
0.320994 0.0681267 0.246242 0.136051 0.2267 9.9982E-05 0.00168597 9.9982E-05
0.468153 9.9982E-05 0.149923 0.132943 0.051057 0.193459 0.00426478 9.9982E-05
0.294149 9.9982E-05 0.39358 9.9982E-05 0.113992 0.0808173 0.0290674 0.0881944
0.452104 0.0241121 0.407374 0.0214467 0.0485868 9.9982E-05 0.046176 9.9982E-05
0.217569 9.9973E-05 0.53349 0.00700671 0.213791 9.9973E-05 0.0278438 9.9973E-05
0.600824 9.9982E-05 0.0763439 0.122052 0.026105 9.9982E-05 0.0594163 0.115059
0.462623 0.103151 9.9982E-05 0.127883 0.10806 0.163674 9.9982E-05 0.0344098
0.220263 9.9973E-05 9.9973E-05 0.647963 0.0652064 9.9973E-05 0.0562188 0.010049
0.522136 0.0647762 0.0424398 9.9982E-05 0.211758 0.121171 9.9982E-05 0.0375193
0.3628 0.376947 9.9982E-05 0.091862 0.11127 9.9982E-05 0.0189232 0.0379969
0.419851 0.042635 0.114086 0.169952 0.171199 0.0358642 0.0463129 9.9991E-05
0.489934 0.0498637 0.0739139 0.0612892 0.0608509 0.117128 0.102293 0.0447274
9.9955E-05 9.9955E-05 0.208857 0.500558 0.290085 9.9955E-05 9.9955E-05 9.9955E-05
9.9964E-05 9.9964E-05 0.101739 0.62579 0.222006 9.9964E-05 0.050066 9.9964E-05
0.321809 0.0784525 0.0735902 0.359867 0.165982 9.9973E-05 9.9973E-05 9.9973E-05
