9.9964E-05 0.0871321 9.9964E-05 9.9964E-05 0.0021211 0.068707 9.9964E-05 0.84164
0.0693783 0.0302422 0.0273962 9.9964E-05 9.9964E-05 9.9964E-05 9.9964E-05 0.872583
9.9964E-05 0.0951152 9.9964E-05 9.9964E-05 0.012209 9.9964E-05 0.160084 0.732192
9.9982E-05 0.0644277 9.9982E-05 0.0453366 0.0705217 0.0470252 0.0361492 0.73634
9.9973E-05 9.9973E-05 9.9973E-05 0.015147 0.0456371 0.0157001 0.0408691 0.882347
0.0654424 0.0213651 0.15395 0.0195347 0.016205 0.0450387 0.0877333 0.590731
9.9982E-05 0.0544733 0.0624357 0.0230793 9.9982E-05 0.0167936 0.0253357 0.817683
9.9973E-05 0.034357 0.16819 9.9973E-05 0.0551542 0.0724968 9.9973E-05 0.669502
0.00933412 0.0358976 0.0437637 9.99729E-05 9.99729E-05 0.1061 9.99729E-05 0.804605
9.9982E-05 0.0480284 0.0542006 0.069804 0.0345916 9.9982E-05 0.135152 0.658023
9.9964E-05 9.9964E-05 0.155412 9.9964E-05 9.9964E-05 0.103737 0.0537378 0.686713
0.182491 9.9973E-05 0.0785994 9.9973E-05 0.106533 0.429966 0.202111 9.9973E-05
0.0644448 0.0626129 0.0306169 0.0156974 0.0301974 0.293674 0.483129 0.0196273
0.0334104 0.0418732 0.104821 0.0347047 0.0915034 0.49333 0.200257 9.9991E-05
0.0450359 0.00494014 0.0748774 0.0443898 0.154857 0.364288 0.268362 0.0432499
0.0326904 9.9982E-05 0.0891833 9.9982E-05 0.155519 0.269797 0.34472 0.10789
0.0153286 0.0286704 0.0464529 0.0841349 0.108067 0.17407 0.505589 0.0376877
0.174352 0.0353875 0.0978808 9.9982E-05 0.0593213 0.236651 0.396208 9.9982E-05
0.105113 9.9991E-05 0.00830128 0.0257488 0.119292 0.361388 0.257142 0.122915
0.112056 9.9964E-05 0.184553 9.9964E-05 0.0681462 0.634845 9.9964E-05 9.9964E-05
0.183811 9.9991E-05 0.011064 0.117035 0.0964437 0.276108 0.309212 0.00622615
0.0860634 9.9982E-05 0.200871 0.0084248 0.0073346 0.175753 0.521354 9.9982E-05
0.0823461 9.9982E-05 0.0708866 9.9982E-05 0.0834699 0.251043 0.474304 0.037751
0.159671 0.0186381 0.111423 9.9991E-05 0.0975028 0.325711 0.280079 0.00687548
9.9982E-05 9.9982E-05 0.129027 0.0198707 0.0654433 0.0688045 0.658959 0.0576957
0.0322392 0.0209995 0.0242309 9.9991E-05 0.0808847 0.278281 0.542938 0.0203267
0.118752 0.0142009 0.0785545 9.9982E-05 0.146053 0.531654 0.110586 9.9982E-05
0.145697 9.9973E-05 0.0580738 9.9973E-05 0.172391 0.415193 0.208345 9.9973E-05
0.0961308 9.9991E-05 0.120591 0.100581 0.0156474 0.416579 0.236232 0.0141378
9.994E-05 0.9993 9.994E-05 9.994E-05 9.994E-05 9.994E-05 9.994E-05 9.994E-05
9.994E-05 0.9993 9.994E-05 9.994E-05 9.994E-05 9.994E-05 9.994E-05 9.994E-05
0.0212127 0.36002 9.9982E-05 9.9982E-05 0.0287301 0.00234631 0.100547 0.486944
0.0402556 0.297841 0.0236252 9.9982E-05 0.0689077 9.9982E-05 0.0854345 0.483736
0.276779 0.0124586 0.0934011 9.9982E-05 9.9982E-05 0.0902887 0.494847 0.0320257
0.278399 0.0138943 0.00141779 9.9982E-05 9.9982E-05 0.127038 0.500546 0.0785046
0.407158 0.0137848 9.9973E-05 0.0266174 0.0034535 9.9973E-05 0.548686 9.9973E-05
0.124988 0.00317184 0.00585141 9.9991E-05 0.0335344 0.605854 0.104914 0.121587
0.616709 0.0419395 9.9973E-05 0.037535 0.0504551 9.9973E-05 0.253062 9.9973E-05
0.250799 0.0166744 9.9991E-05 0.00833456 0.0109907 0.123067 0.565358 0.0246771
0.243442 0.0178307 9.9982E-05 0.0507337 0.00189795 9.9982E-05 0.671936 0.0139596
0.14834 0.0548069 0.157737 9.9982E-05 9.9982E-05 0.0496074 0.537434 0.0518755
0.0858773 0.0359588 0.0333311 0.0693598 9.9991E-05 0.072825 0.592205 0.110343
0.719775 0.00990851 0.0330245 9.9982E-05 9.9982E-05 0.0967508 0.129753 0.0105874
0.104297 9.9973E-05 0.253121 9.9973E-05 9.9973E-05 0.00878962 0.627427 0.0060653
0.276494 0.0388373 0.0975072 0.0169022 0.114638 9.9982E-05 0.455421 9.9982E-05
0.143666 0.00806516 0.0498525 0.0278487 0.0881541 9.99981E-05 0.539868 0.142445
0.656332 9.9973E-05 0.0171278 0.0261564 0.00152436 9.9973E-05 0.298559 9.9973E-05
0.28127 0.00204965 0.0124962 9.9991E-05 0.0917295 0.0325624 0.526002 0.053791
0.147184 0.0703886 0.0479454 0.156397 0.111411 0.0984904 0.353979 0.0142044
0.764296 9.9955E-05 0.177897 9.9955E-05 9.9955E-05 9.9955E-05 9.9955E-05 0.0573072
0.255748 9.9973E-05 0.100556 0.0734356 9.9973E-05 0.41348 0.156481 9.9973E-05
0.266713 9.9982E-05 0.351998 0.120175 0.0349929 0.184322 0.0415994 9.9982E-05
0.0569155 0.0259189 0.0506222 9.9991E-05 0.0673668 0.16465 0.561839 0.0725884
0.024866 0.0142649 0.0309233 0.151568 0.004042 9.9991E-05 0.635766 0.138469
0.00219938 9.9982E-05 0.0697316 0.13644 9.9982E-05 0.0691829 0.63549 0.0867555
0.281878 0.0374351 0.0428866 0.0767584 9.9991E-05 0.299678 0.173844 0.0874198
9.9982E-05 0.028013 0.0329398 0.0958647 9.9982E-05 0.249503 0.582478 0.0110017
0.117234 9.9982E-05 0.0695349 9.9982E-05 0.139057 0.165095 0.477686 0.031193
0.238733 0.0539155 0.0982244 0.00472019 0.00168521 0.212053 0.323475 0.0671941
0.183836 0.02121 0.208518 9.9991E-05 0.0477965 0.284244 0.0824922 0.171803
0.128976 0.0639031 0.0641812 0.0177239 9.9991E-05 0.11553 0.570898 0.0386882
0.0740449 9.9991E-05 0.0113303 0.142698 0.00281172 0.302857 0.411457 0.0547013
0.203469 0.0681362 0.213924 0.0335159 9.9973E-05 0.480656 9.9973E-05 9.9973E-05
0.155822 0.0218737 0.0780306 0.0408607 0.0106781 0.22945 0.463185 9.9991E-05
0.0114071 9.9991E-05 0.0126514 0.198235 0.0755308 0.0331131 0.610902 0.0580612
0.0764102 0.0656951 0.0357107 0.10966 0.107621 0.117063 0.47091 0.0169296
0.182947 9.9991E-05 0.0862034 0.0472778 0.0908547 0.317994 0.237755 0.0368687
9.9973E-05 0.0721778 0.119065 0.151834 9.9973E-05 0.109818 0.546806 9.9973E-05
0.102034 0.0345613 0.0449357 9.9991E-05 0.00592954 0.126308 0.578762 0.107369
0.192856 0.0785935 0.154282 0.0302383 9.9982E-05 0.347824 0.196006 9.9982E-05
0.444718 0.0136539 9.9964E-05 9.9964E-05 9.9964E-05 0.022571 0.518658 9.9964E-05
0.701978 0.00614187 9.9973E-05 9.9973E-05 9.9973E-05 0.0811523 0.194411 0.0160165
0.240899 0.00828476 9.9991E-05 0.092111 0.0814367 0.0348834 0.503434 0.0388508
0.872205 9.9946E-05 0.127196 9.9946E-05 9.9946E-05 9.9946E-05 9.9946E-05 9.9946E-05
0.880912 9.9946E-05 9.9946E-05 0.118489 9.9946E-05 9.9946E-05 9.9946E-05 9.9946E-05
0.711516 9.9955E-05 9.9955E-05 0.0110018 9.9955E-05 9.9955E-05 0.276982 9.9955E-05
0.501459 0.0464627 9.9982E-05 9.9982E-05 0.0141319 0.0129097 0.406013 0.018823
0.14088 0.0379481 0.121823 0.0226687 0.10183 0.144013 0.430736 9.9991E-05
0.443488 0.0111357 9.9973E-05 9.9973E-05 0.0831438 0.0840631 0.377869 9.9973E-05
0.617932 0.02235 9.9973E-05 9.9973E-05 9.9973E-05 0.164315 0.150092 0.0450107
0.490643 0.00861165 9.9982E-05 0.0154601 9.9982E-05 0.249787 0.201713 0.0335849
0.233358 0.0604326 9.9991E-05 0.0223393 0.12728 0.00412556 0.54603 0.00633474
0.619663 9.9973E-05 9.9973E-05 9.9973E-05 0.00938111 0.0187875 0.301302 0.0505663
0.500362 0.0497303 9.9964E-05 9.9964E-05 9.9964E-05 0.0536765 0.395831 9.9964E-05
0.604682 9.9955E-05 9.9955E-05 0.0103549 9.9955E-05 9.9955E-05 0.384463 9.9955E-05
0.717954 9.9982E-05 0.119138 0.110154 0.00854372 0.0198096 9.9982E-05 0.0242007
0.287431 9.9991E-05 0.0101415 0.0514887 0.0148649 0.0324419 0.591671 0.0118605
9.9973E-05 0.0117614 9.9973E-05 9.9973E-05 0.00757162 0.0489686 0.12585 0.805548
9.9955E-05 0.110549 9.9955E-05 9.9955E-05 9.9955E-05 9.9955E-05 0.0729213 0.81603
9.9964E-05 0.123695 9.9964E-05 9.9964E-05 0.034697 9.9964E-05 0.0723417 0.768866
0.0257371 0.135854 9.9973E-05 9.9973E-05 0.0243702 9.9973E-05 0.00655056 0.807189
9.9964E-05 0.100295 9.9964E-05 9.9964E-05 0.001089 9.9964E-05 0.100832 0.797384
0.0534138 0.0457334 9.9973E-05 0.00828186 0.054008 9.9973E-05 9.9973E-05 0.838263
9.99551E-05 0.0406605 9.99551E-05 9.99551E-05 9.99551E-05 9.99551E-05 0.094995 0.863845
0.269651 0.0532294 0.0328399 9.9982E-05 9.9982E-05 0.0555286 0.469108 0.119443
0.175311 0.0502295 0.00472019 9.9991E-05 0.0323283 0.155139 0.480478 0.101694
0.746719 9.9973E-05 9.9973E-05 0.0681926 9.9973E-05 0.114967 0.0503169 0.0195047
0.203148 9.9982E-05 0.107226 9.9982E-05 0.00302103 0.033418 0.562624 0.0903626
0.416702 9.9973E-05 0.0307372 9.9973E-05 9.9973E-05 0.0619916 0.462599 0.0276701
0.239254 0.0211706 9.9991E-05 0.0519632 0.0344335 0.0336217 0.574385 0.0450719
0.237238 9.9973E-05 0.0546248 0.166173 9.9973E-05 0.00248211 0.539182 9.9973E-05
0.551881 0.00114964 9.9964E-05 9.9964E-05 0.111333 9.9964E-05 0.335237 9.9964E-05
0.738768 9.9955E-05 9.9955E-05 9.9955E-05 9.9955E-05 0.196294 9.9955E-05 0.064439
9.9991E-05 0.0425425 0.0911658 0.0761731 0.0734249 0.0846237 0.584329 0.047641
0.166471 9.9991E-05 0.0194575 0.0231331 0.0559369 0.0984169 0.592332 0.0441521
0.118438 0.0525272 0.155861 9.9982E-05 0.0414195 0.0224338 0.609121 9.9982E-05
0.546789 0.0521017 0.0943576 9.9973E-05 0.0192568 9.9973E-05 0.287195 9.9973E-05
0.348003 0.0180868 0.0639192 0.131256 9.9973E-05 9.9973E-05 0.438436 9.9973E-05
0.404369 0.0415792 9.9964E-05 9.9964E-05 9.9964E-05 0.0993164 0.454336 9.9964E-05
0.590109 9.9955E-05 9.9955E-05 9.9955E-05 0.0777249 9.9955E-05 0.331666 9.9955E-05
0.451445 9.9964E-05 9.9964E-05 9.9964E-05 9.9964E-05 0.0738749 0.409349 0.0649315
0.210341 9.9973E-05 9.9973E-05 9.9973E-05 0.000102664 0.0543908 0.604223 0.130643
0.0684789 0.0202686 0.168831 0.110889 9.9982E-05 0.330355 0.300978 9.9982E-05
0.0345826 0.0463903 0.0564723 9.9991E-05 0.107253 0.383856 0.34997 0.0213757
0.0801808 0.0368105 0.0653493 0.0389573 0.0384041 0.10381 0.546229 0.0902593
0.108522 0.0188199 0.0517636 0.0522695 0.0539399 0.143848 0.549298 0.0215384
9.9973E-05 0.0374624 9.9973E-05 0.0832133 9.9973E-05 0.367382 0.494774 0.0168678
0.101046 9.9973E-05 0.0265699 9.9973E-05 0.0306587 0.268141 0.573284 9.9973E-05
9.9964E-05 9.9964E-05 9.9964E-05 0.0889196 9.9964E-05 0.368191 0.481412 0.0610774
0.118947 9.9991E-05 0.145958 0.00640874 0.0623153 0.116645 0.499526 0.0500987
0.119616 9.9991E-05 0.0334907 0.0401183 0.0602627 0.122355 0.54526 0.0787978
0.0473335 0.0348548 9.9991E-05 0.103009 0.00123368 0.191399 0.614247 0.00782245
0.0940896 0.0223516 0.0678946 0.0319848 9.9982E-05 0.278929 0.504551 9.9982E-05
0.069319 0.0082498 0.0851708 9.9982E-05 9.9982E-05 0.0778715 0.700863 0.058326
9.9991E-05 0.0111301 0.127572 0.00788693 0.105237 0.105531 0.555147 0.0873958
0.0340059 9.9973E-05 9.9973E-05 0.100296 0.0786584 0.200079 0.586661 9.9973E-05
9.9991E-05 0.0754036 0.0812224 0.0313856 0.0271804 0.184161 0.495431 0.105116
9.9991E-05 0.0211495 0.0798076 0.114319 0.0778978 0.253482 0.450515 0.00272909
9.9982E-05 0.0279775 0.169566 0.0894877 9.9982E-05 0.252293 0.40858 0.0518963
0.0424598 9.9991E-05 0.00667697 0.108267 0.0175058 0.171438 0.616844 0.036708
0.0261263 9.9982E-05 0.077765 0.100675 9.9982E-05 0.120055 0.672182 0.00299681
0.155952 0.0199853 0.0577475 0.0178134 0.0400584 0.429579 0.278764 9.9991E-05
0.107295 9.9991E-05 0.234678 0.172602 0.0411837 0.302368 0.13986 0.00191353
0.132793 0.00967102 0.0632674 9.9982E-05 0.136222 0.259207 0.39864 9.9982E-05
0.120949 0.00454849 0.099911 0.286582 0.065509 0.371072 0.0513284 9.9991E-05
0.167704 9.9982E-05 9.9982E-05 0.0760412 0.0197153 0.458072 0.253835 0.0244329
0.137368 9.9964E-05 9.9964E-05 0.00949619 9.9964E-05 0.363115 0.489621 9.9964E-05
0.211184 0.0252761 9.9982E-05 0.0403043 9.9982E-05 0.370628 0.325666 0.0267425
0.0902756 9.9982E-05 0.0326459 0.116269 0.0402264 0.494366 0.226016 9.9982E-05
0.0364166 0.0567806 9.9982E-05 0.125099 0.00624841 0.176648 0.598608 9.9982E-05
0.0138361 9.9991E-05 0.0235132 0.0278653 0.155979 0.217857 0.49076 0.0700895
0.154555 9.9991E-05 0.0375102 0.0314677 0.042809 0.185112 0.4953 0.0531464
0.150279 0.00429885 0.189482 0.0879392 0.0579855 0.399697 0.110219 9.9991E-05
0.127259 0.0394548 0.199361 9.9982E-05 9.9982E-05 0.0358341 0.44787 0.150021
0.0749216 9.99774E-05 0.215682 9.99774E-05 9.99774E-05 0.16066 0.516148 0.032289
0.130252 0.0237911 0.51366 0.1004 9.9982E-05 0.209004 9.9982E-05 0.0226925
0.0367715 0.026382 0.133486 0.0775976 0.0130184 9.9991E-05 0.664966 0.0476786
0.13465 0.0116896 0.29289 0.0772455 0.00256814 0.09368 0.327491 0.059786
0.0858633 0.0156867 0.15165 0.0283278 0.07159 0.100358 0.461269 0.0852556
0.138374 0.037883 0.395895 0.00830987 0.0282933 0.144343 0.246801 9.9991E-05
0.0861214 0.0191325 0.475352 0.067888 9.9982E-05 0.158131 0.193176 9.9982E-05
9.9973E-05 0.0534079 0.212811 0.181336 9.9973E-05 0.0857078 0.466438 9.9973E-05
0.13418 0.0366526 0.0911126 0.141467 0.00241897 0.0299507 0.49744 0.0667788
0.0631253 0.0418971 0.0707176 0.0836627 0.0363559 0.14994 0.42752 0.126782
0.237102 0.0261266 0.362203 0.0991688 0.170711 0.104489 9.9982E-05 9.9982E-05
0.0704633 9.9991E-05 0.116922 0.148081 0.00374966 0.0454397 0.549458 0.065786
0.210998 9.9973E-05 0.33578 0.00778956 9.9973E-05 0.0993537 0.345779 9.9973E-05
0.143451 9.9982E-05 0.234473 0.0841559 0.0127894 0.154384 0.370546 9.9982E-05
0.0855224 0.00264772 0.128216 0.0362395 0.0615902 0.0495654 0.523645 0.112573
9.9991E-05 0.0687417 0.259084 0.0192541 0.239571 0.0429887 0.157556 0.212704
9.9964E-05 0.0366406 0.373294 9.9964E-05 0.12992 9.9964E-05 9.9964E-05 0.459746
9.9964E-05 0.02694 0.456389 9.9964E-05 0.121954 9.9964E-05 9.9964E-05 0.394317
9.9973E-05 0.0193611 0.263834 9.9973E-05 0.294711 9.9973E-05 0.0700531 0.351741
0.146216 0.0021999 0.245531 0.0210839 9.9973E-05 9.9973E-05 0.584669 9.9973E-05
0.0661571 9.9982E-05 0.18477 0.108024 0.0593248 9.9982E-05 0.540888 0.0406369
0.00195641 9.9964E-05 9.9964E-05 9.9964E-05 0.665137 0.0411845 0.291322 9.9964E-05
0.115047 0.0204728 9.9973E-05 9.9973E-05 0.44895 0.121051 0.294179 9.9973E-05
0.00293064 9.9982E-05 9.9982E-05 0.0263285 0.372761 0.0741579 0.359066 0.164555
0.126391 0.0223404 0.361948 0.195108 9.9973E-05 9.9973E-05 0.293913 9.9973E-05
0.05365 9.9982E-05 0.144281 0.132326 0.0525653 0.136199 0.480779 9.9982E-05
0.062626 9.9964E-05 0.592218 0.123737 9.9964E-05 9.9964E-05 0.221018 9.9964E-05
0.144957 9.9982E-05 0.192809 0.0748484 0.0625428 9.9982E-05 0.523225 0.00141682
0.041777 9.9973E-05 0.295531 0.156849 9.9973E-05 0.0270097 0.478533 9.9973E-05
0.0298582 9.9973E-05 0.260787 0.109927 0.036975 9.9973E-05 0.562153 9.9973E-05
0.146787 9.9973E-05 0.49612 0.137232 9.9973E-05 0.021143 0.198418 9.9973E-05
0.102733 9.9982E-05 0.0968086 0.0811977 0.0424695 9.9982E-05 0.664992 0.0115984
0.0817251 0.0470059 0.213939 0.0379929 9.9982E-05 9.9982E-05 0.58956 0.0295771
0.0334608 9.9946E-05 9.9946E-05 9.9946E-05 0.965939 9.9946E-05 9.9946E-05 9.9946E-05
9.9973E-05 9.9973E-05 0.0281966 0.0202605 0.885225 0.013648 0.0523703 9.9973E-05
0.137187 0.0207227 9.9982E-05 0.011407 0.610957 9.9982E-05 0.181229 0.0382966
9.9955E-05 9.9955E-05 9.9955E-05 9.9955E-05 0.660384 9.9955E-05 0.319763 0.0193533
0.0337576 9.9955E-05 9.9955E-05 9.9955E-05 0.851043 9.9955E-05 0.114699 9.9955E-05
9.994E-05 9.994E-05 9.994E-05 9.994E-05 0.9993 9.994E-05 9.994E-05 9.994E-05
9.9973E-05 0.00616457 9.9973E-05 0.0255143 0.940875 0.0206996 9.9973E-05 0.00644626
9.9946E-05 9.9946E-05 9.9946E-05 9.9946E-05 0.805159 9.9946E-05 0.194242 9.9946E-05
9.9946E-05 9.9946E-05 9.9946E-05 9.9946E-05 0.928719 0.0706809 9.9946E-05 9.9946E-05
9.994E-05 9.994E-05 9.994E-05 9.994E-05 0.9993 9.994E-05 9.994E-05 9.994E-05
9.9946E-05 0.0120812 9.9946E-05 9.9946E-05 0.987319 9.9946E-05 9.9946E-05 9.9946E-05
9.9973E-05 0.060093 9.9973E-05 0.00605752 0.753271 0.0371465 0.143132 9.9973E-05
9.9973E-05 0.00424297 9.9973E-05 9.9973E-05 0.730376 0.0378996 0.166404 0.0607774
0.0295847 0.0196941 9.9955E-05 9.9955E-05 0.950221 9.9955E-05 9.9955E-05 9.9955E-05
0.0649604 0.00143841 0.0109935 0.040242 0.379808 0.0750076 0.334857 0.092693
0.0378145 0.0194529 9.9991E-05 0.0196801 0.677333 0.0301111 0.190214 0.025294
0.0337385 0.0180646 9.9982E-05 9.9982E-05 0.746296 0.0236852 0.157149 0.0208668
9.9973E-05 0.0300982 9.9973E-05 9.9973E-05 0.897665 0.042115 0.0256048 0.00421678
9.994E-05 9.994E-05 9.994E-05 9.994E-05 0.9993 9.994E-05 9.994E-05 9.994E-05
9.9973E-05 0.0141174 0.02251 9.9973E-05 0.873779 9.9973E-05 0.0497033 0.0395909
9.9946E-05 0.0429744 9.9946E-05 9.9946E-05 0.956426 9.9946E-05 9.9946E-05 9.9946E-05
9.9982E-05 0.0190526 9.9982E-05 0.0598951 0.601008 0.0737633 0.242741 0.00333928
0.0798374 9.9955E-05 9.9955E-05 9.9955E-05 0.893172 0.0264904 9.9955E-05 9.9955E-05
0.025553 9.9973E-05 0.650493 0.0128834 0.0436571 9.9973E-05 9.9973E-05 0.267114
9.9991E-05 0.053785 0.201956 0.0363847 0.0489143 0.174446 0.414706 0.0697088
0.0620193 0.0099495 0.261096 9.9973E-05 9.9973E-05 9.9973E-05 0.451519 0.215116
9.9991E-05 0.0723661 0.503007 0.0552186 0.141558 0.0134756 0.125208 0.089067
0.126779 0.0579276 0.155021 0.0160423 0.173285 0.0165152 0.337952 0.116479
0.0744578 0.0585841 0.389969 0.0181074 0.0991931 9.9991E-05 0.193186 0.166402
0.11661 0.0512503 0.198182 0.039795 0.0249797 0.0309001 0.411598 0.126685
0.0927228 0.00892056 0.398878 9.9982E-05 0.162292 9.9982E-05 0.243824 0.0931621
0.00573649 0.104712 0.283927 0.00630557 0.101682 9.9991E-05 0.452818 0.0447191
9.9982E-05 0.0273007 0.399046 0.014366 0.213642 9.9982E-05 0.237104 0.108341
9.9973E-05 9.9973E-05 0.209755 9.9973E-05 0.0342585 0.0620128 0.543206 0.150468
9.9973E-05 9.9973E-05 0.0249507 0.0377164 9.9973E-05 0.0468163 0.0515284 0.838688
9.9973E-05 0.0497476 0.00765689 0.0569567 0.0549049 9.9973E-05 9.9973E-05 0.830434
0.00742144 0.0345219 9.9964E-05 9.9964E-05 9.9964E-05 0.0250222 9.9964E-05 0.932635
9.9973E-05 0.0293986 0.0175501 9.9973E-05 9.9973E-05 0.0146691 0.0350777 0.903005
9.9964E-05 0.129251 9.9964E-05 9.9964E-05 0.00257603 0.0621562 9.9964E-05 0.805617
9.9964E-05 0.0528572 9.9964E-05 0.0531537 0.0782378 9.9964E-05 9.9964E-05 0.815351
9.9973E-05 0.0500835 9.9973E-05 9.9973E-05 0.0719337 0.00170765 0.0422955 0.83368
9.9973E-05 0.021077 0.0513609 0.0434726 9.9973E-05 9.9973E-05 0.0246671 0.859122
0.0481484 0.0209263 9.9973E-05 9.9973E-05 0.0185959 9.9973E-05 0.00864397 0.903386
9.9973E-05 0.00805644 0.0659888 9.9973E-05 0.112894 0.00694941 9.9973E-05 0.805811
0.11672 0.0431718 9.9973E-05 0.0509661 9.9973E-05 0.238782 9.9973E-05 0.55006
0.116115 0.0303226 9.9973E-05 9.9973E-05 0.00586986 0.27159 9.9973E-05 0.575803
0.0833829 0.0314201 0.0825876 0.0180782 9.9982E-05 0.270527 9.9982E-05 0.513805
0.140005 9.9964E-05 9.9964E-05 0.0243898 9.9964E-05 0.351583 9.9964E-05 0.483622
0.220258 0.0335941 9.9982E-05 0.000661287 9.9982E-05 0.174616 0.50126 0.0694111
0.297218 9.9982E-05 9.9982E-05 0.0668319 0.0119464 0.108585 0.446831 0.0683878
0.151583 0.0764685 0.00308192 0.0665408 0.0219738 0.144734 0.535518 9.9991E-05
0.280039 0.0525344 0.008422 0.0422236 9.9982E-05 0.234191 0.38239 9.9982E-05
0.17223 9.9964E-05 9.9964E-05 9.9964E-05 0.0272294 0.61608 0.184061 9.9964E-05
0.201218 0.0105837 9.9973E-05 0.124643 0.0643366 9.9973E-05 0.598919 9.9973E-05
0.290377 9.9982E-05 0.0228677 0.0981115 0.0441592 0.0228598 0.521425 9.9982E-05
0.179833 9.9973E-05 0.116322 0.0247536 9.9973E-05 0.170523 0.508269 9.9973E-05
0.611961 9.9964E-05 0.00531061 9.9964E-05 0.116515 9.9964E-05 0.265813 9.9964E-05
0.0323289 0.0131789 0.0899404 0.04801 0.0238186 0.110092 0.650029 0.0326021
0.362726 0.0248299 9.9982E-05 0.049778 9.9982E-05 0.143969 0.390262 0.028235
0.732295 0.000314886 9.9964E-05 0.207263 9.9964E-05 0.0597263 9.9964E-05 9.9964E-05
0.233731 0.0252862 0.159967 0.0123962 9.9991E-05 0.0775911 0.481136 0.00979277
0.551333 9.9973E-05 0.155138 0.0636181 0.0282594 9.9973E-05 0.201352 9.9973E-05
0.404552 9.9955E-05 9.9955E-05 0.0819062 9.9955E-05 9.9955E-05 0.513042 9.9955E-05
0.673388 9.9964E-05 9.9964E-05 9.9964E-05 9.9964E-05 0.211483 0.0863656 0.0283637
0.00141718 9.9964E-05 0.0989424 9.9964E-05 9.9964E-05 0.756851 9.9964E-05 0.142389
9.9964E-05 9.9964E-05 0.129022 9.9964E-05 9.9964E-05 0.695199 0.0555845 0.119794
9.9973E-05 9.9973E-05 0.0400072 0.101396 9.9973E-05 0.796788 0.00960004 0.0519085
0.054483 9.9964E-05 9.9964E-05 0.0286731 9.9964E-05 0.778619 9.9964E-05 0.137825
9.9973E-05 0.0160833 0.0997412 0.0344062 9.9973E-05 0.799186 0.0502838 9.9973E-05
9.9973E-05 9.9973E-05 9.9973E-05 0.0306054 0.0237586 0.78057 0.0714681 0.0932984
9.9991E-05 0.0718325 0.00804761 0.00860438 0.0244066 0.00803768 0.0895297 0.789441
9.9973E-05 0.0172941 9.9973E-05 9.9973E-05 0.0460385 0.0808083 0.0741061 0.781453
9.9973E-05 0.0772889 0.0269788 9.9973E-05 0.10327 9.9973E-05 0.12481 0.667352
9.9973E-05 0.0690617 9.9973E-05 9.9973E-05 0.127168 0.118682 0.00799571 0.676792
9.9982E-05 0.0013265 0.043832 9.9982E-05 0.10279 0.0173521 0.0772075 0.757292
0.0138013 0.015911 0.0840092 9.9973E-05 9.9973E-05 0.516483 9.9973E-05 0.369496
0.149537 0.00861877 0.00579714 0.0762176 9.9982E-05 0.271227 9.9982E-05 0.488403
0.0152649 0.000335196 9.9982E-05 0.158397 0.00571511 0.389666 9.9982E-05 0.430422
9.994E-05 0.9993 9.994E-05 9.994E-05 9.994E-05 9.994E-05 9.994E-05 9.994E-05
0.0933941 0.0295078 0.0246251 0.0622202 9.9982E-05 0.405952 9.9982E-05 0.384101
9.9982E-05 9.9982E-05 0.141818 0.037572 0.330755 0.0263414 0.245582 0.217732
0.0780869 0.0595008 0.0727476 9.9982E-05 0.193211 0.0682594 0.527995 9.9982E-05
9.9964E-05 0.0183533 9.9964E-05 9.9964E-05 0.250335 9.9964E-05 0.613885 0.117026
0.0231518 0.0343797 0.13648 0.00949399 0.190437 9.9991E-05 0.353344 0.252614
0.0500375 0.0328223 0.0719723 9.9991E-05 0.171927 0.0361145 0.468928 0.168099
9.9955E-05 9.9955E-05 0.25295 9.9955E-05 0.332641 9.9955E-05 9.9955E-05 0.41391
0.146559 9.9982E-05 0.0508091 0.0803863 9.9982E-05 0.278388 0.432529 0.0111283
0.0952643 0.00251889 0.124129 0.177255 9.9991E-05 0.239674 0.354954 0.00610506
0.0372571 0.0513617 9.9982E-05 0.050506 9.9982E-05 0.503487 0.312033 0.0451558
0.0597878 9.9982E-05 0.0289279 0.292255 0.0126771 0.132908 0.473244 9.9982E-05
0.195328 9.9964E-05 0.256738 0.350819 9.9964E-05 0.196715 9.9964E-05 9.9964E-05
0.0566741 0.0153156 0.178519 0.00326862 0.0158624 0.151434 0.544839 0.0340874
0.058091 0.0436557 9.9973E-05 0.23415 9.9973E-05 0.228805 0.434999 9.9973E-05
0.159209 0.0507797 9.9973E-05 0.0428916 9.9973E-05 0.397738 0.349082 9.9973E-05
0.0733306 9.9991E-05 0.0207587 0.0468591 0.0196244 0.131169 0.557759 0.1504
0.153973 9.9973E-05 0.332206 0.0799438 9.9973E-05 0.289846 0.143731 9.9973E-05
0.116269 9.9982E-05 0.176397 0.115431 0.028011 0.126678 0.437014 9.9982E-05
9.9973E-05 0.0544487 0.0372827 0.100314 9.9973E-05 0.197863 0.609792 9.9973E-05
0.127914 9.9991E-05 0.126862 0.0281107 0.163062 0.0419123 0.373355 0.138685
0.054759 9.9973E-05 0.109827 0.230411 9.9973E-05 0.240528 0.364175 9.9973E-05
0.119467 9.9973E-05 9.9973E-05 0.114756 9.9973E-05 0.257641 0.428082 0.0797548
0.0956148 9.9982E-05 0.101098 0.202891 0.0897101 0.0531833 0.457303 9.9982E-05
0.114394 9.9982E-05 0.125257 0.0693952 9.9982E-05 0.159016 0.522175 0.00956349
9.9973E-05 9.9973E-05 9.9973E-05 0.11497 0.0074117 0.138152 0.685938 0.0532287
0.130543 9.9991E-05 0.059249 0.0300964 0.0769754 0.0954042 0.507644 0.0999876
0.0761161 0.0505004 0.0624381 9.9991E-05 0.0121851 0.154053 0.555578 0.0890294
9.9955E-05 9.9955E-05 9.9955E-05 9.9955E-05 0.1009 9.9955E-05 0.119044 0.779556
0.0398673 0.00706241 9.9982E-05 0.0276171 0.00464937 9.9982E-05 0.0885026 0.832101
0.138717 9.9982E-05 9.9982E-05 0.0375686 0.020079 0.00404363 0.0203934 0.778999
0.108835 0.0232144 9.9973E-05 0.0214499 0.0584005 9.9973E-05 9.9973E-05 0.787801
0.00192414 0.0755842 9.9973E-05 9.9973E-05 0.0805622 9.9973E-05 0.0572857 0.784344
0.169008 9.9964E-05 9.9964E-05 9.9964E-05 0.125858 0.619775 0.0849587 9.9964E-05
0.0894123 9.9982E-05 9.9982E-05 0.132063 0.0951212 0.189974 0.417814 0.0754153
0.0366448 9.9973E-05 0.200543 9.9973E-05 0.15673 9.9973E-05 0.42229 0.183492
0.0454653 0.0301982 0.0502288 0.087309 0.0265132 0.12392 0.636266 9.9991E-05
0.0683689 9.9973E-05 9.9973E-05 0.0203761 9.9973E-05 0.260579 0.619302 0.0310736
9.9982E-05 0.0183079 0.171417 0.125415 9.9982E-05 0.353708 0.319033 0.0119198
0.144948 0.0428919 0.125126 9.9982E-05 9.9982E-05 0.604601 0.00535634 0.0768768
0.0407377 9.9982E-05 9.9982E-05 0.0654003 0.00399355 0.31515 0.514269 0.0602496
0.104684 0.0278218 9.9991E-05 0.130106 0.0438462 0.500898 0.145998 0.0465464
0.181733 0.000696126 0.150751 0.0897556 9.9982E-05 0.151687 0.425177 9.9982E-05
0.108193 9.9973E-05 9.9973E-05 0.165001 9.9973E-05 0.475189 0.0801778 0.171139
0.0719675 0.0176857 0.0695941 9.9991E-05 0.0984973 0.17796 0.54594 0.0182555
0.112953 0.028765 9.9991E-05 0.104139 0.00239998 0.460005 0.217506 0.0741317
0.0157584 0.0127208 0.0539696 0.139601 0.0348365 0.33552 0.407494 9.9991E-05
9.9982E-05 0.047361 0.207445 0.130234 9.9982E-05 0.0268537 0.447158 0.140748
0.00539858 9.9973E-05 0.456952 0.0787953 9.9973E-05 0.119153 0.339402 9.9973E-05
0.0530189 9.9982E-05 0.225993 0.00294306 9.9982E-05 0.0603685 0.601762 0.055714
0.00777419 9.9991E-05 0.209379 0.163696 0.0394958 0.0267747 0.490649 0.0621309
9.9964E-05 9.9964E-05 0.444015 0.122421 9.9964E-05 0.0828958 0.350268 9.9964E-05
0.0473839 0.0454484 0.0909822 0.0826594 0.0159305 0.0279957 0.569239 0.12036
0.116871 9.9973E-05 0.217023 0.13837 9.9973E-05 9.9973E-05 0.458237 0.0691995
0.121471 9.9973E-05 0.60501 0.121398 9.9973E-05 0.0819228 0.0698982 9.9973E-05
0.0887803 9.9973E-05 0.592444 0.0305316 9.9973E-05 0.0141013 0.273843 9.9973E-05
9.9973E-05 0.00895091 0.303746 0.0983856 9.9973E-05 0.141066 0.447551 9.9973E-05
0.273133 9.9973E-05 0.486098 0.0826645 9.9973E-05 0.00904757 0.148757 9.9973E-05
0.0860128 9.9964E-05 0.411732 9.9964E-05 9.9964E-05 0.0466029 0.455252 9.9964E-05
0.165274 0.0110414 0.0517387 0.0102085 0.0547684 0.644835 0.0587654 0.00336896
0.0384975 9.9973E-05 0.0653901 0.270124 9.9973E-05 0.3775 0.248189 9.9973E-05
0.0766375 0.0524359 9.9973E-05 9.9973E-05 0.033913 0.42865 0.408064 9.9973E-05
0.0518891 9.9982E-05 0.0308623 9.9982E-05 0.0773609 0.237573 0.584243 0.0178715
0.240741 0.010676 0.0290541 0.0019245 0.00858078 0.480885 0.228039 9.9991E-05
0.0477198 0.00203682 0.103219 0.109831 0.0939439 0.117009 0.469767 0.0564726
0.0820766 0.0454348 0.080683 0.0042753 0.104594 0.143683 0.519709 0.0195452
0.0979737 9.9982E-05 0.00412341 0.118914 0.156215 0.264672 0.357903 9.9982E-05
0.129933 9.9973E-05 9.9973E-05 0.0864915 0.166286 0.228865 0.388124 9.9973E-05
0.134367 0.0690502 0.00530689 9.9982E-05 0.0448847 0.253573 0.492619 9.9982E-05
0.172501 9.9964E-05 9.9964E-05 9.9964E-05 0.102388 0.518697 0.206014 9.9964E-05
0.0699741 0.0129032 0.0388524 0.104159 0.110312 0.402099 0.2616 9.9991E-05
0.0315847 9.9982E-05 0.00145396 0.0732159 0.0406548 0.298294 0.554597 9.9982E-05
9.9982E-05 0.0272511 0.0641847 0.00240319 9.9982E-05 0.188113 0.64939 0.0684573
0.0676993 0.0335665 0.0619634 0.182778 0.0198703 0.208013 0.42601 9.9991E-05
9.9973E-05 9.9973E-05 0.0467611 0.1354 0.0603711 0.275242 0.481926 9.9973E-05
9.9982E-05 0.0379469 0.0860352 9.9982E-05 0.0187975 0.410647 0.375759 0.0706147
9.9982E-05 0.0122669 0.00765688 0.0853207 0.0793836 0.227829 0.587343 9.9982E-05
0.0577168 9.9973E-05 9.9973E-05 9.9973E-05 0.07148 0.287598 0.536678 0.0462279
0.105385 9.9982E-05 9.9982E-05 0.0701087 0.0359848 0.184942 0.501773 0.101606
0.0622336 0.0337316 0.0614928 9.9991E-05 0.134863 0.00244457 0.355745 0.34939
0.0604527 0.0178535 0.0977896 0.0414563 0.298571 9.9991E-05 0.399572 0.0842046
0.038795 0.0878059 0.0346866 0.0262837 0.108427 0.0561955 0.523873 0.123933
0.0444203 0.0144276 0.0999095 0.0348231 0.156613 0.0939637 0.555743 9.9991E-05
0.0615014 0.00976437 9.9982E-05 0.111158 0.225458 9.9982E-05 0.404667 0.187251
0.0999728 0.00461071 0.145728 0.164771 0.0242955 0.149288 0.411234 9.9991E-05
0.0186954 0.000409686 0.0753891 9.9991E-05 0.170251 0.152446 0.516878 0.0658303
0.166052 0.00219738 0.460356 9.9973E-05 0.168248 9.9973E-05 9.9973E-05 0.202846
0.0504988 9.9982E-05 0.108204 9.9982E-05 0.168292 0.112581 0.465545 0.0946779
9.9982E-05 0.0663107 9.9982E-05 0.0999863 0.144533 0.050764 0.489634 0.148572
0.0553595 0.0152319 0.0838155 0.0841718 0.191654 0.0365375 0.454558 0.078671
0.140469 0.0258927 0.229497 9.9991E-05 0.157742 0.0474812 0.251548 0.147271
0.0521108 0.0177665 0.156119 0.00393139 0.173923 9.9991E-05 0.446346 0.149703
9.9982E-05 0.0745063 0.119444 0.0329013 0.142991 9.9982E-05 0.537688 0.0922686
9.9973E-05 0.0499602 0.310831 0.0257105 0.193128 9.9973E-05 9.9973E-05 0.42007
0.029044 0.0348341 0.0997256 9.9991E-05 0.178769 0.0108191 0.506358 0.14035
9.9991E-05 0.0156219 0.0422644 0.035753 0.18048 0.0310581 0.566792 0.127931
9.9991E-05 0.00528011 0.122309 0.00473841 0.0935732 0.0603128 0.575254 0.138433
9.9973E-05 9.9973E-05 0.031415 0.0767118 0.157862 9.9973E-05 0.543085 0.190627
0.0698211 0.0383863 0.0995631 9.9982E-05 0.052797 9.9982E-05 0.557006 0.182227
0.0711218 0.0885468 9.9964E-05 0.43731 9.9964E-05 9.9964E-05 0.402622 9.9964E-05
0.0384107 0.00360451 0.0105283 0.30629 0.15107 0.0391791 0.369405 0.0815122
0.158191 9.9964E-05 0.0277004 0.767395 9.9964E-05 0.0463144 9.9964E-05 9.9964E-05
0.0460769 9.9955E-05 9.9955E-05 0.917438 9.9955E-05 0.0359854 9.9955E-05 9.9955E-05
0.0448528 0.0132921 0.00759104 0.369962 0.0621441 0.0353802 0.457332 0.00944584
9.9982E-05 9.9982E-05 0.110771 0.097868 0.24937 0.0156616 0.414575 0.111555
9.9982E-05 0.0236687 0.0852967 0.27321 0.325609 9.9982E-05 0.244044 0.0479705
9.9991E-05 0.0611221 0.154885 0.192765 0.34732 0.00871968 0.0892126 0.145876
9.9982E-05 0.0356951 0.0445161 0.199701 0.285375 9.9982E-05 0.328928 0.105585
9.9982E-05 0.018234 0.182625 0.663722 0.0843692 9.9982E-05 0.00376417 0.0470854
9.9973E-05 0.048879 9.9973E-05 0.743484 0.066963 9.9973E-05 0.0703306 0.070043
9.9973E-05 0.0307303 9.9973E-05 0.36283 0.11912 9.9973E-05 0.453455 0.0335643
9.9964E-05 9.9964E-05 9.9964E-05 0.456801 0.115839 9.9964E-05 0.396591 0.0303694
9.9973E-05 0.0674315 9.9973E-05 0.777435 0.101821 9.9973E-05 0.0360397 0.0169726
0.0172938 0.0160845 9.9991E-05 0.341877 0.144796 0.0807307 0.33655 0.0625682
9.9982E-05 0.00130428 0.0615461 0.369781 0.128271 9.9982E-05 0.397659 0.0412387
0.126955 0.0380489 9.9991E-05 0.116507 0.102457 0.00140833 0.494888 0.119636
0.0468772 9.9973E-05 9.9973E-05 0.597102 9.9973E-05 0.0752543 0.278358 0.00210883
0.120099 0.0349678 0.0109477 0.534472 0.0291005 0.0047597 0.265553 9.9991E-05
0.135788 0.0374722 9.9973E-05 0.28168 9.9973E-05 9.9973E-05 0.50499 0.03977
9.9982E-05 9.9982E-05 0.0657158 0.394616 0.0118127 0.125889 0.34645 0.0553168
0.0575571 0.050744 0.198342 0.0863611 0.135667 0.143776 0.327453 9.9991E-05
9.9964E-05 9.9964E-05 0.0620676 0.520791 9.9964E-05 0.00808765 0.408654 9.9964E-05
9.9955E-05 9.9955E-05 9.9955E-05 0.721435 9.9955E-05 0.105954 0.172111 9.9955E-05
0.0570197 9.9973E-05 9.9973E-05 0.339488 0.00704643 9.9973E-05 0.512396 0.0837501
0.0100396 9.9964E-05 9.9964E-05 0.746661 9.9964E-05 0.0633669 0.179533 9.9964E-05
9.9973E-05 0.06292 0.00894345 0.522265 9.9973E-05 9.9973E-05 0.40476 0.000811885
0.148307 0.0717385 9.9973E-05 0.300574 0.000597708 9.9973E-05 0.478483 9.9973E-05
0.135371 0.0450812 9.9982E-05 0.398742 0.0331548 0.0171529 0.370298 9.9982E-05
0.000597145 0.0237606 0.0315595 0.13433 0.157751 0.0133019 0.51789 0.120809
0.104519 9.9991E-05 0.0966077 0.183098 0.195258 0.0442609 0.263111 0.113045
9.9991E-05 0.0040069 0.168065 0.0410426 0.229512 0.0660415 0.3356 0.155632
9.9991E-05 0.0496404 0.126348 0.113415 0.221973 0.0850979 0.278689 0.124737
9.9964E-05 9.9964E-05 9.9964E-05 9.9964E-05 0.125876 0.203204 0.483529 0.186992
9.9991E-05 0.0619374 0.0803177 0.160151 0.138457 0.0154874 0.426887 0.116663
9.9973E-05 0.0402519 0.0795657 0.60191 0.121862 9.9973E-05 9.9973E-05 0.156111
9.9982E-05 0.0148911 9.9982E-05 0.138336 0.108303 0.00354579 0.642855 0.0918682
9.9964E-05 9.9964E-05 0.146041 0.413726 0.0811274 9.9964E-05 9.9964E-05 0.358705
9.9964E-05 9.9964E-05 9.9964E-05 0.288185 0.208201 9.9964E-05 0.491239 0.0119749
0.210274 9.9964E-05 0.0108736 0.72762 9.9964E-05 9.9964E-05 0.0508329 9.9964E-05
0.10462 9.9946E-05 9.9946E-05 0.894781 9.9946E-05 9.9946E-05 9.9946E-05 9.9946E-05
0.0674574 0.0111685 9.9973E-05 0.495338 0.00292956 9.9973E-05 0.422807 9.9973E-05
9.9955E-05 0.00448171 9.9955E-05 0.388469 9.9955E-05 9.9955E-05 0.606549 9.9955E-05
0.0516725 9.9973E-05 0.00507623 0.585518 9.9973E-05 0.0169436 0.34049 9.9973E-05
0.0628529 9.9955E-05 9.9955E-05 0.48718 9.9955E-05 9.9955E-05 0.449467 9.9955E-05
9.9946E-05 9.9946E-05 9.9946E-05 0.531692 9.9946E-05 9.9946E-05 0.467708 9.9946E-05
9.9982E-05 0.0761701 0.00564485 0.074394 0.0596377 9.9982E-05 0.0464824 0.737471
9.9982E-05 0.0473734 0.0059626 0.0272223 0.126395 0.129982 9.9982E-05 0.662865
9.9964E-05 0.0490784 9.9964E-05 9.9964E-05 0.0754151 0.0186855 9.9964E-05 0.856421
9.9964E-05 0.140576 9.9964E-05 0.0100825 9.9964E-05 9.9964E-05 0.0313173 0.817624
0.315409 0.0529442 0.0355802 0.013665 9.9991E-05 0.0726412 0.493986 0.0156748
0.415554 0.0441515 0.0145102 9.9991E-05 0.0185912 0.013458 0.40396 0.0896747
0.435176 0.00587068 9.9964E-05 9.9964E-05 9.9964E-05 0.0945811 0.463972 9.9964E-05
0.232738 0.0262556 9.9982E-05 9.9982E-05 0.0133949 0.0147555 0.612509 0.100147
0.136823 0.0165118 0.0744352 9.9991E-05 0.0235744 0.0839163 0.5413 0.12334
0.598484 0.00461688 0.0779987 0.000972169 0.0616613 0.073256 0.182911 9.9991E-05
0.310351 0.0198047 9.9973E-05 0.0555021 9.9973E-05 0.0289692 0.585073 9.9973E-05
0.438506 0.0166928 0.154798 0.111969 9.9982E-05 9.9982E-05 0.275847 0.00198785
9.9982E-05 0.0115328 0.102736 9.9982E-05 0.191619 0.0302187 0.420467 0.243226
0.335941 9.9973E-05 0.0304615 0.182624 0.0291836 9.9973E-05 0.42149 9.9973E-05
0.483721 0.0525596 0.00264023 0.0305443 9.9982E-05 0.129368 0.300967 9.9982E-05
0.489055 9.9964E-05 9.9964E-05 0.0473807 9.9964E-05 0.0158802 0.447284 9.9964E-05
0.500938 0.0176821 9.9982E-05 0.0271852 9.9982E-05 0.0284045 0.388896 0.036695
0.366755 0.0187846 0.0229975 9.9964E-05 9.9964E-05 9.9964E-05 0.591063 9.9964E-05
0.310324 0.0745657 9.9991E-05 0.0226024 0.045132 0.0704862 0.460358 0.0164311
0.916129 9.9955E-05 9.9955E-05 0.033429 9.9955E-05 9.9955E-05 0.0499424 9.9955E-05
0.530828 9.9991E-05 0.100166 0.0367301 0.00731717 0.0369506 0.272961 0.014947
0.4205 0.00484767 9.9982E-05 0.0955333 9.9982E-05 0.101387 0.335854 0.0416788
0.854006 9.9946E-05 0.145394 9.9946E-05 9.9946E-05 9.9946E-05 9.9946E-05 9.9946E-05
0.388568 9.9982E-05 9.9982E-05 0.0427985 0.011273 0.116034 0.418213 0.0229135
0.626572 9.9964E-05 0.246754 0.0316321 9.9964E-05 9.9964E-05 0.0946418 9.9964E-05
0.716318 9.9955E-05 0.186125 0.0970579 9.9955E-05 9.9955E-05 9.9955E-05 9.9955E-05
0.316594 0.0260847 9.9982E-05 0.0683995 0.0616568 9.9982E-05 0.512556 0.0145089
0.694736 0.00409427 9.9982E-05 9.9982E-05 0.0512539 0.0662307 0.129667 0.0538184
0.450502 0.00985499 0.0249025 9.9991E-05 0.0303541 0.111863 0.357124 0.015299
0.0758305 0.0567052 0.0536629 0.0617733 0.0510958 0.0335894 0.582649 0.084694
0.383138 0.00939084 0.0123846 9.9982E-05 9.9982E-05 0.0724709 0.489349 0.033067
0.0350714 9.9982E-05 0.115416 0.125785 0.111431 0.334971 0.277126 9.9982E-05
0.488532 9.9982E-05 9.9982E-05 0.0185364 0.0622407 0.00829962 0.415576 0.00661519
0.416799 0.0937405 9.9982E-05 0.025542 9.9982E-05 0.0674907 0.391702 0.00452518
0.619664 0.00920965 0.0594688 9.9964E-05 9.9964E-05 9.9964E-05 0.311258 9.9964E-05
0.306208 0.0429771 9.9991E-05 0.0732572 0.0616046 0.0433296 0.420734 0.0517898
0.0215327 0.0637296 0.0431681 9.9973E-05 9.9973E-05 0.307261 9.9973E-05 0.564009
0.0741764 0.0681935 0.0675414 9.9991E-05 0.00680611 0.0476963 0.0563222 0.679164
9.9964E-05 0.156422 0.0719576 9.9964E-05 9.9964E-05 0.0906306 9.9964E-05 0.680589
0.0225024 0.100276 0.0369033 0.0307706 9.9991E-05 0.116114 0.000247988 0.693085
9.9973E-05 0.0319396 0.0674679 9.9973E-05 9.9973E-05 0.174181 0.0402771 0.685834
0.695911 9.9973E-05 9.9973E-05 9.9973E-05 0.00938751 0.140695 0.0815549 0.0721521
0.714271 0.01909 0.0471395 0.00988617 9.9991E-05 0.0539192 0.116864 0.0387297
0.762299 9.9973E-05 0.0609106 0.000516091 0.0225006 9.9973E-05 0.153473 9.9973E-05
0.286288 9.9991E-05 0.0173266 0.000555212 0.131772 0.044462 0.380742 0.138755
0.174301 0.0406872 9.9991E-05 0.0577058 0.03386 0.0589848 0.492087 0.142275
0.57872 0.000249215 0.132347 9.9973E-05 9.9973E-05 9.9973E-05 0.274032 0.0143518
0.324096 0.000181562 0.0917096 0.00645764 0.0617152 0.00998265 0.505757 9.9991E-05
0.419836 9.9973E-05 0.0435329 9.9973E-05 0.0609405 9.9973E-05 0.414495 0.0608958
0.299328 0.00666992 9.9991E-05 0.0315625 0.00846778 0.0554173 0.573766 0.0246893
0.323163 9.9982E-05 0.0119793 9.9982E-05 0.101027 0.0313294 0.466413 0.0658875
0.661052 9.9982E-05 0.0137839 0.00523751 0.0356267 0.0975062 0.186594 9.9982E-05
0.576969 0.0610862 9.9964E-05 9.9964E-05 9.9964E-05 0.0603097 0.301235 9.9964E-05
0.52114 0.0267334 9.9964E-05 9.9964E-05 9.9964E-05 0.130443 0.321284 9.9964E-05
9.9964E-05 9.9964E-05 0.262471 9.9964E-05 9.9964E-05 0.0273582 0.631801 0.0779703
0.547992 0.0438642 9.9973E-05 0.00814903 9.9973E-05 0.0189337 0.380761 9.9973E-05
0.425157 9.9982E-05 0.0123417 0.0622819 0.0695118 0.0687771 0.361731 9.9982E-05
9.9973E-05 0.0153865 0.121195 9.9973E-05 0.359007 9.9973E-05 0.471627 0.0324844
0.00385642 0.0398445 0.0148892 0.0581404 0.434363 0.0332008 0.312269 0.103436
9.9982E-05 9.9982E-05 0.0418668 0.0408084 0.484445 0.0180771 0.303041 0.111562
9.9982E-05 0.0345929 0.0249824 0.0533708 0.472959 9.9982E-05 0.295053 0.118842
9.9982E-05 0.0152973 0.131314 9.9982E-05 0.217713 0.0808539 0.470723 0.0838991
0.340065 0.00802977 0.117662 0.0182805 0.0838171 9.9991E-05 0.429763 0.00228338
9.9982E-05 0.0299159 0.0455082 9.9982E-05 0.688123 0.0171361 0.0133503 0.205766
0.0457118 0.0567599 9.9991E-05 0.0170148 0.467177 0.00172605 0.266025 0.145485
0.0505347 0.0512943 0.27669 9.9982E-05 0.140131 9.9982E-05 0.419408 0.061742
9.9964E-05 0.0117159 0.312567 9.9964E-05 9.9964E-05 9.9964E-05 0.550319 0.124998
0.0337492 0.0231211 0.345461 9.9973E-05 9.9973E-05 0.12229 0.475079 9.9973E-05
9.9982E-05 0.0223297 0.297282 9.9982E-05 0.00847172 0.0051878 0.609089 0.0574395
0.141664 0.0340531 0.0841924 0.0510443 9.9991E-05 0.00737892 0.607178 0.0743901
9.9973E-05 0.0388161 9.9973E-05 0.0198351 0.34634 9.9973E-05 0.377399 0.21731
0.0567975 9.9982E-05 9.9982E-05 0.0214907 0.40621 0.0460087 0.332094 0.137199
9.9964E-05 9.9964E-05 0.0292632 9.9964E-05 0.50977 9.9964E-05 0.399004 0.0615631
0.0313127 0.0175907 0.0661002 9.9991E-05 0.287 0.0918743 0.374161 0.131861
9.9973E-05 9.9973E-05 0.0368454 0.061856 0.520986 9.9973E-05 0.264716 0.115297
0.0610876 0.0474156 9.9982E-05 9.9982E-05 0.352751 0.0840234 0.352766 0.101757
9.9991E-05 0.0166043 0.0046551 0.042358 0.528433 0.0135025 0.289632 0.104715
9.9982E-05 9.9982E-05 0.063741 0.0475878 0.32039 0.0719784 0.447511 0.0485916
0.0892904 9.9973E-05 0.315928 9.9973E-05 0.000187021 9.9973E-05 0.566485 0.0278103
0.0234488 0.00919238 0.0489777 0.0606015 0.382351 9.9991E-05 0.295151 0.180178
0.00365644 0.0346795 0.091505 9.9982E-05 0.63249 9.9982E-05 0.148827 0.0886419
0.141707 0.0475366 0.0508644 0.0106987 0.295575 0.065759 0.245974 0.141886
0.0713344 0.0185134 0.344093 9.9982E-05 9.9982E-05 0.274489 0.194227 0.0971433
9.9964E-05 0.00367639 0.352159 9.9964E-05 0.105397 9.9964E-05 0.538368 9.9964E-05
0.0126029 0.0470522 0.0386972 0.0689045 0.434073 0.0343126 0.261415 0.102943
9.9991E-05 0.00477985 0.142442 0.00638625 0.0129723 0.0857983 0.625136 0.122385
0.0673998 0.0542153 0.260184 9.9982E-05 9.9982E-05 0.0306259 0.512936 0.0744384
0.169113 0.0157138 0.0679956 9.9982E-05 0.282307 9.9982E-05 0.269651 0.195021
9.9973E-05 0.0189589 9.9973E-05 0.188975 0.311456 9.9973E-05 0.269454 0.210856
0.116784 0.0329233 0.0698695 9.9991E-05 0.0718733 0.0769772 0.551874 0.0795984
0.0630807 0.0363608 0.0122395 9.9982E-05 0.359035 9.9982E-05 0.414754 0.11433
9.9964E-05 9.9964E-05 0.0641346 9.9964E-05 0.374655 9.9964E-05 0.484191 0.0766196
9.9973E-05 0.0374181 0.0459199 9.9973E-05 0.564678 9.9973E-05 0.175707 0.175977
0.00803157 0.038796 0.182656 9.9991E-05 0.010453 0.0532831 0.679787 0.0268938
0.0735986 0.0266094 0.288017 9.9982E-05 9.9982E-05 0.0513767 0.448815 0.111383
0.0769524 0.0173819 0.58683 0.0611661 9.9991E-05 0.0110619 0.176964 0.0695441
0.0962476 9.9982E-05 0.126822 9.9982E-05 0.13121 0.0346833 0.448064 0.162773
0.095142 9.9991E-05 0.159342 0.0751439 0.0191695 0.154578 0.383001 0.113524
0.0779154 0.0185253 0.170958 9.9982E-05 0.119228 9.9982E-05 0.413352 0.199822
0.0172673 0.0443623 0.0426323 0.0695788 0.0476567 0.175885 0.505504 0.0971134
9.9955E-05 9.9955E-05 0.550638 9.9955E-05 0.200477 9.9955E-05 9.9955E-05 0.248385
9.9964E-05 0.0595286 0.656454 9.9964E-05 0.0781868 9.9964E-05 9.9964E-05 0.205431
9.9982E-05 9.9982E-05 0.355852 0.10023 0.133925 0.0800366 0.222671 0.107085
