0.0251728 0.0347989 0.907381 0.0169045 0.0113055 9.9982E-05 9.9982E-05 0.00423751
0.0212076 9.9964E-05 0.93459 9.9964E-05 9.9964E-05 0.0422888 9.9964E-05 0.00151342
0.0110072 9.9964E-05 0.821509 9.9964E-05 0.0673511 9.9964E-05 0.0997324 9.9964E-05
0.0609557 0.00267784 0.754838 9.9982E-05 0.0341024 0.0662932 0.0809329 9.9982E-05
0.0503953 9.9964E-05 0.818569 9.9964E-05 0.064583 0.0660527 9.9964E-05 9.9964E-05
0.14196 9.9991E-05 0.543831 0.116741 0.0580944 0.0078051 0.0793873 0.0520821
0.0545553 9.9973E-05 0.819434 0.102855 9.9973E-05 0.00733826 0.0155176 9.9973E-05
0.164853 9.9991E-05 0.712877 0.0477413 0.0131437 0.0171283 0.0175242 0.026632
0.0941855 9.99639E-05 0.797631 0.0385002 9.99639E-05 9.99639E-05 9.99639E-05 0.0692836
0.0460724 9.9982E-05 0.68246 0.0504911 0.0758232 0.0456855 0.0992682 9.9982E-05
0.145297 9.9973E-05 0.719037 0.0801123 9.9973E-05 0.00308293 9.9973E-05 0.0521701
9.9973E-05 0.816595 9.9973E-05 0.00524206 0.0414683 9.9973E-05 0.109926 0.0264683
0.0704812 0.399341 0.0235066 9.9982E-05 0.00605163 0.00306354 0.497356 9.9982E-05
9.9973E-05 0.751873 0.0395476 0.0316414 0.12163 9.9973E-05 0.0550084 9.9973E-05
9.9982E-05 0.633286 0.00953375 0.0633898 0.138803 0.00902209 0.145765 9.9982E-05
9.9982E-05 0.367838 0.103521 0.0610315 0.0878789 0.0483222 0.331208 9.9982E-05
9.9973E-05 0.277492 0.0777121 0.0500352 0.127751 9.9973E-05 0.46671 9.9973E-05
9.9982E-05 0.524961 0.00951144 0.0221937 0.0371165 9.9982E-05 0.371313 0.0347043
9.9964E-05 0.634155 0.117827 9.9964E-05 0.0863684 9.9964E-05 0.16125 9.9964E-05
0.0369336 0.830668 0.0604031 0.0715952 9.9964E-05 9.9964E-05 9.9964E-05 9.9964E-05
9.9982E-05 0.535979 0.0403766 9.9982E-05 0.06066 0.0381972 0.250895 0.0736925
9.9982E-05 0.293885 0.018455 0.227152 9.9982E-05 0.0384025 0.383588 0.0383167
0.00385478 0.297987 0.0494655 9.9982E-05 9.9982E-05 0.0610395 0.506958 0.0804951
9.9964E-05 0.753382 9.9964E-05 9.9964E-05 0.0979951 9.9964E-05 0.130177 0.0180462
0.00439137 0.234119 0.0601098 0.0342567 0.0416741 9.9982E-05 0.62525 9.9982E-05
9.9982E-05 0.447146 0.027816 0.0296013 0.071137 9.9982E-05 0.397135 0.0269647
9.9964E-05 0.864332 0.0470203 9.9964E-05 0.0445478 9.9964E-05 0.0437001 9.9964E-05
9.9946E-05 0.795223 9.9946E-05 9.9946E-05 0.204177 9.9946E-05 9.9946E-05 9.9946E-05
9.9973E-05 0.767439 0.0211305 0.0689107 9.9973E-05 0.0383083 0.103911 9.9973E-05
9.9955E-05 9.9955E-05 0.857645 9.9955E-05 0.0044776 9.9955E-05 0.137378 9.9955E-05
9.9955E-05 0.0194146 0.842328 9.9955E-05 9.9955E-05 9.9955E-05 0.137757 9.9955E-05
9.9964E-05 0.0548513 0.76997 9.9964E-05 0.0110396 9.9964E-05 0.163739 9.9964E-05
0.0176123 9.9982E-05 0.686127 0.0152625 0.129459 9.9982E-05 0.0744756 0.0768636
0.053938 0.023941 0.0594869 0.0251572 0.0481008 0.0347376 0.450761 0.303877
0.0408392 0.106417 0.0586172 9.9991E-05 0.0383499 0.0189304 0.398527 0.33822
9.9964E-05 9.9964E-05 0.043888 9.9964E-05 9.9964E-05 0.00663015 0.485358 0.463725
0.152505 0.618461 0.0967597 9.9982E-05 9.9982E-05 0.0476979 0.0501496 0.034227
9.9973E-05 9.9973E-05 0.0264551 0.0327868 0.0311856 9.9973E-05 0.258223 0.65105
0.0915102 0.0979865 0.0749585 9.9982E-05 0.086808 9.9982E-05 0.337555 0.310982
0.0639922 9.9982E-05 0.0250143 0.0229044 0.0906903 9.9982E-05 0.592075 0.205124
0.0607179 9.9982E-05 0.0787268 0.136879 9.9982E-05 0.00149587 0.579067 0.142913
0.0570437 9.9973E-05 0.118694 9.9973E-05 9.9973E-05 0.0279444 0.631028 0.16499
0.0243235 0.182687 0.0177321 0.0709799 9.9982E-05 9.9982E-05 0.0938121 0.610265
0.0771183 9.9964E-05 9.9964E-05 0.24722 0.0320181 9.9964E-05 0.643244 9.9964E-05
9.9982E-05 9.9982E-05 0.0506999 0.0140007 0.0230072 0.162668 0.457971 0.291453
0.0135354 0.00545483 0.0562692 0.112496 0.0564795 9.9991E-05 0.665372 0.0902932
9.9964E-05 9.9964E-05 9.9964E-05 9.9964E-05 0.000208707 0.075409 0.260251 0.663732
9.9973E-05 0.069933 0.0660121 9.9973E-05 0.0246564 9.9973E-05 0.521747 0.317352
0.022156 0.0577795 0.101241 9.9973E-05 9.9973E-05 9.9973E-05 0.52487 0.293654
9.9964E-05 9.9964E-05 0.0603851 0.286972 9.9964E-05 0.0294473 9.9964E-05 0.622795
0.113218 0.506513 9.9982E-05 0.111928 9.9982E-05 0.014382 0.0746521 0.179107
9.9973E-05 0.454276 9.9973E-05 0.372541 9.9973E-05 0.0321082 0.0578312 0.0829429
0.0420731 0.340181 0.043143 0.0213517 0.0369941 9.9982E-05 0.516058 9.9982E-05
9.9982E-05 0.171323 0.0991751 0.11903 0.0755107 9.9982E-05 0.511283 0.0234781
0.0827883 0.0117571 0.10039 0.0347622 0.0242401 0.0966201 0.507865 0.141577
0.19556 0.248072 0.0840718 0.0673534 9.9991E-05 0.0233708 0.140782 0.24069
0.127337 0.250592 9.9982E-05 0.0681043 0.0620742 9.9982E-05 0.420337 0.071355
0.0234075 0.152831 0.0361542 0.15208 0.0687598 0.0386963 0.527971 9.9991E-05
0.00686453 0.329689 0.150467 0.0498301 0.0161556 0.0478435 0.2369 0.162251
0.066617 0.404328 0.196346 0.213659 0.00907573 0.0426217 0.00671733 0.0606352
0.00734121 0.183598 0.0197142 0.093372 0.0416351 9.9991E-05 0.491905 0.162335
0.0193099 0.38049 0.0638146 0.0459687 0.0290424 0.0588207 0.37335 0.0292036
0.0836653 0.633913 0.0362752 0.113578 9.9982E-05 0.0299189 9.9982E-05 0.10245
0.0119677 0.335856 9.9982E-05 0.0587993 9.9982E-05 0.0693665 0.484085 0.0397255
0.184873 0.00543765 9.9973E-05 0.0784242 9.9973E-05 0.0416407 0.689324 9.9973E-05
9.9973E-05 0.225502 0.0828267 0.0557412 9.9973E-05 0.0129648 0.622666 9.9973E-05
0.0431531 0.500996 0.00149584 0.0557729 0.0777365 9.9991E-05 0.16249 0.158255
9.9982E-05 0.340859 9.9982E-05 0.147134 0.0912606 0.0402648 0.309505 0.0707777
0.0575429 0.149328 0.0828711 0.0209765 0.0687538 0.0348489 0.575357 0.0103213
0.0279966 0.606328 9.9982E-05 0.119805 9.9982E-05 0.0477055 0.0841806 0.113784
0.0615101 0.00289155 9.9964E-05 9.9964E-05 9.9964E-05 9.9964E-05 0.475256 0.459943
0.0286159 0.179762 9.9964E-05 9.9964E-05 9.9964E-05 9.9964E-05 0.15958 0.631642
0.00864387 0.0775087 0.0418195 0.0793158 0.0368555 0.050164 0.502674 0.203019
9.9946E-05 9.9946E-05 9.9946E-05 0.10014 9.9946E-05 9.9946E-05 9.9946E-05 0.89926
0.00946457 9.9964E-05 9.9964E-05 0.163051 9.9964E-05 0.0338867 9.9964E-05 0.793198
9.9955E-05 0.0414621 9.9955E-05 9.9955E-05 9.9955E-05 9.9955E-05 0.247354 0.710684
0.0821272 0.0297223 9.9964E-05 9.9964E-05 9.9964E-05 9.9964E-05 0.413143 0.474607
0.0669489 0.054737 0.0763688 0.0992939 9.9991E-05 0.0216814 0.567021 0.113849
0.0353907 0.0870813 9.9991E-05 0.00326118 0.0644608 0.00680538 0.348639 0.454261
0.0979907 0.13619 0.0436629 9.9982E-05 0.0612107 9.9982E-05 0.0152944 0.645451
0.176914 0.00183497 0.0345374 9.9982E-05 9.9982E-05 0.047607 0.191248 0.547659
0.0676095 0.0840505 0.10232 9.9982E-05 9.9982E-05 0.050789 0.489537 0.205494
0.0060647 0.0877238 9.9973E-05 9.9973E-05 0.0345007 9.9973E-05 0.228405 0.643006
0.0295547 0.0705649 0.0299218 0.00280165 0.0455176 9.9991E-05 0.391155 0.430384
9.9964E-05 9.9964E-05 9.9964E-05 0.0281197 9.9964E-05 0.0321252 0.365001 0.574354
9.9964E-05 0.0216323 9.9964E-05 0.219234 9.9964E-05 0.13791 9.9964E-05 0.620824
0.0903523 0.00349826 9.9973E-05 0.0797296 9.9973E-05 9.9973E-05 0.658379 0.167741
9.9964E-05 0.157593 0.768678 9.9964E-05 0.0415101 9.9964E-05 0.0318189 9.9964E-05
9.9946E-05 9.9946E-05 0.890206 9.9946E-05 9.9946E-05 9.9946E-05 0.109194 9.9946E-05
0.0159433 9.9964E-05 0.859719 9.9964E-05 0.033335 9.9964E-05 0.0906031 9.9964E-05
9.9964E-05 9.9964E-05 0.873384 0.0287561 9.9964E-05 9.9964E-05 0.0171096 0.0803501
9.9964E-05 9.9964E-05 0.865551 0.00666404 9.9964E-05 9.9964E-05 0.113656 0.0137288
9.9964E-05 9.9964E-05 0.882107 9.9964E-05 0.0315453 0.0607001 0.0252474 9.9964E-05
9.99461E-05 9.99461E-05 0.91089 9.99461E-05 9.99461E-05 9.99461E-05 0.0885103 9.99461E-05
0.03373 0.0620382 9.9982E-05 9.9982E-05 0.106532 0.0219433 0.37218 0.403376
9.9982E-05 0.166898 0.0429989 9.9982E-05 0.108916 0.0452123 0.418939 0.216836
9.9973E-05 0.190044 0.0467117 0.0261872 9.9973E-05 0.00229803 9.9973E-05 0.734459
0.0397672 0.14328 0.103885 0.064835 0.0712914 0.0413521 0.53549 9.9991E-05
9.9964E-05 0.335995 0.0323195 9.9964E-05 9.9964E-05 9.9964E-05 0.332497 0.298789
0.0050936 9.9991E-05 0.0900572 0.00489458 0.017581 0.0334178 0.582348 0.266508
9.9982E-05 0.147228 0.0353989 9.9982E-05 0.0297545 0.0639999 0.48492 0.238499
9.9973E-05 9.9973E-05 0.0272924 9.9973E-05 0.0426956 0.0168957 0.485706 0.42711
0.116349 0.134758 0.030144 9.9973E-05 9.9973E-05 0.0159446 9.9973E-05 0.702504
0.046802 0.118254 0.137199 0.0524249 0.0418604 0.00449268 0.530508 0.0684594
9.9982E-05 0.194397 0.00964172 0.0648109 0.0155986 9.9982E-05 0.639271 0.0760811
0.0815635 0.0791727 9.9982E-05 9.9982E-05 0.169188 0.0697127 0.490924 0.10924
9.9973E-05 9.9973E-05 0.0425302 0.0599908 0.069609 9.9973E-05 0.23304 0.594531
9.9973E-05 9.9973E-05 0.0332459 9.9973E-05 0.0201423 0.0700064 0.440881 0.435425
0.00578267 0.140519 0.0344198 0.0563156 9.9991E-05 0.0173751 0.402115 0.343373
9.9964E-05 9.9964E-05 9.9964E-05 9.9964E-05 0.0967084 0.0116038 0.304034 0.587254
0.0636534 0.0481231 0.052917 9.9973E-05 9.9973E-05 9.9973E-05 0.400805 0.434202
0.0932553 0.0584111 0.103726 9.9991E-05 0.00836186 0.0049873 0.55961 0.171549
0.0932158 0.406727 0.030268 0.138986 0.0229899 0.119094 0.174441 0.014278
0.142288 0.28098 0.0701916 0.0785955 0.0027237 9.9991E-05 0.398415 0.0267057
0.141778 9.9982E-05 0.101228 9.9982E-05 0.0717646 0.0870163 0.42922 0.168794
0.054729 0.0708034 0.0217875 0.0999917 0.06526 0.07383 0.549329 0.0642691
0.0520325 0.398649 0.0806993 9.9982E-05 9.9982E-05 0.0654049 0.382258 0.0207561
0.0761926 0.156515 9.9991E-05 0.0370866 0.0402672 0.0774845 0.506336 0.106019
0.0862581 0.433735 0.0158452 9.9982E-05 0.0762641 0.0282801 0.359417 9.9982E-05
0.0786986 0.146353 0.0633122 0.0902875 9.9991E-05 0.0773821 0.511698 0.0321689
0.120522 0.163528 0.0675829 0.0388773 0.025852 9.9991E-05 0.527986 0.0555516
0.0302662 0.246729 0.0230343 0.0950952 9.9991E-05 0.0285981 0.48824 0.0879372
0.211909 0.29151 9.9964E-05 9.9964E-05 9.9964E-05 9.9964E-05 0.478185 0.0179958
0.0975479 0.121784 9.9982E-05 0.0901739 0.025188 0.0547853 0.610321 9.9982E-05
0.0995459 9.9991E-05 0.105351 0.140094 0.0510661 0.0145306 0.515314 0.0739977
0.0660311 0.298263 9.9982E-05 9.9982E-05 0.0527511 0.0121692 0.549273 0.0213125
0.105062 9.9991E-05 0.0281431 0.215709 0.0226237 0.0372776 0.557792 0.0332929
0.122933 0.317226 9.9982E-05 9.9982E-05 0.106458 0.0348678 0.380399 0.037915
0.0266807 0.306564 0.0703864 0.169283 9.9982E-05 0.100043 0.326844 9.9982E-05
0.135927 0.148587 9.9982E-05 0.00855181 0.103377 0.0403367 0.56302 9.9982E-05
0.0668041 0.109739 0.0500859 9.9973E-05 9.9973E-05 0.12452 0.648551 9.9973E-05
0.192282 0.360562 0.0251936 0.00225976 0.071955 9.9991E-05 0.146929 0.200718
0.0626121 0.368369 9.9991E-05 0.209873 0.0382002 0.189866 0.130351 0.00062923
0.112542 0.266192 0.0234429 0.0403978 0.0219042 0.0161988 0.479057 0.0402651
0.17961 0.222574 9.9991E-05 0.121156 0.0460363 0.238132 0.0166007 0.175792
0.0773384 0.516495 0.10516 9.9982E-05 9.9982E-05 0.0391459 0.170886 0.0907743
0.0540177 0.508854 9.9973E-05 9.9973E-05 9.9973E-05 0.077422 0.345765 0.0136413
0.155883 0.440398 0.0335301 9.9973E-05 9.9973E-05 9.9973E-05 0.244927 0.124963
0.116201 0.572272 9.9982E-05 9.9982E-05 0.031498 0.0350896 0.151677 0.0930617
0.000921654 0.191012 0.136175 0.0871847 0.0193147 9.9991E-05 0.502943 0.062349
0.17751 0.0562121 0.0362554 0.145948 0.0385939 9.9982E-05 0.545281 9.9982E-05
9.9973E-05 0.287974 0.0522288 9.9973E-05 9.9973E-05 0.0644502 0.522517 0.0725297
0.0843355 0.374398 9.9982E-05 0.265393 0.0827968 0.091844 0.101033 9.9982E-05
0.034226 0.137735 0.148635 0.0619119 9.9991E-05 0.0356754 0.530436 0.0512809
9.9991E-05 0.11159 0.0221411 0.188404 0.0440926 0.0965148 0.468746 0.068412
0.085694 0.133589 0.0991396 0.37256 9.9991E-05 0.207212 0.00813459 0.0935709
9.9982E-05 9.9982E-05 0.0778519 0.095127 0.040899 0.0420438 0.682921 0.0609571
0.0397458 0.143306 0.0780663 0.182697 9.9991E-05 0.0761978 0.328863 0.151023
9.9982E-05 0.168456 0.0949973 0.174771 0.0287693 0.0257765 0.507029 9.9982E-05
0.0558893 0.138757 0.043418 0.40919 0.0024598 0.0351375 0.30195 0.0131984
0.0896679 0.117407 0.027853 0.40432 9.9991E-05 0.113673 0.178303 0.0686758
0.0437021 0.203694 0.0220479 0.17387 9.9982E-05 0.110076 0.44641 9.9982E-05
0.0432266 0.0708431 0.133923 0.140949 0.028493 0.0968762 0.458446 0.0272436
0.058447 0.115611 0.177683 0.144012 9.9982E-05 9.9982E-05 0.471138 0.0329097
9.9982E-05 0.228243 0.0321882 0.357256 0.122628 0.0470868 9.9982E-05 0.212399
0.0532144 0.08218 0.108456 0.0263136 0.0280615 0.20471 0.496964 9.9991E-05
0.0157554 0.165125 9.9982E-05 0.281193 9.9982E-05 0.0216467 0.328307 0.187773
0.0507095 0.181855 9.9982E-05 0.144491 9.9982E-05 0.104281 0.418424 0.10004
0.065256 0.0289455 0.0515766 0.105206 0.0389076 9.9991E-05 0.564318 0.14569
9.9982E-05 0.101867 0.221257 0.212616 0.234697 9.9982E-05 0.165098 0.0642645
9.9955E-05 9.9955E-05 0.46197 0.413602 0.123929 9.9955E-05 9.9955E-05 9.9955E-05
9.9964E-05 9.9964E-05 0.392059 0.432467 0.157503 0.0175714 9.9964E-05 9.9964E-05
9.9973E-05 0.00426865 0.306395 0.256142 0.351081 9.9973E-05 0.0818145 9.9973E-05
9.9964E-05 9.9964E-05 9.9964E-05 0.301742 9.9964E-05 0.000794438 0.684235 0.0128283
0.0601261 0.0318493 0.113427 9.9991E-05 0.0944786 0.134183 0.527611 0.0382245
9.9955E-05 0.024861 9.9955E-05 9.9955E-05 0.64685 9.9955E-05 0.327789 9.9955E-05
9.9982E-05 0.156967 0.0150146 9.9982E-05 0.47672 0.0614347 0.266548 0.023116
0.16119 9.9982E-05 0.0691922 0.00111946 0.427013 9.9982E-05 0.299948 0.0413378
9.9964E-05 9.9964E-05 9.9964E-05 0.411598 9.9964E-05 0.175892 0.335241 0.0768694
0.0274583 0.0221979 0.0143114 0.169427 0.0644776 0.0466001 0.537498 0.11803
9.9973E-05 0.0371883 9.9973E-05 0.517343 9.9973E-05 0.193944 0.180504 0.0707206
0.0089817 9.9973E-05 9.9973E-05 0.218391 9.9973E-05 0.0376644 0.590425 0.144238
9.9973E-05 0.219149 9.9973E-05 0.182483 9.9973E-05 0.0917663 0.369233 0.137068
0.0560808 0.0245584 9.9991E-05 0.199094 0.0352848 0.0475189 0.605238 0.0321249
9.9973E-05 0.153634 9.9973E-05 0.464591 9.9973E-05 0.0641908 0.193521 0.123763
0.0623933 0.0480481 0.0137838 0.117253 0.0771185 9.9991E-05 0.570874 0.110429
9.9964E-05 9.9964E-05 0.0859746 0.209235 9.9964E-05 9.9964E-05 0.614776 0.0896149
9.9955E-05 9.9955E-05 9.9955E-05 9.9955E-05 0.965783 0.00291311 0.0308045 9.9955E-05
9.9964E-05 9.9964E-05 9.9964E-05 0.00656339 0.909062 0.0157464 0.0682288 9.9964E-05
0.00790991 0.0119447 0.0342304 9.9991E-05 0.600293 0.0200667 0.202071 0.123385
0.0338641 9.9955E-05 9.9955E-05 9.9955E-05 0.605026 9.9955E-05 0.36061 9.9955E-05
0.0140888 9.9964E-05 9.9964E-05 9.9964E-05 0.869076 9.9964E-05 0.0746336 0.0418013
9.994E-05 9.994E-05 9.994E-05 9.994E-05 0.9993 9.994E-05 9.994E-05 9.994E-05
0.0293008 9.9946E-05 9.9946E-05 9.9946E-05 0.9701 9.9946E-05 9.9946E-05 9.9946E-05
9.9946E-05 9.9946E-05 9.9946E-05 9.9946E-05 0.762382 9.9946E-05 0.237018 9.9946E-05
9.9955E-05 0.0279044 9.9955E-05 9.9955E-05 0.942663 9.9955E-05 0.0289329 9.9955E-05
9.994E-05 9.994E-05 9.994E-05 9.994E-05 0.9993 9.994E-05 9.994E-05 9.994E-05
9.994E-05 9.994E-05 9.994E-05 9.994E-05 0.9993 9.994E-05 9.994E-05 9.994E-05
9.9964E-05 0.0426063 0.0640069 9.9964E-05 0.751052 9.9964E-05 0.141935 9.9964E-05
0.0531371 0.0164652 0.0137289 9.9973E-05 0.749118 9.9973E-05 0.167251 9.9973E-05
9.9946E-05 9.9946E-05 9.9946E-05 9.9946E-05 0.967186 9.9946E-05 9.9946E-05 0.0322139
0.110352 0.126282 9.9973E-05 9.9973E-05 0.398486 9.9973E-05 0.323361 0.0412187
0.073693 9.9973E-05 0.0164531 9.9973E-05 0.615078 9.9973E-05 0.253255 0.0412206
0.0639123 0.0193189 0.000537273 0.00892074 0.719409 9.9982E-05 0.187702 9.9982E-05
0.0167772 0.0438219 0.0233707 9.9973E-05 0.822811 9.9973E-05 0.0929192 9.9973E-05
9.994E-05 9.994E-05 9.994E-05 9.994E-05 0.9993 9.994E-05 9.994E-05 9.994E-05
9.9955E-05 9.9955E-05 0.0403799 9.9955E-05 0.914722 9.9955E-05 0.0443986 9.9955E-05
9.994E-05 9.994E-05 9.994E-05 9.994E-05 0.9993 9.994E-05 9.994E-05 9.994E-05
0.0285724 9.9973E-05 0.0452014 9.9973E-05 0.573981 0.0952758 0.256669 9.9973E-05
9.9982E-05 0.0650476 0.0105553 9.9982E-05 0.89047 0.0265292 0.00278517 0.00441281
9.9964E-05 9.9964E-05 0.285914 0.595114 0.0481388 0.0704329 9.9964E-05 9.9964E-05
0.158132 0.039363 0.11319 0.213966 0.0793002 9.9982E-05 0.395849 9.9982E-05
0.0638753 9.9991E-05 0.171713 0.189974 0.0357101 0.0291809 0.398294 0.111152
0.0703727 9.9973E-05 0.15002 0.468624 0.0497109 9.9973E-05 0.260973 9.9973E-05
0.0143912 0.0144535 0.133874 0.195819 0.114762 0.0382356 0.433193 0.0552714
9.9982E-05 9.9982E-05 0.244486 0.33448 0.122314 0.0264341 0.220865 0.0512197
0.014062 0.106228 0.132194 0.199753 0.149048 0.0432075 0.314679 0.0408274
0.0381056 9.9982E-05 0.0892066 0.378258 0.190608 9.9982E-05 0.265149 0.0384735
9.9982E-05 0.0938239 0.136877 0.165253 0.057479 9.9982E-05 0.503788 0.0425801
9.9973E-05 9.9973E-05 0.130315 0.24198 0.177931 0.0534023 0.396072 9.9973E-05
9.9973E-05 0.0557647 0.192891 0.175579 0.0170388 9.9973E-05 0.558427 9.9973E-05
0.0953331 9.9973E-05 0.765917 0.0717385 9.9973E-05 0.00544667 0.0612652 9.9973E-05
9.9964E-05 9.9964E-05 0.886987 0.0154047 0.0796424 0.0175657 9.9964E-05 9.9964E-05
0.0258193 9.9964E-05 0.932411 0.0117884 9.9964E-05 9.9964E-05 9.9964E-05 0.0295812
0.0711866 9.9955E-05 0.882884 9.9955E-05 9.9955E-05 9.9955E-05 0.0454296 9.9955E-05
0.0165541 0.0935345 0.879389 0.00962085 0.00060199 9.9973E-05 9.9973E-05 9.9973E-05
9.9964E-05 9.9964E-05 0.920049 0.00312537 0.0599213 0.0165042 9.9964E-05 9.9964E-05
0.0250466 9.9964E-05 0.873712 9.9964E-05 0.0283183 9.9964E-05 0.0725229 9.9964E-05
9.9973E-05 0.0233207 0.872268 0.0435883 9.9973E-05 0.0364829 0.02404 9.9973E-05
9.9964E-05 9.9964E-05 0.90804 9.9964E-05 9.9964E-05 0.0108474 0.0267882 0.0539248
9.9964E-05 0.0173997 0.816304 0.0627039 0.103193 9.9964E-05 9.9964E-05 9.9964E-05
0.0837324 0.214696 0.630772 9.9973E-05 9.9973E-05 0.0486117 9.9973E-05 0.0218877
0.235162 0.162457 0.572376 0.0151211 9.9973E-05 9.9973E-05 9.9973E-05 0.0145835
0.174353 0.16882 0.507565 0.0481026 9.9982E-05 0.0976277 9.9982E-05 0.00333166
0.170153 0.263066 0.477482 0.0372579 9.9982E-05 0.019981 9.9982E-05 0.0318598
9.9964E-05 0.225364 0.0751804 9.9964E-05 9.9964E-05 9.9964E-05 0.417099 0.281957
0.0599788 0.0464942 9.9982E-05 9.9982E-05 0.0784306 0.151954 0.395845 0.267098
0.0994939 0.0764588 0.0412252 0.000168435 0.0505344 0.0988785 0.462553 0.170688
0.123353 0.275914 0.0112386 0.0168847 9.9982E-05 9.9982E-05 0.390396 0.182013
0.266035 0.464674 9.9973E-05 9.9973E-05 9.9973E-05 0.05649 0.136921 0.0755789
9.9982E-05 0.141224 0.0305723 9.9982E-05 0.0337858 0.092216 0.567003 0.134999
0.00170216 0.0869453 9.9973E-05 9.9973E-05 9.9973E-05 0.0818148 0.529573 0.299665
0.0678548 0.0379181 9.9982E-05 0.0912978 9.9982E-05 0.0701481 0.548371 0.184211
0.0426622 9.9973E-05 9.9973E-05 0.050794 0.0800886 9.9973E-05 0.323764 0.502392
0.108732 0.00417599 0.0265144 9.9991E-05 0.00766193 0.0620649 0.61751 0.173241
0.0736569 0.143241 9.9982E-05 9.9982E-05 0.0163684 0.0856011 0.383942 0.296991
0.0324593 0.00917826 9.9973E-05 0.0476354 9.9973E-05 0.229867 9.9973E-05 0.68056
0.124883 0.0771495 0.110975 0.0122505 9.9991E-05 0.0723333 0.563293 0.039016
0.0254251 9.9973E-05 9.9973E-05 0.131716 9.9973E-05 0.140165 0.236333 0.466062
0.00167263 0.025369 0.0420561 0.0126738 9.9991E-05 0.0254094 0.503083 0.389636
0.0613671 0.141295 0.0505196 9.9982E-05 9.9982E-05 0.0292757 0.00177815 0.715565
0.772675 9.9982E-05 0.05556 0.0644139 0.0446047 9.9982E-05 0.01082 0.051726
0.803317 9.9964E-05 0.0370585 0.0672487 9.9964E-05 9.9964E-05 0.0919763 9.9964E-05
0.921085 9.9955E-05 9.9955E-05 9.9955E-05 9.9955E-05 0.0512152 0.0272002 9.9955E-05
0.88402 9.9973E-05 0.0397444 0.0104513 9.9973E-05 0.0402104 9.9973E-05 0.0252737
0.783995 0.0459632 9.9982E-05 0.0680056 0.0241328 9.9982E-05 0.0761619 0.00154176
0.828182 9.9973E-05 0.00120029 9.9973E-05 0.042187 0.0291597 0.0989712 9.9973E-05
9.9964E-05 9.9964E-05 0.84379 9.9964E-05 0.0425432 9.9964E-05 0.0605361 0.0527311
0.0645869 0.0748708 0.781571 9.9964E-05 0.0785714 9.9964E-05 9.9964E-05 9.9964E-05
9.9973E-05 0.013436 0.741432 0.0248624 0.0932931 9.9973E-05 0.126677 9.9973E-05
0.037446 0.10381 0.714044 9.9964E-05 0.1443 9.9964E-05 9.9964E-05 9.9964E-05
0.0188258 9.9973E-05 0.756544 0.069433 0.0902497 9.9973E-05 0.0646474 9.9973E-05
0.458885 0.0732304 0.377541 0.0853472 9.9973E-05 9.9973E-05 9.9973E-05 0.00469661
0.423685 9.9964E-05 0.418087 9.9964E-05 9.9964E-05 0.0821372 9.9964E-05 0.0756906
0.470521 9.9964E-05 0.397269 9.9964E-05 9.9964E-05 0.0972866 9.9964E-05 0.0345238
9.9955E-05 0.0764216 0.809904 9.9955E-05 9.9955E-05 9.9955E-05 0.113175 9.9955E-05
0.506239 9.9973E-05 0.331309 0.0260198 9.9973E-05 0.029972 9.9973E-05 0.10616
9.9964E-05 9.9964E-05 0.218241 0.149982 0.33543 9.9964E-05 0.295947 9.9964E-05
0.122771 0.0258156 0.0454075 0.0754273 0.217261 9.9982E-05 0.513118 9.9982E-05
9.9964E-05 0.0122485 0.254223 9.9964E-05 0.231483 9.9964E-05 0.501646 9.9964E-05
9.9973E-05 9.9973E-05 0.1805 0.174289 0.22207 9.9973E-05 0.389461 0.0333813
0.0358014 0.0431403 0.0975013 0.117281 0.221426 0.0305759 0.390917 0.0633574
9.9955E-05 9.9955E-05 0.372405 0.283794 0.343301 9.9955E-05 9.9955E-05 9.9955E-05
0.104609 0.396856 9.9973E-05 9.9973E-05 9.9973E-05 0.0999599 0.305054 0.093221
0.0782196 0.231462 9.9982E-05 0.225048 9.9982E-05 0.0953786 0.292691 0.0770001
0.0928713 0.660206 0.0707332 9.9973E-05 9.9973E-05 0.0226637 0.153226 9.9973E-05
0.0711342 0.249504 9.9982E-05 0.0493517 9.9982E-05 0.149162 0.433002 0.0476464
0.0234231 0.0983015 9.9973E-05 0.295925 9.9973E-05 0.380661 9.9973E-05 0.201389
0.0150575 0.307878 0.012948 0.0898287 0.0734638 0.0494297 0.451294 9.9991E-05
0.0374572 0.204256 0.00918017 0.0653002 9.9982E-05 0.214643 0.468964 9.9982E-05
0.0612398 0.599509 0.00957018 9.9982E-05 9.9982E-05 0.0971184 0.167113 0.0652499
0.0771229 0.190434 0.0436036 0.103267 0.000532883 0.0143975 0.565816 0.00482495
9.9973E-05 0.541162 9.9973E-05 0.292599 9.9973E-05 0.0882166 0.0102299 0.0674927
0.0785349 0.15826 0.013497 0.0346207 0.0143276 0.17841 0.388021 0.134329
0.206936 0.15175 0.0125221 9.9982E-05 9.9982E-05 0.0130095 0.511388 0.104195
0.075754 0.0745181 0.172795 0.0595371 0.13061 0.0451236 0.371964 0.0696984
9.9982E-05 0.355405 9.9982E-05 0.0410025 0.0165462 0.215082 0.282451 0.0893138
0.0594215 0.249375 9.9991E-05 0.0246126 0.0736192 0.11563 0.396804 0.0804384
0.0048146 0.106207 9.9991E-05 0.0852155 0.118747 0.146848 0.390434 0.147634
0.0807055 0.170599 0.0296628 9.9982E-05 9.9982E-05 0.0606226 0.494744 0.163466
0.072012 0.0368822 9.9982E-05 9.9982E-05 0.111755 0.138571 0.550704 0.0898747
0.0982124 0.152231 0.0664392 0.00829505 0.0969212 0.0902497 0.467606 0.0200445
0.0435758 0.153513 0.0640103 0.162391 0.0460836 9.9982E-05 0.530225 9.9982E-05
9.9955E-05 9.9955E-05 0.785107 9.9955E-05 0.0320252 9.9955E-05 0.182368 9.9955E-05
9.9964E-05 9.9964E-05 0.835824 9.9964E-05 0.00140065 0.0622768 0.100099 9.9964E-05
0.0645217 9.9991E-05 0.739761 0.0164545 0.0056995 0.0442799 0.0737538 0.05543
0.0676609 9.9982E-05 0.769167 9.9982E-05 0.045041 0.0350308 0.0561279 0.0267727
9.9955E-05 9.9955E-05 0.827371 9.9955E-05 9.9955E-05 0.00655531 0.165574 9.9955E-05
0.0991957 0.764155 9.9973E-05 0.0505276 0.0105703 9.9973E-05 0.075252 9.9973E-05
0.0140927 0.184771 0.0773947 0.0287036 9.9991E-05 0.128528 0.491114 0.0752963
0.02368 0.0984581 0.178481 0.0616194 0.161 0.0782764 0.372155 0.0263309
0.133391 0.111545 0.0111358 0.0123622 0.0910416 0.0446912 0.561501 0.0343324
0.0965715 0.141603 0.0902375 9.9982E-05 9.9982E-05 0.04573 0.415209 0.210448
0.0927873 0.379198 9.9982E-05 0.135553 0.0810498 0.125271 0.18594 9.9982E-05
0.135364 0.587797 0.126749 0.101801 9.9973E-05 9.9973E-05 9.9973E-05 0.0479896
0.162424 0.25009 9.9982E-05 0.0296949 0.100641 9.9982E-05 0.410813 0.0461372
0.113505 0.560088 0.0681595 9.9982E-05 0.0500915 0.146401 0.0615545 9.9982E-05
0.248532 9.9982E-05 9.9982E-05 0.14208 0.0387503 0.0263052 0.373988 0.170145
0.111322 0.598528 0.151323 9.9982E-05 9.9982E-05 0.0697497 0.00187693 0.0670007
0.1287 0.094477 0.0855852 0.0327126 0.00818991 9.9991E-05 0.586771 0.0634649
0.108339 0.577226 0.107295 0.00386082 9.9982E-05 0.102869 0.100211 9.9982E-05
9.9991E-05 0.420209 0.0409352 0.0629716 0.0180584 0.0887547 0.315334 0.0536371
0.059 0.078286 0.0268366 0.156022 0.0296263 0.108565 0.437299 0.104365
0.044409 0.105815 9.9982E-05 0.394697 9.9982E-05 0.11272 0.32003 0.022129
0.0312375 0.134904 0.00865059 0.17812 9.9982E-05 9.9982E-05 0.53709 0.109798
9.9973E-05 9.9973E-05 0.0642107 0.300862 0.0218913 9.9973E-05 0.536836 0.0759003
0.0676746 0.0679478 9.9973E-05 0.419048 9.9973E-05 0.0708385 0.374191 9.9973E-05
9.9991E-05 0.0430411 0.114793 0.108084 0.00974759 0.118774 0.530932 0.0745286
0.0812785 9.9973E-05 9.9973E-05 0.172838 9.9973E-05 0.0760014 0.559412 0.110171
0.0723726 9.9973E-05 9.9973E-05 0.554744 9.9973E-05 0.0884101 0.100181 0.183992
0.0166312 9.9973E-05 9.9973E-05 0.567133 9.9973E-05 0.0728 0.32863 0.0145068
0.10785 9.9964E-05 9.9964E-05 0.294566 9.9964E-05 9.9964E-05 0.504162 0.0930219
0.157791 9.9973E-05 9.9973E-05 0.376444 9.9973E-05 0.0415722 0.151824 0.272069
0.0408813 0.151502 9.9973E-05 0.244195 9.9973E-05 9.9973E-05 0.391012 0.17211
0.193154 0.598728 0.0266305 9.9973E-05 0.0325272 9.9973E-05 9.9973E-05 0.14866
0.0712581 0.386892 9.9982E-05 0.0425828 0.0102466 0.284936 0.203885 9.9982E-05
0.0895567 0.36677 0.0461556 9.9991E-05 0.0788701 0.0496161 0.308721 0.0602104
0.136601 0.0958238 0.0537008 9.9991E-05 0.0518354 0.0713388 0.574789 0.0158115
0.0895608 0.627802 9.9982E-05 9.9982E-05 0.0230786 0.0311242 0.0768201 0.151414
0.085531 0.147052 0.0480237 0.0457491 0.0935961 0.134956 0.427659 0.0174331
0.056929 0.145595 0.116818 9.9991E-05 0.0536209 0.0346824 0.583519 0.00873562
0.0598411 0.332632 0.0146484 9.9982E-05 0.0770497 9.9982E-05 0.409469 0.10616
0.134662 0.267251 9.9991E-05 0.0107989 0.119321 0.0528353 0.33931 0.0757212
0.183006 0.167137 0.0483653 9.9982E-05 0.0522123 9.9982E-05 0.433246 0.115833
0.186134 0.522365 9.9973E-05 9.9973E-05 0.0486785 9.9973E-05 0.134003 0.108519
0.315298 0.223243 9.9982E-05 9.9982E-05 0.133181 0.0625916 0.233983 0.0315035
0.0797786 0.207849 9.9982E-05 9.9982E-05 0.0421063 0.0816395 0.573485 0.014941
0.0473473 0.225183 0.0358565 9.9991E-05 0.0217428 0.0311533 0.571764 0.0668525
0.137429 0.275953 0.0168107 0.0781574 9.9982E-05 0.0737849 0.417665 9.9982E-05
0.0677325 0.249161 9.9982E-05 9.9982E-05 0.0589349 0.118463 0.444727 0.0607818
0.23177 0.277077 9.9973E-05 0.108994 0.0656828 9.9973E-05 0.316177 9.9973E-05
0.0668561 0.318327 9.9955E-05 9.9955E-05 9.9955E-05 9.9955E-05 0.614317 9.9955E-05
0.152422 0.198996 9.9991E-05 0.0141897 0.0775428 0.0302456 0.489831 0.0366721
9.9991E-05 0.167921 0.0522903 0.134921 0.0855535 0.0638713 0.491403 0.00394048
9.9973E-05 9.9973E-05 0.354548 0.0758364 0.0784674 9.9973E-05 0.438946 0.0519029
9.9991E-05 0.0641977 0.108994 0.156443 0.164479 0.00894345 0.494215 0.00262742
9.9991E-05 0.116131 0.111677 0.0701544 0.127045 0.0319969 0.488326 0.0545695
0.0228648 0.0875381 0.0214923 0.0857894 0.0799406 0.0626316 0.617552 0.0221915
9.9982E-05 0.0994595 0.167127 0.0697148 0.231656 9.9982E-05 0.415485 0.016357
0.0115938 0.367084 9.9982E-05 0.122325 9.9982E-05 0.121435 0.375728 0.00163396
9.9991E-05 0.107196 0.192099 0.0069777 0.0499332 0.0699494 0.553321 0.020423
9.9982E-05 0.171744 0.178166 0.457173 0.124877 9.9982E-05 0.00412582 0.0637132
0.0563253 0.0544839 0.0488168 0.225632 0.151705 9.9982E-05 0.462837 9.9982E-05
0.0335306 0.070594 0.0658364 0.064077 0.16832 0.0614208 0.432261 0.10396
9.9982E-05 0.0820893 0.080648 0.0278081 0.242004 0.129789 0.437462 9.9982E-05
9.9991E-05 0.247323 0.173172 0.154698 0.13683 0.0301211 0.238246 0.0195099
0.0170507 0.0119674 0.13875 0.0974054 0.177743 9.9991E-05 0.478373 0.0786112
0.0242901 0.00708856 0.137969 0.084316 0.158379 0.00939028 0.578467 9.9991E-05
9.9955E-05 9.9955E-05 0.421312 0.400829 0.177359 9.9955E-05 9.9955E-05 9.9955E-05
9.9982E-05 0.00428473 0.122887 0.137895 0.205929 9.9982E-05 0.490817 0.0379873
9.9982E-05 0.0140607 0.146937 0.18411 0.162435 0.00688651 0.485372 9.9982E-05
0.00848701 0.081569 0.129534 0.0953283 0.0706165 9.9982E-05 0.614265 9.9982E-05
9.9973E-05 9.9973E-05 0.214705 0.0614591 0.185213 0.0156308 0.522692 9.9973E-05
0.00669066 0.0750318 0.123937 0.103284 0.112282 0.0679289 0.510746 9.9991E-05
0.0383067 9.9982E-05 0.00926463 9.9982E-05 0.0536752 0.383369 0.408217 0.106967
9.9991E-05 0.0269217 0.0904832 0.026662 0.0375209 0.22372 0.546326 0.0482662
9.9955E-05 0.105018 9.9955E-05 9.9955E-05 9.9955E-05 0.800137 9.9955E-05 0.0943452
0.0198768 0.0200397 9.9964E-05 9.9964E-05 9.9964E-05 0.956746 9.9964E-05 0.00293725
0.0279999 0.0616525 0.00791987 9.9991E-05 0.0949778 0.463225 0.320362 0.0237632
9.9973E-05 9.9973E-05 0.0514495 0.164959 0.320993 0.0916404 0.370658 9.9973E-05
9.9973E-05 9.9973E-05 0.0620108 0.0551963 0.357561 0.265948 0.258984 9.9973E-05
9.9982E-05 0.0266541 0.209333 0.18588 0.284865 0.11394 0.179127 9.9982E-05
9.9982E-05 0.046063 0.161081 0.01432 0.310123 0.184471 0.283742 9.9982E-05
9.9973E-05 9.9973E-05 0.0764799 0.129863 0.0748937 0.628671 0.0897928 9.9973E-05
9.9973E-05 9.9973E-05 0.0945238 0.0485993 0.0682617 0.674362 0.113953 9.9973E-05
9.9964E-05 9.9964E-05 0.0284816 9.9964E-05 0.102421 0.412012 0.456686 9.9964E-05
9.9964E-05 9.9964E-05 0.0434238 9.9964E-05 0.099614 0.436795 0.419767 9.9964E-05
9.9964E-05 9.9964E-05 0.0930049 9.9964E-05 0.0978131 0.636445 0.172337 9.9964E-05
0.00285868 0.0347265 0.051939 9.9991E-05 0.0677131 0.30103 0.525305 0.0163275
0.0454208 9.9964E-05 9.9964E-05 9.9964E-05 0.0923138 0.359872 0.501994 9.9964E-05
0.0598378 0.0640987 0.089308 0.038389 0.121616 0.218606 0.315759 0.092385
9.9973E-05 0.128888 0.0190318 0.0213128 9.9973E-05 0.572611 0.257857 9.9973E-05
0.0313144 0.0753085 0.0140507 0.0148922 0.0709688 0.505871 0.287495 9.9991E-05
0.0185505 9.9991E-05 0.0410177 0.0367679 0.02323 0.302433 0.522373 0.0555279
0.165409 9.9991E-05 0.0699413 0.0250584 0.0371614 0.27614 0.417268 0.00892174
0.016236 0.0732685 0.0291606 0.0826155 0.138829 0.219952 0.370701 0.0692371
0.0386051 0.108835 9.9973E-05 0.0840674 9.9973E-05 0.360181 0.408012 9.9973E-05
0.046427 9.9955E-05 9.9955E-05 9.9955E-05 9.9955E-05 0.787405 0.165668 9.9955E-05
9.9973E-05 9.9973E-05 9.9973E-05 0.00877452 0.0217284 0.315597 0.571667 0.0819335
9.9955E-05 0.0831928 9.9955E-05 9.9955E-05 9.9955E-05 0.756312 0.159996 9.9955E-05
9.9955E-05 9.9955E-05 0.00878978 9.9955E-05 9.9955E-05 0.563438 0.427272 9.9955E-05
0.0205474 0.102812 0.0711909 0.0341988 9.9991E-05 0.173409 0.505002 0.0927401
9.9973E-05 9.9973E-05 0.00717483 9.9973E-05 0.00655531 0.326158 0.497476 0.162335
0.0270117 9.9973E-05 0.102015 0.143247 0.235144 9.9973E-05 0.492283 9.9973E-05
0.0427818 9.9991E-05 0.118434 0.045347 0.141127 0.166544 0.405075 0.0805915
0.0351339 9.9991E-05 0.150806 0.186153 0.249911 0.0559835 0.315882 0.00603045
0.0160109 0.231048 0.156459 0.130121 0.170926 0.0214611 0.273874 9.9991E-05
0.010658 0.102677 0.138403 0.110058 0.132965 0.0007984 0.474864 0.0295759
9.9982E-05 0.0254079 0.104078 0.132311 0.124877 0.156338 0.456789 9.9982E-05
0.019046 9.9973E-05 0.19221 0.11346 0.10599 0.568995 9.9973E-05 9.9973E-05
0.0486003 9.9991E-05 0.0465607 0.0490425 0.131991 0.0441631 0.617351 0.0621917
9.9964E-05 9.9964E-05 0.375362 0.166354 0.0810473 0.376836 9.9964E-05 9.9964E-05
9.9964E-05 9.9964E-05 0.054166 9.9964E-05 0.157309 0.308074 0.480051 9.9964E-05
9.9964E-05 9.9964E-05 9.9964E-05 0.0118248 9.9964E-05 0.846339 0.036493 0.104943
9.9955E-05 0.00705208 9.9955E-05 9.9955E-05 9.9955E-05 0.860718 9.9955E-05 0.13173
9.9964E-05 0.0780467 9.9964E-05 9.9964E-05 9.9964E-05 0.462647 0.44571 0.013197
9.9955E-05 9.9955E-05 0.0398171 9.9955E-05 9.9955E-05 0.340851 0.618832 9.9955E-05
9.9964E-05 0.0408834 9.9964E-05 9.9964E-05 9.9964E-05 0.572249 0.311105 0.0753624
9.9955E-05 9.9955E-05 9.9955E-05 9.9955E-05 9.9955E-05 0.426639 0.456837 0.116024
9.9973E-05 0.0210347 9.9973E-05 9.9973E-05 0.0198391 0.440575 0.457638 0.0606133
9.9973E-05 0.043998 0.779732 9.9973E-05 0.0694111 0.059944 0.0466147 9.9973E-05
0.0900498 9.9973E-05 0.722414 0.0150709 0.126094 0.0460715 9.9973E-05 9.9973E-05
0.0312713 0.00919461 0.884065 9.9964E-05 0.0750692 9.9964E-05 9.9964E-05 9.9964E-05
9.9946E-05 9.9946E-05 0.888173 9.9946E-05 9.9946E-05 9.9946E-05 0.111227 9.9946E-05
0.0132127 9.9982E-05 0.101721 0.00651498 9.9982E-05 0.0786798 0.446161 0.353511
9.9973E-05 0.187175 0.0539363 9.9973E-05 0.0218405 9.9973E-05 0.426385 0.310363
0.0339771 0.0221066 9.9964E-05 9.9964E-05 9.9964E-05 9.9964E-05 0.41837 0.525147
0.0646363 0.055141 0.115682 9.9973E-05 9.9973E-05 9.9973E-05 0.568438 0.195802
0.0775188 9.9982E-05 0.0601438 9.9982E-05 0.0423307 0.0394932 0.499317 0.280997
0.110865 0.100673 9.9982E-05 0.139866 9.9982E-05 0.0134473 0.206062 0.428887
9.9982E-05 0.110934 0.00617997 9.9982E-05 0.0610477 0.0644953 0.477031 0.280112
9.9964E-05 9.9964E-05 9.9964E-05 0.173268 9.9964E-05 0.13687 0.298584 0.390879
0.0148277 0.123026 0.256425 9.9982E-05 0.142934 0.0579609 0.404627 9.9982E-05
0.0673831 9.9982E-05 9.9982E-05 0.0120521 0.0198541 0.121031 0.394423 0.385057
0.0524425 0.169176 9.9964E-05 9.9964E-05 9.9964E-05 9.9964E-05 0.345436 0.432546
9.9964E-05 0.0565389 9.9964E-05 9.9964E-05 9.9964E-05 0.0731956 0.53478 0.335086
0.0583869 0.0515276 0.0692226 9.9982E-05 9.9982E-05 0.0198078 0.343548 0.457307
0.00260555 9.9973E-05 9.9973E-05 9.9973E-05 0.069002 0.0688518 0.491537 0.367704
0.0300007 0.00621042 0.0530135 9.9991E-05 0.0574969 0.0286043 0.440054 0.38452
9.9955E-05 9.9955E-05 9.9955E-05 9.9955E-05 9.9955E-05 0.115076 0.0319618 0.852463
9.9991E-05 0.0762762 0.00281126 0.0803057 0.0281445 0.142798 0.20999 0.459574
0.058999 9.9964E-05 9.9964E-05 9.9964E-05 9.9964E-05 0.0199854 0.345866 0.57475
9.9955E-05 9.9955E-05 9.9955E-05 0.151845 9.9955E-05 0.0480647 9.9955E-05 0.79959
0.0615352 0.14161 9.9991E-05 0.0119974 0.071071 0.0113115 0.309572 0.392803
9.9964E-05 9.9964E-05 9.9964E-05 0.293074 9.9964E-05 0.0856328 0.0735546 0.547339
9.9955E-05 9.9955E-05 9.9955E-05 0.238288 9.9955E-05 0.086317 9.9955E-05 0.674895
9.9973E-05 9.9973E-05 0.0701981 9.9973E-05 0.0242805 0.048228 0.552204 0.30479
9.9973E-05 0.0897821 0.0409863 9.9973E-05 0.0588212 9.9973E-05 0.070817 0.739293
0.0925399 0.0674058 9.9982E-05 0.0173805 0.0638575 9.9982E-05 0.330795 0.427821
9.9973E-05 0.0358252 0.177758 0.0745858 9.9973E-05 9.9973E-05 0.552231 0.1593
0.0248474 0.101246 9.9973E-05 0.012164 9.9973E-05 9.9973E-05 0.486783 0.37466
9.9973E-05 0.393288 9.9973E-05 0.088176 0.0814844 0.183021 0.25373 9.9973E-05
9.9964E-05 0.0877372 9.9964E-05 9.9964E-05 9.9964E-05 0.0490152 0.517647 0.345201
9.9973E-05 0.226199 0.00405417 9.9973E-05 0.0651315 9.9973E-05 0.321329 0.382986
9.9955E-05 9.9955E-05 9.9955E-05 0.112457 9.9955E-05 9.9955E-05 0.299423 0.587621
0.0754849 9.9991E-05 0.12557 0.0812983 0.025227 0.09276 0.467201 0.132358
0.237085 0.103606 0.581687 0.0615848 0.00498971 0.0108475 9.9982E-05 9.9982E-05
0.0646997 0.0734686 0.724659 0.0218265 9.9991E-05 0.0305105 0.0490114 0.0357248
0.123753 9.9955E-05 0.781208 0.0945401 9.9955E-05 9.9955E-05 9.9955E-05 9.9955E-05
0.0984929 9.9973E-05 0.781125 0.057875 9.9973E-05 0.0581092 9.9973E-05 0.00409765
0.163595 0.0968093 0.721115 0.0124396 9.9973E-05 9.9973E-05 9.9973E-05 0.00574037
0.0329326 0.172837 0.0183595 9.9973E-05 0.0733683 9.9973E-05 9.9973E-05 0.702203
0.0262743 0.0909526 0.0632054 0.0386205 9.9991E-05 0.0518644 0.100236 0.628747
9.9973E-05 9.9973E-05 9.9973E-05 0.0498767 0.0207831 0.0447262 0.0726843 0.81163
9.9982E-05 0.0159588 0.136948 9.9982E-05 0.0768059 0.0588236 0.440568 0.270695
0.0505587 0.0564367 0.149734 9.9991E-05 0.0956353 0.0396564 0.459591 0.148288
0.0102847 9.9982E-05 9.9982E-05 0.0891149 0.0515227 0.0113944 0.207647 0.629836
0.0240606 9.9973E-05 9.9973E-05 0.0378517 0.112402 9.9973E-05 0.461775 0.363611
9.9964E-05 9.9964E-05 9.9964E-05 0.0488775 0.0784279 9.9964E-05 0.363192 0.509103
0.0152357 0.0155283 9.9982E-05 0.11031 9.9982E-05 0.00965328 0.547633 0.30144
0.00710943 0.0857175 0.0378319 0.00810924 0.0313244 0.117921 0.513742 0.198245
0.0945999 0.000393188 9.9982E-05 0.00620919 0.0695224 9.9982E-05 0.170689 0.658386
9.9964E-05 0.0921032 0.022361 9.9964E-05 9.9964E-05 9.9964E-05 0.307121 0.578015
0.012544 0.171992 9.9964E-05 9.9964E-05 9.9964E-05 9.9964E-05 0.276419 0.538646
0.0784169 9.9973E-05 0.0351418 0.231943 9.9973E-05 0.0470761 0.607122 9.9973E-05
0.0371877 9.9964E-05 0.0227651 9.9964E-05 9.9964E-05 9.9964E-05 0.334595 0.605052
0.0191789 9.9973E-05 9.9973E-05 9.9973E-05 0.105206 0.0513544 0.37558 0.448381
9.9973E-05 0.0174255 0.0556348 0.0442473 0.391781 9.9973E-05 0.490611 9.9973E-05
9.9973E-05 9.9973E-05 0.145592 0.0241822 0.377091 9.9973E-05 0.417858 0.0349765
9.9982E-05 9.9982E-05 0.0893668 0.0498552 0.335685 0.00947805 0.459904 0.0555111
9.9973E-05 9.9973E-05 0.0577625 0.208792 0.420959 0.000483534 0.311703 9.9973E-05
0.00569046 9.9973E-05 0.181401 0.0378474 0.261779 9.9973E-05 0.512981 9.9973E-05
9.9973E-05 9.9973E-05 0.0111461 0.15376 9.9973E-05 0.0447438 0.506745 0.283305
9.9982E-05 9.9982E-05 0.213139 0.0570824 0.696805 0.00274751 0.00584404 0.0241817
9.9973E-05 9.9973E-05 0.076295 0.0673578 0.428766 0.0182027 0.409079 9.9973E-05
0.00429691 0.0354953 0.133697 0.209363 0.0613162 9.9991E-05 0.487466 0.068266
9.9982E-05 0.0806121 0.117515 0.20292 9.9982E-05 0.0190519 0.555479 0.0242224
0.0581323 0.0890664 0.144205 0.276658 9.9973E-05 9.9973E-05 0.431639 9.9973E-05
0.139938 9.9982E-05 0.101712 0.172298 0.0090656 9.9982E-05 0.565963 0.0108225
0.0602686 0.0234679 0.0492607 0.190345 9.9982E-05 9.9982E-05 0.646522 0.029936
9.9955E-05 9.9955E-05 0.231757 9.9955E-05 0.39919 9.9955E-05 0.368553 9.9955E-05
0.063682 9.9973E-05 0.133766 9.9973E-05 0.31229 9.9973E-05 0.400977 0.0889848
9.9973E-05 0.0190156 0.0722473 0.0125985 0.468472 9.9973E-05 0.427367 9.9973E-05
0.125024 9.9982E-05 0.0548799 9.9982E-05 0.325855 0.0282437 0.382946 0.0828511
9.9973E-05 9.9973E-05 0.121835 9.9973E-05 0.499019 0.0339971 0.32428 0.0205693
0.0274527 0.0546777 0.12707 9.9991E-05 0.319589 0.0476024 0.356491 0.0670175
9.9982E-05 0.0204686 0.168183 0.0287387 0.554154 0.0140609 0.214195 9.9982E-05
0.0430241 0.169621 0.0677074 9.9973E-05 0.392001 9.9973E-05 0.327347 9.9973E-05
0.0247371 0.0807577 9.9973E-05 0.30788 0.0384191 9.9973E-05 0.547907 9.9973E-05
0.0291441 0.023862 0.159358 9.9982E-05 0.300823 0.0313308 0.455282 9.9982E-05
0.00922569 9.9973E-05 0.117157 0.0240329 0.634953 9.9973E-05 0.214331 9.9973E-05
0.0124073 9.9982E-05 0.127882 9.9982E-05 0.336962 0.0667645 0.384854 0.0709307
0.158762 0.153366 0.102266 0.280865 9.9982E-05 9.9982E-05 0.203485 0.101055
0.008133 0.137097 9.9982E-05 0.224233 0.0731234 9.9982E-05 0.554113 0.00309964
0.0942894 0.0681585 0.148908 9.9991E-05 0.302986 0.0121261 0.315075 0.0583572
9.9982E-05 0.0339615 0.079561 0.130375 0.0104682 0.120602 0.624832 9.9982E-05
9.9973E-05 0.074025 0.127792 0.254015 9.9973E-05 9.9973E-05 0.465213 0.0786563
0.00588118 0.120211 0.191555 0.028563 0.198653 0.0230532 0.313263 0.118821
9.9973E-05 9.9973E-05 0.179369 0.0819447 0.255632 0.0972897 0.385464 9.9973E-05
0.0791662 9.9991E-05 0.0779711 0.12224 0.0207131 0.0230096 0.659559 0.0172407
9.9973E-05 0.051772 0.115106 9.9973E-05 0.315976 9.9973E-05 0.445931 0.0709154
9.9973E-05 0.0424643 0.0751494 0.0104018 0.407001 9.9973E-05 0.464683 9.9973E-05
9.9973E-05 9.9973E-05 0.184123 0.0231619 0.581739 0.0209092 0.189767 9.9973E-05
0.0111494 9.9982E-05 0.0202669 0.226422 0.0469205 9.9982E-05 0.617619 0.0774224
0.088405 0.0949442 0.0232556 0.270713 9.9982E-05 9.9982E-05 0.44187 0.0806121
0.0266169 9.9982E-05 0.0280923 0.675491 0.0513546 9.9982E-05 0.187232 0.0310131
0.0312924 9.9991E-05 0.16881 0.126681 0.0160205 0.0236297 0.605322 0.0281439
0.0724403 0.247449 0.0793552 0.124215 0.0803194 0.0279712 0.304467 0.0637839
9.9982E-05 0.0322197 0.226259 0.0566186 0.177345 9.9982E-05 0.435559 0.0717983
0.085019 0.00851724 0.0879115 0.147601 0.0272152 0.064694 0.578942 9.9991E-05
9.9955E-05 9.9955E-05 0.278845 0.542515 0.17814 9.9955E-05 9.9955E-05 9.9955E-05
9.9955E-05 9.9955E-05 0.209875 0.68809 0.101535 9.9955E-05 9.9955E-05 9.9955E-05
9.9982E-05 0.084095 0.0481446 0.38439 0.12855 0.0629468 0.291674 9.9982E-05
