9.9955E-05 0.827899 0.0340205 9.9955E-05 9.9955E-05 0.065516 0.0243634 0.0477015 9.9955E-05 9.9955E-05
0.0398218 0.909408 9.9964E-05 0.00556284 9.9964E-05 0.0301539 0.0087713 9.9964E-05 9.9964E-05 0.00588258
9.9973E-05 0.760494 9.9973E-05 0.0232135 0.106291 0.0414292 0.0229221 0.0394154 9.9973E-05 0.00593467
9.9973E-05 0.745446 0.0105051 0.0557231 0.0213608 0.0312229 0.0527364 0.0827059 9.9973E-05 9.9973E-05
0.0174382 0.840204 9.9955E-05 0.0219423 0.0291006 9.9955E-05 9.9955E-05 0.0908157 9.9955E-05 9.9955E-05
9.9982E-05 0.541249 0.0260327 0.0667373 9.9982E-05 0.0162262 0.00629873 0.0916474 0.182167 0.0694419
0.0203683 0.734431 0.0518838 0.029127 9.9973E-05 0.0479613 9.9973E-05 0.002563 0.113366 9.9973E-05
9.9964E-05 0.641547 9.9964E-05 0.131763 9.9964E-05 0.0556464 0.0128218 0.0482623 0.109559 9.9964E-05
0.00370545 0.800946 9.99639E-05 0.0131101 9.99639E-05 9.99639E-05 0.0721638 9.99639E-05 0.0892976 0.0203767
0.0599161 0.602913 9.9973E-05 0.0786627 0.0743012 0.0422076 9.9973E-05 0.0760753 0.0656238 9.9973E-05
0.0206796 0.706942 0.0832376 0.042888 0.0194013 0.00757636 0.00839007 9.9982E-05 0.110686 9.9982E-05
9.9955E-05 9.9955E-05 0.828858 9.9955E-05 0.132151 9.9955E-05 0.0027302 0.00622555 9.9955E-05 0.0295364
9.9955E-05 9.9955E-05 0.453498 0.05102 0.390566 0.00396175 9.9955E-05 0.100454 9.9955E-05 9.9955E-05
0.0345608 0.0526213 0.76953 0.0117095 0.0899111 0.00606934 9.9973E-05 0.0352977 9.9973E-05 9.9973E-05
9.9955E-05 0.0488981 0.684282 9.9955E-05 0.191667 0.00679395 9.9955E-05 0.0678586 9.9955E-05 9.9955E-05
9.9955E-05 0.100942 0.462062 9.9955E-05 0.30398 0.00960688 9.9955E-05 0.122909 9.9955E-05 9.9955E-05
9.9955E-05 9.9955E-05 0.392743 0.0405092 0.430885 0.0573204 9.9955E-05 0.0780423 9.9955E-05 9.9955E-05
9.9973E-05 9.9973E-05 0.439145 0.0181787 0.259183 0.00939018 0.023479 0.115458 9.9973E-05 0.134866
9.9946E-05 0.113344 0.67241 9.9946E-05 0.184342 9.9946E-05 9.9946E-05 0.0293048 9.9946E-05 9.9946E-05
9.9955E-05 0.0618021 0.841266 9.9955E-05 9.9955E-05 0.000314909 0.0796043 9.9955E-05 0.016513 9.9955E-05
0.00300401 9.9973E-05 0.384636 0.0816067 0.321323 0.0242514 9.9973E-05 0.0616351 9.9973E-05 0.123244
0.0515277 0.0264742 0.214341 0.0081621 0.412389 0.0301835 0.00660663 0.0436779 0.148268 0.0583696
0.0610414 9.9964E-05 0.342893 0.0423933 0.433618 9.9964E-05 9.9964E-05 0.0374785 9.9964E-05 0.0821761
0.00136497 9.9973E-05 0.778884 9.9973E-05 0.103964 0.0146026 9.9973E-05 0.0702821 0.00309144 0.0275105
0.0444742 0.0250744 0.292395 0.0668672 0.465777 0.00246971 9.9982E-05 0.0603472 0.0423955 9.9982E-05
9.9955E-05 9.9955E-05 0.528848 9.9955E-05 0.386898 0.0190393 9.9955E-05 0.0609084 0.00380698 9.9955E-05
9.9955E-05 0.00228198 0.898658 9.9955E-05 9.9955E-05 0.0277219 9.9955E-05 0.0575838 9.9955E-05 0.0132547
9.9937E-05 9.9937E-05 0.836553 9.9937E-05 9.9937E-05 0.0269853 9.9937E-05 0.135762 9.9937E-05 9.9937E-05
0.0800173 0.00391255 0.777438 0.0327336 0.103511 9.9964E-05 9.9964E-05 9.9964E-05 9.9964E-05 0.00198693
9.99201E-05 9.99201E-05 9.99201E-05 9.99201E-05 9.99201E-05 0.999101 9.99201E-05 9.99201E-05 9.99201E-05 9.99201E-05
9.99201E-05 9.99201E-05 9.99201E-05 9.99201E-05 9.99201E-05 0.999101 9.99201E-05 9.99201E-05 9.99201E-05 9.99201E-05
9.9964E-05 0.446824 9.9964E-05 9.9964E-05 0.0708062 0.387107 0.0119341 0.0667442 9.9964E-05 0.0161844
9.9973E-05 0.523766 9.9973E-05 9.9973E-05 0.049357 0.221739 0.00677629 0.10675 0.0192503 0.0720618
0.0674999 0.00198341 0.135423 0.0589914 0.524088 9.9991E-05 0.00111838 0.0446693 0.0037325 0.162394
9.9973E-05 0.0992045 0.106597 0.0317123 0.454831 9.9973E-05 0.0250599 0.0370522 9.9973E-05 0.245243
0.0223467 9.9955E-05 9.9955E-05 9.9955E-05 0.497375 0.0172471 9.9955E-05 9.9955E-05 0.0132975 0.449234
0.0366268 0.0814442 0.469929 0.0164206 0.0656342 0.016551 0.250179 0.00544616 9.9991E-05 0.0576694
0.0165341 0.0610818 9.9955E-05 9.9955E-05 0.296248 9.9955E-05 9.9955E-05 0.0316877 9.9955E-05 0.593949
0.0623904 0.0637635 0.0897053 9.9973E-05 0.455807 9.9973E-05 0.106455 0.00965415 9.9973E-05 0.211925
0.00774327 9.9964E-05 9.9964E-05 0.0317413 0.726506 9.9964E-05 0.0253894 9.9964E-05 0.119455 0.0887654
9.9973E-05 0.0320952 9.9973E-05 0.0403533 0.54177 0.0269606 0.0378619 9.9973E-05 0.208761 0.111898
9.9964E-05 9.9964E-05 0.0940403 0.0600306 0.57635 0.0771207 0.0825699 9.9964E-05 9.9964E-05 0.109488
9.9982E-05 0.0390466 0.0600808 0.0418066 0.0468569 0.0305042 0.0576896 0.010605 9.9982E-05 0.71321
9.9982E-05 0.028397 0.0880363 0.0201361 0.510472 9.9982E-05 0.0437817 0.0381646 0.197121 0.0736908
0.02503 0.0204119 9.9973E-05 9.9973E-05 0.479837 0.0533893 9.9973E-05 0.0432872 0.178389 0.199355
0.0504689 0.0934444 9.9982E-05 0.0102692 0.526747 0.0165111 9.9982E-05 0.109538 0.0544231 0.138399
0.0344779 9.9964E-05 9.9964E-05 9.9964E-05 0.291966 0.01542 0.00298262 0.0135345 9.9964E-05 0.64122
9.9964E-05 9.9964E-05 9.9964E-05 0.033382 0.577768 0.000921109 9.9964E-05 0.0708254 0.0861795 0.230524
0.134371 0.0843509 0.0460436 0.0389708 0.493588 0.0301373 9.9982E-05 0.0473535 9.9982E-05 0.124985
9.9937E-05 0.0668305 9.9937E-05 9.9937E-05 9.9937E-05 9.9937E-05 9.9937E-05 9.9937E-05 0.258409 0.674061
9.9973E-05 9.9973E-05 0.296663 0.0345221 0.107091 9.9973E-05 0.29 0.00855438 0.0494434 0.213426
0.144451 0.00334131 0.41728 0.0569785 9.9964E-05 9.9964E-05 9.9964E-05 9.9964E-05 0.239358 0.138192
9.9973E-05 9.9973E-05 0.0994322 9.9973E-05 0.482486 0.0149559 0.165676 0.0914034 0.0760081 0.0697387
0.036948 0.065435 0.101593 0.0530844 0.534838 0.0543927 0.00160218 0.0614882 0.0905176 9.9991E-05
0.0767488 9.9991E-05 0.103235 0.0198655 0.529404 0.00728884 0.0933869 0.116608 0.0431343 0.0102292
0.028234 0.0766243 0.0460674 0.100683 0.189341 0.00819097 0.195341 9.9991E-05 0.103079 0.25234
0.0509462 9.9982E-05 0.258702 0.0404065 0.467932 9.9982E-05 0.0687446 0.0195092 0.05663 0.0369297
0.0763275 0.0503576 0.111862 9.9991E-05 0.491224 0.00464362 0.0557515 0.0892148 0.0830325 0.0374872
0.0572763 0.0525477 0.276183 0.0472559 0.287779 0.0729803 0.016215 0.00746474 0.078825 0.103473
0.0128829 0.149204 0.31713 0.164736 0.0995779 0.0124836 9.9991E-05 0.0154104 0.138258 0.090216
0.0258398 9.9982E-05 0.141135 0.0179375 0.502771 0.066768 9.9982E-05 0.0113645 0.108423 0.125561
0.15294 0.104866 0.237644 0.0579761 0.437284 9.9964E-05 9.9964E-05 0.00888967 9.9964E-05 9.9964E-05
0.0168179 9.9973E-05 0.601254 0.102822 9.9973E-05 0.0667078 0.00814501 9.9973E-05 0.0717187 0.132235
0.0762053 0.0194907 0.329342 0.0140079 0.367771 0.042024 9.9991E-05 0.0116685 0.0378618 0.101529
0.142511 0.0367473 0.109593 0.0296818 0.500145 0.0433049 0.0146625 0.0620965 0.0611579 9.9991E-05
0.0135836 0.0357851 0.191363 9.9973E-05 0.532011 0.0951893 0.0481203 9.9973E-05 0.0836474 9.9973E-05
0.0490316 0.0375079 0.395903 0.00102601 0.188545 0.0122131 0.0650972 0.028243 0.0816148 0.140818
0.0193139 9.9982E-05 0.313655 0.0228321 0.444006 0.0284971 9.9982E-05 0.0245252 0.0898592 0.0571111
0.0596492 9.9982E-05 0.0736814 0.0734648 0.5123 0.0820944 0.0850955 0.0203192 9.9982E-05 0.093195
0.0637131 9.9982E-05 0.461478 0.0498427 0.133733 0.042017 0.089834 9.9982E-05 0.0964978 0.0626851
0.00158802 9.9946E-05 9.9946E-05 9.9946E-05 0.503578 9.9946E-05 0.102166 9.9946E-05 9.9946E-05 0.392068
9.9964E-05 9.9964E-05 0.193815 9.9964E-05 0.128674 0.0314976 0.00758662 0.000825965 9.9964E-05 0.637201
0.0167645 0.0379248 0.147333 9.9982E-05 0.523411 0.0191396 0.0684373 0.0813793 9.9982E-05 0.10541
9.9928E-05 9.9928E-05 9.9928E-05 9.9928E-05 9.9928E-05 9.9928E-05 9.9928E-05 9.9928E-05 0.146493 0.852707
0.0309498 9.9955E-05 0.0050242 0.0449573 9.9955E-05 9.9955E-05 9.9955E-05 9.9955E-05 0.122832 0.795737
9.9946E-05 9.9946E-05 0.0328263 9.9946E-05 0.239607 9.9946E-05 0.0131393 9.9946E-05 9.9946E-05 0.713827
9.9955E-05 9.9955E-05 9.9955E-05 0.0558154 0.397112 0.0358454 0.0329008 9.9955E-05 9.9955E-05 0.477827
0.0294615 0.187376 0.113126 0.0237356 0.501855 0.0151186 9.9982E-05 0.0150677 9.9982E-05 0.11406
9.9973E-05 0.00301768 0.0834696 9.9973E-05 0.350371 0.00881508 0.0886694 0.0712251 9.9973E-05 0.394132
9.9982E-05 0.046607 0.0646786 0.110358 0.135685 0.0211823 0.0513585 0.0237892 9.9982E-05 0.546141
9.9964E-05 9.9964E-05 0.0356181 0.113759 0.155539 9.9964E-05 0.136358 0.0593334 9.9964E-05 0.498992
0.0742133 0.032201 9.9982E-05 9.9982E-05 0.420906 0.00739549 0.0882164 0.14078 0.0386768 0.197411
9.9946E-05 9.9946E-05 0.231865 9.9946E-05 0.211054 0.0384148 9.9946E-05 9.9946E-05 9.9946E-05 0.518067
9.9964E-05 9.9964E-05 0.102686 0.0157181 0.340906 0.0802626 9.9964E-05 9.9964E-05 0.0226874 0.43734
9.9946E-05 9.9946E-05 0.0012751 9.9946E-05 0.28085 9.9946E-05 9.9946E-05 9.9946E-05 0.0770745 0.6402
0.103969 0.00481794 9.9964E-05 0.0136561 9.9964E-05 9.9964E-05 9.9964E-05 0.0138968 0.167649 0.695612
9.9955E-05 9.9955E-05 9.9955E-05 9.9955E-05 0.599042 0.0230195 0.0671356 9.9955E-05 0.105464 0.204839
9.9973E-05 0.759175 0.0445061 9.9973E-05 0.0853417 0.0391464 0.044488 0.0145298 9.9973E-05 0.0125134
9.9937E-05 0.824709 9.9937E-05 9.9937E-05 0.0668225 0.107769 9.9937E-05 9.9937E-05 9.9937E-05 9.9937E-05
9.9955E-05 0.768358 9.9955E-05 0.00664854 0.131346 0.0893257 9.9955E-05 0.00382197 9.9955E-05 9.9955E-05
9.9946E-05 0.816531 9.9946E-05 9.9946E-05 0.0395918 0.0903253 9.9946E-05 9.9946E-05 0.0529527 9.9946E-05
9.9964E-05 0.7694 9.9964E-05 0.0312659 0.0502671 0.103766 9.9964E-05 0.00231068 9.9964E-05 0.042591
0.0484504 0.819698 9.9955E-05 0.0298778 0.0561565 0.0453172 9.9955E-05 9.9955E-05 9.9955E-05 9.9955E-05
9.99461E-05 0.898283 0.00111789 9.99461E-05 0.0638959 0.0361031 9.99461E-05 9.99461E-05 9.99461E-05 9.99461E-05
0.0207465 0.0518225 0.0379306 9.9982E-05 0.441355 0.0471936 9.9982E-05 0.0677304 0.0345668 0.298455
0.135516 9.9964E-05 0.135787 9.9964E-05 0.478371 0.0346824 9.9964E-05 0.153598 9.9964E-05 0.0616462
0.0256754 0.00725054 0.111308 0.0162662 0.00038578 0.00905719 0.00626661 9.9982E-05 9.9982E-05 0.82359
0.0770003 0.0122054 0.0162351 0.113375 0.505346 0.0454281 0.00890129 0.0977207 9.9991E-05 0.123688
9.9946E-05 0.0279121 0.142976 9.9946E-05 0.400511 9.9946E-05 9.9946E-05 9.9946E-05 9.9946E-05 0.428001
0.0690871 0.0611368 9.9973E-05 9.9973E-05 0.562262 0.0494892 0.0124727 9.9973E-05 0.0122733 0.232979
0.0586713 0.0485526 0.0554367 9.9973E-05 0.544856 9.9973E-05 0.0372951 9.9973E-05 0.000759333 0.254129
0.029799 0.0236397 9.9964E-05 0.00943714 0.40775 9.9964E-05 9.9964E-05 0.0967209 9.9964E-05 0.432254
9.9946E-05 0.0410992 0.111556 0.096317 9.9946E-05 9.9946E-05 9.9946E-05 9.9946E-05 9.9946E-05 0.750428
0.101509 0.129605 0.0290391 9.9991E-05 0.439742 0.00319239 0.0595853 0.0585378 0.0296705 0.14902
0.0594995 9.9982E-05 0.0692864 0.034998 0.603324 0.00435757 0.0455412 9.9982E-05 0.0576564 0.125137
0.0534693 0.00869906 0.229853 0.0588685 0.409075 0.0119025 9.9991E-05 0.111553 0.00794239 0.108537
0.0353241 9.9973E-05 0.0478835 0.0123471 0.255444 0.0255056 9.9973E-05 9.9973E-05 0.096337 0.526858
9.9955E-05 9.9955E-05 9.9955E-05 0.0944371 0.534028 0.000618857 9.9955E-05 9.9955E-05 0.0167622 0.353654
9.9964E-05 0.0260843 0.127912 0.0239337 0.411011 0.0222868 9.9964E-05 9.9964E-05 9.9964E-05 0.388373
0.00549052 9.9955E-05 0.020039 9.9955E-05 0.226584 9.9955E-05 9.9955E-05 0.129176 9.9955E-05 0.61821
9.9964E-05 0.0548785 0.072382 9.9964E-05 0.406497 9.9964E-05 0.0559615 9.9964E-05 0.0433283 0.366553
9.9964E-05 0.120421 9.9964E-05 9.9964E-05 0.576053 9.9964E-05 0.0952229 0.0132065 0.0695851 0.125112
0.109923 0.0275728 0.401285 0.0794752 0.149263 0.0143165 0.0133051 0.0320442 0.100506 0.0723096
9.9982E-05 0.0518207 0.252806 0.123727 0.308095 0.0197663 0.106831 0.0867382 0.0500155 9.9982E-05
0.0355902 0.0901184 0.11581 0.042778 0.547916 9.9991E-05 0.0983248 0.0147311 0.0260585 0.0285729
0.0508063 0.147604 9.9973E-05 0.0339571 0.578865 0.00368913 0.0416461 9.9973E-05 9.9973E-05 0.143133
0.0285786 0.0356822 0.192755 0.0102483 0.402082 0.0480946 0.211364 9.9991E-05 0.008979 0.0621165
0.0578844 9.9964E-05 0.226918 9.9964E-05 0.500856 9.9964E-05 0.129785 0.0578686 9.9964E-05 0.0262884
0.080065 0.00713607 0.259874 0.0830166 0.437158 9.9973E-05 0.12382 9.9973E-05 9.9973E-05 0.00862978
0.0959729 9.9991E-05 0.0504615 0.0658003 0.469026 0.0442111 0.126834 0.00241506 0.102914 0.0422659
9.9982E-05 0.0405461 0.152312 0.0103782 0.603426 9.9982E-05 0.0629444 0.0356871 0.0608038 0.0337025
0.0490412 0.0223555 0.10678 0.0571342 0.57941 0.0289681 0.00541393 9.9991E-05 0.0562043 0.0945928
0.0222482 9.9973E-05 0.205378 0.0697862 0.45544 0.0134446 0.177984 9.9973E-05 9.9973E-05 0.0554191
0.0482951 9.9982E-05 9.9982E-05 0.0951637 0.547775 0.0482327 0.0389973 0.0597338 0.0848167 0.076786
0.0422238 0.0572513 9.9991E-05 0.0883642 0.541697 0.0243249 0.00191991 0.0416729 0.0441898 0.158256
0.0221048 9.9964E-05 0.121587 9.9964E-05 0.522462 9.9964E-05 0.215128 0.0443566 9.9964E-05 0.0739618
0.00962777 9.9973E-05 0.0592489 9.9973E-05 0.523273 0.0273757 0.0737015 0.0513401 0.255133 9.9973E-05
0.0270643 0.00716717 0.0400614 0.0526063 0.458621 0.0204276 0.177902 0.114285 0.0321033 0.0697623
0.0457242 0.0277248 0.232083 0.0761048 0.342639 0.0334448 0.0947665 9.9982E-05 0.147313 9.9982E-05
0.0253232 0.0432983 0.0207981 0.0161081 0.623758 0.0303739 0.18919 0.0211716 0.0298793 9.9991E-05
0.0339615 9.9973E-05 0.0658056 0.0256516 0.718929 0.00737244 0.0454875 9.9973E-05 0.102493 9.9973E-05
0.0579657 9.9973E-05 0.239683 9.9973E-05 0.175418 0.0267239 0.315693 0.0450402 9.9973E-05 0.139176
0.315177 9.9991E-05 0.191023 0.0630887 0.0667782 0.0188005 0.102891 0.0558739 0.175727 0.0105401
9.9982E-05 0.0120697 0.13794 0.0464727 0.515036 9.9982E-05 0.0829744 0.00348214 0.157185 0.0446392
0.221349 9.9982E-05 0.10206 0.0599286 0.0738561 9.9982E-05 0.205458 0.0421736 0.180918 0.114057
0.117451 0.00538033 0.345517 0.00891403 0.179564 9.9982E-05 0.181829 9.9982E-05 0.0134211 0.147723
0.101849 0.0185263 0.211115 9.9964E-05 0.35063 9.9964E-05 0.190545 9.9964E-05 9.9964E-05 0.126934
0.0422268 9.9973E-05 0.307737 0.0843235 0.282575 0.00271919 0.116128 9.9973E-05 9.9973E-05 0.163992
9.9964E-05 9.9964E-05 0.439214 0.0694316 0.17198 9.9964E-05 0.175371 0.0170856 9.9964E-05 0.126518
0.0369515 0.0101366 0.118478 9.9991E-05 0.494187 0.0620075 0.0815188 0.0254008 0.0859587 0.0852604
0.0849808 0.0755972 0.0483879 9.9982E-05 0.546777 9.9982E-05 0.0233407 0.0830906 0.0664807 0.0711456
0.0334403 0.0425808 0.155913 0.0162488 0.518948 9.9982E-05 0.109814 0.0541297 9.9982E-05 0.0687253
0.0731857 9.9982E-05 0.247454 9.9982E-05 0.136206 0.028675 0.198616 0.0226303 0.226953 0.0660812
0.0865128 0.133545 0.0289418 0.138048 0.464037 0.0140693 0.0117458 9.9991E-05 0.0742252 0.0487756
0.0251153 0.0169544 0.0892187 0.0321265 0.462982 0.00353935 0.0204408 0.0222061 0.254406 0.0730117
0.117259 0.11872 0.043857 0.0294341 9.9991E-05 0.000320521 0.106584 0.0081982 0.472514 0.103014
9.9955E-05 0.11431 9.9955E-05 9.9955E-05 0.618512 9.9955E-05 9.9955E-05 0.0101874 0.101216 0.155274
0.176291 0.104575 0.0817381 0.0013563 0.310277 0.0246042 9.9982E-05 9.9982E-05 0.113449 0.187509
0.00561136 0.0715411 0.143738 9.9982E-05 0.448111 0.0320279 9.9982E-05 0.0544414 0.108757 0.135572
0.0570401 0.0309158 0.122594 0.0421803 0.193852 0.0530288 9.9982E-05 9.9982E-05 0.393172 0.107018
0.143622 9.9973E-05 0.166901 0.0411921 0.183553 9.9973E-05 0.0405309 9.9973E-05 0.329771 0.0941303
0.165844 0.0385136 9.9973E-05 0.11283 0.460993 9.9973E-05 0.00943258 9.9973E-05 0.141764 0.0703227
0.0734755 0.013339 9.9982E-05 0.0251778 0.485517 9.9982E-05 0.151759 0.0774743 0.170481 0.0025761
0.0758831 0.0577909 0.165172 0.0396449 0.304177 0.022006 0.0883595 0.102023 0.0846152 0.0603272
0.0935134 0.0331544 0.259865 9.9982E-05 9.9982E-05 0.00741989 0.0151876 0.108507 0.328453 0.1537
0.151853 9.9982E-05 0.0163446 0.0289381 0.582343 0.0723664 0.0332248 0.0585711 0.0561591 9.9982E-05
0.0210749 9.9964E-05 0.151322 9.9964E-05 0.341143 9.9964E-05 0.0317189 9.9964E-05 0.300759 0.153582
0.00382548 9.9973E-05 0.175077 0.0111115 0.496853 9.9973E-05 0.0256022 9.9973E-05 0.165933 0.121298
0.113156 0.0943055 0.061041 0.00411579 0.520539 0.0544272 0.077585 9.9982E-05 9.9982E-05 0.0746313
9.9964E-05 0.243334 0.0610269 9.9964E-05 0.137522 0.0557475 9.9964E-05 0.233507 0.268462 9.9964E-05
9.9946E-05 0.480397 9.9946E-05 9.9946E-05 9.9946E-05 0.0379946 9.9946E-05 0.115201 0.365808 9.9946E-05
9.9946E-05 0.346593 9.9946E-05 9.9946E-05 9.9946E-05 0.0708314 9.9946E-05 0.117871 0.464105 9.9946E-05
9.9955E-05 0.32363 9.9955E-05 9.9955E-05 0.0991414 9.9955E-05 0.0135214 0.312535 0.250672 9.9955E-05
9.9955E-05 9.9955E-05 9.9955E-05 9.9955E-05 0.655798 0.0105579 0.0625745 9.9955E-05 0.249232 0.021338
0.0454678 0.125022 9.9982E-05 9.9982E-05 0.511685 0.0134659 0.00452112 0.056098 0.123596 0.119944
9.9946E-05 9.9946E-05 0.0381681 9.9946E-05 0.28225 9.9946E-05 0.00115081 0.677831 9.9946E-05 9.9946E-05
9.9964E-05 0.0125408 0.150817 9.9964E-05 0.334137 9.9964E-05 0.0297317 0.397982 9.9964E-05 0.0743913
9.9955E-05 0.123612 0.0941575 9.9955E-05 0.353968 9.9955E-05 0.0840857 0.343677 9.9955E-05 9.9955E-05
0.176335 9.9973E-05 0.0410218 9.9973E-05 0.320414 0.016403 0.00463675 9.9973E-05 0.358175 0.0827151
0.0751098 9.9973E-05 0.04507 9.9973E-05 0.489256 9.9973E-05 0.0827924 0.148487 0.0812166 0.0777689
0.208984 9.9955E-05 0.0591967 9.9955E-05 0.1894 9.9955E-05 9.9955E-05 9.9955E-05 0.506106 0.0358137
9.9946E-05 9.9946E-05 9.9946E-05 0.0952642 0.611527 9.9946E-05 9.9946E-05 9.9946E-05 0.243313 0.0492959
0.15752 0.00455063 0.117112 9.9973E-05 0.47029 9.9973E-05 0.0398369 9.9973E-05 0.193612 0.0167775
0.0782916 9.9973E-05 0.0774205 0.0178161 0.531347 9.9973E-05 9.9973E-05 0.0234083 0.256707 0.0147099
0.129328 9.9964E-05 0.119703 0.00746346 0.178288 9.9964E-05 9.9964E-05 9.9964E-05 0.50038 0.064437
9.9982E-05 0.0136282 9.9982E-05 0.0443297 0.680982 0.0102547 0.0140109 0.015131 0.193006 0.0284573
0.0329757 0.0380925 9.9982E-05 9.9982E-05 0.530657 0.00444626 0.00913717 0.0955218 0.273425 0.0155446
0.0172611 9.9946E-05 9.9946E-05 9.9946E-05 0.0226445 9.9946E-05 9.9946E-05 0.936899 0.0225962 9.9946E-05
9.9955E-05 9.9955E-05 9.9955E-05 0.000281492 0.010882 9.9955E-05 0.017993 0.950512 9.9955E-05 0.0198319
9.9964E-05 0.031126 0.0309211 9.9964E-05 0.248101 9.9964E-05 0.0115833 0.633566 9.9964E-05 0.0443031
9.9937E-05 9.9937E-05 9.9937E-05 0.0388046 0.351606 9.9937E-05 9.9937E-05 0.60889 9.9937E-05 9.9937E-05
9.9946E-05 9.9946E-05 9.9946E-05 0.00483454 0.12444 9.9946E-05 9.9946E-05 0.826341 9.9946E-05 0.0437848
9.99201E-05 9.99201E-05 9.99201E-05 9.99201E-05 9.99201E-05 9.99201E-05 9.99201E-05 0.999101 9.99201E-05 9.99201E-05
9.9946E-05 9.9946E-05 9.9946E-05 0.0198809 9.9946E-05 9.9946E-05 0.00363178 0.960746 9.9946E-05 0.0151414
9.9937E-05 9.9937E-05 9.9937E-05 9.9937E-05 0.178722 0.00962606 9.9937E-05 0.810953 9.9937E-05 9.9937E-05
9.9937E-05 9.9937E-05 0.0251734 9.9937E-05 9.9937E-05 9.9937E-05 0.0487013 0.925426 9.9937E-05 9.9937E-05
9.99201E-05 9.99201E-05 9.99201E-05 9.99201E-05 9.99201E-05 9.99201E-05 9.99201E-05 0.999101 9.99201E-05 9.99201E-05
9.9928E-05 9.9928E-05 9.9928E-05 9.9928E-05 9.9928E-05 0.0179021 9.9928E-05 0.981298 9.9928E-05 9.9928E-05
9.9946E-05 9.9946E-05 9.9946E-05 9.9946E-05 0.200853 0.0435145 0.0289958 0.726038 9.9946E-05 9.9946E-05
0.0372244 9.9964E-05 0.000898582 0.0334127 0.0928295 0.027136 9.9964E-05 0.808099 9.9964E-05 9.9964E-05
9.9937E-05 9.9937E-05 9.9937E-05 9.9937E-05 9.9937E-05 0.0352959 9.9937E-05 0.931561 9.9937E-05 0.0324434
0.0486712 0.103735 0.0176419 0.0566719 0.303234 0.0408048 0.0310482 0.397993 9.9982E-05 9.9982E-05
9.9955E-05 9.9955E-05 9.9955E-05 9.9955E-05 0.171445 0.0672774 0.0341 0.637081 0.0895967 9.9955E-05
9.9955E-05 9.9955E-05 9.9955E-05 9.9955E-05 0.147937 0.045539 0.0382003 0.746442 9.9955E-05 0.0213812
9.9937E-05 9.9937E-05 0.0821275 9.9937E-05 0.0594538 9.9937E-05 9.9937E-05 0.857719 9.9937E-05 9.9937E-05
9.99201E-05 9.99201E-05 9.99201E-05 9.99201E-05 9.99201E-05 9.99201E-05 9.99201E-05 0.999101 9.99201E-05 9.99201E-05
9.9955E-05 0.0755233 9.9955E-05 9.9955E-05 0.103953 0.00331493 0.00938421 0.807325 9.9955E-05 9.9955E-05
9.9928E-05 9.9928E-05 9.9928E-05 9.9928E-05 9.9928E-05 0.00553336 9.9928E-05 0.993667 9.9928E-05 9.9928E-05
0.0281884 0.0163794 0.0327659 0.0252616 0.225628 0.0298781 9.9982E-05 0.628733 9.9982E-05 0.0129659
9.9964E-05 0.00199877 0.031739 0.0187404 9.9964E-05 0.0138859 9.9964E-05 0.906033 9.9964E-05 0.0272028
0.0227341 0.278703 0.0291323 9.9955E-05 9.9955E-05 9.9955E-05 9.9955E-05 0.0425664 0.626365 9.9955E-05
9.9982E-05 0.136863 0.0107656 0.0613243 0.477944 0.0102217 0.012599 0.0120502 0.278032 9.9982E-05
9.9973E-05 0.191925 0.0798637 0.0175507 0.411376 9.9973E-05 9.9973E-05 0.070404 0.158516 0.0700651
0.0298552 0.0902644 9.9973E-05 0.0550163 0.139195 0.0620427 9.9973E-05 0.14731 0.476017 9.9973E-05
0.0106007 0.0563777 9.9991E-05 0.0594624 0.446637 0.0414764 0.0137317 0.108115 0.169948 0.0935517
0.0487395 0.175099 0.00163945 9.9982E-05 0.128494 0.0715913 9.9982E-05 0.0960256 0.407741 0.0704693
0.0363733 0.121852 0.138239 0.0734391 0.328321 0.0345852 9.9991E-05 0.15584 0.0712431 0.0400074
9.9955E-05 0.046839 9.9955E-05 0.0962334 0.226852 9.9955E-05 9.9955E-05 0.233708 0.395867 9.9955E-05
0.0277354 0.0462784 0.0598383 9.9973E-05 0.440451 0.0975606 9.9973E-05 0.144252 0.183584 9.9973E-05
0.0725896 0.127363 9.9964E-05 9.9964E-05 0.364616 0.0220146 9.9964E-05 0.14705 0.265967 9.9964E-05
9.9973E-05 0.172024 0.155446 9.9973E-05 0.343725 0.0320033 9.9973E-05 0.113538 0.153886 0.0290771
9.9955E-05 0.792043 9.9955E-05 0.0471574 0.100229 9.9955E-05 0.0390654 9.9955E-05 0.0210056 9.9955E-05
0.0266543 0.843411 9.9946E-05 9.9946E-05 9.9946E-05 0.0638442 9.9946E-05 0.0654905 9.9946E-05 9.9946E-05
9.9964E-05 0.875008 0.0277923 9.9964E-05 0.0404201 0.0216724 0.0197755 9.9964E-05 0.0149314 9.9964E-05
9.9955E-05 0.891514 9.9955E-05 0.00189303 0.0371413 0.0251347 0.0438176 9.9955E-05 9.9955E-05 9.9955E-05
9.9973E-05 0.787245 0.0433331 9.9973E-05 0.0101654 0.0853825 0.0407674 0.00145059 0.031356 9.9973E-05
0.0302626 0.851608 0.00969822 9.9955E-05 9.9955E-05 0.0419572 9.9955E-05 0.0659746 9.9955E-05 9.9955E-05
9.9946E-05 0.817968 9.9946E-05 0.0431005 9.9946E-05 0.0700445 9.9946E-05 0.0682875 9.9946E-05 9.9946E-05
0.0432076 0.850788 9.9955E-05 9.9955E-05 9.9955E-05 0.0285797 9.9955E-05 9.9955E-05 0.0444277 0.0324971
9.9955E-05 0.903289 0.0322834 9.9955E-05 0.021265 0.00939467 9.9955E-05 9.9955E-05 9.9955E-05 0.0332679
9.9964E-05 0.856577 0.00879913 9.9964E-05 0.0542342 0.0170322 0.0311011 0.031857 9.9964E-05 9.9964E-05
0.0564243 0.5683 0.192591 0.106079 9.9964E-05 0.0439984 9.9964E-05 9.9964E-05 9.9964E-05 0.0322069
0.0114749 0.570724 0.172527 0.144211 9.9973E-05 0.0286847 0.0058452 9.9973E-05 9.9973E-05 0.0662336
0.0272673 0.505548 0.264042 0.0602265 9.9982E-05 0.014849 0.0263314 9.9982E-05 0.050428 0.0511078
0.057577 0.494302 0.287982 0.0912694 9.9964E-05 9.9964E-05 0.0495232 9.9964E-05 9.9964E-05 0.0189466
9.9964E-05 9.9964E-05 0.110572 9.9964E-05 0.489553 0.0566644 0.13326 0.000805632 9.9964E-05 0.208745
0.086634 9.9964E-05 0.19878 0.101186 0.421286 9.9964E-05 9.9964E-05 0.0791774 9.9964E-05 0.112537
0.0273041 0.0023793 0.0771712 0.0617999 0.551726 0.0369525 0.133265 0.0290924 9.9991E-05 0.0802096
0.0242147 9.9982E-05 0.252872 9.9982E-05 0.263551 0.021332 0.12805 0.0154978 0.0661758 0.228107
0.0186161 9.9973E-05 0.428712 0.0170313 0.109955 9.9973E-05 0.35903 9.9973E-05 0.0139059 0.0524494
0.085371 0.0511882 0.075442 9.9973E-05 0.512196 9.9973E-05 9.9973E-05 0.0866822 0.0271506 0.16167
9.9955E-05 0.0108662 0.0706903 9.9955E-05 0.561615 9.9955E-05 0.0831076 9.9955E-05 9.9955E-05 0.273221
0.00452157 9.9964E-05 0.10799 0.0504863 0.509099 9.9964E-05 9.9964E-05 9.9964E-05 0.0534707 0.274033
9.9955E-05 9.9955E-05 9.9955E-05 9.9955E-05 0.334555 9.9955E-05 0.0346187 0.00628085 0.0934487 0.530597
0.0245346 0.0248878 9.9973E-05 0.0333628 0.564227 0.02314 0.11403 9.9973E-05 9.9973E-05 0.215518
9.9964E-05 9.9964E-05 0.021836 0.0953366 0.351304 0.016511 0.0807141 9.9964E-05 9.9964E-05 0.433898
0.181207 9.9955E-05 9.9955E-05 9.9955E-05 9.9955E-05 0.00450141 0.130982 9.9955E-05 0.0321159 0.650694
0.0980549 0.00856934 0.100992 0.0208389 0.56797 9.9982E-05 0.107208 9.9982E-05 0.0906391 0.00552807
0.091425 9.9964E-05 9.9964E-05 0.0482889 0.217962 0.0143656 9.9964E-05 9.9964E-05 0.0997725 0.527786
0.0750636 9.9955E-05 9.9955E-05 9.9955E-05 0.528125 0.0335143 0.0387119 9.9955E-05 9.9955E-05 0.324085
9.9955E-05 0.062728 0.0704387 9.9955E-05 0.0698718 9.9955E-05 0.098677 9.9955E-05 9.9955E-05 0.697785
9.9955E-05 0.00220634 9.9955E-05 0.821299 9.9955E-05 0.0458119 0.0940453 9.9955E-05 0.0361378 9.9955E-05
9.99201E-05 9.99201E-05 9.99201E-05 0.999101 9.99201E-05 9.99201E-05 9.99201E-05 9.99201E-05 9.99201E-05 9.99201E-05
9.99201E-05 9.99201E-05 9.99201E-05 0.999101 9.99201E-05 9.99201E-05 9.99201E-05 9.99201E-05 9.99201E-05 9.99201E-05
9.9946E-05 0.0329912 9.9946E-05 0.862854 9.9946E-05 9.9946E-05 0.0975927 9.9946E-05 9.9946E-05 0.00596277
9.9937E-05 9.9937E-05 0.0654022 0.92547 0.0084287 9.9937E-05 9.9937E-05 9.9937E-05 9.9937E-05 9.9937E-05
9.9946E-05 9.9946E-05 9.9946E-05 0.87663 0.0450838 9.9946E-05 0.020649 0.0570376 9.9946E-05 9.9946E-05
9.9964E-05 0.812376 9.9964E-05 0.000307931 0.0315351 0.0582553 9.9964E-05 0.0571401 9.9964E-05 0.0399858
9.9955E-05 0.787809 0.0448849 9.9955E-05 0.0541063 9.9955E-05 0.0713506 0.0413498 9.9955E-05 9.9955E-05
0.011777 0.715675 0.0320973 0.0127217 0.0400931 0.0185132 9.9973E-05 0.168823 9.9973E-05 9.9973E-05
9.9955E-05 0.724887 0.107458 0.0107142 9.9955E-05 0.0249965 9.9955E-05 0.131444 9.9955E-05 9.9955E-05
9.9973E-05 0.762034 0.000134374 9.9973E-05 0.0419704 0.00187302 0.0543268 0.111701 0.02766 9.9973E-05
9.9964E-05 0.30225 9.9964E-05 0.13294 9.9964E-05 0.0703626 0.343402 9.9964E-05 0.14467 0.00597532
0.0588758 0.396314 9.9973E-05 0.200332 9.9973E-05 0.0352191 0.237257 9.9973E-05 0.0185438 0.0531584
0.129107 0.441541 9.9964E-05 0.189095 9.9964E-05 0.00168604 0.221091 9.9964E-05 9.9964E-05 0.0170794
9.99201E-05 9.99201E-05 9.99201E-05 9.99201E-05 9.99201E-05 0.999101 9.99201E-05 9.99201E-05 9.99201E-05 9.99201E-05
0.0649133 0.33755 0.00335807 0.301444 9.9973E-05 9.9973E-05 0.242693 0.0133074 9.9973E-05 0.0364331
9.9955E-05 0.208832 9.9955E-05 9.9955E-05 0.26496 0.00400374 9.9955E-05 0.377204 0.1445 9.9955E-05
9.9991E-05 0.0911157 0.00659715 0.0338157 0.558772 0.0565805 0.00103761 0.166316 0.0451387 0.0405264
9.9964E-05 0.193059 0.0478778 0.000899035 0.523064 0.0368891 9.9964E-05 0.197811 9.9964E-05 9.9964E-05
9.9964E-05 0.223755 9.9964E-05 0.0940245 0.347255 9.9964E-05 9.9964E-05 0.225884 0.0579008 0.0507805
0.0579532 0.0916387 0.00411204 0.0328121 0.414537 0.0370315 0.0690755 0.190662 0.0621828 0.0399948
0.0419907 0.4407 9.9946E-05 9.9946E-05 9.9946E-05 9.9946E-05 9.9946E-05 0.287685 0.229025 9.9946E-05
0.0505316 9.9964E-05 0.311967 0.113133 0.39879 9.9964E-05 0.0755209 9.9964E-05 9.9964E-05 0.0496575
0.180959 0.0091691 0.021779 0.0396759 0.343934 9.9982E-05 0.128431 9.9982E-05 0.191895 0.0839576
9.9964E-05 0.0753861 0.571194 0.0720555 0.138703 0.0234789 0.118783 9.9964E-05 9.9964E-05 9.9964E-05
0.28722 9.9982E-05 0.0264198 0.0512004 0.420384 9.9982E-05 0.102361 0.00397736 0.0419588 0.0662785
0.402469 9.9955E-05 0.115135 0.0590433 9.9955E-05 9.9955E-05 9.9955E-05 9.9955E-05 0.267624 0.155229
9.9982E-05 0.0629628 0.132875 0.0152609 0.532441 0.0460473 0.0448641 9.9982E-05 0.0673326 0.0980164
0.141329 0.0143842 0.161351 0.0179908 0.427876 0.017422 0.12971 9.9982E-05 0.0897372 9.9982E-05
9.9973E-05 0.0164618 0.357057 0.0797005 0.299422 9.9973E-05 0.168547 9.9973E-05 0.0609769 0.0175345
9.9973E-05 0.101463 0.127469 0.014547 0.458075 9.9973E-05 0.102438 0.0721332 9.9973E-05 0.123575
0.073935 9.9955E-05 0.455396 9.9955E-05 0.0265596 9.9955E-05 9.9955E-05 9.9955E-05 0.292229 0.15138
0.141369 9.9973E-05 0.0115872 0.0427543 0.444095 9.9973E-05 0.0656238 9.9973E-05 0.272493 0.0217782
0.0269787 9.9982E-05 0.130255 9.9982E-05 0.456981 0.0368388 0.159288 0.0246321 0.0573857 0.10744
0.0836768 0.198509 0.106111 0.0105732 0.367614 9.9982E-05 9.9982E-05 0.116455 0.00535834 0.111504
0.240598 9.9973E-05 0.24295 0.106642 0.31367 9.9973E-05 0.047162 9.9973E-05 0.0233988 0.0252782
0.0978091 0.0112842 0.0887605 0.0971342 0.403463 9.9991E-05 0.149644 0.0466651 0.0574441 0.0476957
0.168332 9.9973E-05 0.18531 9.9973E-05 0.433332 9.9973E-05 0.0242115 0.0758378 0.00773615 0.10494
0.160889 0.0115795 0.0884861 0.0318375 0.497977 9.9982E-05 0.0709322 9.9982E-05 0.0669433 0.0711553
0.0437997 9.9982E-05 0.10931 0.0178921 0.564911 0.0731847 0.0677617 0.0627313 9.9982E-05 0.0602096
9.9973E-05 0.113058 0.026547 0.0693869 0.618596 9.9973E-05 0.0340139 0.00990872 9.9973E-05 0.128189
9.9991E-05 0.0420288 0.0573958 0.0368528 0.498688 0.00842827 0.0450775 0.0626275 0.117267 0.131534
9.9937E-05 0.75448 9.9937E-05 9.9937E-05 0.150116 9.9937E-05 9.9937E-05 0.0947047 9.9937E-05 9.9937E-05
0.023491 0.859956 9.9937E-05 9.9937E-05 0.115854 9.9937E-05 9.9937E-05 9.9937E-05 9.9937E-05 9.9937E-05
0.0674411 0.749072 9.9973E-05 9.9973E-05 0.0468456 9.9973E-05 0.0858911 0.0103795 0.0390744 0.000996755
0.00283473 0.785011 9.9964E-05 0.0645355 0.0343695 9.9964E-05 9.9964E-05 0.0487564 9.9964E-05 0.0640929
9.9946E-05 0.798646 9.9946E-05 9.9946E-05 0.128759 0.0582223 9.9946E-05 0.013773 9.9946E-05 9.9946E-05
9.9982E-05 0.0123704 0.564004 0.0312735 0.0963154 9.9982E-05 0.182862 0.00957477 0.0490297 0.0543702
0.078459 0.00289894 0.254158 0.0618643 0.516725 9.9973E-05 0.00322562 9.9973E-05 0.0823697 9.9973E-05
0.0462003 0.218503 0.0102919 9.9982E-05 0.4372 0.00218102 0.0661 0.123127 0.0961959 9.9982E-05
0.0367835 0.0021269 0.105955 9.9991E-05 0.594789 0.0119755 0.160163 0.0302544 0.0483545 0.00949827
0.0924155 0.0217566 0.114942 0.0240009 0.501444 9.9973E-05 0.167747 9.9973E-05 9.9973E-05 0.0773935
0.145022 9.9982E-05 0.124645 0.00771245 0.274301 0.0163117 0.220599 0.0215552 0.189653 9.9982E-05
9.9973E-05 0.107642 0.353409 0.0347887 9.9973E-05 0.0134875 0.308305 9.9973E-05 0.11324 0.068828
0.019595 0.000110958 0.119108 0.0702157 0.518777 0.0211452 0.172145 9.9991E-05 0.0217626 0.0570404
0.159543 0.0654118 0.291943 0.0611079 0.103168 0.011603 0.281682 0.0211329 0.00430835 9.9991E-05
0.0449141 0.0119752 0.0427233 0.0787959 0.443637 9.9991E-05 0.0782255 0.0871208 0.0899754 0.122533
0.0713032 0.132592 0.296255 0.0699561 0.0486167 9.9982E-05 0.29337 0.0138596 9.9982E-05 0.0738482
9.9973E-05 0.0339818 0.0587457 0.0206817 0.531511 0.082715 0.199298 0.0727674 9.9973E-05 9.9973E-05
0.129226 0.063942 0.389614 9.9973E-05 0.131129 9.9973E-05 0.25178 0.00774435 9.9973E-05 0.0262651
0.0776478 0.0731957 0.197848 0.00915741 0.315608 9.9982E-05 0.188697 9.9982E-05 0.0951103 0.042536
0.0151745 0.0430983 0.116706 0.0389805 0.441737 0.0123322 0.0271562 0.0271148 0.22963 0.0480692
0.0853203 0.00865812 0.0865638 0.00987857 0.297809 9.9973E-05 0.0711028 9.9973E-05 0.440368 9.9973E-05
9.9964E-05 9.9964E-05 0.170373 0.0461691 0.535025 9.9964E-05 9.9964E-05 0.0113392 0.200805 0.0358894
0.0303488 0.0530973 9.9964E-05 0.0211766 0.605622 9.9964E-05 9.9964E-05 9.9964E-05 0.217443 0.0719128
0.102908 9.9973E-05 0.0298756 0.0593912 0.373423 9.9973E-05 0.040908 9.9973E-05 0.386994 0.00619987
0.145689 0.10533 0.0498733 0.0316971 0.490957 9.9991E-05 0.084944 0.0434039 0.0197472 0.0282578
0.0684143 9.9973E-05 9.9973E-05 0.114381 0.443238 0.0381831 0.0225481 9.9973E-05 0.141745 0.171191
0.133988 9.9964E-05 9.9964E-05 0.0479414 0.114099 9.9964E-05 0.0776839 9.9964E-05 0.564465 0.0614236
0.0284899 9.9955E-05 9.9955E-05 0.0250814 0.297026 9.9955E-05 9.9955E-05 9.9955E-05 0.585493 0.0634095
0.104938 9.9973E-05 9.9973E-05 0.0443576 0.557407 0.0032695 0.0470548 9.9973E-05 0.15954 0.0831328
0.0894642 9.9973E-05 0.0462365 0.0685983 0.182148 9.9973E-05 0.0548082 9.9973E-05 0.398983 0.159462
9.9964E-05 9.9964E-05 0.106393 0.017892 0.413351 9.9964E-05 0.0620471 9.9964E-05 0.297732 0.102185
9.9973E-05 9.9973E-05 0.523182 0.0231441 0.0606823 0.00513738 0.241116 9.9973E-05 0.0256431 0.120796
0.312945 9.9982E-05 0.280429 0.0226962 0.15701 9.9982E-05 0.161788 0.0142779 0.0204586 0.030195
0.0135061 0.023485 0.286102 0.0121076 0.276643 0.0144058 0.185852 0.0854617 9.9991E-05 0.102337
9.9982E-05 0.00226972 0.0563316 0.0588072 0.5884 0.0345335 0.119813 0.0894646 0.0501799 9.9982E-05
9.9973E-05 9.9973E-05 0.324636 0.0627641 0.161332 9.9973E-05 0.203556 0.0354583 0.00640502 0.205549
0.122695 9.9982E-05 0.00994672 0.00240069 0.465189 0.0107356 0.167894 0.0634117 0.157527 9.9982E-05
0.0935806 0.0159946 0.125827 9.9982E-05 0.452418 9.9982E-05 0.165036 0.0739011 0.0500637 0.0229795
0.0323667 9.9973E-05 0.186636 0.0381214 0.396002 9.9973E-05 0.222351 0.101028 9.9973E-05 0.0231946
0.0454527 0.0667215 0.225734 0.0154446 0.477523 0.00597778 0.0915928 0.0218978 9.9991E-05 0.0495552
9.9973E-05 9.9973E-05 0.179378 0.0831134 0.3778 0.0568947 0.145832 0.0304994 9.9973E-05 0.126183
0.0612205 9.9973E-05 0.316854 0.0747864 0.119485 9.9973E-05 0.229464 0.0727441 9.9973E-05 0.125145
0.0343432 9.9973E-05 0.251341 0.0295156 0.215692 9.9973E-05 0.298481 0.111685 9.9973E-05 0.0586409
0.0964944 9.9973E-05 0.16472 9.9973E-05 0.537519 9.9973E-05 0.119129 0.00130893 0.0621205 0.018408
9.9964E-05 9.9964E-05 0.28864 0.0330293 0.56811 0.0702296 0.0247264 0.0148643 9.9964E-05 9.9964E-05
0.0716789 0.0383811 0.161303 0.0454204 0.403103 9.9982E-05 0.116033 9.9982E-05 0.0957072 0.068174
0.230126 9.9964E-05 0.157047 0.0607055 0.419211 9.9964E-05 0.0664134 0.0660973 9.9964E-05 9.9964E-05
9.9964E-05 0.0418358 0.211956 9.9964E-05 0.311648 9.9964E-05 0.351492 0.0526478 0.0300209 9.9964E-05
0.0411694 9.9964E-05 0.202355 9.9964E-05 0.511293 9.9964E-05 0.141834 0.0396462 9.9964E-05 0.0633017
0.0428099 0.0087135 0.157747 0.0886101 0.380334 0.00131131 0.178852 0.0900163 9.9991E-05 0.0515061
0.107139 0.0709054 9.9973E-05 9.9973E-05 0.482073 0.0227515 0.172893 0.0432217 0.100716 9.9973E-05
9.9973E-05 0.29703 0.0743747 9.9973E-05 0.344998 0.0489806 9.9973E-05 0.150261 0.028992 0.0550637
0.0600335 0.0756639 0.0369614 9.9982E-05 0.328648 0.0521059 9.9982E-05 0.246109 0.118809 0.081469
9.9982E-05 0.0916554 0.0971801 9.9982E-05 0.417278 0.100325 0.0218833 0.152141 0.0835836 0.0357531
0.0579068 9.9991E-05 0.0592893 0.122976 0.476184 0.0511729 0.00957821 0.177413 0.0260314 0.0193489
9.9982E-05 0.171047 0.0434382 9.9982E-05 0.350158 0.00829309 0.0214237 0.251196 0.00636386 0.147881
0.114802 9.9964E-05 0.120748 0.00153637 0.477744 9.9964E-05 0.11579 9.9964E-05 0.168978 9.9964E-05
9.9982E-05 0.164198 9.9982E-05 0.0100598 0.525259 0.00313893 0.117724 0.107284 0.0718129 0.000323871
9.9955E-05 0.227356 0.11863 9.9955E-05 9.9955E-05 9.9955E-05 9.9955E-05 0.149319 0.359106 0.145089
0.0512409 0.103057 0.100075 9.9991E-05 0.441622 0.0187236 0.0124024 0.162396 0.0673737 0.0430095
9.9991E-05 0.113868 0.00396679 0.0310249 0.546952 0.0191915 0.0150465 0.107475 0.097744 0.064631
0.0762688 0.0776641 0.128544 0.025452 0.466627 0.041004 0.000637178 0.175304 0.00839922 9.9991E-05
9.9982E-05 0.116773 0.191727 0.00487017 0.280089 0.0267445 9.9982E-05 0.126319 0.222688 0.0305892
9.9973E-05 0.108788 0.0731825 0.0253747 0.481683 9.9973E-05 0.0217617 0.165882 0.123028 9.9973E-05
0.133154 0.164789 9.9973E-05 0.00874668 0.485874 0.0207011 9.9973E-05 0.129368 0.0570662 9.9973E-05
9.9946E-05 0.449083 9.9946E-05 9.9946E-05 9.9946E-05 0.0129319 9.9946E-05 0.200832 0.336554 9.9946E-05
0.0787665 0.130412 9.9982E-05 9.9982E-05 0.355997 0.0546839 0.00314202 0.213796 0.0669012 0.0961022
0.0317315 0.174052 9.9982E-05 0.0479157 0.425 0.0337061 9.9982E-05 0.22056 0.0206643 0.0461694
0.0890862 0.103418 9.9991E-05 0.0189542 0.495257 0.0273308 0.00890003 0.131278 0.0780566 0.0476191
9.9964E-05 0.162691 0.0193327 0.0425307 0.527265 9.9964E-05 9.9964E-05 0.18557 0.0622104 9.9964E-05
0.0514408 0.121593 0.00754587 9.9991E-05 0.407857 0.0148262 0.122697 0.145618 0.0979673 0.0303555
0.411143 9.9955E-05 9.9955E-05 9.9955E-05 0.457429 0.0277197 0.0715906 0.0316174 9.9955E-05 9.9955E-05
0.180045 0.0547714 9.9991E-05 0.0127207 0.503695 0.0623808 0.0746024 0.0370251 0.0594525 0.0152074
0.812414 9.9955E-05 0.139053 9.9955E-05 9.9955E-05 9.9955E-05 0.0010375 9.9955E-05 0.00277148 0.0442243
0.911756 0.00937118 9.9946E-05 9.9946E-05 9.9946E-05 9.9946E-05 0.0729905 9.9946E-05 0.00528287 9.9946E-05
0.274301 9.9973E-05 0.121941 0.0392566 0.31537 0.0642521 9.9973E-05 0.0854014 9.9973E-05 0.0991782
0.0680778 0.0920609 0.0770967 9.9973E-05 0.345652 0.0407981 9.9973E-05 0.292064 0.0839506 9.9973E-05
0.356404 0.054258 9.9964E-05 9.9964E-05 0.193708 0.0048368 9.9964E-05 0.372402 0.017991 9.9964E-05
0.112569 0.143096 0.0100713 9.9982E-05 0.177865 0.0181878 0.000834249 0.299151 0.238026 9.9982E-05
0.154738 0.095547 0.075412 9.9982E-05 0.291567 0.0444481 9.9982E-05 0.248633 0.0794135 0.0100409
0.675798 0.0560151 9.9955E-05 9.9955E-05 9.9955E-05 0.012995 9.9955E-05 0.0898977 0.164794 9.9955E-05
0.700066 0.12135 9.9955E-05 9.9955E-05 0.0767073 0.0257687 9.9955E-05 0.0756082 9.9955E-05 9.9955E-05
0.34447 9.9964E-05 9.9964E-05 0.027209 0.491215 0.0259299 9.9964E-05 0.0847948 9.9964E-05 0.0259816
0.40583 0.068215 9.9955E-05 0.0441256 0.413688 9.9955E-05 9.9955E-05 0.067641 9.9955E-05 9.9955E-05
0.697701 0.0389856 9.9955E-05 9.9955E-05 0.0961747 0.0194518 9.9955E-05 0.147187 9.9955E-05 9.9955E-05
0.322921 0.0358652 0.0905028 9.9964E-05 0.39512 0.0280858 9.9964E-05 0.127105 9.9964E-05 9.9964E-05
0.392121 0.0521622 0.00907591 9.9955E-05 0.504338 9.9955E-05 9.9955E-05 0.0418024 9.9955E-05 9.9955E-05
0.199186 0.0127908 9.9991E-05 0.0605091 0.418898 0.026515 0.00445834 0.154353 0.0898875 0.0333019
0.57947 9.9955E-05 0.0495348 0.0495566 0.286094 9.9955E-05 9.9955E-05 9.9955E-05 9.9955E-05 0.0348444
0.575552 0.0126326 0.103842 9.9973E-05 0.212517 9.9973E-05 0.0280533 0.0598522 9.9973E-05 0.00725095
0.289758 9.9991E-05 0.0249837 0.0388241 0.437661 0.0435121 0.0449972 0.0181522 0.0131707 0.0888416
0.362114 9.9973E-05 0.0458941 0.0849901 0.26905 0.0384847 0.0894816 0.109685 9.9973E-05 9.9973E-05
0.186797 0.0420387 0.0787446 9.9973E-05 0.386863 0.00125443 9.9973E-05 0.12319 0.180812 9.9973E-05
0.43132 0.00789305 9.9964E-05 0.0542741 0.452253 0.000928066 9.9964E-05 9.9964E-05 0.0529317 9.9964E-05
0.635511 9.9955E-05 9.9955E-05 0.032868 0.240026 9.9955E-05 0.0752136 9.9955E-05 0.0158813 9.9955E-05
0.383586 0.0405341 9.9955E-05 9.9955E-05 0.525624 9.9955E-05 9.9955E-05 0.036653 9.9955E-05 0.013103
0.728607 9.9946E-05 0.0364867 0.0298178 0.204489 9.9946E-05 9.9946E-05 9.9946E-05 9.9946E-05 9.9946E-05
0.476555 9.9946E-05 9.9946E-05 0.0790465 0.393044 0.050755 9.9946E-05 9.9946E-05 9.9946E-05 9.9946E-05
0.205772 0.0101837 0.0415006 0.0365798 0.485522 0.0966523 0.0521194 0.0476911 9.9991E-05 0.0238792
0.3059 9.9964E-05 0.112608 9.9964E-05 0.487671 0.0401795 0.0374349 9.9964E-05 9.9964E-05 0.0158065
0.118718 9.9964E-05 0.0385614 9.9964E-05 0.439914 0.116401 9.9964E-05 0.164078 0.121928 9.9964E-05
0.201727 0.141861 0.00549727 9.9982E-05 0.364977 0.0207281 0.0792625 0.162518 0.0232285 9.9982E-05
0.0559375 0.167805 0.0283346 0.0397462 0.288606 9.9982E-05 0.0241773 0.285756 0.109437 9.9982E-05
0.133632 0.139952 0.0254854 0.128784 0.267587 0.0663738 0.00889853 0.170217 0.0589705 9.9991E-05
9.9973E-05 0.160312 0.0845694 0.0561224 0.421705 9.9973E-05 0.0610678 0.172403 0.0435207 9.9973E-05
0.11791 0.113644 0.0685286 0.0701206 0.334141 0.0164702 9.9982E-05 0.252469 9.9982E-05 0.0265169
0.551771 0.180946 9.9955E-05 0.0402728 9.9955E-05 9.9955E-05 9.9955E-05 0.142898 0.0836123 9.9955E-05
0.125411 0.0172352 9.9973E-05 0.0654808 0.573421 0.0684952 9.9973E-05 0.093119 0.0565379 9.9973E-05
0.432142 0.342641 9.9946E-05 9.9946E-05 9.9946E-05 9.9946E-05 9.9946E-05 0.0784244 0.146194 9.9946E-05
0.292286 0.0714653 9.9955E-05 0.00277302 0.458667 9.9955E-05 9.9955E-05 0.174309 9.9955E-05 9.9955E-05
0.765935 9.9955E-05 9.9955E-05 9.9955E-05 0.0819139 9.9955E-05 0.0156402 9.9955E-05 0.0174756 0.118535
0.936446 9.9937E-05 0.0453475 9.9937E-05 9.9937E-05 0.0175068 9.9937E-05 9.9937E-05 9.9937E-05 9.9937E-05
0.468523 9.9937E-05 0.140723 9.9937E-05 0.390054 9.9937E-05 9.9937E-05 9.9937E-05 9.9937E-05 9.9937E-05
