0.0416247 0.915348 9.9991E-05 0.0429273
0.0348556 0.964944 9.9982E-05 9.9982E-05
9.999E-05 0.831549 0.118572 0.0497795
0.00914822 0.840545 0.0935551 0.0567518
0.0230269 0.861114 0.028655 0.0872038
0.16337 0.656278 0.0823572 0.097995
0.123596 0.837289 9.9991E-05 0.0390159
0.192205 0.763796 0.00302867 0.0409708
0.144591 0.855209 9.9982E-05 9.9982E-05
0.054706 0.727663 0.142724 0.0749065
0.141784 0.783514 0.0746023 9.9991E-05
0.542251 0.041071 0.335471 0.0812074
0.228475 0.0452343 0.574974 0.151316
0.45964 0.125489 0.357815 0.0570557
0.34078 0.114871 0.372857 0.171492
0.262987 0.190483 0.39271 0.15382
0.0824562 0.154277 0.649225 0.114042
0.269606 0.0324902 0.617349 0.0805539
0.35452 0.153634 0.365336 0.12651
0.715944 0.115407 0.11952 0.0491291
0.432188 0.0161402 0.331478 0.220194
0.325824 0.0810022 0.504683 0.0884907
0.178244 0.0926311 0.715726 0.0133984
0.393471 0.0720945 0.445437 0.0889982
0.116157 0.102323 0.614142 0.167378
0.233333 0.0780116 0.540527 0.148129
0.456779 0.103772 0.360468 0.0789821
0.42071 0.0739521 0.28032 0.225017
0.549406 0.0852333 0.341664 0.0236962
9.9991E-05 0.848483 0.0847186 0.0666983
9.9991E-05 0.865857 0.11538 0.0186631
9.9991E-05 0.77117 0.145753 0.0829773
9.9991E-05 0.763459 0.169823 0.0666183
0.252252 0.0559545 0.691693 9.9991E-05
0.218873 0.115582 0.583786 0.0817585
0.169428 0.0506244 0.779848 9.9991E-05
0.528422 0.208796 0.262683 9.9991E-05
0.394525 9.9991E-05 0.568475 0.0368994
0.164752 0.12343 0.697924 0.0138944
0.0204759 0.0895236 0.8899 9.9991E-05
0.112868 0.156976 0.686469 0.0436873
0.03353 0.146102 0.820268 9.9991E-05
0.634273 0.0028513 0.362776 9.9991E-05
0.145544 0.137722 0.656396 0.0603381
0.0997388 0.122714 0.661976 0.115571
0.109741 0.137115 0.673477 0.0796671
0.445262 9.9982E-05 0.554538 9.9982E-05
0.0983752 0.0531102 0.80307 0.0454445
0.192986 0.0923546 0.578945 0.135715
0.841432 0.0929685 0.0654992 9.9991E-05
0.70312 0.00114339 0.260216 0.0355206
0.751308 0.0111525 0.145599 0.0919404
0.185343 0.0692764 0.681649 0.0637317
0.173883 0.105761 0.634499 0.0858564
0.206313 0.0699222 0.625041 0.0987234
0.531482 0.140322 0.328097 9.9991E-05
0.188763 0.121457 0.687935 0.00184431
0.194169 0.0985881 0.527388 0.179855
0.355457 0.121847 0.47544 0.0472555
0.602504 0.23214 0.0562482 0.109108
0.176647 0.162917 0.58278 0.0776556
0.275217 0.149115 0.502042 0.0736256
0.781005 0.096765 0.12213 9.9991E-05
0.286952 0.0735103 0.639438 9.9991E-05
0.279409 0.00338348 0.563689 0.153519
0.190041 0.112946 0.656111 0.0409021
0.478684 0.0560046 0.387682 0.07763
0.400167 0.0514269 0.436056 0.11235
0.118297 0.13914 0.732642 0.00992141
0.547203 0.115527 0.33717 9.9991E-05
0.220285 9.9982E-05 0.779515 9.9982E-05
0.494553 0.0132081 0.492138 9.9991E-05
0.211209 0.0589777 0.600254 0.12956
0.70843 9.9982E-05 0.29137 9.9982E-05
0.75013 9.9982E-05 0.24967 9.9982E-05
0.509545 9.9982E-05 0.490255 9.9982E-05
0.298981 0.017498 0.683421 9.9991E-05
0.196735 0.0697654 0.603381 0.130119
0.352658 0.0201463 0.596771 0.0304243
0.554592 0.0362925 0.409016 9.9991E-05
0.477719 0.0689223 0.453259 9.9991E-05
0.244753 0.0964377 0.572798 0.0860107
0.479035 0.0291471 0.479984 0.0118338
0.323665 0.0596882 0.616547 9.9991E-05
0.360803 9.9982E-05 0.638997 9.9982E-05
0.821937 9.9991E-05 0.142788 0.0351757
0.144215 0.0595258 0.73705 0.0592086
9.9991E-05 0.823415 0.163199 0.0132862
9.9982E-05 0.922824 0.0769762 9.9982E-05
9.9991E-05 0.884836 0.0795601 0.0355038
9.9991E-05 0.938572 0.0453965 0.0159314
9.9991E-05 0.898683 0.091994 0.00922282
9.9991E-05 0.903338 0.0637592 0.0328028
9.9991E-05 0.913605 0.0641855 0.0221091
0.249374 0.108268 0.596577 0.0457805
0.128334 0.0900722 0.62438 0.157214
0.672425 9.9982E-05 0.327375 9.9982E-05
0.181272 0.158591 0.549333 0.110804
0.265611 0.078052 0.656237 9.9991E-05
0.121502 0.0608295 0.715109 0.102559
0.212913 0.0595975 0.72739 9.9991E-05
0.280333 0.00490789 0.60806 0.106699
0.792858 0.0193862 0.187656 9.9991E-05
0.191114 0.159177 0.61266 0.0370492
0.136704 0.0194011 0.807697 0.0361982
0.146292 0.094747 0.626774 0.132187
0.46488 0.0263116 0.449749 0.0590589
0.265742 0.0174158 0.716742 9.9991E-05
0.291076 0.0390768 0.669747 9.9991E-05
0.349686 9.9991E-05 0.579678 0.0705361
0.336359 0.0719535 0.591587 9.9991E-05
0.196768 0.150386 0.592308 0.0605385
0.532239 0.109198 0.354803 0.00376026
0.269637 0.172308 0.490531 0.0675244
0.115636 0.140267 0.723321 0.0207763
0.0883117 0.147676 0.697412 0.0666005
0.279762 0.100296 0.593569 0.026373
0.209139 0.0729395 0.633659 0.0842629
0.292573 0.0850709 0.622256 9.9991E-05
0.270958 0.0765539 0.629055 0.0234327
0.13981 0.146688 0.688688 0.0248144
0.208955 0.072995 0.700809 0.0172405
0.365941 0.0342206 0.599739 9.9991E-05
0.185493 0.00348866 0.711384 0.0996339
0.0458696 0.127777 0.757873 0.0684807
0.224191 9.9991E-05 0.682803 0.0929056
0.0747208 0.10782 0.780033 0.0374261
0.268601 0.017973 0.6131 0.100326
0.28353 0.18553 0.45399 0.07695
0.164869 0.0427463 0.693454 0.0989302
0.152145 0.121961 0.675384 0.0505103
0.548484 0.0410054 0.290629 0.119881
0.693426 0.0522892 0.184151 0.0701338
0.252122 0.076823 0.60963 0.0614249
0.784734 9.9991E-05 0.0870115 0.128154
0.521487 0.101386 0.377028 9.9991E-05
0.423218 0.0305002 0.546182 9.9991E-05
0.467698 0.0918965 0.440305 9.9991E-05
0.578386 0.0185299 0.378148 0.024936
0.224482 0.0828198 0.634968 0.0577301
0.180545 0.118022 0.637689 0.0637431
0.236804 0.0812616 0.681835 9.9991E-05
0.713134 9.9991E-05 0.166692 0.120074
0.192731 0.169491 0.56351 0.0742681
0.246125 0.137715 0.561562 0.054598
0.737512 0.193407 0.068981 9.9991E-05
0.154751 0.106435 0.665725 0.0730892
0.364534 0.124545 0.408995 0.101926
0.183656 0.0804127 0.604356 0.131576
0.526834 0.110051 0.31287 0.0502446
0.552847 0.162409 0.284644 9.9991E-05
0.321797 0.0868448 0.544076 0.0472821
0.227838 0.122504 0.513946 0.135712
0.139493 0.225682 0.535801 0.0990241
0.621978 0.0903356 0.0549233 0.232763
0.248955 0.149066 0.506115 0.095864
0.472258 0.0157446 0.511897 9.9991E-05
0.413614 9.9991E-05 0.550879 0.035407
0.199559 0.107497 0.520144 0.1728
0.175671 0.349586 0.169893 0.30485
0.175446 0.616232 9.9991E-05 0.208223
0.255288 0.501387 9.9991E-05 0.243225
0.135503 0.369933 0.124932 0.369632
0.229037 9.9991E-05 0.73938 0.0314824
0.166608 0.134404 0.60869 0.0902973
9.9982E-05 9.9982E-05 0.334479 0.665321
0.145019 9.9991E-05 0.373669 0.481212
0.151814 0.0493297 0.324822 0.474035
0.439611 9.9991E-05 0.498821 0.061468
0.176158 0.076201 0.628047 0.119594
0.566456 0.0441483 0.335299 0.0540969
0.220608 0.00252462 0.73337 0.0434975
0.414576 9.9991E-05 0.569442 0.0158822
0.288358 9.9991E-05 0.597021 0.114522
0.62616 9.9991E-05 0.284766 0.0889747
0.114863 0.0387587 0.717772 0.128606
0.301643 0.0202333 0.487307 0.190817
9.998E-05 9.998E-05 9.998E-05 0.9997
0.0216323 9.9991E-05 0.0466779 0.93159
0.0404142 0.0332373 0.339538 0.58681
9.9991E-05 0.00556411 0.281077 0.713259
0.0696657 0.00844818 0.10332 0.818566
9.998E-05 9.998E-05 9.998E-05 0.9997
0.0193795 0.0128204 9.9991E-05 0.9677
9.9982E-05 9.9982E-05 0.117157 0.882643
9.9982E-05 9.9982E-05 0.0631572 0.936643
9.998E-05 9.998E-05 9.998E-05 0.9997
9.998E-05 9.998E-05 9.998E-05 0.9997
9.9991E-05 0.0500248 0.176631 0.773244
9.9991E-05 0.043912 0.175321 0.780667
9.998E-05 9.998E-05 9.998E-05 0.9997
0.105171 9.9991E-05 0.439648 0.455081
0.0307967 0.0580857 0.169302 0.741816
9.9991E-05 0.00442904 0.221778 0.773693
9.9991E-05 0.0216433 0.087029 0.891228
9.998E-05 9.998E-05 9.998E-05 0.9997
0.0172175 0.0457297 9.9991E-05 0.936953
9.998E-05 9.998E-05 9.998E-05 0.9997
9.9991E-05 0.0499703 0.307564 0.642366
0.0481885 9.9991E-05 0.00675411 0.944957
0.486938 0.370037 9.9991E-05 0.142925
0.292106 0.202884 0.375299 0.12971
0.175635 0.238531 0.462105 0.123729
0.414323 0.254963 0.12181 0.208904
0.182385 0.17434 0.487551 0.155724
0.348735 0.263888 0.187381 0.199996
0.158435 0.210405 0.477832 0.153328
0.265203 0.163684 0.323032 0.248081
0.175334 0.146654 0.431688 0.246324
0.194401 0.178976 0.335985 0.290638
0.175436 0.188479 0.526708 0.109377
0.0345938 0.871869 0.0934372 9.9991E-05
9.9982E-05 0.921655 9.9982E-05 0.0781446
9.998E-05 0.9997 9.998E-05 9.998E-05
9.9982E-05 0.980717 0.0190833 9.9982E-05
9.9991E-05 0.913179 0.0391185 0.047602
9.9982E-05 0.87284 9.9982E-05 0.12696
9.9991E-05 0.911909 0.0284044 0.0595869
0.0073555 0.915961 0.0765834 9.9991E-05
0.00120391 0.951269 0.0474269 9.9991E-05
9.9991E-05 0.894125 0.00798078 0.0977939
0.352556 0.647244 9.99845E-05 9.99845E-05
0.321161 0.650109 0.00941648 0.0193133
0.413932 0.585868 9.9982E-05 9.9982E-05
0.429663 0.570137 9.9982E-05 9.9982E-05
0.230067 0.065814 0.704019 9.9991E-05
0.273898 9.9991E-05 0.68533 0.0406728
0.189972 0.0693239 0.732196 0.00850862
0.346307 0.0644244 0.589169 9.9991E-05
0.679771 0.033269 0.28686 9.9991E-05
0.135005 0.0583073 0.781204 0.025483
0.251289 9.9991E-05 0.686011 0.0626
0.297257 0.0113721 0.69127 9.9991E-05
0.374434 9.9991E-05 0.591717 0.0337482
0.0414233 0.127381 0.762025 0.0691703
0.369719 0.0156497 0.614531 9.9991E-05
0.881404 9.9991E-05 0.118084 0.000412468
0.238807 0.113522 0.647571 9.9991E-05
0.523593 9.9991E-05 0.472093 0.0042139
0.242763 9.9991E-05 0.715781 0.0413559
0.643764 0.00650078 0.349636 9.9991E-05
0.725492 0.251108 0.0232996 9.9991E-05
0.693338 0.20808 0.0984822 9.9991E-05
0.788895 0.16191 0.0490952 9.9991E-05
0.765229 0.234571 9.9982E-05 9.9982E-05
0.816559 0.116965 0.0476322 0.0188437
0.676181 0.223489 0.10023 9.9991E-05
9.9991E-05 0.891922 0.0826757 0.0253021
0.00467705 0.852064 0.0493615 0.0938977
9.9991E-05 0.77774 0.118704 0.103455
9.9991E-05 0.816733 0.063389 0.119778
9.9991E-05 0.840145 0.0572758 0.102479
0.509084 0.490717 9.9982E-05 9.9982E-05
0.46001 0.53979 9.9982E-05 9.9982E-05
0.456789 0.543011 9.9982E-05 9.9982E-05
9.9991E-05 0.827839 0.148457 0.0236043
0.537706 0.462094 9.9982E-05 9.9982E-05
0.0737099 0.229706 0.26779 0.428794
0.0801913 0.0702162 0.470382 0.37921
9.9991E-05 0.193367 0.562176 0.244357
0.075651 0.241602 0.397158 0.285589
0.130232 0.177514 0.547535 0.144719
0.173032 0.458086 9.9991E-05 0.368782
0.406711 0.0595026 0.533687 9.9991E-05
0.468839 0.00325348 0.490638 0.0372692
0.493286 0.141553 0.365061 9.9991E-05
0.384484 9.9991E-05 0.526371 0.0890456
0.998762 9.9982E-05 9.9982E-05 0.00103813
0.165028 0.14157 0.634077 0.0593253
0.357148 0.0333663 0.590272 0.0192138
0.509507 0.0730028 0.41739 9.9991E-05
0.227862 0.146274 0.511107 0.114757
0.717022 0.00750313 0.252049 0.0234265
0.315483 0.0249396 0.476282 0.183295
0.254703 0.0810759 0.635396 0.0288248
0.208204 0.149725 0.480595 0.161476
0.441185 9.9991E-05 0.51642 0.0422952
0.34193 0.0663503 0.530934 0.0607856
0.309479 0.0457527 0.597663 0.0471049
0.377701 0.0255232 0.546428 0.0503471
0.0975752 0.0405535 0.72779 0.134082
0.152737 0.113775 0.655599 0.0778901
0.160397 0.16885 0.587974 0.0827788
9.9991E-05 0.777969 0.126626 0.0953046
9.9991E-05 0.844 0.0789545 0.0769452
0.0914359 0.844184 0.0642805 9.9991E-05
0.0745156 0.81171 0.0458897 0.0678847
9.9991E-05 0.834105 0.107448 0.0583473
0.64858 0.0558445 0.213385 0.0821904
0.261504 0.0571493 0.572404 0.108942
0.173692 0.214254 0.340524 0.271529
0.174709 0.03833 0.643426 0.143535
0.256043 0.115055 0.620626 0.00827629
0.552046 0.0431993 0.285407 0.119348
0.727038 0.218734 0.0541278 9.9991E-05
0.280585 0.0881124 0.629372 0.00193069
0.587415 0.126017 0.242444 0.0441243
0.419381 0.0625062 0.441538 0.0765748
0.581069 0.201466 0.217365 9.9991E-05
0.140919 0.132581 0.620489 0.106011
0.557829 0.132985 0.274572 0.0346144
0.474095 0.0421545 0.408687 0.0750643
0.290948 0.088599 0.540011 0.0804421
0.497694 0.0680399 0.410443 0.0238229
0.209035 0.123619 0.660827 0.00651874
0.143518 0.204311 0.552779 0.0993921
0.444768 0.0631787 0.491954 9.9991E-05
0.282932 0.0582076 0.531702 0.127159
0.249466 0.114484 0.635949 9.9991E-05
0.739546 9.9991E-05 0.258691 0.00166253
0.568023 0.0284271 0.393924 0.00962597
0.290248 0.0887445 0.617387 0.00362062
0.696068 0.0340105 0.269821 9.9991E-05
0.275441 0.0727393 0.65172 9.9991E-05
0.725754 0.0268123 0.189883 0.0575511
0.614739 9.9991E-05 0.332844 0.0523173
0.433476 0.0521919 0.396508 0.117824
0.0889579 0.0518562 0.80214 0.0570453
0.626834 9.9991E-05 0.357414 0.0156519
0.264036 0.108069 0.504221 0.123674
0.196613 0.0283486 0.647685 0.127353
0.278848 0.0931657 0.60813 0.019856
0.327794 0.068093 0.461614 0.142498
0.341417 0.0910557 0.524575 0.0429522
0.618991 9.9991E-05 0.263803 0.117105
0.435811 0.0196722 0.406101 0.138416
0.251522 0.0100356 0.658222 0.0802208
0.175336 0.0627075 0.658997 0.10296
0.382887 0.0927587 0.461691 0.0626632
0.279815 0.00950117 0.565572 0.145113
0.363532 0.159561 0.471023 0.00588514
0.221594 0.0365026 0.614998 0.126905
0.239681 0.0460362 0.567748 0.146535
0.178288 0.135857 0.560883 0.124972
0.0272737 0.384826 0.419517 0.168383
0.0618113 0.135371 0.564217 0.2386
0.083026 0.156851 0.611965 0.148158
0.119719 0.028008 0.649473 0.2028
0.0134145 0.231149 0.561936 0.193501
0.375151 9.9991E-05 0.490381 0.134369
0.103011 0.215369 0.437511 0.244108
0.472986 0.27541 0.0363902 0.215214
0.110731 0.0998043 0.546384 0.243081
0.0456712 0.176359 0.579049 0.198921
0.178173 0.0467292 0.497101 0.277996
0.299481 0.194378 0.319091 0.18705
0.0482756 0.195391 0.635509 0.120824
0.0210923 0.174713 0.586105 0.21809
0.247743 0.535535 9.9991E-05 0.216622
0.0156376 0.195691 0.599662 0.189009
0.0273766 0.164835 0.600679 0.207109
0.129192 0.0544383 0.686905 0.129465
9.9991E-05 0.236639 0.518256 0.245006
0.0926151 0.159856 0.581572 0.165956
0.279019 0.0394294 0.539807 0.141744
0.219749 0.0860103 0.590305 0.103936
0.839825 9.9991E-05 0.104865 0.0552094
0.798089 0.00366247 0.174603 0.0236452
0.265935 0.0765238 0.537068 0.120473
0.115832 0.0978493 0.354119 0.432199
0.15186 0.0997364 0.28943 0.458974
0.2957 0.205248 0.0436709 0.455381
0.0703712 0.222281 0.394712 0.312636
0.607732 0.0860492 0.0952093 0.21101
0.447233 0.110084 0.270282 0.1724
0.173801 0.00627547 0.652741 0.167183
0.267183 0.0227469 0.518102 0.191968
0.467455 0.0473736 0.225476 0.259696
0.224884 0.0559668 0.567302 0.151848
0.228601 9.9991E-05 0.572626 0.198673
0.211597 0.0700531 0.483087 0.235262
0.520864 9.9982E-05 0.478936 9.9982E-05
0.4946 0.00128697 0.396341 0.107772
0.24935 0.0227929 0.571521 0.156336
0.35858 0.0677179 0.505972 0.0677308
0.305773 0.067081 0.446727 0.180419
0.35139 0.000137078 0.648373 9.9991E-05
0.563075 9.9991E-05 0.379736 0.0570886
0.174756 0.0854927 0.693055 0.046697
0.590277 9.9991E-05 0.359997 0.0496259
0.338425 9.9991E-05 0.583288 0.0781861
0.0954493 0.119066 0.729622 0.0558625
0.374747 9.9991E-05 0.598222 0.0269314
0.0177879 0.249593 0.586817 0.145802
0.158694 0.198183 0.496635 0.146488
0.221919 0.139006 0.277577 0.361498
0.263014 0.187216 0.29556 0.254209
0.131644 0.18359 0.517634 0.167132
0.168628 0.211509 0.461919 0.157944
0.582513 0.181067 9.9991E-05 0.23632
0.0443213 0.106978 0.602512 0.246188
0.401125 0.390716 9.9991E-05 0.208059
0.130689 0.060606 0.598423 0.210282
0.670195 9.9982E-05 0.329605 9.9982E-05
0.866231 9.9991E-05 0.0849157 0.048753
0.328354 9.9991E-05 0.670649 0.000897721
0.133769 0.0715092 0.741965 0.0527567
0.421744 9.9982E-05 0.578056 9.9982E-05
0.22577 0.0577145 0.658253 0.058262
0.302888 9.9991E-05 0.624234 0.0727782
0.00957425 0.844586 0.14574 9.9991E-05
0.116735 0.773963 0.00927954 0.100023
9.9982E-05 0.906742 9.9982E-05 0.0930579
9.9982E-05 0.956776 0.0430239 9.9982E-05
0.272707 0.0425611 0.647093 0.0376392
0.273852 0.0373274 0.68872 9.9991E-05
0.286853 9.9982E-05 0.712947 9.9982E-05
0.092363 0.129678 0.777859 9.9991E-05
0.23462 0.104169 0.579275 0.081936
0.54718 0.00383909 0.448881 9.9991E-05
0.120895 9.9991E-05 0.821938 0.0570669
0.406309 9.9982E-05 0.593491 9.9982E-05
0.0132655 0.253317 0.511241 0.222176
0.339995 9.9991E-05 0.597435 0.0624706
0.388128 0.00573379 0.606038 9.9991E-05
0.183239 9.9982E-05 0.816561 9.9982E-05
0.333912 0.017461 0.648527 9.9991E-05
0.198106 9.9991E-05 0.771904 0.0298892
0.18065 0.113744 0.705506 9.9991E-05
0.577467 9.9982E-05 0.422333 9.9982E-05
0.484078 0.00987727 0.505945 9.9991E-05
0.376133 0.0544811 0.569286 9.9991E-05
0.853144 9.9982E-05 0.146656 9.9982E-05
0.376357 9.9991E-05 0.581496 0.0420473
0.678661 9.9982E-05 0.321139 9.9982E-05
0.812213 9.9991E-05 0.174872 0.0128155
0.25531 0.0469525 0.68759 0.0101476
0.570989 0.0311753 0.397735 9.9991E-05
0.321313 0.0102324 0.661986 0.00646884
0.08559 0.120874 0.71381 0.0797266
0.259679 0.0391993 0.701022 9.9991E-05
0.47969 9.9991E-05 0.4095 0.110711
0.24357 9.9991E-05 0.743144 0.0131856
0.253971 0.0594737 0.642665 0.0438904
0.403269 9.9982E-05 0.596531 9.9982E-05
0.225756 0.118102 0.654568 0.00157394
0.281121 0.699022 0.019757 9.9991E-05
0.123328 0.777956 0.0986157 9.9991E-05
0.14919 0.85061 9.9982E-05 9.9982E-05
0.141885 0.857915 9.9982E-05 9.9982E-05
0.133635 0.770558 0.0957067 9.9991E-05
0.620867 0.0343403 0.33001 0.0147828
0.612237 0.0168833 0.370779 9.9991E-05
0.551087 9.9982E-05 0.448713 9.9982E-05
0.170097 0.0975464 0.6169 0.115456
0.148854 0.117671 0.70274 0.0307348
0.468904 0.0573216 0.466555 0.00722008
0.073699 0.0933697 0.782966 0.0499653
0.298621 0.0344276 0.613839 0.0531124
0.258893 0.0402717 0.700735 9.9991E-05
0.0707068 0.0258141 0.820498 0.0829811
0.571547 9.9982E-05 0.428253 9.9982E-05
0.37688 0.00433548 0.618685 9.9991E-05
0.44574 9.9982E-05 0.55406 9.9982E-05
0.193627 0.145058 0.624795 0.0365208
0.351372 0.0163972 0.632131 9.9991E-05
0.272675 0.0555226 0.636738 0.0350645
0.0620988 0.0820953 0.421075 0.434731
0.0784753 0.0462161 0.361865 0.513444
9.9991E-05 0.0889507 0.478327 0.432623
9.9991E-05 0.182651 0.287878 0.529371
9.9991E-05 0.13919 0.520183 0.340527
0.305766 0.0239111 0.641973 0.0283508
9.9991E-05 0.273536 0.0656247 0.660739
9.9991E-05 0.175281 0.316393 0.508226
0.190511 0.160592 0.391855 0.257043
0.167762 0.169759 0.662379 9.9991E-05
0.246317 0.135844 0.546469 0.0713705
0.0895044 0.179023 0.681935 0.0495371
0.123559 0.152976 0.670493 0.0529716
9.9991E-05 0.173988 0.282314 0.543597
0.0658693 0.0543052 0.419261 0.460565
9.9991E-05 0.0546824 0.426324 0.518893
0.00689506 0.156468 0.520235 0.316402
0.0571228 0.0636368 0.26193 0.61731
0.0583376 0.167763 0.428083 0.345816
9.9991E-05 0.132097 0.272294 0.595509
0.0837022 0.029904 0.387872 0.498522
0.148813 0.149045 0.652488 0.049654
0.0687619 0.126747 0.412487 0.392004
9.9991E-05 0.175045 0.173075 0.65178
0.0845256 0.186856 0.402935 0.325683
0.425135 0.222765 0.352001 9.9991E-05
0.170787 0.0526447 0.661783 0.114785
0.11965 0.158554 0.348664 0.373132
0.157994 0.157224 0.613917 0.0708651
0.23146 0.213064 0.537589 0.0178871
0.0744856 0.205829 0.485746 0.233939
0.0776477 0.248871 0.322496 0.350985
0.0274055 0.108945 0.721593 0.142057
0.0396329 0.102476 0.454066 0.403825
9.9991E-05 0.10832 0.431321 0.460259
0.0472883 0.176 0.0954379 0.681274
0.146635 0.134579 0.548103 0.170682
0.254401 0.185604 0.559895 9.9991E-05
0.501242 0.192047 0.187053 0.119658
0.158568 0.124169 0.6014 0.115863
0.323467 0.147119 0.521018 0.0083956
0.0286492 0.272751 0.542296 0.156304
0.241483 0.143704 0.503155 0.111658
0.359373 0.374016 9.9991E-05 0.266511
0.403194 0.3746 9.9991E-05 0.222106
0.371112 0.20573 0.209002 0.214157
0.348708 0.350935 0.0329067 0.26745
0.200438 0.484906 9.9991E-05 0.314556
0.323434 0.137037 0.332264 0.207265
0.150489 0.301759 0.370529 0.177223
0.25698 0.308089 0.19747 0.237462
0.340388 0.303708 0.132304 0.2236
0.17182 0.133662 0.452979 0.241539
0.431328 0.193102 0.117044 0.258526
0.32592 0.524697 9.9991E-05 0.149284
0.0286107 0.245387 0.485265 0.240738
0.237344 0.187553 0.314527 0.260576
0.0207112 0.346373 0.491035 0.141881
9.9991E-05 0.161001 0.495645 0.343254
9.9991E-05 0.19986 0.597295 0.202745
0.0308489 0.247335 0.471992 0.249823
0.0225391 0.362014 0.305455 0.309991
0.00911702 0.176747 0.55972 0.254416
9.9991E-05 0.294361 0.406146 0.299393
0.132883 0.216722 0.318195 0.3322
0.296899 0.173851 0.368124 0.161126
0.132362 0.182418 0.518339 0.166881
0.0816352 0.203785 0.516048 0.198532
0.153763 0.127064 0.679906 0.0392663
0.0226864 0.307144 0.341805 0.328365
0.0803894 0.142633 0.49259 0.284388
0.138048 0.423032 0.16628 0.27264
9.9991E-05 0.247243 0.534216 0.218441
0.17627 0.273143 0.125528 0.425059
0.159356 0.833962 9.9991E-05 0.00658202
0.65769 0.189769 0.152441 9.9991E-05
0.827861 0.17194 9.9982E-05 9.9982E-05
0.814564 0.167516 0.01782 9.9991E-05
0.824033 0.094813 0.0810535 9.9991E-05
0.67546 0.205929 0.118511 9.9991E-05
0.71474 0.105578 0.179581 9.9991E-05
0.78177 0.21803 9.9982E-05 9.9982E-05
0.61626 0.313872 0.0697676 9.9991E-05
0.0107271 0.897535 0.0805463 0.0111918
0.051784 0.845404 0.0963334 0.00647827
9.9991E-05 0.917842 0.0399506 0.0421075
0.0700792 0.864712 0.0651088 9.9991E-05
0.0541722 0.905552 9.9991E-05 0.0401759
0.0638538 0.897771 9.9991E-05 0.0382747
9.9991E-05 0.771575 0.0974673 0.130858
0.0489877 0.847047 9.9991E-05 0.103865
0.119404 0.767079 0.0232035 0.0903129
9.9982E-05 0.939795 9.9982E-05 0.060005
0.00319216 0.996608 9.9982E-05 9.9982E-05
0.0428164 0.830424 0.070544 0.0562154
9.9982E-05 0.940649 9.9982E-05 0.0591508
9.9991E-05 0.923036 0.0497607 0.0271031
9.9991E-05 0.864898 0.0985483 0.036454
9.9991E-05 0.82262 0.112398 0.0648823
9.9991E-05 0.76614 0.0379747 0.195785
9.9991E-05 0.777925 0.118275 0.1037
9.9991E-05 0.826959 0.085471 0.0874698
0.313961 0.1515 0.501256 0.0332839
0.12629 0.123386 0.750224 9.9991E-05
0.0839363 0.108794 0.676442 0.130828
0.602621 0.0980259 0.22269 0.0766634
0.154521 0.224961 0.620418 9.9991E-05
0.554198 0.198499 0.143279 0.104024
0.0757693 0.175743 0.655266 0.0932218
0.274168 0.17069 0.555042 9.9991E-05
0.174155 0.144879 0.633829 0.0471378
0.269956 0.0372315 0.659197 0.0336157
0.290224 0.146831 0.562845 9.9991E-05
0.128256 0.0596148 0.744771 0.0673583
0.148107 0.130944 0.691501 0.0294484
0.782669 0.0150127 0.121622 0.080696
0.797752 0.134279 0.056298 0.0116714
0.561995 0.143852 0.209996 0.084157
0.0917619 0.11656 0.665394 0.126284
0.156651 0.168175 0.663308 0.011866
0.194269 0.156314 0.636568 0.0128491
0.185799 0.0916033 0.658194 0.0644036
9.9991E-05 0.218319 0.576844 0.204737
0.00207454 0.256801 0.642371 0.0987535
0.233664 0.417395 0.169057 0.179883
0.0559648 0.187569 0.705908 0.0505581
0.100608 0.261102 0.502855 0.135435
0.302664 0.479548 9.9991E-05 0.217688
0.0976565 0.292743 0.358762 0.250839
0.159207 0.382895 0.267249 0.190649
0.0748203 0.370268 0.464324 0.0905883
0.228797 0.0890683 0.412287 0.269848
0.039106 0.276785 0.517576 0.166534
0.0266677 0.20193 0.639012 0.13239
0.125127 0.214663 0.531918 0.128292
0.0223692 0.485778 0.327387 0.164466
