9.9946E-05 9.9946E-05 9.9946E-05 9.9946E-05 0.73769 0.0696807 9.9946E-05 9.9946E-05 0.0782981 0.113732
0.0224272 9.9973E-05 9.9973E-05 0.0325124 0.903279 0.016176 0.000661915 9.9973E-05 0.00487871 0.019765
9.9973E-05 0.0130027 0.00840689 9.9973E-05 0.718375 0.0640528 9.9973E-05 0.117726 0.00702061 0.0711159
9.9964E-05 9.9964E-05 0.0747701 9.9964E-05 0.730014 0.0561123 9.9964E-05 0.00830562 0.0563916 0.0740066
0.0634546 9.9946E-05 9.9946E-05 9.9946E-05 0.836091 9.9946E-05 9.9946E-05 0.00637803 9.9946E-05 0.0934769
9.9964E-05 9.9964E-05 0.0741088 0.255249 0.588665 0.0360624 9.9964E-05 0.0420021 0.00351303 9.9964E-05
9.9937E-05 9.9937E-05 9.9937E-05 0.229111 0.734208 0.0359816 9.9937E-05 9.9937E-05 9.9937E-05 9.9937E-05
9.9964E-05 9.9964E-05 0.00462683 0.174793 0.684977 0.0530291 9.9964E-05 9.9964E-05 0.0546658 0.0275083
9.99549E-05 0.103233 9.99549E-05 9.99549E-05 0.773299 0.0125724 0.0367086 9.99549E-05 0.0736875 9.99549E-05
0.0315594 9.9964E-05 0.0820736 0.175753 0.641637 0.0251987 9.9964E-05 0.0433784 9.9964E-05 9.9964E-05
9.994E-05 9.994E-05 9.994E-05 0.286868 0.703407 9.994E-05 9.994E-05 0.00902554 9.994E-05 9.994E-05
9.9964E-05 0.031799 0.0704642 0.0466561 9.9964E-05 9.9964E-05 0.145167 0.29212 0.413394 9.9964E-05
9.9964E-05 0.140454 9.9964E-05 0.0383058 9.9964E-05 0.0519541 0.0358149 0.523927 0.209144 9.9964E-05
9.9946E-05 0.224778 0.0274351 9.9946E-05 9.9946E-05 9.9946E-05 9.9946E-05 0.310024 0.437164 9.9946E-05
0.0458099 0.0731606 0.0480181 9.9982E-05 9.9982E-05 0.0436907 0.0166715 0.371314 0.343232 0.0579033
0.0324244 0.0773561 0.109581 0.060705 0.0864433 0.00102701 9.9991E-05 0.328468 0.255885 0.0480103
0.0825472 0.139731 0.0909894 9.9973E-05 9.9973E-05 0.00927814 0.0108676 0.584057 0.0822298 9.9973E-05
9.9973E-05 0.040856 0.0405032 0.100481 9.9973E-05 0.0281988 0.146436 0.481106 0.16212 9.9973E-05
9.9982E-05 0.0760224 0.0257597 9.9982E-05 0.0917962 0.00889304 0.115052 0.351899 0.259865 0.0705122
9.9964E-05 9.9964E-05 0.101585 0.14235 0.0349832 0.0112138 0.129006 9.9964E-05 0.580462 9.9964E-05
0.0449693 0.0709277 0.0488028 0.00283112 9.9991E-05 0.00884059 0.129104 0.370743 0.235488 0.0881932
0.0654328 0.110552 0.0483603 0.181924 0.0114923 0.00984974 9.9982E-05 0.420531 0.151658 9.9982E-05
0.0657755 9.9982E-05 9.9982E-05 0.106449 0.00148761 0.00155058 0.0381613 0.522212 0.17302 0.091144
9.9982E-05 9.9982E-05 0.090452 0.141802 0.0142926 0.0363675 0.114695 0.249848 0.285179 0.0671647
9.9973E-05 0.0187311 9.9973E-05 0.124792 0.0535941 9.9973E-05 0.0101339 0.605496 0.0360163 0.150936
9.9973E-05 0.0942075 0.00436196 9.9973E-05 9.9973E-05 0.00555527 0.0264191 0.594013 0.224354 0.0507899
9.9964E-05 0.0902415 9.9964E-05 9.9964E-05 9.9964E-05 0.0463391 0.154142 0.18828 0.407976 0.112621
9.9964E-05 0.139775 0.103497 9.9964E-05 9.9964E-05 9.9964E-05 0.0929932 0.226561 0.317286 0.119486
0.110264 0.0946647 9.9973E-05 0.00863532 0.0228233 9.9973E-05 0.0312257 0.317911 0.414176 9.9973E-05
9.99201E-05 9.99201E-05 9.99201E-05 9.99201E-05 9.99201E-05 0.999101 9.99201E-05 9.99201E-05 9.99201E-05 9.99201E-05
9.99201E-05 9.99201E-05 9.99201E-05 9.99201E-05 9.99201E-05 0.999101 9.99201E-05 9.99201E-05 9.99201E-05 9.99201E-05
9.9955E-05 0.0335186 0.0241639 9.9955E-05 0.49736 0.333637 9.9955E-05 0.11082 9.9955E-05 9.9955E-05
9.9964E-05 0.0431607 0.0942858 9.9964E-05 0.5479 0.215322 0.0179236 0.0810082 9.9964E-05 9.9964E-05
0.0649214 9.9982E-05 0.0306389 0.125184 9.9982E-05 0.0387984 0.187028 0.466703 0.0367377 0.0497886
9.9955E-05 9.9955E-05 9.9955E-05 9.9955E-05 0.0687147 9.9955E-05 0.285166 0.384504 0.0496433 0.211473
0.0196454 9.9964E-05 0.024996 9.9964E-05 0.0618325 9.9964E-05 0.3184 0.524911 9.9964E-05 0.0498152
0.0279205 0.0368505 0.0271446 9.9982E-05 0.0688909 0.0343947 0.120698 0.165253 0.518648 9.9982E-05
9.9964E-05 0.0167326 0.0274201 9.9964E-05 9.9964E-05 0.0255436 0.572741 0.338409 0.0187537 9.9964E-05
0.0381774 9.9955E-05 9.9955E-05 9.9955E-05 0.0891825 9.9955E-05 0.237298 0.490328 9.9955E-05 0.144515
9.9964E-05 9.9964E-05 0.0147325 0.0963783 9.9964E-05 9.9964E-05 0.163605 0.66468 0.0079193 0.0522853
0.0100163 9.9973E-05 0.0532596 0.38602 0.0233539 0.0270779 0.0171253 0.482847 9.9973E-05 9.9973E-05
9.9982E-05 9.9982E-05 0.047292 0.151651 0.0169665 0.0814096 0.0288125 0.628241 0.0434314 0.00199602
9.9964E-05 0.0331876 9.9964E-05 9.9964E-05 9.9964E-05 0.0539765 0.671419 0.128915 0.0908717 0.0212311
9.9964E-05 9.9964E-05 0.0249906 0.366979 9.9964E-05 0.0159749 0.0457541 0.378252 9.9964E-05 0.16765
0.0635606 0.0444671 0.0509885 0.0112713 0.000590954 0.0189437 0.230548 0.509061 9.9991E-05 0.0704684
0.0952904 0.14356 0.0779878 9.9964E-05 0.158648 9.9964E-05 0.0668751 0.457239 9.9964E-05 9.9964E-05
9.9937E-05 0.0927123 9.9937E-05 9.9937E-05 9.9937E-05 9.9937E-05 0.545178 0.36141 9.9937E-05 9.9937E-05
9.9955E-05 9.9955E-05 9.9955E-05 0.0110201 0.0104233 9.9955E-05 0.222805 0.607303 9.9955E-05 0.147949
0.00480874 0.0720001 0.0848865 0.0364669 0.0937184 0.00121196 0.158375 0.523225 0.025207 9.9991E-05
0.014764 0.192195 9.9955E-05 0.0254316 0.0398646 9.9955E-05 0.727245 9.9955E-05 9.9955E-05 9.9955E-05
0.0826211 0.0882364 9.9964E-05 0.0344003 9.9964E-05 9.9964E-05 0.218484 0.216279 0.35958 9.9964E-05
0.0715654 0.192307 9.9973E-05 0.179938 9.9973E-05 9.9973E-05 0.2162 0.04238 0.215188 0.0821216
9.9955E-05 9.9955E-05 0.112908 0.126317 9.9955E-05 0.0235129 9.9955E-05 0.562993 0.173769 9.9955E-05
0.0708806 9.9973E-05 0.0614405 0.107554 0.114149 0.00322203 9.9973E-05 0.595268 0.0471859 9.9973E-05
9.9973E-05 0.0475853 0.106871 0.0658475 9.9973E-05 9.9973E-05 0.0873088 0.573512 0.0517562 0.0668194
9.9973E-05 0.0418202 9.9973E-05 0.0695808 0.0798929 0.0145657 0.227816 0.178947 0.387077 9.9973E-05
0.0306162 0.0824785 9.9955E-05 9.9955E-05 9.9955E-05 0.0802492 9.9955E-05 0.600222 0.205934 9.9955E-05
9.9982E-05 0.0594445 0.00768773 0.158573 0.0901742 9.9982E-05 0.0166218 0.5298 0.046759 0.0907399
0.0498173 9.9991E-05 0.000921749 0.119882 0.170811 0.0315754 0.107412 0.345733 0.139777 0.0339708
9.9982E-05 0.200475 9.9982E-05 0.0234111 0.086364 0.02159 0.158441 0.0959773 0.345572 0.0679696
9.9964E-05 0.0513553 9.9964E-05 0.100468 9.9964E-05 0.0974417 0.0893235 0.575469 0.0855425 9.9964E-05
0.110135 0.0945247 9.9964E-05 9.9964E-05 9.9964E-05 9.9964E-05 0.0794323 0.300845 0.217098 0.197564
0.0505768 0.0483736 9.9973E-05 0.147243 9.9973E-05 0.064663 0.136811 0.0444668 0.507566 9.9973E-05
9.9964E-05 0.0636306 9.9964E-05 9.9964E-05 9.9964E-05 0.0365873 0.109629 0.554576 0.219168 0.016009
0.0824275 0.0573443 0.00732719 0.086107 9.9991E-05 0.00237932 0.053534 0.574876 0.0118375 0.124067
0.0963712 0.015969 9.9982E-05 0.0531949 9.9982E-05 0.0419159 0.0168504 0.537859 0.120885 0.116754
0.048063 0.117747 0.0320278 9.9982E-05 0.0367925 0.0194516 0.218075 0.308704 0.218939 9.9982E-05
0.0643837 0.136554 0.019503 9.9973E-05 9.9973E-05 0.0268576 0.087788 0.498781 0.165832 9.9973E-05
0.0610017 0.093582 0.0411162 9.9982E-05 9.9982E-05 0.0632112 0.0121173 0.542813 0.0881975 0.0977607
0.135019 0.0276628 9.9973E-05 0.0484542 9.9973E-05 0.0793236 0.108311 0.230805 0.370125 9.9973E-05
0.0366179 0.00632298 0.044473 9.9973E-05 9.9973E-05 0.012222 0.328971 0.550523 0.0205704 9.9973E-05
9.9955E-05 9.9955E-05 9.9955E-05 9.9955E-05 0.0295836 0.0416483 0.65499 0.222586 0.0506923 9.9955E-05
0.011201 0.00821864 0.126628 0.12457 0.0657785 9.9982E-05 0.140198 0.478357 0.0448489 9.9982E-05
0.0363034 0.0761699 9.9946E-05 0.0450043 9.9946E-05 9.9946E-05 0.841923 9.9946E-05 9.9946E-05 9.9946E-05
0.0537523 9.9973E-05 0.0106088 0.0710616 0.00139363 0.0145607 0.833739 9.9973E-05 0.0145843 9.9973E-05
9.9946E-05 9.9946E-05 0.0224159 0.00459208 9.9946E-05 9.9946E-05 0.7228 0.249592 9.9946E-05 9.9946E-05
9.99613E-05 9.99613E-05 9.99613E-05 0.0267702 0.0781941 0.00828001 0.417107 0.469149 9.99613E-05 9.99613E-05
0.100708 0.00083489 0.0432887 0.0250603 0.0569399 0.0462601 0.109531 0.561816 0.0554608 9.9991E-05
9.9964E-05 0.032847 9.9964E-05 9.9964E-05 9.9964E-05 0.00921419 0.371461 0.383465 0.0582412 0.144372
9.9964E-05 9.9964E-05 0.0508231 9.9964E-05 9.9964E-05 0.0279073 0.609555 0.12641 0.165695 0.0192097
0.00342821 9.9955E-05 9.9955E-05 9.9955E-05 0.0364386 9.9955E-05 0.551096 0.187143 0.221394 9.9955E-05
9.9973E-05 9.9973E-05 0.0185512 9.9973E-05 0.0451684 0.0408251 0.307667 0.324378 0.0392267 0.223884
9.99579E-05 9.99579E-05 0.0132272 0.016198 0.0745049 9.99579E-05 0.58661 0.30896 9.99579E-05 9.99579E-05
9.9955E-05 9.9955E-05 9.9955E-05 9.9955E-05 0.051783 0.0229902 0.421536 0.382815 9.9955E-05 0.120376
9.9955E-05 0.030548 0.00307556 0.0216497 9.9955E-05 9.9955E-05 0.538771 0.405456 9.9955E-05 9.9955E-05
0.100247 0.0616188 9.9955E-05 0.0999922 9.9955E-05 9.9955E-05 0.705174 9.9955E-05 9.9955E-05 0.0324681
9.9964E-05 9.9964E-05 9.9964E-05 0.0731621 9.9964E-05 0.0438021 0.199423 0.623443 0.00914755 0.0506229
9.9955E-05 9.9955E-05 0.0128476 9.9955E-05 0.763667 0.038108 9.9955E-05 0.174642 0.0102357 9.9955E-05
9.9946E-05 9.9946E-05 9.9946E-05 9.9946E-05 0.803569 0.0948412 9.9946E-05 0.087695 9.9946E-05 0.0132949
9.9946E-05 9.9946E-05 9.9946E-05 9.9946E-05 0.71428 0.103181 9.9946E-05 0.0264849 9.9946E-05 0.155454
9.9955E-05 0.0857142 9.9955E-05 9.9955E-05 0.746949 0.101758 9.9955E-05 0.00860901 9.9955E-05 0.0564705
9.9946E-05 0.0457 9.9946E-05 9.9946E-05 0.760128 0.0801715 9.9946E-05 0.113401 9.9946E-05 9.9946E-05
0.0518084 9.9964E-05 0.0221608 9.9964E-05 0.834466 0.044968 0.00919973 9.9964E-05 9.9964E-05 0.0369971
0.0313576 9.9955E-05 9.9955E-05 9.9955E-05 0.804253 0.0598023 0.00903525 9.9955E-05 9.9955E-05 0.0950525
9.9973E-05 0.0481681 0.110942 9.9973E-05 0.0818608 0.0337547 0.22643 0.461433 0.0371105 9.9973E-05
9.9982E-05 0.0203343 0.0778517 0.0293788 0.0579807 0.0334645 0.138695 0.598413 9.9982E-05 0.0436817
0.0268923 9.9955E-05 9.9955E-05 9.9955E-05 0.0589286 9.9955E-05 0.75552 0.0884109 0.0697485 9.9955E-05
9.9982E-05 9.9982E-05 0.0142153 0.130614 0.0126551 0.00809627 0.132909 0.489448 0.0361802 0.175682
9.9964E-05 9.9964E-05 9.9964E-05 0.0545428 0.0698697 0.0380371 0.328575 0.491088 0.0174878 9.9964E-05
0.00931335 9.9964E-05 9.9964E-05 0.0454634 0.0437107 9.9964E-05 0.178514 0.684426 9.9964E-05 0.0381722
0.0717262 9.9973E-05 0.0901429 0.079228 0.0211248 9.9973E-05 0.202225 0.529167 0.0060866 9.9973E-05
0.0588581 9.9964E-05 0.0569964 9.9964E-05 9.9964E-05 0.0318594 0.404738 0.37218 9.9964E-05 0.0749677
9.9937E-05 9.9937E-05 9.9937E-05 9.9937E-05 0.0958217 9.9937E-05 0.765909 9.9937E-05 0.13757 9.9937E-05
9.9973E-05 0.0318119 9.9973E-05 0.0661596 0.203069 0.00132453 0.108917 0.545238 9.9973E-05 0.0431801
9.9964E-05 0.0331178 0.0223856 0.112421 0.0824224 9.9964E-05 0.107956 0.641297 9.9964E-05 9.9964E-05
0.00665318 0.0355891 0.0965281 0.0790259 0.0867898 0.0639705 0.0692387 0.44482 0.117285 9.9991E-05
0.0474513 0.0999943 9.9955E-05 9.9955E-05 9.9955E-05 0.0264273 0.502316 0.323311 9.9955E-05 9.9955E-05
0.0821845 0.00921471 9.9964E-05 9.9964E-05 9.9964E-05 0.0406539 0.317193 0.496942 9.9964E-05 0.0534112
9.9955E-05 9.9955E-05 0.0517699 9.9955E-05 9.9955E-05 0.0418138 0.444576 0.430921 0.03042 9.9955E-05
9.9946E-05 9.9946E-05 0.0863591 0.0183371 9.9946E-05 9.9946E-05 0.565 0.329704 9.9946E-05 9.9946E-05
9.9946E-05 9.9946E-05 9.9946E-05 9.9946E-05 0.12019 9.9946E-05 0.414055 0.463266 0.00188941 9.9946E-05
0.0841566 0.0504871 0.00333716 9.9973E-05 0.166774 9.9973E-05 9.9973E-05 0.596655 0.0957209 0.00256919
0.172062 0.159521 9.9973E-05 9.9973E-05 9.9973E-05 0.0229481 0.0659459 0.266961 0.300189 0.012073
9.9982E-05 0.0602502 0.0663342 0.0549489 0.103279 0.0557395 0.0399005 0.389692 0.229655 9.9982E-05
0.0884777 9.9982E-05 0.00325103 0.0162756 0.103963 9.9982E-05 0.139095 0.498275 0.0840552 0.0664072
9.9973E-05 0.0577207 0.011227 9.9973E-05 0.133445 9.9973E-05 0.19305 0.519102 0.0371161 0.0480388
0.0664791 0.0592064 0.00813794 9.9973E-05 0.0191418 0.0642172 9.9973E-05 0.480587 0.301931 9.9973E-05
0.0804273 0.040549 9.9955E-05 9.9955E-05 9.9955E-05 9.9955E-05 9.9955E-05 0.602514 0.248357 0.0276533
0.121253 0.0575683 9.9973E-05 9.9973E-05 0.0320117 9.9973E-05 0.0740445 0.439622 0.222258 0.0529428
0.093785 0.10751 9.9973E-05 0.0209268 0.0155411 9.9973E-05 9.9973E-05 0.54754 0.121209 0.0931886
9.9964E-05 0.0927816 0.102378 0.063249 9.9964E-05 0.00790063 9.9964E-05 0.577364 0.155926 9.9964E-05
9.9982E-05 0.0228555 0.0280765 0.0513622 0.0375463 0.0897807 0.0443094 0.586915 0.138954 9.9982E-05
0.0506937 0.0276115 9.9982E-05 0.0270135 9.9982E-05 0.0302594 0.0403832 0.511308 0.304031 0.00849941
0.0488936 0.00884529 9.9973E-05 0.153062 0.0458579 9.9973E-05 9.9973E-05 0.641679 0.0487999 0.052562
0.0148904 0.0214227 0.10627 0.0592379 0.0458687 0.0460828 0.0570791 0.47744 0.113809 0.0578996
0.0288641 0.0514339 0.0313928 9.9964E-05 9.9964E-05 9.9964E-05 0.00635263 0.65908 0.222477 9.9964E-05
0.0363155 0.0308777 0.0135546 0.0446201 9.9973E-05 9.9973E-05 9.9973E-05 0.480722 0.2287 0.164911
0.0738891 0.0565019 0.00390407 9.9973E-05 9.9973E-05 0.0457276 9.9973E-05 0.581472 0.168939 0.0692665
0.0846244 0.0997672 9.9982E-05 0.0559079 0.00658948 0.0608869 9.9982E-05 0.353859 0.256131 0.0820343
0.0695554 0.093985 9.9973E-05 0.00552629 9.9973E-05 0.0132961 9.9973E-05 0.603095 0.0906721 0.12357
0.033127 0.085418 9.9964E-05 9.9964E-05 9.9964E-05 0.0158016 9.9964E-05 0.70271 0.14416 0.0183833
0.0786185 9.9973E-05 0.0670008 0.00640858 9.9973E-05 0.0318852 0.131463 0.275203 0.409121 9.9973E-05
0.152063 0.20361 0.0484128 0.0591101 9.9973E-05 9.9973E-05 0.0907479 0.180298 0.265458 9.9973E-05
0.0227178 0.0880948 0.0724166 0.0216049 0.0567119 0.00539684 0.113848 0.511893 0.107217 9.9991E-05
0.268729 0.102276 0.0282249 0.0730696 9.9982E-05 0.0284879 0.205141 0.0561616 0.23771 9.9982E-05
0.105042 0.0921391 9.9982E-05 0.0198636 9.9982E-05 0.00373029 0.091307 0.345267 0.337609 0.00484239
0.0277727 0.0227618 9.9982E-05 0.0567324 0.0127185 9.9982E-05 0.130238 0.423634 0.298833 0.0271103
0.0507417 0.00351676 9.9973E-05 9.9973E-05 0.0555395 0.0193708 0.119765 0.35089 0.399876 9.9973E-05
0.0823361 9.9973E-05 0.0371906 0.0834406 0.00877967 9.9973E-05 0.0927364 0.286363 0.408854 9.9973E-05
9.9973E-05 9.9973E-05 0.0668867 0.149981 0.0851123 0.0369087 0.00437283 0.575503 0.0809353 9.9973E-05
0.0542894 9.9991E-05 0.0616993 0.0149439 0.0701158 0.0675004 0.0516351 0.497545 0.0770156 0.105156
0.0183088 0.0420906 0.0255549 0.0405925 9.9982E-05 0.0398473 0.129762 0.6204 0.0832439 9.9982E-05
0.117705 0.133193 0.0611865 0.0976619 9.9982E-05 0.023137 0.0711833 0.120061 0.375673 9.9982E-05
0.0954554 0.00642658 9.9973E-05 0.0717154 0.181197 9.9973E-05 0.105212 0.482099 9.9973E-05 0.0575943
0.0915418 0.0514747 0.137782 0.197508 0.00327395 0.00242876 0.0922237 0.38252 0.0411468 9.9991E-05
0.244078 0.192518 9.9973E-05 0.332083 0.0446317 0.0308172 0.105394 9.9973E-05 0.050178 9.9973E-05
0.0847742 0.0584237 0.0276283 0.0972664 0.0890318 0.0712741 9.9973E-05 0.571302 9.9973E-05 9.9973E-05
0.110471 0.154366 9.9982E-05 0.138559 0.0516871 9.9982E-05 0.113101 0.376059 0.0268921 0.0286649
0.0535604 0.111916 0.00731599 0.17859 0.0260087 0.0051432 0.0487346 0.465358 0.0617628 0.0416091
9.9982E-05 0.230693 0.0158719 0.267266 0.0211588 0.0108391 0.170431 0.205066 0.078474 9.9982E-05
0.130436 0.132324 9.9973E-05 0.326773 0.0606322 9.9973E-05 0.0706032 0.139076 0.139857 9.9973E-05
0.193644 0.0352214 9.9982E-05 0.15951 0.0972827 0.00346372 0.0500278 0.405904 0.0547467 9.9982E-05
0.136472 9.9982E-05 0.0248586 0.166006 0.0568808 9.9982E-05 0.00188784 0.383734 0.0337066 0.196254
0.00280019 0.0682137 0.129414 0.149779 0.0654348 0.053089 0.208415 0.322654 9.9982E-05 9.9982E-05
0.0822229 0.184419 0.0359327 0.165721 9.9982E-05 0.0259799 0.28579 9.9982E-05 0.0864688 0.133265
0.13788 9.9964E-05 0.0838578 0.103993 0.0809305 9.9964E-05 9.9964E-05 0.525409 0.0675304 9.9964E-05
0.0489267 0.070375 9.9964E-05 0.316945 9.9964E-05 9.9964E-05 0.19394 0.29502 0.0743937 9.9964E-05
0.0934435 0.0651892 0.00100329 0.151134 9.9973E-05 9.9973E-05 0.14885 0.445142 0.0949381 9.9973E-05
0.145544 9.9991E-05 0.0135573 0.0473914 0.109457 0.0178883 0.0540854 0.436325 0.0725419 0.103109
0.0384266 0.115398 0.126486 0.137586 0.286481 0.0353128 9.9982E-05 0.112273 9.9982E-05 0.147836
9.9964E-05 0.370188 0.0787312 0.106581 0.399631 0.0357018 9.9964E-05 9.9964E-05 9.9964E-05 0.00876729
0.00520168 0.463654 0.136851 0.0785097 0.291506 0.0238779 9.9964E-05 9.9964E-05 9.9964E-05 9.9964E-05
0.0189459 0.212258 0.152195 0.0271584 0.281602 0.0159744 9.9991E-05 0.00103357 0.0172684 0.273465
0.0214151 0.0360079 0.0370173 0.272602 9.9973E-05 0.0251227 0.0384992 0.569036 9.9973E-05 9.9973E-05
0.0645924 9.9982E-05 0.0710137 0.0669611 0.0663752 9.9982E-05 0.0503065 0.538387 0.10078 0.0413841
0.0142647 9.9955E-05 0.711722 9.9955E-05 9.9955E-05 0.013156 9.9955E-05 0.219473 0.0408843 9.9955E-05
9.9955E-05 0.0276064 0.466856 9.9955E-05 9.9955E-05 9.9955E-05 0.0149259 0.328581 0.161531 9.9955E-05
9.9964E-05 9.9964E-05 0.37834 0.0451071 0.0837473 9.9964E-05 0.0472178 0.362203 9.9964E-05 0.0829851
0.195586 9.9964E-05 0.117288 0.388729 9.9964E-05 0.0269841 0.127358 0.143655 9.9964E-05 9.9964E-05
0.0666087 0.0374246 0.0928855 0.200594 9.9991E-05 0.00426486 0.0629483 0.39361 0.0510184 0.0905457
0.204151 0.109425 9.9955E-05 0.494795 9.9955E-05 9.9955E-05 0.0568198 0.134309 9.9955E-05 9.9955E-05
0.000499628 0.0569813 0.0025147 0.261609 0.0185692 9.9991E-05 0.0551861 0.49117 0.0472431 0.0661269
0.158696 0.0553486 0.0166539 0.219996 9.9973E-05 9.9973E-05 9.9973E-05 0.439161 0.0850103 0.0248347
0.0784371 0.0281857 0.0744395 0.272667 9.9964E-05 9.9964E-05 9.9964E-05 0.418004 9.9964E-05 0.127867
0.148575 0.153247 9.9964E-05 0.400504 9.9964E-05 9.9964E-05 0.102149 0.133193 0.0619326 9.9964E-05
9.9973E-05 0.103303 0.0168921 0.126924 0.0325134 9.9973E-05 0.0209362 0.592139 9.9973E-05 0.106992
0.0434119 0.0479959 0.0131845 0.170936 0.0175592 9.9982E-05 0.079372 0.535445 9.9982E-05 0.0918961
0.00251289 9.9964E-05 0.847824 9.9964E-05 0.0182951 9.9964E-05 0.0120982 0.0309628 9.9964E-05 0.0879068
0.0026275 9.9946E-05 0.911247 9.9946E-05 9.9946E-05 9.9946E-05 9.9946E-05 0.081329 9.9946E-05 0.0041967
0.0480295 9.9973E-05 0.340938 0.0592698 9.9973E-05 0.0199935 0.0666015 0.109395 9.9973E-05 0.355473
9.9946E-05 9.9946E-05 0.570828 9.9946E-05 0.0347884 9.9946E-05 9.9946E-05 0.261056 9.9946E-05 0.132728
9.9955E-05 9.9955E-05 0.641612 0.000845022 9.9955E-05 9.9955E-05 0.0706274 0.0109405 9.9955E-05 0.275475
9.9937E-05 0.0143664 0.976783 9.9937E-05 9.9937E-05 0.0081506 9.9937E-05 9.9937E-05 9.9937E-05 9.9937E-05
9.9955E-05 9.9955E-05 0.910979 9.9955E-05 0.00591839 0.00477684 9.9955E-05 9.9955E-05 0.0327349 0.0450915
9.9937E-05 9.9937E-05 0.757157 9.9937E-05 9.9937E-05 9.9937E-05 9.9937E-05 0.0996979 9.9937E-05 0.142446
9.9946E-05 9.9946E-05 0.975757 9.9946E-05 9.9946E-05 0.00269027 9.9946E-05 0.00927842 0.0116749 9.9946E-05
9.9937E-05 9.9937E-05 0.970776 9.9937E-05 0.00323525 9.9937E-05 9.9937E-05 9.9937E-05 9.9937E-05 0.0252893
9.9937E-05 9.9937E-05 0.949625 9.9937E-05 0.00331189 0.0463631 9.9937E-05 9.9937E-05 9.9937E-05 9.9937E-05
0.0498429 9.9973E-05 0.654321 9.9973E-05 0.0366505 0.0800128 9.9973E-05 0.0947242 0.00708375 0.0770653
9.9964E-05 0.0259246 0.685739 9.9964E-05 0.0117198 0.00613609 9.9964E-05 0.138579 9.9964E-05 0.131502
9.9937E-05 9.9937E-05 0.941856 9.9937E-05 9.9937E-05 0.0227248 0.0347194 9.9937E-05 9.9937E-05 9.9937E-05
0.027977 9.9973E-05 0.429697 0.107253 0.0582454 9.9973E-05 0.0603056 0.267312 0.0489104 9.9973E-05
9.9973E-05 9.9973E-05 0.613121 9.9973E-05 0.00353522 0.00432869 0.00391926 0.243713 0.100511 0.0305719
9.9946E-05 9.9946E-05 0.546145 9.9946E-05 9.9946E-05 0.0220751 9.9946E-05 0.161916 9.9946E-05 0.269264
9.9964E-05 0.0121895 0.854758 9.9964E-05 0.0410996 0.00477929 9.9964E-05 0.0457952 9.9964E-05 0.0409781
9.9928E-05 9.9928E-05 0.699979 9.9928E-05 9.9928E-05 9.9928E-05 9.9928E-05 9.9928E-05 9.9928E-05 0.299222
9.9955E-05 0.0412838 0.764351 9.9955E-05 0.0492903 9.9955E-05 9.9955E-05 0.0552327 9.9955E-05 0.0893424
9.9937E-05 9.9937E-05 0.95398 9.9937E-05 9.9937E-05 0.0146575 9.9937E-05 9.9937E-05 9.9937E-05 0.0306631
0.0261822 9.9982E-05 0.559087 0.0100604 9.9982E-05 0.0180173 0.0107889 0.158757 0.0590124 0.157895
0.003845 0.00847565 0.885771 0.0557318 9.9973E-05 0.0157924 0.0198085 9.9973E-05 9.9973E-05 0.0102762
0.0538672 0.217158 9.9946E-05 0.485212 0.243163 9.9946E-05 9.9946E-05 9.9946E-05 9.9946E-05 9.9946E-05
9.9991E-05 0.116472 0.00605038 0.189193 0.141859 0.0114519 0.0242519 0.339785 0.0691608 0.101676
9.9973E-05 0.0167875 0.0920801 0.331143 0.19668 9.9973E-05 0.0506598 0.267797 9.9973E-05 0.0445535
9.9982E-05 0.187271 0.00369428 0.391282 0.0678464 0.0672773 0.0171656 0.0768196 9.9982E-05 0.188444
0.018355 0.0364077 0.0400195 0.220342 0.102824 0.0336573 0.03848 0.24731 9.9991E-05 0.262505
0.0437513 0.201776 0.0723067 0.245154 0.161695 0.0634792 0.0899374 0.121701 9.9982E-05 9.9982E-05
9.9982E-05 0.0878897 0.045457 0.18968 0.0451135 0.0366539 0.0800489 0.313978 9.9982E-05 0.200978
9.9964E-05 0.0791369 0.258633 0.321811 0.0888079 9.9964E-05 0.115098 0.136114 9.9964E-05 9.9964E-05
0.00904902 0.175362 0.0793596 0.144427 9.9964E-05 0.0739283 9.9964E-05 0.517474 9.9964E-05 9.9964E-05
9.9973E-05 0.157404 0.145976 0.243056 0.065523 0.0726622 9.9973E-05 0.278457 9.9973E-05 0.0366228
9.9973E-05 0.0271088 9.9973E-05 0.275544 0.150596 0.00581207 9.9973E-05 0.405661 0.0270017 0.107977
9.9946E-05 9.9946E-05 9.9946E-05 0.0661956 0.75921 9.9946E-05 9.9946E-05 9.9946E-05 0.0793618 0.094633
9.9964E-05 0.0430749 0.0105987 9.9964E-05 0.78174 0.0513419 0.00767962 9.9964E-05 9.9964E-05 0.105165
9.9955E-05 0.0723359 9.9955E-05 9.9955E-05 0.812041 0.0768463 0.00216122 9.9955E-05 9.9955E-05 0.0361153
9.9964E-05 0.0314951 0.0045493 9.9964E-05 0.879389 0.0442331 9.9964E-05 0.0243712 0.0155624 9.9964E-05
9.9955E-05 0.0374153 9.9955E-05 9.9955E-05 0.727321 0.126752 9.9955E-05 9.9955E-05 0.056567 0.0514447
9.9955E-05 0.0853163 0.0238771 9.9955E-05 0.721614 0.101538 9.9955E-05 9.9955E-05 9.9955E-05 0.0671549
9.9964E-05 0.0237294 0.0795141 9.9964E-05 0.815864 0.0590056 9.9964E-05 0.0178352 9.9964E-05 0.00365183
0.0673225 0.0797192 9.9964E-05 9.9964E-05 0.733576 0.0497512 9.9964E-05 0.0243834 9.9964E-05 0.044848
9.9964E-05 0.0864859 0.0191597 9.9964E-05 0.812426 0.00802723 0.0175339 0.0559672 9.9964E-05 9.9964E-05
9.9946E-05 0.102223 9.9946E-05 9.9946E-05 0.769033 0.00575241 9.9946E-05 9.9946E-05 9.9946E-05 0.122392
0.0562456 9.9964E-05 0.0145149 9.9964E-05 0.568734 0.0624165 0.0967862 9.9964E-05 0.200903 9.9964E-05
0.0291269 9.9964E-05 9.9964E-05 9.9964E-05 0.537659 0.0385376 0.0640857 9.9964E-05 0.286202 0.0439882
0.0417212 0.0978396 9.9973E-05 0.0137394 0.477341 0.0149889 0.0516658 9.9973E-05 0.302404 9.9973E-05
0.0215309 9.9955E-05 9.9955E-05 0.084219 0.479027 9.9955E-05 0.131314 9.9955E-05 0.283409 9.9955E-05
9.9964E-05 9.9964E-05 0.0432732 9.9964E-05 0.0877955 0.0228013 0.218077 0.529008 0.0986454 9.9964E-05
0.0143037 9.9982E-05 0.0252828 0.0374517 0.0330979 9.9982E-05 0.251705 0.502486 0.0628609 0.0726115
9.9964E-05 9.9964E-05 0.0636356 0.0379189 0.0713917 9.9964E-05 0.104321 0.5867 0.135632 9.9964E-05
0.00499092 0.104167 9.9964E-05 9.9964E-05 9.9964E-05 0.0479312 0.169527 0.451588 0.221396 9.9964E-05
9.9973E-05 9.9973E-05 0.0280241 0.102679 9.9973E-05 0.00720467 0.17482 0.130572 0.539614 0.0167867
0.0430742 9.9982E-05 9.9982E-05 0.0161565 0.0615402 0.00701552 0.184918 0.576633 0.00222632 0.108237
9.9946E-05 0.044816 9.9946E-05 9.9946E-05 9.9946E-05 9.9946E-05 0.312207 0.563886 0.0784914 9.9946E-05
9.9973E-05 0.0260355 9.9973E-05 0.0451492 9.9973E-05 0.00699703 0.212513 0.52839 0.156432 0.0241828
9.9964E-05 9.9964E-05 0.0587027 0.0474698 9.9964E-05 9.9964E-05 0.490892 0.331357 0.0480633 0.0231148
9.9973E-05 0.0359284 0.0145612 9.9973E-05 0.0862615 0.027284 0.0898971 0.666813 0.0789544 9.9973E-05
0.00318906 9.9973E-05 9.9973E-05 0.000259729 9.9973E-05 0.0289175 0.416523 0.424627 0.0797586 0.0464248
0.135217 9.9955E-05 9.9955E-05 9.9955E-05 0.00992568 0.0160461 0.784978 9.9955E-05 0.0533332 9.9955E-05
0.0897024 0.120717 0.0267151 0.0151088 9.9991E-05 0.0170812 0.0707623 0.551675 0.098507 0.00963166
0.0999174 0.0926065 0.0355192 0.0428093 9.9964E-05 9.9964E-05 0.5125 0.216248 9.9964E-05 9.9964E-05
0.0182283 9.9955E-05 0.0395613 9.9955E-05 9.9955E-05 0.0363818 0.347632 0.557697 9.9955E-05 9.9955E-05
9.9955E-05 9.9955E-05 9.9955E-05 9.9955E-05 0.0543146 9.9955E-05 0.72204 0.0276817 0.154862 0.0406018
9.9946E-05 9.9946E-05 9.9946E-05 0.257516 0.117657 0.00124246 9.9946E-05 9.9946E-05 0.622985 9.9946E-05
9.9955E-05 9.9955E-05 0.0062376 0.279363 0.103965 9.9955E-05 9.9955E-05 0.013962 0.595972 9.9955E-05
9.9946E-05 9.9946E-05 9.9946E-05 0.194342 0.0475687 0.0256402 9.9946E-05 9.9946E-05 0.731849 9.9946E-05
9.9946E-05 9.9946E-05 9.9946E-05 0.204589 0.105711 9.9946E-05 0.00298669 9.9946E-05 0.686114 9.9946E-05
9.9955E-05 9.9955E-05 0.0459619 0.195247 9.9955E-05 0.00635423 9.9955E-05 0.0248335 0.727104 9.9955E-05
9.9955E-05 9.9955E-05 9.9955E-05 0.0614839 0.0339761 9.9955E-05 9.9955E-05 0.0984117 0.760163 0.0454657
9.9955E-05 0.0281233 9.9955E-05 9.9955E-05 0.767587 0.0831871 9.9955E-05 0.00779774 9.9955E-05 0.112805
9.9964E-05 0.0154332 9.9964E-05 9.9964E-05 0.708597 0.0148862 9.9964E-05 0.0136073 0.100917 0.14616
9.9964E-05 0.0228425 0.0823819 9.9964E-05 0.652112 0.0447241 9.9964E-05 0.0906712 9.9964E-05 0.106869
9.9964E-05 0.00252054 0.0781239 9.9964E-05 0.65658 0.0779551 9.9964E-05 9.9964E-05 0.0761573 0.108263
9.9964E-05 0.00355693 0.112838 0.0412194 0.750536 9.9964E-05 9.9964E-05 0.071547 0.0199027 9.9964E-05
9.9955E-05 9.9955E-05 9.9955E-05 0.0901114 0.329131 0.074408 0.0160687 9.9955E-05 0.489781 9.9955E-05
9.9946E-05 9.9946E-05 9.9946E-05 0.0925608 0.476336 9.9946E-05 0.0814043 9.9946E-05 0.349099 9.9946E-05
0.100654 9.9946E-05 9.9946E-05 9.9946E-05 0.390889 0.0430253 9.9946E-05 9.9946E-05 0.464832 9.9946E-05
9.99201E-05 9.99201E-05 9.99201E-05 9.99201E-05 9.99201E-05 0.999101 9.99201E-05 9.99201E-05 9.99201E-05 9.99201E-05
9.9964E-05 9.9964E-05 0.00798408 0.0650686 0.364112 0.0607294 0.067083 9.9964E-05 0.434623 9.9964E-05
9.9955E-05 0.237279 0.134998 9.9955E-05 0.0704148 9.9955E-05 9.9955E-05 0.203105 9.9955E-05 0.353704
9.9973E-05 0.00850202 0.201631 0.102523 0.124106 0.02108 9.9973E-05 0.46921 9.9973E-05 0.0726484
9.9955E-05 9.9955E-05 0.187239 9.9955E-05 0.121689 0.0475297 9.9955E-05 0.48331 9.9955E-05 0.159733
9.9982E-05 0.024764 0.172242 0.155599 0.167974 0.0303334 0.0788256 0.172424 9.9982E-05 0.197638
0.0239672 9.9991E-05 0.07864 0.0703466 0.0965804 0.0351826 0.100377 0.283963 0.0523191 0.258525
9.9955E-05 0.312499 0.124888 0.0462152 0.335091 9.9955E-05 9.9955E-05 9.9955E-05 9.9955E-05 0.180807
0.150869 0.0189323 9.9973E-05 0.0501567 9.9973E-05 9.9973E-05 0.0146318 0.44401 0.291845 0.0292562
0.206197 0.211337 9.9955E-05 9.9955E-05 9.9955E-05 9.9955E-05 0.0286786 0.36587 0.187417 9.9955E-05
0.0307151 0.0324095 9.9964E-05 9.9964E-05 0.068914 0.0372036 9.9964E-05 0.338594 0.491764 9.9964E-05
0.248636 0.0227195 9.9973E-05 0.0318934 0.0138296 9.9973E-05 0.0105746 0.513913 0.158133 9.9973E-05
0.342299 0.213781 9.9955E-05 0.0168538 9.9955E-05 9.9955E-05 0.240387 9.9955E-05 0.18618 9.9955E-05
0.0185775 0.246912 0.035526 9.9982E-05 0.0592672 0.0139372 0.0133769 0.604012 0.00819107 9.9982E-05
0.125648 0.097718 9.9982E-05 9.9982E-05 0.0137817 0.0241207 0.0614843 0.49189 0.162391 0.0227658
0.0567059 0.0353643 9.9982E-05 0.0138319 0.0286924 0.0395283 0.108801 0.330283 0.386594 9.9982E-05
0.0960352 9.9982E-05 0.0082796 9.9982E-05 0.0979515 0.0126683 0.0788272 0.457446 0.166498 0.0820939
0.181165 0.267368 9.9973E-05 0.00978263 9.9973E-05 9.9973E-05 0.205749 0.127969 0.20095 0.00671702
0.139413 0.134526 0.105522 0.136243 0.000489391 9.9982E-05 0.064681 0.378981 0.0399449 9.9982E-05
0.055397 0.0430329 9.9955E-05 9.9955E-05 9.9955E-05 0.0397666 9.9955E-05 0.610782 0.250521 9.9955E-05
0.0334078 0.053189 0.116474 0.0563583 0.0509763 9.9991E-05 0.073926 0.343844 0.0324765 0.239248
0.148478 0.0679627 9.9964E-05 0.078051 9.9964E-05 9.9964E-05 0.028631 0.419348 0.25713 9.9964E-05
0.0818902 0.126718 9.9955E-05 9.9955E-05 9.9955E-05 9.9955E-05 0.0328295 0.501198 0.256865 9.9955E-05
0.140219 0.0672291 0.0915565 0.111394 9.9973E-05 9.9973E-05 0.0403414 0.450855 0.0981047 9.9973E-05
0.00847678 0.0674142 9.9964E-05 9.9964E-05 9.9964E-05 9.9964E-05 0.135374 0.530955 0.196819 0.060561
0.0750253 0.027461 0.0610183 0.0125848 9.9973E-05 0.0283488 9.9973E-05 0.646174 0.149088 9.9973E-05
9.9982E-05 0.140943 0.0307139 9.9982E-05 0.0971737 0.0287919 0.041415 0.502167 0.127825 0.0307712
0.0400873 0.0803178 9.9991E-05 0.0602726 0.0130893 0.0746099 0.109963 0.420732 0.0967257 0.104103
9.9937E-05 9.9937E-05 0.163231 9.9937E-05 0.762515 9.9937E-05 9.9937E-05 0.0735541 9.9937E-05 9.9937E-05
0.0144847 9.9964E-05 0.0469061 9.9964E-05 0.783857 9.9964E-05 0.060297 0.021039 9.9964E-05 0.0730165
9.9982E-05 0.0649112 0.0142366 0.0274586 0.730981 9.9982E-05 0.0639344 0.0352758 0.0234858 0.039517
0.0360334 9.9955E-05 9.9955E-05 9.9955E-05 0.748333 0.0158709 0.0505554 9.9955E-05 9.9955E-05 0.148707
9.9955E-05 9.9955E-05 0.0422277 0.0237594 0.772414 0.0378584 9.9955E-05 0.123241 9.9955E-05 9.9955E-05
9.9973E-05 0.0747635 0.0145945 9.9973E-05 0.0103895 9.9973E-05 0.117004 0.209938 0.517024 0.0559864
0.123684 0.0148709 0.073988 0.0581449 0.0844353 0.0147765 0.155539 0.453964 0.0204971 9.9991E-05
0.0690168 0.0296427 0.0609439 0.207443 0.148423 0.0288258 0.024941 0.313022 9.9991E-05 0.117642
0.0417912 0.0349467 9.9982E-05 9.9982E-05 0.0423064 0.0211674 0.0578122 0.705672 0.0709275 0.0251764
0.117941 0.0440492 9.9973E-05 9.9973E-05 0.0746579 0.0070213 0.0501166 0.552137 0.153777 9.9973E-05
0.168622 0.204188 0.015822 0.0917017 9.9973E-05 0.032868 9.9973E-05 0.251241 0.235258 9.9973E-05
9.9973E-05 0.146707 9.9973E-05 0.0224881 0.0790069 0.0460244 0.210008 0.0232237 0.472242 9.9973E-05
0.0306511 9.9991E-05 0.0741373 0.0895428 0.0442541 0.0176652 0.0539156 0.461771 0.226881 0.00108185
0.196936 9.9982E-05 0.0865351 0.139589 0.029293 0.0161689 0.0432802 0.128903 0.359095 9.9982E-05
0.0944359 0.108903 9.9982E-05 0.0284898 9.9982E-05 0.0062063 0.106431 0.358841 0.156383 0.14011
0.144921 0.0107081 9.9982E-05 9.9982E-05 0.121917 0.0202373 0.077656 0.133608 0.45938 0.0313727
0.013725 9.9973E-05 0.0566045 9.9973E-05 0.0441656 0.0149827 9.9973E-05 0.544723 0.201394 0.124105
0.0697985 0.0447333 9.9973E-05 9.9973E-05 0.0826649 0.0289977 0.0986596 0.173627 0.501219 9.9973E-05
0.100293 0.0326834 0.0340743 0.0728263 9.9982E-05 9.9982E-05 0.0349144 0.352032 0.30329 0.069686
0.0285024 0.0921005 0.0495689 0.278403 9.9964E-05 9.9964E-05 9.9964E-05 0.397552 0.153474 9.9964E-05
0.106505 0.00741894 0.0274179 0.602162 0.0140983 9.9973E-05 9.9973E-05 0.239602 0.00249604 9.9973E-05
0.0226982 9.9964E-05 9.9964E-05 0.432654 0.0577909 0.0107138 9.9964E-05 0.442704 9.9964E-05 0.0330395
9.9973E-05 0.0293383 9.9973E-05 0.114425 0.0665016 0.00885957 0.183071 0.376515 9.9973E-05 0.22099
0.139528 0.0281095 0.0119444 0.469657 9.9964E-05 9.9964E-05 9.9964E-05 0.318212 0.0321488 9.9964E-05
0.102895 9.9982E-05 0.0737322 0.164295 0.00214794 0.0836672 9.9982E-05 0.352022 0.0821484 0.138892
0.0831641 0.0777818 9.9973E-05 0.242419 0.0140515 9.9973E-05 0.0238147 0.538269 9.9973E-05 0.0202002
0.272776 0.0348752 9.9964E-05 0.563184 9.9964E-05 9.9964E-05 0.0450496 0.0178814 0.065834 9.9964E-05
0.0760663 0.123645 9.9955E-05 0.555804 9.9955E-05 9.9955E-05 0.0411487 0.202836 9.9955E-05 9.9955E-05
0.115442 9.9955E-05 9.9955E-05 0.442484 9.9955E-05 0.0246513 9.9955E-05 0.371417 9.9955E-05 0.0455064
0.146746 0.0224417 9.9973E-05 0.542313 9.9973E-05 0.00634219 0.194278 0.0497266 0.0378528 9.9973E-05
9.9955E-05 0.097924 9.9955E-05 0.281946 9.9955E-05 9.9955E-05 0.0990907 0.462594 0.0579457 9.9955E-05
0.0244584 0.126768 9.9964E-05 9.9964E-05 9.9964E-05 9.9964E-05 0.153483 0.0853363 0.553695 0.0558591
0.277493 0.0527174 0.0107226 9.9964E-05 9.9964E-05 9.9964E-05 0.0822895 0.252417 0.323961 9.9964E-05
0.117358 9.9964E-05 0.0239397 9.9964E-05 9.9964E-05 9.9964E-05 0.020608 0.34628 0.439727 0.0516879
9.9973E-05 0.0529329 0.0266217 9.9973E-05 9.9973E-05 0.0137752 0.0143923 0.56643 0.212119 0.113429
9.9955E-05 9.9955E-05 0.029555 0.0549514 9.9955E-05 9.9955E-05 0.19661 0.257035 0.461349 9.9955E-05
0.0762779 0.0997981 0.0836677 9.9982E-05 9.9982E-05 0.0592027 0.0871712 0.407281 0.13707 0.0493314
9.9964E-05 0.0509747 0.12036 0.0717632 9.9964E-05 0.0330254 9.9964E-05 0.570952 0.152525 9.9964E-05
9.9973E-05 0.0663365 0.0582279 9.9973E-05 9.9973E-05 0.0255019 0.0669752 0.501868 0.267497 0.0132934
0.0613038 9.9964E-05 0.091615 9.9964E-05 9.9964E-05 0.0614739 0.0475366 0.490427 0.247243 9.9964E-05
0.1096 9.9982E-05 0.0530269 0.0219691 0.0260464 9.9982E-05 0.0332711 0.469018 0.269619 0.0172493
0.0628554 0.0648387 0.0782728 9.9964E-05 9.9964E-05 9.9964E-05 0.0954329 0.269161 0.429039 9.9964E-05
0.11689 9.9964E-05 0.0720021 9.9964E-05 9.9964E-05 9.9964E-05 0.0185294 0.325992 0.45323 0.0129564
0.14404 0.00865685 0.0301208 9.9973E-05 9.9973E-05 0.00361003 9.9973E-05 0.62632 0.143752 0.0432007
9.9973E-05 0.0433962 0.0777446 9.9973E-05 0.0256303 9.9973E-05 0.0772885 0.526587 0.209739 0.0393148
0.127889 0.154378 9.9973E-05 9.9973E-05 9.9973E-05 0.0114605 0.0289077 0.42091 0.253981 0.00217344
0.111259 0.0121655 0.115696 0.0396187 9.9982E-05 0.00128232 0.0138493 0.503675 0.202254 9.9982E-05
9.9964E-05 0.108706 0.0494996 0.0686302 9.9964E-05 0.0407011 9.9964E-05 0.370376 0.361687 9.9964E-05
0.00842791 9.9955E-05 9.9955E-05 0.0109261 9.9955E-05 9.9955E-05 9.9955E-05 0.595005 0.252676 0.132465
0.0163011 0.00826031 0.0968034 0.0799172 0.0647459 9.9991E-05 0.0377292 0.496865 0.193572 0.00570618
0.138651 0.0116594 9.9982E-05 0.0182775 0.0245691 9.9982E-05 0.0436934 0.388418 0.124895 0.249637
9.9973E-05 0.100049 0.00932004 9.9973E-05 0.240451 0.0478738 0.025705 0.369016 9.9973E-05 0.207285
0.0192466 0.0439159 0.0861058 0.0576855 0.0943101 9.9982E-05 0.0559248 0.395384 9.9982E-05 0.247227
0.0551247 0.105139 0.0623249 9.9991E-05 0.015392 0.0729031 0.0650365 0.461387 0.0102418 0.152351
0.0923378 0.0484056 0.108781 0.0208214 9.9982E-05 0.0528016 0.0490848 0.590935 0.0366328 9.9982E-05
0.0746493 0.0515302 0.0958859 9.9991E-05 0.0770711 0.0255737 0.0458912 0.365363 0.0322163 0.231719
0.212168 0.0753669 0.0905114 0.0421905 9.9982E-05 0.00512314 0.0660814 0.355025 0.153333 9.9982E-05
9.9991E-05 0.0429225 0.0111379 0.0853769 0.114226 0.0711635 0.0321225 0.413787 0.0248137 0.20435
9.9973E-05 0.414262 0.018828 0.177964 0.127537 9.9973E-05 0.17833 0.0182578 9.9973E-05 0.0645218
9.9973E-05 0.0758171 0.130345 9.9973E-05 0.0444806 0.011951 9.9973E-05 0.425471 0.124699 0.186936
0.115655 9.9973E-05 0.0546991 9.9973E-05 0.0879462 9.9973E-05 0.0701767 0.557331 0.0358588 0.0780328
0.0965724 0.0844926 0.285491 9.9973E-05 9.9973E-05 0.0254279 0.00805789 0.409638 0.0900205 9.9973E-05
0.0429013 0.322634 0.0636509 0.0606018 0.0753609 0.000722637 0.037405 0.366537 0.0250084 0.00517822
9.9973E-05 0.0992203 0.0391948 0.0581378 0.157728 9.9973E-05 0.00676768 0.473577 9.9973E-05 0.165074
0.0106913 0.0475092 0.0782104 0.0427658 0.0957413 0.029403 9.9982E-05 0.565822 9.9982E-05 0.129657
0.0374854 0.480301 0.119848 9.9973E-05 0.271268 0.0572489 0.0252063 9.9973E-05 9.9973E-05 0.00834353
0.00941817 0.0879918 0.192984 9.9982E-05 0.0503903 0.0819835 0.0319134 0.366231 9.9982E-05 0.178887
0.0589853 0.130526 0.178737 9.9973E-05 0.0563771 9.9973E-05 9.9973E-05 0.353445 0.00572067 0.215909
9.9982E-05 0.0604186 0.10105 0.00194348 0.0636193 9.9982E-05 0.129032 0.512525 0.00930638 0.121905
9.9982E-05 0.0867639 0.0153832 0.0194026 0.112517 0.0102722 9.9982E-05 0.449669 0.00398101 0.301811
0.0803638 0.00426715 0.0395317 0.065061 0.147878 0.0718459 9.9982E-05 0.504428 9.9982E-05 0.0864243
0.420152 9.9964E-05 0.0341061 9.9964E-05 9.9964E-05 0.0416295 0.0663878 0.333863 9.9964E-05 0.103462
0.114474 0.031198 0.0019898 0.0717683 9.9991E-05 0.0249839 0.0149341 0.339935 0.103102 0.297516
0.802197 9.9946E-05 0.00821801 9.9946E-05 9.9946E-05 9.9946E-05 0.149647 9.9946E-05 0.0393383 9.9946E-05
0.944731 9.9928E-05 9.9928E-05 9.9928E-05 9.9928E-05 9.9928E-05 9.9928E-05 9.9928E-05 0.0544698 9.9928E-05
0.327492 9.9964E-05 9.9964E-05 9.9964E-05 0.102075 0.00553823 9.9964E-05 0.448376 0.00615019 0.109969
0.0542013 0.129281 0.139769 0.0251418 0.101857 9.9973E-05 9.9973E-05 0.373605 9.9973E-05 0.175845
0.245511 0.0442786 0.0466442 9.9955E-05 9.9955E-05 9.9955E-05 9.9955E-05 0.100009 9.9955E-05 0.563057
0.150084 0.230788 0.0956122 0.0124478 0.100731 0.00748861 9.9991E-05 0.140965 0.0104137 0.25137
0.184758 0.0927394 9.9964E-05 9.9964E-05 0.0124094 0.0484579 9.9964E-05 0.151407 9.9964E-05 0.509829
0.665249 0.197673 0.0341602 0.00684253 0.0386775 0.00633955 9.9982E-05 0.0138349 9.9982E-05 0.0370231
0.634479 0.150675 9.9955E-05 9.9955E-05 9.9955E-05 0.0299451 9.9955E-05 0.0429128 9.9955E-05 0.141488
0.377394 9.9955E-05 0.0193839 9.9955E-05 9.9955E-05 0.0353059 9.9955E-05 0.412375 9.9955E-05 0.155042
0.461138 9.9946E-05 0.00625801 9.9946E-05 9.9946E-05 9.9946E-05 9.9946E-05 0.343141 9.9946E-05 0.188863
0.699867 9.9937E-05 9.9937E-05 9.9937E-05 9.9937E-05 0.0460976 9.9937E-05 9.9937E-05 9.9937E-05 0.253336
0.292976 9.9973E-05 0.00555573 0.00443738 0.02933 9.9973E-05 0.0179661 0.351444 9.9973E-05 0.297991
0.347583 0.0127132 0.109719 9.9964E-05 0.0384662 9.9964E-05 9.9964E-05 0.412579 9.9964E-05 0.0785392
0.163791 0.0204663 0.0811449 9.9982E-05 0.0276782 9.9982E-05 0.14536 0.355013 0.00597246 0.200375
0.582041 9.9973E-05 9.9973E-05 9.9973E-05 0.0194835 0.00129886 0.0356509 0.300903 0.0506142 0.00970852
0.528378 9.9973E-05 0.0592817 0.100224 9.9973E-05 0.0257319 0.0369142 0.229704 0.0194669 9.9973E-05
0.205718 0.00212035 0.0863676 0.0887676 0.0401676 0.0133065 9.9991E-05 0.402813 0.082891 0.0777491
0.333752 0.0153793 9.9991E-05 0.0408494 0.0321074 0.0140116 0.00288748 0.313004 0.114339 0.133569
0.0761913 0.0541899 9.9982E-05 0.10626 0.0874241 9.9982E-05 0.0576492 0.405762 0.0590777 0.153245
0.360953 0.117219 9.99459E-05 0.0637966 9.99459E-05 9.99459E-05 9.99459E-05 0.457432 9.99459E-05 9.99459E-05
0.733068 9.9946E-05 9.9946E-05 0.0514228 9.9946E-05 9.9946E-05 9.9946E-05 0.163348 0.0515608 9.9946E-05
0.323829 9.9955E-05 9.9955E-05 0.00047604 0.0694549 9.9955E-05 0.0239651 0.581775 9.9955E-05 9.9955E-05
0.710183 9.9964E-05 0.0224049 0.0383663 9.9964E-05 9.9964E-05 0.0656247 0.142117 0.0209042 9.9964E-05
0.498308 9.9955E-05 0.040588 0.00660969 9.9955E-05 0.0886175 9.9955E-05 0.365377 9.9955E-05 9.9955E-05
0.214465 9.9973E-05 9.9973E-05 9.9973E-05 0.0770007 0.0318464 0.0091407 0.5541 0.0385382 0.0746094
0.335323 9.9955E-05 9.9955E-05 0.0250317 0.0969387 9.9955E-05 9.9955E-05 0.456122 0.0860842 9.9955E-05
0.0950434 0.00821991 0.0251748 0.0459132 0.115968 0.0409736 0.00108649 0.324958 0.0399949 0.302668
0.0811446 9.9982E-05 0.10898 0.13142 0.158255 0.00668151 9.9982E-05 0.40137 0.0599713 0.0519774
0.0752316 0.0458314 0.129072 0.104527 0.0457168 0.00782255 0.0371962 0.124808 0.0689619 0.360832
0.0597407 0.065309 0.11483 0.122387 0.139732 0.0552196 9.9991E-05 0.264946 0.0969925 0.0807432
9.9964E-05 9.9964E-05 9.9964E-05 0.0914241 0.146677 9.9964E-05 0.0949577 0.28371 0.0637174 0.319113
0.130429 0.0270736 0.102789 9.9973E-05 0.102554 9.9973E-05 9.9973E-05 0.333542 0.0715802 0.231733
0.613275 0.0419035 0.0596263 0.0144065 0.174144 0.0194537 9.9973E-05 9.9973E-05 9.9973E-05 0.0768915
0.0784802 9.9982E-05 0.12708 0.0533657 0.0168274 0.0295972 9.9982E-05 0.441945 0.0168235 0.235681
0.425055 0.205422 0.0681842 9.9946E-05 0.300739 9.9946E-05 9.9946E-05 9.9946E-05 9.9946E-05 9.9946E-05
0.269582 9.9955E-05 0.0836994 9.9955E-05 0.0353896 9.9955E-05 9.9955E-05 0.370404 9.9955E-05 0.240425
0.717234 0.0375495 9.9955E-05 0.000293255 9.9955E-05 9.9955E-05 0.199439 0.0449845 9.9955E-05 9.9955E-05
0.912761 9.9937E-05 9.9937E-05 9.9937E-05 9.9937E-05 0.0116267 0.0749129 9.9937E-05 9.9937E-05 9.9937E-05
0.479977 9.9964E-05 9.9964E-05 9.9964E-05 9.9964E-05 0.0326521 0.0489315 0.417984 0.000616531 0.0194383
