9.9955E-05 9.9955E-05 0.877873 9.9955E-05 0.0436775 9.9955E-05 0.0125351 0.0398918 9.9955E-05 0.0255232
9.9955E-05 9.9955E-05 0.907986 0.00475131 9.9955E-05 0.021931 9.9955E-05 0.0316019 9.9955E-05 0.0332302
9.9946E-05 9.9946E-05 0.767528 9.9946E-05 0.168343 9.9946E-05 0.0168206 0.0467087 9.9946E-05 9.9946E-05
9.9964E-05 0.0701537 0.697532 9.9964E-05 0.0212057 9.9964E-05 0.0116703 0.0930305 0.106008 9.9964E-05
9.9955E-05 9.9955E-05 0.822972 9.9955E-05 0.0492251 0.0148189 0.0326389 9.9955E-05 0.0798455 9.9955E-05
9.9946E-05 9.9946E-05 0.515955 0.364056 9.9946E-05 9.9946E-05 9.9946E-05 0.016283 0.103106 9.9946E-05
9.9937E-05 9.9937E-05 0.73628 0.206377 9.9937E-05 9.9937E-05 9.9937E-05 0.0566433 9.9937E-05 9.9937E-05
9.9955E-05 9.9955E-05 0.686971 0.233207 9.9955E-05 9.9955E-05 0.0314243 0.0192626 0.0286358 9.9955E-05
0.0755618 0.0498025 0.764337 9.99639E-05 9.99639E-05 9.99639E-05 0.0436295 0.0179128 9.99639E-05 0.0483561
9.9964E-05 0.00536059 0.644524 0.201875 9.9964E-05 0.0307622 9.9964E-05 0.0225783 0.0945002 9.9964E-05
9.9946E-05 0.0251459 0.739863 0.206714 9.9946E-05 9.9946E-05 0.0276775 9.9946E-05 9.9946E-05 9.9946E-05
9.9955E-05 0.635955 9.9955E-05 0.0498871 0.147919 9.9955E-05 9.9955E-05 9.9955E-05 0.117069 0.04867
0.00757025 0.288895 9.9973E-05 9.9973E-05 0.557326 0.0407436 0.0252921 0.0505737 0.0292993 9.9973E-05
0.119674 0.453174 9.9982E-05 0.0397997 0.241921 0.0802568 0.00922596 0.0401505 0.0155989 9.9982E-05
0.0222773 0.425936 0.0398589 9.9973E-05 0.303628 0.0285729 9.9973E-05 9.9973E-05 0.11048 0.0689472
9.9973E-05 0.360436 0.0882146 0.0917431 0.23015 9.9973E-05 9.9973E-05 0.000976222 0.217921 0.0102598
0.0609769 0.0815094 0.0618814 9.9973E-05 0.571171 9.9973E-05 0.0234785 9.9973E-05 0.0748729 0.12581
9.9964E-05 0.258253 9.9964E-05 0.10262 0.346058 9.9964E-05 9.9964E-05 0.0408367 0.0853141 0.166518
0.0794998 0.447472 0.111695 9.9955E-05 0.346168 9.9955E-05 9.9955E-05 9.9955E-05 9.9955E-05 0.0146643
9.9946E-05 0.678144 0.0558778 0.259815 9.9946E-05 9.9946E-05 9.9946E-05 9.9946E-05 0.00556386 9.9946E-05
0.0714173 0.185288 0.0444455 0.0598383 0.313763 0.0437306 0.0528382 0.0192051 0.0650308 0.144443
0.171095 0.1635 9.9973E-05 0.112946 0.461703 0.00747066 0.0199268 9.9973E-05 9.9973E-05 0.0630581
9.9982E-05 0.109585 0.104046 0.0432631 0.483552 0.016209 0.0481769 9.9982E-05 0.0284168 0.166552
9.9973E-05 0.358806 9.9973E-05 0.0951445 0.23111 0.000932815 9.9973E-05 0.0582907 0.0984955 0.156921
9.9973E-05 0.11962 0.0378361 0.0789831 0.653443 9.9973E-05 9.9973E-05 0.0419563 0.0415022 0.0263588
0.0336329 0.266021 0.0901661 0.0186062 0.54186 0.0107408 9.9982E-05 0.00103773 9.9982E-05 0.0377359
9.9964E-05 0.627103 9.9964E-05 0.0678534 0.112228 9.9964E-05 9.9964E-05 0.0358883 0.128092 0.028436
0.0475239 0.548345 0.0226573 0.0874854 0.106706 9.9973E-05 9.9973E-05 9.9973E-05 0.175461 0.0115215
9.9973E-05 0.479499 0.0434855 0.0920081 0.190868 0.0690976 9.9973E-05 9.9973E-05 0.046114 0.078629
9.99201E-05 9.99201E-05 9.99201E-05 9.99201E-05 9.99201E-05 9.99201E-05 9.99201E-05 0.999101 9.99201E-05 9.99201E-05
9.99201E-05 9.99201E-05 9.99201E-05 9.99201E-05 9.99201E-05 9.99201E-05 9.99201E-05 0.999101 9.99201E-05 9.99201E-05
9.9955E-05 0.0271979 0.496762 9.9955E-05 0.134542 9.9955E-05 9.9955E-05 0.333156 0.00784206 9.9955E-05
0.011406 9.9964E-05 0.5397 9.9964E-05 0.0530865 9.9964E-05 9.9964E-05 0.243654 0.0978415 0.0539123
9.9973E-05 0.0651442 9.9973E-05 0.161218 0.522631 0.0458465 0.0273261 0.0141939 9.9973E-05 0.16334
9.9973E-05 0.0981139 0.0671988 0.012804 0.552487 9.9973E-05 9.9973E-05 0.0183371 0.0286134 0.222146
9.9955E-05 9.9955E-05 0.00469765 0.0951172 0.529399 9.9955E-05 9.9955E-05 0.0198475 9.9955E-05 0.350439
9.9982E-05 0.592968 0.102573 0.0447331 0.120452 0.0269943 9.9982E-05 0.00936934 0.011962 0.0907488
9.9946E-05 9.9946E-05 9.9946E-05 9.9946E-05 0.294473 9.9946E-05 9.9946E-05 0.0275675 0.0153706 0.661989
0.0402134 0.113647 0.0267599 9.9973E-05 0.540741 0.026788 9.9973E-05 0.0442943 9.9973E-05 0.207256
9.9973E-05 9.9973E-05 0.0222647 0.110962 0.662821 0.0623258 0.0175886 0.0421562 9.9973E-05 0.0815815
9.9973E-05 9.9973E-05 0.0644627 0.30771 0.466956 9.9973E-05 0.0124017 0.0205705 0.0429826 0.0846175
9.9964E-05 0.0493171 0.0886639 0.23791 0.56097 9.9964E-05 0.0213951 0.0413445 9.9964E-05 9.9964E-05
0.0113572 0.0984366 9.9964E-05 9.9964E-05 0.134213 9.9964E-05 0.0403821 0.0377282 9.9964E-05 0.677483
0.0138439 0.0288773 0.0403916 0.289442 0.561348 9.9973E-05 9.9973E-05 9.9973E-05 0.0187654 0.0470321
0.00291148 0.0351198 0.056443 0.0601444 0.558553 0.0258262 9.9991E-05 0.0243767 0.0648822 0.171643
0.127888 0.0217102 0.0293639 0.0025115 0.472327 9.9991E-05 0.101655 0.0178259 0.0765883 0.15003
9.9937E-05 9.9937E-05 9.9937E-05 9.9937E-05 0.315816 0.0797539 9.9937E-05 9.9937E-05 9.9937E-05 0.603731
9.9946E-05 9.9946E-05 9.9946E-05 9.9946E-05 0.56738 9.9946E-05 0.0381633 0.0509054 9.9946E-05 0.342951
0.0440828 9.9982E-05 0.0230242 0.0409347 0.565997 0.0992228 9.9982E-05 0.0540912 0.00531226 0.167135
0.11432 0.00745025 0.0535549 0.0771279 9.9964E-05 0.0214362 9.9964E-05 9.9964E-05 9.9964E-05 0.725711
0.0517336 0.460601 9.9982E-05 0.0562777 0.120861 0.0493078 0.0181791 0.00823419 9.9982E-05 0.234605
0.228552 0.165992 9.9973E-05 0.106934 0.0422253 0.148256 0.0345628 9.9973E-05 9.9973E-05 0.273179
9.9982E-05 0.123063 0.0735872 0.0409191 0.556128 9.9982E-05 0.0696784 0.0418782 0.0822299 0.012316
0.0406909 0.077933 0.126775 0.0390558 0.624504 0.0539595 9.9973E-05 9.9973E-05 0.0367815 9.9973E-05
0.0219164 0.0118565 0.014487 0.158009 0.605806 0.0388673 0.0385993 0.0140631 0.0505773 0.0458182
0.0130471 0.374506 0.0460791 0.0562414 0.0582393 0.119834 0.0499844 0.067745 9.9991E-05 0.214224
0.0221469 0.279172 9.9955E-05 9.9955E-05 0.587883 9.9955E-05 0.0627373 0.0475619 9.9955E-05 9.9955E-05
0.0804049 0.184509 0.0459837 0.13518 0.503107 9.9973E-05 9.9973E-05 9.9973E-05 0.0399374 0.0105784
0.0616794 0.21454 0.124037 0.108583 0.231586 0.0264087 9.9991E-05 0.0305246 0.032056 0.170485
0.1747 0.260149 0.120489 0.0737729 0.0602467 9.9991E-05 0.11706 0.0426324 0.0259961 0.124855
0.0608513 0.00769261 9.9973E-05 0.0338827 0.530551 9.9973E-05 0.0760027 0.0879634 9.9973E-05 0.202756
0.108525 0.264737 0.0499339 9.9991E-05 0.410008 0.10132 0.00936646 0.0148786 0.0282916 0.0128403
0.0708193 0.439335 9.9973E-05 0.147421 9.9973E-05 0.0127494 0.0423325 0.0836712 9.9973E-05 0.203371
0.105209 0.279125 9.9964E-05 9.9964E-05 0.474034 0.109596 0.0284624 0.00317423 9.9964E-05 9.9964E-05
0.0205106 0.134435 9.9973E-05 0.107625 0.521814 0.173214 0.00337066 9.9973E-05 0.0387306 9.9973E-05
0.0987976 0.226468 0.0216946 9.9982E-05 0.505706 0.0638945 9.9982E-05 0.0547976 0.0113378 0.0171047
0.115433 0.237375 0.000201593 0.00498832 0.264512 0.114525 9.9982E-05 0.0413832 9.9982E-05 0.221382
0.06083 0.164552 9.9991E-05 0.140811 0.448276 0.0726636 0.0159924 0.0385315 0.0200773 0.0381654
9.9973E-05 0.0825623 9.9973E-05 9.9973E-05 0.517817 0.0383771 0.196846 0.0712812 0.0265054 0.0663112
0.00580067 0.338347 9.9982E-05 0.0849871 0.168843 0.130138 0.0645298 0.0814229 9.9982E-05 0.125731
9.9946E-05 0.0878958 9.9946E-05 9.9946E-05 0.538169 9.9946E-05 9.9946E-05 0.00577331 9.9946E-05 0.367562
9.9964E-05 0.152801 9.9964E-05 0.0112498 0.179745 9.9964E-05 9.9964E-05 0.016328 0.00445266 0.635023
0.0432106 0.13958 0.0916306 0.052764 0.484319 9.9973E-05 9.9973E-05 9.9973E-05 0.0272479 0.160947
0.0524788 9.9946E-05 9.9946E-05 0.0300493 9.9946E-05 9.9946E-05 0.0291989 9.9946E-05 9.9946E-05 0.887673
9.9955E-05 0.0703637 9.9955E-05 0.0673037 9.9955E-05 0.0194886 0.0277213 9.9955E-05 9.9955E-05 0.814623
9.99371E-05 9.99371E-05 9.99371E-05 0.0132854 0.262145 9.99371E-05 9.99371E-05 9.99371E-05 9.99371E-05 0.72387
0.0170491 0.0697821 9.9982E-05 0.0139384 0.438999 9.9982E-05 0.0197339 0.0131681 0.00477189 0.422357
9.9964E-05 0.0537761 0.149747 9.9964E-05 0.54968 9.9964E-05 0.0681077 0.0385702 9.9964E-05 0.139719
9.9964E-05 0.108501 9.9964E-05 0.0231708 0.434281 9.9964E-05 9.9964E-05 0.0401453 0.00208153 0.39142
9.9973E-05 0.151551 0.0624346 9.9973E-05 0.153059 9.9973E-05 0.0262808 0.0120473 0.0195216 0.574806
9.9964E-05 0.129847 0.0416013 9.9964E-05 0.132039 9.9964E-05 0.104419 9.9964E-05 0.0993447 0.49235
0.0080088 0.0369426 0.0230033 9.9982E-05 0.470986 9.9982E-05 0.0473159 0.0729007 0.13583 0.204813
9.9973E-05 0.0452732 0.00322981 0.0884043 0.235551 9.9973E-05 9.9973E-05 0.0238103 0.0654838 0.537947
9.9973E-05 0.0600525 0.00552065 0.115064 0.35193 9.9973E-05 0.0649865 9.9973E-05 0.0346876 0.367458
9.9964E-05 9.9964E-05 0.0245113 0.0441119 0.404169 0.0382847 0.0042108 9.9964E-05 9.9964E-05 0.484312
0.066191 9.9964E-05 9.9964E-05 0.109363 9.9964E-05 0.0979367 0.00314526 9.9964E-05 0.000818661 0.722146
0.0980903 0.0295526 9.9973E-05 9.9973E-05 0.616547 0.0387841 0.0115691 9.9973E-05 0.00284888 0.202308
9.9964E-05 0.0445668 0.75888 9.9964E-05 0.120548 9.9964E-05 0.0182331 0.0382389 0.0191333 9.9964E-05
9.9937E-05 9.9937E-05 0.811156 9.9937E-05 0.0831705 9.9937E-05 9.9937E-05 0.104974 9.9937E-05 9.9937E-05
9.9955E-05 9.9955E-05 0.752379 9.9955E-05 0.0465131 9.9955E-05 0.0029608 0.132262 0.065385 9.9955E-05
0.105122 9.9946E-05 0.772023 9.9946E-05 0.00870989 9.9946E-05 9.9946E-05 0.113545 9.9946E-05 9.9946E-05
0.0602699 9.9964E-05 0.746725 9.9964E-05 0.081004 0.0213773 9.9964E-05 0.0865543 9.9964E-05 0.00366998
9.9964E-05 9.9964E-05 0.806512 0.0157741 9.9964E-05 9.9964E-05 0.0267872 0.0604239 0.0630734 0.0270292
0.00367402 9.9964E-05 0.86951 9.9964E-05 0.035308 0.0268676 9.9964E-05 0.035734 0.0285069 9.9964E-05
9.9982E-05 0.071277 0.052081 0.00733619 0.484316 0.0874587 9.9982E-05 0.0553579 0.10454 0.137434
0.013923 0.0657175 0.0819822 0.0331919 0.497172 0.053762 9.9991E-05 0.0298262 0.055616 0.168709
9.9955E-05 0.0688037 0.0547613 9.9955E-05 0.0399315 0.0652016 9.9955E-05 9.9955E-05 9.9955E-05 0.770802
0.0322207 9.9973E-05 0.107913 0.0904739 0.501585 9.9973E-05 0.0860805 9.9973E-05 0.0817515 0.0996746
9.9973E-05 0.129207 0.00140318 0.0488573 0.400075 9.9973E-05 9.9973E-05 0.0142782 0.0460487 0.359831
9.9982E-05 0.0137675 0.00980651 0.0129468 0.531345 0.0987253 9.9982E-05 0.0559568 0.0441339 0.233118
9.9964E-05 9.9964E-05 0.0176662 0.0882301 0.521827 9.9964E-05 0.0195704 0.0269416 9.9964E-05 0.325365
0.00151775 9.9973E-05 0.0183942 9.9973E-05 0.397618 0.00275305 9.9973E-05 0.007397 0.10255 0.46947
9.9955E-05 0.143552 0.0705512 9.9955E-05 9.9955E-05 9.9955E-05 0.0429005 0.00110584 9.9955E-05 0.741391
0.0245939 0.0854132 0.0724237 9.99693E-05 0.468085 9.99693E-05 9.99693E-05 9.99693E-05 0.039719 0.309365
0.0168961 0.00510635 0.0938441 0.0430183 0.599194 9.9982E-05 0.0399228 9.9982E-05 0.010861 0.190958
0.00971209 0.0149704 0.0677047 0.0555099 0.412056 9.9991E-05 0.10857 0.0638316 0.131637 0.135908
0.0517597 9.9982E-05 9.9982E-05 0.0567482 0.258396 0.0483676 0.00111842 0.0279733 0.00176723 0.55367
0.0299924 9.9946E-05 0.0847081 9.9946E-05 0.519678 9.9946E-05 9.9946E-05 9.9946E-05 9.9946E-05 0.365022
9.9964E-05 0.0621511 0.0048573 9.9964E-05 0.466391 9.9964E-05 0.0052564 0.0642963 9.9964E-05 0.396648
9.9946E-05 9.9946E-05 9.9946E-05 9.9946E-05 0.280222 0.0332866 9.9946E-05 9.9946E-05 0.143088 0.542804
9.9946E-05 0.136469 0.0538803 9.9946E-05 0.469519 9.9946E-05 9.9946E-05 9.9946E-05 9.9946E-05 0.339533
0.00145232 0.10407 0.143058 9.9964E-05 0.510523 0.138476 9.9964E-05 9.9964E-05 9.9964E-05 0.102021
0.208871 0.314432 9.9955E-05 9.9955E-05 0.276451 0.149002 9.9955E-05 9.9955E-05 9.9955E-05 0.0507453
0.0448917 0.25386 0.0553359 0.0131484 0.380534 9.9991E-05 0.0934138 0.0642646 0.0495623 0.0448893
9.9964E-05 0.061773 0.106937 9.9964E-05 0.625009 0.0565215 0.132507 9.9964E-05 0.016852 9.9964E-05
9.9991E-05 0.0984722 0.073066 0.0948558 0.53624 0.0718701 0.028302 0.0325309 0.00971188 0.0548513
0.00207196 0.418921 9.9955E-05 9.9955E-05 0.470846 0.0707089 9.9955E-05 0.0369521 9.9955E-05 9.9955E-05
0.0265885 0.301229 9.9946E-05 0.0920116 0.579571 9.9946E-05 9.9946E-05 9.9946E-05 9.9946E-05 9.9946E-05
0.00459175 0.327074 0.0447869 9.9973E-05 0.488957 0.0583435 0.0565381 9.9973E-05 9.9973E-05 0.0194096
0.140688 0.141037 9.9955E-05 9.9955E-05 0.595329 9.9955E-05 0.0628305 9.9955E-05 9.9955E-05 0.0596154
0.0208213 0.034401 0.0544779 0.0358375 0.577562 0.0882363 0.139782 0.0113303 0.0374524 9.9991E-05
0.0845394 0.289392 0.00719985 0.0606748 0.535761 0.012536 9.9973E-05 9.9973E-05 9.9973E-05 0.00959692
9.9955E-05 0.273021 9.9955E-05 9.9955E-05 0.533384 0.043946 0.0798918 9.9955E-05 9.9955E-05 0.0692575
0.0687593 0.134633 9.99702E-05 9.99702E-05 0.66127 0.00252885 0.116024 9.99702E-05 0.0163851 9.99702E-05
0.164183 0.0755055 9.9991E-05 0.0310136 0.567068 0.052719 0.0239796 0.0522554 0.0209998 0.0121767
9.9973E-05 0.301088 0.0150981 9.9973E-05 0.55657 0.0677592 0.0089741 0.00958253 0.0406284 9.9973E-05
9.9973E-05 0.103458 9.9973E-05 9.9973E-05 0.444526 0.140796 0.0955376 0.0405487 0.0897388 0.0850951
0.0587298 0.0579829 9.9982E-05 9.9982E-05 0.5899 0.0672869 0.131595 0.034134 0.0262536 0.0339176
0.139863 0.250828 9.9973E-05 0.107194 0.39115 0.0510633 0.0577345 0.00186806 9.9973E-05 9.9973E-05
0.0196384 0.211971 0.0131391 0.0989808 0.568494 0.0143245 0.00394906 9.9982E-05 0.0693027 9.9982E-05
0.0285128 0.125468 9.9964E-05 9.9964E-05 0.679934 0.130044 0.000101864 0.0355401 9.9964E-05 9.9964E-05
0.0853785 0.435003 9.9982E-05 9.9982E-05 0.162874 0.054943 0.00265818 0.019854 0.0846126 0.154476
0.226982 0.22198 9.9973E-05 0.0274587 0.143304 0.195407 0.0925734 9.9973E-05 9.9973E-05 0.0919947
0.0371847 0.170332 0.055268 0.0400025 0.511423 9.9973E-05 0.118849 9.9973E-05 9.9973E-05 0.0666412
0.102629 0.244292 9.9973E-05 0.0387538 0.0884987 0.291177 0.120025 9.9973E-05 9.9973E-05 0.114323
9.9973E-05 0.484839 0.0500014 0.0390873 0.184707 0.100476 9.9973E-05 0.0103639 9.9973E-05 0.130226
9.9955E-05 0.392271 9.9955E-05 9.9955E-05 0.462086 0.0667398 0.0380319 9.9955E-05 9.9955E-05 0.0403717
9.9973E-05 0.415522 0.0123549 9.9973E-05 0.225791 0.0906794 0.0530462 0.0520531 9.9973E-05 0.150254
9.9982E-05 0.522044 0.00707398 0.0411555 0.263209 0.00886134 0.0318365 9.9982E-05 0.0279093 0.09771
0.000116073 0.229914 0.0217387 0.0666014 0.506746 0.0154004 9.9991E-05 0.0353712 0.0564356 0.0675767
0.142335 0.10807 9.9973E-05 0.0731611 0.516909 0.0485548 0.0540891 9.9973E-05 0.0565817 9.9973E-05
9.9982E-05 0.275809 0.0703522 0.0110717 0.394244 0.0504484 0.0016093 9.9982E-05 0.0716435 0.124622
0.0678692 0.464576 9.9982E-05 0.0721915 0.0639477 0.112542 0.0122411 9.9982E-05 0.0695606 0.136872
0.0603444 0.00946545 0.044728 0.0707303 0.468056 0.0218086 0.0957882 9.9991E-05 0.11159 0.117389
0.0589876 0.0705458 0.000914485 0.176143 0.477246 0.0720211 9.9991E-05 0.0212145 0.0291246 0.0937036
0.237661 0.0836073 0.0561175 0.30277 9.9982E-05 0.0769666 0.0671567 0.0172446 9.9982E-05 0.158277
0.0881478 9.9973E-05 0.0250813 0.113223 0.628866 0.0605091 9.9973E-05 0.00746856 9.9973E-05 0.0764041
0.135924 9.9991E-05 0.0499201 0.051251 0.299774 0.0826651 0.0979264 0.00730297 0.0235175 0.251619
0.208404 0.0459814 0.0390376 9.9991E-05 0.513822 0.0122194 0.0504268 0.00440311 0.0312372 0.0943686
0.246647 0.103453 9.9982E-05 0.280427 0.187026 0.0685781 0.0394973 0.00239392 9.9982E-05 0.0717782
0.0765602 0.143434 0.0245513 0.499715 0.108521 0.0707837 9.9982E-05 0.0251563 9.9982E-05 0.0510783
0.0812106 0.0057058 9.9982E-05 0.178927 0.396243 0.049557 0.151763 0.00109216 9.9982E-05 0.135302
0.0345708 0.094205 0.0788989 0.135837 0.438436 0.0664827 0.0989091 9.9991E-05 0.0484066 0.00415372
0.0738067 0.091518 0.132543 0.0574631 0.354525 9.9982E-05 9.9982E-05 0.00701515 0.102898 0.180031
0.233084 0.169235 0.00602929 0.100185 9.9982E-05 0.114387 9.9982E-05 0.0197001 0.106924 0.250257
9.9982E-05 9.9982E-05 0.0989067 0.155711 0.332818 0.150736 0.0419732 0.00579677 0.108406 0.105453
0.0736705 0.127614 9.9964E-05 0.282674 0.282919 0.0451187 9.9964E-05 9.9964E-05 9.9964E-05 0.187603
0.0433035 0.075367 9.9982E-05 0.165493 0.453787 0.0636824 0.0521524 0.00516927 9.9982E-05 0.140846
0.0656685 9.9991E-05 0.079376 0.185376 0.48457 0.0229197 0.00406903 0.0254061 0.020532 0.111983
0.106027 0.067328 0.210069 0.236338 0.102215 9.9973E-05 9.9973E-05 0.0349677 0.242756 9.9973E-05
0.384268 9.9955E-05 0.38419 0.115209 9.9955E-05 9.9955E-05 9.9955E-05 0.0020775 0.113757 9.9955E-05
0.461875 9.9964E-05 0.297116 0.0428059 9.9964E-05 0.110714 9.9964E-05 0.0036416 0.0834477 9.9964E-05
0.230539 0.00371633 0.271247 0.0529349 0.0727359 9.9973E-05 0.0381941 9.9973E-05 0.330333 9.9973E-05
9.9955E-05 9.9955E-05 9.9955E-05 0.370723 0.504656 9.9955E-05 9.9955E-05 0.0311451 0.03335 0.0596258
9.9982E-05 0.0542419 0.0741851 0.206435 0.44818 0.0464028 9.9982E-05 0.102701 0.000909154 0.0667443
9.9928E-05 9.9928E-05 9.9928E-05 9.9928E-05 0.313645 9.9928E-05 9.9928E-05 9.9928E-05 0.685555 9.9928E-05
9.9991E-05 0.0552777 0.00320168 0.0344936 0.329928 0.0647579 0.000941554 0.0387083 0.455517 0.0170745
0.0564164 0.0246756 0.0448969 0.0604638 0.368516 0.018347 9.9991E-05 0.0100631 0.365489 0.0510316
0.0212432 9.9955E-05 9.9955E-05 0.535651 0.207969 0.22326 9.9955E-05 0.0113778 9.9955E-05 9.9955E-05
0.0673457 0.0674918 9.9982E-05 0.155192 0.421479 0.0217248 0.032926 9.9982E-05 0.0869539 0.146687
0.0820637 0.029404 9.9955E-05 0.581411 0.116643 0.189978 9.9955E-05 9.9955E-05 9.9955E-05 9.9955E-05
0.00970012 0.0202453 9.9964E-05 0.289525 0.553551 0.055984 0.0705948 9.9964E-05 9.9964E-05 9.9964E-05
0.0576545 0.081527 9.9982E-05 0.253962 0.344978 0.182597 0.0266432 9.9982E-05 0.00758643 0.0448525
0.0564703 0.043218 0.0266815 0.247725 0.530629 0.0580091 0.0354851 0.000206441 0.00147554 9.9991E-05
0.0638642 0.0636178 9.9973E-05 0.480878 0.103925 0.18678 0.0209992 9.9973E-05 9.9973E-05 0.0796354
0.0408008 0.0238159 0.00600136 0.113988 0.593331 0.00280019 0.0369335 9.9991E-05 0.0867733 0.095456
0.0838428 9.9991E-05 0.025194 0.168202 0.511741 0.0317222 0.028343 0.0285036 0.0202957 0.102056
9.9946E-05 9.9946E-05 9.9946E-05 9.9946E-05 9.9946E-05 0.00542756 0.00305607 9.9946E-05 0.98166 0.00925676
9.9946E-05 0.0370431 9.9946E-05 0.00175128 0.117262 9.9946E-05 9.9946E-05 9.9946E-05 0.843344 9.9946E-05
9.9964E-05 9.9964E-05 0.0823501 9.9964E-05 0.198348 0.118594 9.9964E-05 0.00768462 0.505465 0.0871585
9.9937E-05 9.9937E-05 9.9937E-05 9.9937E-05 0.328338 9.9937E-05 0.0427618 9.9937E-05 0.628201 9.9937E-05
9.9937E-05 9.9937E-05 9.9937E-05 0.0922965 0.0798982 9.9937E-05 9.9937E-05 9.9937E-05 0.827106 9.9937E-05
9.9928E-05 9.9928E-05 9.9928E-05 9.9928E-05 9.9928E-05 9.9928E-05 9.9928E-05 0.00101559 0.998185 9.9928E-05
0.0114443 0.0092575 0.00976476 9.9955E-05 9.9955E-05 0.0276466 9.9955E-05 9.9955E-05 0.941387 9.9955E-05
9.9928E-05 9.9928E-05 9.9928E-05 9.9928E-05 0.191671 9.9928E-05 9.9928E-05 9.9928E-05 0.807529 9.9928E-05
9.9946E-05 0.0485057 9.9946E-05 9.9946E-05 0.00619968 9.9946E-05 0.00797798 9.9946E-05 0.936717 9.9946E-05
9.9928E-05 9.9928E-05 9.9928E-05 9.9928E-05 9.9928E-05 9.9928E-05 0.0069489 9.9928E-05 0.992252 9.9928E-05
9.9928E-05 9.9928E-05 9.9928E-05 9.9928E-05 9.9928E-05 9.9928E-05 9.9928E-05 0.0200151 0.979185 9.9928E-05
9.9964E-05 0.0275916 9.9964E-05 0.0710588 0.0711113 0.0137287 9.9964E-05 0.0491317 0.766978 9.9964E-05
0.00878234 9.9955E-05 9.9955E-05 9.9955E-05 0.0636959 9.9955E-05 0.024505 0.0604567 0.84206 9.9955E-05
9.9937E-05 9.9937E-05 9.9937E-05 9.9937E-05 9.9937E-05 9.9937E-05 9.9937E-05 0.0178611 0.943254 0.0381856
0.00677136 0.137269 9.9964E-05 0.144735 0.315635 0.0220068 9.9964E-05 9.9964E-05 0.373183 9.9964E-05
9.9964E-05 0.0929733 0.0442368 0.0396036 0.220956 9.9964E-05 9.9964E-05 0.0136628 0.588168 9.9964E-05
0.0362605 9.9964E-05 0.0331807 9.9964E-05 0.230258 9.9964E-05 0.0123847 0.0494014 0.638115 9.9964E-05
9.9964E-05 0.00149511 9.9964E-05 9.9964E-05 0.0891131 9.9964E-05 0.0135424 0.0527611 0.83792 0.00476859
0.011284 9.9937E-05 9.9937E-05 9.9937E-05 0.016792 9.9937E-05 9.9937E-05 9.9937E-05 0.971224 9.9937E-05
0.0406246 0.034694 0.0310091 9.9955E-05 9.9955E-05 9.9955E-05 9.9955E-05 0.00928152 0.883891 9.9955E-05
9.9928E-05 9.9928E-05 9.9928E-05 9.9928E-05 9.9928E-05 9.9928E-05 9.9928E-05 0.0245571 0.974643 9.9928E-05
9.9955E-05 0.00228958 0.108486 9.9955E-05 0.256842 9.9955E-05 9.9955E-05 9.9955E-05 0.586178 0.0457052
9.9955E-05 0.0408875 9.9955E-05 9.9955E-05 0.0570798 0.00221672 9.9955E-05 0.006998 0.892318 9.9955E-05
0.215788 9.9937E-05 0.272454 0.511058 9.9937E-05 9.9937E-05 9.9937E-05 9.9937E-05 9.9937E-05 9.9937E-05
0.107717 0.132105 0.0647692 0.115396 0.341455 0.0663188 0.00427179 0.0287009 0.137255 0.00201157
0.0230936 0.00645607 0.209049 0.335152 0.210121 0.030375 0.000459785 9.9991E-05 0.0976192 0.0875751
0.229218 9.9982E-05 0.114546 0.333786 0.0276761 0.0581943 9.9982E-05 0.0887636 0.0769466 0.0706699
0.0573386 0.0292549 0.0808755 0.205955 0.377275 0.0640683 0.0319182 0.0475078 0.105706 9.9991E-05
0.209349 9.9982E-05 0.127057 0.287876 0.0817128 0.0475577 9.9982E-05 0.0759094 0.108727 0.0616101
0.0159221 9.9991E-05 0.162187 0.139838 0.418719 0.122697 0.0863422 0.0137637 0.0363476 0.00408419
0.0611315 9.9982E-05 0.0877783 0.374358 0.173868 0.0246737 9.9982E-05 0.000557323 0.243197 0.0342374
9.9982E-05 0.0216108 0.0665742 0.27271 0.340126 0.035581 9.9982E-05 0.0583213 0.180889 0.0239883
0.058437 9.9973E-05 0.114705 0.311945 0.236543 0.0212575 9.9973E-05 0.0721115 0.184702 9.9973E-05
0.0952926 9.9982E-05 0.152238 0.221652 0.337203 0.0454465 9.9982E-05 0.0671295 0.0379505 0.0428876
9.9955E-05 0.00221836 0.827086 0.10662 0.0193381 9.9955E-05 0.0442378 9.9955E-05 9.9955E-05 9.9955E-05
0.0478808 0.0364431 0.814465 9.9964E-05 9.9964E-05 0.00727418 9.9964E-05 0.0546592 0.0388781 9.9964E-05
0.0758681 0.0221267 0.857951 9.9946E-05 9.9946E-05 9.9946E-05 9.9946E-05 0.0434548 9.9946E-05 9.9946E-05
0.015547 0.0353329 0.892494 9.9964E-05 0.00898302 9.9964E-05 0.0139035 0.0333396 9.9964E-05 9.9964E-05
0.0868559 0.0634219 0.718787 9.9955E-05 0.0266538 9.9955E-05 9.9955E-05 0.103782 9.9955E-05 9.9955E-05
0.065298 9.9964E-05 0.754174 9.9964E-05 0.0199447 0.00434069 9.9964E-05 0.0940455 0.0617969 9.9964E-05
0.00269792 9.9955E-05 0.850018 9.9955E-05 0.0755521 9.9955E-05 0.0071739 0.0640588 9.9955E-05 9.9955E-05
0.0938816 9.9964E-05 0.828099 9.9964E-05 0.0273362 0.0279721 9.9964E-05 0.0185188 9.9964E-05 0.00379279
0.0250712 0.0116041 0.885115 9.9964E-05 0.0407468 9.9964E-05 9.9964E-05 0.0250826 0.0119803 9.9964E-05
0.0700563 9.9964E-05 0.785231 9.9964E-05 0.0320173 9.9964E-05 0.0024185 0.0348752 0.0750022 9.9964E-05
9.9964E-05 0.132712 0.570881 9.9964E-05 9.9964E-05 0.0417807 0.0639344 0.0540931 9.9964E-05 0.136199
0.0288928 0.183714 0.545958 9.9964E-05 9.9964E-05 9.9964E-05 0.149971 0.0321641 9.9964E-05 0.0589002
0.131293 0.254707 0.433145 9.9973E-05 9.9973E-05 0.0223192 0.0574531 0.035679 9.9973E-05 0.0651031
9.9964E-05 0.254955 0.524279 0.0388976 9.9964E-05 0.058494 0.0508276 9.9964E-05 9.9964E-05 0.0721472
9.9973E-05 0.103799 0.0703583 0.0367433 0.525296 0.0375327 9.9973E-05 0.00964126 9.9973E-05 0.21633
9.9964E-05 9.9964E-05 0.0625739 9.9964E-05 0.483995 0.117811 0.0908714 9.9964E-05 0.00877075 0.235579
9.9964E-05 0.102336 9.9964E-05 0.0602505 0.561279 9.9964E-05 0.113483 9.9964E-05 0.0211362 0.141116
0.00596827 0.275507 0.0123365 9.9982E-05 0.420905 0.0103236 0.0513543 0.0458935 9.9982E-05 0.177512
9.9964E-05 0.662416 9.9964E-05 0.0377199 0.141435 0.0441335 9.9964E-05 9.9964E-05 0.0295772 0.084318
9.9973E-05 9.9973E-05 0.0470763 0.0522477 0.620822 0.0306191 0.0677202 0.00383513 9.9973E-05 0.17738
0.00819761 0.0776487 9.9964E-05 9.9964E-05 0.609585 0.00990587 9.9964E-05 9.9964E-05 0.0189219 0.275342
0.00966665 0.0190508 9.9982E-05 0.0533624 0.531218 0.0829606 0.0512517 0.0137177 9.9982E-05 0.238572
9.9946E-05 9.9946E-05 9.9946E-05 0.0430577 0.325174 9.9946E-05 9.9946E-05 9.9946E-05 0.0910048 0.540164
9.9973E-05 0.0214241 0.0616871 0.0296737 0.618279 0.0376319 0.118151 9.9973E-05 9.9973E-05 0.112853
9.9955E-05 0.0183787 9.9955E-05 9.9955E-05 0.394697 9.9955E-05 0.156292 0.0313859 9.9955E-05 0.398746
9.99371E-05 0.0719216 9.99371E-05 9.99371E-05 9.99371E-05 0.137322 9.99371E-05 9.99371E-05 9.99371E-05 0.790057
9.9973E-05 0.084773 0.0556711 0.0226646 0.507255 0.0807565 0.111913 9.9973E-05 9.9973E-05 0.136666
0.154011 9.9955E-05 9.9955E-05 9.9955E-05 0.231457 0.0558879 0.0358639 9.9955E-05 9.9955E-05 0.522281
0.0443648 9.9964E-05 9.9964E-05 9.9964E-05 0.523622 0.00789781 0.0201629 0.00568834 9.9964E-05 0.397864
9.9955E-05 0.149108 0.0715356 9.9955E-05 0.0809015 9.9955E-05 0.00455509 9.9955E-05 9.9955E-05 0.6934
0.0374 0.00414207 0.0737145 0.0664568 9.9955E-05 9.9955E-05 0.817787 9.9955E-05 9.9955E-05 9.9955E-05
9.99201E-05 9.99201E-05 9.99201E-05 9.99201E-05 9.99201E-05 9.99201E-05 0.999101 9.99201E-05 9.99201E-05 9.99201E-05
9.99201E-05 9.99201E-05 9.99201E-05 9.99201E-05 9.99201E-05 9.99201E-05 0.999101 9.99201E-05 9.99201E-05 9.99201E-05
9.9937E-05 9.9937E-05 0.0546954 9.9937E-05 9.9937E-05 9.9937E-05 0.894193 9.9937E-05 9.9937E-05 0.0504119
9.9955E-05 0.00536003 9.9955E-05 9.9955E-05 0.0016191 0.0549741 0.910338 9.9955E-05 0.0272087 9.9955E-05
9.9928E-05 9.9928E-05 9.9928E-05 9.9928E-05 9.9928E-05 9.9928E-05 0.93679 9.9928E-05 0.0624102 9.9928E-05
0.0625898 9.9964E-05 0.767913 9.9964E-05 0.080318 0.00185115 9.9964E-05 0.0550428 0.0318858 9.9964E-05
9.9955E-05 0.0774988 0.816538 9.9955E-05 0.0712567 9.9955E-05 9.9955E-05 0.0323815 0.00182549 9.9955E-05
0.0528924 9.9964E-05 0.669977 9.9964E-05 0.107985 9.9964E-05 0.00761006 0.0589448 0.102191 9.9964E-05
0.0194823 0.117696 0.669414 9.9964E-05 0.0323251 9.9964E-05 9.9964E-05 0.0458561 0.114826 9.9964E-05
0.0157727 0.0506625 0.754111 9.9964E-05 0.0664166 9.9964E-05 9.9964E-05 0.00692233 0.105714 9.9964E-05
9.9955E-05 0.354159 0.332208 0.0518947 9.9955E-05 9.9955E-05 0.23598 0.0252593 9.9955E-05 9.9955E-05
9.9973E-05 0.142777 0.458094 0.00180168 9.9973E-05 0.0543104 0.292555 0.00772927 9.9973E-05 0.0424326
9.9955E-05 0.144188 0.45066 9.9955E-05 9.9955E-05 0.0697665 0.323714 9.9955E-05 9.9955E-05 0.0111715
9.99201E-05 9.99201E-05 9.99201E-05 9.99201E-05 9.99201E-05 9.99201E-05 9.99201E-05 0.999101 9.99201E-05 9.99201E-05
9.9964E-05 0.163085 0.338427 9.9964E-05 9.9964E-05 0.0104824 0.360684 0.0158541 9.9964E-05 0.111068
0.20206 9.9973E-05 0.141669 9.9973E-05 0.246363 0.0189769 0.0577386 0.00737366 0.325519 9.9973E-05
0.0177968 9.9982E-05 0.125306 0.0251754 0.527117 0.00889631 9.9982E-05 0.0115717 0.215038 0.0688981
9.99371E-05 9.99371E-05 0.20167 9.99371E-05 0.598979 9.99371E-05 9.99371E-05 9.99371E-05 0.198652 9.99371E-05
0.0562027 0.0602689 0.239737 0.0437611 0.331522 9.9982E-05 0.0195836 9.9982E-05 0.199204 0.0495206
9.9964E-05 0.0376575 0.133319 0.139892 0.520469 9.9964E-05 9.9964E-05 9.9964E-05 0.162007 0.00625615
0.326801 9.9955E-05 0.329582 0.0120477 9.9955E-05 9.9955E-05 0.0454758 9.9955E-05 0.285594 9.9955E-05
0.0172589 0.210906 9.9973E-05 0.113037 0.382247 0.0707943 0.091842 9.9973E-05 9.9973E-05 0.113615
0.114693 0.207782 9.9964E-05 9.9964E-05 0.339884 0.206511 0.0476265 9.9964E-05 9.9964E-05 0.0831028
0.0168579 0.424761 0.063255 9.9973E-05 0.271878 0.0753272 0.0823751 0.0652458 9.9973E-05 9.9973E-05
0.00569865 0.0994886 9.9964E-05 9.9964E-05 0.409517 0.273682 0.0991567 9.9964E-05 9.9964E-05 0.112058
0.199927 0.123757 9.9955E-05 9.9955E-05 9.9955E-05 0.378197 0.0283602 9.9955E-05 9.9955E-05 0.269259
0.0914797 0.0836727 0.122853 9.9982E-05 0.476488 0.0904261 0.0266485 9.9982E-05 0.0268158 0.0814159
0.0569298 0.185146 0.0452274 0.0124624 0.507219 0.189655 9.9973E-05 0.00306009 9.9973E-05 9.9973E-05
0.00942668 0.467217 9.9982E-05 0.0931112 0.244985 0.0625599 9.9982E-05 0.0516065 0.0112852 0.0596081
9.9982E-05 0.139992 0.129289 0.0204044 0.474741 0.0460338 0.0388286 0.00484701 9.9982E-05 0.145665
0.214312 0.324035 9.9964E-05 9.9964E-05 0.042996 0.113369 0.0403455 9.9964E-05 9.9964E-05 0.264542
0.110023 0.155878 9.9973E-05 0.105724 0.416549 0.0907996 0.0877556 9.9973E-05 9.9973E-05 0.0329704
0.0531256 0.144979 9.9964E-05 9.9964E-05 0.549006 9.9964E-05 0.169785 0.0333041 9.9964E-05 0.049401
0.00329355 9.9973E-05 0.114855 0.0497162 0.406597 9.9973E-05 0.0615123 9.9973E-05 0.214579 0.149147
0.0421534 0.210909 9.9973E-05 0.00719442 0.362011 0.211577 0.0639579 9.9973E-05 9.9973E-05 0.101897
0.0136339 0.164866 0.0216635 9.9982E-05 0.492179 0.103677 0.0906755 0.0247905 9.9982E-05 0.0883152
9.9973E-05 0.111456 9.9973E-05 0.142368 0.39129 0.114052 0.0173274 9.9973E-05 0.0882351 0.134972
9.9964E-05 0.15077 9.9964E-05 0.0382756 0.527384 0.0813749 0.0877386 9.9964E-05 9.9964E-05 0.114058
0.0227573 0.0547628 0.00217078 0.0463128 0.636616 0.0612667 0.0565656 0.0291896 0.0194518 0.0709064
9.9973E-05 0.16566 0.0522798 9.9973E-05 0.549648 9.9973E-05 0.0544864 0.0315358 0.0638767 0.0822133
0.118736 0.120856 0.0204749 9.9991E-05 0.475795 0.0153034 0.0591388 0.00251385 0.0761421 0.110939
0.02008 9.9973E-05 0.754058 0.0143166 0.0694976 0.0015589 0.0137961 9.9973E-05 0.126393 9.9973E-05
9.9964E-05 9.9964E-05 0.806491 9.9964E-05 0.0382583 0.0528592 9.9964E-05 0.00987915 0.0650858 0.0270271
0.0620703 0.0596835 0.757371 0.0194002 0.0483282 0.0281423 9.9973E-05 9.9973E-05 9.9973E-05 0.0247046
9.9964E-05 9.9964E-05 0.758946 9.9964E-05 0.0614444 9.9964E-05 0.0675039 0.052645 0.030556 0.028505
9.9964E-05 9.9964E-05 0.766207 0.0417195 0.131146 9.9964E-05 0.00161368 0.0578387 0.00107478 9.9964E-05
0.168579 0.54845 9.9964E-05 9.9964E-05 0.184439 0.0156912 0.0650141 9.9964E-05 9.9964E-05 0.0174261
0.0496804 0.196775 0.0374442 9.9973E-05 0.452761 0.111106 9.9973E-05 9.9973E-05 0.0466487 0.105285
0.0623924 9.9991E-05 0.16034 0.0908282 0.34591 0.0241067 0.0643861 0.0200894 0.22326 0.00858615
0.0422499 0.217962 9.9964E-05 9.9964E-05 0.665951 0.0212123 9.9964E-05 0.0378427 0.0143822 9.9964E-05
0.00414924 0.342207 0.0993745 9.9964E-05 0.493551 9.9964E-05 9.9964E-05 0.0108671 9.9964E-05 0.0494513
0.171765 0.30435 9.9982E-05 9.9982E-05 0.280667 0.122054 0.0564218 0.0285095 0.00827634 0.0277574
0.128904 0.56412 0.0655785 9.9964E-05 9.9964E-05 9.9964E-05 0.0802382 0.0332958 9.9964E-05 0.127463
0.00367184 0.188063 9.9973E-05 9.9973E-05 0.481377 0.078756 0.157009 0.0604541 9.9973E-05 0.0303697
9.9982E-05 0.42454 0.0595013 9.9982E-05 0.0774854 0.179214 0.0992622 0.00156739 0.0685433 0.0896865
9.9982E-05 0.145907 0.0443871 0.0464209 0.408226 0.166892 0.0462332 9.9982E-05 0.0674587 0.0742748
0.0663569 0.538643 0.133027 9.9982E-05 0.0574009 0.112087 0.034399 9.9982E-05 0.0242746 0.0336114
9.9964E-05 0.161484 0.0602469 0.108849 0.598704 9.9964E-05 0.0336801 0.0366355 9.9964E-05 9.9964E-05
0.0638857 0.604915 0.0154642 9.9973E-05 0.165973 0.0456742 9.9973E-05 0.0785867 0.0252011 9.9973E-05
0.0560915 0.280791 0.0368657 0.141566 0.267925 0.0691134 0.00810811 0.00947761 0.0439662 0.0860957
0.0402203 0.0525273 0.0511104 0.199391 0.410473 0.0852902 0.0120818 9.9991E-05 0.0458832 0.102923
0.0132448 0.0744646 0.0266404 0.527801 0.169657 0.098519 0.0693706 0.0201029 9.9982E-05 9.9982E-05
0.00786366 9.9964E-05 0.0962859 0.420211 0.431968 9.9964E-05 0.0175956 9.9964E-05 0.0256766 9.9964E-05
0.0433102 0.00724641 0.0802292 0.17575 0.481554 0.0943605 0.0200194 0.0695628 9.9991E-05 0.0278678
0.0448585 0.02041 9.9964E-05 0.540766 0.241604 0.0992458 0.0527163 9.9964E-05 9.9964E-05 9.9964E-05
9.9982E-05 0.0385104 0.040888 0.231365 0.41935 0.129319 0.00240386 0.064531 0.0734329 9.9982E-05
0.0249287 9.9982E-05 0.0408905 0.19808 0.456427 0.0220907 0.13759 0.0281737 9.9982E-05 0.0916206
9.9955E-05 0.00170713 9.9955E-05 0.735666 9.9955E-05 0.15703 0.0779559 9.9955E-05 9.9955E-05 0.0271411
0.079599 9.9964E-05 9.9964E-05 0.635984 0.11893 0.103655 0.032691 9.9964E-05 9.9964E-05 0.0287413
9.9955E-05 0.0302727 9.9955E-05 0.405051 0.402883 0.139058 9.9955E-05 0.0222349 9.9955E-05 9.9955E-05
0.0114161 0.033884 0.00193302 0.627639 0.0105934 0.109179 0.0274124 0.0155575 9.9991E-05 0.162285
0.0231451 0.129843 9.9964E-05 0.386216 0.42513 9.9964E-05 0.0243306 9.9964E-05 9.9964E-05 0.0109365
0.0623238 0.636908 9.9973E-05 9.9973E-05 0.0922838 0.0209544 0.0574088 0.0443636 9.9973E-05 0.0854582
0.0579693 0.337041 9.9964E-05 9.9964E-05 0.232383 0.258447 0.020269 9.9964E-05 9.9964E-05 0.0934913
9.9982E-05 0.417358 0.0675954 9.9982E-05 0.345029 0.0117964 0.0110189 0.0104247 0.0545163 0.0820618
0.103619 0.183221 9.9955E-05 0.00957009 0.632622 9.9955E-05 0.0704686 9.9955E-05 9.9955E-05 9.9955E-05
9.9964E-05 0.477637 9.9964E-05 0.030508 0.234525 0.054773 0.0155363 9.9964E-05 9.9964E-05 0.186621
0.0763754 0.145884 0.0187238 0.0666886 0.362439 0.158099 0.0582026 9.9991E-05 0.104344 0.00914388
0.0665018 0.300901 9.9964E-05 9.9964E-05 0.545168 9.9964E-05 0.0147988 0.0364164 0.0358137 9.9964E-05
0.0913701 0.322658 9.9964E-05 9.9964E-05 0.457769 0.00226466 9.9964E-05 9.9964E-05 0.0577987 0.0677403
0.0164053 0.176705 9.9982E-05 9.9982E-05 0.450982 0.0633135 0.140888 0.0027147 0.0897601 0.0590315
9.9991E-05 0.331432 0.0158033 0.0258308 0.36121 0.0146146 0.0826983 0.0318595 0.0616009 0.0748504
9.9955E-05 0.527059 9.9955E-05 9.9955E-05 0.176606 9.9955E-05 0.0648512 9.9955E-05 0.118027 0.112957
9.9973E-05 0.494757 9.9973E-05 9.9973E-05 0.321502 0.000553003 0.0604755 0.000967331 0.0966736 0.0247717
0.00552603 0.310824 9.9982E-05 0.022318 0.581493 0.0257267 9.9982E-05 0.00134097 0.0192812 0.0332901
0.0252671 0.254965 0.0306878 9.9964E-05 0.623072 0.0343513 9.9964E-05 0.0312571 9.9964E-05 9.9964E-05
0.0816066 0.198885 9.9982E-05 0.00391956 0.425202 0.167897 0.077046 0.00642407 9.9982E-05 0.0388196
0.0611441 0.248225 9.99551E-05 9.99551E-05 0.55298 0.0789643 0.0581867 9.99551E-05 9.99551E-05 9.99551E-05
0.119048 0.455279 9.9973E-05 0.030918 0.343604 0.0244424 0.0048665 0.0215411 9.9973E-05 9.9973E-05
9.9973E-05 0.320355 0.00637323 9.9973E-05 0.532039 0.0365395 0.0273425 9.9973E-05 0.0149841 0.0620669
9.9964E-05 0.249786 9.9964E-05 9.9964E-05 0.524099 0.0958871 0.0659221 0.0109419 0.0529642 9.9964E-05
9.9991E-05 0.188419 0.0895092 0.00684562 0.494268 0.0223213 0.00306889 0.0274315 0.0438562 0.12418
0.0390898 0.000544735 0.270127 0.114422 0.374737 9.9982E-05 9.9982E-05 0.0365466 0.136466 0.0278667
0.0873379 0.00361768 0.081735 0.0492556 0.516515 0.0389658 9.9991E-05 0.0346051 0.183651 0.00421661
0.128527 0.0552813 9.9964E-05 9.9964E-05 0.469593 9.9964E-05 9.9964E-05 0.0481056 0.109789 0.188304
0.101961 0.0506689 9.9991E-05 0.00667296 0.583138 0.060933 0.0469961 0.0195306 0.120665 0.0093351
0.0811229 0.0433703 0.186762 9.9982E-05 0.380454 0.0284465 9.9982E-05 0.0242571 0.196699 0.0586881
0.0714544 0.147896 9.9982E-05 0.121044 0.424857 0.187732 0.0160576 9.9982E-05 0.00790289 0.0228558
0.00798719 0.10969 0.173774 9.9973E-05 0.432818 9.9973E-05 9.9973E-05 0.0171785 0.172663 0.08559
0.472642 0.050489 0.122934 0.110982 0.0970903 9.9973E-05 9.9973E-05 9.9973E-05 0.0373231 0.10824
0.0463251 0.120312 0.0961592 9.9982E-05 0.495128 0.0435814 9.9982E-05 0.012054 0.139606 0.0466339
0.0452714 9.9982E-05 0.0681261 0.0482085 0.53527 0.104309 0.0615457 0.0168509 0.120218 9.9982E-05
9.9982E-05 0.04837 0.0514287 0.0997142 0.476052 0.0932495 0.0534997 0.00719473 0.170291 9.9982E-05
0.216068 0.105547 0.0841573 9.9991E-05 0.317924 0.0342343 0.022254 0.0774539 0.0244498 0.117812
0.123126 9.9964E-05 0.172974 0.0472048 0.567682 9.9964E-05 9.9964E-05 0.0351607 0.0534523 9.9964E-05
0.135262 9.9973E-05 0.0760582 9.9973E-05 0.533809 0.0495407 0.04175 0.0475129 0.115767 9.9973E-05
0.456014 9.9973E-05 0.318859 0.000549193 9.9973E-05 0.0253083 9.9973E-05 0.0200509 0.121534 0.0573847
0.0779879 0.0310105 0.0823654 9.9973E-05 0.490263 9.9973E-05 9.9973E-05 0.0885466 0.132706 0.0968214
0.112069 0.0444996 0.0833277 0.0639155 0.508707 9.9982E-05 0.00468663 9.9982E-05 0.154479 0.0281166
0.152079 0.0059546 9.9991E-05 0.0821827 0.566785 0.0237949 0.0443199 0.0174987 0.0718531 0.035432
0.204103 9.9946E-05 0.0824737 9.9946E-05 0.608819 9.9946E-05 9.9946E-05 9.9946E-05 0.104004 9.9946E-05
9.9973E-05 0.0101754 0.176969 0.09712 0.499219 0.0878295 0.0108105 9.9973E-05 0.117577 9.9973E-05
9.9982E-05 9.9982E-05 0.0140301 0.0253155 0.317549 0.383783 0.0199027 0.0411826 0.107497 0.0905402
9.9973E-05 9.9973E-05 0.0912313 0.108067 0.485014 0.205247 9.9973E-05 0.0537054 0.00622567 0.0502101
9.9937E-05 0.09815 9.9937E-05 9.9937E-05 9.9937E-05 0.773078 9.9937E-05 9.9937E-05 9.9937E-05 0.128073
9.99369E-05 0.083603 0.0172969 9.99369E-05 9.99369E-05 0.898401 9.99369E-05 9.99369E-05 9.99369E-05 9.99369E-05
9.9973E-05 0.168432 0.0319982 0.00449728 0.309353 0.275848 9.9973E-05 0.0631899 0.146382 9.9973E-05
0.0692796 0.0457419 0.0588529 0.0116827 0.412567 0.136022 9.9973E-05 9.9973E-05 0.265553 9.9973E-05
0.160108 9.9964E-05 0.0309922 9.9964E-05 0.297279 0.18239 9.9964E-05 0.0215694 0.307262 9.9964E-05
0.216068 0.0460613 0.179541 9.9982E-05 0.142545 0.14317 9.9982E-05 0.00147079 0.239634 0.0313107
0.0198328 9.9973E-05 0.149601 0.0392728 0.316512 0.195385 9.9973E-05 0.0348399 0.244256 9.9973E-05
0.179401 9.9973E-05 0.0199971 0.0189017 0.0163666 0.661222 0.0445965 9.9973E-05 0.0592158 9.9973E-05
0.127183 9.9964E-05 0.0446093 9.9964E-05 0.126899 0.641122 9.9964E-05 0.00713871 0.0526481 9.9964E-05
0.0663605 9.9982E-05 0.0707581 9.9982E-05 0.552142 0.227284 0.00829041 0.00697141 0.0406847 0.027309
9.9964E-05 9.9964E-05 0.0580721 9.9964E-05 0.36341 0.454652 9.9964E-05 0.00283381 0.111276 0.00935598
0.0976757 9.9964E-05 0.000376413 9.9964E-05 0.125137 0.645911 9.9964E-05 0.055912 0.0745884 9.9964E-05
0.00234821 0.0474288 0.000728534 9.9982E-05 0.423792 0.330961 9.9982E-05 0.067327 0.118018 0.00919554
9.9955E-05 9.9955E-05 9.9955E-05 0.0674193 0.501312 0.313474 0.0208954 9.9955E-05 0.0963997 9.9955E-05
0.00490299 0.0955539 0.110231 0.000578862 0.420324 0.191045 9.9991E-05 0.0189024 0.157621 0.000741297
9.9955E-05 0.0469499 0.0390945 9.9955E-05 0.226049 0.681139 0.00626809 9.9955E-05 9.9955E-05 9.9955E-05
9.9964E-05 0.0520853 9.9964E-05 0.0425018 0.311681 0.498772 9.9964E-05 0.049692 0.0448685 9.9964E-05
9.9964E-05 9.9964E-05 0.017756 0.0798608 0.481329 0.249876 9.9964E-05 9.9964E-05 0.0482387 0.12254
9.9991E-05 0.02315 0.0536802 0.080486 0.261409 0.362228 0.0428597 0.0243012 0.109781 0.0420048
0.0872499 0.0874826 9.9973E-05 9.9973E-05 0.351033 0.227017 0.0669398 9.9973E-05 0.128342 0.0516365
0.0408371 0.00777507 0.00948044 0.0260011 0.428165 0.461007 9.9973E-05 9.9973E-05 9.9973E-05 0.026434
9.9955E-05 0.0255733 9.9955E-05 0.00585653 0.18733 0.737275 0.0434657 9.9955E-05 9.9955E-05 9.9955E-05
0.00253535 9.9964E-05 0.0102801 9.9964E-05 0.547594 0.395622 9.9964E-05 0.00457125 9.9964E-05 0.0389979
9.9973E-05 0.0812681 9.9973E-05 0.0289705 0.110443 0.691748 0.0544547 9.9973E-05 0.0184263 0.014389
9.9964E-05 9.9964E-05 9.9964E-05 0.0602534 0.375661 0.537184 0.0014969 0.0230909 9.9964E-05 0.00191422
9.9973E-05 9.9973E-05 0.0126684 9.9973E-05 0.467294 0.330118 0.0224887 0.0590255 0.0555948 0.052511
9.9973E-05 0.0115725 0.0235802 9.9973E-05 0.38351 0.323003 9.9973E-05 0.0556724 0.0447679 0.157594
0.041828 0.0572842 0.104494 0.0422912 0.438946 0.0219449 0.0618736 0.0254784 0.205759 9.9991E-05
0.0261221 9.9991E-05 0.0845764 0.123334 0.273156 0.0641273 0.0662218 0.0735834 0.181584 0.107195
0.122193 0.0344778 0.127661 0.132083 0.304771 9.9973E-05 9.9973E-05 9.9973E-05 0.238038 0.040476
9.9982E-05 0.0206292 0.0986357 0.105883 0.166759 0.197821 0.0911363 0.0844584 0.234477 9.9982E-05
9.9982E-05 0.141559 0.101647 9.9982E-05 0.381828 0.0985174 0.0391929 0.00223778 0.202982 0.031836
0.0321588 9.9991E-05 0.128787 0.0314903 0.438247 0.218342 0.0226375 0.0282548 0.0975468 0.00243481
0.146703 9.9955E-05 0.134758 9.9955E-05 9.9955E-05 0.600486 0.0477726 9.9955E-05 0.0697802 9.9955E-05
9.9973E-05 9.9973E-05 0.0610568 0.0947826 0.613167 0.0496703 0.0383472 0.0238832 0.118793 9.9973E-05
0.179387 9.9946E-05 0.359441 9.9946E-05 9.9946E-05 0.384122 9.9946E-05 9.9946E-05 0.0764503 9.9946E-05
9.9946E-05 9.9946E-05 0.0659178 9.9946E-05 0.548117 0.261075 9.9946E-05 9.9946E-05 0.12429 9.9946E-05
0.00531973 9.9946E-05 9.9946E-05 9.9946E-05 0.0368488 0.78935 9.9946E-05 9.9946E-05 9.9946E-05 0.167881
9.9946E-05 0.0633732 9.9946E-05 9.9946E-05 9.9946E-05 0.830941 9.9946E-05 0.0267819 9.9946E-05 0.0783038
