9.9946E-05 9.9946E-05 9.9946E-05 9.9946E-05 9.9946E-05 0.0500084 0.109492 9.9946E-05 0.816631 0.0232687
0.0381196 9.9955E-05 9.9955E-05 9.9955E-05 9.9955E-05 0.0037941 0.0541051 0.0534192 0.850062 9.9955E-05
9.9973E-05 0.0945037 0.0133769 0.00486151 9.9973E-05 0.0320051 0.0806151 9.9973E-05 0.767684 0.00665374
0.0345343 9.9955E-05 9.9955E-05 9.9955E-05 9.9955E-05 0.0383776 0.136097 9.9955E-05 0.744301 0.0461906
0.0588326 0.00845707 9.9955E-05 9.9955E-05 9.9955E-05 0.0419521 0.144612 9.9955E-05 0.745647 9.9955E-05
9.9955E-05 9.9955E-05 0.0686706 9.9955E-05 0.0792444 0.167787 0.173499 9.9955E-05 0.510299 9.9955E-05
9.9955E-05 9.9955E-05 0.0519348 9.9955E-05 0.0283221 0.125286 0.025198 9.9955E-05 0.768759 9.9955E-05
0.00772387 9.9955E-05 0.0608201 9.9955E-05 9.9955E-05 0.195233 0.0834086 9.9955E-05 0.652315 9.9955E-05
9.99639E-05 9.99639E-05 0.069674 9.99639E-05 0.0725917 0.0347086 9.99639E-05 0.00550131 0.795513 0.0216111
9.9955E-05 0.0601398 0.00667367 9.9955E-05 9.9955E-05 0.167557 0.155421 9.9955E-05 0.609709 9.9955E-05
9.9964E-05 9.9964E-05 0.0905605 9.9964E-05 0.0397674 0.14035 0.0907754 0.00926188 0.628885 9.9964E-05
9.9937E-05 0.10013 9.9937E-05 0.0589922 9.9937E-05 9.9937E-05 9.9937E-05 0.840178 9.9937E-05 9.9937E-05
9.9964E-05 0.467176 9.9964E-05 0.0172618 9.9964E-05 0.0845367 0.0534132 0.342692 0.0345209 9.9964E-05
0.0451065 0.0267921 9.9973E-05 0.094263 9.9973E-05 0.00371445 0.087409 0.720666 9.9973E-05 0.0217495
9.9955E-05 0.150455 9.9955E-05 0.149697 9.9955E-05 9.9955E-05 0.0794288 0.599505 0.0204145 9.9955E-05
0.0583521 0.272815 9.9964E-05 0.168136 0.0292801 9.9964E-05 9.9964E-05 0.403568 0.0674487 9.9964E-05
9.9955E-05 0.485304 0.0282204 0.135843 9.9955E-05 9.9955E-05 9.9955E-05 0.308232 0.0419008 9.9955E-05
0.0162382 0.376426 9.9973E-05 0.0241641 0.0479649 0.0220123 0.0394904 0.473404 9.9973E-05 9.9973E-05
0.00500585 0.176231 9.9973E-05 0.0450259 9.9973E-05 9.9973E-05 0.00744917 0.589702 0.128699 0.0475877
9.9955E-05 9.9955E-05 0.0496132 0.0234369 9.9955E-05 9.9955E-05 9.9955E-05 0.856498 0.00555831 0.0643933
0.0874593 0.246136 9.9964E-05 0.117334 0.0951469 0.0923906 9.9964E-05 0.361134 9.9964E-05 9.9964E-05
9.9955E-05 0.346161 0.103635 0.0993186 0.159337 9.9955E-05 9.9955E-05 0.291049 9.9955E-05 9.9955E-05
9.9955E-05 0.539449 9.9955E-05 9.9955E-05 0.0188106 0.0973936 9.9955E-05 0.324914 0.0189338 9.9955E-05
9.9955E-05 0.0770548 9.9955E-05 0.105229 0.00871067 9.9955E-05 0.0800372 0.728469 9.9955E-05 9.9955E-05
9.9982E-05 0.528796 9.9982E-05 0.00541645 0.0364646 0.0564453 0.0787778 0.195286 0.0705563 0.0280572
9.9946E-05 0.411877 9.9946E-05 0.0450232 9.9946E-05 9.9946E-05 0.0724422 0.470058 9.9946E-05 9.9946E-05
9.9955E-05 0.00908978 9.9955E-05 0.0657398 9.9955E-05 9.9955E-05 0.0391561 0.87579 0.009725 9.9955E-05
9.9955E-05 0.0142085 9.9955E-05 0.18381 9.9955E-05 9.9955E-05 0.0149565 0.785072 0.00145366 9.9955E-05
0.0347728 0.136329 9.9946E-05 9.9946E-05 9.9946E-05 9.9946E-05 9.9946E-05 0.813956 0.0143426 9.9946E-05
9.9937E-05 0.0946501 9.9937E-05 0.0931408 9.9937E-05 9.9937E-05 9.9937E-05 9.9937E-05 0.81151 9.9937E-05
9.9937E-05 0.12649 9.9937E-05 0.0332897 9.9937E-05 9.9937E-05 9.9937E-05 9.9937E-05 0.839521 9.9937E-05
9.9955E-05 0.121499 9.9955E-05 0.0545098 9.9955E-05 9.9955E-05 9.9955E-05 0.00113674 0.751898 0.0704568
9.9955E-05 0.129684 9.9955E-05 0.0872284 0.0623125 9.9955E-05 0.000176552 9.9955E-05 0.720098 9.9955E-05
0.0796638 0.573756 0.0215026 9.9973E-05 0.147656 0.0337539 9.9973E-05 0.107978 0.0353898 9.9973E-05
9.9973E-05 0.464782 9.9973E-05 0.0159949 0.165436 0.0191272 0.110322 0.187809 0.0362286 9.9973E-05
0.00175986 0.608479 9.9964E-05 0.0155948 0.353002 0.0138598 9.9964E-05 9.9964E-05 0.00690527 9.9964E-05
0.00727285 0.0702202 0.0078436 0.0190844 0.0113444 0.0226701 9.9991E-05 0.57962 0.0897032 0.192141
0.0371162 0.341201 0.0512495 0.0595773 0.510357 9.9955E-05 9.9955E-05 9.9955E-05 9.9955E-05 9.9955E-05
9.9982E-05 0.423738 9.9982E-05 0.046973 0.160757 0.0127524 0.0809825 0.0902283 0.0832158 0.101153
0.0113025 0.651106 9.9973E-05 9.9973E-05 0.239317 0.0187281 0.0477925 9.9973E-05 0.024101 0.00735365
9.9964E-05 0.549815 0.130279 0.028117 0.149244 0.0958765 9.9964E-05 9.9964E-05 0.0462696 9.9964E-05
9.9973E-05 0.613432 0.0499274 9.9973E-05 0.0648072 0.101084 0.029842 9.9973E-05 0.111866 0.0287413
9.9973E-05 0.131877 0.00637514 9.9973E-05 0.621452 0.0192572 9.9973E-05 0.213302 0.000374184 0.00706257
9.9973E-05 0.581397 0.168595 0.0299033 0.0200517 9.9973E-05 0.0847854 0.096636 9.9973E-05 0.0183318
9.9955E-05 0.505359 9.9955E-05 0.0920876 0.258314 0.0667028 9.9955E-05 9.9955E-05 0.077037 9.9955E-05
0.0195334 0.567817 9.9964E-05 0.0770986 0.159682 9.9964E-05 9.9964E-05 0.0495522 0.125917 9.9964E-05
0.0189931 0.378483 0.036578 9.9955E-05 0.55336 9.9955E-05 9.9955E-05 9.9955E-05 9.9955E-05 0.0120863
9.9973E-05 0.580005 9.9973E-05 0.00911303 0.214158 9.9973E-05 0.0869313 0.0205922 0.0417472 0.0471531
0.0257888 0.524499 0.0227911 0.0762889 0.166053 0.0203842 0.0181186 0.107915 0.0380617 9.9991E-05
0.0238928 9.9955E-05 0.220694 9.9955E-05 0.719859 9.9955E-05 9.9955E-05 9.9955E-05 0.0252899 0.00976413
0.0648543 0.148588 0.099195 9.9973E-05 0.163766 0.0358368 9.9973E-05 0.284192 9.9973E-05 0.203269
0.0738545 9.9955E-05 0.321621 9.9955E-05 0.128445 9.9955E-05 0.0342539 0.441326 9.9955E-05 9.9955E-05
9.9982E-05 0.489763 0.0104573 0.0931 0.0713244 0.0268956 9.9982E-05 0.217734 0.020618 0.0699078
0.0176929 0.466809 0.0640495 0.0493593 9.9982E-05 0.0421108 0.111734 0.192583 0.0554614 9.9982E-05
0.061289 0.510768 0.0841168 0.0515957 9.9973E-05 9.9973E-05 0.163324 0.0379468 9.9973E-05 0.0906603
9.9982E-05 0.0778789 0.0883353 9.9982E-05 0.21177 0.0548841 0.0572062 0.286723 0.0461931 0.176809
9.9955E-05 0.625972 0.0818167 0.00842877 9.9955E-05 9.9955E-05 9.9955E-05 0.209405 9.9955E-05 0.0738779
9.9964E-05 0.495039 0.147497 9.9964E-05 9.9964E-05 9.9964E-05 0.158395 0.158749 0.0253666 0.0145538
0.0524404 0.218903 0.1006 0.0350025 0.0857131 0.0857699 0.0938997 0.258649 0.0559839 0.0130393
9.9964E-05 9.9964E-05 0.0710697 9.9964E-05 0.077581 0.0999867 0.0945983 0.493373 0.162991 9.9964E-05
0.0274453 0.473394 0.087977 9.9991E-05 0.0826195 0.0439286 0.086521 0.141641 0.0259509 0.0304223
0.0740517 0.243639 9.9973E-05 9.9973E-05 9.9973E-05 0.073268 0.214895 0.338904 0.0106311 0.0443109
9.9955E-05 9.9955E-05 0.142609 9.9955E-05 0.0997066 0.0982511 9.9955E-05 0.656069 0.0028649 9.9955E-05
0.0165256 0.418866 0.0441096 9.9982E-05 0.0208197 0.0587732 0.0639986 0.358274 9.9982E-05 0.0184342
0.111701 0.519348 0.0634282 9.9973E-05 0.0794644 0.0313375 0.100718 0.0937028 9.9973E-05 9.9973E-05
0.0444736 0.380456 9.9973E-05 9.9973E-05 0.075111 0.0173318 0.191601 0.260338 9.9973E-05 0.0303892
9.9982E-05 0.175414 0.0829657 0.0769065 0.118779 0.0410907 0.0259561 0.459313 0.0193752 9.9982E-05
0.0172841 0.364926 0.0106886 0.0136584 0.0737219 0.0459064 0.171492 0.302123 9.9982E-05 9.9982E-05
0.100743 0.550639 9.9982E-05 9.9982E-05 0.0134158 0.06517 0.047146 0.118061 0.0329364 0.0716883
0.066341 0.147292 0.0334043 9.9973E-05 0.0597894 9.9973E-05 9.9973E-05 0.592975 0.0394042 0.0604948
9.9955E-05 0.565706 9.9955E-05 9.9955E-05 0.290583 0.0326384 9.9955E-05 0.0558396 9.9955E-05 0.054734
9.9955E-05 0.172335 9.9955E-05 0.0326092 0.634153 9.9955E-05 9.9955E-05 0.147667 9.9955E-05 0.0127359
0.0264457 0.543285 0.0361979 0.0147585 0.118022 0.0395635 0.123754 0.00112181 0.0177753 0.0790759
9.9937E-05 9.9937E-05 0.0761262 9.9937E-05 0.868543 9.9937E-05 0.0546309 9.9937E-05 9.9937E-05 9.9937E-05
0.0257041 9.9955E-05 0.031695 9.9955E-05 0.845787 0.00156486 9.9955E-05 0.0947497 9.9955E-05 9.9955E-05
9.9937E-05 0.304187 9.9937E-05 9.9937E-05 0.693591 9.9937E-05 9.9937E-05 0.0015228 9.9937E-05 9.9937E-05
9.9964E-05 0.493336 0.0593018 9.9964E-05 0.411539 0.0109973 0.0112254 9.9964E-05 0.0132003 9.9964E-05
0.0224674 0.555412 9.9982E-05 0.0908139 0.0728753 0.0652031 9.9982E-05 0.0589581 0.103456 0.030614
9.9955E-05 0.419 9.9955E-05 0.0549202 0.418689 9.9955E-05 9.9955E-05 0.068711 9.9955E-05 0.0381805
9.9964E-05 0.143807 9.9964E-05 0.0531992 0.575301 0.10834 9.9964E-05 0.0763401 0.0426128 9.9964E-05
9.9964E-05 0.252231 9.9964E-05 9.9964E-05 0.476166 0.136465 9.9964E-05 0.0483622 0.0541956 0.0321797
9.9973E-05 0.466108 9.9973E-05 0.144957 0.166448 0.0813131 9.9973E-05 0.0185995 0.108953 0.0133209
9.9964E-05 0.220407 9.9964E-05 0.0310067 0.55013 0.0300467 9.9964E-05 0.150242 0.017768 9.9964E-05
9.9955E-05 0.467076 0.0396805 9.9955E-05 0.368325 9.9955E-05 9.9955E-05 0.0783283 0.0460904 9.9955E-05
0.00167776 0.452844 0.0869411 0.0029801 0.455057 9.9955E-05 9.9955E-05 9.9955E-05 9.9955E-05 9.9955E-05
0.110004 9.9955E-05 0.1378 9.9955E-05 0.687245 0.0469924 0.0174597 9.9955E-05 9.9955E-05 9.9955E-05
0.0750046 0.5995 0.0478615 0.0559548 0.16984 0.0362372 0.00601485 0.00938699 9.9982E-05 9.9982E-05
9.9964E-05 0.105302 9.9964E-05 0.0154799 9.9964E-05 9.9964E-05 0.0917836 0.0375306 0.720806 0.0286981
9.99371E-05 0.125874 9.99371E-05 9.99371E-05 9.99371E-05 9.99371E-05 0.0172175 9.99371E-05 0.856209 9.99371E-05
9.9955E-05 0.0830602 9.9955E-05 0.0624176 9.9955E-05 9.9955E-05 0.0576359 9.9955E-05 0.795178 0.0012089
9.9946E-05 0.0304518 0.0560278 9.9946E-05 9.9946E-05 9.9946E-05 0.0539317 9.9946E-05 0.858989 9.9946E-05
9.9955E-05 0.0658273 0.0165366 0.0719722 9.9955E-05 0.0136929 9.9955E-05 9.9955E-05 0.831471 9.9955E-05
9.9964E-05 0.0186917 0.0404532 0.0640389 0.0276102 0.0202021 9.9964E-05 9.9964E-05 0.828604 9.9964E-05
9.99461E-05 0.0812705 9.99461E-05 9.99461E-05 9.99461E-05 9.99461E-05 0.0656989 0.00823233 0.844199 9.99461E-05
0.0336323 0.406979 9.9982E-05 0.0643461 0.252775 0.00451284 9.9982E-05 0.0426535 0.0967516 0.0981505
9.9982E-05 0.521055 0.000596931 0.14248 0.126232 0.00573563 9.9982E-05 0.0603042 0.104441 0.0389561
9.9955E-05 0.0115935 9.9955E-05 9.9955E-05 0.742763 0.00199826 9.9955E-05 0.227486 0.0156597 9.9955E-05
9.9982E-05 0.510666 0.0412143 0.0759895 0.199717 0.0221161 0.0503054 0.0316104 0.0681817 9.9982E-05
9.9973E-05 0.408632 9.9973E-05 0.0191742 0.317539 0.0146546 9.9973E-05 0.19128 0.03336 0.0150607
0.0714638 0.609935 0.0234749 9.9964E-05 0.192094 9.9964E-05 9.9964E-05 9.9964E-05 0.077589 0.025043
0.0700326 0.509701 0.0205504 9.9973E-05 0.225445 0.00488158 0.127428 0.041662 9.9973E-05 9.9973E-05
0.0442447 0.507212 9.9946E-05 0.0516378 0.396305 9.9946E-05 9.9946E-05 9.9946E-05 9.9946E-05 9.9946E-05
0.0119225 9.9955E-05 9.9955E-05 9.9955E-05 0.675657 0.0875147 9.9955E-05 0.211268 0.0131387 9.9955E-05
0.0141813 0.325257 0.0776466 0.0754661 0.136877 0.0600825 0.11523 0.158731 0.0364285 9.9991E-05
9.9964E-05 0.57728 9.9964E-05 0.00581754 0.283717 9.9964E-05 0.0411447 9.9964E-05 0.0776711 0.013969
9.9982E-05 0.563735 9.9982E-05 0.0828137 0.0671736 0.0112136 0.0324855 0.0591208 0.105863 0.0773953
0.0660716 0.254107 0.0793692 0.0335877 0.494006 0.00861728 0.0639413 9.9973E-05 9.9973E-05 9.9973E-05
9.9937E-05 0.597743 9.9937E-05 9.9937E-05 0.344036 9.9937E-05 9.9937E-05 9.9937E-05 0.0575215 9.9937E-05
9.9955E-05 0.395647 9.9955E-05 9.9955E-05 0.356224 0.101692 9.9955E-05 0.0908328 0.0551051 9.9955E-05
0.0163619 0.314721 9.9964E-05 0.052132 0.540317 0.0189129 0.0571551 9.9964E-05 9.9964E-05 9.9964E-05
9.9955E-05 0.457617 0.0238138 9.9955E-05 0.385778 9.9955E-05 9.9955E-05 9.9955E-05 0.0350049 0.0972861
9.9973E-05 0.555745 9.9973E-05 9.9973E-05 0.153 0.0157669 0.0506902 0.0452244 0.110338 0.068936
0.194923 0.170943 0.135716 0.0293749 9.9973E-05 9.9973E-05 9.9973E-05 0.279834 0.0323426 0.156568
0.021715 0.392923 0.0565276 9.9982E-05 9.9982E-05 0.102502 0.00532112 0.194114 0.129582 0.0971146
0.0885631 0.523677 0.01652 0.0976198 9.9973E-05 0.0616137 9.9973E-05 0.200712 0.0109942 9.9973E-05
0.0477683 0.579003 9.9973E-05 0.026055 0.119238 9.9973E-05 0.0490717 9.9973E-05 0.0840503 0.0945138
0.0606977 0.445533 0.0409317 9.9973E-05 9.9973E-05 9.9973E-05 0.0223453 0.209624 0.0373887 0.183179
0.0535705 0.472421 0.0031973 0.0525468 9.9973E-05 0.0322143 9.9973E-05 0.189574 9.9973E-05 0.196176
0.0977525 0.463016 9.9964E-05 9.9964E-05 9.9964E-05 0.0754325 9.9964E-05 0.200791 0.0313238 0.131284
0.0418057 0.412561 0.0308154 0.0903556 0.136591 9.9973E-05 9.9973E-05 9.9973E-05 0.0718986 0.215673
9.9973E-05 0.573102 0.122028 0.0805886 0.0670772 0.0334725 9.9973E-05 9.9973E-05 0.0233387 0.100094
0.0990814 0.504668 0.0222817 9.9964E-05 9.9964E-05 9.9964E-05 9.9964E-05 0.175278 0.0600359 0.138255
0.00252028 0.506643 9.9973E-05 9.9973E-05 0.0358334 0.0811567 0.000125518 0.166324 9.9973E-05 0.207096
0.0291482 0.62979 0.0973394 9.9973E-05 9.9973E-05 0.0432532 0.105371 9.9973E-05 0.0124316 0.082367
9.9982E-05 0.555163 0.0463138 0.0315311 0.0911943 9.9982E-05 0.0767257 0.0370386 0.108338 0.0534955
0.112058 0.499319 9.9964E-05 0.0433856 9.9964E-05 9.9964E-05 0.0678135 0.131204 9.9964E-05 0.14582
0.0386569 0.511116 0.143784 0.0490686 9.9973E-05 9.9973E-05 9.9973E-05 0.0533235 0.099589 0.104162
0.0401351 0.536145 9.9982E-05 0.100904 9.9982E-05 0.013991 0.0269388 0.141181 0.00393652 0.136568
0.0653852 0.35525 0.122104 9.9982E-05 9.9982E-05 0.0181317 0.0245084 0.24418 0.0587369 0.111504
9.9955E-05 0.608105 0.0190254 0.0934308 9.9955E-05 9.9955E-05 9.9955E-05 0.103507 9.9955E-05 0.175432
0.0810857 0.567447 9.9955E-05 9.9955E-05 9.9955E-05 9.9955E-05 0.157 0.0745433 9.9955E-05 0.119425
9.9982E-05 0.193428 0.00336322 0.0275695 0.161681 9.9982E-05 0.0849154 0.26165 0.000323682 0.266869
0.125743 0.167099 0.226797 0.00376782 0.0356413 0.0245228 0.0144662 0.281815 9.9991E-05 0.120048
0.0326474 0.57209 9.9982E-05 0.0388435 0.0244162 0.11649 9.9982E-05 0.0704901 0.0504894 0.094333
0.29192 0.0526082 0.139761 0.0573593 0.124926 0.111012 9.9982E-05 0.057448 9.9982E-05 0.164765
0.0457669 0.219314 0.0502093 9.9973E-05 0.0454192 9.9973E-05 9.9973E-05 0.417429 0.0609296 0.160632
0.0394178 0.38116 9.9955E-05 9.9955E-05 0.17444 9.9955E-05 9.9955E-05 0.284445 9.9955E-05 0.120037
0.0581959 0.323649 9.9964E-05 9.9964E-05 0.0476458 0.0777435 9.9964E-05 0.354779 9.9964E-05 0.137587
0.0368301 0.263206 9.9973E-05 0.0248387 0.0501871 0.0817977 9.9973E-05 0.407593 9.9973E-05 0.135247
0.0621995 0.579142 0.0409549 9.9973E-05 0.0826839 9.9973E-05 9.9973E-05 0.0749771 0.048263 0.11148
0.0372095 0.450968 9.9982E-05 9.9982E-05 0.0384201 0.0401045 0.170581 0.165981 0.0611595 0.0353762
0.060115 0.610187 0.0917244 9.9964E-05 9.9964E-05 9.9964E-05 9.9964E-05 0.0649214 0.0394974 0.133155
0.0608987 0.126179 0.265713 0.0277796 0.0886379 0.0200033 9.9982E-05 0.158631 9.9982E-05 0.251957
0.00578541 0.457189 0.0848843 9.9982E-05 0.0959919 9.9982E-05 0.0154836 0.0983 0.122028 0.120138
0.060442 0.470757 0.198389 0.0385334 0.0700136 0.0371463 9.9991E-05 0.0661189 0.0444723 0.0140277
0.155076 9.9973E-05 0.435439 9.9973E-05 0.149785 0.0258999 9.9973E-05 0.0745517 0.0764646 0.0824846
0.0532351 0.637681 0.162884 0.014613 0.0351017 9.9973E-05 0.00933545 9.9973E-05 0.0868491 9.9973E-05
0.0247961 0.318272 0.196621 9.9982E-05 0.229339 0.0212252 0.0720375 9.9982E-05 0.105647 0.0318625
0.0767801 0.39471 0.121783 9.9982E-05 0.0824619 0.0252779 0.147825 0.0997145 0.0512473 9.9982E-05
0.00773696 0.298027 0.428993 0.0105292 0.104058 0.11028 9.9991E-05 0.0198002 0.0200957 0.00038003
0.147923 0.200113 0.31857 9.9982E-05 0.0255687 0.0375417 9.9982E-05 0.151637 0.0179163 0.100531
0.177176 0.421499 0.215097 9.9982E-05 0.0500601 0.118844 0.007457 9.9982E-05 0.00337027 0.00629711
0.0811738 0.500555 0.0916891 0.0478742 9.9973E-05 9.9973E-05 9.9973E-05 0.0842453 0.14879 0.045373
0.0468384 0.221898 0.08246 0.0149414 0.156029 9.9991E-05 0.115084 0.200264 0.13965 0.0227357
0.0842686 9.9964E-05 0.348399 0.0873262 0.133657 9.9964E-05 0.107824 0.238126 9.9964E-05 9.9964E-05
0.108721 0.415735 0.0514113 0.130124 9.9991E-05 0.0815616 0.0359975 0.101067 0.064403 0.0108795
0.0400535 0.369327 0.309025 9.9964E-05 0.133223 0.0100169 9.9964E-05 0.137954 9.9964E-05 9.9964E-05
0.0389131 0.42201 0.210599 9.9973E-05 0.131924 0.0115124 9.9973E-05 0.125345 9.9973E-05 0.0593969
0.072685 0.515586 0.158223 0.0915488 0.0513918 9.9973E-05 9.9973E-05 9.9973E-05 0.0877687 0.0224971
9.9964E-05 0.149522 0.297342 0.191404 9.9964E-05 9.9964E-05 0.100316 9.9964E-05 0.242282 0.0187331
9.9946E-05 9.9946E-05 0.399006 0.0589408 9.9946E-05 9.9946E-05 0.126651 9.9946E-05 0.414803 9.9946E-05
9.9937E-05 9.9937E-05 0.521904 0.122227 9.9937E-05 9.9937E-05 9.9937E-05 9.9937E-05 0.35517 9.9937E-05
9.9973E-05 0.0506432 0.210196 0.144231 9.9973E-05 9.9973E-05 0.272701 0.0384654 0.279276 0.00418748
0.064722 0.666173 0.268405 9.9937E-05 9.9937E-05 9.9937E-05 9.9937E-05 9.9937E-05 9.9937E-05 9.9937E-05
0.082275 0.59371 0.134398 0.0396205 0.0121524 0.0598008 9.9982E-05 9.9982E-05 0.069282 0.00856122
0.0160022 0.259298 9.9964E-05 0.642243 9.9964E-05 9.9964E-05 0.0613511 0.0203915 9.9964E-05 0.000314158
0.0364042 0.318184 9.9973E-05 0.434534 0.0323449 9.9973E-05 9.9973E-05 0.0831039 0.0880774 0.00705153
9.9973E-05 0.331169 0.00486356 0.362714 9.9973E-05 0.0383242 0.0711112 0.119327 0.0721902 9.9973E-05
0.218738 0.325162 0.307905 0.0137774 0.0669322 0.0157782 9.9973E-05 0.0514069 9.9973E-05 9.9973E-05
0.00066633 0.537222 0.0829419 9.9991E-05 0.101315 0.00114708 0.110968 0.00392601 0.112556 0.0491583
0.186964 0.215209 0.474695 9.9964E-05 0.0272074 9.9964E-05 9.9964E-05 0.0647559 9.9964E-05 0.0307695
0.0693958 0.555128 0.202735 9.9964E-05 0.0773418 0.0457378 0.0492618 9.9964E-05 9.9964E-05 9.9964E-05
0.144121 0.431899 0.218944 0.0373076 0.0777666 9.9973E-05 9.9973E-05 9.9973E-05 0.0122463 0.0774154
0.105154 0.490112 0.194231 0.0784801 0.051591 0.0800318 9.9964E-05 9.9964E-05 9.9964E-05 9.9964E-05
0.133741 0.204661 0.422816 9.9973E-05 0.147277 0.0223427 9.9973E-05 0.0641429 9.9973E-05 0.00471954
0.0242386 0.613184 0.0791541 0.0846531 0.0146882 9.9982E-05 0.0146857 9.9982E-05 0.102732 0.0664643
0.0119861 0.500007 0.137313 9.9982E-05 0.0699247 0.0255657 0.0937057 0.0996343 0.061663 9.9982E-05
0.0427465 0.00743046 9.9946E-05 0.906811 9.9946E-05 9.9946E-05 0.0424123 9.9946E-05 9.9946E-05 9.9946E-05
0.00825758 0.125969 9.9964E-05 0.816135 9.9964E-05 0.00661804 0.0334396 9.9964E-05 0.00918183 9.9964E-05
9.9964E-05 0.34638 9.9964E-05 0.446456 0.0635487 9.9964E-05 0.0590219 0.0302773 0.0539159 9.9964E-05
0.0184957 0.206766 9.9964E-05 0.598788 9.9964E-05 0.0253716 0.147585 9.9964E-05 9.9964E-05 0.00259422
9.9946E-05 0.0818424 9.9946E-05 0.7038 9.9946E-05 0.0153314 0.198426 9.9946E-05 9.9946E-05 9.9946E-05
9.9937E-05 9.9937E-05 0.000979565 0.976354 9.9937E-05 0.0219668 9.9937E-05 9.9937E-05 9.9937E-05 9.9937E-05
0.00581358 9.9928E-05 9.9928E-05 0.993387 9.9928E-05 9.9928E-05 9.9928E-05 9.9928E-05 9.9928E-05 9.9928E-05
9.9937E-05 0.139997 9.9937E-05 0.737266 9.9937E-05 9.9937E-05 0.122038 9.9937E-05 9.9937E-05 9.9937E-05
9.9937E-05 0.0289195 9.9937E-05 0.967997 9.9937E-05 9.9937E-05 9.9937E-05 9.9937E-05 9.9937E-05 0.00238412
9.9937E-05 9.9937E-05 0.00258786 0.988698 9.9937E-05 9.9937E-05 9.9937E-05 9.9937E-05 0.00801459 9.9937E-05
9.99201E-05 9.99201E-05 9.99201E-05 0.999101 9.99201E-05 9.99201E-05 9.99201E-05 9.99201E-05 9.99201E-05 9.99201E-05
0.00933349 0.120506 9.9964E-05 0.693882 9.9964E-05 9.9964E-05 0.138328 0.0352537 0.00229662 9.9964E-05
9.9991E-05 0.0887517 0.00617025 0.69094 0.00137925 0.023041 0.102989 0.0308511 0.0337662 0.0220112
9.9928E-05 9.9928E-05 9.9928E-05 0.972354 0.0268469 9.9928E-05 9.9928E-05 9.9928E-05 9.9928E-05 9.9928E-05
9.9973E-05 0.303334 9.9973E-05 0.430266 0.114009 9.9973E-05 0.0247803 0.00531457 0.0500073 0.0719887
9.9964E-05 0.221599 9.9964E-05 0.548495 9.9964E-05 9.9964E-05 0.113723 0.0370829 0.038702 0.0399976
9.9955E-05 0.116652 9.9955E-05 0.614327 9.9955E-05 0.0198174 0.204833 9.9955E-05 9.9955E-05 0.043871
9.9946E-05 0.0530764 9.9946E-05 0.863252 9.9946E-05 9.9946E-05 0.0609495 0.0221228 9.9946E-05 9.9946E-05
9.9928E-05 9.9928E-05 9.9928E-05 0.71395 9.9928E-05 9.9928E-05 0.285251 9.9928E-05 9.9928E-05 9.9928E-05
9.9946E-05 0.0670182 9.9946E-05 0.727063 9.9946E-05 9.9946E-05 0.182757 9.9946E-05 0.0225619 9.9946E-05
9.9937E-05 9.9937E-05 9.9937E-05 0.912964 9.9937E-05 9.9937E-05 0.0773932 9.9937E-05 9.9937E-05 0.00894331
0.0189037 0.186134 9.9964E-05 0.565222 9.9964E-05 9.9964E-05 0.0976883 0.084634 9.9964E-05 0.0470176
0.00623417 9.9946E-05 9.9946E-05 0.895812 9.9946E-05 9.9946E-05 9.9946E-05 0.0810106 0.0163436 9.9946E-05
0.0823893 9.9964E-05 0.538885 0.00783874 9.9964E-05 9.9964E-05 0.0356081 0.100355 0.234524 9.9964E-05
9.9973E-05 0.368714 0.221797 0.0413299 9.9973E-05 0.0984006 0.0454387 9.9973E-05 0.112814 0.111206
9.9973E-05 0.440681 0.203314 0.042636 0.0467873 0.0423265 9.9973E-05 9.9973E-05 0.218394 0.00556021
9.9955E-05 0.236813 0.529857 0.0544244 9.9955E-05 0.0286113 9.9955E-05 9.9955E-05 0.149794 9.9955E-05
0.0601987 0.280005 0.221297 9.9982E-05 0.071694 0.0407963 0.300531 0.015494 0.00978476 9.9982E-05
0.0138203 0.246327 0.387959 0.0964391 0.0450724 9.9964E-05 9.9964E-05 9.9964E-05 0.209983 9.9964E-05
0.106025 0.277357 0.0114309 9.9973E-05 9.9973E-05 0.148239 0.202146 0.069211 0.185291 9.9973E-05
9.9973E-05 0.333432 0.275149 0.0957943 0.0852139 0.0162357 0.128158 9.9973E-05 0.0657172 9.9973E-05
0.0475547 0.404313 0.173521 0.0212572 9.9982E-05 9.9982E-05 0.268668 0.00484314 0.0414845 0.0381577
0.00812702 0.375904 0.325796 0.12297 9.9964E-05 9.9964E-05 0.0774936 9.9964E-05 0.0893092 9.9964E-05
0.00824722 0.400338 0.139134 9.9982E-05 0.0243967 9.9982E-05 0.196657 0.107877 0.0983804 0.0247702
0.0097199 9.9964E-05 0.0627968 9.9964E-05 9.9964E-05 0.0537448 0.0836839 9.9964E-05 0.721917 0.0677375
0.0469569 9.9946E-05 9.9946E-05 0.0308692 9.9946E-05 9.9946E-05 0.0618439 9.9946E-05 0.85973 9.9946E-05
0.00392412 0.00491821 0.00502757 9.9955E-05 0.0371667 9.9955E-05 9.9955E-05 9.9955E-05 0.948464 9.9955E-05
9.9946E-05 0.0366905 9.9946E-05 9.9946E-05 9.9946E-05 0.0185643 9.9946E-05 9.9946E-05 0.920096 0.0240492
9.9964E-05 9.9964E-05 0.00465626 0.00171627 9.9964E-05 9.9964E-05 0.0587517 0.0637639 0.838996 0.0317163
0.0390487 9.9946E-05 9.9946E-05 0.0599798 9.9946E-05 9.9946E-05 0.0250979 9.9946E-05 0.875274 9.9946E-05
9.9946E-05 9.9946E-05 9.9946E-05 0.0304566 9.9946E-05 9.9946E-05 0.116439 9.9946E-05 0.814853 0.0376513
0.108773 0.018282 0.0347108 9.9955E-05 9.9955E-05 9.9955E-05 0.00668619 9.9955E-05 0.831048 9.9955E-05
9.9937E-05 9.9937E-05 9.9937E-05 9.9937E-05 0.079677 9.9937E-05 0.0514371 9.9937E-05 0.868186 9.9937E-05
9.9937E-05 9.9937E-05 9.9937E-05 9.9937E-05 9.9937E-05 9.9937E-05 0.178948 0.0401957 0.780157 9.9937E-05
0.012485 9.9964E-05 9.9964E-05 0.00330224 0.0822165 0.071914 9.9964E-05 0.214989 0.614694 9.9964E-05
9.9964E-05 9.9964E-05 9.9964E-05 9.9964E-05 0.0218776 0.190035 0.0924129 0.156476 0.494191 0.0446062
0.00232302 9.9973E-05 0.0909519 9.9973E-05 0.0246492 0.0687122 9.9973E-05 0.266399 0.503557 0.0431085
0.00746467 9.9964E-05 9.9964E-05 9.9964E-05 0.0571543 0.0971881 9.9964E-05 0.321683 0.494524 0.0215864
9.9964E-05 0.526607 9.9964E-05 9.9964E-05 0.16398 0.00201542 9.9964E-05 0.172542 0.108241 0.0262142
0.127551 0.330684 9.9964E-05 9.9964E-05 0.202565 0.0827152 0.114081 0.142004 9.9964E-05 9.9964E-05
9.9982E-05 0.565807 0.0864274 0.0180113 0.079127 0.0873505 9.9982E-05 0.14667 0.00504313 0.0113636
9.9973E-05 0.396875 0.0349315 9.9973E-05 0.135747 0.0466479 9.9973E-05 0.259494 0.0279896 0.0980147
0.0197592 0.0659908 9.9982E-05 0.00390073 0.0793434 0.0738963 0.00956786 0.407687 9.9982E-05 0.339655
0.0833659 0.41904 9.9973E-05 0.0375666 0.270727 0.0389004 0.137521 9.9973E-05 0.0125792 9.9973E-05
9.9964E-05 0.532461 0.0437385 0.0601101 0.299161 9.9964E-05 9.9964E-05 0.0270238 9.9964E-05 0.0371058
0.0605452 0.408872 0.0204428 0.0301929 0.265713 0.0205077 0.0447595 0.148768 9.9982E-05 9.9982E-05
0.00678531 0.317516 0.047255 0.0956433 0.532301 9.9955E-05 9.9955E-05 9.9955E-05 9.9955E-05 9.9955E-05
9.9973E-05 0.597352 0.0348043 0.0428134 0.140709 0.0863456 9.9973E-05 9.9973E-05 0.0465685 0.0511066
0.053955 0.400809 9.9955E-05 9.9955E-05 0.37598 0.0933733 9.9955E-05 0.0753827 9.9955E-05 9.9955E-05
0.229291 9.9937E-05 9.9937E-05 9.9937E-05 0.70015 9.9937E-05 9.9937E-05 9.9937E-05 9.9937E-05 0.0698594
0.0387164 0.453203 0.00422534 9.9991E-05 0.222843 0.044561 0.0905341 0.0450053 0.055842 0.0449695
0.168452 0.276433 0.130545 0.0254064 0.398663 9.9955E-05 9.9955E-05 9.9955E-05 9.9955E-05 9.9955E-05
0.083547 0.491181 9.9955E-05 0.0495517 0.322852 9.9955E-05 9.9955E-05 9.9955E-05 9.9955E-05 0.0523685
0.0253162 0.0511923 9.9973E-05 9.9973E-05 0.655872 0.0613795 9.9973E-05 0.142283 0.0529795 0.0106775
9.9946E-05 9.9946E-05 0.0140413 9.9946E-05 9.9946E-05 0.847832 9.9946E-05 9.9946E-05 0.0402095 0.0973176
9.9928E-05 9.9928E-05 9.9928E-05 9.9928E-05 9.9928E-05 0.987885 0.0113157 9.9928E-05 9.9928E-05 9.9928E-05
9.99201E-05 9.99201E-05 9.99201E-05 9.99201E-05 9.99201E-05 0.999101 9.99201E-05 9.99201E-05 9.99201E-05 9.99201E-05
9.9955E-05 9.9955E-05 9.9955E-05 9.9955E-05 0.00918424 0.918192 9.9955E-05 0.035038 0.0369256 0.000160652
9.9946E-05 9.9946E-05 9.9946E-05 0.00440176 9.9946E-05 0.929584 0.00173942 0.0636754 9.9946E-05 9.9946E-05
9.9937E-05 9.9937E-05 9.9937E-05 0.0611414 9.9937E-05 0.857627 9.9937E-05 9.9937E-05 9.9937E-05 0.0805316
0.00683687 0.0786254 9.9973E-05 0.0599652 0.0144216 0.0135814 0.0277089 9.9973E-05 0.798561 9.9973E-05
9.9955E-05 0.0500988 9.9955E-05 9.9955E-05 9.9955E-05 9.9955E-05 0.10008 0.017229 0.77562 0.0564725
0.00012392 0.114139 9.9964E-05 0.0723996 9.9964E-05 9.9964E-05 0.0343285 0.0577717 0.720837 9.9964E-05
9.9946E-05 9.9946E-05 9.9946E-05 0.126012 9.9946E-05 0.0208239 9.9946E-05 0.109183 0.743381 9.9946E-05
9.9973E-05 0.0112157 0.01287 0.0459216 9.9973E-05 9.9973E-05 0.115261 0.0642448 0.743983 0.00620385
9.9964E-05 9.9964E-05 0.0831883 9.9964E-05 0.0353539 0.182926 9.9964E-05 0.0480967 0.344616 0.30542
0.0702732 9.9973E-05 0.0182799 9.9973E-05 0.0925319 0.282869 9.9973E-05 0.0162884 0.418724 0.100734
0.112216 9.9964E-05 9.9964E-05 9.9964E-05 0.0401261 0.300704 9.9964E-05 0.0169716 0.390667 0.138915
9.9955E-05 0.112289 9.9955E-05 0.0585519 9.9955E-05 9.9955E-05 9.9955E-05 0.0106838 0.798858 0.0191182
0.0532573 9.9973E-05 0.0295294 9.9973E-05 0.0547248 0.366219 9.9973E-05 0.00225784 0.334829 0.158882
0.0476045 0.204573 0.103204 0.170155 9.9982E-05 9.9982E-05 0.329725 0.0112611 0.0783922 0.0548861
9.9973E-05 0.458555 9.9973E-05 0.139528 9.9973E-05 0.0732554 0.185069 0.0436621 0.0811205 0.0185102
9.9946E-05 0.503381 9.9946E-05 0.146997 9.9946E-05 9.9946E-05 0.174297 9.9946E-05 0.174726 9.9946E-05
9.9973E-05 0.309305 0.114792 0.101872 0.0632299 0.0545644 0.226546 9.9973E-05 0.129391 9.9973E-05
9.9955E-05 0.243539 9.9955E-05 9.9955E-05 0.148592 9.9955E-05 0.416359 9.9955E-05 0.0706541 0.120357
9.9955E-05 9.9955E-05 0.266143 0.066936 9.9955E-05 0.00598221 0.336747 9.9955E-05 0.323692 9.9955E-05
0.0421747 0.411691 9.9973E-05 9.9973E-05 0.106846 0.0902427 9.9973E-05 0.228959 0.0299003 0.0898868
0.208529 0.303238 0.1188 9.9973E-05 0.0783664 9.9973E-05 0.0582384 0.0641941 9.9973E-05 0.168334
0.016828 0.117158 9.9973E-05 9.9973E-05 9.9973E-05 0.0604241 0.0611101 0.592517 0.0398378 0.111825
0.231621 0.475633 0.0522356 9.9973E-05 0.0148778 9.9973E-05 0.0350036 0.0678959 9.9973E-05 0.122433
0.377989 9.9964E-05 0.289272 9.9964E-05 0.165463 0.0205981 9.9964E-05 0.138192 9.9964E-05 0.0080858
9.9964E-05 0.432975 0.0437148 0.10397 9.9964E-05 9.9964E-05 9.9964E-05 0.259175 0.12721 0.0325552
0.173526 0.358444 0.0248382 9.9982E-05 9.9982E-05 0.026445 0.0977533 0.224713 0.0344304 0.0596502
0.03233 0.287561 0.0102223 9.9964E-05 9.9964E-05 9.9964E-05 9.9964E-05 0.483375 0.0140563 0.172055
0.0275801 0.470598 0.0563878 0.0305177 0.0555186 9.9991E-05 0.0307966 0.0680962 0.0955209 0.164884
0.101415 0.035788 0.273875 9.9964E-05 0.0939372 9.9964E-05 0.0166484 0.477937 9.9964E-05 9.9964E-05
0.134816 0.477517 0.0816679 0.0825828 0.0302963 0.0335093 9.9982E-05 0.0858879 9.9982E-05 0.0735224
0.0661458 0.510113 9.9964E-05 0.0353885 9.9964E-05 0.0278394 9.9964E-05 0.184599 9.9964E-05 0.175514
9.9982E-05 0.193952 0.00347065 0.0295947 0.172021 0.0551572 0.457484 0.0273968 9.9982E-05 0.0607231
0.137965 0.359758 0.130287 9.9973E-05 0.109498 0.0217011 9.9973E-05 0.192406 9.9973E-05 0.0480844
0.14877 0.366321 0.0624352 0.0483982 0.0131785 0.0192812 0.0146281 0.207372 9.9991E-05 0.119516
0.0902447 0.488654 0.0262632 0.0721038 0.131666 9.9973E-05 9.9973E-05 0.176438 9.9973E-05 0.0143304
0.0514383 0.454367 0.0169222 9.9982E-05 0.128785 0.0590951 0.105017 0.165731 9.9982E-05 0.0184453
0.018837 0.565567 0.0154756 9.9982E-05 0.0761746 0.032972 0.144093 0.0187769 9.9982E-05 0.127904
0.00572114 0.396607 0.0205476 0.0145429 0.0701096 0.0764294 0.185547 0.13104 0.0336137 0.0658423
9.9982E-05 0.524539 0.0569676 9.9982E-05 0.0715328 0.123321 0.0709349 0.111691 0.00663723 0.0341774
9.9937E-05 0.144907 9.9937E-05 0.113784 9.9937E-05 9.9937E-05 9.9937E-05 9.9937E-05 0.74061 9.9937E-05
0.0330253 0.111589 9.9964E-05 0.00714269 0.0140999 9.9964E-05 0.0199122 9.9964E-05 0.813831 9.9964E-05
0.0509477 0.0733729 0.0353937 9.9973E-05 0.0347789 9.9973E-05 0.00417429 9.9973E-05 0.765809 0.0352238
0.0419324 9.9964E-05 9.9964E-05 0.0132796 0.0135598 0.079981 0.0859119 9.9964E-05 0.764935 9.9964E-05
9.9946E-05 0.147037 9.9946E-05 0.0302443 9.9946E-05 9.9946E-05 0.0032297 9.9946E-05 0.818889 9.9946E-05
9.9973E-05 0.10308 0.0361489 0.0312034 9.9973E-05 0.0282071 9.9973E-05 0.585846 0.0222249 0.19299
0.126947 0.4232 9.9982E-05 0.00807787 0.0916415 9.9982E-05 0.0737418 0.180783 0.0447739 0.0506352
0.0912371 0.31595 0.0426196 0.0468057 0.0360816 0.00610726 0.283331 0.0596895 0.118079 9.9991E-05
0.0629726 0.582961 0.0529735 0.14039 9.9973E-05 0.0147008 9.9973E-05 0.101149 9.9973E-05 0.0445539
0.14126 0.42019 9.9982E-05 0.0465416 0.137299 9.9982E-05 0.0209537 0.062622 0.0523235 0.11861
0.15624 0.20427 0.161217 0.0800899 9.9964E-05 9.9964E-05 9.9964E-05 0.211811 9.9964E-05 0.185973
9.9964E-05 9.9964E-05 0.0790054 9.9964E-05 0.0689631 0.0692882 9.9964E-05 0.442739 0.0997523 0.239853
0.0297189 0.503911 9.9982E-05 0.0618673 0.0486822 0.0880287 9.9982E-05 0.146859 0.00963055 0.111103
0.0756945 0.042756 0.00225375 0.108424 0.0422929 0.137728 9.9991E-05 0.375399 0.0545141 0.160838
0.0954474 0.362775 0.0638112 0.0721372 0.0957338 9.9982E-05 0.0625195 0.0646858 9.9982E-05 0.182691
0.0827513 0.0589372 9.9982E-05 0.00492883 0.0183443 0.0439633 9.9982E-05 0.496568 0.14949 0.144817
9.9964E-05 0.528851 0.0126937 0.0757266 9.9964E-05 9.9964E-05 9.9964E-05 0.110278 0.162861 0.10919
0.00523432 0.143303 9.9964E-05 9.9964E-05 0.0349384 9.9964E-05 9.9964E-05 0.600938 0.10653 0.108657
0.117816 0.217468 0.046406 0.078166 0.0735926 0.0767498 0.0357215 0.170151 0.00999217 0.173937
0.0661859 0.477601 0.114895 0.0254557 0.0739887 0.000791429 9.9982E-05 0.159438 0.0814442 9.9982E-05
0.135479 0.347392 0.3516 9.9964E-05 9.9964E-05 0.124503 9.9964E-05 0.0261615 9.9964E-05 0.0144659
9.9955E-05 0.488307 0.213135 9.9955E-05 0.0545658 0.0694759 9.9955E-05 0.174016 9.9955E-05 9.9955E-05
0.0996268 0.393624 0.0649563 0.0462805 0.0691835 0.105557 0.125905 0.0861404 0.00862731 9.9991E-05
0.126717 0.39564 0.391192 9.9955E-05 9.9955E-05 0.0354455 9.9955E-05 0.0505059 9.9955E-05 9.9955E-05
0.0752902 0.539711 0.114933 0.05555 9.9973E-05 0.0882508 0.0128984 0.113066 9.9973E-05 9.9973E-05
0.0526671 0.558337 0.224329 9.9964E-05 0.0972555 0.0640185 9.9964E-05 9.9964E-05 9.9964E-05 0.00299298
0.191431 0.123562 0.437101 9.9964E-05 0.119423 0.0618979 9.9964E-05 9.9964E-05 9.9964E-05 0.0661859
0.0580366 0.301087 0.498001 9.9955E-05 0.0723021 0.0700738 9.9955E-05 9.9955E-05 9.9955E-05 9.9955E-05
0.119079 0.533084 0.2407 9.9955E-05 9.9955E-05 0.022906 9.9955E-05 9.9955E-05 9.9955E-05 0.0837323
0.141891 0.167413 0.354879 9.9964E-05 0.140547 0.113508 9.9964E-05 0.081362 9.9964E-05 9.9964E-05
9.9964E-05 0.426464 0.23148 9.9964E-05 0.122163 0.0855964 9.9964E-05 0.133683 9.9964E-05 0.000214011
9.9964E-05 0.016226 9.9964E-05 9.9964E-05 0.0858369 0.0435748 0.0912815 0.514179 9.9964E-05 0.248502
0.277908 0.249528 0.00564467 9.9964E-05 0.0393897 9.9964E-05 9.9964E-05 0.22993 9.9964E-05 0.1972
0.0793334 0.238862 9.9982E-05 0.00562838 0.0168638 0.0504863 0.153617 0.333118 9.9982E-05 0.121891
9.9955E-05 0.567341 9.9955E-05 9.9955E-05 9.9955E-05 0.110944 0.15111 0.159526 9.9955E-05 0.0105789
0.0394815 0.132268 9.9973E-05 0.0438645 0.0766497 0.0228563 9.9973E-05 0.543892 9.9973E-05 0.140688
0.102332 0.343693 0.102442 0.178602 9.9973E-05 0.148457 0.0466158 0.077559 9.9973E-05 9.9973E-05
9.9964E-05 0.539432 9.9964E-05 0.0704083 9.9964E-05 0.0682442 0.0588717 0.0944403 9.9964E-05 0.168203
0.00772396 0.444349 9.9973E-05 0.0305858 0.039593 9.9973E-05 0.156279 0.202098 9.9973E-05 0.119071
0.0749129 0.410551 9.9991E-05 0.0833769 0.0644634 0.058024 0.0551734 0.210412 0.0021343 0.0408519
9.9982E-05 0.341111 9.9982E-05 0.0479245 0.185356 0.0388502 0.0222042 0.171417 0.043169 0.149768
0.0239127 0.131457 9.9973E-05 0.0926147 0.0928995 0.00751056 9.9973E-05 0.47509 9.9973E-05 0.176215
0.0604864 0.137212 9.9982E-05 0.0925728 0.0383265 0.0718832 0.0748136 0.25664 9.9982E-05 0.267865
0.0680462 0.527722 9.9973E-05 9.9973E-05 0.0759437 0.0318415 0.0716538 0.111148 9.9973E-05 0.113345
0.00605089 0.614155 0.0227626 0.0768916 0.0675496 0.0146203 9.9982E-05 0.116205 9.9982E-05 0.0815651
0.0806241 0.322983 0.0679273 9.9973E-05 0.0460267 9.9973E-05 0.12944 0.16182 9.9973E-05 0.190878
0.133417 0.447553 9.9964E-05 0.104354 0.0269277 9.9964E-05 9.9964E-05 0.0674124 9.9964E-05 0.219936
9.9982E-05 0.311497 0.0458914 0.0348324 9.9982E-05 0.0250291 0.0280988 0.244868 0.0700581 0.239525
0.0412759 0.644233 9.9955E-05 0.0505925 9.9955E-05 9.9955E-05 9.9955E-05 0.179768 9.9955E-05 0.0836316
0.0797713 0.491881 9.9982E-05 9.9982E-05 0.0579126 0.0208118 0.0465128 0.173998 0.0376839 0.0912284
0.0749352 0.471243 0.0190405 0.0996708 9.9973E-05 9.9973E-05 9.9973E-05 0.0512079 0.0972882 0.186314
9.9964E-05 0.254219 9.9964E-05 9.9964E-05 0.111867 0.0198792 0.341526 0.0342534 0.237856 9.9964E-05
9.9973E-05 0.28955 0.0535876 0.0498564 0.115745 9.9973E-05 0.276911 0.110497 0.103553 9.9973E-05
9.9982E-05 0.363036 0.147324 0.135984 0.0107951 0.0283098 0.178493 0.118595 0.0172628 9.9982E-05
0.0499542 0.414739 9.9973E-05 0.0724426 9.9973E-05 0.0302962 0.199208 0.159646 0.0734135 9.9973E-05
9.9964E-05 0.218271 9.9964E-05 0.133909 0.0844324 9.9964E-05 0.243321 0.181221 0.138446 9.9964E-05
0.155434 0.39686 0.0947481 0.0521139 9.9973E-05 0.0227862 9.9973E-05 0.215584 9.9973E-05 0.062174
9.9982E-05 0.504334 0.0239466 0.0616192 0.0515276 9.9982E-05 0.132358 0.0982693 0.0937325 0.0340134
9.9964E-05 9.9964E-05 0.418152 0.0335112 0.124357 9.9964E-05 0.161647 0.101012 0.160921 9.9964E-05
9.9973E-05 0.372795 0.0675796 0.0504971 9.9973E-05 9.9973E-05 0.254102 0.179074 0.0418214 0.0338303
0.0220847 0.535599 0.10826 0.0941954 0.0381079 0.0297458 0.104101 9.9991E-05 0.027966 0.0398404
0.0925957 0.302581 9.9982E-05 0.190956 9.9982E-05 0.108112 0.135878 0.11635 0.00659165 0.0467351
9.9973E-05 0.204421 0.215584 9.9973E-05 0.0579913 0.00255754 0.156048 0.21582 0.147279 9.9973E-05
9.9982E-05 0.265292 0.0348943 0.0508673 0.0532347 0.055896 0.309995 0.171665 0.0579552 9.9982E-05
0.0948585 0.518107 0.0442003 9.9973E-05 9.9973E-05 9.9973E-05 0.253963 0.0324486 0.0460197 0.0101036
9.9946E-05 9.9946E-05 0.396459 0.0796793 9.9946E-05 9.9946E-05 0.120047 9.9946E-05 0.403216 9.9946E-05
9.9964E-05 0.46285 0.0570597 0.0548171 9.9964E-05 9.9964E-05 0.24914 0.0684582 0.107275 9.9964E-05
0.0195721 0.341305 0.00366615 0.112383 0.033973 0.00317635 0.332823 0.0596211 0.0933808 9.9991E-05
9.9964E-05 0.565725 0.146213 0.0565742 9.9964E-05 9.9964E-05 0.0679298 0.0238154 0.139343 9.9964E-05
0.00515744 0.518844 0.0794617 0.173152 9.9982E-05 9.9982E-05 0.071701 0.00423391 0.136486 0.0107644
9.9982E-05 0.444685 9.9982E-05 0.0477071 0.0537849 0.0179214 0.219121 0.097255 0.100065 0.01926
0.398558 0.363949 9.9973E-05 0.0538065 0.0323415 9.9973E-05 0.0119637 9.9973E-05 0.0364647 0.102616
0.182384 0.342628 9.9973E-05 9.9973E-05 0.0351084 9.9973E-05 0.209539 0.121678 0.0255317 0.0828312
0.753286 9.9946E-05 9.9946E-05 9.9946E-05 0.113195 0.0485263 9.9946E-05 0.084393 9.9946E-05 9.9946E-05
0.930492 9.99549E-05 9.99549E-05 9.99549E-05 0.0158369 9.99549E-05 9.99549E-05 0.0107104 0.00406516 0.0383957
0.273977 0.354702 9.9982E-05 0.0520285 0.0919118 0.042882 0.126879 0.0454167 0.0120021 9.9982E-05
0.0246997 0.351902 0.191636 0.169472 9.9973E-05 9.9973E-05 0.189914 0.0433281 0.0287483 9.9973E-05
0.220181 0.15581 9.9964E-05 0.0824303 0.0229954 9.9964E-05 0.511871 9.9964E-05 9.9964E-05 0.00631309
0.109788 0.0463981 0.109544 0.166842 0.0906218 9.9982E-05 0.304509 0.0835358 0.0885615 9.9982E-05
0.21325 0.206235 9.9964E-05 0.127511 9.9964E-05 9.9964E-05 0.322631 0.0647067 0.0652663 9.9964E-05
0.610673 0.0142662 0.171113 0.00143289 9.9964E-05 9.9964E-05 0.161361 9.9964E-05 0.0407545 9.9964E-05
0.662048 0.013761 9.9946E-05 9.9946E-05 9.9946E-05 9.9946E-05 0.234342 9.9946E-05 0.089249 9.9946E-05
0.266847 0.456476 9.9955E-05 0.0434499 9.9955E-05 0.104228 0.128499 9.9955E-05 9.9955E-05 9.9955E-05
0.412852 0.367557 9.9964E-05 0.114423 9.9964E-05 0.0207659 0.0414739 9.9964E-05 0.0425278 9.9964E-05
0.647543 0.102259 9.9955E-05 0.0695892 9.9955E-05 9.9955E-05 0.109421 9.9955E-05 0.0706881 9.9955E-05
0.306075 0.359234 9.9964E-05 0.0374315 9.9964E-05 0.025838 0.187971 0.0830496 9.9964E-05 9.9964E-05
0.322105 0.412813 9.9973E-05 0.0869404 9.9973E-05 0.0750872 0.0700233 0.0148687 9.9973E-05 0.0178623
0.19128 0.40857 9.9991E-05 0.0159235 0.089741 0.0369914 0.149721 0.0327709 0.0452906 0.0296123
0.47815 0.284298 0.0525245 9.9982E-05 0.0289022 0.0442546 9.9982E-05 0.107189 0.000657956 0.00382417
0.407324 0.280621 9.9973E-05 0.0494601 0.0651966 9.9973E-05 0.0169539 0.144731 9.9973E-05 0.0354134
0.271986 0.43587 0.0650747 9.9973E-05 0.0593788 9.9973E-05 0.0949357 0.0481547 9.9973E-05 0.0242998
0.341684 0.407689 0.0285587 0.00835852 9.9991E-05 0.0678074 0.0194122 0.0654581 0.0114351 0.0494971
0.191919 0.258542 0.0402689 0.0621886 0.101126 0.0280828 0.188918 0.04715 0.0200616 0.0617432
0.419622 0.455048 0.0572635 0.0122889 9.9964E-05 0.0246741 9.9964E-05 0.0307037 9.9964E-05 9.9964E-05
0.704575 0.157371 9.9964E-05 9.9964E-05 9.9964E-05 0.0739687 0.0222012 0.0264665 9.9964E-05 0.0150175
0.338072 0.469004 0.00726764 9.9955E-05 0.0540001 9.9955E-05 0.131157 9.9955E-05 9.9955E-05 9.9955E-05
0.705688 0.18352 9.9964E-05 0.0303383 0.0166954 0.00467969 9.9964E-05 0.0586785 9.9964E-05 9.9964E-05
0.603769 0.355468 9.9955E-05 0.00753648 9.9955E-05 0.0218572 9.9955E-05 9.9955E-05 0.0108695 9.9955E-05
0.249918 0.474144 0.00941593 0.0236296 0.00950429 0.0944361 0.0240053 9.9991E-05 0.0549029 0.0599438
0.387682 0.563866 9.9946E-05 0.00171808 9.9946E-05 9.9946E-05 9.9946E-05 9.9946E-05 9.9946E-05 0.0461338
0.00370287 0.301749 9.9982E-05 0.0357101 0.0622419 0.00187719 0.36398 0.161497 0.0690424 9.9982E-05
0.0078782 0.27258 0.126895 0.244448 0.0379223 0.164683 9.9982E-05 0.0825902 0.0628019 9.9982E-05
0.10619 0.238555 0.0472353 0.132228 0.0285228 0.0149123 0.267004 9.9991E-05 0.108973 0.0562799
0.0469177 0.193647 0.0895265 0.0653781 0.0204449 0.0532844 0.353603 0.0899669 0.0357267 0.0515052
9.9973E-05 0.292561 0.0701494 0.0985485 0.159958 9.9973E-05 0.210585 9.9973E-05 0.0891228 0.078776
0.226128 0.299119 0.0156471 0.0296487 9.9982E-05 0.0158995 0.202358 9.9982E-05 0.185075 0.0259245
0.571006 9.9955E-05 0.0510892 9.9955E-05 9.9955E-05 0.0710788 0.165842 9.9955E-05 0.140485 9.9955E-05
0.0867383 0.526504 9.9982E-05 0.154807 0.0028734 0.0700277 0.122407 9.9982E-05 0.0308357 0.0056072
0.367643 9.9955E-05 0.182074 0.03578 9.9955E-05 9.9955E-05 0.105792 9.9955E-05 0.308211 9.9955E-05
0.240721 0.378528 9.9946E-05 0.0202507 9.9946E-05 9.9946E-05 0.359901 9.9946E-05 9.9946E-05 9.9946E-05
0.782247 0.0486876 0.0185979 9.9955E-05 0.14827 0.0016976 9.9955E-05 9.9955E-05 9.9955E-05 9.9955E-05
0.883248 9.9946E-05 0.00246828 9.9946E-05 0.0755949 9.9946E-05 9.9946E-05 0.0380895 9.9946E-05 9.9946E-05
0.389757 0.347196 9.9964E-05 9.9964E-05 0.0529992 9.9964E-05 0.038187 0.139078 9.9964E-05 0.0323832
