9.9982E-05 0.0201518 0.90194 9.9982E-05 0.077708
9.9982E-05 9.9982E-05 0.944406 0.038773 0.016621
0.0861967 0.050314 0.797052 9.9991E-05 0.0663373
0.0240358 0.0864386 0.811413 9.9991E-05 0.0780123
0.0460846 0.0542874 0.857461 9.9991E-05 0.042067
0.0721958 0.0561719 0.635608 0.136385 0.099639
9.9991E-05 0.00718357 0.853743 0.0940694 0.0449041
9.999E-05 0.0158722 0.736442 0.0825241 0.165062
9.9982E-05 9.9982E-05 0.827263 0.0981404 0.0743967
0.0913428 0.10151 0.712644 0.0427903 0.0517122
0.0459352 9.9991E-05 0.767406 0.0769761 0.109583
0.311686 0.0737307 9.9991E-05 0.0405197 0.573963
0.492386 0.169068 9.9982E-05 9.9982E-05 0.338346
0.211552 0.147122 0.0353217 0.116572 0.489432
0.313607 0.212368 0.0119944 0.0115321 0.450499
0.48788 0.0879927 0.136548 0.114084 0.173496
0.515786 0.169699 0.0409146 0.0873964 0.186204
0.487217 0.0800649 0.0543077 0.0811265 0.297284
0.331963 0.101445 0.14944 9.9991E-05 0.417053
0.00115591 0.128085 0.0258009 0.137722 0.707236
0.452136 0.0842793 9.9991E-05 0.121558 0.341927
0.51969 0.055069 0.0925843 0.295615 0.0370418
0.617663 0.00160385 9.9991E-05 0.0937054 0.286928
0.285964 0.159275 0.00932824 0.150027 0.395406
0.680094 0.116375 0.152868 9.9991E-05 0.0505628
0.495094 0.167174 9.9991E-05 0.0672096 0.270423
0.203247 0.163469 9.9991E-05 0.102507 0.530677
0.177184 0.243582 0.0152759 0.0830524 0.480905
0.282737 0.0115486 0.00352757 0.197368 0.504818
0.0676972 0.0938666 0.838236 9.9982E-05 9.9982E-05
0.134886 0.0163605 0.848554 9.9982E-05 9.9982E-05
0.135156 0.0614575 0.797484 9.9991E-05 0.00580224
0.145566 0.111388 0.742846 9.9982E-05 9.9982E-05
0.631526 0.0295707 0.0514341 0.151059 0.13641
0.562685 9.9991E-05 0.150342 0.205893 0.0809797
0.728367 0.00306671 0.0419931 0.226473 9.9991E-05
0.228583 0.0152755 0.133476 0.0722203 0.550446
0.512596 0.0446659 9.9982E-05 0.442539 9.9982E-05
0.614779 0.0639004 0.0373844 0.145218 0.138718
0.737754 0.0529883 0.0997014 0.101777 0.00777891
0.670411 9.9982E-05 0.119279 0.21011 9.9982E-05
0.734717 0.0237977 0.132171 0.00358176 0.105732
0.36492 9.9982E-05 9.9982E-05 0.363832 0.271048
0.541459 0.144799 0.0182496 0.225315 0.0701776
0.679891 0.0816157 0.0261316 0.166401 0.0459607
0.618815 0.083532 0.210086 0.0874676 9.9991E-05
0.541099 9.9991E-05 0.00507987 0.395241 0.0584793
0.63474 0.17891 9.9991E-05 0.183633 0.00261785
0.560761 0.129227 0.100475 0.121311 0.0882259
0.0301818 9.9991E-05 0.0981952 0.836141 0.0353816
0.299954 0.00272196 9.9991E-05 0.21236 0.484864
0.114832 0.0689952 0.0289705 0.55075 0.236452
0.681413 0.0104475 0.111189 9.9991E-05 0.196851
0.644831 0.116554 0.10728 0.131236 9.9991E-05
0.591387 0.0939293 0.0923174 0.125958 0.0964083
0.287582 9.9991E-05 0.0784389 0.267869 0.36601
0.551535 0.0603918 0.00583557 0.138176 0.244061
0.593793 0.0943537 0.0971214 0.122862 0.0918702
0.49297 0.0131077 0.0971256 0.180946 0.215851
0.120878 0.0727122 0.206549 0.19093 0.40893
0.645594 0.0320716 0.0915506 0.107098 0.123685
0.500204 0.0479391 0.0789306 0.128085 0.244841
0.0679255 9.9991E-05 0.0490044 0.311275 0.571695
0.543216 0.0467122 9.9991E-05 0.101427 0.308544
0.559454 0.213612 9.9991E-05 0.117261 0.109573
0.556208 0.0588216 0.113143 0.0643668 0.207462
0.303513 0.109615 0.0340067 0.264686 0.288179
0.489414 0.141144 9.9991E-05 0.14327 0.226072
0.549138 0.104205 0.0489586 0.0519696 0.245729
0.278679 0.00589206 0.00529017 0.262013 0.448126
0.712801 9.9982E-05 9.9982E-05 0.101587 0.185412
0.451157 9.9982E-05 9.9982E-05 0.324564 0.224079
0.696502 0.0435798 0.065846 0.0820455 0.112027
0.23671 9.9982E-05 9.9982E-05 0.695341 0.0677494
0.178826 9.9982E-05 9.9982E-05 0.686474 0.1345
0.483501 9.9982E-05 9.9982E-05 0.484781 0.0315175
0.60306 9.9982E-05 9.9982E-05 0.256663 0.140077
0.609745 0.0567673 0.145588 0.0537927 0.134107
0.601133 9.9991E-05 0.0729598 0.261014 0.0647935
0.356242 0.0163685 9.9991E-05 0.257174 0.370115
0.415959 9.9991E-05 0.00959573 0.219176 0.35517
0.52955 0.111679 9.9991E-05 0.140201 0.21847
0.472992 9.9991E-05 0.0138697 0.293054 0.219985
0.623494 9.9991E-05 0.0225597 0.242621 0.111226
0.570266 9.9973E-05 9.9973E-05 0.429434 9.9973E-05
0.148202 0.0187945 9.9991E-05 0.768711 0.0641928
0.735395 0.0272708 0.02967 0.150853 0.0568114
0.0680057 0.0836938 0.763144 9.9991E-05 0.0850569
0.0909421 9.9973E-05 0.908758 9.9973E-05 9.9973E-05
0.115495 0.0442041 0.840101 9.9982E-05 9.9982E-05
0.00275059 0.0255254 0.949464 0.0221603 9.9991E-05
0.100417 9.9973E-05 0.899284 9.9973E-05 9.9973E-05
0.0776267 0.00453878 0.917635 9.9982E-05 9.9982E-05
0.0422817 0.0357124 0.921806 9.9982E-05 9.9982E-05
0.610475 0.045083 0.121789 0.163929 0.0587241
0.556616 0.0758569 0.10735 0.118682 0.141495
0.241139 9.9982E-05 9.9982E-05 0.545406 0.213255
0.594063 0.0581112 0.103693 0.10612 0.138013
0.590899 9.9991E-05 0.0383766 0.190742 0.179882
0.735741 0.0149088 0.0831787 0.1591 0.00707219
0.732443 0.0126624 0.0262713 0.134795 0.0938275
0.657184 0.0371292 9.9991E-05 0.288317 0.0172698
0.158478 9.9991E-05 0.0147962 0.479206 0.34742
0.570005 0.0962783 0.0889845 0.107934 0.136798
0.638131 0.0669316 0.0687038 0.185352 0.0408814
0.487126 0.162096 0.0251837 0.0316241 0.29397
0.455651 0.00558928 9.9991E-05 0.499953 0.0387066
0.697541 9.9982E-05 0.0204679 0.281791 9.9982E-05
0.648679 9.9991E-05 0.0653542 0.135044 0.150823
0.564924 0.0488266 9.9982E-05 0.38605 9.9982E-05
0.580847 9.9991E-05 0.0571712 0.155259 0.206623
0.566398 0.0818308 0.127396 0.111574 0.112801
0.230888 0.103358 0.0636975 0.314524 0.287533
0.405159 0.0645726 0.127407 0.0559887 0.346873
0.563642 0.0899314 0.165025 0.0543085 0.127093
0.507097 0.141288 0.0933762 0.0871966 0.171042
0.560225 9.9982E-05 0.0652295 9.9982E-05 0.374345
0.514115 0.0954387 9.9991E-05 0.0195427 0.370803
0.523058 0.0720676 0.0269255 9.9991E-05 0.377849
0.605175 0.0600067 0.0623487 0.026251 0.246219
0.492084 0.122336 0.124688 0.117579 0.143313
0.607512 9.9991E-05 0.0959563 0.0500356 0.246396
0.645009 9.9973E-05 9.9973E-05 9.9973E-05 0.354691
0.705205 0.0589299 0.0445658 0.0582308 0.133069
0.605289 0.146334 0.0954384 0.0374828 0.115456
0.664554 0.0322535 9.9991E-05 0.0636208 0.239472
0.583736 0.0981368 0.0743111 0.0661139 0.177703
0.584374 0.134024 0.0585626 0.0182212 0.204818
0.435096 0.0267897 0.168742 0.134445 0.234927
0.655788 0.0641383 0.0347369 9.9991E-05 0.245236
0.670781 0.0849201 0.00495725 9.9991E-05 0.239242
0.298368 0.0920701 0.0381102 0.152767 0.418686
0.182944 0.114502 9.9991E-05 0.377978 0.324477
0.593773 0.0418609 0.0600145 0.0953269 0.209025
0.0797436 0.0924365 9.9991E-05 0.480005 0.347715
0.341352 9.9991E-05 0.0710707 0.108864 0.478613
0.49456 9.9991E-05 0.0151678 0.187894 0.302278
0.453305 9.9991E-05 0.0360657 0.0299725 0.480557
0.378501 0.00708682 9.9991E-05 0.0693952 0.544917
0.665022 0.0748262 0.0444912 0.0357897 0.179871
0.637414 0.083321 0.0973523 0.062251 0.119662
0.590182 0.065007 0.0712227 0.113486 0.160102
0.171942 0.0916961 9.9991E-05 0.420526 0.315736
0.620148 0.0126968 0.190552 0.151494 0.0251095
0.561965 0.0637879 0.0791254 0.259255 0.0358668
0.0286876 9.9991E-05 0.199135 0.657069 0.115009
0.630418 0.0879486 0.164581 0.116953 9.9991E-05
0.399048 0.0351916 0.151328 0.289736 0.124696
0.498999 0.0809125 0.144056 0.19455 0.0814827
0.29351 0.00444922 0.117818 0.477285 0.106938
0.234813 9.9991E-05 0.123848 0.495621 0.145618
0.492767 9.9991E-05 0.0858987 0.284105 0.13713
0.493375 0.0998809 0.159915 0.177051 0.0697784
0.358165 0.0992918 0.144574 0.276076 0.121893
0.016462 0.217695 0.0667012 0.588849 0.110293
0.474544 0.1393 0.0276831 0.208367 0.150106
0.457435 9.9982E-05 9.9982E-05 0.426808 0.115556
0.504094 0.0247533 9.9991E-05 0.300444 0.170609
0.631936 0.0706323 0.12161 0.0957908 0.0800309
0.101172 0.298067 0.344732 0.255889 0.000140517
9.9982E-05 0.163713 0.594225 0.241862 9.9982E-05
9.9982E-05 0.171436 0.481773 0.346591 9.9982E-05
0.0542453 0.369741 0.415555 0.110625 0.0498337
0.732126 0.0414812 0.00855654 0.207259 0.0105768
0.582715 0.0920414 0.0696926 0.15911 0.0964408
0.315446 0.684254 9.9973E-05 9.9973E-05 9.9973E-05
0.309467 0.513471 0.033784 9.9991E-05 0.143179
0.306649 0.481398 0.050329 0.0678404 0.0937835
0.431663 9.9982E-05 0.050392 0.517745 9.9982E-05
0.434173 0.100824 0.0663249 0.342442 0.0562359
0.23545 0.0590583 0.0466574 0.658734 9.9991E-05
0.67331 0.044395 0.0516241 0.230571 9.9991E-05
0.524439 0.0281111 0.0824094 0.295502 0.0695384
0.649813 0.0216573 0.0822784 0.246151 9.9991E-05
0.272257 0.00749551 0.0323968 0.631053 0.0567972
0.67605 0.0732461 0.106843 0.143761 9.9991E-05
0.689904 0.0554532 0.133717 0.0764984 0.044428
0.0449305 0.95477 9.9973E-05 9.9973E-05 9.9973E-05
0.126921 0.872144 9.9982E-05 0.000734897 9.9982E-05
0.252721 0.567388 0.0836594 0.00990126 0.086331
0.264696 0.719084 0.0160196 9.9982E-05 9.9982E-05
0.208214 0.791487 9.9973E-05 9.9973E-05 9.9973E-05
9.997E-05 0.9996 9.997E-05 9.997E-05 9.997E-05
9.9973E-05 0.996685 9.9973E-05 9.9973E-05 0.00301523
0.125891 0.873809 9.9973E-05 9.9973E-05 9.9973E-05
9.9973E-05 0.961412 9.9973E-05 9.9973E-05 0.038288
9.997E-05 0.9996 9.997E-05 9.997E-05 9.997E-05
9.997E-05 0.9996 9.997E-05 9.997E-05 9.997E-05
0.159252 0.840448 9.9973E-05 9.9973E-05 9.9973E-05
0.150383 0.749515 0.0356851 9.9991E-05 0.0643168
9.9973E-05 0.990483 9.9973E-05 9.9973E-05 0.00921725
0.371087 0.432469 0.053911 9.9991E-05 0.142433
0.228536 0.693395 0.0614168 0.0165518 9.9991E-05
0.111985 0.768298 0.0293626 0.0902543 9.9991E-05
0.0923525 0.899267 9.9982E-05 9.9982E-05 0.0081807
9.997E-05 0.9996 9.997E-05 9.997E-05 9.997E-05
0.052871 0.846077 0.0966093 9.9991E-05 0.00434282
9.9973E-05 0.996613 0.00308669 9.9973E-05 9.9973E-05
0.201301 0.665431 0.0505113 0.0462494 0.0365072
0.0471255 0.883358 0.00124185 0.00750382 0.060771
9.9982E-05 0.052733 0.38838 0.558687 9.9982E-05
0.396916 0.107313 0.172993 0.199761 0.123017
0.469578 0.0536385 0.331146 0.145538 9.9991E-05
0.125078 0.171488 0.255149 0.448185 9.9991E-05
0.340007 0.177755 0.218685 0.234253 0.0292996
0.179789 0.164939 0.308824 0.346348 9.9991E-05
0.405063 0.124651 0.220965 0.175669 0.0736515
0.306949 0.187222 0.215477 0.290251 9.9991E-05
0.487305 0.149922 0.184062 0.178611 9.9991E-05
0.213673 0.319438 0.193867 0.272922 9.9991E-05
0.370711 0.207144 0.209812 0.160002 0.052331
0.046726 9.9991E-05 0.828694 0.0881449 0.036335
0.00153557 0.0370515 0.951012 0.0103008 9.9991E-05
9.9973E-05 9.9973E-05 0.977788 9.9973E-05 0.0219121
9.9973E-05 9.9973E-05 0.958127 9.9973E-05 0.041573
9.9982E-05 0.0187593 0.924255 9.9982E-05 0.056786
9.9973E-05 0.0796295 0.920071 9.9973E-05 9.9973E-05
0.0219475 0.0776035 0.900249 9.9982E-05 9.9982E-05
0.0242255 9.9991E-05 0.879701 0.0748438 0.0211298
0.0484014 0.00803628 0.91702 9.9991E-05 0.0264426
0.00235828 0.0833457 0.87613 9.9991E-05 0.0380656
9.9991E-05 0.0134166 0.639173 0.109916 0.237394
9.9982E-05 9.9982E-05 0.612477 0.0156289 0.371694
9.9982E-05 9.9982E-05 0.53351 0.168504 0.297786
9.9982E-05 9.9982E-05 0.484291 0.139017 0.376492
0.696566 9.9991E-05 0.048072 0.0527149 0.202547
0.603414 0.0408605 9.9991E-05 0.217428 0.138198
0.570748 0.038751 0.0729089 0.0986774 0.218914
0.528665 9.9991E-05 0.0740224 0.0970901 0.300122
0.22114 9.9982E-05 9.9982E-05 0.136506 0.642153
0.74339 0.0102537 0.0797828 0.129183 0.0373899
0.667281 0.0263783 0.00362949 0.216294 0.086417
0.624006 0.0568979 9.9991E-05 0.24451 0.0744868
0.531123 0.0246172 9.9991E-05 0.405495 0.038665
0.646752 0.109572 9.9991E-05 0.154262 0.0893142
0.575098 0.0068393 9.9991E-05 0.170176 0.247787
0.0702585 9.9982E-05 9.9982E-05 0.741556 0.187986
0.602561 0.0371569 0.0298651 0.139337 0.19108
0.440089 9.9991E-05 0.0369907 0.502303 0.0205167
0.716369 9.9982E-05 0.0345806 0.24885 9.9982E-05
0.294149 9.9982E-05 9.9982E-05 0.382561 0.32309
9.9982E-05 9.9982E-05 0.142137 0.0443356 0.813327
0.0843479 9.9991E-05 0.117463 0.119091 0.678998
9.9982E-05 9.9982E-05 0.042455 0.0498663 0.907479
9.9982E-05 9.9982E-05 0.130896 0.097375 0.771529
0.0508969 0.0122551 0.0442659 0.07541 0.817172
0.0201496 0.0569875 0.0735375 0.0753132 0.774012
0.0961709 0.0406442 0.862985 9.9982E-05 9.9982E-05
0.0459173 0.0550094 0.796117 9.9991E-05 0.102856
0.114725 0.103797 0.781278 9.9982E-05 9.9982E-05
0.0441658 0.108745 0.787926 9.9991E-05 0.0590634
0.0768573 0.0623707 0.833304 9.9991E-05 0.0273682
9.9973E-05 9.9973E-05 0.378658 9.9973E-05 0.621042
9.9982E-05 9.9982E-05 0.467572 0.111094 0.421134
9.9982E-05 9.9982E-05 0.417402 0.0915919 0.490806
0.0955757 0.0672138 0.822067 9.9991E-05 0.0150438
9.9982E-05 9.9982E-05 0.354596 0.10804 0.537164
0.266343 0.410923 0.216249 0.0915547 0.0149304
0.592737 0.235253 0.141512 0.0303975 9.9991E-05
0.598252 0.202422 0.199126 9.9982E-05 9.9982E-05
0.431644 0.211876 0.25099 0.105391 9.9991E-05
0.446304 0.22256 0.246473 0.0507501 0.0339129
9.9982E-05 0.303625 0.457777 0.238398 9.9982E-05
0.521927 9.9991E-05 0.0111223 0.140691 0.326159
0.404305 0.058728 9.9991E-05 0.338033 0.198835
0.317393 9.9982E-05 0.0367539 9.9982E-05 0.645654
0.520261 0.0404087 9.9991E-05 0.271776 0.167454
9.9973E-05 9.9973E-05 9.9973E-05 0.875276 0.124424
0.452403 0.0791854 0.147824 0.10204 0.218547
0.543289 0.0406943 0.0172363 0.247461 0.151319
0.387213 9.9991E-05 0.058208 0.0940405 0.460439
0.548143 0.127787 0.10026 9.9991E-05 0.22371
0.231511 9.9982E-05 9.9982E-05 0.522623 0.245666
0.460102 0.112013 9.9991E-05 0.258735 0.16905
0.599625 0.0410641 0.00252092 0.032635 0.324155
0.398293 0.27278 0.117398 0.06473 0.146798
0.430771 0.0576593 9.9991E-05 0.288507 0.222963
0.534357 0.0145504 0.050693 0.164532 0.235868
0.526097 0.153972 9.9991E-05 0.151978 0.167853
0.601585 0.0425951 0.0340652 0.139031 0.182724
0.710066 0.062097 0.0917303 0.0689848 0.0671219
0.553192 0.0987932 0.131461 0.115934 0.100619
0.609748 0.0903835 0.0669275 0.108562 0.124379
0.121103 0.0596434 0.819054 9.9982E-05 9.9982E-05
0.133832 0.0033469 0.858638 0.00408321 9.9991E-05
0.0662093 9.9991E-05 0.800014 0.0936909 0.0399854
0.0712315 9.9991E-05 0.835927 0.0574827 0.0352583
0.135465 0.00985333 0.854482 9.9982E-05 9.9982E-05
0.194746 0.0820932 9.9991E-05 0.0266974 0.696363
0.497062 0.155244 0.0885445 0.10544 0.15371
0.337485 0.242471 0.187141 0.117759 0.115143
0.650694 0.147345 0.0239006 9.9991E-05 0.17796
0.611134 0.0387831 0.00550481 0.0391821 0.305396
0.282995 0.118894 9.9991E-05 0.286599 0.311412
0.0348294 9.9991E-05 0.119971 0.121753 0.723347
0.540181 0.060527 9.9991E-05 0.0519106 0.347281
0.14477 0.0489397 0.0952067 0.159847 0.551237
0.49431 0.0810188 0.0104729 0.229875 0.184324
0.197761 0.0134488 0.11966 0.110959 0.558171
0.579886 0.137753 0.0781556 9.9991E-05 0.204106
0.18791 0.042782 0.0875488 0.094379 0.58738
0.401472 0.0747369 0.00702342 0.166578 0.350189
0.551634 0.0504913 0.124909 0.174639 0.0983267
0.402058 9.9991E-05 0.0846423 0.403058 0.110141
0.619129 0.0282333 0.125765 0.158963 0.0679107
0.592497 0.0229075 0.190677 0.193818 9.9991E-05
0.462297 9.9991E-05 0.00329563 0.460796 0.0735107
0.577221 0.0284394 0.0274076 0.204657 0.162275
0.610896 9.9982E-05 0.0838246 0.305079 9.9982E-05
0.181429 9.9982E-05 9.9982E-05 0.711127 0.107244
0.336953 0.00414224 0.0243068 0.629845 0.00475314
0.531759 0.0446848 9.9991E-05 0.356918 0.0665387
0.237131 9.9991E-05 0.0595296 0.56794 0.135299
0.471473 0.00721692 0.0051189 0.42757 0.0886212
0.100118 0.0633082 9.9991E-05 0.133628 0.702846
0.308859 0.0480233 9.9991E-05 0.334882 0.308136
0.345462 0.0917 9.9991E-05 0.114475 0.448263
0.605737 0.108072 0.065474 0.0437201 0.176997
0.312303 9.9982E-05 9.9982E-05 0.126084 0.561413
0.469269 0.117108 0.0998335 0.280012 0.033778
0.578961 0.131175 0.0197016 0.0202688 0.249893
0.635101 0.0798489 9.9991E-05 0.0265026 0.258447
0.485814 0.14954 0.0404925 9.9991E-05 0.324054
0.496067 0.0432126 0.0830889 0.0386062 0.339025
0.25143 0.0935309 9.9991E-05 0.0806498 0.574289
0.34234 0.107435 9.9991E-05 0.0765287 0.473597
0.54753 0.109804 9.9991E-05 0.0535281 0.289038
0.659583 0.0818397 0.0175804 0.0836058 0.157391
0.425464 0.0727704 0.00306697 0.173923 0.324776
0.487433 0.151649 9.9991E-05 0.119266 0.241551
0.291096 0.134739 0.0503541 0.0400779 0.483733
0.5959 0.122641 9.9982E-05 9.9982E-05 0.281259
0.518572 0.103068 0.0377183 0.127675 0.212966
0.409491 0.165711 0.0675009 0.124097 0.2332
0.44536 0.0961031 0.414075 0.0297298 0.0147324
0.459309 0.225706 0.158093 0.120953 0.0359384
0.48128 0.182469 0.179836 0.06779 0.088625
0.611224 0.113523 0.0979055 0.0663855 0.110962
0.483074 0.198851 0.227621 0.0903543 9.9991E-05
0.436828 0.068187 9.9991E-05 0.258454 0.236431
0.556018 0.163998 0.148248 0.0116996 0.120036
0.0336998 0.167201 0.298484 0.500515 9.9991E-05
0.453625 0.239676 0.123339 0.0583318 0.125028
0.584586 0.161984 0.0921883 0.156013 0.005229
0.442525 0.29765 0.080333 0.069484 0.110008
0.25318 0.227968 0.156721 0.186992 0.17514
0.455286 0.195734 0.255161 0.0628512 0.0309672
0.596222 0.202758 0.143211 0.0329002 0.024908
9.9982E-05 0.189856 0.490458 0.319485 9.9982E-05
0.603512 0.177938 0.180802 9.9991E-05 0.0376481
0.518361 0.224079 0.25736 9.9982E-05 9.9982E-05
0.568993 0.216259 0.0217666 0.122017 0.0709641
0.494267 0.277985 0.189068 0.00375204 0.034928
0.446427 0.198121 0.199426 0.090812 0.0652142
0.571749 0.0344287 0.0832558 0.298794 0.0117718
0.447018 0.162168 0.063509 0.14283 0.184476
0.164668 9.9982E-05 9.9982E-05 0.768612 0.0665197
0.106738 9.9982E-05 9.9982E-05 0.847881 0.0451811
0.581132 0.0832021 0.0569789 0.226483 0.0522039
0.367224 0.395364 0.101149 0.0343856 0.101877
0.304519 0.420056 0.119574 0.15575 9.9991E-05
0.183911 0.329228 0.198611 0.28815 9.9991E-05
0.401869 0.31302 0.14649 0.13852 9.9991E-05
0.12561 0.129446 0.100815 0.64403 9.9991E-05
0.201144 0.147281 0.154223 0.497252 9.9991E-05
0.558788 0.157663 0.0273982 0.245507 0.0106442
0.50734 0.140619 0.0846288 0.257193 0.0102198
0.26904 0.12923 0.12846 0.47317 9.9991E-05
0.501688 0.171974 0.0943629 0.175126 0.0568486
0.548276 0.182139 9.9991E-05 0.21826 0.0512244
0.476575 0.134317 0.188713 0.113395 0.0870008
0.393532 9.9991E-05 0.00868895 0.453731 0.143948
0.399795 0.0959508 0.0168681 0.465294 0.0220921
0.560222 0.123373 0.0486578 0.250216 0.0175318
0.389726 0.0836282 0.0900657 0.329397 0.107183
0.441048 0.159435 0.109852 0.198133 0.0915319
0.596497 0.0213507 0.0411042 0.340948 9.9991E-05
0.32841 9.9982E-05 9.9982E-05 0.654529 0.0168618
0.691201 9.9982E-05 0.0654942 0.243104 9.9982E-05
0.319075 0.00925124 9.9991E-05 0.651784 0.0197898
0.546014 9.9982E-05 0.0679034 0.385882 9.9982E-05
0.573481 0.101937 0.0567034 0.207687 0.0601921
0.609749 0.0820183 0.0100948 0.211135 0.0870034
0.388625 0.287562 0.163387 0.092864 0.0675628
0.365468 0.190664 0.192475 0.0357394 0.215653
0.304027 0.311492 0.18435 0.163208 0.0369222
0.230954 0.27314 0.191855 0.179509 0.124542
0.360175 0.261568 0.129756 0.119719 0.128782
0.474517 0.151732 0.15982 0.201386 0.0125445
9.9982E-05 0.232498 0.198887 0.568415 9.9982E-05
0.548205 0.260283 0.139677 0.00787316 0.0439621
9.9982E-05 0.159954 0.371665 0.468181 9.9982E-05
0.517147 0.252177 0.056577 0.173999 9.9991E-05
0.218837 9.9973E-05 9.9973E-05 0.780863 9.9973E-05
0.0972274 9.9982E-05 9.9982E-05 0.901584 0.000988339
0.649833 9.9982E-05 9.9982E-05 0.340879 0.0090877
0.706619 0.0554898 0.0583247 0.179466 9.9991E-05
0.462168 9.9982E-05 9.9982E-05 0.462906 0.0747258
0.588091 0.0812298 9.9991E-05 0.309096 0.0214839
0.619461 0.0353514 9.9982E-05 0.344987 9.9982E-05
0.0825588 0.0275749 0.824777 0.0646544 0.000434936
9.9982E-05 0.11304 0.735383 9.9982E-05 0.151376
9.9982E-05 0.0621648 0.891341 9.9982E-05 0.0462945
0.0374317 9.9973E-05 0.962268 9.9973E-05 9.9973E-05
0.547694 0.0885908 0.0396324 0.260522 0.0635611
0.662937 0.00219107 0.0469262 0.188629 0.0993159
0.642476 9.9991E-05 0.00672833 0.24133 0.109366
0.662614 9.9991E-05 0.157241 0.156148 0.0238964
0.581287 0.020653 0.10519 0.165233 0.127636
0.409527 9.9991E-05 0.0209326 0.360345 0.209096
0.79493 9.9991E-05 0.00332159 0.12819 0.0734587
0.514714 9.9982E-05 0.03658 0.448506 9.9982E-05
0.459643 0.172202 0.291716 0.0328915 0.0435474
0.558013 0.0437693 9.9991E-05 0.298237 0.0998809
0.53042 9.9982E-05 9.9982E-05 0.256227 0.213153
0.741654 9.9982E-05 9.9982E-05 0.230405 0.027741
0.58735 9.9982E-05 9.9982E-05 0.262936 0.149514
0.697106 0.038733 0.0381845 0.225877 9.9991E-05
0.668019 0.0213524 0.0310558 0.10696 0.172613
0.378612 9.9973E-05 9.9973E-05 0.621088 9.9973E-05
0.4328 9.9991E-05 0.022146 0.463504 0.0814503
0.456847 9.9991E-05 0.02358 0.428866 0.090607
0.110229 9.9973E-05 9.9973E-05 0.889471 9.9973E-05
0.504228 0.030332 0.0909806 0.210459 0.164
0.276822 9.9982E-05 9.9982E-05 0.674085 0.0488929
0.0726999 9.9982E-05 9.9982E-05 0.879389 0.0477114
0.639208 0.0760114 0.070228 0.212605 0.00194815
0.359037 9.9982E-05 9.9982E-05 0.431341 0.209421
0.609138 9.9982E-05 9.9982E-05 0.2182 0.172462
0.69442 0.0200902 0.131967 0.153423 9.9991E-05
0.675897 0.00806131 9.9991E-05 0.185382 0.13056
0.346377 0.121769 9.9991E-05 0.273461 0.258293
0.694123 9.9991E-05 0.043516 0.145267 0.116994
0.659075 9.9991E-05 0.0701058 0.0936989 0.17702
0.537437 9.9982E-05 9.9982E-05 0.445897 0.0164663
0.649348 0.0473507 0.0461419 0.174389 0.08277
9.9982E-05 9.9982E-05 0.628411 0.040549 0.33084
0.0688688 9.9991E-05 0.74646 0.0681395 0.116432
9.9973E-05 9.9973E-05 0.844289 9.9973E-05 0.155411
9.9982E-05 9.9982E-05 0.826108 0.0468993 0.126792
0.0693152 9.9982E-05 0.734942 9.9982E-05 0.195542
0.341663 9.9991E-05 0.0148784 0.342774 0.300584
0.304422 9.9991E-05 0.0279149 0.419752 0.247812
0.401993 9.9973E-05 9.9973E-05 0.597707 9.9973E-05
0.549289 0.114331 0.109888 0.156868 0.0696244
0.640988 0.0894536 0.196099 0.0449666 0.0284925
0.544511 9.9982E-05 0.0220134 0.433276 9.9982E-05
0.629715 0.109917 9.9991E-05 0.237843 0.0224241
0.520322 9.9991E-05 0.0743173 0.356383 0.0488778
0.693851 9.9991E-05 0.0609704 0.197115 0.0479633
0.696575 0.0149035 0.0801247 0.09408 0.114317
0.46418 9.9982E-05 9.9982E-05 0.294491 0.241129
0.583211 9.9982E-05 9.9982E-05 0.240363 0.176226
0.524134 9.9982E-05 9.9982E-05 0.245647 0.230019
0.722725 9.9991E-05 0.139687 0.116727 0.020761
0.598522 9.9991E-05 0.0143661 0.239491 0.147521
0.57154 0.0397524 0.028918 0.274892 0.0848981
0.432977 0.424332 0.0992953 9.9991E-05 0.0432958
0.329788 0.477377 0.0670395 9.9991E-05 0.125696
0.375728 0.476278 0.0291609 0.101405 0.0174288
0.316968 0.519905 0.149695 0.0133313 9.9991E-05
0.551021 0.234984 0.146266 9.9991E-05 0.067629
0.568502 0.0801531 0.0188993 0.332346 9.9991E-05
9.9991E-05 0.685773 0.295047 0.00392057 0.0151589
0.35328 0.465448 0.173825 0.00734707 9.9991E-05
0.463549 0.183923 0.209198 0.14323 9.9991E-05
0.672297 9.9982E-05 0.154108 0.173394 9.9982E-05
0.510674 0.0388545 0.150265 0.189534 0.110671
0.586793 0.0778377 0.213232 0.112279 0.00985876
0.63518 0.0553102 0.0826027 0.0713452 0.155562
0.316015 0.4691 0.214685 9.9982E-05 9.9982E-05
0.400428 0.418201 0.12958 9.9991E-05 0.0516906
0.370859 0.553139 0.0620678 9.9991E-05 0.0138341
0.427614 0.282171 0.169145 0.0847259 0.0363441
0.311483 0.537297 0.117489 9.9991E-05 0.0336305
0.489416 0.241894 0.169245 0.0993449 9.9991E-05
0.21256 0.59724 0.138059 0.0364141 0.0157272
0.41178 0.422719 0.0353074 0.0486858 0.0815083
0.603576 0.0412644 0.155584 0.194602 0.00497282
0.299376 0.380305 0.196994 0.0454362 0.0778886
0.126038 0.680064 0.193698 9.9982E-05 9.9982E-05
0.282195 0.450549 0.0775827 0.0487149 0.140958
0.257433 9.9991E-05 0.193524 0.227466 0.321477
0.524051 0.174454 0.0241044 0.210353 0.0670367
0.331941 0.385523 0.1068 0.0861468 0.0895892
0.611671 0.0778662 0.140101 0.0220383 0.148324
0.546163 9.9991E-05 0.191734 0.231448 0.0305554
0.367892 0.2726 0.203035 0.111031 0.0454422
0.425576 0.277518 0.250878 0.0459282 9.9991E-05
0.687323 0.0999084 0.122925 0.0842513 0.00559302
0.356701 0.439662 0.13917 0.0643665 9.9991E-05
0.352476 0.516874 0.0842551 0.0462946 9.9991E-05
0.16844 0.621592 0.209769 9.9982E-05 9.9982E-05
0.66544 0.0852435 0.107965 0.121239 0.0201121
0.532007 9.9991E-05 0.173313 0.188555 0.106026
0.188382 0.0622811 0.201207 0.548029 9.9991E-05
0.590048 0.0971946 0.14186 0.134261 0.0366366
0.306828 0.146906 0.100124 0.227555 0.218587
0.574955 0.104308 0.211816 0.108821 9.9991E-05
0.575266 0.0701632 0.180718 0.0862414 0.0876115
9.9982E-05 0.23594 0.33852 0.42534 9.9982E-05
9.9982E-05 0.133594 0.363794 0.502412 9.9982E-05
0.273067 0.193464 0.182212 0.343633 0.0076246
0.0382527 0.20623 0.343152 0.412265 9.9991E-05
9.9982E-05 0.235463 0.48268 0.281656 9.9982E-05
0.419259 0.149426 0.141577 0.28104 0.00869819
0.384111 0.187504 0.228065 0.200221 9.9991E-05
0.232547 0.146591 0.344547 0.275992 0.000322928
0.100394 0.201733 0.330388 0.367385 9.9991E-05
0.541393 0.100572 0.168153 0.189782 9.9991E-05
0.226863 0.120673 0.256205 0.39616 9.9991E-05
9.9982E-05 0.0911132 0.480388 0.428299 9.9982E-05
0.364625 0.295209 0.0943004 0.088481 0.157385
0.34248 0.263428 0.224784 0.166344 0.00296371
0.414888 0.201807 0.326605 0.0566 9.9991E-05
0.515816 0.338771 0.143664 9.9991E-05 0.00164872
0.523164 0.22141 0.193609 0.0617169 9.9991E-05
0.427496 0.299054 0.133099 0.104258 0.0360931
0.318625 0.271292 0.373544 9.9991E-05 0.03644
0.594178 0.137686 0.267935 9.9982E-05 9.9982E-05
0.490827 0.264131 0.244842 9.9982E-05 9.9982E-05
0.238633 0.315733 0.266542 0.170249 0.00884349
0.312885 0.165735 0.190266 0.094666 0.236447
0.543306 0.109089 0.227884 0.0684363 0.0512846
0.723432 0.0671994 0.191239 9.9991E-05 0.0180304
0.634684 0.104853 0.14863 0.0596799 0.0521525
0.365286 0.287631 0.269801 0.0305439 0.0467385
0.490183 0.232051 0.179424 0.0570481 0.0412936
0.246019 0.162953 0.397853 0.193075 9.9991E-05
0.491153 0.281827 0.194988 0.0261767 0.0058562
0.183087 0.351886 0.288446 0.17648 9.9991E-05
9.9982E-05 9.9982E-05 0.828279 0.0581243 0.113397
0.0985022 9.9982E-05 0.0445235 9.9982E-05 0.856774
9.997E-05 9.997E-05 9.997E-05 9.997E-05 0.9996
9.997E-05 9.997E-05 9.997E-05 9.997E-05 0.9996
0.0125319 9.9973E-05 9.9973E-05 9.9973E-05 0.987168
9.9973E-05 0.056501 9.9973E-05 9.9973E-05 0.943199
0.057874 9.9973E-05 9.9973E-05 9.9973E-05 0.941826
9.9973E-05 9.9973E-05 0.01176 9.9973E-05 0.98794
9.9982E-05 0.00643874 0.200772 9.9982E-05 0.792589
0.0534745 9.9982E-05 0.924349 9.9982E-05 0.0219763
0.0100929 0.0478823 0.800256 9.9991E-05 0.141669
9.9991E-05 0.0391673 0.907466 0.0159424 0.0373238
0.0333176 9.9991E-05 0.838319 0.0491272 0.079136
9.9982E-05 0.0449647 0.877692 9.9982E-05 0.0771438
9.9982E-05 0.0101171 0.92494 9.9982E-05 0.0647425
0.0358683 0.143464 0.722072 0.0349366 0.0636583
0.0759098 0.0266904 0.8972 9.9982E-05 9.9982E-05
0.14174 0.0227088 0.738028 9.9991E-05 0.0974228
0.00380574 0.0826956 0.885176 0.0282223 9.9991E-05
9.9973E-05 9.9973E-05 0.97249 9.9973E-05 0.0272099
0.0166877 0.0675433 0.85043 0.0575128 0.00782635
9.9973E-05 9.9973E-05 0.954154 9.9973E-05 0.045546
0.0337834 0.0537122 0.903543 0.00886117 9.9991E-05
0.0834543 0.0226156 0.877268 9.9991E-05 0.0165621
0.0822191 0.0607087 0.856872 9.9982E-05 9.9982E-05
0.0736113 0.144598 0.781591 9.9982E-05 9.9982E-05
0.137778 0.0945438 0.767478 9.9982E-05 9.9982E-05
0.130427 0.0241537 0.84522 9.9982E-05 9.9982E-05
0.457793 9.9991E-05 0.213965 0.237361 0.0907815
0.774405 9.9982E-05 0.118659 0.106737 9.9982E-05
0.669051 0.0402603 0.134036 0.156553 9.9991E-05
0.179818 0.0193194 0.117773 0.682989 9.9991E-05
0.563787 0.019852 0.196025 0.101506 0.11883
0.130189 0.029423 0.201221 0.639067 9.9991E-05
0.617614 0.0977506 0.097009 0.159026 0.0286005
0.532361 9.9991E-05 0.109614 0.151996 0.205929
0.638291 9.9991E-05 0.142418 0.131333 0.0878583
0.679274 0.00115578 0.0296556 0.186325 0.103589
0.550978 9.9991E-05 0.140728 0.215436 0.0927577
0.661863 0.0591204 0.0694188 0.142459 0.0671387
0.608172 0.0304302 0.131926 0.0690388 0.160433
0.102626 0.064045 9.9991E-05 0.351011 0.482218
0.0234891 9.9991E-05 0.108932 0.812525 0.0549536
0.239644 0.00123631 0.123942 0.635077 9.9991E-05
0.665373 0.0119093 0.172945 0.0876069 0.0621656
0.631127 0.000811275 0.137416 0.198963 0.0316828
0.61729 0.0180785 0.152902 0.21163 9.9991E-05
0.69628 9.9982E-05 0.129729 0.173792 9.9982E-05
0.564122 0.140519 0.18054 0.114719 9.9991E-05
0.499184 0.264109 0.186893 9.9991E-05 0.049715
0.205217 0.153709 0.415918 0.122135 0.103021
0.589388 0.113749 0.169062 0.0383906 0.0894113
0.411962 0.16139 0.237466 0.0783002 0.110883
9.9982E-05 0.164201 0.451204 0.384395 9.9982E-05
0.327831 0.234376 0.296386 0.141308 9.9991E-05
0.355693 0.147687 0.373927 0.100892 0.0218012
0.477644 0.0714596 0.338327 9.9991E-05 0.11247
0.401192 0.286869 0.128608 0.0138972 0.169433
0.545431 0.146319 0.229725 0.0412646 0.0372612
0.497362 0.227002 0.220331 0.0211136 0.0341911
0.390589 0.222342 0.145232 0.223511 0.0183262
0.344778 0.140906 0.474515 0.0397004 9.9991E-05
