0.0728504 0.900998 9.9982E-05 0.0259517 9.9982E-05
9.9973E-05 0.936048 9.9973E-05 9.9973E-05 0.0636524
0.0234826 0.805612 0.101552 0.0692542 9.9991E-05
0.0982636 0.796522 0.0194294 0.0856855 9.9991E-05
0.0335092 0.870541 0.0230183 0.0728317 9.9991E-05
0.106342 0.644046 0.107978 0.0296699 0.111965
0.0313642 0.86492 0.0175731 9.9991E-05 0.0860429
0.18493 0.733414 9.9991E-05 0.0499127 0.0316432
0.078156 0.837862 9.9982E-05 9.9982E-05 0.0837822
0.0271878 0.747702 0.0549619 0.0808548 0.0892933
0.117568 0.776678 0.0447935 9.9991E-05 0.0608607
0.487503 9.9991E-05 0.393144 0.0462443 0.0730091
0.298604 0.0107354 0.625249 0.0653115 9.9991E-05
0.467214 0.0357291 0.316401 0.0749197 0.105736
0.384026 0.00840224 0.324898 0.153301 0.129372
0.252513 0.135263 0.342337 0.164193 0.105694
0.112879 0.072161 0.640064 0.129655 0.0452407
0.221959 9.9991E-05 0.534838 0.107913 0.13519
0.304209 0.175703 0.425147 0.00846733 0.0864748
0.692386 0.0269972 0.0125785 0.082547 0.185491
0.367211 9.9991E-05 0.414925 0.150697 0.0670662
0.169223 0.0452419 0.500887 0.0660853 0.218562
0.228015 0.0270526 0.641769 0.0243131 0.0788506
0.341925 0.0293691 0.418338 0.0588871 0.15148
0.119918 0.122813 0.672443 0.0847253 9.9991E-05
0.263307 0.0609597 0.611725 0.0639083 9.9991E-05
0.516506 9.9991E-05 0.190391 0.1114 0.181602
0.433778 9.9991E-05 0.24645 0.209121 0.110551
0.50914 9.9991E-05 0.260366 0.0562637 0.174131
9.9982E-05 0.834209 0.0887833 0.0768079 9.9982E-05
9.9982E-05 0.812679 0.172717 0.0144048 9.9982E-05
0.00790921 0.822834 0.127562 0.0415947 9.9991E-05
0.00862089 0.766359 0.123136 0.101784 9.9991E-05
0.192054 9.9991E-05 0.579609 0.0577775 0.170459
0.127961 0.0074946 0.653066 0.0804469 0.131031
0.116258 0.0290414 0.716215 0.00697923 0.131506
0.545733 0.119171 0.181454 0.00643464 0.147207
0.0180822 0.0222321 0.501495 9.9991E-05 0.458091
0.148801 0.00719653 0.62022 0.0182393 0.205543
9.9991E-05 0.0726285 0.782536 0.0425277 0.102208
9.9982E-05 0.158811 0.681066 9.9982E-05 0.159923
0.105191 0.0886835 0.673307 0.0555574 0.0772607
0.275919 9.9982E-05 0.309998 9.9982E-05 0.413883
9.9991E-05 0.0915249 0.662271 0.0661028 0.180001
0.0501614 9.9991E-05 0.665148 0.144073 0.140517
0.0464696 0.167093 0.634185 0.0782405 0.0740118
9.9973E-05 9.9973E-05 0.520977 9.9973E-05 0.478723
0.014927 0.0755097 0.773991 0.00111049 0.134461
0.100109 0.149397 0.603411 0.0281885 0.118894
0.0307634 0.0755737 0.0140763 9.9991E-05 0.879487
0.488478 9.9982E-05 0.239842 9.9982E-05 0.271479
0.22305 0.0279124 0.165149 0.0355136 0.548375
0.18644 0.0928332 0.63978 0.0808472 9.9991E-05
0.0249851 0.140377 0.561469 0.0831821 0.189988
0.0658052 0.105657 0.505783 0.162243 0.160511
0.438963 0.108832 0.245548 9.9991E-05 0.206557
0.280386 0.0210278 0.603098 0.0648792 0.030609
0.0643412 0.0554896 0.569855 0.133371 0.176944
0.261617 0.139191 0.442944 9.9991E-05 0.156147
0.338352 0.175603 0.101854 0.0800484 0.304142
0.168319 0.0711216 0.637545 0.0160001 0.107015
0.285506 0.0475792 0.40738 0.115044 0.144491
0.614349 0.0287107 0.109403 9.9991E-05 0.247437
0.217135 0.0248237 0.628222 0.00240891 0.127411
0.0397956 0.0542351 0.703101 0.0617717 0.141097
0.108379 0.0509676 0.643481 0.0560477 0.141124
0.282519 0.0468996 0.343663 0.0667469 0.260172
0.179284 9.9991E-05 0.607248 0.0522904 0.161078
0.267317 0.118093 0.570466 0.0426947 0.00142879
0.399978 0.0445934 0.321487 9.9991E-05 0.233842
0.0954209 9.9982E-05 0.711516 9.9982E-05 0.192864
0.228193 9.9982E-05 0.368784 9.9982E-05 0.402823
0.0310218 0.115495 0.563989 0.0536507 0.235843
9.9973E-05 9.9973E-05 0.215501 9.9973E-05 0.784199
0.0649342 9.9982E-05 0.195784 9.9982E-05 0.739082
0.0107554 9.9982E-05 0.47877 9.9982E-05 0.510274
0.143809 9.9982E-05 0.61745 9.9982E-05 0.238541
0.153241 0.0425758 0.559492 0.164219 0.080472
0.0641249 0.029862 0.603148 0.00871512 0.29415
0.317381 0.031407 0.370709 9.9991E-05 0.280402
0.364511 9.9982E-05 0.411173 9.9982E-05 0.224116
0.101513 0.102127 0.601033 0.0462495 0.149078
0.102632 0.0440473 0.501135 9.9991E-05 0.352086
0.0956229 0.116625 0.566971 9.9991E-05 0.220681
9.9973E-05 9.9973E-05 0.558055 9.9973E-05 0.441645
0.0583814 9.9982E-05 0.195881 9.9982E-05 0.745538
0.0979329 9.9991E-05 0.57057 0.169553 0.161845
0.0599264 0.779197 0.117466 0.0433107 9.9991E-05
9.9973E-05 0.921827 0.0778728 9.9973E-05 9.9973E-05
9.9982E-05 0.843928 0.10529 0.0505824 9.9982E-05
9.9982E-05 0.914242 0.0343744 0.0511833 9.9982E-05
9.9973E-05 0.913042 0.0866584 9.9973E-05 9.9973E-05
9.9991E-05 0.933922 0.0513311 0.000665604 0.0139812
9.9982E-05 0.934704 0.0550411 0.0100546 9.9982E-05
0.100697 0.115868 0.505638 0.0318409 0.245956
0.104931 0.135705 0.678769 0.0416175 0.0389775
0.229499 9.9982E-05 0.204214 9.9982E-05 0.566087
0.0826031 0.0818657 0.60751 0.0576203 0.170401
0.165207 0.0775788 0.514814 9.9991E-05 0.242301
0.00262226 0.087356 0.787736 9.9991E-05 0.122186
0.00257873 0.0953511 0.621623 0.003998 0.276449
9.9991E-05 0.0144179 0.662864 0.0454171 0.277201
0.362234 9.9982E-05 0.106511 9.9982E-05 0.531055
0.136637 0.0923361 0.577107 0.124415 0.0695045
0.102241 0.0363067 0.76659 0.00846737 0.0863947
0.134063 0.0605596 0.552872 0.144917 0.107588
9.9991E-05 0.0388601 0.442269 0.00799556 0.510775
9.9991E-05 0.0682756 0.640714 0.0274867 0.263424
0.154841 0.0252311 0.571792 9.9991E-05 0.248036
0.0624151 9.9991E-05 0.473313 0.0509983 0.413174
0.151181 0.0981352 0.556917 9.9991E-05 0.193666
0.156719 0.159545 0.625177 0.019775 0.038784
0.332635 0.0091641 0.247856 0.0656982 0.344647
0.268085 0.147188 0.386978 0.148231 0.0495182
0.145853 0.0682528 0.569171 0.109038 0.107685
0.24118 0.0655983 0.587043 0.0852863 0.0208925
0.359102 0.0573089 0.51891 9.9991E-05 0.0645789
0.334694 9.9982E-05 0.592235 0.0728709 9.9982E-05
0.436896 0.012068 0.528501 0.0193148 0.00321944
0.241048 0.0808593 0.556088 0.0658564 0.0561477
0.16661 0.109465 0.630832 0.0675355 0.0255568
0.198747 0.0849524 0.65643 9.9991E-05 0.0597701
0.27975 9.9991E-05 0.584654 0.0184271 0.117069
0.20135 0.00430273 0.575303 0.113848 0.105196
0.220022 0.0941467 0.509628 0.149049 0.0271539
0.272094 9.9982E-05 0.626036 0.10167 9.9982E-05
0.20595 0.0607438 0.593647 0.0915818 0.048077
0.273566 9.9991E-05 0.448019 0.21102 0.0672963
0.232282 0.105557 0.401743 0.0600812 0.200337
0.209018 0.0262832 0.629314 0.105536 0.0298493
0.157559 0.0659899 0.674118 0.0899738 0.0123587
0.455328 9.9991E-05 0.331128 0.0479452 0.165499
0.31602 0.0291697 0.19611 0.060984 0.397716
0.325647 0.0259013 0.516435 0.128531 0.00348564
0.316126 9.9991E-05 0.102467 0.0724009 0.508906
0.466472 0.0315657 0.362565 9.9991E-05 0.139297
0.333963 0.0694788 0.507574 9.9991E-05 0.0888833
0.501119 0.0397354 0.458946 9.9982E-05 9.9982E-05
0.514207 0.0252459 0.334475 0.0498997 0.076173
0.0473511 0.118929 0.730055 0.0161023 0.0875629
0.160942 0.0846331 0.652117 0.0376677 0.06464
0.274217 0.0556601 0.579235 0.0561445 0.0347433
0.3772 9.9991E-05 0.158969 0.0945125 0.369218
0.0674947 0.162168 0.587036 0.041462 0.14184
0.00495378 0.0901587 0.493646 0.0833784 0.327863
0.0861813 0.159373 9.9991E-05 0.0336693 0.720677
9.9991E-05 0.0323279 0.635396 0.128323 0.203854
0.134891 0.0752053 0.409619 0.0657318 0.314553
0.13365 0.0958747 0.450251 0.1307 0.189524
0.0221822 0.177387 0.285048 0.0259618 0.489421
0.133694 0.122591 0.276755 9.9991E-05 0.466861
0.170908 0.0504631 0.484695 9.9991E-05 0.293833
0.13941 0.0924718 0.564238 0.0137636 0.190117
0.183782 0.162523 0.388766 0.0900537 0.174875
0.0775684 0.066427 0.0136249 0.214632 0.627747
0.0461739 0.102061 0.679535 0.0136411 0.158589
0.0900947 9.9982E-05 0.494994 9.9982E-05 0.414711
0.126028 0.0328946 0.578185 0.0116146 0.251279
0.0878141 0.0579321 0.59773 0.119578 0.136946
9.9991E-05 0.386811 0.146131 0.258952 0.208006
9.9982E-05 0.604264 9.9982E-05 0.160679 0.234857
9.9982E-05 0.487418 9.9982E-05 0.157645 0.354737
0.0554778 0.401027 0.042869 0.378597 0.122029
9.9982E-05 9.9982E-05 0.623536 0.0905654 0.285699
0.0471313 0.177038 0.636848 0.0827772 0.0562053
9.9973E-05 9.9973E-05 0.273885 0.725815 9.9973E-05
0.214491 0.0143945 0.372294 0.39872 9.9991E-05
0.0340858 0.0769722 0.349037 0.410442 0.129464
0.041993 0.023182 0.331395 0.0740562 0.529374
0.0145365 0.0891652 0.486406 0.0871219 0.32277
9.9991E-05 0.0348608 0.20621 0.0720569 0.686772
9.9991E-05 0.0864093 0.644956 0.0447884 0.223747
0.126026 0.00435099 0.490985 0.112041 0.266596
0.0498949 0.042719 0.608268 0.0548478 0.24427
0.054128 0.0849759 0.234956 0.0269006 0.599039
0.0512112 0.0599052 0.672107 0.121406 0.0953711
0.0700344 0.0181977 0.545867 0.150915 0.214986
9.9973E-05 9.9973E-05 9.9973E-05 0.971776 0.0279238
0.0122553 9.9991E-05 0.0750293 0.903023 0.00959254
0.0634436 0.0385229 0.239648 0.658285 9.9991E-05
9.9982E-05 0.00272617 0.225833 0.771241 9.9982E-05
0.022 0.0186311 0.0765698 0.861986 0.0208135
9.997E-05 9.997E-05 9.997E-05 0.9996 9.997E-05
0.0416618 9.9973E-05 9.9973E-05 0.958038 9.9973E-05
9.9973E-05 9.9973E-05 0.15398 0.84572 9.9973E-05
0.0158092 9.9973E-05 9.9973E-05 0.983891 9.9973E-05
9.997E-05 9.997E-05 9.997E-05 0.9996 9.997E-05
9.997E-05 9.997E-05 9.997E-05 0.9996 9.997E-05
0.0317943 0.0264824 0.153995 0.787628 9.9991E-05
0.0710609 9.9982E-05 0.0468277 0.881911 9.9982E-05
0.0118965 9.9973E-05 9.9973E-05 0.987804 9.9973E-05
0.10251 0.0645015 0.298579 0.462306 0.0721031
0.0120862 0.019459 0.249568 0.718787 9.9991E-05
0.0267258 0.0152959 0.114496 0.802852 0.0406305
0.0443711 9.9982E-05 0.0812744 0.874155 9.9982E-05
9.997E-05 9.997E-05 9.997E-05 0.9996 9.997E-05
0.0422542 0.023673 0.00300989 0.930963 9.9991E-05
9.997E-05 9.997E-05 9.997E-05 0.9996 9.997E-05
0.01047 0.0517271 0.202642 0.668875 0.0662865
0.0615567 0.00547008 0.0317617 0.901112 9.9991E-05
9.9982E-05 0.390313 9.9982E-05 0.0477378 0.561749
0.140105 0.17001 0.335255 0.148937 0.205693
0.0435311 0.299001 0.405391 0.0716739 0.180403
9.9991E-05 0.273016 0.182417 0.141724 0.402743
9.9991E-05 0.196842 0.483625 0.160297 0.159137
9.9991E-05 0.334695 0.189304 0.115754 0.360147
0.0069552 0.222121 0.505985 0.061916 0.203024
9.9991E-05 0.175174 0.259937 0.224548 0.340242
0.0488031 0.173442 0.463201 0.169517 0.145036
9.9991E-05 0.160202 0.224663 0.278297 0.336738
9.9991E-05 0.238401 0.497228 0.101024 0.163246
0.0709619 0.86874 0.0315307 9.9991E-05 0.0286676
9.9973E-05 0.916775 9.9973E-05 0.0829246 9.9973E-05
0.0177834 0.981917 9.9973E-05 9.9973E-05 9.9973E-05
0.0109401 0.98876 9.9973E-05 9.9973E-05 9.9973E-05
0.0619601 0.924634 0.00997144 0.00333454 9.9991E-05
9.9982E-05 0.9133 9.9982E-05 0.0823817 0.00411882
9.9982E-05 0.892489 0.0296072 0.0777036 9.9982E-05
0.0128526 0.879003 9.9991E-05 0.0165922 0.0914522
0.0258128 0.919758 0.0516269 0.00270256 9.9991E-05
0.0194419 0.877979 9.9982E-05 0.102379 9.9982E-05
0.268857 0.590462 9.9982E-05 9.9982E-05 0.140481
0.354849 0.599453 9.9982E-05 9.9982E-05 0.0454988
0.308654 0.550017 9.9982E-05 9.9982E-05 0.141129
0.309452 0.475103 9.9982E-05 9.9982E-05 0.215246
0.207332 0.0987944 0.578713 0.00446826 0.110692
0.144119 0.0222909 0.504707 0.0686689 0.260214
0.167612 9.9991E-05 0.572316 0.072461 0.187511
0.324375 0.0563254 0.4782 9.9991E-05 0.141
0.641035 9.9982E-05 0.238226 9.9982E-05 0.120539
0.0248535 0.06912 0.765662 0.0161011 0.124263
0.119494 0.00770893 0.720246 9.9991E-05 0.152451
0.195679 9.9982E-05 0.638697 9.9982E-05 0.165423
0.0696526 9.9991E-05 0.553757 0.0591136 0.317377
0.101846 0.0623318 0.594806 0.121923 0.119094
0.1859 9.9982E-05 0.563975 9.9982E-05 0.249925
0.129416 9.9982E-05 0.0355642 9.9982E-05 0.83482
0.166571 0.122465 0.581373 0.0293079 0.100283
0.0195233 9.9991E-05 0.405374 0.0157663 0.559237
0.0964667 0.0201022 0.636821 9.9991E-05 0.246511
0.286762 9.9982E-05 0.253708 9.9982E-05 0.45933
0.761566 0.127379 9.9991E-05 0.00765792 0.103297
0.777347 0.0867796 0.032325 0.0207212 0.0828268
0.869697 0.0212941 9.9982E-05 9.9982E-05 0.108809
0.807622 0.109853 9.9982E-05 9.9982E-05 0.0823242
0.863002 0.037252 0.0184872 0.0580982 0.023161
0.863012 0.0482045 0.0309864 0.0576974 9.9991E-05
9.9982E-05 0.88914 0.0696293 0.0410304 9.9982E-05
0.0118528 0.858461 0.0879799 0.0416064 9.9991E-05
9.9982E-05 0.761987 0.126259 0.111554 9.9982E-05
0.098859 0.771228 9.9982E-05 0.129713 9.9982E-05
0.00932752 0.807138 0.116286 0.0671487 9.9991E-05
0.535971 0.375267 9.9982E-05 9.9982E-05 0.0885617
0.394766 0.435389 9.9982E-05 9.9982E-05 0.169645
0.478195 0.436633 9.9991E-05 0.00148152 0.0835898
9.9982E-05 0.840469 0.149357 0.0099744 9.9982E-05
0.473472 0.35088 9.9982E-05 9.9982E-05 0.175448
9.9991E-05 0.241055 0.245016 0.427507 0.0863217
0.0278197 0.158843 0.550965 0.262272 9.9991E-05
9.9982E-05 0.201506 0.470217 0.328076 9.9982E-05
0.0554113 0.219874 0.263573 0.32766 0.133481
0.0949222 0.129944 0.561664 0.203391 0.0100786
9.9982E-05 0.49083 9.9982E-05 0.344716 0.164254
0.412236 9.9991E-05 0.468685 0.024332 0.0946471
0.210736 0.0160809 0.445991 0.0166136 0.310579
0.573832 0.0668178 0.324241 0.0274592 0.00764957
0.152346 9.9982E-05 0.574627 9.9982E-05 0.272827
0.157443 9.9973E-05 9.9973E-05 9.9973E-05 0.842257
0.151111 0.0962567 0.518524 0.104777 0.129331
0.0994006 0.102105 0.567315 9.9991E-05 0.231079
0.465833 0.0159629 0.38902 9.9991E-05 0.129084
0.212819 0.0735994 0.654242 0.0592399 9.9991E-05
0.235234 0.0272414 0.252006 9.9991E-05 0.485419
0.190999 0.0130993 0.453086 0.123372 0.219443
0.316908 9.9991E-05 0.516204 0.0753177 0.09147
0.107923 0.133684 0.392397 0.245322 0.120675
0.294165 9.9991E-05 0.458811 0.0104992 0.236425
0.267271 0.0570874 0.552628 9.9991E-05 0.122914
0.144265 0.0742714 0.486821 0.110506 0.184137
0.204757 0.0302489 0.665014 9.9991E-05 0.0998804
0.128585 0.0722385 0.617118 0.0755711 0.106487
0.0896176 0.0824307 0.581488 0.075261 0.171203
0.134961 0.0781381 0.59031 0.0853085 0.111282
9.9982E-05 0.797851 0.0524756 0.149474 9.9982E-05
9.9982E-05 0.86627 0.111862 0.0216677 9.9982E-05
0.0449861 0.788274 0.0271371 0.0493357 0.0902676
0.0430152 0.827141 0.0300641 0.033376 0.0664035
9.9982E-05 0.851544 0.1123 0.0359563 9.9982E-05
0.61318 9.9991E-05 0.242128 0.0558347 0.0887578
0.174236 0.0287774 0.51589 0.0922552 0.188841
0.0955702 0.187881 0.322976 0.274912 0.118661
0.193141 9.9982E-05 0.747989 0.0586702 9.9982E-05
0.311771 0.0831378 0.604891 9.9982E-05 9.9982E-05
0.39844 9.9991E-05 0.208942 0.150455 0.242064
0.542743 0.143952 0.0586341 9.9991E-05 0.254571
0.314515 9.9991E-05 0.466243 0.102979 0.116162
0.51995 0.0255203 0.181135 0.0754953 0.197899
0.171903 0.0267146 0.468463 0.102546 0.230374
0.581729 0.076455 0.0933544 0.0624568 0.186004
0.165341 0.143745 0.613973 0.076841 9.9991E-05
0.541213 0.0557768 0.255147 9.9991E-05 0.147763
0.324073 0.0232913 0.330536 0.0971719 0.224927
0.0997948 0.0934753 0.509515 0.0295273 0.267688
0.0810562 0.0875444 0.332753 0.0170818 0.481564
0.0588849 0.0852744 0.636138 0.0127135 0.206989
0.0409511 0.167411 0.57085 0.0537935 0.166994
0.0864256 0.0546718 0.419412 9.9991E-05 0.439391
0.121281 0.0804639 0.517259 0.117946 0.163049
0.00953931 0.0832613 0.638261 9.9991E-05 0.268838
0.0885342 9.9982E-05 0.108478 9.9982E-05 0.802788
9.9982E-05 0.0454149 0.367083 9.9982E-05 0.587302
0.0800308 0.0535762 0.557448 0.0468265 0.262118
0.0965775 0.0756811 0.250274 9.9991E-05 0.577368
0.160087 0.00053276 0.518707 9.9991E-05 0.320573
0.586976 0.0115904 0.179077 0.00974163 0.212615
0.384845 9.9991E-05 0.225717 0.0411608 0.348178
0.486735 9.9991E-05 0.314649 0.146825 0.0516898
0.226838 0.0309386 0.597109 0.145015 9.9991E-05
0.503581 9.9982E-05 0.358241 9.9982E-05 0.137978
0.158463 0.184146 0.522651 0.043212 0.0915284
0.24192 0.0216829 0.553893 0.136611 0.0458936
0.291268 0.0810868 0.480818 0.0818346 0.0649932
0.286103 0.0622138 0.514097 0.0894288 0.0481578
0.378634 0.0101645 0.481489 0.0697734 0.0599394
0.573692 9.9991E-05 0.269725 0.0818612 0.0746218
0.483072 9.9991E-05 0.359474 0.0846014 0.0727531
0.259573 9.9991E-05 0.606279 0.0532002 0.0808474
0.140249 0.0967318 0.533699 0.116024 0.113297
0.248779 0.087507 0.408597 0.0607274 0.19439
0.231853 9.9991E-05 0.570834 0.0878664 0.109346
0.378225 0.0858258 0.34041 0.104042 0.091497
0.174367 9.9991E-05 0.63531 0.0752882 0.114935
0.28843 0.0362128 0.516635 0.124361 0.0343608
0.199432 0.113018 0.510631 0.130282 0.0466365
0.0307657 0.395738 0.432121 0.122394 0.018981
0.0144254 0.100146 0.425044 0.298317 0.162068
0.0731403 0.193205 0.547647 0.114198 0.0718103
0.114361 0.0556245 0.621491 0.124619 0.0839039
0.0820543 0.167803 0.351076 0.343273 0.0557946
0.156993 9.9991E-05 0.473498 0.0856334 0.283776
0.0546949 0.211792 0.565153 0.143756 0.0246036
9.9991E-05 0.267562 0.0193976 0.152987 0.559954
0.0457872 0.133762 0.515229 0.221414 0.0838076
9.9991E-05 0.073576 0.710808 0.162212 0.0533048
0.137434 0.103387 0.401781 0.25921 0.0981868
0.0578386 0.207145 0.317467 0.17511 0.242439
0.06933 0.210979 0.563621 0.145398 0.0106724
9.9991E-05 0.189526 0.559346 0.186936 0.0640917
9.9982E-05 0.529612 9.9982E-05 0.183382 0.286806
0.0253117 0.190988 0.477599 0.287167 0.0189342
0.00838944 0.267728 0.516092 0.200038 0.00775224
0.0696267 0.170641 0.596617 0.0775481 0.0855673
9.9991E-05 0.195383 0.564667 0.198874 0.0409766
0.0138582 0.209836 0.486931 0.189024 0.10035
9.9991E-05 0.0105771 0.577947 0.102729 0.308647
0.110389 0.0765371 0.509701 0.0653215 0.238051
0.0786155 9.9982E-05 0.136025 9.9982E-05 0.78516
0.0451913 9.9982E-05 0.0735852 9.9982E-05 0.881023
0.0281946 0.0865796 0.487532 0.112849 0.284845
0.0249104 0.135362 0.415048 0.365812 0.0588676
9.9991E-05 0.100672 0.246043 0.399738 0.253446
9.9991E-05 0.19905 0.15449 0.347713 0.298648
0.0128549 0.2006 0.375753 0.288367 0.122424
9.9991E-05 0.0890315 0.0207614 0.180474 0.709633
9.9991E-05 0.0864048 0.127156 0.19059 0.595749
0.00357633 9.9991E-05 0.518419 0.199691 0.278213
9.9991E-05 0.0306202 0.49296 0.158896 0.317424
9.9991E-05 0.105498 0.162023 0.174045 0.558333
0.0380011 0.0657612 0.491822 0.1552 0.249215
9.9991E-05 0.0391085 0.582048 0.134828 0.243916
0.0451549 0.109525 0.570907 0.15502 0.119393
0.07871 9.9982E-05 0.377534 9.9982E-05 0.543556
0.0758728 9.9991E-05 0.393257 0.0762355 0.454535
9.9991E-05 0.0817624 0.52437 0.0954024 0.298365
0.107433 0.0640942 0.323648 0.122883 0.381942
0.0373166 0.096584 0.456839 0.11201 0.297251
0.00713742 0.0301904 0.525654 9.9991E-05 0.436918
0.157041 9.9991E-05 0.286199 0.0327099 0.52395
0.00667741 0.0803381 0.688013 9.9991E-05 0.224872
0.0145889 9.9991E-05 0.182888 0.0490694 0.753354
9.9991E-05 0.0894956 0.405841 0.0577531 0.44681
9.9991E-05 0.0747276 0.466317 0.15683 0.302025
0.121718 9.9991E-05 0.481683 0.0599778 0.336521
9.9991E-05 0.174597 0.471691 0.193537 0.160076
0.108553 0.142412 0.469014 0.147424 0.132597
0.0533275 0.170726 0.276172 0.338806 0.160969
0.197203 0.156404 0.226734 0.259477 0.160182
0.177336 0.165773 0.494753 0.153852 0.00828552
9.9991E-05 0.148476 0.47317 0.190156 0.188098
9.9982E-05 0.251014 9.9982E-05 0.176381 0.572405
0.0578347 0.0903207 0.517717 0.300867 0.0332604
9.9982E-05 0.412399 9.9982E-05 0.157894 0.429506
9.9991E-05 0.0708366 0.482677 0.264177 0.182209
0.0122487 9.9982E-05 0.21289 9.9982E-05 0.774661
0.057525 9.9982E-05 0.0210977 9.9982E-05 0.921177
0.0374595 9.9991E-05 0.495519 0.0388391 0.428082
0.0435791 0.0770543 0.772464 9.9991E-05 0.106803
0.0322919 9.9982E-05 0.497995 9.9982E-05 0.469513
0.0361167 0.0109285 0.62381 9.9991E-05 0.329045
9.9982E-05 9.9982E-05 0.637451 0.0305455 0.331803
9.9982E-05 0.851462 0.134428 0.0139101 9.9982E-05
0.141516 0.763288 9.9991E-05 0.0871337 0.00796224
0.0478917 0.913461 9.9982E-05 0.0384474 9.9982E-05
9.9973E-05 0.966867 0.0328336 9.9973E-05 9.9973E-05
0.0848431 0.0822115 0.666204 9.9991E-05 0.166641
0.131662 0.0289032 0.64205 9.9991E-05 0.197285
0.163368 9.9982E-05 0.663029 9.9982E-05 0.173403
0.0634929 0.123096 0.726214 9.9991E-05 0.0870973
0.178653 0.0270422 0.52318 0.142255 0.12887
0.144788 0.0503339 0.42628 9.9991E-05 0.378498
0.0426833 9.9991E-05 0.757339 0.0266948 0.173183
9.9982E-05 0.0212628 0.519414 9.9982E-05 0.459124
0.083907 0.28029 0.433659 0.196297 0.00584724
0.0627159 9.9991E-05 0.543441 0.035824 0.357919
0.186618 9.9982E-05 0.450591 9.9982E-05 0.362591
9.9982E-05 9.9982E-05 0.70495 0.0143125 0.280538
0.099189 0.0458472 0.555676 9.9991E-05 0.299188
0.0452411 9.9991E-05 0.731256 0.0483039 0.175099
9.9982E-05 0.114259 0.752983 9.9982E-05 0.132559
9.9973E-05 9.9973E-05 0.265 9.9973E-05 0.7347
0.0664957 9.9991E-05 0.384987 0.0316292 0.516788
0.0879357 9.9982E-05 0.512168 9.9982E-05 0.399696
9.9973E-05 9.9973E-05 0.0806595 9.9973E-05 0.919041
0.138423 9.9982E-05 0.562183 9.9982E-05 0.299194
0.0599962 9.9982E-05 0.260573 9.9982E-05 0.67923
0.0460764 0.0101266 0.101401 9.9991E-05 0.842296
0.0745141 0.0166012 0.710093 0.0426309 0.156161
0.238151 9.9982E-05 0.345191 9.9982E-05 0.416458
0.215698 0.0262913 0.598256 0.0514601 0.108295
0.0883492 0.0733313 0.571353 0.115596 0.151371
0.154425 0.0503813 0.674046 9.9991E-05 0.121048
0.323818 9.9991E-05 0.356082 0.099998 0.220002
0.0853382 0.046894 0.667799 0.0198514 0.180117
0.16938 0.0850273 0.578939 0.00632182 0.160332
0.030289 9.9982E-05 0.522301 9.9982E-05 0.44721
0.106808 9.9991E-05 0.57726 0.113141 0.20269
0.326468 0.628159 9.9982E-05 9.9982E-05 0.0451737
0.15572 0.754062 0.0700153 9.9991E-05 0.0201027
0.153036 0.809505 9.9982E-05 9.9982E-05 0.0372593
0.166585 0.793976 9.9982E-05 9.9982E-05 0.0392389
0.214896 0.781792 0.00311141 9.9982E-05 9.9982E-05
0.311436 0.0129119 0.313922 9.9991E-05 0.36163
0.216092 0.0356593 0.310817 9.9991E-05 0.437332
9.9973E-05 9.9973E-05 0.358976 9.9973E-05 0.640724
9.9991E-05 0.160868 0.447481 0.170752 0.220799
9.9991E-05 0.0606294 0.573707 0.13874 0.226823
0.0303347 9.99893E-05 0.492238 9.99893E-05 0.477227
9.9991E-05 0.0608452 0.746705 0.0132213 0.179128
9.9991E-05 0.0186406 0.591787 0.0416663 0.347806
0.0478627 0.0171327 0.765263 9.9991E-05 0.169642
9.9991E-05 0.116573 0.763804 0.0139148 0.105609
0.176925 9.9982E-05 0.417107 9.9982E-05 0.405769
0.12944 9.9982E-05 0.55331 9.9982E-05 0.31705
0.202947 9.9982E-05 0.54402 9.9982E-05 0.252833
0.0051058 0.210357 0.689741 0.00321036 0.0915861
0.0675667 9.9982E-05 0.626807 9.9982E-05 0.305426
0.113907 0.0136741 0.622546 0.018235 0.231638
9.9991E-05 0.0516095 0.396747 0.549928 0.0016161
9.9991E-05 0.0977005 0.417169 0.402251 0.0827788
9.9982E-05 0.161971 0.360459 0.477369 9.9982E-05
9.9991E-05 0.143698 0.314457 0.483046 0.0586985
9.9991E-05 0.136888 0.497827 0.351309 0.0138764
0.0412179 0.0271022 0.642505 9.9991E-05 0.289075
9.9991E-05 0.296253 0.0280871 0.646919 0.0286406
9.9982E-05 0.210578 0.327915 0.461307 9.9982E-05
0.0409191 0.151974 0.391257 0.189528 0.226322
0.0078195 0.161805 0.669933 9.9991E-05 0.160342
0.0995872 0.172544 0.491184 0.0146323 0.222052
0.151041 0.150642 0.530275 0.0756281 0.0924136
0.00678927 0.17666 0.649577 0.0414506 0.125523
9.9982E-05 0.199503 0.282701 0.517596 9.9982E-05
0.047289 0.106933 0.437613 0.393333 0.0148317
9.9982E-05 0.0894023 0.347195 0.563203 9.9982E-05
9.9991E-05 0.171292 0.48236 0.319186 0.0270617
9.9991E-05 0.10537 0.251068 0.531906 0.111556
0.0650962 0.0837303 0.473033 0.327172 0.0509685
9.9991E-05 0.172004 0.242944 0.570136 0.0148162
0.0573101 0.062212 0.314279 0.477249 0.0889504
9.9991E-05 0.0920853 0.554096 0.057056 0.296663
0.0526288 0.157447 0.431245 0.26155 0.0971285
9.9991E-05 0.181395 0.135464 0.636962 0.0460793
0.0621031 0.134804 0.39158 0.364146 0.0473681
0.272322 0.207574 0.272579 9.9991E-05 0.247425
0.0449529 0.0122165 0.560393 0.126834 0.255604
9.9991E-05 0.125453 0.427043 0.301135 0.14627
0.0772907 0.119732 0.606688 0.0522014 0.144088
0.0316932 0.149926 0.578247 0.0247198 0.215415
9.9991E-05 0.214236 0.354431 0.220151 0.211081
0.0119621 0.229857 0.350395 0.308721 0.0990642
0.112 0.1179 0.523529 0.112227 0.134344
0.062441 0.058138 0.299153 0.440847 0.139421
9.9982E-05 0.10998 0.355766 0.534054 9.9982E-05
9.9991E-05 0.233374 0.0923961 0.614591 0.0595388
0.0375551 0.134481 0.567944 0.104698 0.155322
0.1562 0.174647 0.546517 9.9991E-05 0.122536
9.9991E-05 0.17327 0.212803 0.0604084 0.553418
0.0497154 0.0882962 0.561065 0.159462 0.141461
0.25688 0.168778 0.432523 0.0132207 0.128598
9.9991E-05 0.288819 0.453032 0.191105 0.0669435
0.144318 0.130099 0.500272 0.13601 0.0893013
9.9982E-05 0.38467 9.9982E-05 0.221226 0.393904
9.9982E-05 0.403423 9.9982E-05 0.106614 0.489764
0.0483596 0.180279 0.219648 0.194626 0.357087
0.0183047 0.355918 9.9991E-05 0.257339 0.368338
9.9982E-05 0.507152 9.9982E-05 0.230972 0.261676
9.9991E-05 0.150129 0.326535 0.160252 0.362983
9.9991E-05 0.292316 0.397757 0.12932 0.180507
0.0644824 0.282193 0.103171 0.258752 0.291401
9.9991E-05 0.36218 0.020175 0.183829 0.433716
0.0578957 0.0835549 0.477884 0.186483 0.194183
9.9991E-05 0.284368 0.142819 0.158991 0.413722
9.9982E-05 0.52221 9.9982E-05 0.0640507 0.41354
0.08551 0.141558 0.573799 0.177665 0.021468
0.101061 0.198305 0.276339 0.284425 0.139869
9.9991E-05 0.320719 0.512723 0.153954 0.0125034
9.9982E-05 0.148594 0.556836 0.29437 9.9982E-05
9.9991E-05 0.229828 0.543354 0.224151 0.00256674
0.0636045 0.142421 0.383296 0.333867 0.0768108
0.00646959 0.383018 0.364307 0.221903 0.0243024
0.00402023 0.225189 0.511487 0.23719 0.0221138
0.00758798 0.223174 0.494746 0.274392 9.9991E-05
0.0681148 0.230821 0.258585 0.312476 0.130003
0.124026 0.162835 0.310136 0.148205 0.254798
0.0447774 0.226066 0.470377 0.157811 0.100968
0.0376467 0.189659 0.549854 0.160396 0.0624455
9.9991E-05 0.187737 0.543873 0.0758823 0.192408
0.0428763 0.328535 0.353344 0.275144 9.9991E-05
0.00170205 0.240675 0.453142 0.223887 0.080594
9.9991E-05 0.381397 0.134042 0.252777 0.231684
0.1111 0.131974 0.499039 0.257787 9.9991E-05
9.9991E-05 0.260313 0.158238 0.343811 0.237538
0.122877 0.783457 9.9991E-05 0.0133531 0.080213
0.757783 0.0867451 0.145626 0.00974603 9.9991E-05
0.9996 9.997E-05 9.997E-05 9.997E-05 9.997E-05
0.986896 0.0128038 9.9973E-05 9.9973E-05 9.9973E-05
0.9996 9.997E-05 9.997E-05 9.997E-05 9.997E-05
0.95678 9.9973E-05 9.9973E-05 0.0429204 9.9973E-05
0.888646 9.9973E-05 0.111054 9.9973E-05 9.9973E-05
0.968685 0.0310151 9.9973E-05 9.9973E-05 9.9973E-05
0.831937 0.162131 9.9982E-05 0.00573213 9.9982E-05
9.9982E-05 0.92587 0.065784 9.9982E-05 0.00814608
0.0907503 0.8295 0.0795494 9.9982E-05 9.9982E-05
9.9982E-05 0.907813 0.0464129 0.0455739 9.9982E-05
0.148402 0.842116 9.9982E-05 9.9982E-05 0.00928216
0.0219975 0.913029 0.0327423 0.0321312 9.9991E-05
0.0889825 0.910718 9.9973E-05 9.9973E-05 9.9973E-05
0.071285 0.744531 9.9991E-05 0.170259 0.013825
0.00916086 0.867867 0.0530671 0.0677252 0.00217964
0.146591 0.737796 0.010689 0.0721178 0.0328066
9.9982E-05 0.902371 0.0392343 0.0581946 9.9982E-05
0.0161354 0.963684 9.9982E-05 9.9982E-05 0.0199806
0.09291 0.841934 9.9982E-05 0.0649561 9.9982E-05
0.0220857 0.954179 9.9982E-05 0.0235349 9.9982E-05
9.9991E-05 0.913696 0.03141 0.0226716 0.0321221
0.0479606 0.860989 0.0908503 9.9982E-05 9.9982E-05
9.9982E-05 0.871157 0.119981 0.00866201 9.9982E-05
9.9982E-05 0.786683 0.0712524 0.141865 9.9982E-05
9.9982E-05 0.77413 0.134487 0.0911831 9.9982E-05
9.9982E-05 0.831136 0.123967 0.0446969 9.9982E-05
0.0935313 0.182211 0.441329 9.9991E-05 0.282829
0.0246841 0.0719641 0.825319 9.9991E-05 0.0779324
0.0704601 0.13419 0.56223 0.0743628 0.158757
9.9991E-05 0.0942349 0.142655 0.0625713 0.700438
0.134212 0.125159 0.526475 0.0658977 0.148256
9.9991E-05 0.186134 0.135474 0.0148793 0.663413
0.028274 0.165277 0.708219 9.9991E-05 0.0981297
0.136551 0.083058 0.547903 9.9991E-05 0.232388
0.0155718 0.159659 0.594085 9.9991E-05 0.230585
0.162995 0.0415911 0.568044 0.0523609 0.175008
0.184993 0.101514 0.507323 0.0317366 0.174433
9.9991E-05 0.16418 0.694862 0.0137487 0.127109
0.158013 0.132017 0.588039 9.9991E-05 0.121831
0.471404 9.9991E-05 0.0299147 0.0958715 0.40271
0.0094402 0.13607 9.9982E-05 9.9982E-05 0.85429
0.022931 0.157947 0.160679 0.0176347 0.640808
0.0734939 0.169097 0.704125 0.0432334 0.0100505
0.011891 0.193221 0.567618 9.9991E-05 0.227171
9.9982E-05 0.216176 0.585722 9.9982E-05 0.197902
0.0238446 0.051692 0.688744 0.082476 0.153243
9.9982E-05 0.217572 0.583563 0.198664 9.9982E-05
0.0768745 0.157983 0.510419 0.254624 9.9991E-05
0.163611 0.378223 0.0733512 0.19547 0.189345
0.0312178 0.207472 0.682771 0.0017624 0.0767774
0.0518712 0.275266 0.479854 0.130971 0.0620376
9.9982E-05 0.49323 9.9982E-05 0.151852 0.354718
9.9991E-05 0.301757 0.336351 0.221829 0.139963
0.109021 0.352422 0.274956 0.1832 0.0804011
0.122574 0.341753 0.473288 0.0622854 9.9991E-05
0.117092 0.168549 0.492214 0.183797 0.0383476
0.0684514 0.20814 0.503624 0.210035 0.00974941
9.9991E-05 0.169589 0.688241 0.111184 0.0308869
9.9991E-05 0.194511 0.414724 0.212208 0.178456
0.0365823 0.490821 0.319765 0.152731 9.9991E-05
