0.903518 9.9991E-05 0.0154567 0.0520814 0.0288444
0.921004 0.0153142 9.9982E-05 0.0634814 9.9982E-05
0.83111 9.9991E-05 0.0748375 0.040702 0.0532506
0.754939 9.9982E-05 9.9982E-05 0.122543 0.122318
0.886583 9.9991E-05 0.0278929 0.00228601 0.0831383
0.617146 0.244777 0.0415793 9.9991E-05 0.0963973
0.840366 0.0642726 0.00139541 0.0925218 0.00144441
0.753987 0.0828198 9.9991E-05 0.128624 0.0344697
0.839033 0.0975235 9.9982E-05 0.0632439 9.9982E-05
0.728464 0.0549657 0.0870003 0.0332194 0.0963511
0.783917 0.0787028 0.00170966 0.135571 9.9991E-05
9.999E-05 0.0673095 0.258588 0.572994 0.101008
0.0209977 0.0495905 0.497034 0.291009 0.141369
0.080462 0.0399132 0.362999 0.479733 0.0368928
0.0131932 9.9991E-05 0.293761 0.492148 0.200798
0.116074 0.0410767 0.415593 0.25814 0.169116
0.100083 0.0449484 0.639439 0.117787 0.0977428
0.0297999 0.100645 0.515391 0.23287 0.121293
0.129628 0.082081 0.335182 0.343783 0.109325
0.0315591 0.186878 9.9991E-05 0.68789 0.0935728
0.000262851 0.202684 0.412921 0.248887 0.135244
0.0517445 0.209465 0.381465 0.221301 0.136024
0.0832702 0.0541281 0.554998 0.212707 0.0948967
9.9991E-05 0.145806 0.310335 0.368196 0.175562
0.0912566 0.0563224 0.600393 0.141455 0.110573
0.0210101 0.0634614 0.496497 0.287663 0.131369
0.015707 0.0980478 0.260917 0.533138 0.0921906
9.9991E-05 0.0931822 0.256253 0.430174 0.220291
9.9991E-05 0.136494 0.320664 0.531644 0.0110976
0.842537 9.9982E-05 0.0744435 9.9982E-05 0.0828195
0.817966 9.9982E-05 0.151162 9.9982E-05 0.0306728
0.811103 9.9982E-05 0.15411 9.9982E-05 0.0345872
0.735829 9.9991E-05 0.183859 0.0238723 0.05634
0.00688703 0.16433 0.702465 0.107456 0.0188618
0.083699 0.0772841 0.676899 0.0902818 0.0718365
0.0449783 0.251123 0.698474 9.9991E-05 0.00532505
0.098352 0.120065 0.193055 0.588428 9.9991E-05
0.0276492 0.447749 0.524402 9.9982E-05 9.9982E-05
0.124224 0.213886 0.62898 0.0328107 9.9991E-05
0.0584347 0.122882 0.782714 9.9991E-05 0.035869
0.142419 0.0391916 0.693705 0.124584 9.9991E-05
0.144691 0.036929 0.722194 0.0960858 9.9991E-05
0.0205725 0.446597 0.313238 0.219492 9.9991E-05
0.113752 0.136892 0.655061 0.0303162 0.0639788
0.070988 0.155685 0.666923 0.0176676 0.088737
0.167335 0.0722169 0.649777 0.0865347 0.0241367
9.9973E-05 0.508164 0.491536 9.9973E-05 9.9973E-05
0.0755215 0.15463 0.722517 0.0253866 0.0219446
0.157116 0.0407027 0.675853 0.0546864 0.0716426
0.0851052 0.845725 9.9982E-05 0.06897 9.9982E-05
9.9982E-05 0.221576 0.253586 0.524639 9.9982E-05
0.0175065 0.578146 0.108203 0.228849 0.0672956
0.077568 0.147175 0.461955 0.140926 0.172376
0.0738396 0.121611 0.578595 0.122537 0.103417
0.0827465 0.171918 0.613883 0.0266651 0.104787
0.0661353 0.267192 0.250625 0.415947 9.9991E-05
0.0442032 0.0426755 0.654007 0.259014 9.9991E-05
0.10908 0.102433 0.559918 0.10868 0.119889
0.126355 0.201889 0.367729 0.261286 0.0427408
0.230032 0.296349 0.0731228 0.313599 0.0868974
0.111469 0.0920048 0.635543 0.149787 0.0111968
0.0300008 0.171994 0.421167 0.268286 0.108552
0.0516196 0.275722 0.11044 0.562119 9.9991E-05
9.9991E-05 0.098227 0.577257 0.266192 0.0582233
0.0268186 0.18159 0.553138 0.0604516 0.178002
0.0870701 0.104418 0.57925 0.158862 0.0703993
0.0902115 0.279103 0.38985 0.197282 0.0435533
9.9991E-05 0.101599 0.506458 0.220849 0.170993
0.126606 0.0945858 0.662893 0.0820678 0.0338474
9.9982E-05 0.196834 0.30198 0.500987 9.9982E-05
9.9982E-05 0.240047 0.692464 0.0672888 9.9982E-05
9.9982E-05 0.411594 0.389678 0.198528 9.9982E-05
0.0854697 0.0711867 0.573715 0.180199 0.0894298
9.9982E-05 0.816716 0.176625 0.00645961 9.9982E-05
9.9982E-05 0.780866 0.157079 0.0618547 9.9982E-05
9.9982E-05 0.54676 0.441671 0.0113687 9.9982E-05
0.0063529 0.270872 0.576442 0.146233 9.9991E-05
0.1503 0.087645 0.541929 0.132648 0.0874782
0.0278835 0.24946 0.553027 0.115288 0.0543414
9.9991E-05 0.295733 0.313355 0.331882 0.0589293
0.0362368 0.234888 0.32635 0.368768 0.033757
0.120521 0.13563 0.609617 0.098398 0.0358335
0.0236812 0.361238 0.52326 0.0917215 9.9991E-05
0.0605263 0.273382 0.634026 0.031966 9.9991E-05
9.9982E-05 0.423161 0.573686 0.00295345 9.9982E-05
0.0231311 0.813239 0.149975 0.0135547 9.9991E-05
0.06765 0.212835 0.616998 0.0339617 0.0685555
0.814299 9.9991E-05 0.0804388 0.054166 0.0509958
0.92889 9.9973E-05 0.0708099 9.9973E-05 9.9973E-05
0.899293 9.9982E-05 0.0877651 9.9982E-05 0.0127419
0.936082 0.0272032 0.0258723 9.9991E-05 0.0107422
0.875333 0.017273 0.107194 9.9982E-05 9.9982E-05
0.919153 9.9991E-05 0.0546051 0.00128076 0.0248616
0.944463 9.9982E-05 0.0419492 9.9982E-05 0.0133881
0.090882 0.181431 0.590962 0.0280918 0.108633
0.138864 0.182839 0.57912 9.9991E-05 0.0990771
9.9982E-05 0.546849 0.267628 0.185323 9.9982E-05
0.0708808 0.160448 0.540871 0.146551 0.0812496
9.9982E-05 0.227599 0.636146 0.136055 9.9982E-05
0.111108 0.208895 0.665489 0.00476744 0.00974095
0.0122957 0.258321 0.598887 0.0699219 0.0605738
9.9982E-05 0.267838 0.697565 9.9982E-05 0.0343972
0.00486213 0.554433 0.148343 0.292262 9.9991E-05
0.153036 0.142697 0.618406 0.0391994 0.0466614
0.0436547 0.109191 0.727786 0.0524622 0.0669066
0.0960604 0.173043 0.62951 9.9991E-05 0.101286
0.0432869 0.485032 0.471481 9.9982E-05 9.9982E-05
0.0213524 0.260596 0.717851 9.9982E-05 9.9982E-05
9.9982E-05 0.24785 0.623363 0.128587 9.9982E-05
9.9991E-05 0.37749 0.529685 0.0558551 0.0368696
0.0388138 0.167272 0.672214 0.1216 9.9991E-05
0.0917993 0.0526312 0.658038 0.177616 0.0199149
0.0824325 0.284837 0.27302 0.33892 0.0207909
0.091644 0.0343827 0.409521 0.340034 0.124418
0.233586 9.9991E-05 0.575999 0.158309 0.0320058
0.0456881 0.130733 0.474909 0.164814 0.183855
0.0257245 0.0466949 0.539774 0.387707 9.9991E-05
9.9991E-05 0.0030275 0.614477 0.310257 0.0721385
0.0262709 9.9991E-05 0.534957 0.385865 0.0528072
0.12393 0.11358 0.486306 0.188994 0.08719
0.0674852 0.0263876 0.53325 0.289056 0.083821
0.0269418 0.10094 0.622089 0.203347 0.0466819
9.9982E-05 0.0303551 0.588058 0.381387 9.9982E-05
9.9991E-05 0.0701011 0.627488 0.174798 0.127512
0.134742 0.16182 0.555989 0.0886518 0.0587967
9.9991E-05 0.0489346 0.620338 0.245275 0.0853525
0.153465 0.0580548 0.557178 0.121754 0.109549
0.0321782 0.0641128 0.499322 0.297915 0.106472
0.072652 0.187698 0.402837 0.267499 0.069313
0.0189883 9.9991E-05 0.650267 0.213743 0.116902
0.091532 0.0268214 0.710384 0.162724 0.00853844
9.9991E-05 0.218391 0.198808 0.457914 0.124787
0.0162034 0.422654 0.179555 0.281579 0.100009
0.0564209 0.145854 0.448911 0.205897 0.142917
9.9991E-05 0.479387 0.081227 0.336145 0.103142
0.00795249 0.154478 0.351892 0.450939 0.0347381
9.9982E-05 0.113527 0.516984 0.369289 9.9982E-05
9.9982E-05 0.108569 0.408074 0.483157 9.9982E-05
9.9991E-05 0.100355 0.294485 0.539628 0.0654317
0.0612118 0.0680408 0.579075 0.190619 0.101053
0.13569 9.9991E-05 0.602173 0.147858 0.114179
0.0866703 0.107526 0.608279 0.197425 9.9991E-05
9.9991E-05 0.349036 0.179607 0.407133 0.0641236
0.157375 0.0913908 0.658594 0.0925407 9.9991E-05
0.0651501 0.206742 0.551353 0.106141 0.070614
0.201971 0.605401 0.0564131 0.136115 9.9991E-05
0.18397 0.128891 0.68694 9.9982E-05 9.9982E-05
0.124395 0.333046 0.422366 0.0628308 0.0573617
0.0893998 0.283802 0.46653 0.0400333 0.120234
0.138412 0.490627 0.277134 0.0519057 0.0419224
0.115511 0.482713 0.264409 0.137267 9.9991E-05
0.0767213 0.257635 0.532423 0.133121 9.9991E-05
0.142361 0.0478973 0.697095 0.112547 9.9991E-05
0.109292 0.198924 0.446504 0.150196 0.0950837
0.0798091 0.568651 0.0116405 0.130056 0.209843
0.0651122 0.297164 0.530217 0.0205796 0.086927
9.9982E-05 0.44078 0.467436 0.0915846 9.9982E-05
0.0153273 0.350558 0.579318 0.0546968 9.9991E-05
0.103967 0.109488 0.633007 0.0696003 0.0839381
0.389739 0.207907 0.167339 9.9991E-05 0.234915
0.595207 0.220826 9.9982E-05 9.9982E-05 0.183767
0.455573 0.37089 9.9982E-05 9.9982E-05 0.173337
0.411425 0.139234 0.0464659 0.0130103 0.389865
9.9991E-05 0.271043 0.659524 0.00551747 0.0638149
0.0972498 0.124678 0.5599 0.0681657 0.150007
9.9982E-05 9.9982E-05 0.270147 0.0207797 0.708873
9.9991E-05 0.0722025 0.353416 0.0950597 0.479221
0.0729642 0.0134604 0.447933 0.0520051 0.413638
0.03616 0.571977 0.384365 9.9991E-05 0.0073975
0.0762882 0.242374 0.485791 0.0116785 0.183868
0.0324124 0.597497 0.317862 0.0448777 0.00735132
0.0533579 0.246787 0.663186 0.0365691 9.9991E-05
0.0870455 0.316006 0.505878 0.065457 0.0256141
0.0829034 0.233251 0.608147 0.0352459 0.0404523
0.0364851 0.631685 0.207896 0.0934397 0.0304933
0.0519932 0.187562 0.533224 0.0387938 0.188427
0.0405306 0.316004 0.485358 9.9991E-05 0.158008
9.9982E-05 0.00257723 0.00284226 9.9982E-05 0.994381
9.9982E-05 9.9982E-05 0.0474669 0.0285386 0.923795
0.0172493 9.9991E-05 0.229447 0.0744855 0.678718
9.9982E-05 9.9982E-05 0.305456 0.00160106 0.692743
9.9991E-05 0.0332825 0.114851 0.00503132 0.846735
9.997E-05 9.997E-05 9.997E-05 9.997E-05 0.9996
9.9973E-05 9.9973E-05 9.9973E-05 0.0297054 0.969995
9.9973E-05 9.9973E-05 0.0893808 9.9973E-05 0.910319
9.9973E-05 9.9973E-05 9.9973E-05 0.0147733 0.984927
9.997E-05 9.997E-05 9.997E-05 9.997E-05 0.9996
9.997E-05 9.997E-05 9.997E-05 9.997E-05 0.9996
0.0749399 9.9982E-05 0.172682 9.9982E-05 0.752178
0.0499887 9.9991E-05 0.146938 0.00905804 0.793916
9.9973E-05 9.9973E-05 9.9973E-05 0.00990428 0.989796
9.9991E-05 0.160749 0.308771 0.103419 0.42696
0.051213 9.9991E-05 0.229049 0.00615582 0.713482
0.060506 9.9982E-05 0.148224 9.9982E-05 0.79107
0.0149049 9.9991E-05 0.0719855 0.0523711 0.860639
9.9973E-05 9.9973E-05 0.0257368 9.9973E-05 0.973963
0.0126065 0.0542096 0.0167032 0.00112206 0.915359
9.997E-05 9.997E-05 9.997E-05 9.997E-05 0.9996
0.0997546 9.9991E-05 0.268093 0.00567718 0.626375
9.9991E-05 0.0122758 0.0279047 0.0230029 0.936717
0.39945 0.526078 9.9982E-05 9.9982E-05 0.0742719
0.1995 0.161471 0.442147 0.0844828 0.1124
0.252368 0.200385 0.407193 0.0617689 0.0782855
0.349883 0.348335 0.208614 0.0124955 0.0806726
0.092246 0.131571 0.501709 0.139231 0.135244
0.297789 0.392404 0.135931 9.9991E-05 0.173775
0.216256 0.156575 0.483553 9.99918E-05 0.143516
0.179417 0.264415 0.362336 9.9991E-05 0.193732
0.212431 0.141745 0.406993 0.0697137 0.169117
0.204429 0.295063 0.214445 9.9991E-05 0.285964
0.182392 0.151219 0.48956 0.0897865 0.0870428
0.855197 0.0576297 0.01715 0.0699234 9.9991E-05
0.951231 0.0154861 9.9991E-05 0.0014522 0.0317311
0.970404 9.9973E-05 9.9973E-05 0.0292966 9.9973E-05
0.94057 9.9973E-05 9.9973E-05 0.0591304 9.9973E-05
0.902988 9.9991E-05 0.0528813 0.0349919 0.00903853
0.908241 9.9982E-05 9.9982E-05 0.00133089 0.0902279
0.894082 9.9982E-05 0.0171889 9.9982E-05 0.0885296
0.917332 0.0743717 0.00809653 9.9982E-05 9.9982E-05
0.958644 9.9973E-05 0.0410562 9.9973E-05 9.9973E-05
0.865489 9.9982E-05 9.9982E-05 0.0354512 0.0988596
0.617152 0.103094 9.9982E-05 0.279554 9.9982E-05
0.618364 0.0215845 0.0121645 0.347786 9.9991E-05
0.529922 0.160189 9.9982E-05 0.309689 9.9982E-05
0.512199 0.116795 0.000678198 0.370228 9.9991E-05
0.0488137 0.0924432 0.650154 0.175627 0.0329627
9.9991E-05 0.133402 0.602545 0.160086 0.103867
0.00111437 0.137355 0.617946 0.206518 0.0370662
0.0448187 0.226511 0.469026 0.259544 9.9991E-05
9.9991E-05 0.0834858 0.190271 0.699939 0.0262048
0.113979 0.0958232 0.584136 0.0998551 0.106207
9.9991E-05 0.200843 0.667418 0.0774969 0.0541422
9.9991E-05 0.221836 0.57119 0.136629 0.0702457
9.9991E-05 0.414693 0.484457 0.0439389 0.0568109
0.0892513 0.0599551 0.706183 0.111416 0.0331949
0.00183327 0.239864 0.58519 0.173013 9.9991E-05
9.9982E-05 0.789904 0.0731034 0.136793 9.9982E-05
9.9982E-05 0.222912 0.636862 0.140026 9.9982E-05
9.9991E-05 0.586636 0.364465 0.0452826 0.00351651
9.9982E-05 0.293587 0.619264 0.0869484 9.9982E-05
0.00726346 0.485677 0.265148 0.241812 9.9991E-05
0.134586 0.118104 0.0142771 0.732933 9.9991E-05
0.111661 0.0216401 0.0857281 0.780871 9.9991E-05
0.0263211 0.056367 9.9982E-05 0.917112 9.9982E-05
0.135741 0.0656357 0.00723574 0.791287 9.9991E-05
9.9991E-05 0.0462904 0.0138169 0.853714 0.0860792
0.0935657 0.0138032 0.0858887 0.766163 0.0405796
0.873891 9.9982E-05 0.0877721 9.9982E-05 0.0381368
0.837707 9.9991E-05 0.00343321 0.0821201 0.0766399
0.771177 9.9982E-05 0.102836 9.9982E-05 0.125787
0.744102 9.9991E-05 0.00944397 0.107053 0.1393
0.798882 9.9991E-05 0.079362 0.044303 0.077353
0.388671 0.0662872 9.9982E-05 0.544842 9.9982E-05
0.433144 0.126135 9.9982E-05 0.440521 9.9982E-05
0.455307 0.0991268 9.9982E-05 0.445366 9.9982E-05
0.824029 9.9991E-05 0.092936 0.0118624 0.0710726
0.428831 0.07628 9.9982E-05 0.494689 9.9982E-05
0.184185 0.17689 0.204135 9.9991E-05 0.43469
0.106653 0.0426266 0.563168 0.0528933 0.234659
0.182679 9.9982E-05 0.508322 9.9982E-05 0.308799
0.351906 0.0883566 0.309232 0.0489642 0.201541
0.127481 0.170608 0.484266 0.0200246 0.19762
0.482348 0.174625 9.9982E-05 9.9982E-05 0.342827
0.0192445 0.118166 0.450988 0.383182 0.0284195
0.00541177 0.314756 0.375495 0.260809 0.0435282
0.0835967 0.106133 0.319104 0.491067 9.9991E-05
9.9991E-05 0.327362 0.438636 0.151898 0.0820048
9.9973E-05 0.805106 9.9973E-05 0.194594 9.9973E-05
0.0954665 0.138248 0.651353 0.0807002 0.0342318
0.0565557 0.221132 0.586001 0.124282 0.0120294
0.0278377 0.0617955 0.431024 0.479243 9.9991E-05
0.0356045 0.105943 0.498095 0.252091 0.108266
9.9991E-05 0.497092 0.179449 0.298418 0.0249406
0.0251661 0.279522 0.534891 0.133673 0.0267485
0.040024 0.126103 0.597129 0.236644 9.9991E-05
0.155299 0.183121 0.414814 0.0699517 0.176815
9.9982E-05 0.30612 0.470682 0.222999 9.9982E-05
0.0404155 0.115038 0.484687 0.314782 0.0450772
9.9991E-05 0.238302 0.448781 0.138864 0.173953
0.0183224 0.178604 0.599281 0.203693 9.9991E-05
0.00930482 0.0272742 0.715772 0.179465 0.0681846
0.113748 0.111997 0.531907 0.155472 0.0868765
0.0981903 0.0616751 0.579586 0.1492 0.111349
0.799648 9.9982E-05 0.0754788 9.9982E-05 0.124673
0.842264 0.0147938 0.0698213 9.9991E-05 0.0730204
0.793087 0.0855114 0.0574628 0.040856 0.0230832
0.825831 0.0692037 0.0167658 0.0215629 0.0666367
0.85704 9.9982E-05 0.117419 9.9982E-05 0.0253419
9.9991E-05 0.104126 0.228184 0.60637 0.0612206
0.0164642 0.190995 0.453774 0.167034 0.171733
0.1427 0.253133 0.35177 9.9991E-05 0.252298
0.0714858 0.0261091 0.60095 0.185012 0.116443
0.060154 0.0169616 0.630901 0.291883 9.9991E-05
0.00910383 0.297226 0.302584 0.280059 0.111027
0.137318 0.254746 0.0131529 0.594683 9.9991E-05
0.0236471 9.9991E-05 0.496761 0.36018 0.119313
0.0205846 0.112701 0.218391 0.57329 0.0750329
0.0324882 0.220737 0.469728 0.196668 0.0803783
0.143612 0.0786695 0.144202 0.618908 0.0146079
0.0882629 9.9991E-05 0.643216 0.216755 0.0516663
0.102477 0.0653632 0.23592 0.59614 9.9991E-05
0.0365215 0.199457 0.450253 0.273729 0.0400395
0.0807151 0.2151 0.460809 0.146372 0.0970039
0.0613746 0.462319 0.35868 0.0939568 0.0236697
0.129199 0.197161 0.67344 9.9982E-05 9.9982E-05
0.131422 0.171843 0.663948 0.00849933 0.0242882
0.0703381 0.439776 0.379639 0.103681 0.00656606
0.0546509 0.213568 0.537755 0.0883546 0.105672
0.104342 0.254296 0.641162 9.9982E-05 9.9982E-05
9.9982E-05 0.695393 0.198165 0.106243 9.9982E-05
0.0300356 0.647339 0.322425 9.9982E-05 9.9982E-05
0.0260902 0.319367 0.559257 0.095186 9.9991E-05
9.9982E-05 0.585847 0.23934 0.174613 9.9982E-05
0.0066944 0.3168 0.516372 0.160034 9.9991E-05
9.9982E-05 0.132271 0.166182 0.701346 9.9982E-05
9.9991E-05 0.303533 0.248131 0.392601 0.055634
9.9991E-05 0.0287405 0.412316 0.515921 0.0429218
9.9982E-05 9.9982E-05 0.632871 0.242843 0.124086
9.9991E-05 0.130741 0.275517 0.562457 0.031185
0.0532757 0.264792 0.404679 0.118478 0.158776
0.0471625 0.0522936 0.571838 0.174147 0.154559
9.9991E-05 0.112342 0.406735 0.300362 0.180461
0.00723236 0.0304894 0.496194 0.306592 0.159492
0.0444158 0.0882631 0.471093 0.342896 0.053332
9.9991E-05 0.0241465 0.250703 0.593607 0.131444
9.9991E-05 0.132605 0.366099 0.405223 0.0959739
9.9991E-05 0.0697636 0.693797 0.222899 0.0134395
0.0701311 0.0780556 0.640622 0.135814 0.0753768
0.0905284 0.192372 0.486877 0.218625 0.011598
0.0156531 0.125803 0.551267 0.203506 0.103771
0.0553677 0.056635 0.333201 0.420816 0.13398
0.0231187 0.018809 0.633132 0.26616 0.0587798
0.0739996 0.046897 0.552826 0.24656 0.0797171
0.0762791 0.11901 0.54073 0.144897 0.119084
0.39417 0.0177429 0.420969 0.0188617 0.148256
0.131891 0.166312 0.423731 0.002956 0.27511
0.167858 0.125574 0.451641 0.134959 0.119968
0.088399 0.0869172 0.593075 0.0645412 0.167068
0.212386 0.0595487 0.51856 9.9991E-05 0.209405
9.9991E-05 0.221557 0.526736 0.213789 0.0378185
0.1718 0.0403753 0.503919 0.0348378 0.249067
0.31378 0.51646 9.9982E-05 9.9982E-05 0.16956
0.051315 0.0778104 0.490159 0.126223 0.254492
0.106355 0.0653155 0.563042 0.0562294 0.209057
0.038603 0.108578 0.44014 0.15189 0.260789
0.202548 0.250165 0.306785 0.0571715 0.18333
0.239338 0.07431 0.557637 9.9991E-05 0.128614
0.187404 0.0914778 0.561657 9.9991E-05 0.159361
0.499248 0.312934 9.9982E-05 9.9982E-05 0.187618
0.268221 9.9982E-05 0.519416 9.9982E-05 0.212163
0.138149 0.0410692 0.479786 0.0467087 0.294287
0.149717 0.0880014 0.600962 0.0106428 0.150677
0.196777 0.0172984 0.542403 9.9991E-05 0.243421
0.106639 0.0831995 0.539934 0.0628047 0.207423
9.9991E-05 0.347915 0.523042 0.0165289 0.112414
0.164868 0.0536202 0.584682 0.13865 0.0581794
9.9991E-05 0.743202 0.088596 0.159258 0.00884421
9.9982E-05 0.808686 0.107228 0.0838863 9.9982E-05
0.1144 0.121728 0.658302 0.017264 0.0883063
0.142123 0.132642 0.428501 9.9991E-05 0.296634
0.105427 0.146056 0.399528 9.9991E-05 0.348889
0.260851 0.237503 0.152266 9.9991E-05 0.34928
0.158329 0.124944 0.332946 9.9991E-05 0.383681
0.0846443 0.665893 0.118475 9.9991E-05 0.130888
0.106822 0.555242 0.160956 9.9991E-05 0.17688
0.0459799 0.207321 0.602342 9.9991E-05 0.144257
0.0856797 0.268011 0.525959 9.9991E-05 0.12025
0.107874 0.529485 0.219938 9.9991E-05 0.142603
0.067775 0.186954 0.526759 0.0203331 0.19818
0.0593644 0.171173 0.645425 0.0118556 0.112183
0.0601594 0.247035 0.526354 9.9991E-05 0.166352
0.0427213 0.444018 0.4436 0.0695599 9.9991E-05
9.9991E-05 0.458639 0.409489 0.0775922 0.0541795
0.0505357 0.163005 0.674833 0.111526 9.9991E-05
0.075047 0.332883 0.443452 0.0959967 0.0526207
0.0643988 0.225114 0.431282 0.125792 0.153414
0.0241802 0.358717 0.573451 0.0401093 0.0035423
0.0042296 0.570191 0.298679 0.105417 0.0214825
0.0374879 0.28871 0.582894 9.9991E-05 0.0908085
9.9991E-05 0.617118 0.278635 0.0485237 0.055624
0.0293903 0.34234 0.569876 0.0269067 0.0314876
0.106047 0.164359 0.61291 0.0655218 0.0511626
0.0979529 0.301498 0.518831 0.0141807 0.0675377
0.107089 0.18328 0.405099 0.0477176 0.256814
0.10945 0.0386466 0.372885 0.223774 0.255245
0.161844 0.127321 0.337024 0.0886772 0.285135
0.183888 0.0955747 0.303087 0.188405 0.229045
0.163596 0.0583098 0.48841 0.142845 0.146839
0.132974 0.221079 0.45434 9.9991E-05 0.191507
0.179706 0.610446 9.9982E-05 9.9982E-05 0.209648
0.0807634 0.0270573 0.581771 0.0358662 0.274542
0.417342 0.397781 9.9982E-05 9.9982E-05 0.184677
0.0589611 0.117867 0.617231 9.9991E-05 0.205841
9.9973E-05 0.798742 0.200958 9.9973E-05 9.9973E-05
9.9991E-05 0.913456 0.00110053 0.0801418 0.00520148
9.9991E-05 0.343713 0.598013 0.0134019 0.0447715
9.9991E-05 0.18083 0.79413 0.0226423 0.00229783
9.9982E-05 0.460213 0.517944 0.0216428 9.9982E-05
0.0209058 0.293054 0.611075 0.054158 0.0208067
9.9982E-05 0.317632 0.627797 9.9982E-05 0.0543708
0.806305 0.0779056 0.0963161 0.0104933 0.00898001
0.704433 9.9982E-05 9.9982E-05 0.157794 0.137572
0.899497 9.9982E-05 9.9982E-05 0.000337747 0.0999657
0.941701 9.9973E-05 0.0579995 9.9973E-05 9.9973E-05
0.0823618 0.266149 0.642405 0.00176881 0.00731506
0.0253118 0.183913 0.547305 0.140001 0.103469
9.9982E-05 0.220635 0.648455 0.13071 9.9982E-05
0.10216 0.149518 0.748122 9.9982E-05 9.9982E-05
0.129964 0.153384 0.686313 0.0281838 0.00215542
0.0213472 0.393468 0.396814 0.18827 9.9991E-05
9.9991E-05 0.171927 0.682541 0.125816 0.0196166
9.9973E-05 0.525639 0.474061 9.9973E-05 9.9973E-05
0.248399 0.0273596 0.482887 0.0544114 0.186943
9.9991E-05 0.28094 0.54385 0.120358 0.0547527
9.9982E-05 0.337104 0.448761 0.213935 9.9982E-05
9.9991E-05 0.232872 0.735509 0.0110043 0.0205148
9.9982E-05 0.30222 0.596469 0.101111 9.9982E-05
9.9982E-05 0.251035 0.74095 9.9982E-05 0.0078147
0.0396414 0.0592812 0.783983 0.116994 9.9991E-05
9.9973E-05 0.733023 0.266678 9.9973E-05 9.9973E-05
9.9982E-05 0.533341 0.462552 9.9982E-05 0.0039073
9.9991E-05 0.42377 0.46267 0.0874655 0.0259937
9.9973E-05 0.964496 0.0352046 9.9973E-05 9.9973E-05
0.0223041 0.231634 0.537143 0.192448 0.0164722
9.9982E-05 0.709036 0.255906 0.0348583 9.9982E-05
0.0191204 0.893095 0.0802699 0.00741445 9.9991E-05
0.00758993 0.232058 0.664611 0.0162196 0.0795208
9.9982E-05 0.388925 0.411672 0.199203 9.9982E-05
0.0097565 0.253114 0.551676 0.147958 0.0374947
0.10324 0.108795 0.68405 9.9991E-05 0.103815
0.0136335 0.126571 0.670766 0.18893 9.9991E-05
9.9991E-05 0.259107 0.456397 0.230523 0.0538732
0.0269436 0.196685 0.684243 0.0629547 0.0291741
0.0749453 0.197628 0.645645 0.0816817 9.9991E-05
9.9982E-05 0.497487 0.486616 0.0156964 9.9982E-05
0.0703252 0.27092 0.613958 9.9991E-05 0.0446967
0.626434 0.0684329 9.9982E-05 0.304933 9.9982E-05
0.776 9.9982E-05 0.0703298 0.15347 9.9982E-05
0.815934 0.0273377 9.9982E-05 0.156528 9.9982E-05
0.805858 0.0640707 9.9982E-05 0.129871 9.9982E-05
0.78666 9.9982E-05 0.0241051 0.189035 9.9982E-05
9.9982E-05 0.397509 0.336057 0.266235 9.9982E-05
0.045199 0.449188 0.347062 0.158451 9.9991E-05
9.9973E-05 0.684253 0.315447 9.9973E-05 9.9973E-05
0.110959 0.163948 0.614117 9.9991E-05 0.110876
0.0908425 0.196253 0.575844 0.0922797 0.0447814
0.0171102 0.495857 0.452727 9.9991E-05 0.0342061
0.00566861 0.230225 0.714172 9.9991E-05 0.0498341
0.068795 0.343354 0.574353 9.9991E-05 0.0133985
0.0208584 0.234128 0.659151 0.0857621 9.9991E-05
0.0651004 0.169374 0.706436 0.0362705 0.0228195
9.9991E-05 0.392557 0.415624 0.185912 0.00580714
9.9982E-05 0.290212 0.567244 0.142345 9.9982E-05
9.9982E-05 0.292551 0.478162 0.229087 9.9982E-05
0.0775179 0.240363 0.6012 0.00112351 0.0797962
0.000500081 0.28473 0.584442 0.130229 9.9991E-05
0.0184122 0.275705 0.542014 0.133384 0.0304844
0.0195359 9.9991E-05 0.488711 0.0227949 0.468858
0.143901 0.0104164 0.433405 0.00782553 0.404451
0.100533 9.9982E-05 0.423208 9.9982E-05 0.476059
0.174456 0.0272127 0.331992 9.9991E-05 0.466239
0.202318 0.0524005 0.451081 9.9991E-05 0.2941
0.0564723 0.367798 0.53404 9.9991E-05 0.0415894
0.247435 9.9982E-05 0.077898 9.9982E-05 0.674467
0.123941 9.9991E-05 0.377572 0.00598766 0.4924
0.179546 0.18472 0.440421 0.0106013 0.184711
0.211383 0.0348161 0.568102 0.127394 0.0583043
0.137537 0.191808 0.37295 0.218858 0.078847
0.115848 0.00593403 0.605958 0.191144 0.0811153
0.114497 0.137703 0.60463 0.118721 0.0244486
0.170793 9.9982E-05 0.34562 9.9982E-05 0.483387
0.103585 0.0052614 0.421967 0.0854635 0.383723
0.0457471 9.9982E-05 0.405038 9.9982E-05 0.549015
0.101601 0.126195 0.42032 0.0443942 0.307489
0.126942 0.0155745 0.337606 0.0253564 0.49452
0.141961 0.0599978 0.430119 9.9991E-05 0.367822
0.140991 0.0392799 0.220005 9.9991E-05 0.599624
0.0906289 9.9991E-05 0.420133 0.0979319 0.391206
0.12341 0.226889 0.57209 9.9991E-05 0.0775106
0.204834 9.9991E-05 0.486266 0.0126803 0.29612
0.136873 9.9982E-05 0.21809 9.9982E-05 0.644837
0.150027 0.0262309 0.321592 0.131285 0.370865
0.210564 0.237106 0.303354 0.248875 9.9991E-05
9.9991E-05 0.232803 0.518009 0.0577049 0.191383
0.149595 0.0751462 0.418429 0.027164 0.329666
0.153461 0.13471 0.653291 0.00157709 0.0569609
0.241826 0.185194 0.554356 9.9991E-05 0.0185237
0.228034 0.226771 0.290781 9.9991E-05 0.254314
0.254863 0.103386 0.285619 9.9991E-05 0.356032
0.074123 0.0995376 0.597853 0.0918456 0.136641
0.0582088 0.145171 0.369872 0.0245196 0.402229
0.0798421 0.0132477 0.42363 9.9991E-05 0.48318
0.239684 0.00829563 0.155905 0.0062359 0.589879
0.0903186 0.127279 0.578204 0.0831215 0.121077
0.101625 0.170761 0.597037 0.130477 9.9991E-05
0.150675 0.611219 0.136746 9.9991E-05 0.10126
0.0860609 0.0862555 0.673636 0.047521 0.106527
0.11376 0.171298 0.458549 0.2069 0.0494938
0.214678 0.169824 0.421656 9.9991E-05 0.193742
0.0966325 0.10215 0.522242 0.140284 0.138691
0.331282 0.42893 9.9982E-05 9.9982E-05 0.239588
0.381715 0.481058 9.9982E-05 9.9982E-05 0.137027
0.186051 0.296099 0.273638 0.0642882 0.179924
0.325992 0.407819 9.9982E-05 9.9982E-05 0.265989
0.497159 0.283804 9.9982E-05 9.9982E-05 0.218837
0.100103 0.335513 0.423357 9.9991E-05 0.140926
0.237999 0.199083 0.364507 9.9991E-05 0.198311
0.354954 0.270297 0.208479 0.00214866 0.164121
0.308488 0.455523 9.9982E-05 9.9982E-05 0.235789
0.188833 0.173382 0.568638 9.9991E-05 0.0690468
0.269885 0.426907 0.136375 9.9991E-05 0.166733
0.525127 0.407726 9.9982E-05 9.9982E-05 0.0669471
0.136075 0.0302728 0.461715 0.168948 0.20299
0.178787 0.164219 0.284692 0.0551689 0.317133
0.314709 9.9991E-05 0.510771 0.0292097 0.14521
0.174041 9.9982E-05 0.545476 9.9982E-05 0.280283
0.228111 0.0802597 0.517182 9.9991E-05 0.174347
0.198079 0.0711328 0.48122 9.9991E-05 0.249468
0.370436 0.0616753 0.294276 0.0519843 0.221628
0.239415 9.9982E-05 0.54539 9.9982E-05 0.214994
0.262509 0.0303433 0.458354 9.9991E-05 0.248694
0.308806 0.12399 0.356872 0.012054 0.198277
0.186064 0.149085 0.412944 0.136427 0.115481
0.214256 0.0790089 0.617222 0.0188602 0.0706527
0.217671 0.145031 0.441735 0.0110749 0.184488
0.136389 0.0995357 0.684576 0.0563197 0.0231789
0.285509 9.9991E-05 0.437607 0.0096126 0.267171
0.197916 0.00710163 0.530191 0.00380294 0.260988
0.419526 0.226602 0.0938342 9.9991E-05 0.259938
0.178085 0.0791165 0.523072 9.9991E-05 0.219626
0.355134 0.127122 0.238883 9.9991E-05 0.27876
0.820844 0.0582303 9.9982E-05 0.120725 9.9982E-05
0.0604468 0.00433036 0.103126 0.831997 9.9991E-05
0.0197033 9.9973E-05 9.9973E-05 0.979997 9.9973E-05
0.00323883 9.9973E-05 9.9973E-05 0.996461 9.9973E-05
9.9973E-05 9.9973E-05 0.00575404 0.993946 9.9973E-05
9.9982E-05 9.9982E-05 0.019861 0.918933 0.0610059
9.9973E-05 9.9973E-05 0.0408383 0.958862 9.9973E-05
0.00786788 9.9973E-05 9.9973E-05 0.991832 9.9973E-05
0.189169 9.9973E-05 9.9973E-05 0.810531 9.9973E-05
0.905686 9.9991E-05 0.0422806 0.0221409 0.0297929
0.855769 9.9982E-05 0.0708226 0.0732082 9.9982E-05
0.884651 9.9991E-05 0.0380331 0.00124069 0.0759756
0.815465 0.0201948 0.0437253 0.120514 9.9991E-05
0.900682 9.9991E-05 0.0320869 0.0323257 0.0348054
0.928855 0.0261065 0.0131104 0.0318276 9.9991E-05
0.794445 9.9991E-05 0.000738556 0.0367784 0.167938
0.867339 0.0499649 0.0195614 9.9991E-05 0.0630343
0.751553 9.9991E-05 0.114156 0.0993636 0.0348277
0.916392 0.0235371 9.9982E-05 9.9982E-05 0.0598708
0.992787 9.9973E-05 9.9973E-05 0.00691355 9.9973E-05
0.833581 0.0109363 0.00587654 0.090426 0.0591803
0.973645 9.9991E-05 0.00723409 0.0069875 0.0120333
0.951051 9.9982E-05 0.0395042 0.00924524 9.9982E-05
0.881267 9.9991E-05 0.0701956 0.0210634 0.0273739
0.852046 9.9982E-05 0.0938104 9.9982E-05 0.053944
0.800268 9.9982E-05 0.0598704 9.9982E-05 0.139662
0.786239 9.9982E-05 0.0916152 9.9982E-05 0.121946
0.825002 9.9982E-05 0.129316 9.9982E-05 0.0454829
0.194168 0.204964 0.440254 0.108584 0.0520296
0.110774 0.162737 0.699702 0.0266872 9.9991E-05
0.195409 0.0937216 0.568854 0.0333324 0.108684
0.0822178 0.726368 0.11734 9.9991E-05 0.0739747
0.13997 0.11896 0.628374 0.112596 9.9991E-05
0.219847 0.610086 0.119696 9.9991E-05 0.0502703
0.178109 0.0984708 0.701452 0.0148326 0.00713504
0.135187 0.219204 0.506691 0.138817 9.9991E-05
0.103781 0.193929 0.540634 0.112578 0.0490785
0.0622813 0.193823 0.616599 0.127197 9.9991E-05
0.166627 0.157512 0.505615 0.170146 9.9991E-05
0.150529 0.0600086 0.701189 0.0703669 0.0179063
0.158953 0.0678701 0.613728 0.114123 0.0453257
9.9991E-05 0.375013 0.101792 0.455047 0.0680483
0.11033 0.79702 9.9982E-05 0.09245 9.9982E-05
0.172254 0.586432 0.190981 0.0180063 0.0323263
0.0907219 0.0966502 0.705696 0.0702083 0.0367231
0.143152 0.208101 0.615528 0.0106644 0.0225549
0.155285 0.200467 0.644048 9.9982E-05 9.9982E-05
0.0317142 0.2112 0.756886 9.9982E-05 9.9982E-05
0.19674 0.156675 0.494821 9.9991E-05 0.151664
0.170757 9.9991E-05 0.625217 0.0108606 0.193065
0.433445 0.0732838 0.192233 0.152124 0.148915
0.0354456 0.0721622 0.610393 0.175216 0.106784
0.259842 0.0510831 0.438613 0.0505696 0.199892
0.415988 0.392015 9.9982E-05 9.9982E-05 0.191797
0.303432 0.157396 0.346986 9.9991E-05 0.192086
0.380168 0.0436996 0.32076 0.0553104 0.200062
0.374138 0.00255376 0.415556 0.10527 0.102482
0.0985156 0.0552244 0.456225 0.19333 0.196705
0.25866 0.0130201 0.5523 0.0393077 0.136712
0.0935301 9.9991E-05 0.655861 0.0712651 0.179244
0.171307 0.250945 0.38125 9.9991E-05 0.196399
0.495721 0.0109967 0.321881 9.9991E-05 0.171302
