9.9973E-05 0.910036 9.9973E-05 9.9973E-05 0.0240532 0.00133578 0.0425871 0.0216884
9.9946E-05 0.961703 9.9946E-05 9.9946E-05 0.0376971 9.9946E-05 9.9946E-05 9.9946E-05
0.030868 0.874332 9.9973E-05 0.0185933 9.9973E-05 0.0249697 9.9973E-05 0.0509368
9.9955E-05 0.825283 9.9955E-05 9.9955E-05 9.9955E-05 0.0476673 9.9955E-05 0.12655
9.9955E-05 0.899116 9.9955E-05 9.9955E-05 9.9955E-05 0.0209135 9.9955E-05 0.0794705
0.0290728 0.63984 9.9991E-05 0.123794 0.0114023 0.0675901 0.0430956 0.0851056
0.00315151 0.782151 9.9973E-05 0.156129 9.9973E-05 0.033257 9.9973E-05 0.0250112
9.9982E-05 0.709511 9.9982E-05 0.149059 0.0468125 0.0651856 0.0150318 0.0142001
9.99639E-05 0.830203 9.99639E-05 0.0234372 0.101181 0.0447795 9.99639E-05 9.99639E-05
9.9982E-05 0.749608 0.0044221 0.126506 0.0459414 0.0171243 9.9982E-05 0.0561988
9.9973E-05 0.729134 9.9973E-05 0.123849 0.0128205 0.0398227 9.9973E-05 0.0940734
0.0242441 9.9973E-05 9.9973E-05 0.0650942 0.698885 9.9973E-05 0.0382529 0.173223
9.9973E-05 0.0723964 9.9973E-05 0.0169815 0.367772 9.9973E-05 0.0407005 0.50185
9.9964E-05 9.9964E-05 9.9964E-05 0.0206186 0.683764 9.9964E-05 0.0954819 0.199736
9.9964E-05 9.9964E-05 9.9964E-05 0.0109593 0.641645 9.9964E-05 0.128862 0.218134
9.9973E-05 0.0524027 9.9973E-05 0.0435543 0.394818 9.9973E-05 0.0929112 0.416014
0.0200966 0.00294232 0.0277553 0.0234495 0.325594 9.9991E-05 0.109394 0.490668
0.0637936 0.0192089 0.00856843 0.0402151 0.364229 9.9991E-05 0.0270049 0.47688
9.9973E-05 0.102649 9.9973E-05 0.0417626 0.545039 9.9973E-05 0.05048 0.25977
9.9964E-05 0.00779797 9.9964E-05 0.0875761 0.890695 9.9964E-05 9.9964E-05 0.0135315
0.0606847 9.9973E-05 9.9973E-05 0.0582365 0.435231 9.9973E-05 0.0401651 0.405382
9.9973E-05 9.9973E-05 0.030089 0.195681 0.27295 9.9973E-05 0.0583787 0.442601
0.0966606 0.0585685 0.00146548 0.00507193 0.251598 0.0327377 0.0210884 0.532809
0.019732 0.0451865 9.9982E-05 0.0611517 0.620377 9.9982E-05 0.0518985 0.201454
9.999E-05 0.0731113 0.0620437 0.0761838 0.129352 0.00310241 0.0576461 0.59846
0.00120823 0.0481586 9.9982E-05 0.0258136 0.412449 9.9982E-05 0.0102026 0.501968
9.9982E-05 0.0187445 0.0262722 0.0290294 0.707091 9.9982E-05 0.0489607 0.169702
9.9973E-05 0.0311158 9.9973E-05 0.0458899 0.622655 9.9973E-05 0.0353501 0.264689
0.0279194 9.9964E-05 9.9964E-05 0.104154 0.666009 9.9964E-05 9.9964E-05 0.201518
9.9955E-05 0.885336 9.9955E-05 9.9955E-05 9.9955E-05 9.9955E-05 0.00733793 0.106826
9.9946E-05 0.879741 9.9946E-05 9.9946E-05 9.9946E-05 9.9946E-05 9.9946E-05 0.119659
9.9964E-05 0.808259 9.9964E-05 9.9964E-05 0.00422165 9.9964E-05 0.0753577 0.111762
9.9964E-05 0.77109 0.0146204 9.9964E-05 9.9964E-05 9.9964E-05 0.0614723 0.152417
0.210762 0.0526756 0.00539182 0.0839047 0.0530797 0.0803615 9.9991E-05 0.513725
0.278104 0.0800534 9.9991E-05 0.0143249 0.0862872 0.0126258 0.0525978 0.475907
0.339684 9.9973E-05 0.0231622 0.04506 9.9973E-05 0.0525279 9.9973E-05 0.539266
0.0630578 0.0441938 9.9973E-05 9.9973E-05 0.71864 0.0277012 9.9973E-05 0.146107
0.546181 9.9964E-05 0.0414857 0.131131 9.9964E-05 9.9964E-05 9.9964E-05 0.280803
0.220489 0.0858874 0.00802306 9.9991E-05 0.149568 0.0102394 0.0182332 0.50746
0.192571 0.0450035 0.00816261 0.0356391 0.00705618 9.9982E-05 9.9982E-05 0.711368
0.0489223 0.070561 9.9982E-05 0.205938 0.0705785 0.055432 9.9982E-05 0.548368
0.0894048 0.0770169 0.00826127 0.0822067 0.171422 0.00856682 9.9991E-05 0.563022
0.609238 0.0331559 9.9964E-05 9.9964E-05 0.219745 9.9964E-05 9.9964E-05 0.137461
9.9973E-05 0.0164297 9.9973E-05 0.256281 0.0350073 0.0430735 9.9973E-05 0.648909
0.233644 0.0626376 0.0220395 0.0433634 0.00716085 0.024425 0.0239493 0.582781
0.144549 0.103783 9.9991E-05 0.081986 0.0298965 0.0195638 0.00266801 0.617453
0.566533 9.9964E-05 0.0631445 0.046129 9.9964E-05 9.9964E-05 9.9964E-05 0.323794
0.290215 0.0820446 9.9973E-05 9.9973E-05 0.022224 9.9973E-05 0.029488 0.575729
0.162061 0.076816 0.0342852 0.115995 0.0315939 0.0183892 9.9991E-05 0.560761
0.609149 9.9955E-05 0.0480381 0.342313 9.9955E-05 9.9955E-05 9.9955E-05 9.9955E-05
0.0831564 9.9982E-05 0.0151427 0.0549552 0.639426 0.0651574 9.9982E-05 0.141962
0.115428 9.9982E-05 0.117475 0.256699 0.325134 9.9982E-05 0.0468624 0.138202
0.00625429 0.0674778 0.0915601 0.0557469 0.132503 0.014634 0.0549185 0.576906
0.0500724 0.0532325 0.0851847 0.0550388 0.119866 0.0155589 0.0941504 0.526896
0.0341161 0.0811392 0.0523567 0.07345 0.12099 9.9991E-05 0.0571075 0.58074
0.0496728 0.101533 9.9982E-05 0.0464424 0.536267 0.0699658 9.9982E-05 0.195919
0.0516355 0.0191381 0.0406318 0.0205899 0.337383 0.0155532 9.9991E-05 0.514969
0.105459 0.0699445 0.0308946 9.9991E-05 0.170094 0.0140088 0.0576352 0.551864
0.0962064 0.0927545 0.0662633 0.0379899 0.272427 0.0244172 0.0195628 0.390379
0.0633976 0.146356 9.9991E-05 0.0720431 0.561995 0.0316491 0.0141188 0.11034
0.082644 0.069663 0.00672743 0.0592697 0.212846 0.00284145 0.0643123 0.501696
0.0323652 0.0692754 0.092516 0.00507637 0.297584 9.9991E-05 0.0414116 0.461671
0.0984155 0.0642314 0.0250504 0.0973151 0.666358 9.99865E-05 9.99865E-05 0.0484296
0.0750087 9.9982E-05 0.0256589 0.0459222 0.423383 0.0266016 9.9982E-05 0.403226
0.0788543 0.0572687 0.101897 0.00882239 0.134758 9.9991E-05 0.0416774 0.576623
9.9982E-05 0.102706 0.0492129 0.033207 0.20503 0.00369183 9.9982E-05 0.605952
0.0690221 0.0837331 0.018177 0.0310794 0.509823 9.9991E-05 0.0339617 0.254104
0.039146 0.0596684 0.0567124 9.9991E-05 0.291468 0.0262793 0.0319765 0.494649
0.0747005 0.0622708 0.108191 0.0152353 0.160591 0.019709 0.0053787 0.553923
0.0849733 0.0537334 0.0149562 0.0418708 0.593284 9.9982E-05 9.9982E-05 0.210983
0.456562 0.0397529 9.9964E-05 9.9964E-05 9.9964E-05 0.0292979 9.9964E-05 0.473987
0.691804 0.0239277 9.9973E-05 9.9973E-05 0.105952 9.9973E-05 0.00472127 0.173295
0.273507 0.129804 0.0128667 9.9982E-05 0.0240112 9.9982E-05 0.0525265 0.507085
0.865346 9.9964E-05 0.0571773 0.0738589 9.9964E-05 9.9964E-05 0.00321824 9.9964E-05
0.849081 9.9955E-05 0.0299265 0.120493 9.9955E-05 9.9955E-05 9.9955E-05 9.9955E-05
0.711347 9.9964E-05 0.0279125 0.0478595 9.9964E-05 9.9964E-05 9.9964E-05 0.212481
0.428423 0.0222927 9.9973E-05 9.9973E-05 0.0561133 0.0285086 9.9973E-05 0.464363
0.157259 0.150974 0.0733197 0.00232955 0.034875 9.9991E-05 0.0417798 0.539362
0.488613 9.9982E-05 0.0190079 9.9982E-05 0.00328775 0.00747312 0.00903818 0.47238
0.623524 0.0428618 9.9982E-05 9.9982E-05 0.147111 0.0524485 0.00688484 0.126969
0.551509 0.00106291 9.9973E-05 9.9973E-05 0.115532 0.0760678 9.9973E-05 0.255528
0.300362 0.0996392 9.9982E-05 9.9982E-05 0.0192593 0.0250646 0.0695424 0.485932
0.543484 0.026604 9.9973E-05 9.9973E-05 0.0678386 0.0384933 9.9973E-05 0.323281
0.432659 0.0254872 9.9973E-05 9.9973E-05 0.0826188 0.0195946 9.9973E-05 0.43934
0.462357 0.00650446 0.0351713 0.0223953 9.9982E-05 0.0215352 9.9982E-05 0.451837
0.695567 9.9955E-05 0.0812808 0.222653 9.9955E-05 9.9955E-05 9.9955E-05 9.9955E-05
0.324687 0.0392339 0.0394309 9.9982E-05 9.9982E-05 0.00735549 0.0374949 0.551598
0.0103931 0.835584 9.9973E-05 9.9973E-05 0.0246977 0.054196 9.9973E-05 0.074829
9.9946E-05 0.927433 9.9946E-05 9.9946E-05 9.9946E-05 9.9946E-05 9.9946E-05 0.0719678
9.9955E-05 0.866374 9.9955E-05 9.9955E-05 9.9955E-05 9.9955E-05 0.0366375 0.0964892
9.9955E-05 0.938471 9.9955E-05 9.9955E-05 9.9955E-05 9.9955E-05 0.0446989 0.0163301
0.00395587 0.941499 0.00981644 9.9973E-05 9.9973E-05 0.0057107 0.0387178 9.9973E-05
9.9964E-05 0.866687 9.9964E-05 9.9964E-05 9.9964E-05 0.00150247 0.0340313 0.0973798
9.9946E-05 0.91171 9.9946E-05 9.9946E-05 9.9946E-05 9.9946E-05 9.9946E-05 0.0876908
0.184044 0.0670651 0.0205993 0.014177 0.10281 0.024755 0.0492918 0.537258
0.0944624 0.0784287 0.0461996 0.0788011 0.0576421 9.9991E-05 0.0582514 0.586115
0.690599 0.0647608 0.00106764 9.9982E-05 0.182379 0.0426406 9.9982E-05 0.0183528
0.119 0.0876741 0.0551311 9.9982E-05 0.0750142 0.0572598 9.9982E-05 0.605721
0.458925 0.0383526 9.9973E-05 9.9973E-05 0.0850144 0.0304605 9.9973E-05 0.386947
0.389687 0.046553 9.9973E-05 9.9973E-05 0.0239004 0.021101 9.9973E-05 0.518459
0.329607 0.0161093 0.0123962 0.075535 0.00434432 9.9991E-05 0.0325163 0.529391
0.397254 0.0331896 0.0429889 9.9991E-05 0.00630716 0.0110282 0.0311273 0.478005
0.660703 0.0513875 9.9964E-05 9.9964E-05 0.285485 0.00202464 9.9964E-05 9.9964E-05
0.191561 0.107663 0.0295531 9.9991E-05 0.109551 0.0403226 0.0454251 0.475824
0.135101 0.0746763 0.0262392 0.0134253 0.0856128 0.0280544 0.00895842 0.627933
0.135631 0.105742 0.035738 9.9991E-05 0.0739127 0.0423028 0.0813419 0.525231
0.476051 9.9991E-05 0.0219538 0.165516 0.0579705 0.00817343 0.0142281 0.256007
0.42135 0.0119665 0.0591851 0.00210685 9.9973E-05 9.9973E-05 9.9973E-05 0.505092
0.371556 0.0232955 9.9973E-05 9.9973E-05 0.128481 0.0403014 9.9973E-05 0.436066
0.549274 9.9982E-05 0.0566886 0.00459021 9.9982E-05 0.00559945 0.0048252 0.378823
0.359313 0.0307017 0.00457042 9.9982E-05 0.171133 0.0136621 9.9982E-05 0.42042
0.132704 0.0706741 0.087787 0.0189232 0.0792703 0.0355069 0.0500503 0.525084
9.9991E-05 0.00143102 0.168306 0.0935872 0.413597 0.0244736 0.0714439 0.227061
9.9973E-05 0.0768363 9.9973E-05 0.119696 0.311345 0.0699744 9.9973E-05 0.421849
9.9991E-05 0.0988342 0.0145899 0.0690917 0.224431 0.0421337 0.0519482 0.498871
0.0871144 0.0556664 0.0483339 0.0591681 0.160774 9.9991E-05 0.045232 0.543611
9.9982E-05 0.0280671 0.0248216 0.0229581 0.430972 0.0220153 9.9982E-05 0.470966
0.00702366 0.063456 0.0266672 0.0338262 0.262393 0.0382347 0.00282503 0.565575
9.9964E-05 0.0383803 9.9964E-05 9.9964E-05 0.394218 0.107447 9.9964E-05 0.459554
0.0498978 0.056332 0.0482353 0.0817865 0.164131 0.0256903 9.9991E-05 0.573828
9.9982E-05 0.0915972 0.0653561 9.9982E-05 0.148521 0.0590824 0.06667 0.568573
9.9973E-05 0.0381551 9.9973E-05 0.0317668 0.293393 0.0572228 9.9973E-05 0.579162
0.0570527 0.0220485 0.00706859 9.9982E-05 0.317677 0.0254712 9.9982E-05 0.570482
9.9991E-05 0.0537277 0.0711423 0.00554384 0.143769 0.0596218 0.0883796 0.577716
0.0622224 0.102984 0.0610663 0.068617 0.071817 0.0329262 0.0317388 0.568629
0.0148007 9.9991E-05 0.128801 0.0246754 0.14864 0.0509545 0.0796237 0.552405
9.9991E-05 0.0718 0.116872 0.0281738 0.169145 0.0249103 0.0664771 0.522522
9.9982E-05 0.015537 0.126501 9.9982E-05 0.140248 0.0689281 0.055567 0.59302
0.0113844 0.0457799 0.101504 0.15969 0.262691 0.0425195 0.0494473 0.326983
0.0286383 0.0502645 0.0835183 0.018928 0.177898 9.9991E-05 0.0496315 0.591021
9.9991E-05 0.0297043 0.0923802 0.0508869 0.0877945 0.0688852 0.0311241 0.639125
0.0438338 0.00966932 9.9982E-05 9.9982E-05 0.702732 0.0207581 0.0446698 0.178137
0.0569542 9.9991E-05 0.208623 0.196016 0.378809 0.00890654 0.0208915 0.129699
0.0346876 0.0685213 0.0475579 0.0617695 0.219775 0.0467006 0.0245395 0.496449
0.0462589 9.9973E-05 0.271058 0.222731 0.406789 9.9973E-05 9.9973E-05 0.0528631
0.0256361 0.0200888 0.014169 9.9982E-05 0.586317 0.0172098 9.9982E-05 0.336379
0.0802649 9.9964E-05 0.0456832 9.9964E-05 0.473763 9.9964E-05 9.9964E-05 0.399889
0.0852877 0.0112207 0.0300251 9.9982E-05 0.49264 0.0373469 9.9982E-05 0.343279
0.0224482 9.9973E-05 0.060599 9.9973E-05 0.59426 0.0275147 9.9973E-05 0.294878
0.013155 0.0349458 0.0459527 0.051701 0.252097 9.9991E-05 0.00445506 0.597593
0.0696509 0.056741 0.0243934 0.0293175 0.170946 0.0759055 0.0543272 0.518718
0.0568683 0.0602362 0.0741609 9.9982E-05 0.18957 0.0333542 9.9982E-05 0.585611
0.0277665 9.9982E-05 0.15652 0.174989 0.470855 9.9982E-05 0.0191772 0.150492
0.0875628 0.163937 0.0236924 0.0658684 0.0259129 0.0495739 0.0310885 0.552364
0.0270736 0.0514391 0.0775588 0.209931 0.0341824 0.0841353 0.00909303 0.506587
0.130686 0.0593741 0.110306 0.583385 0.0870394 0.0290106 9.9982E-05 9.9982E-05
0.0894927 0.0640886 9.9982E-05 0.130721 0.0240343 9.9982E-05 0.0280785 0.663385
0.152365 0.059812 0.0835038 0.324474 0.0105343 0.0540418 0.0615108 0.253758
0.0543207 0.113215 0.0250677 0.206952 0.00591214 0.0309008 0.00642899 0.557203
0.0908512 0.0300245 9.9982E-05 0.464975 0.0843454 0.0736874 9.9982E-05 0.255916
0.0760991 9.9982E-05 0.0829723 0.550152 0.0908251 0.0870572 9.9982E-05 0.112694
0.0767744 0.0199015 0.0594173 0.261651 0.106788 0.0428926 9.9991E-05 0.432475
0.0732803 0.114562 0.0735041 0.119255 0.0330316 0.054586 0.0723742 0.459407
0.0235913 0.13759 0.0652856 0.150277 0.135073 0.0413009 0.0435125 0.403371
0.159976 0.0193149 0.131808 0.360006 0.18539 9.9991E-05 0.0605736 0.0828319
0.0678622 0.106601 0.023955 0.154497 0.0686048 0.0292967 9.9991E-05 0.549083
0.0639018 9.9973E-05 0.0809597 0.38807 0.137398 9.9973E-05 9.9973E-05 0.329371
0.050973 9.9982E-05 0.107473 0.260639 0.129951 0.0114591 9.9982E-05 0.439305
0.0192416 0.0800534 0.0379937 0.139632 0.0793128 0.045944 0.00630955 0.591513
9.9973E-05 0.324064 9.9973E-05 0.261401 0.0341335 9.9973E-05 0.229575 0.150526
9.9955E-05 0.428945 9.9955E-05 0.44002 9.9955E-05 9.9955E-05 0.130535 9.9955E-05
9.9955E-05 0.384938 9.9955E-05 0.491304 9.9955E-05 9.9955E-05 0.123258 9.9955E-05
9.9973E-05 0.311784 9.9973E-05 0.315983 0.0250964 9.9973E-05 0.238647 0.108188
0.076491 9.9973E-05 0.046432 0.210933 0.0598081 9.9973E-05 9.9973E-05 0.606036
0.0729173 0.0749267 9.9991E-05 0.124044 0.0502208 0.0033766 0.0431897 0.631225
9.9955E-05 9.9955E-05 9.9955E-05 9.9955E-05 0.0179982 9.9955E-05 0.646524 0.334978
0.0329418 0.0329207 0.0126065 9.9982E-05 0.124348 9.9982E-05 0.432771 0.364212
0.0345164 0.0935161 0.0523958 9.9982E-05 0.0781928 9.9982E-05 0.397845 0.343334
0.0587527 9.9982E-05 0.138901 0.446117 0.038653 0.0178109 9.9982E-05 0.299565
0.0771165 0.071417 0.113509 0.116963 0.0593262 0.0317115 0.0436021 0.486354
0.0255427 9.9973E-05 0.103515 0.492457 0.116044 9.9973E-05 9.9973E-05 0.262141
9.9982E-05 0.0263039 0.0522378 0.226671 0.054228 0.0298404 9.9982E-05 0.610519
0.00021852 0.0213144 0.138642 0.264832 0.0735855 9.9982E-05 9.9982E-05 0.501208
0.0152543 9.9973E-05 0.0527865 0.301504 9.9973E-05 0.0205405 9.9973E-05 0.609614
0.0836751 9.9982E-05 0.0774185 0.575971 0.00640007 0.042585 9.9982E-05 0.213751
0.00424062 0.0121339 0.00283303 0.222717 0.0258781 0.0233853 9.9991E-05 0.708712
0.0276045 0.0832292 0.0715286 0.175653 0.00112712 0.016294 0.0263355 0.598228
0.025236 9.9973E-05 0.00683071 9.9973E-05 0.00406145 9.9973E-05 0.958533 0.00503875
9.9964E-05 9.9964E-05 0.033238 9.9964E-05 0.0186861 9.9964E-05 0.891933 0.055743
9.9973E-05 0.0550217 0.0211848 9.9973E-05 0.0573258 9.9973E-05 0.541041 0.325127
9.9955E-05 9.9955E-05 9.9955E-05 9.9955E-05 9.9955E-05 0.045995 0.647406 0.306099
0.0320978 9.9964E-05 9.9964E-05 9.9964E-05 9.9964E-05 0.018268 0.816984 0.13225
9.994E-05 9.994E-05 9.994E-05 9.994E-05 9.994E-05 9.994E-05 0.9993 9.994E-05
9.9973E-05 9.9973E-05 0.00488724 9.9973E-05 0.0198603 0.0115452 0.943606 0.0198013
9.9964E-05 9.9964E-05 9.9964E-05 9.9964E-05 0.00196358 0.00996011 0.849889 0.137787
0.00357972 9.9964E-05 9.9964E-05 9.9964E-05 0.0460956 0.013951 0.935974 9.9964E-05
9.994E-05 9.994E-05 9.994E-05 9.994E-05 9.994E-05 9.994E-05 0.9993 9.994E-05
9.994E-05 9.994E-05 9.994E-05 9.994E-05 9.994E-05 9.994E-05 0.9993 9.994E-05
9.9964E-05 0.0138213 9.9964E-05 9.9964E-05 0.0169892 9.9964E-05 0.758047 0.210742
9.9982E-05 0.0284963 9.9982E-05 0.0227821 0.0455668 0.00410851 0.783619 0.115228
9.994E-05 9.994E-05 9.994E-05 9.994E-05 9.994E-05 9.994E-05 0.9993 9.994E-05
9.9982E-05 0.0900125 0.0459659 9.9982E-05 0.0950071 0.0122717 0.368598 0.387945
0.0251759 0.0345987 9.9982E-05 9.9982E-05 0.0389552 0.0058999 0.635518 0.259653
9.9964E-05 0.0438396 9.9964E-05 9.9964E-05 9.9964E-05 0.0129166 0.786372 0.156472
0.0156109 9.9964E-05 9.9964E-05 9.9964E-05 9.9964E-05 0.000443136 0.890407 0.0931395
9.994E-05 9.994E-05 9.994E-05 9.994E-05 9.994E-05 9.994E-05 0.9993 9.994E-05
9.9964E-05 0.000127746 9.9964E-05 9.9964E-05 9.9964E-05 0.0130246 0.966639 0.0198091
9.994E-05 9.994E-05 9.994E-05 9.994E-05 9.994E-05 9.994E-05 0.9993 9.994E-05
0.033608 0.0409476 9.9982E-05 9.9982E-05 0.0153473 0.0132322 0.670097 0.226568
0.0363355 0.00313854 9.9955E-05 9.9955E-05 9.9955E-05 9.9955E-05 0.960026 9.9955E-05
9.9973E-05 0.251081 0.0548206 0.649861 9.9973E-05 9.9973E-05 0.0435202 0.000417474
9.9991E-05 0.143671 0.00678583 0.304476 0.0419709 0.0426861 0.0950331 0.365277
9.9973E-05 0.0991151 9.9973E-05 0.313735 9.9973E-05 0.0599296 0.0595012 0.467419
9.9973E-05 0.095656 9.9973E-05 0.548423 9.9973E-05 0.052494 0.122937 0.18019
0.0767317 0.110664 9.9991E-05 0.153863 0.105407 0.00731603 0.121664 0.424254
9.9973E-05 0.182126 0.00302153 0.568104 9.9973E-05 9.9973E-05 0.0871562 0.159293
9.9991E-05 0.155787 0.0487428 0.227006 0.0337236 0.0518983 0.0692917 0.413451
9.9973E-05 0.152254 9.9973E-05 0.395605 9.9973E-05 0.0119715 0.0813535 0.358517
9.9973E-05 0.133532 9.9973E-05 0.281164 9.9973E-05 0.0225611 0.0877093 0.474733
0.0260582 0.137325 9.9973E-05 0.342659 9.9973E-05 9.9973E-05 0.100165 0.393493
0.0353103 0.13917 0.000944611 0.19009 0.0435044 0.0545813 0.104132 0.432268
9.9973E-05 0.879433 0.00640205 0.00947825 9.9973E-05 0.0417234 9.9973E-05 0.0626631
0.00927542 0.891909 0.0146268 0.00758934 9.9982E-05 9.9982E-05 0.0727543 0.00364548
9.9964E-05 0.952345 0.0160022 9.9964E-05 9.9964E-05 0.0221013 9.9964E-05 0.00915152
0.00872946 0.959765 9.9955E-05 0.0310058 9.9955E-05 9.9955E-05 9.9955E-05 9.9955E-05
9.9973E-05 0.89523 9.9973E-05 0.00367237 0.0262439 0.0128621 9.9973E-05 0.0616915
9.9964E-05 0.983372 9.9964E-05 9.9964E-05 9.9964E-05 0.00737237 0.000252694 0.00860266
9.9955E-05 0.925714 9.9955E-05 9.9955E-05 9.9955E-05 0.00514953 9.9955E-05 0.0686363
9.9973E-05 0.933567 0.0191306 9.9973E-05 0.0130442 0.0277177 9.9973E-05 0.00624086
0.0138128 0.891456 9.9982E-05 0.0360441 9.9982E-05 0.0034869 0.00469786 0.0503024
9.9982E-05 0.88611 0.000175628 0.0550853 9.9982E-05 0.0332568 0.0231178 0.00205409
0.0506506 0.575181 0.00103489 0.0537889 0.105306 0.213839 9.9982E-05 9.9982E-05
0.0230846 0.600375 0.00991337 0.00622474 0.158217 0.201985 9.9982E-05 9.9982E-05
0.059384 0.508913 9.9973E-05 0.072362 0.189155 0.169886 9.9973E-05 9.9973E-05
0.0281777 0.442394 9.9973E-05 0.0934724 0.250032 0.185624 9.9973E-05 9.9973E-05
0.310572 0.0851351 9.9973E-05 9.9973E-05 0.141095 0.0241038 9.9973E-05 0.438794
0.310232 0.0494078 0.0202278 9.9982E-05 0.0920098 0.033914 9.9982E-05 0.494009
0.186551 0.0554246 0.0467198 9.9982E-05 0.175076 0.0181024 9.9982E-05 0.517927
0.250964 0.0307627 9.9973E-05 9.9973E-05 0.339359 0.014843 9.9973E-05 0.363772
0.0245767 9.9982E-05 0.0829814 9.9982E-05 0.623924 0.0815076 0.0211046 0.165706
0.180416 0.0430292 0.0543036 9.9991E-05 0.026239 0.0431772 0.0155605 0.637175
0.20162 9.9973E-05 0.0318119 9.9973E-05 0.0995552 0.032673 9.9973E-05 0.63404
0.303719 0.00149842 0.0546364 0.0746978 0.0414455 0.00942077 9.9991E-05 0.514483
0.541632 9.9973E-05 0.0470004 0.0460376 9.9973E-05 9.9973E-05 0.0154309 0.349599
0.122418 0.0539338 0.0392652 0.0455007 0.0295248 0.0600611 0.0133865 0.63591
0.463947 0.0188749 9.9973E-05 9.9973E-05 0.0673372 0.0332515 9.9973E-05 0.416289
0.767906 9.9955E-05 0.149577 0.0820177 9.9955E-05 9.9955E-05 9.9955E-05 9.9955E-05
0.14172 0.0820012 0.0728446 9.9991E-05 0.130806 0.00984905 0.0156731 0.547006
0.62247 9.9964E-05 0.0674016 0.14482 9.9964E-05 9.9964E-05 9.9964E-05 0.164908
0.336417 0.0248792 0.0524926 9.9991E-05 0.00920496 0.0352986 0.026614 0.514993
0.616371 0.00745656 9.9964E-05 9.9964E-05 0.242345 9.9964E-05 9.9964E-05 0.133427
0.00261832 0.0349145 9.9964E-05 0.0107427 9.9964E-05 0.951325 9.9964E-05 9.9964E-05
9.994E-05 9.994E-05 9.994E-05 9.994E-05 9.994E-05 0.9993 9.994E-05 9.994E-05
9.994E-05 9.994E-05 9.994E-05 9.994E-05 9.994E-05 0.9993 9.994E-05 9.994E-05
0.0477186 0.0147237 9.9964E-05 9.9964E-05 0.0126886 0.924469 9.9964E-05 9.9964E-05
9.9946E-05 9.9946E-05 9.9946E-05 9.9946E-05 9.9946E-05 0.945444 9.9946E-05 0.0539561
9.9955E-05 9.9955E-05 9.9955E-05 9.9955E-05 9.9955E-05 0.937331 0.0256898 0.0364799
0.0393204 0.862374 9.9973E-05 9.9973E-05 9.9973E-05 0.0197119 0.0483964 0.0298973
0.0235638 0.811024 9.9982E-05 0.00123859 0.0604694 9.9982E-05 0.0417872 0.0617168
0.00608934 0.782754 0.0172575 0.000521799 0.0312767 9.9991E-05 0.0362156 0.125785
0.0755245 0.838072 9.9964E-05 9.9964E-05 0.00681762 9.9964E-05 0.0791856 9.9964E-05
0.00160005 0.781297 9.9982E-05 0.0467653 9.9982E-05 0.00379623 0.038669 0.127672
0.0106097 0.357473 9.9973E-05 0.0515187 0.226873 0.353226 9.9973E-05 9.9973E-05
9.9973E-05 0.403658 0.0397794 9.9973E-05 0.168406 0.380994 0.00686321 9.9973E-05
9.9973E-05 0.397274 0.0200344 9.9973E-05 0.218381 0.360894 0.00311715 9.9973E-05
0.00865104 0.846441 9.9964E-05 9.9964E-05 0.0319988 9.9964E-05 9.9964E-05 0.11251
0.0139133 0.359838 0.0298791 9.9973E-05 0.248015 0.348055 9.9973E-05 9.9973E-05
9.9964E-05 0.247194 9.9964E-05 0.168017 9.9964E-05 9.9964E-05 0.309013 0.275377
9.9973E-05 0.174 0.0430212 0.0666393 9.9973E-05 9.9973E-05 0.193263 0.522776
9.9955E-05 0.22015 9.9955E-05 9.9955E-05 9.9955E-05 9.9955E-05 0.204366 0.574984
9.9982E-05 0.255774 0.0482698 0.0959707 9.9982E-05 0.0111022 0.233632 0.355051
0.0428263 0.166833 0.0113381 0.0608341 0.0960144 9.9991E-05 0.123671 0.498384
9.9955E-05 0.405388 9.9955E-05 0.292092 9.9955E-05 9.9955E-05 0.302021 9.9955E-05
0.00809456 0.00334505 0.0484422 0.0266026 0.372382 0.100146 9.9991E-05 0.440887
0.0476014 9.9982E-05 0.164683 0.144676 0.185724 0.0409604 9.9982E-05 0.416155
0.0385486 9.9982E-05 0.0486933 0.0150869 0.578481 0.0649979 9.9982E-05 0.253992
0.0273424 9.9982E-05 0.177461 0.0814406 0.187312 0.0167286 9.9982E-05 0.509515
0.00833122 9.9964E-05 0.336284 0.285959 0.369025 9.9964E-05 9.9964E-05 9.9964E-05
0.0493861 0.116892 0.0141362 0.104085 0.129985 9.9982E-05 9.9982E-05 0.585316
0.0666446 0.0207847 0.106894 0.0552618 0.106656 0.0770485 0.0378198 0.528891
0.00238944 0.0184522 0.0312465 0.0907329 0.513172 0.0305136 9.9991E-05 0.313393
0.0842516 0.0922941 0.0516045 0.0381026 0.187396 0.0143578 0.0305092 0.501484
0.114191 9.9973E-05 0.125105 0.247843 0.406711 9.9973E-05 9.9973E-05 0.10585
0.0312844 9.9991E-05 0.0855021 0.0662359 0.175741 0.041622 0.0139548 0.58556
0.0534983 0.0159526 0.0555109 0.000963479 0.338602 0.0357655 9.9991E-05 0.499607
0.0241715 0.083821 0.0709132 0.113928 0.113657 0.028899 0.138725 0.425886
0.0757042 9.9973E-05 0.178908 0.134001 0.309553 9.9973E-05 9.9973E-05 0.301534
0.0581692 9.9982E-05 0.0668579 0.157198 0.254928 0.0170947 9.9982E-05 0.445552
9.9973E-05 9.9973E-05 0.142631 0.0886126 0.110861 0.0782287 9.9973E-05 0.579366
0.0968468 0.0142585 0.104786 0.0241706 0.207181 9.9982E-05 9.9982E-05 0.552558
0.0749456 0.0113528 0.0644662 0.043526 0.0533663 0.0461463 0.0728053 0.633392
0.122475 0.0729202 0.0505953 9.9991E-05 0.112679 0.0830547 0.0113028 0.546873
0.0928123 0.0398849 9.9991E-05 0.0396159 0.187863 0.045662 0.026936 0.567126
9.9955E-05 0.854056 9.9955E-05 9.9955E-05 9.9955E-05 9.9955E-05 0.0449287 0.100516
9.9955E-05 0.88498 0.00436222 9.9955E-05 9.9955E-05 9.9955E-05 9.9955E-05 0.110158
0.0097868 0.908452 0.00394366 0.0127337 9.9982E-05 0.0384678 9.9982E-05 0.0264164
9.9973E-05 0.890788 0.0293694 9.9973E-05 9.9973E-05 0.0373784 0.0392979 0.00286621
9.9955E-05 0.885244 9.9955E-05 9.9955E-05 9.9955E-05 0.0338901 9.9955E-05 0.0803658
0.0640206 0.0328785 9.9991E-05 0.0685619 0.67121 0.0380299 0.0299394 0.0952595
0.0158005 0.0111402 0.105254 0.06514 0.214885 0.00997804 0.0465286 0.531273
9.9982E-05 0.187528 0.0276928 0.161722 9.9982E-05 0.0247197 0.201882 0.396256
0.0264252 0.0230722 0.0238641 9.9991E-05 0.265238 0.0201045 0.0695869 0.571609
0.0502951 0.0220986 9.9973E-05 9.9973E-05 0.423696 9.9973E-05 0.00239436 0.501216
9.9973E-05 9.9973E-05 0.149637 0.186631 0.380858 9.9973E-05 0.00896287 0.273611
0.037941 0.0686589 0.00244173 0.04227 0.830142 0.0133672 9.9991E-05 0.0050789
0.0497787 0.0464314 9.9982E-05 0.0476139 0.348677 0.0490657 9.9982E-05 0.458233
0.00600908 0.0160398 9.9991E-05 0.0303461 0.5323 0.158725 0.043443 0.213037
0.0847039 0.0342986 0.0684481 0.102958 0.197321 9.9991E-05 0.00763114 0.50454
0.010696 0.073832 0.011629 0.0458062 0.649362 0.0858254 9.9991E-05 0.122749
0.016961 0.0495748 0.0247992 9.9991E-05 0.268582 0.0333772 0.0768306 0.529776
0.0632533 0.0391462 9.9991E-05 0.071922 0.666631 0.0239138 0.0211549 0.113878
0.0608955 0.00439014 0.144074 0.132125 0.359746 9.9991E-05 0.0754735 0.223195
0.0898846 0.0662345 0.021144 0.189702 9.9982E-05 0.0771974 9.9982E-05 0.555637
0.0435424 9.9982E-05 0.0860301 0.460693 0.0273393 0.0662622 9.9982E-05 0.315933
0.0427124 0.00499335 9.9973E-05 0.333022 9.9973E-05 0.0641024 9.9973E-05 0.55487
9.9982E-05 0.0993373 9.9982E-05 0.24717 0.0335411 0.0346014 0.0252051 0.559945
0.0925414 9.9982E-05 0.017871 0.553664 0.0304925 0.0346035 9.9982E-05 0.270628
0.0975621 0.0777602 0.093905 0.0947449 0.0436737 0.020943 9.9991E-05 0.571311
0.108828 9.9973E-05 0.0292405 0.27013 9.9973E-05 0.087663 9.9973E-05 0.503838
0.144791 9.9973E-05 0.120239 0.536367 9.9973E-05 0.0479728 9.9973E-05 0.15033
0.0860928 9.9973E-05 0.0266215 0.610191 9.9973E-05 0.0847618 9.9973E-05 0.192033
0.0565261 9.9982E-05 0.0439103 0.371754 0.0262395 0.0422849 9.9982E-05 0.459086
0.242406 9.9973E-05 0.0825097 0.51807 9.9973E-05 0.105924 9.9973E-05 0.0507904
0.0700083 9.9973E-05 9.9973E-05 0.351909 0.09283 0.0506538 9.9973E-05 0.434299
0.0166215 9.9973E-05 0.0388681 9.9973E-05 0.820518 9.9973E-05 0.0221021 0.101591
0.0307492 9.9982E-05 0.281013 0.0189438 0.471882 9.9982E-05 0.0665289 0.130684
0.0294909 0.0432513 0.00783528 9.9982E-05 0.485642 9.9982E-05 0.0547266 0.378854
0.043777 0.0422636 0.00588567 9.9991E-05 0.311908 0.00529401 0.0459658 0.544806
0.0819738 9.9973E-05 9.9973E-05 9.9973E-05 0.705684 0.00925938 0.0122261 0.190557
0.079699 0.0478724 0.0341715 0.0687669 0.181595 0.0323637 0.0734535 0.482078
9.9982E-05 0.0507481 0.0985834 9.9982E-05 0.241824 0.0269832 0.0306871 0.550974
0.0588694 0.00601571 0.0746967 0.0426077 0.268799 0.0233661 0.0582177 0.467428
0.0852644 0.00928709 0.0316249 9.9991E-05 0.321163 0.0298818 0.0756881 0.446991
0.0230687 0.00875587 9.9982E-05 9.9982E-05 0.387575 0.0588033 0.0354509 0.486146
0.0447427 9.9982E-05 0.0427792 9.9982E-05 0.641944 0.00361666 0.00681751 0.2599
0.00918913 9.9982E-05 0.0436836 9.9982E-05 0.461488 0.0356099 0.0211036 0.428726
0.00460354 9.9991E-05 0.117893 0.0257576 0.236727 0.011986 0.0475773 0.555356
0.0430818 0.0098472 0.0399186 0.0431907 0.192215 0.043987 0.0766761 0.551084
0.0536284 0.0394563 0.0820776 0.0987144 0.305455 0.0384811 0.0875064 0.294681
0.0357137 9.9973E-05 0.121264 9.9973E-05 0.300391 9.9973E-05 0.120341 0.42199
0.00600727 9.9991E-05 0.0169742 0.030759 0.522323 0.0307178 0.028973 0.364146
0.0520961 0.0556016 0.0175537 0.00168944 0.289179 0.0144215 0.0430435 0.526415
0.0664551 0.0188679 0.0537219 9.9991E-05 0.321582 0.0441792 0.0655446 0.429549
0.0264111 0.0850622 0.0396872 0.0853545 0.144256 0.0494731 0.0350412 0.534715
0.0374553 0.369583 9.9982E-05 0.0290975 0.0270304 9.9982E-05 0.0776973 0.458937
0.0443949 0.148225 0.0645948 0.050662 0.0096742 0.0162793 0.140237 0.525932
0.0376466 0.135487 0.0370202 0.0615421 0.114594 0.0123497 0.126821 0.474539
9.9991E-05 0.123108 0.103127 0.064076 0.0449395 0.0148073 0.12782 0.522022
0.00352249 0.177424 0.0139503 0.140056 0.0093373 0.00160761 0.196759 0.457343
9.9973E-05 9.9973E-05 0.166703 0.107916 0.175514 0.0532611 9.9973E-05 0.496306
0.0389279 0.119255 0.0169414 0.119404 0.0109692 0.0254476 0.120508 0.548547
0.00657034 0.167578 0.0459848 0.393024 0.149671 9.9991E-05 0.17035 0.0667216
9.9982E-05 0.0835244 0.0267691 0.0798323 0.117021 9.9982E-05 0.135602 0.557051
0.0280669 0.149534 0.0391357 0.0689448 0.0361649 0.0288692 0.124063 0.525222
0.0183425 0.0874527 0.0373222 0.0996835 0.0557242 0.00721996 0.181479 0.512776
0.0293756 0.177354 0.0752312 0.243779 0.079264 9.9991E-05 0.0939033 0.300993
9.9982E-05 0.166999 9.9982E-05 0.112223 0.0491995 0.0173377 0.100135 0.553906
9.9982E-05 0.144186 0.0962552 0.0966303 0.0166407 9.9982E-05 0.149475 0.496613
9.9955E-05 0.460148 9.9955E-05 0.435377 9.9955E-05 9.9955E-05 0.103975 9.9955E-05
0.0342819 0.139621 0.0086723 0.0541561 0.0845401 0.0133383 0.176371 0.489019
9.9991E-05 0.159014 0.0495594 0.0903769 0.00286321 0.00431614 0.168322 0.525449
0.0289772 0.108401 0.0313121 0.106772 0.0603323 0.00186519 0.101796 0.560544
9.9973E-05 0.150277 0.0243401 0.0786037 9.9973E-05 9.9973E-05 0.185041 0.561439
0.0371603 0.182654 9.9982E-05 0.115033 0.0690211 9.9982E-05 0.0988666 0.497065
0.0390783 0.0533957 0.463285 9.9973E-05 9.9973E-05 0.0202669 9.9973E-05 0.423674
0.0881632 0.062283 0.239039 0.0144214 0.0485276 9.9991E-05 0.06282 0.484646
0.0211945 9.9964E-05 0.891293 0.022173 0.0649396 9.9964E-05 9.9964E-05 9.9964E-05
9.9955E-05 9.9955E-05 0.951138 9.9955E-05 0.0454343 0.00292818 9.9955E-05 9.9955E-05
0.0173743 0.0903861 0.304925 0.0420329 0.0443714 0.000367367 0.0291329 0.47141
9.9973E-05 0.134763 0.156503 0.0759124 9.9973E-05 9.9973E-05 0.292818 0.339704
9.9973E-05 0.145176 0.237877 0.0172923 9.9973E-05 9.9973E-05 0.292427 0.306927
9.9973E-05 0.145107 0.262201 0.131166 9.9973E-05 9.9973E-05 0.305308 0.155918
9.9973E-05 0.148703 0.211129 0.0695567 9.9973E-05 9.9973E-05 0.245399 0.324913
9.9973E-05 0.112255 0.722244 0.100448 9.9973E-05 9.9973E-05 0.0315467 0.0332066
9.9982E-05 0.0822201 0.689822 0.0362183 9.9982E-05 0.0118402 0.0943147 0.0853844
0.0169708 0.0195654 0.388663 9.9973E-05 9.9973E-05 9.9973E-05 0.0491692 0.525332
9.9964E-05 0.0816063 0.477824 9.9964E-05 9.9964E-05 9.9964E-05 0.100429 0.33974
9.9973E-05 0.0572143 0.695718 9.9973E-05 9.9973E-05 0.0134864 0.0555535 0.177728
0.00808304 0.0348948 0.298598 0.000552836 0.0176861 0.0436647 0.0759101 0.52061
9.9982E-05 0.0166453 0.296121 0.00329814 9.9982E-05 0.0630465 0.0644022 0.556287
0.0304082 0.0789824 0.225117 0.0429256 0.0723714 0.0255663 0.0551815 0.469447
9.9955E-05 9.9955E-05 0.643415 9.9955E-05 0.0611619 9.9955E-05 9.9955E-05 0.294923
9.9973E-05 0.00808691 0.494225 0.027317 0.0719081 9.9973E-05 9.9973E-05 0.398163
9.9973E-05 0.0545915 0.341388 9.9973E-05 0.0754351 0.00689221 9.9973E-05 0.521393
0.0392422 0.0426998 0.351257 0.0440867 0.0788921 0.0304889 0.0180278 0.395305
0.0303593 0.13939 0.248285 9.9991E-05 0.0204222 0.0156839 0.0451057 0.500653
0.0796595 0.0108551 0.441192 0.00227625 0.0264795 0.000753364 9.9991E-05 0.438684
9.9955E-05 9.9955E-05 0.827964 9.9955E-05 9.9955E-05 0.0262377 9.9955E-05 0.145298
9.9955E-05 9.9955E-05 0.390889 9.9955E-05 0.00845008 9.9955E-05 9.9955E-05 0.600161
0.0293539 9.9973E-05 0.775164 9.9973E-05 0.0513735 0.0213835 9.9973E-05 0.122426
9.9964E-05 0.0248398 0.524412 9.9964E-05 9.9964E-05 0.0406017 9.9964E-05 0.409746
9.9982E-05 0.0571684 0.265355 0.0348258 0.0616864 0.0423659 9.9982E-05 0.538399
0.0377437 0.0483542 0.322283 9.9982E-05 9.9982E-05 0.064289 0.0146145 0.512515
9.9991E-05 0.197188 0.171995 0.0116543 0.0373973 0.0181656 0.101341 0.462159
0.000613586 0.157249 0.0832398 0.0664757 0.0665169 0.0860458 0.131038 0.408821
9.9973E-05 0.166227 0.101075 0.161042 9.9973E-05 9.9973E-05 0.248171 0.323184
9.9982E-05 0.216053 0.101588 0.0876383 9.9982E-05 0.0418008 0.224357 0.328363
0.00298651 0.16925 0.0858247 0.0204973 0.0993936 9.9991E-05 0.137261 0.484686
0.0428883 0.164671 0.17439 0.0647966 9.9991E-05 0.0258915 0.126484 0.400778
9.9964E-05 0.163018 0.65063 0.098405 9.9964E-05 9.9964E-05 0.0875464 9.9964E-05
9.9973E-05 0.0720664 0.174407 0.0369359 9.9973E-05 9.9973E-05 0.186755 0.529536
9.9964E-05 0.30198 0.364884 0.245152 9.9964E-05 9.9964E-05 0.0875843 9.9964E-05
9.9964E-05 0.0420172 0.320494 9.9964E-05 9.9964E-05 9.9964E-05 0.167052 0.470037
9.9946E-05 9.9946E-05 0.905781 9.9946E-05 9.9946E-05 9.9946E-05 9.9946E-05 0.0936194
0.0514848 9.9946E-05 0.947916 9.9946E-05 9.9946E-05 9.9946E-05 9.9946E-05 9.9946E-05
9.9946E-05 9.9946E-05 0.568578 9.9946E-05 9.9946E-05 9.9946E-05 9.9946E-05 0.430822
9.9955E-05 9.9955E-05 0.410967 9.9955E-05 9.9955E-05 9.9955E-05 0.0389759 0.549558
9.9955E-05 9.9955E-05 0.636793 9.9955E-05 9.9955E-05 0.000506914 9.9955E-05 0.362201
0.00376392 9.9955E-05 0.441466 9.9955E-05 9.9955E-05 9.9955E-05 9.9955E-05 0.55427
9.9946E-05 9.9946E-05 0.479973 9.9946E-05 9.9946E-05 9.9946E-05 9.9946E-05 0.519427
0.0044628 0.849163 0.016807 0.0108791 0.0517403 0.0410056 0.0258417 9.9991E-05
0.0454709 0.746492 0.000985934 0.0600453 0.0158702 0.0475626 0.0713207 0.0122524
9.9955E-05 0.91667 9.9955E-05 9.9955E-05 9.9955E-05 0.0620688 0.0207619 9.9955E-05
9.9964E-05 0.93922 0.000199128 0.0396303 9.9964E-05 9.9964E-05 9.9964E-05 0.0205504
0.31299 0.0442634 9.9982E-05 0.0476991 0.0369456 9.9982E-05 0.00819253 0.549709
0.292756 0.0926119 0.0104954 9.9973E-05 0.0667505 9.9973E-05 9.9973E-05 0.537086
0.422224 9.9955E-05 9.9955E-05 9.9955E-05 0.0582503 9.9955E-05 9.9955E-05 0.519026
0.177726 0.0466076 9.9982E-05 0.067099 0.0710812 0.0411586 9.9982E-05 0.596127
0.1084 0.0607644 0.0213819 0.105554 0.0631687 0.0271441 0.0233723 0.590215
0.57647 0.0396791 9.9973E-05 9.9973E-05 0.0700291 0.0225157 9.9973E-05 0.291006
0.322217 0.0107284 0.00201386 9.9973E-05 0.00866858 9.9973E-05 9.9973E-05 0.656072
0.5616 9.9973E-05 0.0889215 0.0964047 9.9973E-05 9.9973E-05 0.00812067 0.244653
9.9982E-05 0.318857 9.9982E-05 0.0187332 0.112756 0.0261131 0.160097 0.363245
0.377113 9.9991E-05 0.095104 0.0449329 0.0246796 0.0141513 0.0280346 0.415885
0.541369 0.0103949 9.9973E-05 9.9973E-05 0.055344 0.041876 9.9973E-05 0.350716
0.338387 9.9973E-05 0.0362259 0.0356616 0.0401815 9.9973E-05 9.9973E-05 0.549244
0.469335 9.9964E-05 9.9964E-05 9.9964E-05 0.126893 9.9964E-05 0.0314092 0.371963
0.37007 9.9964E-05 0.0512915 9.9964E-05 9.9964E-05 9.9964E-05 0.0195171 0.558722
0.343759 0.0781536 9.9964E-05 9.9964E-05 0.031949 9.9964E-05 9.9964E-05 0.545738
0.856805 9.9964E-05 0.0532888 0.0860412 9.9964E-05 9.9964E-05 0.00346537 9.9964E-05
0.559149 9.9964E-05 0.0409014 0.0966361 9.9964E-05 9.9964E-05 9.9964E-05 0.302914
0.538329 9.9982E-05 0.0428685 0.0434112 9.9982E-05 0.0138495 0.0180011 0.343341
0.805821 9.9955E-05 0.0807015 0.112978 9.9955E-05 9.9955E-05 9.9955E-05 9.9955E-05
0.395222 0.049892 9.9982E-05 0.00669679 0.0961839 0.044767 9.9982E-05 0.407038
0.624188 9.9973E-05 0.0488335 0.248491 0.0101612 9.9973E-05 9.9973E-05 0.0680265
0.818445 9.9955E-05 0.0208163 0.160239 9.9955E-05 9.9955E-05 9.9955E-05 9.9955E-05
0.309456 0.0308815 0.0377445 9.9973E-05 9.9973E-05 9.9973E-05 0.0128816 0.608737
0.614388 0.0264944 9.9982E-05 9.9982E-05 0.135004 0.0489785 0.013366 0.161569
0.443237 0.0254816 9.9982E-05 9.9982E-05 0.0491334 0.0138532 0.0137625 0.454332
0.145635 0.104695 9.9982E-05 0.0728401 0.0813174 9.9982E-05 0.0194156 0.575898
0.37197 0.0711191 9.9973E-05 9.9973E-05 0.0425937 0.00284046 9.9973E-05 0.511177
0.0232115 9.9973E-05 0.111057 0.153322 0.376897 9.9973E-05 9.9973E-05 0.335212
0.33982 0.0325838 9.9982E-05 9.9982E-05 0.0364712 0.0115789 0.0294387 0.549908
0.356374 0.00497088 9.9973E-05 9.9973E-05 0.122323 0.00881738 9.9973E-05 0.507215
0.536526 9.9973E-05 0.124825 0.0182798 0.033275 9.9973E-05 9.9973E-05 0.286794
0.272967 0.073435 0.00739059 0.0648664 0.0662691 0.0081175 0.00602749 0.500927
9.9964E-05 0.661569 9.9964E-05 0.0433118 0.132253 0.162466 9.9964E-05 9.9964E-05
0.0496614 0.750228 9.9973E-05 0.0463243 0.0228103 0.130676 9.9973E-05 9.9973E-05
9.9964E-05 0.865832 9.9964E-05 0.0220652 0.0603809 0.0513224 9.9964E-05 9.9964E-05
9.9964E-05 0.802874 9.9964E-05 0.0484747 0.0467821 0.101469 9.9964E-05 9.9964E-05
0.00836134 0.745271 9.9982E-05 0.0455824 0.0757117 0.115836 9.9982E-05 0.00903704
0.626531 0.0502984 9.9973E-05 9.9973E-05 0.159319 0.0112155 9.9973E-05 0.152336
0.678144 0.049539 9.9973E-05 9.9973E-05 0.126073 0.0348911 9.9973E-05 0.111054
0.768885 9.9973E-05 0.0157708 0.053586 9.9973E-05 9.9973E-05 0.0236273 0.137831
0.168975 0.131923 0.0743771 0.0332032 0.0279927 9.9991E-05 0.0375067 0.525922
0.189159 0.117808 0.0490068 9.9991E-05 0.0162502 0.0410217 0.0479802 0.538674
0.605458 9.9973E-05 0.0271953 0.0717791 9.9973E-05 9.9973E-05 0.063648 0.23162
0.270284 0.0203372 0.0418191 0.043151 9.9982E-05 9.9982E-05 0.0338626 0.590346
0.455993 0.0449404 0.0563403 0.042792 9.9982E-05 9.9982E-05 0.0522133 0.347521
0.349344 0.0139531 0.000931978 9.9991E-05 0.0809105 0.0255419 0.0210804 0.508138
0.31268 0.0514621 9.9973E-05 9.9973E-05 9.9973E-05 0.0255525 0.0602268 0.549779
0.609419 9.9973E-05 9.9973E-05 9.9973E-05 0.163925 0.000972677 0.0138309 0.211553
0.604048 0.00892781 9.9973E-05 9.9973E-05 0.114076 0.0156581 9.9973E-05 0.25699
0.568123 0.0166318 9.9973E-05 9.9973E-05 0.104643 0.0239229 9.9973E-05 0.286378
9.9973E-05 0.0802432 9.9973E-05 0.243462 0.0151231 0.0371664 9.9973E-05 0.623705
0.532814 0.0281059 9.9964E-05 9.9964E-05 0.0739456 9.9964E-05 9.9964E-05 0.364734
0.455954 0.0409719 9.9973E-05 9.9973E-05 0.0781669 0.0347981 9.9973E-05 0.389809
9.9982E-05 0.0831756 9.9982E-05 0.0653356 0.0554878 0.0147304 0.364426 0.416645
0.0121461 0.134138 0.0140143 0.106339 0.0191993 9.9991E-05 0.395846 0.318218
9.9973E-05 0.0990959 0.0348073 0.0224649 9.9973E-05 9.9973E-05 0.375559 0.467773
9.9973E-05 0.178419 0.0375871 0.0401211 9.9973E-05 9.9973E-05 0.485105 0.258467
0.0140105 0.126526 0.0575254 0.042496 0.010115 0.0110548 0.251873 0.486399
0.177073 0.045698 0.00971828 0.204018 9.9982E-05 0.0214654 9.9982E-05 0.541828
9.9955E-05 0.24969 9.9955E-05 0.119453 9.9955E-05 9.9955E-05 0.630357 9.9955E-05
9.9982E-05 0.162329 0.0235784 0.0383923 9.9982E-05 0.00639192 0.469277 0.299831
0.0108088 0.133036 0.00867367 0.275815 9.9991E-05 0.0304736 0.12943 0.411663
0.0650809 0.105688 9.9982E-05 0.2284 0.0352102 0.0123825 9.9982E-05 0.553038
9.9982E-05 0.109835 0.029256 0.244625 0.0862757 0.0270131 9.9982E-05 0.502795
0.0359047 0.115934 9.9982E-05 0.20354 0.0334117 0.00887356 9.9982E-05 0.602136
0.0337866 0.0996362 0.00762464 0.160158 0.0249824 0.0330036 0.0289769 0.611831
9.9982E-05 0.162985 0.0187847 0.0197968 9.9982E-05 0.0074305 0.449768 0.341035
0.00715939 0.132703 0.0305215 0.0170878 0.0418522 0.0394957 0.351852 0.379329
9.9973E-05 0.0639638 9.9973E-05 0.0447517 9.9973E-05 0.0171081 0.479347 0.394529
0.0561023 0.145856 0.0439858 9.9982E-05 9.9982E-05 0.0750969 0.261547 0.417212
0.0359818 0.198899 0.0143096 0.0178202 0.060263 9.9991E-05 0.455498 0.217128
9.9973E-05 0.114208 9.9973E-05 0.0239643 0.11499 9.9973E-05 0.292508 0.454029
0.0203963 0.106243 0.0223719 0.0731648 9.9991E-05 0.00574761 0.547953 0.224024
0.0260694 0.114221 0.0562247 0.082461 9.9982E-05 9.9982E-05 0.322503 0.398321
0.0187658 0.0350619 9.9973E-05 0.371213 9.9973E-05 0.0797788 9.9973E-05 0.494881
0.00797313 0.175005 0.000745863 0.044936 0.031148 0.0386494 0.291635 0.409908
9.9964E-05 0.202384 9.9964E-05 0.0641259 9.9964E-05 9.9964E-05 0.561754 0.171337
0.0392259 0.121342 0.023823 0.0198443 0.0866476 9.9991E-05 0.324659 0.384359
0.0356359 0.12716 9.9982E-05 0.348845 0.0551248 0.116992 9.9982E-05 0.316043
9.9973E-05 9.9973E-05 9.9973E-05 0.338775 0.0330311 0.00495965 0.0148046 0.608129
0.0130492 0.130292 0.0132927 0.0642624 0.0648176 9.9991E-05 0.320048 0.394138
9.9973E-05 0.0883506 9.9973E-05 0.265168 0.0470368 0.0227898 9.9973E-05 0.576355
9.9982E-05 0.136176 0.000162629 0.224195 0.106103 0.0399795 9.9982E-05 0.493185
0.0760177 0.198052 0.0453457 0.12174 9.9982E-05 9.9982E-05 0.18629 0.372355
9.9982E-05 0.208384 0.0173608 0.138665 0.0242758 9.9982E-05 0.25307 0.358044
0.0173669 0.0675357 0.00505485 0.128098 0.0369934 0.0783568 0.0611977 0.605397
0.0588063 0.171168 9.9991E-05 0.055434 0.0177371 0.0331724 0.297421 0.366161
9.9973E-05 0.0991737 0.0222693 9.9973E-05 9.9973E-05 0.0225024 0.418657 0.437098
9.9964E-05 0.175359 9.9964E-05 0.0508278 9.9964E-05 9.9964E-05 0.60716 0.166254
0.0789772 0.10959 0.0192124 0.0744059 0.0482378 0.0419847 0.0600154 0.567576
0.0434558 0.103508 9.9982E-05 0.313861 0.0825039 0.0135028 9.9982E-05 0.442968
9.9973E-05 0.00671388 0.0180481 0.756931 9.9973E-05 0.0331834 9.9973E-05 0.184824
0.116287 0.160937 9.9982E-05 0.116117 9.9982E-05 0.0275422 0.0165279 0.562389
9.9982E-05 0.0571757 0.0877923 0.255508 0.125324 0.0724529 9.9982E-05 0.401547
0.0591487 0.174718 0.0199382 0.121484 0.00480064 9.9991E-05 0.142813 0.476997
9.9982E-05 0.0990517 0.0160354 0.225018 0.0846987 9.9982E-05 0.0939236 0.481073
9.9955E-05 0.311549 9.9955E-05 0.584378 9.9955E-05 9.9955E-05 0.103573 9.9955E-05
