0.025628 0.0255851 9.9964E-05 9.9964E-05 9.9964E-05 9.9964E-05 0.0301776 0.918209
9.9964E-05 0.00445729 0.0112275 0.0270272 9.9964E-05 9.9964E-05 9.9964E-05 0.956888
9.9973E-05 0.010159 9.9973E-05 0.0619933 9.9973E-05 0.04242 0.0470115 0.838116
0.00620004 9.9964E-05 9.9964E-05 0.0706124 9.9964E-05 9.9964E-05 0.135614 0.787174
9.9946E-05 9.9946E-05 9.9946E-05 9.9946E-05 9.9946E-05 9.9946E-05 0.0970742 0.902326
0.0219735 0.0508364 9.9982E-05 9.9982E-05 0.246687 0.0094791 0.0219247 0.648899
9.9946E-05 9.9946E-05 9.9946E-05 9.9946E-05 0.247321 9.9946E-05 9.9946E-05 0.752079
0.00539029 0.00159179 9.9964E-05 9.9964E-05 0.284339 9.9964E-05 9.9964E-05 0.708279
0.130257 9.99549E-05 9.99549E-05 0.0486856 9.99549E-05 9.99549E-05 9.99549E-05 0.820558
0.0275916 0.0166353 9.9973E-05 9.9973E-05 0.225992 9.9973E-05 0.00248533 0.726996
9.9964E-05 0.0292812 9.9964E-05 9.9964E-05 0.228912 9.9964E-05 0.0306961 0.710711
0.489729 9.9982E-05 9.9982E-05 0.0803123 0.0462388 0.119123 0.249755 0.0146416
0.25591 0.0233949 0.0184475 0.0559386 9.9991E-05 0.0527819 0.571112 0.0223146
0.445919 0.0337197 9.9973E-05 0.160284 9.9973E-05 0.0750987 0.284679 9.9973E-05
0.421001 0.0502104 9.9973E-05 0.167689 9.9973E-05 0.0025206 0.358279 9.9973E-05
0.281329 0.0742367 9.9991E-05 0.0984084 0.0182279 0.0090662 0.48142 0.0372117
0.218778 0.0273466 0.0262189 0.0768099 0.0222193 0.00641542 0.622112 9.9991E-05
0.261064 0.0116024 0.00864851 0.0472886 0.0506612 0.0621859 0.527821 0.0307289
0.383825 9.9991E-05 0.0155933 0.162416 0.00279808 0.0103216 0.359677 0.0652692
0.680467 9.9973E-05 9.9973E-05 0.0573432 0.16379 0.0675108 0.0305891 9.9973E-05
0.263398 0.0137745 9.9991E-05 0.0828436 0.0325364 0.147078 0.458495 0.00177416
0.187481 0.0604105 0.0685478 0.0801977 0.135825 0.0582296 0.409209 9.9991E-05
0.21291 0.034148 0.0370589 0.00163811 0.0519946 0.101122 0.534918 0.0262101
0.45391 0.0508557 9.9991E-05 0.0359255 0.146998 0.0276162 0.261071 0.0235242
0.13241 0.0557693 0.0258923 0.0336707 0.0712144 9.9991E-05 0.596591 0.0843525
0.241202 9.9973E-05 9.9973E-05 0.113989 0.0476717 0.0519922 0.544845 9.9973E-05
0.508354 0.0170338 9.9991E-05 0.0464531 0.0770118 0.0844645 0.235727 0.030856
0.418199 0.0344317 9.9991E-05 0.10602 0.0818277 0.0573281 0.29185 0.010244
0.434836 9.9973E-05 9.9973E-05 0.0290148 0.209208 0.0736619 0.252979 9.9973E-05
9.9955E-05 0.0189761 9.9955E-05 9.9955E-05 9.9955E-05 9.9955E-05 0.0791433 0.901381
9.9973E-05 0.0123994 0.00594156 9.9973E-05 9.9973E-05 0.00640681 0.110939 0.864013
0.0364458 0.0929503 9.9964E-05 9.9964E-05 9.9964E-05 9.9964E-05 0.0793657 0.790838
9.9964E-05 0.0351273 9.9964E-05 0.0195914 9.9964E-05 9.9964E-05 0.198182 0.7467
0.0874047 9.9973E-05 9.9973E-05 9.9973E-05 0.213286 0.176882 0.478372 0.0437552
0.0928095 0.0479214 9.9982E-05 9.9982E-05 0.0217022 0.248068 0.493315 0.0959844
0.0116644 9.9982E-05 0.0113925 9.9982E-05 0.00664483 0.397232 0.564133 0.00873291
0.625255 9.9982E-05 0.0119452 0.0311503 9.9982E-05 0.096086 0.191381 0.043983
9.9982E-05 0.00883444 0.0166191 0.0610942 0.0167985 0.634657 0.261796 9.9982E-05
0.168293 0.0277507 9.9982E-05 0.0335696 9.9982E-05 0.20939 0.51735 0.0434462
9.9982E-05 0.00966989 0.0191651 9.9982E-05 0.0941222 0.201226 0.645736 0.02988
0.0326815 0.0143805 9.9982E-05 9.9982E-05 0.39931 0.0430058 0.449518 0.0609045
0.0623588 0.00852141 9.9982E-05 9.9982E-05 0.185468 0.0474518 0.58774 0.108259
0.17684 9.9964E-05 9.9964E-05 9.9964E-05 9.9964E-05 0.655191 0.143763 0.0238062
9.9973E-05 0.0371339 9.9973E-05 0.0352901 0.349185 9.9973E-05 0.567548 0.0105425
0.0154919 0.0451894 0.0134403 9.9991E-05 0.090517 0.198346 0.575642 0.0612734
0.015597 0.0358325 0.0221055 0.0105375 0.140645 0.110769 0.539787 0.124726
9.9964E-05 9.9964E-05 0.0655783 0.0214009 9.9964E-05 0.573925 0.338696 9.9964E-05
0.0341634 0.0079465 0.00756133 9.9982E-05 9.9982E-05 0.244528 0.613416 0.0921848
0.0394493 0.0451652 0.0676395 0.0234318 0.0533341 0.153917 0.49374 0.123322
9.9964E-05 9.9964E-05 0.0567601 0.0855312 0.156507 0.700802 9.9964E-05 9.9964E-05
0.59771 9.9973E-05 0.0606819 9.9973E-05 0.0884485 0.0658949 0.186965 9.9973E-05
0.273516 0.0221883 0.156323 0.121753 0.117223 0.16723 0.141668 9.9991E-05
0.148531 0.0176582 0.0159333 0.0843364 0.0454387 0.0165468 0.623348 0.0482071
0.0824584 0.0355806 0.047216 0.0449832 0.0618706 0.047883 0.608613 0.071395
0.0734088 0.0629015 0.0510763 0.057849 0.0361762 0.080186 0.569395 0.069007
0.463198 9.9982E-05 9.9982E-05 0.042428 0.0658592 0.0976365 0.228555 0.102123
0.357604 9.9982E-05 0.0204335 0.038544 0.00848703 0.0353966 0.539335 9.9982E-05
0.153008 0.0297984 9.9991E-05 0.050622 0.00155617 0.1273 0.563896 0.07372
0.25743 0.0115519 0.0941243 0.0156769 0.0486024 0.0882954 0.390495 0.0938241
0.480161 0.00281897 9.9991E-05 0.0305015 0.134573 0.0871799 0.127127 0.137538
0.137167 9.9991E-05 0.0482696 0.0309351 0.0520971 0.0822378 0.591997 0.057197
0.212083 9.9982E-05 0.0769159 0.0732292 9.9982E-05 0.0611835 0.517493 0.058896
0.532527 9.9991E-05 0.0184814 0.0551174 0.115548 0.13888 0.0781996 0.0611465
0.381377 9.9973E-05 0.0667691 0.0154629 9.9973E-05 0.0826904 0.4534 9.9973E-05
0.104808 0.0201906 0.101827 0.0938139 0.0216759 0.087228 0.570356 9.9991E-05
0.178805 9.9991E-05 0.0373901 0.053613 0.0258995 0.00797614 0.653285 0.0429317
0.376273 0.0591331 0.0166643 0.065301 0.0118735 0.142473 0.269854 0.0584275
0.240561 0.0539323 0.0534512 0.024044 0.0237727 0.0883241 0.506199 0.00971597
0.212632 0.0246815 0.0551882 0.0503599 0.026984 0.027436 0.55343 0.0492883
0.480654 9.9991E-05 0.024712 0.0839494 0.0491708 0.10591 0.245398 0.0101063
0.030294 9.9964E-05 9.9964E-05 9.9964E-05 9.9964E-05 0.438052 0.492585 0.0386686
0.0655408 0.000636629 9.9973E-05 9.9973E-05 9.9973E-05 0.688913 0.220206 0.0244037
0.0133082 9.9982E-05 0.0245738 0.0494785 9.9982E-05 0.281294 0.522984 0.108162
9.9964E-05 9.9964E-05 0.0461966 0.0367592 0.0139456 0.902699 9.9964E-05 9.9964E-05
9.9964E-05 9.9964E-05 0.0658041 0.00221344 0.0213672 0.910215 9.9964E-05 9.9964E-05
9.9955E-05 9.9955E-05 0.0396849 9.9955E-05 9.9955E-05 0.739616 0.220199 9.9955E-05
0.0705826 9.9964E-05 9.9964E-05 9.9964E-05 9.9964E-05 0.399568 0.485159 0.04429
0.0139062 0.0543127 0.0753738 0.00511051 0.0616485 0.136561 0.53035 0.122737
0.00987516 0.00240608 9.9982E-05 0.0069991 0.0197479 0.487196 0.473575 9.9982E-05
0.133451 9.9964E-05 9.9964E-05 9.9964E-05 9.9964E-05 0.619374 0.184348 0.0624275
0.160547 9.9964E-05 9.9964E-05 9.9964E-05 9.9964E-05 0.538412 0.27658 0.0240612
0.116202 0.0558557 9.9982E-05 0.0431448 9.9982E-05 0.258954 0.477219 0.048425
0.038089 9.9964E-05 9.9964E-05 9.9964E-05 9.9964E-05 0.536086 0.387039 0.0383862
0.0844999 9.9964E-05 9.9964E-05 9.9964E-05 9.9964E-05 0.432301 0.453842 0.0289573
9.9973E-05 9.9973E-05 0.0487019 0.0385757 0.0112679 0.442263 0.458891 9.9973E-05
9.9964E-05 9.9964E-05 0.125093 0.132809 0.00775832 0.73394 9.9964E-05 9.9964E-05
0.0216611 0.0315432 0.00568448 0.018634 0.01933 0.239778 0.618874 0.0444951
0.057412 9.9964E-05 9.9964E-05 9.9964E-05 9.9964E-05 0.00918599 0.0789043 0.854098
9.9955E-05 9.9955E-05 9.9955E-05 0.00508191 9.9955E-05 9.9955E-05 0.067757 0.926661
9.9964E-05 0.0437665 9.9964E-05 0.00260138 9.9964E-05 9.9964E-05 0.113365 0.839867
9.9964E-05 0.0459404 9.9964E-05 0.00754051 9.9964E-05 9.9964E-05 0.0402527 0.905866
9.9964E-05 0.0424654 0.00401791 0.0166553 9.9964E-05 9.9964E-05 9.9964E-05 0.936462
9.9973E-05 0.0217911 0.00776188 0.0212557 9.9973E-05 9.9973E-05 0.0844488 0.864443
9.9946E-05 9.9946E-05 9.9946E-05 9.9946E-05 9.9946E-05 9.9946E-05 0.0697641 0.929636
0.0755168 0.0334737 0.0472573 0.00291253 9.9991E-05 0.195129 0.550046 0.0955642
0.0957208 0.0747371 9.9991E-05 0.0477165 0.0229197 0.124481 0.536875 0.0974492
0.203898 9.9964E-05 9.9964E-05 9.9964E-05 9.9964E-05 0.668215 0.068858 0.058629
0.0714243 0.0411421 0.0538239 0.0166608 0.0172725 0.13146 0.581125 0.0870913
0.105147 9.9964E-05 9.9964E-05 9.9964E-05 9.9964E-05 0.481442 0.386724 0.026287
0.0704286 9.9964E-05 9.9964E-05 9.9964E-05 9.9964E-05 0.316479 0.555341 0.0573513
9.9973E-05 9.9973E-05 0.0484567 9.9973E-05 0.0919981 0.264196 0.567454 0.0275945
0.00634097 0.0307012 0.0599395 9.9982E-05 9.9982E-05 0.380747 0.497431 0.0246403
0.228134 9.9955E-05 9.9955E-05 9.9955E-05 9.9955E-05 0.714152 9.9955E-05 0.0572143
0.111016 9.9991E-05 0.0376064 0.0240275 0.0329026 0.137213 0.580887 0.0762465
0.0429185 9.9991E-05 0.0156176 0.00856703 0.000946987 0.208927 0.626349 0.0965736
0.115837 9.9982E-05 0.0360249 9.9982E-05 0.0865654 0.0838278 0.574939 0.102607
0.0169358 0.0144205 0.0618355 0.0366961 0.0787704 0.527366 0.263876 9.9991E-05
9.9955E-05 9.9955E-05 0.0827255 9.9955E-05 9.9955E-05 0.393998 0.522777 9.9955E-05
0.0925399 9.9964E-05 9.9964E-05 9.9964E-05 9.9964E-05 0.396845 0.465101 0.0451135
9.9964E-05 0.0274446 0.0380615 9.9964E-05 9.9964E-05 0.578296 0.355798 9.9964E-05
0.120184 9.9964E-05 9.9964E-05 9.9964E-05 9.9964E-05 0.385846 0.447173 0.0463976
0.103591 9.9982E-05 9.9982E-05 0.0397922 0.0128739 0.182382 0.590888 0.0702718
0.367241 9.9973E-05 0.141555 0.157718 9.9973E-05 0.030149 0.303036 9.9973E-05
0.332176 9.9982E-05 9.9982E-05 0.0206772 0.102357 0.0227695 0.4401 0.0817205
0.181609 0.0250473 0.0387558 0.0671722 0.0612519 9.9991E-05 0.548593 0.0774703
0.178942 0.0289896 0.0554691 0.0298314 0.02842 0.00143824 0.609657 0.067252
0.338819 9.9982E-05 9.9982E-05 0.0241279 0.0621231 0.0578812 0.483804 0.0330448
0.226245 0.0132577 0.0114041 0.0844672 0.0615871 9.9991E-05 0.599361 0.00357719
0.437975 9.9973E-05 0.0120241 0.0319887 9.9973E-05 9.9973E-05 0.487812 0.0299003
0.174848 0.0235659 0.108218 0.0782433 0.020427 0.041987 0.517751 0.0349599
0.205524 9.9982E-05 9.9982E-05 0.0329695 0.00539586 0.0862035 0.615218 0.0544887
0.288896 9.9973E-05 9.9973E-05 9.9973E-05 0.101594 0.0160831 0.551736 0.0413904
0.310991 9.9973E-05 0.0332153 0.0302392 0.0637568 9.9973E-05 0.561498 9.9973E-05
0.161545 0.00967687 0.0837785 0.0217069 0.00399405 0.0497772 0.625492 0.04403
0.120106 0.0440749 0.0899658 0.0504761 0.04541 0.0121211 0.55209 0.0857564
0.189868 0.0287651 0.0664801 0.0465511 9.9982E-05 0.0482941 0.619841 9.9982E-05
0.151825 0.0866546 0.0426149 0.0307772 0.0305288 0.0422285 0.533447 0.0819237
0.168538 0.0257475 0.098209 0.0559334 0.0230973 0.00370603 0.601509 0.0232604
0.261439 0.0109834 0.136345 0.145492 0.034856 0.0258893 0.32083 0.0641646
0.14836 0.0156477 0.0679875 0.0832285 9.9991E-05 0.0401481 0.631405 0.0131233
0.129585 9.9973E-05 0.0561537 0.0621415 0.0482215 9.9973E-05 0.703599 9.9973E-05
0.544977 0.00230699 0.0218496 0.05462 0.0191039 0.0969857 0.233651 0.0265057
0.345243 9.9982E-05 0.200947 0.158278 0.0245528 0.0963995 0.17438 9.9982E-05
0.227212 0.0189113 0.000314001 0.0518323 0.0897833 0.0667428 0.520896 0.024308
0.322307 9.9982E-05 0.245463 0.136984 0.0432382 0.174131 0.0776763 9.9982E-05
0.518637 9.9973E-05 0.0273671 0.0294168 9.9973E-05 0.0646192 0.35966 9.9973E-05
0.404679 9.9973E-05 0.0528536 9.9973E-05 0.0114729 0.0859394 0.444755 9.9973E-05
0.452789 9.9973E-05 0.0296233 0.0423484 9.9973E-05 0.111311 0.363628 9.9973E-05
0.482027 9.9973E-05 0.0254093 9.9973E-05 0.0849968 0.0506003 0.356667 9.9973E-05
0.185033 9.9982E-05 9.9982E-05 0.0497697 0.0465817 0.0621978 0.593021 0.063197
0.166366 0.0211947 0.0309549 0.0156297 0.0183353 0.0544042 0.573959 0.119157
0.178724 0.0359551 0.0612746 0.0225 0.0137376 0.0650842 0.586827 0.0358979
0.367843 9.9982E-05 0.12521 0.0923548 0.107842 0.10981 0.196741 9.9982E-05
0.122291 0.0270311 0.0334702 9.9991E-05 0.108761 0.045675 0.50495 0.157721
0.0596046 0.031557 0.0774337 0.104684 0.159853 0.0623467 0.47092 0.0336004
0.0990263 9.9973E-05 0.166219 0.282966 0.352858 0.0986306 9.9973E-05 9.9973E-05
0.0337763 0.0318801 0.043515 0.0871637 0.10992 0.0630865 0.60131 0.0293486
0.064187 9.9991E-05 0.100291 0.144312 0.223501 0.151662 0.279122 0.0368247
0.0242714 0.0427972 0.10592 0.0715297 0.133522 0.000768997 0.516336 0.104855
0.0977039 9.9982E-05 0.0551521 0.159449 0.393499 0.128681 0.165315 9.9982E-05
0.151474 9.9982E-05 0.160671 0.156265 0.382529 0.137547 0.0113143 9.9982E-05
0.0790258 9.9991E-05 0.0953649 0.0940509 0.237783 0.125262 0.352795 0.0156187
0.121175 0.0444786 0.0576749 0.0455173 0.109124 0.0445994 0.510997 0.0664341
0.0921203 0.017118 0.0408921 0.166524 0.085615 0.0716005 0.443075 0.0830548
0.0886947 0.0331586 0.175461 0.242662 0.15769 0.205296 0.0969386 9.9991E-05
0.0878605 0.0208832 0.0495047 0.0846899 0.105198 0.0748446 0.518341 0.0586784
0.0858956 9.9982E-05 0.16264 0.096086 0.338816 0.061394 0.254968 9.9982E-05
0.0841157 9.9982E-05 0.119083 0.117418 0.170866 0.113159 0.395157 9.9982E-05
0.0115295 0.0226361 0.0840146 9.9991E-05 0.169335 0.0355354 0.552595 0.124255
9.9973E-05 0.196947 9.9973E-05 0.183005 0.195933 9.9973E-05 0.13438 0.289434
9.9964E-05 0.0915587 9.9964E-05 0.495828 0.0814448 9.9964E-05 9.9964E-05 0.330769
9.9964E-05 0.0846953 9.9964E-05 0.44368 0.155524 9.9964E-05 9.9964E-05 0.315701
0.0217581 0.214623 9.9991E-05 0.287395 0.128409 0.00330566 0.0939056 0.250504
9.9964E-05 9.9964E-05 0.0630867 9.9964E-05 0.250812 0.118263 0.567439 9.9964E-05
0.06843 0.0395677 0.0319 0.032065 0.0771197 0.101774 0.591117 0.0580269
0.00431738 0.64635 9.9955E-05 9.9955E-05 9.9955E-05 9.9955E-05 0.348833 9.9955E-05
0.0846223 0.424323 0.02069 0.00473628 9.9991E-05 0.0535858 0.378364 0.0335783
0.147848 0.39305 0.0247195 0.006611 9.9982E-05 9.9982E-05 0.365862 0.0617104
0.0503221 0.00470575 0.218942 0.0478789 0.41017 0.0571956 0.210686 9.9991E-05
0.116956 9.9991E-05 0.0676855 0.0544328 0.115201 0.0438355 0.533813 0.0679771
0.0723734 9.9982E-05 0.118771 0.0347424 0.55054 0.0647215 0.158652 9.9982E-05
9.9991E-05 0.00273018 0.111376 0.0391127 0.251534 0.0238577 0.541118 0.030171
0.0398119 9.9991E-05 0.126727 0.0441504 0.280774 0.0391811 0.466643 0.00261225
9.9973E-05 0.0132448 0.0786857 0.0287317 0.351408 9.9973E-05 0.52763 9.9973E-05
0.0150546 9.9982E-05 0.145768 0.0953518 0.529615 0.105037 0.108974 9.9982E-05
9.9982E-05 0.0311343 0.0370297 9.9982E-05 0.23874 0.0655269 0.586333 0.0410364
0.0145832 0.00668128 0.052877 0.0884603 0.116808 0.066609 0.566923 0.0870583
9.9964E-05 0.958072 9.9964E-05 9.9964E-05 0.0189894 0.00668408 0.0158547 9.9964E-05
9.9955E-05 0.915198 0.0343075 9.9955E-05 9.9955E-05 9.9955E-05 0.0499946 9.9955E-05
0.0291015 0.508966 0.0293631 9.9991E-05 0.0105919 0.040742 0.297347 0.0837891
0.0284366 0.599223 9.9955E-05 9.9955E-05 9.9955E-05 9.9955E-05 0.371841 9.9955E-05
0.042546 0.80306 9.9964E-05 9.9964E-05 9.9964E-05 0.00723847 0.146755 9.9964E-05
9.994E-05 0.9993 9.994E-05 9.994E-05 9.994E-05 9.994E-05 9.994E-05 9.994E-05
0.0465647 0.952177 0.000758398 9.9955E-05 9.9955E-05 9.9955E-05 9.9955E-05 9.9955E-05
9.9946E-05 0.846813 9.9946E-05 9.9946E-05 9.9946E-05 9.9946E-05 0.152587 9.9946E-05
0.0433964 0.945316 9.9955E-05 9.9955E-05 9.9955E-05 0.0107875 9.9955E-05 9.9955E-05
9.994E-05 0.9993 9.994E-05 9.994E-05 9.994E-05 9.994E-05 9.994E-05 9.994E-05
9.994E-05 0.9993 9.994E-05 9.994E-05 9.994E-05 9.994E-05 9.994E-05 9.994E-05
0.00352753 0.754242 9.9964E-05 9.9964E-05 0.0342079 9.9964E-05 0.207622 9.9964E-05
0.0386502 0.767805 9.9982E-05 0.0359645 9.9982E-05 0.0068898 0.136428 0.0140616
9.994E-05 0.9993 9.994E-05 9.994E-05 9.994E-05 9.994E-05 9.994E-05 9.994E-05
0.0719107 0.336785 9.9982E-05 9.9982E-05 0.0816196 0.0454082 0.368534 0.0955426
0.057758 0.594339 9.9964E-05 9.9964E-05 9.9964E-05 9.9964E-05 0.307798 0.0397055
9.9964E-05 0.803972 9.9964E-05 9.9964E-05 0.00817482 9.9964E-05 0.169951 0.0175033
0.0261129 0.914185 9.9973E-05 9.9973E-05 9.9973E-05 0.00380984 0.0554367 0.000155827
9.994E-05 0.9993 9.994E-05 9.994E-05 9.994E-05 9.994E-05 9.994E-05 9.994E-05
9.9964E-05 0.946344 9.9964E-05 0.00754879 9.9964E-05 9.9964E-05 0.0425212 0.00318645
9.994E-05 0.9993 9.994E-05 9.994E-05 9.994E-05 9.994E-05 9.994E-05 9.994E-05
0.0105636 0.6107 0.00604908 9.9982E-05 9.9982E-05 0.0514777 0.248792 0.0722182
9.9946E-05 0.966554 9.9946E-05 9.9946E-05 9.9946E-05 0.0328461 9.9946E-05 9.9946E-05
9.9973E-05 0.0136681 0.0495917 0.236772 0.519263 9.9973E-05 9.9973E-05 0.180406
0.0395532 0.113874 0.000333997 0.0513909 0.335846 9.9991E-05 0.295659 0.163243
9.9982E-05 0.0282241 0.0267939 0.0364855 0.328602 9.9982E-05 0.426064 0.153631
9.9973E-05 0.101994 9.9973E-05 0.172863 0.507144 9.9973E-05 0.127064 0.0906347
0.0341434 0.114458 9.9991E-05 0.0179365 0.212917 0.0770347 0.411238 0.132172
9.9982E-05 0.106217 0.0543333 0.149802 0.477037 9.9982E-05 0.0512333 0.161178
0.0805356 0.0984195 0.0116567 0.119679 0.204396 9.9991E-05 0.401116 0.0840973
9.9982E-05 0.104578 0.013484 0.107609 0.380609 9.9982E-05 0.268427 0.125092
0.000761643 0.100582 0.0150226 0.0972231 0.218477 9.9991E-05 0.451487 0.116347
9.9982E-05 0.100368 9.9982E-05 0.0611172 0.35912 0.0116763 0.314451 0.153067
0.0485502 0.10274 9.9991E-05 0.0871999 0.212609 0.00921902 0.387886 0.151695
9.9973E-05 9.9973E-05 9.9973E-05 0.00285363 0.0286367 0.0221747 0.0412705 0.904765
9.9973E-05 0.0745456 0.0307011 0.0236 9.9973E-05 0.000352032 9.9973E-05 0.870501
9.9964E-05 9.9964E-05 9.9964E-05 0.0138861 9.9964E-05 0.0100764 0.00686335 0.968774
9.9946E-05 9.9946E-05 9.9946E-05 0.0694541 9.9946E-05 9.9946E-05 9.9946E-05 0.929946
0.0117388 9.9964E-05 9.9964E-05 0.0170465 9.9964E-05 9.9964E-05 0.0630016 0.907813
9.9955E-05 0.00519625 9.9955E-05 0.0465395 9.9955E-05 9.9955E-05 9.9955E-05 0.947765
0.0108141 0.0140882 9.9973E-05 0.0206642 9.9973E-05 9.9973E-05 0.0492248 0.904909
0.0138386 9.9964E-05 0.01651 0.0422884 9.9964E-05 9.9964E-05 9.9964E-05 0.926963
0.00603082 0.0390668 9.9982E-05 0.0504918 0.0151546 0.0125638 9.9982E-05 0.876492
0.00933873 0.0104252 9.9973E-05 0.108856 9.9973E-05 9.9973E-05 0.0221349 0.848945
0.260628 9.9973E-05 9.9973E-05 0.0246299 0.077787 0.0524404 9.9973E-05 0.584215
0.304663 9.9982E-05 0.0388078 0.0170508 0.0287508 0.00318104 9.9982E-05 0.607347
0.310809 9.9982E-05 0.0097438 0.0399829 0.0738429 0.0451029 9.9982E-05 0.520318
0.39311 9.9964E-05 9.9964E-05 9.9964E-05 0.140715 0.0175951 9.9964E-05 0.44818
0.179961 9.9982E-05 9.9982E-05 0.000280234 0.00752392 0.252289 0.499611 0.0601354
0.0930993 9.9982E-05 0.0666818 9.9982E-05 0.00635703 0.286501 0.501864 0.0452968
0.22774 0.00429783 0.038171 9.9982E-05 9.9982E-05 0.137109 0.544776 0.0477056
0.308266 9.9982E-05 0.00361506 0.0271148 9.9982E-05 0.254554 0.390271 0.0159791
0.573477 9.9973E-05 0.0455185 9.9973E-05 0.0911575 0.0694819 0.220065 9.9973E-05
0.0589064 0.00547681 0.0318235 0.0195333 0.00740606 0.179934 0.662784 0.0341359
0.124029 9.9973E-05 0.0219136 9.9973E-05 0.0189653 0.212272 0.62252 9.9973E-05
0.0449282 9.9982E-05 0.0648768 0.0441136 0.0171962 0.290382 0.538303 9.9982E-05
9.9955E-05 9.9955E-05 0.0817016 9.9955E-05 9.9955E-05 0.543791 0.374007 9.9955E-05
0.0805273 9.9991E-05 0.0502288 0.0921637 0.00125363 0.0983736 0.644188 0.0331648
0.0465934 9.9964E-05 9.9964E-05 9.9964E-05 9.9964E-05 0.511339 0.429431 0.0122361
0.0146538 0.00416338 0.130595 9.9964E-05 9.9964E-05 0.850188 9.9964E-05 9.9964E-05
0.130914 9.9973E-05 0.0197259 9.9973E-05 9.9973E-05 0.163446 0.579479 0.106136
9.9973E-05 9.9973E-05 0.119811 0.0563058 0.0503045 0.619105 0.154175 9.9973E-05
0.000389472 0.0130804 0.0345593 9.9991E-05 0.00834498 0.374697 0.547124 0.0217056
0.15216 9.9964E-05 9.9964E-05 9.9964E-05 9.9964E-05 0.655996 0.17357 0.0178742
0.730141 9.9955E-05 9.9955E-05 9.9955E-05 0.137473 9.9955E-05 9.9955E-05 0.131885
0.690953 9.9964E-05 9.9964E-05 9.9964E-05 0.181865 9.9964E-05 0.0347476 0.0920345
0.709313 9.9964E-05 9.9964E-05 9.9964E-05 0.15714 0.0345014 9.9964E-05 0.0986454
0.750673 9.9955E-05 9.9955E-05 9.9955E-05 0.12017 9.9955E-05 9.9955E-05 0.128657
0.718365 9.9964E-05 9.9964E-05 9.9964E-05 0.118156 9.9964E-05 0.0852747 0.0778045
0.681146 0.0581828 9.9973E-05 9.9973E-05 0.175947 9.9973E-05 0.0237298 0.0606948
9.9973E-05 0.0508327 0.0211111 9.9973E-05 9.9973E-05 0.0421494 0.0195931 0.866014
0.0314215 0.00971057 9.9982E-05 0.036982 9.9982E-05 0.0210245 0.0805577 0.820104
9.9964E-05 9.9964E-05 0.0230651 0.0374508 9.9964E-05 9.9964E-05 0.155602 0.783483
9.9955E-05 0.0758676 9.9955E-05 9.9955E-05 9.9955E-05 0.0824613 9.9955E-05 0.841171
9.9973E-05 0.042477 9.9973E-05 9.9973E-05 0.0407412 0.0161235 0.120116 0.780242
0.491742 9.9955E-05 9.9955E-05 9.9955E-05 0.109522 9.9955E-05 9.9955E-05 0.398237
0.454091 9.9964E-05 0.0458671 9.9964E-05 0.0664201 9.9964E-05 9.9964E-05 0.433222
0.477697 0.000463356 0.0302225 9.9982E-05 0.0438707 9.9982E-05 0.0104743 0.437072
0.00341604 0.00523216 0.0204694 9.9973E-05 9.9973E-05 9.9973E-05 0.110105 0.860477
0.494324 9.9964E-05 0.0387008 9.9964E-05 0.0636102 9.9964E-05 9.9964E-05 0.402965
9.9982E-05 0.222062 0.0204304 0.176954 0.0564121 9.9982E-05 0.30756 0.216381
0.0200625 0.163781 0.0200368 0.0786346 9.9991E-05 0.00923496 0.597167 0.110984
9.9964E-05 0.216446 9.9964E-05 0.0263308 9.9964E-05 9.9964E-05 0.572508 0.184315
0.00557608 0.23285 9.9982E-05 0.0803279 0.127681 9.9982E-05 0.331945 0.22142
0.0580856 0.102438 0.013118 0.088993 9.9991E-05 0.0537075 0.561521 0.122037
9.9973E-05 0.265756 0.033494 0.337884 0.0359421 9.9973E-05 9.9973E-05 0.326625
0.389398 9.9982E-05 0.0380839 0.00341978 0.118225 0.00221059 0.448462 9.9982E-05
0.201395 9.9982E-05 0.1397 0.0634665 0.0747118 0.0975862 0.42294 9.9982E-05
0.529778 9.9982E-05 0.0172181 9.9982E-05 0.0593517 0.0788581 0.304242 0.0103517
0.169659 9.9982E-05 0.159359 0.0237962 0.0464036 0.0805533 0.520029 9.9982E-05
0.326238 9.9973E-05 0.374149 0.100268 0.0828069 0.116238 9.9973E-05 9.9973E-05
0.119361 0.0164499 0.0126548 0.0560454 0.0705732 0.0885952 0.568506 0.067815
0.146019 0.0150103 0.124315 0.0285243 0.0865443 0.0223876 0.541631 0.0355681
0.470171 9.9991E-05 0.0471551 0.0314223 0.015369 0.0565877 0.360976 0.0182189
0.153396 0.0011098 0.0101025 0.00669131 0.0676806 0.116141 0.52858 0.116298
0.308987 9.9982E-05 0.132165 0.107177 0.150982 0.158721 0.141768 9.9982E-05
0.184861 9.9991E-05 0.111114 0.0453444 0.0289431 0.0686713 0.548682 0.0122842
0.322027 0.00626616 0.0306749 0.00336091 0.0789667 0.0613554 0.496739 0.00060928
0.100329 0.117218 0.0192889 0.172482 0.0183524 0.0914257 0.447281 0.0336235
0.230552 9.9982E-05 0.177432 0.125701 0.0162835 0.121839 0.327993 9.9982E-05
0.186086 9.9982E-05 0.142245 0.09514 0.0354262 0.130346 0.410557 9.9982E-05
0.173742 9.9973E-05 0.151006 0.022099 9.9973E-05 0.0562048 0.596649 9.9973E-05
0.180431 9.9982E-05 0.0647193 0.0470951 0.0717891 0.112413 0.523353 9.9982E-05
0.0972192 0.0390255 0.060491 0.0733019 0.0405143 0.0755855 0.60876 0.00510238
0.159805 0.0364348 0.0591525 0.0148564 0.0403066 0.0954471 0.503808 0.0901902
0.182069 9.9982E-05 0.0334941 0.0600266 9.9982E-05 0.102526 0.59048 0.0312054
9.9955E-05 0.0345051 9.9955E-05 9.9955E-05 9.9955E-05 9.9955E-05 0.129456 0.835539
9.9946E-05 9.9946E-05 9.9946E-05 9.9946E-05 9.9946E-05 9.9946E-05 0.132057 0.867343
0.00531613 9.9982E-05 9.9982E-05 0.00641473 0.0430184 0.0209859 0.0337508 0.890314
0.0107764 0.0696157 9.9964E-05 9.9964E-05 9.9964E-05 9.9964E-05 0.0116901 0.907518
9.9955E-05 9.9955E-05 9.9955E-05 9.9955E-05 0.0124427 9.9955E-05 0.0769732 0.910084
0.609583 0.0126667 0.00430549 0.0936236 0.0399978 0.0997019 0.140022 9.9991E-05
0.156975 0.00390896 0.0748174 0.106666 0.00139103 0.0845975 0.549495 0.0221487
0.056336 0.201424 0.0435848 0.0463682 0.0625021 9.9991E-05 0.406805 0.18288
0.209052 0.0495505 9.9982E-05 0.0331463 0.0445764 0.00848924 0.654985 9.9982E-05
0.314765 9.9964E-05 9.9964E-05 0.0537382 9.9964E-05 0.088671 0.542426 9.9964E-05
0.297587 9.9982E-05 0.128367 0.144156 0.0625831 0.0813047 0.285803 9.9982E-05
0.745535 9.9973E-05 9.9973E-05 0.0858604 9.9973E-05 0.0746442 0.048281 0.0453796
0.322801 9.9982E-05 9.9982E-05 0.0517928 0.0191433 0.0597268 0.493148 0.0531882
0.561417 0.0264446 9.9991E-05 0.0315733 0.061397 0.0296177 0.255089 0.0343617
0.184551 9.9991E-05 0.047158 0.0697126 0.116509 0.0773925 0.475923 0.0286542
0.628553 0.000436337 0.0471471 0.0838443 0.00947992 0.0149328 0.165596 0.0500106
0.249968 0.030149 0.0553375 9.9973E-05 9.9973E-05 9.9973E-05 0.592641 0.0716044
0.558002 9.9982E-05 9.9982E-05 0.0527392 0.0180716 0.129334 0.169403 0.0722502
0.303165 0.116684 0.0702102 0.0750771 0.0425385 0.150514 0.241711 9.9991E-05
0.108201 9.9991E-05 0.044722 0.0104497 0.22655 0.0327365 0.50749 0.0697513
0.0464797 9.9982E-05 0.141606 0.00166834 0.533347 0.0513126 0.225387 9.9982E-05
0.0273308 0.0188415 0.0524343 0.0823188 0.298756 0.0482586 0.444556 0.0275039
0.0334136 9.9991E-05 0.0555276 0.0431863 0.188307 0.0354988 0.549576 0.0943912
0.0431477 9.9982E-05 0.051022 0.0525977 0.600183 0.084604 0.168245 9.9982E-05
0.0944373 0.0447043 0.136491 0.0417726 0.0892606 0.0517137 0.500432 0.0411884
0.0576597 9.9982E-05 0.091783 0.0327004 0.334179 0.0326745 0.450804 9.9982E-05
0.0372886 9.9982E-05 0.22239 0.0341754 0.559971 0.110831 0.0351442 9.9982E-05
0.00822691 9.9982E-05 0.0929429 0.0395243 0.690131 0.068138 0.100837 9.9982E-05
0.0264234 9.9991E-05 0.0845422 0.0254125 0.420947 0.0225636 0.409697 0.0103144
0.0196974 9.9973E-05 0.139511 0.000205373 0.612956 0.227331 9.9973E-05 9.9973E-05
0.0515767 9.9982E-05 0.040296 0.0117235 0.433011 0.055341 0.407852 9.9982E-05
0.686955 9.9973E-05 0.0359236 0.0245828 9.9973E-05 0.0702108 0.182027 9.9973E-05
0.346378 0.0486078 0.246642 0.0944235 9.9982E-05 0.0585794 0.205169 9.9982E-05
0.392004 0.0363373 0.0223279 0.0109789 9.9991E-05 0.0871943 0.40801 0.0430476
0.239127 0.0416958 9.9991E-05 0.042979 0.00976307 0.0710259 0.558028 0.037281
0.57931 0.00595707 9.9973E-05 0.0271246 9.9973E-05 0.133879 0.253429 9.9973E-05
0.192523 0.00468225 0.05163 0.114018 9.9991E-05 0.0305936 0.569337 0.0371163
0.276252 0.0715624 0.0396356 9.9982E-05 9.9982E-05 0.0194874 0.579845 0.013018
0.221183 9.9982E-05 0.0612586 0.067478 9.9982E-05 0.0554857 0.558307 0.0360874
0.273756 0.0597803 0.0480948 0.0323048 9.9991E-05 0.0692772 0.49993 0.0167563
0.396323 0.0171332 0.0194452 0.038256 9.9982E-05 0.017493 0.51115 9.9982E-05
0.529916 9.9973E-05 0.036815 0.0410223 9.9973E-05 0.0727454 0.319202 9.9973E-05
0.468409 0.00145125 0.0458145 0.0137857 9.9982E-05 0.036641 0.433699 9.9982E-05
0.203122 9.9982E-05 0.100897 0.0669635 0.0147654 0.0385932 0.575459 9.9982E-05
0.124109 0.062146 0.0392735 0.0810243 0.0553178 0.0438278 0.594202 9.9991E-05
0.277969 0.0212131 0.0636581 0.189061 9.9982E-05 0.081281 0.366618 9.9982E-05
0.229928 0.0740534 0.125921 0.0375858 0.0028926 0.0737661 0.455752 9.9991E-05
0.491106 0.028484 9.9991E-05 0.033155 0.0170079 0.0364867 0.39129 0.00237039
0.271227 0.01554 9.9973E-05 0.0736906 9.9973E-05 0.0175141 0.621728 9.9973E-05
0.361598 0.0576235 0.0490334 9.9982E-05 9.9982E-05 0.0249103 0.46955 0.037085
0.1051 0.00773621 0.0482666 0.0654118 0.065325 0.0408935 0.581101 0.086166
0.0516429 0.120854 9.9982E-05 0.0793768 9.9982E-05 0.0033453 0.437412 0.307169
0.0442781 0.127046 0.0632514 0.122716 9.9991E-05 0.00552742 0.54745 0.0896304
0.103368 0.0789763 0.0460889 0.068726 0.0556586 0.022336 0.450773 0.174073
0.0936247 0.0529709 0.0666787 0.116183 0.028805 9.9991E-05 0.558763 0.0828748
0.000415023 0.131226 0.0204198 0.181402 9.9991E-05 0.064959 0.459483 0.141996
0.163552 9.9982E-05 0.175505 0.0471609 0.063688 0.0712107 0.478684 9.9982E-05
0.0523725 0.110743 0.015825 0.0688353 0.0711504 0.0720372 0.479248 0.129789
0.0764487 0.121417 0.0780546 0.371191 0.0940941 0.085481 0.0644939 0.10882
0.0868822 0.0558066 0.0113003 0.100795 0.0337838 0.0131112 0.629758 0.0685628
0.0727629 0.0874042 0.0391592 0.0543897 9.9991E-05 0.0431924 0.552117 0.150874
0.0544857 0.100016 0.0481476 0.0838362 0.0433711 0.00781482 0.566643 0.0956854
0.0500531 0.06756 0.0939477 0.229296 0.0742536 0.0468386 0.345368 0.0926828
0.0213752 0.0820305 9.9991E-05 0.0350525 0.0825735 0.0206291 0.547196 0.211043
0.027572 0.121944 0.109918 0.0331349 9.9982E-05 9.9982E-05 0.54511 0.162122
9.9982E-05 0.070258 0.0225051 0.530418 0.0315651 0.00735211 9.9982E-05 0.337702
0.0303266 0.119411 0.0186268 0.144438 0.0147201 9.9991E-05 0.544056 0.128321
0.0386194 0.13374 0.0211974 0.126095 0.000847605 9.9991E-05 0.581958 0.0974423
0.0449019 0.0767313 0.0505821 0.0868151 0.0188079 0.0595839 0.576924 0.0856537
9.9973E-05 0.133464 0.0144221 0.128498 9.9973E-05 9.9973E-05 0.591707 0.131609
0.0468008 0.0750565 0.00163609 0.0302125 0.122437 0.0461808 0.480102 0.197574
0.0424305 9.9982E-05 0.441706 9.9982E-05 0.0424643 0.0165404 0.424608 0.0320512
0.0313371 0.0283007 0.239758 9.9991E-05 0.0270607 0.0925925 0.502361 0.0784893
0.0386106 9.9955E-05 0.882199 9.9955E-05 9.9955E-05 0.0786902 9.9955E-05 9.9955E-05
0.0492042 9.9964E-05 0.903747 9.9964E-05 0.0258482 9.9964E-05 9.9964E-05 0.0208006
9.9982E-05 9.9982E-05 0.28578 0.0119241 0.0661423 0.0318892 0.493642 0.110423
9.9982E-05 0.267502 0.0921958 0.109812 0.072058 9.9982E-05 0.352274 0.105959
9.9973E-05 0.242633 0.212388 0.0656649 9.9973E-05 9.9973E-05 0.330311 0.148704
9.9973E-05 0.260412 0.282871 0.15625 9.9973E-05 9.9973E-05 0.191301 0.108865
9.9973E-05 0.194525 0.191939 0.129659 9.9973E-05 9.9973E-05 0.381339 0.102238
9.9982E-05 0.0453057 0.737826 0.0703024 0.0186991 9.9982E-05 0.0348171 0.0928496
9.9973E-05 0.0393161 0.714006 0.0440936 9.9973E-05 9.9973E-05 0.108783 0.0935018
9.9973E-05 0.0350987 0.381161 9.9973E-05 0.0325316 9.9973E-05 0.532386 0.0185223
9.9964E-05 0.110505 0.48645 9.9964E-05 9.9964E-05 9.9964E-05 0.34178 0.0608645
9.9964E-05 0.0537853 0.711269 9.9964E-05 9.9964E-05 9.9964E-05 0.175845 0.0587009
0.0405838 0.0237043 0.309584 9.9973E-05 9.9973E-05 9.9973E-05 0.574491 0.0513368
9.9982E-05 0.0184468 0.290076 0.0292113 0.0414204 9.9982E-05 0.573731 0.0469139
0.0366538 0.0658367 0.227167 9.9991E-05 0.0980137 0.00647841 0.497749 0.0680007
9.9964E-05 9.9964E-05 0.654775 0.0121109 0.0171572 9.9964E-05 0.315557 9.9964E-05
0.0910359 9.9982E-05 0.48941 0.00839446 9.9982E-05 0.00807591 0.386203 0.0166808
0.0238309 9.9982E-05 0.292172 9.9982E-05 0.00717314 0.0545808 0.531826 0.0902175
0.0522964 0.0239463 0.350398 9.9991E-05 0.0621283 0.0284641 0.435326 0.0473413
0.0706108 0.0335225 0.22807 0.0186261 9.9991E-05 0.0727561 0.460625 0.115689
0.0247155 9.9991E-05 0.469322 0.00510446 0.0367666 0.0178983 0.438139 0.00795365
0.0146481 9.9964E-05 0.798805 9.9964E-05 9.9964E-05 9.9964E-05 0.177022 0.00912465
9.9955E-05 9.9955E-05 0.349561 9.9955E-05 9.9955E-05 9.9955E-05 0.616087 0.0338515
0.0440974 9.9964E-05 0.786266 9.9964E-05 9.9964E-05 0.00411492 0.165122 9.9964E-05
9.9955E-05 9.9955E-05 0.547164 9.9955E-05 9.9955E-05 9.9955E-05 0.441709 0.0106264
0.0403431 9.9973E-05 0.291453 9.9973E-05 9.9973E-05 0.0558828 0.499987 0.112034
0.0106872 0.00505104 0.324339 9.9991E-05 0.018951 0.0670107 0.475464 0.0983977
0.0140209 0.125548 0.115975 0.0405491 0.0484515 9.9991E-05 0.488266 0.16709
0.0640373 0.133835 0.0961949 0.00351812 0.128071 0.0387231 0.396371 0.13925
9.9982E-05 0.22137 0.091346 0.14004 0.0709952 9.9982E-05 0.325827 0.150222
0.0198776 0.181924 0.104636 0.123596 0.0652942 9.9991E-05 0.336477 0.168095
0.0284989 0.171571 0.045367 0.029494 0.10372 0.0226248 0.43806 0.160664
0.00553749 0.0981166 0.186083 0.076886 0.0353018 0.0163076 0.438724 0.143043
9.9964E-05 0.0882737 0.677008 0.0977157 9.9964E-05 9.9964E-05 9.9964E-05 0.136603
9.9982E-05 0.158702 0.158714 0.00838851 0.00525252 9.9982E-05 0.560975 0.107768
9.9964E-05 0.0618048 0.421552 0.230629 9.9964E-05 9.9964E-05 9.9964E-05 0.285614
9.9973E-05 0.148896 0.299286 0.015813 9.9973E-05 9.9973E-05 0.461628 0.0740768
9.9946E-05 9.9946E-05 0.922529 9.9946E-05 9.9946E-05 9.9946E-05 0.0768714 9.9946E-05
9.9946E-05 9.9946E-05 0.936238 9.9946E-05 9.9946E-05 0.0631627 9.9946E-05 9.9946E-05
9.9946E-05 9.9946E-05 0.560127 9.9946E-05 9.9946E-05 9.9946E-05 0.439274 9.9946E-05
9.9955E-05 9.9955E-05 0.397922 9.9955E-05 9.9955E-05 9.9955E-05 0.575064 0.0265144
9.9946E-05 9.9946E-05 0.627924 9.9946E-05 9.9946E-05 9.9946E-05 0.371476 9.9946E-05
9.9946E-05 9.9946E-05 0.478692 9.9946E-05 9.9946E-05 9.9946E-05 0.520709 9.9946E-05
9.9946E-05 9.9946E-05 0.477579 9.9946E-05 9.9946E-05 9.9946E-05 0.521822 9.9946E-05
0.0750606 0.0242211 9.9982E-05 9.9982E-05 0.00704401 0.0175441 0.0121659 0.863764
0.0453151 0.0724595 0.0114773 0.0400414 0.0275589 0.0220175 0.0275432 0.753587
0.0222626 0.0265846 0.0109322 9.9973E-05 0.0100986 9.9973E-05 9.9973E-05 0.929822
9.9955E-05 9.9955E-05 9.9955E-05 0.0831742 9.9955E-05 9.9955E-05 0.023636 0.89269
0.000284192 0.00854191 9.9991E-05 0.0335236 0.0142715 0.374461 0.531743 0.0370752
0.0678883 9.9982E-05 9.9982E-05 0.0214939 0.00882559 0.314313 0.535908 0.0513713
0.0323358 9.9973E-05 9.9973E-05 0.00586015 9.9973E-05 0.409585 0.532091 0.019828
0.0666059 0.0129681 9.9982E-05 9.9982E-05 0.046507 0.248856 0.574232 0.0506303
0.0708763 0.0582771 9.9982E-05 9.9982E-05 0.227529 0.0679744 0.512315 0.0628285
0.106559 9.9964E-05 9.9964E-05 9.9964E-05 9.9964E-05 0.567497 0.285067 0.0404778
9.9973E-05 9.9973E-05 0.00538126 0.0180181 9.9973E-05 0.326544 0.640603 0.00915396
9.9982E-05 9.9982E-05 0.139474 0.0199085 0.00721992 0.547927 0.280639 0.00463236
0.0703711 0.127153 0.0176167 0.0216269 0.0543045 9.9991E-05 0.422763 0.286065
0.00972374 0.0202216 0.0876114 0.0127099 0.0561277 0.401249 0.406332 0.00602482
0.151734 9.9955E-05 9.9955E-05 9.9955E-05 9.9955E-05 0.473003 0.374763 9.9955E-05
0.0176225 0.0242469 0.0613655 9.9982E-05 0.0346629 0.360226 0.501676 9.9982E-05
0.0962173 0.0331158 9.9973E-05 9.9973E-05 9.9973E-05 0.448397 0.415658 0.0063116
9.9955E-05 9.9955E-05 9.9955E-05 0.00586773 9.9955E-05 0.41934 0.574293 9.9955E-05
0.0424564 9.9973E-05 0.00606236 9.9973E-05 9.9973E-05 0.341666 0.525857 0.0836589
9.9964E-05 9.9964E-05 0.077246 9.9964E-05 0.0346832 0.874968 0.0127031 9.9964E-05
9.9982E-05 0.0257339 0.0451191 0.00219588 0.0346656 0.591774 0.300311 9.9982E-05
9.9973E-05 0.00568025 0.0544468 0.00523973 9.9973E-05 0.598539 0.335795 9.9973E-05
9.9955E-05 9.9955E-05 0.0817459 0.0440917 9.9955E-05 0.873663 9.9955E-05 9.9955E-05
0.105788 9.9973E-05 9.9973E-05 9.9973E-05 0.0476384 0.386979 0.401 0.0582944
9.9973E-05 9.9973E-05 0.0630232 0.0523767 0.166177 0.672434 0.0456889 9.9973E-05
9.9964E-05 9.9964E-05 0.0527042 0.0690133 0.00577641 0.872106 9.9964E-05 9.9964E-05
9.9973E-05 0.0159009 0.05607 9.9973E-05 9.9973E-05 0.319848 0.553735 0.0541459
0.154971 9.99639E-05 9.99639E-05 9.99639E-05 9.99639E-05 0.589126 0.191651 0.0638517
0.0881411 0.00111362 9.9982E-05 9.9982E-05 0.0131251 0.404925 0.457377 0.0351184
0.0321081 9.9982E-05 9.9982E-05 0.0433927 0.03157 0.180446 0.634856 0.0774274
0.125291 9.9964E-05 9.9964E-05 9.9964E-05 9.9964E-05 0.358266 0.484232 0.0318105
0.304552 9.9982E-05 0.113124 0.101716 0.0106754 0.0932767 0.376456 9.9982E-05
0.0634813 0.0131074 9.9973E-05 9.9973E-05 9.9973E-05 0.307717 0.554558 0.060836
0.115043 9.9973E-05 9.9973E-05 9.9973E-05 0.0405362 0.325685 0.509281 0.00915517
9.9973E-05 9.9973E-05 0.0298418 0.0262941 0.0612988 0.579308 0.302957 9.9973E-05
0.0810437 0.00270656 0.0403258 9.9991E-05 0.0334068 0.212528 0.528973 0.100916
0.261148 9.9964E-05 9.9964E-05 0.00474433 0.064662 9.9964E-05 9.9964E-05 0.669046
0.150479 9.9982E-05 0.0122453 0.0208011 0.0218692 0.0279425 9.9982E-05 0.766463
0.125797 9.9955E-05 9.9955E-05 0.0388148 9.9955E-05 9.9955E-05 9.9955E-05 0.834889
0.139391 9.9964E-05 9.9964E-05 0.0309674 0.0293663 9.9964E-05 9.9964E-05 0.799875
0.140647 9.9955E-05 9.9955E-05 9.9955E-05 0.124028 9.9955E-05 9.9955E-05 0.734825
0.161438 9.9964E-05 9.9964E-05 9.9964E-05 9.9964E-05 0.617132 0.159059 0.0619715
0.132169 9.9964E-05 9.9964E-05 9.9964E-05 9.9964E-05 0.663625 0.16798 0.0358263
9.9973E-05 0.0124414 0.0299439 0.00907129 9.9973E-05 0.756668 0.191575 9.9973E-05
0.0171189 9.9991E-05 0.00769107 0.0563956 0.0580385 0.179888 0.579037 0.101731
0.0432754 0.0104072 0.0226463 0.0527053 0.0395561 0.172414 0.55498 0.104015
9.9982E-05 0.0346095 0.0248339 9.9982E-05 0.0747779 0.617425 0.23686 0.0112936
9.9991E-05 0.0474026 0.0141927 0.0262504 0.0317284 0.279279 0.596222 0.00482466
9.9991E-05 0.0394436 0.0783153 0.0385072 0.0165522 0.40678 0.38951 0.0307916
0.0826866 9.9973E-05 9.9973E-05 9.9973E-05 0.0206533 0.336859 0.535874 0.0236268
0.0162718 0.0403043 9.9982E-05 0.000184898 9.9982E-05 0.275975 0.60505 0.0620144
0.15888 0.00763695 9.9973E-05 9.9973E-05 9.9973E-05 0.600725 0.226889 0.00556915
0.13558 9.9955E-05 9.9955E-05 9.9955E-05 9.9955E-05 0.543107 0.320812 9.9955E-05
0.107081 9.9964E-05 9.9964E-05 9.9964E-05 9.9964E-05 0.538346 0.336762 0.0174111
0.0200695 9.9964E-05 9.9964E-05 9.9964E-05 0.287684 9.9964E-05 0.579527 0.112319
0.0950603 9.9964E-05 9.9964E-05 9.9964E-05 9.9964E-05 0.456472 0.421028 0.0270405
0.0992865 0.00576781 9.9973E-05 9.9973E-05 9.9973E-05 0.445872 0.391503 0.0572708
0.0228185 0.316763 0.00244964 0.0274523 0.0449196 0.0108351 0.488958 0.0858037
9.9973E-05 0.364707 9.9973E-05 0.0897402 0.0290852 9.9973E-05 0.386173 0.129995
9.9982E-05 0.337577 0.0268314 0.0321725 0.0188988 9.9982E-05 0.461213 0.123107
9.9973E-05 0.476833 0.00229908 0.119182 9.9973E-05 9.9973E-05 0.299319 0.102067
0.00321556 0.194766 0.0126148 0.0462837 0.0642636 0.0426458 0.501504 0.134707
9.9991E-05 0.00363848 0.0328411 0.0170392 0.268339 0.190267 0.457785 0.0299897
9.9964E-05 0.583542 9.9964E-05 0.147634 9.9964E-05 9.9964E-05 0.0745552 0.193869
9.9982E-05 0.454465 0.00127079 0.0492094 0.0426011 9.9982E-05 0.323098 0.129155
9.9973E-05 0.149665 9.9973E-05 0.155123 0.28189 9.9973E-05 0.322185 0.0908366
0.0412005 9.9973E-05 9.9973E-05 9.9973E-05 0.350971 0.0136582 0.481361 0.11251
9.9973E-05 0.0219267 0.00163591 9.9973E-05 0.48935 9.9973E-05 0.390731 0.0960565
0.0125109 0.0323347 9.9973E-05 9.9973E-05 0.305569 9.9973E-05 0.540073 0.109212
0.012222 0.0247734 9.9982E-05 0.0165819 0.299583 9.9982E-05 0.568887 0.0777527
9.9964E-05 0.388161 9.9964E-05 0.0726049 9.9964E-05 9.9964E-05 0.373163 0.165671
0.018538 0.304889 9.9982E-05 0.0598873 9.9982E-05 0.0172558 0.460082 0.139148
9.9964E-05 0.433576 9.9964E-05 0.0751232 9.9964E-05 9.9964E-05 0.429133 0.0617677
0.0277299 0.251349 0.0164603 9.9982E-05 0.129101 9.9982E-05 0.441562 0.133598
0.0124142 0.42654 9.9982E-05 0.0938295 9.9982E-05 0.0575118 0.282534 0.12697
0.0734429 0.319661 9.9982E-05 0.050323 9.9982E-05 0.0285783 0.409102 0.118693
9.9973E-05 0.475144 0.0151252 0.147156 9.9973E-05 9.9973E-05 0.284952 0.0773229
0.00837156 0.287308 0.0231913 0.067171 0.0926171 0.0149007 0.445133 0.0613074
9.9973E-05 0.0237398 9.9973E-05 0.0103431 0.458566 9.9973E-05 0.443272 0.0637791
0.0512673 0.328798 0.00684973 0.0493197 0.0661264 0.0200117 0.346504 0.131123
9.9964E-05 0.492532 9.9964E-05 0.129032 9.9964E-05 9.9964E-05 0.195788 0.182248
0.0467208 0.325509 9.9982E-05 0.0847957 9.9982E-05 0.0535687 0.407709 0.0814971
0.0712252 9.9964E-05 9.9964E-05 9.9964E-05 0.595812 9.9964E-05 0.207917 0.124646
9.9964E-05 0.0532918 9.9964E-05 9.9964E-05 0.422078 9.9964E-05 0.510853 0.0133769
0.0229743 0.302542 0.0421014 0.0353936 0.0641391 9.9991E-05 0.399997 0.132753
0.019926 9.9964E-05 9.9964E-05 9.9964E-05 0.361965 9.9964E-05 0.493871 0.123838
0.0300523 9.9964E-05 9.9964E-05 9.9964E-05 0.415054 9.9964E-05 0.422669 0.131824
0.0185205 0.161839 9.9991E-05 0.115932 0.139845 0.032767 0.379439 0.151558
9.9982E-05 0.197366 0.0581633 0.118546 0.0436979 9.9982E-05 0.399319 0.182708
9.9991E-05 0.0664177 0.030615 0.0590214 0.158918 0.0425374 0.527703 0.114688
0.00721525 0.25979 0.00466164 0.0470085 0.0309134 0.0643453 0.410515 0.175551
9.9964E-05 0.375612 9.9964E-05 0.00775373 9.9964E-05 9.9964E-05 0.465111 0.151123
9.9964E-05 0.565486 9.9964E-05 0.126152 9.9964E-05 9.9964E-05 0.161273 0.146689
0.0144347 0.0406358 0.0449312 9.9982E-05 0.202445 9.9982E-05 0.574941 0.122413
0.0113673 9.9964E-05 9.9964E-05 9.9964E-05 0.533319 9.9964E-05 0.360004 0.09491
9.9982E-05 0.0462634 0.0219908 0.0348606 0.867092 9.9982E-05 0.00819515 0.0213978
0.0501071 0.02199 0.00558491 9.9991E-05 0.196913 0.0613693 0.533792 0.130144
0.157362 0.0306114 0.143623 0.00127159 0.220598 0.00780212 0.366763 0.0719694
9.9973E-05 0.058177 9.9973E-05 0.307349 9.9973E-05 0.0329514 0.519633 0.0815899
0.0679557 9.9982E-05 0.00950322 0.278734 9.9982E-05 0.008986 0.570333 0.0642882
0.0131269 9.9964E-05 9.9964E-05 0.874455 9.9964E-05 9.9964E-05 0.0559152 0.0561032
