0.0465123 9.9973E-05 0.00710154 9.9973E-05 9.9973E-05 0.014027 0.917919 0.0141398
9.9955E-05 9.9955E-05 0.0376515 9.9955E-05 9.9955E-05 9.9955E-05 0.960632 0.0012165
0.0124125 9.9973E-05 0.0748126 0.0360375 9.9973E-05 0.0314913 0.844946 9.9973E-05
9.9964E-05 9.9964E-05 0.0295602 9.9964E-05 9.9964E-05 0.130855 0.817506 0.0216782
9.9964E-05 0.015263 0.000703629 9.9964E-05 9.9964E-05 0.0647436 0.91889 9.9964E-05
0.0660342 0.294198 9.9964E-05 9.9964E-05 9.9964E-05 0.0247602 0.614608 9.9964E-05
9.9946E-05 0.229443 9.9946E-05 9.9946E-05 9.9946E-05 9.9946E-05 0.769958 9.9946E-05
0.0146621 0.29113 9.9964E-05 9.9964E-05 9.9964E-05 9.9964E-05 0.681773 0.0120351
9.99549E-05 9.99549E-05 0.0509583 9.99549E-05 9.99549E-05 9.99549E-05 0.785325 0.163216
0.00623553 0.207504 9.9964E-05 9.9964E-05 9.9964E-05 0.0326989 0.753162 9.9964E-05
0.00684338 0.227972 9.9973E-05 9.9973E-05 9.9973E-05 0.0276032 0.737179 0.000102094
9.9973E-05 0.0302333 0.114106 0.144927 9.9973E-05 0.262741 9.9973E-05 0.447693
0.000725467 0.0124559 0.0439632 0.0614786 9.9991E-05 0.562871 0.0482879 0.270118
0.0151992 9.9982E-05 0.130944 0.102737 0.0255342 0.295568 9.9982E-05 0.429817
0.0520022 9.9973E-05 0.135216 0.0279824 9.9973E-05 0.354135 9.9973E-05 0.430364
0.0487773 0.0451483 0.0655652 0.0340445 9.9991E-05 0.471858 0.0781838 0.256323
0.0305425 0.0211526 0.0853734 0.0398634 0.0333764 0.601943 9.9991E-05 0.187649
0.0225693 0.0224823 0.0430191 0.137701 0.0089989 0.500144 0.0206308 0.244454
0.0338851 0.00342667 0.191416 0.00223784 9.9991E-05 0.311252 0.0468382 0.410845
9.9973E-05 0.133916 0.0838776 0.0794341 9.9973E-05 0.0475246 9.9973E-05 0.654948
0.026174 0.0369164 0.086983 0.144985 9.9982E-05 0.424387 9.9982E-05 0.280355
0.0070249 0.124809 0.168207 0.0584782 0.0390104 0.441287 9.9991E-05 0.161084
0.0186379 0.0438602 0.0322555 0.104916 9.9991E-05 0.585436 0.0109127 0.203882
0.0495298 0.0990273 0.0868659 0.112517 9.9991E-05 0.23772 0.00899483 0.405246
9.9991E-05 0.0300145 0.0887841 0.0386093 0.0127732 0.664972 0.0925103 0.072237
9.9973E-05 0.0433743 0.0671867 0.0801645 9.9973E-05 0.546774 9.9973E-05 0.262201
9.9982E-05 0.039852 0.0881101 0.117712 9.9982E-05 0.267873 0.0114948 0.474758
0.0326844 0.0252267 0.100461 0.0909715 9.9991E-05 0.336591 0.012961 0.401005
9.9973E-05 0.131346 0.0601915 0.129704 9.9973E-05 0.251882 9.9973E-05 0.426577
0.00297564 9.9955E-05 9.9955E-05 9.9955E-05 9.9955E-05 0.0901971 0.906328 9.9955E-05
9.9955E-05 9.9955E-05 9.9955E-05 9.9955E-05 0.0116372 0.110473 0.87739 9.9955E-05
0.0723842 9.9964E-05 9.9964E-05 9.9964E-05 9.9964E-05 0.0915121 0.811244 0.0244594
0.0620746 9.9964E-05 0.0235043 9.9964E-05 9.9964E-05 0.15957 0.754451 9.9964E-05
9.9973E-05 0.162408 9.9973E-05 0.219947 9.9973E-05 0.485965 0.0739945 0.0573855
0.0444174 9.9991E-05 0.0339528 0.297693 0.020917 0.501498 0.0619112 0.0395106
9.9982E-05 0.0283636 9.9982E-05 0.394231 0.0055217 0.528715 0.0231718 0.0197972
0.00614075 9.9991E-05 0.0461273 0.0719347 0.0543436 0.19163 0.00753024 0.622193
0.0235041 0.0802318 0.0172407 0.603325 0.0375409 0.231098 0.00695992 9.9991E-05
0.00481726 0.00230502 0.0152844 0.220111 9.9991E-05 0.554727 0.0921202 0.110535
0.0109122 0.0903019 9.9982E-05 0.169705 9.9982E-05 0.676469 0.0522325 0.000179806
9.9964E-05 0.403323 9.9964E-05 9.9964E-05 9.9964E-05 0.49219 0.0695877 0.0345
0.00925739 0.152456 9.9991E-05 0.0636028 0.0266872 0.603772 0.0795663 0.0645579
9.9964E-05 9.9964E-05 9.9964E-05 0.642113 9.9964E-05 0.165023 0.0108546 0.181609
9.9982E-05 0.317045 0.00267715 9.9982E-05 0.00840681 0.626123 0.0440401 0.00150798
0.0271885 0.104273 9.9991E-05 0.268505 0.00588676 0.538993 0.0510445 0.00400909
0.0620662 0.111141 9.9991E-05 0.0798278 0.0147206 0.523203 0.112534 0.096407
9.9955E-05 9.9955E-05 9.9955E-05 0.593446 0.0934123 0.312642 9.9955E-05 9.9955E-05
9.9973E-05 9.9973E-05 0.0146836 0.27768 9.9973E-05 0.598672 0.0835245 0.0251396
0.00232772 0.0950959 0.00119854 0.173994 0.0314944 0.535798 0.142459 0.0176321
9.9964E-05 0.12707 0.108217 0.680024 0.0842898 9.9964E-05 9.9964E-05 9.9964E-05
9.9982E-05 0.0791784 0.0240035 0.11416 0.0431676 0.184703 9.9982E-05 0.554588
0.0333602 0.0943435 0.157628 0.173091 0.165531 0.133886 9.9991E-05 0.24206
9.9991E-05 0.0282341 0.0938035 0.0420677 0.0627222 0.658029 0.0125974 0.102446
0.00165935 0.0661115 0.0766631 0.0362073 0.0365615 0.626388 0.0456129 0.110797
0.0624539 0.0759181 0.0575595 0.0421474 0.0208574 0.556723 0.0566483 0.127692
9.999E-05 0.0511112 0.051489 0.116631 0.0122839 0.204133 0.0922679 0.471984
9.9973E-05 0.0383718 0.0507277 0.0515352 9.9973E-05 0.537361 9.9973E-05 0.321705
0.0298684 0.0311206 0.0260213 0.0871232 0.0113641 0.600426 0.0818066 0.13227
0.00879728 0.0677591 0.0257367 0.0926143 0.0994545 0.383345 0.0914878 0.230806
0.0269801 0.0761415 0.0258267 0.130288 9.9991E-05 0.133008 0.146541 0.461115
0.0300159 0.0536218 0.0305396 0.0866797 0.0667305 0.523656 0.0797769 0.128979
0.0106611 9.9991E-05 0.0601917 0.0959218 0.0486054 0.504655 0.0515383 0.228327
9.9982E-05 0.0751133 0.0935769 0.158941 9.9982E-05 0.103979 0.0305652 0.537624
9.9973E-05 9.9973E-05 0.00958551 0.143353 0.051689 0.459618 9.9973E-05 0.335454
0.00903936 0.0392031 0.0375303 0.0405228 0.147831 0.561995 0.069308 0.0945702
9.9991E-05 0.0531782 0.036384 0.043821 0.0318067 0.650231 0.0571585 0.127321
0.0157924 0.0564955 0.0536657 0.134338 0.0328503 0.307432 0.0679116 0.331515
0.0166016 0.01009 0.0495486 0.0561368 0.0753534 0.535262 0.0416729 0.215335
0.0348753 9.9991E-05 0.0403055 0.0716135 0.0307426 0.570811 0.0527088 0.198844
9.9991E-05 0.0395579 0.0893676 0.131437 0.0173509 0.251013 0.0180909 0.453083
9.9964E-05 9.9964E-05 9.9964E-05 0.468777 9.9964E-05 0.494098 0.00384231 0.0328822
9.9964E-05 9.9964E-05 9.9964E-05 0.701975 9.9964E-05 0.195045 0.0207075 0.0818719
0.0136468 9.9982E-05 0.0158949 0.19595 9.9982E-05 0.568923 0.0967042 0.108682
9.9964E-05 0.00131995 0.0487283 0.889422 0.0601297 9.9964E-05 9.9964E-05 9.9964E-05
9.9955E-05 0.0154351 9.9955E-05 0.852809 0.131257 9.9955E-05 9.9955E-05 9.9955E-05
9.9955E-05 9.9955E-05 9.9955E-05 0.691288 0.0704057 0.237806 9.9955E-05 9.9955E-05
9.9964E-05 9.9964E-05 9.9964E-05 0.452348 9.9964E-05 0.451842 0.039248 0.0561625
0.0440274 0.00355849 0.0624783 0.152347 0.0565148 0.521551 0.109902 0.0496212
0.0287487 0.0114058 0.000579968 0.485816 9.9973E-05 0.473149 9.9973E-05 9.9973E-05
9.9964E-05 9.9964E-05 9.9964E-05 0.618006 9.9964E-05 0.187568 0.0560204 0.138006
9.9973E-05 0.0154895 9.9973E-05 0.564192 9.9973E-05 0.267486 0.0146023 0.13793
0.0643016 9.9991E-05 0.00465001 0.265071 0.0396693 0.498562 0.0597844 0.0678611
9.9964E-05 9.9964E-05 9.9964E-05 0.519613 9.9964E-05 0.355332 0.0370812 0.0875732
9.9964E-05 9.9964E-05 9.9964E-05 0.428831 9.9964E-05 0.456749 0.0328414 0.0811787
9.9964E-05 0.0363026 9.9964E-05 0.507758 0.00881827 0.446722 9.9964E-05 9.9964E-05
9.9964E-05 0.0298312 0.116745 0.69346 0.159564 9.9964E-05 9.9964E-05 9.9964E-05
0.0358805 0.0272518 0.0133725 0.238967 9.9991E-05 0.612067 0.0544755 0.0178857
9.9964E-05 9.9964E-05 0.00832422 9.9964E-05 9.9964E-05 0.0793386 0.835191 0.076746
9.9955E-05 9.9955E-05 0.0318762 9.9955E-05 9.9955E-05 0.0665821 0.901042 9.9955E-05
0.0278059 9.9964E-05 0.0248042 9.9964E-05 9.9964E-05 0.109959 0.837031 9.9964E-05
0.0319245 9.9964E-05 0.0369585 9.9964E-05 9.9964E-05 0.0236141 0.907103 9.9964E-05
0.0289198 9.9964E-05 9.9964E-05 0.00673404 0.0135193 9.9964E-05 0.950427 9.9964E-05
0.0374232 9.9973E-05 0.010404 9.9973E-05 0.0104247 0.0701979 0.87125 9.9973E-05
9.9946E-05 9.9946E-05 9.9946E-05 9.9946E-05 9.9946E-05 0.0671335 0.932267 9.9946E-05
0.0370406 0.00409135 0.0132761 0.208574 0.0110115 0.528621 0.103632 0.093753
0.0163065 0.0752067 0.0704513 0.139032 9.9991E-05 0.558805 0.082445 0.0576538
9.9973E-05 9.9973E-05 9.9973E-05 0.708238 0.00949797 0.0542614 0.0570554 0.170647
0.0307982 0.0291996 9.9991E-05 0.149998 0.0527306 0.550863 0.0871851 0.0991256
9.9973E-05 9.9973E-05 9.9973E-05 0.48315 0.0123916 0.397551 0.0236333 0.0829738
9.9964E-05 9.9964E-05 9.9964E-05 0.362933 9.9964E-05 0.513303 0.0924099 0.0309543
9.9982E-05 0.0682432 9.9982E-05 0.274825 0.0619939 0.560704 0.0315885 0.00244576
0.0313553 9.9982E-05 0.00629132 0.370905 0.073666 0.487933 0.0296493 9.9982E-05
9.9964E-05 9.9964E-05 9.9964E-05 0.71576 9.9964E-05 0.00319154 0.0359604 0.244688
0.0365869 0.0290581 0.0193264 0.191441 0.0437746 0.50413 0.0989585 0.0767247
9.9982E-05 0.0152557 9.9982E-05 0.204538 0.0399907 0.623778 0.114717 0.00152079
0.0317145 0.0400474 0.0316656 0.128868 0.0511039 0.577055 0.127297 0.0122486
0.0130406 0.101031 0.0651674 0.539906 0.0452754 0.235379 9.9982E-05 9.9982E-05
0.00330322 9.9964E-05 9.9964E-05 0.386667 0.108506 0.501124 9.9964E-05 9.9964E-05
9.9964E-05 9.9964E-05 9.9964E-05 0.383317 9.9964E-05 0.472542 0.00721824 0.136523
0.0154746 9.9964E-05 9.9964E-05 0.536597 0.066987 0.380541 9.9964E-05 9.9964E-05
9.9964E-05 9.9964E-05 9.9964E-05 0.40246 9.9964E-05 0.452029 0.0621115 0.0829997
0.0104156 9.9991E-05 0.0407089 0.14457 0.0183045 0.600706 0.0947184 0.0904759
9.9964E-05 9.9964E-05 0.158844 9.9964E-05 0.187986 0.317252 9.9964E-05 0.335518
9.9982E-05 0.128054 0.00226217 0.00351381 9.9982E-05 0.436083 0.0590615 0.370826
0.0544976 0.0425268 0.0282862 0.00639355 0.0331794 0.547467 0.103757 0.183892
0.000530251 0.083556 0.032936 0.0112161 0.0542245 0.603164 0.070111 0.144263
9.9973E-05 9.9973E-05 0.0512002 0.0866687 9.9973E-05 0.483335 0.00236418 0.376132
0.0103149 0.0510321 0.0363105 9.9991E-05 0.0162979 0.60488 0.0352415 0.245823
9.9973E-05 9.9973E-05 9.9973E-05 0.0149994 0.0386886 0.487681 0.0332462 0.425085
9.9982E-05 9.9982E-05 0.106639 0.0639258 0.0989153 0.548545 0.0269526 0.154822
0.00387402 0.0205244 0.0517526 0.00728236 0.0380874 0.62184 0.056723 0.199917
9.9991E-05 0.0576606 0.0161535 0.00958856 0.0138674 0.577905 0.0270073 0.297718
9.9982E-05 0.0498714 0.0354636 0.042007 9.9982E-05 0.598287 0.0180531 0.256118
0.0454994 0.0336194 9.9982E-05 9.9982E-05 0.123342 0.567652 0.0822078 0.147479
0.0163397 0.0652201 0.0456063 0.00310331 0.0666204 0.614218 0.112537 0.076355
0.0344929 0.016454 0.044309 0.0394059 0.0939692 0.588188 9.9991E-05 0.183081
0.0754864 0.0264238 0.0536604 0.0217451 0.123016 0.511208 0.0599287 0.128532
0.0426841 0.0200638 0.00950157 0.0462747 0.133621 0.553323 9.9991E-05 0.194432
0.0446391 0.0630708 0.147127 0.00496544 0.129038 0.30196 0.0164813 0.292718
0.0329689 0.0536082 0.0372375 9.9991E-05 0.0453428 0.639176 0.0132111 0.178356
9.9982E-05 0.0492586 0.00976707 9.9982E-05 0.103171 0.656152 0.0745586 0.106892
0.0219119 0.0171664 0.0406314 0.110322 0.00396032 0.231092 9.9991E-05 0.574816
9.9982E-05 0.0291319 0.147003 0.107335 0.23408 0.156451 9.9982E-05 0.325799
0.0247248 0.0849807 0.0229878 0.0383558 0.0339609 0.475937 0.0705309 0.248522
9.9982E-05 0.0649722 0.119558 0.127513 0.283973 0.056207 9.9982E-05 0.347577
9.9982E-05 0.00203974 0.0144158 0.0743542 0.034506 0.371759 9.9982E-05 0.502725
9.9964E-05 9.9964E-05 9.9964E-05 0.0574356 0.0914568 0.444279 9.9964E-05 0.406429
9.9982E-05 9.9982E-05 0.0118695 0.106461 0.0592952 0.381876 0.0202536 0.420044
9.9973E-05 0.0761717 9.9973E-05 0.0767651 0.0270124 0.341094 9.9973E-05 0.478657
9.9982E-05 0.00970843 9.9982E-05 0.0811579 0.0267646 0.580423 0.0566489 0.245097
0.0313102 0.0445964 0.0736083 0.0359789 0.0411879 0.529523 0.104903 0.138892
0.0273493 9.9982E-05 9.9982E-05 0.0393606 0.0791649 0.596442 0.0323589 0.225124
9.9982E-05 0.0287562 0.135609 0.0865437 0.201611 0.175257 9.9982E-05 0.372023
9.9991E-05 0.102062 0.0638375 0.002643 0.0221342 0.571135 0.116197 0.121891
0.0147903 0.196691 0.104037 0.0429437 0.052025 0.479985 0.0338973 0.075631
9.9973E-05 0.367575 0.285214 0.0943305 0.161663 9.9973E-05 9.9973E-05 0.0909182
0.0279182 0.127119 0.0237709 0.0514634 0.0183485 0.638382 0.0907768 0.0222213
0.0259357 0.24737 0.104741 0.114909 0.0999427 0.290715 0.0461731 0.0702143
0.00735732 0.165041 0.109788 9.9991E-05 0.0734124 0.537705 0.0709388 0.0356576
9.9991E-05 0.383259 0.137091 0.0767562 0.0686455 0.201374 0.0184674 0.114307
9.9982E-05 0.41811 0.17849 0.0687885 0.162819 0.0426466 9.9982E-05 0.128947
0.0197166 0.214639 0.0748746 0.101876 0.123517 0.35973 9.9991E-05 0.105547
0.0381043 0.148251 0.0764008 0.0549508 0.020859 0.45973 0.0912073 0.110497
0.00817113 0.131107 0.117895 0.0738848 0.0173957 0.435631 0.135705 0.0802105
0.0319495 0.142455 0.244486 0.214571 0.152017 0.0853643 9.9991E-05 0.129056
0.0487901 0.0879663 0.0017254 0.0690722 0.100826 0.500427 0.0953623 0.0958303
9.9982E-05 0.325045 0.0997945 0.138556 0.126542 0.263946 9.9982E-05 0.0459156
9.9982E-05 0.209947 0.111856 0.0962935 0.136936 0.389816 9.9982E-05 0.0549517
0.056684 0.138163 0.0281662 0.0704956 9.9991E-05 0.516011 0.102127 0.0882536
0.198371 0.1727 0.185364 9.9973E-05 9.9973E-05 0.137904 0.305361 9.9973E-05
0.0691712 0.110406 0.47719 9.9964E-05 9.9964E-05 9.9964E-05 0.342833 9.9964E-05
0.0775189 0.115783 0.487301 9.9964E-05 9.9964E-05 9.9964E-05 0.318997 9.9964E-05
0.219972 0.178716 0.264509 9.9982E-05 9.9982E-05 0.0835835 0.241757 0.0112624
9.9964E-05 0.289271 9.9964E-05 0.10213 0.094582 0.513616 9.9964E-05 9.9964E-05
0.0568687 0.167854 0.00356824 0.077641 0.0253489 0.533812 0.0683917 0.0665152
0.636434 9.9964E-05 9.9964E-05 0.00628533 9.9964E-05 0.340545 9.9964E-05 0.0163355
0.445528 9.9982E-05 9.9982E-05 0.0854254 0.0215341 0.334515 0.0450498 0.0677478
0.340565 0.0126264 9.9991E-05 0.0286845 0.0423602 0.392861 0.101103 0.0816995
9.9982E-05 0.446698 0.0305645 0.0294201 0.2522 0.207084 9.9982E-05 0.033833
0.0160451 0.163356 0.052574 0.0436985 0.0772436 0.476546 0.105815 0.0647218
9.9982E-05 0.501736 0.0401262 0.0183906 0.190939 0.187259 9.9982E-05 0.061349
9.9991E-05 0.227531 0.0511789 0.0282664 0.0771104 0.578781 0.034004 0.00302836
0.0203209 0.250213 0.0512517 0.0435999 0.159707 0.409327 0.0182385 0.0473424
9.9973E-05 0.375789 0.000448469 0.041802 0.048174 0.533487 9.9973E-05 9.9973E-05
9.9973E-05 0.570401 0.0661418 0.0916964 0.170393 0.101068 9.9973E-05 9.9973E-05
9.9973E-05 0.265981 9.9973E-05 0.0561207 0.0278112 0.620024 0.0297631 9.9973E-05
9.9991E-05 0.164682 0.0273689 0.027527 0.054855 0.602806 0.0584935 0.0641668
0.953757 9.9964E-05 9.9964E-05 0.00357833 9.9964E-05 0.0377024 9.9964E-05 0.00456203
0.918913 9.9964E-05 9.9964E-05 9.9964E-05 0.015803 0.0381382 9.9964E-05 0.0267458
0.50626 9.9982E-05 9.9982E-05 0.021076 0.0107088 0.332809 0.066561 0.0623853
0.599869 9.9964E-05 9.9964E-05 9.9964E-05 0.00310411 0.373204 9.9964E-05 0.0234231
0.849178 9.9964E-05 9.9964E-05 0.0210495 9.9964E-05 0.107766 9.9964E-05 0.0216064
0.9993 9.994E-05 9.994E-05 9.994E-05 9.994E-05 9.994E-05 9.994E-05 9.994E-05
0.957589 9.9955E-05 9.9955E-05 9.9955E-05 0.00793818 9.9955E-05 9.9955E-05 0.0339726
0.839425 9.9955E-05 9.9955E-05 0.00834677 9.9955E-05 0.151729 9.9955E-05 9.9955E-05
0.929424 9.9955E-05 9.9955E-05 9.9955E-05 9.9955E-05 9.9955E-05 0.00320682 0.0668695
0.9993 9.994E-05 9.994E-05 9.994E-05 9.994E-05 9.994E-05 9.994E-05 9.994E-05
0.9993 9.994E-05 9.994E-05 9.994E-05 9.994E-05 9.994E-05 9.994E-05 9.994E-05
0.746273 0.029883 9.9964E-05 9.9964E-05 9.9964E-05 0.210736 0.0127073 9.9964E-05
0.792102 9.9964E-05 9.9964E-05 9.9964E-05 9.9964E-05 0.112078 0.0337024 0.0617183
0.9993 9.994E-05 9.994E-05 9.994E-05 9.994E-05 9.994E-05 9.994E-05 9.994E-05
0.358701 0.0368129 0.0079871 0.0827296 0.0327766 0.33584 0.106948 0.0382052
0.670727 9.9964E-05 9.9964E-05 9.9964E-05 9.9964E-05 0.249561 0.0416207 0.0376916
0.795962 9.9955E-05 9.9955E-05 9.9955E-05 9.9955E-05 0.15953 0.0440077 9.9955E-05
0.891055 9.9955E-05 9.9955E-05 0.0214716 9.9955E-05 0.0869736 9.9955E-05 9.9955E-05
0.99685 9.9946E-05 9.9946E-05 9.9946E-05 9.9946E-05 0.00255073 9.9946E-05 9.9946E-05
0.977464 9.9964E-05 0.00023183 9.9964E-05 9.9964E-05 0.0202204 0.00168378 9.9964E-05
0.991306 9.9955E-05 0.00742269 9.9955E-05 9.9955E-05 9.9955E-05 0.000772027 9.9955E-05
0.610652 9.9973E-05 9.9973E-05 0.00440477 9.9973E-05 0.251757 0.0765643 0.0563219
0.937442 9.9973E-05 9.9973E-05 0.0113908 0.00707952 0.0304716 0.0133158 9.9973E-05
0.011362 0.523355 0.20509 9.9973E-05 0.0646531 9.9973E-05 0.19524 9.9973E-05
0.14465 0.334773 0.02859 9.9991E-05 0.0173376 0.261819 0.146763 0.0659678
0.0469925 0.30004 0.114002 9.9982E-05 0.0165596 0.408428 0.113778 9.9982E-05
0.12424 0.536538 0.137455 9.9973E-05 9.9973E-05 0.10971 0.0917576 9.9973E-05
0.105242 0.166432 0.0580025 0.0922906 0.0255675 0.398839 0.133216 0.02041
0.113876 0.477847 0.169569 9.9982E-05 0.0662684 0.0376515 0.134588 9.9982E-05
0.0943263 0.16456 0.108387 9.9991E-05 0.0716717 0.415414 0.109937 0.0356042
0.109425 0.420341 0.0907175 9.9973E-05 9.9973E-05 0.24633 0.132887 9.9973E-05
0.113112 0.277588 0.0713122 9.9982E-05 0.00719385 0.43735 0.0932439 9.9982E-05
0.0967343 0.359596 0.100449 0.0140023 9.9982E-05 0.293856 0.135162 9.9982E-05
0.0891879 0.169216 0.118721 0.0211664 0.00737014 0.436057 0.131389 0.0268932
9.9982E-05 0.034584 0.0218021 0.00340225 0.00956974 0.0548673 0.875575 9.9982E-05
0.0471167 0.0069881 0.0419166 9.9973E-05 0.0244855 9.9973E-05 0.879193 9.9973E-05
9.9955E-05 9.9955E-05 0.0685607 9.9955E-05 9.9955E-05 0.014851 0.916089 9.9955E-05
9.9946E-05 9.9946E-05 0.0717968 9.9946E-05 9.9946E-05 9.9946E-05 0.927604 9.9946E-05
9.9964E-05 9.9964E-05 0.06057 9.9964E-05 9.9964E-05 0.0452935 0.890754 0.00298245
9.9964E-05 9.9964E-05 0.0460062 9.9964E-05 0.00405224 0.00680712 0.942735 9.9964E-05
9.9964E-05 9.9964E-05 0.0101534 9.9964E-05 9.9964E-05 0.0599432 0.903124 0.02638
9.9964E-05 9.9964E-05 0.0532195 9.9964E-05 9.9964E-05 0.00634503 0.914394 0.025642
0.0146798 0.0286881 0.0231624 0.0242323 9.9991E-05 0.0244608 0.884549 0.00012745
0.0157682 0.018405 0.10205 9.9973E-05 9.9973E-05 9.9973E-05 0.862709 0.000768387
9.9973E-05 0.092449 0.00408951 0.0470487 9.9973E-05 9.9973E-05 0.589818 0.266295
9.9982E-05 0.0233671 0.00635333 0.00639822 0.0184375 9.9982E-05 0.587045 0.358199
9.9973E-05 0.0620341 0.045069 0.0563642 9.9973E-05 9.9973E-05 0.517407 0.318826
9.9964E-05 0.152605 9.9964E-05 0.0119902 9.9964E-05 9.9964E-05 0.436874 0.398131
9.9973E-05 0.0344304 9.9973E-05 0.291184 9.9973E-05 0.495777 0.0507475 0.127561
0.0359798 0.0268015 9.9991E-05 0.334609 0.0175662 0.442341 0.0245764 0.118025
0.024243 9.9982E-05 9.9982E-05 0.204923 0.0293454 0.549464 0.00696333 0.184861
9.9973E-05 9.9973E-05 0.00526901 0.310279 9.9973E-05 0.340712 0.0429279 0.300513
0.00273965 0.0557416 9.9982E-05 0.0705439 0.0605307 0.221342 9.9982E-05 0.588903
0.00566714 9.9991E-05 0.0275626 0.239943 0.0176787 0.627369 0.056987 0.0246923
0.0138446 9.9973E-05 9.9973E-05 0.288198 0.0196638 0.562627 9.9973E-05 0.115367
9.9982E-05 0.0569755 0.0289082 0.315101 0.0891383 0.491238 9.9982E-05 0.0184389
9.9955E-05 9.9955E-05 9.9955E-05 0.542288 0.101848 0.355364 9.9955E-05 9.9955E-05
9.9982E-05 9.9982E-05 0.033985 0.0984555 0.0939952 0.64564 0.0419613 0.0857629
9.9964E-05 9.9964E-05 9.9964E-05 0.463762 9.9964E-05 0.452811 0.0126736 0.0703534
9.9946E-05 9.9946E-05 9.9946E-05 0.824416 0.174985 9.9946E-05 9.9946E-05 9.9946E-05
9.9982E-05 9.9982E-05 0.0187092 0.14648 0.00843325 0.581124 0.0715274 0.173527
9.9973E-05 0.04963 0.0723192 0.633391 0.102608 0.141752 9.9973E-05 9.9973E-05
0.00452468 9.9982E-05 9.9982E-05 0.375132 0.0471917 0.512992 0.0365396 0.0234201
9.9955E-05 9.9955E-05 9.9955E-05 0.660983 9.9955E-05 0.146981 9.9955E-05 0.191536
9.9955E-05 0.184774 9.9955E-05 9.9955E-05 9.9955E-05 9.9955E-05 0.124053 0.690673
9.9964E-05 0.185558 9.9964E-05 9.9964E-05 9.9964E-05 0.0224011 0.113328 0.678313
9.9955E-05 0.224991 9.9955E-05 9.9955E-05 9.9955E-05 9.9955E-05 0.0679483 0.706561
9.9955E-05 0.183454 9.9955E-05 9.9955E-05 9.9955E-05 9.9955E-05 0.0980548 0.717992
9.9964E-05 0.140088 9.9964E-05 9.9964E-05 9.9964E-05 0.109932 0.0489644 0.700616
0.0593949 0.174335 9.9973E-05 9.9973E-05 9.9973E-05 0.0173021 0.0525982 0.69607
0.0469369 9.9973E-05 9.9973E-05 0.0498068 9.9973E-05 0.0260252 0.872055 0.00487648
9.9973E-05 9.9973E-05 0.0567137 0.00211671 9.9973E-05 0.116353 0.803861 0.0206549
0.0433791 9.9982E-05 0.0256897 0.00983227 9.9982E-05 0.134104 0.768802 0.0179923
0.0717175 9.9973E-05 9.9973E-05 0.0609925 9.9973E-05 0.00510232 0.831667 0.0302211
0.0440027 0.0246275 0.0292766 9.9982E-05 9.9982E-05 0.131892 0.761069 0.00893217
9.9955E-05 0.111047 9.9955E-05 9.9955E-05 9.9955E-05 9.9955E-05 0.390909 0.497545
9.9964E-05 0.0613519 9.9964E-05 9.9964E-05 0.0221233 9.9964E-05 0.426439 0.489686
9.9982E-05 0.0151785 0.00345161 9.9982E-05 0.0318135 0.00678123 0.447081 0.495494
9.9964E-05 9.9964E-05 9.9964E-05 9.9964E-05 0.0173207 0.105022 0.865463 0.0117953
9.9964E-05 0.0396832 9.9964E-05 9.9964E-05 0.0428322 9.9964E-05 0.387482 0.529603
0.230589 9.9973E-05 0.251884 9.9973E-05 0.00524697 0.321546 0.190435 9.9973E-05
0.125857 0.0440425 0.0878178 9.9982E-05 9.9982E-05 0.580631 0.154227 0.00722451
0.166415 9.9964E-05 0.0129833 9.9964E-05 9.9964E-05 0.623007 0.197195 9.9964E-05
0.210697 0.0695137 0.107444 9.9982E-05 0.0123997 0.361874 0.237872 9.9982E-05
0.123806 9.9991E-05 0.00888966 0.0484173 0.0312031 0.539747 0.174606 0.0732319
0.263135 0.00101687 0.368698 9.9973E-05 0.0442378 9.9973E-05 0.322613 9.9973E-05
9.9973E-05 0.0558871 9.9973E-05 0.0175842 0.0657015 0.447272 9.9973E-05 0.413255
9.9982E-05 0.105959 0.0367843 0.0978683 0.175884 0.403706 9.9982E-05 0.179598
9.9991E-05 0.0593515 0.00682357 0.0975479 0.0331543 0.292807 0.00745117 0.502764
9.9982E-05 0.070136 0.0321798 0.0454309 0.220772 0.502487 9.9982E-05 0.128795
9.9973E-05 0.074478 0.100543 0.115029 0.385903 9.9973E-05 9.9973E-05 0.323748
0.02912 0.0754266 0.102265 0.0609271 0.0210112 0.558492 9.9991E-05 0.152658
9.9991E-05 0.0215508 0.0248244 0.040461 0.190074 0.556188 0.0180669 0.148735
9.9991E-05 0.0400885 0.0482805 0.0771747 0.0259097 0.331135 0.012179 0.465132
0.00281875 0.0409655 0.0239152 0.102023 0.0495263 0.552966 0.0905633 0.137222
9.9982E-05 0.10927 0.103415 0.199999 0.184614 0.102383 9.9982E-05 0.30012
9.9982E-05 0.0644612 0.0445111 0.029473 0.106907 0.5804 9.9982E-05 0.174048
9.9991E-05 0.017987 0.00641398 0.102379 0.0177116 0.518124 0.0225008 0.314784
0.0634963 9.9991E-05 0.167417 0.061549 0.0447279 0.471671 0.0914869 0.0995516
9.9973E-05 9.9973E-05 0.14213 0.12419 0.144809 0.351594 9.9973E-05 0.236977
9.9982E-05 0.0624459 0.081752 0.124553 0.117926 0.418374 9.9982E-05 0.194749
0.00112989 0.0490495 0.0415278 0.0285879 0.099556 0.576933 9.9991E-05 0.203116
9.9982E-05 0.0721418 0.0340211 0.0747203 0.0990955 0.542732 9.9982E-05 0.17709
0.0174781 0.0444546 0.054387 0.0481105 0.0878556 0.652106 0.0233027 0.0723057
0.0513019 0.00954644 0.0354361 0.0255345 0.0536484 0.556591 0.106278 0.161664
9.9982E-05 9.9982E-05 0.0582714 0.100336 0.0175536 0.58527 0.0820824 0.156287
0.0438515 9.9955E-05 9.9955E-05 9.9955E-05 9.9955E-05 0.122758 0.832891 9.9955E-05
0.00377039 9.9964E-05 9.9964E-05 9.9964E-05 0.00386377 0.112009 0.879957 9.9964E-05
9.9982E-05 0.0417557 9.9982E-05 0.00220659 0.0176044 0.04726 0.888618 0.00235528
0.0744237 9.9964E-05 9.9964E-05 9.9964E-05 0.0130446 9.9964E-05 0.894114 0.0180181
0.0023489 9.9955E-05 9.9955E-05 9.9955E-05 9.9955E-05 0.0830186 0.914133 9.9955E-05
0.0127059 9.9982E-05 0.112168 0.0900445 0.0121372 0.164106 9.9982E-05 0.608638
0.0333115 9.9991E-05 0.0621982 0.0580082 0.128474 0.539813 0.022001 0.156094
0.217484 0.105532 0.0183475 0.0308046 0.0486167 0.39207 0.152366 0.03478
0.0521596 0.0249091 9.9991E-05 0.0513522 0.0484746 0.591382 0.00483891 0.226784
9.9973E-05 9.9973E-05 0.0469222 0.0948985 9.9973E-05 0.530022 0.00181905 0.326038
9.9982E-05 0.0358068 0.144895 0.0727147 0.192834 0.266554 9.9982E-05 0.286996
9.9982E-05 9.9982E-05 0.121295 0.0913439 0.032641 0.0267184 0.0199466 0.707855
9.9973E-05 9.9973E-05 0.0335408 0.0475211 9.9973E-05 0.51329 0.0419209 0.363427
0.0368078 0.0268804 0.0631558 0.0252819 0.0126341 0.256452 0.022692 0.556096
0.00225153 0.0817576 0.00748797 0.129328 0.113854 0.457905 0.0630718 0.144344
9.9982E-05 9.9982E-05 0.119304 0.0263604 0.0420295 0.190388 0.0113149 0.610403
0.0624738 9.9982E-05 9.9982E-05 0.051342 0.0196835 0.536416 0.0682113 0.261674
9.9982E-05 0.0291774 0.087838 0.115079 9.9982E-05 0.181012 0.0282819 0.558412
0.110759 0.00238249 0.102585 0.179337 0.112933 0.21718 9.9991E-05 0.274724
0.0157842 0.152083 0.0546352 0.0638923 0.0674689 0.47545 0.0586363 0.11205
9.9973E-05 0.569855 9.9973E-05 0.0392134 0.108496 0.238366 9.9973E-05 0.0437688
0.0190216 0.362428 0.0203877 0.0627771 0.029358 0.466416 0.039512 9.9991E-05
9.9991E-05 0.2323 0.0329747 0.0374237 0.0592132 0.51062 0.101027 0.0263404
9.9982E-05 0.620384 0.0463837 0.0751627 0.0655537 0.163777 9.9982E-05 0.0285388
0.0174126 0.0927343 0.055957 0.0217596 0.0944699 0.536602 0.0863964 0.0946682
9.9982E-05 0.353239 9.9982E-05 0.00439033 0.121094 0.452319 0.031037 0.0377202
9.9982E-05 0.544116 0.060056 0.140114 0.210543 0.0316704 9.9982E-05 0.0133002
9.9973E-05 0.731608 0.0350548 0.0703944 0.0696274 0.0930156 9.9973E-05 9.9973E-05
9.9982E-05 0.45295 0.000940881 0.0854396 0.0386104 0.387305 9.9982E-05 0.034554
9.9964E-05 0.615083 9.9964E-05 0.190423 0.135434 9.9964E-05 9.9964E-05 0.0586606
9.9982E-05 0.381277 0.0190157 0.097264 0.04254 0.388724 9.9982E-05 0.0709794
9.9973E-05 9.9973E-05 0.0523995 0.0978397 0.0120661 0.192291 9.9973E-05 0.645104
0.0380954 9.9982E-05 0.0791949 0.0665664 0.26923 0.213384 9.9982E-05 0.333329
0.0677392 9.9991E-05 0.00874941 0.0326033 0.0405382 0.392838 0.0375649 0.419867
0.0137741 0.0089371 0.0310245 0.0512338 0.0426763 0.587075 0.0213485 0.243931
0.0149279 9.9982E-05 0.0152827 0.124055 0.0181642 0.260077 9.9982E-05 0.567294
0.00682623 0.0141394 0.141701 0.0903627 0.0384649 0.552464 0.018082 0.137959
0.0134387 0.00102425 0.0333478 0.0542268 0.0324926 0.602203 0.0496754 0.213591
9.9973E-05 9.9973E-05 0.0953032 0.078152 0.0999177 0.512263 9.9973E-05 0.214065
0.0331553 9.9982E-05 0.0641937 0.0676539 0.0539259 0.508151 9.9982E-05 0.27272
9.9973E-05 9.9973E-05 0.038089 0.0301708 9.9973E-05 0.530138 0.0120386 0.389263
9.9973E-05 9.9973E-05 0.0178205 0.103937 0.0513421 0.338702 9.9973E-05 0.487899
0.0161304 9.9982E-05 0.0237032 0.036837 0.0178588 0.44033 9.9982E-05 0.464941
9.9973E-05 9.9973E-05 0.0729262 0.0250931 0.0919261 0.632697 9.9973E-05 0.177058
0.0404128 0.0317339 0.0903588 0.0257628 0.0514694 0.606158 0.0437635 0.11034
0.0309717 9.9982E-05 0.185403 0.134154 0.0689504 0.350681 9.9982E-05 0.229639
0.0898064 9.9982E-05 0.0265205 0.111797 0.0760781 0.469134 9.9982E-05 0.226464
0.0134152 9.99766E-05 0.0494439 0.0565054 9.99766E-05 0.412165 9.99766E-05 0.46817
9.9982E-05 9.9982E-05 0.0445353 0.0589527 0.0421705 0.583007 0.0363537 0.234781
0.0395879 9.9982E-05 9.9982E-05 0.0337183 0.0482793 0.514812 0.0470517 0.31635
0.023843 0.0562044 0.00902342 0.0753469 0.0704869 0.524473 0.0969889 0.143634
0.0799301 0.00658531 0.103721 9.9982E-05 9.9982E-05 0.469636 0.29113 0.048797
0.0876797 9.9991E-05 0.15226 0.0488115 0.0024361 0.615335 0.0919757 0.0014027
0.105371 0.0353542 0.106015 9.9991E-05 0.0641732 0.449152 0.153567 0.0862668
0.0627737 0.0530771 0.087859 0.0185824 0.0199668 0.590944 0.0721348 0.0946619
0.175745 9.9982E-05 0.136982 0.0121829 0.0785942 0.461622 0.134674 9.9982E-05
9.9982E-05 0.0887016 0.03164 0.0332119 0.185171 0.476249 9.9982E-05 0.184826
0.0837815 9.9982E-05 0.0720867 0.0923888 9.9982E-05 0.531686 0.187316 0.0325411
0.133071 0.097572 0.365215 0.0894494 0.0767935 0.0472999 0.0937867 0.096812
0.0621644 0.0648306 0.112269 9.9991E-05 0.0130508 0.616969 0.0658543 0.0647619
0.12912 9.9991E-05 0.107807 0.0277869 0.0278978 0.554882 0.11507 0.037336
0.0953826 0.0657092 0.102051 0.0461526 0.0141085 0.5582 0.0742624 0.0441338
0.0439325 0.0141335 0.219098 0.0487726 0.141807 0.329404 0.134158 0.068694
0.0643858 0.0191489 0.100177 9.9982E-05 9.9982E-05 0.56705 0.194454 0.0545843
0.123113 9.9982E-05 0.0829164 9.9982E-05 0.105806 0.489418 0.157905 0.0406427
0.0804593 0.0197513 0.565908 0.0102528 9.9973E-05 9.9973E-05 0.323328 9.9973E-05
0.136441 9.9991E-05 0.0715934 0.0272051 0.050214 0.524407 0.169286 0.0207539
0.145888 0.0912162 0.0652665 9.9982E-05 0.017648 0.507552 0.172229 9.9982E-05
0.0753342 0.0683873 0.123931 0.0287873 0.025804 0.5617 0.0384337 0.0776223
0.114831 9.9964E-05 0.167484 9.9964E-05 9.9964E-05 0.58652 0.130765 9.9964E-05
0.0879458 0.0958842 0.0319353 0.0679549 0.00376957 0.496908 0.193761 0.0218416
9.9973E-05 0.0294359 9.9973E-05 0.0678747 0.432197 0.403904 0.0662885 9.9973E-05
0.0127736 9.9991E-05 0.0210231 0.0264322 0.246717 0.549784 0.0801281 0.0630419
9.9955E-05 9.9955E-05 9.9955E-05 0.0407293 0.903814 9.9955E-05 9.9955E-05 0.0549564
9.9955E-05 9.9955E-05 9.9955E-05 9.9955E-05 0.944143 9.9955E-05 0.0174601 0.0378969
9.9982E-05 0.0568037 0.030972 0.000205573 0.32258 0.486075 0.103164 9.9982E-05
0.267447 0.0490597 0.101267 9.9982E-05 0.0912299 0.358521 0.132275 9.9982E-05
0.241175 9.9973E-05 0.0801676 9.9973E-05 0.214482 0.337127 0.126749 9.9973E-05
0.250294 9.9973E-05 0.199063 9.9973E-05 0.232164 0.205467 0.112712 9.9973E-05
0.19821 9.9973E-05 0.164166 9.9973E-05 0.165648 0.376532 0.095144 9.9973E-05
0.0301876 0.00103197 0.10378 9.9982E-05 0.727594 0.0546771 0.0825298 9.9982E-05
0.0382966 9.9973E-05 0.109201 9.9973E-05 0.665979 0.116665 0.0695581 9.9973E-05
0.057094 0.0221669 9.9973E-05 9.9973E-05 0.340884 0.555071 0.0244844 9.9973E-05
0.104882 9.9964E-05 9.9964E-05 9.9964E-05 0.48333 0.32838 0.0830072 9.9964E-05
0.0117762 9.9973E-05 0.0200971 9.9973E-05 0.702401 0.192616 0.0728101 9.9973E-05
0.0562299 0.045342 9.9982E-05 9.9982E-05 0.263381 0.549774 0.0838299 0.00124336
0.0353899 0.0579801 9.9973E-05 9.9973E-05 0.307034 0.535124 0.0641717 9.9973E-05
0.0822573 0.0444575 0.0127941 0.0174588 0.297616 0.451422 0.0938945 9.9991E-05
9.9964E-05 0.0181777 9.9964E-05 9.9964E-05 0.683346 0.293586 0.00448969 9.9964E-05
9.9973E-05 0.0275463 9.9973E-05 0.0377822 0.512234 0.349222 9.9973E-05 0.072916
0.00268469 0.0500856 9.9991E-05 0.103207 0.284497 0.494636 0.0310116 0.0337786
0.0173846 0.0604984 9.9982E-05 9.9982E-05 0.380203 0.419135 0.0313696 0.0912102
0.0181692 0.0690685 0.0281356 0.0798427 0.209849 0.481911 0.102426 0.0105974
9.9991E-05 0.045432 0.0141324 0.0849146 0.417631 0.416587 0.0190376 0.00216552
9.9964E-05 9.9964E-05 9.9964E-05 9.9964E-05 0.807803 0.169515 0.0140237 0.00825819
9.9955E-05 9.9955E-05 9.9955E-05 9.9955E-05 0.361943 0.615453 0.0221037 9.9955E-05
9.9955E-05 9.9955E-05 9.9955E-05 9.9955E-05 0.766993 0.16017 9.9955E-05 0.0723372
9.9955E-05 9.9955E-05 9.9955E-05 9.9955E-05 0.526041 0.442449 0.0310102 9.9955E-05
0.0109585 0.0387876 9.9991E-05 0.0411433 0.293681 0.499757 0.0804258 0.0351473
9.9982E-05 0.00286616 9.9982E-05 0.0185068 0.316528 0.508419 0.103446 0.0500342
0.103771 0.0955267 0.0202619 9.9991E-05 0.0895621 0.476218 0.180066 0.0344932
0.128454 0.0715298 0.015939 0.0577063 0.150258 0.396408 0.147453 0.0322514
0.227292 0.076353 0.144941 9.9982E-05 0.0539955 0.339475 0.157743 9.9982E-05
0.25259 0.0858118 0.0959509 0.00884897 0.0780432 0.290654 0.159675 0.0284256
0.153845 0.077214 0.0587396 0.0403447 0.00916434 0.484834 0.13265 0.0432088
0.0875947 0.00963245 0.0925133 0.0429276 0.165344 0.449099 0.15279 9.9991E-05
0.0719972 9.9964E-05 0.0782302 9.9964E-05 0.686992 9.9964E-05 0.162381 9.9964E-05
0.146693 0.0588625 0.00702036 0.00316516 0.151405 0.550087 0.0826671 9.9991E-05
0.0538437 9.9964E-05 0.253816 9.9964E-05 0.404785 9.9964E-05 0.287156 9.9964E-05
0.106317 9.9964E-05 9.9964E-05 9.9964E-05 0.310114 0.507839 0.0753306 9.9964E-05
9.9946E-05 9.9946E-05 9.9946E-05 9.9946E-05 0.937953 0.0614477 9.9946E-05 9.9946E-05
9.9946E-05 9.9946E-05 9.9946E-05 0.0581246 0.941276 9.9946E-05 9.9946E-05 9.9946E-05
9.9946E-05 9.9946E-05 9.9946E-05 9.9946E-05 0.56439 0.435011 9.9946E-05 9.9946E-05
9.9955E-05 9.9955E-05 9.9955E-05 9.9955E-05 0.401015 0.576591 0.0218937 9.9955E-05
9.9946E-05 9.9946E-05 9.9946E-05 9.9946E-05 0.640987 0.358413 9.9946E-05 9.9946E-05
9.9946E-05 9.9946E-05 9.9946E-05 9.9946E-05 0.432778 0.566622 9.9946E-05 9.9946E-05
9.9946E-05 9.9946E-05 9.9946E-05 9.9946E-05 0.471927 0.527474 9.9946E-05 9.9946E-05
9.9973E-05 9.9973E-05 0.0375407 0.00325906 9.9973E-05 0.0312557 0.851397 0.0762478
0.0572576 0.03636 0.0585346 0.00606215 0.012587 0.0387265 0.729703 0.0607686
0.0347886 0.0026236 0.00458704 9.9973E-05 9.9973E-05 9.9973E-05 0.921799 0.0359016
9.9955E-05 9.9955E-05 0.066095 9.9955E-05 9.9955E-05 0.0351969 0.898208 9.9955E-05
0.0160339 9.9991E-05 0.0140381 0.331693 0.05496 0.498929 0.0799574 0.00428882
9.9991E-05 0.019508 0.0140473 0.332079 0.00519793 0.503997 0.0789253 0.0461457
9.9964E-05 9.9964E-05 9.9964E-05 0.404768 9.9964E-05 0.522579 0.0365027 0.0357511
9.9973E-05 9.9973E-05 0.0218158 0.223783 9.9973E-05 0.615534 0.0637098 0.074858
9.9973E-05 0.199798 9.9973E-05 0.130691 9.9973E-05 0.559087 0.0611314 0.0489924
9.9964E-05 9.9964E-05 9.9964E-05 0.563795 9.9964E-05 0.305632 0.0322521 0.0979209
9.9955E-05 9.9955E-05 9.9955E-05 0.347896 9.9955E-05 0.639755 0.0118492 9.9955E-05
9.9973E-05 0.0311728 0.0133066 0.595706 0.0932907 0.266224 9.9973E-05 9.9973E-05
0.138451 0.0707327 0.0138306 9.9982E-05 9.9982E-05 0.380435 0.313217 0.0831329
0.0145416 0.040473 0.0384793 0.405234 0.0985074 0.402565 9.9982E-05 9.9982E-05
9.9964E-05 9.9964E-05 9.9964E-05 0.538344 9.9964E-05 0.371255 0.00589728 0.0841035
9.9982E-05 0.0549748 9.9982E-05 0.35337 0.047499 0.517672 0.000925811 0.025359
0.00287831 9.9973E-05 9.9973E-05 0.492942 9.9973E-05 0.370256 0.0438383 0.0897859
0.0328023 9.9964E-05 9.9964E-05 0.40402 0.0659786 0.4968 9.9964E-05 9.9964E-05
9.9964E-05 9.9964E-05 9.9964E-05 0.336258 9.9964E-05 0.531757 0.0773837 0.0542014
9.9955E-05 0.0373993 9.9955E-05 0.874459 0.0876416 9.9955E-05 9.9955E-05 9.9955E-05
0.0264185 0.0817488 9.9973E-05 0.565989 0.0663442 0.259199 9.9973E-05 9.9973E-05
0.029844 9.9964E-05 9.9964E-05 0.547289 0.0769933 0.345474 9.9964E-05 9.9964E-05
9.9955E-05 9.9955E-05 0.0353056 0.835222 0.128973 9.9955E-05 9.9955E-05 9.9955E-05
9.9973E-05 0.0154866 9.9973E-05 0.461452 9.9973E-05 0.386336 0.0687875 0.0676387
9.9973E-05 0.159718 0.0366534 0.666277 0.0827243 0.0543273 9.9973E-05 9.9973E-05
9.9964E-05 0.0253429 0.0408989 0.873646 0.0597124 9.9964E-05 9.9964E-05 9.9964E-05
0.018941 0.0455926 9.9982E-05 0.287387 0.0529436 0.53794 0.056996 9.9982E-05
0.00947503 9.9973E-05 9.9973E-05 0.580758 9.9973E-05 0.214254 0.0239903 0.171222
0.00952117 0.0187261 9.9982E-05 0.418468 9.9982E-05 0.452226 0.000105135 0.100754
9.9991E-05 0.0460689 0.0347183 0.167994 0.0285757 0.570699 0.120072 0.0317719
9.9964E-05 9.9964E-05 9.9964E-05 0.387624 9.9964E-05 0.498515 0.0604206 0.0530404
9.9982E-05 0.00542044 0.0859119 0.0502307 0.168281 0.396785 9.9982E-05 0.293171
0.0166761 0.00831934 9.9982E-05 0.318048 9.9982E-05 0.547676 0.0443562 0.0647242
9.9964E-05 9.9964E-05 9.9964E-05 0.350371 9.9964E-05 0.49471 0.00736983 0.147149
9.9973E-05 0.00995672 0.00164448 0.603813 0.0889124 0.295373 9.9973E-05 9.9973E-05
0.00555852 9.9991E-05 0.0515433 0.21355 0.0283641 0.502799 0.0928168 0.105268
9.9973E-05 0.02902 0.0228904 0.0160683 9.9973E-05 9.9973E-05 0.665132 0.266589
9.9964E-05 9.9964E-05 0.0533641 0.045155 9.9964E-05 9.9964E-05 0.751127 0.149954
9.9955E-05 9.9955E-05 0.0689984 9.9955E-05 9.9955E-05 9.9955E-05 0.816792 0.11371
9.9964E-05 0.0521929 0.0229951 9.9964E-05 9.9964E-05 9.9964E-05 0.811024 0.113388
9.9964E-05 0.117776 9.9964E-05 9.9964E-05 9.9964E-05 0.0147768 0.734773 0.132274
9.9964E-05 9.9964E-05 9.9964E-05 0.636219 9.9964E-05 0.148414 0.0437325 0.171235
9.9964E-05 9.9964E-05 9.9964E-05 0.655984 9.9964E-05 0.153477 0.0586965 0.131443
0.0143551 9.9973E-05 0.0338296 0.754687 0.0105685 0.186259 9.9973E-05 9.9973E-05
0.00758569 0.051966 0.103245 0.152992 0.0042355 0.584098 0.0606843 0.0351945
0.0716075 0.0499152 0.0195533 0.213369 9.9991E-05 0.515381 0.102684 0.027389
0.0321789 0.021188 0.0111807 0.65946 0.0313054 0.232182 0.0124057 9.9991E-05
0.0802028 0.0376342 9.9973E-05 0.294704 0.0361068 0.551052 9.9973E-05 9.9973E-05
0.0478922 0.075038 9.9991E-05 0.412369 0.0487412 0.358761 0.0510352 0.00606342
9.9973E-05 9.9973E-05 9.9973E-05 0.360475 0.0212151 0.512672 0.0451704 0.0601673
0.0527326 9.9982E-05 9.9982E-05 0.293801 0.00130274 0.609844 0.026842 0.0152777
0.0194678 9.9964E-05 9.9964E-05 0.641188 9.9964E-05 0.222034 9.9964E-05 0.11691
9.9955E-05 9.9955E-05 9.9955E-05 0.616464 9.9955E-05 0.303125 9.9955E-05 0.0799112
9.9964E-05 9.9964E-05 9.9964E-05 0.52697 9.9964E-05 0.322261 0.0363322 0.114037
9.9964E-05 0.323665 9.9964E-05 9.9964E-05 9.9964E-05 0.584358 0.0730745 0.0185032
9.9964E-05 9.9964E-05 9.9964E-05 0.502578 9.9964E-05 0.377085 0.0242294 0.0957078
9.9964E-05 9.9964E-05 9.9964E-05 0.45955 9.9964E-05 0.413513 0.0497143 0.0768229
0.329048 0.0428467 0.0729589 0.0151153 9.9991E-05 0.455233 0.0545829 0.0301149
0.382965 9.9982E-05 0.110368 0.0326142 9.9982E-05 0.361332 0.106348 0.00617251
0.341255 9.9973E-05 0.123068 9.9973E-05 9.9973E-05 0.481943 0.0532091 0.000224903
0.476471 9.9973E-05 0.126067 9.9973E-05 0.027842 0.260664 0.108656 9.9973E-05
0.25532 0.00792744 0.0705941 0.00885442 0.0205405 0.508713 0.127951 9.9991E-05
9.9991E-05 0.236206 0.0488157 0.15727 0.0252931 0.485616 0.0438471 0.0028519
0.596357 9.9973E-05 0.218269 9.9973E-05 9.9973E-05 0.015911 0.163499 0.00566422
0.469802 0.0353761 0.0220279 9.9973E-05 9.9973E-05 0.28459 0.187904 9.9973E-05
0.117545 0.245317 0.11069 0.0678268 9.9982E-05 0.325761 0.13266 9.9982E-05
9.9973E-05 0.305554 9.9973E-05 0.00314669 9.9973E-05 0.510462 0.127956 0.0525815
0.0274745 0.466664 9.9973E-05 9.9973E-05 9.9973E-05 0.390384 0.101423 0.0137542
0.012566 0.336623 9.9973E-05 0.0136462 9.9973E-05 0.543139 0.0937268 9.9973E-05
0.0190991 0.250537 9.9973E-05 9.9973E-05 9.9973E-05 0.563736 0.141628 0.0246998
0.420586 9.9964E-05 0.0944044 9.9964E-05 9.9964E-05 0.362559 0.122051 9.9964E-05
0.345283 9.9982E-05 0.0856937 0.0372466 9.9982E-05 0.400058 0.115923 0.0155957
0.444389 9.9964E-05 0.0187233 9.9964E-05 9.9964E-05 0.458823 0.0776644 9.9964E-05
0.242912 0.0523591 0.0250277 0.0285363 0.0559335 0.438124 0.157008 9.9991E-05
0.453672 9.9982E-05 0.0991136 9.9982E-05 0.0221674 0.265145 0.127917 0.0317843
0.325793 9.9991E-05 0.0283488 0.067353 0.0194552 0.405836 0.135236 0.0178781
0.507082 9.9973E-05 0.122137 9.9973E-05 9.9973E-05 0.265798 0.0765656 0.0281182
0.232521 0.0329175 0.0669395 0.00701539 0.0431493 0.493893 0.0825556 0.0410081
9.9982E-05 0.485538 0.0159914 0.0112114 9.9982E-05 0.414483 0.062863 0.00971408
0.328024 0.0814429 0.0421132 0.00580175 0.0338001 0.342882 0.131509 0.0344263
0.533441 9.9964E-05 0.126001 9.9964E-05 9.9964E-05 0.167223 0.172935 9.9964E-05
0.304907 9.9991E-05 0.0805963 0.00541649 0.0082304 0.406145 0.111418 0.0831869
9.9973E-05 0.558746 9.9973E-05 0.0299 9.9973E-05 0.189069 0.149901 0.0720849
0.0206665 0.415189 0.00180663 9.9964E-05 9.9964E-05 0.561938 9.9964E-05 9.9964E-05
0.263261 0.0505452 0.0419012 0.0293133 0.00998942 0.428817 0.141074 0.0350982
9.9964E-05 0.357002 9.9964E-05 9.9964E-05 9.9964E-05 0.478958 0.116676 0.0469644
9.9964E-05 0.402304 9.9964E-05 9.9964E-05 9.9964E-05 0.436081 0.125459 0.035756
0.179668 0.102467 0.119929 0.0540122 0.0272277 0.340294 0.176302 9.9991E-05
0.229955 0.0526143 0.0983534 9.9982E-05 0.0995323 0.356173 0.163172 9.9982E-05
0.0572245 0.184888 9.9982E-05 0.0785664 9.9982E-05 0.54371 0.101065 0.0343461
0.303223 0.0115792 0.0123721 9.9991E-05 0.0556202 0.402096 0.16458 0.0504295
0.367094 9.9982E-05 0.0532436 0.00370287 0.0015392 0.475884 0.0983367 9.9982E-05
0.583041 9.9964E-05 0.147021 9.9964E-05 9.9964E-05 0.129798 0.13974 9.9964E-05
0.01184 0.174969 0.0268563 9.9991E-05 0.0293608 0.602367 0.130067 0.0244403
9.9964E-05 0.510802 9.9964E-05 9.9964E-05 9.9964E-05 0.35325 0.108741 0.0268078
0.0756327 0.850408 0.0378068 0.00823492 0.015761 9.9982E-05 0.0119568 9.9982E-05
0.0403578 0.165037 0.0238393 0.0929999 9.9982E-05 0.527388 0.150178 9.9982E-05
0.0241068 0.224323 0.0297847 0.0241516 0.126549 0.371342 0.0641346 0.135607
0.0880725 0.0101343 0.287802 9.9982E-05 9.9982E-05 0.518195 0.0727148 0.0228816
9.9982E-05 9.9982E-05 0.215159 0.0283028 0.0482312 0.548577 0.119883 0.0396475
9.9964E-05 9.9964E-05 0.872132 9.9964E-05 9.9964E-05 0.0608071 0.0523111 0.0143504
