0.939057 9.9991E-05 0.0608432
0.988278 9.9991E-05 0.0116219
0.833485 9.9991E-05 0.166415
0.871773 0.0224622 0.105764
0.862777 9.9991E-05 0.137123
0.656006 0.214171 0.129823
0.92114 0.0504497 0.0284107
0.848193 0.106516 0.0452909
0.924923 0.0749767 9.9991E-05
0.754854 0.0770355 0.16811
0.818548 0.154983 0.0264685
0.098149 0.717334 0.184517
0.00660773 0.622739 0.370653
0.154931 0.648095 0.196974
0.140711 0.533322 0.325967
0.109626 0.504803 0.385571
9.9991E-05 0.501724 0.498176
0.0657482 0.553493 0.380759
0.175255 0.595738 0.229006
0.254533 0.745367 9.9991E-05
0.0356738 0.631506 0.33282
0.0384599 0.613879 0.347661
9.9991E-05 0.624552 0.375348
0.0712103 0.674693 0.254097
0.10292 0.379624 0.517456
0.0163927 0.600347 0.38326
0.130317 0.691938 0.177746
0.149111 0.590278 0.260611
0.116586 0.757911 0.125503
0.82943 9.9991E-05 0.17047
0.831129 9.9991E-05 0.168771
0.789889 0.0287623 0.181348
0.734663 0.0151381 0.250199
9.9991E-05 0.642195 0.357705
0.0159335 0.602485 0.381582
9.9991E-05 0.610916 0.388984
0.233233 0.73846 0.0283073
0.0136279 0.791387 0.194985
0.0486131 0.577308 0.374079
9.9991E-05 0.509648 0.490252
0.0595043 0.540477 0.400019
0.0898051 0.500946 0.409249
0.0529082 0.872127 0.0749647
9.9991E-05 0.52427 0.47563
0.00932099 0.584681 0.405998
0.128347 0.37789 0.493764
9.9991E-05 0.793851 0.206049
9.9991E-05 0.588456 0.411444
0.0934766 0.493845 0.412678
0.161967 0.837933 9.9991E-05
0.0619249 0.884016 0.0540595
0.17707 0.818457 0.00447261
0.0522072 0.56223 0.385563
0.0361414 0.448348 0.51551
0.00618037 0.583231 0.410588
0.212976 0.742319 0.0447055
0.00495625 0.633494 0.361549
0.0798643 0.448772 0.471363
0.129978 0.628175 0.241847
0.314651 0.647252 0.0380964
0.0445158 0.551677 0.403807
0.0508473 0.639827 0.309326
0.150542 0.849358 9.9991E-05
9.9991E-05 0.668937 0.330963
9.9991E-05 0.54059 0.45931
0.00561043 0.581271 0.413118
0.114786 0.703196 0.182019
9.9991E-05 0.661494 0.338406
0.0707984 0.560269 0.368932
0.108143 0.844461 0.0473956
9.9991E-05 0.675894 0.324006
0.0120405 0.905834 0.0821253
0.0222827 0.624562 0.353155
0.0384087 0.961491 9.9991E-05
0.0382081 0.961692 9.9991E-05
9.9991E-05 0.814245 0.185655
9.9991E-05 0.698488 0.301412
0.107549 0.543091 0.34936
9.9991E-05 0.679282 0.320618
0.01854 0.827641 0.153819
0.0622212 0.792906 0.144873
0.0160401 0.582105 0.401855
0.00344282 0.775609 0.220948
0.0146322 0.697873 0.287495
9.9991E-05 0.823625 0.176275
0.102217 0.897683 9.9991E-05
9.9991E-05 0.565238 0.434662
0.848155 0.023204 0.128641
0.903347 9.9991E-05 0.0965527
0.828835 9.9991E-05 0.171065
0.930459 9.9991E-05 0.0694413
0.881332 9.9991E-05 0.118568
0.901651 9.9991E-05 0.0982491
0.936705 9.9991E-05 0.0631953
0.0466709 0.563525 0.389804
0.0803578 0.525835 0.393808
0.0457775 0.954122 9.9991E-05
0.0349922 0.468078 0.496929
0.00694884 0.690674 0.302377
9.9991E-05 0.611154 0.388746
9.9991E-05 0.595369 0.404531
9.9991E-05 0.625291 0.374609
0.111621 0.88828 9.9991E-05
0.0921644 0.544824 0.363012
9.9991E-05 0.534637 0.465263
0.00645901 0.543163 0.450378
0.0187571 0.770493 0.21075
9.9991E-05 0.650915 0.348985
9.9991E-05 0.71484 0.28506
9.9991E-05 0.724856 0.275044
0.0317986 0.666671 0.301531
0.0741049 0.498624 0.427271
0.148524 0.715684 0.135792
0.181313 0.506434 0.312252
0.149428 0.486452 0.36412
0.0290652 0.53781 0.433125
0.0732762 0.666765 0.259959
9.9991E-05 0.610785 0.389115
0.0505739 0.628465 0.320961
0.0583368 0.640504 0.301159
0.0446325 0.471224 0.484144
0.0580225 0.612518 0.329459
9.9991E-05 0.729624 0.270276
0.0370633 0.537101 0.425836
0.0169764 0.480049 0.502975
9.9991E-05 0.621934 0.377966
0.0128988 0.550978 0.436123
0.00280451 0.58421 0.412985
0.166717 0.608865 0.224418
9.9991E-05 0.598375 0.401525
0.0223457 0.532843 0.444811
0.0975087 0.675859 0.226632
0.17918 0.762473 0.0583472
0.00636209 0.601636 0.392002
0.0619378 0.861784 0.0762778
0.0814456 0.736563 0.181991
0.0472479 0.718809 0.233943
0.0896078 0.784318 0.126074
0.11816 0.747641 0.1342
0.047727 0.552348 0.399925
0.100801 0.461478 0.437721
0.012415 0.651237 0.336348
0.136831 0.775174 0.0879942
0.148377 0.528175 0.323448
0.0385528 0.57386 0.387587
0.266779 0.733121 9.9991E-05
0.0628831 0.503684 0.433433
0.0961679 0.625856 0.277976
0.0428477 0.493529 0.463623
0.197353 0.670474 0.132174
0.158804 0.76119 0.0800061
0.0759683 0.651099 0.272933
0.0840268 0.552865 0.363108
0.129289 0.557542 0.313169
0.198571 0.699671 0.101758
0.0800513 0.532706 0.387242
9.9991E-05 0.819902 0.179998
9.9991E-05 0.690817 0.309083
0.0461218 0.569085 0.384793
0.405232 0.204231 0.390536
0.789706 0.0748694 0.135424
0.701613 0.185005 0.113382
0.502663 0.0854664 0.41187
9.9991E-05 0.600113 0.399787
0.0629728 0.501578 0.435449
0.0485013 0.0313773 0.920121
0.0515904 0.266149 0.682261
0.138034 0.269262 0.592704
0.0520837 0.753356 0.19456
0.085148 0.507518 0.407334
0.081069 0.790178 0.128753
9.9991E-05 0.613429 0.386471
0.021439 0.654763 0.323798
0.00650357 0.575269 0.418228
0.0842976 0.837829 0.0778733
0.0261784 0.538779 0.435043
9.9991E-05 0.513886 0.486014
0.0677534 9.9991E-05 0.932147
0.0365178 9.9991E-05 0.963382
0.0505322 0.115474 0.833994
0.0604157 0.0140028 0.925582
0.086882 9.9991E-05 0.913018
0.085132 9.9991E-05 0.914768
0.0884135 9.9991E-05 0.911487
9.999E-05 9.999E-05 0.9998
0.0586316 9.9991E-05 0.941268
0.0489088 9.9991E-05 0.950991
0.106334 9.9991E-05 0.893566
0.1106 9.9991E-05 0.8893
0.125252 9.9991E-05 0.874648
0.0644518 9.9991E-05 0.935448
0.0821095 0.241619 0.676271
0.136343 0.0382127 0.825444
0.151741 9.9991E-05 0.848159
0.0830237 9.9991E-05 0.916876
0.0470176 9.9991E-05 0.952882
0.112166 9.9991E-05 0.887734
0.0872799 9.9991E-05 0.91262
0.154097 0.0641685 0.781735
0.0971101 9.9991E-05 0.90279
0.533434 0.456129 0.0104374
0.206771 0.459993 0.333236
0.226195 0.401514 0.372291
0.316838 0.454384 0.228779
0.192966 0.394196 0.412838
0.355924 0.403162 0.240914
0.207477 0.425131 0.367392
0.216314 0.396186 0.387499
0.142469 0.352865 0.504666
0.247365 0.260663 0.491972
0.174485 0.457362 0.368153
0.884354 0.064246 0.0513997
0.924894 9.9991E-05 0.0750062
0.959219 9.9991E-05 0.0406815
0.958302 9.9991E-05 0.0415979
0.916287 0.0289065 0.0548061
0.920332 9.9991E-05 0.0795682
0.904536 9.9991E-05 0.0953643
0.953037 0.0239989 0.0229646
0.929954 0.00421652 0.0658294
0.891618 9.9991E-05 0.108282
0.690944 0.308956 9.9991E-05
0.709394 0.290506 9.9991E-05
0.645482 0.354418 9.9991E-05
0.598792 0.401108 9.9991E-05
0.0189448 0.609714 0.371341
9.9991E-05 0.64154 0.35836
9.9991E-05 0.601811 0.398089
0.0392235 0.761987 0.198789
0.145167 0.825069 0.0297636
9.9991E-05 0.538587 0.461313
9.9991E-05 0.660772 0.339128
9.9991E-05 0.68435 0.31555
9.9991E-05 0.737265 0.262635
9.9991E-05 0.587782 0.412118
9.9991E-05 0.750888 0.249012
0.0360224 0.963878 9.9991E-05
0.0500927 0.533712 0.416195
0.0184747 0.808624 0.172901
9.9991E-05 0.652018 0.347882
0.106661 0.86349 0.0298485
0.346005 0.653895 9.9991E-05
0.298255 0.701645 9.9991E-05
0.248073 0.751827 9.9991E-05
0.32621 0.67369 9.9991E-05
0.255508 0.744392 9.9991E-05
0.275463 0.702225 0.0223121
0.881907 9.9991E-05 0.117993
0.863677 0.00995932 0.126364
0.747168 9.9991E-05 0.252732
0.833382 9.9991E-05 0.166518
0.814392 9.9991E-05 0.185508
0.549938 0.449962 9.9991E-05
0.603709 0.396191 9.9991E-05
0.583272 0.416628 9.9991E-05
0.834875 9.9991E-05 0.165025
0.523343 0.476557 9.9991E-05
0.271262 0.17625 0.552488
0.103071 0.238566 0.658362
0.189655 0.123051 0.687294
0.294659 0.225076 0.480266
0.158109 0.393554 0.448336
0.610639 0.0426226 0.346739
0.0154949 0.677959 0.306546
0.0287575 0.751629 0.219613
0.204818 0.642475 0.152707
9.9991E-05 0.725797 0.274103
0.0544266 0.945473 9.9991E-05
0.0478296 0.53027 0.4219
0.0679968 0.608145 0.323858
0.0333381 0.790639 0.176023
0.0505546 0.531809 0.417636
0.12974 0.844958 0.025301
0.0251383 0.662682 0.31218
9.9991E-05 0.660551 0.339349
0.154335 0.419473 0.426192
9.9991E-05 0.765194 0.234706
0.0749812 0.677064 0.247955
9.9991E-05 0.580233 0.419667
9.9991E-05 0.731105 0.268795
9.9991E-05 0.510444 0.489456
0.0159933 0.593778 0.390229
0.0254421 0.529891 0.444667
0.778464 9.9991E-05 0.221436
0.864452 9.9991E-05 0.135448
0.819929 0.125185 0.054886
0.847759 0.0934388 0.0588021
0.858844 9.9991E-05 0.141056
0.182273 0.774063 0.0436644
0.0439538 0.58836 0.367686
0.241875 0.376522 0.381604
9.9991E-05 0.554832 0.445068
0.0335155 0.638546 0.327939
0.0887291 0.661532 0.249739
0.281654 0.718246 9.9991E-05
0.0481707 0.614565 0.337264
0.17968 0.744961 0.0753591
0.0522056 0.617163 0.330631
0.278395 0.721505 9.9991E-05
0.045751 0.507153 0.447096
0.220974 0.711491 0.0675348
0.100233 0.667229 0.232539
0.0760769 0.560167 0.363756
0.067058 0.746166 0.186776
0.0135444 0.608224 0.378232
0.0324078 0.588808 0.378784
0.0638319 0.77545 0.160718
0.047101 0.583385 0.369514
0.0390898 0.57419 0.38672
0.0595734 0.940327 9.9991E-05
0.0469508 0.80846 0.144589
0.0380769 0.693437 0.268486
0.10305 0.854284 0.042667
0.0404002 0.720533 0.239067
0.152706 0.818995 0.0282998
9.9991E-05 0.856634 0.143266
0.0767092 0.706423 0.216868
0.0449916 0.540466 0.414543
9.9991E-05 0.855932 0.143968
0.0896544 0.559797 0.350549
9.9991E-05 0.560268 0.439632
0.0727203 0.559605 0.367674
0.0141563 0.580691 0.405153
0.0633898 0.649017 0.287593
0.0820957 0.780384 0.13752
0.0504745 0.664216 0.28531
9.9991E-05 0.609171 0.390729
9.9991E-05 0.610039 0.389861
0.085803 0.664546 0.249651
0.00684911 0.57608 0.417071
0.163494 0.579026 0.25748
9.9991E-05 0.488563 0.511337
0.00120826 0.568804 0.429988
0.130037 0.463004 0.406959
0.295136 0.255479 0.449386
0.146644 0.294825 0.558531
0.0911042 0.338716 0.57018
0.0383387 0.42157 0.540091
0.203255 0.234545 0.562201
9.9991E-05 0.691234 0.308666
0.118884 0.441059 0.440057
0.406304 0.423437 0.17026
0.0841532 0.374436 0.541411
0.179702 0.347963 0.472335
0.0811903 0.292705 0.626105
0.25507 0.40283 0.3421
0.203816 0.30571 0.490474
0.0970309 0.293771 0.609198
0.67549 0.147713 0.176797
0.163841 0.236301 0.599858
0.158208 0.278073 0.563719
9.9991E-05 0.448002 0.551898
0.206222 0.256308 0.53747
0.141313 0.385401 0.473285
9.9991E-05 0.646462 0.353438
0.0690006 0.565927 0.365072
0.0190258 0.980874 9.9991E-05
0.0929115 0.906988 9.9991E-05
0.0425003 0.541576 0.415923
0.141464 0.262775 0.595761
0.126426 0.288276 0.585298
0.31631 0.258073 0.425617
0.206486 0.281631 0.511883
0.150087 0.697199 0.152715
0.196531 0.58895 0.214519
9.9991E-05 0.554712 0.445188
0.0341775 0.511314 0.454509
0.137363 0.625069 0.237568
0.0348367 0.460572 0.504591
9.9991E-05 0.551284 0.448616
0.114952 0.447227 0.437822
0.0132417 0.771531 0.215228
9.9991E-05 0.73561 0.26429
0.0188882 0.599178 0.381933
0.060377 0.685713 0.25391
0.0981433 0.564536 0.337321
9.9991E-05 0.70563 0.294271
0.00733828 0.846031 0.146631
9.9991E-05 0.534128 0.465772
0.020192 0.84297 0.136838
0.00994191 0.681818 0.30824
0.00473472 0.592795 0.402471
0.00435911 0.695551 0.30009
0.111267 0.345392 0.543341
0.126671 0.4131 0.460229
0.186921 0.325448 0.487631
0.190971 0.363054 0.445976
0.0840357 0.410363 0.505601
0.150093 0.394357 0.45555
0.324183 0.511849 0.163968
0.0637952 0.307052 0.629153
0.547656 0.347869 0.104475
0.0182503 0.421805 0.559945
9.9991E-05 0.957966 0.041934
0.0861462 0.913754 9.9991E-05
9.9991E-05 0.696705 0.303195
0.000355899 0.584782 0.414862
9.9991E-05 0.790047 0.209853
0.00762216 0.676448 0.31593
9.9991E-05 0.61924 0.38066
0.817851 0.0419694 0.14018
0.809227 0.0867775 0.103996
0.913412 9.9991E-05 0.086488
0.926043 9.9991E-05 0.0738567
9.9991E-05 0.656009 0.343891
0.0335205 0.629077 0.337403
9.9991E-05 0.702458 0.297442
9.9991E-05 0.601739 0.398161
0.00832017 0.596504 0.395176
0.0476793 0.81807 0.13425
9.9991E-05 0.604779 0.395121
9.9991E-05 0.814105 0.185795
0.222915 0.25601 0.521075
9.9991E-05 0.64706 0.35284
9.9991E-05 0.770154 0.229746
9.9991E-05 0.665436 0.334464
9.9991E-05 0.781799 0.218101
9.9991E-05 0.622789 0.377111
9.9991E-05 0.531208 0.468692
9.9991E-05 0.964021 0.0358789
9.9991E-05 0.82688 0.17302
9.9991E-05 0.743169 0.256731
9.999E-05 0.9998 9.999E-05
0.0288526 0.688511 0.282637
0.0389154 0.85859 0.102494
0.054031 0.945869 9.9991E-05
9.9991E-05 0.591509 0.408391
0.0363973 0.841567 0.122035
9.9991E-05 0.693345 0.306555
0.0502539 0.477323 0.472423
9.9991E-05 0.693978 0.305922
9.9991E-05 0.727383 0.272517
9.9991E-05 0.625885 0.374015
9.9991E-05 0.646479 0.353421
9.9991E-05 0.821191 0.178709
9.9991E-05 0.615039 0.384861
0.743381 0.256519 9.9991E-05
0.815572 0.144247 0.0401808
0.906097 0.0938032 9.9991E-05
0.865976 0.133924 9.9991E-05
0.783044 0.215916 0.00104041
0.0357415 0.91145 0.0528085
0.0955875 0.818107 0.0863055
9.9991E-05 0.881307 0.118593
9.9991E-05 0.50823 0.49167
0.0932244 0.480073 0.426703
0.000614445 0.706268 0.293118
9.9991E-05 0.524625 0.475275
0.00628082 0.6804 0.31332
9.9991E-05 0.576664 0.423236
9.9991E-05 0.586739 0.413161
0.0129434 0.818746 0.16831
9.9991E-05 0.783147 0.216753
9.9991E-05 0.815335 0.184565
0.0830501 0.523733 0.393217
9.9991E-05 0.75996 0.23994
9.9991E-05 0.664176 0.335724
0.10922 0.19005 0.70073
0.149073 0.106405 0.744522
0.164597 0.0627048 0.772698
0.136907 0.0773653 0.785728
0.150891 0.198664 0.650445
0.00236657 0.643352 0.354281
0.32145 9.9991E-05 0.67845
0.244128 0.0469805 0.708891
0.20355 0.384386 0.412064
0.104756 0.488204 0.407041
0.147565 0.560738 0.291697
0.0722586 0.48893 0.438812
0.0470823 0.523332 0.429585
0.26348 0.0297419 0.706778
0.199433 0.231069 0.569498
0.0766091 0.0706684 0.852723
0.118394 0.26244 0.619166
0.153904 0.110134 0.735962
0.151859 0.250572 0.597568
0.196926 0.0331514 0.769923
0.102405 0.221498 0.676097
9.9991E-05 0.573599 0.426301
0.203618 0.219884 0.576498
0.210951 9.9991E-05 0.788949
0.209738 0.171793 0.618469
0.276476 0.635784 0.0877396
9.9991E-05 0.568646 0.431254
0.217363 0.220545 0.562092
0.0752155 0.484023 0.440761
0.113195 0.528486 0.35832
0.165599 0.347591 0.48681
0.279567 0.194737 0.525696
0.0289204 0.431605 0.539475
0.0930234 0.24209 0.664886
0.122273 0.166431 0.711296
0.266062 9.9991E-05 0.733838
0.07171 0.449424 0.478866
0.137272 0.571698 0.29103
0.221601 0.623979 0.15442
0.111627 0.472202 0.416171
0.157065 0.526787 0.316148
0.15629 0.400427 0.443284
0.152912 0.495405 0.351683
0.503446 0.271518 0.225036
0.534706 0.328052 0.137241
0.221301 0.452628 0.326071
0.480165 0.275663 0.244172
0.635507 0.09469 0.269803
0.137075 0.477877 0.385049
0.288944 0.296056 0.415
0.421618 0.311229 0.267154
0.417439 0.320275 0.262286
0.165961 0.359251 0.474788
0.280852 0.476251 0.242897
0.668305 0.240594 0.0911011
0.105422 0.442348 0.45223
0.20684 0.339387 0.453772
0.255864 0.245427 0.498709
0.153014 0.170408 0.676578
0.136242 0.357358 0.506399
0.124422 0.220689 0.654889
0.363513 0.151422 0.485066
0.152205 0.305263 0.542532
0.188901 0.196548 0.61455
0.281701 0.274308 0.443991
0.189541 0.497316 0.313142
0.116317 0.381429 0.502253
0.128412 0.365333 0.506255
0.0727315 0.460471 0.466797
0.220879 0.186029 0.593092
0.158443 0.214751 0.626807
0.393165 0.257206 0.349629
0.0883996 0.299683 0.611917
0.32719 0.169465 0.503345
0.847395 0.127351 0.0252538
0.239623 0.760277 9.9991E-05
0.264254 0.735646 9.9991E-05
0.271856 0.728044 9.9991E-05
0.182806 0.817094 9.9991E-05
0.260848 0.739052 9.9991E-05
0.208654 0.791246 9.9991E-05
0.283859 0.716041 9.9991E-05
0.376207 0.623693 9.9991E-05
0.927288 9.9991E-05 0.0726121
0.845855 0.0344061 0.119739
0.935291 9.9991E-05 0.064609
0.89268 0.0697888 0.0375315
0.916525 9.9991E-05 0.0833753
0.960895 0.0120673 0.0270379
0.736036 0.0273939 0.23657
0.866618 9.9991E-05 0.133282
0.783937 0.0916759 0.124387
0.892777 9.9991E-05 0.107123
0.993885 9.9991E-05 0.00601467
0.886855 0.0400237 0.073121
0.957582 9.9991E-05 0.0423177
0.885392 9.9991E-05 0.114508
0.876386 9.9991E-05 0.123514
0.809884 9.9991E-05 0.190016
0.760155 9.9991E-05 0.239745
0.761049 9.9991E-05 0.238851
0.789629 9.9991E-05 0.210271
0.129992 0.576634 0.293374
0.0392949 0.530198 0.430507
0.0348169 0.530886 0.434297
0.183709 0.745874 0.0704165
0.0965743 0.543534 0.359891
0.271582 0.650647 0.0777712
9.9991E-05 0.514638 0.485262
0.122865 0.644568 0.232567
0.0764226 0.560113 0.363465
9.9991E-05 0.666048 0.333852
0.13408 0.615809 0.250111
9.9991E-05 0.597225 0.402675
0.0870134 0.562844 0.350143
0.113593 0.868314 0.0180924
0.205214 0.794686 9.9991E-05
0.199091 0.708919 0.0919894
0.0301237 0.540969 0.428907
0.155055 0.56798 0.276965
0.144469 0.572298 0.283232
0.00632826 0.536071 0.457601
0.146589 0.325003 0.528407
0.0828227 0.33089 0.586287
0.483008 0.257614 0.259378
0.0120935 0.50674 0.481167
0.288579 0.341011 0.37041
0.614773 0.2552 0.130026
0.277417 0.262844 0.459739
0.3733 0.254363 0.372337
0.339495 0.281689 0.378817
0.0906985 0.354106 0.555195
0.236626 0.25479 0.508584
0.138915 0.353599 0.507485
0.173779 0.36378 0.46244
0.447342 0.144148 0.40851
