0.0581182 9.9982E-05 0.898982 0.026255 9.9982E-05 0.0164449
0.0191264 9.9982E-05 0.930357 9.9982E-05 0.038226 0.0120903
9.9982E-05 0.0785167 0.775086 0.0818852 9.9982E-05 0.0643121
9.9982E-05 0.0561948 0.81979 0.0595134 9.9982E-05 0.0643022
9.9982E-05 0.0632362 0.892778 0.0299023 9.9982E-05 0.0138838
0.0121162 0.0564997 0.585822 0.0932665 0.183486 0.0688096
9.9982E-05 9.9982E-05 0.83632 0.00174179 0.108748 0.0529904
9.9982E-05 9.9982E-05 0.73721 0.0267051 0.107654 0.128231
0.0612308 9.9982E-05 0.801528 9.9982E-05 0.0686774 0.068364
9.9982E-05 0.0687237 0.709089 0.0612396 0.160748 9.9982E-05
9.9982E-05 0.0455404 0.729407 9.9982E-05 0.0982974 0.126555
0.181669 0.277087 9.9991E-05 0.0554595 0.00825007 0.477434
0.0758724 0.496482 0.0326622 0.0938721 0.0637959 0.237316
0.0800761 0.313769 0.0384225 0.0347995 0.0849316 0.448001
0.0780627 0.27105 0.0406594 0.167537 0.0947302 0.347961
0.0991599 0.37887 0.102076 0.11808 0.0886868 0.213127
0.0170722 0.621323 9.9991E-05 0.116887 0.0670545 0.177564
0.200763 0.398148 0.00857786 0.122861 0.070971 0.198679
0.153242 0.302923 0.0907527 0.125908 0.0115228 0.315652
0.0701632 0.00168573 0.0131122 0.0838868 0.19335 0.637802
0.213321 0.396808 0.03457 0.0637597 0.0498651 0.241676
0.0453934 0.478257 0.0101726 0.044351 0.227143 0.194683
0.205057 0.526136 0.058353 9.9991E-05 0.0817741 0.12858
0.152527 0.321564 0.0114232 0.0891585 0.102196 0.323131
0.108656 0.576645 0.00962878 0.125849 0.014313 0.164908
0.0884218 0.574376 9.9991E-05 0.100387 0.00430104 0.232414
0.18838 0.135941 0.00220542 0.159356 9.9991E-05 0.514017
0.141733 0.184471 0.00807281 0.210021 0.0202177 0.435485
0.155444 0.212488 0.0360668 0.0308543 0.1953 0.369846
9.9973E-05 0.0854997 0.864342 0.0498586 9.9973E-05 9.9973E-05
9.9973E-05 0.152923 0.818494 0.0282837 9.9973E-05 9.9973E-05
0.0478435 0.114967 0.799018 0.0379709 9.9982E-05 9.9982E-05
0.089954 0.0464818 0.729606 0.133758 9.9982E-05 9.9982E-05
0.263877 0.601466 0.0545501 9.9991E-05 0.0394012 0.0406065
0.282467 0.489586 0.0874619 0.0866123 9.9991E-05 0.0537733
0.282386 0.679317 9.9982E-05 0.0327629 0.005334 9.9982E-05
0.101048 0.169269 0.057034 0.0426914 0.0172995 0.612658
0.612034 0.29564 0.0360533 0.0353348 0.0208385 9.9991E-05
0.130389 0.481142 0.0425568 0.0923243 0.0559379 0.19765
0.205799 0.72152 0.0260393 0.0300402 0.0165023 9.9991E-05
0.045114 0.686777 0.078026 9.9991E-05 0.127152 0.0628316
0.135531 0.608033 0.0806381 0.0282763 0.0838711 0.0636506
0.793486 0.101767 0.048951 9.9982E-05 9.9982E-05 0.0555953
0.0579003 0.594067 0.0224359 0.0675681 0.194943 0.0630853
0.248853 0.565355 0.0972326 0.0337809 0.0546785 9.9991E-05
0.211671 0.54299 0.143348 0.101791 9.9982E-05 9.9982E-05
0.643741 0.326681 9.9973E-05 9.9973E-05 0.0292781 9.9973E-05
0.288944 0.589865 0.014689 0.0990781 0.00732397 9.9991E-05
0.197535 0.544027 0.106085 0.0568648 0.0589364 0.0365515
0.663815 9.9973E-05 0.0639789 9.9973E-05 0.271906 9.9973E-05
0.258629 0.182732 9.9982E-05 9.9982E-05 0.117848 0.440591
0.223136 0.133175 0.0126741 9.9991E-05 0.442372 0.188544
0.0194124 0.521404 0.0210134 0.176753 0.0929703 0.168447
0.00829506 0.633327 0.0485179 0.0779774 0.139299 0.0925832
0.0839361 0.538413 0.0476153 0.0907413 0.159065 0.0802297
0.186278 0.171589 0.102439 9.9991E-05 0.188018 0.351577
9.9982E-05 0.64037 0.0145733 9.9982E-05 0.121777 0.22308
0.112263 0.486037 0.0594784 0.113328 0.0819711 0.146922
0.198605 0.363521 0.126063 9.9991E-05 0.103806 0.207905
0.0717891 0.100418 0.18372 0.043651 0.233377 0.367045
0.0261547 0.594638 0.0891001 0.0284822 0.109839 0.151787
0.0245144 0.46991 0.0859826 0.00163956 0.135316 0.282638
0.218852 9.9982E-05 0.0705853 9.9982E-05 0.159256 0.551106
0.0205912 0.5597 0.00981607 9.9991E-05 0.132152 0.277641
0.135324 0.595495 0.0472311 0.0703776 0.110058 0.0415152
0.0248878 0.606286 0.0783468 0.0551151 0.0581737 0.177191
0.192517 0.304776 0.0586684 0.0806234 0.094323 0.269093
0.0973408 0.521245 9.9991E-05 0.0346755 0.0839301 0.262708
9.9991E-05 0.620244 0.0979671 0.0149752 0.0769548 0.189759
0.141258 0.249652 0.0123398 9.9991E-05 0.22715 0.369501
0.450735 0.510828 9.9973E-05 9.9973E-05 9.9973E-05 0.0381371
0.732582 0.190595 9.9973E-05 9.9973E-05 9.9973E-05 0.076523
0.16933 0.570267 0.108604 0.016112 0.0688929 0.0667931
0.86291 9.9973E-05 0.023979 9.9973E-05 0.112811 9.9973E-05
0.89642 9.9982E-05 9.9982E-05 0.00684879 0.0868376 0.00969359
0.757944 0.241656 9.9964E-05 9.9964E-05 9.9964E-05 9.9964E-05
0.445861 0.45818 9.9973E-05 9.9973E-05 9.9973E-05 0.0956587
0.24999 0.527549 0.157818 0.0392845 9.9991E-05 0.0252586
0.453124 0.39521 0.0214456 0.0614968 9.9991E-05 0.068623
0.635607 0.07439 0.0698219 0.0777004 9.9991E-05 0.142381
0.502238 0.224321 0.0774618 9.9982E-05 9.9982E-05 0.19578
0.232679 0.578236 0.137508 0.0378143 9.9991E-05 0.0136621
0.597117 0.235953 0.0115242 0.0917596 9.9991E-05 0.0635457
0.425886 0.359419 0.0514776 0.0800436 9.9991E-05 0.0830734
0.625626 0.339856 0.00899072 9.9982E-05 0.0253264 9.9982E-05
0.731272 9.9982E-05 9.9982E-05 0.00638058 0.258708 0.00343931
0.293795 0.629279 9.9991E-05 0.0324217 0.0395881 0.00481641
9.9982E-05 0.078173 0.79113 0.0594102 9.9982E-05 0.0710866
0.00728646 0.066994 0.92542 9.9973E-05 9.9973E-05 9.9973E-05
9.9982E-05 0.0673964 0.850459 0.0794418 9.9982E-05 0.00250291
0.0144745 0.000491654 0.895204 0.0601789 0.0295512 9.9991E-05
9.9964E-05 0.130331 0.869269 9.9964E-05 9.9964E-05 9.9964E-05
0.0239732 0.0121994 0.888913 0.0399826 0.0348317 9.9991E-05
9.9973E-05 0.0369142 0.9345 0.0282858 9.9973E-05 9.9973E-05
0.306363 0.45174 0.137054 0.0745084 0.0183158 0.0120178
0.213307 0.49715 0.131687 0.0925329 9.9991E-05 0.0652224
0.872534 9.9973E-05 0.0948512 9.9973E-05 9.9973E-05 0.0323147
0.181881 0.60202 0.100031 0.101997 0.00933609 0.00473343
0.394501 0.443861 9.9973E-05 9.9973E-05 9.9973E-05 0.161338
0.295831 0.646213 0.0576559 9.9973E-05 9.9973E-05 9.9973E-05
0.388573 0.511467 0.0384154 0.0148204 0.0393258 0.00739808
0.412947 0.521994 9.9973E-05 0.0647591 9.9973E-05 9.9973E-05
0.772101 9.9973E-05 0.0533055 9.9973E-05 9.9973E-05 0.174294
0.0845502 0.489338 0.172669 0.0443134 0.13638 0.0727491
0.291741 0.597398 0.104849 9.9982E-05 9.9982E-05 0.00581236
0.165643 0.455903 0.0316817 0.142584 9.9991E-05 0.204088
0.559229 0.30708 0.0371852 9.9982E-05 0.0963066 9.9982E-05
0.339936 0.540042 0.000569172 9.9982E-05 0.119253 9.9982E-05
0.448264 0.445728 0.0239485 0.0247556 9.9991E-05 0.0572036
0.632762 0.292405 9.9982E-05 0.0675401 0.00709366 9.9982E-05
0.363223 0.485008 0.0677319 9.9982E-05 9.9982E-05 0.0838374
0.145832 0.509659 0.105004 0.128848 0.0345322 0.0761251
0.163034 0.25719 0.0727945 0.00902922 0.179524 0.318427
9.9991E-05 0.45906 0.106635 0.0151664 0.113419 0.305619
0.0461595 0.655362 0.0683407 9.9982E-05 9.9982E-05 0.229938
0.120832 0.64566 0.0775729 0.0377339 0.00944795 0.108753
0.094653 0.549579 0.0571469 9.9982E-05 9.9982E-05 0.298421
0.00185447 0.586317 0.0105547 0.0751236 0.0921987 0.233951
9.9991E-05 0.507696 0.0242723 0.0124952 0.0814596 0.373977
0.00915979 0.529406 0.135202 0.0372506 0.0821241 0.206858
0.0446231 0.535872 0.0598104 0.118375 0.0457185 0.195601
0.0362216 0.604608 0.0349513 0.00265545 0.112693 0.20887
0.0678551 0.598677 9.9982E-05 9.9982E-05 0.00871383 0.324554
0.0877971 0.584767 9.9991E-05 0.0792898 0.167158 0.0808882
0.0195053 0.591338 0.123308 0.0683481 0.104978 0.0925221
0.0949532 0.612677 9.9991E-05 0.0384438 0.0427885 0.211037
9.9991E-05 0.629687 0.0285365 0.0694606 0.115902 0.156314
0.0133634 0.644211 9.9991E-05 0.0679443 0.0919164 0.182465
9.9982E-05 0.434382 0.110458 9.9982E-05 0.183082 0.271877
0.00849299 0.667916 0.0457402 0.0726833 0.0417219 0.163446
9.9991E-05 0.670989 0.0633322 0.00678041 0.115515 0.143283
0.211188 0.183796 0.0138787 0.172151 0.0542037 0.364784
0.110397 0.171532 0.00408501 0.0572148 0.371384 0.285388
0.0176063 0.628841 9.9991E-05 0.0091967 0.104154 0.240102
0.2024 0.0597293 9.9991E-05 0.0491941 0.340917 0.347659
0.118859 0.281125 0.0285338 9.9991E-05 0.155059 0.416323
0.194129 0.46527 0.0060216 9.9982E-05 9.9982E-05 0.334379
0.214919 0.35841 0.00854735 9.9982E-05 9.9982E-05 0.417923
0.14139 0.259161 9.9991E-05 0.0771627 0.0207718 0.501415
0.0899002 0.651035 0.0751147 0.032708 0.0447145 0.106528
0.155242 0.496963 0.0529421 0.116657 0.0986982 0.0794978
0.151304 0.610423 0.123677 9.9991E-05 0.00808581 0.10641
0.155417 0.119889 9.9991E-05 0.0487399 0.359684 0.31617
0.187463 0.423968 0.207544 0.0501828 0.0509973 0.0798454
0.135056 0.466079 0.0285487 0.13834 0.150511 0.0814646
0.182824 0.0112538 0.134695 9.9991E-05 0.568623 0.102505
0.108558 0.582954 0.131123 9.9991E-05 0.14143 0.0358354
0.199173 0.319931 0.102897 0.0108538 0.324361 0.0427848
0.1087 0.456846 0.0652283 0.113241 0.145352 0.110633
0.0582829 0.331448 0.0791947 9.9991E-05 0.469707 0.0612675
0.0249672 0.245143 0.0722472 9.9991E-05 0.555913 0.101631
0.112881 0.462735 0.064613 9.9991E-05 0.240925 0.118746
9.9991E-05 0.473948 0.0466855 0.126324 0.292509 0.0604333
0.0393797 0.398486 0.145474 9.9991E-05 0.225783 0.190778
0.311573 9.9991E-05 0.0884039 0.150586 0.388313 0.0610235
0.088649 0.593942 0.098182 9.9991E-05 0.0765866 0.142541
0.0590045 0.423294 9.9982E-05 9.9982E-05 0.383812 0.133689
0.13504 0.499603 0.00167989 9.9991E-05 0.224094 0.139484
0.0267656 0.569567 0.154857 0.000441224 0.147476 0.100893
9.9982E-05 0.114319 0.337574 0.290006 0.257902 9.9982E-05
9.9973E-05 9.9973E-05 0.541501 0.1184 0.339799 9.9973E-05
9.9973E-05 9.9973E-05 0.457468 0.130044 0.412188 9.9973E-05
9.9982E-05 0.0707766 0.410329 0.303181 0.215513 9.9982E-05
0.0549806 0.702406 9.9973E-05 9.9973E-05 0.242314 9.9973E-05
0.182211 0.516109 0.0970895 0.0421553 0.0963253 0.0661093
9.9973E-05 0.276987 9.9973E-05 0.675408 9.9973E-05 0.0473046
0.145555 0.213384 9.9982E-05 0.496769 9.9982E-05 0.144092
0.0446866 0.244066 0.0651374 0.483476 0.0445347 0.118099
0.0297758 0.396081 9.9973E-05 9.9973E-05 0.573843 9.9973E-05
0.15787 0.576347 0.0899513 9.9982E-05 0.175632 9.9982E-05
0.00632994 0.255755 9.9982E-05 9.9982E-05 0.704154 0.0335611
0.0302039 0.62403 0.0278117 0.0433415 0.274513 9.9991E-05
0.125077 0.498158 0.0334668 9.9991E-05 0.243366 0.0998317
0.00289215 0.593423 9.9991E-05 0.0503435 0.292865 0.0603769
0.0386179 0.258238 9.9982E-05 9.9982E-05 0.650606 0.0523391
0.0377734 0.64509 0.0768753 0.083713 0.151061 0.00548697
0.12265 0.514584 0.0790009 0.097309 0.0789416 0.107514
9.9982E-05 0.0254287 9.9982E-05 0.919502 0.0222259 0.0326437
9.9982E-05 0.0578656 9.9982E-05 0.924484 0.0173096 0.00014116
0.05582 0.192676 0.0845309 0.577658 0.00461302 0.0847023
9.9964E-05 0.302048 9.9964E-05 0.697552 9.9964E-05 9.9964E-05
0.00524287 0.170165 0.0123279 0.812064 9.9982E-05 9.9982E-05
9.996E-05 9.996E-05 9.996E-05 0.9995 9.996E-05 9.996E-05
9.9973E-05 9.9973E-05 0.0347039 0.945253 9.9973E-05 0.019743
9.9964E-05 0.167996 9.9964E-05 0.831604 9.9964E-05 9.9964E-05
0.0017198 0.00367878 9.9982E-05 0.966744 9.9982E-05 0.0276578
9.996E-05 9.996E-05 9.996E-05 0.9995 9.996E-05 9.996E-05
9.996E-05 9.996E-05 9.996E-05 0.9995 9.996E-05 9.996E-05
9.9982E-05 0.128628 0.0373556 0.824606 0.00921068 9.9982E-05
9.9982E-05 0.122957 0.0363425 0.817713 9.9982E-05 0.0227875
0.0298031 9.9964E-05 9.9964E-05 0.969797 9.9964E-05 9.9964E-05
0.0829053 0.389153 0.103118 0.411084 9.9991E-05 0.0136392
9.9982E-05 0.214033 0.0284121 0.619765 9.9982E-05 0.137591
9.9982E-05 0.209432 0.0261429 0.755068 9.9982E-05 0.00915668
9.9982E-05 0.0948084 0.0245431 0.873738 9.9982E-05 0.00671101
9.9964E-05 0.0672973 9.9964E-05 0.932303 9.9964E-05 9.9964E-05
9.9982E-05 0.0822581 0.0361564 0.848558 9.9982E-05 0.0328271
9.996E-05 9.996E-05 9.996E-05 0.9995 9.996E-05 9.996E-05
9.9982E-05 0.237455 0.00979904 0.644098 9.9982E-05 0.108448
0.050112 9.9982E-05 9.9982E-05 0.914117 0.0221239 0.0134474
9.9973E-05 9.9973E-05 0.291156 0.0462443 0.6623 9.9973E-05
9.9991E-05 0.419964 0.208736 0.06059 0.24943 0.0611802
0.134479 0.357268 0.222373 0.107619 0.178161 9.9991E-05
0.0455357 0.165277 0.214703 0.10607 0.446588 0.0218262
0.105762 0.428016 0.0654652 0.175161 0.225497 9.9991E-05
0.0655758 0.189654 0.283836 0.113954 0.346881 9.9991E-05
9.9991E-05 0.496658 0.230534 0.0194634 0.170004 0.0832397
9.9982E-05 0.321851 0.104933 0.192812 0.380205 9.9982E-05
0.01269 0.414674 0.185051 0.16329 0.202676 0.021619
9.9982E-05 0.33634 0.174099 0.173637 0.315724 9.9982E-05
0.0902374 0.430467 0.236513 0.0625771 0.180106 9.9991E-05
9.9982E-05 0.0432312 0.823616 9.9982E-05 0.0598702 0.0730826
0.0288238 9.9973E-05 0.874971 0.0959053 9.9973E-05 9.9973E-05
0.0221958 0.00101767 0.949067 9.9991E-05 0.000654177 0.0269657
9.9973E-05 0.0251748 0.939731 9.9973E-05 9.9973E-05 0.0347945
9.9982E-05 0.0454777 0.90132 0.0256398 9.9982E-05 0.0273621
0.0099412 9.9973E-05 0.8988 0.0909585 9.9973E-05 9.9973E-05
9.9973E-05 0.03733 0.876818 0.0855516 9.9973E-05 9.9973E-05
0.00072087 0.0403334 0.891987 9.9991E-05 0.0528653 0.0139929
0.0755361 0.0106927 0.913471 9.9973E-05 9.9973E-05 9.9973E-05
9.9982E-05 0.036165 0.886684 0.0457929 0.0311579 9.9982E-05
0.110368 9.9973E-05 0.575126 9.9973E-05 9.9973E-05 0.314206
0.109152 9.9982E-05 0.578031 0.000328227 9.9982E-05 0.312289
0.0406113 9.9982E-05 0.512277 9.9982E-05 0.111871 0.335041
0.126814 9.9982E-05 0.509705 9.9982E-05 0.0304619 0.33282
0.337331 0.540767 0.0418952 9.9982E-05 9.9982E-05 0.0798066
0.34273 0.451479 9.9991E-05 0.0846948 0.0185846 0.102411
0.146741 0.511984 9.9991E-05 0.0820509 0.0816789 0.177445
0.252577 0.410817 0.00402187 0.042283 0.0548466 0.235455
0.0534064 0.198108 9.9991E-05 0.02772 0.0595024 0.661164
0.223823 0.559048 0.0989341 0.063572 0.0158094 0.0388136
0.297681 0.535063 9.9982E-05 0.0459169 9.9982E-05 0.12114
0.356467 0.558279 0.00968292 9.9991E-05 0.0704705 0.00500069
0.602468 0.360197 9.9973E-05 0.0370343 9.9973E-05 9.9973E-05
0.208942 0.5778 0.0183429 0.0482468 0.0823999 0.0642685
0.411572 0.393123 0.0264668 9.9982E-05 9.9982E-05 0.168638
0.732476 9.9973E-05 9.9973E-05 9.9973E-05 0.212546 0.054678
0.0360628 0.593981 0.0760602 9.9991E-05 0.127921 0.165874
0.476077 0.256836 9.9973E-05 9.9973E-05 0.266787 9.9973E-05
0.346533 0.554769 9.9991E-05 0.0516702 0.0373781 0.00955051
0.72712 0.0877257 0.0532487 9.9982E-05 9.9982E-05 0.131706
9.9982E-05 9.9982E-05 0.094358 0.00223287 0.180432 0.722777
9.9991E-05 0.056226 0.0748641 0.00715413 0.159578 0.702078
9.9973E-05 9.9973E-05 0.014854 9.9973E-05 0.16513 0.819716
0.0269388 9.9982E-05 0.0877216 9.9982E-05 0.0821947 0.802945
0.00850527 9.9982E-05 9.9982E-05 0.0484129 0.15728 0.785601
9.9991E-05 0.129538 0.0544847 0.022147 0.024633 0.769098
9.9964E-05 0.0954144 0.904186 9.9964E-05 9.9964E-05 9.9964E-05
9.9982E-05 0.146906 0.81478 0.0128281 9.9982E-05 0.0252858
9.9982E-05 0.157315 0.772668 0.0686685 0.00114885 9.9982E-05
9.9982E-05 0.0888346 0.726322 0.0966908 9.9982E-05 0.0879529
9.9982E-05 0.133866 0.795321 0.0387745 9.9982E-05 0.0318381
0.0409257 9.9982E-05 0.383824 9.9982E-05 0.0298426 0.545207
0.160436 9.9982E-05 0.469111 9.9982E-05 0.0170064 0.353247
0.0910253 9.9991E-05 0.421604 0.0233681 0.0170148 0.446888
9.9982E-05 0.116512 0.85016 0.011896 9.9982E-05 0.0212314
0.146858 9.9982E-05 0.389499 9.9982E-05 0.00496344 0.458479
9.9982E-05 0.26696 0.172185 0.405103 0.155552 9.9982E-05
0.0176569 0.597713 0.148438 0.195607 9.9991E-05 0.0404859
9.9973E-05 0.514516 0.186717 0.298467 9.9973E-05 9.9973E-05
9.9991E-05 0.386343 0.263952 0.202616 0.116846 0.0301431
0.0885903 0.444539 0.127461 0.15066 0.158328 0.0304223
9.9973E-05 9.9973E-05 0.429711 0.296354 0.273635 9.9973E-05
0.0593839 0.504721 0.0144832 9.9991E-05 0.0675593 0.353753
0.108515 0.384091 9.9991E-05 0.0170088 0.278638 0.211648
0.0655941 0.286899 0.101495 9.9991E-05 0.036267 0.509645
0.139006 0.488702 9.9991E-05 0.00863477 0.19724 0.166317
0.250054 9.9973E-05 9.9973E-05 9.9973E-05 0.553638 0.196008
0.101936 0.529685 0.163722 9.9991E-05 0.104352 0.100206
0.123662 0.546301 0.0208518 0.00651157 0.155947 0.146728
0.0986809 0.410226 0.0175945 9.9991E-05 0.0599973 0.413402
0.0542731 0.641896 0.13649 0.0349529 0.0140648 0.118323
0.1763 0.186456 9.9982E-05 9.9982E-05 0.380455 0.25659
0.0277455 0.470947 9.9991E-05 0.0657923 0.223242 0.212174
0.118965 0.534232 9.9991E-05 0.0549162 0.0556017 0.236185
0.150487 0.37149 0.139043 0.194995 0.0390867 0.104898
0.0951779 0.419832 9.9982E-05 9.9982E-05 0.215711 0.269079
0.049832 0.504673 9.9991E-05 0.0552154 0.126157 0.264023
0.157398 0.487073 9.9991E-05 0.097742 0.154086 0.103601
0.16651 0.541896 0.0231204 9.9991E-05 0.106738 0.161635
0.065237 0.566884 9.9991E-05 0.151153 0.0175131 0.199113
0.0923039 0.537067 0.101262 0.077381 0.125046 0.0669406
0.0115449 0.624106 0.0535965 0.0959945 0.0281897 0.186568
9.9973E-05 0.122867 0.765456 0.111377 9.9973E-05 9.9973E-05
0.00429954 0.167802 0.827599 9.9973E-05 9.9973E-05 9.9973E-05
0.046213 0.0444951 0.793636 9.9991E-05 0.0540821 0.0614739
0.0744757 9.9982E-05 0.798074 0.0613264 9.9982E-05 0.065924
9.9964E-05 0.16417 0.83543 9.9964E-05 9.9964E-05 9.9964E-05
0.134535 0.145642 0.0340542 0.0697018 0.0206783 0.595389
0.0703984 0.523749 0.0532454 0.0859928 0.120253 0.146361
0.0758149 0.384936 0.138092 0.258717 0.11606 0.0263803
9.9991E-05 0.653989 0.046896 0.0399983 0.0194164 0.2396
0.0862429 0.546109 0.0244643 0.0584696 0.017387 0.267328
0.0213761 0.297426 9.9991E-05 0.0823003 0.27271 0.326087
0.14556 9.9982E-05 0.121569 9.9982E-05 0.0968357 0.635834
0.122294 0.521674 0.0120784 0.0195682 9.9991E-05 0.324285
0.124926 0.192854 0.0702452 0.0244528 0.0825657 0.504956
0.129868 0.437278 0.0654093 0.0184223 0.170323 0.1787
0.206178 0.137276 0.122593 0.012787 0.0655011 0.455664
0.0218024 0.534692 0.0954259 0.111932 0.0101272 0.22602
0.0612561 0.212863 0.047475 0.0294396 0.059194 0.589772
0.0729464 0.299295 0.02482 0.123342 0.201717 0.27788
0.0906867 0.386869 9.9991E-05 0.131086 0.307199 0.0840591
9.9982E-05 0.369437 0.00104941 9.9982E-05 0.539179 0.0901338
0.0244892 0.545449 0.0203639 9.9991E-05 0.302987 0.106611
0.0890097 0.560621 0.106218 0.0467359 0.168623 0.0287926
9.9973E-05 0.38628 9.9973E-05 9.9973E-05 0.533683 0.079737
9.9991E-05 0.530241 0.0241871 0.108551 0.205535 0.131386
0.053874 0.622385 0.00802717 9.9982E-05 0.315514 9.9982E-05
0.120834 0.129399 9.9982E-05 9.9982E-05 0.719588 0.0299791
0.0368711 0.297973 9.9982E-05 9.9982E-05 0.639927 0.0250287
0.00162131 0.515251 9.9982E-05 9.9982E-05 0.365572 0.117356
0.14906 0.216565 9.9982E-05 9.9982E-05 0.529259 0.104916
0.0426306 0.551384 9.9982E-05 9.9982E-05 0.304441 0.101344
0.157188 0.145981 0.0266021 0.00528481 0.0816211 0.583323
0.220249 0.247435 9.9991E-05 0.0190706 0.219867 0.293278
0.113675 0.292292 0.00356451 0.114403 0.020435 0.455631
0.0439076 0.640168 9.9991E-05 0.0902704 0.0576547 0.167899
0.213639 0.261192 9.9973E-05 9.9973E-05 9.9973E-05 0.524869
0.0944135 0.528202 0.0226252 0.110359 0.131791 0.11261
0.0401721 0.608603 0.0166298 0.117431 0.015318 0.201846
0.211227 0.506717 9.9991E-05 0.0306185 0.00984518 0.241493
0.10478 0.381637 9.9991E-05 0.189993 0.0861234 0.237367
0.10283 0.495382 0.0365238 0.0380587 0.00958439 0.317621
0.155861 0.1956 9.9982E-05 0.114129 9.9982E-05 0.53421
0.137212 0.341061 9.9991E-05 0.0854338 0.039843 0.39635
0.0752192 0.569637 9.9991E-05 0.0509911 0.0272989 0.276754
9.9991E-05 0.760877 0.0661539 0.0325135 0.0720191 0.0683365
0.159309 0.373706 0.00514436 0.0550591 0.117733 0.289049
0.0541651 0.584049 9.9991E-05 0.0439385 0.107611 0.210136
0.0309952 0.351458 0.0637581 0.0646846 0.0566498 0.432454
0.0977859 0.574534 0.0691034 9.9982E-05 9.9982E-05 0.258377
0.101098 0.415184 0.0527861 0.0673652 0.0173916 0.346175
0.0955216 0.329425 0.0932949 0.185348 0.0207718 0.275639
0.0494576 0.415547 0.347214 0.151787 0.0037188 0.0322759
0.160829 0.417895 0.110905 0.234609 0.075662 9.9991E-05
0.062531 0.460494 0.092103 0.200563 0.18421 9.9991E-05
0.0744135 0.493687 0.0890276 0.170398 0.0915819 0.0808927
0.0334816 0.524437 0.215577 0.190805 0.0355992 9.9991E-05
0.120743 0.435844 9.9991E-05 0.106469 0.196817 0.140026
0.0736095 0.480913 0.126158 0.165338 0.084643 0.0693386
0.121226 0.0119006 0.260343 0.135426 0.471004 9.9991E-05
9.9991E-05 0.497209 0.0782766 0.209607 0.0924763 0.122331
0.0982221 0.501401 0.103219 0.181007 0.116051 9.9991E-05
0.0562506 0.526811 0.0343262 0.260906 0.0505625 0.0711445
0.161825 0.30861 0.182824 0.141985 0.139867 0.0648892
9.9982E-05 0.575182 0.216999 0.101591 0.106028 9.9982E-05
9.9982E-05 0.605334 0.140752 0.111238 0.142476 9.9982E-05
9.9973E-05 9.9973E-05 0.486338 0.173884 0.339479 9.9973E-05
9.9991E-05 0.516406 0.210887 0.201086 0.064663 0.00685797
9.9991E-05 0.466579 0.089828 0.223703 0.18974 0.030049
0.0501606 0.563371 0.0815691 0.137496 0.0737699 0.0936331
9.9991E-05 0.509381 0.178951 0.227255 0.0818303 0.00248241
0.0930752 0.496321 0.164684 0.138492 0.107328 9.9991E-05
0.145765 0.469295 0.0427249 0.0371026 0.210273 0.0948405
9.9991E-05 0.524111 0.144972 0.0502101 0.142896 0.137711
0.294993 0.0354436 9.9982E-05 9.9982E-05 0.532351 0.137013
0.259408 0.01476 9.9982E-05 9.9982E-05 0.614212 0.11142
0.0884721 0.533139 0.0447545 0.0793614 0.206328 0.0479452
9.9982E-05 0.474939 0.0959953 0.26609 0.162776 9.9982E-05
9.9982E-05 0.324094 0.0492696 0.375437 0.251 9.9982E-05
0.013828 0.186242 0.19071 0.303341 0.305779 9.9991E-05
9.9991E-05 0.365965 0.191847 0.255049 0.186904 0.000136075
0.00207321 0.128796 0.0397032 0.0978644 0.708556 0.0230077
0.137386 0.216853 0.0462468 0.0968444 0.50257 9.9991E-05
0.0644559 0.626255 9.9991E-05 0.0735873 0.20832 0.0272819
0.144784 0.458559 0.03238 0.145925 0.218252 9.9991E-05
0.0828408 0.228833 0.0471067 0.126147 0.499587 0.0154848
0.107243 0.493483 0.0932783 0.0925725 0.213324 9.9991E-05
0.0575595 0.546931 9.9991E-05 0.138924 0.184972 0.0715131
0.0518491 0.482046 0.1067 0.142839 0.144941 0.0716258
0.158233 0.422582 9.9982E-05 9.9982E-05 0.267944 0.151041
0.199786 0.31666 9.9991E-05 0.0369839 0.352716 0.093754
9.9982E-05 0.514925 9.9982E-05 0.151047 0.27255 0.0612775
0.0575536 0.45827 0.0906302 0.00191237 0.276828 0.114806
0.0744323 0.4062 0.109589 0.105064 0.22513 0.0795843
0.12574 0.469028 9.9982E-05 9.9982E-05 0.370803 0.0342299
0.135126 0.279161 9.9982E-05 9.9982E-05 0.469732 0.115781
0.173912 0.573079 0.0404304 0.0411399 0.171338 9.9991E-05
0.178881 0.277644 9.9982E-05 9.9982E-05 0.478258 0.0650166
0.0845915 0.533324 9.9973E-05 9.9973E-05 0.381784 9.9973E-05
0.132458 0.487484 9.9991E-05 0.0883045 0.204593 0.0870608
0.232375 0.484362 0.073007 0.0287222 0.138 0.0435343
9.9991E-05 0.487712 0.149866 0.13517 0.176285 0.0508665
0.0870996 0.430059 0.0833095 0.139254 0.197977 0.0623013
0.00139961 0.33238 0.144548 0.299439 0.169258 0.0529755
9.9991E-05 0.393595 0.203642 0.131363 0.1633 0.108
0.0187584 0.399919 0.195791 0.203035 0.0432423 0.139254
9.9991E-05 0.435021 0.12376 0.224261 0.174339 0.0425186
0.0667449 9.9991E-05 0.146499 0.18324 0.571408 0.0320088
9.9991E-05 0.583596 0.0686809 0.236761 0.0761781 0.0346839
9.9973E-05 9.9973E-05 0.335442 0.133716 0.530542 9.9973E-05
0.0750712 0.460959 0.044335 0.268982 0.150553 9.9991E-05
0.325777 0.132794 9.9973E-05 9.9973E-05 0.541129 9.9973E-05
0.372746 9.9973E-05 9.9973E-05 9.9973E-05 0.598827 0.0281274
0.228442 0.493709 9.9982E-05 9.9982E-05 0.250422 0.0272257
0.170021 0.60872 0.0110364 0.0173413 0.165164 0.0277175
0.169753 0.443589 9.9973E-05 9.9973E-05 0.386359 9.9973E-05
0.231217 0.470607 9.9991E-05 0.0685063 0.226356 0.00321422
0.186984 0.55799 0.0350686 0.00506702 0.194481 0.0204088
0.0584918 0.0809384 0.840336 0.0175329 9.9991E-05 0.00260046
9.9982E-05 9.9982E-05 0.697636 0.0885261 0.0929555 0.120682
9.9973E-05 9.9973E-05 0.86427 0.0926306 9.9973E-05 0.0427998
9.9973E-05 0.06994 0.926826 9.9973E-05 0.00293357 9.9973E-05
0.287909 0.512279 0.0853433 0.0137977 0.0629004 0.0377701
0.416615 0.445753 0.0726264 0.0648062 9.9982E-05 9.9982E-05
0.444797 0.554803 9.9964E-05 9.9964E-05 9.9964E-05 9.9964E-05
0.2441 0.609168 0.135072 9.9982E-05 9.9982E-05 0.0114598
0.186742 0.484351 0.0223755 0.118929 0.141429 0.0461736
0.569071 0.198304 0.040443 0.0281045 0.0705364 0.0935405
0.358853 0.572402 9.9982E-05 0.0327152 9.9982E-05 0.0358299
0.403567 0.352617 9.9973E-05 9.9973E-05 0.243516 9.9973E-05
9.9982E-05 0.363598 0.28748 0.265793 9.9982E-05 0.0829297
0.380502 0.477207 0.0164116 9.9991E-05 0.0943404 0.0314397
0.52522 0.265734 0.0330034 9.9982E-05 9.9982E-05 0.175842
0.283265 0.65657 0.0236176 9.9991E-05 0.0345304 0.00191674
0.491808 0.408511 0.0181971 9.9991E-05 0.0044651 0.0769187
0.425319 0.527357 9.9973E-05 0.0470246 9.9973E-05 9.9973E-05
0.313245 0.652264 0.0341904 9.9973E-05 9.9973E-05 9.9973E-05
0.900956 9.9964E-05 9.9964E-05 9.9964E-05 0.0986444 9.9964E-05
0.659255 0.220018 0.0129336 0.0101196 0.0838483 0.0138254
0.601307 0.338388 0.0573261 9.9982E-05 9.9982E-05 0.00277833
0.778297 9.9964E-05 9.9964E-05 9.9964E-05 0.221304 9.9964E-05
0.340779 0.459771 0.0564504 9.9982E-05 9.9982E-05 0.1428
0.575835 0.12934 9.9982E-05 0.00907285 0.285551 9.9982E-05
0.713796 9.9964E-05 9.9964E-05 9.9964E-05 0.285805 9.9964E-05
0.31027 0.52744 0.073021 0.0890687 9.9982E-05 9.9982E-05
0.70852 0.148519 0.0613964 9.9982E-05 9.9982E-05 0.081365
0.316049 0.460909 9.9991E-05 0.0484063 0.0862311 0.0883049
0.170829 0.559035 0.103232 0.0579537 0.107833 0.0011173
0.40987 0.544842 9.9973E-05 9.9973E-05 9.9973E-05 0.0449873
0.0842625 0.321651 9.9991E-05 0.0092141 0.291594 0.293178
0.339288 0.476514 0.0365805 0.079342 9.9991E-05 0.068176
0.325087 0.477456 0.00670366 0.0217003 0.00507887 0.163974
0.602287 0.338402 9.9973E-05 9.9973E-05 0.0590117 9.9973E-05
0.113407 0.61725 0.0888544 0.026064 0.0303258 0.124098
9.9973E-05 9.9973E-05 0.637055 9.9973E-05 0.139502 0.223143
0.0214948 0.0094101 0.729791 0.0400161 0.0904585 0.10883
0.0276343 9.9982E-05 0.801116 9.9982E-05 0.0495601 0.121489
9.9973E-05 9.9973E-05 0.794004 9.9973E-05 0.0300119 0.175684
9.9973E-05 0.01375 0.71967 9.9973E-05 9.9973E-05 0.266281
0.626163 0.159097 0.0447964 9.9982E-05 9.9982E-05 0.169743
0.564575 0.135057 0.0744308 9.9991E-05 0.0562253 0.169612
0.81289 0.0725671 9.9982E-05 0.038672 0.0756712 9.9982E-05
0.282016 0.429017 0.0797499 0.162361 9.9991E-05 0.0467562
0.147626 0.557161 0.142505 9.9991E-05 0.149822 0.00278616
0.569496 0.306346 0.0202146 9.9982E-05 0.103744 9.9982E-05
0.256503 0.621164 9.9982E-05 0.0611427 0.0609898 9.9982E-05
0.397373 0.419001 9.9982E-05 0.0442239 0.139201 9.9982E-05
0.384753 0.557219 0.00840853 9.9982E-05 0.049419 9.9982E-05
0.25058 0.621742 0.110273 9.9982E-05 0.017205 9.9982E-05
0.584309 0.227675 9.9991E-05 0.0150522 0.041969 0.130894
0.535382 0.381746 0.0504332 9.9982E-05 9.9982E-05 0.0322389
0.583185 0.299022 9.9973E-05 9.9973E-05 9.9973E-05 0.117493
9.9982E-05 0.664735 0.103298 9.9982E-05 0.224128 0.00763936
0.544536 0.428099 0.0115426 9.9982E-05 9.9982E-05 0.0156221
0.401985 0.492312 0.0607392 0.0386569 9.9991E-05 0.00620599
9.9982E-05 0.481165 0.0977506 0.379373 9.9982E-05 0.0415119
0.0218826 0.34735 0.0973344 0.457626 0.0757069 9.9991E-05
9.9982E-05 0.403362 0.0738042 0.415673 0.106961 9.9982E-05
9.9982E-05 0.285225 0.203821 0.461878 0.0488762 9.9982E-05
0.0030674 0.51238 0.0734531 0.333197 0.0778028 9.9991E-05
0.30457 0.535901 0.034222 0.000867221 0.12434 9.9991E-05
9.9982E-05 0.0729043 0.250173 0.654633 0.0220895 9.9982E-05
0.037898 0.303564 0.154521 0.469901 9.9991E-05 0.0340162
0.0376608 0.415676 0.153731 0.169416 0.223415 9.9991E-05
9.9982E-05 0.608052 0.160868 9.9982E-05 0.220214 0.0106657
9.9982E-05 0.496158 0.141117 9.9982E-05 0.302233 0.0602916
9.9991E-05 0.647577 0.0951693 0.0347668 0.206687 0.0156997
0.0315349 0.631979 0.065967 0.0103577 0.196108 0.0640534
9.9973E-05 0.385175 0.238201 0.376324 9.9973E-05 9.9973E-05
0.0327673 0.385566 0.171811 0.381022 9.9991E-05 0.028734
9.9973E-05 0.419293 0.0692468 0.511161 9.9973E-05 9.9973E-05
0.0799608 0.516601 0.148413 0.184821 0.0701041 9.9991E-05
9.9982E-05 0.281694 0.188132 0.494543 0.0354307 9.9982E-05
0.0824464 0.423713 0.189888 0.303753 9.9982E-05 9.9982E-05
0.00427205 0.32562 0.112232 0.521394 0.0363825 9.9991E-05
9.9991E-05 0.32969 0.125749 0.451068 0.0581592 0.0352338
0.0277948 0.584984 0.0662845 0.0183681 0.302469 9.9991E-05
9.9991E-05 0.313812 0.142221 0.381265 0.114268 0.0483339
0.00582511 0.174279 0.167136 0.65256 9.9982E-05 9.9982E-05
0.116003 0.267083 0.0983751 0.409938 0.0587327 0.0498687
0.00317807 0.281681 0.126311 9.9991E-05 0.351444 0.237286
0.0549592 0.625128 0.00837011 0.0904457 0.187097 0.034
0.01791 0.3507 0.172586 0.286858 0.0686539 0.103292
9.9982E-05 0.621011 0.0994436 9.9982E-05 0.168608 0.110737
0.00310044 0.476425 0.11188 0.0372072 0.309245 0.0621414
0.160044 0.311478 0.18488 0.313505 0.0107865 0.0193066
9.9982E-05 0.348334 0.204959 0.27393 0.172577 9.9982E-05
0.178317 0.515978 0.151515 0.0925826 0.0383649 0.0232417
0.0591269 0.436474 0.200018 0.304181 9.9982E-05 9.9982E-05
9.9982E-05 0.377211 0.0538789 0.551085 0.0176254 9.9982E-05
9.9991E-05 0.114568 0.195745 0.64269 0.000777907 0.0461181
9.9991E-05 0.613814 0.0703467 0.0849796 0.154511 0.0762488
0.0502242 0.509123 0.12018 9.9991E-05 0.200382 0.119991
9.9982E-05 0.231127 0.118712 0.00559527 0.644366 9.9982E-05
0.106429 0.539493 0.0907801 0.134166 0.0393409 0.0897918
0.0104034 0.476435 0.110132 0.0281664 0.220223 0.15464
0.0447512 0.414469 0.125546 0.224993 0.145156 0.0450844
0.120227 0.488466 0.133921 0.147703 0.0987299 0.0109535
9.9973E-05 9.9973E-05 0.246384 0.235009 0.518307 9.9973E-05
9.9973E-05 9.9973E-05 0.298916 0.108819 0.591965 9.9973E-05
9.9991E-05 0.294253 0.119071 0.127538 0.412959 0.0460793
9.9982E-05 0.0685117 0.31215 0.188232 0.430906 9.9982E-05
9.9973E-05 9.9973E-05 0.404744 0.245077 0.349878 9.9973E-05
9.9991E-05 0.423014 0.0831581 0.135817 0.342111 0.0157996
0.0110933 0.398416 0.230174 0.0866047 0.251189 0.0225239
9.9982E-05 0.178029 0.314512 0.156502 0.350757 9.9982E-05
9.9982E-05 0.148948 0.284762 0.0923256 0.473765 9.9982E-05
0.0276362 0.454476 0.109765 0.160112 0.186487 0.0615238
0.036347 0.196668 0.234949 0.108496 0.412001 0.0115394
9.9973E-05 9.9973E-05 0.436237 0.0470008 0.516462 9.9973E-05
0.0808891 0.485386 0.178982 0.126506 9.9991E-05 0.128138
9.9991E-05 0.383922 0.129085 0.249738 0.226748 0.0104067
0.101615 0.387979 0.296818 0.18047 9.9991E-05 0.0330166
9.9982E-05 0.509947 0.202977 0.260196 0.0266803 9.9982E-05
9.9991E-05 0.518189 0.190838 0.211154 0.0734841 0.00623518
9.9991E-05 0.540008 0.112237 0.130081 0.213189 0.00438527
9.9991E-05 0.414826 0.355931 0.189805 0.0116833 0.0276545
9.9991E-05 0.567959 0.198784 0.151676 0.0444541 0.0370273
0.0662022 0.421985 0.212255 0.290247 9.9991E-05 0.0092099
0.0166007 0.315221 0.23006 0.251566 0.0873158 0.0992357
0.275188 0.212229 0.178482 0.159284 0.0601253 0.114692
0.143912 0.542847 0.143955 0.0997584 0.0173845 0.0521427
0.192903 0.463491 0.194426 0.144136 9.9991E-05 0.00494392
0.12884 0.535808 0.105782 0.114878 0.0534526 0.06124
9.9991E-05 0.320114 0.34087 0.298465 0.0191616 0.0212892
9.9991E-05 0.431089 0.19843 0.245404 0.114151 0.0108261
0.0575673 0.123897 0.374444 0.215915 0.228077 9.9991E-05
0.0660163 0.555361 0.224529 0.153893 9.9982E-05 9.9982E-05
9.9982E-05 0.18492 0.282331 0.303392 0.229157 9.9982E-05
0.0377512 0.00848843 0.770671 0.00107632 0.0539687 0.128044
9.9982E-05 0.107604 0.0723687 0.0192531 9.9982E-05 0.800575
0.0122355 9.9973E-05 0.00884461 9.9973E-05 9.9973E-05 0.97862
9.9964E-05 9.9964E-05 0.00269105 9.9964E-05 9.9964E-05 0.996909
9.9964E-05 0.0275209 9.9964E-05 9.9964E-05 9.9964E-05 0.972079
9.9973E-05 0.04682 9.9973E-05 0.0303362 9.9973E-05 0.922544
9.9964E-05 0.0753236 9.9964E-05 9.9964E-05 9.9964E-05 0.924277
9.9964E-05 9.9964E-05 0.0481108 9.9964E-05 9.9964E-05 0.951489
9.9973E-05 0.0423651 0.19655 9.9973E-05 9.9973E-05 0.760785
9.9973E-05 0.0611143 0.913569 9.9973E-05 9.9973E-05 0.0250164
9.9973E-05 0.109861 0.780525 9.9973E-05 9.9973E-05 0.109314
0.0175969 0.0566151 0.896943 0.0286448 9.9982E-05 9.9982E-05
9.9982E-05 0.0685969 0.785421 9.9982E-05 0.0412998 0.104482
0.0102383 0.0229802 0.912469 0.0541128 9.9982E-05 9.9982E-05
0.0679241 9.9973E-05 0.908376 9.9973E-05 9.9973E-05 0.0233998
9.9982E-05 0.0634604 0.736876 0.141777 9.9982E-05 0.0576867
9.9982E-05 0.0932514 0.825628 0.0658276 9.9982E-05 0.0150934
0.0671131 0.0393259 0.716901 0.0653102 9.9991E-05 0.11125
0.00596474 0.00351274 0.903718 0.0866047 9.9982E-05 9.9982E-05
0.0199654 0.0225891 0.931201 9.99822E-05 9.99822E-05 0.0260448
0.00745443 9.9991E-05 0.811511 0.0801185 0.0389209 0.0618956
9.9991E-05 0.00199013 0.932889 0.0121391 0.0053597 0.0475222
9.9973E-05 0.07244 0.892605 0.0346548 9.9973E-05 9.9973E-05
0.0666073 0.0045812 0.872434 0.0561776 9.9982E-05 9.9982E-05
9.9973E-05 0.0982268 0.860375 0.0410978 9.9973E-05 9.9973E-05
9.9973E-05 0.0859383 0.758927 0.154835 9.9973E-05 9.9973E-05
0.00145438 0.122721 0.763518 0.112106 9.9982E-05 9.9982E-05
9.9973E-05 0.113385 0.78509 0.101225 9.9973E-05 9.9973E-05
0.0340953 0.364342 0.133266 0.0826653 0.286024 0.0996079
0.0794557 0.748521 0.0543987 9.9991E-05 0.115484 0.00204112
0.0513644 0.493212 0.17001 0.0733896 0.148195 0.0638293
0.0307666 0.214644 0.0260138 9.9982E-05 0.728376 9.9982E-05
0.0618848 0.577217 0.0878269 9.9991E-05 0.235983 0.036988
9.9973E-05 0.153643 0.174343 9.9973E-05 0.671714 9.9973E-05
9.9982E-05 0.697217 0.0233202 0.00668472 0.272578 9.9982E-05
0.110927 0.438018 0.0961081 9.9991E-05 0.175972 0.178875
0.0524689 0.5556 0.101793 9.9991E-05 0.191136 0.0989028
0.429665 0.451884 0.0602821 0.0553716 9.9991E-05 0.00269751
0.0279489 0.501524 0.102806 9.9991E-05 0.251707 0.115914
0.0202158 0.613588 0.0587148 0.0150479 0.292333 9.9991E-05
0.0634661 0.625305 0.0680582 9.9991E-05 0.187559 0.0555115
0.220731 0.0136176 9.9991E-05 0.069133 0.227986 0.468432
9.9973E-05 9.9973E-05 0.00594095 9.9973E-05 0.931736 0.0620236
9.9973E-05 0.212861 0.0494776 9.9973E-05 0.737362 9.9973E-05
0.0147863 0.646903 0.0723099 0.0279073 0.168396 0.0696973
9.9982E-05 0.623454 0.0735959 9.9982E-05 0.27225 0.0305004
0.0432175 0.523415 0.120995 9.9982E-05 0.312172 9.9982E-05
0.145516 0.626493 0.0587184 0.0829029 0.0856363 0.000733413
9.9991E-05 0.562407 0.171069 0.135511 0.110796 0.0201169
9.9991E-05 0.589357 0.181722 0.18866 0.0269839 0.0131769
0.104346 0.0933382 0.369184 0.193829 0.0985651 0.140737
0.151752 0.650241 0.134442 9.9991E-05 0.0302689 0.0331966
0.0708456 0.443585 0.203087 0.118551 0.0493529 0.114578
0.0199526 9.9982E-05 0.427973 0.175048 0.376827 9.9982E-05
0.0139009 0.324783 0.280564 0.199722 0.18093 9.9991E-05
0.0740894 0.269217 0.344749 0.208832 0.0106576 0.0924547
0.0699877 0.484255 0.332373 0.0139891 9.9991E-05 0.0992951
0.024804 0.469395 0.0652782 0.204902 0.132064 0.103557
0.036703 0.561081 0.177943 0.153086 0.0710874 9.9991E-05
9.9991E-05 0.606917 0.158632 0.130895 0.0328798 0.0705762
0.162596 0.360089 0.142047 0.178304 0.156864 9.9991E-05
0.0307047 0.341367 0.506807 0.120922 9.9982E-05 9.9982E-05
