0.853825 0.0547109 9.9973E-05 9.9973E-05 9.9973E-05 0.0911641
0.945781 9.9982E-05 9.9982E-05 0.00596605 0.0415358 0.00651701
0.824127 0.031324 0.144249 9.9973E-05 9.9973E-05 9.9973E-05
0.751172 0.0669467 0.0471964 9.9982E-05 9.9982E-05 0.134485
0.829486 0.0531248 0.0813077 9.9991E-05 0.0352778 0.000704152
0.631417 0.0405091 0.100708 9.9991E-05 0.218186 0.0090805
0.815539 0.0111552 9.9982E-05 9.9982E-05 0.138726 0.03438
0.730087 0.0139675 9.99894E-05 9.99894E-05 0.150982 0.104764
0.842422 9.9982E-05 9.9982E-05 0.0219353 0.0451562 0.090287
0.658955 0.0918716 0.0694236 9.9991E-05 0.146803 0.0328463
0.744692 9.9982E-05 0.0355867 9.9982E-05 0.11847 0.101051
9.99965E-05 0.110097 0.244328 0.214768 0.0063132 0.424394
9.999E-05 0.0789557 0.538817 0.0376106 0.0522025 0.292315
0.00221451 0.113431 0.20562 0.127813 0.115039 0.435884
0.0329331 0.14197 0.311224 0.142027 9.9991E-05 0.371746
0.159491 0.132942 0.347837 0.104232 0.0636779 0.191819
0.0573021 0.0811504 0.608792 0.0668092 0.0864959 0.0994506
0.00334001 0.0951437 0.438134 0.160941 0.0904529 0.211989
0.154941 0.0505107 0.373331 0.191731 9.9991E-05 0.229385
0.0434966 0.0604062 0.0140242 0.150036 0.130265 0.601771
9.999E-05 0.189253 0.268365 0.182371 0.0539026 0.306008
0.0335059 0.00697683 0.50545 0.0745476 0.274837 0.104683
0.0782068 0.00965659 0.647613 0.142719 0.0256777 0.0961267
0.0343026 0.120013 0.233117 0.228218 0.0198314 0.364518
0.122867 0.0383934 0.658022 9.9991E-05 0.0841889 0.0964288
0.0323566 0.113393 0.55399 0.0360717 9.9991E-05 0.264089
0.00198765 0.160083 0.119486 0.218601 0.0760805 0.423762
9.999E-05 0.171469 0.207507 0.108782 0.0776878 0.434456
0.0466181 0.0247105 0.234666 0.170796 0.119142 0.404067
0.84775 0.0391829 0.112767 9.9973E-05 9.9973E-05 9.9973E-05
0.847392 9.9964E-05 0.152208 9.9964E-05 9.9964E-05 9.9964E-05
0.806808 0.0273554 0.151833 9.9982E-05 0.0138036 9.9982E-05
0.742315 0.0870582 0.126227 0.0442006 9.9982E-05 9.9982E-05
0.0801363 0.00287233 0.494558 0.299038 0.00918323 0.114212
0.164606 0.0182685 0.49928 0.304873 9.9991E-05 0.0128717
0.0307376 0.0494731 0.467963 0.451626 9.9982E-05 9.9982E-05
0.119332 9.9991E-05 0.136888 0.107405 0.0473737 0.588901
0.0107584 0.0539328 0.234122 0.569094 0.131993 9.9991E-05
0.0924047 0.0514157 0.459854 0.370296 9.9991E-05 0.0259299
0.0205566 0.0381918 0.687124 0.189436 0.0645915 9.9991E-05
0.172327 9.9991E-05 0.575621 0.139093 0.057332 0.055526
0.101601 0.038105 0.619911 0.132767 9.9991E-05 0.107517
0.0474042 0.00634382 0.107259 0.69487 0.00091379 0.14321
0.0209233 0.0561919 0.608835 0.105849 0.140647 0.0675535
0.0346392 0.049 0.589068 0.21906 0.0610474 0.047185
0.0544287 0.143327 0.507632 0.105734 0.140428 0.0484504
0.0188835 9.9982E-05 0.311745 0.661595 0.00757618 9.9982E-05
0.0593021 0.0549373 0.61422 0.271341 9.9982E-05 9.9982E-05
0.0848572 0.149226 0.45653 0.252308 0.033763 0.023316
0.074189 9.9973E-05 9.9973E-05 0.668343 0.257168 9.9973E-05
9.9982E-05 9.9982E-05 0.185388 0.286325 0.124339 0.403748
0.00453791 9.9991E-05 0.0790561 0.33405 0.428875 0.153381
0.0912728 0.0421473 0.602855 0.0950877 0.0312265 0.13741
0.0364055 0.0165628 0.66439 0.0435855 0.0944347 0.144622
0.023483 0.0185417 0.677221 0.0296152 0.21243 0.0387091
0.0838444 0.0278109 0.164449 0.323217 0.092184 0.308495
9.9991E-05 0.0576768 0.576414 0.0334322 0.159313 0.173064
0.0888014 0.0198761 0.598477 9.9991E-05 0.111009 0.181736
0.123922 9.9991E-05 0.387904 0.232187 0.097968 0.157919
0.167976 0.0766846 0.0287495 0.183166 0.245622 0.297802
0.0315759 0.0937069 0.528925 0.1456 9.9991E-05 0.200093
0.0358466 0.0708247 0.405187 0.057549 0.15751 0.273083
0.0288942 9.9991E-05 0.06373 0.263223 0.169613 0.47444
0.00576134 0.0462159 0.488376 0.160802 0.0761836 0.222661
9.9991E-05 0.109925 0.531551 0.080229 0.103434 0.174761
0.0997871 9.9991E-05 0.562701 0.0540209 0.10963 0.173762
0.0755323 0.0443639 0.245971 0.244058 0.170952 0.219123
9.9991E-05 0.0157531 0.544455 0.170975 0.112617 0.1561
0.120741 0.0412181 0.589409 0.110276 0.00678046 0.131576
0.0131425 9.9991E-05 0.207098 0.205018 0.158711 0.415931
9.9973E-05 9.9973E-05 0.536168 0.38018 9.9973E-05 0.0833514
0.0399115 0.0250605 0.136825 0.756898 9.9991E-05 0.0412047
0.0888318 0.0536795 0.497616 0.199262 0.0723105 0.0882994
9.9964E-05 9.9964E-05 9.9964E-05 0.857336 0.142264 9.9964E-05
9.9964E-05 9.9964E-05 9.9964E-05 0.878484 0.121116 9.9964E-05
9.9982E-05 0.024135 0.268655 0.699564 9.9982E-05 0.00744662
0.0427351 9.9982E-05 0.469431 0.486636 9.9982E-05 0.000997299
0.0841072 0.0396871 0.605795 0.0519866 0.0918314 0.126593
9.9991E-05 0.0889414 0.383942 0.439853 0.0245151 0.0626484
0.0566711 0.030662 0.134653 0.611921 9.9991E-05 0.165993
0.0716717 0.0189845 0.202013 0.531143 9.9991E-05 0.176087
0.0693225 0.097181 0.434677 0.21987 0.010597 0.168352
0.00582069 0.0459961 0.257949 0.619135 9.9991E-05 0.0709989
0.074019 9.9973E-05 0.45338 0.472301 9.9973E-05 9.9973E-05
9.9973E-05 9.9973E-05 0.416542 0.514592 0.068566 9.9973E-05
9.9964E-05 9.9964E-05 9.9964E-05 0.721091 0.278509 9.9964E-05
0.025408 0.0390563 0.687465 0.183092 9.9991E-05 0.0648784
0.786864 0.09731 0.0378573 0.0418095 9.9991E-05 0.036059
0.90183 9.9964E-05 0.0977699 9.9964E-05 9.9964E-05 9.9964E-05
0.861872 0.0227129 0.115115 9.9973E-05 9.9973E-05 9.9973E-05
0.900716 0.0192721 0.0463937 0.0334178 9.9982E-05 9.9982E-05
0.869241 0.02856 0.0561944 0.0433992 0.0025051 9.9991E-05
0.88006 0.0439618 0.044666 0.0253352 0.00587673 9.9991E-05
0.901371 0.0464207 0.0519082 9.9973E-05 9.9973E-05 9.9973E-05
0.103058 0.157445 0.410236 0.209394 0.0530262 0.0668416
0.191389 9.9982E-05 0.519423 0.200102 9.9982E-05 0.0888865
0.0394171 9.9982E-05 0.0352917 0.819175 9.9982E-05 0.105916
0.0209808 0.0636303 0.537014 0.257259 9.9991E-05 0.121015
0.0466309 0.0205934 0.390635 0.457922 9.9991E-05 0.0841187
0.0649005 0.00653154 0.642221 0.27812 0.00812738 9.9991E-05
0.0627656 9.9982E-05 0.621396 0.194524 0.121114 9.9982E-05
0.031494 0.06825 0.439011 0.461045 9.9982E-05 9.9982E-05
0.0591767 9.9982E-05 9.9982E-05 0.755304 0.0040198 0.181299
0.169755 0.0620404 0.442835 0.226474 0.0122916 0.0866031
0.0654973 0.0371711 0.640094 0.141893 0.102673 0.0126708
0.0778394 0.0643924 0.602786 9.9991E-05 0.155397 0.0994852
9.9973E-05 9.9973E-05 0.286557 0.626456 0.0866871 9.9973E-05
0.0323221 9.9982E-05 0.589599 0.337456 0.0404234 9.9982E-05
0.010298 0.0427802 0.450609 0.455231 9.9991E-05 0.0409816
9.9973E-05 0.132236 0.249735 0.617729 9.9973E-05 9.9973E-05
0.0737849 9.9982E-05 0.43585 0.411381 9.9982E-05 0.0787837
0.1456 9.9982E-05 0.605755 0.171634 9.9982E-05 0.0768112
0.0130319 0.0869364 0.115202 0.248396 0.197107 0.339327
0.116288 0.10658 0.395602 0.00651251 9.9991E-05 0.374917
0.14483 0.0955973 0.459674 0.0850644 0.0455864 0.169247
0.0343665 0.068452 0.609685 0.0606394 0.121915 0.104942
0.00115014 0.002212 0.582524 0.0528733 0.0412327 0.320008
9.9991E-05 0.0446546 0.510239 0.0961885 0.0771194 0.271699
0.0157428 0.0794975 0.476216 0.0458056 9.9991E-05 0.382638
0.146157 9.9982E-05 0.508358 0.153725 9.9982E-05 0.19156
0.067607 0.103073 0.444306 0.100255 0.0464595 0.238299
0.0742387 9.9991E-05 0.619027 0.11395 0.101221 0.0914633
9.9982E-05 9.9982E-05 0.57662 0.123658 0.00505265 0.29447
0.0654794 0.0172902 0.661892 0.00548843 0.113029 0.13682
0.0873172 0.0111508 0.596263 0.0151172 0.0734975 0.216654
9.9982E-05 0.0913884 0.494603 0.127034 9.9982E-05 0.286775
0.0689918 0.0293383 0.58769 9.9991E-05 0.167587 0.146293
9.9991E-05 0.0394296 0.595391 0.0272485 0.100673 0.237158
0.0549076 9.9991E-05 0.397466 0.0440794 0.174625 0.328821
0.0454557 0.0600663 0.623735 0.100468 0.00615744 0.164117
9.9982E-05 0.0292974 0.67047 9.9982E-05 0.0610311 0.239002
9.9991E-05 0.0640361 0.252835 0.202569 0.0054911 0.474969
0.00087416 0.0550877 0.174749 0.185141 0.310885 0.273263
0.0271997 0.084847 0.498213 0.0772224 0.117467 0.195051
9.9991E-05 0.0522744 0.0625683 0.23125 0.342723 0.311084
0.0204696 0.0438168 0.24109 0.190772 0.0520074 0.451844
9.9982E-05 9.9982E-05 0.464542 0.170339 0.0548945 0.310024
0.00395664 9.9982E-05 0.288034 0.227288 9.9982E-05 0.480521
9.9982E-05 9.9982E-05 0.287722 0.257751 0.0717852 0.382542
0.104769 0.00209727 0.628744 0.0717584 0.0552256 0.137406
0.107316 0.068836 0.522205 0.10372 0.0201276 0.177795
0.0675129 0.0218412 0.507199 0.167388 0.0466884 0.189371
9.9991E-05 0.0901756 0.119484 0.166561 0.241951 0.381729
0.156151 0.0533103 0.555336 0.145896 0.0227328 0.0665745
0.0569196 0.0738656 0.523614 0.0889693 0.199986 0.056646
0.11939 9.9991E-05 0.0428566 0.133445 0.579045 0.125164
0.0656957 0.0307137 0.701192 0.0435738 0.158725 9.9991E-05
0.119455 9.9982E-05 0.415831 0.163691 0.300823 9.9982E-05
0.0146366 0.0918186 0.516996 9.9991E-05 0.24719 0.129258
0.119693 9.9991E-05 0.253239 0.133289 0.45237 0.0413096
0.0327264 9.9991E-05 0.21265 0.14804 0.453235 0.153248
0.0432554 9.9991E-05 0.487883 0.151602 0.187168 0.129991
0.0781865 0.0933095 0.463889 0.0532404 0.224921 0.0864528
0.129874 0.0921377 0.43264 0.0402193 0.163705 0.141423
0.0161858 0.197329 0.00548426 0.274777 0.423727 0.0824968
0.0764767 9.9982E-05 0.670636 0.0899476 0.162739 9.9982E-05
9.9982E-05 9.9982E-05 0.416327 0.131467 0.328072 0.123933
0.00139242 0.0131413 0.471808 0.161127 0.245457 0.107074
0.0565341 0.0678358 0.618864 9.9991E-05 0.148615 0.108051
0.316851 0.211693 0.207457 9.9991E-05 0.25267 0.0112287
0.512364 0.109641 9.9973E-05 9.9973E-05 0.377696 9.9973E-05
0.404423 0.135419 9.9973E-05 9.9973E-05 0.459859 9.9973E-05
0.354608 0.319944 0.115287 9.9982E-05 0.209961 9.9982E-05
9.9964E-05 9.9964E-05 0.734516 9.9964E-05 0.265084 9.9964E-05
0.0813304 0.0536976 0.567384 0.03978 0.167884 0.0899243
9.9973E-05 0.672057 0.289132 9.9973E-05 9.9973E-05 0.0385112
0.0137598 0.464353 0.273982 0.174438 9.9991E-05 0.0733667
0.0493414 0.432915 0.302326 0.0458862 0.067921 0.10161
9.9982E-05 9.9982E-05 0.35859 0.129106 0.508628 0.00347556
0.0651959 0.0159091 0.631894 0.0416131 0.126365 0.119023
9.9973E-05 9.9973E-05 0.260285 0.0743574 0.665057 9.9973E-05
9.9991E-05 0.0198119 0.614657 0.0838173 0.272823 0.00879094
0.00592093 9.9991E-05 0.547314 0.083328 0.293607 0.0697308
0.0702829 0.0115024 0.610505 0.105597 0.198868 0.00324538
9.9982E-05 9.9982E-05 0.25958 0.130686 0.594345 0.0151893
9.9991E-05 0.117379 0.587546 0.139919 0.0859783 0.0690773
0.00825118 0.098737 0.540408 0.0811615 0.18711 0.0843323
9.9973E-05 0.985158 9.9973E-05 0.0112898 0.00325216 9.9973E-05
9.9991E-05 0.902485 0.0513676 0.0217415 0.00463121 0.0196742
0.0829722 0.544087 0.271547 0.101193 9.9982E-05 9.9982E-05
0.0241502 0.638795 0.336755 9.9973E-05 9.9973E-05 9.9973E-05
9.9991E-05 0.877983 0.025834 0.0748989 0.0187981 0.0023864
9.996E-05 0.9995 9.996E-05 9.996E-05 9.996E-05 9.996E-05
9.9973E-05 0.99533 9.9973E-05 9.9973E-05 0.00118026 0.00318996
9.9964E-05 0.862662 0.136938 9.9964E-05 9.9964E-05 9.9964E-05
9.9964E-05 0.989478 9.9964E-05 9.9964E-05 9.9964E-05 0.010122
9.996E-05 0.9995 9.996E-05 9.996E-05 9.996E-05 9.996E-05
9.996E-05 0.9995 9.996E-05 9.996E-05 9.996E-05 9.996E-05
0.0424311 0.727839 0.169856 9.9991E-05 0.00512496 0.0546486
0.0545484 0.797494 0.147658 9.9973E-05 9.9973E-05 9.9973E-05
9.9964E-05 0.95822 9.9964E-05 0.0413804 9.9964E-05 9.9964E-05
0.0701618 0.362045 0.422193 0.0315202 0.0191407 0.0949396
0.0503891 0.662477 0.206492 0.0282351 0.00312341 0.0492826
0.000213975 0.739725 0.213684 9.9991E-05 0.0327223 0.0135546
0.0174319 0.876898 0.0800964 9.9982E-05 9.9982E-05 0.0253735
0.00229802 0.997302 9.9964E-05 9.9964E-05 9.9964E-05 9.9964E-05
0.0213076 0.878899 0.0674637 9.9982E-05 0.03213 9.9982E-05
0.0321537 0.967446 9.9964E-05 9.9964E-05 9.9964E-05 9.9964E-05
0.0784866 0.607587 0.24872 9.9982E-05 9.9982E-05 0.0650069
0.00708764 0.920362 0.0184271 0.0267781 9.9991E-05 0.0272449
0.307979 0.0270871 9.9982E-05 0.0508565 0.613878 9.9982E-05
0.188807 0.0378357 0.474527 9.9991E-05 0.242465 0.056265
0.212099 0.0622921 0.426673 9.9991E-05 0.268649 0.0301863
0.224972 0.0980877 0.237485 9.9982E-05 0.439255 9.9982E-05
0.158127 0.154352 0.381617 0.0288574 0.200401 0.0766463
0.261085 0.093606 0.219541 0.04632 0.379348 9.9991E-05
0.111413 0.148275 0.416983 0.0531662 0.172225 0.0979381
0.128614 0.144631 0.327388 0.0105182 0.38875 9.9991E-05
0.153483 0.0985768 0.54157 9.9991E-05 0.180915 0.0253559
0.0966049 0.223164 0.255278 9.9982E-05 0.424753 9.9982E-05
0.202373 0.0630641 0.539244 9.9982E-05 0.195119 9.9982E-05
0.852609 9.9991E-05 0.0451832 0.0196698 0.0201459 0.0622921
0.90001 0.0623552 9.9973E-05 0.0373347 9.9973E-05 9.9973E-05
0.949242 9.9964E-05 9.9964E-05 0.0503586 9.9964E-05 9.9964E-05
0.944164 9.9973E-05 0.024361 9.9973E-05 9.9973E-05 0.0311749
0.892158 0.00117841 0.0578929 9.9982E-05 9.9982E-05 0.0485705
0.910547 0.0794223 9.9973E-05 9.9973E-05 0.00973059 9.9973E-05
0.849949 0.121297 0.0284537 9.9973E-05 9.9973E-05 9.9973E-05
0.869774 0.00625599 9.9982E-05 0.0409513 0.082819 9.9982E-05
0.90791 0.00141961 0.0596967 0.030774 9.9982E-05 9.9982E-05
0.836706 0.117603 0.0312157 9.9982E-05 0.0142752 9.9982E-05
0.596246 0.00495333 9.9982E-05 0.131152 9.9982E-05 0.267449
0.577599 0.0416259 9.9982E-05 0.0549598 9.9982E-05 0.325615
0.501336 9.9982E-05 9.9982E-05 0.0564077 0.158007 0.28405
0.49229 9.9982E-05 9.9982E-05 0.138093 0.0662957 0.303121
0.0965388 0.0147708 0.499171 0.255517 9.9991E-05 0.133903
0.019635 0.0397258 0.49332 0.352096 0.0429382 0.0522853
0.0426214 0.0460864 0.490678 0.225537 9.9991E-05 0.194977
0.0722081 9.9991E-05 0.451898 0.223806 0.0577524 0.194235
9.9982E-05 0.0233637 0.161722 0.230346 9.9982E-05 0.584368
0.0359245 0.0524765 0.653399 0.185689 0.0230954 0.0494152
9.9973E-05 9.9973E-05 0.602493 0.297703 9.9973E-05 0.0995048
9.9991E-05 0.0721637 0.445685 0.309077 0.0415418 0.131432
9.9982E-05 0.0782332 0.34309 0.544535 0.033942 9.9982E-05
0.0577581 0.0144552 0.627196 0.202895 9.9991E-05 0.097595
0.0254165 9.9991E-05 0.391318 0.463893 0.00315499 0.116118
9.9973E-05 9.9973E-05 9.9973E-05 0.817921 0.135265 0.0465146
0.08489 0.0153681 0.444328 0.21694 0.116756 0.121718
0.00203128 9.9991E-05 0.201229 0.546899 0.194381 0.0553593
0.0712431 0.0205976 0.477445 0.379025 0.0201118 0.0315772
0.0376313 9.9982E-05 0.00802286 0.764758 9.9982E-05 0.189388
0.14015 9.9973E-05 9.9973E-05 9.9973E-05 0.114375 0.745175
0.102644 9.9982E-05 0.071798 9.9982E-05 0.146031 0.679328
0.0228804 9.9973E-05 9.9973E-05 9.9973E-05 0.0920887 0.884731
0.111603 9.9982E-05 9.9982E-05 0.0198361 0.0860762 0.782285
9.9973E-05 0.0554437 9.9973E-05 9.9973E-05 0.0720271 0.872229
0.0390203 0.0752375 0.0561786 9.9991E-05 0.0420404 0.787423
0.87852 0.0107051 0.110475 9.9973E-05 9.9973E-05 9.9973E-05
0.805629 0.0689316 0.0435802 9.9982E-05 9.9982E-05 0.0816595
0.782131 0.0969092 0.12066 9.9973E-05 9.9973E-05 9.9973E-05
0.730461 0.129215 0.013176 9.9982E-05 9.9982E-05 0.126949
0.769139 0.0874792 0.0275861 0.010721 9.9991E-05 0.104975
0.40677 9.9982E-05 9.9982E-05 0.00663005 0.0494828 0.536917
0.48718 9.9982E-05 9.9982E-05 0.0543634 0.0741343 0.384123
0.437139 0.0115497 9.9982E-05 0.110502 9.9982E-05 0.440609
0.803361 0.0202364 0.164185 9.9982E-05 9.9982E-05 0.0120173
0.403911 9.9973E-05 9.9973E-05 0.121666 9.9973E-05 0.474124
0.233104 0.339095 0.301027 9.9982E-05 0.126574 9.9982E-05
0.0688712 0.195246 0.534992 0.115554 9.9991E-05 0.085237
0.166111 0.288026 0.52732 9.9982E-05 9.9982E-05 0.0183434
0.200325 0.216177 0.355191 0.022184 0.206023 9.9991E-05
0.229093 0.00777945 0.672408 9.9982E-05 0.0905203 9.9982E-05
0.412084 0.303373 9.9973E-05 9.9973E-05 0.284243 9.9973E-05
9.9982E-05 9.9982E-05 0.458576 0.0921578 0.1095 0.339567
9.9982E-05 9.9982E-05 0.320665 0.182503 0.200682 0.29595
0.0795293 9.9991E-05 0.305618 0.0743296 0.0318499 0.508574
9.9991E-05 0.00956731 0.47299 0.205303 0.174679 0.13736
9.9973E-05 9.9973E-05 9.9973E-05 0.265746 0.533189 0.200764
0.0453267 0.0788127 0.578847 0.0172442 0.104653 0.175116
0.0663789 0.0102679 0.490129 0.102013 0.108191 0.223021
0.063046 9.9991E-05 0.308389 0.159395 0.0566003 0.41247
0.0632353 0.0448151 0.567171 9.9991E-05 0.127789 0.196889
9.9982E-05 9.9982E-05 0.127407 0.260848 0.359311 0.252234
9.9991E-05 0.0410129 0.450311 0.0472749 0.310789 0.150513
0.00320625 0.00379003 0.534993 0.152833 0.0439068 0.261271
0.159023 0.190493 0.363369 0.127346 0.0755665 0.0842031
9.9982E-05 9.9982E-05 0.44165 0.0467988 0.269526 0.241825
0.0417273 0.0548334 0.439061 0.104873 0.127004 0.232501
0.00649999 0.114005 0.469563 0.0849975 0.188916 0.136018
9.9982E-05 9.9982E-05 0.569581 0.193624 0.0335988 0.202997
0.00779889 0.0898081 0.56197 0.150431 0.0187539 0.171238
0.0255571 0.113492 0.485283 0.129433 0.034391 0.211843
0.0731626 9.9991E-05 0.641899 0.0647038 0.0642808 0.155854
0.764669 0.0795848 0.155447 9.9973E-05 9.9973E-05 9.9973E-05
0.838237 9.9982E-05 0.10795 0.0334326 0.0201805 9.9982E-05
0.760223 9.9982E-05 0.0843762 9.9982E-05 0.108756 0.0464442
0.816978 0.0620998 0.0134854 0.107133 9.9991E-05 0.000204751
0.816478 0.0252262 0.157996 9.9973E-05 9.9973E-05 9.9973E-05
9.9991E-05 0.0462515 0.216898 0.10676 0.0627253 0.567265
0.0724209 0.0366245 0.426768 0.142829 0.0827149 0.238643
0.279676 0.0977375 0.429111 0.0324142 0.160961 9.9991E-05
0.0187877 0.0598724 0.695291 0.0905359 0.012156 0.123356
0.00382378 0.0689145 0.500666 0.113205 9.9991E-05 0.313291
9.9991E-05 0.0495623 0.280111 0.00716744 0.270956 0.392103
0.119396 9.9982E-05 9.9982E-05 0.1038 0.178905 0.597699
0.0362722 0.00950956 0.544764 0.0821696 0.0196226 0.307662
0.0469107 0.085507 0.0885728 0.161538 0.0677328 0.549739
9.9991E-05 0.0700856 0.45463 0.0830479 0.171334 0.220802
0.133037 0.0500903 0.0464579 0.208385 0.0365245 0.525505
0.0949008 9.9982E-05 0.642351 9.9982E-05 0.0229632 0.239585
0.0707204 0.00107545 0.18803 0.187413 0.0615614 0.4912
0.0466595 0.0814582 0.275191 0.133974 0.190193 0.272524
0.0638057 0.0101676 0.526156 0.0222676 0.215107 0.162497
9.9982E-05 9.9982E-05 0.335894 0.00618959 0.494233 0.163484
0.136928 9.9991E-05 0.631076 0.0917399 0.103865 0.0362918
0.0520186 0.0975451 0.510068 0.0679548 0.169635 0.102779
9.9982E-05 9.9982E-05 0.384359 0.0704782 0.477336 0.067627
0.0442973 0.0619728 0.465058 0.0683871 0.198502 0.161783
0.0379317 9.9991E-05 0.602568 0.000318131 0.306003 0.0530798
9.9982E-05 9.9982E-05 0.12104 0.136012 0.625972 0.116776
9.9973E-05 9.9973E-05 0.32556 0.00409662 0.670043 9.9973E-05
9.9973E-05 9.9973E-05 0.511052 9.9973E-05 0.389107 0.0995415
9.9982E-05 9.9982E-05 0.207495 0.10199 0.547571 0.142744
9.9982E-05 9.9982E-05 0.531879 0.0216328 0.288421 0.157867
0.00389737 0.0454945 0.0879001 0.217438 0.0487366 0.596533
9.9991E-05 0.0330643 0.285047 0.151564 0.226212 0.304013
9.9982E-05 0.105446 0.315651 0.134431 9.9982E-05 0.444272
0.0242134 0.111801 0.618695 0.0372872 0.029672 0.178331
9.9991E-05 0.00776543 0.231374 0.251857 0.0443502 0.464553
0.0720958 0.073412 0.561663 0.0743507 0.099124 0.119355
0.0412091 0.106904 0.55064 0.00110116 0.00681204 0.293333
0.0396604 0.070509 0.405146 0.137034 0.0900416 0.257609
9.9991E-05 0.111502 0.456916 0.0822668 0.0593687 0.289847
0.0522329 0.0218402 0.455742 0.131238 9.9991E-05 0.338847
9.9982E-05 0.156176 0.0755025 0.244978 9.9982E-05 0.523144
0.00822932 0.111369 0.314818 0.134291 0.0454348 0.385857
9.9982E-05 9.9982E-05 0.642965 0.106468 0.08767 0.162697
0.0550714 9.9991E-05 0.641076 0.0139405 0.123976 0.165836
0.0446202 0.0655008 0.413805 0.0450954 0.218222 0.212756
9.9991E-05 0.106153 0.501896 0.0460186 0.109249 0.236583
9.9991E-05 0.109993 0.366332 0.0486439 0.0818604 0.39307
9.9991E-05 0.0686465 0.636945 0.0339518 0.0325873 0.22777
0.0310165 0.106865 0.546663 0.0350286 0.00880686 0.271621
0.0638485 0.0901267 0.501045 0.138763 0.0489571 0.157259
0.405508 0.0977874 0.391836 0.104669 9.9982E-05 9.9982E-05
0.15718 0.25423 0.467315 0.0847133 0.0287685 0.00779311
0.136738 0.134905 0.565249 0.0260413 0.0518202 0.0852468
0.0463305 0.109308 0.6063 0.0545117 0.0436714 0.139878
0.210015 0.194836 0.530846 0.0464513 0.0177515 9.9991E-05
9.9982E-05 9.9982E-05 0.526339 0.0301435 0.214619 0.228699
0.194864 0.109528 0.485388 0.0510156 0.0911653 0.0680387
0.277195 0.127936 0.0466464 0.0583165 0.489806 9.9991E-05
0.117102 0.166778 0.45165 0.0127056 0.156975 0.0947893
0.0847736 0.143705 0.572948 0.0423284 0.129953 0.0262922
0.0981703 0.2618 0.396428 0.036962 0.0462991 0.16034
0.212066 0.0933286 0.26564 0.239162 0.189703 9.9991E-05
0.181364 0.0776394 0.538817 0.0534883 0.148591 9.9991E-05
0.149308 0.149965 0.544696 9.9991E-05 0.150894 0.0050368
0.438642 0.195483 9.9973E-05 9.9973E-05 0.365575 9.9973E-05
0.211435 0.195942 0.455599 0.0254213 0.0803164 0.0312863
0.154826 0.194835 0.562631 9.9982E-05 0.0875085 9.9982E-05
0.107576 0.114313 0.508268 0.147526 0.122216 9.9991E-05
0.19887 0.180121 0.551633 9.9982E-05 0.0691771 9.9982E-05
0.159215 0.144759 0.5042 0.0727433 0.0966794 0.0224034
0.0435965 0.00525342 0.479464 0.233464 0.134587 0.103635
0.149425 0.0990425 0.499531 0.0301294 0.120861 0.101011
9.9982E-05 9.9982E-05 0.0134551 0.422939 0.431916 0.131489
9.9982E-05 9.9982E-05 0.030621 0.326607 0.505809 0.136763
0.0388085 0.057825 0.438598 0.253032 0.0771334 0.134603
0.0753848 0.361628 0.376349 9.9991E-05 0.152307 0.0342308
0.0587941 0.38949 0.264594 0.0298974 0.257124 9.9991E-05
0.159881 0.341228 0.133311 0.0719803 0.2935 9.9991E-05
0.126711 0.348314 0.3114 0.00563431 0.206237 0.00170413
0.0228331 0.118492 0.176906 0.0893592 0.589262 0.0031474
0.0589637 0.0959085 0.17892 0.159478 0.50663 9.9991E-05
0.00994328 0.158999 0.503569 0.0850455 0.20709 0.0353536
0.0382679 0.127229 0.45402 0.181136 0.199247 9.9991E-05
0.00630581 0.161096 0.207237 0.202853 0.416853 0.00565513
0.0290686 0.18287 0.436423 0.0629713 0.126185 0.162483
9.9982E-05 0.165842 0.513745 0.160521 0.159692 9.9982E-05
0.00612534 0.215732 0.307024 0.28738 0.0991468 0.0845924
9.9982E-05 9.9982E-05 0.331706 0.277274 0.339601 0.0512198
9.9991E-05 0.10222 0.27362 0.224912 0.337853 0.061295
0.022213 0.0132191 0.495372 0.172769 0.186128 0.110299
0.0102272 0.0296259 0.445147 0.0913958 0.255557 0.168047
0.103366 0.0217677 0.445145 0.0659113 0.254754 0.109057
9.9982E-05 9.9982E-05 0.507902 0.0702545 0.367653 0.0539908
9.9982E-05 9.9982E-05 0.281322 0.192673 0.423779 0.102026
0.00125992 0.0266961 0.556074 0.199655 0.216215 9.9991E-05
9.9982E-05 9.9982E-05 0.232096 0.346955 0.337232 0.0835174
9.9982E-05 9.9982E-05 0.500508 0.203916 0.271545 0.0238311
0.0604947 0.0411489 0.591187 0.0646073 0.195788 0.0467735
0.0631914 9.9991E-05 0.512608 0.224534 0.177313 0.0222544
0.188971 0.210115 0.373811 0.132192 0.0754263 0.019485
0.083707 0.124211 0.383265 0.145143 0.198698 0.0649759
0.136976 0.240884 0.306233 0.0859264 0.153325 0.0766553
0.15109 0.207465 0.315718 0.00908141 0.161228 0.155417
0.150746 0.173646 0.462853 0.124016 0.0486776 0.0400612
0.106521 0.220977 0.42242 0.00862453 0.229575 0.0118821
0.143483 0.183076 9.9982E-05 0.180609 0.492632 9.9982E-05
0.0898939 0.181636 0.586334 9.9991E-05 0.0862804 0.0557555
0.327163 0.147968 9.9973E-05 9.9973E-05 0.524569 9.9973E-05
0.029876 0.209638 0.476354 0.111814 0.169587 0.00273133
9.9973E-05 9.9973E-05 0.108963 0.438711 0.452025 9.9973E-05
9.9973E-05 9.9973E-05 9.9973E-05 0.546944 0.415333 0.0374229
9.9973E-05 9.9973E-05 0.477913 0.239966 0.281821 9.9973E-05
0.040556 0.0124116 0.610375 0.197562 0.138995 9.9991E-05
9.9982E-05 9.9982E-05 0.451353 0.278505 0.267272 0.0026703
0.035322 0.0418286 0.48569 0.287904 0.0792777 0.0699778
9.9982E-05 9.9982E-05 0.586193 0.143047 0.235093 0.0354677
0.777242 0.0701747 0.0355459 0.0924419 0.0244959 9.9991E-05
0.700182 0.105628 9.9982E-05 0.00285428 9.9982E-05 0.191137
0.901769 0.0728619 9.9973E-05 9.9973E-05 9.9973E-05 0.0250691
0.906316 9.9973E-05 0.0345233 9.9973E-05 0.0588611 9.9973E-05
0.00735345 0.069975 0.448799 0.364168 0.109604 9.9991E-05
0.0246917 0.0585564 0.487525 0.372865 9.9991E-05 0.0562615
0.0177494 9.9973E-05 0.474567 0.507384 9.9973E-05 9.9973E-05
0.134325 9.9982E-05 0.609142 0.217683 9.9982E-05 0.0386503
0.070339 0.0836359 0.504261 0.135593 0.112418 0.0937525
0.0229117 9.9991E-05 0.217 0.583439 0.0545983 0.121951
0.0123524 0.0605008 0.53768 0.389267 9.9982E-05 9.9982E-05
0.0494648 9.9982E-05 0.342514 0.495736 0.112085 9.9982E-05
0.260606 0.205615 0.399611 0.0688158 0.00723419 0.0581172
9.9991E-05 0.042537 0.411887 0.389832 0.120266 0.0353779
0.0195082 9.9982E-05 0.306069 0.559506 9.9982E-05 0.114716
9.9973E-05 9.9973E-05 0.57222 0.371377 9.9973E-05 0.0561029
0.00813504 9.9982E-05 0.39555 0.559064 9.9982E-05 0.0370514
0.0144075 9.9991E-05 0.497262 0.45588 0.0182852 0.0140651
0.106677 9.9973E-05 0.528661 0.364361 9.9973E-05 9.9973E-05
9.9964E-05 9.9964E-05 0.0682672 0.931333 9.9964E-05 9.9964E-05
0.0614195 0.0502418 0.166664 0.574634 0.146941 9.9991E-05
9.9991E-05 0.00460032 0.303644 0.530191 0.033439 0.128025
9.9964E-05 9.9964E-05 9.9964E-05 0.768568 0.231032 9.9964E-05
0.0867643 9.9982E-05 0.383969 0.43311 9.9982E-05 0.0959565
9.9973E-05 9.9973E-05 0.0915384 0.554378 0.353784 9.9973E-05
9.9964E-05 9.9964E-05 9.9964E-05 0.686858 0.312742 9.9964E-05
0.0357166 0.024934 0.56278 0.360414 0.00443374 0.0117221
0.0614687 0.0391832 0.195084 0.600345 9.9991E-05 0.103819
9.9991E-05 0.0319445 0.440745 0.332997 0.0882623 0.105951
0.175176 0.0564026 0.441252 0.252223 0.0540632 0.0208831
0.0354496 0.047816 0.466925 0.289947 9.9991E-05 0.159763
9.9991E-05 0.0709703 0.314242 0.04886 0.252683 0.313145
9.9982E-05 0.0704195 0.483244 0.38156 9.9982E-05 0.0645761
9.9982E-05 0.003927 0.550803 0.276378 9.9982E-05 0.168693
0.017994 9.9982E-05 0.331313 0.601415 0.0490783 9.9982E-05
0.0513261 0.0859974 0.492697 0.369298 0.000581127 9.9991E-05
0.615857 9.9982E-05 0.0167425 9.9982E-05 0.0474216 0.319779
0.765264 9.9991E-05 0.0160387 0.0986901 0.0299786 0.0899292
0.814204 9.9973E-05 9.9973E-05 9.9973E-05 0.0565629 0.128934
0.812889 9.9982E-05 9.9982E-05 0.0492921 0.0341219 0.103497
0.744403 9.9982E-05 0.0315909 9.9982E-05 0.0243252 0.199481
0.00870388 0.0778148 0.0267247 0.786277 9.9991E-05 0.10038
0.0910236 9.9991E-05 0.0666515 0.670433 0.00623978 0.165552
9.9982E-05 0.00103252 0.125888 0.809892 0.0629871 9.9982E-05
0.0999521 0.00941624 0.591941 0.240356 0.0582349 9.9991E-05
0.199208 0.0297151 0.665111 0.105766 9.9982E-05 9.9982E-05
0.0849734 9.9982E-05 0.269057 0.586882 0.0588877 9.9982E-05
9.9991E-05 0.112487 0.542226 0.32898 0.00766276 0.00854406
0.0769673 0.0309447 0.364629 0.467089 0.0602701 9.9991E-05
9.9982E-05 0.00244242 0.615508 0.362756 0.0190929 9.9982E-05
0.00330641 0.0413354 0.524064 0.268517 0.0611666 0.101611
9.9982E-05 0.100944 0.164103 0.649917 9.9982E-05 0.0848365
9.9973E-05 9.9973E-05 0.364304 0.622018 9.9973E-05 0.0133787
0.00189642 9.9982E-05 0.303428 0.507744 9.9982E-05 0.186731
0.0651319 9.9991E-05 0.649003 0.0404409 0.158069 0.0872553
0.0228215 9.9982E-05 0.38842 0.545203 9.9982E-05 0.0433552
9.9991E-05 0.0781248 0.368233 0.447826 0.0198091 0.0859072
0.0123379 0.492325 0.328489 9.9991E-05 0.0977908 0.0689564
0.11163 0.440324 0.362257 9.9982E-05 0.0855878 9.9982E-05
0.10675 0.388121 0.465759 9.9982E-05 0.0391712 9.9982E-05
0.135917 0.417233 0.394307 9.9982E-05 0.0523426 9.9982E-05
0.155345 0.297613 0.434394 0.0125082 9.9991E-05 0.10004
0.0414828 0.0762023 0.460264 0.295029 0.126922 9.9991E-05
0.268624 0.671584 0.0032268 9.9982E-05 0.0563658 9.9982E-05
0.252491 0.43078 0.31643 9.9973E-05 9.9973E-05 9.9973E-05
0.119933 0.168871 0.484384 0.00302314 0.223688 9.9991E-05
0.137764 9.9982E-05 0.635236 0.00434805 0.222452 9.9982E-05
0.100599 0.0235193 0.474579 9.9991E-05 0.336583 0.0646196
0.117368 0.0465234 0.579803 9.9991E-05 0.0808072 0.175398
0.0969812 0.0245946 0.576602 0.149592 0.13869 0.01354
0.23717 0.421847 0.340683 9.9973E-05 9.9973E-05 9.9973E-05
0.0733044 0.410083 0.389623 9.9991E-05 0.00603765 0.120852
0.0671053 0.501562 0.395554 9.9982E-05 0.0355795 9.9982E-05
0.0808527 0.354189 0.407824 0.0464469 0.0516708 0.0590167
0.157892 0.49954 0.286265 0.0511775 9.9991E-05 0.00502562
0.0934184 0.392895 0.382694 0.0488677 0.0820246 9.9991E-05
0.142333 0.55467 0.226004 0.0196032 0.0572893 9.9991E-05
0.115865 0.361978 0.422989 0.0351633 0.0217522 0.0422525
0.0616419 9.9991E-05 0.546686 0.054709 0.274985 0.0618788
0.120333 0.37011 0.343053 0.0654541 9.9991E-05 0.10095
0.1637 0.610713 0.187593 9.9991E-05 0.0368578 0.00103548
0.130875 0.425777 0.262615 0.0878607 0.0232327 0.0696395
0.151263 9.9991E-05 0.201037 0.134188 0.256179 0.257233
9.9991E-05 0.0699769 0.545718 0.0294371 0.275762 0.0790061
0.122291 0.31034 0.334803 0.0090911 0.106217 0.117258
0.0998095 0.0214328 0.575671 9.9991E-05 0.177671 0.125316
0.139897 9.9991E-05 0.492829 0.0980913 0.230909 0.0381738
0.157289 0.281789 0.398513 0.0821082 0.0622613 0.0180402
0.238761 0.306676 0.324674 0.0586248 0.0711646 9.9991E-05
0.0983666 0.121713 0.599131 0.0372636 0.142144 0.00138172
0.15956 0.391735 0.402247 0.0356123 0.0107457 9.9991E-05
0.0461464 0.503276 0.308923 0.0292847 0.11227 9.9991E-05
0.219579 0.589061 0.164678 9.9982E-05 0.0264813 9.9982E-05
0.13238 0.0929196 0.600758 0.040521 0.133322 9.9991E-05
0.120926 9.9991E-05 0.527688 0.0509522 0.176797 0.123536
0.0902691 9.9991E-05 0.254824 0.0581187 0.57735 0.019338
0.15751 0.0706317 0.576942 0.0173243 0.104753 0.0728388
0.0832095 9.9991E-05 0.464233 0.156105 0.103579 0.192774
0.201402 0.122185 0.479382 0.0306308 0.118317 0.0480839
0.0506655 0.119224 0.461062 0.0650403 0.201383 0.102625
0.256689 0.167539 9.9973E-05 9.9973E-05 0.575472 9.9973E-05
0.29378 0.090584 9.9973E-05 9.9973E-05 0.615336 9.9973E-05
0.12488 0.117533 0.30624 9.9991E-05 0.393711 0.0575357
0.27564 0.203013 0.0555386 9.9982E-05 0.465608 9.9982E-05
0.417249 0.167484 9.9973E-05 9.9973E-05 0.414967 9.9973E-05
0.127091 0.0965153 0.335213 0.106261 0.33482 9.9991E-05
0.138317 0.240474 0.27883 0.117457 0.208092 0.0168301
0.219309 0.178156 0.196459 0.00679924 0.388218 0.0110599
0.305004 0.100014 0.0943511 9.9982E-05 0.500431 9.9982E-05
0.121553 0.0870676 0.492297 0.0415734 0.170171 0.0873375
0.193526 0.0771006 0.208193 0.0536637 0.467416 9.9991E-05
0.388824 0.0510012 9.9973E-05 9.9973E-05 0.559875 9.9973E-05
0.131863 0.100356 0.662551 9.9991E-05 0.0662833 0.0388469
0.140032 0.256969 0.290237 0.038675 0.257745 0.0163425
0.351835 0.146579 0.370537 0.0934635 9.9991E-05 0.0374858
0.198656 0.272097 0.528947 9.9973E-05 9.9973E-05 9.9973E-05
0.296733 0.0694907 0.575017 9.9982E-05 0.0585588 9.9982E-05
0.129094 0.209704 0.486127 0.0363554 0.13862 9.9991E-05
0.336979 0.266046 0.308117 9.9991E-05 0.0805723 0.00818603
0.244159 0.159003 0.578293 9.9982E-05 9.9982E-05 0.0183438
0.215676 0.29929 0.390662 0.00422505 0.00762426 0.0825231
0.288095 0.238585 0.326098 0.0441529 0.102969 9.9991E-05
0.192636 0.176107 0.243165 0.276442 0.0967746 0.0148765
0.189062 0.0878315 0.508448 0.139618 0.0291644 0.0458764
0.166468 0.163953 0.519609 0.071154 0.0787164 9.9991E-05
0.129904 0.100617 0.556675 0.205084 0.00761882 9.9991E-05
0.291118 0.160994 0.419307 9.9991E-05 0.0868 0.0416801
0.199244 0.189231 0.444414 0.0823681 0.0846416 9.9991E-05
0.344463 0.237829 0.161483 9.9982E-05 0.256025 9.9982E-05
0.135998 0.220287 0.549069 0.024808 9.9991E-05 0.0697382
0.251877 0.307463 0.209354 0.013583 0.217623 9.9991E-05
0.783839 0.0196104 9.9991E-05 0.0304449 0.0448028 0.121202
0.129624 9.9991E-05 0.0990837 0.0100625 0.000868065 0.760261
0.0201935 9.9964E-05 9.9964E-05 9.9964E-05 9.9964E-05 0.979407
0.0118682 9.9964E-05 9.9964E-05 9.9964E-05 9.9964E-05 0.987732
9.9964E-05 9.9964E-05 0.0426157 9.9964E-05 9.9964E-05 0.956984
0.00378855 0.0204235 9.9973E-05 9.9973E-05 9.9973E-05 0.975488
9.9964E-05 9.9964E-05 0.133413 9.9964E-05 9.9964E-05 0.866187
0.0287267 9.9964E-05 9.9964E-05 9.9964E-05 9.9964E-05 0.970873
0.196073 9.9964E-05 9.9964E-05 9.9964E-05 9.9964E-05 0.803528
0.879593 0.0479025 9.9982E-05 0.0589763 9.9982E-05 0.0133282
0.821784 0.0117993 0.0631174 9.9982E-05 9.9982E-05 0.1031
0.850179 0.051375 0.0505614 0.0465846 0.0012001 9.9991E-05
0.815919 0.00794541 0.0349009 9.9991E-05 0.0183268 0.122808
0.90316 0.0448038 0.0187343 0.0168154 9.9991E-05 0.0163869
0.888143 9.9982E-05 9.9982E-05 0.0809537 0.0299347 0.000768154
0.740696 0.178141 0.00640868 9.9991E-05 0.0130793 0.0615754
0.868919 0.085621 0.0299726 0.015287 9.9982E-05 9.9982E-05
0.703616 0.099245 0.0507782 0.00326765 9.9991E-05 0.142993
0.890854 0.101628 0.00721864 9.9973E-05 9.9973E-05 9.9973E-05
0.953031 9.9973E-05 9.9973E-05 9.9973E-05 0.0195829 0.0270864
0.830866 0.0697121 0.0113346 0.012922 0.0475422 0.0276234
0.924252 9.9973E-05 0.0485108 9.9973E-05 9.9973E-05 0.0269377
0.895701 0.0347347 0.0448194 9.9982E-05 0.024545 9.9982E-05
0.84909 0.0978037 0.0163284 0.0365782 9.9982E-05 9.9982E-05
0.825067 0.0271123 0.147521 9.9973E-05 9.9973E-05 9.9973E-05
0.776015 0.0995741 0.124111 9.9973E-05 9.9973E-05 9.9973E-05
0.797883 0.0888979 0.112919 9.9973E-05 9.9973E-05 9.9973E-05
0.815543 0.0876214 0.0965353 9.9973E-05 9.9973E-05 9.9973E-05
0.156879 9.9991E-05 0.438932 0.0395906 0.269153 0.0953454
0.075125 9.9991E-05 0.684902 0.126596 0.0669049 0.0463712
0.155996 0.0277655 0.621804 0.0288377 0.123103 0.0424938
0.0403683 9.9991E-05 0.157142 0.0988205 0.666447 0.0371221
0.144066 9.9982E-05 0.567078 9.9982E-05 0.196635 0.092021
0.110843 9.9973E-05 0.171457 9.9973E-05 0.7174 9.9973E-05
0.0603219 0.0290918 0.625924 9.9982E-05 0.284462 9.9982E-05
0.0521371 9.9991E-05 0.517498 0.0703074 0.188395 0.171563
0.084431 9.9991E-05 0.554066 0.0378954 0.239195 0.0843124
0.022835 0.00582888 0.538162 0.33959 0.0588927 0.034692
0.0507034 9.9982E-05 0.441089 9.9982E-05 0.278461 0.229547
0.0477973 9.9991E-05 0.662657 0.0556459 0.204455 0.0293449
0.0356481 9.9982E-05 0.546861 9.9982E-05 0.218494 0.198797
9.9991E-05 0.042679 0.070588 0.170311 0.216225 0.500096
9.9973E-05 9.9973E-05 9.9973E-05 0.00265523 0.888908 0.108137
0.0108738 0.0062982 0.192567 9.9991E-05 0.695953 0.0942083
0.143459 0.0451509 0.633548 9.9991E-05 0.0855918 0.0921501
0.070789 9.9991E-05 0.567747 0.123331 0.20443 0.0336033
0.134038 9.9973E-05 0.562244 9.9973E-05 0.303418 9.9973E-05
0.0573089 0.0338731 0.647933 0.116748 0.144037 9.9991E-05
0.180878 0.161312 0.543995 9.9982E-05 0.113614 9.9982E-05
0.191475 0.093753 0.601938 9.9982E-05 9.9982E-05 0.112634
0.361568 0.158494 0.135325 0.0869778 0.120182 0.137453
0.131204 0.0351374 0.629724 0.0240674 0.0622722 0.117595
0.318133 0.105509 0.423955 0.0817219 0.00794564 0.0627351
0.404306 0.164432 9.9982E-05 0.00771524 0.423346 9.9982E-05
0.244126 0.215051 0.312115 9.9982E-05 0.228508 9.9982E-05
0.346628 0.197128 0.293674 0.0732062 0.0423264 0.0470373
0.322914 0.0972699 0.391962 0.0941657 9.9991E-05 0.0935887
0.111041 0.225601 0.481112 9.9991E-05 0.0908987 0.0912463
0.178153 0.254665 0.431191 0.0841762 0.0487603 0.00305353
0.171965 0.162824 0.570752 0.066098 0.0282612 9.9991E-05
0.116647 0.187989 0.504412 9.9982E-05 0.190752 9.9982E-05
0.469375 0.162901 0.272499 0.0717644 0.0233608 9.9991E-05
