9.9982E-05 0.0779367 9.9982E-05 0.0300704 0.00626079 0.885532
0.0453048 0.0475571 0.0086525 9.9982E-05 9.9982E-05 0.898286
0.0102844 0.0391678 9.9991E-05 0.0475185 0.110179 0.79275
9.9982E-05 0.108743 9.9982E-05 0.0878441 0.00981616 0.793397
9.999E-05 0.0231901 0.00930364 0.0342233 0.0573288 0.875854
0.0587996 0.0780823 0.128243 0.076111 0.061207 0.597557
0.0149254 0.0538654 0.0984101 0.0137473 0.00696768 0.812084
9.9982E-05 0.0872077 0.175521 0.0447369 9.9982E-05 0.692335
0.0174014 0.0776966 0.0730877 9.9982E-05 9.9982E-05 0.831614
9.9982E-05 9.9982E-05 0.121102 0.0688524 0.111703 0.698143
9.9982E-05 0.10972 0.0931147 9.9982E-05 0.0433257 0.753639
0.145525 0.481446 0.0209751 0.063542 0.288412 9.9991E-05
9.999E-05 0.228607 0.077008 0.072595 0.586709 0.0349807
0.0550711 0.401329 0.1419 0.0431122 0.322736 0.0358518
0.116283 0.308189 0.0518206 0.168107 0.297101 0.0585002
0.115362 0.229503 0.00867401 0.206978 0.314996 0.124487
0.0154328 0.145926 0.111308 0.116929 0.549682 0.0607222
0.078672 0.245492 0.148556 0.104315 0.422865 9.9991E-05
0.0818823 0.294854 0.0572386 0.0217276 0.384015 0.160283
0.0300878 0.629346 0.152245 0.0831478 0.061462 0.0437109
0.101322 0.215895 0.114149 0.00570075 0.549299 0.0136333
0.136766 0.207303 0.160622 9.9991E-05 0.478035 0.0171746
0.0616559 0.174499 0.0637628 0.0654921 0.615125 0.0194654
0.154736 0.270394 0.0901632 0.151591 0.293382 0.0397338
9.999E-05 0.134803 0.0933245 0.073452 0.659302 0.0390181
0.0159111 0.192126 0.0496562 0.0639169 0.61035 0.0680399
0.155438 0.405588 0.0768354 0.0849828 0.240763 0.0363926
0.12736 0.370105 0.0593486 0.228054 0.19473 0.0204025
0.102892 0.402778 0.213294 9.9991E-05 0.271883 0.00905383
9.9973E-05 9.9973E-05 9.9973E-05 0.0565465 0.121396 0.821758
9.9973E-05 9.9973E-05 9.9973E-05 0.00820805 0.18137 0.810122
0.0146212 0.00517155 9.9991E-05 0.0476686 0.161986 0.770453
0.0939864 9.9982E-05 9.9982E-05 0.112074 0.087272 0.706468
0.292716 0.0577881 0.00597673 0.0166326 0.549983 0.0769036
0.349105 0.0329243 9.9991E-05 0.166282 0.35691 0.0946789
0.34858 9.9982E-05 0.00770453 9.9982E-05 0.601348 0.0421673
0.0469128 0.647545 9.9982E-05 9.9982E-05 0.228442 0.0768997
0.588717 0.0202894 0.0594882 0.0652005 0.263941 0.00236346
0.214707 0.125346 0.0607251 0.0627167 0.478112 0.0583936
0.136707 9.9982E-05 0.0394028 9.9982E-05 0.725206 0.098484
0.205174 0.0258325 0.0538213 0.0475073 0.561831 0.105834
0.0785796 0.0970049 9.9982E-05 9.9982E-05 0.749407 0.0748084
0.730007 0.139923 0.0378992 0.00230526 0.0793142 0.0105521
0.0365584 0.109675 0.132312 0.0500723 0.649492 0.0218902
0.221106 9.9991E-05 0.0449275 0.0911824 0.604796 0.0378885
0.203677 0.0499946 9.9991E-05 0.0816914 0.538587 0.12595
0.649301 9.9982E-05 0.0376281 9.9982E-05 0.309171 0.00369938
0.308223 9.9982E-05 9.9982E-05 0.0637085 0.553226 0.0746425
0.207711 0.0798678 0.0581749 0.120883 0.47181 0.0615531
0.596665 9.9973E-05 0.309522 9.9973E-05 9.9973E-05 0.0935129
0.162846 0.477355 0.149623 9.9982E-05 0.209976 9.9982E-05
0.227015 0.179581 0.420959 0.0292815 0.11758 0.0255841
0.0775399 0.173907 0.0298126 0.117142 0.535956 0.0656423
0.0993149 0.0665785 0.0185964 0.0609563 0.577975 0.176579
0.098814 0.000282617 0.0884985 0.112799 0.511334 0.188272
0.242945 0.30026 0.163134 9.9991E-05 0.209746 0.0838151
0.107865 0.232218 0.0269671 0.054176 0.561683 0.0170907
0.0176302 0.0629653 0.168253 0.119558 0.595622 0.0359717
0.0932976 0.208725 0.179934 9.9991E-05 0.394212 0.123731
0.129027 0.288435 0.252115 0.0312348 0.0674964 0.231692
0.0459448 0.120965 0.143398 0.0167386 0.585347 0.0876063
0.0390948 0.2304 0.172791 0.0527533 0.491566 0.0133947
0.179355 0.509856 0.182382 9.9991E-05 0.0762939 0.0520127
0.138762 0.234636 0.0922076 0.0393884 0.494906 9.9991E-05
0.138326 0.0623719 0.0639668 0.0685252 0.66671 9.9991E-05
0.0459637 0.184212 0.0644235 0.0870431 0.565291 0.0530664
0.227272 0.262651 0.157889 0.0757585 0.265196 0.0112339
0.0785492 0.151672 0.157329 0.0280192 0.541258 0.0431727
0.0293333 0.0657343 0.116512 0.0302868 0.676838 0.0812953
0.11826 0.359843 0.237808 9.9991E-05 0.270937 0.0130534
0.459092 0.0233232 9.9973E-05 9.9973E-05 0.517285 9.9973E-05
0.702041 0.0908469 9.9991E-05 0.00413553 0.1706 0.0322762
0.263043 0.0163643 0.0100458 0.0877867 0.488825 0.133935
0.84711 9.9964E-05 0.152491 9.9964E-05 9.9964E-05 9.9964E-05
0.832683 9.9964E-05 0.166917 9.9964E-05 9.9964E-05 9.9964E-05
0.78451 9.9973E-05 9.9973E-05 0.0376649 0.177525 9.9973E-05
0.480543 0.0556746 9.9991E-05 0.0334245 0.420762 0.0094953
0.204963 9.9982E-05 0.100212 9.9982E-05 0.561936 0.132689
0.471458 9.9982E-05 0.0802761 0.112921 0.335145 9.9982E-05
0.713958 0.166132 9.9991E-05 0.0749644 0.0440107 0.000834845
0.486673 0.253431 9.9982E-05 9.9982E-05 0.181767 0.0779298
0.333757 9.9991E-05 0.0130588 0.107785 0.424846 0.120454
0.632198 0.0358617 0.012415 0.00747306 0.267122 0.0449305
0.512194 0.0266813 9.9991E-05 0.0140224 0.376626 0.0703765
0.551905 9.9973E-05 0.0378979 9.9973E-05 0.409897 9.9973E-05
0.680927 9.9973E-05 0.302393 0.0163807 9.9973E-05 9.9973E-05
0.234593 0.0265868 0.104478 0.0869548 0.545183 0.00220488
0.0302037 0.10096 9.9991E-05 0.0472083 0.0519473 0.769581
9.9964E-05 9.9964E-05 9.9964E-05 9.9964E-05 0.101591 0.898009
9.9973E-05 9.9973E-05 9.9973E-05 0.0201532 0.108819 0.870728
9.9973E-05 9.9973E-05 9.9973E-05 0.0124378 0.0692195 0.918043
0.0286095 9.9982E-05 9.9982E-05 0.00579541 0.0700017 0.895393
0.0214799 9.9982E-05 9.9982E-05 0.0375694 0.05422 0.886531
0.0105021 9.9982E-05 9.9982E-05 0.0559689 0.042013 0.891316
0.36637 0.0195546 0.0167676 0.0484764 0.531455 0.0173763
0.0951345 0.0961874 0.0466991 0.0957684 0.57919 0.087021
0.819599 0.109406 0.0428174 9.9982E-05 9.9982E-05 0.0279776
0.295908 0.138066 9.9991E-05 0.108765 0.365811 0.0913507
0.420642 0.123729 9.9982E-05 0.0549892 0.40044 9.9982E-05
0.283071 0.00737815 9.9991E-05 0.00924231 0.648465 0.0517438
0.254106 9.9991E-05 0.0778648 0.0155048 0.609786 0.042638
0.435576 9.9991E-05 0.030429 0.100346 0.425896 0.00765358
0.720327 0.200908 0.0205673 9.9982E-05 9.9982E-05 0.0579978
0.0793034 0.14771 0.103503 0.0225853 0.49706 0.149839
0.194777 0.0157218 0.000162165 9.9991E-05 0.741523 0.0477159
0.0748493 0.118423 0.0381963 0.143464 0.519079 0.105988
0.587114 9.9982E-05 0.0814016 0.0572083 0.274076 9.9982E-05
0.420519 9.9991E-05 0.0595635 0.0299297 0.482944 0.00694388
0.429262 0.0973609 9.9982E-05 9.9982E-05 0.43704 0.0361376
0.635614 9.9973E-05 9.9973E-05 0.0876394 0.276446 9.9973E-05
0.418716 0.0983468 9.9982E-05 9.9982E-05 0.400555 0.0821822
0.102105 0.0750609 0.091311 9.9991E-05 0.610275 0.121148
0.038772 0.344888 0.295586 9.9982E-05 0.320553 9.9982E-05
0.00260787 0.278021 0.0577327 0.0337358 0.50611 0.121793
0.0952721 0.127393 0.0653374 0.0693706 0.600077 0.0425496
0.113744 0.215061 9.9991E-05 0.0639647 0.548714 0.0584156
0.00166392 0.348627 0.0723595 9.9991E-05 0.543227 0.0340227
0.0482953 0.189068 0.0989461 0.0472454 0.571356 0.0450885
9.9982E-05 0.472738 9.9982E-05 0.0546001 0.450838 0.0216245
0.170654 0.0909056 0.0493163 0.0887808 0.417891 0.182452
0.0918185 0.106054 0.136172 0.0229109 0.55864 0.0844046
0.0412363 0.103759 0.110718 9.9991E-05 0.664021 0.0801657
0.014861 0.419757 9.9982E-05 9.9982E-05 0.557346 0.00783613
0.0248989 0.137094 0.132504 0.117101 0.588303 9.9991E-05
0.154507 0.0833326 0.0503333 0.0603082 0.556661 0.0948587
0.0710122 0.224485 0.0366865 0.0415657 0.62615 9.9991E-05
0.0821461 0.0895804 0.153482 0.0852868 0.558542 0.0309633
0.0431224 0.149541 0.153519 0.140267 0.513451 9.9991E-05
9.9982E-05 0.312598 0.198798 9.9982E-05 0.423369 0.0650345
9.9973E-05 0.249139 9.9973E-05 0.0614716 0.68909 9.9973E-05
9.9982E-05 0.163714 0.115026 0.0499881 0.671071 9.9982E-05
0.1905 0.447239 0.0715083 0.0811788 0.205772 0.00380209
0.0710034 0.349893 0.326635 0.010064 0.242305 9.9991E-05
0.0686796 0.225374 0.0432694 0.104378 0.524226 0.034073
0.133092 0.262468 0.411594 0.0334215 0.159325 9.9991E-05
0.143071 0.385766 0.0831364 9.9991E-05 0.346263 0.0416642
0.169479 0.344373 0.00431327 9.9991E-05 0.475493 0.0062417
0.0952936 0.409802 0.040857 9.9991E-05 0.406113 0.0478344
0.141332 0.452876 0.0860777 9.9982E-05 0.319515 9.9982E-05
0.0105978 0.136429 0.120007 0.00105362 0.688013 0.0438992
0.145168 0.0178943 0.199067 0.114104 0.523667 9.9991E-05
0.153575 0.199212 0.0256848 0.0335375 0.58451 0.00348098
0.129469 0.360171 0.325495 0.0561298 0.128634 9.9991E-05
0.125241 0.11702 0.0796831 9.9991E-05 0.539977 0.137978
0.0559135 9.9991E-05 0.271041 0.0370288 0.575833 0.060084
0.066771 0.153869 0.620564 9.9991E-05 0.0373842 0.121311
0.0301916 9.9991E-05 0.233235 0.0344121 0.612766 0.0892956
0.113496 0.0358715 0.362875 0.0105496 0.400933 0.0762745
0.141808 9.9991E-05 0.229964 0.109117 0.46741 0.0516016
0.00287237 0.12336 0.480507 0.00202364 0.308279 0.0829581
0.0263589 0.123283 0.487644 9.9991E-05 0.259861 0.102754
0.111594 0.0907697 0.30747 9.9991E-05 0.457726 0.0323406
9.9991E-05 0.0622883 0.256144 0.014885 0.613954 0.0526281
0.157762 0.062314 0.210062 9.9991E-05 0.434497 0.135266
0.231906 0.0873535 0.470944 0.145734 0.0222481 0.0418148
0.0272912 0.18127 0.163517 0.0827262 0.52847 0.016726
0.0823469 0.157433 0.349845 9.9982E-05 0.410175 9.9982E-05
0.131313 0.122659 0.253943 9.9982E-05 0.491884 9.9982E-05
0.0547283 0.121524 0.0941375 0.101489 0.574559 0.0535615
9.9991E-05 0.0103738 0.2013 0.207873 0.213854 0.366499
9.9973E-05 9.9973E-05 0.302965 0.180356 9.9973E-05 0.516379
9.9973E-05 9.9973E-05 0.44843 0.113224 9.9973E-05 0.438046
9.9991E-05 0.0121599 0.209895 0.35076 0.014096 0.412989
0.0146448 0.033484 0.266289 0.0305406 0.654941 9.9991E-05
9.9991E-05 0.0506785 0.123487 0.114407 0.612151 0.0991766
9.9973E-05 0.0161059 9.9973E-05 0.668161 0.315433 9.9973E-05
0.0809115 0.135873 9.9982E-05 0.494098 0.288917 9.9982E-05
0.0618168 0.0454761 0.0952134 0.436439 0.297069 0.0639853
0.0922336 9.9973E-05 0.568483 9.9973E-05 0.338984 9.9973E-05
0.0948577 0.128585 0.151465 0.0234767 0.557533 0.0440824
0.0383136 0.000558004 0.692588 9.9982E-05 0.26834 9.9982E-05
0.0176423 9.9973E-05 0.309331 9.9973E-05 0.672727 9.9973E-05
0.103743 0.0363473 0.34379 9.9991E-05 0.512155 0.00386501
0.081681 9.9982E-05 0.290151 0.0792125 0.548756 9.9982E-05
0.0368971 0.032517 0.6459 9.9991E-05 0.278391 0.00619463
0.137562 0.0129191 0.151665 0.108245 0.547966 0.0416434
0.07133 9.9991E-05 0.182931 0.0920669 0.539208 0.114364
0.0302915 9.9973E-05 0.00124492 0.968164 9.9973E-05 9.9973E-05
9.9973E-05 0.011658 9.9973E-05 0.898298 0.0897443 9.9973E-05
0.160442 9.9982E-05 9.9982E-05 0.607081 0.200459 0.0318179
9.9973E-05 9.9973E-05 9.9973E-05 0.617272 0.371159 0.0112684
0.0673625 9.9982E-05 9.9982E-05 0.797996 0.101704 0.0327383
9.996E-05 9.996E-05 9.996E-05 0.9995 9.996E-05 9.996E-05
9.9964E-05 0.0341478 9.9964E-05 0.965452 9.9964E-05 9.9964E-05
9.9964E-05 9.9964E-05 9.9964E-05 0.829944 0.169656 9.9964E-05
9.9964E-05 0.0304404 9.9964E-05 0.96916 9.9964E-05 9.9964E-05
9.996E-05 9.996E-05 9.996E-05 0.9995 9.996E-05 9.996E-05
9.996E-05 9.996E-05 9.996E-05 0.9995 9.996E-05 9.996E-05
9.9982E-05 0.0350545 9.9982E-05 0.733514 0.15881 0.072422
0.0161792 0.00278582 9.9991E-05 0.776963 0.135897 0.0680752
9.996E-05 9.996E-05 9.996E-05 0.9995 9.996E-05 9.996E-05
0.154623 0.0200962 9.9991E-05 0.3319 0.340933 0.152347
0.0714237 0.0126258 9.9991E-05 0.646703 0.199037 0.0701109
9.9991E-05 0.0293692 0.00908418 0.794129 0.118285 0.0490321
0.0036121 0.0176535 9.9991E-05 0.850341 0.106944 0.0213487
9.9964E-05 9.9964E-05 9.9964E-05 0.960661 0.0389394 9.9964E-05
0.00352184 9.9982E-05 9.9982E-05 0.881589 0.0800557 0.0346336
9.996E-05 9.996E-05 9.996E-05 0.9995 9.996E-05 9.996E-05
9.9982E-05 0.0517257 9.9982E-05 0.62985 0.312771 0.00545335
9.9973E-05 0.0657859 9.9973E-05 0.900159 9.9973E-05 0.0337553
9.9973E-05 9.9973E-05 0.631848 0.0202013 9.9973E-05 0.347651
9.9991E-05 0.103968 0.173204 0.0537492 0.466707 0.202271
0.0499125 0.0102373 0.196242 0.023239 0.462441 0.257928
9.9973E-05 9.9973E-05 0.436676 9.9973E-05 0.255724 0.3073
0.00640013 0.14605 0.139882 0.121942 0.520766 0.0649597
0.0636061 9.9991E-05 0.347414 0.105595 0.228311 0.254973
0.0703945 0.0812522 0.0819158 0.0216502 0.493668 0.25112
0.144367 9.9991E-05 0.265876 0.165251 0.264925 0.159481
9.9982E-05 9.9982E-05 0.183728 0.143937 0.534742 0.137393
0.00659406 9.9991E-05 0.290312 0.206705 0.34083 0.15546
0.0459199 0.092328 0.121448 0.12948 0.449902 0.160922
9.9982E-05 0.0469955 0.062437 9.9982E-05 0.0468884 0.843479
9.9982E-05 9.9982E-05 0.010114 0.0588179 0.00495657 0.925912
9.9964E-05 0.00821807 9.9964E-05 9.9964E-05 9.9964E-05 0.991382
9.9973E-05 0.0453566 9.9973E-05 9.9973E-05 0.0378644 0.916479
9.9973E-05 0.0294503 9.9973E-05 9.9973E-05 0.0733993 0.89685
9.99722E-05 9.99722E-05 9.99722E-05 0.0773989 9.99722E-05 0.922201
0.0222229 9.9982E-05 9.9982E-05 0.08634 0.00682862 0.884408
0.0177317 9.9991E-05 0.0620714 0.00512173 0.0326924 0.882283
0.0182342 9.9982E-05 9.9982E-05 0.00650836 0.065895 0.909162
9.9982E-05 0.00658194 0.0554841 0.0934432 9.9982E-05 0.844291
0.0849079 0.233903 0.070226 9.9982E-05 9.9982E-05 0.610763
0.0429783 0.352519 9.9982E-05 9.9982E-05 0.00731633 0.596987
0.0140077 0.305574 0.145054 9.9982E-05 9.9982E-05 0.535164
0.0844826 0.308581 0.102849 9.9991E-05 0.00766539 0.496322
0.251079 0.149478 0.0716667 0.0818379 0.421272 0.0246661
0.237579 0.0769357 0.117826 0.0491607 0.51433 0.00416874
0.250244 0.143526 9.9982E-05 0.0425578 0.563472 9.9982E-05
0.206854 0.295442 0.0727952 9.9982E-05 0.424709 9.9982E-05
0.0717256 0.586587 0.106186 9.9982E-05 0.235302 9.9982E-05
0.284321 0.0113041 0.0546702 0.0483797 0.517601 0.0837245
0.287155 0.140003 0.0147506 0.0450911 0.512901 9.9991E-05
0.182257 0.161715 0.0816878 9.9982E-05 0.57414 9.9982E-05
0.633205 0.00447842 0.00706414 0.0538187 0.301334 9.9991E-05
0.0310541 0.0326589 0.130681 0.0143863 0.72046 0.0707593
0.414188 0.139764 0.0388075 9.9991E-05 0.38823 0.0189111
0.693486 0.097644 0.20857 9.9973E-05 9.9973E-05 9.9973E-05
0.110531 0.169243 0.118699 0.0423643 0.504655 0.0545071
0.504421 9.9973E-05 0.267277 9.9973E-05 0.228002 9.9973E-05
0.379776 9.9982E-05 0.122251 9.9982E-05 0.497346 0.000427009
0.671339 0.246706 9.9982E-05 9.9982E-05 0.0354381 0.046317
9.9982E-05 0.703492 0.121313 9.9982E-05 0.0351902 0.139805
9.9982E-05 0.692123 0.112664 9.9982E-05 0.0848017 0.110211
9.9982E-05 0.8011 0.126971 9.9982E-05 0.0408152 0.0309136
0.100936 0.734512 0.0273022 9.9982E-05 9.9982E-05 0.13705
0.0353813 0.743941 0.126782 0.0451126 0.0486838 9.9991E-05
9.9991E-05 0.710529 0.0966807 0.0606681 0.0855002 0.0465219
0.0232429 0.00508494 9.9991E-05 0.0396055 0.0475099 0.884457
9.9982E-05 0.0735749 9.9982E-05 0.0347385 0.100452 0.791035
9.9973E-05 9.9973E-05 9.9973E-05 0.113805 0.152692 0.733203
9.9982E-05 0.035064 9.9982E-05 0.117842 0.0928645 0.754029
9.9982E-05 0.0425316 9.9982E-05 0.0524649 0.103844 0.80096
0.0519884 0.463758 0.0874411 9.9982E-05 9.9982E-05 0.396612
0.0724992 0.395245 0.0498301 9.9982E-05 9.9982E-05 0.482226
0.104432 0.452826 0.0103194 9.9982E-05 9.9982E-05 0.432222
9.9982E-05 0.0231231 9.9982E-05 0.0141158 0.147428 0.815133
0.0517462 0.495825 0.0833675 9.9982E-05 9.9982E-05 0.368861
9.9982E-05 9.9982E-05 0.112393 0.313064 0.329488 0.244856
0.0205928 0.081254 0.0107353 0.234649 0.582375 0.0703944
0.00455411 9.9982E-05 9.9982E-05 0.223567 0.566837 0.204843
0.0520117 0.0580857 0.0669526 0.238194 0.337308 0.247449
0.0101309 0.0779045 0.0344943 0.186676 0.420465 0.27033
9.9973E-05 9.9973E-05 0.26766 0.308505 9.9973E-05 0.423535
0.113941 0.271073 0.0471565 9.9991E-05 0.549554 0.0181753
0.174814 0.215347 0.20276 9.9991E-05 0.370767 0.0362127
0.0367162 0.549397 9.9991E-05 0.0149501 0.3239 0.0749365
0.108563 0.125562 0.265211 9.9982E-05 0.500465 9.9982E-05
0.189627 0.193243 0.61683 9.9973E-05 9.9973E-05 9.9973E-05
0.0588292 0.236298 0.0874017 0.0505938 0.529164 0.0377132
0.115004 0.128049 0.179986 9.9991E-05 0.534742 0.0421192
0.12442 0.371806 0.0558396 9.9991E-05 0.416522 0.0313129
0.0209142 0.206332 0.0643531 0.0184504 0.568846 0.121105
0.212735 0.214275 0.438687 9.9982E-05 0.134103 9.9982E-05
0.0405951 0.159539 0.278979 0.0911254 0.429661 9.9991E-05
0.161937 0.253191 0.0188545 0.0669469 0.498955 0.000114828
0.127195 0.0846712 0.119199 0.220087 0.322915 0.125933
0.0293278 0.26825 0.216595 0.0261361 0.459591 9.9991E-05
0.0809361 0.241376 0.135594 0.0227859 0.493735 0.0255728
0.109247 0.0164585 0.294928 0.0254952 0.553772 9.9991E-05
0.171573 0.203789 9.9982E-05 9.9982E-05 0.593348 0.0310902
0.0199167 0.159912 0.117098 0.100628 0.602345 9.9991E-05
0.111511 0.128132 0.0574917 0.117925 0.517843 0.067098
0.132185 0.144759 0.0417682 0.0976249 0.531257 0.0524052
0.00884407 9.9982E-05 9.9982E-05 0.0876725 0.111592 0.791691
0.0392791 9.9982E-05 9.9982E-05 0.0528184 0.0650712 0.842631
9.9982E-05 0.0483266 0.0677786 9.9982E-05 0.0721293 0.811566
0.134418 0.0245476 9.9991E-05 0.0465915 0.00334748 0.790995
9.9964E-05 9.9964E-05 9.9964E-05 9.9964E-05 0.135535 0.864065
0.0143437 0.542181 0.122912 0.0567731 0.25195 0.0118405
0.017351 0.107621 0.230328 0.085275 0.499975 0.05945
0.0305659 0.0210843 0.0617977 0.143672 0.527077 0.215803
0.0274716 0.165588 0.0592173 0.108812 0.638811 9.9991E-05
0.193128 0.243922 9.9991E-05 0.0379418 0.487426 0.0374818
0.00473303 0.305659 0.352589 0.0504589 0.28646 9.9991E-05
0.055997 0.60034 0.16357 9.9991E-05 0.0601965 0.119796
0.0338176 0.258353 0.0724775 0.0696017 0.533441 0.0323085
0.00499483 0.555865 0.137125 0.0932866 0.156216 0.0525125
0.131711 0.133604 0.198026 0.0152006 0.411628 0.10983
0.0439837 0.520412 0.130491 0.0191605 0.161672 0.124281
0.0124623 0.235718 9.9991E-05 0.0357629 0.63363 0.0823266
0.0926946 0.557783 0.0121254 0.0253288 0.193383 0.118685
0.00780685 0.314251 0.200164 0.087109 0.390569 9.9991E-05
0.11092 0.0905138 0.178169 0.0776461 0.528122 0.0146282
9.9982E-05 0.0942624 0.55987 9.9982E-05 0.302943 0.0427243
0.00670937 9.9982E-05 0.323803 9.9982E-05 0.63238 0.0369075
0.0554981 9.9991E-05 0.188929 0.0490011 0.585893 0.120579
9.9973E-05 0.0779496 0.530205 9.9973E-05 0.391545 9.9973E-05
0.0455152 0.116447 0.153785 0.0899412 0.555334 0.0389772
9.9982E-05 0.0882801 0.30609 9.9982E-05 0.582667 0.0227628
0.070594 0.0696596 0.682034 9.9982E-05 0.177512 9.9982E-05
0.0322473 9.99766E-05 0.67928 9.99766E-05 0.288173 9.99766E-05
9.9973E-05 0.0719777 0.372578 9.9973E-05 0.555144 9.9973E-05
0.154944 0.0716189 0.570457 9.9982E-05 0.20278 9.9982E-05
0.0404509 0.129497 0.276861 9.9991E-05 0.540851 0.0122401
0.168755 0.596268 0.0720023 0.0223432 0.140531 9.9991E-05
0.105658 0.330422 0.256391 0.0102733 0.297155 9.9991E-05
0.135271 0.463023 9.9982E-05 0.0817263 0.31978 9.9982E-05
0.0619825 0.205429 9.9991E-05 0.141363 0.56951 0.0216143
0.160733 0.527844 0.0459845 9.9982E-05 0.265239 9.9982E-05
0.0825916 0.192585 0.0446991 0.106281 0.516977 0.0568661
0.0237397 0.203657 0.0421702 0.0721567 0.637801 0.0204755
0.0973031 0.198563 0.0857067 0.0775224 0.50047 0.0404347
0.13334 0.224233 0.0191563 0.075924 0.520006 0.0273413
0.230974 0.252563 9.9991E-05 0.0625714 0.40532 0.0484715
0.176059 0.47597 0.0299689 0.0620304 0.255871 9.9991E-05
0.0749039 0.425156 0.0931419 0.0431233 0.363575 9.9991E-05
0.0860177 0.182715 0.0486658 0.0587141 0.623787 9.9991E-05
9.9982E-05 0.204497 0.0671294 9.9982E-05 0.693233 0.0349401
9.9982E-05 0.337177 0.165455 0.0854359 0.411733 9.9982E-05
0.114171 0.196762 0.0743206 0.041996 0.572651 9.9991E-05
9.9991E-05 0.411623 0.0642409 0.0659824 0.39019 0.0678642
0.0901828 0.271666 0.0195861 0.0412333 0.577231 9.9991E-05
0.0586788 0.208387 0.0209158 0.0892201 0.592315 0.0304835
0.0960698 0.107733 0.135368 0.0432117 0.482178 0.13544
0.0566397 0.00973179 0.103167 0.10621 0.377177 0.347074
0.0868258 0.0280508 0.0891919 0.22811 0.434275 0.133547
0.0445606 0.0668703 0.160335 0.0860584 0.501485 0.140691
0.0596154 0.0654255 0.0978063 0.195239 0.525856 0.0560575
0.0717942 0.0892171 0.000408822 0.198641 0.43319 0.206749
9.9973E-05 0.204656 0.205689 9.9973E-05 0.589355 9.9973E-05
0.0936405 9.9982E-05 9.9982E-05 0.110226 0.575983 0.219951
0.105714 9.9991E-05 0.481316 0.125952 0.0391262 0.247792
0.00536892 0.128847 0.0871698 0.211176 0.473689 0.0937492
9.9991E-05 0.0810637 0.0526759 0.238997 0.576405 0.0507582
9.9991E-05 0.138669 0.117882 0.26549 0.436502 0.0413576
0.064665 0.0680741 0.200998 0.147029 0.336999 0.182235
0.0466038 0.00596867 0.121521 0.0419879 0.579263 0.204656
9.9982E-05 9.9982E-05 0.136704 0.174625 0.54783 0.140641
9.9973E-05 9.9973E-05 0.354854 0.165111 9.9973E-05 0.479736
0.118011 9.9982E-05 9.9982E-05 0.189425 0.47055 0.221815
9.9982E-05 9.9982E-05 0.0688925 0.263516 0.531406 0.135985
9.9991E-05 0.0571557 0.0794156 0.151828 0.624948 0.086552
0.00194059 9.9991E-05 0.0292708 0.109265 0.625912 0.233512
0.0258009 0.0240757 0.136508 0.129956 0.497614 0.186045
0.140261 0.105119 0.272127 0.0279141 0.45448 9.9991E-05
0.0701979 0.0224625 0.238436 9.9991E-05 0.545504 0.123299
0.25429 0.0932263 0.58291 9.9982E-05 0.0693739 9.9982E-05
0.199209 0.0721533 0.672708 9.9982E-05 0.0557303 9.9982E-05
0.127009 0.117752 0.263636 0.116744 0.374759 9.9991E-05
9.9991E-05 0.0359254 0.203301 0.301234 0.386644 0.0727963
9.9982E-05 9.9982E-05 0.229526 0.36238 0.314013 0.0938809
9.9982E-05 9.9982E-05 0.280168 0.305809 0.210585 0.203238
9.9982E-05 9.9982E-05 0.173999 0.288107 0.396283 0.141412
9.9982E-05 9.9982E-05 0.728132 0.128441 0.12923 0.0139971
9.9982E-05 9.9982E-05 0.549151 0.0693752 0.278615 0.102659
0.103527 9.9991E-05 0.269022 0.165144 0.445236 0.0169705
0.112669 9.9991E-05 0.240335 0.146493 0.456011 0.0443913
0.00636149 0.0531768 0.561459 0.11095 0.267953 9.9991E-05
0.0116191 0.119793 0.162003 0.0848203 0.579162 0.0426033
0.0708329 0.031683 0.190461 0.112831 0.594092 9.9991E-05
0.132977 0.0142123 0.155537 0.179013 0.41019 0.108071
0.194137 0.0788676 0.31012 9.9982E-05 0.416676 9.9982E-05
0.129384 0.147011 0.277221 9.9982E-05 0.446184 9.9982E-05
0.0844499 0.0825122 0.189387 9.9991E-05 0.560828 0.0827229
0.0794231 0.155822 0.238267 0.0295602 0.414553 0.082375
0.0630099 0.113721 0.229471 0.116008 0.410922 0.0668677
0.0656131 9.9973E-05 0.382636 9.9973E-05 0.551451 9.9973E-05
0.056523 0.0902849 0.521637 9.9982E-05 0.331355 9.9982E-05
0.0998541 9.9991E-05 0.197362 0.0277232 0.608204 0.0667573
0.170115 0.0608508 0.464507 9.9982E-05 0.304327 9.9982E-05
0.121929 9.9982E-05 0.396987 9.9982E-05 0.465215 0.0156689
0.157484 0.0306733 0.129081 0.0493845 0.593118 0.0402586
0.169447 0.090504 0.222452 9.9982E-05 0.517397 9.9982E-05
0.0120701 9.9991E-05 0.202484 0.187234 0.449149 0.148963
0.0455535 0.139422 0.125708 0.176133 0.386024 0.127159
0.034458 0.0554091 0.154358 0.224329 0.373393 0.158053
9.9991E-05 0.0925763 0.142281 0.247523 0.350946 0.166575
0.00515888 0.0750564 0.124085 0.262011 0.404482 0.129207
0.00827341 0.0430974 0.173763 0.0983222 0.497012 0.179533
0.0555873 9.9982E-05 0.584818 0.181653 9.9982E-05 0.177742
9.9991E-05 0.115411 0.033079 0.216854 0.59948 0.0350767
9.9973E-05 9.9973E-05 0.486223 0.147082 9.9973E-05 0.366395
0.0566576 9.9991E-05 0.121246 0.154891 0.598803 0.0683018
0.281435 9.9973E-05 0.560298 9.9973E-05 0.157968 9.9973E-05
0.18428 0.106831 0.708589 9.9973E-05 9.9973E-05 9.9973E-05
0.163841 9.9973E-05 0.364411 9.9973E-05 0.471448 9.9973E-05
0.0106326 9.9982E-05 0.225527 9.9982E-05 0.747631 0.016009
0.187176 0.00776773 0.370671 9.9982E-05 0.434186 9.9982E-05
0.166132 0.0129914 0.226818 0.00878654 0.585172 9.9991E-05
0.0803769 9.9973E-05 0.358862 9.9973E-05 0.560462 9.9973E-05
0.00270228 9.9991E-05 0.0623354 0.0536174 0.0760949 0.80515
9.9982E-05 0.142051 0.00298385 0.13047 9.9982E-05 0.724296
9.9973E-05 0.0469867 9.9973E-05 0.0496342 9.9973E-05 0.903079
9.9964E-05 9.9964E-05 9.9964E-05 9.9964E-05 0.0717852 0.927815
0.28803 0.0235388 0.0371526 9.9991E-05 0.549455 0.101723
0.417155 0.0457582 9.9991E-05 0.116 0.400216 0.0207711
0.521968 0.0502244 9.9973E-05 9.9973E-05 0.427508 9.9973E-05
0.212233 9.9991E-05 0.0543517 0.0883283 0.55204 0.0929469
0.180684 0.0484986 0.0475741 9.9991E-05 0.586998 0.136145
0.518552 0.0908942 0.118811 9.9991E-05 0.247656 0.023987
0.402193 9.9973E-05 9.9973E-05 0.00420439 0.593302 9.9973E-05
0.518598 9.9973E-05 0.140857 9.9973E-05 0.340245 9.9973E-05
9.9991E-05 0.0590035 0.0530618 0.206723 0.446374 0.234738
0.369112 0.0655243 0.0812168 0.0710015 0.413045 9.9991E-05
0.565517 0.0856562 9.9991E-05 0.00923406 0.313617 0.0258757
0.358943 0.0494745 0.00155826 9.9982E-05 0.589824 9.9982E-05
0.622113 0.0425178 9.9982E-05 0.0112908 0.323878 9.9982E-05
0.375989 9.9991E-05 0.0296709 0.0401104 0.542621 0.0115085
0.35788 0.00372202 9.9991E-05 0.0818848 0.506341 0.0500718
0.871476 9.9973E-05 0.0510429 9.9973E-05 0.0771812 9.9973E-05
0.522976 0.0325508 0.137803 0.0296414 0.274006 0.00302294
0.593146 0.0495361 0.0590932 9.9991E-05 0.288399 0.00972578
0.735297 9.9964E-05 0.264303 9.9964E-05 9.9964E-05 9.9964E-05
0.458309 0.104284 9.9991E-05 0.00421849 0.382249 0.050839
0.606214 0.0116815 0.294577 9.9982E-05 0.087328 9.9982E-05
0.664235 9.9964E-05 0.335365 9.9964E-05 9.9964E-05 9.9964E-05
0.288175 9.9991E-05 0.0812218 0.031557 0.569021 0.0299259
0.625233 0.105896 9.9991E-05 0.000815669 0.207314 0.0606408
0.4869 0.0478155 0.0101929 0.0947412 0.36025 9.9991E-05
0.278556 9.9991E-05 0.0465855 0.084654 0.458527 0.131577
0.424307 0.0427038 0.0207874 9.9991E-05 0.482792 0.0293098
9.9982E-05 0.268046 0.285285 0.03847 0.407999 9.9982E-05
0.42014 0.0829266 9.9982E-05 0.085 0.411733 9.9982E-05
0.275967 0.152741 9.9982E-05 9.9982E-05 0.520444 0.0506474
0.680709 9.9973E-05 0.0783505 9.9973E-05 0.24064 9.9973E-05
0.276687 0.0477254 0.056728 9.99981E-05 0.496461 0.122298
9.9982E-05 0.249266 0.10227 9.9982E-05 0.0262859 0.621979
0.0787401 0.0902343 0.0537477 0.0303532 0.0138618 0.733063
9.9973E-05 0.153087 0.0275626 9.9973E-05 9.9973E-05 0.819051
9.9973E-05 0.130684 0.0721877 9.9973E-05 9.9973E-05 0.796828
0.00236326 0.25032 9.9982E-05 9.9982E-05 0.0308123 0.716305
0.709652 0.166573 9.9982E-05 9.9982E-05 0.0922368 0.0313382
0.691698 0.12524 0.0164153 9.9991E-05 0.0931618 0.0733851
0.796442 9.9973E-05 0.0996873 9.9973E-05 0.103571 9.9973E-05
0.136274 0.0332945 0.0609231 0.0915708 0.559882 0.118055
0.137577 0.0936358 9.9991E-05 0.12976 0.518992 0.119934
0.565697 9.9982E-05 0.105386 0.0528648 0.275852 9.9982E-05
0.360705 9.9982E-05 0.0215125 0.105984 0.511599 9.9982E-05
0.422321 9.9991E-05 0.0118605 0.05805 0.430193 0.0774762
0.379355 0.0153013 0.03243 9.9991E-05 0.520611 0.0522027
0.245454 0.0641895 9.9991E-05 0.0488223 0.566418 0.0750164
0.66797 0.111927 9.9982E-05 0.0137846 0.206118 9.9982E-05
0.568365 0.0301034 9.9982E-05 9.9982E-05 0.382102 0.0192293
0.583372 0.134807 9.9973E-05 9.9973E-05 0.281521 9.9973E-05
9.9982E-05 0.0794603 0.157631 9.9982E-05 0.662167 0.100542
0.583404 0.0209719 9.9982E-05 9.9982E-05 0.36872 0.0267047
0.530719 0.0479539 9.9982E-05 0.0693191 0.351808 9.9982E-05
0.0594227 0.00698345 9.9991E-05 0.387251 0.37628 0.169963
9.9991E-05 0.00804771 0.0653212 0.456178 0.393756 0.0765969
0.046057 9.9982E-05 9.9982E-05 0.385738 0.461839 0.106167
0.0169719 9.9991E-05 0.0905314 0.498254 0.254867 0.139275
0.0193062 0.0222441 0.106546 0.26428 0.477924 0.109701
0.264599 9.9991E-05 0.211703 0.101683 0.417056 0.00485882
9.9991E-05 0.0070136 0.0055855 0.649662 0.0811032 0.256535
0.00434078 9.9991E-05 0.046 0.391627 0.340573 0.217359
0.20128 0.0121872 0.103381 0.265304 0.325567 0.0922815
0.0286605 9.9982E-05 0.148297 9.9982E-05 0.649616 0.173226
9.9991E-05 0.0748258 0.340589 0.0690816 0.398196 0.117207
9.9982E-05 0.110269 0.131335 9.9982E-05 0.640862 0.117334
0.140151 0.0889728 9.9982E-05 9.9982E-05 0.64731 0.123366
9.9973E-05 9.9973E-05 9.9973E-05 0.427138 0.375621 0.196941
9.9982E-05 0.0895789 9.9982E-05 0.371227 0.447054 0.0919408
9.9982E-05 9.9982E-05 0.00807551 0.419389 0.478608 0.0937274
0.0639752 9.9982E-05 9.9982E-05 0.40272 0.411588 0.121517
0.0319198 9.9991E-05 0.0188693 0.522637 0.322712 0.103762
0.0427738 9.9991E-05 0.0974906 0.330551 0.368732 0.160353
9.9982E-05 9.9982E-05 0.0550138 0.511841 0.285494 0.147451
0.00749157 0.0584587 0.0939111 0.433359 0.406679 9.9991E-05
0.0529932 0.0638034 0.286562 0.00315336 0.567403 0.0260849
0.10876 0.060566 9.9991E-05 0.347769 0.298575 0.18423
9.9982E-05 9.9982E-05 0.0360222 0.632247 0.187317 0.144214
0.101349 0.118985 9.9991E-05 0.420605 0.258374 0.100587
0.0674012 0.214923 0.292399 9.9991E-05 0.271143 0.154034
9.9982E-05 0.13498 0.196158 0.145111 0.523551 9.9982E-05
0.0300765 0.0824237 9.9991E-05 0.34205 0.388154 0.157195
0.00104136 0.0900651 0.14847 0.00941996 0.59844 0.152564
0.102985 0.082629 0.106412 0.00213942 0.53563 0.170205
0.207107 0.00698811 0.0334588 0.251455 0.274635 0.226356
9.9991E-05 0.0181927 0.109276 0.278286 0.372516 0.221629
0.0810413 0.00986517 0.153104 0.118092 0.609956 0.0279408
0.102577 0.0145687 9.9991E-05 0.328855 0.424636 0.129264
9.9982E-05 9.9982E-05 0.0117403 0.403464 0.467979 0.116617
9.9982E-05 9.9982E-05 0.0809927 0.606721 0.139704 0.172382
9.9982E-05 0.114249 0.0995651 9.9982E-05 0.708841 0.0771455
0.108812 0.104776 0.164172 9.9991E-05 0.522942 0.0991975
9.9982E-05 9.9982E-05 0.637975 0.00210018 0.225647 0.134078
0.135443 0.00784765 0.102502 0.0692839 0.572062 0.112862
0.0934044 0.252252 0.0900318 0.00899655 0.458076 0.0972398
0.0607215 9.9991E-05 0.151623 0.187549 0.402316 0.19769
0.120146 0.117109 0.119786 0.0784136 0.428828 0.135717
9.9973E-05 9.9973E-05 0.478539 0.189846 9.9973E-05 0.331315
9.9973E-05 9.9973E-05 0.594819 0.0933647 9.9973E-05 0.311517
9.9982E-05 9.9982E-05 0.408948 0.11337 0.270223 0.207259
9.9982E-05 9.9982E-05 0.431772 0.215809 0.00957706 0.342642
9.9973E-05 9.9973E-05 0.351016 0.22539 9.9973E-05 0.423293
9.9982E-05 9.9982E-05 0.317561 0.151202 0.423118 0.107919
0.0079068 9.9991E-05 0.222837 0.148839 0.416737 0.20358
0.0203231 0.0179602 0.327254 0.203477 0.198753 0.232232
9.9982E-05 9.9982E-05 0.476731 0.179055 0.0867906 0.257223
9.9982E-05 9.9982E-05 0.175647 0.0960472 0.575452 0.152654
0.0157637 9.9991E-05 0.483765 0.0877919 0.201833 0.210746
9.9973E-05 9.9973E-05 0.51252 0.0375584 9.9973E-05 0.449621
0.037289 0.0614828 0.0974482 0.15667 0.576466 0.0706445
9.9991E-05 0.00534887 0.222277 0.206556 0.378059 0.187659
0.10352 0.0385811 9.9991E-05 0.143412 0.403888 0.310499
9.9973E-05 9.9973E-05 9.9973E-05 0.23243 0.596873 0.170398
0.0944136 0.034176 9.9991E-05 0.239106 0.483997 0.148207
0.0145172 9.9991E-05 0.111578 0.235215 0.484465 0.154125
9.9991E-05 0.0199708 0.0368819 0.176884 0.384697 0.381467
9.9991E-05 0.0631951 0.0216111 0.201209 0.517363 0.196521
0.102134 9.9991E-05 0.00818149 0.285792 0.398645 0.205148
0.0542998 0.0147818 0.139431 0.254851 0.286879 0.249757
0.262456 0.11539 0.03006 0.119884 0.295358 0.176851
0.0933931 0.0353456 0.0163793 0.0965228 0.554719 0.20364
0.00599036 9.9991E-05 0.131804 0.162574 0.555469 0.144062
0.121488 0.0955006 0.0122504 0.114305 0.569634 0.0868217
9.9991E-05 0.0183149 0.0828055 0.248586 0.385786 0.264408
0.0531893 0.0535825 0.0279035 0.182303 0.488252 0.19477
0.0121684 9.9991E-05 0.219072 0.225369 0.172806 0.370484
0.165824 0.000456616 9.9991E-05 0.232659 0.43042 0.17054
9.9982E-05 9.9982E-05 0.226929 0.299805 0.213839 0.259227
0.094213 0.100171 0.00880789 0.00404688 9.9991E-05 0.792661
9.9991E-05 0.799655 0.042171 0.0228963 0.114151 0.021026
9.9964E-05 0.996759 9.9964E-05 9.9964E-05 9.9964E-05 0.00284156
9.9964E-05 0.988791 9.9964E-05 9.9964E-05 9.9964E-05 0.0108094
9.9964E-05 0.969145 9.9964E-05 9.9964E-05 0.0304554 9.9964E-05
9.9973E-05 0.953165 9.9973E-05 9.9973E-05 0.0248552 0.0216794
9.9964E-05 0.916938 9.9964E-05 9.9964E-05 0.0826619 9.9964E-05
9.9964E-05 0.968231 9.9964E-05 9.9964E-05 9.9964E-05 0.031369
9.9973E-05 0.82292 9.9973E-05 0.0471778 9.9973E-05 0.129603
9.9982E-05 0.0165877 0.00779905 9.9982E-05 0.0354841 0.939929
9.9973E-05 0.107294 9.9973E-05 9.9973E-05 0.0490866 0.843319
9.9982E-05 9.9982E-05 0.0396985 0.0529501 0.012683 0.894469
9.9982E-05 0.0836152 0.0578664 9.9982E-05 0.0435801 0.814738
0.0433274 9.9973E-05 9.9973E-05 0.0695693 9.9973E-05 0.886803
0.0500614 0.0335542 9.9973E-05 9.9973E-05 9.9973E-05 0.916084
9.9982E-05 0.0839434 0.0137305 0.155305 9.9982E-05 0.746821
0.0853224 9.9982E-05 9.9982E-05 0.0410348 0.0135692 0.859874
0.0470561 0.141622 9.9991E-05 0.0978989 0.0491111 0.664212
0.036963 9.9973E-05 9.9973E-05 0.0846175 9.9973E-05 0.87812
0.0261761 9.9964E-05 9.9964E-05 9.9964E-05 9.9964E-05 0.973424
0.00865995 0.0886266 9.9982E-05 0.0896031 9.9982E-05 0.81291
9.9982E-05 0.0395076 9.9982E-05 0.0479 0.0013699 0.911023
9.9991E-05 0.0321089 0.0158461 0.0514404 0.0413267 0.859178
0.0459846 9.9982E-05 9.9982E-05 0.0677042 0.0411161 0.844995
9.9973E-05 9.9973E-05 9.9973E-05 0.0380289 0.116081 0.84559
9.9973E-05 9.9973E-05 9.9973E-05 0.145246 0.0787773 0.775677
9.9973E-05 9.9973E-05 9.9973E-05 0.0929793 0.114493 0.792228
9.9973E-05 9.9973E-05 9.9973E-05 0.0923215 0.0933663 0.814012
0.0995018 0.0976203 0.231167 0.0089731 0.414304 0.148434
0.0876103 9.9982E-05 0.102342 9.9982E-05 0.693214 0.116634
0.121134 0.022752 0.0735095 0.0470924 0.630245 0.105267
0.109221 0.0012298 0.654818 0.0168959 0.16887 0.0489652
9.9982E-05 0.177971 0.153353 9.9982E-05 0.567206 0.10127
9.9982E-05 9.9982E-05 0.694035 0.022152 0.162179 0.121434
9.9982E-05 9.9982E-05 0.162568 0.0218066 0.742557 0.0728687
0.091546 0.221124 0.153967 9.9991E-05 0.45544 0.0778237
0.0967065 0.111043 0.154077 0.00639187 0.532816 0.098965
0.326858 9.9982E-05 0.0295453 9.9982E-05 0.557303 0.0860938
0.0984666 0.123393 0.178808 9.9991E-05 0.509985 0.0892472
0.0405746 0.173091 0.0642822 9.9991E-05 0.644094 0.0778585
0.0286024 0.141309 0.0846988 9.9991E-05 0.63977 0.105519
0.128014 0.465652 0.302737 0.0528439 0.0506532 9.9991E-05
0.0331435 0.0987245 0.854186 9.9982E-05 9.9982E-05 0.0137464
9.9982E-05 0.0285566 0.663941 9.9982E-05 0.206475 0.100827
0.0591537 0.0705986 0.159295 0.15089 0.511463 0.0486003
9.9982E-05 0.0761577 0.238799 9.9982E-05 0.572912 0.111932
0.0322829 9.9982E-05 0.246879 9.9982E-05 0.589177 0.131461
0.0812654 9.9991E-05 0.0576203 0.0514027 0.662814 0.146798
0.0739161 9.9982E-05 9.9982E-05 0.127434 0.588764 0.209686
9.9991E-05 0.0326695 0.0149481 0.175729 0.589176 0.187378
0.026191 0.104179 0.183948 0.187302 0.138179 0.360201
0.0293981 0.0881177 0.0763193 0.00541228 0.655519 0.145234
0.0931204 0.092858 0.0596244 0.171224 0.334218 0.248955
9.9982E-05 0.0290151 0.39252 0.177918 9.9982E-05 0.400347
0.0663715 9.9991E-05 0.121611 0.142449 0.363063 0.306405
0.0879923 0.0500148 0.0315563 0.169138 0.28791 0.373389
0.0285755 0.135345 9.9991E-05 0.0953654 0.416899 0.323715
9.9991E-05 0.0844771 0.119536 0.206206 0.491628 0.0980529
0.0640611 0.0145289 0.0632586 0.0794875 0.558023 0.22064
0.00292704 0.0339363 0.0481888 0.0923237 0.639378 0.183247
0.0409483 0.0267526 0.19484 0.183463 0.398158 0.155837
0.0657706 0.00536285 9.9991E-05 0.136342 0.312545 0.47988
