9.9964E-05 0.0119319 9.9964E-05 0.938147 9.9964E-05 9.9964E-05 0.00461045 0.0449104
9.9955E-05 9.9955E-05 0.0250352 0.965984 9.9955E-05 9.9955E-05 9.9955E-05 0.00848087
9.9982E-05 0.0609207 9.9982E-05 0.860748 0.0404503 0.0292192 0.00635237 0.00210955
9.9955E-05 0.131105 9.9955E-05 0.823631 9.9955E-05 9.9955E-05 0.0447642 9.9955E-05
9.9955E-05 0.0786409 9.9955E-05 0.905637 9.9955E-05 9.9955E-05 0.0152225 9.9955E-05
0.0109831 0.0981635 0.0424454 0.636217 0.0225129 0.1299 0.035945 0.0238331
9.9964E-05 0.0112021 9.9964E-05 0.783177 9.9964E-05 0.152028 0.0531922 9.9964E-05
9.9982E-05 0.0276676 0.00847623 0.702939 9.9982E-05 0.175407 0.0737866 0.0115234
9.99639E-05 9.99639E-05 0.0287264 0.823357 9.99639E-05 0.039232 0.108284 9.99639E-05
0.00681665 0.0557862 0.00492353 0.756691 9.9982E-05 0.120474 0.0551081 9.9982E-05
9.9964E-05 0.102736 9.9964E-05 0.715138 9.9964E-05 0.135631 0.0460953 9.9964E-05
9.9955E-05 9.9955E-05 0.965028 0.0319662 9.9955E-05 9.9955E-05 9.9955E-05 0.00250591
9.9982E-05 0.432341 0.455933 0.0206873 0.00199981 9.9982E-05 0.0132404 0.0755979
9.9955E-05 0.0627204 0.88023 9.9955E-05 9.9955E-05 9.9955E-05 9.9955E-05 0.0565503
9.9964E-05 0.0705447 0.809429 0.0129774 9.9964E-05 9.9964E-05 9.9964E-05 0.106649
9.9964E-05 0.304434 0.553284 0.0408132 9.9964E-05 9.9964E-05 9.9964E-05 0.101069
9.9973E-05 0.477671 0.409854 0.0206105 9.9973E-05 0.0136145 9.9973E-05 0.0779497
0.0152272 0.360487 0.550631 0.00774209 0.0284147 9.9982E-05 9.9982E-05 0.0372979
9.9973E-05 0.10938 0.718767 0.0831006 9.9973E-05 0.0206701 9.9973E-05 0.0677824
9.9955E-05 9.9955E-05 0.920515 9.9955E-05 9.9955E-05 0.0637458 0.0152394 9.9955E-05
0.00697389 0.345701 0.546701 9.9982E-05 0.0182276 0.0576312 9.9982E-05 0.024565
0.07837 0.354814 0.32257 9.9982E-05 0.0470018 0.146428 9.9982E-05 0.0506161
0.0207933 0.49754 0.248562 0.0314311 0.106634 0.052426 0.0120017 0.0306122
9.9964E-05 0.031945 0.877776 0.0457107 9.9964E-05 9.9964E-05 9.9964E-05 0.0441686
0.0183977 0.638425 0.20493 0.0419434 9.9991E-05 0.0214477 0.027762 0.0469951
9.9964E-05 0.416817 0.549388 0.0274572 9.9964E-05 9.9964E-05 9.9964E-05 0.00593761
9.9964E-05 0.0250504 0.931289 0.039596 9.9964E-05 9.9964E-05 9.9964E-05 0.00366437
9.99565E-05 0.0530478 0.861092 9.99565E-05 9.99565E-05 9.99565E-05 9.99565E-05 0.0853608
9.9955E-05 0.0246556 0.91656 9.9955E-05 9.9955E-05 0.0582851 9.9955E-05 9.9955E-05
9.9946E-05 0.108163 9.9946E-05 0.891238 9.9946E-05 9.9946E-05 9.9946E-05 9.9946E-05
0.0143083 0.106555 9.9955E-05 0.878637 9.9955E-05 9.9955E-05 9.9955E-05 9.9955E-05
9.9973E-05 0.0947432 9.9973E-05 0.80609 0.00531599 9.9973E-05 0.00637458 0.0871767
9.9955E-05 0.174275 9.9955E-05 0.784171 9.9955E-05 9.9955E-05 9.9955E-05 0.041054
9.9982E-05 0.494036 0.0442287 0.0784251 0.202197 0.126397 0.054516 9.9982E-05
0.00954246 0.466854 0.119892 0.0841433 0.202224 9.9991E-05 0.049419 0.0678252
9.9973E-05 0.527291 9.9973E-05 0.0196199 0.38567 0.042181 9.9973E-05 0.0249381
0.0455053 0.0652917 0.641597 0.0232963 0.0262437 9.9982E-05 0.197866 9.9982E-05
0.0416418 0.296504 9.9982E-05 9.9982E-05 0.540266 0.108232 0.00600164 0.00715546
0.0153568 0.490064 0.108091 0.104581 0.198222 9.9991E-05 0.0443563 0.0392293
9.9973E-05 0.716771 9.9973E-05 0.0222801 0.167456 0.049577 0.043616 9.9973E-05
9.9982E-05 0.510689 0.11006 0.075325 0.00386606 0.259774 0.0400863 9.9982E-05
9.9982E-05 0.572695 0.154974 0.0791836 0.080843 0.0918506 0.0202539 9.9982E-05
9.9973E-05 0.101189 0.256321 0.0321954 0.5943 9.9973E-05 0.0156956 9.9973E-05
9.9982E-05 0.650892 0.0166302 0.0443058 9.9982E-05 0.27077 0.00451143 0.0126905
0.0727448 0.549282 0.0619212 0.0763938 0.182168 0.0120949 0.0213878 0.0240074
0.00285458 0.581744 0.0392651 0.117546 0.140139 0.0930706 0.00489946 0.0204805
0.0254619 0.339547 9.9964E-05 9.9964E-05 0.585219 0.0493719 9.9964E-05 9.9964E-05
9.9982E-05 0.603808 0.00851949 0.113434 0.24355 0.00244183 9.9982E-05 0.0280461
0.0171763 0.542477 9.9991E-05 0.0877021 0.184594 0.0460186 0.0337118 0.0882204
0.0408764 9.9964E-05 9.9964E-05 9.9964E-05 0.635486 0.305858 0.0173795 9.9964E-05
0.0471859 0.116435 0.473851 9.9982E-05 0.0687287 0.0280031 0.265597 9.9982E-05
0.170934 0.0489709 0.389833 9.9991E-05 0.0855325 0.224141 0.0272757 0.0532124
0.115096 0.532753 0.185729 0.0726441 0.0321895 0.00500726 0.00941774 0.0471629
0.0151929 0.567116 0.166243 0.0443424 0.0256588 0.0866754 0.035195 0.059577
0.0784469 0.636432 0.0909868 0.0577552 0.0165395 0.0881301 9.9991E-05 0.0316095
9.9982E-05 0.161393 0.406801 0.0819347 0.0495887 0.0627248 0.237358 9.9982E-05
0.00245889 0.484538 0.333356 9.9982E-05 0.0328827 9.9982E-05 0.145685 0.000879732
9.999E-05 0.48865 0.218677 0.0664782 0.0904043 0.0322033 0.0275318 0.0759556
0.0513789 0.326031 0.236074 0.0818958 0.0711555 0.0458891 0.134935 0.0526401
9.999E-05 0.0153736 0.549832 0.141514 0.0565357 0.108767 0.115839 0.0120389
0.0561459 0.519669 0.161312 0.0899055 0.0410345 0.0237895 0.0832668 0.0248766
0.084563 0.398872 0.297835 0.0748505 0.066027 9.9991E-05 0.065177 0.0125757
9.9973E-05 9.9973E-05 0.603213 0.0445291 0.0723389 0.11917 0.160449 9.9973E-05
0.0456166 0.336882 0.475248 9.9973E-05 0.0688352 9.9973E-05 0.0731176 9.9973E-05
0.0706776 0.519679 0.151364 0.0269899 0.113507 9.9991E-05 0.0555908 0.0620918
0.016948 0.623187 0.178947 0.0614019 0.017891 0.0695476 0.0294601 0.00261743
9.9991E-05 0.182145 0.546354 0.090942 0.0818315 0.0305911 0.0348984 0.0331374
0.118364 0.414295 0.298557 0.058173 0.0266501 9.9991E-05 0.0590277 0.0248337
0.0671569 0.506097 0.231331 0.0545034 0.0332309 0.0406273 0.0271211 0.0399332
0.0209595 0.13144 0.587069 0.0385766 0.0654257 0.0590644 0.0973643 9.9991E-05
9.9973E-05 0.442067 0.0300451 0.0368444 0.473725 9.9973E-05 0.0170191 9.9973E-05
9.9964E-05 0.173923 0.121081 0.0228472 0.681749 9.9964E-05 9.9964E-05 9.9964E-05
0.024797 0.473557 0.0349664 0.0907495 0.313733 9.99888E-05 9.99888E-05 0.0619973
0.0355114 9.9964E-05 9.9964E-05 9.9964E-05 0.86519 0.0811834 9.9964E-05 0.0177152
0.0531849 9.9955E-05 9.9955E-05 9.9955E-05 0.844878 0.101438 9.9955E-05 9.9955E-05
0.00472316 0.228875 9.9964E-05 9.9964E-05 0.704509 0.0614931 9.9964E-05 9.9964E-05
9.9973E-05 0.481949 0.0144306 0.0279673 0.3953 9.9973E-05 0.0800537 9.9973E-05
0.0394561 0.547723 0.000905895 0.0974216 0.122533 0.0933132 0.0391186 0.0595284
0.0177013 0.505508 9.9973E-05 0.000266257 0.473911 0.00231269 9.9973E-05 9.9973E-05
9.9964E-05 0.0930062 0.269198 0.0457573 0.591639 9.9964E-05 9.9964E-05 9.9964E-05
9.9973E-05 0.241244 0.156732 0.01582 0.520028 9.9973E-05 0.0658756 9.9973E-05
9.9982E-05 0.524841 0.0694559 0.0698769 0.246092 9.9982E-05 0.0219364 0.0675976
9.9964E-05 0.293845 0.114256 0.0487099 0.542789 9.9964E-05 9.9964E-05 9.9964E-05
9.9973E-05 0.406045 0.13699 0.0309669 0.417426 9.9973E-05 9.9973E-05 0.00827255
0.0009984 0.437011 9.9964E-05 9.9964E-05 0.504507 0.0570838 9.9964E-05 9.9964E-05
0.134809 9.9955E-05 9.9955E-05 9.9955E-05 0.649471 0.215221 9.9955E-05 9.9955E-05
0.0301411 0.565765 9.9991E-05 0.00650182 0.280235 0.0760768 0.00777627 0.0334038
9.9964E-05 0.0901326 9.9964E-05 0.836439 0.0108949 9.9964E-05 0.0621332 9.9964E-05
9.9946E-05 0.0816495 9.9946E-05 0.917751 9.9946E-05 9.9946E-05 9.9946E-05 9.9946E-05
9.9955E-05 0.114499 9.9955E-05 0.848959 9.9955E-05 9.9955E-05 9.9955E-05 0.0360419
9.9964E-05 0.0150243 9.9964E-05 0.92856 9.9964E-05 0.00398179 9.9964E-05 0.0520339
0.00778473 9.9973E-05 0.000418955 0.947382 0.0146324 9.9973E-05 9.9973E-05 0.0294824
0.00736513 0.0910652 9.9968E-05 0.878456 9.9968E-05 9.9968E-05 9.9968E-05 0.0227143
9.9955E-05 0.0839211 9.9955E-05 0.914987 9.9955E-05 9.9955E-05 0.000591802 9.9955E-05
0.0161724 0.522383 0.082293 0.0653397 0.231668 9.9991E-05 0.0290794 0.0529649
0.0338037 0.550683 0.046421 0.11332 0.0868054 0.031668 0.0789563 0.0583428
9.9973E-05 0.00677441 0.138346 0.0652682 0.690108 9.9973E-05 0.0992037 9.9973E-05
0.0530131 0.597708 0.0461467 0.104048 0.107807 0.0168996 0.0742783 9.9991E-05
9.9973E-05 0.343583 0.118263 0.023411 0.433517 9.9973E-05 0.0809257 9.9973E-05
9.9991E-05 0.511921 0.00545596 0.0502709 0.326537 0.0164964 0.060599 0.0286195
0.0394512 0.542557 0.0459677 9.9982E-05 0.272862 0.059646 9.9982E-05 0.0393163
0.0597223 0.492625 0.0262853 0.0342768 0.335575 9.9991E-05 0.0302136 0.0212029
9.9964E-05 9.9964E-05 0.212092 0.0329659 0.658351 9.9964E-05 0.0961913 9.9964E-05
0.0594133 0.476345 0.0670329 0.0814075 0.197011 0.0084051 0.0647744 0.045611
9.9991E-05 0.661327 0.0237839 0.0517569 0.121475 0.0729785 0.0495652 0.0190131
0.0376482 0.581533 0.0425811 0.0876627 0.133411 0.035119 0.0681064 0.013938
0.0396962 0.289971 9.9964E-05 9.9964E-05 0.498844 0.171089 9.9964E-05 9.9964E-05
0.0606186 0.493405 9.9973E-05 9.9973E-05 0.386682 0.0486567 9.9973E-05 0.0103373
9.9964E-05 0.463484 0.114597 9.9964E-05 0.373086 9.9964E-05 0.0484339 9.9964E-05
0.0433031 0.405566 9.9964E-05 9.9964E-05 0.524794 0.0259376 9.9964E-05 9.9964E-05
9.9973E-05 0.434072 0.0841762 0.039536 0.371743 9.9973E-05 0.0701726 9.9973E-05
0.00179343 0.55938 0.0221767 0.107757 0.181528 0.0368154 0.0657333 0.0248165
0.166253 0.265931 0.241976 0.00704102 9.9991E-05 0.107618 0.170977 0.0401026
9.9973E-05 0.359488 0.365014 0.0633393 9.9973E-05 0.0804076 0.131452 9.9973E-05
0.00461919 0.492467 0.165772 0.0926725 0.0667652 0.0446742 0.0584543 0.0745754
0.0450707 0.507738 0.063896 0.0565141 0.0635035 0.0923664 0.0889955 0.0819154
0.0097519 0.446388 0.327771 0.0045171 9.9982E-05 0.0268658 0.184506 9.9982E-05
0.0304599 0.54556 0.157532 0.0233881 9.9991E-05 0.0731149 0.135682 0.0341636
9.9964E-05 0.407142 0.344301 0.0423555 9.9964E-05 9.9964E-05 0.205801 9.9964E-05
0.068649 0.505312 0.109908 0.0472249 0.0256048 0.0858915 0.12941 0.0279994
0.0557499 0.550195 0.105495 0.0431217 0.0193036 0.0326069 0.124665 0.0688636
0.00756575 0.567246 0.19323 0.0654954 9.9982E-05 0.0500585 0.116204 9.9982E-05
0.0471741 0.568583 0.183218 0.00199966 0.00589674 0.00807567 0.184952 9.9991E-05
0.115537 0.581052 0.101708 0.0281036 9.9991E-05 0.0505958 0.0426499 0.0802528
0.0659048 0.55335 0.121017 0.0697456 9.9991E-05 0.100567 0.0367825 0.0525327
0.0949689 0.536865 0.190523 9.9991E-05 0.00201865 0.0424154 0.0741824 0.0589271
0.0649378 0.519078 0.0735132 0.0441879 0.0187155 0.100757 0.097078 0.0817324
0.150416 0.584331 0.152101 0.00357784 9.9991E-05 0.0179724 0.0640944 0.027408
0.0927381 0.313043 0.171101 0.0548189 0.0353207 0.177833 0.126465 0.02868
0.0324242 0.625582 0.110614 0.022507 0.0312851 0.0261478 0.0970252 0.0544152
0.10573 0.658578 0.0148458 0.018891 0.00324785 0.0411605 0.132596 0.0249506
0.0138311 0.154131 0.536567 9.9973E-05 0.0704164 9.9973E-05 0.224755 9.9973E-05
0.21249 0.0483888 0.440338 9.9991E-05 0.0279844 0.210857 0.0260024 0.0338394
0.0588383 0.434291 0.278224 0.0419336 0.0472946 0.0437662 0.0576347 0.0380173
0.244854 9.9973E-05 0.377323 9.9973E-05 0.0918128 0.197876 0.0878349 9.9973E-05
0.0605176 0.224744 0.557859 9.9964E-05 9.9964E-05 9.9964E-05 0.156479 9.9964E-05
0.00503866 0.393323 0.378043 9.9973E-05 0.0638752 9.9973E-05 0.15942 9.9973E-05
0.014511 0.279661 0.377434 0.0213607 0.0946386 0.00430658 0.207988 9.9991E-05
0.0675006 0.248996 0.501238 9.9964E-05 9.9964E-05 9.9964E-05 0.181865 9.9964E-05
0.00468698 0.561421 0.240282 0.0593242 9.9991E-05 0.00364156 0.101946 0.0285983
0.0199051 0.544394 0.121751 0.0978751 0.0204311 0.0407801 0.108438 0.0464257
0.0921537 0.558228 0.220448 0.0325394 0.00410636 0.00828939 0.0778576 0.00637703
0.128483 0.122618 0.478172 9.9991E-05 0.0118627 0.177025 0.0764788 0.00525926
0.0899657 0.452738 0.0975465 0.0975873 0.111815 0.0270371 0.0526311 0.0706787
0.078099 0.489316 0.03395 0.0253234 0.0237475 0.222831 0.0749613 0.0517713
0.149341 9.9982E-05 0.0298628 0.0438285 0.128921 0.597925 0.0499216 9.9982E-05
9.9982E-05 0.610108 0.0954505 0.0491758 0.033055 0.156007 9.9982E-05 0.0560033
0.111434 0.280006 0.0581551 0.0506593 0.11549 0.280194 0.0554519 0.0486088
0.0910261 0.466702 0.0224151 0.0801436 0.0404039 0.178815 0.0491645 0.0713297
0.0687491 0.257532 0.0401626 0.0555789 0.0611536 0.408241 0.108483 9.9991E-05
0.125664 0.0963564 0.0513209 0.0131542 0.0940113 0.483302 0.136091 9.9991E-05
0.113339 0.430608 0.00816844 9.9991E-05 0.0662692 0.282197 0.0833018 0.0160168
0.0865945 0.480517 0.0819052 0.0718344 0.0326085 0.142473 0.0546908 0.0493766
9.9991E-05 0.43181 0.110751 0.143042 0.0529517 0.16943 0.044151 0.0477633
0.139775 0.0105834 0.278594 0.0122988 0.132909 0.345148 9.9991E-05 0.0805915
0.108448 0.51324 0.0694917 0.0681498 0.00560259 0.106434 0.0687963 0.0598372
0.106167 0.3319 0.0737108 9.9982E-05 0.0994353 0.373828 0.0147587 9.9982E-05
0.104825 0.424607 0.125011 9.9982E-05 0.0945288 0.220138 0.0306903 9.9982E-05
9.9991E-05 0.532961 0.0627926 0.0601572 0.057041 0.188966 0.0300829 0.067899
9.9982E-05 0.168988 0.00614051 0.348577 9.9982E-05 0.244388 0.0138619 0.217845
9.9955E-05 9.9955E-05 9.9955E-05 0.423641 9.9955E-05 0.434275 9.9955E-05 0.141584
9.9955E-05 9.9955E-05 9.9955E-05 0.390226 9.9955E-05 0.468156 9.9955E-05 0.141118
9.9973E-05 0.0947878 0.0272682 0.307995 9.9973E-05 0.316981 9.9973E-05 0.252668
0.0668599 0.608896 0.0619008 9.9982E-05 0.0533003 0.202707 0.00613626 9.9982E-05
0.0188126 0.640356 0.0204137 0.0873821 0.0811753 0.0948805 0.0234499 0.0335295
9.9964E-05 0.30009 0.0366713 9.9964E-05 9.9964E-05 9.9964E-05 0.00945242 0.653387
0.0202278 0.361701 0.104854 0.0294826 0.0295221 9.9991E-05 0.022254 0.431859
0.0486497 0.386183 0.0180433 0.0390504 9.9982E-05 9.9982E-05 0.107884 0.39999
0.17643 0.263598 0.102382 9.9982E-05 0.0272988 0.422459 0.00763143 9.9982E-05
0.0307565 0.412977 0.0568938 0.101656 0.112199 0.0997972 0.0948968 0.0908241
0.12573 0.241317 0.147816 9.9973E-05 0.00888348 0.475953 9.9973E-05 9.9973E-05
0.109857 0.570251 0.069275 0.00614916 9.9973E-05 0.244168 9.9973E-05 9.9973E-05
0.118814 0.510126 0.0291239 9.9973E-05 9.9973E-05 0.271225 0.0704111 9.9973E-05
0.022486 0.614616 9.9973E-05 9.9973E-05 0.0419391 0.293545 0.027114 9.9973E-05
0.100769 0.247804 9.9964E-05 9.9964E-05 0.0748654 0.576162 9.9964E-05 9.9964E-05
0.0324841 0.647339 9.9982E-05 0.0424809 0.0810421 0.173372 9.9982E-05 0.0230827
0.0677854 0.591924 9.9991E-05 0.080313 0.05857 0.156834 0.0344325 0.010041
0.0058347 0.0165444 9.9964E-05 9.9964E-05 0.0272358 9.9964E-05 9.9964E-05 0.949985
0.0119833 0.0448148 0.0262066 9.9964E-05 9.9964E-05 9.9964E-05 9.9964E-05 0.916595
0.00897483 0.259461 0.0992296 0.0604695 0.0160595 9.9991E-05 0.00990411 0.545801
9.9964E-05 0.35799 9.9964E-05 0.00519472 9.9964E-05 9.9964E-05 0.0182041 0.618211
9.9973E-05 0.118602 0.0373895 9.9973E-05 0.012832 9.9973E-05 0.024387 0.80649
9.994E-05 9.994E-05 9.994E-05 9.994E-05 9.994E-05 9.994E-05 9.994E-05 0.9993
9.9946E-05 9.9946E-05 9.9946E-05 9.9946E-05 9.9946E-05 9.9946E-05 0.0383834 0.961017
0.00310517 0.123659 0.0425771 9.9964E-05 9.9964E-05 9.9964E-05 9.9964E-05 0.830259
9.9946E-05 9.9946E-05 9.9946E-05 9.9946E-05 9.9946E-05 9.9946E-05 0.0744287 0.924972
9.994E-05 9.994E-05 9.994E-05 9.994E-05 9.994E-05 9.994E-05 9.994E-05 0.9993
9.994E-05 9.994E-05 9.994E-05 9.994E-05 9.994E-05 9.994E-05 9.994E-05 0.9993
9.9964E-05 0.17929 0.0399991 0.00885301 9.9964E-05 9.9964E-05 9.9964E-05 0.771458
9.9982E-05 0.0949075 0.0501785 0.00767272 0.00994506 9.9982E-05 0.0523302 0.784766
9.994E-05 9.994E-05 9.994E-05 9.994E-05 9.994E-05 9.994E-05 9.994E-05 0.9993
0.0577574 0.339622 0.0597131 0.0636192 0.00283869 0.0400233 0.0538439 0.382582
9.9964E-05 0.266237 9.9964E-05 0.0613392 9.9964E-05 9.9964E-05 0.04017 0.631853
9.9973E-05 0.135408 9.9973E-05 0.0201286 9.9973E-05 0.0167917 0.0296541 0.797718
9.9964E-05 0.100612 0.00564479 9.9964E-05 0.00582219 9.9964E-05 9.9964E-05 0.887521
9.994E-05 9.994E-05 9.994E-05 9.994E-05 9.994E-05 9.994E-05 9.994E-05 0.9993
9.9955E-05 0.0337545 0.0261669 9.9955E-05 9.9955E-05 9.9955E-05 9.9955E-05 0.939579
9.9946E-05 9.9946E-05 9.9946E-05 0.000410698 9.9946E-05 9.9946E-05 9.9946E-05 0.99899
9.9982E-05 0.228702 0.0347339 0.0355297 0.0269595 9.9982E-05 0.0276155 0.646259
9.9946E-05 9.9946E-05 9.9946E-05 9.9946E-05 0.0425476 9.9946E-05 9.9946E-05 0.956853
0.0761645 9.9964E-05 9.9964E-05 0.225628 9.9964E-05 0.652396 9.9964E-05 0.0454117
0.0033333 0.388488 0.000571289 0.183844 9.9991E-05 0.296902 0.062952 0.0638095
0.0517058 0.476796 9.9982E-05 0.127567 9.9982E-05 0.26894 0.0251284 0.0496622
9.9973E-05 0.221939 9.9973E-05 0.135776 9.9973E-05 0.503102 0.0418604 0.0970226
0.0170888 0.448597 0.0642275 0.116939 0.045505 0.180555 0.017154 0.109934
9.9973E-05 0.146716 0.0153561 0.17014 9.9973E-05 0.567764 9.9973E-05 0.0997237
0.0575189 0.437391 0.046544 0.172996 0.010013 0.168636 9.9991E-05 0.106801
9.9964E-05 0.377185 9.9964E-05 0.161833 9.9964E-05 0.391921 9.9964E-05 0.0686608
9.9973E-05 0.513412 9.9973E-05 0.124074 9.9973E-05 0.263481 0.0107527 0.0879797
9.9973E-05 0.367834 0.0631227 0.156149 9.9973E-05 0.310204 9.9973E-05 0.10239
0.074639 0.437627 0.0111985 0.168952 0.0165437 0.190422 9.9991E-05 0.100517
0.0158696 0.0445762 9.9973E-05 0.884054 9.9973E-05 0.0223017 0.0328981 9.9973E-05
0.0368792 9.9955E-05 9.9955E-05 0.903858 9.9955E-05 9.9955E-05 9.9955E-05 0.0587629
9.9955E-05 0.0354421 9.9955E-05 0.937289 9.9955E-05 9.9955E-05 0.0267687 9.9955E-05
9.9946E-05 9.9946E-05 9.9946E-05 0.960908 9.9946E-05 0.0384924 9.9946E-05 9.9946E-05
9.9964E-05 0.0514464 0.0218097 0.917318 9.9964E-05 0.00902616 9.9964E-05 9.9964E-05
0.0110045 9.9946E-05 9.9946E-05 0.988396 9.9946E-05 9.9946E-05 9.9946E-05 9.9946E-05
9.9964E-05 0.0596863 0.0135829 0.924114 9.9964E-05 9.9964E-05 0.00221723 9.9964E-05
0.0243402 0.00244848 0.00475959 0.936928 9.9973E-05 9.9973E-05 0.0312236 9.9973E-05
9.9982E-05 9.9982E-05 0.0119953 0.879663 0.03723 0.0160905 0.0142742 0.0405467
9.9973E-05 0.0236898 9.9973E-05 0.895954 9.9973E-05 0.0542973 0.0204954 0.00526327
9.9973E-05 9.9973E-05 0.0580983 0.57489 0.0385248 0.0799051 0.248282 9.9973E-05
0.0273696 9.9982E-05 0.0600532 0.607376 0.0174723 0.0328936 0.254636 9.9982E-05
0.00836529 9.9982E-05 0.126476 0.527487 0.045073 0.0704475 0.221951 9.9982E-05
9.9973E-05 9.9973E-05 0.146217 0.416165 0.0130491 0.136855 0.287414 9.9973E-05
9.9991E-05 0.462561 0.156361 0.0590705 0.262364 0.000698826 0.0552807 0.00356288
0.0228673 0.430301 0.124737 0.0203563 0.317622 9.9991E-05 0.0307997 0.0532163
9.9973E-05 0.516507 0.191641 0.0472221 0.192883 9.9973E-05 0.0514477 9.9973E-05
0.00226052 0.354878 0.230129 0.0414126 0.257516 9.9982E-05 0.113604 9.9982E-05
0.0635982 0.115076 0.587156 9.9973E-05 9.9973E-05 9.9973E-05 0.233367 0.00050262
0.0434097 0.618122 0.0913311 0.00468168 0.165708 9.9991E-05 0.0428558 0.0337916
9.9973E-05 0.588241 0.0159772 9.9973E-05 0.303053 9.9973E-05 0.0811141 0.0113143
0.0706944 0.52861 0.0590091 9.9982E-05 0.253782 0.0794629 0.00824095 9.9982E-05
0.0753486 0.384453 9.9973E-05 9.9973E-05 0.528454 0.00573822 9.9973E-05 0.00570623
0.0432971 0.575417 0.0450551 0.0428897 0.165346 0.0349464 0.0676734 0.0253746
9.9973E-05 0.410997 0.0711979 0.0148901 0.458578 9.9973E-05 0.0440377 9.9973E-05
0.140837 9.9955E-05 9.9955E-05 9.9955E-05 0.795608 0.063055 9.9955E-05 9.9955E-05
0.0384585 0.546126 0.147418 0.0860759 0.108192 0.0175772 0.0441767 0.0119751
0.0564375 0.165653 9.9964E-05 9.9964E-05 0.642861 0.134649 9.9964E-05 9.9964E-05
0.0260112 0.556766 0.0259898 0.0201136 0.340397 9.9982E-05 0.0305218 9.9982E-05
9.9973E-05 0.119636 0.196679 0.0183719 0.621871 9.9973E-05 0.0431427 9.9973E-05
9.9964E-05 0.0359522 9.9964E-05 0.0680515 9.9964E-05 0.0586192 0.836977 9.9964E-05
9.9964E-05 0.0837989 9.9964E-05 0.0224475 9.9964E-05 0.0423196 0.851034 9.9964E-05
9.9973E-05 0.0789164 9.9973E-05 0.0315547 0.0180448 0.0422247 0.828959 9.9973E-05
9.9964E-05 9.9964E-05 9.9964E-05 0.0578751 0.0487212 0.0596125 0.833391 9.9964E-05
9.9955E-05 0.138833 9.9955E-05 9.9955E-05 9.9955E-05 0.0227418 0.837926 9.9955E-05
9.9964E-05 0.109675 9.9964E-05 9.9964E-05 9.9964E-05 0.0397096 0.808797 0.0414183
9.9973E-05 0.0259519 9.9973E-05 0.871772 0.0628313 9.9973E-05 0.00482244 0.0343225
9.99889E-05 0.112578 0.0376472 0.807283 9.99889E-05 0.0174445 0.0136062 0.0112407
0.00877055 0.126759 0.0102181 0.767389 0.0154489 9.9991E-05 0.0167958 0.0545193
9.9964E-05 9.9964E-05 9.9964E-05 0.828174 0.0775917 9.9964E-05 0.014124 0.0797104
9.9982E-05 0.133359 0.032424 0.764767 9.9982E-05 0.0182357 0.00738077 0.043634
9.9955E-05 9.9955E-05 9.9955E-05 0.346966 9.9955E-05 0.0920938 0.56044 9.9955E-05
0.00405892 9.9973E-05 9.9973E-05 0.382144 9.9973E-05 0.0583283 0.539499 0.0156697
0.0300645 0.0105338 9.9982E-05 0.368948 9.9982E-05 0.0343576 0.519822 0.0360741
0.0160673 0.106181 9.9964E-05 0.847562 9.9964E-05 9.9964E-05 0.0297901 9.9964E-05
0.0474589 9.9982E-05 9.9982E-05 0.36738 0.037987 0.00546723 0.537501 0.00400564
9.9964E-05 0.283154 9.9964E-05 0.22865 9.9964E-05 0.191968 9.9964E-05 0.295828
9.9982E-05 0.545623 0.0549157 0.116666 9.9982E-05 0.0619024 0.00382585 0.216867
9.9955E-05 0.56401 9.9955E-05 0.19359 9.9955E-05 9.9955E-05 9.9955E-05 0.2419
9.9982E-05 0.318176 0.00203366 0.241308 0.0216509 0.164929 9.9982E-05 0.251702
0.0456305 0.479718 0.0943147 0.171115 9.9991E-05 0.0300925 0.0447709 0.134259
9.9955E-05 9.9955E-05 9.9955E-05 0.394546 9.9955E-05 0.304945 9.9955E-05 0.30001
0.0488341 0.387356 0.345249 9.9982E-05 0.061858 0.00216428 0.154339 9.9982E-05
0.161492 0.40253 0.259572 9.9982E-05 0.0164515 0.109782 0.0499726 9.9982E-05
9.9964E-05 0.184695 0.553476 9.9964E-05 0.106061 9.9964E-05 0.155368 9.9964E-05
0.169358 0.506859 0.188968 9.9982E-05 0.0474002 0.03876 0.0484537 9.9982E-05
0.307942 9.9973E-05 0.233841 9.9973E-05 0.0367776 0.301735 0.119404 9.9973E-05
0.00243083 0.531974 0.159333 0.0571989 0.0244262 0.128326 0.0496556 0.0466556
0.125662 0.488097 0.131357 9.9991E-05 0.0222871 0.08164 0.101864 0.0489926
9.9982E-05 0.26189 0.475538 0.0161657 0.0261392 0.0646397 0.155428 9.9982E-05
0.0128417 0.516517 0.193875 0.0853565 0.0494581 0.0262885 0.0956422 0.0200216
0.168971 0.0429712 0.479394 9.9982E-05 0.060651 0.236588 0.0112245 9.9982E-05
0.0945913 0.508126 0.18777 9.9982E-05 0.0357698 0.109339 0.0642042 9.9982E-05
0.0450276 0.458065 0.27718 0.0047943 0.0718582 0.000154815 0.129776 0.013144
0.0915687 0.353367 0.181581 0.0939042 0.0594737 0.0599108 9.9991E-05 0.160095
0.14308 0.269586 0.338228 9.9982E-05 0.0629965 0.12085 0.0650592 9.9982E-05
0.10144 0.373941 0.214561 9.9991E-05 0.0653738 0.141313 0.0736838 0.0295878
0.15356 0.53066 0.129037 9.9991E-05 0.0237423 0.0436924 0.0859752 0.0332329
0.0868686 0.508981 0.251411 9.9982E-05 0.0408148 0.0549118 0.0568124 9.9982E-05
0.104748 0.60237 0.0405843 0.0512248 0.0490017 0.0137795 0.083181 0.055111
0.0204926 0.479792 0.151188 0.0666471 0.107326 9.9991E-05 0.0914898 0.0829644
0.0354857 0.535336 0.203996 0.0998746 0.0396019 9.9982E-05 0.0855049 9.9982E-05
9.9955E-05 0.123553 9.9955E-05 0.849059 9.9955E-05 9.9955E-05 9.9955E-05 0.026888
9.9946E-05 0.108757 9.9946E-05 0.890643 9.9946E-05 9.9946E-05 9.9946E-05 9.9946E-05
9.9973E-05 0.0594888 9.9973E-05 0.871987 0.00371887 0.018201 0.0463043 9.9973E-05
0.000113233 0.00862399 0.0195833 0.914914 0.0116049 9.9982E-05 9.9982E-05 0.0449604
9.9955E-05 0.0867321 9.9955E-05 0.894109 9.9955E-05 9.9955E-05 0.0186593 9.9955E-05
0.025842 0.00630394 0.661259 0.0389272 0.0717942 0.0359882 0.140078 0.0198075
0.118935 0.477755 0.169933 0.0378212 0.0445555 0.047897 0.0616383 0.0414649
0.0408878 0.447719 9.9973E-05 0.194254 9.9973E-05 0.122314 9.9973E-05 0.194525
0.0154374 0.573123 0.276821 0.0194079 9.9982E-05 9.9982E-05 0.0662487 0.0487625
9.9973E-05 0.467956 0.378457 0.0419218 0.0372184 9.9973E-05 0.0741469 9.9973E-05
0.178809 0.212999 0.419552 9.9982E-05 0.00752994 0.148775 0.0321366 9.9982E-05
9.9973E-05 9.9973E-05 0.677163 0.0413212 0.0042134 0.0273976 0.249605 9.9973E-05
9.9982E-05 0.443369 0.303311 0.0600392 0.0518286 9.9982E-05 0.138611 0.00264052
0.00616075 0.136833 0.51604 0.0452138 9.9991E-05 0.00879243 0.251131 0.0357297
0.0804643 0.495548 0.124509 0.0333909 0.0796858 0.122398 0.0632634 0.000740415
0.0507402 0.0415 0.608078 0.0738069 9.9982E-05 0.00982629 0.215849 9.9982E-05
0.035455 0.509669 0.228979 0.0598553 9.9982E-05 9.9982E-05 0.108467 0.0573741
9.9982E-05 0.0440005 0.639615 0.0577319 0.0879803 0.032996 0.137476 9.9982E-05
0.143573 0.178403 0.449298 9.9991E-05 0.0472729 0.0712206 0.0273554 0.0827772
0.0668938 0.531694 0.0684819 0.0313793 0.051937 0.178472 0.0678388 0.00330276
0.0950764 0.31322 0.0489524 9.9982E-05 0.0391112 0.442783 0.0606573 9.9982E-05
0.0620628 0.545399 0.0156785 0.010996 0.0295933 0.289089 0.047082 9.9991E-05
0.0533798 0.516087 0.113672 0.0973453 0.023102 0.165222 0.0280305 0.00316092
0.0709405 0.260329 0.0147616 9.9982E-05 0.0910457 0.520649 0.0420734 9.9982E-05
0.0980235 0.551195 0.0279977 0.0853399 0.00469794 0.145846 0.0397695 0.0471304
0.0440255 0.553238 9.9982E-05 0.00984546 0.0572681 0.238065 0.0973581 9.9982E-05
0.147016 0.129289 9.9973E-05 9.9973E-05 0.127489 0.529864 0.0660414 9.9973E-05
0.0336825 0.220672 9.9973E-05 9.9973E-05 0.0738783 0.616893 0.0545742 9.9973E-05
0.0392156 0.477367 0.0331402 9.9982E-05 0.00300129 0.403507 0.0435682 9.9982E-05
0.0859814 0.0831322 9.9973E-05 9.9973E-05 0.178606 0.534601 0.117379 9.9973E-05
0.0220608 0.428396 0.0439208 9.9982E-05 0.0580882 0.342984 0.10435 9.9982E-05
0.00340587 0.0369373 0.745945 9.9973E-05 0.0420417 9.9973E-05 0.17137 9.9973E-05
0.291251 0.0424921 0.525207 9.9982E-05 9.9982E-05 0.0172261 0.0252685 0.0983559
0.0153677 0.351951 0.429404 0.0422361 0.0257031 9.9991E-05 0.105266 0.0299722
9.9982E-05 0.472835 0.233396 0.0314671 0.0738884 9.9982E-05 0.136162 0.052051
9.9964E-05 0.13593 0.585161 9.9964E-05 0.0990576 9.9964E-05 0.179452 9.9964E-05
0.0530438 0.470651 0.185668 0.0495899 0.0392232 0.0900574 0.0569781 0.0547886
0.068686 0.556347 0.183101 0.0470066 0.00297404 0.00078858 0.100943 0.0401538
0.0836029 0.410169 0.276373 9.9991E-05 0.019813 0.0352278 0.115079 0.0596347
0.109032 0.415976 0.238869 0.0122424 0.0206592 9.9991E-05 0.125672 0.0774489
0.0246604 0.37508 0.327376 0.0183829 0.0212604 9.9991E-05 0.159323 0.0738175
0.0186543 0.171677 0.56996 9.9982E-05 0.0589861 9.9982E-05 0.15315 0.0273717
0.0464824 0.332747 0.386874 9.9982E-05 0.00897337 9.9982E-05 0.193494 0.0312293
0.119988 0.539765 0.193921 9.9991E-05 0.00606186 0.0256069 0.0640902 0.0504675
0.0282825 0.574751 0.162253 0.018069 0.0355858 0.0883624 0.0427008 0.0499953
0.0592136 0.248965 0.260813 0.0167671 0.0849347 0.0931796 0.126518 0.109609
0.106121 0.407414 0.237708 9.9982E-05 0.0479176 9.9982E-05 0.104185 0.0964539
0.0251022 0.23623 0.464497 9.9982E-05 0.0433254 9.9982E-05 0.176201 0.0544443
0.030481 0.467726 0.306246 9.9973E-05 9.9973E-05 9.9973E-05 0.122727 0.07252
0.0557301 0.403926 0.333757 0.016229 9.9982E-05 9.9982E-05 0.122332 0.0678253
0.115923 0.540208 0.101913 0.0486046 0.0371896 0.0164162 0.0880621 0.0516841
9.9973E-05 0.432926 0.0774872 0.334299 9.9973E-05 0.0519235 9.9973E-05 0.103064
0.0101711 0.575808 0.0677444 0.148548 0.0241882 0.0824732 9.9991E-05 0.0909673
0.0305789 0.458313 0.103753 0.131062 0.077915 0.0519788 0.0160839 0.130315
0.0915013 0.505508 0.0636669 0.115087 0.0200421 0.0874162 9.9991E-05 0.116678
0.0149021 0.469919 9.9982E-05 0.174552 0.0240539 0.140353 9.9982E-05 0.17602
0.129095 0.474946 0.182833 9.9982E-05 0.011598 0.114225 0.0871025 9.9982E-05
0.0535015 0.484403 9.9991E-05 0.140295 0.0611518 0.105755 0.024801 0.129993
0.0662419 0.00345716 0.179182 0.162768 0.0152191 0.38295 9.9991E-05 0.190082
0.0319618 0.582253 0.0992662 0.103985 0.00573768 0.085016 0.00353667 0.0882429
0.078453 0.501403 0.101947 0.162031 9.9982E-05 0.0341136 9.9982E-05 0.121852
0.0460415 0.501663 0.115898 0.0902548 0.0188016 0.0485345 0.00895899 0.169847
0.0834468 0.312007 0.119691 0.169398 0.00666421 0.238232 9.9991E-05 0.0704595
9.9982E-05 0.572525 0.0782874 0.198729 9.9982E-05 0.0446151 0.0115648 0.0940789
0.0935008 0.464142 9.9982E-05 0.118904 9.9982E-05 0.0719609 0.0403215 0.21097
9.9955E-05 9.9955E-05 9.9955E-05 0.424395 9.9955E-05 0.45529 9.9955E-05 0.119816
0.0348163 0.508431 0.0168434 0.168511 0.022007 0.0783583 0.0197578 0.151275
0.0437761 0.553997 0.0143792 0.149984 9.9982E-05 0.0680357 9.9982E-05 0.169627
0.0762659 0.575549 0.0985439 0.101845 9.9982E-05 0.080703 9.9982E-05 0.0668927
0.0207675 0.541222 9.9973E-05 0.195425 9.9973E-05 0.0651129 9.9973E-05 0.177173
9.9982E-05 0.489256 0.115973 0.193599 0.0353395 0.0739739 9.9982E-05 0.0916591
0.470304 0.404465 9.9982E-05 0.0413262 0.0565114 9.9982E-05 0.0174452 0.00974813
0.200705 0.462817 0.0860189 0.0426311 0.0399211 0.0647098 0.0116803 0.0915168
0.887204 9.9973E-05 0.0170733 9.9973E-05 0.0553363 0.0165557 0.0235303 9.9973E-05
0.928259 9.9964E-05 0.0647064 0.00257069 9.9964E-05 9.9964E-05 0.00406412 9.9964E-05
0.303666 0.4761 0.139783 0.0731585 0.00121793 0.00587478 9.9982E-05 9.9982E-05
0.102534 0.336954 0.0374191 0.114919 9.9982E-05 0.100649 9.9982E-05 0.307326
0.231186 0.31773 9.9973E-05 0.158147 9.9973E-05 0.0196686 9.9973E-05 0.272969
0.285882 0.152392 0.0181013 0.163087 9.9982E-05 0.075156 9.9982E-05 0.305182
0.195192 0.345354 9.9973E-05 0.133892 9.9973E-05 0.0829992 9.9973E-05 0.242263
0.731711 0.0553649 9.9973E-05 0.0959011 9.9973E-05 0.0783318 9.9973E-05 0.0383908
0.722455 0.0961493 9.9964E-05 0.132593 9.9964E-05 9.9964E-05 9.9964E-05 0.0484026
0.353499 0.524874 0.0394431 9.9973E-05 0.00326479 9.9973E-05 9.9973E-05 0.0786187
0.474078 0.349878 9.9964E-05 0.0596014 9.9964E-05 9.9964E-05 9.9964E-05 0.116043
0.691521 0.196029 9.9973E-05 0.0586636 9.9973E-05 9.9973E-05 0.00551172 0.0479751
0.312695 0.506275 0.046699 0.0722085 9.9991E-05 0.000185879 0.00819983 0.0536376
0.33004 0.590436 9.9973E-05 0.0305813 9.9973E-05 0.0082002 9.9973E-05 0.0404419
0.298556 0.47252 0.0600115 0.10258 9.9982E-05 0.0146913 9.9982E-05 0.0514415
0.684634 0.314767 9.9946E-05 9.9946E-05 9.9946E-05 9.9946E-05 9.9946E-05 9.9946E-05
0.492334 0.365097 0.0872047 0.0184833 0.0365816 9.9973E-05 9.9973E-05 9.9973E-05
0.338056 0.462903 0.0655376 0.0129692 0.0207867 0.0412889 0.027722 0.0307376
0.353773 0.45952 0.0369719 0.0373776 9.9982E-05 0.0134868 0.098671 9.9982E-05
0.293173 0.468869 0.124009 0.0522784 9.9973E-05 9.9973E-05 9.9973E-05 0.0613707
0.472237 0.421948 9.9973E-05 0.00142606 0.0623086 0.0417812 9.9973E-05 9.9973E-05
0.83017 0.134725 9.9955E-05 9.9955E-05 9.9955E-05 9.9955E-05 0.0346056 9.9955E-05
0.343514 0.606825 9.9973E-05 0.0382266 9.9973E-05 9.9973E-05 0.00997909 0.00115567
0.746531 0.147096 0.0611581 9.9964E-05 9.9964E-05 9.9964E-05 0.0448155 9.9964E-05
0.53125 0.426075 9.9955E-05 0.0421753 9.9955E-05 9.9955E-05 9.9955E-05 9.9955E-05
0.323406 0.494539 0.00809019 0.0623598 0.0323493 9.9991E-05 0.0617187 0.0174364
0.338128 0.51275 0.0118619 0.0504606 0.0342993 9.9982E-05 0.0522996 9.9982E-05
0.0990218 0.476715 0.0344724 0.181265 0.00760028 0.0415007 0.0198312 0.139593
0.113125 0.385865 0.0590171 0.151199 0.0395539 0.0831661 0.0435539 0.124521
0.0753117 0.322276 9.9973E-05 0.196081 9.9973E-05 0.172743 9.9973E-05 0.233288
0.107379 0.297173 0.0798343 0.161653 9.9991E-05 0.0915485 0.00391449 0.258397
0.0234367 0.463619 0.0774425 0.131182 9.9991E-05 0.0818793 0.0799975 0.142343
0.120949 0.419991 0.0428164 0.166152 0.0354475 0.0903108 9.9991E-05 0.124233
0.680604 9.9964E-05 9.9964E-05 0.177313 9.9964E-05 0.055588 9.9964E-05 0.0860961
0.143658 0.516969 9.9982E-05 0.0999317 0.0109573 0.0226684 9.9982E-05 0.205615
0.371913 9.9964E-05 9.9964E-05 0.314072 9.9964E-05 0.233682 9.9964E-05 0.0799331
0.316644 0.46611 9.9964E-05 0.0439948 9.9964E-05 9.9964E-05 9.9964E-05 0.172852
0.91688 0.0684622 9.9955E-05 9.9955E-05 0.0141577 9.9955E-05 9.9955E-05 9.9955E-05
0.933985 9.9946E-05 9.9946E-05 9.9946E-05 0.0654152 9.9946E-05 9.9946E-05 9.9946E-05
0.515782 0.476478 0.00724021 9.99638E-05 9.99638E-05 9.99638E-05 9.99638E-05 9.99638E-05
0.414645 0.566643 9.9964E-05 0.00380812 9.9964E-05 9.9964E-05 9.9964E-05 0.0145038
0.624811 0.374589 9.9946E-05 9.9946E-05 9.9946E-05 9.9946E-05 9.9946E-05 9.9946E-05
0.42278 0.533797 9.9964E-05 9.9964E-05 0.0422171 9.9964E-05 9.9964E-05 0.000805931
0.458734 0.530578 9.9964E-05 9.9964E-05 0.00802233 9.9964E-05 9.9964E-05 0.00226606
0.023603 0.00349336 0.0253128 0.867305 0.026839 9.9991E-05 0.0448353 0.00851181
9.9991E-05 0.0413114 0.000507948 0.748363 0.0217093 0.0660412 0.0534882 0.0684794
0.00739909 9.9964E-05 9.9964E-05 0.935129 9.9964E-05 9.9964E-05 0.0405212 0.0165508
0.0178525 0.0194448 9.9955E-05 0.962203 9.9955E-05 9.9955E-05 9.9955E-05 9.9955E-05
0.00499622 0.528753 9.9991E-05 0.0647023 0.343731 0.0196655 0.0114564 0.0265958
9.9982E-05 0.570941 0.0470476 0.0450937 0.2656 0.0114499 0.0596673 9.9982E-05
9.9955E-05 0.522669 0.0706237 9.9955E-05 0.406207 9.9955E-05 9.9955E-05 9.9955E-05
9.9973E-05 0.589666 0.0163199 0.0894325 0.268644 9.9973E-05 0.0356375 9.9973E-05
9.9991E-05 0.546705 0.118095 0.0803836 0.102697 0.10188 0.0334441 0.0166957
9.9973E-05 0.257145 0.130369 0.0545083 0.543975 9.9973E-05 0.0137017 9.9973E-05
0.00355565 0.655614 9.9955E-05 9.9955E-05 0.34033 9.9955E-05 9.9955E-05 9.9955E-05
0.0763037 0.230317 9.9982E-05 0.00812024 0.577502 0.0768405 9.9982E-05 0.0307166
9.9982E-05 0.368754 0.0950399 0.299461 9.9982E-05 0.0289479 0.0549135 0.152684
0.134045 0.361391 0.0266861 9.9982E-05 0.382819 0.0358882 9.9982E-05 0.0589701
9.9973E-05 0.345312 0.0564159 0.00214196 0.518095 9.9973E-05 0.0777354 9.9973E-05
0.00108486 0.565405 9.9964E-05 9.9964E-05 0.362612 0.0704989 9.9964E-05 9.9964E-05
9.9973E-05 0.352721 0.036825 9.9973E-05 0.446758 9.9973E-05 0.122659 0.0407379
0.0520379 0.561451 9.9973E-05 9.9973E-05 0.375245 9.9973E-05 0.00622787 0.00473888
0.00746212 0.560092 0.00205908 0.0839066 0.315931 9.9982E-05 0.0303487 9.9982E-05
0.0374626 0.011685 9.9964E-05 9.9964E-05 0.865976 0.0844764 9.9964E-05 9.9964E-05
0.0641953 0.283815 0.00593479 9.9982E-05 0.548804 0.0566485 9.9982E-05 0.0404031
0.0607956 0.389697 9.9964E-05 9.9964E-05 0.541253 9.9964E-05 9.9964E-05 0.0078539
0.0647369 9.9955E-05 9.9955E-05 9.9955E-05 0.813708 0.121055 9.9955E-05 9.9955E-05
9.9973E-05 0.392494 0.114605 0.0489956 0.407847 9.9973E-05 0.0357577 9.9973E-05
0.0715086 0.0672854 0.025466 9.9973E-05 0.5882 0.24724 9.9973E-05 9.9973E-05
0.0325756 9.9955E-05 9.9955E-05 9.9955E-05 0.816903 0.150021 9.9955E-05 9.9955E-05
9.9991E-05 0.550154 0.0119916 0.0823123 0.327568 0.00145083 0.00729153 0.0191317
9.9982E-05 0.173463 0.177527 0.0182287 0.561404 9.9982E-05 0.0668211 0.00235613
9.9964E-05 0.475099 0.0636035 9.9964E-05 0.408403 9.9964E-05 0.0524953 9.9964E-05
9.9991E-05 0.511691 0.0490231 0.101186 0.169834 0.0971129 0.0165023 0.0545509
9.9973E-05 0.510231 0.0799829 0.0336853 0.348454 9.9973E-05 0.0273468 9.9973E-05
0.0839795 0.289314 0.400514 9.9982E-05 9.9982E-05 0.159581 0.0597202 0.00669167
0.0187866 0.535431 0.00541598 0.0282465 0.335621 9.9991E-05 0.0565833 0.0198158
9.9973E-05 0.457598 0.147373 0.0382212 0.35294 9.9973E-05 0.00356771 9.9973E-05
0.0657902 0.317705 9.9964E-05 9.9964E-05 0.571948 0.0441576 9.9964E-05 9.9964E-05
0.0324022 0.536148 0.0479884 0.0921782 0.23708 0.00811337 0.0459895 9.9991E-05
0.0140764 9.9973E-05 0.0115051 0.657283 9.9973E-05 0.0470855 0.26975 9.9973E-05
9.9964E-05 9.9964E-05 9.9964E-05 0.743634 0.0321605 0.0341669 0.189639 9.9964E-05
9.9955E-05 9.9955E-05 9.9955E-05 0.842886 9.9955E-05 0.0354163 0.121198 9.9955E-05
9.9955E-05 9.9955E-05 9.9955E-05 0.805311 9.9955E-05 0.0587008 0.135489 9.9955E-05
9.9973E-05 0.0280143 9.9973E-05 0.717001 0.00979446 0.0844782 0.160412 9.9973E-05
9.9973E-05 0.113727 0.144041 0.0427021 0.637298 9.9973E-05 0.0619319 9.9973E-05
9.9973E-05 0.112782 0.0837101 0.0455849 0.682893 9.9973E-05 0.0747302 9.9973E-05
0.0161506 0.159316 9.9973E-05 9.9973E-05 0.769948 0.0236937 9.9973E-05 0.0305917
0.0775207 0.518599 0.0281509 0.0666858 0.14828 0.0421312 0.0301512 0.0884811
0.0824034 0.504282 0.0339751 0.06821 0.149524 0.0348251 0.0493601 0.07742
0.0244554 0.256899 9.9973E-05 9.9973E-05 0.599128 0.0816087 9.9973E-05 0.0376091
0.0453633 0.592933 9.9982E-05 0.0142196 0.242693 0.048085 9.9982E-05 0.0565064
0.0289075 0.328179 0.0697189 0.0204482 0.423088 0.0600839 9.9991E-05 0.0694748
9.9982E-05 0.493296 0.059865 0.0338409 0.380142 9.9982E-05 0.0291635 0.00349228
0.0156898 0.567862 0.00565762 0.0672937 0.277104 9.9991E-05 0.0159401 0.0503525
9.9982E-05 0.163272 0.140521 0.00996141 0.61209 9.9982E-05 0.0574928 0.0164628
9.9964E-05 0.278298 0.0960231 9.9964E-05 0.583444 9.9964E-05 0.0418355 9.9964E-05
9.9973E-05 0.287517 0.12829 0.00843342 0.530388 9.9973E-05 0.0450714 9.9973E-05
9.9982E-05 0.641778 0.0181533 0.0819475 0.00730677 0.229461 0.0211536 9.9982E-05
9.9973E-05 0.386747 0.0624617 0.0401676 0.476608 9.9973E-05 0.0337163 9.9973E-05
9.9982E-05 0.389015 0.0629718 0.0379551 0.425969 9.9982E-05 0.0733789 0.0105099
9.9982E-05 0.458725 0.0645559 0.102388 9.9982E-05 0.0316171 0.0112861 0.331227
9.9973E-05 0.323069 9.9973E-05 0.096722 0.0420015 0.122477 9.9973E-05 0.41543
0.00145592 0.446553 9.9973E-05 0.145393 9.9973E-05 0.00530743 9.9973E-05 0.40099
0.0464018 0.262087 9.9982E-05 0.146827 9.9982E-05 0.0351104 0.00928256 0.500092
0.0340795 0.501506 0.0252774 0.0998241 9.9991E-05 0.0440327 0.0217613 0.273419
0.0114841 0.5433 0.0213801 0.0340558 0.143081 0.246499 9.9982E-05 9.9982E-05
9.9973E-05 0.0175865 9.9973E-05 0.236365 9.9973E-05 0.0980464 0.00129881 0.646404
9.9982E-05 0.31649 9.9982E-05 0.161627 0.0151009 0.0255454 0.00824012 0.472797
9.9973E-05 0.393964 9.9973E-05 0.128112 0.00488199 0.318192 9.9973E-05 0.15455
9.9982E-05 0.542678 0.0652795 0.095291 0.00280974 0.241891 0.0518511 9.9982E-05
0.00313798 0.516903 0.0178931 0.106135 0.0086173 0.307978 0.0392347 9.9991E-05
9.9973E-05 0.571275 0.0498778 0.109852 9.9973E-05 0.255981 0.0127147 9.9973E-05
9.9991E-05 0.637352 0.0156266 0.0934589 0.0327621 0.160319 0.051018 0.00936363
9.9964E-05 0.382416 9.9964E-05 0.176555 9.9964E-05 0.00899514 9.9964E-05 0.431634
0.0340302 0.366182 0.00168824 0.126537 9.9991E-05 0.0567339 0.0420832 0.372644
9.9973E-05 0.392299 9.9973E-05 0.103874 9.9973E-05 0.0356778 0.00494604 0.462903
0.0210638 0.444293 9.9991E-05 0.129774 0.0578124 0.0554357 0.00620655 0.285314
9.9982E-05 0.194267 0.0813366 0.142267 0.0211849 0.0706301 9.9982E-05 0.490114
0.00398484 0.388334 0.12341 0.143307 9.9973E-05 9.9973E-05 9.9973E-05 0.340664
0.0106836 0.21482 0.0414281 0.114864 0.0193148 0.0462149 0.0200913 0.532583
0.0237271 0.385152 9.9991E-05 0.133037 0.0778773 0.0505981 0.00860387 0.320904
9.9973E-05 0.517355 9.9973E-05 0.0394018 0.0470006 0.370582 0.0253604 9.9973E-05
0.0242272 0.365385 0.0169798 0.123017 9.9991E-05 0.0584595 0.0699097 0.341922
9.9964E-05 0.130776 9.9964E-05 0.185159 9.9964E-05 0.0909431 9.9964E-05 0.592721
0.0424393 0.376057 0.00199834 0.0986695 0.0898895 0.0449179 0.0113974 0.334631
9.9982E-05 0.312849 0.10826 0.128929 0.0245113 0.355498 0.069752 9.9982E-05
9.9964E-05 0.616643 0.0257171 9.9964E-05 9.9964E-05 0.351722 9.9964E-05 0.00551741
9.9982E-05 0.409483 0.0146629 0.127805 9.9982E-05 0.0606685 0.0619401 0.325241
9.9982E-05 0.538429 0.0889808 0.110158 0.0181733 0.190817 0.0532424 9.9982E-05
9.9973E-05 0.506463 0.0514027 0.112586 9.9973E-05 0.259428 0.069821 9.9973E-05
0.0475649 0.357884 0.0200139 0.183781 0.0375476 0.169108 0.00360604 0.180494
0.0327318 0.394467 0.0104697 0.174788 9.9991E-05 0.152361 0.0115425 0.223539
9.9982E-05 0.614712 9.9982E-05 0.0856905 0.0730972 0.167295 0.0400825 0.0189224
0.0143313 0.378181 0.0745498 0.123317 0.0218291 0.0480909 9.9991E-05 0.339601
9.9964E-05 0.456117 9.9964E-05 0.138698 9.9964E-05 0.0131795 9.9964E-05 0.391606
9.9964E-05 0.142812 9.9964E-05 0.185054 9.9964E-05 0.0473941 9.9964E-05 0.62434
0.0216449 0.60149 0.0403844 0.0576179 0.0471606 0.15211 0.0459014 0.0336906
9.9973E-05 0.448681 0.0978139 0.0949273 0.0135848 0.344694 9.9973E-05 9.9973E-05
0.0136751 0.199042 9.9964E-05 0.0186269 9.9964E-05 0.768256 9.9964E-05 9.9964E-05
9.9973E-05 0.613989 0.0104581 0.15189 0.0522752 0.171089 9.9973E-05 9.9973E-05
0.157575 0.394743 0.129645 0.0633769 0.0280291 0.177699 0.0488329 9.9991E-05
0.00221506 0.461813 0.0422049 0.165419 0.0510309 0.144271 9.9991E-05 0.132947
9.9991E-05 0.476982 0.039621 0.102664 0.0418903 0.203551 0.0262757 0.108915
9.9955E-05 9.9955E-05 9.9955E-05 0.287694 9.9955E-05 0.58152 9.9955E-05 0.130286
