9.9964E-05 0.0105812 9.9964E-05 9.9964E-05 0.0348322 0.0332594 0.920927 9.9964E-05
0.0115263 9.9964E-05 9.9964E-05 0.0103151 9.9964E-05 9.9964E-05 0.963374 0.0143848
9.9982E-05 0.0125935 0.0220107 0.0271911 0.00181922 9.9982E-05 0.879575 0.0566106
9.9964E-05 0.0227392 9.9964E-05 9.9964E-05 9.9964E-05 0.0263894 0.802809 0.147662
9.9955E-05 0.0095159 9.9955E-05 9.9955E-05 9.9955E-05 9.9955E-05 0.904399 0.0855849
9.9982E-05 0.0564354 0.162741 0.0288538 0.0146975 9.9982E-05 0.629414 0.107659
9.9964E-05 0.0524406 0.144786 0.02209 9.9964E-05 9.9964E-05 0.780283 9.9964E-05
9.9973E-05 0.0875908 0.150867 9.9973E-05 0.032372 9.9973E-05 0.689847 0.0390234
9.99549E-05 0.132355 0.0490569 9.99549E-05 9.99549E-05 9.99549E-05 0.818088 9.99549E-05
0.0174685 0.020757 0.109736 9.9982E-05 9.9982E-05 0.0586722 0.74114 0.0520258
9.9964E-05 0.0426452 0.133512 9.9964E-05 9.9964E-05 9.9964E-05 0.708602 0.11484
9.9955E-05 9.9955E-05 9.9955E-05 9.9955E-05 0.02344 0.96235 0.0137099 9.9955E-05
0.00539442 9.9973E-05 9.9973E-05 9.9973E-05 0.0405849 0.494556 0.0134294 0.445736
9.9955E-05 9.9955E-05 9.9955E-05 9.9955E-05 0.0546842 0.899936 9.9955E-05 0.0448796
9.9964E-05 9.9964E-05 9.9964E-05 9.9964E-05 0.070897 0.814555 0.0150377 0.0991106
9.9964E-05 9.9964E-05 9.9964E-05 9.9964E-05 0.0954225 0.580544 0.0474565 0.276177
0.00129237 9.9973E-05 9.9973E-05 9.9973E-05 0.102148 0.450576 0.0230551 0.422629
0.0312101 9.9991E-05 0.0122968 0.007614 0.0513238 0.569768 0.0133433 0.314344
9.9973E-05 9.9973E-05 0.017697 9.9973E-05 0.0472136 0.718743 0.093851 0.122196
9.9955E-05 0.0144368 0.0280665 9.9955E-05 9.9955E-05 0.956997 9.9955E-05 9.9955E-05
0.00027633 0.0143809 0.0683074 0.0570004 0.0210377 0.512734 0.00754736 0.318716
0.0466286 9.9982E-05 0.157518 0.00471094 0.0356591 0.409051 9.9982E-05 0.346232
9.999E-05 0.0385109 0.0233992 0.0659756 0.0555646 0.304523 0.0417423 0.470184
9.9964E-05 9.9964E-05 9.9964E-05 9.9964E-05 0.0591189 0.906644 0.0215503 0.0122872
0.0248855 9.9982E-05 0.0534177 9.9982E-05 0.0347452 0.170327 0.102068 0.614357
9.9964E-05 9.9964E-05 9.9964E-05 9.9964E-05 0.0397608 0.540206 0.0131185 0.406515
9.9955E-05 9.9955E-05 9.9955E-05 9.9955E-05 9.9955E-05 0.955084 0.0403162 0.00409958
9.9964E-05 9.9964E-05 9.9964E-05 9.9964E-05 0.0622489 0.859285 0.0240083 0.0540575
9.9964E-05 9.9964E-05 0.0566556 9.9964E-05 9.9964E-05 0.930146 0.00254005 0.0102588
9.9955E-05 9.9955E-05 9.9955E-05 9.9955E-05 0.0110457 9.9955E-05 0.878006 0.110448
0.00825612 9.9973E-05 9.9973E-05 0.00117179 9.9973E-05 0.00487166 0.878529 0.106872
9.9964E-05 0.00305718 9.9964E-05 9.9964E-05 0.0928561 9.9964E-05 0.800346 0.103341
9.9973E-05 0.00471506 9.9973E-05 0.0171705 0.0792439 9.9973E-05 0.759527 0.139044
9.9973E-05 0.0904065 0.11765 0.235726 9.9973E-05 9.9973E-05 0.0512165 0.504701
0.0162545 9.9991E-05 0.0164553 0.262609 0.0483194 0.141786 0.0645649 0.449911
0.0338741 0.0157506 9.9982E-05 0.379526 0.0264813 9.9982E-05 0.0190165 0.525151
9.9973E-05 0.280316 9.9973E-05 0.0381957 9.9973E-05 0.567133 0.037964 0.076091
0.0571226 9.9964E-05 0.116732 0.549116 9.9964E-05 9.9964E-05 9.9964E-05 0.276629
9.999E-05 0.0200988 0.011385 0.209155 0.0567288 0.122126 0.0657604 0.514645
0.0109186 0.0183907 0.0297305 0.217853 9.9982E-05 9.9982E-05 0.0387548 0.684152
9.9982E-05 0.0193145 0.223925 0.0465043 9.9982E-05 0.0612991 0.0931571 0.555601
0.00773644 0.0563977 0.0853488 0.0932297 0.0179484 0.0715418 0.109834 0.557963
9.9973E-05 0.0346534 9.9973E-05 0.643817 9.9973E-05 0.179358 0.0267518 0.11512
9.9973E-05 9.9973E-05 0.269788 9.9973E-05 0.0147538 0.0346334 0.0165113 0.664014
9.999E-05 0.0353777 0.104782 0.199109 0.0589196 0.017727 0.0345943 0.549391
0.0486514 0.0425424 0.0875272 0.11599 0.00477353 9.9991E-05 0.0991482 0.601267
0.0334888 9.9964E-05 0.0269805 0.594502 9.9964E-05 9.9964E-05 9.9964E-05 0.344629
9.9982E-05 9.9982E-05 0.0416528 0.265667 0.00773576 0.00201011 0.104189 0.578545
0.0241939 0.0480152 0.0195823 0.169302 0.0152666 0.040416 0.126194 0.55703
0.0362413 0.000470155 0.306923 0.655966 9.9964E-05 9.9964E-05 9.9964E-05 9.9964E-05
0.0387518 0.282195 0.0635375 0.0862338 9.9982E-05 0.433265 9.9982E-05 0.0958173
0.143008 0.0311131 0.225763 0.0843744 0.0214779 0.408662 0.00565305 0.0799481
0.0301562 0.0677582 0.0444855 0.0361072 0.0674413 0.102667 0.0718052 0.57958
0.0607405 0.0521356 0.0620578 0.00425366 0.0649219 0.153011 0.0929386 0.509941
0.081118 9.9991E-05 0.108244 0.0268741 0.0411548 0.0892995 0.0382167 0.614993
9.9982E-05 0.26026 0.0611658 0.0719463 9.9982E-05 0.341357 0.116047 0.149025
0.0136951 0.145827 0.0110515 0.00721599 9.9991E-05 0.315488 0.0170461 0.489576
0.0264046 0.0285424 9.9991E-05 0.130088 0.0616002 0.172906 0.0662166 0.514142
0.0390349 0.110814 0.0655479 0.0542947 0.010549 0.295429 0.0852281 0.339102
9.9982E-05 0.140027 0.100807 0.0489701 9.9982E-05 0.535594 0.141566 0.0328365
0.0713026 0.0973197 0.024974 0.0501779 0.0350044 0.169408 0.0698787 0.481935
0.0501806 0.0796564 0.00997978 0.0553254 0.00580339 0.257353 0.0755854 0.466116
9.9973E-05 0.159207 0.122582 0.0479503 9.9973E-05 0.630013 0.0399474 9.9973E-05
0.0578015 0.104699 9.9982E-05 0.0641807 9.9982E-05 0.425773 0.00367112 0.343675
0.113452 0.0255067 0.0454905 0.0681578 0.0586806 0.120395 0.033829 0.534488
0.0513062 0.0301498 0.0186625 0.0580439 9.9991E-05 0.168145 0.0757306 0.597862
0.0438984 0.0683443 0.0128259 0.0839815 0.0308177 0.492247 0.0995019 0.168384
0.0860982 0.0734372 0.0186492 0.0401846 0.0578032 0.226813 0.0484563 0.448558
0.0600218 0.0144759 9.9991E-05 0.0701856 0.0630272 0.210017 0.0788764 0.503296
0.0136353 0.111448 0.0719944 0.0528871 9.9991E-05 0.624724 0.0246302 0.100582
9.9973E-05 0.0183886 9.9973E-05 0.415714 9.9973E-05 0.0260062 0.0376725 0.501919
9.9964E-05 9.9964E-05 9.9964E-05 0.700856 9.9964E-05 0.114274 0.0146343 0.169836
9.9991E-05 0.0439586 0.0166282 0.263907 0.0206477 0.0353602 0.128835 0.490564
0.0349792 9.9955E-05 0.0756748 0.888846 9.9955E-05 9.9955E-05 9.9955E-05 9.9955E-05
0.0832971 9.9964E-05 0.0853441 0.830213 9.9964E-05 0.000745544 9.9964E-05 9.9964E-05
0.0408139 9.9964E-05 0.0219908 0.718939 9.9964E-05 9.9964E-05 9.9964E-05 0.217856
9.9973E-05 0.0494239 9.9973E-05 0.422549 9.9973E-05 0.00800266 0.0314806 0.488244
0.0811178 0.022346 9.9991E-05 0.156874 0.0639394 0.013716 0.108434 0.553472
0.0252734 9.9982E-05 0.0112622 0.420627 0.0219139 0.0626839 9.9982E-05 0.45804
9.9973E-05 0.0598087 9.9973E-05 0.582064 9.9973E-05 0.213429 0.0303734 0.114026
9.9973E-05 0.0801504 9.9973E-05 0.517324 9.9973E-05 0.136374 0.0163857 0.249467
9.9991E-05 0.0285367 0.0572196 0.243598 0.0630102 0.0258325 0.0619519 0.519751
9.9964E-05 9.9964E-05 9.9964E-05 0.528362 9.9964E-05 0.13375 0.0111299 0.326358
9.9964E-05 9.9964E-05 9.9964E-05 0.45066 9.9964E-05 0.108657 0.00153006 0.438753
0.0599098 9.9973E-05 0.0242121 0.463674 9.9973E-05 9.9973E-05 0.00430239 0.447602
0.126398 9.9955E-05 0.224528 0.648575 9.9955E-05 9.9955E-05 9.9955E-05 9.9955E-05
0.020796 0.0177692 0.016782 0.274262 0.038401 9.9991E-05 0.0327655 0.599124
9.9964E-05 0.0761739 9.9964E-05 9.9964E-05 9.9964E-05 0.011345 0.832899 0.0791824
9.9946E-05 9.9946E-05 9.9946E-05 9.9946E-05 9.9946E-05 9.9946E-05 0.933116 0.0662846
9.9955E-05 9.9955E-05 9.9955E-05 9.9955E-05 0.0500161 9.9955E-05 0.846908 0.102576
9.9955E-05 9.9955E-05 9.9955E-05 9.9955E-05 0.0388442 9.9955E-05 0.928342 0.0323144
9.9955E-05 9.9955E-05 9.9955E-05 0.0141938 0.0497737 9.9955E-05 0.935533 9.9955E-05
0.017683 9.9964E-05 9.9964E-05 9.9964E-05 0.0324957 9.9964E-05 0.872338 0.0770831
9.9946E-05 9.9946E-05 9.9946E-05 9.9946E-05 9.9946E-05 9.9946E-05 0.929062 0.0703379
9.9991E-05 0.0347652 0.00861252 0.266372 0.0450038 0.0252278 0.0724911 0.547427
9.9991E-05 0.0822831 0.0436005 0.078972 0.0767453 0.0971472 0.0844794 0.536673
0.00797058 0.112354 9.9982E-05 0.6814 9.9982E-05 0.156869 0.0336821 0.00752429
0.0343046 0.0310682 0.0459381 0.096279 0.0404417 0.111285 0.0677617 0.572921
9.9973E-05 0.0787486 9.9973E-05 0.469912 9.9973E-05 0.0549456 0.0386267 0.357468
9.9982E-05 0.0233877 9.9982E-05 0.351221 0.000742214 0.00290375 0.0618402 0.559705
0.0591602 0.00540035 0.0642743 0.229714 9.9982E-05 9.9982E-05 0.043378 0.597873
0.0796597 9.9973E-05 9.9973E-05 0.319447 0.0343023 9.9973E-05 0.0602005 0.50609
9.9964E-05 0.104669 9.9964E-05 0.670312 9.9964E-05 0.193934 0.0306851 9.9964E-05
0.0238757 0.0649377 0.00929876 0.147885 0.0292802 0.0657215 0.139176 0.519825
9.9991E-05 0.00580769 0.038623 0.138055 0.0524055 0.0686298 0.0587086 0.637671
0.0386144 0.0140899 0.0558193 0.120727 0.0354117 0.0764519 0.116047 0.542839
0.074729 0.00615634 0.13812 0.500495 0.0260227 9.9991E-05 0.00480294 0.249574
0.0522117 9.9973E-05 0.000952126 0.422722 9.9973E-05 9.9973E-05 0.00925186 0.514562
9.9964E-05 0.11325 9.9964E-05 0.351782 9.9964E-05 0.094214 9.9964E-05 0.440354
0.0989725 9.9955E-05 9.9955E-05 0.530177 9.9955E-05 9.9955E-05 9.9955E-05 0.370351
9.9973E-05 0.0747684 9.9973E-05 0.428236 9.9973E-05 0.0375455 0.0288709 0.43028
0.00761186 0.0670751 0.0249739 0.196688 0.0120563 0.0100399 0.118992 0.562563
0.177607 0.212311 0.0790291 0.00532685 0.0577086 0.252249 9.9991E-05 0.215669
9.9982E-05 0.190649 0.0804009 0.00308971 9.9982E-05 0.298069 0.0450939 0.382498
0.0194022 0.0976707 0.118679 0.0192306 0.01471 0.118647 0.104948 0.506712
0.010852 0.134423 0.0581522 0.067913 0.000989633 0.0190234 0.0791316 0.629515
9.9973E-05 0.150233 0.0382306 9.9973E-05 9.9973E-05 0.325489 0.0203705 0.465376
0.064661 0.127534 9.9982E-05 9.9982E-05 0.00797287 0.164329 0.0485361 0.586768
0.015365 0.235979 9.9973E-05 9.9973E-05 9.9973E-05 0.29603 0.0454551 0.406871
0.0735979 0.0972837 0.0645991 0.0777847 0.0255166 0.0712203 0.0742423 0.515755
0.0304445 0.151442 0.0138438 0.0284946 0.0372761 0.091075 0.0611104 0.586313
0.00653804 0.122968 0.0556239 9.9982E-05 9.9982E-05 0.216003 0.0461845 0.552483
0.0278768 0.200114 9.9982E-05 0.0478683 9.9982E-05 0.138719 0.0290382 0.556184
0.0569342 0.104873 0.0296654 0.0193271 0.075228 0.131166 0.0209174 0.561889
0.0141883 0.0996738 0.11541 9.9991E-05 0.0579635 0.0743663 0.0500095 0.588289
0.0527038 0.0882624 0.0273897 0.0467071 0.0758691 0.185561 9.9991E-05 0.523407
0.098955 0.0927582 0.0426778 0.00721402 0.134438 0.0780377 0.0661855 0.479734
0.123112 0.10075 0.0119709 0.0221832 0.0586996 0.162665 9.9991E-05 0.520519
0.0977583 0.133643 0.161808 9.9991E-05 0.0428381 0.221619 0.0501165 0.292116
0.101899 0.118282 0.0203091 9.9991E-05 0.0571713 0.0661074 0.056675 0.579457
0.139416 0.103283 0.0487977 9.9991E-05 0.0573364 0.0441968 0.016356 0.590514
0.0627601 0.239141 9.9991E-05 0.076727 0.00437687 0.46941 0.0113333 0.136152
0.203697 0.0701371 0.194036 9.9982E-05 0.00512036 0.4539 9.9982E-05 0.0729097
0.046182 0.0851128 0.0578208 9.9991E-05 0.00609017 0.244997 0.0665691 0.493128
0.280748 0.144422 0.174344 0.0770649 0.00801767 0.315203 9.9982E-05 9.9982E-05
0.0633927 0.181927 9.9964E-05 9.9964E-05 9.9964E-05 0.501538 9.9964E-05 0.252742
0.00903577 0.184233 9.9973E-05 0.00835361 9.9973E-05 0.418083 9.9973E-05 0.379995
9.9982E-05 0.206606 0.0190832 0.0915342 9.9982E-05 0.352899 0.010417 0.31926
0.0473351 0.257967 9.9973E-05 0.0337531 9.9973E-05 0.394319 9.9973E-05 0.266326
0.097141 0.0681924 0.0307845 0.00637238 0.0121194 0.176753 0.0338599 0.574777
0.0634196 0.0119699 0.0264747 0.0481697 0.00206593 0.179551 0.101733 0.566616
0.0331025 0.127267 0.00730598 0.0557617 0.0258164 0.180134 0.0236637 0.546949
0.180701 0.0851706 0.159781 0.0115258 9.9982E-05 0.449221 9.9982E-05 0.1134
0.00904124 0.0707593 0.0938778 0.0530142 0.0508764 0.0424251 0.123439 0.556567
0.00196455 0.0690829 0.277947 0.0577772 0.0430743 9.9991E-05 0.0334328 0.516621
0.103466 0.0784493 0.610893 0.131265 9.9982E-05 0.0272697 0.048458 9.9982E-05
0.00879238 9.9991E-05 0.137134 0.0697319 0.00187347 0.069118 0.056064 0.657187
0.106684 9.9991E-05 0.280908 0.121578 0.0150539 0.145207 0.0640631 0.266405
0.0493672 0.049888 0.208036 9.9991E-05 0.049857 0.0238289 0.0806483 0.538274
0.0127045 0.112572 0.473305 0.0429232 9.9991E-05 0.0837347 0.00447388 0.270187
0.0745222 0.141858 0.52478 0.0958745 9.9991E-05 0.0386051 0.0149564 0.109304
0.0553279 0.0983123 0.298604 0.094626 0.00601788 0.0158466 9.9991E-05 0.431166
0.0192585 0.0620464 0.132945 0.0998743 0.0707512 0.0274753 0.0779297 0.50972
0.0191563 0.106283 0.170892 9.9991E-05 0.0728292 0.100624 0.118404 0.411712
0.147657 9.9982E-05 0.357796 0.118578 0.0864297 0.279522 9.9982E-05 0.0098174
0.0822544 0.0665828 0.0942825 0.0464397 0.0473083 0.0578859 0.0818169 0.523429
0.13949 0.0278561 0.361113 0.0853256 9.9982E-05 0.0918154 9.9982E-05 0.294199
0.0824744 0.0353832 0.279501 0.097383 9.9982E-05 0.0737694 9.9982E-05 0.431289
0.0150747 0.0570207 0.0982744 0.0708978 9.9991E-05 0.0786879 0.104095 0.57585
9.9973E-05 9.9973E-05 0.269873 9.9973E-05 0.229426 0.0152183 0.34642 0.138763
9.9955E-05 9.9955E-05 0.431584 9.9955E-05 0.135203 9.9955E-05 0.432713 9.9955E-05
9.9955E-05 9.9955E-05 0.471362 9.9955E-05 0.123904 9.9955E-05 0.404234 9.9955E-05
9.9973E-05 9.9973E-05 0.306297 9.9973E-05 0.260935 0.0393094 0.330117 0.0630417
0.0103957 9.9973E-05 0.240689 0.096795 9.9973E-05 0.0445289 9.9973E-05 0.607291
0.0895399 0.0449007 0.0640726 0.0411625 0.0124865 9.9991E-05 0.0978762 0.649862
9.9955E-05 9.9955E-05 9.9955E-05 9.9955E-05 0.661777 0.0211553 9.9955E-05 0.316568
0.0321345 9.9982E-05 9.9982E-05 0.0224053 0.446231 0.0942576 0.0346183 0.370153
0.00900327 0.0417451 0.0229125 9.9991E-05 0.359538 0.064572 0.0824254 0.419703
0.129389 0.00594745 0.451833 0.0487965 9.9982E-05 0.0887158 9.9982E-05 0.275118
0.0515374 0.064252 0.133005 0.072978 0.0714633 0.130218 0.049636 0.42691
0.12581 0.0159805 0.478457 0.0250482 9.9982E-05 0.129807 9.9982E-05 0.224697
0.0818306 9.9973E-05 0.236021 9.9973E-05 9.9973E-05 0.071621 0.0434969 0.56673
0.0858759 0.0494712 0.281421 9.9982E-05 0.0138943 0.0741934 9.9982E-05 0.494944
0.0532379 0.000268912 0.313071 9.9964E-05 9.9964E-05 9.9964E-05 9.9964E-05 0.633022
0.0855908 0.0147745 0.566456 0.0428101 9.9982E-05 0.0730488 9.9982E-05 0.21712
0.0205954 9.9973E-05 0.165601 0.0659534 9.9973E-05 9.9973E-05 0.0406323 0.706918
0.0163695 0.0598283 0.206705 0.0379152 0.0167239 0.0376549 0.0530304 0.571773
9.9964E-05 0.0173319 9.9964E-05 0.00653489 0.963414 9.9964E-05 9.9964E-05 0.0123195
0.0219057 9.9964E-05 9.9964E-05 9.9964E-05 0.883842 0.0315143 9.9964E-05 0.0623378
0.0215007 0.0183982 9.9991E-05 0.0374746 0.540601 0.0149871 0.0603915 0.306547
0.000926371 0.00853159 9.9973E-05 0.0105219 0.645453 9.9973E-05 9.9973E-05 0.334267
9.9973E-05 0.0241318 9.9973E-05 9.9973E-05 0.817742 0.00815989 0.00144637 0.14822
9.994E-05 9.994E-05 9.994E-05 9.994E-05 0.9993 9.994E-05 9.994E-05 9.994E-05
0.00767553 0.0292125 9.9964E-05 9.9964E-05 0.953882 9.9964E-05 9.9964E-05 0.00883046
9.9946E-05 9.9946E-05 9.9946E-05 9.9946E-05 0.844796 9.9946E-05 9.9946E-05 0.154605
9.9955E-05 0.0606634 9.9955E-05 9.9955E-05 0.934724 9.9955E-05 9.9955E-05 0.00411284
9.994E-05 9.994E-05 9.994E-05 9.994E-05 0.9993 9.994E-05 9.994E-05 9.994E-05
9.994E-05 9.994E-05 9.994E-05 9.994E-05 0.9993 9.994E-05 9.994E-05 9.994E-05
9.9973E-05 0.00253708 9.9973E-05 9.9973E-05 0.755645 0.0358886 0.0119895 0.19364
9.9982E-05 0.00745679 9.9982E-05 0.0289057 0.769105 0.0375534 0.0566883 0.100091
9.994E-05 9.994E-05 9.994E-05 9.994E-05 0.9993 9.994E-05 9.994E-05 9.994E-05
0.0303622 0.0279908 0.0439641 0.00331489 0.378759 0.151151 0.0506224 0.313836
9.9973E-05 0.0442123 9.9973E-05 9.9973E-05 0.662118 0.0348257 0.0123172 0.246227
9.9973E-05 0.00171201 9.9973E-05 0.000978498 0.814848 9.9973E-05 0.0367451 0.145417
9.9964E-05 9.9964E-05 9.9964E-05 9.9964E-05 0.882881 0.0400761 0.00317224 0.0734712
9.994E-05 9.994E-05 9.994E-05 9.994E-05 0.9993 9.994E-05 9.994E-05 9.994E-05
9.9955E-05 9.9955E-05 9.9955E-05 9.9955E-05 0.921817 9.9955E-05 0.0142688 0.0634143
9.994E-05 9.994E-05 9.994E-05 9.994E-05 0.9993 9.994E-05 9.994E-05 9.994E-05
0.0114945 0.0210068 9.9991E-05 0.0397707 0.632601 0.0287694 0.0563702 0.209887
9.9955E-05 9.9955E-05 9.9955E-05 0.000194873 0.966656 0.0326495 9.9955E-05 9.9955E-05
0.0564829 9.9964E-05 0.657513 9.9964E-05 0.0604358 9.9964E-05 0.225168 9.9964E-05
0.0184958 0.0891483 0.292101 9.9982E-05 0.0919241 9.9982E-05 0.132872 0.375258
0.0153929 0.0224249 0.323926 9.9982E-05 0.0170331 9.9982E-05 0.149308 0.471715
0.032519 0.0303742 0.479409 9.9982E-05 0.0866009 9.9982E-05 0.14441 0.226486
0.029474 0.0251445 0.16785 0.0490517 0.102517 0.0455278 0.115452 0.464983
0.0342935 0.00456359 0.526594 9.9982E-05 0.109454 9.9982E-05 0.185563 0.139332
0.0696515 0.000205977 0.203737 9.9991E-05 0.0853309 0.0714036 0.131958 0.437613
9.9964E-05 9.9964E-05 0.428375 9.9964E-05 0.0973231 9.9964E-05 0.126376 0.347526
9.9973E-05 9.9973E-05 0.241968 9.9973E-05 0.103899 0.0298702 0.138361 0.485601
0.00908108 9.9982E-05 0.309701 0.0236122 0.0781075 9.9982E-05 0.180989 0.39831
0.00992487 0.0234834 0.146779 0.0331748 0.129313 0.0845813 0.151205 0.421539
0.0106857 0.015771 0.051802 9.9973E-05 9.9973E-05 9.9973E-05 0.868701 0.0527406
0.0312781 9.9955E-05 9.9955E-05 9.9955E-05 0.071986 9.9955E-05 0.896236 9.9955E-05
0.0223434 0.0245282 9.9964E-05 9.9964E-05 9.9964E-05 9.9964E-05 0.941476 0.0112521
9.9973E-05 0.00308444 0.00211523 0.0216547 9.9973E-05 0.0175014 0.955344 9.9973E-05
9.9955E-05 9.9955E-05 9.9955E-05 9.9955E-05 9.9955E-05 0.0505614 0.904811 0.0441277
0.0170782 0.00446418 9.9973E-05 9.9973E-05 0.00716924 9.9973E-05 0.969339 0.00164959
9.9946E-05 9.9946E-05 9.9946E-05 9.9946E-05 9.9946E-05 9.9946E-05 0.936981 0.0624194
0.0276044 0.0370497 9.9964E-05 9.9964E-05 9.9964E-05 0.00972262 0.925223 9.9964E-05
9.9982E-05 9.9982E-05 0.00160405 0.0239068 0.0193964 0.0609025 0.888343 0.00564683
9.9973E-05 0.0210945 0.0468642 9.9973E-05 0.0216224 9.9973E-05 0.892144 0.0179748
9.9982E-05 0.255649 0.0705108 0.0854495 0.000107477 0.0195794 0.568504 9.9982E-05
9.9973E-05 0.293896 0.0124263 0.0389439 9.9973E-05 0.056758 0.597676 9.9973E-05
9.9973E-05 0.216434 0.0663383 0.0742554 9.9973E-05 0.124294 0.518378 9.9973E-05
9.9973E-05 0.30863 0.100518 0.00557243 9.9973E-05 0.155267 0.429713 9.9973E-05
9.9991E-05 0.0387952 0.013851 0.295915 0.00559351 0.12182 0.0819135 0.442011
0.0273353 0.0131746 9.9982E-05 0.322535 9.9982E-05 0.088482 0.0548879 0.493385
0.0354441 0.114297 9.9982E-05 0.206534 0.0377747 0.0998082 9.9982E-05 0.505942
0.0265274 0.122567 9.9982E-05 0.27333 9.9982E-05 0.238354 0.00722057 0.331802
0.0846985 0.257263 9.9973E-05 0.0153965 9.9973E-05 0.524863 9.9973E-05 0.117479
0.0189551 0.084687 9.9991E-05 0.17442 0.0399495 0.0312206 0.0173477 0.63332
0.0292626 0.0857282 9.9973E-05 0.246269 9.9973E-05 0.0269416 9.9973E-05 0.611499
0.0806099 0.0274559 0.0670708 0.266538 0.00594325 0.0510913 9.9991E-05 0.501191
0.0750424 9.9964E-05 9.9964E-05 0.546847 0.00848938 9.9964E-05 9.9964E-05 0.369222
0.0606082 0.0456249 0.0472664 0.122596 9.9991E-05 0.0086779 0.0534157 0.661711
9.9973E-05 0.0405198 9.9973E-05 0.499258 9.9973E-05 0.0267229 0.019502 0.413697
0.167637 0.0082485 0.0512389 0.772476 9.9964E-05 9.9964E-05 9.9964E-05 9.9964E-05
0.0610967 0.0650865 9.9991E-05 0.0993872 0.012441 0.129014 0.0678902 0.564985
0.0849886 9.9964E-05 0.163357 0.595603 9.9964E-05 9.9964E-05 9.9964E-05 0.155652
0.0719878 0.0106812 0.00742518 0.316594 0.00920003 0.0143882 0.0241134 0.545611
9.9973E-05 0.102676 9.9973E-05 0.614399 9.9973E-05 0.156821 0.00799653 0.117807
9.9973E-05 0.851645 0.0415989 9.9973E-05 0.0113496 9.9973E-05 0.0768151 0.0182915
0.000983206 0.82797 0.0550785 9.9973E-05 9.9973E-05 9.9973E-05 0.0349449 0.0807234
9.9973E-05 0.839321 0.0398948 0.0287258 9.9973E-05 9.9973E-05 0.0506928 0.0410654
9.9973E-05 0.858752 0.055272 0.00383292 9.9973E-05 9.9973E-05 0.0766301 0.00521305
9.9955E-05 0.843461 0.0224861 9.9955E-05 9.9955E-05 9.9955E-05 9.9955E-05 0.133553
9.9973E-05 0.815607 0.0455096 9.9973E-05 0.043912 9.9973E-05 0.00762673 0.0870446
9.9973E-05 0.0179364 9.9973E-05 0.0395495 0.0538516 9.9973E-05 0.864465 0.0238971
9.9973E-05 0.0290505 9.9973E-05 0.0240846 9.9973E-05 0.00685967 0.827159 0.112546
9.9973E-05 0.0129036 9.9973E-05 9.9973E-05 0.0182541 0.0198894 0.775358 0.173295
9.9964E-05 9.9964E-05 9.9964E-05 0.0781402 0.0871197 9.9964E-05 0.829407 0.00493309
9.9982E-05 9.9982E-05 0.0302954 0.0157391 0.0370005 0.00861919 0.758232 0.149914
9.9964E-05 0.531204 0.0798946 0.0108814 9.9964E-05 9.9964E-05 0.37762 9.9964E-05
0.0473715 0.512869 0.0414987 9.9973E-05 0.00649076 9.9973E-05 0.391471 9.9973E-05
0.0268763 0.49304 0.0238612 9.9982E-05 0.00200917 9.9982E-05 0.404302 0.0497111
0.00450331 9.9964E-05 9.9964E-05 9.9964E-05 9.9964E-05 0.0388828 0.856297 0.099917
0.0525561 0.497823 0.0253251 0.0476821 0.0113496 9.9982E-05 0.365064 9.9982E-05
0.0377953 9.9973E-05 0.159728 9.9973E-05 0.295785 9.9973E-05 0.228033 0.278358
0.0171334 0.0240295 0.0168003 0.0239227 0.193788 0.0830003 0.155674 0.485652
9.9955E-05 9.9955E-05 9.9955E-05 9.9955E-05 0.203462 9.9955E-05 0.219563 0.576475
0.0131151 9.9973E-05 0.129725 9.9973E-05 0.247039 9.9973E-05 0.263201 0.346621
0.0559404 0.0281773 9.9991E-05 0.0686582 0.0858763 0.0222862 0.185182 0.55378
9.9955E-05 9.9955E-05 0.296073 9.9955E-05 0.284159 9.9955E-05 0.419268 9.9955E-05
0.0754946 0.221583 0.0347892 9.9973E-05 9.9973E-05 0.264136 9.9973E-05 0.403698
0.183538 0.0380804 0.105201 0.0389726 0.00171155 0.249925 9.9991E-05 0.382472
0.033525 0.181442 9.9973E-05 0.0559453 9.9973E-05 0.538549 9.9973E-05 0.190239
0.199091 0.0870907 0.0652983 9.9982E-05 0.00144027 0.142258 9.9982E-05 0.504622
0.274312 0.116062 0.310455 0.0655149 9.9973E-05 0.233356 9.9973E-05 9.9973E-05
0.0383206 0.00738646 0.0598454 0.0302291 9.9991E-05 0.173217 0.12075 0.570151
0.170376 0.0580262 0.0229388 0.0374766 0.0374319 0.142288 0.0238975 0.507565
0.0184594 0.212723 0.0211902 0.0404888 9.9991E-05 0.410916 0.00902046 0.287102
0.018935 0.120273 9.9991E-05 0.091716 0.0688839 0.163739 0.0664529 0.4699
0.164098 0.010097 0.206814 0.0933819 9.9982E-05 0.507398 9.9982E-05 0.0180112
0.102197 0.0557325 0.087897 0.0668758 0.012561 0.128772 0.00624616 0.539719
0.0643721 0.131601 0.0117337 0.0334584 9.9991E-05 0.269457 0.00580272 0.483475
0.0967638 0.03637 0.083453 0.0450414 0.126329 0.0804266 0.104884 0.426732
0.135268 0.0776995 0.119086 0.104739 9.9982E-05 0.282643 9.9982E-05 0.280364
0.149688 0.0773976 0.115103 9.9982E-05 0.0355728 0.262244 9.9982E-05 0.359794
0.136733 0.0890667 0.0377676 0.0285569 0.0237369 0.110506 0.00546652 0.568167
0.0716936 0.0844707 0.0867193 0.0430137 9.9982E-05 0.16657 9.9982E-05 0.547333
0.049867 0.0537832 0.0916088 9.9991E-05 0.0254713 0.0800185 0.0357524 0.663399
0.0403248 0.0976226 0.0618169 0.0788058 0.0910456 0.137291 0.0573032 0.43579
9.9991E-05 0.0952939 0.0289046 0.0733248 0.0134846 0.195368 0.0648042 0.52872
9.9955E-05 9.9955E-05 9.9955E-05 9.9955E-05 0.0508404 9.9955E-05 0.842633 0.106026
9.9946E-05 9.9946E-05 9.9946E-05 9.9946E-05 9.9946E-05 9.9946E-05 0.883193 0.116207
9.9973E-05 0.0321741 0.0170949 0.00838712 9.9973E-05 9.9973E-05 0.869396 0.0726476
9.9973E-05 9.9973E-05 9.9973E-05 0.00989974 0.0653344 0.00689148 0.889368 0.0282069
9.9946E-05 9.9946E-05 9.9946E-05 9.9946E-05 9.9946E-05 9.9946E-05 0.89447 0.10493
9.9991E-05 0.22494 0.0447815 0.0488866 0.0108977 0.623451 0.0393664 0.00757724
0.070541 0.0368217 0.0451467 0.0277242 9.9991E-05 0.213854 0.0498571 0.555955
0.014933 0.0262188 0.181815 9.9991E-05 0.196017 0.0167139 0.166293 0.39791
9.9991E-05 0.0942785 0.018615 0.013415 0.0712944 0.226896 0.0093548 0.566046
9.9982E-05 0.0801378 9.9982E-05 0.0512809 0.00741017 0.413969 0.0317321 0.41527
0.139379 0.0968375 0.209043 9.9973E-05 9.9973E-05 0.30644 9.9973E-05 0.248001
9.9973E-05 0.344406 0.0310831 0.0184865 9.9973E-05 0.539031 0.066694 9.9973E-05
9.9982E-05 0.176826 9.9982E-05 0.0461118 0.0139133 0.274543 0.0846152 0.40379
0.0369841 0.296883 9.9982E-05 9.9982E-05 0.0425661 0.454487 0.0469504 0.121929
0.0220908 0.0863693 0.129356 0.0953672 0.0218296 0.134462 0.0565001 0.454024
0.122405 0.276518 9.9973E-05 9.9973E-05 9.9973E-05 0.52621 0.0511574 0.0234099
0.0136566 0.1442 9.9991E-05 0.00317568 0.0945132 0.188119 0.0509065 0.505329
0.0128291 0.193867 0.0207305 0.0777127 9.9991E-05 0.591686 0.0520387 0.0510363
0.125777 0.0647534 0.110913 0.0596448 0.0901882 0.360676 9.9991E-05 0.187948
9.9982E-05 0.0413083 0.222789 0.0135033 9.9982E-05 0.120589 0.0755037 0.526106
0.0851702 0.0509708 0.42832 0.0349244 9.9982E-05 0.0899669 9.9982E-05 0.310448
9.9982E-05 0.0299679 0.296534 0.0896513 9.9982E-05 0.00455173 0.0147305 0.564364
0.0444297 9.9973E-05 0.216318 9.9973E-05 9.9973E-05 0.0517706 0.0752716 0.61191
0.0384771 0.0249027 0.546068 0.0567388 9.9982E-05 0.0602154 9.9982E-05 0.273398
0.0415347 0.0523139 0.144583 0.0634213 0.0499188 0.0316864 0.0656295 0.550912
0.0490665 0.0693788 0.305896 0.0530568 9.9973E-05 9.9973E-05 9.9973E-05 0.522302
0.16392 0.0650087 0.546965 0.0833923 9.9982E-05 0.00683496 9.9982E-05 0.133679
0.0377267 0.057398 0.643442 0.0379781 9.9973E-05 9.9973E-05 9.9973E-05 0.223155
0.0294291 0.0769992 0.35435 9.9973E-05 9.9973E-05 0.0721564 9.9973E-05 0.466765
0.0892069 0.0950645 0.570941 0.165386 9.9973E-05 9.9973E-05 9.9973E-05 0.0791021
0.0190882 0.0938389 0.302566 0.0738285 9.9982E-05 0.0921896 9.9982E-05 0.418289
0.0369168 0.228075 9.9982E-05 0.0307447 0.018709 0.659996 9.9982E-05 0.0253589
0.288902 0.0945952 9.9982E-05 0.0256343 0.0618197 0.419721 9.9982E-05 0.109128
0.0119204 0.179181 9.9991E-05 0.0482336 0.0462167 0.361261 0.0259405 0.327147
0.0071679 0.122273 9.9991E-05 0.0617342 0.0117194 0.180288 0.050014 0.566703
9.9973E-05 0.256323 9.9973E-05 0.0987746 0.00355683 0.475993 9.9973E-05 0.165053
0.114927 0.0253325 0.068019 0.0300481 0.0211548 0.177209 0.0682126 0.495097
0.0499973 0.147636 9.9991E-05 0.00471734 0.027178 0.182615 0.0346511 0.553105
0.118579 0.133339 0.0596659 0.0231048 0.0202171 0.185802 9.9991E-05 0.459192
0.0772348 0.0870043 9.9991E-05 0.0615443 0.0692888 0.240093 0.0111146 0.45362
9.9973E-05 0.231021 9.9973E-05 0.0150305 0.0119922 0.289955 9.9973E-05 0.451702
0.0312784 0.222433 9.9973E-05 0.0920016 9.9973E-05 0.449698 9.9973E-05 0.204289
0.0452074 0.224223 9.9982E-05 0.0290466 0.044278 0.32354 9.9982E-05 0.333505
0.0979214 0.127613 0.0535177 0.0229521 0.0295145 0.106445 9.9991E-05 0.561936
0.077713 0.0130919 0.0747246 9.9991E-05 0.0884838 0.207759 0.0276851 0.510443
0.1103 0.102065 0.127942 0.078193 0.105866 0.233973 0.0101743 0.231487
0.109863 0.0494514 9.9982E-05 0.0954128 0.086575 0.256298 9.9982E-05 0.4022
9.9982E-05 0.236773 9.9982E-05 0.0318996 0.0797484 0.388516 0.00261097 0.260252
0.059996 0.0919147 9.9991E-05 0.0285403 0.0506707 0.30185 0.0187041 0.448224
0.0205012 0.16066 9.9991E-05 0.0656317 0.095397 0.268124 0.00768101 0.381905
0.0871 0.0812348 0.0418451 0.0138025 0.0358714 0.125344 0.094339 0.520463
9.9982E-05 9.9982E-05 0.0421655 0.018447 0.141363 0.0751058 0.322104 0.400615
0.0360684 9.9982E-05 0.084123 9.9982E-05 0.168607 0.109534 0.116492 0.484975
0.0861093 0.0196772 0.0487286 9.9991E-05 0.12597 0.167551 0.173878 0.377987
0.0261174 0.0259712 0.0968959 0.0461117 0.135332 0.0303961 0.105304 0.533872
0.0378109 9.9982E-05 0.129531 0.0697081 0.153118 9.9982E-05 0.171857 0.437774
0.180319 0.0891663 0.0982985 0.00968689 9.9982E-05 0.154981 9.9982E-05 0.467349
0.0470667 0.00876326 0.0600031 0.0850611 0.0984026 0.0300379 0.147459 0.523206
0.0375709 9.9991E-05 0.409591 0.00805123 0.182761 0.193255 0.157597 0.0110736
0.0355374 0.0241733 0.114121 9.9991E-05 0.101292 0.0629113 0.0886028 0.573262
0.0175989 9.9982E-05 0.0667692 9.9982E-05 0.159247 0.115385 0.104051 0.536749
0.0325184 9.9991E-05 0.101635 0.0487565 0.182707 0.0645301 0.076672 0.493081
0.0931045 9.9991E-05 0.194598 0.0139707 0.078777 0.153534 0.163735 0.302181
0.0128409 0.0264589 0.0388492 9.9991E-05 0.143543 0.0673153 0.205321 0.505572
0.0868962 0.047193 0.0546529 9.9982E-05 0.134679 9.9982E-05 0.133305 0.543074
9.9955E-05 9.9955E-05 0.440028 9.9955E-05 0.131307 9.9955E-05 0.428165 9.9955E-05
0.0326167 0.0305337 0.0171684 9.9991E-05 0.188983 0.120021 0.184362 0.426216
0.0298523 0.00827003 0.073947 9.9991E-05 0.140134 0.0191893 0.171682 0.556825
0.057057 0.0165734 0.10405 9.9991E-05 0.0799141 0.102087 0.0697055 0.570513
9.9964E-05 9.9964E-05 0.0871619 9.9964E-05 0.180279 9.9964E-05 0.183557 0.548602
0.0214509 9.9991E-05 0.0181753 0.0468121 0.137998 0.108884 0.196645 0.469935
0.429465 0.0189053 9.9973E-05 0.0924402 9.9973E-05 9.9973E-05 0.0572004 0.401689
0.182256 0.0633725 0.0380087 0.0814466 0.071268 0.0813914 0.0301338 0.452123
0.926341 0.000806189 0.00242998 0.0593419 9.9973E-05 0.0107811 9.9973E-05 9.9973E-05
0.924274 9.9964E-05 0.0019306 9.9964E-05 9.9964E-05 0.0663661 0.00702939 9.9964E-05
0.314235 9.9991E-05 0.0189219 0.0136094 0.0383128 0.081104 0.071347 0.46237
0.106664 9.9982E-05 0.100082 9.9982E-05 0.278547 0.0175961 0.133522 0.363389
0.213931 9.9973E-05 0.0261747 9.9973E-05 0.26151 9.9973E-05 0.147186 0.350898
0.237432 9.9973E-05 0.123674 9.9973E-05 0.292461 9.9973E-05 0.172441 0.173691
0.221205 9.9973E-05 0.0426319 9.9973E-05 0.246468 9.9973E-05 0.155818 0.333578
0.706541 9.9973E-05 0.0985583 9.9973E-05 0.0460054 9.9973E-05 0.113731 0.0348643
0.722108 9.9973E-05 0.0311009 9.9973E-05 0.0630226 9.9973E-05 0.100313 0.0831561
0.386557 9.9973E-05 0.01219 9.9973E-05 0.0502127 9.9973E-05 0.0136121 0.537128
0.480637 9.9964E-05 9.9964E-05 9.9964E-05 0.0759749 9.9964E-05 0.0701017 0.372886
0.701265 9.9973E-05 9.9973E-05 9.9973E-05 0.0439127 0.00167604 0.0652263 0.18762
0.309641 0.01277 9.9982E-05 9.9982E-05 0.0183971 0.0716373 0.0606976 0.526657
0.35573 9.9964E-05 9.9964E-05 9.9964E-05 0.056141 9.9964E-05 0.0139797 0.57375
0.2693 9.99872E-05 0.0294827 0.042932 0.0391025 9.99872E-05 0.105059 0.513923
0.67536 9.9973E-05 9.9973E-05 0.0155611 9.9973E-05 0.000247838 0.0109625 0.297569
0.473723 0.0206185 0.0318171 0.0192224 9.9991E-05 0.0780772 0.0110186 0.365423
0.326532 0.0739595 0.00840908 9.9973E-05 9.9973E-05 9.9973E-05 0.0504249 0.540375
0.363418 0.0793095 0.0418475 9.9991E-05 0.0259085 0.0491499 0.0182152 0.422052
0.258121 0.0384263 9.9982E-05 0.0720839 0.0497824 9.9982E-05 0.090417 0.49097
0.439041 0.00246463 0.0532839 0.0509617 9.9982E-05 9.9982E-05 0.0134743 0.440575
0.832134 0.0239209 9.9955E-05 9.9955E-05 9.9955E-05 9.9955E-05 9.9955E-05 0.143445
0.376289 0.0220389 9.9973E-05 9.9973E-05 0.00575608 9.9973E-05 0.00967335 0.585942
0.829181 0.0240148 9.9973E-05 0.0102788 9.9973E-05 0.0213599 9.9973E-05 0.114866
0.547313 9.9955E-05 9.9955E-05 9.9955E-05 9.9955E-05 9.9955E-05 0.036736 0.415451
0.386852 0.0235454 9.9973E-05 9.9973E-05 0.0107096 9.9973E-05 0.094973 0.48362
0.328144 0.073864 9.9982E-05 0.0402925 0.030608 9.9982E-05 0.0348123 0.492079
0.0991997 9.99896E-05 0.126575 9.99896E-05 0.0937394 0.010243 0.158382 0.511661
0.112477 0.0346096 0.0886156 0.0148273 0.158724 0.0765465 0.0909012 0.423299
0.0516248 9.9982E-05 0.16574 9.9982E-05 0.264465 0.030691 0.185817 0.301462
0.0933011 0.017392 0.136964 9.9991E-05 0.223426 0.00424394 0.202999 0.321575
0.0595442 0.0367134 0.0925123 9.9991E-05 0.186029 0.0774234 0.113982 0.433696
0.144162 0.0103235 0.0802467 0.025425 0.127501 0.0605604 0.137191 0.41459
0.717744 9.9964E-05 0.00754181 9.9964E-05 0.105986 9.9964E-05 0.168328 9.9964E-05
0.156006 9.9973E-05 0.0135102 9.9973E-05 0.162266 9.9973E-05 0.135411 0.532507
0.362813 9.9964E-05 0.233309 9.9964E-05 0.080824 9.9964E-05 0.322654 9.9964E-05
0.319419 9.9964E-05 9.9964E-05 9.9964E-05 0.155137 9.9964E-05 0.0649389 0.460105
0.905762 9.9946E-05 9.9946E-05 9.9946E-05 9.9946E-05 9.9946E-05 9.9946E-05 0.0936388
0.947823 9.9946E-05 9.9946E-05 0.0515775 9.9946E-05 9.9946E-05 9.9946E-05 9.9946E-05
0.543359 9.9946E-05 9.9946E-05 9.9946E-05 9.9946E-05 9.9946E-05 9.9946E-05 0.456041
0.418487 9.9955E-05 9.9955E-05 9.9955E-05 9.9955E-05 9.9955E-05 0.00873149 0.572282
0.636175 9.9946E-05 9.9946E-05 9.9946E-05 9.9946E-05 9.9946E-05 9.9946E-05 0.363225
0.465404 9.9946E-05 9.9946E-05 9.9946E-05 9.9946E-05 9.9946E-05 9.9946E-05 0.533996
0.502771 9.9946E-05 9.9946E-05 9.9946E-05 9.9946E-05 9.9946E-05 9.9946E-05 0.49663
0.0593262 0.0508432 9.9982E-05 9.9982E-05 0.00492281 0.00397448 0.880623 0.000110474
0.015072 0.0546723 0.0404819 0.045759 0.0419243 9.9991E-05 0.755315 0.0466759
9.9964E-05 0.0520786 9.9964E-05 9.9964E-05 0.0024645 9.9964E-05 0.916718 0.0283387
9.9955E-05 9.9955E-05 0.0349774 9.9955E-05 9.9955E-05 9.9955E-05 0.924984 0.0395388
9.9973E-05 9.9973E-05 0.0355035 0.356669 0.0511912 9.9973E-05 0.0535527 0.502784
9.9973E-05 0.00620672 9.9973E-05 0.343748 9.9973E-05 0.0625888 0.0568543 0.530302
9.9964E-05 9.9964E-05 9.9964E-05 0.435546 9.9964E-05 0.0513543 0.00432294 0.508377
9.9982E-05 0.0289374 0.0310119 0.271187 9.9982E-05 0.054104 0.0741129 0.540447
0.00253963 0.0226508 0.10057 0.122456 9.9991E-05 0.0674616 0.0939608 0.590262
9.9973E-05 0.0210751 9.9973E-05 0.531954 9.9973E-05 0.131956 0.0566363 0.258079
9.9964E-05 9.9964E-05 9.9964E-05 0.310787 9.9964E-05 0.0171726 0.00636585 0.665275
0.0775563 9.9973E-05 0.0651679 0.563283 0.00718732 9.9973E-05 9.9973E-05 0.286506
9.9982E-05 0.0585448 0.0267102 9.9982E-05 0.117757 0.0659182 0.346292 0.384578
0.105747 9.99908E-05 0.0671934 0.410277 0.00988013 0.00983619 9.99908E-05 0.396867
9.9964E-05 0.0441974 9.9964E-05 0.5079 9.9964E-05 0.109724 9.9964E-05 0.337779
0.0480317 9.9982E-05 0.00103007 0.374149 9.9982E-05 0.0408679 0.0151931 0.520529
9.9982E-05 0.0902402 9.9982E-05 0.476795 0.0267891 0.0166954 0.00193987 0.38734
0.0040314 9.9964E-05 9.9964E-05 0.404558 0.00386791 9.9964E-05 9.9964E-05 0.587143
9.9973E-05 0.0458309 9.9973E-05 0.364386 0.0492359 9.9973E-05 0.0514964 0.488751
0.0996217 9.9955E-05 0.06285 0.837029 9.9955E-05 9.9955E-05 9.9955E-05 9.9955E-05
0.0879584 9.9973E-05 0.0968811 0.507955 0.0189931 9.9973E-05 9.9973E-05 0.287912
0.0514449 9.9973E-05 0.0185535 0.58977 0.00391535 9.9973E-05 9.9973E-05 0.336016
0.044347 9.9955E-05 0.141943 0.81321 9.9955E-05 9.9955E-05 9.9955E-05 9.9955E-05
9.9973E-05 0.078893 9.9973E-05 0.411077 9.9973E-05 0.0466704 0.0562083 0.406851
0.0678037 9.9964E-05 0.244118 0.607628 9.9964E-05 9.9964E-05 9.9964E-05 0.0800504
0.045559 9.9955E-05 0.152323 0.801619 9.9955E-05 9.9955E-05 9.9955E-05 9.9955E-05
0.0613968 9.9982E-05 0.0310677 0.313897 0.0576271 9.9982E-05 0.0205376 0.515274
9.9973E-05 0.0923014 9.9973E-05 0.563948 9.9973E-05 0.146827 0.0324389 0.164184
9.9973E-05 0.0855635 9.9973E-05 0.404593 0.00597912 0.052338 9.9973E-05 0.451226
0.0797314 9.9991E-05 0.0481387 0.118399 0.0609683 0.0242053 0.092849 0.575608
9.9973E-05 0.0198048 9.9973E-05 0.37851 9.9973E-05 0.0713884 0.0324561 0.497541
0.170991 0.0779462 0.108402 0.00477762 9.9982E-05 0.349591 9.9982E-05 0.288092
0.00242139 0.0752324 9.9991E-05 0.278818 0.015845 0.041998 0.0243518 0.561234
9.9973E-05 0.0361625 9.9973E-05 0.342879 9.9973E-05 0.0819756 0.0262024 0.512481
0.0776787 9.9982E-05 0.0356086 0.543926 0.00758698 0.0611691 9.9982E-05 0.273831
0.0485958 0.0533675 9.9991E-05 0.207646 0.062971 0.05595 0.112404 0.458965
9.9964E-05 0.266623 0.0699311 9.9964E-05 9.9964E-05 0.00524289 0.657803 9.9964E-05
0.0148555 0.178208 0.00845221 0.0375763 9.9973E-05 9.9973E-05 0.760608 9.9973E-05
9.9964E-05 0.130722 0.0166496 0.0116792 9.9964E-05 9.9964E-05 0.840549 9.9964E-05
9.9964E-05 0.132463 0.0486226 9.9964E-05 9.9964E-05 0.00428214 0.814232 9.9964E-05
9.9973E-05 0.169433 0.0744033 0.0294092 9.9973E-05 9.9973E-05 0.722745 0.00370967
9.9982E-05 0.0649759 9.9982E-05 0.63197 0.00950094 0.133433 0.0541725 0.105748
9.9973E-05 0.0773592 9.9973E-05 0.679572 9.9973E-05 0.0539103 0.0389695 0.149889
0.0148723 9.9973E-05 0.0547532 0.723199 0.0323212 9.9973E-05 9.9973E-05 0.174555
0.0251953 0.00378851 0.0560811 0.140938 0.0723659 0.070933 0.114522 0.516176
0.0554768 0.046723 0.000225145 0.189776 0.0617072 9.9991E-05 0.121174 0.524818
9.99667E-05 9.99667E-05 0.0659934 0.659888 0.0515678 9.99667E-05 9.99667E-05 0.222151
0.0313452 0.00789045 0.0145204 0.246383 0.0658707 0.0402137 0.0159305 0.577846
0.0213663 0.00179804 0.0817297 0.420081 0.0360918 0.0363607 0.00178166 0.400791
9.9973E-05 0.0271739 9.9973E-05 0.389232 9.9973E-05 0.0570294 0.0270377 0.499227
9.9973E-05 0.0273942 9.9973E-05 0.297824 0.0584497 9.9973E-05 0.0509627 0.56507
9.9973E-05 0.0534899 9.9973E-05 0.636237 9.9973E-05 0.0900652 0.0083396 0.211568
9.9964E-05 0.0680539 9.9964E-05 0.588176 9.9964E-05 0.0581615 9.9964E-05 0.285209
9.9973E-05 0.0407663 9.9973E-05 0.562235 9.9973E-05 0.103086 0.0123777 0.281236
9.9964E-05 0.0482658 0.225342 9.9964E-05 9.9964E-05 9.9964E-05 0.0810399 0.644952
9.9982E-05 0.036667 9.9982E-05 0.550429 0.00265568 0.0210737 0.0290028 0.359972
9.9973E-05 0.0412999 9.9973E-05 0.46774 9.9973E-05 0.0179879 0.0591394 0.413532
0.0158466 9.9982E-05 0.0639885 0.0138934 0.32148 9.9982E-05 0.118767 0.465824
0.0590458 9.9982E-05 0.0623709 9.9982E-05 0.439219 0.00685209 0.122897 0.309415
9.9973E-05 0.0174571 0.0122333 9.9973E-05 0.415659 9.9973E-05 0.0885723 0.465779
0.0236879 9.9973E-05 0.034689 9.9973E-05 0.502519 9.9973E-05 0.174168 0.264636
9.9991E-05 0.0456977 0.072495 0.011216 0.287542 0.0213431 0.0884619 0.473145
0.0250377 9.9973E-05 0.211255 0.185159 9.9973E-05 9.9973E-05 0.0575524 0.520695
9.9973E-05 0.0131266 0.0932219 9.9973E-05 0.63663 9.9973E-05 0.243215 0.0135065
0.00353187 0.0393078 0.0310789 9.9982E-05 0.503811 9.9982E-05 0.135947 0.286123
9.9982E-05 0.0097085 0.279049 0.0393687 0.122992 9.9982E-05 0.161855 0.386826
9.99799E-05 0.026143 0.287146 9.99799E-05 9.99799E-05 0.0621799 0.0744658 0.549765
9.9973E-05 0.0248737 0.288763 9.9973E-05 9.9973E-05 0.0804337 0.0995669 0.506063
9.9973E-05 0.00874993 0.232075 0.036305 9.9973E-05 9.9973E-05 0.104844 0.617726
9.9991E-05 0.00670103 0.139346 0.0647602 0.0334818 0.0291834 0.130498 0.59593
9.9973E-05 0.0274075 9.9973E-05 0.00646391 0.45988 9.9973E-05 0.18344 0.322508
0.0274992 0.0159958 0.0208331 0.0026991 0.314892 0.0114994 0.167021 0.439561
9.9964E-05 9.9964E-05 0.0088928 9.9964E-05 0.488316 9.9964E-05 0.120058 0.382333
0.0317721 0.0243456 0.0415412 0.0373792 0.266326 0.0195581 0.145684 0.433394
0.0539713 9.9991E-05 0.0159165 0.0158888 0.503622 0.0422564 0.180637 0.187608
9.9991E-05 0.0592412 0.00440859 0.0491386 0.35521 0.0131588 0.122537 0.396206
0.0529416 9.99888E-05 0.0241368 0.00569579 0.489615 9.99888E-05 0.157414 0.269997
0.0182861 0.0498488 0.057334 0.00302087 0.287487 0.121485 0.0946781 0.36786
9.9973E-05 0.0393218 0.38201 0.00341639 9.9973E-05 9.9973E-05 0.0618325 0.51312
9.9991E-05 0.0742928 0.0667302 0.000297287 0.338816 0.029708 0.129784 0.360272
9.9964E-05 9.9964E-05 0.0741996 9.9964E-05 0.563066 9.9964E-05 0.216025 0.14631
0.0267175 0.0477012 0.0149584 0.00841623 0.340185 0.0915694 0.103106 0.367346
9.9982E-05 0.0299336 0.381103 0.0535178 9.9982E-05 0.136436 0.122624 0.276186
9.9964E-05 9.9964E-05 0.318872 9.9964E-05 0.032724 0.0344126 9.9964E-05 0.613592
0.00729587 0.0250966 0.0528003 0.00958024 0.330459 0.0164575 0.166198 0.392113
9.9973E-05 0.0581075 0.198802 9.9973E-05 9.9973E-05 0.0957611 0.11141 0.535619
9.9964E-05 9.9964E-05 0.281586 9.9964E-05 9.9964E-05 0.0979824 0.129991 0.490041
0.0419545 0.0226081 0.137903 0.0650698 0.191318 0.00621493 0.195705 0.339227
0.0457919 0.0285254 0.0871089 9.9991E-05 0.260184 0.016646 0.201188 0.360456
0.0456583 0.00363681 0.147554 0.0500782 0.0708834 0.0108907 0.148863 0.522436
0.0515563 9.9982E-05 9.9982E-05 0.0179647 0.333783 0.0583635 0.128047 0.410085
0.0152432 9.9973E-05 9.9973E-05 9.9973E-05 0.369495 0.051929 0.121695 0.441338
9.9964E-05 9.9964E-05 0.0524246 9.9964E-05 0.615063 9.9964E-05 0.202998 0.129114
0.0673005 0.100702 0.102761 0.000969227 0.0840821 0.0156855 0.0491865 0.579312
9.9973E-05 9.9973E-05 0.31003 0.0117345 9.9973E-05 0.11679 0.110555 0.45059
9.9964E-05 9.9964E-05 0.781897 0.00320465 9.9964E-05 9.9964E-05 0.00714625 0.207352
9.9982E-05 0.0117011 0.127833 0.0507499 9.9982E-05 0.0200125 0.160999 0.628505
0.110529 0.0807189 0.203385 0.0168096 0.05616 0.127457 0.0211885 0.383752
9.9982E-05 9.9982E-05 0.165432 0.00996108 0.135836 0.0450397 0.15793 0.485602
9.9991E-05 0.00339208 0.221218 0.0425607 0.108712 0.0244985 0.102728 0.49679
9.9955E-05 9.9955E-05 0.608783 9.9955E-05 0.114644 9.9955E-05 0.276073 9.9955E-05
