9.9973E-05 0.043899 0.0377026 0.0337576 0.884341 9.9973E-05 9.9973E-05
9.9964E-05 9.9964E-05 9.9964E-05 9.9964E-05 0.924053 0.0158674 0.05968
0.0530746 0.0288505 9.9982E-05 0.070063 0.837364 0.0104475 9.9982E-05
0.0399418 0.0910062 9.9973E-05 0.0931446 0.775607 9.9973E-05 9.9973E-05
0.0740698 9.9973E-05 9.9973E-05 0.0382838 0.848467 9.9973E-05 0.0388793
0.0450877 0.00230456 0.121919 0.0693702 0.621107 0.140112 9.9991E-05
9.9982E-05 0.0275434 0.10083 0.0014295 0.815326 0.0546708 9.9982E-05
9.9982E-05 0.0708376 0.157237 0.0453192 0.701912 9.9982E-05 0.024494
9.99729E-05 0.102689 0.0486092 9.99729E-05 0.815873 0.0325292 9.99729E-05
0.0460544 0.0625932 0.0813951 0.0692863 0.666536 9.9991E-05 0.0740351
0.0476714 0.101192 0.115145 9.9973E-05 0.735692 9.9973E-05 9.9973E-05
0.305103 0.401295 0.0589381 0.0208975 9.9991E-05 0.157564 0.0561018
0.475388 0.273002 0.0121209 0.0486559 0.0236107 0.119743 0.0474803
0.269879 0.411879 0.0235936 0.0487428 0.0151958 0.11689 0.11382
0.28831 0.316484 0.019966 0.160884 0.0345956 0.0660132 0.113747
0.40576 0.0719527 0.0687084 0.115673 0.18123 0.115901 0.0407745
0.570219 0.0587917 0.147307 0.0973428 0.0798525 9.9991E-05 0.0463867
0.529521 0.150493 0.0515587 0.0129567 0.0190528 0.14902 0.0873976
0.384898 0.230388 0.0587176 0.0756032 0.103298 0.146995 9.9991E-05
0.00542764 0.572949 0.139954 0.074281 0.0193896 0.116392 0.0716062
0.411646 0.304737 0.0258054 0.111507 9.9991E-05 0.0947145 0.0514903
0.468265 0.179803 0.191989 0.0316479 9.9991E-05 0.088001 0.0401944
0.512235 0.193725 0.0921622 0.0498669 0.00456028 0.129457 0.0179944
0.374468 0.308613 0.0731772 0.0915647 0.000459116 0.137581 0.0141367
0.625471 0.0572471 9.9991E-05 0.0354853 0.16401 0.0684173 0.0492688
0.595046 0.181832 0.135676 0.0276809 0.0376558 0.0143076 0.00780145
0.248463 0.453041 0.0713241 0.0748207 0.0333259 0.118925 9.9991E-05
0.242779 0.339629 0.0642471 0.170045 0.0295962 0.153603 9.9991E-05
0.262713 0.393304 0.0661127 0.0188994 9.9991E-05 0.1253 0.133571
0.120149 9.9964E-05 9.9964E-05 0.0669129 0.812538 9.9964E-05 9.9964E-05
0.17867 9.9955E-05 9.9955E-05 9.9955E-05 0.82083 9.9955E-05 9.9955E-05
0.135734 9.9964E-05 9.9964E-05 0.0575313 0.806335 9.9964E-05 9.9964E-05
0.0728487 9.9982E-05 0.0776134 0.107791 0.719281 0.0222661 9.9982E-05
0.560756 0.0864276 0.0300946 9.9991E-05 0.0342886 0.201121 0.0872124
0.443644 0.0834036 9.9982E-05 0.0329122 0.121196 0.318644 9.9982E-05
0.548349 9.9964E-05 9.9964E-05 9.9964E-05 0.0374052 0.413846 9.9964E-05
0.143951 0.565189 9.9982E-05 0.0346821 0.0895131 0.166465 9.9982E-05
0.255788 9.9973E-05 0.0519433 0.0636676 9.9973E-05 0.628302 9.9973E-05
0.480208 0.129712 0.0246714 0.0434622 0.0333265 0.153556 0.135065
0.744916 9.9973E-05 0.0353751 9.9973E-05 0.0527095 0.1667 9.9973E-05
0.57511 9.9982E-05 0.17313 9.9982E-05 0.0756149 0.175722 0.000223201
0.624705 0.0910136 0.0130135 0.0109227 0.099268 0.0933812 0.067696
0.0768165 0.132157 0.0432272 9.9982E-05 0.0461719 0.701427 9.9982E-05
0.570501 0.00474355 0.190438 0.0577632 0.0392829 0.114159 0.0231119
0.455079 9.9991E-05 0.0385706 0.155906 0.0336942 0.264766 0.0518849
0.58186 0.0418821 0.0275258 0.0151151 0.157334 0.176183 9.9991E-05
0.295688 0.000818757 0.0565393 9.9982E-05 9.9982E-05 0.608991 0.0377631
0.553551 0.0074774 0.0346557 0.0431455 0.0627811 0.267506 0.0308841
0.471513 0.0488469 0.0460866 0.0458081 0.149791 0.237854 9.9991E-05
9.9964E-05 9.9964E-05 0.219536 9.9964E-05 0.0625431 0.717521 9.9964E-05
0.177447 0.395215 0.0323021 9.9982E-05 9.9982E-05 0.331694 0.0631416
0.128516 0.22899 0.301644 0.00333609 9.9991E-05 0.181885 0.155528
0.487166 0.102456 0.0205478 0.118706 0.0925996 0.111419 0.0671066
0.666908 0.101639 0.134587 9.9973E-05 0.0965651 9.9973E-05 9.9973E-05
0.646977 0.0811608 0.177299 9.9982E-05 0.00657385 9.9982E-05 0.0877892
0.143015 0.40424 0.146013 9.9991E-05 0.0613578 0.201267 0.0440063
0.536765 0.206827 0.0540895 0.0469429 0.0121364 0.0435736 0.0996648
0.621963 0.140137 0.0876189 0.0422045 0.0544205 9.9991E-05 0.0535561
0.385563 0.262246 0.0100429 9.9991E-05 0.110348 0.160963 0.0707369
0.0155673 0.354556 0.128206 0.0628473 0.184846 0.168769 0.0852091
0.584836 0.152764 0.00954302 9.9991E-05 0.0964475 0.0775217 0.0787872
0.454678 0.238983 0.0109903 0.0288044 0.0628756 0.084961 0.118708
0.067517 0.549937 0.174351 9.9991E-05 0.00684332 0.196279 0.00497308
0.519163 0.173797 0.0438877 9.9991E-05 0.00204019 0.101507 0.159506
0.51341 0.0305301 0.180805 0.0370871 9.9991E-05 0.122883 0.115185
0.608076 0.154848 0.0839446 0.0299105 0.0489377 9.9991E-05 0.0741825
0.304135 0.216899 0.156717 0.0125387 0.0779017 0.124796 0.107012
0.615847 0.24687 0.0576403 9.9991E-05 0.00345305 0.0313221 0.0447674
0.584942 0.126174 0.0387473 0.0647296 9.9991E-05 0.106952 0.0783555
0.228739 0.396781 0.128345 9.9982E-05 9.9982E-05 0.140273 0.105662
0.557185 0.0738566 9.9964E-05 9.9964E-05 9.9964E-05 0.368558 9.9964E-05
0.118623 0.0111171 9.9973E-05 0.0572769 9.9973E-05 0.812683 9.9973E-05
0.482837 0.0041512 0.1154 0.106994 0.0292523 0.252006 0.00935947
9.9964E-05 9.9964E-05 0.126075 9.9964E-05 9.9964E-05 0.871512 0.00201398
9.9964E-05 9.9964E-05 0.0839936 9.9964E-05 9.9964E-05 0.817521 0.0980854
0.236452 9.9964E-05 9.9964E-05 0.0239839 9.9964E-05 0.739164 9.9964E-05
0.487307 0.0480202 9.9964E-05 9.9964E-05 9.9964E-05 0.464273 9.9964E-05
0.509024 0.107769 9.9982E-05 9.9982E-05 0.174315 0.124997 0.0836951
0.425329 0.0989836 9.9982E-05 0.0280832 9.9982E-05 0.380498 0.0669062
0.17554 0.144879 9.9982E-05 0.0176361 0.0538329 0.607912 9.9982E-05
0.205667 0.224021 9.9973E-05 9.9973E-05 0.0433588 0.526654 9.9973E-05
0.435021 9.9982E-05 9.9982E-05 0.0809587 0.12138 0.330793 0.0316468
0.168272 0.0349559 0.0106659 0.0557998 0.030498 0.699709 9.9991E-05
0.395093 0.0150154 0.0271821 0.0253725 0.0684023 0.468835 9.9991E-05
0.350891 9.9982E-05 0.0922559 9.9982E-05 0.00267498 0.500516 0.0534619
9.9991E-05 0.0407813 0.0979342 0.00100584 0.0472209 0.701769 0.111189
0.638399 0.0836925 9.9973E-05 9.9973E-05 0.050119 0.227489 9.9973E-05
0.121728 0.0575737 9.9964E-05 9.9964E-05 0.820298 9.9964E-05 9.9964E-05
0.0857383 9.9955E-05 9.9955E-05 9.9955E-05 0.913762 9.9955E-05 9.9955E-05
0.0877906 9.9964E-05 9.9964E-05 0.0435966 0.868213 9.9964E-05 9.9964E-05
0.0834236 9.9964E-05 9.9964E-05 9.9964E-05 0.907879 0.00829802 9.9964E-05
0.0783786 9.9973E-05 9.9973E-05 0.0413229 0.852089 9.9973E-05 0.0279094
9.9982E-05 9.9982E-05 0.00899057 0.0615684 0.854575 0.0292599 0.0454056
0.0136919 9.9973E-05 0.00657718 0.063707 0.915724 9.9973E-05 9.9973E-05
0.470863 0.136752 0.000561209 0.0788099 0.071079 0.215414 0.0265214
0.53723 0.130404 0.133523 0.0132605 0.0549075 0.12809 0.00258481
9.9964E-05 0.0885984 9.9964E-05 9.9964E-05 0.0392066 0.871795 9.9964E-05
0.603897 0.0305351 0.0800619 9.9991E-05 0.160795 0.114711 0.0098999
0.438347 0.0539762 9.9973E-05 9.9973E-05 0.0368385 0.470538 9.9973E-05
0.568341 0.00201797 9.9982E-05 9.9982E-05 0.0258793 0.313475 0.0900868
0.464389 9.9991E-05 0.0572556 0.0522299 0.0059001 0.324684 0.0954407
0.35889 9.9982E-05 9.9982E-05 0.0818445 0.0356974 0.41573 0.107638
9.9973E-05 0.180619 9.9973E-05 9.9973E-05 0.050789 0.766848 0.0014444
0.582869 0.103506 9.9991E-05 0.0255029 0.143069 0.141542 0.00341067
0.660368 9.9973E-05 9.9973E-05 9.9973E-05 0.0473587 0.217612 0.0743607
0.61653 0.0721567 0.00235979 0.00710997 0.104101 0.107293 0.0904504
0.321359 9.9982E-05 0.162367 0.0104498 0.00654119 0.499083 9.9982E-05
0.454446 9.9964E-05 9.9964E-05 9.9964E-05 9.9964E-05 0.455105 0.0900494
0.509988 0.0627273 0.0430747 9.9991E-05 0.0367486 0.336944 0.0104176
0.259599 9.9973E-05 9.9973E-05 0.0970666 9.9973E-05 0.617954 0.0250806
0.426142 0.0570505 9.9982E-05 9.9982E-05 0.0898102 0.395733 0.031064
0.548989 0.0916229 0.0962242 0.0461699 0.0760471 0.0757469 0.0652004
0.209377 0.328933 0.102532 0.0193439 0.0133412 0.107005 0.219469
0.342202 0.3116 0.0836585 0.075275 0.104625 0.0825394 9.9991E-05
0.421136 0.128703 9.9991E-05 0.104182 0.0794889 0.130738 0.135651
0.525856 0.0667578 9.9991E-05 0.00891714 0.0686509 0.174944 0.154774
0.496118 0.317573 0.0194318 9.9982E-05 0.00302087 9.9982E-05 0.163657
0.626085 0.263481 0.021522 9.9982E-05 0.0366298 0.0520823 9.9982E-05
0.464137 0.353174 9.9982E-05 9.9982E-05 0.00292758 0.054809 0.124752
0.499491 0.0817412 0.0235581 9.9991E-05 0.0738265 0.165817 0.155466
0.624223 0.166016 0.144818 9.9982E-05 0.0331452 0.0315978 9.9982E-05
0.570418 0.19636 0.0536685 0.0483785 0.0165602 0.0584961 0.0561181
0.490184 0.364984 9.9973E-05 9.9973E-05 9.9973E-05 0.0911943 0.0533379
0.647269 0.116149 9.9982E-05 9.9982E-05 0.0659906 0.0544497 0.115942
0.599889 9.9991E-05 0.1781 0.0607102 0.0755515 0.0634683 0.0221808
0.60873 0.188389 9.9982E-05 0.0628322 9.9982E-05 0.0592846 0.0805643
0.533926 0.169712 0.0883142 0.0427112 9.9991E-05 0.0157082 0.149528
0.560195 0.138728 0.0130166 0.0949504 0.0727413 0.114985 0.00538385
0.401399 0.259809 0.156502 0.00148847 0.0872543 9.9991E-05 0.0934476
0.546847 0.145036 9.9991E-05 0.0929016 0.0628101 0.128977 0.0233281
0.658288 0.0711513 9.9982E-05 0.092147 0.0884341 9.9982E-05 0.0897796
0.264952 0.392652 9.9982E-05 0.0681072 9.9982E-05 0.183856 0.0902334
0.165 0.369623 0.143466 0.0226432 9.9991E-05 0.114412 0.184756
0.549313 0.177201 0.0923162 0.0370246 0.0303459 0.0144897 0.0993089
0.00639726 0.329545 0.179365 0.0419835 9.9991E-05 0.148118 0.294492
0.301146 0.408074 9.9991E-05 0.0105301 0.0337887 0.110358 0.136003
0.416042 0.26217 0.00417417 9.9991E-05 0.0139472 0.200173 0.103394
0.276097 0.391111 9.9982E-05 9.9982E-05 0.0273871 0.294556 0.0106489
0.33833 0.506076 0.0332787 0.0124539 9.9982E-05 0.109661 9.9982E-05
0.575131 0.150239 0.0850124 0.0261507 0.0743575 0.0499995 0.0391096
0.619982 0.0798136 0.0754174 0.0766746 0.0925801 0.0554327 9.9991E-05
0.506307 0.162539 0.0835767 9.9991E-05 0.0812079 0.0181302 0.148138
0.123867 0.340255 0.231463 0.0387666 9.9991E-05 0.201602 0.0639457
0.540247 0.0380814 0.0720312 0.0605672 0.161047 0.0597097 0.0683171
0.46877 0.042491 0.296346 9.9982E-05 9.9982E-05 0.00141641 0.190777
0.00130264 0.126103 0.41275 9.9991E-05 0.132069 0.216849 0.110827
0.608479 9.9982E-05 0.0228816 9.9982E-05 0.142607 0.0266557 0.199176
0.356311 0.0655499 0.251183 0.0216625 0.0878112 0.168976 0.0485075
0.468805 0.0295449 0.140813 0.091063 0.060931 0.0917044 0.117138
0.223145 0.100534 0.50757 9.9991E-05 0.00593345 0.154688 0.00802965
0.169898 0.183257 0.388708 9.9991E-05 0.0346792 0.043907 0.179451
0.427822 0.0765744 0.173361 9.9991E-05 0.0352508 0.157502 0.12939
0.471936 0.104154 0.0978039 0.0853434 0.0949568 0.11669 0.0291156
0.419573 0.171005 0.0918519 0.0261554 0.140541 0.13684 0.0140345
9.9991E-05 0.0756416 0.352973 0.155162 0.0491372 0.286892 0.0800933
0.619501 0.0742165 0.14287 0.0242329 0.0509554 0.0881239 9.9991E-05
0.403854 0.0377243 0.334369 9.9982E-05 9.9982E-05 0.160111 0.0637417
0.497374 0.0592859 0.23901 9.9991E-05 0.0147929 0.127256 0.0621807
0.571487 9.9982E-05 0.0483469 9.9982E-05 0.131798 0.1863 0.061868
0.13276 9.9982E-05 0.302399 0.222664 0.323536 9.9982E-05 0.0184416
9.9964E-05 9.9964E-05 0.405033 0.131898 0.462669 9.9964E-05 9.9964E-05
9.9964E-05 9.9964E-05 0.496397 0.118515 0.384688 9.9964E-05 9.9964E-05
0.0847389 0.0268702 0.274874 0.273607 0.33971 9.9982E-05 9.9982E-05
0.606014 9.9973E-05 0.243017 9.9973E-05 9.9973E-05 0.0973999 0.0532697
0.49787 0.0400797 0.134858 0.0878164 0.073939 0.100945 0.0644929
0.349622 0.0159002 9.9964E-05 0.634078 9.9964E-05 9.9964E-05 9.9964E-05
0.393615 0.0187374 9.9991E-05 0.404544 0.0953955 0.0155833 0.0720253
0.332755 0.0846643 0.00862992 0.391591 0.0965667 0.0856939 9.9991E-05
0.294258 9.9973E-05 0.338168 9.9973E-05 9.9973E-05 0.252214 0.115061
0.649278 9.9991E-05 0.0634583 0.00891372 0.100594 0.057854 0.119802
0.196602 9.9973E-05 0.512927 9.9973E-05 9.9973E-05 0.144074 0.146097
0.561796 0.058512 0.193112 0.00215194 9.9991E-05 0.0920171 0.0923107
0.447744 0.0971637 0.192156 9.9991E-05 0.0308722 0.0681537 0.16381
0.55384 9.9991E-05 0.278222 0.0605704 0.0210444 0.0398434 0.0463797
0.188718 0.0320588 0.43742 9.9982E-05 9.9982E-05 0.259525 0.0820785
0.632439 9.9991E-05 0.0579445 0.0213093 0.103285 0.136742 0.0481814
0.543454 0.0960189 0.235199 0.025063 0.0229328 0.0552736 0.0220587
9.9964E-05 9.9964E-05 9.9964E-05 0.929076 9.9964E-05 0.0531392 0.0173848
0.0393907 9.9973E-05 0.00362725 0.923067 9.9973E-05 9.9973E-05 0.0336154
0.347522 9.9964E-05 9.9964E-05 0.540999 0.111079 9.9964E-05 9.9964E-05
0.28364 9.9964E-05 9.9964E-05 0.69757 0.0183897 9.9964E-05 9.9964E-05
0.167507 0.00024102 0.00101722 0.757839 0.0294754 0.0438208 9.9991E-05
9.995E-05 9.995E-05 9.995E-05 0.9994 9.995E-05 9.995E-05 9.995E-05
9.9964E-05 9.9964E-05 9.9964E-05 0.977852 0.00969845 9.9964E-05 0.0120497
0.194491 9.9955E-05 9.9955E-05 0.805009 9.9955E-05 9.9955E-05 9.9955E-05
0.0212213 0.00141991 9.9964E-05 0.976959 9.9964E-05 9.9964E-05 9.9964E-05
9.995E-05 9.995E-05 9.995E-05 0.9994 9.995E-05 9.995E-05 9.995E-05
9.995E-05 9.995E-05 9.995E-05 0.9994 9.995E-05 9.995E-05 9.995E-05
0.180126 9.9973E-05 9.9973E-05 0.760265 0.0306397 9.9973E-05 0.0286694
0.127304 0.0786401 9.9964E-05 0.793656 9.9964E-05 9.9964E-05 9.9964E-05
9.9955E-05 9.9955E-05 9.9955E-05 0.967748 9.9955E-05 0.0317526 9.9955E-05
0.252625 0.108325 9.9982E-05 0.43508 9.9982E-05 0.0807797 0.12299
0.222627 0.0569965 9.9982E-05 0.65875 0.0328565 0.0285693 9.9982E-05
0.225224 9.9973E-05 0.0279344 0.668739 0.077803 9.9973E-05 9.9973E-05
0.118053 0.0315035 9.9973E-05 0.830085 0.0200588 9.9973E-05 9.9973E-05
9.9955E-05 9.9955E-05 9.9955E-05 0.972349 9.9955E-05 0.0271511 9.9955E-05
0.0306838 0.00793444 0.025732 0.901152 0.00843895 9.9991E-05 0.0259584
9.9955E-05 9.9955E-05 9.9955E-05 0.997173 0.00232719 9.9955E-05 9.9955E-05
0.187905 0.0986979 9.9982E-05 0.670019 0.0126974 0.0304799 9.9982E-05
9.9973E-05 0.00034074 9.9973E-05 0.88643 9.9973E-05 0.0433791 0.0695498
9.9982E-05 9.9982E-05 0.582289 0.0192482 0.284009 0.023175 0.0910791
0.405068 0.060828 0.264533 0.0878485 0.181523 9.9982E-05 9.9982E-05
0.44063 0.0352925 0.195699 0.0215808 0.25986 0.0110043 0.0359339
0.205406 0.000347732 0.539398 0.0415353 0.168844 9.9991E-05 0.0443694
0.410231 0.0572645 0.126343 0.113198 0.15326 0.113528 0.0261771
0.20741 9.9991E-05 0.412427 0.093352 0.171899 0.0521974 0.0626159
0.529403 0.0480568 0.0370361 0.0487168 0.192733 0.0196887 0.124365
0.239147 9.9982E-05 0.427388 0.192335 0.0906891 0.0502415 9.9982E-05
0.533608 0.0365264 0.267139 0.0116833 0.150843 9.9982E-05 9.9982E-05
0.346001 9.9982E-05 0.398721 0.159602 0.0948428 9.9982E-05 0.000633197
0.498588 0.0399829 0.177963 0.0209608 0.160544 0.0926733 0.00928854
0.0411188 0.0445735 0.0456738 9.9991E-05 0.837107 0.00761797 0.0238093
9.9964E-05 9.9964E-05 9.9964E-05 0.0880477 0.90219 9.9964E-05 0.009362
9.9955E-05 0.0308079 9.9955E-05 9.9955E-05 0.968692 9.9955E-05 9.9955E-05
0.0125392 0.0383056 0.0114175 9.9973E-05 0.937438 9.9973E-05 9.9973E-05
0.0530777 0.022296 0.0376633 9.9973E-05 0.886663 9.9973E-05 9.9973E-05
0.025128 9.9982E-05 9.9982E-05 0.0429643 0.890106 0.0110693 0.0305325
0.0204135 9.9964E-05 9.9964E-05 0.095391 0.883796 9.9964E-05 9.9964E-05
9.9973E-05 9.9973E-05 0.0405578 9.9973E-05 0.886231 0.00259044 0.0703207
9.9982E-05 0.00899822 9.9982E-05 0.0284676 0.913042 0.0251261 0.0241657
9.9973E-05 0.0678789 0.019154 0.069761 0.842906 9.9973E-05 9.9973E-05
9.9973E-05 0.168933 9.9973E-05 9.9973E-05 0.638351 0.13066 0.0617557
9.9973E-05 0.297314 9.9973E-05 9.9973E-05 0.593778 0.105029 0.00357946
9.9982E-05 0.314856 0.0754907 9.9982E-05 0.522776 0.0631698 0.0235072
9.9973E-05 0.321451 0.00309291 9.9973E-05 0.503362 0.171794 9.9973E-05
0.495123 0.113338 9.9973E-05 9.9973E-05 0.132557 0.258682 9.9973E-05
0.449222 0.0841074 9.9982E-05 9.9982E-05 0.0311302 0.337687 0.0976535
0.468724 0.177382 0.010025 0.0971815 0.0203606 0.138402 0.0879251
0.302233 0.343739 0.0825569 9.9991E-05 0.0409814 0.201056 0.0293337
0.196175 0.572605 0.054677 0.0178354 9.9991E-05 0.134426 0.0241821
0.621413 0.0159348 9.9991E-05 0.0403381 0.0360791 0.167543 0.118592
0.539222 0.0411209 0.110799 9.9982E-05 9.9982E-05 0.279384 0.0292748
0.558289 0.0906053 0.0578987 9.9982E-05 9.9982E-05 0.237463 0.0555434
0.344816 9.9982E-05 0.0212475 0.0133008 9.9982E-05 0.55613 0.0643057
0.55843 0.0374492 0.0803218 9.9991E-05 0.00534091 0.277688 0.04067
0.431042 0.0828849 9.9982E-05 9.9982E-05 0.00162448 0.363802 0.120447
9.9973E-05 0.12764 0.0507478 9.9973E-05 9.9973E-05 0.662226 0.159087
0.559927 0.0657121 9.9991E-05 0.00630743 0.092955 0.158402 0.116596
0.189583 0.0116272 0.168306 0.014853 0.00576032 0.50782 0.102051
0.506568 9.9982E-05 0.0979957 9.9982E-05 0.0794918 0.295387 0.0203574
0.0497824 0.188221 9.9982E-05 9.9982E-05 0.0414787 0.69287 0.0274478
9.9973E-05 0.753653 0.145557 0.042853 0.0576368 9.9973E-05 9.9973E-05
0.0259495 0.737525 0.112823 0.00676069 0.100422 9.9991E-05 0.0164198
0.024002 0.847589 9.9973E-05 9.9973E-05 0.0428145 9.9973E-05 0.085295
9.9973E-05 0.780546 9.9973E-05 9.9973E-05 0.106312 0.052271 0.0605706
0.0651393 0.815043 0.0834739 0.0273789 9.9982E-05 9.9982E-05 0.00876519
0.0692419 0.716958 9.9982E-05 0.0443557 0.0689754 9.9982E-05 0.100269
0.100153 9.9964E-05 9.9964E-05 9.9964E-05 0.884013 0.0154339 9.9964E-05
0.0764782 0.050109 9.9973E-05 0.0535727 0.81954 9.9973E-05 9.9973E-05
0.118985 9.9964E-05 9.9964E-05 0.0932546 0.787361 9.9964E-05 9.9964E-05
0.0357938 0.0749729 9.9973E-05 0.138274 0.75066 9.9973E-05 9.9973E-05
0.0940632 0.0521141 0.0174238 0.0615234 0.774675 9.9982E-05 9.9982E-05
9.9964E-05 0.56622 0.0800651 9.9964E-05 0.353315 9.9964E-05 9.9964E-05
9.9982E-05 0.409255 0.0343554 9.9982E-05 0.468738 0.0168495 0.0706023
9.9973E-05 0.412517 9.9973E-05 9.9973E-05 0.457774 0.041376 0.0880331
0.171054 0.00807292 9.9973E-05 0.00597736 0.814596 9.9973E-05 9.9973E-05
9.9973E-05 0.540048 0.0286855 9.9973E-05 0.363975 0.0669917 9.9973E-05
0.295683 9.9982E-05 0.170735 0.308582 0.186009 9.9982E-05 0.038791
0.542947 0.0720439 0.0214599 0.172619 0.166325 9.9991E-05 0.0245054
0.510388 9.9973E-05 0.00905537 0.247972 0.232285 9.9973E-05 9.9973E-05
0.318879 9.9991E-05 0.120791 0.204608 0.241305 0.0401908 0.0741264
0.434568 0.0899706 0.0222383 0.117084 0.198448 0.0753769 0.0623138
9.9964E-05 9.9964E-05 0.325728 0.328419 0.345453 9.9964E-05 9.9964E-05
0.404753 0.295327 9.9973E-05 9.9973E-05 9.9973E-05 0.127826 0.171793
0.359173 0.193879 0.134365 9.9982E-05 9.9982E-05 0.0601405 0.252242
0.343657 0.469993 9.9982E-05 9.9982E-05 0.0655376 0.0185794 0.102032
0.402315 0.0967978 0.0708559 0.040167 0.00642432 0.0810484 0.302392
9.9973E-05 0.188493 0.267146 9.9973E-05 9.9973E-05 0.120875 0.423186
0.520227 0.0959852 0.161654 0.00707486 0.0789924 9.9991E-05 0.135967
0.50311 0.122799 0.085077 9.9991E-05 0.0282813 0.0497641 0.210869
0.3195 0.419276 0.13094 9.9991E-05 0.0185761 0.103917 0.0076901
0.560484 0.168888 0.0751554 0.0222602 0.0847466 0.0883652 9.9991E-05
0.115637 0.27553 0.259797 9.9982E-05 9.9982E-05 0.215009 0.133828
0.410896 0.100383 0.107538 0.0404935 9.9991E-05 0.118764 0.221826
0.506736 0.282557 0.0101787 0.0477005 9.9991E-05 0.133138 0.0195894
0.433806 0.0298195 0.0763289 0.169461 0.155054 0.105767 0.0297645
0.394357 0.1793 0.112402 9.9982E-05 9.9982E-05 0.100358 0.213384
0.411709 0.224864 0.0874718 0.0212521 9.9991E-05 0.0762714 0.178332
0.467935 0.0536406 0.0543394 0.0632633 9.9991E-05 0.136244 0.224478
0.553894 0.167823 0.0583518 9.9982E-05 9.9982E-05 0.150921 0.0688107
0.584562 0.109071 0.00390558 0.0411141 0.0699357 0.164747 0.0266643
0.559075 0.0813174 0.0995392 0.0724997 0.0169807 0.135966 0.0346229
0.538513 0.146396 0.0902875 0.0101176 0.0665575 0.148028 9.9991E-05
0.132004 9.9964E-05 9.9964E-05 0.0831663 0.78443 9.9964E-05 9.9964E-05
0.101813 9.9982E-05 9.9982E-05 0.0431317 0.81629 0.00566556 0.0328992
0.033381 0.0505867 0.084335 0.00669674 0.774467 0.0333597 0.0171737
0.103534 0.0413544 9.9982E-05 9.9982E-05 0.813964 0.00132966 0.0396178
0.148692 9.9964E-05 9.9964E-05 9.9964E-05 0.841284 9.9964E-05 0.00962454
0.204541 0.603688 9.9982E-05 0.051037 0.0196168 0.120918 9.9982E-05
0.529688 0.111428 9.99954E-05 0.0861361 0.0561741 0.0514964 0.164978
0.4721 0.107414 0.0829818 0.100011 0.140913 0.044004 0.052577
0.613656 0.224361 9.9982E-05 0.0992834 0.0156399 9.9982E-05 0.0468597
0.5295 0.217 9.9991E-05 0.00405094 0.0590325 0.113228 0.0770884
0.292795 0.353014 0.220371 0.0431462 9.9982E-05 9.9982E-05 0.0904733
0.0681186 0.607771 0.158417 9.9982E-05 0.0852578 0.0802358 9.9982E-05
0.5277 0.239933 9.9991E-05 0.0408666 0.0310013 0.107766 0.0526337
0.186125 0.463 9.9982E-05 9.9982E-05 0.116862 0.075452 0.158362
0.3266 0.17252 0.102307 0.106962 9.9991E-05 0.200132 0.0913788
0.0596669 0.482262 0.0337692 0.0384019 0.145168 0.133225 0.107507
0.648223 0.192705 9.9982E-05 0.01591 0.114977 0.0279849 9.9982E-05
0.201427 0.488059 0.0632999 0.0350546 0.0803358 0.121836 0.00998827
0.266759 0.256768 0.119232 0.0536027 0.0364444 0.148414 0.11878
0.454149 0.100954 0.284828 0.0334384 0.0213427 0.0693241 0.0359639
0.2774 0.087489 0.436558 9.9982E-05 9.9982E-05 0.0526504 0.145702
0.649226 9.9973E-05 0.313932 0.00414417 9.9973E-05 0.0323985 9.9973E-05
0.530933 9.9973E-05 0.177725 9.9973E-05 0.109459 0.181582 9.9973E-05
0.338025 0.10661 0.416905 9.9982E-05 9.9982E-05 0.0544781 0.0837822
0.449934 0.0274784 0.192232 0.0345392 0.128657 0.132992 0.0341681
0.540932 9.9982E-05 0.193525 9.9982E-05 0.0490499 0.0809836 0.135309
0.0720912 0.0784961 0.551407 9.9982E-05 9.9982E-05 0.194478 0.103328
0.256013 0.0103059 0.517233 9.9982E-05 9.9982E-05 0.142916 0.073332
0.518567 0.0612343 0.366162 9.9973E-05 9.9973E-05 9.9973E-05 0.0537367
0.148278 0.0271632 0.471344 9.9982E-05 9.9982E-05 0.265091 0.087924
0.479137 0.155957 0.320449 9.9973E-05 9.9973E-05 0.0441567 9.9973E-05
0.0864354 0.625969 9.9982E-05 0.05715 9.9982E-05 0.116409 0.113837
0.228531 0.340824 9.9973E-05 9.9973E-05 9.9973E-05 0.11001 0.320335
0.359293 0.445526 9.9982E-05 0.057378 9.9982E-05 0.0226224 0.114981
0.622274 0.164718 0.026296 0.0842663 0.019429 0.0358965 0.0471199
0.242477 0.537071 9.9973E-05 0.0280047 9.9973E-05 0.192147 9.9973E-05
0.473981 0.179668 0.180351 0.047867 0.00977664 0.0618062 0.0465502
0.564135 0.242317 0.0331663 0.103837 0.0563448 9.9982E-05 9.9982E-05
0.527914 0.217024 0.0609891 0.0502274 9.9991E-05 0.0634602 0.0802856
0.527755 0.280314 9.9982E-05 0.0724519 9.9982E-05 0.0401497 0.0791298
0.361302 0.298531 9.9973E-05 0.113004 9.9973E-05 0.226863 9.9973E-05
0.223002 0.453542 9.9973E-05 0.0431597 9.9973E-05 0.279997 9.9973E-05
0.3335 0.422047 0.00238058 0.131828 9.9991E-05 0.0585792 0.0515643
0.574037 0.192641 9.9973E-05 9.9973E-05 9.9973E-05 0.0904624 0.14256
0.653157 0.19398 9.9973E-05 9.9973E-05 0.0713192 9.9973E-05 0.0812439
0.403449 0.194002 0.0700533 0.0215916 0.0213911 0.0941957 0.195318
0.497022 0.214327 9.9973E-05 0.0748391 9.9973E-05 9.9973E-05 0.213512
0.430811 0.363649 0.205141 9.9964E-05 9.9964E-05 9.9964E-05 9.9964E-05
0.635946 0.175104 9.9973E-05 9.9973E-05 0.0242597 9.9973E-05 0.16439
0.559037 0.248658 9.9982E-05 0.0427607 9.9982E-05 0.00502015 0.144324
0.432459 0.131476 0.0169204 0.142187 0.139662 0.135965 0.00133018
0.451051 9.9982E-05 0.0537583 0.0731986 0.398815 0.0229772 9.9982E-05
0.443755 0.0248313 0.0713412 0.230819 0.0813918 0.0450934 0.102768
0.503865 0.0819328 0.165945 0.160464 0.0471781 9.9991E-05 0.0405157
0.564095 0.089862 0.0872423 0.0872224 0.0590777 0.0186197 0.0938812
0.478346 9.9991E-05 0.00390981 0.251725 0.207943 0.0266539 0.0313231
0.471605 0.169303 0.198594 0.000779175 9.9982E-05 9.9982E-05 0.159519
0.51375 0.121712 0.0865615 0.140654 0.113729 9.9991E-05 0.0234934
0.0114987 9.9982E-05 0.447961 0.139135 0.169432 0.231773 9.9982E-05
0.508433 0.061456 0.101871 0.166401 0.0408307 0.0428934 0.0781145
0.526045 9.9991E-05 0.066583 0.157533 0.135796 0.00356266 0.11038
0.405081 0.0157525 0.0120336 0.281983 0.0686946 0.030459 0.185996
0.23885 0.0399021 0.266222 0.15914 0.142279 0.131604 0.0220032
0.670584 9.9982E-05 0.097836 0.0408523 0.179829 9.9982E-05 0.010699
0.552751 9.9982E-05 0.0520292 0.1582 0.179373 9.9982E-05 0.0574468
9.9973E-05 9.9973E-05 0.36355 0.18135 0.42838 0.0264201 9.9973E-05
0.550809 0.0605238 0.0304596 0.168244 0.135918 0.0539448 9.9991E-05
0.456853 9.9982E-05 9.9982E-05 0.235487 0.170369 0.0401771 0.0969135
0.596928 0.0734932 0.0302685 0.12634 0.0510682 9.9991E-05 0.121802
0.487389 9.9973E-05 0.150795 0.198517 0.162999 9.9973E-05 9.9973E-05
0.508462 0.0226558 0.123742 0.16419 0.0869576 0.0487695 0.045223
0.440318 0.0174048 9.9991E-05 0.00149905 0.0378028 0.10129 0.401585
0.490937 0.106223 0.102463 0.0772989 0.0369379 0.0084366 0.177704
9.9964E-05 0.0703486 9.9964E-05 9.9964E-05 9.9964E-05 0.164658 0.764594
9.9973E-05 0.0349877 0.0671857 9.9973E-05 9.9973E-05 0.0619661 0.835561
0.477964 0.112826 0.0501419 0.0667892 0.0418215 9.9991E-05 0.250357
0.419794 9.9982E-05 0.129989 0.302425 0.0952784 9.9982E-05 0.0523135
0.295919 9.9982E-05 0.0236396 0.326415 0.0923449 9.9982E-05 0.261481
0.264102 9.9982E-05 0.133348 0.20692 0.195407 9.9982E-05 0.200023
0.326848 9.9982E-05 0.0670284 0.260293 0.153025 9.9982E-05 0.192605
0.0220763 9.9982E-05 0.180647 0.110873 0.0114139 9.9982E-05 0.674789
0.132631 9.9982E-05 0.0842366 0.0803618 0.0801157 9.9982E-05 0.622455
0.404123 9.9973E-05 9.9973E-05 0.168156 9.9973E-05 0.0322517 0.39517
0.331451 9.9973E-05 9.9973E-05 0.113497 0.0334772 9.9973E-05 0.521274
0.104484 9.9973E-05 9.9973E-05 0.0888442 0.0593897 9.9973E-05 0.746983
0.438209 0.0963715 9.9982E-05 0.0905102 0.0952397 9.9982E-05 0.27947
0.525513 9.9982E-05 0.00170145 0.097682 0.00418878 9.9982E-05 0.370715
0.427206 0.0502448 9.9991E-05 0.127505 0.0961551 0.0216413 0.277148
0.270782 0.121179 9.9973E-05 9.9973E-05 0.0273448 9.9973E-05 0.580394
0.269245 0.00952192 9.9991E-05 0.0437009 0.0187198 0.0998775 0.558835
0.486858 0.0851492 9.9991E-05 0.0107853 0.0402364 0.1119 0.264971
0.375412 0.082894 9.9982E-05 0.0335724 0.081061 9.9982E-05 0.426861
0.495547 0.0965943 0.147693 9.9991E-05 0.0740471 0.0190399 0.166979
0.418557 0.0172465 0.108842 9.9973E-05 9.9973E-05 9.9973E-05 0.455054
0.150301 0.0718466 0.0282738 9.9973E-05 9.9973E-05 9.9973E-05 0.749279
0.543701 9.9991E-05 0.0118538 0.0113478 0.00841711 0.0162472 0.408333
0.145569 0.0357273 9.9973E-05 9.9973E-05 9.9973E-05 0.0519653 0.766438
0.417225 9.9964E-05 9.9964E-05 9.9964E-05 0.00139647 9.9964E-05 0.580979
0.468736 9.9982E-05 9.9982E-05 0.0309 0.117436 0.0801547 0.302573
0.477581 0.0355198 0.0624537 9.9991E-05 0.0407277 0.0604721 0.323146
0.526729 0.0408849 0.0591583 0.123075 0.227856 9.9991E-05 0.022197
0.267515 0.0907508 0.0147342 0.247706 0.136404 0.0274656 0.215425
0.399742 9.9982E-05 0.111195 0.185362 0.20862 9.9982E-05 0.0948817
0.274816 0.13803 0.1247 0.258397 0.0777979 9.9991E-05 0.126159
0.296635 0.134732 9.9982E-05 0.248023 0.184547 0.135862 9.9982E-05
0.391145 0.03774 0.0715629 0.15641 0.10075 9.9991E-05 0.242292
9.9973E-05 9.9973E-05 0.163612 0.0729502 0.155577 9.9973E-05 0.607561
0.619351 9.9982E-05 0.0855408 0.196065 0.0199128 9.9982E-05 0.0789308
9.9973E-05 9.9973E-05 0.172096 0.0727154 0.341541 9.9973E-05 0.413348
0.533275 9.9973E-05 9.9973E-05 0.144397 0.00230841 9.9973E-05 0.319719
0.0270077 9.9973E-05 0.0123348 9.9973E-05 9.9973E-05 0.183238 0.777119
9.9964E-05 0.01982 9.9964E-05 9.9964E-05 9.9964E-05 0.0347798 0.945
0.462122 9.9964E-05 9.9964E-05 9.9964E-05 9.9964E-05 0.00773168 0.529746
0.593858 9.9964E-05 9.9964E-05 9.9964E-05 0.00810525 9.9964E-05 0.397637
0.339556 0.00183078 9.9973E-05 9.9973E-05 9.9973E-05 0.0332756 0.625037
0.415968 9.9973E-05 9.9973E-05 0.0210307 9.9973E-05 0.080355 0.482347
0.411398 9.9955E-05 9.9955E-05 9.9955E-05 9.9955E-05 9.9955E-05 0.588102
0.075835 0.0231521 9.9982E-05 0.0512794 0.818333 9.9982E-05 0.0312006
9.9982E-05 0.108842 0.0464301 0.116517 0.700411 9.9982E-05 0.0276003
9.9964E-05 0.0438804 9.9964E-05 0.035417 0.920303 9.9964E-05 9.9964E-05
0.0486294 9.9964E-05 9.9964E-05 9.9964E-05 0.923318 9.9964E-05 0.0276525
0.397354 0.048369 9.9991E-05 0.0726723 0.00863985 0.376595 0.0962697
0.485907 0.0575957 9.9991E-05 0.00357399 0.0552668 0.376814 0.0207425
0.473037 9.9964E-05 9.9964E-05 9.9964E-05 9.9964E-05 0.513437 0.0131257
0.606923 0.040746 0.0289832 9.9982E-05 0.0841463 0.239002 9.9982E-05
0.547435 9.9973E-05 0.0651585 9.9973E-05 0.124341 0.262765 9.9973E-05
0.194675 0.150137 0.00861807 0.0184706 9.9991E-05 0.543778 0.0842218
0.553827 9.9964E-05 9.9964E-05 0.0131104 9.9964E-05 0.432663 9.9964E-05
0.33693 9.9973E-05 0.058098 9.9973E-05 9.9973E-05 0.518098 0.0865735
0.574387 0.0257084 0.0433023 0.0714714 0.227443 0.025344 0.0323436
0.35832 0.051314 0.0119477 0.0807171 9.9991E-05 0.370929 0.126673
0.260902 0.134927 9.9964E-05 9.9964E-05 9.9964E-05 0.603771 9.9964E-05
0.500414 0.00627313 9.9973E-05 9.9973E-05 9.9973E-05 0.385784 0.107229
0.288333 0.0592673 9.9991E-05 0.0400327 0.0231075 0.508328 0.0808316
0.605482 9.9973E-05 9.9973E-05 0.0362382 9.9973E-05 0.306831 0.0511492
0.560209 0.0517366 9.9982E-05 9.9982E-05 0.0971486 0.282561 0.00814466
0.0103877 9.9964E-05 9.9964E-05 9.9964E-05 9.9964E-05 0.848474 0.140739
0.198496 0.00411846 0.047871 9.9991E-05 0.0454667 0.562816 0.141131
0.274552 0.0888662 9.9982E-05 9.9982E-05 0.0581392 0.539212 0.0390303
9.9964E-05 9.9964E-05 0.114162 9.9964E-05 9.9964E-05 0.862561 0.0228778
0.403727 0.125425 9.9991E-05 0.0339197 0.0337823 0.373847 0.0291988
0.0546686 9.9973E-05 0.270111 9.9973E-05 9.9973E-05 0.621091 0.0538297
9.9973E-05 0.00319759 0.14043 9.9973E-05 9.9973E-05 0.743874 0.112199
0.534877 9.9973E-05 9.9973E-05 9.9973E-05 0.0179438 0.370601 0.0762782
0.193023 0.110814 9.9973E-05 9.9973E-05 0.0426872 0.653176 9.9973E-05
0.367256 0.00811495 0.0791203 0.0422657 0.00365984 0.499484 9.9991E-05
0.590351 9.9982E-05 0.0955934 0.0112857 0.0531931 0.249376 9.9982E-05
0.58266 0.0790911 0.00417444 9.9973E-05 9.9973E-05 0.333775 9.9973E-05
0.393062 0.285156 0.164381 0.0130603 9.9991E-05 0.0738287 0.0704123
0.52791 0.0368653 9.9991E-05 0.0151116 0.0519139 0.35433 0.0137685
0.383568 0.077812 9.9982E-05 0.0850142 0.0271765 0.426229 9.9982E-05
0.266823 0.0435769 0.0113707 9.9982E-05 9.9982E-05 0.604656 0.0733736
0.441404 9.9982E-05 9.9982E-05 0.0763653 0.0658318 0.248343 0.167856
9.9973E-05 0.257451 0.100474 9.9973E-05 0.627752 0.0140231 9.9973E-05
0.0367858 0.0509779 0.0643625 9.9982E-05 0.757585 0.0900886 9.9982E-05
9.9964E-05 0.148728 0.0620044 9.9964E-05 0.788867 9.9964E-05 9.9964E-05
9.9973E-05 0.161122 0.026087 9.9973E-05 0.798737 9.9973E-05 0.0137541
0.0354266 0.179007 0.0657984 9.9973E-05 0.719468 9.9973E-05 9.9973E-05
0.0477025 0.151274 9.9982E-05 0.0678957 0.0131257 0.719802 9.9982E-05
0.142842 0.116157 0.0533579 9.9982E-05 0.0482995 0.639143 9.9982E-05
0.112418 9.9973E-05 0.0105281 9.9973E-05 9.9973E-05 0.82901 0.0477443
0.515132 9.9991E-05 0.0258345 0.0331992 0.0661415 0.303283 0.0563096
0.556046 9.9982E-05 9.9982E-05 0.0310309 0.153755 0.137096 0.121872
0.191034 9.9982E-05 0.172938 0.0462621 0.00623639 0.58333 9.9982E-05
0.610165 0.00278724 0.0856569 0.0160628 0.0144269 0.270801 9.9991E-05
0.379526 9.9991E-05 0.0684149 0.0280205 0.0397653 0.434905 0.0492684
0.548711 0.0791401 0.0558441 9.9982E-05 0.00272856 0.313376 9.9982E-05
0.611319 0.00610938 0.155424 0.0157975 0.0178473 0.193402 9.9991E-05
0.228938 0.121987 0.098554 0.0108282 9.9982E-05 0.539493 9.9982E-05
0.295541 0.0515353 9.9964E-05 9.9964E-05 9.9964E-05 0.652524 9.9964E-05
0.290828 0.160076 9.9973E-05 0.0207307 9.9973E-05 0.528065 9.9973E-05
0.618148 0.0593633 0.208256 9.9982E-05 0.0364211 0.077612 9.9982E-05
0.293572 0.058064 9.9973E-05 9.9973E-05 0.0327956 0.615268 9.9973E-05
0.419869 0.0571257 0.0506259 0.0209934 0.05229 0.398997 9.9991E-05
0.475952 9.9982E-05 0.038351 0.363576 0.0506478 0.0712737 9.9982E-05
0.295452 9.9982E-05 0.116231 0.526657 0.0317218 9.9982E-05 0.0297387
0.371235 0.0327889 0.027875 0.404367 0.117888 0.0457463 9.9991E-05
0.347653 9.9973E-05 0.124216 0.399529 0.128302 9.9973E-05 9.9973E-05
0.367185 0.021396 0.066432 0.33516 0.0943518 0.115375 9.9991E-05
0.462749 9.9982E-05 0.190006 0.0285903 0.0297478 0.288707 9.9982E-05
0.0210237 9.9973E-05 0.0782804 0.682356 0.21804 9.9973E-05 9.9973E-05
0.30836 9.9964E-05 9.9964E-05 0.483289 0.20795 9.9964E-05 9.9964E-05
0.403484 9.9982E-05 0.249319 0.171172 0.119826 0.0559994 9.9982E-05
0.581231 0.0124029 0.240796 9.9982E-05 0.132229 9.9982E-05 0.0331415
0.498179 0.087309 0.316549 9.9982E-05 0.0680808 0.029682 9.9982E-05
0.637089 0.0329514 0.219331 0.0257576 0.0836187 0.00115252 9.9991E-05
0.613262 0.107774 0.107571 9.9991E-05 0.063882 0.00298569 0.104426
0.284898 9.9973E-05 0.058985 0.487256 0.168561 9.9973E-05 9.9973E-05
0.359212 0.0950228 0.0291393 0.382634 0.114591 0.0193012 9.9991E-05
0.433992 9.9982E-05 0.0420879 0.455844 0.0352899 9.9982E-05 0.0325867
0.367325 0.0553517 0.0217897 0.374837 0.0911455 0.0536885 0.0358632
0.352004 0.0181159 9.9982E-05 0.426557 0.19972 0.00340369 9.9982E-05
0.419078 0.0175286 0.0469874 0.289051 0.140062 0.0871936 9.9991E-05
0.260647 9.9973E-05 9.9973E-05 0.568255 0.0990624 9.9973E-05 0.0717352
0.387768 0.0778969 9.9982E-05 0.37598 0.113101 9.9982E-05 0.0450539
0.532918 0.0159003 0.345018 9.9982E-05 0.00339274 0.102571 9.9982E-05
0.374307 0.0770411 9.9991E-05 0.366063 0.11647 0.0312951 0.0347232
0.185007 9.9982E-05 0.0785279 0.556336 0.141502 0.038427 9.9982E-05
0.450126 0.0763005 9.9982E-05 0.293823 0.115938 0.0636115 9.9982E-05
0.207412 0.214288 0.374799 9.9982E-05 0.0902495 0.113051 9.9982E-05
0.639045 0.0223786 0.324945 0.0133316 9.9973E-05 9.9973E-05 9.9973E-05
0.338219 0.148635 0.0307104 0.316659 0.146404 9.9991E-05 0.0192733
0.634685 0.0767688 0.215293 9.9973E-05 0.072953 9.9973E-05 9.9973E-05
0.488743 0.0201871 0.287438 9.9982E-05 0.131704 0.0717278 9.9982E-05
0.398033 0.0881576 0.107082 0.205759 0.143491 0.0573772 9.9991E-05
0.340448 0.0220179 9.9991E-05 0.284826 0.208528 0.0119501 0.132131
0.516184 9.9991E-05 0.158118 0.0750697 0.082918 0.148863 0.0187475
0.371157 0.127563 0.0487104 0.425788 0.0265814 9.9982E-05 9.9982E-05
0.344519 9.9982E-05 9.9982E-05 0.469286 0.0871772 0.0577734 0.0410442
0.138034 9.9973E-05 9.9973E-05 0.609322 0.197248 9.9973E-05 0.0550956
0.5729 0.0956189 0.112565 0.106338 0.0089386 0.023874 0.0797656
0.463064 0.0841709 0.210597 9.9982E-05 0.137213 0.104755 9.9982E-05
0.180502 9.9973E-05 0.653161 9.9973E-05 0.0698128 0.0962246 9.9973E-05
0.635223 0.00425294 0.096307 0.0280089 0.188575 0.02678 0.0208524
0.433736 0.212006 0.179117 9.9982E-05 0.0837976 9.9982E-05 0.0911439
0.528196 9.9973E-05 0.242653 0.0851781 0.143673 9.9973E-05 9.9973E-05
0.396352 0.0778513 0.187926 0.0961941 0.0972623 0.0041994 0.140214
9.9964E-05 9.9964E-05 0.636437 0.189172 0.173991 9.9964E-05 9.9964E-05
9.9964E-05 9.9964E-05 0.728734 0.0957774 0.175089 9.9964E-05 9.9964E-05
0.233419 0.0991598 0.426916 0.108076 0.0794245 9.9991E-05 0.0529042
0.0350376 9.9982E-05 0.490815 0.200456 0.243903 0.0295873 9.9982E-05
9.9964E-05 9.9964E-05 0.433104 0.2242 0.342297 9.9964E-05 9.9964E-05
0.364579 0.0535482 0.261697 0.0960322 0.0843614 9.9991E-05 0.139682
0.35732 0.00924552 0.246187 0.138385 0.191718 0.032812 0.0243325
0.152709 0.0156532 0.349996 0.148941 0.227841 0.10476 9.9991E-05
0.0639931 9.9973E-05 0.576496 0.147363 0.211848 9.9973E-05 9.9973E-05
0.608831 9.9991E-05 0.140663 0.0349295 0.11852 0.00432796 0.0926281
0.149825 9.9991E-05 0.512543 0.101404 0.139456 0.0722667 0.0244066
9.9964E-05 9.9964E-05 0.641601 0.0162601 0.341739 9.9964E-05 9.9964E-05
0.47096 0.0136525 0.0670456 0.17628 0.206002 9.9991E-05 0.0659594
0.371353 9.9982E-05 0.330824 0.195666 0.0876042 9.9982E-05 0.0143538
0.507549 9.9973E-05 9.9973E-05 0.077102 0.332499 0.0825506 9.9973E-05
0.598666 9.9973E-05 0.0361245 0.214348 0.150562 9.9973E-05 9.9973E-05
0.522426 9.9991E-05 0.0937829 0.144422 0.154012 0.0405127 0.0447449
0.424464 9.9991E-05 0.0588672 0.224881 0.163166 0.078344 0.0501784
0.318453 0.0049618 0.144572 0.234247 0.297567 9.9982E-05 9.9982E-05
0.574915 0.00644535 0.0928122 0.14514 0.147327 9.9991E-05 0.0332603
0.496558 9.9973E-05 9.9973E-05 0.241346 0.239468 0.0223279 9.9973E-05
0.306938 9.9982E-05 0.230663 0.208708 0.193255 9.9982E-05 0.0602359
0.283932 0.0880616 9.9982E-05 0.126585 0.185563 0.315659 9.9982E-05
0.585017 0.0979808 0.0408174 0.0949698 0.159597 0.0215183 9.9991E-05
0.609356 9.9982E-05 0.0232352 0.0415493 0.207397 0.118263 9.9982E-05
0.542526 0.00830159 9.9991E-05 0.148158 0.173121 0.0542517 0.0735411
0.312179 9.9973E-05 0.13561 0.263519 0.288392 9.9973E-05 9.9973E-05
0.565052 9.9982E-05 0.0574516 0.0429707 0.265643 9.9982E-05 0.0686827
0.1804 9.9991E-05 0.231448 0.140349 0.377565 0.0481244 0.0220132
0.51614 0.0277345 9.9982E-05 0.236845 0.187244 9.9982E-05 0.0318367
0.101971 9.9982E-05 0.216343 0.325089 0.203094 0.153303 9.9982E-05
0.0471787 0.137684 0.0315214 9.9982E-05 0.779307 0.00410973 9.9982E-05
0.0935535 0.841904 0.00496098 9.9973E-05 0.0592818 9.9973E-05 9.9973E-05
9.9964E-05 0.948437 9.9964E-05 9.9964E-05 0.000577989 9.9964E-05 0.0505851
9.9955E-05 0.953403 9.9955E-05 9.9955E-05 0.0460968 9.9955E-05 9.9955E-05
0.0167293 0.934413 9.9973E-05 0.00238708 9.9973E-05 9.9973E-05 0.0461712
0.0537097 0.915481 9.9964E-05 0.0304095 9.9964E-05 9.9964E-05 9.9964E-05
0.124232 0.875268 9.9955E-05 9.9955E-05 9.9955E-05 9.9955E-05 9.9955E-05
9.9964E-05 0.90118 9.9964E-05 9.9964E-05 0.0676287 0.0307917 9.9964E-05
0.00450617 0.791138 9.9973E-05 0.0011943 0.202861 9.9973E-05 9.9973E-05
9.9973E-05 0.0615231 0.000288839 0.0354271 0.902461 9.9973E-05 9.9973E-05
0.0401273 0.142731 9.9982E-05 0.000995104 0.794636 9.9982E-05 0.0213106
0.0468459 0.0327029 9.9982E-05 0.0552287 0.839176 0.0258461 9.9982E-05
0.0325291 0.0802925 0.0685529 9.9973E-05 0.818326 9.9973E-05 9.9973E-05
0.00945312 9.9982E-05 0.0112362 0.0424442 0.918415 0.0182518 9.9982E-05
9.9964E-05 9.9964E-05 9.9964E-05 0.000846119 0.89623 9.9964E-05 0.102524
0.0302159 0.0392775 0.0655809 0.0848995 0.732258 9.9991E-05 0.0476683
0.0132551 9.9973E-05 9.9973E-05 0.0600734 0.855623 9.9973E-05 0.0707487
0.00643186 0.0819779 9.9991E-05 0.0828395 0.738776 0.0697268 0.020148
9.9964E-05 9.9964E-05 9.9964E-05 0.072289 0.909619 9.9964E-05 0.0176916
9.9955E-05 9.9955E-05 9.9955E-05 9.9955E-05 0.932397 9.9955E-05 0.0671034
0.0628419 0.0337563 0.0190885 0.031869 0.842604 9.9991E-05 0.00974051
9.9964E-05 0.00239008 0.0283768 9.9964E-05 0.968833 9.9964E-05 9.9964E-05
0.0634004 0.0215077 9.9973E-05 0.0314369 0.883355 9.9973E-05 9.9973E-05
0.0609305 0.0200766 9.9982E-05 0.0536483 0.850701 0.0144435 9.9982E-05
0.137237 9.9964E-05 9.9964E-05 0.0420449 0.820318 9.9964E-05 9.9964E-05
0.116522 9.9964E-05 9.9964E-05 0.137147 0.745931 9.9964E-05 9.9964E-05
0.151287 9.9964E-05 9.9964E-05 0.0904787 0.757834 9.9964E-05 9.9964E-05
0.108458 9.9982E-05 9.9982E-05 0.067879 0.787534 0.0181641 0.0177652
0.449992 0.101093 0.29093 0.00210734 0.0871111 0.0686671 9.9991E-05
0.717149 0.0756082 0.136937 9.9973E-05 0.070006 9.9973E-05 9.9973E-05
0.61631 0.0832078 0.0310781 9.9991E-05 0.0953961 0.0878295 0.0860787
0.145633 0.0187906 0.636214 9.9982E-05 9.9982E-05 0.184556 0.0146069
0.550791 0.0887586 0.203218 9.9982E-05 0.0876764 0.0693564 9.9982E-05
0.160686 9.9973E-05 0.749329 9.9973E-05 0.0740101 0.0156751 9.9973E-05
0.712733 9.9973E-05 0.225307 9.9973E-05 0.0343268 0.027334 9.9973E-05
0.449672 0.12496 0.263352 9.9982E-05 0.0581323 0.103684 9.9982E-05
0.52712 0.11792 0.195258 0.0259154 0.0487915 0.084895 9.9991E-05
0.488322 0.0593743 0.0210839 0.0777259 0.0154348 0.29523 0.0428285
0.530768 0.0716292 0.346178 9.9973E-05 0.0511253 9.9973E-05 9.9973E-05
0.610883 0.0417783 0.165799 0.00254937 0.0948954 0.0030481 0.0810467
0.628178 0.104031 0.233865 9.9973E-05 0.0336262 9.9973E-05 9.9973E-05
0.131386 0.433419 0.10169 0.00028182 9.9991E-05 0.193357 0.139766
9.9973E-05 0.0719286 0.73768 9.9973E-05 9.9973E-05 0.111457 0.0786342
0.212305 0.0258341 0.761461 9.9964E-05 9.9964E-05 9.9964E-05 9.9964E-05
0.5726 0.0308972 0.253149 0.0407818 0.0446723 9.9991E-05 0.0577997
0.587757 0.00391363 0.327335 9.9982E-05 0.0691018 0.0116925 9.9982E-05
0.470704 0.0150262 0.247049 9.9982E-05 0.0808733 0.186147 9.9982E-05
0.635267 9.9982E-05 0.180034 9.9982E-05 0.0537261 0.0899455 0.0408278
