0.0797304 0.06199 9.9973E-05 0.0142501 0.84373 9.9973E-05 9.9973E-05
0.0351845 0.0301845 9.9973E-05 9.9973E-05 0.891921 0.0424098 9.9973E-05
0.0833922 0.0241644 0.00354557 0.0346127 0.750691 9.9991E-05 0.103494
0.0864459 0.106808 9.9973E-05 0.102532 0.703915 9.9973E-05 9.9973E-05
9.9982E-05 0.0103698 9.9982E-05 0.0703847 0.871105 0.00983461 0.0381062
0.027906 0.0578779 0.0496563 0.118569 0.567226 0.178665 9.9991E-05
0.0602358 0.0401776 9.9982E-05 0.0306219 0.740167 0.128598 9.9982E-05
0.0656343 0.0964957 9.9982E-05 0.0415156 0.657708 0.138447 9.9982E-05
0.0142995 0.0951752 9.99729E-05 9.99729E-05 0.810177 0.080048 9.99729E-05
0.0344623 9.9982E-05 9.9982E-05 0.0486942 0.699706 0.118652 0.0982849
0.0575202 0.166671 9.9973E-05 9.9973E-05 0.668979 0.10653 9.9973E-05
9.9982E-05 0.467519 0.23725 0.0867038 9.9982E-05 0.00832943 0.199998
0.0715266 0.328988 9.9973E-05 0.0319652 9.9973E-05 9.9973E-05 0.56722
0.0319568 0.411919 0.0797382 0.113961 9.9991E-05 0.110452 0.251873
0.0219301 0.41766 0.0579779 0.127146 0.0386652 0.0259834 0.310637
9.999E-05 0.260327 0.0591834 0.162095 0.0819799 0.047623 0.388692
0.00699509 0.225205 9.9991E-05 0.0921394 0.0234897 0.0681839 0.583887
0.0151911 0.245486 0.0836598 0.100786 9.9991E-05 0.07619 0.478587
9.9982E-05 0.35762 0.138006 0.0919104 0.103212 9.9982E-05 0.309052
0.0255507 0.655861 0.0442092 0.0653684 0.0356518 0.151094 0.0222653
0.0246025 0.29726 0.203588 0.0778178 9.9991E-05 0.0698987 0.326733
0.0229057 0.158564 0.0770257 0.0386937 9.9991E-05 0.171276 0.531435
0.0299194 0.198313 0.170907 0.0314579 0.014258 0.0534312 0.501714
0.0392637 0.356044 0.149195 0.103029 0.000698747 0.0470682 0.304702
9.9973E-05 0.12026 9.9973E-05 0.0707996 9.9973E-05 0.125483 0.683158
0.0371305 0.21842 0.0548258 0.0498184 9.9991E-05 0.0573623 0.582343
0.0158463 0.552479 0.165418 0.152755 9.9991E-05 0.00662033 0.106782
0.00440444 0.424107 0.164314 0.202606 0.0218354 9.9991E-05 0.182633
9.9982E-05 0.440602 0.139114 0.0338536 9.9982E-05 0.133073 0.253158
0.9994 9.995E-05 9.995E-05 9.995E-05 9.995E-05 9.995E-05 9.995E-05
0.9994 9.995E-05 9.995E-05 9.995E-05 9.995E-05 9.995E-05 9.995E-05
0.401475 9.9973E-05 9.9973E-05 0.0378674 0.435035 9.9973E-05 0.125323
0.275749 9.9982E-05 0.120374 0.121735 0.464151 9.9982E-05 0.0177912
0.0143584 0.118201 0.283576 0.0256689 0.0530739 0.00483626 0.500286
9.9982E-05 0.123129 0.249731 0.0816993 0.108889 9.9982E-05 0.436351
0.0240988 9.9982E-05 0.408918 0.0480853 0.0307237 9.9982E-05 0.487974
0.0223793 0.57973 0.104117 9.9991E-05 0.107953 0.0253588 0.160361
0.0649849 9.9982E-05 0.558783 0.025038 9.9982E-05 0.105761 0.245233
9.9973E-05 0.148643 0.220311 9.9973E-05 0.10844 9.9973E-05 0.522307
0.0521804 9.9982E-05 0.0906604 9.9982E-05 0.0637301 0.0206531 0.772576
0.0581822 0.0399582 0.259133 0.000683672 0.0693392 0.0330559 0.539648
0.0660091 0.0834193 0.190461 0.0578159 0.100411 9.9991E-05 0.501783
0.0231759 0.138065 0.757092 0.0154552 0.0232103 0.00581031 0.0371912
9.9982E-05 0.0439869 9.9982E-05 0.0279515 0.104388 0.216806 0.606668
0.0121792 0.00196145 0.235657 0.0431823 0.106117 0.0573677 0.543536
0.0484286 9.9991E-05 0.171169 0.0998373 0.112039 0.0430366 0.525389
9.9964E-05 9.9964E-05 0.704242 9.9964E-05 9.9964E-05 0.024 0.271359
9.9964E-05 9.9964E-05 0.281051 9.9964E-05 0.0874637 9.9964E-05 0.631085
0.0530898 9.9991E-05 0.316709 0.0339021 0.0985707 0.0217552 0.475873
9.9964E-05 9.9964E-05 0.578353 9.9964E-05 0.0525128 0.368734 9.9964E-05
9.9973E-05 0.437542 0.230431 9.9973E-05 9.9973E-05 0.163214 0.168513
9.9982E-05 0.242315 0.0915306 9.9982E-05 0.0078279 0.49635 0.161776
0.103792 0.226611 0.0317051 0.0292241 9.9991E-05 0.0205626 0.588005
0.0727506 0.0366319 9.9991E-05 0.0501797 0.0160389 0.131752 0.692547
0.0119594 0.0343048 0.054836 0.0611333 0.0368082 0.133183 0.667775
9.9982E-05 0.328799 0.223236 9.9982E-05 0.125466 0.135258 0.18704
0.0324224 0.203432 0.11079 9.9991E-05 0.0340923 0.0569069 0.562256
9.9991E-05 0.191702 0.0329729 0.096254 0.0423459 0.136606 0.500019
0.0212658 0.192031 0.238477 0.0176423 0.0818594 0.146202 0.302523
0.03558 0.305412 0.201283 0.0963939 0.136213 0.221346 0.00377129
0.0967884 0.119988 0.129121 9.9982E-05 9.9982E-05 0.0600763 0.593826
0.0124998 0.295985 0.00907454 0.0475464 0.035708 0.160172 0.439014
0.0505298 0.498214 0.246412 9.9991E-05 0.016418 0.149233 0.0390933
9.9982E-05 0.253658 0.0594701 0.0199911 9.9982E-05 0.0921579 0.574522
9.9991E-05 0.0145461 0.081294 0.0855314 0.0476011 0.120997 0.64993
0.048911 0.156458 0.112282 0.0674774 0.00638092 0.0611511 0.547339
0.0041862 0.314684 0.237632 0.0733722 0.0449264 0.0711288 0.254071
0.00023344 0.248408 0.11611 0.134981 9.9991E-05 0.0999953 0.400171
0.029028 0.235726 0.113319 0.0310784 9.9982E-05 9.9982E-05 0.590649
0.0430636 0.431714 0.21136 9.9991E-05 0.00873177 0.0926513 0.212379
0.0387569 0.0491307 0.437304 0.0305025 9.9982E-05 9.9982E-05 0.444106
9.9973E-05 0.101099 0.687432 9.9973E-05 0.0218634 9.9973E-05 0.189306
9.9982E-05 0.0794698 0.121756 9.9982E-05 0.120733 0.053903 0.623938
9.9955E-05 9.9955E-05 0.775896 9.9955E-05 9.9955E-05 0.223604 9.9955E-05
9.9955E-05 9.9955E-05 0.780258 9.9955E-05 9.9955E-05 0.219242 9.9955E-05
9.9973E-05 9.9973E-05 0.664168 0.0120895 9.9973E-05 0.0777435 0.245699
9.9973E-05 0.0511215 0.495052 9.9973E-05 0.0179466 9.9973E-05 0.435579
9.9982E-05 0.090318 0.144944 0.00374659 0.191046 9.9982E-05 0.569745
0.0326201 0.0259078 0.560757 0.116607 9.9982E-05 9.9982E-05 0.263908
9.9982E-05 0.190338 0.690628 0.0672314 0.0148343 9.9982E-05 0.0367678
0.0188653 0.258615 0.511266 9.9982E-05 0.0094028 9.9982E-05 0.201651
0.0034613 0.0433297 0.314678 0.123118 0.0686721 9.9991E-05 0.446641
9.9982E-05 9.9982E-05 0.60587 0.0161768 0.104316 0.0207762 0.252661
0.0157615 0.0730568 0.497008 9.9982E-05 0.064611 9.9982E-05 0.349363
0.0201869 9.9973E-05 0.473624 9.9973E-05 9.9973E-05 0.155778 0.350111
9.9964E-05 0.020434 0.654797 9.9964E-05 9.9964E-05 0.324369 9.9964E-05
0.0104815 0.0471865 0.234037 0.0660248 0.0396254 0.0487286 0.553916
0.0272786 0.079633 9.9982E-05 0.0643213 0.732916 9.9982E-05 0.0956513
0.106097 9.9964E-05 9.9964E-05 9.9964E-05 0.824257 9.9964E-05 0.069246
0.120269 9.9973E-05 9.9973E-05 0.030614 0.78792 9.9973E-05 0.0608971
0.118849 9.9982E-05 0.00749452 0.0121378 0.820014 0.0413044 9.9982E-05
0.0836732 9.9991E-05 0.000868927 0.0186233 0.808218 0.0195326 0.0689836
0.0396342 9.9973E-05 0.0823337 0.0288226 0.84891 9.9973E-05 9.9973E-05
0.0660724 9.9973E-05 9.9973E-05 9.9973E-05 0.89492 0.00464106 0.0340663
9.9982E-05 0.0464106 0.284501 0.11697 0.0900239 9.9982E-05 0.461894
0.0121007 0.0543364 0.256927 9.9982E-05 0.154832 9.9982E-05 0.521604
9.9964E-05 0.0711955 0.885942 9.9964E-05 0.0424631 9.9964E-05 9.9964E-05
9.9982E-05 0.0918372 0.225129 0.0370352 0.126323 9.9982E-05 0.519476
9.9973E-05 0.0821837 0.489774 9.9973E-05 0.0503303 9.9973E-05 0.377412
0.044842 9.9982E-05 0.430187 0.00280142 0.0229033 9.9982E-05 0.499066
0.00148107 0.0292879 0.250995 9.9991E-05 0.0227654 0.100887 0.594483
0.0260612 9.9982E-05 0.561325 0.0287029 0.0147059 9.9982E-05 0.369005
9.9973E-05 0.212402 0.716777 9.9973E-05 0.0516972 0.0188239 9.9973E-05
0.0296909 0.084108 0.118122 9.9991E-05 0.116022 0.0340351 0.617922
0.0291681 9.9991E-05 0.270385 0.0309808 0.0963388 0.00679564 0.566232
0.0645988 0.14433 0.101159 0.224661 9.9991E-05 0.08525 0.379902
0.00199564 9.9982E-05 0.51305 9.9982E-05 0.0313386 0.143239 0.310177
0.0125235 9.9973E-05 0.342166 9.9973E-05 9.9973E-05 0.111487 0.533523
0.0562778 0.143411 0.339329 9.9991E-05 0.00883091 0.0135753 0.438476
0.00475583 9.9973E-05 0.659283 0.111266 9.9973E-05 9.9973E-05 0.224395
0.00845644 0.0563304 0.435764 9.9982E-05 0.0828308 9.9982E-05 0.416419
0.032011 0.0694846 0.169925 0.0133049 0.10345 0.0406197 0.571205
0.0248107 0.322583 0.0585214 9.9991E-05 0.0274775 0.255646 0.310861
0.03206 0.261719 0.0979073 0.099376 0.0922491 0.0327037 0.383985
0.0563771 0.141099 0.0483591 0.0303507 0.0849258 0.0430162 0.595872
0.0141341 0.140238 0.117977 0.0892612 9.9991E-05 0.105202 0.533089
0.0634259 0.395566 0.014497 0.0082251 9.9991E-05 0.0346218 0.483564
9.9973E-05 0.289006 0.0203347 9.9973E-05 9.9973E-05 0.0395005 0.650859
9.9973E-05 0.348087 0.0796197 9.9973E-05 0.0624749 9.9973E-05 0.509518
9.9973E-05 0.217149 9.9973E-05 9.9973E-05 0.0118067 0.140609 0.630135
9.9991E-05 0.15726 0.0789089 0.111344 0.109644 0.0510338 0.49171
0.0715457 0.201036 0.128838 9.9991E-05 0.025894 0.0188182 0.553767
0.0527854 0.365212 0.069897 9.9982E-05 9.9982E-05 0.0212499 0.490656
9.9982E-05 0.0425203 9.9982E-05 0.104763 0.11874 0.13262 0.601157
0.00088539 0.138426 0.0835851 0.116065 0.0993808 0.0417599 0.519898
9.9973E-05 0.239791 0.0836975 0.13894 9.9973E-05 9.9973E-05 0.537271
0.0249313 0.204942 0.0451804 0.0379892 0.0191356 0.072708 0.595113
0.0192836 0.218619 0.106195 0.075151 9.9991E-05 0.0864136 0.494237
0.0418008 0.281959 9.9982E-05 9.9982E-05 0.0670257 0.253688 0.355327
0.037721 0.209912 0.0474696 0.0492376 9.9991E-05 0.0624934 0.593067
0.00137136 0.12011 9.9982E-05 9.9982E-05 0.0697052 0.0726822 0.735931
0.0165986 0.390002 0.217522 0.0857553 9.9991E-05 0.0871124 0.202909
9.9982E-05 0.356388 0.0629075 0.00217944 9.9982E-05 0.374067 0.204258
0.0142052 0.220888 0.170475 0.0933238 0.0269805 0.0504789 0.423649
9.9982E-05 0.313906 0.147432 0.0441179 9.9982E-05 0.392255 0.10209
0.00355276 0.432943 0.171321 9.9991E-05 0.0269452 0.0546144 0.310524
9.9973E-05 0.343242 0.241179 9.9973E-05 0.0105574 9.9973E-05 0.404721
0.0114123 0.449238 0.150679 9.9982E-05 9.9982E-05 0.0197268 0.368743
9.9973E-05 0.430131 0.131669 9.9973E-05 9.9973E-05 0.116872 0.321029
0.0417527 0.0816192 0.146534 0.0977959 0.0147248 0.0684828 0.549091
0.0149923 0.148448 0.10652 0.0315627 0.107323 0.0563725 0.534781
9.9982E-05 0.145744 0.110473 9.9982E-05 0.0682912 0.119127 0.556165
0.0124233 0.370764 0.0848793 0.0410148 9.9991E-05 0.306013 0.184805
9.9991E-05 0.0711394 0.0101014 0.0247323 0.170099 0.13221 0.591619
0.0620013 0.0496934 0.155789 9.9991E-05 0.0660005 0.168479 0.497937
9.9982E-05 0.14227 0.133204 9.9982E-05 0.150005 0.540514 0.0338069
9.9982E-05 9.9982E-05 0.155625 0.079564 0.116087 0.0817311 0.566793
9.9991E-05 0.0221145 0.205955 0.0421724 0.181339 0.235457 0.312862
9.9973E-05 0.124057 9.9973E-05 0.131043 9.9973E-05 0.277919 0.466681
0.0586476 0.0453757 0.18097 9.9991E-05 0.0861703 0.393831 0.234906
0.0236299 0.190729 0.0575737 9.9991E-05 0.0422808 0.475194 0.210492
9.9982E-05 0.164007 0.148257 9.9982E-05 0.0571471 0.19814 0.432248
0.0212845 0.101687 0.0512839 0.0344041 0.0776556 0.180729 0.532955
0.0385469 0.153889 0.0591596 0.0400029 0.0363252 0.2181 0.453977
0.0144178 0.113634 0.214814 0.188741 9.9991E-05 0.443738 0.0245556
9.9991E-05 0.140633 0.218554 0.136695 0.0895476 0.0210724 0.393399
9.9973E-05 0.137191 0.127737 9.9973E-05 9.9973E-05 0.345988 0.388784
9.9973E-05 0.126485 0.164373 9.9973E-05 9.9973E-05 0.211375 0.497467
0.0579524 0.193031 0.0124951 9.9991E-05 0.0660166 0.0893553 0.58105
0.0905531 9.9982E-05 9.9982E-05 0.155088 0.305393 0.186208 0.262558
0.00815108 9.9973E-05 9.9973E-05 0.140377 0.508725 0.342447 9.9973E-05
0.0281548 9.9973E-05 9.9973E-05 0.123887 0.375955 0.471703 9.9973E-05
0.0646285 9.9982E-05 9.9982E-05 0.270554 0.379875 0.142161 0.142582
9.9964E-05 9.9964E-05 0.128711 9.9964E-05 9.9964E-05 0.231096 0.639794
0.100806 0.0443061 9.9982E-05 0.00570818 9.9982E-05 0.176806 0.672174
9.9973E-05 0.0212055 0.0110824 0.666634 9.9973E-05 9.9973E-05 0.300778
0.00605135 0.0621599 0.14636 0.456869 0.028848 0.00801549 0.291696
9.9982E-05 9.9982E-05 0.0445827 0.320697 0.125381 0.0466604 0.462479
0.0185428 9.9973E-05 0.080208 9.9973E-05 9.9973E-05 0.54125 0.359699
9.9982E-05 0.118392 9.9982E-05 0.0597463 0.0466404 0.174295 0.600726
0.00019528 9.9973E-05 0.0558864 9.9973E-05 9.9973E-05 0.677933 0.265685
9.9982E-05 0.0230609 0.0708614 9.9982E-05 0.014674 0.213872 0.677332
9.9982E-05 0.0419267 0.132786 9.9982E-05 0.012588 0.357696 0.454804
9.9982E-05 0.0343396 9.9982E-05 0.0313129 0.0632171 0.268534 0.602396
9.9973E-05 0.048057 0.104249 9.9973E-05 9.9973E-05 0.558441 0.288953
0.0295213 9.9991E-05 0.124731 0.0730034 0.0256878 0.173699 0.573258
0.0230077 9.9991E-05 0.0783203 0.0309011 0.115268 0.218671 0.533732
9.9964E-05 9.9964E-05 0.0187122 0.918291 9.9964E-05 9.9964E-05 0.0625965
9.9964E-05 9.9964E-05 9.9964E-05 0.863408 9.9964E-05 0.00630815 0.129884
0.0538508 0.133997 0.0653423 0.600843 9.9982E-05 9.9982E-05 0.145767
0.0346817 9.9964E-05 9.9964E-05 0.642457 9.9964E-05 9.9964E-05 0.322462
9.9991E-05 0.0344583 0.0389006 0.795368 0.00723243 0.00510807 0.118832
9.995E-05 9.995E-05 9.995E-05 0.9994 9.995E-05 9.995E-05 9.995E-05
0.0198445 9.9955E-05 9.9955E-05 0.979656 9.9955E-05 9.9955E-05 9.9955E-05
9.9955E-05 9.9955E-05 9.9955E-05 0.850413 9.9955E-05 9.9955E-05 0.149087
0.00479642 0.0129115 9.9973E-05 0.945887 9.9973E-05 9.9973E-05 0.0361051
9.995E-05 9.995E-05 9.995E-05 0.9994 9.995E-05 9.995E-05 9.995E-05
0.0114151 9.9955E-05 9.9955E-05 0.988085 9.9955E-05 9.9955E-05 9.9955E-05
0.0853518 9.9973E-05 9.9973E-05 0.693788 9.9973E-05 0.0137339 0.206826
9.9973E-05 0.0468038 9.9973E-05 0.843398 0.0201227 9.9973E-05 0.0893754
0.000178458 9.9964E-05 0.0350273 0.964394 9.9964E-05 9.9964E-05 9.9964E-05
0.0188723 0.0826729 0.13704 0.344551 0.0606192 0.0363061 0.319938
0.0411777 0.0161272 0.0906691 0.682768 0.027448 9.9991E-05 0.14171
0.0657408 9.9973E-05 9.9973E-05 0.756545 0.0407497 9.9973E-05 0.136665
0.0526253 0.00876965 9.9982E-05 0.824271 0.0151664 9.9982E-05 0.0989676
9.995E-05 9.995E-05 9.995E-05 0.9994 9.995E-05 9.995E-05 9.995E-05
9.9973E-05 0.0141121 9.9973E-05 0.922989 0.0233408 9.9973E-05 0.0392581
0.00690759 9.9964E-05 9.9964E-05 0.98736 0.00533222 9.9964E-05 9.9964E-05
0.0355166 0.0190287 0.0088272 0.618696 0.0073239 0.0277185 0.282889
0.00396364 0.0249271 0.0389488 0.919897 0.00719607 9.9991E-05 0.00496739
9.9964E-05 9.9964E-05 9.9964E-05 0.0722214 0.318277 0.609102 9.9964E-05
0.0113047 0.0950969 9.9991E-05 0.0813168 0.181691 0.223548 0.406942
0.0104859 0.0787013 9.9991E-05 0.0291929 0.240973 0.203124 0.437423
0.0834082 9.9982E-05 9.9982E-05 0.0804177 0.148527 0.495481 0.191966
9.9991E-05 0.0499724 0.105782 0.188517 0.0869467 0.256402 0.31228
0.0379457 9.9991E-05 0.0174913 0.0667553 0.249957 0.416744 0.211007
0.0223979 0.072062 9.9991E-05 0.0655773 0.176761 0.223413 0.439688
0.0100996 9.9991E-05 0.01765 0.116552 0.128245 0.399181 0.328172
0.0703681 0.0111474 9.9991E-05 0.00574195 0.150479 0.210549 0.551615
0.0738021 9.9982E-05 9.9982E-05 0.205777 0.0749083 0.310572 0.334741
0.03134 0.010491 0.0257934 0.0515942 0.194446 0.22718 0.459155
9.9973E-05 0.0749303 0.0339887 9.9973E-05 0.827282 9.9973E-05 0.0634989
0.0587687 9.9964E-05 9.9964E-05 0.0689979 0.871834 9.9964E-05 9.9964E-05
0.0349712 0.0346306 9.9973E-05 9.9973E-05 0.91065 9.9973E-05 0.0194482
0.0135274 0.0193046 9.9973E-05 9.9973E-05 0.913661 9.9973E-05 0.0532072
0.133879 0.0157929 9.9982E-05 9.9982E-05 0.825857 0.0165791 0.00769158
0.0658471 9.9982E-05 0.017555 0.0333209 0.877582 9.9982E-05 0.00549506
0.0707587 0.000384277 0.0188901 0.0883182 0.821449 9.9982E-05 9.9982E-05
0.0309226 9.9964E-05 9.9964E-05 9.9964E-05 0.874145 0.0945321 9.9964E-05
0.0393937 9.9973E-05 0.0345299 9.9973E-05 0.916127 9.9973E-05 0.00964925
0.0187185 9.9982E-05 9.9982E-05 0.0522368 0.868784 0.0140153 0.0460455
0.025372 0.30761 0.0712083 9.9982E-05 0.580908 0.0147017 9.9982E-05
9.9964E-05 0.306034 0.0874653 9.9964E-05 0.606101 9.9964E-05 9.9964E-05
0.0210648 0.289775 0.0350078 9.9982E-05 0.534497 0.119456 9.9982E-05
9.9973E-05 0.317327 0.166101 9.9973E-05 0.505388 0.0108843 9.9973E-05
0.070751 0.100197 0.354065 0.0126033 0.0365912 9.9991E-05 0.425693
9.9991E-05 0.109412 0.33244 0.00943282 0.0406351 0.0282357 0.479745
9.9991E-05 0.193624 0.244574 0.0982029 0.0132667 0.0438568 0.406376
0.0194638 0.292598 0.291438 9.9982E-05 0.0520659 9.9982E-05 0.344234
9.9982E-05 0.600309 0.122927 0.0217708 9.9982E-05 0.0711621 0.183631
0.0289143 0.0256072 0.240236 9.9991E-05 0.075001 0.0412346 0.588907
0.00117216 0.0503896 0.417051 0.0280784 0.00873164 9.9991E-05 0.494477
0.022664 0.0977942 0.365389 9.9982E-05 9.9982E-05 0.0346495 0.479303
9.9973E-05 9.9973E-05 0.499174 0.0698909 9.9973E-05 0.129132 0.301504
0.0262099 0.175561 0.0620543 0.0590032 0.0344936 0.0252383 0.61744
0.0264132 0.0681412 0.511179 9.9982E-05 0.0392762 9.9982E-05 0.354791
9.9964E-05 0.119797 0.679791 9.9964E-05 9.9964E-05 0.200012 9.9964E-05
9.9991E-05 0.206151 0.137537 0.0158986 0.0550973 0.0536022 0.531614
0.0063344 9.9973E-05 0.56221 9.9973E-05 9.9973E-05 0.254131 0.177025
0.0259534 9.9982E-05 0.407151 9.9982E-05 0.0108937 0.0741118 0.48169
9.9973E-05 0.169599 0.745091 9.9973E-05 0.0616308 0.0233795 9.9973E-05
0.0118991 0.705265 9.9982E-05 9.9982E-05 0.11647 0.148083 0.018083
9.9973E-05 0.741353 9.9973E-05 9.9973E-05 0.110077 0.0824294 0.0658409
0.0232486 0.855238 9.9973E-05 9.9973E-05 0.0245624 0.0966508 9.9973E-05
9.9973E-05 0.774686 0.00247721 9.9973E-05 0.09161 0.130927 9.9973E-05
0.0110011 0.778438 9.9973E-05 0.0667231 9.9973E-05 0.143538 9.9973E-05
9.9982E-05 0.766504 9.9982E-05 0.0931638 0.0648602 0.0431545 0.0321174
0.0724332 9.9973E-05 9.9973E-05 0.0258217 0.809293 9.9973E-05 0.0921526
0.052461 0.0807651 9.9982E-05 0.0086516 0.79495 9.9982E-05 0.0629722
0.0747439 9.9973E-05 9.9973E-05 0.0679388 0.723112 9.9973E-05 0.133906
0.0422336 0.0700131 9.9982E-05 0.0950992 0.741844 9.9982E-05 0.05061
0.0222665 0.0171346 0.0277781 0.059003 0.813632 0.00434393 0.0558414
0.0429016 0.562845 0.00892821 9.9982E-05 0.339993 0.0451317 9.9982E-05
9.9973E-05 0.370305 0.0364532 9.9973E-05 0.477866 0.115076 9.9973E-05
0.0218814 0.463678 0.0372747 9.9982E-05 0.444107 0.0328592 9.9982E-05
0.9994 9.995E-05 9.995E-05 9.995E-05 9.995E-05 9.995E-05 9.995E-05
0.0367668 0.502964 0.0191232 9.9982E-05 0.352128 0.0888183 9.9982E-05
9.9973E-05 9.9973E-05 9.9973E-05 0.330749 0.24598 0.0975053 0.325465
0.0180697 0.0804167 0.029478 0.1873 0.130491 0.0152235 0.53902
0.0290331 0.0231285 0.01767 0.228074 0.191444 9.9991E-05 0.51055
9.9991E-05 0.0143085 0.0783634 0.204367 0.243505 0.0986976 0.360658
0.047933 0.140061 0.0143139 0.182133 0.0832496 0.045063 0.487247
9.9964E-05 9.9964E-05 9.9964E-05 0.328718 0.443672 0.227209 9.9964E-05
0.0113891 0.370988 0.104645 0.00997182 0.00790471 0.0566516 0.43845
9.9991E-05 0.227421 0.0453823 0.00467551 0.00157436 0.314516 0.406331
0.0485278 0.543415 0.0719531 9.9982E-05 0.0730398 9.9982E-05 0.262865
9.9973E-05 0.130982 0.181077 9.9973E-05 9.9973E-05 0.203857 0.483784
9.9964E-05 0.150368 0.216789 9.9964E-05 9.9964E-05 0.632443 9.9964E-05
9.9991E-05 0.134003 0.0104796 0.019545 0.0827998 0.201797 0.551276
0.0377656 0.215554 0.0576795 0.00124003 9.9991E-05 0.203627 0.484034
9.9982E-05 0.380948 0.168308 9.9982E-05 0.0433465 0.0825303 0.324667
0.0408296 0.180376 0.0225827 0.0844334 0.0858399 0.0530697 0.532869
9.9973E-05 0.265432 0.247894 9.9973E-05 9.9973E-05 0.334526 0.151848
0.00921647 0.199632 0.01314 0.0308511 9.9991E-05 0.242728 0.504333
0.0485077 0.347881 0.0631494 0.0196977 9.9991E-05 0.0337288 0.486936
9.9991E-05 0.0781726 0.0486372 0.198378 0.118955 0.107518 0.448239
9.9973E-05 0.242512 0.0374719 9.9973E-05 9.9973E-05 0.266915 0.452801
0.00266864 0.246326 0.213931 0.0340874 0.0287349 0.0428644 0.431388
9.9991E-05 0.153546 0.200806 0.060749 0.0152318 0.0829108 0.486656
9.9982E-05 0.201711 0.134922 9.9982E-05 0.00439041 0.107474 0.551303
9.9982E-05 0.178805 0.0333573 0.0804132 9.9982E-05 0.0859297 0.621295
0.026881 0.199293 0.0532941 0.0829447 0.122178 9.9991E-05 0.515309
9.9982E-05 0.129084 9.9982E-05 0.0522261 0.0990645 0.119237 0.600188
9.9964E-05 9.9964E-05 9.9964E-05 0.108262 0.792202 9.9964E-05 0.0991356
0.0209038 9.9982E-05 0.0607805 0.0415061 0.825634 9.9982E-05 0.0509753
9.9973E-05 0.0537995 9.9973E-05 9.9973E-05 0.790295 0.0590961 0.0965093
0.0120218 0.0217342 0.0816055 0.02891 0.820042 9.9991E-05 0.0355863
0.0544317 9.9973E-05 0.00719335 9.9973E-05 0.811344 9.9973E-05 0.126731
9.9991E-05 0.560569 0.124727 0.0479171 0.00743259 0.0784113 0.180843
0.0115786 0.123983 0.107798 0.102485 0.0668696 0.0885935 0.498693
0.0300383 9.9991E-05 0.0974734 0.078378 0.205934 0.145328 0.442749
0.0222593 0.123182 0.0699861 0.068987 9.9991E-05 0.119399 0.596087
9.9982E-05 0.232943 0.15554 9.9982E-05 0.0755403 0.00454874 0.531228
0.0357896 0.393441 9.9973E-05 9.9973E-05 9.9973E-05 0.24803 0.322439
0.0529753 0.5565 0.147114 9.9991E-05 0.105664 0.131654 0.00599281
0.0283996 0.373775 0.0752994 9.9973E-05 9.9973E-05 9.9973E-05 0.522226
0.031606 0.49894 0.044309 0.0951413 0.0386825 0.136568 0.154753
9.9991E-05 0.286722 0.113494 0.00341549 0.0481782 0.127412 0.420678
0.0172306 0.598488 0.18203 0.0894006 0.081199 0.0122821 0.0193691
0.0297095 0.200018 0.00721913 0.0670601 0.114505 0.0107697 0.570719
0.0400518 0.599408 0.130043 0.0464261 0.0301041 0.0138487 0.140118
0.0417289 0.340055 9.9991E-05 0.0392038 0.0262016 0.241009 0.311702
0.00227363 0.081489 0.107422 0.0500691 0.0604469 0.20964 0.488659
9.9973E-05 0.026504 9.9973E-05 9.9973E-05 0.0319899 0.601956 0.33925
0.00286982 0.023229 0.0545665 9.9991E-05 0.0491552 0.259918 0.610161
0.0432773 0.128824 9.9982E-05 9.9982E-05 0.122745 0.149183 0.55577
9.9973E-05 0.13301 0.0248636 9.9973E-05 9.9973E-05 0.483451 0.358375
0.0596386 0.134005 0.0285796 0.0972222 0.018695 0.172364 0.489495
0.0246131 9.9982E-05 0.071421 9.9982E-05 0.0481297 0.305505 0.550132
9.9973E-05 0.03537 0.128053 9.9973E-05 9.9973E-05 0.722006 0.114271
9.9955E-05 9.9955E-05 9.9955E-05 9.9955E-05 9.9955E-05 0.627895 0.371605
0.0165461 0.116187 9.9982E-05 9.9982E-05 0.00701126 0.383741 0.476315
9.9973E-05 0.107199 0.17258 9.9973E-05 9.9973E-05 0.552794 0.167127
0.00238374 0.105451 0.0308985 9.9982E-05 9.9982E-05 0.334578 0.52649
0.0473839 0.577819 0.199679 0.00301703 9.9991E-05 0.0342977 0.137703
9.9982E-05 0.382163 0.124983 0.0238278 9.9982E-05 0.223802 0.245024
0.0274622 0.453383 0.120438 0.0920461 0.0281127 0.0310598 0.247499
0.0406686 0.154653 0.167426 0.0542692 0.0314574 9.9991E-05 0.551426
9.9982E-05 0.438636 0.290178 0.00281615 9.9982E-05 0.0335612 0.234609
0.0785462 0.0318675 0.113294 9.9991E-05 0.0474767 0.161372 0.567343
0.0875246 0.177676 0.153687 0.0424542 9.9991E-05 0.00740693 0.531151
0.00761403 0.257586 0.0290976 0.123227 9.9991E-05 0.083876 0.498499
0.0163827 0.274908 0.0344264 0.0617052 9.9991E-05 0.0850533 0.527425
9.9982E-05 0.320778 0.174297 0.0986712 0.0228427 9.9982E-05 0.383211
9.9973E-05 0.498514 0.213132 0.13107 9.9973E-05 9.9973E-05 0.156984
9.9982E-05 0.468862 0.113309 0.117354 9.9982E-05 0.0299749 0.270301
9.9973E-05 0.1933 0.0957519 9.9973E-05 9.9973E-05 0.0525382 0.65811
0.013205 0.177819 0.0245958 9.9991E-05 0.0243528 0.107283 0.652645
0.0400499 0.249755 0.0680359 0.0567478 0.00235943 0.186883 0.396169
9.9982E-05 0.175306 0.125149 0.0630048 9.9982E-05 0.111192 0.525149
0.0264254 0.450385 9.9991E-05 0.0295005 0.0487842 0.047776 0.397029
9.9982E-05 0.206541 0.083396 0.0197155 0.0418962 9.9982E-05 0.648251
9.9991E-05 0.26337 0.0924329 0.0245253 0.0671625 0.0253217 0.527088
9.9991E-05 0.208515 0.00398792 0.155842 0.057831 0.0763424 0.497381
0.0117308 9.9982E-05 0.034606 0.0908801 0.403268 9.9982E-05 0.459316
0.089047 9.9991E-05 0.131556 0.160541 0.0899354 0.052886 0.475934
0.049713 0.0509075 0.05507 0.0917857 0.136817 0.113187 0.502519
0.0767282 0.0447866 0.111421 0.0309242 0.0569333 0.0531461 0.62606
0.0245954 9.9982E-05 0.118843 0.211093 0.178559 9.9982E-05 0.46671
9.9982E-05 0.180997 0.0317492 0.00410641 9.9982E-05 0.276948 0.505999
0.0124674 0.0126217 0.116958 0.0625366 0.183494 9.9991E-05 0.611822
9.9982E-05 9.9982E-05 0.12143 0.126009 0.264254 0.447081 0.0410258
0.0186033 0.0728975 9.9991E-05 0.184804 0.0723711 0.133873 0.517351
0.0302717 0.00546935 0.0581902 0.160857 0.135665 0.154987 0.45456
0.0304348 0.106911 0.107645 0.227326 0.100028 0.00720988 0.420445
0.058019 0.112171 0.0119149 0.139499 0.177481 0.185761 0.315155
0.0205622 0.0671633 0.0634335 0.120009 0.232207 0.00467624 0.491949
0.0325559 0.00803267 9.9991E-05 0.0710807 0.150531 0.160634 0.577066
0.0543437 9.9973E-05 9.9973E-05 0.181088 0.449025 0.315244 9.9973E-05
0.0944986 0.0250664 9.9991E-05 0.163986 0.0827135 0.0932084 0.540427
0.00452172 9.9982E-05 9.9982E-05 0.163431 0.160025 0.0866409 0.585181
0.00360774 0.0128207 0.157476 0.174259 0.102781 0.0759327 0.473123
0.0526452 9.9982E-05 9.9982E-05 0.150806 0.123051 0.0703465 0.602951
0.0586367 0.0461754 9.9991E-05 0.0462447 0.150886 0.114086 0.58387
0.0419711 0.0848563 0.13807 0.0486606 9.9991E-05 0.197384 0.488959
0.0147743 0.146258 0.0263531 0.0871172 0.00632089 0.186396 0.532781
9.9973E-05 0.0836627 0.286702 9.9973E-05 9.9973E-05 0.545368 0.083967
9.9973E-05 0.0867666 0.215181 9.9973E-05 9.9973E-05 0.600519 0.0972328
0.0237549 0.0733078 0.0204914 0.108808 0.00912413 0.221533 0.542981
9.9973E-05 9.9973E-05 9.9973E-05 0.263358 0.123839 0.19256 0.419943
9.9982E-05 9.9982E-05 0.00595873 0.329363 0.106873 0.176385 0.38122
0.0205148 0.0130362 9.9991E-05 0.256652 0.206917 0.258389 0.244391
0.0446299 9.9982E-05 9.9982E-05 0.22478 0.143072 0.170904 0.416414
9.9982E-05 9.9982E-05 0.0230797 0.0530487 0.0412662 0.679117 0.203289
0.0418058 9.9991E-05 0.0592809 0.0747404 0.0484317 0.50831 0.267331
0.0324477 0.0405149 0.026464 0.0926524 9.9991E-05 0.196769 0.611052
9.9982E-05 9.9982E-05 0.129613 0.0692019 0.0867901 0.178417 0.535779
0.0253089 0.025034 9.9991E-05 0.023586 0.0601535 0.481663 0.384154
0.0196312 0.047356 0.0463654 0.0848522 0.0540909 0.132958 0.614747
9.9973E-05 9.9973E-05 0.0571744 0.141836 9.9973E-05 0.281052 0.519638
0.0283452 0.113773 9.9991E-05 0.075389 0.0973745 0.0917189 0.593299
0.02069 0.106353 0.134624 9.9982E-05 9.9982E-05 0.399129 0.339003
0.0198126 0.0805956 0.152125 0.00179695 9.9991E-05 0.284244 0.461326
0.00565497 0.0128609 0.0950016 9.9991E-05 0.070444 0.248155 0.567784
0.0277621 0.16071 0.0358662 9.9991E-05 0.0224103 0.321605 0.431546
0.0125639 0.0727377 0.0403751 0.105846 0.0613465 0.273752 0.433378
9.9973E-05 0.0258495 0.0666613 9.9973E-05 9.9973E-05 0.391179 0.51601
9.9973E-05 0.0798648 0.122352 9.9973E-05 9.9973E-05 0.453979 0.343504
9.9973E-05 9.9973E-05 0.139544 9.9973E-05 0.0393844 0.18361 0.637161
9.9973E-05 0.0537729 0.219208 9.9973E-05 9.9973E-05 0.428314 0.298406
0.0132771 0.0255643 0.130647 9.9982E-05 9.9982E-05 0.325576 0.504736
0.0592018 0.0792819 0.0820796 0.0468703 9.9991E-05 0.166252 0.566214
0.0406832 0.00977051 0.255933 0.0170525 9.9991E-05 0.257097 0.419364
0.0533088 9.9991E-05 0.0673973 0.159909 0.170336 0.0727582 0.47619
9.9982E-05 0.105468 9.9982E-05 0.143506 0.127605 0.187666 0.435555
0.0112934 0.0616977 9.9991E-05 0.213726 0.165582 0.221788 0.325813
0.0601836 0.0477613 0.0449158 0.157519 0.167358 0.211136 0.311127
0.0625643 0.0863081 9.9991E-05 0.152904 0.0742033 0.151631 0.472289
0.067713 0.0978624 0.00362625 0.147081 0.0865386 0.206769 0.39041
0.0262484 0.0177049 9.9982E-05 0.172643 0.141028 0.642176 9.9982E-05
0.0115622 9.9982E-05 9.9982E-05 0.12974 0.136273 0.107834 0.614391
0.0210884 9.9973E-05 9.9973E-05 0.12244 0.308183 0.547989 9.9973E-05
9.9982E-05 0.00193217 9.9982E-05 0.116643 0.069341 0.158952 0.652932
9.9964E-05 9.9964E-05 0.342739 9.9964E-05 9.9964E-05 0.514652 0.142209
0.00454967 0.035268 0.332318 9.9973E-05 9.9973E-05 0.627564 9.9973E-05
0.00123777 0.0270565 0.189724 9.9982E-05 9.9982E-05 0.295026 0.486756
0.0217692 9.9973E-05 0.149004 9.9973E-05 9.9973E-05 0.192504 0.636423
9.9973E-05 0.0661564 0.105408 9.9973E-05 9.9973E-05 0.30393 0.524206
0.000822694 0.0580129 0.327395 9.9991E-05 0.0317732 0.0888456 0.49305
9.9973E-05 0.0318043 0.138549 9.9973E-05 9.9973E-05 0.281546 0.547801
0.0779595 0.00461797 0.0104998 0.0229153 0.72791 0.0692312 0.0868661
0.0551019 0.130012 9.9991E-05 0.0705322 0.704607 0.0359803 0.00366703
0.05259 0.051678 9.9973E-05 0.0524841 0.842948 9.9973E-05 9.9973E-05
0.151661 9.9964E-05 9.9964E-05 9.9964E-05 0.807658 9.9964E-05 0.0402816
0.0598108 0.031435 0.409979 0.0326947 0.0267315 0.00483531 0.434514
0.00123645 9.9982E-05 0.405255 0.00186258 0.120666 9.9982E-05 0.47078
0.0735184 0.00193073 0.545098 9.9973E-05 9.9973E-05 9.9973E-05 0.379153
0.114404 9.9991E-05 0.212487 0.0145202 0.0486746 0.0508533 0.558961
0.0101083 0.116337 0.232785 9.9991E-05 0.050735 0.0335054 0.55643
0.00804206 0.13053 0.59582 0.0222643 0.0246183 0.059638 0.159086
0.0220543 9.9973E-05 0.393879 0.0612246 9.9973E-05 9.9973E-05 0.522542
9.9964E-05 9.9964E-05 0.50985 9.9964E-05 9.9964E-05 0.173853 0.315897
0.0141002 0.00987292 0.0732601 0.144411 0.259177 9.9991E-05 0.499078
9.9991E-05 0.076309 0.357363 0.0319796 0.015257 0.0983666 0.420624
0.0478015 0.129583 0.58767 9.9973E-05 9.9973E-05 9.9973E-05 0.234645
9.9964E-05 9.9964E-05 0.501375 9.9964E-05 9.9964E-05 0.00787992 0.490345
9.9982E-05 0.100449 0.530348 0.000315663 0.00288778 9.9982E-05 0.365799
0.0183043 0.0129117 0.318044 9.9982E-05 9.9982E-05 0.0516143 0.598926
0.0013018 9.9982E-05 0.445964 0.0219152 0.0351221 9.9982E-05 0.495497
9.9964E-05 9.9964E-05 0.859557 9.9964E-05 9.9964E-05 0.0926925 0.0473506
0.0162233 0.03677 0.6086 0.0431669 9.9991E-05 0.103229 0.191911
0.0210142 0.0610616 0.52693 0.0223672 9.9991E-05 0.101558 0.266969
9.9955E-05 9.9955E-05 0.740052 9.9955E-05 9.9955E-05 0.259448 9.9955E-05
0.0535469 0.128484 0.442547 9.9973E-05 9.9973E-05 9.9973E-05 0.375122
0.0128272 9.9973E-05 0.540623 9.9973E-05 9.9973E-05 0.359838 0.0864114
9.9955E-05 9.9955E-05 0.668041 9.9955E-05 9.9955E-05 0.331459 9.9955E-05
0.0507535 9.9991E-05 0.400119 0.0525961 0.0159183 0.0208116 0.459701
0.00479911 0.140139 0.655028 9.99969E-05 0.0599599 0.000842196 0.139132
9.9973E-05 0.119453 0.4673 0.0711961 9.9973E-05 9.9973E-05 0.341751
0.0719147 9.9991E-05 0.214604 0.0882222 0.0999071 0.0134426 0.511809
9.9973E-05 0.157707 0.3687 9.9973E-05 0.0161285 9.9973E-05 0.457165
0.0106164 0.243245 0.0487648 0.020654 9.9991E-05 0.290361 0.386259
9.9982E-05 0.0596307 0.366337 0.0232236 9.9982E-05 0.072949 0.477659
0.0640207 0.103061 0.400795 0.0373276 9.9982E-05 9.9982E-05 0.394596
0.00435179 9.9964E-05 0.76373 9.9964E-05 9.9964E-05 9.9964E-05 0.231518
9.9991E-05 0.123628 0.178973 0.0157834 0.0907425 0.0716956 0.519077
0.0672754 0.24853 0.0219189 9.9982E-05 0.610414 0.0516615 9.9982E-05
0.0847524 0.0828826 0.1079 0.0233307 0.688771 0.0119653 0.000398727
0.135978 0.108118 9.9973E-05 9.9973E-05 0.698941 0.056663 9.9973E-05
0.0945905 0.166232 9.9973E-05 9.9973E-05 0.71829 0.020587 9.9973E-05
0.0512714 0.216209 9.9982E-05 9.9982E-05 0.70049 0.0243532 0.00747665
9.9982E-05 0.116292 0.722319 0.0150068 0.0656306 9.9982E-05 0.0805519
9.9982E-05 0.118158 0.729291 9.9982E-05 0.0698088 0.0187335 0.0638091
0.0032266 9.9973E-05 0.758147 9.9973E-05 9.9973E-05 0.115003 0.123324
0.0617734 9.9982E-05 0.208053 0.111513 0.101614 9.9982E-05 0.516847
9.9991E-05 0.0140724 0.266048 0.0165798 0.101124 0.0819668 0.520109
9.9973E-05 9.9973E-05 0.619449 9.9973E-05 0.0460352 0.0560728 0.278143
9.9973E-05 0.0561655 0.282788 0.0630467 9.9973E-05 9.9973E-05 0.5977
9.9982E-05 9.9982E-05 0.472645 0.0915115 0.00457995 0.115452 0.315612
9.9973E-05 9.9973E-05 0.434894 9.9973E-05 0.0454315 0.012382 0.506992
0.0275547 9.9982E-05 0.32735 0.0384439 0.0513729 9.9982E-05 0.555079
9.9982E-05 0.116138 0.630948 0.0568027 9.9982E-05 0.0120283 0.183883
0.0365015 0.00458614 0.690312 9.9973E-05 9.9973E-05 9.9973E-05 0.2683
9.9964E-05 0.114795 0.559877 9.9964E-05 9.9964E-05 9.9964E-05 0.324928
9.9973E-05 0.0879451 9.9973E-05 9.9973E-05 0.0987998 0.198051 0.614904
0.0323387 9.9973E-05 0.610092 9.9973E-05 0.0367956 9.9973E-05 0.320474
0.021156 0.0665924 0.426177 0.00992097 0.0524174 9.9991E-05 0.423636
9.9982E-05 0.0338527 9.9982E-05 0.370268 0.0668263 0.0475906 0.481263
0.0552927 9.9991E-05 0.0629876 0.418403 0.0741271 0.0138151 0.375274
0.00913428 9.9973E-05 9.9973E-05 0.367602 0.123113 9.9973E-05 0.499851
0.0382384 9.9982E-05 9.9982E-05 0.491997 0.0802381 0.0443277 0.344998
0.0670396 9.9982E-05 9.9982E-05 0.330356 0.0268842 0.128985 0.446535
0.00838914 9.9982E-05 0.349799 9.9982E-05 0.0446931 0.119815 0.477104
0.0555127 9.9982E-05 9.9982E-05 0.534685 0.247106 0.044657 0.11784
0.082695 9.9973E-05 9.9973E-05 0.427136 0.171037 9.9973E-05 0.318832
0.0995118 9.9991E-05 0.111254 0.135853 0.0777914 0.144098 0.431392
9.9973E-05 0.0425011 9.9973E-05 9.9973E-05 0.117843 0.239357 0.599999
0.0299581 0.110798 0.0919626 0.0295126 0.101854 0.25476 0.381154
9.9991E-05 0.0150732 0.0463984 0.010853 0.160161 0.141403 0.626011
0.0250574 0.0630545 0.145355 9.9991E-05 0.0964362 0.103364 0.566632
0.0391482 9.9973E-05 9.9973E-05 0.367996 0.266752 9.9973E-05 0.325804
0.0207767 0.134842 9.9982E-05 0.336221 0.111546 9.9982E-05 0.396414
9.9973E-05 9.9973E-05 9.9973E-05 0.398821 0.0539345 0.0857986 0.461146
0.0270375 0.11843 0.0669796 0.399595 0.0139681 0.0459057 0.328084
0.00438859 9.9991E-05 0.00380902 0.475794 0.175288 0.0106594 0.329961
0.0553632 0.00095836 0.123591 0.240794 0.134741 9.9991E-05 0.444453
0.0589717 9.9982E-05 9.9982E-05 0.498843 0.0644239 0.0622436 0.315317
0.0385342 0.155646 9.9982E-05 0.371181 0.0904163 9.9982E-05 0.344023
0.0444789 9.9982E-05 0.0225509 9.9982E-05 0.0113281 0.33298 0.588462
0.0195966 0.0577544 0.0696675 0.265373 0.182635 0.0096112 0.395362
0.0378236 9.9982E-05 9.9982E-05 0.601925 0.0986766 0.0357686 0.225606
9.9982E-05 0.121273 0.0794615 0.363498 0.167265 9.9982E-05 0.268303
0.0319405 0.197452 0.0757839 9.9991E-05 0.158171 0.30506 0.231493
0.0191929 0.0429479 0.0224873 0.0509403 0.0296316 0.220453 0.614347
0.0026891 0.0640093 0.0047497 0.20389 0.191228 0.0393012 0.494132
0.0591518 0.12069 9.9991E-05 0.0970723 0.101296 0.161775 0.459915
0.0370963 0.0825922 0.0353042 9.9991E-05 0.140539 0.173748 0.53062
0.0425102 0.0111188 0.120794 0.239116 0.18776 0.0847593 0.313941
0.012411 9.9982E-05 9.9982E-05 0.182695 0.288472 0.113743 0.40248
0.0763345 0.104121 0.114277 0.0473261 0.0679415 9.9991E-05 0.589899
9.9982E-05 0.00291727 0.0752818 0.357381 0.145143 9.9982E-05 0.419077
0.0191128 9.9982E-05 0.00327063 0.44206 0.109946 9.9982E-05 0.425411
0.0373954 9.9982E-05 9.9982E-05 0.545734 0.178728 0.0505522 0.187391
0.135312 0.100734 0.0379896 9.9982E-05 9.9982E-05 0.121345 0.60442
0.0391558 0.145918 0.079048 9.9991E-05 0.0887383 0.137223 0.509817
0.0500811 0.0237635 9.9982E-05 9.9982E-05 0.0554729 0.609188 0.261294
9.9991E-05 0.0454262 0.110387 0.100039 0.163781 0.0840293 0.496238
0.000481138 0.290148 9.9991E-05 0.0955045 0.0652082 0.175939 0.372619
0.0480495 9.9982E-05 9.9982E-05 0.107561 0.145831 0.181146 0.517213
0.117734 0.141333 0.104198 0.0622721 9.9991E-05 0.151216 0.423147
9.9964E-05 9.9964E-05 9.9964E-05 0.180186 0.291059 0.528355 9.9964E-05
0.0612812 9.9973E-05 9.9973E-05 0.0798964 0.237721 0.620802 9.9973E-05
9.9991E-05 0.0572721 0.0593807 0.0768056 0.164119 0.322491 0.319832
0.0478371 0.000675087 9.9991E-05 0.216859 0.284147 0.425866 0.0245157
9.9964E-05 9.9964E-05 9.9964E-05 0.219073 0.426922 0.353606 9.9964E-05
0.00108769 0.00590946 0.0646246 0.0671062 0.185539 0.240113 0.43562
9.9991E-05 0.00200793 0.00875719 0.134107 0.221423 0.26037 0.373236
9.9982E-05 0.0210171 9.9982E-05 0.12472 0.27394 0.321718 0.258405
0.0777761 9.9982E-05 9.9982E-05 0.119834 0.232245 0.469809 0.100136
9.9991E-05 0.0172474 0.119492 0.11859 0.19403 0.123417 0.427124
0.0732871 9.9991E-05 0.0642261 0.14015 0.143365 0.418985 0.159886
0.093519 9.9973E-05 9.9973E-05 0.0477727 0.332499 0.525909 9.9973E-05
0.0188786 0.0980262 9.9991E-05 0.118617 0.152156 0.0878851 0.524337
0.0368153 0.03418 0.034104 0.232224 0.160534 0.155586 0.346556
0.0115827 0.120634 0.0556952 0.1746 0.324396 9.9991E-05 0.312992
0.0285143 9.9973E-05 9.9973E-05 0.136257 0.196667 9.9973E-05 0.638262
9.9982E-05 0.0260474 9.9982E-05 0.181598 0.15571 0.0476712 0.588773
9.9973E-05 9.9973E-05 9.9973E-05 0.201784 0.238735 0.0874284 0.471752
0.010245 9.9991E-05 0.0113154 0.191506 0.405388 0.0396631 0.341782
0.0787788 9.9982E-05 9.9982E-05 0.0991926 0.159787 0.0241095 0.637932
0.0634899 9.9991E-05 0.0016458 0.236016 0.160449 0.0761628 0.462136
0.0897286 0.08417 9.9991E-05 0.20882 0.177733 0.155324 0.284124
9.9991E-05 0.126295 0.304793 0.231533 0.137029 0.0404541 0.159796
9.9991E-05 0.0942168 0.123695 0.0539745 0.136097 0.0716466 0.52027
0.0459161 0.138528 0.003568 0.05813 0.112337 0.0822081 0.559314
9.9982E-05 9.9982E-05 0.123124 0.119636 0.143962 0.0159971 0.597081
0.0398024 9.9982E-05 9.9982E-05 0.210854 0.278222 0.0632222 0.4077
0.0866146 9.9991E-05 0.065893 0.167457 0.119263 0.0447163 0.515956
9.9973E-05 9.9973E-05 9.9973E-05 0.191681 0.396207 0.248655 0.163157
0.0484574 0.0671639 9.9982E-05 0.195437 0.139223 9.9982E-05 0.54952
9.9982E-05 9.9982E-05 0.0565234 0.249624 0.311372 0.112165 0.270116
0.0292453 0.0636349 0.112134 0.0159422 0.774588 0.00435502 9.9991E-05
9.9982E-05 0.777152 0.00265763 9.9982E-05 0.0593261 0.00150933 0.159155
9.9955E-05 0.987464 9.9955E-05 9.9955E-05 0.0120366 9.9955E-05 9.9955E-05
0.0463538 0.953146 9.9955E-05 9.9955E-05 9.9955E-05 9.9955E-05 9.9955E-05
9.9955E-05 0.939023 9.9955E-05 9.9955E-05 9.9955E-05 9.9955E-05 0.0604773
0.0170657 0.93933 9.9964E-05 0.0432045 9.9964E-05 9.9964E-05 9.9964E-05
0.0279901 0.926071 9.9964E-05 9.9964E-05 9.9964E-05 9.9964E-05 0.0455391
0.0379598 0.950932 9.9964E-05 9.9964E-05 0.0107087 9.9964E-05 9.9964E-05
0.0802761 0.749186 9.9964E-05 9.9964E-05 0.170138 9.9964E-05 9.9964E-05
0.0739259 0.00111742 0.0515627 0.023543 0.849651 9.9982E-05 9.9982E-05
0.118437 0.14301 9.9973E-05 9.9973E-05 0.707556 9.9973E-05 0.0306971
0.104026 0.0655938 9.9991E-05 0.0418627 0.741232 0.040103 0.00708214
0.0411225 0.0867604 9.9982E-05 9.9982E-05 0.800298 0.00897061 0.0626484
0.0222581 9.9982E-05 0.0115764 0.0443834 0.895516 9.9982E-05 0.0260666
0.0505061 0.0180273 9.9973E-05 9.9973E-05 0.830897 0.100269 9.9973E-05
0.0727763 0.0543155 0.00454262 0.152609 0.667725 9.9991E-05 0.0479311
0.0590116 0.030234 9.9991E-05 0.104129 0.774455 0.0256796 0.00639133
0.0775481 0.136334 0.0258253 0.0746798 0.625523 9.9991E-05 0.0599907
0.037851 9.9964E-05 9.9964E-05 0.0588286 0.902921 9.9964E-05 9.9964E-05
0.0632561 0.0307973 9.9964E-05 9.9964E-05 0.905547 9.9964E-05 9.9964E-05
0.055378 0.0375064 0.00461923 0.00525054 0.840453 9.9991E-05 0.0566923
0.0270294 0.00150896 9.9973E-05 9.9973E-05 0.967573 9.9973E-05 0.00358905
0.0955078 9.9964E-05 9.9964E-05 9.9964E-05 0.843072 9.9964E-05 0.06102
0.108846 0.0353065 0.0352945 0.0489797 0.751046 9.9991E-05 0.0204276
0.088208 9.9973E-05 9.9973E-05 0.0137799 0.793364 9.9973E-05 0.104348
0.0540349 9.9973E-05 9.9973E-05 0.106452 0.733852 9.9973E-05 0.105361
0.0609106 9.9973E-05 9.9973E-05 0.0377134 0.743851 9.9973E-05 0.157225
0.0589419 9.9982E-05 0.0202391 0.0324603 0.789813 9.9982E-05 0.0983456
9.9982E-05 0.0422065 0.0233634 9.9982E-05 0.168698 0.297284 0.468248
0.0612432 0.0793187 0.0916877 9.9991E-05 0.0303324 0.100624 0.636693
0.0406457 0.0896321 0.106529 0.000360888 0.147659 0.0234625 0.591711
0.0207743 0.00431037 0.107434 0.021744 0.0544664 0.676441 0.11483
0.0153622 0.088382 9.9982E-05 9.9982E-05 0.0994774 0.217855 0.578724
9.9964E-05 9.9964E-05 9.9964E-05 9.9964E-05 0.13843 0.673515 0.187655
0.00500891 9.9973E-05 9.9973E-05 9.9973E-05 0.13725 0.174018 0.683423
9.9982E-05 0.184144 0.161776 9.9982E-05 0.0902423 0.137127 0.426512
0.0204049 0.0837476 0.042331 0.0156112 0.128787 0.212982 0.496136
0.0047739 0.0100262 0.412602 9.9982E-05 0.0930023 9.9982E-05 0.479395
0.0413868 0.132856 9.9982E-05 9.9982E-05 0.0516509 0.286885 0.487021
0.00209503 0.0770217 0.045736 9.9991E-05 0.0274671 0.188643 0.658937
0.0245692 0.136175 0.0347305 9.9991E-05 0.0703445 0.156265 0.577816
9.9982E-05 0.410632 0.097834 0.00802052 9.9982E-05 0.328063 0.155251
9.9973E-05 0.039807 0.0584552 9.9973E-05 9.9973E-05 0.884774 0.0166635
9.9973E-05 0.0168591 9.9973E-05 9.9973E-05 0.0603445 0.69629 0.226207
0.0584729 0.0605346 9.9982E-05 9.9982E-05 0.0106487 0.177216 0.692928
0.0310351 0.073334 0.0286498 9.9991E-05 0.123016 0.190525 0.553341
0.0132712 9.9982E-05 0.0542576 9.9982E-05 0.142734 0.264542 0.524995
0.0685488 9.9991E-05 0.156366 0.046589 0.0288991 0.115758 0.58374
0.0118915 9.9991E-05 0.0656193 0.154754 0.235077 0.0237633 0.508795
