0.88886 9.9964E-05 0.0707647 9.9964E-05 9.9964E-05 0.0399757 9.9964E-05
0.907656 0.0656044 0.00168336 9.9973E-05 0.024756 9.9973E-05 9.9973E-05
0.79013 0.0272204 0.0446757 9.9982E-05 9.9982E-05 0.051596 0.0861784
0.758985 9.9973E-05 0.0879869 9.9973E-05 9.9973E-05 0.034014 0.118714
0.853592 9.9973E-05 0.0677111 9.9973E-05 9.9973E-05 0.0291443 0.0492528
0.577942 0.0868882 0.072107 9.9991E-05 0.170583 0.0817815 0.0105987
0.823916 0.000184709 0.00548076 0.0354127 0.134806 9.9982E-05 9.9982E-05
0.716499 9.9982E-05 0.09899 0.0249707 0.122132 0.0372082 9.9982E-05
0.826656 0.00590993 0.0817964 9.99729E-05 0.0853381 9.99729E-05 9.99729E-05
0.644257 9.9982E-05 0.0404887 9.9982E-05 0.162147 0.0572943 0.0956131
0.722998 9.9973E-05 0.0986842 9.9973E-05 0.163896 9.9973E-05 0.014122
0.0243553 0.0473028 9.9982E-05 0.840338 9.9982E-05 0.0427961 0.0450075
9.9982E-05 9.9982E-05 0.016099 0.524613 0.0221679 0.0402834 0.396637
0.0871734 0.00167422 0.0137303 0.74698 0.0214789 0.021503 0.10746
0.0210186 9.9973E-05 9.9973E-05 0.73476 9.9973E-05 0.154226 0.0896958
0.114922 9.9982E-05 9.9982E-05 0.406601 0.0509199 0.124072 0.303286
0.00616093 0.021779 9.9991E-05 0.371592 0.0145927 0.134384 0.451392
9.999E-05 0.023829 0.0667714 0.323783 0.110401 0.0683149 0.406801
0.183443 9.9973E-05 9.9973E-05 0.608859 9.9973E-05 0.026747 0.180651
0.070149 9.9973E-05 0.116058 0.742673 0.07082 9.9973E-05 9.9973E-05
0.00569853 0.0568778 0.100201 0.402514 0.0379699 0.0675076 0.329231
0.0656996 0.0356271 0.0377738 0.216567 0.165812 0.00990847 0.468612
0.0333248 0.0934245 0.066893 0.32135 0.0529456 0.0458688 0.386193
0.018925 0.0518181 9.9982E-05 0.753698 9.9982E-05 0.0692863 0.106072
0.105855 0.0131841 9.9991E-05 0.187202 0.0389731 0.0525224 0.602163
0.00923946 0.0574654 9.9982E-05 0.428078 9.9982E-05 0.149636 0.355381
0.0272153 9.9973E-05 9.9973E-05 0.871512 0.0351483 0.0658241 9.9973E-05
0.0311194 9.9973E-05 9.9973E-05 0.763192 9.9973E-05 0.16231 0.0430789
9.9964E-05 9.9964E-05 9.9964E-05 0.828784 0.145049 9.9964E-05 0.0257665
0.852371 9.9964E-05 9.9964E-05 9.9964E-05 9.9964E-05 0.00934687 0.137882
0.830835 9.9964E-05 9.9964E-05 0.0247203 9.9964E-05 9.9964E-05 0.144045
0.813999 0.0142922 9.9973E-05 0.024068 9.9973E-05 9.9973E-05 0.147341
0.747703 0.0511535 0.00581306 9.9982E-05 9.9982E-05 0.0714972 0.123634
0.0190432 0.294093 9.9982E-05 0.216497 9.9982E-05 0.049203 0.420963
0.100528 0.368559 0.000290561 0.0407059 9.9991E-05 0.0470478 0.442768
0.00993288 0.347764 9.9991E-05 0.057707 0.0341955 0.0714395 0.478861
0.0944886 0.0883036 0.198291 0.61274 9.9982E-05 9.9982E-05 0.0059773
0.00282015 0.630465 9.9982E-05 9.9982E-05 0.0580669 0.0731264 0.235322
0.0766797 0.2616 9.9982E-05 0.235359 9.9982E-05 0.0859044 0.340257
9.99855E-05 0.249027 0.00134451 0.0403602 9.99855E-05 0.0486467 0.660422
0.0546948 0.133931 0.115158 9.9991E-05 0.0914321 0.0577071 0.546977
0.124883 0.256476 0.0744225 0.00237048 9.9991E-05 0.0107135 0.531035
0.0741255 0.695157 9.9973E-05 0.190942 0.0394759 9.9973E-05 9.9973E-05
9.999E-05 0.126823 0.0359177 0.0908132 0.121076 0.101198 0.524072
0.0630269 0.270816 9.9982E-05 9.9982E-05 0.0968017 0.0256204 0.543536
0.180316 0.0792904 9.9991E-05 0.0512872 0.098558 0.0459096 0.544539
9.9964E-05 0.716164 9.9964E-05 9.9964E-05 0.0451012 9.9964E-05 0.238335
0.00663638 0.213338 0.0937681 9.9982E-05 9.9982E-05 0.0519302 0.634127
0.104933 0.219185 9.9982E-05 0.0711504 9.9982E-05 0.115043 0.489489
0.0595715 0.595801 9.9964E-05 9.9964E-05 0.344228 9.9964E-05 9.9964E-05
9.9991E-05 0.226591 0.273529 0.317281 0.104071 0.00855765 0.069871
0.0210047 0.083626 9.9982E-05 0.403523 0.442991 9.9982E-05 0.0486554
0.120871 9.9982E-05 0.0655632 0.127224 0.026364 9.9982E-05 0.659778
0.127106 9.9982E-05 9.9982E-05 0.0801959 0.119329 0.0541974 0.618972
0.0513494 0.127592 0.0177495 0.136478 0.0300277 0.108897 0.527907
0.0932742 0.248074 0.234337 0.226905 0.0975414 9.9991E-05 0.0997693
0.025712 0.101415 0.10238 0.254999 9.9991E-05 0.066941 0.448453
0.0390655 0.0443739 9.9991E-05 0.236298 0.0767126 0.0950804 0.508369
0.144425 0.163175 0.0560123 0.234537 0.102285 9.9991E-05 0.299466
0.192827 0.0065853 0.0716734 0.469142 0.179655 0.0458909 0.034227
0.0898673 0.142544 0.0296011 0.205951 9.9991E-05 0.127454 0.404481
0.0294087 0.0551626 0.0749534 0.503182 0.074121 0.0667321 0.19644
0.0411317 0.020571 0.20009 0.571963 0.166044 9.9982E-05 9.9982E-05
9.9973E-05 0.0387452 9.9973E-05 0.413994 0.0846321 9.9973E-05 0.462328
9.9991E-05 0.123415 0.0408075 0.0285624 0.107674 0.0237087 0.675732
0.00802268 0.091431 0.0602149 0.204654 0.0831516 0.11339 0.439136
0.0816149 0.124013 0.0718571 0.407287 0.047146 0.081908 0.186174
9.9982E-05 0.0926606 9.9982E-05 0.397027 0.126415 0.0580758 0.325622
0.0365731 0.00987822 0.0972975 0.229207 0.0413069 0.0241006 0.561637
0.0281013 0.186396 0.104181 0.513618 0.137034 0.000460177 0.0302089
9.9982E-05 0.418435 0.0029521 0.107356 0.000186868 9.9982E-05 0.47087
0.0178184 0.734528 9.9982E-05 0.146792 9.9982E-05 0.0226073 0.0780544
0.0314167 0.311533 0.052309 9.9991E-05 0.0983727 0.0698768 0.436392
9.9955E-05 0.778412 9.9955E-05 9.9955E-05 0.221088 9.9955E-05 9.9955E-05
9.9964E-05 0.739743 9.9964E-05 0.0664713 0.193386 9.9964E-05 9.9964E-05
9.9982E-05 0.789612 9.9982E-05 0.00945595 0.0152069 0.0148195 0.170706
0.0242243 0.529583 0.0449579 0.0305677 9.9982E-05 9.9982E-05 0.370467
0.178898 0.234294 9.9991E-05 0.0484452 0.0380402 0.00804467 0.492179
9.9991E-05 0.468821 0.025338 0.103888 0.0248408 0.103598 0.273415
0.0519774 0.738217 0.0924316 0.0336407 9.9991E-05 0.0810703 0.00256272
0.0577158 0.535636 0.179668 0.0375328 9.9982E-05 9.9982E-05 0.189247
0.0451822 0.374888 0.0329136 0.0443103 9.9991E-05 0.181231 0.321375
9.9982E-05 0.614673 9.9982E-05 0.0743291 0.0596562 0.0189617 0.23218
0.0334886 0.473244 0.0099653 0.140655 0.00937364 0.0277198 0.305553
9.9964E-05 0.576331 9.9964E-05 9.9964E-05 0.0916587 9.9964E-05 0.331611
9.9973E-05 0.566952 0.0351181 9.9973E-05 0.393112 0.00451787 9.9973E-05
0.00417365 0.308304 0.0606836 9.9991E-05 0.0619179 0.0362141 0.528607
0.800825 9.9982E-05 0.00901067 0.132222 9.9982E-05 0.0386459 0.0190964
0.872108 9.9955E-05 9.9955E-05 9.9955E-05 9.9955E-05 9.9955E-05 0.127392
0.837595 9.9973E-05 0.0223281 9.9973E-05 9.9973E-05 0.0568074 0.0829698
0.918828 9.9973E-05 9.9973E-05 9.9973E-05 0.000204103 0.011645 0.0690228
0.859741 0.0285448 9.9964E-05 9.9964E-05 9.9964E-05 9.9964E-05 0.111315
0.836807 0.00631458 0.0218428 9.9991E-05 0.0158564 0.0497168 0.0693628
0.897318 9.99551E-05 9.99551E-05 9.99551E-05 9.99551E-05 9.99551E-05 0.102182
0.086883 0.213737 0.0831855 0.0611512 9.9991E-05 0.117156 0.437787
9.9991E-05 0.277904 0.0667949 0.0871851 0.0397018 0.164016 0.364299
0.0629691 0.844977 9.9973E-05 0.0643336 0.02742 9.9973E-05 9.9973E-05
0.0350662 0.203005 0.144192 0.00645894 0.0236281 0.14266 0.44499
0.0273884 0.492143 0.0663662 0.093831 9.9991E-05 0.0407617 0.279409
0.030795 0.377426 9.9973E-05 9.9973E-05 0.0354743 9.9973E-05 0.556005
0.0264009 0.25756 0.0214698 0.00797913 0.0632093 0.0456653 0.577715
0.00937995 0.522326 9.9982E-05 9.9982E-05 0.000892268 0.0994137 0.367788
0.0744631 0.694198 0.095848 0.123859 0.011432 9.9982E-05 9.9982E-05
0.101359 0.127477 0.0648613 0.116042 0.0745744 0.0328763 0.482809
9.9982E-05 0.236042 0.00840336 0.159762 9.9982E-05 0.0645058 0.531087
0.125652 0.115194 0.00351576 0.202693 0.0557926 0.0861723 0.410981
9.9982E-05 0.51176 9.9982E-05 0.118605 0.169201 0.00128336 0.198951
9.9973E-05 0.412724 9.9973E-05 9.9973E-05 0.0740353 0.029295 0.483646
9.9982E-05 0.42426 9.9982E-05 0.143492 0.0146841 0.025305 0.392059
9.9973E-05 0.683349 9.9973E-05 9.9973E-05 0.0175602 0.147545 0.151246
0.0827144 0.454474 9.9991E-05 0.0425845 0.00411931 0.018248 0.39776
0.112278 0.126586 0.0931516 9.9982E-05 0.0688601 9.9982E-05 0.598924
0.0699644 0.0507801 0.0763675 0.41039 0.242016 9.9991E-05 0.150383
0.0894877 0.0174403 0.173491 0.257105 9.9991E-05 0.0598108 0.402565
0.119844 0.0846257 0.0377872 0.15415 9.9982E-05 9.9982E-05 0.603392
0.0241473 0.160864 0.0846203 9.9991E-05 0.0608812 0.114862 0.554525
0.037127 0.0421165 0.0680519 0.481928 9.9982E-05 9.9982E-05 0.370576
9.9973E-05 9.9973E-05 0.132503 0.330819 9.9973E-05 0.0390809 0.497297
0.0169944 0.0685961 0.195639 0.303935 9.9991E-05 0.0249588 0.389777
0.115033 0.0538449 0.150934 0.125174 0.0347546 9.9991E-05 0.520159
0.0243105 0.177659 0.140847 0.138729 0.0339639 0.0852658 0.399225
0.0386012 0.140026 0.0391374 0.200497 9.9991E-05 0.0339831 0.547655
0.00765195 0.0525036 0.114727 0.350961 0.0147458 9.9991E-05 0.459311
0.00350749 0.0306939 0.137593 0.0195542 0.090755 9.9991E-05 0.717797
0.057727 0.00801533 0.0338043 0.164825 0.179853 0.0580273 0.497747
9.9982E-05 0.186731 0.0106611 0.293513 9.9982E-05 0.0954235 0.413471
0.0353199 0.00576264 0.0786284 0.106359 0.12797 0.0865774 0.559383
9.9991E-05 0.01507 0.191057 0.155819 0.0875146 0.0924951 0.457944
0.129935 0.00746459 9.9982E-05 0.345981 0.160299 9.9982E-05 0.35612
9.9973E-05 0.129337 9.9973E-05 0.180851 0.0285178 9.9973E-05 0.660994
0.0120973 9.9991E-05 0.0234466 0.219037 0.0528314 0.00253876 0.689949
0.0351715 0.195347 0.159937 0.350286 0.0466692 0.0694752 0.143114
9.9991E-05 0.0204855 0.0894056 0.383935 0.34612 0.00903083 0.150922
0.00902824 0.146205 0.183054 0.00111438 0.106061 0.107337 0.4472
9.9991E-05 0.142155 0.231607 0.166615 0.326366 0.0516778 0.0814788
0.0430732 0.110618 0.106877 0.556071 0.0506461 9.9991E-05 0.132614
9.9982E-05 0.227044 0.15793 0.287974 9.9982E-05 0.0355005 0.291351
0.030724 0.126551 0.231747 0.39635 9.9982E-05 9.9982E-05 0.214428
9.9982E-05 0.107688 0.20019 0.493052 9.9982E-05 0.055913 0.142957
0.0560302 0.102923 9.9982E-05 0.204986 9.9982E-05 0.0718404 0.56402
0.00979802 0.0592839 0.00845114 0.231238 0.0816014 0.123944 0.485684
0.0700488 0.132582 0.0985643 0.0687978 0.113896 0.0708564 0.445255
9.9991E-05 0.0397454 0.0925679 0.492794 0.266693 0.044459 0.0636409
0.198915 0.0939887 0.0877229 0.0429019 0.0277049 0.0612505 0.487516
0.0177684 0.0762269 9.9991E-05 0.232632 0.181643 0.0382325 0.453397
0.159971 0.128494 0.0679121 0.0445205 0.548266 9.9991E-05 0.0507371
0.11024 9.9982E-05 0.0203185 0.121286 0.061089 9.9982E-05 0.686867
0.113228 0.121303 0.0740394 0.032269 0.264426 9.9991E-05 0.394634
0.0901794 9.9991E-05 0.021781 0.0639449 0.216397 0.0282717 0.579326
0.0983266 0.0912574 0.0942527 9.9991E-05 0.41652 0.0335742 0.265969
0.0153804 9.9982E-05 0.169166 0.0336957 0.497813 9.9982E-05 0.283744
0.00562373 0.0733445 0.120631 0.0772888 0.227354 9.9991E-05 0.495658
0.135748 0.0551563 0.0186078 0.193639 0.100705 0.0237518 0.472392
0.109977 0.0367142 0.041804 0.194984 0.212232 9.9991E-05 0.404189
0.0386881 0.0876403 9.9982E-05 0.242767 0.469897 0.160808 9.9982E-05
0.0597676 0.0507018 0.0763449 0.208696 9.9991E-05 0.0879517 0.516438
9.9982E-05 0.0885644 0.0429583 0.230518 0.277915 9.9982E-05 0.359844
9.9982E-05 0.101752 0.0263814 0.227658 0.188823 9.9982E-05 0.455186
0.10783 0.12691 0.0246596 0.023479 0.132867 0.0354436 0.54881
0.290175 9.9991E-05 0.00335359 0.0646632 0.198246 0.238093 0.20537
0.510298 9.9964E-05 9.9964E-05 9.9964E-05 0.332223 0.157079 9.9964E-05
0.449951 9.9964E-05 9.9964E-05 9.9964E-05 0.458364 0.0912858 9.9964E-05
0.404092 9.9973E-05 9.9973E-05 9.9973E-05 0.17928 0.304785 0.111544
9.9973E-05 0.0445754 0.0243011 9.9973E-05 0.245502 9.9973E-05 0.685321
0.0423465 0.177203 0.0469945 9.9991E-05 0.169099 0.125323 0.438935
9.9973E-05 0.0588272 9.9973E-05 0.0696573 9.9973E-05 0.747229 0.123987
0.0101512 0.101821 0.000485156 0.123236 9.9991E-05 0.445294 0.318912
0.0327305 9.9991E-05 0.118726 0.0441878 0.101121 0.441021 0.262114
9.9973E-05 0.102553 9.9973E-05 0.0129814 0.473222 9.9973E-05 0.410943
0.037531 0.0965572 0.0723685 0.0997376 0.142944 0.0822284 0.468633
9.9982E-05 0.101914 0.0184261 9.9982E-05 0.615926 0.0137671 0.249767
0.0463932 0.174694 0.00886465 0.0110983 0.217268 0.021395 0.520286
0.0397579 0.0750943 9.9982E-05 0.047261 0.287321 9.9982E-05 0.550366
0.00725163 9.9991E-05 0.0366858 0.0127125 0.283336 0.0458108 0.614103
9.9973E-05 0.0480001 9.9973E-05 0.141226 0.539231 9.9973E-05 0.271243
9.9982E-05 0.159002 0.00203772 9.9982E-05 0.184102 0.0791215 0.575537
0.0548782 0.0117429 0.044965 0.0410668 0.210716 9.9991E-05 0.636531
9.9973E-05 0.00205026 9.9973E-05 9.9973E-05 0.0395725 0.934355 0.0237223
9.9964E-05 9.9964E-05 0.0285916 9.9964E-05 9.9964E-05 0.944524 0.0264842
0.107007 0.00395528 9.9982E-05 0.0515167 9.9982E-05 0.569615 0.267707
0.0750253 9.9964E-05 9.9964E-05 9.9964E-05 9.9964E-05 0.595258 0.329316
9.9973E-05 0.04952 9.9973E-05 9.9973E-05 0.0270207 0.81539 0.107769
9.995E-05 9.995E-05 9.995E-05 9.995E-05 9.995E-05 0.9994 9.995E-05
9.9955E-05 9.9955E-05 0.0286706 9.9955E-05 9.9955E-05 0.97083 9.9955E-05
9.9955E-05 9.9955E-05 9.9955E-05 9.9955E-05 9.9955E-05 0.84213 0.15737
9.9955E-05 9.9955E-05 9.9955E-05 0.0578368 9.9955E-05 0.941663 9.9955E-05
9.995E-05 9.995E-05 9.995E-05 9.995E-05 9.995E-05 0.9994 9.995E-05
9.995E-05 9.995E-05 9.995E-05 9.995E-05 9.995E-05 0.9994 9.995E-05
9.9973E-05 9.9973E-05 9.9973E-05 0.0738468 0.0291905 0.771441 0.125222
0.0458425 9.9982E-05 0.0623033 0.0233051 9.9982E-05 0.852328 0.0160211
9.9955E-05 0.0469821 9.9955E-05 9.9955E-05 9.9955E-05 0.952518 9.9955E-05
9.9982E-05 0.083402 0.069311 0.183341 9.9982E-05 0.431139 0.232606
0.0543588 0.0458777 0.0542864 0.0444075 9.9991E-05 0.631857 0.169113
0.0156592 9.9973E-05 9.9973E-05 9.9973E-05 0.0238995 0.738641 0.2215
0.00860126 9.9973E-05 0.0283054 9.9973E-05 9.9973E-05 0.886974 0.0758194
9.9955E-05 9.9955E-05 9.9955E-05 9.9955E-05 9.9955E-05 0.993818 0.00568185
0.00921942 9.9982E-05 0.00815565 9.9982E-05 0.0307898 0.877762 0.0738734
0.00235228 9.9955E-05 9.9955E-05 9.9955E-05 9.9955E-05 0.997148 9.9955E-05
0.0107903 9.9991E-05 0.084717 0.0565567 0.0160324 0.706133 0.125671
0.00978499 0.0745562 0.00882173 9.9982E-05 9.9982E-05 0.892462 0.0141748
0.36661 9.9973E-05 9.9973E-05 0.0104572 0.570745 0.0518875 9.9973E-05
0.131215 0.0295475 0.172194 9.9991E-05 0.16228 0.0371171 0.467547
0.204505 9.9982E-05 0.0972819 9.9982E-05 0.211904 0.00489867 0.48121
0.214361 9.9982E-05 0.0257603 9.9982E-05 0.399079 0.105828 0.254771
0.126155 0.0621327 0.0602786 9.9991E-05 0.132239 0.158501 0.460593
0.238198 9.9982E-05 9.9982E-05 0.0732139 0.387957 0.0716444 0.228787
0.178577 0.226179 0.033596 9.9991E-05 0.108569 0.122922 0.330057
0.105533 9.9982E-05 0.0671251 9.9982E-05 0.314433 0.172917 0.339792
0.174831 9.9973E-05 9.9973E-05 9.9973E-05 0.196059 0.127315 0.501495
0.130388 9.9973E-05 9.9973E-05 9.9973E-05 0.243113 0.181837 0.444363
0.176239 0.0361976 9.9991E-05 0.124161 0.0837523 0.0627405 0.51681
0.82576 9.9973E-05 0.0597051 9.9973E-05 0.0279225 9.9973E-05 0.0863129
0.900129 9.9973E-05 0.0148424 9.9973E-05 0.0346883 0.0500407 9.9973E-05
0.936706 0.0094173 0.0516928 9.9973E-05 9.9973E-05 9.9973E-05 0.0018844
0.934097 9.9964E-05 0.0432752 9.9964E-05 9.9964E-05 9.9964E-05 0.022228
0.891706 9.9982E-05 0.0518901 0.0120431 9.9982E-05 0.0065124 0.0376489
0.877995 9.9973E-05 9.9973E-05 0.0470623 0.0186677 0.0559748 9.9973E-05
0.861124 0.0237156 9.9982E-05 0.00325619 9.9982E-05 0.0970521 0.0146521
0.875044 9.9982E-05 0.00185632 0.00737257 0.114272 9.9982E-05 0.00125528
0.897747 0.00658526 9.9991E-05 0.0223534 0.021471 0.0247642 0.0269793
0.82564 9.9982E-05 9.9982E-05 0.0599928 0.0295908 0.0804098 0.00416703
0.612594 0.103264 0.132849 0.138643 0.0124499 9.9982E-05 9.9982E-05
0.601573 0.0225816 0.173464 0.17926 0.0229221 9.9982E-05 9.9982E-05
0.507651 9.9973E-05 0.109584 0.221049 0.161417 9.9973E-05 9.9973E-05
0.510507 0.031717 0.102667 0.295477 0.0594318 9.9982E-05 9.9982E-05
0.0488915 0.274274 0.035675 0.133266 9.9982E-05 9.9982E-05 0.507693
9.9973E-05 0.355736 9.9973E-05 0.225773 9.9973E-05 0.0482695 0.369921
0.0108092 0.155128 0.0700437 0.206794 0.0556375 0.0756376 0.425949
0.0224672 0.244486 0.080994 0.321336 9.9982E-05 9.9982E-05 0.330517
9.9973E-05 0.167322 0.266024 0.528977 9.9973E-05 0.0373767 9.9973E-05
0.0206431 0.226548 9.9991E-05 0.066679 0.0998077 0.0893888 0.496833
9.9982E-05 0.349308 0.0901208 0.0363781 9.9982E-05 0.00358538 0.520408
0.0218978 0.336266 0.00110121 0.107306 0.0914328 0.0250823 0.416914
9.9973E-05 0.629973 9.9973E-05 9.9973E-05 0.0744149 0.0540382 0.241274
0.0517714 0.174134 0.130311 0.0537115 9.9982E-05 9.9982E-05 0.589872
9.9973E-05 0.439864 0.109805 0.0898246 9.9973E-05 9.9973E-05 0.360207
9.9964E-05 0.684288 0.0222372 9.9964E-05 0.293075 9.9964E-05 9.9964E-05
0.0200721 0.194034 0.0792655 0.091199 0.110643 9.9991E-05 0.504687
9.9982E-05 0.451459 9.9982E-05 0.0953646 0.216808 0.0350265 0.201142
9.9982E-05 0.434493 9.9982E-05 0.0541601 0.0334792 0.0471674 0.4305
0.0446429 0.772476 0.0980626 0.0801455 0.00447319 9.9982E-05 9.9982E-05
0.0590498 0.0187416 0.833105 9.9991E-05 0.0551928 0.00416092 0.0296499
0.0220728 9.9973E-05 0.785277 9.9973E-05 0.0991549 9.9973E-05 0.0931952
9.9964E-05 0.00394122 0.936103 9.9964E-05 0.0595564 9.9964E-05 9.9964E-05
0.0619083 0.0684867 0.799501 9.9973E-05 0.0698041 9.9973E-05 9.9973E-05
9.9973E-05 9.9973E-05 0.84144 9.9973E-05 0.0670147 0.0476179 0.0436271
9.9964E-05 9.9964E-05 0.882097 9.9964E-05 9.9964E-05 0.0786341 0.0388686
0.882752 9.9973E-05 9.9973E-05 9.9973E-05 0.013149 0.00227729 0.101522
0.776789 9.9973E-05 0.044948 0.0976925 9.9973E-05 0.0802701 9.9973E-05
0.76151 9.9973E-05 9.9973E-05 0.0275153 9.9973E-05 0.109444 0.101231
0.728201 9.9973E-05 0.0373252 0.080588 9.9973E-05 0.153586 9.9973E-05
0.728694 9.9982E-05 0.0760445 9.9982E-05 0.00264532 0.148508 0.0439082
0.40056 0.051475 0.496314 0.0306054 0.0208462 9.9982E-05 9.9982E-05
0.45017 0.0436342 0.429729 9.9973E-05 0.0761669 9.9973E-05 9.9973E-05
0.415378 0.149748 0.434474 9.9964E-05 9.9964E-05 9.9964E-05 9.9964E-05
0.821722 9.9964E-05 9.9964E-05 0.0383102 9.9964E-05 9.9964E-05 0.139568
0.342731 0.0717765 0.527224 9.9973E-05 0.0579687 9.9973E-05 9.9973E-05
0.167783 9.9982E-05 9.9982E-05 0.117857 0.0780073 0.36542 0.270732
0.105956 9.9991E-05 0.0378023 0.0602899 0.0661966 0.256012 0.473644
0.206526 9.9964E-05 9.9964E-05 9.9964E-05 9.9964E-05 0.197467 0.595607
0.240654 0.0326526 0.0156916 9.9991E-05 0.122153 0.201096 0.387653
0.137462 0.0807812 9.9991E-05 0.102254 0.00872918 0.11811 0.552563
0.447627 9.9964E-05 9.9964E-05 9.9964E-05 0.243373 0.3086 9.9964E-05
9.9982E-05 0.172275 0.0603033 0.354545 0.0532946 9.9982E-05 0.359382
9.9991E-05 0.13513 0.123404 0.113363 0.296663 0.0222733 0.309068
0.0973154 9.9982E-05 0.0427919 0.683351 0.0204684 9.9982E-05 0.155874
0.0162813 0.110635 0.0147261 0.269578 0.136688 9.9991E-05 0.451992
9.9973E-05 0.131343 0.029928 0.213377 0.625053 9.9973E-05 9.9973E-05
0.158225 9.9982E-05 9.9982E-05 0.148046 0.0915118 0.0175799 0.584438
9.9982E-05 0.169575 9.9982E-05 0.188018 0.171104 0.0414113 0.429691
0.07931 0.0615304 0.0367666 0.582482 9.9982E-05 9.9982E-05 0.239711
0.0746301 0.0885589 0.0714508 0.172806 0.0564978 0.0290501 0.507006
9.9973E-05 0.0620662 9.9973E-05 0.477117 0.377124 9.9973E-05 0.0833926
9.9991E-05 0.0019093 0.205806 0.161786 0.117669 0.0243267 0.488403
9.9982E-05 0.0843913 0.133843 0.300628 9.9982E-05 0.0125281 0.46841
0.127151 0.131651 0.0366845 0.0991428 0.106128 0.252958 0.246284
9.9973E-05 9.9973E-05 0.0641637 0.390425 0.198527 9.9973E-05 0.346584
9.9991E-05 0.141429 0.125933 0.212905 0.0952057 0.0619836 0.362444
9.9982E-05 0.010872 9.9982E-05 0.245973 0.180077 0.145461 0.417416
0.01077 0.178604 0.0540311 0.248025 0.0822822 0.0046458 0.421641
0.0108171 0.00284677 0.0696579 0.256931 9.9982E-05 9.9982E-05 0.659547
0.0719844 0.181797 0.0175181 0.140064 0.0263069 0.0409029 0.521426
0.0824901 9.9991E-05 0.00328669 0.323154 0.0251117 0.0778029 0.488055
0.755793 9.9964E-05 9.9964E-05 9.9964E-05 9.9964E-05 0.0724761 0.171331
0.827548 0.03863 9.9982E-05 9.9982E-05 0.0205242 0.0524636 0.0606339
0.775527 0.081674 0.0455401 9.9991E-05 0.052083 0.00335057 0.0417257
0.820576 0.125948 0.0280181 9.9973E-05 9.9973E-05 0.0251579 9.9973E-05
0.848916 0.0193462 9.9973E-05 9.9973E-05 9.9973E-05 0.0392983 0.0921398
0.0262457 9.9991E-05 0.150261 0.732186 0.00450535 0.0128007 0.0739014
0.0286321 9.9991E-05 0.0765359 0.357644 0.0171659 0.0166242 0.503298
0.162659 0.0963062 0.0368155 9.9991E-05 0.134225 0.170221 0.399674
0.00525838 0.0143928 0.0307988 0.228542 0.000605567 0.0762565 0.644146
0.0739605 0.0873969 0.152954 0.221841 9.9991E-05 0.0537372 0.41001
9.9982E-05 9.9982E-05 0.103421 0.399145 0.239033 0.0253521 0.232849
0.138146 9.9973E-05 0.247843 0.535777 0.0779342 9.9973E-05 9.9973E-05
0.0378655 0.0286531 0.143312 0.252318 0.0054223 9.9991E-05 0.532329
0.121464 0.0149836 0.171996 0.479632 0.128209 9.9991E-05 0.0836151
9.9991E-05 0.139497 0.033189 0.185021 0.184491 0.0749956 0.382706
0.111664 0.0672476 0.15533 0.575117 0.0462356 0.0112017 0.0332039
0.0529293 9.9982E-05 0.129338 0.200874 9.9982E-05 0.0947051 0.521954
0.105489 0.0600626 0.156303 0.533671 0.051316 9.9991E-05 0.0930576
0.0314744 9.9982E-05 0.0941272 0.356185 0.17493 9.9982E-05 0.343083
0.0411101 0.0731433 0.0677408 0.141169 0.121527 9.9991E-05 0.55521
9.9973E-05 9.9973E-05 0.0851033 9.9973E-05 0.523306 0.0153342 0.375957
0.0465288 0.0148169 0.0187489 0.0768249 0.199051 0.0799532 0.564076
0.0768928 0.00345838 0.0407807 0.120664 0.111862 0.00632172 0.64002
9.9973E-05 9.9973E-05 0.117679 0.10605 0.399384 9.9973E-05 0.376588
0.0959613 0.120743 0.0808699 0.0425328 0.0915801 0.0241155 0.544197
9.9964E-05 0.136728 9.9964E-05 9.9964E-05 0.284019 9.9964E-05 0.578853
9.9973E-05 0.112457 0.16448 9.9973E-05 0.599207 9.9973E-05 0.123556
9.9973E-05 0.0138856 0.0407304 9.9973E-05 0.629243 9.9973E-05 0.315841
0.00610722 9.9973E-05 0.118476 9.9973E-05 0.320672 9.9973E-05 0.554445
9.9973E-05 0.132859 0.121139 9.9973E-05 0.524284 9.9973E-05 0.221418
9.9982E-05 0.0148227 0.0557973 0.279738 0.19761 9.9982E-05 0.451832
0.0463411 0.124635 0.119087 0.683156 0.0093653 0.0173151 9.9991E-05
9.9991E-05 0.0332701 0.101131 0.440847 0.228717 0.00348273 0.192453
9.9982E-05 0.151841 0.0551044 0.550659 9.9982E-05 0.152721 0.089475
9.9991E-05 0.0709619 0.159164 0.141885 0.00349302 0.102277 0.522119
9.9973E-05 0.167464 0.155183 0.511618 9.9973E-05 9.9973E-05 0.165436
0.0608394 9.9991E-05 0.119984 0.198777 0.07534 0.0294619 0.515497
0.0336044 0.0931197 0.0830811 0.317562 9.9991E-05 0.122293 0.35024
0.0553381 9.9982E-05 0.0996794 0.400617 9.9982E-05 0.00306966 0.441095
0.017486 0.0554004 0.0995648 0.326205 9.9991E-05 0.107487 0.393757
0.00951885 0.248206 0.175082 0.172758 9.9991E-05 0.120322 0.274013
9.9982E-05 0.100285 0.0963528 0.658478 9.9982E-05 0.116051 0.0286341
9.9982E-05 0.081181 0.193442 0.430558 9.9982E-05 0.201018 0.0936012
9.9982E-05 0.0190793 0.0637574 0.274114 9.9982E-05 0.0312535 0.611596
0.0315258 0.110886 0.0348354 0.182325 0.0824345 0.0386938 0.5193
0.074643 0.103826 0.0348379 0.330018 0.0772284 9.9991E-05 0.379347
0.00983803 0.043611 0.0462282 0.429244 0.02012 0.0623922 0.388566
0.0497835 9.9991E-05 0.187735 0.382424 0.00192214 0.0634133 0.314623
9.9982E-05 0.114407 0.126569 0.209737 9.9982E-05 0.0142684 0.534818
0.0330003 0.0999991 0.172049 0.24817 9.9991E-05 0.0406767 0.406005
0.0358767 0.0770456 0.158188 0.173226 0.0411216 0.0686581 0.445884
0.351795 0.00291685 0.0113499 0.184212 9.9991E-05 0.077821 0.371805
0.121059 0.112373 9.9991E-05 0.0918635 0.0498762 0.249071 0.375657
0.208562 0.0420001 0.0663402 9.9991E-05 0.0569722 0.113257 0.512769
0.105115 9.9982E-05 9.9982E-05 0.216211 0.0153147 0.102509 0.56065
0.171783 0.131673 9.9982E-05 0.0776748 9.9982E-05 0.173558 0.445111
9.9973E-05 9.9973E-05 9.9973E-05 0.404155 0.213215 0.0242628 0.358067
0.162363 0.159125 0.0306556 9.9982E-05 9.9982E-05 0.145426 0.50223
0.220649 0.0539359 9.9982E-05 0.122789 0.453533 0.148894 9.9982E-05
0.0615017 0.0159393 9.9991E-05 0.260973 0.0268196 0.129418 0.505248
0.115459 0.034304 0.0720793 0.0544253 0.0346524 0.164229 0.524851
0.13719 0.0707774 0.0118049 0.172869 0.0149524 0.18265 0.409757
0.17825 0.0145669 9.9991E-05 0.269694 0.16798 0.134055 0.235355
0.216415 0.0728161 9.9991E-05 0.0591233 0.0237202 0.109391 0.518435
0.164829 9.9973E-05 9.9973E-05 9.9973E-05 0.0621405 0.106502 0.666229
0.497229 9.9964E-05 9.9964E-05 9.9964E-05 0.315104 0.187267 9.9964E-05
0.199691 0.0576329 0.0345186 0.0145763 9.9991E-05 0.265913 0.427569
0.177284 9.9982E-05 0.00646084 9.9982E-05 0.0880564 0.112419 0.615579
0.062931 9.9982E-05 9.9982E-05 0.150914 0.089461 0.148125 0.548368
0.229951 9.9982E-05 9.9982E-05 0.0543087 0.0551763 0.168771 0.491593
0.13744 0.0339908 0.127986 9.9991E-05 0.0857043 0.156066 0.458713
0.0385642 0.138652 0.00865969 9.9982E-05 0.249028 9.9982E-05 0.564897
9.9991E-05 0.060392 0.0155352 0.164124 0.142393 0.0946202 0.522836
9.9964E-05 0.290013 9.9964E-05 0.211019 0.498568 9.9964E-05 9.9964E-05
9.9982E-05 0.150717 0.0119082 0.0902369 0.667736 9.9982E-05 0.0792024
0.0449801 0.068215 9.9991E-05 0.277273 0.14422 0.118951 0.34626
0.0776822 9.9991E-05 0.00264126 0.169846 0.0584689 0.349702 0.34156
0.0954186 0.00431969 9.9982E-05 9.9982E-05 0.206222 0.379633 0.314207
0.233444 0.0232048 0.00858169 0.0354819 0.222723 0.273727 0.202838
0.204636 9.9982E-05 9.9982E-05 0.0742198 0.125588 0.296311 0.299045
0.0626319 9.9982E-05 9.9982E-05 0.0189615 0.632771 0.0216395 0.263796
0.125819 0.0124102 9.9982E-05 9.9982E-05 0.50748 0.0557283 0.298363
9.9982E-05 0.144795 0.0209997 9.9982E-05 0.172251 0.109958 0.551796
0.0581585 0.101859 9.9982E-05 9.9982E-05 0.231921 0.0318299 0.576032
0.0731223 0.183643 9.9982E-05 9.9982E-05 0.435895 0.0816847 0.225455
0.0778032 0.132684 0.0701642 0.0829622 0.0331102 0.0448401 0.558436
0.0368456 0.108264 9.9982E-05 9.9982E-05 0.203422 0.0415344 0.609733
0.0909262 9.9982E-05 0.119393 9.9982E-05 0.158264 0.137631 0.493585
9.9982E-05 0.123778 0.0261966 0.113183 0.395793 9.9982E-05 0.340849
9.9982E-05 0.181356 0.00082211 0.10455 0.318869 9.9982E-05 0.394203
0.00384043 0.0924457 0.098674 0.0345899 0.160028 0.0661978 0.544224
0.038055 0.178811 0.134238 9.9991E-05 0.215893 0.0158834 0.41702
0.0615432 9.9991E-05 0.0689106 0.092146 0.259596 0.112945 0.404759
9.9973E-05 0.0470445 9.9973E-05 0.118973 0.341605 9.9973E-05 0.492077
9.9982E-05 0.138368 0.0783854 0.0656031 0.457669 9.9982E-05 0.259774
0.0143536 0.178826 9.9973E-05 9.9973E-05 0.19633 9.9973E-05 0.610191
9.9973E-05 0.196956 9.9973E-05 0.0620592 0.435904 9.9973E-05 0.304781
9.9973E-05 0.0893645 9.9973E-05 9.9973E-05 0.408851 0.0557189 0.445765
0.0762364 0.177863 0.062836 9.9991E-05 0.0729389 0.0391626 0.570863
0.0170719 0.199709 0.0377924 0.0863751 0.166611 9.9991E-05 0.492341
0.192823 9.9982E-05 9.9982E-05 0.110798 0.0764421 0.0966289 0.523108
0.135152 0.0981256 0.0265349 0.0819433 0.124507 0.120154 0.413583
0.186972 9.9991E-05 0.0491591 0.0103955 0.16219 0.219424 0.37176
0.177327 0.0178885 0.0194293 0.0865134 0.175833 0.136982 0.386028
0.139781 0.0903808 0.0775553 0.0656369 0.0531039 0.112344 0.461198
0.0895701 0.0891661 0.0249648 0.042649 0.176838 0.131666 0.445146
0.150336 9.9982E-05 0.128629 9.9982E-05 0.533867 0.174701 0.0122661
0.0889204 0.090852 0.0338119 9.9991E-05 0.00124958 0.156273 0.628793
0.332823 9.9964E-05 9.9964E-05 9.9964E-05 0.512792 0.153986 9.9964E-05
0.0650652 9.9982E-05 9.9982E-05 0.0495383 0.125859 0.189943 0.569394
9.9964E-05 0.23974 9.9964E-05 9.9964E-05 0.595773 9.9964E-05 0.164086
9.9964E-05 0.291511 9.9964E-05 0.0726928 0.635396 9.9964E-05 9.9964E-05
9.9973E-05 0.143855 9.9973E-05 0.10001 0.251126 9.9973E-05 0.504709
9.9973E-05 9.9973E-05 9.9973E-05 0.0321327 0.229025 0.045034 0.693508
9.9973E-05 0.079161 9.9973E-05 0.136421 0.377799 9.9973E-05 0.40632
9.9973E-05 0.246128 9.9973E-05 9.9973E-05 0.227488 0.0122986 0.513786
9.9982E-05 0.138141 0.0111313 0.0764898 0.201485 9.9982E-05 0.572553
0.772732 0.0341158 9.9982E-05 0.0867303 9.9982E-05 0.0691209 0.0371008
0.713659 0.0366016 0.121088 9.9982E-05 0.0129435 0.115508 9.9982E-05
0.899503 9.9973E-05 0.00421206 0.0460542 9.9973E-05 0.0499303 9.9973E-05
0.930636 9.9955E-05 9.9955E-05 9.9955E-05 9.9955E-05 9.9955E-05 0.0688646
9.9991E-05 0.482442 0.0136185 0.0427466 0.0324209 0.041586 0.387086
0.0353423 0.479568 0.0179052 0.0713807 9.9991E-05 0.0906564 0.305048
9.9973E-05 0.471566 0.0250028 0.0734487 9.9973E-05 9.9973E-05 0.429683
0.0817929 0.435704 9.9982E-05 0.0687561 9.9982E-05 0.0137962 0.39975
9.9982E-05 0.104217 0.192491 9.9982E-05 0.111964 0.0691022 0.522025
0.0919292 0.605912 0.061283 0.0412161 0.0383507 9.9991E-05 0.161209
9.9964E-05 0.503168 9.9964E-05 9.9964E-05 9.9964E-05 0.0852687 0.411164
9.9964E-05 0.549772 9.9964E-05 9.9964E-05 0.194658 9.9964E-05 0.25517
0.259873 9.9982E-05 0.0046371 0.139618 9.9982E-05 0.137932 0.45774
9.9973E-05 0.377794 9.9973E-05 0.106638 0.0507886 9.9973E-05 0.464479
9.9964E-05 0.576471 0.121801 9.9964E-05 9.9964E-05 9.9964E-05 0.301329
9.9973E-05 0.416581 9.9973E-05 0.0936948 9.9973E-05 0.0260775 0.463346
9.9982E-05 0.437642 0.0374383 0.0590382 0.0570996 9.9982E-05 0.408582
9.9973E-05 0.442188 9.9973E-05 9.9973E-05 0.0299722 0.0392478 0.488292
0.0455518 0.451372 9.9973E-05 9.9973E-05 9.9973E-05 0.0406816 0.462094
9.9955E-05 0.871477 9.9955E-05 9.9955E-05 0.128023 9.9955E-05 9.9955E-05
0.00148373 0.553486 0.0248006 0.0418253 0.195892 0.00675622 0.175756
0.00795288 0.53706 0.0743129 9.9982E-05 0.0496777 9.9982E-05 0.330797
9.9955E-05 0.650411 9.9955E-05 9.9955E-05 0.349089 9.9955E-05 9.9955E-05
0.0147354 0.405714 0.114815 0.0742313 0.0126145 0.0282356 0.349654
9.9973E-05 0.565688 0.0405269 9.9973E-05 0.304608 9.9973E-05 0.0888772
9.9955E-05 0.617079 9.9955E-05 9.9955E-05 0.382421 9.9955E-05 9.9955E-05
0.0369346 0.25083 0.0607311 0.00747783 0.031566 0.0376246 0.574836
0.0574299 0.658727 0.0305926 0.0986224 0.0129772 9.9991E-05 0.141551
9.9982E-05 0.520547 0.0905184 0.00425835 9.9982E-05 0.121751 0.262726
0.0396018 0.162637 0.0763922 9.9991E-05 0.0134223 0.0526702 0.655176
0.0214032 0.420532 0.0185931 0.085092 9.9991E-05 0.0189314 0.435349
9.9973E-05 9.9973E-05 9.9973E-05 0.479323 0.216708 0.0571998 0.24647
9.9991E-05 0.446953 0.0311922 0.0178279 0.021488 0.0746954 0.407743
0.0351969 0.318678 0.0510325 0.16492 9.9982E-05 9.9982E-05 0.429972
9.9964E-05 0.621524 9.9964E-05 9.9964E-05 0.126195 9.9964E-05 0.251881
0.0290288 0.336672 0.0875128 9.9982E-05 9.9982E-05 0.107687 0.438899
0.61093 0.0326482 0.240039 0.0261629 0.0745104 9.9991E-05 0.0156092
0.727367 0.0453958 0.0817828 0.00586811 0.0561552 9.9991E-05 0.0833313
0.824175 0.0131998 0.105266 9.9973E-05 0.0570601 9.9973E-05 9.9973E-05
0.794848 9.9964E-05 0.127712 9.9964E-05 0.0770408 9.9964E-05 9.9964E-05
0.725386 0.00830688 0.179854 0.0668139 9.9982E-05 9.9982E-05 0.0194395
0.0507092 0.775281 0.00827734 0.161158 9.9982E-05 0.00437395 9.9982E-05
0.0547056 0.659327 0.00140997 0.151998 0.0740461 9.9991E-05 0.0584135
9.9964E-05 0.773234 9.9964E-05 9.9964E-05 0.129529 9.9964E-05 0.0968375
0.139404 0.105652 0.00563214 9.9982E-05 0.113435 9.9982E-05 0.635677
0.144854 0.171578 0.0818837 9.9991E-05 0.0180072 0.0659583 0.517619
9.9982E-05 0.589366 9.9982E-05 0.0137453 0.109952 0.069676 0.21706
0.00635856 0.30635 9.9982E-05 9.9982E-05 0.0746315 0.0819398 0.53052
0.022677 0.454876 9.9973E-05 9.9973E-05 0.0780488 9.9973E-05 0.444099
0.01562 0.315841 0.0265704 0.0488505 0.0831611 9.9991E-05 0.509857
0.0429589 0.319592 0.0483633 0.0444034 9.9991E-05 0.0636922 0.48089
9.9991E-05 0.680547 0.0916385 0.0262322 0.0415249 0.069326 0.0906318
9.9964E-05 0.623461 9.9964E-05 0.144487 9.9964E-05 9.9964E-05 0.231652
9.9973E-05 0.54178 0.0622639 0.149444 9.9973E-05 9.9973E-05 0.246212
0.0678601 9.9982E-05 0.0515749 0.0264901 0.204114 9.9982E-05 0.649761
0.0363761 0.568122 0.0166579 0.0987581 9.9991E-05 0.00247935 0.277507
9.9982E-05 0.48343 0.0443239 0.067116 9.9982E-05 0.0551162 0.349814
9.9982E-05 0.0233449 0.0264385 0.0645029 9.9982E-05 0.433352 0.452162
0.12038 0.0651792 9.9982E-05 9.9982E-05 0.0336937 0.429503 0.351044
0.0744154 0.00919791 9.9991E-05 0.0173447 0.000279283 0.444712 0.45395
0.159256 9.9973E-05 9.9973E-05 9.9973E-05 0.0426525 0.421289 0.376503
0.14515 0.0694605 0.0349828 9.9982E-05 9.9982E-05 0.357999 0.392208
0.0144897 0.273191 9.9982E-05 9.9982E-05 0.246569 0.0592377 0.406313
0.261511 9.9982E-05 9.9982E-05 0.00306908 0.0435243 0.63096 0.0607357
0.158054 0.0248076 9.9973E-05 9.9973E-05 9.9973E-05 0.496766 0.320073
0.0739836 0.131173 0.065246 9.9991E-05 0.159212 0.189194 0.381092
0.180609 9.9973E-05 9.9973E-05 0.0828158 0.144441 9.9973E-05 0.591834
0.0855109 0.0454325 0.13339 9.9991E-05 0.25621 0.0476511 0.431706
0.107444 0.0356519 0.0942021 9.9991E-05 0.145051 0.029156 0.588395
0.0313751 0.114205 0.121496 0.119975 0.0470708 0.0677469 0.498132
0.190378 9.9964E-05 9.9964E-05 9.9964E-05 9.9964E-05 0.501247 0.307975
0.142174 9.9982E-05 0.0264215 0.116566 9.9982E-05 0.410095 0.304544
0.0691631 9.9973E-05 0.0056202 9.9973E-05 9.9973E-05 0.517618 0.407299
0.0463772 0.0773013 0.0569938 0.0189058 0.0699705 0.304059 0.426393
0.128593 9.9982E-05 0.0113142 0.0774783 9.9982E-05 0.570375 0.21204
0.148504 0.0987295 9.9982E-05 0.0470357 9.9982E-05 0.283273 0.422257
0.0881698 0.0235467 9.9991E-05 0.0251787 0.0483514 0.586527 0.228126
0.0573388 0.0617507 0.00955245 0.146538 9.9991E-05 0.362039 0.362681
0.0536431 9.9973E-05 0.0394285 9.9973E-05 0.259021 9.9973E-05 0.647608
0.149872 0.091568 0.0679686 9.9991E-05 0.0476218 0.391138 0.251732
0.144407 9.9973E-05 9.9973E-05 9.9973E-05 0.0211371 0.661527 0.172629
0.107729 9.9991E-05 0.0263259 0.0981131 0.0199035 0.427025 0.320803
0.117658 0.0884896 0.214676 0.0909633 0.26571 9.9991E-05 0.222404
0.0239141 0.032707 0.0485359 0.122765 0.159442 0.0594965 0.55314
0.155413 9.9982E-05 0.0882489 0.133655 9.9982E-05 0.300072 0.322411
0.11314 9.9982E-05 0.0589472 0.0326703 0.0995086 9.9982E-05 0.695534
0.159281 0.0764438 0.0416297 9.9991E-05 0.149518 0.0129696 0.560058
0.169767 0.110401 0.00503241 0.0669336 0.0778395 0.263236 0.30679
0.294486 9.9982E-05 9.9982E-05 0.0980662 0.0954669 0.202612 0.30917
0.161216 0.123344 0.0590133 0.0673314 9.9991E-05 0.173531 0.415464
0.0980263 0.132989 9.9982E-05 0.07478 9.9982E-05 0.405099 0.288906
0.0413925 9.9982E-05 9.9982E-05 0.120855 0.0246748 0.417578 0.3953
0.200583 9.9973E-05 9.9973E-05 9.9973E-05 0.0074591 0.579571 0.212087
0.047606 0.0430031 0.134949 0.0402794 0.0812241 0.100293 0.552646
0.116282 0.147775 0.0508034 0.151812 0.121754 9.9991E-05 0.411474
0.0977271 9.9973E-05 0.0533951 9.9973E-05 0.582923 9.9973E-05 0.265655
0.0582921 0.0987227 0.0796522 9.9991E-05 0.103498 0.102998 0.556737
0.120313 0.0870646 0.207498 0.130713 0.107467 0.0370255 0.309919
0.151589 0.0737983 9.9991E-05 0.0937597 0.122725 0.122152 0.435876
0.0972037 0.0651531 0.0610082 0.0588856 0.126836 0.121073 0.469841
0.28823 9.9964E-05 9.9964E-05 9.9964E-05 0.524629 0.186741 9.9964E-05
0.282305 9.9964E-05 9.9964E-05 9.9964E-05 0.585117 0.132178 9.9964E-05
0.116097 9.9991E-05 0.0631352 0.114265 0.298741 0.13782 0.269841
0.26817 9.9982E-05 9.9982E-05 0.0651811 0.405445 0.241205 0.0197981
0.404656 9.9964E-05 9.9964E-05 9.9964E-05 0.392304 0.20264 9.9964E-05
0.111529 9.9982E-05 9.9982E-05 0.0719575 0.297136 0.126013 0.393164
0.167252 0.0161686 9.9991E-05 0.156374 0.14177 0.157909 0.360428
0.202333 0.0184663 0.018661 0.0788532 0.282393 0.219273 0.18002
0.305596 9.9973E-05 9.9973E-05 9.9973E-05 0.40247 0.152271 0.139363
0.140136 9.9982E-05 9.9982E-05 0.092524 0.168344 0.113529 0.485267
0.147992 0.00548462 9.9991E-05 0.142396 0.421478 0.167917 0.114632
0.423 9.9964E-05 9.9964E-05 9.9964E-05 0.518936 0.0576642 9.9964E-05
0.18592 0.0179542 9.9991E-05 0.131836 0.0932052 0.164445 0.40654
0.140767 9.9991E-05 0.0102452 0.120422 0.196397 0.206454 0.325614
0.269184 0.114502 0.00733018 0.0574822 9.9991E-05 0.141879 0.409522
0.136934 9.9973E-05 9.9973E-05 0.00544714 9.9973E-05 0.273628 0.583691
0.185454 0.0497874 9.9991E-05 0.0759307 0.0130656 0.178113 0.49755
0.0808677 9.9991E-05 0.0227789 0.0855935 0.13536 0.268593 0.406706
0.348545 9.9982E-05 9.9982E-05 0.097687 0.0131924 0.210287 0.330088
0.198701 9.9973E-05 0.0643912 9.9973E-05 9.9973E-05 0.144444 0.592164
0.180517 0.00209817 0.0281835 0.0988304 9.9991E-05 0.303316 0.386955
0.225526 0.0217339 0.0141299 9.9991E-05 0.160673 0.219758 0.358079
0.167022 0.289176 9.9991E-05 0.149302 0.0834299 0.129652 0.181318
0.0863691 9.9991E-05 0.0791656 0.0631847 0.119294 0.0807841 0.571102
0.11123 0.199256 9.9991E-05 0.0724676 0.035149 0.111303 0.470495
0.126773 0.184323 0.044787 0.0579908 9.9991E-05 0.0962383 0.489788
0.271529 9.9982E-05 9.9982E-05 0.030627 0.0374092 0.22236 0.437875
0.187643 9.9991E-05 0.0411476 0.00633449 0.0420949 0.176634 0.546046
0.370955 0.0164835 9.9982E-05 9.9982E-05 0.227731 0.220346 0.164284
0.123974 9.9991E-05 0.0204798 0.139503 0.0407285 0.165593 0.509621
0.282239 0.00646227 9.9982E-05 9.9982E-05 0.192694 0.309455 0.208951
0.776064 0.0654845 0.138802 9.9973E-05 0.0193491 9.9973E-05 9.9973E-05
0.035703 9.9973E-05 0.661312 0.15481 9.9973E-05 9.9973E-05 0.147875
0.00285083 9.9964E-05 0.896359 0.100391 9.9964E-05 9.9964E-05 9.9964E-05
9.9955E-05 9.9955E-05 0.876055 0.123445 9.9955E-05 9.9955E-05 9.9955E-05
9.9973E-05 9.9973E-05 0.794429 0.174516 9.9973E-05 0.0263876 0.00436733
9.9973E-05 9.9973E-05 0.774481 0.200007 9.9973E-05 0.0119864 0.0132251
9.9964E-05 9.9964E-05 0.901286 0.00870711 9.9964E-05 9.9964E-05 0.0896072
9.9955E-05 9.9955E-05 0.877526 0.121974 9.9955E-05 9.9955E-05 9.9955E-05
0.138918 9.9973E-05 0.723036 0.105793 9.9973E-05 0.0319528 9.9973E-05
0.905323 9.9973E-05 0.01725 0.0229295 9.9973E-05 9.9973E-05 0.0541975
0.822412 0.000134343 0.102011 9.9973E-05 9.9973E-05 9.9973E-05 0.0751423
0.894437 0.00493523 9.9982E-05 9.9982E-05 0.0109091 0.0562585 0.0332601
0.815906 9.9973E-05 0.00428843 0.152064 0.0274416 9.9973E-05 9.9973E-05
0.903933 9.9964E-05 9.9964E-05 0.0629752 9.9964E-05 0.0326914 9.9964E-05
0.863804 0.0208773 0.0404957 9.9982E-05 0.0501341 0.0244887 9.9982E-05
0.739888 9.9982E-05 0.0711506 9.9982E-05 0.00750724 0.112117 0.0691372
0.854233 0.0287624 9.9982E-05 0.0218818 9.9982E-05 0.0574299 0.0374925
0.649942 0.0414674 0.143116 0.0815475 9.9982E-05 0.0837264 9.9982E-05
0.879133 0.0332116 9.9964E-05 9.9964E-05 9.9964E-05 0.0872558 9.9964E-05
0.950716 0.0325072 0.00202086 9.9973E-05 0.0144559 9.9973E-05 9.9973E-05
0.821678 0.00526955 9.9991E-05 0.0614127 0.0178492 0.0459342 0.0477566
0.896028 9.9964E-05 0.0955229 9.9964E-05 9.9964E-05 9.9964E-05 0.00804917
0.892233 9.9973E-05 9.9973E-05 9.9973E-05 0.0294062 0.0172775 0.0607834
0.859206 0.087921 0.000530164 9.9973E-05 9.9973E-05 0.0520426 9.9973E-05
0.834374 9.9964E-05 9.9964E-05 9.9964E-05 9.9964E-05 0.0523176 0.112908
0.759208 9.9982E-05 0.00992577 0.000932786 9.9982E-05 0.136994 0.0927394
0.772828 0.0185117 9.9973E-05 9.9973E-05 9.9973E-05 0.119537 0.0888234
0.809977 0.056713 9.9973E-05 9.9973E-05 9.9973E-05 0.0876712 0.0453384
0.10679 0.0903862 0.0842832 0.0674334 0.215522 0.0926746 0.342911
0.0524974 0.0905815 0.116724 9.9982E-05 0.068657 9.9982E-05 0.67134
0.112218 0.163669 0.0365623 0.0822605 0.0165473 0.0622432 0.526499
9.9964E-05 9.9964E-05 0.155036 9.9964E-05 0.609972 9.9964E-05 0.234592
0.128976 0.00527334 0.0940637 0.079448 0.128086 9.9991E-05 0.564053
0.133582 0.00388085 0.0583728 9.9991E-05 0.594704 0.0161567 0.193204
0.0571524 0.0136684 0.0415506 9.9982E-05 0.160269 9.9982E-05 0.72716
0.0466176 0.201152 0.128247 0.027225 0.180539 9.9991E-05 0.416118
0.0743334 0.0831397 0.114164 9.9991E-05 0.213938 0.020185 0.49414
0.0486045 0.400612 9.9991E-05 0.071505 0.0143098 0.0665787 0.39829
0.0341753 0.0686554 0.185652 9.9982E-05 0.233926 9.9982E-05 0.477391
0.0430718 9.9973E-05 0.0603096 9.9973E-05 0.193997 9.9973E-05 0.702321
0.0521077 0.0397002 0.135937 0.0384916 0.0911998 0.0248713 0.617692
9.9991E-05 0.108374 0.212519 0.386569 0.265926 0.00740355 0.0191083
9.9973E-05 0.036076 0.212081 9.9973E-05 0.7085 9.9973E-05 0.0430429
9.9964E-05 9.9964E-05 0.104419 9.9964E-05 0.63613 9.9964E-05 0.259052
0.064484 9.9991E-05 0.0636703 0.0839759 0.149859 0.053497 0.584414
0.126043 9.9982E-05 0.0379051 0.0973998 0.218446 9.9982E-05 0.520007
0.113498 0.040741 9.9982E-05 0.0756922 0.22526 9.9982E-05 0.544609
0.0493424 0.120009 9.9982E-05 9.9982E-05 0.0774142 0.0905421 0.662492
