0.0435427 9.9973E-05 0.0235569 0.861237 9.9973E-05 0.071363 9.9973E-05
0.051683 0.0754602 9.9964E-05 0.872457 9.9964E-05 9.9964E-05 9.9964E-05
0.0689023 9.9973E-05 9.9973E-05 0.772445 0.0619498 0.0964031 9.9973E-05
0.0809818 9.9982E-05 9.9982E-05 0.736834 0.0409716 0.0856207 0.0553923
0.0552924 0.00190139 9.9982E-05 0.842899 0.0160067 0.0837006 9.9982E-05
0.0766882 0.113986 0.0606898 0.624058 0.0778946 0.0465827 9.9991E-05
0.00837907 0.156718 9.9973E-05 0.806331 9.9973E-05 0.0282717 9.9973E-05
0.148769 0.138966 9.9982E-05 0.662327 0.00554301 0.044195 9.9982E-05
0.0796322 0.0866829 0.0274844 0.805901 9.99729E-05 9.99729E-05 9.99729E-05
0.0244801 0.122467 9.9991E-05 0.697311 0.0812888 0.0571658 0.0171871
0.0852589 0.0813614 0.0384944 0.770822 0.015656 9.9991E-05 0.00830751
9.9973E-05 9.9973E-05 0.0303775 9.9973E-05 0.0334778 0.0650744 0.87077
0.0126916 9.9973E-05 9.9973E-05 9.9973E-05 0.433956 0.0791872 0.473865
9.9973E-05 9.9973E-05 9.9973E-05 0.0732547 0.115634 0.0592096 0.751602
9.9973E-05 9.9973E-05 9.9973E-05 0.00303196 0.11019 0.170387 0.716092
9.9982E-05 9.9982E-05 0.0319276 0.0843181 0.30528 0.115321 0.462953
9.9991E-05 0.0299342 0.0621047 0.0245582 0.56961 0.0582339 0.255459
9.9973E-05 9.9973E-05 0.108867 9.9973E-05 0.312169 0.0950832 0.483581
9.9982E-05 9.9982E-05 0.0552207 0.102621 0.143293 0.0807259 0.617939
0.0437248 0.124946 9.9973E-05 0.0259257 9.9973E-05 9.9973E-05 0.805103
9.9982E-05 0.015796 0.101903 9.9982E-05 0.267123 0.0886509 0.526327
0.0440524 0.166259 9.9991E-05 0.0529711 0.422313 0.0728301 0.241474
9.9982E-05 0.00916755 0.153801 0.00330472 0.446028 9.9982E-05 0.387499
9.9991E-05 0.0249766 0.0322034 0.0223615 0.12257 0.0420011 0.755787
0.0922628 0.0294326 9.9991E-05 0.124284 0.594283 0.0484683 0.11117
0.0243232 9.9982E-05 9.9982E-05 0.039284 0.45371 0.0417156 0.440768
9.9973E-05 9.9973E-05 9.9973E-05 0.0313372 0.0196269 0.0477112 0.901025
9.9955E-05 9.9955E-05 9.9955E-05 9.9955E-05 9.9955E-05 0.146945 0.852555
9.9973E-05 0.0591885 9.9973E-05 0.0189024 0.101301 9.9973E-05 0.820308
9.9964E-05 9.9964E-05 9.9964E-05 0.838907 0.123562 0.0371317 9.9964E-05
9.9964E-05 9.9964E-05 9.9964E-05 0.828664 0.151155 9.9964E-05 0.019782
9.9973E-05 9.9973E-05 9.9973E-05 0.793877 0.178222 0.0175607 0.0100397
9.9973E-05 9.9973E-05 0.0250499 0.724582 0.188956 0.0611118 9.9973E-05
9.9982E-05 9.9982E-05 0.298957 0.0666993 0.520648 0.0148969 0.0985994
9.9982E-05 9.9982E-05 0.375646 0.105873 0.270092 0.0932677 0.154921
9.9973E-05 9.9973E-05 0.367066 0.0245875 0.54025 9.9973E-05 0.0677967
0.159622 0.0524974 9.9982E-05 0.0754262 0.0911025 9.9982E-05 0.621152
9.9982E-05 0.038802 0.571449 9.9982E-05 0.282041 0.0543345 0.0531737
9.999E-05 0.0265537 0.234856 0.0879395 0.388798 0.0135723 0.24818
9.9982E-05 0.0382479 0.272381 0.0273178 0.617954 0.0438991 9.9982E-05
0.0534715 0.0495866 0.163005 0.110306 0.623431 9.9982E-05 9.9982E-05
0.1433 0.00106778 0.136724 0.0921531 0.601529 9.9991E-05 0.025126
0.016939 9.9982E-05 0.669825 0.0489918 0.0899228 9.9982E-05 0.174122
0.0414629 0.195505 0.0396517 0.0396912 0.5747 0.0158687 0.0931204
9.9982E-05 0.0830573 0.0815416 0.110213 0.648103 9.9982E-05 0.076885
0.0128021 0.0273369 0.233178 0.117384 0.461756 0.0275163 0.120028
9.9964E-05 0.0432912 0.651711 9.9964E-05 0.304597 9.9964E-05 9.9964E-05
9.9964E-05 9.9964E-05 0.357482 0.106864 0.535254 9.9964E-05 9.9964E-05
0.0844975 9.9991E-05 0.207041 0.0547785 0.540933 0.109587 0.00306366
9.9964E-05 0.322001 0.600242 0.077357 9.9964E-05 9.9964E-05 9.9964E-05
0.232591 0.15243 0.144605 9.9982E-05 0.143307 9.9982E-05 0.326867
9.9973E-05 0.471452 0.072368 9.9973E-05 0.0589389 9.9973E-05 0.396941
0.108421 0.00296206 0.122541 0.0879872 0.391408 0.169358 0.117323
0.0214612 0.0725945 9.9991E-05 0.14023 0.577275 0.0725425 0.115796
0.107182 0.0793692 0.0306087 0.0529016 0.63211 0.0346657 0.0631623
0.216629 0.0892426 0.239006 0.0861088 0.167625 9.9991E-05 0.201289
0.149469 0.0583642 9.9973E-05 9.9973E-05 0.557128 9.9973E-05 0.23474
0.00265994 0.11716 0.0180574 0.0152179 0.448238 0.208509 0.190159
0.0256364 0.108018 0.166088 0.103397 0.35346 9.9991E-05 0.2433
0.0734519 0.190852 0.0463294 0.19149 9.9991E-05 0.0874929 0.410283
0.0916494 0.0286005 0.232354 0.0523763 0.526992 0.0595594 0.00846836
0.0630161 0.0465987 0.0351548 0.073726 0.373743 0.0605211 0.34724
0.184007 0.163002 0.0259923 0.0343989 9.9982E-05 9.9982E-05 0.5924
0.0488174 0.167338 9.9982E-05 9.9982E-05 0.44836 0.0333261 0.301958
0.0155637 0.138425 0.0715673 9.9991E-05 0.565714 0.0828553 0.125775
9.9982E-05 0.0554548 9.9982E-05 0.10197 0.56249 0.0324484 0.247438
0.0485486 0.0826805 0.160344 0.0748132 0.157512 0.0893028 0.3868
9.9991E-05 0.0423954 0.128272 0.0308984 0.420119 0.0612138 0.317001
0.185389 9.9982E-05 9.9982E-05 0.0735065 0.575328 0.052421 0.113156
0.0787195 0.177224 0.0844677 9.9982E-05 0.135578 9.9982E-05 0.523811
0.0166564 9.9973E-05 0.418804 9.9973E-05 0.498533 9.9973E-05 0.0657068
0.00609437 9.9982E-05 0.662681 0.0124395 0.156727 9.9982E-05 0.161858
0.0396564 0.0473526 0.207784 0.0694745 0.534023 9.9991E-05 0.10161
9.9964E-05 0.131785 0.864821 9.9964E-05 9.9964E-05 0.00299357 9.9964E-05
9.9964E-05 0.170573 0.814417 9.9964E-05 9.9964E-05 9.9964E-05 0.0146099
0.0116701 9.9964E-05 0.708815 9.9964E-05 0.279115 9.9964E-05 9.9964E-05
0.0117937 9.9973E-05 0.434642 9.9973E-05 0.480851 9.9973E-05 0.0724136
0.077007 0.071117 0.138359 0.0867352 0.534205 0.0249209 0.0676561
0.0533937 9.9982E-05 0.413631 9.9982E-05 0.384661 0.100841 0.0472732
0.0913901 9.9991E-05 0.604384 0.00482111 0.113223 0.0460419 0.140039
0.171931 9.9982E-05 0.52064 0.0210806 0.189513 9.9982E-05 0.0966346
0.00998572 0.0172864 0.168482 0.103689 0.541262 0.079168 0.0801277
9.9982E-05 9.9982E-05 0.575675 0.0144245 0.200385 0.0540312 0.155284
0.00654882 9.9982E-05 0.461543 0.0533965 0.405654 9.9982E-05 0.0726577
9.9964E-05 0.0466623 0.542988 9.9964E-05 0.409949 9.9964E-05 9.9964E-05
9.9973E-05 0.212349 0.680687 9.9973E-05 9.9973E-05 0.0226819 0.0839821
0.0517044 9.9982E-05 0.246766 0.00111553 0.578221 9.9982E-05 0.121993
0.0296365 9.9982E-05 9.9982E-05 0.820645 0.0744238 0.0227919 0.0523034
9.9955E-05 9.9955E-05 9.9955E-05 0.906888 0.0926127 9.9955E-05 9.9955E-05
9.9964E-05 9.9964E-05 9.9964E-05 0.894622 0.0917205 0.0132575 9.9964E-05
9.9973E-05 0.0223473 0.0130931 0.889848 0.0744114 9.9973E-05 9.9973E-05
9.9964E-05 0.00335558 9.9964E-05 0.882205 0.11404 9.9964E-05 9.9964E-05
9.9991E-05 0.0183689 0.0317397 0.85763 0.0403885 0.0460383 0.00573454
9.9964E-05 9.9964E-05 9.9964E-05 0.900161 0.0870989 0.0123406 9.9964E-05
0.0995294 0.0176277 0.274561 0.0984118 0.461035 0.0487356 9.9991E-05
9.9991E-05 0.0239811 0.182225 0.0406126 0.417462 0.149392 0.186227
9.9964E-05 9.9964E-05 0.817786 0.0194277 9.9964E-05 9.9964E-05 0.162386
0.044897 0.0151068 0.17344 0.105619 0.549584 0.102095 0.00925809
9.9973E-05 9.9973E-05 0.410441 0.0667011 0.437111 9.9973E-05 0.0854478
0.0293185 9.9991E-05 0.333905 0.0126562 0.602043 0.00884624 0.0131316
0.0436987 0.0812746 0.198972 0.0557285 0.57393 9.9991E-05 0.0462967
9.9982E-05 0.00268884 0.455143 0.0133881 0.442002 0.0865784 9.9982E-05
0.0847038 9.9973E-05 0.687957 0.00992297 9.9973E-05 9.9973E-05 0.217116
0.0728633 0.110526 0.096264 0.1084 0.452596 0.0961479 0.0632026
0.0349375 9.9982E-05 0.216011 0.0476433 0.634532 9.9982E-05 0.0666762
0.0604053 0.0703299 0.141276 0.0348987 0.398087 0.157594 0.137409
9.9973E-05 0.138241 0.552356 9.9973E-05 0.266572 0.0425313 9.9973E-05
9.9982E-05 0.0610547 0.376178 0.000717368 0.554289 0.00756078 9.9982E-05
9.9982E-05 9.9982E-05 0.474765 0.00633237 0.434085 0.0289606 0.0556574
9.9964E-05 9.9964E-05 0.651199 9.9964E-05 0.25253 0.0958711 9.9964E-05
0.108252 9.9982E-05 0.386377 0.0598255 0.443117 9.9982E-05 0.00222816
0.0393282 0.0524208 0.177945 0.0942137 0.531824 0.0208165 0.0834519
0.0180212 0.261972 0.00936573 0.0107046 0.215481 0.0531455 0.43131
0.179729 9.9982E-05 9.9982E-05 0.121401 0.365598 0.0647291 0.268343
0.151969 0.048699 0.0459619 0.0778705 0.502526 0.0847716 0.0882016
0.153997 0.0102921 0.177065 0.0337824 0.500516 0.095308 0.0290389
9.9982E-05 0.0471758 0.0193866 0.0941897 0.436245 9.9982E-05 0.402803
0.106203 0.0752075 9.9991E-05 0.00904446 0.558024 0.0240572 0.227364
0.16353 0.0351403 9.9982E-05 9.9982E-05 0.401086 0.03832 0.361723
0.150116 0.0962034 0.0816747 0.0385895 0.494646 0.0688674 0.0699033
0.215022 0.0153355 9.9991E-05 0.029233 0.592059 0.0340628 0.114187
0.0845741 0.0128672 0.0256423 0.029584 0.606055 9.9991E-05 0.241177
0.180258 9.9973E-05 0.0358004 9.9973E-05 0.404255 9.9973E-05 0.379387
0.125083 0.0471807 0.112733 0.0326584 0.57845 0.0904185 0.013476
0.0497972 0.0747066 0.027783 0.130922 0.644262 0.0165892 0.0559405
0.0622553 9.9982E-05 0.0913922 9.9982E-05 0.546926 0.01144 0.287786
0.116391 0.140939 0.00856296 9.9991E-05 0.591908 0.0365735 0.105526
0.0712343 0.0853486 0.0396365 0.0398706 0.508861 0.0566019 0.198447
0.100239 0.166249 0.00956319 0.090058 0.342098 9.9991E-05 0.291694
0.0593914 0.0736936 9.9991E-05 0.00707383 0.682314 0.0134612 0.163966
0.0814379 0.0742695 9.9991E-05 0.0465717 0.534772 0.0740839 0.188765
0.163572 0.0290017 0.118657 0.0498016 0.215316 0.0439595 0.379693
0.124337 0.409458 9.9982E-05 9.9982E-05 0.177934 0.026684 0.261388
0.152858 0.114627 0.112476 9.9991E-05 0.545308 0.00491764 0.0697133
0.289091 0.2491 0.238304 9.9991E-05 0.0159443 0.0750751 0.132386
0.123917 0.0703112 0.12763 0.0160727 0.229196 9.9991E-05 0.432773
0.056235 0.0615287 0.146494 9.9982E-05 0.385403 9.9982E-05 0.350139
0.153944 9.9982E-05 0.177697 0.0374914 0.226751 9.9982E-05 0.403917
0.208006 9.9982E-05 0.0596516 0.0250797 0.270774 9.9982E-05 0.436289
0.0397543 0.0649652 0.0995826 0.0656427 0.570445 0.0366495 0.122961
0.0476336 0.0349091 0.0755814 0.0859042 0.57642 0.0618718 0.117679
0.0110005 0.093332 0.0440871 0.0657026 0.579582 9.9991E-05 0.206196
0.0558367 0.239745 0.121598 9.9991E-05 0.105769 0.0576529 0.419299
0.0740257 0.0184809 0.209605 0.189271 0.366896 0.0246866 0.117035
0.0213726 0.27464 0.0466585 0.0344249 0.621354 9.9991E-05 0.00145095
0.0812386 0.524579 0.125138 0.135365 0.0405256 9.9991E-05 0.0930535
0.0410246 0.203167 9.9991E-05 0.0305889 0.574113 0.0575047 0.0935013
0.0778318 0.28658 0.0990143 0.0986383 0.437736 9.9982E-05 9.9982E-05
0.0511071 0.14915 9.9991E-05 0.094143 0.507869 0.0526772 0.144953
0.0644239 0.400409 0.105268 0.0623517 0.367347 9.9982E-05 9.9982E-05
0.0753115 0.4667 9.9982E-05 0.0756673 0.222628 9.9982E-05 0.159494
0.129413 0.18834 0.135118 0.0274564 0.453564 9.9991E-05 0.0660091
0.0678416 0.160082 9.9982E-05 0.147158 0.618585 0.00613319 9.9982E-05
0.0769018 0.171331 9.9991E-05 0.0750275 0.499984 0.0294491 0.147207
9.9982E-05 0.30836 0.141566 0.0791382 9.9982E-05 0.123237 0.347498
0.0216896 0.124461 0.171511 0.105575 0.518871 0.0577933 9.9991E-05
0.00678274 0.319056 0.138422 9.9982E-05 0.427464 9.9982E-05 0.108076
0.0108514 0.249554 0.141728 9.9982E-05 0.467545 9.9982E-05 0.130121
0.0392147 0.071797 0.0864551 0.0504248 0.523325 0.103304 0.12548
9.9982E-05 0.232766 9.9982E-05 0.314753 0.134537 0.251751 0.0659938
9.9964E-05 0.366602 9.9964E-05 0.5101 9.9964E-05 0.122898 9.9964E-05
9.9964E-05 0.438983 9.9964E-05 0.45752 9.9964E-05 0.103097 9.9964E-05
9.9982E-05 0.158931 9.9982E-05 0.349263 0.0214405 0.368115 0.102051
0.00066491 0.177024 0.126343 9.9973E-05 0.695669 9.9973E-05 9.9973E-05
9.9982E-05 0.156441 0.0261394 0.0615486 0.661315 9.9982E-05 0.0943552
9.9964E-05 9.9964E-05 9.9964E-05 9.9964E-05 0.179117 0.740715 0.0797684
0.000383593 9.9991E-05 0.0502214 0.0314053 0.239506 0.513563 0.164821
0.035846 0.0850076 0.00763589 0.079511 0.301202 0.438556 0.0522412
0.0561418 0.498183 0.0485483 9.9991E-05 0.377777 0.00798824 0.0112619
0.0795247 0.118378 0.139843 0.0926908 0.488558 0.0700804 0.0109253
9.9964E-05 0.695525 9.9964E-05 9.9964E-05 0.302805 9.9964E-05 0.00127037
9.9973E-05 0.217107 0.0146271 9.9973E-05 0.593407 9.9973E-05 0.17456
0.0119053 0.336739 0.0882881 0.0429279 0.509494 9.9991E-05 0.0105454
9.9973E-05 0.319823 9.9973E-05 9.9973E-05 0.552103 0.0568085 0.0709651
9.9973E-05 0.585867 0.0419923 9.9973E-05 0.19749 9.9973E-05 0.174351
0.00468016 0.120934 0.163994 0.063788 0.588309 0.0581951 9.9991E-05
0.0911734 0.210859 9.9991E-05 0.000281877 0.450475 0.125191 0.121919
9.9955E-05 9.9955E-05 9.9955E-05 9.9955E-05 9.9955E-05 0.953491 0.0460093
0.000171262 0.00696009 0.0415798 9.9982E-05 0.0600422 0.891047 9.9982E-05
9.9991E-05 0.0388565 0.0433532 0.00304458 0.262341 0.563158 0.0891466
0.0474494 9.9964E-05 9.9964E-05 9.9964E-05 0.258429 0.693721 9.9964E-05
9.9982E-05 0.0185699 0.0537833 9.9982E-05 0.147338 0.763952 0.0161568
9.995E-05 9.995E-05 9.995E-05 9.995E-05 9.995E-05 0.9994 9.995E-05
0.0184476 9.9982E-05 0.00750472 0.000509569 9.9982E-05 0.972606 0.000731683
9.9955E-05 9.9955E-05 9.9955E-05 9.9955E-05 0.198463 0.801037 9.9955E-05
0.0110854 9.9973E-05 9.9973E-05 9.9973E-05 0.00800695 0.977969 0.00263894
9.995E-05 9.995E-05 9.995E-05 9.995E-05 9.995E-05 0.9994 9.995E-05
9.995E-05 9.995E-05 9.995E-05 9.995E-05 9.995E-05 0.9994 9.995E-05
9.9964E-05 9.9964E-05 9.9964E-05 9.9964E-05 0.16907 0.735615 0.0949154
0.023872 9.9973E-05 9.9973E-05 9.9973E-05 0.142137 0.78521 0.0484809
9.9955E-05 9.9955E-05 0.0347945 9.9955E-05 9.9955E-05 0.964706 9.9955E-05
0.0326643 0.0465565 0.0434216 0.0518954 0.304631 0.431881 0.0889504
0.11698 0.0201022 9.9982E-05 0.0180712 0.224079 0.620567 9.9982E-05
0.0276571 9.9973E-05 9.9973E-05 0.0187738 0.192199 0.76107 9.9973E-05
9.9964E-05 9.9964E-05 9.9964E-05 9.9964E-05 0.0577214 0.891158 0.0507204
9.9955E-05 9.9955E-05 9.9955E-05 9.9955E-05 0.0161263 0.983374 9.9955E-05
0.00333322 9.9973E-05 0.0446142 9.9973E-05 9.9973E-05 0.92079 0.0309628
0.0129816 9.9955E-05 9.9955E-05 9.9955E-05 9.9955E-05 0.986519 9.9955E-05
0.0655605 9.9982E-05 9.9982E-05 0.0323645 0.285292 0.607932 0.00865132
9.9973E-05 9.9973E-05 0.0793209 0.0381759 0.000972129 0.881231 9.9973E-05
9.9964E-05 0.57688 9.9964E-05 0.359973 9.9964E-05 0.0627468 9.9964E-05
0.0740299 0.173977 0.0665816 0.129088 0.350472 0.115955 0.0898969
0.0710021 0.19314 9.9982E-05 0.222668 0.498281 0.0147086 9.9982E-05
9.9973E-05 0.448349 9.9973E-05 0.231511 0.224535 0.0953049 9.9973E-05
0.104077 0.104029 9.9991E-05 0.121998 0.425136 0.153604 0.0910561
9.9991E-05 0.419149 0.000906384 0.242522 0.218622 0.0998087 0.0188925
0.0200839 0.13336 0.0951024 0.239814 0.485472 0.000210341 0.0259569
9.9982E-05 0.315942 0.0140584 0.15862 0.447292 0.063888 9.9982E-05
9.9991E-05 0.19633 0.042051 0.158665 0.467077 0.0823145 0.0534626
9.9973E-05 0.270398 9.9973E-05 0.177567 0.378192 0.173543 9.9973E-05
0.0714971 0.17617 0.0579449 0.177255 0.387085 0.126755 0.00329225
0.0700591 0.043119 0.0307066 0.824552 0.0313631 9.9982E-05 9.9982E-05
9.9973E-05 0.00476281 0.0315971 0.902519 9.9973E-05 0.0608212 9.9973E-05
0.0226732 9.9973E-05 0.0109162 0.960266 0.00584515 9.9973E-05 9.9973E-05
0.0762857 9.9964E-05 9.9964E-05 0.914801 0.0085137 9.9964E-05 9.9964E-05
0.0487791 9.9982E-05 9.9982E-05 0.857205 0.042071 0.0214006 0.0303442
9.9973E-05 0.0082598 9.9973E-05 0.89789 9.9973E-05 0.0776639 0.0158863
0.0214642 9.9964E-05 9.9964E-05 0.876631 9.9964E-05 0.101505 9.9964E-05
9.9955E-05 0.118646 9.9955E-05 0.880854 9.9955E-05 9.9955E-05 9.9955E-05
9.9973E-05 9.9973E-05 0.0401569 0.915307 0.0326899 0.0115458 9.9973E-05
9.9973E-05 0.0490796 9.9973E-05 0.842548 9.9973E-05 0.067618 0.0404542
0.0691477 9.9973E-05 0.0720428 0.590098 9.9973E-05 9.9973E-05 0.268412
0.156825 9.9964E-05 9.9964E-05 0.602993 9.9964E-05 9.9964E-05 0.239782
0.112305 0.126223 9.9973E-05 0.511704 9.9973E-05 9.9973E-05 0.249468
0.150328 0.0515176 0.0761428 0.457707 9.9982E-05 9.9982E-05 0.264105
0.00210754 9.9982E-05 0.233932 0.0576141 0.567995 9.9982E-05 0.138151
0.0255916 0.0542173 0.292431 9.9991E-05 0.479641 0.0711222 0.0768969
0.178214 0.0113345 0.160778 9.9991E-05 0.480839 0.0580579 0.110677
0.069253 0.0341522 0.182274 0.0225458 0.322029 9.9991E-05 0.369646
0.253827 0.0328145 0.100115 9.9991E-05 0.0983688 0.0066045 0.508171
0.0434739 9.9991E-05 0.297187 0.0458113 0.474562 0.085317 0.0535491
0.0735208 9.9973E-05 0.302848 9.9973E-05 0.556206 9.9973E-05 0.0671249
0.0347234 9.9982E-05 0.362327 9.9982E-05 0.487972 0.00984939 0.104928
0.0261473 9.9973E-05 0.615389 9.9973E-05 0.326759 0.0314047 9.9973E-05
0.14708 9.9982E-05 0.240094 9.9982E-05 0.525515 0.087011 9.9982E-05
0.102982 0.0350233 0.384622 9.9982E-05 0.38134 9.9982E-05 0.0958337
0.0424556 0.198031 0.759114 9.9964E-05 9.9964E-05 9.9964E-05 9.9964E-05
0.0531058 0.120821 0.0856346 0.0948146 0.594149 9.9991E-05 0.0513751
9.9973E-05 0.170135 0.570667 9.9973E-05 0.253607 0.00529119 9.9973E-05
9.9973E-05 0.0104765 0.431279 9.9973E-05 0.527533 9.9973E-05 0.0304123
0.0424432 9.9982E-05 0.683175 0.0442968 0.0640796 9.9982E-05 0.165806
0.844662 0.0722273 9.9973E-05 0.0602996 9.9973E-05 0.0225109 9.9973E-05
0.810601 0.0672078 9.9982E-05 0.0354473 0.0668239 0.0197203 9.9982E-05
0.954599 0.0266375 9.9964E-05 9.9964E-05 0.0183635 9.9964E-05 9.9964E-05
0.907647 0.0150319 0.0218286 0.0551922 9.9973E-05 9.9973E-05 9.9973E-05
0.85147 0.0544425 9.9982E-05 9.9982E-05 0.0564122 0.0358881 0.00158748
0.881256 9.9964E-05 9.9964E-05 9.9964E-05 0.0496332 0.0687114 9.9964E-05
9.9973E-05 9.9973E-05 0.0206813 0.85653 0.0937226 0.0287662 9.9973E-05
0.0698911 9.9982E-05 9.9982E-05 0.76961 0.0601151 0.065543 0.0346409
9.9982E-05 0.0180652 9.9982E-05 0.779202 0.0930977 0.0998155 0.0096202
0.0394976 9.9982E-05 9.9982E-05 0.715419 0.0085701 0.133936 0.102377
0.0311057 9.9982E-05 9.9982E-05 0.761964 0.0684973 0.086513 0.0517196
0.52763 0.0197653 0.0394437 0.412861 9.9973E-05 9.9973E-05 9.9973E-05
0.34828 0.173864 0.0473905 0.430166 9.9973E-05 9.9973E-05 9.9973E-05
0.448345 9.9973E-05 0.125814 0.423177 9.9973E-05 0.00236425 9.9973E-05
9.9964E-05 9.9964E-05 9.9964E-05 0.815785 0.138458 9.9964E-05 0.0453566
0.488733 0.0259215 0.0949287 0.390117 9.9973E-05 9.9973E-05 9.9973E-05
0.0189065 0.0998903 9.9982E-05 0.260663 0.295144 0.325196 9.9982E-05
0.0637629 9.9982E-05 0.0523292 0.106455 0.544874 0.232379 9.9982E-05
9.9973E-05 9.9973E-05 9.9973E-05 0.162473 0.497074 0.289519 0.0506341
0.0230742 0.186877 9.9982E-05 0.258249 0.345351 0.18625 9.9982E-05
0.0841942 0.00843785 0.0832966 0.158902 0.351826 0.233809 0.0795353
9.9964E-05 0.243351 9.9964E-05 0.428748 9.9964E-05 0.327501 9.9964E-05
0.189842 0.0755777 0.0649781 9.9982E-05 0.407881 9.9982E-05 0.261521
0.110601 0.208394 0.0866048 0.0405614 0.383209 9.9991E-05 0.17053
0.0499946 9.9973E-05 9.9973E-05 0.124341 0.20128 9.9973E-05 0.624084
0.105507 0.192002 0.135953 9.9991E-05 0.458709 0.00625232 0.101476
0.0479995 0.634702 0.160722 9.9973E-05 9.9973E-05 9.9973E-05 0.156277
0.0229837 0.0642496 9.9991E-05 0.0583733 0.436252 0.0865809 0.33146
0.136549 0.109103 0.0361897 0.0141902 0.485086 9.9991E-05 0.218782
0.15622 0.020797 0.128133 0.0561994 0.182997 9.9991E-05 0.455554
0.0675108 0.0314815 0.0816469 0.0857605 0.447625 0.0803377 0.205637
0.0340532 0.374962 0.0889918 9.9982E-05 0.0581115 9.9982E-05 0.443682
0.0796848 0.278354 0.0965284 9.9991E-05 0.458128 0.0696543 0.0175502
0.0912192 0.0518298 0.106326 9.9991E-05 0.483197 0.0267618 0.240566
0.104454 9.9991E-05 0.090448 0.0738167 0.349644 0.236312 0.145225
0.08826 0.175224 0.0711281 9.9982E-05 0.370179 9.9982E-05 0.295009
0.0883625 0.0842253 0.069676 0.0260329 0.466304 9.9991E-05 0.2653
0.0331624 0.203494 0.137639 9.9991E-05 0.487689 0.0150686 0.122847
0.122133 0.0937996 0.16962 0.0184458 0.550833 9.9991E-05 0.0450689
0.10909 0.0732098 0.045692 9.9991E-05 0.512342 0.0999164 0.15965
0.0320989 0.103964 0.0883197 0.0918419 0.403789 0.0604274 0.219559
0.077378 0.0518125 0.0824291 0.1359 0.518068 0.0267138 0.107699
9.9973E-05 9.9973E-05 0.0182009 0.753854 0.126048 0.101597 9.9973E-05
9.9973E-05 9.9973E-05 0.0991368 0.820467 0.046769 0.0333273 9.9973E-05
0.0295643 0.142761 0.000798572 0.75381 0.0728662 9.9982E-05 9.9982E-05
9.9964E-05 9.9964E-05 0.157881 0.804455 9.9964E-05 0.0372634 9.9964E-05
9.9955E-05 9.9955E-05 9.9955E-05 0.820272 0.179228 9.9955E-05 9.9955E-05
0.185116 0.0273434 9.9982E-05 9.9982E-05 0.114792 0.0243526 0.648196
9.9982E-05 0.0996236 9.9982E-05 0.0751043 0.36096 0.0948514 0.36926
0.0350733 0.104872 0.00995984 0.186213 0.445114 0.218668 9.9991E-05
0.0870505 9.9982E-05 0.102105 9.9982E-05 0.581314 0.0939737 0.135356
0.143963 9.9991E-05 0.0540428 0.0733735 0.550294 0.00392064 0.174306
0.115289 0.23606 9.9982E-05 9.9982E-05 0.265277 0.0394089 0.343765
0.238723 0.1402 0.0304623 0.117215 9.9982E-05 9.9982E-05 0.4732
0.207505 9.9982E-05 0.0352548 0.0364258 0.507558 9.9982E-05 0.213056
0.288243 0.108884 0.0163218 0.0355311 0.0919679 0.0627014 0.396351
0.0953315 0.224247 0.0524477 0.0153066 0.409799 0.0850246 0.117844
0.146335 0.0781775 0.00723244 0.146953 0.0465611 9.9991E-05 0.574642
0.0910037 0.00600897 0.0464752 0.131789 0.589719 0.0356221 0.0993818
0.0917545 0.0770061 0.00964021 0.0729637 0.0857465 9.9991E-05 0.662789
0.0442155 0.168613 0.0415218 9.9991E-05 0.225786 0.0991342 0.420629
0.0480102 0.183254 0.0569403 0.0436346 0.516698 0.0176384 0.133824
0.161119 0.492827 9.9964E-05 9.9964E-05 0.345654 9.9964E-05 9.9964E-05
0.0640174 0.22534 0.0303146 0.0514603 0.563862 9.9991E-05 0.0649054
9.9973E-05 0.207333 0.100705 0.186609 0.505053 9.9973E-05 9.9973E-05
0.111354 0.459785 0.0642547 9.9982E-05 0.357896 9.9982E-05 0.00650939
0.0630181 0.240003 0.0685563 0.0813085 0.520541 0.0264728 9.9991E-05
0.0528645 0.256808 0.0662786 0.0777427 0.546106 9.9982E-05 9.9982E-05
0.163082 0.592915 0.0970058 9.9973E-05 0.146697 9.9973E-05 9.9973E-05
0.031409 0.644267 9.9964E-05 9.9964E-05 0.323924 9.9964E-05 9.9964E-05
0.0622616 0.26336 0.06426 0.0439573 0.565961 9.9982E-05 9.9982E-05
0.174971 0.491578 0.0994945 9.9982E-05 0.203809 9.9982E-05 0.0299478
0.0312383 0.246923 9.9973E-05 9.9973E-05 0.511327 9.9973E-05 0.210211
0.242829 9.9991E-05 0.117861 0.0294212 0.0437367 0.0269507 0.539102
0.132851 0.268595 0.0427934 9.9982E-05 0.185854 9.9982E-05 0.369706
0.182297 9.9982E-05 0.109482 9.9982E-05 0.223309 0.0556123 0.4291
0.101013 9.9991E-05 0.059757 0.00805172 0.641892 0.0165642 0.172622
0.140647 9.9973E-05 0.114727 9.9973E-05 0.217717 9.9973E-05 0.526609
0.149597 0.0604155 9.9991E-05 0.0975158 0.454778 0.0787094 0.158884
0.0998695 0.0769307 9.9991E-05 0.0507409 0.544793 0.112462 0.115104
0.079796 0.0250678 9.9991E-05 0.0333682 0.500761 0.0755719 0.285335
0.163216 9.9982E-05 0.0448915 9.9982E-05 0.434008 0.0534038 0.30428
0.262719 9.9982E-05 0.0555823 9.9982E-05 0.443963 0.00615245 0.231383
0.226559 9.9982E-05 0.134222 9.9982E-05 0.14104 0.070742 0.427237
0.24004 0.0838761 0.0145122 9.9991E-05 0.342402 0.0412406 0.277829
0.0587401 0.11738 0.0169451 9.9991E-05 0.622445 0.00447217 0.179917
0.0262945 0.0509841 0.0152363 0.152556 0.538494 0.0243685 0.192066
0.16589 0.117085 9.9991E-05 0.0266376 0.349643 0.0428265 0.297819
0.139033 0.101117 0.00100781 9.9991E-05 0.583996 0.02583 0.148917
0.238492 0.017499 9.9991E-05 0.0993612 0.389917 0.0234068 0.231224
0.112071 0.0267559 0.03182 0.0244138 0.640368 9.9991E-05 0.164471
0.0406057 0.058433 9.9991E-05 0.034197 0.520006 0.0595779 0.287081
0.115962 0.129082 0.0326172 0.010219 0.493514 0.130584 0.0880211
9.9982E-05 9.9982E-05 0.089768 0.333697 0.420451 0.115264 0.0406196
9.9991E-05 0.066054 0.0706238 0.150474 0.425175 0.201149 0.086424
0.0339635 9.9991E-05 0.126982 0.159314 0.466756 0.0750904 0.137793
0.0538539 0.0876743 0.0201831 0.0674519 0.534399 0.12676 0.109678
9.9991E-05 0.0584247 0.0799792 0.160713 0.334873 0.232797 0.133113
9.9973E-05 0.167377 9.9973E-05 9.9973E-05 0.426647 0.0466161 0.35906
0.0433193 0.0683034 0.050189 0.157523 0.52393 0.120606 0.0361291
9.9982E-05 0.370765 0.0827335 0.235801 9.9982E-05 0.178403 0.132097
0.00959939 0.0655889 9.9991E-05 0.0730946 0.498421 0.151099 0.202097
9.9991E-05 0.0817645 0.0246971 0.0986161 0.573151 0.136935 0.0847356
0.0898835 0.0450763 0.0854097 9.9991E-05 0.43954 0.252311 0.0876796
0.0302379 0.161056 0.0491334 0.175696 0.236033 0.141787 0.206057
9.9982E-05 9.9982E-05 0.00330821 0.155063 0.514869 0.161576 0.164983
9.9982E-05 0.0707111 9.9982E-05 0.17564 0.58217 0.103029 0.0682504
9.9964E-05 0.312973 9.9964E-05 0.495994 9.9964E-05 0.190634 9.9964E-05
9.9991E-05 0.019944 0.108433 0.186539 0.3865 0.236777 0.0617068
0.0190141 0.0318648 9.9991E-05 0.150534 0.499051 0.255082 0.0443539
9.9991E-05 0.126048 0.0406475 0.148907 0.601887 0.0284193 0.053991
0.0488967 0.106517 9.9982E-05 0.157793 0.451608 0.234985 9.9982E-05
0.0933467 0.0101434 0.0316438 0.121727 0.444005 0.180217 0.118918
0.0180964 0.155148 0.191982 9.9991E-05 0.318934 0.133719 0.18202
0.0402892 0.0888009 0.0705081 0.079331 0.504508 0.0387274 0.177836
0.00182975 0.51514 0.253492 9.9982E-05 0.0643299 9.9982E-05 0.165008
0.0505352 0.657732 0.113755 9.9982E-05 0.0177676 9.9982E-05 0.16001
0.0289248 0.20773 0.131138 0.0195481 0.429034 0.165504 0.0181211
9.9991E-05 0.161354 0.00119164 0.0561385 0.387086 0.305852 0.0882786
9.9982E-05 0.23988 0.0443493 0.0594574 0.336382 0.319731 9.9982E-05
9.9973E-05 0.326185 9.9973E-05 0.184017 0.118934 0.370564 9.9973E-05
9.9991E-05 0.0924272 0.0641283 0.18553 0.367763 0.245146 0.0449055
9.9991E-05 0.685496 0.0278074 0.00740172 0.125404 0.127801 0.02599
9.9973E-05 0.605864 9.9973E-05 0.0506776 0.220544 0.122614 9.9973E-05
9.9982E-05 0.20656 0.118436 9.9982E-05 0.527978 0.133177 0.0136491
9.9982E-05 0.267305 0.115132 9.9982E-05 0.401226 0.136645 0.0794923
0.0163765 0.53836 9.9982E-05 0.0371401 0.257247 0.150676 9.9982E-05
9.9991E-05 0.228527 0.0495077 0.0121207 0.50706 0.126174 0.0765113
0.0380378 0.313423 9.9982E-05 0.0116817 0.511875 0.124783 9.9982E-05
0.0344106 0.130311 0.126814 0.0805724 0.445241 0.173807 0.00884355
0.0106193 0.368208 0.114297 9.9982E-05 0.318631 9.9982E-05 0.188045
9.9964E-05 0.363359 9.9964E-05 9.9964E-05 0.416333 9.9964E-05 0.219908
0.111396 0.216245 0.0619055 0.0214077 0.557059 0.00903848 0.0229483
0.0757221 0.322693 0.0401642 0.0549801 0.424052 0.013845 0.0685433
0.00395578 0.171608 0.016574 0.140477 0.463075 0.0957325 0.108578
9.9964E-05 0.39547 9.9964E-05 9.9964E-05 0.515545 9.9964E-05 0.0885852
0.0993361 0.500683 0.101011 9.9982E-05 0.268501 9.9982E-05 0.0302685
9.9973E-05 0.237742 0.100187 0.0681745 0.593597 9.9973E-05 9.9973E-05
9.9982E-05 0.513049 0.202457 9.9982E-05 0.185707 0.0205635 0.0780231
9.9973E-05 0.402997 0.0652097 9.9973E-05 0.525393 0.00610072 9.9973E-05
9.9991E-05 0.120594 0.13309 0.0849081 0.561809 0.0551638 0.0443354
0.148517 0.104647 0.200878 9.9991E-05 0.458262 0.0421571 0.045439
0.0124196 0.104853 0.0370198 0.13072 0.373208 0.215447 0.126333
0.019927 0.0788577 0.0366075 0.110893 0.323049 0.225741 0.204925
0.117715 0.1082 0.0302061 0.142855 0.340224 0.260701 9.9991E-05
0.0615244 0.151838 0.010407 0.196472 0.335286 0.184674 0.0597992
0.115132 0.151375 9.9991E-05 0.13755 0.426368 0.124114 0.0453607
0.0597421 0.149186 0.010119 0.214137 0.465584 0.101132 9.9991E-05
0.0806635 0.584529 9.9973E-05 0.113918 9.9973E-05 0.22059 9.9973E-05
9.9973E-05 0.118144 9.9973E-05 0.0747235 0.584954 0.221879 9.9973E-05
9.9973E-05 0.496841 9.9973E-05 0.349849 9.9973E-05 0.14059 0.0124197
9.9982E-05 0.198452 0.087304 0.0318916 0.445003 0.23715 9.9982E-05
0.00625015 0.564417 0.272312 9.9973E-05 0.156721 9.9973E-05 9.9973E-05
9.9964E-05 0.69625 0.25389 9.9964E-05 9.9964E-05 9.9964E-05 0.0494607
0.0246955 0.310036 0.110194 9.9982E-05 0.508053 9.9982E-05 0.0468216
9.9991E-05 0.163974 0.0811962 0.0681864 0.667643 0.00881702 0.0100837
9.9973E-05 0.369 0.0782381 9.9973E-05 0.45234 9.9973E-05 0.100122
9.9973E-05 0.231571 0.252995 9.9973E-05 0.478537 0.0365966 9.9973E-05
9.9973E-05 0.310703 0.0924534 9.9973E-05 0.557789 9.9973E-05 0.0387546
0.01564 0.0274369 9.9991E-05 0.818595 0.0996056 0.0320717 0.00655119
0.152577 9.9973E-05 0.031932 0.680417 9.9973E-05 0.134774 9.9973E-05
9.9973E-05 9.9973E-05 9.9973E-05 0.921048 0.0109585 0.0373556 0.0303383
9.9955E-05 9.9955E-05 9.9955E-05 0.915138 0.0843621 9.9955E-05 9.9955E-05
0.0773061 9.9982E-05 0.338791 0.033568 0.541172 9.9982E-05 0.00896287
9.9982E-05 9.9982E-05 0.300244 0.0782281 0.49428 0.0440641 0.0829835
9.9973E-05 9.9973E-05 0.492603 0.00020165 0.415828 9.9973E-05 0.0910666
0.0425544 9.9982E-05 0.268366 0.054128 0.579667 0.0550852 9.9982E-05
0.123342 0.118235 0.221822 0.0177344 0.495621 0.0231463 9.9991E-05
0.0961431 0.0122043 0.52167 0.0319358 0.135309 0.0421826 0.160555
9.9973E-05 9.9973E-05 0.273804 9.9973E-05 0.607949 0.00900696 0.108939
9.9964E-05 0.204386 0.444952 9.9964E-05 0.350263 9.9964E-05 9.9964E-05
0.0089331 9.9991E-05 0.0688818 0.287205 0.416998 0.183501 0.0343804
0.0145942 0.0769268 0.40475 9.9991E-05 0.40947 0.093569 0.000589444
0.0671341 9.9982E-05 0.551126 9.9982E-05 0.274355 0.0227776 0.084408
9.9973E-05 9.9973E-05 0.331883 9.9973E-05 0.581278 0.000898616 0.0856402
9.9964E-05 9.9964E-05 0.475749 9.9964E-05 0.388468 9.9964E-05 0.135383
9.9964E-05 0.120083 0.287801 9.9964E-05 0.591717 9.9964E-05 9.9964E-05
9.9982E-05 0.00799889 0.327879 0.0784892 0.551683 9.9982E-05 0.03375
9.9964E-05 0.107375 0.846671 9.9964E-05 0.0455534 9.9964E-05 9.9964E-05
0.0122007 0.113015 0.582939 9.9982E-05 0.275278 9.9982E-05 0.0163671
0.0540521 0.049015 0.565447 0.000734876 0.330551 9.9982E-05 9.9982E-05
9.9955E-05 0.257541 0.74196 9.9955E-05 9.9955E-05 9.9955E-05 9.9955E-05
0.101492 0.0635988 0.395184 0.0013381 0.321096 0.0700005 0.0472907
0.0392049 0.296819 0.540786 0.00919326 0.113797 9.9982E-05 9.9982E-05
9.9955E-05 0.299809 0.699692 9.9955E-05 9.9955E-05 9.9955E-05 9.9955E-05
9.9973E-05 9.9973E-05 0.440697 0.0160737 0.528247 0.0146824 9.9973E-05
0.00355068 0.00553885 0.602785 0.0765192 0.152977 9.9991E-05 0.158529
0.0672886 9.9991E-05 0.352354 0.00387542 0.406646 0.055717 0.114019
9.9982E-05 9.9982E-05 0.23187 0.105814 0.514398 0.0853843 0.0623324
0.0655352 9.9973E-05 0.421863 9.9973E-05 0.473104 0.0391976 9.9973E-05
0.0523137 0.222336 9.9982E-05 9.9982E-05 0.348002 0.00995995 0.367188
0.0477658 0.0100379 0.389618 9.9991E-05 0.489672 0.0155872 0.0472186
9.9982E-05 9.9982E-05 0.349328 0.0267946 0.379024 0.0555334 0.18912
9.9964E-05 0.0304875 0.650772 9.9964E-05 0.318341 9.9964E-05 9.9964E-05
0.0424508 0.0637479 0.169481 0.104841 0.525059 0.065216 0.0292043
0.200537 0.0131033 0.0458604 0.647237 9.9982E-05 9.9982E-05 0.0930625
0.0242524 9.9973E-05 0.135317 0.771795 9.9973E-05 9.9973E-05 0.0683357
0.101169 0.0334663 0.0100897 0.8091 9.9982E-05 9.9982E-05 0.0459749
0.18146 0.0143122 9.9964E-05 0.803828 9.9964E-05 9.9964E-05 9.9964E-05
0.125587 0.0270783 9.9973E-05 0.731261 9.9973E-05 9.9973E-05 0.115773
0.0727769 9.9982E-05 0.722924 0.0228885 9.9982E-05 0.0388591 0.142351
0.0450691 0.0187531 0.650165 0.0762007 0.0613185 9.9991E-05 0.148393
9.9964E-05 0.0877084 0.725934 9.9964E-05 0.185957 9.9964E-05 9.9964E-05
0.0275835 0.0557201 0.18903 0.0566365 0.545843 0.0772613 0.047926
9.9973E-05 9.9973E-05 0.156886 0.149167 0.693035 0.000612543 9.9973E-05
9.9982E-05 0.0334303 0.668629 0.0205712 0.231456 0.0457136 9.9982E-05
9.9973E-05 0.0654035 0.309107 9.9973E-05 0.563814 0.061376 9.9973E-05
9.9991E-05 0.00587413 0.519898 0.00619766 0.375845 0.0614301 0.0306551
9.9973E-05 0.0250858 0.293939 9.9973E-05 0.559505 9.9973E-05 0.12117
0.05367 9.9991E-05 0.27255 0.0783699 0.531024 0.0588128 0.00547356
0.0848819 0.0559706 0.597219 9.9982E-05 0.24349 0.0182384 9.9982E-05
0.0286537 9.9982E-05 0.609538 9.9982E-05 0.352822 0.00430973 0.00447668
0.0644599 9.9973E-05 0.575153 9.9973E-05 0.273684 9.9973E-05 0.0864031
0.130302 0.134835 0.0161876 0.0377523 0.583659 0.0123868 0.0848768
0.000840977 9.9982E-05 0.539627 0.0236385 0.399869 9.9982E-05 0.0358246
0.0476686 9.9991E-05 0.454355 0.0377927 0.401439 0.0231541 0.0354907
0.00982953 9.9982E-05 0.092296 0.0763569 0.397811 0.423506 9.9982E-05
9.9991E-05 0.101708 0.0154136 0.120889 0.305932 0.455805 0.000153126
9.9982E-05 0.0443661 0.0293922 0.165855 0.386857 0.37333 9.9982E-05
9.9982E-05 0.0125307 9.9982E-05 0.17591 0.265145 0.481991 0.0642229
9.9982E-05 0.0478017 9.9982E-05 0.192725 0.468776 0.254408 0.0360895
9.9991E-05 0.135214 0.294303 0.0199524 0.451525 0.0235894 0.0753162
9.9973E-05 0.0348093 9.9973E-05 0.231774 0.0389799 0.694137 9.9973E-05
9.9982E-05 0.00613258 0.0858629 0.0963679 0.309406 0.50203 9.9982E-05
9.9982E-05 0.130084 0.104212 0.13954 0.432704 0.193259 9.9982E-05
0.0517342 0.219938 9.9982E-05 0.152572 0.575332 9.9982E-05 0.000223988
0.0373891 0.222355 0.137305 0.0910735 0.417059 0.0348989 0.0599201
0.0897692 0.0849012 0.0926398 0.129548 0.602942 9.9982E-05 9.9982E-05
0.0513414 0.120133 0.0815392 0.0294257 0.600558 0.0664423 0.0505596
9.9964E-05 9.9964E-05 9.9964E-05 0.194721 0.393895 0.410984 9.9964E-05
0.0607823 9.9982E-05 9.9982E-05 0.0642004 0.406636 0.378869 0.0893128
0.00469533 0.00340855 9.9982E-05 0.115728 0.437042 0.438926 9.9982E-05
0.0594958 0.061785 0.0646461 0.105925 0.426332 0.281716 9.9991E-05
9.9991E-05 0.0568284 0.0072172 0.102178 0.26197 0.549466 0.0222415
9.9982E-05 9.9982E-05 0.0500049 0.167327 0.376782 0.385233 0.0204527
0.0328918 0.0849948 9.9991E-05 0.0452957 0.206622 0.591044 0.0390517
9.9991E-05 0.00682844 0.0721538 0.0789546 0.317168 0.39176 0.133035
9.9982E-05 0.240581 0.11376 0.053324 0.52509 0.0670455 9.9982E-05
0.141706 0.0268223 0.0914744 0.0487444 0.262381 0.428772 9.9991E-05
9.9973E-05 0.0160896 9.9973E-05 0.1766 0.230409 0.576602 9.9973E-05
0.0614527 9.9982E-05 0.118694 0.104693 0.323157 0.391802 9.9982E-05
0.14605 0.182598 0.0686299 0.188804 0.171872 9.9991E-05 0.241945
9.9982E-05 0.143069 0.0438681 9.9982E-05 0.596082 0.0724842 0.144297
0.123846 9.9982E-05 9.9982E-05 0.13499 0.430844 0.293086 0.0170336
0.0196561 0.112845 9.9982E-05 0.100859 0.647239 9.9982E-05 0.119201
0.0376982 0.199913 0.0728769 0.166125 0.523187 9.9982E-05 9.9982E-05
0.0704582 0.0570815 0.140827 0.206194 0.342032 0.183307 9.9991E-05
9.9982E-05 0.0737571 9.9982E-05 0.203158 0.338386 0.29807 0.0864289
0.0802697 0.173928 0.00526454 0.0565929 0.568604 0.11524 9.9991E-05
0.00583512 0.074637 0.0494487 0.175774 0.422587 0.271618 9.9991E-05
0.00131453 0.0377979 9.9982E-05 0.0884841 0.403404 0.4688 9.9982E-05
9.9973E-05 0.0340477 9.9973E-05 0.237749 0.146841 0.581063 9.9973E-05
0.0585637 0.090475 9.9991E-05 0.10241 0.671877 0.0306132 0.0459615
0.0203662 0.218143 0.0853379 0.126443 0.481489 9.9991E-05 0.068121
9.9973E-05 0.645331 9.9973E-05 0.0842622 0.265557 0.00454993 9.9973E-05
0.068297 0.164691 0.0933447 0.0781853 0.536041 0.0593412 9.9991E-05
0.153496 0.181207 0.0182876 0.0406738 0.380908 0.0722336 0.153194
9.9982E-05 0.0955168 0.124785 0.232708 0.417473 0.129317 9.9982E-05
0.0350139 0.151057 0.0605355 0.109858 0.501769 0.125366 0.0164007
9.9964E-05 0.493537 9.9964E-05 0.299227 9.9964E-05 0.206837 9.9964E-05
9.9964E-05 0.538503 9.9964E-05 0.311359 9.9964E-05 0.149738 9.9964E-05
0.0974425 0.40739 9.9991E-05 0.0454531 0.25761 0.181425 0.0105799
9.9991E-05 0.428447 0.0202216 0.30278 0.0390569 0.201288 0.00810582
9.9964E-05 0.363985 9.9964E-05 0.400807 9.9964E-05 0.234809 9.9964E-05
9.9973E-05 0.341234 9.9973E-05 0.117405 0.44652 0.0945414 9.9973E-05
9.9982E-05 0.167976 0.0775997 0.238616 0.409283 0.106325 9.9982E-05
0.0191745 0.282318 9.9991E-05 0.285533 0.190988 0.207247 0.0146392
9.9982E-05 0.387916 9.9982E-05 0.290745 0.115535 0.155828 0.0497759
0.0605529 0.187238 9.9991E-05 0.0856415 0.487213 0.148836 0.0304189
9.9991E-05 0.463939 0.0106817 0.217678 0.143234 0.129664 0.034703
9.9964E-05 0.532076 9.9964E-05 0.409454 9.9964E-05 0.0580699 9.9964E-05
9.9982E-05 0.0289706 9.9982E-05 0.179594 0.54766 0.0735512 0.170025
9.9982E-05 0.195586 9.9982E-05 0.167826 0.203071 0.277354 0.155963
9.9991E-05 0.0271398 0.0656447 0.270706 0.442832 0.154115 0.0394625
0.0295663 9.9973E-05 9.9973E-05 0.155356 0.490153 0.324626 9.9973E-05
9.9982E-05 9.9982E-05 0.0670732 0.168025 0.559218 0.156574 0.0489096
0.05534 0.00284979 0.0537293 0.141367 0.467625 0.2602 0.0188892
9.9982E-05 0.0072878 9.9982E-05 0.346925 0.313015 0.247887 0.0846854
0.0117423 0.032 9.9991E-05 0.188371 0.579102 0.140687 0.047998
0.0103934 9.9991E-05 0.0455353 0.233951 0.392609 0.256099 0.0613124
0.0202968 0.0558839 9.9991E-05 0.21239 0.273242 0.288159 0.149928
0.0616291 0.0204406 0.197287 0.165038 0.276651 0.130964 0.147991
0.000724003 0.00420225 0.155268 0.156755 0.518125 0.0784967 0.0864289
0.13156 0.0132278 0.0747824 0.0818638 0.541356 0.15711 9.9991E-05
0.0219473 0.0619628 0.201731 0.080928 0.494803 0.0811089 0.0575192
0.0519452 0.0968288 9.9982E-05 0.289177 0.318614 0.243235 9.9982E-05
0.0440637 0.0385127 0.026489 0.179335 0.52003 0.19147 9.9991E-05
9.9991E-05 0.169762 0.0690968 0.357415 0.152941 0.233802 0.016883
0.0760212 0.0283319 9.9991E-05 0.111622 0.490624 0.187887 0.105413
9.9982E-05 0.133592 0.0869718 0.271647 0.168647 0.338943 9.9982E-05
0.0987379 0.0205738 0.103569 0.775443 0.00112999 9.9991E-05 0.000445953
0.691592 0.0202572 9.9982E-05 0.0587368 0.0838731 9.9982E-05 0.145341
0.859804 9.9955E-05 9.9955E-05 9.9955E-05 9.9955E-05 9.9955E-05 0.139696
0.891541 9.9955E-05 9.9955E-05 9.9955E-05 9.9955E-05 9.9955E-05 0.107959
0.829781 9.9964E-05 9.9964E-05 9.9964E-05 0.0517931 9.9964E-05 0.118026
0.823921 9.9973E-05 9.9973E-05 9.9973E-05 0.065461 0.000571968 0.109747
0.883244 9.9964E-05 9.9964E-05 9.9964E-05 0.0826032 9.9964E-05 0.0337529
0.823 9.9973E-05 0.0189255 0.0559183 9.9973E-05 9.9973E-05 0.101856
0.744321 9.9964E-05 9.9964E-05 0.162582 9.9964E-05 9.9964E-05 0.0926972
0.0320499 0.000408568 0.0276991 0.883595 9.9991E-05 0.00362362 0.0525235
0.110031 9.9973E-05 9.9973E-05 0.804948 0.0625331 9.9973E-05 0.022188
0.00915134 0.0193207 9.9982E-05 0.867871 0.0651888 0.038268 9.9982E-05
0.0346815 0.0139771 9.9982E-05 0.783033 0.0106178 9.9982E-05 0.15749
0.0219122 9.9973E-05 9.9973E-05 0.874726 9.9973E-05 0.0549235 0.0481385
0.0671507 0.0296718 9.9964E-05 0.902778 9.9964E-05 9.9964E-05 9.9964E-05
0.0225599 0.0358778 9.9982E-05 0.72962 0.0212001 0.190542 9.9982E-05
9.9991E-05 0.0361971 0.0100209 0.850942 0.0441512 0.0494889 0.0091003
0.0908111 9.9982E-05 0.0344048 0.692706 9.9982E-05 0.075698 0.106181
9.9964E-05 9.9964E-05 0.0155383 0.909747 9.9964E-05 0.0743146 9.9964E-05
0.00641921 9.9964E-05 9.9964E-05 0.955227 9.9964E-05 9.9964E-05 0.0379537
0.0381899 0.0179221 9.9991E-05 0.816179 0.059351 0.0443463 0.0239114
0.0641816 9.9964E-05 9.9964E-05 0.912597 0.0228217 9.9964E-05 9.9964E-05
0.0109151 9.9964E-05 9.9964E-05 0.886796 0.101889 9.9964E-05 9.9964E-05
0.00486698 9.9982E-05 0.0630944 0.859907 0.0298138 0.0421178 9.9982E-05
9.9964E-05 9.9964E-05 9.9964E-05 0.829602 0.130757 0.0392412 9.9964E-05
0.0023471 9.9973E-05 9.9973E-05 0.760737 0.103545 0.133071 9.9973E-05
0.010215 9.9973E-05 9.9973E-05 0.787834 0.136667 0.0649831 9.9973E-05
9.9973E-05 9.9973E-05 0.0240774 0.817456 0.129052 0.0291149 9.9973E-05
0.0609788 0.178636 0.0794843 0.156294 0.398201 0.00343227 0.122973
0.0463044 0.0848687 0.131877 0.0888719 0.647878 9.9982E-05 9.9982E-05
9.9991E-05 0.0669642 0.0554642 0.141767 0.597381 0.0466917 0.0916321
0.0734976 0.647157 9.9982E-05 0.0428549 0.235617 0.000673291 9.9982E-05
0.0260843 0.210939 9.9991E-05 0.0864736 0.586668 0.000525358 0.0892094
0.010168 0.643899 0.0160432 0.145542 0.184149 9.9982E-05 9.9982E-05
9.9982E-05 0.248221 9.9982E-05 0.0737132 0.640048 0.0251467 0.0126708
0.12368 0.133469 0.138368 0.057865 0.411875 9.9991E-05 0.134643
0.0949977 0.169439 0.0373519 0.090442 0.579973 9.9991E-05 0.0276965
9.9973E-05 9.9973E-05 0.328161 0.0467464 0.555951 9.9973E-05 0.0688424
0.0645329 0.198268 0.103165 0.0673395 0.485977 9.9991E-05 0.0806171
0.0486836 0.202021 9.9973E-05 0.024415 0.72458 9.9973E-05 9.9973E-05
0.14072 0.048264 0.0489434 0.103009 0.615191 9.9991E-05 0.0437726
0.274393 0.224379 0.092532 9.9991E-05 0.0163552 0.0641947 0.328047
0.14997 0.839606 9.9973E-05 0.000376133 0.00974788 9.9973E-05 9.9973E-05
0.110504 0.671927 9.9982E-05 0.0100102 0.174458 0.0329009 9.9982E-05
0.100867 0.143469 9.9982E-05 0.0927725 0.568187 0.094504 9.9982E-05
0.0180669 0.265576 9.9982E-05 0.142787 0.528464 9.9982E-05 0.0449053
0.0459231 0.258881 9.9982E-05 0.111149 0.530456 9.9982E-05 0.0533907
9.9982E-05 0.134062 0.0821762 0.0936135 0.686178 0.00377102 9.9982E-05
