0.021738 0.020838 0.94515 0.0121743 9.9991E-05
0.00307534 9.9982E-05 0.981691 0.0150334 9.9982E-05
9.999E-05 0.0466972 0.893541 0.0269826 0.0326788
9.9982E-05 0.134651 0.842255 0.0228934 9.9982E-05
9.9973E-05 0.0733573 0.926343 9.9973E-05 9.9973E-05
0.0247064 0.103915 0.683485 0.0894881 0.098406
0.0029207 0.0158642 0.830033 0.0579021 0.0932799
0.0317594 0.0161814 0.747476 0.117154 0.0874302
9.99729E-05 9.99729E-05 0.832844 0.166857 9.99729E-05
0.0157354 0.0370353 0.78206 0.0870104 0.0781589
9.999E-05 0.101807 0.776502 0.0568866 0.0647043
0.0409958 0.279076 0.0230994 0.571386 0.0854434
0.0799881 0.577316 0.0371738 0.305422 9.9991E-05
0.112353 0.28301 9.9991E-05 0.524745 0.0797915
0.141805 0.308148 0.0377465 0.440749 0.0715508
0.126075 0.432787 0.084784 0.311821 0.0445322
0.0924626 0.603107 0.0597206 0.18547 0.0592395
0.0641703 0.508057 0.0169957 0.330443 0.0803339
0.111666 0.271134 0.107658 0.433443 0.0760997
0.0102789 0.0766529 0.0027253 0.751786 0.158557
0.0461115 0.485414 0.0298433 0.343207 0.095424
0.0784924 0.462868 0.0629598 0.128808 0.266872
0.000659776 0.637786 0.0431095 0.247104 0.0713404
0.0722212 0.2597 0.0474522 0.499505 0.121122
0.0750989 0.65021 0.0978888 0.0978007 0.0790014
0.0416147 0.558861 0.0444245 0.317229 0.0378712
0.0346813 0.282899 0.0307165 0.518783 0.13292
0.10582 0.288721 0.0285144 0.475141 0.101803
9.9991E-05 0.293071 0.0220282 0.519284 0.165517
0.0215866 0.0927831 0.88543 9.9982E-05 9.9982E-05
9.9973E-05 0.116719 0.882981 9.9973E-05 9.9973E-05
0.0893781 0.076317 0.826685 0.00751955 9.9991E-05
0.0760433 0.161861 0.761896 9.9982E-05 9.9982E-05
9.9991E-05 0.599779 0.0787815 0.102714 0.218625
0.0564426 0.553259 0.0720912 0.185327 0.13288
9.9991E-05 0.679992 0.0164772 0.10107 0.20236
0.0173747 0.224858 0.0136097 0.707537 0.036621
9.9982E-05 0.429219 9.9982E-05 0.0586303 0.51195
0.0472558 0.613239 0.0511804 0.169376 0.118949
9.9982E-05 0.768674 0.0904443 9.9982E-05 0.140682
9.9991E-05 0.629656 0.172044 0.0530006 0.145199
0.00420381 0.669097 0.118598 0.0664447 0.141657
9.9982E-05 0.323016 9.9982E-05 0.372791 0.303993
0.0630322 0.619984 0.118718 9.9991E-05 0.198166
0.0237734 0.67087 0.0909757 0.065421 0.14896
0.0482881 0.633592 0.0952324 0.0603106 0.162577
9.9982E-05 0.506499 9.9982E-05 0.0405254 0.452775
0.00270209 0.706639 0.0781473 0.0506054 0.161906
0.0585448 0.568487 0.146503 0.0720162 0.154449
9.9982E-05 9.9982E-05 0.00311267 0.115108 0.881579
9.9982E-05 0.213814 9.9982E-05 0.645634 0.140352
0.0696106 0.192263 0.0277391 0.265546 0.444841
0.0774393 0.61473 0.0750165 0.155366 0.0774482
0.074786 0.609814 0.0774005 0.141342 0.096658
0.0537871 0.669056 0.108534 0.0855219 0.0831011
0.0112271 0.250633 0.0915408 0.561549 0.0850504
0.0170013 0.619957 0.0222239 0.340718 9.9991E-05
0.0350799 0.65433 0.0929964 0.174606 0.0429878
0.0110895 0.460727 0.145617 0.237368 0.145199
0.0233251 0.172921 0.162112 0.491819 0.149824
0.0441579 0.589954 0.0936638 0.170045 0.102179
0.0388558 0.539629 0.0797113 0.288956 0.0528485
9.9991E-05 0.137546 0.0569743 0.605705 0.199675
0.0230295 0.484259 9.9991E-05 0.431055 0.0615559
0.0616104 0.635841 0.0642052 0.12899 0.109353
0.00899368 0.693466 0.0864477 0.155733 0.0553594
0.0420834 0.33921 0.0752258 0.397714 0.145767
0.0795614 0.494861 0.0247363 0.285784 0.115057
0.0287715 0.629146 0.0387916 0.223082 0.0802087
9.9991E-05 0.293403 0.0440646 0.519586 0.142847
9.9982E-05 0.628369 9.9982E-05 0.121457 0.249974
9.9982E-05 0.400336 9.9982E-05 0.27068 0.328785
0.0591468 0.573758 0.107836 0.105035 0.154224
9.9982E-05 0.178307 9.9982E-05 0.0678502 0.753642
9.9982E-05 0.149442 9.9982E-05 0.0605087 0.78985
9.9982E-05 0.418437 9.9982E-05 0.0255725 0.55579
9.9991E-05 0.602674 0.0122898 0.162998 0.221938
0.0717533 0.611936 0.124013 0.0638479 0.12845
0.0256472 0.609388 9.9991E-05 0.00968447 0.35518
9.9991E-05 0.310129 0.0266097 0.353375 0.309786
9.9982E-05 0.427555 9.9982E-05 0.300993 0.271252
0.0311268 0.617621 0.0810682 0.106028 0.164157
9.9982E-05 0.491759 9.9982E-05 0.227675 0.280366
9.9982E-05 0.593921 9.9982E-05 0.174314 0.231565
9.9982E-05 0.613925 9.9982E-05 0.0215257 0.364349
0.0277634 0.0274453 9.9991E-05 0.102967 0.841725
0.016041 0.733995 0.0426266 9.9991E-05 0.207238
9.9982E-05 0.0685828 0.849097 0.0821201 9.9982E-05
9.9973E-05 0.061263 0.938437 9.9973E-05 9.9973E-05
0.0383523 0.098604 0.862844 9.9982E-05 9.9982E-05
0.0340406 0.0291584 0.936601 9.9982E-05 9.9982E-05
0.0418291 9.9973E-05 0.957871 9.9973E-05 9.9973E-05
0.029244 0.0723012 0.898255 9.9982E-05 9.9982E-05
9.9973E-05 0.0625163 0.937184 9.9973E-05 9.9973E-05
0.0327214 0.624034 0.089341 0.0832038 0.170699
0.0890587 0.600399 0.113529 0.095671 0.101343
9.9982E-05 0.208199 9.9982E-05 0.358275 0.433326
0.0863199 0.597969 0.0801668 0.100512 0.135033
9.9991E-05 0.542575 0.0137139 0.212219 0.231392
0.0048803 0.639602 0.0219615 0.127104 0.206451
9.9991E-05 0.665679 0.0299384 0.063026 0.241257
0.0359016 0.606384 9.9991E-05 0.129472 0.228142
9.9982E-05 0.153688 9.9982E-05 0.481002 0.36511
0.0585064 0.546101 0.146113 0.0769096 0.17237
0.0234895 0.739584 0.0649751 0.0649289 0.107022
0.0564734 0.655313 0.111677 0.0872856 0.089251
9.9991E-05 0.405203 0.0024553 0.105057 0.487184
9.9991E-05 0.625525 0.0231901 0.0189183 0.332266
9.9982E-05 0.611908 9.9982E-05 0.236037 0.151856
9.9982E-05 0.559897 9.9982E-05 0.0357756 0.404127
9.9991E-05 0.600223 0.0266455 0.240797 0.132235
0.0272847 0.648374 0.0812545 0.13775 0.105337
0.0767077 0.329884 0.0225915 0.32686 0.243956
9.9991E-05 0.474878 0.102646 0.353142 0.0692343
0.110144 0.520522 0.129331 0.135585 0.104418
0.0526781 0.648528 0.104747 0.101194 0.0928536
0.0348101 0.479668 0.046328 0.406893 0.0323009
0.0429931 0.629741 0.0514818 0.273505 0.00227824
9.9982E-05 0.502051 0.0589641 0.438785 9.9982E-05
0.081743 0.541913 0.0735392 0.128141 0.174664
0.107755 0.594298 0.072319 0.192942 0.0326863
9.9991E-05 0.629839 0.0588828 0.268025 0.0431532
9.9991E-05 0.647087 0.0499481 0.279365 0.0235006
0.0599664 0.644917 0.0664156 0.132031 0.0966691
0.0435569 0.628691 0.163098 0.126376 0.0382772
0.0976812 0.586483 0.0147654 0.17036 0.130711
0.0791429 0.580095 0.102054 0.116013 0.122695
0.0572629 0.621777 0.0388855 0.138155 0.14392
0.0718851 0.332538 0.108237 0.240394 0.246946
0.0963122 0.625997 0.0324247 0.168067 0.0771989
0.0399863 0.700969 0.0317689 0.14816 0.0791166
0.0381184 0.235599 9.9991E-05 0.642773 0.0834099
0.0861085 0.153646 9.9991E-05 0.31043 0.449715
0.0204068 0.617078 0.0433955 0.22429 0.09483
0.0182262 0.123114 9.9991E-05 0.325626 0.532933
9.9982E-05 0.409557 9.9982E-05 0.552479 0.0377634
9.9982E-05 0.503908 9.9982E-05 0.475429 0.0204633
9.9991E-05 0.413873 0.0252671 0.509967 0.0507931
0.0026625 0.384867 9.9991E-05 0.570697 0.0416735
0.040243 0.643081 0.0778827 0.185851 0.0529428
0.0656855 0.596749 0.0856174 0.187286 0.0646621
0.0331536 0.632014 0.0593014 0.24058 0.0349506
0.0663732 0.18688 9.9991E-05 0.385901 0.360746
0.0432753 0.564996 0.149806 0.0967035 0.145219
0.0791558 0.46792 0.0906122 0.0588101 0.303502
0.00264661 9.9991E-05 0.183301 0.0401255 0.773826
0.0629869 0.662585 0.080621 0.0371891 0.156618
0.0520011 0.318156 0.0978287 0.0836793 0.448335
0.081201 0.534671 0.132684 0.0557704 0.195674
9.9991E-05 0.275051 0.133108 0.08239 0.509351
9.9991E-05 0.133572 0.129369 0.110602 0.626356
0.0350749 0.431856 0.0819386 0.0984926 0.352638
0.0912091 0.47602 0.12811 0.146085 0.158575
0.0734246 0.421316 0.185776 0.118069 0.201415
0.118656 0.121826 0.0474371 0.13323 0.57885
0.071788 0.564065 0.0889389 0.0859929 0.189215
9.9982E-05 0.393709 9.9982E-05 0.0785103 0.52758
9.9982E-05 0.492708 9.9982E-05 0.074435 0.432657
0.0742546 0.594022 0.0933107 0.0752381 0.163175
0.277276 0.11633 0.400475 0.0066619 0.199257
0.151681 9.9982E-05 0.522353 9.9982E-05 0.325765
0.129887 9.9982E-05 0.519867 9.9982E-05 0.350046
0.28534 0.0544381 0.402016 9.9991E-05 0.258106
9.9991E-05 0.677643 0.0176374 0.0415507 0.263069
0.0321622 0.637738 0.108061 0.091829 0.13021
0.674145 0.298516 9.9982E-05 0.0271386 9.9982E-05
0.489757 0.381333 0.0286706 0.10014 9.9991E-05
0.383064 0.411991 0.0875333 0.0805155 0.0368965
0.0196368 0.292263 0.0520964 0.0350157 0.600988
0.08411 0.492829 0.146294 0.10558 0.171187
0.0101312 0.298974 9.9991E-05 0.069018 0.621776
0.0131552 0.619582 0.0981761 9.99997E-05 0.268987
0.0666828 0.496796 0.0436335 0.0620966 0.330791
0.00292407 0.610318 0.0637793 9.9991E-05 0.322879
0.0247238 0.212192 0.0347499 0.021636 0.706698
0.0785534 0.653225 0.0806746 9.9991E-05 0.187447
0.0639657 0.609283 0.105357 0.029319 0.192076
0.955535 0.031862 0.0124032 9.9982E-05 9.9982E-05
0.908485 0.0870756 9.9982E-05 0.0042394 9.9982E-05
0.549636 0.323947 0.0306774 0.0701745 0.0255651
0.615215 0.384485 9.9973E-05 9.9973E-05 9.9973E-05
0.807997 0.154374 0.00443786 0.0330907 9.9991E-05
0.9996 9.997E-05 9.997E-05 9.997E-05 9.997E-05
0.972221 9.9973E-05 9.9973E-05 0.0274792 9.9973E-05
0.858781 0.140919 9.9973E-05 9.9973E-05 9.9973E-05
0.935867 9.9973E-05 9.9973E-05 0.0638332 9.9973E-05
0.9996 9.997E-05 9.997E-05 9.997E-05 9.997E-05
0.9996 9.997E-05 9.997E-05 9.997E-05 9.997E-05
0.784563 0.186297 9.9982E-05 0.0289409 9.9982E-05
0.815578 0.109444 0.0189596 0.055918 9.9991E-05
0.9996 9.997E-05 9.997E-05 9.997E-05 9.997E-05
0.408686 0.378627 0.102037 0.0673689 0.0432807
0.654497 0.264481 0.0449219 0.0359996 9.9991E-05
0.810823 0.15046 0.0310952 0.00752174 9.9991E-05
0.906896 0.0822194 9.9982E-05 0.0106843 9.9982E-05
0.9996 9.997E-05 9.997E-05 9.997E-05 9.997E-05
0.966654 0.0280763 9.9982E-05 0.00507018 9.9982E-05
0.9996 9.997E-05 9.997E-05 9.997E-05 9.997E-05
0.634835 0.293859 0.0456581 0.0214365 0.00421155
0.961642 0.0263121 0.00133167 0.00657292 0.00414169
0.0625514 9.9982E-05 0.342418 9.9982E-05 0.594831
0.122282 0.338737 0.239731 0.0217813 0.27747
0.061739 0.466099 0.202587 9.9991E-05 0.269475
0.122723 0.166678 0.25264 9.9991E-05 0.45786
0.149445 0.458762 0.128522 0.0849627 0.178308
0.136685 0.0955861 0.29446 9.9991E-05 0.473169
0.130095 0.4547 0.156655 0.0706231 0.187927
0.145932 0.299412 0.234546 9.9991E-05 0.320011
0.110367 0.486485 0.225617 9.9991E-05 0.177431
0.129224 0.380724 0.247821 9.9991E-05 0.242132
0.116632 0.453714 0.22616 0.0265814 0.176913
9.9991E-05 0.0599412 0.91886 0.0181642 0.00293437
0.0521919 9.9991E-05 0.920136 0.00590665 0.0216655
9.9973E-05 9.9973E-05 0.974383 0.0253176 9.9973E-05
9.9982E-05 9.9982E-05 0.988125 0.0105083 0.00116716
9.9982E-05 0.0561196 0.914354 0.0293266 9.9982E-05
9.997E-05 9.997E-05 0.9996 9.997E-05 9.997E-05
0.00549872 0.047172 0.944982 0.00224721 9.9991E-05
9.9982E-05 0.00718641 0.946188 0.0464253 9.9982E-05
0.0197178 0.0256992 0.919409 0.0176269 0.0175466
0.0249238 0.0117931 0.933597 0.0237583 0.00592756
9.9982E-05 9.9982E-05 0.600486 0.327918 0.0713969
9.9982E-05 9.9982E-05 0.603187 0.359623 0.0369898
9.9982E-05 9.9982E-05 0.546213 0.358453 0.0951339
9.9982E-05 9.9982E-05 0.454263 0.447206 0.0983311
0.020929 0.559948 0.0685187 0.23728 0.113325
0.0418042 0.596541 0.0124232 0.144988 0.204244
0.00219917 0.667302 0.0208815 0.273238 0.036379
9.9982E-05 0.469812 9.9982E-05 0.382444 0.147544
0.0073319 0.24439 9.9991E-05 0.618769 0.129408
0.00743707 0.748309 0.0397522 0.132757 0.071745
0.0131608 0.72386 9.9991E-05 0.175804 0.087076
0.0102294 0.636994 9.9991E-05 0.0809985 0.271678
9.9973E-05 0.555166 9.9973E-05 9.9973E-05 0.444534
0.0612789 0.674515 0.0532062 0.127492 0.0835076
9.9991E-05 0.597269 0.00316322 0.211981 0.187487
9.9982E-05 0.145197 9.9982E-05 0.0953904 0.759213
0.0236127 0.640184 0.0882595 0.149566 0.0983784
9.9982E-05 0.329011 9.9982E-05 0.0187962 0.651993
9.9991E-05 0.643821 0.0123006 0.111566 0.232213
9.9982E-05 0.334234 9.9982E-05 0.367578 0.297988
9.9982E-05 9.9982E-05 0.166811 0.76369 0.0692983
9.9991E-05 0.0782011 0.131708 0.735015 0.0549753
9.9991E-05 0.034784 0.12639 0.768887 0.0698397
9.9982E-05 9.9982E-05 0.143717 0.800007 0.0560765
9.9991E-05 0.115455 0.0661949 0.805212 0.0130377
0.0481562 0.0736591 0.0832229 0.757968 0.0369937
0.0270713 0.0694799 0.888299 0.0150502 9.9991E-05
9.9982E-05 0.122864 0.846958 0.0299779 9.9982E-05
0.0366254 0.138896 0.814048 0.010331 9.9991E-05
0.0574254 0.0458407 0.847313 0.0493212 9.9991E-05
0.0416015 0.154742 0.803456 9.9982E-05 9.9982E-05
9.9982E-05 9.9982E-05 0.401494 0.568631 0.0296755
9.9982E-05 9.9982E-05 0.449688 0.537207 0.0129049
0.00628554 0.00669395 0.443831 0.543089 9.9991E-05
0.00767015 0.111971 0.857814 0.0224455 9.9991E-05
9.9982E-05 9.9982E-05 0.39073 0.58475 0.0243206
0.341543 0.26449 0.291109 9.9991E-05 0.102759
0.212316 0.558463 0.137758 0.0691286 0.0223344
0.254557 0.540825 0.204418 9.9982E-05 9.9982E-05
0.287438 0.304388 0.294285 9.9991E-05 0.113788
0.150192 0.514863 0.194331 0.0813653 0.0592487
0.319018 9.9982E-05 0.472291 9.9982E-05 0.20849
9.9991E-05 0.517002 0.00866397 0.431461 0.0427738
0.0324264 0.463144 9.9991E-05 0.207782 0.296547
9.9982E-05 0.342238 9.9982E-05 0.573711 0.0838511
0.0213334 0.579298 0.00132019 0.156553 0.241496
9.9973E-05 9.9973E-05 9.9973E-05 0.321428 0.678272
0.0652619 0.557443 0.0469314 0.216894 0.11347
0.0703154 0.572311 0.0163088 0.148192 0.192873
9.9991E-05 0.391937 0.0481602 0.479829 0.0799746
0.0643364 0.564205 0.060704 0.234602 0.0761525
9.9982E-05 0.199377 9.9982E-05 0.310672 0.489751
0.0134255 0.609151 0.0451947 0.169007 0.163222
0.00793091 0.572445 0.0295328 0.330788 0.0593031
0.146264 0.41811 0.137145 0.0934671 0.205015
0.0411101 0.358557 9.9991E-05 0.278451 0.321782
0.0670758 0.420883 9.9991E-05 0.232084 0.279857
0.0227279 0.633287 0.0235609 0.188927 0.131497
9.9991E-05 0.614877 0.00610957 0.18647 0.192443
0.0929402 0.660629 0.0175196 0.0803771 0.148534
0.0654952 0.591761 0.101106 0.16382 0.077818
0.00496669 0.613897 0.110191 0.184257 0.0866877
0.0407245 0.115935 0.84314 9.9982E-05 9.9982E-05
9.9973E-05 0.120229 0.879471 9.9973E-05 9.9973E-05
9.9991E-05 0.0543975 0.926088 0.0108301 0.00858456
0.0537731 0.00511605 0.914837 0.0261742 9.9991E-05
9.9973E-05 0.0917042 0.907996 9.9973E-05 9.9973E-05
0.0554344 0.149504 0.0150976 0.666553 0.113411
0.0986398 0.549675 0.0364614 0.18169 0.133533
0.246897 0.40032 0.208406 0.0367377 0.107639
0.0495284 0.680759 0.0369446 0.232668 9.9991E-05
0.0203546 0.556505 0.0269709 0.381066 0.0151035
0.0364105 0.304439 9.9991E-05 0.297772 0.361278
0.0203689 0.0391148 0.0614153 0.802622 0.0764786
0.0522965 0.493137 0.0523005 0.388886 0.0133798
0.0479707 0.291053 0.0440269 0.582743 0.0342067
0.0516205 0.498521 0.0532683 0.203938 0.192652
0.00601106 0.217967 0.068863 0.64293 0.0642287
0.06482 0.58416 0.0769073 0.274013 9.9991E-05
0.022864 0.193708 0.0482718 0.626552 0.108605
0.132211 0.292072 9.9991E-05 0.304479 0.271139
0.000138924 0.63806 0.147578 0.0340818 0.180142
9.9991E-05 0.32866 0.0515693 0.115126 0.504544
0.0287898 0.56366 0.0545306 0.0606847 0.292335
0.0502974 0.55916 0.153497 0.0240875 0.212958
9.9991E-05 0.276976 0.0482282 0.0737537 0.600942
0.0704395 0.549804 0.106459 0.0690367 0.20426
9.9991E-05 0.563195 0.0775278 0.040174 0.319004
9.9982E-05 0.186213 0.026581 9.9982E-05 0.787006
9.9991E-05 0.222829 0.0470094 0.0322844 0.697777
9.9991E-05 0.483908 0.0491322 0.0525754 0.414285
9.9991E-05 0.1268 0.0110958 0.0821201 0.779884
9.9991E-05 0.482442 0.0438444 0.108415 0.365198
0.018935 0.192923 9.9991E-05 0.755953 0.0320888
0.104356 0.202522 9.9991E-05 0.357653 0.33537
0.0943596 0.399435 0.0184495 0.487656 9.9991E-05
0.0761023 0.587027 0.0146717 0.301206 0.0209935
0.0308003 0.281877 9.9991E-05 0.668294 0.0189286
0.0661711 0.538803 0.0605259 0.227209 0.107291
0.0669134 0.599952 0.0329974 0.300037 9.9991E-05
0.0631942 0.534608 0.0219822 0.241254 0.138962
0.0877067 0.540501 9.9991E-05 0.277898 0.0937952
0.0630474 0.481856 9.9991E-05 0.451361 0.00363608
0.0210881 0.33772 9.9991E-05 0.582428 0.0586638
0.0496457 0.466348 9.9991E-05 0.477553 0.00635338
0.0598421 0.618733 9.9991E-05 0.217663 0.103662
0.0784919 0.61921 0.0491794 0.128589 0.124529
0.119249 0.347724 0.0459104 0.29789 0.189227
0.124949 0.465404 9.9991E-05 0.251715 0.157832
0.0666913 0.394455 9.9991E-05 0.512387 0.0263673
0.0884366 0.560644 0.00717112 0.306698 0.0370502
0.0976497 0.493586 0.0392639 0.335022 0.0344783
0.0755285 0.603566 0.0900495 0.187714 0.0431414
0.143989 0.475984 0.340404 0.031541 0.00808197
0.164551 0.560542 0.168697 0.0109865 0.0952226
0.172957 0.460352 0.157048 0.099543 0.110099
0.155602 0.581416 0.14577 0.0153782 0.101834
0.204956 0.473708 0.218915 9.9991E-05 0.102321
0.0371925 0.525917 9.9991E-05 0.173661 0.263129
0.181709 0.499195 0.131932 0.0491971 0.137968
0.200408 0.021343 0.253717 0.0793962 0.445137
0.150576 0.584147 0.122265 0.0704467 0.0725651
0.147637 0.549195 0.18125 0.0451061 0.0768126
0.180679 0.539498 0.11062 0.0394163 0.129786
0.10601 0.366785 0.208986 0.0553974 0.262822
0.135151 0.587814 0.217067 0.0436706 0.0162978
0.167819 0.550544 0.195816 0.0316569 0.0541645
0.146303 9.9982E-05 0.526131 9.9982E-05 0.327366
0.150882 0.541311 0.224494 9.9991E-05 0.083213
0.220562 0.517964 0.197673 9.9991E-05 0.0637008
0.14403 0.580837 0.0884036 0.0425088 0.144221
0.196778 0.540004 0.20221 9.9991E-05 0.0609082
0.129162 0.54507 0.217684 0.0580661 0.0500175
0.00508029 0.531286 0.0706553 0.0023954 0.390583
0.0724916 0.577554 0.0656648 0.0603315 0.223958
0.0201994 0.025664 9.9991E-05 0.114025 0.840011
9.9982E-05 0.0970805 9.9982E-05 0.0637902 0.838929
0.0506211 0.520015 0.0733176 9.9991E-05 0.355946
0.363197 0.328548 0.137369 0.00962511 0.16126
0.296046 0.352326 0.18841 9.9991E-05 0.163118
0.30513 0.19836 0.198399 9.9991E-05 0.298011
0.268552 0.376403 0.163073 9.9991E-05 0.191872
0.0893041 0.141476 0.123118 9.9991E-05 0.646001
0.0946239 0.199554 0.0952316 9.9991E-05 0.610491
0.0650532 0.63983 0.0082647 9.9991E-05 0.286752
0.128456 0.441038 0.0736249 9.9991E-05 0.356781
0.0958883 0.284804 0.0519169 0.00613314 0.561257
0.0908559 0.582958 0.0351609 0.0695204 0.221505
0.0478514 0.665423 0.0745345 9.9991E-05 0.212092
0.12599 0.522959 0.087653 0.0152731 0.248125
0.01101 0.439407 0.0120609 0.0310926 0.506429
0.0204033 0.44169 0.0177348 0.0691654 0.451006
0.0509968 0.573049 0.0160083 0.0772556 0.28269
0.0466325 0.459466 0.066234 0.119337 0.30833
0.0373286 0.558926 0.117655 0.0467408 0.23935
0.00160392 0.554603 9.9991E-05 0.0282862 0.415407
9.9982E-05 0.294781 9.9982E-05 0.025442 0.679577
0.0146437 0.669901 0.0480087 9.9991E-05 0.267346
0.0217284 0.247954 9.9991E-05 0.106471 0.623746
9.9982E-05 0.547975 0.0292757 9.9982E-05 0.422549
0.057749 0.549525 0.0760066 0.0675148 0.249205
0.0731844 0.543581 0.0459562 0.0877025 0.249576
0.137514 0.491158 0.20184 0.0246101 0.144879
0.13143 0.494654 0.197389 9.9991E-05 0.176426
0.292199 0.316105 0.225256 9.9991E-05 0.16634
0.241667 0.340545 0.208966 9.9991E-05 0.208722
0.232249 0.394204 0.169377 0.0747561 0.129415
0.146359 0.492006 0.144578 9.9991E-05 0.216957
0.174114 9.9982E-05 0.184879 9.9982E-05 0.640807
0.202202 0.567947 0.0990026 9.9991E-05 0.130748
0.138357 9.9982E-05 0.3566 9.9982E-05 0.504843
0.196966 0.533648 0.0848243 0.00381024 0.180752
9.9973E-05 0.249648 9.9973E-05 9.9973E-05 0.750052
9.9982E-05 0.0815328 9.9982E-05 0.0283475 0.88992
0.0115573 0.574549 9.9991E-05 0.0517272 0.362067
0.0472921 0.633796 0.0362474 0.0207977 0.261867
9.9982E-05 0.505464 9.9982E-05 0.0354365 0.458899
0.014081 0.670435 9.9991E-05 0.0357969 0.279587
0.00845727 0.667708 9.9982E-05 9.9982E-05 0.323635
0.00546037 0.0504466 0.872164 0.0718288 9.9991E-05
0.0793206 0.0175801 0.766054 0.0679773 0.0690676
0.0295291 9.9982E-05 0.934654 0.0356168 9.9982E-05
9.9973E-05 0.0388137 0.960886 9.9973E-05 9.9973E-05
0.0281615 0.611601 0.0373664 0.0738507 0.24902
9.9991E-05 0.675115 0.0261172 0.13228 0.166388
9.9991E-05 0.653981 0.0119201 0.158504 0.175495
0.0107617 0.659155 0.0664216 0.143206 0.120455
0.0261345 0.605262 0.120211 0.0802776 0.168114
9.9991E-05 0.459524 0.0105616 0.254179 0.275635
9.9991E-05 0.786762 0.00120889 0.0538035 0.158125
9.9982E-05 0.438105 9.9982E-05 0.0304633 0.531232
0.174528 0.427262 0.319673 0.078437 9.9991E-05
0.009335 0.536239 9.9991E-05 0.0387672 0.415559
9.9982E-05 0.49558 9.9982E-05 0.221879 0.282341
9.9982E-05 0.6552 9.9982E-05 0.0499364 0.294664
9.9982E-05 0.586683 9.9982E-05 0.253607 0.15951
9.9973E-05 0.707893 9.9973E-05 9.9973E-05 0.291807
9.9991E-05 0.615216 0.0820714 0.14118 0.161432
9.9982E-05 0.211982 9.9982E-05 0.0156051 0.772213
9.9982E-05 0.464054 9.9982E-05 0.0350345 0.500711
0.00579281 0.49388 9.9991E-05 0.00876173 0.491465
9.9982E-05 0.0645671 9.9982E-05 0.0117574 0.923476
9.9991E-05 0.513714 0.0340373 0.22223 0.229919
9.9982E-05 0.204692 9.9982E-05 0.0584178 0.736691
9.9982E-05 0.0508 9.9982E-05 0.0497274 0.899273
0.0614524 0.624643 0.026953 0.0349566 0.251995
9.9982E-05 0.347978 9.9982E-05 0.366405 0.285417
9.9991E-05 0.579678 0.00421248 0.167617 0.248392
0.0635405 0.624068 0.11595 0.022091 0.174351
0.00666791 0.627314 0.0159544 0.194837 0.155226
0.0488646 0.415547 9.9991E-05 0.27252 0.262969
0.0118989 0.671135 0.0301782 0.138779 0.148009
9.9991E-05 0.655442 0.00496271 0.207619 0.131877
9.9982E-05 0.452208 9.9982E-05 0.0668953 0.480697
0.0274621 0.57231 0.121678 0.129064 0.149486
9.9982E-05 9.9982E-05 0.699778 0.275026 0.0249957
9.9982E-05 9.9982E-05 0.786549 0.170891 0.0423598
9.9973E-05 9.9973E-05 0.856338 0.143362 9.9973E-05
9.9982E-05 9.9982E-05 0.860495 0.13648 0.00282465
9.9991E-05 0.0274822 0.748025 0.178302 0.0460907
9.9991E-05 0.322356 0.0126584 0.350933 0.313953
9.9982E-05 0.338002 9.9982E-05 0.313301 0.348497
9.9982E-05 0.37886 9.9982E-05 0.0296144 0.591326
0.0291956 0.664247 0.142019 9.9991E-05 0.164439
0.0318324 0.634197 0.119902 0.0989379 0.11513
0.013608 0.427676 9.9991E-05 0.0652508 0.493365
0.0444704 0.693721 0.0236048 0.030493 0.207711
0.0327101 0.517784 0.0589634 0.0295321 0.36101
9.9991E-05 0.661171 0.0248115 0.143196 0.170722
0.0209981 0.705782 0.0703184 0.0605839 0.142317
9.9982E-05 0.388438 9.9982E-05 0.289059 0.322304
9.9982E-05 0.465417 9.9982E-05 0.288809 0.245574
9.9982E-05 0.472322 9.9982E-05 0.250663 0.276815
9.9991E-05 0.693242 0.157168 0.0159024 0.133588
9.9982E-05 0.531265 9.9982E-05 0.248892 0.219643
9.9991E-05 0.55313 0.0129687 0.217878 0.215923
0.38287 0.440262 0.0870373 0.0551925 0.0346381
0.441526 0.348513 0.158993 9.9991E-05 0.0508681
0.431838 0.424044 0.132031 0.011986 9.9991E-05
0.542029 0.279696 0.155733 9.9991E-05 0.0224421
0.363708 0.4396 0.103614 0.0444227 0.0486558
0.00477311 0.56382 0.0806447 9.9991E-05 0.350662
0.654653 9.9991E-05 0.254686 0.0286224 0.0619383
0.554262 0.24262 0.139113 0.0477972 0.016208
0.154016 0.399326 0.211722 9.9991E-05 0.234836
9.9991E-05 0.578084 0.148321 0.0717232 0.201772
9.9991E-05 0.523384 0.16911 0.0848836 0.222522
0.0186511 0.621807 0.163514 0.00656342 0.189464
0.0340075 0.610596 0.158038 0.0543236 0.143035
0.439065 0.375135 0.1856 9.9982E-05 9.9982E-05
0.376439 0.42694 0.165674 0.0308463 9.9991E-05
0.527585 0.389773 0.0824421 9.9982E-05 9.9982E-05
0.305505 0.485963 0.171092 0.0117732 0.0256674
0.53391 0.207236 0.145678 0.0348208 0.0783541
0.322461 0.445452 0.132466 0.0261506 0.07347
0.571582 0.227148 0.132051 0.0691189 9.9991E-05
0.370799 0.385744 0.0867648 0.0695769 0.0871159
0.0444685 0.488373 0.164252 9.9991E-05 0.302806
0.34023 0.435248 0.18282 0.0186049 0.0230975
0.572185 0.15137 0.239084 9.9991E-05 0.0372616
0.389996 0.390098 0.111342 0.0749375 0.0336264
9.9991E-05 0.327805 0.218982 0.183446 0.269667
0.0493257 0.633455 0.0924567 9.9991E-05 0.224663
0.349991 0.386674 0.152194 0.0632582 0.0478824
9.9991E-05 0.56615 0.172664 0.12002 0.141065
9.9991E-05 0.523545 0.209335 0.0773315 0.189688
0.280178 0.309289 0.196722 0.026027 0.187783
0.259242 0.375054 0.245889 0.000429929 0.119385
0.0644748 0.593837 0.142711 0.0870129 0.111965
0.329642 0.428613 0.137292 0.0666735 0.037779
0.482193 0.41945 0.0981564 9.9982E-05 9.9982E-05
0.622327 0.13482 0.212921 9.9991E-05 0.0298327
0.0249254 0.648379 0.135475 0.0662047 0.125017
9.9991E-05 0.483172 0.185468 0.0350536 0.296206
0.0348575 0.12859 0.158415 9.9991E-05 0.678038
0.061289 0.64204 0.156656 9.9991E-05 0.139914
9.9991E-05 0.452923 0.131079 0.120407 0.295491
0.207396 0.454565 0.181445 0.00653664 0.150057
0.112101 0.458955 0.223161 0.0570134 0.148769
0.13419 9.9982E-05 0.413487 9.9982E-05 0.452123
0.0990888 9.9982E-05 0.375021 9.9982E-05 0.52569
0.122477 0.295371 0.22697 9.9991E-05 0.355082
0.198078 0.0156608 0.36997 9.9991E-05 0.416191
0.202943 9.9982E-05 0.506428 9.9982E-05 0.290429
0.11376 0.389969 0.217249 9.9991E-05 0.278922
0.135461 0.379849 0.282344 0.000949249 0.201398
0.190866 0.0923663 0.335359 9.9991E-05 0.381309
0.15041 0.0616758 0.321676 9.9991E-05 0.466138
0.105593 0.523777 0.225002 9.9991E-05 0.145528
0.158266 0.138743 0.282719 9.9991E-05 0.420172
0.0626054 9.9982E-05 0.429111 9.9982E-05 0.508083
0.124271 0.599604 0.114412 0.0587403 0.102973
0.229143 0.315731 0.20733 0.0141026 0.233694
0.169481 0.462509 0.343759 0.00825406 0.0159977
0.239323 0.577474 0.183003 9.9982E-05 9.9982E-05
0.22883 0.564103 0.180694 9.9991E-05 0.0262736
0.240255 0.526684 0.180128 9.9991E-05 0.0528322
0.199185 0.324657 0.377931 0.0981267 9.9991E-05
0.200232 0.524229 0.225283 0.0501553 9.9991E-05
0.186673 0.501428 0.278281 0.0209212 0.0126962
0.2594 0.26727 0.272829 9.9991E-05 0.200401
0.108013 0.383929 0.20622 0.179385 0.122453
0.151603 0.519386 0.212118 0.046342 0.0705505
0.192065 0.521719 0.164515 0.0621906 0.0595105
0.112964 0.593462 0.177391 0.0411032 0.0750796
0.227163 0.420645 0.329912 0.0175301 0.00475006
0.171585 0.532219 0.25603 9.9991E-05 0.0400661
0.322528 0.0176756 0.407126 9.9991E-05 0.252571
0.140457 0.581879 0.197053 0.0168996 0.0637112
0.312452 0.146544 0.339506 9.9991E-05 0.201398
0.0013519 9.9982E-05 0.821773 0.176675 9.9982E-05
0.027312 0.160313 0.0277357 0.78454 9.9991E-05
9.997E-05 9.997E-05 9.997E-05 0.9996 9.997E-05
9.997E-05 9.997E-05 9.997E-05 0.9996 9.997E-05
0.0031758 0.0192404 9.9982E-05 0.977384 9.9982E-05
0.00885689 9.9973E-05 9.9973E-05 0.990843 9.9973E-05
9.9973E-05 0.028727 9.9973E-05 0.970973 9.9973E-05
9.997E-05 9.997E-05 9.997E-05 0.9996 9.997E-05
9.9973E-05 9.9973E-05 0.133066 0.866634 9.9973E-05
9.9991E-05 0.0260559 0.914633 0.0384746 0.0207368
9.9982E-05 0.0643748 0.791779 0.143647 9.9982E-05
0.00191642 0.0308434 0.907938 0.0383769 0.0209256
9.9982E-05 0.0262109 0.88129 0.0922994 9.9982E-05
9.9982E-05 0.0207499 0.879352 0.0996983 9.9982E-05
9.9982E-05 0.040953 0.924536 0.0343114 9.9982E-05
0.0725279 0.107379 0.78833 0.0101595 0.0216032
9.9973E-05 0.09858 0.90112 9.9973E-05 9.9973E-05
0.059787 0.123582 0.718309 0.0837204 0.0146014
0.0506546 0.0283447 0.920801 9.9982E-05 9.9982E-05
9.997E-05 9.997E-05 0.9996 9.997E-05 9.997E-05
0.0120736 0.057647 0.903105 0.0270741 9.9991E-05
9.9973E-05 9.9973E-05 0.993545 0.00615496 9.9973E-05
9.9973E-05 0.0508739 0.948826 9.9973E-05 9.9973E-05
0.00953617 0.0892702 0.900994 9.9982E-05 9.9982E-05
0.00548426 0.0581404 0.936175 9.9982E-05 9.9982E-05
0.0526073 0.068573 0.87862 9.9982E-05 9.9982E-05
0.0330438 0.0970092 0.869747 9.9982E-05 9.9982E-05
0.0615467 0.114674 0.823579 9.9982E-05 9.9982E-05
9.9991E-05 0.437497 0.160788 0.111226 0.290389
9.9991E-05 0.736988 0.0993489 0.033847 0.129716
0.0800047 0.61238 0.151015 0.0741499 0.0824511
0.0336294 0.0990991 0.136978 9.9991E-05 0.730193
0.0174666 0.517862 0.126705 0.118025 0.219942
0.0180861 0.0829635 0.184846 9.9991E-05 0.714004
0.0884483 0.630976 0.0921223 9.9991E-05 0.188354
9.9991E-05 0.461329 0.175502 0.137971 0.225098
9.9991E-05 0.525355 0.227225 0.0276105 0.21971
9.9991E-05 0.624826 0.0518784 0.146282 0.176914
9.9991E-05 0.508011 0.16787 0.10302 0.220999
0.0309032 0.684802 0.112636 9.9991E-05 0.171559
0.00191969 0.571418 0.143355 0.0753458 0.207961
0.106421 0.0189574 9.9991E-05 0.473576 0.400946
9.9973E-05 9.9973E-05 0.17831 9.9973E-05 0.82139
0.0305047 0.13293 0.151149 9.9991E-05 0.685317
0.00509656 0.652041 0.150712 9.9991E-05 0.19205
0.0603092 0.47204 0.098478 9.9991E-05 0.369073
9.9982E-05 0.632456 0.130976 9.9982E-05 0.236369
0.0794439 0.636072 0.125915 0.0043217 0.154247
0.184233 0.456928 0.229217 0.0781688 0.0514525
0.141732 0.586013 0.240753 0.011497 0.0200048
0.144484 0.17058 0.401187 0.225616 0.0581331
0.0870722 0.576819 0.17637 0.0939152 0.0658235
0.131602 0.446854 0.234091 0.174141 0.0133125
0.169302 9.9982E-05 0.435631 9.9982E-05 0.394866
0.217272 0.30915 0.31668 9.9991E-05 0.156797
0.163649 0.312412 0.354885 0.0881387 0.0809151
0.0975568 0.426489 0.339528 0.125167 0.0112595
0.102975 0.549318 0.206696 0.0749176 0.0660929
0.109999 0.550274 0.207999 0.0556053 0.076123
0.0840735 0.662747 0.187264 0.0542174 0.0116979
0.166182 0.433226 0.202268 0.0239942 0.17433
0.117917 0.245698 0.510902 0.040257 0.0852266
