0.938061 0.0371844 0.0114385 9.9991E-05 0.0132156
0.998433 0.00126753 9.9973E-05 9.9973E-05 9.9973E-05
0.909777 9.9991E-05 0.0595694 0.0110193 0.0195345
0.853633 9.9982E-05 0.121051 9.9982E-05 0.0251159
0.928189 9.9982E-05 0.0671504 9.9982E-05 0.00446017
0.681908 0.0342677 0.108548 0.11426 0.0610155
0.835852 9.9982E-05 9.9982E-05 0.118685 0.0452637
0.753151 0.00777505 0.0289013 0.121011 0.0891619
0.829672 9.9982E-05 9.9982E-05 0.032105 0.138023
0.800573 9.9991E-05 0.0420467 0.0893857 0.0678949
0.773868 9.9991E-05 0.104628 0.0675248 0.0538791
0.0275159 0.026323 0.313526 0.109759 0.522875
0.0338069 0.0840539 0.579654 0.0259445 0.27654
0.00695689 0.131811 0.254612 0.102663 0.503957
0.0404968 0.138599 0.320099 0.0281324 0.472672
0.0785866 0.14857 0.456518 0.0273461 0.288979
0.0471502 0.0839866 0.638539 0.0514974 0.178827
0.0465095 0.0507687 0.535206 0.0818886 0.285627
0.104542 0.0929701 0.332448 0.055761 0.414279
0.0397441 0.0320688 0.0768558 0.148527 0.702805
0.0587717 0.0148508 0.556071 0.0836521 0.286655
0.0554841 0.0884363 0.492636 0.243227 0.120217
0.00629045 0.0831243 0.580945 0.0660196 0.263621
0.0810782 0.0817888 0.277975 0.118492 0.440665
0.0934992 0.119153 0.651683 0.0390546 0.09661
0.026669 0.0608159 0.570997 0.0479268 0.293592
0.0544361 0.0282608 0.298011 0.0830771 0.536215
0.0490611 0.0679501 0.364092 0.0460424 0.472854
0.01075 9.9991E-05 0.309149 0.179622 0.500378
0.905328 9.9973E-05 0.0943725 9.9973E-05 9.9973E-05
0.885272 9.9973E-05 0.114429 9.9973E-05 9.9973E-05
0.802389 0.0920925 0.0888364 9.9991E-05 0.0165819
0.763116 0.0870839 0.1496 9.9982E-05 9.9982E-05
0.110144 9.9991E-05 0.619441 0.158865 0.11145
0.101155 0.0524319 0.607356 0.158953 0.0801034
0.0138976 0.000414067 0.67156 0.261441 0.052687
0.0309029 0.0312294 0.207058 0.0244586 0.706351
9.9982E-05 9.9982E-05 0.462507 0.529688 0.0076051
0.0755765 0.037869 0.609652 0.122822 0.154081
0.0559233 0.0332727 0.809074 0.0959026 0.00582761
0.145288 9.9991E-05 0.6241 0.151871 0.0786415
0.155345 9.9991E-05 0.69856 0.0524926 0.0935023
9.9982E-05 9.9982E-05 0.391962 0.319237 0.288601
0.102657 0.0530543 0.689867 0.154321 9.9991E-05
0.0477879 0.0607781 0.663435 0.126822 0.101177
0.178033 0.0382146 0.663859 0.119793 9.9991E-05
9.9982E-05 9.9982E-05 0.54015 0.404211 0.0554395
0.0824916 0.036242 0.701011 0.128977 0.0512784
0.140515 0.0931448 0.568466 0.13785 0.0600246
0.0148343 9.9982E-05 9.9982E-05 0.864633 0.120333
9.9982E-05 9.9982E-05 0.222194 0.13771 0.639896
0.00379984 0.10943 0.164843 0.449692 0.272236
0.0740519 0.113035 0.626851 0.0386238 0.147438
0.0602567 0.112546 0.61656 0.112269 0.0983683
0.0749626 0.129332 0.604717 0.116122 0.0748656
0.112926 9.9991E-05 0.277736 0.0449443 0.564294
0.0116128 0.0534186 0.551759 0.0522597 0.33095
0.062142 0.116742 0.5616 0.0717944 0.187721
0.122022 0.0230443 0.480699 0.127457 0.246778
0.152185 0.0218581 0.175608 0.143261 0.507088
0.121554 0.0261419 0.63906 0.0641843 0.14906
0.0875166 0.0567131 0.553353 0.0674654 0.234952
0.0809362 9.9991E-05 0.148768 0.185754 0.584441
9.99972E-05 0.0524631 0.480134 0.0429091 0.424394
0.0312376 0.115595 0.600078 0.116608 0.136481
0.109445 0.0381971 0.701111 0.0277128 0.123534
0.0807881 0.0496394 0.339007 0.133385 0.39718
0.0809113 0.063612 0.574729 0.0781432 0.202604
0.0687275 0.0702623 0.602572 0.0587948 0.199644
0.0374234 9.9991E-05 0.30678 0.139908 0.515788
0.0150115 9.9991E-05 0.673441 0.205689 0.105759
9.9982E-05 9.9982E-05 0.459564 0.294063 0.246172
0.112953 0.0464798 0.589239 0.135668 0.115661
9.9982E-05 9.9982E-05 0.238419 0.690136 0.0712452
9.9982E-05 9.9982E-05 0.237751 0.709866 0.0521831
9.9982E-05 9.9982E-05 0.457752 0.515028 0.0270199
0.0336884 9.9991E-05 0.653587 0.147422 0.165203
0.108157 0.0910993 0.603588 0.0919265 0.105229
9.9991E-05 0.00179331 0.674118 0.30553 0.0184595
9.9982E-05 9.9982E-05 0.36645 0.257269 0.376081
9.9982E-05 9.9982E-05 0.462099 0.255002 0.282699
0.0667441 0.0602863 0.657043 0.125273 0.0906531
0.013146 9.9991E-05 0.544762 0.206699 0.235294
0.00897698 9.9991E-05 0.644125 0.158052 0.188747
9.9982E-05 9.9982E-05 0.636349 0.337463 0.0259879
9.9991E-05 0.0153487 0.0667763 0.834568 0.0832066
0.00550831 0.048758 0.713512 0.149767 0.0824553
0.838532 9.9982E-05 0.0852156 9.9982E-05 0.0760523
0.940005 9.9973E-05 0.059695 9.9973E-05 9.9973E-05
0.866427 0.0320044 0.101369 9.9982E-05 9.9982E-05
0.944524 0.0410515 0.0142244 9.9982E-05 9.9982E-05
0.966854 0.0328466 9.9973E-05 9.9973E-05 9.9973E-05
0.890114 0.0287889 0.0808971 9.9982E-05 9.9982E-05
0.931315 9.9973E-05 0.0683854 9.9973E-05 9.9973E-05
0.0638114 0.0696328 0.624461 0.149621 0.0924735
0.134175 0.0519866 0.651589 0.0582777 0.103972
9.9982E-05 9.9982E-05 0.234782 0.412883 0.352135
0.108371 0.0165779 0.685933 0.147948 0.0411695
0.0087472 9.9991E-05 0.56076 0.222634 0.207759
0.0699906 9.9991E-05 0.675888 0.16215 0.0918715
0.0358198 0.0231835 0.685075 0.255821 9.9991E-05
0.00321271 0.029493 0.664241 0.206235 0.0968186
9.9982E-05 9.9982E-05 0.205865 0.362451 0.431484
0.113865 0.0535941 0.606198 0.144431 0.0819115
0.0823786 0.038313 0.720946 0.0613357 0.0970271
0.0825047 0.104557 0.576254 0.0993364 0.137349
0.0102516 9.9991E-05 0.455834 0.464467 0.0693473
9.9982E-05 0.00759996 0.679276 0.312924 9.9982E-05
9.9982E-05 9.9982E-05 0.644999 0.170185 0.184615
9.9982E-05 9.9982E-05 0.575506 0.393792 0.0305013
0.0300483 9.9991E-05 0.593 0.162618 0.214233
0.0813164 0.0527563 0.607504 0.0965075 0.161916
9.9991E-05 0.107246 0.300682 0.263431 0.328541
0.0621818 0.0424875 0.468003 0.0393338 0.387994
0.109352 0.103223 0.560509 0.0126975 0.214218
0.0866764 0.0854502 0.620765 0.0536754 0.153433
0.0798038 9.9991E-05 0.528117 0.00766086 0.384318
0.033134 0.0911425 0.630411 0.00307851 0.242234
0.0809807 0.000221695 0.507108 9.9991E-05 0.41159
0.0709777 0.0921554 0.540609 0.167766 0.128492
0.0616209 0.105991 0.645616 0.0183939 0.168378
0.0871794 0.0307938 0.622212 0.0375728 0.222242
0.0588574 0.0169707 0.628284 0.00774098 0.288147
0.0514295 0.107569 0.626799 0.049227 0.164975
0.110515 0.100546 0.662428 0.0341743 0.0923367
9.9991E-05 0.101598 0.594598 0.10755 0.196154
0.0524293 0.12729 0.597068 0.100629 0.122584
0.0142391 0.0447044 0.666964 0.0827778 0.191314
0.0723713 0.124288 0.311652 0.21767 0.274018
0.0742922 0.0885671 0.691683 0.0305577 0.1149
0.0628136 0.0744331 0.684768 0.0440686 0.133917
0.00245848 0.0321239 0.276734 0.0876715 0.601012
9.9991E-05 0.0764134 0.170113 0.446037 0.307337
0.0428059 0.0646414 0.550915 0.0568993 0.284738
9.9991E-05 0.0441187 0.106345 0.541644 0.307792
9.9982E-05 9.9982E-05 0.440461 0.0263913 0.532948
9.9982E-05 9.9982E-05 0.509245 0.031426 0.459129
0.0220264 9.9991E-05 0.441434 0.041951 0.494489
9.9991E-05 0.0269461 0.390073 0.0776841 0.505196
0.0399507 0.067775 0.627057 0.0615828 0.203635
0.118466 0.0544027 0.648978 0.0328703 0.145283
0.0704902 0.0497784 0.644332 0.0549404 0.180459
9.9991E-05 0.0379708 0.222285 0.374694 0.36495
0.165006 0.0656174 0.539353 0.166941 0.0630833
0.0949828 0.0700992 0.544693 0.254199 0.0360256
0.161827 9.9982E-05 9.9982E-05 0.767076 0.0708969
0.0743268 0.0801911 0.684622 0.116876 0.0439839
0.083152 0.0640234 0.359833 0.402292 0.0906996
0.135811 0.111003 0.535154 0.178452 0.0395812
0.149269 9.9991E-05 0.278513 0.496166 0.0759521
0.116241 9.9991E-05 0.138663 0.636238 0.108758
0.0847806 0.0658112 0.445059 0.321108 0.0832417
0.131733 0.0667388 0.531023 0.196178 0.0743276
0.164658 0.0804839 0.474342 0.200129 0.0803883
0.0624434 0.102104 0.164415 0.598139 0.0728978
0.13031 0.0952654 0.561129 0.152903 0.0603927
9.9982E-05 9.9982E-05 0.40859 0.532935 0.0582747
9.9991E-05 0.00523516 0.527848 0.393002 0.0738147
0.127551 0.101988 0.585675 0.107481 0.0773046
0.406235 0.24998 0.144598 0.199086 9.9991E-05
0.532429 0.161526 9.9982E-05 0.305845 9.9982E-05
0.480903 0.144572 9.9982E-05 0.374325 9.9982E-05
0.371193 0.325242 0.0193602 0.271225 0.01298
0.00797383 0.0195951 0.688862 0.282108 0.00146163
0.124003 0.068155 0.625217 0.122832 0.0597928
9.9973E-05 0.681127 0.318574 9.9973E-05 9.9973E-05
0.0144567 0.494088 0.378424 9.9991E-05 0.112932
0.0653656 0.42192 0.397384 0.0270517 0.0882795
0.047826 0.0415406 0.325647 0.563555 0.0214316
0.0891829 0.0805343 0.519315 0.21923 0.091738
0.000669439 9.9991E-05 0.323009 0.620195 0.0560258
0.0924042 0.0198323 0.64024 0.247424 9.9991E-05
0.0817571 0.0198104 0.511033 0.375613 0.011787
0.0370234 0.048654 0.593999 0.320224 9.9991E-05
0.0415864 0.024622 0.262422 0.666159 0.0052108
0.121503 0.0345946 0.70457 0.139232 9.9991E-05
0.1439 0.059377 0.614743 0.172626 0.00935366
9.9982E-05 0.974162 0.000917558 9.9982E-05 0.0247201
9.9982E-05 0.913391 0.0463924 9.9982E-05 0.0400163
0.0207334 0.57991 0.28681 9.9991E-05 0.112447
9.9973E-05 0.68814 0.31156 9.9973E-05 9.9973E-05
0.00412357 0.836823 0.131374 9.9991E-05 0.0275789
9.997E-05 0.9996 9.997E-05 9.997E-05 9.997E-05
9.9973E-05 0.953497 9.9973E-05 9.9973E-05 0.0462035
9.9973E-05 0.876154 0.123546 9.9973E-05 9.9973E-05
9.9973E-05 0.947494 9.9973E-05 9.9973E-05 0.0522061
9.997E-05 0.9996 9.997E-05 9.997E-05 9.997E-05
9.997E-05 0.9996 9.997E-05 9.997E-05 9.997E-05
9.9982E-05 0.776305 0.212853 9.9982E-05 0.0106419
0.036309 0.803776 0.0943679 9.9991E-05 0.0654471
9.997E-05 0.9996 9.997E-05 9.997E-05 9.997E-05
0.0910274 0.400086 0.402597 0.0272796 0.0790103
0.042075 0.682871 0.236179 9.9991E-05 0.0387756
0.0262371 0.797713 0.163152 9.9991E-05 0.0127983
0.0211378 0.877093 0.0881117 9.9991E-05 0.0135574
9.997E-05 0.9996 9.997E-05 9.997E-05 9.997E-05
0.00346914 0.970166 0.0136952 9.9991E-05 0.0125697
9.997E-05 0.9996 9.997E-05 9.997E-05 9.997E-05
0.058402 0.639772 0.231531 9.9991E-05 0.0701954
0.0178303 0.979044 9.9982E-05 0.00292556 9.9982E-05
0.333391 0.0785186 9.9982E-05 0.587891 9.9982E-05
0.224846 0.113469 0.385129 0.243433 0.0331231
0.204311 0.109865 0.45248 0.233245 9.9991E-05
0.253284 0.124568 0.197003 0.425044 9.9991E-05
0.16446 0.13947 0.457495 0.188607 0.0499672
0.306647 0.106685 0.120699 0.465869 9.9991E-05
0.211715 0.132348 0.43299 0.148886 0.0740595
0.21285 0.174564 0.288985 0.323502 9.9991E-05
0.171037 0.197258 0.464085 0.16752 9.9991E-05
0.236678 0.134002 0.366457 0.262763 9.9991E-05
0.205319 0.185905 0.417641 0.166983 0.0241522
0.911638 9.9982E-05 0.0584626 9.9982E-05 0.0296992
0.909396 0.0637899 9.9982E-05 0.026614 9.9982E-05
0.957569 9.9982E-05 0.0109471 9.9982E-05 0.0312835
0.978632 9.9982E-05 9.9982E-05 0.0125129 0.00865477
0.914256 9.9982E-05 0.0601386 9.9982E-05 0.0254051
0.991132 0.00856767 9.9973E-05 9.9973E-05 9.9973E-05
0.929315 0.0150891 0.0553956 9.9982E-05 9.9982E-05
0.944251 9.9982E-05 9.9982E-05 0.0026284 0.0529207
0.903382 0.0337356 0.0235502 0.00537549 0.0339571
0.938995 0.026011 0.0129545 0.00386632 0.0181737
0.598408 9.9982E-05 9.9982E-05 0.0770798 0.324313
0.611009 9.9982E-05 9.9982E-05 0.0319049 0.356886
0.548346 9.9982E-05 9.9982E-05 0.091498 0.359956
0.468145 9.9982E-05 9.9982E-05 0.0977384 0.433917
0.056303 9.9991E-05 0.618237 0.125069 0.200292
0.0322109 0.0372449 0.617222 0.178408 0.134913
0.0391999 0.0337861 0.629208 0.0422863 0.25552
0.0175104 9.9991E-05 0.48236 0.113102 0.386928
9.9991E-05 0.0140094 0.250436 0.103193 0.632261
0.0431249 0.0493039 0.723026 0.082516 0.102029
9.9991E-05 0.00973548 0.725671 0.0976785 0.166815
0.0284519 9.9991E-05 0.662729 0.242086 0.0666331
9.9973E-05 9.9973E-05 0.577284 0.422416 9.9973E-05
0.0805999 0.0537974 0.659481 0.113579 0.0925432
9.9982E-05 9.9982E-05 0.59985 0.224293 0.175657
9.9982E-05 9.9982E-05 0.177461 0.731272 0.0910662
0.0881113 0.0415507 0.648177 0.0816997 0.140462
9.9973E-05 9.9973E-05 0.35806 0.64164 9.9973E-05
0.00596723 0.0118823 0.672369 0.257634 0.0521478
9.9982E-05 9.9982E-05 0.354559 0.302022 0.343219
0.155691 9.9982E-05 9.9982E-05 0.0329089 0.8112
0.11362 9.9991E-05 0.0788283 0.0143966 0.793055
0.111447 9.9991E-05 0.0384662 0.0400663 0.80992
0.117428 9.9982E-05 9.9982E-05 0.0640003 0.818372
0.0466916 0.018007 0.128554 0.000721781 0.806026
0.0532895 0.0703595 0.0561025 0.0185641 0.801684
0.868673 0.0503666 0.0463402 9.9991E-05 0.0345199
0.814712 0.0282338 0.107124 9.9991E-05 0.0498299
0.80222 0.0440087 0.141431 9.9991E-05 0.0122404
0.866158 0.0607328 0.0246889 9.9991E-05 0.0483199
0.785745 0.05139 0.130638 9.9991E-05 0.0321272
0.410646 9.9982E-05 9.9982E-05 0.0200442 0.56911
0.439933 0.00710271 9.9991E-05 0.0217119 0.531152
0.417302 0.0409139 0.00144756 9.9991E-05 0.540237
0.874457 9.9982E-05 0.112284 9.9982E-05 0.013058
0.39997 9.9982E-05 9.9982E-05 0.060291 0.539539
0.284079 0.337219 0.272959 0.105643 9.9991E-05
0.139758 0.224268 0.553749 0.0124977 0.0697278
0.198502 0.260463 0.540835 9.9982E-05 9.9982E-05
0.295429 0.30497 0.277551 0.121949 9.9991E-05
0.21725 0.134415 0.538234 0.0114788 0.0986212
0.456358 0.306459 9.9982E-05 0.236983 9.9982E-05
0.0110426 9.9991E-05 0.536004 0.0336886 0.419164
9.9991E-05 0.0527849 0.471517 0.268557 0.207042
9.9991E-05 0.010977 0.352444 0.0484625 0.588017
9.9991E-05 0.0459513 0.574512 0.222865 0.156572
9.9973E-05 9.9973E-05 9.9973E-05 0.687061 0.312639
0.118997 0.0595409 0.590711 0.08993 0.140822
0.0290759 0.0777444 0.561773 0.165307 0.166099
0.0507344 9.9991E-05 0.401833 0.0854535 0.461879
0.0967955 0.0643016 0.592889 0.0663556 0.179659
9.9982E-05 9.9982E-05 0.224589 0.482691 0.29252
0.0379612 0.0475101 0.610971 0.130299 0.173258
9.9991E-05 0.0216226 0.5917 0.0447172 0.34186
0.144861 0.152052 0.468372 0.162034 0.0726811
9.9991E-05 0.0548107 0.410928 0.276656 0.257505
9.9991E-05 0.069881 0.474292 0.262937 0.19279
0.00764141 0.0684641 0.643129 0.126624 0.154141
9.9991E-05 0.00656307 0.640463 0.194832 0.158041
0.0620147 0.081415 0.700687 0.0701305 0.0857529
0.0810941 0.0682801 0.563976 0.107802 0.178849
0.11164 0.0428726 0.608695 0.0774205 0.159372
0.863802 0.0523574 0.0836408 9.9982E-05 9.9982E-05
0.884976 9.9973E-05 0.114724 9.9973E-05 9.9973E-05
0.911211 0.00550701 0.0393497 0.0341574 0.00977447
0.920926 0.0543927 0.0173697 9.9991E-05 0.00721149
0.904414 9.9973E-05 0.0952863 9.9973E-05 9.9973E-05
0.00317565 0.0707337 0.16469 0.112207 0.649194
0.0456597 0.0810902 0.539571 0.130623 0.203056
0.21651 0.296327 0.374908 0.112155 9.9991E-05
0.0436114 0.0620378 0.684199 9.9991E-05 0.210052
0.0354781 0.0243852 0.555832 0.0432038 0.341101
9.9991E-05 0.0644605 0.289133 0.343688 0.302619
0.046391 0.0115159 0.0362914 0.121421 0.78438
0.0434749 0.0531057 0.469828 0.011767 0.421824
0.0362531 0.0530886 0.284043 9.9991E-05 0.626515
0.0435373 0.0690433 0.471065 0.225353 0.191001
0.0761529 9.9991E-05 0.205232 0.0716715 0.646844
0.0772558 0.0975028 0.56865 9.9991E-05 0.256491
0.0232327 0.0373093 0.176221 0.154877 0.608361
9.9991E-05 0.124986 0.296702 0.270776 0.307436
0.0944763 0.0806201 0.582211 0.177973 0.0647193
0.0499458 9.9991E-05 0.345471 0.568714 0.0357694
0.072338 0.0230978 0.587626 0.305976 0.010962
0.14728 0.0794189 0.562144 0.161162 0.0499956
0.0529583 9.9991E-05 0.329725 0.591057 0.0261594
0.111203 0.0608772 0.600498 0.129459 0.0979622
0.0705993 9.9991E-05 0.565643 0.289839 0.0738183
0.00999129 9.9991E-05 0.201802 0.745376 0.0427304
0.0460089 9.9991E-05 0.255782 0.673796 0.0243135
0.0725013 9.9991E-05 0.539382 0.335323 0.0526943
0.027301 9.9991E-05 0.144942 0.754339 0.0733183
0.0379042 9.9991E-05 0.511059 0.364821 0.0861163
9.9991E-05 0.00845905 0.202456 0.0586742 0.730311
9.9991E-05 0.109061 0.223236 0.314432 0.353171
0.000772861 0.101247 0.416989 9.9991E-05 0.48089
0.0315298 0.0673536 0.604871 9.9991E-05 0.296145
9.9991E-05 0.02487 0.312631 0.0501663 0.612233
0.0527075 0.126181 0.543975 0.116018 0.161119
0.052826 0.0738854 0.578165 0.0355479 0.259576
9.9991E-05 0.0910319 0.546329 0.0848894 0.27765
9.9991E-05 0.102482 0.530797 0.0539757 0.312645
0.0187726 0.0650268 0.507808 9.9991E-05 0.408292
9.9991E-05 0.0358417 0.349576 0.0655416 0.548941
9.9991E-05 0.0602766 0.458392 0.0192804 0.461951
9.9991E-05 0.0830047 0.617682 0.109596 0.189617
0.078545 0.122892 0.565392 0.0915234 0.141647
0.0563199 0.120236 0.334361 0.215934 0.273149
9.9991E-05 0.127186 0.509723 0.13512 0.227871
9.9991E-05 0.0877913 0.378886 0.0419867 0.491236
0.045693 0.0686234 0.585551 0.0233747 0.276758
0.0258903 0.10913 0.485425 0.058254 0.321302
0.112792 0.0517071 0.588995 0.0984509 0.148055
0.333041 0.151319 0.489988 9.9991E-05 0.0255521
0.151422 0.185426 0.572177 0.0761805 0.0147939
0.194298 0.121105 0.515096 0.124947 0.0445541
0.101973 0.175431 0.535629 0.124294 0.0626728
0.215248 0.221818 0.467028 0.0958062 9.9991E-05
9.9991E-05 0.0205343 0.564152 0.217223 0.197991
0.175621 0.120722 0.574655 0.0949359 0.0340661
0.256941 0.186786 0.0353458 0.451157 0.0697695
0.118604 0.175999 0.601365 0.044581 0.0594507
0.156958 0.182066 0.547138 0.0520426 0.061795
0.136951 0.189073 0.54066 0.0801948 0.0531216
0.207335 0.115542 0.346397 0.327768 0.00295756
0.24392 0.0932572 0.593397 0.0131092 0.0563167
0.174169 0.202018 0.509939 0.0633268 0.050547
0.51337 0.1422 9.9982E-05 0.344229 9.9982E-05
0.177838 0.210817 0.522964 9.9991E-05 0.0882804
0.163847 0.266304 0.533732 0.0360165 9.9991E-05
0.0634132 0.185342 0.570358 0.117375 0.0635123
0.205722 0.256232 0.515826 0.0221198 9.9991E-05
0.233806 0.15022 0.535873 0.0290141 0.0510861
0.0376798 0.024767 0.555904 0.370071 0.0115782
0.0679261 0.0665121 0.615229 0.24421 0.00612284
9.9982E-05 9.9982E-05 0.0696143 0.845032 0.0851539
9.9982E-05 9.9982E-05 0.126911 0.80205 0.0708398
0.1335 0.0246957 0.609155 0.232549 9.9991E-05
0.197157 0.345433 0.326428 0.130882 9.9991E-05
0.149803 0.324789 0.332687 0.192621 9.9991E-05
0.197186 0.324773 0.218719 0.259222 9.9991E-05
0.163243 0.258629 0.396338 0.18169 9.9991E-05
0.138942 0.0600459 0.172424 0.628488 9.9991E-05
0.109817 0.0671078 0.238215 0.58476 9.9991E-05
9.9991E-05 0.105401 0.638326 0.250166 0.00600683
0.0607435 0.133309 0.487546 0.318301 9.9991E-05
0.0459249 0.0762668 0.322488 0.549981 0.0053393
0.064673 0.0803962 0.645051 0.14959 0.0602895
0.0458837 0.117036 0.614735 0.222246 9.9991E-05
0.0673244 0.120883 0.518498 0.246229 0.0470659
0.0234312 0.00355543 0.450334 0.503316 0.0193632
0.0134182 0.00418554 0.537159 0.396362 0.048875
0.058582 0.0423508 0.65348 0.230588 0.0149999
0.0134598 0.0417686 0.549482 0.305907 0.0893832
0.095322 0.0929093 0.572832 0.178525 0.0604123
0.0301202 9.9991E-05 0.552975 0.39551 0.0212943
0.00832782 0.0104844 0.325355 0.636986 0.0188468
0.030054 0.0453092 0.689584 0.234953 9.9991E-05
9.9991E-05 0.00111348 0.32292 0.594457 0.0814096
0.0532139 9.9991E-05 0.53575 0.406366 0.00456984
0.0967149 0.0429546 0.591214 0.257832 0.0112839
0.0828551 0.0499068 0.578483 0.276634 0.0121202
0.188004 0.162421 0.527607 0.0964441 0.0255241
0.23444 0.10626 0.520083 0.0793403 0.0598761
0.228189 0.273029 0.359561 0.139122 9.9991E-05
0.215757 0.253994 0.328512 0.183566 0.0181703
0.183494 0.188955 0.478627 0.122956 0.0259679
0.184815 0.165573 0.493554 0.155957 9.9991E-05
0.181174 0.166895 0.00565092 0.646181 9.9991E-05
0.142477 0.22145 0.530812 0.105161 9.9991E-05
0.358186 0.117844 9.9982E-05 0.52377 9.9982E-05
0.0747306 0.188904 0.536324 0.199941 9.9991E-05
9.9973E-05 9.9973E-05 0.288062 0.711638 9.9973E-05
9.9982E-05 9.9982E-05 0.134355 0.834434 0.0310114
9.9982E-05 9.9982E-05 0.602939 0.368281 0.0285807
0.0551917 0.0322004 0.699241 0.213267 9.9991E-05
9.9973E-05 9.9973E-05 0.553451 0.446249 9.9973E-05
0.0061394 0.0367676 0.666206 0.290787 9.9991E-05
9.9973E-05 9.9973E-05 0.664551 0.335149 9.9973E-05
0.881839 0.0118913 0.0239989 0.00975221 0.0725189
0.791517 0.0339857 0.0708888 0.0290266 0.0745821
0.93607 0.0260516 9.9982E-05 9.9982E-05 0.0376786
0.969078 9.9973E-05 0.0306222 9.9973E-05 9.9973E-05
0.0465328 0.0213979 0.641201 0.250423 0.0404458
0.0320413 0.0127536 0.698045 0.113427 0.143733
0.00579523 9.9991E-05 0.712942 0.10328 0.177883
0.0884266 9.9991E-05 0.747236 0.0914606 0.0727764
0.0996777 0.0610317 0.640701 0.131525 0.067065
0.0338162 9.9991E-05 0.479588 0.233203 0.253293
0.0243506 0.0033553 0.817908 0.139037 0.0153488
0.00988367 9.9991E-05 0.472153 0.515971 0.00189208
0.358481 0.164848 0.447037 9.9991E-05 0.0295342
9.9982E-05 9.9982E-05 0.570665 0.339039 0.0900957
9.9982E-05 9.9982E-05 0.560335 0.211695 0.227771
9.9991E-05 0.016491 0.679613 0.27228 0.0315159
0.0026323 0.00290412 0.592025 0.183046 0.219393
9.9982E-05 0.0163466 0.722245 0.261209 9.9982E-05
0.0615278 0.0109038 0.692722 0.128679 0.106167
9.9973E-05 9.9973E-05 0.252216 0.747484 9.9973E-05
9.9982E-05 9.9982E-05 0.504847 0.470274 0.0246796
9.9991E-05 0.00304986 0.56796 0.402413 0.0264773
9.9973E-05 9.9973E-05 0.118163 0.881537 9.9973E-05
0.042437 9.9991E-05 0.590285 0.160682 0.206496
9.9982E-05 9.9982E-05 0.251768 0.713586 0.0344456
9.9982E-05 9.9982E-05 0.0968071 0.842242 0.0607513
0.0462802 0.0282065 0.679362 0.230234 0.0159176
0.00158411 9.9991E-05 0.39109 0.279779 0.327446
9.9982E-05 9.9982E-05 0.641461 0.182801 0.175538
0.0962382 0.0524618 0.67107 0.13888 0.0413504
0.0292777 9.9991E-05 0.67578 0.123922 0.170921
9.9991E-05 0.0403515 0.410019 0.303257 0.246273
0.0308251 0.005957 0.674584 0.138735 0.1499
0.0178084 9.9991E-05 0.659726 0.166792 0.155573
9.9982E-05 9.9982E-05 0.520694 0.449456 0.0296499
0.144717 0.019478 0.613597 0.131449 0.090759
0.682783 9.9982E-05 9.9982E-05 0.0380165 0.279001
0.797629 9.9982E-05 9.9982E-05 0.0695125 0.132659
0.860251 9.9982E-05 9.9982E-05 0.00955617 0.129993
0.845085 9.9982E-05 9.9982E-05 0.0134341 0.141281
0.756025 9.9991E-05 0.0223856 0.027153 0.194336
9.9982E-05 9.9982E-05 0.347078 0.297231 0.355491
0.00286136 9.9991E-05 0.365919 0.32854 0.30258
9.9982E-05 9.9982E-05 0.443554 0.554531 0.00171522
0.093914 0.0837023 0.608421 0.133216 0.0807471
0.109089 0.0893161 0.621123 0.102044 0.078428
0.00172056 9.9991E-05 0.48966 0.486826 0.0216931
9.9991E-05 0.0465711 0.734534 0.165312 0.0534826
0.070398 0.00496005 0.61678 0.307762 9.9991E-05
0.0293434 9.9991E-05 0.645252 0.186286 0.139018
0.0328111 0.0807825 0.667941 0.0961219 0.122343
9.9982E-05 9.9982E-05 0.441358 0.298399 0.260043
9.9982E-05 9.9982E-05 0.505358 0.237669 0.256773
9.9982E-05 9.9982E-05 0.550422 0.22167 0.227709
0.110575 0.0494371 0.698319 0.0945386 0.0471303
9.9982E-05 9.9982E-05 0.611952 0.155854 0.231994
0.0253061 0.00553552 0.567141 0.187729 0.214288
0.106042 0.383165 0.428247 0.0232468 0.0592991
0.140366 0.456338 0.302515 0.0861626 0.0146187
0.104668 0.450944 0.444188 9.9982E-05 9.9982E-05
0.142766 0.557526 0.26664 0.0329673 9.9991E-05
0.181157 0.306543 0.451989 0.0457703 0.0145401
0.0890186 0.027352 0.578671 0.304858 9.9991E-05
0.263582 0.673498 9.9991E-05 0.0611931 0.00162602
0.178866 0.513332 0.27916 0.012555 0.0160865
0.212389 0.163379 0.408157 0.215975 9.9991E-05
0.210001 0.00874773 0.57089 0.1573 0.0530612
0.179071 0.0062792 0.575967 0.18708 0.0516025
0.150885 0.0227197 0.672673 0.102566 0.051156
0.170306 0.0295322 0.657461 0.0632507 0.0794503
0.154538 0.508082 0.33718 9.9982E-05 9.9982E-05
0.151144 0.384097 0.423304 0.041354 9.9991E-05
0.0711871 0.527142 0.401471 9.9982E-05 9.9982E-05
0.172901 0.276268 0.464581 0.0660047 0.020245
0.162268 0.511333 0.216413 0.0735061 0.0364795
0.161545 0.331682 0.463403 0.00871101 0.0346597
0.123773 0.589785 0.234626 0.0268879 0.024927
0.0807004 0.377002 0.392044 0.0702062 0.0800468
0.141586 0.000908521 0.567543 0.267258 0.0227047
0.161407 0.357693 0.40599 0.0521934 0.0227161
0.199675 0.626129 0.120784 0.0533119 9.9991E-05
0.112777 0.354875 0.442609 0.0343648 0.0553746
0.229439 9.9991E-05 0.363423 0.260356 0.146681
0.0858391 0.0619253 0.64668 0.202048 0.00350781
0.149403 0.384002 0.379593 0.0447618 0.0422405
0.168053 0.0347947 0.576207 0.136296 0.0846496
0.186603 9.9991E-05 0.578561 0.125397 0.109339
0.224447 0.257465 0.340685 0.177303 9.9991E-05
0.228559 0.292964 0.363393 0.114984 9.9991E-05
0.156187 0.102281 0.600319 0.100746 0.040466
0.18996 0.305801 0.442528 0.0206553 0.0410551
0.10393 0.440103 0.454241 9.9991E-05 0.00162539
0.213425 0.655984 0.0887568 0.0417346 9.9991E-05
0.147158 0.110973 0.618564 0.0888211 0.034485
0.196074 9.9991E-05 0.500705 0.243279 0.0598421
0.140492 0.0593697 0.147543 0.652495 9.9991E-05
0.182174 0.0454066 0.606951 0.150713 0.0147555
0.12931 0.0615815 0.408959 0.251769 0.14838
0.184207 0.213163 0.443273 0.159257 9.9991E-05
0.189086 0.129925 0.489252 0.154419 0.0373174
0.406816 0.134353 9.9982E-05 0.458631 9.9982E-05
0.363578 0.0929035 9.9982E-05 0.543319 9.9982E-05
0.226889 0.113296 0.31751 0.342205 9.9991E-05
0.360772 0.209577 0.0234122 0.406139 9.9991E-05
0.482798 0.190547 9.9982E-05 0.326455 9.9982E-05
0.189429 0.148833 0.36298 0.298657 9.9991E-05
0.242528 0.178459 0.381577 0.197336 9.9991E-05
0.33414 0.19625 0.114378 0.355132 9.9991E-05
0.314504 0.152665 0.0498551 0.482877 9.9991E-05
0.192714 0.12017 0.531002 0.135314 0.0208
0.279606 0.179971 0.126725 0.413598 9.9991E-05
0.386613 0.0867761 9.9982E-05 0.526411 9.9982E-05
0.154246 0.121785 0.557328 0.0892751 0.0773655
0.262078 0.195338 0.358009 0.184476 9.9991E-05
0.34944 0.180717 0.428322 0.000766026 0.0407544
0.153751 0.251913 0.594137 9.9982E-05 9.9982E-05
0.146729 0.245143 0.53302 0.0750089 9.9991E-05
0.161642 0.260316 0.512586 0.0653557 9.9991E-05
0.367716 0.202623 0.347586 9.9991E-05 0.0819747
0.22434 0.193223 0.518991 0.0262605 0.0371861
0.27528 0.240653 0.445295 0.0386716 9.9991E-05
0.260271 0.307727 0.256311 0.175592 9.9991E-05
0.200134 0.115799 0.419465 0.128445 0.136157
0.20428 0.142536 0.511464 0.0872034 0.0545163
0.138338 0.18965 0.553878 0.0595844 0.05855
0.133142 0.184445 0.588103 0.0166324 0.0776776
0.321338 0.195446 0.452896 0.0160906 0.0142289
0.246801 0.190671 0.52552 0.0228068 0.0142012
0.39529 0.323566 0.0213676 0.259676 9.9991E-05
0.23901 0.175443 0.576681 9.9991E-05 0.00876663
0.34656 0.325903 0.173607 0.153831 9.9991E-05
0.82572 9.9982E-05 9.9982E-05 0.000949555 0.17313
0.0284832 0.0364913 0.117571 9.9991E-05 0.817354
9.997E-05 9.997E-05 9.997E-05 9.997E-05 0.9996
9.997E-05 9.997E-05 9.997E-05 9.997E-05 0.9996
9.9982E-05 0.0208926 0.00141145 9.9982E-05 0.977496
9.9973E-05 0.0178053 9.9973E-05 9.9973E-05 0.981895
9.9973E-05 9.9973E-05 0.0521406 9.9973E-05 0.94756
9.997E-05 9.997E-05 9.997E-05 9.997E-05 0.9996
0.135033 9.9973E-05 9.9973E-05 9.9973E-05 0.864667
0.904111 9.9982E-05 0.0180223 9.9982E-05 0.0776666
0.796567 9.9982E-05 0.0759511 9.9982E-05 0.127282
0.886148 9.9991E-05 0.0363469 0.0187379 0.0586668
0.881105 9.9991E-05 0.0344427 0.0292638 0.0550888
0.873401 0.0103217 0.00590731 9.9991E-05 0.11027
0.91639 0.0216919 0.0300615 9.9991E-05 0.0317567
0.752463 0.0714349 0.145144 0.00123042 0.0297282
0.912117 0.00774765 0.0799351 9.9982E-05 9.9982E-05
0.729538 0.0454079 0.140072 0.000954834 0.0840271
0.927841 0.0487487 0.0232106 9.9982E-05 9.9982E-05
0.9996 9.997E-05 9.997E-05 9.997E-05 9.997E-05
0.891932 0.0257834 0.0685666 9.9991E-05 0.0136178
0.9996 9.997E-05 9.997E-05 9.997E-05 9.997E-05
0.95988 9.9973E-05 0.0398202 9.9973E-05 9.9973E-05
0.90637 0.0109561 0.0824744 9.9982E-05 9.9982E-05
0.934044 9.9973E-05 0.0656566 9.9973E-05 9.9973E-05
0.88284 0.0385277 0.0784321 9.9982E-05 9.9982E-05
0.863051 0.029795 0.106954 9.9982E-05 9.9982E-05
0.83097 0.0669165 0.101914 9.9982E-05 9.9982E-05
0.173667 9.9991E-05 0.459786 0.247872 0.118576
0.133186 9.9991E-05 0.740132 0.0500621 0.0765201
0.1194 0.0662239 0.679176 0.0854363 0.0497634
0.122233 0.0511405 0.0824454 0.744081 9.9991E-05
0.161559 0.000153555 0.555514 0.175661 0.107111
0.172174 0.0154751 0.111102 0.701149 9.9991E-05
0.0842027 0.0802454 0.656512 0.17894 9.9991E-05
0.179606 9.9991E-05 0.516932 0.17182 0.131541
0.20102 9.9991E-05 0.5631 0.170459 0.0653213
0.0713116 9.9991E-05 0.643928 0.14903 0.135631
0.137941 9.9991E-05 0.520661 0.19925 0.142048
0.11415 0.0500019 0.669534 0.166214 9.9991E-05
0.166788 9.9991E-05 0.581823 0.143574 0.107715
9.9991E-05 0.0927822 0.0431109 0.40245 0.461557
0.172927 9.9982E-05 0.018134 0.808739 9.9982E-05
0.151758 0.0120894 0.175901 0.660152 9.9991E-05
0.170045 0.043725 0.630436 0.134318 0.0214762
0.112271 0.0497809 0.521652 0.316196 9.9991E-05
0.122163 0.0150404 0.644131 0.218566 9.9991E-05
0.111501 0.0854561 0.642253 0.0738245 0.0869659
0.255754 0.153998 0.502675 0.010952 0.0766216
0.248095 0.189837 0.535206 9.9991E-05 0.0267625
0.378996 0.164004 0.193388 0.0643229 0.199289
0.169567 0.0715798 0.619793 0.00952119 0.129539
0.234638 0.130719 0.440154 0.0280555 0.166433
0.428826 0.173263 9.9982E-05 0.397711 9.9982E-05
0.306703 0.219992 0.278202 0.195003 9.9991E-05
0.379753 0.172498 0.310569 0.0852609 0.05192
0.321883 0.114672 0.393827 0.0107317 0.158887
0.172494 0.123576 0.57093 0.0671455 0.0658549
0.210464 0.11799 0.587884 9.9991E-05 0.083562
0.18392 0.140079 0.642749 0.033152 9.9991E-05
0.213542 0.168433 0.423364 0.19456 9.9991E-05
0.515346 0.126938 0.238111 0.0527273 0.0668772
