0.0466034 0.922799 0.0264629 0.00403434 9.9991E-05
0.00942854 0.974382 0.0159896 9.9982E-05 9.9982E-05
9.9991E-05 0.903511 0.0158988 0.0775296 0.00296034
9.9973E-05 0.854283 9.9973E-05 0.145418 9.9973E-05
9.9973E-05 0.934834 9.9973E-05 0.0648666 9.9973E-05
0.0557922 0.687895 0.0954232 0.0715115 0.0893777
9.9982E-05 0.835997 0.0428799 9.9982E-05 0.120923
0.0394658 0.753471 0.11361 0.00644505 0.0870077
9.9982E-05 0.828535 0.160529 9.9982E-05 0.0107361
0.0124124 0.768958 0.0644332 0.0566664 0.09753
9.9991E-05 0.781907 0.06286 0.106775 0.0483577
0.0279634 0.0369289 0.547982 0.264016 0.123109
0.0524446 0.0699046 0.242744 0.625065 0.00984228
0.0874381 9.9991E-05 0.530393 0.305566 0.076503
0.126406 0.0324262 0.495252 0.320978 0.0249366
0.159968 0.0781654 0.292676 0.435795 0.0333949
0.0914929 0.0617903 0.187736 0.623043 0.0359382
0.0795803 9.9991E-05 0.338218 0.518251 0.0638505
0.0910997 0.129146 0.421083 0.297701 0.0609706
0.0106685 0.0259723 0.734717 0.07711 0.151532
0.0494027 0.0117297 0.357381 0.483075 0.0984114
0.0936287 0.0469949 0.181963 0.448625 0.228789
0.0427245 0.0582692 0.208366 0.596714 0.0939265
0.0701437 0.0519279 0.479338 0.272358 0.126232
0.104154 0.0854166 0.162467 0.616878 0.0310845
0.0590841 0.0688115 0.275309 0.596696 9.9991E-05
0.0325192 0.0249738 0.559131 0.294698 0.0886775
0.0800933 0.0372856 0.476236 0.321985 0.0844007
0.0305874 9.9991E-05 0.507816 0.256869 0.204628
0.0170881 0.893547 9.9982E-05 0.0891654 9.9982E-05
0.006571 0.874326 9.9982E-05 0.118903 9.9982E-05
0.0805132 0.822025 9.9982E-05 0.0972619 9.9982E-05
0.0604387 0.780243 9.9982E-05 0.159119 9.9982E-05
9.9991E-05 0.0947869 0.132891 0.592918 0.179304
0.0558321 0.0830176 0.140735 0.582562 0.137854
0.0124383 0.0115384 0.0168723 0.69243 0.266721
0.008995 0.0197953 0.690106 0.242841 0.0382627
0.0172945 0.00228858 0.0404093 0.422512 0.517496
0.0492689 0.0815596 0.158558 0.640353 0.0702607
9.9982E-05 0.10261 9.9982E-05 0.788529 0.108661
0.0144196 0.140353 0.083921 0.583726 0.177581
0.0096979 0.104734 0.0848319 0.686534 0.114202
9.9982E-05 9.9982E-05 0.328787 0.326781 0.344232
0.0742129 0.115089 0.0102421 0.623936 0.17652
0.0807544 0.0439827 0.0830045 0.645707 0.146552
0.0495115 0.139631 0.0967273 0.638952 0.0751781
9.9982E-05 9.9982E-05 0.0190431 0.524822 0.455935
0.0139884 0.0880832 0.0691817 0.714742 0.114004
0.0360304 0.130594 0.0835705 0.606695 0.14311
9.9982E-05 0.0122788 0.127509 9.9982E-05 0.860012
9.9982E-05 9.9982E-05 0.618299 0.249423 0.132078
0.0670062 0.0318702 0.271843 0.184542 0.444738
0.102259 0.061416 0.150397 0.593969 0.0919588
0.098957 0.0583394 0.106723 0.634736 0.101244
0.0975079 0.0860386 0.064482 0.670145 0.0818268
0.0211091 0.108805 0.524839 0.242429 0.102819
0.0610904 0.00459549 0.330559 0.574494 0.0292603
0.0820931 0.0669846 0.158246 0.634223 0.0584532
0.0608602 0.11481 0.285577 0.416811 0.121942
0.0220843 0.167013 0.47356 0.168022 0.16932
0.0555148 0.0884929 0.122829 0.554437 0.178726
0.0387212 0.0862675 0.238347 0.542015 0.0946494
9.9991E-05 0.0717895 0.574443 0.137818 0.21585
0.0365311 9.9991E-05 0.395822 0.458115 0.109432
0.0852995 0.0518258 0.0848889 0.601786 0.176199
0.0343958 0.105019 0.17013 0.667477 0.0229779
0.0461684 0.0899934 0.411263 0.340809 0.111766
0.0667387 0.0644794 0.229736 0.540769 0.0982771
0.0516524 0.0577295 0.197913 0.615675 0.0770309
9.9991E-05 0.0486434 0.536441 0.29179 0.123026
9.9982E-05 9.9982E-05 0.102568 0.665127 0.232104
9.9982E-05 9.9982E-05 0.242574 0.431769 0.325457
0.0596803 0.104515 0.0776392 0.588995 0.16917
9.9982E-05 9.9982E-05 0.0663004 0.203097 0.730403
9.9982E-05 9.9982E-05 0.0252776 0.207735 0.766788
9.9982E-05 9.9982E-05 0.0230773 0.42577 0.550953
9.9991E-05 0.0259685 0.167274 0.626116 0.180541
0.0979689 0.130732 0.0576159 0.582182 0.131501
9.9982E-05 9.9982E-05 0.0368846 0.649576 0.313339
9.9982E-05 9.9982E-05 0.34033 0.355616 0.303854
9.9982E-05 9.9982E-05 0.262028 0.461679 0.276094
0.0576185 0.056967 0.126895 0.631405 0.127114
9.9982E-05 9.9982E-05 0.211969 0.540657 0.247174
9.9991E-05 0.00752146 0.152851 0.619335 0.220192
9.9982E-05 9.9982E-05 0.0304126 0.624803 0.344584
0.0160174 9.9991E-05 0.0817324 0.0344902 0.86766
0.0377422 0.0392841 9.9991E-05 0.718342 0.204532
9.9982E-05 0.855327 0.055768 0.0887052 9.9982E-05
9.9973E-05 0.942713 9.9973E-05 0.0569876 9.9973E-05
0.0478026 0.857558 9.9982E-05 0.0944391 9.9982E-05
0.0432386 0.925474 9.9982E-05 0.0310873 9.9982E-05
0.0356818 0.96218 9.9982E-05 0.00193797 9.9982E-05
0.0392542 0.890125 9.9982E-05 0.0704206 9.9982E-05
9.9973E-05 0.932797 9.9973E-05 0.0669029 9.9973E-05
0.0375316 0.10668 0.103935 0.64536 0.106494
0.0496355 0.109941 0.101131 0.654461 0.0848311
9.9982E-05 9.9982E-05 0.324447 0.255565 0.419788
0.0850595 0.0962515 0.0933537 0.617961 0.107374
9.9991E-05 0.0214097 0.230013 0.585914 0.162563
9.9991E-05 0.0663496 0.136077 0.683711 0.113763
9.9991E-05 0.0402886 0.0187551 0.694647 0.246209
0.0504358 0.0201192 0.0417638 0.627855 0.259826
9.9982E-05 9.9982E-05 0.41057 0.197812 0.391419
0.0441869 0.121034 0.122263 0.600732 0.111784
0.0318232 0.10358 0.00942754 0.761426 0.0937436
9.9991E-05 0.138655 0.115605 0.658011 0.0876285
9.9991E-05 0.00195763 0.0628894 0.401288 0.533765
9.9973E-05 9.9973E-05 9.9973E-05 0.66594 0.33376
9.9982E-05 9.9982E-05 0.221563 0.631609 0.146627
9.9982E-05 9.9982E-05 0.0463264 0.562292 0.391182
9.9991E-05 0.0318465 0.187186 0.600293 0.180575
0.0161013 0.0702975 0.0939626 0.69555 0.124088
0.0895731 0.00844537 0.372374 0.284269 0.245339
0.00725383 0.0921217 0.354673 0.501186 0.044765
0.078758 0.142133 0.153188 0.566715 0.0592057
0.111793 0.129247 0.150929 0.533797 0.0742346
0.0555106 0.0365832 0.390903 0.467213 0.0497901
0.0288781 0.0931596 0.215079 0.650742 0.0121416
0.0148044 0.0557664 0.399181 0.530148 9.9991E-05
0.0853516 0.11566 0.118645 0.528964 0.151379
0.0769992 0.109107 0.151139 0.607149 0.055606
0.00373439 0.0765135 0.22865 0.658065 0.0330373
9.9991E-05 0.0577016 0.29508 0.623321 0.0237982
0.125389 0.0176878 0.13538 0.637318 0.0842257
0.0592112 0.1091 0.125943 0.616439 0.0893071
0.126023 9.9991E-05 0.183972 0.579577 0.110329
0.0800033 0.0908465 0.184858 0.577398 0.0668943
0.118557 0.0243282 0.185496 0.592764 0.0788552
0.0964863 0.113355 0.243342 0.310058 0.236759
0.0873382 0.0648508 0.173751 0.617909 0.0561514
0.0405274 0.0302629 0.144161 0.677846 0.107203
0.0308273 0.0124403 0.623729 0.246948 0.0860557
0.0915475 9.9991E-05 0.330087 0.161177 0.417089
0.070198 0.0656812 0.224497 0.554905 0.0847191
0.0404404 9.9991E-05 0.333176 0.104867 0.521417
0.00155255 9.9991E-05 0.567795 0.408675 0.0218772
9.9982E-05 9.9982E-05 0.441909 0.494035 0.0638558
9.9991E-05 0.0437578 0.458964 0.415019 0.0821597
9.9982E-05 9.9982E-05 0.527292 0.401716 0.0707918
0.0278642 0.0787861 0.184812 0.645194 0.0633436
0.108671 0.0961317 0.120278 0.602903 0.0720158
0.039019 0.016185 0.215709 0.661025 0.0680617
0.0710986 9.9991E-05 0.40275 0.174224 0.351827
0.034926 0.164609 0.0451926 0.582386 0.172887
0.0529921 0.115048 0.0376022 0.558867 0.235491
9.9982E-05 0.170696 0.0558337 9.9982E-05 0.77327
0.0854682 0.0644044 0.00388984 0.699961 0.146277
0.0485764 0.100339 0.0756729 0.331388 0.444023
0.0724483 0.120653 0.0452251 0.530132 0.231541
0.0144986 0.135757 0.129111 0.240085 0.480549
9.9991E-05 0.115838 0.109863 0.136873 0.637326
0.0247006 0.091956 0.0936965 0.453742 0.335905
0.0868382 0.124185 0.0879566 0.516514 0.184506
0.0652603 0.178926 0.0952958 0.49818 0.162338
0.100003 0.0547624 0.130021 0.124247 0.590967
0.115523 0.113709 0.0601576 0.538936 0.171675
9.9982E-05 9.9982E-05 0.0858802 0.381815 0.532105
0.0125314 0.00145807 0.0860794 0.525745 0.374186
0.0651284 0.101586 0.0905911 0.630223 0.112471
0.263351 0.387594 0.0242914 0.131448 0.193315
0.148512 0.531639 9.9982E-05 9.9982E-05 0.31965
0.130381 0.506941 9.9982E-05 9.9982E-05 0.362478
0.282957 0.376909 9.9991E-05 0.0810675 0.258966
9.9982E-05 0.04322 9.9982E-05 0.677629 0.278951
0.0647545 0.0697573 0.0357222 0.652342 0.177424
0.650901 9.9982E-05 0.0150469 0.333852 9.9982E-05
0.468956 0.00776641 0.101113 0.422064 9.9991E-05
0.421418 0.0813825 0.0984901 0.379723 0.0189865
0.0383616 0.0394239 0.0342585 0.287061 0.600895
0.0774122 0.114123 0.0714589 0.519715 0.217291
9.9982E-05 9.9982E-05 0.0744845 0.316927 0.608389
0.0505887 0.0893219 0.00102355 0.591745 0.267321
0.0485069 0.078385 0.0269135 0.488697 0.357498
0.0265972 0.0584661 9.9991E-05 0.611698 0.303139
0.00569016 0.0456356 9.9991E-05 0.266881 0.681694
0.0825667 0.0456958 9.9991E-05 0.688519 0.183118
0.0385315 0.131543 9.9991E-05 0.60581 0.224016
0.979907 9.99793E-05 9.99793E-05 0.0197934 9.99793E-05
0.905366 9.9982E-05 0.0117095 0.0827244 9.9982E-05
0.540258 0.0588791 0.0754312 0.325332 9.9991E-05
0.612433 9.9973E-05 9.9973E-05 0.387267 9.9973E-05
0.810188 9.9982E-05 0.0501148 0.139498 9.9982E-05
0.9996 9.997E-05 9.997E-05 9.997E-05 9.997E-05
0.968727 9.9973E-05 0.0309732 9.9973E-05 9.9973E-05
0.835378 9.9973E-05 9.9973E-05 0.164322 9.9973E-05
0.940984 9.9973E-05 0.0587159 9.9973E-05 9.9973E-05
0.9996 9.997E-05 9.997E-05 9.997E-05 9.997E-05
0.9996 9.997E-05 9.997E-05 9.997E-05 9.997E-05
0.808175 9.9982E-05 0.00611046 0.185514 9.9982E-05
0.803434 0.0463638 0.043494 0.106608 9.9991E-05
0.9996 9.997E-05 9.997E-05 9.997E-05 9.997E-05
0.43915 0.0354185 0.150815 0.351902 0.0227145
0.650588 0.0430923 0.0595152 0.246704 9.9991E-05
0.797209 0.0280073 9.9982E-05 0.174584 9.9982E-05
0.899693 9.9982E-05 0.0114168 0.0886902 9.9982E-05
0.9996 9.997E-05 9.997E-05 9.997E-05 9.997E-05
0.992636 0.0010491 9.9982E-05 0.00611481 9.9982E-05
0.9996 9.997E-05 9.997E-05 9.997E-05 9.997E-05
0.655707 0.0440276 0.0400996 0.260066 9.9991E-05
0.957784 9.9982E-05 0.00776214 0.0342536 9.9982E-05
0.0704893 0.337082 9.9982E-05 9.9982E-05 0.592229
0.104973 0.235118 0.0430548 0.384494 0.23236
0.0676808 0.211888 9.9991E-05 0.48878 0.231551
0.177798 0.226412 9.9991E-05 0.164979 0.430711
0.16182 0.160939 0.0819126 0.4283 0.167028
0.133245 0.271336 9.9991E-05 0.11314 0.482179
0.139899 0.203563 0.0446349 0.446859 0.165044
0.135614 0.231384 9.9991E-05 0.305358 0.327544
0.17147 0.163571 0.00818928 0.499881 0.156889
0.130679 0.240251 9.9991E-05 0.355195 0.273775
0.160471 0.211214 9.9991E-05 0.434391 0.193824
9.9982E-05 0.931127 0.00887636 0.0597968 9.9982E-05
0.0699866 0.908344 9.9991E-05 0.000120193 0.0214494
9.9982E-05 0.959448 0.0261411 0.0142105 9.9982E-05
9.9982E-05 0.988756 0.00432635 9.9982E-05 0.00671746
9.9982E-05 0.93282 0.0171871 0.0497934 9.9982E-05
0.0190677 0.980632 9.9973E-05 9.9973E-05 9.9973E-05
0.0147428 0.940294 9.9982E-05 0.044763 9.9982E-05
9.9973E-05 0.948908 0.0507924 9.9973E-05 9.9973E-05
0.0305775 0.904425 0.0468759 0.00215158 0.0159703
0.0155037 0.916641 0.040594 0.00434544 0.0229163
9.9982E-05 0.595519 0.30379 9.9982E-05 0.10049
9.9982E-05 0.618901 0.323757 9.9982E-05 0.0571419
9.9982E-05 0.531022 0.38169 9.9982E-05 0.0870875
9.9982E-05 0.471208 0.427816 9.9982E-05 0.100776
9.9991E-05 0.0743034 0.234057 0.565636 0.125904
0.0605138 0.00393615 0.188156 0.567014 0.180381
0.000832277 0.0295459 0.207862 0.655353 0.106406
9.9991E-05 0.0265037 0.317266 0.468341 0.187789
0.0189859 9.9991E-05 0.632814 0.243759 0.104341
0.0293307 0.0394209 0.0809955 0.738597 0.111656
9.9982E-05 9.9982E-05 0.169617 0.709474 0.120709
0.00396102 0.000146703 0.103602 0.631793 0.260497
9.9982E-05 9.9982E-05 0.0111861 0.569193 0.419421
0.0592793 0.0735751 0.0693884 0.65466 0.143097
9.9991E-05 0.00140035 0.18175 0.592634 0.224116
9.9982E-05 9.9982E-05 0.0462261 0.159274 0.7943
0.0175302 0.0934566 0.177277 0.631729 0.0800071
9.9973E-05 9.9973E-05 9.9973E-05 0.322582 0.677118
0.0118353 0.0120386 0.0622454 0.660848 0.253032
9.9982E-05 9.9982E-05 0.322426 0.344046 0.333328
9.9982E-05 0.150585 0.817011 9.9982E-05 0.032204
9.9991E-05 0.134361 0.760527 0.0711693 0.0338431
9.9991E-05 0.11527 0.787197 0.0488826 0.0485499
9.9982E-05 0.135407 0.80404 9.9982E-05 0.0603538
9.9991E-05 0.0562132 0.821167 0.114015 0.00850503
0.0326449 0.0779831 0.797048 0.0881884 0.0041357
0.0376427 0.88311 0.0475973 0.0315503 9.9991E-05
0.0102468 0.835166 0.0388807 0.115606 9.9991E-05
0.0455401 0.802053 0.0112068 0.1411 9.9991E-05
0.0733051 0.84639 0.0519435 0.0282614 9.9991E-05
0.0544109 0.799419 0.0158217 0.130248 9.9991E-05
9.9982E-05 0.404389 0.541179 9.9982E-05 0.054232
0.00467007 0.445679 0.542151 9.9991E-05 0.00740002
0.0247843 0.433938 0.539739 0.00143954 9.9991E-05
9.9982E-05 0.876282 0.0114474 0.11207 9.9982E-05
9.9982E-05 0.406618 0.539218 9.9982E-05 0.0539635
0.361976 0.272626 9.9991E-05 0.23706 0.128238
0.218183 0.177849 0.0576247 0.546243 9.9991E-05
0.295144 0.183902 9.9982E-05 0.520755 9.9982E-05
0.293767 0.275143 9.9991E-05 0.305918 0.125072
0.128263 0.19993 0.116419 0.517232 0.0381548
0.31711 0.447686 9.9982E-05 9.9982E-05 0.235004
9.9991E-05 0.0107888 0.3783 0.524612 0.0861998
0.0444199 9.9991E-05 0.194403 0.442341 0.318735
0.00181397 9.9991E-05 0.581833 0.371987 0.044266
0.0396475 9.9991E-05 0.173853 0.566079 0.22032
9.9973E-05 9.9973E-05 0.330359 9.9973E-05 0.669341
0.0557264 0.0810939 0.139144 0.603764 0.120272
0.0742011 0.0185365 0.168517 0.538783 0.199962
9.9991E-05 0.0335863 0.504194 0.399834 0.0622854
0.0579967 0.0690729 0.22306 0.564426 0.0854449
0.0015532 9.9991E-05 0.347527 0.202033 0.448787
0.0302661 0.0169144 0.1622 0.620962 0.169657
0.0383405 0.00778224 0.334832 0.537708 0.0813372
0.185714 0.099898 0.124794 0.409632 0.179962
0.0590619 9.9991E-05 0.249814 0.375983 0.315041
0.058293 9.9991E-05 0.233239 0.437991 0.270377
0.0673919 9.9991E-05 0.183829 0.608057 0.140623
0.0104886 9.9991E-05 0.167328 0.631056 0.191027
0.111278 0.0504313 0.0977888 0.644917 0.0955849
0.0684334 0.0944452 0.135024 0.625793 0.0763042
0.0497371 0.103926 0.138509 0.609152 0.0986764
0.030118 0.863864 9.9982E-05 0.105818 9.9982E-05
0.00296701 0.896858 9.9982E-05 0.099975 9.9982E-05
9.9982E-05 0.915479 9.9982E-05 0.0808641 0.00345742
0.0478457 0.936804 0.0132951 0.00195495 9.9991E-05
9.9973E-05 0.913699 9.9973E-05 0.0860008 9.9973E-05
0.0499621 0.0147206 0.654411 0.155878 0.125028
0.0778271 0.0388912 0.146112 0.565264 0.171905
0.281131 0.178651 0.00964408 0.404055 0.126519
0.0907521 0.020106 0.21165 0.660946 0.0165459
0.0544508 0.000862201 0.356649 0.587938 9.9991E-05
0.0734001 9.9991E-05 0.295976 0.284847 0.345677
0.0192885 0.0613168 0.797651 0.0425775 0.0791666
0.0434722 0.0638386 0.396225 0.483186 0.0132774
0.070312 0.0282925 0.624484 0.2485 0.0284112
0.0386113 0.0689202 0.173127 0.511672 0.20767
0.00486961 0.0780088 0.663705 0.177556 0.0758601
0.0814283 0.0856777 0.251034 0.58176 9.9991E-05
0.0287884 0.0446248 0.599065 0.206898 0.120623
0.123788 9.9991E-05 0.342523 0.275885 0.257704
0.0556814 0.0944463 0.0851303 0.562967 0.201775
9.9991E-05 0.0384303 0.0721513 0.35176 0.537559
0.0394242 0.104078 9.9991E-05 0.547883 0.308514
0.0384034 0.123789 0.0224528 0.585602 0.229753
9.9991E-05 0.0612247 0.0417444 0.296907 0.600024
0.132876 0.0694101 0.077147 0.539166 0.181401
9.9991E-05 0.0744913 0.0353255 0.543347 0.346736
9.9991E-05 0.0209723 0.030014 0.211279 0.737635
9.9982E-05 0.0686304 9.9982E-05 0.234137 0.697033
9.9991E-05 0.0778073 0.0467996 0.487531 0.387762
9.9991E-05 0.0393629 0.051977 0.129331 0.779229
0.0416171 0.000383299 0.104131 0.457104 0.396764
0.0478192 9.9991E-05 0.730233 0.185458 0.0363892
0.110643 9.9991E-05 0.371275 0.196232 0.321751
0.097408 0.0325856 0.438686 0.422688 0.00863221
0.120885 0.018777 0.264152 0.579048 0.0171384
0.0526701 9.9991E-05 0.661214 0.242709 0.0433075
0.0767555 0.0736555 0.118575 0.579227 0.151787
0.0322799 0.0524468 0.263021 0.639348 0.0129042
0.0645061 0.0209757 0.245004 0.578262 0.091252
0.0815757 9.9991E-05 0.326673 0.536563 0.0550885
0.0326873 0.022541 0.432068 0.508426 0.00427807
0.0260972 9.9991E-05 0.550816 0.33835 0.0846369
0.0480702 9.9982E-05 0.485127 0.466603 9.9982E-05
0.0881422 9.9991E-05 0.228875 0.599363 0.0835205
0.141582 0.0393181 0.0851714 0.62329 0.110638
0.109388 0.0460432 0.282308 0.364118 0.198143
0.142425 9.9991E-05 0.253598 0.479491 0.124386
0.0806601 9.9991E-05 0.465437 0.406554 0.0472495
0.125914 0.0162715 0.271982 0.527244 0.0585888
0.0903657 0.0312411 0.384268 0.489506 0.00461854
0.0796906 0.0767342 0.169195 0.580535 0.0938457
0.123505 0.343722 0.0263319 0.501919 0.00452184
0.171045 0.165239 0.0330256 0.577256 0.0534348
0.162961 0.189163 0.0632744 0.44265 0.141951
0.168743 0.14734 9.9991E-05 0.564397 0.11942
0.217482 0.217476 9.9991E-05 0.467228 0.0977146
0.0358147 9.9991E-05 0.170448 0.552758 0.240879
0.151715 0.164084 0.0631138 0.507675 0.113412
0.206866 0.233637 0.0796938 0.0209664 0.458837
0.148218 0.1173 0.0683536 0.587747 0.0783823
0.195438 0.18632 0.00298165 0.540301 0.0749593
0.168858 0.108629 0.0300456 0.550935 0.141532
0.112977 0.223436 0.0133729 0.325134 0.325081
0.173681 0.224797 0.0328026 0.558861 0.00985773
0.213546 0.15006 0.00243803 0.537519 0.0964368
0.126739 0.52249 9.9982E-05 9.9982E-05 0.350571
0.217718 0.119899 0.100994 0.537747 0.0236428
0.195973 0.207195 0.00449448 0.529833 0.0625037
0.120219 0.127987 0.0387755 0.617909 0.0951097
0.271397 0.203614 9.9991E-05 0.488859 0.03603
0.107399 0.243904 0.0246121 0.555729 0.0683558
0.0253794 0.0503227 0.001242 0.528601 0.394455
0.0676752 0.0844754 0.0480266 0.589933 0.20989
0.0129488 9.9991E-05 0.0823813 0.0179129 0.886657
9.9982E-05 9.9982E-05 0.0551238 0.102567 0.842109
0.0533378 0.102743 0.0368964 0.566624 0.240399
0.366131 0.151544 9.9991E-05 0.325771 0.156454
0.321137 0.172365 9.9991E-05 0.325586 0.180812
0.353101 0.195304 9.9991E-05 0.156675 0.29482
0.290665 0.156746 9.9991E-05 0.367144 0.185344
0.0807046 0.126481 9.9991E-05 0.12896 0.663754
0.123159 0.0786667 9.9991E-05 0.1697 0.628374
0.0858345 0.0197426 0.021863 0.610947 0.261613
0.127992 0.0924514 9.9991E-05 0.46679 0.312667
0.088116 0.0727312 0.040021 0.273378 0.525754
0.110083 0.0629738 0.0567278 0.577625 0.192591
0.104374 0.0462753 0.0202327 0.619561 0.209556
0.104586 0.0795362 0.0300825 0.566992 0.218803
9.9991E-05 0.00882109 0.00465736 0.437075 0.549346
9.9991E-05 0.0378218 0.0590861 0.486398 0.416595
0.0684996 0.0357126 0.00652474 0.574493 0.31477
0.0454843 0.0432353 0.0750376 0.519909 0.316333
0.0926395 0.0822685 0.0689209 0.534584 0.221587
0.0296876 0.00688095 0.0455116 0.503179 0.414741
0.0127065 0.00326199 0.0399938 0.271276 0.672761
0.025831 0.0416358 9.9991E-05 0.698564 0.23387
0.0472358 9.9991E-05 0.0706078 0.229423 0.652634
0.0221501 0.0569416 9.9991E-05 0.536068 0.38474
0.0143741 0.0979306 0.0427945 0.584994 0.259907
0.0372891 0.0942757 0.0534886 0.567884 0.247062
0.160254 0.212445 0.0229901 0.455304 0.149007
0.150967 0.160993 0.0340118 0.486173 0.167855
0.286711 0.226185 9.9991E-05 0.323495 0.16351
0.284017 0.197635 0.0572393 0.297615 0.163494
0.209909 0.208224 0.0325023 0.465392 0.0839727
0.154896 0.159888 0.0761768 0.458225 0.150815
0.17426 0.173347 9.9982E-05 9.9982E-05 0.652193
0.217426 0.110809 9.9991E-05 0.546937 0.124728
0.134595 0.353729 9.9982E-05 9.9982E-05 0.511476
0.198985 0.0675675 9.9991E-05 0.513017 0.220331
9.9973E-05 9.9973E-05 9.9973E-05 0.269195 0.730505
9.9982E-05 9.9982E-05 0.0521036 0.0966047 0.851092
0.00446508 0.00889262 0.0356575 0.578974 0.37201
0.0565078 9.9982E-05 9.9982E-05 0.648452 0.29484
9.9973E-05 9.9973E-05 9.9973E-05 0.548104 0.451596
0.0265764 9.9982E-05 9.9982E-05 0.67821 0.295013
0.00203596 9.9982E-05 9.9982E-05 0.652555 0.345209
0.0150894 0.875693 0.0907329 0.011514 0.006971
0.0506762 0.77766 0.0506549 0.0558521 0.0651567
0.0148639 0.949177 0.0275414 0.00831809 9.9991E-05
9.9973E-05 0.960962 9.9973E-05 0.0387384 9.9973E-05
0.0443072 0.043057 0.0233786 0.639395 0.249862
0.0101743 0.0825843 0.105322 0.651241 0.150678
9.9991E-05 0.0310328 0.129955 0.668591 0.170321
0.0133866 0.0514677 0.16842 0.673307 0.0934192
0.0220434 0.158252 0.113161 0.583303 0.12324
9.9991E-05 0.0202605 0.23012 0.481685 0.267835
9.9991E-05 0.0412475 0.0616513 0.750492 0.14651
9.9991E-05 0.0113857 0.0422243 0.427323 0.518967
0.179036 0.33142 0.0932066 0.396237 9.9991E-05
0.0088578 9.9991E-05 0.0249643 0.564922 0.401156
9.9982E-05 9.9982E-05 0.21649 0.518394 0.264917
9.9982E-05 9.9982E-05 0.040066 0.682887 0.276848
0.00297214 0.0150494 0.21297 0.587039 0.18197
9.9973E-05 9.9973E-05 9.9973E-05 0.750557 0.249143
9.9991E-05 0.0889349 0.0813453 0.664278 0.165341
9.9973E-05 9.9973E-05 9.9973E-05 0.243225 0.756475
9.9982E-05 9.9982E-05 0.0464757 0.494607 0.458717
9.9982E-05 9.9982E-05 0.0129813 0.530101 0.456718
9.9973E-05 9.9973E-05 9.9973E-05 0.100275 0.899425
9.9991E-05 0.0262746 0.207054 0.585756 0.180816
9.9982E-05 9.9982E-05 0.0251872 0.238032 0.736581
9.9982E-05 9.9982E-05 0.0705554 0.0560371 0.873208
9.9991E-05 0.0337135 0.0369228 0.720553 0.208711
9.9982E-05 9.9982E-05 0.320923 0.376778 0.302099
0.000536176 0.021774 0.130195 0.635865 0.21163
0.0669679 0.124791 0.0708616 0.606448 0.130931
0.00709202 0.0109657 0.176397 0.676712 0.128834
0.0768314 9.9991E-05 0.300903 0.360899 0.261266
9.9991E-05 0.0580914 0.125403 0.682307 0.134098
9.9991E-05 0.00981248 0.194713 0.655764 0.139611
9.9982E-05 9.9982E-05 0.0478722 0.493652 0.458276
0.0545517 0.0930191 0.124334 0.610386 0.117709
9.9982E-05 0.674469 0.289924 9.9982E-05 0.0354065
9.9982E-05 0.78382 0.170646 9.9982E-05 0.0453345
9.9973E-05 0.86729 0.13241 9.9973E-05 9.9973E-05
9.9982E-05 0.833705 0.150478 9.9982E-05 0.0156166
9.9991E-05 0.755764 0.208744 0.0304285 0.00496374
9.9991E-05 0.00924931 0.349848 0.325628 0.315174
9.9991E-05 0.0032392 0.280179 0.342854 0.373628
9.9982E-05 9.9982E-05 0.0219035 0.393051 0.584845
0.0886885 0.0851844 0.0728034 0.607866 0.145458
0.0774636 0.12671 0.0571668 0.611568 0.127091
0.00401087 0.0279469 0.0128902 0.457705 0.497447
0.0573469 0.0475098 0.00510357 0.686457 0.203583
0.054844 0.0037175 0.0706611 0.548085 0.322692
9.9991E-05 0.0112494 0.106813 0.681625 0.200213
0.0429032 0.014265 0.0995719 0.695631 0.147629
9.9982E-05 9.9982E-05 0.299013 0.425914 0.274872
9.9982E-05 9.9982E-05 0.247412 0.491789 0.260599
9.9982E-05 9.9982E-05 0.25334 0.526556 0.219904
0.0302768 0.142063 0.0407175 0.668398 0.118545
9.9982E-05 9.9982E-05 0.193128 0.607719 0.198953
9.9991E-05 0.0293159 0.234558 0.555533 0.180493
0.36961 0.103106 0.025766 0.45205 0.0494682
0.471871 0.1173 0.0192112 0.330313 0.0613049
0.445702 0.129936 0.00325346 0.421008 9.9991E-05
0.555607 0.165066 9.9991E-05 0.237185 0.0420427
0.313499 0.138685 0.0399227 0.45507 0.0528225
9.9982E-05 0.105466 9.9982E-05 0.620188 0.274146
0.656752 0.254303 0.0153854 9.9991E-05 0.0734596
0.504071 0.15933 0.0246373 0.31001 0.0019515
0.159163 0.211525 9.9991E-05 0.358043 0.271168
9.9991E-05 0.184032 0.0365525 0.610295 0.169021
0.0177114 0.185551 0.0626438 0.534118 0.199976
0.0413175 0.151493 0.0238127 0.61814 0.165237
0.0422069 0.150806 0.0334381 0.637852 0.135697
0.485394 0.178644 9.9982E-05 0.335761 9.9982E-05
0.361757 0.161633 0.0331298 0.427945 0.0155351
0.534457 0.0897058 9.9982E-05 0.375637 9.9982E-05
0.292097 0.165872 0.0477603 0.450149 0.0441221
0.48704 0.183254 9.9991E-05 0.275521 0.0540859
0.382159 0.11289 0.00687997 0.43624 0.0618311
0.558687 0.13953 9.9991E-05 0.236992 0.0646911
0.320101 0.138887 0.0350326 0.428882 0.0770974
0.00983214 0.175434 9.9991E-05 0.546031 0.268603
0.349845 0.148296 0.0226686 0.419378 0.0598117
0.578523 0.230286 9.9991E-05 0.144857 0.0462341
0.384712 0.111297 0.0934521 0.393446 0.0170935
9.9991E-05 0.221122 0.134544 0.353771 0.290463
0.0535464 0.0910612 9.9991E-05 0.667007 0.188285
0.378976 0.172754 0.0201661 0.405148 0.0229562
0.0146292 0.168971 0.0574582 0.598052 0.160889
9.9991E-05 0.225314 0.0727717 0.549248 0.152566
0.247308 0.182427 0.0190808 0.378623 0.172561
0.281932 0.232432 9.9991E-05 0.349482 0.136054
0.107995 0.131827 0.0367847 0.588262 0.135131
0.340745 0.146164 0.0495982 0.410783 0.0527095
0.487952 0.0676664 0.0229424 0.421339 9.9991E-05
0.673669 0.185264 9.9991E-05 0.0927548 0.0482127
0.0863984 0.105406 0.0593699 0.630118 0.118708
9.9991E-05 0.178752 0.0669922 0.504147 0.250008
0.0369202 0.159815 9.9991E-05 0.146292 0.656873
0.0423652 0.169538 0.0567002 0.620888 0.110508
0.0648317 0.132545 0.121297 0.393513 0.287812
0.173601 0.214183 9.9991E-05 0.471741 0.140376
0.1171 0.177035 0.0324162 0.510878 0.162571
0.123493 0.426868 9.9982E-05 9.9982E-05 0.449439
0.0786508 0.378832 9.9982E-05 9.9982E-05 0.542317
0.0895182 0.248056 9.9991E-05 0.304644 0.357682
0.193585 0.379626 9.9991E-05 0.0165625 0.410127
0.1932 0.507998 9.9982E-05 9.9982E-05 0.298602
0.120685 0.249015 9.9991E-05 0.361066 0.269135
0.194672 0.255479 0.00536066 0.335582 0.208907
0.189538 0.321936 9.9991E-05 0.123612 0.364813
0.134166 0.31925 9.9991E-05 0.0832825 0.463201
0.111457 0.178683 0.0174619 0.556927 0.135471
0.168725 0.284729 9.9991E-05 0.145053 0.401393
0.0664515 0.421272 9.9982E-05 9.9982E-05 0.512076
0.152009 0.155177 0.0865371 0.512264 0.0940135
0.184376 0.25267 9.9991E-05 0.311885 0.250969
0.205208 0.326793 0.00523661 0.428617 0.034145
0.237698 0.174392 9.9982E-05 0.587709 9.9982E-05
0.250386 0.149728 9.9991E-05 0.500361 0.0994249
0.251076 0.164107 9.9991E-05 0.506991 0.0777261
0.214715 0.363428 0.0861281 0.333679 0.00205016
0.212226 0.231926 0.00854197 0.499306 0.0480004
0.187219 0.29009 9.9982E-05 0.522491 9.9982E-05
0.290123 0.255627 9.9991E-05 0.266795 0.187355
0.102649 0.210196 0.173649 0.395873 0.117633
0.116771 0.233361 0.0362623 0.53022 0.0833851
0.149115 0.15132 0.0409343 0.583181 0.0754504
0.114049 0.160379 0.011746 0.65006 0.0637666
0.227279 0.292821 0.0254078 0.42019 0.0343017
0.164819 0.239556 9.9991E-05 0.56068 0.034845
0.334918 0.374852 9.9991E-05 0.00647846 0.283652
0.161352 0.20256 0.00205061 0.56046 0.0735765
0.324464 0.300406 9.9991E-05 0.175176 0.199854
0.000899919 0.812853 0.186047 9.9982E-05 9.9982E-05
0.0107032 0.0397207 0.811656 0.13782 9.9991E-05
9.997E-05 9.997E-05 0.9996 9.997E-05 9.997E-05
9.997E-05 9.997E-05 0.9996 9.997E-05 9.997E-05
9.9973E-05 9.9973E-05 0.98363 0.0160704 9.9973E-05
0.00636949 9.9973E-05 0.993331 9.9973E-05 9.9973E-05
9.9973E-05 9.9973E-05 0.955971 0.043729 9.9973E-05
9.997E-05 9.997E-05 0.9996 9.997E-05 9.997E-05
9.9973E-05 0.140586 0.859114 9.9973E-05 9.9973E-05
9.9991E-05 0.913712 0.0606177 0.019077 0.00649298
9.9982E-05 0.80242 0.132882 0.0644975 9.9982E-05
9.9991E-05 0.891352 0.0439145 0.0459462 0.0186872
9.9982E-05 0.876883 0.0999685 0.0229483 9.9982E-05
0.00665401 0.884492 0.0694886 0.0392658 9.9991E-05
9.9982E-05 0.926361 0.013795 0.0596437 9.9982E-05
0.0642435 0.772667 0.0238082 0.135407 0.0038748
9.9973E-05 0.912294 9.9973E-05 0.0874062 9.9973E-05
0.0557275 0.755491 0.0527573 0.124968 0.0110554
0.044585 0.933926 9.9982E-05 0.021289 9.9982E-05
9.997E-05 0.9996 9.997E-05 9.997E-05 9.997E-05
0.0346338 0.885949 0.0427801 0.0365368 9.9991E-05
9.9973E-05 0.987552 0.0121483 9.9973E-05 9.9973E-05
9.9973E-05 0.968132 9.9973E-05 0.031568 9.9973E-05
0.00443295 0.919518 9.9982E-05 0.0758491 9.9982E-05
0.00681787 0.947872 9.9982E-05 0.0451103 9.9982E-05
0.0594943 0.875176 9.9982E-05 0.06513 9.9982E-05
0.0350311 0.862456 9.9982E-05 0.102313 9.9982E-05
0.0763078 0.832771 9.9982E-05 0.0907213 9.9982E-05
9.9991E-05 0.157052 0.100122 0.451698 0.291028
9.9991E-05 0.117219 0.0425436 0.724649 0.115488
0.0363658 0.14081 0.0698305 0.64348 0.109514
0.0488319 0.13435 9.9991E-05 0.0967093 0.720009
0.00374777 0.161144 0.102211 0.538279 0.194618
0.0321699 0.175384 9.9991E-05 0.0612548 0.731091
0.117753 0.102307 9.9991E-05 0.592656 0.187184
9.9991E-05 0.16337 0.109285 0.483689 0.243556
9.9991E-05 0.203574 0.0721748 0.552042 0.172109
9.9991E-05 0.0759453 0.106242 0.602962 0.214751
9.9991E-05 0.16376 0.126882 0.51064 0.198619
0.0158921 0.151355 9.9991E-05 0.689651 0.143002
9.9991E-05 0.165584 0.0894444 0.585461 0.159411
0.105589 9.9991E-05 0.45208 0.0195425 0.422689
9.9982E-05 0.16868 9.9982E-05 0.0118026 0.819318
9.9982E-05 0.173686 9.9982E-05 0.163641 0.662473
0.0381608 0.178654 0.0249375 0.632014 0.126234
0.0304107 0.114651 9.9991E-05 0.544326 0.310512
0.0231919 0.103002 9.9991E-05 0.61803 0.255676
0.0758466 0.130783 0.0130337 0.675135 0.105201
0.194671 0.236995 0.0321801 0.447706 0.0884478
0.189608 0.214333 0.0327056 0.563253 9.9991E-05
0.149641 0.399908 0.228983 0.167813 0.0536553
0.0582932 0.16499 0.0775554 0.629729 0.0694329
0.129554 0.228493 0.163467 0.44164 0.0368462
0.177775 0.428373 9.9982E-05 9.9982E-05 0.393652
0.251346 0.299567 9.9991E-05 0.276884 0.172103
0.169624 0.37884 0.0822064 0.324137 0.0451929
0.11238 0.326082 0.161091 0.397616 0.00283097
0.158373 0.133689 0.0740331 0.55217 0.081734
0.128985 0.223009 0.0120975 0.584418 0.0514906
0.107573 0.181368 9.9991E-05 0.642284 0.0686745
0.19426 0.173239 0.0234804 0.41768 0.191341
0.125298 0.515115 0.0645595 0.239757 0.05527
