9.9973E-05 9.9973E-05 0.00625052 9.9973E-05 0.0128372 0.0621042 0.027249 0.891259
9.9964E-05 0.0555162 0.0338316 9.9964E-05 9.9964E-05 9.9964E-05 0.00611366 0.904139
9.9973E-05 9.9973E-05 9.9973E-05 0.142446 0.00515438 0.017329 0.0525589 0.782212
9.9982E-05 0.00629561 0.00399075 0.00497567 0.10722 0.110365 9.9982E-05 0.766953
0.00802825 0.0263189 9.9973E-05 0.048661 0.0559346 9.9973E-05 9.9973E-05 0.860757
0.342783 9.9982E-05 0.0136968 0.00881008 0.0743927 0.0152343 9.9982E-05 0.544883
0.224338 9.9946E-05 9.9946E-05 9.9946E-05 9.9946E-05 9.9946E-05 9.9946E-05 0.775063
0.283145 9.9964E-05 9.9964E-05 9.9964E-05 0.00778624 0.00866936 9.9964E-05 0.7
9.99729E-05 0.00896621 0.0329476 9.99729E-05 9.99729E-05 0.0724212 0.0852411 0.800124
0.216 0.0318709 9.9973E-05 0.00367816 0.122833 9.9973E-05 9.9973E-05 0.625319
0.238287 9.9955E-05 9.9955E-05 9.9955E-05 9.9955E-05 0.0671053 9.9955E-05 0.694108
0.065708 9.9973E-05 0.173861 0.26416 0.0502349 0.445736 9.9973E-05 9.9973E-05
9.9982E-05 9.9982E-05 0.0106779 0.585945 0.0390414 0.327396 0.00771967 0.0290201
9.9982E-05 0.0626694 0.147646 0.232534 0.0795897 0.389188 0.0881728 9.9982E-05
9.9982E-05 0.0565105 0.0629481 0.358173 0.119199 0.323079 0.0798914 9.9982E-05
0.123385 9.9982E-05 0.0813923 0.327053 0.129069 0.210769 9.9982E-05 0.128132
0.0627123 0.0409058 0.0521197 0.527507 0.0618945 0.152453 0.07997 0.0224379
0.0812541 0.00836028 0.115081 0.467778 0.0446297 0.243522 0.039274 9.9991E-05
9.9991E-05 0.0478347 0.121303 0.285094 0.102632 0.303774 0.0430519 0.0962111
0.177692 0.019243 0.146303 9.9991E-05 0.0716767 0.56288 0.00780908 0.0142965
0.00494386 0.06605 0.0856296 0.384614 0.0924751 0.306773 0.0594145 9.9991E-05
0.0396162 0.036047 9.9973E-05 0.549508 9.9973E-05 0.201274 0.173255 9.9973E-05
0.0166462 0.076936 0.150477 0.526589 0.0499764 0.143096 9.9991E-05 0.0361789
0.0924527 9.9973E-05 0.197033 0.270062 0.128983 0.311169 9.9973E-05 9.9973E-05
0.00278674 9.9982E-05 0.0699203 0.64283 0.0485413 0.156293 9.9982E-05 0.0794292
0.03683 0.0219491 9.9991E-05 0.568452 0.0191298 0.197963 0.0694527 0.0861232
0.040144 0.00865855 0.185698 0.125203 0.161962 0.427343 0.0313722 0.0196199
0.0291173 9.9982E-05 0.153787 0.169571 0.177025 0.386226 0.0840738 9.9982E-05
0.12516 0.077618 0.160135 0.228308 0.030326 0.338571 0.0397824 9.9991E-05
9.9955E-05 9.9955E-05 9.9955E-05 0.143985 0.00268513 9.9955E-05 9.9955E-05 0.85283
9.9946E-05 9.9946E-05 9.9946E-05 0.16516 9.9946E-05 9.9946E-05 9.9946E-05 0.83424
9.9973E-05 9.9973E-05 0.0239979 0.127015 0.0486441 0.00268285 9.9973E-05 0.79736
9.9982E-05 9.9982E-05 0.0331585 0.10809 0.051316 0.00572015 0.104807 0.696708
0.166971 0.0701439 0.155777 0.505239 9.9982E-05 0.0411461 9.9982E-05 0.0605234
0.0397407 0.0112456 0.222984 0.541955 9.9991E-05 0.0753829 0.0160703 0.0925211
0.104128 0.044818 0.254947 0.538683 9.9982E-05 0.0116189 9.9982E-05 0.0456051
9.9973E-05 0.0673661 0.0640828 0.188921 9.9973E-05 0.602772 9.9973E-05 0.0765588
9.9991E-05 0.0612239 0.498644 0.287814 0.0270948 0.0828578 0.00941796 0.0328482
9.9982E-05 0.101386 0.147646 0.506443 0.0402193 0.152062 9.9982E-05 0.0520439
0.0196622 9.9964E-05 0.135312 0.728845 9.9964E-05 9.9964E-05 0.11578 9.9964E-05
0.332093 9.9964E-05 9.9964E-05 0.578669 9.9964E-05 0.000615073 9.9964E-05 0.0882229
0.116406 9.9982E-05 0.145953 0.566407 0.035548 0.0639919 9.9982E-05 0.071494
9.9973E-05 9.9973E-05 0.653364 0.15888 9.9973E-05 0.13734 0.0437935 0.00632311
0.301243 9.9973E-05 0.0495908 0.540788 0.0395395 9.9973E-05 9.9973E-05 0.0685388
0.110009 0.0538614 0.170883 0.496776 0.0556619 9.9991E-05 0.0464778 0.0662304
9.9982E-05 9.9982E-05 0.100453 0.608285 0.000894593 0.0496517 0.0877078 0.152808
9.9973E-05 0.0480982 0.641496 0.290316 9.9973E-05 9.9973E-05 0.0190957 0.000693799
0.0695695 0.0141085 0.231156 0.602617 0.00497333 9.9982E-05 9.9982E-05 0.077376
0.100842 0.0481416 0.171646 0.517955 0.0749974 0.0123114 9.9991E-05 0.0740069
0.0267369 9.9955E-05 0.75716 9.9955E-05 9.9955E-05 9.9955E-05 0.215603 9.9955E-05
0.0554899 9.9973E-05 0.278621 0.131727 9.9973E-05 0.431756 0.102106 9.9973E-05
0.19738 0.143834 0.184863 0.0782555 9.9982E-05 0.172622 0.222845 9.9982E-05
0.0437896 0.0249203 0.0750641 0.572363 9.9991E-05 0.0924175 0.0856679 0.105677
0.0924076 0.0983373 9.9991E-05 0.561051 0.0938967 0.0684382 0.0530165 0.0327522
9.9991E-05 0.0733388 0.101812 0.541784 0.0802445 0.0386539 0.124088 0.0399789
0.0345424 0.0620446 0.211048 0.168803 9.9991E-05 0.388914 0.0505822 0.0839656
0.0823685 0.0442039 0.0461141 0.540393 9.9982E-05 0.217683 0.0690373 9.9982E-05
0.0903078 0.0196599 0.0561951 0.537235 0.017923 0.0806517 0.197927 9.9991E-05
0.17112 0.0617993 0.190478 0.276303 0.0931909 0.142957 9.9991E-05 0.0640519
0.124672 9.9991E-05 0.183533 0.045404 0.0752462 0.306684 0.141824 0.122538
0.00155052 9.9982E-05 0.125492 0.608121 9.9982E-05 0.0816652 0.135985 0.0469856
9.9982E-05 0.113762 0.0627672 0.465915 0.0197407 0.22162 0.115994 9.9982E-05
0.113656 0.0919611 0.197589 0.0344121 9.9982E-05 0.497829 0.0643541 9.9982E-05
9.9973E-05 0.0424307 0.0852918 0.524494 9.9973E-05 0.252553 0.0949307 9.9973E-05
9.9991E-05 0.084254 0.12321 0.662706 0.0111192 0.0275524 0.0541844 0.0368736
9.9973E-05 9.9973E-05 0.010726 0.651281 0.0327917 0.20709 0.0978111 9.9973E-05
9.9991E-05 0.125147 0.246269 0.217516 0.0967588 0.263207 0.0195278 0.0314738
0.11906 0.0512556 0.131608 0.5226 9.9982E-05 0.124612 0.0506638 9.9982E-05
9.9982E-05 0.0305254 0.0726467 0.601681 9.9982E-05 0.166577 0.113397 0.0149728
9.9982E-05 0.112039 0.1218 0.231504 9.9982E-05 0.43947 0.0908556 0.0041318
0.00922314 9.9964E-05 0.386091 0.546943 9.9964E-05 0.0573427 9.9964E-05 9.9964E-05
9.9973E-05 9.9973E-05 0.712792 0.176184 0.025487 0.0714448 9.9973E-05 0.0137929
9.9973E-05 0.133537 0.177288 0.53419 9.9973E-05 0.0710928 9.9973E-05 0.0835927
0.0334524 0.0346736 0.883205 9.9964E-05 9.9964E-05 9.9964E-05 0.0482688 9.9964E-05
9.9964E-05 0.0573281 0.887794 9.9964E-05 9.9964E-05 0.00312675 0.0513513 9.9964E-05
9.9946E-05 9.9946E-05 0.738179 0.261221 9.9946E-05 9.9946E-05 9.9946E-05 9.9946E-05
9.9964E-05 9.9964E-05 0.478514 0.389182 9.9964E-05 0.0946245 0.0372803 9.9964E-05
9.9982E-05 0.0324083 0.196331 0.566407 9.9982E-05 0.0448434 0.0261876 0.133623
9.9982E-05 9.9982E-05 0.344505 0.460666 0.0106675 0.0296024 0.149585 0.00477401
9.9973E-05 9.9973E-05 0.678115 0.117536 0.0291687 0.134245 9.9973E-05 0.0406364
9.9964E-05 9.9964E-05 0.488016 0.269691 9.9964E-05 0.206213 9.9964E-05 0.0356813
0.00960729 0.149871 0.261101 0.376049 0.105073 9.9991E-05 0.00615253 0.0920457
0.0601981 9.9982E-05 0.591395 0.24046 0.0668359 0.0184672 9.9982E-05 0.0224438
0.0860776 9.9964E-05 0.430278 0.42142 9.9964E-05 9.9964E-05 9.9964E-05 0.0618244
0.0292411 0.0832977 0.493133 0.371985 9.9973E-05 9.9973E-05 9.9973E-05 0.022044
0.0959978 0.0711573 0.720857 9.9964E-05 9.9964E-05 9.9964E-05 0.111588 9.9964E-05
0.0542044 9.9973E-05 0.327399 0.524848 0.0296308 0.0636181 9.9973E-05 9.9973E-05
9.9964E-05 9.9964E-05 9.9964E-05 0.0803723 0.0474066 0.0667658 9.9964E-05 0.805055
9.9946E-05 9.9946E-05 9.9946E-05 0.105169 9.9946E-05 9.9946E-05 9.9946E-05 0.894231
9.9946E-05 9.9946E-05 9.9946E-05 0.133601 9.9946E-05 9.9946E-05 9.9946E-05 0.8658
9.9964E-05 9.9964E-05 9.9964E-05 0.0535923 0.00156456 9.9964E-05 0.0734341 0.871009
0.0284726 9.9982E-05 0.0102803 0.0735828 0.0316527 9.9982E-05 0.011971 0.843841
9.9955E-05 9.9955E-05 9.9955E-05 0.105588 9.9955E-05 9.9955E-05 0.0316554 0.862257
0.00621274 9.9973E-05 9.9973E-05 0.0563444 0.0245104 9.9973E-05 0.024975 0.887657
9.9991E-05 0.00726383 0.278727 0.566075 0.0126724 0.0287858 0.0554487 0.0509278
0.0348669 0.0216482 0.0969869 0.534397 0.08193 0.130163 0.0305003 0.0695076
9.9973E-05 0.00661594 0.8119 0.0366016 9.9973E-05 0.10116 9.9973E-05 0.0434224
0.166249 9.9973E-05 0.126411 0.531628 0.115986 9.9973E-05 9.9973E-05 0.059426
0.107233 0.0379933 0.329833 0.375272 9.9982E-05 0.10824 9.9982E-05 0.0412287
0.0958402 0.00384098 0.295105 0.524274 9.9973E-05 9.9973E-05 9.9973E-05 0.0806391
0.0215435 0.124599 0.252724 0.481755 0.0532991 9.9991E-05 0.000626414 0.065352
0.0638721 0.0633389 0.400463 0.399028 0.0729975 9.9973E-05 9.9973E-05 9.9973E-05
9.9955E-05 9.9955E-05 0.762161 9.9955E-05 9.9955E-05 0.189127 9.9955E-05 0.0482117
0.120241 9.9973E-05 0.112643 0.507239 9.9973E-05 0.120337 9.9973E-05 0.139239
0.0996289 0.0744267 0.151746 0.546605 0.0271335 0.00382456 0.0426397 0.0539959
0.0522273 0.0521467 0.139468 0.496424 0.0695079 0.0749256 0.000783492 0.114517
0.0727548 9.9964E-05 0.537194 0.293819 9.9964E-05 9.9964E-05 0.0958317 9.9964E-05
9.9964E-05 0.0524758 0.388894 0.550087 9.9964E-05 9.9964E-05 9.9964E-05 0.00814273
0.0342232 9.9973E-05 0.381313 0.393796 9.9973E-05 0.119473 9.9973E-05 0.0708939
0.0210988 0.00988334 0.533912 0.35142 0.0833861 9.9973E-05 9.9973E-05 9.9973E-05
0.0616961 9.9973E-05 0.355942 0.41069 9.9973E-05 0.07448 9.9973E-05 0.0968924
9.9982E-05 9.9982E-05 0.20356 0.524573 0.0697744 0.0359269 0.0404224 0.125543
9.9973E-05 0.165239 0.119068 0.23971 9.9973E-05 0.307122 0.168561 9.9973E-05
0.0557142 9.9991E-05 0.0865313 0.359493 0.0989027 0.306219 0.0518507 0.0411886
0.0217734 0.0693382 9.9982E-05 0.590004 0.011381 0.199288 9.9982E-05 0.108016
0.0803558 0.0178178 0.0624029 0.598331 0.0658673 0.130076 0.0450494 9.9991E-05
9.9973E-05 0.0696769 0.0392136 0.48373 9.9973E-05 0.371527 9.9973E-05 0.0355531
0.0137224 0.0608479 9.9982E-05 0.548579 0.0654211 0.286817 9.9982E-05 0.0244126
9.9964E-05 0.0884094 9.9964E-05 0.479753 9.9964E-05 0.404286 9.9964E-05 0.0271524
0.0406893 9.9991E-05 0.170578 0.473058 0.00774927 0.209371 0.0150343 0.0834201
0.101602 0.0303122 0.0566518 0.510253 0.0526559 0.186079 0.0360821 0.0263638
0.0560491 9.9982E-05 0.133996 0.574838 0.00769568 0.171466 9.9982E-05 0.055756
0.0339382 0.0314531 0.114209 0.527645 9.9973E-05 0.292455 9.9973E-05 9.9973E-05
0.0970333 0.0284088 0.0160172 0.642426 0.0279314 0.0817848 0.106298 9.9991E-05
9.9973E-05 9.9973E-05 9.9973E-05 0.712773 0.037772 0.142977 0.0334611 0.072717
9.9973E-05 0.149672 0.112619 0.538144 0.0353389 0.163926 9.9973E-05 9.9973E-05
0.118512 0.135582 0.00264452 0.493883 0.0992915 0.131141 0.0183996 0.000546777
0.0164805 0.0516851 0.0167872 0.652205 0.00646642 0.215251 9.9991E-05 0.0410254
0.092157 0.154461 0.0126022 0.31583 9.9991E-05 0.258938 0.125312 0.0406007
0.0340306 9.9982E-05 0.0331714 0.64871 9.9982E-05 0.145173 0.112757 0.0259574
9.9973E-05 0.1162 9.9973E-05 0.663965 9.9973E-05 0.138072 0.0553456 0.0261166
0.00798586 0.0619532 0.160724 0.225559 0.063602 0.464642 9.9991E-05 0.0154332
0.0685103 0.258828 0.0327708 0.180841 9.9982E-05 0.263116 0.195734 9.9982E-05
0.0519376 0.0467396 0.0994912 0.459377 0.0960759 0.242224 9.9991E-05 0.00405442
9.9982E-05 0.238238 0.237099 0.0497881 0.02608 0.326664 0.12193 9.9982E-05
0.0145177 0.0464608 0.175985 0.278973 9.9982E-05 0.428144 9.9982E-05 0.0557189
0.0232917 0.0820596 0.12098 0.442097 9.9982E-05 0.294055 9.9982E-05 0.037317
9.9973E-05 0.0340317 0.179597 0.316986 9.9973E-05 0.445859 9.9973E-05 0.0232273
0.107371 0.135455 0.0243946 0.268377 0.00521731 0.458986 9.9982E-05 9.9982E-05
0.177393 0.0764273 0.0267178 0.557827 0.00121576 0.044789 0.00114047 0.11449
0.0205426 0.0405293 0.0423013 0.591902 0.0185836 0.0902084 0.140402 0.0555302
0.0242581 0.135828 0.0194119 0.484832 9.9991E-05 0.201382 0.0174252 0.116763
0.0309482 0.0627565 0.195937 0.202427 9.9982E-05 0.335114 0.172617 9.9982E-05
0.0212406 0.0398205 0.0658725 0.533373 0.0437037 0.0695358 0.143395 0.0830591
0.155015 0.0628164 0.0897965 0.434092 0.058433 0.0357923 0.0714177 0.0926368
0.225501 0.214034 0.132911 9.9982E-05 9.9982E-05 0.140222 0.198038 0.0890945
0.111671 0.0772194 0.0477679 0.562327 0.0469396 0.0138505 9.9991E-05 0.140125
0.113856 0.116629 0.22294 0.309256 9.9991E-05 0.0409155 0.151789 0.0445142
0.0424298 0.118776 0.0845984 0.450741 0.0823075 0.0762644 0.127069 0.0178136
0.319143 0.0690048 0.0856175 0.183468 9.9982E-05 0.0687144 0.273853 9.9982E-05
0.382511 0.115713 0.0852144 0.166137 9.9991E-05 0.125309 0.103124 0.0218915
0.144219 0.0803832 0.129759 0.407558 9.9991E-05 0.151811 0.0577694 0.0283999
0.130247 0.0757762 9.9991E-05 0.475359 0.0428673 0.172108 0.0661261 0.0374167
0.192506 9.9982E-05 0.111374 0.245563 0.144292 0.238761 9.9982E-05 0.0673049
0.201949 0.048208 0.267541 0.0275157 0.081904 0.0791169 0.293665 9.9991E-05
0.155107 0.0919002 0.0117594 0.50637 9.9991E-05 0.0726344 0.124147 0.037982
0.319984 0.00746125 0.213997 0.277423 9.9982E-05 0.124848 0.0560863 9.9982E-05
0.091648 0.0359559 0.186682 0.475276 9.9982E-05 0.1347 0.0755388 9.9982E-05
0.132906 9.9982E-05 0.198522 0.431688 0.0943834 0.0444314 9.9982E-05 0.09787
0.145266 9.9973E-05 9.9973E-05 0.152466 0.180051 9.9973E-05 0.275853 0.246063
0.0821252 9.9964E-05 9.9964E-05 9.9964E-05 0.0887467 9.9964E-05 0.497209 0.33152
0.0601509 0.0861526 9.9973E-05 9.9973E-05 0.0636195 9.9973E-05 0.464367 0.32541
0.0581996 9.99821E-05 9.99821E-05 0.0813412 0.27274 0.0141849 0.28797 0.285364
0.360137 0.0421203 9.9964E-05 0.578724 9.9964E-05 9.9964E-05 0.018618 9.9964E-05
0.104832 0.0857747 9.9991E-05 0.602236 0.00382555 0.0477747 0.105623 0.0498347
9.9955E-05 0.0514228 9.9955E-05 0.30311 0.644967 9.9955E-05 9.9955E-05 9.9955E-05
9.9982E-05 0.00440996 0.104693 0.265877 0.465774 0.15402 9.9982E-05 0.00502605
9.9982E-05 0.0416768 0.104113 0.364976 0.327661 0.0756813 9.9982E-05 0.0856925
0.442737 0.188626 0.0953519 0.2328 0.00581476 9.9982E-05 0.0344704 9.9982E-05
0.158728 0.0641706 0.136721 0.45738 0.0960526 0.0577375 0.0291099 9.9991E-05
0.482035 0.270829 0.0576332 0.0546761 0.00875499 9.9982E-05 0.125871 9.9982E-05
0.218123 0.128821 0.0640643 0.530681 9.9991E-05 0.0143632 0.0427032 0.00114404
0.272787 0.190765 0.040438 0.41901 0.0165618 0.0248824 0.0354554 9.9991E-05
0.313086 0.0368799 0.0211693 0.495555 0.0622364 9.9982E-05 0.0708736 9.9982E-05
0.444285 0.183217 0.149134 0.10276 9.9982E-05 0.0403775 0.0800277 9.9982E-05
0.165118 0.0378731 0.126509 0.513422 0.0875175 9.9991E-05 0.00661821 0.0628412
0.246603 0.0237533 0.0924416 0.463015 0.0877123 0.0190964 0.0364511 0.0309267
9.9946E-05 0.0338179 9.9946E-05 9.9946E-05 0.965582 9.9946E-05 9.9946E-05 9.9946E-05
9.9955E-05 0.0288136 9.9955E-05 0.087921 0.882766 9.9955E-05 9.9955E-05 9.9955E-05
0.0864788 9.9973E-05 0.0059764 0.244157 0.552431 9.9973E-05 9.9973E-05 0.110656
9.9964E-05 9.9964E-05 0.044508 0.252788 0.692966 9.9964E-05 9.9964E-05 0.00933849
0.0260774 9.9973E-05 0.010578 0.157003 0.803626 9.9973E-05 9.9973E-05 0.00241573
9.994E-05 9.994E-05 9.994E-05 9.994E-05 0.9993 9.994E-05 9.994E-05 9.994E-05
9.9964E-05 0.00873972 9.9964E-05 9.9964E-05 0.980219 0.00487733 0.00576367 9.9964E-05
9.9964E-05 9.9964E-05 0.0173695 0.14268 0.836074 0.00347701 9.9964E-05 9.9964E-05
9.9946E-05 9.9946E-05 9.9946E-05 9.9946E-05 0.956134 0.043266 9.9946E-05 9.9946E-05
9.994E-05 9.994E-05 9.994E-05 9.994E-05 0.9993 9.994E-05 9.994E-05 9.994E-05
9.994E-05 9.994E-05 9.994E-05 9.994E-05 0.9993 9.994E-05 9.994E-05 9.994E-05
9.9964E-05 0.023433 9.9964E-05 0.179558 0.764437 9.9964E-05 9.9964E-05 0.032172
0.025202 9.9982E-05 0.00394282 0.0865216 0.818112 0.0181988 0.047823 9.9982E-05
9.9955E-05 9.9955E-05 0.0123522 9.9955E-05 0.971926 0.0152218 9.9955E-05 9.9955E-05
0.0246119 0.0774957 0.0253667 0.350891 0.30049 0.0848345 0.0387004 0.0976097
9.9973E-05 9.9973E-05 0.00884576 0.208558 0.666296 0.0631219 9.9973E-05 0.0528778
0.0118219 9.9982E-05 0.0372128 0.159381 0.743677 0.0145228 0.0331847 9.9982E-05
9.9964E-05 9.9964E-05 9.9964E-05 0.0165627 0.890623 0.0470328 9.9964E-05 0.0453817
9.9946E-05 9.9946E-05 9.9946E-05 9.9946E-05 0.965678 9.9946E-05 0.0337226 9.9946E-05
9.9973E-05 0.00148612 9.9973E-05 0.0577715 0.890707 9.9973E-05 0.0394302 0.0103057
9.9946E-05 0.000675602 9.9946E-05 9.9946E-05 0.998725 9.9946E-05 9.9946E-05 9.9946E-05
9.9973E-05 9.9973E-05 9.9973E-05 0.299321 0.550526 0.0617787 0.0388785 0.0491957
9.9964E-05 0.0233926 0.0246012 0.050696 0.90091 9.9964E-05 9.9964E-05 9.9964E-05
0.419873 0.0839701 9.9964E-05 9.9964E-05 9.9964E-05 9.9964E-05 0.276118 0.219639
0.144801 9.9991E-05 0.0474748 0.396833 0.048602 0.137806 0.16113 0.0632533
0.288244 0.022615 0.0135253 0.286634 0.119049 0.0544851 0.0323674 0.18308
0.362079 0.0293042 0.0380854 0.117412 0.0446962 0.0241751 0.266941 0.117308
0.206759 0.127898 9.9982E-05 0.366188 0.126708 9.9982E-05 0.079967 0.0922804
0.257835 0.00354783 0.0943878 0.144996 0.0544319 9.9991E-05 0.276577 0.168125
0.127398 0.0209279 0.0886375 0.444841 0.0332672 0.1069 0.0904467 0.0875824
0.442207 9.9982E-05 0.0409672 0.177073 0.173173 9.9982E-05 0.153895 0.012484
0.205184 0.0676895 9.9991E-05 0.359407 0.173795 0.0204081 0.141546 0.0318711
0.336132 9.9973E-05 9.9973E-05 0.274503 0.141259 9.9973E-05 0.130577 0.117229
0.150864 0.0838399 9.9982E-05 0.41457 9.9982E-05 0.0365643 0.114987 0.198975
0.147637 0.00844455 9.9973E-05 0.00330623 9.9973E-05 0.0184284 9.9973E-05 0.821884
0.0150908 0.0343043 0.0110106 9.9982E-05 0.0647207 9.9982E-05 0.0403162 0.834357
9.9955E-05 9.9955E-05 9.9955E-05 0.00539043 9.9955E-05 9.9955E-05 0.0314943 0.962615
9.9964E-05 9.9964E-05 9.9964E-05 0.00673692 9.9964E-05 0.0689239 0.01665 0.907289
9.9964E-05 9.9964E-05 9.9964E-05 0.0100286 9.9964E-05 0.0623403 0.0352797 0.891952
9.9964E-05 0.00888916 9.9964E-05 9.9964E-05 0.0659177 9.9964E-05 0.0733122 0.851481
0.0125492 9.9973E-05 9.9973E-05 0.0350199 0.101208 9.9973E-05 0.000467798 0.850455
0.0279545 0.0729159 0.0146474 9.9982E-05 0.0077563 9.9982E-05 0.0592898 0.817236
9.9973E-05 9.9973E-05 0.0545535 0.0518606 0.000866564 9.9973E-05 0.0634163 0.829003
9.9973E-05 9.9973E-05 9.9973E-05 0.0163898 0.0868665 0.0127034 0.113587 0.770153
9.9964E-05 0.034324 0.111162 9.9964E-05 9.9964E-05 0.212931 9.9964E-05 0.641184
9.9982E-05 0.0533694 0.0430535 0.0127439 9.9982E-05 0.303756 0.0132183 0.573659
0.0383614 0.125232 0.00569536 9.9982E-05 9.9982E-05 0.249567 0.0522541 0.528691
0.112691 0.082207 0.0659353 9.9973E-05 9.9973E-05 0.262033 9.9973E-05 0.476833
0.0373733 0.00294232 0.283962 0.484556 9.9982E-05 0.0978917 9.9982E-05 0.0930744
9.9973E-05 9.9973E-05 0.301237 0.448146 0.106895 0.122321 9.9973E-05 0.0211023
0.114941 0.0179903 0.121278 0.589386 0.00710487 0.149101 9.9982E-05 9.9982E-05
0.0769477 9.9973E-05 0.186051 0.408684 9.9973E-05 0.242141 0.0858754 9.9973E-05
0.0113811 0.105313 0.123106 0.195981 0.0104792 0.530873 0.0227677 9.9991E-05
0.0466333 0.0386913 0.256414 0.516257 0.046669 0.0524046 9.9991E-05 0.0428306
9.9982E-05 0.0104804 0.391592 0.507949 0.00411731 0.0829196 0.00274116 9.9982E-05
0.11717 0.0349857 0.310297 0.454545 9.9973E-05 0.0827025 9.9973E-05 9.9973E-05
0.0162859 0.09149 0.547378 0.276494 0.0680526 9.9973E-05 9.9973E-05 9.9973E-05
0.125762 0.0398939 0.182779 0.546693 0.0491077 0.0168758 9.9991E-05 0.0387891
9.9973E-05 0.0721489 0.356292 0.440959 9.9973E-05 0.090697 9.9973E-05 0.0396034
9.9964E-05 0.229905 0.70161 9.9964E-05 0.00243577 0.0656501 9.9964E-05 9.9964E-05
0.0417922 0.0069396 0.107451 0.547856 9.9982E-05 0.215239 0.0805221 9.9982E-05
0.0500696 0.0652817 0.529288 0.257338 0.00753511 9.9991E-05 0.0676953 0.0226927
0.038716 0.0823885 0.373908 0.48975 0.0147286 9.9982E-05 0.000308551 9.9982E-05
9.9964E-05 9.9964E-05 0.6811 0.103347 9.9964E-05 0.196344 9.9964E-05 0.0188091
0.228502 9.9964E-05 9.9964E-05 9.9964E-05 9.9964E-05 0.662607 0.0336471 0.074844
0.34912 9.9955E-05 9.9955E-05 9.9955E-05 9.9955E-05 0.611527 9.9955E-05 0.0388536
0.29776 9.9955E-05 9.9955E-05 9.9955E-05 9.9955E-05 0.686563 9.9955E-05 0.0151771
0.193746 9.9955E-05 9.9955E-05 9.9955E-05 9.9955E-05 0.725073 9.9955E-05 0.0806819
0.228902 9.9964E-05 9.9964E-05 0.025436 0.00711337 0.738148 9.9964E-05 9.9964E-05
0.124042 9.9973E-05 9.9973E-05 0.044583 0.028024 0.71352 9.9973E-05 0.0895308
9.9964E-05 9.9964E-05 9.9964E-05 0.0958781 0.0130081 9.9964E-05 0.0401989 0.850515
9.9973E-05 9.9973E-05 9.9973E-05 0.0588705 0.0182544 0.112547 0.00851236 0.801515
9.9955E-05 9.9955E-05 9.9955E-05 0.107891 0.151622 9.9955E-05 9.9955E-05 0.739988
9.9964E-05 9.9964E-05 9.9964E-05 0.0347022 0.12773 0.102134 9.9964E-05 0.735034
0.113924 9.9973E-05 9.9973E-05 9.9973E-05 0.11519 0.0106401 0.0456419 0.714304
0.108118 9.9973E-05 0.0153988 9.9973E-05 9.9973E-05 0.455109 0.0370895 0.383985
0.11644 0.0509245 0.0407445 9.9973E-05 9.9973E-05 0.330052 9.9973E-05 0.461539
0.00391076 0.146504 0.00381416 9.9973E-05 9.9973E-05 0.384853 9.9973E-05 0.460619
9.9955E-05 9.9955E-05 9.9955E-05 0.177659 9.9955E-05 9.9955E-05 0.00603692 0.815805
0.104993 0.0440742 0.090502 9.9973E-05 9.9973E-05 0.394265 9.9973E-05 0.365866
0.0298913 0.0275804 9.9982E-05 0.26052 0.358971 9.9982E-05 0.193229 0.129608
0.00447352 9.9982E-05 9.9982E-05 0.545205 0.178442 0.0946497 0.0537265 0.123303
9.9964E-05 9.9964E-05 0.0313893 0.554409 0.199953 9.9964E-05 9.9964E-05 0.213849
0.0509455 9.9991E-05 0.0748083 0.294715 0.214736 0.0340719 0.119412 0.211211
0.0791258 9.9991E-05 0.100976 0.478841 0.111074 0.0257238 0.0476658 0.156494
0.0609772 9.9964E-05 9.9964E-05 9.9964E-05 0.246382 9.9964E-05 0.379784 0.312456
0.117824 0.0104023 0.12787 0.410548 9.9982E-05 0.305098 0.0280576 9.9982E-05
9.9982E-05 0.222325 0.110679 0.340315 9.9982E-05 0.210679 0.112363 0.0034392
9.9973E-05 0.0476555 9.9973E-05 0.280695 9.9973E-05 0.531922 0.045862 0.0935655
9.9964E-05 0.316964 0.0496856 0.474559 9.9964E-05 0.158392 9.9964E-05 9.9964E-05
9.9964E-05 0.335468 0.310869 9.9964E-05 9.9964E-05 0.205382 0.147881 9.9964E-05
9.9973E-05 9.9973E-05 0.0385255 0.60546 9.9973E-05 0.161378 0.144417 0.0499198
0.0492836 0.200519 0.0771243 0.421745 9.9982E-05 0.206557 9.9982E-05 0.0445712
0.00301784 0.0563107 0.127954 0.352516 9.9991E-05 0.414636 0.0353467 0.0101189
0.0890045 9.9991E-05 0.135537 0.460227 0.0985222 0.0838929 0.0663643 0.0663515
0.0330275 0.137771 0.206188 0.114818 9.9982E-05 0.270073 0.237923 9.9982E-05
0.0847994 0.173759 0.0846659 0.397327 0.0594806 0.1688 0.031068 9.9991E-05
9.9982E-05 0.0563185 0.046492 0.534804 0.0378634 0.292722 0.0315999 9.9982E-05
0.0588616 9.9991E-05 0.12442 0.34302 0.199752 0.0928363 0.160426 0.0205845
9.9973E-05 0.239566 0.104023 0.349944 9.9973E-05 0.272545 0.033622 9.9973E-05
9.9982E-05 0.175975 0.0052341 0.47737 0.039798 0.264602 0.0368205 9.9982E-05
0.149503 0.0604179 0.115319 0.411525 0.12025 0.142785 9.9982E-05 9.9982E-05
0.129897 0.0833331 0.150027 0.521697 9.9973E-05 0.114746 9.9973E-05 9.9973E-05
0.010378 0.0726206 0.0445399 0.684369 0.0147436 0.0965709 0.046986 0.0297921
9.9973E-05 0.0568691 0.138359 0.488382 9.9973E-05 0.230523 0.0855671 9.9973E-05
0.00264067 0.0109804 0.0516424 0.612884 9.9991E-05 0.208414 0.101737 0.0116023
0.00546323 9.9973E-05 0.000749849 0.140268 0.0877306 9.9973E-05 9.9973E-05 0.765489
9.9964E-05 0.0500791 9.9964E-05 0.095193 0.0387078 9.9964E-05 9.9964E-05 0.81562
0.025768 0.0140446 0.0305255 0.071675 9.9991E-05 0.0479178 0.10102 0.708949
9.9991E-05 0.0343094 0.0549441 0.0843335 0.00428023 0.0239025 0.0141928 0.783937
0.0202074 0.00378789 9.9973E-05 0.11784 0.0139035 9.9973E-05 9.9973E-05 0.843962
9.9982E-05 0.00649708 0.147098 0.132171 0.0716985 0.568012 0.0743236 9.9982E-05
9.9982E-05 0.0702035 0.0979274 0.485269 0.0072874 0.258815 0.0802977 9.9982E-05
0.1464 0.109568 9.9973E-05 0.415911 0.157879 9.9973E-05 9.9973E-05 0.169941
9.9982E-05 0.0266205 0.0812511 0.642575 0.0260878 0.144799 0.0784668 9.9982E-05
9.9991E-05 0.0446579 0.0697322 0.544322 0.00655021 0.291882 0.0204376 0.0223178
0.0962342 0.154393 9.9982E-05 0.313986 0.00644155 0.271044 0.157702 9.9982E-05
9.9982E-05 0.0225622 0.158233 0.0156753 9.9982E-05 0.615337 0.112663 0.0753294
9.9964E-05 0.0699808 9.9964E-05 0.556005 9.9964E-05 0.352878 9.9964E-05 0.0207368
9.9982E-05 0.221178 0.00326924 0.1759 0.044499 0.478542 9.9982E-05 0.0764117
0.00333574 0.151587 0.150472 0.34459 0.043301 0.225939 0.0806753 9.9991E-05
9.9991E-05 0.137846 0.0697645 0.11218 0.0328846 0.493034 0.0173655 0.136826
0.102853 9.9982E-05 0.0332135 0.555946 0.101829 0.142302 9.9982E-05 0.0636554
0.0739281 0.0967805 0.0408875 0.199771 9.9982E-05 0.582851 0.00558138 9.9982E-05
0.0363541 0.140463 0.0787328 0.354003 0.00808683 0.309179 0.0730811 9.9991E-05
0.237769 0.0460199 0.0943632 0.394883 0.0729581 0.0641456 0.065783 0.0240775
0.562453 0.115839 9.9973E-05 0.195512 9.9973E-05 0.066569 0.0593263 9.9973E-05
0.366758 9.9973E-05 9.9973E-05 0.453069 0.0538169 0.0388223 9.9973E-05 0.0872343
0.205462 0.054567 0.0595513 0.529172 9.9982E-05 0.0333794 9.9982E-05 0.117669
0.527085 0.123587 9.9973E-05 0.262303 9.9973E-05 0.0674289 0.0192952 9.9973E-05
0.237592 0.0674285 0.0128717 0.525359 0.0293361 0.047002 0.0363447 0.0440656
0.240963 0.138545 0.0821374 0.480665 9.9982E-05 9.9982E-05 0.000876154 0.0566132
0.565277 0.22369 0.13872 0.000878848 9.9982E-05 0.0335643 0.0376696 9.9982E-05
0.543359 0.0733086 0.105488 0.146701 9.9973E-05 9.9973E-05 0.130843 9.9973E-05
0.322813 0.0896265 9.9982E-05 0.485902 9.9982E-05 0.0664413 0.033521 0.00149674
0.499383 0.109991 0.211608 0.0708848 9.9982E-05 0.0647356 0.0431974 9.9982E-05
0.392957 9.9982E-05 0.0999112 0.403161 0.000642055 0.0528796 0.0502489 9.9982E-05
9.9982E-05 0.0261656 0.150192 0.201657 0.00352092 0.574193 0.0440716 9.9982E-05
9.9973E-05 0.241856 0.0876988 0.270437 9.9973E-05 0.322769 0.0769392 9.9973E-05
9.9973E-05 0.0415495 0.0922375 0.458639 9.9973E-05 0.378169 9.9973E-05 0.0291054
0.0799104 9.9973E-05 9.9973E-05 0.694959 9.9973E-05 0.204289 0.0105911 0.0099501
0.00370225 9.9982E-05 0.209878 0.262675 0.010077 0.512631 0.000836514 9.9982E-05
9.9982E-05 0.102847 9.9982E-05 0.55596 0.0141968 0.188695 0.067958 0.0701427
9.9982E-05 9.9982E-05 0.0752975 0.590682 0.0269078 0.144179 0.14836 0.0143736
9.9973E-05 0.0472812 9.9973E-05 0.603528 0.000898974 0.276202 0.07179 9.9973E-05
9.9982E-05 0.105117 0.0766368 0.454561 0.108663 0.252261 9.9982E-05 0.0025619
9.9964E-05 9.9964E-05 0.20022 0.424138 0.0510242 0.324218 9.9964E-05 9.9964E-05
9.9964E-05 9.9964E-05 0.138385 0.233809 0.125668 0.501738 9.9964E-05 9.9964E-05
9.9973E-05 0.0188392 0.125225 0.338334 0.118519 0.398783 9.9973E-05 9.9973E-05
9.9964E-05 0.132555 9.9964E-05 0.661371 9.9964E-05 0.201807 9.9964E-05 0.00386676
0.0186889 0.0166358 0.0544137 0.586652 0.0375328 0.189767 0.0962098 9.9991E-05
0.0197267 0.117759 0.0181118 0.382172 9.9982E-05 0.327216 0.134814 9.9982E-05
9.9964E-05 0.131563 9.9964E-05 0.580137 9.9964E-05 0.167522 0.120378 9.9964E-05
0.0111197 9.9982E-05 9.9982E-05 0.414986 0.0287789 0.375894 0.0687453 0.100277
9.9973E-05 9.9973E-05 0.13413 0.598287 9.9973E-05 0.197936 0.015327 0.0540201
0.047098 0.0787654 0.0377695 0.428357 0.150319 0.246245 9.9991E-05 0.0113464
9.9982E-05 0.0471799 0.193651 0.48519 0.141357 0.106072 0.0263502 9.9982E-05
0.0167732 9.9991E-05 0.0312428 0.435851 0.0745752 0.0173696 0.0993651 0.324723
9.9982E-05 0.142698 0.00894157 0.507739 0.148781 9.9982E-05 0.0838856 0.107755
0.059911 9.9991E-05 0.0452332 0.493953 0.101572 0.0813187 0.139518 0.0783947
9.9982E-05 0.0564025 0.0813984 0.567128 0.109109 9.9982E-05 0.102828 0.0829334
9.9982E-05 0.111005 0.0670286 0.33231 0.283291 9.9982E-05 0.0755484 0.130616
0.123266 0.229018 0.0124686 0.426083 0.02897 0.155646 0.0244475 9.9991E-05
0.0539992 0.00752786 0.0440678 0.565348 0.0331568 9.9991E-05 0.134424 0.161376
0.169297 0.04732 0.169837 9.9991E-05 0.123525 0.021489 0.365579 0.102853
0.0596519 0.0603223 0.0213681 0.505337 0.170693 0.0613472 0.0497155 0.0715654
9.9991E-05 0.0583357 0.0521244 0.578274 0.142884 0.0529489 0.091629 0.0237041
0.00817349 0.106951 0.0793318 0.374373 0.255228 0.084635 0.0552462 0.0360618
0.031783 0.0772818 0.0995724 0.279306 0.0893653 0.0870093 0.188552 0.147131
9.9973E-05 9.9973E-05 9.9973E-05 0.542494 0.134395 0.0104409 0.121152 0.191217
0.0575108 0.0446373 9.9991E-05 0.541403 0.0981467 0.0586208 0.0372102 0.162371
9.9973E-05 0.0568677 0.014516 9.9973E-05 0.133926 9.9973E-05 0.452232 0.342159
9.9973E-05 9.9973E-05 0.0405006 0.586363 0.0395719 9.9973E-05 0.128959 0.204306
0.0317276 0.0356649 9.9991E-05 0.517946 0.185919 0.0442374 0.071124 0.113281
0.0294202 0.087274 9.9991E-05 0.614213 0.0999899 0.0760527 0.0519689 0.0409809
9.9973E-05 9.9973E-05 9.9973E-05 0.550301 0.10358 0.00624051 0.168441 0.171136
0.0792228 0.00759038 0.068821 0.455213 0.114501 0.102591 0.0104354 0.161626
0.0343035 0.386865 0.0576457 0.402686 0.0725262 0.0213754 9.9991E-05 0.0244986
0.0120969 0.295965 9.9991E-05 0.507097 0.00768768 0.0666756 0.0633383 0.0470403
0.00604283 0.856606 0.0294695 0.036836 9.9973E-05 0.070746 9.9973E-05 9.9973E-05
9.9955E-05 0.899444 0.0454952 9.9955E-05 9.9955E-05 0.0545605 9.9955E-05 9.9955E-05
9.99907E-05 0.268229 0.0462842 0.486862 0.060668 0.099091 9.99907E-05 0.0386664
9.9982E-05 0.0720571 9.9982E-05 0.50008 0.225481 0.0184532 0.158283 0.025446
9.9973E-05 0.159518 9.9973E-05 0.3287 0.321635 9.9973E-05 0.152354 0.0374927
0.0732668 0.112712 0.0798827 0.106434 0.293604 9.9991E-05 0.202303 0.131698
9.9982E-05 0.139764 9.9982E-05 0.360154 0.182761 0.0406013 0.110133 0.166387
0.0292942 0.712807 9.9982E-05 0.0576295 0.0348846 9.9982E-05 0.116935 0.0482496
9.9973E-05 0.576924 9.9973E-05 0.172268 0.0287351 9.9973E-05 0.200928 0.020845
0.00222025 0.375985 9.9973E-05 0.532176 0.0610578 9.9973E-05 0.0282608 9.9973E-05
0.0137809 0.459339 9.9973E-05 0.352925 0.149236 9.9973E-05 9.9973E-05 0.0244188
9.9973E-05 0.680877 9.9973E-05 0.123606 0.0787101 9.9973E-05 0.0455666 0.0709395
9.9982E-05 0.303534 0.0614803 0.317504 0.154857 0.0886417 9.9982E-05 0.0737834
0.0516769 0.388235 9.9964E-05 0.465003 0.0946855 9.9964E-05 9.9964E-05 9.9964E-05
0.149642 0.109436 0.0353631 0.427139 0.144261 0.0675381 9.9991E-05 0.0665209
0.00774404 0.56288 0.0246648 0.278029 9.9982E-05 0.104117 9.9982E-05 0.0223656
0.0163928 0.50318 0.113467 0.345128 9.9973E-05 0.0215326 9.9973E-05 9.9973E-05
0.11817 0.287715 0.043667 0.456073 0.0467123 9.9991E-05 0.0230213 0.0245405
0.0979564 0.359126 9.9973E-05 0.389688 9.9973E-05 0.066666 9.9973E-05 0.0862641
9.9991E-05 0.223506 0.0292268 0.398392 0.102188 0.0367768 0.132649 0.0771623
0.0256244 0.454739 9.9973E-05 0.44611 9.9973E-05 0.0118524 0.0613745 9.9973E-05
0.027657 0.705623 9.9964E-05 0.195054 9.9964E-05 0.0712665 9.9964E-05 9.9964E-05
0.0684074 0.260979 0.0875732 0.535687 9.9973E-05 9.9973E-05 9.9973E-05 0.0470526
9.9982E-05 0.669188 0.0869641 0.212093 9.9982E-05 0.0158149 0.0134952 0.00224558
0.0538675 0.526086 9.9964E-05 0.407632 9.9964E-05 9.9964E-05 9.9964E-05 0.0120147
9.9982E-05 0.28622 0.0275261 0.516221 0.0181592 0.0893952 9.9982E-05 0.0622789
0.00718062 0.360613 0.0277919 0.500961 9.9982E-05 0.0872186 9.9982E-05 0.0160354
0.0557574 0.0812372 0.0638828 0.426498 0.147141 0.0247735 0.131201 0.0695094
0.0105206 0.144898 9.9991E-05 0.444852 0.0904689 0.0248535 0.18124 0.103067
0.160703 9.9991E-05 0.0140473 0.307468 0.247831 0.0281811 0.163005 0.0786649
0.0251366 0.102768 0.0620634 0.28034 0.214329 0.13602 0.0525026 0.126839
9.9982E-05 9.9982E-05 0.102886 0.479086 0.146813 0.0764074 0.000740077 0.193868
0.0471384 0.262016 9.9982E-05 0.317052 0.183866 0.0526209 9.9982E-05 0.137107
9.9964E-05 0.61159 9.9964E-05 9.9964E-05 0.138165 9.9964E-05 0.0599682 0.189877
0.127562 0.0124368 9.9973E-05 0.569025 0.184952 9.9973E-05 9.9973E-05 0.105724
9.9964E-05 0.44995 9.9964E-05 9.9964E-05 0.0869305 9.9964E-05 0.157167 0.305553
9.9973E-05 0.179725 9.9973E-05 0.503638 0.167825 9.9973E-05 0.0576585 0.0908541
0.0190665 0.732675 0.168192 0.0612857 9.9973E-05 9.9973E-05 0.0184805 9.9973E-05
9.9955E-05 0.854658 0.125272 9.9955E-05 9.9955E-05 9.9955E-05 9.9955E-05 0.0195698
0.00851097 0.40799 0.115342 0.467757 9.9964E-05 9.9964E-05 9.9964E-05 9.9964E-05
0.0440562 0.310425 0.0387044 0.606415 9.9964E-05 9.9964E-05 9.9964E-05 9.9964E-05
0.0133432 0.561204 0.117405 0.295254 9.9973E-05 0.0124933 9.9973E-05 9.9973E-05
9.9955E-05 0.518087 0.0111889 0.470225 9.9955E-05 9.9955E-05 9.9955E-05 9.9955E-05
0.0510965 0.467851 9.9955E-05 0.480553 9.9955E-05 9.9955E-05 9.9955E-05 9.9955E-05
0.00401258 0.0634438 9.9991E-05 0.0600994 0.0595799 0.0496481 0.00613432 0.756982
0.0268885 0.0658386 9.9982E-05 9.9982E-05 0.102658 0.0780922 0.0114938 0.714829
9.9964E-05 9.9964E-05 9.9964E-05 9.9964E-05 0.0385889 0.0484523 0.015994 0.896565
9.9955E-05 0.0447445 9.9955E-05 0.0325478 9.9955E-05 9.9955E-05 9.9955E-05 0.922208
9.9973E-05 9.9973E-05 0.403262 0.485952 9.9973E-05 0.0205844 0.0113611 0.07854
0.0122159 0.00438352 0.29483 0.451172 0.0879258 0.0894504 9.9991E-05 0.0599227
9.9964E-05 9.9964E-05 0.45356 0.483079 9.9964E-05 0.0171083 9.9964E-05 0.0458532
9.9982E-05 0.0166626 0.223406 0.595155 0.00516486 9.9982E-05 0.038253 0.121158
0.184278 9.9973E-05 0.208366 0.372759 0.128225 0.106072 9.9973E-05 9.9973E-05
0.103699 0.0252817 0.499862 0.208117 9.9982E-05 0.130204 9.9982E-05 0.0326369
9.9973E-05 9.9973E-05 0.383378 0.537947 0.036156 0.0103866 9.9973E-05 0.0318319
0.118527 0.0795567 0.485635 0.315881 9.9964E-05 9.9964E-05 9.9964E-05 9.9964E-05
0.036829 9.9982E-05 9.9982E-05 0.526501 0.0736808 0.0338337 0.0980735 0.230882
9.9973E-05 0.0761526 0.368763 0.426667 9.9973E-05 0.0305107 0.0976069 9.9973E-05
9.9955E-05 9.9955E-05 0.480405 0.366806 9.9955E-05 0.152289 9.9955E-05 9.9955E-05
9.9982E-05 0.0163181 0.363281 0.513074 0.022757 0.0502137 0.034157 9.9982E-05
9.9973E-05 0.0225249 0.498891 0.395776 9.9973E-05 0.0233019 9.9973E-05 0.0592056
0.0242459 0.0602038 0.391051 0.485067 0.0391318 9.9973E-05 9.9973E-05 9.9973E-05
9.9955E-05 9.9955E-05 0.354337 0.557706 9.9955E-05 9.9955E-05 9.9955E-05 0.0874569
9.9955E-05 0.0651665 0.869263 0.0650709 9.9955E-05 9.9955E-05 9.9955E-05 9.9955E-05
0.119228 0.105285 0.557025 0.158221 0.0599407 9.9973E-05 9.9973E-05 9.9973E-05
9.9973E-05 9.9973E-05 0.550847 0.336055 9.9973E-05 0.0341026 0.0236747 0.0550202
9.9955E-05 0.0691367 0.881729 9.9955E-05 9.9955E-05 9.9955E-05 0.0486343 9.9955E-05
0.0270282 0.0593664 0.382828 0.394242 0.00324426 0.0943237 9.9991E-05 0.0388668
0.132673 0.0061629 0.679996 0.0807082 9.9973E-05 9.9973E-05 0.10016 9.9973E-05
9.9955E-05 0.0569976 0.77977 9.9955E-05 9.9955E-05 9.9955E-05 0.162732 9.9955E-05
9.9973E-05 0.0327744 0.32642 0.53466 9.9973E-05 9.9973E-05 0.029747 0.0760989
0.0244497 9.9982E-05 0.60629 0.202801 0.0192938 0.0991777 9.9982E-05 0.0477883
0.0564636 9.9973E-05 0.365167 0.424379 0.0619156 0.0917757 9.9973E-05 9.9973E-05
0.053462 9.9982E-05 0.224259 0.507987 0.0793255 9.9982E-05 0.0265405 0.108226
0.0760715 9.9973E-05 0.343695 0.476985 9.9973E-05 0.0743084 0.0286409 9.9973E-05
9.9973E-05 0.104003 0.100857 0.392396 9.9973E-05 0.297375 0.105069 9.9973E-05
0.0659392 0.0194524 0.305975 0.466788 0.0904828 0.0511629 9.9982E-05 9.9982E-05
9.9973E-05 9.9973E-05 0.319197 0.469784 0.0352771 0.142953 9.9973E-05 0.0324887
0.0747921 0.00840775 0.573798 0.336665 9.9973E-05 9.9973E-05 0.00603721 9.9973E-05
0.0215875 0.0389778 0.166761 0.572875 9.9991E-05 0.0601572 0.0718688 0.0676727
0.118222 0.0339513 0.0124283 9.9982E-05 9.9982E-05 0.20938 0.0320841 0.593735
0.0317315 9.9991E-05 0.0779806 0.00564796 0.0191782 0.119678 0.0587839 0.6869
9.9964E-05 9.9964E-05 0.00471746 9.9964E-05 9.9964E-05 0.15155 0.0983715 0.744961
0.000725827 0.0306768 9.9973E-05 9.9973E-05 9.9973E-05 0.109376 0.0478266 0.811095
0.157606 9.9955E-05 9.9955E-05 9.9955E-05 9.9955E-05 0.137347 9.9955E-05 0.704547
9.9964E-05 9.9964E-05 0.6853 0.135063 9.9964E-05 0.116811 9.9964E-05 0.0624264
0.0221938 9.9973E-05 0.703092 0.0723566 9.9973E-05 0.128677 9.9973E-05 0.0733804
0.0104918 0.0820215 0.773459 0.133628 9.9964E-05 9.9964E-05 9.9964E-05 9.9964E-05
0.118314 0.0322228 0.195657 0.512894 0.0521891 9.9982E-05 9.9982E-05 0.0885237
0.0797873 0.147052 0.120403 0.537151 9.9982E-05 0.0133612 9.9982E-05 0.102046
0.0523586 0.0466887 0.488921 0.291209 9.9982E-05 9.9982E-05 0.0618512 0.0587717
0.117794 0.0276758 0.244989 0.549447 0.042124 0.0108515 9.9991E-05 0.00701845
0.0764295 0.0472048 0.429371 0.322818 0.0686032 9.9991E-05 0.00191274 0.0535607
0.214544 0.0402092 0.176987 0.494617 9.9982E-05 0.0447417 9.9982E-05 0.0287014
9.9973E-05 9.9973E-05 0.298979 0.56732 0.0107269 0.0141627 9.9973E-05 0.108511
0.0716578 9.9973E-05 0.583017 0.161648 0.0399511 0.143426 9.9973E-05 9.9973E-05
0.0733779 9.9964E-05 0.536493 0.355596 9.9964E-05 9.9964E-05 9.9964E-05 0.0341327
0.0946065 9.9964E-05 0.510815 0.287643 9.9964E-05 0.106535 9.9964E-05 9.9964E-05
0.339718 9.9973E-05 9.9973E-05 0.501784 0.0478769 0.0512658 9.9973E-05 0.0590554
9.9964E-05 9.9964E-05 0.533006 0.38301 9.9964E-05 0.0175693 9.9964E-05 0.0660155
0.050703 0.0443293 0.394404 0.375474 0.0446652 0.050393 0.0355385 0.0044931
0.054657 9.9982E-05 9.9982E-05 0.432009 0.40424 0.0493931 0.0113386 0.048162
0.00511128 0.0182572 9.9991E-05 0.304788 0.463317 0.0158398 0.131324 0.0612626
0.0272912 9.9973E-05 9.9973E-05 0.451926 0.403533 9.9973E-05 0.0142989 0.102651
9.9964E-05 9.9964E-05 9.9964E-05 0.388068 0.380697 9.9964E-05 0.162415 0.06842
0.0335819 9.9982E-05 9.9982E-05 0.518094 0.208951 0.0120169 0.107513 0.119643
0.210183 9.9973E-05 0.286606 0.428813 0.0408317 9.9973E-05 9.9973E-05 0.0332666
9.9982E-05 9.9982E-05 0.014102 0.0114085 0.662886 0.0160025 0.0855683 0.209832
9.9982E-05 0.0733122 0.00352363 0.290792 0.379293 9.9982E-05 0.0269921 0.225887
0.350804 9.9982E-05 0.0664361 0.300133 0.145634 9.9982E-05 0.119698 0.0170954
0.319686 0.042489 9.9964E-05 0.487777 9.9964E-05 9.9964E-05 9.9964E-05 0.149648
0.462357 9.9991E-05 0.00481064 0.319734 0.0148254 0.0551368 0.0178388 0.125197
0.346524 9.9973E-05 9.9973E-05 0.558948 0.0135769 0.0119802 9.9973E-05 0.0686713
0.228533 9.9964E-05 0.0801255 0.588436 9.9964E-05 9.9964E-05 9.9964E-05 0.102505
9.9964E-05 9.9964E-05 9.9964E-05 0.339466 0.404322 9.9964E-05 0.0200421 0.23577
9.9973E-05 9.9973E-05 9.9973E-05 0.272308 0.39639 0.156069 0.0647337 0.110199
9.9964E-05 9.9964E-05 9.9964E-05 0.448395 0.40462 9.9964E-05 0.136893 0.00969177
0.124291 0.004458 0.0549658 0.364968 0.272125 0.0157539 0.00437565 0.159063
9.9964E-05 9.9964E-05 9.9964E-05 0.397732 0.417587 9.9964E-05 0.112395 0.0718866
9.9982E-05 9.9982E-05 0.0848729 0.429658 0.253514 0.0338244 0.150174 0.0477569
9.9973E-05 9.9973E-05 9.9973E-05 0.237172 0.532574 0.0186835 0.124339 0.0869316
0.0077629 0.0486466 9.9982E-05 0.402007 0.38119 9.9982E-05 0.0560039 0.10419
0.431377 9.9964E-05 9.9964E-05 0.477399 0.0303485 9.9964E-05 0.0604753 9.9964E-05
0.0519582 9.9982E-05 9.9982E-05 0.418743 0.26757 0.0361855 0.095156 0.130187
9.9964E-05 9.9964E-05 9.9964E-05 0.226182 0.513964 9.9964E-05 0.130841 0.128614
0.035494 0.0351655 0.0627579 0.250477 0.391491 0.0531125 0.0258818 0.14562
0.552935 9.9973E-05 0.0966544 0.0993107 9.9973E-05 0.124122 9.9973E-05 0.126678
0.353821 9.9973E-05 0.00479272 0.473797 0.142326 0.0249638 9.9973E-05 9.9973E-05
0.0862724 0.0295995 9.99963E-05 0.385723 0.320319 0.00762752 0.00925525 0.161104
0.387151 9.9964E-05 9.9964E-05 0.548471 9.9964E-05 0.0209415 9.9964E-05 0.0430363
0.341805 9.9982E-05 0.0741507 0.419336 0.0231637 9.9982E-05 0.00747749 0.133868
0.0110589 9.9982E-05 0.0889545 0.375859 0.194939 9.9982E-05 0.112286 0.216703
9.9982E-05 0.0913366 9.9982E-05 0.336813 0.255888 0.0400473 0.129163 0.146552
0.282291 9.9982E-05 0.0190343 0.449708 0.0993584 0.0281058 9.9982E-05 0.121303
0.0461282 0.0175408 0.0838068 0.405206 0.353994 9.9982E-05 9.9982E-05 0.0931246
9.9964E-05 9.9964E-05 9.9964E-05 0.493549 0.30792 9.9964E-05 0.181675 0.0164564
9.9964E-05 9.9964E-05 9.9964E-05 0.209653 0.467311 9.9964E-05 0.147874 0.174762
0.144554 9.9973E-05 0.0474067 0.610221 9.9973E-05 9.9973E-05 0.0633175 0.134201
0.568536 9.9964E-05 0.0172281 0.347357 9.9964E-05 9.9964E-05 9.9964E-05 0.0664787
0.482629 0.107603 0.058663 0.133992 0.00152691 9.9991E-05 0.210632 0.00485419
0.21202 9.9982E-05 0.0656163 0.467731 0.125784 9.9982E-05 0.0674562 0.0611931
0.141409 0.0862833 9.9991E-05 0.331907 0.0758815 0.267711 0.0342854 0.062423
0.0207676 9.9982E-05 0.0991751 0.506262 0.0595725 9.9982E-05 0.169405 0.144618
9.9982E-05 0.241595 9.9982E-05 0.381779 0.0402718 0.143394 0.141348 0.0514123
9.9955E-05 9.9955E-05 9.9955E-05 0.0841046 9.9955E-05 0.00683247 0.908563 9.9955E-05
0.0151023 9.9946E-05 9.9946E-05 9.9946E-05 9.9946E-05 9.9946E-05 0.984298 9.9946E-05
9.9982E-05 0.0554834 0.0735352 0.343859 9.9982E-05 0.0901768 0.414728 0.0220173
