0.0226012 9.9964E-05 0.0387861 9.9964E-05 9.9964E-05 9.9964E-05 0.902802 0.0354111
9.9964E-05 9.9964E-05 9.9964E-05 0.00536869 0.0345918 9.9964E-05 0.901001 0.0586389
0.00655345 0.159934 0.0209594 9.9964E-05 9.9964E-05 9.9964E-05 0.812153 9.9964E-05
0.0664295 0.0305133 0.0837129 9.9973E-05 9.9973E-05 9.9973E-05 0.785157 0.0338878
0.0901402 9.9964E-05 0.044044 9.9964E-05 0.0306875 9.9964E-05 0.834728 9.9964E-05
0.0722305 9.9991E-05 0.0759798 0.178917 0.0271312 0.0371848 0.549605 0.0588522
9.9982E-05 9.9982E-05 0.0357318 0.0689652 0.0286978 0.00600123 0.808333 0.0520709
0.0171199 0.0554862 0.110478 0.0754407 0.00137253 9.9991E-05 0.717337 0.0226659
9.99729E-05 9.99729E-05 0.0331735 0.0489684 0.0163213 0.0786539 0.822583 9.99729E-05
0.093701 0.0707166 0.0732496 0.0412903 0.0482566 9.9982E-05 0.672586 9.9982E-05
9.9964E-05 0.0411621 0.133078 0.132081 9.9964E-05 9.9964E-05 0.693279 9.9964E-05
0.0123541 0.165207 0.0115751 9.9973E-05 9.9973E-05 0.0262957 9.9973E-05 0.784268
0.064526 0.437325 0.00300515 0.0425424 9.9982E-05 9.9982E-05 0.000169011 0.452232
0.0452177 0.131714 9.9982E-05 0.0295135 0.0566853 9.9982E-05 0.0185794 0.71809
0.123702 0.200863 9.9964E-05 9.9964E-05 9.9964E-05 9.9964E-05 0.0251874 0.649848
0.1361 0.27838 0.0325458 0.0264195 0.0122704 0.0362323 0.0831826 0.39487
0.0454508 0.532975 9.9973E-05 0.0613334 9.9973E-05 9.9973E-05 0.0458216 0.314119
0.0898754 0.340264 0.0060291 0.0721822 0.0657394 0.101145 9.9991E-05 0.324665
0.0461775 0.262901 9.9973E-05 9.9973E-05 9.9973E-05 0.000917203 0.116109 0.573596
9.9964E-05 9.9964E-05 0.0597688 0.0165482 9.9964E-05 9.9964E-05 0.0412385 0.882045
0.058883 0.346339 0.0431274 0.00595846 0.0505099 0.0714299 0.00558642 0.418166
0.0698658 0.368308 9.9991E-05 0.0888707 0.0791137 0.051231 0.024705 0.317806
0.0285952 0.479917 0.0104686 9.9991E-05 0.022846 0.132742 0.0286845 0.296646
0.0873685 0.135718 9.9973E-05 0.0306191 9.9973E-05 0.0885525 9.9973E-05 0.657442
0.0577867 0.612077 0.020484 0.0856638 0.0287073 0.0789962 0.0973591 0.0189258
0.0988288 0.408774 9.9973E-05 9.9973E-05 9.9973E-05 0.0147634 0.00555493 0.471779
0.0606821 0.0641354 9.9964E-05 9.9964E-05 9.9964E-05 9.9964E-05 0.0452025 0.82958
0.191293 9.9946E-05 9.9946E-05 9.9946E-05 9.9946E-05 9.9946E-05 9.9946E-05 0.808107
0.0167508 0.106334 0.0423687 0.033978 0.0334123 0.0270385 0.0160178 0.724099
0.00767159 0.152983 9.9955E-05 9.9955E-05 9.9955E-05 9.9955E-05 0.838846 9.9955E-05
0.0252326 0.147126 9.9964E-05 9.9964E-05 9.9964E-05 9.9964E-05 0.804391 0.02285
0.0297983 0.13365 9.9964E-05 9.9964E-05 9.9964E-05 9.9964E-05 0.769237 0.0669148
0.0596904 0.117071 9.9964E-05 9.9964E-05 9.9964E-05 0.0848851 0.737953 9.9964E-05
0.0132906 0.524782 0.0174288 9.9991E-05 0.0663383 0.181525 0.0225475 0.173988
0.0681698 0.523958 0.0242911 9.9991E-05 0.0167755 0.269627 0.00538893 0.0916898
0.0191549 0.571369 0.00441115 9.9982E-05 0.0020752 0.384535 0.0182545 9.9982E-05
9.9973E-05 0.116781 0.150445 9.9973E-05 9.9973E-05 0.00319886 0.0700656 0.65921
0.0100191 0.306595 0.0731329 0.0253922 0.096339 0.417485 9.9991E-05 0.070937
0.0254047 0.45994 0.0840557 0.00240349 9.9991E-05 0.217685 0.0650164 0.145395
0.05813 0.701754 9.9964E-05 0.0517944 9.9964E-05 0.187921 9.9964E-05 9.9964E-05
9.9982E-05 0.568262 0.0234395 0.11546 0.0311983 0.173569 0.087871 9.9982E-05
0.0111666 0.591705 0.062226 0.0279922 0.0202224 0.0915358 0.0805063 0.114646
9.9973E-05 0.0833289 0.0206971 9.9973E-05 9.9973E-05 0.732039 0.0166046 0.147031
0.0510758 0.559272 0.039091 0.236128 9.9991E-05 0.0716756 0.0343938 0.00826391
0.107087 0.516021 9.9991E-05 0.0437447 0.0955634 0.132065 0.0317252 0.0736931
0.153434 0.457356 0.0346124 0.0367448 0.00366987 0.172875 0.0686071 0.0727012
9.9955E-05 0.344951 9.9955E-05 9.9955E-05 0.0710406 0.583508 9.9955E-05 9.9955E-05
9.9964E-05 0.641394 0.0244464 9.9964E-05 9.9964E-05 0.241893 0.0918665 9.9964E-05
0.0313788 0.569204 0.0278158 9.9991E-05 0.0800066 0.150453 0.107311 0.0337309
9.9964E-05 9.9964E-05 9.9964E-05 0.243408 9.9964E-05 0.628377 0.0414453 0.0863702
9.9973E-05 0.0523946 0.192239 9.9973E-05 0.0668956 0.352747 9.9973E-05 0.335424
9.9982E-05 0.0493126 9.9982E-05 0.329736 0.0817379 0.114284 0.00336629 0.421362
0.0641205 0.471756 0.0348285 0.125389 0.0559044 0.0113979 0.069493 0.167111
0.119946 0.543167 9.9991E-05 0.0517995 0.00387062 0.0483434 0.0116149 0.221158
0.0507004 0.5512 0.0103388 0.0792166 0.147384 0.0408838 0.0771659 0.0431105
9.9982E-05 0.185218 0.162701 0.20228 9.9982E-05 0.14691 0.0423423 0.260348
0.0660154 0.4402 9.9973E-05 9.9973E-05 0.107398 0.0711309 9.9973E-05 0.314956
0.127729 0.553083 0.075755 0.0613223 9.9991E-05 0.0248987 0.0505455 0.106566
0.0200394 0.269996 0.119537 0.00289753 0.11743 0.136627 0.0864268 0.247047
0.0269592 0.021945 0.0367828 0.164277 0.0155665 0.101918 0.13574 0.496811
0.044783 0.514716 0.0160664 0.0803441 9.9991E-05 0.160638 0.00844454 0.174908
9.9982E-05 0.403888 0.000342833 9.9982E-05 0.0794611 0.0598578 0.0635712 0.392679
9.9982E-05 9.9982E-05 0.116346 0.0657618 0.0078502 0.137207 0.0272524 0.645383
9.9964E-05 0.426183 9.9964E-05 9.9964E-05 0.0351209 0.0850917 9.9964E-05 0.453205
0.0917882 0.55042 0.0714853 0.121328 0.0902053 9.9991E-05 0.000577409 0.0740955
0.0202861 0.525495 9.9982E-05 0.101581 0.0407946 9.9982E-05 0.0598021 0.251842
0.0438374 0.181104 9.9991E-05 0.0680801 0.0895252 0.118126 0.0324983 0.466728
0.0498504 0.435918 9.9982E-05 0.0961914 0.0579455 0.0313882 9.9982E-05 0.328507
9.9982E-05 0.538476 0.116894 9.9982E-05 0.0993145 0.00563117 0.0905714 0.148913
9.9991E-05 0.090815 0.0658714 0.0938287 0.0356083 0.102679 0.0100899 0.601008
9.9964E-05 0.565865 0.0265603 9.9964E-05 9.9964E-05 0.400918 9.9964E-05 0.00625661
0.000506857 0.177356 0.020151 9.9982E-05 9.9982E-05 0.658223 0.011036 0.132527
0.0451065 0.460923 0.010283 0.0388283 0.0542088 0.173126 0.0700103 0.147514
9.99526E-05 9.99526E-05 9.99526E-05 0.0997033 9.99526E-05 0.899697 9.99526E-05 9.99526E-05
9.9964E-05 9.9964E-05 9.9964E-05 0.0478751 0.0885879 0.816465 9.9964E-05 0.0466719
9.9964E-05 0.262079 9.9964E-05 0.0024592 0.0505252 0.684537 9.9964E-05 9.9964E-05
9.9973E-05 0.447695 0.00496876 9.9973E-05 9.9973E-05 0.487653 0.0356816 0.0237017
0.0236117 0.650421 9.9973E-05 0.0558911 9.9973E-05 0.145073 0.124703 9.9973E-05
0.0759064 0.382341 9.9982E-05 0.0303177 9.9982E-05 0.420441 0.043956 0.046838
0.0194136 0.104623 0.100436 9.9982E-05 9.9982E-05 0.625255 0.046024 0.104049
9.9973E-05 0.210367 0.181273 9.9973E-05 9.9973E-05 0.534107 0.0295457 0.0444076
0.0266713 0.556716 0.0815543 9.9982E-05 9.9982E-05 0.195682 0.0840949 0.0550811
0.104621 0.148677 9.9973E-05 9.9973E-05 9.9973E-05 0.642381 0.00172167 0.102299
0.0185337 0.408173 9.9973E-05 9.9973E-05 9.9973E-05 0.401428 0.0273405 0.144225
9.9964E-05 0.392155 9.9964E-05 0.00945898 0.0909895 0.506996 9.9964E-05 9.9964E-05
0.0121141 9.9964E-05 9.9964E-05 0.157692 0.123399 0.706395 9.9964E-05 9.9964E-05
0.0468503 0.556857 0.00133842 0.014673 9.9991E-05 0.283236 0.0517107 0.0452346
0.0943599 9.9982E-05 0.0714167 9.9982E-05 0.00695363 0.00210125 0.753176 0.0717926
9.9946E-05 0.0833508 9.9946E-05 9.9946E-05 9.9946E-05 9.9946E-05 0.91605 9.9946E-05
0.0251127 0.105491 9.9955E-05 9.9955E-05 9.9955E-05 9.9955E-05 0.868896 9.9955E-05
9.9955E-05 0.0707071 9.9955E-05 0.0229717 9.9955E-05 9.9955E-05 0.905821 9.9955E-05
0.0382011 0.073987 9.9973E-05 9.9973E-05 0.025551 0.0148479 0.847113 9.9973E-05
0.0472744 0.0316937 9.9973E-05 9.9973E-05 0.0421888 0.019637 0.858906 9.9973E-05
0.0182071 0.0607778 9.9964E-05 9.9964E-05 9.9964E-05 0.010071 0.910544 9.9964E-05
0.113022 0.487092 0.055287 9.9982E-05 9.9982E-05 0.159667 0.10912 0.0756123
0.078494 0.448629 0.00077251 0.0331102 9.9991E-05 0.230069 0.0805665 0.128259
9.9964E-05 0.0128606 9.9964E-05 9.9964E-05 9.9964E-05 0.774333 0.0554022 0.157004
0.0442456 0.577181 9.9982E-05 0.0184103 0.189467 0.115873 0.0546235 9.9982E-05
9.9973E-05 0.411323 0.0334672 9.9973E-05 9.9973E-05 0.400754 0.0339119 0.120244
0.0345396 0.478579 9.9973E-05 9.9973E-05 0.00652222 0.475271 0.00478811 9.9973E-05
9.9964E-05 0.475739 9.9964E-05 9.9964E-05 0.131858 0.374477 0.0175262 9.9964E-05
0.0099697 0.513101 9.9964E-05 9.9964E-05 0.0351411 0.441388 9.9964E-05 9.9964E-05
9.9964E-05 9.9964E-05 0.0746704 9.9964E-05 9.9964E-05 0.743198 0.0767274 0.105004
0.0517664 0.43092 0.116859 9.9982E-05 9.9982E-05 0.197154 0.132056 0.0710449
0.0378316 0.539833 9.9981E-05 9.9981E-05 0.116015 0.223426 0.0825939 9.9981E-05
0.0848916 0.564786 0.0465384 9.9982E-05 9.9982E-05 0.0873085 0.0487293 0.167546
0.0150313 0.27594 0.00962958 0.0892617 0.01925 0.531197 9.9991E-05 0.0595898
0.0261713 0.467411 0.00943535 9.9973E-05 0.0968274 0.399855 9.9973E-05 9.9973E-05
0.0483018 0.398751 0.0369414 9.9973E-05 9.9973E-05 0.4353 9.9973E-05 0.0804058
0.0931976 0.274222 9.9955E-05 9.9955E-05 9.9955E-05 0.632081 9.9955E-05 9.9955E-05
9.9973E-05 0.395316 0.114698 9.9973E-05 0.0107417 0.385632 0.0933129 9.9973E-05
0.0954573 0.432881 0.0594073 0.00107 0.0490199 0.24052 0.0451155 0.0765293
9.9982E-05 0.204137 0.0456827 0.103066 0.184198 9.9982E-05 0.026002 0.436714
0.0908556 0.367059 0.145134 0.0960253 9.99893E-05 9.99893E-05 0.050484 0.250242
0.040397 0.579393 9.9973E-05 9.9973E-05 0.102135 9.9973E-05 0.140122 0.137653
0.0834093 0.530296 0.183746 0.0195366 0.0911287 0.039828 0.0209986 0.0310565
9.9982E-05 0.395312 0.050344 0.00896148 0.0438266 9.9982E-05 0.0602208 0.441135
0.046589 0.446504 0.082196 0.12707 9.9982E-05 0.0377245 9.9982E-05 0.259716
9.9973E-05 0.469182 0.190187 9.9973E-05 0.0260502 9.9973E-05 0.00311621 0.311165
9.9991E-05 0.491991 0.11051 0.0350169 0.073047 0.0792359 0.0828226 0.127277
0.0981049 0.543078 0.0848314 0.06269 0.0790942 0.0394159 0.0738622 0.0189236
9.9991E-05 0.579611 0.0619839 0.0384901 0.0504223 0.0687775 0.0172372 0.183378
9.9973E-05 0.419088 0.178411 9.9973E-05 0.0258309 0.0239612 9.9973E-05 0.352409
0.109992 0.571768 0.142979 0.0618347 0.000183487 0.113043 9.9982E-05 9.9982E-05
0.108675 0.412736 0.0324501 0.0451647 0.155463 0.0683554 0.0667279 0.110428
0.00975255 0.53373 0.00241025 9.9982E-05 0.128218 0.00993833 9.9982E-05 0.315751
0.0231584 0.551644 0.0307047 0.0633764 0.0567755 0.155746 0.0849027 0.0336924
0.0297885 0.585466 0.154302 0.0905186 0.0529345 9.9982E-05 9.9982E-05 0.0867906
0.0164662 0.302131 0.055288 0.116984 0.131481 9.9991E-05 0.07734 0.300209
0.089553 0.598993 0.0769809 0.0668401 0.0303222 0.00287342 0.0124334 0.122004
9.9973E-05 0.682436 0.145093 9.9973E-05 0.106308 9.9973E-05 0.0127097 0.053154
0.0974039 0.155902 0.15023 0.0283455 0.0103303 0.1778 0.00172535 0.378263
0.00734931 0.118732 0.0217334 0.233772 0.106047 0.0931945 9.9991E-05 0.419071
9.9973E-05 0.540486 0.130602 0.139897 9.9973E-05 0.0640908 9.9973E-05 0.124624
0.0518273 9.9982E-05 0.172627 0.113624 0.282357 0.170353 9.9982E-05 0.209013
9.9991E-05 0.226728 0.0721647 0.0122478 0.0837366 0.0203276 0.0515291 0.533166
9.9982E-05 0.411757 0.156795 0.0135446 0.0377403 0.0792277 9.9982E-05 0.300736
9.9991E-05 0.282981 0.167447 0.0108546 0.0120414 0.0562619 0.0455885 0.424726
0.0197272 0.206518 0.145492 0.0294804 9.9982E-05 0.0185071 9.9982E-05 0.580075
9.9991E-05 0.56079 0.0517279 0.00214189 0.0538284 0.10049 0.063857 0.167065
0.00264847 0.60461 0.122035 0.0470144 0.0937751 0.00194303 0.0714429 0.056531
0.0121849 0.573073 0.0603071 9.9991E-05 0.0355766 0.132928 0.0556691 0.130161
0.0284012 0.113278 0.0769317 0.193058 0.110057 0.0664586 9.9991E-05 0.411716
0.0499386 0.476933 0.0152549 0.10462 0.127387 0.100587 0.0769816 0.0482977
0.102966 0.43512 0.0252116 0.222982 9.9991E-05 0.0640401 0.0367061 0.112874
9.9982E-05 9.9982E-05 0.0657312 0.385191 0.158957 0.208312 0.080998 0.100611
9.9982E-05 0.64648 0.0264756 0.032013 0.163588 9.9982E-05 0.099043 0.0322002
0.0368687 0.371216 0.0353544 0.195044 0.119528 0.159907 0.0819815 9.9991E-05
0.0558027 0.502874 9.9991E-05 0.160648 0.139834 0.0173392 0.0551328 0.068269
9.9982E-05 0.314737 0.115801 0.417727 0.00984627 0.124555 0.0171345 9.9982E-05
9.9982E-05 0.19995 0.0984756 0.391859 0.152316 0.0516992 9.9982E-05 0.105501
0.00156658 0.419197 0.140623 0.0933361 0.169075 0.1021 0.074002 9.9991E-05
0.0227533 0.385102 0.0435625 0.0216133 0.145157 0.0520576 0.107712 0.222042
0.00168482 0.515273 0.0234521 0.159198 0.0132102 0.07236 0.142939 0.0718832
0.135048 9.9991E-05 0.0194116 0.365513 0.0514181 0.228078 0.0323923 0.168038
9.9991E-05 0.476518 0.0475468 0.107705 0.0342086 0.104313 0.215798 0.0138108
9.9973E-05 0.398291 0.008618 0.272922 9.9973E-05 0.118146 9.9973E-05 0.201723
0.00153628 0.433232 0.0278668 0.179663 0.031702 0.116425 9.9991E-05 0.209475
0.0820737 0.535974 0.110363 9.9973E-05 9.9973E-05 0.136604 0.134686 9.9973E-05
0.265305 0.0969905 9.9973E-05 0.31178 9.9973E-05 9.9973E-05 0.288575 0.0370489
0.129327 9.9955E-05 9.9955E-05 0.380341 9.9955E-05 9.9955E-05 0.489832 9.9955E-05
0.139708 9.9955E-05 9.9955E-05 0.471646 9.9955E-05 9.9955E-05 0.388146 9.9955E-05
0.348776 0.0156938 9.9973E-05 0.2233 9.9973E-05 9.9973E-05 0.3722 0.0397298
9.9964E-05 0.661795 0.00598422 0.228882 9.9964E-05 0.102939 9.9964E-05 9.9964E-05
0.104874 0.40105 0.0676932 0.235752 0.0765282 0.0110538 0.0488957 0.0541535
0.669739 0.274965 9.9964E-05 9.9964E-05 9.9964E-05 0.00998481 9.9964E-05 0.0449106
0.466383 0.26321 0.0282661 9.9982E-05 9.9982E-05 0.121476 0.0108419 0.109623
0.313248 0.455193 0.0756829 0.00567778 0.104859 0.00568846 0.039551 9.9991E-05
9.9964E-05 0.338362 9.9964E-05 0.421376 0.15849 0.0813722 9.9964E-05 9.9964E-05
0.0332889 0.497698 0.0645823 0.0816132 0.176852 0.0712659 0.0123256 0.0623743
9.9964E-05 0.191721 9.9964E-05 0.487649 0.201236 0.118994 9.9964E-05 9.9964E-05
0.00636505 0.616702 9.9982E-05 0.175611 0.0536977 0.100504 9.9982E-05 0.046921
0.0281898 0.360612 9.9982E-05 0.227283 0.167155 0.0658789 9.9982E-05 0.150681
9.9982E-05 0.580919 0.0430464 0.250415 0.0660625 0.0395501 9.9982E-05 0.0198065
9.9973E-05 0.21473 9.9973E-05 0.483476 0.0590757 0.113256 9.9973E-05 0.129162
0.132071 0.592087 0.0109096 0.193168 9.9982E-05 0.054627 9.9982E-05 0.0169374
0.0789937 0.494854 0.0171659 0.209707 9.9982E-05 0.164844 0.0342358 9.9982E-05
0.973236 0.00168943 9.9964E-05 9.9964E-05 0.00808966 0.0165849 9.9964E-05 9.9964E-05
0.883052 0.0992567 9.9955E-05 9.9955E-05 9.9955E-05 9.9955E-05 9.9955E-05 0.017191
0.584495 0.203251 9.9973E-05 9.9973E-05 9.9973E-05 0.0602468 0.0228466 0.12886
0.655594 0.336926 0.00697956 9.9955E-05 9.9955E-05 9.9955E-05 9.9955E-05 9.9955E-05
0.829122 0.136943 0.0334354 9.9955E-05 9.9955E-05 9.9955E-05 9.9955E-05 9.9955E-05
0.9993 9.994E-05 9.994E-05 9.994E-05 9.994E-05 9.994E-05 9.994E-05 9.994E-05
0.956975 9.9964E-05 0.00429755 9.9964E-05 0.0322565 0.0060715 9.9964E-05 9.9964E-05
0.829034 0.156486 9.9955E-05 9.9955E-05 0.0139806 9.9955E-05 9.9955E-05 9.9955E-05
0.97897 9.9946E-05 0.02043 9.9946E-05 9.9946E-05 9.9946E-05 9.9946E-05 9.9946E-05
0.9993 9.994E-05 9.994E-05 9.994E-05 9.994E-05 9.994E-05 9.994E-05 9.994E-05
0.9993 9.994E-05 9.994E-05 9.994E-05 9.994E-05 9.994E-05 9.994E-05 9.994E-05
0.77192 0.173675 9.9973E-05 0.0247765 9.9973E-05 9.9973E-05 0.0214138 0.00791528
0.799846 0.0836499 0.0673993 9.9982E-05 0.0124089 9.9982E-05 0.0322597 0.00423609
0.965784 0.0157042 9.9964E-05 9.9964E-05 9.9964E-05 0.0109964 0.00711565 9.9964E-05
0.415751 0.254294 0.043081 0.0164562 0.0488429 0.0629947 0.0620782 0.0965018
0.653857 0.180588 0.104329 0.0412882 9.9973E-05 9.9973E-05 0.0196383 9.9973E-05
0.720905 0.182632 0.0600252 9.9964E-05 9.9964E-05 9.9964E-05 0.0360383 9.9964E-05
0.889784 0.0574495 0.0185934 9.9964E-05 9.9964E-05 9.9964E-05 9.9964E-05 0.0337732
0.971325 0.0110457 0.0171292 9.9955E-05 9.9955E-05 9.9955E-05 9.9955E-05 9.9955E-05
0.846417 0.0928853 9.9955E-05 9.9955E-05 9.9955E-05 9.9955E-05 0.0601977 9.9955E-05
0.989753 9.9946E-05 9.9946E-05 9.9946E-05 9.9946E-05 9.9946E-05 0.00964707 9.9946E-05
0.608271 0.204187 0.04111 9.9982E-05 0.0512215 0.0452309 0.0497796 9.9982E-05
0.907785 9.9946E-05 9.9946E-05 9.9946E-05 9.9946E-05 9.9946E-05 9.9946E-05 0.0916152
0.0243407 9.9973E-05 9.9973E-05 0.628085 0.00993141 9.9973E-05 0.288239 0.0491032
0.0441174 0.412858 0.114007 0.163908 0.0644792 0.0226996 0.157118 0.0208122
0.0777234 0.35448 0.042253 0.17999 9.9991E-05 0.0997814 0.227396 0.0182768
0.112742 0.137017 0.0621247 0.405199 9.9982E-05 0.0809847 0.201732 9.9982E-05
0.0929473 0.425704 9.9982E-05 0.173304 0.031563 0.13883 0.137452 9.9982E-05
0.0970777 0.21534 9.9982E-05 0.38002 0.0711327 0.0137155 0.222514 9.9982E-05
9.9991E-05 0.484656 0.107093 0.0431899 0.118228 0.02876 0.18146 0.036513
0.0659093 0.405335 0.00848389 0.420396 0.00267428 0.0268566 0.0702446 9.9991E-05
0.175695 0.418971 9.9982E-05 0.23092 0.0212684 9.9982E-05 0.106872 0.0460738
0.146253 0.308356 0.031387 0.434366 9.9973E-05 9.9973E-05 0.079338 9.9973E-05
0.0340087 0.53409 9.9982E-05 0.12709 0.0501509 9.9982E-05 0.242863 0.0115971
9.9973E-05 0.0577647 0.0898702 0.0456033 0.0345894 9.9973E-05 0.771873 9.9973E-05
0.0665228 9.9964E-05 0.00939444 9.9964E-05 0.0540044 9.9964E-05 0.869679 9.9964E-05
9.9964E-05 0.0247667 0.00514214 9.9964E-05 9.9964E-05 0.0188059 0.950885 9.9964E-05
9.9955E-05 0.0136313 0.0597449 9.9955E-05 9.9955E-05 9.9955E-05 0.926124 9.9955E-05
9.9964E-05 0.0171407 0.0195815 9.9964E-05 9.9964E-05 9.9964E-05 0.869567 0.0933109
0.0819179 9.9964E-05 9.9964E-05 9.9964E-05 0.035921 9.9964E-05 0.869776 0.0119852
0.114566 9.9964E-05 0.0173021 9.9964E-05 9.9964E-05 0.024581 0.843151 9.9964E-05
9.9964E-05 9.9964E-05 9.9964E-05 0.0415183 0.0642221 0.00413005 0.88973 9.9964E-05
0.00491013 0.021364 9.9973E-05 9.9973E-05 0.0106687 0.0521223 0.910635 9.9973E-05
0.0915184 0.025215 9.9964E-05 0.0335438 9.9964E-05 9.9964E-05 0.849323 9.9964E-05
9.9973E-05 9.9973E-05 0.0572838 9.9973E-05 0.00843023 0.0484121 0.634892 0.250682
9.9964E-05 9.9964E-05 0.20821 9.9964E-05 9.9964E-05 0.0749368 0.60925 0.107203
9.9982E-05 9.9982E-05 0.149084 0.105317 0.00556925 0.0472109 0.500275 0.192344
9.9973E-05 9.9973E-05 0.127873 9.9973E-05 0.0186832 0.109687 0.463543 0.279914
9.9964E-05 0.496999 9.9964E-05 9.9964E-05 9.9964E-05 0.290003 0.0853527 0.127245
9.9991E-05 0.506256 0.0453035 0.0378783 0.0330641 0.267372 0.000176611 0.10985
0.050892 0.525415 0.0787616 0.00457999 0.0125966 0.172637 0.00936553 0.145753
9.9991E-05 0.349937 0.0875249 0.0626056 0.00644939 0.177182 0.026593 0.289608
9.9964E-05 0.128391 0.28676 9.9964E-05 9.9964E-05 0.0960137 9.9964E-05 0.488436
0.0695374 0.540688 0.110194 9.9982E-05 0.12109 0.149858 0.00843345 9.9982E-05
0.005424 0.533588 0.0882419 9.9973E-05 9.9973E-05 0.293563 9.9973E-05 0.0788833
9.9982E-05 0.485185 0.0143548 0.0469464 0.074051 0.208429 9.9982E-05 0.170834
0.0549382 0.320327 0.0214554 0.00350782 9.9973E-05 0.599472 9.9973E-05 9.9973E-05
0.0563857 0.554357 0.0541341 0.0744389 0.0425876 0.191617 0.0263798 9.9991E-05
0.0213188 0.369423 0.149716 9.9982E-05 0.06069 0.333453 9.9982E-05 0.0651984
9.9964E-05 9.9964E-05 0.065326 0.0823573 0.158524 0.693393 9.9964E-05 9.9964E-05
0.000383535 0.562906 0.18921 9.9991E-05 0.0933921 0.0775243 0.0216017 0.0548828
9.9982E-05 0.243504 0.00671093 0.182046 0.0692882 0.453856 9.9982E-05 0.0443949
0.014179 0.470862 9.9982E-05 0.0551214 0.00832537 0.412211 0.0391016 9.9982E-05
9.9973E-05 0.0821246 0.0927002 9.9973E-05 9.9973E-05 0.720649 0.0165542 0.087672
9.9964E-05 0.0210361 0.80851 0.131928 9.9964E-05 9.9964E-05 0.0381261 9.9964E-05
9.9964E-05 0.0607126 0.813002 0.0976134 9.9964E-05 9.9964E-05 0.0282724 9.9964E-05
9.9946E-05 9.9946E-05 0.935895 9.9946E-05 0.063505 9.9946E-05 9.9946E-05 9.9946E-05
9.9964E-05 9.9964E-05 0.865582 0.00417902 9.9964E-05 0.0580546 0.0717843 9.9964E-05
9.9964E-05 0.0481099 0.839521 0.0660161 9.9964E-05 9.9964E-05 9.9964E-05 0.0459527
0.074683 0.0494912 0.875326 9.9955E-05 9.9955E-05 9.9955E-05 9.9955E-05 9.9955E-05
0.0149337 0.0902471 9.9973E-05 9.9973E-05 0.00875027 0.0236266 0.862142 9.9973E-05
0.0212395 0.0971474 0.0466149 9.9973E-05 9.9973E-05 9.9973E-05 0.827446 0.00725279
0.0664733 0.160421 9.9955E-05 9.9955E-05 9.9955E-05 9.9955E-05 0.772606 9.9955E-05
0.0733362 0.0967291 0.0306181 9.9973E-05 9.9973E-05 9.9973E-05 0.739688 0.0593287
0.0930613 0.0567613 0.0537724 0.0252112 9.9973E-05 9.9973E-05 0.770894 9.9973E-05
9.9973E-05 9.9973E-05 0.493399 0.0481225 9.9973E-05 0.0202163 0.336197 0.101765
9.9973E-05 9.9973E-05 0.456472 0.0786911 0.0364569 0.0291274 0.398952 9.9973E-05
9.99694E-05 9.99694E-05 0.414834 9.99694E-05 0.0632191 0.107857 0.41369 9.99694E-05
9.9955E-05 0.151403 9.9955E-05 9.9955E-05 9.9955E-05 9.9955E-05 0.791145 0.0569523
0.0171682 9.9982E-05 0.525573 0.00647347 0.0325635 0.086124 0.331898 9.9982E-05
0.316593 0.265637 9.9973E-05 0.150229 0.0869818 9.9973E-05 0.180259 9.9973E-05
0.185001 0.53584 0.0135563 0.0137392 9.9991E-05 0.0789615 0.116734 0.0560682
0.223045 0.519126 9.9964E-05 9.9964E-05 9.9964E-05 9.9964E-05 0.228351 0.0290785
0.172761 0.341368 0.00135452 0.161425 9.9982E-05 0.0534796 0.269412 9.9982E-05
0.176941 0.514486 0.000840996 0.0707314 0.0398637 9.9991E-05 0.127039 0.0699989
0.316455 9.9964E-05 9.9964E-05 0.247585 0.0188712 9.9964E-05 0.416688 9.9964E-05
9.9973E-05 0.358174 0.0842763 9.9973E-05 0.084508 0.0511739 9.9973E-05 0.421567
9.9991E-05 0.320519 0.0559104 0.0661001 0.176762 0.116167 0.0268981 0.237544
0.0322048 0.172537 0.141024 9.9982E-05 0.0310851 9.9982E-05 0.0653755 0.557574
9.9982E-05 0.436318 0.0628335 0.00722021 0.248354 0.106337 9.9982E-05 0.138737
9.9964E-05 9.9964E-05 9.9964E-05 0.277585 0.33442 0.197846 9.9964E-05 0.189749
0.0525857 0.434772 0.081529 0.0667076 9.9982E-05 0.0808043 9.9982E-05 0.283402
9.9982E-05 0.405961 0.074626 9.9982E-05 0.157542 0.0835373 0.0424391 0.235695
9.9982E-05 0.275928 0.0730207 9.9982E-05 0.063599 0.0734708 0.00804023 0.505741
0.0695349 0.492362 0.0715648 9.9991E-05 0.0427013 0.117934 0.101395 0.104408
9.9973E-05 0.0562907 9.9973E-05 0.273175 0.0582322 0.143268 9.9973E-05 0.468734
0.0429082 0.418249 0.0959352 0.0953859 0.10982 0.0441731 9.9991E-05 0.193429
9.9982E-05 0.495143 0.135281 0.0682449 0.0148233 0.047246 9.9982E-05 0.239062
0.243787 0.313695 0.118244 0.0543666 0.00655646 0.104126 0.0907677 0.0684573
9.9982E-05 0.358075 0.0455468 0.0235694 0.233738 0.0162978 9.9982E-05 0.322572
9.9982E-05 0.411604 0.141538 0.0398262 0.130976 0.0894303 9.9982E-05 0.186425
0.100367 0.339204 0.0377623 0.0127733 0.160206 0.189544 9.9991E-05 0.160043
9.9991E-05 0.464993 0.0812863 0.0525121 0.0885617 0.165977 0.0332508 0.113319
0.0996415 0.559709 0.105026 0.0275899 0.07285 0.119809 9.9991E-05 0.015274
0.0762344 0.460284 0.0438325 9.9991E-05 0.0187781 0.11521 0.0902967 0.195265
0.0313368 0.496278 0.13229 0.0172 9.9991E-05 0.138969 0.05014 0.133686
0.117424 0.0880158 9.9973E-05 9.9973E-05 0.0317992 0.0122125 0.750249 9.9973E-05
0.0632412 0.0347483 9.9973E-05 9.9973E-05 0.0688229 0.0171563 0.815731 9.9973E-05
9.9991E-05 0.0493891 0.0368007 0.0426007 0.0218145 0.0458883 0.753158 0.0502488
0.0206796 0.0515466 0.0496957 9.9982E-05 0.0154215 0.0587846 0.803672 9.9982E-05
9.9955E-05 0.149716 0.00406054 9.9955E-05 9.9955E-05 9.9955E-05 0.845723 9.9955E-05
0.020105 0.109803 0.172003 0.0290379 9.9991E-05 0.0779169 0.000726731 0.590308
0.0119299 0.495312 9.9982E-05 0.0865898 0.148409 9.9982E-05 0.0822106 0.175349
0.0778845 0.433908 9.9982E-05 0.0912698 0.182113 0.0299136 0.184712 9.9982E-05
0.0477176 0.680721 0.0933757 0.00721531 0.0150386 9.9991E-05 0.0258893 0.129943
0.0434179 0.472572 0.147206 9.9973E-05 9.9973E-05 0.170997 9.9973E-05 0.165507
0.0335165 0.230658 0.166183 0.207913 0.0935269 9.9982E-05 9.9982E-05 0.268002
9.9964E-05 9.9964E-05 0.172715 0.0895926 9.9964E-05 9.9964E-05 0.11122 0.626073
0.0132782 0.468524 0.164872 9.9991E-05 0.0133551 0.0665896 0.0450051 0.228277
0.0372649 0.116059 0.202805 9.9991E-05 0.117814 0.0165036 0.0558689 0.453585
0.0932491 0.30154 0.130412 0.159792 0.0736539 0.121743 0.0363588 0.08325
9.9982E-05 0.00632442 0.177025 0.0320353 0.0910111 9.9982E-05 0.116154 0.57725
0.0634933 0.569579 0.102412 9.9991E-05 0.0141636 0.0145107 0.0561399 0.179602
9.9982E-05 0.13108 0.103092 9.9982E-05 0.00671694 0.06281 0.118158 0.577944
0.0238143 0.300656 0.100317 0.170638 0.0400144 9.9982E-05 9.9982E-05 0.364361
0.084227 0.319925 0.0335099 0.201874 0.176887 0.0739355 9.9991E-05 0.109542
9.9964E-05 0.29705 0.0975586 0.46288 0.142111 9.9964E-05 9.9964E-05 9.9964E-05
9.9973E-05 0.632828 0.0658398 0.229131 9.9973E-05 0.0437899 0.0281115 9.9973E-05
0.0026783 0.530338 9.9991E-05 0.169762 0.00169554 0.115744 0.161407 0.0182753
9.9973E-05 0.338008 0.104047 0.392335 0.068673 0.096637 9.9973E-05 9.9973E-05
0.0147942 0.535089 0.0481788 0.130759 0.079968 0.0658363 0.0211042 0.10427
9.9982E-05 0.540515 0.0677529 0.14795 0.138126 0.0857422 0.0197136 9.9982E-05
9.9982E-05 0.102543 0.106679 0.451566 0.176843 0.14791 9.9982E-05 0.0142593
9.9973E-05 0.2632 0.0421817 0.557103 0.0693269 0.0678891 9.9973E-05 9.9973E-05
9.9982E-05 0.465794 0.0720973 0.277047 0.120528 0.0186438 9.9982E-05 0.0456904
9.9973E-05 0.164485 0.136799 0.411808 0.086928 0.19968 9.9973E-05 9.9973E-05
9.9973E-05 0.420878 0.0454047 0.208144 9.9973E-05 0.146259 9.9973E-05 0.179015
0.011174 9.9991E-05 0.178771 0.00992166 0.0124164 0.115576 0.0311059 0.640935
0.0153944 0.180314 0.120428 0.043333 0.229835 0.0523251 9.9991E-05 0.358271
0.103498 0.220842 0.117859 9.9991E-05 0.0501096 0.135676 0.0213861 0.35053
0.050943 0.613997 0.097522 0.0346882 0.0623984 0.0353782 9.9991E-05 0.104974
9.9973E-05 0.164474 0.163975 9.9973E-05 0.02379 0.147916 9.9973E-05 0.499545
0.0588225 0.413221 0.0117974 0.0675208 0.185279 9.9991E-05 0.102737 0.160522
0.0636352 0.489979 0.0921632 0.0311877 0.126817 0.0707156 0.00120518 0.124297
0.109543 0.437206 9.9973E-05 9.9973E-05 0.0761437 0.0392777 9.9973E-05 0.33753
0.024368 0.479585 0.121411 9.9982E-05 0.0858429 0.0991115 9.9982E-05 0.189481
0.0428845 0.46014 0.155663 9.9973E-05 9.9973E-05 0.136303 9.9973E-05 0.204709
0.10731 0.110146 0.125598 9.9973E-05 9.9973E-05 0.139811 9.9973E-05 0.516836
0.11366 0.273427 0.20851 9.9982E-05 0.0686563 0.0085277 9.9982E-05 0.327019
9.9973E-05 0.560623 0.124603 9.9973E-05 0.0677399 0.0572396 9.9973E-05 0.189494
9.9973E-05 0.646827 0.0222767 9.9973E-05 0.0835645 0.0127958 9.9973E-05 0.234236
9.9982E-05 0.392095 0.0980923 0.00676833 0.201475 9.9982E-05 0.0439131 0.257456
0.0683818 0.480981 0.060143 9.9973E-05 0.176799 9.9973E-05 9.9973E-05 0.213395
0.0361746 0.331012 0.165579 0.0655186 0.0334252 9.9991E-05 0.0541686 0.314022
9.9973E-05 0.66839 0.169408 0.0120804 0.0122346 9.9973E-05 9.9973E-05 0.137587
0.0975802 0.435136 0.131367 9.9982E-05 0.0258142 9.9982E-05 0.0263477 0.283555
0.146212 0.429429 9.9982E-05 9.9982E-05 0.0829874 0.0655124 0.0736466 0.202013
0.115795 0.402552 9.9982E-05 0.0423509 9.9982E-05 0.019165 0.323524 0.0964123
0.274468 0.371854 9.9982E-05 0.122758 9.9982E-05 0.0554916 0.098955 0.0762736
0.131857 0.406575 9.9991E-05 0.0634308 0.00761172 0.0502441 0.22972 0.110461
0.125014 0.569153 0.024102 0.0533555 0.00301577 0.126911 0.0629092 0.0355389
0.234278 0.421581 9.9982E-05 9.9982E-05 0.0418607 0.110198 0.174811 0.0170714
0.0736574 0.364091 9.9973E-05 0.145812 0.134305 9.9973E-05 9.9973E-05 0.281835
0.0760131 0.505834 0.0596697 0.139598 9.9982E-05 9.9982E-05 0.165489 0.0531955
0.128624 9.9973E-05 9.9973E-05 0.42883 9.9973E-05 0.130977 0.191137 0.120132
0.219729 0.465678 0.0266726 0.0705897 9.9982E-05 9.9982E-05 0.0299257 0.187204
0.157271 0.470495 9.9982E-05 0.0690288 0.12367 9.9982E-05 0.145074 0.0342604
0.22561 0.427312 9.9982E-05 9.9982E-05 0.083487 0.0765504 0.0520412 0.1348
0.0838545 0.338356 9.9991E-05 0.120618 0.0595611 0.0392302 0.187024 0.171256
0.0944572 0.551268 9.9973E-05 9.9973E-05 0.083636 9.9973E-05 0.173172 0.0971675
0.226278 0.471405 9.9982E-05 0.0417228 0.0839571 9.9982E-05 0.0993663 0.0770704
0.188837 9.9973E-05 9.9973E-05 0.352285 0.0180615 0.0305143 0.410003 9.9973E-05
0.258533 0.43836 9.9982E-05 9.9982E-05 0.0108183 0.0777583 0.165789 0.0485421
0.188008 0.504196 9.9964E-05 9.9964E-05 0.123332 9.9964E-05 0.184065 9.9964E-05
0.0664033 0.603751 0.0234694 0.114597 0.0579654 0.0265442 0.107169 9.9991E-05
0.110849 0.639508 9.9982E-05 0.0860857 9.9982E-05 0.0122133 0.150237 0.000906734
0.0864465 0.514791 0.0154982 9.9982E-05 0.0627948 0.132179 0.188091 9.9982E-05
0.130538 0.273482 0.052405 0.0029288 0.484167 0.0562798 9.9982E-05 9.9982E-05
0.0103444 0.531514 0.0887282 0.0275797 0.227189 0.0364319 0.0781122 9.9991E-05
9.9973E-05 9.9973E-05 0.0111341 0.0010214 0.767287 0.127574 9.9973E-05 0.0926843
9.9964E-05 9.9964E-05 9.9964E-05 0.0124891 0.839356 0.0564182 9.9964E-05 0.0913372
0.103857 0.431483 9.9964E-05 9.9964E-05 0.31827 9.9964E-05 9.9964E-05 0.14599
0.327393 0.390216 9.9982E-05 0.0706161 0.0774164 9.9982E-05 0.0540795 0.0800794
0.322099 0.234587 9.9964E-05 9.9964E-05 0.288825 9.9964E-05 0.154089 9.9964E-05
0.309515 0.125227 9.9982E-05 0.118291 0.162809 9.9982E-05 0.179573 0.104386
0.238509 0.38759 9.9973E-05 9.9973E-05 0.18783 9.9973E-05 0.177884 0.00788628
0.0289977 0.0500858 9.9973E-05 0.154858 0.677647 9.9973E-05 0.0881119 9.9973E-05
0.0700366 0.0716129 9.9973E-05 0.0114016 0.722266 9.9973E-05 0.124383 9.9973E-05
0.129168 0.478892 9.9964E-05 9.9964E-05 0.370451 0.0210891 9.9964E-05 9.9964E-05
0.0586918 0.385195 9.9964E-05 9.9964E-05 0.47904 9.9964E-05 0.0766738 9.9964E-05
0.0899572 0.114025 9.9964E-05 9.9964E-05 0.721703 9.9964E-05 0.0739146 9.9964E-05
0.116894 0.429233 9.9982E-05 9.9982E-05 0.292345 0.0382752 0.0714549 0.0515983
0.058041 0.544104 9.9955E-05 9.9955E-05 0.397355 9.9955E-05 9.9955E-05 9.9955E-05
0.123322 0.411253 0.0329027 0.0450078 0.218093 0.0708351 0.0984864 9.9991E-05
9.9982E-05 0.231069 0.0640908 9.9982E-05 0.648168 0.0078292 0.0141334 0.03451
9.9973E-05 0.32508 0.0377159 0.0286588 0.558847 9.9973E-05 9.9973E-05 0.0493981
0.0624405 0.420296 0.0747844 0.0472304 0.32924 0.0441201 0.0217887 9.9991E-05
0.0235445 0.334559 0.0832734 0.0746034 0.388721 0.0212429 0.0402705 0.0337849
0.127227 0.328148 9.9991E-05 0.0489954 0.113138 0.126817 0.0760507 0.179524
9.9973E-05 0.45178 9.9973E-05 0.105749 0.407138 0.00106024 9.9973E-05 0.0339726
9.9982E-05 0.161386 0.0317811 0.00919351 0.768441 9.9982E-05 0.0103203 0.018678
0.00387694 0.538202 9.9973E-05 9.9973E-05 0.432184 0.0114585 0.0139782 9.9973E-05
0.0233489 0.15176 0.0139597 9.9973E-05 0.72376 0.0868714 9.9973E-05 9.9973E-05
9.9973E-05 0.365163 0.0665774 9.9973E-05 0.539968 0.0134217 0.0145694 9.9973E-05
9.9982E-05 0.534032 0.0302517 9.9982E-05 0.267621 0.0606439 0.071299 0.0359522
0.0279875 0.471962 0.0341619 0.0441357 0.372648 0.0489058 9.9982E-05 9.9982E-05
0.163983 0.523419 0.0294062 0.0799267 0.0966039 0.0299167 0.0766438 9.9991E-05
0.175504 0.295838 0.070626 0.236845 0.116873 9.9991E-05 0.0709226 0.0332911
0.314871 0.270671 0.0963333 0.110934 0.0847683 9.9982E-05 0.122222 9.9982E-05
0.277658 0.237091 0.0111542 0.0831919 0.110138 9.9991E-05 0.107933 0.172734
0.283286 0.27651 0.1309 0.0124668 9.9991E-05 0.0884483 0.133826 0.0744623
0.142518 0.452906 0.0132862 0.0877627 0.191624 9.9982E-05 0.111703 9.9982E-05
0.0915115 9.9973E-05 0.0214153 0.0811405 0.622828 9.9973E-05 0.182805 9.9973E-05
0.180773 0.574518 0.0485928 0.056727 0.0807481 9.9991E-05 0.0567818 0.00175878
0.06246 9.9964E-05 9.9964E-05 0.144506 0.434098 9.9964E-05 0.358536 9.9964E-05
0.195299 0.449896 9.9964E-05 9.9964E-05 0.322277 9.9964E-05 0.0321288 9.9964E-05
9.9955E-05 0.0292905 9.9955E-05 9.9955E-05 0.827354 0.142856 9.9955E-05 9.9955E-05
9.9955E-05 9.9955E-05 9.9955E-05 9.9955E-05 0.847254 0.031562 9.9955E-05 0.120684
9.9955E-05 0.387914 9.9955E-05 9.9955E-05 0.531551 0.0800351 9.9955E-05 9.9955E-05
9.9964E-05 0.5705 0.00561099 9.9964E-05 0.416905 9.9964E-05 0.0065839 9.9964E-05
9.9964E-05 0.303503 9.9964E-05 9.9964E-05 0.605124 0.022267 9.9964E-05 0.0687064
9.9964E-05 0.491608 0.0239442 9.9964E-05 0.459005 0.025043 9.9964E-05 9.9964E-05
9.9964E-05 0.468693 9.9964E-05 9.9964E-05 0.507697 0.0220115 9.9964E-05 0.00119928
0.0456905 0.0817188 9.9973E-05 0.0119455 0.0676036 9.9973E-05 0.792742 9.9973E-05
0.117332 9.9982E-05 0.0696475 0.0441982 0.0528394 9.9982E-05 0.68463 0.0311521
0.0838907 9.9955E-05 9.9955E-05 9.9955E-05 9.9955E-05 9.9955E-05 0.862908 0.0527013
9.9955E-05 0.0655012 9.9955E-05 0.00121276 9.9955E-05 9.9955E-05 0.932786 9.9955E-05
9.9982E-05 0.415494 0.0385046 9.9982E-05 0.112327 0.356992 0.0280022 0.0484802
0.0483849 0.452429 9.9973E-05 9.9973E-05 9.9973E-05 0.375764 0.0409859 0.082136
9.9955E-05 0.498354 9.9955E-05 9.9955E-05 9.9955E-05 0.407982 9.9955E-05 0.0931648
9.9964E-05 0.569253 9.9964E-05 9.9964E-05 9.9964E-05 0.18644 0.128496 0.11541
0.0973203 0.51458 0.120381 0.115941 9.9982E-05 0.131382 0.0201954 9.9982E-05
0.0078984 0.203736 0.0697871 0.0104675 9.9982E-05 0.555952 9.9982E-05 0.151959
0.0209657 0.614579 9.9964E-05 9.9964E-05 9.9964E-05 0.325706 9.9964E-05 0.0383496
9.9982E-05 0.310101 0.00722778 0.118673 0.104332 0.429233 9.9982E-05 0.0302336
0.182215 0.395553 0.0241505 0.0247875 0.0423226 9.9991E-05 0.240436 0.0904355
0.0932494 0.369863 0.00219768 0.0237562 0.0760735 0.367542 9.9991E-05 0.0672189
0.0178174 0.290464 0.0458145 9.9973E-05 9.9973E-05 0.542473 9.9973E-05 0.103131
9.9973E-05 0.541435 0.00239346 9.9973E-05 0.11297 0.330808 9.9973E-05 0.0120934
9.9973E-05 0.384786 0.0715737 9.9973E-05 0.0598168 0.44476 0.0387634 9.9973E-05
9.9964E-05 0.572065 0.0187787 9.9964E-05 0.109059 0.299697 9.9964E-05 9.9964E-05
9.9982E-05 0.577421 0.0510675 0.00873796 0.048888 0.293663 0.0200226 9.9982E-05
9.9964E-05 0.0845307 9.9964E-05 0.0017045 0.115782 0.797583 9.9964E-05 9.9964E-05
0.0388866 0.183591 9.9982E-05 0.0182516 0.039816 0.586626 9.9982E-05 0.132629
9.9973E-05 0.311823 0.0309699 9.9973E-05 0.0209731 0.6081 0.0278337 9.9973E-05
9.9955E-05 9.9955E-05 9.9955E-05 0.108319 0.0470311 0.84415 9.9955E-05 9.9955E-05
0.0284156 0.334532 0.0326683 9.9982E-05 0.0664694 0.534127 0.00358819 9.9982E-05
9.9973E-05 0.0967294 0.0178027 0.19311 0.0194306 0.672627 9.9973E-05 9.9973E-05
9.9964E-05 9.9964E-05 9.9964E-05 0.169922 0.112311 0.712817 0.00455006 9.9964E-05
0.0932151 0.50423 0.012746 9.9973E-05 0.0542746 0.335234 9.9973E-05 9.9973E-05
9.9964E-05 0.144859 9.9964E-05 9.9964E-05 9.9964E-05 0.676863 0.0702113 0.107667
0.0733457 0.321425 0.074748 0.0273521 9.9982E-05 0.396788 9.9982E-05 0.106141
0.174045 0.469655 9.9982E-05 0.0432163 9.9982E-05 0.135578 0.0733699 0.103935
9.9964E-05 0.526284 0.0748567 9.9964E-05 9.9964E-05 0.353977 9.9964E-05 0.0444824
0.0317208 0.319421 0.0264969 0.098379 0.131002 9.9982E-05 9.9982E-05 0.392781
0.03086 0.557527 0.0342095 9.9973E-05 9.9973E-05 0.375721 9.9973E-05 0.0013828
0.112538 0.374515 0.0167923 9.9982E-05 9.9982E-05 0.389008 0.020493 0.0864535
9.9955E-05 0.315197 9.9955E-05 0.0286933 9.9955E-05 0.65561 9.9955E-05 9.9955E-05
0.0414852 0.455711 0.0799215 9.9982E-05 0.090225 0.278527 0.0539303 9.9982E-05
9.9964E-05 9.9964E-05 0.185609 0.0588551 9.9964E-05 9.9964E-05 0.597488 0.157648
9.9982E-05 0.0107323 0.0270585 0.022526 9.9982E-05 0.0690947 0.743603 0.126786
9.9964E-05 9.9964E-05 0.0624951 0.0832536 9.9964E-05 9.9964E-05 0.779158 0.074693
9.9973E-05 9.9973E-05 0.0853155 0.00330192 0.0710998 9.9973E-05 0.792711 0.0472721
9.9982E-05 0.0120314 0.181 0.0229043 0.0530965 9.9982E-05 0.712747 0.0180211
0.0319644 0.107211 0.0332944 9.9982E-05 9.9982E-05 0.697761 0.0068019 0.122767
9.9982E-05 0.102304 0.0910928 9.9982E-05 0.00164923 0.661095 0.0224124 0.121246
0.0105393 0.138745 9.9973E-05 0.0168894 0.0480983 0.785428 9.9973E-05 9.9973E-05
0.0802512 0.432201 0.0422557 9.9982E-05 0.0502812 0.24616 0.148651 9.9982E-05
9.9973E-05 0.573027 0.0784158 9.9973E-05 9.9973E-05 0.185119 0.114673 0.0484658
0.0235373 0.251201 9.9982E-05 0.0566353 0.0439338 0.577259 0.0472336 9.9982E-05
0.0754536 0.523461 9.9973E-05 0.0643124 0.0530816 0.283391 9.9973E-05 9.9973E-05
0.0418615 0.396264 0.00559704 0.0260703 0.0174965 0.48592 0.0266906 9.9991E-05
9.9973E-05 0.549963 9.9973E-05 0.00294415 0.00571691 0.365669 9.9973E-05 0.0754076
9.9982E-05 0.508075 0.0710612 9.9982E-05 0.00980541 0.302186 0.0631978 0.0454752
0.0560459 0.206907 0.0736112 9.9973E-05 0.0366806 0.626456 9.9973E-05 9.9973E-05
0.0101381 0.293647 9.9982E-05 0.0113831 9.9982E-05 0.667642 0.00993036 0.00705969
9.9973E-05 0.31841 0.0760208 9.9973E-05 0.00410139 0.564926 9.9973E-05 0.0362411
9.9973E-05 0.570811 0.0893623 0.164166 9.9973E-05 0.090351 0.0850098 9.9973E-05
9.9955E-05 0.375564 9.9955E-05 9.9955E-05 9.9955E-05 0.606493 0.0174437 9.9955E-05
0.00601057 0.467715 0.0601729 0.00221557 9.9982E-05 0.431306 0.0323804 9.9982E-05
0.317452 0.487994 9.9982E-05 0.0438735 9.9982E-05 0.00854859 0.0965576 0.0453744
0.471053 0.350971 0.000467174 0.103524 9.9982E-05 0.00270397 0.0710816 9.9982E-05
0.316847 0.496797 9.9973E-05 0.0295819 0.000291603 9.9973E-05 0.156182 9.9973E-05
0.510381 0.258175 9.9964E-05 0.181255 9.9964E-05 9.9964E-05 0.0497893 9.9964E-05
0.336851 0.454901 0.0446433 0.000945387 0.124941 9.9982E-05 0.0375186 9.9982E-05
9.9973E-05 0.465418 9.9973E-05 0.204444 0.0288121 0.283409 9.9973E-05 0.0176175
0.657522 9.9964E-05 9.9964E-05 0.0219596 0.0777563 9.9964E-05 0.242362 9.9964E-05
0.488581 0.251665 9.9973E-05 0.00293036 0.0889325 9.9973E-05 0.167592 9.9973E-05
0.104987 0.408858 0.00432734 0.21389 9.9982E-05 0.0731896 0.194548 9.9982E-05
9.9964E-05 0.581189 9.9964E-05 0.198937 9.9964E-05 9.9964E-05 0.121002 0.0984717
0.0107678 0.404721 0.0140001 0.27098 9.9991E-05 0.063857 0.0507029 0.184871
0.0304383 0.572192 0.165027 0.101931 9.9982E-05 0.00984529 0.120366 9.9982E-05
9.9982E-05 0.611501 0.0710154 0.087349 0.0392173 0.095339 0.0953789 9.9982E-05
0.456374 0.264239 9.9964E-05 0.0389945 9.9964E-05 9.9964E-05 0.239993 9.9964E-05
0.388943 0.315012 0.0424835 9.9982E-05 9.9982E-05 0.087021 0.0960451 0.0702953
0.530405 0.319939 9.9982E-05 0.0144954 9.9982E-05 0.00693182 0.0984077 0.0296216
0.265875 0.450785 0.134123 9.9982E-05 0.0452388 9.9982E-05 0.0990896 0.00468827
0.513943 0.269971 9.9973E-05 0.0707084 9.9973E-05 0.00314701 0.141931 9.9973E-05
0.303788 0.399848 0.0130706 9.9991E-05 0.0750858 0.024754 0.16274 0.0206134
0.571345 0.163292 0.0185307 9.9991E-05 0.0966272 0.0155163 0.100394 0.034195
0.414366 0.363865 0.10123 0.0418117 0.00368009 0.0622465 0.0127004 9.9991E-05
0.0137388 0.548862 0.0389759 0.382155 9.9973E-05 0.0159686 9.9973E-05 9.9973E-05
0.33075 0.369169 0.155754 0.0442503 9.9973E-05 9.9973E-05 0.0997769 9.9973E-05
0.581519 0.197766 9.9973E-05 0.0381316 0.0140497 9.9973E-05 0.168234 9.9973E-05
0.407381 0.258542 0.010038 9.9982E-05 9.9982E-05 0.0633606 0.0864304 0.174048
9.9973E-05 0.196496 0.174191 0.342793 9.9973E-05 9.9973E-05 0.105085 0.181136
0.0540472 0.575129 0.0420404 0.187656 9.9973E-05 9.9973E-05 9.9973E-05 0.140827
0.337577 0.241775 0.0978649 0.0448879 9.9991E-05 0.00766829 0.126258 0.143869
9.9982E-05 0.621038 0.0901499 0.134402 0.00495867 9.9982E-05 0.0372499 0.112002
9.9982E-05 0.47527 0.0302706 0.171254 9.9982E-05 0.0977079 0.140139 0.0851587
0.247859 0.302627 0.00769995 0.0408847 0.0211181 0.133798 0.194417 0.0515959
0.179664 0.394781 9.9982E-05 0.0170909 0.136731 9.9982E-05 0.255293 0.0162417
0.10122 0.5251 0.117548 0.167206 9.9973E-05 0.0886257 9.9973E-05 9.9973E-05
0.401041 0.32944 9.9982E-05 0.0631148 9.9982E-05 0.015404 0.142563 0.0482367
0.463333 0.399069 9.9964E-05 0.00714116 9.9964E-05 9.9964E-05 0.130058 9.9964E-05
0.607953 0.151057 9.9982E-05 0.0517376 0.00505307 9.9982E-05 0.164345 0.019653
9.9973E-05 0.656415 0.0543321 0.0918411 0.100301 9.9973E-05 0.0968113 9.9973E-05
9.9982E-05 0.448895 0.0513293 0.247307 9.9982E-05 0.0863093 0.0522709 0.113689
0.0446343 0.19581 0.00791573 0.668914 0.0173287 0.0309581 0.0343383 9.9991E-05
0.0571973 0.571289 0.0778985 0.198691 9.9973E-05 9.9973E-05 0.0946236 9.9973E-05
9.9991E-05 0.34024 0.11994 0.104596 0.0546476 0.0278396 0.105391 0.247246
0.0814122 0.534376 9.9973E-05 0.137072 9.9973E-05 9.9973E-05 0.232737 0.0141042
0.0626391 0.428634 0.0557378 0.148558 0.120632 9.9991E-05 0.102954 0.0807438
0.163162 9.9955E-05 9.9955E-05 0.597714 9.9955E-05 9.9955E-05 0.238624 9.9955E-05
0.0886056 9.9955E-05 9.9955E-05 0.71769 9.9955E-05 9.9955E-05 0.193205 9.9955E-05
0.112888 0.305845 0.0725775 0.3927 0.0395076 9.9991E-05 0.071313 0.00506891
