9.9973E-05 9.9973E-05 0.0060456 0.0714173 9.9973E-05 0.0348359 0.883946 0.0034556
0.00720856 0.0259141 0.0357483 9.9973E-05 0.0407037 9.9973E-05 0.890125 9.9973E-05
0.113143 9.9964E-05 9.9964E-05 0.0478507 9.9964E-05 0.0200963 0.818511 9.9964E-05
9.9964E-05 9.9964E-05 0.0670668 0.0554491 9.9964E-05 0.131046 0.746038 9.9964E-05
0.095925 0.010829 0.045988 9.9973E-05 9.9973E-05 0.0155421 0.831416 9.9973E-05
9.9973E-05 9.9973E-05 0.0248569 0.0531922 9.9973E-05 0.0620195 0.545349 0.314282
9.9955E-05 9.9955E-05 9.9955E-05 0.0544444 9.9955E-05 9.9955E-05 0.756441 0.188615
9.9955E-05 9.9955E-05 0.107297 9.9955E-05 9.9955E-05 9.9955E-05 0.682748 0.209455
9.99639E-05 0.0411402 0.0822878 9.99639E-05 0.0532868 9.99639E-05 0.822885 9.99639E-05
0.0123756 9.9973E-05 0.00104017 9.9973E-05 9.9973E-05 0.128512 0.637047 0.220725
9.9964E-05 9.9964E-05 0.0449994 0.0290051 9.9964E-05 9.9964E-05 0.669548 0.256048
0.0592877 9.9973E-05 9.9973E-05 0.779318 0.0295851 0.0571878 9.9973E-05 0.0743214
0.389883 9.9964E-05 9.9964E-05 0.572386 9.9964E-05 0.0370455 9.9964E-05 0.000285965
0.0808183 0.0735991 9.9964E-05 0.765394 9.9964E-05 0.0797886 9.9964E-05 9.9964E-05
0.193344 0.0925483 9.9973E-05 0.584861 9.9973E-05 0.12874 9.9973E-05 0.000206103
0.28045 9.9982E-05 9.9982E-05 0.32238 0.11323 0.0985746 0.118987 0.0661786
0.468181 0.0167745 9.9982E-05 0.275771 9.9982E-05 0.128038 0.0709233 0.0401114
0.378863 0.0133779 9.9982E-05 0.36795 0.0455172 0.102112 9.9982E-05 0.0919802
0.149205 9.9973E-05 9.9973E-05 0.61228 0.0230048 0.0788304 0.136379 9.9973E-05
9.9964E-05 9.9964E-05 0.0871233 0.817645 9.9964E-05 9.9964E-05 0.0234551 0.0713767
0.280235 0.0219387 0.0260072 0.400089 0.119028 0.0769091 0.0306382 0.0451551
0.330033 0.148234 0.0165453 0.266869 0.0693489 0.0699428 0.0363116 0.0627157
0.513094 9.9973E-05 0.00259964 0.339594 9.9973E-05 0.0308492 9.9973E-05 0.113563
0.0595934 9.9973E-05 9.9973E-05 0.717732 0.0112688 0.105185 9.9973E-05 0.105921
0.554662 9.9991E-05 0.0525453 0.0736339 0.0126844 0.115818 0.0295199 0.161037
0.361895 9.9964E-05 9.9964E-05 0.391739 9.9964E-05 0.144222 9.9964E-05 0.101743
9.9964E-05 9.9964E-05 9.9964E-05 0.868721 0.0144516 0.102902 0.0135259 9.9964E-05
9.9955E-05 9.9955E-05 9.9955E-05 0.796978 9.9955E-05 0.175646 9.9955E-05 0.0268765
0.0856993 0.0609704 9.9964E-05 0.806427 9.9964E-05 9.9964E-05 9.9964E-05 0.0465036
0.15498 9.9955E-05 9.9955E-05 9.9955E-05 9.9955E-05 0.0379042 0.806617 9.9955E-05
0.182395 9.9955E-05 9.9955E-05 0.00664698 9.9955E-05 9.9955E-05 0.810459 9.9955E-05
0.110867 9.9973E-05 9.9973E-05 0.0337596 0.0294574 0.0556648 0.769951 9.9973E-05
0.158895 9.9964E-05 9.9964E-05 9.9964E-05 0.0362098 0.0365838 0.767911 9.9964E-05
0.456847 9.9982E-05 9.9982E-05 0.110605 0.226288 0.0511719 0.018608 0.136281
0.378745 9.9991E-05 0.0231351 0.0861575 0.335325 0.083994 0.0847055 0.00783783
0.468947 9.9964E-05 9.9964E-05 9.9964E-05 0.38218 9.9964E-05 0.0314235 0.11705
0.0415458 9.9982E-05 0.134279 0.613502 0.057062 0.022071 0.13134 9.9982E-05
0.303013 0.0567483 0.0406834 0.00452226 0.54083 0.0413853 0.0127179 9.9991E-05
0.467815 0.00346157 0.0804848 0.091549 0.24635 0.0606531 0.0495865 9.9991E-05
0.685638 0.0196956 9.9973E-05 9.9973E-05 0.0963441 0.0622281 9.9973E-05 0.135794
0.421554 9.9982E-05 0.0694615 0.00525585 0.0892019 9.9982E-05 0.0371778 0.377149
0.536213 9.9982E-05 0.0246945 0.120826 0.0286195 9.9982E-05 0.120692 0.168754
0.142118 9.9973E-05 9.9973E-05 0.181607 0.611597 9.9973E-05 0.0329293 0.0314475
0.490451 9.9982E-05 9.9982E-05 0.0975859 0.045603 0.0437618 0.011081 0.311318
0.570182 9.9991E-05 0.0186501 0.0541415 0.216418 0.0282942 0.0979766 0.0142373
0.563897 0.153501 9.9982E-05 0.00809826 0.1059 0.0501469 0.118256 9.9982E-05
0.348444 0.0744913 9.9955E-05 9.9955E-05 0.576565 9.9955E-05 9.9955E-05 9.9955E-05
0.673648 9.9964E-05 0.0592219 9.9964E-05 0.182162 9.9964E-05 0.0845674 9.9964E-05
0.597219 9.9973E-05 0.0582771 9.9973E-05 0.200068 9.9973E-05 0.0419679 0.102168
9.9964E-05 0.249126 9.9964E-05 9.9964E-05 0.648814 9.9964E-05 0.0947384 0.00692105
0.16942 0.0386688 0.225179 0.317034 0.192094 9.9982E-05 9.9982E-05 0.0574047
9.9982E-05 0.224457 0.00472385 0.305874 0.21792 0.0242812 9.9982E-05 0.222543
0.454195 9.9991E-05 0.113165 0.173818 0.0300054 0.104276 0.0745239 0.049917
0.494371 9.9982E-05 9.9982E-05 0.238415 0.0435383 0.0848854 0.0469848 0.0916054
0.519797 0.0405496 0.144699 0.0432995 0.0440213 0.0597815 0.06785 0.0800026
0.129273 0.0189876 0.216353 0.197585 0.301682 9.9982E-05 0.135919 9.9982E-05
0.575149 0.160098 0.142414 0.12194 9.9964E-05 9.9964E-05 9.9964E-05 9.9964E-05
0.521009 0.0733697 9.9982E-05 0.104986 9.9982E-05 0.0638629 0.0894614 0.147111
0.269089 9.9982E-05 0.0586446 0.327361 0.0926436 9.9982E-05 0.0722488 0.179813
0.03506 0.118068 0.0493028 0.415735 0.0971239 9.9991E-05 0.247127 0.037484
0.511615 9.9991E-05 0.0722166 0.118774 0.109392 0.0401849 0.120041 0.0276764
0.391718 0.142228 0.156156 0.238249 0.00957895 0.0250727 0.0368966 9.9991E-05
9.9982E-05 0.0583645 0.150808 0.626085 0.0775276 9.9982E-05 0.0281142 0.0589012
0.366092 0.0382813 0.00681575 0.465514 0.0523871 0.0707093 9.9982E-05 9.9982E-05
0.617347 0.151155 9.9991E-05 0.0716845 0.0390855 0.00190126 0.060713 0.0580138
0.516525 0.0613261 9.9991E-05 0.250319 0.0132186 0.0561216 0.0454803 0.0569098
0.232083 0.174274 0.0426496 0.351976 0.0863505 0.0466252 0.0526496 0.0133925
0.442112 0.120156 0.00632154 0.263332 0.137486 0.0303921 9.9982E-05 9.9982E-05
0.582114 0.0502463 0.18479 0.0338179 9.9982E-05 0.0338255 0.115006 9.9982E-05
0.170354 0.109262 0.0943429 0.495299 0.0855171 9.9991E-05 0.00665708 0.038468
0.595736 9.9964E-05 0.0479552 0.0287151 0.327194 9.9964E-05 9.9964E-05 9.9964E-05
0.182617 9.9964E-05 9.9964E-05 0.21625 0.572289 9.9964E-05 0.0284441 9.9964E-05
0.537187 0.0736095 0.0697012 0.150566 0.103957 9.9982E-05 0.0647793 9.9982E-05
9.9964E-05 0.0544228 0.00898267 9.9964E-05 0.847153 9.9964E-05 9.9964E-05 0.0890416
9.9964E-05 0.153935 9.9964E-05 0.0214722 0.817747 9.9964E-05 9.9964E-05 0.0064462
0.272963 9.9955E-05 9.9955E-05 0.0522971 0.67424 9.9955E-05 9.9955E-05 9.9955E-05
0.430354 9.9955E-05 9.9955E-05 0.166209 0.402937 9.9955E-05 9.9955E-05 9.9955E-05
0.468119 0.0339845 9.9982E-05 0.0416503 0.207886 0.0944725 0.153687 9.9982E-05
0.434118 9.9982E-05 0.0612256 0.00376502 0.41007 9.9982E-05 0.0194832 0.0711381
0.188002 9.9982E-05 0.126224 0.0939526 0.55887 0.0156791 0.0170723 9.9982E-05
0.249592 0.0116867 0.21955 9.9973E-05 0.504636 9.9973E-05 0.0142356 9.9973E-05
0.510292 0.00204578 0.0651411 9.9991E-05 0.199532 0.031137 0.131783 0.0599686
0.25155 9.9964E-05 9.9964E-05 0.0867769 0.589989 9.9964E-05 0.071284 9.9964E-05
0.401117 9.9964E-05 9.9964E-05 0.071799 0.429453 9.9964E-05 0.0972315 9.9964E-05
0.402237 0.106811 9.9964E-05 9.9964E-05 0.48542 9.9964E-05 0.00513219 9.9964E-05
9.9964E-05 0.259521 9.9964E-05 9.9964E-05 0.666672 9.9964E-05 0.016142 0.0572648
0.626648 9.9982E-05 0.037928 0.0193195 0.170204 9.9982E-05 0.00429525 0.141405
0.14815 9.9964E-05 0.0153735 0.0679485 9.9964E-05 9.9964E-05 0.768128 9.9964E-05
0.120287 9.9946E-05 9.9946E-05 9.9946E-05 9.9946E-05 9.9946E-05 0.879114 9.9946E-05
0.114665 9.9955E-05 9.9955E-05 9.9955E-05 9.9955E-05 0.0688569 0.815979 9.9955E-05
0.0855889 0.00656665 9.9964E-05 9.9964E-05 9.9964E-05 9.9964E-05 0.899953 0.00749196
0.134574 9.9955E-05 9.9955E-05 9.9955E-05 0.00882999 9.9955E-05 0.856096 9.9955E-05
0.0193882 0.0647197 9.9964E-05 9.9964E-05 9.9964E-05 0.0471808 0.868311 9.9964E-05
0.068047 9.9964E-05 9.9964E-05 9.9964E-05 9.9964E-05 0.0111146 0.907341 0.0130976
0.433697 9.9982E-05 0.0159363 0.0718511 0.301322 0.0713553 0.105639 9.9982E-05
0.551462 9.9991E-05 0.0268848 0.0617266 0.203787 0.0487009 0.0246002 0.0827393
9.9964E-05 0.0743654 9.9964E-05 0.143355 0.777916 9.9964E-05 0.0039642 9.9964E-05
0.499599 0.0274749 9.9991E-05 0.0751865 0.181853 0.112095 0.0750392 0.0286529
0.395572 9.9973E-05 0.0192598 0.118476 0.411483 0.0549088 9.9973E-05 9.9973E-05
0.624118 0.0337519 9.9973E-05 9.9973E-05 0.239335 0.0453938 0.0571019 9.9973E-05
0.488663 0.113278 0.0630383 9.9991E-05 0.306243 0.001427 0.0263216 0.00092879
0.424017 0.00778631 9.9973E-05 9.9973E-05 0.479349 0.0528081 0.0357398 9.9973E-05
9.9964E-05 9.9964E-05 0.0765868 0.124429 0.747564 9.9964E-05 0.0510206 9.9964E-05
0.517227 0.000300217 0.119458 9.9982E-05 0.0886701 9.9982E-05 0.152369 0.121776
0.633752 9.9982E-05 9.9982E-05 0.0230624 0.156266 0.0422714 0.0677159 0.0767319
0.429932 0.0577275 0.0819421 0.0151453 0.21689 0.133991 0.0642729 9.9991E-05
0.304431 0.123211 9.9982E-05 0.0262867 0.505698 0.0235293 9.9982E-05 0.016645
0.493388 0.0914837 9.9982E-05 9.9982E-05 0.332348 0.0451457 0.00866431 0.0287703
0.466858 9.9973E-05 9.9973E-05 0.122031 0.319372 9.9973E-05 0.0671605 0.024279
0.239645 9.9964E-05 9.9964E-05 9.9964E-05 0.569438 0.129033 9.9964E-05 0.0614837
0.397068 9.9964E-05 0.081553 9.9964E-05 0.477842 9.9964E-05 0.0431369 9.9964E-05
0.636825 0.0469032 0.0109064 0.0638633 0.0939041 0.0241972 0.123301 9.9991E-05
0.205904 0.274076 0.000890357 0.415131 9.9982E-05 9.9982E-05 0.0476109 0.0561877
0.430018 9.9982E-05 0.115777 0.267902 9.9982E-05 0.0251397 0.0797761 0.0811869
0.537294 0.0108712 0.069298 0.155957 9.9991E-05 0.0563696 0.129131 0.0409798
0.516907 0.0203704 0.0187473 0.149182 0.0849753 0.111816 0.0496504 0.0483526
0.485797 0.0637604 0.0600248 0.341532 9.9982E-05 9.9982E-05 0.034405 0.0142807
0.632176 0.0358526 0.085951 0.221366 9.9973E-05 9.9973E-05 0.0243548 9.9973E-05
0.447363 0.0218786 0.115558 0.375576 9.9982E-05 9.9982E-05 0.0278479 0.0115769
0.575635 0.172351 0.138628 9.9973E-05 0.064666 9.9973E-05 0.0484205 9.9973E-05
0.477672 0.0736558 0.0348748 0.0729765 0.0782423 0.100901 9.9991E-05 0.161578
0.526621 0.0751664 9.9982E-05 0.286651 0.0576128 9.9982E-05 0.0399953 0.0137537
0.499846 9.9973E-05 0.142761 0.227056 0.0983791 9.9973E-05 9.9973E-05 0.0316591
0.66771 9.9982E-05 0.108336 0.0739061 0.0516935 0.022345 9.9982E-05 0.0758103
0.602324 0.0452553 0.089567 9.9982E-05 9.9982E-05 0.0292928 0.0963506 0.137011
0.513728 0.0173065 0.124349 0.231726 0.0189332 0.0594564 0.0344018 9.9991E-05
0.517275 0.0238874 0.133375 0.0633324 0.0647772 0.00784433 0.108991 0.0805179
0.544423 0.0670928 0.0485362 0.127038 0.032396 0.0894633 0.0157971 0.0752542
0.260327 0.143666 0.139208 0.19297 0.0863495 0.0473677 0.0950462 0.0350655
0.552043 9.9982E-05 0.107178 0.210439 9.9982E-05 0.0836106 0.00735765 0.0391718
0.718404 0.119767 0.0346182 0.0671757 9.9973E-05 9.9973E-05 0.0597357 9.9973E-05
0.187952 0.0918087 0.187877 0.282777 0.0919447 0.0395608 0.0485649 0.0695143
0.134171 0.302454 0.0868454 0.245692 0.0695 0.019395 0.101132 0.0408114
0.470763 0.0320301 0.162704 0.0963129 0.0630231 0.00471992 0.0521051 0.118342
0.077165 0.349773 0.215641 0.144962 0.138034 0.0420653 9.9991E-05 0.0322601
0.221537 0.0213111 0.102023 0.515396 0.121309 9.9982E-05 0.0182234 9.9982E-05
0.375547 0.00205754 0.0868649 0.372076 0.113212 9.9982E-05 9.9982E-05 0.0500424
0.305573 0.00485843 0.182291 0.425422 0.0722106 9.9982E-05 0.00944482 9.9982E-05
0.240165 0.028467 0.15448 0.475838 0.030707 0.0288898 9.9991E-05 0.0413532
0.560451 0.0374274 0.104469 0.101349 9.9991E-05 0.0930922 0.0422775 0.0608337
0.58555 0.0987833 0.0562898 0.0282976 0.0858931 0.0308934 0.114193 9.9991E-05
0.413256 0.0151726 9.9982E-05 0.286771 0.180646 0.0698185 0.0341362 9.9982E-05
0.148017 0.22225 0.141456 0.34038 0.0907272 0.0416233 0.00226427 0.0132821
0.494223 0.0505851 0.0126866 0.0681149 0.0332523 0.0784937 0.14807 0.114575
0.45378 0.088148 9.9982E-05 0.0890044 0.126438 0.00899314 9.9982E-05 0.233436
9.9982E-05 0.347824 0.0263728 0.132699 0.0725546 9.9982E-05 0.121042 0.299307
0.545482 9.9982E-05 9.9982E-05 0.0322239 0.117272 0.0572718 0.107349 0.140201
0.287805 0.134969 0.0533609 9.9991E-05 0.189222 0.0506243 0.0693063 0.214612
0.496607 0.224251 0.014184 0.0551605 0.0209894 0.0365943 0.0993584 0.0528549
0.193216 0.160992 0.137377 0.0307659 0.0845861 9.9991E-05 0.0598875 0.333075
0.101348 0.193872 0.0462807 0.133848 0.101758 9.9991E-05 0.0717057 0.351088
0.439042 0.185631 0.148674 9.9982E-05 0.0509399 9.9982E-05 0.0173073 0.158206
0.47132 0.0705417 0.0113573 0.121987 9.9991E-05 0.056421 0.0376007 0.230672
0.334773 0.0349851 9.9991E-05 0.172963 0.132444 0.0754154 0.0944043 0.154915
9.9991E-05 0.146194 0.0279609 0.210152 0.194312 0.150466 0.0584157 0.212399
0.580104 0.0721247 0.125901 0.0367709 0.0247352 0.0514596 0.064289 0.0446161
0.224956 0.101055 9.9973E-05 0.235237 0.114848 9.9973E-05 9.9973E-05 0.323604
0.426633 0.129986 0.0490365 0.151715 0.121043 9.9982E-05 9.9982E-05 0.121387
0.509272 0.0978118 0.0551773 9.9991E-05 0.0211644 0.126351 0.0437811 0.146342
0.0700044 0.0745862 9.9982E-05 0.0334606 9.9982E-05 0.278908 0.298267 0.244573
9.9964E-05 0.223402 9.9964E-05 9.9964E-05 9.9964E-05 0.0924994 0.556993 0.126706
9.9964E-05 0.260939 9.9964E-05 9.9964E-05 9.9964E-05 0.119881 0.470652 0.148128
0.0232872 0.028475 9.9982E-05 0.0217023 9.9982E-05 0.339758 0.392796 0.193781
0.63509 9.9964E-05 0.000800437 9.9964E-05 0.0399865 9.9964E-05 9.9964E-05 0.323724
0.474863 0.0273669 0.0894311 0.00124179 0.160438 0.066227 0.0661202 0.114312
0.35016 9.9955E-05 9.9955E-05 9.9955E-05 0.0283343 0.621006 9.9955E-05 9.9955E-05
0.321106 9.9991E-05 0.0369505 0.0589793 0.0833897 0.440007 0.0482731 0.0111954
0.266743 0.0483166 0.0723159 0.0197376 0.0432916 0.459503 0.0899928 9.9991E-05
0.291147 0.289335 9.9964E-05 9.9964E-05 0.0456814 9.9964E-05 9.9964E-05 0.373437
0.47494 0.011484 0.0616558 9.9991E-05 0.081145 0.134094 0.00679923 0.229782
0.143598 0.315885 9.9982E-05 0.0595404 0.00017188 0.0152651 9.9982E-05 0.46534
0.515994 0.0674614 0.025801 9.9982E-05 0.0908013 0.0536514 9.9982E-05 0.246091
0.419405 0.148046 9.9991E-05 0.163866 0.112739 0.00896798 0.00493033 0.141945
0.550234 0.138868 0.0180576 0.0679579 9.9973E-05 9.9973E-05 9.9973E-05 0.224583
0.10091 0.261679 9.9982E-05 0.149331 0.175796 0.0255348 9.9982E-05 0.286549
0.50549 0.00896495 9.9991E-05 0.12077 0.118231 0.137714 0.0159831 0.092747
0.503423 0.0759687 0.115161 9.9991E-05 0.0421753 0.10311 0.0497598 0.110302
9.9955E-05 9.9955E-05 9.9955E-05 0.0169124 0.00737441 0.975213 9.9955E-05 9.9955E-05
0.0639205 9.9964E-05 9.9964E-05 9.9964E-05 0.0119999 0.9185 9.9964E-05 0.00517933
0.234612 0.00082192 9.9982E-05 0.0672027 0.0218482 0.636974 9.9982E-05 0.0383406
0.330305 9.9964E-05 0.0158528 9.9964E-05 9.9964E-05 0.64402 0.00942271 9.9964E-05
0.0581032 9.9973E-05 0.066177 9.9973E-05 9.9973E-05 0.845895 0.00264319 0.026882
9.994E-05 9.994E-05 9.994E-05 9.994E-05 9.994E-05 0.9993 9.994E-05 9.994E-05
9.9946E-05 9.9946E-05 0.0376286 9.9946E-05 9.9946E-05 0.961772 9.9946E-05 9.9946E-05
0.140722 9.9964E-05 0.000354936 0.00179795 9.9964E-05 0.856725 9.9964E-05 9.9964E-05
9.9955E-05 9.9955E-05 0.00565708 0.0311489 9.9955E-05 0.962694 9.9955E-05 9.9955E-05
9.994E-05 9.994E-05 9.994E-05 9.994E-05 9.994E-05 0.9993 9.994E-05 9.994E-05
9.994E-05 9.994E-05 9.994E-05 9.994E-05 9.994E-05 0.9993 9.994E-05 9.994E-05
0.0973927 9.9964E-05 9.9964E-05 0.0916711 9.9964E-05 0.782208 0.0283287 9.9964E-05
0.0305023 9.9964E-05 0.0873373 9.9964E-05 9.9964E-05 0.816782 0.0649788 9.9964E-05
9.9946E-05 9.9946E-05 9.9946E-05 9.9946E-05 0.0394717 0.959929 9.9946E-05 9.9946E-05
0.33196 0.00229643 0.0724469 0.0147011 0.0731555 0.423761 0.0203113 0.061368
0.14114 9.9973E-05 0.0843042 9.9973E-05 0.0134903 0.719274 0.0414918 9.9973E-05
0.155649 9.9982E-05 0.0304846 0.00262134 0.0243866 0.77469 0.0119689 9.9982E-05
0.0116288 9.9973E-05 0.0321614 0.0445313 9.9973E-05 0.895947 0.0154315 9.9973E-05
9.9946E-05 0.00925235 9.9946E-05 9.9946E-05 9.9946E-05 0.990148 9.9946E-05 9.9946E-05
0.0198274 9.9964E-05 0.0539288 9.9964E-05 9.9964E-05 0.917634 0.00820964 9.9964E-05
9.994E-05 9.994E-05 9.994E-05 9.994E-05 9.994E-05 0.9993 9.994E-05 9.994E-05
0.253111 0.0573213 0.0471813 0.000223008 9.9982E-05 0.639968 9.9982E-05 0.00199614
9.9973E-05 0.0463134 9.9973E-05 0.00243334 0.041268 0.899972 9.9973E-05 0.00971375
9.9955E-05 0.15875 9.9955E-05 9.9955E-05 9.9955E-05 9.9955E-05 0.314677 0.526073
0.373473 0.0120454 0.13065 0.0346414 9.9991E-05 0.0860962 0.0784391 0.284555
0.3798 0.0180508 9.9991E-05 0.0527493 0.00439305 0.0163483 0.290409 0.23815
0.0953103 0.0683696 0.0534606 9.9991E-05 0.0388051 0.107487 0.21475 0.421717
0.446809 0.0729205 0.00860694 9.9991E-05 0.0302023 0.0383588 0.151541 0.251462
0.0936008 0.193514 9.9982E-05 9.9982E-05 0.0187057 0.0808603 0.224002 0.389118
0.450679 0.0884699 0.0237306 9.9991E-05 0.0104195 0.0496863 0.151213 0.225702
0.1708 0.0500806 9.9973E-05 9.9973E-05 9.9973E-05 0.194133 0.121516 0.46317
0.379982 0.0547137 0.0677479 9.9991E-05 0.05465 0.129591 0.111581 0.201634
0.185518 0.113133 9.9973E-05 9.9973E-05 9.9973E-05 0.216385 0.118548 0.366115
0.451308 0.0497027 0.0127673 9.9991E-05 0.121868 0.013085 0.201812 0.149358
0.0190328 9.9964E-05 0.117571 9.9964E-05 9.9964E-05 9.9964E-05 0.785454 0.0775428
9.9955E-05 9.9955E-05 0.03616 9.9955E-05 9.9955E-05 0.0774512 0.885889 9.9955E-05
9.9946E-05 9.9946E-05 9.9946E-05 9.9946E-05 0.0624844 9.9946E-05 0.936916 9.9946E-05
0.0506381 9.9955E-05 0.052846 9.9955E-05 9.9955E-05 9.9955E-05 0.896016 9.9955E-05
0.0148571 9.9973E-05 0.0255444 0.0711638 9.9973E-05 0.0315813 0.856553 9.9973E-05
9.9964E-05 0.0620571 9.9964E-05 9.9964E-05 0.0104545 0.0808588 0.84623 9.9964E-05
0.0925857 9.9955E-05 9.9955E-05 9.9955E-05 9.9955E-05 0.0451672 0.861747 9.9955E-05
0.0583608 0.0442295 0.0339128 9.9964E-05 9.9964E-05 9.9964E-05 0.863097 9.9964E-05
0.0269965 9.9973E-05 9.9973E-05 0.00195615 0.0189425 0.0468095 0.904995 9.9973E-05
0.00578961 0.0116325 0.00244041 0.055864 9.9982E-05 0.0969799 0.827094 9.9982E-05
9.9973E-05 0.0293772 0.142834 0.160654 0.0801619 9.9973E-05 0.586672 9.9973E-05
9.9973E-05 0.0326421 0.179684 0.15036 0.012118 9.9973E-05 0.624896 9.9973E-05
9.9964E-05 0.0739636 0.0918082 0.312102 9.9964E-05 9.9964E-05 0.521727 9.9964E-05
9.9973E-05 0.0206767 0.104297 0.352629 0.0436616 9.9973E-05 0.478436 9.9973E-05
0.495637 9.9973E-05 0.0344266 0.157988 0.218998 9.9973E-05 0.0926504 9.9973E-05
0.418329 0.03058 0.0319579 0.184398 0.260304 0.0682625 0.00606924 9.9991E-05
0.548055 9.9976E-05 0.0566735 0.18484 0.144187 9.9976E-05 0.0659449 9.9976E-05
0.369259 0.059481 0.0257239 0.280364 0.225126 9.9982E-05 0.0398463 9.9982E-05
0.09683 9.9964E-05 0.286444 0.48069 0.135637 9.9964E-05 9.9964E-05 9.9964E-05
0.565482 9.9991E-05 0.0717364 0.0818791 0.196617 0.0461654 0.0127767 0.0252438
0.565705 0.0535535 0.00815229 0.114915 0.257374 9.9973E-05 9.9973E-05 9.9973E-05
0.41124 0.0114401 9.9982E-05 0.0329484 0.363651 0.0612577 9.9982E-05 0.119262
0.334606 9.9964E-05 9.9964E-05 9.9964E-05 0.539917 0.0602884 9.9964E-05 0.0647879
0.66817 9.9964E-05 0.110227 9.9964E-05 0.216005 9.9964E-05 9.9964E-05 0.00519798
0.39709 9.9973E-05 0.160649 0.0483563 0.37544 9.9973E-05 9.9973E-05 0.0181649
9.9955E-05 0.205011 0.0777638 9.9955E-05 0.716725 9.9955E-05 9.9955E-05 9.9955E-05
0.523868 0.090427 9.9982E-05 0.0563297 0.167449 9.9982E-05 0.0637631 0.0979633
0.197221 0.153584 0.0117394 9.9982E-05 0.460944 0.0246698 9.9982E-05 0.151642
0.549399 0.0620245 0.0298607 0.0133138 0.315679 9.9982E-05 0.0295222 9.9982E-05
0.0586135 9.9973E-05 0.0716975 0.150009 0.685359 9.9973E-05 0.034021 9.9973E-05
9.9964E-05 9.9964E-05 0.770545 9.9964E-05 9.9964E-05 0.00103768 0.0838648 0.144152
0.0465943 9.9964E-05 0.729298 9.9964E-05 9.9964E-05 9.9964E-05 0.0339746 0.189733
9.9946E-05 9.9946E-05 0.844898 9.9946E-05 9.9946E-05 9.9946E-05 9.9946E-05 0.154502
9.9964E-05 9.9964E-05 0.782361 9.9964E-05 0.0169356 9.9964E-05 0.0548304 0.145473
9.9973E-05 0.0499808 0.768694 0.0212955 9.9973E-05 0.0315412 9.9973E-05 0.128188
0.0470569 9.9964E-05 0.82961 9.9964E-05 9.9964E-05 0.0833469 9.9964E-05 0.0395865
0.0791423 9.9964E-05 9.9964E-05 9.9964E-05 0.0562114 0.0248225 0.839424 9.9964E-05
0.0214416 9.9973E-05 0.00707077 0.09132 9.9973E-05 0.0816477 0.79822 9.9973E-05
0.155193 9.9955E-05 9.9955E-05 9.9955E-05 9.9955E-05 0.0927978 0.75151 9.9955E-05
9.9955E-05 9.9955E-05 9.9955E-05 0.138426 9.9955E-05 0.150502 0.710572 9.9955E-05
0.0308867 9.9982E-05 0.0597288 0.0173458 9.9982E-05 0.0969797 0.744829 0.05003
9.9973E-05 9.9973E-05 0.528441 0.0333954 0.0525831 9.9973E-05 0.355923 0.029358
9.9973E-05 0.0571493 0.363747 9.9973E-05 0.121108 9.9973E-05 0.4253 0.032396
9.9964E-05 0.0769903 0.46081 9.9964E-05 0.0942798 9.9964E-05 0.36752 9.9964E-05
0.15985 9.9955E-05 9.9955E-05 0.00241037 9.9955E-05 9.9955E-05 0.83724 9.9955E-05
9.9964E-05 0.040934 0.537732 9.9964E-05 0.0742151 9.9964E-05 0.346719 9.9964E-05
0.217275 0.153126 9.9973E-05 9.9973E-05 9.9973E-05 0.352836 0.247528 0.0289349
0.430611 9.9982E-05 0.059865 0.0658269 0.0446159 0.230768 0.168113 9.9982E-05
0.51946 9.9955E-05 9.9955E-05 9.9955E-05 9.9955E-05 0.24666 0.23338 9.9955E-05
0.303772 9.9982E-05 0.0318558 9.9982E-05 0.144617 0.254646 0.248415 0.0164945
0.384855 9.9991E-05 0.0374759 0.131075 0.0878865 0.220445 0.124831 0.0133318
9.9964E-05 0.131674 9.9964E-05 9.9964E-05 9.9964E-05 0.283193 0.436334 0.1484
0.4273 0.0237314 0.0953008 0.295274 0.105547 9.9982E-05 9.9982E-05 0.0526478
0.378349 0.270837 0.215996 0.0225575 0.111961 9.9973E-05 9.9973E-05 9.9973E-05
0.159815 9.9973E-05 0.140222 0.632202 9.9973E-05 0.00235493 0.0651069 9.9973E-05
0.516473 0.25592 0.022602 0.0489778 0.155727 9.9973E-05 9.9973E-05 9.9973E-05
9.9964E-05 0.610192 0.104395 0.110697 0.174316 9.9964E-05 9.9964E-05 9.9964E-05
0.492776 0.171528 0.0625178 0.0964056 9.9982E-05 9.9982E-05 0.128842 0.0477313
0.500913 0.12067 0.0903289 0.194584 0.0532775 9.9982E-05 9.9982E-05 0.040027
0.316133 0.0822875 0.0585219 0.499295 0.00741718 9.9991E-05 0.0259076 0.010337
0.384123 0.0125788 0.134642 0.192546 9.9991E-05 0.140328 0.0428365 0.0928442
0.0085446 0.324935 9.9973E-05 0.494241 0.0758221 9.9973E-05 9.9973E-05 0.0961574
0.36875 0.14624 0.0805508 0.168166 0.04507 0.0108925 9.9991E-05 0.180231
0.500005 0.0876071 0.162636 0.106637 0.0830377 0.0465873 9.9991E-05 0.0133902
0.366398 0.0402462 0.0025239 0.151347 0.156941 0.224189 0.058254 9.9991E-05
0.349088 0.336101 0.0520366 0.252314 0.0101602 9.9973E-05 9.9973E-05 9.9973E-05
0.360418 0.0972541 0.0940325 0.333378 0.0664105 0.0416769 0.00672959 9.9991E-05
0.425129 0.101509 0.0499756 0.180566 0.0673674 9.9991E-05 0.0699429 0.10541
0.513897 0.128137 0.141506 0.144505 0.0716551 9.9973E-05 9.9973E-05 9.9973E-05
0.545372 0.103654 0.0390529 0.138737 0.0632743 0.10971 9.9982E-05 9.9982E-05
0.516773 0.0127921 0.105997 0.132017 0.0558747 0.0586234 0.0801661 0.037757
0.526733 0.0448475 0.106183 0.101636 0.0262447 0.129651 0.0287879 0.0359175
0.150192 9.9955E-05 9.9955E-05 9.9955E-05 9.9955E-05 0.0687531 0.780555 9.9955E-05
0.105422 0.0320638 9.9964E-05 9.9964E-05 9.9964E-05 0.0355638 0.82655 9.9964E-05
0.0198586 0.0876464 0.034088 0.0183041 9.9991E-05 0.023041 0.757489 0.0594729
0.00676066 0.0159064 0.0510104 9.9982E-05 0.0880123 0.0457028 0.792407 9.9982E-05
0.164296 9.9964E-05 9.9964E-05 9.9964E-05 9.9964E-05 0.0511606 0.782859 0.00128472
0.133413 0.014843 0.168041 0.626588 9.9982E-05 0.035833 0.0210818 9.9982E-05
0.412717 0.0956766 9.9982E-05 0.289474 0.0660757 0.118866 0.0169898 9.9982E-05
0.451763 0.14745 9.9982E-05 9.9982E-05 0.0218651 0.139445 0.190518 0.0487589
0.644247 0.0506768 0.0757961 0.18424 9.9982E-05 0.017113 0.0277271 9.9982E-05
0.512628 0.0366678 0.148109 0.17141 0.0533838 9.9982E-05 0.0776013 9.9982E-05
0.236083 0.216349 0.0595406 0.318911 9.9982E-05 0.0404726 9.9982E-05 0.128444
9.9973E-05 0.0491762 0.187927 0.568168 0.0579685 9.9973E-05 0.136461 9.9973E-05
0.474782 9.9982E-05 0.205879 0.180641 0.130525 0.00448454 9.9982E-05 0.00348821
0.172186 0.0908629 0.213238 0.418551 0.019517 0.0321645 0.0533809 9.9991E-05
0.327875 0.0992546 0.116587 0.0864774 0.20472 0.112269 9.9991E-05 0.0527168
0.0820778 0.122376 0.201204 0.491778 9.9973E-05 9.9973E-05 0.102265 9.9973E-05
0.542982 0.00858452 0.113754 0.177622 9.9982E-05 0.0633886 0.0934687 9.9982E-05
0.132564 0.052896 0.227324 0.383095 0.0916235 0.0198578 0.0925401 9.9991E-05
0.296719 0.15756 0.105476 0.297629 0.0234822 0.0546739 9.9991E-05 0.0643604
0.504317 0.0989279 0.0386823 0.0535801 0.0108433 0.0154718 0.112966 0.165211
0.216518 0.15904 0.0340184 0.023462 9.9973E-05 9.9973E-05 9.9973E-05 0.566662
0.458643 9.9982E-05 0.0391543 0.0914615 0.0642646 9.9982E-05 0.0233938 0.322883
0.4943 0.110506 9.9991E-05 0.00271448 0.0844169 0.0494224 0.125919 0.132621
0.23926 0.0948484 0.0698502 9.9964E-05 9.9964E-05 9.9964E-05 9.9964E-05 0.595641
0.411961 0.145698 0.0235621 0.106385 9.9991E-05 0.0709934 0.0720817 0.169218
0.477492 0.117068 0.00808643 9.9982E-05 0.118587 0.017663 9.9982E-05 0.260904
0.0287517 0.184072 0.120791 9.9973E-05 0.104362 9.9973E-05 9.9973E-05 0.561723
0.1458 0.236264 0.0213424 9.9964E-05 9.9964E-05 9.9964E-05 9.9964E-05 0.596194
0.495485 0.174998 0.0578495 9.9964E-05 9.9964E-05 9.9964E-05 9.9964E-05 0.271267
0.0308518 0.147125 0.0255519 0.0593348 0.133418 9.9982E-05 9.9982E-05 0.603519
0.326746 0.0322816 0.0339191 0.202339 0.0346645 9.9991E-05 0.00110993 0.36884
0.0843964 0.0767765 0.211368 0.564108 0.0628607 9.9982E-05 0.000290668 9.9982E-05
0.2317 0.33268 0.175089 0.191957 0.060601 0.00777339 9.9982E-05 9.9982E-05
0.340797 0.0326174 0.104123 0.366921 0.0493825 0.0392017 0.0668582 9.9991E-05
0.521664 9.9982E-05 0.0623597 0.232267 0.0554737 0.0971896 0.0308461 9.9982E-05
0.170638 9.9973E-05 0.166509 0.450528 0.169556 9.9973E-05 9.9973E-05 0.0424689
0.474737 0.0976522 0.0892854 0.089108 0.0327437 0.032121 0.184253 9.9991E-05
0.518674 0.0456687 0.0583574 0.173818 0.0435957 0.0959554 0.0638305 9.9991E-05
0.470776 9.9991E-05 0.0880261 0.330688 0.00864414 0.0736864 0.0195921 0.00848818
0.425251 0.102615 0.14751 0.238159 0.0302912 0.0559749 9.9982E-05 9.9982E-05
0.457668 9.9991E-05 0.223007 0.227144 0.0424575 0.0329777 0.00885397 0.00779199
0.146654 9.9973E-05 0.173183 0.466162 0.138069 0.0756319 9.9973E-05 9.9973E-05
0.266717 0.0501472 0.186831 0.372439 0.0173434 0.106322 9.9982E-05 9.9982E-05
0.536035 0.0250201 0.0671781 0.287533 0.0420782 0.0377811 9.9991E-05 0.00427407
0.563981 0.03031 0.0239222 0.289473 9.9982E-05 9.9982E-05 0.0388451 0.0532682
0.377177 0.224953 0.135044 0.20404 9.9982E-05 9.9982E-05 0.0307468 0.0278398
0.510701 0.163346 0.0878618 0.169116 9.9973E-05 0.0686747 9.9973E-05 9.9973E-05
0.319598 9.9991E-05 0.191206 0.271069 0.0124297 0.0670222 0.0591485 0.0794266
0.538798 0.00741655 0.0273675 0.252507 0.0692426 0.0518254 0.0527435 9.9991E-05
0.557925 0.00115206 0.106342 0.156274 0.0780091 0.0460603 0.0264259 0.0278111
0.480316 0.0412686 0.0364451 0.152045 0.127158 0.162214 9.9991E-05 0.000452168
0.366946 9.9982E-05 9.9982E-05 0.00787219 0.0852213 0.14763 0.305382 0.0867488
0.409107 0.0572218 9.9991E-05 0.0368703 0.0795482 0.300676 0.101933 0.0145448
0.487602 0.104085 0.0085983 0.0246949 0.0457775 0.10968 0.194036 0.0255254
0.605521 0.0877292 0.0275741 0.0725614 0.0466066 0.0922626 0.0507164 0.0170289
0.378271 0.0127817 9.9982E-05 0.105789 0.0708786 0.251946 0.180133 9.9982E-05
0.433731 0.191071 9.9964E-05 0.302511 9.9964E-05 9.9964E-05 9.9964E-05 0.072287
0.598679 0.0605337 0.0665653 0.00898796 0.0234804 0.0600755 0.181578 9.9991E-05
9.9982E-05 0.22291 9.9982E-05 0.0387949 0.172898 0.12594 0.24365 0.195608
0.491156 9.9982E-05 0.0359902 0.125012 0.063608 0.180034 0.104 9.9982E-05
0.470616 0.196041 0.0502557 9.9973E-05 9.9973E-05 0.164036 0.118751 9.9973E-05
0.470096 0.153734 0.0552937 9.9982E-05 0.020278 0.219229 0.0811698 9.9982E-05
0.170322 0.135414 9.9991E-05 0.210729 0.0108814 0.147333 0.151536 0.173685
0.386286 0.0380704 9.9982E-05 0.0392132 9.9982E-05 0.193518 0.170136 0.172577
0.573489 0.100262 9.9973E-05 0.0149749 9.9973E-05 0.11351 0.197464 9.9973E-05
9.9955E-05 0.319923 9.9955E-05 9.9955E-05 9.9955E-05 0.172357 0.50722 9.9955E-05
0.54411 9.9973E-05 9.9973E-05 9.9973E-05 0.0314513 0.181484 0.181164 0.0614903
0.46518 0.00655439 9.9982E-05 0.0802198 9.9982E-05 0.292528 0.118898 0.0364197
0.575671 0.0956958 0.0170841 0.0188391 0.00575628 0.0796589 0.0671888 0.140106
0.501049 0.0180896 0.0585204 9.9982E-05 9.9982E-05 0.209602 0.165367 0.0471723
0.474436 9.9991E-05 0.0524796 0.0197762 0.00930861 0.145772 0.164934 0.133194
0.564726 0.31302 0.0426477 9.9973E-05 0.0570662 9.9973E-05 0.0222402 9.9973E-05
0.489475 0.0878618 0.0525233 0.0328485 0.150894 0.0721345 0.0660164 0.0482462
0.0771445 0.68303 0.0338867 0.114167 0.0914718 9.9973E-05 9.9973E-05 9.9973E-05
0.077999 0.8111 0.0561688 9.99639E-05 0.0543328 9.99639E-05 9.99639E-05 9.99639E-05
0.527394 0.19528 0.0158357 0.118283 0.107524 0.0354834 9.9982E-05 9.9982E-05
0.358941 0.145603 9.9973E-05 9.9973E-05 9.9973E-05 0.278904 0.106785 0.109467
0.353121 0.203659 9.9964E-05 9.9964E-05 9.9964E-05 0.315357 0.127463 9.9964E-05
0.137958 0.27581 9.9982E-05 9.9982E-05 0.0890399 0.284677 0.170541 0.0417739
0.316548 0.159435 9.9982E-05 0.0519855 9.9982E-05 0.291572 0.158356 0.0219037
0.185978 0.679014 9.9973E-05 9.9973E-05 9.9973E-05 0.00760449 0.0873756 0.0397285
0.233765 0.652941 9.9964E-05 9.9964E-05 9.9964E-05 0.0450563 0.0678382 9.9964E-05
0.61489 0.266927 0.0150126 0.0462521 0.013355 0.0371035 0.0063598 9.9991E-05
0.511237 0.356778 9.9964E-05 9.9964E-05 9.9964E-05 0.0757015 0.0558833 9.9964E-05
0.263397 0.623254 0.00416234 9.9973E-05 9.9973E-05 0.0249889 0.0838972 9.9973E-05
0.501809 0.196233 0.0562815 0.06494 9.9991E-05 0.0344797 0.122183 0.0239743
0.540503 0.276259 0.0374872 9.9964E-05 9.9964E-05 0.145351 9.9964E-05 9.9964E-05
0.478231 0.0827225 0.110201 0.0707275 0.0305476 0.131179 0.0962911 9.9991E-05
0.364535 0.483892 0.108481 9.9964E-05 0.0426933 9.9964E-05 9.9964E-05 9.9964E-05
0.324527 0.355014 0.0306693 0.091879 0.144453 0.0532582 9.9982E-05 9.9982E-05
0.554988 0.192835 0.0616244 9.9991E-05 0.0582961 0.000333898 0.0116036 0.120219
0.405537 0.275786 0.133362 9.9991E-05 0.0831385 0.00739934 0.0557679 0.0389093
0.388857 0.169489 0.0370943 0.144835 9.9991E-05 0.0719275 0.0608365 0.126861
0.476385 0.404375 0.017052 9.9964E-05 9.9964E-05 9.9964E-05 9.9964E-05 0.101788
0.283317 0.625375 0.0423905 0.048518 9.9964E-05 9.9964E-05 9.9964E-05 9.9964E-05
0.630434 0.214943 0.00315901 9.9973E-05 0.114696 9.9973E-05 9.9973E-05 0.0364678
0.326601 0.58971 0.0294699 9.9964E-05 0.0538194 9.9964E-05 9.9964E-05 9.9964E-05
0.523352 0.359616 0.0700185 0.0225083 9.9973E-05 9.9973E-05 0.0242051 9.9973E-05
0.486719 0.188218 0.0570949 0.0343447 0.10042 0.0438093 0.0817776 0.00761657
0.433281 0.270364 9.9982E-05 0.0776909 0.165429 0.0108468 0.042188 9.9982E-05
0.489037 0.0661678 9.9982E-05 0.0071399 9.9982E-05 0.15681 0.246958 0.0336879
0.269412 0.149015 0.0472156 0.0865374 9.9991E-05 0.186476 0.14289 0.118353
0.313565 0.0364917 9.9982E-05 0.053252 9.9982E-05 0.240857 0.183275 0.172359
0.315031 0.133471 0.0329274 0.14334 9.9991E-05 0.222113 0.123619 0.029398
0.275421 9.9991E-05 0.090494 0.0281241 0.158884 0.24274 0.0819338 0.122303
0.381592 0.169067 0.0835777 0.0257419 9.9982E-05 0.199362 0.140459 9.9982E-05
9.9964E-05 0.642461 0.0252092 9.9964E-05 9.9964E-05 0.149962 0.181968 9.9964E-05
0.555066 0.0369106 0.0835976 9.9982E-05 9.9982E-05 0.232795 0.0461379 0.0452926
9.9955E-05 0.495115 9.9955E-05 9.9955E-05 9.9955E-05 0.120913 0.383472 9.9955E-05
0.514075 0.176531 9.9982E-05 9.9982E-05 0.0610532 0.199592 0.0354531 0.0130954
0.132378 0.620485 9.9955E-05 9.9955E-05 0.246637 9.9955E-05 9.9955E-05 9.9955E-05
9.9964E-05 0.742375 0.0170773 0.048087 0.192061 9.9964E-05 9.9964E-05 9.9964E-05
0.545371 0.306639 9.9964E-05 0.0722337 0.0753567 9.9964E-05 9.9964E-05 9.9964E-05
0.62031 0.320505 9.9964E-05 9.9964E-05 0.0446198 0.0141654 9.9964E-05 9.9964E-05
0.431713 0.436306 9.9964E-05 0.0564782 0.0751026 9.9964E-05 9.9964E-05 9.9964E-05
0.562895 0.428841 9.9955E-05 9.9955E-05 0.0077649 9.9955E-05 9.9955E-05 9.9955E-05
0.574633 0.361158 9.9973E-05 0.0341929 0.00967157 9.9973E-05 9.9973E-05 0.0200442
0.0655289 0.0430114 0.0508043 9.9982E-05 9.9982E-05 0.0808429 0.735519 0.0240934
9.9982E-05 9.9982E-05 0.0764912 0.0590537 0.00845296 0.117186 0.672826 0.0657902
9.9964E-05 9.9964E-05 0.0306908 0.0155781 9.9964E-05 0.0883321 0.864999 9.9964E-05
0.0767987 0.0178713 9.9955E-05 9.9955E-05 9.9955E-05 9.9955E-05 0.90483 9.9955E-05
0.497067 0.00836307 0.0256143 9.9991E-05 0.344442 0.0203455 0.0419523 0.0621164
0.477475 0.0281601 9.9991E-05 0.0530589 0.370751 0.0500701 0.00890905 0.0114751
0.472107 9.9955E-05 9.9955E-05 0.10072 0.426674 9.9955E-05 9.9955E-05 9.9955E-05
0.46871 9.9982E-05 9.9982E-05 0.0784983 0.271024 0.010053 0.047238 0.124277
0.405448 9.9982E-05 0.109709 9.9982E-05 0.193729 0.0680166 0.031067 0.191831
0.134585 9.9982E-05 0.132736 0.0962805 0.514037 0.030964 9.9982E-05 0.0911977
0.557066 0.00724607 9.9964E-05 0.105229 0.33006 9.9964E-05 9.9964E-05 9.9964E-05
0.245148 0.0437673 9.9973E-05 9.9973E-05 0.563903 9.9973E-05 0.00762672 0.139255
0.444021 0.0269404 0.0328317 0.0252822 9.9991E-05 0.165851 0.236604 0.0683701
0.523365 0.137686 0.0505212 0.0143064 0.273821 9.9973E-05 9.9973E-05 9.9973E-05
0.321444 9.9973E-05 0.0914632 0.0577472 0.507871 9.9973E-05 9.9973E-05 0.021174
0.49953 0.0526001 0.0135441 0.104824 0.30439 0.0249117 9.9982E-05 9.9982E-05
0.366247 9.9973E-05 0.027931 0.0991199 0.489723 0.0166793 9.9973E-05 9.9973E-05
0.59737 0.06034 9.9955E-05 9.9955E-05 0.34179 9.9955E-05 9.9955E-05 9.9955E-05
0.490528 9.9964E-05 9.9964E-05 0.0366626 0.350369 9.9964E-05 0.12204 9.9964E-05
0.10882 0.0708259 9.9955E-05 9.9955E-05 0.819854 9.9955E-05 9.9955E-05 9.9955E-05
0.226005 0.008584 0.040781 0.0245327 0.616626 0.0428906 9.9991E-05 0.0404807
0.320371 0.0477801 0.136059 9.9964E-05 0.495389 9.9964E-05 9.9964E-05 9.9964E-05
9.9946E-05 0.178509 9.9946E-05 9.9946E-05 0.820891 9.9946E-05 9.9946E-05 9.9946E-05
0.444043 0.0545781 0.0474944 0.0832843 0.345906 9.9982E-05 0.0244937 9.9982E-05
0.0773999 0.273814 0.0338142 9.9973E-05 0.468416 9.9973E-05 9.9973E-05 0.146256
9.9964E-05 0.259815 0.00891419 9.9964E-05 0.722376 9.9964E-05 0.0084953 9.9964E-05
0.569763 0.0644436 9.9964E-05 9.9964E-05 0.313844 9.9964E-05 0.05155 9.9964E-05
0.167249 0.0340591 0.0358076 0.108276 0.623114 9.9982E-05 0.0312944 9.9982E-05
0.311785 9.9991E-05 0.0556538 0.0651376 0.403801 0.109378 0.0189748 0.0351697
0.449106 9.9982E-05 9.9982E-05 0.0882498 0.145361 0.160192 0.0980099 0.0588815
0.563718 9.9964E-05 0.0782587 0.0594218 0.298202 9.9964E-05 9.9964E-05 9.9964E-05
0.359488 0.142459 0.104049 0.362458 0.0312471 9.9973E-05 9.9973E-05 9.9973E-05
0.475714 9.99664E-05 0.0920828 9.99664E-05 0.399274 0.03253 9.99664E-05 9.99664E-05
0.407157 0.0105224 9.9991E-05 0.210213 0.306349 0.0134023 0.0315784 0.020678
0.338956 9.9955E-05 9.9955E-05 9.9955E-05 0.595391 9.9955E-05 9.9955E-05 0.0651536
0.514276 0.0172328 0.10799 9.9982E-05 0.204789 0.0526711 0.102841 9.9982E-05
9.9973E-05 9.9973E-05 0.160902 0.147818 0.0301369 9.9973E-05 0.600413 0.0604304
0.0542021 0.00885677 0.058396 0.0281653 0.0906275 0.0135359 0.746116 9.9991E-05
9.9964E-05 0.0117391 0.0966531 9.9964E-05 0.0468418 9.9964E-05 0.844366 9.9964E-05
9.9973E-05 0.0140393 0.0834314 0.0733721 0.0194973 9.9973E-05 0.80936 9.9973E-05
9.9964E-05 9.9964E-05 0.113298 0.0761907 9.9964E-05 9.9964E-05 0.660238 0.149873
0.0754289 9.9982E-05 0.0465847 0.154529 0.680286 0.0347411 0.00823045 9.9982E-05
0.0348692 9.9982E-05 0.0973478 0.0647794 0.670165 9.9982E-05 0.0658169 0.0668222
0.144533 0.0398597 9.9964E-05 9.9964E-05 0.802255 0.0129528 9.9964E-05 9.9964E-05
0.55365 0.00952877 0.0872714 0.0028655 0.117565 0.0435091 0.0834762 0.102134
0.512554 0.0131081 9.9991E-05 0.0597135 0.265646 0.070374 0.0506726 0.0278314
0.266936 9.9964E-05 9.9964E-05 9.9964E-05 0.613706 0.0323426 9.9964E-05 0.0866162
0.556719 0.0202223 9.9973E-05 9.9973E-05 0.274087 0.0509958 9.9973E-05 0.0976754
0.311752 9.9973E-05 9.9973E-05 9.9973E-05 0.465073 0.108503 0.0383042 0.0760678
0.547316 9.9973E-05 9.9973E-05 0.1402 0.229992 9.9973E-05 0.0214115 0.0607813
0.569124 9.9982E-05 0.0690527 9.9982E-05 0.264519 0.0280804 0.0536472 0.0153762
0.137929 9.9982E-05 0.105907 0.0198409 0.590841 0.069106 9.9982E-05 0.0761759
0.30653 9.9964E-05 0.018266 0.104377 0.570427 9.9964E-05 9.9964E-05 9.9964E-05
0.246328 9.9973E-05 0.0839016 0.0703372 0.49546 9.9973E-05 9.9973E-05 0.103673
0.518083 0.0191309 9.9982E-05 0.0541208 9.9982E-05 0.00715248 0.08781 0.313502
0.376817 9.9964E-05 9.9964E-05 0.0162413 0.589007 9.9964E-05 0.0175343 9.9964E-05
0.43309 9.9982E-05 0.00191299 0.112246 0.30626 0.015579 9.9982E-05 0.130712
0.42375 0.016079 0.0238064 9.9982E-05 9.9982E-05 0.425088 0.0785312 0.0325458
0.362326 0.043659 9.9982E-05 9.9982E-05 0.00793242 0.458058 0.101589 0.0262359
0.412825 9.9964E-05 9.9964E-05 9.9964E-05 9.9964E-05 0.414575 0.0825111 0.0896881
0.29898 0.05246 9.9973E-05 9.9973E-05 9.9973E-05 0.470605 0.139753 0.0379018
0.537464 0.0551969 9.9973E-05 9.9973E-05 9.9973E-05 0.275595 0.1147 0.0167443
0.474771 9.9964E-05 9.9964E-05 0.0286413 0.166317 9.9964E-05 9.9964E-05 0.329871
0.0497129 0.0406884 9.9964E-05 9.9964E-05 9.9964E-05 0.626777 0.282422 9.9964E-05
0.296165 0.050181 0.0239956 9.9982E-05 0.0117683 0.510073 0.107617 9.9982E-05
0.338307 0.00125876 9.9982E-05 9.9982E-05 0.0306808 0.100794 0.119159 0.409601
0.424037 9.9973E-05 9.9973E-05 0.0773022 9.9973E-05 0.0259997 0.0846122 0.387749
0.338665 0.0123948 9.9991E-05 0.116342 0.0119397 0.0185129 0.0602422 0.441803
0.408499 9.9982E-05 0.0361658 0.00805574 9.9982E-05 0.12619 0.0896277 0.331262
0.504302 9.9982E-05 0.124891 9.9982E-05 0.090192 0.0872788 0.0821193 0.111017
0.397826 9.9955E-05 9.9955E-05 9.9955E-05 9.9955E-05 0.33559 0.266084 9.9955E-05
0.330352 9.9982E-05 0.0370878 0.139014 0.0446206 0.354404 0.0943216 9.9982E-05
0.371206 9.9964E-05 9.9964E-05 9.9964E-05 9.9964E-05 0.523332 0.0305451 0.0745167
0.448284 9.9982E-05 0.133294 9.9982E-05 0.000718124 0.240645 0.0774668 0.0993922
0.270677 0.0133814 0.0324245 9.9982E-05 0.0438365 0.550279 0.0892025 9.9982E-05
0.3582 9.9982E-05 9.9982E-05 0.0461085 0.023268 0.372583 0.09521 0.104431
0.173927 0.0443307 0.0227946 9.9991E-05 0.0478785 0.571481 0.13893 0.000559204
0.416367 0.0617873 0.0601404 9.99783E-05 9.99783E-05 0.37633 0.0850749 9.99783E-05
0.424283 9.9973E-05 9.9973E-05 9.9973E-05 0.0285444 0.0405358 0.0291049 0.477232
0.297309 0.0564834 0.0511545 0.00193692 0.096667 0.325715 0.170634 9.9991E-05
0.232769 0.00617079 9.9973E-05 9.9973E-05 9.9973E-05 0.603581 0.150495 0.0066843
0.198161 0.000652973 0.0757112 9.9982E-05 0.152159 0.422486 0.150631 9.9982E-05
0.00153788 9.9991E-05 0.0990938 0.195494 0.0220375 0.0231623 0.0466321 0.611942
0.424013 9.9964E-05 9.9964E-05 0.042683 9.9964E-05 0.0273892 9.9964E-05 0.505515
0.385816 0.0641913 0.101153 9.9973E-05 9.9973E-05 0.293001 0.155539 9.9973E-05
0.528228 9.9964E-05 9.9964E-05 0.0800626 9.9964E-05 9.9964E-05 0.0556622 0.335647
0.429058 9.9973E-05 9.9973E-05 0.0964451 9.9973E-05 0.0220747 0.104222 0.347901
0.344135 9.9982E-05 9.9982E-05 0.0204927 0.187656 0.185344 0.225659 0.0365133
0.327933 0.0879786 9.9982E-05 0.011233 9.9982E-05 0.263687 0.269812 0.0391565
0.445974 0.0754272 0.0777718 0.00771598 0.0272499 0.158505 0.0744129 0.132943
0.295895 0.0405868 0.00867288 9.9991E-05 0.112103 0.400339 0.0976611 0.044642
0.289438 9.9982E-05 9.9982E-05 0.0820038 0.0334173 0.514982 0.0449784 0.0349804
0.148376 0.0955695 9.9964E-05 9.9964E-05 9.9964E-05 0.555632 0.200023 9.9964E-05
0.526728 9.9991E-05 0.0257121 0.107974 0.0789432 0.023935 0.0552383 0.181369
0.359142 9.9982E-05 0.00466744 0.131978 0.00816424 9.9982E-05 0.0711341 0.424714
9.9964E-05 0.11494 9.9964E-05 9.9964E-05 9.9964E-05 0.0647352 0.0348227 0.785102
0.500435 9.9982E-05 0.0453698 9.9982E-05 0.0378862 0.127167 0.0573788 0.231563
0.318331 9.9991E-05 0.0971606 0.142421 0.0138031 0.0384941 0.12303 0.26666
0.461803 0.0329815 9.9982E-05 0.0308337 9.9982E-05 0.176148 0.162397 0.135636
0.477754 0.142702 0.0394797 0.125253 9.9982E-05 0.108018 0.106592 9.9982E-05
9.9964E-05 0.465953 9.9964E-05 9.9964E-05 9.9964E-05 0.156515 0.350732 0.0263999
9.9964E-05 0.456024 9.9964E-05 9.9964E-05 9.9964E-05 0.0755669 0.324288 0.143721
0.271799 0.247013 0.0505851 0.0202177 0.0121384 0.145227 0.152929 0.100091
