0.884544 0.0163715 0.00126135 9.9982E-05 0.0315422 0.00267222 0.0634084 9.9982E-05
0.945066 9.9955E-05 9.9955E-05 9.9955E-05 9.9955E-05 0.00967253 9.9955E-05 0.044762
0.802712 0.0146892 9.9982E-05 0.102274 0.0293601 0.0394635 0.0113011 9.9982E-05
0.786806 9.9973E-05 9.9973E-05 0.0486037 0.0502446 0.0671217 0.046924 9.9973E-05
0.802952 9.9964E-05 9.9964E-05 9.9964E-05 0.084432 9.9964E-05 0.0389088 0.0733078
0.579854 0.0494898 0.078482 0.107365 0.0519192 9.9982E-05 0.13269 9.9982E-05
0.83196 0.0373304 0.0506092 0.00247073 9.9973E-05 9.9973E-05 0.0773298 9.9973E-05
0.699545 9.9991E-05 0.0577845 0.0313366 0.016803 0.059333 0.129675 0.00542249
0.82068 0.0518638 0.0525798 9.9982E-05 9.9982E-05 0.0449075 0.0289745 0.000794598
0.655648 9.9982E-05 0.0699262 0.074474 0.065037 9.9982E-05 0.116129 0.0185856
0.719159 9.9982E-05 0.111081 0.01616 0.0142274 0.0760864 0.0630863 9.9982E-05
9.9973E-05 0.0694551 0.0205365 0.235102 0.0696656 0.604941 9.9973E-05 9.9973E-05
0.0383206 9.9991E-05 0.0307802 0.52362 0.0391926 0.30444 0.0251721 0.0383745
0.0767005 0.0527244 0.0513332 0.214041 0.0608398 0.47238 9.9991E-05 0.0718812
0.0649074 0.0438191 0.0100997 0.274987 0.138468 0.422857 0.0165012 0.0283605
0.177086 0.0639004 0.00148122 0.443603 0.0787159 0.235014 9.9982E-05 9.9982E-05
9.9982E-05 9.9982E-05 0.0334786 0.487876 0.137178 0.226477 0.0400883 0.0747019
0.0146064 0.10062 0.0926118 0.441955 0.084754 0.265253 9.9982E-05 9.9982E-05
0.0921466 0.0366968 0.0560834 0.287206 0.106336 0.419286 9.9991E-05 0.00214472
0.00307735 0.0535092 0.169646 9.9973E-05 0.0625923 0.710875 9.9973E-05 9.9973E-05
9.9982E-05 0.105415 9.9982E-05 0.388312 0.129162 0.298991 0.0347782 0.0431419
0.0109629 9.9982E-05 0.151656 0.438746 0.0997869 0.226063 9.9982E-05 0.0725852
0.0483677 0.103289 0.0500121 0.509874 0.0208205 0.235257 9.9991E-05 0.0322805
9.9982E-05 0.0894433 0.107632 0.231434 0.138789 0.420214 0.0122882 9.9982E-05
0.0543119 0.0155443 0.0430369 0.584599 0.0862625 0.174536 0.0195482 0.022162
0.0563333 9.9982E-05 0.0325994 0.557369 0.0895213 0.262457 9.9982E-05 0.00152026
0.0460977 0.100495 9.9973E-05 0.15495 0.103899 0.594258 9.9973E-05 9.9973E-05
9.9973E-05 0.0228509 0.0865324 0.117154 0.225445 0.547718 9.9973E-05 9.9973E-05
9.9982E-05 0.105847 0.120266 0.179561 0.0359965 0.550088 9.9982E-05 0.00804223
0.832219 9.9955E-05 9.9955E-05 0.163195 0.0040857 9.9955E-05 9.9955E-05 9.9955E-05
0.810121 9.9946E-05 9.9946E-05 0.189279 9.9946E-05 9.9946E-05 9.9946E-05 9.9946E-05
0.791448 0.0420178 9.9973E-05 0.110232 0.053051 0.00295169 9.9973E-05 9.9973E-05
0.745287 0.0160145 9.9973E-05 0.111076 0.0857868 9.9973E-05 9.9973E-05 0.0415361
0.0578969 0.273242 0.0165876 0.512746 9.9991E-05 0.0684259 0.0665643 0.00443766
0.0736389 0.235575 9.9982E-05 0.574721 0.0105254 0.0429576 0.0623824 9.9982E-05
0.0752126 0.367046 9.9973E-05 0.485229 0.0405231 9.9973E-05 9.9973E-05 0.0316888
0.102514 0.108109 0.0010302 0.142746 9.9973E-05 0.645301 9.9973E-05 9.9973E-05
0.0801857 0.526248 0.0459373 0.258259 0.0236349 0.0436413 9.9991E-05 0.0219934
0.0880916 0.138788 9.9982E-05 0.561281 9.9982E-05 0.177912 0.0325459 0.00118137
0.0442873 0.223095 0.0437079 0.630681 0.0408547 9.9982E-05 0.0171737 9.9982E-05
0.110464 0.0777809 0.144467 0.625899 9.9973E-05 9.9973E-05 0.0410893 9.9973E-05
0.0728674 0.125518 0.0542311 0.59014 9.9982E-05 0.0666541 0.0903902 9.9982E-05
0.0472232 0.642135 0.0173865 0.159635 9.9982E-05 0.114103 0.0193179 9.9982E-05
9.9982E-05 0.136992 0.218172 0.515954 0.0976841 0.0226826 0.0083149 9.9982E-05
9.9982E-05 0.273546 0.104474 0.466678 0.0778746 9.9982E-05 0.045339 0.0318888
0.143548 0.136832 9.9991E-05 0.630432 0.0130244 0.0466929 0.0235796 0.00579082
9.9964E-05 0.637239 0.0174486 0.295596 9.9964E-05 9.9964E-05 9.9964E-05 0.0493173
0.0548278 0.220883 0.129541 0.594349 9.9964E-05 9.9964E-05 9.9964E-05 9.9964E-05
0.128726 0.20523 0.0317569 0.542153 0.0220886 0.0532468 9.9991E-05 0.0166987
0.0706498 0.594307 0.282491 9.9964E-05 9.9964E-05 0.0521524 9.9964E-05 9.9964E-05
9.9982E-05 0.134471 0.0419265 0.182227 9.9982E-05 0.412081 0.078632 0.150462
9.9973E-05 0.207175 0.335998 0.0700744 9.9973E-05 0.237356 9.9973E-05 0.149096
0.075804 0.0548674 0.00200649 0.554885 0.0440342 0.101819 0.118119 0.0484641
9.9982E-05 0.046139 0.108349 0.57978 0.0639774 0.127509 9.9982E-05 0.0740452
0.0868326 9.9991E-05 0.0602031 0.644538 0.0459255 0.0504623 0.027502 0.0844364
0.0892148 0.257687 0.112 0.123965 9.9982E-05 0.329319 0.0876149 9.9982E-05
9.9973E-05 9.9973E-05 0.0400484 0.589858 9.9973E-05 0.282419 0.0584718 0.0289029
9.9991E-05 0.0467087 0.106105 0.494552 0.136246 0.183993 0.000272483 0.0320233
0.124192 0.147518 0.0933589 0.352225 0.0257632 0.164322 0.0465491 0.0460713
0.193338 0.152845 0.151333 0.0576114 0.0520283 0.260421 0.0815015 0.0509217
0.0458222 0.178505 0.00470368 0.553042 0.040247 0.15534 9.9991E-05 0.0222397
0.0210601 9.9982E-05 0.0615006 0.396644 0.0708338 0.337938 9.9982E-05 0.111823
9.9982E-05 0.147766 0.149388 0.0237371 9.9982E-05 0.520324 0.127978 0.0306068
9.9982E-05 0.00385242 0.0584426 0.531828 9.9982E-05 0.271545 0.0334765 0.100655
9.9982E-05 0.0869148 0.00179752 0.502329 0.129854 0.114918 9.9982E-05 0.163987
0.0883199 9.9982E-05 0.0793107 0.577006 9.9982E-05 0.139525 0.0259709 0.0896673
0.00660581 0.175128 0.110284 0.225098 0.0962948 0.347324 9.9991E-05 0.0391654
9.9973E-05 0.0792024 0.148577 0.452446 0.0195088 0.299966 9.9973E-05 9.9973E-05
9.9991E-05 0.0493999 0.179127 0.510368 0.0551921 0.187639 0.0101082 0.00806499
0.0100567 0.130085 0.139623 0.162328 9.9991E-05 0.45498 0.0302076 0.0726203
9.9964E-05 0.375422 9.9964E-05 0.546911 9.9964E-05 0.026847 0.0504202 9.9964E-05
0.0139319 0.689933 0.00951674 0.18819 9.9973E-05 0.0981283 9.9973E-05 9.9973E-05
0.054308 0.246184 9.9982E-05 0.521836 0.043939 0.133346 9.9982E-05 0.000186743
9.9955E-05 0.873881 0.123013 9.9955E-05 0.00260695 9.9955E-05 9.9955E-05 9.9955E-05
9.9973E-05 0.819283 0.0959034 9.9973E-05 9.9973E-05 0.00544803 0.0315741 0.0474921
9.9946E-05 0.738984 9.9946E-05 0.260417 9.9946E-05 9.9946E-05 9.9946E-05 9.9946E-05
0.0574159 0.425343 9.9964E-05 0.449879 9.9964E-05 9.9964E-05 0.0669624 9.9964E-05
0.171913 0.184841 0.0490599 0.501413 0.0088287 9.9991E-05 0.024005 0.0598393
9.9982E-05 0.398364 0.0316575 0.470668 0.0146944 0.0408781 9.9982E-05 0.0435381
0.0397844 0.680797 9.9982E-05 0.111061 0.0316165 0.10881 0.0277316 9.9982E-05
0.0202436 0.510588 9.9973E-05 0.211483 9.9973E-05 0.111587 0.145799 9.9973E-05
0.0897221 0.338706 9.9982E-05 0.435655 0.0694724 0.0510759 0.0151689 9.9982E-05
0.0397365 0.590039 9.9982E-05 0.266863 0.036826 0.0329102 0.0334254 9.9982E-05
0.0471868 0.477923 9.9973E-05 0.408582 9.9973E-05 0.00725578 0.0587529 9.9973E-05
0.0151419 0.521656 0.0452033 0.370299 9.9982E-05 9.9982E-05 0.0185004 0.0289993
0.000205642 0.725475 0.183238 9.9973E-05 9.9973E-05 0.0148315 9.9973E-05 0.0759492
9.9982E-05 0.321514 0.0770546 0.588301 0.006437 0.000753863 0.00573936 9.9982E-05
0.783118 9.9973E-05 9.9973E-05 0.134619 0.0131838 0.036868 0.0319115 9.9973E-05
0.875805 9.9946E-05 9.9946E-05 0.123595 9.9946E-05 9.9946E-05 9.9946E-05 9.9946E-05
0.864948 9.9946E-05 9.9946E-05 0.134452 9.9946E-05 9.9946E-05 9.9946E-05 9.9946E-05
0.922317 9.9946E-05 9.9946E-05 0.0770835 9.9946E-05 9.9946E-05 9.9946E-05 9.9946E-05
0.861791 0.0211823 9.9973E-05 0.110256 0.00443274 9.9973E-05 0.00203807 9.9973E-05
0.843014 0.0052672 9.9982E-05 0.00960626 0.0730417 9.9982E-05 0.0636106 0.00526047
0.905972 9.99461E-05 9.99461E-05 0.0934285 9.99461E-05 9.99461E-05 9.99461E-05 9.99461E-05
0.0837741 0.265094 9.9982E-05 0.400763 0.0980139 0.143286 0.00886936 9.9982E-05
0.0306667 0.179799 0.0089941 0.442312 0.129749 0.199585 9.9991E-05 0.00879441
0.0431705 0.825352 9.9964E-05 0.0164583 9.9964E-05 0.11462 9.9964E-05 9.9964E-05
0.0748352 0.0958074 0.130687 0.453889 0.0811349 0.122039 0.00715916 0.0344477
0.0322596 0.372599 9.9982E-05 0.414313 0.0329023 0.0632873 0.0844392 9.9982E-05
0.0587871 0.271142 9.9991E-05 0.551019 0.00523499 0.0544379 0.0139856 0.0452933
0.0646731 0.255008 0.0551529 0.516119 0.0285804 0.0217514 9.9991E-05 0.0586154
9.9964E-05 0.472504 9.9964E-05 0.452414 0.0501971 9.9964E-05 0.024485 9.9964E-05
0.0665386 0.737177 9.9973E-05 9.9973E-05 9.9973E-05 0.0792133 0.104867 0.0119046
0.10181 0.177156 0.0830078 0.409458 0.0525882 0.157634 0.0182462 9.9991E-05
0.0432494 0.0959008 0.0761578 0.66346 9.9982E-05 0.0242336 9.9982E-05 0.0967982
0.0230012 0.0879531 9.9991E-05 0.48372 0.13547 0.148693 0.0759726 0.0450902
9.9973E-05 0.497759 0.0713362 0.318056 0.0414977 9.9973E-05 9.9973E-05 0.0710505
0.0340673 0.35161 9.9973E-05 0.530768 9.9973E-05 9.9973E-05 0.0278235 0.0554314
0.0463577 0.330353 9.9973E-05 0.472111 9.9973E-05 0.144465 0.00641283 9.9973E-05
9.9973E-05 0.587247 9.9973E-05 0.312369 0.0956451 9.9973E-05 0.00418071 0.000258194
0.107636 0.424872 9.9973E-05 0.396149 9.9973E-05 0.067 0.00404254 9.9973E-05
0.143661 0.0811453 0.00895148 0.501308 9.9982E-05 0.0535208 9.9982E-05 0.211214
0.0354712 0.081954 0.106322 0.165568 0.0293258 0.355208 0.00689193 0.219259
0.060699 9.9982E-05 0.0641942 0.442653 0.0407752 0.297153 0.0943261 9.9982E-05
0.0643013 0.058781 9.9991E-05 0.470233 0.0976348 0.165784 0.0555776 0.0875887
0.109949 0.110951 0.00623011 0.602478 0.0600874 0.0551692 0.0550352 9.9991E-05
0.0390292 9.9973E-05 0.0202104 0.466466 9.9973E-05 0.384428 9.9973E-05 0.0895658
0.0219434 9.9991E-05 0.0289463 0.574214 0.0397446 0.268044 0.0103094 0.0566986
0.0425171 9.9973E-05 9.9973E-05 0.500735 9.9973E-05 0.297419 0.0995058 0.059523
0.0763946 0.162275 0.0493244 0.444972 9.9982E-05 0.130958 9.9982E-05 0.135876
0.0728685 0.0377667 0.0296118 0.584542 0.0375974 0.197865 9.9991E-05 0.0396488
0.0423082 0.0976094 0.00109993 0.621679 9.9982E-05 0.215149 9.9982E-05 0.0219551
9.9964E-05 0.014906 9.9964E-05 0.543841 9.9964E-05 0.339784 0.101069 9.9964E-05
9.9982E-05 0.0685646 9.9982E-05 0.573749 0.0737639 0.125377 0.0726639 0.0856814
0.0728179 9.9991E-05 0.036868 0.499141 0.0812521 0.10301 0.0993358 0.107476
9.9982E-05 0.0852882 9.9982E-05 0.538648 0.0593724 0.217626 0.00966174 0.0892035
0.0910763 0.0243097 0.0975989 0.52898 0.00196979 0.182221 9.9991E-05 0.073745
9.9982E-05 0.0603547 0.0307609 0.568507 0.0925944 0.173355 0.0742287 9.9982E-05
0.0459001 9.9982E-05 0.179313 0.351824 0.0297074 0.360041 9.9982E-05 0.0330148
0.00971743 0.065553 9.9982E-05 0.57102 0.104835 0.191417 0.0572588 9.9982E-05
9.9973E-05 9.9973E-05 0.065135 0.659429 9.9973E-05 0.1122 0.0139183 0.149019
0.0140707 0.169163 0.0282754 0.181881 0.106593 0.47584 9.9991E-05 0.0240765
0.0252041 0.0579543 0.198389 0.184597 0.0350734 0.33233 0.0497093 0.116743
0.00703265 0.149532 0.0376348 0.424289 0.08682 0.234988 0.059604 9.9991E-05
9.9982E-05 0.141772 0.167143 0.134474 9.9982E-05 0.239822 0.0792099 0.23738
0.0430189 0.0440564 0.00849436 0.235978 9.9982E-05 0.561825 9.9982E-05 0.106428
0.0313264 0.0730285 0.0819052 0.458071 9.9982E-05 0.330258 0.0252105 9.9982E-05
0.0080255 0.204517 9.9973E-05 0.318452 9.9973E-05 0.416961 0.0517448 9.9973E-05
0.00352292 0.121605 0.0292682 0.229776 9.9991E-05 0.544541 0.0141796 0.057008
0.023887 0.09606 0.0976224 0.654636 9.9982E-05 0.041756 0.0858388 9.9982E-05
0.127791 0.134752 9.9991E-05 0.496224 0.126286 0.110404 0.00312775 0.00131463
0.0444807 0.0532652 9.9982E-05 0.55469 0.0613615 0.170675 9.9982E-05 0.115328
9.9991E-05 0.0687447 0.300884 0.115557 0.0313395 0.434008 0.00555732 0.0438094
0.239851 0.215367 9.9982E-05 0.485207 0.0045177 0.0171657 9.9982E-05 0.0376916
0.0472704 0.0842924 0.19376 0.521048 0.00767265 0.0787415 0.00988337 0.0573311
0.0678559 0.110331 0.450278 0.0475515 9.9991E-05 0.129389 0.0686193 0.125875
0.127715 0.0719856 0.0726942 0.650738 0.0422473 0.0278773 9.9991E-05 0.00664255
0.0933697 0.176153 0.203511 0.364153 0.0158213 9.9991E-05 0.0327089 0.114183
0.0943578 0.116974 0.0608999 0.484531 0.116367 0.00234671 0.0194987 0.105025
0.0550233 0.0487133 0.449978 0.283458 9.9991E-05 0.0149569 0.122372 0.0253995
0.0274187 0.082224 0.383856 0.224896 9.9991E-05 0.130797 0.0491554 0.101553
9.9973E-05 0.0640051 0.217948 0.460936 9.9973E-05 9.9973E-05 0.147299 0.109512
0.15773 9.9982E-05 0.150556 0.547178 9.9982E-05 0.0682816 0.00722155 0.0688338
0.143722 9.9982E-05 0.0974503 0.417859 9.9982E-05 0.161918 0.0158701 0.162981
0.00839829 0.185642 0.387065 9.9982E-05 0.161307 0.132941 9.9982E-05 0.124447
0.0817386 0.0924464 0.0644906 0.542222 0.052033 0.0261992 0.00324631 0.137624
9.9973E-05 0.147544 0.368172 0.311237 9.9973E-05 0.158225 0.014522 9.9973E-05
9.9982E-05 0.0529992 0.226401 0.517822 9.9982E-05 0.121981 0.0107631 0.0698337
0.100893 0.221173 0.0488294 0.504916 0.0666593 9.9991E-05 0.0300087 0.0274201
0.306971 9.9973E-05 0.248968 0.155446 0.258988 0.0293272 9.9973E-05 9.9973E-05
0.469258 9.9955E-05 0.375255 9.9955E-05 0.154988 9.9955E-05 9.9955E-05 9.9955E-05
0.372608 9.9955E-05 0.483998 9.9955E-05 0.142894 9.9955E-05 9.9955E-05 9.9955E-05
0.360903 9.9973E-05 0.182543 0.0952661 0.307907 0.053081 9.9973E-05 9.9973E-05
9.9955E-05 0.104528 0.266739 0.628234 9.9955E-05 9.9955E-05 9.9955E-05 9.9955E-05
0.0642229 0.0549657 0.0325921 0.566888 0.0397224 0.06914 0.0465771 0.125892
9.9955E-05 9.9955E-05 9.9955E-05 0.312374 0.643537 0.0435884 9.9955E-05 9.9955E-05
0.0366069 0.0353949 9.9973E-05 0.285773 0.406278 0.235647 9.9973E-05 9.9973E-05
0.0652513 0.0682902 0.00080816 0.331991 0.364404 0.0811527 9.9991E-05 0.0880028
9.9982E-05 0.171789 0.357107 0.315604 9.9982E-05 0.0260078 0.0119774 0.117314
0.0597593 0.196461 0.0312288 0.366174 0.122691 0.0433037 0.0400651 0.140318
9.9973E-05 0.116791 0.512459 0.211861 9.9973E-05 0.0225537 9.9973E-05 0.136036
9.9973E-05 0.0841792 0.0985636 0.621874 9.9973E-05 9.9973E-05 0.122864 0.0722193
0.0231617 0.0196555 0.223615 0.459552 9.9991E-05 0.111664 0.0257151 0.136536
0.0194575 0.0740881 0.18917 0.619411 9.9973E-05 9.9973E-05 0.0975743 9.9973E-05
9.9982E-05 0.131432 0.511829 0.204359 9.9982E-05 0.0688064 0.0269567 0.0564173
0.0274367 0.0117235 0.130623 0.721941 0.0101793 0.0689576 0.0290384 9.9991E-05
0.049316 0.136535 0.0522233 0.4792 0.0652776 0.0303296 0.0300991 0.15702
9.9964E-05 0.011436 9.9964E-05 0.0236665 0.925757 9.9964E-05 9.9964E-05 0.038741
9.9946E-05 9.9946E-05 9.9946E-05 0.121826 0.877574 9.9946E-05 9.9946E-05 9.9946E-05
9.9991E-05 0.102538 0.0050106 0.162527 0.583279 0.115155 0.00568133 0.0257094
9.9955E-05 9.9955E-05 9.9955E-05 0.328396 0.669443 9.9955E-05 9.9955E-05 0.00166145
0.00628115 0.0364347 9.9982E-05 0.111306 0.793636 0.0271346 0.0250074 9.9982E-05
9.9946E-05 9.9946E-05 9.9946E-05 9.9946E-05 0.990251 9.9946E-05 0.00914889 9.9946E-05
9.9946E-05 9.9946E-05 9.9946E-05 9.9946E-05 0.961099 9.9946E-05 0.0383014 9.9946E-05
9.9946E-05 9.9946E-05 9.9946E-05 0.159453 0.839947 9.9946E-05 9.9946E-05 9.9946E-05
9.9955E-05 9.9955E-05 9.9955E-05 9.9955E-05 0.931402 0.0144635 0.0536344 9.9955E-05
9.994E-05 9.994E-05 9.994E-05 9.994E-05 0.9993 9.994E-05 9.994E-05 9.994E-05
9.994E-05 9.994E-05 9.994E-05 9.994E-05 0.9993 9.994E-05 9.994E-05 9.994E-05
0.0289252 0.0122565 9.9982E-05 0.196661 0.711659 0.00127119 0.049027 9.9982E-05
0.0359154 0.0667107 9.9982E-05 0.0349242 0.840525 0.00414011 0.0175843 9.9982E-05
9.9964E-05 0.0187908 9.9964E-05 9.9964E-05 0.963052 0.00556223 0.0121949 9.9964E-05
0.0351283 0.0916456 0.10049 0.413382 0.327267 9.9982E-05 0.0318869 9.9982E-05
9.9991E-05 0.012073 0.032364 0.189539 0.667647 0.0472682 0.033623 0.0173854
0.0527182 9.9982E-05 0.0182551 0.232338 0.682022 0.00155908 0.0129075 9.9982E-05
0.0110932 9.9964E-05 9.9964E-05 0.0327962 0.884754 0.0709565 9.9964E-05 9.9964E-05
9.9946E-05 9.9946E-05 9.9946E-05 0.0239274 0.975473 9.9946E-05 9.9946E-05 9.9946E-05
0.0538359 9.9973E-05 9.9973E-05 0.109466 0.825556 9.9973E-05 0.000137212 0.0107053
9.994E-05 9.994E-05 9.994E-05 9.994E-05 0.9993 9.994E-05 9.994E-05 9.994E-05
0.0939774 9.9973E-05 9.9973E-05 0.209708 0.568171 0.0990145 9.9973E-05 0.0288296
9.9973E-05 9.9973E-05 9.9973E-05 0.0105227 0.899908 0.0612978 0.0248614 0.00311048
0.256603 0.00879976 0.616967 9.9973E-05 0.0339042 9.9973E-05 9.9973E-05 0.0834253
0.157552 9.9982E-05 0.255233 0.453243 0.0530454 0.00473694 0.0759902 9.9982E-05
0.156605 0.0645487 0.217519 0.468271 0.0504024 0.00931044 0.0265804 0.00676292
0.137086 0.0171706 0.498062 0.23706 0.0654953 9.9982E-05 9.9982E-05 0.0449262
0.0576858 0.0300558 0.165846 0.457035 0.14854 0.0407146 0.100023 9.9991E-05
0.230639 0.102556 0.408476 0.189097 0.0689327 9.9973E-05 9.9973E-05 9.9973E-05
0.126382 0.114611 0.143073 0.357757 0.138649 9.9991E-05 0.100861 0.0185676
0.0808022 0.13306 0.33232 0.232731 0.201356 9.9982E-05 0.0195302 9.9982E-05
0.128913 9.9982E-05 0.159764 0.436535 0.148374 9.9982E-05 0.0525287 0.073685
0.170949 9.9973E-05 0.313052 0.376823 0.135845 9.9973E-05 9.9973E-05 0.0030315
0.19192 0.096719 0.152652 0.431479 0.0693616 0.0512144 9.9991E-05 0.0065539
0.767923 9.9982E-05 0.0433599 0.0551752 9.9982E-05 0.00557236 0.120527 0.00724249
0.926157 0.0228979 9.9964E-05 9.9964E-05 0.0445832 0.00596173 9.9964E-05 9.9964E-05
0.933459 0.000640432 0.0252822 9.9964E-05 9.9964E-05 0.0402186 9.9964E-05 9.9964E-05
0.910669 0.0153545 0.00778247 0.00718269 9.9973E-05 9.9973E-05 0.0587115 9.9973E-05
0.885896 9.9973E-05 0.0141468 0.0379886 9.9973E-05 0.0499849 0.0116836 9.9973E-05
0.86788 9.9964E-05 0.0261379 9.9964E-05 0.0847774 9.9964E-05 9.9964E-05 0.0208052
0.870359 9.9964E-05 9.9964E-05 0.031231 0.0823546 9.9964E-05 0.0156556 9.9964E-05
0.88972 9.9973E-05 0.0201505 0.000408193 9.9973E-05 9.9973E-05 0.0222851 0.0671361
0.878053 0.100359 9.9955E-05 9.9955E-05 0.021089 9.9955E-05 9.9955E-05 9.9955E-05
0.791385 9.9973E-05 0.0704438 0.00895442 0.0990469 0.0298704 9.9973E-05 9.9973E-05
0.624032 0.107432 9.9973E-05 9.9973E-05 9.9973E-05 0.172296 0.0758522 0.0200874
0.565447 0.0435712 9.9982E-05 9.9982E-05 0.0116226 0.158118 0.209349 0.0116922
0.503251 9.9964E-05 0.122827 9.9964E-05 9.9964E-05 0.361708 9.9964E-05 0.0118138
0.471965 0.168307 0.0577582 9.9982E-05 9.9982E-05 0.194282 0.0872444 0.020244
0.0579719 0.20421 0.012352 0.51888 9.9982E-05 0.154671 9.9982E-05 0.0517154
0.0764209 0.207021 9.9982E-05 0.562094 9.9982E-05 0.0173064 0.0557651 0.0811926
0.0220237 0.112116 9.9991E-05 0.502036 0.071695 0.193874 0.0759449 0.0222104
0.0697761 0.242965 0.0117203 0.361886 9.9991E-05 0.262614 0.0407845 0.0101544
9.9982E-05 0.160244 9.9982E-05 0.0876061 0.0350022 0.570098 0.135236 0.0116139
0.0352721 0.215403 9.9991E-05 0.642038 0.0146192 0.0497843 0.000226144 0.0425577
9.9973E-05 0.309866 9.9973E-05 0.555214 0.00546163 0.115426 9.9973E-05 0.013733
9.9982E-05 0.30544 0.00304964 0.486476 9.9982E-05 0.144179 0.0451517 0.0155033
9.9982E-05 0.525144 0.0293733 0.332342 0.0546614 9.9982E-05 0.0155484 0.042731
0.0507095 0.108423 9.9991E-05 0.609124 0.0127506 0.0191625 0.0501747 0.149556
9.9973E-05 0.399759 9.9973E-05 0.415907 9.9973E-05 0.062703 0.0668876 0.0544437
9.9964E-05 0.742772 0.0579845 9.9964E-05 9.9964E-05 0.0296984 9.9964E-05 0.169145
0.0400241 0.267659 9.9991E-05 0.402288 0.067676 0.0722839 0.120529 0.0294405
9.9982E-05 0.435604 0.120584 0.20428 9.9982E-05 0.0150737 0.00616733 0.218092
9.9964E-05 0.307712 0.075218 0.52513 9.9964E-05 9.9964E-05 9.9964E-05 0.0915405
9.9973E-05 0.64614 9.9973E-05 0.0902802 9.9973E-05 0.203294 0.0220027 0.0379825
0.0255534 9.9955E-05 0.0868399 9.9955E-05 9.9955E-05 9.9955E-05 0.887107 9.9955E-05
9.9946E-05 9.9946E-05 9.9946E-05 9.9946E-05 0.0119251 9.9946E-05 0.987475 9.9946E-05
9.994E-05 9.994E-05 9.994E-05 9.994E-05 9.994E-05 9.994E-05 0.9993 9.994E-05
0.0428851 0.00582217 9.9964E-05 9.9964E-05 9.9964E-05 9.9964E-05 0.936829 0.0140638
9.9955E-05 9.9955E-05 9.9955E-05 9.9955E-05 0.0376072 0.0406208 0.921272 9.9955E-05
9.9955E-05 9.9955E-05 9.9955E-05 0.0424704 0.0252339 9.9955E-05 0.931796 9.9955E-05
0.814238 0.0550547 9.9982E-05 0.0543253 0.0365386 9.9982E-05 0.0197165 0.0199275
0.824298 9.9964E-05 9.9964E-05 0.0589873 0.0257375 0.0905775 9.9964E-05 9.9964E-05
0.744283 9.9982E-05 0.0108298 0.117603 0.103173 9.9982E-05 0.0171919 0.0067199
0.734343 9.9973E-05 0.00487341 9.9973E-05 0.138759 0.101271 0.0204539 9.9973E-05
0.806934 9.9973E-05 0.0287952 0.0790971 0.0542625 0.0306114 9.9973E-05 9.9973E-05
0.352527 9.9964E-05 0.14036 9.9964E-05 9.9964E-05 0.256337 0.250377 9.9964E-05
0.437069 0.0120974 0.0597966 9.9982E-05 9.9982E-05 0.119721 0.295177 0.0759393
0.400676 0.0291163 9.9973E-05 9.9973E-05 9.9973E-05 0.221053 0.264237 0.084618
0.795266 9.9946E-05 9.9946E-05 0.204134 9.9946E-05 9.9946E-05 9.9946E-05 9.9946E-05
0.342076 0.0548957 0.0520229 9.9973E-05 9.9973E-05 0.160735 0.38997 9.9973E-05
0.218798 9.9973E-05 0.138138 0.298289 0.320391 0.0240841 9.9973E-05 9.9973E-05
0.105561 9.9973E-05 0.0946359 0.531994 0.221014 9.9973E-05 0.0464962 9.9973E-05
0.20841 9.9955E-05 9.9955E-05 0.543082 0.248007 9.9955E-05 9.9955E-05 9.9955E-05
0.244394 0.0299065 0.125161 0.306177 0.265992 9.9982E-05 0.0281693 9.9982E-05
0.191213 0.129762 0.075425 0.468352 0.0940513 9.9982E-05 9.9982E-05 0.040996
0.37791 9.9955E-05 0.305445 9.9955E-05 0.316145 9.9955E-05 9.9955E-05 9.9955E-05
9.9982E-05 0.0524615 0.0430016 0.438877 9.9982E-05 0.304872 0.114892 0.0456967
9.9991E-05 0.0625803 0.0865772 0.301045 0.0481817 0.264363 0.0133879 0.223765
0.076296 9.9964E-05 9.9964E-05 0.281251 9.9964E-05 0.551601 9.9964E-05 0.0904525
9.9982E-05 0.0987052 0.0300924 0.476825 9.9982E-05 0.144202 0.0174527 0.232522
9.9964E-05 0.186854 0.282366 9.9964E-05 9.9964E-05 0.180493 9.9964E-05 0.349887
0.136481 9.9982E-05 0.0414979 0.507297 0.0126069 0.191151 9.9982E-05 0.110766
0.0873929 0.0788047 0.0142878 0.518974 9.9991E-05 0.14726 0.00124807 0.151933
0.0464527 0.0947456 9.9973E-05 0.310294 9.9973E-05 0.504719 9.9973E-05 0.0434886
0.0793861 0.120005 9.9982E-05 0.523916 0.0953712 0.158215 0.0229068 9.9982E-05
9.9973E-05 0.151343 0.309593 0.0744538 9.9973E-05 0.353562 9.9973E-05 0.110749
0.00516433 9.9991E-05 0.145239 0.501903 0.00888122 0.125997 0.0898702 0.122846
9.9991E-05 0.0739136 0.0571388 0.495208 0.0493068 0.215715 0.0677383 0.0408793
0.119669 0.143327 0.119098 0.353829 0.171345 0.0721762 0.0204555 9.9991E-05
9.9982E-05 0.0276725 0.0984922 0.39255 9.9982E-05 0.299513 0.00548012 0.176092
0.0186083 0.0341715 9.9982E-05 0.520275 9.9982E-05 0.250599 0.107847 0.0682993
9.9982E-05 0.0160986 0.0833794 0.431021 0.105019 0.196038 9.9982E-05 0.168244
0.0107767 0.0689348 0.0571596 0.523473 9.9991E-05 0.201575 0.0288735 0.109107
0.0663653 0.159472 9.9991E-05 0.60927 0.101293 0.0245836 0.0199348 0.0189815
0.0418309 0.108787 0.0610372 0.451829 0.130726 0.180181 0.0255098 9.9991E-05
0.0501987 0.0847639 9.9991E-05 0.559136 0.0663993 0.204717 0.00422531 0.0304599
0.776689 0.000304131 9.9973E-05 0.113395 0.0893618 9.9973E-05 9.9973E-05 0.0199497
0.811374 0.0126918 0.0274857 0.0660122 0.0506042 9.9982E-05 9.9982E-05 0.031632
0.741569 9.9973E-05 0.111032 0.089111 9.9973E-05 0.0218251 0.0361631 9.9973E-05
0.780183 0.059028 9.9973E-05 9.9973E-05 0.0731215 9.9973E-05 0.0479269 0.039441
0.843893 9.9964E-05 9.9964E-05 0.108384 9.9964E-05 0.00032039 9.9964E-05 0.047002
0.0182038 9.9973E-05 0.0568059 0.196834 0.017556 0.710301 9.9973E-05 9.9973E-05
0.0432881 0.086583 0.0155009 0.449701 0.00666737 0.196412 9.9991E-05 0.201749
0.175895 0.104263 0.123328 0.368675 0.193034 9.9991E-05 0.0272821 0.00742247
0.0126748 9.9973E-05 0.0321712 0.661971 0.0522084 0.240675 9.9973E-05 9.9973E-05
0.0139162 0.101152 9.9973E-05 0.488103 9.9973E-05 0.324534 9.9973E-05 0.0719944
9.9982E-05 9.9982E-05 0.200672 0.307068 0.0210017 0.358629 0.0151508 0.0972787
0.0954221 0.0379151 0.161626 9.9964E-05 9.9964E-05 0.704637 9.9964E-05 9.9964E-05
9.9973E-05 9.9973E-05 9.9973E-05 0.524233 0.00799833 0.300366 0.117565 0.0495377
0.0506756 0.0532248 9.9991E-05 0.0532464 0.0783215 0.446866 0.129519 0.188047
0.0615145 0.0776345 0.0852277 0.376451 0.0293141 0.160472 0.0609354 0.148451
0.124514 9.9982E-05 0.0505089 0.117314 9.9982E-05 0.576784 0.0141505 0.116529
0.103889 0.0547004 0.0167822 0.57106 0.0197152 0.233653 9.9982E-05 9.9982E-05
0.0704618 0.0907583 0.0302813 0.168125 9.9982E-05 0.594076 0.0460973 9.9982E-05
0.0125091 0.093977 0.150827 0.308169 0.0896923 0.281698 0.0450542 0.0180741
0.100758 0.0116294 0.163119 0.501325 9.9991E-05 0.00153314 0.0890575 0.132479
9.9973E-05 9.9973E-05 0.419309 0.298346 9.9973E-05 0.0699515 0.148849 0.0632444
0.0216596 9.9973E-05 0.270458 0.528714 9.9973E-05 0.0817474 0.0971211 9.9973E-05
0.0855469 0.04159 0.166106 0.552866 9.9982E-05 0.0666164 9.9982E-05 0.0870747
9.9973E-05 0.0652943 0.397558 0.361534 9.9973E-05 9.9973E-05 0.0961103 0.0792039
0.0902323 0.179624 0.133441 0.452591 0.0929399 0.0182142 0.0328585 9.9991E-05
9.9973E-05 0.0887265 0.193835 0.484715 9.9973E-05 9.9973E-05 0.0947215 0.137702
9.9973E-05 0.160327 0.478722 0.0748853 9.9973E-05 9.9973E-05 0.097687 0.188079
9.9964E-05 0.0848856 0.587512 0.24828 9.9964E-05 9.9964E-05 0.078922 9.9964E-05
9.9982E-05 0.0166291 0.359136 0.500859 0.0125929 9.9982E-05 0.070605 0.0399777
9.9982E-05 0.137723 0.441399 0.169833 9.9982E-05 0.0547135 0.118017 0.0781144
9.9973E-05 0.149207 0.223048 0.483071 9.9973E-05 0.0576214 0.0867522 9.9973E-05
0.0212705 0.128424 0.0588758 0.100185 0.0211759 0.669869 9.9982E-05 9.9982E-05
9.9973E-05 0.116089 9.9973E-05 0.19842 0.00731699 0.314986 9.9973E-05 0.362889
0.00841461 0.0998094 0.00356796 0.292652 0.101509 0.486095 0.00564567 0.00230664
0.0252245 9.9982E-05 0.0125623 0.645337 0.0778266 0.176262 0.0625873 9.9982E-05
9.9973E-05 0.212357 9.9973E-05 0.20037 9.9973E-05 0.488846 0.0482827 0.0498445
0.00158555 9.9991E-05 0.114412 0.385115 0.103035 0.168976 0.0880868 0.138691
0.0751948 0.00289574 9.9991E-05 0.517523 0.0755349 0.165937 0.102684 0.0601299
0.0184102 0.201335 0.0630858 0.432868 0.00851743 0.226497 9.9991E-05 0.0491854
0.0335767 0.0746198 9.9991E-05 0.469499 0.0406282 0.208806 0.0537644 0.119006
0.00389313 0.15116 9.9991E-05 0.400329 0.0682021 0.346638 0.0259662 0.00371149
9.9982E-05 0.183523 9.9982E-05 0.208017 0.0634085 0.474889 0.0634517 0.00651036
9.9982E-05 0.0863428 9.9982E-05 0.198007 0.135068 0.481068 0.0818215 0.0174921
9.9982E-05 9.9982E-05 0.00829999 0.578064 0.00123708 0.240149 0.0337995 0.138251
0.0252164 0.00717391 0.0769822 0.599007 0.0258869 0.217428 9.9991E-05 0.0482049
0.0841367 0.0743655 0.106719 0.388832 9.9991E-05 0.211253 0.0394152 0.0951784
9.9973E-05 9.9973E-05 9.9973E-05 0.436918 0.0768087 0.262779 0.0481607 0.175034
0.0357464 9.9973E-05 0.125433 0.361988 0.00195947 0.474573 9.9973E-05 9.9973E-05
0.0414326 0.00913553 0.00863155 0.604091 9.9982E-05 0.271661 9.9982E-05 0.0648478
0.00102202 0.0475006 9.9982E-05 0.495986 0.109196 0.336285 9.9982E-05 0.00981035
0.0249991 9.9991E-05 0.100702 0.496946 0.11548 0.169127 0.0629337 0.0297116
0.33057 0.0431553 0.0887253 0.380951 0.0989897 0.057409 9.9982E-05 9.9982E-05
0.0709069 0.14427 0.077936 0.437002 0.269585 9.9973E-05 9.9973E-05 9.9973E-05
0.111278 0.0651164 0.0340421 0.480082 0.180933 0.105438 0.0149367 0.008174
0.0154299 9.9991E-05 0.0499005 0.574672 0.102542 0.0744345 0.036292 0.146629
0.164395 0.0464131 0.0735587 0.430764 0.192625 0.0514679 9.9991E-05 0.0406766
9.9982E-05 0.0311112 0.136364 0.456432 9.9982E-05 0.205717 0.0175733 0.152603
0.0763849 0.100527 9.9982E-05 0.406075 0.180151 0.15242 9.9982E-05 0.084242
0.255031 0.0771207 0.448995 0.0106166 0.111491 0.0377892 9.9991E-05 0.0588562
0.0531168 0.0780994 0.0584502 0.416748 0.21737 0.100981 0.0148091 0.0604263
0.115703 0.00956541 0.0387254 0.571537 0.107263 0.00975129 0.0821869 0.0652675
0.0624815 0.00362693 0.0578127 0.497541 0.24751 0.093708 9.9991E-05 0.0372204
0.176198 0.0566238 0.206567 0.375545 0.0879439 0.0784616 0.0185607 9.9991E-05
0.18417 9.9973E-05 0.152088 0.542079 0.0629844 0.0583791 9.9973E-05 9.9973E-05
0.115996 9.9982E-05 0.0643357 0.517718 0.194911 0.0204347 9.9982E-05 0.0864047
0.463832 9.9955E-05 0.348257 9.9955E-05 0.187411 9.9955E-05 9.9955E-05 9.9955E-05
0.224738 9.9964E-05 9.9964E-05 0.495938 0.202034 0.07689 9.9964E-05 9.9964E-05
0.190124 9.9973E-05 0.0382178 0.571276 0.186881 9.9973E-05 0.0132014 9.9973E-05
0.0706143 0.0726074 0.0685914 0.580894 0.104662 0.0361436 9.9991E-05 0.0663877
0.203827 9.9964E-05 0.0723428 0.559527 0.163903 9.9964E-05 9.9964E-05 9.9964E-05
0.186023 9.9991E-05 0.0763899 0.476345 0.186088 0.0709669 0.00305676 0.00103135
0.0346162 0.132688 9.9982E-05 0.341184 0.0590953 9.9982E-05 0.0302545 0.401962
0.132522 0.0917984 0.0178417 0.496724 9.9982E-05 9.9982E-05 0.0246529 0.236261
9.9955E-05 9.9955E-05 0.0215506 9.9955E-05 9.9955E-05 0.127625 9.9955E-05 0.850324
0.0226765 9.9973E-05 0.0763951 9.9973E-05 9.9973E-05 0.0597001 0.0104004 0.830528
0.0694587 9.9982E-05 9.9982E-05 0.417853 0.110244 0.0778458 0.00705339 0.317345
0.107207 9.9982E-05 0.163704 0.368001 0.254331 0.0189161 9.9982E-05 0.0876418
0.137159 9.9973E-05 0.0103908 0.327255 0.298161 9.9973E-05 9.9973E-05 0.226734
0.198532 9.9973E-05 0.0862768 0.140651 0.273724 9.9973E-05 9.9973E-05 0.300516
0.125178 9.9982E-05 0.0546755 0.280911 0.288322 0.00261866 9.9982E-05 0.248095
0.0842775 9.9973E-05 0.13564 0.0592617 0.0729147 9.9973E-05 9.9973E-05 0.647607
0.122496 9.9964E-05 9.9964E-05 0.0674057 0.115262 9.9964E-05 9.9964E-05 0.694436
0.0216977 9.9973E-05 9.9973E-05 0.523027 0.0988832 9.9973E-05 0.040194 0.315898
0.02661 9.9973E-05 9.9973E-05 0.394646 0.112884 9.9973E-05 0.00505004 0.46051
0.0872928 9.9964E-05 9.9964E-05 0.070936 0.106447 9.9964E-05 9.9964E-05 0.734924
0.0306135 9.9991E-05 0.0341453 0.476264 0.0800999 0.0766329 0.0162835 0.28586
9.9973E-05 0.0103652 9.9973E-05 0.475653 0.105961 0.029141 9.9973E-05 0.37858
0.0751649 0.0500745 0.0188662 0.392271 0.178738 0.145512 0.014861 0.124513
9.9973E-05 0.0268994 9.9973E-05 0.314235 9.9973E-05 0.0420762 0.0907714 0.525718
0.0192292 0.0416817 9.9982E-05 0.325003 0.0217098 0.107035 9.9982E-05 0.485141
0.0110624 0.00564511 0.0178233 0.48531 0.0573453 9.9991E-05 0.11173 0.310984
0.0714644 0.0142926 0.0504626 0.355937 0.0629795 0.0939114 9.9991E-05 0.350852
0.100051 0.114951 0.124117 0.244869 0.127777 0.108012 0.0663425 0.113881
9.9982E-05 0.0589216 0.0493647 0.432634 9.9982E-05 0.0252521 0.00636214 0.427266
9.9973E-05 0.00536677 0.0564047 0.219652 9.9973E-05 9.9973E-05 0.0794652 0.638812
0.064033 0.0183868 9.9964E-05 0.547642 9.9964E-05 9.9964E-05 9.9964E-05 0.369538
9.9964E-05 0.033218 9.9964E-05 0.151897 9.9964E-05 0.0733654 9.9964E-05 0.74112
0.0308891 9.9955E-05 9.9955E-05 0.38058 9.9955E-05 9.9955E-05 9.9955E-05 0.588031
0.0722558 0.0477355 9.9982E-05 0.508797 0.0856949 9.9982E-05 0.0533363 0.23198
0.0718437 9.9964E-05 9.9964E-05 0.443074 9.9964E-05 0.0794783 9.9964E-05 0.405204
0.127428 9.9982E-05 0.119649 0.550442 0.0925569 0.0536782 9.9982E-05 0.0560466
0.0574724 0.020016 0.0456563 0.325246 0.190662 9.9991E-05 0.118658 0.24219
0.144641 0.0232948 0.186034 0.429066 0.185287 9.9982E-05 0.0314778 9.9982E-05
0.15175 9.9991E-05 0.140536 0.339061 0.180436 0.0312777 0.0996052 0.0572344
0.166328 0.0969199 0.0789997 0.41781 0.127384 0.000458099 0.112 9.9991E-05
0.191267 0.0122851 0.0539384 0.434523 0.141397 9.9991E-05 0.0291121 0.137378
0.191345 9.9973E-05 0.0675584 9.9973E-05 0.115059 9.9973E-05 0.00726554 0.618472
0.0690972 9.9973E-05 9.9973E-05 0.566501 0.184998 9.9973E-05 0.0404949 0.138609
0.345244 9.9964E-05 0.143833 9.9964E-05 0.101127 9.9964E-05 9.9964E-05 0.409396
0.0597527 9.9973E-05 9.9973E-05 0.45796 0.154229 9.9973E-05 0.00688927 0.320868
9.9955E-05 0.175092 9.9955E-05 0.0195376 9.9955E-05 9.9955E-05 9.9955E-05 0.804871
9.9955E-05 0.0709119 9.9955E-05 9.9955E-05 9.9955E-05 0.0312847 9.9955E-05 0.897304
9.9964E-05 0.0174058 9.9964E-05 0.482847 9.9964E-05 0.0635572 9.9964E-05 0.43579
0.0206457 9.9964E-05 9.9964E-05 0.557955 0.0447051 9.9964E-05 9.9964E-05 0.376294
9.9964E-05 0.0102569 9.9964E-05 0.373389 9.9964E-05 0.0456916 9.9964E-05 0.570262
0.024211 0.00910981 9.9973E-05 0.460147 9.9973E-05 9.9973E-05 0.018032 0.488201
9.9955E-05 9.9955E-05 9.9955E-05 0.465206 9.9955E-05 9.9955E-05 0.00346572 0.530828
0.805942 9.9973E-05 9.9973E-05 0.0242483 0.0506605 9.9973E-05 0.0121188 0.106731
0.686815 9.9973E-05 9.9973E-05 9.9973E-05 0.140435 0.0719089 0.0563842 0.0441578
0.894246 9.9955E-05 9.9955E-05 9.9955E-05 0.0540063 0.0512481 9.9955E-05 9.9955E-05
0.941219 9.9955E-05 9.9955E-05 0.028987 9.9955E-05 9.9955E-05 9.9955E-05 0.0292946
0.0535848 0.364274 9.9982E-05 0.412166 0.0716241 0.0388869 9.9982E-05 0.0592636
0.111741 0.30874 9.9982E-05 0.448015 0.0380223 0.0668566 0.026426 9.9982E-05
9.9964E-05 0.441111 9.9964E-05 0.46871 9.9964E-05 0.0878729 0.00190688 9.9964E-05
0.102305 0.203053 0.0646327 0.586749 9.9982E-05 9.9982E-05 0.0108698 0.0321912
0.072617 0.191841 0.0874805 0.519136 0.0200193 0.0266309 0.0660466 0.0162292
9.9991E-05 0.465176 0.0877748 0.263004 0.0266407 0.0782208 0.0550838 0.0239998
9.9964E-05 0.388631 9.9964E-05 0.565117 9.9964E-05 9.9964E-05 0.0311962 0.0146561
9.9964E-05 0.451225 0.11003 0.336951 9.9964E-05 9.9964E-05 9.9964E-05 0.101395
0.239737 9.9982E-05 0.0283044 0.548809 0.101254 9.9982E-05 0.0338479 0.0478483
9.9982E-05 0.399298 0.0409967 0.267469 0.141626 0.0479671 9.9982E-05 0.102444
0.00185551 0.51337 9.9973E-05 0.348875 9.9973E-05 0.0942812 0.0413182 9.9973E-05
9.9973E-05 0.305362 9.9973E-05 0.532675 9.9973E-05 0.0297603 0.008716 0.123186
0.0752596 0.412763 9.9973E-05 0.371456 9.9973E-05 0.047242 9.9973E-05 0.0929796
9.9982E-05 0.374674 0.00384105 0.526103 0.0327377 9.9982E-05 0.00279949 0.0596454
0.0527038 0.289529 9.9973E-05 0.563788 0.0262966 9.9973E-05 0.0673832 9.9973E-05
9.9955E-05 0.855912 9.9955E-05 0.0322576 9.9955E-05 9.9955E-05 9.9955E-05 0.11133
9.9991E-05 0.522914 0.0913264 0.277598 0.0178262 0.0348112 0.0255151 0.0299098
0.0267288 0.512732 0.0125231 0.370997 9.9991E-05 0.0123092 0.00674532 0.0578648
9.9955E-05 0.826387 0.134254 9.9955E-05 9.9955E-05 9.9955E-05 9.9955E-05 0.0388598
0.0464465 0.316135 9.9991E-05 0.431844 0.0304869 0.0639248 0.0386619 0.0724011
9.9973E-05 0.63675 0.194654 0.094426 9.9973E-05 9.9973E-05 0.0293957 0.0444751
9.9955E-05 0.770519 0.204006 9.9955E-05 9.9955E-05 9.9955E-05 9.9955E-05 0.0249755
0.0638375 0.264268 9.9982E-05 0.524063 0.0187778 9.9982E-05 0.0163378 0.112516
0.03556 0.566162 9.9982E-05 0.221972 0.00509957 0.141426 9.9982E-05 0.0295806
0.030853 0.422255 9.9982E-05 0.37657 0.0547859 0.0902567 0.0250791 9.9982E-05
0.104682 0.219984 0.0303791 0.520047 0.0387634 0.0644776 0.0215666 9.9991E-05
9.9964E-05 0.320472 0.0342993 0.524949 9.9964E-05 0.11988 9.9964E-05 9.9964E-05
9.9982E-05 0.020395 0.166687 0.30605 0.00864007 0.350924 9.9982E-05 0.147104
9.9973E-05 0.250627 9.9973E-05 0.534753 0.0220727 9.9973E-05 0.0918259 0.100422
0.0625876 0.313543 9.9973E-05 0.5072 9.9973E-05 0.0668487 0.0495203 9.9973E-05
9.9964E-05 0.635025 0.0709495 0.287879 9.9964E-05 9.9964E-05 0.00574639 9.9964E-05
0.0772218 0.14944 9.9991E-05 0.467186 0.122197 0.0174837 0.0298403 0.136531
0.630188 0.0191255 0.0588191 9.9982E-05 9.9982E-05 0.218016 0.0691496 0.0045022
0.732686 0.0376673 0.0144681 0.060463 9.9982E-05 0.12119 9.9982E-05 0.0333255
0.790421 9.9964E-05 0.0754149 9.9964E-05 9.9964E-05 0.126813 0.00695042 9.9964E-05
0.797185 0.00420039 0.00426126 9.9982E-05 9.9982E-05 0.0660691 0.105736 0.0223486
0.707137 0.0274129 0.023812 0.01645 9.9982E-05 0.0318241 0.193164 9.9982E-05
0.0435681 0.720606 9.9973E-05 0.0501121 0.0618891 0.123525 9.9973E-05 9.9973E-05
0.0812716 0.594653 0.0398012 0.147583 9.9973E-05 0.136392 9.9973E-05 9.9973E-05
9.9955E-05 0.756591 9.9955E-05 0.158464 9.9955E-05 9.9955E-05 9.9955E-05 0.084445
0.0687324 0.290795 0.0230276 0.46356 0.0432645 0.0604644 9.9991E-05 0.0500554
0.156599 0.227493 0.00149586 0.580743 0.0333686 9.9973E-05 9.9973E-05 9.9973E-05
0.0492435 0.57621 0.00621214 0.242452 0.0597345 0.0414974 9.9991E-05 0.0245503
9.9973E-05 0.271627 9.9973E-05 0.597285 0.0594564 9.9973E-05 0.0189619 0.0523699
0.0168093 0.492829 0.0210454 0.395899 0.0731177 9.9973E-05 9.9973E-05 9.9973E-05
0.0235664 0.318392 0.0484908 0.518433 0.00849116 0.0474807 9.9991E-05 0.0350458
0.0687853 0.255934 0.0590531 0.547448 0.0400559 9.9982E-05 0.0285235 9.9982E-05
9.9973E-05 0.626546 9.9973E-05 0.177403 0.0635511 0.113076 0.0191245 9.9973E-05
0.00777758 0.533037 9.9964E-05 0.387015 9.9964E-05 0.0717709 9.9964E-05 9.9964E-05
9.9955E-05 0.435713 9.9955E-05 0.322666 9.9955E-05 0.24112 9.9955E-05 9.9955E-05
0.108381 0.0292224 0.181764 0.622667 9.9982E-05 0.0276859 0.0300792 9.9982E-05
9.9955E-05 0.566054 9.9955E-05 0.364682 9.9955E-05 0.068764 9.9955E-05 9.9955E-05
0.000103846 0.487004 0.0274291 0.355897 0.111409 0.0179569 9.9982E-05 9.9982E-05
9.9964E-05 0.0340356 0.0894973 0.427468 0.448599 9.9964E-05 9.9964E-05 9.9964E-05
0.149974 9.9982E-05 0.0367562 0.365077 0.347908 9.9982E-05 0.0624045 0.0376802
0.0699603 9.9973E-05 0.0574234 0.372977 0.454104 0.0452356 9.9973E-05 9.9973E-05
0.11587 9.9964E-05 0.104462 0.344668 0.4346 9.9964E-05 9.9964E-05 9.9964E-05
0.198303 9.9973E-05 0.10003 0.482268 0.207872 0.0112266 9.9973E-05 9.9973E-05
0.0106926 0.287062 0.149428 0.505073 0.0474445 9.9973E-05 9.9973E-05 9.9973E-05
0.224154 9.9973E-05 0.0889168 9.9973E-05 0.675347 0.00564993 9.9973E-05 0.00563251
0.140827 0.028188 0.00873898 0.235331 0.497926 0.0159187 9.9991E-05 0.0729706
0.102544 9.9973E-05 0.264636 0.496086 0.117909 9.9973E-05 0.0185251 9.9973E-05
0.112666 9.9973E-05 0.246169 0.622624 9.9973E-05 0.00247637 0.0157648 9.9973E-05
0.0904842 9.9982E-05 0.317289 0.441184 9.9982E-05 0.0835557 0.0470459 0.0202421
0.0324628 0.0510653 0.214749 0.506329 0.0602016 9.9982E-05 0.134993 9.9982E-05
0.0981108 0.0953527 0.160581 0.574748 9.9982E-05 0.0276185 0.0433895 9.9982E-05
0.195579 9.9964E-05 0.00645177 0.335188 0.462381 9.9964E-05 9.9964E-05 9.9964E-05
0.0945111 9.9973E-05 9.9973E-05 0.282116 0.367975 0.182068 9.9973E-05 0.0730299
0.102222 9.9964E-05 9.9964E-05 0.446328 0.447223 0.00382631 9.9964E-05 9.9964E-05
0.089637 9.9973E-05 0.0628834 0.392551 0.28977 0.164859 9.9973E-05 9.9973E-05
0.0989581 0.00433852 0.0693953 0.324196 0.502812 9.9973E-05 9.9973E-05 9.9973E-05
0.161542 0.0575496 9.9973E-05 0.407786 0.305803 9.9973E-05 0.0670199 9.9973E-05
0.120695 0.0249917 9.9973E-05 0.122176 0.62477 9.9973E-05 9.9973E-05 0.107068
0.0123021 9.9982E-05 0.0491664 0.251034 0.478261 0.111252 9.9982E-05 0.0977847
0.0331738 9.9973E-05 0.36848 0.554321 9.9973E-05 0.00666121 0.037064 9.9973E-05
0.127805 0.114436 0.00338097 0.210747 0.388429 9.9982E-05 0.155003 9.9982E-05
0.145042 9.9973E-05 0.0760357 0.112893 0.648241 9.9973E-05 0.0174884 9.9973E-05
0.112084 9.9982E-05 9.9982E-05 0.322588 0.323484 0.189729 0.0228794 0.0290365
0.148296 0.085777 0.262527 0.214698 9.9982E-05 0.112934 0.175567 9.9982E-05
9.9973E-05 0.0220273 0.244667 0.548449 0.0842296 0.100327 9.9973E-05 9.9973E-05
0.151389 0.039024 0.0684026 0.301982 0.337157 0.0509343 0.0510111 9.9991E-05
0.0250832 9.9973E-05 0.214909 0.646617 9.9973E-05 0.0619869 0.0511033 9.9973E-05
0.121173 0.0881748 0.218062 0.498886 9.9973E-05 0.0734051 9.9973E-05 9.9973E-05
0.228909 0.112853 0.0832394 0.328848 0.210007 0.0175303 9.9991E-05 0.0185129
0.236365 0.0416687 9.9982E-05 0.310794 0.253148 0.0673198 9.9982E-05 0.0905049
0.0218122 9.9991E-05 0.146617 0.560766 0.0981256 0.0193491 0.151662 0.00156743
0.150265 0.116974 0.0788305 0.315715 0.312975 9.9982E-05 0.0250408 9.9982E-05
0.0677809 0.00601757 0.0957185 0.340598 0.470156 9.9982E-05 9.9982E-05 0.0195293
0.209031 9.9982E-05 0.0293083 0.170988 0.578488 0.00129372 0.0106918 9.9982E-05
0.08879 0.0649845 0.0824671 0.642232 9.9991E-05 0.0590795 0.0588629 0.00348387
0.0321684 0.124224 0.213309 0.485988 9.9982E-05 0.0133027 0.130808 9.9982E-05
9.9955E-05 9.9955E-05 0.670508 0.216807 9.9955E-05 9.9955E-05 0.112186 9.9955E-05
0.0839263 9.9982E-05 0.0802272 0.565936 0.0946733 0.0279684 0.147069 9.9982E-05
0.14327 0.0757819 0.0456969 0.431084 0.0343479 0.216148 0.0170887 0.0365831
0.204752 0.0804543 0.0878952 0.371957 0.184288 0.0704529 9.9982E-05 9.9982E-05
0.0545585 0.0402947 0.160628 0.495382 0.14479 9.9991E-05 0.0339504 0.0702972
0.224753 9.9955E-05 0.597637 9.9955E-05 0.17711 9.9955E-05 9.9955E-05 9.9955E-05
0.217068 9.9955E-05 0.725701 9.9955E-05 0.0567313 9.9955E-05 9.9955E-05 9.9955E-05
