9.99281E-05 0.141233 0.857968 9.99281E-05 9.99281E-05 9.99281E-05 9.99281E-05 9.99281E-05 9.99281E-05 9.99281E-05
0.00107602 0.0360832 0.935691 9.9955E-05 9.9955E-05 0.00567478 9.9955E-05 0.0209751 9.9955E-05 9.9955E-05
0.0203545 9.9964E-05 0.818191 9.9964E-05 0.0178188 9.9964E-05 0.0443802 0.0778091 0.021047 9.9964E-05
9.9955E-05 0.00201239 0.779806 9.9955E-05 0.0321582 9.9955E-05 0.140103 0.0454212 9.9955E-05 9.9955E-05
9.9946E-05 9.9946E-05 0.895686 0.000466345 9.9946E-05 9.9946E-05 0.102485 0.000763304 9.9946E-05 9.9946E-05
9.9973E-05 0.101098 0.58449 0.228111 0.0233592 9.9973E-05 0.0369616 9.9973E-05 0.0193415 0.00633898
9.9937E-05 0.00951991 0.756417 0.233364 9.9937E-05 9.9937E-05 9.9937E-05 9.9937E-05 9.9937E-05 9.9937E-05
0.0127757 0.0105166 0.702562 0.257732 0.0159135 9.9955E-05 9.9955E-05 9.9955E-05 9.9955E-05 9.9955E-05
9.99549E-05 9.99549E-05 0.808094 9.99549E-05 0.0994202 0.0596891 9.99549E-05 0.0311892 9.99549E-05 0.0011078
9.9946E-05 0.0331221 0.732661 0.221656 9.9946E-05 0.0119618 9.9946E-05 9.9946E-05 9.9946E-05 9.9946E-05
9.9955E-05 0.0290425 0.726158 0.182122 0.0213677 9.9955E-05 0.0408105 9.9955E-05 9.9955E-05 9.9955E-05
0.0365298 9.9946E-05 0.0322548 0.00552662 9.9946E-05 0.925089 9.9946E-05 9.9946E-05 9.9946E-05 9.9946E-05
0.0252547 0.00157021 0.0497055 9.9982E-05 0.0154297 0.420482 0.454827 0.00307461 9.9982E-05 0.0294562
0.0761748 9.9946E-05 9.9946E-05 9.9946E-05 9.9946E-05 0.806135 0.0763241 0.0407659 9.9946E-05 9.9946E-05
0.0801731 0.0588321 0.00924355 9.9955E-05 9.9955E-05 0.770048 0.0812033 9.9955E-05 9.9955E-05 9.9955E-05
0.0427011 0.0985557 0.072758 9.9955E-05 9.9955E-05 0.494559 0.290927 9.9955E-05 9.9955E-05 9.9955E-05
0.0859321 9.9973E-05 9.9973E-05 0.00659974 9.9973E-05 0.376717 0.443416 0.067144 0.00383246 0.0160583
0.0274385 0.00754964 0.0310906 0.0333565 9.9964E-05 0.545833 0.354332 9.9964E-05 9.9964E-05 9.9964E-05
0.00963993 0.0731319 0.0767564 9.9964E-05 9.9964E-05 0.707511 0.100379 0.0321819 9.9964E-05 9.9964E-05
9.9937E-05 9.9937E-05 0.0174976 0.057166 9.9937E-05 0.924637 9.9937E-05 9.9937E-05 9.9937E-05 9.9937E-05
9.9982E-05 0.0139087 0.0244599 0.0123607 9.9982E-05 0.522327 0.330611 0.0401061 0.0347072 0.0213193
0.0422186 9.9973E-05 9.9973E-05 0.0934936 9.9973E-05 0.385526 0.316253 0.0772685 0.0113403 0.0736006
0.0232183 0.0175601 0.0426054 0.0225199 0.00303421 0.288854 0.477227 0.0160961 0.0615576 0.0473279
0.0217086 0.0601942 0.0207049 0.0263817 9.9964E-05 0.827766 0.0428451 9.9964E-05 9.9964E-05 9.9964E-05
0.0380499 0.0498213 0.101556 9.9982E-05 0.0533823 0.0959419 0.605137 0.00102489 9.9982E-05 0.0548872
9.9964E-05 0.0693691 0.0184572 0.00824685 9.9964E-05 0.483773 0.412425 0.00732877 9.9964E-05 9.9964E-05
0.0111284 0.00767859 0.0350579 9.9955E-05 9.9955E-05 0.903058 0.0425769 9.9955E-05 9.9955E-05 9.9955E-05
0.0781952 9.9946E-05 0.0185223 9.9946E-05 9.9946E-05 0.798558 0.104124 9.9946E-05 9.9946E-05 9.9946E-05
9.9937E-05 9.9937E-05 9.9937E-05 0.105415 9.9937E-05 0.866466 0.0274198 9.9937E-05 9.9937E-05 9.9937E-05
0.0288335 9.9937E-05 0.886624 9.9937E-05 9.9937E-05 9.9937E-05 0.0838433 9.9937E-05 9.9937E-05 9.9937E-05
0.015415 9.9946E-05 0.866235 9.9946E-05 9.9946E-05 9.9946E-05 0.103437 9.9946E-05 9.9946E-05 0.0143141
0.0575814 0.0298999 0.7979 9.9955E-05 9.9955E-05 0.00563857 0.10848 9.9955E-05 9.9955E-05 9.9955E-05
0.0354225 0.0638835 0.727239 9.9955E-05 9.9955E-05 9.9955E-05 0.144731 0.0282247 9.9955E-05 9.9955E-05
0.0114123 9.9973E-05 0.0718453 0.148329 0.0241539 0.0744412 0.460623 9.9973E-05 0.208895 9.9973E-05
0.0574537 0.0455664 0.07922 9.9973E-05 0.0558921 0.0688054 0.477762 9.9973E-05 0.215001 9.9973E-05
0.0242166 9.9982E-05 0.0143875 0.000158672 0.0239035 9.9982E-05 0.540319 0.00620129 0.374022 0.0165908
9.9955E-05 9.9955E-05 0.0377058 9.9955E-05 0.157447 0.701365 0.0767555 9.9955E-05 9.9955E-05 0.026226
9.9964E-05 9.9964E-05 9.9964E-05 0.0685899 0.00814607 9.9964E-05 0.302526 0.05879 0.540587 0.0209608
0.0257243 0.0261313 0.08016 9.9973E-05 0.00241559 0.201059 0.501224 9.9973E-05 0.162986 9.9973E-05
9.9964E-05 0.0557407 0.0209341 0.0677469 0.00415656 9.9964E-05 0.685186 9.9964E-05 0.165836 9.9964E-05
9.9955E-05 9.9955E-05 0.0682847 0.351687 9.9955E-05 0.0994629 0.468743 9.9955E-05 0.0113227 9.9955E-05
0.0288352 9.9973E-05 0.0747951 0.174731 0.00217805 0.12225 0.542946 9.9973E-05 0.0539649 9.9973E-05
9.9964E-05 0.00331036 0.0325462 9.9964E-05 0.039851 0.185806 0.133891 9.9964E-05 0.604195 9.9964E-05
9.9955E-05 0.0312802 0.0529145 0.311115 0.0261678 9.9955E-05 0.578023 9.9955E-05 9.9955E-05 9.9955E-05
0.0441478 9.9964E-05 0.088107 0.091803 9.9964E-05 9.9964E-05 0.551358 9.9964E-05 0.18629 0.0378938
0.0282054 9.9973E-05 0.136159 0.091633 9.9973E-05 0.0425021 0.58772 9.9973E-05 0.0985161 0.0149644
9.9946E-05 9.9946E-05 9.9946E-05 9.9946E-05 9.9946E-05 9.9946E-05 0.336185 0.029052 0.57046 0.0637033
9.9964E-05 9.9964E-05 0.123689 9.9964E-05 0.00970455 9.9964E-05 0.604736 0.014271 0.237732 0.00946689
0.0307182 0.0405063 0.11297 0.0405502 0.0576799 0.0234739 0.534512 9.9991E-05 0.152285 0.00720398
9.9955E-05 9.9955E-05 9.9955E-05 0.151806 0.00911513 9.9955E-05 9.9955E-05 0.082419 0.694294 0.061866
9.9964E-05 9.9964E-05 9.9964E-05 0.0326761 0.232907 0.521291 0.0877943 9.9964E-05 0.0427463 0.0821855
9.9973E-05 0.0577437 9.9973E-05 0.0985125 9.9973E-05 0.480758 0.0228067 0.0893241 0.101894 0.148661
0.0520123 0.046751 0.0487888 0.0680125 0.0124087 0.196379 0.448187 0.040883 0.0373314 0.0492463
0.00802694 0.0386469 0.0505529 0.0452702 0.0245784 0.168587 0.561547 0.0587732 0.00829402 0.0357232
0.0470398 0.0308784 0.0594138 0.0795555 0.0336058 0.0819843 0.580742 0.0349826 0.0165519 0.0352455
9.9973E-05 0.00509536 0.0902476 9.9973E-05 0.242465 0.411258 0.145802 0.0246601 0.0801726 9.9973E-05
9.9973E-05 9.9973E-05 0.00983394 9.9973E-05 0.0802085 0.359836 0.485004 0.0225912 0.0230988 0.0191278
0.0257833 9.9991E-05 0.0701257 0.0132681 0.0260479 0.201541 0.538022 0.0336891 0.0703873 0.0210359
9.999E-05 0.0228775 0.0896962 0.0676996 0.0697892 0.316968 0.356597 0.0293405 0.0082339 0.0386981
0.00277264 0.0241044 0.146744 0.0987781 0.10602 0.570526 0.0158264 9.9982E-05 0.0350281 9.9982E-05
0.0404891 9.9982E-05 0.0489664 9.9982E-05 0.101401 0.170231 0.51583 0.0155364 0.0606347 0.0467112
9.9973E-05 0.0488527 0.0639812 9.9973E-05 0.0564291 0.27399 0.438595 9.9973E-05 0.049829 0.0680229
9.9964E-05 9.9964E-05 0.067681 0.0528085 0.115834 0.65414 9.9964E-05 9.9964E-05 0.0546333 0.0545031
9.9955E-05 9.9955E-05 9.9955E-05 9.9955E-05 0.0641096 0.458875 0.359513 9.9955E-05 0.0550984 0.0619041
0.0157862 0.0416769 0.0240164 9.9991E-05 0.0699522 0.127378 0.535934 0.0516161 0.067903 0.0656382
9.9982E-05 0.0728393 0.0895425 0.0381065 0.00285862 0.196183 0.560425 0.00430617 9.9982E-05 0.0355389
0.0563043 9.9991E-05 0.0766535 0.0432223 0.0336573 0.539394 0.160311 0.013795 0.0565197 0.0200429
0.0114584 9.9991E-05 0.0458961 0.0217966 0.041603 0.31341 0.446692 0.0417978 0.0201718 0.0570737
0.00856481 9.9982E-05 0.0354749 9.9982E-05 0.0593842 0.193157 0.536864 0.0817969 0.0224138 0.0621439
9.9973E-05 9.9973E-05 0.026908 9.9973E-05 0.139479 0.605715 0.132766 0.0400359 0.033033 0.0217627
0.0107126 9.9964E-05 0.0106848 9.9964E-05 0.0017004 0.00917147 0.496326 9.9964E-05 0.471004 9.9964E-05
9.9946E-05 9.9946E-05 0.0435056 9.9946E-05 9.9946E-05 0.0672947 0.192228 9.9946E-05 0.696372 9.9946E-05
0.0143443 9.9964E-05 0.147092 9.9964E-05 0.0106661 9.9964E-05 0.537222 9.9964E-05 0.268537 0.0217394
9.9955E-05 0.0400928 9.9955E-05 0.0255082 9.9955E-05 9.9955E-05 9.9955E-05 0.000243612 0.874574 0.0590816
9.9955E-05 0.00830729 9.9955E-05 0.072715 9.9955E-05 0.00882791 9.9955E-05 9.9955E-05 0.856517 0.0531327
9.9946E-05 9.9946E-05 9.9946E-05 9.9946E-05 9.9946E-05 9.9946E-05 0.249115 0.0161963 0.699962 0.0341272
9.9955E-05 9.9955E-05 0.0342021 9.9955E-05 0.0435973 0.0524308 0.503074 9.9955E-05 0.366196 9.9955E-05
9.9973E-05 0.0970456 0.0937689 9.9973E-05 9.9973E-05 0.0477155 0.499415 0.0613918 0.18285 0.0175127
9.9946E-05 9.9946E-05 9.9946E-05 9.9946E-05 9.9946E-05 9.9946E-05 0.517274 0.0202652 0.445236 0.0166254
9.9955E-05 9.9955E-05 0.0513385 9.9955E-05 0.00360453 0.253837 0.144065 9.9955E-05 0.546655 9.9955E-05
9.9955E-05 9.9955E-05 0.012325 9.9955E-05 0.0391658 0.175271 0.258467 9.9955E-05 0.514272 9.9955E-05
0.0524736 0.0317509 0.0512928 0.0114769 0.0202402 0.0895782 0.499827 0.0229165 0.216729 0.00371541
9.9946E-05 9.9946E-05 0.038974 9.9946E-05 9.9946E-05 0.107475 0.347107 9.9946E-05 0.505844 9.9946E-05
0.00346647 9.9973E-05 0.0283923 9.9973E-05 0.0144602 0.0876201 0.449873 9.9973E-05 0.406156 0.00973213
9.9946E-05 9.9946E-05 9.9946E-05 0.0320156 9.9946E-05 9.9946E-05 0.446577 0.0564253 0.464383 9.9946E-05
9.9946E-05 9.9946E-05 9.9946E-05 0.0798171 9.9946E-05 9.9946E-05 9.9946E-05 0.105013 0.712457 0.102113
0.0281172 0.0256269 0.0111553 0.0470651 9.9982E-05 9.9982E-05 0.575867 0.0283663 0.270673 0.0129296
9.9955E-05 9.9955E-05 0.823164 9.9955E-05 0.040328 0.0167088 0.0916386 0.0276607 9.9955E-05 9.9955E-05
9.9946E-05 0.0195519 0.893125 9.9946E-05 9.9946E-05 9.9946E-05 0.0692872 0.0174367 9.9946E-05 9.9946E-05
9.9946E-05 0.100523 0.796482 9.9946E-05 9.9946E-05 9.9946E-05 0.0811103 0.0212847 9.9946E-05 9.9946E-05
0.0521296 9.9946E-05 0.909247 9.9946E-05 9.9946E-05 9.9946E-05 0.0120313 0.0259925 9.9946E-05 9.9946E-05
0.0573111 9.9955E-05 0.92315 9.9955E-05 9.9955E-05 0.00105355 9.9955E-05 9.9955E-05 0.0174865 0.000498948
0.0424905 0.019383 0.849493 0.00323648 9.9964E-05 9.9964E-05 0.0565393 9.9964E-05 9.9964E-05 0.0284576
0.00404932 9.9937E-05 0.910134 9.9937E-05 9.9937E-05 9.9937E-05 0.0851174 9.9937E-05 9.9937E-05 9.9937E-05
9.9982E-05 0.0727949 0.0478647 9.9982E-05 0.0845091 0.0402518 0.565071 0.00735649 0.149389 0.0325625
0.0610416 0.0222466 0.090183 9.9991E-05 0.0635039 0.00168421 0.542259 0.0105298 0.176763 0.0316887
9.9955E-05 9.9955E-05 0.0532929 9.9955E-05 0.0731772 0.182428 0.0474745 9.9955E-05 0.643128 9.9955E-05
9.999E-05 0.0264205 0.0959783 0.0193464 0.0432115 0.000350163 0.587479 0.0229444 0.180686 0.0234831
9.9955E-05 9.9955E-05 0.0450546 9.9955E-05 0.0253172 0.123682 0.369814 9.9955E-05 0.435632 9.9955E-05
9.9946E-05 9.9946E-05 0.0555519 9.9946E-05 0.0516488 9.9946E-05 0.557172 9.9946E-05 0.335027 9.9946E-05
9.9964E-05 0.0290489 0.0174179 0.101392 9.9964E-05 9.9964E-05 0.544333 9.9964E-05 0.274187 0.033221
0.0293993 0.0114029 0.0215845 9.9973E-05 9.9973E-05 0.0499274 0.519034 9.9973E-05 0.342343 0.026009
9.9946E-05 9.9946E-05 0.0528588 9.9946E-05 0.0853901 0.228423 9.9946E-05 9.9946E-05 0.632728 9.9946E-05
0.0283659 9.9991E-05 0.0886035 0.00968555 0.106076 0.00574658 0.531707 0.0308694 0.159573 0.0392732
0.0407383 0.0102788 0.0533074 0.0520875 0.0435994 0.0830323 0.615093 9.9982E-05 0.101663 9.9982E-05
0.031153 9.9973E-05 0.0527592 9.9973E-05 0.0283137 0.117254 0.570104 0.0845286 0.115588 9.9973E-05
0.00785078 9.9973E-05 9.9973E-05 0.133719 9.9973E-05 0.027929 0.269538 0.0342602 0.483871 0.0425328
0.00982125 9.9955E-05 9.9955E-05 9.9955E-05 9.9955E-05 9.9955E-05 0.515495 0.0267503 0.370053 0.0773811
9.9955E-05 9.9955E-05 0.0158818 9.9955E-05 0.01491 0.146828 0.479595 9.9955E-05 0.342285 9.9955E-05
0.00752299 9.9955E-05 9.9955E-05 0.00638902 9.9955E-05 9.9955E-05 0.415646 9.9955E-05 0.506617 0.0633249
9.9955E-05 9.9955E-05 0.0411665 9.9955E-05 0.0494632 0.121071 0.438563 9.9955E-05 0.349236 9.9955E-05
0.0117194 9.9991E-05 0.0876696 0.0177434 0.0454702 0.0228624 0.525374 0.0597299 0.22344 0.00589139
9.9982E-05 0.0369686 9.9982E-05 0.0329094 0.187696 0.226802 0.255682 0.0838614 0.0141386 0.161741
9.9982E-05 0.0280768 0.0583639 0.0984041 0.154437 0.30988 0.327694 9.9982E-05 0.0222396 0.000703814
0.03494 0.0145124 0.0958489 0.0314199 0.0543529 0.119339 0.546378 0.0233912 9.9991E-05 0.0797185
0.00160763 0.0700676 0.0880801 0.0517671 0.0599287 0.0601111 0.577227 0.0489225 0.00687374 0.0354145
9.9964E-05 9.9964E-05 0.0360528 0.0232096 0.143721 0.356528 0.430368 0.00972095 9.9964E-05 9.9964E-05
0.0314682 0.0165764 0.0523187 0.0217876 0.142054 0.114158 0.551173 0.0193149 9.9991E-05 0.0510496
9.9955E-05 9.9955E-05 0.0728459 9.9955E-05 0.208937 0.30052 0.414226 9.9955E-05 9.9955E-05 0.00297143
9.9982E-05 0.0447434 0.0573131 0.0158995 0.129509 0.0761983 0.53582 0.072475 9.9982E-05 0.0678415
0.00965302 0.101419 9.9982E-05 9.9982E-05 0.14406 0.0587142 0.555889 0.0797334 0.026687 0.0236447
9.9982E-05 0.0223593 0.0441181 0.0409685 0.12363 0.198807 0.505943 0.0145335 9.9982E-05 0.0494403
9.9973E-05 9.9973E-05 0.0237953 9.9973E-05 0.122633 0.208885 0.562095 0.0356883 0.0272794 0.0193242
0.0225721 0.0320521 0.0671129 9.9973E-05 0.0536771 0.155958 0.575597 9.9973E-05 9.9973E-05 0.092731
9.9991E-05 0.0996837 0.0517682 0.0713989 0.0781631 0.05758 0.550437 0.0285303 0.0324611 0.0298778
0.0422962 9.9973E-05 9.9973E-05 0.0267071 0.0709322 0.186972 0.557431 0.0316934 9.9973E-05 0.083668
0.0158039 0.0298529 0.0557556 0.0396814 0.0763235 0.132076 0.519861 0.0342006 0.00758546 0.0888592
0.0470366 0.02567 0.00161265 9.9973E-05 0.111259 0.171671 0.531234 9.9973E-05 9.9973E-05 0.111217
9.9991E-05 0.111806 0.0142587 0.107759 0.125774 0.223555 0.242474 0.0740178 0.0117526 0.0885023
0.0187436 9.9973E-05 0.00682516 9.9973E-05 0.123978 0.0691289 0.637276 0.0805817 9.9973E-05 0.0631665
9.9973E-05 0.0171917 0.0344467 0.0353681 0.123716 9.9973E-05 0.688321 0.0546277 9.9973E-05 0.046028
0.0106064 0.015409 9.9973E-05 9.9973E-05 0.217964 0.533841 0.127861 9.9973E-05 0.0741777 0.019842
0.012388 0.027926 9.9991E-05 0.0956704 0.09059 0.361213 0.0558705 0.107362 0.0545774 0.194303
0.00137261 9.9991E-05 0.0957674 0.0277539 0.0863837 0.191091 0.478476 0.0101429 0.0360384 0.0728742
9.9973E-05 9.9973E-05 9.9973E-05 0.0943043 0.122446 0.322747 0.00612895 0.0585555 0.104039 0.291479
9.9946E-05 9.9946E-05 9.9946E-05 9.9946E-05 0.148877 0.589884 0.246304 9.9946E-05 9.9946E-05 0.0143356
9.9964E-05 0.00178211 9.9964E-05 9.9964E-05 0.153762 0.41988 0.365338 9.9964E-05 0.0418167 0.0170212
9.9964E-05 9.9964E-05 0.0207387 9.9964E-05 0.171913 0.426388 0.28394 0.0185572 0.0780627 9.9964E-05
9.9955E-05 9.9955E-05 9.9955E-05 0.0312558 0.158617 0.48119 0.289958 9.9955E-05 9.9955E-05 0.0384791
0.019968 9.9991E-05 0.0183102 0.0664185 0.0428673 0.226867 0.568095 0.032091 0.00148015 0.0238032
0.0275469 0.0915291 0.0956441 0.00897449 0.060585 0.186722 0.488374 9.9982E-05 9.9982E-05 0.0404236
0.0188408 9.9973E-05 0.0225223 9.9973E-05 0.0844679 0.209558 0.571825 9.9973E-05 0.0541755 0.0383105
0.0042199 9.9982E-05 9.9982E-05 0.106675 0.0969515 0.42721 0.109746 0.0400793 0.0353553 0.179563
0.0120621 0.0497612 0.116892 0.0834792 0.0478116 0.124595 0.433219 0.00828124 0.086807 0.0370911
0.0150157 9.9982E-05 0.0335394 0.150789 0.0384497 9.9982E-05 0.490739 0.140025 0.0348839 0.0963582
9.9955E-05 9.9955E-05 9.9955E-05 0.368142 0.0458091 9.9955E-05 9.9955E-05 0.262362 0.157971 0.165217
0.0265274 0.0020674 0.0497215 0.108642 9.9991E-05 0.0790377 0.640251 0.0654561 0.022241 0.00595635
0.00418304 9.9991E-05 0.0519214 0.288825 0.0278741 0.0944392 0.269714 0.103844 0.0552326 0.103867
0.0263951 0.101379 0.0425377 0.132881 0.0453968 0.0308851 0.435165 0.0642247 0.0415192 0.0796164
9.9991E-05 0.0101862 0.00556913 0.37496 0.115014 0.0745737 0.190601 0.154529 0.0350757 0.0393914
9.9982E-05 9.9982E-05 0.00203036 0.424163 0.111002 0.0852012 0.0176905 0.112946 0.127805 0.118962
9.9982E-05 0.0734872 9.9982E-05 0.224332 0.0642966 0.0566045 0.316122 0.0873644 0.105832 0.0717606
0.0624533 9.9991E-05 0.0973233 0.114605 0.0321787 0.0838425 0.461908 0.0406212 0.0760377 0.0309303
9.9991E-05 0.0791305 0.0745741 0.0953044 0.0624466 0.0574076 0.44019 0.091915 0.0314065 0.0675258
0.0387444 0.0107676 9.9982E-05 0.184432 9.9982E-05 0.261557 0.0390354 0.193877 0.127022 0.144364
0.0898875 0.0201987 0.037113 0.1006 0.00721259 0.117741 0.465373 0.0503835 0.0305817 0.0809092
9.9973E-05 9.9973E-05 9.9973E-05 0.388773 0.00765481 0.0637616 0.278976 0.074431 0.0784234 0.10768
9.9973E-05 9.9973E-05 9.9973E-05 0.224634 0.0448123 0.0839528 0.440961 0.0645019 0.0852991 0.0555391
9.9982E-05 0.0765579 0.0448544 0.119518 0.1097 9.9982E-05 0.520807 0.0547534 0.0345023 0.0391067
0.105023 0.231661 0.292362 0.155296 9.9973E-05 0.0255566 0.0584607 0.131341 9.9973E-05 9.9973E-05
9.9946E-05 0.176014 0.319243 0.115189 9.9946E-05 9.9946E-05 9.9946E-05 0.388954 9.9946E-05 9.9946E-05
0.0860958 9.9955E-05 0.315438 0.164673 9.9955E-05 9.9955E-05 9.9955E-05 0.432173 9.9955E-05 0.00112015
0.0958875 0.187382 0.222487 0.152789 0.00835482 9.9973E-05 0.0643841 0.268415 9.9973E-05 9.9973E-05
9.9964E-05 9.9964E-05 9.9964E-05 0.308322 9.9964E-05 0.0221514 0.576264 0.0127934 0.0595083 0.0205614
0.0325026 9.9982E-05 0.0886524 0.186427 9.9982E-05 0.0208251 0.608195 0.0209236 0.0393579 0.00291639
0.625248 0.0200986 9.9955E-05 9.9955E-05 0.0173816 0.00649293 0.330279 9.9955E-05 9.9955E-05 9.9955E-05
0.449496 9.9964E-05 0.06637 9.9964E-05 0.0349194 0.0825526 0.321306 9.9964E-05 9.9964E-05 0.044956
0.340082 0.0438555 0.0422621 0.0597705 0.0450112 0.0691619 0.37583 9.9982E-05 0.0238268 9.9982E-05
0.0373719 9.9973E-05 9.9973E-05 0.482398 9.9973E-05 0.0974182 0.161671 0.0151477 0.0424175 0.163276
0.046255 0.0260656 0.0545122 0.13942 0.0836513 0.0646124 0.411498 0.01204 0.0581256 0.10382
9.9946E-05 9.9946E-05 9.9946E-05 0.543133 9.9946E-05 0.171921 0.139279 9.9946E-05 9.9946E-05 0.145067
9.9973E-05 9.9973E-05 0.042792 0.204153 9.9973E-05 0.0182555 0.569155 0.0592139 0.0313623 0.0747688
0.0100062 9.9982E-05 9.9982E-05 0.280494 0.0599973 0.0623374 0.4306 0.0369276 0.0157585 0.103679
0.00984317 9.9964E-05 9.9964E-05 0.356569 0.0119432 9.9964E-05 0.547008 0.00668742 9.9964E-05 0.0675496
9.9964E-05 9.9964E-05 9.9964E-05 0.598387 9.9964E-05 0.0507499 0.1148 0.0547269 0.106422 0.0745149
0.0161049 9.9982E-05 0.0339924 0.235228 0.00927933 9.9982E-05 0.636918 0.00897228 0.0293007 0.0300045
9.9982E-05 0.0051839 0.0680836 0.209984 0.00802668 0.0851452 0.541407 0.0101694 9.9982E-05 0.0717997
0.936237 9.9946E-05 0.0012063 9.9946E-05 9.9946E-05 9.9946E-05 0.0365423 9.9946E-05 9.9946E-05 0.0254147
0.901307 9.9937E-05 9.9937E-05 9.9937E-05 9.9937E-05 9.9937E-05 0.0641427 9.9937E-05 9.9937E-05 0.0338508
0.551337 9.9964E-05 0.0703919 9.9964E-05 0.00445331 0.0448635 0.287607 9.9964E-05 9.9964E-05 0.0409471
0.597727 0.0138272 9.9955E-05 9.9955E-05 0.0351855 0.00676812 0.345992 9.9955E-05 9.9955E-05 9.9955E-05
0.81272 9.9955E-05 9.9955E-05 9.9955E-05 0.0291793 0.0104517 0.112894 9.9955E-05 0.0342548 9.9955E-05
0.999101 9.99201E-05 9.99201E-05 9.99201E-05 9.99201E-05 9.99201E-05 9.99201E-05 9.99201E-05 9.99201E-05 9.99201E-05
0.95144 9.9937E-05 9.9937E-05 9.9937E-05 0.0402234 9.9937E-05 9.9937E-05 9.9937E-05 9.9937E-05 0.0076375
0.811967 9.9946E-05 9.9946E-05 9.9946E-05 9.9946E-05 0.0142863 0.158275 9.9946E-05 9.9946E-05 0.0148724
0.927639 9.9946E-05 0.00303394 9.9946E-05 0.0330021 9.9946E-05 9.9946E-05 9.9946E-05 0.0357257 9.9946E-05
0.998651 9.9928E-05 9.9928E-05 9.9928E-05 9.9928E-05 9.9928E-05 9.9928E-05 0.00054968 9.9928E-05 9.9928E-05
0.999101 9.99201E-05 9.99201E-05 9.99201E-05 9.99201E-05 9.99201E-05 9.99201E-05 9.99201E-05 9.99201E-05 9.99201E-05
0.72707 0.0449755 0.0046192 9.9955E-05 9.9955E-05 0.00944102 0.213394 9.9955E-05 9.9955E-05 9.9955E-05
0.703042 0.100397 0.00555437 9.9973E-05 0.0268355 0.025305 0.104373 0.0341937 9.9973E-05 9.9973E-05
0.999101 9.99201E-05 9.99201E-05 9.99201E-05 9.99201E-05 9.99201E-05 9.99201E-05 9.99201E-05 9.99201E-05 9.99201E-05
0.332291 0.101812 0.0422875 0.0684513 0.0613966 0.103717 0.289745 9.9973E-05 9.9973E-05 9.9973E-05
0.576751 0.108741 0.0377358 0.00309984 9.9982E-05 0.000246879 0.255888 9.9982E-05 0.01299 0.00434732
0.75058 0.104849 0.0064093 9.9955E-05 9.9955E-05 9.9955E-05 0.122545 0.0151165 9.9955E-05 9.9955E-05
0.855411 0.0305456 0.00803077 9.9964E-05 9.9964E-05 0.013341 0.0914097 9.9964E-05 0.000862099 9.9964E-05
0.953467 0.0457339 9.9928E-05 9.9928E-05 9.9928E-05 9.9928E-05 9.9928E-05 9.9928E-05 9.9928E-05 9.9928E-05
0.908627 0.00802622 0.0161621 9.9955E-05 9.9955E-05 9.9955E-05 0.0518115 0.0148738 9.9955E-05 9.9955E-05
0.991998 0.00537438 9.9937E-05 9.9937E-05 9.9937E-05 9.9937E-05 9.9937E-05 0.00192844 9.9937E-05 9.9937E-05
0.601234 0.0379757 0.0468408 0.010299 0.0270112 0.0488769 0.227462 9.9973E-05 9.9973E-05 9.9973E-05
0.924843 0.0370264 9.9955E-05 9.9955E-05 9.9955E-05 9.9955E-05 9.9955E-05 0.0252462 0.000906906 0.011478
0.0189374 0.00769761 0.199146 0.500298 9.9964E-05 9.9964E-05 9.9964E-05 0.204327 9.9964E-05 0.0691936
0.062302 0.112396 0.197148 0.316207 0.00591885 9.9964E-05 0.305628 9.9964E-05 9.9964E-05 9.9964E-05
9.9973E-05 0.108189 0.120354 0.29507 0.0105293 9.9973E-05 0.38703 0.0537079 9.9973E-05 0.0248204
0.0577818 0.145825 0.104437 0.522816 0.0330241 9.9973E-05 0.0655921 0.0702239 9.9973E-05 9.9973E-05
0.0337791 0.0800848 0.0959972 0.167947 9.9991E-05 0.0604811 0.453387 0.0859597 0.0174803 0.00478325
0.0597648 0.130031 0.152486 0.471801 9.9982E-05 0.0168187 0.0145031 0.126636 9.9982E-05 0.0277594
0.011218 0.0840887 0.117314 0.190826 9.9982E-05 0.0721742 0.362046 0.102211 9.9982E-05 0.0599222
0.0262408 0.155268 0.108415 0.360093 9.9973E-05 0.0234943 0.238214 0.0879755 9.9973E-05 9.9973E-05
0.00665231 0.171271 0.117005 0.196846 0.0287138 0.0109519 0.405754 0.0626058 9.9982E-05 9.9982E-05
0.0332737 0.183755 0.105552 0.304747 9.9973E-05 9.9973E-05 0.265437 0.0535631 0.0533729 9.9973E-05
0.0298724 0.0955329 0.122287 0.179388 9.9982E-05 0.0455067 0.425005 0.0791446 9.9982E-05 0.0230633
9.9955E-05 9.9955E-05 0.865901 0.0310593 0.0278418 9.9955E-05 0.0577021 0.016996 9.9955E-05 9.9955E-05
0.0740435 9.9955E-05 0.869106 0.0154408 9.9955E-05 9.9955E-05 9.9955E-05 0.0339773 0.0069324 9.9955E-05
9.9946E-05 9.9946E-05 0.904913 9.9946E-05 0.023239 9.9946E-05 0.0386129 0.0326353 9.9946E-05 9.9946E-05
9.9937E-05 9.9937E-05 0.93753 9.9937E-05 9.9937E-05 9.9937E-05 9.9937E-05 0.0573676 0.00440268 9.9937E-05
9.9955E-05 0.00260683 0.889444 9.9955E-05 9.9955E-05 0.0314202 0.0608681 0.0151612 9.9955E-05 9.9955E-05
9.9937E-05 0.0476067 0.926744 9.9937E-05 9.9937E-05 9.9937E-05 9.9937E-05 0.0249495 9.9937E-05 9.9937E-05
0.0313443 9.9946E-05 0.905229 9.9946E-05 0.000103202 9.9946E-05 0.0627233 9.9946E-05 9.9946E-05 9.9946E-05
9.9955E-05 0.00968316 0.91874 9.9955E-05 0.0098792 0.0508808 9.9955E-05 0.0103172 9.9955E-05 9.9955E-05
0.0427546 0.000893506 0.842248 9.9973E-05 9.9973E-05 0.043401 0.00551661 0.0500387 0.0148474 9.9973E-05
0.00773518 0.0289636 0.838932 0.00716681 0.0123764 9.9973E-05 0.00559907 0.0989271 9.9973E-05 9.9973E-05
9.9964E-05 0.000525992 0.582974 0.102138 0.230089 0.0377203 9.9964E-05 9.9964E-05 0.046153 9.9964E-05
9.9964E-05 9.9964E-05 0.61282 9.9964E-05 0.268128 0.0311932 9.9964E-05 0.00612529 0.0317955 0.049538
9.9973E-05 9.9973E-05 0.509837 0.0377772 0.215191 0.152633 9.9973E-05 0.044974 0.0215244 0.0177636
9.9964E-05 9.9964E-05 0.428188 0.110614 0.253308 0.178376 9.9964E-05 9.9964E-05 0.0215169 0.00759716
0.0208413 9.9973E-05 0.0530891 9.9973E-05 0.0449514 0.161556 0.434616 0.0266686 0.257977 9.9973E-05
0.0348277 9.9973E-05 0.0422292 9.9973E-05 0.0741048 0.0681851 0.447223 9.9973E-05 0.318421 0.0147089
0.013973 0.0208148 0.0260581 9.9982E-05 0.0897634 0.131003 0.529563 9.9982E-05 0.178744 0.00988057
9.9955E-05 9.9955E-05 0.0231245 9.9955E-05 0.119279 0.247594 0.346955 9.9955E-05 0.262547 9.9955E-05
0.0249656 9.9964E-05 9.9964E-05 9.9964E-05 0.243025 0.537612 0.106578 9.9964E-05 0.0129488 0.0744714
0.00932274 0.00122342 0.0537694 9.9982E-05 0.034558 0.00501821 0.653683 0.018835 0.22339 9.9982E-05
0.016258 9.9955E-05 9.9955E-05 9.9955E-05 0.0845704 0.0561084 0.590819 9.9955E-05 0.251744 9.9955E-05
9.9973E-05 0.00748299 9.9973E-05 0.0200021 0.0521941 9.9973E-05 0.539328 0.0442383 0.277414 0.0590404
9.9955E-05 0.0283779 9.9955E-05 0.00806777 9.9955E-05 9.9955E-05 0.375031 9.9955E-05 0.534349 0.0536748
9.9973E-05 0.00863775 0.041695 9.9973E-05 0.0688259 9.9973E-05 0.602785 0.0726699 0.141105 0.0639814
9.9955E-05 9.9955E-05 0.000946493 9.9955E-05 0.0193823 0.10845 0.432888 9.9955E-05 0.437834 9.9955E-05
9.9946E-05 9.9946E-05 9.9946E-05 0.0348952 0.0118512 9.9946E-05 9.9946E-05 9.9946E-05 0.784421 0.168233
9.9982E-05 0.0151685 0.030949 9.9982E-05 0.0531646 0.127006 0.572726 0.0445064 0.0980796 0.0582005
9.9955E-05 9.9955E-05 9.9955E-05 0.0467687 9.9955E-05 9.9955E-05 0.185253 0.0667129 0.629534 0.0712308
0.000663565 9.9982E-05 0.010922 9.9982E-05 0.0127036 0.0416442 0.549425 0.0345282 0.323983 0.0259306
9.9955E-05 9.9955E-05 0.0224228 9.9955E-05 0.0351038 0.230989 0.119743 9.9955E-05 0.591242 9.9955E-05
9.9946E-05 9.9946E-05 0.0903069 0.0580559 0.823941 9.9946E-05 0.0270963 9.9946E-05 9.9946E-05 9.9946E-05
9.9946E-05 9.9946E-05 0.0193883 0.0927243 0.801654 9.9946E-05 0.0856336 9.9946E-05 9.9946E-05 9.9946E-05
9.9946E-05 9.9946E-05 0.0461821 0.0908185 0.799976 9.9946E-05 0.0624242 9.9946E-05 9.9946E-05 9.9946E-05
9.9946E-05 9.9946E-05 0.0483925 0.113952 0.793125 9.9946E-05 9.9946E-05 9.9946E-05 0.0439306 9.9946E-05
9.9937E-05 9.9937E-05 9.9937E-05 0.0624326 0.794047 9.9937E-05 0.142821 9.9937E-05 9.9937E-05 9.9937E-05
0.0334365 9.9946E-05 9.9946E-05 0.0850601 0.784088 9.9946E-05 0.0968154 9.9946E-05 9.9946E-05 9.9946E-05
0.026267 0.0506546 0.851708 9.9964E-05 0.0191002 9.9964E-05 0.00971195 9.9964E-05 0.0421582 9.9964E-05
0.00231623 0.0342746 0.765164 9.9973E-05 0.0416026 9.9973E-05 0.103976 0.03454 0.0178273 9.9973E-05
0.0216951 0.0420796 0.761821 9.9991E-05 0.00142528 0.00289872 0.125776 0.00602768 0.0245735 0.0136035
0.0819843 9.9955E-05 0.811717 9.9955E-05 0.0159572 9.9955E-05 0.0248863 9.9955E-05 0.064955 9.9955E-05
0.055754 9.9964E-05 0.768941 0.023312 0.0179652 0.00865683 0.124971 9.9964E-05 9.9964E-05 9.9964E-05
9.9955E-05 9.9955E-05 0.340544 0.0995288 0.515595 9.9955E-05 9.9955E-05 0.0376519 0.00618054 9.9955E-05
9.9955E-05 0.0509931 0.37056 0.0729668 0.483472 9.9955E-05 9.9955E-05 9.9955E-05 9.9955E-05 0.0215085
9.9973E-05 0.0532011 0.367532 9.9973E-05 0.482409 0.0288248 0.00715529 0.0414976 9.9973E-05 0.0190802
0.017443 9.9964E-05 0.848493 9.9964E-05 0.0190433 0.00123483 0.0997253 9.9964E-05 9.9964E-05 0.0136607
0.00635879 9.9973E-05 0.355192 0.0133478 0.480988 0.0342978 9.9973E-05 9.9973E-05 0.0274214 0.082094
0.0693668 0.314988 0.168612 0.0506653 9.9973E-05 9.9973E-05 0.236998 0.131634 9.9973E-05 0.0274362
0.0796505 0.165744 0.0721338 0.00158194 0.012978 0.0485389 0.504677 0.101129 0.0134675 9.9991E-05
0.151071 0.130885 0.184396 9.9955E-05 9.9955E-05 9.9955E-05 0.52155 0.0115989 9.9955E-05 9.9955E-05
0.0703053 0.270694 0.209566 0.0858748 9.9982E-05 0.0174599 0.26932 0.0605991 9.9982E-05 0.01598
0.0594605 0.0755453 0.126149 0.0349186 0.0231907 0.075318 0.481822 0.108585 0.00561653 0.00939398
0.0212092 0.381963 0.302528 0.0392581 9.9964E-05 9.9964E-05 9.9964E-05 0.231299 9.9964E-05 0.0233426
9.9973E-05 9.9973E-05 0.00950232 0.0336196 0.186851 0.285286 0.419777 9.9973E-05 0.015009 0.0496553
9.9982E-05 0.00192384 9.9982E-05 0.0713455 0.108448 0.16641 0.422295 0.0170699 0.0565059 0.155802
9.9973E-05 9.9973E-05 0.0110691 0.0199642 0.142823 0.559612 0.211382 9.9973E-05 0.0217324 0.0331167
9.9973E-05 9.9973E-05 9.9973E-05 0.0376531 0.0717561 0.144396 0.509928 0.0308506 0.0434445 0.161672
9.9964E-05 9.9964E-05 9.9964E-05 0.161037 0.140504 0.217588 9.9964E-05 0.0347171 0.0562149 0.389539
9.9991E-05 0.10182 0.0345116 0.0526788 0.0607165 0.154172 0.482236 0.0415337 0.0494536 0.0227778
9.9982E-05 0.0767857 9.9982E-05 0.0536589 0.0843659 0.143109 0.494667 0.030442 0.00874039 0.108031
9.9973E-05 9.9973E-05 0.0217082 0.0243946 0.141461 0.485747 0.277595 0.0132869 9.9973E-05 0.0355075
0.00178956 9.9991E-05 0.0896591 0.0600352 0.0414762 0.177577 0.517968 0.0143319 0.0554789 0.0415841
9.9973E-05 9.9973E-05 9.9973E-05 0.179265 0.00633773 0.45755 0.0327874 0.00892383 0.129733 0.185104
9.9982E-05 9.9982E-05 0.0119377 0.077882 0.0562135 0.144475 0.545212 0.0461688 0.0328887 0.0850224
9.9973E-05 9.9973E-05 0.033033 9.9973E-05 0.147363 0.241093 0.489858 0.0163202 0.0367262 0.0353072
0.0151762 0.175663 0.0580844 0.0330089 0.0314862 0.116749 0.379794 0.0985211 0.069026 0.0224922
9.9973E-05 9.9973E-05 9.9973E-05 0.00176016 0.0800903 0.302872 0.303387 0.10651 0.0417689 0.163312
9.9982E-05 0.0219485 9.9982E-05 0.0673203 0.0592784 0.225613 0.372683 0.0790388 0.0510852 0.122833
9.9973E-05 9.9973E-05 9.9973E-05 0.00605007 0.0882276 0.176853 0.561272 0.0253003 0.0333592 0.108638
9.9973E-05 9.9973E-05 9.9973E-05 0.0793929 0.0387088 0.146601 0.526476 0.0426635 0.0417113 0.124147
0.0377078 0.0113833 9.9991E-05 0.0228361 0.109105 0.0208584 0.651773 0.045219 0.047153 0.0538644
9.9991E-05 0.0703328 0.0612357 0.0673155 0.108304 0.0674165 0.498509 0.00775608 0.0761062 0.0429243
9.9991E-05 0.0131778 0.0623999 0.0084172 0.0981668 0.1481 0.552348 0.0707297 0.0358156 0.0107447
0.0465583 9.9937E-05 0.838401 9.9937E-05 9.9937E-05 9.9937E-05 0.114342 9.9937E-05 9.9937E-05 9.9937E-05
0.000622148 9.9937E-05 0.871422 9.9937E-05 9.9937E-05 9.9937E-05 0.127256 9.9937E-05 9.9937E-05 9.9937E-05
0.00549968 9.9964E-05 0.82385 0.00128256 0.0547433 9.9964E-05 0.0581453 0.056079 9.9964E-05 9.9964E-05
0.0519828 9.9946E-05 0.903339 9.9946E-05 9.9946E-05 9.9946E-05 0.0171954 9.9946E-05 9.9946E-05 0.0268828
9.99281E-05 9.99281E-05 0.880307 9.99281E-05 9.99281E-05 9.99281E-05 0.118894 9.99281E-05 9.99281E-05 9.99281E-05
0.0159699 0.00851221 0.0456329 9.9991E-05 0.164472 0.650608 0.0343598 0.0249297 0.0548253 0.000590717
0.0360684 0.0804371 0.0370694 9.9991E-05 0.0246996 0.223169 0.424521 0.0411783 0.0209997 0.111758
0.118962 0.156468 0.120776 0.030257 0.0341693 9.9991E-05 0.338009 0.101135 0.0631522 0.0369713
0.0488612 0.0303889 0.0101951 9.9973E-05 0.071449 0.241357 0.571922 9.9973E-05 9.9973E-05 0.0255269
0.0028015 9.9964E-05 0.0299703 9.9964E-05 0.0964108 0.335176 0.482148 9.9964E-05 0.0530932 9.9964E-05
9.9973E-05 9.9973E-05 9.9973E-05 0.0395396 0.0422566 0.39374 0.210554 0.099935 0.0341447 0.17953
9.9955E-05 9.9955E-05 0.0370345 9.9955E-05 0.26651 0.649601 9.9955E-05 0.0375693 0.00878537 9.9955E-05
0.0179858 9.9982E-05 0.0304141 0.0248889 0.135797 0.338751 0.402407 0.0207111 0.0288452 9.9982E-05
0.0475853 9.9964E-05 0.0439095 9.9964E-05 0.240132 0.524598 0.132648 0.0107274 9.9964E-05 9.9964E-05
0.0070626 0.0506989 0.018196 0.0971647 0.0911617 0.134956 0.407078 0.0436529 0.0978624 0.0521666
9.9973E-05 0.00676342 0.0567127 9.9973E-05 0.170532 0.634642 0.0348834 0.0146877 9.9973E-05 0.0814795
0.0390957 0.0254717 0.077745 9.9964E-05 0.0919559 0.2448 0.520532 9.9964E-05 9.9964E-05 9.9964E-05
0.00591159 9.9973E-05 0.0633977 0.0523718 0.132753 0.698816 0.0178491 9.9973E-05 0.0286008 9.9973E-05
0.0460714 0.121558 9.9991E-05 0.00400821 0.063112 0.411864 0.118004 0.00876863 0.0811518 0.145362
9.9991E-05 0.0647834 0.0258465 0.19817 0.0283279 0.0973499 0.46077 0.0518148 0.0271736 0.0456633
9.9964E-05 9.9964E-05 9.9964E-05 0.515473 0.0319384 0.120745 0.231088 0.0325836 9.9964E-05 0.0677729
0.0025926 0.0267305 0.0301752 0.367159 9.9991E-05 0.00494225 0.498017 0.0231082 0.0310683 0.0161066
9.9982E-05 0.0195116 0.0913004 0.208219 0.0564191 0.0460468 0.492596 0.0453873 0.0403203 9.9982E-05
9.9973E-05 9.9973E-05 9.9973E-05 0.559111 0.0224943 0.0327535 0.178545 0.0420016 0.10387 0.0609245
0.0875936 0.00607719 0.0246703 0.12664 0.0719218 9.9991E-05 0.499029 0.0392557 0.0675705 0.0771418
9.9973E-05 9.9973E-05 0.0170843 0.345266 0.077974 9.9973E-05 0.472448 0.0283926 0.0332587 0.0252768
9.9973E-05 9.9973E-05 9.9973E-05 0.599915 0.0286162 0.0306046 0.0535693 0.0109177 0.106642 0.169435
9.9964E-05 9.9964E-05 9.9964E-05 0.710088 0.0313194 9.9964E-05 0.10818 0.0261917 0.0655007 0.0583212
9.9991E-05 0.0179972 0.00108467 0.447353 0.0405499 0.0856467 0.339813 0.00825756 0.043485 0.0157131
9.9946E-05 9.9946E-05 9.9946E-05 0.660346 0.0635573 9.9946E-05 9.9946E-05 9.9946E-05 0.159074 0.116423
9.9955E-05 9.9955E-05 9.9955E-05 0.418749 0.0626642 0.100239 0.35293 9.9955E-05 0.0649184 9.9955E-05
9.9955E-05 9.9955E-05 0.0223545 9.9955E-05 0.178828 0.721068 0.0509041 9.9955E-05 0.0263465 9.9955E-05
0.0412847 9.9973E-05 9.9973E-05 9.9973E-05 0.0482568 0.442071 0.127747 0.0974093 0.0229374 0.219993
0.0396512 0.0262266 0.0227096 9.9973E-05 0.11882 0.455463 0.323582 9.9973E-05 9.9973E-05 0.0132466
9.9982E-05 0.124898 0.00428051 9.9982E-05 0.106435 0.182848 0.495473 0.029311 0.0516555 0.00489896
9.9964E-05 0.0205315 9.9964E-05 9.9964E-05 0.170938 0.585938 0.135629 9.9964E-05 0.0786457 0.00791824
0.0197906 0.0177574 0.00937446 0.00834737 0.0720277 0.132355 0.510723 0.151592 0.0627209 0.0153117
0.0354886 0.00527492 0.0260841 9.9982E-05 0.154442 0.148069 0.531305 0.0768382 9.9982E-05 0.0222983
0.00118367 9.9973E-05 9.9973E-05 9.9973E-05 0.0689689 0.250035 0.510031 0.065556 0.0554857 0.0484405
9.9973E-05 0.107135 9.9973E-05 9.9973E-05 0.0919012 0.281908 0.447512 0.0119465 0.0317978 0.0274987
0.0125877 0.0198996 9.9964E-05 9.9964E-05 0.178941 0.348496 0.428495 9.9964E-05 9.9964E-05 0.0111816
0.00977997 0.00256414 9.9973E-05 9.9973E-05 0.167177 0.529641 0.207084 9.9973E-05 0.0542077 0.0292455
0.01817 9.9964E-05 9.9964E-05 9.9964E-05 0.184761 0.350363 0.385655 9.9964E-05 0.00254005 0.0581106
9.9973E-05 0.0201264 9.9973E-05 9.9973E-05 0.112057 0.138476 0.554849 0.0697631 0.0223095 0.082119
0.0317887 0.0210375 0.000962643 9.9991E-05 0.120613 0.126897 0.588921 0.074383 0.00591811 0.0293787
0.00598967 0.104729 9.9982E-05 9.9982E-05 0.12313 0.208847 0.273377 0.105161 0.0969743 0.0815921
0.0355083 0.0344464 9.9982E-05 9.9982E-05 0.0734552 0.171528 0.468484 0.0274243 0.0561219 0.132832
0.0678741 9.9973E-05 0.00223465 9.9973E-05 0.210422 0.385015 0.312267 9.9973E-05 0.0202824 0.00160544
9.9982E-05 0.0567751 0.0294042 9.9982E-05 0.061938 0.258114 0.486475 0.0436113 0.0478596 0.0156232
0.0592309 0.0132657 0.0424072 9.9982E-05 0.0873486 0.318165 0.407708 9.9982E-05 0.0198853 0.0517887
0.0453232 0.0678473 0.0808216 0.00227899 0.0988688 0.0901731 0.471381 0.0140106 0.0932482 0.036047
0.0459413 0.140179 0.273618 0.0308262 9.9973E-05 0.067217 0.409624 0.0322947 9.9973E-05 9.9973E-05
0.0278523 0.249598 0.0859941 0.0211444 0.00258762 0.0645455 0.468657 0.0646227 0.00927616 0.00572209
0.0521697 0.156087 0.116475 0.0842334 0.0355126 0.0224289 0.385073 0.0682835 0.0537754 0.0259612
0.0159774 0.21089 0.0592672 0.0430857 0.00231773 0.109138 0.454127 0.0543245 0.00411783 0.0467549
0.0355132 0.231015 0.117095 0.0526132 9.9982E-05 0.0220546 0.420758 0.106111 0.0146402 9.9982E-05
9.9973E-05 9.9973E-05 9.9973E-05 0.107084 0.0704749 0.186672 0.472371 0.018496 0.0133499 0.131252
0.0254583 0.158793 0.122136 0.104797 0.0289516 0.0171318 0.436663 0.0449723 0.0544241 0.00667255
0.0892251 0.105038 0.11532 0.137264 0.00382335 0.146925 9.9991E-05 0.23568 0.0496571 0.116968
9.9982E-05 0.152088 0.0675042 0.0290641 0.0578478 0.0551228 0.537707 0.0799262 0.0205404 9.9982E-05
0.0641104 0.105768 0.123614 9.9982E-05 0.0166444 0.0913023 0.479485 0.0826102 9.9982E-05 0.0362655
0.0624696 0.158454 0.0534413 0.0333372 0.00760094 0.0876326 0.496763 0.0213469 0.0414595 0.0374953
9.9982E-05 0.177103 0.0886219 0.0468273 9.9982E-05 0.172903 0.222869 0.168775 0.0711308 0.0515702
0.0576933 0.133672 0.139494 0.039617 9.9973E-05 0.082277 0.486476 0.0604701 9.9973E-05 9.9973E-05
0.047454 0.161882 0.106637 9.9982E-05 0.0408253 0.00503657 0.49081 0.0354766 9.9982E-05 0.111678
9.9955E-05 0.143564 0.305485 0.0686689 9.9955E-05 9.9955E-05 9.9955E-05 0.451577 9.9955E-05 0.0302052
0.0736102 0.0969158 0.188852 0.0299353 0.0413311 0.0230558 0.479444 0.0666555 9.9982E-05 9.9982E-05
0.11951 0.110804 0.114817 0.023726 9.9991E-05 0.00277841 0.515139 0.0912646 0.0161181 0.00574278
0.0869616 0.0247385 0.062456 0.0582699 0.00451662 0.0849622 0.538117 0.0476329 0.029601 0.0627447
0.0610763 0.171761 0.110299 0.0167065 9.9973E-05 9.9973E-05 0.531484 0.0865465 9.9973E-05 0.0218261
0.0658963 0.0799624 0.198248 0.0888389 9.9982E-05 0.0712177 0.473609 9.9982E-05 0.0203701 0.001658
0.021802 9.9973E-05 0.0335662 0.0631618 0.0354553 9.9973E-05 0.411108 9.9973E-05 0.0246246 0.409983
0.0410701 9.9973E-05 0.063711 9.9973E-05 0.000447422 0.0728249 0.490319 9.9973E-05 0.10805 0.223278
9.9955E-05 9.9955E-05 9.9955E-05 0.00540465 0.00857689 0.0519569 9.9955E-05 9.9955E-05 0.0718882 0.861674
9.9946E-05 9.9946E-05 0.00549523 0.0267674 9.9946E-05 0.0966006 9.9946E-05 9.9946E-05 9.9946E-05 0.870537
0.0301443 9.9973E-05 0.0751278 0.0246636 9.9973E-05 0.12481 0.468182 0.0227152 9.9973E-05 0.254057
0.0958138 0.3316 0.0641843 0.0365775 9.9982E-05 9.9982E-05 0.289144 0.0743196 0.00763786 0.100523
0.066659 0.328619 0.091136 9.9964E-05 9.9964E-05 9.9964E-05 0.285533 0.0403722 9.9964E-05 0.18728
0.0788875 0.356307 0.0677236 9.9964E-05 9.9964E-05 9.9964E-05 0.11738 0.108603 9.9964E-05 0.270698
0.0302382 0.31291 0.073899 0.0116938 9.9973E-05 9.9973E-05 0.309659 0.110158 9.9973E-05 0.151142
9.9964E-05 0.0908868 0.0813334 0.0269639 9.9964E-05 9.9964E-05 0.0277158 0.049567 9.9964E-05 0.723133
9.9955E-05 0.0639234 0.0627094 9.9955E-05 9.9955E-05 9.9955E-05 0.125694 0.0836749 9.9955E-05 0.663498
9.9964E-05 0.0654521 9.9964E-05 0.00782926 9.9964E-05 0.0272142 0.527593 9.9964E-05 0.0298505 0.341661
0.0787587 0.0510702 0.0477861 9.9955E-05 9.9955E-05 9.9955E-05 0.35766 9.9955E-05 9.9955E-05 0.464225
9.9955E-05 0.0451718 0.0624157 9.9955E-05 9.9955E-05 9.9955E-05 0.200952 0.0132613 9.9955E-05 0.677699
0.0295183 0.0368739 0.064259 9.9973E-05 0.0097449 0.0478562 0.536103 9.9973E-05 9.9973E-05 0.275344
0.0327866 0.0489353 0.0426627 9.9973E-05 0.00208574 9.9973E-05 0.544701 0.00429342 9.9973E-05 0.324235
0.0483281 9.9982E-05 0.078077 0.0569308 9.9982E-05 0.0410214 0.492623 0.0327479 0.0225281 0.227543
9.9946E-05 9.9946E-05 0.0167837 9.9946E-05 9.9946E-05 0.0417877 0.300502 9.9946E-05 9.9946E-05 0.640327
9.9973E-05 9.9973E-05 0.0287764 0.0260163 0.0296024 0.0414969 0.377168 9.9973E-05 0.0320154 0.464624
0.00194252 9.9982E-05 0.0734888 9.9982E-05 0.040001 0.0118818 0.483084 0.0159276 0.0890236 0.284451
0.034059 9.9982E-05 0.0233994 0.0392396 0.0947478 0.00917526 0.428213 0.01937 9.9982E-05 0.351595
9.9973E-05 0.0997565 0.0882534 0.0047196 9.9973E-05 0.0651522 0.47421 9.9973E-05 0.0269298 0.240678
9.9955E-05 9.9955E-05 9.9955E-05 0.0310791 9.9955E-05 9.9955E-05 0.448683 0.0402578 0.0551567 0.424324
9.9937E-05 9.9937E-05 9.9937E-05 9.9937E-05 0.0130554 9.9937E-05 0.169602 9.9937E-05 9.9937E-05 0.816643
9.9964E-05 0.0353421 0.00304077 0.00295217 9.9964E-05 9.9964E-05 0.586487 0.00458615 9.9964E-05 0.367192
0.00164251 9.9955E-05 9.9955E-05 9.9955E-05 0.00057912 0.0813598 0.145777 9.9955E-05 9.9955E-05 0.770142
9.9946E-05 9.9946E-05 0.0558321 0.00180458 9.9946E-05 9.9946E-05 0.424147 9.9946E-05 9.9946E-05 0.517616
9.9964E-05 0.000974149 0.0966695 9.9964E-05 0.0550232 0.0311875 0.533585 9.9964E-05 9.9964E-05 0.282161
0.0515561 0.0207252 0.0635053 9.9973E-05 0.0278005 9.9973E-05 0.471723 9.9973E-05 0.0487918 0.315599
0.0453153 0.133762 0.139561 0.0677359 0.00329458 0.05734 0.418278 9.9991E-05 0.0188814 0.115733
0.11856 0.0929899 0.0936962 0.0729067 0.0368085 0.0683195 0.357066 0.0199699 0.0427823 0.0969012
0.128635 0.265752 0.136871 0.113851 9.9973E-05 9.9973E-05 0.225292 0.0673024 9.9973E-05 0.0619969
0.11054 0.188921 0.132008 0.090899 9.9982E-05 0.076957 0.270662 0.0490189 9.9982E-05 0.0807936
0.0840831 0.155454 0.116532 0.0593694 0.0296542 0.0859501 0.401232 0.0255042 0.0421205 9.9991E-05
0.0481439 0.147764 0.130627 0.092208 9.9982E-05 9.9982E-05 0.39828 0.042781 0.0290257 0.110969
9.9946E-05 0.16607 0.105128 9.9946E-05 9.9946E-05 9.9946E-05 9.9946E-05 0.0487095 9.9946E-05 0.679493
0.0889209 0.196353 0.064514 0.0198412 9.9973E-05 9.9973E-05 0.47001 9.9973E-05 0.0250226 0.135038
9.9946E-05 0.117184 0.259699 9.9946E-05 9.9946E-05 9.9946E-05 9.9946E-05 0.210849 9.9946E-05 0.411669
0.0584066 0.181639 0.0219419 9.9955E-05 9.9955E-05 9.9955E-05 0.445837 9.9955E-05 9.9955E-05 0.291676
9.9928E-05 9.9928E-05 9.9928E-05 9.9928E-05 9.9928E-05 9.9928E-05 0.0895201 9.9928E-05 9.9928E-05 0.909681
9.99279E-05 9.99279E-05 9.99279E-05 9.99279E-05 9.99279E-05 9.99279E-05 9.99279E-05 9.99279E-05 0.076219 0.922982
