0.00504762 0.0179063 9.9973E-05 0.0434249 9.9973E-05 0.53257 9.9973E-05 0.393164 0.00369112 0.00389653
9.9946E-05 9.9946E-05 9.9946E-05 0.0389746 9.9946E-05 0.642376 9.9946E-05 0.310621 0.00742852 9.9946E-05
0.010362 0.0123911 9.9973E-05 0.0275782 0.0183548 0.530257 9.9973E-05 0.370796 9.9973E-05 0.0299611
0.0332719 9.9955E-05 9.9955E-05 0.033105 9.9955E-05 0.384691 9.9955E-05 0.430316 9.9955E-05 0.118117
0.00877119 9.9946E-05 9.9946E-05 9.9946E-05 9.9946E-05 0.517142 9.9946E-05 0.416855 9.9946E-05 0.0566317
0.0249019 0.016872 0.118941 0.0175527 9.9973E-05 0.683806 0.0219324 9.9973E-05 9.9973E-05 0.115694
0.0272453 9.9955E-05 0.124444 0.00798827 9.9955E-05 0.823792 9.9955E-05 9.9955E-05 9.9955E-05 0.0160311
0.0289313 0.00239476 0.150963 0.0120848 9.9964E-05 0.756653 9.9964E-05 9.9964E-05 9.9964E-05 0.0485733
0.109011 9.99549E-05 0.0438061 0.0199414 9.99549E-05 0.59543 9.99549E-05 0.231312 9.99549E-05 9.99549E-05
0.0106192 0.00648416 0.0867586 9.9973E-05 9.9973E-05 0.78349 0.0115885 9.9973E-05 0.059387 0.0413723
0.0346083 9.9955E-05 0.0882194 9.9955E-05 9.9955E-05 0.753034 9.9955E-05 9.9955E-05 0.0128822 0.110756
9.9937E-05 0.0260465 9.9937E-05 9.9937E-05 9.9937E-05 0.0354545 9.9937E-05 9.9937E-05 0.937799 9.9937E-05
9.9964E-05 0.0345432 9.9964E-05 0.0100084 9.9964E-05 0.00425282 9.9964E-05 0.0345614 0.450941 0.465293
9.9946E-05 0.0710622 9.9946E-05 9.9946E-05 9.9946E-05 9.9946E-05 9.9946E-05 0.025622 0.857731 0.0449851
9.9946E-05 0.1024 9.9946E-05 9.9946E-05 9.9946E-05 9.9946E-05 9.9946E-05 0.0309672 0.786149 0.0798843
9.9946E-05 0.109035 9.9946E-05 9.9946E-05 9.9946E-05 0.0904847 9.9946E-05 9.9946E-05 0.493725 0.306155
9.9964E-05 0.0835486 0.0143547 0.00850346 9.9964E-05 9.9964E-05 9.9964E-05 0.0330817 0.420699 0.439413
9.9973E-05 0.0266002 9.9973E-05 0.0348789 0.00991044 9.9973E-05 0.0208981 0.00619895 0.556708 0.344505
9.9964E-05 0.060347 9.9964E-05 0.00565435 9.9964E-05 0.0521506 9.9964E-05 0.0666644 0.706643 0.108141
0.0206765 9.9946E-05 0.0609906 9.9946E-05 9.9946E-05 9.9946E-05 9.9946E-05 0.0160324 0.901701 9.9946E-05
9.9973E-05 0.00679927 0.0487372 9.9973E-05 0.0496679 9.9973E-05 0.0041456 0.0467988 0.505687 0.337864
9.9964E-05 0.0679192 0.144718 0.00336612 9.9964E-05 9.9964E-05 0.066318 9.9964E-05 0.385658 0.331621
0.00438864 0.0060475 0.0554114 0.0177758 0.0751706 0.019081 0.00965472 0.0182143 0.314129 0.480127
9.9964E-05 0.0508076 9.9964E-05 0.00878574 9.9964E-05 0.00371044 9.9964E-05 0.0309357 0.876258 0.0291032
9.999E-05 0.0145268 0.0174227 0.0297277 0.0107265 0.0536472 0.0503455 0.0619516 0.130027 0.631525
9.9946E-05 9.9946E-05 0.0153201 9.9946E-05 9.9946E-05 0.0490455 9.9946E-05 9.9946E-05 0.503383 0.431652
9.9946E-05 0.00337742 9.9946E-05 9.9946E-05 9.9946E-05 0.04809 9.9946E-05 9.9946E-05 0.897374 0.0505594
9.9955E-05 0.0467231 9.9955E-05 9.9955E-05 9.9955E-05 0.0241311 9.9955E-05 0.00566075 0.834474 0.0885112
9.9946E-05 9.9946E-05 0.0585044 9.9946E-05 9.9946E-05 9.9946E-05 9.9946E-05 0.0179617 0.890603 0.0323315
9.99201E-05 9.99201E-05 9.99201E-05 0.999101 9.99201E-05 9.99201E-05 9.99201E-05 9.99201E-05 9.99201E-05 9.99201E-05
9.99201E-05 9.99201E-05 9.99201E-05 0.999101 9.99201E-05 9.99201E-05 9.99201E-05 9.99201E-05 9.99201E-05 9.99201E-05
0.0200396 0.0963426 9.9964E-05 0.386574 9.9964E-05 0.287994 9.9964E-05 0.186043 9.9964E-05 0.022607
0.011887 0.0809788 9.9964E-05 0.314255 9.9964E-05 0.200564 9.9964E-05 0.306086 9.9964E-05 0.0858297
0.0646408 9.9982E-05 0.0830821 0.0238384 0.223992 0.0438688 0.00948763 9.9982E-05 0.0437757 0.507115
0.0426511 0.0165178 9.9982E-05 0.00281301 0.240576 0.0187928 9.9982E-05 0.0604998 0.134277 0.483673
0.0226822 0.0250784 9.9964E-05 0.0196536 0.412192 0.00571222 9.9964E-05 9.9964E-05 9.9964E-05 0.514282
0.199121 9.9955E-05 9.9955E-05 9.9955E-05 0.017429 9.9955E-05 9.9955E-05 0.0574247 0.662072 0.0634543
9.9964E-05 0.0114653 0.0993838 0.0102583 0.609025 9.9964E-05 0.0389116 9.9964E-05 9.9964E-05 0.230556
0.0612864 0.0321503 9.9982E-05 0.0292766 0.189721 0.0268179 9.9982E-05 0.0539668 0.144373 0.462208
0.00420355 0.00519968 0.0174677 0.0177552 0.216353 0.0151018 0.0302609 0.00797552 9.9991E-05 0.685582
9.9964E-05 9.9964E-05 0.239976 0.0178345 0.0481838 0.0849918 9.9964E-05 9.9964E-05 0.0553591 0.553255
0.0628355 0.0327089 0.116993 0.0230005 0.115738 0.0374013 9.9991E-05 0.0199393 0.0397366 0.551547
0.018337 9.9964E-05 9.9964E-05 0.0035462 0.609395 9.9964E-05 9.9964E-05 0.0543381 0.222126 0.0918585
9.9973E-05 0.0143172 0.205201 9.9973E-05 0.00484985 9.9973E-05 0.0210579 0.0770329 0.0115735 0.665668
0.0465503 0.0665535 0.0220959 9.9991E-05 0.181332 0.0850998 0.0257748 0.00766608 0.00839651 0.556431
0.0138016 0.0153866 0.0978794 0.0285463 0.0951721 0.103748 0.0153196 9.9991E-05 0.0291401 0.600906
9.9955E-05 0.0101359 0.0524541 9.9955E-05 0.597841 9.9955E-05 0.0219592 9.9955E-05 9.9955E-05 0.31711
9.9955E-05 9.9955E-05 9.9955E-05 0.0143608 0.275335 0.110623 9.9955E-05 9.9955E-05 0.0446158 0.554565
0.0603173 0.0487602 0.0504243 0.0293407 0.162712 0.000715974 0.0540388 0.0809073 9.9991E-05 0.512683
9.9937E-05 9.9937E-05 0.307997 9.9937E-05 0.657879 9.9937E-05 0.0334247 9.9937E-05 9.9937E-05 9.9937E-05
0.254336 9.9964E-05 0.0549264 9.9964E-05 0.0668497 9.9964E-05 0.0258445 9.9964E-05 0.530748 0.0668959
0.0164529 0.0275167 0.230562 9.9982E-05 0.0767521 0.00296127 0.136044 9.9982E-05 0.41947 0.0900405
0.0241409 0.0295798 0.0504256 9.9982E-05 9.9982E-05 0.0194179 0.0491144 0.101713 0.167499 0.55791
0.0203192 0.0545472 0.0306199 9.9982E-05 9.9982E-05 0.0254593 0.0675944 0.0465306 0.195715 0.559015
0.0450953 0.0486524 0.0939211 0.0155486 9.9991E-05 0.0324296 0.0809681 0.0470724 0.0290369 0.607176
0.178789 9.9982E-05 0.0302996 0.0167259 0.105649 0.0235925 9.9982E-05 0.102568 0.427741 0.114436
0.0787961 9.9973E-05 0.016455 0.0271062 0.0172374 9.9973E-05 9.9973E-05 0.0176482 0.362484 0.479973
0.00500346 0.0579589 0.0286892 0.0344264 0.105911 0.0290757 0.0150677 0.0520458 0.203734 0.468088
0.0745104 0.00895999 0.0225671 0.015303 0.0268677 0.0698317 0.10997 0.0103457 0.297656 0.363988
0.119585 9.9973E-05 0.0996686 9.9973E-05 0.0681118 0.102351 9.9973E-05 0.0709518 0.517839 0.0211931
0.0632999 0.0163175 0.0201726 0.00818687 0.101461 0.0356337 0.0503023 0.0878765 0.106915 0.509834
0.0582631 0.0230215 0.0195143 0.0314118 0.0222381 0.0159953 0.0166025 0.0795708 0.334546 0.398837
0.124037 9.9964E-05 0.118946 0.0343982 0.0178441 0.0356175 9.9964E-05 9.9964E-05 0.668757 9.9964E-05
0.0744158 9.9964E-05 9.9964E-05 0.00965665 0.073668 9.9964E-05 0.0343217 9.9964E-05 0.461884 0.345654
0.0298673 0.035563 0.043781 0.0305238 0.0395403 9.9991E-05 0.0918501 0.0618418 0.155205 0.511728
0.0428876 9.9982E-05 0.024546 0.0424873 9.9982E-05 0.0211137 0.0255278 0.0516505 0.184508 0.607079
0.0420316 0.0266631 0.0292366 0.037057 0.0372341 0.0643614 0.0277603 0.00712137 0.551166 0.177369
0.0847597 0.0192331 9.9982E-05 0.0249112 0.0565827 0.0388987 0.0958261 9.9982E-05 0.201131 0.478458
0.0850733 0.0332808 0.0519387 0.0177078 0.114863 0.0513199 0.0111732 9.9991E-05 0.136017 0.498525
0.0811131 9.9973E-05 0.109103 0.0311319 0.047538 0.0192821 9.9973E-05 9.9973E-05 0.594443 0.117088
9.9955E-05 0.00215634 9.9955E-05 0.000393555 0.475327 0.0333888 9.9955E-05 9.9955E-05 9.9955E-05 0.488234
9.9964E-05 0.00327814 9.9964E-05 0.00524986 0.667667 0.0292304 9.9964E-05 9.9964E-05 0.110328 0.183846
0.0256534 0.0669592 0.0534346 0.0453245 0.295496 0.00348484 0.00689969 0.0448932 9.9991E-05 0.457755
9.9937E-05 9.9937E-05 0.0779169 9.9937E-05 0.864096 9.9937E-05 0.0572873 9.9937E-05 9.9937E-05 9.9937E-05
9.9937E-05 9.9937E-05 0.0880822 9.9937E-05 0.83296 9.9937E-05 0.078258 9.9937E-05 9.9937E-05 9.9937E-05
9.9955E-05 0.00942697 0.0330344 9.9955E-05 0.724543 9.9955E-05 0.0242966 9.9955E-05 9.9955E-05 0.208199
0.0774281 9.9964E-05 9.9964E-05 0.0105251 0.429323 9.9964E-05 9.9964E-05 0.0211097 0.00635784 0.454856
0.0430461 0.0325491 9.9982E-05 0.0368314 0.154251 9.9982E-05 0.0649905 0.121919 0.0688331 0.47738
9.9973E-05 0.0219118 0.00376222 9.9973E-05 0.444405 0.0110995 0.0270593 9.9973E-05 0.0366292 0.454833
0.0423465 9.9955E-05 9.9955E-05 9.9955E-05 0.584041 9.9955E-05 9.9955E-05 0.047487 0.213272 0.112353
0.0376942 9.9964E-05 9.9964E-05 0.00310967 0.494448 0.0295165 9.9964E-05 9.9964E-05 0.171994 0.262838
0.0579727 0.0574024 9.9991E-05 0.0074166 0.243041 0.062798 0.0114623 0.0173209 0.028945 0.513541
0.0121101 9.9973E-05 9.9973E-05 0.0208349 0.510991 0.00737363 9.9973E-05 0.0115727 0.131747 0.305072
9.9946E-05 9.9946E-05 9.9946E-05 0.0287964 0.436449 9.9946E-05 9.9946E-05 9.9946E-05 0.118829 0.415326
9.9946E-05 9.9946E-05 0.0921087 0.00315072 0.452338 9.9946E-05 9.9946E-05 9.9946E-05 9.9946E-05 0.451803
9.9937E-05 9.9937E-05 0.235925 9.9937E-05 0.637692 9.9937E-05 0.125684 9.9937E-05 9.9937E-05 9.9937E-05
0.0149667 0.0324315 0.0326402 0.022769 0.267318 0.0213149 0.00920534 9.9982E-05 9.9982E-05 0.599155
0.0797417 9.9955E-05 9.9955E-05 0.0579721 9.9955E-05 0.393685 9.9955E-05 0.437242 9.9955E-05 0.0308588
9.9937E-05 9.9937E-05 9.9937E-05 0.0507996 9.9937E-05 0.0485446 9.9937E-05 0.899956 9.9937E-05 9.9937E-05
9.9937E-05 9.9937E-05 9.9937E-05 0.0265751 9.9937E-05 9.9937E-05 9.9937E-05 0.930376 9.9937E-05 0.0423495
9.9928E-05 9.9928E-05 9.9928E-05 0.0231606 9.9928E-05 9.9928E-05 9.9928E-05 0.97604 9.9928E-05 9.9928E-05
9.9937E-05 9.9937E-05 9.9937E-05 0.0273627 9.9937E-05 0.240175 9.9937E-05 0.731763 9.9937E-05 9.9937E-05
0.000926871 0.0091028 9.9973E-05 0.0142792 9.9973E-05 0.0906645 0.00987288 0.85703 9.9973E-05 0.0178241
9.9946E-05 9.9946E-05 9.9946E-05 0.0196013 9.9946E-05 0.0925115 9.9946E-05 0.879416 9.9946E-05 0.00787149
0.0810767 0.0621804 9.9982E-05 0.0331193 0.198672 0.0764688 0.00127984 9.9982E-05 0.0441479 0.502855
0.00632323 0.0525596 0.0240337 0.0278531 0.126773 0.0134136 0.047694 0.0904902 0.0445171 0.566343
0.0847894 9.9964E-05 9.9964E-05 9.9964E-05 0.685283 0.0113762 0.00614832 0.0522921 0.159711 9.9964E-05
0.0494886 9.9982E-05 9.9982E-05 0.0310651 0.162991 0.0236283 0.0558023 0.0246049 0.051373 0.600847
0.0811195 0.00254867 9.9973E-05 0.0262697 0.437643 0.00222695 9.9973E-05 9.9973E-05 0.135314 0.314578
0.064311 0.0134897 9.9973E-05 0.0381829 0.361744 9.9973E-05 0.00549093 0.0493394 9.9973E-05 0.467143
0.0168327 0.0352843 0.0115598 9.9982E-05 0.269203 0.0147049 0.0656428 0.0345557 9.9982E-05 0.552017
0.0192533 0.0523624 9.9982E-05 0.0143049 0.339204 0.00773616 0.0818584 9.9982E-05 0.0241742 0.460907
0.0697096 9.9955E-05 9.9955E-05 9.9955E-05 0.646139 0.00706171 9.9955E-05 0.0480336 0.228556 9.9955E-05
0.0807242 0.0418797 0.00442288 0.0200745 0.180092 0.00769162 0.0343792 0.0739002 0.0960504 0.460785
0.0517346 0.02363 9.9982E-05 0.00291573 0.144811 0.00538979 9.9982E-05 0.0939056 0.0733938 0.60402
0.025302 0.0529554 0.0320745 9.9982E-05 0.157716 9.9982E-05 0.0329017 0.114388 0.0514562 0.533006
0.0106907 0.0151414 0.150789 0.00788869 0.540655 9.9973E-05 0.035747 9.9973E-05 9.9973E-05 0.238788
9.9955E-05 9.9955E-05 9.9955E-05 9.9955E-05 0.406242 0.0219489 0.0728021 0.00085815 9.9955E-05 0.497649
0.10062 9.9955E-05 9.9955E-05 0.0055726 0.321263 9.9955E-05 9.9955E-05 9.9955E-05 0.111794 0.460251
9.9964E-05 0.0143322 0.0365811 0.000927771 0.507679 9.9964E-05 0.0686112 9.9964E-05 9.9964E-05 0.371469
0.0557968 9.9955E-05 9.9955E-05 9.9955E-05 0.333295 0.0408268 9.9955E-05 9.9955E-05 0.131436 0.438145
0.0771319 0.00525194 0.0166477 9.9991E-05 0.193832 0.0706137 0.0394499 0.0241867 0.0359408 0.536845
0.183856 0.0150392 0.0480993 0.0262597 0.00246537 9.9991E-05 0.200409 0.0137684 0.258891 0.251113
0.159029 9.9964E-05 0.0631316 9.9964E-05 9.9964E-05 0.0164168 9.9964E-05 0.0296557 0.341533 0.389834
0.0916049 0.0672073 0.0292191 0.0178184 0.0397257 0.0186106 0.0191233 0.0865696 0.127655 0.502466
0.116184 0.0318444 0.0370464 9.9973E-05 0.0552729 0.0972435 0.0922728 9.9973E-05 9.9973E-05 0.569836
0.186898 9.9982E-05 9.9982E-05 0.0349876 0.00988953 0.0106124 0.0337691 0.00135202 0.298807 0.423484
0.140554 0.0112398 0.0407698 9.9982E-05 0.00555343 9.9982E-05 0.00381166 0.0562976 0.161027 0.580547
0.206673 9.9964E-05 9.9964E-05 0.0100334 9.9964E-05 9.9964E-05 0.000507465 0.0593879 0.308321 0.414677
0.105692 0.0238071 0.0984375 0.035549 0.04788 0.00390855 0.0599269 0.0557402 0.097465 0.471594
0.110341 0.0467814 0.00423354 0.0216767 0.00176942 9.9991E-05 0.0695121 0.0891026 0.063664 0.592819
0.154668 9.9973E-05 0.0310273 0.00310916 9.9973E-05 9.9973E-05 0.030356 0.0612161 0.190717 0.528606
0.158323 9.9991E-05 0.0178417 0.00282682 0.0454466 0.0168662 0.018589 0.0184778 0.16823 0.553299
0.0449631 0.0214876 0.0240501 9.9982E-05 9.9982E-05 0.0680481 0.0908466 0.022927 0.098058 0.62942
0.0397127 0.0550184 0.0512564 0.0119677 0.00743531 0.043723 0.0172736 9.9991E-05 0.228208 0.545305
0.111715 0.0746189 0.0234013 9.9973E-05 0.00973045 9.9973E-05 0.0882494 9.9973E-05 0.155404 0.536581
0.0989523 0.0502686 0.0972673 0.0222665 0.0210149 9.9991E-05 0.0366074 0.0514498 0.0698265 0.552247
0.117876 0.0427936 9.9973E-05 9.9973E-05 0.0202524 0.0071023 0.131118 9.9973E-05 0.115171 0.565386
0.143765 0.0536552 0.162615 9.99844E-05 9.99844E-05 0.00907172 0.0958107 0.0656426 0.206061 0.263179
0.0820456 0.0849071 0.00972287 9.9982E-05 0.0369421 0.0334256 0.0762981 9.9982E-05 0.132493 0.543966
0.127514 0.0277239 0.0684673 0.010859 0.0144376 9.9982E-05 0.0567191 0.0124635 9.9982E-05 0.681616
0.229418 0.0330917 9.9973E-05 9.9973E-05 0.0624564 0.0341958 0.0148044 9.9973E-05 0.54193 0.0838042
0.0656258 0.0182213 0.194992 9.9973E-05 0.0113216 9.9973E-05 0.191953 9.9973E-05 0.422488 0.095098
0.138101 9.9982E-05 0.00782029 0.00807229 0.0438774 0.054459 0.0563621 9.9982E-05 0.202476 0.488632
0.128795 9.9955E-05 0.194946 9.9955E-05 0.0892467 9.9955E-05 0.240044 9.9955E-05 0.346469 9.9955E-05
0.188748 9.9955E-05 9.9955E-05 0.0193024 9.9955E-05 9.9955E-05 0.0363932 9.9955E-05 0.522881 0.232176
0.132808 9.9955E-05 9.9955E-05 9.9955E-05 0.0543611 9.9955E-05 0.0270959 9.9955E-05 0.405767 0.379469
0.153991 9.9973E-05 9.9973E-05 0.0204121 0.102541 0.0191184 9.9973E-05 0.00829615 0.395471 0.29987
0.220151 9.9955E-05 9.9955E-05 9.9955E-05 0.0263927 9.9955E-05 0.0406971 9.9955E-05 0.444614 0.267646
0.084071 9.9991E-05 0.0476159 0.0206666 0.00662595 0.0216792 0.00823637 0.035925 0.210402 0.564678
0.125657 0.0369219 0.061406 0.00695889 0.0118069 0.0285038 0.0504567 0.0486602 0.113389 0.516239
0.0837385 9.9982E-05 0.0301712 0.00900079 0.0423475 0.0691338 0.0396645 9.9982E-05 0.197074 0.52867
0.119864 9.9964E-05 0.162444 9.9964E-05 0.0232737 9.9964E-05 0.145276 9.9964E-05 0.432368 0.116375
0.0721476 0.0453215 0.0596282 0.00225781 0.07375 0.147854 0.0504086 0.0250924 9.99957E-05 0.52344
9.9982E-05 0.0233299 0.209241 0.0195303 0.0423121 9.9982E-05 0.100623 0.0772801 0.0719933 0.45549
0.0388317 9.9973E-05 0.583001 9.9973E-05 0.079053 0.0537044 0.12122 0.0348511 0.0890396 9.9973E-05
9.9982E-05 0.0110275 0.108972 0.00715065 0.053293 0.088404 0.00904722 9.9982E-05 0.0707889 0.651117
0.0232985 0.0191027 0.309059 9.9982E-05 0.0718234 9.9982E-05 0.0536198 0.080113 0.139917 0.302866
0.070533 0.0558046 0.157544 0.0191257 0.0133597 9.9991E-05 0.0583705 0.0785391 0.0526414 0.493982
0.0948862 9.9982E-05 0.448621 0.00760647 0.0546433 9.9982E-05 0.0127666 0.0261989 0.0655207 0.289557
0.0947363 9.9982E-05 0.519588 0.0125754 0.0738799 9.9982E-05 0.072306 0.0374001 0.0809132 0.108402
0.075187 9.9991E-05 0.297208 0.000360454 0.025462 0.00355212 0.0707295 0.0261329 0.0704493 0.430819
0.0593045 0.0470901 0.162722 9.9982E-05 0.029554 9.9982E-05 0.00407706 0.111689 0.129636 0.455727
0.0516811 0.0406523 0.142163 9.9982E-05 0.10218 0.0526856 9.9982E-05 0.0783802 0.105988 0.42607
9.9982E-05 0.0549768 0.355106 0.00371534 0.121604 9.9982E-05 0.105076 0.0424488 0.263989 0.0528838
0.0152259 0.0407417 0.0567597 0.0256061 0.083058 0.118434 0.0458206 9.9991E-05 0.103151 0.511104
0.0299363 9.9964E-05 0.35335 9.9964E-05 0.0941051 9.9964E-05 0.0979514 9.9964E-05 0.118746 0.305511
0.0330546 9.9964E-05 0.254707 9.9964E-05 0.100323 9.9964E-05 0.0852286 9.9964E-05 0.0959145 0.430372
0.0394252 0.0464792 0.123981 0.0172855 0.00625173 0.0054781 0.00370527 0.114104 0.078531 0.564759
9.9973E-05 0.230353 0.247535 0.0206763 9.9973E-05 0.167055 9.9973E-05 0.187675 0.0137681 0.132638
9.9955E-05 0.134496 0.407893 0.00245696 9.9955E-05 0.246299 9.9955E-05 0.208356 9.9955E-05 9.9955E-05
9.9946E-05 0.137297 0.447753 9.9946E-05 9.9946E-05 0.342719 9.9946E-05 0.0716311 9.9946E-05 9.9946E-05
9.9973E-05 0.243325 0.272998 0.0113504 9.9973E-05 0.141145 9.9973E-05 0.220421 0.0282836 0.0821778
9.9964E-05 9.9964E-05 0.195374 0.02453 0.0737043 9.9964E-05 0.0564949 9.9964E-05 0.0662382 0.583259
0.0549056 0.0520967 0.101169 0.0131475 0.0714071 0.0330155 0.0171476 0.0322538 0.0428405 0.582017
9.9955E-05 0.663388 9.9955E-05 0.0120503 0.000326633 9.9955E-05 9.9955E-05 9.9955E-05 0.022257 0.301478
0.00433799 0.439866 9.9973E-05 0.00817266 9.9973E-05 9.9973E-05 0.0222731 0.0256421 0.144262 0.355146
0.0420196 0.396274 9.9982E-05 0.0191576 0.0106452 9.9982E-05 0.0573478 0.0448053 0.0881713 0.341379
0.00169515 0.00525231 0.450521 9.9973E-05 0.0459809 9.9973E-05 0.132373 9.9973E-05 0.107633 0.256244
0.107862 0.0305879 0.157613 0.0233271 0.0587292 0.0875425 0.0335728 9.9982E-05 9.9982E-05 0.500565
9.9946E-05 9.9946E-05 0.499674 9.9946E-05 9.9946E-05 9.9946E-05 0.0937831 9.9946E-05 0.150507 0.255437
9.9973E-05 9.9973E-05 0.220242 0.0013963 0.0147944 0.0735024 0.0726558 9.9973E-05 0.0349126 0.582196
0.0396634 9.9973E-05 0.336182 0.00385533 9.9973E-05 9.9973E-05 0.0669614 0.0255376 0.055742 0.471758
0.00670272 9.9964E-05 0.300654 0.0100551 0.0100403 9.9964E-05 0.0609794 9.9964E-05 9.9964E-05 0.611169
0.0148421 9.9955E-05 0.580687 9.9955E-05 9.9955E-05 9.9955E-05 0.0888644 9.9955E-05 0.055912 0.259195
0.0508471 0.0496957 0.142662 0.0138602 0.0737116 0.0192242 0.0186958 9.9982E-05 9.9982E-05 0.631104
0.0202142 9.9973E-05 0.189542 0.0163455 0.0270883 0.0678858 9.9973E-05 9.9973E-05 0.0414013 0.637222
9.9937E-05 0.941738 9.9937E-05 9.9937E-05 0.021288 9.9937E-05 9.9937E-05 9.9937E-05 9.9937E-05 0.0362743
9.9946E-05 0.874328 9.9946E-05 9.9946E-05 9.9946E-05 9.9946E-05 0.00810072 9.9946E-05 0.0191375 0.0978338
9.9955E-05 0.529493 9.9955E-05 0.0146147 9.9955E-05 0.053602 9.9955E-05 9.9955E-05 0.119075 0.282716
0.0379415 0.603073 9.9937E-05 9.9937E-05 9.9937E-05 9.9937E-05 9.9937E-05 9.9937E-05 9.9937E-05 0.358286
0.0193362 0.80652 9.9964E-05 0.00808009 0.00172506 9.9964E-05 9.9964E-05 9.9964E-05 0.0294648 0.134474
9.99201E-05 0.999101 9.99201E-05 9.99201E-05 9.99201E-05 9.99201E-05 9.99201E-05 9.99201E-05 9.99201E-05 9.99201E-05
0.0296767 0.950546 9.9937E-05 9.9937E-05 9.9937E-05 9.9937E-05 0.0190778 9.9937E-05 9.9937E-05 9.9937E-05
9.9937E-05 0.822389 9.9937E-05 9.9937E-05 9.9937E-05 9.9937E-05 9.9937E-05 9.9937E-05 0.0056239 0.171288
0.0286843 0.947577 9.9955E-05 0.00789221 0.0140105 0.00133651 9.9955E-05 9.9955E-05 9.9955E-05 9.9955E-05
9.99201E-05 0.999101 9.99201E-05 9.99201E-05 9.99201E-05 9.99201E-05 9.99201E-05 9.99201E-05 9.99201E-05 9.99201E-05
9.9928E-05 0.990713 9.9928E-05 0.00848779 9.9928E-05 9.9928E-05 9.9928E-05 9.9928E-05 9.9928E-05 9.9928E-05
0.00524845 0.75263 9.9964E-05 0.00543644 9.9964E-05 9.9964E-05 9.9964E-05 0.00331825 0.033583 0.199384
0.0210733 0.776931 9.9964E-05 0.0122938 9.9964E-05 0.0201471 9.9964E-05 9.9964E-05 0.0632083 0.105946
9.99201E-05 0.999101 9.99201E-05 9.99201E-05 9.99201E-05 9.99201E-05 9.99201E-05 9.99201E-05 9.99201E-05 9.99201E-05
0.040428 0.397833 0.0393839 0.0320936 0.0293337 0.0111539 0.0198743 0.0401577 0.0614163 0.328326
0.035694 0.659252 0.0192494 0.0251756 0.023198 0.012504 9.9982E-05 0.00231101 9.9982E-05 0.222416
0.00271899 0.784565 9.9964E-05 0.00720129 9.9964E-05 0.0300848 9.9964E-05 0.00236051 9.9964E-05 0.172669
9.9955E-05 0.898104 9.9955E-05 9.9955E-05 0.0193276 0.00372472 9.9955E-05 9.9955E-05 0.00933886 0.0690047
9.99201E-05 0.999101 9.99201E-05 9.99201E-05 9.99201E-05 9.99201E-05 9.99201E-05 9.99201E-05 9.99201E-05 9.99201E-05
9.9937E-05 0.937286 9.9937E-05 9.9937E-05 9.9937E-05 9.9937E-05 9.9937E-05 0.00160465 9.9937E-05 0.0604093
9.9928E-05 0.981652 9.9928E-05 0.0175486 9.9928E-05 9.9928E-05 9.9928E-05 9.9928E-05 9.9928E-05 9.9928E-05
0.0383342 0.637204 9.9982E-05 0.00784118 0.0143541 9.9982E-05 0.00206912 0.0333078 0.0389621 0.227727
9.9937E-05 0.955403 9.9937E-05 0.0178702 0.0260278 9.9937E-05 9.9937E-05 9.9937E-05 9.9937E-05 9.9937E-05
9.9955E-05 0.0589525 0.637844 9.9955E-05 9.9955E-05 0.142431 0.0421294 0.118144 9.9955E-05 9.9955E-05
0.0485986 0.0941439 0.246589 0.016186 9.9982E-05 0.124545 9.9982E-05 0.0631743 0.0451806 0.361383
0.0518688 0.0644777 0.255124 0.0205486 9.9982E-05 0.0571445 0.0282658 0.0659922 9.9982E-05 0.456379
0.039574 0.0875812 0.489877 0.0132059 9.9964E-05 0.15018 9.9964E-05 9.9964E-05 9.9964E-05 0.219182
0.0334569 0.10766 0.157797 9.9982E-05 0.0452905 0.0943134 9.9982E-05 0.0581773 0.063428 0.439677
9.9973E-05 0.101039 0.528569 0.00702227 9.9973E-05 0.179496 0.00742082 0.0224003 9.9973E-05 0.153753
0.00780441 0.102301 0.139149 0.00175473 0.00738792 0.102383 0.0210722 0.068899 0.132145 0.417104
9.9955E-05 0.091005 0.406593 0.00675746 9.9955E-05 0.146118 9.9955E-05 9.9955E-05 9.9955E-05 0.349027
0.0410424 0.123563 0.252721 0.018545 9.9973E-05 0.0769407 9.9973E-05 0.0360942 9.9973E-05 0.450794
9.9982E-05 0.126361 0.260088 0.00553267 0.015792 0.163982 0.00412125 9.9982E-05 0.0262899 0.397634
0.0390308 0.126387 0.180671 0.0273433 9.9982E-05 0.0593449 0.0250341 0.119125 9.9982E-05 0.422864
0.0257805 9.9973E-05 0.0169596 0.0181991 0.00400817 0.38283 9.9973E-05 0.523939 9.9973E-05 0.0279831
0.002053 0.040445 9.9964E-05 0.0267573 9.9964E-05 0.447984 0.0117116 0.470649 9.9964E-05 9.9964E-05
0.0216854 9.9946E-05 9.9946E-05 0.0273694 9.9946E-05 0.495943 9.9946E-05 0.454403 9.9946E-05 9.9946E-05
9.99279E-05 9.99279E-05 9.99279E-05 9.99279E-05 9.99279E-05 0.345551 9.99279E-05 0.653649 9.99279E-05 9.99279E-05
9.9946E-05 9.9946E-05 9.9946E-05 0.0401793 9.9946E-05 0.413954 9.9946E-05 0.480565 0.0647023 9.9946E-05
9.9937E-05 9.9937E-05 9.9937E-05 0.0342726 9.9937E-05 0.610922 9.9937E-05 0.354105 9.9937E-05 9.9937E-05
0.00317889 9.9964E-05 9.9964E-05 0.0543343 9.9964E-05 0.511888 9.9964E-05 0.407491 0.00386987 0.0188388
0.0342649 9.9955E-05 9.9955E-05 0.029276 9.9955E-05 0.530795 0.00463018 0.400534 9.9955E-05 9.9955E-05
9.9955E-05 0.0103296 9.9955E-05 0.0115731 9.9955E-05 0.427009 9.9955E-05 0.500259 0.05033 9.9955E-05
9.9955E-05 9.9955E-05 0.0247691 0.0238781 9.9955E-05 0.436914 9.9955E-05 0.496715 9.9955E-05 0.0172232
0.240813 9.9964E-05 0.0742339 9.9964E-05 0.0606151 0.414662 9.9964E-05 0.194685 0.0145905 9.9964E-05
0.260038 9.9973E-05 0.0286679 0.0274126 0.0215061 0.289423 9.9973E-05 0.320342 0.0523105 9.9973E-05
0.21126 9.9982E-05 0.0508157 0.00161126 0.0630467 0.329462 0.00155285 0.228555 0.113497 9.9982E-05
0.241693 9.9964E-05 0.104456 9.9964E-05 0.00600736 0.361407 9.9964E-05 0.0913436 0.194693 9.9964E-05
0.0664005 9.9964E-05 9.9964E-05 0.042106 0.255586 0.0633377 9.9964E-05 9.9964E-05 0.118273 0.453897
0.0677736 0.00284943 9.9982E-05 0.00376138 0.277207 9.9982E-05 0.0595248 0.0322041 0.08173 0.474749
0.0843705 9.9982E-05 9.9982E-05 0.00999792 0.160339 0.0330096 0.0014695 0.0219041 0.169778 0.51893
0.163934 9.9973E-05 9.9973E-05 0.0224437 0.265085 0.0171549 9.9973E-05 0.0123493 0.206616 0.312117
0.255461 0.00642518 0.00531205 9.9973E-05 0.0179911 9.9973E-05 0.0722444 9.9973E-05 0.523275 0.118991
0.0668313 9.9964E-05 9.9964E-05 9.9964E-05 0.139007 9.9964E-05 0.0392225 0.0400373 0.0827713 0.631731
0.0863517 9.9955E-05 9.9955E-05 9.9955E-05 0.192966 9.9955E-05 0.042262 9.9955E-05 0.0782325 0.599688
0.0345189 0.0205413 0.077969 9.9973E-05 0.235465 9.9973E-05 0.0581809 9.9973E-05 0.0244928 0.548532
9.9955E-05 9.9955E-05 0.0601425 0.000555272 0.531327 9.9955E-05 0.0323462 9.9955E-05 9.9955E-05 0.375129
0.061069 9.9991E-05 0.0429797 0.0188624 0.0875637 0.038842 0.108709 0.0030099 0.0379342 0.60093
0.0639217 9.9955E-05 9.9955E-05 9.9955E-05 0.440716 9.9955E-05 9.9955E-05 0.0325692 0.0455797 0.416714
0.00505447 9.9946E-05 0.0961408 9.9946E-05 0.749159 9.9946E-05 0.149046 9.9946E-05 9.9946E-05 9.9946E-05
0.032847 9.9991E-05 0.053653 0.00600609 0.111917 0.0717711 0.0244523 0.00859447 0.152025 0.538634
9.9946E-05 9.9946E-05 0.121499 9.9946E-05 0.646232 9.9946E-05 0.0646967 9.9946E-05 9.9946E-05 0.166972
0.0233078 0.00321793 9.9973E-05 0.0251406 0.403824 9.9973E-05 0.0268022 0.020458 9.9973E-05 0.496949
0.053689 9.99549E-05 9.99549E-05 9.99549E-05 0.600203 9.99549E-05 9.99549E-05 0.0284559 0.207907 0.109245
0.832445 9.9955E-05 0.0560959 9.9955E-05 9.9955E-05 0.0760548 9.9955E-05 0.00456459 9.9955E-05 0.0303395
0.81121 9.9955E-05 0.0572611 9.9955E-05 9.9955E-05 0.0487162 0.00266165 9.9955E-05 9.9955E-05 0.079651
0.82587 9.9964E-05 0.0691419 0.00760535 0.00891442 0.0350375 9.9964E-05 9.9964E-05 9.9964E-05 0.0530305
0.818774 9.9964E-05 0.068521 9.9964E-05 0.00326532 0.0752731 9.9964E-05 0.011884 9.9964E-05 0.0218832
0.821914 9.9946E-05 0.0505033 9.9946E-05 9.9946E-05 0.000625137 9.9946E-05 9.9946E-05 9.9946E-05 0.126358
0.804098 0.0676024 0.04347 9.9955E-05 9.9955E-05 9.9955E-05 0.0111859 9.9955E-05 9.9955E-05 0.0731435
0.0275988 0.0213562 9.9955E-05 0.00594016 0.0159939 9.9955E-05 9.9955E-05 0.928611 9.9955E-05 9.9955E-05
0.0419149 9.9964E-05 9.9964E-05 0.00377127 0.0309477 0.0293002 9.9964E-05 0.857024 9.9964E-05 0.0366419
0.0273394 0.00502148 9.9964E-05 0.00295953 9.9964E-05 9.9964E-05 0.00285315 0.855871 9.9964E-05 0.105556
0.00440755 0.0266313 9.9955E-05 9.9955E-05 0.0496663 0.0492346 9.9955E-05 0.86956 9.9955E-05 9.9955E-05
0.00617905 9.9955E-05 0.0128303 9.9955E-05 0.0102123 9.9955E-05 9.9955E-05 0.85744 9.9955E-05 0.112839
0.519731 9.9964E-05 0.0698666 0.00101248 0.0313958 0.363243 9.9964E-05 0.0143506 9.9964E-05 9.9964E-05
0.496343 0.0249038 0.0230449 0.0326628 9.9973E-05 0.338401 0.043794 0.0405507 9.9973E-05 9.9973E-05
0.481993 0.00412024 0.0221258 0.0209885 9.9982E-05 0.387179 0.0281693 0.0140028 9.9982E-05 0.0412215
9.99201E-05 9.99201E-05 9.99201E-05 0.999101 9.99201E-05 9.99201E-05 9.99201E-05 9.99201E-05 9.99201E-05 9.99201E-05
0.469246 9.9973E-05 0.0110612 0.0200088 0.0640969 0.377805 0.0541655 9.9973E-05 0.00331594 9.9973E-05
9.9973E-05 0.317361 0.136393 0.0327408 9.9973E-05 0.0681253 0.0156605 0.174573 9.9973E-05 0.254846
0.023276 0.223175 0.0878685 0.0101515 9.9982E-05 0.0422274 9.9982E-05 0.06252 0.0487325 0.501849
9.9946E-05 0.245448 9.9946E-05 9.9946E-05 9.9946E-05 0.102259 9.9946E-05 0.108371 9.9946E-05 0.543322
9.9964E-05 0.236463 0.115388 9.9964E-05 9.9964E-05 0.174086 0.0310897 0.115851 9.9964E-05 0.326724
0.037441 0.098423 0.0174319 0.0303244 9.9991E-05 0.101231 0.0315326 0.0849269 0.100574 0.498015
9.9964E-05 0.287288 0.262335 0.0154897 9.9964E-05 0.23342 0.00954659 0.191521 9.9964E-05 9.9964E-05
0.176774 9.9964E-05 0.0238881 9.9964E-05 9.9964E-05 0.0234736 0.0588084 9.9964E-05 0.289053 0.427604
0.0541272 9.9964E-05 0.122597 9.9964E-05 0.013168 9.9964E-05 0.157528 9.9964E-05 0.263379 0.388801
0.175356 9.9982E-05 0.0146561 0.0157443 0.0455824 0.00404413 0.0128466 9.9982E-05 0.540375 0.191196
0.056554 9.9973E-05 0.0737108 9.9973E-05 0.0299769 0.00773898 0.167742 9.9973E-05 0.158129 0.505849
0.139943 9.9955E-05 0.325845 9.9955E-05 0.0216056 9.9955E-05 0.270394 9.9955E-05 0.241712 9.9955E-05
0.0226272 0.01279 0.121083 0.00837515 9.9991E-05 0.0946254 0.039289 0.003461 0.144215 0.553434
0.0577978 0.0566204 0.0458823 0.0023521 0.0250819 0.0330692 0.140183 9.9991E-05 0.187781 0.451132
0.193268 9.9982E-05 0.049856 0.0277651 0.0393703 0.0133809 0.00631949 9.9982E-05 0.393819 0.276021
0.0721176 0.0371455 0.0670137 9.9991E-05 0.0180878 0.0406014 0.0426366 0.0242308 0.19483 0.503237
9.9955E-05 9.9955E-05 0.218164 9.9955E-05 0.0805917 9.9955E-05 0.138334 9.9955E-05 0.503747 0.0586629
0.0812599 0.00879024 0.0846024 9.9991E-05 0.11036 0.00683685 0.0424021 0.0012553 0.156682 0.507711
0.129244 9.9973E-05 9.9973E-05 0.0184102 0.0431881 0.0202886 0.0259991 9.9973E-05 0.303421 0.45915
9.9982E-05 0.135626 0.0897276 9.9982E-05 0.085401 0.112692 0.0352565 0.00502549 0.130193 0.405879
0.0658566 0.00261955 0.132294 9.9973E-05 0.0574399 9.9973E-05 0.127181 9.9973E-05 0.340752 0.273557
0.0598518 0.0284076 0.125075 9.9973E-05 0.0316339 9.9973E-05 0.119695 9.9973E-05 0.253296 0.381741
0.0708854 0.0397183 0.0559674 9.9973E-05 0.0566661 9.9973E-05 0.097807 9.9973E-05 0.160637 0.518019
0.112732 9.9964E-05 0.102393 9.9964E-05 0.0334795 9.9964E-05 0.0789895 9.9964E-05 0.145887 0.526118
0.0744994 0.0508434 0.0530432 0.0211082 0.0159406 9.9991E-05 0.094625 0.000220461 0.0687949 0.620825
0.0763006 0.0159492 0.0622028 9.9991E-05 0.0635473 0.057669 0.0537793 0.0453424 0.0959511 0.529158
0.0587644 0.00279971 0.0500694 0.00838348 0.0640796 0.0823551 0.00538325 0.00463144 0.178135 0.545399
9.9937E-05 0.0287653 9.9937E-05 9.9937E-05 9.9937E-05 0.90119 9.9937E-05 9.9937E-05 9.9937E-05 0.069345
9.9937E-05 0.00655792 9.9937E-05 9.9937E-05 9.9937E-05 0.909297 9.9937E-05 9.9937E-05 9.9937E-05 0.0834451
0.0307432 9.9964E-05 0.00653104 0.0406589 9.9964E-05 0.650037 9.9964E-05 0.210058 9.9964E-05 0.0615724
9.99475E-05 0.0752217 9.99475E-05 0.00749763 9.99475E-05 0.895475 9.99475E-05 9.99475E-05 9.99475E-05 0.0212061
9.9937E-05 9.9937E-05 9.9937E-05 0.00207974 9.9937E-05 0.915146 9.9937E-05 9.9937E-05 9.9937E-05 0.0820745
0.182094 0.0133594 0.0628997 0.00609169 0.0342913 9.9982E-05 9.9982E-05 0.0383355 0.639118 0.023611
0.0528994 0.0351032 0.00123013 0.0271229 0.0791111 0.0449644 0.0957022 9.9991E-05 0.216644 0.447123
9.9982E-05 0.242777 0.0885132 0.0194692 0.0488413 0.0950354 0.0521187 0.0755903 9.9982E-05 0.377455
0.0689135 0.041302 0.0204407 0.0100272 9.9973E-05 0.00857591 9.9973E-05 9.9973E-05 0.258292 0.592149
0.0782047 9.9964E-05 9.9964E-05 0.0183559 0.0306808 9.9964E-05 9.9964E-05 0.0444367 0.416155 0.411767
0.0781404 9.9964E-05 0.194342 0.00186016 9.9964E-05 9.9964E-05 0.161157 9.9964E-05 0.330993 0.233107
0.278824 9.9955E-05 0.0479837 0.0232167 9.9955E-05 0.0369621 9.9955E-05 9.9955E-05 0.612514 9.9955E-05
0.188586 0.0217428 9.9982E-05 0.0310039 0.0133534 0.0400819 9.9982E-05 0.00279981 0.319278 0.382954
0.267696 0.0474609 0.0313531 0.00191471 9.9991E-05 0.00708188 0.0422226 0.019555 0.453897 0.128719
0.0813611 0.0173834 0.0909162 0.00661707 0.107521 9.9991E-05 0.0481497 0.0712571 0.115672 0.461021
0.228401 9.9973E-05 0.00538888 9.9973E-05 9.9973E-05 0.0671965 0.0652005 0.0201204 0.572789 0.0406035
0.119605 0.0466276 9.9973E-05 9.9973E-05 9.9973E-05 0.0254003 0.0444521 0.0448184 0.187033 0.531763
0.156689 9.9973E-05 0.0235174 0.0430194 0.0867865 0.0172763 9.9973E-05 9.9973E-05 0.635847 0.0365635
0.0726085 0.102636 0.075875 9.9982E-05 0.0232215 9.9982E-05 0.134161 0.0229324 0.405944 0.162422
0.0474789 0.0240499 0.288391 0.0109147 9.9982E-05 0.0267051 9.9982E-05 0.0238303 0.0193232 0.559107
0.0553554 9.9964E-05 0.463718 9.9964E-05 0.017741 9.9964E-05 0.0563275 9.9964E-05 0.0972745 0.309184
0.0252539 9.9973E-05 0.313442 9.9973E-05 0.0352318 0.0368309 9.9973E-05 0.00566212 0.0501345 0.533145
0.0630113 0.0100453 0.176388 0.0354504 0.0191233 0.0763563 9.9982E-05 9.9982E-05 0.0671591 0.552267
0.00727576 9.9964E-05 0.556345 9.9964E-05 0.0556941 9.9964E-05 0.0123297 9.9964E-05 0.0780522 0.289903
0.0662866 0.0402008 0.116872 0.028148 0.0689853 0.0620589 0.0444782 9.9991E-05 0.0464087 0.526461
0.0756593 9.9964E-05 0.283203 0.0211807 0.0370409 9.9964E-05 0.0378946 9.9964E-05 9.9964E-05 0.544622
0.0721375 9.9955E-05 0.546713 9.9955E-05 0.0995241 9.9955E-05 0.117147 9.9955E-05 9.9955E-05 0.163978
0.0561115 9.9955E-05 0.651545 9.9955E-05 0.0349363 9.9955E-05 0.0415751 9.9955E-05 9.9955E-05 0.215332
0.0614581 9.9964E-05 0.377245 0.00490542 0.015459 9.9964E-05 9.9964E-05 9.9964E-05 0.0598073 0.480725
0.107226 9.9955E-05 0.597325 9.9955E-05 0.139548 9.9955E-05 0.0471685 9.9955E-05 9.9955E-05 0.108232
0.0519966 9.9955E-05 0.342681 9.9955E-05 0.0527223 9.9955E-05 9.9955E-05 9.9955E-05 0.119233 0.432868
0.17841 9.9964E-05 9.9964E-05 0.0127933 0.000579896 9.9964E-05 0.0168358 9.9964E-05 0.773025 0.0179569
0.0778304 0.079768 0.0170057 9.9964E-05 9.9964E-05 9.9964E-05 0.268958 9.9964E-05 0.459604 0.0964341
0.145274 0.027858 9.9982E-05 0.0203953 0.0133657 0.0385325 0.0347864 9.9982E-05 0.385079 0.33451
0.101168 0.0197234 9.9991E-05 0.0130606 0.0326594 0.0335244 0.0396577 0.01998 0.194129 0.545997
0.187758 0.0156614 9.9955E-05 9.9955E-05 0.0715085 9.9955E-05 9.9955E-05 9.9955E-05 0.613596 0.110976
0.0510405 0.0533268 0.0778776 0.0141143 0.00759883 9.9991E-05 0.0713982 0.0701841 0.213651 0.440709
0.0635379 0.0340148 0.0193755 0.0217666 0.01859 0.0417929 9.9982E-05 9.9982E-05 0.254184 0.546538
0.0991396 0.0465113 0.0289453 9.9973E-05 0.0891248 9.9973E-05 0.0781685 9.9973E-05 0.218856 0.438955
0.119516 0.0228605 9.9973E-05 0.00287 9.9973E-05 9.9973E-05 0.0640285 0.0353118 0.293966 0.461147
0.2025 0.0278415 9.9973E-05 0.0101334 0.00154092 9.9973E-05 0.0165671 9.9973E-05 0.326539 0.414578
0.172558 0.0156611 9.9973E-05 0.0168716 0.0530413 9.9973E-05 0.0130015 9.9973E-05 0.558059 0.170508
0.172699 0.0442273 9.9964E-05 9.9964E-05 0.0311761 9.9964E-05 0.0367394 9.9964E-05 0.391726 0.323032
0.0956724 0.0286762 0.0470141 9.9973E-05 0.0784891 9.9973E-05 0.0601981 9.9973E-05 0.155084 0.534567
0.0556171 0.0926886 0.0303238 0.00614956 0.0443883 0.0485067 0.0778136 9.9991E-05 0.137301 0.507111
0.090745 0.0795048 0.0783095 0.0196716 0.0520495 9.9991E-05 0.104715 0.0296193 0.285625 0.25966
0.0993555 0.0951195 9.9964E-05 9.9964E-05 0.0419556 9.9964E-05 0.12255 9.9964E-05 0.240495 0.400125
0.192995 0.0378821 9.9964E-05 0.00482995 9.9964E-05 9.9964E-05 0.0303236 9.9964E-05 0.442269 0.291301
0.0816706 0.00453507 9.9973E-05 9.9973E-05 0.00822841 0.0316241 0.0710945 9.9973E-05 0.311917 0.490631
0.0923852 0.0448216 9.9964E-05 9.9964E-05 9.9964E-05 0.067494 0.0351978 9.9964E-05 0.362632 0.397069
0.0458138 0.0518987 9.9982E-05 0.0118089 0.0634071 9.9982E-05 0.0489263 0.11395 0.18301 0.480985
9.9964E-05 0.111249 9.9964E-05 0.00666937 9.9964E-05 0.15794 9.9964E-05 0.202093 0.10975 0.411899
9.9964E-05 0.130192 0.0665385 9.9964E-05 9.9964E-05 9.9964E-05 0.047277 0.157685 0.139911 0.457996
0.0493691 0.146561 0.120814 0.0144473 0.0367385 0.0301501 0.0117603 0.105908 0.0859405 0.398312
0.0312016 0.13701 0.0882825 0.0315176 9.9991E-05 0.0610219 0.0778223 0.0276344 0.0228299 0.52258
9.9982E-05 0.197532 0.124655 9.9982E-05 0.0280489 0.0799395 0.00134194 0.11193 0.0250668 0.431286
0.0719453 9.9964E-05 0.10373 9.9964E-05 0.035984 9.9964E-05 0.144162 9.9964E-05 0.204779 0.439
0.00905689 0.125546 0.0974371 0.0363049 0.0998491 0.0407044 0.018149 0.0734049 0.0194913 0.480056
9.9982E-05 0.175016 0.316948 9.9982E-05 0.00645159 0.0201006 0.0659469 0.184784 0.230421 0.000131661
0.0453716 0.113083 0.104486 0.0422675 9.9991E-05 0.0205011 0.000178175 0.0368875 0.072158 0.564967
0.0740314 0.169726 0.0211102 0.0201112 0.0430434 0.10113 0.00684339 0.0462609 0.0250093 0.492734
0.00301557 0.143385 0.0642243 0.0317663 0.0721591 0.0735537 0.0019175 0.0121157 0.0921589 0.505704
9.9991E-05 0.0750514 0.183648 0.0314625 0.00675811 0.0346529 0.0997363 0.13255 0.149541 0.286499
9.9982E-05 0.137759 0.00286159 0.00929383 9.9982E-05 0.125564 0.0279895 0.105448 0.108663 0.48222
0.0526338 0.152696 0.0915505 0.00571584 9.9982E-05 0.102818 0.0455973 0.0217249 9.9982E-05 0.527063
9.9955E-05 0.135809 0.385203 0.00127383 9.9955E-05 0.190195 9.9955E-05 0.287019 9.9955E-05 9.9955E-05
9.9973E-05 0.152848 0.0144993 9.9973E-05 9.9973E-05 0.0443541 0.0155132 0.153047 0.140052 0.479387
9.9982E-05 0.178371 0.0409102 0.0127244 0.0245424 0.102904 0.0416483 0.0941916 9.9982E-05 0.504509
9.9973E-05 0.067241 0.0661018 9.9973E-05 0.0445313 9.9973E-05 0.0355475 0.131044 0.127513 0.527721
9.9982E-05 0.198211 0.0558735 0.0483344 9.9982E-05 0.0291789 0.0452768 0.12436 0.0101913 0.488373
9.9991E-05 0.0905482 0.0329748 0.0441956 0.0250653 0.092978 0.00138614 0.0985117 0.113909 0.500331
0.0143193 0.00236093 0.0165261 0.00551753 0.104211 0.0327544 0.392896 0.00766618 9.9991E-05 0.423648
0.0103703 0.0482913 9.9982E-05 0.0333883 0.0748691 9.9982E-05 0.230892 0.088209 0.047369 0.466411
0.02572 9.9955E-05 0.0235523 9.9955E-05 0.0553903 9.9955E-05 0.872778 9.9955E-05 0.0220601 9.9955E-05
0.0129248 9.9955E-05 0.0118315 0.000385122 9.9955E-05 9.9955E-05 0.927062 9.9955E-05 0.0472964 9.9955E-05
0.00315774 0.0138123 0.062258 0.0138441 0.00464702 0.0622706 0.264075 9.9991E-05 0.0793799 0.496456
0.000287585 0.281166 0.0844466 9.9973E-05 9.9973E-05 0.0238414 0.135481 0.133412 9.9973E-05 0.341065
9.9955E-05 0.273014 9.9955E-05 9.9955E-05 9.9955E-05 0.0144775 0.239499 0.142596 9.9955E-05 0.329913
9.9964E-05 0.292344 0.0308589 9.9964E-05 9.9964E-05 0.0164581 0.330136 0.173358 9.9964E-05 0.156445
9.9973E-05 0.242587 0.0241438 0.0338438 9.9973E-05 0.000527294 0.243006 0.158075 9.9973E-05 0.297518
9.9964E-05 0.0464952 0.0929524 0.0309707 9.9964E-05 0.0741986 0.708246 9.9964E-05 9.9964E-05 0.0467377
9.9964E-05 0.0759981 0.00644463 0.0364371 9.9964E-05 0.0811628 0.707146 9.9964E-05 9.9964E-05 0.0924116
9.9955E-05 0.0623613 9.9955E-05 9.9955E-05 9.9955E-05 0.055153 0.361297 9.9955E-05 0.0126259 0.508063
9.9946E-05 0.0908414 9.9946E-05 9.9946E-05 9.9946E-05 0.0639441 0.484553 9.9946E-05 9.9946E-05 0.360062
9.9955E-05 0.0483328 9.9955E-05 0.0370241 9.9955E-05 0.0211976 0.69562 9.9955E-05 9.9955E-05 0.197325
9.9973E-05 0.0668878 0.0309444 9.9973E-05 9.9973E-05 0.0419793 0.281431 0.0190579 0.0670074 0.492392
9.9955E-05 0.0661746 9.9955E-05 0.00260098 9.9955E-05 9.9955E-05 0.330091 0.0353061 9.9955E-05 0.565327
9.9964E-05 0.05384 0.0543031 9.9964E-05 0.0250994 0.097967 0.26608 9.9964E-05 9.9964E-05 0.502311
9.9964E-05 9.9964E-05 9.9964E-05 0.00887122 0.0238508 9.9964E-05 0.636923 0.0134599 0.0167218 0.299773
9.9955E-05 9.9955E-05 0.00274838 9.9955E-05 9.9955E-05 0.00278742 0.510578 9.9955E-05 0.0929547 0.390432
0.0384694 0.00295886 0.0136783 9.9982E-05 0.05562 0.0596826 0.310647 0.000319437 9.9982E-05 0.518424
0.0990513 0.0296289 0.0145079 9.9973E-05 9.9973E-05 0.0546339 0.390413 0.0010332 9.9973E-05 0.410432
0.0496518 0.0557593 0.03546 9.9982E-05 0.0427876 0.100949 0.210722 9.9982E-05 0.0678616 0.436608
9.9964E-05 9.9964E-05 0.0572754 9.9964E-05 0.0222345 9.9964E-05 0.417411 0.00774123 0.0658759 0.429063
0.023342 9.9955E-05 9.9955E-05 0.00456302 0.0210844 9.9955E-05 0.799269 9.9955E-05 9.9955E-05 0.151242
9.9946E-05 9.9946E-05 9.9946E-05 0.000407887 9.9946E-05 0.0492619 0.347206 9.9946E-05 9.9946E-05 0.602524
0.0414692 0.00332348 9.9964E-05 9.9964E-05 0.00689823 9.9964E-05 0.766675 9.9964E-05 0.0611055 0.120128
9.9964E-05 9.9964E-05 9.9964E-05 0.00757203 9.9964E-05 0.0223671 0.499942 0.0111432 0.00674077 0.451835
0.0661883 9.9973E-05 9.9973E-05 0.0224562 9.9973E-05 0.0263977 0.313357 0.0248273 0.00664941 0.539824
0.055744 0.0135059 9.9982E-05 9.9982E-05 0.0446354 0.000234443 0.277395 0.050961 0.0272491 0.530075
0.0191755 0.119367 0.101063 0.038905 9.9982E-05 0.139781 0.0816251 9.9982E-05 0.029652 0.470231
0.00150801 0.112666 0.0648175 0.0268949 0.0622538 0.0861872 0.110863 0.0886325 9.9991E-05 0.446077
9.9982E-05 0.260908 0.126677 0.00519032 9.9982E-05 0.123496 0.0892013 0.0564759 0.013032 0.324819
9.9991E-05 0.244736 0.0778696 0.023953 0.0148361 0.163327 0.0984299 0.0104738 0.0597035 0.306572
0.00226295 0.205354 0.0778218 0.0288042 0.0122739 0.0978202 0.0296013 0.0175885 0.111667 0.416806
0.0373349 0.136117 0.0456413 0.0312741 0.0110983 0.0204803 0.150723 0.111079 0.0338157 0.422437
9.9964E-05 0.0997615 0.0277469 0.0247767 9.9964E-05 0.151099 0.691206 0.00501036 9.9964E-05 9.9964E-05
9.9982E-05 0.208348 0.0162325 0.0302507 0.030846 0.0828279 0.0948763 0.00544853 9.9982E-05 0.53097
9.9955E-05 0.0949219 0.228207 9.9955E-05 9.9955E-05 0.283102 0.345654 0.0476158 9.9955E-05 9.9955E-05
9.9955E-05 0.14948 9.9955E-05 9.9955E-05 9.9955E-05 0.0434499 0.288413 0.0250076 9.9955E-05 0.49315
9.9928E-05 9.9928E-05 9.9928E-05 9.9928E-05 9.9928E-05 9.9928E-05 0.912742 9.9928E-05 9.9928E-05 0.0864584
