0.0519048 0.837247 9.9973E-05 0.0577936 9.9973E-05 0.0527543 9.9973E-05
9.9964E-05 0.881666 9.9964E-05 0.0543439 9.9964E-05 9.9964E-05 0.0635901
0.0299404 0.70155 0.114794 0.129603 9.9982E-05 0.0239127 9.9982E-05
0.044097 0.708761 0.0424714 0.0970798 9.9982E-05 0.107391 9.9982E-05
0.0125943 0.844518 0.0704055 0.0119229 0.0603589 9.9982E-05 9.9982E-05
9.9991E-05 0.596619 0.153446 0.0188997 0.128371 0.0551669 0.0473972
0.00796199 0.784551 9.9991E-05 0.0730943 0.0783709 0.0541944 0.00172728
0.032377 0.701249 0.00162602 0.052212 0.104335 0.108101 9.9991E-05
9.9982E-05 0.824869 9.9982E-05 0.024852 0.000313313 0.0641033 0.0856628
0.0280297 0.685129 0.125881 0.0606217 0.0946219 0.00561611 9.9991E-05
9.9982E-05 0.702969 0.0150465 0.0186323 0.136078 0.127074 9.9982E-05
0.0432391 9.9982E-05 0.338758 9.9982E-05 0.022292 0.462362 0.133149
0.0218595 9.9973E-05 0.596607 0.059844 9.9973E-05 0.32139 9.9973E-05
0.09377 0.0506669 0.27619 0.021528 9.9991E-05 0.468293 0.0894521
0.218362 9.9991E-05 0.252021 0.0451868 0.0334208 0.410176 0.040733
0.143217 0.0535264 0.392487 9.9991E-05 0.117339 0.244604 0.0487262
0.0484687 0.0736971 0.567253 0.0300315 0.0295508 0.218892 0.0321066
0.0304395 9.9991E-05 0.440301 0.044695 0.0877197 0.253178 0.143566
0.0708442 0.132227 0.347262 0.043061 9.9991E-05 0.319833 0.0866733
0.0861585 9.9973E-05 9.9973E-05 0.00317382 0.211921 0.698447 9.9973E-05
0.131131 0.00347976 0.343085 0.0589671 0.0105188 0.314998 0.137821
0.0118765 9.9991E-05 0.462534 0.0737676 0.141921 0.121155 0.188646
9.999E-05 0.0972236 0.58178 0.00494422 0.0556407 0.19656 0.0637512
0.00905138 9.9991E-05 0.381363 0.0667791 0.0420444 0.359116 0.141546
0.0737787 0.17608 0.593627 9.9982E-05 0.0545701 0.101745 9.9982E-05
0.109971 0.0285944 0.519853 9.9991E-05 0.114708 0.164497 0.0622758
0.0753712 0.0154336 0.213902 0.0298453 9.9991E-05 0.481633 0.183715
0.206675 9.9982E-05 0.187499 0.0273195 9.9982E-05 0.481415 0.0968922
9.9982E-05 0.0296373 0.328515 9.9982E-05 0.106597 0.445506 0.0895456
9.995E-05 9.995E-05 9.995E-05 0.9994 9.995E-05 9.995E-05 9.995E-05
9.995E-05 9.995E-05 9.995E-05 0.9994 9.995E-05 9.995E-05 9.995E-05
0.063627 0.462244 0.0681003 0.367553 9.9982E-05 9.9982E-05 0.0382766
0.114906 0.53752 0.0558961 0.265032 0.00391642 9.9991E-05 0.0226294
9.9982E-05 0.042756 0.5673 9.9982E-05 0.0227088 0.101334 0.265702
9.9982E-05 0.11763 0.576104 9.9982E-05 0.000675839 0.142027 0.163364
9.9964E-05 0.0715483 0.59322 9.9964E-05 9.9964E-05 9.9964E-05 0.334832
0.0160788 0.0765941 0.176456 0.0464881 9.9991E-05 0.591372 0.0929111
0.00471638 0.0450427 0.280194 0.0314931 9.9982E-05 9.9982E-05 0.638353
0.0687941 0.0209532 0.514463 0.0239039 9.9991E-05 0.158607 0.213179
0.0436699 0.0558336 0.768922 9.9982E-05 0.00125346 9.9982E-05 0.130121
0.00141331 0.0374073 0.579005 0.00647775 0.218574 0.0588126 0.0983102
0.043286 0.0559463 0.633145 0.060419 0.060417 0.092361 0.0544255
9.9991E-05 0.00143719 0.218442 0.0409109 0.028435 0.17253 0.538145
0.0408435 0.0229394 0.615362 9.9982E-05 0.242399 9.9982E-05 0.0782565
0.0419268 0.0838613 0.517905 0.00233218 0.03061 9.9991E-05 0.323265
0.0681633 0.0765607 0.459261 0.0592468 0.0532803 0.0897366 0.193751
9.9955E-05 9.9955E-05 0.323521 9.9955E-05 9.9955E-05 9.9955E-05 0.675979
9.9982E-05 0.0441698 0.697978 0.0178164 0.0396677 9.9982E-05 0.200168
9.9982E-05 0.131374 0.625912 0.0566052 0.0823471 9.9982E-05 0.103562
9.9964E-05 0.103979 9.9964E-05 9.9964E-05 0.157237 9.9964E-05 0.738384
9.9973E-05 9.9973E-05 0.185408 9.9973E-05 0.124551 0.447371 0.24237
0.029058 9.9982E-05 0.0627241 9.9982E-05 0.322491 0.242285 0.343241
0.110455 0.129266 0.572861 0.00971384 0.0681197 0.0561562 0.0534291
0.0771399 0.076516 0.601267 0.0300837 0.0813306 0.0902576 0.0434056
0.106336 0.0682639 0.586456 9.9991E-05 0.0321623 0.116713 0.0899686
9.9991E-05 0.0699898 0.130048 0.0376164 0.0821378 0.359089 0.321019
9.9982E-05 9.9982E-05 0.564052 0.0650273 0.100917 0.211077 0.0587266
0.133031 0.0891785 0.553486 9.9982E-05 0.111327 0.112777 9.9982E-05
0.0208874 0.0228755 0.396309 0.0806252 0.0837466 0.28435 0.111207
0.0484793 0.159404 0.0937833 0.0454184 0.119434 0.350579 0.182902
0.0656218 0.0133045 0.499065 0.0703203 0.0693053 0.067235 0.215148
0.0224109 0.0807694 0.442528 0.0256832 0.0661662 0.263351 0.0990905
9.9982E-05 9.9982E-05 0.000163734 0.105245 0.108249 0.551032 0.235111
0.0271611 9.9991E-05 0.528096 0.00416134 0.108341 0.197896 0.134244
0.0661533 9.9991E-05 0.562503 0.0988791 0.149832 0.00289737 0.119635
0.0597163 0.0227594 0.54499 0.0750955 0.0757576 0.138817 0.0828643
0.10263 0.0360222 0.243953 0.00622213 0.0279328 0.334465 0.248775
0.0509094 9.9991E-05 0.460603 0.0824751 0.155961 0.108435 0.141516
0.0174129 0.0249441 0.555116 0.0616158 0.0307425 0.166735 0.143433
9.9982E-05 9.9982E-05 0.199282 0.0516199 0.144137 0.446393 0.158369
9.9964E-05 9.9964E-05 0.593782 9.9964E-05 9.9964E-05 0.0506118 0.355206
9.9973E-05 9.9973E-05 0.286946 0.0216218 9.9973E-05 0.158535 0.532597
0.104189 0.0151015 0.571431 0.0463166 0.0655026 9.9991E-05 0.19736
9.9973E-05 0.0300484 0.113121 9.9973E-05 0.025973 9.9973E-05 0.830558
9.9973E-05 9.9973E-05 0.0596671 9.9973E-05 0.0455237 0.029896 0.864613
9.9973E-05 0.0236505 0.282937 9.9973E-05 9.9973E-05 0.0180171 0.675095
9.9982E-05 0.0449201 0.466931 0.0228328 9.9982E-05 0.045976 0.41914
0.0770063 0.194967 0.567105 9.9991E-05 0.00165469 0.0583731 0.100794
0.0613919 9.9991E-05 0.405579 0.0311468 0.00791175 0.0502725 0.443598
0.0260341 0.101402 0.197698 9.9982E-05 9.9982E-05 0.167762 0.506904
9.9982E-05 0.0581705 0.250039 0.000715651 9.9982E-05 0.320969 0.369906
0.091523 0.0262073 0.566918 9.9973E-05 9.9973E-05 9.9973E-05 0.315051
0.00238818 0.033802 0.359373 0.0280788 9.9991E-05 0.0901021 0.486155
9.9982E-05 0.0492894 0.466734 0.0486271 9.9982E-05 0.0381291 0.39702
9.9964E-05 9.9964E-05 0.403345 0.0612453 9.9964E-05 9.9964E-05 0.53501
0.0160653 0.0123013 0.0552581 9.9991E-05 0.158497 0.00521474 0.752563
0.103803 0.00799587 0.548852 0.00286199 0.00529201 0.0905386 0.240657
0.044659 0.738217 0.0744114 0.067005 9.9982E-05 0.0755073 9.9982E-05
9.9964E-05 0.767996 0.0801618 0.151442 9.9964E-05 9.9964E-05 9.9964E-05
0.0306193 0.721944 0.0930729 0.132233 9.9982E-05 0.0219306 9.9982E-05
0.00612226 0.83737 0.0454973 0.11071 9.9973E-05 9.9973E-05 9.9973E-05
0.0263512 0.759691 0.0710686 0.129759 9.9982E-05 9.9982E-05 0.0129303
0.0478545 0.824685 0.0681814 0.0589787 9.9973E-05 9.9973E-05 9.9973E-05
0.00272952 0.882022 0.048386 0.0665626 9.9973E-05 9.9973E-05 9.9973E-05
0.13557 0.0936575 0.422445 9.9982E-05 9.9982E-05 0.097988 0.250139
0.196883 0.100618 0.474724 0.00708038 9.9991E-05 0.0530352 0.16756
9.9982E-05 0.0428281 0.0610943 0.0183513 9.9982E-05 0.110536 0.76699
0.0976419 0.0704213 0.597146 0.0125235 0.0789342 9.9991E-05 0.143233
0.00306763 0.0383444 0.478935 9.9982E-05 9.9982E-05 0.145155 0.334298
9.9973E-05 0.0485765 0.635718 0.0106786 9.9973E-05 9.9973E-05 0.304727
9.9973E-05 9.9973E-05 0.607597 0.0683286 0.0736966 9.9973E-05 0.250078
0.0740012 9.9982E-05 0.461204 0.0292911 0.014779 9.9982E-05 0.420525
9.9973E-05 0.066994 9.9973E-05 0.00774747 9.9973E-05 0.215727 0.709231
0.0260284 0.130238 0.548381 0.0198471 0.1238 0.0719781 0.0797276
0.0784535 0.0624174 0.584014 0.00369559 0.0807283 0.0515919 0.139099
0.100072 0.0663851 0.481923 0.0404495 0.0688958 0.112373 0.129901
9.9973E-05 9.9973E-05 0.310961 0.00451592 0.142538 9.9973E-05 0.541685
0.0414172 9.9982E-05 0.474183 0.027055 0.00893451 9.9982E-05 0.44821
0.0201419 0.0931198 0.42731 0.0207061 9.9991E-05 0.111459 0.327163
0.0745831 9.9973E-05 0.366646 0.00828193 9.9973E-05 9.9973E-05 0.550189
9.9982E-05 0.0572259 0.503516 0.0108992 9.9982E-05 0.146733 0.281426
0.00837752 0.114795 0.600594 0.0475091 9.9991E-05 0.105702 0.122923
0.0298244 0.030969 0.19251 0.0387803 0.139891 0.285193 0.282832
0.0335051 0.108611 0.41564 0.0653129 0.0139702 0.362861 9.9991E-05
0.00352853 0.134425 0.55474 0.00153721 0.0146642 0.14479 0.146315
0.043714 0.122878 0.607182 0.0274515 0.0238717 0.135088 0.0398156
9.9982E-05 0.0130586 0.551407 0.085043 0.0220119 0.32828 9.9982E-05
9.9982E-05 9.9982E-05 0.646767 0.0263682 0.0719439 0.216744 0.0379765
0.00266983 0.0937025 0.521363 9.9982E-05 9.9982E-05 0.315826 0.0662393
0.090739 0.0652817 0.465616 0.0879072 9.9991E-05 0.115783 0.174574
9.9991E-05 0.120413 0.685405 0.00659125 0.0324516 0.133462 0.0215767
9.9991E-05 0.0330141 0.613798 0.0297168 0.025144 0.130529 0.167698
9.9973E-05 9.9973E-05 0.562759 0.0354006 9.9973E-05 0.317135 0.0844054
0.0767099 0.11663 0.626344 9.9991E-05 0.0817094 0.0579682 0.0405383
0.104946 0.149793 0.567299 0.0501556 0.0134636 0.0570702 0.0572734
0.0849353 9.9973E-05 0.553653 9.9973E-05 9.9973E-05 0.221085 0.140026
0.125067 0.0174995 0.525708 0.0700603 0.112692 0.138588 0.0103849
0.0685824 9.9991E-05 0.520907 0.0523638 0.0579388 0.215239 0.0848691
0.0110137 0.0914498 0.40442 0.0309515 0.222984 0.239081 9.9991E-05
0.0427725 0.0162351 0.597799 9.9991E-05 0.0819416 0.197593 0.0635591
0.0187528 0.0223424 0.688891 0.0231556 0.0791814 0.167577 9.9991E-05
0.15473 9.9973E-05 0.183556 9.9973E-05 9.9973E-05 0.407134 0.25428
0.0335236 9.9991E-05 0.136965 0.011521 0.311734 0.239108 0.267048
0.0410293 0.0751076 0.610792 0.0179378 0.0872374 0.16613 0.00176635
0.0961047 9.9982E-05 0.0172535 9.9982E-05 0.185921 0.307918 0.392604
9.9982E-05 0.0278724 0.314988 9.9982E-05 0.0387579 0.46501 0.153171
9.9973E-05 0.0202777 0.538446 9.9973E-05 9.9973E-05 0.310866 0.130111
9.9982E-05 0.020233 0.354068 0.0175623 9.9982E-05 0.394578 0.213358
0.034494 9.9982E-05 0.295599 9.9982E-05 0.0245181 0.493861 0.151328
0.0797409 0.0718135 0.599339 0.0485256 0.0329874 0.130771 0.0368225
0.0131265 0.131504 0.660771 0.0298544 9.9991E-05 0.0777861 0.0868586
0.0229017 0.0563617 0.571051 0.0141289 0.0774356 0.0913813 0.16674
0.0873789 9.9982E-05 0.160397 9.9982E-05 0.199513 0.369394 0.183117
9.9982E-05 0.12483 0.541465 0.0276265 9.9982E-05 0.105894 0.199985
0.131875 9.9991E-05 0.430452 0.01999 0.284168 0.0929204 0.0404944
9.9982E-05 0.0875472 9.9982E-05 0.0319078 0.482602 0.155989 0.241754
9.9982E-05 0.0800039 0.629211 0.0373064 0.143884 9.9982E-05 0.109395
0.00502516 0.144661 0.348764 9.9982E-05 0.219185 9.9982E-05 0.282165
0.0494423 0.0662679 0.471076 0.066653 0.185866 0.0161227 0.144572
0.0380592 0.078583 0.288856 0.0253993 0.375856 0.0593399 0.133907
9.9991E-05 0.0168342 0.222895 0.0251069 0.426807 0.134241 0.174016
0.0384887 0.083774 0.429169 0.0145702 0.246139 0.0499525 0.137907
0.0956548 0.044519 0.482758 9.9991E-05 0.224958 0.0934503 0.05856
0.11722 0.0936614 0.252676 0.0139324 0.183515 0.124767 0.214228
0.164959 0.0190258 9.9991E-05 0.0271478 0.357227 0.105337 0.326203
0.03913 0.13172 0.576812 0.0573821 0.00805898 0.0564959 0.130401
9.9973E-05 9.9973E-05 0.450043 9.9973E-05 0.281111 0.0658979 0.202648
9.9973E-05 9.9973E-05 0.488172 9.9973E-05 0.197282 0.142486 0.17176
0.104668 0.062564 0.565261 0.0142303 0.125219 9.9991E-05 0.127957
0.247571 0.239297 0.179106 0.0745748 0.259251 9.9982E-05 9.9982E-05
0.144054 0.499413 9.9973E-05 0.0134598 0.342773 9.9973E-05 9.9973E-05
0.148745 0.358062 9.9973E-05 0.0490387 0.443855 9.9973E-05 9.9973E-05
0.292287 0.322487 0.134496 0.0556013 0.194928 9.9982E-05 9.9982E-05
0.0148994 9.9973E-05 0.629233 9.9973E-05 0.299957 9.9973E-05 0.0556099
0.0236691 0.0292267 0.646585 0.0518583 0.152514 0.0294317 0.0667151
0.636425 9.9973E-05 0.326687 0.031671 9.9973E-05 0.00491776 9.9973E-05
0.46581 9.9982E-05 0.292648 0.0640582 9.9982E-05 0.157661 0.0196224
0.390935 0.136232 0.354215 0.03133 0.0699908 0.00328275 0.0140141
9.9982E-05 0.00109745 0.407456 9.9982E-05 0.41216 0.0120989 0.166988
0.0620563 0.018014 0.520926 0.0172027 0.268681 0.0291599 0.0839594
9.9964E-05 9.9964E-05 0.241753 9.9964E-05 0.637191 9.9964E-05 0.120656
9.9973E-05 9.9973E-05 0.6444 9.9973E-05 0.223587 0.0727077 0.0590059
0.013985 0.0218597 0.517541 9.9991E-05 0.316296 0.0429988 0.0872191
0.0650276 0.0139301 0.542785 0.0180543 0.247275 0.0534815 0.0594471
9.9973E-05 9.9973E-05 0.241742 9.9973E-05 0.500338 0.0637175 0.193903
0.0757347 0.0122109 0.602748 0.06031 0.126281 9.9991E-05 0.122616
0.123023 0.0738044 0.5014 0.0162694 0.220817 9.9991E-05 0.064586
0.987342 0.00390576 0.00835203 9.9964E-05 9.9964E-05 9.9964E-05 9.9964E-05
0.884281 9.9955E-05 0.115219 9.9955E-05 9.9955E-05 9.9955E-05 9.9955E-05
0.601655 9.9982E-05 0.289451 0.0550806 0.00368667 9.9982E-05 0.0499273
0.640621 0.0394465 0.304363 0.00561214 9.9982E-05 0.00975706 9.9982E-05
0.800435 9.9964E-05 0.162157 9.9964E-05 9.9964E-05 0.037009 9.9964E-05
0.9994 9.995E-05 9.995E-05 9.995E-05 9.995E-05 9.995E-05 9.995E-05
0.934101 9.9955E-05 9.9955E-05 9.9955E-05 9.9955E-05 0.0653989 9.9955E-05
0.860615 9.9955E-05 0.138885 9.9955E-05 9.9955E-05 9.9955E-05 9.9955E-05
0.933089 9.9964E-05 0.0183724 9.9964E-05 9.9964E-05 0.0481387 9.9964E-05
0.9994 9.995E-05 9.995E-05 9.995E-05 9.995E-05 9.995E-05 9.995E-05
0.979037 9.9955E-05 9.9955E-05 0.0204631 9.9955E-05 9.9955E-05 9.9955E-05
0.738407 0.0320292 0.171969 0.0572952 9.9973E-05 9.9973E-05 9.9973E-05
0.818046 0.0814823 0.0654526 9.9973E-05 9.9973E-05 9.9973E-05 0.0347196
0.975925 9.9955E-05 9.9955E-05 9.9955E-05 9.9955E-05 0.0235749 9.9955E-05
0.454074 0.0496073 0.35984 0.0445974 0.0658815 9.9991E-05 0.0259001
0.679281 0.0159808 0.204006 0.0334793 9.9982E-05 0.0670528 9.9982E-05
0.724521 0.0245541 0.208694 0.0375306 9.9982E-05 0.00450042 9.9982E-05
0.82428 9.9991E-05 0.096208 0.0412192 0.00374131 0.0289513 0.00549967
0.96993 9.9964E-05 0.01969 0.00998013 9.9964E-05 9.9964E-05 9.9964E-05
0.90303 9.9964E-05 0.0837001 0.0128702 9.9964E-05 9.9964E-05 9.9964E-05
0.999059 9.9955E-05 9.9955E-05 0.000441042 9.9955E-05 9.9955E-05 9.9955E-05
0.620757 9.9982E-05 0.202468 0.0243141 9.9982E-05 0.122433 0.0298278
0.942377 9.9964E-05 9.9964E-05 9.9964E-05 9.9964E-05 0.0220459 0.0351777
0.0343098 0.286268 9.9973E-05 9.9973E-05 0.630544 9.9973E-05 0.0485785
0.113082 0.0702137 0.339295 0.0579873 0.254741 0.164581 9.9991E-05
0.0615266 0.231787 0.436064 9.9991E-05 0.20536 0.0240309 0.0411319
0.111964 0.10168 0.183862 0.0721948 0.530099 9.9982E-05 9.9982E-05
0.142163 0.0934605 0.509251 0.00293494 0.175279 0.0623465 0.0145648
0.0927579 0.202973 0.176212 0.0373431 0.398774 9.9991E-05 0.0918391
0.0554572 0.171429 0.461179 9.9991E-05 0.209013 0.06516 0.0376618
0.120274 0.169364 0.410311 9.9982E-05 0.292735 9.9982E-05 0.00711686
0.0916868 0.126935 0.486729 0.081934 0.209051 0.00356461 9.9991E-05
0.225963 0.109841 0.355111 0.00600415 0.302881 9.9982E-05 9.9982E-05
0.0648821 0.198052 0.542308 9.9973E-05 0.194458 9.9973E-05 9.9973E-05
9.9982E-05 0.821775 0.0284641 0.0126154 0.0754606 0.0614845 9.9982E-05
0.0781213 0.795217 9.9964E-05 0.126262 9.9964E-05 9.9964E-05 9.9964E-05
9.9982E-05 0.88618 0.0130129 0.0841482 0.0124349 9.9982E-05 0.00402369
9.9982E-05 0.917832 0.00809933 0.0525586 9.9982E-05 0.011545 0.00976558
0.00377081 0.72794 9.9982E-05 0.183157 0.0158985 0.0690331 9.9982E-05
0.0653782 0.81609 9.9973E-05 0.110334 9.9973E-05 9.9973E-05 0.00789766
0.08721 0.810356 9.9964E-05 0.102034 9.9964E-05 9.9964E-05 9.9964E-05
0.00678174 0.823268 0.00871743 0.0542118 0.0935648 9.9991E-05 0.0133559
0.0205487 0.873234 0.0455803 0.0412642 9.9982E-05 9.9982E-05 0.0191725
0.120243 0.812319 9.9982E-05 0.0271295 0.0362408 0.0038674 9.9982E-05
0.000825163 0.607986 9.9982E-05 0.0486655 9.9982E-05 0.177682 0.164642
0.0128722 0.521446 0.029656 0.0543198 9.9991E-05 0.325829 0.0557769
9.9982E-05 0.463534 9.9982E-05 0.0647695 0.073405 0.289512 0.108579
9.9973E-05 0.487417 9.9973E-05 9.9973E-05 0.0399432 0.354305 0.118034
9.9973E-05 0.1244 0.560669 9.9973E-05 9.9973E-05 0.13954 0.175091
0.093181 0.0328782 0.49776 9.9991E-05 0.00487317 0.0892379 0.28197
0.00844739 0.0712572 0.569228 0.00679986 0.0180541 0.216221 0.109993
0.0242716 0.083451 0.45251 0.0122402 0.0311209 0.229231 0.167176
0.018474 9.9982E-05 0.20878 9.9982E-05 0.0195751 0.608951 0.14402
9.9982E-05 0.0915456 0.638508 9.9982E-05 0.0169728 0.0163809 0.236392
0.0479677 9.9982E-05 0.557634 9.9982E-05 0.0327784 0.0428908 0.318529
9.9982E-05 9.9982E-05 0.654006 0.0225781 0.0188232 0.0610961 0.243297
0.0719727 9.9973E-05 0.382002 9.9973E-05 9.9973E-05 0.0092519 0.536473
9.9991E-05 0.0831536 0.677972 0.0187675 0.0848648 0.0621435 0.0729983
0.015071 9.9973E-05 0.471588 9.9973E-05 9.9973E-05 0.109907 0.403134
9.9973E-05 9.9973E-05 9.9973E-05 0.0158088 0.0606557 0.0889796 0.834256
9.9982E-05 0.022618 0.546676 9.9982E-05 0.140152 0.19006 0.100295
9.9973E-05 0.0230849 0.28014 9.9973E-05 0.134986 9.9973E-05 0.561489
0.0114709 0.010726 0.590403 0.0148915 0.01413 9.9991E-05 0.358278
9.9973E-05 0.047686 0.182112 9.9973E-05 9.9973E-05 0.189024 0.580879
9.9964E-05 0.121086 9.9964E-05 9.9964E-05 0.128538 0.749976 9.9964E-05
9.9973E-05 0.0615742 0.0669274 9.9973E-05 0.14062 0.730579 9.9973E-05
9.9964E-05 0.00951352 9.9964E-05 9.9964E-05 0.159602 0.830484 9.9964E-05
9.9973E-05 0.111911 9.9973E-05 9.9973E-05 0.0494982 0.813874 0.0244164
9.9982E-05 0.0316797 0.0535801 0.0240178 0.0531674 0.837355 9.9982E-05
9.9973E-05 0.0532721 0.100857 9.9973E-05 0.0447244 0.800846 9.9973E-05
9.9964E-05 0.798887 0.123577 0.0771359 9.9964E-05 9.9964E-05 9.9964E-05
0.0536535 0.760922 0.0718916 0.0569484 9.9982E-05 0.0563849 9.9982E-05
0.121477 0.661049 0.081897 0.0889053 0.0464715 9.9982E-05 9.9982E-05
0.0916984 0.707761 0.0434504 0.0769569 9.9982E-05 0.0799332 9.9982E-05
0.0932994 0.786836 0.101222 0.0153307 9.9982E-05 0.00311224 9.9982E-05
9.9973E-05 0.411643 9.9973E-05 0.00662213 9.9973E-05 0.557046 0.0243888
9.9982E-05 0.462541 9.9982E-05 0.0251895 0.0178677 0.397057 0.0971456
9.9973E-05 0.43105 9.9973E-05 0.0195921 9.9973E-05 0.427105 0.121953
9.995E-05 9.995E-05 9.995E-05 0.9994 9.995E-05 9.995E-05 9.995E-05
0.0155813 0.377138 9.9973E-05 9.9973E-05 9.9973E-05 0.461561 0.145419
0.361057 0.234544 0.267876 9.9982E-05 0.114009 0.0223148 9.9982E-05
0.205664 0.199456 0.552978 0.00165805 0.0388943 9.9991E-05 0.00124935
0.266619 0.122849 0.484675 0.0861974 0.0394608 9.9982E-05 9.9982E-05
0.186305 0.24663 0.418163 0.0174627 0.0932808 0.0380585 9.9991E-05
0.140626 0.182219 0.496992 0.0247842 0.120369 0.0307173 0.00429291
0.281023 0.449964 9.9964E-05 9.9964E-05 0.268613 9.9964E-05 9.9964E-05
9.9982E-05 0.0404955 0.453353 9.9982E-05 0.0422058 0.390936 0.0728099
0.0252229 9.9982E-05 0.382319 9.9982E-05 0.118163 0.255839 0.218256
0.0292435 0.035764 0.312984 0.050402 9.9991E-05 0.52891 0.0425969
9.9973E-05 9.9973E-05 0.506947 9.9973E-05 0.0533605 0.159399 0.279993
9.9964E-05 9.9964E-05 9.9964E-05 9.9964E-05 0.350666 0.167372 0.481563
9.9982E-05 0.0591736 0.536348 9.9982E-05 0.11196 0.150948 0.14137
0.0481656 9.9991E-05 0.454072 0.0406549 0.11409 0.191231 0.151687
9.9982E-05 9.9982E-05 0.349432 0.059369 0.0264606 0.440287 0.124252
0.0437567 0.121791 0.574514 9.9991E-05 0.0507753 0.173227 0.0358359
9.9991E-05 0.0245644 0.123993 0.00866438 0.305357 0.286197 0.251124
0.0326581 9.9991E-05 0.483494 0.0380155 0.248732 0.139389 0.0576112
0.0948084 0.0111064 0.462853 0.00838015 0.0370443 0.327747 0.05806
0.15621 0.111619 0.431206 0.019652 0.0815439 0.124487 0.0752817
9.9973E-05 9.9973E-05 0.417543 9.9973E-05 0.159505 0.255731 0.16692
9.9982E-05 0.0164754 0.479747 0.0220504 9.9982E-05 0.211566 0.269962
0.0471476 0.0191591 0.502949 9.9991E-05 0.163374 0.105093 0.162177
0.024291 0.0322507 0.567595 9.9991E-05 0.0582687 0.174393 0.143102
0.0623464 0.0645945 0.674972 0.011033 0.027451 0.105935 0.0536682
0.0382987 0.063531 0.620131 0.0371493 0.00463859 0.140079 0.0961733
0.0699535 0.0666834 0.520555 9.9991E-05 0.0670734 0.176816 0.0988184
0.0365744 0.786147 0.176878 9.9964E-05 9.9964E-05 9.9964E-05 9.9964E-05
0.0886396 0.785535 0.058633 0.0177196 0.0142214 9.9991E-05 0.035151
9.9973E-05 0.787931 0.0674696 9.9973E-05 0.0954583 0.0488415 9.9973E-05
0.0731915 0.788125 9.9982E-05 0.0218727 9.9982E-05 0.0351597 0.0814513
9.9973E-05 0.782006 0.127203 0.0725487 0.0179423 9.9973E-05 9.9973E-05
0.0358695 0.0128171 0.251677 9.9982E-05 9.9982E-05 0.615011 0.0844264
0.0954861 9.9991E-05 0.485739 0.022425 0.0943667 0.206674 0.0952093
0.117498 0.243398 0.485245 9.9973E-05 0.153559 9.9973E-05 9.9973E-05
0.0348609 0.00533515 0.640274 0.0710084 0.0724885 0.175933 9.9991E-05
0.0434355 0.036618 0.546334 0.00831384 0.031445 0.217403 0.116451
0.0299348 9.9991E-05 0.347156 0.0581085 0.223059 0.323114 0.0185267
9.9982E-05 0.126837 9.9982E-05 0.0317903 0.0579151 0.603783 0.179474
0.0417254 9.9991E-05 0.513935 0.00639569 0.0280753 0.358501 0.0512678
0.0785172 9.9991E-05 0.133209 0.0444694 0.0905007 0.559423 0.0937807
0.0581637 0.0273051 0.40092 0.00389247 0.138079 0.204555 0.167085
9.9982E-05 0.155956 0.175062 0.00247522 9.9982E-05 0.587089 0.0792171
0.053442 0.0656728 0.577361 0.0739821 9.9982E-05 0.229342 9.9982E-05
0.0163592 0.0339291 0.177183 0.0583085 0.0187459 0.509948 0.185527
0.0378828 0.0629417 0.363093 0.000248833 0.156732 0.287762 0.0913396
0.0481356 0.0744199 0.489517 9.9991E-05 0.202684 0.155243 0.0299006
9.9964E-05 9.9964E-05 0.322829 9.9964E-05 0.475791 0.20098 9.9964E-05
0.0285878 0.0586224 0.579831 9.9991E-05 0.19155 0.104511 0.0367976
9.9973E-05 0.176421 0.538469 9.9973E-05 0.22327 0.0615396 9.9973E-05
9.9973E-05 9.9973E-05 0.369036 9.9973E-05 0.462797 0.0939082 0.0739586
0.100394 0.0524008 0.43029 0.0225523 0.124387 0.162674 0.107302
9.9982E-05 0.0503684 0.558089 9.9982E-05 0.232241 0.033839 0.125262
9.9973E-05 9.9973E-05 0.081145 9.9973E-05 0.677187 0.0395484 0.20182
9.9973E-05 9.9973E-05 0.302208 9.9973E-05 0.625355 0.0102994 0.0618382
9.9964E-05 9.9964E-05 0.610241 9.9964E-05 0.346564 0.0427956 9.9964E-05
9.9973E-05 9.9973E-05 0.172479 9.9973E-05 0.52596 0.107276 0.193984
9.9973E-05 9.9973E-05 0.468186 9.9973E-05 0.361905 0.0929451 0.0766638
0.0459623 9.9991E-05 0.137181 0.0225055 0.0286799 0.62536 0.140211
9.9973E-05 9.9973E-05 0.283695 9.9973E-05 0.190253 0.307361 0.218392
0.0880472 0.0456806 0.351751 0.0114687 0.021362 0.30616 0.175531
0.0671466 9.9973E-05 0.615978 0.0609533 9.9973E-05 0.255623 9.9973E-05
0.0085617 9.9982E-05 0.320401 9.9982E-05 0.0103164 0.553302 0.107218
0.104973 0.095768 0.431774 9.9991E-05 0.0885115 0.144512 0.134361
0.0604748 0.0962697 0.594249 0.0335903 0.0371128 0.168803 0.00950097
0.100722 0.0212191 0.444175 9.9991E-05 0.0553515 0.188624 0.189808
0.104935 9.9982E-05 0.49069 0.0334175 9.9982E-05 0.233857 0.1369
0.028916 0.00881624 0.410194 0.0369257 9.9991E-05 0.390574 0.124474
0.0626934 9.9973E-05 0.263968 9.9973E-05 9.9973E-05 0.512261 0.160777
0.12323 0.0100126 0.302743 9.9991E-05 0.00389861 0.46777 0.0922452
0.0533356 9.9973E-05 0.553924 9.9973E-05 0.118944 0.273496 9.9973E-05
0.03874 9.9991E-05 0.633281 0.0394754 0.125309 0.138783 0.0243122
9.9991E-05 0.0963118 0.443575 0.0230998 0.140142 0.198232 0.0985395
0.0757233 9.9982E-05 0.477381 9.9982E-05 0.0970041 0.217219 0.132473
9.9982E-05 0.0633687 0.372528 0.0650761 0.16713 0.331698 9.9982E-05
0.0258084 0.0301884 0.685126 0.0297954 9.9991E-05 0.224894 0.0040873
0.0410324 0.0772153 0.566262 9.9991E-05 0.00181264 0.282928 0.0306497
0.0345938 0.12776 0.538719 0.0107989 0.0209464 0.153258 0.113924
0.153695 0.311036 0.403556 0.0381651 0.0533487 0.0400988 9.9991E-05
0.220356 0.085306 0.444014 0.047039 0.0909687 9.9991E-05 0.112217
0.204223 0.071574 0.485982 0.0674459 0.132661 0.0380149 9.9991E-05
0.160209 0.0290153 0.519693 0.0451845 0.023972 0.154676 0.0672504
0.209667 0.128215 0.430764 0.101716 0.00736574 0.025905 0.0963683
0.0451464 9.9982E-05 0.450593 9.9982E-05 0.156364 0.209693 0.138003
0.150963 0.181515 0.380509 0.0521078 0.0193819 0.0878594 0.127664
0.16115 0.229899 9.9973E-05 9.9973E-05 0.427433 9.9973E-05 0.181218
0.175139 0.121448 0.549119 0.0249488 0.0621328 0.0660906 0.00112156
0.180415 0.095998 0.499415 0.0373875 0.0217886 9.9991E-05 0.164896
0.182434 0.0657652 0.526681 0.0101057 0.101535 0.0126838 0.100795
0.106844 0.115759 0.324955 0.0745449 0.254294 0.103028 0.0205762
0.225917 0.188868 0.428656 0.00069454 0.155663 9.9982E-05 9.9982E-05
0.231258 0.0976172 0.487628 0.0430357 0.129948 0.00404689 0.00646616
0.210355 0.417956 9.9982E-05 0.0633139 0.248684 9.9982E-05 0.0594913
0.262666 0.0985417 0.431009 0.12032 9.9991E-05 0.0460955 0.0412672
0.306771 0.0926803 0.41601 0.0351714 0.0332314 0.0719641 0.0441717
0.152108 0.0665656 0.534813 0.0658159 0.00977696 0.0818997 0.0890202
0.0891351 0.228146 0.611624 0.0307713 0.0401242 9.9982E-05 9.9982E-05
0.17559 0.162198 0.408148 0.0467483 0.0199017 0.128312 0.0591013
0.0164799 0.058297 0.450033 9.9991E-05 0.0271014 0.0787016 0.369287
0.1404 0.0967834 0.421989 9.9991E-05 0.108014 0.0382558 0.194458
0.00703919 9.9982E-05 0.0430646 9.9982E-05 0.294709 0.0336506 0.621336
9.9973E-05 9.9973E-05 0.0380503 9.9973E-05 0.283725 0.103066 0.574859
0.0892483 0.0412357 0.537832 0.0542637 0.0996474 0.0472246 0.130548
0.35926 0.100705 0.394076 9.9982E-05 0.097294 0.0484651 9.9982E-05
0.428416 0.0512857 0.255476 0.0115289 0.0843601 9.9991E-05 0.168833
0.359351 0.188145 0.0714301 0.0211469 0.111988 0.055477 0.192463
0.270641 0.103319 0.324365 0.0682608 0.210106 9.9991E-05 0.0232086
0.141268 0.042755 0.055596 0.00155525 0.426777 9.9991E-05 0.331949
0.172233 0.0531121 0.112774 0.0421477 0.248521 9.9991E-05 0.371113
0.110243 9.9991E-05 0.501711 0.0283788 0.0706986 0.0262683 0.2626
0.119582 0.0949393 0.464551 9.9982E-05 0.0238067 9.9982E-05 0.296921
0.143936 0.0104772 0.171357 0.0659756 0.218701 9.9991E-05 0.389454
0.117407 9.9991E-05 0.535732 0.00829673 0.133804 0.0921057 0.112555
0.210881 9.9982E-05 0.430815 9.9982E-05 0.0846561 0.0744502 0.198998
0.0666539 0.102113 0.494603 0.0115063 0.117511 0.134131 0.073482
9.9973E-05 9.9973E-05 0.373047 9.9973E-05 0.174204 0.100598 0.351851
0.0866142 9.9991E-05 0.279687 0.0212333 0.130221 0.0540267 0.428118
0.0661565 0.0577549 0.542462 0.0393214 0.0658262 0.0294166 0.199063
0.0761608 0.0453787 0.312738 0.00414697 0.18567 0.0902853 0.28562
0.0646564 0.132827 0.502898 9.9991E-05 0.135225 0.0131458 0.151147
9.9982E-05 0.00537219 0.491291 0.022859 0.311156 9.9982E-05 0.169122
9.9973E-05 9.9973E-05 0.210908 9.9973E-05 0.29927 0.114806 0.374716
0.0671425 0.0304383 0.535552 0.0107913 0.0936361 9.9991E-05 0.26234
0.0159594 9.9982E-05 0.207362 9.9982E-05 0.17136 0.0928677 0.512251
9.9982E-05 9.9982E-05 0.449188 0.0197562 0.291539 0.0267263 0.21259
0.0784776 0.0501047 0.510476 0.0797623 0.00268915 0.0359546 0.242536
9.9982E-05 9.9982E-05 0.477262 0.031399 0.126575 0.0653626 0.299201
0.258939 0.124644 0.361523 9.9991E-05 0.13275 0.085511 0.0365333
0.215376 0.0941369 0.376306 0.041704 0.206672 0.0217631 0.0440423
0.279365 0.139638 0.277934 0.0381298 0.115581 0.0738323 0.0755194
0.247483 0.0767321 0.287445 0.0615179 0.162848 0.120987 0.042986
0.159499 0.170228 0.474336 0.00339249 0.0820864 0.110357 9.9991E-05
0.156358 0.04167 0.386678 0.121448 0.101763 0.11467 0.0774133
0.15927 0.179608 9.9982E-05 0.033043 0.348031 9.9982E-05 0.279849
0.196578 0.0714141 0.570004 0.0516658 0.0501178 0.0601205 9.9991E-05
0.150556 0.331731 9.9982E-05 0.028688 0.461309 9.9982E-05 0.0275152
0.229553 0.110499 0.516744 9.9982E-05 0.0604511 9.9982E-05 0.0825521
9.9964E-05 9.9964E-05 0.11106 9.9964E-05 0.28355 9.9964E-05 0.60499
9.9973E-05 9.9973E-05 9.9973E-05 0.0238987 0.246765 0.0186108 0.710426
0.124686 9.9973E-05 0.393951 9.9973E-05 0.12764 9.9973E-05 0.353422
0.074455 0.0345945 0.602439 0.0217177 0.0304786 9.9991E-05 0.236215
9.9973E-05 9.9973E-05 0.426817 9.9973E-05 0.214472 0.0232593 0.335151
0.0548791 9.9973E-05 0.48492 0.0233097 9.9973E-05 9.9973E-05 0.436591
0.0267311 9.9991E-05 0.528993 0.00721025 0.109548 0.030059 0.297359
0.0458437 0.735704 0.0412033 0.0998812 9.9982E-05 9.9982E-05 0.0771674
0.123809 0.660197 9.9991E-05 0.0584198 0.00400719 0.140945 0.0125218
0.0704868 0.807617 9.9973E-05 0.0651059 9.9973E-05 0.0564905 9.9973E-05
9.9964E-05 0.774702 0.0339603 0.190938 9.9964E-05 9.9964E-05 9.9964E-05
0.0487104 0.0110797 0.470275 0.0958123 9.9991E-05 0.0414675 0.332555
9.9982E-05 0.0801284 0.521491 0.0694288 9.9982E-05 0.0288486 0.299903
9.9982E-05 0.0210598 0.559513 0.060801 9.9982E-05 0.010101 0.348326
9.9991E-05 0.110796 0.615994 0.00860062 0.0178469 0.0193172 0.227346
0.0426607 0.0647114 0.584231 9.9991E-05 0.147176 0.0508554 0.110265
9.9973E-05 0.0347287 0.297942 9.9973E-05 9.9973E-05 0.131413 0.535617
0.0109491 0.0353929 0.642364 9.9973E-05 9.9973E-05 9.9973E-05 0.310993
9.9973E-05 9.9973E-05 0.426655 0.0290225 0.20878 9.9973E-05 0.335242
0.173663 0.238982 0.446432 0.0238879 0.000386876 0.0708227 0.0458246
0.078122 9.9973E-05 0.381621 9.9973E-05 9.9973E-05 0.119299 0.420658
9.9973E-05 9.9973E-05 0.343999 0.0419532 9.9973E-05 0.139228 0.474521
0.015342 9.9982E-05 0.596851 0.0262522 9.9982E-05 0.0377699 0.323585
9.9982E-05 0.0630092 0.415872 0.0114376 9.9982E-05 0.0886011 0.42088
9.9973E-05 9.9973E-05 0.63095 0.043827 9.9973E-05 0.00633584 0.318587
9.9973E-05 0.0546087 0.668829 9.9973E-05 9.9973E-05 0.0424632 0.233799
9.9955E-05 9.9955E-05 0.131956 9.9955E-05 9.9955E-05 9.9955E-05 0.867544
9.9991E-05 0.0146048 0.310047 0.0499225 0.0801351 0.0221761 0.523014
9.9982E-05 0.0369372 0.338854 0.0250168 9.9982E-05 0.0538215 0.545171
9.9955E-05 9.9955E-05 9.9955E-05 9.9955E-05 0.138741 9.9955E-05 0.860759
0.0161981 0.0257617 0.407537 9.9982E-05 9.9982E-05 0.102988 0.447316
9.9964E-05 9.9964E-05 0.187932 9.9964E-05 0.265965 9.9964E-05 0.545703
9.9973E-05 0.0475081 9.9973E-05 9.9973E-05 0.104963 0.00252709 0.844702
0.0195268 0.0134421 0.672571 0.0115411 0.026237 9.9991E-05 0.256582
9.9982E-05 0.0679085 0.221061 0.0149437 9.9982E-05 0.126943 0.568944
0.0941082 0.0188145 0.412345 0.00707011 0.0157663 0.132555 0.319341
0.128729 0.0414025 0.502587 0.0628502 0.0386958 9.9991E-05 0.225636
0.0277871 9.9973E-05 0.522726 9.9973E-05 9.9973E-05 0.0947282 0.354459
0.0703761 9.9982E-05 0.344569 9.9982E-05 0.203904 0.226442 0.154509
0.0867998 0.0129698 0.535071 9.9991E-05 0.0166881 0.0614386 0.286932
0.0660233 9.9982E-05 0.483108 0.0482977 9.9982E-05 0.085469 0.316902
9.9964E-05 9.9964E-05 0.363005 9.9964E-05 0.0449442 9.9964E-05 0.591651
0.0137294 0.0636422 0.567548 0.0106244 0.0818941 0.060608 0.201954
9.9991E-05 0.573935 0.00462714 0.0640559 0.0589198 0.281291 0.0170711
9.9991E-05 0.689597 0.0360213 0.0925472 0.0507588 0.101919 0.0290563
9.9982E-05 0.707026 9.9982E-05 0.116517 0.0462477 0.120435 0.00957377
9.9973E-05 0.668773 9.9973E-05 0.124118 0.0901925 0.116616 9.9973E-05
9.9973E-05 0.637398 9.9973E-05 0.0833586 0.0963883 0.182555 9.9973E-05
9.9973E-05 0.054395 0.197341 9.9973E-05 9.9973E-05 0.108853 0.639111
9.9973E-05 0.0900442 0.151178 9.9973E-05 9.9973E-05 0.12602 0.632459
9.9964E-05 9.9964E-05 0.198596 9.9964E-05 0.0264031 9.9964E-05 0.774601
0.1334 0.133315 0.41366 9.9973E-05 9.9973E-05 9.9973E-05 0.319326
0.0879934 0.0993695 0.474537 0.0422708 0.0146705 0.0799516 0.201207
0.0320834 0.0631413 0.297048 0.0017575 0.0712629 0.00819295 0.526514
0.0580187 9.9991E-05 0.624212 0.0422461 0.0380051 0.00458706 0.232831
0.0530379 0.0933395 0.360137 9.9973E-05 9.9973E-05 9.9973E-05 0.493186
9.9982E-05 0.0242615 0.586483 0.0192213 9.9982E-05 0.101371 0.268464
9.9982E-05 0.0195026 0.683813 0.0234806 9.9982E-05 0.0460555 0.226948
0.0468054 9.9973E-05 0.245166 9.9973E-05 9.9973E-05 0.166216 0.541512
9.9973E-05 9.9973E-05 0.446399 0.00781661 9.9973E-05 0.126979 0.418505
9.9973E-05 0.0174206 0.387901 9.9973E-05 9.9973E-05 0.131371 0.463008
9.9982E-05 0.135866 0.604611 0.00804716 0.154859 0.0964175 9.9982E-05
9.9982E-05 0.0237607 0.488724 0.00800145 9.9982E-05 0.0459643 0.43335
0.085407 9.9982E-05 0.404395 0.00468794 9.9982E-05 0.0840883 0.421221
0.455159 0.0881001 0.42182 9.9973E-05 9.9973E-05 0.0346207 9.9973E-05
0.532948 0.031362 0.325442 0.054188 0.0166313 0.0393282 9.9991E-05
0.440147 0.0699745 0.399978 0.0329914 0.000369371 0.0564401 9.9991E-05
0.518899 0.0857285 0.247131 0.0511509 0.0912146 9.9991E-05 0.00577602
0.396655 0.0558354 0.388042 0.034311 0.0425911 0.0824655 9.9991E-05
0.0318844 9.9973E-05 0.567735 9.9973E-05 0.198171 9.9973E-05 0.20191
0.734207 0.150669 0.00111191 0.0922631 0.0215495 9.9982E-05 9.9982E-05
0.556803 0.110365 0.26741 0.0382937 9.9982E-05 9.9982E-05 0.0269291
0.146449 0.0836774 0.444764 0.0356267 0.282143 9.9991E-05 0.00723961
9.9982E-05 0.0567011 0.614618 0.0687407 0.196162 0.0635781 9.9982E-05
0.0519679 9.9991E-05 0.353033 0.0791502 0.351085 0.121283 0.0433812
9.9982E-05 0.0462563 0.624958 0.00867966 0.204206 0.115701 9.9982E-05
0.0282247 0.100171 0.606628 0.0140282 0.136435 9.9991E-05 0.114414
0.478996 0.155718 0.262566 0.0664452 0.0360741 9.9982E-05 9.9982E-05
0.462599 0.0561976 0.277657 0.0376247 0.0266564 0.116827 0.022439
0.488773 0.028497 0.460908 0.00964306 9.9982E-05 0.0119792 9.9982E-05
0.319663 0.075821 0.45284 0.0542749 9.9991E-05 0.0239626 0.0733382
0.477726 0.131059 0.259033 0.0197274 0.0714587 9.9991E-05 0.0408954
0.374303 0.115548 0.301699 0.0249711 9.9991E-05 0.0515978 0.131782
0.529929 0.138922 0.250368 0.0517602 0.00347788 9.9991E-05 0.0254437
0.435556 9.9982E-05 0.38602 0.032074 0.0692387 0.0769115 9.9982E-05
9.9982E-05 0.0262345 0.572826 0.0134206 0.347526 0.039793 9.9982E-05
0.347873 0.0613496 0.331255 0.0843371 0.0867572 0.0850279 0.0034004
0.676715 0.0507539 0.169041 0.0488805 0.0544095 9.9982E-05 9.9982E-05
0.368635 9.9991E-05 0.307207 0.0377449 0.0696253 0.0934309 0.123257
9.9982E-05 0.131776 0.249779 0.0156419 0.291364 0.311239 9.9982E-05
0.102594 9.9991E-05 0.554952 0.0453603 0.261088 0.0231194 0.0127861
0.401401 0.121162 0.307267 9.9991E-05 0.0741191 0.0696225 0.0263278
0.00263487 0.0681427 0.629717 0.0328542 0.194652 0.0718989 9.9991E-05
9.9991E-05 0.126248 0.503022 0.0226936 0.228761 0.0420637 0.0771116
0.26255 0.179311 0.300686 0.0212235 0.0453269 0.0587099 0.132193
0.289617 0.217737 0.345276 0.0347556 0.0612436 9.9991E-05 0.0512702
0.156771 0.0673695 0.505417 0.0837262 0.00722877 0.0387292 0.140758
0.346696 0.0609843 0.287407 0.12716 0.020531 0.0285127 0.128709
0.454285 0.139911 0.331952 0.0186185 0.0259293 9.9991E-05 0.0292038
0.536399 0.250206 0.176717 0.00435015 0.0321281 9.9982E-05 9.9982E-05
0.069019 0.0514152 0.593412 0.0617651 0.0913881 9.9991E-05 0.132901
9.9991E-05 0.0444221 0.510977 0.0654314 0.226311 0.113563 0.0391956
0.0464021 0.0203394 0.15487 0.037735 0.701339 9.9991E-05 0.039215
0.0773662 0.156765 0.567728 9.9982E-05 0.159937 0.0380032 9.9982E-05
0.0385507 0.0605535 0.465144 0.0485533 0.178543 0.203184 0.00547119
0.12342 0.135237 0.518592 0.0553636 0.167188 9.9982E-05 9.9982E-05
0.0676748 0.1401 0.40424 0.0208626 0.142733 0.0983118 0.126078
0.201687 0.248718 9.9964E-05 9.9964E-05 0.549195 9.9964E-05 9.9964E-05
0.0835759 0.181509 9.9973E-05 0.0611539 0.673461 9.9973E-05 9.9973E-05
0.127099 0.0857027 0.268001 0.0225177 0.311448 0.153957 0.0312741
0.201541 0.235628 9.9982E-05 0.0524946 0.477746 9.9982E-05 0.0323904
0.257003 0.363803 9.9973E-05 0.00595518 0.372939 9.9973E-05 9.9973E-05
0.195185 0.0918601 0.324957 0.0201662 0.339479 9.9991E-05 0.0282524
0.181453 0.160582 0.366763 0.0063835 0.175784 0.0750981 0.0339366
0.175973 0.268204 0.195044 9.9982E-05 0.309392 0.0511869 9.9982E-05
0.1482 0.206792 0.0531875 0.0536919 0.537928 9.9982E-05 9.9982E-05
0.188098 0.0666324 0.45462 0.0179751 0.189876 0.0293832 0.0534149
0.0875466 0.147012 0.190377 0.0472424 0.449742 9.9991E-05 0.0779798
0.0559922 0.314848 9.9973E-05 0.0651656 0.563694 9.9973E-05 9.9973E-05
0.155811 0.0942723 0.564514 0.0568426 0.0937718 9.9991E-05 0.0346885
0.256268 0.141915 0.257761 9.9991E-05 0.230613 0.0914994 0.0218446
0.140263 0.228782 0.444705 0.0335361 9.9991E-05 0.0929805 0.0596332
0.255753 0.129804 0.541956 0.0360996 0.0361871 9.9982E-05 9.9982E-05
0.142475 0.208574 0.611174 9.9982E-05 0.00614621 9.9982E-05 0.0314306
0.227304 0.180674 0.434847 9.9982E-05 0.117125 9.9982E-05 0.0398499
0.2583 0.331464 0.318741 0.0101986 0.0424633 0.0387325 9.9991E-05
0.16097 0.195565 0.503921 0.044663 0.00465405 0.0901274 9.9991E-05
0.269588 0.176259 0.423612 0.0650889 0.0226807 9.9991E-05 0.0426719
0.182861 0.142936 0.37668 0.118516 0.165249 0.00889649 0.00486145
0.147861 0.174326 0.24691 9.9991E-05 0.0170311 0.0934673 0.320305
0.110432 0.209177 0.549995 9.9991E-05 0.0362947 0.0167808 0.0772207
0.200841 0.0998266 0.520565 0.0454685 0.125025 0.00817392 9.9991E-05
0.0482082 0.177295 0.622888 0.0126444 9.9982E-05 9.9982E-05 0.138764
0.272324 0.216969 0.325292 0.0503238 0.0847717 0.0502191 9.9991E-05
0.148632 0.173036 0.517555 0.0519989 0.0800377 9.9991E-05 0.0286408
0.221389 0.391666 0.154976 9.9982E-05 0.156078 9.9982E-05 0.0756917
0.148705 0.121914 0.475739 0.0806526 0.052997 0.119892 9.9991E-05
0.298402 0.31762 0.241013 9.9973E-05 0.142665 9.9973E-05 9.9973E-05
9.9991E-05 0.800694 0.0103113 0.0048871 0.00381954 0.125667 0.0545209
9.9973E-05 0.0835102 0.118137 9.9973E-05 9.9973E-05 0.788193 0.00986006
9.9955E-05 0.0408855 9.9955E-05 9.9955E-05 9.9955E-05 0.958615 9.9955E-05
9.9955E-05 9.9955E-05 9.9955E-05 0.0476453 9.9955E-05 0.951855 9.9955E-05
9.9955E-05 9.9955E-05 0.0331253 9.9955E-05 9.9955E-05 0.966375 9.9955E-05
0.0515638 9.9964E-05 9.9964E-05 0.013246 9.9964E-05 0.93479 9.9964E-05
9.9964E-05 9.9964E-05 0.100273 0.0445505 9.9964E-05 0.854776 9.9964E-05
9.9982E-05 0.0193136 9.9982E-05 0.0376839 0.011539 0.915163 0.0161005
9.9973E-05 0.15935 0.00601351 0.0497762 9.9973E-05 0.78456 9.9973E-05
0.0225194 0.766212 0.0550476 0.115379 0.0155213 0.025221 9.9991E-05
0.00231804 0.685576 0.0487628 0.126268 9.9982E-05 0.136875 9.9982E-05
0.0315318 0.778583 0.0219416 0.112532 9.9982E-05 0.0552112 9.9982E-05
9.9982E-05 0.744363 0.0240885 0.0690988 0.0126714 0.149579 9.9982E-05
0.0351001 0.86043 0.0425796 0.0114304 9.9982E-05 0.0502602 9.9982E-05
9.9973E-05 0.868144 9.9973E-05 0.0456147 9.9973E-05 0.0353055 0.0506355
0.134649 0.63771 0.00237524 0.119727 0.0122693 0.0931698 9.9991E-05
0.0400471 0.815005 0.0553196 0.0893281 9.9973E-05 9.9973E-05 9.9973E-05
0.0627594 0.666189 0.0364876 0.0610213 9.9991E-05 0.0829186 0.090524
0.0854754 0.818018 9.9991E-05 0.0574526 0.00246413 0.0109604 0.0255298
9.9964E-05 0.884981 9.9964E-05 0.0931101 9.9964E-05 0.0215087 9.9964E-05
0.0568394 0.764523 0.0351831 0.0681986 0.0331173 0.0420384 9.9991E-05
0.00424806 0.926769 0.0186089 0.00642896 0.00865036 0.035195 9.9991E-05
0.0525966 0.795286 0.0272075 0.104024 0.0206861 9.9982E-05 9.9982E-05
0.0117564 0.765181 0.104964 0.101126 9.9982E-05 9.9982E-05 0.0167719
0.0254985 0.761625 0.113422 0.0991546 9.9973E-05 9.9973E-05 9.9973E-05
0.106339 0.734612 0.104022 0.0547271 9.9973E-05 9.9973E-05 9.9973E-05
0.0660723 0.719784 0.137439 0.0764048 9.9973E-05 9.9973E-05 9.9973E-05
0.0565871 0.732216 0.118981 0.0919159 9.9973E-05 9.9973E-05 9.9973E-05
9.9973E-05 0.132503 0.430136 9.9973E-05 0.316309 0.120752 9.9973E-05
9.9982E-05 0.0419509 0.703099 0.0346635 0.170233 0.0498538 9.9982E-05
0.0563681 0.110575 0.589483 0.0547782 0.125931 9.9991E-05 0.062765
9.9991E-05 0.00249163 0.174648 0.0217334 0.679781 0.0200928 0.101153
9.9982E-05 0.110156 0.567783 0.0130888 0.197965 0.110808 9.9982E-05
9.9964E-05 0.0850083 0.189203 9.9964E-05 0.725389 9.9964E-05 9.9964E-05
0.0373704 0.0983084 0.63527 0.0193386 0.172683 0.03693 9.9991E-05
9.9973E-05 0.0394006 0.481567 9.9973E-05 0.31855 0.160182 9.9973E-05
0.00208133 0.0971596 0.508967 0.0110069 0.286224 0.0944609 9.9991E-05
0.0144942 0.0638415 0.527299 9.9982E-05 9.9982E-05 0.089573 0.304593
9.9982E-05 0.0160082 0.456429 0.0297381 0.345676 0.151948 9.9982E-05
9.9964E-05 0.0343621 0.679932 9.9964E-05 0.285306 9.9964E-05 9.9964E-05
0.0347114 9.9982E-05 0.575769 0.0597416 0.189445 0.140133 9.9982E-05
0.112645 9.9982E-05 9.9982E-05 0.00201855 0.128661 0.518722 0.237753
9.9964E-05 9.9964E-05 9.9964E-05 9.9964E-05 0.835243 0.110905 0.053452
9.9964E-05 9.9964E-05 0.194048 9.9964E-05 0.741861 0.0636906 9.9964E-05
0.0188323 0.0147017 0.700458 0.0397332 0.176029 0.0501453 9.9991E-05
9.9982E-05 0.12306 0.57449 0.0205143 0.257211 0.0245248 9.9982E-05
9.9982E-05 0.0972017 0.524471 0.00441236 0.332455 9.9982E-05 0.0412604
0.0774338 0.036574 0.548619 0.0498543 0.112593 0.00398845 0.170937
0.215461 0.154909 0.443513 9.9982E-05 0.129957 0.0559599 9.9982E-05
0.129159 0.156627 0.593543 0.0323368 9.9982E-05 0.0881336 9.9982E-05
