0.0218588 0.930426 0.0251218 0.0224934 9.9991E-05
0.00340121 0.990615 9.9982E-05 0.00578348 9.9982E-05
0.0682323 0.876966 9.9991E-05 0.0334039 0.0212974
0.131282 0.837162 0.00241878 0.0290366 9.9991E-05
0.0801873 0.91745 9.9982E-05 0.00216323 9.9982E-05
0.0879827 0.689082 0.0428341 0.0788336 0.101267
0.0306331 0.83693 9.9991E-05 0.02818 0.104156
0.036121 0.762087 9.9991E-05 0.105329 0.0963628
9.9982E-05 0.84633 9.9982E-05 0.145761 0.00770929
0.049354 0.785859 0.0123248 0.0548966 0.0975661
0.0932972 0.76687 9.9991E-05 0.0705977 0.0691349
0.26908 0.011922 0.0557285 0.548655 0.114615
0.575887 0.0699693 0.0615891 0.251686 0.0408681
0.309928 0.0262073 0.0628736 0.51743 0.0835607
0.329731 0.0470276 0.108057 0.470798 0.0443869
0.452407 0.110014 0.127056 0.288935 0.0215881
0.57601 0.0224213 0.110654 0.232251 0.0586636
0.540228 0.0362722 0.0575779 0.27643 0.089491
0.311155 0.124563 0.088074 0.362403 0.113805
0.10716 0.0157837 9.9991E-05 0.715857 0.161099
0.492671 0.0286531 0.0524821 0.308543 0.117651
0.444645 0.0243863 0.122418 0.155589 0.252962
0.619465 0.0530407 0.0335283 0.179427 0.114539
0.306257 0.0752308 0.0553416 0.461771 0.1014
0.639893 0.0788298 0.113746 0.0858476 0.0816836
0.55104 0.0446958 0.0828517 0.313135 0.00827752
0.317065 0.0481878 0.0127958 0.51406 0.107891
0.333995 0.0493092 0.0895613 0.480549 0.0465852
0.302327 0.0297841 9.9991E-05 0.476044 0.191745
0.0989606 0.90074 9.9973E-05 9.9973E-05 9.9973E-05
0.12614 0.87356 9.9973E-05 9.9973E-05 9.9973E-05
0.0817494 0.799063 0.0991989 0.0198888 9.9991E-05
0.15715 0.764729 0.0779208 9.9982E-05 9.9982E-05
0.607833 0.0995208 9.9991E-05 0.0880776 0.204469
0.644434 0.115018 0.0241184 0.1308 0.08563
0.699253 0.0173471 0.00740989 0.0456618 0.230328
0.217842 0.0193105 0.0163836 0.669893 0.076571
0.466773 9.9973E-05 9.9973E-05 9.9973E-05 0.532927
0.632248 0.0958578 0.0132671 0.167849 0.0907785
0.796845 0.0594329 0.0209719 0.0144819 0.108268
0.593899 0.162667 0.0086606 0.074245 0.160528
0.652189 0.121887 0.0250113 0.100851 0.100062
0.329625 9.9982E-05 9.9982E-05 0.330097 0.340079
0.660065 0.100514 0.0520558 9.9991E-05 0.187265
0.688176 0.0615671 0.0160278 0.080283 0.153946
0.631798 0.195307 0.024762 0.0129571 0.135176
0.52999 9.9982E-05 9.9982E-05 0.00460675 0.465203
0.722548 0.0930763 9.9991E-05 0.0752442 0.109032
0.591441 0.127118 0.0640178 0.108151 0.109272
9.9982E-05 0.00645951 9.9982E-05 0.122387 0.870953
0.245891 9.9982E-05 9.9982E-05 0.620549 0.13336
0.17973 9.9991E-05 0.088314 0.251313 0.480544
0.573246 0.0497284 0.119227 0.196355 0.0614443
0.556542 0.0777419 0.122345 0.0888556 0.154516
0.651181 0.0711244 0.0678397 0.0798248 0.13003
0.253438 0.121955 9.9991E-05 0.525916 0.0985909
0.575699 0.00917843 0.0407532 0.300292 0.0740772
0.629113 0.0657272 0.0451687 0.177143 0.0828481
0.485901 0.145214 0.024877 0.225048 0.118961
0.164018 0.150663 0.0316193 0.494186 0.159513
0.605994 0.0707142 0.034633 0.180431 0.108227
0.514954 0.0650978 0.0428746 0.274443 0.102631
0.120225 0.0713137 9.9991E-05 0.585339 0.223022
0.480252 9.9991E-05 0.0217917 0.418067 0.0797891
0.588669 0.0443351 0.0972176 0.0960681 0.17371
0.679208 0.106996 0.0161238 0.153745 0.0439275
0.319749 0.0835117 0.0818963 0.393177 0.121666
0.552629 0.0408557 0.0365018 0.22864 0.141374
0.579398 0.0441945 0.0851859 0.210334 0.0808876
0.303446 0.0388693 9.9991E-05 0.487797 0.169787
0.645857 0.00308744 9.9991E-05 0.144108 0.206848
0.438187 9.9982E-05 9.9982E-05 0.256921 0.304693
0.604849 0.0686297 0.0433831 0.134312 0.148826
0.206852 9.9982E-05 9.9982E-05 0.0574693 0.735478
0.204062 9.9982E-05 9.9982E-05 0.0612105 0.734528
0.433575 9.9982E-05 9.9982E-05 0.0218156 0.544409
0.622427 0.0196267 9.9991E-05 0.155949 0.201898
0.580509 0.134328 0.088427 0.0547057 0.14203
0.592296 9.9991E-05 0.0210713 0.0637465 0.322786
0.362433 9.9982E-05 9.9982E-05 0.353044 0.284322
0.439649 9.9982E-05 9.9982E-05 0.287391 0.27276
0.64745 0.0921118 0.051177 0.109986 0.0992751
0.557606 0.0115028 9.9991E-05 0.187205 0.243586
0.615016 9.9982E-05 9.9982E-05 0.141249 0.243535
0.639397 9.9973E-05 9.9973E-05 9.9973E-05 0.360303
0.0442225 9.9991E-05 0.00862845 0.104338 0.842711
0.68804 0.0326171 0.0678142 0.0497977 0.161731
0.0788831 0.845472 9.9982E-05 0.0754452 9.9982E-05
0.0572327 0.942467 9.9973E-05 9.9973E-05 9.9973E-05
0.0975867 0.876575 0.0256384 9.9982E-05 9.9982E-05
0.0251855 0.928358 0.0462565 9.9982E-05 9.9982E-05
9.9982E-05 0.962167 0.025235 0.0123982 9.9982E-05
0.0877639 0.892327 0.0197089 9.9982E-05 9.9982E-05
0.0504216 0.949278 9.9973E-05 9.9973E-05 9.9973E-05
0.659861 0.0635968 0.063099 0.113235 0.100208
0.640949 0.101989 0.0597947 0.0615209 0.135747
0.237241 9.9982E-05 9.9982E-05 0.364736 0.397823
0.72656 0.0944008 0.0229496 0.0476773 0.108412
0.572079 9.9982E-05 9.9982E-05 0.245364 0.182357
0.662652 0.0497368 9.9991E-05 0.153555 0.133956
0.685161 0.0248499 0.00802136 0.0391097 0.242858
0.676013 0.0378316 0.00460606 0.0239554 0.257594
0.179319 9.9982E-05 9.9982E-05 0.418731 0.40175
0.584881 0.0903801 0.0567993 0.160915 0.107025
0.770934 0.0752362 9.9991E-05 0.0734185 0.080311
0.621855 0.101155 0.0553333 0.0662455 0.155411
0.399799 9.9991E-05 0.0228443 0.0796149 0.497642
0.661477 9.9982E-05 9.9982E-05 0.00882411 0.329499
0.606342 9.9982E-05 9.9982E-05 0.211811 0.181648
0.547597 9.9982E-05 9.9982E-05 0.0564005 0.395803
0.588519 0.0313079 9.9991E-05 0.248806 0.131267
0.638684 0.0918455 0.0285369 0.121761 0.119172
0.270768 9.9991E-05 0.0919077 0.357657 0.279567
0.460646 0.0943857 0.0186482 0.327413 0.0989069
0.569912 0.129385 0.0827156 0.184657 0.0333301
0.620605 0.107007 0.0708255 0.144543 0.0570199
0.539708 0.0571055 0.00267725 0.361214 0.0392952
0.590756 0.0397392 0.0823 0.287105 9.9991E-05
0.470494 0.0744056 0.0276321 0.427369 9.9991E-05
0.554327 0.0989588 0.0528376 0.157191 0.136686
0.632079 0.0867233 0.0673951 0.194743 0.0190594
0.606509 0.07743 9.9991E-05 0.252571 0.0633902
0.613609 0.0549514 9.9991E-05 0.282559 0.0487814
0.513645 0.0525886 0.150361 0.230719 0.0526864
0.622038 0.0632432 0.109529 0.0812932 0.123896
0.61454 9.9991E-05 0.107823 0.155512 0.122025
0.627502 0.0921418 0.0922268 0.100424 0.0877051
0.624166 0.019911 0.0698735 0.194662 0.0913871
0.32125 0.0924841 0.0719193 0.252827 0.261519
0.625012 0.0252138 0.101612 0.181812 0.06635
0.651463 0.00311589 0.0871153 0.135016 0.123289
0.239216 0.0156531 0.0379055 0.597298 0.109928
0.184473 9.9991E-05 0.0800813 0.313418 0.421928
0.572009 0.0846344 0.0461398 0.233619 0.0635973
0.117867 9.9991E-05 0.0341265 0.324847 0.523059
0.397782 9.9991E-05 0.0117884 0.547697 0.0426331
0.506167 9.9982E-05 9.9982E-05 0.474077 0.019556
0.437503 0.0319589 9.9991E-05 0.483692 0.0467464
0.388696 9.9991E-05 0.0061024 0.51262 0.0924809
0.635085 0.103827 0.0169853 0.191136 0.0529664
0.594074 0.0878487 0.092636 0.138626 0.0868156
0.610604 0.00388616 0.0654335 0.233621 0.0864554
0.211077 9.9991E-05 0.0336341 0.363498 0.391691
0.579562 0.151023 0.0441144 0.108835 0.116466
0.509759 0.149162 0.0616961 0.0224979 0.256885
9.9982E-05 0.169608 9.9982E-05 0.0489756 0.781216
0.685648 0.0870413 0.0764922 0.0192897 0.131529
0.358371 0.10808 0.0605739 0.0763225 0.396652
0.531274 0.139729 0.0963903 0.0494184 0.183188
0.277889 0.116274 9.9991E-05 0.107527 0.49821
0.131884 0.109259 9.9991E-05 0.11258 0.646176
0.445645 0.0692017 0.0565146 0.0724861 0.356153
0.504041 0.131846 0.0698062 0.11012 0.184187
0.45709 0.135271 0.0597661 0.149426 0.198447
0.173289 0.0718109 0.0598688 0.105074 0.589958
0.558195 0.0579257 0.124803 0.114517 0.144559
0.410727 9.9982E-05 9.9982E-05 0.0660148 0.523058
0.514497 0.000310409 9.9991E-05 0.0816531 0.403439
0.563122 0.15065 0.0807189 0.0516265 0.153883
0.0946932 0.390223 0.284884 9.9991E-05 0.2301
9.9982E-05 0.518726 0.159472 9.9982E-05 0.321602
9.9982E-05 0.509386 0.128023 9.9982E-05 0.362391
0.041544 0.363033 0.310134 0.0178609 0.267429
0.6626 0.0271857 0.0155804 9.9991E-05 0.294534
0.608523 0.113293 0.0532502 0.0563332 0.168601
0.300618 9.9982E-05 0.687638 0.0115446 9.9982E-05
0.432186 0.0324804 0.440096 0.0865449 0.00869286
0.378347 0.0842369 0.425538 0.085485 0.0263931
0.33281 0.0406398 0.0304752 0.0167129 0.579362
0.496915 0.104136 0.0902163 0.12498 0.183752
0.303272 0.0078149 0.00293104 0.0534442 0.632538
0.592792 0.102834 0.0357866 9.9991E-05 0.268486
0.492261 0.0864909 0.0200047 0.0678862 0.333357
0.602742 0.0332965 0.0490414 9.9991E-05 0.31482
0.242583 0.0303566 0.0182841 9.9991E-05 0.708676
0.65568 0.0881456 0.0653355 9.9991E-05 0.190738
0.58107 0.0858144 0.117508 0.00522277 0.210384
9.9982E-05 0.0159468 0.976419 0.00743433 9.9982E-05
0.103232 9.9982E-05 0.887869 0.00869902 9.9982E-05
0.298402 0.0480026 0.576338 0.0529662 0.0242912
0.336497 9.9982E-05 0.649998 0.0133043 9.9982E-05
0.140986 9.9982E-05 0.81604 0.0427739 9.9982E-05
9.997E-05 9.997E-05 0.9996 9.997E-05 9.997E-05
9.9973E-05 9.9973E-05 0.953986 0.0457137 9.9973E-05
0.143804 9.9973E-05 0.855896 9.9973E-05 9.9973E-05
9.9973E-05 9.9973E-05 0.926977 0.0727226 9.9973E-05
9.997E-05 9.997E-05 0.9996 9.997E-05 9.997E-05
9.997E-05 9.997E-05 0.9996 9.997E-05 9.997E-05
0.193146 0.00521288 0.769822 0.0317195 9.9991E-05
0.0738111 0.0215248 0.835936 0.0686284 9.9991E-05
9.997E-05 9.997E-05 0.9996 9.997E-05 9.997E-05
0.397378 0.0991263 0.409359 0.0424764 0.0516602
0.24443 0.0610237 0.656936 0.0375108 9.9991E-05
0.144473 0.0367682 0.818559 9.9982E-05 9.9982E-05
0.0527265 9.9982E-05 0.915675 0.0313983 9.9982E-05
9.997E-05 9.997E-05 0.9996 9.997E-05 9.997E-05
0.047512 0.00616298 0.944097 0.00212781 9.9991E-05
9.997E-05 9.997E-05 0.9996 9.997E-05 9.997E-05
0.264623 0.0510123 0.640139 0.0441262 9.9991E-05
9.9973E-05 9.9973E-05 0.984165 0.0155355 9.9973E-05
9.9982E-05 0.34194 0.0692602 9.9982E-05 0.5886
0.319522 0.243773 0.136767 0.0396702 0.260268
0.433127 0.203532 0.0946051 9.9991E-05 0.268636
0.179753 0.240963 0.125112 0.00819571 0.445976
0.482534 0.187261 0.108637 0.0390882 0.182479
0.0973137 0.297293 0.155734 9.9991E-05 0.449559
0.424246 0.199101 0.155054 0.0184265 0.203172
0.269248 0.227962 0.162545 9.9991E-05 0.340144
0.504757 0.213022 0.128392 9.9991E-05 0.15373
0.361676 0.216153 0.149436 9.9991E-05 0.272635
0.468668 0.192118 0.129394 0.053169 0.15665
0.0431734 0.932536 9.9991E-05 0.0195371 0.00465312
9.9982E-05 0.919301 0.0647905 9.9982E-05 0.0157089
0.0035779 0.963028 9.9982E-05 0.0331938 9.9982E-05
9.9973E-05 0.982324 9.9973E-05 0.0173766 9.9973E-05
0.0575717 0.929199 9.9982E-05 0.0130298 9.9982E-05
9.9982E-05 0.986833 0.00832801 0.00463928 9.9982E-05
0.0151097 0.929877 0.034204 0.0207095 9.9991E-05
0.00435893 0.967155 9.9982E-05 0.0282864 9.9982E-05
0.013698 0.915934 0.0301288 0.0247828 0.0154566
0.0159882 0.93605 0.0119866 0.0358748 9.9991E-05
9.9982E-05 0.614586 9.9982E-05 0.299267 0.0859475
9.9982E-05 0.603855 9.9982E-05 0.357765 0.0381799
9.9982E-05 0.551666 9.9982E-05 0.345276 0.102858
9.9982E-05 0.469397 9.9982E-05 0.428948 0.101455
0.599188 0.0360786 9.9991E-05 0.21592 0.148713
0.64169 0.0249565 9.9991E-05 0.21622 0.117033
0.59852 9.9991E-05 0.0550871 0.24215 0.104143
0.494249 0.0170114 9.9991E-05 0.346614 0.142025
0.269708 9.9991E-05 0.0065525 0.612168 0.111472
0.706063 0.0744805 0.0331556 0.0533123 0.132988
0.705222 9.9991E-05 0.0106495 0.176901 0.107128
0.657919 0.00435572 9.9991E-05 0.0534925 0.284133
0.589807 9.9973E-05 9.9973E-05 9.9973E-05 0.409893
0.654512 0.0557104 0.0462291 0.0945373 0.149011
0.599667 9.9982E-05 9.9982E-05 0.212377 0.187756
0.165506 9.9982E-05 9.9982E-05 0.0934058 0.740888
0.626117 0.0347233 0.0456095 0.218946 0.0746041
0.346157 9.9973E-05 9.9973E-05 9.9973E-05 0.653543
0.615219 0.0439141 0.0165444 0.0806549 0.243668
0.344414 9.9982E-05 9.9982E-05 0.33666 0.318726
9.9982E-05 0.153906 9.9982E-05 0.797782 0.0481124
0.0615865 0.118922 9.9991E-05 0.765805 0.0535861
0.0216126 0.116313 9.9991E-05 0.794545 0.0674289
9.9982E-05 0.110849 9.9982E-05 0.820405 0.0685459
0.106653 0.069343 0.0188222 0.78533 0.0198516
0.0877256 0.0785403 0.0466494 0.783211 0.00387343
0.047009 0.878977 0.0412726 0.0326418 9.9991E-05
0.0820594 0.85069 0.0213322 0.0271409 0.0187774
0.137035 0.809683 0.0292644 0.0161241 0.0078934
0.0235744 0.845507 0.0730388 0.0542497 0.00362997
0.152912 0.808335 0.0382764 0.00037651 9.9991E-05
9.9982E-05 0.401368 9.9982E-05 0.551434 0.0469981
9.9982E-05 0.446218 9.9982E-05 0.512251 0.0413313
0.00543544 0.435878 0.0292473 0.529339 9.9991E-05
0.109038 0.858684 9.9982E-05 0.0320784 9.9982E-05
9.9982E-05 0.402717 9.9982E-05 0.571449 0.0256334
0.267863 0.281602 0.316879 9.9991E-05 0.133556
0.559144 0.12063 0.275287 0.0448392 9.9991E-05
0.533659 0.204198 0.261943 9.9982E-05 9.9982E-05
0.313543 0.280857 0.288773 9.9991E-05 0.116728
0.563332 0.177942 0.148177 0.1047 0.00584833
9.9982E-05 0.466164 0.299544 9.9982E-05 0.234092
0.489294 9.9982E-05 9.9982E-05 0.436063 0.0744436
0.482616 9.9991E-05 0.0410389 0.190646 0.285599
0.350498 9.9991E-05 0.00227102 0.576352 0.0707783
0.572418 9.9991E-05 0.0350281 0.16824 0.224214
9.9973E-05 9.9973E-05 9.9973E-05 0.319056 0.680644
0.592548 0.109606 0.059292 0.17586 0.0626943
0.566228 0.0380314 0.0535212 0.156957 0.185263
0.401939 0.0309788 9.9991E-05 0.495481 0.0715015
0.579372 0.104295 0.033277 0.228198 0.0548572
0.20783 9.9982E-05 9.9982E-05 0.283345 0.508626
0.55999 0.0250909 0.0407291 0.174575 0.199615
0.582059 0.0204736 0.000338143 0.315274 0.0818552
0.435741 0.108529 0.205453 0.0462062 0.204071
0.3903 9.9991E-05 0.0300934 0.248042 0.331464
0.467602 9.9991E-05 0.0501126 0.201688 0.280497
0.632384 9.9991E-05 0.0476555 0.189692 0.130168
0.61399 9.9991E-05 0.0394008 0.159195 0.187314
0.690966 0.0136946 0.0836939 0.118849 0.0927965
0.572857 0.0847491 0.0903924 0.169501 0.0825001
0.60639 0.116866 0.0285523 0.187486 0.0607063
0.116499 0.847341 0.0359597 9.9982E-05 9.9982E-05
0.125447 0.874253 9.9973E-05 9.9973E-05 9.9973E-05
0.0557843 0.912834 9.9991E-05 0.0270583 0.00422369
0.0238466 0.923312 0.0408587 0.0118829 9.9991E-05
0.0656605 0.933783 9.9982E-05 0.000356095 9.9982E-05
0.177895 0.031435 0.0286628 0.626385 0.135622
0.569043 0.0335453 0.085962 0.165039 0.146411
0.411154 0.186128 0.288831 0.00939986 0.104488
0.661697 0.0217846 0.0886338 0.212655 0.0152298
0.551777 0.00902095 0.0567494 0.353402 0.0290505
0.287882 0.00146616 0.0587021 0.306642 0.345308
0.059135 0.0763262 9.9991E-05 0.783161 0.0812782
0.514327 0.0515229 0.0371553 0.37515 0.0218447
0.26791 0.0367718 0.046449 0.621255 0.0276142
0.490363 0.0883578 0.0371739 0.222932 0.161172
0.183331 0.0761071 9.9991E-05 0.647742 0.0927194
0.561062 0.0696274 0.0839147 0.285296 9.9991E-05
0.199012 0.0377932 0.0300379 0.579021 0.154136
0.293873 0.00999807 0.113683 0.271594 0.310852
0.542672 0.0879428 0.0385453 0.076919 0.253921
0.369129 0.0362523 9.9991E-05 0.0852046 0.509314
0.547702 0.0660673 0.0539175 9.9991E-05 0.332213
0.592807 0.120627 0.042129 0.055424 0.189014
0.319799 0.0494324 9.9991E-05 0.0354952 0.595173
0.564613 0.0852991 0.0993723 0.0944297 0.156285
0.562557 0.0764247 9.9991E-05 0.0242976 0.336621
0.171386 9.9982E-05 9.9982E-05 0.0769232 0.751491
0.254848 0.0657101 9.9991E-05 0.00674914 0.672593
0.521831 0.0625173 9.9991E-05 0.0552987 0.360253
0.144846 0.0215194 9.9991E-05 0.0820244 0.75151
0.496522 0.0389478 0.00677802 0.094654 0.363098
0.191691 9.9991E-05 0.0322408 0.712726 0.0632425
0.202206 9.9991E-05 0.115192 0.361188 0.321314
0.414375 0.0367753 0.0919154 0.456834 9.9991E-05
0.588941 0.0286736 0.0842968 0.245071 0.0530174
0.275523 9.9991E-05 0.0259586 0.620777 0.077641
0.558958 0.0825975 0.0731257 0.139825 0.145494
0.616002 0.0641573 0.0568015 0.223405 0.0396342
0.557067 0.0337191 0.0700677 0.220588 0.118558
0.522528 0.00166539 0.101748 0.302812 0.0712467
0.50218 0.0204432 0.0589726 0.418305 9.9991E-05
0.330069 9.9991E-05 0.0362463 0.550062 0.0835224
0.455079 0.00546235 0.0524001 0.471569 0.0154902
0.629566 9.9991E-05 0.0655143 0.197536 0.107284
0.642075 0.0416632 0.103379 0.0819242 0.130958
0.316437 0.0303573 0.122742 0.285758 0.244706
0.460712 9.9991E-05 0.133328 0.227348 0.178513
0.375331 9.9991E-05 0.080883 0.508603 0.0350834
0.558382 0.0458104 0.0930089 0.261397 0.0414016
0.456824 0.0046621 0.12815 0.381472 0.0288924
0.561719 0.0809759 0.129156 0.119678 0.108471
0.444831 0.343022 0.163593 0.0484543 9.9991E-05
0.551515 0.156847 0.199473 9.9991E-05 0.092065
0.452905 0.221174 0.148282 0.0468626 0.130777
0.571235 0.119838 0.165929 0.0594678 0.08353
0.416796 0.213399 0.238499 9.9991E-05 0.131207
0.539163 9.9991E-05 0.0288729 0.198198 0.233666
0.513866 0.156894 0.174619 0.0223458 0.132275
0.040083 0.266233 0.187913 0.0341716 0.471599
0.540714 0.129213 0.165916 0.0385645 0.125592
0.524828 0.142994 0.200039 0.0359894 0.0961497
0.52007 0.149807 0.185091 0.0131378 0.131894
0.331988 0.20998 0.125711 0.0244083 0.307913
0.554039 0.203604 0.170988 0.0450502 0.0263193
0.503953 0.149028 0.209064 0.0600039 0.077951
9.9982E-05 0.545238 0.113744 9.9982E-05 0.340818
0.493865 0.203117 0.188254 0.0970489 0.0177155
0.565864 0.209002 0.191639 9.9991E-05 0.0333946
0.586412 0.0860425 0.180571 0.013124 0.133851
0.520923 0.205668 0.235431 9.9991E-05 0.0378776
0.54168 0.241186 0.120048 0.0252026 0.0718832
0.508892 0.0550808 0.0390237 0.0380415 0.358962
0.52188 0.084608 0.0809036 0.0907207 0.221888
0.0147799 9.9991E-05 0.00955374 0.11075 0.864817
0.09376 0.00266093 9.9991E-05 0.0563802 0.847099
0.531187 0.138883 0.0414784 0.00319689 0.285256
0.349298 0.14471 0.332884 9.9991E-05 0.173008
0.313228 0.167586 0.318208 9.9991E-05 0.200877
0.179978 0.177192 0.34032 9.9991E-05 0.302411
0.342794 0.185547 0.29765 9.9991E-05 0.173909
0.131157 0.104004 0.0775191 9.9991E-05 0.687219
0.145569 0.0756668 0.121483 9.9991E-05 0.657181
0.583884 0.00376601 0.117351 9.9991E-05 0.294898
0.464669 0.0738312 0.13322 9.9991E-05 0.32818
0.255108 0.0154715 0.103628 0.0501658 0.575626
0.601093 0.039774 0.0701081 0.0486423 0.240383
0.591723 0.0651254 0.116823 9.9991E-05 0.226228
0.544152 0.0799868 0.112725 0.0174232 0.245713
0.395235 0.00087281 0.0444751 0.00743369 0.551983
0.487869 0.0378105 9.9991E-05 0.0373602 0.43686
0.560442 0.017912 0.0754742 0.0320263 0.314146
0.476538 0.020538 0.0460085 0.121658 0.335258
0.560807 0.0726408 0.107057 0.0157877 0.243708
0.545233 0.0464644 9.9982E-05 9.9982E-05 0.408102
0.293781 0.000671999 0.00882697 0.0454988 0.651221
0.653283 0.0345018 0.0589051 9.9991E-05 0.25321
0.253497 9.9991E-05 0.0103752 0.0557054 0.680322
0.556114 0.0562846 9.9982E-05 9.9982E-05 0.387401
0.583514 0.0823122 0.0286386 0.0669738 0.238561
0.560688 0.0498227 0.0636924 0.0927876 0.233009
0.520227 0.200216 0.164791 0.0639181 0.0508475
0.435435 0.176962 0.183818 0.0867844 0.117
0.30107 0.23475 0.287231 0.00434988 0.172599
0.347291 0.217782 0.241289 0.0381818 0.155456
0.46218 0.177666 0.216507 0.0241383 0.119508
0.469049 0.191732 0.13924 9.9991E-05 0.199879
9.9982E-05 0.165479 0.177178 9.9982E-05 0.657143
0.521374 0.113187 0.238955 9.9991E-05 0.126384
9.9982E-05 0.363423 0.128577 9.9982E-05 0.5078
0.513098 0.0655515 0.219362 9.9991E-05 0.201889
0.243136 9.9973E-05 9.9973E-05 9.9973E-05 0.756564
0.0929035 9.9982E-05 9.9982E-05 0.029791 0.877106
0.59013 9.9973E-05 9.9973E-05 9.9973E-05 0.40957
0.662724 0.0133523 0.0606 0.00110814 0.262216
0.509783 9.9973E-05 9.9973E-05 9.9973E-05 0.489917
0.65158 9.9982E-05 0.0199315 9.9982E-05 0.328288
0.640267 9.9991E-05 0.0173938 0.00149482 0.340745
0.0122726 0.882626 0.00989445 0.0866671 0.00853965
0.0407255 0.769631 0.0757906 0.0745132 0.0393396
9.9973E-05 0.960443 9.9973E-05 0.0392568 9.9973E-05
0.0310474 0.968653 9.9973E-05 9.9973E-05 9.9973E-05
0.654283 0.0392014 0.0280914 0.0600248 0.2184
0.662674 0.0712117 9.9991E-05 0.150921 0.115094
0.680984 0.0235363 9.9991E-05 0.137066 0.158314
0.673601 0.110412 0.00912233 0.0972898 0.109575
0.635148 0.122361 0.0125579 0.118969 0.110964
0.445402 0.0136631 9.9991E-05 0.277054 0.263782
0.781629 0.00339298 9.9991E-05 0.0653577 0.149521
0.462323 0.00272867 9.9982E-05 9.9982E-05 0.534748
0.425972 0.336324 0.172268 0.0653358 9.9991E-05
0.56952 9.9982E-05 9.9982E-05 0.0467768 0.383504
0.537354 9.9982E-05 9.9982E-05 0.234032 0.228413
0.627017 9.9991E-05 0.0278494 0.0223492 0.322684
0.56411 0.0254024 9.9991E-05 0.233489 0.176898
0.722832 9.9982E-05 0.0141985 9.9982E-05 0.262769
0.656149 0.0747924 9.9991E-05 0.135135 0.133823
0.233383 9.9982E-05 9.9982E-05 0.00911014 0.757307
0.493545 9.9982E-05 9.9982E-05 0.0314397 0.474815
0.522778 9.9982E-05 9.9982E-05 0.0374271 0.439595
0.0988318 9.9982E-05 9.9982E-05 0.0313651 0.869603
0.531414 0.0440103 9.9991E-05 0.154307 0.270168
0.254669 9.9982E-05 9.9982E-05 0.0259324 0.719199
0.0681196 9.9982E-05 9.9982E-05 0.0789388 0.852742
0.669814 0.044759 0.0539672 0.0281055 0.203354
0.386649 9.9982E-05 9.9982E-05 0.296108 0.317042
0.615849 0.0114567 9.9991E-05 0.170821 0.201773
0.676545 0.142161 0.0362756 0.0217956 0.123222
0.655387 0.0214626 9.9991E-05 0.185868 0.137183
0.389704 9.9991E-05 0.0607315 0.270064 0.279401
0.689186 0.0562688 0.00337736 0.0778034 0.173365
0.661186 0.00376772 9.9991E-05 0.195262 0.139685
0.50036 9.9982E-05 9.9982E-05 0.0403818 0.459059
0.618114 0.129892 9.9991E-05 0.105082 0.146811
9.9982E-05 0.675219 9.9982E-05 0.297594 0.0269878
9.9982E-05 0.786722 9.9982E-05 0.167219 0.0458591
9.9973E-05 0.844165 9.9973E-05 0.155535 9.9973E-05
9.9982E-05 0.825846 9.9982E-05 0.163897 0.0100578
0.020116 0.752583 9.9991E-05 0.191461 0.03574
0.339685 9.9982E-05 9.9982E-05 0.304425 0.35569
0.353856 9.9982E-05 9.9982E-05 0.290013 0.355931
0.428135 9.9982E-05 9.9982E-05 0.0220914 0.549573
0.619665 0.12019 0.0628747 9.9991E-05 0.19717
0.644343 0.12552 0.0661383 0.0846536 0.0793445
0.479534 9.9982E-05 9.9982E-05 0.00357604 0.51669
0.719704 0.0462851 0.0643872 0.0207584 0.148865
0.523882 0.0414213 0.0436646 0.0264944 0.364537
0.642974 0.0120424 9.9991E-05 0.151268 0.193616
0.677975 0.041117 0.0735294 0.109479 0.0978999
0.416199 9.9982E-05 9.9982E-05 0.297656 0.285945
0.509476 9.9982E-05 9.9982E-05 0.268697 0.221627
0.51887 0.000505651 9.9991E-05 0.278688 0.201836
0.67396 0.148155 0.0112704 0.0356599 0.130955
0.588506 9.9982E-05 9.9982E-05 0.249002 0.162293
0.571666 0.0247097 0.00861201 0.193822 0.201191
0.464863 0.0944502 0.3695 0.0490964 0.0220903
0.275155 0.116663 0.48045 0.0281371 0.0995948
0.447656 0.107798 0.444346 9.9982E-05 9.9982E-05
0.263156 0.218646 0.503195 9.9991E-05 0.0149023
0.478107 0.154067 0.290551 0.0348008 0.0424739
0.583167 0.0854618 0.0247302 9.9991E-05 0.306541
9.9991E-05 0.256044 0.656736 0.00766464 0.0794551
0.312592 0.164734 0.505662 0.0106078 0.00640425
0.362504 0.198826 0.190607 9.9991E-05 0.247964
0.580755 0.203789 9.9991E-05 0.0409847 0.174372
0.540728 0.185123 0.0122164 0.0581584 0.203774
0.643077 0.196044 0.00955593 0.030422 0.120901
0.672274 0.166048 0.0446898 0.0193032 0.0976851
0.331401 0.19504 0.469702 9.9991E-05 0.00375787
0.424601 0.179695 0.372906 9.9991E-05 0.0226973
0.403566 0.078762 0.517472 9.9982E-05 9.9982E-05
0.410131 0.103141 0.331157 0.101513 0.0540576
0.246059 0.139744 0.51462 9.9991E-05 0.0994778
0.430673 0.12966 0.35372 0.0777421 0.00820469
0.249563 0.147703 0.555195 0.00170262 0.0458356
0.396936 0.118484 0.326965 0.0489567 0.108659
0.497238 0.147908 0.0362155 9.9991E-05 0.318538
0.39001 0.184311 0.344589 0.0216936 0.0593957
0.161472 0.237415 0.570024 9.9991E-05 0.0309891
0.381347 0.145492 0.365797 0.0791684 0.028195
0.352299 0.199101 9.9991E-05 0.137128 0.311372
0.666876 0.0857751 0.0472698 9.9991E-05 0.199979
0.358087 0.176636 0.38701 0.0729607 0.0053073
0.596149 0.205958 9.9991E-05 0.0400387 0.157754
0.529434 0.220871 9.9991E-05 0.0545748 0.19502
0.335655 0.225459 0.220589 0.0426253 0.175672
0.356303 0.230619 0.272775 9.9991E-05 0.140203
0.591961 0.134439 0.121029 0.0165136 0.136058
0.434796 0.130672 0.326058 0.0674366 0.0410364
0.427303 0.107907 0.435286 0.0294032 9.9991E-05
0.128216 0.1969 0.645741 9.9991E-05 0.0290431
0.62363 0.151256 0.0767269 0.030298 0.118089
0.472295 0.204887 9.9991E-05 0.0461531 0.276565
0.124089 0.153773 0.0440904 9.9991E-05 0.677947
0.627213 0.193681 0.0645874 0.00534984 0.109169
0.434694 0.105987 0.0525584 0.146794 0.259966
0.480434 0.202349 0.174027 9.9991E-05 0.14309
0.525102 0.199796 0.108946 0.00508787 0.161069
9.9982E-05 0.419983 0.120598 9.9982E-05 0.459219
9.9982E-05 0.397698 0.0743401 9.9982E-05 0.527762
0.319009 0.211517 0.0982351 9.9991E-05 0.371139
0.0216939 0.351585 0.201797 9.9991E-05 0.424824
9.9982E-05 0.520613 0.17823 9.9982E-05 0.300957
0.329614 0.245836 0.126398 9.9991E-05 0.298053
0.359946 0.251857 0.166074 9.9991E-05 0.222023
0.101889 0.31381 0.187977 9.9991E-05 0.396224
0.0485023 0.309172 0.152469 9.9991E-05 0.489757
0.477987 0.206645 0.155204 0.00844832 0.151716
0.16763 0.270949 0.149303 9.9991E-05 0.412018
9.9982E-05 0.414296 0.0683247 9.9982E-05 0.517179
0.569712 0.144253 0.126342 0.0624385 0.0972541
0.330816 0.23883 0.206606 9.9991E-05 0.223648
0.463643 0.354234 0.132113 0.0499101 9.9991E-05
0.58363 0.162829 0.253341 9.9982E-05 9.9982E-05
0.492051 0.182411 0.246777 9.9991E-05 0.0786615
0.512998 0.19172 0.254618 9.9991E-05 0.0405642
0.325391 0.367279 0.227023 0.0716643 0.00864236
0.554058 0.242661 0.180167 9.9991E-05 0.0230138
0.454478 0.283705 0.227676 9.9991E-05 0.0340414
0.243596 0.258061 0.29744 9.9991E-05 0.200804
0.358549 0.228575 0.12719 0.130935 0.154751
0.546708 0.258188 0.0955579 0.0522908 0.0472553
0.57296 0.185707 0.174939 9.9991E-05 0.066294
0.626325 0.154979 0.10456 0.0466521 0.0674837
0.451947 0.330853 0.199024 9.9991E-05 0.0180761
0.564581 0.259166 0.157497 9.9991E-05 0.0186565
0.0589901 0.40474 0.304353 9.9991E-05 0.231817
0.557073 0.174082 0.16776 0.0391218 0.0619647
0.15791 0.311745 0.342382 9.9991E-05 0.187863
9.9973E-05 0.80525 9.9973E-05 0.19445 9.9973E-05
0.114738 0.0359833 0.0388768 0.810302 9.9991E-05
9.997E-05 9.997E-05 9.997E-05 0.9996 9.997E-05
9.997E-05 9.997E-05 9.997E-05 0.9996 9.997E-05
0.031073 9.9973E-05 9.9973E-05 0.968627 9.9973E-05
9.9973E-05 9.9973E-05 0.0102548 0.989445 9.9973E-05
0.0438081 9.9973E-05 9.9973E-05 0.955892 9.9973E-05
9.9973E-05 0.00509827 9.9973E-05 0.994602 9.9973E-05
9.9973E-05 0.136859 9.9973E-05 0.862841 9.9973E-05
0.0126668 0.903249 9.9982E-05 0.0838839 9.9982E-05
0.059852 0.787663 9.9982E-05 0.152285 9.9982E-05
0.0320484 0.899443 9.9991E-05 0.0339086 0.0345
0.0310233 0.879915 9.9991E-05 0.0854193 0.00354221
0.0121586 0.89523 0.00609356 0.0864177 9.9991E-05
0.0538374 0.913729 9.9982E-05 0.0322339 9.9982E-05
0.102594 0.757598 0.0933943 0.0176832 0.02873
0.0935904 0.895329 0.0108803 9.9982E-05 9.9982E-05
0.131805 0.734919 0.0577692 0.0730895 0.00241712
0.0343765 0.932217 0.0332065 9.9982E-05 9.9982E-05
9.9982E-05 0.992705 9.9982E-05 0.0055126 0.00158206
0.0678179 0.879822 0.0212891 0.0309713 9.9991E-05
9.9973E-05 0.994995 9.9973E-05 0.00470531 9.9973E-05
0.0382326 0.953919 9.9982E-05 9.9982E-05 0.00764819
0.0632977 0.918365 0.0181377 9.9982E-05 9.9982E-05
0.057474 0.936345 0.00598085 9.9982E-05 9.9982E-05
0.0818039 0.870967 0.047029 9.9982E-05 9.9982E-05
0.10033 0.871506 0.0279638 9.9982E-05 9.9982E-05
0.0934159 0.835693 0.0706913 9.9982E-05 9.9982E-05
0.463765 0.174674 9.9991E-05 0.110746 0.250716
0.725458 0.137903 9.9982E-05 9.9982E-05 0.136439
0.664898 0.153482 0.0463932 0.0129241 0.122303
0.103154 0.136716 0.0321703 9.9991E-05 0.727859
0.515291 0.12189 0.0317544 0.11707 0.213995
0.11408 0.180506 0.00360371 9.9991E-05 0.70171
0.635055 0.104694 0.0672897 9.9991E-05 0.192862
0.47932 0.180792 9.9991E-05 0.0713842 0.268404
0.513755 0.211143 9.9991E-05 0.0363413 0.238661
0.610479 0.0832487 9.9991E-05 0.134739 0.171434
0.525505 0.143292 9.9991E-05 0.106248 0.224856
0.676937 0.137519 0.0111384 9.9991E-05 0.174306
0.568038 0.175039 0.010781 0.0553667 0.190775
0.0349439 9.9991E-05 0.0886052 0.450898 0.425453
0.0222779 0.164542 9.9982E-05 9.9982E-05 0.81298
0.153173 0.154318 0.018266 9.9991E-05 0.674144
0.589166 0.16385 0.0714425 0.065148 0.110394
0.528622 0.117426 0.0220598 9.9991E-05 0.331792
0.638915 0.118934 9.9982E-05 9.9982E-05 0.241951
0.634849 0.0871268 0.0941876 0.011027 0.17281
0.450295 0.181151 0.208928 0.084906 0.0747204
0.533762 0.244596 0.164345 9.9991E-05 0.0571966
0.169407 0.392947 0.14159 0.229338 0.066718
0.663221 0.163353 0.0276761 0.14565 9.9991E-05
0.479118 0.22189 0.104295 0.14029 0.0544075
9.9982E-05 0.434439 0.175257 9.9982E-05 0.390104
0.282829 0.30528 0.229958 9.9991E-05 0.181833
0.303679 0.367999 0.181809 0.0845324 0.0619808
0.409959 0.305832 0.116594 0.158164 0.00945102
0.522265 0.173783 0.15428 0.0710961 0.078576
0.521774 0.172992 0.175844 0.090546 0.0388438
0.598658 0.160754 0.122612 0.0303792 0.087597
0.423279 0.161035 0.185589 0.0402842 0.189813
0.22329 0.494133 0.142844 0.0773408 0.0623916
