0.936892 0.0323205 0.0162752 9.9991E-05 0.014412
0.987148 9.9973E-05 9.9973E-05 9.9973E-05 0.0125522
0.905099 9.9982E-05 0.0700415 0.0246598 9.9982E-05
0.858716 9.9982E-05 0.119441 9.9982E-05 0.0216432
0.916673 9.9973E-05 0.0830272 9.9973E-05 9.9973E-05
0.673025 0.0476367 0.0898678 0.100884 0.088586
0.835153 0.0166539 9.9991E-05 0.0923672 0.0557258
0.765305 0.00828505 0.0178203 0.121292 0.0872977
0.829414 9.9982E-05 9.9982E-05 0.000622 0.169764
0.796502 9.9991E-05 0.0553838 0.0846743 0.0633403
0.788209 9.9991E-05 0.104715 0.0403316 0.066644
0.0106956 0.0469541 0.258008 0.113756 0.570586
0.072001 0.0881732 0.528001 0.0194234 0.292401
0.0123782 0.0804314 0.313669 0.0566638 0.536858
0.0217565 0.124993 0.326508 0.000309549 0.526433
0.0903223 0.118591 0.461846 0.0165735 0.312667
0.0374465 0.116476 0.549944 0.0592584 0.236875
0.0262798 0.0435144 0.558361 0.0657747 0.30607
0.0864683 0.12242 0.278948 0.0605121 0.451651
0.0239601 9.9991E-05 0.110832 0.137315 0.727792
0.0205447 0.0622343 0.460339 0.124992 0.331891
0.018458 0.118906 0.422885 0.26096 0.178792
0.0497509 0.0202193 0.65599 0.0465754 0.227465
0.057519 0.0579859 0.303628 0.123069 0.457798
0.0726549 0.0824528 0.697893 0.0623831 0.0846157
0.0704556 0.0215809 0.636946 0.0130966 0.257921
0.0478586 0.0287183 0.273488 0.0933861 0.556549
0.022538 0.0831797 0.325476 0.06434 0.504466
0.0215056 9.9991E-05 0.305958 0.155984 0.516453
0.896284 0.019534 0.0839816 9.9982E-05 9.9982E-05
0.89747 9.9973E-05 0.10223 9.9973E-05 9.9973E-05
0.808868 0.104314 0.0818438 9.9991E-05 0.00487421
0.767903 0.068135 0.163762 9.9982E-05 9.9982E-05
0.0677761 9.9991E-05 0.587677 0.195682 0.148765
0.0396147 0.0441328 0.649499 0.131232 0.135521
0.022431 0.0153606 0.663952 0.239057 0.059199
0.0418586 0.0089349 0.232778 0.0718714 0.644557
9.9982E-05 9.9982E-05 0.456972 0.52303 0.0197987
0.0370363 0.0628734 0.614623 0.0941771 0.19129
0.0600516 0.000498906 0.804065 0.0961932 0.0391914
0.139352 0.0294682 0.574308 0.168281 0.0885898
0.115428 0.0186537 0.634982 0.11874 0.112196
9.9982E-05 9.9982E-05 0.341244 0.328209 0.330346
0.0752343 0.0562517 0.665225 0.203189 9.9991E-05
0.0673389 0.0444026 0.671099 0.146828 0.0703312
0.175925 0.0339544 0.638841 0.110816 0.0404637
9.9982E-05 9.9982E-05 0.523882 0.468164 0.00775414
0.103459 9.9991E-05 0.694477 0.111132 0.0908329
0.121058 0.045525 0.586539 0.162628 0.0842499
0.00232686 9.9982E-05 9.9982E-05 0.853745 0.143729
9.9982E-05 9.9982E-05 0.216617 0.170506 0.612678
0.0285051 0.0869245 0.148458 0.476564 0.259548
0.0663962 0.085271 0.625762 0.0806744 0.141896
0.0940722 0.0931851 0.589476 0.11591 0.107357
0.0949067 0.0619219 0.657814 0.134763 0.0505945
0.133683 9.9991E-05 0.233043 0.106812 0.526362
0.0364962 0.0012708 0.621683 0.0528402 0.287709
0.0687871 0.0773129 0.621229 0.0375816 0.195089
0.107547 0.0192477 0.477133 0.136833 0.25924
0.167527 0.0249016 0.162751 0.140076 0.504744
0.105052 0.0207467 0.615844 0.0708752 0.187482
0.0711785 0.0376919 0.551894 0.0899405 0.249295
0.0700042 9.9991E-05 0.125138 0.216102 0.588655
9.9991E-05 0.0122645 0.49327 0.104896 0.389469
0.0636618 0.0532418 0.635086 0.12912 0.11889
0.132859 0.0277128 0.639248 0.0787822 0.121398
0.0685791 0.0782924 0.297198 0.125575 0.430356
0.0722929 0.053272 0.547031 0.0799065 0.247498
0.0366346 0.0685011 0.592543 0.134538 0.167783
0.0372926 9.9991E-05 0.319351 0.171653 0.471604
0.020196 9.9991E-05 0.62806 0.189545 0.162099
9.9982E-05 9.9982E-05 0.408192 0.312405 0.279204
0.0873126 0.0442143 0.580088 0.170559 0.117826
9.9982E-05 9.9982E-05 0.204849 0.727699 0.0672524
9.9982E-05 9.9982E-05 0.197027 0.755767 0.0470063
9.9982E-05 9.9982E-05 0.425531 0.551681 0.0225883
9.9982E-05 9.9982E-05 0.652325 0.142625 0.20485
0.104321 0.0646591 0.629636 0.14852 0.0528638
9.9982E-05 9.9982E-05 0.652017 0.315175 0.0326079
0.00760171 9.9991E-05 0.328095 0.299977 0.364227
9.9982E-05 9.9982E-05 0.439772 0.264442 0.295587
0.049526 0.107254 0.567322 0.153508 0.12239
9.9982E-05 9.9982E-05 0.524618 0.224187 0.250995
0.00973751 9.9991E-05 0.579564 0.224265 0.186333
9.9982E-05 9.9982E-05 0.597984 0.341449 0.0603662
9.9991E-05 0.00204454 0.0627564 0.863688 0.0714107
0.054723 9.9991E-05 0.725061 0.179928 0.0401888
0.85662 9.9982E-05 0.0608845 9.9982E-05 0.0822959
0.939181 9.9973E-05 0.0605195 9.9973E-05 9.9973E-05
0.862093 0.0356411 0.102066 9.9982E-05 9.9982E-05
0.946902 0.0393467 0.013551 9.9982E-05 9.9982E-05
0.957493 0.036639 0.00156868 9.9991E-05 0.00419929
0.869688 0.0431886 0.0818311 0.00519262 9.9991E-05
0.938354 9.9973E-05 0.061346 9.9973E-05 9.9973E-05
0.0953298 0.0620649 0.614185 0.0848248 0.143596
0.135104 0.0158791 0.630455 0.149961 0.0686
0.00950316 9.9991E-05 0.207184 0.423715 0.359497
0.0994653 0.0237792 0.646018 0.151005 0.0797333
0.0196773 9.9991E-05 0.547118 0.20621 0.226895
0.0538984 9.9991E-05 0.68267 0.174234 0.0890978
0.0435659 0.00061153 0.685123 0.234769 0.0359308
9.9991E-05 0.0341938 0.645263 0.234733 0.0857102
9.9982E-05 9.9982E-05 0.179239 0.368633 0.451928
0.103029 0.0337225 0.576557 0.114825 0.171866
0.06918 0.0119783 0.728705 0.0925092 0.0976278
0.118608 0.0455631 0.660855 0.122613 0.0523605
0.0131286 0.00599668 0.406199 0.476967 0.0977088
9.9982E-05 9.9982E-05 0.655427 0.340778 0.00359503
9.9982E-05 9.9982E-05 0.601341 0.170604 0.227856
9.9982E-05 9.9982E-05 0.547487 0.417417 0.0348966
0.0180568 9.9991E-05 0.591925 0.160304 0.229614
0.111686 0.03648 0.613541 0.160791 0.0775013
9.9991E-05 0.0992052 0.290554 0.248937 0.361204
0.0963695 9.9991E-05 0.453772 0.0743336 0.375425
0.115969 0.0890839 0.524739 0.0771133 0.193095
0.098873 0.0613499 0.619515 0.0790988 0.141164
0.0416104 0.0159768 0.517091 0.0469065 0.378415
0.0748788 0.0514166 0.625012 0.0569281 0.191765
0.0616427 0.0145113 0.487758 9.9991E-05 0.435988
0.0872751 0.0823082 0.524592 0.132499 0.173326
0.0754359 0.0631026 0.647991 0.0353248 0.178146
0.0641232 0.00106001 0.594624 0.0883351 0.251857
0.061962 9.9991E-05 0.6234 0.015437 0.299101
0.0229179 0.102601 0.61847 0.0923514 0.163659
0.137562 0.0806059 0.608824 0.044497 0.128511
9.9991E-05 0.0813431 0.612977 0.125766 0.179813
0.0613154 0.131952 0.551137 0.123472 0.132123
0.0159668 0.079194 0.611496 0.0941882 0.199155
0.101224 0.114011 0.287282 0.261598 0.235884
0.0497603 0.0734269 0.633705 0.0876101 0.155497
0.0570289 0.0563577 0.696721 0.0726923 0.1172
9.9991E-05 0.040086 0.252043 0.0453275 0.662443
9.9991E-05 0.0719859 0.161939 0.464379 0.301596
0.0692042 0.0234276 0.578622 0.0842002 0.244546
9.9991E-05 0.0293743 0.0909053 0.542742 0.336878
9.9982E-05 9.9982E-05 0.390121 0.0428539 0.566825
9.9982E-05 9.9982E-05 0.507428 0.0319015 0.46047
0.00546686 9.9991E-05 0.418414 0.0899018 0.486117
9.9982E-05 9.9982E-05 0.394986 0.0791228 0.525691
0.0584319 0.0404291 0.643496 0.0351773 0.222466
0.0815433 0.0765099 0.58151 0.0989379 0.161498
0.0315502 0.0604513 0.597595 0.0496647 0.260739
9.9991E-05 0.0540062 0.200032 0.364029 0.381833
0.167687 0.0388581 0.566688 0.100212 0.126555
0.0847928 0.0892164 0.504188 0.298099 0.0237034
0.166372 9.9982E-05 9.9982E-05 0.757442 0.0759856
0.0927334 0.0611878 0.692011 0.107473 0.0465947
0.125993 0.0459681 0.341426 0.438245 0.0483679
0.138298 0.0886651 0.538159 0.211063 0.0238156
0.150938 9.9991E-05 0.270896 0.49346 0.0846062
0.120977 9.9991E-05 0.140512 0.630537 0.107874
0.06129 0.039798 0.418988 0.371266 0.108658
0.0862105 0.110119 0.485106 0.180148 0.138416
0.155148 0.037866 0.488039 0.1665 0.152447
0.0682646 0.084688 0.144274 0.588728 0.114045
0.1045 0.0710653 0.593683 0.119071 0.111679
9.9982E-05 9.9982E-05 0.409303 0.504421 0.0860757
0.00267287 9.9991E-05 0.526539 0.365554 0.105135
0.151857 0.0916438 0.556301 0.180826 0.0193728
0.403516 0.24425 0.158017 0.194117 9.9991E-05
0.525807 0.153896 9.9982E-05 0.320097 9.9982E-05
0.48982 0.135749 9.9982E-05 0.374231 9.9982E-05
0.393068 0.305523 0.0618011 0.239509 9.9991E-05
0.00388312 9.9991E-05 0.700519 0.290737 0.00476084
0.0700257 0.110947 0.598808 0.135443 0.0847762
9.9982E-05 0.661057 0.313468 9.9982E-05 0.0252744
0.0413882 0.454059 0.370155 0.0177611 0.116637
0.0365011 0.456233 0.375364 0.0136362 0.118266
0.03949 0.046241 0.306097 0.608072 9.99966E-05
0.109746 0.103043 0.470175 0.191741 0.125294
0.0088984 0.00775863 0.300646 0.609491 0.0732059
0.0866602 0.0337775 0.60466 0.274803 9.9991E-05
0.0757749 0.0320554 0.471765 0.365238 0.0551661
0.0119001 0.0448868 0.612492 0.330621 9.9991E-05
0.0151867 0.0522644 0.211038 0.672696 0.0488147
0.107681 0.0358701 0.685833 0.170516 9.9991E-05
0.151404 9.9982E-05 0.667723 0.180673 9.9982E-05
0.00159787 0.965472 0.0158833 0.0131817 0.0038653
9.9982E-05 0.914122 0.0638118 9.9982E-05 0.0218658
0.0419478 0.564503 0.288918 0.00620275 0.0984287
9.9982E-05 0.637065 0.333154 9.9982E-05 0.0295809
9.9982E-05 0.826674 0.130766 9.9982E-05 0.0423602
9.997E-05 0.9996 9.997E-05 9.997E-05 9.997E-05
9.9973E-05 0.944574 9.9973E-05 9.9973E-05 0.0551263
9.9973E-05 0.837936 0.161764 9.9973E-05 9.9973E-05
9.9973E-05 0.937583 9.9973E-05 9.9973E-05 0.0621168
9.997E-05 0.9996 9.997E-05 9.997E-05 9.997E-05
9.997E-05 0.9996 9.997E-05 9.997E-05 9.997E-05
0.000272066 0.764395 0.235133 9.9982E-05 9.9982E-05
0.0369279 0.800878 0.0909669 9.9991E-05 0.071127
9.997E-05 0.9996 9.997E-05 9.997E-05 9.997E-05
0.0651482 0.428391 0.363969 0.031958 0.110533
0.0213611 0.694995 0.234403 9.9991E-05 0.0491407
0.0412868 0.803429 0.155084 9.9982E-05 9.9982E-05
9.9973E-05 0.888247 0.111454 9.9973E-05 9.9973E-05
9.997E-05 0.9996 9.997E-05 9.997E-05 9.997E-05
0.00942385 0.963559 0.0268167 9.9982E-05 9.9982E-05
9.997E-05 0.9996 9.997E-05 9.997E-05 9.997E-05
0.0597389 0.67033 0.21526 9.9991E-05 0.0545709
9.9991E-05 0.981758 0.00165787 0.0116382 0.00484602
0.350243 0.0659761 9.9982E-05 0.583581 9.9982E-05
0.236549 0.121227 0.364993 0.26156 0.0156704
0.185405 0.0735743 0.475775 0.265146 9.9991E-05
0.237669 0.140486 0.167702 0.454043 9.9991E-05
0.162411 0.126024 0.444257 0.22555 0.0417579
0.298983 0.152094 0.0723359 0.476487 9.9991E-05
0.211054 0.070951 0.489108 0.187538 0.0413485
0.229433 0.123611 0.321475 0.325382 9.9991E-05
0.181125 0.171831 0.449366 0.197577 9.9991E-05
0.239166 0.133413 0.354764 0.272557 9.9991E-05
0.218645 0.134375 0.447147 0.199733 9.9991E-05
0.902835 9.9991E-05 0.0424375 0.0351484 0.0194789
0.90622 0.0673024 9.9982E-05 0.026278 9.9982E-05
0.969345 9.9982E-05 0.00732542 9.9982E-05 0.0231298
0.974783 9.9973E-05 9.9973E-05 0.024917 9.9973E-05
0.915457 9.9982E-05 0.0670426 9.9982E-05 0.0173005
0.996552 9.9973E-05 0.00314828 9.9973E-05 9.9973E-05
0.936522 0.0140252 0.0492526 9.9982E-05 9.9982E-05
0.946696 9.9973E-05 9.9973E-05 9.9973E-05 0.0530037
0.905866 0.0250327 0.0278164 0.0346929 0.00659186
0.937143 0.0217273 0.00572133 0.0185069 0.016901
0.60353 9.9982E-05 9.9982E-05 0.0684307 0.32784
0.6127 9.9982E-05 9.9982E-05 0.0509422 0.336158
0.535518 9.9982E-05 9.9982E-05 0.111291 0.352991
0.475478 9.9982E-05 9.9982E-05 0.120412 0.40391
0.103373 0.00835726 0.55033 0.132981 0.204958
0.0106691 0.0209168 0.59247 0.175777 0.200167
0.05407 0.0207683 0.613352 0.0923276 0.219482
0.00546098 9.9991E-05 0.481338 0.161913 0.351188
9.9982E-05 9.9982E-05 0.26577 0.113782 0.620248
0.0447035 0.032571 0.719998 0.112531 0.0901972
9.9991E-05 0.00974175 0.70133 0.116451 0.172378
0.0162282 0.0400403 0.614606 0.275636 0.0534898
9.9982E-05 9.9982E-05 0.571636 0.397191 0.0309725
0.0541288 0.0636483 0.643327 0.142073 0.0968229
9.9982E-05 9.9982E-05 0.57508 0.233391 0.191328
9.9982E-05 9.9982E-05 0.157114 0.764104 0.078582
0.0886291 0.0142142 0.665288 0.0780618 0.153807
9.9982E-05 9.9982E-05 0.349195 0.640948 0.00965671
0.0244117 0.0115878 0.642392 0.262834 0.058775
9.9982E-05 9.9982E-05 0.33086 0.309525 0.359415
0.151997 9.9991E-05 0.00305628 0.0287293 0.816118
0.138671 9.9991E-05 0.0763072 0.0373727 0.747549
0.109043 9.9991E-05 0.0439391 0.0732496 0.773668
0.133528 9.9982E-05 9.9982E-05 0.0508069 0.815465
0.0698835 0.0101512 0.109142 0.0110584 0.799765
0.0589936 0.0553268 0.0920643 0.00576545 0.78785
0.891982 0.0387769 0.0439932 9.9991E-05 0.0251477
0.836155 0.00420313 0.131476 0.00272596 0.0254394
0.784179 0.03457 0.141696 9.9991E-05 0.0394547
0.858208 0.0448745 0.0611079 9.9991E-05 0.0357091
0.808032 0.0378789 0.145319 9.9991E-05 0.00866927
0.403595 9.9982E-05 9.9982E-05 0.0338547 0.562351
0.426691 0.00514026 9.9991E-05 0.0255293 0.542539
0.431245 0.0158331 0.00120808 9.9991E-05 0.551614
0.86505 9.9982E-05 0.117292 9.9982E-05 0.017458
0.385284 9.9982E-05 9.9982E-05 0.0504355 0.564081
0.297464 0.321641 0.252407 0.128388 9.9991E-05
0.166716 0.21638 0.550291 0.0402672 0.0263467
0.220177 0.24363 0.535993 9.9982E-05 9.9982E-05
0.30108 0.274171 0.299694 0.124956 9.9991E-05
0.194158 0.109987 0.569152 0.0821935 0.0445101
0.470921 0.300982 9.9982E-05 0.227898 9.9982E-05
9.9982E-05 9.9982E-05 0.526662 0.0778625 0.395275
9.9991E-05 0.0577941 0.475343 0.275915 0.190848
9.9982E-05 9.9982E-05 0.338383 0.0413278 0.620089
9.9991E-05 0.0271409 0.560577 0.249301 0.162882
9.9973E-05 9.9973E-05 9.9973E-05 0.688948 0.310752
0.0962593 0.0715596 0.607795 0.0755364 0.148849
0.0269002 0.0502546 0.557171 0.219426 0.146248
0.0226019 9.9991E-05 0.398269 0.112803 0.466226
0.0795997 0.0551885 0.568007 0.0779711 0.219234
9.9982E-05 9.9982E-05 0.181957 0.502673 0.315171
0.0305003 0.054374 0.581463 0.178481 0.155182
0.0329467 0.0212086 0.537619 0.0491625 0.359063
0.125495 0.14784 0.455705 0.20969 0.0612705
9.9991E-05 0.0172939 0.357463 0.358075 0.267068
0.00360567 0.0485129 0.451119 0.283396 0.213366
0.0257453 0.0221592 0.63715 0.156022 0.158924
9.9991E-05 0.00652238 0.610611 0.158735 0.224031
0.0305423 0.0683363 0.715242 0.118314 0.067565
0.11485 0.063504 0.560321 0.0817711 0.179554
0.0867456 0.0129248 0.630536 0.0855747 0.184219
0.865558 0.035677 0.0985649 9.9982E-05 9.9982E-05
0.876006 9.9973E-05 0.123694 9.9973E-05 9.9973E-05
0.923895 9.9991E-05 0.0529029 0.0187025 0.00440005
0.900802 0.0514443 0.0101604 9.9991E-05 0.0374935
0.915327 9.9973E-05 0.0843734 9.9973E-05 9.9973E-05
0.0127889 0.0401593 0.167607 0.134929 0.644516
0.0868801 0.0498091 0.543982 0.115708 0.203621
0.20513 0.237869 0.40318 0.117303 0.0365175
0.0297374 0.0763267 0.680806 0.0225181 0.190612
9.9991E-05 0.0551159 0.553447 0.00510015 0.386237
9.9991E-05 0.0548084 0.302014 0.328066 0.315012
0.0433355 0.0124945 0.0442968 0.107317 0.792557
0.0584359 0.0306972 0.50186 0.0427615 0.366246
0.0195548 0.0704106 0.257668 0.0346568 0.617709
0.0190802 0.0398107 0.512725 0.218208 0.210177
0.0583868 0.0309357 0.154423 0.0919432 0.664311
0.0902548 0.100464 0.548207 9.9991E-05 0.260974
0.00930383 0.0639597 0.16166 0.142465 0.622612
0.00747676 0.12271 0.272757 0.274346 0.322711
0.08562 0.0398001 0.564631 0.216773 0.093176
0.0346975 9.9991E-05 0.339525 0.552846 0.072832
0.109915 9.9982E-05 0.592493 0.297393 9.9982E-05
0.135674 0.0444192 0.591524 0.183868 0.0445157
0.0250911 9.9991E-05 0.306174 0.623437 0.0451982
0.0969777 0.0468514 0.591017 0.164661 0.100493
0.0835455 9.9991E-05 0.55673 0.350623 0.00900135
9.9982E-05 9.9982E-05 0.189897 0.764142 0.0457605
0.0552871 9.9991E-05 0.22056 0.696025 0.0280278
0.0745852 9.9991E-05 0.475764 0.359781 0.0897697
0.0193915 9.9991E-05 0.130729 0.778706 0.0710741
0.031782 9.9991E-05 0.463333 0.37916 0.125625
9.9991E-05 0.0268276 0.213003 0.0892866 0.670782
9.9991E-05 0.0981085 0.228812 0.306392 0.366588
0.0325119 0.0674818 0.453331 9.9991E-05 0.446575
0.0533638 0.101721 0.551998 0.0388615 0.254055
9.9991E-05 0.0437561 0.257504 0.0691125 0.629527
0.069439 0.0666769 0.532234 0.114704 0.216946
0.0586607 0.0815452 0.58619 9.9991E-05 0.273504
0.0451155 0.0651875 0.535812 0.0793485 0.274536
9.9991E-05 0.0980079 0.510573 0.0577975 0.333522
9.9982E-05 0.0810582 0.488825 9.9982E-05 0.429917
9.9991E-05 0.0250714 0.308377 0.098286 0.568165
9.9991E-05 0.0459035 0.450116 0.0378907 0.46599
9.9991E-05 0.0642691 0.618583 0.0704188 0.24663
0.0216504 0.108435 0.620619 0.121061 0.128234
0.0548373 0.0946515 0.356454 0.200127 0.29393
9.9991E-05 0.133123 0.497016 0.117535 0.252226
9.9991E-05 0.0944368 0.379878 0.0341283 0.491457
0.029828 0.0363809 0.586094 0.0461218 0.301576
0.00780474 0.109812 0.470964 0.0759712 0.335449
0.117598 0.0677072 0.605516 0.0611863 0.147993
0.346493 0.113685 0.482551 9.9991E-05 0.0571717
0.140314 0.207375 0.524377 0.117303 0.0106307
0.189498 0.139534 0.481088 0.139366 0.0505137
0.121644 0.162826 0.549724 0.137632 0.0281736
0.233103 0.185685 0.482529 0.0985821 9.9991E-05
9.9991E-05 0.0295011 0.562419 0.241024 0.166957
0.172312 0.12379 0.544155 0.144989 0.0147535
0.249339 0.187474 0.0460617 0.466065 0.0510613
0.119569 0.134041 0.586213 0.09291 0.0672676
0.14508 0.187189 0.523591 0.0948543 0.0492863
0.127026 0.201619 0.542076 0.1047 0.0245789
0.23556 0.115049 0.321914 0.312898 0.0145793
0.221634 0.153913 0.549455 0.0358843 0.0391133
0.158855 0.201656 0.511719 0.0828202 0.0449502
0.524815 0.126004 9.9982E-05 0.348981 9.9982E-05
0.205971 0.173963 0.526987 0.0157651 0.0773143
0.197154 0.223448 0.530564 0.0408096 0.00802431
0.101345 0.117112 0.625271 0.120018 0.0362532
0.209071 0.223808 0.549004 0.0180164 9.9991E-05
0.229617 0.12568 0.525112 0.103412 0.0161782
0.0829538 0.00113445 0.517911 0.395408 0.00259246
0.098063 0.0555154 0.573877 0.272444 9.9991E-05
9.9991E-05 0.00661417 0.0301932 0.872923 0.0901696
0.00661241 9.9991E-05 0.0895577 0.832137 0.0715927
0.0970788 0.109313 0.483153 0.289832 0.0206233
0.14596 0.336934 0.357332 0.159674 9.9991E-05
0.175265 0.33303 0.313956 0.177649 9.9991E-05
0.173408 0.362637 0.151519 0.312335 9.9991E-05
0.150391 0.322246 0.328543 0.19872 9.9991E-05
0.121517 0.0951632 0.0860768 0.697143 9.9991E-05
0.112225 0.0957644 0.172882 0.619029 9.9991E-05
0.0177428 0.0860069 0.58952 0.306631 9.9991E-05
0.0547673 0.150791 0.453652 0.34069 9.9991E-05
0.0439477 0.0969024 0.28688 0.556921 0.0153483
0.0542046 0.068795 0.597579 0.199848 0.0795726
0.038235 0.10541 0.613685 0.231963 0.0107067
0.113271 0.0827769 0.539296 0.223826 0.0408299
9.9991E-05 0.00788288 0.424064 0.517236 0.0507172
0.0255265 9.9991E-05 0.46043 0.439441 0.0745033
0.0601042 0.0217522 0.582603 0.283666 0.0518751
0.0544217 0.0535519 0.455946 0.345231 0.0908486
0.0753846 0.091242 0.536923 0.225405 0.0710457
0.00521318 9.9982E-05 0.546427 0.44816 9.9982E-05
0.000366754 9.9991E-05 0.306314 0.644641 0.0485786
0.0097814 0.0186462 0.710144 0.256015 0.00541353
9.9991E-05 0.0031218 0.297663 0.630585 0.0685305
0.0293411 0.00523285 0.517466 0.411446 0.0365136
0.0887853 0.0262724 0.566348 0.261003 0.0575914
0.0474949 0.0453448 0.555585 0.267656 0.0839198
0.184654 0.164405 0.484838 0.144457 0.0216462
0.189647 0.145758 0.477824 0.154002 0.0327681
0.222156 0.29487 0.293469 0.189405 9.9991E-05
0.221971 0.22935 0.356553 0.163337 0.0287895
0.194192 0.166324 0.472464 0.0851662 0.0818543
0.159385 0.159247 0.487124 0.194144 9.9991E-05
0.171978 0.164985 9.9982E-05 0.662837 9.9982E-05
0.096518 0.216158 0.581394 0.105829 9.9991E-05
0.353694 0.132538 9.9982E-05 0.513568 9.9982E-05
0.0714601 0.18826 0.533678 0.190064 0.0165374
9.9973E-05 9.9973E-05 0.263148 0.736552 9.9973E-05
9.9982E-05 9.9982E-05 0.095159 0.87245 0.0321908
0.00312402 0.0110522 0.567211 0.418513 9.9991E-05
0.0444143 0.0343945 0.65292 0.258286 0.00998488
9.9982E-05 9.9982E-05 0.522441 0.439826 0.0375328
9.9982E-05 0.0120661 0.673084 0.31465 9.9982E-05
9.9982E-05 0.0143077 0.649953 0.335539 9.9982E-05
0.887076 0.0160929 0.0106121 9.9991E-05 0.0861189
0.771749 0.051621 0.0619671 0.0192814 0.0953819
0.936768 0.0180914 9.9982E-05 9.9982E-05 0.0449403
0.973732 9.9973E-05 0.0259679 9.9973E-05 9.9973E-05
0.071702 0.0062934 0.642347 0.258042 0.0216152
0.0596336 9.9991E-05 0.627077 0.168221 0.144969
0.0114202 9.9991E-05 0.669729 0.158493 0.160258
0.103455 9.9991E-05 0.643244 0.135464 0.117737
0.135061 9.9991E-05 0.663414 0.140719 0.0607059
0.0472732 9.9991E-05 0.444897 0.306234 0.201497
0.00933094 9.9991E-05 0.797781 0.136928 0.0558595
9.9982E-05 9.9982E-05 0.426023 0.540647 0.0331296
0.322071 0.171937 0.391277 9.9991E-05 0.114615
9.9991E-05 0.00786764 0.549022 0.373641 0.0693697
9.9982E-05 9.9982E-05 0.508342 0.283108 0.208351
9.9991E-05 0.0108281 0.641093 0.322192 0.0257868
9.9982E-05 9.9982E-05 0.566646 0.243455 0.189699
0.000391413 0.020985 0.70713 0.271394 9.9991E-05
0.0649955 9.9991E-05 0.660802 0.175983 0.0981203
9.9982E-05 9.9982E-05 0.224931 0.754874 0.0199946
9.9982E-05 9.9982E-05 0.49987 0.462831 0.0370993
9.9991E-05 0.00650378 0.5434 0.445199 0.00479785
9.9982E-05 9.9982E-05 0.0754936 0.906946 0.0173608
0.0356991 9.9991E-05 0.549031 0.246184 0.168986
9.9982E-05 9.9982E-05 0.246602 0.706347 0.0468509
9.9982E-05 9.9982E-05 0.0468282 0.890326 0.0626454
0.0346253 9.9991E-05 0.723268 0.20983 0.0321769
9.9982E-05 9.9982E-05 0.365289 0.306829 0.327683
9.9982E-05 9.9982E-05 0.632001 0.219323 0.148476
0.137875 0.0225189 0.682404 0.0969303 0.060272
0.0168076 9.9991E-05 0.636422 0.171274 0.175397
9.9991E-05 0.0531564 0.358436 0.293048 0.29526
0.0332801 9.9991E-05 0.684596 0.15517 0.126854
9.9982E-05 9.9982E-05 0.651574 0.160054 0.188172
9.9982E-05 9.9982E-05 0.464559 0.462486 0.0727556
0.109686 9.9991E-05 0.616983 0.168902 0.104329
0.684995 9.9982E-05 9.9982E-05 0.021296 0.293509
0.786352 9.9982E-05 9.9982E-05 0.0319618 0.181486
0.865317 9.9973E-05 9.9973E-05 9.9973E-05 0.134383
0.842153 9.9982E-05 9.9982E-05 0.016395 0.141252
0.776364 9.9991E-05 0.0236363 0.0139551 0.185945
0.0138237 9.9991E-05 0.334293 0.326746 0.325037
9.9982E-05 9.9982E-05 0.327829 0.399439 0.272532
9.9982E-05 9.9982E-05 0.4092 0.5646 0.0260001
0.124621 0.0565843 0.627302 0.121595 0.0698971
0.120325 0.0539477 0.616805 0.0812417 0.12768
0.00206878 9.9991E-05 0.441853 0.531578 0.0244006
0.0270029 0.0649382 0.708297 0.191934 0.00782758
0.0263911 0.0671291 0.503828 0.348319 0.0543333
0.047192 9.9991E-05 0.655722 0.210885 0.0861007
0.0299832 0.0622033 0.661924 0.133043 0.112847
9.9982E-05 9.9982E-05 0.402182 0.276471 0.321147
9.9982E-05 9.9982E-05 0.482831 0.253945 0.263024
0.00596693 9.9991E-05 0.495128 0.263451 0.235354
0.150065 0.0308648 0.644633 0.140142 0.0342948
0.00156421 9.9991E-05 0.574599 0.222436 0.2013
0.0206165 9.9991E-05 0.562967 0.208162 0.208154
0.129784 0.399963 0.416259 0.042509 0.0114851
0.132254 0.444477 0.345092 0.0780773 9.9991E-05
0.0980749 0.434139 0.461067 9.9991E-05 0.00661847
0.161122 0.533768 0.260304 0.0447062 9.9991E-05
0.141107 0.309158 0.461849 0.0740326 0.0138531
0.100421 9.9991E-05 0.559668 0.338092 0.00171844
0.244351 0.659944 9.9991E-05 0.072762 0.0228425
0.159711 0.523008 0.305849 0.00958129 0.00185009
0.2268 0.146055 0.382918 0.244128 9.9991E-05
0.185737 9.9991E-05 0.582869 0.176681 0.0546127
0.179568 0.00532063 0.539115 0.19511 0.0808866
0.165364 9.9991E-05 0.657358 0.128157 0.049022
0.157844 0.0478103 0.616587 0.154277 0.0234827
0.182948 0.486744 0.330107 9.9982E-05 9.9982E-05
0.136112 0.366924 0.426663 9.9991E-05 0.0702014
0.0811641 0.524787 0.393849 9.9982E-05 9.9982E-05
0.131943 0.308146 0.455301 0.0887689 0.015841
0.151628 0.495147 0.240285 0.0680938 0.0448461
0.151553 0.356155 0.439509 0.0249296 0.0278538
0.155716 0.548276 0.279396 0.0165123 9.9991E-05
0.147733 0.329428 0.390921 0.0756108 0.0563076
0.127721 0.0341152 0.530989 0.297055 0.0101202
0.125313 0.362637 0.384021 0.0716529 0.0563763
0.228026 0.590817 0.151525 0.0295322 9.9991E-05
0.124138 0.409693 0.387593 9.9991E-05 0.0784771
0.201205 9.9991E-05 0.343746 0.295309 0.15964
0.0950283 0.0460519 0.639034 0.219786 9.9991E-05
0.167982 0.364605 0.369608 0.0299869 0.067818
0.180583 9.9991E-05 0.590078 0.147062 0.0821772
0.210265 9.9991E-05 0.53502 0.135929 0.118685
0.215112 0.200361 0.399395 0.150647 0.0344852
0.253804 0.280577 0.346949 0.118571 9.9991E-05
0.161454 0.084683 0.599652 0.141597 0.0126144
0.162286 0.300137 0.439216 0.0200288 0.0783318
0.12166 0.421678 0.437399 9.9991E-05 0.0191629
0.203876 0.594762 0.151953 0.0493096 9.9991E-05
0.0973872 0.0422935 0.684345 0.0998922 0.0760826
0.18349 9.9991E-05 0.482128 0.256656 0.0776261
0.146866 0.0445142 0.144151 0.664369 9.9991E-05
0.168128 0.0524992 0.604465 0.138603 0.0363052
0.124711 0.0131327 0.472747 0.264336 0.125074
0.2034 0.189271 0.482844 0.124386 9.9991E-05
0.149875 0.127933 0.470746 0.181495 0.0699505
0.42283 0.124096 9.9982E-05 0.452874 9.9982E-05
0.367318 0.0885048 9.9982E-05 0.543977 9.9982E-05
0.210738 0.116485 0.317911 0.354767 9.9991E-05
0.350493 0.209579 0.00557466 0.434253 9.9991E-05
0.507957 0.188817 9.9982E-05 0.303027 9.9982E-05
0.208087 0.129518 0.353694 0.3086 9.9991E-05
0.22951 0.156335 0.371001 0.155093 0.0880604
0.314756 0.18618 0.109535 0.389429 9.9991E-05
0.305457 0.163921 0.0487773 0.481745 9.9991E-05
0.205531 0.124417 0.48992 0.180032 9.9991E-05
0.286772 0.153067 0.143371 0.416691 9.9991E-05
0.400187 0.0807924 9.9982E-05 0.51882 9.9982E-05
0.153643 0.152146 0.500806 0.125169 0.0682355
0.215743 0.211009 0.30809 0.255355 0.00980268
0.340271 0.172213 0.442021 9.9991E-05 0.0453957
0.178146 0.242776 0.578878 9.9982E-05 9.9982E-05
0.11892 0.232726 0.54239 0.105865 9.9991E-05
0.178957 0.257165 0.455004 0.092373 0.0165009
0.379878 0.206245 0.321506 9.9991E-05 0.092271
0.226178 0.183205 0.534718 0.00340187 0.052497
0.288968 0.192833 0.481347 9.9991E-05 0.0367525
0.23634 0.293166 0.26073 0.209664 9.9991E-05
0.207331 0.0855103 0.411751 0.137419 0.157989
0.233873 0.126661 0.530482 0.100797 0.00818761
0.181388 0.162667 0.547028 0.0498569 0.0590596
0.145749 0.165772 0.591709 0.0324288 0.0643421
0.310962 0.219302 0.446816 0.022821 9.9991E-05
0.260451 0.139663 0.542367 0.0574192 9.9991E-05
0.378339 0.342051 0.00671737 0.272793 9.9991E-05
0.199654 0.163198 0.584623 0.0430243 0.00950029
0.327324 0.32149 0.153532 0.197555 9.9991E-05
0.810709 9.9973E-05 9.9973E-05 9.9973E-05 0.188991
0.0517894 0.0138085 0.13501 9.9991E-05 0.799292
9.997E-05 9.997E-05 9.997E-05 9.997E-05 0.9996
9.997E-05 9.997E-05 9.997E-05 9.997E-05 0.9996
9.9982E-05 0.0130738 0.0114284 9.9982E-05 0.975298
9.9973E-05 0.00815837 9.9973E-05 9.9973E-05 0.991542
9.9973E-05 9.9973E-05 0.037456 9.9973E-05 0.962244
9.997E-05 9.997E-05 9.997E-05 9.997E-05 0.9996
0.155938 9.9973E-05 9.9973E-05 9.9973E-05 0.843762
0.900647 9.9991E-05 0.0041124 0.0114713 0.0836694
0.809688 9.9982E-05 0.0687367 9.9982E-05 0.121375
0.878601 0.00345114 0.0314244 0.0184663 0.0680574
0.892587 9.9982E-05 0.0212376 9.9982E-05 0.085975
0.900036 9.9982E-05 0.0150031 9.9982E-05 0.0847606
0.901824 9.9982E-05 0.0559555 9.9982E-05 0.0420206
0.74198 0.101684 0.106496 0.0497395 9.9991E-05
0.916967 9.9973E-05 0.0827335 9.9973E-05 9.9973E-05
0.731555 0.0499741 0.128287 9.9991E-05 0.0900832
0.929962 0.0466723 0.0231655 9.9982E-05 9.9982E-05
0.9996 9.997E-05 9.997E-05 9.997E-05 9.997E-05
0.909954 9.9982E-05 0.0800826 9.9982E-05 0.009763
0.9996 9.997E-05 9.997E-05 9.997E-05 9.997E-05
0.969835 9.9982E-05 0.0257444 0.00422052 9.9982E-05
0.918064 9.9973E-05 0.0816365 9.9973E-05 9.9973E-05
0.927128 0.00115605 0.0715162 9.9982E-05 9.9982E-05
0.87913 0.0395853 0.0810847 9.9982E-05 9.9982E-05
0.866615 0.00925006 0.123935 9.9982E-05 9.9982E-05
0.829117 0.0698124 0.10087 9.9982E-05 9.9982E-05
0.176042 9.9991E-05 0.463914 0.252616 0.107327
0.131097 9.9991E-05 0.735098 0.108427 0.0252775
0.157593 0.0345132 0.632392 0.0988659 0.0766365
0.128293 0.0450592 0.102218 0.72433 9.9991E-05
0.149453 0.0116479 0.529462 0.202834 0.106604
0.176693 0.0213089 0.0725779 0.72932 9.9991E-05
0.110098 0.0532811 0.624422 0.212099 9.9991E-05
0.204613 9.9991E-05 0.455832 0.245742 0.0937132
0.221973 9.9991E-05 0.491457 0.24309 0.0433811
0.0649414 9.9991E-05 0.642435 0.187014 0.10551
0.175492 9.9991E-05 0.487755 0.247076 0.0895764
0.0983798 0.0187187 0.707299 0.175503 9.9991E-05
0.1666 0.00655834 0.576101 0.16752 0.0832215
9.9982E-05 0.119278 9.9982E-05 0.395645 0.484877
0.178166 9.9982E-05 0.0025207 0.819114 9.9982E-05
0.163585 0.00823667 0.174654 0.653424 9.9991E-05
0.173965 0.0141746 0.643279 0.168481 9.9991E-05
0.128982 0.0339011 0.498958 0.338059 9.9991E-05
0.121168 0.00564289 0.644573 0.228516 9.9991E-05
0.116792 0.108383 0.606423 0.155903 0.0124989
0.270021 0.14864 0.497629 0.0230695 0.0606406
0.244621 0.173611 0.554515 0.0271532 9.9991E-05
0.385177 0.166898 0.159717 0.0757529 0.212456
0.174173 0.0624725 0.601059 9.9991E-05 0.162196
0.213268 0.135407 0.409386 0.031696 0.210242
0.429997 0.178974 9.9982E-05 0.390829 9.9982E-05
0.301021 0.232555 0.283509 0.182815 9.9991E-05
0.383242 0.156046 0.30459 0.0595401 0.0965826
0.343256 0.110499 0.392905 0.0162868 0.137053
0.138677 0.157507 0.518725 0.122797 0.062294
0.231141 0.13964 0.547188 0.0382859 0.0437452
0.210288 0.0899133 0.622743 0.034944 0.0421122
0.205992 0.17688 0.399188 0.166533 0.0514069
0.502068 0.143684 0.229603 0.0287209 0.0959247
