0.0176647 0.00994175 0.936028 9.9991E-05 0.0362652
9.9982E-05 0.00563004 0.993786 9.9982E-05 0.000384263
0.0446583 0.0173476 0.894762 0.0215922 0.0216395
0.138439 9.9973E-05 0.861261 9.9973E-05 9.9973E-05
0.0756717 9.9973E-05 0.924028 9.9973E-05 9.9973E-05
0.0705924 0.0700797 0.694445 0.130919 0.0339636
0.0372936 0.0290047 0.832442 0.10116 9.9991E-05
9.999E-05 0.101257 0.758413 0.115897 0.0243334
9.9982E-05 0.163352 0.834308 0.00213973 9.9982E-05
0.0389921 0.0380804 0.788515 0.110751 0.0236612
0.0856134 0.0541322 0.792016 0.0681388 9.9991E-05
0.28215 0.557116 0.0216643 0.0891186 0.0499507
0.56514 0.296672 0.0782952 9.9991E-05 0.0597935
0.286783 0.480865 9.9991E-05 0.130307 0.101945
0.29593 0.485167 0.0368444 0.0334043 0.148654
0.456776 0.310844 0.118279 0.00625933 0.107841
0.608247 0.25537 0.0382903 9.9991E-05 0.0979935
0.536179 0.299428 0.0521623 0.0610485 0.0511822
0.290322 0.419852 0.122434 0.0865213 0.0808708
0.0727594 0.743014 0.0322271 0.1519 9.9991E-05
0.464936 0.345156 0.02536 0.0904031 0.0741446
0.444149 0.23217 0.0246453 0.215605 0.0834303
0.602913 0.225287 0.0520816 0.0660877 0.0536312
0.227572 0.493399 0.0625782 0.134158 0.082293
0.626635 0.109273 0.097661 0.0792086 0.0872229
0.594623 0.264908 0.0555992 0.0675212 0.0173488
0.282795 0.551126 0.0582646 0.0969691 0.0108451
0.30659 0.499469 0.0264685 0.0718099 0.0956626
0.296136 0.524922 0.0168486 0.161993 9.9991E-05
0.0889441 9.9982E-05 0.908722 9.9982E-05 0.00213403
0.120694 9.9973E-05 0.879006 9.9973E-05 9.9973E-05
0.0840662 0.00553717 0.821865 9.9991E-05 0.0884314
0.169159 9.9982E-05 0.760127 9.9982E-05 0.0705144
0.598397 0.135201 0.0680391 0.198262 9.9991E-05
0.593546 0.101616 0.0954055 0.169785 0.0396473
0.650571 0.010363 9.9991E-05 0.322721 0.0162453
0.207799 0.69051 0.0310811 0.0612841 0.00932597
0.414329 0.0424945 9.9982E-05 0.542977 9.9982E-05
0.583969 0.201062 0.0941685 0.068504 0.0522963
0.793868 9.9982E-05 0.0828432 0.123089 9.9982E-05
0.583574 0.086308 0.162182 0.167836 9.9991E-05
0.690142 0.0860406 0.122484 0.101234 9.9991E-05
0.2958 0.320431 9.9982E-05 0.383569 9.9982E-05
0.651143 0.00434823 0.11768 0.209851 0.0169776
0.649944 0.0744321 0.0804137 0.138594 0.0566159
0.640321 0.0253828 0.131984 0.145945 0.0563674
0.486045 0.0563853 9.9982E-05 0.45737 9.9982E-05
0.675219 0.0996289 0.0355069 0.12522 0.0644256
0.582487 0.0678577 0.118146 0.170787 0.0607224
9.9982E-05 0.117752 0.0189154 0.863133 9.9982E-05
0.20721 0.647563 9.9982E-05 0.145027 9.9982E-05
0.197253 0.257606 0.0175089 0.452177 0.0754546
0.562671 0.111316 0.091814 0.141918 0.0922808
0.636173 0.0656363 0.067046 0.139491 0.0916536
0.613607 0.084957 0.106375 0.125522 0.0695394
0.234784 0.546603 0.108426 0.0976213 0.0125656
0.557662 0.372117 0.00654134 0.0222392 0.0414408
0.598321 0.189847 0.0847324 0.0594876 0.0676115
0.434727 0.30379 0.111895 0.123543 0.0260458
0.152055 0.514343 0.150177 0.163179 0.0202454
0.586371 0.140763 0.100705 0.127586 0.0445748
0.501211 0.278015 0.0652402 0.104968 0.0505655
0.116972 0.592504 0.0734638 0.216961 9.9991E-05
0.489152 0.423206 9.9991E-05 0.0686018 0.0189399
0.618512 0.106857 0.0547073 0.173126 0.046797
0.656015 0.192506 0.083782 0.0371574 0.030539
0.287579 0.414904 0.0638637 0.176353 0.0573008
0.538015 0.280548 0.0305056 0.0998673 0.0510649
0.572943 0.219416 0.041204 0.0926238 0.073813
0.248254 0.50604 0.0404679 0.166224 0.0390141
0.645369 0.154479 9.9982E-05 0.199952 9.9982E-05
0.382194 0.275538 9.9982E-05 0.342068 9.9982E-05
0.596503 0.0826603 0.136654 0.149853 0.0343297
0.185237 0.0658172 9.9982E-05 0.748746 9.9982E-05
0.183064 0.0805265 9.9982E-05 0.73621 9.9982E-05
0.431958 0.0159738 9.9982E-05 0.551869 9.9982E-05
0.610601 0.190286 0.0132443 0.185768 9.9991E-05
0.582443 0.0635095 0.12146 0.171865 0.0607231
0.652331 0.0464474 9.9982E-05 0.301021 9.9982E-05
0.319198 0.373121 9.9982E-05 0.307481 9.9982E-05
0.408415 0.279728 9.9982E-05 0.311657 9.9982E-05
0.608277 0.0746891 0.104529 0.179246 0.0332595
0.507875 0.250907 9.9982E-05 0.241018 9.9982E-05
0.567791 0.23465 9.9982E-05 0.197359 9.9982E-05
0.599806 0.0300072 9.9982E-05 0.369987 9.9982E-05
0.0343231 0.0919294 9.9991E-05 0.868591 0.00505624
0.723393 0.0243711 0.0494822 0.201165 0.00158879
0.0689617 0.0783516 0.852487 9.9982E-05 9.9982E-05
0.0596958 9.9973E-05 0.940004 9.9973E-05 9.9973E-05
0.109003 9.9982E-05 0.859798 9.9982E-05 0.0309986
0.0155476 9.9982E-05 0.933362 9.9982E-05 0.0508906
9.9982E-05 0.00684401 0.966396 9.9982E-05 0.0265605
0.0702243 9.9982E-05 0.887695 9.9982E-05 0.0418802
0.0634875 9.9973E-05 0.936213 9.9973E-05 9.9973E-05
0.639491 0.107877 0.119414 0.101778 0.0314397
0.578459 0.0862326 0.102697 0.185634 0.0469774
0.219724 0.354436 9.9982E-05 0.42564 9.9982E-05
0.62691 0.115986 0.102861 0.0957797 0.058463
0.505357 0.296426 0.0153837 0.182733 9.9991E-05
0.661152 0.106299 0.0839449 0.148504 9.9991E-05
0.674454 0.0400025 0.0350115 0.250432 9.9991E-05
0.592616 0.0851673 9.9991E-05 0.278713 0.043403
0.167068 0.492319 9.9982E-05 0.340413 9.9982E-05
0.539453 0.181521 0.116091 0.0967782 0.0661561
0.74029 0.0570627 0.0517363 0.108916 0.0419953
0.603978 0.0650716 0.116602 0.127356 0.0869928
0.383434 0.121966 0.0110227 0.483476 9.9991E-05
0.630089 0.045519 9.9982E-05 0.324192 9.9982E-05
0.604526 0.260589 9.9982E-05 0.134685 9.9982E-05
0.563065 0.0533068 9.9982E-05 0.383428 9.9982E-05
0.55466 0.239968 0.0223925 0.182879 9.9991E-05
0.666359 0.114868 0.0878882 0.130785 9.9991E-05
0.273088 0.377428 9.9991E-05 0.255727 0.0936574
0.439852 0.37782 0.0941534 0.071502 0.0166727
0.576779 0.160069 0.102309 0.101755 0.0590888
0.558755 0.132897 0.104927 0.106679 0.0967418
0.473149 0.394798 9.9991E-05 0.0801309 0.0518224
0.642422 0.250365 0.0320748 0.0245623 0.0505764
0.506838 0.423487 0.0532431 0.00216989 0.0142625
0.542703 0.165831 0.0849361 0.143315 0.0632151
0.628815 0.238148 0.0696521 9.9991E-05 0.0632849
0.617089 0.289187 0.0519656 0.0381476 0.00361099
0.607851 0.302698 0.0601128 0.0292377 9.9991E-05
0.611816 0.152764 0.05485 0.115686 0.0648839
0.579237 0.125446 0.114577 0.0963682 0.0843712
0.596446 0.178055 9.9991E-05 0.133483 0.0919162
0.527093 0.138126 0.0865469 0.144153 0.104082
0.597871 0.214115 0.0283304 0.0740853 0.0855981
0.280913 0.258804 0.0911361 0.278974 0.0901725
0.609354 0.119056 0.0769358 0.104602 0.0900527
0.651981 0.156171 0.0288265 0.0978543 0.0651673
0.252653 0.623829 0.0111425 0.0920532 0.0203224
0.142246 0.328288 9.9991E-05 0.462367 0.0669987
0.530897 0.191549 0.0933114 0.145167 0.0390763
0.0931076 0.349232 9.9991E-05 0.515917 0.0416428
0.377005 0.577493 9.9991E-05 0.0450355 0.000366985
0.508937 0.457749 9.9982E-05 0.0331144 9.9982E-05
0.383635 0.525482 0.0343372 0.0564459 9.9991E-05
0.397494 0.527737 9.9982E-05 0.0745691 9.9982E-05
0.656508 0.231131 0.0892069 0.0230533 9.9991E-05
0.542718 0.158591 0.159507 0.101171 0.0380129
0.645281 0.283225 0.034886 0.0126729 0.0239353
0.199738 0.373246 9.9991E-05 0.384955 0.0419604
0.482474 0.140085 0.148944 0.142894 0.0856034
0.474828 0.0353762 0.117707 0.308441 0.0636475
9.9982E-05 0.0642737 0.162909 0.772617 9.9982E-05
0.685102 0.0236508 0.10341 0.138495 0.0493427
0.309901 0.0736156 0.117367 0.443853 0.0552635
0.518614 0.0795869 0.105001 0.241507 0.0552918
0.260517 0.128554 0.128878 0.481951 9.9991E-05
0.105087 0.11072 0.121785 0.662308 9.9991E-05
0.384636 0.113942 0.0687151 0.384583 0.0481243
0.511724 0.128852 0.172582 0.127975 0.0588678
0.487417 0.0954058 0.185183 0.200678 0.031316
0.109273 0.120807 0.0718994 0.596119 0.101902
0.601199 0.0696834 0.123313 0.141844 0.063961
0.379504 0.0771982 9.9982E-05 0.543097 9.9982E-05
0.499086 0.111446 9.9982E-05 0.389269 9.9982E-05
0.545136 0.0608863 0.0916041 0.212473 0.0899009
0.115718 9.9991E-05 0.388084 0.247835 0.248263
9.9982E-05 9.9982E-05 0.553646 0.311321 0.134833
9.9982E-05 9.9982E-05 0.520547 0.355763 0.12349
0.0881134 0.0270591 0.391737 0.221616 0.271474
0.674871 9.9982E-05 0.0371347 0.287794 9.9982E-05
0.680504 0.00300763 0.102713 0.158922 0.0548532
0.338071 9.9973E-05 9.9973E-05 9.9973E-05 0.661629
0.378272 0.100345 0.0489388 0.00538608 0.467059
0.33626 0.142715 0.0720133 0.0305044 0.418508
0.287433 0.0608257 0.0360042 0.597752 0.0179847
0.539606 0.105587 0.112383 0.203168 0.0392561
0.292416 0.0840623 9.9991E-05 0.612728 0.0106941
0.587295 9.9991E-05 0.09641 0.290137 0.0260582
0.525795 0.0239584 0.0872825 0.354203 0.00876164
0.586918 9.9991E-05 0.0423462 0.342493 0.0281423
0.230437 9.9982E-05 0.0509929 0.71837 9.9982E-05
0.67418 0.00414267 0.114425 0.167619 0.0396339
0.623452 0.0274453 0.141347 0.18322 0.0245352
0.0161132 0.0292815 9.9982E-05 9.9982E-05 0.954405
0.0472055 0.0446428 9.9982E-05 9.9982E-05 0.907952
0.297024 0.0573502 0.0653051 0.0292725 0.551048
0.333495 0.0373817 9.9982E-05 9.9982E-05 0.628924
0.152336 0.0312766 9.9982E-05 9.9982E-05 0.816188
9.997E-05 9.997E-05 9.997E-05 9.997E-05 0.9996
9.9973E-05 0.05532 9.9973E-05 9.9973E-05 0.94438
0.164571 9.9973E-05 9.9973E-05 9.9973E-05 0.835129
9.9973E-05 0.0679712 9.9973E-05 9.9973E-05 0.931729
9.997E-05 9.997E-05 9.997E-05 9.997E-05 0.9996
9.997E-05 9.997E-05 9.997E-05 9.997E-05 0.9996
0.241066 9.9982E-05 0.00480412 9.9982E-05 0.75393
0.116376 0.043443 0.04571 9.9991E-05 0.794371
9.997E-05 9.997E-05 9.997E-05 9.997E-05 0.9996
0.273885 0.0949763 0.0902839 0.0938489 0.447006
0.222873 0.0534015 0.0290439 9.9991E-05 0.694582
0.138404 9.9982E-05 0.04162 9.9982E-05 0.819776
0.0757548 0.0284929 9.9982E-05 9.9982E-05 0.895552
9.997E-05 9.997E-05 9.997E-05 9.997E-05 0.9996
0.0431387 9.9982E-05 0.0132205 9.9982E-05 0.943441
9.997E-05 9.997E-05 9.997E-05 9.997E-05 0.9996
0.301656 0.0291109 0.0709464 9.9991E-05 0.598187
0.00298783 0.0265583 0.00439522 9.99914E-05 0.965959
9.9982E-05 9.9982E-05 0.354938 0.587649 0.0572135
0.398201 0.0347012 0.254253 0.197815 0.11503
0.432452 0.0165781 0.22963 0.249279 0.0720611
0.12691 9.9991E-05 0.262456 0.467485 0.143049
0.469735 9.9991E-05 0.181191 0.210317 0.138656
0.113181 9.9991E-05 0.307528 0.458424 0.120767
0.45933 0.0389883 0.230594 0.169031 0.102057
0.285956 9.9991E-05 0.234382 0.311096 0.168465
0.459037 0.00930658 0.175116 0.191006 0.165535
0.360241 9.9991E-05 0.235869 0.270307 0.133483
0.461078 0.0229881 0.202602 0.190409 0.122923
0.0633494 0.0247136 0.894132 0.0177054 9.9991E-05
9.9982E-05 9.9982E-05 0.913751 0.0176924 0.0683563
0.0168812 0.0189974 0.963921 9.9982E-05 9.9982E-05
9.9982E-05 0.0092148 0.989916 0.00066941 9.9982E-05
0.0376772 0.0257058 0.936417 9.9982E-05 9.9982E-05
9.9982E-05 0.000979966 0.992207 9.9982E-05 0.00661326
0.0374101 0.0339154 0.928475 9.9982E-05 9.9982E-05
9.9973E-05 0.0485964 0.951104 9.9973E-05 9.9973E-05
0.0557208 0.0209974 0.923082 9.9982E-05 9.9982E-05
0.00662939 0.0293518 0.935434 0.00912035 0.0194644
9.9982E-05 0.329775 0.607162 0.0628638 9.9982E-05
9.9982E-05 0.374961 0.607491 0.0173472 9.9982E-05
9.9982E-05 0.337698 0.561382 0.10072 9.9982E-05
9.9982E-05 0.439269 0.476115 0.0844161 9.9982E-05
0.558236 0.236621 0.0706248 0.134418 9.9991E-05
0.544807 0.181537 0.0504262 0.181813 0.0414165
0.617444 0.227696 0.0397328 0.101735 0.0133925
0.441608 0.387339 0.0216473 0.149306 9.9991E-05
0.233659 0.643116 9.9991E-05 0.102868 0.0202575
0.737169 0.110342 0.0425113 0.0941519 0.0158261
0.662591 0.17952 9.9991E-05 0.141886 0.0159026
0.631063 0.077441 9.9982E-05 0.291296 9.9982E-05
0.53101 0.027996 9.9982E-05 0.440794 9.9982E-05
0.678609 0.090203 0.0559532 0.175135 9.9991E-05
0.564991 0.200277 9.9982E-05 0.234533 9.9982E-05
0.113725 0.116117 9.9982E-05 0.769958 9.9982E-05
0.654399 0.153286 0.0638049 0.120051 0.00845975
0.30504 9.9973E-05 9.9973E-05 0.69466 9.9973E-05
0.647995 0.0968812 0.0177733 0.23725 9.9991E-05
0.310173 0.342553 9.9982E-05 0.347074 9.9982E-05
9.9982E-05 0.794673 0.152152 0.0529752 9.9982E-05
0.0636921 0.802186 0.125639 0.00838224 9.9991E-05
0.0438521 0.825189 0.108849 0.0220103 9.9991E-05
9.9982E-05 0.850568 0.124006 0.0252267 9.9982E-05
0.0988216 0.807548 0.0633637 0.0301666 9.9991E-05
0.0600071 0.796284 0.0826852 0.0121668 0.0488566
0.0517027 0.0217245 0.887386 9.9991E-05 0.039087
0.089218 0.0409173 0.854722 9.9991E-05 0.0150422
0.136142 0.0162903 0.798308 0.00200223 0.0472569
0.0194289 0.0721965 0.827142 9.9991E-05 0.081133
0.118812 9.9982E-05 0.814213 9.9982E-05 0.0667749
9.9982E-05 0.587505 0.407534 0.00476095 9.9982E-05
9.9982E-05 0.522965 0.442475 0.03436 9.9982E-05
9.9982E-05 0.548761 0.450319 9.9982E-05 0.000720283
0.113893 0.0253739 0.860533 9.99833E-05 9.99833E-05
9.9982E-05 0.581353 0.399691 0.0187565 9.9982E-05
0.243424 9.9991E-05 0.287162 0.134786 0.334528
0.519308 0.067554 0.133008 0.0461151 0.234015
0.542038 9.9982E-05 0.204252 9.9982E-05 0.25351
0.344677 9.9991E-05 0.303175 0.103679 0.248368
0.488055 0.129926 0.168569 0.0315893 0.18186
9.9982E-05 9.9982E-05 0.482901 0.220038 0.296861
0.468755 0.4418 0.0138566 0.0754887 9.9991E-05
0.462947 0.192686 0.000105093 0.306078 0.0381838
0.33992 0.566279 0.0066233 0.0870781 9.9991E-05
0.52727 0.183365 9.9991E-05 0.237778 0.0514878
9.9973E-05 0.332449 9.9973E-05 0.667251 9.9973E-05
0.604867 0.0844375 0.109685 0.120844 0.0801663
0.543219 0.17231 0.0504589 0.199164 0.0348483
0.381833 0.499442 0.040362 0.0782633 9.9991E-05
0.595567 0.218791 0.0980568 0.0448228 0.0427616
0.165642 0.339881 9.9982E-05 0.494278 9.9982E-05
0.619691 0.16072 0.0429956 0.176494 9.9991E-05
0.6017 0.306354 0.0319599 0.0598866 9.9991E-05
0.447611 0.0749493 0.128016 0.196512 0.152911
0.366197 0.276085 9.9991E-05 0.316386 0.0412312
0.431187 0.243977 9.9991E-05 0.272734 0.0520015
0.630206 0.188726 0.0186039 0.11925 0.0432131
0.585863 0.186964 0.00253213 0.213238 0.0114033
0.661822 0.0890833 0.0584725 0.0951179 0.0955044
0.575128 0.135047 0.107845 0.115647 0.0663337
0.608877 0.175652 0.0832481 0.0888002 0.0434229
0.11819 9.9982E-05 0.845601 9.9982E-05 0.0360083
0.118316 9.9973E-05 0.881384 9.9973E-05 9.9973E-05
0.0607777 0.0244153 0.914607 9.9982E-05 9.9982E-05
0.00314764 0.0338234 0.898231 9.9991E-05 0.0646981
0.0823235 9.9973E-05 0.917377 9.9973E-05 9.9973E-05
0.142959 0.680817 0.0244879 0.0847698 0.0669667
0.490953 0.183609 0.0645079 0.149408 0.111521
0.383095 9.9991E-05 0.229477 0.151142 0.236186
0.659073 0.240359 0.0111175 0.00212242 0.0873283
0.505444 0.392562 0.00627422 0.0355141 0.0602058
0.287559 0.305234 9.9991E-05 0.372349 0.0347582
0.0333003 0.77948 0.072349 0.0922809 0.0225899
0.462948 0.429199 0.0426138 0.0226791 0.04256
0.251725 0.619471 0.031234 0.0339648 0.0636044
0.542262 0.149843 0.0854856 0.215884 0.00652538
0.182356 0.660286 0.0741291 0.0667061 0.0165226
0.582326 0.273738 0.0661493 0.00102235 0.076765
0.148761 0.643805 0.0322029 0.12676 0.0484708
0.243961 0.323707 9.9991E-05 0.289895 0.142337
0.555226 0.11076 0.0992237 0.206109 0.0286817
0.331502 0.082115 0.033604 0.552679 9.9991E-05
0.559396 9.9991E-05 0.106292 0.285113 0.0490996
0.585998 0.0396465 0.150339 0.18988 0.034137
0.299415 0.0403301 0.0455742 0.614581 9.9991E-05
0.562275 0.126135 0.0861751 0.177242 0.0481736
0.536428 0.0253926 0.0923274 0.345752 9.9991E-05
0.168938 0.0322605 0.0168545 0.781847 9.9991E-05
0.209435 0.0228201 0.0619642 0.70568 9.9991E-05
0.45709 0.0676207 0.0641246 0.411065 9.9991E-05
0.129844 0.106735 0.0123836 0.750938 9.9991E-05
0.4644 0.0852467 0.0312705 0.418982 9.9991E-05
0.164031 0.760326 9.9991E-05 0.0397675 0.0357758
0.173106 0.368118 9.9991E-05 0.354575 0.104101
0.41027 0.471747 0.0441518 9.9991E-05 0.0737315
0.537768 0.27929 0.0270136 0.0580272 0.0979016
0.247788 0.638745 9.9991E-05 0.0845969 0.0287701
0.512998 0.186988 0.0546067 0.165779 0.0796274
0.631775 0.217567 0.0727308 0.0566796 0.0212477
0.526178 0.26092 0.00721838 0.126973 0.0787109
0.521868 0.310589 9.9991E-05 0.067994 0.0994489
0.514631 0.445598 0.0198481 9.9991E-05 0.0198225
0.337724 0.558954 9.9991E-05 0.0830382 0.0201844
0.421901 0.465559 9.9991E-05 0.0384494 0.0739906
0.574122 0.234013 9.9991E-05 0.131041 0.0607232
0.608271 0.129552 0.0764671 0.09588 0.0898306
0.329616 0.266751 0.0628892 0.228092 0.112652
0.485619 0.238125 9.9991E-05 0.161873 0.114283
0.374303 0.538747 9.9991E-05 0.0135831 0.0732668
0.520509 0.289181 0.0638746 0.0517895 0.0746463
0.486194 0.336791 0.0266856 0.0464608 0.103868
0.55897 0.136067 0.0819241 0.134694 0.0883438
0.472725 0.0564981 0.355676 9.9991E-05 0.115
0.580671 0.00448321 0.172244 0.0871826 0.155419
0.485356 0.0622081 0.190354 0.119746 0.142336
0.480726 0.0794068 0.126574 0.128523 0.184771
0.453695 0.0164298 0.218691 0.0947784 0.216406
0.525304 0.19055 9.9991E-05 0.254453 0.0295929
0.557447 0.050212 0.149685 0.122438 0.120218
0.0118845 0.0962068 0.256344 0.436866 0.198699
0.551979 0.0837187 0.134945 0.0566945 0.172663
0.553683 0.0571867 0.147761 0.0594146 0.181955
0.518125 0.0719157 0.100345 0.113375 0.19624
0.306255 0.00958414 0.225811 0.327874 0.130477
0.559071 0.0612585 0.192782 0.033833 0.153056
0.538922 0.0222265 0.169597 0.0720197 0.197235
9.9982E-05 9.9982E-05 0.528511 0.332356 0.138934
0.515362 0.104318 0.182718 0.00763438 0.189968
0.541711 9.9991E-05 0.185664 0.0761345 0.196391
0.564848 0.0709569 0.114442 0.109783 0.13997
0.494935 9.9991E-05 0.215926 0.0568399 0.232199
0.495895 0.0696621 0.222264 0.0620773 0.150102
0.49295 0.0325563 0.0375242 0.399071 0.0378988
0.560312 0.0135482 0.115142 0.279289 0.0317085
9.9982E-05 0.113685 9.9982E-05 0.868102 0.0180124
0.0857907 0.0518791 0.00948276 0.852748 9.9991E-05
0.531733 0.0505078 0.106847 0.275494 0.0354183
0.354257 9.9991E-05 0.160675 0.177021 0.307947
0.345134 9.9991E-05 0.171414 0.171002 0.31235
0.166225 9.9991E-05 0.170395 0.312045 0.351235
0.40404 9.9991E-05 0.163837 0.172628 0.259395
0.136799 9.9991E-05 0.111088 0.673375 0.0786372
0.177411 9.9991E-05 0.0843243 0.627566 0.110599
0.590134 9.9991E-05 0.00392684 0.290238 0.115601
0.416795 0.00681486 0.085976 0.35687 0.133544
0.282229 0.024439 0.0495383 0.560429 0.0833639
0.511617 0.0747017 0.0660402 0.234429 0.113212
0.633617 9.9991E-05 0.0560236 0.211234 0.0990258
0.51137 0.0684824 0.0808029 0.224705 0.114639
0.345371 0.0509538 0.00932789 0.553331 0.0410162
0.450968 0.0940823 0.0170583 0.429614 0.00827728
0.604099 0.0427393 0.0395115 0.304935 0.00871462
0.455934 0.144887 0.00743981 0.325497 0.0662426
0.509449 0.0688434 0.143325 0.205591 0.0727912
0.511756 0.00174554 0.0408495 0.43945 0.00619904
0.295039 0.0395842 9.9982E-05 0.665177 9.9982E-05
0.684852 9.9991E-05 0.0454127 0.259378 0.0102575
0.247157 0.0837138 9.9991E-05 0.643726 0.025303
0.545625 0.0051483 0.0387389 0.410388 9.9991E-05
0.555427 0.0966671 0.0814668 0.249913 0.016526
0.554125 0.0427411 0.0803281 0.285363 0.0374428
0.490807 0.0345506 0.202596 0.120174 0.151872
0.488208 0.0228158 0.137393 0.206145 0.145438
0.298091 9.9991E-05 0.257164 0.176182 0.268463
0.287057 0.0329048 0.225791 0.168082 0.286165
0.470467 0.0580546 0.165809 0.114875 0.190794
0.458878 9.9991E-05 0.231821 0.199069 0.110132
9.9982E-05 9.9982E-05 0.17253 0.676106 0.151164
0.571016 9.9991E-05 0.144333 0.0963937 0.188157
9.9982E-05 9.9982E-05 0.378386 0.501749 0.119664
0.545897 9.9991E-05 0.0666241 0.222882 0.164496
0.202458 9.9973E-05 9.9973E-05 0.797242 9.9973E-05
0.0750524 0.0250941 9.9982E-05 0.899654 9.9982E-05
0.561577 9.9991E-05 0.00562068 0.414358 0.0183437
0.626826 9.9991E-05 0.0198959 0.299533 0.0536447
0.496182 0.00327451 9.9982E-05 0.500343 9.9982E-05
0.658532 0.000524187 0.0129579 0.306308 0.021678
0.634545 9.9982E-05 9.9982E-05 0.354549 0.0107054
0.0257305 0.0810559 0.893014 9.9982E-05 9.9982E-05
0.0446479 0.0527169 0.801681 0.0490692 0.051885
9.9982E-05 0.0321535 0.942926 9.9982E-05 0.0247206
0.0436545 9.9973E-05 0.956046 9.9973E-05 9.9973E-05
0.623942 0.0650622 0.036762 0.25759 0.016644
0.638894 0.146988 0.0488757 0.164994 0.000248951
0.645171 0.181054 9.9991E-05 0.165443 0.00823168
0.692756 0.132748 0.0635355 0.110861 9.9991E-05
0.591832 0.137966 0.110527 0.108829 0.0508463
0.437253 0.268129 9.9982E-05 0.294418 9.9982E-05
0.774634 0.0630944 0.00144209 0.16073 9.9991E-05
0.437689 0.0276553 9.9982E-05 0.534455 9.9982E-05
0.39938 0.0605263 0.335761 0.0341494 0.170183
0.520352 0.0532113 9.9991E-05 0.398755 0.0275816
0.490872 0.200908 9.9982E-05 0.30802 9.9982E-05
0.649232 0.039693 0.0208368 0.286696 0.00354263
0.524787 0.267561 0.0140385 0.193514 9.9991E-05
0.720424 9.9973E-05 9.9973E-05 0.279276 9.9973E-05
0.620081 0.140481 0.0641929 0.175145 9.9991E-05
0.198206 0.0265897 9.9982E-05 0.775004 9.9982E-05
0.462218 0.0507534 9.9982E-05 0.486828 9.9982E-05
0.494272 0.0123846 9.9991E-05 0.488564 0.00467995
0.0546459 9.9973E-05 9.9973E-05 0.945054 9.9973E-05
0.517911 0.19128 0.0389488 0.251761 9.9991E-05
0.214291 0.0419915 9.9982E-05 0.743517 9.9982E-05
0.0343165 0.0666276 9.9982E-05 0.898856 9.9982E-05
0.682817 0.0452127 0.0642263 0.207644 9.9991E-05
0.344654 0.346287 9.9982E-05 0.308858 9.9982E-05
0.554154 0.190946 0.00505884 0.225812 0.0240282
0.622252 0.0281159 0.125925 0.166118 0.0575887
0.617756 0.161167 0.0188272 0.20215 9.9991E-05
0.360631 0.280991 9.9991E-05 0.312676 0.0456021
0.625596 0.145647 0.0353583 0.175147 0.0182515
0.625604 0.208536 9.9982E-05 0.16566 9.9982E-05
0.439796 0.050973 9.9982E-05 0.509031 9.9982E-05
0.568423 0.0977735 0.116938 0.1799 0.0369658
9.9982E-05 0.288784 0.681257 0.0297588 9.9982E-05
9.9982E-05 0.188204 0.787719 0.0238772 9.9982E-05
9.9973E-05 0.128325 0.871375 9.9973E-05 9.9973E-05
9.9982E-05 0.150886 0.847007 0.00190737 9.9982E-05
0.0289438 0.167423 0.77444 0.0290934 9.9991E-05
0.290876 0.35866 0.0141077 0.336257 9.9991E-05
0.341629 0.310258 0.00185704 0.346156 9.9991E-05
0.38598 0.0140144 9.9982E-05 0.599806 9.9982E-05
0.619075 0.10241 0.101101 0.120357 0.0570565
0.573894 0.100882 0.0996974 0.159845 0.0656816
0.422237 0.0161762 0.0287754 0.532711 9.9991E-05
0.67052 0.0391177 0.0246329 0.204059 0.0616702
0.509903 0.059166 0.0397591 0.381569 0.00960226
0.639764 0.152236 0.0290843 0.178816 9.9991E-05
0.711888 0.0671403 0.0370363 0.158345 0.0255908
0.39124 0.292944 9.9982E-05 0.315616 9.9982E-05
0.463098 0.259863 9.9982E-05 0.276839 9.9982E-05
0.482839 0.260849 9.9982E-05 0.256111 9.9982E-05
0.65678 0.0396961 0.189645 0.108139 0.00574075
0.530857 0.238301 9.9982E-05 0.230642 9.9982E-05
0.54002 0.268394 0.0320166 0.15947 9.9991E-05
0.410323 0.0343961 0.117262 0.0373835 0.400636
0.31623 9.9991E-05 0.132232 0.0814387 0.469999
0.420823 0.00683264 0.116149 9.9991E-05 0.456096
0.235048 9.9991E-05 0.189667 0.0325968 0.542588
0.477612 0.0922632 0.108736 0.00488193 0.316507
0.59974 9.9982E-05 0.0970466 0.303013 9.9982E-05
9.9982E-05 9.9982E-05 0.256382 0.0868016 0.656617
0.267311 0.0171336 0.170268 0.0312373 0.514049
0.420766 9.9991E-05 0.200975 0.227364 0.150795
0.597826 0.0206977 0.176134 0.194883 0.0104586
0.482779 0.100145 0.198101 0.198526 0.0204495
0.63655 0.0707056 0.122314 0.125608 0.0448215
0.615379 0.0254006 0.180034 0.13443 0.0447561
0.326973 9.9982E-05 0.17468 9.9982E-05 0.498148
0.395352 0.0621389 0.138248 9.9991E-05 0.404161
0.398238 9.9982E-05 0.102201 9.9982E-05 0.499362
0.503957 0.0170738 0.172006 0.0640158 0.242947
0.199482 0.0403552 0.152298 0.104504 0.503361
0.424591 0.0994998 0.0873917 0.0262924 0.362225
0.229921 9.9991E-05 0.147492 0.05602 0.566467
0.369638 0.086255 0.122608 0.0655268 0.355972
0.527631 0.00922285 0.146653 0.315899 0.00059494
0.336138 0.0956646 0.180283 0.0522795 0.335634
0.135845 9.9991E-05 0.244154 0.0356531 0.584248
0.413582 0.0678765 0.127751 0.0446567 0.346133
0.313139 0.136098 0.230588 0.320075 9.9991E-05
0.649223 9.9991E-05 0.103552 0.190744 0.0563804
0.425347 0.0668986 0.187218 0.00972817 0.310808
0.568854 0.096288 0.204393 0.130365 9.9991E-05
0.496159 0.0639001 0.218203 0.212968 0.00876964
0.355423 0.012835 0.211228 0.194744 0.22577
0.3566 9.9991E-05 0.23949 0.113783 0.290027
0.607764 0.0560352 0.155217 0.101811 0.0791724
0.395822 0.0762178 0.168186 0.0165337 0.343241
0.465428 0.00424656 0.138515 9.9991E-05 0.391711
0.0776953 9.9991E-05 0.192233 0.0770052 0.652967
0.686218 0.0364282 0.107089 0.128665 0.0415992
0.478459 0.0755328 0.196207 0.249701 9.9991E-05
0.132444 9.9991E-05 0.184215 0.656621 0.0266201
0.58305 0.0511911 0.13441 0.131027 0.100321
0.390628 0.14489 0.0842654 0.30381 0.0764067
0.484567 9.9991E-05 0.209102 0.155268 0.150963
0.562529 0.098366 0.177725 0.116074 0.0453055
9.9982E-05 9.9982E-05 0.40919 0.462913 0.127697
9.9982E-05 9.9982E-05 0.389483 0.531964 0.0783537
0.318893 9.9991E-05 0.232931 0.360752 0.0873235
0.0322431 9.9991E-05 0.389368 0.391567 0.186722
9.9982E-05 9.9982E-05 0.495805 0.304178 0.199818
0.406101 9.9991E-05 0.22905 0.262179 0.10257
0.36223 9.9991E-05 0.252658 0.2018 0.183211
0.126311 9.9991E-05 0.325259 0.367046 0.181284
0.0456398 9.9991E-05 0.32378 0.473905 0.156576
0.509504 9.9991E-05 0.231286 0.142051 0.11706
0.137815 9.9991E-05 0.302393 0.429419 0.130274
9.9982E-05 9.9982E-05 0.425194 0.493855 0.0807513
0.518852 0.11279 0.104093 0.12211 0.142156
0.306214 0.0055827 0.225232 0.269418 0.193552
0.429557 0.0381662 0.350578 9.9991E-05 0.181599
0.57029 9.9982E-05 0.172928 9.9982E-05 0.256582
0.505552 9.9991E-05 0.149951 0.0982505 0.246146
0.448729 9.9991E-05 0.155506 0.101487 0.294179
0.328818 0.0793041 0.37586 9.9991E-05 0.215918
0.548198 0.0271149 0.255217 0.00130889 0.168162
0.474454 0.00164306 0.28735 0.0182071 0.218346
0.27742 9.9991E-05 0.259594 0.207085 0.255801
0.373245 0.207257 0.186593 0.105254 0.127651
0.543189 0.0399611 0.218412 0.0646931 0.133745
0.569301 0.0466065 0.154647 0.0679976 0.161448
0.606946 0.0905018 0.170054 0.0248885 0.10761
0.414055 0.002909 0.298887 0.0214526 0.262697
0.516536 0.0155276 0.268169 0.0403586 0.159408
0.000627615 9.9991E-05 0.399229 0.268305 0.331738
0.545645 0.0483779 0.177433 0.0361792 0.192365
0.127795 9.9991E-05 0.345042 0.190714 0.336349
9.9973E-05 0.184301 0.815399 9.9973E-05 9.9973E-05
0.10935 0.807037 0.0509425 9.9991E-05 0.0325697
9.997E-05 0.9996 9.997E-05 9.997E-05 9.997E-05
9.997E-05 0.9996 9.997E-05 9.997E-05 9.997E-05
9.9973E-05 0.993838 9.9973E-05 9.9973E-05 0.00586166
9.997E-05 0.9996 9.997E-05 9.997E-05 9.997E-05
0.0244234 0.975277 9.9973E-05 9.9973E-05 9.9973E-05
9.997E-05 0.9996 9.997E-05 9.997E-05 9.997E-05
9.9973E-05 0.873055 0.126645 9.9973E-05 9.9973E-05
0.013437 0.0821824 0.904181 9.9982E-05 9.9982E-05
0.0905184 0.112827 0.796455 9.9982E-05 9.9982E-05
0.0458848 0.0537977 0.890056 0.0101618 9.9991E-05
0.0380285 0.0654844 0.887935 0.00845248 9.9991E-05
0.0240697 0.0748272 0.896829 9.9991E-05 0.00417431
0.0541737 0.0433067 0.90232 9.9982E-05 9.9982E-05
0.147656 0.0166431 0.762643 0.00982584 0.063232
0.0962317 9.9973E-05 0.903468 9.9973E-05 9.9973E-05
0.0991028 0.0667901 0.74124 0.0307059 0.0621615
0.029671 9.9982E-05 0.918261 9.9982E-05 0.051868
9.997E-05 9.997E-05 0.9996 9.997E-05 9.997E-05
0.048239 0.0280126 0.889246 9.9991E-05 0.0344028
9.997E-05 9.997E-05 0.9996 9.997E-05 9.997E-05
0.0483736 9.9973E-05 0.951327 9.9973E-05 9.9973E-05
0.0887411 9.9982E-05 0.903582 9.9982E-05 0.00747743
0.0648297 9.9973E-05 0.93487 9.9973E-05 9.9973E-05
0.0689212 9.9982E-05 0.875238 9.9982E-05 0.0556407
0.0988396 9.9982E-05 0.861706 9.9982E-05 0.0392544
0.0961199 9.9982E-05 0.834776 9.9982E-05 0.0689045
0.445912 0.132932 0.166932 0.254124 9.9991E-05
0.693345 0.0253472 0.145923 0.135285 9.9991E-05
0.656299 0.0547287 0.147688 0.115652 0.0256321
0.095424 9.9991E-05 0.141762 0.736262 0.0264518
0.520853 0.140909 0.152139 0.176025 0.0100742
0.0821877 9.9991E-05 0.176052 0.728809 0.0128517
0.633342 9.9991E-05 0.0969185 0.198441 0.0711987
0.450667 0.171529 0.164454 0.213251 9.9991E-05
0.549279 0.0637982 0.198348 0.188475 9.9991E-05
0.57668 0.12963 0.0543062 0.239284 9.9991E-05
0.515121 0.117119 0.159463 0.208197 9.9991E-05
0.689035 9.9991E-05 0.10318 0.193887 0.0137982
0.567038 0.0824771 0.16396 0.186424 9.9991E-05
0.0255102 0.47212 9.9991E-05 0.410846 0.0914241
9.9982E-05 9.9982E-05 0.179039 0.82049 0.000270977
0.152702 9.9991E-05 0.163878 0.679736 0.00358474
0.651792 0.039007 0.162716 0.111118 0.0353665
0.491181 9.9991E-05 0.0945737 0.372019 0.0421263
0.635045 9.9991E-05 0.112508 0.236692 0.0156555
0.646637 0.027173 0.105756 0.155271 0.0651628
0.451522 0.0376877 0.267093 0.0685953 0.175102
0.552664 0.0277323 0.231014 0.0296675 0.158923
0.184126 0.221502 0.373559 0.062533 0.15828
0.595383 0.146278 0.150115 0.0347774 0.0734474
0.415215 0.141088 0.249562 0.085263 0.108873
9.9982E-05 9.9982E-05 0.426869 0.389062 0.18387
0.300983 9.9991E-05 0.325561 0.168151 0.205205
0.31741 0.0764495 0.376612 0.0655146 0.164014
0.395527 0.147768 0.344632 0.0215211 0.0905521
0.58285 0.0645515 0.178498 0.0588461 0.115254
0.508131 0.0882999 0.22279 0.0635527 0.117227
0.587696 0.0481611 0.181468 0.0560302 0.126645
0.420298 0.0300844 0.18279 0.190865 0.175962
0.262692 0.0683286 0.509946 0.045605 0.113428
