0.0504727 9.9964E-05 0.00971014 9.9964E-05 0.0359251 0.0628254 9.9964E-05 9.9964E-05 0.0129737 0.827693
9.9946E-05 0.0324966 9.9946E-05 0.0516025 9.9946E-05 0.0305731 9.9946E-05 9.9946E-05 9.9946E-05 0.884728
0.0388482 9.9964E-05 0.0227056 9.9964E-05 0.0464677 0.0463023 9.9964E-05 0.100083 9.9964E-05 0.745194
0.0507275 0.0182526 0.00318708 9.9973E-05 0.0769164 0.0464736 9.9973E-05 0.0436637 9.9973E-05 0.760479
0.0365949 0.0341636 9.9955E-05 9.9955E-05 0.0464003 9.9955E-05 9.9955E-05 0.0429771 9.9955E-05 0.839364
0.0376932 9.9973E-05 9.9973E-05 0.271331 0.0531572 0.00878486 0.0143944 9.9973E-05 0.0247828 0.589556
0.00829349 9.9955E-05 9.9955E-05 0.153613 9.9955E-05 0.0593262 0.0148436 9.9955E-05 9.9955E-05 0.763424
0.0193844 9.9955E-05 9.9955E-05 0.231135 0.0399058 0.0411747 9.9955E-05 9.9955E-05 9.9955E-05 0.667901
9.99549E-05 9.99549E-05 0.0426775 9.99549E-05 0.0314348 9.99549E-05 0.0216845 9.99549E-05 0.0803854 0.823318
0.0756595 9.9964E-05 9.9964E-05 0.153076 0.0486361 0.0316515 9.9964E-05 0.0544071 9.9964E-05 0.63617
9.9937E-05 9.9937E-05 9.9937E-05 0.19831 0.0720756 9.9937E-05 9.9937E-05 9.9937E-05 9.9937E-05 0.728915
0.061276 9.9955E-05 9.9955E-05 0.0141252 9.9955E-05 9.9955E-05 0.758703 0.0636674 0.101729 9.9955E-05
0.0307652 9.9973E-05 9.9973E-05 0.00584086 0.0157062 0.011067 0.488449 0.445779 9.9973E-05 0.00209265
0.0473342 0.0387406 0.0777822 9.9973E-05 0.00277229 0.0335734 0.643253 0.156244 9.9973E-05 9.9973E-05
0.152 0.00601621 9.9955E-05 9.9955E-05 9.9955E-05 9.9955E-05 0.712655 0.0934863 9.9955E-05 0.0353427
0.154265 0.0159828 9.9973E-05 0.0902855 9.9973E-05 9.9973E-05 0.428293 0.183366 0.00940289 0.118104
0.0570419 0.0154783 9.9964E-05 9.9964E-05 9.9964E-05 0.0687088 0.29361 0.514024 9.9964E-05 0.0507376
0.080718 0.0321396 9.9973E-05 0.113049 9.9973E-05 0.0622357 0.391311 0.315274 9.9973E-05 0.00497254
0.038143 9.9955E-05 0.0363715 9.9955E-05 9.9955E-05 9.9955E-05 0.638523 0.205406 9.9955E-05 0.0810559
9.9946E-05 9.9946E-05 9.9946E-05 0.143778 9.9946E-05 0.00544731 0.830117 9.9946E-05 9.9946E-05 0.0200584
9.9973E-05 0.0726415 0.0228534 0.0166706 9.9973E-05 0.0688647 0.406576 0.404199 0.00789461 9.9973E-05
0.106091 0.0796615 0.0218156 0.138034 9.9973E-05 0.0238625 0.316849 0.313387 9.9973E-05 9.9973E-05
9.9973E-05 0.0671402 9.9973E-05 0.0899216 0.0162685 9.9973E-05 0.229639 0.502927 0.0069467 0.0868574
0.105533 0.0519861 9.9973E-05 0.0833686 9.9973E-05 9.9973E-05 0.651107 0.0808699 0.0193877 0.00744858
0.0443179 0.055957 0.00698684 0.120527 0.0164166 9.9982E-05 0.0952666 0.536847 9.9982E-05 0.123481
0.0878042 9.9964E-05 9.9964E-05 0.0326319 9.9964E-05 0.0470872 0.394467 0.433321 9.9964E-05 0.0042885
0.124373 0.0281623 9.9964E-05 0.00917295 9.9964E-05 0.00368428 0.8153 9.9964E-05 0.018908 9.9964E-05
0.170382 9.9937E-05 0.00564481 9.9937E-05 9.9937E-05 9.9937E-05 0.823274 9.9937E-05 9.9937E-05 9.9937E-05
0.029053 0.0589886 9.9955E-05 0.089381 9.9955E-05 9.9955E-05 0.728611 0.0934667 9.9955E-05 9.9955E-05
9.99201E-05 9.99201E-05 9.99201E-05 9.99201E-05 9.99201E-05 0.999101 9.99201E-05 9.99201E-05 9.99201E-05 9.99201E-05
9.99201E-05 9.99201E-05 9.99201E-05 9.99201E-05 9.99201E-05 0.999101 9.99201E-05 9.99201E-05 9.99201E-05 9.99201E-05
0.04192 9.9955E-05 9.9955E-05 9.9955E-05 9.9955E-05 0.3496 9.9955E-05 0.0756407 0.0114358 0.520904
0.0262215 9.9955E-05 0.0721857 9.9955E-05 9.9955E-05 0.245906 9.9955E-05 0.173151 9.9955E-05 0.482036
9.9973E-05 0.118461 9.9973E-05 0.0707736 9.9973E-05 0.00720109 0.131175 0.474887 0.190933 0.00626914
0.02371 9.9973E-05 9.9973E-05 0.0375056 0.115333 9.9973E-05 0.0519344 0.507671 0.21534 0.048206
9.9955E-05 9.9955E-05 9.9955E-05 0.0360099 9.9955E-05 0.020436 9.9955E-05 0.521541 0.386377 0.0351372
9.9973E-05 9.9973E-05 0.00545772 9.9973E-05 0.179855 0.0220659 0.597497 0.0732309 0.0347884 0.0868052
0.0439492 9.9964E-05 0.0460445 0.0104857 9.9964E-05 0.0638767 9.9964E-05 0.200377 0.634868 9.9964E-05
0.0341889 0.0512207 9.9982E-05 9.9982E-05 0.00517036 0.0217782 0.140772 0.526576 0.123638 0.0964562
9.9973E-05 0.00719089 0.00855692 0.0910988 9.9973E-05 9.9973E-05 0.0445134 0.690721 0.121714 0.0359056
0.0162093 9.9973E-05 9.9973E-05 0.282055 0.0395418 0.0350554 9.9973E-05 0.523978 0.0573051 0.0455556
0.0642271 9.9973E-05 9.9973E-05 0.111346 0.0300741 0.0808692 9.9973E-05 0.534397 0.125898 0.0528884
9.9964E-05 9.9964E-05 0.0702943 9.9964E-05 0.0128651 9.9964E-05 0.20952 0.0810083 0.576718 0.0491951
0.0336853 9.9982E-05 0.0600893 0.255414 0.0324504 0.00155034 0.073829 0.526982 0.0158002 9.9982E-05
0.0588202 0.0162773 0.0362309 0.0995302 9.9991E-05 0.00977692 0.00732397 0.558517 0.160772 0.0526516
9.9964E-05 9.9964E-05 0.0556669 9.9964E-05 9.9964E-05 0.0566578 0.0765728 0.645498 0.116317 0.0488879
9.9946E-05 0.0535132 0.00743082 9.9946E-05 9.9946E-05 9.9946E-05 9.9946E-05 0.306216 0.632241 9.9946E-05
9.9982E-05 0.0435054 0.0180081 0.048453 9.9982E-05 0.0189253 0.0236043 0.615757 0.213528 0.0180184
0.0669508 0.0259353 0.01231 9.9982E-05 0.174564 0.0369481 9.9982E-05 0.525291 0.104563 0.0532382
9.9955E-05 0.0291126 0.100433 0.0953539 9.9955E-05 9.9955E-05 9.9955E-05 9.9955E-05 0.716466 0.0581352
9.9973E-05 0.0440261 0.058747 0.0512451 0.16665 9.9973E-05 0.396364 0.12989 0.152778 9.9973E-05
0.00881741 0.0818406 0.113899 0.268004 0.013092 9.9973E-05 0.318697 9.9973E-05 0.19535 9.9973E-05
0.0523383 9.9991E-05 0.0290637 0.0502233 0.0590267 0.0241964 0.132293 0.519561 0.10369 0.0295072
0.119441 0.00926125 9.9982E-05 0.146769 9.9982E-05 0.021423 0.0412913 0.54421 0.052722 0.0646822
0.00645245 0.0201239 0.144633 9.9982E-05 0.0322979 0.0210139 9.9982E-05 0.575046 0.171175 0.0290574
9.9982E-05 0.0362186 0.0189309 0.02708 0.199861 9.9982E-05 0.277441 0.135599 0.218737 0.0859334
9.9973E-05 0.0513031 0.0214232 9.9973E-05 0.126228 0.0073209 0.223273 0.512722 0.0574305 9.9973E-05
0.103359 0.0118477 0.0418691 0.190554 9.9973E-05 9.9973E-05 0.116586 0.447017 9.9973E-05 0.0884686
9.999E-05 0.000789036 0.0452646 0.111577 0.0256692 0.0525123 0.282581 0.304344 0.0984045 0.0787573
0.0323537 9.9982E-05 0.126782 0.107509 0.0776591 0.00435053 0.461789 9.9982E-05 0.0496721 0.139684
9.9964E-05 9.9964E-05 0.107742 0.031558 0.102214 0.0654738 9.9964E-05 0.627223 0.0653897 9.9964E-05
9.9973E-05 0.020548 0.127004 9.9973E-05 0.0649346 9.9973E-05 0.345972 0.409858 0.0044764 0.0269074
9.9973E-05 0.0348826 0.0259388 0.111356 0.118907 0.0663609 0.539849 9.9973E-05 0.102405 9.9973E-05
9.9955E-05 0.106338 0.0530544 9.9955E-05 9.9955E-05 9.9955E-05 0.371362 0.425036 0.0437088 9.9955E-05
0.0048119 0.145275 0.0541238 0.052202 9.9982E-05 0.00277312 0.112784 0.593864 9.9982E-05 0.0339661
9.9982E-05 0.0195468 0.120766 0.0511672 0.178226 0.0431589 0.0252742 0.552619 0.0090421 9.9982E-05
9.9991E-05 0.0934386 0.024336 0.048234 0.0135022 0.0241876 0.401483 0.244466 0.102567 0.047685
9.9964E-05 0.0914913 0.130612 9.9964E-05 9.9964E-05 0.0367145 0.290362 0.325341 0.125079 9.9964E-05
0.0693276 0.0585459 9.9982E-05 9.9982E-05 0.119253 0.0568758 0.00237284 0.488878 0.185493 0.019054
9.9982E-05 0.0586473 9.9982E-05 0.0662631 0.0757304 0.0870003 0.461071 0.11106 0.138078 0.00194944
9.9964E-05 9.9964E-05 9.9964E-05 0.0232438 0.0774638 0.00152534 0.0686707 0.501014 0.327682 9.9964E-05
9.9964E-05 9.9964E-05 9.9964E-05 9.9964E-05 0.0108349 0.0284999 0.149705 0.160313 0.631052 0.0191951
0.072134 0.0888379 0.028088 0.0222762 0.147174 9.9982E-05 9.9982E-05 0.511077 0.114796 0.0154176
9.9946E-05 0.00624841 0.0904641 0.0534036 9.9946E-05 9.9946E-05 9.9946E-05 9.9946E-05 0.849284 9.9946E-05
9.9955E-05 0.0566449 9.9955E-05 0.0597327 9.9955E-05 9.9955E-05 0.0605955 9.9955E-05 0.812943 0.00958417
9.9946E-05 0.0751221 9.9946E-05 9.9946E-05 9.9946E-05 9.9946E-05 0.0216383 0.286282 0.616358 9.9946E-05
9.9964E-05 9.9964E-05 0.0348415 9.9964E-05 0.0414407 0.00318468 0.0596459 0.430232 0.430256 9.9964E-05
0.00406382 0.0771349 0.133804 0.0226923 0.0907604 9.9973E-05 9.9973E-05 0.548939 0.122306 9.9973E-05
9.9946E-05 9.9946E-05 0.0994202 9.9946E-05 9.9946E-05 9.9946E-05 0.155018 0.38263 0.362332 9.9946E-05
0.0338194 9.9973E-05 9.9973E-05 9.9973E-05 0.0605318 0.0126142 0.0917856 0.0980368 0.63772 0.0651925
9.9964E-05 9.9964E-05 9.9964E-05 9.9964E-05 0.171369 0.0115419 0.0839696 0.198722 0.507645 0.0263527
0.114304 0.0475903 9.9973E-05 0.0242377 0.0790382 9.9973E-05 9.9973E-05 0.435037 0.24418 0.0553137
0.0439477 9.9964E-05 9.9964E-05 0.0619054 9.9964E-05 0.0179247 0.13548 0.265104 0.475238 9.9964E-05
0.0107495 0.000386106 9.9982E-05 0.0796765 9.9982E-05 0.0722934 0.0857416 0.374415 0.372108 0.00442994
9.9964E-05 0.0495741 0.0107059 0.049833 9.9964E-05 0.0183921 9.9964E-05 0.372533 0.498562 9.9964E-05
9.9964E-05 0.125959 0.0681486 0.0977233 0.0126123 9.9964E-05 9.9964E-05 9.9964E-05 0.679972 0.015185
0.0164829 9.9982E-05 0.0347322 0.0606499 0.0205419 0.0352606 0.0235294 0.57343 0.235174 9.9982E-05
0.0288381 9.9964E-05 9.9964E-05 9.9964E-05 0.00700193 0.0169769 0.0846514 0.084676 9.9964E-05 0.777456
9.99371E-05 9.99371E-05 9.99371E-05 9.99371E-05 9.99371E-05 0.107328 9.99371E-05 0.0892203 9.99371E-05 0.802752
0.023774 9.9955E-05 0.0225588 9.9955E-05 9.9955E-05 0.109686 9.9955E-05 0.0933274 9.9955E-05 0.750154
9.9955E-05 9.9955E-05 0.0628396 9.9955E-05 9.9955E-05 0.0731448 9.9955E-05 0.0359799 0.0224523 0.805084
9.9955E-05 9.9955E-05 0.0555855 9.9955E-05 9.9955E-05 0.116104 0.00461627 0.102365 9.9955E-05 0.72083
0.0438979 0.0127004 0.0431393 9.9973E-05 0.0110135 0.0047172 9.9973E-05 0.0548551 9.9973E-05 0.829377
9.99371E-05 9.99371E-05 9.99371E-05 9.99371E-05 9.99371E-05 0.052616 9.99371E-05 0.0603796 9.99371E-05 0.886305
0.0182846 9.9973E-05 0.0750661 9.9973E-05 0.0129206 0.0465842 9.9973E-05 0.481001 0.267551 0.0982923
0.0400821 9.9973E-05 9.9973E-05 0.0286902 0.0698211 9.9973E-05 0.0897785 0.518837 0.130084 0.122407
9.9946E-05 9.9946E-05 9.9946E-05 9.9946E-05 9.9946E-05 9.9946E-05 0.154998 0.0382931 0.738464 0.0676453
0.102204 0.0894868 9.9991E-05 0.0276936 0.00707072 0.0261624 0.152843 0.496698 0.080234 0.0175067
9.9955E-05 9.9955E-05 9.9955E-05 0.0395644 0.0125169 9.9955E-05 0.192377 0.393868 0.361173 9.9955E-05
9.9955E-05 9.9955E-05 9.9955E-05 9.9955E-05 9.9955E-05 0.0136836 0.079239 0.594426 0.282433 0.029718
0.0244727 0.0594534 9.9982E-05 0.0475645 9.9982E-05 0.00804751 0.100964 0.489656 0.260358 0.00928352
0.0779223 0.0309355 9.9955E-05 0.0179117 9.9955E-05 9.9955E-05 9.9955E-05 0.462211 0.41052 9.9955E-05
9.9946E-05 9.9946E-05 9.9946E-05 9.9946E-05 0.0739415 9.9946E-05 0.212848 9.9946E-05 0.630195 0.0824162
0.093664 0.0719146 0.0175095 9.9982E-05 0.0636266 9.9982E-05 0.141456 0.402534 0.104316 0.104779
9.9973E-05 0.0581792 9.9973E-05 9.9973E-05 0.0458283 0.00684169 0.0220301 0.6728 0.154696 0.0393244
0.0706948 0.0472167 9.9991E-05 0.0910669 0.0473152 0.0856819 0.0194706 0.466712 0.167588 0.00415396
0.00886095 0.0909708 0.0463332 0.0486066 0.000566081 0.0312015 9.9982E-05 0.22463 0.548631 9.9982E-05
0.00376293 0.0127423 0.011682 9.9964E-05 9.9964E-05 9.9964E-05 9.9964E-05 0.533557 0.435794 0.00206219
9.9973E-05 0.0340363 9.9973E-05 9.9973E-05 0.0573955 0.0438273 0.104641 0.391561 0.362284 0.00595487
0.0994596 9.9946E-05 9.9946E-05 9.9946E-05 9.9946E-05 0.00193804 9.9946E-05 0.308964 0.589039 9.9946E-05
9.9964E-05 9.9964E-05 9.9964E-05 0.0104684 0.119349 0.0272279 0.121629 0.352902 0.368024 9.9964E-05
9.9973E-05 9.9973E-05 0.072291 0.0209797 0.0136671 9.9973E-05 0.0245656 0.587363 0.151814 0.129019
9.9964E-05 0.16613 0.0650023 9.9964E-05 0.098374 9.9964E-05 0.413892 0.21693 0.0392728 9.9964E-05
9.9964E-05 9.9964E-05 9.9964E-05 0.128364 0.157874 0.0450307 0.230137 0.335693 9.9964E-05 0.102502
0.0634037 0.0945035 9.9973E-05 0.0867868 0.132286 0.0291906 9.9973E-05 0.524639 9.9973E-05 0.0688902
0.0468511 0.0457779 0.0197962 0.0204033 0.141989 0.0105019 0.113603 0.556747 0.0426341 0.00169582
9.9964E-05 0.0121116 9.9964E-05 9.9964E-05 0.101609 0.054471 0.362269 0.455477 9.9964E-05 0.0136628
9.9955E-05 9.9955E-05 0.0291317 9.9955E-05 0.122458 9.9955E-05 0.281463 0.536001 0.0304475 9.9955E-05
9.9964E-05 0.0782375 9.9964E-05 9.9964E-05 0.11453 0.00438771 0.339199 0.438926 9.9964E-05 0.0243195
0.0665082 0.0585474 0.00729086 9.99905E-05 0.109087 0.0331555 0.197121 0.454736 0.0733539 9.99905E-05
0.0533409 9.9964E-05 0.0799273 9.9964E-05 0.0588806 9.9964E-05 0.123643 0.592658 0.0911503 9.9964E-05
9.9982E-05 0.0121116 9.9982E-05 0.0121757 0.0488953 0.041216 0.268995 0.519812 0.063085 0.0335097
9.9955E-05 0.0588655 9.9955E-05 0.0824388 0.16416 9.9955E-05 0.215852 0.478184 9.9955E-05 9.9955E-05
0.0357676 0.0221298 0.0775552 0.079926 0.0918566 9.9982E-05 0.024355 0.624771 0.0434392 9.9982E-05
0.0527769 0.1075 0.0437465 9.9982E-05 0.0506958 9.9982E-05 0.00092724 0.638592 0.0307206 0.0748407
9.9964E-05 0.019718 0.0351665 9.9964E-05 9.9964E-05 9.9964E-05 0.278368 0.530715 0.112062 0.0235713
0.0159319 0.10109 0.0686101 0.0866296 0.127295 0.0409344 0.0964087 0.4629 9.9982E-05 9.9982E-05
0.0729067 0.148013 0.0398883 9.9973E-05 0.0740779 0.0117536 0.122972 0.530088 9.9973E-05 9.9973E-05
9.9973E-05 0.12022 0.140032 9.9973E-05 0.105455 0.0296518 0.20865 0.349983 9.9973E-05 0.0457084
9.9991E-05 0.0460482 0.0167603 0.0262646 0.0940459 0.0229709 0.147382 0.589855 0.0433851 0.0131874
9.9955E-05 0.0939729 0.0935017 9.9955E-05 0.0934678 9.9955E-05 0.0652246 0.653333 9.9955E-05 9.9955E-05
0.0818421 0.0352561 9.9982E-05 0.0155021 0.183553 9.9982E-05 0.370606 0.143177 0.133372 0.0364915
9.9964E-05 0.246146 0.117902 0.0857707 0.0882293 9.9964E-05 0.331131 0.130421 9.9964E-05 9.9964E-05
0.0533787 0.0661593 0.0824668 0.0479155 0.152073 9.9982E-05 0.112079 0.465975 9.9982E-05 0.0197529
0.0479011 0.220802 0.0868477 9.9973E-05 0.160644 9.9973E-05 0.22501 0.0205312 0.237964 9.9973E-05
9.9973E-05 0.0913633 9.9973E-05 0.0655733 0.0154079 0.0289931 0.572999 0.167686 0.0576773 9.9973E-05
9.9955E-05 0.0589413 9.9955E-05 9.9955E-05 0.072014 9.9955E-05 0.387039 0.400705 0.0808009 9.9955E-05
9.9955E-05 9.9955E-05 9.9955E-05 9.9955E-05 0.188814 0.0246632 0.444548 0.198145 0.14333 9.9955E-05
0.0755066 0.00453126 9.9982E-05 0.0857309 0.129697 9.9982E-05 0.506047 0.135224 0.0597441 0.00331887
0.00890082 0.0907391 9.9982E-05 0.0600243 0.0701955 9.9982E-05 0.113565 0.59109 0.0130177 0.0522678
0.0529485 0.1847 9.9964E-05 9.9964E-05 0.134712 9.9964E-05 9.9964E-05 0.513979 0.0432535 0.0700073
0.000464771 0.0259128 0.00618265 0.0268901 0.0268584 9.9991E-05 0.260888 0.482789 0.107969 0.0619446
0.0506708 0.100606 0.100092 0.167215 0.11555 9.9982E-05 0.325706 0.0488202 0.0911406 9.9982E-05
0.0256311 0.0292051 9.9982E-05 0.131121 0.0314355 9.9982E-05 0.0612503 0.512602 0.0535576 0.154998
0.070461 0.0473938 0.0945072 0.120208 0.0285192 0.0223969 0.0896924 0.428303 0.0984187 9.9991E-05
9.9982E-05 0.200395 0.0936074 0.34959 0.0365024 0.00676668 0.0246269 9.9982E-05 0.15944 0.128872
9.9973E-05 0.0566089 0.00406894 0.0737334 9.9973E-05 0.000270238 9.9973E-05 0.649189 0.112273 0.103558
9.9982E-05 0.173966 0.113643 0.134253 9.9982E-05 0.00710646 0.0401719 0.32744 0.154367 0.0488534
0.0202473 0.0303516 0.15867 0.10437 0.0112843 9.9982E-05 0.105687 0.436232 0.132957 9.9982E-05
9.9982E-05 0.0975057 0.274249 0.219162 0.038366 0.0135284 0.0796287 0.216662 0.0606983 9.9982E-05
9.9991E-05 0.0900764 0.0273597 0.428742 0.0359394 0.0113414 0.116059 0.159946 0.0284345 0.102001
9.9964E-05 0.0862588 0.094694 0.214533 0.148929 9.9964E-05 9.9964E-05 0.400509 0.0546766 9.9964E-05
0.0107355 0.0777164 0.0257187 0.142246 0.10793 9.9982E-05 9.9982E-05 0.542388 0.00971834 0.0833471
0.053954 0.0424936 0.119875 0.0394051 0.0420622 0.0422794 0.152392 0.298224 0.114834 0.0944802
0.12567 0.0613279 0.151803 0.260285 9.9982E-05 0.00418159 0.197701 9.9982E-05 0.179029 0.019802
0.15489 9.9973E-05 9.9973E-05 0.184827 0.0364897 9.9973E-05 0.133822 0.33209 0.132503 0.0250776
9.9955E-05 9.9955E-05 0.00325607 0.341756 9.9955E-05 9.9955E-05 0.277598 0.271212 0.105678 9.9955E-05
9.9973E-05 0.055674 0.0121889 0.194881 9.9973E-05 0.00935881 0.169727 0.398315 0.159556 9.9973E-05
9.9973E-05 0.0751548 9.9973E-05 0.16009 0.0570247 0.00885047 9.9973E-05 0.572468 0.0795124 0.0465994
0.228239 0.0333201 0.145342 0.175026 9.9982E-05 0.0746252 0.0330746 0.120176 9.9982E-05 0.189997
0.0851745 0.0616616 0.366326 0.0402673 9.9955E-05 9.9955E-05 9.9955E-05 9.9955E-05 9.9955E-05 0.44607
0.0661151 0.0499916 0.382023 0.15758 9.9964E-05 0.0444171 9.9964E-05 9.9964E-05 9.9964E-05 0.299473
0.282248 9.9973E-05 0.196618 0.0763014 0.0391654 0.00223737 9.9973E-05 0.0762131 9.9973E-05 0.326917
9.9964E-05 9.9964E-05 9.9964E-05 0.347848 0.0130075 0.0353256 0.0169824 0.561894 0.0245429 9.9964E-05
0.124204 0.103189 0.0356698 0.0150202 0.110786 0.00856414 9.9991E-05 0.510844 0.0524993 0.0391239
0.64487 9.9955E-05 9.9955E-05 9.9955E-05 0.00182055 9.9955E-05 0.0690478 0.238215 0.0455462 9.9955E-05
0.428656 0.042052 0.027996 9.9982E-05 9.9982E-05 0.0301252 0.0773601 0.248488 0.132567 0.0125549
0.469862 0.0722563 9.9973E-05 9.9973E-05 0.0681332 0.018203 9.9973E-05 0.211483 0.11336 0.0464023
0.0144372 0.103706 9.9973E-05 0.566982 9.9973E-05 0.0290783 0.0210944 0.206755 0.0576479 9.9973E-05
0.0413449 0.0513031 0.0736369 0.142688 0.0622243 9.9982E-05 9.9982E-05 0.506202 0.0267362 0.0956641
9.9973E-05 0.190653 0.06437 0.546334 9.9973E-05 0.000909255 0.0679026 0.0947921 0.0347384 9.9973E-05
9.9982E-05 0.0183421 0.133021 0.216889 0.0311841 0.00476048 0.0109632 0.558754 0.0258859 9.9982E-05
0.0166432 0.197153 0.0292092 0.220357 0.0590117 9.9991E-05 0.0240359 0.381847 0.0376007 0.0340429
0.0118433 0.0454397 0.0949435 0.260132 0.0473536 9.9982E-05 0.0429662 0.482683 0.0144387 9.9982E-05
9.9964E-05 0.0988606 0.0939845 0.506274 9.9964E-05 9.9964E-05 0.0938635 0.0958315 0.110786 9.9964E-05
0.0629225 0.00883503 0.0540289 0.166276 0.0293212 0.00449234 0.0550246 0.557771 0.0334037 0.0279245
9.9982E-05 0.00712784 0.139779 0.192772 0.0166075 9.9982E-05 0.0386509 0.463971 0.123746 0.017147
0.966449 0.0020655 9.9937E-05 9.9937E-05 9.9937E-05 9.9937E-05 0.0307859 9.9937E-05 9.9937E-05 9.9937E-05
0.894038 0.0220905 9.9955E-05 9.9955E-05 0.014771 9.9955E-05 9.9955E-05 0.0585795 0.0100212 9.9955E-05
0.527891 0.0671619 9.9964E-05 0.0421895 0.043453 9.9964E-05 9.9964E-05 0.24917 9.9964E-05 0.0697349
0.660702 9.9937E-05 9.9937E-05 9.9937E-05 0.06211 9.9937E-05 9.9937E-05 0.276489 9.9937E-05 9.9937E-05
0.746809 9.9955E-05 9.9955E-05 0.0184088 9.9955E-05 9.9955E-05 0.042532 0.159453 0.0322975 9.9955E-05
0.986681 9.9937E-05 0.00516702 9.9937E-05 9.9937E-05 0.00745284 9.9937E-05 9.9937E-05 9.9937E-05 9.9937E-05
0.96769 9.9946E-05 0.00765934 9.9946E-05 0.0133248 9.9946E-05 9.9946E-05 9.9946E-05 0.0107267 9.9946E-05
0.795766 9.9928E-05 9.9928E-05 9.9928E-05 9.9928E-05 9.9928E-05 9.9928E-05 0.203434 9.9928E-05 9.9928E-05
0.93431 9.9937E-05 9.9937E-05 9.9937E-05 9.9937E-05 0.0155571 0.0494334 9.9937E-05 9.9937E-05 9.9937E-05
0.999101 9.99201E-05 9.99201E-05 9.99201E-05 9.99201E-05 9.99201E-05 9.99201E-05 9.99201E-05 9.99201E-05 9.99201E-05
0.975597 9.9928E-05 9.9928E-05 9.9928E-05 9.9928E-05 0.0236041 9.9928E-05 9.9928E-05 9.9928E-05 9.9928E-05
0.741932 9.9955E-05 9.9955E-05 9.9955E-05 9.9955E-05 0.0410071 0.0465895 0.167639 9.9955E-05 0.00233303
0.718309 9.9973E-05 0.0589087 9.9973E-05 0.0251377 0.0167999 0.0258994 0.154386 9.9973E-05 0.000259396
0.950775 9.9937E-05 9.9937E-05 9.9937E-05 9.9937E-05 0.0089387 9.9937E-05 9.9937E-05 0.0395864 9.9937E-05
0.381235 0.0149452 0.0212666 0.0107733 0.0770778 0.0596499 0.0786903 0.356161 9.9982E-05 9.9982E-05
0.589916 9.9964E-05 9.9964E-05 9.9964E-05 0.00818619 0.0215017 0.124991 0.215383 9.9964E-05 0.0396224
0.711827 9.9946E-05 9.9946E-05 9.9946E-05 9.9946E-05 0.050215 0.0375638 0.199795 9.9946E-05 9.9946E-05
0.813172 0.00219268 0.0541624 9.9973E-05 9.9973E-05 0.00524449 0.0466703 0.07006 0.00819772 9.9973E-05
0.95312 9.9937E-05 0.0242575 9.9937E-05 9.9937E-05 9.9937E-05 9.9937E-05 0.0219235 9.9937E-05 9.9937E-05
0.816915 9.9964E-05 0.0150243 9.9964E-05 9.9964E-05 0.0143317 0.012648 0.0865593 9.9964E-05 0.0541215
0.977897 9.9928E-05 9.9928E-05 9.9928E-05 9.9928E-05 0.0213038 9.9928E-05 9.9928E-05 9.9928E-05 9.9928E-05
0.633907 0.0440596 9.9982E-05 0.00259074 0.00846101 9.9982E-05 0.0883323 0.182655 0.01554 0.0242544
0.879308 9.9955E-05 9.9955E-05 9.9955E-05 9.9955E-05 0.00324631 0.0859175 0.0268907 9.9955E-05 0.00413802
0.00395403 0.00499357 0.226114 0.494384 9.9964E-05 9.9964E-05 0.0073184 9.9964E-05 9.9964E-05 0.262836
0.0360432 0.0428637 0.0981317 0.167092 0.0320216 0.0291069 0.116598 0.354047 9.9991E-05 0.123997
0.0351859 9.9973E-05 0.0407878 0.287861 9.9973E-05 0.0234981 0.053039 0.404805 9.9973E-05 0.154523
0.042013 9.9982E-05 0.277125 0.267139 0.0631235 0.0466984 9.9982E-05 0.163937 0.0570079 0.0827568
0.169966 9.9982E-05 0.0761326 0.208195 0.0249218 0.00469144 9.9982E-05 0.312237 0.144424 0.0592322
0.0990898 9.9973E-05 0.13672 0.332281 9.9973E-05 0.0448605 0.0792213 0.120641 9.9973E-05 0.186887
9.9982E-05 0.0586802 0.0309058 0.161238 0.0471366 9.9982E-05 0.071903 0.399994 0.0163161 0.213626
0.217993 9.9964E-05 0.0813424 0.378168 9.9964E-05 9.9964E-05 9.9964E-05 0.175331 0.0407196 0.106045
0.125946 0.0479298 0.0825801 0.203494 0.0065915 0.0943316 9.9982E-05 0.391208 9.9982E-05 0.0477194
0.242718 0.0400368 0.146566 0.345001 9.9973E-05 0.0537615 9.9973E-05 0.143297 9.9973E-05 0.0283205
0.105268 9.9973E-05 9.9973E-05 0.174078 9.9973E-05 0.0497264 0.0495114 0.402534 0.113684 0.104898
9.9955E-05 9.9955E-05 0.023009 0.0315994 0.0743905 9.9955E-05 9.9955E-05 0.0696662 9.9955E-05 0.800835
0.0441088 0.01437 0.0411479 9.9955E-05 9.9955E-05 0.0568497 9.9955E-05 9.9955E-05 9.9955E-05 0.843024
9.9946E-05 9.9946E-05 0.0334279 9.9946E-05 9.9946E-05 0.0518358 9.9946E-05 0.0227813 9.9946E-05 0.891355
9.9955E-05 9.9955E-05 0.0447013 9.9955E-05 0.0288348 0.022272 9.9955E-05 0.013196 9.9955E-05 0.890496
9.9955E-05 9.9955E-05 0.0548819 9.9955E-05 9.9955E-05 0.12755 0.0630051 0.0030303 9.9955E-05 0.751033
0.0496288 9.9955E-05 0.0473183 9.9955E-05 9.9955E-05 0.054063 0.0547602 9.9955E-05 9.9955E-05 0.79373
0.070748 9.9955E-05 0.00145212 9.9955E-05 9.9955E-05 0.0177251 9.9955E-05 0.0660586 9.9955E-05 0.843516
9.9955E-05 0.0680955 0.0486148 9.9955E-05 9.9955E-05 0.0511926 9.9955E-05 9.9955E-05 0.00486165 0.826736
0.0351133 0.000995424 9.9973E-05 9.9973E-05 9.9973E-05 0.0254851 0.0148768 0.0169768 0.0213797 0.884873
0.085778 9.9964E-05 0.0327243 0.0155923 0.0087557 9.9964E-05 9.9964E-05 0.0227753 9.9964E-05 0.833974
9.9964E-05 0.0713457 9.9964E-05 9.9964E-05 0.0590865 0.0529258 0.21071 9.9964E-05 0.021829 0.583704
9.9955E-05 0.0131891 0.0453297 9.9955E-05 0.244315 9.9955E-05 0.149335 9.9955E-05 9.9955E-05 0.547331
9.9973E-05 0.0445823 0.021967 9.9973E-05 0.135529 0.0625861 0.215233 9.9973E-05 0.0478197 0.471983
9.9955E-05 9.9955E-05 9.9955E-05 0.0667078 0.096947 9.9955E-05 0.247897 9.9955E-05 0.0895264 0.498422
9.9973E-05 0.0184657 9.9973E-05 9.9973E-05 0.0985317 0.0190763 0.102697 0.485837 0.25801 0.017082
0.0347463 0.0409019 9.9973E-05 9.9973E-05 0.0323815 9.9973E-05 0.0993891 0.434559 0.268867 0.0888551
9.9964E-05 9.9964E-05 9.9964E-05 0.0762488 0.111802 9.9964E-05 0.076059 0.571993 0.122039 0.0414583
9.9973E-05 0.103054 0.0477895 9.9973E-05 0.0900259 0.0145824 0.222801 0.272175 0.249273 9.9973E-05
9.9964E-05 0.0428911 9.9964E-05 9.9964E-05 0.22839 9.9964E-05 0.497923 0.0820774 0.118344 0.0299748
0.0173577 0.0229511 0.0425039 9.9973E-05 9.9973E-05 0.0137786 9.9973E-05 0.572461 0.258818 0.071829
9.9964E-05 0.0388346 0.0229325 9.9964E-05 0.0424062 9.9964E-05 0.142741 0.539493 0.213193 9.9964E-05
9.9964E-05 0.0391479 9.9964E-05 0.115283 0.0471111 9.9964E-05 0.0803694 0.467983 0.249705 9.9964E-05
0.0189402 9.9946E-05 9.9946E-05 0.0569991 9.9946E-05 9.9946E-05 9.9946E-05 0.369863 0.553598 9.9946E-05
9.9955E-05 9.9955E-05 0.0402889 9.9955E-05 0.144879 9.9955E-05 9.9955E-05 0.692376 0.105704 0.0162523
9.9973E-05 0.0358266 0.0110577 9.9973E-05 0.0617958 0.0144328 0.0808243 0.471569 0.324194 9.9973E-05
9.9955E-05 0.222708 9.9955E-05 0.00858356 0.0529721 9.9955E-05 0.0112029 9.9955E-05 0.704034 9.9955E-05
0.0706038 0.0680458 9.9982E-05 9.9982E-05 0.119766 0.0185528 0.086139 0.421923 0.123148 0.091621
9.9973E-05 0.0828522 0.0789194 0.0275615 0.00929389 0.0135749 9.9973E-05 0.217703 0.569795 9.9973E-05
9.9955E-05 0.0454594 9.9955E-05 9.9955E-05 9.9955E-05 0.034964 0.014055 0.53579 0.369231 9.9955E-05
9.9955E-05 9.9955E-05 9.9955E-05 9.9955E-05 0.0540707 9.9955E-05 0.238587 0.0499251 0.591433 0.0654849
9.9964E-05 9.9964E-05 0.0418834 0.0704338 0.79137 0.0224812 9.9964E-05 0.00453276 9.9964E-05 0.0688994
9.9955E-05 0.0214787 9.9955E-05 0.196793 0.702241 9.9955E-05 9.9955E-05 0.0353712 9.9955E-05 0.0436158
9.9937E-05 0.0013627 9.9937E-05 0.102935 0.895003 9.9937E-05 9.9937E-05 9.9937E-05 9.9937E-05 9.9937E-05
9.9955E-05 0.00128266 9.9955E-05 0.0790547 0.819485 9.9955E-05 9.9955E-05 9.9955E-05 0.0154915 0.0841858
0.0656474 0.00566185 9.9964E-05 0.121401 0.777776 9.9964E-05 0.0243295 9.9964E-05 0.00478437 9.9964E-05
0.0744736 9.9964E-05 9.9964E-05 0.0623587 0.823609 0.00766779 9.9964E-05 0.0157419 9.9964E-05 0.0157494
0.0437901 0.0240123 0.0647014 9.9973E-05 9.9973E-05 0.0588525 9.9973E-05 0.0435064 0.0141803 0.750657
9.9955E-05 9.9955E-05 0.00749067 9.9955E-05 0.0190974 9.9955E-05 0.008828 0.143828 9.9955E-05 0.820256
0.0559013 9.9964E-05 0.00556604 9.9964E-05 9.9964E-05 0.080467 0.0320357 0.139181 9.9964E-05 0.686449
0.122287 9.9955E-05 9.9955E-05 9.9955E-05 9.9955E-05 0.0174936 0.0913521 0.00621184 9.9955E-05 0.762156
0.107145 9.9955E-05 0.0338203 9.9955E-05 0.0295542 9.9955E-05 9.9955E-05 0.0592531 9.9955E-05 0.769727
9.9964E-05 9.9964E-05 0.0170964 0.0253958 0.531083 0.0129325 9.9964E-05 9.9964E-05 0.0682016 0.34489
9.9964E-05 0.108895 9.9964E-05 0.0551848 0.340614 0.0203892 9.9964E-05 9.9964E-05 0.0295205 0.444997
9.9946E-05 0.115786 9.9946E-05 9.9946E-05 0.427713 0.0494995 9.9946E-05 9.9946E-05 9.9946E-05 0.406401
9.99201E-05 9.99201E-05 9.99201E-05 9.99201E-05 9.99201E-05 0.999101 9.99201E-05 9.99201E-05 9.99201E-05 9.99201E-05
9.9964E-05 0.0807423 9.9964E-05 0.0400126 0.44047 0.03972 9.9964E-05 9.9964E-05 0.0593152 0.33934
0.345526 0.0730992 0.216251 9.9973E-05 0.0300555 0.00312804 9.9973E-05 0.217814 9.9973E-05 0.113827
0.181444 0.0463149 0.0817435 9.9964E-05 9.9964E-05 9.9964E-05 0.0596816 0.57448 9.9964E-05 0.055936
0.215511 9.9955E-05 9.9955E-05 9.9955E-05 9.9955E-05 0.0682559 0.0340879 0.546911 9.9955E-05 0.134734
0.218251 0.0270603 0.0605194 0.0546622 9.9991E-05 0.0101264 0.00206703 0.297283 0.0753574 0.254573
0.133162 9.9982E-05 9.9982E-05 0.125847 0.00702595 0.0467261 0.0139606 0.352317 0.121755 0.199006
0.249529 0.0051734 0.2623 0.0958509 9.9964E-05 9.9964E-05 0.00493666 9.9964E-05 9.9964E-05 0.381811
9.9973E-05 0.0713599 9.9973E-05 0.0340997 0.176503 9.9973E-05 0.304636 0.352011 0.0550423 0.00604795
9.9964E-05 0.228464 0.126635 9.9964E-05 0.113474 9.9964E-05 0.128397 0.352766 0.0498649 9.9964E-05
9.9964E-05 0.0733569 9.9964E-05 9.9964E-05 0.0454712 0.0272881 0.57778 0.199195 9.9964E-05 0.0765094
9.9964E-05 0.233602 9.9964E-05 0.0360039 0.0597554 9.9964E-05 0.103199 0.48509 0.08195 9.9964E-05
9.9964E-05 0.429177 0.1341 0.0443944 0.0486731 9.9964E-05 0.151508 9.9964E-05 0.191748 9.9964E-05
9.9964E-05 9.9964E-05 0.19799 9.9964E-05 0.0888386 0.0432178 0.14995 0.469413 0.0501907 9.9964E-05
9.9982E-05 0.129753 0.113451 9.9982E-05 0.0919967 0.00523567 0.127796 0.472596 0.0582768 0.000694964
9.9973E-05 9.9973E-05 0.031373 9.9973E-05 0.136677 0.044085 0.43352 0.264857 0.078041 0.0111467
0.0496077 0.0747353 0.0185356 0.0512172 0.0734657 9.9991E-05 0.114124 0.348744 0.171596 0.0978741
9.9973E-05 0.233679 0.185478 0.0794523 0.0326407 9.9973E-05 0.373979 0.0148262 0.0796445 9.9973E-05
9.9973E-05 0.182686 0.0888632 0.0365832 0.0854496 9.9973E-05 0.0525959 0.483489 0.0700331 9.9973E-05
0.0196998 0.0351895 0.0287112 0.0372643 0.199533 0.017685 0.102792 0.507505 0.0515204 9.9991E-05
0.164273 9.9982E-05 0.0717777 0.0620987 0.0950602 9.9982E-05 0.0472543 0.440009 0.0333988 0.0859283
9.9964E-05 0.244418 0.0756137 0.00851661 0.0813494 9.9964E-05 0.244557 0.345145 9.9964E-05 9.9964E-05
9.9964E-05 0.135432 0.1067 9.9964E-05 0.141588 9.9964E-05 0.106728 0.463113 0.0460381 9.9964E-05
0.116114 0.114365 0.0521666 0.109273 9.9973E-05 9.9973E-05 0.253426 0.285689 0.0686663 9.9973E-05
9.9973E-05 0.0542472 0.0507225 0.0693699 0.0731491 9.9973E-05 0.109935 0.519755 0.122521 9.9973E-05
0.110557 0.0376513 9.9964E-05 9.9964E-05 0.0645929 9.9964E-05 0.0943885 0.646175 0.046236 9.9964E-05
0.0794809 0.040177 9.9991E-05 0.0300002 0.0853829 0.0561038 0.0825899 0.485445 0.0661824 0.0745378
0.0541406 0.0652944 0.0845116 9.9964E-05 0.181055 9.9964E-05 0.0712061 0.543392 9.9964E-05 9.9964E-05
0.0976324 9.9955E-05 9.9955E-05 0.0221771 9.9955E-05 0.00462367 9.9955E-05 0.12966 9.9955E-05 0.745407
0.0408929 0.0276921 9.9955E-05 0.00219226 9.9955E-05 9.9955E-05 9.9955E-05 0.0953947 9.9955E-05 0.833328
9.9973E-05 9.9973E-05 0.0113994 0.0343345 0.0314548 9.9973E-05 0.0243149 0.0581718 0.0375249 0.8025
0.0283638 0.0319987 9.9973E-05 9.9973E-05 0.0269639 0.0122524 9.9973E-05 0.0361157 0.057827 0.806179
0.035099 9.9955E-05 9.9955E-05 0.0782424 9.9955E-05 0.0456492 9.9955E-05 0.0925646 9.9955E-05 0.747945
0.0189997 0.0326087 0.0539558 0.0549649 0.0847901 9.9973E-05 0.686287 0.0680939 9.9973E-05 9.9973E-05
0.0331982 0.164193 0.00858938 0.0212619 9.9991E-05 0.0481484 0.196062 0.447647 0.0415756 0.0392243
0.195081 9.9991E-05 0.0424246 0.126871 0.0224708 0.073124 0.0126036 0.333761 0.0914461 0.102118
0.0156351 0.0466289 0.0460062 0.0484337 0.0354801 0.0433505 0.143079 0.621186 9.9982E-05 9.9982E-05
0.0184981 0.0943951 9.9982E-05 9.9982E-05 0.0521348 0.0235422 0.213243 0.45324 0.126898 0.0178497
0.0954513 0.165228 0.0504476 0.0725369 0.0912852 0.0317981 0.375304 0.11775 9.9982E-05 9.9982E-05
9.9973E-05 9.9973E-05 0.0709884 0.0384724 0.15137 0.0271856 0.601165 9.9973E-05 0.0208614 0.0896576
9.9973E-05 0.0517587 9.9973E-05 0.00846124 0.210131 0.0481554 0.132388 0.538064 0.0107424 9.9973E-05
0.0195738 0.180808 9.9982E-05 0.0287152 0.281714 0.023522 0.350312 0.0795487 9.9982E-05 0.0356062
0.0423854 0.0712116 0.0368409 0.155167 0.171322 9.9991E-05 0.0851601 0.306258 0.0872527 0.0443024
0.0262373 0.0420968 0.0432357 9.9982E-05 0.184538 0.0267341 0.515954 9.9982E-05 0.0264977 0.134506
9.9982E-05 0.00696851 0.0477514 9.9982E-05 0.0776573 0.0653117 0.128493 0.548226 0.074719 0.0506731
9.9982E-05 9.9982E-05 0.040879 0.0197375 0.114536 0.0077738 0.498489 0.12126 0.117457 0.079668
0.0717105 0.0626731 9.9991E-05 0.117548 0.0657041 0.0186847 0.307769 0.226081 0.0819371 0.0477913
0.0682221 0.0447901 0.0430914 0.165609 0.148069 9.9991E-05 0.0966469 0.37102 0.0563253 0.00612574
0.00221066 0.0317496 0.0236361 0.594417 0.044922 9.9973E-05 0.0684558 0.234309 9.9973E-05 9.9973E-05
9.9955E-05 9.9955E-05 9.9955E-05 0.340063 9.9955E-05 9.9955E-05 0.0511619 0.472095 0.095674 0.0405065
0.0280755 0.0727378 0.0156253 0.0732083 0.108909 0.00211234 9.9991E-05 0.51137 0.083602 0.10426
9.9973E-05 0.144888 0.0155499 0.512938 0.0347541 9.9973E-05 0.012455 0.275974 9.9973E-05 0.00314132
0.0730132 0.0792695 0.00579142 0.016536 0.0718688 0.0220123 0.179974 0.414383 0.107578 0.0295733
9.9973E-05 0.0761414 0.0531717 0.293197 0.0607282 0.000714521 9.9973E-05 0.447133 9.9973E-05 0.0686135
9.9955E-05 0.162253 9.9955E-05 0.597424 0.029181 9.9955E-05 0.0644022 9.9955E-05 0.14624 9.9955E-05
9.9946E-05 0.0448355 0.104139 0.681086 9.9946E-05 9.9946E-05 9.9946E-05 0.16934 9.9946E-05 9.9946E-05
0.00121745 0.00791259 0.00421 0.413054 0.0918177 9.9973E-05 9.9973E-05 0.463879 0.0176095 9.9973E-05
9.9973E-05 0.0948186 9.9973E-05 0.617766 0.021568 0.00592849 0.113137 0.053505 0.0929776 9.9973E-05
9.9946E-05 9.9946E-05 9.9946E-05 0.444321 9.9946E-05 9.9946E-05 0.146324 0.374785 0.0339696 9.9946E-05
9.9964E-05 9.9964E-05 0.0506502 9.9964E-05 0.211466 9.9964E-05 0.557404 0.0586078 0.107197 0.0142748
9.9964E-05 0.256112 0.0224298 9.9964E-05 0.15562 9.9964E-05 0.307011 0.173464 0.084964 9.9964E-05
0.0213717 9.9973E-05 9.9973E-05 9.9973E-05 0.168546 0.0154371 0.370739 0.306739 0.0930627 0.023804
0.0453633 0.0194971 9.9964E-05 9.9964E-05 0.137087 9.9964E-05 0.225894 0.558916 9.9964E-05 0.0128422
0.00466459 9.9973E-05 9.9973E-05 0.0321814 0.205001 0.0129288 0.46386 0.158054 0.123011 9.9973E-05
0.0132393 0.118257 0.16836 9.9973E-05 0.0786286 9.9973E-05 0.0355935 0.549658 0.0359637 9.9973E-05
0.131181 9.9982E-05 0.0723116 9.9982E-05 0.088335 0.00598288 0.180613 0.473912 0.037394 0.010071
0.0696377 0.0239114 9.9973E-05 0.021065 0.0266662 9.9973E-05 0.304547 0.408718 0.145155 9.9973E-05
0.0734236 0.0817756 9.9973E-05 9.9973E-05 0.082598 9.9973E-05 0.226994 0.430628 0.0725284 0.0317521
0.0254535 0.00235958 9.9973E-05 9.9973E-05 0.24583 9.9973E-05 0.168509 0.417249 0.111965 0.0283335
0.0699656 9.9955E-05 9.9955E-05 9.9955E-05 0.189883 9.9955E-05 0.433966 0.161434 0.144252 9.9955E-05
0.0775035 0.0545728 9.9964E-05 9.9964E-05 0.291194 9.9964E-05 0.197313 0.278757 0.10026 9.9964E-05
0.0723773 0.0588653 9.9982E-05 0.0240567 0.0951131 0.0126575 0.149913 0.533413 0.0534041 9.9982E-05
9.9955E-05 9.9955E-05 0.155836 9.9955E-05 0.0841937 9.9955E-05 0.160436 0.59852 0.000513297 9.9955E-05
0.00535282 0.153071 0.0837245 9.9973E-05 0.168259 0.0344129 0.143695 0.411185 9.9973E-05 9.9973E-05
0.00354966 0.032453 0.0419894 9.9973E-05 0.108736 9.9973E-05 0.225047 0.541086 0.0468382 9.9973E-05
0.0596497 9.9982E-05 0.0664447 0.0724183 0.152296 0.0184427 0.387304 0.238592 9.9982E-05 0.00465233
9.9955E-05 0.0255211 0.073181 9.9955E-05 0.153381 9.9955E-05 0.130333 0.617084 9.9955E-05 9.9955E-05
0.0099941 0.065399 9.9982E-05 0.073752 0.152888 0.0267272 0.143522 0.476456 9.9982E-05 0.0510617
0.00706778 0.0966636 9.9991E-05 0.0336412 0.0254699 0.0075755 0.095986 0.505419 0.0436468 0.18443
0.0860611 9.9955E-05 0.151277 9.9955E-05 9.9955E-05 9.9955E-05 0.113914 0.373864 9.9955E-05 0.274384
0.200893 0.089942 0.129324 0.0239684 0.0195947 0.0939148 9.9982E-05 0.414167 0.0279959 9.9982E-05
0.159319 0.00379359 0.11473 0.0413474 9.9991E-05 0.0646522 0.0952417 0.385244 0.109116 0.0264557
0.0213304 0.0710305 0.104493 9.9982E-05 0.0997673 0.0554162 0.0246478 0.573739 9.9982E-05 0.0493766
0.172821 9.9973E-05 9.9973E-05 0.0666692 9.9973E-05 0.0218079 0.0455684 0.45701 0.0110423 0.224781
9.9982E-05 0.166496 0.00298157 0.0819153 0.0371292 0.00863119 0.246851 0.442516 0.0132801 9.9982E-05
0.0833212 9.9964E-05 0.128297 9.9964E-05 0.116313 0.00437815 9.9964E-05 0.530555 9.9964E-05 0.136736
0.0867901 0.0540517 0.316746 0.17927 9.9973E-05 9.9973E-05 0.0823716 9.9973E-05 0.135972 0.144498
0.0638316 0.0642842 0.106513 9.9982E-05 9.9982E-05 0.0659339 0.151165 0.488419 0.0281305 0.0315219
0.167302 0.0529561 0.0327586 9.9982E-05 0.085703 0.0498992 9.9982E-05 0.50933 0.0238334 0.0780177
0.0788175 0.0800574 9.9973E-05 0.0497468 9.9973E-05 9.9973E-05 0.178319 0.437699 0.0521479 0.122913
0.0846089 0.0400871 0.304348 9.9982E-05 9.9982E-05 0.0605858 0.159684 0.238173 0.10026 0.0120536
0.159311 9.9973E-05 0.121995 9.9973E-05 0.0209674 9.9973E-05 0.0983963 0.461875 0.0521194 0.0850361
0.176173 0.102624 9.9964E-05 0.18301 9.9964E-05 0.0347314 9.9964E-05 0.410176 9.9964E-05 0.092886
0.142357 0.0671768 0.387565 0.00417913 9.9973E-05 0.061303 9.9973E-05 9.9973E-05 0.0303135 0.306805
0.0815347 0.04523 0.122705 9.9982E-05 9.9982E-05 0.0673805 0.0467296 0.501745 0.000926346 0.133549
0.193473 0.0435801 0.120781 9.9964E-05 9.9964E-05 0.0404934 9.9964E-05 0.526577 9.9964E-05 0.0746949
0.120624 0.063788 9.9973E-05 0.118491 0.0553012 9.9973E-05 0.0300884 0.559388 9.9973E-05 0.0520195
0.136163 9.9964E-05 0.195414 9.9964E-05 0.00287914 9.9964E-05 0.0368217 0.531937 9.9964E-05 0.0963859
0.127174 0.0480265 0.0575856 0.0387245 9.9982E-05 0.0420766 0.062741 0.461363 9.9982E-05 0.162109
0.0151746 0.366492 0.0316549 0.0943558 0.102974 0.0107077 9.9982E-05 0.359216 0.0192253 9.9982E-05
0.0385445 0.253659 0.0211585 0.0404809 9.9982E-05 0.00577559 0.0958916 0.493716 9.9982E-05 0.0505745
9.9955E-05 0.78158 9.9955E-05 0.021087 0.0153057 9.9955E-05 0.146344 9.9955E-05 0.0351837 9.9955E-05
9.99639E-05 0.906549 9.99639E-05 0.00536867 0.0409277 9.99639E-05 0.0040533 9.99639E-05 0.0115582 0.0311438
0.140622 0.452363 9.9955E-05 9.9955E-05 9.9955E-05 0.0357719 0.00708653 0.363657 9.9955E-05 9.9955E-05
0.217539 0.0461394 0.156126 0.0349172 9.9973E-05 9.9973E-05 0.0476288 0.429406 9.9973E-05 0.0679437
0.225559 0.188886 0.155843 9.9964E-05 9.9964E-05 0.0134291 9.9964E-05 0.359432 9.9964E-05 0.0564514
0.177325 0.108112 0.287042 9.9973E-05 9.9973E-05 9.9973E-05 0.00646138 0.210317 0.0597883 0.150654
0.201841 0.115187 0.0949343 9.9973E-05 9.9973E-05 0.0474612 0.0499317 0.363238 9.9973E-05 0.127106
0.0471661 0.678419 0.139384 9.9964E-05 9.9964E-05 0.0292597 9.9964E-05 0.0607431 9.9964E-05 0.0446279
0.012754 0.609401 0.169311 9.9964E-05 9.9964E-05 0.0223157 9.9964E-05 0.163188 9.9964E-05 0.0226301
0.00543925 0.330694 0.0488729 9.99631E-05 9.99631E-05 0.0152232 9.99631E-05 0.599271 9.99631E-05 9.99631E-05
0.0970481 0.445378 9.9964E-05 0.00751678 9.9964E-05 9.9964E-05 9.9964E-05 0.407244 0.00784863 0.0345648
0.0426749 0.639787 0.0432034 9.9964E-05 9.9964E-05 0.0480542 9.9964E-05 0.205579 9.9964E-05 0.0203024
0.118912 0.28483 0.0440003 9.9964E-05 9.9964E-05 9.9964E-05 0.0838808 0.410939 9.9964E-05 0.0570385
0.0463076 0.323202 0.0421478 0.0107695 9.9964E-05 9.9964E-05 9.9964E-05 0.538946 9.9964E-05 0.0382278
0.192754 0.0496812 9.9982E-05 0.157371 9.9982E-05 0.00504155 0.123027 0.376784 0.00451576 0.0906256
9.9982E-05 0.493626 9.9982E-05 0.0723816 0.0641275 0.00134487 0.0300873 0.302785 0.019723 0.0157243
9.9955E-05 0.483056 9.9955E-05 0.014726 9.9955E-05 0.0612192 0.191435 0.249064 9.9955E-05 9.9955E-05
0.0420168 0.326928 9.9973E-05 0.000413651 0.0846907 0.0180059 9.9973E-05 0.472023 0.0556221 9.9973E-05
0.00373415 0.345108 9.9973E-05 0.0914874 0.0862988 0.0664935 9.9973E-05 0.381565 0.0250132 9.9973E-05
0.116481 0.19874 0.0718042 9.9982E-05 0.00206773 9.9982E-05 0.0119757 0.375762 0.101495 0.121474
9.9964E-05 0.401456 0.0588868 0.0854805 0.0147521 9.9964E-05 0.00979776 0.429227 9.9964E-05 9.9964E-05
9.9946E-05 0.708461 9.9946E-05 0.0240621 0.079854 9.9946E-05 9.9946E-05 0.187023 9.9946E-05 9.9946E-05
9.9955E-05 0.294811 0.0190191 9.9955E-05 9.9955E-05 9.9955E-05 9.9955E-05 0.594928 0.0440705 0.0466716
0.0124717 0.704944 9.99459E-05 9.99459E-05 9.99459E-05 9.99459E-05 0.136404 0.145581 9.99459E-05 9.99459E-05
9.9964E-05 0.513258 9.9964E-05 0.00928803 0.0760218 0.0129528 0.0086504 0.379429 9.9964E-05 9.9964E-05
0.0553521 0.281316 0.000420755 9.9991E-05 0.0386108 0.0421287 0.0249678 0.500105 0.0456183 0.0113805
9.9955E-05 0.383654 9.9955E-05 9.9955E-05 9.9955E-05 0.0209467 0.106382 0.458976 9.9955E-05 0.0295421
0.201089 0.0751525 0.0820823 0.0657669 9.9973E-05 9.9973E-05 0.0110378 0.420956 9.9973E-05 0.143616
0.0847673 0.103619 0.133933 0.0290008 0.0818486 0.00197932 0.0217586 0.430095 9.9991E-05 0.112899
0.191515 9.9982E-05 0.179512 0.156685 0.0434909 0.0249178 0.0182644 0.342793 9.9982E-05 0.0426223
0.197992 0.0933218 0.091398 0.0481659 0.0720364 0.0406559 0.0810751 0.313097 9.9991E-05 0.0621579
0.203878 9.9982E-05 0.0204986 0.0890807 0.0792226 9.9982E-05 0.151384 0.287768 0.082616 0.0853526
0.141328 0.0950691 0.0119064 0.143009 0.0703264 0.0838563 9.9982E-05 0.420381 9.9982E-05 0.0339243
0.104736 0.61494 0.0246892 9.9964E-05 0.0559578 0.0255991 9.9964E-05 9.9964E-05 9.9964E-05 0.173678
0.141753 0.141251 0.0147488 0.00509728 0.0185911 0.0203616 9.9982E-05 0.572932 9.9982E-05 0.0850658
0.0279912 0.414655 0.263451 9.9955E-05 9.9955E-05 0.00202659 9.9955E-05 9.9955E-05 9.9955E-05 0.291376
0.129109 0.299503 9.9955E-05 0.0332715 9.9955E-05 9.9955E-05 9.9955E-05 0.514294 9.9955E-05 0.0233227
9.9937E-05 0.724645 9.9937E-05 9.9937E-05 9.9937E-05 9.9937E-05 9.9937E-05 0.0896916 0.184964 9.9937E-05
9.9946E-05 0.853822 9.9946E-05 9.9946E-05 9.9946E-05 0.0230417 0.0810092 9.9946E-05 0.0415273 9.9946E-05
9.9955E-05 0.414529 9.9955E-05 9.9955E-05 9.9955E-05 0.0334324 0.0761107 0.390305 0.0851229 9.9955E-05
