9.9991E-05 0.0109792 0.00512168 0.0389245 0.903381 0.0414937
9.9964E-05 9.9964E-05 9.9964E-05 9.9964E-05 0.944751 0.0548494
9.9973E-05 0.0312084 0.132654 9.9973E-05 0.835838 9.9973E-05
9.9982E-05 0.100822 0.0541175 0.0568438 0.788017 9.9982E-05
0.00402981 0.0195502 0.113499 9.9982E-05 0.862721 9.9982E-05
0.048052 0.08335 0.0158705 0.0608028 0.627131 0.164793
0.138576 0.0299018 9.9982E-05 9.9982E-05 0.827498 0.00382396
0.0934868 0.121227 9.9982E-05 0.0551592 0.729927 9.9982E-05
0.0641711 0.0950842 9.9982E-05 9.9982E-05 0.801092 0.0394524
0.0290464 0.0894718 0.0960157 0.065592 0.719774 9.9991E-05
0.0136714 0.141704 9.9982E-05 9.9982E-05 0.778712 0.0657122
9.9982E-05 0.435754 0.226566 0.0985853 9.9982E-05 0.238894
0.0116601 0.309064 0.543655 0.0506316 0.0359164 0.0490729
0.125689 0.42038 0.241687 0.102237 0.0175282 0.0924781
0.000698475 0.383444 0.248044 0.155302 0.0530866 0.159425
0.141913 0.22053 0.390668 0.128432 0.0848686 0.0335886
0.0901447 0.145805 0.588688 0.0922915 0.0576755 0.0253956
9.999E-05 0.243401 0.375247 0.0937541 0.0403554 0.247142
9.999E-05 0.316798 0.311867 0.0862224 0.126385 0.158628
0.0651767 0.640627 9.9991E-05 0.0986924 0.0234149 0.171989
0.1225 0.231439 0.440326 0.127026 0.00553903 0.0731709
0.177371 0.146425 0.493141 0.0631745 0.0213059 0.0985833
0.0633622 0.238408 0.549173 0.0282305 0.0404968 0.0803293
0.00898016 0.37382 0.214523 0.180253 9.9991E-05 0.222324
0.0740101 0.103622 0.655972 0.0086868 0.15761 9.9991E-05
0.00622294 0.302252 0.458415 0.17716 9.9991E-05 0.0558505
0.00515468 0.422499 0.133787 0.14255 0.0377107 0.258298
9.999E-05 0.448456 0.221109 0.184412 0.0154649 0.130458
0.149441 0.437743 0.251647 0.0407534 0.0239298 0.0964851
9.9973E-05 9.9973E-05 0.0945343 0.0525373 0.852628 9.9973E-05
9.9973E-05 9.9973E-05 0.136062 0.0100529 0.853585 9.9973E-05
9.9964E-05 9.9964E-05 0.189239 9.9964E-05 0.810361 9.9964E-05
9.9982E-05 9.9982E-05 0.15372 0.0457097 0.747362 0.0530081
0.0223445 0.127412 0.520868 0.0763798 9.9991E-05 0.252896
9.9982E-05 9.9982E-05 0.434893 0.110775 0.0893532 0.36478
9.9973E-05 9.9973E-05 0.607378 9.9973E-05 0.0145125 0.377809
9.9991E-05 0.5688 0.166854 0.0364717 0.0879332 0.139841
0.0246362 0.0399514 0.311717 9.9991E-05 0.0351534 0.588442
9.9991E-05 0.132585 0.407896 0.101234 0.0923248 0.26586
0.0545404 9.9982E-05 0.698035 0.0297143 9.9982E-05 0.21751
0.156302 0.0874764 0.626254 9.9982E-05 0.129768 9.9982E-05
0.0411901 0.0668383 0.619527 9.9991E-05 0.105872 0.166473
9.9991E-05 0.1131 0.145541 0.0241454 0.0530787 0.664034
0.215763 0.0821359 0.612914 0.0184528 0.0358433 0.0348903
0.041775 0.0464397 0.59177 0.0545712 0.0142513 0.251192
0.0408046 0.0452136 0.440267 0.202443 0.140199 0.131072
0.0743722 9.9973E-05 0.306794 9.9973E-05 9.9973E-05 0.618534
0.0145417 9.9991E-05 0.569227 0.108099 0.029955 0.278078
9.9991E-05 0.0272643 0.559972 0.0780526 0.0875613 0.247049
0.232711 9.9973E-05 9.9973E-05 9.9973E-05 0.0973885 0.6696
0.14469 0.413298 0.167991 9.9982E-05 9.9982E-05 0.273822
0.412453 0.210519 0.0152215 0.0806819 9.9991E-05 0.281025
0.06192 0.088836 0.607747 0.0587924 0.106159 0.0765459
0.118674 0.106345 0.608366 0.0590618 0.107454 9.9991E-05
0.109247 9.9991E-05 0.667434 0.0173872 0.138287 0.0675447
0.096524 0.356198 0.186066 9.9991E-05 0.0802426 0.280869
0.176674 0.222454 0.600572 9.9973E-05 9.9973E-05 9.9973E-05
9.9991E-05 0.185349 0.480072 0.12153 0.077897 0.135052
0.0740033 0.177984 0.39679 0.00495434 0.129194 0.217075
0.156623 0.347811 0.0346654 0.0896514 0.149531 0.221718
0.0945707 0.0752052 0.509069 0.0819364 0.0657554 0.173463
0.0940645 0.272067 0.429431 0.0575257 0.0929847 0.053927
0.179295 0.519912 0.0230489 9.9991E-05 0.0490087 0.228635
0.123592 0.235874 0.466771 0.0568295 9.9991E-05 0.116833
0.121409 0.15436 0.624899 0.0339525 0.0652803 9.9991E-05
0.115223 0.150545 0.519538 0.107791 0.0493335 0.0575699
0.000662263 0.252636 0.290226 0.0462806 0.0745268 0.335667
0.19556 0.126711 0.481582 0.0684642 9.9991E-05 0.127582
0.048033 0.258853 0.538037 0.0758099 0.00220798 0.077059
0.175089 0.340839 0.218195 9.9991E-05 0.0163921 0.249385
9.9973E-05 0.023655 0.502589 9.9973E-05 9.9973E-05 0.473456
9.9982E-05 0.0693025 0.158046 9.9982E-05 0.0300573 0.742395
9.9991E-05 0.138202 0.463733 0.122715 0.0682425 0.207008
0.132227 9.9964E-05 9.9964E-05 9.9964E-05 9.9964E-05 0.867373
0.130965 0.0270042 9.9973E-05 9.9973E-05 9.9973E-05 0.841731
9.9973E-05 0.0356708 0.253687 9.9973E-05 9.9973E-05 0.710342
9.9982E-05 0.00945221 0.483403 9.9982E-05 0.0918887 0.415056
9.9991E-05 0.0189735 0.629677 0.0673983 0.184841 0.0990101
9.9982E-05 0.024189 0.348202 0.0956412 9.9982E-05 0.531768
9.9991E-05 0.0976883 0.103311 0.0294012 0.0483026 0.721197
9.9982E-05 0.182833 0.154078 9.9982E-05 0.0565145 0.606374
9.9991E-05 0.0869754 0.568765 0.0730981 0.0928785 0.178182
9.9991E-05 0.0186406 0.241802 0.0290716 0.0599212 0.650465
9.9982E-05 9.9982E-05 0.444846 0.0114295 0.0661655 0.477359
0.0670135 9.9982E-05 0.356426 0.0224127 9.9982E-05 0.553948
0.289225 9.9973E-05 9.9973E-05 9.9973E-05 0.00844686 0.702028
9.9973E-05 9.9973E-05 0.630264 0.0799748 9.9973E-05 0.289461
9.9982E-05 0.095602 0.0472949 0.0727989 0.784104 9.9982E-05
9.9964E-05 9.9964E-05 0.0803203 9.9964E-05 0.91928 9.9964E-05
9.9973E-05 9.9973E-05 0.0727991 0.061354 0.865547 9.9973E-05
9.9982E-05 9.9982E-05 0.0149285 0.037723 0.908922 0.0382264
9.9973E-05 9.9973E-05 0.0721317 0.0644047 0.863164 9.9973E-05
9.9982E-05 0.0278831 9.9982E-05 0.0704422 0.87243 0.0290447
9.9973E-05 9.9973E-05 0.0452806 0.0143962 0.940023 9.9973E-05
9.9991E-05 0.0503199 0.434944 0.139581 0.067315 0.30774
9.9973E-05 9.9973E-05 0.618911 9.9973E-05 0.196574 0.184215
0.00723191 0.0708267 0.0569376 9.9991E-05 0.049709 0.815195
0.0551586 0.0321421 0.578838 0.0572595 0.10915 0.167452
9.9991E-05 0.118509 0.438838 0.00586315 0.0120358 0.424653
0.0401167 9.9991E-05 0.492663 0.0731512 0.039681 0.354288
0.0673814 9.9982E-05 0.618346 9.9982E-05 0.0847063 0.229367
9.9982E-05 9.9982E-05 0.401187 0.100427 0.00323705 0.494949
9.9973E-05 0.223059 9.9973E-05 9.9973E-05 0.0566388 0.720002
0.0205013 0.108231 0.565287 9.9991E-05 0.185125 0.120756
0.0539734 9.9991E-05 0.576707 0.0552499 0.104667 0.209302
0.0362269 0.0493571 0.415278 0.167272 0.127115 0.204751
0.15635 9.9991E-05 0.329911 0.0279968 0.00656316 0.479079
0.0220264 9.9991E-05 0.543467 0.00441721 0.00645337 0.423536
0.0112508 0.117132 0.403342 9.9991E-05 0.0342537 0.433922
9.9973E-05 9.9973E-05 0.303643 0.0774397 9.9973E-05 0.618617
9.9982E-05 0.0906803 0.405054 9.9982E-05 0.0512852 0.452781
0.0270999 0.0589042 0.581576 0.0376452 0.160419 0.134356
0.288404 0.339478 0.221251 0.10372 0.00649585 0.0406517
0.0297547 0.338907 0.425408 0.0737408 0.0864388 0.0457501
0.0777522 0.261549 0.456678 0.143531 0.0474758 0.0130137
0.139628 0.0731555 0.567388 0.113468 0.0657168 0.0406437
0.0331614 0.395398 0.540645 0.000859576 0.0298365 9.9991E-05
9.9991E-05 0.226384 0.617083 0.0236452 0.0308702 0.101917
0.00239578 0.435697 0.475195 0.0391812 9.9991E-05 0.0474316
0.167867 0.167604 0.604739 9.9991E-05 0.0480214 0.0116691
0.0976699 0.202211 0.548993 0.025318 0.0858389 0.0399689
0.0711708 0.135934 0.632443 9.9991E-05 0.0819017 0.078451
0.0190022 0.300612 0.555241 9.9982E-05 9.9982E-05 0.124945
0.16016 0.0517662 0.615349 0.142279 9.9991E-05 0.030346
0.115965 0.134263 0.627536 0.0535226 0.0686138 9.9991E-05
0.0343354 0.200208 0.610992 0.0260714 9.9991E-05 0.128294
0.0823885 0.12695 0.534143 0.135988 0.0189091 0.101622
0.0889672 0.226718 0.558333 0.114229 9.9991E-05 0.0116528
0.177462 0.36201 0.372367 9.9991E-05 0.0750418 0.0130197
0.0400899 0.152797 0.684029 0.0980575 0.00816187 0.0168647
0.12851 0.186194 0.664234 0.0208631 9.9982E-05 9.9982E-05
0.0952118 0.427874 0.226682 0.080975 9.9991E-05 0.169157
0.412338 0.268019 0.143235 0.0798886 0.000402437 0.0961175
0.161404 0.148269 0.591588 0.020884 0.0385042 0.0393508
0.366199 0.286166 0.0999203 0.0564639 9.9991E-05 0.191151
0.0731991 0.348863 0.283156 0.00190091 0.0283358 0.264546
0.0419201 0.340507 0.455242 9.9982E-05 9.9982E-05 0.162131
9.9973E-05 0.44604 0.325081 9.9973E-05 9.9973E-05 0.228579
0.0726024 0.422748 0.272816 0.0603795 9.9991E-05 0.171354
0.0854086 0.0776383 0.698737 9.9991E-05 0.0836585 0.0544576
0.0541521 0.154126 0.609245 0.0613175 0.100846 0.0203143
0.0573967 0.16034 0.584675 0.0933412 0.00543209 0.0988151
0.283071 0.334839 0.161207 0.0394559 0.000936477 0.18049
0.109002 0.104703 0.38295 0.113913 0.148546 0.140886
0.27159 0.095529 0.49604 0.0352974 9.9991E-05 0.101444
0.553756 0.129375 9.9982E-05 9.9982E-05 0.139172 0.177497
0.0833809 9.9982E-05 0.66711 9.9982E-05 0.143027 0.106282
0.343384 0.026998 0.371248 0.0339027 0.0706574 0.153811
0.260308 0.0672607 0.462154 0.0736358 0.070968 0.0656736
0.403853 0.110701 0.277155 0.0437856 0.0632377 0.101268
0.495642 0.142892 0.256179 9.9991E-05 0.0917995 0.0133877
0.311597 0.112987 0.444286 0.00523395 0.0463796 0.0795165
0.0720174 0.156756 0.556408 9.9991E-05 0.147887 0.0668318
0.153617 0.166036 0.380644 0.11559 0.0917751 0.0923391
0.419116 0.0813425 9.9991E-05 0.234544 0.0440517 0.220846
0.176423 0.0863316 0.54276 0.0145562 0.0413168 0.138612
0.375013 0.120909 0.338798 9.9982E-05 9.9982E-05 0.16508
0.228736 0.145761 0.486156 9.9982E-05 9.9982E-05 0.139148
0.203742 9.9982E-05 0.58884 9.9982E-05 0.128952 0.0782662
0.254068 0.0226803 0.128218 0.288423 0.306511 9.9991E-05
0.33436 9.9973E-05 9.9973E-05 0.0955052 0.569835 9.9973E-05
0.439072 9.9973E-05 9.9973E-05 0.117125 0.443503 9.9973E-05
0.182006 0.0395019 0.0257485 0.373877 0.378767 9.9991E-05
0.230203 9.9973E-05 0.677654 9.9973E-05 9.9973E-05 0.0918429
0.158719 0.0754392 0.57236 0.10041 0.0443778 0.0486938
9.9982E-05 0.0193207 0.182114 0.694698 9.9982E-05 0.103668
9.9991E-05 0.0732166 0.446874 0.419022 0.0476007 0.0131863
0.101428 0.0344309 0.430031 0.323849 0.11016 9.9991E-05
0.527891 9.9982E-05 0.425941 9.9982E-05 0.00716909 0.0387986
0.101791 0.0691691 0.498225 0.0968776 0.117902 0.116035
0.690964 0.0248062 0.192693 0.0425388 9.9991E-05 0.0488981
0.203106 0.000339016 0.655151 0.00374014 0.0376875 0.0999756
0.297694 0.100964 0.462707 9.9991E-05 0.0105734 0.127962
0.299988 0.0405649 0.609199 0.0244493 0.0147667 0.0110323
0.563919 0.0881888 0.242734 9.9982E-05 9.9982E-05 0.104959
0.0501314 0.0168868 0.706813 9.9991E-05 0.0703767 0.155692
0.200889 0.0666388 0.559369 0.0925714 0.000533136 0.0799986
9.9964E-05 9.9964E-05 9.9964E-05 0.986662 9.9964E-05 0.0129378
0.00613154 9.9973E-05 0.0737256 0.919843 9.9973E-05 9.9973E-05
9.9991E-05 0.0045318 0.221653 0.592667 0.0808761 0.100173
9.9964E-05 9.9964E-05 0.353996 0.645604 9.9964E-05 9.9964E-05
9.9973E-05 9.9973E-05 0.0958434 0.815335 9.9973E-05 0.0885214
9.996E-05 9.996E-05 9.996E-05 0.9995 9.996E-05 9.996E-05
9.9973E-05 9.9973E-05 9.9973E-05 0.957064 0.0142791 0.0283569
9.9964E-05 9.9964E-05 0.141626 0.857974 9.9964E-05 9.9964E-05
9.9964E-05 0.0549057 9.9964E-05 0.944694 9.9964E-05 9.9964E-05
9.996E-05 9.996E-05 9.996E-05 0.9995 9.996E-05 9.996E-05
9.996E-05 9.996E-05 9.996E-05 0.9995 9.996E-05 9.996E-05
9.9982E-05 0.0307267 0.161968 0.767114 0.0399917 9.9982E-05
9.9982E-05 0.0389368 0.149936 0.74317 0.0677567 9.9982E-05
9.9973E-05 0.00150902 9.9973E-05 0.980498 9.9973E-05 0.0176932
9.9991E-05 0.11702 0.398114 0.399129 0.0744472 0.0111893
9.9982E-05 0.11977 0.183579 0.681862 0.0145895 9.9982E-05
9.9973E-05 9.9973E-05 0.169025 0.753632 0.0770436 9.9973E-05
9.9982E-05 0.0368638 0.0797558 0.877045 0.00613586 9.9982E-05
0.000865038 9.9973E-05 9.9973E-05 0.996606 0.00222937 9.9973E-05
9.9982E-05 0.00941606 0.051378 0.899368 0.0396384 9.9982E-05
9.996E-05 9.996E-05 9.996E-05 0.9995 9.996E-05 9.996E-05
9.9982E-05 0.0627263 0.234292 0.644602 0.0581793 9.9982E-05
0.03819 0.00971976 0.0449231 0.876668 0.0303995 9.9991E-05
0.601992 9.9973E-05 9.9973E-05 0.0626275 0.335081 9.9973E-05
0.256572 0.0738049 0.363534 0.105909 0.20008 9.9991E-05
0.192305 0.00631197 0.424677 0.0438459 0.286341 0.0465187
0.419541 9.9982E-05 0.210037 0.114742 0.25548 9.9982E-05
0.181742 0.0202524 0.505021 0.0948349 0.149015 0.0491356
0.376816 9.9991E-05 0.229046 0.0930149 0.273893 0.0271298
0.11127 0.0584828 0.399491 0.175358 0.15912 0.0962777
0.318095 9.9982E-05 0.345567 0.155616 0.180522 9.9982E-05
0.242263 9.9982E-05 0.473194 0.153384 0.13096 9.9982E-05
0.299018 9.9982E-05 0.359808 0.208519 0.132455 9.9982E-05
0.129919 0.0869036 0.537547 0.125537 0.0767413 0.0433519
0.0391181 0.0931762 0.0332083 9.9982E-05 0.834297 9.9982E-05
0.0283569 9.9973E-05 9.9973E-05 0.056361 0.914982 9.9973E-05
9.9973E-05 9.9973E-05 0.0169275 9.9973E-05 0.970469 0.0123033
9.9973E-05 0.0130021 0.0246455 9.9973E-05 0.962052 9.9973E-05
9.9982E-05 0.0790858 0.0188687 0.043642 0.858204 9.9982E-05
0.0168326 9.9982E-05 9.9982E-05 0.0894097 0.885665 0.00789252
9.9982E-05 0.0120706 0.055736 0.0462269 0.885767 9.9982E-05
0.0834343 9.9982E-05 0.0127552 0.00892676 0.894684 9.9982E-05
9.9982E-05 9.9982E-05 0.0239703 0.0175411 0.932432 0.0258562
0.00394302 0.0312927 9.9982E-05 0.102731 0.861833 9.9982E-05
9.9982E-05 0.248698 9.9982E-05 0.0262311 0.59679 0.128081
9.9973E-05 0.385438 9.9973E-05 9.9973E-05 0.598403 0.0158596
0.0825832 0.282333 9.9982E-05 9.9982E-05 0.539073 0.0958106
0.0430497 0.364702 9.9982E-05 9.9982E-05 0.502044 0.0900044
0.0150059 0.132898 0.538429 9.9991E-05 0.0305406 0.283027
9.9991E-05 0.115496 0.467121 0.0642888 0.0330096 0.319985
0.0225567 0.127197 0.557715 0.0118931 9.9991E-05 0.280538
0.0272005 0.24169 0.43482 9.9991E-05 0.10069 0.195499
0.0680068 0.58914 0.176254 0.00653456 0.00605903 0.154006
0.00398423 9.9991E-05 0.619845 0.0273819 0.0580756 0.290613
9.9982E-05 0.0523182 0.596987 0.014212 9.9982E-05 0.336283
0.167834 0.021555 0.561429 9.9991E-05 0.0178913 0.23119
0.0253166 0.0323858 0.332063 0.0742072 9.9991E-05 0.535928
9.9991E-05 0.079453 0.618481 0.0398276 0.0403344 0.221804
0.0590763 0.110177 0.410399 0.0129323 0.0292685 0.378147
0.193934 0.0846355 9.9973E-05 9.9973E-05 9.9973E-05 0.721131
0.118384 0.119568 0.57841 9.9991E-05 0.0764712 0.107067
0.235879 0.017404 0.26082 9.9991E-05 0.00537644 0.480421
0.0441408 0.00643371 0.498158 0.0277399 0.021741 0.401787
9.9982E-05 0.184912 0.0682258 9.9982E-05 0.0426159 0.704046
0.148067 0.741157 9.9991E-05 0.00467073 0.097056 0.00895003
0.122351 0.700187 0.106144 9.9982E-05 0.0711179 9.9982E-05
0.120967 0.859698 0.00530744 9.9982E-05 0.0138273 9.9982E-05
0.0469637 0.79615 9.9982E-05 9.9982E-05 0.109552 0.0471345
0.0764863 0.792688 0.0850749 0.0139695 0.0190432 0.0127379
9.9973E-05 0.787925 0.127142 9.9973E-05 0.0846331 9.9973E-05
9.9982E-05 9.9982E-05 0.0805101 0.0287881 0.852196 0.0383054
9.9982E-05 0.0264838 0.113563 0.0275784 0.832175 9.9982E-05
0.0052437 9.9982E-05 0.119519 0.122454 0.752584 9.9982E-05
9.9982E-05 0.0896119 0.0273693 0.115779 0.76704 9.9982E-05
9.9982E-05 0.0507403 0.0978822 0.0673697 0.783808 9.9982E-05
0.0844 0.55085 9.9973E-05 9.9973E-05 0.36445 9.9973E-05
0.120879 0.398764 9.9982E-05 9.9982E-05 0.447041 0.0331152
9.9982E-05 0.452412 9.9982E-05 0.0219192 0.456652 0.068817
9.9964E-05 9.9964E-05 0.15944 9.9964E-05 0.84016 9.9964E-05
0.0748236 0.435585 9.9991E-05 0.00785872 0.381079 0.100554
0.166625 9.9982E-05 0.254417 0.342426 0.236332 9.9982E-05
9.9982E-05 0.0910466 0.515279 0.252826 0.140649 9.9982E-05
9.9973E-05 9.9973E-05 0.477519 0.315941 0.20624 9.9973E-05
0.134736 0.0038996 0.283114 0.247918 0.27649 0.0538422
0.0308507 0.105155 0.470013 0.22781 0.148463 0.0177078
0.236446 9.9973E-05 9.9973E-05 0.298306 0.464948 9.9973E-05
0.0210865 0.337352 0.546183 9.9982E-05 9.9982E-05 0.0951785
0.330636 0.194767 0.410114 0.036994 0.027091 0.000398818
0.0291596 0.503069 0.293733 9.9991E-05 0.048178 0.12576
0.210768 0.125658 0.612166 9.9982E-05 9.9982E-05 0.0512088
0.607355 0.195945 9.9973E-05 9.9973E-05 9.9973E-05 0.1964
0.0494429 0.1422 0.566049 0.063527 0.115316 0.0634645
0.185235 0.150493 0.621056 9.9991E-05 0.0256114 0.0175036
0.0735798 0.462305 0.380042 9.9991E-05 0.0276607 0.0563118
0.0393454 0.293731 0.457904 0.0481715 0.0952485 0.0655992
0.406167 0.253208 0.144719 9.9982E-05 9.9982E-05 0.195706
0.290469 0.126936 0.481559 0.0695701 9.9991E-05 0.0313658
0.115158 0.243614 0.618572 0.0194992 0.00305663 9.9991E-05
0.110837 0.0438157 0.462268 0.10856 0.14948 0.125039
0.233945 0.269315 0.424608 9.9982E-05 9.9982E-05 0.0719322
0.128083 0.235498 0.488577 0.0248094 0.0206322 0.102401
0.273324 0.095912 0.470395 0.0702922 9.9991E-05 0.0899762
0.185844 0.1633 0.578407 9.9991E-05 0.0277865 0.0445616
0.0515445 0.0278454 0.739634 0.0362415 0.0686541 0.0760803
9.9991E-05 0.12767 0.582112 0.0217931 0.140947 0.127379
0.114504 0.144667 0.632734 9.9991E-05 0.0522417 0.0557531
9.9973E-05 9.9973E-05 0.104712 0.113371 0.781617 9.9973E-05
9.9982E-05 9.9982E-05 0.0788632 0.0545401 0.838744 0.0276529
0.048271 0.0888089 0.0473932 0.0244195 0.768326 0.0227814
9.9973E-05 9.9973E-05 0.0372312 9.9973E-05 0.838233 0.124236
9.9973E-05 9.9973E-05 0.144424 0.0309219 0.824354 9.9973E-05
0.0142314 0.581609 0.184157 0.0684358 9.9991E-05 0.151467
0.134278 0.105641 0.420183 0.0995004 0.0625739 0.177824
0.157792 9.9991E-05 0.357781 0.140593 0.274015 0.0697197
0.0232966 0.168242 0.728883 0.0666949 9.9991E-05 0.0127836
0.048926 0.248122 0.524703 9.9991E-05 0.0670871 0.111061
0.30168 0.31597 0.310566 0.0597449 0.0119388 9.9991E-05
0.138035 0.600036 9.9982E-05 9.9982E-05 0.145463 0.116265
9.9982E-05 0.334004 0.532007 0.0357343 9.9982E-05 0.0980541
0.131512 0.487193 0.207891 0.0256634 0.0677638 0.0799766
0.196172 0.11379 0.361055 0.0485744 0.0843252 0.196084
0.13461 0.516964 0.0735928 0.0436984 0.121712 0.109423
9.9991E-05 0.267717 0.515676 0.101683 0.0478498 0.066975
0.0206159 0.531006 0.217246 9.9991E-05 0.105701 0.125332
0.17614 0.36084 0.332823 0.0629846 0.00409679 0.0631159
0.23461 0.149269 0.61089 0.00342136 0.00170914 9.9991E-05
0.558419 0.0536056 0.383082 9.9982E-05 0.0046932 9.9982E-05
0.223754 0.13154 0.609782 9.9991E-05 0.0214998 0.0133254
0.209958 0.0577088 0.544337 0.0533613 0.0966129 0.038022
0.502744 0.0821055 0.395982 9.9982E-05 9.9982E-05 0.0189683
0.108 0.0381712 0.501135 0.0590337 0.105898 0.187762
0.342294 0.0382639 0.5827 9.9991E-05 0.0231059 0.0135363
0.760829 0.101224 0.117482 9.9982E-05 9.9982E-05 0.0202655
0.682749 9.9964E-05 0.316852 9.9964E-05 9.9964E-05 9.9964E-05
0.360651 0.0382543 0.541691 9.9991E-05 0.0330495 0.026254
0.547987 0.0642576 0.162905 9.9982E-05 9.9982E-05 0.224651
0.327182 0.0758594 0.554163 9.9982E-05 9.9982E-05 0.0425954
0.0557705 0.577183 0.104667 0.0416677 0.0207055 0.200005
0.306221 0.312979 0.260664 0.00724133 9.9991E-05 0.112794
9.9991E-05 0.406829 0.370239 0.0376744 0.0314343 0.153723
0.0921926 0.221814 0.582094 0.0794786 0.0243208 9.9991E-05
9.9982E-05 0.494198 0.222365 0.0114595 9.9982E-05 0.271778
0.215554 0.184138 0.505612 0.0746895 0.0199065 9.9991E-05
0.0615745 0.211737 0.617713 0.0957384 0.0131373 9.9991E-05
9.9991E-05 0.306562 0.518041 0.0274614 0.0392563 0.108578
9.9991E-05 0.326219 0.416011 0.132184 0.0177016 0.107784
9.9982E-05 0.298383 0.473782 0.0092494 9.9982E-05 0.218386
9.9982E-05 0.478056 0.196929 0.0699081 9.9982E-05 0.254906
9.9982E-05 0.412631 0.329617 0.0997808 9.9982E-05 0.157771
0.131764 0.205414 0.628502 0.00673586 9.9991E-05 0.0274844
0.0643811 0.194201 0.626209 0.0830781 9.9991E-05 0.032031
0.189749 0.313256 0.480039 0.00844381 0.00841238 9.9991E-05
0.0670554 0.22663 0.536222 0.107406 9.9991E-05 0.0625872
0.0524374 0.387228 0.434503 0.0339721 0.0917595 9.9991E-05
0.0288437 0.202577 0.610091 0.0204801 9.9991E-05 0.137908
9.9991E-05 0.242097 0.54436 0.135187 0.0297378 0.0485182
0.0798007 0.184719 0.554252 0.0393511 0.105987 0.0358906
0.0764533 0.0184298 0.36352 0.165554 0.375943 9.9991E-05
0.114271 0.00653471 0.485068 0.16063 0.139663 0.0938336
0.0780433 0.0425497 0.416121 0.195374 0.171752 0.0961591
0.0203505 0.0793773 0.547186 0.15745 0.110371 0.0852654
0.0361523 0.00372628 0.463191 0.215127 0.196655 0.085148
0.203514 0.2433 0.50915 0.0364143 9.9991E-05 0.00752113
9.9991E-05 0.0708397 0.59547 0.129713 0.194188 0.00968885
0.429458 9.9991E-05 0.0495799 0.157355 0.275196 0.0883116
0.119273 0.0643164 0.509659 0.15309 0.153561 9.9991E-05
0.130708 9.9991E-05 0.633407 0.0900767 0.109943 0.0357651
0.105708 0.0987504 0.378505 0.276809 0.000955138 0.139273
0.190195 0.104783 0.202931 0.155869 0.182081 0.164142
0.0991191 0.0169779 0.612214 0.0638873 0.18078 0.0270219
0.201375 9.9982E-05 0.548228 0.112908 0.137289 9.9982E-05
0.336317 9.9973E-05 9.9973E-05 0.186852 0.476531 9.9973E-05
0.130432 9.9991E-05 0.513853 0.157402 0.180812 0.0174008
0.078441 0.00399067 0.544035 0.236762 0.136671 9.9991E-05
0.120847 0.0691232 0.476933 0.207413 0.0579398 0.0677444
0.082735 9.9982E-05 0.545427 0.21216 0.159478 9.9982E-05
0.0976231 0.0837577 0.427273 0.242815 0.123783 0.024749
0.255621 0.118966 0.475809 0.0522865 0.0110656 0.0862524
0.133726 0.149687 0.630561 0.0485781 0.00346477 0.0339841
0.615756 0.0910452 0.0728053 9.9982E-05 9.9982E-05 0.220194
0.758372 0.0386764 0.0751295 9.9982E-05 9.9982E-05 0.127622
0.17011 0.206449 0.480432 0.0804211 0.0423792 0.0202086
0.232089 9.9982E-05 0.377036 0.269986 0.120689 9.9982E-05
0.262741 9.9982E-05 0.292473 0.361885 0.0827017 9.9982E-05
0.31729 9.9991E-05 0.143299 0.330144 0.1326 0.0765679
0.189628 0.0236163 0.312416 0.322613 0.140307 0.0114196
0.700648 9.9982E-05 0.178252 0.0611955 0.0597039 9.9982E-05
0.621104 9.9982E-05 0.27042 0.026279 0.0819964 9.9982E-05
0.225591 9.9991E-05 0.584122 0.092364 0.00717636 0.090647
0.276278 9.9991E-05 0.475065 0.154044 0.0269426 0.0675697
0.585185 0.0318386 0.223188 0.127624 0.0320644 9.9991E-05
0.196345 0.00415708 0.556026 0.0845282 0.0905832 0.0683603
0.291788 0.0686891 0.577624 0.0616979 9.9982E-05 9.9982E-05
0.175712 0.126976 0.478931 0.0965305 0.0864679 0.0353818
0.445021 0.0547603 0.323244 9.9982E-05 9.9982E-05 0.176775
0.339943 0.0959368 0.407349 0.0156412 9.9991E-05 0.14103
0.338516 0.0499001 0.526767 0.0578044 0.0269125 9.9991E-05
0.343635 0.131352 0.500585 9.9991E-05 0.0127594 0.0115693
0.238516 0.132155 0.41396 0.0998732 0.0743327 0.0411634
0.418104 9.9982E-05 0.544598 0.00988689 9.9982E-05 0.0272114
0.591098 0.0568785 0.288688 9.9982E-05 9.9982E-05 0.0631357
0.139294 0.009575 0.600563 0.00588736 0.0262927 0.218388
0.514422 9.9973E-05 0.314119 9.9973E-05 9.9973E-05 0.17116
0.49443 9.9973E-05 0.497924 0.00734524 9.9973E-05 9.9973E-05
0.194821 0.0681112 0.576538 0.029062 0.0778056 0.0536618
0.294206 0.0917088 0.416715 0.090979 9.9991E-05 0.10629
0.142212 0.0370081 0.445578 0.205929 0.169173 9.9991E-05
0.16205 0.0797854 0.368916 0.176241 0.157406 0.0556013
0.167287 0.0346242 0.39879 0.271496 0.127702 9.9991E-05
0.138135 0.148747 0.303262 0.284463 0.125293 9.9991E-05
0.0790219 0.0351378 0.442306 0.19098 0.139663 0.112892
0.230339 0.0254008 0.446072 0.178389 0.119699 9.9991E-05
0.605443 0.0310673 9.9991E-05 0.177841 0.172758 0.0127909
0.114352 0.0438248 0.582727 0.201339 0.0576575 9.9991E-05
0.509265 9.9973E-05 9.9973E-05 0.123563 0.366872 9.9973E-05
0.213051 0.00206169 0.519199 0.21726 0.0483284 9.9991E-05
0.6012 9.9973E-05 0.161566 9.9973E-05 9.9973E-05 0.236934
0.616145 9.9964E-05 9.9964E-05 9.9964E-05 9.9964E-05 0.383455
0.299635 9.9973E-05 0.526087 9.9973E-05 9.9973E-05 0.173978
0.24764 9.9973E-05 0.672085 9.9973E-05 9.9973E-05 0.0799748
0.428361 0.0333276 0.428287 9.9982E-05 9.9982E-05 0.109824
0.30721 9.9973E-05 0.532795 9.9973E-05 9.9973E-05 0.159695
0.327577 0.0191406 0.589834 0.0165033 9.9991E-05 0.0468443
0.0584049 9.9991E-05 0.0698953 0.0781202 0.787298 0.00618177
0.0168756 0.115053 9.9982E-05 0.145865 0.722006 9.9982E-05
9.9973E-05 0.0392207 9.9973E-05 0.0686627 0.891817 9.9973E-05
9.9964E-05 9.9964E-05 0.0797655 9.9964E-05 0.919835 9.9964E-05
9.9991E-05 0.0384024 0.50482 0.0748197 0.0778751 0.303983
9.9991E-05 0.0070281 0.409044 0.0645844 0.100781 0.418463
9.9973E-05 9.9973E-05 0.553812 9.9973E-05 0.0103211 0.435567
9.9991E-05 0.0997782 0.62221 0.0211189 0.0817001 0.175093
0.0880986 0.0767624 0.494378 0.112731 0.00290633 0.225124
0.101178 0.064587 0.225259 9.9991E-05 0.0496334 0.559243
9.9973E-05 9.9973E-05 0.602358 0.0119866 9.9973E-05 0.385355
0.203577 9.9982E-05 0.339525 9.9982E-05 0.0142391 0.442459
9.9991E-05 0.128694 0.480378 0.135783 0.207335 0.0477115
0.132115 0.106239 0.406296 0.0760325 9.9991E-05 0.279218
9.9991E-05 0.100005 0.307968 0.00261486 0.0189756 0.570337
9.9973E-05 9.9973E-05 0.513686 0.0917801 9.9973E-05 0.394234
9.9982E-05 0.0792651 0.386243 0.0212395 9.9982E-05 0.513053
0.0129065 9.9991E-05 0.549466 0.0498762 0.00738038 0.380271
9.9973E-05 9.9973E-05 0.580468 9.9973E-05 0.0993893 0.319842
0.0634368 9.9973E-05 0.0576702 9.9973E-05 9.9973E-05 0.878593
0.15782 9.9991E-05 0.233033 0.0329334 0.0048082 0.571305
9.9991E-05 0.0183129 0.254425 0.00398792 0.0229723 0.700202
0.20933 9.9964E-05 9.9964E-05 9.9964E-05 9.9964E-05 0.79027
9.9991E-05 0.100952 0.414359 0.0151901 0.00579936 0.463599
0.26131 9.9973E-05 0.1263 9.9973E-05 9.9973E-05 0.612089
0.222711 9.9964E-05 9.9964E-05 9.9964E-05 9.9964E-05 0.776889
9.9982E-05 0.0124154 0.590912 9.9982E-05 0.0736851 0.322787
0.0375667 0.11126 0.204169 9.9991E-05 0.0319801 0.614924
0.0108561 0.0961137 0.411834 0.0411011 0.00510449 0.434991
0.0146915 0.0111892 0.497874 0.0548981 0.171175 0.250172
0.0446734 0.0887881 0.519727 0.0117361 9.9991E-05 0.334975
0.236563 0.339516 0.338517 0.0852043 9.9982E-05 9.9982E-05
9.9991E-05 0.0208561 0.575674 0.0272634 0.0143732 0.361733
9.9991E-05 0.0807486 0.494797 0.0176302 0.0289266 0.377798
0.0313091 9.9973E-05 0.340485 9.9973E-05 9.9973E-05 0.627906
0.0199023 0.0223357 0.558344 9.9991E-05 0.0919543 0.307364
0.0843541 0.243111 0.0121415 9.9991E-05 0.640668 0.0196253
9.9982E-05 0.134313 0.0497743 9.9982E-05 0.759578 0.056134
0.0575448 0.091325 9.9973E-05 9.9973E-05 0.85083 9.9973E-05
0.0149277 0.143774 9.9982E-05 9.9982E-05 0.806973 0.0341254
0.0225796 0.237062 0.0271477 9.9982E-05 0.713011 9.9982E-05
9.9991E-05 0.100306 0.127355 0.0223194 0.0223264 0.727594
0.0524396 0.0395506 0.0792324 9.9991E-05 0.09402 0.734657
0.141126 9.9973E-05 0.123965 9.9973E-05 9.9973E-05 0.734608
0.106664 0.0298547 0.562226 0.121851 0.0764701 0.102935
0.0931271 0.0656519 0.545279 0.0213252 0.0998905 0.174726
0.00685182 9.9982E-05 0.267653 9.9982E-05 0.0491185 0.676177
0.0631596 9.9991E-05 0.611705 0.0522331 0.00888243 0.26392
9.9982E-05 9.9982E-05 0.31331 0.059731 0.0545427 0.572216
0.0616993 0.0421529 0.604411 9.9991E-05 0.00940905 0.282228
0.0221729 0.103734 0.677705 9.9991E-05 0.0443375 0.151951
0.031359 0.127141 0.196991 0.0132146 9.9991E-05 0.631194
9.9973E-05 0.0610982 0.359077 9.9973E-05 9.9973E-05 0.579525
9.9973E-05 0.132809 0.284261 9.9973E-05 9.9973E-05 0.58263
0.186399 0.0608605 0.664108 9.9982E-05 0.0884321 9.9982E-05
9.9973E-05 9.9973E-05 0.42554 9.9973E-05 0.0268324 0.547328
9.9991E-05 0.00667206 0.457455 0.0143589 0.0883531 0.433061
9.9991E-05 0.0297229 0.423717 0.407707 0.108056 0.0306971
0.016723 0.0166624 0.293349 0.438585 0.158581 0.0760992
0.0403617 9.9982E-05 0.406211 0.450812 0.102416 9.9982E-05
0.00645973 9.9982E-05 0.304565 0.542261 0.146515 9.9982E-05
0.039103 0.0379594 0.448366 0.335379 0.113852 0.0253405
0.149541 9.9991E-05 0.497269 0.0347301 0.0515474 0.266812
0.0553993 9.9982E-05 0.0269373 0.651569 0.265894 9.9982E-05
9.9991E-05 0.00922359 0.241877 0.533218 0.190319 0.0252627
0.131685 0.0389123 0.427162 0.202948 0.133902 0.06539
0.20725 9.9973E-05 0.628432 9.9973E-05 0.164018 9.9973E-05
0.275889 0.065219 0.546095 9.9991E-05 0.107973 0.00472347
0.165531 0.0567311 0.589424 0.0420516 0.146163 9.9991E-05
0.102909 9.9991E-05 0.542639 0.00548952 0.141424 0.207438
0.023905 9.9982E-05 0.32788 0.462631 0.185384 9.9982E-05
0.029588 0.0265911 0.367055 0.391026 0.18564 9.9991E-05
0.0818706 9.9982E-05 0.389111 0.465623 0.0631954 9.9982E-05
0.0260766 0.068863 0.456145 0.272523 0.138456 0.0379364
0.0954578 9.9982E-05 0.312383 0.497288 0.0946706 9.9982E-05
9.9982E-05 9.9982E-05 0.409303 0.31502 0.0950088 0.180468
0.134584 9.9991E-05 0.117168 0.625414 0.0429847 0.0797492
0.0224547 0.0857378 0.483935 0.344415 0.0633577 9.9991E-05
0.238272 0.0224693 0.568461 9.9991E-05 0.0900241 0.0806731
9.9991E-05 0.146302 0.246352 0.434634 0.117871 0.0547415
9.9973E-05 9.9973E-05 0.181332 0.612612 0.205756 9.9973E-05
0.0123928 0.106487 0.216674 0.388542 0.102543 0.173361
0.249117 0.180524 0.263946 9.9991E-05 0.178811 0.127502
0.257741 0.0402205 0.546915 0.103791 9.9991E-05 0.0512324
0.0562594 0.0992615 0.294907 0.324404 0.225068 9.9991E-05
0.165465 0.0913163 0.633205 9.9982E-05 0.109813 9.9982E-05
0.156045 0.0415084 0.518471 9.9991E-05 0.214708 0.0691683
0.0801883 0.00991374 0.313438 0.280196 0.179816 0.136448
0.0907162 0.00937731 0.35067 0.247674 0.271615 0.029947
0.0650999 0.0847787 0.527494 0.146254 0.049716 0.126657
9.9991E-05 0.0566101 0.352301 0.422294 0.0805633 0.0881308
0.0790781 9.9991E-05 0.24372 0.538938 0.113345 0.0248186
0.0596772 9.9982E-05 0.0968373 0.633766 0.20952 9.9982E-05
0.049968 0.0629659 0.611008 0.0341105 0.134851 0.107096
0.139674 0.101338 0.483372 9.9991E-05 0.195206 0.0803099
0.619204 9.9982E-05 0.258095 0.00370442 0.118797 9.9982E-05
0.0225159 0.0368809 0.616406 0.0573652 0.111542 0.15529
0.148215 0.189031 0.453566 9.9991E-05 0.064309 0.144778
0.121912 9.9991E-05 0.467228 0.157354 0.204139 0.0492664
0.157571 9.9991E-05 0.556228 0.0224708 0.093861 0.169769
0.467868 9.9973E-05 9.9973E-05 0.227161 0.304671 9.9973E-05
0.606472 9.9973E-05 9.9973E-05 0.083968 0.30926 9.9973E-05
0.395885 0.0281332 0.319923 0.110968 0.144991 9.9991E-05
0.43673 9.9982E-05 0.0022915 0.228912 0.331866 9.9982E-05
0.342907 9.9973E-05 9.9973E-05 0.214538 0.442255 9.9973E-05
0.231959 0.0546646 0.285519 0.19018 0.131177 0.1065
0.194079 9.9991E-05 0.402671 0.10879 0.275805 0.0185562
0.273428 9.9991E-05 0.199875 0.165495 0.296753 0.0643497
0.450307 9.9982E-05 0.0601089 0.21248 0.276904 9.9982E-05
0.179555 0.0716425 0.493428 0.1133 0.141974 9.9991E-05
0.39263 9.9991E-05 0.152122 0.123571 0.237998 0.0935791
0.504673 9.9973E-05 9.9973E-05 0.0478694 0.447158 9.9973E-05
0.177778 0.0525452 0.465677 0.169914 0.125966 0.00812002
0.224352 0.0617187 0.296053 0.228442 0.188892 0.000542765
9.9991E-05 0.0169887 0.424399 0.132406 0.334504 0.0916021
9.9973E-05 9.9973E-05 0.513363 0.300776 0.185561 9.9973E-05
9.9991E-05 0.0612148 0.495801 0.2199 0.143574 0.0794111
0.0373882 9.9991E-05 0.483581 0.265942 0.130163 0.0828248
0.0236468 0.00663344 0.338451 0.228572 0.360201 0.0424959
9.9991E-05 0.0364044 0.533978 0.134115 0.235273 0.0601288
9.9982E-05 9.9982E-05 0.400052 0.296103 0.227518 0.0761269
0.107673 0.00921684 0.367338 0.232646 0.267182 0.0159442
0.0144276 0.0918983 0.232887 0.168139 0.146519 0.34613
0.130687 0.0802131 0.48606 0.125131 0.177671 0.000238251
0.104346 0.041285 0.558266 0.061604 0.234399 9.9991E-05
0.0261768 0.00884978 0.564786 0.116614 0.110352 0.173221
0.0607852 9.9982E-05 0.37394 0.208291 0.356785 9.9982E-05
0.00932371 9.9982E-05 0.509744 0.210585 0.270148 9.9982E-05
0.281795 9.9982E-05 0.142246 0.186264 0.389496 9.9982E-05
0.0334693 0.0259371 0.517004 0.199971 0.223518 9.9991E-05
0.189559 9.9982E-05 0.232188 0.294156 0.283897 9.9982E-05
0.0340104 0.0654848 0.00186329 9.9991E-05 0.80576 0.0927811
0.0016282 0.84168 0.0808316 0.0406922 0.0350679 9.9991E-05
9.99708E-05 0.968114 9.99708E-05 9.99708E-05 0.0314857 9.99708E-05
9.9964E-05 0.973003 9.9964E-05 9.9964E-05 0.0265973 9.9964E-05
9.9964E-05 0.980338 0.019262 9.9964E-05 9.9964E-05 9.9964E-05
9.9973E-05 0.93564 0.0606784 0.00338191 9.9973E-05 9.9973E-05
9.9964E-05 0.914171 0.0854289 9.9964E-05 9.9964E-05 9.9964E-05
9.9964E-05 0.958136 9.9964E-05 9.9964E-05 0.0414643 9.9964E-05
9.9964E-05 0.795875 9.9964E-05 9.9964E-05 0.203725 9.9964E-05
9.9982E-05 0.0393081 0.0119043 0.0627147 0.885873 9.9982E-05
9.9982E-05 0.149866 0.0306523 0.028529 0.790753 9.9982E-05
0.00313728 0.0112443 0.0317145 0.044966 0.888349 0.0205885
0.0395147 0.123062 0.0160245 9.9982E-05 0.821199 9.9982E-05
9.9973E-05 0.0263982 9.9973E-05 0.0697368 0.903565 9.9973E-05
0.0290588 0.0152962 9.9982E-05 9.9982E-05 0.929993 0.0254524
0.0151261 0.0599751 0.0377073 0.168672 0.695669 0.0228501
9.9982E-05 9.9982E-05 0.0233699 0.0756024 0.857617 0.0432104
9.9982E-05 0.18379 9.9982E-05 0.0819502 0.660146 0.0739132
9.9973E-05 9.9973E-05 9.9973E-05 0.0660013 0.898064 0.035635
9.9973E-05 0.00902446 9.9973E-05 9.9973E-05 0.95073 0.0399458
0.0300814 0.0366359 9.9991E-05 0.0931926 0.827653 0.012337
9.9982E-05 0.00687145 0.00363159 0.0493284 0.939969 9.9982E-05
0.0252609 9.9973E-05 0.0608469 9.9973E-05 0.913592 9.9973E-05
9.9991E-05 0.0193439 0.042427 0.0584866 0.859347 0.0202958
9.9973E-05 9.9973E-05 0.131543 0.0257109 0.842446 9.9973E-05
9.9973E-05 9.9973E-05 0.0932678 0.142939 0.763493 9.9973E-05
9.9973E-05 9.9973E-05 0.125629 0.114777 0.759294 9.9973E-05
9.9973E-05 9.9973E-05 0.111225 0.0858491 0.802626 9.9973E-05
0.312893 0.0424492 0.443387 9.9991E-05 0.196459 0.00471176
0.172965 0.0697859 0.670399 9.9982E-05 0.0866494 9.9982E-05
0.0184141 0.0666153 0.576818 0.0885383 0.0807724 0.168841
0.680214 9.9991E-05 0.185977 0.0206054 0.0806169 0.0324862
0.23795 0.0738848 0.527746 0.0194079 0.112185 0.0288266
0.725775 9.9973E-05 0.139872 9.9973E-05 0.134053 9.9973E-05
0.158979 9.9991E-05 0.634459 0.0786977 0.0982979 0.0294664
0.161294 0.158687 0.472824 9.9991E-05 0.0726402 0.134455
0.278671 0.0134898 0.561323 0.000401205 0.0943937 0.0517213
0.032381 9.9991E-05 0.567715 0.0145725 0.0887303 0.296501
0.165555 0.144535 0.460547 9.9991E-05 0.093366 0.135897
0.164369 0.0244122 0.690266 9.9991E-05 0.0660725 0.05478
0.0897789 0.160455 0.601526 9.9991E-05 0.111452 0.0366877
0.214095 0.526017 0.0713459 0.0743501 9.9991E-05 0.114093
0.843452 0.0613708 0.00426684 9.9991E-05 0.0502234 0.0405866
0.717215 0.00302337 0.197068 9.9982E-05 0.0824939 9.9982E-05
0.128029 0.104336 0.674103 0.0238543 0.0695772 9.9991E-05
0.273933 0.0139128 0.581229 9.9982E-05 0.130725 9.9982E-05
0.282261 9.9982E-05 0.577884 9.9982E-05 0.129592 0.0100634
0.152657 9.9982E-05 0.626332 9.9982E-05 0.108413 0.112398
0.0511338 0.00728257 0.554024 0.160496 0.192973 0.0340906
0.0123363 0.114378 0.560786 0.185112 0.127287 9.9991E-05
0.116338 0.154395 0.0708727 0.24463 0.360294 0.0534699
0.00192805 0.0611506 0.682335 9.9991E-05 0.151229 0.103257
0.068681 0.0963238 0.404383 0.144247 0.211131 0.0752341
0.407308 9.9973E-05 9.9973E-05 0.142558 0.449834 9.9973E-05
0.187413 9.9991E-05 0.363381 0.182606 0.241768 0.0247319
0.0215141 0.0783825 0.271315 0.186676 0.37033 0.0717818
9.9991E-05 0.130966 0.428251 0.129609 0.304167 0.00690598
0.0606844 0.157469 0.497871 0.156436 0.127439 9.9991E-05
0.136259 9.9982E-05 0.519937 0.108455 0.235149 9.9982E-05
0.014946 0.0624727 0.490554 0.147233 0.199685 0.0851092
0.19419 0.0302397 0.437633 0.244334 0.0935036 9.9991E-05
9.9982E-05 9.9982E-05 0.337583 0.130142 0.476113 0.0559622
