0.0338933 0.921016 9.9991E-05 0.00692227 0.0380689
0.0214971 0.978203 9.9973E-05 9.9973E-05 9.9973E-05
0.0334847 0.890948 9.9991E-05 0.0751249 0.000342714
9.9973E-05 0.84911 9.9973E-05 0.15059 9.9973E-05
9.9973E-05 0.931919 9.9973E-05 0.0677806 9.9973E-05
0.0709166 0.689742 0.0997753 0.10659 0.0329762
0.0621946 0.846222 0.091383 9.9982E-05 9.9982E-05
0.105151 0.746809 0.107323 9.9991E-05 0.0406163
0.155001 0.844699 9.99729E-05 9.99729E-05 9.99729E-05
0.074164 0.787191 0.0704106 0.0681348 9.9991E-05
0.0482175 0.776145 0.069819 0.105719 9.9991E-05
0.555509 0.0250777 0.108114 0.268404 0.042895
0.269364 0.0569275 0.022607 0.564268 0.0868337
0.4864 0.0215753 0.105194 0.283463 0.103368
0.527552 0.0206133 0.0146579 0.289862 0.147315
0.306138 0.0938241 0.0160606 0.47325 0.110728
0.224541 0.0440054 0.0675547 0.556488 0.10741
0.358883 0.0101596 0.0680377 0.507967 0.0549532
0.403327 0.155029 0.0781532 0.296333 0.0671576
0.744971 0.0175469 0.131673 0.100315 0.00549473
0.315595 0.0267602 0.126884 0.508407 0.0223541
0.161893 0.00718397 0.277029 0.462427 0.0914673
0.196642 0.0279192 0.0840945 0.65054 0.0408043
0.483166 0.0534725 0.0939234 0.321169 0.0482692
0.0376365 0.122059 0.0660303 0.697638 0.0766362
0.273577 0.0366794 0.0430475 0.573163 0.0735337
0.541001 0.0402119 0.0925462 0.304572 0.0216685
0.494359 0.0463555 0.0443928 0.321598 0.0932941
0.533569 0.00484339 0.175818 0.285669 9.9991E-05
9.9973E-05 0.906707 9.9973E-05 0.0929935 9.9973E-05
9.9973E-05 0.8809 9.9973E-05 0.1188 9.9973E-05
0.00986234 0.815781 9.9991E-05 0.0930401 0.0812167
9.9982E-05 0.771782 9.9982E-05 0.178272 0.0497458
0.152346 0.110364 0.153123 0.584067 9.9991E-05
0.123697 0.130656 0.0850776 0.612943 0.0476263
0.0470464 0.0120251 0.235766 0.705063 9.9991E-05
0.665446 0.0362758 0.0442803 0.24564 0.00835789
0.0418456 9.9991E-05 0.524119 0.428941 0.00499416
0.177534 0.0458126 0.076725 0.637413 0.0625149
9.9982E-05 0.0556744 0.144209 0.799916 9.9982E-05
0.0602608 0.171233 0.169079 0.599327 9.9991E-05
0.0798377 0.10796 0.104263 0.659309 0.0486305
0.359363 9.9982E-05 0.311261 0.329177 9.9982E-05
0.00176065 0.08581 0.212892 0.634928 0.0646095
0.0512864 0.095107 0.122648 0.660151 0.0708074
0.0553891 0.113667 0.116083 0.625949 0.088912
0.0439977 9.9982E-05 0.449522 0.506281 9.9982E-05
0.0566173 0.102138 0.0831767 0.733799 0.0242691
9.9991E-05 0.156811 0.144877 0.603326 0.0948869
0.137167 0.0142784 0.848354 9.9982E-05 9.9982E-05
0.626604 9.9982E-05 0.140522 0.232674 9.9982E-05
0.249096 0.0108431 0.48785 0.175573 0.0766382
0.167456 0.0811354 0.061594 0.608626 0.0811884
0.128905 0.07064 0.128309 0.605858 0.0662886
0.105877 0.0977979 0.0866774 0.627166 0.0824817
0.534153 0.121455 0.0903358 0.253956 9.9991E-05
0.317125 0.0328353 0.0368605 0.588526 0.0246529
0.078002 0.109816 0.131624 0.625267 0.055292
0.28086 0.124166 0.108044 0.478076 0.00885381
0.508926 0.164453 0.156765 0.158172 0.0116836
0.167576 0.0538372 0.139021 0.580766 0.0587996
0.264951 0.0616247 0.0533671 0.559109 0.0609483
0.603654 0.0738342 0.15764 0.164772 9.9991E-05
0.403786 0.000300161 0.0809546 0.514859 9.9991E-05
0.103481 0.0489386 0.147084 0.61067 0.0898259
0.140667 0.114035 0.0328723 0.695816 0.0166097
0.402191 0.0803951 0.142638 0.307956 0.0668203
0.199341 0.0596494 0.140004 0.499397 0.101608
0.207654 0.0709254 0.0642586 0.607647 0.0495157
0.539199 0.0282225 0.134706 0.277217 0.0206558
0.122416 0.0253064 0.173892 0.678285 9.9991E-05
0.258835 9.9982E-05 0.303109 0.437856 9.9982E-05
0.095672 0.109055 0.122149 0.646036 0.0270889
0.0381247 9.9982E-05 0.748434 0.213241 9.9982E-05
0.0679379 9.9982E-05 0.763457 0.168405 9.9982E-05
0.00123146 9.9982E-05 0.54834 0.450229 9.9982E-05
0.134032 0.0342736 0.21083 0.620764 9.9991E-05
0.00715549 0.124539 0.169017 0.627503 0.071786
0.0407881 9.9982E-05 0.31812 0.640892 9.9982E-05
0.378374 9.9982E-05 0.264738 0.356688 9.9982E-05
0.255515 9.9982E-05 0.292065 0.452219 9.9982E-05
0.120605 0.0612153 0.153756 0.579171 0.0852522
0.215237 0.00195274 0.2452 0.53751 9.9991E-05
0.159173 0.00637258 0.219277 0.615078 9.9991E-05
0.0405238 9.9982E-05 0.36155 0.597726 9.9982E-05
0.0806203 0.00108117 0.855987 0.062211 9.9991E-05
9.9991E-05 0.0281317 0.230898 0.685558 0.0553126
0.0531856 0.858155 9.9982E-05 0.0884595 9.9982E-05
9.9982E-05 0.918682 9.9982E-05 0.0556459 0.025472
9.9982E-05 0.871216 9.9982E-05 0.0786375 0.0499468
9.9982E-05 0.948282 9.9982E-05 0.0101489 0.0413687
0.00669294 0.95702 9.9982E-05 9.9982E-05 0.036087
0.0084167 0.872248 9.9991E-05 0.056776 0.0624592
9.9973E-05 0.933238 9.9973E-05 0.0664616 9.9973E-05
0.130325 0.0646332 0.0975252 0.639224 0.0682927
0.0415248 0.154374 0.101971 0.647007 0.0551239
0.361025 9.9982E-05 0.417604 0.221171 9.9982E-05
0.0951635 0.0750552 0.161434 0.614243 0.0541034
0.232211 0.00851649 0.226776 0.532397 9.9991E-05
0.120986 0.0726155 0.141204 0.665095 9.9991E-05
0.0408127 0.0294034 0.254811 0.649265 0.0257088
0.107295 0.0109552 0.241474 0.608511 0.031764
0.454255 9.9982E-05 0.363515 0.18203 9.9982E-05
0.152039 0.132648 0.103909 0.588255 0.0231495
0.0219548 0.0812307 0.108712 0.745368 0.0427341
0.113077 0.0983793 0.104575 0.627823 0.0561458
0.0273538 9.9982E-05 0.529606 0.44284 9.9982E-05
9.9982E-05 9.9982E-05 0.330746 0.656752 0.0123022
0.184002 0.0141349 0.169765 0.631999 9.9991E-05
0.0397548 9.9982E-05 0.380606 0.579439 9.9982E-05
0.215736 0.0270836 0.16691 0.59017 9.9991E-05
0.132735 0.090127 0.11773 0.634412 0.0249957
0.364342 0.0130402 0.24427 0.276709 0.101639
0.344282 0.0830953 0.0696634 0.50286 9.9991E-05
0.149673 0.128924 0.0666822 0.59104 0.0636814
0.116819 0.12165 0.0697923 0.612316 0.0794233
0.341328 0.03875 0.0534193 0.515302 0.0512011
0.25008 0.037692 0.0218454 0.628469 0.061914
0.429709 0.0549371 9.9991E-05 0.511868 0.0033852
0.107711 0.0857697 0.164399 0.575359 0.0667617
0.221415 0.0838577 0.0141372 0.603052 0.0775381
0.261056 0.0634768 0.0305606 0.601941 0.0429657
0.290918 0.0457225 0.0226358 0.640254 0.000470155
0.137547 0.0513651 0.0782482 0.643304 0.0895355
0.0814146 0.145415 0.0600217 0.628724 0.0844246
0.181562 9.9991E-05 0.115 0.590112 0.113226
0.0810461 0.105406 0.0913681 0.645788 0.076392
0.174149 0.0097923 0.126182 0.600648 0.0892296
0.205353 0.103744 0.260827 0.337284 0.0927912
0.216205 0.0470843 0.0174327 0.639791 0.0794869
0.149176 0.072888 0.0481557 0.652957 0.076824
0.625733 0.015673 0.0651964 0.271012 0.0223855
0.328111 9.9991E-05 0.426205 0.166026 0.0795577
0.231588 0.11235 0.0600193 0.595943 9.9991E-05
0.348662 9.9991E-05 0.513477 0.0857942 0.0519667
0.541825 0.00713009 0.0478014 0.403144 9.9991E-05
0.441898 9.9991E-05 0.0239295 0.529472 0.00460009
0.514012 0.012945 0.0453655 0.411706 0.015971
0.561862 9.9991E-05 0.043198 0.370752 0.0240879
0.218592 0.0844417 0.0426433 0.647079 0.00724399
0.182257 0.0729576 0.0683248 0.611597 0.0648635
0.177205 0.0573738 0.0525702 0.646133 0.0667173
0.376026 9.9991E-05 0.363485 0.214107 0.0462815
0.0886441 0.147978 0.11357 0.59344 0.0563677
0.00354519 0.105401 0.306148 0.490281 0.0946244
0.0413052 0.194367 0.764128 9.9982E-05 9.9982E-05
9.9991E-05 0.103131 0.141669 0.675438 0.0796621
0.0617013 0.125642 0.431837 0.320042 0.0607779
9.9991E-05 0.135262 0.22622 0.557744 0.0806747
0.0887219 0.133864 0.484391 0.292924 9.9991E-05
0.142862 0.110163 0.628604 0.118271 9.9991E-05
0.0934022 0.0684364 0.344636 0.439147 0.0543788
0.123064 0.0952567 0.203444 0.480873 0.0973621
0.124541 0.165915 0.204871 0.430638 0.0740347
0.104155 0.0760927 0.603753 0.129706 0.0862936
0.0558634 0.0855627 0.174866 0.546557 0.137151
0.067984 9.9982E-05 0.537476 0.39434 9.9982E-05
0.0886224 9.9982E-05 0.387929 0.523248 9.9982E-05
0.0409068 0.150169 0.156611 0.573782 0.0785315
0.0095528 0.403148 0.191385 0.135849 0.260065
9.9982E-05 0.522096 0.329985 9.9982E-05 0.147719
9.9982E-05 0.520984 0.362501 9.9982E-05 0.116315
0.000211538 0.403404 0.252286 0.076397 0.267701
9.9982E-05 0.0187663 0.287846 0.693187 9.9982E-05
0.0476803 0.113349 0.148886 0.664637 0.0254485
0.0154108 9.9982E-05 9.9982E-05 0.301458 0.682931
0.0658704 0.0137064 0.0103299 0.406121 0.503972
0.144278 0.0650618 0.00462344 0.350287 0.435749
0.0449755 0.0182549 0.584274 0.28942 0.0630754
0.0494162 0.15796 0.176871 0.578623 0.0371292
0.133004 9.9991E-05 0.57777 0.280479 0.00864656
0.000646883 0.126409 0.262524 0.605646 0.00477454
0.0473643 0.0783958 0.335783 0.483328 0.0551291
9.9991E-05 0.0421634 0.312253 0.598158 0.0473261
0.00173945 0.0214032 0.71199 0.250303 0.0145644
9.9991E-05 0.0786282 0.184362 0.68801 0.0489003
0.0473787 0.0757072 0.195095 0.599229 0.08259
9.9982E-05 0.00592636 9.9982E-05 0.0207897 0.973084
0.0170047 9.9991E-05 0.00229937 0.0704707 0.910125
0.0662795 0.0609116 0.00308124 0.30039 0.569338
0.0108107 9.9982E-05 9.9982E-05 0.34015 0.648839
0.030039 9.9982E-05 9.9982E-05 0.122423 0.847338
9.997E-05 9.997E-05 9.997E-05 9.997E-05 0.9996
0.0459538 9.9973E-05 9.9973E-05 9.9973E-05 0.953746
9.9973E-05 9.9973E-05 9.9973E-05 0.138032 0.861668
0.0558019 9.9973E-05 9.9973E-05 9.9973E-05 0.943898
9.997E-05 9.997E-05 9.997E-05 9.997E-05 0.9996
9.997E-05 9.997E-05 9.997E-05 9.997E-05 0.9996
0.0145565 0.000929077 9.9991E-05 0.214345 0.770069
0.0438195 0.0291398 9.9991E-05 0.131276 0.795665
9.997E-05 9.997E-05 9.997E-05 9.997E-05 0.9996
0.108186 0.0877104 9.9991E-05 0.389175 0.414828
0.0162685 0.0291579 9.9991E-05 0.285614 0.66886
9.9982E-05 0.0326302 9.9982E-05 0.153953 0.813217
0.00658268 0.0226625 9.9991E-05 0.0803011 0.890354
9.997E-05 9.997E-05 9.997E-05 9.997E-05 0.9996
9.9973E-05 9.9973E-05 9.9973E-05 0.0200707 0.979629
9.997E-05 9.997E-05 9.997E-05 9.997E-05 0.9996
0.020883 0.0514171 0.0265865 0.230837 0.670276
0.0149172 0.00880856 9.9991E-05 0.00635862 0.969816
9.9982E-05 0.33153 0.605178 9.9982E-05 0.0630924
0.0870735 0.24246 0.178901 0.346334 0.145231
9.9991E-05 0.209189 0.253765 0.465926 0.0710199
9.9991E-05 0.24407 0.432507 0.164998 0.158325
0.0213862 0.134611 0.211425 0.46748 0.165098
9.9991E-05 0.27125 0.503874 0.0791363 0.14564
0.0797078 0.189221 0.170496 0.432237 0.128338
9.9991E-05 0.216607 0.314536 0.33325 0.135506
9.9991E-05 0.169965 0.226419 0.428777 0.17474
9.9991E-05 0.203315 0.276447 0.32496 0.195179
0.00427266 0.195765 0.198084 0.424867 0.177011
0.0109105 0.915218 0.00395442 0.0698176 9.9991E-05
9.9982E-05 0.914361 0.0194817 9.9982E-05 0.0659571
0.0258622 0.961821 9.9982E-05 0.0121168 9.9982E-05
0.0214198 0.975011 0.00336933 9.9982E-05 9.9982E-05
0.0247502 0.921413 9.9982E-05 0.0536365 9.9982E-05
9.9973E-05 0.989652 9.9973E-05 0.0100484 9.9973E-05
0.0169068 0.928263 9.9991E-05 0.0400233 0.0147074
0.0606148 0.939085 9.9973E-05 9.9973E-05 9.9973E-05
0.0147414 0.913169 0.0227883 0.0458757 0.00342557
0.0303025 0.92356 0.0066335 0.0171037 0.0224008
0.325365 0.606869 0.0675659 9.9982E-05 9.9982E-05
0.349465 0.621815 0.0285198 9.9982E-05 9.9982E-05
0.35432 0.552228 0.093252 9.9982E-05 9.9982E-05
0.428967 0.47246 0.0983731 9.9982E-05 9.9982E-05
0.223706 0.0640128 0.142213 0.569968 9.9991E-05
0.162281 0.0514305 0.1695 0.604136 0.0126521
0.247843 0.0423493 0.0659619 0.629249 0.0145968
0.349136 9.9982E-05 0.14835 0.502314 9.9982E-05
0.651893 9.9991E-05 0.0699624 0.267433 0.0106116
0.125103 0.049008 0.0696974 0.726172 0.0300195
0.163275 9.9991E-05 0.0835532 0.722327 0.0307447
0.0820025 0.00645524 0.27042 0.620132 0.020991
0.0541221 9.9982E-05 0.389576 0.556102 9.9982E-05
0.101891 0.0793279 0.144209 0.604995 0.0695772
0.156942 0.0170165 0.238023 0.587919 9.9991E-05
0.101196 9.9982E-05 0.752838 0.145767 9.9982E-05
0.205527 0.0582794 0.053705 0.644189 0.0382999
9.9973E-05 9.9973E-05 0.652787 0.346913 9.9973E-05
0.0474161 0.0288534 0.236226 0.680301 0.00720374
0.359383 9.9982E-05 0.323147 0.317269 9.9982E-05
0.794883 0.147778 0.0571384 9.9982E-05 9.9982E-05
0.760924 0.125648 0.0349799 0.0783487 9.9991E-05
0.808506 0.102163 0.0570454 0.0321861 9.9991E-05
0.829998 0.10572 0.064082 9.9982E-05 9.9982E-05
0.811281 0.0569153 9.9982E-05 0.131604 9.9982E-05
0.75696 0.0962309 9.9991E-05 0.106691 0.040018
0.0360328 0.888365 9.9991E-05 0.0477033 0.0277985
0.0398211 0.818695 9.9982E-05 0.141284 9.9982E-05
0.0146744 0.791709 0.00826157 0.136236 0.0491194
0.0379615 0.861302 9.9991E-05 0.0489444 0.0516919
0.034974 0.791951 9.9991E-05 0.120171 0.052804
0.564432 0.406226 0.0291422 9.9982E-05 9.9982E-05
0.531164 0.441341 0.0228005 9.9991E-05 0.00459541
0.537629 0.437384 9.9982E-05 9.9982E-05 0.0247874
0.0135299 0.873802 9.9982E-05 0.112468 9.9982E-05
0.578522 0.390658 0.0306205 9.9982E-05 9.9982E-05
9.9991E-05 0.299411 0.104264 0.260325 0.3359
0.0247391 0.185634 0.0273962 0.559042 0.203189
9.9982E-05 0.191934 9.9982E-05 0.525427 0.28244
9.9991E-05 0.280259 0.125522 0.291319 0.302799
0.134076 0.146931 0.0313158 0.515406 0.172271
9.9982E-05 0.470499 0.232498 9.9982E-05 0.296803
0.399169 9.9982E-05 0.101617 0.499014 9.9982E-05
0.207936 9.9991E-05 0.273656 0.472479 0.0458288
0.561287 0.00979386 0.0682613 0.360558 9.9991E-05
0.172105 9.9991E-05 0.230524 0.562827 0.034444
0.337191 9.9973E-05 0.662509 9.9973E-05 9.9973E-05
0.170772 0.0698009 0.0824593 0.592369 0.0845983
0.170487 0.0179853 0.200711 0.504942 0.105875
0.460616 0.0348136 0.0891992 0.415271 9.9991E-05
0.169589 0.0794784 0.0828293 0.584283 0.0838197
0.313205 9.9982E-05 0.482039 0.204556 9.9982E-05
0.161393 0.00114274 0.179927 0.611111 0.0464265
0.329053 0.0130025 0.0731545 0.572843 0.0119468
0.0872288 0.10339 0.165745 0.465499 0.178137
0.239438 9.9991E-05 0.325519 0.387722 0.0472206
0.21605 9.9991E-05 0.281007 0.426739 0.0761043
0.165352 9.9991E-05 0.13696 0.623275 0.074312
0.19157 9.9991E-05 0.186901 0.600821 0.0206083
0.0927873 0.0424091 0.118111 0.674927 0.0717657
0.176837 0.0902931 0.097331 0.591751 0.0437875
0.216534 0.0829467 0.038992 0.606827 0.0547005
9.9982E-05 0.859068 9.9982E-05 0.117622 0.0231094
9.9973E-05 0.880733 9.9973E-05 0.118967 9.9973E-05
0.0226626 0.891306 0.0131666 0.0727646 9.9991E-05
0.0183679 0.927428 9.9991E-05 0.0220609 0.0320435
9.9973E-05 0.922908 9.9973E-05 0.0767918 9.9973E-05
0.640494 0.04427 0.107499 0.177089 0.0306475
0.2008 0.0274981 0.12306 0.569436 0.0792058
0.0660626 0.219421 0.0406873 0.439935 0.233894
0.221845 0.0304683 0.00309654 0.66999 0.0745999
0.377028 9.9982E-05 9.9982E-05 0.561968 0.0608043
0.308819 9.9991E-05 0.350403 0.301989 0.038689
0.800382 0.0636168 0.0876573 0.0482442 9.9991E-05
0.376905 0.0534622 9.99935E-05 0.552093 0.0174396
0.646798 0.0180934 0.00135142 0.263955 0.0698017
0.17015 0.025027 0.230637 0.532483 0.0417042
0.667479 0.0799988 0.0440207 0.200568 0.00793353
0.260571 0.0740617 9.9991E-05 0.583941 0.0813263
0.643205 0.0361037 0.108729 0.192593 0.0193686
0.309531 0.0213371 0.275308 0.263476 0.130349
0.11226 0.0715256 0.221017 0.522243 0.0729539
0.0452535 0.06422 0.555786 0.33464 9.9991E-05
9.9991E-05 0.0869819 0.325718 0.56515 0.0220499
0.078282 0.12326 0.17764 0.581158 0.0396599
0.014666 0.0466388 0.623102 0.315494 9.9991E-05
0.089896 0.0658777 0.169231 0.553282 0.121713
0.0135489 0.108097 0.324512 0.553742 9.9991E-05
0.0574523 9.9982E-05 0.759137 0.183211 9.9982E-05
9.9982E-05 0.0575504 0.701686 0.240564 9.9982E-05
0.0751179 0.0648062 0.370475 0.489501 9.9991E-05
0.078775 0.00620534 0.779508 0.135411 9.9991E-05
0.0728893 0.0103481 0.424126 0.470925 0.0217113
0.737261 9.9991E-05 0.0337309 0.199588 0.0293193
0.356634 9.9991E-05 0.348764 0.192089 0.102414
0.466364 0.019646 9.9991E-05 0.426801 0.0870898
0.266506 0.0419733 0.0389441 0.575168 0.0774085
0.647612 9.9991E-05 0.0431682 0.28118 0.0279402
0.171676 0.0652266 0.130353 0.538665 0.09408
0.249756 0.0629815 0.0114068 0.633662 0.0421933
0.266329 0.0349136 0.125365 0.522382 0.0510098
0.309538 9.9991E-05 0.0721391 0.50462 0.113604
0.448507 0.00162775 9.9991E-05 0.500123 0.0496425
0.578555 9.9991E-05 0.0376552 0.342567 0.0411221
0.441801 9.9991E-05 0.0386689 0.451716 0.0677151
0.17999 9.9991E-05 0.125769 0.605141 0.0889998
0.135645 0.0582299 0.112222 0.595761 0.0981422
0.259414 0.0599465 0.207625 0.37936 0.0936547
0.225735 9.9991E-05 0.150918 0.501733 0.121513
0.517259 9.9991E-05 0.0182438 0.404841 0.0595559
0.255399 0.0278365 0.0597722 0.580568 0.0764244
0.361826 0.0141666 0.0352646 0.488095 0.100648
0.197638 0.109057 0.080184 0.545851 0.0672694
0.0488248 0.353999 9.9991E-05 0.467277 0.129799
0.0724663 0.139282 0.0671143 0.532837 0.1883
0.0990157 0.12372 0.126423 0.436668 0.214173
9.9991E-05 0.141585 0.12432 0.543491 0.190504
0.0102255 0.191051 0.0941535 0.467539 0.237031
0.194395 9.9991E-05 0.254622 0.518773 0.0321099
0.0842284 0.134102 0.121296 0.470935 0.189438
0.085722 0.229332 0.441357 0.013924 0.229665
0.0835433 0.115969 0.0670245 0.542347 0.191116
0.0673057 0.149641 0.0351279 0.5339 0.214025
0.067442 0.0889632 0.143547 0.478875 0.221173
0.091514 0.198415 0.293125 0.263248 0.153698
0.0650217 0.1964 0.0228825 0.600898 0.114798
0.00229669 0.165095 0.0965944 0.543523 0.19249
9.9982E-05 0.512935 0.351362 9.9982E-05 0.135502
0.0595279 0.193738 0.0306073 0.510439 0.205688
0.0205925 0.173882 0.074664 0.505473 0.225389
0.0640852 0.116549 0.076693 0.608917 0.133756
9.9991E-05 0.202653 0.030484 0.55135 0.215412
0.0296389 0.202851 0.0660802 0.5574 0.144029
0.0614174 0.0433081 0.350601 0.485436 0.059238
0.0758328 0.123229 0.210294 0.538255 0.0523888
0.089832 9.9991E-05 0.880781 0.0194803 0.00980678
0.0898943 9.9991E-05 0.851286 0.050719 0.00800081
0.036337 0.10462 0.270368 0.525415 0.0632591
9.9991E-05 0.171308 0.162138 0.338097 0.328357
9.9991E-05 0.192022 0.155115 0.359119 0.293644
9.9991E-05 0.174028 0.292555 0.186294 0.347023
9.9991E-05 0.165961 0.185423 0.363396 0.28512
9.9991E-05 0.108336 0.689471 0.114521 0.0875728
9.9991E-05 0.0883944 0.635117 0.170542 0.105846
0.0149707 0.0155377 0.277042 0.589927 0.102523
9.9991E-05 0.0555578 0.350946 0.423926 0.169471
0.026985 0.0655616 0.547829 0.247427 0.112198
0.0787902 0.065853 0.212145 0.554078 0.0891338
0.0447238 0.0251989 0.187733 0.605424 0.13692
0.0282826 0.0757099 0.287598 0.504491 0.103918
0.0202485 0.0167311 0.516452 0.428975 0.0175937
0.0725147 0.0222871 0.404176 0.48271 0.0183115
0.0494341 0.0391622 0.29346 0.583075 0.0348684
0.125401 0.011883 0.302062 0.492921 0.067733
0.0476952 0.0901316 0.256459 0.550282 0.0554321
9.9991E-05 0.0163176 0.441948 0.53662 0.0050142
0.0185738 0.000298752 0.685441 0.295587 9.9991E-05
9.9991E-05 0.00169233 0.260682 0.703323 0.0342027
0.086953 9.9991E-05 0.633448 0.254934 0.0245649
0.0417095 0.0059994 0.388144 0.528081 0.0360658
0.0165757 0.097778 0.262133 0.564058 0.0594545
0.0805819 0.0652663 0.257045 0.508382 0.0887241
0.00516094 0.209388 0.151652 0.473148 0.160651
0.0821418 0.143267 0.17056 0.422344 0.181688
9.9991E-05 0.21211 0.172147 0.298719 0.316924
0.0238406 0.216323 0.186141 0.326625 0.24707
0.0199263 0.204695 0.0816996 0.510939 0.18274
9.9991E-05 0.192067 0.196503 0.443475 0.167854
9.9982E-05 0.19526 0.640417 9.9982E-05 0.164123
9.9991E-05 0.0992624 0.126537 0.530979 0.243122
9.9982E-05 0.357293 0.517955 9.9982E-05 0.124552
9.9991E-05 0.0898191 0.169643 0.5631 0.177337
9.9973E-05 9.9973E-05 0.764278 0.235423 9.9973E-05
0.0558325 9.9982E-05 0.859229 0.0847383 9.9982E-05
0.034397 9.9982E-05 0.377363 0.58804 9.9982E-05
9.9991E-05 0.0215182 0.273303 0.665316 0.039763
9.9973E-05 9.9973E-05 0.477517 0.522183 9.9973E-05
9.9982E-05 9.9982E-05 0.312016 0.634261 0.0535237
9.9973E-05 9.9973E-05 0.354584 0.645116 9.9973E-05
0.0754843 0.886898 0.0028741 0.0279428 0.00680121
0.0813171 0.770008 0.0450112 0.0365779 0.0670854
0.00583973 0.970555 9.9991E-05 0.0163753 0.00713051
9.9973E-05 0.963957 9.9973E-05 0.0357431 9.9973E-05
0.0567757 0.0358998 0.220347 0.648646 0.038331
0.0610698 0.105309 0.180658 0.650068 0.00289536
0.17156 0.00198644 0.132882 0.693472 9.9991E-05
0.109814 0.0642737 0.109677 0.716136 9.9991E-05
0.0313309 0.146392 0.172563 0.629851 0.0198627
0.272801 9.9982E-05 0.24995 0.47705 9.9982E-05
0.0314716 0.0198372 0.155644 0.78351 0.00953783
0.0364102 9.9982E-05 0.514629 0.448761 9.9982E-05
0.0996713 0.307258 9.9991E-05 0.388009 0.204961
0.0432887 9.9982E-05 0.366164 0.590347 9.9982E-05
0.241791 9.9982E-05 0.22856 0.529449 9.9982E-05
0.0358909 9.9982E-05 0.284135 0.679775 9.9982E-05
0.277058 9.9982E-05 0.13347 0.589272 9.9982E-05
9.9982E-05 9.9982E-05 0.259339 0.731113 0.00934853
0.0991815 0.0699719 0.149119 0.681627 9.9991E-05
0.0185939 9.9982E-05 0.735134 0.246072 9.9982E-05
0.0205467 9.9982E-05 0.508183 0.47107 9.9982E-05
0.0288755 9.9982E-05 0.453298 0.517627 9.9982E-05
0.0320109 9.9982E-05 0.879818 0.0879716 9.9982E-05
0.206469 0.0549338 0.177597 0.5609 9.9991E-05
0.0612958 9.9982E-05 0.713548 0.224956 9.9982E-05
0.0831709 9.9982E-05 0.866886 0.0497434 9.9982E-05
0.00357916 0.0710078 0.222715 0.702598 9.9991E-05
0.353632 0.00047696 0.287032 0.358759 9.9991E-05
0.198442 0.00589168 0.166383 0.629183 9.9991E-05
0.0825997 0.128142 0.074671 0.66702 0.0475667
0.193636 0.00596892 0.167816 0.615035 0.0175448
0.265351 9.9991E-05 0.273812 0.407655 0.0530815
0.148937 0.0131786 0.124852 0.712933 9.9991E-05
0.212382 0.0293156 0.124475 0.633727 9.9991E-05
0.0136138 9.9982E-05 0.486938 0.499248 9.9982E-05
0.120945 0.126387 0.122584 0.62522 0.00486403
0.266662 0.686973 0.0461654 9.9982E-05 9.9982E-05
0.176551 0.793287 0.0271644 0.00289768 9.9991E-05
0.140385 0.859315 9.9973E-05 9.9973E-05 9.9973E-05
0.148743 0.846139 0.00491797 9.9982E-05 9.9982E-05
0.191665 0.759053 0.0194623 0.0297202 9.9991E-05
0.344066 0.0167064 0.298947 0.340181 9.9991E-05
0.283097 9.9982E-05 0.3498 0.366903 9.9982E-05
0.0119828 9.9982E-05 0.570021 0.417796 9.9982E-05
0.0841862 0.125234 0.113956 0.638235 0.0383888
0.0125639 0.110908 0.169462 0.620355 0.0867109
0.0491621 0.00167763 0.50621 0.435814 0.00713625
0.039033 0.0300722 0.144035 0.714278 0.0725812
0.0471024 0.0725357 0.319179 0.561083 9.9991E-05
0.148868 0.0553214 0.133835 0.661875 9.9991E-05
0.0932077 0.0224753 0.130973 0.678115 0.0752288
0.304602 9.9982E-05 0.298617 0.396582 9.9982E-05
0.233263 9.9982E-05 0.261209 0.505327 9.9982E-05
0.272796 9.9982E-05 0.218966 0.508038 9.9982E-05
0.0191576 0.168953 0.109041 0.702748 9.9991E-05
0.239808 9.9982E-05 0.198475 0.561518 9.9982E-05
0.241257 0.0106223 0.16583 0.58219 9.9991E-05
0.0352001 0.116217 0.0318433 0.425896 0.390843
0.0371109 0.122675 0.0101797 0.361076 0.468958
9.9982E-05 0.126621 9.9982E-05 0.489959 0.38322
0.0368205 0.161673 0.0448766 0.235173 0.521458
0.00253487 0.146682 0.035206 0.487474 0.328103
9.9991E-05 0.102087 0.305468 0.582728 0.0096173
0.0274034 0.264976 0.0617329 9.9991E-05 0.645788
0.0174804 0.158438 0.0240229 0.297703 0.502356
9.9991E-05 0.219315 0.265001 0.355673 0.159911
0.050959 0.166169 0.18834 0.594433 9.9991E-05
0.0429847 0.193762 0.226355 0.536798 9.9991E-05
0.0531611 0.152908 0.126688 0.63924 0.0280024
0.0536417 0.150254 0.116501 0.630931 0.0486717
9.9982E-05 0.179392 9.9982E-05 0.31706 0.503348
0.0352024 0.152552 9.9991E-05 0.42368 0.388465
9.9982E-05 0.0785379 9.9982E-05 0.412856 0.508406
0.0282665 0.134229 0.0599124 0.451759 0.325833
0.0260536 0.166607 0.0658597 0.188836 0.552643
0.0240003 0.134187 0.0684967 0.374186 0.39913
9.9991E-05 0.122256 0.0601057 0.245082 0.572456
0.0526265 0.123171 0.078168 0.392518 0.353516
9.9991E-05 0.157209 0.302334 0.511284 0.0290729
0.0869077 0.162702 0.0123351 0.382412 0.355643
9.9991E-05 0.230976 0.0359273 0.151644 0.581353
0.00665438 0.143211 0.0699584 0.41758 0.362596
0.155692 0.217794 0.260357 0.366057 9.9991E-05
9.9991E-05 0.0961252 0.196927 0.66573 0.0411183
0.0353943 0.136009 0.0578691 0.377719 0.393009
0.0444542 0.196488 0.158878 0.60008 9.9991E-05
0.0638946 0.217707 0.172148 0.54615 9.9991E-05
9.9991E-05 0.203822 0.211632 0.36745 0.216996
9.9991E-05 0.262864 0.0999077 0.357631 0.279497
0.0606959 0.115753 0.116525 0.602197 0.10483
0.0404781 0.147387 0.0504727 0.41479 0.346872
0.0290683 0.105867 9.9991E-05 0.431815 0.433149
9.9991E-05 0.202021 0.0589989 0.0834199 0.65546
0.0295151 0.125287 0.115053 0.672438 0.0577064
0.0507761 0.202306 0.253263 0.493555 9.9991E-05
9.9991E-05 0.148892 0.683983 0.117664 0.049361
0.00489748 0.152979 0.146019 0.598714 0.0973903
0.0735458 0.152965 0.302191 0.404755 0.0665432
0.000398687 0.209462 0.16088 0.448013 0.181246
0.00778007 0.181233 0.167941 0.546649 0.0963961
9.9982E-05 0.418814 0.46156 9.9982E-05 0.119426
9.9982E-05 0.36818 0.547591 9.9982E-05 0.0840297
9.9991E-05 0.212457 0.363469 0.299286 0.124688
9.9982E-05 0.366822 0.423187 9.9982E-05 0.209791
9.9982E-05 0.494196 0.316089 9.9982E-05 0.189516
9.9991E-05 0.232685 0.295758 0.349058 0.122399
9.9991E-05 0.247458 0.187956 0.383325 0.181161
9.9991E-05 0.328406 0.359355 0.136006 0.176133
9.9991E-05 0.315037 0.486745 0.0313786 0.16674
9.9991E-05 0.182515 0.164151 0.500303 0.152931
9.9991E-05 0.268809 0.43526 0.146072 0.14976
9.9982E-05 0.429751 0.509682 9.9982E-05 0.0603676
0.0571645 0.124834 0.12239 0.521295 0.174317
0.020049 0.251036 0.218728 0.298808 0.211378
0.0186047 0.362173 0.0194427 0.409762 0.190018
9.9982E-05 0.169153 9.9982E-05 0.566935 0.263711
9.9991E-05 0.169387 0.0871683 0.523413 0.219932
9.9991E-05 0.173215 0.0903048 0.468141 0.268239
0.0648846 0.381247 0.0100331 0.340082 0.203754
0.0481598 0.220133 0.0166796 0.485094 0.229933
9.9982E-05 0.280149 9.9982E-05 0.504599 0.215052
9.9991E-05 0.292267 0.174542 0.272247 0.260844
0.160235 0.195863 0.0991896 0.437863 0.10685
0.0659029 0.235062 0.0603643 0.536323 0.102348
0.0451776 0.169315 0.0867075 0.521309 0.177491
0.0672776 0.12919 0.0465879 0.610365 0.146579
9.9991E-05 0.310567 0.0324794 0.411331 0.245522
9.9991E-05 0.242495 0.00474446 0.555557 0.197104
9.9991E-05 0.384194 0.274149 0.012087 0.32947
0.0128663 0.190412 0.0427056 0.553784 0.200232
9.9991E-05 0.319152 0.171949 0.177421 0.331378
0.168302 0.831398 9.9973E-05 9.9973E-05 9.9973E-05
0.790169 0.0447358 0.00896164 0.129019 0.0271146
0.9996 9.997E-05 9.997E-05 9.997E-05 9.997E-05
0.9996 9.997E-05 9.997E-05 9.997E-05 9.997E-05
0.9996 9.997E-05 9.997E-05 9.997E-05 9.997E-05
0.980346 9.9973E-05 9.9973E-05 9.9973E-05 0.0193539
0.964475 9.9973E-05 9.9973E-05 0.0352255 9.9973E-05
0.9996 9.997E-05 9.997E-05 9.997E-05 9.997E-05
0.881595 0.118105 9.9973E-05 9.9973E-05 9.9973E-05
0.0890863 0.900234 9.9982E-05 0.0104793 9.9982E-05
0.141507 0.802334 9.9991E-05 0.0544166 0.00164285
0.0648457 0.903196 0.00885291 0.0230056 9.9991E-05
0.0683249 0.87463 0.0184116 0.0385331 9.9991E-05
0.0644866 0.89949 9.9991E-05 0.0285497 0.0073732
0.0364624 0.908752 9.9982E-05 0.0545858 9.9982E-05
0.0217959 0.757222 9.9991E-05 0.135866 0.0850161
9.9973E-05 0.910459 9.9973E-05 0.0892406 9.9973E-05
0.104822 0.722335 0.00101458 0.103173 0.068655
9.9982E-05 0.921734 9.9982E-05 0.0251438 0.0529218
9.9973E-05 0.997064 0.00263577 9.9973E-05 9.9973E-05
0.0375564 0.888669 9.9991E-05 0.0332837 0.0403911
0.000851916 0.998848 9.9973E-05 9.9973E-05 9.9973E-05
9.9991E-05 0.968383 0.00552312 0.0166908 0.00930324
9.9982E-05 0.908683 9.9982E-05 0.0889262 0.00219098
9.9982E-05 0.934021 9.9982E-05 0.0492052 0.0165735
9.9982E-05 0.866568 9.9982E-05 0.0870917 0.04614
9.9982E-05 0.861852 9.9982E-05 0.118489 0.0194588
9.9982E-05 0.832057 9.9982E-05 0.09391 0.0738332
0.12833 0.153981 0.277086 0.440503 9.9991E-05
9.9982E-05 0.124213 0.131249 0.744337 9.9982E-05
0.0210651 0.151457 0.126469 0.637234 0.0637742
9.9991E-05 0.125687 0.743615 0.0838271 0.0467704
0.110779 0.163121 0.207067 0.516482 0.00255113
9.9991E-05 0.173435 0.729757 0.0784154 0.0182931
9.9991E-05 0.130843 0.19287 0.603546 0.0726407
0.082388 0.165686 0.26306 0.488766 9.9991E-05
0.0400673 0.219549 0.208318 0.531966 9.9991E-05
0.119604 0.0513793 0.18446 0.644457 9.9991E-05
0.0852046 0.159875 0.224946 0.529874 9.9991E-05
9.9991E-05 0.0913446 0.180902 0.660581 0.0670727
0.0945429 0.155605 0.167586 0.570841 0.0114242
0.484481 9.9991E-05 0.409989 0.00628776 0.0991425
9.9973E-05 0.166409 0.833291 9.9973E-05 9.9973E-05
9.9991E-05 0.1613 0.682036 0.145618 0.0109461
0.00436889 0.176681 0.13317 0.638182 0.0475986
9.9991E-05 0.117345 0.335477 0.496868 0.05021
9.9991E-05 0.113334 0.223917 0.637247 0.0254023
0.0454542 0.0952063 0.152421 0.627897 0.0790213
0.0785307 0.244941 0.0153748 0.456434 0.204719
0.0254942 0.212095 0.0307823 0.557697 0.173931
0.224813 0.373932 0.0816072 0.167785 0.151863
0.172086 0.172814 9.9991E-05 0.591669 0.0633303
0.137251 0.211908 0.0743669 0.458168 0.118306
9.9982E-05 0.42609 0.393226 9.9982E-05 0.180485
9.9991E-05 0.313652 0.164579 0.30286 0.218808
0.0747588 0.376585 0.0646618 0.323829 0.160165
0.124352 0.304349 0.0354782 0.423935 0.111885
0.0715684 0.159339 0.102773 0.523594 0.142725
0.0447263 0.194706 0.0470188 0.551375 0.162175
9.9991E-05 0.196616 0.0601364 0.642088 0.10106
0.0649972 0.17369 0.18202 0.323056 0.256236
0.0557941 0.502251 0.0797886 0.22737 0.134796
