0.0347054 9.9991E-05 0.0112041 0.0125025 0.941488
0.00989761 9.9991E-05 0.00375141 0.00761715 0.978634
0.00850707 0.0227924 0.00119864 0.0668838 0.900618
9.9982E-05 9.9982E-05 0.0457962 0.133665 0.820339
9.9973E-05 9.9973E-05 9.9973E-05 0.0785626 0.921137
0.0311002 0.10596 0.0795148 0.10807 0.675355
0.000977348 0.102199 0.0422327 0.013914 0.840677
0.0224725 0.0994519 0.100391 0.0291693 0.748516
9.9982E-05 0.0210255 0.154652 9.9982E-05 0.824122
9.999E-05 0.0810873 0.0835109 0.0680817 0.76722
9.9991E-05 0.0583392 0.0638092 0.098216 0.779536
0.0472941 0.109882 0.550918 0.279019 0.0128878
0.0983641 0.0331527 0.313317 0.52216 0.0330059
0.101293 0.0758764 0.538087 0.284644 9.9991E-05
0.135396 0.0425117 0.492055 0.294022 0.0360151
0.155446 0.0454948 0.298107 0.413066 0.0878866
0.0997305 0.0171834 0.261646 0.565845 0.0555946
0.0503272 0.0919243 0.27652 0.544192 0.0370369
0.0919344 0.0667361 0.417218 0.306714 0.117397
0.00673652 0.154536 0.733449 0.0697517 0.0355272
0.0769647 0.139392 0.308395 0.458549 0.0166998
0.116778 0.240164 0.224464 0.400039 0.0185553
0.0480363 0.096824 0.22128 0.597931 0.035928
0.101212 0.114757 0.4841 0.240905 0.0590276
0.100666 0.0403502 0.115257 0.63595 0.107777
0.0197536 0.0193687 0.289265 0.631236 0.0403768
0.0465549 0.0691558 0.542625 0.291738 0.0499263
0.0974912 0.063375 0.479053 0.315888 0.0441926
9.9991E-05 0.15485 0.522955 0.294 0.0280958
0.00441307 9.9982E-05 9.9982E-05 0.108211 0.887176
9.9973E-05 9.9973E-05 9.9973E-05 0.123064 0.876636
0.0700182 9.9982E-05 9.9982E-05 0.108389 0.821393
0.0628281 9.9982E-05 9.9982E-05 0.17339 0.763582
9.9991E-05 0.201824 0.11575 0.582946 0.0993796
0.0812894 0.144329 0.141662 0.584026 0.0486932
0.00982563 0.280457 0.0123106 0.669642 0.0277648
0.0438369 0.0364201 0.698243 0.213115 0.00838536
9.9982E-05 0.547911 0.0201668 0.431722 9.9982E-05
0.0630391 0.153987 0.123102 0.582342 0.0775304
0.0336231 0.139671 0.00972139 0.754947 0.062038
9.9991E-05 0.169689 0.0729546 0.599064 0.158192
0.0249254 0.0915648 0.0961861 0.655258 0.132066
9.9982E-05 0.350589 0.309629 0.339582 9.9982E-05
0.0579885 0.155887 0.0300226 0.67007 0.0860322
0.0529926 0.13491 0.0985338 0.646806 0.0667582
0.0569858 0.145219 0.0281597 0.610923 0.158713
9.9973E-05 0.478723 9.9973E-05 0.520977 9.9973E-05
0.00951147 0.0734126 0.0886291 0.728999 0.0994481
0.0273312 0.0972448 0.100951 0.667627 0.106846
9.9982E-05 0.885981 0.108381 9.9982E-05 0.00543798
9.9982E-05 0.161305 0.618177 0.220318 9.9982E-05
0.054769 0.453633 0.263839 0.201863 0.0258949
0.122638 0.0723436 0.150717 0.607899 0.0464027
0.100799 0.120175 0.100717 0.585017 0.0932927
0.0872816 0.0839035 0.0989809 0.636037 0.0937968
0.0356908 0.103804 0.555357 0.216669 0.0884799
0.0424808 0.0429488 0.318227 0.596244 9.9991E-05
0.0767025 0.0239285 0.260511 0.589114 0.0497437
0.0145572 0.134022 0.293385 0.454174 0.103862
0.0128552 0.133282 0.523279 0.17323 0.157354
0.0637714 0.105405 0.193588 0.564456 0.0727796
0.0796916 0.0893023 0.292362 0.492502 0.0461421
9.9991E-05 0.203217 0.62114 0.114945 0.0605974
0.00558256 0.102955 0.401322 0.49004 9.9991E-05
0.115586 0.185266 0.161583 0.522111 0.0154547
0.0113577 0.0712595 0.135317 0.687452 0.0946139
0.0581592 0.145695 0.41849 0.312321 0.0653339
0.0752779 0.0800554 0.23665 0.547278 0.060738
0.0867437 0.123003 0.138109 0.576997 0.0751475
0.0101545 0.141807 0.555116 0.268501 0.0244225
9.9982E-05 0.220252 0.118522 0.661027 9.9982E-05
9.9982E-05 0.3377 0.24179 0.42031 9.9982E-05
0.0186538 0.137874 0.139023 0.594969 0.109479
9.9982E-05 0.737507 0.0583459 0.203947 9.9982E-05
9.9982E-05 0.762358 0.0595559 0.177886 9.9982E-05
9.9982E-05 0.554748 0.00211913 0.442933 9.9982E-05
9.9991E-05 0.17159 0.177893 0.611421 0.0389961
0.0686542 0.119192 0.107247 0.583688 0.121218
9.9982E-05 0.311391 0.0321367 0.656273 9.9982E-05
9.9982E-05 0.299488 0.360332 0.33998 9.9982E-05
9.9982E-05 0.277519 0.291186 0.431096 9.9982E-05
0.0630217 0.151038 0.104534 0.629284 0.0521224
9.9982E-05 0.26408 0.203202 0.532518 9.9982E-05
9.9991E-05 0.220086 0.17772 0.590746 0.0113477
9.9973E-05 0.403077 9.9973E-05 0.596623 9.9973E-05
0.025452 0.828982 0.095136 0.0503302 9.9991E-05
0.0413395 0.174051 0.0408171 0.691859 0.051934
9.9982E-05 9.9982E-05 0.0607347 0.0930677 0.845998
9.9973E-05 9.9973E-05 9.9973E-05 0.0547913 0.944909
0.0419148 9.9982E-05 9.9982E-05 0.0973047 0.860581
0.0450917 9.9982E-05 9.9982E-05 0.0355257 0.919183
0.0377504 9.9973E-05 9.9973E-05 9.9973E-05 0.96195
0.0313904 9.9982E-05 9.9982E-05 0.0880815 0.880328
9.9973E-05 9.9973E-05 9.9973E-05 0.0793059 0.920394
0.0216804 0.145674 0.107362 0.65535 0.0699342
0.0821594 0.146393 0.014097 0.664546 0.092805
9.9982E-05 0.426123 0.335823 0.237854 9.9982E-05
0.0303859 0.0832586 0.127654 0.66355 0.095151
9.9991E-05 0.265587 0.183399 0.531763 0.0191505
9.9991E-05 0.135721 0.165675 0.647561 0.0509435
0.0226754 0.290645 9.9991E-05 0.680526 0.00605389
0.0563705 0.223813 0.0963546 0.614974 0.00848769
9.9982E-05 0.381396 0.435055 0.183349 9.9982E-05
0.0372846 0.163645 0.0879094 0.588234 0.122927
0.049807 0.0931642 0.0874151 0.703175 0.0664382
0.0818093 0.102276 0.119718 0.593931 0.102266
9.9982E-05 0.532859 0.0682087 0.398732 9.9982E-05
9.9973E-05 0.321386 9.9973E-05 0.678314 9.9973E-05
9.9982E-05 0.189863 0.218749 0.591189 9.9982E-05
9.9982E-05 0.392607 0.0404756 0.566717 9.9982E-05
9.9991E-05 0.221363 0.194498 0.562222 0.0218164
0.00985278 0.143336 0.101916 0.617587 0.127308
0.0680256 0.24497 0.332238 0.310047 0.0447192
9.9991E-05 0.0632445 0.36659 0.471186 0.098879
0.0529717 0.0638643 0.166591 0.584846 0.131727
0.0346762 0.0809858 0.126899 0.614363 0.143075
0.0354111 0.00793599 0.412581 0.526956 0.0171165
0.0643201 0.0135508 0.318819 0.580858 0.0224518
0.0218799 9.9991E-05 0.431293 0.482688 0.0640392
0.0341412 0.155058 0.118079 0.560893 0.131828
0.079586 0.0394838 0.191253 0.615488 0.07419
0.0323681 0.0500733 0.242744 0.590737 0.0840777
9.9982E-05 9.9982E-05 0.295034 0.64777 0.0569955
0.08054 0.096556 0.139015 0.62398 0.0599088
0.0950717 0.0548299 0.135535 0.602314 0.11225
0.0990071 0.102049 0.17643 0.622414 9.9991E-05
0.0937129 0.0594983 0.177294 0.579752 0.0897428
0.103336 0.107561 0.15061 0.609238 0.0292546
0.103546 0.252368 0.216493 0.316325 0.111268
0.0821317 0.0562477 0.151458 0.640104 0.0700592
0.0803559 0.0794283 0.111862 0.668148 0.0602055
0.0351499 0.0649616 0.609691 0.273703 0.0164942
0.0894401 0.415793 0.348818 0.145849 9.9991E-05
0.049769 0.0430606 0.276197 0.573926 0.0570473
0.033653 0.506108 0.347016 0.113124 9.9991E-05
9.9991E-05 0.0673612 0.523434 0.393075 0.0160301
0.00793912 0.0463476 0.424456 0.521157 9.9991E-05
9.9991E-05 0.0785329 0.499534 0.415516 0.00631784
9.9982E-05 0.0641412 0.547874 0.387785 9.9982E-05
0.055759 0.0607764 0.22952 0.577034 0.0769103
0.0465872 0.100479 0.145783 0.620368 0.086784
0.095523 0.0790389 0.261727 0.562646 0.00106513
0.0524917 0.355484 0.407977 0.183947 9.9991E-05
0.0599155 0.084664 0.173551 0.530595 0.151275
0.0854676 0.249396 0.0669567 0.505601 0.0925786
9.9982E-05 0.780684 0.0496586 9.9982E-05 0.169457
0.0651039 0.167534 9.9991E-05 0.675617 0.0916447
0.0424166 0.456206 0.0613418 0.326245 0.113791
0.0660272 0.186159 0.0603924 0.530629 0.156792
9.9991E-05 0.502505 0.07242 0.271887 0.153088
9.9991E-05 0.660717 0.0988411 0.129357 0.110985
0.021678 0.354599 0.098766 0.437996 0.0869613
0.0369018 0.16629 0.112499 0.554494 0.129815
0.0587936 0.230418 0.0979375 0.45997 0.152881
0.0742207 0.596667 0.0983557 0.14969 0.0810664
0.138045 0.118881 0.159818 0.502672 0.0805841
9.9982E-05 0.52046 0.101222 0.378119 9.9982E-05
0.00858367 0.417069 0.0855938 0.480037 0.008716
0.0998261 0.146864 0.0421728 0.574075 0.137062
0.24803 0.207814 9.9991E-05 0.121144 0.422912
0.144015 0.321006 9.9982E-05 9.9982E-05 0.534779
0.134793 0.347279 9.9982E-05 9.9982E-05 0.517728
0.268012 0.255778 9.9991E-05 0.0845022 0.391608
0.0219722 0.280035 0.0124788 0.674892 0.0106221
0.0405245 0.130104 0.0542192 0.661884 0.113269
0.673101 9.9973E-05 9.9973E-05 0.326599 9.9973E-05
0.480384 9.9991E-05 0.117203 0.363673 0.0386397
0.395165 0.0193155 0.134625 0.381561 0.0693339
0.050764 0.566013 0.062669 0.295683 0.0248708
0.0847337 0.231614 0.0717785 0.497726 0.114148
0.0194331 0.608232 0.0898833 0.282351 9.9991E-05
0.0157309 0.272993 9.9991E-05 0.62944 0.0817358
0.0548849 0.353437 0.0551695 0.480052 0.0564572
0.0209827 0.317603 9.9991E-05 0.601256 0.0600582
0.0190316 0.694894 0.0150153 0.241398 0.0296614
0.0876841 0.198641 9.9991E-05 0.661303 0.0522721
0.0673907 0.182403 0.0156805 0.584471 0.150055
0.962873 9.9982E-05 0.00701558 0.0299112 9.9982E-05
0.921479 9.9982E-05 0.0292978 0.0490233 9.9982E-05
0.587806 9.9991E-05 0.0746617 0.275923 0.0615086
0.682307 9.9982E-05 0.0010331 0.31646 9.9982E-05
0.834327 9.9982E-05 0.0639777 0.101496 9.9982E-05
0.9996 9.997E-05 9.997E-05 9.997E-05 9.997E-05
0.955807 9.9973E-05 0.0438934 9.9973E-05 9.9973E-05
0.855144 9.9973E-05 9.9973E-05 0.144556 9.9973E-05
0.94551 9.9982E-05 0.0528095 9.9982E-05 0.00148022
0.9996 9.997E-05 9.997E-05 9.997E-05 9.997E-05
0.9996 9.997E-05 9.997E-05 9.997E-05 9.997E-05
0.781847 9.9991E-05 0.0061173 0.202747 0.0091896
0.816263 9.9991E-05 0.0564968 0.103338 0.0238027
0.9996 9.997E-05 9.997E-05 9.997E-05 9.997E-05
0.401103 0.0409206 0.0724106 0.376671 0.108895
0.686856 9.9991E-05 0.0752265 0.216783 0.0210344
0.795789 9.9982E-05 9.9982E-05 0.158046 0.0459643
0.914971 9.9982E-05 0.0075321 0.0772974 9.9982E-05
0.9996 9.997E-05 9.997E-05 9.997E-05 9.997E-05
0.974779 9.9973E-05 9.9973E-05 0.0249211 9.9973E-05
0.9996 9.997E-05 9.997E-05 9.997E-05 9.997E-05
0.672471 0.0324685 0.0512162 0.230237 0.0136077
0.96913 0.00523752 0.0142575 0.00737673 0.00399811
0.0772663 0.591051 9.9982E-05 9.9982E-05 0.331483
0.11158 0.24379 0.0052019 0.386724 0.252704
0.101333 0.283742 9.9991E-05 0.42631 0.188515
0.126616 0.431422 9.9991E-05 0.166145 0.275717
0.133994 0.187478 0.0596227 0.468792 0.150113
0.147637 0.491719 9.9991E-05 0.0880809 0.272463
0.155712 0.198292 0.0326985 0.419988 0.193309
0.150376 0.300361 9.9991E-05 0.313927 0.235236
0.166236 0.158927 0.0170468 0.464398 0.193393
0.162186 0.238501 9.9991E-05 0.359816 0.239397
0.152338 0.159624 0.0460117 0.447114 0.194912
9.9991E-05 0.000827521 0.029375 0.0607275 0.90897
0.0659916 0.0258921 9.9982E-05 9.9982E-05 0.907916
9.9982E-05 9.9982E-05 0.0178895 0.0288178 0.953093
9.9973E-05 0.00989275 9.9973E-05 9.9973E-05 0.989807
9.9982E-05 9.9982E-05 0.0148845 0.0553626 0.929553
9.9973E-05 0.00784934 9.9973E-05 9.9973E-05 0.991851
0.00601527 9.9991E-05 0.00834661 0.0610284 0.92451
9.9973E-05 9.9973E-05 0.0434219 9.9973E-05 0.956278
0.0231246 0.0161256 0.0166523 0.0418624 0.902235
0.0313762 0.000881665 0.0327697 0.0143917 0.920581
9.9982E-05 0.096292 0.300143 9.9982E-05 0.603365
9.9982E-05 0.0429975 0.339092 9.9982E-05 0.617711
9.9982E-05 0.0943447 0.365309 9.9982E-05 0.540146
9.9982E-05 0.0912445 0.439647 9.9982E-05 0.468908
0.0121809 0.134718 0.204442 0.578749 0.0699105
0.0170205 0.153185 0.174511 0.606977 0.0483064
0.00563339 0.0746187 0.249108 0.631742 0.0388988
0.0139968 0.17626 0.32062 0.466396 0.0227278
0.0159094 0.0938466 0.651792 0.238352 9.9991E-05
0.0399554 0.109679 0.0906601 0.720107 0.0395986
9.9982E-05 0.132283 0.135444 0.732072 9.9982E-05
0.0181937 0.272605 0.0850592 0.624042 9.9991E-05
9.9973E-05 0.444416 9.9973E-05 0.555285 9.9973E-05
0.0417939 0.152174 0.0557072 0.661001 0.0893239
9.9982E-05 0.219005 0.195664 0.585132 9.9982E-05
9.9982E-05 0.754993 0.0804649 0.164342 9.9982E-05
0.00242485 0.0953846 0.129239 0.663042 0.109909
9.9973E-05 0.670538 9.9973E-05 0.329162 9.9973E-05
0.0297157 0.288429 0.0285691 0.648047 0.00523892
9.9982E-05 0.327759 0.341495 0.330545 9.9982E-05
9.9991E-05 0.0338803 0.784866 0.0186158 0.162538
9.9991E-05 0.0442434 0.766532 0.0599675 0.129157
9.9991E-05 0.0574407 0.787539 0.0350101 0.11991
9.9982E-05 0.0294913 0.844903 9.9982E-05 0.125405
0.00221964 0.0284686 0.797602 0.108623 0.0630869
0.0267205 0.00774984 0.785204 0.0904465 0.0898794
0.0401523 9.9991E-05 0.0217923 0.0641702 0.873785
0.0358836 9.9991E-05 0.0441095 0.0899096 0.829997
0.0266433 9.9982E-05 9.9982E-05 0.174541 0.798616
0.0553134 9.9991E-05 0.0475165 0.0371872 0.859883
0.0499159 9.9991E-05 0.000935637 0.135007 0.814041
9.9982E-05 0.0459977 0.546322 9.9982E-05 0.40748
9.9982E-05 0.00596686 0.546716 9.9982E-05 0.447117
0.0117223 9.9991E-05 0.538874 0.00220265 0.447101
0.00288032 9.9991E-05 0.0255396 0.115991 0.855489
9.9982E-05 0.0706413 0.515558 9.9982E-05 0.413601
0.315836 0.095657 9.9991E-05 0.277926 0.310481
0.229801 0.0297518 0.0463454 0.546011 0.14809
0.297071 9.9982E-05 9.9982E-05 0.521539 0.18119
0.284453 0.12344 9.9991E-05 0.304005 0.288002
0.166442 0.0930185 0.0270094 0.522091 0.191439
0.28822 0.220086 9.9982E-05 9.9982E-05 0.491493
9.9982E-05 0.0716114 0.425605 0.502584 9.9982E-05
0.0418687 0.280578 0.201903 0.475551 9.9991E-05
0.00886772 0.0732771 0.582875 0.33488 9.9991E-05
0.0593065 0.212298 0.197793 0.530503 9.9991E-05
9.9973E-05 0.652647 0.347053 9.9973E-05 9.9973E-05
0.0853634 0.132335 0.0756836 0.617284 0.0893341
0.0620408 0.182576 0.15075 0.566278 0.0383544
9.9991E-05 0.0747858 0.509544 0.389254 0.0263163
0.0809639 0.0411977 0.21946 0.56297 0.0954086
9.9982E-05 0.469673 0.327843 0.202284 9.9982E-05
0.0391794 0.154372 0.177488 0.608848 0.0201125
0.0134971 0.0584945 0.377974 0.520538 0.0294964
0.165158 0.186078 0.102121 0.444932 0.101711
0.0257369 0.323168 0.261421 0.389574 9.9991E-05
0.0554131 0.292433 0.210855 0.437019 0.0042794
0.0564537 0.133439 0.188029 0.621978 9.9991E-05
0.0164478 0.191093 0.196994 0.581906 0.0135598
0.0971064 0.0870933 0.145464 0.62456 0.0457764
0.109508 0.106241 0.186837 0.547714 0.0497002
0.0383085 0.0565805 0.183332 0.623213 0.0985661
0.0300212 9.9982E-05 9.9982E-05 0.126733 0.843046
9.9973E-05 9.9973E-05 9.9973E-05 0.11956 0.88014
9.9982E-05 9.9982E-05 0.0137557 0.0805171 0.905527
0.0369962 9.9991E-05 0.00175138 0.0323346 0.928818
9.9973E-05 9.9973E-05 9.9973E-05 0.0810195 0.918681
0.0643273 0.0887202 0.688567 0.142014 0.0163713
0.10598 0.12675 0.228638 0.489821 0.0488108
0.26309 0.133038 0.0136021 0.379767 0.210503
0.0765713 0.0529096 0.188023 0.652513 0.0299835
0.061355 0.0236692 0.365905 0.548971 9.9991E-05
0.0443544 0.327125 0.339141 0.28928 9.9991E-05
0.0015565 0.103189 0.778073 0.048874 0.0683075
0.051428 0.0370391 0.373163 0.442251 0.0961193
0.06394 0.0309563 0.624482 0.236121 0.0445011
0.0310029 0.198625 0.205844 0.520832 0.0436965
0.00345456 0.0589748 0.662364 0.201405 0.0738026
0.0909113 9.9991E-05 0.274207 0.568497 0.0662846
0.0120991 0.142672 0.613812 0.210435 0.0209818
0.112096 0.292445 0.320702 0.258473 0.0162842
0.0580496 0.208238 0.102436 0.499016 0.132261
9.9991E-05 0.536587 0.0507005 0.359565 0.0530484
0.0348713 0.31338 0.0345866 0.54776 0.0694015
0.0173414 0.150414 0.0631804 0.615805 0.15326
9.9991E-05 0.596094 0.0421038 0.316986 0.0447168
0.0701253 0.191831 0.132011 0.528346 0.0776861
0.0310715 0.34072 0.0283357 0.528643 0.0712297
9.9991E-05 0.75728 0.0416243 0.192661 0.00833458
9.9991E-05 0.676864 0.0358231 0.228268 0.0589454
9.9991E-05 0.387882 0.0371554 0.50097 0.0738919
9.9991E-05 0.772188 0.0699848 0.148087 0.0096402
9.9991E-05 0.381998 0.0873119 0.485312 0.0452781
0.00917941 0.0366414 0.755871 0.198208 9.9991E-05
0.118232 0.293653 0.387124 0.200891 9.9991E-05
0.101576 9.9991E-05 0.481541 0.403799 0.012984
0.05724 9.9991E-05 0.273021 0.621819 0.0478201
0.024239 0.0140031 0.675825 0.285833 9.9991E-05
0.0863323 0.130776 0.162808 0.548229 0.0718548
0.092757 0.0292835 0.27446 0.560788 0.0427111
0.0764122 0.0940335 0.27245 0.555849 0.00125515
0.0645678 0.0878119 0.305931 0.541589 9.9991E-05
0.0404615 9.9991E-05 0.451621 0.506613 0.00120473
0.0393401 0.04878 0.588846 0.322934 9.9991E-05
0.0776703 0.0134607 0.448638 0.460131 9.9991E-05
0.0779802 0.141548 0.191766 0.588605 9.9991E-05
0.0907071 0.136586 0.107829 0.620644 0.0442339
0.139409 0.215035 0.262004 0.343272 0.0402794
0.141191 0.146942 0.234552 0.477215 9.9991E-05
0.0621612 0.00181001 0.536144 0.392953 0.00693224
0.0916875 0.056324 0.274918 0.56486 0.0122108
0.0855658 0.0443976 0.324742 0.488837 0.0564569
0.110939 0.0674496 0.18696 0.522964 0.111687
0.138514 9.9991E-05 0.0491192 0.449067 0.3632
0.159742 0.089587 0.0167609 0.586558 0.147352
0.155992 0.0827677 0.111462 0.464501 0.185277
0.155664 0.110075 0.0532974 0.5693 0.111664
0.201876 0.0921531 9.9991E-05 0.48073 0.225141
0.0176575 0.25494 0.202031 0.525271 9.9991E-05
0.161353 0.132012 9.9991E-05 0.524363 0.182171
0.202623 0.435187 0.0511358 0.0527476 0.258307
0.157965 0.0952448 0.0589043 0.557555 0.13033
0.220705 0.072271 0.060818 0.498384 0.147821
0.199335 0.105708 0.00476424 0.538143 0.152049
0.112983 0.313984 9.9991E-05 0.3157 0.257234
0.175589 0.0850816 0.0346149 0.507145 0.19757
0.196579 0.086906 0.0502895 0.501631 0.164594
0.145972 0.320391 9.9982E-05 9.9982E-05 0.533438
0.204204 0.0470097 0.0288931 0.539867 0.180026
0.207585 0.0319091 9.9991E-05 0.562831 0.197575
0.157554 0.0870973 0.0885521 0.550633 0.116164
0.244754 0.0620227 9.9991E-05 0.493874 0.199249
0.087534 9.9991E-05 0.0941989 0.565248 0.252919
0.0427285 0.348098 0.0340271 0.521253 0.0538932
0.0741877 0.245341 0.0266008 0.562748 0.0911224
0.026344 0.852812 0.117807 0.00293635 9.9991E-05
9.9982E-05 0.789302 0.100395 0.110103 9.9982E-05
0.058775 0.331228 0.00707206 0.527315 0.0756105
0.332738 0.138959 9.9991E-05 0.337433 0.19077
0.320676 0.171041 9.9991E-05 0.34538 0.162804
0.331899 0.288774 9.9991E-05 0.196179 0.183048
0.281185 0.180902 9.9991E-05 0.352817 0.184995
0.0860598 0.682292 9.9991E-05 0.120057 0.111491
0.0961803 0.613035 9.9991E-05 0.188386 0.102299
0.11283 0.305259 9.9991E-05 0.5714 0.0104112
0.134404 0.330124 9.9991E-05 0.454913 0.080459
0.111874 0.534281 9.9991E-05 0.287619 0.0661268
0.111051 0.153927 0.105656 0.575402 0.053963
0.110715 0.262618 0.0204837 0.567007 0.0391763
0.118688 0.233375 9.9991E-05 0.561454 0.0863827
0.0270126 0.545771 0.00237132 0.418595 0.00625028
0.00734712 0.447895 0.0556017 0.48608 0.00307563
0.0788763 0.289929 0.0766888 0.554406 9.9991E-05
0.0557554 0.354909 0.0279795 0.525682 0.0356739
0.0987722 0.192445 0.0566113 0.553716 0.0984555
0.0184917 0.430539 9.9991E-05 0.538862 0.0120075
0.00905515 0.651497 0.0343476 0.305001 9.9991E-05
0.0399236 0.270808 9.9991E-05 0.681563 0.00760604
0.0180638 0.658132 0.0519982 0.271706 9.9991E-05
9.9991E-05 0.39818 0.00221209 0.539696 0.0598124
0.0168643 0.270951 0.0682519 0.560762 0.0831708
0.0614456 0.252876 0.0942031 0.535573 0.0559022
0.173468 0.146434 0.0187169 0.484907 0.176475
0.13612 0.154592 0.037503 0.498893 0.172892
0.296722 0.176515 9.9991E-05 0.309557 0.217107
0.303501 0.147977 0.0285086 0.299043 0.220971
0.202911 0.125669 0.0631718 0.448507 0.15974
0.157672 0.153819 0.0317739 0.478421 0.178315
0.166368 0.643075 9.9982E-05 9.9982E-05 0.190358
0.238282 0.118979 9.9991E-05 0.552888 0.0897502
0.134276 0.496714 9.9982E-05 9.9982E-05 0.36881
0.253649 0.19809 9.9991E-05 0.501949 0.0462128
9.9973E-05 0.741961 9.9973E-05 0.257739 9.9973E-05
9.9982E-05 0.858822 0.0128452 0.128133 9.9982E-05
0.0171851 0.400408 0.0130765 0.569231 9.9991E-05
0.0409808 0.27175 0.0218168 0.645502 0.0199511
9.9982E-05 0.44821 0.0168221 0.534768 9.9982E-05
0.0468543 0.264012 0.0363587 0.652675 9.9991E-05
9.9973E-05 0.376837 9.9973E-05 0.622863 9.9973E-05
0.0049482 0.0288631 0.0599816 0.0193098 0.886897
0.0593293 0.0352525 0.0963253 0.0317051 0.777388
0.026805 9.9982E-05 0.0339207 9.9982E-05 0.939074
9.9973E-05 9.9973E-05 9.9973E-05 0.0466316 0.953069
0.0367794 0.246067 0.0316512 0.650944 0.0345577
0.0162265 0.156475 0.118457 0.650418 0.0584231
9.9991E-05 0.174245 0.104973 0.708261 0.0124209
0.0224287 0.12004 0.158094 0.651152 0.048285
0.0262693 0.129011 0.086336 0.650098 0.108286
9.9991E-05 0.268835 0.248686 0.473985 0.00839473
9.9991E-05 0.149331 0.0618944 0.768928 0.0197463
9.9982E-05 0.544157 0.0133385 0.442304 9.9982E-05
0.180589 9.9991E-05 0.0730064 0.40986 0.336445
0.0136876 0.331306 0.0912702 0.563636 9.9991E-05
9.9982E-05 0.255381 0.220364 0.524055 9.9982E-05
9.9991E-05 0.295306 0.0386724 0.65649 0.00943197
9.9991E-05 0.203274 0.220793 0.550285 0.0255482
0.00666338 0.291469 9.9982E-05 0.701668 9.9982E-05
9.9991E-05 0.177134 0.0896322 0.644157 0.0889769
9.9973E-05 0.770861 9.9973E-05 0.228839 9.9973E-05
9.9982E-05 0.480432 0.00917043 0.510197 9.9982E-05
0.00274714 0.451737 0.0438076 0.501608 9.9991E-05
9.9973E-05 0.91367 9.9973E-05 0.0860305 9.9973E-05
9.9991E-05 0.21342 0.213236 0.547249 0.025994
9.9982E-05 0.731605 0.0302474 0.237948 9.9982E-05
9.9982E-05 0.88275 0.0719382 0.0451116 9.9982E-05
0.0374645 0.238081 0.0324604 0.649143 0.0428507
9.9982E-05 0.315572 0.326953 0.357275 9.9982E-05
9.9982E-05 0.179972 0.163322 0.656506 9.9982E-05
0.0506763 0.0944404 0.0509603 0.649685 0.154238
9.9991E-05 0.167814 0.175654 0.64548 0.0109517
0.0528864 0.280835 0.32158 0.344599 9.9991E-05
0.0183222 0.162309 0.110258 0.68285 0.0262599
9.9982E-05 0.154561 0.212568 0.632671 9.9982E-05
9.9982E-05 0.467543 0.0320794 0.500178 9.9982E-05
0.038095 0.131828 0.130405 0.59934 0.100332
9.9982E-05 0.0108793 0.303723 9.9982E-05 0.685197
9.9991E-05 0.0469714 0.152914 0.00307422 0.79694
9.9973E-05 9.9973E-05 0.13435 9.9973E-05 0.86535
9.9973E-05 9.9973E-05 0.145619 9.9973E-05 0.854082
9.9991E-05 0.01436 0.188026 0.0312376 0.766276
9.9982E-05 0.344928 0.315286 0.339586 9.9982E-05
9.9991E-05 0.354931 0.289047 0.355714 0.000208752
9.9973E-05 0.600153 9.9973E-05 0.399547 9.9973E-05
0.0823317 0.196086 0.041975 0.581517 0.0980911
0.0692641 0.112259 0.0918616 0.589746 0.136869
0.012021 0.529348 9.9991E-05 0.458246 0.000284852
0.0466873 0.211724 0.0190535 0.696981 0.0255544
0.00965369 0.372118 0.00150377 0.571008 0.0457163
0.0129051 0.186934 0.131354 0.624842 0.0439653
0.0386344 0.130874 0.0710324 0.69776 0.0616988
9.9982E-05 0.325715 0.294269 0.379816 9.9982E-05
9.9982E-05 0.28269 0.230818 0.486292 9.9982E-05
9.9982E-05 0.295692 0.212831 0.491278 9.9982E-05
9.9991E-05 0.128941 0.013583 0.664808 0.192569
9.9982E-05 0.23799 0.218143 0.543667 9.9982E-05
9.9991E-05 0.231003 0.178672 0.569881 0.0203442
0.398305 0.0161446 0.0506394 0.413789 0.121122
0.496169 0.053002 9.9991E-05 0.30996 0.140769
0.427236 0.0114601 9.9991E-05 0.447192 0.114012
0.539585 0.0523746 9.9991E-05 0.241325 0.166615
0.319572 0.00229757 0.0554901 0.458733 0.163907
9.9982E-05 0.290352 9.9982E-05 0.611398 0.0980503
0.647801 0.0773603 0.0138776 9.9991E-05 0.260861
0.511153 0.00706562 0.0554163 0.275421 0.150944
0.181467 0.278559 0.00851179 0.334721 0.196742
9.9991E-05 0.133162 0.0548424 0.606854 0.205041
0.0409856 0.191245 0.099867 0.499402 0.1685
0.00732005 0.128689 0.0489847 0.605689 0.209318
0.0401513 0.120913 0.0235566 0.646046 0.169333
0.489656 9.9982E-05 9.9982E-05 0.326475 0.183669
0.39068 0.0630355 0.0382824 0.385536 0.122466
0.533293 9.9991E-05 0.00490225 0.361255 0.10045
0.314709 0.0677201 0.0306453 0.435246 0.151679
0.495647 0.0405932 0.012075 0.286473 0.165211
0.402093 0.0566648 0.0781372 0.388864 0.0742408
0.545761 0.0541417 0.00600749 0.252049 0.142041
0.358062 0.068608 0.0488576 0.404722 0.11975
0.0398614 0.310154 9.9991E-05 0.496001 0.153884
0.33638 0.0571159 0.0314897 0.388652 0.186362
0.631002 0.0569835 9.9991E-05 0.114687 0.197227
0.340991 0.0548715 0.0666024 0.410779 0.126756
9.9991E-05 0.290244 0.148024 0.356322 0.205309
0.0786519 0.216702 9.9991E-05 0.619343 0.0852036
0.375214 0.012671 0.0582018 0.407564 0.14635
9.9991E-05 0.167485 0.0843766 0.578848 0.16919
9.9991E-05 0.164556 0.064755 0.555543 0.215047
0.227945 0.193986 0.00969742 0.369281 0.199091
0.329167 0.153821 9.9991E-05 0.309109 0.207804
0.0867512 0.142386 0.00325578 0.600165 0.167442
0.331022 0.0516494 0.0341108 0.431924 0.151294
0.444635 9.9991E-05 0.0399654 0.434237 0.0810626
0.633931 0.0341297 9.9991E-05 0.114166 0.217673
0.057052 0.13659 0.0447048 0.625175 0.136478
9.9991E-05 0.251425 0.0362507 0.515774 0.196449
0.0399827 0.652894 9.9991E-05 0.136663 0.17036
0.0577894 0.124966 0.0569234 0.620034 0.140288
0.0394802 0.282539 0.148794 0.417327 0.11186
0.188034 0.151652 9.9991E-05 0.482135 0.178079
0.143891 0.132067 0.023362 0.508675 0.192006
0.131087 0.458524 9.9982E-05 9.9982E-05 0.410189
0.0950192 0.542602 9.9982E-05 9.9982E-05 0.362179
0.126891 0.386123 9.9991E-05 0.278225 0.208662
0.207816 0.419589 9.9991E-05 0.00198381 0.370511
0.20627 0.294064 9.9982E-05 9.9982E-05 0.499466
0.117543 0.302266 9.9991E-05 0.34229 0.237801
0.176185 0.187426 0.0343346 0.341867 0.260188
0.203725 0.378086 9.9991E-05 0.108649 0.30944
0.173587 0.488574 9.9991E-05 0.0420879 0.295651
0.154762 0.18246 0.0105354 0.478318 0.173925
0.179302 0.432732 9.9991E-05 0.114913 0.272953
0.0719592 0.518641 9.9982E-05 9.9982E-05 0.4092
0.171722 0.110309 0.119791 0.477785 0.120394
0.245086 0.244894 0.00634756 0.282579 0.221094
0.177922 0.0262248 0.0460501 0.412787 0.337016
0.275587 9.9982E-05 9.9982E-05 0.544606 0.179607
0.246323 0.0605078 9.9991E-05 0.50259 0.190479
0.277665 0.076844 9.9991E-05 0.479232 0.166159
0.246098 9.9991E-05 0.115587 0.28356 0.354655
0.198946 0.0324652 0.0476147 0.501962 0.219012
0.226583 0.0131834 9.9991E-05 0.476619 0.283515
0.3083 0.199905 9.9991E-05 0.247897 0.243798
0.140888 0.124547 0.146509 0.389383 0.198673
0.205037 0.0648646 0.0822243 0.497518 0.150357
0.165283 0.0743536 0.00753224 0.582709 0.170121
0.129499 0.0945538 0.0404244 0.622231 0.113292
0.225614 0.0280774 0.0236522 0.430959 0.291697
0.19778 0.00986497 9.9991E-05 0.536986 0.255269
0.341862 0.255979 9.9991E-05 0.0106206 0.391438
0.205467 0.084571 0.0347948 0.516981 0.158186
0.347721 0.210193 9.9991E-05 0.138234 0.303753
9.9973E-05 9.9973E-05 0.186945 9.9973E-05 0.812755
0.032384 9.9991E-05 0.807803 0.141725 0.0179876
9.997E-05 9.997E-05 0.9996 9.997E-05 9.997E-05
9.997E-05 9.997E-05 0.9996 9.997E-05 9.997E-05
0.0122018 9.9982E-05 0.976606 0.0109921 9.9982E-05
0.0351186 9.9973E-05 0.964581 9.9973E-05 9.9973E-05
9.9973E-05 9.9973E-05 0.959753 0.0399473 9.9973E-05
9.997E-05 9.997E-05 0.9996 9.997E-05 9.997E-05
9.9973E-05 9.9973E-05 0.847386 9.9973E-05 0.152314
9.9982E-05 9.9982E-05 0.0686006 0.0216342 0.909565
9.9982E-05 9.9982E-05 0.124588 0.0695572 0.805655
9.9991E-05 0.0409915 0.0198382 0.0330194 0.906051
9.9991E-05 0.00334588 0.0773278 0.0269006 0.892326
0.0101676 9.9991E-05 0.103764 0.0150019 0.870966
9.9982E-05 9.9982E-05 0.0256379 0.0651775 0.908985
0.0700668 0.0186021 0.0412144 0.12713 0.742987
9.9973E-05 9.9973E-05 9.9973E-05 0.099401 0.900299
0.0559618 0.0188168 0.0662334 0.116776 0.742212
0.0581239 9.9982E-05 9.9982E-05 0.0145985 0.927078
9.9973E-05 9.9973E-05 0.0107064 9.9973E-05 0.988994
0.0143222 9.9991E-05 0.0327964 0.0492806 0.903501
9.9973E-05 9.9973E-05 0.00130345 9.9973E-05 0.998397
9.9973E-05 9.9973E-05 9.9973E-05 0.0465983 0.953102
0.014868 9.9982E-05 9.9982E-05 0.0890112 0.895921
9.9973E-05 9.9973E-05 9.9973E-05 0.0625269 0.937173
0.0618172 9.9982E-05 9.9982E-05 0.0710362 0.866947
0.0439587 9.9982E-05 9.9982E-05 0.0904707 0.865371
0.0766083 9.9982E-05 9.9982E-05 0.103462 0.81973
9.9991E-05 0.279342 0.127142 0.446002 0.147414
9.9991E-05 0.103671 0.0172974 0.764749 0.114183
0.0398904 0.124703 0.0851197 0.60344 0.146846
0.0545949 0.749015 9.9991E-05 0.0791949 0.117095
0.019105 0.178676 0.147233 0.522537 0.132449
0.0323387 0.698209 9.9991E-05 0.089682 0.17967
0.0671374 0.189933 9.9991E-05 0.648984 0.0938463
9.9991E-05 0.237167 0.106482 0.481906 0.174346
9.9991E-05 0.227273 0.00945878 0.565956 0.197213
0.0118238 0.228726 0.0886227 0.60456 0.0662681
9.9991E-05 0.200952 0.12966 0.527249 0.142039
0.0701127 0.157998 9.9991E-05 0.677149 0.0946403
0.00529237 0.183828 0.105799 0.555257 0.149823
0.103101 0.388225 0.484932 0.0236419 9.9991E-05
9.9973E-05 0.825136 9.9973E-05 9.9973E-05 0.174564
0.0152687 0.647272 9.9991E-05 0.165632 0.171728
0.0560253 0.126346 0.0409608 0.606009 0.170659
0.0373235 0.355359 9.9991E-05 0.493216 0.114001
0.0111284 0.262656 9.9991E-05 0.61913 0.106986
0.0913219 0.124187 0.0890938 0.624876 0.0705211
0.185543 0.0794693 0.0675134 0.440022 0.227452
0.18052 0.0302121 9.9991E-05 0.583821 0.205348
0.164435 0.0593369 0.225916 0.161262 0.38905
0.0747136 0.0876196 0.0896459 0.571247 0.176774
0.127303 0.054411 0.150163 0.455105 0.213018
0.190332 0.369022 9.9982E-05 9.9982E-05 0.440446
0.240264 0.171563 9.9991E-05 0.291399 0.296674
0.164047 0.0485669 0.0610594 0.313845 0.412482
0.110084 0.00253272 0.16307 0.393508 0.330805
0.155458 0.0461778 0.0749522 0.527261 0.196151
0.135015 0.0517707 0.0695971 0.529057 0.21456
0.128255 0.0110613 0.0366713 0.609491 0.214521
0.201107 0.184246 0.0261628 0.402566 0.185919
0.124369 0.076146 0.0568703 0.238156 0.504459
