0.0313118 0.914803 0.0520846 0.00170032 9.9991E-05
0.0179207 0.975529 9.9982E-05 0.00635008 9.9982E-05
9.9982E-05 0.906288 9.9982E-05 0.0523102 0.0412019
0.0287895 0.846628 9.9982E-05 0.124383 9.9982E-05
9.9973E-05 0.92631 9.9973E-05 0.07339 9.9973E-05
0.0806937 0.686976 0.0575918 0.0665575 0.108181
0.042152 0.848636 9.9991E-05 0.0149735 0.0941382
0.104332 0.761899 0.0188094 0.011635 0.103324
0.163608 0.836092 9.99729E-05 9.99729E-05 9.99729E-05
0.071387 0.799664 9.9991E-05 0.0747621 0.0540867
0.0543302 0.793194 9.9991E-05 0.0857694 0.0666067
0.587662 0.010174 0.0873368 0.236686 0.0781413
0.273439 0.0530445 0.065284 0.588536 0.0196965
0.545661 9.9991E-05 0.0992271 0.270178 0.0848336
0.507493 0.0375365 0.111913 0.324611 0.0184464
0.31642 0.0720927 0.155547 0.409879 0.0460619
0.249669 0.0344422 0.104586 0.579743 0.0315595
0.278885 0.0246494 0.068677 0.506876 0.120913
0.452612 0.106916 0.105069 0.272766 0.0626369
0.748892 0.0208941 0.0306999 0.0612035 0.138311
0.370891 0.0269699 0.0726575 0.443664 0.0858171
0.171464 0.047358 0.0766086 0.448452 0.256117
0.233014 9.9991E-05 0.0575749 0.600551 0.108761
0.497911 0.0343696 0.0917007 0.262392 0.113626
0.0665791 0.120997 0.0764792 0.676087 0.0598579
0.296847 0.031661 0.028897 0.586947 0.0556479
0.573477 0.0342269 0.0302306 0.269656 0.0924092
0.466127 0.0394971 0.0909553 0.31812 0.0853003
0.525187 0.0127276 0.0221398 0.268041 0.171905
9.9982E-05 0.892284 0.012697 0.0948194 9.9982E-05
9.9973E-05 0.887888 9.9973E-05 0.111812 9.9973E-05
0.00769271 0.826967 0.081267 0.0839733 9.9991E-05
9.9982E-05 0.767914 0.0864665 0.14542 9.9982E-05
0.128488 0.103342 9.9991E-05 0.587514 0.180556
0.161123 0.0912414 0.0427827 0.567813 0.13704
0.0517899 0.00444757 0.00750838 0.70981 0.226444
0.700009 0.0240972 0.0151742 0.216399 0.0443205
0.0218558 9.9982E-05 9.9982E-05 0.423534 0.554411
0.128943 0.0738743 0.0716544 0.606914 0.118614
0.0104952 0.060945 9.9991E-05 0.78059 0.14787
0.100752 0.163369 0.0014246 0.597081 0.137373
0.109487 0.108237 0.00937116 0.656984 0.115921
0.318692 9.9982E-05 9.9982E-05 0.332541 0.348567
0.0124004 0.0931958 0.0714167 0.640358 0.182629
0.0564026 0.0662132 0.0327914 0.660274 0.184319
0.01931 0.183897 0.0418276 0.629581 0.125385
0.037345 9.9982E-05 9.9982E-05 0.484059 0.478396
0.0450912 0.0808037 0.00696254 0.753225 0.113917
0.0221856 0.172912 0.0756378 0.609298 0.119967
0.155684 0.0160418 9.9982E-05 9.9982E-05 0.828074
0.65488 9.9982E-05 9.9982E-05 0.214849 0.130071
0.292468 0.0269422 0.0757195 0.174163 0.430708
0.126285 0.0623427 0.111846 0.584453 0.115074
0.0737145 0.106503 0.051263 0.653002 0.115518
0.0933239 0.0767304 0.0894588 0.587596 0.152891
0.556288 0.125079 0.00967157 0.248596 0.0603655
0.295938 0.016467 0.0319666 0.569829 0.0858002
0.181952 0.0999336 0.0899808 0.569434 0.0586992
0.258611 0.135004 0.00893135 0.427582 0.169871
0.521419 0.158008 0.037011 0.153848 0.129714
0.194959 0.0429132 0.0295527 0.591087 0.141489
0.271241 0.0717263 0.0449547 0.530606 0.0814716
0.597655 0.0702558 9.9991E-05 0.139187 0.192802
0.415222 9.9991E-05 0.0318034 0.475579 0.0772955
0.0992537 0.0574703 0.068563 0.605295 0.169418
0.122754 0.123373 0.0285784 0.659625 0.0656686
0.388264 0.0933693 0.0354698 0.327325 0.155571
0.219766 0.0586411 0.0708848 0.499949 0.150759
0.218563 0.0460214 0.0712175 0.581046 0.0831529
0.529445 0.03147 9.9991E-05 0.27383 0.165155
0.169054 0.00750702 9.9991E-05 0.662633 0.160707
0.262163 9.9982E-05 9.9982E-05 0.395569 0.342067
0.0581814 0.11149 0.0526023 0.58736 0.190366
0.0873512 9.9982E-05 9.9982E-05 0.188058 0.724391
0.0737537 9.9982E-05 9.9982E-05 0.1761 0.749947
0.0138325 9.9982E-05 9.9982E-05 0.426372 0.559595
0.199598 0.0114269 9.9991E-05 0.581476 0.207399
0.0403549 0.117037 0.104081 0.562905 0.175623
0.0822441 9.9982E-05 9.9982E-05 0.63515 0.282406
0.38678 9.9982E-05 9.9982E-05 0.330005 0.283015
0.312235 9.9982E-05 9.9982E-05 0.445912 0.241653
0.0906811 0.080025 0.0669803 0.594778 0.167536
0.244672 0.0245611 9.9991E-05 0.51525 0.215418
0.195372 9.9982E-05 9.9982E-05 0.594732 0.209696
0.0254249 9.9982E-05 9.9982E-05 0.602178 0.372197
0.100953 9.9991E-05 0.0295375 0.0288036 0.840606
0.0750701 0.00594907 0.0482548 0.682287 0.188439
0.0604725 0.852818 9.9982E-05 0.0865094 9.9982E-05
9.9982E-05 0.943377 0.00572408 0.0506991 9.9982E-05
9.9982E-05 0.869933 0.0305346 0.0993324 9.9982E-05
9.9982E-05 0.931623 0.0543482 0.013829 9.9982E-05
9.9973E-05 0.965507 0.0341928 9.9973E-05 9.9973E-05
9.9982E-05 0.883654 0.0460518 0.0700941 9.9982E-05
9.9973E-05 0.924708 9.9973E-05 0.0749916 9.9973E-05
0.0964342 0.101924 0.0627314 0.612136 0.126774
0.0704538 0.137495 0.0584629 0.598475 0.135113
0.373362 9.9982E-05 9.9982E-05 0.224633 0.401805
0.0935492 0.0687578 0.0943064 0.58631 0.157076
0.243567 9.9982E-05 9.9982E-05 0.553917 0.202316
0.130724 0.060308 0.00170548 0.657813 0.149449
0.00519391 0.0588387 9.9991E-05 0.67929 0.256578
0.0828475 9.9991E-05 0.041836 0.601819 0.273397
0.483494 9.9982E-05 9.9982E-05 0.177618 0.338688
0.126425 0.10494 0.0804236 0.557692 0.13052
0.0121244 0.120997 0.028594 0.712463 0.125822
0.115859 0.107288 0.0699595 0.591779 0.115115
0.117298 0.00535844 0.00254939 0.371627 0.503168
0.00884815 9.9982E-05 9.9982E-05 0.678415 0.312537
0.231994 0.00403903 9.9991E-05 0.604749 0.159118
0.0606307 9.9982E-05 9.9982E-05 0.545426 0.393743
0.199468 0.0168607 9.9991E-05 0.583658 0.199913
0.122606 0.0901512 0.0624391 0.615365 0.109439
0.360751 0.0207131 0.0808438 0.287496 0.250196
0.365221 0.0804387 9.9991E-05 0.465956 0.0882843
0.156609 0.125685 0.0833885 0.556245 0.0780727
0.149392 0.148906 0.0409817 0.602415 0.0583047
0.404095 0.0135718 0.0259411 0.525765 0.0306269
0.248258 0.0546388 0.0523249 0.625558 0.01922
0.422034 0.0662418 0.0158124 0.495812 9.9991E-05
0.149452 0.111645 0.0223453 0.554209 0.162349
0.185677 0.0854317 0.115803 0.564258 0.0488304
0.229539 0.0868556 0.000373468 0.643051 0.0401807
0.286326 0.0442531 9.9991E-05 0.634395 0.0349253
0.155048 0.0658669 0.0851585 0.618534 0.0753925
0.109442 0.108002 0.0732701 0.619776 0.0895091
0.194474 9.9991E-05 0.111789 0.593725 0.0999117
0.158188 0.0796408 0.0655368 0.630881 0.0657533
0.164664 0.0432165 0.0816475 0.599864 0.110608
0.266888 0.0717966 0.0840481 0.314507 0.262759
0.176644 0.0725246 0.066913 0.640091 0.0438267
0.105067 0.0416545 0.0480165 0.683702 0.12156
0.609335 0.00484785 0.0417348 0.239632 0.104451
0.344842 9.9991E-05 0.0888655 0.143915 0.422278
0.2406 0.0712923 0.0390177 0.572301 0.076789
0.32168 9.9991E-05 0.048225 0.0954386 0.534557
0.567973 0.00594116 9.9991E-05 0.421913 0.00407307
0.450288 9.9982E-05 9.9982E-05 0.49783 0.0516816
0.516887 0.0280948 9.9991E-05 0.394541 0.0603775
0.532355 9.999E-05 9.999E-05 0.389994 0.0774511
0.1796 0.0901755 9.9991E-05 0.674623 0.0555018
0.157813 0.121376 0.0629835 0.587534 0.0702931
0.257696 0.0652404 0.0187583 0.630926 0.0273789
0.387039 9.9991E-05 0.060672 0.172195 0.379994
0.112725 0.14743 0.0753421 0.553197 0.111306
0.0258987 0.074586 0.0802866 0.498446 0.320783
0.085474 0.169132 9.9982E-05 9.9982E-05 0.745194
0.0525457 0.092481 0.0606238 0.649971 0.144378
0.0635541 0.111742 0.0407568 0.328873 0.455075
0.0291406 0.148106 0.0682344 0.521089 0.233431
0.139376 0.151774 9.9991E-05 0.262674 0.446077
0.0938626 0.128313 9.9991E-05 0.0949781 0.682746
0.0856448 0.102904 0.013955 0.451504 0.345993
0.0789565 0.0947946 0.0728328 0.557514 0.195902
0.134406 0.167184 0.0427434 0.478773 0.176894
0.112166 0.0626671 0.104679 0.112541 0.607947
0.0896403 0.120003 0.0482702 0.589538 0.152548
0.104467 9.9982E-05 9.9982E-05 0.377614 0.517719
0.0887076 0.00485805 0.0113045 0.49306 0.40207
0.0323917 0.112663 0.0785522 0.63406 0.142333
0.0190697 0.390224 0.258112 0.123298 0.209296
9.9982E-05 0.53945 0.147035 9.9982E-05 0.313315
9.9982E-05 0.526327 0.122813 9.9982E-05 0.35066
9.9991E-05 0.387405 0.292019 0.0538002 0.266676
0.0100056 0.0242485 9.9991E-05 0.655666 0.309979
0.078948 0.0954385 0.0995501 0.599568 0.126495
0.0308426 9.9982E-05 0.653069 0.315889 9.9982E-05
0.106526 0.0304145 0.450645 0.40635 0.00606536
0.0950273 0.0544412 0.418715 0.399862 0.0319546
0.040177 0.0262244 0.0459824 0.282233 0.605383
0.0950596 0.0945957 0.102194 0.524444 0.183706
0.0927662 0.000662389 9.9991E-05 0.284252 0.62222
9.9982E-05 0.111416 9.9982E-05 0.599623 0.288761
0.0321552 0.0824643 0.0539939 0.47782 0.353566
9.9991E-05 0.0312379 0.0258915 0.595106 0.347664
0.0150292 0.0348448 9.9991E-05 0.265196 0.68483
9.9991E-05 0.12406 0.0244203 0.655952 0.195468
0.0443627 0.159466 0.0260146 0.621744 0.148412
9.9973E-05 9.9973E-05 0.969125 0.0305748 9.9973E-05
0.0190174 9.9982E-05 0.915217 0.0655658 9.9982E-05
0.0895189 0.0536572 0.559711 0.297013 9.9991E-05
0.0229628 9.9982E-05 0.631381 0.345456 9.9982E-05
0.0274986 9.9982E-05 0.835767 0.136534 9.9982E-05
9.997E-05 9.997E-05 0.9996 9.997E-05 9.997E-05
0.0449123 9.9973E-05 0.954788 9.9973E-05 9.9973E-05
9.9973E-05 9.9973E-05 0.819014 0.180686 9.9973E-05
0.068165 9.9973E-05 0.931535 9.9973E-05 9.9973E-05
9.997E-05 9.997E-05 0.9996 9.997E-05 9.997E-05
9.997E-05 9.997E-05 0.9996 9.997E-05 9.997E-05
0.0102845 9.9982E-05 0.775159 0.214356 9.9982E-05
0.0530737 0.0463722 0.800256 0.100198 9.9991E-05
9.997E-05 9.997E-05 0.9996 9.997E-05 9.997E-05
0.139783 0.102851 0.368481 0.374464 0.0144202
0.0239065 0.0553057 0.624614 0.296074 9.9991E-05
0.0112183 0.0288644 0.827291 0.132526 9.9991E-05
0.0121974 0.00202662 0.922503 0.0631726 9.9991E-05
9.997E-05 9.997E-05 0.9996 9.997E-05 9.997E-05
9.9982E-05 0.000593107 0.961807 0.0373995 9.9982E-05
9.9973E-05 0.00684415 0.992856 9.9973E-05 9.9973E-05
0.0323241 0.0624877 0.680488 0.2246 9.9991E-05
0.0187285 9.9973E-05 0.980972 9.9973E-05 9.9973E-05
9.9982E-05 0.36407 0.0469513 9.9982E-05 0.588778
0.0666522 0.219517 0.139692 0.346598 0.227541
9.9991E-05 0.205567 0.0605541 0.486025 0.247754
9.9991E-05 0.263069 0.131296 0.167899 0.437636
0.0330049 0.167344 0.128002 0.446874 0.224776
9.9991E-05 0.286193 0.120082 0.113741 0.479884
0.0124501 0.177584 0.113034 0.477373 0.219559
9.9991E-05 0.244751 0.158182 0.271788 0.325178
0.000724362 0.183637 0.187643 0.44424 0.183756
9.9991E-05 0.226355 0.141042 0.358377 0.274126
0.0113557 0.21955 0.120243 0.456552 0.192299
0.024107 0.909003 9.9982E-05 0.0666904 9.9982E-05
9.9991E-05 0.897603 0.0680875 0.0061885 0.0280213
0.00808762 0.966574 9.9982E-05 0.0251386 9.9982E-05
9.9973E-05 0.995988 9.9973E-05 9.9973E-05 0.00371221
0.0233334 0.938752 9.9982E-05 0.0377149 9.9982E-05
9.9973E-05 0.995733 0.00396674 9.9973E-05 9.9973E-05
9.9982E-05 0.915309 0.0174813 0.06701 9.9982E-05
0.0415927 0.950165 9.9982E-05 0.00804209 9.9982E-05
0.0328817 0.907584 0.00776263 0.0313887 0.0203829
0.0196657 0.937781 9.9991E-05 0.0350081 0.00744501
0.317546 0.602614 9.9982E-05 9.9982E-05 0.07964
0.36599 0.617256 9.9982E-05 9.9982E-05 0.0165541
0.368149 0.535957 9.9982E-05 9.9982E-05 0.0956933
0.422739 0.478341 9.9982E-05 9.9982E-05 0.0987202
0.275026 0.0354617 0.0413442 0.532829 0.115339
0.213773 0.0297309 0.0336693 0.560071 0.162756
0.206071 0.0432209 9.9991E-05 0.635194 0.115414
0.388153 9.9982E-05 9.9982E-05 0.45319 0.158457
0.661838 9.9991E-05 0.0361755 0.204537 0.0973501
0.0420079 0.0784 0.00318905 0.774627 0.101776
0.178117 9.9982E-05 9.9982E-05 0.712357 0.109326
0.102475 9.9991E-05 0.0193916 0.631822 0.246212
0.0145991 9.9982E-05 9.9982E-05 0.565825 0.419376
0.0795126 0.0457551 0.0701672 0.647225 0.15734
0.162878 0.00641902 9.9991E-05 0.591217 0.239386
0.122778 9.9982E-05 9.9982E-05 0.158991 0.718031
0.240591 0.0544573 0.0497032 0.604586 0.0506629
9.9973E-05 9.9973E-05 9.9973E-05 0.332442 0.667258
0.0950676 0.00897157 0.00570237 0.61769 0.272568
0.352566 9.9982E-05 9.9982E-05 0.326225 0.321009
0.80719 0.157408 9.9991E-05 0.00251479 0.0327874
0.760241 0.124173 9.9991E-05 0.0721815 0.0433043
0.829628 0.123753 9.9991E-05 0.0169976 0.0295206
0.816624 0.132752 9.9982E-05 9.9982E-05 0.0504241
0.802815 0.0533156 9.9991E-05 0.132228 0.0115409
0.781249 0.0779959 0.0222488 0.110028 0.00847756
0.0397656 0.87967 0.0330787 0.0473854 9.9991E-05
0.0329815 0.847848 0.0233338 0.0957366 9.9991E-05
0.0218066 0.791695 0.0475332 0.138865 9.9991E-05
0.0464333 0.847716 0.0693748 0.0363762 9.9991E-05
0.0154615 0.795405 0.0459888 0.143045 9.9991E-05
0.549966 0.420926 9.9982E-05 9.9982E-05 0.0289081
0.523266 0.434339 0.00734229 9.9991E-05 0.0349521
0.525347 0.456325 0.0109092 9.9991E-05 0.00731877
0.0188519 0.861023 9.9982E-05 0.119925 9.9982E-05
0.556681 0.387546 9.9982E-05 9.9982E-05 0.055573
9.9991E-05 0.297686 0.331384 0.248071 0.122758
0.0807149 0.163901 0.223336 0.528014 0.0040353
9.9982E-05 0.189749 0.258214 0.551837 9.9982E-05
9.9991E-05 0.294677 0.305518 0.277626 0.122078
0.115903 0.209534 0.136209 0.526873 0.0114808
9.9982E-05 0.478171 0.30234 9.9982E-05 0.219289
0.417162 0.0245764 9.9991E-05 0.486378 0.0717841
0.189489 9.9991E-05 0.0350878 0.469424 0.305899
0.590014 9.9991E-05 0.00317848 0.349794 0.0569136
0.146564 9.9991E-05 0.0313672 0.538486 0.283483
0.307887 9.9973E-05 9.9973E-05 9.9973E-05 0.691813
0.0971311 0.100131 0.0382561 0.631132 0.13335
0.143005 0.0178607 0.0591846 0.567248 0.212702
0.464175 0.0174315 9.9991E-05 0.418707 0.0995863
0.229429 0.069434 0.0621638 0.583509 0.0554635
0.319721 9.9982E-05 9.9982E-05 0.185266 0.494813
0.125391 0.0202824 0.0314444 0.611883 0.210999
0.33353 0.0074196 0.0285155 0.563154 0.067381
0.0708165 0.12217 0.161739 0.394609 0.250666
0.259868 9.9991E-05 0.054954 0.344934 0.340145
0.214778 9.9991E-05 0.0596317 0.448024 0.277466
0.214494 9.9991E-05 0.0501346 0.607052 0.128219
0.217083 9.9991E-05 0.0318637 0.590385 0.160569
0.0918219 0.0544098 0.0775028 0.665607 0.110659
0.180692 0.0637912 0.0740445 0.6042 0.0772728
0.175177 0.0861362 9.9991E-05 0.644401 0.0941864
9.9982E-05 0.859898 0.0370284 0.102873 9.9982E-05
9.9982E-05 0.886986 0.00823811 0.104576 9.9982E-05
0.0158243 0.900589 9.9991E-05 0.069575 0.0139119
0.010345 0.927685 0.0308342 0.0310357 9.9991E-05
0.0138293 0.897252 9.9982E-05 0.0887189 9.9982E-05
0.658668 0.0111942 0.0696609 0.124722 0.135755
0.203188 0.0379774 0.116696 0.507435 0.134704
0.0202652 0.202901 0.221588 0.419365 0.135881
0.192988 0.0691498 0.0560679 0.678484 0.00331103
0.39886 9.9991E-05 0.0475355 0.527754 0.0257504
0.279667 9.9991E-05 0.0333661 0.309515 0.377352
0.793 0.0704479 9.9991E-05 0.0449888 0.0914637
0.37756 0.0624577 0.0158514 0.528906 0.0152255
0.643834 0.0301085 0.0855784 0.236957 0.00352199
0.207656 0.00799797 0.0602605 0.507563 0.216523
0.643425 0.0609785 0.0238482 0.184928 0.0868209
0.243995 0.0877835 0.0858575 0.582264 9.9991E-05
0.641331 0.0412223 0.035938 0.163705 0.117803
0.273538 0.00931456 0.117837 0.291777 0.307533
0.0866568 0.113632 0.0352647 0.576992 0.187454
0.0877935 0.0296665 9.9991E-05 0.334528 0.547912
0.0174429 0.0674648 0.0478926 0.514829 0.352371
0.0435356 0.149536 0.0142894 0.576197 0.216442
0.0517581 0.0454981 9.9991E-05 0.300865 0.601779
0.0993511 0.127259 0.0485853 0.550028 0.174777
0.0378012 0.115675 9.9991E-05 0.555901 0.290523
0.0290461 9.9982E-05 9.9982E-05 0.186481 0.784273
0.0162468 0.0532733 9.9991E-05 0.229399 0.700981
0.0288041 0.0824134 9.9991E-05 0.504941 0.383741
0.0625433 0.032267 9.9991E-05 0.101742 0.803348
0.0536551 0.0533803 0.0106258 0.492139 0.3902
0.748882 9.9991E-05 0.0423152 0.170549 0.0381537
0.371814 9.9991E-05 0.104185 0.187181 0.336719
0.47771 0.0196537 0.0769278 0.425609 9.9991E-05
0.30085 0.0227826 0.0788885 0.573812 0.0236676
0.657898 9.9991E-05 0.0336218 0.231852 0.0765275
0.146325 0.0753761 0.077204 0.543149 0.157946
0.256638 0.0283166 0.0353365 0.636627 0.0430815
0.254474 0.0165866 0.0745075 0.548024 0.106408
0.321646 9.9991E-05 0.0937303 0.523183 0.061341
0.420787 0.0167224 0.0726076 0.489783 9.9991E-05
0.568082 9.9991E-05 0.0361941 0.322577 0.073047
0.470519 9.9991E-05 0.051688 0.454215 0.0234778
0.210883 0.00390054 0.0542011 0.614946 0.11607
0.148948 0.0428141 0.0490693 0.66433 0.0948381
0.302315 0.0395982 0.114117 0.340108 0.203862
0.287305 9.9991E-05 0.129834 0.457378 0.125383
0.505167 0.0164579 0.063192 0.396652 0.0185307
0.31697 0.0237969 0.0883368 0.54793 0.0229662
0.317793 0.0437846 0.0928145 0.489929 0.055679
0.179733 0.13844 0.0585741 0.569941 0.0533119
0.0629634 0.343396 0.145943 0.439424 0.0082734
9.9991E-05 0.157997 0.185666 0.531847 0.124391
0.113383 0.184818 0.14935 0.446098 0.106351
0.0263733 0.151822 0.140019 0.574623 0.107163
9.9991E-05 0.189707 0.213792 0.461205 0.135196
0.155199 9.9991E-05 0.0101666 0.554115 0.280419
0.0531392 0.178994 0.145688 0.523196 0.098982
0.067235 0.223051 0.216723 0.0103056 0.482685
0.0639095 0.104981 0.140628 0.597892 0.0925896
0.0490924 0.160005 0.171456 0.547626 0.07182
0.0648244 0.115672 0.1844 0.539687 0.0954172
0.03324 0.216473 0.134709 0.310002 0.305576
0.00376989 0.217446 0.161423 0.582939 0.0344219
0.0342684 0.173659 0.173615 0.544696 0.0737627
9.9982E-05 0.530368 0.124886 9.9982E-05 0.344546
0.0844288 0.194405 0.168707 0.495264 0.0571945
0.000216338 0.216391 0.152852 0.560135 0.0704063
0.0204147 0.102609 0.107 0.633752 0.136224
9.9991E-05 0.190019 0.230125 0.524894 0.0548621
0.0803631 0.200134 0.14314 0.514878 0.0614848
0.0144019 0.059399 0.0347927 0.527048 0.364358
0.0363429 0.0730567 0.0790746 0.54897 0.262555
0.101185 9.9991E-05 0.0197903 0.00423359 0.874691
0.0775464 9.9982E-05 9.9982E-05 0.0856882 0.836565
0.0300589 0.0890498 0.0537818 0.542784 0.284326
9.9991E-05 0.15162 0.326241 0.357103 0.164935
9.9991E-05 0.181891 0.297104 0.342287 0.178617
9.9991E-05 0.171571 0.334459 0.183824 0.310046
9.9991E-05 0.173364 0.267907 0.367832 0.190798
9.9991E-05 0.108737 0.072509 0.14594 0.672714
9.9991E-05 0.0963241 0.0779005 0.208588 0.617087
9.9991E-05 0.013641 0.0987531 0.602532 0.284973
9.9991E-05 0.06246 0.158366 0.448508 0.330566
0.0232978 0.058015 0.0686466 0.308292 0.541749
0.075201 0.055806 0.106403 0.562329 0.20026
0.0193956 0.0625735 0.0935009 0.60265 0.22188
0.0352008 0.0853775 0.0943342 0.521343 0.263745
0.0102308 0.0144143 0.00414554 0.408375 0.562835
0.0772706 0.0292595 9.9991E-05 0.485752 0.407618
0.0447816 0.0487344 0.0233402 0.592799 0.290344
0.132058 9.9991E-05 0.0859991 0.471648 0.310195
0.0930121 0.0900357 0.0449515 0.554003 0.217997
9.9982E-05 0.0354309 9.9982E-05 0.52703 0.437339
0.0237743 9.9982E-05 9.9982E-05 0.301009 0.675017
0.00687413 0.0447973 0.0183887 0.683169 0.246771
0.090787 9.9991E-05 0.0113225 0.269061 0.62873
9.9982E-05 0.048086 9.9982E-05 0.548094 0.40362
0.0122246 0.133618 0.000650217 0.598085 0.255422
0.0413548 0.054782 0.00870802 0.576083 0.319072
9.9991E-05 0.199479 0.159548 0.520871 0.120002
0.077584 0.192641 0.125343 0.47988 0.124553
9.9991E-05 0.218866 0.285516 0.300677 0.194841
9.9991E-05 0.20168 0.22282 0.355515 0.219886
0.0816569 0.178977 0.201974 0.457572 0.0798192
9.9991E-05 0.18784 0.119536 0.504232 0.188293
9.9982E-05 0.176494 0.158095 9.9982E-05 0.665211
9.9991E-05 0.128816 0.212195 0.547745 0.111144
9.9982E-05 0.367677 0.118207 9.9982E-05 0.513915
9.9991E-05 0.0770079 0.187589 0.537871 0.197432
9.9973E-05 9.9973E-05 9.9973E-05 0.237903 0.761797
0.0625166 9.9982E-05 9.9982E-05 0.0808551 0.856428
0.00253819 9.9991E-05 0.000833388 0.591596 0.404933
9.9991E-05 0.0315123 0.0255014 0.669258 0.273629
0.0015806 9.9982E-05 9.9982E-05 0.511242 0.486978
0.013181 0.0010255 0.0351969 0.632009 0.318587
9.9982E-05 9.9982E-05 0.0040324 0.638797 0.35697
0.0892212 0.874151 0.0338455 0.00268252 9.9991E-05
0.083424 0.770485 0.0797537 0.0431072 0.0232298
0.0341598 0.929957 0.0356837 9.9982E-05 9.9982E-05
9.9973E-05 0.966549 9.9973E-05 0.0331506 9.9973E-05
0.0573594 0.0553669 0.0338567 0.657939 0.195478
0.152882 0.0554585 9.9991E-05 0.642248 0.149311
0.132318 9.9982E-05 9.9982E-05 0.688761 0.178721
0.110673 0.0708099 9.9991E-05 0.69479 0.123628
0.0881907 0.125474 0.00538215 0.680606 0.100347
0.266682 0.0241194 9.9991E-05 0.450028 0.259071
0.0556441 0.0284418 0.000206075 0.78785 0.127858
0.0441465 9.9982E-05 9.9982E-05 0.440489 0.515165
0.0870129 0.35028 0.152893 0.409715 9.9991E-05
0.0681943 0.000138982 9.9991E-05 0.561005 0.370562
0.213415 9.9982E-05 9.9982E-05 0.528433 0.257952
0.0576225 9.9982E-05 9.9982E-05 0.676721 0.265457
0.24001 9.9982E-05 9.9982E-05 0.593762 0.166028
9.9982E-05 9.9982E-05 0.0116394 0.711445 0.276716
0.0832139 0.0522206 0.0174575 0.62331 0.223798
0.0295336 9.9982E-05 9.9982E-05 0.213777 0.75649
0.0573138 9.9982E-05 9.9982E-05 0.47698 0.465506
0.0510774 9.9982E-05 9.9982E-05 0.515355 0.433368
0.0288935 9.9982E-05 9.9982E-05 0.0823313 0.888575
0.203508 0.0651821 9.9991E-05 0.528899 0.20231
0.0658169 9.9982E-05 9.9982E-05 0.213209 0.720775
0.0847356 9.9982E-05 9.9982E-05 0.039815 0.875249
0.0390791 0.0228007 0.0681453 0.632403 0.237572
0.337261 9.9982E-05 9.9982E-05 0.370733 0.291807
0.198932 9.9982E-05 9.9982E-05 0.613358 0.18751
0.0799979 0.10387 0.0712746 0.621659 0.123199
0.153195 0.0186349 9.9991E-05 0.663486 0.164583
0.281188 9.9991E-05 0.0607143 0.371943 0.286055
0.125068 0.0524175 0.00564295 0.661023 0.155849
0.21188 0.00148091 9.9991E-05 0.643998 0.14254
0.0479376 9.9982E-05 9.9982E-05 0.503103 0.44876
0.138285 0.150159 9.9991E-05 0.588394 0.123062
0.282477 0.687625 9.9982E-05 9.9982E-05 0.0296981
0.198271 0.771814 9.9982E-05 9.9982E-05 0.0297151
0.144782 0.852986 9.9982E-05 9.9982E-05 0.00203197
0.15748 0.832707 9.9982E-05 9.9982E-05 0.0096129
0.182144 0.769647 9.9991E-05 0.02386 0.0242488
0.358925 9.9982E-05 9.9982E-05 0.315651 0.325224
0.334075 9.9982E-05 9.9982E-05 0.342568 0.323157
0.0157435 9.9982E-05 9.9982E-05 0.389332 0.594725
0.139676 0.0504115 0.079335 0.599308 0.13127
0.0686058 0.145893 0.0422121 0.606065 0.137225
0.0418434 9.9991E-05 0.0158234 0.430818 0.511415
0.0790731 9.9991E-05 0.0283158 0.705813 0.186698
0.0662506 0.0444975 0.0244316 0.540813 0.324007
0.156982 0.0313856 9.9991E-05 0.630535 0.180998
0.0610531 0.0410922 0.0441889 0.705234 0.148432
0.285134 9.9982E-05 9.9982E-05 0.405986 0.308681
0.272502 9.9982E-05 9.9982E-05 0.480628 0.246671
0.248731 9.9982E-05 9.9982E-05 0.511817 0.239252
0.0583013 0.143313 0.0363815 0.638582 0.123423
0.251055 9.9982E-05 9.9982E-05 0.557141 0.191603
0.20845 0.0428342 9.9991E-05 0.547016 0.2016
0.0258987 0.143658 0.383487 0.443223 0.00373214
0.0064485 0.128792 0.473461 0.321421 0.0698768
0.0102762 0.107825 0.401401 0.480398 9.9991E-05
0.0224657 0.152063 0.538679 0.22834 0.0584536
0.0356062 0.150927 0.29335 0.498628 0.0214886
9.9982E-05 0.0827706 9.9982E-05 0.594199 0.32283
0.00204903 0.25989 0.657137 9.9991E-05 0.0808233
0.0189722 0.152962 0.512293 0.288 0.0277738
0.00598925 0.180109 0.167332 0.408879 0.237691
0.0845199 0.186434 9.9991E-05 0.590041 0.138906
0.0505628 0.195473 0.00346604 0.532321 0.218178
0.0486556 0.167381 0.0238542 0.602573 0.157536
0.0640401 0.157112 0.0215596 0.694917 0.0623709
9.9982E-05 0.178969 0.474096 0.346734 9.9982E-05
0.0732278 0.116781 0.390429 0.417904 0.0016577
9.9982E-05 0.110137 0.485226 0.404437 9.9982E-05
0.0717631 0.130283 0.302501 0.444816 0.0506362
0.019427 0.161344 0.504498 0.21315 0.101581
0.0504224 0.105158 0.402355 0.398052 0.044012
9.9991E-05 0.133266 0.588817 0.223265 0.054552
0.0269278 0.1362 0.349423 0.3985 0.0889484
9.9991E-05 0.155386 0.0381936 0.470838 0.335482
0.0104593 0.151588 0.363039 0.425053 0.0498603
9.9991E-05 0.240031 0.597948 0.134423 0.0274975
0.0669064 0.150558 0.361501 0.399952 0.0210837
0.149681 0.235085 9.9991E-05 0.320954 0.294179
9.9991E-05 0.0970797 0.0460367 0.638951 0.217833
0.0458727 0.159871 0.361686 0.361411 0.0711596
0.111326 0.184344 9.9991E-05 0.579976 0.124254
0.0638873 0.231211 0.00260234 0.507475 0.194824
0.00658315 0.253622 0.199998 0.371181 0.168615
9.9991E-05 0.22448 0.289601 0.368992 0.116827
0.0752662 0.124769 0.0713164 0.598624 0.130024
0.0524479 0.161071 0.298899 0.476887 0.0106949
0.000848376 0.114235 0.443873 0.440943 9.9991E-05
9.9991E-05 0.223418 0.618153 0.102329 0.0560002
0.0351834 0.127417 0.0343363 0.716166 0.086897
0.0612814 0.197324 9.9991E-05 0.473588 0.267706
9.9991E-05 0.150881 0.0386825 0.146017 0.664319
0.0230866 0.178295 0.0434199 0.619602 0.135596
0.163199 0.0894348 0.0592026 0.431719 0.256446
9.9991E-05 0.206568 0.164928 0.463866 0.164539
0.0213301 0.192278 0.109584 0.489274 0.187533
9.9982E-05 0.403622 0.136634 9.9982E-05 0.459544
9.9982E-05 0.372023 0.0830262 9.9982E-05 0.544751
9.9991E-05 0.224736 0.0981224 0.299659 0.377382
9.9991E-05 0.359384 0.209656 0.00656952 0.424291
9.9982E-05 0.519274 0.183536 9.9982E-05 0.29699
9.9991E-05 0.238043 0.104198 0.339387 0.318272
0.0257573 0.239773 0.176826 0.360453 0.19719
9.9991E-05 0.300845 0.193265 0.115823 0.389968
9.9991E-05 0.30961 0.169195 0.0511329 0.469963
9.9991E-05 0.196849 0.144554 0.486496 0.172
9.9991E-05 0.275146 0.15896 0.132844 0.43295
9.9982E-05 0.420886 0.0672991 9.9982E-05 0.511615
0.134519 0.113618 0.158274 0.512988 0.0806007
9.9991E-05 0.225627 0.189472 0.304521 0.280279
0.0126569 0.308722 0.18318 0.41949 0.0759514
9.9982E-05 0.191837 0.214113 0.59385 9.9982E-05
9.9991E-05 0.18145 0.181857 0.558958 0.0776352
9.9991E-05 0.168106 0.291006 0.434203 0.106585
0.078155 0.36499 0.234349 0.322406 9.9991E-05
0.00378737 0.223398 0.201604 0.54186 0.0293498
0.0459894 0.239723 0.187566 0.526622 9.9991E-05
9.9991E-05 0.272816 0.268791 0.267079 0.191213
0.168702 0.208294 0.120257 0.362582 0.140166
0.0619259 0.199549 0.131238 0.532126 0.0751614
0.0600474 0.157101 0.185214 0.526847 0.0707902
0.0275356 0.151569 0.125644 0.584423 0.110829
9.9991E-05 0.306186 0.211567 0.455102 0.0270449
0.00622192 0.234249 0.189414 0.507359 0.0627559
9.9991E-05 0.388343 0.299605 0.0250338 0.286918
9.9991E-05 0.175415 0.215874 0.51455 0.0940618
9.9991E-05 0.332706 0.317071 0.154932 0.195192
0.186298 0.813402 9.9973E-05 9.9973E-05 9.9973E-05
0.805036 0.0383742 0.0201615 0.136328 9.9991E-05
0.9996 9.997E-05 9.997E-05 9.997E-05 9.997E-05
0.9996 9.997E-05 9.997E-05 9.997E-05 9.997E-05
0.96842 9.9982E-05 0.0112282 0.0201514 9.9982E-05
0.982823 9.9973E-05 0.0168773 9.9973E-05 9.9973E-05
0.96956 9.9973E-05 9.9973E-05 0.0301405 9.9973E-05
0.9996 9.997E-05 9.997E-05 9.997E-05 9.997E-05
0.852862 0.146838 9.9973E-05 9.9973E-05 9.9973E-05
0.104721 0.894247 9.9982E-05 0.000832354 9.9982E-05
0.124887 0.818478 9.9982E-05 0.0564355 9.9982E-05
0.0776772 0.887967 0.00892219 0.0253338 9.9991E-05
0.0876063 0.878778 9.9982E-05 0.0334153 9.9982E-05
0.103558 0.882545 0.0136968 9.9982E-05 9.9982E-05
0.026208 0.921346 9.9982E-05 0.0522459 9.9982E-05
0.0153647 0.763098 0.0872258 0.134211 9.9991E-05
9.9973E-05 0.889067 9.9973E-05 0.110633 9.9973E-05
0.0765537 0.746411 0.0340758 0.142859 9.9991E-05
9.9982E-05 0.928977 0.0577061 0.013117 9.9982E-05
0.0214256 0.978275 9.9973E-05 9.9973E-05 9.9973E-05
0.0241621 0.915194 0.010377 0.0501666 9.9991E-05
9.9973E-05 0.995523 9.9973E-05 0.00417693 9.9973E-05
9.9991E-05 0.956558 0.0015064 0.0387213 0.00311454
9.9982E-05 0.915752 0.0182507 0.0657971 9.9982E-05
9.9982E-05 0.929815 0.00150452 0.0684801 9.9982E-05
9.9982E-05 0.874475 0.0621641 0.0631607 9.9982E-05
9.9982E-05 0.868067 0.0263846 0.105348 9.9982E-05
9.9982E-05 0.817834 0.0870404 0.0949254 9.9982E-05
0.101942 0.158878 9.9991E-05 0.448142 0.290938
0.0300467 0.142087 9.9991E-05 0.727518 0.100249
0.0334892 0.167086 0.0467366 0.632102 0.120586
9.9991E-05 0.148648 0.0262942 0.0954603 0.729498
0.152312 0.160103 9.9991E-05 0.519586 0.167899
9.9991E-05 0.184227 0.0237864 0.0622941 0.729592
9.9991E-05 0.112156 0.0246055 0.671589 0.19155
0.106088 0.191519 9.9991E-05 0.493917 0.208376
0.0483401 0.198686 9.9991E-05 0.535007 0.217867
0.164728 0.0260785 9.9991E-05 0.60713 0.201963
0.095138 0.166393 9.9991E-05 0.495299 0.24307
9.9991E-05 0.0907861 0.00694047 0.718461 0.183713
0.0800101 0.143996 0.00653896 0.567328 0.202127
0.477023 9.9991E-05 0.102972 0.00673908 0.413166
9.9982E-05 0.158177 9.9982E-05 0.00776249 0.833861
9.9991E-05 0.154891 0.0342338 0.134209 0.676566
0.0250616 0.1443 0.0269477 0.64328 0.160411
9.9991E-05 0.111234 0.0406243 0.477564 0.370478
9.9982E-05 0.107572 9.9982E-05 0.633221 0.259007
0.00414845 0.123243 0.05615 0.648935 0.167524
0.0716411 0.231577 0.176299 0.458353 0.0621303
0.00844923 0.243956 0.167421 0.549101 0.0310721
0.217863 0.398245 0.127648 0.185159 0.071085
0.180778 0.185435 0.0581576 0.562284 0.0133452
0.170328 0.215188 0.153817 0.403336 0.0573306
9.9982E-05 0.438419 0.166967 9.9982E-05 0.394413
9.9991E-05 0.304709 0.240565 0.253154 0.201472
0.0362316 0.382025 0.166757 0.32734 0.0876461
0.131013 0.338878 0.0880089 0.406798 0.0353022
0.0745573 0.152226 0.109284 0.573634 0.0902981
0.096877 0.210687 0.139756 0.518745 0.0339354
0.0140723 0.186259 0.127893 0.574529 0.0972473
0.062805 0.145943 0.215652 0.391844 0.183757
0.0932903 0.509688 0.11935 0.250617 0.0270544
