9.9982E-05 0.0155902 0.897552 0.0288352 9.9982E-05 0.0578226
9.9973E-05 0.0238843 0.916372 9.9973E-05 9.9973E-05 0.0594441
0.0378876 0.0798934 0.788976 0.0930431 9.9982E-05 9.9982E-05
0.0115335 9.9982E-05 0.818573 0.0677669 9.9982E-05 0.101926
0.0267898 0.000270161 0.821144 0.0663851 0.00331999 0.0820906
0.0289665 0.0355561 0.587897 0.126693 0.161224 0.0596634
0.000631066 9.9982E-05 0.830444 9.9982E-05 0.0823672 0.086358
9.9973E-05 9.9973E-05 0.757043 9.9973E-05 0.100847 0.141811
9.9982E-05 0.0107308 0.838976 9.9982E-05 0.0829788 0.0671147
0.0722769 9.9991E-05 0.674469 0.0989179 0.0798754 0.0743605
0.051141 9.9991E-05 0.73896 0.00314527 0.0662692 0.140385
0.230524 0.173447 9.9991E-05 0.0865321 0.0394625 0.469934
0.55046 0.0342578 9.9982E-05 0.0833655 9.9982E-05 0.331717
0.282562 0.0626007 0.0257055 0.0759825 0.156163 0.396987
0.277347 0.116827 9.9991E-05 0.171017 0.127559 0.30715
0.347592 0.0877997 0.192205 0.123056 0.0208323 0.228515
0.621144 0.121805 0.0562176 0.0294036 0.00156324 0.169867
0.422194 0.201448 0.0184587 0.122212 9.9991E-05 0.235587
0.275849 0.211039 0.0918415 0.120055 9.9991E-05 0.301115
9.9991E-05 0.120095 0.0212256 0.0840164 0.0920262 0.682537
0.370918 0.142811 9.9991E-05 0.0930724 0.0967127 0.296385
0.459594 0.0795786 0.0374036 0.0373352 0.210246 0.175842
0.547406 0.0768667 0.0505182 0.0810958 0.0703655 0.173748
0.264699 0.240034 0.0228344 0.0898431 0.0268968 0.355693
0.560581 0.106621 0.045866 0.131035 0.0667174 0.0891799
0.588759 0.0117798 0.0166801 0.102758 9.9991E-05 0.279924
0.163708 0.240133 0.0625686 0.102336 9.9991E-05 0.431154
0.185371 0.103171 9.9991E-05 0.215307 0.0494865 0.446564
0.218518 0.162278 0.00387113 0.0215145 0.157009 0.43681
0.066075 9.9973E-05 0.867623 0.0660019 9.9973E-05 9.9973E-05
0.10213 9.9973E-05 0.871587 0.0259823 9.9973E-05 9.9973E-05
0.108164 0.0271568 0.788231 0.0762484 9.9982E-05 9.9982E-05
0.0708079 0.118783 0.729281 0.0809283 9.9982E-05 9.9982E-05
0.562718 0.229676 0.0611283 9.9991E-05 0.0520322 0.0943465
0.444755 0.29602 0.0788852 0.106715 9.9991E-05 0.0735251
0.546777 0.396177 9.9973E-05 0.0567454 9.9973E-05 9.9973E-05
0.154285 0.119286 0.0777215 9.9991E-05 0.077351 0.571257
0.233983 0.628689 0.0165381 0.0747535 0.0459369 9.9991E-05
0.447855 0.372382 0.0807702 0.0100252 9.9991E-05 0.0888681
0.650949 0.204156 0.0105207 0.0765707 0.0577033 9.9991E-05
0.603428 0.134481 0.110982 9.9991E-05 0.118688 0.0323208
0.642212 0.114374 0.106876 0.024096 0.018005 0.0944377
0.094106 0.741549 0.0239077 9.9991E-05 0.0315459 0.108791
0.527199 0.117307 0.0452408 0.112522 0.186132 0.0115995
0.524358 0.233749 0.0687541 0.172939 9.9982E-05 9.9982E-05
0.621773 0.0926889 0.150311 0.0171406 0.0516829 0.0664036
0.308731 0.653451 9.9973E-05 9.9973E-05 0.0375177 9.9973E-05
0.631031 0.179874 0.032399 0.0373965 0.1192 9.9991E-05
0.567582 0.228188 0.0956508 9.9982E-05 9.9982E-05 0.108379
9.9973E-05 0.659472 0.0417564 9.9973E-05 0.298472 9.9973E-05
0.114769 0.183841 0.00471107 0.0783648 0.129721 0.488593
0.122883 0.170811 9.9982E-05 9.9982E-05 0.521937 0.18417
0.518634 0.0783537 0.078556 0.0483356 0.0468926 0.229228
0.592733 0.0140064 0.120618 0.0903255 0.0773555 0.104961
0.656355 0.0573239 0.0107248 0.0378149 0.182632 0.0551487
0.146475 0.187208 0.0375014 0.0368036 0.19922 0.392792
0.636613 9.9982E-05 0.0742768 9.9982E-05 0.128054 0.160856
0.611295 0.0809187 0.0777787 0.0479161 0.0778654 0.104226
0.347724 0.248965 0.128653 0.0124491 0.0557988 0.206411
0.050688 0.14002 0.190728 0.0465981 0.232722 0.339244
0.633719 0.12924 0.0963521 0.0201473 0.0459173 0.0746248
0.419925 0.0664216 0.056272 0.0174818 0.134154 0.305745
0.0609054 0.136194 0.0493813 9.9991E-05 0.300142 0.453277
0.544786 0.116932 0.0101103 0.0112217 0.0791736 0.237777
0.673008 0.139806 0.0243979 0.048982 0.103592 0.0102137
0.635484 0.0263148 0.0881479 0.00661372 0.108332 0.135107
0.242432 0.297896 0.0239467 0.0621595 0.146331 0.227234
0.519996 0.150485 9.9991E-05 0.0757478 0.119672 0.133999
0.662107 0.0405662 0.0330647 0.0670335 9.9991E-05 0.197129
0.218173 0.194858 0.0211858 9.9991E-05 0.186735 0.378948
0.489055 0.440497 9.9973E-05 9.9973E-05 9.9973E-05 0.0701482
0.129795 0.734042 0.0287421 0.00418564 9.9991E-05 0.103135
0.601499 0.194893 0.0899743 0.0441812 0.0330987 0.0363536
9.9964E-05 0.838876 9.9964E-05 9.9964E-05 0.160725 9.9964E-05
9.9973E-05 0.756849 9.9973E-05 9.9973E-05 0.207988 0.0348633
0.220419 0.723849 9.9973E-05 9.9973E-05 0.0554317 9.9973E-05
0.406418 0.54308 0.0398715 9.9982E-05 9.9982E-05 0.0104313
0.513835 0.21671 0.181188 9.9982E-05 0.088067 9.9982E-05
0.345433 0.515924 9.9991E-05 0.0749205 0.0135042 0.0501184
0.0384184 0.710723 0.0226227 0.049076 9.9991E-05 0.17906
0.208669 0.508158 0.0360755 9.9982E-05 9.9982E-05 0.246897
0.453994 0.261894 0.11891 0.0886194 0.0371274 0.0394553
0.237361 0.658641 0.0617982 0.00980909 9.9991E-05 0.0322902
0.452092 0.491621 0.0559877 9.9973E-05 9.9973E-05 9.9973E-05
0.377562 0.610058 0.00353657 9.9991E-05 0.00341496 0.00532834
9.9982E-05 0.775302 9.9982E-05 0.00564403 0.212139 0.00671571
0.516325 0.371858 0.0641927 0.0393264 9.9991E-05 0.00819805
0.113635 9.9982E-05 0.811996 0.00974297 9.9982E-05 0.0644253
0.0767731 9.9964E-05 0.922827 9.9964E-05 9.9964E-05 9.9964E-05
0.078168 9.9973E-05 0.888719 0.0328129 9.9973E-05 9.9973E-05
0.0324285 0.0119107 0.934307 0.0211533 9.9982E-05 9.9982E-05
0.0929795 0.00568627 0.901034 9.9973E-05 9.9973E-05 9.9973E-05
0.0621181 0.0392344 0.883244 9.9982E-05 9.9982E-05 0.0152035
0.0705794 9.9964E-05 0.929021 9.9964E-05 9.9964E-05 9.9964E-05
0.556033 0.243424 0.131214 0.0483562 9.9991E-05 0.0208727
0.455477 0.227356 0.153473 0.0891749 9.9991E-05 0.0744197
0.0269333 0.825437 0.0450977 9.9982E-05 9.9982E-05 0.102332
0.512775 0.251041 0.123179 0.029675 0.0408602 0.0424695
0.36524 0.461786 0.0265138 0.0415735 9.9991E-05 0.104786
0.56757 0.331996 0.0964896 9.9982E-05 0.00374421 9.9982E-05
0.589649 0.155818 9.9991E-05 0.0247104 0.203815 0.0259074
0.40553 0.44608 9.9982E-05 0.12796 0.0202307 9.9982E-05
9.9982E-05 0.74232 0.0605572 9.9982E-05 0.0318638 0.165059
0.447148 0.214961 0.212808 0.0381097 0.042646 0.044328
0.619993 0.200309 0.0672131 0.039441 0.0729441 9.9991E-05
0.488171 0.178296 0.151311 0.0707282 9.9991E-05 0.111394
0.140874 0.564946 9.9982E-05 0.0942721 0.199708 9.9982E-05
0.48052 0.434977 0.0379836 9.9982E-05 0.046319 9.9982E-05
0.396542 0.479138 9.9982E-05 9.9982E-05 0.00290822 0.121212
0.219804 0.614001 9.9982E-05 0.147657 0.0183385 9.9982E-05
0.382703 0.49377 0.0670973 9.9982E-05 9.9982E-05 0.0562298
0.643527 0.189881 0.0986795 0.027909 0.0399039 9.9991E-05
0.158176 0.15955 0.056569 0.0588885 0.233965 0.332851
0.42158 0.0473985 0.119341 0.0579481 0.0241419 0.32959
0.554407 0.0582064 0.1454 0.0615243 9.9991E-05 0.180362
0.466591 0.143351 0.0310034 0.0910581 0.130901 0.137097
0.543697 0.0466714 9.9982E-05 9.9982E-05 0.0498578 0.359574
0.606713 0.0351277 9.9991E-05 0.0149414 0.118844 0.224274
0.553472 0.0406211 9.9982E-05 9.9982E-05 0.055747 0.34996
0.547159 0.0402605 0.127661 9.9991E-05 0.139442 0.145377
0.640665 0.0955997 0.0305753 0.0522543 0.0501448 0.130761
0.609412 0.0828638 0.0573256 9.9991E-05 0.0586294 0.191669
0.523077 0.06349 0.0412464 9.9982E-05 9.9982E-05 0.371986
0.686766 9.9982E-05 9.9982E-05 0.0194041 0.0214286 0.272201
0.555005 0.0060059 0.0791013 0.0924028 0.124656 0.142829
0.559039 0.0619084 0.0200495 0.0803039 0.0192462 0.259453
0.56514 0.0332542 0.0652664 0.032548 0.210619 0.0931726
0.646266 9.9982E-05 9.9982E-05 0.0530059 0.0446647 0.255863
0.43032 9.9982E-05 0.0504792 9.9982E-05 0.233322 0.285679
0.704986 9.9982E-05 9.9982E-05 0.0186811 0.0791929 0.19694
0.718559 9.9991E-05 0.0207253 0.0150177 0.0940859 0.151512
0.200953 0.202185 9.9991E-05 0.0723035 0.0788767 0.445582
0.186899 0.088555 9.9991E-05 0.0825913 0.335276 0.306578
0.546235 0.117405 0.00288451 9.9991E-05 0.119555 0.213821
0.0757346 0.13998 9.9991E-05 0.0511969 0.457259 0.275729
0.328223 0.123672 0.000575855 0.0353549 0.0735593 0.438615
0.485039 0.135556 9.9982E-05 9.9982E-05 0.0496382 0.329567
0.305227 0.195231 0.0340642 9.9991E-05 0.000985083 0.464393
0.341513 0.164743 0.0225799 0.0050161 0.0359204 0.430228
0.609135 0.0645302 0.0635833 0.0298241 0.111133 0.121794
0.639613 0.0960234 0.0994355 0.0440722 0.0676785 0.0531773
0.59661 0.133133 0.0509506 0.000481125 0.0404265 0.178399
0.198376 0.133459 9.9991E-05 0.0321568 0.353495 0.282413
0.495025 0.146953 0.146346 0.0988044 0.112771 9.9991E-05
0.429826 0.160666 0.0216958 0.0573214 0.266205 0.0642867
0.050607 0.0765048 0.165985 9.9991E-05 0.587309 0.119495
0.690215 0.056848 0.120058 9.9991E-05 0.107583 0.0251952
0.404493 0.130564 0.141194 9.9991E-05 0.300572 0.0230768
0.466474 0.0896808 0.120788 0.061256 0.1818 0.0800015
0.278913 0.0804322 0.119336 9.9991E-05 0.482697 0.0385225
0.246487 0.0737601 0.0772509 9.9991E-05 0.467016 0.135386
0.485508 0.128448 0.0246688 9.9991E-05 0.245808 0.115467
0.506795 0.0878731 0.0939958 0.0521889 0.0885022 0.170645
0.450328 0.0888715 0.135142 0.0678517 0.166347 0.0914594
9.9991E-05 0.282296 0.0625541 0.143132 0.454543 0.057374
0.490027 0.0700689 0.0592728 0.117135 0.150912 0.112584
0.368822 0.141185 9.9982E-05 9.9982E-05 0.381429 0.108364
0.540496 0.0719865 9.9991E-05 0.0154236 0.278276 0.0937182
0.579846 0.191719 0.0814205 0.0927836 0.054131 9.9991E-05
0.200085 0.0285059 0.361448 0.222903 0.164106 0.0229524
9.9973E-05 9.9973E-05 0.555939 0.118107 0.325654 9.9973E-05
9.9973E-05 9.9973E-05 0.438969 0.14445 0.416281 9.9973E-05
0.0862475 9.9991E-05 0.401853 0.300686 0.162359 0.0487547
0.714708 0.0463284 9.9973E-05 9.9973E-05 0.238664 9.9973E-05
0.559529 0.141527 0.102948 0.112685 0.0832103 9.9991E-05
0.227338 0.0542433 9.9973E-05 0.718119 9.9973E-05 9.9973E-05
0.24919 0.0843596 0.0630373 0.472009 9.9991E-05 0.131304
0.349363 0.00703911 0.0466956 0.466172 0.0456418 0.0850892
0.40494 0.0494118 9.9982E-05 9.9982E-05 0.516919 0.0285296
0.489435 0.0367698 0.0327706 0.104776 0.21129 0.124958
0.307665 9.9964E-05 9.9964E-05 9.9964E-05 0.691935 9.9964E-05
0.700309 0.0690857 9.9982E-05 9.9982E-05 0.221569 0.00883649
0.441299 0.174954 0.0491229 0.0215511 0.312972 9.9991E-05
0.607147 9.9991E-05 0.0379748 0.0170366 0.309401 0.0283403
0.272777 0.0497519 9.9982E-05 9.9982E-05 0.630428 0.0468428
0.460924 0.0725927 9.9991E-05 0.205056 0.166873 0.0944538
0.635373 0.00880377 0.105264 0.000216569 0.195501 0.0548413
9.996E-05 9.996E-05 9.996E-05 0.9995 9.996E-05 9.996E-05
0.0417278 9.9982E-05 9.9982E-05 0.931884 0.0158429 0.0103449
0.289201 0.0113706 0.0731379 0.598587 9.9991E-05 0.0276037
0.363854 9.9964E-05 9.9964E-05 0.635746 9.9964E-05 9.9964E-05
0.12222 0.0140647 9.9982E-05 0.851935 9.9982E-05 0.0115805
9.996E-05 9.996E-05 9.996E-05 0.9995 9.996E-05 9.996E-05
9.996E-05 9.996E-05 9.996E-05 0.9995 9.996E-05 9.996E-05
0.110146 9.9964E-05 9.9964E-05 0.889454 9.9964E-05 9.9964E-05
9.9964E-05 9.9964E-05 9.9964E-05 0.963336 9.9964E-05 0.0362638
9.996E-05 9.996E-05 9.996E-05 0.9995 9.996E-05 9.996E-05
9.9964E-05 9.9964E-05 0.00207236 0.997528 9.9964E-05 9.9964E-05
0.196635 9.9982E-05 0.000922501 0.767962 9.9982E-05 0.0342808
0.08889 0.0226421 0.0535738 0.793822 9.9991E-05 0.0409718
9.9964E-05 0.0161857 9.9964E-05 0.983414 9.9964E-05 9.9964E-05
0.305163 0.0785991 0.106873 0.387277 0.0778995 0.0441891
0.212026 0.0190702 0.0563613 0.645452 9.9991E-05 0.0669902
0.200973 9.9982E-05 0.0167695 0.775204 0.00685348 9.9982E-05
0.0659338 9.9982E-05 0.0333171 0.871091 9.9982E-05 0.0294585
9.996E-05 9.996E-05 9.996E-05 0.9995 9.996E-05 9.996E-05
0.0380956 0.0115535 0.0316588 0.918492 9.9982E-05 9.9982E-05
9.996E-05 9.996E-05 9.996E-05 0.9995 9.996E-05 9.996E-05
0.21043 0.100455 0.064495 0.613666 0.00634012 0.00461432
0.0414732 9.9982E-05 0.0427987 0.867047 9.9982E-05 0.0484812
9.9973E-05 9.9973E-05 0.335244 0.0635525 0.600904 9.9973E-05
0.423458 9.9991E-05 0.197302 0.057428 0.218763 0.102949
0.463498 0.0184363 0.228064 0.0578521 0.23205 9.9991E-05
0.216654 9.9991E-05 0.23509 0.0534191 0.465504 0.0292325
0.418589 0.0947468 0.101363 0.145412 0.163795 0.0760943
0.198115 0.0484335 0.300666 0.100052 0.352633 9.9991E-05
0.449892 0.0381845 0.177169 0.0942481 0.213253 0.0272545
0.322692 0.00278998 0.145099 0.144646 0.384672 9.9991E-05
0.483877 9.9982E-05 0.128393 0.15798 0.229549 9.9982E-05
0.312474 9.9982E-05 0.0947815 0.264063 0.328481 9.9982E-05
0.420763 0.0905859 0.164753 0.145843 0.176184 0.00187081
0.0357625 9.9982E-05 0.843995 9.9982E-05 0.0221941 0.0978489
9.9973E-05 9.9973E-05 0.908124 0.0631744 0.0284014 9.9973E-05
9.9964E-05 9.9964E-05 0.950922 9.9964E-05 9.9964E-05 0.0486783
0.00691145 9.9973E-05 0.938399 9.9973E-05 9.9973E-05 0.0543896
9.9973E-05 9.9973E-05 0.895736 0.0197086 9.9973E-05 0.0842557
9.9973E-05 9.9973E-05 0.911477 0.0770882 0.0111344 9.9973E-05
0.0355314 9.9973E-05 0.920004 0.0441645 9.9973E-05 9.9973E-05
0.00550893 9.9982E-05 0.89349 9.9982E-05 0.0824753 0.0183261
0.00999604 0.0263126 0.940331 0.0159309 0.00732956 9.9991E-05
9.9973E-05 9.9973E-05 0.832837 0.138018 9.9973E-05 0.0288456
9.9991E-05 0.0826966 0.621219 0.000350344 0.0418412 0.253793
9.9973E-05 0.059563 0.628634 9.9973E-05 9.9973E-05 0.311504
9.9982E-05 0.00881674 0.5564 9.9982E-05 0.144888 0.289695
9.9982E-05 0.106671 0.489942 9.9982E-05 0.0561365 0.34705
0.462742 0.285934 0.086141 0.0157525 9.9991E-05 0.14933
0.387559 0.377317 0.0230882 0.0889874 0.0239266 0.0991219
0.497014 0.182146 9.9982E-05 0.12603 9.9982E-05 0.19461
0.443237 0.164016 0.0226619 9.9991E-05 0.0663215 0.303664
0.177034 0.155268 9.9991E-05 0.0157386 0.0367291 0.615131
0.585801 0.212359 0.00848761 0.0711228 0.0449218 0.0773081
0.541907 0.303034 9.9991E-05 0.0207184 0.0353148 0.0989255
0.524692 0.22864 9.9982E-05 9.9982E-05 0.139444 0.107024
0.34342 0.575314 9.9982E-05 0.054998 0.0260679 9.9982E-05
0.689417 0.0751818 0.0475026 9.9991E-05 0.0956832 0.0921156
0.437298 0.416169 0.00552838 9.9982E-05 9.9982E-05 0.140804
9.9973E-05 0.719248 9.9973E-05 9.9973E-05 0.204109 0.0763429
0.589499 9.9982E-05 0.0594907 9.9982E-05 0.182073 0.168737
0.201542 0.555905 9.9982E-05 9.9982E-05 0.216368 0.0259848
0.517174 0.373913 0.0128989 9.9982E-05 0.0958146 9.9982E-05
0.0184677 0.711142 0.0295222 0.0422687 9.9991E-05 0.198499
0.0137446 9.9982E-05 0.112044 9.9982E-05 0.151949 0.722063
0.0959028 9.9982E-05 0.0776298 9.9982E-05 0.120804 0.705464
9.9973E-05 9.9973E-05 0.0474303 9.9973E-05 0.103738 0.848532
9.9973E-05 9.9973E-05 0.10575 9.9973E-05 0.103466 0.790484
0.0568466 9.9982E-05 0.0193838 9.9982E-05 0.17449 0.74908
0.0616878 9.9991E-05 0.039133 0.0856173 0.0125609 0.800901
0.077076 9.9964E-05 0.922524 9.9964E-05 9.9964E-05 9.9964E-05
0.0147649 9.9982E-05 0.80756 0.0752081 9.9982E-05 0.102267
0.12525 9.9973E-05 0.769583 0.104867 9.9973E-05 9.9973E-05
0.0693043 9.9982E-05 0.785403 0.105488 9.9982E-05 0.0396049
0.0951942 0.00708393 0.798328 0.0717328 9.9991E-05 0.0275607
9.9982E-05 0.0339747 0.32748 9.9982E-05 0.0696336 0.568712
9.9982E-05 0.025323 0.453978 9.9982E-05 0.0966986 0.4238
9.9991E-05 0.0437161 0.452309 0.0187717 0.0238691 0.461234
0.142679 9.9982E-05 0.830398 0.0238063 9.9982E-05 0.00291668
9.9973E-05 0.0878746 0.395132 9.9973E-05 9.9973E-05 0.516693
0.317455 9.9982E-05 0.255546 0.345268 0.0815302 9.9982E-05
0.495767 0.0188889 0.125288 0.210201 0.0278089 0.122045
0.530546 9.9973E-05 0.177134 0.292021 9.9973E-05 9.9973E-05
0.305713 0.132581 0.287144 0.201891 0.0626956 0.00997579
0.442114 0.07369 0.14512 0.209567 0.0246425 0.104867
9.9973E-05 9.9973E-05 0.450709 0.329335 0.219656 9.9973E-05
0.46012 0.172401 9.9982E-05 9.9982E-05 0.0687695 0.29851
0.374487 0.0933501 0.0226115 0.000171171 0.254341 0.255039
0.292661 0.0350355 0.0385946 0.0380461 9.9991E-05 0.595563
0.474535 0.101802 9.9982E-05 9.9982E-05 0.238143 0.18532
9.9973E-05 0.208429 9.9973E-05 9.9973E-05 0.617517 0.173753
0.501534 0.0404548 0.091176 0.114775 0.0672951 0.184765
0.543564 0.0139869 0.00275854 9.9991E-05 0.27058 0.169011
0.354567 0.135619 9.9982E-05 9.9982E-05 0.0821467 0.427467
0.549441 0.0760462 0.0799928 0.0820709 0.105942 0.106506
0.170949 0.196974 9.9982E-05 9.9982E-05 0.317122 0.314755
0.491329 0.108044 9.9991E-05 0.0494182 0.22401 0.127099
0.552092 0.0293455 9.9982E-05 9.9982E-05 0.10623 0.312133
0.351979 0.116369 0.134871 0.210876 0.0843908 0.101514
0.417478 0.0465552 9.9991E-05 0.019655 0.212792 0.30342
0.465782 0.0696105 0.00460529 9.9991E-05 0.200728 0.259174
0.445414 0.0982896 0.00149331 0.0738071 0.288636 0.0923608
0.500945 0.201878 0.0114098 9.9991E-05 0.156871 0.128797
0.658909 0.0919628 0.0443506 0.071061 0.0340251 0.0996919
0.513704 0.0618132 0.032116 0.149786 0.0936573 0.148923
0.498069 0.150215 0.117966 0.0645491 0.0299469 0.139254
0.130132 0.00241756 0.779567 0.0876843 9.9982E-05 9.9982E-05
0.0687365 0.0452619 0.86023 0.0255721 9.9982E-05 9.9982E-05
0.0981842 9.9991E-05 0.747754 0.0311709 0.0616453 0.061146
9.9982E-05 0.127391 0.826048 0.0405395 9.9982E-05 0.0058213
0.119973 9.9973E-05 0.858233 0.0214942 9.9973E-05 9.9973E-05
0.223968 0.126375 0.0480175 0.0402889 0.0239532 0.537398
0.605928 0.0397254 0.0604091 9.9991E-05 0.193659 0.100179
0.382174 9.9991E-05 0.222385 0.231498 0.122725 0.0411175
0.655646 9.9982E-05 9.9982E-05 0.104084 0.0218928 0.218177
0.420195 0.204415 0.116831 0.0656629 0.0239827 0.168914
0.32647 0.00287851 9.9991E-05 0.0740722 0.247987 0.348492
0.0235974 0.215129 0.146718 9.9991E-05 0.149598 0.464857
0.549525 0.0332196 9.9991E-05 0.055908 0.0576108 0.303637
0.167748 0.102524 0.0391639 0.0855042 0.0667739 0.538287
0.501041 9.99951E-05 0.0377686 0.0996875 0.149417 0.211985
0.13371 0.0370033 0.161942 9.9991E-05 0.121646 0.545598
0.640693 0.0218175 0.118775 0.0175184 9.9991E-05 0.201097
0.246558 0.037782 0.0654609 0.00973239 0.0930209 0.547446
0.323426 0.0999902 0.0373385 0.0394028 0.248617 0.251225
0.568235 0.127999 0.0825116 9.9991E-05 0.113491 0.107664
0.321504 9.9991E-05 0.0516561 0.00781806 0.542666 0.0762557
0.589487 0.124718 0.0327641 9.9982E-05 0.252832 9.9982E-05
0.535488 0.129829 0.138543 9.9982E-05 0.19594 9.9982E-05
0.354351 0.0699992 0.00564265 9.9991E-05 0.472571 0.097336
0.653872 0.0162465 0.0938102 0.000722109 0.16755 0.0677991
0.576883 9.9982E-05 0.0480781 9.9982E-05 0.301864 0.0729749
0.170076 0.0539268 9.9982E-05 9.9982E-05 0.68356 0.0922369
0.317887 9.9973E-05 9.9973E-05 9.9973E-05 0.662257 0.0195567
0.521227 0.0161933 0.0528417 9.9991E-05 0.35203 0.0576072
0.202996 0.187276 9.9982E-05 9.9982E-05 0.568958 0.0405702
0.548891 0.0141727 9.9982E-05 9.9982E-05 0.297532 0.139204
0.0678849 0.267643 0.00301817 0.0539652 0.0564309 0.551058
0.298403 0.138094 9.9982E-05 9.9982E-05 0.286737 0.276566
0.287734 0.18978 9.9982E-05 0.115567 9.9982E-05 0.406719
0.660028 0.0817131 9.9982E-05 0.0723793 9.9982E-05 0.185679
0.240038 0.288003 9.9991E-05 0.00155188 0.0403736 0.429933
0.563847 0.00587915 0.138874 9.9991E-05 0.170911 0.120388
0.505155 0.147036 0.0849672 0.119988 9.9991E-05 0.142753
0.509245 0.111941 9.9982E-05 0.0792188 9.9982E-05 0.299395
0.489258 0.0716311 9.9991E-05 0.118693 0.0920772 0.228241
0.354027 0.164489 0.0748839 0.0652975 9.9991E-05 0.341203
0.212315 0.22195 9.9982E-05 0.0640062 9.9982E-05 0.501529
0.252975 0.139038 9.9991E-05 0.14076 0.00686081 0.460267
0.503897 0.135764 9.9991E-05 0.0945676 0.0617396 0.203932
0.62389 0.0393949 0.0951743 9.9991E-05 0.129604 0.111836
0.487853 9.9982E-05 0.0775693 9.9982E-05 0.214914 0.219464
0.551999 9.9982E-05 9.9982E-05 0.0887529 0.194754 0.164294
0.377395 0.0581778 0.0767932 0.0399939 0.0922743 0.355366
0.641335 0.0588807 9.9982E-05 0.0148123 9.9982E-05 0.284772
0.478808 0.164298 0.00184831 0.075819 9.9991E-05 0.279127
0.487657 0.0766324 0.0884626 0.0708372 0.0803343 0.196076
0.421746 0.0916971 0.366919 0.119438 9.9982E-05 9.9982E-05
0.430092 0.0524333 0.152425 0.253095 0.104047 0.00790759
0.601693 0.0881087 0.157872 0.121991 9.9991E-05 0.0302348
0.551472 0.0756348 0.0609207 0.137929 0.0524473 0.121596
0.485484 0.0577633 0.21435 0.235635 0.00666842 9.9991E-05
0.474643 0.0548964 9.9991E-05 0.0275854 0.329447 0.113328
0.47605 0.113032 0.106472 0.141212 0.134401 0.0288327
9.9982E-05 0.132776 0.277094 0.170493 0.419437 9.9982E-05
0.53546 9.9991E-05 0.0942744 0.166654 0.125701 0.0778105
0.567056 0.0626095 0.199458 0.105856 9.9991E-05 0.0649201
0.445243 0.136438 0.10467 0.200495 0.0819738 0.0311803
0.358749 0.0244831 0.191396 0.130062 0.21806 0.0772503
0.537439 0.0581721 0.227949 0.17624 9.9982E-05 9.9982E-05
0.575417 9.9991E-05 0.128768 0.200791 0.0634108 0.031513
9.9982E-05 0.0189572 0.461431 0.224431 0.294981 9.9982E-05
0.448511 9.9991E-05 0.171908 0.213741 0.0753654 0.0903744
0.498977 0.058849 0.184656 0.19287 0.0645478 9.9991E-05
0.659243 0.132756 0.127861 0.0668467 0.0131933 9.9991E-05
0.505983 9.9991E-05 0.245355 0.189029 0.00662015 0.0529125
0.507521 0.0327926 0.201764 0.135697 0.106841 0.0153846
0.543328 0.153555 0.024298 0.000986324 0.277732 9.9991E-05
0.589004 0.0297626 0.0878003 0.0840341 0.155719 0.0536803
0.0665598 0.238523 9.9982E-05 9.9982E-05 0.61835 0.0763673
0.021793 0.20192 9.9982E-05 9.9982E-05 0.680431 0.0956563
0.458145 0.100427 0.0323509 0.103006 0.267731 0.0383406
0.477289 9.9982E-05 0.100377 0.245501 0.176633 9.9982E-05
0.354988 9.9982E-05 0.0857005 0.331641 0.227471 9.9982E-05
0.109059 9.9991E-05 0.169271 0.336824 0.351117 0.0336285
0.429215 9.9991E-05 0.172395 0.223777 0.172823 0.00169025
0.174225 9.9982E-05 0.0598694 0.0710757 0.69463 9.9982E-05
0.221024 0.0376421 0.0670554 0.11939 0.554789 9.9991E-05
0.567371 0.0609753 9.9991E-05 0.138747 0.215039 0.017768
0.488264 0.0564068 0.0310507 0.0876903 0.336488 9.9991E-05
0.303132 9.9982E-05 0.0389903 0.0795205 0.578157 9.9982E-05
0.475769 0.083577 0.0168895 0.161072 0.259957 0.00273513
0.561274 0.0445622 9.9991E-05 0.0801887 0.281033 0.0328418
0.398853 0.0493371 0.0969048 0.126978 0.226997 0.10093
0.447608 0.0557922 0.00781843 9.9991E-05 0.454 0.0346811
0.367996 0.106137 9.9991E-05 0.0175077 0.441576 0.0666826
0.557815 0.182517 9.9991E-05 0.0927738 0.129262 0.0375325
0.460974 0.0448552 9.9991E-05 0.036243 0.292376 0.165452
0.371267 0.0711972 0.0234485 0.147227 0.164074 0.222786
0.543109 9.9964E-05 9.9964E-05 9.9964E-05 0.456492 9.9964E-05
0.349453 9.9973E-05 9.9973E-05 9.9973E-05 0.537618 0.112629
0.575085 0.109379 0.0599679 9.9982E-05 0.255368 9.9982E-05
0.295073 0.162475 9.9982E-05 9.9982E-05 0.454385 0.0878673
0.480162 0.0531161 9.9982E-05 9.9982E-05 0.419793 0.0467291
0.656269 0.0962229 0.0681971 0.037299 0.106524 0.035488
0.524054 0.144072 0.0040328 9.9991E-05 0.257011 0.0707306
0.449815 0.0273887 0.157307 0.220917 0.144472 9.9991E-05
0.293376 0.0447711 0.119641 0.175507 0.197496 0.169208
0.368199 9.9991E-05 0.151695 0.221705 0.20408 0.0542216
0.38672 9.9991E-05 0.174948 0.197218 0.223085 0.0179291
0.57105 0.0273939 0.205022 0.0968167 0.0596342 0.0400832
0.429788 9.9991E-05 0.147504 0.147107 0.226179 0.0493224
9.9991E-05 0.0337744 0.181619 0.147319 0.63323 0.00395738
0.625097 9.9982E-05 0.110697 0.16222 0.101786 9.9982E-05
9.9973E-05 9.9973E-05 0.324908 0.144096 0.530696 9.9973E-05
0.544958 9.9982E-05 0.034099 0.194628 0.226115 9.9982E-05
0.138174 0.279896 9.9973E-05 9.9973E-05 0.581631 9.9973E-05
9.9973E-05 0.255726 9.9973E-05 9.9973E-05 0.728821 0.015153
0.547698 0.0936316 9.9982E-05 0.0194035 0.339067 9.9982E-05
0.71801 0.0960583 0.00327693 9.9982E-05 0.182455 9.9982E-05
0.477086 0.0514889 9.9982E-05 9.9982E-05 0.430818 0.0404064
0.526392 0.234134 9.9982E-05 0.00720277 0.23207 9.9982E-05
0.626156 0.0909044 9.9973E-05 9.9973E-05 0.282639 9.9973E-05
0.0628659 0.0229566 0.791753 0.0386267 0.0804137 0.00338436
9.9982E-05 9.9982E-05 0.719166 0.108882 0.00224847 0.169503
9.9973E-05 9.9973E-05 0.890821 0.063891 9.9973E-05 0.0449885
0.0452209 9.9973E-05 0.947053 9.9973E-05 0.00742612 9.9973E-05
0.470752 0.360656 0.0487054 0.0343455 9.9991E-05 0.0854409
0.49803 0.368231 0.0210755 0.0659656 9.9991E-05 0.0465981
0.47165 0.466023 0.0156895 9.9982E-05 9.9982E-05 0.0464376
0.629727 0.186302 0.14066 9.9982E-05 9.9982E-05 0.0431113
0.532882 0.156622 0.11293 0.00847382 0.174675 0.0144164
0.229056 0.54638 0.0202463 9.9991E-05 0.0656427 0.138575
0.54258 0.405883 9.9973E-05 0.0512376 9.9973E-05 9.9973E-05
0.371425 0.394214 9.9973E-05 9.9973E-05 0.234061 9.9973E-05
0.471481 0.0685692 0.237815 0.176378 9.9991E-05 0.0456564
0.397401 0.336849 9.9991E-05 0.106281 0.128702 0.0306665
0.30973 0.568453 9.9973E-05 9.9973E-05 9.9973E-05 0.121517
0.523402 0.409663 0.00457632 0.00557401 0.0121332 0.0446519
0.418572 0.464007 0.0471841 9.9991E-05 0.0495682 0.0205688
0.598707 0.344436 9.9982E-05 0.0282685 0.0283892 9.9982E-05
0.551224 0.305654 0.0716822 0.07124 9.9982E-05 9.9982E-05
0.023654 0.900812 9.9973E-05 9.9973E-05 0.075234 9.9973E-05
0.248423 0.575037 9.9982E-05 0.0287362 0.147604 9.9982E-05
0.26435 0.564878 0.00136976 9.9991E-05 0.0997433 0.069559
9.9964E-05 0.784579 9.9964E-05 9.9964E-05 0.215021 9.9964E-05
0.377482 0.439547 0.0135053 0.0329008 9.9991E-05 0.136465
0.0729724 0.616345 9.9982E-05 9.9982E-05 0.287164 0.0233186
9.9973E-05 0.681937 0.0180672 9.9973E-05 0.299696 9.9973E-05
0.58359 0.346215 9.9982E-05 0.0621827 9.9982E-05 0.00781265
0.198082 0.628679 0.0407757 9.9982E-05 9.9982E-05 0.132263
0.295104 0.479485 9.9982E-05 0.156557 9.9982E-05 0.0686534
0.526586 0.173174 0.036181 0.095612 0.0784211 0.0900255
0.468119 0.424879 9.9982E-05 0.0282013 9.9982E-05 0.0786008
0.447286 9.9973E-05 9.9973E-05 9.9973E-05 0.329007 0.223407
0.406178 0.435547 9.9982E-05 0.121656 9.9982E-05 0.0364181
0.49714 0.369454 0.029709 0.00371924 9.9991E-05 0.0998778
0.208593 0.724268 9.9973E-05 9.9973E-05 0.0668394 9.9973E-05
0.543152 0.262372 0.026195 0.0534828 0.114698 9.9991E-05
9.9982E-05 0.0296169 0.622621 9.9982E-05 0.0557425 0.291819
0.00917407 0.118138 0.764094 0.000377438 0.0359541 0.0722627
9.9982E-05 0.00114659 0.817412 9.9982E-05 0.0510129 0.130228
9.9982E-05 0.0331766 0.803161 9.9982E-05 0.0468327 0.11663
9.9982E-05 0.040428 0.746673 9.9982E-05 0.0208 0.191899
0.0210537 0.73363 0.0223528 0.0945981 9.9991E-05 0.128266
0.110168 0.618141 0.0947767 9.9991E-05 0.0557301 0.121084
0.0957475 0.774857 9.9982E-05 0.0290798 0.100116 9.9982E-05
0.551073 0.253133 0.104229 0.0305533 9.9991E-05 0.0609112
0.672242 0.166598 0.121038 9.9991E-05 0.022259 0.017763
0.185921 0.603785 0.0207626 0.111367 0.0570708 0.0210938
0.584146 0.32962 9.9982E-05 0.061682 0.0243522 9.9982E-05
0.331477 0.517575 0.0498268 0.0633138 0.037707 9.9991E-05
0.568135 0.300607 0.106313 9.9982E-05 9.9982E-05 0.0247459
0.658281 0.200581 9.9982E-05 0.0226694 9.9982E-05 0.118269
0.167962 0.64002 9.9991E-05 0.0331833 0.0304212 0.128313
0.28687 0.612918 0.00971639 9.9982E-05 9.9982E-05 0.0902954
0.291509 0.531018 9.9973E-05 9.9973E-05 9.9973E-05 0.177173
0.611289 9.9991E-05 0.0853255 0.0203789 0.173299 0.109607
0.395341 0.578276 0.0260826 9.9973E-05 9.9973E-05 9.9973E-05
0.40589 0.437473 0.0437419 0.01221 0.0298399 0.0708452
0.383222 0.0946411 0.0440231 0.44234 0.014058 0.0217158
0.367078 9.9982E-05 0.137689 0.385651 0.109383 9.9982E-05
0.337072 9.9982E-05 0.0931468 0.5133 0.0562815 9.9982E-05
0.304129 9.9982E-05 0.189021 0.485218 0.0214318 9.9982E-05
0.46983 0.0207026 0.10514 0.304551 0.0164286 0.0833485
0.471021 0.332027 0.00348959 0.0824534 0.110909 9.9991E-05
0.100089 9.9982E-05 0.291642 0.592554 0.0155141 9.9982E-05
0.369445 9.9982E-05 0.195036 0.405303 0.0300162 9.9982E-05
0.317943 0.112724 0.140777 0.227875 0.101895 0.0987863
0.575102 9.9982E-05 0.170685 9.9982E-05 0.184918 0.0690943
0.483474 0.0901262 0.18216 0.00765744 0.200639 0.0359429
0.651809 0.0174377 0.101946 9.9991E-05 0.157965 0.0707415
0.6166 9.9991E-05 0.0899089 0.0121052 0.172508 0.108777
0.326103 9.9982E-05 0.162687 0.473262 0.0377479 9.9982E-05
0.338526 9.9982E-05 0.141686 0.333485 9.9982E-05 0.186103
0.452533 9.9991E-05 0.00386619 0.457211 0.00915895 0.0771309
0.417317 9.9991E-05 0.139627 0.365459 0.0487478 0.0287487
0.323706 0.0325533 0.0928466 0.491922 0.058872 9.9991E-05
0.390434 0.0488998 0.213077 0.257382 0.0901081 9.9991E-05
0.131946 9.9982E-05 0.217452 0.553064 0.0973381 9.9982E-05
0.317233 9.9991E-05 0.0947381 0.433143 0.00922802 0.145557
0.544694 0.0598496 0.0860489 0.0236748 0.283105 0.00262771
0.366989 9.9991E-05 0.186565 0.336058 0.0206755 0.089613
0.191473 9.9982E-05 0.177487 0.622088 0.0087522 9.9982E-05
0.402917 0.057591 0.153607 0.308864 0.0367504 0.0402699
0.257755 0.100845 0.19693 9.9991E-05 0.153172 0.291198
0.554895 9.9991E-05 0.0167073 0.127302 0.214573 0.0864229
0.35637 0.0808454 0.15953 0.312351 0.0192798 0.0716244
0.57117 9.9991E-05 0.149311 0.00450375 0.210906 0.0640091
0.533076 0.077734 0.194093 9.9991E-05 0.17727 0.0177269
0.34101 0.212961 0.173811 0.218366 0.00978133 0.044071
0.353726 9.9991E-05 0.240661 0.287558 0.0445729 0.0733828
0.624294 9.9991E-05 0.0914011 0.0346099 0.147044 0.102551
0.416787 0.0536007 0.0720815 0.392699 9.9991E-05 0.0647322
0.474758 9.9973E-05 9.9973E-05 0.474705 0.0502373 9.9973E-05
0.162452 9.9991E-05 0.236703 0.56901 0.0133881 0.0183468
0.697247 9.9991E-05 0.096388 0.00282392 0.161456 0.041985
0.451275 0.138964 0.141846 9.9991E-05 0.175498 0.0923171
0.194166 0.000506493 0.161768 0.0456208 0.597839 9.9991E-05
0.560894 0.0783725 0.0950222 0.0668764 0.119577 0.0792581
0.35551 0.0292479 0.0700199 0.0715376 0.188488 0.285197
0.390368 0.174187 0.201893 0.128108 0.0806761 0.0247677
0.540078 9.9991E-05 0.184636 0.0818086 0.150186 0.0431911
9.9973E-05 9.9973E-05 0.305095 0.17857 0.516035 9.9973E-05
9.9973E-05 9.9973E-05 0.328246 0.0918936 0.579561 9.9973E-05
0.249239 0.0557965 0.0926619 0.131851 0.362534 0.107918
0.0445975 9.9982E-05 0.332302 0.231911 0.390989 9.9982E-05
9.9973E-05 9.9973E-05 0.412442 0.225866 0.361392 9.9973E-05
0.300156 0.116617 0.0869881 0.199739 0.2964 9.9991E-05
0.315226 0.0391753 0.212405 0.194676 0.211621 0.0268964
0.201877 9.9991E-05 0.252849 0.150974 0.313033 0.0811669
0.134299 9.9982E-05 0.273476 0.132955 0.459071 9.9982E-05
0.519682 0.0726546 0.13332 0.0914329 0.148003 0.0349069
0.218672 0.010705 0.24094 0.100529 0.429053 9.9991E-05
9.9973E-05 9.9973E-05 0.414507 0.0672069 0.517986 9.9973E-05
0.568215 9.9982E-05 0.155338 0.140381 0.135866 9.9982E-05
0.312197 9.9991E-05 0.125558 0.289298 0.237427 0.0354198
0.486779 0.0348907 0.347765 0.099009 9.9991E-05 0.0314568
0.618528 9.9982E-05 0.171075 0.196638 9.9982E-05 0.0135593
0.54299 9.9982E-05 0.169755 0.227505 0.0595499 9.9982E-05
0.543393 0.0431014 0.175395 0.204088 0.0339221 9.9991E-05
0.321975 0.00733598 0.372179 0.258315 0.0263252 0.0138702
0.587982 0.0018176 0.238786 0.118607 0.0289349 0.0238731
0.40292 0.0402713 0.257628 0.29898 9.9982E-05 9.9982E-05
0.341518 9.9991E-05 0.256605 0.192471 0.170291 0.0390155
0.241879 0.310574 0.192224 0.0993966 0.0488567 0.107069
0.562815 0.143023 0.218847 0.00969669 9.9991E-05 0.0655186
0.46992 0.0473936 0.18105 0.180723 0.084543 0.0363708
0.570339 0.130406 0.213039 0.0420413 0.0440748 9.9991E-05
0.385889 9.9982E-05 0.297264 0.200248 0.116399 9.9982E-05
0.498917 0.0461373 0.189031 0.194347 0.00137506 0.0701929
0.159491 0.0736515 0.386653 0.218507 0.161597 9.9991E-05
0.472032 0.140911 0.140248 0.151392 9.9991E-05 0.0953159
0.24326 9.9982E-05 0.273258 0.302271 0.181011 9.9982E-05
9.9982E-05 0.0745604 0.812088 9.9982E-05 0.0413021 0.0718491
0.128754 9.9982E-05 0.0509778 9.9982E-05 0.0772324 0.742835
9.9964E-05 0.00232056 9.9964E-05 9.9964E-05 9.9964E-05 0.99728
9.9964E-05 9.9964E-05 0.0218561 9.9964E-05 9.9964E-05 0.977744
0.0365669 9.9964E-05 9.9964E-05 9.9964E-05 9.9964E-05 0.963033
0.0495514 9.9982E-05 0.0380714 0.0148415 9.9982E-05 0.897336
0.0878008 9.9964E-05 9.9964E-05 9.9964E-05 9.9964E-05 0.911799
9.9964E-05 9.9964E-05 0.0316615 9.9964E-05 9.9964E-05 0.967939
9.9964E-05 9.9964E-05 0.192492 9.9964E-05 9.9964E-05 0.807108
0.0382425 0.0124461 0.900368 0.0267393 9.9991E-05 0.022104
0.0823777 9.9973E-05 0.770586 9.9973E-05 9.9973E-05 0.146736
9.9982E-05 0.0250258 0.882123 0.0729614 0.0196899 9.9982E-05
0.0189058 9.9982E-05 0.827508 9.9982E-05 0.0358077 0.117578
0.0264281 0.019348 0.865694 0.0293738 9.9991E-05 0.0590562
9.9982E-05 0.0176798 0.905207 9.9982E-05 0.0151122 0.061801
0.0474968 0.0138856 0.751674 0.101905 9.9991E-05 0.0849387
0.0566924 9.9982E-05 0.856509 0.0369673 9.9982E-05 0.0496309
0.108244 0.0300636 0.740021 9.9982E-05 9.9982E-05 0.121471
0.000718025 0.00739797 0.926783 0.0424227 0.0225779 9.9991E-05
9.9973E-05 0.00451441 0.950315 9.9973E-05 9.9973E-05 0.0448703
0.0484273 9.9991E-05 0.873373 0.0234618 0.0387604 0.0158774
9.9973E-05 9.9973E-05 0.943411 0.00399763 9.9973E-05 0.0522914
0.0673611 9.9964E-05 0.932239 9.9964E-05 9.9964E-05 9.9964E-05
0.087713 9.9982E-05 0.863553 0.0338716 9.9982E-05 0.0146625
0.13152 9.9973E-05 0.8652 0.00298009 9.9973E-05 9.9973E-05
0.114033 9.9973E-05 0.775795 0.109873 9.9973E-05 9.9973E-05
0.125211 9.9973E-05 0.778404 0.0960851 9.9973E-05 9.9973E-05
0.10139 0.0183781 0.803129 0.0769024 9.9982E-05 9.9982E-05
0.472519 0.0301649 0.14756 9.9991E-05 0.237727 0.111929
0.645279 0.0953892 0.107796 9.9991E-05 0.13949 0.0119456
0.642592 0.202994 0.100966 0.019088 0.0342608 9.9991E-05
0.171221 0.0978393 0.0381038 0.0021944 0.668422 0.0222194
0.547976 0.131701 0.0979756 9.9991E-05 0.10494 0.117307
0.134902 0.0451616 0.179151 9.9982E-05 0.640586 9.9982E-05
0.702169 9.9991E-05 0.0600074 0.00500725 0.174508 0.0582078
0.447268 0.132711 0.0663034 9.9991E-05 0.16088 0.192738
0.515385 0.083732 0.0826271 9.9991E-05 0.238447 0.0797095
0.420679 0.502262 0.0580662 0.0187926 9.9982E-05 9.9982E-05
0.418154 0.131233 0.150622 9.9991E-05 0.157819 0.142073
0.659019 9.9991E-05 0.0388171 0.0298725 0.141755 0.130436
0.56977 0.0390863 0.0944068 9.9991E-05 0.150586 0.146051
9.9982E-05 0.226994 9.9982E-05 0.0808709 0.276137 0.415798
9.9982E-05 0.0282273 0.055384 9.9982E-05 0.830254 0.0859351
0.218774 9.9982E-05 0.0542552 9.9982E-05 0.671621 0.0551492
0.672887 0.0530373 0.144077 0.00893814 0.120961 9.9991E-05
0.570051 9.9982E-05 0.09883 9.9982E-05 0.265288 0.0656315
0.544279 0.0285763 0.158494 9.9982E-05 0.26845 9.9982E-05
0.680339 0.12767 0.000383313 0.0212464 0.170261 9.9991E-05
0.574181 0.021471 0.206887 0.104896 0.0814902 0.0110739
0.552848 9.9991E-05 0.180538 0.200272 0.0238666 0.0423755
0.165556 0.026008 0.411531 0.105814 0.152935 0.138156
0.675092 0.0311118 0.171826 0.0054516 0.0310819 0.0854369
0.482489 0.0198473 0.212207 0.0730672 0.145876 0.0665138
9.9973E-05 9.9973E-05 0.389915 0.182643 0.427143 9.9973E-05
0.310508 0.021842 0.269167 0.197406 0.200977 9.9991E-05
0.297243 0.145535 0.37659 0.121068 9.9991E-05 0.0594633
0.431442 0.0142127 0.315473 0.0798306 9.9991E-05 0.158941
0.454621 9.9991E-05 0.171434 0.221537 0.100499 0.0518086
0.529754 0.0706657 0.211854 0.13175 9.9991E-05 0.0558765
0.635794 9.9982E-05 0.158774 0.0910258 0.114206 9.9982E-05
0.413076 0.0684121 0.196495 0.141666 0.139557 0.0407935
0.361625 0.0250555 0.486216 0.125852 9.9991E-05 0.00115181
