0.888101 9.9973E-05 9.9973E-05 0.0398483 9.9973E-05 0.0717507
0.933797 9.9973E-05 9.9973E-05 0.000670205 0.0652333 9.9973E-05
0.834017 0.111132 9.9991E-05 0.00403305 0.0312776 0.01944
0.805513 0.00898477 9.9982E-05 0.0748062 9.9982E-05 0.110496
0.849098 0.0533958 0.0155291 0.0616268 0.0202507 9.9991E-05
0.626717 0.100654 0.0914507 0.0677751 0.0579449 0.0554587
0.838863 0.0199091 0.13624 9.9982E-05 0.00478783 9.9982E-05
0.77389 0.0566969 0.0828815 9.9982E-05 9.9982E-05 0.0863317
0.823125 9.9982E-05 0.0474305 9.9982E-05 0.0129557 0.116289
0.718961 0.0862581 0.113077 0.0624564 9.9991E-05 0.0191476
0.764385 0.00183087 0.0861626 9.9991E-05 0.0490396 0.0984817
9.999E-05 0.214427 0.00600326 0.08261 0.23198 0.46488
9.999E-05 0.583084 0.0561344 0.0959976 0.0492963 0.215388
0.0371728 0.240321 0.0819373 0.110121 0.0974651 0.432983
0.0534329 0.232097 9.9991E-05 0.167418 0.193024 0.353929
0.164301 0.328465 0.030339 0.141868 0.145526 0.189501
0.0703256 0.601438 9.9991E-05 0.0718891 0.0745001 0.181747
9.999E-05 0.43224 0.0627053 0.120241 0.172358 0.212355
0.0815642 0.25563 9.9991E-05 0.12963 0.203717 0.329359
0.028235 0.0599577 0.152289 0.0509743 0.105849 0.602695
0.0556705 0.305453 0.0607804 0.103467 0.240564 0.234065
0.0566358 0.439066 0.191531 0.0976705 0.0766312 0.138465
9.9991E-05 0.495865 0.0381396 0.104811 0.135815 0.225269
9.9991E-05 0.29404 0.0337025 0.0995235 0.207205 0.36543
0.0274544 0.552513 0.131417 0.0732187 0.0805603 0.134837
0.0368136 0.528701 0.00501162 0.135272 0.00695899 0.287243
0.0312231 0.185234 9.9991E-05 0.0850753 0.191827 0.50654
0.00213957 0.109559 9.9991E-05 0.244009 0.237646 0.406547
0.0170236 0.273154 0.143608 0.0124557 0.120233 0.433526
0.823754 0.158436 9.9973E-05 0.0175095 9.9973E-05 9.9973E-05
0.838333 0.161267 9.9964E-05 9.9964E-05 9.9964E-05 9.9964E-05
0.780204 0.13146 9.9982E-05 0.0332594 0.0548762 9.9982E-05
0.738127 0.123222 9.9982E-05 0.0549494 0.083501 9.9982E-05
0.0369074 0.610362 0.0316234 9.9991E-05 0.223497 0.0975108
0.149714 0.485388 9.9982E-05 9.9982E-05 0.264099 0.100599
0.0598531 0.6013 9.9973E-05 9.9973E-05 0.338547 9.9973E-05
0.0728392 0.124656 9.9991E-05 0.0389709 0.200764 0.56267
9.9982E-05 0.233899 0.172803 0.0621378 0.53096 9.9982E-05
0.0176284 0.413659 0.00296423 0.0868134 0.279678 0.199257
0.0253423 0.589666 0.0378204 0.111699 0.235373 9.9991E-05
0.145491 0.525169 0.0944227 0.0120758 0.195822 0.0270194
0.0934245 0.640803 0.044204 9.9991E-05 0.140732 0.0807369
0.0427479 0.0655155 9.9991E-05 0.021113 0.762326 0.108197
0.0235031 0.599048 0.201757 0.103697 9.9991E-05 0.0718955
0.0586493 0.574403 0.0519395 0.0700449 0.216183 0.0287799
0.0948752 0.595668 0.00840271 0.0437666 0.203527 0.0537604
9.9973E-05 0.325022 0.0613904 9.9973E-05 0.613288 9.9973E-05
0.0451476 0.657517 0.051292 0.055589 0.190354 9.9991E-05
0.0247699 0.488985 0.157277 0.106394 0.145259 0.0773143
0.0751782 9.9982E-05 0.324696 9.9982E-05 0.587908 0.0120178
9.9982E-05 0.189028 0.107261 9.9982E-05 0.271369 0.432141
0.0408236 0.0701012 0.450573 9.9991E-05 0.227836 0.210566
0.01753 0.594269 0.0906704 0.113665 9.9991E-05 0.183765
0.018241 0.619979 0.217166 0.00732464 9.9991E-05 0.13719
0.0915922 0.518153 0.212803 0.100884 0.0486836 0.0278847
0.115226 0.150089 0.163179 9.9991E-05 0.252678 0.318728
9.9973E-05 0.600359 9.9973E-05 9.9973E-05 0.123199 0.276141
0.0561551 0.561511 0.0697312 0.0648651 0.104599 0.143138
0.124199 0.333356 0.0395694 0.0242928 0.248455 0.230128
0.189209 0.0216724 0.207188 0.0900766 0.125977 0.365878
0.0808411 0.488902 0.0266948 0.0704038 0.264531 0.0686266
0.0950094 0.397241 0.0772652 0.0381667 0.0959664 0.296352
0.0460527 9.9982E-05 0.142919 9.9982E-05 0.308802 0.502026
9.9991E-05 0.472153 0.113786 0.0574424 0.163114 0.193405
9.9991E-05 0.574992 0.154265 0.0990427 0.0510594 0.120541
0.0601033 0.623022 0.108762 0.0767039 0.00649563 0.124913
0.0441119 0.264941 0.143091 0.0546727 0.226085 0.267098
9.9991E-05 0.482658 0.127364 0.0563789 0.0745439 0.258955
0.102471 0.520909 0.152616 0.0235737 0.134519 0.0659107
0.0254859 0.264911 0.24701 9.9991E-05 0.0747453 0.387748
9.9973E-05 0.484763 9.9973E-05 9.9973E-05 0.511655 0.00328294
9.9973E-05 0.157409 9.9973E-05 9.9973E-05 0.733052 0.109239
0.0920052 0.542439 0.0545146 0.0115744 0.286836 0.0126304
9.9964E-05 9.9964E-05 0.241117 9.9964E-05 0.758483 9.9964E-05
9.9964E-05 9.9964E-05 0.208667 9.9964E-05 0.790933 9.9964E-05
9.9964E-05 0.211294 9.9964E-05 9.9964E-05 0.788306 9.9964E-05
9.9982E-05 0.369536 9.9982E-05 0.0375876 0.551317 0.04136
0.117227 0.559905 9.9991E-05 0.0381336 0.195154 0.0894804
0.0191692 0.347484 9.9991E-05 0.0749883 0.518485 0.0397729
0.0658732 0.078441 9.9991E-05 0.0370781 0.719114 0.0993937
0.0358828 0.158511 9.9991E-05 0.0226038 0.59516 0.187743
0.131808 0.541145 0.0243507 0.0890847 0.213511 9.9991E-05
0.00384594 0.191409 9.9991E-05 0.0517003 0.751829 0.00111615
0.0558299 0.383596 9.9982E-05 9.9982E-05 0.508968 0.0514058
9.9973E-05 0.282832 0.0506008 9.9973E-05 0.666268 9.9973E-05
0.00724695 9.9973E-05 0.353295 9.9973E-05 0.639158 9.9973E-05
9.9991E-05 0.584895 0.075823 0.05695 0.245678 0.0365535
0.79913 0.133096 9.9982E-05 0.030766 9.9982E-05 0.0368074
0.908706 0.0908941 9.9964E-05 9.9964E-05 9.9964E-05 9.9964E-05
0.894093 0.0960554 9.9973E-05 0.0095521 9.9973E-05 9.9973E-05
0.896539 0.0645732 0.0149555 0.0237327 9.9982E-05 9.9982E-05
0.852565 0.134776 9.9982E-05 0.0108769 0.0015813 9.9982E-05
0.87642 0.0628292 0.0397436 0.0208075 9.9982E-05 9.9982E-05
0.911389 0.0574695 9.9973E-05 0.0308415 9.9973E-05 9.9973E-05
0.0851783 0.550803 0.0879677 0.0585478 0.111012 0.106491
0.0120501 0.492873 0.0725082 0.124804 0.141732 0.156033
0.042756 9.9982E-05 0.0534336 9.9982E-05 0.879184 0.024426
0.125594 0.524326 0.0712775 0.000703783 0.216692 0.0614071
0.036604 0.419795 0.0189048 0.0379062 0.377045 0.109744
0.0133958 0.597668 9.9982E-05 0.0148892 0.373847 9.9982E-05
0.0500015 0.582106 0.0569986 9.9991E-05 0.290987 0.0198069
0.0375436 0.499436 0.00853429 0.0259476 0.428438 9.9991E-05
0.0144677 9.9973E-05 9.9973E-05 9.9973E-05 0.780653 0.20458
0.0766565 0.541788 0.0783024 0.113281 0.168162 0.0218095
0.111606 0.597043 0.0406707 0.0118438 0.149109 0.0897261
0.0671114 0.505278 9.9991E-05 0.0969023 0.191574 0.139034
0.0188173 0.21143 0.146602 0.00328534 0.619766 9.9991E-05
9.9973E-05 0.530402 0.0835841 9.9973E-05 0.385714 9.9973E-05
0.0377856 0.40296 9.9991E-05 0.00975748 0.517529 0.0318671
9.9973E-05 0.162768 9.9973E-05 0.15272 0.684212 9.9973E-05
0.0746328 0.361013 9.9982E-05 9.9982E-05 0.478952 0.0852017
0.116896 0.502894 0.0916657 0.0511994 0.138344 0.0990014
0.0162001 0.26977 0.219404 9.9991E-05 0.17475 0.319776
0.0970739 0.379986 9.9991E-05 0.104117 0.1422 0.276524
0.171296 0.592549 0.0331615 0.042109 9.9991E-05 0.160784
0.166249 0.519196 0.0146604 0.0475246 0.160703 0.0916667
0.0209146 0.517647 0.0619075 9.9991E-05 0.109629 0.289803
9.9991E-05 0.536542 0.0363182 0.106502 0.0529239 0.267613
9.9982E-05 0.538706 9.9982E-05 0.00994865 0.0351619 0.415983
0.0993779 0.566543 0.0591753 0.0501434 0.0361546 0.188606
0.00342007 0.488583 0.213537 0.102199 0.0496404 0.142621
0.0290478 0.619081 0.080239 0.0212565 0.0485583 0.201818
9.9982E-05 0.520135 0.026926 9.9982E-05 0.087281 0.365458
9.9982E-05 0.664881 0.156955 0.0473121 9.9982E-05 0.130653
0.0871442 0.594162 9.9991E-05 0.10905 0.0589175 0.150627
0.0119214 0.584259 9.9991E-05 0.0595893 0.109805 0.234325
0.0662597 0.632807 0.21468 0.0237936 0.06236 9.9991E-05
9.9991E-05 0.586226 0.0434892 0.0463812 0.102729 0.221075
0.0999638 0.419729 0.212037 9.9982E-05 9.9982E-05 0.26807
0.0470474 0.670043 0.0397898 0.011762 0.0509547 0.180403
0.0177573 0.760669 0.0807533 9.9982E-05 9.9982E-05 0.140621
0.0265831 0.147551 9.9991E-05 0.109886 0.282714 0.433165
0.0685042 0.243538 0.314427 9.9991E-05 0.112929 0.260502
0.0111453 0.571167 0.0804199 0.020975 0.0576422 0.25865
9.9991E-05 0.0975675 0.402168 0.0487695 0.144886 0.306509
0.0427256 0.274777 9.9982E-05 9.9982E-05 0.207369 0.474928
9.9982E-05 0.475056 0.0634261 9.9982E-05 0.19893 0.262388
0.0540593 0.376522 0.00193147 9.9991E-05 0.20738 0.360008
9.9991E-05 0.350464 0.104969 0.00827285 0.0844753 0.45172
0.0835161 0.652541 9.9991E-05 0.0107332 0.0244008 0.228709
0.104585 0.599328 0.0905282 0.0418081 0.0797313 0.0840193
0.088102 0.567481 9.9991E-05 0.0245332 0.195327 0.124457
9.9991E-05 0.0964907 0.296507 0.0830746 0.141692 0.382135
0.175675 0.497447 0.138457 0.0573343 0.130987 9.9991E-05
0.114177 0.471376 0.215112 0.0515003 0.130284 0.0175506
0.173968 0.0479609 0.591533 9.9991E-05 0.0659617 0.120477
0.0705331 0.613962 0.125888 0.0521908 0.137325 9.9991E-05
0.0948465 0.366989 0.318333 0.0316991 0.183942 0.00419003
0.123571 0.437125 0.18962 0.0943977 0.121365 0.0339207
0.0793752 0.26738 0.464699 9.9991E-05 0.106038 0.0824078
0.0481824 0.22268 0.488396 9.9991E-05 0.0502259 0.190417
0.0518675 0.528501 0.301794 9.9991E-05 0.021389 0.0963488
0.078568 0.498466 0.189516 0.0999552 9.9991E-05 0.133395
0.159984 0.368582 0.155735 0.113023 0.0958635 0.106812
0.0560866 9.9991E-05 0.456876 0.206246 0.176914 0.103777
0.114306 0.588267 0.260689 9.9982E-05 0.0365377 9.9982E-05
9.9982E-05 0.34497 0.375206 9.9982E-05 0.181228 0.0983954
9.9991E-05 0.490146 0.215796 0.00429822 0.16913 0.12053
0.119384 0.596356 0.122163 0.0499922 0.0442721 0.0678321
0.271185 0.0931194 0.211302 0.31465 0.0375469 0.0721965
0.54378 9.9973E-05 0.345517 0.110403 9.9973E-05 9.9973E-05
0.430852 9.9973E-05 0.433058 0.13579 9.9973E-05 9.9973E-05
0.41343 0.118233 0.192673 0.275464 9.9982E-05 9.9982E-05
9.9973E-05 0.67884 0.311418 9.9973E-05 0.00944175 9.9973E-05
9.9982E-05 0.626841 0.111617 0.0958334 9.9982E-05 0.165509
9.9973E-05 0.21418 9.9973E-05 0.698395 0.0871245 9.9973E-05
9.9982E-05 0.320765 9.9982E-05 0.42474 0.0990784 0.155217
0.0842585 0.325255 0.100588 0.352035 0.137764 9.9991E-05
0.0088035 0.393689 0.524575 9.9991E-05 0.0270743 0.0457577
0.099504 0.478989 0.266235 0.00054573 0.0545189 0.100208
9.9973E-05 0.272169 0.696947 9.9973E-05 0.0305839 9.9973E-05
0.000503636 0.643612 0.321766 0.033918 9.9982E-05 9.9982E-05
0.0354075 0.461273 0.375764 9.9991E-05 0.067496 0.0599595
0.0416257 0.567433 0.277852 0.0538774 0.0591119 9.9991E-05
9.9982E-05 0.241376 0.639335 9.9982E-05 0.0768298 0.0422593
0.0437426 0.626446 0.0389419 0.0783915 0.143632 0.0688454
0.0560886 0.626764 0.066402 0.0620162 0.158236 0.0304942
9.9982E-05 0.0084363 0.00301782 0.947369 0.0409765 9.9982E-05
9.9982E-05 0.0785063 0.00177351 0.889025 9.9982E-05 0.030495
0.0346971 0.288859 9.9991E-05 0.529522 0.110905 0.0359167
9.9973E-05 0.314773 9.9973E-05 0.645946 9.9973E-05 0.0389806
9.9982E-05 0.186393 0.000152134 0.796055 9.9982E-05 0.0172
9.996E-05 9.996E-05 9.996E-05 0.9995 9.996E-05 9.996E-05
9.9964E-05 9.9964E-05 9.9964E-05 0.96265 9.9964E-05 0.0369505
9.9964E-05 0.155782 9.9964E-05 0.843818 9.9964E-05 9.9964E-05
9.9982E-05 0.0228291 9.9982E-05 0.960384 0.0128777 0.00370884
9.996E-05 9.996E-05 9.996E-05 0.9995 9.996E-05 9.996E-05
9.996E-05 9.996E-05 9.996E-05 0.9995 9.996E-05 9.996E-05
9.9973E-05 0.168184 9.9973E-05 0.788635 9.9973E-05 0.0428811
0.0371563 0.106993 0.036537 0.790955 0.00146107 0.0268975
9.9964E-05 9.9964E-05 9.9964E-05 0.983932 0.0156677 9.9964E-05
0.124436 0.273999 0.0416003 0.418713 0.117016 0.0242358
0.0414037 0.234956 9.9991E-05 0.647556 0.0228251 0.053159
0.0913785 0.157498 0.00772529 0.703401 0.0334936 0.00650336
9.9973E-05 0.104495 9.9973E-05 0.857482 9.9973E-05 0.0377229
9.996E-05 9.996E-05 9.996E-05 0.9995 9.996E-05 9.996E-05
0.00849861 0.116804 9.9973E-05 0.874398 9.9973E-05 9.9973E-05
9.996E-05 9.996E-05 9.996E-05 0.9995 9.996E-05 9.996E-05
0.0206727 0.241059 0.00528001 0.634772 9.9991E-05 0.0981156
0.0124822 9.9982E-05 9.9982E-05 0.895859 0.0351543 0.0563041
0.322559 9.9982E-05 0.617061 0.0574225 0.00275713 9.9982E-05
0.208875 0.440534 0.24217 0.00443386 0.00729701 0.0966895
0.281448 0.451597 0.17639 0.002519 0.0589916 0.0290539
0.263876 0.203532 0.431111 0.10128 9.9982E-05 9.9982E-05
0.150877 0.453828 0.173386 0.116448 0.0748543 0.0306071
0.253237 0.201191 0.401549 0.082283 0.0616398 9.9991E-05
0.165802 0.488879 0.0386663 0.043334 0.142089 0.121229
0.155277 0.365046 0.325639 0.153838 9.9982E-05 9.9982E-05
0.156932 0.376645 0.192168 0.177119 0.0970363 9.9991E-05
0.0863433 0.259831 0.411862 0.241764 9.9982E-05 9.9982E-05
0.149157 0.410991 0.128245 0.144781 0.073962 0.0928644
0.820492 0.0599936 0.00265079 0.00779406 0.0173728 0.0916967
0.91259 9.9982E-05 0.0089181 0.0500559 0.0282356 9.9982E-05
0.971544 9.9973E-05 9.9973E-05 9.9973E-05 0.00112316 0.0270327
0.947183 0.0466667 9.9973E-05 9.9973E-05 9.9973E-05 0.00585034
0.903021 0.0152522 9.9982E-05 0.0298308 9.9982E-05 0.0516955
0.892555 9.9973E-05 0.046756 0.0603894 9.9973E-05 9.9973E-05
0.893101 0.0156922 9.9982E-05 0.0813265 0.00968059 9.9982E-05
0.869884 0.0154319 0.101357 9.9991E-05 0.00517145 0.00805582
0.9078 0.0634882 0.00404659 9.9982E-05 0.0244657 9.9982E-05
0.864458 0.0159144 0.0270402 0.0831057 9.9991E-05 0.00938184
0.636511 9.9973E-05 9.9973E-05 9.9973E-05 0.128686 0.234504
0.565741 9.9973E-05 9.9973E-05 9.9973E-05 0.11343 0.320529
0.539559 9.9982E-05 0.153844 9.9982E-05 0.0204748 0.285922
0.482167 9.9982E-05 0.0780927 9.9982E-05 0.110064 0.329476
0.0345845 0.458225 0.0277904 0.0227422 0.294575 0.162083
0.0109506 0.480448 9.9991E-05 0.061384 0.354515 0.0926024
0.0322274 0.570942 0.00967743 9.9991E-05 0.231338 0.155716
9.9982E-05 0.408249 0.0276792 9.9982E-05 0.34681 0.217062
9.9991E-05 0.210147 0.000990467 0.0195784 0.252081 0.517103
0.0397767 0.643702 0.060316 0.0272918 0.206369 0.0225442
9.9982E-05 0.559506 9.9982E-05 0.0273153 0.396966 0.0160128
9.9991E-05 0.502611 0.109522 0.00669098 0.334139 0.0469373
9.9982E-05 0.322705 0.055813 0.0490456 0.572237 9.9982E-05
0.0607595 0.505376 0.0842435 0.0631381 0.221757 0.0647256
0.035625 0.35535 0.0619073 9.9991E-05 0.452549 0.0944688
9.9973E-05 9.9973E-05 0.182823 9.9973E-05 0.681411 0.135466
0.0889327 0.606421 0.0976677 0.00357686 0.123994 0.0794084
0.0262098 0.24131 0.282914 9.9982E-05 0.449366 9.9982E-05
9.9982E-05 0.495994 0.0796244 9.9982E-05 0.418403 0.00577859
0.0307214 9.9982E-05 0.0163143 9.9982E-05 0.711345 0.241419
0.128991 0.0233906 0.103467 9.9991E-05 0.00759852 0.736453
0.0774567 0.092388 0.10144 0.000988896 9.9991E-05 0.727626
0.040326 0.0226571 0.0833684 9.9982E-05 9.9982E-05 0.853449
0.0945276 9.9973E-05 0.0736898 9.9973E-05 9.9973E-05 0.831483
0.00775563 0.0805566 0.0600616 9.9991E-05 0.00402148 0.847505
0.0475082 0.119797 0.0710891 0.014463 9.9991E-05 0.747043
0.901571 0.0448942 9.9982E-05 0.0395676 0.0137672 9.9982E-05
0.777732 0.15231 9.9982E-05 0.0388482 9.9982E-05 0.0309101
0.748558 0.16052 9.9973E-05 0.0906219 9.9973E-05 9.9973E-05
0.72905 0.043361 9.9982E-05 0.14448 9.9982E-05 0.0829084
0.790979 0.079371 0.00440792 0.0667696 9.9991E-05 0.0583726
0.383342 9.9982E-05 0.0910122 9.9982E-05 0.000600226 0.524846
0.481895 9.9982E-05 0.0955206 9.9982E-05 0.0763709 0.346014
0.468511 9.9982E-05 0.0681832 9.9982E-05 0.0469394 0.416166
0.803525 0.189058 9.9973E-05 9.9973E-05 9.9973E-05 0.00711667
0.362079 9.9982E-05 0.112219 9.9982E-05 0.0895961 0.435906
0.226926 0.253889 0.151613 0.367372 9.9982E-05 9.9982E-05
0.15069 0.57969 9.9982E-05 0.182359 9.9982E-05 0.0870611
0.181828 0.555353 9.9973E-05 0.26252 9.9973E-05 9.9973E-05
0.332985 0.355329 0.0743176 0.185346 0.0299169 0.0221065
0.253213 0.515218 9.9991E-05 0.161073 0.0287707 0.041626
0.423974 9.9973E-05 0.233644 0.342083 9.9973E-05 9.9973E-05
9.9982E-05 0.466645 0.0927215 9.9982E-05 0.198383 0.242051
9.9982E-05 0.446457 0.277488 9.9982E-05 0.0901463 0.185709
0.0865426 0.24911 0.0134435 0.0422126 0.133647 0.475044
0.000792278 0.444227 0.282961 9.9991E-05 0.196774 0.0751455
9.9973E-05 9.9973E-05 0.685988 9.9973E-05 0.149407 0.164306
0.0682072 0.490896 0.0417371 0.0745705 0.196336 0.128253
0.0768391 0.525661 0.0884107 9.9991E-05 0.156368 0.152622
0.0328217 0.357271 0.0606992 9.9991E-05 0.118609 0.430499
0.182313 0.583432 0.0379648 0.00639609 0.0731803 0.116715
9.9982E-05 0.146987 0.403661 9.9982E-05 0.216108 0.233043
9.9991E-05 0.462378 0.206592 0.0396492 0.152023 0.139257
9.9982E-05 0.481204 0.0379678 9.9982E-05 0.187511 0.293118
0.179686 0.338766 0.0752985 0.173157 0.154486 0.0786062
9.9991E-05 0.356084 0.254435 0.0126651 0.145506 0.23121
0.0134596 0.49945 0.17437 0.00628159 0.0453093 0.26113
9.9991E-05 0.424144 0.176588 0.0995954 0.175744 0.123829
0.0181612 0.567049 0.0818669 0.0107508 0.0968837 0.225289
0.0498367 0.636948 0.0280032 0.064641 0.136763 0.0838081
0.111033 0.549031 0.00669372 0.0336781 0.235589 0.063976
0.139095 0.559325 0.0880598 0.0349444 0.0820775 0.0964988
0.78857 0.157155 9.9982E-05 0.0489182 0.00515682 9.9982E-05
0.816991 0.0475433 0.0312312 0.0445605 0.0595744 9.9991E-05
0.782271 0.0214241 0.0224931 0.0193068 0.0827208 0.071784
0.79279 9.9982E-05 9.9982E-05 0.0675091 0.0762098 0.0632913
0.836357 0.151171 9.9973E-05 9.9973E-05 9.9973E-05 0.0121721
9.9991E-05 0.168321 0.0949617 0.0493358 0.125037 0.562245
0.0539435 0.575853 0.148581 0.0429272 0.0239384 0.154757
0.153365 0.491811 0.180783 0.17384 9.9982E-05 9.9982E-05
0.0357675 0.774049 0.0318062 0.00224514 9.9991E-05 0.156032
0.110893 0.517389 9.9982E-05 9.9982E-05 0.183311 0.188207
0.0145321 0.354106 0.275187 0.0252102 9.9991E-05 0.330865
0.139521 0.00458196 0.0954083 9.9991E-05 0.153607 0.606782
0.0364994 0.517345 0.0500839 0.0269527 0.0131197 0.355999
0.061029 0.15913 0.0556337 0.0290312 0.149865 0.545311
0.0263288 0.428718 0.153775 0.118849 0.113547 0.158783
0.171587 0.0709607 0.104233 9.9991E-05 0.176386 0.476733
0.0980178 0.655771 9.9982E-05 0.0384102 9.9982E-05 0.207601
0.0784662 0.201184 0.059991 0.00733978 0.137502 0.515517
0.00736779 0.361736 0.220127 0.0372824 0.105401 0.268086
0.082681 0.57259 0.306823 0.00996913 9.9991E-05 0.0278365
9.9973E-05 0.365093 0.47215 9.9973E-05 9.9973E-05 0.162457
0.0855597 0.615053 0.217259 9.9991E-05 0.00389949 0.0781292
0.0486241 0.459952 0.167149 0.076221 0.135894 0.11216
9.9973E-05 0.445292 0.517041 9.9973E-05 9.9973E-05 0.0373669
0.109516 0.434837 0.13303 0.0968118 0.149885 0.0759206
0.0721964 0.592503 0.276922 9.9982E-05 0.0581785 9.9982E-05
9.9982E-05 0.169209 0.710752 9.9982E-05 0.0631347 0.0567043
9.9973E-05 0.312022 0.665545 9.9973E-05 9.9973E-05 0.0221322
9.9973E-05 0.516544 0.391415 9.9973E-05 9.9973E-05 0.091741
9.9982E-05 0.167072 0.532547 9.9982E-05 0.180943 0.119239
9.9982E-05 0.489107 0.330333 9.9982E-05 0.0224447 0.157915
0.0497808 0.0871739 0.0188264 9.9991E-05 0.234183 0.609936
9.9991E-05 0.237163 0.281882 0.0103932 0.160638 0.309824
0.0613315 0.262406 9.9991E-05 0.0515809 0.210695 0.413887
9.9991E-05 0.555701 0.0526099 0.118512 0.0786885 0.194388
9.9991E-05 0.209181 0.0835508 0.010964 0.267951 0.428253
0.00808892 0.420874 0.142207 0.170087 0.014979 0.243764
0.0328866 0.553155 9.9991E-05 0.0975438 0.11515 0.201164
0.0463179 0.438893 0.0356758 0.0683019 0.200669 0.210143
0.0293741 0.443804 9.9991E-05 0.143163 0.126364 0.257194
9.9991E-05 0.424776 0.0303197 0.0328786 0.214141 0.297785
9.9991E-05 0.192573 0.0188914 0.0888718 0.135163 0.5644
9.9991E-05 0.316823 0.0769278 0.0859686 0.138972 0.381208
9.9982E-05 0.619919 0.0798794 0.0339481 9.9982E-05 0.266053
0.072928 0.667604 0.0880244 9.9982E-05 0.171244 9.9982E-05
0.146301 0.3931 0.147906 9.9991E-05 0.0786099 0.233982
9.9991E-05 0.516917 0.125808 0.063889 0.0266311 0.266656
0.0917877 0.375563 0.00823257 0.0626991 9.9991E-05 0.461618
0.0244888 0.538962 9.9991E-05 0.0759734 0.101136 0.25934
0.0106506 0.499907 9.9991E-05 0.0997265 0.116925 0.272691
0.0730133 0.512648 0.0632399 0.161886 0.0271407 0.162072
0.372597 0.381325 0.0602381 0.118262 0.0674786 9.9991E-05
0.156743 0.504727 0.0600564 0.153077 0.125297 9.9991E-05
0.162394 0.598434 0.0880464 0.0855982 0.0228746 0.0426528
0.0247249 0.64511 0.124061 0.108767 0.00493738 0.0924007
0.20136 0.43222 0.061455 0.227375 0.0774897 9.9991E-05
9.9982E-05 0.490384 0.256543 9.9982E-05 0.0413388 0.211534
0.168286 0.469491 0.0571369 0.171148 0.0647403 0.0691973
0.244696 9.9982E-05 0.457799 0.155399 0.141906 9.9982E-05
0.133445 0.513345 0.0383594 0.157578 0.101723 0.0555495
0.162641 0.591026 0.0274889 0.0844625 0.0831253 0.0512562
0.03548 0.381646 0.0901566 0.333109 0.0175659 0.142043
0.224205 0.299081 0.209849 0.151687 0.0974898 0.0176888
0.224417 0.474006 0.0204481 0.18314 0.0978891 9.9991E-05
0.136105 0.576939 0.142388 0.144367 9.9982E-05 9.9982E-05
0.474357 9.9973E-05 0.318067 0.207277 9.9973E-05 9.9973E-05
0.174075 0.51562 0.0344571 0.175987 0.0121193 0.0877417
0.181542 0.522961 0.0230364 0.233498 0.0388632 9.9991E-05
0.136502 0.532422 0.0384663 0.139974 0.152535 9.9991E-05
0.205829 0.593672 0.00403114 0.196268 9.9982E-05 9.9982E-05
0.163614 0.527645 0.0473204 0.186638 0.00919356 0.0655888
0.0198391 0.499076 0.296702 0.0449122 0.107397 0.0320732
0.0377565 0.475467 0.194318 0.0578505 0.0725275 0.16208
9.9982E-05 0.0606047 0.554745 9.9982E-05 0.305639 0.0788107
9.9982E-05 0.0462863 0.691631 9.9982E-05 0.194604 0.0672784
0.108926 0.518059 0.110718 0.0368281 0.200229 0.0252409
0.0847563 0.388015 0.170838 0.34509 9.9991E-05 0.0112011
0.0744586 0.347226 0.210611 0.334379 0.0332258 9.9991E-05
0.184506 0.113293 0.362088 0.339913 9.9982E-05 9.9982E-05
0.169086 0.322988 0.227648 0.280078 9.9982E-05 9.9982E-05
0.0414315 0.178112 0.714231 0.0660257 9.9982E-05 9.9982E-05
0.12305 0.266119 0.563649 0.0286073 0.0184747 9.9991E-05
9.9982E-05 0.460123 0.165743 0.150586 0.223348 9.9982E-05
0.0264812 0.433424 0.268187 0.122828 0.14898 9.9991E-05
0.0604672 0.321234 0.534981 0.0501237 0.0330945 9.9991E-05
0.0124913 0.506114 0.23865 0.0868103 0.0652581 0.0906758
9.9982E-05 0.496064 0.33048 0.111346 9.9982E-05 0.0619097
0.120294 0.440518 0.0821058 0.136342 0.106019 0.114722
9.9982E-05 0.381269 0.395563 9.9982E-05 0.156507 0.0664606
9.9991E-05 0.367851 0.293864 0.0504301 0.256157 0.0315975
9.9991E-05 0.577737 0.222387 0.0246083 0.0680562 0.107112
0.0370471 0.450285 0.310823 9.9991E-05 0.116521 0.0852237
9.9991E-05 0.399549 0.0854194 0.135351 0.160997 0.218584
9.9973E-05 0.543883 0.436643 9.9973E-05 9.9973E-05 0.0191738
9.9982E-05 0.293518 0.542104 9.9982E-05 0.0558993 0.108279
0.0201904 0.637322 0.185138 0.00184529 0.155405 9.9991E-05
9.9982E-05 0.252189 0.512051 9.9982E-05 0.210278 0.0252819
9.9973E-05 0.462303 0.441551 9.9973E-05 0.0958461 9.9973E-05
0.059755 0.531304 0.288419 0.0517045 0.0687173 9.9991E-05
9.9982E-05 0.516989 0.227001 0.0605572 0.195252 9.9982E-05
0.240654 0.407406 0.0781597 0.134062 0.139617 9.9991E-05
0.129767 0.431985 0.144589 0.199281 9.9991E-05 0.0942797
0.200764 0.312121 0.133611 0.229458 0.12076 0.00328702
0.187032 0.308683 0.173933 0.214181 9.9991E-05 0.11607
0.185014 0.572279 0.0589443 0.0984177 0.0240336 0.0613117
0.169289 0.521206 0.159375 0.106933 0.0430977 9.9991E-05
0.161023 9.9982E-05 0.666496 0.166622 9.9982E-05 0.00565829
0.067343 0.610863 0.074097 0.179184 0.0355211 0.0329918
0.346668 9.9973E-05 0.520605 0.132427 9.9973E-05 9.9973E-05
0.0524063 0.558807 0.215658 0.172929 9.9982E-05 9.9982E-05
9.9973E-05 0.15636 0.56003 9.9973E-05 0.28331 9.9973E-05
9.9964E-05 9.9964E-05 0.708973 9.9964E-05 0.290627 9.9964E-05
9.9973E-05 0.485164 0.309837 9.9973E-05 0.204699 9.9973E-05
9.9973E-05 0.641126 0.214639 9.9973E-05 0.143935 9.9973E-05
9.9973E-05 0.442025 0.395879 9.9973E-05 0.161796 9.9973E-05
9.9973E-05 0.452918 0.302504 9.9973E-05 0.244278 9.9973E-05
9.9982E-05 0.552667 0.315741 9.9982E-05 0.128248 0.00314337
0.796921 0.0882522 0.089184 0.0146604 9.9991E-05 0.010882
0.713575 0.00308336 9.9982E-05 0.117784 9.9982E-05 0.165358
0.86749 9.9973E-05 9.9973E-05 0.0593946 9.9973E-05 0.0728157
0.909644 0.0899565 9.9964E-05 9.9964E-05 9.9964E-05 9.9964E-05
0.0524703 0.436102 9.9991E-05 0.0498274 0.380167 0.081333
0.0805226 0.43589 9.9991E-05 0.0170686 0.441178 0.0252409
0.0127234 0.438277 9.9982E-05 0.0133078 0.535492 9.9982E-05
0.119896 0.581832 0.0170134 0.0159899 0.22854 0.0367289
0.0619205 0.508319 9.9991E-05 0.082457 0.242769 0.104434
0.0330003 0.218648 0.0574475 9.9991E-05 0.598924 0.09188
0.00839933 0.522342 9.9991E-05 0.0515299 0.414075 0.00355307
9.9973E-05 0.294637 0.163523 9.9973E-05 0.541539 9.9973E-05
0.19767 0.43482 0.0953811 0.209474 9.9991E-05 0.0625551
9.9991E-05 0.434317 0.143995 0.0484733 0.353601 0.0195147
9.9982E-05 0.231908 9.9982E-05 0.044506 0.629404 0.0939825
9.9973E-05 0.59704 0.033204 9.9973E-05 0.369456 9.9973E-05
0.0492304 0.353501 0.0167866 9.9991E-05 0.531847 0.048535
9.9982E-05 0.465447 0.0192631 0.0677396 0.44735 9.9982E-05
0.0496795 0.494828 9.9991E-05 0.0144578 0.411755 0.02918
9.9973E-05 0.026473 0.124317 9.9973E-05 0.84891 9.9973E-05
9.9982E-05 0.262131 0.198491 0.0236498 0.515528 9.9982E-05
0.0400991 0.244134 9.9991E-05 0.0235532 0.648484 0.0436301
9.9964E-05 9.9964E-05 0.242588 9.9964E-05 0.757012 9.9964E-05
0.0791257 0.370884 9.9991E-05 0.00209223 0.513074 0.0347244
9.9973E-05 0.0550639 0.315828 9.9973E-05 0.628808 9.9973E-05
0.0185161 9.9982E-05 0.290648 9.9982E-05 0.689955 0.000680729
9.9991E-05 0.553027 0.0143966 0.073663 0.336522 0.0222919
0.0485463 0.166629 0.0446045 0.00139742 0.663967 0.0748561
9.9982E-05 0.361976 9.9982E-05 0.104352 0.43578 0.0976926
0.0852545 0.493857 0.0135573 0.0972397 0.272341 0.0377501
9.9973E-05 0.517001 9.9973E-05 9.9973E-05 0.446175 0.0365241
9.9973E-05 0.455224 0.231315 9.9973E-05 9.9973E-05 0.313161
0.0542036 0.565383 0.0623033 9.9991E-05 0.317143 0.000867455
0.0785932 0.423352 9.9991E-05 0.0040566 0.38685 0.107048
9.9973E-05 0.261737 0.104066 9.9973E-05 0.633898 9.9973E-05
0.041411 0.546036 0.0316092 0.0189778 0.361866 9.9991E-05
0.636202 9.9982E-05 0.0887356 0.0098957 9.9982E-05 0.264967
0.790077 0.0752005 9.9982E-05 9.9982E-05 0.105065 0.0294571
0.812087 9.9973E-05 0.0608827 9.9973E-05 9.9973E-05 0.12673
0.830515 9.9982E-05 0.0104585 9.9982E-05 0.0357375 0.123089
0.705707 0.0132925 9.9973E-05 9.9973E-05 9.9973E-05 0.280701
0.00269971 0.0211006 9.9991E-05 0.0999945 0.783679 0.0924258
0.0930271 0.067133 0.0886201 9.9991E-05 0.696378 0.054742
9.9982E-05 0.0759935 0.15247 0.0209523 0.750384 9.9982E-05
0.148725 0.378386 9.9991E-05 0.162401 0.214234 0.0961546
0.118448 0.566209 0.0453168 9.9991E-05 0.21564 0.0542861
0.0578659 0.243853 0.0984192 0.0332575 0.566504 9.9991E-05
9.9982E-05 0.475578 0.0630075 0.129882 0.331333 9.9982E-05
0.0673612 0.319951 0.0319719 0.0433084 0.537308 9.9991E-05
0.00856341 0.558538 0.0644898 9.9991E-05 0.347401 0.0209085
0.021744 0.545137 9.9991E-05 0.0702618 0.286734 0.076024
9.9991E-05 0.139593 0.0124838 0.05762 0.671595 0.118608
0.0129991 0.250053 9.9982E-05 9.9982E-05 0.639463 0.0972848
9.9982E-05 0.267647 9.9982E-05 0.00143435 0.578292 0.152427
0.109331 0.585475 0.1867 9.9991E-05 0.0437968 0.0745982
0.00159055 0.366256 9.9982E-05 9.9982E-05 0.619893 0.0120605
0.0197506 0.393509 9.9991E-05 0.058489 0.465091 0.0630599
0.035094 0.366571 0.101437 0.449793 9.9991E-05 0.0470045
0.0933575 0.342044 0.0615427 0.467138 0.0188551 0.0170624
0.105303 0.495609 0.00376514 0.395123 9.9982E-05 9.9982E-05
0.145903 0.285064 0.118023 0.45081 9.9982E-05 9.9982E-05
0.0887344 0.423509 0.0518238 0.325496 0.108682 0.00175403
0.0295028 0.479033 0.157541 0.0208808 0.312942 9.9991E-05
0.239501 0.0119107 0.0490527 0.699335 9.9982E-05 9.9982E-05
0.16656 0.282897 9.9982E-05 0.49613 0.0542129 9.9982E-05
0.206326 0.365324 0.201989 0.139975 0.0862851 9.9991E-05
0.122562 0.628579 0.175029 9.9982E-05 9.9982E-05 0.0736293
0.0680251 0.42283 0.204207 0.0744388 0.0819468 0.148553
0.134222 0.575055 0.218631 0.0273842 9.9991E-05 0.0446082
0.112133 0.585485 0.103836 0.0289382 0.0774457 0.092162
0.173912 0.420673 9.9973E-05 0.405115 9.9973E-05 9.9973E-05
0.136541 0.409781 0.0432101 0.310343 0.0496982 0.0504264
0.0753406 0.430665 9.9973E-05 0.493695 9.9973E-05 9.9973E-05
0.12631 0.533555 9.9991E-05 0.272352 0.0247098 0.0429732
0.108513 0.299921 0.0525411 0.518723 0.0202022 9.9991E-05
0.153154 0.400861 9.9991E-05 0.269173 0.162955 0.013757
0.0916236 0.188709 0.0842656 0.635202 9.9982E-05 9.9982E-05
0.0759681 0.455107 0.00792971 0.388368 0.00937469 0.0632525
0.0991196 0.529698 0.271322 0.034376 0.065384 9.9991E-05
0.168956 0.371312 9.9991E-05 0.369358 0.0616584 0.028615
0.183483 0.234512 9.9973E-05 0.581704 9.9973E-05 9.9973E-05
0.0675745 0.363145 9.9991E-05 0.361533 0.0791854 0.128462
0.149404 0.177106 0.236402 0.0261755 0.123431 0.287481
9.9991E-05 0.575597 0.264107 0.117555 0.0251485 0.0174935
0.172931 0.329684 0.0422601 0.314359 0.0425981 0.0981684
0.127547 0.641534 0.0907934 0.0417668 0.0465272 0.0518314
0.158424 0.478657 0.156884 0.0136055 0.156455 0.0359741
0.159723 0.331018 0.0919541 0.21498 0.103644 0.0986816
0.168321 0.408396 0.149392 0.240557 9.9991E-05 0.0332338
0.146502 0.574055 0.113453 0.0844049 0.081485 9.9991E-05
0.0780585 0.309194 0.0620248 0.377645 0.172978 9.9991E-05
0.0568222 0.431391 0.0635494 0.448037 9.9982E-05 9.9982E-05
0.250747 0.200179 0.0353387 0.513535 9.9982E-05 9.9982E-05
0.0946948 0.623104 0.222615 0.041612 0.0178743 9.9991E-05
0.114895 0.499969 0.12695 9.9991E-05 0.114807 0.143279
0.152299 0.249404 0.597998 9.9973E-05 9.9973E-05 9.9973E-05
0.140996 0.628221 0.117961 9.9991E-05 0.0595184 0.053203
0.103118 0.460846 0.167681 0.0122373 9.9991E-05 0.256017
0.202732 0.466783 0.211786 0.118498 9.9982E-05 9.9982E-05
0.114544 0.38806 0.175882 0.095034 0.103438 0.123042
0.312419 9.9973E-05 0.481132 0.206149 9.9973E-05 9.9973E-05
0.305477 9.9973E-05 0.576817 0.117406 9.9973E-05 9.9973E-05
0.165623 0.279996 0.383582 0.116522 9.9991E-05 0.0541773
0.330376 0.00280739 0.433356 0.202614 0.0307469 9.9991E-05
0.445099 9.9973E-05 0.3421 0.2125 9.9973E-05 9.9973E-05
0.116535 0.351942 0.320559 0.156977 0.000643582 0.0533433
0.266394 0.361774 0.178192 0.137773 0.055767 9.9991E-05
0.255018 0.220787 0.226578 0.193038 0.0645369 0.0400433
0.274737 0.151519 0.441956 0.131588 9.9982E-05 9.9982E-05
0.15892 0.516934 0.238232 0.0718548 9.9991E-05 0.013959
0.231883 0.205115 0.467176 0.079281 0.0164456 9.9991E-05
0.433362 9.9973E-05 0.495537 0.0708007 9.9973E-05 9.9973E-05
0.119433 0.346949 0.0113296 0.301581 0.0987479 0.121959
0.115533 0.259366 0.279323 0.299019 9.9991E-05 0.0466589
0.294073 0.445028 9.9982E-05 0.181739 0.0789593 9.9982E-05
0.165974 0.564483 9.9973E-05 0.269244 9.9973E-05 9.9973E-05
0.205048 0.511018 9.9982E-05 0.184822 0.0989123 9.9982E-05
0.126314 0.421832 0.159819 0.263659 9.9991E-05 0.0282762
0.359003 0.350316 0.0276891 0.222977 0.00890075 0.0311141
0.209626 0.500602 0.00869207 0.199094 0.0818869 9.9991E-05
0.229506 0.368497 0.020658 0.249203 0.084303 0.0478334
0.269943 0.337808 0.159434 0.164804 0.0679111 9.9991E-05
0.167414 0.269174 0.046918 0.135238 0.313697 0.0675591
0.181295 0.6022 0.0971673 0.0257297 0.0650363 0.028572
0.112786 0.520563 9.9991E-05 0.185964 0.0840189 0.096568
0.147105 0.48282 9.9991E-05 0.16267 0.184924 0.0223815
0.266608 0.380961 0.0902101 0.251128 9.9991E-05 0.0109926
0.250822 0.502833 9.9982E-05 0.141358 0.104787 9.9982E-05
0.350417 0.117512 0.261475 0.234523 0.0359721 9.9991E-05
0.189869 0.493461 9.9991E-05 0.230209 0.0515699 0.0347905
0.248398 0.199924 0.229779 0.321699 9.9982E-05 9.9982E-05
0.748551 9.9982E-05 0.0107886 9.9982E-05 0.105384 0.135076
0.0380643 9.9991E-05 0.00358074 0.0287277 0.133852 0.795675
0.0126401 9.9964E-05 9.9964E-05 9.9964E-05 9.9964E-05 0.98696
0.00660574 9.9964E-05 9.9964E-05 9.9964E-05 9.9964E-05 0.992994
9.9964E-05 0.0382379 9.9964E-05 9.9964E-05 9.9964E-05 0.961362
9.9964E-05 0.0573557 9.9964E-05 9.9964E-05 9.9964E-05 0.942244
9.9964E-05 0.0949013 9.9964E-05 9.9964E-05 9.9964E-05 0.904699
0.0338612 9.9964E-05 9.9964E-05 9.9964E-05 9.9964E-05 0.965739
0.223482 9.9964E-05 9.9964E-05 9.9964E-05 9.9964E-05 0.776118
0.891783 0.0920571 9.9982E-05 0.0135989 9.9982E-05 0.00236131
0.812636 0.0471813 9.9982E-05 9.9982E-05 0.034647 0.105336
0.865856 9.9982E-05 9.9982E-05 0.0585947 0.0631255 0.0122233
0.810107 0.0371084 0.0444154 9.9982E-05 9.9982E-05 0.108169
0.884176 0.0251926 9.9991E-05 0.0427401 0.0409467 0.0068444
0.905838 9.9982E-05 9.9982E-05 0.0123236 0.0109977 0.0706409
0.683805 9.9973E-05 9.9973E-05 0.167579 9.9973E-05 0.148316
0.838113 0.0453196 9.9982E-05 0.080653 0.0357142 9.9982E-05
0.659084 0.0946079 0.0267044 0.0990096 0.0237341 0.0968596
0.892293 0.00568319 9.9991E-05 0.0780438 0.0158955 0.00798462
0.940907 9.9973E-05 0.019911 9.9973E-05 9.9973E-05 0.0388819
0.806477 0.0190116 0.0489692 0.0866123 0.0250907 0.0138391
0.949425 9.9973E-05 9.9973E-05 0.00440713 9.9973E-05 0.045868
0.881782 0.0408476 9.9982E-05 0.0496312 9.9982E-05 0.0275391
0.872236 0.0885271 9.9982E-05 9.9982E-05 0.010264 0.0287726
0.836919 0.127844 9.9973E-05 0.034937 9.9973E-05 9.9973E-05
0.789926 0.0949654 9.9973E-05 0.114809 9.9973E-05 9.9973E-05
0.799892 0.126127 9.9973E-05 0.0736815 9.9973E-05 9.9973E-05
0.815838 0.127968 9.9982E-05 0.0283716 0.0276232 9.9982E-05
0.0796534 0.445969 0.270375 0.0589953 0.026995 0.118012
0.0785357 0.69629 0.0818196 9.9991E-05 0.0381399 0.105115
0.0866107 0.651657 0.119396 0.059679 0.000494213 0.0821633
0.0296577 0.232942 0.696328 9.9991E-05 0.00202748 0.0389441
0.145486 0.571199 0.142822 9.9991E-05 0.0284849 0.111908
0.152768 0.208474 0.638458 9.9973E-05 9.9973E-05 9.9973E-05
0.082307 0.698742 0.218651 9.9973E-05 9.9973E-05 9.9973E-05
0.105418 0.412548 0.169474 9.9991E-05 0.16746 0.145001
0.128044 0.539986 0.187968 9.9991E-05 0.0971257 0.0467755
0.059113 0.351369 9.9982E-05 0.0964704 0.492848 9.9982E-05
0.0779568 0.486645 0.182164 9.9991E-05 0.0564762 0.196658
0.035211 0.707342 0.230557 9.9982E-05 0.0266897 9.9982E-05
0.10941 0.572333 0.237333 9.9991E-05 0.024603 0.0562204
9.9991E-05 0.0259077 0.287919 0.0427659 0.231961 0.411347
9.9973E-05 0.0341074 0.85637 9.9973E-05 9.9973E-05 0.109223
0.0510224 0.203356 0.691272 0.0260161 9.9991E-05 0.0282337
0.119809 0.638833 0.101898 0.00415881 9.9991E-05 0.135201
0.122043 0.603605 0.254908 9.9982E-05 0.0192443 9.9982E-05
0.146921 0.554 0.298779 9.9973E-05 9.9973E-05 9.9973E-05
0.106674 0.591261 0.132001 0.00167337 0.16829 9.9991E-05
0.191609 0.496597 0.0378612 0.189856 9.9991E-05 0.0839775
0.179233 0.640012 0.0380981 0.1115 0.0156138 0.0155431
0.368457 0.137107 0.0863908 0.201306 0.0511731 0.155566
0.136491 0.618839 0.0570284 0.0436784 0.0969885 0.046975
0.214773 0.39896 0.0372425 0.160144 0.129258 0.0596217
0.420288 9.9973E-05 0.396015 0.183397 9.9973E-05 9.9973E-05
0.227394 0.337277 0.226152 0.208977 9.9982E-05 9.9982E-05
0.328171 0.254537 0.0908006 0.234724 0.0916671 9.9991E-05
0.331738 0.430969 9.9991E-05 0.0923952 0.0346399 0.110158
0.143262 0.537959 0.0209986 0.17571 0.0517919 0.0702788
0.187815 0.443036 0.0614018 0.174989 0.0707276 0.0620299
0.161256 0.750062 0.0145151 0.0739664 9.9982E-05 9.9982E-05
0.189603 0.486052 0.137088 0.179694 0.00746271 9.9991E-05
0.43048 0.333025 0.0248558 0.169732 0.0418065 9.9991E-05
