9.9982E-05 0.00577106 0.00802531 0.914838 0.0711654 9.9982E-05
0.0231167 9.9973E-05 9.9973E-05 0.939993 0.0365904 9.9973E-05
9.9982E-05 0.103625 0.0317017 0.834312 0.0301616 9.9982E-05
9.9982E-05 0.0592744 0.0320127 0.832663 0.0758503 9.9982E-05
9.9973E-05 0.10533 9.9973E-05 0.876408 9.9973E-05 0.0179616
0.0323834 0.0119053 0.106562 0.595023 0.116779 0.137347
9.9982E-05 9.9982E-05 0.00289538 0.837167 0.0595133 0.100224
0.0047587 0.00253579 0.0339206 0.743586 0.129289 0.0859092
0.0179533 9.9982E-05 9.9982E-05 0.832082 0.095056 0.0547086
0.0245535 0.0118519 0.161286 0.673671 0.0555534 0.0730845
0.0158594 0.0248497 9.9991E-05 0.751406 0.0903535 0.117431
0.157925 0.198829 0.107136 9.9991E-05 0.505829 0.030182
0.0807727 0.660768 9.9991E-05 0.0470018 0.194745 0.016612
0.0865482 0.242732 0.117029 0.00867899 0.391876 0.153136
0.0993782 0.363276 0.117925 0.0621993 0.288989 0.0682322
0.132722 0.404568 0.0528973 0.156604 0.182631 0.0705784
0.00109899 0.574462 0.115546 0.0755249 0.173683 0.059685
0.192035 0.470282 0.069775 0.0532348 0.176637 0.0380358
0.191424 0.324351 0.0890433 0.143335 0.251747 9.9991E-05
0.157484 0.0602198 0.0499083 0.035928 0.591931 0.104529
0.217474 0.417031 0.0953458 0.0204799 0.242713 0.00695589
0.100586 0.465104 0.0177408 0.0464289 0.117667 0.252473
0.20098 0.548073 0.051217 0.0493916 0.150238 9.9991E-05
0.205109 0.281789 0.0866359 9.9991E-05 0.29423 0.132136
0.0534976 0.616054 0.0737098 0.16875 0.01867 0.0693182
9.999E-05 0.587846 0.074378 0.0718422 0.199673 0.0661608
0.250276 0.203584 0.0837635 0.0689449 0.376835 0.0165969
0.175839 0.237382 0.167342 0.0867103 0.315067 0.0176599
0.155555 0.275427 9.9991E-05 0.0194432 0.420726 0.128749
9.9973E-05 0.118523 0.0378105 0.843366 9.9973E-05 9.9973E-05
9.9964E-05 0.191394 9.9964E-05 0.808206 9.9964E-05 9.9964E-05
0.0225228 0.133809 0.0360258 0.807442 9.9982E-05 9.9982E-05
0.0564709 0.132819 0.0850478 0.725463 9.9982E-05 9.9982E-05
0.209232 0.560736 0.00657085 9.9991E-05 0.14818 0.0751814
0.283329 0.543185 0.0330559 0.119008 0.0153233 0.00609798
0.383214 0.495225 0.0527952 0.0475798 9.9991E-05 0.0210859
0.177551 0.111266 0.0460702 0.0462969 0.596362 0.022455
0.582555 0.21361 0.0657214 0.0181477 9.9991E-05 0.119866
0.186561 0.510217 0.0506245 0.059317 0.122963 0.070317
0.12321 0.729817 0.0451403 0.0482489 9.9991E-05 0.0534836
0.236643 0.45676 0.0627198 0.100959 0.0563239 0.0865938
0.231142 0.618163 0.0019635 0.147116 9.9991E-05 0.00151609
0.701638 0.0609008 9.9991E-05 0.0414499 0.138399 0.0575123
0.121996 0.506407 0.046057 0.0350407 9.9991E-05 0.290399
0.147153 0.577069 0.140298 0.037828 0.00119208 0.0964598
0.0924396 0.641635 0.017366 0.0976901 0.108646 0.0422231
0.595272 0.318462 9.9973E-05 9.9973E-05 9.9973E-05 0.0859666
0.272862 0.527962 0.0344628 0.0998927 0.0414261 0.0233941
0.219094 0.498843 0.0643712 0.167331 9.9991E-05 0.0502611
0.61226 9.9973E-05 9.9973E-05 0.081103 9.9973E-05 0.306337
0.20687 0.196287 9.9982E-05 9.9982E-05 0.453144 0.1435
0.224152 0.0596005 0.0496364 0.0322322 0.149619 0.48476
0.0897045 0.582023 0.038363 0.0468024 0.218394 0.0247131
0.0362532 0.655994 0.027511 0.123737 0.0647656 0.0917397
0.0177089 0.560486 0.0861853 0.084472 0.0548658 0.196282
0.255788 0.234743 9.9991E-05 0.0431223 0.314327 0.151919
0.0169094 0.629618 0.0112038 0.00541966 0.258901 0.0779483
0.108556 0.472652 0.234135 9.9991E-05 0.140411 0.0441455
0.242406 0.40715 9.9991E-05 0.149322 0.182228 0.0187928
0.167065 0.00482663 0.105128 0.169051 0.342709 0.21122
0.136803 0.598112 0.00194214 9.9991E-05 0.171567 0.091476
0.153365 0.364308 0.0659062 0.0757813 0.248071 0.0925684
0.271491 0.0462692 9.9991E-05 0.0372785 0.501168 0.143693
0.0741397 0.440864 0.0563555 9.9991E-05 0.287664 0.140877
0.036637 0.676448 0.129112 9.9991E-05 0.00942125 0.148282
0.0322086 0.685912 9.9991E-05 0.129733 0.0283818 0.123665
0.296307 0.25482 0.0639325 0.0652856 0.26041 0.0592463
0.0577741 0.529441 9.9991E-05 0.054701 0.236703 0.121281
0.108436 0.549178 0.0418381 0.0685137 0.172424 0.0596107
0.266351 0.207411 0.00391068 0.0375403 0.345272 0.139514
0.455275 0.521706 9.9973E-05 9.9973E-05 0.0227185 9.9973E-05
0.761351 0.140666 0.00676592 0.00567334 0.0854436 9.9991E-05
0.177909 0.567522 9.9991E-05 0.0612446 0.0913294 0.101895
0.806188 9.9964E-05 9.9964E-05 9.9964E-05 9.9964E-05 0.193413
0.813942 9.9964E-05 9.9964E-05 9.9964E-05 9.9964E-05 0.185658
0.784298 0.20132 0.0132645 9.9982E-05 9.9982E-05 0.000917703
0.495894 0.389474 9.9982E-05 0.0670784 0.0473537 9.9982E-05
0.257149 0.454862 0.0857139 0.143171 0.0201621 0.0389418
0.500659 0.440096 0.0387834 9.9982E-05 9.9982E-05 0.020261
0.641996 0.0421949 0.100242 0.00432502 0.211142 9.9991E-05
0.482434 0.194179 0.0248766 0.00134645 0.297064 9.9991E-05
0.279244 0.463705 0.0853076 0.0731317 0.0985114 9.9991E-05
0.630026 0.172561 0.0723208 0.0263923 0.0342783 0.0644218
0.519419 0.378673 9.9982E-05 0.0972945 0.00441429 9.9982E-05
0.553957 0.367045 9.9973E-05 9.9973E-05 9.9973E-05 0.0786987
0.67079 9.9973E-05 0.00471787 9.9973E-05 9.9973E-05 0.324192
0.366889 0.484244 0.118129 0.00983263 0.0208058 9.9991E-05
0.0237196 0.0738302 0.0409499 0.786806 0.0745945 9.9991E-05
9.9964E-05 0.0884042 9.9964E-05 0.911196 9.9964E-05 9.9964E-05
9.9973E-05 0.116214 0.042969 0.840517 9.9973E-05 9.9973E-05
0.0117563 0.052734 0.0245813 0.910728 9.9982E-05 9.9982E-05
0.0115788 0.0537858 0.0182485 0.896413 9.9991E-05 0.0198735
0.00869109 0.0266581 0.0397289 0.878157 9.9991E-05 0.0466651
9.9973E-05 0.0721154 0.00179482 0.92579 9.9973E-05 9.9973E-05
0.27604 0.448492 0.142968 0.0780352 0.0543648 9.9991E-05
0.231947 0.499285 0.0890576 0.0511008 0.0572173 0.071392
0.872918 9.9973E-05 9.9973E-05 0.0557448 0.0710372 9.9973E-05
0.0695599 0.636417 9.9991E-05 0.173201 0.00897863 0.111743
0.44797 0.362214 0.0379265 0.0582842 0.0935049 9.9991E-05
0.321004 0.585895 9.9973E-05 0.0928007 9.9973E-05 9.9973E-05
0.226787 0.561752 9.9991E-05 0.0844779 0.00331478 0.123568
0.500703 0.421593 0.0467979 9.9991E-05 0.00213339 0.0286726
0.710683 9.9982E-05 9.9982E-05 0.0806479 0.187952 0.0205173
0.114711 0.591251 0.0727841 0.116327 0.0300051 0.0749218
0.180312 0.70246 0.0356425 0.0733048 9.9991E-05 0.00818046
0.170175 0.493382 0.103354 0.0759402 0.102914 0.0542346
0.576537 0.275404 9.9973E-05 9.9973E-05 9.9973E-05 0.14776
0.405647 0.505866 9.9982E-05 0.0045694 9.9982E-05 0.0837174
0.356899 0.516157 9.9982E-05 0.0302476 0.0964956 9.9982E-05
0.629778 0.231833 0.138089 9.9973E-05 9.9973E-05 9.9973E-05
0.365965 0.453541 9.9982E-05 0.0721038 0.10819 9.9982E-05
0.201899 0.581901 9.9991E-05 0.109064 0.0962299 0.0108054
0.108272 0.223115 0.0416852 0.0125679 0.375765 0.238595
0.102214 0.38308 0.0488334 0.131545 0.334227 9.9991E-05
0.00294136 0.565671 0.0520528 0.10934 0.108216 0.161779
0.156331 0.503981 0.0714225 0.0944088 0.156417 0.0174401
0.00367066 0.569812 9.9991E-05 0.0243528 0.329566 0.072498
0.00858135 0.683477 9.9982E-05 9.9982E-05 0.198654 0.109088
0.0183894 0.487591 0.0260786 9.9982E-05 0.467741 9.9982E-05
0.102413 0.561701 9.9991E-05 0.0378023 0.133145 0.164839
0.0789277 0.616774 0.00969686 0.00982776 0.163656 0.121117
0.090004 0.597405 9.9991E-05 0.0369244 0.226564 0.0490029
0.0664109 0.560873 9.9982E-05 9.9982E-05 0.352779 0.0197366
0.0700028 0.616912 0.0501274 0.0284693 0.140072 0.094416
9.9991E-05 0.580777 0.104166 0.0994568 0.0572126 0.158287
0.107595 0.543773 0.087973 9.9982E-05 0.260459 9.9982E-05
9.9991E-05 0.548563 0.0286442 0.0584391 0.15727 0.206984
0.0130591 0.562308 0.102262 9.9991E-05 0.235251 0.0870201
0.0031466 0.488189 9.9991E-05 0.0212861 0.240324 0.246954
9.9991E-05 0.630997 0.0444987 0.011551 0.262032 0.0508216
9.9982E-05 0.661849 0.0195229 9.9982E-05 0.133374 0.185054
0.187568 0.227516 0.0949973 0.0191359 0.415919 0.0548638
0.0889567 0.210768 0.0261205 0.00515436 0.313074 0.355926
0.174952 0.484552 0.0437233 0.0270423 0.269631 9.9991E-05
0.129063 0.101571 0.0435453 9.9991E-05 0.343543 0.382177
0.0967898 0.315701 9.9991E-05 0.0321544 0.41499 0.140265
0.205048 0.412248 0.0237514 0.0226598 0.336194 9.9991E-05
0.195958 0.351106 9.9982E-05 0.0265521 0.426184 9.9982E-05
0.147288 0.27998 0.0476437 9.9991E-05 0.452091 0.0728973
0.0398445 0.694898 9.9991E-05 0.0804456 0.136103 0.0486088
0.0649714 0.492918 0.0587741 0.162974 0.0754384 0.144924
0.0981782 0.57433 0.0110211 0.0225922 0.190952 0.102926
0.134699 0.124746 0.0795937 9.9991E-05 0.330841 0.33002
0.0501593 0.513046 0.0104132 0.191862 0.101067 0.133452
0.119892 0.479731 0.0923686 0.0147434 0.0852661 0.207999
0.132494 0.0156885 9.9991E-05 0.140249 0.136984 0.574483
0.0526288 0.615437 0.0254054 0.158664 9.9991E-05 0.147765
0.109535 0.357584 0.0331451 0.071713 0.0814617 0.346562
0.101985 0.39738 0.153326 0.0428634 0.0194431 0.285002
0.150269 0.277615 0.0381813 0.121099 0.071931 0.340904
0.0214316 0.245794 9.9991E-05 0.0613867 0.193227 0.478061
0.118255 0.422007 9.9991E-05 0.0377492 0.115109 0.30678
0.0434816 0.532323 0.00937774 0.242131 0.0486397 0.124048
0.128582 0.380414 0.0534137 0.0825994 0.0920199 0.262972
0.238074 9.9991E-05 0.189505 0.0490033 0.0795741 0.443743
0.179603 0.452398 0.101021 0.115667 9.9991E-05 0.151211
0.136148 0.377072 9.9982E-05 9.9982E-05 0.115931 0.370649
0.170398 0.500465 9.9991E-05 0.0267713 0.0732669 0.228999
0.136699 0.490495 0.0390922 0.122043 0.0368683 0.174802
0.0570281 0.16903 0.2358 0.318033 9.9991E-05 0.22001
9.9973E-05 9.9973E-05 0.128381 0.54276 9.9973E-05 0.328559
9.9973E-05 9.9973E-05 0.1119 0.439839 9.9973E-05 0.447961
9.9982E-05 0.0756489 0.326708 0.388973 9.9982E-05 0.208471
0.0128519 0.655204 9.9973E-05 9.9973E-05 9.9973E-05 0.331644
0.0929423 0.561102 0.0440278 0.10713 0.0813061 0.113492
0.0351045 0.280986 0.653565 9.9982E-05 0.0301451 9.9982E-05
0.0219102 0.4094 0.40867 0.0703698 0.0797341 0.00991594
0.165529 0.250707 0.451296 9.9982E-05 0.132268 9.9982E-05
0.086183 0.315055 0.0308378 9.9991E-05 0.00346594 0.564358
0.063058 0.594585 0.0293123 0.0608883 9.9991E-05 0.252057
0.100021 0.227278 9.9982E-05 9.9982E-05 0.0045289 0.667972
0.0446464 0.660733 0.00894003 0.0254259 0.00396561 0.256289
0.0989124 0.538467 0.0202651 0.0377784 0.0181398 0.286437
0.0261041 0.513327 0.0828323 0.0196476 0.00843052 0.349658
0.0335666 0.299865 9.9973E-05 9.9973E-05 9.9973E-05 0.666268
0.0774728 0.672029 0.0756674 9.9991E-05 0.00718082 0.16755
0.0380131 0.692929 0.0305284 0.0628909 9.9991E-05 0.175538
0.0101306 0.00154517 0.979219 9.9982E-05 9.9982E-05 0.00890578
9.9964E-05 0.0873491 0.912251 9.9964E-05 9.9964E-05 9.9964E-05
0.106916 0.169491 0.601179 0.0326111 0.0897034 9.9991E-05
9.9973E-05 0.34095 0.6309 9.9973E-05 0.0278497 9.9973E-05
0.0422582 0.028796 0.871489 9.9982E-05 0.0572572 9.9982E-05
9.996E-05 9.996E-05 0.9995 9.996E-05 9.996E-05 9.996E-05
9.9964E-05 9.9964E-05 0.977358 9.9964E-05 0.0222424 9.9964E-05
9.9964E-05 0.10612 0.89348 9.9964E-05 9.9964E-05 9.9964E-05
9.9964E-05 9.9964E-05 0.973454 9.9964E-05 0.0261458 9.9964E-05
9.996E-05 9.996E-05 0.9995 9.996E-05 9.996E-05 9.996E-05
9.996E-05 9.996E-05 0.9995 9.996E-05 9.996E-05 9.996E-05
0.0270851 0.203639 0.724448 0.0446279 9.9982E-05 9.9982E-05
0.0547447 0.0159967 0.871286 0.0124285 0.0454439 9.9991E-05
0.00918785 9.9964E-05 0.990412 9.9964E-05 9.9964E-05 9.9964E-05
0.106291 0.300209 0.414508 9.9991E-05 0.117878 0.0610137
0.0331187 0.158567 0.66279 0.0487986 0.0966258 9.9991E-05
9.9982E-05 0.157472 0.791036 0.0311743 0.0201182 9.9982E-05
9.9982E-05 0.0595702 0.913112 0.000443693 0.0266744 9.9982E-05
9.9964E-05 0.0158304 0.98377 9.9964E-05 9.9964E-05 9.9964E-05
9.9973E-05 0.0937821 0.853982 0.0519361 9.9973E-05 9.9973E-05
9.9964E-05 9.9964E-05 0.997418 0.00218254 9.9964E-05 9.9964E-05
0.000633053 0.189801 0.693376 0.0347149 0.0468346 0.0346409
0.0628117 9.9973E-05 0.9183 9.9973E-05 0.0185886 9.9973E-05
0.0537651 9.9982E-05 0.0547457 0.308865 9.9982E-05 0.582424
0.0243519 0.439868 9.9991E-05 0.190225 0.0717057 0.27375
9.9991E-05 0.399355 0.062737 0.258028 0.0517733 0.228007
9.9982E-05 0.19265 0.113191 0.219756 9.9982E-05 0.474202
0.0660025 0.425818 0.174157 0.201876 9.9991E-05 0.132047
0.0706241 0.133135 0.134391 0.264926 9.9991E-05 0.396824
9.9982E-05 0.525314 0.0640812 0.190186 9.9982E-05 0.220218
9.9982E-05 0.332692 0.154035 0.148715 9.9982E-05 0.364358
9.9991E-05 0.433032 0.173941 0.129836 0.0470645 0.216027
9.9982E-05 0.325673 0.247273 0.0898707 9.9982E-05 0.336983
0.108208 0.424164 0.0945503 0.239197 0.0150018 0.118879
9.9982E-05 0.0597185 9.9982E-05 0.814955 0.100197 0.024929
9.9973E-05 9.9973E-05 0.0621515 0.924826 9.9973E-05 0.0127227
0.0212536 9.9973E-05 9.9973E-05 0.952595 0.0258511 9.9973E-05
9.9982E-05 0.00900706 9.9982E-05 0.946266 0.0364544 0.00807244
9.9982E-05 0.0432197 0.035118 0.883161 0.0383015 9.9982E-05
9.9973E-05 9.9973E-05 0.0729858 0.893165 9.9973E-05 0.0335497
0.00290293 0.0276414 0.0768974 0.874357 0.0181008 9.9991E-05
9.9982E-05 0.0171031 9.9982E-05 0.905085 0.0116592 0.0659525
0.0571063 9.9973E-05 0.0135752 0.929019 9.9973E-05 9.9973E-05
9.9982E-05 0.035411 0.0541893 0.873299 9.9982E-05 0.0369005
0.144342 9.9982E-05 9.9982E-05 0.614297 0.215633 0.0255281
0.0895016 9.9973E-05 9.9973E-05 0.586434 0.323764 9.9973E-05
9.9973E-05 9.9973E-05 9.9973E-05 0.502705 0.29203 0.204965
0.122664 9.9982E-05 9.9982E-05 0.491927 0.315359 0.0698502
0.359446 0.49658 9.9982E-05 0.0542169 0.0895572 9.9982E-05
0.314719 0.380253 0.150084 9.9991E-05 0.145819 0.00902398
0.137254 0.54869 0.0678542 0.0790431 0.155724 0.011434
0.127417 0.492885 9.9991E-05 0.0223123 0.35278 0.00450456
0.227413 0.116065 0.021004 9.9982E-05 0.635317 9.9982E-05
0.131438 0.526463 0.130426 0.0582151 0.0960702 0.0573876
0.330556 0.527395 0.0599044 0.0193239 0.0338904 0.0289307
0.28214 0.47636 0.0196008 9.9991E-05 0.154571 0.0672277
0.492429 0.313118 0.0738048 9.9982E-05 9.9982E-05 0.120448
0.081876 0.617879 0.0472274 0.0445741 0.130176 0.0782675
0.47215 0.383382 9.9973E-05 9.9973E-05 0.144168 9.9973E-05
0.748256 9.9973E-05 9.9973E-05 9.9973E-05 0.0876687 0.163776
0.220133 0.527766 9.9991E-05 0.054644 0.122293 0.0750636
0.504978 0.249506 9.9991E-05 0.0175318 0.0405652 0.187319
0.40607 0.476607 9.9973E-05 9.9973E-05 9.9973E-05 0.117023
0.770511 0.0113731 9.9982E-05 0.0325698 0.185346 9.9982E-05
9.9982E-05 0.00587382 9.9982E-05 0.124428 0.756102 0.113396
9.9991E-05 0.047496 0.0247537 0.065349 0.77975 0.082551
9.9973E-05 9.9973E-05 9.9973E-05 0.0599371 0.883705 0.0560581
0.0559821 9.9982E-05 9.9982E-05 0.0917948 0.83263 0.0193929
9.9973E-05 0.085949 9.9973E-05 9.9973E-05 0.826686 0.087065
9.9991E-05 0.0502448 0.0625196 0.0058711 0.824457 0.0568077
0.00468917 0.0889253 0.024167 0.882019 9.9982E-05 9.9982E-05
9.9982E-05 0.0261517 0.0588318 0.828162 0.0866548 9.9982E-05
9.9982E-05 0.180046 0.0534244 0.756619 0.00971013 9.9982E-05
9.9982E-05 0.00617082 0.153394 0.725548 0.114687 9.9982E-05
0.048478 0.0286749 0.100247 0.796956 0.0255447 9.9991E-05
0.00739277 9.9982E-05 9.9982E-05 0.418598 0.548109 0.0257006
9.9973E-05 9.9973E-05 9.9973E-05 0.454088 0.413648 0.131963
0.0810791 9.9991E-05 0.00758211 0.423949 0.43753 0.0497597
9.9973E-05 0.154337 9.9973E-05 0.818736 0.0266272 9.9973E-05
0.0518207 9.9982E-05 9.9982E-05 0.395375 0.482092 0.0705121
9.9982E-05 0.273226 0.35188 0.205104 9.9982E-05 0.16959
0.0664012 0.547376 0.22201 0.142072 9.9991E-05 0.0220406
9.9973E-05 0.580132 0.203483 0.216085 9.9973E-05 9.9973E-05
0.111201 0.335708 0.192413 0.267173 9.9991E-05 0.0934053
0.00242919 0.519009 0.198553 0.160753 0.0991255 0.0201316
9.9973E-05 9.9973E-05 0.343279 0.437475 9.9973E-05 0.218946
0.135973 0.447737 9.9982E-05 9.9982E-05 0.399987 0.0161023
0.00684546 0.407843 9.9982E-05 9.9982E-05 0.252683 0.332429
0.0712275 0.30281 9.9991E-05 0.095317 0.489872 0.0406734
0.0847168 0.511825 9.9982E-05 9.9982E-05 0.170169 0.23309
0.169447 9.9973E-05 9.9973E-05 9.9973E-05 0.174708 0.655545
0.117106 0.45064 0.0938607 0.0693137 0.192881 0.0761974
0.0427052 0.527726 0.0340208 9.9991E-05 0.240952 0.154496
0.193407 0.342608 9.9982E-05 0.0923408 0.371444 9.9982E-05
0.0566217 0.540243 0.0287506 0.0640636 0.160177 0.150144
0.0803517 0.192753 9.9982E-05 9.9982E-05 0.244104 0.482592
9.9973E-05 0.54123 9.9973E-05 9.9973E-05 0.145356 0.313114
0.0752604 0.449731 0.0976912 9.9991E-05 0.303828 0.0733896
0.182335 0.322973 0.234541 0.118749 0.0988626 0.0425397
0.0622701 0.406891 9.9982E-05 9.9982E-05 0.289612 0.241027
0.0333739 0.41274 0.0714494 9.9991E-05 0.343264 0.139072
0.0692807 0.521688 0.090417 9.9991E-05 0.138756 0.179758
0.155568 0.510817 0.0248341 0.0263637 0.168434 0.113983
0.0824291 0.575224 0.0915091 9.9982E-05 0.250638 9.9982E-05
0.115999 0.498997 0.139795 0.0389931 0.114427 0.0917889
0.200257 0.516483 0.0388369 0.0454253 0.163934 0.0350641
9.9973E-05 0.134006 0.0969705 0.768724 9.9973E-05 9.9973E-05
0.032568 0.0628638 0.069192 0.835176 9.9982E-05 9.9982E-05
0.0775063 0.0417897 9.9991E-05 0.78261 0.0220674 0.0759266
0.0985596 0.0265136 0.0317751 0.842267 9.9991E-05 0.000784906
0.0203963 0.0794587 0.052001 0.847944 9.9982E-05 9.9982E-05
0.0476104 0.183833 0.0708949 9.9991E-05 0.567121 0.130441
0.026685 0.551208 0.0220417 0.0591347 0.109917 0.231014
9.9991E-05 0.411398 0.229754 0.172293 0.00310313 0.183352
0.0831906 0.656597 0.0761135 0.00431046 0.14021 0.039578
0.164828 0.558775 0.00485912 0.0429818 0.203676 0.0248803
0.0700362 0.265471 0.0356201 9.9991E-05 0.274969 0.353804
0.156727 9.9982E-05 9.9982E-05 0.11399 0.563898 0.165185
0.0204945 0.58946 0.0327134 0.0287863 0.328446 9.9991E-05
0.142243 0.166474 0.0619701 0.0629538 0.467438 0.0989209
0.0373734 0.477637 0.0603236 9.9991E-05 0.195742 0.228823
0.12409 0.0865401 0.0511324 0.100534 0.485334 0.15237
9.9982E-05 0.598819 0.0594805 0.109144 0.232357 9.9982E-05
0.195496 0.164213 9.9991E-05 0.105672 0.502957 0.0315615
0.191908 0.377147 0.00979252 0.028344 0.230002 0.162807
0.0448511 0.513323 0.0568314 9.9991E-05 0.0848544 0.30004
9.9991E-05 0.333504 0.000446973 0.0189278 0.111639 0.535382
0.126282 0.549702 9.9991E-05 0.0691333 0.0501662 0.204617
0.0496685 0.542333 9.9982E-05 0.175975 9.9982E-05 0.231824
0.0598663 0.384426 9.9982E-05 9.9982E-05 0.130264 0.425245
0.0053885 0.492855 0.0392537 0.114948 0.184287 0.163268
0.108552 0.558441 9.9991E-05 0.0688337 0.0864955 0.177578
0.184248 0.113147 9.9982E-05 9.9982E-05 0.0335885 0.668817
9.9964E-05 0.300249 9.9964E-05 9.9964E-05 9.9964E-05 0.699351
9.9982E-05 0.51534 9.9982E-05 0.0367083 0.048477 0.399275
0.210139 0.1723 9.9982E-05 9.9982E-05 0.0608142 0.556547
0.119465 0.398751 9.9991E-05 0.0279537 0.134822 0.318908
0.248523 0.0701031 0.0341763 0.00363509 0.540018 0.103545
0.144778 0.254768 0.0221404 9.9991E-05 0.319617 0.258597
0.193576 0.318596 0.0851569 9.9991E-05 0.394868 0.0077029
0.0573237 0.581116 0.100088 0.0524056 0.208966 9.9991E-05
0.331212 0.169368 0.0451744 9.9991E-05 0.427098 0.027048
0.0399982 0.577486 0.0229007 0.0657674 0.233168 0.0606796
0.012111 0.558202 0.106927 0.0576487 0.200168 0.0649434
0.0524608 0.477707 0.0657548 0.02514 0.278506 0.100431
0.122616 0.442237 0.0811801 9.9991E-05 0.294118 0.0597486
0.0729005 0.417472 0.0730041 0.0689688 0.366766 0.000887642
0.219113 0.184675 0.0637349 9.9982E-05 0.532277 9.9982E-05
0.117363 0.305192 0.071588 9.9991E-05 0.485731 0.0200261
0.0908293 0.621828 0.0817506 9.9982E-05 0.205392 9.9982E-05
0.0686473 0.636821 0.0332531 0.0602022 0.135805 0.0652716
0.0326041 0.407216 0.0269308 0.0499908 0.251452 0.231806
0.032986 0.54682 0.0514116 9.9991E-05 0.218247 0.150435
0.110514 0.329615 0.064927 0.0318878 0.351317 0.11174
0.0690773 0.631388 9.9982E-05 9.9982E-05 0.245248 0.0540873
9.9991E-05 0.590381 0.0101961 0.0482527 0.235163 0.115908
0.0628079 0.472944 0.132237 0.0477898 0.220358 0.0638638
0.128634 0.310106 0.15828 0.264123 0.0496839 0.0891728
0.159759 0.408921 0.245482 0.126751 9.9991E-05 0.0589873
0.073527 0.518768 0.149207 0.0970386 9.9991E-05 0.16136
0.00371326 0.597882 0.119728 0.0713492 0.0995528 0.107774
0.029719 0.511315 0.202425 0.16526 9.9991E-05 0.0911802
0.031348 0.540982 9.9982E-05 9.9982E-05 0.136885 0.290586
0.0693276 0.431238 0.14198 0.204097 0.132654 0.0207032
0.0505661 0.100585 0.0852523 0.261209 9.9991E-05 0.502288
0.0205283 0.562117 0.129656 0.129394 0.0302718 0.128033
0.028121 0.513311 0.121619 0.198237 0.0596853 0.0790261
0.102465 0.344826 0.299938 0.0645804 0.10921 0.0789811
0.0466326 0.26343 0.166926 0.174066 0.0706154 0.27833
9.9991E-05 0.368187 0.319432 0.146696 0.0956753 0.0699097
9.9991E-05 0.556437 0.134082 0.155496 0.0120717 0.141813
0.0257898 9.9982E-05 0.154809 0.507656 9.9982E-05 0.311546
0.0376694 0.540009 0.172931 0.215298 9.9991E-05 0.0339921
0.0682203 0.457715 0.283523 0.134052 0.00967195 0.0468183
0.116904 0.477476 0.151787 0.105073 0.089121 0.0596382
9.9991E-05 0.483152 0.199022 0.173574 0.00505073 0.139102
9.9991E-05 0.600953 0.0875639 0.179774 0.045363 0.0862464
0.135484 0.527841 0.0130427 9.9991E-05 0.0361913 0.287341
0.139747 0.403718 0.0559712 0.10165 0.0980092 0.200905
0.304134 0.0410169 9.9982E-05 9.9982E-05 0.0935517 0.561098
0.0996642 0.092544 9.9982E-05 9.9982E-05 0.122505 0.685087
0.0815698 0.52157 0.135513 9.9982E-05 9.9982E-05 0.261147
9.9982E-05 0.441963 0.292198 0.0820642 9.9982E-05 0.183575
9.9982E-05 0.313943 0.332615 0.0713378 9.9982E-05 0.281905
9.9982E-05 0.135697 0.35538 0.209702 9.9982E-05 0.299021
9.9991E-05 0.348655 0.306687 0.131643 0.000491975 0.212423
9.9982E-05 0.168254 0.0393286 0.0432577 9.9982E-05 0.748959
9.9982E-05 0.217412 0.131708 0.0449837 9.9982E-05 0.605696
0.0186485 0.54974 0.118819 9.9991E-05 0.014836 0.297857
0.0763117 0.495543 0.162884 0.0489161 9.9991E-05 0.216244
9.9991E-05 0.309074 0.0753721 0.0221546 0.0285573 0.564742
0.0208584 0.525519 0.117271 0.0998931 0.100515 0.135944
0.00772253 0.544129 0.137332 0.0145438 0.07771 0.218562
0.00355087 0.391813 0.222513 0.0338221 0.179019 0.169283
0.0805906 0.347143 9.9982E-05 9.9982E-05 0.185709 0.386358
0.0872506 0.466308 9.9982E-05 9.9982E-05 0.0651667 0.381075
0.117312 0.497305 0.0321461 9.9991E-05 0.097126 0.256011
0.00828711 0.498461 0.00536636 0.116496 0.114231 0.257159
0.166247 0.426511 0.160726 0.00668865 0.0884768 0.151351
0.110019 0.483414 0.0273713 9.9991E-05 0.00798123 0.371114
0.0500896 0.301499 9.9982E-05 9.9982E-05 0.132612 0.5156
0.164424 0.582034 0.0176853 0.0145487 9.9991E-05 0.221207
0.226511 0.261632 9.9982E-05 9.9982E-05 0.0428159 0.46884
0.028056 0.453068 0.0392857 9.9991E-05 0.0643511 0.415139
0.0996117 0.544547 0.0321845 0.0922955 0.0853731 0.145989
0.228166 0.492056 0.045415 0.00680794 0.032536 0.195018
0.0954469 0.503695 0.171678 0.107401 0.0207448 0.101033
0.0011327 0.426968 0.20984 0.0367374 0.12958 0.195741
0.00488117 0.340494 0.254535 0.140905 0.0449303 0.214255
0.11137 0.357953 0.149415 0.16292 0.0793722 0.13897
0.156143 0.457994 0.121804 0.196754 0.0315194 0.0357856
0.0875967 0.367397 0.239048 0.127527 0.0228675 0.155564
0.0259904 9.9991E-05 0.153788 0.155568 0.0184125 0.646142
9.9991E-05 0.586841 0.231419 0.101366 0.0396604 0.0406143
9.9973E-05 9.9973E-05 0.129641 0.343905 9.9973E-05 0.526154
0.0194679 0.572054 0.180237 0.0179455 9.9991E-05 0.210195
0.232117 0.184409 9.9973E-05 9.9973E-05 9.9973E-05 0.583174
0.278129 0.0493438 9.9982E-05 9.9982E-05 0.0501625 0.622165
0.144414 0.544892 9.9982E-05 9.9982E-05 0.0145597 0.295934
0.062653 0.674476 9.9982E-05 0.0321141 9.9982E-05 0.230557
0.137066 0.39628 9.9982E-05 9.9982E-05 0.0531173 0.413337
0.186043 0.535167 9.9973E-05 9.9973E-05 9.9973E-05 0.278491
0.123635 0.589145 9.9973E-05 9.9973E-05 9.9973E-05 0.28692
9.9991E-05 0.104276 0.0331019 0.788172 0.0204699 0.0538807
0.024485 9.9982E-05 0.143234 0.719126 0.112955 9.9982E-05
9.9973E-05 9.9973E-05 0.0416325 0.924336 0.0337313 9.9973E-05
9.9964E-05 0.0608027 9.9964E-05 0.938797 9.9964E-05 9.9964E-05
0.381086 0.426221 9.9991E-05 0.129095 0.0440845 0.0194143
0.394601 0.424941 0.0720541 0.0881958 0.0159808 0.00422645
0.524702 0.474898 9.9964E-05 9.9964E-05 9.9964E-05 9.9964E-05
0.257058 0.551833 9.9991E-05 0.150958 0.027272 0.0127796
0.201314 0.587192 9.9982E-05 0.163138 9.9982E-05 0.0481554
0.465704 0.267666 9.9991E-05 0.0216371 0.164928 0.0799658
0.317643 0.64796 0.00213084 0.0320663 9.9982E-05 9.9982E-05
0.482818 0.322753 0.00983045 0.00517669 9.9991E-05 0.179322
0.0677097 0.457964 0.175931 0.26029 0.0226319 0.015474
0.304595 0.377015 0.102673 9.9991E-05 0.0650729 0.150545
0.506003 0.355547 9.9982E-05 0.0209435 0.117306 9.9982E-05
0.412903 0.536624 9.9982E-05 0.0484633 0.00180912 9.9982E-05
0.49552 0.39104 0.0155554 0.0266539 0.0415939 0.0296373
0.284013 0.600339 0.00405466 0.0211222 9.9991E-05 0.0903716
0.3761 0.509687 9.9973E-05 0.113914 9.9973E-05 9.9973E-05
0.861947 0.0511025 9.9973E-05 9.9973E-05 9.9973E-05 0.0866508
0.58214 0.210902 0.0149905 0.0684973 0.110665 0.0128056
0.522384 0.292566 9.9991E-05 0.0415799 0.0442491 0.0991213
0.74379 9.9964E-05 9.9964E-05 9.9964E-05 9.9964E-05 0.25581
0.414794 0.444698 9.9982E-05 9.9982E-05 0.0865163 0.0537912
0.571451 0.0905428 9.9982E-05 9.9982E-05 0.000683515 0.337123
0.66645 9.9964E-05 9.9964E-05 9.9964E-05 9.9964E-05 0.333151
0.204687 0.619033 9.9982E-05 0.0291783 9.9982E-05 0.146901
0.655092 0.182318 0.00985989 0.0606701 0.0691013 0.0229585
0.413201 0.350197 0.0897445 9.9982E-05 0.146657 9.9982E-05
0.110369 0.643099 0.00231861 0.104371 0.00717956 0.132662
0.382239 0.535759 9.9973E-05 9.9973E-05 0.0817022 9.9973E-05
0.0232952 0.420191 0.0299219 9.9991E-05 0.213934 0.312558
0.335653 0.398883 0.128338 9.9982E-05 0.136926 9.9982E-05
0.321093 0.416612 0.030083 0.0647631 0.140767 0.0266823
0.727514 0.221869 9.9982E-05 9.9982E-05 0.0313958 0.0190212
0.262564 0.509191 9.9991E-05 0.0599217 0.0886353 0.0795877
9.9982E-05 9.9982E-05 0.00350295 0.645609 0.293514 0.0571744
0.0793592 0.0373802 9.9991E-05 0.74246 0.10877 0.0319303
9.9973E-05 9.9973E-05 9.9973E-05 0.803694 0.105076 0.0909303
9.9973E-05 9.9973E-05 9.9973E-05 0.788438 0.189529 0.0217335
9.9973E-05 0.0430373 9.9973E-05 0.74473 0.211932 9.9973E-05
0.774002 0.0549675 0.0343307 0.014584 0.122016 9.9991E-05
0.715375 0.118079 9.9991E-05 0.0768409 0.0412065 0.0483986
0.808713 0.0975346 9.9973E-05 9.9973E-05 9.9973E-05 0.093453
0.200125 0.498083 0.16984 0.0709851 0.0529105 0.00805701
0.326702 0.479657 0.0561844 0.131714 0.0056425 9.9991E-05
0.613765 0.159514 0.0880685 0.0176604 9.9991E-05 0.120893
0.378008 0.496828 0.0727831 0.0521817 9.9982E-05 9.9982E-05
0.517881 0.326115 0.0637391 0.00726521 9.9991E-05 0.0849002
0.315637 0.51884 0.0299591 0.010371 0.0493623 0.0758299
0.218815 0.588436 0.0983614 9.9982E-05 0.0941886 9.9982E-05
0.557823 0.271681 0.000238881 9.9991E-05 0.103886 0.0662712
0.585464 0.356322 0.00636353 9.9982E-05 0.0516506 9.9982E-05
0.609565 0.219602 0.00422273 9.9982E-05 0.16641 9.9982E-05
9.9982E-05 0.620379 9.9982E-05 0.114908 0.0395785 0.224935
0.546165 0.36477 9.9982E-05 0.0689375 0.019928 9.9982E-05
0.443814 0.307852 0.131871 0.00913136 0.107232 9.9991E-05
9.9982E-05 0.376044 0.477924 0.0791941 9.9982E-05 0.0666386
0.0344748 0.307383 0.484591 0.0977754 0.0485284 0.0272478
9.9982E-05 0.419433 0.403091 0.0574071 9.9982E-05 0.119868
9.9982E-05 0.291919 0.503662 0.110064 9.9982E-05 0.094155
0.0352646 0.46109 0.325845 0.0924145 9.9991E-05 0.0852857
0.355011 0.424856 0.0700035 0.0195856 9.9991E-05 0.130444
9.9982E-05 0.0278347 0.68575 0.238722 9.9982E-05 0.0474935
0.0380836 0.289326 0.452368 0.220022 9.9982E-05 9.9982E-05
0.0990813 0.302523 0.255367 0.08076 9.9991E-05 0.262169
9.9982E-05 0.612223 9.9982E-05 0.126644 0.0412215 0.219711
0.0753737 0.457935 0.0136213 0.122655 0.0713477 0.259066
9.9991E-05 0.598724 0.063483 0.122248 0.0548788 0.160565
0.125206 0.644176 9.9991E-05 0.147336 0.0428224 0.0403588
9.9982E-05 0.371976 0.42836 0.179075 9.9982E-05 0.0203896
0.0500169 0.294659 0.435035 0.107415 0.112774 9.9991E-05
9.9982E-05 0.426924 0.468149 0.0896882 9.9982E-05 0.015039
9.9982E-05 0.419808 0.381164 0.123571 0.0752574 9.9982E-05
9.9982E-05 0.187929 0.617676 0.101334 9.9982E-05 0.0928615
0.0406331 0.36397 0.337168 0.134541 0.0390111 0.0846765
0.00188621 0.258686 0.571256 0.0885753 0.0107107 0.0688861
0.0294664 0.495565 0.328597 0.146172 9.9982E-05 9.9982E-05
9.9982E-05 0.634825 0.0144686 0.0343739 9.9982E-05 0.316132
0.00675899 0.303247 0.333969 0.179679 0.104125 0.0722219
9.9982E-05 0.173044 0.610489 0.160801 9.9982E-05 0.0554666
0.138101 0.247866 0.361947 0.109459 0.142527 9.9991E-05
0.208419 0.214881 9.9991E-05 0.154663 0.226726 0.195212
0.0144576 0.661678 0.0720404 9.9991E-05 0.0482915 0.203433
9.9982E-05 0.326965 0.395256 0.151237 0.126342 9.9982E-05
9.9982E-05 0.586442 9.9982E-05 0.0862945 0.158554 0.168509
0.15752 0.40911 0.0109443 0.182585 9.9991E-05 0.23974
0.0195011 0.470052 0.198177 0.170909 9.9991E-05 0.141261
9.9991E-05 0.323819 0.26508 0.198814 0.0495805 0.162607
0.119727 0.498971 0.123691 0.116179 9.9991E-05 0.141333
0.0633092 0.331575 0.376815 0.142336 0.053716 0.0322489
0.0353517 0.32434 0.485182 0.127063 9.9991E-05 0.0279633
9.9982E-05 0.0942551 0.625014 0.19541 9.9982E-05 0.0851215
9.9991E-05 0.53893 0.190673 0.0221664 0.0555758 0.192554
0.140024 0.446513 9.9991E-05 0.15289 0.124357 0.136116
9.9973E-05 0.255089 9.9973E-05 0.111477 9.9973E-05 0.633135
0.107502 0.534015 0.150726 0.0558948 0.000259257 0.151602
9.9982E-05 0.453708 9.9982E-05 0.0308253 0.235031 0.280235
0.0918952 0.439332 0.167116 0.18001 9.9991E-05 0.121547
0.00756092 0.563073 0.079348 0.139287 0.128001 0.0827295
9.9973E-05 9.9973E-05 0.172312 0.292193 9.9973E-05 0.535195
9.9973E-05 9.9973E-05 0.118596 0.271491 9.9973E-05 0.609614
9.9991E-05 0.275048 0.146007 0.140705 0.0644695 0.37367
9.9982E-05 0.0571752 0.207654 0.312005 9.9982E-05 0.422966
9.9973E-05 9.9973E-05 0.209953 0.41917 9.9973E-05 0.370576
9.9991E-05 0.367232 0.119155 0.0605842 0.0615972 0.391331
9.9991E-05 0.442894 0.118266 0.235188 0.00753397 0.196018
0.0652689 0.155031 0.18757 0.317515 9.9991E-05 0.274515
9.9982E-05 0.108987 0.158836 0.268887 9.9982E-05 0.46309
9.9991E-05 0.504121 0.0656248 0.15368 0.0520638 0.22441
9.9991E-05 0.193855 0.122907 0.188901 0.0111601 0.483077
9.9973E-05 9.9973E-05 0.0327488 0.433196 9.9973E-05 0.533755
9.9991E-05 0.475419 0.233959 0.00892984 0.139358 0.142234
9.9991E-05 0.339337 0.242076 0.120063 0.0506986 0.247725
9.9991E-05 0.40103 0.16345 0.322433 0.0386922 0.0742949
9.9973E-05 0.574259 0.284956 0.140485 9.9973E-05 9.9973E-05
0.00962817 0.474576 0.187372 0.206581 9.9991E-05 0.121743
9.9982E-05 0.433238 0.274976 0.110509 9.9982E-05 0.181077
0.0186893 0.353664 0.198959 0.36739 0.028428 0.0328696
9.9982E-05 0.563595 0.138794 0.223915 9.9982E-05 0.0734951
0.0621793 0.396427 0.309041 0.213766 0.0184865 9.9991E-05
0.0337951 0.250612 0.262936 0.220118 0.102365 0.130173
0.27827 0.187325 0.199068 0.131005 0.144406 0.0599267
0.14826 0.488186 0.0539812 0.21059 0.0988824 9.9991E-05
0.0709848 0.459998 0.196069 0.160943 9.9991E-05 0.111904
0.0943793 0.598173 0.100244 0.117804 9.9991E-05 0.0893001
0.0108138 0.337789 0.268105 0.276027 0.00996234 0.0973026
0.109801 0.529326 0.128473 0.187333 0.0449672 9.9991E-05
0.0117428 0.166624 0.240832 0.33631 9.9991E-05 0.244391
9.9991E-05 0.490635 0.196169 0.187659 0.101091 0.0243462
0.00264389 0.242043 0.278169 0.294205 9.9991E-05 0.18284
0.0668405 9.9991E-05 0.0113271 0.774206 0.107633 0.0398927
0.0511796 0.10452 9.9991E-05 0.074754 0.764931 0.00451499
9.996E-05 9.996E-05 9.996E-05 9.996E-05 0.9995 9.996E-05
9.9964E-05 9.9964E-05 9.9964E-05 0.0057779 0.993822 9.9964E-05
9.9964E-05 9.9964E-05 0.0240854 9.9964E-05 0.975515 9.9964E-05
9.9964E-05 9.9964E-05 0.0280421 9.9964E-05 0.971558 9.9964E-05
9.9964E-05 0.112363 9.9964E-05 9.9964E-05 0.887237 9.9964E-05
0.00405893 9.9973E-05 9.9973E-05 0.08289 0.912751 9.9973E-05
9.9964E-05 9.9964E-05 9.9964E-05 0.191271 0.808329 9.9964E-05
9.9982E-05 0.026772 0.0337638 0.885506 0.0537582 9.9982E-05
9.9973E-05 0.0690051 9.9973E-05 0.79359 0.137105 9.9973E-05
0.00314113 0.033568 0.0649369 0.885714 9.9991E-05 0.0125399
9.9982E-05 0.0381979 9.9982E-05 0.819971 0.101958 0.0396724
0.0430464 9.9982E-05 0.0714768 0.874372 0.0109048 9.9982E-05
0.000737341 9.9991E-05 0.0393232 0.87458 0.0666482 0.0186117
9.9982E-05 0.0702974 0.142919 0.728656 0.0579279 9.9982E-05
9.9991E-05 0.0463898 0.041329 0.898031 0.0114173 0.00273328
0.116088 0.0123303 0.128184 0.699298 0.043999 9.9991E-05
0.0319798 9.9982E-05 0.0673811 0.895907 0.00453218 9.9982E-05
0.00648248 9.9973E-05 9.9973E-05 0.969279 0.0239382 9.9973E-05
0.0311701 9.9982E-05 0.0659668 0.859224 0.0434392 9.9982E-05
9.9973E-05 9.9973E-05 0.0076281 0.92868 0.0633919 9.9973E-05
9.9991E-05 0.0559701 0.0189293 0.903263 0.002927 0.0188104
0.0474196 0.0856154 0.00921315 0.850855 0.00679694 9.9991E-05
9.9973E-05 0.11664 0.00792214 0.875138 9.9973E-05 9.9973E-05
9.9973E-05 0.109641 0.120311 0.769748 9.9973E-05 9.9973E-05
9.9973E-05 0.135316 0.086835 0.777549 9.9973E-05 9.9973E-05
9.9973E-05 0.134166 0.0406936 0.824841 9.9973E-05 9.9973E-05
0.116061 0.43732 0.0157901 0.101761 0.0813647 0.247703
0.0959438 0.697166 9.9991E-05 0.0615429 0.0420626 0.103185
0.164662 0.560066 0.0306865 0.18513 0.0260576 0.0333978
0.0961493 0.171119 9.9982E-05 0.0437906 9.9982E-05 0.688742
0.0571758 0.624331 9.9991E-05 0.0939587 0.150131 0.0743038
0.10776 0.0915829 0.00503239 0.166707 9.9991E-05 0.628817
9.9973E-05 0.68498 9.9973E-05 0.108182 9.9973E-05 0.206538
0.085022 0.464228 9.9991E-05 0.05238 0.158705 0.239565
0.184796 0.559555 9.9991E-05 0.0871583 0.0274905 0.1409
0.285677 0.568014 9.9991E-05 0.0458068 0.0530693 0.0473324
0.0677941 0.463193 9.9991E-05 0.133904 0.106744 0.228265
0.181595 0.646102 9.9991E-05 0.0357017 0.00798212 0.12852
0.073706 0.592132 9.9991E-05 0.133488 0.108186 0.0923879
0.160015 0.0937516 0.0219874 9.9991E-05 0.443639 0.280506
0.101958 9.9982E-05 9.9982E-05 0.00636783 0.0675463 0.823927
9.9982E-05 0.210049 9.9982E-05 0.0634375 0.0921863 0.634127
0.0167128 0.648697 0.0346844 0.0742409 0.0871483 0.138517
9.9982E-05 0.57391 9.9982E-05 0.101825 0.0789416 0.245124
0.0722337 0.564838 9.9991E-05 0.114424 0.0756592 0.172745
0.114942 0.709892 9.9991E-05 0.0688341 0.012369 0.0938627
0.0234389 0.504123 0.180708 0.201226 9.9991E-05 0.0904044
9.9991E-05 0.606917 0.118378 0.113592 0.0253936 0.135619
0.0305346 0.235396 0.0901479 0.43319 0.116166 0.0945649
0.197919 0.529863 0.0232656 0.173128 0.0530588 0.0227656
0.0930388 0.420008 0.163351 0.212545 0.0561288 0.0549278
9.9973E-05 9.9973E-05 0.155998 0.395603 9.9973E-05 0.448099
0.126779 0.284983 0.269345 0.224472 9.9991E-05 0.0943212
0.101192 0.30049 0.136073 0.377835 0.0559079 0.028502
0.0627499 0.385539 0.043238 0.327783 0.18059 9.9991E-05
0.111701 0.379713 0.210663 0.128121 0.0749116 0.0948905
0.11887 0.460119 0.115231 0.174971 0.130709 9.9991E-05
9.9982E-05 0.663253 0.116472 0.159125 9.9982E-05 0.0609506
0.0261984 0.45899 0.086151 0.153087 9.9991E-05 0.275474
0.09066 0.246077 0.181277 0.476916 9.9991E-05 0.00497014
