9.9991E-05 0.916736 0.0831644
9.999E-05 0.980042 0.0198576
9.999E-05 0.828397 0.171503
0.0325851 0.801687 0.165728
9.9991E-05 0.880978 0.118922
0.198617 0.709802 0.0915807
0.0586477 0.882253 0.0590992
0.143085 0.826231 0.0306844
0.0608962 0.939004 9.9991E-05
0.123203 0.723515 0.153283
0.156664 0.841461 0.00187516
0.756994 0.0706882 0.172318
0.64562 0.0396768 0.314703
0.660408 0.202521 0.137071
0.571968 0.110935 0.317098
0.531928 0.125253 0.342818
0.503563 0.0447898 0.451648
0.617237 9.9991E-05 0.382663
0.557034 0.200054 0.242912
0.755603 0.244297 9.9991E-05
0.647988 0.0599499 0.292063
0.684514 0.0754068 0.240079
0.604347 0.0131499 0.382503
0.623515 0.119254 0.257231
0.497089 0.0510456 0.451866
0.618305 0.0311954 0.350499
0.753259 0.164183 0.0825577
0.617169 0.13854 0.244291
0.795937 0.128919 0.0751437
9.9991E-05 0.832768 0.167132
9.9991E-05 0.824654 0.175246
0.03876 0.761173 0.200067
9.9991E-05 0.775382 0.224518
0.670586 0.0308693 0.298545
0.645803 0.0145679 0.339629
0.657097 9.9991E-05 0.342803
0.736332 0.233238 0.03043
0.785899 0.00435471 0.209746
0.638561 9.9991E-05 0.361339
0.5319 9.9991E-05 0.468
0.593394 0.0499484 0.356657
0.530805 0.0111711 0.458024
0.873538 0.0781055 0.0483567
0.611759 9.9991E-05 0.388141
0.5756 0.000915121 0.423485
0.517067 0.0658263 0.417107
0.832643 9.9991E-05 0.167257
0.587238 0.00507365 0.407689
0.569801 0.0811142 0.349085
0.804319 0.195581 9.9991E-05
0.921195 0.0787051 9.9991E-05
0.839524 0.154341 0.00613504
0.569697 0.0342101 0.396093
0.520754 0.0312202 0.448026
0.470386 0.0838212 0.445793
0.736971 0.209362 0.0536672
0.619258 9.9991E-05 0.380642
0.511667 0.0764666 0.411867
0.605087 0.165329 0.229584
0.600061 0.375704 0.0242345
0.593438 0.0326877 0.373874
0.660697 0.0871769 0.252126
0.801558 0.198342 9.9991E-05
0.722657 9.9991E-05 0.277243
0.575265 9.9991E-05 0.424635
0.621595 0.0312184 0.347187
0.652219 0.12965 0.218131
0.616801 0.0563953 0.326804
0.571089 0.0394269 0.389484
0.834176 0.150151 0.0156728
0.767501 9.9991E-05 0.232399
0.889863 0.0249287 0.0852086
0.523593 9.9991E-05 0.476307
0.981307 0.0185927 9.9991E-05
0.980279 0.0196206 9.9991E-05
0.876017 9.9991E-05 0.123883
0.740101 9.9991E-05 0.259799
0.589255 0.0671441 0.343601
0.737799 9.9991E-05 0.262101
0.823391 0.08406 0.0925486
0.866272 0.0910691 0.0426593
0.57623 0.0744151 0.349355
0.824413 0.0188852 0.156702
0.717858 0.00282933 0.279313
0.780776 9.9991E-05 0.219124
0.93367 0.0662299 9.9991E-05
0.582798 9.9991E-05 0.417102
0.0252423 0.821399 0.153359
9.9991E-05 0.911591 0.0883088
9.9991E-05 0.845379 0.154521
9.9991E-05 0.896591 0.103309
9.9991E-05 0.835339 0.164561
9.9991E-05 0.866147 0.133753
9.9991E-05 0.916148 0.0837523
0.486691 0.140196 0.373113
0.57029 9.9991E-05 0.42961
0.94617 0.0537302 9.9991E-05
0.578067 0.0245116 0.397422
0.681751 0.0400301 0.278218
0.63113 9.9991E-05 0.36877
0.658835 9.9991E-05 0.341065
0.670571 9.9991E-05 0.329329
0.86854 0.13136 9.9991E-05
0.445326 0.141658 0.413016
0.537025 9.9991E-05 0.462875
0.576896 9.9991E-05 0.423004
0.818554 0.00112713 0.180319
0.682363 9.9991E-05 0.317537
0.737957 9.9991E-05 0.261943
0.738897 9.9991E-05 0.261003
0.740265 0.0524496 0.207285
0.555039 0.0856786 0.359283
0.775846 0.146659 0.0774956
0.539111 0.172839 0.28805
0.544213 0.121243 0.334544
0.551941 0.0457688 0.402291
0.673168 0.0940933 0.232739
0.601167 0.0725424 0.326291
0.647168 0.109904 0.242929
0.645094 0.0274283 0.327478
0.516242 0.108383 0.375374
0.68704 9.9991E-05 0.31286
0.668335 0.0467957 0.284869
0.540129 9.9991E-05 0.459771
0.532918 0.084305 0.382777
0.643969 9.9991E-05 0.355931
0.623729 0.00338958 0.372882
0.575448 9.9991E-05 0.424452
0.586522 0.185606 0.227872
0.562262 9.9991E-05 0.437638
0.54686 9.9991E-05 0.45304
0.725642 0.114646 0.159713
0.751258 0.15376 0.094982
0.626926 0.0631093 0.309965
0.860076 0.0948516 0.0450721
0.787695 0.106974 0.10533
0.781245 0.0222175 0.196538
0.794404 0.124364 0.0812319
0.774105 0.111936 0.113959
0.57035 0.021351 0.408299
0.534177 0.107839 0.357985
0.610644 0.0555457 0.33381
0.766071 0.112644 0.121285
0.560158 0.113956 0.325886
0.587815 0.0373455 0.374839
0.698912 0.300988 9.9991E-05
0.466826 0.0613265 0.471847
0.653619 0.141435 0.204946
0.601424 0.0605892 0.337986
0.697384 0.156843 0.145772
0.798094 0.172856 0.0290498
0.687931 0.0728374 0.239231
0.554877 0.126981 0.318142
0.522822 0.192135 0.285043
0.668427 0.228968 0.102605
0.508352 0.072703 0.418945
0.850554 0.0148158 0.13463
0.795795 9.9991E-05 0.204105
0.524252 0.0712213 0.404527
0.267466 0.399788 0.332745
0.0702681 0.795913 0.133818
0.153146 0.701124 0.14573
0.0874793 0.503065 0.409455
0.624637 9.9991E-05 0.375263
0.480544 0.018864 0.500592
0.118369 0.00825504 0.873376
0.257717 0.0796575 0.662625
0.289264 0.0781528 0.632583
0.770048 0.0257856 0.204167
0.575908 0.0165017 0.40759
0.841706 0.0801553 0.0781391
0.676626 9.9991E-05 0.323274
0.638499 0.0670786 0.294423
0.590939 0.0232362 0.385825
0.854178 0.0914719 0.0543503
0.488304 0.030813 0.480883
0.556626 9.9991E-05 0.443274
9.9991E-05 0.0613232 0.938577
9.9991E-05 0.0301226 0.969777
0.167264 0.111816 0.72092
0.0375405 0.0663995 0.89606
9.9991E-05 0.117972 0.881928
9.9991E-05 0.0601877 0.939712
9.9991E-05 0.0977404 0.90216
9.9991E-05 0.0113901 0.98851
9.9991E-05 0.00970631 0.990194
9.9991E-05 0.0462535 0.953647
9.9991E-05 0.0518979 0.948002
0.0439376 0.103965 0.852097
0.0149306 0.14535 0.839719
9.9991E-05 0.0408627 0.959037
0.309942 0.0625275 0.62753
0.0861244 0.154716 0.75916
9.9991E-05 0.0948776 0.905022
9.9991E-05 0.0791671 0.920733
9.9991E-05 0.0372343 0.962666
9.9991E-05 0.0970013 0.902899
9.9991E-05 0.0350296 0.96487
0.110725 0.133624 0.755651
9.9991E-05 0.102951 0.896949
0.452484 0.547416 9.9991E-05
0.512176 0.173411 0.314413
0.50649 0.204572 0.288937
0.498592 0.31404 0.187368
0.464973 0.195921 0.339106
0.41968 0.345222 0.235097
0.368039 0.268926 0.363035
0.470308 0.180174 0.349518
0.455829 0.115817 0.428354
0.383353 0.167215 0.449433
0.50432 0.0714326 0.424247
0.0808484 0.857502 0.0616495
9.9991E-05 0.919631 0.0802694
9.9991E-05 0.956648 0.043252
9.9991E-05 0.940521 0.0593788
9.9991E-05 0.921458 0.078442
9.9991E-05 0.905826 0.0940739
9.9991E-05 0.867375 0.132525
9.9991E-05 0.922186 0.0777137
9.9991E-05 0.91967 0.0802296
9.9991E-05 0.833406 0.166494
0.231483 0.768417 9.9991E-05
0.289574 0.710326 9.9991E-05
0.330399 0.669501 9.9991E-05
0.393919 0.605981 9.9991E-05
0.674911 0.0555169 0.269572
0.679866 0.0334765 0.286657
0.613118 0.00135664 0.385526
0.755599 0.0750703 0.169331
0.851574 0.148326 9.9991E-05
0.596455 9.9991E-05 0.403445
0.655285 9.9991E-05 0.344615
0.700966 9.9991E-05 0.298934
0.741221 9.9991E-05 0.258679
0.605206 0.0252769 0.369517
0.770139 9.9991E-05 0.229761
0.979117 0.0207827 9.9991E-05
0.621288 0.0691037 0.309609
0.84653 9.9991E-05 0.15337
0.658478 9.9991E-05 0.341422
0.93337 0.0665305 9.9991E-05
0.66215 0.33775 9.9991E-05
0.692048 0.307852 9.9991E-05
0.758723 0.241177 9.9991E-05
0.675458 0.324442 9.9991E-05
0.789227 0.210673 9.9991E-05
0.671916 0.327984 9.9991E-05
9.9991E-05 0.851227 0.148673
0.00940635 0.868754 0.121839
9.9991E-05 0.7434 0.2565
0.000215994 0.759248 0.240536
9.9991E-05 0.825122 0.174778
0.414818 0.585082 9.9991E-05
0.371125 0.628775 9.9991E-05
0.431146 0.568754 9.9991E-05
9.9991E-05 0.835254 0.164646
0.450034 0.549866 9.9991E-05
0.221522 0.28745 0.491028
0.339215 0.100594 0.560191
0.158056 0.156294 0.68565
0.282623 0.283465 0.433913
0.39838 0.105465 0.496155
0.0354639 0.613734 0.350802
0.724788 0.0403194 0.234893
0.779359 0.0642783 0.156363
0.706432 0.208285 0.0852829
0.704689 9.9991E-05 0.295211
0.884693 0.115207 9.9991E-05
0.560939 0.0436717 0.395389
0.675088 0.0694873 0.255424
0.791066 0.118079 0.0908557
0.50864 0.0610304 0.43033
0.883534 0.102068 0.0143987
0.718449 0.0277044 0.253847
0.699264 9.9991E-05 0.300636
0.433729 0.165495 0.400777
0.788977 9.9991E-05 0.210923
0.715804 0.0346925 0.249503
0.647798 9.9991E-05 0.352102
0.685258 9.9991E-05 0.314642
0.541293 9.9991E-05 0.458607
0.579684 0.0306767 0.38964
0.556083 0.0846219 0.359295
9.9991E-05 0.771459 0.228441
9.9991E-05 0.840795 0.159105
0.0919366 0.79449 0.113573
0.0704681 0.817331 0.112201
9.9991E-05 0.817183 0.182717
0.770648 0.152693 0.076659
0.577222 0.0401913 0.382587
0.366033 0.127403 0.506563
0.573467 9.9991E-05 0.426433
0.64456 0.0615859 0.293854
0.739619 0.0854071 0.174974
0.702495 0.297405 9.9991E-05
0.626921 0.0264846 0.346594
0.710413 0.226893 0.0626935
0.591146 0.102458 0.306397
0.735252 0.264648 9.9991E-05
0.490972 0.07048 0.438548
0.735099 0.224678 0.0402232
0.644527 0.111569 0.243904
0.561031 0.0596753 0.379294
0.732876 0.103779 0.163345
0.622271 0.00570828 0.37202
0.5715 9.9991E-05 0.4284
0.793208 0.0471694 0.159623
0.628666 0.0572554 0.314079
0.66851 0.0213037 0.310187
0.932768 0.0671319 9.9991E-05
0.832931 0.0654563 0.101613
0.746203 0.0171739 0.236624
0.87612 0.115134 0.00874643
0.809472 9.9991E-05 0.190428
0.803427 0.187952 0.00862158
0.851938 9.9991E-05 0.147962
0.698634 0.06698 0.234386
0.558018 0.0361652 0.405817
0.866385 0.0540278 0.0795868
0.542825 0.0761823 0.380992
0.595195 0.0176817 0.387123
0.655388 9.9991E-05 0.344512
0.561651 0.0693086 0.36904
0.616243 0.0654247 0.318332
0.762957 0.0768622 0.16018
0.686566 0.0625826 0.250851
0.607369 9.9991E-05 0.392531
0.670557 0.00632262 0.32312
0.70104 0.0859558 0.213004
0.611804 9.9991E-05 0.388096
0.662944 0.139748 0.197308
0.620935 9.9991E-05 0.378965
0.589535 0.0379348 0.372531
0.480699 0.105164 0.414137
0.265019 0.367056 0.367925
0.352746 0.0695829 0.577671
0.490345 0.0793087 0.430346
0.495337 0.0384418 0.466221
0.314808 0.158514 0.526677
0.735559 9.9991E-05 0.264341
0.359284 0.174253 0.466462
0.475802 0.384032 0.140166
0.395292 0.116763 0.487945
0.460351 9.9991E-05 0.539549
0.431791 0.0666666 0.501543
0.420819 0.259401 0.31978
0.306394 0.180236 0.513371
0.3972 0.111955 0.490845
0.19625 0.657556 0.146194
0.322591 0.203858 0.473551
0.31367 0.117631 0.568699
0.424293 0.135224 0.440483
0.240184 0.153117 0.6067
0.380025 0.139546 0.480429
0.63022 0.0258794 0.343901
0.54164 0.0245465 0.433814
0.955397 0.0445035 9.9991E-05
0.915173 0.0847268 9.9991E-05
0.587425 0.107527 0.305048
0.267434 0.127452 0.605114
0.265437 0.141453 0.59311
0.293501 0.294617 0.411881
0.30102 0.184063 0.514917
0.676076 0.193985 0.129939
0.632973 0.176081 0.190946
0.541651 9.9991E-05 0.458249
0.531206 0.0169153 0.451878
0.606821 0.100712 0.292467
0.549879 0.0280657 0.422056
0.533282 9.9991E-05 0.466618
0.442097 0.136442 0.421461
0.84932 0.0368538 0.113826
0.805666 0.0312196 0.163114
0.634346 0.0180188 0.347635
0.622689 0.0817929 0.295518
0.582715 0.0847827 0.332503
0.748156 9.9991E-05 0.251744
0.863605 0.02129 0.115105
0.599176 0.00244542 0.398379
0.873404 0.0433002 0.0832961
0.727966 0.0182845 0.25375
0.553422 0.0445201 0.402058
0.691194 9.9991E-05 0.308706
0.388961 0.153427 0.457612
0.549658 0.120291 0.33005
0.34443 0.188141 0.46743
0.388957 0.244865 0.366178
0.349572 0.19075 0.459679
0.449844 0.148469 0.401687
0.512752 0.365444 0.121804
0.356341 0.0646864 0.578973
0.297197 0.547137 0.155666
0.433063 0.0150829 0.551854
0.967361 0.0300754 0.0025636
0.920021 0.0798785 9.9991E-05
0.751183 9.9991E-05 0.248717
0.597889 9.9991E-05 0.402011
0.82036 9.9991E-05 0.17954
0.704879 9.9991E-05 0.295021
0.692244 9.9991E-05 0.307656
0.0184094 0.830964 0.150627
0.0564193 0.827767 0.115813
9.9991E-05 0.921149 0.0787508
9.9991E-05 0.904344 0.0955556
0.686999 0.0221524 0.290848
0.673358 9.9991E-05 0.326542
0.731389 9.9991E-05 0.268511
0.601346 0.0299478 0.368706
0.653538 0.059771 0.286691
0.831637 0.0498413 0.118522
0.661125 9.9991E-05 0.338775
0.903113 9.9991E-05 0.0967866
0.350077 0.238456 0.411467
0.717671 9.9991E-05 0.282229
0.788846 9.9991E-05 0.211054
0.68577 9.9991E-05 0.31413
0.781062 9.9991E-05 0.218838
0.637815 9.9991E-05 0.362085
0.581066 9.9991E-05 0.418834
0.988532 9.9991E-05 0.0113678
0.840344 0.0221682 0.137488
0.814056 9.9991E-05 0.185844
0.9998 9.999E-05 9.999E-05
0.727768 9.9991E-05 0.272132
0.912759 0.0724357 0.0148048
0.894853 0.105047 9.9991E-05
0.590584 9.9991E-05 0.409316
0.851063 0.0427589 0.106178
0.712722 0.0119287 0.27535
0.626078 9.9991E-05 0.373822
0.69931 9.9991E-05 0.30059
0.776291 9.9991E-05 0.223609
0.680255 9.9991E-05 0.319645
0.729297 0.0179808 0.252723
0.847794 9.9991E-05 0.152106
0.668819 0.00253328 0.328648
0.253726 0.708178 0.0380956
0.151094 0.783695 0.0652117
0.0790316 0.920868 9.9991E-05
0.125605 0.874295 9.9991E-05
0.199612 0.800288 9.9991E-05
0.848215 0.0667339 0.0850512
0.907923 0.0900577 0.00201973
0.891981 9.9991E-05 0.107919
0.506937 0.077407 0.415656
0.570145 0.0386013 0.391253
0.786955 0.0169135 0.196132
0.574159 9.9991E-05 0.425741
0.67322 0.0209988 0.305782
0.660161 9.9991E-05 0.339739
0.589549 0.037269 0.373182
0.825703 9.9991E-05 0.174197
0.83416 9.9991E-05 0.16574
0.868001 9.9991E-05 0.131899
0.599331 0.0259042 0.374764
0.792902 9.9991E-05 0.206998
0.727577 9.9991E-05 0.272323
0.226798 0.112483 0.660719
0.18365 0.162831 0.65352
0.121342 0.119158 0.7595
0.131922 0.124046 0.744032
0.258897 0.0982601 0.642843
0.608641 0.00726534 0.384094
9.9991E-05 0.291376 0.708524
0.11387 0.202732 0.683398
0.440519 0.133157 0.426325
0.56427 0.0889933 0.346737
0.614424 0.164095 0.221481
0.518233 0.0402536 0.441513
0.569163 0.0887606 0.342077
0.0217009 0.248508 0.729791
0.273243 0.12201 0.604747
0.118129 0.0765176 0.805353
0.250036 0.173146 0.576818
0.137546 0.11461 0.747844
0.268156 0.112365 0.61948
0.0324051 0.198866 0.768729
0.255576 0.0722521 0.672172
0.530199 0.0592352 0.410565
0.262709 0.131537 0.605754
9.9991E-05 0.227621 0.772279
0.21647 0.168823 0.614707
0.694862 0.278112 0.0270258
0.527852 9.9991E-05 0.472048
0.333424 0.133089 0.533487
0.544685 0.0667684 0.388547
0.588806 0.0992878 0.311906
0.23944 0.229435 0.531125
0.185601 0.268567 0.545832
0.483434 0.0985098 0.418056
0.220664 0.168076 0.61126
0.142718 0.0845757 0.772706
0.00061898 0.288099 0.711282
0.499687 0.0701838 0.43013
0.638613 0.0987355 0.262651
0.616595 0.263098 0.120307
0.480035 0.122797 0.397168
0.556645 0.176961 0.266394
0.347182 0.167301 0.485517
0.400391 0.188997 0.410613
0.317523 0.502941 0.179535
0.352225 0.50614 0.141635
0.413564 0.255752 0.330685
0.297909 0.465117 0.236974
0.130515 0.609695 0.25979
0.460414 0.196128 0.343458
0.369156 0.213987 0.416856
0.395394 0.345236 0.25937
0.316324 0.43868 0.244996
0.408408 0.119846 0.471746
0.478843 0.280158 0.240998
0.294078 0.6394 0.0665218
0.411294 0.143308 0.445398
0.326277 0.202997 0.470726
0.21837 0.329643 0.451987
0.238275 0.114987 0.646739
0.418452 0.0668099 0.514738
0.284618 0.122935 0.592447
0.166194 0.367829 0.465977
0.310183 0.162182 0.527636
0.235945 0.183982 0.580073
0.241791 0.285692 0.472516
0.490883 0.249332 0.259785
0.394641 0.0712925 0.534067
0.399547 0.152626 0.447828
0.527932 9.9991E-05 0.471968
0.217249 0.232658 0.550093
0.306725 0.139827 0.553449
0.252601 0.413891 0.333508
0.405057 0.0945359 0.500407
0.229125 0.305204 0.465671
0.0670805 0.884628 0.0482913
0.741084 0.258816 9.9991E-05
0.725306 0.274594 9.9991E-05
0.72263 0.27727 9.9991E-05
0.803434 0.196466 9.9991E-05
0.724349 0.275551 9.9991E-05
0.783875 0.216025 9.9991E-05
0.687825 0.312075 9.9991E-05
0.574465 0.425435 9.9991E-05
9.9991E-05 0.912632 0.0872679
0.0737708 0.834675 0.0915537
9.9991E-05 0.857283 0.142617
0.100629 0.862687 0.036684
9.9991E-05 0.88918 0.11072
0.00605412 0.936132 0.0578143
0.0522774 0.767731 0.179991
9.9991E-05 0.865413 0.134487
0.121737 0.761366 0.116897
9.9991E-05 0.887196 0.112704
9.9991E-05 0.974724 0.0251757
0.0195999 0.882253 0.0981472
9.9991E-05 0.93487 0.0650296
9.9991E-05 0.871735 0.128165
9.9991E-05 0.847369 0.152531
9.9991E-05 0.808312 0.191588
9.9991E-05 0.745065 0.254835
9.9991E-05 0.762303 0.237597
9.9991E-05 0.791912 0.207988
0.552357 0.182168 0.265476
0.610322 9.9991E-05 0.389578
0.521205 0.0482703 0.430525
0.771357 0.207737 0.0209063
0.598406 0.133021 0.268573
0.67043 0.28816 0.0414096
0.537463 0.0756647 0.386872
0.702206 0.11989 0.177904
0.598693 0.0692824 0.332024
0.68954 0.0469399 0.26352
0.677241 0.10101 0.221749
0.622495 0.020893 0.356612
0.583176 0.0856584 0.331166
0.837417 0.146883 0.0156998
0.811701 0.188199 9.9991E-05
0.722035 0.220503 0.0574619
0.515392 0.0570074 0.427601
0.55751 0.0892806 0.353209
0.59436 0.11024 0.2954
0.539026 0.0752137 0.385761
0.306891 0.188994 0.504115
0.396422 0.0552063 0.548372
0.304052 0.43054 0.265408
0.538405 0.0864641 0.375131
0.396765 0.201213 0.402022
0.246325 0.590632 0.163044
0.279806 0.260534 0.459661
0.251911 0.387759 0.36033
0.33925 0.312632 0.348118
0.319047 0.13539 0.545564
0.309613 0.174415 0.515972
0.340309 0.109843 0.549848
0.441765 0.14784 0.410395
0.163697 0.45583 0.380473
