9.9991E-05 0.0862787 0.913621
0.0381818 0.0329817 0.928836
9.999E-05 0.215798 0.784102
9.999E-05 0.15938 0.84052
9.9991E-05 0.142737 0.857163
0.246851 0.107968 0.645181
0.0374942 0.0636271 0.898879
0.10183 0.0510875 0.847082
0.0765596 9.9991E-05 0.92334
0.10113 0.174572 0.724298
0.187098 0.0162191 0.796683
0.736085 0.149264 0.114651
0.663597 0.309497 0.0269058
0.709428 0.166406 0.124165
0.563953 0.295372 0.140675
0.511377 0.335844 0.152779
0.470131 0.446869 0.0829997
0.610619 0.342104 0.0472774
0.518251 0.287518 0.194231
0.776327 9.9991E-05 0.223573
0.634332 0.332694 0.0329744
0.566678 0.358895 0.0744265
0.675275 0.291553 0.0331718
0.680606 0.24565 0.0737447
0.463675 0.497936 0.0383888
0.561955 0.381712 0.0563333
0.728483 0.144058 0.12746
0.621463 0.267828 0.110709
0.856999 0.0594735 0.0835279
9.9991E-05 0.210091 0.789809
9.9991E-05 0.189702 0.810198
0.0521436 0.173399 0.774457
9.9991E-05 0.268818 0.731082
0.692912 0.306988 9.9991E-05
0.621532 0.378368 9.9991E-05
0.638194 0.361706 9.9991E-05
0.73024 0.0392946 0.230466
0.780993 0.215883 0.00312387
0.600295 0.327098 0.0726064
0.551216 0.448684 9.9991E-05
0.533177 0.365997 0.100825
0.557756 0.407083 0.0351613
0.885574 0.0585253 0.0559007
0.579342 0.394102 0.0265556
0.635533 0.364367 9.9991E-05
0.558338 0.409335 0.0323272
0.817004 0.182896 9.9991E-05
0.605857 0.394043 9.9991E-05
0.513588 0.43545 0.0509624
0.839724 9.9991E-05 0.160176
0.862856 0.03861 0.0985339
0.807272 0.0330595 0.159668
0.496426 0.36512 0.138453
0.507345 0.427177 0.0654776
0.529823 0.470077 9.9991E-05
0.75072 0.0649015 0.184379
0.723606 0.276294 9.9991E-05
0.417848 0.501853 0.0802991
0.626597 0.226857 0.146546
0.610063 0.0415266 0.34841
0.593281 0.406619 9.9991E-05
0.622509 0.292324 0.085167
0.829933 9.9991E-05 0.169967
0.673949 0.314925 0.0111254
0.559025 0.440875 9.9991E-05
0.594029 0.355662 0.0503085
0.708284 0.210167 0.0815488
0.650319 0.349581 9.9991E-05
0.564712 0.372258 0.0630293
0.800801 0.0501572 0.149042
0.734314 0.265586 9.9991E-05
0.909908 0.0899921 9.9991E-05
0.647821 0.352079 9.9991E-05
0.927303 9.9991E-05 0.0725969
0.986662 9.9991E-05 0.0132378
0.887999 0.111901 9.9991E-05
0.726711 0.255708 0.0175814
0.597097 0.323606 0.0792971
0.715751 0.284149 9.9991E-05
0.826066 0.0753291 0.0986046
0.830316 0.108298 0.0613865
0.593789 0.365962 0.0402493
0.763794 0.200662 0.0355441
0.737133 0.262767 9.9991E-05
0.75892 0.24098 9.9991E-05
0.894557 0.00267802 0.102765
0.663191 0.336709 9.9991E-05
0.0400577 0.186652 0.773291
9.9991E-05 0.112029 0.887871
9.9991E-05 0.150662 0.849238
9.9991E-05 0.0835347 0.916365
9.9991E-05 0.13038 0.86952
9.9991E-05 0.116804 0.883096
9.9991E-05 0.119824 0.880076
0.509877 0.400874 0.0892488
0.531788 0.4012 0.0670123
0.925607 9.9991E-05 0.0742932
0.465531 0.484503 0.0499664
0.729773 0.265418 0.00480948
0.588007 0.411893 9.9991E-05
0.658904 0.340996 9.9991E-05
0.613242 0.386658 9.9991E-05
0.898587 9.9991E-05 0.101313
0.4708 0.376613 0.152587
0.619466 0.380434 9.9991E-05
0.497548 0.481292 0.0211594
0.7688 0.2311 9.9991E-05
0.707748 0.292152 9.9991E-05
0.698263 0.301321 0.00041596
0.761397 0.238503 9.9991E-05
0.685985 0.256569 0.0574456
0.580583 0.373742 0.0456751
0.739093 0.144215 0.116692
0.538673 0.31769 0.143637
0.559353 0.415187 0.0254603
0.543995 0.434325 0.0216796
0.720199 0.232053 0.0477474
0.649435 0.333583 0.016982
0.663955 0.273084 0.0629611
0.596868 0.311119 0.0920135
0.561846 0.438054 9.9991E-05
0.651443 0.348457 9.9991E-05
0.704654 0.262265 0.0330811
0.542714 0.457186 9.9991E-05
0.438963 0.506069 0.0549676
0.602676 0.397224 9.9991E-05
0.520467 0.425921 0.0536122
0.570638 0.410106 0.0192555
0.637366 0.206047 0.156587
0.537419 0.462481 9.9991E-05
0.547617 0.452283 9.9991E-05
0.7754 0.132552 0.0920472
0.747892 0.0814281 0.17068
0.555077 0.363283 0.0816401
0.887226 0.0552204 0.0575533
0.767433 0.0885049 0.144062
0.762104 0.207502 0.0303935
0.78584 0.142622 0.0715377
0.788296 0.132053 0.0796508
0.580839 0.404259 0.014902
0.537167 0.438002 0.0248315
0.59639 0.40351 9.9991E-05
0.801906 0.0784083 0.119686
0.537679 0.288253 0.174068
0.580653 0.324645 0.0947022
0.722387 9.9991E-05 0.277513
0.496067 0.472633 0.0313003
0.627002 0.219044 0.153953
0.506367 0.393997 0.0996367
0.695286 0.127486 0.177228
0.78381 0.0571633 0.159027
0.714333 0.231536 0.0541315
0.584676 0.327097 0.0882272
0.573218 0.245785 0.180997
0.664293 0.140855 0.194852
0.617012 0.351528 0.0314602
0.847413 0.152487 9.9991E-05
0.732458 0.267442 9.9991E-05
0.479034 0.444346 0.0766195
0.240847 0.356034 0.403119
0.0598617 0.192412 0.747727
0.162099 0.143472 0.694429
0.118532 0.399186 0.482283
0.634301 0.365599 9.9991E-05
0.546542 0.337267 0.116191
0.0936211 0.906279 9.9991E-05
0.295603 0.700291 0.00410662
0.264456 0.64589 0.0896536
0.779485 0.187158 0.0333565
0.558193 0.40126 0.0405474
0.780085 0.116522 0.103392
0.562003 0.40904 0.0289567
0.691033 0.279102 0.0298647
0.58625 0.41365 9.9991E-05
0.811745 0.073632 0.114623
0.524289 0.444708 0.0310021
0.570071 0.400749 0.0291803
9.9991E-05 0.920953 0.0789469
9.9991E-05 0.965685 0.0342149
0.158808 0.774748 0.0664445
0.0154366 0.93622 0.0483432
9.9991E-05 0.94098 0.0589199
9.9991E-05 0.942724 0.0571759
9.9991E-05 0.903152 0.0967482
9.999E-05 0.9998 9.999E-05
9.9991E-05 0.960405 0.0394951
9.9991E-05 0.933863 0.0660368
9.9991E-05 0.935992 0.0639081
0.028618 0.842964 0.128418
9.9991E-05 0.842407 0.157493
9.9991E-05 0.909769 0.0901307
0.223722 0.661261 0.115017
0.0728176 0.824584 0.102599
9.9991E-05 0.857302 0.142598
9.9991E-05 0.955398 0.0445017
9.9991E-05 0.974562 0.0253383
9.9991E-05 0.890037 0.109863
9.9991E-05 0.938968 0.0609317
0.123639 0.796012 0.0803493
9.9991E-05 0.893495 0.106406
0.459256 0.0310263 0.509718
0.468617 0.313836 0.217547
0.429781 0.298764 0.271455
0.477 0.18403 0.338971
0.454068 0.444535 0.101397
0.456884 0.214223 0.328893
0.478659 0.402289 0.119052
0.402016 0.367088 0.230896
0.483645 0.330527 0.185827
0.348929 0.43745 0.213621
0.374137 0.449327 0.176535
0.0554271 0.0901454 0.854428
9.9991E-05 0.10785 0.89205
9.9991E-05 0.0341396 0.96576
9.9991E-05 0.0643248 0.935575
9.9991E-05 0.0822953 0.917605
9.9991E-05 0.0997217 0.900178
9.9991E-05 0.141846 0.858054
0.0127679 0.0692483 0.917984
9.9991E-05 0.0776146 0.922285
9.9991E-05 0.146521 0.853379
0.289902 9.9991E-05 0.709998
0.30699 9.9991E-05 0.69291
0.352733 9.9991E-05 0.647167
0.395369 9.9991E-05 0.604531
0.673588 0.291508 0.0349046
0.691642 0.308258 9.9991E-05
0.66037 0.33953 9.9991E-05
0.774709 0.183377 0.0419147
0.860459 0.0226849 0.116856
0.577065 0.422835 9.9991E-05
0.667362 0.332538 9.9991E-05
0.73853 0.26137 9.9991E-05
0.73569 0.26421 9.9991E-05
0.632378 0.367522 9.9991E-05
0.724973 0.232868 0.0421595
0.972777 9.9991E-05 0.0271229
0.684573 0.30562 0.00980715
0.839208 0.158606 0.00218657
0.671445 0.328455 9.9991E-05
0.920491 0.00575555 0.0737537
0.652411 9.9991E-05 0.347489
0.710587 9.9991E-05 0.289313
0.717817 9.9991E-05 0.282083
0.683485 9.9991E-05 0.316415
0.762402 9.9991E-05 0.237498
0.713184 9.9991E-05 0.286716
9.9991E-05 0.175493 0.824407
9.9991E-05 0.147182 0.852718
0.00211544 0.241083 0.756802
0.00304016 0.217739 0.779221
9.9991E-05 0.183126 0.816774
0.502197 9.9991E-05 0.497703
0.432263 9.9991E-05 0.567637
0.405747 9.9991E-05 0.594153
9.9991E-05 0.199404 0.800496
0.487332 9.9991E-05 0.512568
0.218206 0.547343 0.23445
0.291042 0.600539 0.108418
0.214475 0.644951 0.140574
0.324008 0.40677 0.269222
0.349407 0.479304 0.171289
0.0644378 0.341311 0.594251
0.758032 0.2309 0.0110686
0.77507 0.193356 0.0315736
0.732206 0.0784183 0.189376
0.779783 0.220117 9.9991E-05
0.93458 9.9991E-05 0.0653204
0.536457 0.412855 0.0506874
0.688794 0.311106 9.9991E-05
0.795059 0.12383 0.0811118
0.611743 0.372204 0.0160535
0.878342 9.9991E-05 0.121558
0.695117 0.304783 9.9991E-05
0.661527 0.31559 0.0228831
0.405866 0.428787 0.165348
0.785681 0.214219 9.9991E-05
0.666135 0.291271 0.0425941
0.636155 0.363745 9.9991E-05
0.717782 0.281523 0.000694363
0.512633 0.487267 9.9991E-05
0.533347 0.41032 0.0563334
0.607304 0.364948 0.0277475
9.9991E-05 0.254797 0.745103
0.00330429 0.158337 0.838359
0.0767512 0.120921 0.802328
0.03928 0.120197 0.840523
9.9991E-05 0.192333 0.807567
0.728994 0.0866451 0.184361
0.581005 0.418895 9.9991E-05
0.36077 0.456554 0.182677
0.551093 0.448807 9.9991E-05
0.684011 0.288137 0.0278524
0.683023 0.232657 0.0843204
0.721485 9.9991E-05 0.278415
0.599886 0.308068 0.0920465
0.746793 0.0703763 0.182831
0.650951 0.264078 0.0849711
0.704985 9.9991E-05 0.294915
0.515195 0.444176 0.0406292
0.727497 0.0688123 0.20369
0.682059 0.235851 0.0820896
0.633217 0.2775 0.0892827
0.732769 0.139307 0.127925
0.590455 0.379439 0.0301058
0.537788 0.385043 0.077169
0.833887 0.142791 0.0233222
0.488618 0.447889 0.0634934
0.692856 0.283914 0.0232305
0.958586 9.9991E-05 0.0413139
0.870691 0.0875192 0.0417897
0.73256 0.26734 9.9991E-05
0.861577 0.0280483 0.110374
0.759995 0.227897 0.0121086
0.791768 0.0412609 0.166971
0.877987 0.121913 9.9991E-05
0.735144 0.232823 0.0320326
0.520414 0.479486 9.9991E-05
0.826058 0.086273 0.0876686
0.614771 0.385129 9.9991E-05
0.585843 0.38049 0.033667
0.644068 0.355832 9.9991E-05
0.606337 0.36541 0.0282538
0.687575 0.238034 0.0743908
0.757405 0.193031 0.0495642
0.718398 0.23848 0.043122
0.551578 0.448322 9.9991E-05
0.494885 0.485492 0.0196234
0.653221 0.251953 0.0948255
0.626713 0.373187 9.9991E-05
0.616831 0.240104 0.143066
0.632546 0.34542 0.0220336
0.546876 0.405323 0.0478007
0.518984 0.443441 0.037575
0.245481 0.413144 0.341375
0.309495 0.602151 0.0883547
0.453267 0.475463 0.0712702
0.491298 0.508602 9.9991E-05
0.323585 0.503736 0.172678
0.726872 0.273028 9.9991E-05
0.392796 0.524056 0.0831479
0.462367 0.14514 0.392493
0.394482 0.52557 0.0799479
0.398777 0.509939 0.0912838
0.422954 0.48271 0.0943358
0.464386 0.325704 0.20991
0.364762 0.517881 0.117357
0.365214 0.508892 0.125894
0.150134 0.186475 0.663391
0.334734 0.552648 0.112617
0.285166 0.57044 0.144394
0.423809 0.486458 0.0897328
0.320412 0.546545 0.133043
0.427923 0.467817 0.10426
0.668107 0.293643 0.0382501
0.510566 0.421706 0.0677287
0.987701 9.9991E-05 0.0121993
0.883701 9.9991E-05 0.116199
0.56112 0.414324 0.0245567
0.299178 0.557955 0.142868
0.329755 0.552471 0.117775
0.315088 0.373731 0.311181
0.303051 0.528682 0.168267
0.672302 0.109244 0.218454
0.615824 0.209953 0.174222
0.53267 0.46723 9.9991E-05
0.512184 0.436967 0.0508485
0.595501 0.23886 0.165639
0.564072 0.422291 0.0136365
0.552655 0.447245 9.9991E-05
0.56918 0.345415 0.0854055
0.754034 0.155912 0.0900547
0.810459 0.189441 9.9991E-05
0.646413 0.353487 9.9991E-05
0.650432 0.287343 0.0622251
0.54612 0.397652 0.0562278
0.709612 0.290288 9.9991E-05
0.860594 0.100572 0.0388342
0.61766 0.38224 9.9991E-05
0.876467 0.0771761 0.0463568
0.672314 0.273815 0.0538706
0.583042 0.376468 0.0404895
0.677112 0.322788 9.9991E-05
0.365653 0.518711 0.115636
0.493811 0.399465 0.106724
0.328986 0.489525 0.181489
0.324663 0.488645 0.186692
0.427932 0.391596 0.180473
0.367333 0.452116 0.180551
0.517858 0.132236 0.349906
0.459447 0.536515 0.00403814
0.318528 0.116451 0.565021
0.425469 0.545238 0.0292924
0.955173 0.0190672 0.0257595
0.897764 9.9991E-05 0.102136
0.696722 0.303178 9.9991E-05
0.591306 0.408594 9.9991E-05
0.838185 0.161715 9.9991E-05
0.687485 0.312415 9.9991E-05
0.649988 0.349912 9.9991E-05
0.0266439 0.183246 0.79011
0.0870679 0.126733 0.786199
9.9991E-05 0.0726733 0.927227
9.9991E-05 0.0876658 0.912234
0.687483 0.312417 9.9991E-05
0.681925 0.317975 9.9991E-05
0.721658 0.278242 9.9991E-05
0.535782 0.370216 0.094002
0.581905 0.382171 0.0359241
0.884663 0.0965457 0.0187915
0.62855 0.37135 9.9991E-05
0.912949 0.0869508 9.9991E-05
0.282513 0.528009 0.189478
0.707583 0.292317 9.9991E-05
0.807177 0.192723 9.9991E-05
0.696878 0.303022 9.9991E-05
0.749149 0.250751 9.9991E-05
0.608103 0.391797 9.9991E-05
0.611743 0.349683 0.0385743
0.973695 0.0262054 9.9991E-05
0.824691 0.154676 0.0206328
0.790891 0.179964 0.0291448
0.971731 9.9991E-05 0.0281686
0.739961 0.241858 0.0181811
0.940627 0.0318948 0.0274784
0.911526 9.9991E-05 0.0883738
0.591088 0.408812 9.9991E-05
0.805982 0.101866 0.0921526
0.724782 0.275118 9.9991E-05
0.571824 0.394362 0.0338139
0.65239 0.34751 9.9991E-05
0.715913 0.283987 9.9991E-05
0.702942 0.296958 9.9991E-05
0.688106 0.284169 0.0277251
0.813813 0.186087 9.9991E-05
0.576263 0.366095 0.0576417
0.234562 9.9991E-05 0.765338
0.159666 0.0783782 0.761956
0.0901225 9.9991E-05 0.909778
0.168145 0.00358571 0.828269
0.176467 0.0267851 0.796748
0.841643 0.0846681 0.0736885
0.899295 9.9991E-05 0.100605
0.88714 0.11276 9.9991E-05
0.546097 0.417443 0.0364604
0.474488 0.473374 0.0521378
0.774495 0.225405 9.9991E-05
0.575942 0.423958 9.9991E-05
0.734749 0.265151 9.9991E-05
0.649934 0.349966 9.9991E-05
0.55582 0.44408 9.9991E-05
0.838722 0.140309 0.0209696
0.853138 0.146762 9.9991E-05
0.869695 0.130205 9.9991E-05
0.537984 0.408679 0.0533371
0.750152 0.249179 0.000669408
0.694863 0.305037 9.9991E-05
0.164805 0.699245 0.13595
0.0619069 0.770346 0.167747
0.119883 0.764712 0.115405
0.184207 0.697941 0.117852
0.347219 0.583611 0.0691698
0.574035 0.418214 0.00775102
9.9991E-05 0.653986 0.345914
0.0834024 0.742627 0.17397
0.468601 0.413725 0.117674
0.484807 0.386742 0.128451
0.578308 0.290475 0.131217
0.543811 0.397581 0.0586078
0.521367 0.376922 0.101712
0.0714169 0.682516 0.246067
0.234389 0.652707 0.112904
0.149965 0.766862 0.0831729
0.315913 0.563255 0.120833
0.0475929 0.748707 0.2037
0.268832 0.628459 0.102709
0.0504897 0.75808 0.19143
0.295288 0.618703 0.0860093
0.594672 0.312191 0.0931375
0.20598 0.615195 0.178825
9.9991E-05 0.804893 0.195007
0.249451 0.588119 0.16243
0.635218 0.0847006 0.280082
0.525705 0.474195 9.9991E-05
0.348927 0.529017 0.122056
0.487318 0.398965 0.113717
0.475387 0.367528 0.157084
0.432241 0.391865 0.175895
0.216735 0.511952 0.271313
0.554794 0.392191 0.0530153
0.194528 0.665621 0.139851
0.172838 0.745033 0.082129
9.9991E-05 0.750882 0.249018
0.487009 0.376546 0.136445
0.589314 0.267393 0.143293
0.63986 0.116474 0.243666
0.462357 0.437296 0.100347
0.604354 0.269559 0.126087
0.39624 0.461509 0.142251
0.510814 0.381727 0.107458
0.300181 0.197739 0.502081
0.356569 0.127328 0.516103
0.495824 0.315305 0.188871
0.343808 0.205011 0.451181
0.116774 0.279721 0.603506
0.485648 0.36155 0.152802
0.319729 0.400638 0.279634
0.315228 0.298773 0.386
0.407027 0.209401 0.383572
0.494462 0.419831 0.0857071
0.496626 0.202147 0.301227
0.276652 0.0852188 0.638129
0.340783 0.580012 0.079205
0.322887 0.438887 0.238226
0.28937 0.483648 0.226982
0.286913 0.635689 0.077398
0.353719 0.563858 0.082423
0.308961 0.549601 0.141438
0.170823 0.456346 0.372831
0.279557 0.573237 0.147206
0.21248 0.542216 0.245305
0.272965 0.440122 0.286913
0.527809 0.313325 0.158866
0.409551 0.478609 0.11184
0.383103 0.556414 0.0604825
0.47714 0.465294 0.0575659
0.149283 0.571375 0.279342
0.271385 0.536194 0.192421
0.168244 0.385277 0.446479
0.324753 0.579506 0.0957409
0.174948 0.521998 0.303055
0.129311 0.0207823 0.849906
0.746885 9.9991E-05 0.253015
0.729531 9.9991E-05 0.270369
0.742043 9.9991E-05 0.257857
0.775083 9.9991E-05 0.224817
0.734704 9.9991E-05 0.265196
0.812607 9.9991E-05 0.187293
0.7159 9.9991E-05 0.284
0.575085 9.9991E-05 0.424815
9.9991E-05 0.0942741 0.905626
0.059959 0.107985 0.832056
9.9991E-05 0.104192 0.895708
0.0946368 0.0309865 0.874377
9.9991E-05 0.1257 0.8742
0.044496 0.0470208 0.908483
0.00173887 0.226037 0.772224
9.9991E-05 0.138351 0.861549
0.121716 0.133273 0.74501
9.9991E-05 0.0940635 0.905836
9.9991E-05 0.0323481 0.967552
0.0501607 0.128115 0.821724
9.9991E-05 0.0539954 0.945905
9.9991E-05 0.117174 0.882726
9.9991E-05 0.128362 0.871538
9.9991E-05 0.181295 0.818605
9.9991E-05 0.238943 0.760957
9.9991E-05 0.2394 0.7605
9.9991E-05 0.201286 0.798614
0.614765 0.254162 0.131073
0.612614 0.37433 0.0130566
0.495711 0.434938 0.0693504
0.756949 0.025172 0.217879
0.587415 0.336198 0.0763869
0.674028 0.0728347 0.253137
0.470773 0.483185 0.0460424
0.670445 0.196385 0.133169
0.614801 0.300426 0.084773
0.681357 0.297874 0.0207684
0.607319 0.285505 0.107176
0.622525 0.343424 0.0340505
0.597683 0.362763 0.0395549
0.853456 0.0258951 0.120649
0.769122 9.9991E-05 0.230778
0.691358 0.0924742 0.216168
0.533942 0.4338 0.0322584
0.584599 0.337256 0.0781449
0.608084 0.312772 0.0791442
0.516873 0.483027 9.9991E-05
0.373369 0.468055 0.158576
0.29652 0.568027 0.135452
0.323977 0.241964 0.434058
0.497223 0.378205 0.124572
0.401986 0.415852 0.182163
0.276312 0.18 0.543688
0.290027 0.438449 0.271524
0.28108 0.369764 0.349156
0.3481 0.358911 0.292989
0.368039 0.471346 0.160615
0.239571 0.588127 0.172302
0.321535 0.601878 0.0765874
0.402885 0.41179 0.185326
0.174467 0.369565 0.455967
