0.946031 0.0538695 9.9991E-05
0.974989 0.00755199 0.0174586
0.832327 0.167573 9.9991E-05
0.849377 0.150523 9.9991E-05
0.890035 0.109865 9.9991E-05
0.668266 0.125329 0.206406
0.884724 0.0537561 0.0615203
0.825085 0.0574488 0.117466
0.920122 9.9991E-05 0.0797783
0.73899 0.138588 0.122422
0.817391 9.9991E-05 0.182509
0.0933797 0.150441 0.75618
0.0617475 0.40828 0.529973
0.138054 0.182778 0.679169
0.0730667 0.312308 0.614625
0.117609 0.353687 0.528704
0.0319637 0.461611 0.506426
0.00805413 0.35546 0.636486
0.194734 0.261305 0.543962
0.205624 0.00728021 0.787095
0.0607392 0.310331 0.62893
0.0657333 0.366601 0.567666
0.0128575 0.37183 0.615312
0.0556608 0.242943 0.701396
0.0528534 0.499603 0.447544
9.9991E-05 0.456234 0.543666
0.174208 0.166276 0.659516
0.165187 0.252705 0.582107
0.06997 0.118873 0.811157
0.808724 0.191176 9.9991E-05
0.802865 0.197035 9.9991E-05
0.813557 0.181223 0.00522025
0.747661 0.242786 0.00955269
9.9991E-05 0.378032 0.621868
0.00331195 0.418705 0.577983
9.9991E-05 0.423338 0.576562
0.194591 0.0578989 0.74751
0.0150288 0.244144 0.740827
0.0447563 0.31098 0.644264
9.9991E-05 0.491791 0.508109
9.9991E-05 0.448556 0.551344
0.0564237 0.445842 0.497735
0.0941769 0.0519174 0.853906
9.9991E-05 0.46446 0.53544
0.012822 0.444098 0.54308
0.0986353 0.425205 0.47616
9.9991E-05 0.199338 0.800562
9.9991E-05 0.455257 0.544643
0.0157363 0.460656 0.523608
0.169374 9.9991E-05 0.830526
0.0981562 0.0585403 0.843303
0.141557 0.0276044 0.830838
0.0332082 0.415264 0.551528
0.0899414 0.50986 0.400199
9.9991E-05 0.531053 0.468847
0.175184 0.0556572 0.769159
9.9991E-05 0.36108 0.63882
0.0696504 0.459013 0.471336
0.138715 0.265355 0.59593
0.322533 0.0507037 0.626764
0.0407214 0.422326 0.536953
0.0722865 0.349848 0.577865
0.168303 9.9991E-05 0.831597
9.9991E-05 0.364812 0.635088
9.9991E-05 0.449197 0.550703
0.034119 0.453691 0.51219
0.0800523 0.203433 0.716515
0.0627854 0.363183 0.574032
0.0995438 0.494402 0.406054
0.0866988 0.0434036 0.869898
9.9991E-05 0.361772 0.638128
0.0266525 0.10952 0.863827
0.0417714 0.42571 0.532519
0.0241474 9.9991E-05 0.975753
0.00042226 0.0252869 0.974291
9.9991E-05 0.188241 0.811659
9.9991E-05 0.295488 0.704412
0.158742 0.348134 0.493125
9.9991E-05 0.2856 0.7143
0.0643147 0.114816 0.82087
0.0850692 0.149787 0.765144
0.0552317 0.426213 0.518556
0.0308302 0.237673 0.731497
0.0246087 0.324971 0.65042
9.9991E-05 0.26133 0.73857
0.0720643 9.9991E-05 0.927836
9.9991E-05 0.387612 0.612288
0.84525 0.13757 0.0171804
0.886012 0.113888 9.9991E-05
0.878198 0.121702 9.9991E-05
0.915015 0.0848846 9.9991E-05
0.879497 0.120403 9.9991E-05
0.919808 0.0800918 9.9991E-05
0.928146 0.0717543 9.9991E-05
0.0770747 0.38081 0.542115
0.0498407 0.511446 0.438714
0.0542432 0.0297815 0.915975
0.0358227 0.465209 0.498968
0.0112567 0.280687 0.708056
9.9991E-05 0.473603 0.526297
9.9991E-05 0.398971 0.600929
9.9991E-05 0.378365 0.621535
0.111598 9.9991E-05 0.888302
0.193553 0.325385 0.481061
9.9991E-05 0.453707 0.546193
0.0423876 0.436741 0.520872
9.9991E-05 0.243307 0.756593
9.9991E-05 0.348024 0.651876
0.0205941 0.297621 0.681784
9.9991E-05 0.31498 0.68492
0.053875 0.302209 0.643916
0.00262111 0.442693 0.554686
0.14242 0.189121 0.668459
0.196454 0.279781 0.523765
0.137288 0.398089 0.464624
0.0482451 0.482328 0.469427
0.0378974 0.339803 0.6223
9.9991E-05 0.418088 0.581812
0.0749829 0.281126 0.643891
0.0488406 0.364678 0.586481
0.0132007 0.444153 0.542646
0.00334217 0.451571 0.545087
0.0203375 0.2353 0.744363
0.0599967 0.469604 0.470399
0.052421 0.389682 0.557897
9.9991E-05 0.427308 0.572592
0.0712377 0.416908 0.511854
0.00315881 0.437472 0.55937
0.177722 0.225474 0.596804
9.9991E-05 0.497642 0.502258
9.9991E-05 0.47458 0.52532
0.107571 0.163857 0.728572
0.121906 0.13722 0.740874
9.9991E-05 0.344566 0.655334
0.0133089 0.0569018 0.929789
0.135763 0.122381 0.741856
0.0186588 0.214056 0.767285
0.09035 0.144894 0.764756
0.10565 0.148813 0.745536
9.9991E-05 0.464702 0.535198
0.126942 0.461056 0.412002
0.0125148 0.334917 0.652568
0.119642 0.0945555 0.785803
0.140549 0.394447 0.465004
0.0179266 0.408382 0.573691
0.271943 9.9991E-05 0.727957
0.00682489 0.489271 0.503905
0.165088 0.211513 0.623399
0.0535855 0.374737 0.571678
0.150301 0.205439 0.64426
0.184307 0.0628892 0.752804
0.0542915 0.275772 0.669937
0.0429282 0.399923 0.557149
0.0966162 0.355441 0.547943
0.205781 0.141461 0.652758
0.0461485 0.400884 0.552968
9.9991E-05 0.229007 0.770893
9.9991E-05 0.285671 0.714229
0.0938514 0.435833 0.470315
0.411018 0.405942 0.183041
0.757358 0.168116 0.0745257
0.703579 0.119945 0.176476
0.48137 0.400696 0.117934
9.9991E-05 0.391999 0.607901
9.9991E-05 0.459537 0.540363
0.0321259 0.915846 0.0520282
0.114159 0.64899 0.23685
0.154151 0.609445 0.236405
0.0230669 0.212336 0.764597
0.0482438 0.357568 0.594189
0.0482526 0.124411 0.827336
9.9991E-05 0.361248 0.638652
9.9991E-05 0.343606 0.656294
0.00266643 0.404729 0.592604
0.0622035 0.0932696 0.844527
0.00955151 0.571616 0.418833
0.130952 0.407587 0.461461
0.111577 0.888323 9.9991E-05
0.0686252 0.931275 9.9991E-05
0.0789388 0.715296 0.205766
0.0241407 0.867739 0.108121
0.167395 0.832505 9.9991E-05
0.0768967 0.923003 9.9991E-05
0.121178 0.878722 9.9991E-05
0.0358923 0.964008 9.9991E-05
0.0621948 0.937705 9.9991E-05
0.0550546 0.944845 9.9991E-05
0.108108 0.891792 9.9991E-05
0.107227 0.892673 9.9991E-05
0.121204 0.878696 9.9991E-05
0.109329 0.890571 9.9991E-05
0.136462 0.630411 0.233127
0.166915 0.800597 0.0324881
0.134029 0.834752 0.0312191
0.131966 0.867934 9.9991E-05
0.089108 0.910792 9.9991E-05
0.138751 0.861149 9.9991E-05
0.0850248 0.914875 9.9991E-05
0.151868 0.721753 0.126379
0.127562 0.872338 9.9991E-05
0.489358 9.9991E-05 0.510542
0.226729 0.295597 0.477674
0.216736 0.358225 0.425039
0.329077 0.209804 0.461118
0.0911166 0.443803 0.46508
0.333734 0.238528 0.427738
0.144067 0.414588 0.441344
0.204622 0.363368 0.43201
0.143569 0.504748 0.351683
0.213477 0.497485 0.289038
0.165742 0.414655 0.419603
0.863486 0.034773 0.101741
0.948926 0.0509745 9.9991E-05
0.9998 9.999E-05 9.999E-05
0.972803 0.0270967 9.9991E-05
0.931199 0.051717 0.0170839
0.916631 0.0832692 9.9991E-05
0.892358 0.107542 9.9991E-05
0.928945 0.0410333 0.0300215
0.926064 0.0738358 9.9991E-05
0.886686 0.113214 9.9991E-05
0.701252 9.9991E-05 0.298648
0.671545 0.0118875 0.316567
0.640509 9.9991E-05 0.359391
0.589822 9.9991E-05 0.410078
0.0220362 0.320117 0.657847
9.9991E-05 0.368836 0.631064
9.9991E-05 0.379557 0.620343
0.0511645 0.173514 0.775321
0.0846329 0.0276348 0.887732
0.015192 0.425137 0.559671
9.9991E-05 0.340781 0.659119
9.9991E-05 0.29304 0.70686
9.9991E-05 0.286282 0.713618
9.9991E-05 0.504152 0.495748
9.9991E-05 0.285575 0.714325
0.0340594 9.9991E-05 0.965841
0.0577655 0.370278 0.571957
0.0184701 0.19102 0.79051
9.9991E-05 0.354038 0.645862
0.0318963 0.0923672 0.875737
0.316107 9.9991E-05 0.683793
0.267339 9.9991E-05 0.732561
0.200389 9.9991E-05 0.799511
0.259999 9.9991E-05 0.739901
0.189484 9.9991E-05 0.810416
0.235839 0.0633302 0.70083
0.884511 0.115389 9.9991E-05
0.872285 0.127615 9.9991E-05
0.783635 0.216265 9.9991E-05
0.787788 0.208563 0.00364873
0.852998 0.13588 0.0111219
0.505439 9.9991E-05 0.494461
0.59267 9.9991E-05 0.40723
0.586462 9.9991E-05 0.413438
0.796742 0.194582 0.00867688
0.501959 9.9991E-05 0.497941
0.239496 0.631111 0.129392
0.0935951 0.587384 0.319021
0.166873 0.688306 0.14482
0.294832 0.437683 0.267485
0.21522 0.516935 0.267845
0.622075 0.309931 0.0679938
0.00142361 0.259213 0.739364
9.9991E-05 0.254869 0.745031
0.161005 0.156852 0.682143
9.9991E-05 0.28015 0.71975
0.0821793 9.9991E-05 0.917721
0.123451 0.359385 0.517165
0.0207169 0.337021 0.642262
0.163312 0.0945659 0.742122
0.117283 0.360405 0.522312
0.0801759 0.0361533 0.883671
0.0196656 0.306004 0.67433
9.9991E-05 0.342615 0.657285
0.170544 0.45066 0.378796
9.9991E-05 0.241793 0.758107
9.9991E-05 0.304671 0.695229
0.00596351 0.377109 0.616928
0.0444206 0.317684 0.637895
9.9991E-05 0.466915 0.532985
0.0572233 0.402137 0.540639
0.0611729 0.381565 0.557262
0.80062 0.19928 9.9991E-05
0.850819 0.149081 9.9991E-05
0.813436 0.0644296 0.122134
0.822183 0.116055 0.0617619
0.881563 0.118337 9.99929E-05
0.157026 0.0715819 0.771392
0.000560107 0.44903 0.55041
0.233528 0.412831 0.353641
9.9991E-05 0.390938 0.608962
0.02885 0.341182 0.629968
0.0529896 0.244591 0.70242
0.264924 9.9991E-05 0.734976
0.0318238 0.327014 0.641163
0.155143 0.126897 0.717959
0.0552823 0.284709 0.660009
0.272139 0.0355112 0.69235
0.0899653 0.435657 0.474377
0.165725 0.0831097 0.751165
0.0827349 0.20047 0.716795
0.093799 0.307969 0.598232
0.0798359 0.223553 0.696611
0.0954849 0.324692 0.579823
0.0827612 0.375339 0.5419
0.0466549 0.185822 0.767523
0.0869583 0.429396 0.483646
9.9991E-05 0.360317 0.639583
0.0297986 9.9991E-05 0.970101
0.0154683 0.191565 0.792967
9.9991E-05 0.38468 0.61522
0.116949 0.0306375 0.852414
0.0267882 0.237182 0.73603
0.173529 0.03084 0.795631
9.9991E-05 0.187243 0.812657
0.066087 0.245759 0.688154
9.9991E-05 0.531589 0.468311
9.9991E-05 0.146455 0.853445
0.140502 0.398314 0.461184
9.9991E-05 0.459517 0.540383
0.0599922 0.404334 0.535674
9.9991E-05 0.417811 0.582089
0.0656005 0.28963 0.64477
0.0439791 0.197275 0.758746
0.100758 0.253409 0.645833
9.9991E-05 0.435866 0.564034
0.000659002 0.479626 0.519715
0.101166 0.254772 0.644062
9.9991E-05 0.416944 0.582956
0.111798 0.304015 0.584188
9.9991E-05 0.408275 0.591625
0.0186423 0.376109 0.605249
0.0638423 0.4456 0.490558
0.325928 0.459302 0.21477
0.0836498 0.587793 0.328557
0.0913606 0.493331 0.415308
0.0377183 0.539636 0.422646
0.18391 0.570381 0.24571
9.9991E-05 0.284363 0.715537
0.136771 0.478676 0.384554
0.389852 0.18105 0.429098
0.0698493 0.556715 0.373436
0.10912 0.477084 0.413796
0.0307022 0.581315 0.387983
0.218339 0.358738 0.422923
0.179606 0.508593 0.311801
0.137271 0.455526 0.407203
0.693461 0.155955 0.150585
0.207965 0.551023 0.241012
0.141601 0.565694 0.292706
0.0403164 0.532143 0.427541
0.17599 0.543556 0.280454
0.158737 0.45736 0.383903
0.00982611 0.373182 0.616992
0.035331 0.435068 0.529601
0.0351907 0.0169352 0.947874
0.0807126 9.9991E-05 0.919187
0.00809708 0.416502 0.575401
0.139636 0.532651 0.327713
0.155746 0.587866 0.256388
0.300629 0.448416 0.250955
0.219227 0.546627 0.234146
0.179968 0.148387 0.671645
0.156403 0.277048 0.56655
9.9991E-05 0.489661 0.510239
0.0640158 0.43016 0.505824
0.133632 0.273779 0.59259
0.00020729 0.465897 0.533895
9.9991E-05 0.449744 0.550156
0.179185 0.44131 0.379506
0.00857283 0.235785 0.755642
0.00326239 0.275883 0.720855
9.9991E-05 0.374242 0.625658
0.0228362 0.26792 0.709244
0.0617753 0.485786 0.452439
9.9991E-05 0.32062 0.67928
9.9991E-05 0.175706 0.824194
9.9991E-05 0.403061 0.596839
0.00587075 0.166583 0.827546
0.00277678 0.315704 0.68152
0.0597983 0.443836 0.496365
0.00481703 0.364038 0.631145
0.174527 0.571637 0.253836
0.18925 0.408796 0.401954
0.161058 0.493207 0.345735
0.166121 0.436276 0.397603
0.219062 0.469195 0.311743
0.147411 0.478496 0.374093
0.369767 0.12192 0.508313
0.076413 0.562924 0.360663
0.560545 0.146869 0.292586
0.0325349 0.581961 0.385504
0.0141502 0.0909292 0.894921
0.0701583 9.9991E-05 0.929742
9.9991E-05 0.352366 0.647534
9.9991E-05 0.471005 0.528895
9.9991E-05 0.26063 0.73927
0.0115303 0.328859 0.65961
9.9991E-05 0.38797 0.61193
0.812475 0.13017 0.0573548
0.793526 0.117844 0.0886307
0.925458 0.0744416 9.9991E-05
0.917043 0.0828572 9.9991E-05
0.0319954 0.315452 0.652552
9.9991E-05 0.370157 0.629743
9.9991E-05 0.259903 0.739997
9.9991E-05 0.434425 0.565475
0.112847 0.359365 0.527788
0.0338763 0.101234 0.86489
9.9991E-05 0.450493 0.549407
9.9991E-05 0.181394 0.818506
0.22525 0.488318 0.286432
9.9991E-05 0.318182 0.681718
0.0147994 0.192128 0.793072
9.9991E-05 0.377025 0.622875
9.9991E-05 0.292512 0.707388
9.9991E-05 0.359453 0.640447
0.0236559 0.417911 0.558433
9.9991E-05 0.0359273 0.963973
9.9991E-05 0.200494 0.799406
9.9991E-05 0.211479 0.788421
9.999E-05 9.999E-05 0.9998
0.0384818 0.328831 0.632687
0.00108285 0.146083 0.852834
0.0575215 9.9991E-05 0.942379
9.9991E-05 0.407195 0.592705
0.0472427 0.166066 0.786691
9.9991E-05 0.36347 0.63643
0.050486 0.456701 0.492813
9.9991E-05 0.343168 0.656732
9.9991E-05 0.299624 0.700276
9.9991E-05 0.403281 0.596619
9.9991E-05 0.329252 0.670648
9.9991E-05 0.206354 0.793546
0.0547108 0.401124 0.544165
0.713978 9.9991E-05 0.285922
0.799172 0.0380434 0.162785
0.880186 9.9991E-05 0.119714
0.877175 9.9991E-05 0.122725
0.813021 0.00689177 0.180087
0.0510713 0.0999127 0.849016
0.0609945 0.0916736 0.847332
9.9991E-05 0.139362 0.860538
0.111962 0.384728 0.50331
0.107443 0.444891 0.447666
9.9991E-05 0.287951 0.711949
9.9991E-05 0.460612 0.539288
0.0500862 0.32564 0.624274
9.9991E-05 0.368438 0.631462
0.021996 0.38271 0.595294
0.00161703 0.193205 0.805178
9.9991E-05 0.22579 0.77411
9.9991E-05 0.19384 0.80606
0.0786093 0.391489 0.529901
0.00457512 0.274749 0.720676
0.0111539 0.332429 0.656418
0.127895 0.656152 0.215953
0.127087 0.684014 0.188899
0.118723 0.761837 0.11944
0.193436 0.744483 0.0620803
0.14395 0.654739 0.201311
9.9991E-05 0.367289 0.632611
0.330645 0.669255 9.9991E-05
0.243923 0.649377 0.1067
0.121597 0.457176 0.421227
0.117047 0.367265 0.515688
0.12102 0.317822 0.561158
0.0858341 0.425629 0.488536
0.0410214 0.490541 0.468437
0.2339 0.731419 0.0346816
0.182867 0.606831 0.210302
0.0977609 0.814 0.0882389
0.145095 0.591613 0.263292
0.167271 0.7173 0.115429
0.152296 0.605593 0.242111
0.134452 0.727531 0.138017
0.101149 0.70568 0.19317
0.0526965 0.440285 0.507019
0.157225 0.639333 0.203442
0.237779 0.762121 9.9991E-05
0.142013 0.572209 0.285777
0.230484 0.0833127 0.686203
9.9991E-05 0.488793 0.511107
0.170008 0.611335 0.218657
0.0689242 0.436657 0.494418
0.0763333 0.407288 0.516379
0.234153 0.472327 0.29352
0.275469 0.545899 0.178633
0.00340058 0.480584 0.516015
0.148402 0.649957 0.201641
0.104284 0.785133 0.110583
0.284942 0.714958 9.9991E-05
0.0626951 0.443239 0.494066
0.0730307 0.272679 0.65429
0.234582 0.177309 0.588109
0.0714428 0.496542 0.432015
0.158642 0.233935 0.607423
0.227656 0.408759 0.363585
0.0646192 0.434241 0.50114
0.488651 0.179675 0.331674
0.505854 0.146503 0.347643
0.243099 0.277849 0.479052
0.492177 0.192521 0.315302
0.616362 0.245812 0.137827
0.190891 0.359328 0.44978
0.227733 0.462461 0.309806
0.367095 0.29688 0.336025
0.452356 0.205761 0.341883
0.056911 0.478579 0.46451
0.351428 0.214439 0.434134
0.658324 0.0554702 0.286206
0.110887 0.562488 0.326625
0.262886 0.459647 0.277467
0.265957 0.46152 0.272522
0.123923 0.700739 0.175338
0.130918 0.571609 0.297473
0.140945 0.533892 0.325163
0.374033 0.432432 0.193534
0.188331 0.530853 0.280816
0.20306 0.558057 0.238883
0.254548 0.442752 0.3027
0.190389 0.338169 0.471442
0.0496986 0.412916 0.537386
0.107203 0.477867 0.414931
0.0922794 0.543913 0.363808
0.262605 0.579103 0.158292
0.140622 0.516365 0.343013
0.424693 0.350878 0.224429
0.138235 0.581279 0.280486
0.344463 0.468658 0.18688
0.842866 0.0217525 0.135382
0.256611 0.00538526 0.738004
0.244379 9.9991E-05 0.755521
0.244834 9.9991E-05 0.755066
0.2061 9.9991E-05 0.7938
0.249605 9.9991E-05 0.750295
0.214844 9.9991E-05 0.785056
0.243909 9.9991E-05 0.755991
0.396409 9.9991E-05 0.603491
0.901169 0.0987309 9.9991E-05
0.86883 0.0571794 0.0739907
0.883705 0.116195 9.9991E-05
0.871438 0.0481618 0.0804007
0.9205 0.0794004 9.9991E-05
0.915261 0.0276292 0.0571099
0.784888 0.215012 9.9991E-05
0.892691 0.107209 9.9991E-05
0.762735 0.133863 0.103402
0.927682 0.0722179 9.9991E-05
0.9998 9.999E-05 9.999E-05
0.850285 0.146677 0.00303779
0.943778 0.0561216 9.9991E-05
0.902192 0.0977085 9.9991E-05
0.893697 0.106203 9.9991E-05
0.831367 0.168533 9.9991E-05
0.784565 0.215335 9.9991E-05
0.760397 0.239503 9.9991E-05
0.812061 0.187839 9.9991E-05
0.164914 0.297789 0.537297
0.0133039 0.396778 0.589918
9.9991E-05 0.469011 0.530889
0.180424 0.0957977 0.723779
0.10574 0.304526 0.589734
0.280519 0.082925 0.636556
0.0633376 0.460308 0.476354
0.055941 0.193826 0.750233
0.0653489 0.30783 0.626821
9.9991E-05 0.369702 0.630198
0.123857 0.248977 0.627166
9.9991E-05 0.47199 0.52791
0.0754633 0.353221 0.571316
0.110824 0.0492537 0.839922
0.167244 9.9991E-05 0.832656
0.192737 0.0925595 0.714703
0.0442848 0.471921 0.483794
0.102118 0.344551 0.553331
0.0959252 0.364966 0.539109
9.9991E-05 0.507252 0.492648
0.170165 0.510588 0.319247
0.143633 0.534417 0.321949
0.47103 0.253212 0.275758
0.0718106 0.474316 0.453873
0.241831 0.452981 0.305188
0.610305 0.158541 0.231154
0.345843 0.396498 0.257659
0.403379 0.367917 0.228704
0.273343 0.372092 0.354565
0.102976 0.551975 0.345049
0.227594 0.489089 0.283317
0.0984098 0.550922 0.350668
0.143719 0.394584 0.461697
0.467734 0.363054 0.169213
