0.0995289 0.900371 9.9991E-05
0.0392663 0.944116 0.0166177
0.18869 0.81121 9.9991E-05
0.146845 0.839176 0.013978
0.127521 0.872379 9.9991E-05
0.116251 0.6817 0.202049
0.071523 0.883556 0.0449211
0.0549359 0.836402 0.108663
9.9991E-05 0.9552 0.0447005
0.194943 0.726929 0.0781282
0.0167799 0.800879 0.182341
0.167475 0.0678286 0.764696
0.361798 0.016288 0.621914
0.13135 0.169047 0.699603
0.320755 0.106938 0.572308
0.297047 0.172795 0.530158
0.476965 0.027589 0.495446
0.263985 0.0673506 0.668664
0.252137 0.193036 0.554827
9.9991E-05 0.239152 0.760748
0.226614 0.125022 0.648364
0.334817 0.0698848 0.595298
0.33018 0.012875 0.656944
0.220064 0.0768876 0.703048
0.397484 0.0782419 0.524274
0.383664 0.0512074 0.565128
0.147153 0.133625 0.719222
0.209753 0.188337 0.60191
0.0953936 0.127584 0.777023
0.197511 0.802389 9.9991E-05
0.164962 0.834938 9.9991E-05
0.193465 0.802646 0.00388885
0.222693 0.730396 0.0469109
0.288287 9.9991E-05 0.711613
0.38129 9.9991E-05 0.61861
0.329401 9.9991E-05 0.670499
0.0368568 0.212342 0.750802
0.235812 9.9991E-05 0.764088
0.368821 9.9991E-05 0.631079
0.415406 9.9991E-05 0.584494
0.343129 0.0623461 0.594525
0.454171 0.0325994 0.513229
0.00911381 0.0746368 0.916249
0.408582 0.0159792 0.575439
0.446473 0.0114546 0.542073
0.424557 0.080454 0.494989
0.177483 9.9991E-05 0.822417
0.451086 9.9991E-05 0.548814
0.398901 0.0161051 0.584994
9.9991E-05 0.177615 0.822285
0.0574177 0.118274 0.824308
0.0182908 0.187182 0.794527
0.411322 0.0635741 0.525104
0.401394 0.0811326 0.517473
0.368933 0.0645773 0.56649
0.0935215 0.190508 0.715971
0.321572 9.9991E-05 0.678328
0.401878 0.109662 0.48846
0.193008 0.158991 0.648001
0.10098 0.308373 0.590647
0.309433 0.109859 0.580707
0.262722 0.0785584 0.658719
9.9991E-05 0.180435 0.819465
0.307705 9.9991E-05 0.692195
0.473685 9.9991E-05 0.526215
0.383623 0.0304559 0.585921
0.170015 0.121329 0.708657
0.301225 0.0336924 0.665082
0.370954 0.00917596 0.61987
0.0210521 0.120681 0.858267
0.315658 9.9991E-05 0.684242
0.0995082 9.9991E-05 0.900392
0.366004 0.06878 0.565216
9.9991E-05 0.0267629 0.973137
9.9991E-05 0.0293719 0.970528
0.151607 9.9991E-05 0.848293
0.229982 9.9991E-05 0.769918
0.300442 0.0877196 0.611838
0.282317 9.9991E-05 0.717583
0.116164 0.0859386 0.797898
0.116715 0.085603 0.797682
0.386348 9.9991E-05 0.613552
0.179018 0.0592817 0.761701
0.249894 0.0335751 0.716531
0.196785 9.9991E-05 0.803115
9.9991E-05 0.0561809 0.943719
0.367653 9.9991E-05 0.632247
0.17845 0.81202 0.00952973
0.123597 0.876303 9.9991E-05
0.160525 0.839375 9.9991E-05
0.117725 0.882175 9.9991E-05
0.151447 0.848453 9.9991E-05
0.117692 0.882208 9.9991E-05
0.0909883 0.908912 9.9991E-05
0.390069 0.0864981 0.523432
0.455191 0.0872383 0.457571
9.9991E-05 0.0632061 0.936694
0.3807 0.0799121 0.539388
0.225453 9.9991E-05 0.774447
0.410129 9.9991E-05 0.589771
0.310827 0.0176775 0.671496
0.397305 9.9991E-05 0.602595
9.9991E-05 0.102705 0.897195
0.423415 0.0792727 0.497312
0.4173 9.9991E-05 0.5826
0.411686 0.0462563 0.542058
0.190928 0.0304059 0.778667
0.278518 9.9991E-05 0.721382
0.281737 9.9991E-05 0.718163
0.246974 9.9991E-05 0.752926
0.243882 0.0717361 0.684382
0.374732 0.06267 0.562598
0.0907384 0.149988 0.759274
0.272462 0.183664 0.543874
0.35013 0.104634 0.545236
0.481349 0.0466956 0.471955
0.251028 0.0862851 0.662687
0.403057 9.9991E-05 0.596843
0.239136 0.0714412 0.689423
0.333688 0.0656717 0.600641
0.403683 0.0152252 0.581092
0.382867 9.9991E-05 0.617033
0.245765 0.00892561 0.74531
0.438879 9.9991E-05 0.561021
0.443298 0.0937401 0.462962
0.417206 9.9991E-05 0.582694
0.411021 0.0606338 0.528345
0.343747 9.9991E-05 0.656153
0.21157 0.186138 0.602292
0.449801 9.9991E-05 0.550099
0.407848 0.00839684 0.583755
0.119886 0.106756 0.773359
0.0941341 0.161443 0.744422
0.375816 0.133279 0.490905
0.0649566 0.0312641 0.903779
0.108348 0.113798 0.777854
0.243549 9.9991E-05 0.756351
0.109825 0.11451 0.775665
0.113001 0.0731392 0.813859
0.396017 0.0202086 0.583774
0.404456 0.060596 0.534948
0.385155 0.0426398 0.572206
0.0847978 0.136207 0.778995
0.268336 0.0982436 0.63342
0.368209 0.0447485 0.587043
9.9991E-05 0.296499 0.703401
0.446954 9.9991E-05 0.552946
0.201043 0.12705 0.671907
0.368005 0.122388 0.509608
0.142418 0.172201 0.685381
0.0457535 0.202163 0.752083
0.277142 0.0349569 0.687901
0.32353 0.145201 0.531268
0.334834 0.183636 0.481531
0.093495 0.24418 0.662325
0.495511 0.0180725 0.486416
0.182613 9.9991E-05 0.817287
0.305374 0.0376133 0.657013
0.434215 0.0316759 0.534109
0.365673 0.427255 0.207072
0.17114 0.769598 0.0592621
0.138299 0.662005 0.199696
0.438194 0.477696 0.0841097
0.446447 9.9991E-05 0.553453
0.363608 0.114496 0.521896
0.922551 9.9991E-05 0.0773491
0.611059 0.0546538 0.334287
0.574533 0.130505 0.294962
0.208259 0.0146384 0.777103
0.284728 0.0470067 0.668265
0.0723763 0.091877 0.835747
0.41631 9.9991E-05 0.58359
0.255373 0.0534649 0.691162
0.440242 9.9991E-05 0.559658
0.0832312 0.0927047 0.824064
0.516033 9.9991E-05 0.483867
0.40805 9.9991E-05 0.59185
0.929695 0.0702053 9.9991E-05
0.915312 0.0845878 9.9991E-05
0.786104 0.100316 0.11358
0.901446 0.0737164 0.0248381
0.89529 0.10461 9.9991E-05
0.931805 0.0680954 9.9991E-05
0.90161 0.0982905 9.9991E-05
0.9998 9.999E-05 9.999E-05
0.960661 0.039239 9.9991E-05
0.947816 0.0520838 9.9991E-05
0.931491 0.068409 9.9991E-05
0.90758 0.0774031 0.0150173
0.850029 0.149871 9.9991E-05
0.941629 0.0582705 9.9991E-05
0.574736 0.0985718 0.326692
0.819438 0.0650243 0.115538
0.892028 0.0921458 0.0158258
0.908165 0.0917353 9.9991E-05
0.964703 0.0351967 9.9991E-05
0.906663 0.0932369 9.9991E-05
0.922252 0.0776481 9.9991E-05
0.815365 0.0727166 0.111918
0.895325 0.104575 9.9991E-05
0.0307335 0.508537 0.46073
0.34734 0.208833 0.443827
0.344272 0.236617 0.419111
0.227455 0.298983 0.473562
0.417829 0.176539 0.405632
0.24573 0.340174 0.414096
0.349352 0.173055 0.477593
0.361041 0.196783 0.442176
0.461903 0.174067 0.36403
0.459145 0.172297 0.368559
0.355001 0.186915 0.458084
0.0651598 0.846572 0.0882683
0.112036 0.887864 9.9991E-05
0.0119217 0.987978 9.9991E-05
0.0362256 0.963674 9.9991E-05
0.0700559 0.929844 9.9991E-05
0.10589 0.89401 9.9991E-05
0.15616 0.84374 9.9991E-05
0.0496321 0.899854 0.0505143
0.103682 0.896218 9.9991E-05
0.155057 0.844843 9.9991E-05
9.9991E-05 0.727137 0.272763
9.9991E-05 0.757519 0.242381
9.9991E-05 0.673482 0.326418
9.9991E-05 0.596037 0.403863
0.288926 0.0327028 0.678371
0.30728 9.9991E-05 0.69262
0.355667 9.9991E-05 0.644233
0.162726 0.0359881 0.801286
0.0157693 0.146553 0.837678
0.375305 9.9991E-05 0.624595
0.358738 9.9991E-05 0.641162
0.292413 9.9991E-05 0.707487
0.207648 9.9991E-05 0.792252
0.442073 9.9991E-05 0.557827
0.247841 9.9991E-05 0.752059
9.9991E-05 0.0425267 0.957373
0.306041 0.116363 0.577596
0.139437 9.9991E-05 0.860463
0.338504 9.9991E-05 0.661396
9.9991E-05 0.100549 0.899351
9.9991E-05 0.328739 0.671161
9.9991E-05 0.272494 0.727406
9.9991E-05 0.240287 0.759613
9.9991E-05 0.311652 0.688248
9.9991E-05 0.235203 0.764697
9.9991E-05 0.321731 0.678169
0.151008 0.848892 9.9991E-05
0.149795 0.850105 9.9991E-05
0.2619 0.738 9.9991E-05
0.188844 0.781757 0.0293992
0.196203 0.803697 9.9991E-05
9.9991E-05 0.546704 0.453196
9.9991E-05 0.622139 0.377761
9.9991E-05 0.578921 0.420979
0.174596 0.825304 9.9991E-05
9.9991E-05 0.528975 0.470925
0.578416 0.236116 0.185468
0.510343 0.116059 0.373598
0.674851 0.202806 0.122343
0.510865 0.205602 0.283533
0.476397 0.111494 0.412109
0.356967 0.595998 0.0470354
0.197183 0.0255198 0.777298
0.233186 0.0567609 0.710053
0.109573 0.209357 0.681071
0.254769 9.9991E-05 0.745131
9.9991E-05 0.102494 0.897406
0.405704 0.012612 0.581684
0.282864 9.9991E-05 0.717036
0.121582 0.120385 0.758033
0.376012 0.114907 0.509081
9.9991E-05 0.130735 0.869165
0.312204 9.9991E-05 0.687696
0.34402 9.9991E-05 0.65588
0.423968 0.156007 0.420026
0.232371 9.9991E-05 0.767529
0.252511 0.0717445 0.675745
0.355019 0.0187898 0.626192
0.271814 0.023195 0.704991
0.44701 9.9991E-05 0.55289
0.423898 0.000183422 0.575918
0.362214 0.103288 0.534498
0.222615 0.777285 9.9991E-05
0.188418 0.811483 9.9991E-05
0.0896417 0.816716 0.0936427
0.132832 0.809152 0.0580152
0.167311 0.829963 0.00272573
0.0639924 0.189893 0.746115
0.389127 0.0625351 0.548338
0.462116 0.248969 0.288915
0.465231 9.9991E-05 0.534669
0.312483 0.0741421 0.613375
0.186866 0.092652 0.720482
9.9991E-05 0.284228 0.715672
0.290555 0.0353035 0.674141
0.0719825 0.226306 0.701711
0.277113 0.0876302 0.635257
0.0270296 0.249086 0.723884
0.449175 0.0959945 0.454831
0.100638 0.170005 0.729357
0.213489 0.145157 0.641354
0.334676 0.118727 0.546598
0.0865254 0.138961 0.774514
0.336958 0.0615657 0.601476
0.345262 0.0936996 0.561039
0.147142 0.0792404 0.773618
0.368068 0.0932562 0.538675
0.317356 0.0792426 0.603401
9.9991E-05 0.0471076 0.952792
0.108773 0.0528374 0.838389
0.306091 9.9991E-05 0.693809
0.026515 0.107232 0.866253
0.218827 0.0043938 0.776779
0.040944 0.165997 0.793059
0.142176 9.9991E-05 0.857724
0.285867 0.105072 0.609061
0.452994 9.9991E-05 0.546906
0.100412 0.0284034 0.871185
0.33971 0.0966518 0.563638
0.462895 0.000686572 0.536418
0.316592 0.0495075 0.633901
0.352884 0.0489667 0.598149
0.250037 0.0304458 0.719517
0.154375 0.0750445 0.77058
0.239388 0.0849156 0.675696
0.357457 9.9991E-05 0.642443
0.336624 0.0451538 0.618222
0.310875 0.0822698 0.606855
0.349895 9.9991E-05 0.650005
0.19772 0.129761 0.672519
0.391045 9.9991E-05 0.608855
0.32992 0.0338764 0.636203
0.48479 0.0921348 0.423075
0.433727 0.286297 0.279976
0.583437 0.0423331 0.37423
0.487363 0.203754 0.308883
0.523957 0.0104042 0.465639
0.561801 0.162615 0.275584
0.317812 9.9991E-05 0.682088
0.507289 0.145112 0.347599
0.147696 0.390374 0.46193
0.491175 0.116409 0.392416
0.49866 0.126535 0.374805
0.44742 0.0714079 0.481172
0.325466 0.229244 0.44529
0.493276 0.0995593 0.407165
0.534181 0.0795019 0.386317
0.148283 0.692213 0.159505
0.596921 0.161911 0.241168
0.51529 0.170918 0.313792
0.49541 0.0359251 0.468665
0.563143 0.161851 0.275006
0.492201 0.135225 0.372574
0.302794 0.0572466 0.63996
0.355593 0.0549947 0.589413
9.9991E-05 0.0666888 0.933211
9.9991E-05 0.0661972 0.933703
0.326269 0.0368999 0.636831
0.58318 0.154531 0.262289
0.617224 0.144004 0.238772
0.467424 0.267988 0.264589
0.506954 0.231985 0.261061
0.15176 0.181053 0.667188
0.239086 0.14932 0.611594
0.410093 9.9991E-05 0.589807
0.472061 0.0151139 0.512825
0.261549 0.118741 0.61971
0.455861 0.0318596 0.512279
0.427016 9.9991E-05 0.572884
0.459276 0.115556 0.425168
0.145383 0.0392412 0.815375
0.247107 0.00055915 0.752333
0.354172 0.0452952 0.600533
0.23178 0.0936754 0.674544
0.351371 0.0574257 0.591203
0.298479 9.9991E-05 0.701421
0.146337 0.023348 0.830315
0.39359 0.00309043 0.603319
0.0867247 0.0621026 0.851173
0.246032 0.05103 0.702938
0.403423 9.9991E-05 0.596477
0.335066 9.9991E-05 0.664834
0.412313 0.164851 0.422836
0.380917 0.157173 0.46191
0.490316 0.214485 0.2952
0.449278 0.197047 0.353675
0.433567 0.105718 0.460715
0.434728 0.209005 0.356267
0.123754 0.33027 0.545976
0.610785 0.0423433 0.346871
0.127166 0.53856 0.334274
0.575683 0.0240008 0.400317
0.00819648 0.012887 0.978916
9.9991E-05 0.103565 0.896335
0.249026 9.9991E-05 0.750874
0.447631 0.00892676 0.543442
0.207825 9.9991E-05 0.792075
0.30322 9.9991E-05 0.69668
0.283624 9.9991E-05 0.716276
0.165404 0.808079 0.0265168
0.166769 0.78629 0.0469411
0.117298 0.882602 9.9991E-05
0.0751777 0.924722 9.9991E-05
0.328856 0.00852552 0.662618
0.250479 0.0708471 0.678674
0.243375 9.9991E-05 0.756525
0.401688 9.9991E-05 0.598212
0.411143 0.0231508 0.565706
0.127737 0.0194777 0.852785
0.380688 9.9991E-05 0.619212
0.173419 9.9991E-05 0.826481
0.501802 0.2581 0.240098
0.283536 9.9991E-05 0.716364
0.194286 9.9991E-05 0.805614
0.279428 9.9991E-05 0.720472
0.240107 9.9991E-05 0.759793
0.381875 9.9991E-05 0.618025
0.320769 0.0356078 0.643623
9.999E-05 9.999E-05 0.9998
0.151756 9.9991E-05 0.848144
0.181925 0.0231631 0.794911
9.9991E-05 0.0015414 0.998359
0.259241 9.9991E-05 0.740659
0.0458357 0.039704 0.91446
9.9991E-05 0.0948385 0.905061
0.357079 9.9991E-05 0.642821
0.1013 0.0818607 0.816839
0.288535 0.0279767 0.683488
0.468622 0.0699478 0.46143
0.313562 9.9991E-05 0.686338
0.250663 9.9991E-05 0.749237
0.331852 9.9991E-05 0.668048
0.288228 9.9991E-05 0.711672
0.12428 9.9991E-05 0.87562
0.322997 0.0336946 0.643309
9.9991E-05 0.743984 0.255916
0.0609906 0.815523 0.123487
9.9991E-05 0.902392 0.0975077
0.0193657 0.860115 0.120519
9.9991E-05 0.805946 0.193954
0.065145 0.0938164 0.841039
9.9991E-05 0.0437194 0.956181
0.092512 9.9991E-05 0.907388
0.439969 0.0519346 0.508096
0.400723 0.105717 0.493561
0.197248 0.0272949 0.775457
0.429617 9.9991E-05 0.570283
0.260252 0.00798677 0.731761
0.322752 9.9991E-05 0.677148
0.384944 0.0159793 0.599077
0.147854 9.9991E-05 0.852046
0.188129 9.9991E-05 0.811771
0.169828 9.9991E-05 0.830072
0.413308 0.0283871 0.558305
0.222075 9.9991E-05 0.777825
0.346252 0.0221831 0.631565
0.638371 0.100396 0.261233
0.684546 0.103938 0.211516
0.761513 0.0637451 0.174742
0.763859 0.166311 0.0698302
0.604108 0.107642 0.28825
0.301088 0.00994669 0.688965
0.7121 0.2878 9.9991E-05
0.671502 0.213641 0.114857
0.389297 0.193143 0.41756
0.342634 0.0849398 0.572426
0.291952 0.0982017 0.609846
0.393231 0.0999559 0.506813
0.386519 0.0065035 0.606978
0.754947 0.160328 0.0847254
0.567966 0.108788 0.323246
0.794427 0.0920724 0.113501
0.60194 0.106541 0.291518
0.760925 0.157231 0.0818442
0.671698 0.154369 0.173933
0.744678 0.194782 0.0605396
0.623962 0.112044 0.263995
0.341987 0.0836054 0.574407
0.537161 0.202979 0.259861
0.760117 0.239783 9.9991E-05
0.556297 0.138515 0.305189
0.0523577 0.266833 0.68081
0.430662 9.9991E-05 0.569238
0.548048 0.172896 0.279056
0.435186 0.0691827 0.495631
0.357599 0.0919451 0.550456
0.471442 0.140149 0.388409
0.498461 0.215333 0.286206
0.428804 0.00618441 0.565012
0.59078 0.068432 0.340788
0.791275 0.0837649 0.12496
0.699313 0.300587 9.9991E-05
0.461201 0.0413245 0.497474
0.291589 0.122986 0.585425
0.112827 0.237458 0.649715
0.392684 0.116109 0.491207
0.259896 0.124623 0.615481
0.44903 0.154998 0.395972
0.373839 0.160516 0.465645
0.199336 0.499427 0.301238
0.154764 0.537013 0.308223
0.307755 0.254183 0.438062
0.261057 0.448021 0.290922
0.317103 0.575789 0.107108
0.345188 0.205813 0.448999
0.397326 0.233199 0.369475
0.28422 0.376401 0.33938
0.247313 0.408143 0.344544
0.414183 0.157428 0.42839
0.227206 0.301991 0.470803
0.10155 0.670369 0.228081
0.515898 0.107655 0.376447
0.453377 0.227328 0.319294
0.474341 0.29867 0.22699
0.727816 0.0796154 0.192569
0.530529 0.112623 0.356848
0.583689 0.0945041 0.321807
0.472024 0.340187 0.187789
0.492611 0.150169 0.35722
0.569041 0.127863 0.303096
0.45203 0.290193 0.257777
0.314411 0.181526 0.504062
0.443744 0.166055 0.390201
0.48613 0.0993891 0.414481
0.408533 0.0588966 0.532571
0.5489 0.285236 0.165865
0.497365 0.152598 0.350037
0.378343 0.394143 0.227514
0.52599 0.1351 0.33891
0.485363 0.340068 0.174569
0.0437443 0.829943 0.126313
9.9991E-05 0.216185 0.783715
9.9991E-05 0.280445 0.719455
9.9991E-05 0.278026 0.721874
9.9991E-05 0.193002 0.806898
9.9991E-05 0.250999 0.748901
9.9991E-05 0.210118 0.789782
9.9991E-05 0.250604 0.749296
9.9991E-05 0.41907 0.58083
0.0768236 0.923076 9.9991E-05
0.0870279 0.875177 0.0377954
0.108121 0.891779 9.9991E-05
0.0432458 0.870064 0.0866905
0.119666 0.880234 9.9991E-05
0.0589915 0.919234 0.0217747
0.215996 0.761951 0.0220521
0.164231 0.835669 9.9991E-05
0.153508 0.778611 0.0678804
0.101804 0.898096 9.9991E-05
9.999E-05 0.9998 9.999E-05
0.139228 0.848971 0.0118011
0.0611195 0.938781 9.9991E-05
0.100723 0.899177 9.9991E-05
0.162352 0.837548 9.9991E-05
0.17554 0.82436 9.9991E-05
0.249429 0.750471 9.9991E-05
0.244336 0.755564 9.9991E-05
0.215228 0.784672 9.9991E-05
0.273599 0.15251 0.573891
0.427823 0.0262917 0.545885
0.428953 0.086821 0.484226
0.0718444 0.240861 0.687295
0.326265 0.123933 0.549802
0.0546386 0.291141 0.654221
0.478364 0.0627971 0.458839
0.231611 0.106939 0.66145
0.295949 0.0968349 0.607216
0.315412 0.0209485 0.66364
0.252393 0.133958 0.613649
0.433025 0.0125475 0.554428
0.357979 0.0763567 0.565665
9.9991E-05 0.140545 0.859355
9.9991E-05 0.207917 0.791983
0.0972649 0.190154 0.712581
0.473232 0.0380882 0.48868
0.346455 0.0898276 0.563717
0.35688 0.13516 0.50796
0.473307 0.0523033 0.47439
0.478969 0.19268 0.328351
0.485246 0.13715 0.377604
0.275601 0.481326 0.243073
0.394538 0.0506367 0.554825
0.467579 0.26225 0.270171
0.18715 0.580924 0.231926
0.390382 0.301229 0.308388
0.392436 0.315964 0.2916
0.336658 0.300902 0.36244
0.569216 0.107288 0.323495
0.509627 0.138153 0.352221
0.527208 0.0629492 0.409842
0.447892 0.139265 0.412843
0.385996 0.439208 0.174796
