0.0914351 0.00220279 9.9991E-05 0.0303002 0.875962
0.0496721 9.9982E-05 0.0282701 9.9982E-05 0.921858
0.024143 0.147261 9.9982E-05 9.9982E-05 0.828397
0.10327 0.0392905 9.9991E-05 0.0516702 0.805669
0.0198893 0.0057419 0.0169122 0.0595462 0.89791
0.112179 0.0811316 0.089499 0.0466877 0.670503
0.019489 9.9991E-05 0.0896512 0.0233909 0.867369
0.151047 9.9991E-05 0.0640513 0.0303002 0.754502
0.103144 9.9982E-05 0.0609742 9.9982E-05 0.835682
0.0405054 0.15973 0.0416319 0.0311101 0.727023
0.143137 0.0234804 0.0960206 9.9991E-05 0.737262
0.456896 0.227711 0.221326 0.0939673 9.9991E-05
0.247488 0.638937 9.9991E-05 0.0914215 0.0220531
0.45804 0.27603 0.137945 0.121033 0.00695311
0.360103 0.409563 0.0817513 0.130462 0.0181207
0.220675 0.416147 0.0880525 0.157293 0.117833
0.0513394 0.61707 0.0757637 0.156874 0.0989528
0.221873 0.497062 0.159696 0.121269 9.9991E-05
0.34957 0.347409 0.126214 0.124243 0.0525644
0.698393 0.00603358 0.195512 0.0999614 9.9991E-05
0.310592 0.331529 0.187257 0.170522 9.9991E-05
0.130867 0.467955 0.242666 0.0750823 0.0834303
0.125917 0.69999 0.0924352 0.0171177 0.0645408
0.35471 0.352761 0.185934 0.106495 9.9991E-05
0.121204 0.611666 9.9991E-05 0.138524 0.128505
0.274884 0.604536 9.9991E-05 0.101347 0.0191334
0.431686 0.244001 0.216237 0.107976 9.9991E-05
0.461958 0.2056 0.107018 0.217707 0.00771634
0.420029 0.22651 0.262831 0.0905303 9.9991E-05
9.9982E-05 0.0851739 9.9982E-05 0.0817026 0.832924
9.9973E-05 0.167546 9.9973E-05 9.9973E-05 0.832154
9.9982E-05 0.133065 9.9982E-05 0.0639957 0.802739
9.9982E-05 0.14063 9.9982E-05 0.0253527 0.833817
0.192354 0.671994 0.0948846 0.0240584 0.0167094
0.199708 0.592925 0.0616893 0.0333173 0.11236
9.9991E-05 0.604509 0.22794 0.131814 0.0356371
0.577036 0.251035 0.0646004 0.0110324 0.096297
0.0120497 0.497452 0.441448 9.9991E-05 0.0489507
0.252603 0.643192 0.0172839 9.9991E-05 0.086821
9.9991E-05 0.751533 0.201751 0.0136473 0.032968
0.0215451 0.620405 0.18875 0.0120077 0.157292
0.136252 0.735533 0.00783063 0.0239477 0.0964371
0.225849 0.332789 0.441163 9.9982E-05 9.9982E-05
0.0437065 0.590725 0.210272 0.0833653 0.071932
0.0316915 0.675065 0.222991 0.024337 0.0459153
0.0236385 0.65933 0.116146 0.0596039 0.141282
0.0441199 0.50963 0.44605 9.9982E-05 9.9982E-05
9.9991E-05 0.663492 0.196581 0.0574081 0.0824192
0.0373253 0.498591 0.154896 0.113098 0.196089
0.085434 9.9982E-05 0.824541 9.9982E-05 0.0898245
0.437212 0.238085 0.324503 9.9982E-05 9.9982E-05
0.234993 0.165501 0.533221 0.0334949 0.0327901
0.204923 0.582634 0.142796 0.0657805 0.00386703
0.125769 0.615209 0.0304817 0.0611962 0.167344
0.123731 0.63505 0.115997 0.119894 0.005328
0.357902 0.277405 0.275857 9.9991E-05 0.0887358
0.333695 0.475837 0.101244 0.0891239 9.9991E-05
0.179897 0.525398 0.0708822 0.152961 0.0708609
0.186734 0.455195 0.19084 9.9991E-05 0.167131
0.379383 0.108406 0.222541 0.0842658 0.205403
0.0990072 0.660108 0.10332 0.0631697 0.0743956
0.268111 0.426439 0.154906 0.121744 0.0287994
0.574932 0.131044 0.263658 9.9991E-05 0.0302656
0.243241 0.482213 0.156061 0.10038 0.0181049
0.0661727 0.679435 0.13399 0.0534405 0.0669623
0.128235 0.54915 0.115585 0.105551 0.101479
0.270789 0.402635 0.21949 0.0515794 0.0555071
0.214606 0.530959 0.158403 0.093058 0.00297419
0.182716 0.593508 0.0319797 0.0935223 0.0982746
0.446873 0.318992 0.232196 9.9991E-05 0.0018391
9.9973E-05 0.741763 0.257937 9.9973E-05 9.9973E-05
0.213463 0.415888 0.370448 9.9982E-05 9.9982E-05
0.111523 0.64578 0.10992 0.0435352 0.0892421
0.0628221 0.172901 0.764077 9.9982E-05 9.9982E-05
0.0464933 0.230506 0.7228 9.9982E-05 9.9982E-05
0.0169371 0.511494 0.471369 9.9982E-05 9.9982E-05
0.127567 0.617714 0.254519 9.9982E-05 9.9982E-05
0.168618 0.590059 0.0420748 0.147896 0.0513526
0.125361 0.544016 0.296941 0.0224824 0.0111992
0.323168 0.347784 0.323326 9.9991E-05 0.0056215
0.318133 0.415302 0.257989 9.9991E-05 0.00847642
0.107853 0.565526 0.122492 0.0701005 0.134029
0.147717 0.484292 0.358515 9.9991E-05 0.00937543
0.0635648 0.646473 0.235916 9.9991E-05 0.0539469
9.9973E-05 0.56536 0.43434 9.9973E-05 9.9973E-05
0.0953262 0.107165 0.797309 9.9982E-05 9.9982E-05
0.03446 0.778287 0.185147 9.9991E-05 0.00200683
0.11521 0.063399 9.9991E-05 0.0435778 0.777713
9.9973E-05 0.082857 9.9973E-05 9.9973E-05 0.916843
9.9982E-05 0.0594783 9.9982E-05 0.062104 0.878218
9.9982E-05 0.0508159 9.9982E-05 0.0116999 0.937284
9.9982E-05 0.101012 9.9982E-05 0.00357629 0.895212
9.9991E-05 0.0491079 0.00461223 0.0263857 0.919794
9.9973E-05 0.0366977 9.9973E-05 9.9973E-05 0.963002
0.00711799 0.716095 0.165911 0.0370578 0.0738179
0.0890877 0.638217 0.12162 0.0566801 0.0943955
0.240551 0.237876 0.521373 9.9982E-05 9.9982E-05
0.0847473 0.559727 0.188901 0.113762 0.0528628
0.109957 0.656439 0.22236 9.9991E-05 0.0111438
0.00922743 0.680432 0.246036 0.0112367 0.0530681
0.0864276 0.642738 0.136236 0.0442385 0.0903594
0.0217174 0.637023 0.246674 0.0884212 0.0061647
0.344601 0.136498 0.518537 9.9991E-05 0.000264114
0.0816717 0.562871 0.175668 0.0870703 0.0927187
0.0337658 0.694804 0.15323 0.0504623 0.0677382
0.0895891 0.588316 0.110329 0.209812 0.0019539
9.9973E-05 0.448879 0.550821 9.9973E-05 9.9973E-05
0.000551081 0.713657 0.285592 9.9982E-05 9.9982E-05
0.107779 0.612244 0.267054 9.9991E-05 0.0128219
9.9982E-05 0.546023 0.43693 0.0168469 9.9982E-05
0.121485 0.561555 0.244978 9.9991E-05 0.0718818
0.103002 0.618919 0.122137 9.9991E-05 0.155841
0.455215 0.184921 0.276686 0.0830786 9.9991E-05
0.268259 0.507375 0.0171557 0.0592632 0.147948
0.138861 0.636121 0.0594654 0.0164657 0.149087
0.0769177 0.587677 0.125003 0.0623356 0.148066
0.35387 0.618189 0.00022632 9.9991E-05 0.0276138
0.204394 0.649753 0.0670152 0.034136 0.0447022
0.347504 0.612008 0.0191731 9.9991E-05 0.0212143
0.124769 0.537015 0.165811 0.0596453 0.11276
0.099121 0.675577 0.0849409 0.0140716 0.12629
0.180241 0.667607 0.0943446 0.024549 0.0332576
0.41676 0.57845 0.0012139 9.9991E-05 0.00347668
0.0393405 0.744591 0.119483 0.0445933 0.0519917
0.104425 0.652787 0.0848472 0.0811172 0.0768237
0.213184 0.664319 0.03888 0.0835174 9.9991E-05
0.086502 0.559286 0.140786 0.124885 0.0885409
0.215105 0.603048 0.102749 0.0789985 9.9991E-05
0.272582 0.42578 0.135713 0.0393614 0.126563
0.15545 0.666413 0.0355389 0.109946 0.0326529
0.167543 0.771458 0.060799 9.9982E-05 9.9982E-05
0.476433 0.261261 0.149712 0.102146 0.0104478
0.319515 0.148333 0.448269 0.083782 9.9991E-05
0.337016 0.509297 0.022364 0.0881401 0.0431828
0.321014 0.118314 0.494229 0.0663423 9.9991E-05
0.418075 0.357731 0.187999 9.9991E-05 0.0360939
0.355771 0.508329 0.123348 9.9991E-05 0.0124514
0.479965 0.459832 0.0600028 9.9982E-05 9.9982E-05
0.516248 0.363102 0.116895 9.9991E-05 0.00365491
0.131766 0.699551 0.0277091 0.0650332 0.0759402
0.138719 0.586177 0.0684689 0.0613033 0.145332
0.227556 0.598193 0.0727255 0.0389456 0.0625803
0.309259 0.132867 0.444898 0.112875 9.9991E-05
0.05616 0.639864 0.0674322 9.9991E-05 0.236444
0.0949964 0.595863 0.236093 0.0565358 0.0165116
0.126958 0.0327982 0.645906 0.00985165 0.184486
9.9991E-05 0.671003 0.114133 0.0365405 0.178224
0.0599479 0.358742 0.444284 0.0283514 0.108675
0.00768121 0.47988 0.301554 0.0994772 0.111407
0.0708796 0.295665 0.45646 0.0561869 0.120808
0.13375 0.249896 0.48513 9.9991E-05 0.131124
0.15033 0.466734 0.295464 9.9991E-05 0.0873729
0.0954251 0.458979 0.199259 0.138055 0.108282
0.142423 0.523761 0.133178 0.0296606 0.170977
0.133181 0.075431 0.538044 0.176065 0.0772791
0.0709391 0.571897 0.100774 0.138092 0.118298
0.133843 0.464736 0.401222 9.9982E-05 9.9982E-05
0.132926 0.602422 0.264452 9.9982E-05 9.9982E-05
0.0184932 0.670811 0.129694 0.00270868 0.178293
0.00438955 0.127178 0.234849 0.279764 0.353819
9.9982E-05 9.9982E-05 0.255731 0.143085 0.600984
9.9982E-05 9.9982E-05 0.353943 0.167551 0.478306
0.0440471 0.0880542 0.0966782 0.333408 0.437812
9.9991E-05 0.700094 0.221042 0.0598351 0.0189296
0.106568 0.622712 0.120707 0.100593 0.04942
0.0454671 0.263395 9.9982E-05 0.690938 9.9982E-05
0.0828201 0.412328 0.00805191 0.374805 0.121996
0.119043 0.322646 0.115315 0.442897 9.9991E-05
0.03256 0.435857 0.463708 0.0340627 0.033813
0.189753 0.469068 0.174025 0.0893537 0.0778005
9.9991E-05 0.210295 0.686187 0.0581864 0.0452316
0.0238623 0.606758 0.219105 0.0917369 0.0585377
0.0393343 0.599193 0.322176 9.9991E-05 0.0391959
9.9991E-05 0.603574 0.2139 0.0890099 0.0934162
0.0261218 0.309532 0.613341 0.00148409 0.049522
0.0429836 0.620964 0.150668 0.132271 0.0531132
9.9991E-05 0.637933 0.163749 0.115952 0.0822658
9.9982E-05 0.00821392 0.0205741 0.971012 9.9982E-05
9.9982E-05 0.0941941 0.00550414 0.900102 9.9982E-05
0.00613492 0.312788 0.0709611 0.610016 9.9991E-05
0.0268057 0.249068 9.9991E-05 0.710231 0.0137949
9.9973E-05 0.169785 9.9973E-05 0.829915 9.9973E-05
9.997E-05 9.997E-05 9.997E-05 0.9996 9.997E-05
0.0597011 9.9973E-05 9.9973E-05 0.939999 9.9973E-05
9.9973E-05 0.157264 9.9973E-05 0.842436 9.9973E-05
0.0218211 0.00921816 9.9982E-05 0.968761 9.9982E-05
9.997E-05 9.997E-05 9.997E-05 0.9996 9.997E-05
9.997E-05 9.997E-05 9.997E-05 0.9996 9.997E-05
9.9982E-05 0.15734 9.9982E-05 0.812564 0.0298959
0.0648486 0.0966315 9.9991E-05 0.814833 0.0235868
9.997E-05 9.997E-05 9.997E-05 0.9996 9.997E-05
0.0574865 0.380369 0.0578136 0.401993 0.102338
0.00691213 0.287407 9.9991E-05 0.58443 0.121151
0.0617078 0.162532 9.9991E-05 0.744992 0.0306681
0.0681773 0.0428604 9.9991E-05 0.869633 0.0192298
9.9973E-05 0.0135827 9.9973E-05 0.986117 9.9973E-05
9.9982E-05 0.0566431 9.9982E-05 0.892129 0.0510279
9.997E-05 9.997E-05 9.997E-05 0.9996 9.997E-05
0.118178 0.17268 9.9991E-05 0.652733 0.0563091
0.0397516 0.0458725 9.9991E-05 0.908301 0.00597513
9.9982E-05 9.9982E-05 0.547061 0.0525686 0.40017
0.101154 0.406208 0.162709 0.128822 0.201107
0.0311243 0.44222 0.217113 0.0463848 0.263158
9.9991E-05 0.130449 0.409906 0.178187 0.281358
9.9991E-05 0.499875 0.207394 0.0939757 0.198656
9.9991E-05 0.162966 0.403341 0.141652 0.291941
0.0190852 0.499129 0.111489 0.096916 0.273381
9.9991E-05 0.310782 0.306735 0.237662 0.144721
9.9991E-05 0.493914 0.154751 0.112642 0.238593
9.9991E-05 0.321787 0.226221 0.270204 0.181688
0.0225436 0.504651 0.145377 0.0818832 0.245545
0.0956387 0.063009 9.9982E-05 9.9982E-05 0.841152
9.9982E-05 9.9982E-05 0.0144312 0.0701143 0.915255
0.039947 9.9973E-05 9.9973E-05 9.9973E-05 0.959753
0.0592487 0.0128951 9.9982E-05 9.9982E-05 0.927656
0.0884237 0.0388201 9.9982E-05 9.9982E-05 0.872556
9.9982E-05 9.9982E-05 0.00170884 0.0754811 0.92261
9.9982E-05 0.055941 9.9982E-05 0.0380938 0.905765
0.0591891 9.9991E-05 0.059561 0.00290722 0.878243
9.9982E-05 0.070179 0.00391463 9.9982E-05 0.925706
0.0102147 0.0368007 9.9991E-05 0.0603582 0.892526
0.279212 9.9982E-05 0.118753 9.9982E-05 0.601835
0.374208 0.0137437 0.0418648 9.99988E-05 0.570083
0.333566 9.9982E-05 0.154912 9.9982E-05 0.511322
0.373967 9.9982E-05 0.131563 9.9982E-05 0.49427
0.145221 0.606242 0.194781 9.9991E-05 0.0536563
0.0852934 0.644729 0.19491 9.9991E-05 0.0749679
0.205937 0.655747 0.0909711 0.0472446 9.9991E-05
0.300907 0.567767 0.0566723 9.9991E-05 0.0745539
0.644648 0.262489 0.0926625 9.9982E-05 9.9982E-05
0.00582378 0.731247 0.182721 0.0443448 0.0358638
0.0472247 0.698209 0.254367 9.9982E-05 9.9982E-05
0.124503 0.666375 0.166468 0.000373833 0.0422806
9.9982E-05 0.510045 0.434181 0.0555747 9.9982E-05
0.0471009 0.715369 0.116171 0.0372166 0.0841427
0.188467 0.590387 0.220946 9.9982E-05 9.9982E-05
0.155164 0.0648561 0.77978 9.9982E-05 9.9982E-05
0.176366 0.606074 0.091564 0.0725551 0.0534411
0.0046884 0.411606 0.583506 9.9982E-05 9.9982E-05
0.00843648 0.709008 0.263098 9.9991E-05 0.0193577
0.354456 0.239361 0.402162 9.9991E-05 0.0039209
0.724098 9.9982E-05 0.145175 9.9982E-05 0.130526
0.701796 0.0996655 0.0595773 9.9991E-05 0.138861
0.848802 0.0279292 0.0850345 9.9991E-05 0.0381342
0.748914 0.0242387 0.107433 9.9991E-05 0.119314
0.760596 0.0401727 0.152034 0.0302408 0.0169558
0.794623 0.131599 9.9991E-05 0.00543777 0.0682395
9.9982E-05 0.0863723 9.9982E-05 0.038284 0.875144
0.0626809 0.0650553 9.9991E-05 0.0537888 0.818375
9.9982E-05 0.0862341 9.9982E-05 0.134764 0.778802
0.110976 0.0311616 9.9991E-05 0.0900258 0.767737
0.0149599 0.0850934 9.9991E-05 0.0939062 0.80594
0.561185 9.9982E-05 0.0839002 9.9982E-05 0.354715
0.436863 9.9982E-05 0.110463 9.9982E-05 0.452474
0.444582 9.9982E-05 0.126983 9.9982E-05 0.428235
9.9973E-05 0.12896 9.9973E-05 9.9973E-05 0.87074
0.545832 9.9991E-05 0.109052 0.0150038 0.330012
9.9991E-05 0.259647 0.129665 0.387763 0.222825
0.109731 0.541704 9.9991E-05 0.246918 0.101548
9.9982E-05 0.593946 9.9982E-05 0.232637 0.173217
9.9991E-05 0.340285 0.0613062 0.288784 0.309525
0.116536 0.503091 0.00906904 0.192267 0.179037
9.9982E-05 9.9982E-05 0.186701 0.328085 0.485014
0.200975 0.612934 0.17558 9.9991E-05 0.0104107
0.247894 0.480659 0.271247 9.9982E-05 9.9982E-05
0.555065 0.328487 9.9991E-05 0.0156691 0.100679
0.109526 0.558567 0.331707 9.9982E-05 9.9982E-05
0.0990927 9.9973E-05 0.900607 9.9973E-05 9.9973E-05
0.213036 0.491789 0.0845056 0.167015 0.0436543
0.192337 0.525605 0.17039 0.0449749 0.0666928
0.448614 0.4087 0.100049 9.9991E-05 0.0425368
0.163363 0.591391 0.165786 0.024078 0.0553826
0.250501 0.212534 0.536765 9.9982E-05 9.9982E-05
0.188684 0.525153 0.200327 0.0857369 9.9991E-05
0.265621 0.561013 0.0767048 0.0965608 9.9991E-05
0.173043 0.467953 0.0317214 0.192731 0.134551
0.280057 0.428186 0.263945 0.0277113 9.9991E-05
0.248054 0.526724 0.181167 0.0334197 0.0106344
0.161878 0.530996 0.206553 0.100474 9.9991E-05
0.128231 0.627262 0.20656 0.00208019 0.0358665
0.135785 0.693895 0.0628731 0.107347 9.9991E-05
0.241005 0.58636 0.0600002 0.0172197 0.0954152
0.200588 0.650233 0.0593425 0.0897366 9.9991E-05
9.9982E-05 0.0954284 9.9982E-05 0.103187 0.801185
9.9991E-05 0.095816 0.0342989 0.0319134 0.837872
0.0390462 0.0372224 0.110421 0.00548832 0.807823
0.0548431 9.9991E-05 0.0460582 0.0859387 0.81306
9.9973E-05 0.152183 9.9973E-05 9.9973E-05 0.847517
0.599528 0.232915 0.105987 0.0379983 0.0235716
0.179682 0.546747 0.167681 0.0414735 0.0644164
9.9991E-05 0.459659 0.0717431 0.216293 0.252205
0.129217 0.725171 0.0513668 0.0507519 0.0434931
0.315834 0.554348 0.013331 0.0276216 0.0888656
0.358613 0.270855 0.256608 0.113823 9.9991E-05
0.63948 9.9982E-05 0.234035 9.9982E-05 0.126286
0.383453 0.496752 0.0424965 0.0771984 9.9991E-05
0.516813 0.216337 0.166301 0.052181 0.0483679
0.141647 0.473356 0.230658 0.0704785 0.0838612
0.573625 0.10026 0.198925 0.0401476 0.087043
0.281358 0.46494 0.0151461 0.1417 0.0968562
0.560266 0.270278 0.102024 0.00744691 0.0599847
0.293717 0.350384 0.192401 0.127499 0.0359997
0.0554604 0.566471 0.235297 0.0567133 0.0860583
0.121902 0.390799 0.443967 0.00378155 0.0395516
9.9982E-05 0.6421 0.206512 9.9982E-05 0.151188
0.0625812 0.687935 0.101834 0.0305911 0.117058
0.0641946 0.372427 0.505092 9.9991E-05 0.0581863
0.12075 0.48053 0.204361 0.089036 0.105323
0.00901229 0.605017 0.280787 0.0471548 0.0580285
0.1277 0.192521 0.67958 9.9982E-05 9.9982E-05
9.9982E-05 0.383133 0.605032 9.9982E-05 0.0116358
0.107317 0.593911 0.250795 9.9991E-05 0.0478761
0.157325 0.204512 0.59566 9.9991E-05 0.0424026
0.13146 0.570051 0.298289 9.9982E-05 9.9982E-05
0.602724 0.191338 0.186618 0.0192193 9.9991E-05
0.278304 0.248306 0.398329 0.0749609 9.9991E-05
0.464613 0.371721 0.0695135 0.0642235 0.0299287
0.197041 0.526623 0.0822092 0.194026 9.9991E-05
0.548267 0.372421 0.0791124 9.9982E-05 9.9982E-05
0.134775 0.406071 0.237826 0.177192 0.0441358
0.225839 0.51182 0.0465486 0.199682 0.0161098
0.266953 0.561367 0.136511 0.0350693 9.9991E-05
0.302476 0.509473 0.0377651 0.111322 0.0389649
0.29465 0.50598 0.0761256 0.0756319 0.0476125
0.50038 0.276081 0.116798 0.106642 9.9991E-05
0.466519 0.405015 0.0565179 0.0718473 9.9991E-05
0.210266 0.562145 0.0932326 0.134257 9.9991E-05
0.182795 0.558609 0.0974519 0.129098 0.0320467
0.256913 0.478542 0.118756 0.0640553 0.081734
0.224613 0.565909 0.0989876 0.110391 9.9991E-05
0.399868 0.433767 0.0354234 0.054538 0.076404
0.170274 0.626615 0.0606015 0.103736 0.0387732
0.322336 0.511026 0.0463354 0.115108 0.00519459
0.235534 0.42648 0.0674888 0.185454 0.0850426
0.0317993 0.452051 0.0610433 0.122857 0.332249
9.9991E-05 0.59537 0.0375567 0.243174 0.123799
0.0833139 0.471608 0.0949072 0.200482 0.149689
0.0380619 0.587087 0.119171 0.141601 0.114079
9.9991E-05 0.485178 0.0304021 0.300151 0.184169
0.18318 0.480424 0.25794 0.0783566 9.9991E-05
0.160078 0.426353 0.0807528 0.175949 0.156867
9.9982E-05 9.9982E-05 0.549546 0.198445 0.251809
0.127756 0.620646 9.9991E-05 0.0918687 0.159629
0.0660082 0.555567 0.0400325 0.185937 0.152456
0.066695 0.478331 0.0754894 0.311707 0.0677781
0.105633 0.312801 0.241596 0.148312 0.191658
0.0231233 0.478166 0.10654 0.199502 0.192669
9.9982E-05 0.662307 9.9982E-05 0.137289 0.200204
9.9982E-05 9.9982E-05 0.287949 0.210482 0.501369
0.00288419 0.525425 0.0671902 0.141243 0.263258
9.9991E-05 0.562892 0.0931638 0.192298 0.151547
0.0317532 0.638115 0.0267212 0.15593 0.147481
9.9982E-05 0.610519 9.9982E-05 0.18569 0.203591
0.0454862 0.569612 0.103305 0.127052 0.154544
0.015992 0.519515 0.334741 0.0858735 0.0438787
0.102735 0.542663 0.167268 0.0602572 0.127077
0.101 0.16191 0.73689 9.9982E-05 9.9982E-05
0.0676858 0.116518 0.815596 9.9982E-05 9.9982E-05
0.0285788 0.589532 0.209158 0.132409 0.040322
0.0324569 0.473994 0.091914 0.301672 0.0999631
9.9991E-05 0.316961 0.193629 0.362357 0.126953
0.012046 0.138445 0.242899 0.385898 0.220712
9.9991E-05 0.366946 0.16258 0.250818 0.219556
9.9991E-05 0.127698 0.644881 0.128756 0.0985643
9.9991E-05 0.22493 0.5318 0.124448 0.118723
9.9991E-05 0.562525 0.26451 0.160679 0.0121858
9.9991E-05 0.520622 0.304426 0.116282 0.058571
9.9991E-05 0.244262 0.546628 0.14724 0.0617705
0.0457247 0.527541 0.24724 0.156492 0.0230031
0.0605085 0.511784 0.254575 0.17211 0.00102245
0.000545589 0.585884 0.193829 0.114148 0.105594
0.0596164 0.468001 0.448034 9.9991E-05 0.0242487
0.146497 0.403272 0.365747 0.0843842 9.9991E-05
0.0931471 0.66416 0.175613 9.9991E-05 0.0669796
0.116797 0.401167 0.355451 0.07372 0.0528653
0.0864296 0.394274 0.245637 0.111504 0.162156
9.9982E-05 0.616653 0.372253 0.0108946 9.9982E-05
0.150761 0.342301 0.506738 9.9982E-05 9.9982E-05
9.9991E-05 0.684247 0.203775 0.0544789 0.0573995
0.0512836 0.374788 0.573728 9.9982E-05 9.9982E-05
9.9982E-05 0.575357 0.395768 0.0286753 9.9982E-05
0.0150223 0.615375 0.166633 0.103703 0.0992668
0.0439281 0.528439 0.357194 0.0406757 0.0297638
9.9991E-05 0.490115 0.11344 0.203751 0.192594
0.0504794 0.567562 0.147428 0.0977046 0.136826
0.0323119 0.344745 0.112887 0.314807 0.19525
0.147585 0.425251 0.041392 0.179703 0.206069
0.118791 0.428089 0.0819189 0.202977 0.168223
0.0983495 0.43195 0.101119 0.189886 0.178695
9.9982E-05 9.9982E-05 0.626735 0.190942 0.182123
0.0939976 0.56519 9.9991E-05 0.258749 0.0819638
9.9982E-05 9.9982E-05 0.433803 0.175731 0.390266
9.9991E-05 0.577586 0.124882 0.22709 0.0703423
9.9973E-05 0.260466 0.739234 9.9973E-05 9.9973E-05
0.0611897 0.0366952 0.901915 9.9982E-05 9.9982E-05
0.0709373 0.57969 0.345418 0.00385449 9.9991E-05
9.9982E-05 0.721004 0.224065 0.0547305 9.9982E-05
0.110279 0.537968 0.350448 9.9991E-05 0.00120579
0.0400153 0.64388 0.299928 0.0160761 9.9991E-05
0.0371936 0.645003 0.280229 9.9991E-05 0.0374745
0.053242 0.0600365 0.019739 0.048353 0.81863
0.159588 0.00320584 0.00575403 0.0945395 0.736912
0.0632736 9.9982E-05 9.9982E-05 0.0440482 0.892478
9.9973E-05 0.0581483 9.9973E-05 9.9973E-05 0.941552
9.9991E-05 0.541376 0.3195 0.0657848 0.0732387
0.0849069 0.753165 0.116528 9.9991E-05 0.0452998
0.0827453 0.707807 0.209248 9.9982E-05 9.9982E-05
0.0538477 0.752369 0.0763647 0.00444803 0.11297
0.0927711 0.554923 0.142514 0.116356 0.093435
0.165877 0.421348 0.405924 9.9991E-05 0.00675095
0.052449 0.745051 0.2023 9.9982E-05 9.9982E-05
9.9982E-05 0.482287 0.502129 9.9982E-05 0.0153838
9.9991E-05 0.5403 0.0576341 0.156898 0.245068
0.0413711 0.60447 0.321926 0.0321329 9.9991E-05
0.241874 0.569112 0.188813 9.9982E-05 9.9982E-05
0.0419628 0.741498 0.216339 9.9982E-05 9.9982E-05
0.159411 0.517455 0.319789 0.00324548 9.9991E-05
9.9991E-05 0.700591 0.24081 0.0125112 0.0459881
0.0322336 0.734494 0.17937 9.9991E-05 0.0538032
9.9973E-05 0.360961 0.638739 9.9973E-05 9.9973E-05
0.0143195 0.416075 0.535401 9.9991E-05 0.0341038
0.066992 0.485138 0.44767 9.9982E-05 9.9982E-05
9.9973E-05 0.0798995 0.919801 9.9973E-05 9.9973E-05
0.185219 0.553468 0.235793 0.00270441 0.0228166
0.0384889 0.273585 0.66256 9.9991E-05 0.025267
0.0221861 0.0597849 0.892913 9.9991E-05 0.0250157
0.0214572 0.694825 0.251296 9.9991E-05 0.0323216
0.231408 0.401829 0.366563 9.9982E-05 9.9982E-05
0.190992 0.549925 0.214798 0.0441854 9.9991E-05
0.0222863 0.674547 0.110437 0.105884 0.0868462
0.0376706 0.716099 0.24603 9.9982E-05 9.9982E-05
0.246279 0.367385 0.272465 0.113771 9.9991E-05
0.110686 0.712705 0.173832 0.00267656 9.9991E-05
0.0890533 0.621413 0.233522 9.9991E-05 0.0559118
0.0530944 0.474235 0.47247 9.9982E-05 9.9982E-05
0.0300962 0.672184 0.184923 0.0315171 0.0812796
0.324698 9.9991E-05 0.00461587 0.00977264 0.660813
0.108205 0.0301045 0.0877731 0.0155965 0.758321
0.116203 9.9982E-05 0.0708775 9.9982E-05 0.81272
0.1476 9.9982E-05 0.0261057 9.9982E-05 0.826095
0.218155 0.0378514 0.00103056 9.9991E-05 0.742863
0.281528 0.329788 0.388484 9.9982E-05 9.9982E-05
0.212034 0.315093 0.472672 9.9982E-05 9.9982E-05
9.9973E-05 0.392006 0.607694 9.9973E-05 9.9973E-05
0.0493335 0.636492 0.0719593 0.100474 0.141742
0.00347844 0.679437 0.114708 0.0504148 0.151961
0.0154063 0.454668 0.486658 9.9991E-05 0.0431676
9.9991E-05 0.685048 0.223288 0.0487789 0.0427852
9.9991E-05 0.600908 0.315563 0.00344046 0.0799886
0.163357 0.6757 0.137558 9.9991E-05 0.0232851
0.0200803 0.655337 0.176185 0.0774384 0.0709597
0.225787 0.38322 0.365926 0.0249673 9.9991E-05
0.156439 0.543297 0.300064 9.9982E-05 9.9982E-05
0.181713 0.501186 0.316901 9.9982E-05 9.9982E-05
0.03032 0.715777 0.122709 0.00495767 0.126237
0.108306 0.604893 0.266334 9.9991E-05 0.0203673
0.0885405 0.577539 0.241037 0.0361703 0.0567139
9.9991E-05 0.456188 0.0337869 0.379285 0.13064
9.9991E-05 0.387111 0.0687693 0.439385 0.104634
0.0094087 0.483061 9.9991E-05 0.4581 0.0493303
9.9982E-05 0.367792 9.9982E-05 0.501199 0.130809
0.050639 0.455727 0.0233486 0.295345 0.174941
9.9982E-05 0.583919 0.380935 9.9982E-05 0.0349459
9.9991E-05 0.0141779 0.0117457 0.676187 0.297789
9.9991E-05 0.332399 0.035752 0.449797 0.181953
9.9991E-05 0.4804 0.130692 0.243573 0.145235
0.0143505 0.666112 0.0854341 9.9991E-05 0.234004
0.152343 0.479735 0.211476 0.0817338 0.0747128
0.0379766 0.658174 0.160835 0.047101 0.0959127
0.0636346 0.701176 0.0905005 0.0419162 0.102772
9.9982E-05 0.368346 9.9982E-05 0.448531 0.182923
0.0645232 0.365191 0.0476142 0.373383 0.149289
0.0027104 0.470373 9.9991E-05 0.501244 0.0255722
0.147181 0.453054 0.0100465 0.304299 0.0854198
9.9991E-05 0.312491 0.046779 0.491623 0.149007
9.9991E-05 0.457754 0.0710657 0.33598 0.1351
9.9991E-05 0.223119 0.0542838 0.603844 0.118654
0.0145543 0.383028 9.9991E-05 0.387603 0.214715
9.9991E-05 0.580229 0.215149 0.0606481 0.143875
0.0224061 0.445579 0.0134337 0.289134 0.229447
9.9991E-05 0.125151 0.000492298 0.697744 0.176514
0.0706568 0.281616 0.0724228 0.466877 0.108427
0.245632 0.284498 0.30006 9.9991E-05 0.169709
0.0497199 0.639815 0.182564 0.110588 0.0173136
0.118118 0.40749 9.9991E-05 0.298267 0.176025
0.0917639 0.667046 0.0264863 0.0491008 0.165603
0.131296 0.567955 0.118206 9.9991E-05 0.182443
0.0945163 0.325626 0.0976989 0.283673 0.198486
9.9991E-05 0.318735 0.1235 0.290282 0.267383
0.0340093 0.508168 0.181018 0.192268 0.0845363
0.0335861 0.489211 0.00181857 0.350584 0.1248
0.0015992 0.420785 0.00287259 0.440088 0.134655
0.0152545 0.184298 9.9991E-05 0.559832 0.240515
0.020783 0.739698 0.0713062 0.0257547 0.142458
0.0925436 0.557741 0.172354 9.9991E-05 0.177262
9.9991E-05 0.227933 0.590107 0.0369251 0.144935
0.13585 0.50076 0.134429 0.162215 0.0667458
0.216789 0.546296 0.094007 9.9991E-05 0.142808
9.9991E-05 0.447079 0.167233 0.166838 0.218751
0.0231323 0.543258 0.20476 0.117299 0.111551
9.9982E-05 9.9982E-05 0.431131 0.230208 0.338461
9.9982E-05 9.9982E-05 0.502499 0.127557 0.369744
0.0163059 0.366239 0.284231 0.1271 0.206125
9.9982E-05 9.9982E-05 0.387939 0.25398 0.357881
9.9982E-05 9.9982E-05 0.313472 0.253491 0.432837
9.9991E-05 0.357709 0.299284 0.200988 0.141919
9.9991E-05 0.367243 0.181757 0.254235 0.196665
0.0557639 0.22178 0.238109 0.197857 0.28649
9.9991E-05 0.0538372 0.431356 0.204449 0.310257
0.0783227 0.46827 0.148248 0.150494 0.154666
9.9991E-05 0.180798 0.418259 0.108576 0.292267
9.9982E-05 9.9982E-05 0.405781 0.0966591 0.49736
0.0734625 0.529708 0.0853245 0.10267 0.208835
0.0232421 0.357087 0.213034 0.22129 0.185347
0.0527726 0.419173 0.067018 0.144559 0.316477
9.9982E-05 0.565031 9.9982E-05 0.245439 0.189331
0.069078 0.494354 9.9991E-05 0.263732 0.172736
0.0954738 0.486137 9.9991E-05 0.19845 0.219839
9.9982E-05 0.383926 9.9982E-05 0.251033 0.364841
9.9982E-05 0.533467 9.9982E-05 0.205106 0.261227
9.9982E-05 0.514308 9.9982E-05 0.207383 0.278109
0.00170048 0.334662 0.166447 0.203159 0.294032
0.189092 0.3339 0.222383 0.13181 0.122815
0.106384 0.480261 0.09152 0.16018 0.161655
0.104182 0.531194 0.00708924 0.242043 0.115492
0.107817 0.592174 0.0766557 0.121929 0.101424
0.0245982 0.430599 9.9991E-05 0.28197 0.262733
0.0153856 0.592093 9.9991E-05 0.198447 0.193975
9.9991E-05 0.164158 0.177682 0.201275 0.456786
0.0245639 0.597714 9.9991E-05 0.174514 0.203109
9.9991E-05 0.16495 0.138932 0.358328 0.33769
0.119398 9.9982E-05 0.0822293 9.9982E-05 0.798173
0.838645 0.0961444 0.018248 0.0406311 0.00633142
0.9996 9.997E-05 9.997E-05 9.997E-05 9.997E-05
0.993458 9.9973E-05 9.9973E-05 9.9973E-05 0.00624214
0.994931 0.00476903 9.9973E-05 9.9973E-05 9.9973E-05
0.916211 0.0153216 9.9982E-05 0.068267 9.9982E-05
0.915868 0.0838324 9.9973E-05 9.9973E-05 9.9973E-05
0.967778 9.9973E-05 9.9973E-05 9.9973E-05 0.0319218
0.800538 9.9973E-05 9.9973E-05 9.9973E-05 0.199162
0.0157026 0.0349637 0.00147187 0.00334388 0.944518
0.134158 0.0331475 9.9991E-05 0.000135044 0.832459
0.00688716 0.0471517 9.9991E-05 0.0343412 0.91152
0.0793434 0.0597475 0.00942942 9.9991E-05 0.85138
0.0378761 0.00921794 9.9991E-05 0.0278821 0.924924
0.0725257 9.9982E-05 0.0125158 9.9982E-05 0.914759
0.0519761 0.00552997 9.9991E-05 0.183019 0.759375
9.9991E-05 0.0314107 0.00875497 0.0966676 0.863067
0.162554 0.0354206 0.00653726 0.0821643 0.713324
0.0136204 0.00790513 0.017775 0.0587337 0.901966
0.0339837 9.9973E-05 9.9973E-05 9.9973E-05 0.965716
0.092357 0.0248072 9.9991E-05 0.0373243 0.845412
0.0668781 9.9982E-05 9.9982E-05 0.00159362 0.931328
0.00522235 0.0465259 9.9991E-05 0.0204577 0.927694
0.0161851 0.0614766 9.9991E-05 0.0568307 0.865408
9.9982E-05 0.0905875 9.9982E-05 0.0399383 0.869274
9.9982E-05 0.0671803 9.9982E-05 0.144233 0.788387
9.9982E-05 0.119768 9.9982E-05 0.101169 0.778863
9.9982E-05 0.130396 9.9982E-05 0.0549057 0.814498
0.113986 0.441367 0.228972 0.01854 0.197136
0.00823843 0.743023 0.15287 9.9991E-05 0.0957688
0.0968238 0.636389 0.0487353 0.0861889 0.131864
9.9991E-05 0.203756 0.676606 0.021222 0.0983154
0.159278 0.513328 0.135311 0.0501138 0.14197
9.9982E-05 0.192226 0.600874 9.9982E-05 0.206701
0.00432774 0.703914 0.145593 0.0420438 0.104122
0.207308 0.499399 0.169878 9.9991E-05 0.123315
0.146641 0.598264 0.146424 0.00264402 0.106027
0.0997062 0.620554 0.222579 0.0356228 0.0215377
0.0887499 0.539049 0.225185 9.9991E-05 0.146916
0.0350515 0.691459 0.181338 9.9991E-05 0.0920518
0.167038 0.615448 0.0684201 0.0132411 0.135853
0.47942 0.092348 0.384647 0.0434853 9.9991E-05
0.0518184 0.0455082 0.780359 9.9991E-05 0.122215
9.9991E-05 0.218083 0.624161 0.0154967 0.142159
0.0987328 0.690466 0.0485725 0.036387 0.125842
0.0956597 0.558992 0.172821 0.0276978 0.144829
9.9982E-05 0.656828 0.151428 9.9982E-05 0.191545
9.9991E-05 0.720679 0.201773 0.0235412 0.0539061
9.9991E-05 0.61766 0.0280986 0.131295 0.222847
0.0137824 0.603018 9.9991E-05 0.182635 0.200465
0.141132 0.18156 0.0897245 0.140103 0.447481
0.159965 0.699652 9.9991E-05 0.0139323 0.12635
0.0636193 0.471517 0.130442 0.123445 0.210977
9.9982E-05 9.9982E-05 0.383802 0.173804 0.442194
9.9991E-05 0.379509 0.143418 0.172935 0.304038
9.9991E-05 0.356634 0.0666058 0.209871 0.36679
0.0741057 0.5153 9.9991E-05 0.0451433 0.365351
0.165734 0.40499 0.0087805 0.287554 0.132941
0.0488279 0.57641 9.9991E-05 0.138088 0.236574
0.0157162 0.660442 0.0703264 0.0843712 0.169144
0.0630189 0.45438 0.126128 0.16408 0.192392
9.9991E-05 0.354815 0.0297834 0.120901 0.4944
