9.9982E-05 0.887421 9.9982E-05 0.0165812 0.0957981
0.0448102 0.95489 9.9973E-05 9.9973E-05 9.9973E-05
9.9982E-05 0.813384 0.182282 0.00413411 9.9982E-05
9.9991E-05 0.829368 0.0803356 0.0530932 0.0371032
9.9982E-05 0.896054 0.0711323 0.0326141 9.9982E-05
0.0877326 0.656769 0.102028 0.0747199 0.0787509
0.0597742 0.836086 9.9993E-05 0.00516109 0.0988789
0.0624584 0.773449 9.9982E-05 9.9982E-05 0.163893
0.0629137 0.860976 9.9982E-05 9.9982E-05 0.0759109
0.093235 0.746638 0.128369 0.0316574 9.9991E-05
0.0562647 0.734513 0.0359178 9.9991E-05 0.173205
0.162035 9.9991E-05 0.303666 0.0636373 0.470562
0.0740594 0.00942229 0.502731 0.122872 0.290916
0.0597157 0.0812537 0.341782 0.0572147 0.460034
0.00962818 0.0537979 0.330333 0.161902 0.444339
0.033873 0.151845 0.466994 0.13828 0.209008
0.0417392 0.101981 0.617526 0.103334 0.135419
0.211981 0.0394609 0.494861 0.0835748 0.170122
0.0349158 0.0961154 0.367408 0.0816262 0.419935
0.212786 0.0392043 0.0594589 0.0770169 0.611533
0.108231 0.0586851 0.427178 0.123544 0.282361
0.213828 0.0658051 0.434249 0.102 0.184117
0.0640084 0.0307048 0.485267 0.159802 0.260218
0.146161 0.0208377 0.343104 0.141191 0.348707
0.0070525 0.13324 0.650816 0.13283 0.0760623
0.00698583 0.0224871 0.633206 0.0967116 0.240609
0.10802 0.036153 0.215153 0.120967 0.519708
0.0781195 0.0133724 0.249462 0.160124 0.498922
0.245312 9.9991E-05 0.238744 0.0635884 0.452256
9.9982E-05 0.848073 0.0671148 0.0846117 9.9982E-05
9.9982E-05 0.825654 0.121253 0.052893 9.9982E-05
9.9982E-05 0.773669 0.14991 0.0762211 9.9982E-05
9.9982E-05 0.747616 0.151874 0.10031 9.9982E-05
0.202769 0.0551986 0.63953 9.9991E-05 0.102402
0.162947 0.116896 0.652149 0.0262519 0.0417562
0.192243 0.017649 0.760646 9.9991E-05 0.0293618
0.129625 0.0526891 0.147018 0.0543872 0.61628
0.456107 0.00513795 0.521073 9.9991E-05 0.0175815
0.28082 0.0432991 0.449474 0.117779 0.108628
0.200519 0.0247386 0.732665 0.0419779 9.9991E-05
0.15504 0.145061 0.635181 0.031376 0.033342
9.9991E-05 0.0778588 0.674679 0.0558023 0.19156
0.443009 0.00976814 0.369159 9.9991E-05 0.177963
0.231105 0.0967695 0.567752 0.104274 9.9991E-05
0.126944 0.0514023 0.555717 0.130034 0.135904
0.129863 0.0882399 0.576847 0.152735 0.0523148
0.41186 9.9982E-05 0.579237 9.9982E-05 0.00870369
0.147209 0.113922 0.711337 0.027432 9.9991E-05
0.19441 0.0927987 0.507489 0.0899469 0.115356
0.852702 0.0869882 9.9982E-05 9.9982E-05 0.0601093
0.297454 9.9991E-05 0.228234 0.00183625 0.472375
0.562178 0.0656396 0.18097 9.9991E-05 0.191112
0.118122 0.0811144 0.447632 0.173583 0.179549
0.0412695 0.115042 0.676528 0.0990717 0.0680891
0.164135 0.0865116 0.575718 0.135257 0.0383794
0.187113 0.167257 0.274989 9.9991E-05 0.370542
0.0965316 0.0673258 0.609552 0.0267862 0.199805
0.125526 0.084492 0.507039 0.129141 0.153802
0.171787 0.135561 0.474055 0.0223687 0.196228
0.293813 0.196497 0.0913514 0.0639778 0.354361
0.0198057 0.0649075 0.58754 0.110825 0.216922
0.138878 0.0151435 0.40381 0.147565 0.294604
0.338375 0.0465814 0.103619 9.9991E-05 0.511325
0.0812223 0.000806127 0.59896 0.0551089 0.263903
0.188766 0.0764734 0.64394 0.0587451 0.0320757
9.9991E-05 0.110663 0.671465 0.0811454 0.136627
0.199593 0.0951961 0.364288 0.0213724 0.31955
0.206918 9.9991E-05 0.532077 0.0577172 0.203188
0.0774374 0.0440348 0.671137 0.0767671 0.130624
0.369631 0.0071068 0.230862 9.9991E-05 0.392301
0.210956 9.9982E-05 0.674325 9.9982E-05 0.11452
0.417747 9.9982E-05 0.446228 9.9982E-05 0.135826
0.141104 0.101193 0.583878 0.0814794 0.0923454
0.782879 9.9982E-05 0.181615 9.9982E-05 0.035306
0.664757 9.9982E-05 0.262353 9.9982E-05 0.0726896
0.50511 9.9982E-05 0.467777 9.9982E-05 0.026914
0.236029 9.9982E-05 0.694176 9.9982E-05 0.069595
0.0709538 0.153084 0.708474 0.0146324 0.0528556
0.216464 9.9991E-05 0.574997 0.0637486 0.144691
0.260364 9.9982E-05 0.406884 9.9982E-05 0.332552
0.198569 0.0312245 0.492501 9.9991E-05 0.277605
0.0652715 0.0378069 0.65907 0.0775117 0.16034
0.365848 0.0460444 0.495346 0.0158521 0.0769096
0.237383 0.0185702 0.612864 9.9991E-05 0.131083
0.401487 9.9982E-05 0.575038 9.9982E-05 0.0232744
0.845248 9.9973E-05 0.154452 9.9973E-05 9.9973E-05
0.205591 0.0501604 0.707008 9.9991E-05 0.0371402
9.9982E-05 0.821692 0.120412 9.9982E-05 0.0576952
9.9973E-05 0.908724 0.0909759 9.9973E-05 9.9973E-05
9.9991E-05 0.837009 0.0808953 0.0798491 0.0021465
9.9982E-05 0.924135 0.0503822 0.0252833 9.9982E-05
0.0138971 0.863767 0.0661995 0.0560365 9.9991E-05
0.0125986 0.929621 0.0354374 0.0222431 9.9991E-05
9.9973E-05 0.923683 0.0760171 9.9973E-05 9.9973E-05
0.133805 0.138036 0.617556 0.0689292 0.0416741
0.0633379 0.0293811 0.567141 0.19043 0.149711
0.605087 9.9982E-05 0.298413 9.9982E-05 0.0962999
0.168982 0.113865 0.496692 0.140496 0.0799647
0.25617 0.0245823 0.599444 9.9991E-05 0.119704
0.203202 0.0550796 0.700207 0.0379197 0.00359166
0.232452 0.0112415 0.756107 9.9982E-05 9.9982E-05
0.227148 0.0684343 0.68214 0.0221779 9.9991E-05
0.577704 0.031535 0.122205 9.9991E-05 0.268456
0.254011 0.0652693 0.541005 0.106615 0.033099
0.147987 0.112074 0.686023 0.0538159 9.9991E-05
0.0908782 0.133483 0.697275 0.036987 0.0413774
0.469508 0.0520533 0.478238 9.9982E-05 9.9982E-05
0.327127 0.0290921 0.619881 0.0237999 9.9991E-05
0.234959 9.9982E-05 0.669293 9.9982E-05 0.0955481
0.431725 9.9982E-05 0.51752 0.0505549 9.9982E-05
0.20715 0.0477902 0.534748 0.0311461 0.179165
0.084515 0.118005 0.610874 0.0873682 0.0992382
0.229289 0.0592507 0.370538 0.00272659 0.338196
0.0722891 0.129377 0.417883 0.124824 0.255627
0.0414786 0.0792514 0.399845 0.187898 0.291527
0.0979229 0.164007 0.58917 0.124446 0.0244535
0.00956322 0.0628997 0.591525 9.9991E-05 0.335912
0.04378 9.9991E-05 0.608601 0.0731588 0.27436
0.0388028 0.0512936 0.553213 0.0337033 0.322988
0.138758 0.138391 0.57894 0.0384395 0.105471
9.9982E-05 0.132344 0.72091 9.9982E-05 0.146546
0.112889 0.095174 0.67868 0.000659669 0.112597
0.00511035 0.0535177 0.553848 9.9991E-05 0.387424
0.196281 0.0544589 0.617845 0.0421412 0.0892741
9.9991E-05 0.167987 0.603373 0.0913695 0.137171
0.0439875 9.9991E-05 0.607531 0.0979088 0.250473
0.152599 0.0958788 0.577727 0.0608288 0.112967
0.0375124 0.0123585 0.636686 0.0783621 0.235081
0.111276 0.113832 0.462076 0.0460657 0.26675
0.017406 9.9991E-05 0.594376 0.155945 0.232173
0.0676437 0.0326068 0.710561 0.124492 0.0646965
0.197737 9.9991E-05 0.328975 0.0846882 0.3885
0.493518 9.9991E-05 0.149837 0.0788215 0.277724
0.0388855 0.0915083 0.668453 9.9991E-05 0.201053
0.428847 9.9991E-05 0.160908 0.0813267 0.328818
0.190128 0.0621574 0.341623 9.9991E-05 0.405992
0.0845254 9.9982E-05 0.566914 9.9982E-05 0.34836
0.135326 9.9982E-05 0.424568 9.9982E-05 0.439907
0.150674 9.9991E-05 0.374162 0.0324906 0.442573
0.106238 0.12162 0.64621 0.082594 0.0433375
0.0718388 0.10721 0.581534 0.0741826 0.165234
0.145338 0.117496 0.502247 0.0706303 0.164288
0.359204 9.9991E-05 0.123205 0.10706 0.41043
0.223949 0.201042 0.496686 0.0782227 9.9991E-05
0.32163 0.0882465 0.470405 0.119619 9.9991E-05
0.634505 0.18939 0.0451575 9.9991E-05 0.130848
0.0994794 0.114613 0.742005 0.0438028 9.9991E-05
0.325051 0.131597 0.450662 0.0518739 0.0408155
0.203449 0.090652 0.574071 0.0900289 0.0417982
0.42555 0.160802 0.340051 0.0144268 0.0591698
0.452377 0.128403 0.229317 9.9991E-05 0.189802
0.312133 0.0468105 0.51361 9.9991E-05 0.127346
0.103099 0.152249 0.593122 0.0518563 0.0996738
0.214618 0.156972 0.407183 0.123235 0.0979923
0.598859 0.0706737 0.0436873 0.172379 0.114401
0.201175 0.127194 0.474654 0.12813 0.0688472
0.398384 9.9982E-05 0.490977 9.9982E-05 0.110439
0.267948 0.00882577 0.573251 9.9991E-05 0.149875
0.266679 0.0218811 0.495798 0.215542 9.9991E-05
0.233101 0.339179 0.127086 0.294868 0.00576625
0.228304 0.594626 9.9982E-05 0.17687 9.9982E-05
0.327535 0.496426 9.9982E-05 0.175839 9.9982E-05
0.158032 0.392823 0.0256611 0.399863 0.023621
0.242484 9.9982E-05 0.68179 0.0755261 9.9982E-05
0.113332 0.0965176 0.693673 0.0491144 0.0473635
9.9982E-05 9.9982E-05 0.22106 0.7626 0.0161401
9.9991E-05 0.0528701 0.365318 0.437262 0.14445
0.0713566 0.0647436 0.323775 0.467632 0.072493
0.52142 0.0400178 0.42024 0.0182223 9.9991E-05
0.177771 0.0828305 0.534704 0.109295 0.0953997
0.729499 9.9982E-05 0.193334 0.0769665 9.9982E-05
0.231548 0.0442778 0.626444 0.0316308 0.0660996
0.420036 0.0494553 0.513075 9.9991E-05 0.0173336
0.28731 0.0218405 0.627812 0.0627513 0.000286017
0.64013 0.00469288 0.270345 0.0274549 0.0573778
0.214559 0.0775596 0.639961 0.0616822 0.00623832
0.135731 0.174364 0.614815 0.0749895 9.9991E-05
0.046078 9.9973E-05 9.9973E-05 0.953622 9.9973E-05
9.9973E-05 9.9973E-05 0.0668094 0.932891 9.9973E-05
0.0355948 0.0117784 0.281344 0.589678 0.0816048
9.9973E-05 9.9973E-05 0.303757 0.695943 9.9973E-05
0.0204217 9.9991E-05 0.0859627 0.84969 0.0438258
9.997E-05 9.997E-05 9.997E-05 0.9996 9.997E-05
9.9982E-05 0.0275837 9.9982E-05 0.931016 0.0412008
9.9973E-05 9.9973E-05 0.136363 0.863337 9.9973E-05
9.9982E-05 9.9982E-05 0.0210272 0.962623 0.0161501
9.997E-05 9.997E-05 9.997E-05 0.9996 9.997E-05
9.997E-05 9.997E-05 9.997E-05 0.9996 9.997E-05
9.9991E-05 0.0546662 0.16978 0.761636 0.0138181
9.9991E-05 0.0262801 0.0949342 0.850665 0.0280209
9.9973E-05 9.9973E-05 9.9973E-05 0.982678 0.0170216
0.101095 0.053426 0.403072 0.364623 0.0777842
9.9991E-05 0.0305534 0.192886 0.728708 0.0477526
0.0648904 0.0256197 0.0957763 0.813614 9.9991E-05
9.9982E-05 9.9982E-05 0.090852 0.876115 0.0328328
0.0165884 9.9973E-05 9.9973E-05 0.983112 9.9973E-05
0.00321865 0.0640684 0.0356867 0.890254 0.00677266
9.9973E-05 9.9973E-05 0.00310669 0.996593 9.9973E-05
0.0709441 0.0698667 0.201679 0.590678 0.0668329
9.9991E-05 0.0224789 0.0219209 0.93237 0.0231299
0.520181 0.411987 9.9982E-05 0.0676326 9.9982E-05
0.157637 0.206859 0.404539 0.115957 0.115008
0.279507 0.169276 0.364942 0.146067 0.0402086
0.481539 0.249499 0.0923858 0.176476 9.9991E-05
0.137215 0.135083 0.529 0.198603 9.9991E-05
0.419896 0.276732 0.154775 0.148497 9.9991E-05
0.197511 0.163065 0.399341 0.135992 0.104091
0.312874 0.130129 0.308087 0.248811 9.9991E-05
0.170653 0.207194 0.445248 0.176805 9.9991E-05
0.264618 0.209033 0.266045 0.260203 9.9991E-05
0.0752225 0.183782 0.552289 0.108702 0.080004
0.0359485 0.845392 0.0725122 9.9991E-05 0.0460468
9.9982E-05 0.911209 9.9982E-05 0.0761488 0.0124423
0.013103 0.96812 9.9982E-05 9.9982E-05 0.0185766
9.9973E-05 0.94763 9.9973E-05 9.9973E-05 0.0520698
9.9982E-05 0.86272 9.9982E-05 0.0432458 0.0938344
0.0130908 0.923221 9.9982E-05 0.0634884 9.9982E-05
9.9982E-05 0.900189 0.0318701 0.0677408 9.9982E-05
0.0519977 0.917109 0.0285529 0.00224013 9.9991E-05
0.0357314 0.918512 0.0130413 0.0222824 0.0104334
9.9982E-05 0.880082 9.9982E-05 0.105037 0.0146806
0.101002 0.592955 9.9991E-05 0.0159007 0.290043
9.9973E-05 0.623043 9.9973E-05 9.9973E-05 0.376657
0.18626 0.584364 9.9982E-05 9.9982E-05 0.229175
0.14398 0.482705 9.9982E-05 9.9982E-05 0.373115
0.125021 0.0217205 0.703061 9.9991E-05 0.150097
0.287167 9.9991E-05 0.606998 0.040175 0.0655602
0.145085 0.0267595 0.589486 0.067056 0.171613
0.273176 0.0291952 0.462527 9.9991E-05 0.235002
0.0960203 9.9991E-05 0.240955 0.0121793 0.650745
0.172572 0.127971 0.699257 9.9982E-05 9.9982E-05
0.154874 0.0485211 0.676611 0.0163226 0.103671
0.187212 0.0473868 0.681577 9.9991E-05 0.0837242
0.411042 9.9982E-05 0.553232 0.0355253 9.9982E-05
0.00879931 0.0799001 0.732893 0.00471052 0.173697
0.21694 9.9991E-05 0.535489 0.02361 0.223861
0.799724 9.9982E-05 0.0743204 9.9982E-05 0.125755
0.191903 0.0245694 0.6322 0.0275249 0.123802
0.55632 9.9991E-05 0.380355 0.0224991 0.0407267
0.246095 9.9991E-05 0.694684 0.00942471 0.0496968
0.401575 0.000817749 0.328246 9.9991E-05 0.269262
0.0598472 0.12339 0.015581 9.9991E-05 0.801082
0.0398677 0.112324 0.0905654 9.9991E-05 0.757142
0.0856461 0.037156 9.9982E-05 9.9982E-05 0.876998
0.0248919 0.131356 9.9982E-05 9.9982E-05 0.843552
0.0728125 0.00577045 9.9991E-05 0.0743255 0.846992
9.9991E-05 0.0580621 0.0304897 0.0680001 0.843348
0.00955076 0.854877 0.135372 9.9982E-05 9.9982E-05
9.9991E-05 0.817521 0.00504344 0.0653869 0.111949
9.9982E-05 0.78011 0.0997886 0.119901 9.9982E-05
9.9991E-05 0.741337 0.0041703 0.122133 0.13226
9.9991E-05 0.798048 0.0591633 0.0780031 0.064686
0.100696 0.367637 9.9982E-05 9.9982E-05 0.531467
0.13164 0.449708 9.9982E-05 9.9982E-05 0.418452
0.0952961 0.421095 9.9982E-05 9.9982E-05 0.483409
9.9991E-05 0.817807 0.1107 0.0490509 0.0223418
0.0924192 0.398297 9.9982E-05 9.9982E-05 0.509083
0.156284 0.201335 0.239956 0.402325 9.9991E-05
9.9982E-05 0.137177 0.556728 0.305895 9.9982E-05
9.9982E-05 0.174481 0.477723 0.347596 9.9982E-05
0.0797666 0.2518 0.387612 0.259151 0.0216702
0.0209288 0.228215 0.423883 0.196485 0.130488
0.172133 0.482172 9.9982E-05 0.345496 9.9982E-05
0.0313152 0.0421032 0.524453 9.9991E-05 0.402028
0.350243 0.00557463 0.347584 0.0868844 0.209713
0.0676761 0.0633361 0.242352 0.0538073 0.572828
0.340605 9.9991E-05 0.509291 0.0367081 0.113296
0.829426 9.9973E-05 9.9973E-05 9.9973E-05 0.170274
0.196456 0.0470466 0.553515 0.0923373 0.110645
0.211138 0.0423438 0.570712 0.0388873 0.136919
0.0965605 0.0320955 0.380624 9.9991E-05 0.49062
0.0454518 0.0736861 0.541245 0.130919 0.208698
0.559177 0.00209396 0.172822 0.0126892 0.253218
0.28744 9.9991E-05 0.536145 0.0873941 0.0889201
0.044579 0.00246225 0.574633 0.0672559 0.31107
0.13408 0.173297 0.425134 0.187567 0.0799226
0.21094 9.9991E-05 0.445899 0.0721809 0.27088
0.15103 9.9991E-05 0.512213 0.0350649 0.301592
0.188144 0.0145758 0.562133 0.0870574 0.148089
0.109393 0.057765 0.576597 0.0194042 0.236841
0.0341596 9.9991E-05 0.655941 0.120535 0.189264
0.0321827 0.183114 0.634064 0.0480016 0.102639
0.0688095 0.0738599 0.575453 0.0918795 0.189998
9.9982E-05 0.796105 0.122667 0.081028 9.9982E-05
0.00791246 0.856323 0.135564 9.9982E-05 9.9982E-05
0.0653874 0.787917 0.0828452 0.0117989 0.0520517
0.0640678 0.778659 0.0386745 0.0655604 0.0530382
9.9982E-05 0.856855 0.119817 0.0231281 9.9982E-05
0.123022 9.9991E-05 0.195903 0.0653741 0.615601
0.131036 0.0482053 0.484632 0.13419 0.201937
0.0629827 0.260738 0.450279 0.225899 9.9991E-05
9.9991E-05 0.052083 0.641206 0.138595 0.168016
0.0486581 0.00656415 0.493992 0.0987295 0.352057
0.278475 0.0112752 0.207873 0.134747 0.36763
0.232655 0.142294 0.00579094 9.9991E-05 0.61916
0.0445637 0.0561978 0.524536 0.0657384 0.308964
0.127892 0.0899562 0.143691 0.0856578 0.552803
0.136716 0.0924476 0.477406 0.0320781 0.261352
0.153094 0.1375 0.16055 0.0219766 0.52688
0.0744205 0.0946146 0.529761 0.103669 0.197535
0.0942894 0.0793439 0.237308 0.00469602 0.584362
0.208224 9.9991E-05 0.307493 0.138677 0.345506
0.187777 0.0938208 0.529958 0.0714852 0.116959
0.506099 0.0576217 0.238299 0.104389 0.0935908
0.223229 0.0941685 0.5826 9.9991E-05 0.0999019
0.0491955 0.147723 0.624638 0.0813727 0.0970699
0.472909 0.033356 0.440424 9.9991E-05 0.0532112
0.223223 0.0274224 0.494397 0.11241 0.142548
0.278347 0.0884984 0.632954 9.9982E-05 9.9982E-05
0.734863 9.9982E-05 0.241325 9.9982E-05 0.0236121
0.667455 0.0347973 0.272133 0.025515 9.9991E-05
0.267401 0.0483491 0.584914 9.9991E-05 0.0992361
0.580553 0.0274345 0.25515 9.9991E-05 0.136762
0.331381 0.0408684 0.550022 9.9991E-05 0.0776286
0.149558 0.02583 0.214671 0.0107918 0.59915
0.384907 9.9991E-05 0.297047 0.0414507 0.276496
0.0216152 0.013304 0.357875 0.156326 0.45088
9.9982E-05 9.9982E-05 0.558034 0.220279 0.221487
0.150111 9.9982E-05 0.341921 9.9982E-05 0.507768
0.149669 0.102605 0.448989 0.133664 0.165074
0.0414044 0.0347921 0.579743 0.158694 0.185367
0.055761 0.0210188 0.487174 0.132049 0.303998
9.9991E-05 0.00615087 0.510199 0.144665 0.338885
0.0706143 0.0235913 0.494672 0.0536665 0.357456
0.08325 9.9991E-05 0.273338 0.120935 0.522377
0.048383 9.9991E-05 0.366261 0.113593 0.471664
0.0507977 9.9991E-05 0.511847 0.17974 0.257516
0.0734943 0.128297 0.653059 0.0535979 0.0915519
0.190203 0.0656867 0.480158 0.0113094 0.252643
0.0369774 9.9991E-05 0.425988 0.172896 0.364038
9.9991E-05 0.0505236 0.394576 0.087536 0.467265
0.0526498 0.0472033 0.617191 0.0692478 0.213708
0.0672608 0.0101441 0.621215 0.0908368 0.210544
0.0630401 0.0709702 0.528078 0.0903766 0.247535
9.9991E-05 0.372457 0.4914 0.12386 0.0121835
0.201189 0.114356 0.373994 0.310361 9.9991E-05
9.9991E-05 0.164486 0.605459 0.12711 0.102845
0.0713497 0.121686 0.689566 0.0991476 0.0182506
0.0220068 0.182952 0.466748 0.270517 0.0577755
0.208768 9.9991E-05 0.555614 0.0724365 0.163082
0.0289577 0.173472 0.58153 0.107367 0.108673
0.539916 0.266914 9.9982E-05 0.19297 9.9982E-05
0.0276376 0.192308 0.561625 0.163057 0.0553726
0.13162 0.080964 0.615605 0.155237 0.0165738
0.112067 0.0998321 0.485522 0.268478 0.0341014
0.214518 0.197159 0.361317 0.155579 0.0714263
0.00316087 0.227591 0.567751 0.199395 0.00210156
0.0329239 0.172077 0.562275 0.19176 0.0409647
0.29172 0.50133 9.9982E-05 0.20675 9.9982E-05
0.0215445 0.192176 0.584791 0.182197 0.019292
9.9982E-05 0.191181 0.53648 0.272139 9.9982E-05
0.141491 0.0992271 0.602765 0.154168 0.00234815
0.00695478 0.219549 0.609135 0.16426 9.9991E-05
0.0904946 0.178611 0.558408 0.152309 0.020177
0.316605 0.0889712 0.583387 0.0109368 9.9991E-05
0.196762 0.0777256 0.513773 0.0804652 0.131274
0.726762 9.9991E-05 0.154106 0.0238313 0.0952012
0.823574 9.9982E-05 0.106391 9.9982E-05 0.0698353
0.234728 0.0486345 0.486272 0.115284 0.115082
0.117096 0.111801 0.478065 0.292938 9.9991E-05
0.183749 0.0673139 0.297024 0.451813 9.9991E-05
0.254984 0.22897 0.165239 0.350708 9.9991E-05
0.123114 0.190351 0.374112 0.312322 9.9991E-05
0.694069 0.0781177 0.0471999 0.180514 9.9991E-05
0.567262 0.0700799 0.196887 0.165671 9.9991E-05
0.230227 0.0242584 0.598986 0.146429 9.9991E-05
0.25344 0.0374721 0.490845 0.19281 0.0254334
0.458458 0.110189 0.319293 0.111959 9.9991E-05
0.105119 0.0767133 0.617577 0.153346 0.0472451
0.228292 0.0510244 0.611584 0.109 9.9991E-05
0.171194 0.0718999 0.551519 0.124278 0.0811091
0.440036 0.0155883 0.418586 9.9991E-05 0.12569
0.403637 9.9991E-05 0.433521 0.0563525 0.106389
0.32716 0.0294541 0.474374 0.129213 0.0397985
0.29707 9.9991E-05 0.382899 0.198042 0.121889
0.235896 0.133598 0.538282 0.0921245 9.9991E-05
0.392195 9.9991E-05 0.525089 0.0518478 0.0307685
0.485368 9.9982E-05 0.358187 9.9982E-05 0.156245
0.241339 9.9982E-05 0.64999 0.108472 9.9982E-05
0.574168 9.9991E-05 0.338629 0.0194548 0.0676481
0.4871 0.0248852 0.464732 0.0231836 9.9991E-05
0.23332 0.0744614 0.611503 0.0806153 9.9991E-05
0.294233 0.0323322 0.584271 0.0418377 0.0473268
0.0579568 0.224474 0.526875 0.190595 9.9991E-05
0.227249 0.120057 0.371273 0.162041 0.119381
0.0899924 0.17359 0.341222 0.327245 0.0679505
0.0927332 0.161549 0.345059 0.254524 0.146135
9.9991E-05 0.219912 0.429682 0.177525 0.172781
0.146366 0.113059 0.484042 0.190089 0.0664437
0.546146 0.195388 9.9991E-05 0.234053 0.0243132
0.0255931 0.110835 0.68657 0.169178 0.00782347
0.400607 0.455116 9.9982E-05 0.144077 9.9982E-05
0.141141 0.05171 0.506172 0.300877 9.9991E-05
0.766064 9.9973E-05 0.233636 9.9973E-05 9.9973E-05
0.828438 9.9982E-05 0.0414273 9.9982E-05 0.129935
0.34924 9.9991E-05 0.538145 0.00725819 0.105257
0.167615 0.0711785 0.759902 0.00120532 9.9991E-05
0.438526 9.9982E-05 0.500029 9.9982E-05 0.0612446
0.329611 0.0117672 0.625345 0.032479 0.000797732
0.336879 9.9982E-05 0.606619 0.0563022 9.9982E-05
0.0368353 0.809505 0.08688 0.0666795 9.9991E-05
0.0200692 0.679777 9.9991E-05 0.149544 0.15051
9.9982E-05 0.896616 9.9982E-05 0.0722646 0.0309198
0.0102531 0.956787 0.0124309 0.0204286 9.9991E-05
0.194182 9.9982E-05 0.734824 9.9982E-05 0.0707941
0.179045 0.0525421 0.573236 0.077638 0.117539
0.184517 9.9982E-05 0.725011 9.9982E-05 0.0902725
0.105822 0.0888309 0.628602 0.0608133 0.115932
0.126682 0.0945366 0.651148 0.0309547 0.0966787
0.467658 0.0407989 0.377442 0.000341419 0.113759
0.0924173 9.9982E-05 0.850701 9.9982E-05 0.0566818
0.50986 9.9973E-05 0.48984 9.9973E-05 9.9973E-05
9.9991E-05 0.30766 0.449862 0.202645 0.0397326
0.320755 9.9991E-05 0.49059 0.125701 0.0628543
0.339546 9.9982E-05 0.489577 9.9982E-05 0.170676
0.175411 0.00334057 0.731016 9.9991E-05 0.0901319
0.227665 0.0145214 0.579674 9.9991E-05 0.17804
0.206663 0.0150201 0.737059 0.0411586 9.9991E-05
0.169876 0.0966873 0.693263 9.9991E-05 0.0400736
0.666716 9.9973E-05 0.332985 9.9973E-05 9.9973E-05
0.550909 9.9982E-05 0.403142 9.9982E-05 0.0457486
0.394312 9.9982E-05 0.53348 9.9982E-05 0.0720083
0.902067 9.9973E-05 0.0976328 9.9973E-05 9.9973E-05
0.230071 0.0653853 0.555184 9.9991E-05 0.14926
0.690882 9.9982E-05 0.289683 9.9982E-05 0.0192358
0.854898 0.0236892 0.121213 9.9982E-05 9.9982E-05
0.216633 0.0140079 0.735075 0.0341836 9.9991E-05
0.469567 9.9982E-05 0.365722 9.9982E-05 0.164511
0.228632 9.9991E-05 0.562399 0.0710104 0.137858
0.0949638 0.0701732 0.557966 0.152173 0.124724
0.207876 9.9982E-05 0.67049 9.9982E-05 0.121435
0.264434 9.9991E-05 0.248625 0.18046 0.306382
0.268576 0.0026329 0.60774 0.0372146 0.083837
0.152496 0.0342359 0.675272 9.9991E-05 0.137896
0.475467 9.9973E-05 0.524233 9.9973E-05 9.9973E-05
0.13679 0.0598866 0.674669 0.0339716 0.0946829
0.0408821 0.656111 0.0253132 9.9991E-05 0.277594
0.103865 0.743712 0.0521996 9.9991E-05 0.100124
0.0431654 0.851202 9.9982E-05 9.9982E-05 0.105433
0.0525534 0.815885 9.9982E-05 9.9982E-05 0.131361
9.9982E-05 0.735815 0.0748605 9.9982E-05 0.189125
0.332779 0.0233375 0.38709 9.9991E-05 0.256693
0.46319 0.0101814 0.307501 9.9991E-05 0.219027
0.620765 9.9973E-05 0.378935 9.9973E-05 9.9973E-05
0.150241 0.0971198 0.559071 0.110742 0.0828256
0.0278179 0.0955278 0.625178 0.0747692 0.176707
0.459766 0.0579301 0.476124 0.00608023 9.9991E-05
0.202263 0.0449294 0.690094 0.0626142 9.9991E-05
0.365253 0.0583734 0.57108 0.00519287 9.9991E-05
0.199719 0.00800649 0.59119 0.0770178 0.124067
0.159913 0.0306708 0.734417 0.0292359 0.045763
0.354683 9.9982E-05 0.4855 9.9982E-05 0.159617
0.346937 9.9982E-05 0.591494 9.9982E-05 0.0613686
0.289581 9.9982E-05 0.503977 9.9982E-05 0.206242
0.137825 0.126301 0.635819 0.0567997 0.0432551
0.282885 0.0192099 0.568315 9.9991E-05 0.129491
0.322799 0.0237732 0.593076 9.99944E-05 0.0602519
9.9991E-05 0.121618 0.416797 0.41114 0.0503453
9.9991E-05 0.0833455 0.314181 0.490622 0.111752
9.9982E-05 0.124463 0.453983 0.421354 9.9982E-05
0.00671428 0.150343 0.306106 0.536736 9.9991E-05
0.0399545 0.132152 0.50195 0.325843 9.9991E-05
0.325421 0.0230746 0.651305 9.9982E-05 9.9982E-05
0.00750761 0.258682 0.0564312 0.673403 0.00397604
0.0303105 0.174584 0.324379 0.470626 9.9991E-05
0.246471 0.160619 0.418393 0.174416 9.9991E-05
0.094638 0.179597 0.630751 0.0104727 0.0845417
0.243606 0.175786 0.469334 0.0592855 0.0519886
0.0516949 0.182462 0.640782 0.0123189 0.112742
0.130243 0.106717 0.652273 0.0656305 0.0451366
9.9982E-05 0.204677 0.289778 0.505345 9.9982E-05
9.9991E-05 0.120617 0.366955 0.451079 0.0612497
0.0174977 0.00642318 0.385245 0.590734 9.9991E-05
0.0630554 0.166199 0.387881 0.376639 0.00622603
0.0254048 0.156216 0.250107 0.568172 9.9991E-05
0.0543321 0.0800302 0.542486 0.323052 9.9991E-05
0.029562 0.172321 0.225392 0.572625 9.9991E-05
0.00631736 0.0946803 0.421006 0.44117 0.0368262
0.239381 0.0619542 0.548362 0.0946865 0.0556164
0.0181735 0.216829 0.417416 0.335028 0.012553
0.00631251 0.155042 0.166678 0.671867 9.9991E-05
0.028015 0.0819613 0.426574 0.373813 0.089636
0.325425 0.19418 0.227912 9.9991E-05 0.252383
0.218335 9.9991E-05 0.467745 0.181679 0.132141
9.9991E-05 0.201255 0.397325 0.317999 0.0833213
0.175311 0.0983526 0.497961 0.131459 0.0969159
0.19854 0.221392 0.534803 9.9991E-05 0.0451658
0.156975 0.191277 0.377143 0.274506 9.9991E-05
0.0437877 0.214418 0.320206 0.343613 0.0779756
0.0952445 0.0416309 0.527656 0.225912 0.109557
0.0423472 0.160528 0.368548 0.428477 9.9991E-05
9.9982E-05 0.146682 0.383747 0.469371 9.9982E-05
9.9982E-05 0.246366 0.0842952 0.669139 9.9982E-05
0.215799 0.161762 0.586139 0.0361999 9.9991E-05
0.2386 0.121669 0.491695 9.9991E-05 0.147936
0.61502 0.181773 0.0963176 0.106789 9.9991E-05
0.14441 0.149937 0.513739 0.139307 0.0526068
0.209813 0.137632 0.447234 9.9991E-05 0.205222
0.117375 0.225209 0.491637 0.165679 9.9991E-05
0.204173 0.0896822 0.412479 0.15871 0.134957
0.437025 0.314492 9.9982E-05 0.248283 9.9982E-05
0.488985 0.359582 9.9982E-05 0.151233 9.9982E-05
0.403069 0.152622 0.233191 0.177735 0.0333829
0.362905 0.418493 9.9982E-05 0.218401 9.9982E-05
0.28478 0.466063 9.9982E-05 0.248957 9.9982E-05
0.237289 0.114857 0.320963 0.228216 0.0986759
0.211296 0.268185 0.340145 0.180274 9.9991E-05
0.34761 0.294882 0.110402 0.234415 0.0126923
0.40537 0.340794 0.106876 0.14686 9.9991E-05
0.121696 0.133278 0.512836 0.174817 0.0573731
0.466351 0.216753 0.116064 0.200732 9.9991E-05
0.404588 0.501952 9.9982E-05 0.09326 9.9982E-05
0.0682706 0.0502562 0.411081 0.320948 0.149444
0.17955 0.17353 0.235992 0.34301 0.0679179
0.0122228 0.319622 0.45389 0.169293 0.0449718
9.9982E-05 0.16796 0.543661 0.288179 9.9982E-05
9.9982E-05 0.160811 0.625023 0.213966 9.9982E-05
0.0874438 0.114617 0.388295 0.352826 0.056819
9.9991E-05 0.367983 0.349714 0.224365 0.0578374
0.0899634 0.205838 0.515693 0.188405 9.9991E-05
0.00464062 0.225805 0.441022 0.328432 9.9991E-05
0.133178 0.285883 0.341036 0.239804 9.9991E-05
0.237557 0.120216 0.286613 0.147056 0.208557
0.086482 0.219652 0.478171 0.13903 0.0766653
0.132293 0.123389 0.464863 0.198747 0.0807084
0.0873762 0.0375719 0.593566 0.172874 0.108612
0.0559793 0.278134 0.37655 0.289237 9.9991E-05
9.9991E-05 0.24159 0.498446 0.22699 0.0328748
0.188787 0.406635 0.158438 0.246039 9.9991E-05
0.0172452 0.24815 0.563591 0.167179 0.0038352
0.185155 0.28006 0.13615 0.398535 9.9991E-05
0.070369 0.810193 0.0390268 9.9991E-05 0.0803116
0.028153 0.101192 0.142048 9.9991E-05 0.728507
9.997E-05 9.997E-05 9.997E-05 9.997E-05 0.9996
9.9973E-05 0.0174455 9.9973E-05 9.9973E-05 0.982255
9.9982E-05 9.9982E-05 0.0145855 0.0152066 0.970008
9.9973E-05 9.9973E-05 9.9973E-05 0.0751747 0.924525
9.9973E-05 9.9973E-05 0.0978506 9.9973E-05 0.901849
9.9973E-05 0.0233773 9.9973E-05 9.9973E-05 0.976323
9.9982E-05 0.217208 0.0196332 9.9982E-05 0.762958
9.9982E-05 0.936362 0.0350536 9.9982E-05 0.028384
9.9982E-05 0.793294 0.0503994 9.9982E-05 0.156107
9.9982E-05 0.896065 0.0650012 0.0387336 9.9982E-05
0.00736021 0.839097 0.0277171 0.0146637 0.111162
9.9982E-05 0.912748 9.9982E-05 0.0372255 0.0498264
9.9982E-05 0.863465 9.9982E-05 0.0355716 0.100763
0.0335844 0.705499 0.0179716 0.152756 0.0901894
9.9982E-05 0.875791 0.0431476 0.0808618 9.9982E-05
0.0213046 0.682683 0.0685495 0.105157 0.122306
0.00156879 0.931229 0.00940588 0.0576967 9.9991E-05
9.9973E-05 0.944571 9.9973E-05 9.9973E-05 0.0551286
0.0292315 0.832384 0.055736 0.0255457 0.0571033
9.9982E-05 0.94794 9.9982E-05 0.00549863 0.0463615
9.9982E-05 0.913628 0.0755015 0.0106707 9.9982E-05
9.9991E-05 0.851671 0.107093 0.0353377 0.00579784
9.9982E-05 0.860372 0.114749 0.0246789 9.9982E-05
9.9982E-05 0.78003 0.0891497 0.13062 9.9982E-05
9.9982E-05 0.818488 0.10183 0.0794828 9.9982E-05
9.9982E-05 0.824806 0.0881436 0.08685 9.9982E-05
0.280154 0.161066 0.432301 0.0856112 0.0408677
0.0762897 0.103777 0.784902 9.9991E-05 0.0349316
0.0687471 0.170463 0.633572 0.0964449 0.0307732
0.693635 0.0836639 0.118919 0.0872021 0.0165801
0.0916942 0.166605 0.56601 0.00850121 0.167189
0.664907 0.201824 0.0743942 0.0587751 9.9991E-05
0.191152 0.139669 0.543495 0.124074 0.00161018
0.237289 0.127218 0.496173 9.9991E-05 0.13922
0.310732 0.0901582 0.507324 0.0385628 0.0532238
0.290789 9.9991E-05 0.628361 0.0634625 0.0172872
0.192089 0.0890862 0.480277 0.0544772 0.18407
0.162052 0.164189 0.595671 0.0585794 0.0195088
0.0688496 0.120163 0.647121 9.9991E-05 0.163766
0.467193 9.9991E-05 0.0532536 0.0608336 0.41862
0.833551 0.0882782 9.9991E-05 0.00402206 0.0740482
0.621352 0.125111 0.101337 0.083135 0.0690646
0.104819 0.139935 0.597349 0.083034 0.0748636
0.255309 0.0997153 0.57719 0.043812 0.0239736
0.243133 0.130842 0.545172 0.0607143 0.0201386
0.150545 0.0887335 0.638264 0.122358 9.9991E-05
0.0682299 0.19618 0.540121 0.195369 9.9991E-05
0.0195801 0.175103 0.595968 0.167334 0.0420145
0.160867 0.387833 0.0755931 0.230042 0.145664
0.00296019 0.115845 0.75356 0.00559943 0.122036
0.0716682 0.180574 0.448023 0.227571 0.0721645
0.353068 0.437592 9.9982E-05 0.20914 9.9982E-05
0.14724 0.267892 0.37409 0.210678 9.9991E-05
0.0986368 0.316507 0.299875 0.210783 0.0741977
0.028954 0.323848 0.437621 0.104986 0.104591
0.0553648 0.0897953 0.535566 0.211057 0.108217
0.104546 0.2351 0.476874 0.18338 9.9991E-05
0.0310068 0.104601 0.467562 0.296131 0.1007
0.232794 0.181774 0.407442 0.177889 9.9991E-05
0.0079873 0.462764 0.264657 0.238479 0.0261121
