0.0485898 0.0343863 0.916824 9.9982E-05 9.9982E-05
9.9973E-05 9.9973E-05 0.92111 0.0785905 9.9973E-05
0.00878657 0.0451415 0.830662 9.9991E-05 0.11531
0.0995981 0.0810188 0.817341 9.9991E-05 0.00194191
0.0377767 0.0478241 0.851305 0.0277155 0.0353791
0.0768853 0.0466331 0.645365 0.187346 0.0437711
0.0203946 9.9991E-05 0.887246 0.0659732 0.0262865
0.117613 0.0482845 0.758926 0.0716967 0.00347996
0.0595393 9.9982E-05 0.821805 0.118456 9.9982E-05
9.999E-05 0.0330561 0.768863 0.0744659 0.123515
0.140191 9.9991E-05 0.743439 0.0894773 0.0267926
0.493803 0.0876273 9.9991E-05 0.124323 0.294147
0.36774 0.0486577 9.9982E-05 9.9982E-05 0.583402
0.493597 0.109235 0.00975435 0.123558 0.263856
0.353082 0.193935 0.0315585 0.160746 0.260679
0.27692 0.143471 0.105551 0.0956849 0.378373
0.23095 0.157195 0.0418243 0.0120684 0.557962
0.319223 0.101457 9.9991E-05 0.104533 0.474687
0.440583 0.131297 0.0670666 9.9991E-05 0.360954
0.685804 0.112522 0.0140227 0.187551 9.9991E-05
0.387163 0.0758099 9.9991E-05 0.0939156 0.443012
0.204922 0.0522866 0.0638363 0.197377 0.481579
0.201179 9.9991E-05 0.0785423 0.0328907 0.687288
0.435285 0.15769 9.9991E-05 0.148861 0.258064
0.0520296 0.00931908 0.167641 0.0824647 0.688546
0.235993 0.187679 0.094417 0.0270178 0.454893
0.588755 0.169496 9.9991E-05 0.123725 0.117924
0.562196 0.277636 9.9991E-05 0.0737755 0.0862926
0.475444 0.0262993 9.9991E-05 0.236815 0.261342
9.9982E-05 0.0609389 0.858989 9.9982E-05 0.0798717
9.9982E-05 0.0153552 0.846644 9.9982E-05 0.137801
9.9982E-05 0.0378431 0.792858 9.9982E-05 0.169099
9.9982E-05 0.12652 0.77225 9.9982E-05 0.10103
0.206461 0.0151122 9.9991E-05 0.200514 0.577813
0.0496088 0.0167743 0.135721 0.144623 0.653272
9.9991E-05 0.0339055 0.0416583 0.215197 0.709139
0.618852 9.9991E-05 0.0745921 0.113424 0.193032
0.0590438 9.9991E-05 0.00557638 0.473679 0.461601
0.210811 0.0747228 0.0604914 0.0873051 0.56667
9.9991E-05 0.036801 0.0712401 0.169578 0.722281
0.0868723 9.9991E-05 0.115509 0.149422 0.648097
0.165072 9.9991E-05 0.139657 0.00599251 0.689178
0.21021 9.9982E-05 9.9982E-05 0.457725 0.331866
0.0506751 0.0310747 0.0687874 0.11399 0.735473
9.9991E-05 0.0720821 0.0933324 0.211086 0.623399
9.9991E-05 0.0258004 0.187098 0.0809306 0.706071
0.00581902 9.9982E-05 9.9982E-05 0.482896 0.511085
0.0820695 0.0582305 9.9991E-05 0.172019 0.687581
0.0629603 0.0377138 0.133208 0.154788 0.61133
0.0135722 9.9991E-05 0.070543 0.877503 0.0382819
0.479314 9.9982E-05 9.9982E-05 0.289843 0.230643
0.24125 0.104409 9.99979E-05 0.586361 0.0678803
0.167393 0.120018 0.0433982 0.0441925 0.624998
9.9991E-05 0.0585286 0.149822 0.0447873 0.746762
0.0296771 0.0451539 0.157844 0.0757558 0.691569
0.428224 9.9991E-05 0.0957826 0.258079 0.217814
0.23914 9.9991E-05 0.0162727 0.0916132 0.652874
0.113211 0.166973 0.0197407 0.12493 0.575145
0.270544 9.9991E-05 0.0772003 0.167193 0.484963
0.298237 0.0720865 0.184692 0.346011 0.0989734
0.146893 0.0210675 0.0791067 0.110245 0.642689
0.295385 0.0965403 0.0761289 0.0911203 0.440825
0.57903 9.9991E-05 0.0249354 0.288393 0.107541
0.325102 9.9991E-05 0.0227342 0.120811 0.531252
0.12945 0.115149 9.9991E-05 0.12438 0.630921
0.148586 0.0583977 0.148205 0.0354247 0.609386
0.414321 0.0770361 0.00620135 0.187575 0.314867
0.208666 0.0502684 0.0154252 0.157632 0.568008
0.186639 0.105282 0.0352689 0.0203971 0.652413
0.448281 9.9991E-05 0.029735 0.239325 0.282559
0.0895454 9.9982E-05 9.9982E-05 0.198546 0.711708
0.255758 9.9982E-05 9.9982E-05 0.330761 0.413281
0.047886 9.9991E-05 0.176108 0.104758 0.671148
9.9973E-05 9.9973E-05 9.9973E-05 0.786851 0.212849
0.071507 9.9982E-05 9.9982E-05 0.69014 0.238153
0.00748741 9.9982E-05 9.9982E-05 0.550202 0.442111
0.140355 9.9991E-05 0.0169551 0.186124 0.656467
0.0398394 9.9991E-05 0.129461 0.185963 0.644637
0.0519873 0.0516946 9.9991E-05 0.292352 0.603866
0.290096 9.9991E-05 0.0379387 0.319221 0.352644
0.33384 9.9982E-05 9.9982E-05 0.26445 0.40151
0.173498 0.0561528 0.0937993 0.134546 0.542005
0.0987823 9.9982E-05 9.9982E-05 0.415294 0.485724
0.0493939 9.9991E-05 0.0431343 0.334022 0.57335
9.9973E-05 9.9973E-05 9.9973E-05 0.430862 0.568838
0.066042 0.015498 9.9991E-05 0.824235 0.0941248
0.0853783 0.0323293 0.00763919 0.170573 0.70408
0.0981626 0.0419253 0.812023 9.9991E-05 0.0477894
9.9973E-05 9.9973E-05 0.918812 9.9973E-05 0.0808877
9.9982E-05 0.0239612 0.909533 9.9982E-05 0.0663057
9.9991E-05 0.0175769 0.917931 0.00174458 0.0626472
9.9982E-05 0.0416898 0.889886 9.9982E-05 0.0682243
9.9991E-05 0.0372723 0.924983 0.00702359 0.0306215
9.9982E-05 0.0524138 0.920418 9.9982E-05 0.0269687
0.069059 0.00094103 0.165476 0.0742051 0.690319
0.191234 0.117437 0.0820159 0.177138 0.432175
0.194543 9.9982E-05 9.9982E-05 0.556576 0.248681
0.0290967 0.052599 0.131692 0.156556 0.630056
0.204415 0.00658894 0.0425387 0.180894 0.565563
9.9991E-05 0.0520988 0.0130703 0.208786 0.725945
0.0557225 9.9991E-05 0.0462997 0.207944 0.689934
9.9982E-05 0.00865387 9.9982E-05 0.285378 0.705769
0.299164 9.9991E-05 0.0278647 0.554394 0.118477
0.147706 0.0764495 0.171439 0.0292354 0.575171
0.061832 0.0637333 0.0811572 0.100268 0.69301
0.127819 0.0317118 0.157224 0.0198374 0.663408
9.9991E-05 0.0450486 0.0143753 0.501203 0.439273
9.9973E-05 9.9973E-05 9.9973E-05 0.343698 0.656002
0.209867 9.9991E-05 0.0141452 0.179304 0.596584
0.0232397 0.00412004 9.9991E-05 0.432859 0.539681
0.238112 0.0306404 0.033844 0.165325 0.532078
0.0866782 0.107879 0.108903 0.190572 0.505968
0.337953 0.033231 0.0715116 0.271273 0.286032
0.326899 0.0938899 0.0877489 0.0709843 0.420478
0.185997 0.0401962 0.135117 0.163073 0.475617
0.12454 0.11572 0.0430645 0.0900014 0.626674
0.42413 0.0300945 0.0384966 9.9991E-05 0.507179
0.270712 0.0798353 9.9991E-05 0.0529206 0.596433
0.432957 0.00774721 0.0013256 0.0358512 0.522119
0.236839 0.0375133 0.0165335 0.106204 0.60291
0.247237 0.0861224 9.9991E-05 0.151573 0.514968
0.209253 9.9991E-05 0.0684766 0.0943849 0.627785
0.336562 0.0215783 9.9991E-05 0.00848811 0.633271
0.133727 0.134813 0.0186801 0.0947496 0.618031
0.123374 0.053524 0.119535 0.0576756 0.645891
0.255905 0.0406313 9.9991E-05 0.00995422 0.69341
0.153189 0.0596468 0.11758 0.0812083 0.588376
0.217381 0.152203 9.9991E-05 0.0629052 0.567411
0.332844 0.0630312 0.0659966 0.1657 0.372428
0.120936 0.123974 0.0239458 0.0081213 0.723022
0.140096 0.134549 0.0317034 0.0374257 0.656226
0.452949 0.100402 9.9991E-05 0.207068 0.239481
0.330323 0.0356692 0.0485686 0.409271 0.176169
0.222813 0.0659877 0.0163115 0.161813 0.533074
0.346878 0.0609079 9.9991E-05 0.472794 0.119321
0.442446 9.9991E-05 0.0319814 0.189992 0.33548
0.306314 9.9991E-05 0.0324563 0.142542 0.518588
0.557979 9.9982E-05 0.011845 9.9982E-05 0.429976
0.466435 9.9982E-05 9.9982E-05 0.149767 0.383598
0.223296 0.0803539 0.0430559 0.00524676 0.648047
0.117263 0.0216249 0.0990344 0.180885 0.581192
0.299689 0.0376095 0.0872935 0.106764 0.468644
0.408811 0.0793459 9.9991E-05 0.365187 0.146557
0.0621038 0.0715701 0.18118 0.190397 0.494749
0.0342001 0.0944548 0.0762829 0.289574 0.505488
0.095427 9.9991E-05 0.209974 0.641358 0.0531416
9.9991E-05 0.0820056 0.0993949 0.148662 0.669838
0.00578787 0.064316 0.132636 0.40652 0.390739
0.0250909 0.0782222 0.154351 0.175254 0.567082
0.105862 0.0789759 0.155193 0.398714 0.261254
0.212666 9.9991E-05 0.113734 0.437513 0.235988
0.220441 0.0105791 0.0537401 0.226949 0.488291
0.196889 0.0647663 0.137656 0.141002 0.459686
0.11546 0.0744147 0.106046 0.190927 0.513152
0.13865 0.166719 0.0750545 0.619477 9.9991E-05
0.0920174 0.0346156 0.189187 0.102623 0.581557
0.0873838 9.9982E-05 9.9982E-05 0.400625 0.511791
0.106768 9.9991E-05 0.0554503 0.26024 0.577442
9.9991E-05 0.0839267 0.112198 0.168578 0.635197
0.0314807 0.27753 0.320531 0.202547 0.167911
9.9982E-05 0.15502 0.615416 0.229363 9.9982E-05
9.9982E-05 0.157468 0.515131 0.327201 9.9982E-05
9.9991E-05 0.369266 0.43581 0.142184 0.0526397
9.9982E-05 0.0366308 9.9982E-05 0.27665 0.686519
0.214802 0.0207037 0.0960598 0.0613949 0.607039
9.9973E-05 0.674274 9.9973E-05 9.9973E-05 0.325426
0.135138 0.498092 0.00872105 9.9991E-05 0.357949
0.0832039 0.494763 0.0351657 0.021868 0.365
9.9991E-05 0.0372525 0.0276036 0.562342 0.372702
0.0835403 0.0600951 0.10994 0.17549 0.570935
0.0128074 0.0836666 0.0312755 0.688928 0.183322
0.061833 9.9991E-05 0.0662857 0.220001 0.65178
0.109708 0.0294228 0.0403086 0.294327 0.526234
0.0172584 0.0517201 0.0794471 0.235706 0.615869
0.097095 0.0419818 9.9991E-05 0.646409 0.214414
9.9991E-05 0.0958086 0.0860504 0.193687 0.624354
0.0188814 0.0663375 0.0799705 0.136924 0.697886
9.9982E-05 0.965822 9.9982E-05 0.0297009 0.00427684
9.9973E-05 0.910413 9.9973E-05 9.9973E-05 0.0892869
0.0390072 0.545842 0.0807184 0.0210703 0.313362
0.0188395 0.706528 9.9982E-05 9.9982E-05 0.274432
9.9982E-05 0.852922 9.9982E-05 0.0222971 0.124581
9.997E-05 0.9996 9.997E-05 9.997E-05 9.997E-05
0.0264278 0.9473 0.0260723 9.9982E-05 9.9982E-05
9.9973E-05 0.844133 9.9973E-05 9.9973E-05 0.155567
0.0143124 0.961679 9.9982E-05 9.9982E-05 0.0238085
9.997E-05 0.9996 9.997E-05 9.997E-05 9.997E-05
9.997E-05 0.9996 9.997E-05 9.997E-05 9.997E-05
0.0260713 0.780407 0.0431765 9.9991E-05 0.150246
0.0555022 0.779257 0.0686262 9.9991E-05 0.0965147
0.00788368 0.991816 9.9973E-05 9.9973E-05 9.9973E-05
0.128119 0.460388 0.11353 0.0420468 0.255916
0.0465311 0.694263 0.0340569 9.9991E-05 0.225049
0.063497 0.794405 0.0657765 9.9991E-05 0.0762219
0.0323661 0.840696 9.9982E-05 9.9982E-05 0.126738
9.997E-05 0.9996 9.997E-05 9.997E-05 9.997E-05
0.0167012 0.889189 0.0372421 9.9991E-05 0.0567673
9.997E-05 0.9996 9.997E-05 9.997E-05 9.997E-05
0.0579436 0.622522 0.0886364 9.9991E-05 0.230798
0.0464598 0.906282 0.0389457 9.9991E-05 0.00821202
9.9982E-05 0.0431345 0.3892 0.567465 9.9982E-05
0.120875 0.0728753 0.216209 0.206632 0.383409
0.0740538 0.154875 0.22155 0.160501 0.389021
9.9991E-05 0.145192 0.280352 0.406117 0.168239
0.136396 0.213066 0.0988546 0.0996727 0.45201
9.9991E-05 0.182682 0.310259 0.392272 0.114687
0.103452 0.175851 0.161795 0.158269 0.400633
9.9991E-05 0.175908 0.188808 0.297015 0.338169
9.9991E-05 0.115524 0.21604 0.185329 0.483007
9.9991E-05 0.267913 0.186831 0.251083 0.294073
0.109358 0.106398 0.187115 0.134587 0.462543
0.0567823 9.9991E-05 0.827845 0.0369403 0.0783322
0.0209305 0.0569579 0.919858 9.9991E-05 0.00215314
0.0232413 9.9973E-05 0.976459 9.9973E-05 9.9973E-05
0.040376 9.9982E-05 0.957237 9.9982E-05 0.00218705
0.0387062 0.0334163 0.927678 9.9982E-05 9.9982E-05
0.00775651 0.11012 0.881924 9.9982E-05 9.9982E-05
0.0156238 0.0852393 0.883133 9.9991E-05 0.0159042
9.9991E-05 0.0034001 0.908246 0.0714235 0.0168302
0.00603143 9.9982E-05 0.937966 9.9982E-05 0.0558023
0.0196649 0.144438 0.835697 9.9982E-05 9.9982E-05
0.251405 9.9982E-05 0.598827 0.149569 9.9982E-05
0.349966 9.9991E-05 0.636416 0.0125925 0.000925377
0.295 9.9982E-05 0.560266 0.144534 9.9982E-05
0.377578 9.9982E-05 0.490676 0.131546 9.9982E-05
0.196544 0.0498664 0.0326235 0.122076 0.59889
0.141378 0.0594619 0.0381697 0.224016 0.536974
0.198893 0.0738264 0.00287734 0.141917 0.582486
0.275112 9.9991E-05 0.0453975 0.107208 0.572182
0.658164 9.9982E-05 9.9982E-05 0.0886855 0.252951
0.0554482 0.101458 0.0280268 0.142739 0.672328
0.143914 0.00802944 9.9991E-05 0.148105 0.699852
0.123821 9.9982E-05 9.9982E-05 0.282057 0.593922
0.0136797 0.0047161 9.9991E-05 0.418992 0.562512
0.0657888 0.102844 0.0129591 0.152635 0.665773
0.201574 0.00570879 9.9991E-05 0.234287 0.55833
0.167994 9.9982E-05 9.9982E-05 0.76429 0.0675161
0.174015 0.0184107 0.0453892 0.133665 0.62852
9.9982E-05 9.9982E-05 0.023685 0.593337 0.382778
0.0284885 9.9982E-05 9.9982E-05 0.281867 0.689444
0.293863 9.9991E-05 0.0119878 0.43096 0.263089
0.719077 0.0109661 0.141219 0.121277 0.00746126
0.664555 9.9991E-05 0.120056 0.136736 0.0785537
0.83714 9.9991E-05 0.0507618 0.0871985 0.0247994
0.811145 9.9982E-05 0.122918 0.0657365 9.9982E-05
0.821675 0.0311025 0.0169735 0.117702 0.0125467
0.812339 0.0539816 0.0784503 9.9991E-05 0.0551288
9.9982E-05 0.0508827 0.885128 9.9982E-05 0.0637898
0.0836003 0.0825574 0.780868 9.9991E-05 0.0528744
9.9982E-05 0.123548 0.784284 9.9982E-05 0.0919675
0.13347 0.144198 0.710797 9.9991E-05 0.0114344
9.9982E-05 0.0726796 0.796706 9.9982E-05 0.130415
0.504371 9.9982E-05 0.399922 0.0955071 9.9982E-05
0.371176 9.9982E-05 0.47931 0.149313 9.9982E-05
0.438212 9.9982E-05 0.432509 0.129079 9.9982E-05
0.00910873 0.0520421 0.821163 9.9991E-05 0.117586
0.487856 9.9982E-05 0.392879 0.119065 9.9982E-05
0.0786793 0.400374 0.224822 0.012043 0.284082
0.0237712 0.308429 0.177862 9.9991E-05 0.489838
9.9982E-05 0.345083 0.148938 9.9982E-05 0.505779
9.9991E-05 0.191337 0.254233 0.0714151 0.482915
0.107929 0.193035 0.182271 0.014106 0.50266
9.9982E-05 0.348048 0.498564 0.153188 9.9982E-05
0.302512 9.9991E-05 0.00847986 0.142423 0.546485
0.214938 0.030095 0.0166839 0.305659 0.432625
0.577003 0.00116677 0.054104 0.0217435 0.345983
0.238303 9.9991E-05 0.00988706 0.225523 0.526187
0.162333 9.9973E-05 9.9973E-05 0.837367 9.9973E-05
0.237806 0.0977695 0.0643267 0.0562513 0.543847
0.245201 0.0699504 0.052927 0.1625 0.469421
0.438535 9.9991E-05 0.0329435 0.101713 0.426708
0.209723 0.0857908 0.113766 0.047321 0.5434
0.302946 0.013082 9.9991E-05 0.514342 0.16953
0.253607 0.0743063 9.9991E-05 0.228826 0.44316
0.287482 0.0580904 9.9991E-05 0.115461 0.538867
0.0824429 0.13894 0.187577 0.102265 0.488775
0.297924 0.0256757 9.9991E-05 0.244268 0.432033
0.295799 0.0534717 0.0122719 0.225861 0.412597
0.118455 0.0906329 0.0156476 0.213014 0.562251
0.175441 0.036123 0.0071458 0.184764 0.596526
0.21208 0.100999 0.0345156 0.0214039 0.631001
0.128453 0.110972 0.128575 0.113608 0.518393
0.180651 0.139299 0.0526724 0.0209135 0.606464
9.9982E-05 0.119727 0.775973 9.9982E-05 0.104101
9.9991E-05 0.043819 0.824531 0.0262724 0.105278
0.0827093 0.0103074 0.825095 0.0221089 0.0597792
9.9991E-05 0.0280605 0.859374 0.0613096 0.0511557
9.9982E-05 0.000645353 0.849349 9.9982E-05 0.149806
0.638664 0.0919389 9.9991E-05 0.0585293 0.210768
0.26061 0.0941214 9.9991E-05 0.141343 0.503826
0.0111531 0.153432 0.228329 0.119132 0.487954
0.288627 0.106259 9.9982E-05 9.9982E-05 0.604914
0.201455 0.0450618 0.0343532 0.0945321 0.624598
0.363415 0.108665 9.9991E-05 0.328791 0.199029
0.668429 9.9982E-05 0.130701 0.200669 9.9982E-05
0.324388 9.9991E-05 0.0295656 0.0695448 0.576402
0.538099 0.0706567 0.0849961 0.156789 0.149459
0.207496 9.9991E-05 0.0692981 0.131875 0.591231
0.574508 0.040644 0.117655 0.13343 0.133763
0.264916 0.0607094 0.106794 9.9991E-05 0.567481
0.602946 9.9991E-05 0.05352 0.0855961 0.257838
0.402343 0.10499 0.0267771 0.163808 0.302083
0.117425 0.111625 0.0959241 0.173059 0.501966
0.138541 0.0152371 0.0171545 0.546193 0.282874
0.0499806 9.9991E-05 0.0596416 0.264126 0.626152
0.0119017 9.9991E-05 0.179123 0.0871815 0.721694
0.0743779 9.9991E-05 0.0576021 0.480565 0.387355
0.139325 0.0778866 0.0617582 0.19265 0.52838
0.0441192 9.9991E-05 0.115313 0.237438 0.60303
0.100199 9.9982E-05 9.9982E-05 0.766394 0.133208
0.062797 9.9991E-05 0.0253371 0.606963 0.304803
0.0846314 0.0398594 0.0565342 0.338394 0.480581
0.123322 9.9991E-05 0.0302501 0.634231 0.212097
0.155747 9.9991E-05 0.0478223 0.237984 0.558346
0.600082 0.0489034 9.9991E-05 0.218348 0.132566
0.328182 0.0374429 9.9991E-05 0.349562 0.284713
0.464065 0.115382 9.9991E-05 0.0890783 0.331374
0.247288 0.10893 0.00206316 9.9991E-05 0.641619
0.536449 9.9982E-05 9.9982E-05 0.175214 0.288137
0.155075 0.0901478 0.0951852 0.148928 0.510664
0.275922 0.0944067 9.9991E-05 0.0772779 0.552294
0.325989 0.0930994 0.0359287 0.140286 0.404697
0.264901 0.102369 0.0306586 0.110126 0.491945
0.26609 0.0463106 0.0467326 0.0577686 0.583098
0.550789 0.111967 9.9991E-05 0.125941 0.211203
0.430812 0.150545 0.000479924 0.110532 0.307631
0.269137 0.00424114 9.9982E-05 9.9982E-05 0.726422
0.184602 0.089043 0.0952795 0.0561791 0.574896
0.280216 9.9991E-05 0.0513051 0.156861 0.511517
0.285284 0.156966 9.9991E-05 0.056677 0.500973
0.431833 0.0916708 0.0710481 0.0652867 0.340161
0.273368 0.0114764 0.026739 9.9991E-05 0.688317
0.320461 0.140469 9.9982E-05 9.9982E-05 0.53887
0.229299 0.147914 0.0363342 0.158302 0.428151
0.10071 0.13582 0.34316 9.9991E-05 0.420211
9.9991E-05 0.298508 0.0970958 0.172258 0.432038
0.186118 0.215277 0.113378 0.0818583 0.403369
0.0893938 0.152176 0.0992353 0.0560097 0.603185
0.02476 0.250902 0.20262 0.0396891 0.482029
0.18856 0.0425817 9.9991E-05 0.217609 0.551149
0.0979307 0.174426 0.206791 0.022679 0.498173
9.9982E-05 0.165225 0.301087 0.533488 9.9982E-05
0.18154 0.289833 0.063924 0.0632416 0.401461
0.0650173 0.268782 0.120365 0.0973436 0.448492
0.0864879 0.292631 0.0306127 0.108853 0.481415
0.0770979 0.152433 0.198517 0.216691 0.355262
9.9991E-05 0.144547 0.213188 0.0422886 0.599877
0.00560893 0.209313 0.176502 0.0751907 0.533386
9.9982E-05 0.191001 0.510248 0.298551 9.9982E-05
0.0139678 0.235233 0.17062 0.0408866 0.539293
0.0185173 0.24828 0.229696 0.0603032 0.443204
0.0102678 0.116554 0.122854 0.108809 0.641515
9.9991E-05 0.178289 0.20026 0.0362335 0.585117
0.145087 0.108757 0.144105 0.0452972 0.556754
0.132589 0.0886048 0.0172643 0.309246 0.452296
0.0506868 0.0494061 0.097961 0.229861 0.572085
0.146041 9.9982E-05 9.9982E-05 0.725471 0.128288
0.120684 0.0154536 9.9991E-05 0.782803 0.080959
0.0122668 0.151441 0.0418983 0.306084 0.48831
0.00153275 0.360927 0.118097 0.131527 0.387915
9.9991E-05 0.37386 0.0777034 0.237222 0.311115
9.9991E-05 0.366783 0.231143 0.294319 0.107655
0.0178299 0.326629 0.178947 0.171811 0.304783
9.9991E-05 0.154925 0.101643 0.681471 0.0618612
9.9991E-05 0.140723 0.108569 0.572207 0.178401
9.9982E-05 0.153457 9.9982E-05 0.28802 0.558323
9.9991E-05 0.123698 0.0443221 0.347083 0.484797
9.9991E-05 0.161508 0.0646195 0.601031 0.172742
0.0479121 0.128014 0.090309 0.215301 0.518464
0.0157416 0.115917 0.00653019 0.277233 0.584578
0.0938345 0.203299 0.0922565 0.250402 0.360208
0.0577101 9.9991E-05 0.054392 0.472794 0.415004
0.12691 0.0856195 9.9991E-05 0.396977 0.390394
0.0676377 9.9991E-05 0.00340037 0.235437 0.693425
0.167805 0.107245 0.0145465 0.32142 0.388984
0.08257 0.158373 0.0583492 0.23026 0.470448
0.0154985 0.018395 0.0356847 0.427794 0.502628
0.114167 0.0302816 9.9991E-05 0.558686 0.296765
9.9991E-05 0.0493378 0.0302966 0.329249 0.591017
0.0675118 0.00261009 9.9991E-05 0.576353 0.353425
9.9991E-05 0.0396873 0.0364404 0.467205 0.456567
9.9991E-05 0.0604162 0.0623451 0.228374 0.648765
0.0424625 0.0233332 0.00578726 0.361622 0.566795
0.0148543 0.168553 0.186361 0.0507849 0.579447
0.149025 0.27828 0.143566 0.12971 0.299418
0.00173547 0.319312 0.171489 0.196776 0.310688
0.136294 0.260844 0.144538 0.119194 0.33913
0.0811819 0.207372 0.142819 0.131664 0.436964
0.0876306 0.296366 0.159631 0.206545 0.249827
0.00837579 0.209644 0.20837 0.57351 9.9991E-05
0.0577024 0.237718 0.0696727 0.0307726 0.604134
9.9982E-05 0.153213 0.400593 0.445994 9.9982E-05
9.9991E-05 0.215476 0.0814344 0.135849 0.56714
9.9973E-05 9.9973E-05 9.9973E-05 0.787136 0.212564
0.0788256 9.9982E-05 9.9982E-05 0.869011 0.0519636
0.0456737 0.000787057 9.9991E-05 0.354143 0.599296
9.9982E-05 9.9982E-05 0.0708686 0.222489 0.706443
0.00307644 9.9982E-05 9.9982E-05 0.48917 0.507553
9.9991E-05 0.0256951 0.0278728 0.308822 0.63751
0.0191834 0.0966662 9.9991E-05 0.358027 0.526023
9.9991E-05 0.0529269 0.808032 0.0139734 0.124968
0.0902693 0.130735 0.711663 0.0672322 9.9991E-05
0.0522453 0.0450297 0.902525 9.9982E-05 9.9982E-05
9.9973E-05 9.9973E-05 0.944303 9.9973E-05 0.0553967
0.0557168 0.00805053 0.0818228 0.212598 0.641812
0.0711822 0.0164372 0.0778999 0.203233 0.631248
0.094583 9.9982E-05 9.9982E-05 0.264029 0.641188
0.0313178 9.9991E-05 0.139067 0.131698 0.697816
0.145703 9.9991E-05 0.129546 0.0938563 0.630795
0.169362 9.9991E-05 0.0251275 0.399258 0.406153
0.0788201 0.00993042 0.00512007 0.18023 0.725899
9.9982E-05 9.9982E-05 0.0394664 0.467298 0.493035
0.00204618 0.159325 0.303372 0.0454344 0.489823
0.139474 0.0140875 0.0147975 0.259619 0.572022
0.241143 9.9982E-05 9.9982E-05 0.302773 0.455884
0.0555004 9.9982E-05 9.9982E-05 0.2451 0.6992
0.155816 9.9982E-05 9.9982E-05 0.316421 0.527563
9.9973E-05 9.9973E-05 9.9973E-05 0.259927 0.739773
0.0239665 9.9991E-05 0.0941754 0.195293 0.686465
9.9973E-05 9.9973E-05 9.9973E-05 0.669466 0.330234
0.0584038 9.9982E-05 9.9982E-05 0.510232 0.431164
0.111487 0.0426759 9.9991E-05 0.411379 0.434358
9.9973E-05 9.9973E-05 9.9973E-05 0.935616 0.0640839
0.193703 0.00406382 9.9991E-05 0.259353 0.54278
0.0362758 9.9982E-05 9.9982E-05 0.686989 0.276535
0.0557913 9.9982E-05 9.9982E-05 0.851417 0.0925919
9.9991E-05 0.0291083 0.0615479 0.219226 0.690018
0.219439 9.9991E-05 0.0147603 0.428405 0.337295
0.174648 0.0408243 9.9991E-05 0.263961 0.520466
9.9991E-05 0.115435 0.0897867 0.195445 0.599234
0.176174 9.9982E-05 9.9982E-05 0.169959 0.653667
0.312909 0.0703704 9.9991E-05 0.251975 0.364646
0.161985 0.0452998 9.9991E-05 0.169718 0.622897
0.100158 9.9991E-05 0.032656 0.280148 0.586939
0.00142869 9.9982E-05 9.9982E-05 0.470271 0.528101
0.208699 0.0642395 9.9991E-05 0.149355 0.577607
0.283654 9.9982E-05 0.653953 0.062193 9.9982E-05
0.120392 9.9991E-05 0.775218 0.0480323 0.0562577
0.170086 9.9982E-05 0.816655 0.0130584 9.9982E-05
0.155618 9.9982E-05 0.833576 0.0106059 9.9982E-05
0.245239 9.9982E-05 0.739948 9.9982E-05 0.0146123
0.269228 9.9982E-05 9.9982E-05 0.389331 0.341242
0.211801 9.9991E-05 0.0189695 0.460977 0.308153
9.9973E-05 9.9973E-05 9.9973E-05 0.664197 0.335503
0.0180158 0.0652227 0.152618 0.164561 0.599582
0.0558371 9.9991E-05 0.113947 0.0420936 0.788022
9.9982E-05 9.9982E-05 0.0498183 0.463587 0.486395
0.0134098 0.0882693 0.0506869 0.121624 0.72601
9.9991E-05 0.0898094 0.00642001 0.423442 0.480228
0.0985299 9.9982E-05 9.9982E-05 0.268127 0.633143
0.130443 0.0215344 0.0786476 0.0292045 0.74017
0.249877 9.9982E-05 9.9982E-05 0.332289 0.417633
0.193207 9.9982E-05 9.9982E-05 0.244567 0.562026
0.229956 9.9982E-05 9.9982E-05 0.280766 0.489078
9.9982E-05 9.9982E-05 0.187714 0.1621 0.649986
0.103348 9.9991E-05 0.0123739 0.239948 0.64423
0.133067 9.9991E-05 0.024598 0.231182 0.611053
9.9991E-05 0.341786 0.114972 0.0306729 0.512469
9.9991E-05 0.436207 0.140733 0.0399312 0.383029
0.0484408 0.503129 0.104686 9.9991E-05 0.343644
9.9991E-05 0.516954 0.188425 0.0101576 0.284363
0.012595 0.399469 0.0929263 0.109288 0.385721
9.9991E-05 0.0633245 0.027927 0.38304 0.525608
9.9991E-05 0.633689 0.281845 0.0227437 0.0616227
9.9982E-05 0.469781 0.186041 9.9982E-05 0.343978
0.0226644 0.18202 0.150922 0.166122 0.478272
0.0458058 9.9991E-05 0.197817 0.15119 0.605088
0.12345 9.9991E-05 0.159267 0.170151 0.547032
0.100191 0.0200446 0.204273 0.0274882 0.648003
0.0594956 0.0209474 0.161636 0.157463 0.600458
9.9982E-05 0.466321 0.200372 9.9982E-05 0.333107
0.119591 0.387223 0.150667 0.0116316 0.330887
9.9982E-05 0.509561 0.0895959 9.9982E-05 0.400643
0.156004 0.331276 0.0423715 0.0804861 0.389862
9.9982E-05 0.47899 0.207948 9.9982E-05 0.312861
9.9991E-05 0.346442 0.189027 0.0547839 0.409648
0.0644446 0.580358 0.094713 0.0610442 0.19944
0.0344406 0.459209 0.0730626 0.0751999 0.358088
9.9991E-05 0.0357917 0.122222 0.216395 0.625491
0.0932566 0.327044 0.205307 0.00153306 0.372859
9.9982E-05 0.593237 0.199868 9.9982E-05 0.206695
0.139448 0.38644 0.103614 0.010853 0.359645
0.23753 9.9991E-05 0.211303 0.312304 0.238762
0.139911 0.155877 0.0464845 0.118107 0.539621
0.0334266 0.285612 0.22751 0.0516891 0.401762
0.0540436 0.0282316 0.168854 0.0902651 0.658606
0.076702 9.9991E-05 0.153971 0.220701 0.548526
0.0373747 0.193946 0.265544 0.0727036 0.430432
9.9991E-05 0.314323 0.237147 0.078025 0.370404
0.052753 0.147118 0.109805 0.106999 0.583325
0.0170061 0.404095 0.190485 0.0511357 0.337278
9.9991E-05 0.455768 0.116697 0.0481233 0.379312
9.9991E-05 0.633701 0.250761 0.034871 0.0805668
0.0794595 0.0459497 0.101288 0.137301 0.636001
0.0315253 9.9991E-05 0.15837 0.285363 0.524642
0.0233159 0.0788419 0.183498 0.537183 0.177162
0.0529435 0.0867277 0.15619 0.0126188 0.69152
0.302149 0.0160301 0.145896 0.100733 0.435192
0.00739939 0.188907 0.230326 0.130607 0.442761
0.143542 0.122483 0.13622 0.0806729 0.517082
9.9982E-05 0.238781 0.351777 0.409243 9.9982E-05
9.9982E-05 0.156892 0.394353 0.448555 9.9982E-05
0.0571016 0.204966 0.175416 0.368985 0.193532
9.9982E-05 0.286704 0.335615 0.377481 9.9982E-05
9.9982E-05 0.210604 0.515882 0.273314 9.9982E-05
0.0259087 0.133851 0.187271 0.319431 0.333538
9.9991E-05 0.169221 0.256361 0.247717 0.326601
0.0405061 0.239692 0.271973 0.305667 0.142162
9.9991E-05 0.19622 0.356529 0.402497 0.044654
0.00624065 0.0631203 0.1713 0.141958 0.617381
9.9991E-05 0.180106 0.260362 0.483308 0.0761247
9.9982E-05 0.091646 0.510448 0.397706 9.9982E-05
0.0173096 0.123363 0.189882 0.127944 0.541501
0.0759743 0.272319 0.198257 0.124909 0.328542
0.00734143 0.180263 0.366892 0.0144919 0.431012
9.9982E-05 0.261488 0.187919 9.9982E-05 0.550393
0.0445596 0.245341 0.149415 0.056361 0.504323
9.9991E-05 0.210428 0.195193 0.128828 0.465451
0.0439833 0.231486 0.379577 9.9991E-05 0.344854
0.0915625 0.143829 0.245211 9.9991E-05 0.519298
9.9982E-05 0.222402 0.28333 9.9982E-05 0.494068
9.9991E-05 0.264866 0.291412 0.108644 0.334977
0.122813 0.130607 0.132943 0.231179 0.382459
0.0865437 0.117806 0.164673 0.0202313 0.610746
0.00565316 0.115448 0.199007 0.0777918 0.602101
9.9991E-05 0.0893062 0.164182 0.0866502 0.659762
0.0320737 0.282518 0.291894 0.00423668 0.389278
9.9991E-05 0.189045 0.218497 0.0868269 0.505531
9.9991E-05 0.197312 0.421735 0.187269 0.193584
0.0327278 0.219611 0.143095 0.0287368 0.57583
9.9991E-05 0.323522 0.329604 0.164419 0.182355
0.0923902 9.9991E-05 0.783298 0.0934408 0.0307706
0.82436 0.00425224 0.0793134 9.9991E-05 0.0919744
0.99512 9.9973E-05 0.0045797 9.9973E-05 9.9973E-05
0.9996 9.997E-05 9.997E-05 9.997E-05 9.997E-05
0.99034 0.00935983 9.9973E-05 9.9973E-05 9.9973E-05
0.970371 0.00835411 9.9982E-05 9.9982E-05 0.0210752
0.939349 9.9973E-05 9.9973E-05 9.9973E-05 0.0603514
0.990017 9.9973E-05 0.00968267 9.9973E-05 9.9973E-05
0.777781 9.9973E-05 0.221919 9.9973E-05 9.9973E-05
0.0113096 0.0152347 0.90561 9.9991E-05 0.067746
0.0875052 9.9982E-05 0.819013 9.9982E-05 0.0932821
0.0311956 0.0510573 0.886238 0.0207874 0.0107214
0.0949833 9.9991E-05 0.844395 0.015242 0.0452801
0.00600802 0.0395568 0.913714 9.9991E-05 0.040621
0.0484244 9.9982E-05 0.923849 0.0275265 9.9982E-05
0.0577134 0.153193 0.772458 0.0165352 9.9991E-05
9.9991E-05 0.0700423 0.873224 0.00158236 0.0550512
0.155074 0.079994 0.707055 0.0543176 0.00355932
9.9982E-05 0.0733421 0.897607 9.9982E-05 0.0288512
9.997E-05 9.997E-05 0.9996 9.997E-05 9.997E-05
0.0212819 0.0559685 0.888633 9.9991E-05 0.0340169
0.0521073 9.9982E-05 0.937315 9.9982E-05 0.0103782
0.0119997 9.9982E-05 0.912651 9.9982E-05 0.0751496
0.0207381 0.0511645 0.870813 9.9991E-05 0.057184
9.9982E-05 0.0373698 0.86878 9.9982E-05 0.0936497
9.9982E-05 0.147142 0.795153 9.9982E-05 0.0575049
9.9982E-05 0.0869406 0.768674 9.9982E-05 0.144186
9.9982E-05 0.0179671 0.829535 9.9982E-05 0.152298
0.0381064 9.9991E-05 0.216366 0.320933 0.424495
9.9982E-05 9.9982E-05 0.163038 0.14611 0.690651
0.0393313 0.0759464 0.127755 0.214654 0.542314
9.9991E-05 0.034146 0.137026 0.655229 0.173499
0.148867 9.9991E-05 0.148311 0.113056 0.589666
9.9991E-05 0.00650955 0.198413 0.654103 0.140875
0.000616785 0.0133956 0.131863 0.166234 0.68789
0.120543 9.9991E-05 0.123995 0.298309 0.457054
0.0837381 9.9991E-05 0.128941 0.171921 0.6153
0.145548 9.9991E-05 0.0114532 0.192422 0.650476
0.136569 9.9991E-05 0.14891 0.185866 0.528556
9.9982E-05 9.9982E-05 0.106361 0.151055 0.742384
0.0679323 0.0141336 0.128333 0.183274 0.606327
0.48701 0.0468943 9.9991E-05 0.373043 0.0929522
0.0743983 9.9982E-05 0.127356 0.798045 9.9982E-05
0.0168171 0.0527037 0.142197 0.670059 0.118223
0.0946957 0.0797195 0.13532 0.0298111 0.660454
0.0567352 0.0353358 0.0750678 0.25415 0.578712
9.9991E-05 0.0184064 0.139919 0.258292 0.583282
9.9991E-05 0.0563537 0.121476 0.206643 0.615427
0.0104209 0.227374 0.201941 0.0310722 0.529192
0.0216985 0.136611 0.181492 9.9991E-05 0.660098
0.0870897 0.191696 0.433944 0.187271 0.099999
0.120864 0.0499701 0.132635 9.9991E-05 0.696431
0.145845 0.159244 0.212914 0.0258959 0.456101
9.9982E-05 0.197929 0.469423 0.332448 9.9982E-05
9.9991E-05 0.16751 0.34947 0.138642 0.344278
0.0797208 0.184049 0.38465 0.0539531 0.297628
0.167287 0.0996948 0.289559 9.9991E-05 0.443359
0.040702 0.238444 0.141133 0.111211 0.468509
0.087674 0.181592 0.181776 9.9991E-05 0.548858
0.0647091 0.0835956 0.137055 0.0254964 0.689143
0.0494378 0.179053 0.145679 0.196993 0.428838
9.9982E-05 0.132965 0.516372 9.9982E-05 0.350463
