0.0186029 9.9991E-05 0.0383372 0.914076 0.0288834
0.0112026 0.0413568 0.00215114 0.93848 0.00680954
0.0572684 9.9991E-05 0.0648452 0.841939 0.0358473
0.0257336 9.9991E-05 0.107847 0.773198 0.0931217
0.0289582 9.9982E-05 0.0673472 0.903495 9.9982E-05
0.0482335 0.182337 0.081296 0.627748 0.0603853
9.9991E-05 0.0501697 0.0159907 0.866592 0.0671472
9.9991E-05 0.0549463 0.0468191 0.744115 0.15402
9.9982E-05 0.119882 9.9982E-05 0.816777 0.063141
0.0842724 0.12413 0.0763224 0.715175 9.9991E-05
0.0664118 0.109862 9.9991E-05 0.741008 0.0826183
0.289185 0.0608484 0.0843101 9.9991E-05 0.565557
0.47595 9.9982E-05 0.159784 9.9982E-05 0.364066
0.260207 0.146996 0.10414 0.0393999 0.449258
0.391706 0.0551934 0.132996 0.0603123 0.359792
0.392851 0.0772578 0.155984 0.117401 0.256506
0.503027 0.0462167 0.212507 9.9991E-05 0.238149
0.481035 0.155848 0.0392447 0.0534584 0.270414
0.381048 0.0014581 0.113432 0.105771 0.398291
0.0366646 0.206361 0.0519902 0.033116 0.671868
0.384255 0.144727 0.120318 9.9991E-05 0.350599
0.371981 0.259285 0.142734 0.0055021 0.220497
0.600255 0.109605 0.037528 0.0368798 0.215733
0.267557 0.204199 0.163108 9.9991E-05 0.365036
0.579005 0.049176 0.176677 0.0734707 0.121672
0.526849 0.0174504 0.195691 0.00470838 0.255301
0.267254 0.10516 0.116032 9.9991E-05 0.511453
0.210356 0.0427663 0.221002 9.9991E-05 0.525776
0.308082 0.198251 0.0395879 0.0111933 0.442886
0.107456 9.9982E-05 0.0707509 0.821593 9.9982E-05
0.150971 9.9982E-05 0.0351165 0.813713 9.9982E-05
0.163157 9.9982E-05 0.0865534 0.75009 9.9982E-05
0.209818 9.9982E-05 0.0390859 0.750896 9.9982E-05
0.649652 0.175697 9.9991E-05 0.0548985 0.119653
0.630145 0.16514 0.0429899 0.0872263 0.074499
0.705003 0.194624 0.0779347 9.9991E-05 0.0223379
0.215979 0.0993863 0.0167781 0.0845677 0.583289
0.488569 0.397446 9.9991E-05 0.0520301 0.0618546
0.60637 0.0752535 0.0641596 0.0337841 0.220433
0.779206 0.115263 0.0333737 0.072057 9.9991E-05
0.630081 0.159839 9.9991E-05 0.148137 0.0618435
0.682007 0.103591 9.9991E-05 0.153947 0.0603553
0.322964 0.404581 9.9982E-05 9.9982E-05 0.272255
0.647769 0.172473 0.084488 0.0689315 0.0263392
0.595677 0.222578 0.150236 0.0314094 9.9991E-05
0.607601 0.0873535 0.112741 0.192204 9.9991E-05
0.472245 0.527455 9.9973E-05 9.9973E-05 9.9973E-05
0.796146 0.119893 9.9991E-05 0.0554603 0.0284008
0.546978 0.155495 0.0327466 0.177232 0.0875485
9.9973E-05 0.899633 9.9973E-05 0.100068 9.9973E-05
0.265865 0.30628 9.9982E-05 9.9982E-05 0.427655
0.0810526 0.56992 0.0877888 0.010193 0.251045
0.446358 0.0610519 0.191894 0.0554141 0.245281
0.551829 0.14181 0.138354 0.134563 0.0334437
0.641262 0.0851841 0.120095 0.0225046 0.130954
0.206933 0.282506 9.9991E-05 0.125253 0.385208
0.578833 0.0861802 0.0588051 9.9991E-05 0.276082
0.663532 0.0340371 0.106402 0.0105556 0.185473
0.451307 0.196054 0.00546576 0.107152 0.240021
0.0733054 0.287075 0.0831434 0.156636 0.399839
0.583933 0.145541 0.117551 0.00882725 0.144148
0.357429 0.128645 0.142945 0.0706068 0.300374
0.104188 0.273878 9.9991E-05 0.0426064 0.579228
0.553124 0.0948863 0.0674414 9.9991E-05 0.284448
0.590725 0.144626 0.174936 0.0305968 0.0591166
0.56428 0.0653679 0.138686 0.0249688 0.206697
0.373035 0.22254 0.033597 0.0855801 0.285248
0.50883 0.264106 0.132381 9.9991E-05 0.0945836
0.579363 9.9991E-05 0.102491 0.052848 0.265198
0.317408 0.241046 0.00462048 0.0136173 0.423309
0.654782 0.19131 9.9982E-05 9.9982E-05 0.153708
0.416059 0.426046 9.9982E-05 9.9982E-05 0.157695
0.635447 0.0918403 0.0671241 0.100922 0.104667
0.123624 0.811445 9.9982E-05 9.9982E-05 0.064731
0.188397 0.72002 9.9982E-05 9.9982E-05 0.0913829
0.522281 0.382444 9.9982E-05 9.9982E-05 0.0950757
0.57927 0.195699 9.9982E-05 9.9982E-05 0.224831
0.589151 0.0352625 0.102883 0.130387 0.142316
0.612442 0.252261 9.9991E-05 0.000300732 0.134896
0.399981 0.335432 9.9991E-05 0.0198672 0.24462
0.395584 0.232776 9.9991E-05 0.026193 0.345347
0.591565 0.0702598 0.132185 0.100899 0.105092
0.469839 0.316551 0.0186092 0.00406005 0.19094
0.625895 0.273791 9.9991E-05 0.0200088 0.0802058
0.545684 0.432356 9.9982E-05 0.0217599 9.9982E-05
0.137379 0.794128 9.9991E-05 0.0195673 0.0488264
0.701779 0.0746334 0.0741764 9.9991E-05 0.149311
0.080591 9.9991E-05 0.0246701 0.806942 0.0876967
0.0729395 9.9973E-05 9.9973E-05 0.926761 9.9973E-05
0.0749831 9.9982E-05 0.0761318 0.848685 9.9982E-05
0.0565907 0.00344817 9.9982E-05 0.939761 9.9982E-05
0.0681666 9.9982E-05 0.0573551 0.874278 9.9982E-05
0.0495624 0.0348879 0.0290983 0.881121 0.00533046
0.0322184 9.9982E-05 0.0470809 0.920501 9.9982E-05
0.500336 0.126238 0.170159 0.14469 0.0585771
0.554944 0.109299 0.140754 0.106565 0.0884382
0.269662 0.610176 9.9982E-05 9.9982E-05 0.119962
0.6758 0.102878 0.0458025 0.143789 0.0317302
0.674325 0.166739 9.9991E-05 0.0184066 0.14043
0.781629 0.158925 9.9982E-05 0.0592453 9.9982E-05
0.641412 0.268477 0.0431884 0.0468223 9.9991E-05
0.577601 0.34059 0.0816083 9.9982E-05 9.9982E-05
0.126657 0.506036 9.9991E-05 0.0770989 0.290107
0.629961 0.0916015 0.0879516 0.101135 0.0893509
0.691948 0.0857201 0.105874 0.0909457 0.0255127
0.578904 0.0408293 0.0932526 0.184452 0.102561
0.52018 0.445568 9.9982E-05 0.0340522 9.9982E-05
0.709207 0.290493 9.9973E-05 9.9973E-05 9.9973E-05
0.56005 0.204186 9.9982E-05 9.9982E-05 0.235564
0.600542 0.361323 0.0379349 9.9982E-05 9.9982E-05
0.584463 0.229633 9.9991E-05 0.0302773 0.155527
0.671218 0.0713224 0.0153751 0.113354 0.128731
0.164935 0.31906 0.113132 0.0039698 0.398903
0.453483 0.0225175 0.0602915 0.0945236 0.369184
0.518292 0.209352 0.0830686 0.084917 0.10437
0.717437 0.0185094 9.9991E-05 0.209699 0.054255
0.564314 9.9982E-05 9.9982E-05 0.0803474 0.355139
0.610096 0.0873149 0.0388808 9.9991E-05 0.263609
0.541269 0.000122157 0.0342804 0.0197664 0.404562
0.626485 0.10975 0.00562228 0.070239 0.187904
0.591172 0.0889192 0.093392 0.058594 0.167923
0.737355 0.0267533 9.9991E-05 0.14583 0.0899617
0.617405 9.9973E-05 9.9973E-05 9.9973E-05 0.382295
0.635524 0.145604 0.128517 0.017727 0.072628
0.56114 0.137302 0.165387 9.9991E-05 0.136072
0.520873 0.0765915 0.145287 9.9991E-05 0.257148
0.540096 0.0544848 0.145622 0.120699 0.139098
0.590715 0.143667 0.0663524 0.018688 0.180577
0.357331 0.190142 0.0431083 0.0795311 0.329888
0.608254 0.0668135 0.169852 9.9991E-05 0.15498
0.673835 0.00862247 0.0760901 0.0525509 0.188901
0.207 0.213276 0.0947066 9.9991E-05 0.484917
0.215483 0.419264 0.0579432 0.0313193 0.275991
0.658653 9.9991E-05 0.0403412 0.100841 0.200065
0.0490773 0.515956 0.105524 9.9991E-05 0.329343
0.293405 0.190359 0.0262222 0.0455888 0.444425
0.522805 0.168361 9.9982E-05 9.9982E-05 0.308635
0.425707 0.0578819 9.9991E-05 0.0158717 0.500439
0.338737 0.144844 9.9982E-05 9.9982E-05 0.51622
0.712328 0.105671 0.068394 0.0701556 0.0434519
0.449693 0.076131 0.203348 0.0355126 0.235316
0.606751 0.112233 0.0335397 0.0431509 0.204325
0.153865 0.401285 0.0937681 9.9991E-05 0.350982
0.570589 0.00828873 0.0679114 0.144658 0.208553
0.534927 0.176499 0.0842008 0.0390809 0.165292
0.0184284 0.691946 9.9991E-05 0.183994 0.105532
0.715006 0.119789 0.000906407 0.149237 0.015061
0.38432 0.412062 0.0330337 0.170484 9.9991E-05
0.512719 0.203483 0.147573 0.0882401 0.047985
0.24153 0.444993 0.0927951 0.145088 0.0755936
0.261984 0.469519 9.9991E-05 0.151397 0.116999
0.508081 0.220285 9.9991E-05 0.111845 0.159689
0.481299 0.174002 0.106706 0.137336 0.100656
0.417695 0.211761 0.0794519 0.129706 0.161386
9.9991E-05 0.54869 0.214697 0.0912201 0.145292
0.628536 0.135327 0.0933431 0.112959 0.0298344
0.472105 0.42037 9.9982E-05 9.9982E-05 0.107324
0.534786 0.377482 0.00173313 0.0243759 0.0616227
0.526619 0.135716 0.134897 0.123169 0.0795992
0.135381 0.183925 0.293456 0.382214 0.00502434
9.9982E-05 0.224164 0.189465 0.586171 9.9982E-05
9.9982E-05 0.299785 0.206347 0.493668 9.9982E-05
0.059454 0.0801033 0.398736 0.390142 0.071564
0.69324 0.255167 0.051393 9.9982E-05 9.9982E-05
0.604433 0.141672 0.0791694 0.0193835 0.155342
0.332887 9.9982E-05 0.662288 9.9982E-05 0.00462433
0.387327 9.9991E-05 0.486927 0.000506246 0.12514
0.248913 0.0689659 0.486437 0.034389 0.161295
0.375242 0.582871 0.0390298 0.00275702 9.9991E-05
0.53969 0.156995 0.155125 0.0478094 0.10038
0.176394 0.718929 0.0895315 0.0125137 0.00263213
0.592894 0.29126 0.0441223 0.0716231 9.9991E-05
0.520336 0.379921 0.0320511 0.0270217 0.0406696
0.626038 0.27757 0.0858934 0.00223863 0.00825978
0.196176 0.641967 0.0669663 0.0210625 0.0738276
0.575935 0.211328 0.152733 0.0355618 0.0244425
0.580052 0.257064 0.107059 0.0557258 9.9991E-05
9.9973E-05 0.015485 0.984215 9.9973E-05 9.9973E-05
0.0828225 9.9982E-05 0.912958 9.9982E-05 0.00401909
0.262877 9.9982E-05 0.641917 9.9982E-05 0.0950056
0.244673 9.9982E-05 0.718233 9.9982E-05 0.0368934
0.105066 9.9982E-05 0.852208 9.9982E-05 0.0425258
9.997E-05 9.997E-05 0.9996 9.997E-05 9.997E-05
9.997E-05 9.997E-05 0.9996 9.997E-05 9.997E-05
0.113462 9.9973E-05 0.886238 9.9973E-05 9.9973E-05
0.0116108 9.9982E-05 0.936166 9.9982E-05 0.052023
9.997E-05 9.997E-05 0.9996 9.997E-05 9.997E-05
9.997E-05 9.997E-05 0.9996 9.997E-05 9.997E-05
0.213465 9.9982E-05 0.73924 0.0470944 9.9982E-05
0.0919711 9.9991E-05 0.797022 0.0666014 0.0443054
9.997E-05 9.997E-05 0.9996 9.997E-05 9.997E-05
0.270827 0.0817788 0.433012 0.118224 0.0961572
0.248509 9.9982E-05 0.668143 0.0831474 9.9982E-05
0.142348 9.9991E-05 0.804685 0.0233096 0.0295574
0.0304022 9.9991E-05 0.897295 0.0215428 0.0506603
9.9973E-05 0.0219485 0.977752 9.9973E-05 9.9973E-05
0.083501 9.9982E-05 0.905897 9.9982E-05 0.0104016
9.997E-05 9.997E-05 0.9996 9.997E-05 9.997E-05
0.255072 9.9991E-05 0.68406 0.0172337 0.043534
9.9991E-05 0.00473643 0.924015 0.00342192 0.0677266
9.9982E-05 0.552606 0.0364994 0.410694 9.9982E-05
0.471744 0.0479241 0.0859546 0.217944 0.176434
0.447358 0.156698 0.0764736 0.266008 0.0534626
0.149119 0.39188 0.197957 0.260945 9.9991E-05
0.370258 0.24088 0.197443 0.183 0.00841875
0.192042 0.335611 0.143358 0.328888 9.9991E-05
0.469819 0.161653 0.148352 0.184837 0.0353382
0.294744 0.307188 0.213841 0.184127 9.9991E-05
0.572402 0.146797 0.104776 0.175926 9.9991E-05
0.335958 0.188368 0.260832 0.214742 9.9991E-05
0.430475 0.191263 0.170419 0.165809 0.0420338
0.0586697 0.0327475 9.9991E-05 0.851455 0.0570274
9.9982E-05 0.00328723 0.0413357 0.955177 9.9982E-05
0.0104495 9.9982E-05 9.9982E-05 0.98731 0.0020404
0.0379526 0.00908341 9.9991E-05 0.9192 0.033664
9.9982E-05 9.9982E-05 0.0433455 0.919502 0.0369526
9.9982E-05 0.00482001 0.0933696 0.90161 9.9982E-05
0.059117 9.9991E-05 0.0622257 0.877436 0.00112117
0.0293356 0.0574046 9.9982E-05 0.91306 9.9982E-05
0.0395219 0.0182485 9.9991E-05 0.910732 0.0313977
0.0209748 9.9991E-05 0.0835026 0.874108 0.0213151
9.9982E-05 0.145911 9.9982E-05 0.575488 0.278401
9.9982E-05 9.9982E-05 0.0399866 0.576938 0.382875
9.9982E-05 0.171301 9.9982E-05 0.542825 0.285674
9.9982E-05 0.12514 9.9982E-05 0.473354 0.401306
0.625161 0.106883 0.00978087 0.0783887 0.179787
0.541439 0.232752 0.0430213 0.0271523 0.155636
0.659288 0.0801007 0.0274928 9.9991E-05 0.233018
0.527606 0.149886 9.9991E-05 0.0136592 0.30875
0.257225 0.0657338 0.00591273 9.9991E-05 0.671029
0.667175 0.171364 0.0868849 0.0542137 0.0203623
0.661992 0.152792 0.0491099 9.9991E-05 0.136007
0.593446 0.238249 0.0100502 9.9991E-05 0.158154
0.476742 0.464412 0.0145516 9.9991E-05 0.0441944
0.637297 0.202605 0.0430421 9.9991E-05 0.116955
0.549472 0.306056 9.9982E-05 9.9982E-05 0.144272
0.0439099 0.795114 9.9982E-05 9.9982E-05 0.160777
0.614433 0.280734 0.0310278 0.00424831 0.0695566
0.375656 0.584169 9.9991E-05 0.0288498 0.0112249
0.665518 0.259598 0.0133364 0.0107814 0.0507668
0.329685 0.408275 9.9982E-05 9.9982E-05 0.26184
9.9982E-05 0.053131 9.9982E-05 0.154086 0.792583
0.0756586 0.114247 9.9991E-05 0.11439 0.695605
9.9982E-05 0.100107 9.9982E-05 0.054188 0.845505
9.9982E-05 0.0427034 9.9982E-05 0.111765 0.845332
0.0358246 0.0573682 0.0553713 0.0193676 0.832068
0.0297823 0.0451637 0.10308 0.0470578 0.774916
0.0805524 0.00673521 0.0271281 0.885484 9.9991E-05
0.0234246 9.9991E-05 0.0801544 0.783633 0.112688
0.0999014 9.9982E-05 0.147016 0.752882 9.9982E-05
0.0097207 9.9991E-05 0.155878 0.753762 0.0805397
0.0579491 9.9991E-05 0.106531 0.808468 0.0269517
9.9982E-05 0.0242702 9.9982E-05 0.385487 0.590042
9.9982E-05 0.0412232 9.9982E-05 0.462016 0.496561
0.017264 0.0665751 0.000546361 0.455946 0.459668
0.110505 9.9991E-05 0.0583652 0.807011 0.0240188
9.9982E-05 0.0799233 9.9982E-05 0.42676 0.493117
0.275656 0.133765 0.370429 0.22005 9.9991E-05
0.605249 9.9991E-05 0.202656 0.112989 0.079006
0.504523 9.9982E-05 0.300207 0.19507 9.9982E-05
0.377404 0.0580602 0.273889 0.229373 0.0612745
0.500957 0.0380886 0.183788 0.204194 0.0729724
9.9982E-05 0.198083 0.354632 0.447085 9.9982E-05
0.519953 0.127717 9.9982E-05 9.9982E-05 0.35213
0.407678 0.34164 0.0314334 0.0132913 0.205957
0.353112 9.9982E-05 9.9982E-05 0.0775906 0.569098
0.506248 0.342167 0.0332454 9.9991E-05 0.11824
9.9973E-05 0.835911 9.9973E-05 9.9973E-05 0.163789
0.537256 0.117918 0.103702 0.0853145 0.15581
0.534568 0.207556 0.0197102 0.0499383 0.188227
0.377018 0.128689 9.9991E-05 0.010415 0.483778
0.519605 0.0775048 0.0620023 0.111006 0.229882
0.145789 0.547098 9.9991E-05 0.0268625 0.280151
0.601807 0.259394 0.0523228 0.00439932 0.0820773
0.519653 0.100668 0.0844013 9.9991E-05 0.295177
0.438627 0.161395 0.195528 0.111129 0.0933209
0.391733 0.281346 0.0533591 9.9991E-05 0.273462
0.525755 0.093722 0.0540545 0.0249074 0.301562
0.496014 0.239978 0.103527 9.9991E-05 0.160381
0.638741 0.149843 0.0135568 0.0245014 0.173358
0.675783 0.116142 0.0987882 0.0274027 0.081884
0.580587 0.0565234 0.10505 0.101762 0.156078
0.606187 0.0573258 0.0387016 0.119626 0.17816
0.112778 9.9982E-05 0.0838975 0.803125 9.9982E-05
0.114344 9.9982E-05 0.05377 0.831686 9.9982E-05
0.0438306 0.0741463 0.0296649 0.816095 0.0362636
0.0750245 0.0363842 0.0157921 0.833296 0.0395035
0.147547 9.9982E-05 0.0100107 0.842242 9.9982E-05
0.196309 0.0989024 0.0720638 9.9991E-05 0.632624
0.502285 0.215918 0.0856342 0.0676452 0.128518
0.47452 0.165866 0.17671 0.182804 9.9991E-05
0.624908 9.99868E-05 0.130348 9.99868E-05 0.244544
0.582062 0.107933 0.0387918 0.0176096 0.253604
0.263063 0.23169 0.0629164 9.9991E-05 0.442231
0.045757 0.193594 9.9991E-05 0.146818 0.613731
0.525458 0.106454 0.0570002 0.00916001 0.301927
0.14216 0.183608 0.0922461 0.0618669 0.520119
0.432279 0.248522 0.0781299 0.00776037 0.233309
0.152223 0.154062 9.9991E-05 0.119822 0.573793
0.610645 9.9991E-05 0.0356175 0.0960314 0.257606
0.229983 0.121399 0.0340138 0.0422516 0.572353
0.364293 0.211542 0.062101 0.0674429 0.294621
0.39723 0.177327 0.123652 0.0639899 0.237802
0.301805 0.529123 0.0204702 0.0796915 0.0689109
0.607531 0.161557 0.0799708 0.100566 0.0503756
0.562014 0.217982 0.0299925 0.157643 0.0323684
0.376671 0.481672 9.9991E-05 0.00826219 0.133295
0.426138 0.245923 0.118419 0.0495862 0.159934
0.649813 0.270132 0.00235406 0.0479723 0.0297286
0.177484 0.773724 9.9991E-05 0.0199246 0.0287678
0.325855 0.619674 9.9982E-05 0.0542709 9.9982E-05
0.557011 0.307517 9.9991E-05 0.0408609 0.0945115
0.205947 0.658801 9.9991E-05 0.0587893 0.0763625
0.533461 0.321279 9.9991E-05 0.00142332 0.143737
0.0596089 0.170744 0.0912585 9.9991E-05 0.678289
0.280598 0.409684 0.0860138 9.9991E-05 0.223603
0.354362 0.0173978 0.152511 9.9991E-05 0.47563
0.644545 0.0155095 0.102528 0.0188577 0.218559
0.298625 0.090686 0.0286563 9.9991E-05 0.581933
0.418879 0.221984 0.199822 0.0196694 0.139645
0.560748 0.0182673 0.106662 0.0688879 0.245435
0.533535 0.0800597 0.0695266 9.9991E-05 0.316779
0.541703 0.0540398 0.0814785 9.9991E-05 0.322679
0.476777 0.105126 0.0462491 0.0331977 0.338651
0.253557 0.0811382 0.0889682 9.9991E-05 0.576237
0.348276 0.116674 0.0985377 9.9991E-05 0.436412
0.608623 0.0907539 0.0763722 9.9991E-05 0.224151
0.66242 0.0389986 0.102905 0.0259596 0.169717
0.40228 0.216275 0.105633 0.0259385 0.249873
0.493514 0.104428 0.178858 9.9991E-05 0.223099
0.306709 0.0480371 0.12376 0.0560183 0.465476
0.624138 0.021856 0.0328736 0.0606659 0.260467
0.53913 0.0204719 0.111049 0.0357288 0.29362
0.516929 0.0856672 0.1135 0.0742195 0.209685
0.417761 0.0198553 0.138247 0.357912 0.0662252
0.534942 0.062828 0.221206 0.17276 0.00826396
0.49561 0.078815 0.2929 0.0443151 0.0883596
0.638697 0.117519 0.127194 0.031257 0.0853328
0.571827 0.00377524 0.223429 0.200869 9.9991E-05
0.468512 0.289177 0.0744116 9.9991E-05 0.167799
0.457301 0.010497 0.200905 0.134551 0.196746
9.9982E-05 0.553394 0.169409 0.276997 9.9982E-05
0.473296 0.154135 0.18578 0.0938499 0.0929385
0.486179 0.0682477 0.266364 0.0827461 0.096463
0.502823 0.0689666 0.22135 0.176156 0.0307044
0.320807 0.282999 0.197115 0.194119 0.00495939
0.580845 9.9991E-05 0.224003 0.153563 0.0414895
0.593545 0.071918 0.225041 0.109397 9.9991E-05
9.9982E-05 0.32833 0.190032 0.481438 9.9982E-05
0.522178 9.9991E-05 0.189552 0.215133 0.073037
0.515036 9.9991E-05 0.31973 0.164104 0.00102941
0.53416 0.0626554 0.198613 0.118806 0.0857647
0.502947 0.0579726 0.240574 0.198406 9.9991E-05
0.542098 0.0594532 0.156913 0.165552 0.0759833
0.482201 0.274101 0.120546 0.013279 0.109873
0.550902 0.198496 0.0289912 0.118193 0.103418
0.0801686 0.779526 0.0149448 9.9991E-05 0.12526
0.0856771 0.84391 9.9982E-05 9.9982E-05 0.0702125
0.541085 0.232331 0.0509728 0.105287 0.0703238
0.436674 0.0791499 0.338826 0.14525 9.9991E-05
0.267104 0.230265 0.452736 0.0497955 9.9991E-05
0.140883 0.297045 0.347741 0.185582 0.0287488
0.302294 0.116354 0.351819 0.229432 9.9991E-05
0.0939768 0.658286 0.149308 0.0781681 0.0202609
0.198777 0.555379 0.094517 0.151227 9.9991E-05
0.566049 0.249944 0.183807 9.9982E-05 9.9982E-05
0.503737 0.256637 0.148884 0.0714201 0.0193217
0.153251 0.550315 0.18483 0.110289 0.00131458
0.46688 0.317164 0.17549 0.0403659 9.9991E-05
0.550391 0.24119 0.188211 0.0201083 9.9991E-05
0.442893 0.167772 0.205511 0.0537832 0.130041
0.441727 0.453748 9.9991E-05 0.0188673 0.0855583
0.396587 0.406954 0.0928143 9.9991E-05 0.103545
0.614464 0.159047 0.00863643 0.0996219 0.118231
0.410322 0.344012 0.0750272 0.0968504 0.0737879
0.353612 0.201338 0.212659 0.0128004 0.21959
0.561072 0.416854 0.0218738 9.9982E-05 9.9982E-05
0.312643 0.621171 9.9982E-05 9.9982E-05 0.065986
0.656364 0.29163 9.9982E-05 0.0518068 9.9982E-05
0.293769 0.628159 0.0268732 9.9991E-05 0.0510993
0.492284 0.446676 0.0395462 0.0213938 9.9991E-05
0.639139 0.237055 0.0196463 0.0633357 0.0408244
0.535197 0.35506 0.101664 9.9991E-05 0.00797972
0.471789 0.0871635 0.228601 0.206237 0.0062097
0.369221 0.112753 0.198358 0.163782 0.155886
0.263749 0.236065 0.338812 0.143656 0.0177181
0.298546 0.142935 0.256758 0.203081 0.0986813
0.500053 0.0523014 0.166601 0.125567 0.155478
0.46049 0.131953 0.187404 0.15843 0.0617234
9.9991E-05 0.582408 0.152897 0.243188 0.0214062
0.586236 0.105551 0.249515 0.0514042 0.00729393
9.9982E-05 0.42094 0.192801 0.386058 9.9982E-05
0.537442 0.178098 0.233931 0.050429 9.9991E-05
0.223523 0.776177 9.9973E-05 9.9973E-05 9.9973E-05
0.00862337 0.939743 0.0473712 9.9991E-05 0.00416283
0.607329 0.392371 9.9973E-05 9.9973E-05 9.9973E-05
0.775262 0.118508 0.0480306 0.0580995 9.9991E-05
0.475941 0.514038 0.00982067 9.9982E-05 9.9982E-05
0.607183 0.357465 9.9982E-05 0.0351519 9.9982E-05
0.602542 0.397158 9.9973E-05 9.9973E-05 9.9973E-05
0.108486 0.0224969 0.0551136 0.813803 9.9991E-05
9.9982E-05 9.9982E-05 0.121283 0.712972 0.165545
9.9982E-05 9.9982E-05 0.0600496 0.919343 0.0204074
0.0769919 9.9973E-05 9.9973E-05 0.922708 9.9973E-05
0.646653 0.191429 9.9991E-05 0.064685 0.0971331
0.639066 0.154051 0.0292665 0.051116 0.1265
0.699701 0.19614 9.9982E-05 9.9982E-05 0.103959
0.73151 0.153055 0.0100551 0.062439 0.0429412
0.548639 0.176417 0.0516479 0.106103 0.117194
0.41845 0.417112 9.9991E-05 0.00401199 0.160326
0.727188 0.162091 0.0457096 9.9991E-05 0.0649116
0.509816 0.469865 9.9982E-05 0.0201186 9.9982E-05
0.459028 9.9991E-05 0.258925 0.189139 0.0928079
0.484089 0.273994 0.0953942 9.9991E-05 0.146422
0.492822 0.250759 9.9982E-05 9.9982E-05 0.256219
0.648677 0.282723 0.00344935 0.00152795 0.0636221
0.593292 0.296813 9.9982E-05 9.9982E-05 0.109694
0.776045 0.183249 9.9982E-05 0.0405066 9.9982E-05
0.708236 0.190233 9.9991E-05 0.0911221 0.0103088
0.305034 0.694666 9.9973E-05 9.9973E-05 9.9973E-05
0.388636 0.550044 0.0218828 9.9991E-05 0.0393381
0.494564 0.391977 9.9982E-05 9.9982E-05 0.113259
0.0875114 0.912189 9.9973E-05 9.9973E-05 9.9973E-05
0.589648 0.190576 0.0117864 9.9991E-05 0.20789
0.272594 0.720544 9.9982E-05 9.9982E-05 0.0066622
0.0846777 0.88629 9.9991E-05 0.0205368 0.00839514
0.657786 0.241689 0.0837079 0.00347771 0.0133392
0.367676 0.428435 9.9991E-05 0.060553 0.143236
0.445374 0.2326 0.132508 9.9991E-05 0.189418
0.554749 0.124935 0.104832 0.0899198 0.125565
0.676621 0.176273 9.9982E-05 9.9982E-05 0.146906
0.327819 0.257369 0.0900667 9.9991E-05 0.324645
0.674207 0.188628 0.0566099 9.9991E-05 0.0804554
0.608531 0.246296 0.0278767 0.00734899 0.109947
0.534186 0.433723 9.9982E-05 9.9982E-05 0.0318916
0.68658 0.0959757 0.00200978 0.109054 0.106381
9.9982E-05 0.0725787 9.9982E-05 0.671019 0.256203
0.0858826 0.0990817 9.9991E-05 0.751143 0.0637931
9.9982E-05 0.0221196 9.9982E-05 0.833936 0.143744
9.9982E-05 0.0566192 9.9982E-05 0.812455 0.130726
0.0158564 0.0164563 9.9991E-05 0.710997 0.25659
0.310422 0.396511 0.015096 0.0136605 0.264311
0.342648 0.440187 9.9991E-05 0.0139148 0.20315
0.344884 0.654816 9.9973E-05 9.9973E-05 9.9973E-05
0.621115 0.180522 0.00371979 0.0895796 0.105064
0.686951 0.0929726 0.00990571 0.141887 0.0682835
0.491191 0.442121 9.9991E-05 0.0544863 0.0121016
0.710399 0.221855 0.0675451 9.9982E-05 9.9982E-05
0.564839 0.326795 0.0148421 0.081658 0.0118662
0.746748 0.130031 9.9991E-05 0.00355185 0.119569
0.741189 0.141496 0.0574961 0.059719 9.9991E-05
0.383863 0.419129 9.9982E-05 9.9982E-05 0.196808
0.529809 0.280347 9.9982E-05 9.9982E-05 0.189645
0.500891 0.251862 9.9982E-05 9.9982E-05 0.247047
0.611943 0.121335 0.0744889 0.132094 0.0601391
0.572693 0.300252 9.9982E-05 9.9982E-05 0.126856
0.601124 0.295718 9.9982E-05 9.9982E-05 0.102959
0.432004 9.9991E-05 0.459033 0.070523 0.0383397
0.326272 0.108217 0.413565 0.123074 0.0288711
0.442472 9.9982E-05 0.449944 0.107384 9.9982E-05
0.320604 0.0543014 0.490305 0.13469 9.9991E-05
0.458676 9.9991E-05 0.336742 0.0980307 0.106452
0.58284 0.291518 0.0852806 0.0246881 0.0156736
9.9982E-05 9.9982E-05 0.684601 0.260886 0.0543124
0.231234 9.9991E-05 0.546753 0.169807 0.0521061
0.417344 0.209219 0.18198 0.17739 0.0140663
0.657535 0.117532 0.0196721 0.205161 9.9991E-05
0.402316 0.291476 0.0928876 0.104776 0.108545
0.720649 0.0880091 0.0254696 0.0850775 0.0807946
0.62339 0.178559 0.00702494 0.100917 0.0901089
0.275506 9.9982E-05 0.498042 0.226253 9.9982E-05
0.257439 9.9991E-05 0.472896 0.103871 0.165695
0.363677 9.9982E-05 0.566218 0.0699047 9.9982E-05
0.391428 0.0733087 0.342082 0.168668 0.0245132
0.292129 0.0350321 0.566568 0.106172 9.9991E-05
0.279063 9.9991E-05 0.409761 0.187333 0.123743
0.172794 0.025863 0.657764 0.124551 0.0190282
0.305185 0.102539 0.533407 9.9991E-05 0.058769
0.601992 0.213112 0.0590461 0.0539195 0.0719301
0.425024 0.0213941 0.34401 0.137147 0.0724246
0.17872 9.9982E-05 0.668704 0.152376 9.9982E-05
0.415163 9.9991E-05 0.377613 0.148346 0.0587789
0.268259 0.326494 0.0252293 0.13026 0.249758
0.603645 0.178917 0.128221 0.04028 0.0489378
0.396764 9.9991E-05 0.340646 0.168605 0.0938852
0.63465 0.0898735 0.0323454 0.160702 0.0824296
0.574737 0.157198 9.9991E-05 0.206182 0.0617832
0.47474 0.100293 0.243693 0.181174 9.9991E-05
0.320595 0.074226 0.336713 0.242709 0.0257559
0.672741 0.035647 0.104297 0.123515 0.0637995
0.287472 9.9991E-05 0.529514 0.0900823 0.092831
0.412077 9.9982E-05 0.49474 0.0929828 9.9982E-05
0.116234 9.9982E-05 0.657837 0.225729 9.9982E-05
0.627663 0.157468 0.0939804 0.120789 9.9991E-05
0.570673 0.169921 9.9991E-05 0.113467 0.145839
0.187706 0.564495 0.0363156 0.211383 9.9991E-05
0.596339 0.102811 0.117812 0.148422 0.0346165
0.498624 0.201117 0.0203897 0.139193 0.140677
0.405579 0.159737 0.236725 0.197858 9.9991E-05
0.424917 0.16711 0.197735 0.16713 0.0431078
9.9982E-05 0.396204 0.24642 0.357177 9.9982E-05
9.9982E-05 0.468837 0.145854 0.385109 9.9982E-05
0.241911 0.363341 0.218081 0.176567 9.9991E-05
9.9982E-05 0.372509 0.256407 0.370885 9.9982E-05
9.9982E-05 0.272186 0.24933 0.478284 9.9982E-05
0.230623 0.308384 0.257323 0.163668 0.0400021
0.378769 0.186061 0.193404 0.241666 9.9991E-05
0.151911 0.285939 0.243052 0.270172 0.0489269
9.9982E-05 0.414902 0.232231 0.352666 9.9982E-05
0.467678 0.182844 0.196122 0.153257 9.9991E-05
0.113694 0.405151 0.214573 0.266482 9.9991E-05
9.9982E-05 0.407398 0.0916199 0.500783 9.9982E-05
0.603978 0.012251 0.159221 0.107515 0.117034
0.243884 0.184859 0.276643 0.245699 0.0489161
0.438424 9.9991E-05 0.205447 0.285394 0.0706345
0.571701 9.9982E-05 0.266606 0.161494 9.9982E-05
0.61219 0.0158424 0.164973 0.199554 0.00744005
0.520796 0.00455125 0.255386 0.219167 9.9991E-05
0.406378 9.9991E-05 0.229007 0.36169 0.00282551
0.60768 9.9991E-05 0.198298 0.185302 0.00861998
0.422551 9.9991E-05 0.304856 0.212153 0.0603395
0.364015 0.126175 0.220032 0.289677 9.9991E-05
0.355147 0.188002 0.156471 0.156228 0.144153
0.49209 0.0672661 0.133891 0.189826 0.116927
0.549563 0.0712076 0.174776 0.15003 0.0544238
0.611507 0.141246 0.0962833 0.0871302 0.0638332
0.328719 0.044315 0.320881 0.305985 9.9991E-05
0.493859 0.0539037 0.168963 0.189589 0.0936847
0.119815 0.261496 0.255291 0.363298 9.9991E-05
0.351106 0.00572279 0.356274 0.131073 0.155825
0.115116 0.232262 0.367691 0.284831 9.9991E-05
0.0187443 0.0534529 0.00132669 0.803968 0.122508
0.0979447 0.0201469 9.9991E-05 0.0408736 0.840935
9.997E-05 9.997E-05 9.997E-05 9.997E-05 0.9996
9.9973E-05 9.9973E-05 9.9973E-05 0.000578638 0.999121
9.9973E-05 9.9973E-05 0.0325854 9.9973E-05 0.967115
0.0390618 9.9982E-05 0.00866364 9.9982E-05 0.952075
0.0903912 9.9973E-05 9.9973E-05 9.9973E-05 0.909309
9.9973E-05 9.9973E-05 9.9973E-05 0.0208662 0.978834
9.9973E-05 9.9973E-05 9.9973E-05 0.194762 0.804939
0.0771283 9.9982E-05 9.9982E-05 0.905001 0.0176707
0.0978561 9.9982E-05 9.9982E-05 0.8213 0.0806437
0.0469387 0.00351222 0.0152331 0.911891 0.0224247
0.0241623 0.0086626 9.9991E-05 0.835895 0.13118
0.01127 9.9991E-05 0.0574569 0.896447 0.034726
9.9973E-05 9.9973E-05 9.9973E-05 0.922501 0.0771988
0.0705084 9.9991E-05 0.0707749 0.760728 0.0978887
0.0678465 0.0105167 0.0675105 0.854026 9.9991E-05
0.0331087 0.0542662 0.100781 0.685955 0.125889
9.9982E-05 0.00289332 0.0789649 0.917942 9.9982E-05
9.9973E-05 0.0308113 9.9973E-05 0.968889 9.9973E-05
0.0316779 9.9991E-05 0.0638681 0.830957 0.0733972
0.0234726 9.9991E-05 0.00645736 0.952578 0.0173916
0.0334039 9.9982E-05 0.0944223 0.871974 9.9982E-05
0.0481855 9.9982E-05 0.0512887 0.900326 9.9982E-05
0.0594649 0.00638899 0.100336 0.83371 9.9991E-05
0.0746603 9.9982E-05 0.137242 0.787897 9.9982E-05
0.136192 9.9982E-05 0.0931595 0.770449 9.9982E-05
0.0963997 9.9982E-05 0.0846383 0.818762 9.9982E-05
0.479913 0.233602 0.00365821 0.208842 0.0739849
0.77455 0.115971 9.9982E-05 0.109279 9.9982E-05
0.703356 9.9982E-05 9.9982E-05 0.184644 0.1118
0.122473 0.690126 0.0830585 0.104243 9.9991E-05
0.561372 0.070774 0.000568903 0.18912 0.178164
0.131709 0.619169 0.0454999 0.203523 9.9991E-05
0.813139 0.037496 0.0087622 0.137441 0.00316177
0.463718 0.19433 9.9991E-05 0.117889 0.223963
0.607405 0.239346 9.9982E-05 0.153049 9.9982E-05
0.664819 0.189503 0.0203184 0.0741576 0.0512016
0.471796 0.181863 9.9991E-05 0.171354 0.174887
0.633163 0.088593 0.0778136 0.0659417 0.134489
0.582529 0.0575351 0.0315483 0.151912 0.176475
0.0737097 0.397946 0.0504599 9.9991E-05 0.477784
9.9982E-05 0.808728 9.9982E-05 0.111486 0.0795861
0.217586 0.598338 0.0191074 0.132021 0.0329474
0.688486 0.129608 0.0731871 0.0264423 0.0822765
0.614186 0.201231 0.017862 0.166621 9.9991E-05
0.612495 0.18599 9.9982E-05 0.201315 9.9982E-05
0.617403 0.172528 0.0973539 0.112616 9.9991E-05
0.523609 0.0885092 0.171513 0.21627 9.9991E-05
0.563799 0.0851493 0.188051 0.124672 0.0383294
0.129546 0.115068 0.139734 0.454665 0.160988
0.658035 0.0088209 0.0571033 0.168521 0.107519
0.411191 0.0790879 0.155874 0.23567 0.118177
9.9982E-05 0.347245 0.197439 0.455115 9.9982E-05
0.378118 0.13204 0.206815 0.282927 9.9991E-05
0.245807 0.130004 0.232187 0.31109 0.0809121
0.393198 9.9991E-05 0.13575 0.341356 0.129596
0.445414 0.0270111 0.227723 0.126212 0.17364
0.51944 9.9991E-05 0.177279 0.271455 0.0317258
0.648699 9.9991E-05 0.100253 0.210357 0.0405909
0.39263 0.190888 0.184028 0.214153 0.0183011
0.40094 9.9982E-05 0.128983 0.469877 9.9982E-05
