0.909916 0.011062 0.0431831 0.035739 9.9991E-05
0.917936 9.9982E-05 0.0657723 9.9982E-05 0.0160916
0.816687 0.0868501 0.0351282 0.0612352 9.9991E-05
0.779384 0.0703181 0.0960479 0.0541503 9.9991E-05
0.875602 0.0283746 0.0227617 0.0623486 0.0109131
0.671588 0.122188 0.0762957 0.0367557 0.0931733
0.884971 0.00460865 0.0243993 9.9991E-05 0.0859208
0.746776 0.00202376 0.149897 0.0509375 0.0503658
0.831009 9.9982E-05 0.0614556 9.9982E-05 0.107335
0.776043 0.0491633 9.9991E-05 0.0692041 0.105489
0.782381 0.0427119 0.0974935 9.9991E-05 0.0773135
9.999E-05 0.306852 0.507331 0.0906241 0.0950921
0.0294008 0.497771 0.337032 0.135696 9.9991E-05
0.000684243 0.219023 0.504222 0.154001 0.12207
9.999E-05 0.328856 0.442737 0.174418 0.0538891
0.115412 0.426234 0.300492 0.125216 0.032645
0.0837102 0.639182 0.192408 0.0846003 9.9991E-05
9.9991E-05 0.383079 0.263154 0.140583 0.213084
0.137641 0.416722 0.334861 0.057608 0.0531679
0.0161312 9.9991E-05 0.668377 0.0856646 0.229728
0.00722181 0.409659 0.348373 0.130271 0.104475
0.0434631 0.460859 0.136645 0.129459 0.229573
0.0142783 0.543084 0.230508 0.0811352 0.130994
0.00962588 0.32165 0.452584 0.102715 0.113425
0.0145218 0.633041 0.107922 0.128512 0.116003
0.0941715 0.528111 0.22504 0.0928274 0.0598494
0.0349324 0.258123 0.582931 0.0917154 0.0322976
9.9991E-05 0.240315 0.436571 0.222304 0.100711
9.9991E-05 0.280395 0.484678 0.0746212 0.160206
0.82735 0.0907409 9.9982E-05 0.0817093 9.9982E-05
0.843078 0.144039 9.9982E-05 0.0126826 9.9982E-05
0.821212 0.149542 9.9982E-05 0.0290468 9.9982E-05
0.768907 0.126248 9.9982E-05 0.104645 9.9982E-05
0.0097111 0.727594 0.0529401 0.0093695 0.200385
0.07034 0.720718 0.130759 9.9991E-05 0.0780831
0.0235311 0.722104 0.0236847 0.0346196 0.19606
0.0638527 0.185015 0.590354 9.9991E-05 0.160678
9.9991E-05 0.49453 0.0263767 0.049738 0.429255
0.0796126 0.68761 0.121668 0.0255616 0.0855479
0.0434508 0.79423 9.9991E-05 0.0205345 0.141685
0.0695418 0.658774 0.0356476 0.0449755 0.191062
0.180774 0.751325 0.0386843 9.9991E-05 0.0291175
9.9982E-05 0.354107 0.25603 9.9982E-05 0.389663
0.0741261 0.555985 0.0988255 0.109047 0.162017
0.0576519 0.622444 0.0184458 0.0781886 0.223269
0.11174 0.481144 9.9991E-05 0.148773 0.258242
9.9973E-05 0.514995 9.9973E-05 9.9973E-05 0.484705
0.0581974 0.745164 9.9982E-05 9.9982E-05 0.196439
0.179068 0.684969 0.0192962 0.0365214 0.0801455
0.0912224 0.0149952 0.0156715 9.9991E-05 0.878011
9.9982E-05 0.263745 0.517208 9.9982E-05 0.218846
0.00174882 0.128022 0.282859 0.0489511 0.538419
0.0702875 0.565167 0.0991682 0.170572 0.0948057
0.0728079 0.649131 0.0714601 0.130796 0.0758042
0.0203935 0.693594 0.0574494 0.100616 0.127947
0.098197 0.253569 0.347379 0.0119192 0.288936
0.0390514 0.622337 0.263368 0.0250081 0.0502353
0.0633936 0.60249 0.137345 0.140549 0.0562218
0.159848 0.511061 0.152995 0.00492181 0.171175
0.180889 0.113844 0.343038 0.0712348 0.290994
0.0179484 0.674021 0.109563 0.0488005 0.149667
0.0899286 0.511919 0.328169 0.0587924 0.0111902
0.0423206 0.0767494 0.611909 9.9991E-05 0.268921
0.0325024 0.572165 0.251973 0.0519993 0.0913599
0.0847208 0.630068 0.0683318 0.0918606 0.125019
0.126612 0.568102 0.107091 0.0805442 0.117651
0.0291879 0.358073 0.351739 0.106313 0.154687
0.0382528 0.49707 0.195179 0.119735 0.149763
0.0463788 0.637655 0.18914 0.0817119 0.045115
0.0432259 0.305644 0.365973 9.9991E-05 0.285057
9.9982E-05 0.722198 0.0683133 9.9982E-05 0.209289
9.9982E-05 0.431251 0.151672 9.9982E-05 0.416877
0.0223892 0.512553 0.153995 0.186377 0.124686
9.9982E-05 0.198589 0.0120403 9.9982E-05 0.789171
9.9982E-05 0.179027 0.0696165 9.9982E-05 0.751156
9.9982E-05 0.463258 0.0790874 9.9982E-05 0.457454
9.9982E-05 0.614036 0.197981 9.9982E-05 0.187784
0.137759 0.532205 0.0820672 0.132194 0.115774
0.0134494 0.580925 0.104037 0.0299499 0.271639
0.0505242 0.398896 0.225133 9.9991E-05 0.325347
0.0485078 0.421416 0.283416 9.9991E-05 0.246559
0.095768 0.592239 0.0347484 0.0742958 0.202949
0.0326838 0.475825 0.173728 9.9991E-05 0.317663
0.097739 0.619131 0.117388 9.9991E-05 0.165642
9.9973E-05 0.556624 9.9973E-05 9.9973E-05 0.443076
0.00998078 0.190787 0.0208728 9.9991E-05 0.77826
0.0113109 0.733128 0.0885968 0.0696416 0.0973224
0.762299 0.0676371 0.0917887 0.0781753 9.9991E-05
0.897429 0.102271 9.9973E-05 9.9973E-05 9.9973E-05
0.904972 0.0807803 9.9982E-05 0.0140473 9.9982E-05
0.943987 0.0557129 9.9973E-05 9.9973E-05 9.9973E-05
0.889166 0.110534 9.9973E-05 9.9973E-05 9.9973E-05
0.927368 0.0609123 9.9991E-05 0.00225527 0.00936454
0.929334 0.058731 9.9982E-05 0.0117347 9.9982E-05
0.157778 0.573186 0.11197 0.0910454 0.0660219
0.190991 0.565846 0.08792 0.0718945 0.083348
9.9982E-05 0.230073 0.211394 9.9982E-05 0.558334
0.108578 0.767733 0.0343813 0.0517883 0.0375195
9.9991E-05 0.582107 0.154107 0.0251406 0.238545
0.0541576 0.718612 0.0299428 0.0155676 0.18172
0.051967 0.596086 9.9991E-05 0.0932774 0.25857
9.9991E-05 0.678872 0.0128318 0.0183619 0.289835
9.9982E-05 0.158163 0.348614 9.9982E-05 0.493024
0.149332 0.639828 0.0599015 9.9991E-05 0.150838
0.0924932 0.749436 0.00838829 0.0296226 0.12006
0.0593976 0.67401 0.149006 0.117486 9.9991E-05
0.0330651 0.446812 9.9991E-05 0.00206601 0.517957
0.0173063 0.647176 9.9982E-05 9.9982E-05 0.335318
0.0136097 0.640138 0.109592 9.9991E-05 0.23656
9.9982E-05 0.480771 9.9982E-05 0.0686081 0.450421
0.0415804 0.594603 0.149562 9.9991E-05 0.214155
0.134274 0.729629 0.108052 0.0168871 0.0111583
0.0374958 0.34203 0.302736 0.0344448 0.283293
0.136179 0.369014 0.35821 0.100042 0.0365546
0.118659 0.436083 0.177379 0.143945 0.123934
0.139399 0.570084 0.147216 0.0600257 0.0832757
0.0869945 0.543606 0.369199 9.9982E-05 9.9982E-05
9.9982E-05 0.55862 0.308922 0.132258 9.9982E-05
0.0256839 0.500423 0.410805 0.0628785 0.000209618
0.105492 0.600413 0.0805426 0.0517032 0.161849
9.9991E-05 0.548573 0.177381 0.17725 0.0966963
0.0633203 0.701277 0.137409 0.0512615 0.0467318
9.9973E-05 0.593631 0.406069 9.9973E-05 9.9973E-05
0.0607854 0.60314 0.0790183 0.111307 0.145749
0.0975484 0.673906 0.00952354 0.0780176 0.141005
9.9991E-05 0.586325 0.27299 0.114872 0.0257125
0.0618252 0.489748 0.185918 0.171918 0.09059
9.9991E-05 0.572013 0.184864 0.12719 0.115833
0.140585 0.321812 0.251843 0.106573 0.179186
0.00264008 0.652807 0.191902 0.152551 9.9991E-05
9.9991E-05 0.684737 0.181899 0.127986 0.00527699
0.0115604 0.32518 0.374687 0.0567448 0.231828
0.0600376 0.165093 0.276583 0.0717906 0.426496
0.019747 0.64187 0.183037 0.0218905 0.133455
9.9991E-05 0.121949 0.258174 0.0825968 0.537181
0.0514707 0.405727 0.43598 9.9991E-05 0.106722
0.0285295 0.564141 0.301952 9.9991E-05 0.105278
0.0063304 0.434979 0.483437 9.9991E-05 0.0751533
0.00885898 0.334147 0.436874 0.0413282 0.178792
0.0340457 0.658852 0.0895273 0.115958 0.101617
0.155321 0.672098 0.0445938 0.0993206 0.0286658
0.0914323 0.598922 0.198625 0.00517261 0.105848
9.9991E-05 0.178051 0.275665 0.121185 0.424999
0.140637 0.612558 0.144805 0.015879 0.0861208
0.04588 0.625415 0.0324375 0.0764457 0.219822
0.187606 0.0716856 0.112072 9.9991E-05 0.628536
0.12084 0.579145 9.9991E-05 0.137753 0.162162
0.0665519 0.346121 0.0581937 0.11822 0.410913
0.112072 0.575577 0.0536878 0.117859 0.140804
0.129952 0.300319 0.074825 0.0552466 0.439658
0.111102 0.297862 0.154374 9.9991E-05 0.436561
0.0407677 0.567733 0.112237 9.9991E-05 0.279162
0.154704 0.491273 0.0828813 0.0516926 0.219449
0.127017 0.375471 0.148654 0.137205 0.211653
0.0852347 0.0178926 0.094263 0.216945 0.585665
0.099705 0.639591 0.0733845 0.0819777 0.105341
9.9982E-05 0.465633 0.176919 9.9982E-05 0.357248
0.0276322 0.564815 0.0966887 9.9991E-05 0.310764
0.113575 0.572468 0.0405222 0.119584 0.153851
0.391018 0.223255 0.017633 0.202239 0.165855
0.613542 9.9982E-05 9.9982E-05 0.152409 0.233849
0.474687 9.9982E-05 9.9982E-05 0.179132 0.345981
0.406046 0.030571 0.0859621 0.333752 0.143669
9.9982E-05 0.637038 9.9982E-05 0.0786937 0.284068
0.161805 0.647335 0.0712764 9.9991E-05 0.119484
9.9982E-05 0.272899 0.0295574 0.697344 9.9982E-05
0.0646586 0.46737 0.0482752 0.390776 0.0289208
0.0700061 0.441788 0.107597 0.361616 0.0189925
0.0810461 0.392253 9.9991E-05 0.0245398 0.502061
0.119615 0.5332 9.9991E-05 0.105541 0.241544
0.0442617 0.24791 9.9991E-05 0.0629101 0.644818
0.0653778 0.650975 0.011936 0.0320645 0.239647
0.0150049 0.50655 0.1209 0.040018 0.317527
0.00132768 0.615041 0.0551391 0.106649 0.221844
0.00909131 0.239959 0.131797 0.0373604 0.581792
0.0407586 0.654836 0.0100423 0.18249 0.111873
0.118528 0.641437 9.9991E-05 0.0673289 0.172606
9.9973E-05 9.9973E-05 9.9973E-05 0.97845 0.0212498
9.9973E-05 0.111596 9.9973E-05 0.888104 9.9973E-05
0.0468095 0.352929 0.0292687 0.570893 9.9991E-05
9.9973E-05 0.272528 9.9973E-05 0.727172 9.9973E-05
9.9982E-05 0.174913 9.9982E-05 0.799015 0.0258724
9.997E-05 9.997E-05 9.997E-05 0.9996 9.997E-05
0.0373492 9.9973E-05 9.9973E-05 0.962351 9.9973E-05
9.9973E-05 0.117077 9.9973E-05 0.882623 9.9973E-05
9.9982E-05 0.0427724 0.0344322 0.922595 9.9982E-05
9.997E-05 9.997E-05 9.997E-05 0.9996 9.997E-05
9.997E-05 9.997E-05 9.997E-05 0.9996 9.997E-05
0.00411853 0.159044 0.0444204 0.792317 9.9991E-05
0.0770784 0.0574892 0.0695155 0.795817 9.9991E-05
9.9973E-05 9.9973E-05 0.00808925 0.991611 9.9973E-05
0.018249 0.407306 0.202909 0.341481 0.0300547
0.082597 0.127604 0.0541839 0.705831 0.0297848
0.0451027 0.220892 0.0492732 0.684632 9.9991E-05
0.036307 0.032844 0.028396 0.902353 9.9991E-05
9.997E-05 9.997E-05 9.997E-05 0.9996 9.997E-05
0.0664708 0.00476849 0.00600172 0.922659 9.9991E-05
9.997E-05 9.997E-05 9.997E-05 0.9996 9.997E-05
0.0852174 0.280837 0.0215712 0.612275 9.9991E-05
0.00884593 0.0627008 0.0314569 0.896896 9.9991E-05
0.38401 9.9982E-05 9.9982E-05 0.0724076 0.543382
0.147157 0.365656 0.188296 0.158791 0.1401
0.202464 0.327831 0.10134 0.163399 0.204967
0.279859 0.114124 9.9991E-05 0.189265 0.416653
0.0683325 0.331384 0.117492 0.278876 0.203915
0.315986 0.131174 9.9991E-05 0.139006 0.413735
0.234286 0.434281 0.0696851 0.17021 0.0915379
0.16676 0.29938 0.0143269 0.211765 0.307768
0.192488 0.405553 0.0235527 0.201825 0.176581
0.231598 0.340003 9.9991E-05 0.185141 0.243157
0.202516 0.488434 0.0463028 0.0946026 0.168144
0.841239 0.0403694 0.0591096 9.9991E-05 0.0591821
0.925711 9.9982E-05 9.9982E-05 0.0376876 0.0364012
0.975802 0.00384039 0.0191089 9.9991E-05 0.00114882
0.934768 0.0511554 0.0138769 9.9982E-05 9.9982E-05
0.906442 0.016726 0.0575709 0.0191611 9.9991E-05
0.875797 9.9982E-05 9.9982E-05 0.0968797 0.0271231
0.882857 0.0293464 9.9982E-05 0.0875971 9.9982E-05
0.879227 0.0119428 9.9991E-05 0.00878567 0.0999448
0.8934 0.0690468 0.0358765 0.00157695 9.9991E-05
0.831349 9.9982E-05 0.0489851 0.119466 9.9982E-05
0.595067 9.9982E-05 0.267039 9.9982E-05 0.137693
0.597673 9.9991E-05 0.376992 0.0100063 0.0152282
0.550478 9.9982E-05 0.29457 9.9982E-05 0.154753
0.520728 9.9982E-05 0.326092 9.9982E-05 0.152979
0.0747261 0.569181 0.173784 0.0441788 0.138131
9.9991E-05 0.596382 0.0241182 0.0837563 0.295643
0.115547 0.639008 0.182188 9.9991E-05 0.0631564
0.026678 0.518017 0.247788 9.9991E-05 0.207417
9.9982E-05 0.245243 0.661549 9.9982E-05 0.0930082
0.0819931 0.677439 0.0464719 0.0759231 0.118173
9.9991E-05 0.721194 0.0915228 0.0302053 0.156978
9.9982E-05 0.700908 0.0796694 9.9982E-05 0.219223
9.9991E-05 0.5283 0.00660249 0.00770755 0.45729
9.9991E-05 0.732325 0.147187 0.103698 0.0166893
9.9982E-05 0.602177 0.169166 9.9982E-05 0.228456
9.9982E-05 0.0882198 0.148459 9.9982E-05 0.763121
0.062228 0.61377 0.210742 0.045049 0.0682114
9.9973E-05 0.423063 9.9973E-05 9.9973E-05 0.576637
0.0440659 0.671963 9.9982E-05 9.9982E-05 0.283771
0.0356034 0.297788 0.224713 9.9991E-05 0.441795
0.127375 9.9991E-05 0.774707 0.0254921 0.072326
0.125503 0.063347 0.774603 9.9991E-05 0.036447
0.0327435 9.9982E-05 0.848784 9.9982E-05 0.118272
0.105221 0.000506934 0.836949 9.9991E-05 0.0572231
9.9991E-05 0.0184742 0.885427 0.0485986 0.0474004
0.0564374 0.0518913 0.80473 0.0868411 9.9991E-05
0.87216 0.0962245 0.00631195 0.0252035 9.9991E-05
0.788932 0.0521635 0.0808388 0.0779658 9.9991E-05
0.751278 0.111274 0.0158459 0.121502 9.9991E-05
0.778905 0.0437004 0.0927734 0.0845215 9.9991E-05
0.798559 0.0882229 0.0420879 0.0710306 9.9991E-05
0.384624 9.9982E-05 0.565903 9.9982E-05 0.049273
0.501897 9.9982E-05 0.363016 9.9982E-05 0.134887
0.437719 9.9982E-05 0.48169 9.9982E-05 0.0803904
0.827001 0.100421 0.0414429 0.0310353 9.9991E-05
0.383535 9.9982E-05 0.5253 9.9982E-05 0.090965
0.257629 0.201257 9.9991E-05 0.385819 0.155194
0.162934 0.55176 0.0297483 0.255458 9.9991E-05
0.153292 0.534364 0.0155502 0.296695 9.9991E-05
0.22844 0.382278 9.9991E-05 0.280388 0.108794
0.144651 0.586469 0.0145533 0.18791 0.0664169
0.459589 9.9982E-05 9.9982E-05 0.320295 0.219916
0.0260746 0.493497 0.441503 9.9991E-05 0.0388256
0.0233438 0.397209 0.206913 0.0606628 0.311871
0.0788595 0.35265 0.56042 9.9991E-05 0.00797047
9.9991E-05 0.581494 0.149033 0.0258848 0.243487
9.9973E-05 9.9973E-05 0.23126 9.9973E-05 0.76844
0.0759792 0.523184 0.142405 0.0868731 0.171559
0.067951 0.541031 0.222332 0.00712746 0.161558
0.0704573 0.411373 0.416954 9.9991E-05 0.101116
0.0758631 0.503116 0.155335 0.143065 0.122621
9.9991E-05 0.124028 0.315035 0.0180015 0.542836
9.9991E-05 0.505711 0.10632 0.0898257 0.298043
9.9991E-05 0.602746 0.260016 0.0340539 0.103084
0.149773 0.381718 0.128659 0.230305 0.109545
9.9991E-05 0.5 0.271982 0.0122664 0.215651
0.0136501 0.427664 0.261079 0.124342 0.173265
9.9991E-05 0.527224 0.183318 0.106142 0.183216
0.00100209 0.642814 0.189357 0.000231102 0.166596
0.0390075 0.68748 0.0333393 0.115731 0.124442
0.138526 0.526773 0.0826989 0.0850144 0.166987
0.119655 0.593231 0.0838004 0.0557494 0.147564
0.783938 0.134536 9.9982E-05 0.0813261 9.9982E-05
0.846095 0.0958758 9.9991E-05 0.0329006 0.0250286
0.787597 0.084451 0.0278781 0.0136764 0.0863971
0.845024 0.075137 0.0269531 9.9991E-05 0.0527863
0.852438 0.10018 9.9982E-05 0.0471827 9.9982E-05
9.9991E-05 0.192226 0.64696 0.080078 0.0806364
0.0122777 0.632586 0.228046 0.0518102 0.0752808
0.207488 0.358833 0.0477261 0.203261 0.182691
0.0793926 0.677784 0.14516 0.069642 0.0280214
0.118939 0.63476 0.241224 9.9991E-05 0.00497714
0.00459636 0.278671 0.317537 0.127933 0.271262
0.160175 0.0620685 0.636421 9.9991E-05 0.141236
0.0196441 0.473108 0.4011 0.106048 9.9991E-05
0.0832841 0.212909 0.493248 0.0572024 0.153356
0.0511598 0.433526 0.061013 0.0873452 0.366956
0.120028 0.164187 0.578521 0.0267316 0.110533
0.112643 0.645064 0.142958 0.0992354 9.9991E-05
0.0714866 0.213369 0.56138 0.0551562 0.0986072
9.9991E-05 0.316452 0.358525 0.142569 0.182354
0.0492437 0.574805 0.143044 0.0874379 0.14547
0.0334512 0.325132 0.152007 0.0244794 0.464931
0.0974117 0.659328 0.0483433 0.0247956 0.170121
0.190241 0.647967 9.9991E-05 0.081527 0.0801644
0.0374039 0.418554 0.0985572 9.9991E-05 0.445385
0.107397 0.679058 9.9991E-05 0.0535613 0.159883
0.0885372 0.631167 0.0333874 9.9991E-05 0.246809
9.9982E-05 0.202466 0.0775398 9.9982E-05 0.719794
0.0161759 0.372671 9.9982E-05 9.9982E-05 0.610953
0.115604 0.548495 0.00717815 9.9991E-05 0.328623
0.000335959 0.300042 0.0741257 9.9991E-05 0.625397
0.0187687 0.594461 0.129756 9.9991E-05 0.256915
0.0168116 0.171796 0.645045 0.0264113 0.139935
9.9991E-05 0.217084 0.302765 0.0952013 0.38485
0.0165753 0.393131 0.403916 0.0855546 0.100823
0.109092 0.625176 0.200292 0.0653407 9.9991E-05
9.9991E-05 0.334336 0.540384 0.0394501 0.0857306
0.0810571 0.523298 0.122424 0.150672 0.122548
0.102083 0.653092 0.157313 0.0236029 0.0639094
0.0255234 0.441467 0.279408 0.201502 0.0521
0.0252983 0.461751 0.331034 0.150978 0.0309386
0.0260397 0.56064 0.322325 0.0603528 0.030642
9.9991E-05 0.267058 0.538382 0.0924923 0.101968
9.9991E-05 0.411799 0.470772 0.0665881 0.0507411
9.9991E-05 0.697704 0.221218 0.0352609 0.0457177
0.0584388 0.593175 0.254009 0.0942768 9.9991E-05
0.0779057 0.487405 0.221855 9.9991E-05 0.212735
9.9991E-05 0.537714 0.191348 0.157181 0.113657
0.0348366 0.399423 0.453778 0.0968877 0.0150748
9.9982E-05 0.676657 0.232448 0.0906953 9.9982E-05
0.0293201 0.577099 0.249883 0.119986 0.0237119
0.0698946 0.491581 0.189621 0.149432 0.0994708
0.382588 0.364275 0.0457269 0.159744 0.0476659
0.134072 0.496547 0.0398778 0.250401 0.0791022
0.167684 0.413847 0.00108935 0.221407 0.195972
0.106657 0.620819 0.0173105 0.158612 0.0966016
0.287695 0.523708 9.9982E-05 0.188397 9.9982E-05
9.9991E-05 0.504433 0.187438 0.0840662 0.223963
0.207832 0.523746 0.0960755 0.172247 9.9991E-05
0.297317 0.0426163 9.9991E-05 0.169379 0.490588
0.10209 0.563672 0.111373 0.196078 0.026787
0.148038 0.583889 0.00946225 0.156211 0.1024
0.0976016 0.516966 9.9991E-05 0.264649 0.120683
0.21122 0.29733 0.104933 0.207475 0.179043
0.256668 0.572178 9.9991E-05 0.11156 0.0594943
0.18449 0.6208 0.0204926 0.157833 0.0163844
0.520356 9.9982E-05 9.9982E-05 0.195501 0.283943
0.198896 0.472365 0.0129383 0.219804 0.0959969
0.122125 0.457534 0.034111 0.344935 0.0412949
0.0837553 0.595697 0.0420953 0.165934 0.112519
0.19805 0.561454 9.9982E-05 0.240296 9.9982E-05
0.200708 0.610506 0.0303013 0.140998 0.0174869
0.0146156 0.584586 0.084438 0.037196 0.279164
0.0933669 0.632723 0.14466 0.0343726 0.0948777
9.9991E-05 0.0877845 0.0835366 0.050385 0.778194
9.9991E-05 0.0939076 0.0876314 0.00833076 0.81003
0.00702973 0.556063 0.127262 0.105532 0.204114
0.0852951 0.416915 0.0159815 0.329119 0.152689
0.0969814 0.30257 9.9991E-05 0.364704 0.235645
0.201359 0.0642825 9.9991E-05 0.378367 0.355892
0.161448 0.409662 0.00322439 0.274743 0.150922
0.0758078 0.0854441 9.9991E-05 0.167108 0.67154
0.159248 0.155123 9.9991E-05 0.168185 0.517343
9.9982E-05 0.561682 9.9982E-05 0.167849 0.270268
0.0466162 0.446366 9.9991E-05 0.165807 0.341111
0.120977 0.262189 0.00460992 0.129242 0.482982
0.033639 0.412238 0.125062 0.233927 0.195134
9.9991E-05 0.52964 0.000972683 0.198132 0.271155
0.0286405 0.399541 0.174097 0.205879 0.191843
0.0114845 0.446418 0.0934028 9.9991E-05 0.448595
9.9991E-05 0.367919 0.135494 0.0840709 0.412417
9.9991E-05 0.5082 0.0768001 0.157258 0.257642
0.0332087 0.512294 0.0967599 0.0265909 0.331147
0.0904146 0.363621 0.0690111 0.203816 0.273138
9.9991E-05 0.521546 0.0602373 0.0344989 0.383618
9.9982E-05 0.333758 0.0604557 9.9982E-05 0.605586
0.0362767 0.698584 9.9991E-05 0.0485805 0.216459
9.9991E-05 0.321612 0.0118028 0.0134682 0.653017
9.9982E-05 0.487088 9.9982E-05 0.0640475 0.448664
0.0980192 0.657041 0.0561477 0.0715277 0.117265
9.9991E-05 0.448286 0.114953 0.134565 0.302097
0.193468 0.529764 9.9991E-05 0.196305 0.0803623
0.160293 0.470866 9.9991E-05 0.158885 0.209856
0.107917 0.299026 0.0631817 0.334637 0.195238
0.196299 0.23097 0.124548 0.278165 0.170018
0.226149 0.547062 0.0442726 0.134474 0.0480427
0.165255 0.460629 0.0410437 0.150693 0.182379
0.200802 9.9991E-05 0.020756 0.207666 0.570676
0.12627 0.657619 0.0181991 0.197811 9.9991E-05
0.389009 9.9982E-05 9.9982E-05 0.180291 0.4305
0.0510156 0.549159 9.9991E-05 0.262887 0.136838
9.9973E-05 0.210895 9.9973E-05 9.9973E-05 0.788805
0.0536693 0.0365919 0.0404898 9.9991E-05 0.869149
9.9982E-05 0.554553 9.9982E-05 0.0309223 0.414325
0.05511 0.628111 9.9991E-05 0.0483474 0.268331
9.9973E-05 0.499065 9.9973E-05 9.9973E-05 0.500635
9.9982E-05 0.610903 9.9982E-05 0.0719551 0.316942
0.00484613 0.696007 0.00495467 0.0100328 0.284159
0.802012 0.0742645 0.0301684 0.0452588 0.0482963
0.726581 9.9982E-05 0.153835 0.119383 9.9982E-05
0.886736 9.9982E-05 0.0353871 0.0776766 9.9982E-05
0.942974 0.0567257 9.9973E-05 9.9973E-05 9.9973E-05
0.086221 0.575606 0.0382833 0.0410906 0.258799
0.0473045 0.618337 0.0790636 0.049458 0.205837
9.9982E-05 0.681889 0.0795649 9.9982E-05 0.238346
0.122736 0.589906 0.100463 0.0615596 0.125336
0.0576637 0.563695 0.10734 0.115212 0.156089
0.0204709 0.388724 0.192276 9.9991E-05 0.398429
9.9982E-05 0.807705 9.9982E-05 0.00318367 0.188911
0.0265938 0.488722 9.9982E-05 9.9982E-05 0.484484
0.29058 0.550567 0.0164674 0.104937 0.0374481
9.9991E-05 0.518988 0.0483992 0.0793759 0.353137
9.9982E-05 0.557569 0.184906 9.9982E-05 0.257325
9.9982E-05 0.742026 0.0851057 9.9982E-05 0.172668
0.0110057 0.575371 0.162279 9.9991E-05 0.251244
9.9982E-05 0.729794 9.9982E-05 0.0362615 0.233744
0.110514 0.742419 9.9982E-05 9.9982E-05 0.146867
9.9973E-05 0.344845 9.9973E-05 9.9973E-05 0.654855
0.0079451 0.4449 0.0293953 9.9991E-05 0.51766
9.9982E-05 0.455317 0.0422949 9.9982E-05 0.502188
9.9973E-05 0.100165 9.9973E-05 9.9973E-05 0.899535
0.0490483 0.558855 0.068956 9.9991E-05 0.32304
9.9982E-05 0.26619 9.9982E-05 0.0136068 0.720004
9.9973E-05 0.0895869 9.9973E-05 9.9973E-05 0.910113
0.0742968 0.726507 9.9982E-05 9.9982E-05 0.198997
0.0488442 0.404016 0.173992 9.9991E-05 0.373048
9.9991E-05 0.561212 0.19784 0.0642868 0.17656
0.0525529 0.532837 0.0525969 0.197331 0.164682
0.0530403 0.703485 0.0251005 0.00117527 0.217199
9.9991E-05 0.395584 0.255799 0.0697732 0.278744
0.0558726 0.625579 0.106319 0.0509383 0.161292
0.0273858 0.607644 0.10889 0.0352798 0.2208
9.9973E-05 0.480418 9.9973E-05 9.9973E-05 0.519282
0.0634088 0.555496 0.126612 0.0711934 0.18329
0.686166 9.9982E-05 0.261435 9.9982E-05 0.0521995
0.763062 0.0722104 0.114846 9.9991E-05 0.0497813
0.806746 9.9982E-05 0.131719 9.9982E-05 0.0613347
0.827592 9.9982E-05 0.123848 9.9982E-05 0.04836
0.749477 9.9973E-05 0.250224 9.9973E-05 9.9973E-05
0.0119172 0.377593 0.245054 9.9991E-05 0.365336
0.0430696 0.302051 0.155286 9.9991E-05 0.499493
9.9973E-05 0.374886 9.9973E-05 9.9973E-05 0.624814
0.066856 0.559671 0.00727598 0.117202 0.248995
0.123776 0.464512 0.115063 0.073049 0.223601
0.0267674 0.493028 9.9982E-05 9.9982E-05 0.480005
0.002074 0.775328 9.9991E-05 0.0703409 0.152157
0.0496168 0.518714 9.9991E-05 0.0683033 0.363266
0.0623508 0.688184 0.0612513 0.0131231 0.175091
0.0386897 0.727059 9.9991E-05 0.0120939 0.222058
9.9982E-05 0.435111 0.173463 9.9982E-05 0.391227
9.9982E-05 0.53682 0.107325 9.9982E-05 0.355655
9.9982E-05 0.573874 0.194346 9.9982E-05 0.231581
0.173698 0.683546 9.9991E-05 0.0321422 0.110514
0.0314489 0.594496 0.117842 9.9991E-05 0.256113
0.0411383 0.614764 9.9991E-05 0.0110522 0.332945
0.118367 0.413667 0.019182 0.448684 9.9991E-05
0.141842 0.408707 0.039246 0.395706 0.0144994
0.116741 0.360572 9.9982E-05 0.522486 9.9982E-05
0.141974 0.315856 9.9991E-05 0.518409 0.0236615
0.117891 0.450877 0.0255529 0.386609 0.0190702
9.9982E-05 0.649509 9.9982E-05 0.0149535 0.335338
0.257764 0.028319 9.9991E-05 0.677569 0.0362482
0.194084 0.308385 9.9991E-05 0.489032 0.00839801
0.182731 0.427657 0.0234452 0.199086 0.16708
0.183119 0.654948 0.0158947 9.9991E-05 0.145938
0.132998 0.47494 0.088947 0.0170026 0.286112
0.0752947 0.634836 0.133912 0.0677198 0.0882385
0.106311 0.689479 0.0624345 9.9991E-05 0.141676
0.192539 0.286316 0.0100124 0.511032 9.9991E-05
0.106366 0.36463 0.0924171 0.406119 0.0304687
0.0758419 0.407735 9.9982E-05 0.516223 9.9982E-05
0.156706 0.567606 0.00789919 0.22021 0.047579
0.0598114 0.311456 9.9991E-05 0.52374 0.104893
0.173969 0.405215 9.9991E-05 0.294782 0.125935
0.141793 0.282517 9.9991E-05 0.560052 0.0155377
0.0745088 0.424381 0.0653855 0.413201 0.0225236
0.130797 0.671486 0.0253997 0.0051979 0.167119
0.167176 0.410071 0.0794843 0.343168 9.9991E-05
0.181188 0.166049 9.9982E-05 0.652563 9.9982E-05
0.14799 0.295253 0.0805091 0.390842 0.0854051
0.185804 0.299107 0.2372 9.9991E-05 0.277789
0.00170646 0.558262 0.0897704 0.196781 0.15348
0.141002 0.408595 0.061945 0.388358 9.9991E-05
0.100906 0.618941 0.141053 0.0939517 0.0451475
0.198243 0.561315 0.061759 9.9991E-05 0.178582
0.17343 0.274397 0.170384 0.275137 0.106652
0.289611 0.321281 0.01167 0.26835 0.109088
0.0267233 0.602162 0.0477878 0.209226 0.1141
0.103668 0.415033 0.0622189 0.373565 0.0455144
0.113632 0.418593 9.9991E-05 0.451198 0.0164771
0.211569 0.0679094 9.9991E-05 0.666899 0.0535222
0.106444 0.670747 9.9991E-05 0.0882716 0.134437
0.114277 0.5813 0.128445 9.9991E-05 0.175878
0.178142 0.224991 9.9991E-05 0.0706958 0.526071
0.140502 0.628661 0.0946473 0.0317462 0.104443
0.0989195 0.382714 0.29189 0.102905 0.123572
0.221295 0.478592 9.9991E-05 0.167059 0.132953
0.197928 0.481352 9.9991E-05 0.147832 0.172788
0.337652 9.9982E-05 9.9982E-05 0.239078 0.423069
0.379388 9.9982E-05 9.9982E-05 0.164314 0.456098
0.235365 0.32872 0.013834 0.11029 0.31179
0.379387 0.0067581 9.9991E-05 0.251556 0.362199
0.463371 9.9982E-05 9.9982E-05 0.266642 0.269787
0.137956 0.350588 9.9991E-05 0.204577 0.306778
0.20849 0.393949 9.9991E-05 0.211103 0.186359
0.271089 0.137837 0.0806913 0.2572 0.253183
0.345667 0.132563 9.9991E-05 0.173902 0.347768
0.109783 0.463699 9.9991E-05 0.209961 0.216456
0.230934 0.102757 0.0109312 0.202726 0.452652
0.493054 9.9982E-05 9.9982E-05 0.0784033 0.428343
0.122153 0.525951 0.0837462 0.214581 0.0535681
0.161587 0.272866 0.0815925 0.339089 0.144866
0.292145 0.49522 9.9982E-05 0.212435 9.9982E-05
0.17015 0.542435 9.9982E-05 0.287216 9.9982E-05
0.199662 0.546811 9.9991E-05 0.221341 0.0320856
0.178368 0.361333 9.9991E-05 0.333098 0.127101
0.370426 0.35075 0.0447992 0.233925 9.9991E-05
0.190233 0.503774 0.0418166 0.263171 0.001005
0.240246 0.486731 9.9982E-05 0.272823 9.9982E-05
0.266937 0.243329 0.0536672 0.277336 0.158731
0.149797 0.335743 0.116634 0.185814 0.212012
0.204351 0.50233 0.113271 0.153384 0.0266636
0.147811 0.57408 9.9991E-05 0.255 0.0230093
0.0829479 0.564964 0.117638 0.202823 0.0316272
0.308702 0.385982 9.9991E-05 0.278696 0.02652
0.251152 0.591427 9.9991E-05 0.0765999 0.0807212
0.375958 0.140559 9.9991E-05 0.244302 0.239082
0.131674 0.53286 0.0839792 0.251387 9.9991E-05
0.267868 0.13376 9.9991E-05 0.384533 0.213739
0.785562 0.0516803 0.0983316 9.9991E-05 0.0643263
0.0419179 0.0457142 0.800304 0.0326786 0.079385
9.997E-05 9.997E-05 0.9996 9.997E-05 9.997E-05
0.00374827 9.9973E-05 0.995952 9.9973E-05 9.9973E-05
9.997E-05 9.997E-05 0.9996 9.997E-05 9.997E-05
9.9973E-05 9.9973E-05 0.923876 0.075824 9.9973E-05
9.9982E-05 0.0434321 0.952946 0.00342205 9.9982E-05
0.0455452 9.9973E-05 0.954155 9.9973E-05 9.9973E-05
0.173046 9.9982E-05 0.805693 0.0210612 9.9982E-05
0.901269 0.0803375 0.0126322 9.9991E-05 0.00566126
0.812508 0.0302011 0.135947 0.0212433 9.9991E-05
0.871928 9.9991E-05 0.0328191 0.0941386 0.00101475
0.829796 0.0134479 0.143572 9.9991E-05 0.0130838
0.868628 0.0112346 0.0437106 0.0763267 9.9991E-05
0.904725 9.9982E-05 0.0604126 9.9982E-05 0.0346624
0.786744 9.9991E-05 0.0627223 0.145289 0.00514538
0.850886 9.9982E-05 9.9982E-05 0.116704 0.0322105
0.682019 0.027361 0.149992 0.0921535 0.0484738
0.952514 0.0138649 9.9982E-05 0.0334216 9.9982E-05
0.927758 0.0166595 0.0553824 9.9982E-05 9.9982E-05
0.902181 0.0455244 0.0367677 0.0154271 9.9991E-05
0.966808 9.9982E-05 0.0268805 0.00611202 9.9982E-05
0.942887 0.0568128 9.9973E-05 9.9973E-05 9.9973E-05
0.882248 0.116988 9.9982E-05 0.000563948 9.9982E-05
0.87912 0.0949458 9.9982E-05 0.0257338 9.9982E-05
0.788294 0.0953313 9.9982E-05 0.116174 9.9982E-05
0.79671 0.133825 9.9982E-05 0.0692649 9.9982E-05
0.839316 0.125998 9.9982E-05 0.0344854 9.9982E-05
0.159856 0.454726 0.0650624 0.0481932 0.272163
0.0929275 0.774303 0.00309073 0.00975824 0.119921
0.130361 0.659294 0.0358481 0.0285353 0.145961
0.0994659 0.118448 9.9991E-05 0.0528549 0.729132
0.166986 0.586178 0.171905 9.9991E-05 0.0748314
0.242869 0.137377 9.9991E-05 0.0194191 0.600236
0.145869 0.722375 9.9991E-05 0.0368866 0.0947697
0.0825866 0.442864 0.223245 9.9991E-05 0.251204
0.107322 0.605415 0.0682967 9.9991E-05 0.218866
0.0480622 0.608131 0.0564137 0.0269044 0.260489
0.106561 0.546149 0.156031 0.0103667 0.180892
0.143367 0.655829 9.9982E-05 9.9982E-05 0.200604
0.0956315 0.638138 0.177613 0.00419588 0.0844216
9.9991E-05 0.0936429 0.505549 0.0612546 0.339453
0.0646326 9.9982E-05 0.0815311 9.9982E-05 0.853636
0.121699 0.149196 9.9991E-05 0.0584978 0.670508
0.12565 0.6936 0.0396894 0.0778232 0.0632374
0.160206 0.589029 0.0856175 9.9991E-05 0.165047
0.122377 0.582661 9.9991E-05 0.0135493 0.281313
0.101039 0.580163 0.0617662 0.111268 0.145764
0.176408 0.53337 0.028205 0.196998 0.0650199
0.198864 0.552228 9.9982E-05 0.248708 9.9982E-05
0.364408 0.139883 0.179163 0.221072 0.095474
0.122435 0.607654 0.11688 0.0934236 0.0596075
0.207517 0.444214 0.117674 0.111579 0.119017
0.423306 9.9982E-05 9.9982E-05 0.173565 0.402929
0.326054 0.350974 9.9991E-05 0.215684 0.107188
0.328828 0.388664 0.0801545 0.15562 0.0467335
0.311717 0.515517 0.108506 0.0641599 9.9991E-05
0.230445 0.506475 0.068913 0.145074 0.0490926
0.264308 0.573546 9.9991E-05 0.0989702 0.0630754
0.171074 0.493628 0.055581 0.268354 0.0113637
0.210431 0.368656 9.9991E-05 0.215574 0.205238
0.470867 0.310509 0.0634698 0.155055 9.9991E-05
