0.0357123 0.0502158 0.00470423 0.909268 9.9991E-05
0.0193723 0.00147368 9.9982E-05 0.978954 9.9982E-05
0.0266829 9.9991E-05 0.0565301 0.880312 0.0363754
0.0424847 9.9982E-05 0.13296 0.824356 9.9982E-05
9.9973E-05 9.9973E-05 0.0899494 0.909751 9.9973E-05
0.0883312 0.0623868 0.0631915 0.669276 0.116814
0.0483594 9.9991E-05 0.020405 0.83886 0.0922759
0.126775 0.037193 9.9991E-05 0.742754 0.0931771
0.15479 9.9982E-05 9.9982E-05 0.834701 0.0103096
0.0577132 0.00926697 0.0582413 0.788539 0.0862395
0.0660763 9.9991E-05 0.0981134 0.771692 0.0640183
0.527107 0.0461988 0.28327 0.0199319 0.123493
0.283495 0.0695717 0.536092 0.083663 0.0271781
0.526933 0.0878858 0.290335 9.9991E-05 0.0947463
0.483694 0.149646 0.308741 0.00765042 0.050268
0.317171 0.153392 0.403665 0.0811852 0.0445864
0.214794 0.117204 0.548972 0.0393734 0.079657
0.294443 0.0827313 0.522125 0.0241771 0.0765231
0.437731 0.115662 0.264162 0.0965771 0.0858678
0.71553 0.013424 0.0643083 0.0258168 0.18092
0.361017 0.0475315 0.496493 9.9991E-05 0.0948586
0.126538 0.0864515 0.465061 0.087493 0.234457
0.222888 0.0532524 0.59801 0.0444843 0.0813651
0.450791 0.0814378 0.265273 0.0522871 0.150212
0.14542 0.09865 0.636765 0.0853537 0.0338109
0.280789 0.0450003 0.5949 0.0395961 0.0397148
0.52003 0.0325431 0.274125 0.0489674 0.124335
0.458318 0.078176 0.33146 0.0569709 0.0750756
0.494088 0.003141 0.294392 0.0196081 0.188771
9.9982E-05 0.017461 0.0946499 0.887689 9.9982E-05
9.9973E-05 9.9973E-05 0.113192 0.886509 9.9973E-05
0.010019 0.0956739 0.0949323 0.799275 9.9991E-05
9.9982E-05 0.0678415 0.161141 0.770817 9.9982E-05
0.06849 9.9991E-05 0.619528 0.0918125 0.22007
0.0673838 0.0378087 0.587248 0.110008 0.197552
0.00603755 0.0144827 0.649148 0.0217285 0.308603
0.669074 0.0150751 0.222973 0.0305929 0.0622846
9.9973E-05 9.9973E-05 0.456431 9.9973E-05 0.543269
0.17318 0.0659825 0.565442 0.0607294 0.134667
0.0191506 9.9991E-05 0.800467 0.0591565 0.121125
0.0839542 9.9991E-05 0.622105 0.14602 0.147821
0.111933 0.0317067 0.65354 0.119663 0.0831572
0.302339 9.9982E-05 0.336061 9.9982E-05 0.3614
0.0089489 0.045724 0.659536 0.112043 0.173748
0.0948982 0.0431275 0.671528 0.0745983 0.115848
0.0241734 0.0390085 0.663364 0.157783 0.115671
0.028371 9.9982E-05 0.491903 9.9982E-05 0.479526
0.0645686 9.9991E-05 0.705351 0.119768 0.110213
0.0382023 0.0588312 0.645357 0.139348 0.118261
0.0931439 9.9982E-05 9.9982E-05 0.0261872 0.880469
0.63474 9.9982E-05 0.208334 9.9982E-05 0.156727
0.260349 0.0856745 0.177316 0.013615 0.463045
0.14225 0.0238957 0.603488 0.0947319 0.135634
0.108065 0.0753252 0.614088 0.0587199 0.143802
0.0507543 0.0692964 0.633908 0.101366 0.144675
0.546637 0.0108031 0.238809 0.10327 0.100481
0.362278 0.0328432 0.583427 9.9991E-05 0.0213518
0.167681 0.102101 0.611261 0.0539975 0.0649599
0.270275 0.00621097 0.468545 0.143745 0.111224
0.508401 9.9991E-05 0.201912 0.153022 0.136565
0.169113 0.0370994 0.610047 0.0718998 0.111841
0.259151 0.0391853 0.520566 0.0797687 0.101329
0.600091 9.9991E-05 0.123491 0.0839692 0.192349
0.407824 9.9982E-05 0.530509 9.9982E-05 0.0614677
0.113805 0.0747164 0.63581 0.0281105 0.147558
0.121452 0.0484866 0.649248 0.0858152 0.0949982
0.412893 0.0575164 0.322754 0.0671052 0.139731
0.239882 0.0770065 0.529652 0.0272374 0.126222
0.192652 0.0914412 0.573961 0.0608687 0.0810769
0.505792 9.9991E-05 0.291992 0.0488861 0.15323
0.112639 9.9991E-05 0.675387 0.00523029 0.206644
0.233874 9.9982E-05 0.407016 9.9982E-05 0.35891
0.105178 0.0508099 0.576973 0.0790482 0.187991
0.0679841 9.9982E-05 0.190118 9.9982E-05 0.741698
0.0547637 9.9982E-05 0.183691 9.9982E-05 0.761345
0.0260247 9.9982E-05 0.432311 9.9982E-05 0.541464
0.170768 9.9991E-05 0.60455 0.0178925 0.206689
0.0760515 0.0912086 0.535732 0.118667 0.178342
0.0399001 0.00698529 0.647001 9.9991E-05 0.306013
0.347297 9.9991E-05 0.340538 0.00773947 0.304326
0.293071 9.9982E-05 0.439017 9.9982E-05 0.267712
0.0709123 0.0512172 0.638678 0.0833157 0.155876
0.198603 9.9991E-05 0.526836 0.0044591 0.270002
0.203515 9.9982E-05 0.599527 9.9982E-05 0.196758
0.048535 9.9982E-05 0.594767 9.9982E-05 0.356498
0.0922979 0.0282516 0.0437548 9.9991E-05 0.835596
0.0428565 0.0105779 0.746825 0.0248187 0.174922
0.0711867 9.9982E-05 0.079658 0.848955 9.9982E-05
9.9982E-05 0.00841593 0.0648248 0.926559 9.9982E-05
9.9982E-05 0.0579316 0.0897771 0.852091 9.9982E-05
9.9982E-05 0.0392745 0.024536 0.93599 9.9982E-05
0.0132972 0.0346708 9.9982E-05 0.951832 9.9982E-05
9.9982E-05 0.0277433 0.0860078 0.886049 9.9982E-05
9.9973E-05 9.9973E-05 0.0710329 0.928667 9.9973E-05
0.178043 0.0724657 0.555549 0.023359 0.170584
0.0252881 0.0826894 0.636052 0.114325 0.141646
0.334188 9.9982E-05 0.214201 9.9982E-05 0.451411
0.0478346 0.0496866 0.655183 0.10548 0.141815
0.21425 9.9982E-05 0.557699 9.9982E-05 0.227851
0.121098 9.9991E-05 0.652093 0.0701762 0.156532
9.9991E-05 0.0215858 0.668677 0.0505644 0.259073
0.0497994 0.0259874 0.646973 0.0351381 0.242102
0.452971 9.9982E-05 0.168259 9.9982E-05 0.37857
0.145168 0.0161772 0.612192 0.0950371 0.131425
0.0480586 0.0192354 0.731752 0.104213 0.096741
0.136327 0.0198095 0.642775 0.0878124 0.113277
0.0754022 0.00395529 0.380996 9.9991E-05 0.539547
9.9973E-05 9.9973E-05 0.646815 9.9973E-05 0.352885
0.206328 9.9982E-05 0.591476 9.9982E-05 0.201996
0.0450697 9.9982E-05 0.531124 9.9982E-05 0.423606
0.24284 9.9982E-05 0.582184 9.9982E-05 0.174775
0.0637874 0.0237508 0.64352 0.12931 0.139632
0.350974 0.0846835 0.288791 0.0144739 0.261078
0.315717 9.9991E-05 0.45346 0.100615 0.130107
0.203003 0.0602688 0.546121 0.131736 0.0588717
0.139577 0.091287 0.543071 0.0864889 0.139576
0.407294 0.0481906 0.498315 0.0155235 0.0306766
0.276248 0.0758186 0.585985 0.0469557 0.0149924
0.436718 0.00713382 0.487114 0.068934 9.9991E-05
0.180794 0.0774702 0.54896 0.0663876 0.126388
0.202259 0.0775502 0.638419 0.0627551 0.0190161
0.289946 0.00582952 0.586249 0.0739374 0.0440387
0.27525 9.9991E-05 0.630366 0.0501652 0.0441191
0.0901604 0.121909 0.601794 0.0642551 0.121881
0.144843 0.104579 0.581859 0.0648149 0.103904
0.168111 0.077498 0.624735 0.0162782 0.113378
0.159553 0.0769618 0.578388 0.0902165 0.0948801
0.187692 0.0808886 0.622527 0.00656446 0.102328
0.229579 0.100718 0.319799 0.0810492 0.268854
0.150498 0.0730615 0.617918 0.0660947 0.0924271
0.131321 0.0478684 0.67729 0.0721963 0.0713248
0.59649 0.0161707 0.289332 0.0225649 0.0754426
0.28981 0.0848223 0.169736 9.9991E-05 0.455531
0.249184 0.028563 0.555722 0.0629772 0.103554
0.327908 0.041114 0.0976873 9.9991E-05 0.53319
0.589966 9.9982E-05 0.385208 9.9982E-05 0.0246263
0.464497 9.9982E-05 0.49232 9.9982E-05 0.0429832
0.52526 9.9991E-05 0.411038 0.0127352 0.0508661
0.526149 0.00590341 0.393165 9.9991E-05 0.0746828
0.231338 0.0133264 0.628588 0.0639182 0.0628291
0.162924 0.0694164 0.613232 0.0849512 0.069476
0.206874 0.058935 0.614119 0.0616759 0.0583961
0.37057 0.0435612 0.1948 9.9991E-05 0.390969
0.0981469 0.0852443 0.494233 0.15164 0.170736
0.0559924 0.0348651 0.510181 0.113679 0.285282
0.0591785 9.9982E-05 9.9982E-05 0.165316 0.775306
0.045216 0.0735473 0.66401 0.0887095 0.128517
0.0575111 0.0680441 0.314129 0.108815 0.451501
0.052626 0.0905397 0.534132 0.139698 0.183004
0.0881466 9.99982E-05 0.261742 0.137697 0.512315
0.10821 9.9991E-05 0.104418 0.140218 0.647054
0.094463 0.028744 0.416039 0.0765304 0.384224
0.0777818 0.0811389 0.512418 0.163266 0.165395
0.135416 0.0538918 0.469798 0.16673 0.174163
0.0914218 0.0682622 0.140047 0.0815262 0.618743
0.0811851 0.0785199 0.586791 0.124187 0.129317
0.0852963 9.9982E-05 0.390605 9.9982E-05 0.523899
0.130406 9.9991E-05 0.494203 0.0091202 0.366171
0.0612227 0.0549394 0.598756 0.105036 0.180045
0.0183252 0.270488 0.120798 0.383837 0.206551
9.9982E-05 0.160919 9.9982E-05 0.512109 0.326772
9.9982E-05 0.13989 9.9982E-05 0.500387 0.359523
9.9991E-05 0.278861 0.0793865 0.380921 0.260732
9.9982E-05 9.9982E-05 0.671705 0.00922625 0.318869
0.0622668 0.0483857 0.69215 0.0876727 0.109525
0.00650709 0.664953 0.32834 9.9982E-05 9.9982E-05
0.108695 0.448914 0.415529 0.0159101 0.0109516
0.0898316 0.394317 0.387222 0.0714803 0.0571494
0.049974 0.050629 0.281711 0.0388602 0.578825
0.105628 0.0837142 0.510969 0.117356 0.182333
0.0832046 0.00514271 0.306563 9.9991E-05 0.604989
9.9991E-05 0.00504024 0.628452 0.104778 0.26163
0.0147631 0.0446542 0.512808 0.0732937 0.354481
9.9991E-05 0.0157372 0.628287 0.0230097 0.332866
9.9991E-05 0.0247897 0.234506 0.0456357 0.694969
0.0228493 0.0399601 0.661229 0.077614 0.198348
0.0152416 0.0673432 0.618057 0.0918954 0.207462
9.9982E-05 0.976038 0.0171726 9.9982E-05 0.00658965
0.0149218 0.885371 0.0995076 9.9982E-05 9.9982E-05
0.111933 0.552906 0.288158 0.0469033 9.9991E-05
0.0222447 0.625227 0.352328 9.9982E-05 9.9982E-05
0.0330521 0.833364 0.133384 9.9982E-05 9.9982E-05
9.997E-05 0.9996 9.997E-05 9.997E-05 9.997E-05
0.023036 0.932821 0.0439434 9.9982E-05 9.9982E-05
9.9973E-05 0.858647 0.141053 9.9973E-05 9.9973E-05
0.0730355 0.926665 9.9973E-05 9.9973E-05 9.9973E-05
9.997E-05 0.9996 9.997E-05 9.997E-05 9.997E-05
9.997E-05 0.9996 9.997E-05 9.997E-05 9.997E-05
0.0252685 0.768032 0.203744 0.00285581 9.9991E-05
0.0615238 0.800484 0.103714 0.0341784 9.9991E-05
9.997E-05 0.9996 9.997E-05 9.997E-05 9.997E-05
0.100122 0.408367 0.355097 0.0784948 0.0579188
0.0365874 0.66148 0.263301 0.038532 9.9991E-05
9.9982E-05 0.829555 0.139245 0.0310003 9.9982E-05
0.0060088 0.914343 0.0794482 9.9982E-05 9.9982E-05
9.997E-05 0.9996 9.997E-05 9.997E-05 9.997E-05
9.9982E-05 0.96963 0.0278942 0.00227614 9.9982E-05
9.997E-05 0.9996 9.997E-05 9.997E-05 9.997E-05
0.0468233 0.647529 0.242883 0.0262127 0.0365529
0.0139998 0.978424 9.9982E-05 9.9982E-05 0.00737612
9.9982E-05 0.0644095 9.9982E-05 0.350598 0.584793
0.0156309 0.119971 0.370901 0.246808 0.246689
9.9991E-05 0.0684482 0.449153 0.210716 0.271583
9.9991E-05 0.152858 0.142232 0.244419 0.46039
0.0650173 0.142348 0.42322 0.165511 0.203904
9.9991E-05 0.143155 0.0740103 0.292454 0.490281
0.0807134 0.105286 0.455558 0.198972 0.15947
9.9991E-05 0.150391 0.285558 0.228651 0.3353
9.9991E-05 0.144387 0.455154 0.184156 0.216202
9.9991E-05 0.156046 0.366424 0.200236 0.277194
9.9991E-05 0.150093 0.434432 0.214841 0.200534
0.04282 9.9991E-05 0.0457961 0.902726 0.00855814
0.01159 0.0673403 9.9991E-05 0.906214 0.0147561
0.0184905 9.9982E-05 0.0183814 0.962928 9.9982E-05
9.9973E-05 9.9973E-05 9.9973E-05 0.995751 0.00394955
0.0146037 9.9982E-05 0.0459689 0.939227 9.9982E-05
0.00299508 0.00114441 0.0161096 0.979651 9.9991E-05
9.9982E-05 0.00839905 0.0645583 0.926843 9.9982E-05
0.0548614 9.9982E-05 0.00140353 0.943535 9.9982E-05
0.036908 0.0300844 0.0200324 0.904996 0.00797907
0.0552678 0.0294823 9.9991E-05 0.911484 0.00366619
0.293334 9.9982E-05 9.9982E-05 0.609362 0.0971045
0.358159 9.9982E-05 9.9982E-05 0.622416 0.0192249
0.378021 9.9982E-05 9.9982E-05 0.528479 0.0932994
0.422903 9.9982E-05 9.9982E-05 0.47157 0.105327
0.255371 0.0301486 0.544957 0.0545568 0.114967
0.16751 0.0326803 0.561134 0.0323112 0.206364
0.281492 9.9991E-05 0.659544 0.0256768 0.0331866
0.356064 9.9982E-05 0.472759 9.9982E-05 0.170977
0.652651 0.0213909 0.227975 9.9991E-05 0.0978829
0.0394884 0.0428291 0.732633 0.0467629 0.138287
0.158716 0.0114007 0.731138 9.9991E-05 0.0986457
0.0471651 0.0236394 0.624052 9.9991E-05 0.305044
0.0102784 9.9982E-05 0.566892 9.9982E-05 0.42263
0.0716737 0.0061262 0.690355 0.0712609 0.160584
0.178082 9.9991E-05 0.569687 0.00983966 0.242291
0.0734167 9.9982E-05 0.167615 9.9982E-05 0.758768
0.147277 9.9991E-05 0.660746 0.0948962 0.0969805
9.9973E-05 9.9973E-05 0.324526 9.9973E-05 0.675174
0.0949136 9.9991E-05 0.645646 0.0218333 0.237508
0.362018 9.9982E-05 0.32119 9.9982E-05 0.316592
0.794467 9.9982E-05 9.9982E-05 0.161888 0.0434447
0.733929 9.9991E-05 0.0874797 0.139415 0.0390767
0.801344 9.9991E-05 0.0363538 0.106726 0.0554766
0.805313 9.9982E-05 9.9982E-05 0.140996 0.0534912
0.784028 9.9991E-05 0.110001 0.0685182 0.0373528
0.749935 0.0134541 0.109337 0.0855945 0.0416801
0.0185011 0.0303617 0.0642618 0.886775 9.9991E-05
0.0431271 0.0146444 0.108695 0.833434 9.9991E-05
9.9991E-05 0.0493539 0.139968 0.793303 0.0172751
0.0692418 0.0613012 0.0268269 0.84253 9.9991E-05
0.023023 0.042915 0.134763 0.799199 9.9991E-05
0.559292 9.9982E-05 9.9982E-05 0.403413 0.0370949
0.547179 9.9982E-05 9.9982E-05 0.452213 0.000408201
0.536671 0.00932641 0.017075 0.436828 9.9991E-05
0.0103514 9.9982E-05 0.123449 0.866 9.9982E-05
0.563824 9.9982E-05 9.9982E-05 0.410611 0.0253658
9.9991E-05 0.327673 0.270078 0.300709 0.101441
0.0325037 0.247659 0.554442 0.152843 0.0125522
9.9982E-05 0.231599 0.549439 0.218762 9.9982E-05
9.9991E-05 0.272779 0.315614 0.287476 0.124031
0.07947 0.135819 0.548277 0.187434 0.0490005
9.9982E-05 0.315616 9.9982E-05 0.447298 0.236886
0.429642 9.9991E-05 0.49828 0.0106912 0.0612865
0.189883 0.0133529 0.505182 0.00354944 0.288033
0.55178 0.00442608 0.346195 9.9991E-05 0.0974993
0.15636 0.0546489 0.532747 9.9991E-05 0.256144
0.319352 9.9973E-05 9.9973E-05 9.9973E-05 0.680348
0.193597 0.0478412 0.599263 0.110606 0.0486929
0.172739 0.050462 0.562739 0.00566333 0.208397
0.438339 9.9991E-05 0.41154 0.0365853 0.113436
0.194087 0.0732083 0.558603 0.0952 0.0789016
0.310828 9.9982E-05 0.173188 9.9982E-05 0.515783
0.152817 0.0453332 0.592711 0.0417044 0.167434
0.383661 0.0461146 0.539126 0.00984127 0.021257
0.0904303 0.198544 0.4228 0.104991 0.183234
0.243046 0.037798 0.365885 9.9991E-05 0.353171
0.196082 0.0680256 0.430056 9.9991E-05 0.305737
0.187933 0.0331021 0.60947 0.018808 0.150687
0.164835 9.9982E-05 0.599804 9.9982E-05 0.235161
0.0239687 0.0822127 0.658272 0.0843309 0.151216
0.126184 0.059412 0.532526 0.152431 0.129447
0.128209 0.0443273 0.598514 0.114018 0.114932
9.9982E-05 0.0319306 0.120951 0.846918 9.9982E-05
9.9973E-05 9.9973E-05 0.107791 0.891909 9.9973E-05
0.0211328 9.9982E-05 0.0719765 0.906691 9.9982E-05
0.0312416 0.026697 0.0342332 0.907728 9.9991E-05
9.9973E-05 9.9973E-05 0.0877484 0.911952 9.9973E-05
0.642997 0.044698 0.139815 0.0261581 0.146332
0.190998 0.0981499 0.559354 0.0685526 0.0829462
0.00103149 0.270894 0.402577 0.222128 0.103369
0.238206 0.0741711 0.647738 0.039785 9.9991E-05
0.391367 0.0411117 0.539896 0.0275254 9.9991E-05
0.303046 0.0664179 0.283206 9.9991E-05 0.347231
0.789558 9.9991E-05 0.0386721 0.0655189 0.106151
0.40211 0.0221374 0.515471 0.0508627 0.00941873
0.6125 0.0654105 0.269304 0.033432 0.0193539
0.170687 0.052666 0.466562 0.0919176 0.218168
0.642695 9.9991E-05 0.193844 0.096159 0.0672023
0.236341 0.100853 0.578582 0.0741662 0.0100588
0.63063 0.028201 0.192526 0.0380995 0.110544
0.273993 0.0944014 0.30172 0.0233563 0.306529
0.0913428 0.0138794 0.573645 0.086719 0.234413
0.104378 9.9991E-05 0.343992 0.0359531 0.515578
0.00491522 0.0332999 0.564374 0.0617993 0.335612
0.0257631 0.0137587 0.626744 0.154358 0.179377
0.0314917 9.9991E-05 0.321399 0.0484521 0.598557
0.0886471 0.0351768 0.537741 0.107553 0.230882
0.0424112 9.9991E-05 0.553684 0.0630044 0.340801
0.00381325 9.9991E-05 0.173273 0.0292081 0.793606
0.0198312 9.9991E-05 0.225596 0.0607417 0.693731
0.0378781 9.9991E-05 0.513268 0.0762423 0.372512
0.0963064 9.9982E-05 0.122533 9.9982E-05 0.780961
0.0941247 9.9991E-05 0.471336 0.0248403 0.409599
0.734152 0.0253134 0.187234 9.9991E-05 0.0531997
0.343207 0.0853531 0.242083 9.9991E-05 0.329257
0.468978 0.109601 0.411348 0.00710112 0.0029716
0.213897 0.0537596 0.625494 0.0573449 0.0495039
0.628969 0.0402477 0.268488 9.9991E-05 0.0621956
0.223963 0.0944114 0.508953 0.047317 0.125356
0.277689 0.0640995 0.581898 0.0762133 9.9991E-05
0.272717 0.071116 0.520064 9.9991E-05 0.136003
0.334693 0.0793503 0.51179 0.00693654 0.0672308
0.426601 0.0418886 0.50748 0.0239303 9.9991E-05
0.563727 0.0322744 0.327892 9.9991E-05 0.0760066
0.47397 0.0623675 0.451422 9.9991E-05 0.01214
0.199411 0.0605354 0.624358 0.00262906 0.113066
0.175853 0.131305 0.581685 0.0465406 0.0646169
0.307289 0.129576 0.32037 0.0273915 0.215373
0.221961 0.12816 0.487078 9.9991E-05 0.162701
0.486464 0.0742543 0.408655 9.9991E-05 0.0305264
0.306055 0.0819069 0.595552 9.9991E-05 0.0163858
0.323467 0.0694823 0.496311 0.0348312 0.0759087
0.125571 0.0489925 0.594691 0.128791 0.101955
0.0548273 0.120709 0.479751 0.344612 9.9991E-05
0.0474013 0.178021 0.558699 0.122414 0.0934649
0.0658589 0.123183 0.484362 0.204118 0.122478
0.0905928 0.186251 0.506243 0.120782 0.0961313
9.9991E-05 0.249019 0.431122 0.209412 0.110347
0.189352 0.0101937 0.538532 9.9991E-05 0.261822
0.03733 0.146704 0.549161 0.159022 0.107783
0.0698856 0.229576 0.00885856 0.240633 0.451047
0.0334045 0.116269 0.627882 0.13808 0.084364
0.00421923 0.174243 0.582711 0.163425 0.075402
0.0828023 0.178793 0.532059 0.10755 0.0987957
9.9991E-05 0.14023 0.326706 0.223345 0.309619
0.0266114 0.162343 0.571249 0.206712 0.0330842
0.00100863 0.161488 0.566102 0.186151 0.0852502
9.9982E-05 0.122735 9.9982E-05 0.539899 0.337166
0.0356927 0.14505 0.573377 0.187215 0.058665
9.9991E-05 0.202479 0.558894 0.179767 0.0587597
0.0382417 0.126471 0.6162 0.11793 0.101157
9.9991E-05 0.22393 0.539639 0.194032 0.0422999
0.0397189 0.13188 0.537128 0.233346 0.0579269
0.0306387 0.0144715 0.539572 0.0411861 0.374132
0.0711597 0.0485215 0.574187 0.115338 0.190794
0.0869483 0.0150913 0.0457474 9.9991E-05 0.852113
0.0644712 9.9991E-05 0.102979 0.000646937 0.831803
0.0724525 0.0307374 0.56042 0.106676 0.229715
9.9991E-05 0.322124 0.366014 0.159061 0.1527
9.9991E-05 0.273226 0.388623 0.198694 0.139358
9.9991E-05 0.31965 0.185439 0.199806 0.295005
9.9991E-05 0.305475 0.330998 0.155706 0.20772
9.9991E-05 0.0705055 0.13768 0.119211 0.672503
9.9991E-05 0.0992275 0.190098 0.106502 0.604073
0.00862569 0.101047 0.601767 0.0178679 0.270693
9.9991E-05 0.131747 0.464269 0.0750814 0.328802
0.000132363 0.0633469 0.303015 0.0947945 0.538712
0.0582166 0.0856028 0.549905 0.0927435 0.213532
9.9991E-05 0.0771282 0.672946 0.0420359 0.20779
0.0117093 0.111958 0.543085 0.104033 0.229214
9.9982E-05 0.015922 0.42238 9.9982E-05 0.561498
0.0684274 9.9991E-05 0.4765 0.0380627 0.41691
0.108041 0.0345539 0.608477 0.0161653 0.232763
0.115734 0.0500586 0.501841 0.0244445 0.307922
0.0459719 0.019833 0.606684 0.123318 0.204194
9.9982E-05 9.9982E-05 0.569163 0.0264447 0.404192
0.0144844 9.9982E-05 0.306555 9.9982E-05 0.67876
0.00137482 0.0305998 0.707403 9.9991E-05 0.260523
0.0772888 0.0234456 0.246933 9.9991E-05 0.652233
9.9982E-05 9.9982E-05 0.584169 0.0307589 0.384872
0.0770908 0.00931175 0.589956 0.0892833 0.234358
0.0236962 0.0190753 0.63776 0.0589728 0.260496
0.115237 0.148205 0.442878 0.182332 0.111348
0.0582581 0.144324 0.502374 0.189909 0.105135
9.9991E-05 0.282946 0.325689 0.20458 0.186685
0.0241115 0.274628 0.325109 0.209395 0.166756
0.0446009 0.191406 0.441605 0.19221 0.130179
9.9991E-05 0.147738 0.473736 0.200054 0.178373
9.9982E-05 0.179754 9.9982E-05 0.181613 0.638433
0.00784147 0.202961 0.568593 0.102676 0.117929
9.9982E-05 0.134936 9.9982E-05 0.36477 0.500094
9.9991E-05 0.179611 0.571315 0.0492103 0.199764
9.9973E-05 9.9973E-05 0.262504 9.9973E-05 0.737196
0.037344 9.9982E-05 0.116074 9.9982E-05 0.846382
0.02547 0.00476546 0.559955 0.0202861 0.389524
0.00165213 0.0438145 0.661702 0.0289723 0.263859
0.0127065 9.9982E-05 0.540128 9.9982E-05 0.446965
9.9991E-05 0.0143862 0.658278 0.0148655 0.31237
9.9973E-05 9.9973E-05 0.660032 9.9973E-05 0.339668
0.0718909 0.0178156 0.0222956 0.876242 0.0117562
0.0875933 0.0483862 0.0452889 0.777639 0.041093
0.0328656 0.022865 9.9982E-05 0.944069 9.9982E-05
9.9973E-05 9.9973E-05 0.0321482 0.967552 9.9973E-05
0.0415784 0.00680877 0.671334 0.0399802 0.240299
0.117666 9.9991E-05 0.658604 0.0535722 0.170058
0.14072 9.9991E-05 0.683346 0.00525559 0.170579
0.0981854 0.00880931 0.681454 0.0842679 0.127283
0.0731624 0.0284715 0.641731 0.107547 0.149088
0.258103 9.9991E-05 0.433224 0.0235885 0.284984
0.0140316 9.9991E-05 0.782057 0.0197663 0.184045
0.0154663 9.9982E-05 0.447467 9.9982E-05 0.536867
0.0705174 0.177424 0.400902 0.351057 9.9991E-05
0.0471955 0.00214159 0.554435 9.9991E-05 0.396128
0.166692 9.9982E-05 0.541989 9.9982E-05 0.291119
0.00974396 0.000179093 0.643784 9.9991E-05 0.346193
0.234295 0.0114615 0.561332 0.00644611 0.186465
0.00588312 0.0207144 0.677825 0.00476781 0.290809
0.0991369 9.9991E-05 0.675438 0.0560776 0.169248
9.9973E-05 9.9973E-05 0.216013 9.9973E-05 0.783687
0.0196574 9.9982E-05 0.472393 9.9982E-05 0.50775
0.0253663 9.9982E-05 0.511264 9.9982E-05 0.46317
9.9973E-05 9.9973E-05 0.0684801 9.9973E-05 0.93122
0.200996 9.9991E-05 0.568648 0.0311281 0.199127
0.0246302 9.9982E-05 0.242072 9.9982E-05 0.733098
0.0834214 9.9982E-05 0.0316604 9.9982E-05 0.884718
0.0211301 0.00735171 0.684518 0.075167 0.211833
0.303068 9.9991E-05 0.358364 0.0179986 0.320469
0.181151 9.9982E-05 0.603274 9.9982E-05 0.215375
0.0235188 0.0447906 0.645302 0.131751 0.154638
0.196098 9.9991E-05 0.62471 0.02379 0.155303
0.263663 0.0631653 0.379492 9.9991E-05 0.29358
0.110822 0.0266011 0.650683 0.0476539 0.16424
0.155301 9.9991E-05 0.676423 0.0128423 0.155334
0.0534574 9.9982E-05 0.472075 9.9982E-05 0.474268
0.0998414 0.0483191 0.585644 0.121628 0.144567
0.285417 9.9982E-05 9.9982E-05 0.686347 0.0280361
0.166838 9.9991E-05 0.00639018 0.770061 0.0566116
0.134321 9.9982E-05 9.9982E-05 0.853342 0.0121369
0.155406 9.9973E-05 9.9973E-05 0.844294 9.9973E-05
0.190001 9.9991E-05 0.0141401 0.778166 0.0175928
0.332919 9.9991E-05 0.319703 0.020214 0.327064
0.307639 9.9982E-05 0.343106 9.9982E-05 0.349055
0.0164314 9.9982E-05 0.396107 9.9982E-05 0.587261
0.108298 0.041707 0.631339 0.0853306 0.133326
0.107325 0.113773 0.557675 0.0531863 0.168041
0.0294745 9.9991E-05 0.444655 0.0131009 0.51267
0.0172614 0.0562565 0.69132 0.0162554 0.218907
0.0342341 0.0167117 0.540976 0.0606292 0.347449
0.158351 9.9991E-05 0.656069 0.0255285 0.159952
0.0894861 0.0772523 0.657993 0.0376866 0.137582
0.299359 9.9982E-05 0.388339 9.9982E-05 0.312102
0.24732 9.9982E-05 0.490791 9.9982E-05 0.261689
0.235502 9.9982E-05 0.472367 9.9982E-05 0.291931
0.0621394 0.0198728 0.695143 0.128293 0.094552
0.24867 9.9982E-05 0.557777 9.9982E-05 0.193353
0.210799 9.9982E-05 0.565636 9.9982E-05 0.223365
0.0238911 0.400783 0.446662 0.100269 0.0283959
0.0450698 0.461658 0.353351 0.123452 0.0164696
9.9982E-05 0.396957 0.486843 0.116001 9.9982E-05
0.00288757 0.509718 0.286556 0.168865 0.031974
0.0224777 0.267659 0.551131 0.130783 0.0279498
9.9982E-05 9.9982E-05 0.594708 0.0826001 0.322492
9.9982E-05 0.651867 9.9982E-05 0.281518 0.0664149
0.0266917 0.485781 0.293514 0.166028 0.0279849
9.9991E-05 0.156856 0.409296 0.193137 0.240612
0.0694149 0.00741563 0.584049 0.17779 0.161331
0.0642193 0.034053 0.516985 0.183329 0.201413
0.0127304 0.03796 0.602399 0.172409 0.174501
0.0285355 0.077887 0.615407 0.163198 0.114973
9.9982E-05 0.457228 0.358227 0.184345 9.9982E-05
0.0484341 0.384959 0.433199 0.123084 0.0103248
9.9982E-05 0.494784 0.380744 0.124272 9.9982E-05
0.0345416 0.28179 0.520255 0.1373 0.0261128
0.024885 0.51412 0.224931 0.160572 0.0754917
0.0475351 0.374495 0.405037 0.0980648 0.0748684
9.9991E-05 0.535461 0.249431 0.136171 0.0788374
0.0621734 0.297352 0.455802 0.162961 0.0217111
9.9982E-05 9.9982E-05 0.526757 0.141673 0.33137
0.0271424 0.354496 0.44188 0.141167 0.0353143
9.9991E-05 0.590656 0.146967 0.226599 0.0356775
0.07053 0.418152 0.372062 0.0973195 0.0419363
0.145281 9.9991E-05 0.332642 0.223113 0.298864
9.9991E-05 0.0464929 0.626785 0.0907416 0.235881
0.0528747 0.36177 0.373971 0.175994 0.0353894
0.0311535 9.9991E-05 0.616301 0.186297 0.166149
0.0624999 9.9991E-05 0.524539 0.21486 0.198001
0.014775 0.194341 0.407735 0.216685 0.166464
0.00478411 0.251855 0.385153 0.226525 0.131683
0.0533514 0.039512 0.650269 0.136537 0.12033
0.0705683 0.295964 0.475114 0.150055 0.00829784
9.9982E-05 0.442479 0.465811 0.0915102 9.9982E-05
9.9991E-05 0.63811 0.109619 0.223364 0.028807
0.0759922 0.0713148 0.662125 0.0879062 0.102662
0.0500272 9.9991E-05 0.465101 0.218749 0.266022
9.9991E-05 0.0457899 0.142711 0.154717 0.656682
0.0422923 0.0544045 0.606518 0.143412 0.153374
0.147432 0.00579127 0.442852 0.137093 0.266832
9.9991E-05 0.171245 0.490263 0.206238 0.132154
9.9991E-05 0.0788506 0.557472 0.213462 0.150116
9.9982E-05 0.14036 9.9982E-05 0.410842 0.448598
9.9982E-05 0.0906729 9.9982E-05 0.388859 0.520268
9.9991E-05 0.112373 0.295851 0.22702 0.364656
9.9991E-05 0.204023 0.00538221 0.363045 0.42745
9.9982E-05 0.194663 9.9982E-05 0.49748 0.307657
9.9991E-05 0.0968529 0.385523 0.233711 0.283814
0.0329241 0.132417 0.380445 0.271976 0.182238
9.9991E-05 0.15889 0.129973 0.324031 0.387005
9.9991E-05 0.152116 0.0673793 0.322136 0.458269
0.0096608 0.101073 0.53011 0.205242 0.153914
9.9991E-05 0.128313 0.159395 0.295155 0.417036
9.9982E-05 0.068128 9.9982E-05 0.406107 0.525565
0.0430762 0.136953 0.537738 0.15641 0.125822
0.00405683 0.174275 0.345775 0.246395 0.229498
0.00615574 0.167065 0.415217 0.326339 0.0852235
9.9982E-05 0.220913 0.615291 0.163595 9.9982E-05
9.9991E-05 0.238518 0.508974 0.205208 0.0472002
9.9991E-05 0.26256 0.486023 0.161672 0.0896444
0.0807967 0.197702 0.338975 0.382426 9.9991E-05
0.0401635 0.191698 0.525069 0.236045 0.00702376
0.0103851 0.228887 0.466722 0.282786 0.0112202
9.9991E-05 0.271497 0.288568 0.243895 0.19594
0.134258 0.114891 0.403138 0.208894 0.138819
0.0416414 0.157747 0.499406 0.171174 0.130032
0.0573702 0.157286 0.564568 0.13387 0.0869054
0.0643219 0.113985 0.645337 0.138955 0.0374004
0.0226652 0.235502 0.414022 0.303856 0.0239557
0.0178213 0.206356 0.516529 0.243464 0.0158291
9.9991E-05 0.335084 0.0290247 0.367582 0.268209
0.0360896 0.127581 0.589699 0.223182 0.0234481
9.9991E-05 0.334113 0.148253 0.308919 0.208615
0.188675 9.9973E-05 9.9973E-05 0.811025 9.9973E-05
0.780259 0.00186615 0.152303 0.0654717 9.9991E-05
0.9996 9.997E-05 9.997E-05 9.997E-05 9.997E-05
0.9996 9.997E-05 9.997E-05 9.997E-05 9.997E-05
0.980134 0.0195666 9.9973E-05 9.9973E-05 9.9973E-05
0.9996 9.997E-05 9.997E-05 9.997E-05 9.997E-05
0.967207 9.9973E-05 0.0324931 9.9973E-05 9.9973E-05
0.9996 9.997E-05 9.997E-05 9.997E-05 9.997E-05
0.877443 9.9973E-05 9.9973E-05 0.122257 9.9973E-05
0.0669177 9.9991E-05 0.0212395 0.908412 0.00333108
0.140083 9.9982E-05 0.0688505 0.790867 9.9982E-05
0.0472516 9.9991E-05 0.0349895 0.892796 0.0248632
0.0911219 9.9982E-05 0.0362351 0.872443 9.9982E-05
0.0925375 0.0144156 0.00170866 0.891238 9.9991E-05
0.0044303 9.9982E-05 0.0634919 0.931878 9.9982E-05
0.0203701 0.10044 0.123078 0.756011 9.9991E-05
9.9973E-05 9.9973E-05 0.089338 0.910362 9.9973E-05
0.0884897 0.0823988 0.117796 0.710736 0.000580034
9.9982E-05 0.043099 0.043767 0.912934 9.9982E-05
9.997E-05 9.997E-05 9.997E-05 0.9996 9.997E-05
0.0298288 0.00970008 0.0689897 0.891381 9.9991E-05
0.0103319 9.9973E-05 9.9973E-05 0.989368 9.9973E-05
9.9973E-05 9.9973E-05 0.0436181 0.956082 9.9973E-05
9.9982E-05 0.0138596 0.0833641 0.902576 9.9982E-05
9.9982E-05 0.00230765 0.0645597 0.932933 9.9982E-05
9.9982E-05 0.0479864 0.0768625 0.874951 9.9982E-05
9.9982E-05 0.0158996 0.106715 0.877186 9.9982E-05
9.9982E-05 0.0803105 0.0875251 0.831964 9.9982E-05
0.0544125 9.9991E-05 0.445273 0.19723 0.302984
0.0364735 9.9991E-05 0.741974 0.0750304 0.146422
0.0250224 0.0332631 0.658696 0.162965 0.120053
9.9991E-05 0.0471904 0.0758259 0.123818 0.753066
0.100553 0.00645255 0.54276 0.145364 0.20487
9.9991E-05 0.0224617 0.0673748 0.193391 0.716672
9.9991E-05 0.0614278 0.642482 0.103753 0.192237
0.116426 9.9991E-05 0.442011 0.168859 0.272604
0.0855462 9.9991E-05 0.535033 0.191593 0.187728
0.134503 0.00187661 0.627783 0.0261431 0.209694
0.114699 9.9991E-05 0.514408 0.163548 0.207245
9.9991E-05 0.00195429 0.692424 0.13959 0.165932
0.0780964 9.9991E-05 0.552763 0.164632 0.204409
0.461362 0.114111 9.9982E-05 9.9982E-05 0.424327
9.9991E-05 0.00438348 0.0128382 0.164865 0.817813
9.9991E-05 0.0265554 0.131064 0.154937 0.687344
0.0280366 0.0446881 0.618884 0.127093 0.181298
9.9991E-05 0.0517601 0.481498 0.100486 0.366156
9.9982E-05 9.9982E-05 0.623432 0.121553 0.254815
0.0442592 0.0645786 0.676542 0.104391 0.110229
0.0656546 0.169579 0.455745 0.227691 0.0813303
9.9991E-05 0.143368 0.562765 0.2331 0.0606657
0.222504 0.130261 0.18446 0.39891 0.063864
0.10753 0.042738 0.613326 0.179495 0.0569107
0.133182 0.10977 0.451274 0.243652 0.062121
9.9982E-05 0.18577 9.9982E-05 0.442523 0.371508
9.9991E-05 0.209058 0.285728 0.318955 0.18616
0.0724254 0.149874 0.314786 0.375842 0.0870725
0.16633 0.0841903 0.432664 0.316716 9.9991E-05
0.0698431 0.156716 0.508308 0.152358 0.112774
0.0125896 0.112274 0.541081 0.249152 0.0849019
0.0226119 0.135059 0.62539 0.202018 0.014922
0.026988 0.189315 0.402681 0.183433 0.197584
0.071845 0.117577 0.240906 0.53515 0.0345212
