0.937067 0.0508003 0.00582035 0.00621199 9.9991E-05
0.986081 9.9973E-05 9.9973E-05 0.0136189 9.9973E-05
0.908045 9.9991E-05 0.0584239 0.0064092 0.0270214
0.858892 9.9982E-05 0.12472 0.0161881 9.9982E-05
0.920938 9.9973E-05 0.0787623 9.9973E-05 9.9973E-05
0.67816 0.0486178 0.084214 0.102931 0.0860771
0.847964 9.9991E-05 0.0141131 0.0273385 0.110484
0.768966 0.000951848 0.0348012 0.0631884 0.132092
0.840721 9.9982E-05 9.9982E-05 0.143028 0.0160505
0.779552 0.0175215 0.0539284 0.0441997 0.104798
0.77644 9.9991E-05 0.0928302 0.0439639 0.0866657
0.0402299 0.0114521 0.2989 0.539522 0.109897
0.0798347 0.0710354 0.56948 0.279549 9.9991E-05
0.0186374 0.100644 0.28691 0.541906 0.0519022
0.0327508 0.119954 0.317457 0.496934 0.0329051
0.0583548 0.150322 0.411166 0.336725 0.043432
0.0381397 0.0989597 0.59522 0.220021 0.0476589
0.0322195 0.0533366 0.531172 0.290961 0.0923108
0.119139 0.0777527 0.308029 0.423614 0.0714657
0.0220083 0.0179776 0.0655058 0.744706 0.149802
9.999E-05 0.0687951 0.459301 0.390038 0.0817664
0.0430496 0.109416 0.40356 0.172317 0.271657
0.0670425 0.0547334 0.572253 0.234912 0.071059
0.0899174 0.0563866 0.295351 0.481463 0.076882
0.119178 0.0864348 0.629663 0.164624 9.9991E-05
0.060454 0.0433419 0.56098 0.270578 0.0646461
0.0563592 0.0184437 0.268191 0.5542 0.102806
0.0421524 0.104057 0.311322 0.463195 0.0792737
0.032348 9.9991E-05 0.305815 0.504147 0.157591
0.89682 0.00186989 0.10111 9.9982E-05 9.9982E-05
0.89047 9.9973E-05 0.109231 9.9973E-05 9.9973E-05
0.812109 0.0873515 0.0770019 0.0234371 9.9991E-05
0.764498 0.065131 0.170171 9.9982E-05 9.9982E-05
0.0971879 9.9991E-05 0.579102 0.0932528 0.230357
0.105877 0.0391585 0.571763 0.143265 0.139937
0.00559962 0.0225314 0.676287 0.0422678 0.253314
0.0353391 9.9991E-05 0.237375 0.657028 0.0701584
9.9991E-05 0.0142887 0.416251 0.0342889 0.535071
0.0854161 0.0359853 0.63547 0.15052 0.0926085
0.0739076 9.9982E-05 0.777427 9.9982E-05 0.148465
0.144393 0.0160759 0.589346 0.0449882 0.205196
0.123524 0.0290853 0.602874 0.115892 0.128624
9.9982E-05 9.9982E-05 0.334017 0.357755 0.308028
0.0736359 0.0569922 0.669265 0.0495913 0.150516
0.111399 0.0398844 0.629303 0.0728709 0.146543
0.117671 0.0378756 0.647425 0.0874067 0.109622
9.9982E-05 9.9982E-05 0.514142 0.00533088 0.480328
0.0818313 0.0302973 0.719508 0.0419643 0.126399
0.141112 0.0266098 0.642972 0.0724561 0.11685
0.00787244 9.9982E-05 9.9982E-05 0.107546 0.884382
9.9982E-05 9.9982E-05 0.214959 0.647375 0.137466
0.0142735 0.0930103 0.152015 0.278176 0.462525
0.0658837 0.122548 0.570214 0.180727 0.0606266
0.105313 0.0901294 0.579614 0.123057 0.101886
0.121851 0.0725612 0.610075 0.0803816 0.115131
0.128925 0.0074768 0.24995 0.558535 0.0551131
0.00970329 0.0352234 0.594546 0.31147 0.0490573
0.109682 0.0904367 0.60676 0.153806 0.0393146
0.0976356 0.0472733 0.434501 0.279907 0.140684
0.154098 0.0433214 0.166767 0.500955 0.134859
0.0800477 0.0687005 0.577851 0.168202 0.105198
0.0752521 0.0568262 0.503378 0.279818 0.0847255
0.0744233 9.9991E-05 0.137522 0.609637 0.178317
9.9991E-05 0.0262978 0.466851 0.449377 0.0573742
0.0559367 0.0834142 0.621144 0.12617 0.113335
0.108801 0.0266593 0.648936 0.142726 0.0728775
0.0684436 0.0510324 0.334001 0.445715 0.100808
0.0817514 0.0766294 0.546437 0.239652 0.0555303
0.0453407 0.0871923 0.593476 0.165642 0.10835
0.0531445 9.9991E-05 0.284884 0.501463 0.160408
9.9982E-05 9.9982E-05 0.663592 0.139456 0.196752
9.9982E-05 9.9982E-05 0.421002 0.269623 0.309174
0.130571 0.029226 0.590963 0.129717 0.119522
9.9982E-05 9.9982E-05 0.205911 0.0936471 0.700242
9.9982E-05 9.9982E-05 0.183558 0.119798 0.696444
9.9982E-05 9.9982E-05 0.424567 0.00807877 0.567154
0.0227926 9.9991E-05 0.611099 0.214385 0.151623
0.110668 0.0982166 0.601969 0.0841907 0.104955
9.9982E-05 9.9982E-05 0.642133 0.0506975 0.30697
9.9982E-05 9.9982E-05 0.324742 0.386072 0.288986
9.9982E-05 9.9982E-05 0.420949 0.309056 0.269794
0.0527095 0.0913536 0.582054 0.135903 0.13798
9.9982E-05 9.9982E-05 0.533287 0.258858 0.207656
9.9982E-05 9.9982E-05 0.634258 0.210717 0.154825
9.9982E-05 9.9982E-05 0.625509 0.00410593 0.370185
9.9991E-05 0.0050437 0.0659687 0.0826187 0.846269
0.0159702 0.0549938 0.687116 0.0730112 0.168909
0.86113 9.9982E-05 0.0859004 0.0527694 9.9982E-05
0.93364 9.9973E-05 0.0660602 9.9973E-05 9.9973E-05
0.858466 0.0212572 0.120077 9.9982E-05 9.9982E-05
0.942206 0.0359746 0.0216197 9.9982E-05 9.9982E-05
0.939058 0.0449231 9.9982E-05 0.0158185 9.9982E-05
0.890449 0.0417496 0.0676015 9.9982E-05 9.9982E-05
0.941379 9.9973E-05 0.0583212 9.9973E-05 9.9973E-05
0.0942146 0.0848985 0.583703 0.131201 0.105983
0.0685214 0.113739 0.58487 0.145834 0.0870354
9.9982E-05 9.9982E-05 0.215645 0.372197 0.411958
0.0860577 0.0240253 0.655378 0.102745 0.131794
0.0142016 9.9991E-05 0.54197 0.23153 0.212198
0.0701225 9.9991E-05 0.681539 0.0830711 0.165168
0.043512 0.0260507 0.63979 0.0391582 0.251489
0.00565689 0.041189 0.61587 0.120278 0.217007
9.9982E-05 9.9982E-05 0.175745 0.456973 0.367082
0.133976 0.0380599 0.587307 0.143466 0.097191
0.0688437 0.0347768 0.731493 0.106358 0.0585291
0.122349 0.0616924 0.644466 0.0506347 0.120858
0.00193796 9.9991E-05 0.400855 0.0593811 0.537726
9.9982E-05 9.9982E-05 0.6617 0.0471979 0.290902
9.9982E-05 9.9982E-05 0.595266 0.227262 0.177272
9.9982E-05 9.9982E-05 0.5575 0.0506951 0.391605
0.0416061 9.9991E-05 0.580832 0.217354 0.160108
0.0866136 0.028169 0.637281 0.094204 0.153733
0.00363689 0.0944058 0.244568 0.368107 0.289282
0.0884382 9.9991E-05 0.463957 0.357794 0.0897107
0.126022 0.0523815 0.584503 0.127944 0.10915
0.0895994 0.0722654 0.585841 0.15348 0.0988143
0.0336227 0.0271329 0.517494 0.380513 0.041238
0.0370899 0.0445942 0.664164 0.254052 9.9991E-05
0.0726831 0.00489145 0.516104 0.406222 9.9991E-05
0.109123 0.0762688 0.518659 0.168199 0.12775
0.0814253 0.0856676 0.638394 0.157106 0.0374072
0.0655122 0.00959752 0.628095 0.186985 0.109811
0.0809023 9.9982E-05 0.642656 0.276241 9.9982E-05
0.053821 0.104351 0.567598 0.156053 0.118178
0.075559 0.0498285 0.606364 0.161148 0.107101
9.9991E-05 0.0805702 0.635544 0.190139 0.0936471
0.0904315 0.0728663 0.580185 0.123491 0.133027
0.0295421 0.0679134 0.609395 0.212121 0.081028
0.0912208 0.0896043 0.318795 0.242813 0.257567
0.0371933 0.0877135 0.610989 0.145736 0.118368
0.0602784 0.0447555 0.66788 0.106004 0.121082
9.9991E-05 0.0248814 0.279008 0.577116 0.118894
9.9991E-05 0.0850084 0.145102 0.330604 0.439186
0.039275 0.078764 0.504039 0.250005 0.127917
9.9991E-05 0.0497376 0.0888372 0.327591 0.533735
9.9982E-05 9.9982E-05 0.395674 0.53713 0.0669959
9.9982E-05 9.9982E-05 0.516443 0.449818 0.0335391
0.0351893 0.0131916 0.406008 0.472966 0.0726454
9.9991E-05 0.0215288 0.383691 0.510163 0.0845169
0.0874007 0.0359645 0.622875 0.222658 0.0311011
0.116609 0.0997737 0.554178 0.170994 0.0584449
0.0402174 0.0429345 0.676203 0.21008 0.0305652
9.9991E-05 0.056393 0.181214 0.402929 0.359363
0.165124 0.0450385 0.558624 0.0843816 0.146832
0.109801 0.0736962 0.490729 0.0606159 0.265158
0.168673 9.9982E-05 9.9982E-05 0.0440179 0.787109
0.103818 0.0845201 0.644067 0.0367255 0.13087
0.129754 0.0587814 0.325793 0.0587714 0.4269
0.153391 0.0608172 0.56339 0.0204675 0.201934
0.142269 0.016463 0.23969 0.107036 0.494542
0.120208 9.9991E-05 0.125488 0.132599 0.621606
0.0715826 0.0296746 0.432551 0.112615 0.353577
0.147718 0.0904373 0.469856 0.0454822 0.246506
0.208851 0.0510876 0.434563 0.0929584 0.21254
0.0694047 0.0797534 0.132718 0.122501 0.595623
0.080017 0.120415 0.525402 0.0843052 0.189861
9.9982E-05 9.9982E-05 0.3944 0.0578389 0.547561
9.9991E-05 0.00815995 0.485651 0.0926111 0.413478
0.134046 0.0414928 0.6317 0.0479348 0.144826
0.423873 0.241251 0.137756 9.9991E-05 0.19702
0.537535 0.136388 9.9982E-05 9.9982E-05 0.325878
0.498984 0.133604 9.9982E-05 9.9982E-05 0.367212
0.388842 0.281726 0.0682412 9.9991E-05 0.261091
0.0186531 0.011961 0.665288 9.9991E-05 0.303998
0.125884 0.0184235 0.636928 0.0209744 0.19779
9.9973E-05 0.674142 0.325558 9.9973E-05 9.9973E-05
0.0484625 0.453646 0.406646 0.0911448 9.9991E-05
0.0851339 0.392327 0.436327 0.0557107 0.0305022
0.0203041 0.0588721 0.277176 0.0403173 0.603331
0.113339 0.105778 0.481884 0.0743498 0.224649
0.011903 9.9991E-05 0.279929 0.0698269 0.638241
0.0933485 0.00576146 0.618 9.9991E-05 0.28279
0.0506326 0.0742895 0.49796 0.0370607 0.340057
0.0257249 0.0463498 0.604145 9.9991E-05 0.323681
0.033109 0.019603 0.235189 0.00663908 0.70546
0.0766076 0.0529366 0.693514 0.0192248 0.157717
0.115589 0.0669364 0.549868 0.0449953 0.222611
9.9982E-05 0.967361 0.0260604 0.0063789 9.9982E-05
9.9982E-05 0.900013 0.0743693 0.0254181 9.9982E-05
0.0343291 0.580206 0.279926 0.105439 9.9991E-05
9.9973E-05 0.635657 0.364043 9.9973E-05 9.9973E-05
9.9982E-05 0.801622 0.172185 0.0259925 9.9982E-05
9.997E-05 0.9996 9.997E-05 9.997E-05 9.997E-05
9.9973E-05 0.972135 9.9973E-05 0.0275651 9.9973E-05
9.9973E-05 0.859626 0.140074 9.9973E-05 9.9973E-05
9.9973E-05 0.949397 9.9973E-05 0.0503035 9.9973E-05
9.997E-05 0.9996 9.997E-05 9.997E-05 9.997E-05
9.997E-05 0.9996 9.997E-05 9.997E-05 9.997E-05
9.9982E-05 0.768863 0.204665 0.0262723 9.9982E-05
0.0456061 0.788167 0.110305 0.0558225 9.9991E-05
9.997E-05 0.9996 9.997E-05 9.997E-05 9.997E-05
0.103652 0.378203 0.380303 0.096614 0.0412271
0.0315361 0.669015 0.240069 0.0592798 9.9991E-05
0.0385469 0.837955 0.122896 0.000501086 9.9991E-05
9.9982E-05 0.895423 0.0818772 0.0225002 9.9982E-05
9.997E-05 0.9996 9.997E-05 9.997E-05 9.997E-05
0.00843466 0.953067 0.028122 0.0102764 9.9991E-05
9.997E-05 0.9996 9.997E-05 9.997E-05 9.997E-05
0.0703491 0.617276 0.281673 0.0306015 9.9991E-05
9.9973E-05 0.980514 9.9973E-05 0.0191858 9.9973E-05
0.327768 0.0755549 9.9982E-05 9.9982E-05 0.596477
0.237887 0.147618 0.309225 0.0116864 0.293584
0.220886 0.0790262 0.450517 9.9991E-05 0.249471
0.261977 0.113506 0.184765 9.9991E-05 0.439651
0.188049 0.133884 0.454141 0.0561366 0.16779
0.30619 0.126362 0.0899632 9.9991E-05 0.477385
0.191709 0.101346 0.500251 0.0202845 0.18641
0.216608 0.125472 0.294446 9.9991E-05 0.363374
0.193356 0.164211 0.468411 9.9991E-05 0.173922
0.230805 0.14562 0.368008 9.9991E-05 0.255468
0.201297 0.12631 0.481571 9.9991E-05 0.190722
0.911068 9.9991E-05 0.053515 0.0106006 0.0247165
0.921606 0.061658 9.9982E-05 9.9982E-05 0.0165359
0.956774 9.9973E-05 9.9973E-05 0.0429262 9.9973E-05
0.983594 9.9982E-05 9.9982E-05 0.00208002 0.0141259
0.919006 9.9982E-05 0.0416271 0.0391666 9.9982E-05
0.985705 9.9973E-05 0.0139948 9.9973E-05 9.9973E-05
0.935354 0.0246072 0.0209327 0.0190063 9.9991E-05
0.938972 9.9982E-05 0.00633282 0.0544954 9.9982E-05
0.919325 0.0236125 0.0346301 0.00548289 0.01695
0.923384 0.0299166 0.00237567 0.0344865 0.00983715
0.602355 9.9982E-05 9.9982E-05 0.331879 0.0655652
0.619422 9.9982E-05 9.9982E-05 0.357908 0.0224693
0.554003 9.9982E-05 9.9982E-05 0.354569 0.0912279
0.446865 9.9982E-05 9.9982E-05 0.434371 0.118563
0.0558686 0.00493083 0.565707 0.193951 0.179543
0.0208535 0.0408957 0.587449 0.190348 0.160454
9.9991E-05 0.0632708 0.584555 0.220743 0.131331
0.0128262 0.00130922 0.450083 0.377174 0.158608
9.9982E-05 9.9982E-05 0.26334 0.628664 0.107795
0.00449131 0.0406393 0.733082 0.130943 0.090845
9.9991E-05 0.010673 0.700396 0.152973 0.135857
0.0229713 9.9991E-05 0.649018 0.0586002 0.26931
9.9973E-05 9.9973E-05 0.557353 9.9973E-05 0.442348
0.0935911 0.0581096 0.640222 0.0435734 0.164504
9.9982E-05 9.9982E-05 0.561684 0.224505 0.21361
9.9982E-05 9.9982E-05 0.149915 0.089488 0.760397
0.0841451 0.0484115 0.603669 0.183469 0.080305
9.9973E-05 9.9973E-05 0.349886 9.9973E-05 0.649814
0.0606244 9.9991E-05 0.617879 0.0799031 0.241493
9.9982E-05 9.9982E-05 0.329863 0.360578 0.309359
0.142727 9.9982E-05 9.9982E-05 0.793373 0.0637007
0.109069 9.9991E-05 0.0653817 0.780174 0.0452753
0.104063 9.9991E-05 0.045551 0.805937 0.044349
0.117797 9.9982E-05 9.9982E-05 0.83357 0.0484327
0.0298559 0.00523421 0.114425 0.832982 0.017503
0.0804556 0.0280273 0.099952 0.775065 0.0164999
0.883412 0.0631924 0.0193331 0.0339622 9.9991E-05
0.831073 0.000552404 0.138291 0.0299837 9.9991E-05
0.81168 0.0252182 0.140986 0.0100248 0.0120904
0.853326 0.0614781 0.0275114 0.0575843 9.9991E-05
0.786306 0.0512743 0.144288 0.0180317 9.9991E-05
0.411998 9.9982E-05 9.9982E-05 0.559434 0.0283685
0.445578 9.9982E-05 9.9982E-05 0.542274 0.0119477
0.456676 0.0120325 0.0301361 0.496276 0.0048797
0.856421 9.9982E-05 0.128265 0.0151136 9.9982E-05
0.404291 0.00455406 9.9991E-05 0.554927 0.0361281
0.27328 0.341224 0.26043 9.9991E-05 0.124966
0.180765 0.24005 0.524789 9.9991E-05 0.0542954
0.214086 0.255103 0.530611 9.9982E-05 9.9982E-05
0.267111 0.283776 0.313891 9.9991E-05 0.135122
0.188425 0.194161 0.452558 0.126116 0.0387403
0.468219 0.312358 9.9982E-05 9.9982E-05 0.219223
0.00875604 9.9991E-05 0.498446 0.389092 0.103606
9.9991E-05 0.0374553 0.475372 0.211433 0.275639
9.9982E-05 9.9982E-05 0.350919 0.565664 0.0832173
9.9991E-05 0.0190783 0.564501 0.153286 0.263036
9.9973E-05 9.9973E-05 9.9973E-05 0.335482 0.664218
0.104894 0.0455568 0.613421 0.133102 0.103027
0.0451031 0.0617363 0.588714 0.151375 0.153071
0.0264127 9.9991E-05 0.408954 0.461409 0.103124
0.147031 0.0299193 0.605006 0.173518 0.0445263
9.9982E-05 9.9982E-05 0.195476 0.312962 0.491362
9.9991E-05 0.0859777 0.564824 0.162594 0.186504
0.0146016 9.9991E-05 0.562332 0.319671 0.103296
0.127371 0.156779 0.453564 0.0933251 0.168961
9.9991E-05 0.0542772 0.341339 0.304013 0.30027
9.9991E-05 0.0314392 0.483638 0.228058 0.256765
0.0498647 0.0195875 0.608231 0.195988 0.12633
0.0110209 9.9991E-05 0.611734 0.155614 0.221531
9.9991E-05 0.121003 0.645605 0.101733 0.131559
0.099982 0.045519 0.601921 0.151147 0.101432
0.0607849 0.06853 0.566479 0.209453 0.0947528
0.845233 0.0347193 0.119848 9.9982E-05 9.9982E-05
0.891108 9.9973E-05 0.108592 9.9973E-05 9.9973E-05
0.904116 9.9991E-05 0.0561582 0.0309346 0.00869103
0.914189 0.0332769 0.0375512 0.0148828 9.9991E-05
0.911981 9.9973E-05 0.0877191 9.9973E-05 9.9973E-05
0.0134965 0.0324475 0.176889 0.657647 0.119521
0.0453849 0.0771453 0.548066 0.163521 0.165883
0.204845 0.286704 0.335522 0.0591878 0.113741
0.0306741 0.0850894 0.645744 0.238393 9.9991E-05
0.0725682 0.0257461 0.561028 0.340558 9.9991E-05
9.9991E-05 0.0512992 0.261447 0.296213 0.390941
0.0625242 0.0118484 0.0389549 0.793744 0.0929287
0.0594683 0.0180671 0.52155 0.3492 0.0517146
0.0309536 0.0685159 0.258236 0.612165 0.0301292
0.0508833 0.0595579 0.497562 0.188252 0.203745
0.0608485 0.0151628 0.18194 0.659671 0.082378
0.094657 0.0479918 0.593987 0.246193 0.0171714
0.0547458 0.00835376 0.200398 0.61526 0.121242
9.9991E-05 0.117629 0.281657 0.28965 0.310964
0.131855 0.0387176 0.521851 0.0795824 0.227994
0.0546484 9.9991E-05 0.319005 0.09148 0.534766
0.10582 0.0310755 0.540033 0.0225181 0.300554
0.133457 0.0393797 0.571474 0.0772446 0.178444
0.0551338 9.9991E-05 0.293401 0.020305 0.63106
0.147602 0.0354905 0.55494 0.056107 0.20586
0.0786708 9.9991E-05 0.532482 0.0305989 0.358149
0.0150216 9.9991E-05 0.215453 0.0141395 0.755286
0.0512614 9.9982E-05 0.218539 9.9982E-05 0.73
0.0658533 9.9991E-05 0.522068 0.022678 0.3893
0.0153431 9.9991E-05 0.128113 0.0709571 0.785487
0.040168 0.00433288 0.471549 0.0821087 0.401841
9.9982E-05 0.021792 0.206324 0.771684 9.9982E-05
9.9991E-05 0.102534 0.206746 0.357573 0.333047
0.0130359 0.0998572 0.419563 0.467444 9.9991E-05
0.0688543 0.052533 0.599673 0.228456 0.0504837
9.9991E-05 0.0394967 0.256093 0.638794 0.0655161
0.0521146 0.0908466 0.534433 0.180583 0.142022
0.0274993 0.111401 0.546755 0.296364 0.0179808
0.00617011 0.0850265 0.537845 0.26672 0.104238
9.9991E-05 0.0911859 0.577408 0.299034 0.0322728
0.0134893 0.0717829 0.487219 0.427409 9.9991E-05
9.9991E-05 0.0240659 0.310972 0.594399 0.0704632
9.9991E-05 0.0441337 0.463329 0.468727 0.0237103
0.00478516 0.0522243 0.617538 0.172604 0.152849
0.0577369 0.104313 0.614907 0.109233 0.113809
0.0415139 0.131232 0.316483 0.293984 0.216786
9.9991E-05 0.142233 0.467832 0.20104 0.188795
0.0151048 0.0746638 0.405167 0.500818 0.00424638
0.0368369 0.0706967 0.578478 0.267816 0.0461727
0.0148092 0.092452 0.485194 0.376284 0.0312612
0.110751 0.0761893 0.586344 0.120333 0.106382
0.347318 0.14751 0.421074 0.0439592 0.0401394
0.11253 0.199342 0.549053 0.0332507 0.105824
0.212066 0.155157 0.502881 0.0534209 0.0764746
0.124424 0.171092 0.53225 0.0318309 0.140403
0.182068 0.222377 0.435271 9.9991E-05 0.160184
9.9991E-05 0.0189352 0.538424 0.161139 0.281401
0.184107 0.157928 0.522856 0.00815598 0.126952
0.246031 0.198524 0.0298889 0.0735386 0.452017
0.170081 0.164436 0.539743 0.0719318 0.0538079
0.160253 0.173846 0.527355 0.0500784 0.0884679
0.101745 0.198525 0.550184 0.091996 0.0575501
0.223389 0.117132 0.319458 0.023367 0.316653
0.228565 0.152569 0.543483 0.0474918 0.027891
0.163908 0.200654 0.520834 9.9991E-05 0.114504
0.531856 0.127579 9.9982E-05 9.9982E-05 0.340365
0.156663 0.193255 0.531351 0.107435 0.0112962
0.206573 0.244576 0.500016 9.9991E-05 0.0487345
0.111918 0.109191 0.599423 0.0182862 0.161182
0.212436 0.251733 0.501646 9.9991E-05 0.0340844
0.248025 0.118684 0.581728 0.0207643 0.0307987
0.0745991 0.0286966 0.503943 9.9991E-05 0.392661
0.0345218 0.118015 0.506343 0.0607709 0.280349
9.9982E-05 9.9982E-05 0.0281094 0.106246 0.865445
0.00244616 9.9991E-05 0.0640089 0.085356 0.848089
0.117657 0.037268 0.531275 0.060753 0.253047
0.158571 0.346989 0.338333 9.9991E-05 0.156008
0.170338 0.323391 0.323191 9.9991E-05 0.18298
0.196392 0.324053 0.185741 9.9991E-05 0.293714
0.193033 0.295106 0.332443 9.9991E-05 0.179317
0.126905 0.0729444 0.141158 9.9991E-05 0.658892
0.101279 0.0722405 0.216954 9.9991E-05 0.609426
0.0400725 0.0982838 0.604473 9.9991E-05 0.25707
0.0821482 0.159414 0.397943 9.9991E-05 0.360395
0.0505842 0.0902725 0.277084 9.9991E-05 0.58196
0.0646519 0.0683192 0.567919 0.0876948 0.211415
0.0654588 0.101126 0.553033 0.0258029 0.25458
0.0828228 0.0777091 0.558712 0.0240398 0.256716
9.9991E-05 0.0113259 0.438804 0.0191933 0.530577
0.0201736 0.0172083 0.465446 0.0895458 0.407626
0.0375332 0.0376891 0.60194 0.0299366 0.292901
0.0584114 0.029629 0.483449 0.0673778 0.361133
0.108262 0.0606212 0.582158 0.0161436 0.232815
0.0218173 0.033006 0.503187 9.9991E-05 0.44189
9.9991E-05 0.00414462 0.274317 0.0539046 0.667534
0.0243608 0.0420735 0.694481 9.9991E-05 0.238985
9.9982E-05 9.9982E-05 0.294008 0.0656695 0.640122
0.0625055 9.9982E-05 0.52207 9.9982E-05 0.415225
0.0806572 0.0243946 0.567422 0.0722963 0.25523
0.0615738 0.0445043 0.57515 0.0564761 0.262296
0.203124 0.119145 0.521545 9.9991E-05 0.156087
0.167106 0.15199 0.459175 0.0599937 0.161735
0.226719 0.285501 0.322222 9.9991E-05 0.165459
0.226602 0.267612 0.31416 0.0290469 0.162579
0.173176 0.177329 0.473274 0.0709377 0.105282
0.191113 0.149247 0.44819 0.0104325 0.201018
0.174197 0.168149 9.9982E-05 9.9982E-05 0.657454
0.100602 0.248189 0.50685 9.9991E-05 0.144259
0.373994 0.122613 9.9982E-05 9.9982E-05 0.503193
0.0490193 0.20576 0.511028 0.00151955 0.232673
9.9973E-05 9.9973E-05 0.238809 9.9973E-05 0.760891
9.9982E-05 9.9982E-05 0.086677 0.0441426 0.86898
9.9991E-05 0.0219139 0.528946 0.0501252 0.398915
0.0028811 0.0404055 0.684279 9.9991E-05 0.272335
9.9973E-05 9.9973E-05 0.519603 9.9973E-05 0.480097
9.9991E-05 0.00326954 0.645348 0.0112036 0.340079
9.9982E-05 0.0228173 0.617157 9.9982E-05 0.359826
0.877363 0.0136254 0.0131963 0.0957152 9.9991E-05
0.763208 0.0600637 0.0343659 0.095668 0.0466942
0.950608 0.0169074 0.0136574 0.0187275 9.9991E-05
0.973427 9.9973E-05 0.0262728 9.9973E-05 9.9973E-05
0.0610017 0.0124185 0.641779 0.0186882 0.266113
0.0627232 9.9991E-05 0.629874 0.156315 0.150988
0.0150455 9.9991E-05 0.65516 0.148205 0.181489
0.0730352 0.0215627 0.67082 0.117145 0.117436
0.124776 9.9991E-05 0.679908 0.0548276 0.140388
0.0139925 9.9991E-05 0.437785 0.287245 0.260877
0.0765358 9.9991E-05 0.772446 0.00501305 0.145905
9.9973E-05 9.9973E-05 0.453435 9.9973E-05 0.546265
0.354231 0.151615 0.449323 0.0447302 9.9991E-05
0.00643298 0.0072291 0.595774 0.0998527 0.290711
9.9982E-05 9.9982E-05 0.544847 0.21602 0.238932
0.00672796 9.9991E-05 0.680446 0.0241669 0.288559
0.00409279 9.9991E-05 0.573266 0.230222 0.192319
9.9973E-05 9.9973E-05 0.723824 9.9973E-05 0.275876
0.0885126 9.9991E-05 0.633322 0.0773538 0.200712
9.9982E-05 9.9982E-05 0.257532 0.00230393 0.739964
9.9982E-05 9.9982E-05 0.440063 0.0607062 0.49903
9.9982E-05 9.9982E-05 0.523834 0.0361567 0.43981
9.9982E-05 9.9982E-05 0.0917269 0.0172798 0.890793
0.0408218 9.9991E-05 0.550844 0.158217 0.250017
9.9982E-05 9.9982E-05 0.214225 0.0968117 0.688764
9.9982E-05 9.9982E-05 0.058156 0.073007 0.868637
0.0426575 0.0142903 0.694143 0.00945784 0.239451
0.00484244 9.9991E-05 0.341479 0.327646 0.325932
9.9982E-05 9.9982E-05 0.592162 0.157696 0.249942
0.110133 0.0915877 0.600564 0.079436 0.118279
0.0371248 9.9991E-05 0.630106 0.179078 0.153592
9.9991E-05 0.0526373 0.405616 0.264495 0.277151
0.0535525 0.00202068 0.684686 0.156908 0.102834
0.0119285 9.9991E-05 0.645455 0.187612 0.154905
9.9982E-05 9.9982E-05 0.479747 0.0531713 0.466882
0.102742 0.00540239 0.62658 0.110703 0.154573
0.678023 9.9982E-05 9.9982E-05 0.277783 0.0439944
0.793798 9.9982E-05 9.9982E-05 0.166195 0.0398073
0.854658 9.9973E-05 9.9973E-05 0.145042 9.9973E-05
0.843168 9.9982E-05 9.9982E-05 0.151363 0.00526918
0.774054 9.9991E-05 0.00666494 0.199841 0.0193395
0.0133508 9.9991E-05 0.348532 0.347937 0.290081
0.00233527 9.9991E-05 0.364899 0.310481 0.322185
9.9982E-05 9.9982E-05 0.387242 0.0221145 0.590443
0.10481 0.0722637 0.638378 0.0395711 0.144977
0.120553 0.0442878 0.635244 0.035039 0.164877
0.0372883 9.9991E-05 0.460987 0.0360446 0.46558
0.041127 0.0589685 0.718787 9.9991E-05 0.181017
0.0273077 0.0695693 0.469485 0.0677389 0.3659
0.0430204 9.9991E-05 0.666979 0.119418 0.170483
0.108199 0.0357311 0.671354 0.0431877 0.141528
9.9982E-05 9.9982E-05 0.406392 0.323002 0.270406
9.9982E-05 9.9982E-05 0.48116 0.285607 0.233032
9.9982E-05 9.9982E-05 0.492508 0.247542 0.25975
0.153045 0.0153117 0.672161 0.00970242 0.14978
0.00389215 9.9991E-05 0.54205 0.23837 0.215588
0.0266034 9.9991E-05 0.560327 0.224056 0.188914
0.111026 0.368262 0.452224 0.00684521 0.0616424
0.14311 0.474765 0.315468 9.9991E-05 0.0665568
0.120029 0.441934 0.414287 0.0123951 0.0113552
0.154413 0.507145 0.28966 0.00607788 0.0427038
0.149661 0.312076 0.485794 0.00935611 0.0431125
0.101899 0.00464125 0.59747 9.9991E-05 0.295889
0.248554 0.657267 9.9991E-05 0.0181109 0.0759675
0.158453 0.509614 0.306539 0.0193118 0.00608269
0.241936 0.155004 0.361039 9.9991E-05 0.24192
0.181506 0.0201308 0.548994 0.0651225 0.184247
0.196398 9.9991E-05 0.493317 0.0633684 0.246817
0.145034 0.0196635 0.59681 0.0264079 0.212084
0.154459 0.0548514 0.64723 0.0238801 0.11958
0.196239 0.470711 0.33285 9.9982E-05 9.9982E-05
0.175002 0.356732 0.419626 0.0278917 0.0207475
0.095552 0.51683 0.387419 9.9982E-05 9.9982E-05
0.191662 0.265002 0.431426 0.0693912 0.0425187
0.164836 0.505588 0.238496 0.0225185 0.0685613
0.129278 0.383672 0.369716 0.060089 0.0572442
0.169222 0.549026 0.232129 9.9991E-05 0.0495228
0.142743 0.350499 0.346053 0.0819025 0.0788023
0.166328 0.000195346 0.540847 9.9991E-05 0.29253
0.143196 0.397685 0.349529 0.065778 0.0438111
0.248246 0.57277 0.141074 9.9991E-05 0.0378098
0.115984 0.375054 0.394561 0.0439516 0.0704492
0.223974 9.9991E-05 0.3532 0.178192 0.244534
0.0723135 0.0491477 0.623963 9.9991E-05 0.254476
0.179412 0.358277 0.38424 0.0249881 0.0530821
0.207735 9.9991E-05 0.558721 0.0306245 0.20282
0.208359 0.0273654 0.512871 0.0841211 0.167284
0.243186 0.195794 0.386775 9.9991E-05 0.174145
0.242326 0.267224 0.34876 9.9991E-05 0.14159
0.0931986 0.103464 0.551568 0.0980546 0.153714
0.176355 0.312165 0.454525 0.0195345 0.0374209
0.145171 0.399131 0.455499 9.9982E-05 9.9982E-05
0.20432 0.62858 0.132474 9.9991E-05 0.0345266
0.128506 0.0509205 0.62736 0.0577217 0.135491
0.208315 9.9991E-05 0.474086 0.0730262 0.244473
0.15858 0.0513521 0.108086 9.9991E-05 0.681882
0.193355 0.0261494 0.587332 0.021705 0.171458
0.0813909 0.0573355 0.427928 0.154634 0.278712
0.227285 0.14056 0.46676 0.00627262 0.159123
0.125023 0.174532 0.44851 0.0492029 0.202732
0.419219 0.134377 9.9982E-05 9.9982E-05 0.446203
0.376175 0.0821606 9.9982E-05 9.9982E-05 0.541464
0.22044 0.0894507 0.3205 9.9991E-05 0.369509
0.39427 0.175716 0.0256297 9.9991E-05 0.404284
0.496468 0.206546 9.9982E-05 9.9982E-05 0.296786
0.209978 0.110817 0.394452 9.9991E-05 0.284652
0.258143 0.153022 0.371013 9.9991E-05 0.217722
0.353619 0.191305 0.103439 9.9991E-05 0.351537
0.307576 0.148753 0.043688 9.9991E-05 0.499884
0.194647 0.124613 0.525411 9.9991E-05 0.155229
0.275057 0.140692 0.169191 9.9991E-05 0.41496
0.423109 0.0666787 9.9982E-05 9.9982E-05 0.510012
0.165446 0.121548 0.539295 0.0887901 0.0849211
0.239556 0.212873 0.281448 0.0321472 0.233977
0.299735 0.193739 0.422598 0.0489508 0.0349771
0.175985 0.220943 0.602872 9.9982E-05 9.9982E-05
0.172886 0.235749 0.533555 9.9991E-05 0.0577094
0.183219 0.26582 0.437115 9.9991E-05 0.113747
0.390494 0.215128 0.312861 0.0814166 9.9991E-05
0.235069 0.198491 0.503687 0.0153479 0.0474059
0.248195 0.255899 0.424539 0.0514254 0.0199411
0.235655 0.260816 0.298139 9.9991E-05 0.205291
0.19953 0.113132 0.39838 0.195538 0.0934204
0.243209 0.142596 0.521759 0.0292212 0.0632153
0.162753 0.164898 0.58161 0.0086756 0.0820642
0.158584 0.146498 0.582934 0.0252637 0.0867209
0.305812 0.237807 0.403417 9.9991E-05 0.0528637
0.238974 0.181069 0.549095 9.9991E-05 0.0307613
0.377302 0.319594 0.0450249 9.9991E-05 0.257979
0.184794 0.170941 0.568111 0.0670699 0.00908389
0.323381 0.315541 0.152433 9.9991E-05 0.208546
0.806942 9.9973E-05 9.9973E-05 0.192758 9.9973E-05
0.055059 0.0220054 0.123267 0.799568 9.9991E-05
9.997E-05 9.997E-05 9.997E-05 0.9996 9.997E-05
9.997E-05 9.997E-05 9.997E-05 0.9996 9.997E-05
9.9982E-05 0.0140099 0.00399153 0.981799 9.9982E-05
9.9973E-05 0.00572887 9.9973E-05 0.993971 9.9973E-05
9.9973E-05 9.9973E-05 0.0711346 0.928565 9.9973E-05
0.00563316 9.9973E-05 9.9973E-05 0.994067 9.9973E-05
0.133233 9.9973E-05 9.9973E-05 0.866467 9.9973E-05
0.91969 9.9982E-05 0.0183042 0.0618054 9.9982E-05
0.798931 9.9982E-05 0.0395713 0.161298 9.9982E-05
0.891381 0.000160008 0.0374761 0.0676245 0.00335796
0.883468 9.9991E-05 0.0370129 0.0787919 0.000626931
0.874562 0.0230652 9.9982E-05 0.102173 9.9982E-05
0.899351 9.9982E-05 0.0526055 0.0478439 9.9982E-05
0.758755 0.0659508 0.144277 0.0309175 9.9991E-05
0.895861 0.0108258 0.0931136 9.9982E-05 9.9982E-05
0.742333 0.0445636 0.131099 0.0651307 0.0168734
0.927936 0.0484164 0.0234472 9.9982E-05 9.9982E-05
0.994885 9.9973E-05 9.9973E-05 0.00481498 9.9973E-05
0.892796 0.0244031 0.0573541 0.0253464 9.9991E-05
0.990846 0.00785729 9.9982E-05 0.00109644 9.9982E-05
0.955646 0.00753234 0.0366215 9.9982E-05 9.9982E-05
0.925261 9.9973E-05 0.0744389 9.9973E-05 9.9973E-05
0.933159 9.9973E-05 0.0665407 9.9973E-05 9.9973E-05
0.878277 0.0403933 0.0811302 9.9982E-05 9.9982E-05
0.855936 0.0271381 0.116726 9.9982E-05 9.9982E-05
0.842068 0.0627529 0.0949791 9.9982E-05 9.9982E-05
0.183243 9.9991E-05 0.456008 0.0910917 0.269557
0.122508 9.9991E-05 0.695899 0.0142994 0.167193
0.141045 0.0499145 0.624604 0.0921591 0.0922778
0.113457 0.0459407 0.0840429 9.9991E-05 0.756459
0.159146 0.00575628 0.525335 0.106129 0.203634
0.177791 0.0296159 0.0806269 9.9991E-05 0.711866
0.102625 0.0674665 0.639434 9.9991E-05 0.190375
0.196979 9.9991E-05 0.448866 0.114999 0.239056
0.200824 9.9991E-05 0.548806 0.00411473 0.246156
0.0757195 9.9991E-05 0.625959 0.1079 0.190322
0.15016 9.9991E-05 0.526646 0.0828596 0.240235
0.0986199 0.0549293 0.665966 9.9991E-05 0.180385
0.1484 9.9991E-05 0.563409 0.07607 0.21202
9.9991E-05 0.100779 0.0307243 0.488827 0.37957
0.159013 9.9973E-05 9.9973E-05 9.9973E-05 0.840687
0.14739 0.0353516 0.123876 9.9991E-05 0.693283
0.195396 0.0310979 0.616866 0.0304565 0.126184
0.116053 0.0352841 0.506459 9.9991E-05 0.342104
0.108168 9.9982E-05 0.645193 9.9982E-05 0.246439
0.126845 0.0736863 0.621466 0.0479587 0.130045
0.248445 0.185456 0.440781 0.057474 0.0678433
0.254177 0.155794 0.563724 9.9991E-05 0.0262042
0.378823 0.153196 0.17546 0.191116 0.101404
0.151694 0.0794984 0.591765 0.0643475 0.112695
0.252912 0.0961933 0.430794 0.17808 0.0420213
0.44095 0.165246 9.9982E-05 9.9982E-05 0.393604
0.296091 0.222271 0.286837 9.9991E-05 0.194702
0.38447 0.16534 0.316372 0.0572569 0.0765611
0.329892 0.111705 0.389657 0.123933 0.0448125
0.167253 0.1386 0.559029 0.0564175 0.0787004
0.216812 0.12259 0.549248 0.0280267 0.0833237
0.168126 0.134863 0.606835 0.0565194 0.0336566
0.181978 0.191167 0.452551 9.9991E-05 0.174203
0.509617 0.111394 0.239212 0.0587655 0.0810118
