0.0504405 0.00209597 0.915147 9.9991E-05 0.0322169
9.9973E-05 9.9973E-05 0.967336 9.9973E-05 0.0323639
9.999E-05 0.0668707 0.91037 0.0150027 0.00765644
0.00661641 0.112922 0.848522 9.9991E-05 0.0318395
9.9982E-05 0.0779229 0.916771 9.9982E-05 0.00510563
0.0344235 0.0866499 0.68146 0.106819 0.0906476
9.9991E-05 0.0148972 0.857723 0.0695177 0.0577621
0.0204505 0.0231133 0.751364 0.121164 0.0839076
9.9982E-05 9.9982E-05 0.840222 0.00301029 0.156568
0.0238145 0.0279541 0.788064 0.0928575 0.0673095
9.999E-05 0.0913203 0.80067 0.0697031 0.0382064
0.028531 0.300633 0.0320786 0.0930715 0.545686
0.0622322 0.557828 0.0583245 0.026987 0.294628
0.0537867 0.353873 0.0253232 0.10227 0.464747
0.114482 0.350066 0.0325117 0.0570849 0.445855
0.126697 0.456256 0.0692782 0.0512007 0.296568
0.0796346 0.602413 0.0731197 0.0443493 0.200484
0.0361301 0.550256 0.0440117 0.0853943 0.284208
0.0758047 0.308087 0.127161 0.0817913 0.407156
0.00953852 0.108278 0.0116939 0.151497 0.718993
0.0262092 0.523721 0.0482793 0.0718581 0.329933
0.0693659 0.448695 0.0367849 0.292802 0.152352
0.0546246 0.611736 0.0305488 0.0686881 0.234402
0.0662597 0.294832 0.0657286 0.131488 0.441691
0.0754791 0.677644 0.0900617 0.0534767 0.103339
0.0567674 0.567622 0.0340097 0.0472026 0.294398
0.0180097 0.27287 0.0358281 0.138364 0.534929
0.0806616 0.331157 0.0646312 0.0757316 0.447819
0.00288219 0.2989 0.0165559 0.186329 0.495333
9.9973E-05 0.095408 0.904292 9.9973E-05 9.9973E-05
9.9973E-05 0.116308 0.883392 9.9973E-05 9.9973E-05
0.0968879 0.0932644 0.809648 9.9982E-05 9.9982E-05
0.0614159 0.168082 0.770302 9.9982E-05 9.9982E-05
9.9991E-05 0.576289 0.0961931 0.189608 0.13781
0.0496949 0.611519 0.101806 0.113048 0.123932
0.0190435 0.689575 0.0165083 0.261989 0.0128847
9.9991E-05 0.221827 0.0400486 0.0683519 0.669673
9.9982E-05 0.407176 9.9982E-05 0.550284 0.0423406
0.0478375 0.621735 0.0868356 0.126085 0.117507
0.013791 0.789142 0.0463817 0.138349 0.0123361
9.9991E-05 0.583443 0.187238 0.180497 0.0487214
0.0131833 0.610616 0.12735 0.129765 0.119085
9.9982E-05 0.318107 9.9982E-05 0.320385 0.361308
0.0182742 0.692757 0.107718 0.181151 9.9991E-05
0.0345299 0.645622 0.0896212 0.164961 0.0652661
0.0658428 0.635687 0.137401 0.0813935 0.0796751
9.9982E-05 0.492673 9.9982E-05 0.491539 0.0155874
0.0297798 0.72284 0.0813217 0.103432 0.0626263
0.0168786 0.630624 0.183871 0.161857 0.00676891
9.9982E-05 9.9982E-05 0.0102247 0.878781 0.110794
9.9982E-05 0.230869 9.9982E-05 0.134203 0.634728
0.074296 0.196331 0.0191523 0.459576 0.250644
0.106774 0.58455 0.0403493 0.095002 0.173325
0.0622123 0.630938 0.110876 0.130894 0.0650802
0.0905176 0.629465 0.0753585 0.146172 0.0584876
9.9991E-05 0.229082 0.11836 0.127984 0.524474
0.033376 0.600607 0.00626095 0.0595025 0.300254
0.0748288 0.604997 0.10035 0.0369131 0.182912
0.0156256 0.485256 0.105743 0.127413 0.265962
0.0176281 0.160879 0.164949 0.162064 0.49448
0.0180649 0.60063 0.0834917 0.13951 0.158303
0.049044 0.521246 0.0912438 0.0473543 0.291112
9.9991E-05 0.143111 0.0689477 0.199355 0.588486
0.0435529 0.46953 9.9991E-05 0.0854863 0.401331
0.0836698 0.58577 0.0519335 0.142358 0.136268
0.036022 0.673631 0.093006 0.0292389 0.168102
0.0322519 0.366833 0.0859423 0.115873 0.3991
0.0473774 0.566409 0.0530647 0.119981 0.213168
0.0610438 0.611189 0.0561491 0.0819252 0.189692
9.9991E-05 0.294286 0.0277077 0.17067 0.507236
9.9991E-05 0.624741 0.025179 0.230462 0.119518
9.9982E-05 0.398755 9.9982E-05 0.347111 0.253934
0.00771055 0.611798 0.13535 0.0917452 0.153396
9.9982E-05 0.193677 9.9982E-05 0.736988 0.0691347
9.9982E-05 0.188332 9.9982E-05 0.75787 0.0535978
9.9982E-05 0.431195 9.9982E-05 0.533381 0.0352235
9.9991E-05 0.623438 0.024447 0.184905 0.16711
0.0748056 0.591903 0.0995567 0.156535 0.0771998
9.9982E-05 0.638856 9.9982E-05 0.309552 0.0513927
9.9991E-05 0.346482 0.00834566 0.261105 0.383967
9.9982E-05 0.414782 9.9982E-05 0.279982 0.305036
0.0557041 0.582177 0.0978181 0.150311 0.113989
9.9991E-05 0.539241 0.0156076 0.209541 0.23551
9.9991E-05 0.604052 0.00862369 0.216707 0.170517
9.9982E-05 0.6049 9.9982E-05 0.363713 0.0311865
0.0177645 0.0387728 9.9991E-05 0.831488 0.111875
0.0894389 0.649309 0.0251793 0.171889 0.0641841
9.9982E-05 0.0725167 0.8598 9.9982E-05 0.0674833
0.0054969 0.057472 0.936831 9.9982E-05 9.9982E-05
0.0366129 0.0989839 0.864203 9.9982E-05 9.9982E-05
0.0408323 0.00233645 0.956631 9.9982E-05 9.9982E-05
0.0387826 9.9973E-05 0.960917 9.9973E-05 9.9973E-05
0.0558864 0.0667248 0.877189 9.9982E-05 9.9982E-05
9.9973E-05 0.0666981 0.933002 9.9973E-05 9.9973E-05
0.0392879 0.663187 0.0711102 0.103819 0.122595
0.0896717 0.575682 0.109575 0.163195 0.0618768
9.9982E-05 0.218812 9.9982E-05 0.439471 0.341517
0.0520785 0.625072 0.0833403 0.140355 0.0991537
9.9991E-05 0.527824 0.0168039 0.222645 0.232628
9.9991E-05 0.650019 0.0542486 0.15043 0.145202
0.0241864 0.667021 0.00676123 0.27577 0.0262613
0.0163987 0.67459 0.038155 0.238693 0.0321631
9.9982E-05 0.154385 9.9982E-05 0.368009 0.477406
0.0828233 0.524269 0.104107 0.178804 0.109998
0.0299642 0.701744 0.126606 0.0667679 0.0749173
0.0410321 0.664438 0.125801 0.0876554 0.0810729
0.00771227 0.36869 0.0135271 0.508749 0.101322
9.9982E-05 0.649042 9.9982E-05 0.331889 0.018869
9.9991E-05 0.56852 0.0109295 0.179733 0.240718
9.9982E-05 0.527129 9.9982E-05 0.410246 0.0624253
9.9991E-05 0.567609 0.0331503 0.195098 0.204043
9.9991E-05 0.636709 0.114995 0.148581 0.099614
0.0857591 0.3065 0.00984861 0.231068 0.366825
0.00825386 0.441578 0.0880603 0.0465667 0.415541
0.0357759 0.592029 0.139919 0.0606335 0.171643
0.0467959 0.592292 0.128781 0.0287822 0.20335
0.0342441 0.536639 0.0140109 9.9991E-05 0.415006
0.0431673 0.635021 0.0582234 0.036506 0.227082
0.0133872 0.524314 0.0538641 9.9991E-05 0.408335
0.0298984 0.581452 0.102966 0.125005 0.160678
0.0756079 0.637067 0.05216 0.0652724 0.169892
9.9991E-05 0.639045 0.064531 0.0758502 0.220474
0.0277728 0.590298 0.0462728 0.015581 0.320075
0.0948092 0.623916 0.0616808 0.0350229 0.184571
0.0482584 0.614744 0.0909549 0.0867832 0.159259
0.101008 0.600628 9.9991E-05 0.130256 0.168009
0.102371 0.541629 0.0839395 0.161356 0.110705
0.0798761 0.645142 0.0137892 0.106104 0.155088
0.0926294 0.318032 0.0826593 0.261701 0.244979
0.0468466 0.649417 0.0787022 0.0867016 0.138333
0.0633487 0.69392 0.065257 0.0757363 0.101738
0.0162926 0.27887 9.9991E-05 0.0683251 0.636412
0.061226 0.148561 0.000462914 0.45002 0.33973
0.0652013 0.548978 0.0785737 0.0874853 0.219762
0.0447013 0.0931477 9.9991E-05 0.50711 0.354941
9.9991E-05 0.40934 0.0102435 0.0199228 0.560394
0.0138713 0.506242 9.9991E-05 0.0392275 0.440559
9.9991E-05 0.438135 0.00854527 0.0155397 0.53768
9.9982E-05 0.40402 9.9982E-05 0.0434771 0.552303
0.0557529 0.620121 0.0410387 0.101016 0.182071
0.0732583 0.565483 0.114509 0.0915684 0.155182
0.0325988 0.602998 0.0796815 0.0625646 0.222157
0.05654 0.190137 9.9991E-05 0.37562 0.377603
0.0571517 0.569434 0.187334 0.135678 0.0504014
0.0717087 0.513356 0.101849 0.271446 0.0416406
9.9982E-05 9.9982E-05 0.173107 0.78663 0.0400638
0.0816542 0.663672 0.0491686 0.140208 0.0652971
0.0528568 0.295308 0.120725 0.465391 0.0657188
0.0540759 0.529784 0.154889 0.226086 0.0351655
9.9991E-05 0.255699 0.151372 0.487438 0.10539
9.9991E-05 0.11457 0.120645 0.640841 0.123843
0.0146033 0.444326 0.0980054 0.390025 0.0530408
0.0989507 0.50911 0.119756 0.259712 0.0124723
0.0195511 0.510283 0.18168 0.186212 0.102274
0.108932 0.106435 0.0627472 0.608703 0.113183
0.120057 0.569339 0.0647128 0.125882 0.120009
9.9982E-05 0.40608 9.9982E-05 0.547995 0.0457253
9.9982E-05 0.522025 9.9982E-05 0.40088 0.0768944
0.057063 0.570836 0.147028 0.144719 0.080355
0.251447 0.128019 0.410659 0.205924 0.00395063
0.137296 9.9982E-05 0.544771 0.317733 9.9982E-05
0.12494 9.9982E-05 0.518264 0.356596 9.9982E-05
0.256715 0.0968719 0.407376 0.238937 9.9991E-05
9.9991E-05 0.665089 0.0368404 0.294638 0.0033328
0.0847653 0.652373 0.0796605 0.12874 0.0544611
0.693577 0.306123 9.9973E-05 9.9973E-05 9.9973E-05
0.456679 0.36752 0.0803092 9.9991E-05 0.0953911
0.407936 0.422756 0.0783913 0.00851199 0.0824045
0.0379616 0.287357 0.0380123 0.593742 0.0429279
0.0453872 0.505821 0.109228 0.271486 0.0680782
0.00938786 0.274311 9.9991E-05 0.619851 0.0963506
0.0154195 0.599827 0.121171 0.263483 9.9991E-05
0.0345587 0.499094 0.0810835 0.351978 0.0332864
0.0356116 0.610662 0.0466255 0.307001 9.9991E-05
0.012404 0.234742 0.0409612 0.698519 0.0133732
0.044027 0.690435 0.109558 0.155881 9.9991E-05
0.0123266 0.656725 0.136336 0.194511 9.9991E-05
0.977424 9.9973E-05 9.9973E-05 9.9973E-05 0.0222764
0.905207 0.0737416 9.9991E-05 0.00176031 0.0191915
0.562943 0.295479 0.040838 0.0374537 0.0632861
0.630442 0.369258 9.9973E-05 9.9973E-05 9.9973E-05
0.801814 0.170585 9.9982E-05 9.9982E-05 0.0274014
0.9996 9.997E-05 9.997E-05 9.997E-05 9.997E-05
0.937864 9.9973E-05 9.9973E-05 9.9973E-05 0.0618358
0.839905 0.159795 9.9973E-05 9.9973E-05 9.9973E-05
0.934647 9.9973E-05 9.9973E-05 9.9973E-05 0.0650534
0.9996 9.997E-05 9.997E-05 9.997E-05 9.997E-05
0.9996 9.997E-05 9.997E-05 9.997E-05 9.997E-05
0.784209 0.196773 0.00183625 9.9991E-05 0.0170817
0.784085 0.0986495 0.0603858 9.9991E-05 0.0567798
0.9996 9.997E-05 9.997E-05 9.997E-05 9.997E-05
0.430849 0.358398 0.0861483 9.9991E-05 0.124505
0.666703 0.273151 0.0415507 9.9991E-05 0.018496
0.795894 0.153888 0.043004 9.9991E-05 0.00711419
0.909258 0.0810345 9.9982E-05 9.9982E-05 0.00950721
0.9996 9.997E-05 9.997E-05 9.997E-05 9.997E-05
0.961024 0.0247396 0.0140365 9.9982E-05 9.9982E-05
0.9996 9.997E-05 9.997E-05 9.997E-05 9.997E-05
0.670582 0.243157 0.0460666 9.9991E-05 0.0400948
0.964214 9.9982E-05 0.00723685 9.9982E-05 0.0283497
0.0626838 9.9982E-05 0.360592 0.576525 9.9982E-05
0.105634 0.363266 0.237999 0.283018 0.0100831
0.0578224 0.481166 0.203884 0.257027 9.9991E-05
0.139042 0.198849 0.253475 0.408535 9.9991E-05
0.133124 0.485336 0.158751 0.17564 0.0471499
0.1595 0.0695139 0.288755 0.482131 9.9991E-05
0.0766894 0.473353 0.215122 0.187314 0.0475215
0.140147 0.305665 0.23774 0.316349 9.9991E-05
0.142421 0.466112 0.201164 0.190202 9.9991E-05
0.145754 0.358372 0.192274 0.3035 9.9991E-05
0.108686 0.492834 0.201653 0.178045 0.0187812
9.9991E-05 0.0508761 0.939453 0.00330941 0.00626123
0.0718056 9.9982E-05 0.917328 0.0106666 9.9982E-05
9.9982E-05 0.0104695 0.953961 9.9982E-05 0.0353699
9.9982E-05 9.9982E-05 0.993898 0.000185827 0.00571575
9.9982E-05 0.0589149 0.933012 9.9982E-05 0.00787291
0.0100872 9.9982E-05 0.987138 0.00257446 9.9982E-05
0.00333933 0.0551892 0.930725 9.9991E-05 0.0106464
9.9982E-05 0.00924452 0.942428 9.9982E-05 0.0481273
0.0264243 0.0191053 0.905596 0.0263393 0.0225352
0.0186675 0.0197186 0.930139 0.0194261 0.0120488
9.9982E-05 9.9982E-05 0.612546 0.0820093 0.305245
9.9982E-05 9.9982E-05 0.619183 0.0447028 0.335914
9.9982E-05 9.9982E-05 0.555691 0.0840938 0.360015
9.9982E-05 9.9982E-05 0.475807 0.105283 0.41871
0.00948609 0.551875 0.0624117 0.101751 0.274476
0.0467267 0.565964 0.0510517 0.172522 0.163736
0.043011 0.623453 0.012115 0.0701938 0.251227
0.00295966 0.494943 0.000544956 0.123278 0.378274
0.00505981 0.263892 9.9991E-05 0.097097 0.633852
0.0183067 0.768267 0.0464425 0.0743886 0.0925957
0.0207687 0.693032 9.9991E-05 0.131588 0.154511
0.00188953 0.632045 0.0163199 0.270709 0.0790366
9.9982E-05 0.550115 9.9982E-05 0.431563 0.0181222
0.0788023 0.631439 0.0499111 0.139651 0.100196
9.9982E-05 0.572075 9.9982E-05 0.245781 0.181944
9.9982E-05 0.147229 9.9982E-05 0.751763 0.100808
0.0332519 0.664048 0.0610791 0.093057 0.148564
9.9982E-05 0.316505 9.9982E-05 0.674978 0.00831727
0.0208135 0.634471 0.0156447 0.230874 0.0981962
9.9982E-05 0.316716 9.9982E-05 0.334297 0.348788
9.9982E-05 9.9982E-05 0.142762 0.0248796 0.832159
9.9991E-05 0.0695755 0.12984 0.013005 0.78748
9.9991E-05 0.037315 0.130922 0.0118599 0.819804
9.9982E-05 9.9982E-05 0.120605 0.0400531 0.839142
9.9991E-05 0.133959 0.065012 0.00473154 0.796197
0.0287617 0.0913938 0.0799313 0.00219866 0.797715
0.0486225 0.0365251 0.884609 0.0110765 0.0191668
0.0141034 0.104257 0.85538 9.9991E-05 0.0261597
0.0479451 0.139136 0.8003 0.00787746 0.00474199
0.0761426 0.0290316 0.834827 9.9991E-05 0.0598987
0.0504946 0.136463 0.811033 9.9991E-05 0.00190948
9.9982E-05 9.9982E-05 0.414947 0.0427429 0.54211
0.00638296 9.9991E-05 0.447501 0.0219053 0.524111
9.9982E-05 0.0185807 0.445584 9.9982E-05 0.535635
9.9982E-05 0.116362 0.863485 9.9982E-05 0.019953
9.9982E-05 9.9982E-05 0.406485 0.0537135 0.539601
0.323563 0.274794 0.261839 0.139704 9.9991E-05
0.211377 0.544823 0.204552 9.9991E-05 0.0391487
0.251716 0.53671 0.211374 9.9982E-05 9.9982E-05
0.248902 0.283072 0.338241 0.129685 9.9991E-05
0.175593 0.465018 0.197793 0.113715 0.0478818
0.302767 9.9982E-05 0.479049 0.217984 9.9982E-05
9.9982E-05 0.513823 9.9982E-05 0.0712142 0.414763
0.0266417 0.498963 9.9991E-05 0.27124 0.203055
0.00966067 0.349902 0.0128364 0.0767332 0.550868
0.0216868 0.569888 0.0033813 0.233938 0.171106
9.9973E-05 9.9973E-05 9.9973E-05 0.682777 0.316923
0.0338706 0.638853 0.100161 0.113148 0.113966
0.0632306 0.55177 0.0422569 0.174398 0.168345
9.9991E-05 0.406876 0.0363355 0.0677744 0.488915
0.0399498 0.59433 0.102584 0.0769429 0.186193
9.9982E-05 0.190068 9.9982E-05 0.498419 0.311313
0.00790504 0.626787 0.0736071 0.133565 0.158136
0.0159983 0.565986 0.028564 0.0393331 0.350118
0.207972 0.404044 0.10197 0.1848 0.101214
0.059564 0.368667 9.9991E-05 0.341595 0.230074
0.0430916 0.447256 9.9991E-05 0.258086 0.251466
0.0246362 0.621986 0.0262032 0.170054 0.157121
0.0146474 0.610444 9.9991E-05 0.164393 0.210416
0.0895574 0.6692 0.0121972 0.0875892 0.141456
0.0778399 0.581845 0.0999729 0.0676256 0.172716
0.0214384 0.598346 0.113097 0.0831576 0.18396
0.0386477 0.102432 0.85872 9.9982E-05 9.9982E-05
0.0130014 0.0945022 0.892296 9.9982E-05 9.9982E-05
9.9991E-05 0.0546859 0.902186 0.040568 0.00245982
0.0537943 0.00876824 0.913832 9.9991E-05 0.0235058
9.9973E-05 0.079398 0.920302 9.9973E-05 9.9973E-05
0.063291 0.140726 0.0405545 0.130426 0.625003
0.0430231 0.572919 0.0545318 0.139975 0.189551
0.265843 0.388486 0.215764 0.0994982 0.0304093
0.0764287 0.666375 0.0381813 9.9991E-05 0.218915
0.067329 0.52375 0.0148734 0.00577632 0.388271
0.0415794 0.301885 9.9991E-05 0.332958 0.323477
0.00390714 0.0404879 0.0776852 0.0917551 0.786165
0.0236154 0.484062 0.0612323 0.0188473 0.412243
0.0668067 0.232491 0.0419819 0.0513122 0.607408
0.0580124 0.508496 0.0469535 0.23716 0.149378
0.00960995 0.189841 0.0573751 0.0951329 0.648041
0.0794501 0.604236 0.0635538 0.00535731 0.247402
0.0200791 0.208624 0.0155637 0.107736 0.647997
0.129228 0.283089 0.0125503 0.263603 0.31153
0.0180396 0.556873 0.152395 0.200739 0.0719526
9.9991E-05 0.325141 0.0519354 0.54629 0.0765343
0.00971755 0.542668 0.104181 0.343334 9.9991E-05
0.0432683 0.540992 0.154658 0.195592 0.0654893
9.9991E-05 0.298365 0.0418754 0.605223 0.0544364
0.0459963 0.532869 0.105934 0.213435 0.101765
9.9991E-05 0.551974 0.108428 0.305093 0.0344048
9.9991E-05 0.172079 0.0133371 0.800192 0.0142918
9.9991E-05 0.226251 0.0640086 0.690276 0.0193649
9.9991E-05 0.499737 0.0841425 0.394574 0.0214469
9.9991E-05 0.105647 0.0464879 0.774957 0.0728086
9.9991E-05 0.498926 0.0283653 0.389426 0.0831827
0.0402037 0.190037 9.9991E-05 0.0527487 0.71691
0.102939 0.202052 9.9991E-05 0.333217 0.361691
0.0725658 0.446868 0.0256517 9.9991E-05 0.454815
0.0616029 0.629193 0.00428249 0.0122496 0.292672
0.008969 0.311568 9.9991E-05 0.0479421 0.631421
0.0886106 0.541357 0.0656954 0.113681 0.190655
0.0657814 0.626886 0.0270191 0.0334906 0.246823
0.0741233 0.514045 0.0227572 0.161719 0.227355
0.0925298 0.529678 0.0190482 0.0442674 0.314476
0.0346323 0.526641 9.9982E-05 9.9982E-05 0.438526
0.0287284 0.336036 9.9991E-05 0.0423985 0.592737
0.0362079 0.47209 9.9991E-05 0.0236387 0.467963
0.0622596 0.633531 0.00398452 0.105301 0.194924
0.0833926 0.605318 0.0680481 0.096459 0.146782
0.102326 0.360206 0.0320873 0.208699 0.296682
0.129863 0.471717 9.9991E-05 0.137562 0.260758
0.0533635 0.424885 0.00895031 0.0066447 0.506157
0.0933469 0.571378 0.00660692 0.0682606 0.260407
0.108137 0.474144 0.0274817 0.0502741 0.339964
0.0772511 0.522895 0.105498 0.0653502 0.229006
0.157855 0.449421 0.33433 9.9991E-05 0.0582927
0.170086 0.547534 0.144001 0.113597 0.0247819
0.168348 0.444759 0.164512 0.115968 0.106413
0.159934 0.56373 0.101427 0.134598 0.0403103
0.242561 0.433296 0.196547 0.127496 9.9991E-05
0.0105811 0.551645 9.9991E-05 0.255525 0.182149
0.120181 0.538515 0.168872 0.146938 0.0254948
0.210002 0.0418297 0.233637 0.452521 0.0620103
0.141324 0.590181 0.136336 0.0759759 0.0561839
0.181911 0.548971 0.145093 0.0800982 0.0439265
0.170214 0.560985 0.1169 0.1168 0.0351011
0.111719 0.323164 0.208859 0.315904 0.0403541
0.15341 0.537811 0.214095 0.0352422 0.0594422
0.167151 0.566862 0.17346 0.0744562 0.0180706
0.125899 9.9982E-05 0.526218 0.347683 9.9982E-05
0.187857 0.527261 0.190604 0.0160781 0.0781999
0.208472 0.512764 0.231204 0.0474607 9.9991E-05
0.141716 0.597997 0.119494 0.127337 0.0134569
0.237395 0.493767 0.212434 0.0563041 9.9991E-05
0.117958 0.546043 0.210889 0.0847676 0.040343
0.050512 0.483273 0.0624593 0.373285 0.0304701
0.0568501 0.56735 0.0555267 0.190464 0.129809
0.0211316 0.0110107 9.9991E-05 0.856342 0.111416
9.9982E-05 0.106711 9.9982E-05 0.826175 0.0669144
0.0256757 0.54997 0.0922591 0.298092 0.034003
0.335205 0.346857 0.146985 0.170853 9.9991E-05
0.301009 0.357755 0.176516 0.16462 9.9991E-05
0.330983 0.196396 0.169121 0.3034 9.9991E-05
0.269198 0.368744 0.168022 0.193936 9.9991E-05
0.085373 0.14266 0.115265 0.656603 9.9991E-05
0.0950473 0.193165 0.114691 0.596996 9.9991E-05
0.0920611 0.606566 0.0174699 0.283803 9.9991E-05
0.141714 0.453532 0.0756709 0.328983 9.9991E-05
0.102944 0.258478 0.0539975 0.554518 0.0300622
0.131985 0.552872 0.0664371 0.185842 0.0628633
0.0945541 0.622052 0.0781104 0.205183 9.9991E-05
0.119672 0.501092 0.069402 0.254818 0.0550164
9.9973E-05 0.470842 9.9973E-05 0.528858 9.9973E-05
9.9991E-05 0.515249 0.0181343 0.40258 0.0639364
0.0177075 0.60111 0.0492417 0.280505 0.0514356
0.0305291 0.488709 0.0633877 0.354631 0.0627429
0.048468 0.544567 0.0931198 0.225066 0.088779
9.9991E-05 0.558114 0.0253978 0.413502 0.00288583
9.9982E-05 0.292632 9.9982E-05 0.668296 0.0388715
0.0258416 0.656486 0.0389825 0.27859 9.9991E-05
0.0283342 0.246102 9.9991E-05 0.6502 0.0752633
9.9982E-05 0.545026 0.0587622 0.396012 9.9982E-05
0.0207809 0.558824 0.107709 0.250317 0.0623688
0.0453661 0.557495 0.0726869 0.252087 0.0723643
0.140921 0.533469 0.19188 0.0940251 0.0397049
0.148448 0.420666 0.158012 0.213672 0.0592024
0.301424 0.310217 0.208541 0.179718 9.9991E-05
0.256916 0.320139 0.22252 0.154131 0.0462941
0.170508 0.494763 0.186091 0.0830395 0.0655982
0.178489 0.448402 0.155774 0.152278 0.0650565
0.165465 9.9982E-05 0.172986 0.661349 9.9982E-05
0.224768 0.530038 0.109033 0.136061 9.9991E-05
0.118323 9.9982E-05 0.367534 0.513943 9.9982E-05
0.18186 0.541566 0.0797215 0.196753 9.9991E-05
9.9973E-05 0.264866 9.9973E-05 0.734834 9.9973E-05
9.9982E-05 0.0740356 9.9982E-05 0.872103 0.0536614
0.0186537 0.533915 9.9991E-05 0.403359 0.0439721
0.0405423 0.667558 0.0180917 0.273708 9.9991E-05
0.010435 0.504718 9.9991E-05 0.465114 0.0196333
0.00247632 0.661412 0.00535423 0.307976 0.0227811
0.0131539 0.607724 9.9982E-05 0.378922 9.9982E-05
0.0281639 0.00101252 0.881629 9.9991E-05 0.0890942
0.0722442 0.0433044 0.773727 0.0499741 0.0607506
0.0244654 9.9991E-05 0.9441 0.0028386 0.0284964
9.9973E-05 0.0242146 0.975486 9.9973E-05 9.9973E-05
0.0143385 0.618993 0.0623614 0.219123 0.0851836
0.0191487 0.654866 0.046389 0.170788 0.108808
9.9982E-05 0.654718 9.9982E-05 0.204901 0.140181
9.9991E-05 0.675924 0.0664878 0.132672 0.124815
0.0285726 0.660351 0.121305 0.115586 0.0741858
9.9991E-05 0.47052 0.000760362 0.284028 0.244591
0.0137869 0.720609 0.0411726 0.192816 0.0316154
9.9982E-05 0.446172 9.9982E-05 0.535482 0.0181466
0.157772 0.405291 0.345195 9.9991E-05 0.0916426
0.0291447 0.531112 9.9991E-05 0.377231 0.0624127
9.9982E-05 0.528955 9.9982E-05 0.235296 0.235549
9.9982E-05 0.658234 9.9982E-05 0.286436 0.0551302
9.9991E-05 0.544959 0.0152337 0.21822 0.221487
9.9982E-05 0.728621 0.00557038 0.265609 9.9982E-05
0.0193311 0.65611 0.0534408 0.179216 0.0919014
9.9982E-05 0.222996 9.9982E-05 0.772102 0.00470217
9.9982E-05 0.483816 9.9982E-05 0.499452 0.0165319
9.9982E-05 0.532571 9.9982E-05 0.444752 0.0224772
9.9982E-05 0.0731872 9.9982E-05 0.902123 0.0244897
9.9991E-05 0.550292 0.0546381 0.169178 0.225792
9.9982E-05 0.208828 9.9982E-05 0.740157 0.050815
9.9982E-05 0.0116993 9.9982E-05 0.912818 0.0752827
0.026073 0.683389 0.0569485 0.169967 0.0636229
9.9982E-05 0.339848 9.9982E-05 0.32376 0.336192
9.9991E-05 0.621093 0.00425281 0.213399 0.161155
0.0630475 0.639497 0.105614 0.126601 0.065241
0.00116896 0.6478 0.0215752 0.154264 0.175192
0.0471871 0.387768 9.9991E-05 0.250555 0.31439
0.0480447 0.650124 0.0299552 0.165109 0.106766
9.9991E-05 0.640697 0.0245735 0.155784 0.178845
9.9982E-05 0.489865 9.9982E-05 0.465569 0.0443667
0.0360596 0.617737 0.0881113 0.10976 0.148332
9.9982E-05 9.9982E-05 0.676454 0.0393183 0.284028
9.9982E-05 9.9982E-05 0.768483 0.0538365 0.177481
9.9973E-05 9.9973E-05 0.851601 9.9973E-05 0.148099
9.9982E-05 9.9982E-05 0.85634 0.00610693 0.137353
9.9991E-05 0.0260061 0.761967 0.0155665 0.196361
9.9991E-05 0.31563 0.00259163 0.330929 0.35075
9.9982E-05 0.337866 9.9982E-05 0.361852 0.300082
9.9982E-05 0.394161 9.9982E-05 0.598283 0.00735692
0.0790371 0.611358 0.0787821 0.134624 0.0961998
0.0843243 0.570196 0.129194 0.148639 0.067647
9.9982E-05 0.456334 9.9982E-05 0.526802 0.016664
0.0384945 0.73442 0.00339922 0.170973 0.052713
0.0159161 0.554196 0.0312124 0.322915 0.07576
0.00586245 0.603054 0.0138948 0.20873 0.168459
0.0522061 0.67594 0.0686223 0.130657 0.0725746
9.9982E-05 0.393881 9.9982E-05 0.329934 0.275985
9.9982E-05 0.489902 9.9982E-05 0.269775 0.240123
9.9982E-05 0.451374 9.9982E-05 0.246357 0.302069
0.0289901 0.645929 0.142534 0.121979 0.0605678
9.9982E-05 0.539032 9.9982E-05 0.226258 0.234511
9.9991E-05 0.550752 0.0340979 0.168219 0.246831
0.36887 0.441489 0.0968136 0.0407272 0.0521004
0.465462 0.332722 0.127325 0.0743915 9.9991E-05
0.4138 0.418889 0.137696 0.0223891 0.00722667
0.526399 0.253309 0.167703 0.0524893 9.9991E-05
0.318296 0.491728 0.149788 0.021088 0.0190997
9.9982E-05 0.587472 0.109329 0.302999 9.9982E-05
0.665103 9.9982E-05 0.267933 0.0667649 9.9982E-05
0.490685 0.308363 0.169158 0.0316942 9.9991E-05
0.145883 0.377302 0.195601 0.281115 9.9991E-05
9.9991E-05 0.607547 0.177926 0.206372 0.00805582
9.9991E-05 0.529301 0.199901 0.216168 0.0545296
0.0222909 0.612974 0.201843 0.160252 0.00264046
0.0532571 0.632148 0.170265 0.108322 0.0360075
0.483333 0.34212 0.174347 9.9982E-05 9.9982E-05
0.390884 0.409777 0.175626 0.0236128 9.9991E-05
0.526095 0.376835 0.0968709 9.9982E-05 9.9982E-05
0.270666 0.459013 0.162757 0.0802979 0.0272663
0.510494 0.216149 0.17173 0.0806267 0.0210004
0.330421 0.43982 0.143872 0.0324081 0.0534783
0.552241 0.271614 0.106834 0.0692114 9.9991E-05
0.346948 0.389192 0.112518 0.0416222 0.10972
0.00979863 0.549077 0.158089 0.278367 0.00466857
0.335365 0.3948 0.183839 0.0511391 0.0348559
0.593418 0.133798 0.227012 0.0456714 9.9991E-05
0.355571 0.434302 0.11075 0.0293646 0.0700125
9.9991E-05 0.354643 0.224775 0.29679 0.123692
0.00577052 0.663788 0.0971244 0.233217 9.9991E-05
0.346405 0.410781 0.184734 0.0102058 0.047874
0.00235858 0.600148 0.185237 0.159989 0.0522676
9.9991E-05 0.566554 0.205234 0.1591 0.0690115
0.214576 0.394203 0.196886 0.157147 0.037188
0.294916 0.353534 0.246948 0.104502 9.9991E-05
0.0595424 0.598616 0.160505 0.145978 0.0353582
0.292827 0.437188 0.17233 0.0108659 0.0867888
0.401607 0.444474 0.153464 9.9991E-05 0.000354986
0.649941 0.14931 0.180874 0.0197741 9.9991E-05
0.0281332 0.675767 0.131584 0.0977264 0.0667887
9.9991E-05 0.497284 0.229173 0.248075 0.0253681
0.0329621 0.133118 0.161797 0.672022 9.9991E-05
0.0557859 0.612501 0.154362 0.146825 0.0305265
0.0417923 0.422843 0.131526 0.27684 0.126998
0.150505 0.486227 0.224259 0.138909 9.9991E-05
0.0630458 0.53924 0.201297 0.161323 0.0350947
0.131791 9.9982E-05 0.423756 0.444253 9.9982E-05
0.0825541 9.9982E-05 0.380006 0.53724 9.9982E-05
0.0830064 0.299673 0.240484 0.376737 9.9991E-05
0.180111 0.0282352 0.380684 0.41087 9.9991E-05
0.207056 9.9982E-05 0.495438 0.297306 9.9982E-05
0.120331 0.359299 0.253385 0.266886 9.9991E-05
0.154106 0.375183 0.257452 0.155115 0.0581433
0.172184 0.138488 0.339995 0.349233 9.9991E-05
0.160442 0.0417805 0.323928 0.47375 9.9991E-05
0.133663 0.504271 0.20327 0.158695 9.9991E-05
0.1675 0.141431 0.264773 0.426197 9.9991E-05
0.0724281 9.9982E-05 0.408978 0.518394 9.9982E-05
0.171406 0.50016 0.13466 0.143527 0.0502465
0.231416 0.274434 0.239621 0.230715 0.0238141
0.129345 0.503165 0.361414 0.00597604 9.9991E-05
0.221954 0.606867 0.170979 9.9982E-05 9.9982E-05
0.23023 0.540918 0.189002 0.0397507 9.9991E-05
0.254579 0.50125 0.200292 0.0437788 9.9991E-05
0.237156 0.301097 0.354421 0.0341679 0.0731573
0.176153 0.524657 0.254206 0.000196725 0.0447871
0.208413 0.498043 0.281088 9.9991E-05 0.0123558
0.289842 0.25394 0.246857 0.209261 9.9991E-05
0.0955556 0.422947 0.18222 0.129856 0.169421
0.118418 0.490638 0.218048 0.122639 0.0502583
0.171929 0.574465 0.154707 0.0251657 0.0737342
0.125764 0.611597 0.141588 0.0540018 0.0670491
0.206217 0.437113 0.311796 0.0279709 0.0169032
0.171866 0.539414 0.245501 0.0405497 0.00266956
0.347589 0.0104394 0.384774 0.257097 9.9991E-05
0.177027 0.513014 0.239256 0.0706031 9.9991E-05
0.305123 0.173979 0.331483 0.189315 9.9991E-05
0.00320851 9.9982E-05 0.809618 9.9982E-05 0.186973
0.0051634 0.129114 0.0356924 0.00848936 0.821541
9.997E-05 9.997E-05 9.997E-05 9.997E-05 0.9996
9.997E-05 9.997E-05 9.997E-05 9.997E-05 0.9996
0.0159383 9.9973E-05 9.9973E-05 9.9973E-05 0.983762
0.0291449 9.9973E-05 9.9973E-05 9.9973E-05 0.970555
9.9973E-05 0.0305427 9.9973E-05 9.9973E-05 0.969157
9.997E-05 9.997E-05 9.997E-05 9.997E-05 0.9996
9.9973E-05 9.9973E-05 0.138739 9.9973E-05 0.860961
9.9991E-05 0.0264329 0.896638 0.00741325 0.0694163
9.9982E-05 0.0589978 0.812835 9.9982E-05 0.127967
0.0205009 0.0301284 0.884489 0.0273055 0.0375764
9.9982E-05 0.0390908 0.88083 9.9982E-05 0.0798792
0.00594919 0.0223821 0.893078 9.9991E-05 0.0784905
9.9982E-05 0.0551499 0.91507 9.9982E-05 0.0295803
0.0652228 0.1487 0.775092 0.00522951 0.00575532
9.9973E-05 0.086077 0.913623 9.9973E-05 9.9973E-05
0.0776715 0.0826402 0.718918 0.0118174 0.108953
0.0590738 0.0271478 0.913578 9.9982E-05 9.9982E-05
9.9973E-05 9.9973E-05 0.991091 0.00860897 9.9973E-05
0.0383576 0.0353112 0.896223 9.9991E-05 0.0300084
9.9973E-05 9.9973E-05 0.995667 9.9973E-05 0.00403357
9.9973E-05 0.0333136 0.966387 9.9973E-05 9.9973E-05
0.0132197 0.0774474 0.909133 9.9982E-05 9.9982E-05
9.9973E-05 0.0620166 0.937683 9.9973E-05 9.9973E-05
0.0279332 0.0806638 0.891203 9.9982E-05 9.9982E-05
0.0383796 0.0988536 0.862567 9.9982E-05 9.9982E-05
0.0652026 0.103249 0.831349 9.9982E-05 9.9982E-05
9.9991E-05 0.468354 0.178216 0.263859 0.089471
9.9991E-05 0.737069 0.116128 0.103288 0.0434152
0.0515982 0.616184 0.153905 0.116073 0.0622403
0.038152 0.0936742 0.127649 0.740425 9.9991E-05
9.9991E-05 0.527572 0.162546 0.182353 0.127429
0.0056999 0.0822857 0.195481 0.716434 9.9991E-05
0.0657543 0.631783 0.11056 0.191803 9.9991E-05
9.9991E-05 0.46675 0.181589 0.240176 0.111385
9.9991E-05 0.560024 0.205886 0.230151 0.00383854
9.9991E-05 0.596642 0.0552245 0.210182 0.137852
9.9991E-05 0.506249 0.160643 0.2461 0.0869084
0.0103391 0.718798 0.0721764 0.198586 9.9991E-05
0.00540828 0.583131 0.130066 0.197384 0.0840107
0.100767 0.0309253 9.9991E-05 0.417396 0.450811
9.9982E-05 0.00177068 0.160867 0.837162 9.9982E-05
0.00913657 0.138684 0.163478 0.688601 9.9991E-05
9.9991E-05 0.665251 0.185707 0.133907 0.0150351
0.0435827 0.511912 0.112656 0.331749 9.9991E-05
9.9982E-05 0.630924 0.134335 0.234541 9.9982E-05
0.0607278 0.66414 0.147437 0.127595 9.9991E-05
0.197752 0.468067 0.239053 0.0441471 0.0509806
0.142978 0.578112 0.226225 0.0343032 0.0183822
0.15819 0.174794 0.383756 0.065094 0.218166
0.0312387 0.607475 0.193298 0.0398177 0.128171
0.111815 0.429982 0.235593 0.0645233 0.158087
0.169942 9.9982E-05 0.444221 0.385637 9.9982E-05
0.227132 0.277576 0.288212 0.20698 9.9991E-05
0.163794 0.319534 0.378806 0.0732611 0.0646039
0.0818045 0.409308 0.374694 0.0261711 0.108023
0.166678 0.540267 0.143245 0.0546132 0.0951978
0.116368 0.537455 0.227308 0.0507845 0.0680856
0.0995553 0.642041 0.194969 0.0113304 0.0521038
0.206462 0.357725 0.182867 0.222794 0.0301516
0.126815 0.248238 0.509138 0.0786033 0.037205
