0.00482367 9.9955E-05 9.9955E-05 0.0649117 0.0353569 0.0474811 9.9955E-05 9.9955E-05 0.846927 9.9955E-05
9.9937E-05 9.9937E-05 9.9937E-05 0.0830567 9.9937E-05 0.030934 9.9937E-05 9.9937E-05 0.88531 9.9937E-05
9.9964E-05 9.9964E-05 0.0178176 9.9964E-05 0.00628964 0.0286074 0.0527928 0.0760909 0.818002 9.9964E-05
0.0187231 9.9964E-05 9.9964E-05 0.0324072 9.9964E-05 0.0424518 0.134168 0.00801273 0.763837 9.9964E-05
9.9937E-05 9.9937E-05 9.9937E-05 9.9937E-05 9.9937E-05 0.00835395 0.0864726 9.9937E-05 0.904474 9.9937E-05
0.0382571 0.000605688 0.000548532 9.9982E-05 0.0574424 0.0347417 0.0112144 9.9982E-05 0.604428 0.252563
9.9955E-05 9.9955E-05 9.9955E-05 0.0063453 0.00575888 0.0617423 9.9955E-05 9.9955E-05 0.711988 0.213666
0.0134239 9.9955E-05 9.9955E-05 9.9955E-05 0.019608 0.0383422 9.9955E-05 9.9955E-05 0.664775 0.263352
0.138289 9.99549E-05 9.99549E-05 0.0843153 9.99549E-05 0.0367396 9.99549E-05 0.00144009 0.738716 9.99549E-05
0.0122218 9.9955E-05 9.9955E-05 9.9955E-05 0.0224371 0.011365 9.9955E-05 9.9955E-05 0.744229 0.209248
9.9955E-05 9.9955E-05 9.9955E-05 0.00562848 9.9955E-05 0.0178825 0.0587026 9.9955E-05 0.724839 0.192447
0.45015 9.9973E-05 0.106766 9.9973E-05 0.0301638 9.9973E-05 0.230127 0.0174664 0.038453 0.126573
0.281879 9.9973E-05 9.9973E-05 9.9973E-05 0.0190947 0.0266751 0.554926 0.0136351 0.0353636 0.068126
0.442866 9.9964E-05 0.0911625 9.9964E-05 0.062561 9.9964E-05 0.287535 0.0392502 9.9964E-05 0.0762252
0.441172 9.9982E-05 0.0376396 9.9982E-05 0.105689 0.0295235 0.293418 0.0237798 0.00529029 0.0632878
0.239837 9.9982E-05 0.00367757 0.107095 0.0542787 9.9982E-05 0.470817 0.0173087 0.0620253 0.0447609
0.193183 9.9991E-05 0.0599941 0.00210525 0.0422279 0.000512679 0.552038 0.056284 0.0430884 0.0504669
0.256055 9.9982E-05 0.0910175 9.9982E-05 0.0428567 0.0302092 0.46375 0.00436844 0.000227494 0.111316
0.378649 9.9982E-05 0.0260284 9.9982E-05 0.0446977 0.0182077 0.309394 0.0980745 0.0608713 0.0638778
0.624693 9.9982E-05 0.0419116 9.9982E-05 0.0142644 0.00200773 0.0357728 0.00196029 0.0208194 0.258371
0.334478 0.010224 0.114182 9.9982E-05 9.9982E-05 0.00521223 0.437909 0.00907173 0.0287879 0.0599356
0.21004 0.0640758 0.0770799 0.0414502 9.9982E-05 0.0205687 0.426266 0.042186 9.9982E-05 0.118133
0.24483 9.9973E-05 0.0999489 9.9973E-05 0.0170916 0.0140149 0.525253 9.9973E-05 0.0190776 0.0794844
0.412241 9.9991E-05 0.0933455 0.0199135 0.075324 0.00357866 0.208625 0.0100234 0.0228085 0.15404
0.15108 0.00598861 0.0271516 0.00228717 0.0372803 0.0236649 0.624671 9.9991E-05 0.0622635 0.065513
0.261531 9.9964E-05 0.0235047 9.9964E-05 9.9964E-05 9.9964E-05 0.558101 0.0206922 0.0224848 0.113287
0.462468 9.9982E-05 0.0553899 9.9982E-05 0.0145166 0.00390568 0.255721 0.00972445 0.0540042 0.144071
0.433121 9.9982E-05 0.0686218 9.9982E-05 0.0593922 0.00822595 0.284867 0.0699505 0.00911537 0.0665058
0.456881 9.9955E-05 0.104924 9.9955E-05 9.9955E-05 9.9955E-05 0.199146 0.0317674 9.9955E-05 0.206782
9.99201E-05 9.99201E-05 9.99201E-05 9.99201E-05 9.99201E-05 0.999101 9.99201E-05 9.99201E-05 9.99201E-05 9.99201E-05
9.99201E-05 9.99201E-05 9.99201E-05 9.99201E-05 9.99201E-05 0.999101 9.99201E-05 9.99201E-05 9.99201E-05 9.99201E-05
9.9955E-05 9.9955E-05 9.9955E-05 9.9955E-05 0.0867289 0.366837 0.038742 0.039479 0.467714 9.9955E-05
9.9964E-05 9.9964E-05 9.9964E-05 0.0206752 0.0440069 0.282058 0.156351 0.0152815 0.481227 9.9964E-05
0.0686436 9.9964E-05 0.186264 9.9964E-05 9.9964E-05 0.00393993 0.419788 9.9964E-05 0.0882011 0.232763
9.9973E-05 9.9973E-05 0.308705 9.9973E-05 0.0171623 0.0356294 0.498058 0.00699333 0.073752 0.0594002
9.9964E-05 9.9964E-05 0.380789 0.0567115 9.9964E-05 0.00285197 0.537549 9.9964E-05 0.013279 0.00842054
0.644971 9.9973E-05 0.0805715 9.9973E-05 0.00819081 0.00264467 0.217064 0.00170013 0.0445584 9.9973E-05
9.9973E-05 0.0647214 0.579143 0.022472 0.00238912 0.0217921 0.252228 9.9973E-05 9.9973E-05 0.0569544
0.121665 0.0255517 0.194274 9.9982E-05 0.0321141 0.00709434 0.494804 9.9982E-05 0.0983036 0.0259937
9.9946E-05 9.9946E-05 0.179197 9.9946E-05 9.9946E-05 9.9946E-05 0.663779 9.9946E-05 0.0625534 0.0938711
0.00216393 9.9964E-05 0.000274001 9.9964E-05 9.9964E-05 0.0224422 0.483049 9.9964E-05 0.087554 0.404117
0.0601184 0.0302902 0.0732729 9.9982E-05 0.0379307 0.0180142 0.52939 9.9982E-05 0.0679483 0.182835
0.173757 9.9946E-05 0.624392 9.9946E-05 9.9946E-05 9.9946E-05 0.161973 9.9946E-05 0.0392781 9.9946E-05
9.9946E-05 9.9946E-05 9.9946E-05 9.9946E-05 9.9946E-05 0.0314864 0.568514 9.9946E-05 0.025677 0.373723
0.0408991 0.0391912 0.16564 9.9982E-05 9.9982E-05 0.0123445 0.577765 0.0359685 0.0798281 0.0481636
9.999E-05 0.0580693 0.0715535 0.0110063 0.0183326 0.0147666 0.584828 0.0769344 0.0978785 0.0665312
9.9955E-05 0.0342738 0.591694 0.0160742 9.9955E-05 9.9955E-05 0.333314 0.0241439 9.9955E-05 9.9955E-05
0.000717575 9.9964E-05 0.267389 9.9964E-05 9.9964E-05 0.0109611 0.599135 0.00445788 0.116939 9.9964E-05
0.0797806 0.0478267 0.1517 0.0413477 9.9982E-05 0.0424507 0.531047 0.0120125 0.0936347 9.9982E-05
9.9946E-05 0.0368762 0.73042 0.13737 9.9946E-05 9.9946E-05 9.9946E-05 9.9946E-05 9.9946E-05 0.0947343
0.560337 0.043803 0.101085 9.9955E-05 9.9955E-05 9.9955E-05 0.179162 9.9955E-05 9.9955E-05 0.115114
0.270291 0.141793 0.156889 0.121687 9.9973E-05 9.9973E-05 0.143385 0.0204383 9.9973E-05 0.145217
0.169553 0.0518049 0.0457482 9.9991E-05 0.0726867 0.0254524 0.511586 0.00612634 0.030811 0.0861306
0.140587 0.0529757 0.0065646 0.0530788 0.00734544 9.9991E-05 0.600235 0.0482247 0.0316694 0.059219
0.0966729 0.0437286 0.0671231 0.115071 9.9982E-05 9.9982E-05 0.58573 0.00614293 0.0361528 0.0491794
0.451567 0.00431783 0.114049 9.9982E-05 9.9982E-05 0.0202964 0.221359 0.0172504 0.108408 0.0625528
0.306825 0.0265405 0.0755598 9.9973E-05 9.9973E-05 0.00540951 0.528161 0.0423618 9.9973E-05 0.0148425
0.11823 0.0646597 0.0547116 9.9991E-05 0.0298962 0.0124447 0.536777 0.0259896 0.113754 0.043437
0.234015 0.0563058 0.102622 9.9982E-05 0.044451 0.000998467 0.370854 9.9982E-05 0.100458 0.0900969
0.435126 9.9982E-05 0.106541 9.9982E-05 0.0184622 0.00294555 0.128839 0.0288565 0.149804 0.129227
0.154902 0.0545143 0.044972 9.9982E-05 9.9982E-05 0.00613193 0.547783 0.0142622 0.0787445 0.0984892
0.236652 0.0565768 0.0807043 9.9991E-05 0.0260802 0.0283318 0.478387 0.0244683 0.0324752 0.0362239
0.515613 9.9982E-05 0.140011 0.0322168 9.9982E-05 0.0415977 0.0828087 0.0112568 0.0212391 0.155056
0.368337 0.069314 0.069062 0.00346927 9.9973E-05 9.9973E-05 0.454381 0.00988763 9.9973E-05 0.0252498
0.0886352 0.178878 0.0356552 0.00639706 0.0181016 0.0192955 0.557622 0.0444999 0.0508158 9.9991E-05
0.177579 0.0176356 0.0090496 9.9982E-05 9.9982E-05 0.0143744 0.617067 0.0518462 0.0516771 0.0605714
0.368808 0.0167536 0.0944365 9.9991E-05 0.0567221 0.0529792 0.25618 0.0169286 0.00662728 0.130465
0.223415 0.0213357 0.0986638 9.9991E-05 0.0231511 0.0369459 0.487341 0.0696748 0.0116455 0.0277276
0.175692 0.031181 0.101458 9.9991E-05 0.0324244 0.0123287 0.557526 0.0477751 0.00222079 0.0392943
0.441671 9.9964E-05 0.128882 9.9964E-05 9.9964E-05 0.031961 0.248771 0.0241087 9.9964E-05 0.124206
9.9937E-05 9.9937E-05 0.476158 9.9937E-05 9.9937E-05 9.9937E-05 0.496343 9.9937E-05 0.0267996 9.9937E-05
0.0535029 9.9955E-05 0.68269 9.9955E-05 9.9955E-05 0.0245424 0.22657 9.9955E-05 0.012195 9.9955E-05
0.0649358 0.0626549 0.262682 0.0110356 0.054129 0.00621269 0.483185 9.9982E-05 0.0549646 9.9982E-05
9.9946E-05 0.0486075 0.901448 0.0443968 0.00494849 9.9946E-05 9.9946E-05 9.9946E-05 9.9946E-05 9.9946E-05
9.9937E-05 0.0639634 0.886031 0.0493065 9.9937E-05 9.9937E-05 9.9937E-05 9.9937E-05 9.9937E-05 9.9937E-05
9.9946E-05 0.0208259 0.719121 0.0331857 9.9946E-05 9.9946E-05 0.226267 9.9946E-05 9.9946E-05 9.9946E-05
0.056604 9.9964E-05 0.38883 9.9964E-05 9.9964E-05 0.0330142 0.497432 0.0141179 0.00960196 9.9964E-05
0.113063 0.0401274 0.149105 0.0197605 0.0452269 0.0141964 0.51689 0.0593316 0.0421992 9.9991E-05
9.9955E-05 9.9955E-05 0.487175 0.0141699 9.9955E-05 0.0112077 0.47409 0.0128577 9.9955E-05 9.9955E-05
0.148486 9.9946E-05 0.622555 9.9946E-05 9.9946E-05 9.9946E-05 0.175276 9.9946E-05 0.0530832 9.9946E-05
0.149132 9.9955E-05 0.519781 9.9955E-05 9.9955E-05 0.0131369 0.272385 9.9955E-05 9.9955E-05 0.0450653
0.0448115 9.9964E-05 0.296801 0.0718879 9.9964E-05 0.0181485 0.523125 9.9964E-05 0.0448259 9.9964E-05
0.067464 9.9955E-05 0.533234 9.9955E-05 9.9955E-05 0.0200228 0.363348 9.9955E-05 0.0154309 9.9955E-05
0.0735549 9.9946E-05 0.44433 9.9946E-05 9.9946E-05 0.035061 0.446454 9.9946E-05 9.9946E-05 9.9946E-05
9.9955E-05 0.0724809 0.439299 9.9955E-05 9.9955E-05 0.000823356 0.457144 0.0297529 9.9955E-05 9.9955E-05
9.9946E-05 0.115198 0.733979 0.144395 9.9946E-05 9.9946E-05 9.9946E-05 0.00582837 9.9946E-05 9.9946E-05
0.00300066 0.0282812 0.270747 0.00438963 0.0370628 0.0134458 0.575888 0.0178212 0.0259263 0.023437
0.0421374 9.9964E-05 0.00960968 9.9964E-05 9.9964E-05 0.0823498 0.0754849 0.0156911 0.774327 9.9964E-05
9.9946E-05 9.9946E-05 9.9946E-05 0.03245 9.9946E-05 0.0675299 0.0625086 9.9946E-05 0.836912 9.9946E-05
9.9955E-05 9.9955E-05 9.9955E-05 0.0419029 0.00736157 0.0564727 0.117737 9.9955E-05 0.776026 9.9955E-05
9.9964E-05 9.9964E-05 9.9964E-05 0.0171183 0.0447819 0.051549 0.0148088 0.0206776 0.850665 9.9964E-05
9.9946E-05 9.9946E-05 9.9946E-05 9.9946E-05 0.0346461 0.0573387 9.9946E-05 0.0261942 0.881221 9.9946E-05
9.9964E-05 0.0193448 9.9964E-05 9.9964E-05 0.0444472 0.0353298 0.071748 0.00923242 0.819498 9.9964E-05
9.9937E-05 9.9937E-05 9.9937E-05 9.9937E-05 9.9937E-05 0.0430648 0.0688818 9.9937E-05 0.887354 9.9937E-05
0.0982874 0.0038044 0.185908 0.0514029 9.9982E-05 0.0161861 0.573852 0.0185704 0.0517883 9.9982E-05
0.01125 0.0479032 0.206043 0.0230997 0.0362068 0.0160814 0.539277 0.017192 0.0955092 0.00743721
0.182439 0.0113022 0.670387 9.9955E-05 9.9955E-05 9.9955E-05 0.0776947 9.9955E-05 0.0576764 9.9955E-05
0.0570508 0.0766268 0.148049 9.9991E-05 0.0280555 0.025131 0.547572 0.00588048 0.065959 0.0455763
0.0798662 9.9955E-05 0.492016 9.9955E-05 9.9955E-05 0.00946683 0.385581 9.9955E-05 0.0325701 9.9955E-05
0.0129238 9.9973E-05 0.37235 9.9973E-05 9.9973E-05 0.0306493 0.504552 0.00782752 0.0487997 0.0225983
0.0103687 0.0485971 0.265862 0.0338139 9.9982E-05 0.00542334 0.561826 9.9982E-05 0.0105451 0.0633638
0.0127809 0.0356494 0.364318 0.0454402 9.9964E-05 9.9964E-05 0.53047 9.9964E-05 0.0109413 9.9964E-05
0.247418 9.9946E-05 0.64389 9.9946E-05 9.9946E-05 9.9946E-05 0.0543047 9.9946E-05 0.0537875 9.9946E-05
0.099683 0.050286 0.166429 0.0810947 9.9991E-05 0.0221692 0.49489 0.00508405 0.0732036 0.00706015
0.0743967 9.9964E-05 0.151797 9.9964E-05 9.9964E-05 9.9964E-05 0.645261 0.0351152 0.0866535 0.00637662
0.0742477 0.0205804 0.182164 9.9982E-05 0.0389763 0.0198377 0.530124 0.0449176 0.0889532 9.9982E-05
0.0272766 0.045544 0.48889 0.0603502 9.9982E-05 0.0157706 0.238578 0.0390964 9.9982E-05 0.0842952
9.9946E-05 0.0833519 0.403845 9.9946E-05 9.9946E-05 9.9946E-05 0.492946 0.0192576 9.9946E-05 9.9946E-05
0.144878 9.9964E-05 0.341749 9.9964E-05 9.9964E-05 9.9964E-05 0.47724 0.00248202 0.00141181 0.0318393
9.9964E-05 0.0466066 0.547145 9.9964E-05 0.000901713 0.0144728 0.369661 9.9964E-05 9.9964E-05 0.0208131
0.127195 9.9955E-05 0.372127 9.9955E-05 9.9955E-05 0.0141298 0.427688 9.9955E-05 0.0583607 9.9955E-05
0.083966 0.0127815 0.202882 9.9973E-05 9.9973E-05 9.9973E-05 0.536266 0.0208858 0.106288 0.0366305
0.349702 0.16664 0.0159843 0.122636 9.9973E-05 0.000268114 0.297115 0.0473549 9.9973E-05 9.9973E-05
0.330055 0.00117742 0.0849728 0.0372274 9.9982E-05 9.9982E-05 0.401518 0.00225864 0.0511401 0.0914502
0.142622 0.0595278 0.0106276 0.0468126 0.0443866 0.0255081 0.537193 9.9991E-05 0.059329 0.0738935
0.136776 0.0681288 0.0519865 0.035714 0.0345398 0.01056 0.547069 9.9991E-05 0.0656567 0.0494698
0.356508 9.9973E-05 0.0302197 9.9973E-05 9.9973E-05 0.0338585 0.475023 0.0273012 0.0253159 0.0514743
0.224047 0.0322401 0.00849146 9.9973E-05 9.9973E-05 9.9973E-05 0.608553 0.0463557 0.0499647 0.0300478
0.412259 0.0208457 9.9964E-05 9.9964E-05 9.9964E-05 0.0081706 0.466603 0.0278248 0.0638961 9.9964E-05
0.197162 0.0452765 0.0609019 0.0584091 0.00563261 0.0318094 0.516076 0.0739531 9.9991E-05 0.0106795
0.172543 0.0379907 0.0446546 9.9973E-05 9.9973E-05 9.9973E-05 0.634889 0.0209347 0.0840789 0.00460968
0.276016 0.0529273 0.00431865 9.9982E-05 9.9982E-05 0.00904616 0.568426 0.0178698 0.0345689 0.0366269
0.283048 0.0387433 0.0574876 9.9973E-05 9.9973E-05 9.9973E-05 0.553935 0.0167854 0.0453933 0.00430709
0.123178 0.0494 0.0415474 9.9982E-05 0.0268574 9.9982E-05 0.591213 0.0104202 0.109867 0.0473175
0.139706 0.0365666 0.0155101 0.0403489 0.00622398 9.9991E-05 0.60718 0.0177709 0.0838912 0.0527018
0.184823 0.08962 0.0562478 0.0122428 0.034433 9.9982E-05 0.550979 0.067307 9.9982E-05 0.00414738
0.14487 0.0635177 0.0311577 0.0426406 0.0309466 0.0267426 0.552349 0.0362609 0.0243144 0.0472006
0.214092 0.0973671 0.0128243 0.065066 0.00650576 0.00257532 0.595335 9.9982E-05 9.9982E-05 0.00603458
0.295475 0.0674251 0.0647451 0.190761 9.9982E-05 0.00547347 0.335408 0.0341093 9.9982E-05 0.00640349
0.153922 0.0416337 0.0371167 0.0785333 9.9982E-05 0.0319112 0.612031 0.0405854 0.00406666 9.9982E-05
0.177693 0.0920262 9.9964E-05 0.039735 9.9964E-05 0.0186642 0.664451 9.9964E-05 9.9964E-05 0.00703113
0.524243 0.0483656 0.112403 0.0211665 9.9982E-05 9.9982E-05 0.250935 0.0142468 0.0177428 0.0106977
0.312927 0.201813 0.107551 0.116394 9.9973E-05 9.9973E-05 0.146265 0.0650585 9.9973E-05 0.0496902
0.252163 0.0424371 0.0829579 9.9982E-05 0.000911572 9.9982E-05 0.498964 0.00824427 0.0477355 0.0663868
0.343199 0.291575 0.149967 0.0281132 9.9973E-05 9.9973E-05 0.0621039 0.0769633 9.9973E-05 0.0477779
0.550157 0.0178949 0.0402708 9.9973E-05 9.9973E-05 0.0149479 0.357828 0.00884488 9.9973E-05 0.00975649
0.459731 9.9955E-05 0.101936 9.9955E-05 9.9955E-05 0.00181218 0.425443 9.9955E-05 9.9955E-05 0.010578
0.459281 0.00473505 0.11303 9.9964E-05 9.9964E-05 0.0178723 0.364129 0.0405533 9.9964E-05 9.9964E-05
0.504725 0.0684489 0.0264651 9.9955E-05 9.9955E-05 9.9955E-05 0.331895 9.9955E-05 9.9955E-05 0.0679664
0.172385 0.0461399 0.0430707 9.9982E-05 9.9982E-05 0.0177163 0.577597 0.0114309 0.0479164 0.0835442
0.170317 0.0619728 0.0372612 0.0453029 0.00654424 0.0106532 0.585729 0.000192188 0.0701839 0.0118434
0.208629 0.0224764 0.0716033 9.9991E-05 0.0255179 0.00599431 0.565259 0.0758181 0.0188383 0.00576363
0.41628 0.142859 0.114022 0.129219 9.99672E-05 9.99672E-05 0.162239 9.99672E-05 9.99672E-05 0.0349806
0.113802 0.0468575 0.0879771 9.9982E-05 0.0459982 0.0289986 0.479869 9.9982E-05 0.116471 0.0798265
0.0812406 0.0684476 0.00400859 0.0468877 0.00722936 0.0107304 0.454192 0.141405 9.9991E-05 0.185759
0.0798498 0.131561 0.116393 0.161158 9.9964E-05 9.9964E-05 9.9964E-05 0.158916 9.9964E-05 0.351723
0.0492802 0.0334672 0.0489164 0.0185654 0.022839 9.9991E-05 0.600911 0.024006 0.0275512 0.174363
0.09903 0.0824113 0.103894 9.9991E-05 0.0450717 0.0161199 0.250421 0.12945 0.0307534 0.242749
0.0252651 0.113539 9.9991E-05 0.031375 0.0113201 0.0284907 0.477685 0.109191 0.0581978 0.144836
0.115927 0.0767133 0.035589 9.9982E-05 9.9982E-05 0.0365634 0.168744 0.195368 0.0234888 0.347407
0.159165 0.166145 0.0759743 0.0028947 9.9982E-05 0.00678971 0.00985014 0.180844 9.9982E-05 0.398138
0.0863975 0.128297 0.0348794 0.00132308 0.0197336 0.0110031 0.348627 0.0643802 0.0329029 0.272457
0.103548 0.0771327 0.0110113 9.9991E-05 0.0217903 0.0161865 0.474579 0.0619875 0.0781086 0.155557
0.079454 0.0495494 0.0591355 0.0668191 9.9991E-05 0.015567 0.419329 0.076972 0.122148 0.110926
0.0837285 0.157666 0.208851 0.0857724 0.0263331 0.0171222 0.069044 0.149361 9.9991E-05 0.202022
0.0959042 0.0807002 0.0210994 0.0396191 0.00706302 0.00590206 0.581392 0.0256006 0.0367271 0.105993
0.0760576 0.146475 0.0559098 9.9964E-05 9.9964E-05 9.9964E-05 0.225473 0.124779 9.9964E-05 0.370907
0.102663 0.131035 0.109251 9.9964E-05 9.9964E-05 9.9964E-05 0.36641 0.0908647 9.9964E-05 0.199377
0.0381761 9.9991E-05 0.086918 0.0415995 0.0176054 0.000182332 0.544596 0.0617848 0.101148 0.10789
0.0142878 9.9973E-05 9.9973E-05 0.40876 0.0849964 0.035802 0.186081 9.9973E-05 0.17722 0.0925541
9.9928E-05 9.9928E-05 9.9928E-05 0.880865 9.9928E-05 9.9928E-05 9.9928E-05 9.9928E-05 0.118335 9.9928E-05
9.9946E-05 9.9946E-05 9.9946E-05 0.774609 9.9946E-05 9.9946E-05 9.9946E-05 0.0317207 0.125308 0.0677633
0.0137806 9.9982E-05 9.9982E-05 0.444652 0.0848644 0.0121156 0.156663 0.0443009 0.151898 0.0915253
9.9964E-05 0.0682688 0.117632 9.9964E-05 9.9964E-05 0.0338088 0.521694 0.0146098 9.9964E-05 0.243586
0.0794611 0.00101183 0.0963032 0.0473219 0.00877554 0.0289128 0.571313 0.0209492 0.0575435 0.0884079
0.00634413 9.9955E-05 0.0211182 9.9955E-05 0.643185 0.0208918 0.307961 9.9955E-05 9.9955E-05 9.9955E-05
0.111786 9.9964E-05 0.0424138 9.9964E-05 0.418336 0.00879355 0.378454 0.0398164 9.9964E-05 9.9964E-05
0.0812941 0.035121 0.0323162 9.99794E-05 0.375983 9.99794E-05 0.365034 9.99794E-05 0.0880996 0.0218514
0.0348575 0.162139 0.0801455 9.9982E-05 0.0276608 0.00644251 0.152936 0.0828288 9.9982E-05 0.45279
0.101638 0.102741 0.0363853 0.0183486 0.00257004 0.0244815 0.497702 0.0328948 0.0748793 0.10836
0.0758308 0.15229 0.00859167 9.9964E-05 9.9964E-05 9.9964E-05 0.161269 0.0657871 9.9964E-05 0.535831
9.9955E-05 0.125695 9.9955E-05 9.9955E-05 9.9955E-05 9.9955E-05 0.5224 0.0154717 0.0481785 0.287754
0.0747093 0.144388 0.00770248 0.0465228 9.9982E-05 9.9982E-05 0.43862 0.0102477 0.0222455 0.255365
9.9955E-05 0.126376 9.9955E-05 9.9955E-05 9.9955E-05 0.0243117 0.502251 0.0268975 9.9955E-05 0.319664
9.9955E-05 0.175702 0.0656065 9.9955E-05 9.9955E-05 9.9955E-05 0.107683 0.106142 9.9955E-05 0.544367
9.9973E-05 0.0659585 0.00431314 9.9973E-05 9.9973E-05 0.0170998 0.644562 0.0391341 0.0343981 0.194234
0.0366825 0.0652139 0.000248002 9.9982E-05 9.9982E-05 0.00575043 0.564899 0.063161 0.0955203 0.168325
9.9955E-05 0.00711741 9.9955E-05 9.9955E-05 0.94013 9.9955E-05 0.00517131 9.9955E-05 0.0100457 0.0370363
0.00685481 0.0578411 9.9955E-05 9.9955E-05 0.909556 9.9955E-05 0.0217639 9.9955E-05 9.9955E-05 0.00348394
9.9964E-05 0.052933 0.0326859 9.9964E-05 0.523269 0.0148547 0.315011 9.9964E-05 0.060847 9.9964E-05
9.9946E-05 0.0352746 9.9946E-05 9.9946E-05 0.587496 9.9946E-05 0.360814 9.9946E-05 9.9946E-05 0.0158154
0.0149151 9.9964E-05 0.000801243 9.9964E-05 0.810763 0.0307543 0.0959082 9.9964E-05 9.9964E-05 0.0464582
9.99201E-05 9.99201E-05 9.99201E-05 9.99201E-05 0.999101 9.99201E-05 9.99201E-05 9.99201E-05 9.99201E-05 9.99201E-05
0.0371253 0.0256706 9.9937E-05 9.9937E-05 0.936505 9.9937E-05 9.9937E-05 9.9937E-05 9.9937E-05 9.9937E-05
9.9937E-05 0.0230377 9.9937E-05 9.9937E-05 0.825455 9.9937E-05 0.150808 9.9937E-05 9.9937E-05 9.9937E-05
0.0566848 0.00101038 9.9946E-05 9.9946E-05 0.940857 0.000847735 9.9946E-05 9.9946E-05 9.9946E-05 9.9946E-05
9.9928E-05 9.9928E-05 9.9928E-05 9.9928E-05 0.984435 9.9928E-05 9.9928E-05 0.0147653 9.9928E-05 9.9928E-05
9.99201E-05 9.99201E-05 9.99201E-05 9.99201E-05 0.999101 9.99201E-05 9.99201E-05 9.99201E-05 9.99201E-05 9.99201E-05
0.0265515 0.0102259 0.00807667 9.9973E-05 0.716106 9.9973E-05 0.190989 9.9973E-05 0.0309523 0.0167981
0.0302582 9.9982E-05 0.0197505 0.0112553 0.751834 0.0120677 0.117318 0.0279166 0.0294003 9.9982E-05
9.9928E-05 9.9928E-05 9.9928E-05 9.9928E-05 0.995635 0.00356516 9.9928E-05 9.9928E-05 9.9928E-05 9.9928E-05
0.0656574 0.0330373 9.9991E-05 0.00170093 0.3196 0.00284585 0.403886 0.059311 0.0920979 0.0217635
9.9982E-05 0.0211285 0.0369782 0.0179257 0.601746 0.0285359 0.231994 9.9982E-05 0.040289 0.021203
0.00914915 9.9973E-05 9.9973E-05 0.0113036 0.784149 0.00515845 0.138221 0.0266293 9.9973E-05 0.0250893
0.00773033 9.9964E-05 0.00664352 9.9964E-05 0.882698 9.9964E-05 0.0638877 9.9964E-05 0.0135401 0.0251007
9.99201E-05 9.99201E-05 9.99201E-05 9.99201E-05 0.999101 9.99201E-05 9.99201E-05 9.99201E-05 9.99201E-05 9.99201E-05
9.9946E-05 9.9946E-05 9.9946E-05 9.9946E-05 0.930454 0.00548993 0.0258918 0.0375648 9.9946E-05 9.9946E-05
9.9937E-05 9.9937E-05 9.9937E-05 0.00469262 0.98553 0.00907805 9.9937E-05 9.9937E-05 9.9937E-05 9.9937E-05
0.00874516 0.00229119 0.0895551 9.9991E-05 0.622583 0.00990106 0.180416 0.000587256 0.0597844 0.0260373
9.9964E-05 0.0106873 9.9964E-05 9.9964E-05 0.927964 0.0309365 0.000113881 0.00863986 0.021259 9.9964E-05
9.9955E-05 0.0435212 9.9955E-05 0.328948 9.9955E-05 9.9955E-05 9.9955E-05 0.0694209 0.098841 0.458769
0.0214656 0.00301797 9.9991E-05 0.135685 0.0536847 0.00353302 0.325037 0.0161183 0.156733 0.284625
9.9973E-05 0.0513425 9.9973E-05 0.119242 0.0055648 0.0260535 0.403341 9.9973E-05 0.0832266 0.31093
9.9973E-05 9.9973E-05 9.9973E-05 0.222489 0.0383913 0.00713196 0.119244 0.0918662 0.0595303 0.461047
0.0411417 0.00819913 0.0905155 0.103483 0.092166 0.000664915 0.361817 0.0129379 0.120326 0.16875
9.9982E-05 0.00899967 9.9982E-05 0.299412 0.0323781 0.031055 0.0660651 0.0156922 0.0851075 0.461091
0.0431155 0.0187482 0.0126659 0.19013 9.9991E-05 0.0036192 0.43204 0.0346338 0.101917 0.16303
9.9973E-05 9.9973E-05 9.9973E-05 0.220032 0.0489921 0.0101125 0.267095 0.00929248 0.066562 0.377614
9.9973E-05 9.9973E-05 9.9973E-05 0.174864 0.0551672 0.00904136 0.422954 0.016105 0.0703876 0.251181
9.9964E-05 9.9964E-05 9.9964E-05 0.239137 0.040192 0.0253298 0.3358 9.9964E-05 0.0559403 0.303201
0.039327 9.9982E-05 0.00281158 0.217407 0.0522816 9.9982E-05 0.415835 0.0297661 0.0744259 0.167945
9.9955E-05 9.9955E-05 9.9955E-05 9.9955E-05 9.9955E-05 0.0334768 0.0512742 0.0364989 0.842696 0.0355547
9.9973E-05 0.00480715 0.00852561 0.0767831 0.0557715 0.0357815 0.00640894 9.9973E-05 0.811622 9.9973E-05
0.0253749 9.9955E-05 9.9955E-05 0.00698631 9.9955E-05 0.0571312 9.9955E-05 0.0474768 0.862531 9.9955E-05
9.9946E-05 9.9946E-05 9.9946E-05 0.00993289 9.9946E-05 0.0241646 9.9946E-05 0.0628609 0.902442 9.9946E-05
0.0190069 9.9973E-05 9.9973E-05 0.0565711 9.9973E-05 0.0687225 0.0532812 0.00581282 0.792132 0.0041733
9.9937E-05 9.9937E-05 9.9937E-05 0.0894311 9.9937E-05 0.0584433 9.9937E-05 9.9937E-05 0.851426 9.9937E-05
9.9955E-05 9.9955E-05 9.9955E-05 9.9955E-05 0.0157807 0.0636305 0.0463688 0.00724047 0.86648 9.9955E-05
0.0380977 9.9946E-05 9.9946E-05 0.0853632 9.9946E-05 0.0502273 9.9946E-05 9.9946E-05 0.825712 9.9946E-05
9.9964E-05 9.9964E-05 0.0375922 0.0342538 0.0307968 0.0259783 9.9964E-05 0.0173814 0.853598 9.9964E-05
0.0132897 9.9964E-05 9.9964E-05 0.121044 9.9964E-05 0.0485615 0.00406041 0.0218728 0.790772 9.9964E-05
0.269312 9.9964E-05 0.0504022 0.0590193 9.9964E-05 0.00502301 9.9964E-05 9.9964E-05 0.555506 0.0603373
0.315816 0.0297913 0.0217986 0.0216663 9.9982E-05 0.038842 9.9982E-05 0.00143882 0.56456 0.0058866
0.282602 9.9964E-05 0.0765927 9.9964E-05 9.9964E-05 0.0153894 9.9964E-05 0.0159797 0.531636 0.0773995
0.389727 9.9946E-05 0.0281951 9.9946E-05 9.9946E-05 9.9946E-05 9.9946E-05 9.9946E-05 0.463675 0.117803
0.150984 9.9964E-05 0.274341 9.9964E-05 0.000863118 9.9964E-05 0.48882 9.9964E-05 0.0771193 0.00747194
0.0787493 0.0352205 0.311817 0.0125499 0.00790511 0.0199794 0.495207 9.9982E-05 0.0383719 9.9982E-05
0.179307 0.0431811 0.170003 9.9973E-05 0.014781 0.00652023 0.564821 9.9973E-05 0.0210873 9.9973E-05
0.303075 9.9955E-05 0.268501 9.9955E-05 9.9955E-05 0.00584596 0.38808 0.0339984 9.9955E-05 9.9955E-05
0.599547 0.0226674 0.0521972 0.0189607 9.9973E-05 9.9973E-05 0.222825 0.000499658 9.9973E-05 0.0830026
0.0866923 0.0143908 0.160968 9.9973E-05 9.9973E-05 9.9973E-05 0.664294 0.0174164 0.0485427 0.00739654
0.12108 0.0469842 0.24251 9.9955E-05 0.00706493 9.9955E-05 0.581861 9.9955E-05 9.9955E-05 9.9955E-05
0.0670894 0.0703391 0.284755 9.9964E-05 9.9964E-05 9.9964E-05 0.534001 0.0246575 9.9964E-05 0.0187578
9.9946E-05 0.0654207 0.537061 9.9946E-05 9.9946E-05 9.9946E-05 0.396355 0.000563975 9.9946E-05 9.9946E-05
0.0624442 0.0539069 0.183494 9.9991E-05 0.0250124 0.0456958 0.562732 0.0369646 0.0195458 0.0101041
0.0437737 9.9946E-05 0.504974 9.9946E-05 9.9946E-05 9.9946E-05 0.416164 9.9946E-05 0.0344886 9.9946E-05
0.0192117 0.149171 0.820751 0.0102662 9.9946E-05 9.9946E-05 9.9946E-05 9.9946E-05 9.9946E-05 9.9946E-05
0.144112 0.0293656 0.166718 9.9982E-05 0.0150367 0.0345042 0.559435 0.0257742 0.0248543 9.9982E-05
9.9955E-05 0.121256 0.649397 9.9955E-05 9.9955E-05 9.9955E-05 0.143856 0.0451836 9.9955E-05 0.0398069
0.0557552 0.0546127 0.351411 9.9973E-05 9.9973E-05 0.0152525 0.518069 0.00126683 0.00333212 9.9973E-05
0.185434 9.9946E-05 0.633598 9.9946E-05 9.9946E-05 9.9946E-05 0.175749 9.9946E-05 0.0046194 9.9946E-05
0.726692 9.9946E-05 9.9946E-05 9.9946E-05 9.9946E-05 0.00307548 9.9946E-05 9.9946E-05 0.173757 0.0958761
0.665633 0.0349482 9.9955E-05 9.9955E-05 9.9955E-05 9.9955E-05 0.062188 9.9955E-05 0.119698 0.117033
0.696031 0.0285868 9.9955E-05 9.9955E-05 9.9955E-05 9.9955E-05 0.0362498 9.9955E-05 0.11762 0.121012
0.754658 0.00757496 9.9946E-05 9.9946E-05 9.9946E-05 9.9946E-05 9.9946E-05 9.9946E-05 0.157403 0.0797648
0.691616 0.0343494 9.9964E-05 9.9964E-05 9.9964E-05 0.000754265 0.0991062 9.9964E-05 0.0773722 0.0964018
0.663018 0.0258016 9.9964E-05 9.9964E-05 0.0260637 9.9964E-05 0.0904881 9.9964E-05 0.0912143 0.103014
9.9955E-05 0.0106274 0.0476296 9.9955E-05 0.0727851 0.0268137 9.9955E-05 9.9955E-05 0.841644 9.9955E-05
0.00703031 0.00236571 0.00484004 9.9982E-05 0.0111955 0.0155286 0.096004 0.0728596 0.789976 9.9982E-05
9.9964E-05 0.0402507 9.9964E-05 9.9964E-05 0.0255988 0.0344596 0.147059 0.0280959 0.724136 9.9964E-05
9.9973E-05 9.9973E-05 0.0542002 9.9973E-05 0.0745091 0.0149407 0.012512 0.0316669 0.806026 0.00584527
9.9964E-05 9.9964E-05 9.9964E-05 9.9964E-05 0.0652497 0.0169159 0.0988033 0.0497419 0.726211 0.0426783
0.459259 9.9946E-05 9.9946E-05 9.9946E-05 9.9946E-05 0.00373715 9.9946E-05 9.9946E-05 0.412763 0.123641
0.439891 0.040067 9.9964E-05 0.0240566 9.9964E-05 0.0327591 9.9964E-05 9.9964E-05 0.400396 0.06243
0.464381 0.0567606 9.9973E-05 0.00605612 0.0162016 0.0350557 9.9973E-05 9.9973E-05 0.408622 0.0126238
9.99201E-05 9.99201E-05 9.99201E-05 9.99201E-05 9.99201E-05 0.999101 9.99201E-05 9.99201E-05 9.99201E-05 9.99201E-05
0.46703 0.103849 0.0069604 9.9955E-05 9.9955E-05 0.0389368 9.9955E-05 9.9955E-05 0.382724 9.9955E-05
9.9964E-05 9.9964E-05 9.9964E-05 0.392328 0.0992237 0.0234753 0.363113 0.0148177 0.106643 9.9964E-05
0.0421013 9.9982E-05 0.00171233 0.149548 0.0988648 0.00582144 0.588008 0.0168722 0.0968722 9.9982E-05
9.9973E-05 9.9973E-05 9.9973E-05 0.0894031 0.150243 0.00548423 0.568988 0.00631419 0.173789 0.00547793
9.9955E-05 9.9955E-05 9.9955E-05 0.296399 0.0981404 9.9955E-05 0.384106 9.9955E-05 0.167722 0.0531333
0.0976777 0.00612509 0.0368929 0.109892 0.033101 0.0323395 0.50579 0.0155531 0.109874 0.0527552
9.9964E-05 9.9964E-05 9.9964E-05 0.703807 0.0654077 0.0286066 0.0387265 0.0158387 0.147214 9.9964E-05
0.416333 0.0324477 0.000216054 9.9955E-05 9.9955E-05 9.9955E-05 0.451404 9.9955E-05 9.9955E-05 0.0990994
0.179551 0.172396 0.0883752 0.0715495 9.9964E-05 9.9964E-05 0.40939 9.9964E-05 9.9964E-05 0.0783375
0.564344 9.9946E-05 0.0578396 9.9946E-05 9.9946E-05 9.9946E-05 0.305149 9.9946E-05 9.9946E-05 0.0720677
0.157377 0.177798 0.0387288 0.0233046 9.9973E-05 9.9973E-05 0.502801 0.011996 9.9973E-05 0.0876946
0.368916 0.348476 0.100363 0.0960411 9.9955E-05 9.9955E-05 9.9955E-05 9.9955E-05 9.9955E-05 0.0857047
0.162336 9.9991E-05 0.00418644 0.0476711 0.00469722 0.0191618 0.587058 0.0423049 0.0445041 0.0879805
0.190847 0.129568 0.0637924 0.0466335 9.9964E-05 9.9964E-05 0.531412 9.9964E-05 9.9964E-05 0.037348
0.453689 9.9964E-05 0.0379261 9.9964E-05 9.9964E-05 9.9964E-05 0.328164 0.0465723 0.00452271 0.128726
0.200056 9.9982E-05 0.0479501 9.9982E-05 0.0037649 0.024714 0.547206 0.0291308 0.0802904 0.066688
0.306557 0.142065 0.16848 0.0592329 9.9973E-05 9.9973E-05 0.105138 0.0327656 9.9973E-05 0.185461
0.137961 0.0993616 0.0838483 0.00799694 9.9982E-05 9.9982E-05 0.555404 0.0173241 0.00573896 0.0921656
0.306813 0.0130237 0.0858957 9.9973E-05 9.9973E-05 9.9973E-05 0.520319 0.000836726 0.0346486 0.0381641
0.116656 0.0461241 0.0848139 0.174981 0.051812 0.000409698 0.423801 0.0262816 0.034108 0.0410131
0.246157 0.162645 0.120742 9.9964E-05 9.9964E-05 9.9964E-05 0.327566 0.12247 9.9964E-05 0.0200202
0.2037 0.11186 0.0912687 0.136047 9.9964E-05 9.9964E-05 0.392375 9.9964E-05 9.9964E-05 0.0643504
0.164307 0.119531 0.0724842 9.9964E-05 9.9964E-05 9.9964E-05 0.580294 0.0398859 9.9964E-05 0.0230988
0.151797 0.0976104 0.114197 9.9964E-05 9.9964E-05 9.9964E-05 0.529611 0.0535046 9.9964E-05 0.0528805
0.141169 0.0623162 0.0695971 9.9982E-05 0.011871 0.0155088 0.646219 0.0177752 9.9982E-05 0.0353436
0.156914 0.035841 0.0336242 0.0207407 0.0394295 0.0212041 0.525266 0.0362871 0.0618564 0.068837
0.199555 0.0187075 0.0672791 0.0535408 9.9982E-05 0.00834094 0.570292 0.0307368 0.0513471 9.9982E-05
9.9946E-05 9.9946E-05 9.9946E-05 9.9946E-05 0.0543475 0.0153559 0.10852 9.9946E-05 0.821177 9.9946E-05
9.9955E-05 0.0170396 9.9955E-05 9.9955E-05 0.0207633 0.0026382 0.100988 9.9955E-05 0.858071 9.9955E-05
9.9973E-05 0.0188515 0.0198868 9.9973E-05 9.9973E-05 0.0451746 0.0209756 0.00891809 0.841744 0.0441493
9.9955E-05 0.0121275 9.9955E-05 9.9955E-05 0.0626747 0.0368459 0.0281195 9.9955E-05 0.859733 9.9955E-05
9.9937E-05 9.9937E-05 9.9937E-05 9.9937E-05 9.9937E-05 0.0321364 0.0826206 9.9937E-05 0.884543 9.9937E-05
0.583401 9.9982E-05 0.109262 0.066863 0.0162413 0.0132972 0.133676 0.0290795 9.9982E-05 0.0479805
0.17685 0.096797 0.042166 0.0398802 0.0328568 0.0052939 0.55499 0.046626 9.9991E-05 0.00443965
9.9973E-05 9.9973E-05 0.0407567 0.187576 0.130337 0.0166472 0.405052 9.9973E-05 0.12289 0.0964413
0.212398 0.0358263 0.0403111 0.00446552 0.0288267 0.00661922 0.624445 9.9991E-05 0.0215898 0.0254177
0.366778 9.9955E-05 0.0593768 9.9955E-05 9.9955E-05 9.9955E-05 0.542052 0.00508885 0.0262045 9.9955E-05
0.3134 0.133047 0.090609 0.0752005 9.9982E-05 0.00279973 0.256971 0.0723899 9.9982E-05 0.0553826
0.736574 9.9982E-05 0.104381 0.026716 9.9982E-05 0.0102847 0.0378915 0.0290397 0.0527557 0.00215759
0.356266 0.0102484 0.0690335 0.0118774 9.9982E-05 9.9982E-05 0.454115 0.0200354 0.0538386 0.0243861
0.589135 0.0348305 0.00897855 9.9982E-05 0.0307372 9.9982E-05 0.250735 0.0320966 0.0471649 0.00612205
0.21141 0.0776493 0.116058 0.02658 9.9982E-05 9.9982E-05 0.455596 0.0237696 0.0439388 0.044799
0.627441 0.0772695 0.005572 0.0675801 9.9973E-05 9.9973E-05 0.168958 9.9973E-05 0.0424857 0.0103935
0.259661 0.0274199 0.00511915 0.0515044 0.00453821 0.00950504 0.576013 0.00661764 0.0595221 9.9991E-05
0.568206 9.9991E-05 0.122509 0.00922509 0.01625 0.0342087 0.164624 0.0160408 0.0256368 0.0431992
0.282036 0.135393 0.115951 0.134452 0.023284 9.9973E-05 0.271579 9.9973E-05 9.9973E-05 0.0370055
0.0808413 0.0237347 0.0580402 0.0547513 9.9991E-05 0.00773752 0.451722 0.0631046 0.00869018 0.251279
0.0494447 0.168642 0.00526291 9.9964E-05 9.9964E-05 9.9964E-05 0.188294 0.0613889 9.9964E-05 0.526568
0.0188341 0.0375328 0.0600054 9.9991E-05 0.0121198 0.0117642 0.437838 0.0113175 0.0387546 0.371733
0.0910919 0.0292241 0.0300702 0.0288384 9.9991E-05 0.0398006 0.508301 0.0221862 0.0803366 0.170051
9.9955E-05 0.0880887 0.0752911 9.9955E-05 9.9955E-05 9.9955E-05 0.156962 0.0819564 9.9955E-05 0.597202
0.0400063 0.0891148 0.0705025 9.9991E-05 0.0241194 0.0345662 0.535967 0.00327878 0.045568 0.156777
0.0614394 0.0408856 0.051568 9.9982E-05 9.9982E-05 0.021194 0.471403 0.0175254 0.00327234 0.332513
9.99471E-05 0.196886 0.137451 9.99471E-05 9.99471E-05 9.99471E-05 9.99471E-05 0.0788138 9.99471E-05 0.58625
0.0129081 0.106544 0.0487276 9.9964E-05 9.9964E-05 9.9964E-05 0.0487556 0.0814951 9.9964E-05 0.70117
0.0593347 0.0453466 0.0159603 9.9973E-05 9.9973E-05 0.000408087 0.38866 0.0765227 9.9973E-05 0.413467
0.0272148 0.150359 0.178819 9.9955E-05 9.9955E-05 9.9955E-05 9.9955E-05 0.0454098 9.9955E-05 0.597698
0.0814152 0.0670892 0.0591108 9.9955E-05 9.9955E-05 9.9955E-05 0.332421 9.9955E-05 9.9955E-05 0.459464
0.687555 0.00624487 0.0713404 9.9964E-05 9.9964E-05 0.0107859 0.208689 0.0149849 9.9964E-05 9.9964E-05
0.33489 0.214209 0.0747242 0.129717 9.9964E-05 9.9964E-05 0.241378 0.00468193 9.9964E-05 9.9964E-05
0.430768 0.0179028 0.0072087 0.0733509 9.9964E-05 0.0304255 0.439944 9.9964E-05 9.9964E-05 9.9964E-05
0.259365 0.0153656 0.0692456 9.9973E-05 0.0303495 9.9973E-05 0.549008 0.0223031 0.0540626 9.9973E-05
0.60343 9.9946E-05 0.140803 9.9946E-05 0.00852507 9.9946E-05 0.246643 9.9946E-05 9.9946E-05 9.9946E-05
0.173419 0.060078 0.0421843 0.0428207 0.00259703 9.9991E-05 0.541064 0.0705647 0.0309879 0.036184
0.254781 0.0097051 0.0690876 0.00981045 0.00375836 0.0305935 0.574918 0.0471462 9.9982E-05 9.9982E-05
0.221308 0.0534147 0.11901 9.9964E-05 9.9964E-05 0.0254429 0.509231 0.0711942 9.9964E-05 9.9964E-05
0.270428 0.0484904 0.079151 9.9982E-05 0.0511479 0.0136685 0.512603 0.0127652 0.0115461 9.9982E-05
0.409558 0.017477 0.0132723 0.00249512 9.9973E-05 0.0114927 0.530803 9.9973E-05 9.9973E-05 0.0146022
0.530205 0.0137597 0.0865311 9.9964E-05 9.9964E-05 0.0198573 0.305636 0.0436116 9.9964E-05 9.9964E-05
0.451624 0.0566305 0.0239791 9.9955E-05 9.9955E-05 9.9955E-05 0.443443 0.0238227 9.9955E-05 9.9955E-05
0.2298 0.0624735 0.0419264 0.00389488 9.9964E-05 9.9964E-05 0.597194 0.0643119 9.9964E-05 9.9964E-05
0.157985 0.0479523 0.0622351 0.0737072 0.0289063 9.9982E-05 0.571577 0.044374 0.0130636 9.9982E-05
0.297356 0.0518897 0.0934036 0.119042 0.013416 9.9973E-05 0.35545 0.0691428 9.9973E-05 9.9973E-05
0.228609 0.107373 0.0800452 0.0184807 0.0446445 9.9973E-05 0.495048 0.0255 9.9973E-05 9.9973E-05
0.451997 0.0288086 0.0311706 9.9973E-05 0.0357057 0.0331929 0.391171 0.0276551 9.9973E-05 9.9973E-05
0.263225 0.00792516 0.0541154 0.0237813 0.00796233 9.9973E-05 0.589302 9.9973E-05 0.0533895 9.9973E-05
0.308552 0.0456618 0.0169057 0.105611 0.0279148 9.9964E-05 0.494955 9.9964E-05 9.9964E-05 9.9964E-05
0.1383 0.124679 9.9982E-05 0.0274308 9.9982E-05 0.0210987 0.552287 0.0370646 0.079638 0.019302
0.0395341 9.9973E-05 0.0238607 0.0855311 0.0626106 9.9973E-05 0.468053 9.9973E-05 0.29961 0.0205006
9.9982E-05 0.0293012 0.0393195 0.154043 0.0439734 9.9982E-05 0.57387 0.0364906 0.110029 0.0127729
0.0318908 9.9991E-05 0.0938815 0.131148 0.0520603 0.0129372 0.454548 0.0549632 0.0984006 0.0700701
0.0721618 0.0380677 9.9991E-05 0.114767 0.0329478 0.0292063 0.566782 0.0485963 0.0340219 0.0633494
9.9982E-05 9.9982E-05 0.0271991 0.32462 0.0137572 0.01081 0.50785 0.0276575 0.0646797 0.023226
0.173368 0.161974 0.0441063 9.9964E-05 9.9964E-05 9.9964E-05 0.498373 0.0235446 9.9964E-05 0.0982345
0.0537759 0.0109179 0.113242 0.148053 0.0658949 0.00855176 0.475664 9.9991E-05 0.0930797 0.0307205
0.0907544 0.0527624 0.0793728 0.364204 0.0320779 9.9991E-05 0.0762149 0.101782 0.056663 0.146068
0.0670375 9.9973E-05 9.9973E-05 0.168846 9.9973E-05 0.0240761 0.625935 0.0271519 0.0282598 0.0583931
0.0457249 9.9991E-05 0.0534448 0.152314 0.0751773 0.00469266 0.540916 0.011214 0.0796878 0.0367281
0.0584476 0.021228 0.0690396 0.135055 0.0770922 0.0395317 0.539844 0.0318317 0.0176331 0.0102964
0.0484464 0.0818047 0.0588309 0.209519 9.9991E-05 0.0258629 0.347617 0.113102 0.0605802 0.0541361
0.0253949 0.0106046 0.0270512 0.105258 0.0362335 0.0359062 0.588627 0.0129878 0.124571 0.0333657
0.0326093 0.0840427 9.9982E-05 0.210435 0.0193259 0.00708757 0.542621 0.0357848 0.0678938 9.9982E-05
9.9946E-05 9.9946E-05 0.0126203 0.764947 9.9946E-05 9.9946E-05 9.9946E-05 0.0899114 0.131922 9.9946E-05
0.0791341 0.054323 0.00894483 0.0757373 0.111688 0.0110853 0.509045 0.0186903 0.116283 0.0150696
0.0187304 0.00870005 0.000433081 0.15977 0.0715617 0.0296471 0.572236 0.00780802 0.126155 0.00495838
0.0447369 0.0540936 0.0352849 0.047127 0.0682635 0.0237654 0.563409 0.0117164 0.0827451 0.0688582
9.9964E-05 9.9964E-05 9.9964E-05 0.185512 0.0772461 0.0350182 0.55634 0.0561316 0.0893516 9.9964E-05
0.0101798 9.9991E-05 0.0125869 0.0696914 0.0526812 0.0482856 0.510017 0.00100814 0.150318 0.145132
0.0150175 0.424087 0.0364018 9.9991E-05 0.00848827 0.020806 0.433753 0.00374475 0.0322166 0.0253847
0.00631171 0.257735 0.121099 9.9973E-05 0.0161898 0.0350802 0.489361 9.9973E-05 0.0739245 9.9973E-05
0.0575794 0.89724 0.0444811 9.9937E-05 9.9937E-05 9.9937E-05 9.9937E-05 9.9937E-05 9.9937E-05 9.9937E-05
0.0339449 0.896397 9.9955E-05 9.9955E-05 9.9955E-05 0.00836007 9.9955E-05 9.9955E-05 0.0199757 0.0408227
0.0564551 0.304678 9.9973E-05 9.9973E-05 0.014744 0.0217369 0.477315 9.9973E-05 0.0799792 0.0447912
9.9973E-05 0.0712412 9.9973E-05 0.212175 0.187075 9.9973E-05 0.365037 0.0336244 0.0968188 0.0337283
9.9955E-05 0.12123 9.9955E-05 0.328341 0.098217 9.9955E-05 0.403901 9.9955E-05 0.0478112 9.9955E-05
9.9964E-05 0.214663 9.9964E-05 0.381391 0.136243 9.9964E-05 0.219682 0.00199813 0.0456229 9.9964E-05
9.9973E-05 0.115323 9.9973E-05 0.317096 0.0947444 0.0428966 0.419751 0.00474408 0.00514472 9.9973E-05
9.9973E-05 0.667605 9.9973E-05 0.209287 9.9973E-05 0.0175925 0.0660372 0.0101981 0.0169886 0.0119921
9.9946E-05 0.629227 9.9946E-05 0.199628 9.9946E-05 0.0450924 0.125453 9.9946E-05 9.9946E-05 9.9946E-05
9.9955E-05 0.366489 9.9955E-05 0.0377576 0.0119451 9.9955E-05 0.564311 0.0189978 9.9955E-05 9.9955E-05
9.9955E-05 0.476732 9.9955E-05 0.0479288 0.0585914 9.9955E-05 0.366756 9.9955E-05 0.0494926 9.9955E-05
9.9955E-05 0.667047 9.9955E-05 0.0737208 9.9955E-05 0.0295662 0.205906 9.9955E-05 0.0232601 9.9955E-05
0.0786268 0.24785 9.9982E-05 9.9982E-05 0.0325192 0.0224956 0.511422 0.0162156 0.0794456 0.0112246
9.9955E-05 0.328208 9.9955E-05 0.0930415 9.9955E-05 0.00394745 0.562082 9.9955E-05 0.0122206 9.9955E-05
0.0455864 0.269017 0.0355747 0.0218624 0.0538469 0.00264731 0.455328 9.9991E-05 0.0681395 0.0478971
9.9955E-05 0.655418 0.0266328 9.9955E-05 9.9955E-05 0.0106569 0.299021 9.9955E-05 9.9955E-05 0.00777102
0.0697199 0.505026 9.9964E-05 9.9964E-05 9.9964E-05 0.0167745 0.345654 9.9964E-05 0.00940877 0.0530172
0.068918 0.285085 0.0126134 9.9973E-05 9.9973E-05 0.00575215 0.470395 9.9973E-05 0.0476596 0.109276
0.0846245 0.373666 0.0125805 9.9964E-05 9.9964E-05 9.9964E-05 0.442361 9.9964E-05 0.0417251 0.044643
0.0145179 0.266772 0.0194396 9.9991E-05 0.0210135 0.00382401 0.485517 0.039335 0.115497 0.0339844
9.9973E-05 0.425847 0.0117319 9.9973E-05 9.9973E-05 0.00885034 0.442911 0.0362802 0.00356067 0.0705197
0.0277121 0.805314 9.9946E-05 9.9946E-05 9.9946E-05 0.0202488 0.146125 9.9946E-05 9.9946E-05 9.9946E-05
9.9946E-05 0.410265 9.9946E-05 9.9946E-05 9.9946E-05 0.00499293 0.583137 9.9946E-05 0.00100562 9.9946E-05
0.0734556 0.746235 0.00994407 9.9964E-05 0.0163672 9.9964E-05 0.135999 9.9964E-05 9.9964E-05 0.0175993
0.0132996 0.540838 9.9964E-05 9.9964E-05 9.9964E-05 0.00531858 0.398048 9.9964E-05 0.0191707 0.0229249
0.056378 0.298597 0.0440435 9.9973E-05 9.9973E-05 0.0252036 0.484373 9.9973E-05 0.060512 0.0305929
0.0302187 0.347833 0.0465781 9.9973E-05 0.0125945 0.00751567 0.474211 9.9973E-05 0.080749 9.9973E-05
9.9991E-05 0.0602801 0.0324838 0.130972 0.0575239 0.0278845 0.485716 0.00995273 0.126677 0.0684105
0.0687944 0.0870547 0.0404007 0.0327557 0.0598593 0.011666 0.448814 0.0469934 0.146734 0.0569269
9.9991E-05 0.0172046 0.0233811 0.229367 0.142326 0.0238641 0.37133 0.014675 0.0965307 0.0812218
0.00589251 0.0827785 0.0274303 0.178473 0.134494 0.015958 0.34045 9.9991E-05 0.114951 0.0994733
0.0429509 0.0439948 9.9982E-05 0.105013 0.080575 9.9982E-05 0.470942 0.0180821 0.134456 0.103786
0.0218943 0.11668 9.9991E-05 0.113048 0.0823307 0.0224977 0.433415 0.0658372 0.102736 0.041461
9.99459E-05 0.576825 9.99459E-05 0.396175 9.99459E-05 0.0239205 9.99459E-05 9.99459E-05 0.00247982 9.99459E-05
9.9973E-05 0.115864 9.9973E-05 0.128218 0.095604 0.0167372 0.565727 9.9973E-05 0.0392559 0.0382938
9.9937E-05 0.336768 9.9937E-05 0.550378 9.9937E-05 9.9937E-05 9.9937E-05 9.9937E-05 0.112154 9.9937E-05
9.9955E-05 0.279361 9.9955E-05 0.108803 0.0958306 9.9955E-05 0.477113 9.9955E-05 0.0383924 9.9955E-05
9.9928E-05 0.944623 9.9928E-05 9.9928E-05 9.9928E-05 9.9928E-05 0.054578 9.9928E-05 9.9928E-05 9.9928E-05
