0.848686 0.0233968 0.0335116 9.9964E-05 0.0143203 0.0255982 0.0540875 9.9964E-05 9.9964E-05 9.9964E-05
0.915109 9.9964E-05 0.0300625 0.00782642 0.00724813 9.9964E-05 0.0300176 9.9964E-05 9.9964E-05 0.00933678
0.837837 9.9964E-05 0.0232749 0.0327346 9.9964E-05 0.0831553 9.9964E-05 9.9964E-05 0.0150689 0.00752907
0.76708 9.9955E-05 0.0317735 9.9955E-05 9.9955E-05 0.109003 0.0567948 9.9955E-05 9.9955E-05 0.0348489
0.911143 9.99281E-05 9.99281E-05 9.99281E-05 9.99281E-05 0.0880573 9.99281E-05 9.99281E-05 9.99281E-05 9.99281E-05
0.590519 0.0147871 0.0375265 0.0128766 0.0112683 0.0722307 0.0621668 0.00387241 0.110858 0.0838951
0.742066 9.9955E-05 0.0382004 9.9955E-05 9.9955E-05 0.0225707 9.9955E-05 9.9955E-05 0.145197 0.051466
0.675071 0.0276376 0.0314822 9.9973E-05 0.0177133 0.0133008 9.9973E-05 9.9973E-05 0.154513 0.0799821
0.791295 9.99549E-05 0.0275904 9.99549E-05 0.0178931 9.99549E-05 9.99549E-05 9.99549E-05 0.0581234 0.104599
0.736977 0.0181197 9.9964E-05 9.9964E-05 0.0108501 0.063073 9.9964E-05 9.9964E-05 0.128877 0.0417029
0.704332 9.9955E-05 0.0120392 9.9955E-05 9.9955E-05 0.110825 9.9955E-05 9.9955E-05 0.117641 0.0546627
0.00828802 0.0255624 0.00628529 9.9955E-05 0.955713 0.00365188 9.9955E-05 9.9955E-05 9.9955E-05 9.9955E-05
0.0189069 0.0465948 0.028078 9.9955E-05 0.463919 0.442001 9.9955E-05 9.9955E-05 9.9955E-05 9.9955E-05
9.9946E-05 0.048739 9.9946E-05 9.9946E-05 0.896662 0.0341778 0.0198211 9.9946E-05 9.9946E-05 9.9946E-05
9.9955E-05 0.0545119 0.0191207 9.9955E-05 0.792623 0.0652208 0.0680243 9.9955E-05 9.9955E-05 9.9955E-05
0.0433186 0.0731746 9.9955E-05 9.9955E-05 0.519285 0.315864 0.047858 9.9955E-05 9.9955E-05 9.9955E-05
0.0282018 0.0851217 0.000893314 9.9964E-05 0.442476 0.432197 0.0107102 9.9964E-05 9.9964E-05 9.9964E-05
0.00114533 0.0403349 0.021806 0.0103893 0.546948 0.346988 0.00299095 0.00620474 0.0230927 9.9991E-05
0.0679382 0.0262398 0.0263221 9.9973E-05 0.720985 0.0597505 0.0940271 9.9973E-05 0.00443761 9.9973E-05
9.9937E-05 9.9937E-05 9.9937E-05 9.9937E-05 0.912661 9.9937E-05 9.9937E-05 9.9937E-05 0.0335502 0.0530888
9.9964E-05 9.9964E-05 0.00858466 0.0327826 0.574069 0.305214 0.0510394 9.9964E-05 0.0279102 9.9964E-05
9.9982E-05 0.0469642 0.00235729 0.0117505 0.388838 0.34686 0.00761285 0.0408402 0.154578 9.9982E-05
0.0264983 9.9973E-05 0.0356159 0.0604142 0.310359 0.509272 9.9973E-05 0.0192823 9.9973E-05 0.0382588
9.9937E-05 0.0628189 0.00990104 9.9937E-05 0.92658 9.9937E-05 9.9937E-05 9.9937E-05 9.9937E-05 9.9937E-05
0.0873574 0.0355671 0.0144934 9.9982E-05 0.156863 0.551669 0.0911094 0.0595788 9.9982E-05 0.00316196
0.0419891 0.0138037 9.9946E-05 9.9946E-05 0.556048 0.38756 9.9946E-05 9.9946E-05 9.9946E-05 9.9946E-05
0.0469981 0.0182743 9.9946E-05 9.9946E-05 0.910865 0.0232629 9.9946E-05 9.9946E-05 9.9946E-05 9.9946E-05
9.9946E-05 0.0606642 9.9946E-05 9.9946E-05 0.868295 0.0569673 0.0134742 9.9946E-05 9.9946E-05 9.9946E-05
9.9937E-05 9.9937E-05 9.9937E-05 9.9937E-05 0.927643 0.0121949 9.9937E-05 9.9937E-05 0.059463 9.9937E-05
9.99201E-05 9.99201E-05 0.999101 9.99201E-05 9.99201E-05 9.99201E-05 9.99201E-05 9.99201E-05 9.99201E-05 9.99201E-05
9.99201E-05 9.99201E-05 0.999101 9.99201E-05 9.99201E-05 9.99201E-05 9.99201E-05 9.99201E-05 9.99201E-05 9.99201E-05
0.457507 0.0547136 0.368715 9.9964E-05 9.9964E-05 0.0437105 0.0542673 9.9964E-05 9.9964E-05 0.0206867
0.464324 0.0116706 0.296912 9.9955E-05 9.9955E-05 0.10745 0.119144 9.9955E-05 9.9955E-05 9.9955E-05
0.0536387 9.9973E-05 0.027427 0.222318 0.0321546 0.476548 9.9973E-05 9.9973E-05 0.114271 0.0733428
0.0711543 0.0481468 0.001772 0.275654 0.0666262 0.468792 0.0220617 0.00143316 9.9991E-05 0.0442596
0.0197456 0.0234683 0.00386894 0.378402 9.9964E-05 0.55347 9.9964E-05 9.9964E-05 9.9964E-05 0.0206455
0.0486976 9.9964E-05 9.9964E-05 0.0177414 0.622796 0.0661676 9.9964E-05 0.0320403 9.9964E-05 0.212157
9.9964E-05 0.0170787 0.0210308 0.577088 9.9964E-05 0.278057 9.9964E-05 0.0193474 0.0869977 9.9964E-05
0.0492203 9.9982E-05 0.0274625 0.207921 0.125892 0.471181 0.0447583 0.0410491 9.9982E-05 0.0323154
0.0322788 9.9964E-05 9.9964E-05 0.226342 9.9964E-05 0.66317 0.034576 9.9964E-05 0.00328481 0.0399489
0.0612997 0.0293487 0.0205883 0.0322939 0.0730038 0.536308 9.9982E-05 9.9982E-05 0.22025 0.0267074
0.0602276 0.0564936 0.0181795 0.0670647 0.0580135 0.565054 9.9982E-05 9.9982E-05 0.137366 0.0374004
9.9955E-05 9.9955E-05 0.00498061 0.599422 0.265266 0.110193 9.9955E-05 9.9955E-05 9.9955E-05 0.0196389
0.0279245 9.9955E-05 0.024063 9.9955E-05 0.0127689 0.659298 9.9955E-05 9.9955E-05 0.275446 9.9955E-05
0.0375502 0.0121809 0.0130443 0.213088 9.9982E-05 0.60327 0.0235389 9.9982E-05 0.0471855 0.0499428
0.0541191 9.9982E-05 0.0107635 0.12405 0.00351815 0.586226 0.107875 9.9982E-05 0.0541363 0.0591111
9.9946E-05 9.9946E-05 9.9946E-05 0.586375 9.9946E-05 0.326339 9.9946E-05 0.0446638 0.0420222 9.9946E-05
0.0645135 9.9973E-05 0.020034 0.292659 9.9973E-05 0.576448 0.0447126 0.000856587 0.000476536 9.9973E-05
0.111331 0.0720589 0.00309392 0.185829 9.9982E-05 0.532973 9.9982E-05 0.019544 0.0506311 0.0243383
9.99439E-05 9.99439E-05 9.99439E-05 0.680674 9.99439E-05 9.99439E-05 9.99439E-05 0.0134623 0.305165 9.99439E-05
9.9964E-05 9.9964E-05 9.9964E-05 0.0648356 0.473261 0.0885441 9.9964E-05 0.0451062 0.0314798 0.296373
9.9973E-05 9.9973E-05 9.9973E-05 0.135859 0.384359 0.0247405 0.106202 0.160563 0.170779 0.0171982
0.0626208 0.0506407 9.9991E-05 0.0399618 0.130933 0.547747 0.0163204 0.0562267 0.0171896 0.0782603
0.0909568 0.050924 9.9973E-05 0.0154716 0.133868 0.576826 9.9973E-05 0.0618742 0.0697799 9.9973E-05
0.0682363 0.0620593 9.9973E-05 9.9973E-05 0.179835 0.554862 0.03441 0.0606572 0.0396397 9.9973E-05
0.087792 9.9973E-05 0.0155827 0.0661512 0.402446 0.145201 9.9973E-05 9.9973E-05 0.0481039 0.234423
9.9964E-05 9.9964E-05 0.0345198 0.0391501 0.276498 0.49034 9.9964E-05 0.0449701 9.9964E-05 0.114122
0.0755826 0.0560369 0.0416331 0.0912694 0.226533 0.491818 0.00566655 0.0071587 9.9991E-05 0.0042024
0.094727 0.0143017 9.9991E-05 0.0386566 0.276159 0.342757 0.00407569 0.0915594 0.0426951 0.0949683
0.132719 0.0107156 0.000640075 0.0533993 0.519237 0.0529189 9.9982E-05 9.9982E-05 0.0814652 0.148705
0.0610741 0.020548 0.039451 0.0629226 0.112839 0.501545 0.0527154 0.0512017 0.0238259 0.0738771
0.0135225 9.9991E-05 0.0228979 0.0365052 0.28406 0.386859 0.100118 0.0574825 0.0174273 0.0810287
0.00216013 9.9964E-05 0.0453673 0.0526399 0.649191 9.9964E-05 9.9964E-05 9.9964E-05 0.118268 0.131974
9.9973E-05 0.0168096 0.00537137 0.0716569 0.439443 0.28814 9.9973E-05 0.0628471 9.9973E-05 0.115432
0.0266727 0.00697502 0.0053731 0.0555185 0.107002 0.528284 0.0757496 0.127602 0.0439851 0.0228373
0.0847788 9.9973E-05 0.0149565 9.9973E-05 0.19773 0.573906 0.050681 0.0709174 9.9973E-05 0.00673016
0.0293839 0.0298183 0.051531 0.059614 0.473252 0.189837 9.9991E-05 0.0412101 0.0440476 0.0812054
0.0192798 0.0195775 0.0447603 0.0789222 0.271804 0.409103 0.0344939 0.0732218 0.00451799 0.0443193
9.9982E-05 9.9982E-05 0.0478658 0.0903987 0.152854 0.570974 0.0224946 0.0428194 0.0135964 0.0587969
9.9973E-05 9.9973E-05 0.0272254 0.0494345 0.557765 0.121556 9.9973E-05 0.0740444 0.0462661 0.123409
0.0067724 0.0163887 0.0150076 0.413108 0.052532 0.495792 9.9964E-05 9.9964E-05 9.9964E-05 9.9964E-05
0.0101004 0.00620331 0.0198233 0.659476 0.145412 0.158585 9.9964E-05 9.9964E-05 9.9964E-05 9.9964E-05
0.0972 0.0629335 9.9973E-05 0.216158 0.0376294 0.515934 0.0241571 9.9973E-05 9.9973E-05 0.0456877
9.9946E-05 9.9946E-05 9.9946E-05 0.879513 9.9946E-05 9.9946E-05 0.0441972 0.0358717 0.0398188 9.9946E-05
9.9946E-05 9.9946E-05 9.9946E-05 0.848534 0.0214573 9.9946E-05 9.9946E-05 0.038335 0.0910739 9.9946E-05
9.9964E-05 9.9964E-05 9.9964E-05 0.676506 0.0204705 0.248466 0.0246397 0.0157371 0.0137806 9.9964E-05
0.0101514 9.9964E-05 0.0188243 0.447254 0.0719638 0.434206 9.9964E-05 9.9964E-05 9.9964E-05 0.0172007
0.0396569 0.0648887 0.0213665 0.131692 0.0572722 0.473089 0.128688 0.0282126 0.0228609 0.0322729
9.9955E-05 9.9955E-05 9.9955E-05 0.462532 0.0374107 0.466957 0.0220887 0.0105121 9.9955E-05 9.9955E-05
0.0275829 9.9955E-05 9.9955E-05 0.592039 0.166448 0.165644 9.9955E-05 9.9955E-05 9.9955E-05 0.0477859
0.0277352 9.9955E-05 9.9955E-05 0.518535 0.116935 0.276884 9.9955E-05 9.9955E-05 9.9955E-05 0.0594111
0.0574722 0.00936256 9.9982E-05 0.238614 0.0657117 0.537752 0.0527076 0.00490494 9.9982E-05 0.0332746
0.0270873 9.9955E-05 0.0105185 0.517351 0.128407 0.316137 9.9955E-05 9.9955E-05 9.9955E-05 9.9955E-05
9.9955E-05 9.9955E-05 0.0234333 0.384405 0.110971 0.449626 9.9955E-05 9.9955E-05 9.9955E-05 0.031066
9.9964E-05 9.9964E-05 0.000654853 0.412219 9.9964E-05 0.498874 9.9964E-05 0.0130079 0.0727175 0.0021271
9.9946E-05 9.9946E-05 9.9946E-05 0.689367 9.9946E-05 9.9946E-05 0.00196058 0.0746497 0.233423 9.9946E-05
0.0434381 0.0361138 9.9982E-05 0.179333 9.9982E-05 0.620539 0.0174774 0.0602599 0.0295953 0.013043
0.782925 9.9964E-05 0.0520914 9.9964E-05 0.0136444 0.0656798 0.0297153 9.9964E-05 9.9964E-05 0.0555442
0.826036 0.00977258 0.0753781 9.9955E-05 9.9955E-05 0.060564 0.0277496 9.9955E-05 9.9955E-05 9.9955E-05
0.778371 0.00405866 0.0396042 9.9955E-05 9.9955E-05 0.111435 0.0660309 9.9955E-05 9.9955E-05 9.9955E-05
0.884927 0.077826 0.0365473 9.9937E-05 9.9937E-05 9.9937E-05 9.9937E-05 9.9937E-05 9.9937E-05 9.9937E-05
0.904677 0.0546386 0.0275139 0.00302607 9.9955E-05 9.9955E-05 9.9955E-05 0.00964453 9.9955E-05 9.9955E-05
0.837104 0.0384774 0.0185377 9.9955E-05 9.9955E-05 0.0898129 9.9955E-05 0.0155687 9.9955E-05 9.9955E-05
0.901488 9.9937E-05 0.0279385 9.9937E-05 9.9937E-05 0.0698735 9.9937E-05 9.9937E-05 9.9937E-05 9.9937E-05
0.0360713 0.0682849 9.9982E-05 0.180606 0.0451362 0.523697 0.0373264 0.02882 9.9982E-05 0.0798585
0.0358656 0.0158055 0.0298841 0.14996 9.9982E-05 0.611376 0.0413777 9.9982E-05 0.0706751 0.0448554
0.0504395 9.9955E-05 9.9955E-05 0.680714 0.180157 9.9955E-05 9.9955E-05 0.00110404 9.9955E-05 0.0870858
0.0702617 0.0111441 0.0227931 0.147423 0.103784 0.558508 0.00927607 0.0510728 0.0142341 0.0115032
0.0367113 9.9964E-05 0.0222599 0.447677 0.128133 0.336137 9.9964E-05 9.9964E-05 9.9964E-05 0.0286821
0.0320867 9.9973E-05 0.0366601 0.321533 0.0326008 0.525361 0.00521867 9.9973E-05 9.9973E-05 0.0462405
0.0395846 9.9964E-05 0.0116152 0.249034 9.9964E-05 0.578723 9.9964E-05 9.9964E-05 0.109851 0.0107923
0.0389807 0.0423837 0.00951399 0.353615 9.9973E-05 0.469432 0.0225592 0.0632154 9.9973E-05 9.9973E-05
0.039292 9.9946E-05 9.9946E-05 0.638255 0.201679 9.9946E-05 9.9946E-05 9.9946E-05 9.9946E-05 0.120174
0.0772087 0.000863663 0.0124334 0.139383 0.0156423 0.507288 0.0324266 0.0702719 0.0383959 0.106086
0.0706402 0.03717 9.9982E-05 0.166813 0.0154401 0.611097 0.00109711 9.9982E-05 0.0553434 0.0421993
0.0887079 9.9982E-05 0.0269052 0.133323 0.0337596 0.589383 0.048227 9.9982E-05 0.0587041 0.0207899
9.9982E-05 0.0185481 0.0192827 0.513301 0.0278847 0.252529 0.00932462 0.0304495 0.12848 9.9982E-05
9.9973E-05 0.00925301 0.0153731 0.405181 9.9973E-05 0.450495 0.0349944 0.0690127 9.9973E-05 0.0153904
0.0205506 0.0227895 9.9964E-05 0.351341 0.132236 0.431978 9.9964E-05 9.9964E-05 9.9964E-05 0.0407041
9.9964E-05 0.0169287 0.00734501 0.536893 9.9964E-05 0.371641 9.9964E-05 0.0490962 0.017696 9.9964E-05
0.0825237 9.9964E-05 0.00467325 0.396237 0.0466082 0.43562 9.9964E-05 9.9964E-05 9.9964E-05 0.0339378
0.0431554 9.9982E-05 0.0105407 0.168644 0.0419068 0.49577 0.126706 9.9982E-05 0.0278665 0.0852108
9.9973E-05 9.9973E-05 0.0203226 9.9973E-05 0.215377 0.233294 0.0826172 0.187456 0.0641359 0.196497
0.0911924 9.9964E-05 9.9964E-05 0.0391237 0.236172 0.385952 9.9964E-05 9.9964E-05 0.0516955 0.195464
0.0450984 0.0407568 0.0149525 0.000199072 0.130761 0.472488 0.0897383 0.0239569 0.057269 0.12478
0.0471973 9.9991E-05 0.00402235 0.0666328 0.0568908 0.547281 0.0987166 0.0118846 0.0459393 0.121336
9.9964E-05 9.9964E-05 0.00505225 0.00722076 0.371384 0.407489 9.9964E-05 9.9964E-05 0.0260652 0.182389
0.0375923 0.0129262 9.9982E-05 9.9982E-05 0.123288 0.564501 0.0104729 0.0403118 0.0776663 0.133041
0.037953 0.0143227 0.00554802 9.9973E-05 0.274534 0.415559 9.9973E-05 0.0418412 9.9973E-05 0.209943
0.0652595 9.9991E-05 0.029535 0.00366126 0.0270374 0.544369 0.0158184 0.0823066 0.124509 0.107403
0.0321543 9.9982E-05 0.0167082 0.0271551 0.0475447 0.600804 0.0712447 0.0654707 9.9982E-05 0.138718
0.0439535 9.9973E-05 0.00816686 0.0146923 0.153576 0.554133 9.9973E-05 9.9973E-05 0.0850139 0.140165
9.9964E-05 9.9964E-05 0.0314297 0.0101209 0.215209 0.543683 9.9964E-05 0.0613562 9.9964E-05 0.137801
0.0720893 0.0447714 9.9964E-05 9.9964E-05 0.112357 0.601162 9.9964E-05 0.0962922 9.9964E-05 0.0729284
0.0993936 0.0200556 9.9982E-05 9.9982E-05 0.0541014 0.562772 0.0269414 0.0198223 0.0954975 0.121217
9.9982E-05 0.025191 9.9982E-05 0.0191892 0.117527 0.565094 0.0843689 0.0585633 0.0427111 0.0871559
0.0642139 0.0397396 9.9982E-05 9.9982E-05 0.0481731 0.546317 0.0374739 0.0690424 0.0812918 0.113549
9.9973E-05 0.0437674 0.00508357 9.9973E-05 0.130729 0.555141 0.0354575 0.119259 9.9973E-05 0.110262
0.0178738 9.9982E-05 9.9982E-05 0.0336408 0.14785 0.263425 0.0999539 0.116443 0.139287 0.181327
0.0583711 0.0236156 0.00477814 0.0430734 0.0476621 0.594344 0.0637229 0.0467391 9.9991E-05 0.117594
0.0172597 0.0487208 0.0158668 9.9973E-05 9.9973E-05 0.625122 9.9973E-05 0.120869 0.0417607 0.1301
0.0217456 0.0175816 9.9973E-05 0.0691556 0.500341 0.109774 9.9973E-05 0.0408477 9.9973E-05 0.240255
9.9964E-05 9.9964E-05 9.9964E-05 9.9964E-05 0.34408 0.0603093 0.0764827 0.242088 0.165555 0.111085
0.0584131 0.020466 9.9982E-05 0.0327751 0.220839 0.473043 9.9982E-05 0.0647109 0.0502014 0.0793518
9.9973E-05 0.00462533 9.9973E-05 0.0794843 0.274607 0.0485302 9.9973E-05 0.285031 0.16822 0.139202
9.9955E-05 9.9955E-05 0.0112608 9.9955E-05 0.521603 0.236643 9.9955E-05 0.0590245 9.9955E-05 0.170969
9.9955E-05 9.9955E-05 9.9955E-05 0.0093245 0.384709 0.371921 9.9955E-05 0.0537349 9.9955E-05 0.179811
0.0171013 9.9964E-05 0.0208377 0.11797 0.334367 0.311273 9.9964E-05 9.9964E-05 9.9964E-05 0.198052
9.9946E-05 9.9946E-05 9.9946E-05 9.9946E-05 0.438354 0.285561 9.9946E-05 0.0669267 9.9946E-05 0.208559
0.048356 0.0153058 0.0173887 9.9982E-05 0.20636 0.538284 9.9982E-05 0.0487338 0.0453966 0.0799759
0.0824739 0.0219462 9.9991E-05 0.0718386 0.057928 0.526832 0.0438217 0.0699295 0.0480898 0.0770406
0.0258821 0.0528671 0.0142806 0.0893305 0.178243 0.520466 9.9991E-05 0.00412687 0.00573022 0.108973
9.9973E-05 0.00220396 9.9973E-05 0.0294377 0.350343 0.140218 9.9973E-05 0.187928 0.14776 0.14181
0.120423 0.0445208 9.9973E-05 0.100292 0.069587 0.497871 9.9973E-05 9.9973E-05 0.0882275 0.0787786
0.0631532 0.0343117 0.0155053 9.99881E-05 0.0173833 0.507946 9.99881E-05 0.0992919 0.239738 0.0224713
0.0731093 9.9964E-05 9.9964E-05 0.113258 0.0209564 9.9964E-05 9.9964E-05 0.143775 0.592832 0.0556693
0.0437664 0.0516212 9.9991E-05 0.056052 0.0516848 0.624681 0.0439835 0.0225894 0.0940509 0.011471
0.0364932 0.0335017 0.015437 0.0691927 0.0910739 0.290972 9.9991E-05 0.117 0.327627 0.0186023
0.0348871 9.9991E-05 0.0342614 0.0125764 0.0432896 0.478214 0.0996671 0.0650095 0.184463 0.0475323
0.036553 9.9982E-05 0.0278892 0.0322696 0.0678642 0.233709 9.9982E-05 0.0495592 0.454916 0.0970397
0.00980542 9.9973E-05 9.9973E-05 0.075551 0.0566858 0.0981344 9.9973E-05 0.119598 0.524685 0.115241
0.0155359 9.9982E-05 9.9982E-05 0.0699325 0.0825965 0.374178 0.031364 0.066763 0.282697 0.0767339
0.0705501 0.0384689 0.0205328 0.0394068 0.130519 0.457285 0.0544184 0.0384352 0.123345 0.0270389
0.112602 0.026249 0.00380747 0.0351917 0.179829 0.39741 0.0189942 0.00352637 0.152796 0.0695943
9.9982E-05 0.0685435 0.00888854 0.116773 0.284659 0.0532774 0.00046602 0.126182 0.341011 9.9982E-05
0.070295 0.0317648 0.00838925 0.0440263 0.0805307 0.481868 0.060234 0.0938144 0.072423 0.0566541
9.9964E-05 9.9964E-05 9.9964E-05 0.0470277 0.0906594 0.336755 9.9964E-05 0.112668 0.37009 0.0424
9.9964E-05 9.9964E-05 9.9964E-05 0.0585202 0.125978 0.421649 9.9964E-05 0.132106 0.252542 0.00880576
0.0957762 0.0342879 9.9982E-05 0.0261195 9.9982E-05 0.576417 0.00734737 0.0447358 0.145902 0.0692141
0.267061 0.111278 0.0292429 9.9973E-05 0.0698072 0.0783054 0.22613 9.9973E-05 0.217876 9.9973E-05
0.384609 9.9937E-05 9.9937E-05 9.9937E-05 9.9937E-05 9.9937E-05 0.217922 9.9937E-05 0.396769 9.9937E-05
0.379738 0.0996345 9.9946E-05 9.9946E-05 9.9946E-05 9.9946E-05 0.0443354 9.9946E-05 0.475693 9.9946E-05
0.266503 0.0999783 9.9973E-05 9.9973E-05 0.00926895 0.0517289 0.263081 9.9973E-05 0.29155 0.0175893
9.9973E-05 9.9973E-05 0.00490516 0.0456188 0.0121164 0.633317 9.9973E-05 0.0500957 0.241646 0.0120015
0.0968057 0.0682521 9.9973E-05 0.122285 9.9973E-05 0.574965 9.9973E-05 0.0138591 0.120413 0.00312125
9.9955E-05 0.631739 0.00693875 0.0110562 9.9955E-05 0.30012 0.0496461 9.9955E-05 9.9955E-05 9.9955E-05
0.0132296 0.443925 0.00691585 0.0360996 0.0892906 0.333153 0.0187401 0.0255076 0.0136031 0.0195347
0.0240977 0.34302 9.9982E-05 0.0229204 0.046706 0.333976 0.130636 0.0475552 9.9982E-05 0.0508881
9.9973E-05 9.9973E-05 0.0011231 0.0244956 0.030676 0.313605 9.9973E-05 0.144668 0.445872 0.03926
0.0625581 0.0310339 0.0235593 0.0608114 0.00828549 0.522833 0.0167733 0.047387 0.141493 0.0852654
9.9946E-05 9.9946E-05 9.9946E-05 9.9946E-05 0.138534 0.255735 9.9946E-05 0.105907 0.499224 9.9946E-05
0.0268754 9.9973E-05 9.9973E-05 0.0339941 0.00844886 0.615359 9.9973E-05 0.0563004 0.253788 0.00493484
0.0226505 9.9964E-05 9.9964E-05 9.9964E-05 0.0411566 0.501668 9.9964E-05 0.101287 0.307132 0.0257065
9.9955E-05 9.9955E-05 0.0121855 9.9955E-05 9.9955E-05 0.580846 9.9955E-05 0.0682451 0.325886 0.0123378
9.9964E-05 9.9964E-05 9.9964E-05 0.0475962 0.0118496 0.231058 9.9964E-05 0.112694 0.578425 0.0179771
0.0153326 0.0217354 0.0419456 0.0515736 9.9973E-05 0.656378 9.9973E-05 0.0468847 0.16585 9.9973E-05
0.0718028 0.0119721 9.9964E-05 9.9964E-05 9.9964E-05 0.604285 9.9964E-05 0.0925547 0.166818 0.0521681
9.9955E-05 0.964934 9.9955E-05 9.9955E-05 9.9955E-05 0.00538964 0.0040833 0.00973043 9.9955E-05 0.0153624
9.9937E-05 0.899033 9.9937E-05 9.9937E-05 9.9937E-05 0.0659889 9.9937E-05 0.0342782 9.9937E-05 9.9937E-05
0.0415103 0.540259 0.0159018 0.0360552 0.0508089 0.299312 9.9973E-05 0.0158528 9.9973E-05 9.9973E-05
9.9964E-05 0.582254 0.00216392 9.9964E-05 9.9964E-05 0.367038 0.0233913 0.0113347 9.9964E-05 0.0134175
9.9955E-05 0.781009 0.0241707 0.0052367 0.024685 0.164399 9.9955E-05 9.9955E-05 9.9955E-05 9.9955E-05
9.99201E-05 0.999101 9.99201E-05 9.99201E-05 9.99201E-05 9.99201E-05 9.99201E-05 9.99201E-05 9.99201E-05 9.99201E-05
9.9937E-05 0.959619 9.9937E-05 9.9937E-05 9.9937E-05 0.00354069 9.9937E-05 9.9937E-05 9.9937E-05 0.0361411
9.9937E-05 0.850248 9.9937E-05 9.9937E-05 0.0186788 0.130373 9.9937E-05 9.9937E-05 9.9937E-05 9.9937E-05
9.9955E-05 0.931154 0.00677521 0.00814396 9.9955E-05 0.00413343 9.9955E-05 9.9955E-05 9.9955E-05 0.0492941
9.99201E-05 0.999101 9.99201E-05 9.99201E-05 9.99201E-05 9.99201E-05 9.99201E-05 9.99201E-05 9.99201E-05 9.99201E-05
9.99201E-05 0.999101 9.99201E-05 9.99201E-05 9.99201E-05 9.99201E-05 9.99201E-05 9.99201E-05 9.99201E-05 9.99201E-05
0.00110984 0.725099 0.0153255 9.9973E-05 0.0457319 0.18367 0.0224801 9.9973E-05 9.9973E-05 0.00628406
0.0106232 0.726636 9.9964E-05 9.9964E-05 0.0107943 0.102763 0.0904613 9.9964E-05 9.9964E-05 0.0583219
9.9928E-05 0.992526 0.00667492 9.9928E-05 9.9928E-05 9.9928E-05 9.9928E-05 9.9928E-05 9.9928E-05 9.9928E-05
0.0425337 0.35352 0.0392502 0.0254727 0.0859202 0.266037 0.0734427 0.0617916 9.9991E-05 0.051932
0.030097 0.579 0.0389696 0.00420046 9.9973E-05 0.305453 0.0227662 9.9973E-05 9.9973E-05 0.019214
0.0309842 0.709479 0.0175346 9.9955E-05 9.9955E-05 0.14359 0.0979125 9.9955E-05 9.9955E-05 9.9955E-05
9.9955E-05 0.843029 0.00207439 9.9955E-05 0.028508 0.0979404 0.0279487 9.9955E-05 9.9955E-05 9.9955E-05
9.9928E-05 0.944683 9.9928E-05 9.9928E-05 9.9928E-05 9.9928E-05 0.054518 9.9928E-05 9.9928E-05 9.9928E-05
9.9937E-05 0.880916 9.9937E-05 9.9937E-05 9.9937E-05 0.0527906 0.0655944 9.9937E-05 9.9937E-05 9.9937E-05
9.9946E-05 0.960536 0.0262028 9.9946E-05 9.9946E-05 9.9946E-05 0.00150018 9.9946E-05 0.0111617 9.9946E-05
0.0274712 0.640942 0.00185364 0.0163225 0.0455181 0.225883 9.9982E-05 0.0282686 9.9982E-05 0.0135417
9.9964E-05 0.901355 0.0203184 0.0200422 9.9964E-05 0.0206672 0.0346348 0.00258219 9.9964E-05 9.9964E-05
0.232883 0.026959 9.9964E-05 9.9964E-05 9.9964E-05 0.01845 0.0333212 0.0257561 0.662231 9.9964E-05
0.144767 0.0715527 0.000696402 9.9991E-05 0.0085991 0.340975 0.0919597 0.00928079 0.288389 0.0436798
0.0754292 9.9964E-05 0.0206873 9.9964E-05 9.9964E-05 0.476806 0.0890982 9.9964E-05 0.311843 0.0257365
0.0781911 0.0591257 0.0127263 9.9973E-05 9.9973E-05 0.176616 0.10562 9.9973E-05 0.534043 0.0333776
0.073797 0.115018 0.0209072 0.0828295 0.0282879 0.398709 0.0523664 9.9991E-05 0.200487 0.0274988
0.143529 0.0398468 0.0319127 9.9982E-05 0.0063887 0.126953 0.106225 0.0141168 0.530828 9.9982E-05
0.133459 0.00224821 0.0155969 0.0421489 0.0682219 0.392179 0.120899 0.0251802 0.187673 0.0123945
0.15126 0.0424199 9.9964E-05 9.9964E-05 0.00220091 0.369607 0.0614963 9.9964E-05 0.372615 9.9964E-05
0.099538 0.0220941 0.0148642 9.9973E-05 0.0104713 0.455455 0.156389 9.9973E-05 0.240888 9.9973E-05
0.112973 0.0764341 0.0206434 9.9973E-05 0.0193199 0.356215 0.0770673 9.9973E-05 0.337047 9.9973E-05
0.130732 0.00975203 0.00515102 0.0327405 9.9991E-05 0.413963 0.163535 0.00216213 0.206597 0.0352664
0.871006 9.9964E-05 0.00646563 9.9964E-05 9.9964E-05 0.0792125 0.0051987 9.9964E-05 0.0279369 0.00978077
0.841502 0.066799 0.0360239 0.00854652 9.9964E-05 9.9964E-05 0.0213118 0.0254174 9.9964E-05 9.9964E-05
0.904679 9.9946E-05 0.0446183 9.9946E-05 9.9946E-05 0.036345 9.9946E-05 9.9946E-05 9.9946E-05 0.0137576
0.957614 9.9946E-05 0.014039 9.9946E-05 0.00479409 9.9946E-05 9.9946E-05 9.9946E-05 0.0229531 9.9946E-05
0.855608 9.9946E-05 0.0489228 9.9946E-05 0.0521194 0.0427496 9.9946E-05 9.9946E-05 9.9946E-05 9.9946E-05
0.912043 9.9946E-05 0.0282731 9.9946E-05 0.0060228 9.9946E-05 0.0530619 9.9946E-05 9.9946E-05 9.9946E-05
0.854148 0.0236522 0.0494672 9.9964E-05 0.0106781 0.0464282 9.9964E-05 9.9964E-05 9.9964E-05 0.0152264
0.909686 9.9964E-05 0.0293775 9.9964E-05 0.0284712 9.9964E-05 0.00957568 0.00529509 9.9964E-05 0.0171948
0.858263 0.0357612 0.021712 0.0104501 0.0209637 0.0241338 9.9973E-05 9.9973E-05 0.0284161 9.9973E-05
0.845129 9.9955E-05 0.0264219 9.9955E-05 9.9955E-05 9.9955E-05 0.0664593 9.9955E-05 0.0452063 0.0162834
0.569587 0.00126381 9.9964E-05 0.0641541 0.0339264 9.9964E-05 9.9964E-05 9.9964E-05 0.0848732 0.245795
0.575225 9.9964E-05 0.0259165 0.00590396 0.0869581 9.9964E-05 9.9964E-05 9.9964E-05 0.0385575 0.267039
0.510634 9.9964E-05 0.0110671 0.04461 0.124863 9.9964E-05 9.9964E-05 9.9964E-05 0.0879442 0.220482
0.423379 9.9946E-05 9.9946E-05 9.9946E-05 0.193723 9.9946E-05 9.9946E-05 9.9946E-05 0.110512 0.271787
0.030568 0.0230419 0.0351905 0.209927 0.142362 0.444076 0.0106271 9.9991E-05 0.0220826 0.0820252
0.0354434 0.0617943 0.0143194 0.256869 0.119757 0.444783 9.9991E-05 0.0481246 0.00795511 0.0108544
0.00655973 0.00785402 0.000381237 0.192186 0.127939 0.496319 0.0267891 0.042723 9.9991E-05 0.0991487
0.011316 9.9964E-05 0.0219473 0.229033 0.220119 0.347046 9.9964E-05 9.9964E-05 9.9964E-05 0.170139
9.9955E-05 9.9955E-05 9.9955E-05 0.041243 0.468235 0.136319 9.9955E-05 0.0770595 9.9955E-05 0.276643
0.0457566 0.00377975 0.00235813 0.15708 0.0146832 0.67928 9.9991E-05 0.0367851 0.00599114 0.0541858
9.9964E-05 0.0334605 9.9964E-05 0.24162 0.013175 0.591822 9.9964E-05 0.00959946 9.9964E-05 0.109923
9.9982E-05 9.9982E-05 0.00984137 0.272537 0.0275771 0.528952 0.00732762 0.073125 0.0571857 0.0232546
9.9964E-05 9.9964E-05 0.0027453 0.529853 9.9964E-05 0.38686 0.00315493 0.0583702 0.0186163 9.9964E-05
0.0834289 0.00764131 0.0133819 0.114312 9.9982E-05 0.631612 0.0146827 0.083185 9.9982E-05 0.0515562
0.033002 9.9964E-05 0.00701414 0.444729 0.037681 0.423026 9.9964E-05 9.9964E-05 9.9964E-05 0.0541472
9.9946E-05 9.9946E-05 9.9946E-05 0.780021 9.9946E-05 9.9946E-05 9.9946E-05 0.123476 0.0835206 0.0123832
0.0341715 0.00750376 0.00566344 0.110796 0.183906 0.512828 0.0207713 0.0517282 9.9991E-05 0.0725324
9.9946E-05 9.9946E-05 9.9946E-05 0.612481 9.9946E-05 0.184462 9.9946E-05 0.0464482 0.156009 9.9946E-05
9.9982E-05 0.000867847 0.0384458 0.276644 0.0518909 0.529579 9.9982E-05 0.0593547 0.0221298 0.0208882
0.00513166 9.9955E-05 9.9955E-05 0.627147 0.161722 0.116741 9.9955E-05 9.9955E-05 9.9955E-05 0.088759
0.0817477 9.9946E-05 9.9946E-05 9.9946E-05 9.9946E-05 0.0100914 9.9946E-05 9.9946E-05 0.0689882 0.838573
0.0420787 9.9946E-05 9.9946E-05 9.9946E-05 9.9946E-05 0.0820021 9.9946E-05 9.9946E-05 0.0431149 0.832205
0.0315627 9.9964E-05 0.00450463 9.9964E-05 9.9964E-05 0.0310864 0.00408264 9.9964E-05 0.0796054 0.848758
0.101856 9.9946E-05 9.9946E-05 0.0470207 9.9946E-05 9.9946E-05 9.9946E-05 9.9946E-05 0.0397558 0.810768
9.9937E-05 9.9937E-05 9.9937E-05 9.9937E-05 9.9937E-05 0.113831 9.9937E-05 9.9937E-05 0.0400259 0.845443
0.0305552 0.0547103 9.9955E-05 9.9955E-05 9.9955E-05 0.0757356 9.9955E-05 9.9955E-05 0.0420292 0.79647
0.818509 0.0485538 0.0158448 0.0340629 0.00267465 0.0226016 0.0285161 9.9982E-05 9.9982E-05 0.0290373
0.823373 0.0180892 9.9973E-05 9.9973E-05 0.0148896 0.109042 0.00543163 0.00849505 9.9973E-05 0.0203793
0.752831 0.0114218 0.0226103 0.0054524 0.00696391 0.125956 0.0429555 0.020088 9.9991E-05 0.0116211
0.842799 0.0838355 9.9955E-05 0.0597894 0.0118184 0.00125832 9.9955E-05 9.9955E-05 9.9955E-05 9.9955E-05
0.768737 0.0427931 0.00798482 9.9973E-05 0.0146075 0.138009 9.9973E-05 9.9973E-05 0.0098138 0.0177552
0.373261 9.9946E-05 0.00396334 9.9946E-05 9.9946E-05 9.9946E-05 9.9946E-05 9.9946E-05 0.0940646 0.528112
0.354293 9.9964E-05 0.0413711 9.9964E-05 9.9964E-05 9.9964E-05 0.0292223 0.0393803 0.0269691 0.508364
0.35601 9.9964E-05 0.00613163 9.9964E-05 9.9964E-05 9.9964E-05 0.112069 0.00427483 0.0230841 0.49803
9.99201E-05 9.99201E-05 0.999101 9.99201E-05 9.99201E-05 9.99201E-05 9.99201E-05 9.99201E-05 9.99201E-05 9.99201E-05
0.334999 9.9982E-05 0.0243322 0.013295 0.0312114 9.9982E-05 0.0278731 0.0535577 0.0276218 0.48691
0.149425 0.0650596 0.00688948 9.9973E-05 9.9973E-05 0.238381 0.429328 0.00466516 0.105953 9.9973E-05
0.100158 0.0890418 9.9982E-05 0.00383848 0.0344216 0.502354 0.207309 0.0355516 0.0271255 9.9982E-05
0.17135 0.101919 9.9946E-05 9.9946E-05 9.9946E-05 0.515783 0.210349 9.9946E-05 9.9946E-05 9.9946E-05
0.228069 0.101768 9.9973E-05 0.0223697 0.0239417 0.271173 0.259955 9.9973E-05 0.0924236 9.9973E-05
0.0950041 0.0739254 0.024165 0.0473907 0.0710135 0.458224 0.152292 0.0420495 0.0284696 0.00746692
0.315285 0.054124 0.0132288 9.9955E-05 9.9955E-05 9.9955E-05 0.403612 9.9955E-05 0.21325 9.9955E-05
9.9964E-05 9.9964E-05 0.00369518 0.0316621 0.262291 0.400363 9.9964E-05 0.082937 9.9964E-05 0.218652
9.9964E-05 9.9964E-05 9.9964E-05 0.0611453 0.161781 0.412729 9.9964E-05 0.134476 0.121226 0.108243
9.9955E-05 9.9955E-05 0.00361951 9.9955E-05 0.547953 0.203961 9.9955E-05 0.0506667 9.9955E-05 0.193301
9.9973E-05 0.00577525 9.9973E-05 0.00979032 0.181365 0.48105 9.9973E-05 0.213115 0.0393052 0.0693002
9.9955E-05 9.9955E-05 9.9955E-05 0.0744739 0.181509 9.9955E-05 9.9955E-05 0.285255 0.313629 0.144634
0.0534077 0.0399126 0.0101238 0.0570712 0.120028 0.516386 0.0385884 9.9991E-05 0.107625 0.0567568
0.00252037 0.019039 9.9991E-05 0.0150575 0.207373 0.468734 0.0239166 0.173142 0.0210374 0.0690798
0.0174555 9.9982E-05 0.0118631 0.0189405 0.357388 0.295871 9.9982E-05 0.0406654 0.0208278 0.236788
0.0984942 0.0335856 0.00329261 0.0851805 0.146499 0.480846 9.9991E-05 0.0954802 0.0124397 0.0440822
9.9964E-05 9.9964E-05 9.9964E-05 0.110437 0.383267 0.0706708 9.9964E-05 0.18822 0.191485 0.0555214
0.0347349 0.018741 9.9982E-05 0.0522952 0.115577 0.527859 9.9982E-05 0.0603304 0.105879 0.0843836
9.9982E-05 0.00409361 0.0125341 0.0536061 0.233628 0.478116 9.9982E-05 0.00585684 0.0176001 0.194365
0.0579391 0.078718 9.9991E-05 0.027432 0.123443 0.385081 0.117682 0.0384086 0.114758 0.0564385
9.9973E-05 9.9973E-05 9.9973E-05 0.0841052 0.265867 0.304445 0.00176196 0.111997 0.127446 0.104078
9.9982E-05 0.0309848 9.9982E-05 0.0810022 0.232365 0.341173 0.00131699 0.143932 0.0943581 0.0746682
9.9973E-05 0.0425679 9.9973E-05 0.00105255 0.132328 0.525799 9.9973E-05 0.158263 0.0597903 0.0798988
9.9964E-05 9.9964E-05 9.9964E-05 0.0635173 0.195498 0.529887 9.9964E-05 0.103776 0.0579654 0.0489567
9.9982E-05 0.0552454 0.0100554 0.0135783 0.05997 0.607052 9.9982E-05 0.118663 0.0564518 0.0787844
0.0652723 0.0493094 0.01617 0.0447982 0.0243657 0.519694 0.030363 0.0525853 0.0826617 0.11478
0.108061 9.9973E-05 0.00607818 0.0885212 0.109658 0.552779 0.0361914 9.9973E-05 9.9973E-05 0.0984115
0.841644 0.0343307 0.0108117 9.9946E-05 9.9946E-05 0.112614 9.9946E-05 9.9946E-05 9.9946E-05 9.9946E-05
0.873896 0.00816288 9.9937E-05 9.9937E-05 9.9937E-05 0.117241 9.9937E-05 9.9937E-05 9.9937E-05 9.9937E-05
0.856938 9.9955E-05 0.0298077 9.9955E-05 9.9955E-05 0.0658556 9.9955E-05 9.9955E-05 0.00397637 0.0429224
0.874247 0.0515689 0.0217843 0.00464843 9.9964E-05 0.0336777 9.9964E-05 0.0136742 9.9964E-05 9.9964E-05
0.863693 9.9946E-05 0.0320432 9.9946E-05 9.9946E-05 0.09162 9.9946E-05 9.9946E-05 9.9946E-05 0.0120442
9.9982E-05 0.0218593 0.01153 0.0336618 0.612943 0.00210004 0.0210079 9.9982E-05 0.0585392 0.238159
0.013521 0.0289479 9.9991E-05 0.0623535 0.149447 0.46711 0.0619752 0.10738 0.0394075 0.0697572
0.159503 0.0990861 0.00566214 0.0247977 0.00460803 0.367227 0.224889 0.0547203 0.0594067 9.9991E-05
9.9973E-05 0.0144239 0.0188424 0.0437911 0.178884 0.572362 0.087953 9.9973E-05 9.9973E-05 0.0834439
0.0148989 0.00999894 0.0155975 0.0696527 0.320132 0.447975 9.9982E-05 9.9982E-05 0.0163465 0.105199
9.9982E-05 0.0103222 0.0122437 0.0268465 0.308174 0.222353 9.9982E-05 0.154496 0.174512 0.0908515
0.0453375 9.9973E-05 0.018276 0.0120566 0.557136 9.9973E-05 9.9973E-05 0.0148395 0.0372185 0.314836
0.0330232 0.0331088 0.00999195 0.0270128 0.232875 0.425473 0.00763829 9.9991E-05 0.00609649 0.224681
0.0371118 0.041203 9.9964E-05 9.9964E-05 0.439272 0.15718 9.9964E-05 0.0432948 9.9964E-05 0.281539
0.0293348 9.9991E-05 0.0215597 0.115399 0.107666 0.445909 0.0363095 0.0499257 0.119391 0.0744065
0.0970414 9.9955E-05 9.9955E-05 9.9955E-05 0.500004 0.0644004 9.9955E-05 0.0673007 9.9955E-05 0.270753
0.0423352 0.0408792 0.00878472 9.9973E-05 0.211059 0.513392 0.0245679 9.9973E-05 9.9973E-05 0.158683
0.0263145 9.9991E-05 0.027784 0.0692831 0.615721 0.050173 0.00666484 0.00213199 0.0194673 0.18236
9.9982E-05 0.0325607 9.9982E-05 0.0633127 0.364958 0.156428 0.0987339 0.145915 0.0793483 0.0585435
0.0757558 9.9973E-05 9.9973E-05 0.00967997 0.0935742 0.55211 9.9973E-05 0.0279956 0.207436 0.0331484
9.9964E-05 9.9964E-05 9.9964E-05 0.0107906 0.119191 0.285833 9.9964E-05 0.133962 0.436304 0.0135184
9.9955E-05 9.9955E-05 9.9955E-05 0.00126852 0.0166937 0.557682 9.9955E-05 9.9955E-05 0.38218 0.0416764
0.0249769 0.0177982 0.0508486 0.0338273 0.0741128 0.558158 0.0238751 0.00378497 0.203601 0.00901772
9.9964E-05 9.9964E-05 9.9964E-05 0.0730668 0.0135679 0.309985 9.9964E-05 0.0191187 0.572616 0.0112456
0.0375752 0.0429504 0.0406996 0.0403877 0.0375862 0.538392 9.9991E-05 0.0519389 0.148994 0.0613758
9.9964E-05 9.9964E-05 0.0232633 0.0423538 9.9964E-05 0.536408 9.9964E-05 0.0349221 0.287745 0.0749086
9.9964E-05 9.9964E-05 9.9964E-05 0.0791337 0.00564721 0.152647 9.9964E-05 0.158655 0.569681 0.0338361
9.9955E-05 9.9955E-05 9.9955E-05 0.0423981 9.9955E-05 0.253664 9.9955E-05 0.0296067 0.630656 0.0431756
9.9964E-05 9.9964E-05 9.9964E-05 0.0355714 0.0198845 0.513437 9.9964E-05 0.00437984 0.38238 0.0439469
9.9955E-05 9.9955E-05 9.9955E-05 0.161123 9.9955E-05 0.0882726 9.9955E-05 0.0838901 0.563619 0.102595
9.9964E-05 9.9964E-05 9.9964E-05 0.026629 0.0564019 0.470097 9.9964E-05 0.0439358 0.333298 0.0692386
9.9973E-05 0.01983 0.00181473 0.0403676 0.607214 0.0124628 9.9973E-05 0.0383624 9.9973E-05 0.279649
9.9982E-05 0.0195586 9.9982E-05 0.0483107 0.389786 0.0842704 0.0755122 0.254499 0.00859258 0.11927
0.0270337 0.0498827 0.00866911 0.00396149 0.342758 0.343613 0.0111069 0.0199957 9.9991E-05 0.192879
9.9964E-05 9.9964E-05 9.9964E-05 0.052773 0.200533 0.493029 0.108296 0.010853 9.9964E-05 0.134116
9.9964E-05 9.9964E-05 9.9964E-05 0.122125 0.435081 0.1282 0.0317607 0.0156814 9.9964E-05 0.266752
0.0383019 0.0395631 9.9991E-05 0.0346778 0.107918 0.503288 0.0637465 0.0563285 0.0325663 0.12351
0.0234134 0.00970848 0.0460414 0.0408693 0.176207 0.522472 9.9982E-05 0.0780178 9.9982E-05 0.103071
0.0107108 9.9982E-05 0.0191993 0.0894973 0.295739 0.368428 0.0967122 0.0337869 9.9982E-05 0.0857257
9.9973E-05 0.0445659 9.9973E-05 0.0246818 0.219984 0.433143 0.0582403 0.0878249 9.9973E-05 0.13126
0.00809657 0.0171009 0.0159104 0.0317434 0.239422 0.423831 0.0167399 0.0140427 9.9991E-05 0.233013
9.9982E-05 0.00448585 0.000700986 0.0433177 0.465038 0.197829 0.0253927 0.0403358 9.9982E-05 0.2227
9.9973E-05 0.0276498 9.9973E-05 0.00674226 0.300019 0.340981 0.0163844 0.0479347 9.9973E-05 0.25999
9.9973E-05 9.9973E-05 9.9973E-05 0.0435771 0.11698 0.527914 0.0728339 0.101909 0.0177534 0.118733
0.0516168 0.0636285 0.0077428 9.9982E-05 0.123007 0.61545 0.0102257 9.9982E-05 0.098395 0.0297339
9.9982E-05 0.0205696 9.9982E-05 0.124296 0.167533 0.246607 0.152287 0.0932024 0.0542289 0.141076
9.9973E-05 0.0523102 9.9973E-05 0.0715781 0.155928 0.430763 0.0754625 0.103276 9.9973E-05 0.110383
9.9991E-05 0.0442049 0.0153941 0.0537581 0.387768 0.266382 0.010934 0.0149472 0.00226824 0.204244
9.9964E-05 9.9964E-05 9.9964E-05 0.00278983 0.242142 0.476328 0.0949976 0.044595 9.9964E-05 0.138748
0.00858103 0.0840863 9.9982E-05 0.0428758 0.285073 0.349569 0.0493347 0.0457769 9.9982E-05 0.134504
0.0792617 9.9982E-05 9.9982E-05 0.0417619 0.100869 0.517624 0.0692397 0.063128 0.0417719 0.0861437
0.309613 0.0370384 0.00409508 0.00849854 0.108105 0.405681 0.109093 9.9982E-05 0.0176751 9.9982E-05
0.0918931 0.0347105 0.00247729 9.9982E-05 0.0959539 0.487569 0.207726 0.0177512 0.0617185 9.9982E-05
0.124866 0.0630852 0.0309459 0.0641695 0.060956 0.419896 0.120912 0.00152777 0.0878773 0.0257642
0.0654709 0.028461 0.0046203 9.9991E-05 0.0239667 0.548655 0.154693 0.0580654 0.0782439 0.037724
0.133186 0.0827447 9.9973E-05 0.021333 0.0125998 0.40307 0.2309 9.9973E-05 0.115867 9.9973E-05
9.9955E-05 9.9955E-05 9.9955E-05 9.9955E-05 0.120408 0.505822 9.9955E-05 0.157103 0.113447 0.10272
0.126697 9.9991E-05 0.0194309 0.0707708 0.0592133 0.478771 0.170173 0.0400435 0.026922 0.00787882
0.158767 0.0785978 9.9973E-05 0.0380328 0.186459 9.9973E-05 0.167177 0.0536567 0.31701 9.9973E-05
0.0330532 0.0200668 0.0102245 9.9991E-05 0.112874 0.541142 0.160691 0.0117691 0.0724826 0.0375975
0.131081 0.103866 9.9982E-05 0.00868655 0.095059 0.512554 0.101969 0.0283787 0.0182053 9.9982E-05
0.0605792 0.0774039 0.024676 0.0398896 0.0715854 0.471123 0.152658 0.0276905 0.055776 0.0186186
0.118631 0.0112271 0.0346883 0.0731461 0.136468 0.247411 0.15213 0.0680483 0.15815 9.9991E-05
0.174886 0.0539653 9.9982E-05 9.9982E-05 0.0722967 0.487232 0.163306 0.00723146 0.034922 0.00596031
0.0898694 0.00410875 0.0247957 9.9982E-05 9.9982E-05 0.469313 0.250175 0.083836 0.0332937 0.0444087
0.396818 9.9937E-05 9.9937E-05 9.9937E-05 9.9937E-05 9.9937E-05 0.227366 9.9937E-05 0.375116 9.9937E-05
0.148382 0.118394 0.00803975 9.9991E-05 0.00242979 0.501957 0.0724659 0.0582388 0.00662462 0.0833681
0.102978 0.0787615 9.9973E-05 9.9973E-05 0.0452021 0.478106 0.204216 0.0354842 0.0549527 9.9973E-05
0.122396 0.0701962 9.9973E-05 9.9973E-05 0.107665 0.5441 0.0594235 0.0471565 0.0487626 9.9973E-05
0.0996425 0.0766288 0.021458 9.9964E-05 9.9964E-05 0.498493 0.240603 9.9964E-05 0.0627746 9.9964E-05
0.151155 0.0646111 0.0513937 0.071604 0.0890062 0.462748 0.0656065 9.9982E-05 0.0436755 9.9982E-05
0.0408933 0.0399389 0.000970924 0.0544716 9.9973E-05 0.404832 9.9973E-05 0.442697 9.9973E-05 0.015897
0.0452485 0.0295791 0.00466415 0.11003 0.0575099 0.498874 9.9991E-05 0.216623 0.031679 0.00569281
9.9955E-05 9.9955E-05 9.9955E-05 0.0420236 0.0201765 9.9955E-05 9.9955E-05 0.894488 0.0275857 0.015227
0.0216358 9.9955E-05 0.0021482 9.9955E-05 0.0189762 9.9955E-05 9.9955E-05 0.941142 0.0155985 9.9955E-05
0.0565046 9.9973E-05 0.0121424 9.9973E-05 0.0516775 0.470774 0.0621226 0.303723 0.0427555 9.9973E-05
0.0740746 0.15095 9.9973E-05 9.9973E-05 0.0277294 0.281698 0.293215 0.0992014 0.072832 9.9973E-05
0.0791682 0.0748715 9.9955E-05 9.9955E-05 9.9955E-05 0.258794 0.363448 0.223218 9.9955E-05 9.9955E-05
0.109948 0.0668679 9.9964E-05 9.9964E-05 9.9964E-05 0.114262 0.388117 0.26421 0.0561956 9.9964E-05
0.0542791 0.0651505 0.0299071 9.9973E-05 9.9973E-05 0.252999 0.347064 0.207256 0.0430446 9.9973E-05
0.0368685 9.9955E-05 0.0150237 9.9955E-05 9.9955E-05 9.9955E-05 0.139206 0.706643 0.101759 9.9955E-05
9.9973E-05 9.9973E-05 0.0313254 0.00855312 9.9973E-05 0.05264 0.207233 0.645338 0.0517564 0.00285407
9.9964E-05 9.9964E-05 0.00156692 9.9964E-05 0.0379629 0.501171 0.108951 0.335976 0.0139722 9.9964E-05
0.0534211 0.06771 9.9955E-05 9.9955E-05 9.9955E-05 0.302154 0.0850645 0.49115 9.9955E-05 9.9955E-05
0.0121281 0.014944 0.0267024 9.9964E-05 9.9964E-05 0.140971 0.0812822 0.723572 9.9964E-05 9.9964E-05
0.0186918 0.0148046 0.0138653 9.9991E-05 0.118915 0.471758 0.0887022 0.217851 0.0332504 0.0220612
0.0429137 0.031443 0.0190885 9.9973E-05 9.9973E-05 0.494184 0.0933011 0.316263 9.9973E-05 0.00250623
0.127004 0.0393841 9.9982E-05 0.0474304 0.016128 0.456384 0.0350342 0.276966 9.9982E-05 0.00146911
0.0123354 9.9955E-05 0.0130253 9.9955E-05 0.0172425 0.290538 9.9955E-05 0.666359 9.9955E-05 9.9955E-05
0.00371186 9.9982E-05 0.00861486 0.00878485 0.0452048 0.377857 9.9982E-05 0.504123 0.0451225 0.00638087
0.0286042 0.0066051 0.021792 0.0144777 0.0478234 0.506027 9.9991E-05 0.311332 0.0192611 0.0439776
0.058101 0.0132673 0.0175723 9.9982E-05 0.0563951 0.423328 9.9982E-05 0.377956 0.0128658 0.0403153
0.0511657 0.070702 9.9991E-05 0.00351206 0.0125711 0.487214 0.0159242 0.253815 0.0203582 0.0846379
9.9946E-05 9.9946E-05 9.9946E-05 0.0637895 9.9946E-05 0.433557 9.9946E-05 0.43304 0.0690135 9.9946E-05
0.00768172 0.0140418 9.9955E-05 9.9955E-05 9.9955E-05 0.137073 9.9955E-05 0.800864 9.9955E-05 0.0398391
9.9955E-05 0.0076793 0.00864145 9.9955E-05 9.9955E-05 0.587556 0.0157119 0.379912 9.9955E-05 9.9955E-05
9.9946E-05 9.9946E-05 9.9946E-05 9.9946E-05 0.0356933 0.143026 9.9946E-05 0.777326 9.9946E-05 0.0433554
9.9946E-05 9.9946E-05 0.0202811 9.9946E-05 0.00824902 0.441697 9.9946E-05 0.529173 9.9946E-05 9.9946E-05
0.0757128 9.9973E-05 0.00579363 9.9973E-05 0.0249103 0.492675 0.0136665 0.345485 9.9973E-05 0.0414576
0.0737795 0.0362556 0.0212541 0.0636423 0.00891871 0.420264 9.9982E-05 0.333302 9.9982E-05 0.0423838
0.100578 0.0643212 0.0210294 0.010895 0.0635934 0.442356 0.1457 0.0802193 0.0712085 9.9991E-05
0.14158 0.059257 0.0108447 0.0323797 0.0369452 0.434332 0.103101 0.0889 0.0711468 0.0215135
0.104849 0.101309 0.0384614 0.000696674 9.9982E-05 0.274745 0.285311 0.0673253 0.127102 9.9982E-05
0.165799 0.133597 0.0270541 0.0313097 0.0231814 0.2562 0.144714 0.165061 0.0481852 0.00489815
0.0926812 0.100081 0.00253727 0.0181574 0.0278095 0.418251 0.142474 0.0253558 0.0836156 0.0890379
0.122057 9.9973E-05 0.0249311 9.9973E-05 9.9973E-05 0.442424 0.170021 0.15728 0.0766253 0.00636264
0.11155 9.9955E-05 0.0241045 9.9955E-05 9.9955E-05 9.9955E-05 0.172248 0.657795 0.0338032 9.9955E-05
0.048493 0.0917375 0.01524 0.0233295 9.9973E-05 0.438076 0.200975 0.181849 9.9973E-05 9.9973E-05
0.277402 9.9946E-05 9.9946E-05 9.9946E-05 9.9946E-05 9.9946E-05 0.150399 0.345736 0.225864 9.9946E-05
0.0443236 0.0406052 0.00117421 9.9964E-05 9.9964E-05 0.460307 0.147846 0.305344 9.9964E-05 9.9964E-05
9.9928E-05 9.9928E-05 9.9928E-05 9.9928E-05 9.9928E-05 0.0857549 9.9928E-05 0.913446 9.9928E-05 9.9928E-05
9.9928E-05 9.9928E-05 9.9928E-05 0.0325079 9.9928E-05 9.9928E-05 9.9928E-05 0.966693 9.9928E-05 9.9928E-05
