0.0340955 9.9973E-05 0.00946815 9.9973E-05 9.9973E-05 0.836144 0.0596378 0.0603542
9.9955E-05 9.9955E-05 9.9955E-05 0.0125128 0.0476014 0.939386 9.9955E-05 9.9955E-05
0.0202369 0.130586 0.0412273 9.9973E-05 9.9973E-05 0.749577 0.0580724 9.9973E-05
0.0924681 0.0123229 0.116163 9.9973E-05 9.9973E-05 0.717654 0.0610923 9.9973E-05
0.0514452 0.00931374 0.0811604 9.9964E-05 9.9964E-05 0.857681 9.9964E-05 9.9964E-05
0.0551678 0.0780896 0.0113287 0.0872272 0.11832 0.623606 0.026161 9.9991E-05
9.9964E-05 9.9964E-05 9.9964E-05 0.0833048 9.9964E-05 0.821893 0.0178544 0.0765478
0.103538 0.0585421 9.9982E-05 0.0981351 9.9982E-05 0.718402 0.0160731 0.00511069
0.0929553 9.99729E-05 9.99729E-05 0.00663779 0.0579723 0.80546 0.036675 9.99729E-05
0.0137521 0.142636 0.0191541 0.109501 9.9982E-05 0.689312 0.0254459 9.9982E-05
0.0728977 0.0645097 9.9973E-05 0.116527 9.9973E-05 0.734565 9.9973E-05 0.0112012
9.9964E-05 0.0308826 0.104154 9.9964E-05 0.0809579 9.9964E-05 9.9964E-05 0.783605
0.00256167 0.460781 0.0407811 9.9973E-05 9.9973E-05 9.9973E-05 0.0618525 0.433724
0.060009 0.103413 0.0415575 0.0377275 9.9991E-05 0.0141055 0.0222928 0.720794
9.9964E-05 0.122437 0.167455 9.9964E-05 9.9964E-05 0.0321065 9.9964E-05 0.677601
9.9964E-05 0.181212 0.150133 9.9964E-05 9.9964E-05 0.112553 9.9964E-05 0.555702
9.9973E-05 0.505547 0.122423 0.0346176 9.9973E-05 0.0322012 9.9973E-05 0.304912
9.9982E-05 0.329021 0.0979188 0.0430557 0.0106546 9.9982E-05 0.00455276 0.514598
9.9964E-05 0.153238 0.0678526 9.9964E-05 9.9964E-05 0.133189 9.9964E-05 0.645321
0.0579424 9.9973E-05 9.9973E-05 0.054883 9.9973E-05 0.0274536 0.0190631 0.840358
9.9982E-05 0.313794 0.110061 0.0604446 0.0985158 9.9982E-05 0.00166077 0.415323
0.0381222 0.449385 9.9991E-05 0.132543 0.0246423 0.0135809 0.0508039 0.290822
9.9955E-05 0.512385 9.9955E-05 9.9955E-05 9.9955E-05 0.0994821 9.9955E-05 0.387633
9.9982E-05 0.172081 0.0677742 9.9982E-05 0.0432589 0.00457024 0.0191433 0.692972
9.9982E-05 0.544588 0.0623663 0.0949475 9.9982E-05 0.0570079 0.0534371 0.187453
9.9964E-05 0.338929 0.130384 9.9964E-05 9.9964E-05 9.9964E-05 0.0393203 0.490966
9.9955E-05 9.9955E-05 0.0566171 9.9955E-05 9.9955E-05 9.9955E-05 0.0468156 0.896068
9.9964E-05 0.00380072 0.18307 9.9964E-05 9.9964E-05 0.0040117 9.9964E-05 0.808717
9.9982E-05 0.123686 0.00642018 0.0280522 0.0207528 0.0424983 9.9982E-05 0.778391
9.994E-05 9.994E-05 9.994E-05 9.994E-05 9.994E-05 9.994E-05 0.9993 9.994E-05
9.994E-05 9.994E-05 9.994E-05 9.994E-05 9.994E-05 9.994E-05 0.9993 9.994E-05
9.9973E-05 0.0825322 0.0109454 9.9973E-05 9.9973E-05 0.49076 0.394836 0.0206258
9.9973E-05 0.0713109 0.122549 0.0305063 9.9973E-05 0.503793 0.271541 9.9973E-05
0.0727383 0.570054 0.0209012 0.00248781 0.248658 0.0206517 0.00709237 0.0574164
0.0312937 0.419321 0.0731383 0.00018678 0.313077 0.105618 9.9991E-05 0.0572653
9.9973E-05 0.526802 0.00437331 9.9973E-05 0.422863 0.0421331 0.00352843 9.9973E-05
0.169876 0.0563826 0.00114028 9.9991E-05 0.10016 0.114464 0.00695873 0.550918
0.0332756 0.240625 0.0674329 9.9973E-05 0.631834 9.9973E-05 0.0265323 9.9973E-05
0.0923663 0.484971 0.0484236 0.041844 0.124747 0.0590663 0.0202333 0.128348
0.027462 0.633409 0.0559918 0.0171517 0.198842 0.035117 0.0319264 9.9991E-05
0.0747426 0.567796 9.9991E-05 0.133331 0.0942749 0.0745289 0.0494414 0.00578568
0.0215959 0.58119 9.9991E-05 0.0300201 0.116313 0.0621737 0.0635014 0.125106
9.9973E-05 0.0819602 9.9973E-05 9.9973E-05 0.668185 0.0284773 0.0311545 0.189923
0.0182724 0.611696 9.9982E-05 0.191884 9.9982E-05 0.053021 0.00759807 0.117329
9.9982E-05 0.566931 0.026869 0.0193957 0.264431 0.100167 9.9982E-05 0.0220068
0.0445771 0.464344 0.0791621 9.9982E-05 0.176673 0.159855 9.9982E-05 0.0751891
9.9946E-05 0.254261 9.9946E-05 9.9946E-05 0.74514 9.9946E-05 9.9946E-05 9.9946E-05
0.0786411 0.675583 9.9973E-05 9.9973E-05 0.134028 0.0235785 0.0878693 9.9973E-05
0.0938254 0.5212 0.009146 9.9991E-05 0.143389 0.13091 0.0474952 0.053934
9.9964E-05 9.9964E-05 9.9964E-05 0.224554 0.667812 0.100689 0.00654416 9.9964E-05
0.15725 0.0913417 9.9973E-05 0.119935 0.169712 9.9973E-05 9.9973E-05 0.461461
0.0122197 0.0609217 0.0200703 0.376351 0.189977 9.9991E-05 0.0127467 0.327614
0.049509 0.531309 9.9982E-05 0.151111 9.9982E-05 0.0685746 0.0347928 0.164503
9.999E-05 0.562033 0.0697592 0.0997072 0.0289914 0.0559242 0.0272148 0.156271
0.0965066 0.586542 0.0723207 0.123466 0.00174693 0.0706212 0.0304034 0.0183931
0.133728 0.105456 9.9991E-05 0.0455461 0.233264 0.101761 0.0238618 0.356283
0.169616 0.524958 0.0234188 0.141495 9.9973E-05 9.9973E-05 9.9973E-05 0.140213
0.00721108 0.459185 0.118637 0.137535 9.9982E-05 9.9982E-05 0.03156 0.245673
9.999E-05 0.254318 0.0300575 0.117206 0.168717 0.0354205 0.0684265 0.325755
0.0567597 0.02501 0.0446451 0.162864 0.0457435 0.199414 9.9991E-05 0.465464
0.132328 0.469555 0.0441922 9.9991E-05 0.0977061 0.0316203 0.0422458 0.182252
0.0899964 0.358155 0.0339099 0.0586888 0.0485615 0.0540036 0.0358935 0.320792
0.128326 9.9973E-05 9.9973E-05 0.128159 0.0742662 9.9973E-05 0.0682412 0.600708
0.00465901 0.414141 0.0110258 0.0625548 0.0785014 9.9991E-05 0.0114791 0.417538
9.9973E-05 0.584641 0.0728596 0.113361 0.0731548 9.9973E-05 9.9973E-05 0.155684
0.0785072 0.556142 0.0197645 0.0965029 0.0659059 9.9991E-05 0.0713363 0.111741
0.0358605 0.25463 0.0227084 0.103009 0.156389 0.0113575 0.0281116 0.387934
0.0314142 0.454997 0.0135802 0.205887 9.9982E-05 9.9982E-05 0.0201365 0.273785
0.126351 0.585474 0.0219598 9.9991E-05 0.117089 0.0983564 0.0442031 0.00646706
0.088189 0.10248 9.9982E-05 0.165361 0.135822 9.9982E-05 0.0813135 0.426634
0.036594 0.516825 9.9955E-05 9.9955E-05 0.446081 9.9955E-05 9.9955E-05 9.9955E-05
9.9964E-05 0.129225 9.9964E-05 9.9964E-05 0.63271 9.9964E-05 0.0217768 0.215888
9.9982E-05 0.64519 0.036014 0.0612786 0.150523 9.9982E-05 0.0689671 0.0378272
9.9946E-05 9.9946E-05 9.9946E-05 0.131901 0.8675 9.9946E-05 9.9946E-05 9.9946E-05
0.041934 9.9955E-05 9.9955E-05 0.101706 0.85586 9.9955E-05 9.9955E-05 9.9955E-05
0.0239321 0.263256 9.9964E-05 9.9964E-05 0.675074 9.9964E-05 9.9964E-05 0.0373384
0.0580459 0.41337 9.9982E-05 9.9982E-05 0.449953 0.0251435 0.0425422 0.0107458
9.9991E-05 0.511389 0.0469978 0.0371396 0.104363 0.149633 0.00584544 0.144532
0.0431722 0.400951 0.0143397 9.9973E-05 0.362881 9.9973E-05 9.9973E-05 0.178356
0.0324553 0.0573262 0.040696 9.9982E-05 0.677748 0.0545525 9.9982E-05 0.137022
0.214955 0.136875 9.9973E-05 9.9973E-05 0.509741 0.0398697 9.9973E-05 0.0982587
9.9991E-05 0.402628 0.0536885 0.0286411 0.318303 0.105038 0.0161612 0.0754401
9.9964E-05 0.218178 0.083029 9.9964E-05 0.503212 9.9964E-05 9.9964E-05 0.195181
9.9982E-05 0.315917 0.0250449 9.9982E-05 0.452338 0.0549222 0.0325729 0.119005
9.9964E-05 0.373737 9.9964E-05 9.9964E-05 0.577474 0.0367866 0.0116018 9.9964E-05
9.9964E-05 9.9964E-05 9.9964E-05 0.266717 0.698236 0.0061371 9.9964E-05 0.0285108
0.115422 0.63298 0.0147235 9.9973E-05 0.198783 0.0377921 9.9973E-05 9.9973E-05
0.0173949 0.145656 0.00211592 9.9982E-05 9.9982E-05 0.774438 0.0427974 0.0173974
9.9955E-05 0.0926326 9.9955E-05 9.9955E-05 9.9955E-05 0.811897 0.0949706 9.9955E-05
9.9964E-05 0.0890378 0.036628 9.9964E-05 9.9964E-05 0.764005 0.109929 9.9964E-05
9.9964E-05 0.0821257 9.9964E-05 0.0160486 9.9964E-05 0.792371 0.109054 9.9964E-05
9.9973E-05 0.0714932 0.0128563 0.011002 9.9973E-05 0.783869 0.12048 9.9973E-05
0.0114185 0.0401042 0.0250694 9.9991E-05 0.0278474 0.84452 0.030813 0.0201275
9.9955E-05 0.0602464 9.9955E-05 9.9955E-05 9.9955E-05 0.896571 0.0426831 9.9955E-05
9.9973E-05 0.498659 0.0915768 9.9973E-05 0.295721 0.105679 9.9973E-05 0.00806437
0.0538864 0.42385 0.184434 9.9991E-05 0.152739 0.0667878 0.00438289 0.11382
9.9964E-05 9.9964E-05 9.9964E-05 9.9964E-05 0.83664 0.0473418 0.00247876 0.113139
0.0247408 0.517685 0.083449 9.9991E-05 0.203261 0.0775589 0.0107048 0.0825001
9.9982E-05 0.375739 0.00370316 9.9982E-05 0.42332 0.0829477 0.028172 0.0859186
0.0205484 0.579941 0.0252717 0.0173192 0.285566 0.0629674 0.00828632 9.9991E-05
9.9982E-05 0.563032 0.00789522 0.0809815 0.266436 0.023139 9.9982E-05 0.0583163
9.9973E-05 0.427474 0.0828167 9.9973E-05 0.448982 0.0221368 0.0182901 9.9973E-05
0.0316231 9.9964E-05 9.9964E-05 9.9964E-05 0.666732 0.0813779 9.9964E-05 0.219867
0.0484493 0.479837 0.0157651 9.9991E-05 0.101514 0.113303 0.0588281 0.182203
9.9973E-05 0.597988 9.9973E-05 9.9973E-05 0.268608 0.0980285 0.0180751 0.0170006
0.035707 0.48814 0.163196 0.0221701 0.073897 9.9991E-05 0.0509862 0.165803
9.9982E-05 0.267665 9.9982E-05 0.0979419 0.543073 0.0420017 0.0125578 0.0365604
9.9973E-05 0.534018 9.9973E-05 0.0327008 0.362354 0.0562813 0.0143466 9.9973E-05
9.9982E-05 0.339504 0.0420323 9.9982E-05 0.424695 0.00772534 0.0681995 0.117644
9.9964E-05 0.219503 0.103706 9.9964E-05 0.654912 9.9964E-05 0.0214785 9.9964E-05
0.0612729 0.404102 9.9973E-05 9.9973E-05 0.422241 0.10379 0.00829425 9.9973E-05
0.0671939 0.5529 9.9982E-05 9.9982E-05 0.173791 0.103654 0.0733791 0.0288816
0.0738203 0.163729 9.9991E-05 0.23599 0.0608535 0.0514445 0.016828 0.397235
0.214373 0.349375 0.0619493 0.0173411 9.9982E-05 0.1327 9.9982E-05 0.224061
0.129105 0.555911 9.9991E-05 0.018644 0.0510997 0.101207 0.0165029 0.12743
0.110732 0.530718 0.0965548 0.00191747 0.169897 0.0694704 9.9991E-05 0.0206104
0.0954466 0.428831 9.9973E-05 9.9973E-05 0.0430721 9.9973E-05 0.0520647 0.380286
0.130054 0.60209 9.9973E-05 0.065572 0.0284196 9.9973E-05 9.9973E-05 0.173564
0.20429 0.457071 9.9973E-05 9.9973E-05 0.0279565 0.0273236 9.9973E-05 0.283058
0.152441 0.642958 9.9982E-05 0.103424 0.0370675 0.00665695 0.0572522 9.9982E-05
0.0852214 0.536376 0.0535097 0.102529 0.0924552 0.0186771 0.0140295 0.0972028
0.114758 0.504253 9.9982E-05 0.0285611 0.12045 0.0562043 9.9982E-05 0.175573
0.204676 0.534351 9.9964E-05 9.9964E-05 0.0418201 9.9964E-05 9.9964E-05 0.218753
0.159465 0.635478 9.9982E-05 0.111476 0.0209432 0.0664431 0.00599458 9.9982E-05
0.138002 0.496308 0.0780055 0.0645162 0.11371 0.0540395 0.00757322 0.0478467
0.0576787 0.514649 0.0762326 9.9973E-05 0.116459 9.9973E-05 9.9973E-05 0.234681
0.181263 0.641868 0.037962 0.0961298 0.0109384 0.0219573 0.00978195 9.9991E-05
0.134251 0.419718 0.09071 0.0246169 0.034945 9.9991E-05 0.00734297 0.288317
0.0734294 0.392111 9.9982E-05 0.134221 9.9982E-05 0.0948502 0.0423321 0.262856
0.199643 0.647101 0.0565534 9.9982E-05 0.0235448 9.9982E-05 0.00996419 0.0629935
0.0642111 0.733049 0.0380311 0.0654596 9.9982E-05 0.00234792 9.9982E-05 0.0967012
0.150126 0.231933 0.0183006 0.0356618 0.217133 0.0437916 9.9991E-05 0.302954
0.0722959 0.211765 9.9964E-05 0.371139 9.9964E-05 9.9964E-05 9.9964E-05 0.3444
0.126417 0.500938 9.9973E-05 0.117227 9.9973E-05 0.0204761 9.9973E-05 0.234642
0.266974 0.0767713 0.0609863 0.318497 0.216446 9.9982E-05 9.9982E-05 0.0601249
0.0680983 0.124952 9.9982E-05 0.0175836 0.151231 0.0798544 9.9982E-05 0.558081
0.0668757 0.356181 9.9973E-05 0.035619 0.127516 9.9973E-05 9.9973E-05 0.413508
0.174547 0.257507 9.9973E-05 9.9973E-05 0.130763 9.9973E-05 0.0485346 0.388348
0.138781 0.229835 9.9973E-05 0.0302038 0.158138 9.9973E-05 9.9973E-05 0.442743
0.00901489 0.559911 0.0471501 9.9991E-05 0.0170408 0.0120074 0.066861 0.287915
0.0733825 0.588386 0.106016 0.0049513 0.0579799 0.0927757 9.9991E-05 0.0764095
0.0881304 0.425775 0.0628165 0.000311097 0.212528 0.0147617 0.0669244 0.128753
0.12826 0.140826 0.0493045 0.2812 0.133521 9.9982E-05 9.9982E-05 0.266688
9.9982E-05 0.435358 0.0368489 9.9982E-05 0.134769 0.145357 0.000955933 0.246511
0.0271417 0.466469 0.0732483 0.270427 0.0715819 9.9982E-05 9.9982E-05 0.0909314
0.0858996 0.00522948 9.9982E-05 0.489429 0.203636 0.180901 9.9982E-05 0.0347044
0.0156023 0.630433 0.0235137 0.0348047 0.084946 0.150955 0.00957774 0.0501678
0.0730592 0.252074 0.116668 0.263001 0.217114 0.0281665 0.00362812 0.0462883
0.0228966 0.570611 0.0388404 0.243579 0.0622855 0.0262588 0.0354288 9.9991E-05
0.0433187 0.239631 0.00356497 0.415462 0.165098 0.0426687 0.0374492 0.0528079
0.0791416 0.199993 9.9991E-05 0.472045 0.0490107 0.0519468 0.0287298 0.119034
0.0820319 0.404988 0.0018662 0.294838 0.145846 0.0199095 9.9991E-05 0.0504208
0.041446 0.433513 0.0530092 0.11186 0.15048 0.00985755 9.9991E-05 0.199735
0.0690447 0.415707 0.032119 0.181311 0.0999607 0.0932196 0.00804864 0.100589
0.0510986 9.9991E-05 0.120129 0.387634 0.232412 0.0602228 0.00922626 0.139178
0.0259384 0.547146 0.0144084 0.126069 0.0511764 0.0257298 0.116697 0.092836
9.9964E-05 0.31355 9.9964E-05 0.325565 0.166088 9.9964E-05 9.9964E-05 0.194397
0.0185134 0.39751 9.9973E-05 0.20162 0.227146 9.9973E-05 9.9973E-05 0.15491
0.014113 0.634309 0.0852113 0.0529788 0.115255 0.0309446 0.0278584 0.0393302
0.0075146 0.0628829 0.264668 0.286445 9.9991E-05 0.24349 0.0486479 0.0862511
9.9964E-05 9.9964E-05 0.107535 0.37819 9.9964E-05 0.501099 0.0127764 9.9964E-05
9.9964E-05 9.9964E-05 0.10741 0.454433 9.9964E-05 0.432709 0.00504785 9.9964E-05
0.0593275 0.0115695 0.37656 0.203222 9.9982E-05 0.333056 0.0160653 9.9982E-05
9.9955E-05 0.697271 9.9955E-05 0.215119 0.0871106 9.9955E-05 9.9955E-05 9.9955E-05
0.033953 0.526143 0.114471 0.0655167 0.118745 0.0524716 0.0885996 9.9991E-05
9.9964E-05 0.323068 0.667937 9.9964E-05 9.9964E-05 9.9964E-05 0.00704576 0.0015489
0.0462732 0.336225 0.45039 9.9982E-05 0.0177975 9.9982E-05 0.00292466 0.14619
0.00188466 0.211387 0.468917 9.9991E-05 0.107779 0.06137 0.0228394 0.125724
9.9964E-05 0.338507 9.9964E-05 0.456692 0.182031 9.9964E-05 0.0223707 9.9964E-05
0.0544475 0.469382 0.0525045 0.121801 0.169913 0.0667243 9.9991E-05 0.065128
0.00881293 0.240331 0.00941385 0.647082 0.0831477 9.9982E-05 9.9982E-05 0.0110121
0.0616844 0.633639 9.9973E-05 0.215898 0.0611257 9.9973E-05 9.9973E-05 0.0273533
9.9982E-05 0.424039 0.0151328 0.321433 0.125438 0.0160926 9.9982E-05 0.0976656
0.0512803 0.537631 0.0286774 0.273636 0.0737276 0.010935 9.9991E-05 0.0240135
0.0408273 0.251029 9.9973E-05 0.513681 0.125637 9.9973E-05 9.9973E-05 0.068526
9.9991E-05 0.610775 0.0236961 0.0912141 0.0904931 0.0152661 0.0515255 0.11693
0.0219642 0.527528 9.9991E-05 0.125342 0.153424 0.0487507 0.0701725 0.0527182
9.9955E-05 0.0383624 0.917393 9.9955E-05 0.0437448 9.9955E-05 9.9955E-05 9.9955E-05
0.0321563 0.0699145 0.875312 0.00450089 0.00669905 9.9982E-05 9.9982E-05 0.0112177
9.9982E-05 0.260435 0.591705 0.00602913 0.0434227 9.9982E-05 0.0224775 0.0757307
0.0532876 0.35554 0.58938 9.9964E-05 9.9964E-05 9.9964E-05 9.9964E-05 0.00139241
0.0160609 0.159265 0.822172 9.9964E-05 0.0021018 9.9964E-05 9.9964E-05 9.9964E-05
9.994E-05 9.994E-05 0.9993 9.994E-05 9.994E-05 9.994E-05 9.994E-05 9.994E-05
0.0221861 9.9964E-05 0.954937 0.0105591 9.9964E-05 9.9964E-05 0.0119176 9.9964E-05
9.9946E-05 0.150299 0.849101 9.9946E-05 9.9946E-05 9.9946E-05 9.9946E-05 9.9946E-05
9.9946E-05 9.9946E-05 0.939638 9.9946E-05 9.9946E-05 9.9946E-05 9.9946E-05 0.0597626
9.994E-05 9.994E-05 0.9993 9.994E-05 9.994E-05 9.994E-05 9.994E-05 9.994E-05
9.9946E-05 9.9946E-05 0.980798 9.9946E-05 9.9946E-05 9.9946E-05 0.0186027 9.9946E-05
9.9973E-05 0.165212 0.684422 9.9973E-05 0.00825943 9.9973E-05 0.0706471 0.071159
0.0525584 0.0891251 0.81436 9.9973E-05 0.0151661 9.9973E-05 0.02849 9.9973E-05
9.99632E-05 9.99632E-05 0.981474 9.99632E-05 0.0165727 9.99632E-05 9.99632E-05 0.00145383
0.0626288 0.372835 0.345393 0.0319021 0.0388729 0.0881651 0.0043352 0.0558681
0.148153 0.224108 0.604669 9.9964E-05 9.9964E-05 9.9964E-05 0.0226693 9.9964E-05
0.0580106 0.184157 0.733786 0.00137813 9.9973E-05 9.9973E-05 0.0223683 9.9973E-05
0.000863903 0.0420708 0.874504 9.9973E-05 9.9973E-05 9.9973E-05 0.0163979 0.0658635
0.0183897 0.0684937 0.910821 9.9964E-05 9.9964E-05 9.9964E-05 0.00189604 9.9964E-05
0.00959555 0.0199201 0.909822 9.9973E-05 0.0058899 0.054473 9.9973E-05 9.9973E-05
9.9946E-05 9.9946E-05 0.985939 9.9946E-05 9.9946E-05 9.9946E-05 0.0134612 9.9946E-05
0.0399641 0.270935 0.55761 9.9982E-05 9.9982E-05 0.0510985 0.0332493 0.0469434
0.0261793 9.9955E-05 0.926968 9.9955E-05 9.9955E-05 9.9955E-05 9.9955E-05 0.0463527
9.9964E-05 9.9964E-05 0.0412422 0.644052 9.9964E-05 0.309395 9.9964E-05 0.00491062
0.104574 0.363678 0.0446773 0.228036 9.9991E-05 0.1956 0.0203132 0.0430221
0.0458323 0.408738 0.0698666 0.23252 0.0265437 0.191178 0.0252223 9.9991E-05
0.011269 0.158838 0.0839711 0.565005 9.9982E-05 0.135053 0.0456636 9.9982E-05
0.0366759 0.488641 0.148116 0.193728 0.0458478 0.0405317 0.0463587 9.9991E-05
9.9991E-05 0.238996 0.0655856 0.351383 0.0352394 0.236801 0.0391452 0.0327496
0.0214232 0.41336 0.0796769 0.137469 0.0634541 0.195919 9.9991E-05 0.0885975
9.9964E-05 0.388005 0.146729 0.350564 9.9964E-05 0.114302 9.9964E-05 9.9964E-05
9.9982E-05 0.446619 0.136887 0.21982 9.9982E-05 0.141031 0.0211612 0.0342813
9.9973E-05 0.370309 0.137985 0.356993 9.9973E-05 0.0553822 0.0790306 9.9973E-05
9.9991E-05 0.43572 0.0479327 0.148911 0.0566315 0.22212 0.0368285 0.0517562
0.0908212 0.0365608 9.9964E-05 0.0464656 9.9964E-05 0.825753 9.9964E-05 9.9964E-05
0.0125869 9.9973E-05 0.0259066 9.9973E-05 0.0334404 0.831532 0.0962342 9.9973E-05
0.0178172 0.0181288 9.9964E-05 9.9964E-05 9.9964E-05 0.899537 0.0641172 9.9964E-05
0.0726757 0.0144924 9.9964E-05 9.9964E-05 9.9964E-05 0.876429 0.0360031 9.9964E-05
0.0261624 9.9982E-05 0.0288992 0.0171656 9.9982E-05 0.741644 0.152448 0.0334813
9.9964E-05 9.9964E-05 0.0942344 9.9964E-05 9.9964E-05 0.788799 0.11212 0.00444693
0.0165326 9.9973E-05 0.0854988 9.9973E-05 0.00605923 0.827826 0.0637834 9.9973E-05
0.0628453 0.0269663 9.9973E-05 0.0639246 9.9973E-05 0.799953 0.0460104 9.9973E-05
9.9973E-05 0.0564603 0.0546639 9.9973E-05 0.00634169 0.855272 0.0269622 9.9973E-05
9.9964E-05 0.0782293 0.058634 9.9964E-05 9.9964E-05 0.850381 0.0123559 9.9964E-05
0.0579782 9.9973E-05 9.9973E-05 9.9973E-05 0.119262 0.571236 0.0531809 0.198043
0.203881 9.9964E-05 9.9964E-05 9.9964E-05 9.9964E-05 0.593824 0.0124038 0.189492
0.101118 9.9973E-05 9.9973E-05 0.0997393 9.9973E-05 0.505385 0.0253066 0.268152
0.133846 9.9973E-05 9.9973E-05 0.0227619 0.0680798 0.487223 9.9973E-05 0.287789
0.00955956 0.500355 9.9982E-05 9.9982E-05 0.236665 0.0265395 0.0480558 0.178625
0.120196 0.445911 0.066637 9.9973E-05 0.281477 9.9973E-05 9.9973E-05 0.0854785
9.9973E-05 0.459404 0.0570532 9.9973E-05 0.252886 0.0518585 9.9973E-05 0.178498
0.022377 0.390549 9.9982E-05 0.0248737 0.194986 9.9982E-05 0.0690598 0.297954
0.277786 0.0924359 9.9973E-05 0.00168891 0.121302 9.9973E-05 9.9973E-05 0.506488
0.0178506 0.611919 0.0381978 0.0492273 0.224637 0.0433156 0.013187 0.00166666
0.0215778 0.52628 0.0547131 9.9982E-05 0.273852 0.0241117 9.9982E-05 0.0992655
0.0629924 0.520532 9.9982E-05 0.0756456 0.323963 9.9982E-05 0.0111234 0.0055437
0.0284605 0.30725 0.0244868 0.0890949 0.550408 9.9973E-05 9.9973E-05 9.9973E-05
0.117165 0.669903 0.0433003 0.11568 0.0141138 0.032444 0.0072933 9.9991E-05
0.0769152 0.351142 9.9973E-05 9.9973E-05 0.426959 9.9973E-05 0.0112345 0.13345
0.0457075 9.9964E-05 9.9964E-05 0.14873 0.780035 9.9964E-05 0.0251283 9.9964E-05
0.166164 0.573155 9.9991E-05 0.0637902 0.147202 0.0167868 0.0252988 0.0075029
9.9964E-05 0.256312 9.9964E-05 0.19143 0.527953 9.9964E-05 9.9964E-05 0.0239043
0.0169192 0.456249 0.0743401 0.0182075 0.404003 9.9982E-05 0.0300812 9.9982E-05
0.0645396 0.089108 9.9973E-05 9.9973E-05 0.59267 0.0881945 9.9973E-05 0.165187
0.743634 0.0460778 9.9964E-05 0.130729 9.9964E-05 0.0791593 9.9964E-05 9.9964E-05
0.839166 0.0978109 9.9964E-05 0.0285262 9.9964E-05 0.0340972 9.9964E-05 9.9964E-05
0.942037 0.0482514 0.00172771 0.00170703 9.9973E-05 9.9973E-05 0.00597702 9.9973E-05
0.863432 0.0215824 9.9973E-05 0.0553607 0.0175973 0.0417277 9.9973E-05 9.9973E-05
0.823262 0.0220085 0.0442652 0.085182 9.9973E-05 9.9973E-05 0.0249821 9.9973E-05
0.841713 0.0775115 0.0792794 0.00109602 9.9964E-05 9.9964E-05 9.9964E-05 9.9964E-05
9.9973E-05 0.0743004 0.0350803 9.9973E-05 0.0213074 0.829654 0.0393581 9.9973E-05
0.0568488 0.0725032 0.0247646 9.9982E-05 9.9982E-05 0.798353 0.0299924 0.0173382
0.00657631 0.119655 0.068986 0.00940567 9.9982E-05 0.733281 0.0618957 9.9982E-05
0.00360263 0.0489653 0.114702 9.9982E-05 9.9982E-05 0.723731 0.0234507 0.0853484
9.9964E-05 0.118326 0.0545819 9.9964E-05 9.9964E-05 0.802709 0.0239826 9.9964E-05
0.433928 9.9973E-05 9.9973E-05 0.023401 9.9973E-05 0.336726 0.0482864 0.157359
0.412047 9.9964E-05 9.9964E-05 0.12428 0.0368389 0.426435 9.9964E-05 9.9964E-05
0.422658 9.9973E-05 9.9973E-05 0.000952506 0.121671 0.430916 0.023503 9.9973E-05
9.994E-05 9.994E-05 9.994E-05 9.994E-05 9.994E-05 9.994E-05 0.9993 9.994E-05
0.468517 9.9964E-05 9.9964E-05 9.9964E-05 0.17648 0.352304 0.00229838 9.9964E-05
9.9964E-05 0.316501 0.289378 0.174525 9.9964E-05 0.219196 9.9964E-05 9.9964E-05
9.9973E-05 0.5632 0.182711 0.0697172 9.9973E-05 0.128016 9.9973E-05 0.0560556
9.9973E-05 0.52592 0.2669 9.9973E-05 9.9973E-05 0.138039 0.0381923 0.0306482
0.041454 0.292344 0.267169 0.107766 9.9982E-05 0.282653 0.00841444 9.9982E-05
0.0533836 0.542782 0.165674 0.0141388 0.00220881 0.13097 0.00684426 0.0839994
9.9955E-05 9.9955E-05 0.287552 0.281485 9.9955E-05 0.430463 9.9955E-05 9.9955E-05
0.209178 0.42595 9.9982E-05 9.9982E-05 0.142912 0.0135803 0.0205239 0.187656
0.0878752 0.380262 9.9991E-05 0.250312 0.157274 0.0238561 0.00709473 0.0932258
0.0740412 0.103458 9.9973E-05 9.9973E-05 9.9973E-05 0.0707272 0.0385669 0.712907
0.0930405 0.488779 9.9973E-05 0.201843 0.105242 9.9973E-05 9.9973E-05 0.110795
0.0758555 9.9964E-05 9.9964E-05 0.578255 0.205925 9.9964E-05 9.9964E-05 0.139564
0.00243867 0.457323 0.0224914 0.057909 0.0162051 0.140549 0.0325544 0.270529
0.139434 0.463027 0.0131386 0.109555 0.16968 0.00899951 0.0372414 0.0589241
0.0852459 0.228742 9.9991E-05 0.0416232 0.0854811 0.0198861 0.0153935 0.523528
9.9982E-05 0.479076 0.0268392 0.0402678 0.0490617 0.139536 9.9982E-05 0.265019
9.9964E-05 0.0785209 9.9964E-05 0.350758 0.0883316 9.9964E-05 9.9964E-05 0.481989
0.0797995 0.461827 0.0304283 0.244004 0.0694027 9.9982E-05 9.9982E-05 0.114338
0.218992 0.499942 0.0332406 9.9982E-05 0.106023 9.9982E-05 0.0220369 0.119566
0.081752 0.393746 0.222302 0.00786282 0.125143 0.147136 9.9991E-05 0.0219582
0.0676997 0.40685 9.9973E-05 0.15707 0.0647836 9.9973E-05 9.9973E-05 0.303297
0.078721 0.357252 0.0528398 0.157629 0.0530674 9.9991E-05 0.0170541 0.283337
0.00655732 0.502895 0.021557 0.192203 0.10527 9.9982E-05 9.9982E-05 0.171318
0.13343 0.575588 0.0133399 9.99844E-05 0.17333 0.0312015 9.99844E-05 0.0729111
0.180977 0.569535 0.113577 0.0614817 0.0741287 9.9973E-05 9.9973E-05 9.9973E-05
0.0303205 0.495712 0.0460099 9.9991E-05 0.141959 0.127532 0.00106326 0.157304
0.0489326 0.487613 0.0335772 0.0458173 0.0960707 0.0580104 0.0394474 0.190531
9.9955E-05 0.125041 0.0795732 9.9955E-05 9.9955E-05 0.794886 9.9955E-05 9.9955E-05
9.9973E-05 0.104322 0.0242657 9.9973E-05 0.035898 0.820641 0.014573 9.9973E-05
0.0465591 0.0941533 0.0202773 0.0758729 9.9973E-05 0.762837 9.9973E-05 9.9973E-05
0.0367042 0.0557314 0.0267764 9.9973E-05 0.0825065 0.797982 9.9973E-05 9.9973E-05
9.9955E-05 0.155455 9.9955E-05 9.9955E-05 9.9955E-05 0.781475 0.06257 9.9955E-05
0.141345 0.0573685 0.0576655 9.9964E-05 9.9964E-05 9.9964E-05 9.9964E-05 0.743221
0.00327509 0.479749 0.0737666 0.0765364 0.134893 0.0170716 0.0586764 0.156032
9.9982E-05 0.387709 0.194789 0.187021 0.0711147 0.153345 0.00582148 9.9982E-05
0.0192015 0.538266 0.0733046 0.0246522 0.0734969 0.0170213 0.0787337 0.175324
0.0961054 0.488724 0.0042003 9.9982E-05 0.11427 0.0674826 9.9982E-05 0.229018
0.128733 0.260512 0.0524373 0.22937 9.9982E-05 9.9982E-05 0.0280842 0.300663
0.210194 9.9982E-05 9.9982E-05 0.0970917 0.0304842 0.104438 0.0395301 0.518063
0.171371 0.407725 0.0342938 9.9982E-05 0.0945108 9.9982E-05 0.00457791 0.287322
0.160971 0.0417412 0.0588143 0.126461 0.0566938 0.041632 0.0497526 0.463933
0.121664 0.420167 0.0242506 0.177769 0.220586 0.00833061 0.0271324 9.9991E-05
0.148927 0.0200069 0.0406949 9.9982E-05 0.110918 0.14782 9.9982E-05 0.531433
0.0727097 0.578755 0.0210059 9.9991E-05 0.00933307 0.116517 0.0401202 0.161459
0.187354 0.131582 9.9991E-05 0.0478833 0.0346071 0.0678028 0.010034 0.520637
0.107265 0.308593 0.0372189 0.158766 0.0547477 0.0250452 0.0173459 0.291019
0.115006 0.457858 0.0711535 0.231823 9.9982E-05 9.9982E-05 0.0167941 0.107165
0.100329 0.354865 9.9973E-05 0.432662 0.092173 9.9973E-05 9.9973E-05 0.0196709
9.9982E-05 0.492811 9.9982E-05 0.179373 0.106451 0.0911811 0.0135001 0.116483
9.9991E-05 0.521646 0.00674087 0.14166 0.0493824 0.0876731 0.0447017 0.148095
0.0841589 0.415641 9.9973E-05 0.461355 0.00685137 9.9973E-05 9.9973E-05 0.0316935
9.9991E-05 0.494968 0.0501983 0.0913679 0.098405 0.0548485 0.0192539 0.190859
0.0485649 0.61672 9.9982E-05 0.20116 0.0819078 9.9982E-05 0.0395102 0.0119373
0.0580938 0.0714248 9.9973E-05 0.641015 0.204855 9.9973E-05 9.9973E-05 0.0243108
0.0611121 0.313454 9.9964E-05 0.608881 0.0161533 9.9964E-05 9.9964E-05 9.9964E-05
0.0807804 0.488509 9.9964E-05 0.406281 9.9964E-05 9.9964E-05 0.0240295 9.9964E-05
0.0756814 0.126598 9.9982E-05 0.534747 0.156917 9.9982E-05 0.000336946 0.105521
0.0270818 0.428825 9.9982E-05 0.25825 0.0243079 0.00834207 9.9982E-05 0.252994
0.25049 0.0434715 0.0342206 0.0773629 0.0623893 9.9999E-05 0.0104182 0.521548
0.171178 0.249896 9.9973E-05 0.17801 0.116168 9.9973E-05 9.9973E-05 0.284448
0.204104 0.337054 0.0506722 9.9982E-05 0.0415913 9.9982E-05 0.0252983 0.34108
0.0816226 0.521738 0.0854565 0.0171644 0.0944834 0.0195981 9.9991E-05 0.179837
0.250891 0.180912 0.0168296 9.9973E-05 0.253323 9.9973E-05 9.9973E-05 0.297744
0.21265 0.358871 0.139091 0.180485 0.0717898 9.9982E-05 0.0369138 9.9982E-05
0.0851311 0.549507 0.0688039 0.0210287 0.0924258 9.9991E-05 0.040464 0.14254
0.108313 0.481575 0.0806247 0.0241463 0.0265087 0.0254249 9.9991E-05 0.253308
0.161346 0.371409 0.116161 9.9982E-05 0.0375985 9.9982E-05 0.0183778 0.294907
0.219693 0.313153 0.0199607 9.9991E-05 0.0742911 0.0165649 0.0356735 0.320563
0.219833 0.138156 0.0991499 9.9973E-05 0.135203 9.9973E-05 9.9973E-05 0.407359
0.232604 0.229039 0.123247 9.9982E-05 0.11624 0.0106948 9.9982E-05 0.287975
0.0856436 0.559217 0.074905 9.9973E-05 0.0557594 9.9973E-05 9.9973E-05 0.224175
0.0470274 0.50256 0.0324098 0.00880492 0.139819 9.9991E-05 0.0113546 0.257924
0.211881 0.398425 0.0167417 0.0915956 0.0950242 0.0264762 9.9991E-05 0.159756
0.215085 0.510244 0.0732323 9.9973E-05 0.0821893 9.9973E-05 9.9973E-05 0.118949
0.286628 0.32327 0.0654903 0.0780049 9.9991E-05 0.0177102 0.0375422 0.191254
0.145525 0.622439 0.0327368 9.9982E-05 9.9982E-05 0.000872707 0.00449244 0.193734
0.177197 0.455465 0.0915253 0.00656304 0.0756086 0.0428477 9.9991E-05 0.150693
0.128569 0.567527 0.0660944 0.0356596 0.0834263 0.080502 9.9991E-05 0.0381214
9.9982E-05 0.340709 0.0899072 0.0436634 9.9982E-05 0.319034 0.0689243 0.137562
0.00428987 0.423341 0.253447 0.120074 0.0369594 0.0913024 0.0141001 0.0564861
9.9982E-05 0.512511 0.115098 0.0685755 9.9982E-05 0.101201 0.0257299 0.176685
0.0375074 0.649458 0.0594583 0.0219378 0.0611543 0.073678 0.0527444 0.0440619
9.9982E-05 0.260415 0.248756 9.9982E-05 0.134028 0.194669 0.0260603 0.135871
9.9964E-05 0.389879 9.9964E-05 0.220383 0.121349 9.9964E-05 9.9964E-05 0.26799
0.0117489 0.413231 0.101638 0.0648827 0.0335683 0.211567 0.0328358 0.130528
9.9973E-05 9.9973E-05 0.139492 0.429512 0.162151 0.19332 9.9973E-05 0.0752253
0.0263107 0.448718 0.165535 9.9982E-05 0.0523455 0.108416 9.9982E-05 0.198475
9.9982E-05 0.597166 0.0538957 0.0539201 0.0585451 0.164652 9.9982E-05 0.0716206
9.9991E-05 0.475704 0.20605 0.137888 0.0309648 0.0925893 0.000893263 0.0558108
9.9991E-05 0.249733 0.098102 0.195833 0.051499 0.174697 0.0533245 0.176711
9.9991E-05 0.471974 0.160905 0.0416803 0.0240707 0.166551 0.00307712 0.131642
0.0202601 0.548511 0.148141 0.0682877 9.9991E-05 0.135774 0.0491086 0.0298162
9.9964E-05 9.9964E-05 0.188504 0.37106 9.9964E-05 0.43017 0.0098664 9.9964E-05
9.9973E-05 0.550618 0.242389 9.9973E-05 9.9973E-05 0.0417781 0.100491 0.064424
9.9982E-05 0.508504 0.124459 0.103754 0.0345228 0.210657 0.0179034 9.9982E-05
9.9973E-05 0.556087 0.159635 0.152347 0.0740978 0.057533 9.9973E-05 9.9973E-05
9.9991E-05 0.473348 0.18945 0.0870125 0.0227635 0.151103 0.0316653 0.0445566
0.027039 0.528068 0.137197 0.178006 9.9982E-05 0.110413 0.0190767 9.9982E-05
0.0182447 0.363586 0.112159 0.193293 0.259594 9.9982E-05 0.0529235 9.9982E-05
0.0676174 0.446453 0.0914141 0.144505 0.087906 0.161905 9.9982E-05 9.9982E-05
9.9964E-05 0.0096109 9.9964E-05 0.407993 0.399933 9.9964E-05 9.9964E-05 0.182063
0.130868 0.0154926 9.9964E-05 0.436591 0.416649 9.9964E-05 9.9964E-05 9.9964E-05
9.9991E-05 0.404818 0.103174 0.121903 0.128365 0.0102279 0.0792024 0.15221
9.9973E-05 0.370705 0.258435 0.173761 9.9973E-05 0.0808266 9.9973E-05 0.115973
9.9973E-05 0.383592 0.366871 0.163918 9.9973E-05 0.0790252 0.00629496 9.9973E-05
9.9991E-05 0.135684 0.281106 0.23801 0.0546528 0.231953 0.0357132 0.0227808
9.9982E-05 0.364564 0.274066 0.146569 9.9982E-05 0.206536 0.00254318 0.0055215
9.9982E-05 0.17788 0.0660906 0.598308 0.118725 0.0193538 0.0194427 9.9982E-05
9.9982E-05 0.195678 0.0716101 0.514137 0.118675 0.0359844 0.0637159 9.9982E-05
0.0132902 0.526711 0.128081 0.175918 0.155701 9.9973E-05 9.9973E-05 9.9973E-05
9.9973E-05 0.414092 0.116733 0.187541 0.22104 0.0602947 9.9973E-05 9.9973E-05
0.0521227 0.258207 0.112289 0.432509 0.105991 9.9982E-05 0.0386806 9.9982E-05
9.9982E-05 0.496094 0.112232 0.162987 0.109863 0.0287858 9.9982E-05 0.0898397
0.00634633 0.420241 0.183468 0.216151 0.173494 9.9973E-05 9.9973E-05 9.9973E-05
9.9982E-05 0.369209 0.160556 0.147248 0.0538572 0.087052 9.9982E-05 0.181878
0.0951957 0.360976 9.9973E-05 0.271086 0.263913 9.9973E-05 9.9973E-05 0.00852988
0.0355807 0.391532 9.9982E-05 0.273656 0.250444 9.9982E-05 0.0139295 0.0346575
0.0989539 0.483575 0.0954389 0.147385 0.14294 0.0315072 9.9982E-05 9.9982E-05
0.116933 0.41292 0.0405031 0.245771 0.150671 0.0320263 0.00107591 9.9991E-05
0.0223134 0.396083 0.0639856 0.156978 0.113222 0.0208025 0.0537357 0.172881
0.043067 0.502307 9.9964E-05 0.327508 0.126719 9.9964E-05 9.9964E-05 9.9964E-05
0.10227 0.258491 9.9973E-05 0.411911 0.211507 9.9973E-05 9.9973E-05 0.0155214
0.0128466 0.583836 0.00739419 0.19179 0.169322 0.00599688 0.0287138 9.9991E-05
0.0424529 0.217936 0.00610177 0.275793 0.404613 9.9982E-05 9.9982E-05 0.0529038
0.00972115 0.371572 0.0418598 0.284594 0.27428 9.9982E-05 0.0177729 9.9982E-05
0.0700616 0.581534 0.0224082 0.110394 0.153523 9.9982E-05 0.0618796 9.9982E-05
0.0103163 0.561149 9.9982E-05 0.152719 0.214631 9.9982E-05 0.0158265 0.0451578
9.9991E-05 0.49917 0.0922279 0.164848 0.00156698 0.156032 0.0350812 0.050974
0.072115 0.395582 0.126684 0.130006 0.0290933 0.079561 0.0599678 0.10699
0.0380865 0.389697 0.21216 0.167328 9.9982E-05 0.132573 9.9982E-05 0.0599559
0.0268679 0.257626 0.194822 0.194925 9.9991E-05 0.128541 0.0555847 0.141533
0.0888728 0.496182 0.13997 0.0835786 0.0159174 0.17528 9.9982E-05 9.9982E-05
0.0639453 0.330838 0.262036 0.106171 0.146596 0.0825171 0.00400727 0.00388941
0.0920414 9.9973E-05 0.180133 0.476151 0.10494 0.146435 9.9973E-05 9.9973E-05
0.0830601 0.582637 0.193731 0.0664334 9.9973E-05 0.0738391 9.9973E-05 9.9973E-05
9.9955E-05 9.9955E-05 0.129081 0.530454 9.9955E-05 0.339965 9.9955E-05 9.9955E-05
9.9973E-05 0.523587 0.176038 0.104251 0.129307 0.0665178 9.9973E-05 9.9973E-05
9.9955E-05 0.104049 9.9955E-05 0.411711 0.483741 9.9955E-05 9.9955E-05 9.9955E-05
9.9955E-05 9.9955E-05 9.9955E-05 0.502449 0.461359 9.9955E-05 9.9955E-05 0.0356922
9.9973E-05 0.467843 9.9973E-05 0.230675 0.242034 9.9973E-05 0.00842059 0.0507276
0.0326411 0.612205 9.9973E-05 0.190625 0.154414 0.00981402 9.9973E-05 9.9973E-05
9.9964E-05 0.402151 9.9964E-05 0.25664 0.251932 9.9964E-05 9.9964E-05 0.0888769
9.9964E-05 0.514346 9.9964E-05 0.14921 0.303442 0.0326026 9.9964E-05 9.9964E-05
9.9964E-05 0.55782 9.9964E-05 0.164211 0.254764 9.9964E-05 9.9964E-05 0.0228054
9.9973E-05 0.0386205 0.0959511 9.9973E-05 0.0919202 0.723574 0.0496338 9.9973E-05
0.136514 9.9982E-05 0.0894301 9.9982E-05 0.0050659 0.699355 0.0407198 0.0287152
9.9964E-05 9.9964E-05 0.077696 9.9964E-05 9.9964E-05 0.832962 0.0385209 0.0504213
9.9964E-05 0.0284312 9.9964E-05 0.0183513 9.9964E-05 0.830044 0.122773 9.9964E-05
0.0518194 0.453791 0.0159257 9.9982E-05 0.335596 9.9982E-05 0.0732745 0.0693936
9.9982E-05 0.512241 0.0202988 0.00517095 0.29756 0.0851452 9.9982E-05 0.079384
9.9964E-05 0.426441 9.9964E-05 9.9964E-05 0.45872 9.9964E-05 0.00292744 0.111511
9.9955E-05 0.543764 9.9955E-05 9.9955E-05 0.335825 9.9955E-05 0.119912 9.9955E-05
0.0574008 0.473167 0.0443368 0.0899352 0.162512 0.086184 9.9991E-05 0.0863651
9.9982E-05 0.165437 0.0205636 0.00996154 0.57496 0.00367594 9.9982E-05 0.225202
9.9973E-05 0.491602 0.0540442 9.9973E-05 0.347822 9.9973E-05 0.0310537 0.0751781
0.0221997 0.267945 9.9973E-05 0.133686 0.548413 9.9973E-05 0.0274566 9.9973E-05
0.0429402 0.46559 0.153131 9.9982E-05 9.9982E-05 0.219271 0.047747 0.071121
0.0482645 0.416 0.0591539 0.0808869 0.395395 9.9973E-05 9.9973E-05 9.9973E-05
0.0222505 0.249606 9.9973E-05 9.9973E-05 0.362326 9.9973E-05 0.0521714 0.313346
0.05514 0.506657 9.9964E-05 9.9964E-05 0.430191 0.00761147 9.9964E-05 9.9964E-05
9.9964E-05 0.46647 9.9964E-05 9.9964E-05 0.426191 0.0497372 9.9964E-05 0.0572022
0.00706386 0.484168 0.049068 0.0243981 0.435002 9.9973E-05 9.9973E-05 9.9973E-05
0.0383103 0.522411 9.9982E-05 0.015975 0.324082 0.0768624 0.0221595 9.9982E-05
9.9964E-05 0.0264425 9.9964E-05 0.0430354 0.909771 9.9964E-05 9.9964E-05 0.020351
9.9982E-05 0.097118 0.0616461 0.106089 0.612241 9.9982E-05 0.0107922 0.111914
0.0929579 0.290952 0.028344 0.022331 0.565115 9.9973E-05 9.9973E-05 9.9973E-05
9.9946E-05 9.9946E-05 9.9946E-05 0.166621 0.832779 9.9946E-05 9.9946E-05 9.9946E-05
0.10579 0.417105 0.0372652 0.0307608 0.337637 0.0375198 0.00742701 0.0264959
0.019143 0.0794026 9.9982E-05 0.251547 0.636415 9.9982E-05 0.0114565 0.00183584
0.0640658 9.9964E-05 9.9964E-05 0.226948 0.690697 0.0178893 9.9964E-05 9.9964E-05
9.9982E-05 0.499195 0.080252 9.9982E-05 0.286892 0.0211317 0.024363 0.0879664
9.9973E-05 0.169013 9.9973E-05 9.9973E-05 0.595239 0.0757097 0.00412174 0.155617
0.0413385 0.350442 0.0622409 0.0547913 0.4028 9.9991E-05 0.0325463 0.0557413
9.9991E-05 0.506299 0.0422548 0.0926052 0.20404 0.0846202 0.0511715 0.0189096
0.024781 0.449199 9.9973E-05 9.9973E-05 0.31668 0.0155629 9.9973E-05 0.193477
0.0327422 0.38117 0.015373 0.283259 0.0929231 9.9982E-05 9.9982E-05 0.194333
0.0360296 0.526649 9.9982E-05 9.9982E-05 0.406293 0.0220932 0.00789128 0.000844358
0.0311981 0.436043 0.0465074 9.9991E-05 0.247164 0.0434861 0.00608091 0.189421
0.0228137 0.27247 9.9973E-05 0.0853058 0.599324 9.9973E-05 0.0197864 9.9973E-05
0.0930591 0.51806 0.02692 0.019145 0.187018 9.9991E-05 0.0891792 0.0665193
0.215853 9.9982E-05 9.9982E-05 0.00652536 0.015256 0.570971 0.0707385 0.120456
0.0522484 0.0265349 9.9982E-05 9.9982E-05 0.0428445 0.680664 0.114831 0.0826778
0.0820087 9.9973E-05 9.9973E-05 0.0569969 9.9973E-05 0.721101 0.116227 0.0233668
0.163899 9.9973E-05 9.9973E-05 0.0142339 0.0156959 0.707438 0.098433 9.9973E-05
0.179276 0.0372391 9.9973E-05 0.0737455 9.9973E-05 0.679856 0.0295833 9.9973E-05
9.9973E-05 0.0190146 0.0348073 9.9973E-05 0.700953 0.0153815 9.9973E-05 0.229544
0.0309493 0.074302 9.9982E-05 9.9982E-05 0.684872 0.0282767 0.0488637 0.132536
9.9964E-05 0.0812047 0.0553319 0.110758 0.752305 9.9964E-05 9.9964E-05 9.9964E-05
0.0826594 0.488431 0.0843588 0.0285021 0.186094 0.038156 0.0916986 9.9991E-05
9.9982E-05 0.499909 0.0850341 0.00181252 0.21673 0.14307 9.9982E-05 0.0532447
9.9982E-05 0.204338 0.0564115 0.0767477 0.620624 0.00350524 0.0381739 9.9982E-05
9.9955E-05 0.565304 0.0589648 9.9955E-05 0.375232 9.9955E-05 9.9955E-05 9.9955E-05
9.9973E-05 0.275367 0.0966414 0.00272361 0.54817 0.0767976 9.9973E-05 9.9973E-05
9.9991E-05 0.508913 0.00429035 0.039837 0.292323 0.0338447 0.0197952 0.100897
0.0784239 0.586648 0.0223844 9.9982E-05 0.259107 0.0531255 9.9982E-05 0.000110778
0.107764 0.237193 0.0357539 0.025539 0.507221 0.00245606 9.9991E-05 0.0839733
9.9973E-05 0.255152 0.0146791 9.9973E-05 0.593246 9.9973E-05 0.0730384 0.0635851
0.0442476 0.274964 9.9973E-05 9.9973E-05 0.587318 9.9973E-05 0.0173952 0.0757748
9.9964E-05 0.623916 9.9964E-05 0.227075 9.9964E-05 0.0899754 9.9964E-05 0.0586336
0.0218328 0.336417 9.9982E-05 9.9982E-05 0.545934 0.051444 0.00186353 0.0423078
0.0166634 0.408927 0.0318797 0.00645336 0.41883 9.9991E-05 0.0270044 0.0901422
9.9991E-05 0.424856 0.365737 0.0857984 0.0199312 0.0391424 0.0204586 0.0439758
9.9982E-05 0.350668 0.423635 0.100746 0.0247805 0.0920263 9.9982E-05 0.00794388
9.9964E-05 0.483928 0.449069 9.9964E-05 9.9964E-05 0.0638476 0.00275495 9.9964E-05
9.9991E-05 0.263022 0.429379 0.124088 0.00655345 0.118869 0.0426034 0.0153848
0.0738233 0.530801 0.279017 0.00736152 9.9982E-05 0.10237 0.0064272 9.9982E-05
9.9982E-05 0.408463 0.0995708 0.0797196 0.362175 0.0115699 9.9982E-05 0.0383015
9.9973E-05 0.0217353 0.604447 0.0770217 9.9973E-05 0.243308 0.0531887 9.9973E-05
9.9982E-05 0.350184 0.375985 0.0452452 0.0254897 0.134469 0.0684279 9.9982E-05
9.9982E-05 0.453413 0.153591 0.193171 0.0377734 0.145123 0.0167296 9.9982E-05
9.9973E-05 0.53496 9.9973E-05 0.24834 9.9973E-05 0.122236 0.0111788 0.0829848
0.0153705 0.382417 9.9991E-05 0.310078 0.0612164 0.116767 0.0189954 0.0950564
0.0687759 0.593584 9.9982E-05 0.111783 9.9982E-05 0.0772981 0.0482508 0.100108
0.0719956 0.594635 9.9991E-05 0.136893 0.065716 0.0798004 0.012684 0.0381756
9.9973E-05 0.393681 0.357362 9.9973E-05 0.0356874 0.121093 0.0918764 9.9973E-05
0.0331741 0.339212 0.335994 0.0355914 9.9991E-05 0.0683219 0.0370333 0.150573
0.0125509 0.424687 0.468555 9.9973E-05 9.9973E-05 0.0673774 0.0265295 9.9973E-05
0.0607823 0.276035 0.361692 0.000509005 0.0618373 0.101849 0.0815467 0.0557497
9.9973E-05 0.288554 0.529747 0.0701283 9.9973E-05 0.0713719 0.0398988 9.9973E-05
9.9991E-05 0.365652 0.313811 0.0423943 0.137661 0.104651 0.0235495 0.0121808
9.9973E-05 0.222613 0.509261 0.132336 9.9973E-05 0.0966796 0.0388103 9.9973E-05
0.0484051 0.321175 0.434665 0.0533629 9.9991E-05 0.0263069 0.022508 0.0934771
0.00551163 0.526919 0.0578518 0.303939 0.0550569 0.0288442 0.0217769 9.9991E-05
0.0322251 0.424014 0.214506 0.00281031 0.0748412 0.251403 9.9982E-05 9.9982E-05
9.9982E-05 0.168753 0.583188 0.0802868 0.0106793 0.136127 0.0207658 9.9982E-05
0.0558647 0.398551 0.297661 9.9973E-05 0.00868937 0.238934 9.9973E-05 9.9973E-05
0.0860208 0.183361 9.9991E-05 0.319693 0.0390821 0.100725 0.0156461 0.255372
0.0118377 0.580754 0.0431074 0.1861 9.9982E-05 9.9982E-05 0.0268431 0.151158
0.0476038 0.350424 0.351095 9.9991E-05 0.0652329 0.171866 0.00652008 0.0071585
9.9973E-05 0.607174 9.9973E-05 0.196505 9.9973E-05 0.0222209 0.0563632 0.117437
9.9991E-05 0.490971 0.0175953 0.232402 0.0506961 0.157468 0.0132741 0.0374937
0.0231363 0.303714 0.238742 0.0625453 0.12654 0.144703 0.0489383 0.0516807
9.9982E-05 0.338195 0.2671 0.1179 9.9982E-05 0.228565 0.00328573 0.044755
0.00984137 0.55673 0.043309 0.106868 0.113922 0.106652 0.0625771 9.9991E-05
0.0131729 0.394952 0.365203 0.0446374 0.0249699 0.128806 9.9991E-05 0.0281585
9.9973E-05 0.377667 0.43847 0.099583 9.9973E-05 0.0537942 0.0301856 9.9973E-05
9.9982E-05 0.147072 0.526718 0.010958 9.9982E-05 0.26229 0.0444257 0.00833607
9.9991E-05 0.628877 0.0369861 0.170069 0.00409056 0.0827215 0.0252839 0.0518721
0.0194747 0.338199 9.9991E-05 0.226951 0.107907 0.0987671 0.0359021 0.172699
0.031751 0.223874 0.0175393 0.582827 0.0268123 9.9982E-05 0.116996 9.9982E-05
9.9982E-05 0.540713 0.0610883 0.0983995 0.0809448 0.194008 9.9982E-05 0.0246456
0.159249 0.341022 0.0449058 0.239207 9.9991E-05 0.0260849 0.00595532 0.183477
0.00832151 0.51102 0.105247 0.103362 0.0433779 0.155344 0.0421868 0.0311408
0.0479851 0.517354 0.0926916 0.177495 0.0247608 0.0798283 0.0457198 0.0141648
9.9955E-05 9.9955E-05 0.161713 0.553811 9.9955E-05 0.283977 9.9955E-05 9.9955E-05
9.9964E-05 9.9964E-05 0.0994439 0.607686 9.9964E-05 0.211747 0.0807229 9.9964E-05
0.0770118 0.344952 0.0726425 0.357184 0.0253587 0.107418 0.0153328 9.9991E-05
