9.9973E-05 0.0459875 0.0100809 0.0474962 0.00625788 9.9973E-05 9.9973E-05 0.889878
9.9964E-05 9.9964E-05 0.0128687 9.9964E-05 0.0385934 9.9964E-05 0.018493 0.929645
9.9973E-05 0.0452864 0.00110999 0.0603148 9.9973E-05 0.0763457 9.9973E-05 0.816643
9.9973E-05 0.0577744 9.9973E-05 0.0838699 0.0544051 0.0509858 9.9973E-05 0.752665
9.9973E-05 0.0313735 9.9973E-05 0.0437337 9.9973E-05 0.0439454 0.0436258 0.837022
0.0924738 0.122523 0.124601 0.0938686 9.9982E-05 0.0409902 9.9982E-05 0.525343
0.0896153 0.0533576 9.9982E-05 9.9982E-05 0.0333931 0.00528484 0.0049709 0.813178
0.0713869 0.160309 0.0221047 0.00762424 9.9991E-05 0.0258801 0.0334992 0.679096
0.07095 0.0426848 9.99639E-05 9.99639E-05 0.0537534 9.99639E-05 9.99639E-05 0.832212
9.9973E-05 0.0906991 9.9973E-05 0.0752651 9.9973E-05 0.0742032 0.0960488 0.663484
0.0312214 0.132166 0.0456096 9.9982E-05 0.0602661 0.0193578 9.9982E-05 0.711179
9.9964E-05 9.9964E-05 0.0363347 0.0702827 0.763393 0.12959 9.9964E-05 9.9964E-05
9.9964E-05 0.0150683 9.9964E-05 0.0962332 0.453627 0.434672 9.9964E-05 9.9964E-05
0.0729809 9.9973E-05 9.9973E-05 0.0741007 0.711876 0.1167 0.0240428 9.9973E-05
0.00755136 9.9982E-05 9.9982E-05 0.150612 0.566492 0.232168 0.00554995 0.037426
9.9982E-05 9.9982E-05 0.00014427 0.108635 0.315139 0.300064 0.110682 0.165136
0.0418568 9.9982E-05 0.016197 0.0456704 0.245157 0.565643 9.9982E-05 0.0852754
0.0282149 0.00277727 0.0618631 0.0202306 0.346326 0.438891 0.0442058 0.057491
9.9964E-05 9.9964E-05 9.9964E-05 0.0445649 0.564605 0.250335 9.9964E-05 0.140095
0.0816259 9.9955E-05 9.9955E-05 9.9955E-05 0.884427 9.9955E-05 9.9955E-05 0.0334471
0.0252932 0.0276406 0.104014 0.11132 0.39226 0.268221 0.0563105 0.0149402
0.12282 9.9964E-05 9.9964E-05 9.9964E-05 0.337701 0.445989 0.0930901 9.9964E-05
9.9982E-05 0.00520221 0.137556 9.9982E-05 0.269773 0.525719 0.0300478 0.0315028
0.0162279 9.9973E-05 0.000823038 0.139277 0.684541 0.158831 9.9973E-05 9.9973E-05
9.9982E-05 0.0181232 0.00212991 9.9982E-05 0.15421 0.593281 0.0834754 0.148581
0.0258863 9.9964E-05 9.9964E-05 0.0924484 0.423545 0.457721 9.9964E-05 9.9964E-05
9.9964E-05 9.9964E-05 0.0342013 0.120447 0.824343 0.0206087 9.9964E-05 9.9964E-05
9.9955E-05 9.9955E-05 9.9955E-05 0.164981 0.744898 0.0896212 9.9955E-05 9.9955E-05
0.0240894 9.9982E-05 0.01111 0.0373061 0.670407 0.157721 0.0991666 9.9982E-05
9.9955E-05 9.9955E-05 9.9955E-05 0.0939426 9.9955E-05 0.0962973 9.9955E-05 0.80926
9.9955E-05 9.9955E-05 9.9955E-05 0.0236715 9.9955E-05 0.146136 9.9955E-05 0.829693
9.9955E-05 9.9955E-05 9.9955E-05 9.9955E-05 0.00725679 0.201265 9.9955E-05 0.790978
9.9973E-05 9.9973E-05 0.041112 0.118269 9.9973E-05 0.118196 0.00648118 0.715642
0.0693605 0.0692375 0.256558 9.9982E-05 0.0245397 0.55204 0.0280643 9.9982E-05
9.9973E-05 9.9973E-05 0.270548 0.0846085 0.0615085 0.451946 9.9973E-05 0.131088
9.9982E-05 9.9982E-05 0.426613 0.0428577 0.0154396 0.464369 0.0290782 0.0214418
9.9982E-05 0.0526294 0.049602 9.9982E-05 0.651594 0.0832802 0.0534073 0.109287
0.0191085 9.9991E-05 0.533072 0.0602656 0.0614588 0.272361 0.00259607 0.0510385
9.999E-05 0.0304134 0.213624 0.03476 0.0544439 0.424301 0.113887 0.12847
0.0575935 0.00501993 0.0998618 9.9973E-05 9.9973E-05 0.809569 9.9973E-05 0.027656
0.199898 0.104599 0.0732286 0.0056301 9.9991E-05 0.546212 0.0291559 0.041176
0.0348121 0.0471026 0.187249 0.0590379 0.0517402 0.558472 9.9991E-05 0.0614853
9.9964E-05 9.9964E-05 0.613055 9.9964E-05 0.251807 0.0705229 9.9964E-05 0.0642153
0.253999 0.0392581 0.0214012 0.00675137 0.0485841 0.622274 0.00763241 9.9991E-05
0.0513718 9.9982E-05 0.286407 0.044039 9.9982E-05 0.512507 0.0370057 0.0684695
0.0825279 0.0431842 0.103182 0.0582618 9.9982E-05 0.600078 9.9982E-05 0.112565
9.9955E-05 9.9955E-05 0.613318 9.9955E-05 9.9955E-05 0.326946 0.0592353 9.9955E-05
0.034782 0.00441439 0.2701 9.9982E-05 0.027851 0.572198 9.9982E-05 0.0904538
9.9982E-05 9.9982E-05 0.251642 0.128627 0.0551347 0.475712 0.0186525 0.0700311
0.303053 9.9955E-05 0.666578 9.9955E-05 9.9955E-05 9.9955E-05 9.9955E-05 0.0298688
0.107708 0.133425 0.171757 9.9982E-05 0.454226 0.11337 0.0193141 9.9982E-05
0.335263 0.0482073 0.118765 9.9991E-05 0.323999 0.0385489 0.120749 0.014368
0.0956783 0.0455417 9.9982E-05 9.9982E-05 0.106267 0.556705 0.0763857 0.119223
0.078448 9.9982E-05 0.0547935 0.0446668 0.16564 0.563717 9.9982E-05 0.0925339
0.0855628 0.0637301 0.113495 0.100049 0.0527081 0.549585 9.9991E-05 0.0347694
0.0958877 0.0919757 0.234352 9.9991E-05 0.380537 0.0907641 0.0121955 0.0941888
0.0465986 0.0609006 0.0388835 9.9982E-05 0.230821 0.579416 0.0431802 9.9982E-05
0.0158926 9.9982E-05 9.9982E-05 0.0618014 0.298276 0.525346 0.026689 0.0717953
0.0288423 0.0288196 0.0884836 9.9991E-05 0.327525 0.383991 0.00876895 0.13347
0.171472 0.038825 0.0278377 0.0707382 0.524156 9.9991E-05 0.00950442 0.157367
9.999E-05 0.0305036 0.171617 0.095692 0.18662 0.466195 0.00433888 0.0449335
9.999E-05 0.0685134 0.0117517 0.0198457 0.356585 0.357698 0.17426 0.0112465
0.078714 0.125713 0.134853 9.9982E-05 0.583741 9.9982E-05 0.0423262 0.0344529
0.088903 9.9982E-05 0.04885 0.0053748 0.324836 0.447573 0.0842624 9.9982E-05
0.0612251 0.0578034 0.0604896 0.0853339 0.0412015 0.541523 0.152323 9.9991E-05
0.117787 0.0080349 9.9982E-05 0.0235951 0.252372 0.552731 0.0452799 9.9982E-05
9.9991E-05 0.0184637 0.124361 0.101778 0.439937 0.15538 0.11032 0.0496601
0.0525556 9.9982E-05 0.122172 0.0596725 0.36728 0.337514 0.0606065 9.9982E-05
9.9982E-05 0.104246 9.9982E-05 0.00725153 0.113872 0.611425 0.0914152 0.0715898
0.0808625 0.0541272 0.119409 9.9982E-05 0.526572 0.165489 0.0533405 9.9982E-05
9.9964E-05 0.0260243 0.432343 9.9964E-05 0.00231031 0.538922 9.9964E-05 9.9964E-05
9.9964E-05 9.9964E-05 0.654211 9.9964E-05 0.138978 0.133598 9.9964E-05 0.0728126
9.9982E-05 0.0247559 0.193324 0.0375357 0.179883 0.456424 9.9982E-05 0.107878
0.136625 9.9955E-05 0.838188 9.9955E-05 9.9955E-05 9.9955E-05 0.0246866 9.9955E-05
0.0670682 0.0159211 0.809619 9.9973E-05 0.0849457 9.9973E-05 0.0221461 9.9973E-05
0.0224533 9.9973E-05 0.748693 0.00888207 9.9973E-05 0.187898 0.0317739 9.9973E-05
0.0425692 0.0160237 0.547825 0.00549726 9.9982E-05 0.34609 9.9982E-05 0.0417946
0.0580158 0.0490253 0.0124841 9.9991E-05 0.13759 0.561681 0.0900337 0.0910708
0.00234342 0.0152666 0.539489 0.099914 0.063715 0.279072 9.9982E-05 9.9982E-05
9.9982E-05 0.0899178 0.714497 0.0663068 0.0548437 0.0200382 9.9982E-05 0.0541969
9.9982E-05 0.199448 0.453978 0.040975 0.143116 0.16155 9.9982E-05 0.000733392
9.9982E-05 0.0515673 0.20121 0.038975 9.9982E-05 0.548403 0.0875345 0.0721097
9.9982E-05 9.9982E-05 0.617324 0.0307262 0.0433558 0.207257 0.0511729 0.0499645
0.0309416 0.0532141 0.424446 9.9982E-05 0.0369753 0.419885 9.9982E-05 0.0343378
0.0353505 9.9973E-05 0.595907 9.9973E-05 9.9973E-05 0.347951 0.018758 0.00173392
0.197595 9.9973E-05 0.636232 9.9973E-05 0.015347 9.9973E-05 0.137907 0.012619
0.123654 0.0476912 0.198902 9.9982E-05 0.0325105 0.585457 9.9982E-05 0.011586
9.9964E-05 0.00338812 9.9964E-05 9.9964E-05 0.0480084 0.13095 9.9964E-05 0.817253
9.9946E-05 9.9946E-05 9.9946E-05 9.9946E-05 9.9946E-05 0.126223 9.9946E-05 0.873178
9.9964E-05 0.0181682 9.9964E-05 0.0342065 9.9964E-05 0.104145 9.9964E-05 0.843081
0.0489331 9.9964E-05 9.9964E-05 0.00718221 9.9964E-05 0.0639471 9.9964E-05 0.879538
0.00669401 9.9964E-05 9.9964E-05 9.9964E-05 9.9964E-05 0.0915207 0.0241976 0.877188
0.0368861 0.0157109 0.0443246 0.038194 9.9982E-05 0.0321666 9.9982E-05 0.832518
9.9964E-05 9.9964E-05 9.9964E-05 0.0191468 9.9964E-05 0.06022 0.00690179 0.913332
0.0468226 0.0519177 0.310863 0.0655689 9.9982E-05 0.436101 9.9982E-05 0.088527
0.0464555 0.0201174 0.218349 0.0693277 0.0272076 0.56949 0.00654641 0.0425072
9.9982E-05 0.0235301 0.806473 9.9982E-05 0.0993676 0.00109938 0.0286192 0.0407106
0.0444366 0.0194982 0.142159 0.0889217 0.167968 0.442708 0.0420443 0.0522641
9.9982E-05 0.0167909 0.379106 9.9982E-05 0.181916 0.38459 0.022835 0.0145618
9.9982E-05 0.0229853 0.235473 0.0504497 9.9982E-05 0.53709 0.0796624 0.0741396
9.9964E-05 9.9964E-05 0.327369 9.9964E-05 9.9964E-05 0.551176 0.0951538 0.0259013
9.9982E-05 0.0544706 0.425885 0.0846678 9.9982E-05 0.425491 0.00671059 0.00257455
9.9973E-05 0.0419737 0.7067 9.9973E-05 0.129067 9.9973E-05 0.0430462 0.0789132
9.9982E-05 9.9982E-05 0.0918136 0.119942 0.0791263 0.412934 0.156234 0.13975
9.9964E-05 9.9964E-05 0.161609 9.9964E-05 0.0904459 0.658862 9.9964E-05 0.0886831
9.9991E-05 0.0456535 0.141438 0.0847349 0.112064 0.553248 0.0138141 0.0489471
0.0898295 9.9982E-05 0.544584 0.0186803 0.0329975 0.276354 0.0373546 9.9982E-05
9.9964E-05 9.9964E-05 0.289763 9.9964E-05 9.9964E-05 0.50902 0.160831 0.0399851
0.0140007 0.0535653 0.456386 9.9982E-05 0.0740344 0.394268 9.9982E-05 0.00754542
9.9964E-05 9.9964E-05 0.580981 0.0970995 9.9964E-05 0.242505 0.0790147 9.9964E-05
9.9964E-05 9.9964E-05 0.411189 9.9964E-05 0.173208 0.325756 9.9964E-05 0.089447
0.0357872 0.0268219 0.0708236 0.0753224 0.130036 0.541015 9.9991E-05 0.120094
0.080448 9.9973E-05 9.9973E-05 9.9973E-05 0.503177 0.224038 0.168047 0.0239901
9.9973E-05 0.150537 9.9973E-05 0.0941262 0.296132 0.366007 9.9973E-05 0.0928973
9.9982E-05 0.0982405 0.0518655 9.9982E-05 0.191643 0.518672 0.0286389 0.11074
9.9973E-05 9.9973E-05 0.173715 9.9973E-05 0.117582 0.580409 0.0308724 0.0971221
0.0341995 9.9964E-05 9.9964E-05 9.9964E-05 0.465876 0.48901 9.9964E-05 0.0105151
0.0148872 0.0947219 9.9982E-05 9.9982E-05 0.289207 0.527108 0.0653054 0.00857084
9.9964E-05 0.167206 9.9964E-05 9.9964E-05 0.31283 0.43856 9.9964E-05 0.0810038
0.0525853 0.0579081 0.136886 9.9991E-05 0.0920592 0.473084 0.0761305 0.111247
0.0516443 0.100644 0.112243 0.0756484 0.150679 0.474301 0.0304776 0.00436305
9.9973E-05 9.9973E-05 0.0439388 9.9973E-05 0.262717 0.581547 0.0530442 0.0584538
9.9964E-05 0.0836305 9.9964E-05 9.9964E-05 0.330276 0.492296 0.0933973 9.9964E-05
0.129534 0.108308 0.0179254 9.9982E-05 0.0513156 0.69028 9.9982E-05 0.0024359
0.0585357 0.0498252 0.0100181 0.0639359 0.10528 0.505561 0.127008 0.079835
9.9973E-05 0.0499449 9.9973E-05 0.0782454 0.351211 0.449611 0.0706881 9.9973E-05
0.0948138 9.9982E-05 9.9982E-05 0.0898245 0.168726 0.516338 0.0728271 0.0572708
9.9973E-05 0.0404224 0.0611519 0.0550546 0.284571 0.5585 9.9973E-05 9.9973E-05
0.187586 0.00662833 9.9982E-05 9.9982E-05 0.447826 0.349211 0.00532565 0.00322276
0.00619235 0.0789541 9.9991E-05 0.0845377 0.182554 0.554953 0.0357918 0.0569174
0.048057 0.0315348 9.9982E-05 9.9982E-05 0.270407 0.535804 0.0977041 0.0162938
9.9991E-05 0.111696 0.073493 0.0649662 0.426913 0.199889 0.109062 0.0138801
0.245171 0.0222118 0.0700711 0.0439616 0.349272 0.123566 0.140239 0.00550789
0.0437662 0.16069 0.128858 0.00439436 0.0811631 0.53848 9.9991E-05 0.0425473
0.0685558 0.147298 0.135383 0.0536968 0.321551 0.0117301 0.261685 9.9991E-05
0.0133087 0.083636 0.112282 9.9991E-05 0.513927 0.222603 0.0301383 0.024005
9.99793E-05 0.0961182 0.107188 9.99793E-05 0.369017 0.382141 0.0452363 9.99793E-05
9.9982E-05 0.111902 0.138171 9.9982E-05 0.387595 0.277262 0.0469818 0.0378879
9.9973E-05 0.0958771 0.0615694 9.9973E-05 0.567475 0.240211 0.0345668 9.9973E-05
9.9982E-05 9.9982E-05 0.144421 0.0211907 0.208363 0.529178 0.0390496 0.0575983
0.0892543 0.024408 0.0195368 0.0262882 0.0935091 0.554836 0.0906697 0.101498
0.044393 9.9991E-05 0.078805 0.0586995 0.225329 0.473846 0.0341162 0.0847114
0.19491 0.0478033 0.145558 0.0238172 0.43652 0.0928283 0.0584633 9.9991E-05
0.000232809 0.0676717 0.033045 9.9991E-05 0.0347402 0.564979 0.0663763 0.232854
0.15765 0.00439823 0.0613185 0.0461137 0.118747 0.48086 0.0987962 0.0321158
0.395528 0.11196 0.0621799 9.9982E-05 0.121713 9.9982E-05 0.216186 0.0922345
0.0601279 9.9982E-05 0.134907 0.0615986 9.9982E-05 0.558584 0.0966308 0.0879519
0.238857 0.0137394 0.0976024 0.0022438 0.125231 0.378253 0.0497906 0.0942827
0.132683 0.0288981 0.081771 0.0409871 9.9991E-05 0.486931 0.130523 0.0981059
0.356095 0.0939345 0.1088 0.0187776 0.0945885 0.218673 0.056896 0.0522353
0.333591 0.111297 0.0290659 9.9991E-05 0.215635 0.134852 0.128151 0.0473071
0.20995 0.0779525 0.0327516 9.9991E-05 0.111657 0.388235 0.168189 0.0111641
0.176244 0.00538143 9.9991E-05 0.0610491 0.10267 0.392797 0.144456 0.117302
0.172879 0.0977597 0.0420648 0.0719085 0.0644009 0.447626 9.9991E-05 0.103262
0.325052 0.0292131 0.182396 0.148375 0.172358 9.9991E-05 0.0959239 0.0465808
0.0623537 9.9991E-05 0.0178683 0.000947107 0.221102 0.597737 0.0714147 0.0284764
0.264388 0.0613201 0.165203 9.9982E-05 0.150112 0.323487 0.0352902 9.9982E-05
0.155446 0.0376643 0.151383 9.9982E-05 0.22403 0.384275 0.0470013 9.9982E-05
0.0710815 9.9991E-05 0.162302 0.0441908 0.0741244 0.55529 0.0426432 0.0502676
0.283423 0.0124648 9.9982E-05 0.270312 0.0067538 0.163652 9.9982E-05 0.263194
0.399418 9.9955E-05 9.9955E-05 0.172986 9.9955E-05 9.9955E-05 9.9955E-05 0.427097
0.473149 9.9955E-05 9.9955E-05 0.11743 9.9955E-05 9.9955E-05 9.9955E-05 0.408921
0.25571 9.9973E-05 9.9973E-05 0.324435 0.0401359 0.0478058 9.9973E-05 0.331614
0.241001 9.9955E-05 0.0844313 9.9955E-05 9.9955E-05 0.674068 9.9955E-05 9.9955E-05
0.0389797 0.0863044 0.0168625 0.0289343 0.1777 0.504569 0.0664416 0.0802083
9.9955E-05 9.9955E-05 0.028334 0.660469 9.9955E-05 0.310697 9.9955E-05 9.9955E-05
9.9973E-05 9.9973E-05 0.0304296 0.489345 0.200701 0.268634 0.0105913 9.9973E-05
0.013578 0.00906761 0.0468652 0.39873 0.0321209 0.363963 0.0606216 0.0750537
0.347811 9.9973E-05 0.185262 9.9973E-05 0.0269556 0.332124 0.107548 9.9973E-05
0.0884434 0.0497781 0.0597395 9.9991E-05 0.0573908 0.631902 0.040106 0.07254
0.472765 9.9973E-05 0.11104 9.9973E-05 0.0484316 0.225862 0.141602 9.9973E-05
0.143732 0.0856484 0.186083 9.9964E-05 9.9964E-05 0.584136 9.9964E-05 9.9964E-05
0.106715 9.9982E-05 0.0421711 9.9982E-05 0.0931467 0.420635 0.299917 0.0372157
0.136177 0.0483167 0.0237172 9.9991E-05 0.0931865 0.587393 0.0856166 0.0254934
0.383105 0.00666589 0.208055 9.9982E-05 0.128927 0.188234 0.0848126 9.9982E-05
0.0824395 9.9982E-05 0.0603177 0.123889 0.158299 0.571292 0.00356353 9.9982E-05
0.169745 0.0732417 0.015382 0.0247073 0.0861217 0.581568 0.0144843 0.0347505
9.9964E-05 9.9964E-05 0.0135535 0.951901 9.9964E-05 0.0174056 0.0167396 9.9964E-05
9.9955E-05 9.9955E-05 9.9955E-05 0.887751 9.9955E-05 0.0887014 0.0230475 9.9955E-05
0.00384881 9.9982E-05 0.0540264 0.567441 0.088508 0.253746 9.9982E-05 0.0322299
9.9955E-05 9.9955E-05 9.9955E-05 0.624528 9.9955E-05 0.345511 0.0294608 9.9955E-05
9.9973E-05 0.0422437 0.0192963 0.762923 9.9973E-05 0.165594 9.9973E-05 0.0096426
9.994E-05 9.994E-05 9.994E-05 0.9993 9.994E-05 9.994E-05 9.994E-05 9.994E-05
9.9964E-05 0.0236504 9.9964E-05 0.924448 0.0236155 9.9964E-05 0.0278867 9.9964E-05
9.9946E-05 9.9946E-05 9.9946E-05 0.816139 9.9946E-05 0.183261 9.9946E-05 9.9946E-05
9.9955E-05 9.9955E-05 9.9955E-05 0.952082 0.0470427 0.000375756 9.9955E-05 9.9955E-05
9.994E-05 9.994E-05 9.994E-05 0.9993 9.994E-05 9.994E-05 9.994E-05 9.994E-05
9.994E-05 9.994E-05 9.994E-05 0.9993 9.994E-05 9.994E-05 9.994E-05 9.994E-05
9.9973E-05 0.0198575 9.9973E-05 0.747743 0.0254369 0.175847 9.9973E-05 0.0308158
0.00364193 0.0503797 9.9973E-05 0.80147 9.9973E-05 0.0902419 9.9973E-05 0.0539664
9.9946E-05 9.9946E-05 0.0259154 0.973485 9.9946E-05 9.9946E-05 9.9946E-05 9.9946E-05
9.9982E-05 0.0172747 0.0681796 0.313537 0.0923565 0.47295 9.9982E-05 0.0355019
0.0116024 0.0364968 9.9973E-05 0.663531 9.9973E-05 0.198645 9.9973E-05 0.0894247
0.00116203 0.0172731 0.00901413 0.775717 0.0151861 0.125912 0.0556352 9.9991E-05
9.9964E-05 0.00306809 9.9964E-05 0.869885 0.0315918 0.0950549 9.9964E-05 9.9964E-05
9.9946E-05 9.9946E-05 0.00339218 0.996008 9.9946E-05 9.9946E-05 9.9946E-05 9.9946E-05
0.0119386 9.9964E-05 9.9964E-05 0.873934 9.9964E-05 0.0560895 0.0576385 9.9964E-05
9.994E-05 9.994E-05 9.994E-05 0.9993 9.994E-05 9.994E-05 9.994E-05 9.994E-05
9.9973E-05 0.0364695 9.9973E-05 0.648131 9.9973E-05 0.193764 0.105515 0.0158211
9.9964E-05 9.9964E-05 0.0427921 0.901789 0.0373627 9.9964E-05 9.9964E-05 0.0176566
0.559466 9.9973E-05 9.9973E-05 0.0517204 0.029716 9.9973E-05 0.0854533 0.273345
0.20338 0.127112 9.9991E-05 0.0205754 0.0169484 0.433579 0.0459832 0.152323
0.227151 0.0956148 0.0464443 0.0636139 0.0397223 0.403269 9.9991E-05 0.124085
0.491439 0.0369132 9.9982E-05 0.0957713 9.9982E-05 0.218338 0.016998 0.140341
0.203219 9.9982E-05 9.9982E-05 0.051252 0.0305529 0.517312 0.0161442 0.18132
0.339465 9.9982E-05 0.106683 0.100539 9.9982E-05 0.191271 0.0150347 0.246807
0.102188 0.0468952 0.052255 0.0706872 0.0324562 0.454149 0.107131 0.134239
0.316292 0.0412452 0.0966548 0.147599 9.9982E-05 0.301185 9.9982E-05 0.0968231
0.316801 9.9973E-05 9.9973E-05 0.18528 0.0563505 0.380321 9.9973E-05 0.060948
0.405814 9.9964E-05 9.9964E-05 0.125743 9.9964E-05 0.406834 9.9964E-05 0.061209
0.145989 0.0172754 9.9982E-05 0.0809691 0.0976493 0.483164 9.9982E-05 0.174753
0.0682695 0.0790739 9.9973E-05 9.9973E-05 9.9973E-05 0.0251799 0.0450098 0.782167
9.9964E-05 0.00718284 9.9964E-05 0.0514511 9.9964E-05 9.9964E-05 0.0356506 0.905316
9.9973E-05 0.0387543 0.0345916 9.9973E-05 0.000750901 0.0126496 9.9973E-05 0.912954
9.9955E-05 0.00909471 9.9955E-05 9.9955E-05 9.9955E-05 0.0708795 9.9955E-05 0.919526
0.0508008 9.9973E-05 9.9973E-05 0.0252339 0.0698625 9.9973E-05 0.0176723 0.836131
9.9955E-05 9.9955E-05 9.9955E-05 0.0725802 9.9955E-05 9.9955E-05 0.0414071 0.885513
9.9964E-05 0.0324196 9.9964E-05 0.0605535 9.9964E-05 0.0479102 9.9964E-05 0.858717
0.0755244 9.9964E-05 9.9964E-05 9.9964E-05 9.9964E-05 0.0381606 0.0230662 0.862849
9.9973E-05 9.9973E-05 0.0328744 0.0569378 9.9973E-05 0.0181699 0.0306861 0.861032
0.0268112 0.00721431 9.9973E-05 0.0994687 0.0449419 9.9973E-05 9.9973E-05 0.821264
9.9964E-05 0.0880927 0.101459 9.9964E-05 0.190592 9.9964E-05 9.9964E-05 0.619456
9.9964E-05 0.214106 0.0305846 9.9964E-05 0.164863 9.9964E-05 9.9964E-05 0.590046
0.0565266 0.0413617 0.0310231 9.9982E-05 0.317207 9.9982E-05 0.0179556 0.535726
0.00454566 0.105562 0.072807 9.9973E-05 0.331636 9.9973E-05 9.9973E-05 0.485149
9.9973E-05 9.9973E-05 0.282272 9.9973E-05 0.205094 0.399312 0.0283702 0.0846522
9.9973E-05 0.106534 0.249142 0.0178423 9.9973E-05 0.433598 0.192584 9.9973E-05
9.9964E-05 9.9964E-05 0.228273 0.0442134 0.233552 0.493562 9.9964E-05 9.9964E-05
9.9982E-05 0.0473137 0.185712 9.9982E-05 0.314448 0.391383 0.0251419 0.0358008
9.9982E-05 0.224136 0.116987 0.0262129 0.57973 0.0503641 0.00236984 9.9982E-05
0.0897509 0.0406361 0.114409 0.0421575 0.00239564 0.677658 0.032893 9.9991E-05
9.9964E-05 9.9964E-05 0.29254 0.00994273 0.18192 0.515198 9.9964E-05 9.9964E-05
0.0450642 0.0796443 0.296339 9.9982E-05 0.0253625 0.446562 0.106827 9.9982E-05
0.0628692 9.9973E-05 0.51198 0.0551523 9.9973E-05 0.270335 0.0993631 9.9973E-05
9.9964E-05 0.108409 0.265515 9.9964E-05 9.9964E-05 0.595997 9.9964E-05 0.0296792
9.9973E-05 0.0806206 0.414432 9.9973E-05 0.0692252 0.371272 0.0641502 9.9973E-05
0.03534 0.0744787 0.725068 9.9973E-05 0.07343 9.9973E-05 0.0913833 9.9973E-05
0.0968512 0.0543125 0.103489 0.013056 0.240603 0.418964 0.0198293 0.0528955
0.0724975 9.9982E-05 0.567452 0.0531775 0.0509699 0.162544 0.0931591 9.9982E-05
0.00301027 9.9964E-05 0.398229 9.9964E-05 0.0890501 0.509311 9.9964E-05 9.9964E-05
9.9973E-05 0.0571113 0.711579 9.9973E-05 0.127689 0.0476949 9.9973E-05 0.0556261
0.115224 0.852664 9.9964E-05 0.00221943 9.9964E-05 9.9964E-05 9.9964E-05 0.0294925
0.0495409 0.9141 9.9964E-05 0.0305724 9.9964E-05 0.0053866 9.9964E-05 9.9964E-05
9.9946E-05 0.966951 9.9946E-05 9.9946E-05 9.9946E-05 9.9946E-05 0.0324492 9.9946E-05
0.0201588 0.874732 0.0304104 9.9973E-05 9.9973E-05 9.9973E-05 0.0437929 0.0306055
0.0555527 0.88155 9.9955E-05 0.0623971 9.9955E-05 9.9955E-05 9.9955E-05 9.9955E-05
9.9964E-05 0.899578 9.9964E-05 0.0157416 9.9964E-05 0.0620772 0.0222035 9.9964E-05
9.9964E-05 9.9964E-05 9.9964E-05 0.00251456 9.9964E-05 0.119144 0.0260158 0.851926
9.9964E-05 0.0145034 9.9964E-05 9.9964E-05 0.0796905 0.105454 9.9964E-05 0.799952
0.0154256 9.9982E-05 9.9982E-05 0.0662341 0.001318 0.156256 0.00290114 0.757665
9.9964E-05 9.9964E-05 9.9964E-05 0.116292 0.103143 0.0572219 9.9964E-05 0.722943
0.0085183 9.9973E-05 9.9973E-05 0.0446024 0.040029 0.133747 9.9973E-05 0.772804
0.0412356 0.44062 9.9964E-05 9.9964E-05 0.170497 9.9964E-05 9.9964E-05 0.347247
0.0464237 0.448111 0.0149372 9.9973E-05 9.9973E-05 9.9973E-05 0.0761954 0.414033
9.9973E-05 0.362584 0.0534671 9.9973E-05 0.0290273 9.9973E-05 0.123826 0.430796
9.9964E-05 9.9964E-05 9.9964E-05 0.0434051 0.048277 0.127571 9.9964E-05 0.780347
9.9964E-05 0.512791 0.0321141 9.9964E-05 9.9964E-05 9.9964E-05 0.0948067 0.359888
0.146592 9.9964E-05 9.9964E-05 0.346952 9.9964E-05 0.33763 9.9964E-05 0.168426
0.0241018 0.0930739 9.9982E-05 0.29427 0.122178 0.411628 9.9982E-05 0.0545487
9.9964E-05 9.9964E-05 9.9964E-05 0.300654 0.00232071 0.508111 9.9964E-05 0.188515
0.088296 0.042847 0.0648049 0.136191 9.9991E-05 0.406818 0.0163805 0.244562
0.0352712 9.9982E-05 9.9982E-05 0.100891 0.0347201 0.575173 0.0475989 0.206146
0.239428 9.9964E-05 9.9964E-05 0.292895 9.9964E-05 9.9964E-05 0.0421044 0.425174
9.9982E-05 0.0749512 0.147544 9.9982E-05 0.308232 0.375732 0.0710733 0.022267
0.196689 0.0936918 0.0718642 0.0239472 0.16207 0.307068 0.137939 0.00673132
9.9964E-05 0.0445841 9.9964E-05 9.9964E-05 0.627498 0.207208 9.9964E-05 0.12031
0.073499 0.0966745 0.102326 9.9982E-05 0.0902105 0.493613 0.143477 9.9982E-05
0.310616 9.9964E-05 0.104743 9.9964E-05 0.298688 9.9964E-05 0.285554 9.9964E-05
0.0531035 9.9991E-05 0.0324479 0.128794 0.157074 0.471446 0.0470054 0.11003
0.0187729 0.0965252 0.0148566 0.0195444 0.201313 0.438953 0.149847 0.0601878
0.0104682 0.068806 0.014989 9.9982E-05 0.559735 0.317059 0.0287424 9.9982E-05
0.0435709 0.0660061 0.0421733 0.101442 0.151326 0.469406 0.0711892 0.0548877
0.26443 9.9973E-05 0.154704 9.9973E-05 0.459455 0.0208341 0.100276 9.9973E-05
0.116219 0.0756216 0.0824668 0.0126461 0.0814851 0.470134 0.138512 0.0229156
0.0384093 0.0764497 0.0729238 0.00692911 0.230579 0.457595 0.117015 9.9991E-05
0.105363 0.0694988 0.151983 0.131594 0.0315549 0.356593 9.9991E-05 0.153312
0.0395425 9.9973E-05 0.0195024 9.9973E-05 0.442815 0.310201 0.18764 9.9973E-05
0.0285224 0.0951251 0.0229002 0.0149939 0.272771 0.429436 0.136152 9.9991E-05
0.0867032 9.9982E-05 0.166809 0.11593 0.182456 0.359973 0.0879294 9.9982E-05
9.9982E-05 0.113744 0.105234 9.9982E-05 0.117614 0.590997 0.0497594 0.0224512
9.9991E-05 0.0241215 0.110039 0.0530208 0.0760731 0.572013 0.120146 0.0444869
9.9991E-05 0.0233864 0.131563 0.120773 0.156254 0.404065 0.0821417 0.0817166
0.0721743 0.0518139 0.108575 9.9991E-05 0.0445858 0.592496 0.037958 0.0922969
9.9955E-05 9.9955E-05 9.9955E-05 0.0507156 9.9955E-05 0.139707 9.9955E-05 0.809078
0.0248744 9.9982E-05 0.0344272 0.0285771 9.9982E-05 0.0918342 0.011433 0.808654
0.0640211 0.0154986 0.0511973 0.0179987 0.0168453 0.0817221 9.9991E-05 0.752617
9.9973E-05 0.0638469 0.00841484 0.0548785 9.9973E-05 9.9973E-05 0.0935189 0.779041
9.9946E-05 9.9946E-05 9.9946E-05 9.9946E-05 9.9946E-05 0.162418 9.9946E-05 0.836982
0.0245943 0.0547592 0.0693833 0.0622555 0.735007 0.0444589 9.9991E-05 0.00944174
0.0285427 0.0918171 0.076054 0.0187177 0.0926804 0.518382 0.0890565 0.0847499
0.0729802 9.9982E-05 0.111045 0.144723 0.0506256 0.425959 9.9982E-05 0.194468
0.025371 0.0240763 9.9982E-05 0.0217754 0.185471 0.67196 0.0711469 9.9982E-05
9.9964E-05 0.0685801 0.128026 9.9964E-05 0.292876 0.510118 9.9964E-05 9.9964E-05
0.151909 0.0772798 9.9982E-05 0.0786559 0.448812 0.199401 0.0437426 9.9982E-05
0.0697491 0.0289138 0.0337507 9.9973E-05 0.71291 9.9973E-05 9.9973E-05 0.154377
0.0266282 0.141334 0.00989677 0.048686 0.285691 0.434659 0.0530049 9.9991E-05
9.9982E-05 0.226845 9.9982E-05 0.0699199 0.400742 0.054272 0.182085 0.0659365
0.101297 0.117965 0.014797 0.0593182 0.173322 0.428926 0.104275 9.9991E-05
9.9991E-05 0.0735756 0.061654 0.0201294 0.574305 0.0104521 0.0915446 0.168239
9.9982E-05 0.0907841 9.9982E-05 0.119561 0.175687 0.539828 0.0434263 0.0305136
9.9973E-05 0.0357643 9.9973E-05 9.9973E-05 0.638992 0.149484 0.098144 0.0773161
0.0537941 0.11551 0.0251763 0.0577377 0.290507 0.294049 0.11477 0.0484557
0.221061 0.0596532 0.0311027 0.0470726 0.071603 0.47429 0.0951172 9.9991E-05
0.430221 0.102814 9.9973E-05 9.9973E-05 0.0593915 0.274664 0.13261 9.9973E-05
0.215373 0.108439 0.0279838 9.9982E-05 0.0477899 0.58501 9.9982E-05 0.0152042
0.20077 9.9973E-05 9.9973E-05 0.0203973 0.146454 0.54056 9.9973E-05 0.0915179
0.335937 0.0569437 0.051152 9.9982E-05 0.13061 0.326921 0.0982367 9.9982E-05
0.200074 0.0252728 0.126776 0.0275555 0.0377189 0.457306 0.100617 0.0246795
0.168393 0.115135 0.0697678 9.9973E-05 9.9973E-05 0.517125 0.129279 9.9973E-05
0.481493 0.128604 0.146277 9.9973E-05 9.9973E-05 0.116807 0.12652 9.9973E-05
0.537495 0.0323883 0.114294 9.9973E-05 9.9973E-05 0.253337 0.0621862 9.9973E-05
0.335578 0.109814 0.0118363 9.9973E-05 9.9973E-05 0.465415 0.0770567 9.9973E-05
0.378824 0.0828277 0.160948 9.9982E-05 0.159627 0.145473 0.0721001 9.9982E-05
0.337563 0.0408672 0.119538 9.9973E-05 0.120289 0.381443 9.9973E-05 9.9973E-05
0.0676859 0.117343 0.175232 0.075497 0.506979 0.0288866 9.9991E-05 0.0282768
0.0569969 0.0900545 9.9973E-05 9.9973E-05 0.35326 0.224698 0.27469 9.9973E-05
9.9991E-05 0.020256 0.0264266 0.0572133 0.434961 0.285017 0.117489 0.0585377
9.9964E-05 0.0716386 9.9964E-05 0.112374 0.26235 0.553237 9.9964E-05 9.9964E-05
9.9973E-05 0.160137 0.162682 0.0292223 0.525232 0.122426 9.9973E-05 9.9973E-05
0.0532705 0.0807148 0.0136235 0.071364 0.098553 0.447248 0.175891 0.0593348
9.9982E-05 0.0396305 0.0267814 0.0813364 0.283414 0.503652 9.9982E-05 0.0649863
0.0476173 0.0266079 0.110597 0.020855 0.239127 0.467743 9.9991E-05 0.0873532
9.9982E-05 0.0969675 0.0760412 0.120543 0.192142 0.42405 0.0900562 9.9982E-05
9.9982E-05 0.0588684 0.145591 0.0472349 0.319328 0.386748 0.0420294 9.9982E-05
9.9973E-05 0.129286 0.0607528 0.0955635 0.561707 0.152391 9.9973E-05 9.9973E-05
0.0112508 0.239876 0.0805959 0.0564381 0.270062 0.333356 0.0083215 9.9991E-05
0.0262747 9.9973E-05 9.9973E-05 0.0377739 0.250116 0.581836 0.1037 9.9973E-05
0.0900468 0.0321572 0.0188121 0.0456473 0.215752 0.571465 0.0217151 0.00440482
0.087996 0.124146 0.0495608 0.0281387 0.218106 0.395537 0.0514453 0.04507
9.9982E-05 0.100088 0.0332283 0.0638291 0.118943 0.544805 0.138907 9.9982E-05
0.0736512 0.166218 9.9982E-05 0.0283284 0.276756 0.392543 9.9982E-05 0.0623036
0.0344178 0.139099 9.9991E-05 0.0422126 0.181773 0.562506 0.00792912 0.0319629
9.9982E-05 0.0498867 9.9982E-05 0.134174 0.278539 0.447042 0.0680189 0.0221397
0.0191837 0.0064134 9.9991E-05 0.0976707 0.172052 0.534106 0.157781 0.0126938
0.0444453 9.9982E-05 0.0461226 0.0692859 0.00897356 0.486018 9.9982E-05 0.344954
0.0969986 9.9991E-05 0.0484261 0.185494 0.0745815 0.469524 0.0240532 0.100823
0.152045 0.0864515 0.0317868 0.130404 9.9991E-05 0.492014 0.0151726 0.092026
0.00377033 0.0401876 0.0145489 0.126384 0.0761136 0.592328 0.0628636 0.0838037
9.9973E-05 9.9973E-05 9.9973E-05 0.180586 0.127266 0.509004 0.00335825 0.179486
0.064209 0.0149394 9.9982E-05 0.0256581 0.252875 0.432525 0.209594 9.9982E-05
9.9973E-05 9.9973E-05 0.151725 0.1577 0.190334 0.368836 9.9973E-05 0.131105
0.423796 9.9982E-05 0.0933701 0.107247 0.128454 0.0471922 9.9982E-05 0.199742
0.0867752 0.0311182 9.9982E-05 0.220702 0.18738 0.429071 9.9982E-05 0.0447537
9.9991E-05 0.0222188 0.0960608 0.190674 0.0190973 0.413352 0.12975 0.128747
0.0615528 9.9991E-05 0.0645725 0.296604 0.152857 0.357651 0.0398546 0.0268082
0.166405 0.0134171 0.00632307 0.154333 0.196381 0.218726 0.0499286 0.194486
0.0681679 9.9982E-05 0.0566339 0.156347 0.0454826 0.466922 9.9982E-05 0.206247
0.115139 9.9973E-05 9.9973E-05 0.151427 9.9973E-05 0.537146 0.0464993 0.14949
0.397641 9.9955E-05 9.9955E-05 0.170905 9.9955E-05 9.9955E-05 9.9955E-05 0.430954
0.0568643 9.9973E-05 0.036717 0.19344 9.9973E-05 0.562719 9.9973E-05 0.14996
0.0820798 0.0390032 9.9982E-05 0.224899 9.9982E-05 0.501377 0.0273174 0.125123
0.100419 0.0226328 9.9991E-05 0.114507 0.0288707 0.592169 0.0850784 0.0562234
0.0687723 9.9964E-05 9.9964E-05 0.120824 9.9964E-05 0.583739 9.9964E-05 0.226264
0.0953823 0.0709158 9.9973E-05 0.0870328 9.9973E-05 0.645826 9.9973E-05 0.100543
9.9982E-05 0.0193276 0.0685417 0.0179992 9.9982E-05 0.379893 0.451652 0.0623866
0.0776441 0.0477649 0.0673572 0.0941937 0.113766 0.425342 0.155834 0.0180988
9.9964E-05 0.0172938 0.0384282 9.9964E-05 0.140305 9.9964E-05 0.803573 9.9964E-05
0.0550913 0.0100303 9.9964E-05 9.9964E-05 0.0686851 9.9964E-05 0.865793 9.9964E-05
9.9991E-05 0.00161906 0.0232104 0.051828 0.0734218 0.442945 0.351856 0.0550207
0.148681 9.9982E-05 9.9982E-05 0.26911 0.0449607 0.435895 0.080989 0.0201644
0.0823935 9.9973E-05 9.9973E-05 0.326092 9.9973E-05 0.264604 0.252328 0.0742828
0.198936 9.9982E-05 9.9982E-05 0.272254 0.0589139 0.154573 0.154627 0.160496
0.0583967 9.9973E-05 9.9973E-05 0.258515 9.9973E-05 0.326934 0.1866 0.169254
0.138334 0.0215334 9.9982E-05 0.12098 9.9982E-05 0.00194136 0.642584 0.0744274
0.087504 9.9973E-05 9.9973E-05 0.0753754 9.9973E-05 0.0989995 0.619478 0.118343
9.9955E-05 9.9955E-05 9.9955E-05 0.167574 9.9955E-05 0.389092 0.442834 9.9955E-05
9.9964E-05 9.9964E-05 9.9964E-05 0.117183 9.9964E-05 0.323236 0.501587 0.0575941
9.9964E-05 9.9964E-05 9.9964E-05 0.125948 9.9964E-05 0.0760749 0.729084 0.0684936
9.9982E-05 9.9982E-05 0.0122799 0.169876 0.0724133 0.370126 0.374391 0.000713768
0.0173765 0.0129488 0.00366205 0.0783302 9.9991E-05 0.535803 0.329917 0.021862
0.0649746 0.048812 0.0498488 0.0823373 9.9991E-05 0.516781 0.123494 0.113653
0.0180478 9.9982E-05 0.0251437 9.9982E-05 0.0180116 0.280376 0.615516 0.0427048
0.00154732 9.9973E-05 9.9973E-05 0.0097299 0.176966 0.276509 0.534948 9.9973E-05
0.01594 0.070108 0.00733629 0.00625312 9.9991E-05 0.456047 0.36844 0.0757759
9.9982E-05 0.1272 0.0661966 0.0662447 9.9982E-05 0.353574 0.383161 0.00342467
0.112531 0.0834536 0.0542816 0.0434744 0.0396754 0.476402 0.108082 0.0821001
0.0946675 9.9964E-05 9.9964E-05 9.9964E-05 0.112556 0.406544 0.385833 9.9964E-05
9.9955E-05 0.0825522 9.9955E-05 9.9955E-05 9.9955E-05 0.140121 0.776827 9.9955E-05
9.9973E-05 0.0301386 0.0760297 9.9973E-05 9.9973E-05 0.550305 0.321096 0.0221304
9.9973E-05 9.9973E-05 0.0828916 0.0291724 0.0847223 0.136146 0.666768 9.9973E-05
9.9964E-05 9.9964E-05 0.00323607 9.9964E-05 0.0452888 0.350195 0.60088 9.9964E-05
9.9982E-05 0.0631328 0.111096 0.0436293 9.9982E-05 0.550852 0.144497 0.0865923
0.0136861 0.0519515 0.0127532 0.0468051 0.0585582 0.463248 0.331172 0.0218265
0.163069 9.9973E-05 9.9973E-05 0.0247973 9.9973E-05 0.623975 0.00184977 0.186009
0.0650354 0.0363653 0.104742 0.196891 0.0228352 0.311367 0.130767 0.131997
0.0958666 0.0706135 9.9991E-05 0.240653 0.0335584 0.331923 0.122752 0.104533
0.172427 0.116748 9.9991E-05 0.254505 0.0443017 0.258605 0.00106227 0.152251
0.0356778 0.0860666 0.0717425 0.0907869 0.143134 0.440209 9.9991E-05 0.132283
0.104509 0.0507183 9.9982E-05 0.234978 9.9982E-05 0.341205 0.157841 0.110549
0.0840133 0.0491945 9.9973E-05 0.128287 9.9973E-05 9.9973E-05 0.581992 0.156214
0.0549311 0.0659592 9.9982E-05 0.176872 9.9982E-05 0.613285 0.0225183 0.0662336
0.17482 9.9964E-05 9.9964E-05 0.082623 9.9964E-05 9.9964E-05 0.355715 0.386442
9.9964E-05 9.9964E-05 9.9964E-05 0.172517 9.9964E-05 0.451726 0.322494 0.0528627
0.0346592 9.9964E-05 0.164135 9.9964E-05 9.9964E-05 0.0426837 0.758123 9.9964E-05
9.9955E-05 9.9955E-05 0.0235974 9.9955E-05 0.086479 9.9955E-05 0.889424 9.9955E-05
9.9964E-05 9.9964E-05 0.00774955 9.9964E-05 0.0920193 0.38431 0.515521 9.9964E-05
9.9946E-05 9.9946E-05 9.9946E-05 9.9946E-05 9.9946E-05 0.612429 0.386971 9.9946E-05
9.9964E-05 9.9964E-05 0.00432788 9.9964E-05 0.109676 0.284472 0.601124 9.9964E-05
9.9982E-05 0.00452615 0.0686594 0.0360943 9.9982E-05 0.409726 0.457038 0.0237569
9.9955E-05 9.9955E-05 9.9955E-05 9.9955E-05 0.0209706 0.464116 0.514413 9.9955E-05
9.9973E-05 9.9973E-05 9.9973E-05 0.0275368 0.00738602 0.125987 0.040711 0.79808
9.9964E-05 0.102465 9.9964E-05 0.116305 9.9964E-05 9.9964E-05 0.11253 0.6683
9.9955E-05 0.046682 9.9955E-05 0.0897026 9.9955E-05 9.9955E-05 9.9955E-05 0.863116
9.9946E-05 9.9946E-05 9.9946E-05 9.9946E-05 9.9946E-05 0.100366 9.9946E-05 0.899035
9.9991E-05 0.00550075 0.338474 0.00194735 0.0625086 0.491005 0.039458 0.0610065
9.9982E-05 0.020183 0.363818 0.0278763 0.0427697 0.453461 9.9982E-05 0.0916922
9.9973E-05 0.000497188 0.501359 0.00659053 9.9973E-05 0.459074 0.0321786 9.9973E-05
0.0572644 9.9982E-05 0.281628 0.0132211 0.0236886 0.532454 9.9982E-05 0.0915439
0.0814169 0.136075 0.160258 0.0149833 9.9982E-05 0.512431 9.9982E-05 0.0946354
0.0871498 0.10522 0.503466 9.9982E-05 0.0785699 0.194983 0.0304118 9.9982E-05
9.9964E-05 9.9964E-05 0.373104 0.0251053 9.9964E-05 0.591849 0.00954209 9.9964E-05
0.0815424 9.9964E-05 0.59223 9.9964E-05 9.9964E-05 0.277174 0.0486547 9.9964E-05
9.9982E-05 0.0517172 9.9982E-05 0.142596 0.0957015 0.437593 0.049662 0.222531
0.0404749 0.019176 0.375334 0.0135938 0.0131034 0.392583 0.145635 9.9991E-05
9.9964E-05 0.0785157 0.523266 9.9964E-05 0.0795004 0.318318 9.9964E-05 9.9964E-05
9.9973E-05 0.0424731 0.381852 9.9973E-05 0.0553722 0.498571 0.0214319 9.9973E-05
9.9982E-05 0.0193578 0.46867 0.0139155 0.0372373 0.367301 0.0933186 9.9982E-05
0.0342684 9.9973E-05 0.277782 9.9973E-05 9.9973E-05 0.611736 0.0716546 0.00425943
9.9982E-05 0.0694911 0.310881 0.0452665 9.9982E-05 0.500241 0.0403925 0.0335279
9.9955E-05 9.9955E-05 0.884133 9.9955E-05 9.9955E-05 0.0853204 0.0300464 9.9955E-05
0.0867722 0.0317956 0.568308 9.9991E-05 0.0229643 0.252425 0.00698088 0.0306537
0.0265483 9.9973E-05 0.592024 9.9973E-05 0.0530304 0.299454 9.9973E-05 0.0286438
0.119721 9.9946E-05 0.879679 9.9946E-05 9.9946E-05 9.9946E-05 9.9946E-05 9.9946E-05
9.9973E-05 0.0295415 0.484373 0.0339711 0.10618 0.345635 9.9973E-05 9.9973E-05
0.192545 0.0424761 0.69935 9.9973E-05 9.9973E-05 0.0429147 0.0224141 9.9973E-05
0.24032 9.9955E-05 0.673123 9.9955E-05 9.9955E-05 9.9955E-05 0.0860569 9.9955E-05
9.9982E-05 9.9982E-05 0.285569 0.0325375 0.0674417 0.494594 0.100075 0.0195816
9.9973E-05 9.9973E-05 0.605566 0.0164219 0.192753 0.134222 9.9973E-05 0.0507382
0.0804469 0.070782 0.372574 0.0193217 0.0790422 0.377633 9.9982E-05 9.9982E-05
0.0378668 9.9982E-05 0.339712 0.100819 0.00144326 0.484116 9.9982E-05 0.035842
9.9973E-05 0.0457009 0.341201 0.039786 0.107186 0.465827 9.9973E-05 9.9973E-05
0.171498 0.00402846 0.0372649 0.0385924 0.409647 0.267697 0.0711724 9.9991E-05
9.9982E-05 0.0528551 0.355056 0.0540702 0.0526 0.445891 0.0393277 9.9982E-05
9.9982E-05 9.9982E-05 0.378074 0.031536 0.153952 0.350678 0.00738313 0.0781767
0.0174055 0.0167506 0.639595 9.9964E-05 9.9964E-05 0.325849 9.9964E-05 9.9964E-05
9.9991E-05 0.1123 0.171166 0.0910553 0.0101075 0.4701 0.0773899 0.0677811
0.0400467 0.167295 9.9973E-05 9.9973E-05 0.184476 9.9973E-05 0.00786288 0.600019
0.0123372 0.106775 0.0282836 9.9982E-05 0.0548768 0.0495212 9.9982E-05 0.748006
0.0765794 0.0581489 9.9964E-05 9.9964E-05 0.0689493 9.9964E-05 9.9964E-05 0.795923
0.000808291 0.120301 9.9973E-05 9.9973E-05 0.0251004 9.9973E-05 0.0457034 0.807787
0.0478977 0.200314 9.9973E-05 9.9973E-05 0.0488456 0.00148804 9.9973E-05 0.701154
9.9973E-05 9.9973E-05 0.669077 0.0592875 0.202888 0.00945823 9.9973E-05 0.0589892
0.0225275 9.9982E-05 0.574096 9.9982E-05 0.185391 0.0930723 0.0439867 0.0807272
0.0117774 9.9973E-05 0.809001 0.0419649 9.9973E-05 0.0464828 0.0904737 9.9973E-05
0.0169969 9.9991E-05 0.29181 0.1036 0.030436 0.456846 0.0312431 0.0689678
9.9982E-05 0.0516949 0.178652 0.0172042 9.9982E-05 0.584679 0.0413834 0.126187
0.105876 9.9982E-05 0.575995 0.00360275 9.9982E-05 0.24373 0.0458338 0.0247624
9.9973E-05 0.0261742 0.327684 0.0181937 9.9973E-05 0.52804 0.0996085 9.9973E-05
0.10322 9.9964E-05 0.437079 9.9964E-05 9.9964E-05 0.406775 9.9964E-05 0.052526
9.9982E-05 0.0969148 0.277764 9.9982E-05 0.014897 0.57526 0.0221083 0.0128563
9.9982E-05 0.0969538 0.265235 0.0550624 0.0967662 0.474239 0.0115438 9.9982E-05
0.0131021 0.107698 0.569558 0.101803 0.0680455 0.105505 0.0341888 9.9991E-05
9.9964E-05 9.9964E-05 0.623441 9.9964E-05 0.0594766 0.306239 9.9964E-05 0.0104443
9.9964E-05 0.00507109 0.537214 9.9964E-05 0.16883 0.288485 9.9964E-05 9.9964E-05
0.199411 0.0506228 9.9982E-05 9.9982E-05 0.0549887 0.578185 0.0254042 0.091189
9.9973E-05 0.0201321 0.537809 9.9973E-05 0.0132584 0.386281 9.9973E-05 0.0422192
0.0123696 0.130862 0.305027 0.0693522 9.9991E-05 0.396152 0.0650922 0.0210449
0.00579279 0.00770618 0.00862529 0.418183 0.140489 0.371733 9.9991E-05 0.04737
0.0847506 9.9982E-05 9.9982E-05 0.400179 0.00341025 0.356301 0.0809233 0.0742357
0.051163 9.9964E-05 9.9964E-05 0.33832 9.9964E-05 0.481549 9.9964E-05 0.128568
0.108938 9.9964E-05 9.9964E-05 0.400178 9.9964E-05 0.408643 9.9964E-05 0.0818418
0.00428148 0.0684253 0.0321551 0.32618 0.0119147 0.450234 9.9991E-05 0.106709
0.22821 9.9973E-05 0.190633 0.0441904 0.0727547 0.463911 9.9973E-05 9.9973E-05
0.0394685 9.9964E-05 9.9964E-05 0.655522 9.9964E-05 0.0583946 9.9964E-05 0.246215
0.0223672 9.9982E-05 0.00283001 0.413159 9.9982E-05 0.337751 0.0418054 0.181887
0.167029 0.0419545 0.156242 0.123069 9.9991E-05 0.408649 0.0208655 0.0820908
0.252733 0.0242949 0.00588682 9.9982E-05 0.0642641 0.571755 9.9982E-05 0.0808665
0.314284 0.0394072 9.9973E-05 9.9973E-05 0.115715 0.465447 9.9973E-05 0.0648458
0.121039 0.159519 0.0507927 0.0210566 9.9982E-05 0.58607 9.9982E-05 0.0613219
0.0990264 0.0621843 0.157172 0.0089272 9.9982E-05 0.582098 9.9982E-05 0.0903924
0.00181867 0.0126003 9.9982E-05 0.388196 9.9982E-05 0.391893 0.0198343 0.185458
9.9982E-05 0.00649691 9.9982E-05 0.296293 0.0396872 0.46207 0.0226694 0.172583
0.0118743 9.9973E-05 9.9973E-05 0.460895 9.9973E-05 0.410015 0.013618 0.103298
0.0472317 0.0583602 9.9982E-05 0.300871 9.9982E-05 0.391374 0.113901 0.0880626
0.0736506 9.9973E-05 0.00427296 0.548878 9.9973E-05 0.331477 9.9973E-05 0.0414217
0.0888459 0.00499631 0.0432235 0.370236 9.9991E-05 0.361293 0.0125851 0.118721
0.0527639 9.9973E-05 9.9973E-05 0.58304 9.9973E-05 0.213421 0.0192941 0.131182
9.9982E-05 0.0682695 9.9982E-05 0.370873 0.0536261 0.36988 0.0211879 0.115964
0.362567 9.9964E-05 0.0972935 9.9964E-05 0.0112891 0.52845 9.9964E-05 9.9964E-05
9.9982E-05 0.0498258 0.103606 0.280794 9.9982E-05 0.390998 0.0175544 0.157021
0.0168195 9.9964E-05 9.9964E-05 0.588529 9.9964E-05 0.200942 9.9964E-05 0.19331
9.9973E-05 0.0735061 9.9973E-05 0.32747 9.9973E-05 0.37531 0.128211 0.0952033
0.300314 0.145287 0.0895457 9.9982E-05 0.211229 0.158977 9.9982E-05 0.0944476
0.248625 0.0319374 9.9973E-05 0.0173035 0.0844804 0.617354 9.9973E-05 9.9973E-05
0.0219659 0.0613877 9.9982E-05 0.30503 9.9982E-05 0.385263 0.0466791 0.179474
0.208519 0.00663872 9.9991E-05 0.0799348 0.0617965 0.535225 0.0836688 0.0241176
0.249456 0.0963596 0.0479727 9.9973E-05 9.9973E-05 0.513439 9.9973E-05 0.092472
0.0212012 9.9973E-05 0.221999 0.246489 9.9973E-05 0.317159 9.9973E-05 0.192852
0.0897991 0.0265088 0.00549774 0.253723 0.0028981 0.339497 0.0599716 0.222104
0.102527 0.01187 0.052101 0.00154784 9.9982E-05 0.692293 9.9982E-05 0.139461
0.131228 9.9982E-05 0.0801958 0.315478 0.001451 0.387589 9.9982E-05 0.0838579
0.0634916 9.9982E-05 9.9982E-05 0.462943 0.0430665 0.33292 0.0378649 0.0595139
0.0821851 9.9964E-05 9.9964E-05 0.563473 9.9964E-05 0.162601 9.9964E-05 0.191341
0.124552 0.081485 0.0780576 0.166942 9.9991E-05 0.501042 0.0371954 0.0106257
0.216363 0.0129433 0.0815913 9.9982E-05 0.160639 0.472995 9.9982E-05 0.0552674
0.645192 0.0876778 9.9964E-05 9.9964E-05 9.9964E-05 0.225357 0.0413737 9.9964E-05
0.164686 0.0553207 0.0273268 9.9982E-05 0.130562 0.549947 9.9982E-05 0.071958
0.0373159 0.134847 0.122464 0.0247727 0.109671 0.388794 0.0673162 0.114821
0.106729 9.9982E-05 0.0182399 0.135874 0.145829 0.44717 9.9982E-05 0.145959
0.134866 0.125361 0.00318412 0.128936 0.0300042 0.384773 0.09829 0.094585
0.596621 9.9955E-05 9.9955E-05 0.203099 9.9955E-05 9.9955E-05 9.9955E-05 0.19978
0.718309 9.9955E-05 9.9955E-05 0.0856412 9.9955E-05 9.9955E-05 9.9955E-05 0.19555
