0.044952 0.00393387 0.0640893 9.99733E-05 9.99733E-05 0.107393 0.779332 9.99733E-05
9.9964E-05 9.9964E-05 0.0126528 0.00279406 0.0626267 9.9964E-05 0.921527 9.9964E-05
0.00732334 0.000957103 0.0583025 9.9982E-05 9.9982E-05 0.0521761 0.773646 0.107395
0.0773547 0.0527776 0.0437331 9.9982E-05 9.9982E-05 0.0284198 0.749142 0.0483733
0.0138665 0.070643 9.9973E-05 9.9973E-05 0.0497878 9.9973E-05 0.836095 0.0293079
0.0265431 0.110725 0.0270867 0.0115786 0.256819 9.9991E-05 0.560598 0.00655006
9.9955E-05 9.9955E-05 0.0463433 9.9955E-05 0.167679 9.9955E-05 0.785478 9.9955E-05
0.0147069 0.0120418 0.0576658 9.9973E-05 0.208291 9.9973E-05 0.706995 9.9973E-05
0.0574404 9.99639E-05 9.99639E-05 0.0492547 9.99639E-05 0.0796702 0.813235 9.99639E-05
9.9964E-05 0.118271 0.0420139 9.9964E-05 0.18311 9.9964E-05 0.656205 9.9964E-05
0.097213 9.9955E-05 9.9955E-05 9.9955E-05 0.158263 9.9955E-05 0.744024 9.9955E-05
0.455174 0.0398201 9.9973E-05 0.172825 0.0347937 9.9973E-05 9.9973E-05 0.297088
0.221424 0.0655341 0.0539949 0.0181917 0.0440551 0.0500886 9.9991E-05 0.546612
0.460017 0.0790558 0.022488 0.119422 0.0186339 0.0643465 9.9991E-05 0.235937
0.32558 0.114839 0.00222134 0.0877417 9.9991E-05 0.0690343 0.0833787 0.317105
0.177481 0.16995 0.0636607 0.117296 0.0466327 9.9991E-05 0.0876639 0.337215
0.105979 0.100674 0.029318 0.149034 0.00707095 0.0220774 0.00682346 0.579023
0.254119 0.0874314 0.0183848 0.0985714 0.0435436 0.126164 9.9991E-05 0.371686
0.334481 0.00314172 0.0195751 0.134852 9.9991E-05 0.0890236 0.0832213 0.335605
0.600519 0.122403 9.9973E-05 0.0672402 0.166091 9.9973E-05 0.0434464 9.9973E-05
0.215782 0.0733619 0.0116923 0.174391 0.0774005 0.0645622 0.00574293 0.377067
0.120021 0.0529799 9.9991E-05 0.11591 0.178236 0.0912782 0.00779039 0.433684
0.186536 0.0363689 0.0343042 0.114119 0.0423286 0.00232991 0.0272523 0.556761
0.3494 0.100216 0.0525807 0.16562 0.0830975 9.9991E-05 0.0135939 0.235392
0.0515108 0.0335073 0.0228088 0.0326159 0.163876 0.0253493 0.137407 0.532925
0.182688 0.0556899 0.0644978 0.0472425 0.069716 9.9982E-05 9.9982E-05 0.579966
0.433558 0.0945464 0.0477655 0.223738 0.00460051 9.9982E-05 9.9982E-05 0.195591
0.384116 0.177595 0.00526342 0.173219 9.9982E-05 0.0799117 9.9982E-05 0.179695
0.402669 0.0340705 9.9982E-05 0.0976419 0.156514 9.9982E-05 0.0525027 0.256402
9.994E-05 9.994E-05 0.9993 9.994E-05 9.994E-05 9.994E-05 9.994E-05 9.994E-05
9.994E-05 9.994E-05 0.9993 9.994E-05 9.994E-05 9.994E-05 9.994E-05 9.994E-05
9.9973E-05 0.0211381 0.351254 0.0642631 9.9973E-05 9.9973E-05 0.522541 0.0405044
9.9982E-05 0.101106 0.239025 0.0553035 9.9982E-05 0.0398679 0.504884 0.059614
0.109373 9.9973E-05 9.9973E-05 0.251569 0.0532515 9.9973E-05 0.0252731 0.560233
0.0286263 9.9973E-05 9.9973E-05 0.271159 0.0127238 9.9973E-05 0.17488 0.512311
9.9964E-05 0.0389637 9.9964E-05 0.431164 9.9964E-05 9.9964E-05 0.075845 0.453628
0.500626 0.00866701 0.0461005 0.177406 9.9991E-05 0.0371765 0.082642 0.147282
0.0525715 0.0472431 0.0319422 0.576679 9.9982E-05 9.9982E-05 0.00447111 0.286893
0.128516 0.0774765 9.9982E-05 0.236927 0.0464605 9.9982E-05 0.0880348 0.422386
9.9982E-05 0.0146903 9.9982E-05 0.265517 0.0729762 0.00951532 0.000529293 0.636572
0.0302027 0.016616 0.0227699 0.101013 0.191624 9.9991E-05 0.0974837 0.54019
0.0344659 0.0296138 0.0433317 0.179144 9.9991E-05 0.00517335 0.0953975 0.612773
0.147533 9.9973E-05 0.0332778 0.715016 9.9973E-05 0.0291953 9.9973E-05 0.0746784
0.0473489 0.0153323 9.9991E-05 0.0591125 0.169946 0.0524235 0.0226945 0.633043
0.0714684 0.124015 0.0134864 0.277151 0.0581255 9.9982E-05 9.9982E-05 0.455554
0.0468747 0.0323249 0.051561 0.123396 0.105622 9.9991E-05 0.118483 0.521638
9.9964E-05 9.9964E-05 9.9964E-05 0.702088 0.00226698 0.0404414 9.9964E-05 0.254803
0.0778767 0.026351 0.0366859 0.31018 9.9991E-05 0.0216172 0.00357567 0.523614
0.0160757 0.0196833 9.9982E-05 0.262267 0.0838366 9.9982E-05 0.104293 0.513644
0.0332026 9.9964E-05 9.9964E-05 0.677031 0.0988954 0.190471 9.9964E-05 9.9964E-05
0.474025 9.9973E-05 9.9973E-05 0.234812 0.0745567 0.0566472 9.9973E-05 0.159659
0.226588 9.9973E-05 9.9973E-05 0.169608 0.310168 0.204286 9.9973E-05 0.0890512
0.0829311 0.0802014 0.0421321 0.189391 0.137165 9.9991E-05 0.040672 0.427408
0.00918704 0.0707903 9.9982E-05 9.9982E-05 0.114261 0.0654954 0.0693001 0.670766
0.0620054 9.9982E-05 0.027947 9.9982E-05 0.135692 0.0239796 0.0412021 0.708973
0.352737 9.9991E-05 0.0425598 0.194091 0.0889602 0.0527804 0.0751676 0.193604
0.131535 9.9973E-05 0.0549242 0.0445001 0.209903 9.9973E-05 9.9973E-05 0.558838
0.129621 0.0581118 0.0187416 0.0197363 0.0270703 0.11648 9.9991E-05 0.630139
0.188547 0.0329857 0.0271241 0.144116 0.148442 0.0185088 0.0798569 0.36042
0.327832 0.027487 0.0417132 0.180727 0.0451081 0.214244 0.090443 0.0724456
0.177531 9.9982E-05 0.0472051 0.132272 9.9982E-05 0.133013 0.00402233 0.505757
0.295 9.9982E-05 0.00186634 0.00232932 0.0776713 0.16475 9.9982E-05 0.458184
0.452221 9.9973E-05 0.0883856 0.260186 0.0967761 0.102131 9.9973E-05 9.9973E-05
0.244249 0.000110539 0.00561435 0.0601602 0.07143 0.0992233 9.9991E-05 0.519112
0.122023 0.0645899 0.0131019 0.12169 0.101517 0.0112874 9.9991E-05 0.56569
0.163424 0.117234 0.0661115 0.0180463 0.0349017 0.125968 9.9991E-05 0.474214
0.295836 0.00141827 0.0521081 0.248302 9.9982E-05 0.106518 9.9982E-05 0.295618
0.131382 9.9982E-05 0.0551347 0.029388 0.0884548 0.0885461 9.9982E-05 0.606895
0.155438 9.9991E-05 0.0615058 0.0776081 0.0140817 0.0235101 0.0544681 0.613289
0.315752 9.9982E-05 0.0578449 0.110157 0.244482 0.0948738 9.9982E-05 0.17669
0.042833 9.9973E-05 9.9973E-05 0.311533 0.0398557 0.00185379 9.9973E-05 0.603624
0.0794641 9.9973E-05 0.0379586 0.675011 0.0446106 9.9973E-05 9.9973E-05 0.162656
0.06664 0.00533468 0.00709501 0.245579 9.9991E-05 0.0591892 0.0286408 0.587421
9.9955E-05 9.9955E-05 9.9955E-05 0.852482 0.0950449 0.0519734 9.9955E-05 9.9955E-05
9.9964E-05 9.9964E-05 9.9964E-05 0.781611 0.202434 0.0150339 0.000520656 9.9964E-05
9.9946E-05 9.9946E-05 9.9946E-05 0.732012 9.9946E-05 9.9946E-05 9.9946E-05 0.267389
0.0780666 9.9973E-05 0.0335294 0.374293 0.0436555 9.9973E-05 9.9973E-05 0.470156
0.0409888 0.0603317 0.0167325 0.198989 0.0944088 0.058254 0.069877 0.460418
0.0720855 9.9973E-05 0.0299718 0.488347 9.9973E-05 0.0435972 9.9973E-05 0.365698
0.145912 0.0375443 0.0071595 0.657309 9.9982E-05 9.9982E-05 0.0215141 0.130362
0.270814 9.9973E-05 0.0192556 0.461406 9.9973E-05 9.9973E-05 0.00952172 0.238704
0.0623909 0.078914 0.0413697 0.256593 0.00279457 9.9991E-05 0.0671562 0.490682
0.0209031 0.0377364 9.9973E-05 0.640478 9.9973E-05 9.9973E-05 0.0815553 0.219027
0.0556922 9.9973E-05 0.0603633 0.456402 9.9973E-05 9.9973E-05 0.0147242 0.412518
9.9964E-05 9.9964E-05 0.0379064 0.519654 0.103081 9.9964E-05 9.9964E-05 0.338959
9.99571E-05 9.99571E-05 9.99571E-05 0.724484 0.190047 0.0849687 9.99571E-05 9.99571E-05
0.0694572 0.0525264 0.0517178 0.287244 0.0312887 9.9991E-05 0.00286394 0.504802
0.04582 0.0028078 0.0685215 9.9973E-05 9.9973E-05 9.9973E-05 0.776516 0.106035
9.9955E-05 9.9955E-05 0.111718 9.9955E-05 9.9955E-05 9.9955E-05 0.806215 0.0815677
9.9973E-05 0.0316227 0.132344 9.9973E-05 9.9973E-05 0.00449869 0.741546 0.0896887
9.9964E-05 9.9964E-05 0.106004 9.9964E-05 9.9964E-05 0.0923848 0.756002 0.0452096
9.9973E-05 9.9973E-05 0.118291 0.00601331 9.9973E-05 0.0418657 0.734097 0.0994329
9.9973E-05 0.0466516 0.0937714 0.0418839 9.9973E-05 0.021012 0.796381 9.9973E-05
9.9973E-05 0.0147747 0.0486643 9.9973E-05 9.9973E-05 0.0533694 0.825638 0.0572541
0.0496885 0.0134909 0.0583128 0.305658 0.056366 9.9991E-05 0.0757774 0.440606
9.9973E-05 0.0291784 0.061275 0.186171 9.9973E-05 9.9973E-05 0.131505 0.59157
0.113137 9.9973E-05 0.0166552 0.838365 9.9973E-05 9.9973E-05 0.0177522 0.0137897
9.9982E-05 0.0676754 0.0290385 0.129505 0.238159 9.9982E-05 0.114744 0.420678
0.0737979 9.9964E-05 9.9964E-05 0.407529 9.9964E-05 9.9964E-05 0.0875493 0.430724
9.9964E-05 0.0181507 9.9964E-05 0.413359 9.9964E-05 9.9964E-05 0.0626838 0.505407
9.9973E-05 0.0173975 9.9973E-05 0.252525 0.155322 9.9973E-05 0.0507229 0.523733
9.9991E-05 0.0611335 0.0123812 0.476805 0.00627912 0.036399 0.00305388 0.403848
0.163788 9.9955E-05 9.9955E-05 0.791276 9.9955E-05 9.9955E-05 0.0444365 9.9955E-05
0.033692 0.0187682 0.0479539 0.150337 0.0599821 0.0675095 0.102364 0.519393
9.9982E-05 0.00435221 0.0312694 0.124471 0.109851 9.9982E-05 0.0829228 0.646934
0.0981681 0.189657 0.0231949 0.178015 0.0502143 0.019647 9.9991E-05 0.441004
9.9982E-05 9.9982E-05 0.0367468 0.501129 0.0935076 0.0306632 0.0426773 0.295077
9.9973E-05 0.0380456 0.0114564 0.377127 0.0859895 9.9973E-05 9.9973E-05 0.487082
0.0880637 0.037958 0.0103392 0.466124 0.0117776 9.9982E-05 9.9982E-05 0.385537
9.9964E-05 0.0845849 0.00634242 0.675334 9.9964E-05 9.9964E-05 9.9964E-05 0.233339
0.0350553 9.9973E-05 0.0359317 0.490551 9.9973E-05 9.9973E-05 0.0830762 0.355086
0.0725838 0.065649 9.9982E-05 0.191714 0.0182191 9.9982E-05 0.115401 0.536233
0.289119 9.9973E-05 9.9973E-05 0.117573 0.155181 0.225576 9.9973E-05 0.212252
0.304816 0.0164489 0.0307061 0.00580623 0.0263245 0.115475 0.062587 0.437837
0.191072 0.0997753 0.0142327 9.9991E-05 0.0158956 0.0641329 0.0564329 0.558358
0.129934 0.0520216 0.0124141 9.9982E-05 0.114034 9.9982E-05 0.0865928 0.604803
0.264291 9.9982E-05 0.0777221 0.086528 0.0134493 0.0699486 9.9982E-05 0.487861
0.271397 0.0598683 9.9973E-05 0.0230653 9.9973E-05 0.0377869 9.9973E-05 0.607583
0.406125 9.9964E-05 9.9964E-05 9.9964E-05 9.9964E-05 0.019007 0.0342592 0.540209
0.237327 0.0308145 0.0507043 0.114651 0.0371156 0.0797557 9.9991E-05 0.449532
0.186279 0.020962 9.9982E-05 0.0347593 9.9982E-05 0.0412244 0.0729488 0.643626
0.182064 9.9982E-05 0.0315425 0.122413 0.000440585 0.0419969 9.9982E-05 0.621343
0.277361 9.9982E-05 0.0377916 0.092405 0.00204968 0.0204377 9.9982E-05 0.569755
0.152786 0.0808465 9.9991E-05 0.027495 0.0959984 0.0798172 0.000348069 0.562609
0.121104 0.058677 0.0402831 0.0304928 0.1195 0.0679837 0.0355678 0.526391
0.288146 0.0317737 9.9973E-05 0.0611374 0.0166929 9.9973E-05 9.9973E-05 0.60195
0.119365 9.9973E-05 0.0687683 9.9973E-05 0.0638959 0.119926 9.9973E-05 0.627745
0.233472 0.0283745 0.00509182 9.9982E-05 0.058358 0.0439999 9.9982E-05 0.630504
0.194279 9.9982E-05 0.027021 9.9982E-05 0.113849 0.174234 0.064516 0.425901
0.145833 0.0368637 9.9991E-05 0.0570713 0.0225083 0.103089 0.0148123 0.619723
0.0710468 0.0186675 9.9991E-05 0.0557639 0.0209134 0.165057 0.0177276 0.650724
0.435601 0.090858 0.0116006 0.226563 0.0252515 9.9982E-05 9.9982E-05 0.209926
0.260581 0.00286526 9.9982E-05 0.142521 0.189171 0.180209 9.9982E-05 0.224453
0.243949 0.0617271 9.9991E-05 0.0737539 0.0224634 0.0550169 0.0324731 0.510517
0.299506 0.0314316 9.9982E-05 0.109453 0.415034 0.053752 9.9982E-05 0.0906231
0.436249 9.9982E-05 0.0149957 0.104501 0.115693 9.9982E-05 0.0308651 0.297496
0.266429 9.9973E-05 9.9973E-05 0.146534 0.140762 9.9973E-05 0.0383898 0.407586
0.396132 9.9964E-05 0.068056 0.241111 9.9964E-05 9.9964E-05 9.9964E-05 0.294301
0.409044 0.0224299 9.9973E-05 0.158841 0.0842879 9.9973E-05 9.9973E-05 0.325097
0.0928794 9.9982E-05 0.0458712 9.9982E-05 0.127165 0.00533375 0.0206765 0.707874
0.152142 0.178491 9.9991E-05 0.0339678 0.0968818 0.039281 0.038303 0.460834
0.116633 0.0459599 0.0638851 0.209853 0.0186555 9.9991E-05 0.0644177 0.480496
0.388994 0.0481053 9.9982E-05 0.0997367 0.190085 0.171659 9.9982E-05 0.10122
0.0567489 9.9991E-05 0.0668953 0.0844753 0.114464 0.0691396 0.107659 0.500518
0.0602532 0.0508367 0.00448092 0.0577327 0.225678 0.115061 9.9991E-05 0.485857
0.120821 9.9982E-05 0.0269998 0.118295 0.446342 0.258947 0.0283954 9.9982E-05
9.9973E-05 0.0712504 9.9973E-05 0.113504 0.225918 9.9973E-05 0.0725051 0.516523
0.0122759 9.9982E-05 9.9982E-05 0.197709 0.148851 0.210751 0.0302143 0.399999
0.0827915 0.0253321 9.9991E-05 0.134055 0.139845 0.058407 0.0671691 0.4923
0.110438 9.9982E-05 0.059219 0.14757 0.190695 0.286652 9.9982E-05 0.205226
0.0696253 9.9991E-05 0.0297373 0.0633899 0.463454 0.0663651 0.0694262 0.237902
0.205079 9.9982E-05 9.9982E-05 0.0120792 0.293947 0.0761324 0.0279363 0.384626
0.0743489 0.0820124 0.0275768 0.0647951 0.194364 0.0399532 0.0609129 0.456037
0.0671991 0.128051 0.0105894 0.239416 0.0990766 0.0736148 0.0505071 0.331547
0.0834312 0.109436 9.9991E-05 0.178563 0.357976 0.226436 0.00709679 0.0369618
0.104327 0.0851395 0.00609394 9.9982E-05 0.177551 9.9982E-05 0.0801871 0.546501
0.120067 9.9973E-05 9.9973E-05 0.192655 0.283952 0.0393067 9.9973E-05 0.363719
0.0310856 9.9973E-05 9.9973E-05 0.243059 0.226808 0.0381896 9.9973E-05 0.460558
0.0545579 0.0572473 0.0370274 0.0640417 0.0437939 0.161426 0.0190831 0.562822
0.0190287 0.176338 0.0683586 9.9991E-05 0.0659012 0.237007 0.240287 0.19298
9.9973E-05 0.0802331 0.00934534 9.9973E-05 0.105527 0.417659 0.386936 9.9973E-05
9.9973E-05 0.0749461 0.0547733 9.9973E-05 0.137733 0.488449 0.2438 9.9973E-05
0.0429663 0.253397 9.9973E-05 9.9973E-05 9.9973E-05 0.358561 0.224543 0.120233
9.9955E-05 9.9955E-05 9.9955E-05 0.0478092 0.322701 9.9955E-05 9.9955E-05 0.62899
0.0999373 0.0741561 0.0373541 0.0681468 0.199729 9.9991E-05 0.00509358 0.515483
9.9946E-05 0.706134 9.9946E-05 9.9946E-05 9.9946E-05 9.9946E-05 9.9946E-05 0.293267
0.054104 0.487665 0.032005 0.13473 9.9982E-05 9.9982E-05 0.05976 0.231537
0.0613342 0.480522 9.9982E-05 0.14438 0.0567796 9.9982E-05 0.0598286 0.196956
9.9991E-05 0.0157512 0.0185671 0.0220312 0.607546 0.010027 0.0436345 0.282343
0.10197 9.9982E-05 9.9982E-05 0.0697731 0.133918 0.11972 0.0345808 0.539838
9.9964E-05 9.9964E-05 9.9964E-05 0.0583715 0.62587 0.108858 9.9964E-05 0.2065
9.9964E-05 0.0212617 9.9964E-05 9.9964E-05 0.36808 0.0495047 9.9964E-05 0.560754
0.0596306 0.0699702 9.9982E-05 0.122809 0.398591 9.9982E-05 0.0316841 0.317115
9.9973E-05 0.0819592 9.9973E-05 0.0278355 0.337468 9.9973E-05 0.0629845 0.489453
0.0868624 9.9973E-05 9.9973E-05 0.110288 0.515579 0.12218 9.9973E-05 0.164791
9.9973E-05 0.00711679 9.9973E-05 0.140443 0.101512 9.9973E-05 0.0543506 0.696278
9.9973E-05 0.120466 9.9973E-05 9.9973E-05 0.214596 0.0897606 0.0600479 0.51483
9.9946E-05 0.948506 9.9946E-05 0.0508938 9.9946E-05 9.9946E-05 9.9946E-05 9.9946E-05
0.0013117 0.912808 9.9964E-05 9.9964E-05 0.0532384 9.9964E-05 9.9964E-05 0.0322417
9.9964E-05 0.520562 0.0701956 0.132745 9.9964E-05 9.9964E-05 9.9964E-05 0.276097
0.0283527 0.588371 0.0295635 9.9973E-05 9.9973E-05 0.0306337 9.9973E-05 0.32278
9.9973E-05 0.776907 0.0365515 0.0436857 9.9973E-05 9.9973E-05 0.0184283 0.124128
9.9955E-05 0.945591 0.00542388 9.9955E-05 9.9955E-05 0.0484858 9.9955E-05 9.9955E-05
0.0412155 0.933477 0.0248079 9.9955E-05 9.9955E-05 9.9955E-05 9.9955E-05 9.9955E-05
9.9946E-05 0.884544 9.9946E-05 9.9946E-05 9.9946E-05 9.9946E-05 9.9946E-05 0.114857
0.0325175 0.943636 0.0203581 0.00308842 9.9964E-05 9.9964E-05 9.9964E-05 9.9964E-05
9.9946E-05 0.98842 9.9946E-05 9.9946E-05 9.9946E-05 0.0109803 9.9946E-05 9.9946E-05
9.9946E-05 0.95971 0.0396902 9.9946E-05 9.9946E-05 9.9946E-05 9.9946E-05 9.9946E-05
9.9955E-05 0.75247 0.101805 9.9955E-05 9.9955E-05 9.9955E-05 9.9955E-05 0.145225
9.9973E-05 0.744842 0.000752986 9.9973E-05 9.9973E-05 0.0680015 0.0424808 0.143623
9.9955E-05 0.957287 0.0173394 0.0248735 9.9955E-05 9.9955E-05 9.9955E-05 9.9955E-05
0.0823101 0.334779 9.9973E-05 0.0814533 9.9973E-05 9.9973E-05 0.111356 0.389802
0.0969989 0.686538 0.0296221 0.0159534 9.9982E-05 9.9982E-05 0.0155158 0.155172
9.9964E-05 0.725196 0.0418213 9.9964E-05 9.9964E-05 0.0686093 9.9964E-05 0.163974
9.9964E-05 0.897139 0.00310644 9.9964E-05 9.9964E-05 9.9964E-05 0.0411191 0.0582358
9.9955E-05 0.98247 9.9955E-05 0.00974247 9.9955E-05 0.00728732 9.9955E-05 9.9955E-05
9.9964E-05 0.865363 9.9964E-05 9.9964E-05 9.9964E-05 0.0521215 0.0317769 0.0503384
9.994E-05 0.9993 9.994E-05 9.994E-05 9.994E-05 9.994E-05 9.994E-05 9.994E-05
0.0563748 0.621025 9.9973E-05 9.9973E-05 0.0577938 9.9973E-05 0.0671373 0.19737
0.00138213 0.886244 0.00430126 0.091852 0.0144042 9.9982E-05 9.9982E-05 0.0016162
9.9964E-05 0.0194542 9.9964E-05 9.9964E-05 0.443051 0.258857 0.278238 9.9964E-05
0.0536638 0.0524868 0.0407049 0.0111795 0.21088 0.10646 0.125941 0.398685
0.0117638 0.0800079 9.9991E-05 0.0750671 0.222207 0.056775 0.229112 0.324968
0.00623018 0.117156 0.0276806 0.0115919 0.335382 0.253103 0.126481 0.122376
0.0212158 0.0961758 0.0530671 0.0124241 0.223403 0.146329 0.0657702 0.381615
9.9991E-05 0.0804041 0.0299382 0.0669716 0.237045 0.304166 0.0891362 0.192238
0.0228503 0.00444035 0.0368487 0.0616 0.160797 0.0255269 0.23939 0.448546
9.9973E-05 0.212542 9.9973E-05 9.9973E-05 0.299735 0.0563416 0.162966 0.268115
9.9991E-05 0.118551 0.117046 0.0350992 0.160802 0.1309 0.020643 0.416858
9.9982E-05 0.149383 0.0524294 9.9982E-05 0.281472 0.123853 0.075348 0.317315
9.9973E-05 0.0546717 9.9973E-05 9.9973E-05 0.181325 0.101636 0.144949 0.517119
0.0619872 9.9964E-05 9.9964E-05 9.9964E-05 0.0663499 9.9964E-05 0.821215 0.0500479
9.9964E-05 0.0404358 0.0690811 9.9964E-05 9.9964E-05 0.0725397 0.817544 9.9964E-05
9.9964E-05 9.9964E-05 0.0390486 0.0110865 9.9964E-05 0.0812364 0.868229 9.9964E-05
0.0478861 9.9973E-05 0.0173289 9.9973E-05 9.9973E-05 0.0197663 0.893392 0.0213264
0.0800207 9.9973E-05 0.129192 9.9973E-05 9.9973E-05 0.0601212 0.721512 0.0088546
9.9964E-05 0.0692155 0.0280374 9.9964E-05 9.9964E-05 0.103816 0.798531 9.9964E-05
0.00387544 0.0895347 0.0833101 9.9973E-05 9.9973E-05 0.0285686 0.794411 9.9973E-05
9.9982E-05 9.9982E-05 0.0283185 0.00327022 0.0575592 0.0775219 0.826677 0.00645328
9.9964E-05 9.9964E-05 0.0394338 9.9964E-05 9.9964E-05 0.114996 0.798959 0.0462111
9.9973E-05 0.0734129 0.0137875 9.9973E-05 9.9973E-05 0.129463 0.760819 0.0222172
0.187524 9.9973E-05 0.0421701 0.0896184 0.115322 9.9973E-05 0.565065 9.9973E-05
0.317133 9.9973E-05 0.00512955 0.068361 9.9973E-05 0.0822408 0.526835 9.9973E-05
0.276663 9.9982E-05 0.0422139 0.0415259 0.106548 0.0369137 0.495935 9.9982E-05
0.267167 9.9964E-05 9.9964E-05 0.0994909 0.118394 9.9964E-05 0.514548 9.9964E-05
0.135513 9.9982E-05 0.0262551 0.240954 0.020358 9.9982E-05 0.0701325 0.506587
0.106476 0.00874297 9.9982E-05 0.287654 0.0454874 9.9982E-05 0.0495515 0.501888
0.163958 0.0523633 9.9973E-05 0.222576 0.0791187 9.9973E-05 9.9973E-05 0.481684
0.276666 9.9973E-05 0.0426636 0.189312 9.9973E-05 0.0702036 9.9973E-05 0.420854
0.567799 9.9964E-05 9.9964E-05 0.110452 0.123142 9.9964E-05 9.9964E-05 0.198207
0.0614452 0.107319 9.9982E-05 0.151462 0.131466 9.9982E-05 0.0585911 0.489517
9.99742E-05 9.99742E-05 0.00986531 0.298337 0.123403 9.99742E-05 0.000893675 0.567201
0.0934002 0.0223264 9.9973E-05 0.305134 9.9973E-05 0.0949173 9.9973E-05 0.483923
9.9955E-05 0.10212 9.9955E-05 0.620808 9.9955E-05 9.9955E-05 9.9955E-05 0.276573
0.0776399 9.9964E-05 9.9964E-05 0.265971 9.9964E-05 9.9964E-05 0.0454506 0.610538
0.164027 9.9964E-05 9.9964E-05 0.399203 0.0137615 9.9964E-05 9.9964E-05 0.422609
0.064876 9.9973E-05 0.0212845 0.666798 0.244831 0.00191017 9.9973E-05 9.9973E-05
0.117903 9.9973E-05 9.9973E-05 0.230683 9.9973E-05 0.121093 0.00842639 0.521595
0.0263913 0.00676088 9.9982E-05 0.504395 0.150082 0.10238 9.9982E-05 0.209792
0.0336217 9.9973E-05 0.0235243 0.414839 0.0149312 9.9973E-05 9.9973E-05 0.512784
0.187264 0.0107708 9.9973E-05 0.67585 9.9973E-05 9.9973E-05 0.0529034 0.0729127
0.734595 9.9982E-05 0.0144918 9.9982E-05 0.0707033 0.0156723 0.154988 0.00934979
0.648287 9.9964E-05 9.9964E-05 9.9964E-05 0.150713 9.9964E-05 0.132939 0.0676613
0.803255 9.9964E-05 9.9964E-05 9.9964E-05 0.114236 9.9964E-05 0.0811843 0.000924359
0.716162 9.9955E-05 9.9955E-05 9.9955E-05 0.147235 9.9955E-05 0.136104 9.9955E-05
0.828092 0.0164235 0.0205898 9.9973E-05 0.0884174 9.9973E-05 9.9973E-05 0.0461773
0.747961 0.0709946 9.9973E-05 9.9973E-05 0.0497861 9.9973E-05 0.0644994 0.0664585
9.9964E-05 0.0772326 0.0505805 9.9964E-05 9.9964E-05 9.9964E-05 0.795154 0.076633
0.0412989 0.0464134 0.00143478 9.9982E-05 9.9982E-05 0.0181511 0.805307 0.0871953
9.9964E-05 0.110352 0.0729957 9.9964E-05 9.9964E-05 9.9964E-05 0.722134 0.0941189
0.0668854 0.105977 0.0205761 9.9982E-05 9.9982E-05 0.0420478 0.743172 0.0211417
0.0270886 0.130214 0.0167538 9.9973E-05 9.9973E-05 9.9973E-05 0.789948 0.0356952
0.514934 9.9973E-05 0.0247417 0.0467989 9.9973E-05 0.0253608 0.387865 9.9973E-05
0.34071 9.9973E-05 0.0167217 0.125344 0.0301776 9.9973E-05 0.486747 9.9973E-05
0.407728 0.00187574 0.0400513 0.126924 0.00505375 9.9982E-05 0.418167 9.9982E-05
9.994E-05 9.994E-05 0.9993 9.994E-05 9.994E-05 9.994E-05 9.994E-05 9.994E-05
0.446012 0.000478825 0.00355424 0.136403 0.0116386 0.0215378 0.380275 9.9991E-05
9.9982E-05 0.361718 0.000244891 0.0325383 9.9982E-05 0.289368 0.094673 0.221257
0.0312093 0.318093 0.0464804 9.9991E-05 0.0038006 0.0398229 0.0661135 0.49438
9.9973E-05 0.232938 0.0129546 9.9973E-05 9.9973E-05 0.00362293 0.164392 0.585793
0.0032731 0.159425 0.0160374 0.0412157 0.102693 0.108729 0.171971 0.396656
0.0784261 0.249986 0.0030875 0.0386975 0.0702939 9.9991E-05 0.146437 0.412972
9.9964E-05 0.241449 9.9964E-05 9.9964E-05 0.0315954 0.39961 0.326945 9.9964E-05
0.395648 9.9964E-05 9.9964E-05 0.033828 0.110666 9.9964E-05 9.9964E-05 0.459458
0.223189 9.9964E-05 9.9964E-05 9.9964E-05 0.273516 0.11139 9.9964E-05 0.391505
0.497405 9.9982E-05 0.0702632 0.0519458 9.9982E-05 0.0351212 0.0499571 0.295107
0.124405 9.9973E-05 9.9973E-05 0.130642 0.211922 0.0644923 9.9973E-05 0.468239
0.224814 9.9964E-05 9.9964E-05 0.210006 0.417402 0.147378 9.9964E-05 9.9964E-05
0.103682 9.9991E-05 0.0256338 0.104109 0.0889533 0.0448472 0.08218 0.550495
0.235023 9.9991E-05 0.00163082 0.0975729 0.128315 0.0636654 0.0114806 0.462213
0.362656 9.9991E-05 0.0337259 0.0873796 0.114842 0.0386213 0.0157732 0.346902
0.157528 0.0137839 0.0269706 0.0612247 0.12186 0.0366488 0.011385 0.5706
0.250651 9.9973E-05 9.9973E-05 0.226615 0.2415 0.203412 9.9973E-05 0.0775217
0.151013 0.0642806 0.00443857 0.078567 0.208479 9.9991E-05 0.0166857 0.476437
0.312995 0.034572 0.0182997 0.0834037 0.0239997 0.0196558 9.9991E-05 0.506974
0.0951579 0.253981 9.9991E-05 0.169865 0.0385666 0.119749 0.0283895 0.294192
0.265369 9.9973E-05 9.9973E-05 0.00936944 0.24178 0.077339 9.9973E-05 0.405842
0.227698 9.9991E-05 0.00991816 0.160689 0.0955082 0.0374113 0.0464349 0.42224
0.0430498 0.122699 9.9991E-05 0.137985 0.251832 0.0147705 0.00771981 0.421844
0.169427 9.9973E-05 9.9973E-05 0.177065 0.0816626 0.0817118 9.9973E-05 0.489834
0.049791 0.0990742 0.0445611 0.137188 0.0206129 9.9991E-05 0.00781632 0.640857
0.200563 0.104427 0.0266619 0.076634 9.9991E-05 0.095959 0.036858 0.458798
0.0985994 9.9991E-05 0.00303859 0.0823087 0.0806552 0.115371 0.0274987 0.592428
9.9964E-05 0.0579049 9.9964E-05 9.9964E-05 0.00688695 9.9964E-05 0.783897 0.150911
9.9973E-05 0.0732368 0.00548748 0.0417533 9.9973E-05 9.9973E-05 0.814886 0.064337
9.9964E-05 9.9964E-05 9.9964E-05 9.9964E-05 0.0314235 0.0629377 0.799639 0.1056
9.9973E-05 0.061274 0.0538816 0.0954923 0.00272998 9.9973E-05 0.786322 9.9973E-05
9.9964E-05 0.0168945 0.0666266 9.9964E-05 9.9964E-05 9.9964E-05 0.781142 0.134937
0.591844 9.9964E-05 9.9964E-05 0.0993194 9.9964E-05 0.158315 9.9964E-05 0.150122
0.169969 0.0326097 0.0057709 0.0647916 0.0860018 0.111162 0.0282889 0.501406
9.9973E-05 0.106941 9.9973E-05 9.9973E-05 0.124918 0.0211023 0.257968 0.48877
0.127689 0.0657084 0.0326206 9.9982E-05 0.0903202 0.0477923 9.9982E-05 0.635669
0.176208 9.9973E-05 9.9973E-05 0.155658 9.9973E-05 0.0504709 0.0625649 0.554798
0.313689 9.9973E-05 0.0117241 9.9973E-05 0.192795 0.135008 9.9973E-05 0.346484
0.564061 9.9982E-05 0.0660086 0.196239 0.0105803 0.136276 0.0266353 9.9982E-05
0.359178 0.0171732 0.000396808 0.0298661 9.9991E-05 0.00377913 0.0222275 0.567279
0.509033 0.0620146 0.0103991 0.0656988 0.156277 9.9991E-05 0.0605049 0.135972
0.199659 0.0948325 0.0227396 0.163663 0.124832 0.0802309 9.9991E-05 0.313943
0.492308 9.9991E-05 0.0241936 0.115786 0.0362564 0.116697 0.0850978 0.129561
0.17369 0.0648568 9.9982E-05 0.00681743 9.9982E-05 0.0236464 0.124549 0.606241
0.560373 9.9991E-05 0.0261727 0.0813884 0.0143153 0.0242605 0.0690047 0.224386
0.309673 0.0245277 0.0323722 0.0513595 0.217591 0.0321838 9.9991E-05 0.332193
0.128052 9.9982E-05 0.00817995 0.12946 0.111542 0.107661 9.9982E-05 0.514904
0.0913519 9.9973E-05 9.9973E-05 9.9973E-05 0.547606 0.0174658 0.0150368 0.328239
0.0457611 9.9973E-05 9.9973E-05 0.00671543 0.357366 9.9973E-05 0.0973268 0.492531
0.0219974 9.9991E-05 0.0340506 0.0085497 0.227131 0.032285 0.0778222 0.598064
0.0694404 9.9982E-05 9.9982E-05 0.0403267 0.483429 0.0635818 0.00196878 0.341054
0.0807237 0.108082 0.026758 0.203896 0.123124 9.9991E-05 0.058305 0.399012
0.0151909 9.9991E-05 0.0106318 0.103081 0.239234 0.103314 0.0337038 0.494745
0.0369028 9.9973E-05 0.0099309 0.0357783 0.806861 9.9973E-05 9.9973E-05 0.110227
9.9964E-05 9.9964E-05 9.9964E-05 0.0132686 0.601849 0.151109 9.9964E-05 0.233373
9.9964E-05 9.9964E-05 0.0195293 9.9964E-05 0.437397 9.9964E-05 0.0591587 0.483515
0.0968297 9.9973E-05 9.9973E-05 0.1448 0.50284 0.0821371 9.9973E-05 0.173093
0.0980807 9.9982E-05 9.9982E-05 0.0957309 0.295497 0.0496512 0.0013835 0.459456
0.575165 0.0642735 9.9973E-05 0.176791 9.9973E-05 0.0982755 9.9973E-05 0.0851949
0.388625 9.9973E-05 9.9973E-05 0.0689039 0.27942 0.0163537 9.9973E-05 0.246398
0.419847 0.0385689 9.9982E-05 0.0661107 9.9982E-05 0.0363125 0.0275277 0.411433
0.106422 0.0756359 0.0306641 0.0809895 0.0495776 0.0529357 9.9991E-05 0.603675
0.487083 0.00109906 0.00173216 0.231029 9.9973E-05 9.9973E-05 9.9973E-05 0.278756
0.235111 0.146232 0.00407396 0.0545531 0.141438 0.0179819 0.0568265 0.343782
0.158635 0.0597209 0.0193525 0.0967765 9.9982E-05 0.0881279 9.9982E-05 0.577187
0.219926 0.0287921 0.0563911 0.112744 9.9982E-05 0.0425826 9.9982E-05 0.539365
0.331739 0.162483 0.00922172 0.0602502 0.0591929 0.0121222 9.9991E-05 0.364891
0.340612 0.0653061 0.0588489 0.111502 9.9982E-05 9.9982E-05 0.0329694 0.390561
0.463933 0.0536496 0.0225823 0.237939 9.9973E-05 9.9973E-05 9.9973E-05 0.221596
0.487891 0.0799103 9.9982E-05 0.017551 0.0234508 0.0148875 9.9982E-05 0.376109
0.296935 0.0555642 9.9982E-05 0.0675832 0.0363216 0.0422878 9.9982E-05 0.501108
0.143332 9.9973E-05 0.0796698 9.9973E-05 0.0411961 0.102111 9.9973E-05 0.633391
0.315976 9.9991E-05 0.0270408 0.038367 0.0596106 0.0710503 0.00783733 0.480018
0.196248 0.0260736 9.9982E-05 0.0989133 0.0697775 0.0586238 9.9982E-05 0.550164
0.43269 9.9973E-05 0.0296521 9.9973E-05 9.9973E-05 0.057655 0.0500839 0.429619
0.2042 0.0984609 9.9973E-05 0.121725 9.9973E-05 0.00137284 9.9973E-05 0.573941
0.253907 0.0899343 9.9982E-05 0.0116129 0.0701044 9.9982E-05 0.0774449 0.496797
0.0802909 0.0577519 0.0839042 0.0180633 0.229717 9.9991E-05 0.0394109 0.490762
9.9982E-05 0.12393 0.00516525 0.101108 9.9982E-05 0.141449 0.287199 0.340949
9.9991E-05 0.145837 0.0233672 0.0326416 0.0644673 0.17158 0.0601047 0.501902
0.0310264 0.0570021 0.00322951 0.0470442 0.0295252 0.20499 0.0537951 0.573388
0.124603 0.120998 0.0467219 9.9991E-05 0.109643 0.0383652 0.0111308 0.548438
0.00801409 0.199887 0.00539256 0.109081 0.0289672 0.153026 0.119052 0.37658
0.185805 0.0556299 0.0195356 0.0606506 0.306643 9.9982E-05 9.9982E-05 0.371536
0.0446073 0.108804 9.9982E-05 0.181821 9.9982E-05 0.0378827 0.170492 0.456192
9.9982E-05 0.0581289 9.9982E-05 0.174621 0.163628 0.465834 0.0941469 0.0434403
0.110419 0.220652 0.0177002 9.9991E-05 0.0747181 0.151661 0.00421738 0.420532
0.0192524 0.116318 0.0822479 0.0648563 0.0946753 9.9991E-05 0.13497 0.48758
0.0725217 0.256271 0.0266688 0.127326 0.0698605 0.0913669 9.9991E-05 0.355885
0.089413 0.0830749 0.0360833 0.187307 9.9991E-05 0.29676 0.0222628 0.284999
0.0462649 0.130943 0.0288049 0.0155248 9.9991E-05 0.107362 0.139502 0.531499
9.9982E-05 0.139974 0.0551616 9.9982E-05 0.0902043 0.0833359 0.0458491 0.585276
9.9973E-05 0.105762 0.0392309 9.9973E-05 0.0535534 0.555972 0.245182 9.9973E-05
0.0553708 0.154801 0.0879064 0.024693 9.9991E-05 0.0751808 0.143322 0.458626
9.9982E-05 0.124142 0.0278731 0.0971273 9.9982E-05 0.111671 0.157431 0.481556
9.9982E-05 0.0622758 0.0233554 0.114661 9.9982E-05 0.136455 0.0749339 0.588118
9.9973E-05 0.0774262 0.0227381 9.9973E-05 9.9973E-05 0.238357 0.0854127 0.575766
0.0649024 0.100316 0.052187 0.0572532 9.9991E-05 0.141632 0.118469 0.465141
0.0817818 0.107888 0.0226322 0.109835 0.254416 0.00181278 0.0494616 0.372173
0.106453 0.0814359 0.0198761 0.0463408 0.146799 0.0459365 0.0338977 0.51926
0.0829927 0.0343439 9.9964E-05 0.130807 0.751457 9.9964E-05 9.9964E-05 9.9964E-05
0.0823476 9.9973E-05 9.9973E-05 0.0770584 0.814004 9.9973E-05 0.00287454 0.0234157
9.9982E-05 0.0524161 0.012086 0.104455 0.223188 9.9982E-05 0.0689048 0.538751
9.9973E-05 0.229465 9.9973E-05 9.9973E-05 0.0523816 0.199766 0.0488753 0.469212
9.9982E-05 0.345239 9.9982E-05 0.0699579 0.0619259 0.234828 0.011455 0.276394
9.9982E-05 0.271934 9.9982E-05 0.0525531 0.106633 0.253528 0.105676 0.209476
0.00502117 0.173006 0.0516225 0.0187772 0.0793229 0.177799 0.0824917 0.41196
9.99826E-05 0.0132131 0.00235606 9.99826E-05 0.513902 0.272445 0.0488044 0.14908
9.9982E-05 0.0833115 0.0843895 0.00432496 0.446811 0.237919 9.9982E-05 0.143044
0.00214937 0.0978531 0.0281277 0.108496 0.206828 0.0411957 9.9991E-05 0.515251
9.9973E-05 0.151961 9.9973E-05 0.140861 0.319068 9.9973E-05 0.0109926 0.376817
0.0166412 0.0422009 0.068883 9.9982E-05 0.524621 0.106082 9.9982E-05 0.241372
0.153614 0.11935 0.0217224 9.9982E-05 0.14827 0.0681831 9.9982E-05 0.48866
9.9982E-05 0.0835952 9.9982E-05 0.0430382 0.21125 0.120375 0.0249395 0.516602
0.0222101 0.126493 0.0562743 0.106519 0.202999 9.9991E-05 0.0905359 0.394869
0.148968 9.9955E-05 9.9955E-05 9.9955E-05 0.551555 9.9955E-05 9.9955E-05 0.298977
0.0691747 0.118637 0.015657 0.139374 0.404976 0.0177841 9.9991E-05 0.234298
0.0572081 0.0617243 0.00119819 0.00856371 0.365209 9.9982E-05 9.9982E-05 0.505896
0.119248 0.0699622 0.00141484 0.0338747 0.334933 0.0350488 0.0701162 0.335402
0.0262623 0.0811788 9.9991E-05 0.153778 0.231307 0.0857029 0.070101 0.35157
9.9955E-05 9.9955E-05 9.9955E-05 9.9955E-05 0.393111 0.0683566 9.9955E-05 0.538033
0.0449591 0.0141323 9.9964E-05 9.9964E-05 0.700997 9.9964E-05 9.9964E-05 0.239512
9.9973E-05 0.0940148 9.9973E-05 0.119495 0.26206 9.9973E-05 0.0219363 0.502195
0.0899814 0.0056335 9.9964E-05 9.9964E-05 0.618034 9.9964E-05 9.9964E-05 0.285951
0.00835826 0.000884044 0.0203587 9.9973E-05 0.559061 9.9973E-05 9.9973E-05 0.411038
0.0577108 0.036141 0.0456013 0.145367 0.137293 9.9991E-05 0.0555026 0.522284
0.107539 0.062616 0.0605477 0.149882 0.258176 9.9982E-05 9.9982E-05 0.36104
0.0192635 0.254183 0.0374412 9.9982E-05 0.248239 9.9982E-05 0.0826124 0.358061
0.140885 0.183721 0.0202864 0.110564 0.0692728 0.073825 0.0681708 0.333276
0.0282921 0.153599 0.0377088 0.0537104 0.0799332 0.147469 0.148285 0.351002
0.095089 0.180894 0.0566112 9.9991E-05 0.125412 0.143401 0.0618638 0.336629
0.0702628 0.115073 9.9991E-05 0.0924461 0.0284263 0.00992213 0.222129 0.461641
0.07082 0.124083 0.0712976 9.9991E-05 0.158224 0.0882872 0.0942942 0.392895
9.9964E-05 0.158034 9.9964E-05 9.9964E-05 0.540004 0.179032 0.122531 9.9964E-05
0.0267027 0.160973 0.0195984 9.9991E-05 0.0874456 0.0682891 0.0749661 0.561925
9.9973E-05 0.0960325 0.0235837 9.9973E-05 0.406826 0.203777 0.269482 9.9973E-05
9.9964E-05 0.213755 9.9964E-05 9.9964E-05 0.249895 9.9964E-05 0.0677917 0.468159
9.9955E-05 9.9955E-05 9.9955E-05 0.217234 0.679537 9.9955E-05 9.9955E-05 0.102729
9.9955E-05 9.9955E-05 0.0186271 0.150989 0.829884 9.9955E-05 9.9955E-05 9.9955E-05
9.9964E-05 0.0277145 9.9964E-05 0.0476632 0.453231 9.9964E-05 9.9964E-05 0.470991
0.0321733 0.0232697 0.0100803 0.0576969 0.303775 9.9982E-05 9.9982E-05 0.572805
9.9955E-05 9.9955E-05 9.9955E-05 0.106975 0.525851 9.9955E-05 9.9955E-05 0.366674
9.9973E-05 9.9973E-05 0.00232658 0.230951 0.292052 9.9973E-05 0.0250547 0.449316
9.9964E-05 9.9964E-05 0.0108574 0.107025 0.336692 9.9964E-05 9.9964E-05 0.545026
9.9982E-05 0.0684895 0.0743505 9.9982E-05 0.0614191 0.000914962 0.734603 0.0600227
0.135835 0.128036 0.037415 9.9982E-05 0.0323072 0.0148563 0.651351 9.9982E-05
0.0210017 0.0949091 0.00635284 9.9964E-05 9.9964E-05 9.9964E-05 0.877336 9.9964E-05
9.9973E-05 9.9973E-05 0.136089 9.9973E-05 0.00371744 0.0319326 0.760402 0.0675591
0.019918 0.00906064 0.037887 0.339337 9.9991E-05 0.0742837 0.000714061 0.5187
9.9973E-05 0.062336 9.9973E-05 0.390906 9.9973E-05 0.0252393 0.0791717 0.442047
9.9964E-05 9.9964E-05 0.0697582 0.430585 0.0103314 9.9964E-05 9.9964E-05 0.488925
9.9982E-05 0.0788492 0.0159797 0.218029 0.029357 9.9982E-05 0.0898791 0.567706
0.073992 0.0594156 0.0237167 0.125325 0.146474 9.9991E-05 0.100183 0.470794
0.135611 9.9982E-05 9.9982E-05 0.552597 0.020478 0.0499247 0.029267 0.211922
9.9964E-05 0.0480512 0.00275227 0.400046 9.9964E-05 9.9964E-05 9.9964E-05 0.548751
9.9964E-05 9.9964E-05 0.0322075 0.498237 0.195358 9.9964E-05 9.9964E-05 0.273797
0.0288634 0.111791 0.0241349 9.9982E-05 9.9982E-05 0.132492 0.21375 0.488768
9.9973E-05 0.0572599 9.9973E-05 0.391723 0.131724 0.0615783 9.9973E-05 0.357415
0.0920245 9.9964E-05 0.059732 0.554085 9.9964E-05 9.9964E-05 9.9964E-05 0.293759
9.9964E-05 0.0231313 0.0156062 0.433493 9.9964E-05 9.9964E-05 9.9964E-05 0.527369
0.0293468 0.00725092 0.0124 0.559845 9.9982E-05 9.9982E-05 0.0374849 0.353472
9.9982E-05 0.0489369 0.0246852 0.377096 0.045619 0.00115873 9.9982E-05 0.502304
9.9973E-05 0.0101036 0.0206454 0.351222 9.9973E-05 9.9973E-05 0.113428 0.504301
9.9955E-05 9.9955E-05 9.9955E-05 0.933063 0.0332602 9.9955E-05 9.9955E-05 0.0331773
9.9973E-05 0.0564125 9.9973E-05 0.610445 0.0654189 0.0840024 9.9973E-05 0.183422
0.0715172 0.0229863 0.00328341 0.624716 9.9982E-05 0.0242134 9.9982E-05 0.253084
9.9955E-05 9.9955E-05 9.9955E-05 0.817201 0.126284 0.0560159 9.9955E-05 9.9955E-05
0.0701264 9.9982E-05 0.0244685 0.338702 0.0479252 0.0774351 9.9982E-05 0.441143
9.9973E-05 9.9973E-05 0.0372314 0.597597 0.182477 0.0877853 9.9973E-05 0.0946092
9.9955E-05 9.9955E-05 9.9955E-05 0.717734 0.126569 0.155197 9.9955E-05 9.9955E-05
0.0152202 9.9982E-05 0.0211556 0.305352 0.025483 9.9982E-05 0.0216219 0.610967
0.120206 9.9973E-05 9.9973E-05 0.607394 9.9973E-05 0.0250147 0.0449647 0.202121
0.0846336 0.0303541 9.9973E-05 0.439427 9.9973E-05 9.9973E-05 0.01392 0.431365
9.9973E-05 0.100236 0.0117769 0.244329 9.9973E-05 9.9973E-05 0.0681184 0.57524
0.131708 9.9955E-05 9.9955E-05 0.379699 9.9955E-05 9.9955E-05 9.9955E-05 0.488094
0.268993 0.0435709 9.9973E-05 0.0420159 0.24991 9.9973E-05 9.9973E-05 0.39521
0.0689875 9.9964E-05 9.9964E-05 0.359603 0.0624162 9.9964E-05 9.9964E-05 0.508594
0.103212 0.00938904 0.0446687 0.414838 9.9982E-05 9.9982E-05 0.0154533 0.41224
0.0307453 9.9964E-05 9.9964E-05 0.646141 0.019503 9.9964E-05 9.9964E-05 0.303211
0.0224888 0.00285699 0.0805711 0.263416 0.110564 9.9991E-05 0.0582901 0.461713
0.250496 0.0259314 0.0512577 9.9973E-05 0.0895335 9.9973E-05 0.582482 9.9973E-05
0.0773083 0.00788078 0.104991 0.11223 9.9991E-05 0.0193275 0.646956 0.0312052
0.0745128 9.9973E-05 0.142025 9.9973E-05 0.0734805 0.0148773 0.694804 9.9973E-05
0.152802 9.9964E-05 0.0994239 9.9964E-05 9.9964E-05 0.0396685 0.707706 9.9964E-05
0.221238 9.9973E-05 0.0579051 9.9973E-05 0.00310123 9.9973E-05 0.697408 0.0200471
0.110826 9.9964E-05 9.9964E-05 0.679728 9.9964E-05 9.9964E-05 0.0718405 0.137205
0.105754 9.9982E-05 0.0414239 0.648355 0.0628208 9.9982E-05 0.0469643 0.0944824
9.9964E-05 0.0225409 9.9964E-05 0.774575 0.0884396 9.9964E-05 9.9964E-05 0.114044
0.0607986 0.0241393 9.9982E-05 0.115402 0.00854871 9.9982E-05 0.210448 0.580463
0.0652655 0.0260582 0.019114 0.162936 0.0385156 9.9991E-05 0.126277 0.561734
9.9982E-05 0.0555506 0.00273371 0.6602 0.0572711 0.0407218 9.9982E-05 0.183323
0.00883766 0.0838337 0.0140458 0.307465 0.0784347 9.9982E-05 9.9982E-05 0.507183
9.9982E-05 0.0869637 9.9982E-05 0.477417 0.0746594 0.00775923 0.0176178 0.335383
0.042808 0.00647119 0.0186337 0.386529 0.00940043 9.9991E-05 0.00267095 0.533387
9.9955E-05 9.9955E-05 9.9955E-05 0.288793 9.9955E-05 9.9955E-05 0.0765137 0.634193
0.0833686 0.0834202 9.9973E-05 0.61285 0.0372064 9.9973E-05 9.9973E-05 0.182855
0.0433129 9.9973E-05 0.047128 0.639198 9.9973E-05 9.9973E-05 0.0149495 0.255112
0.148187 9.9973E-05 0.00831844 0.531001 0.021237 9.9973E-05 9.9973E-05 0.290957
9.9973E-05 9.9973E-05 9.9973E-05 0.0391433 0.188228 0.0303162 0.140927 0.601086
0.073997 0.00502353 0.0350937 0.579472 9.9973E-05 9.9973E-05 9.9973E-05 0.306114
0.0645788 0.0376134 0.0224737 0.381184 0.0278016 9.9991E-05 0.0305789 0.43567
9.9982E-05 0.294383 0.0354451 9.9982E-05 0.0393241 0.126094 0.0207819 0.483772
9.9991E-05 0.379914 0.0676985 0.00734791 0.0791056 0.0226922 0.0179284 0.425213
9.9973E-05 0.417499 9.9973E-05 9.9973E-05 0.0205713 0.0782785 0.0709227 0.412428
9.9973E-05 0.392052 0.075766 9.9973E-05 9.9973E-05 0.208431 0.0241626 0.299288
0.0483453 0.193733 9.9982E-05 0.00569971 9.9982E-05 0.0620545 0.14021 0.549757
9.9964E-05 9.9964E-05 9.9964E-05 0.288333 0.124959 0.145268 9.9964E-05 0.441041
9.9973E-05 0.587472 0.00747589 9.9973E-05 9.9973E-05 0.185145 0.180453 0.0391552
9.9982E-05 0.417965 0.0276183 0.0565467 9.9982E-05 0.0227029 0.157466 0.317501
9.9982E-05 0.067014 9.9982E-05 0.214885 0.0398763 0.155678 0.132396 0.389951
0.0114097 9.9973E-05 0.0851737 9.9973E-05 0.207142 9.9973E-05 0.103401 0.592573
0.0359486 0.0497789 0.0288371 9.9991E-05 0.304108 0.0124012 0.128145 0.440682
0.03606 0.076558 9.9991E-05 0.0869957 0.111389 0.0150701 0.120278 0.55355
0.100674 0.000440534 0.0105052 0.0668165 0.133324 0.0599498 0.0593403 0.568949
9.9973E-05 0.430137 0.0763026 9.9973E-05 9.9973E-05 0.0765632 0.143805 0.272892
0.034825 0.350492 0.107543 0.0457997 9.9991E-05 0.0596724 0.0793256 0.322242
9.9964E-05 0.422234 9.9964E-05 9.9964E-05 9.9964E-05 0.066479 0.0640416 0.446846
0.0973269 0.318398 0.014436 0.157611 9.9982E-05 9.9982E-05 0.164877 0.247151
0.0224602 0.518352 9.9982E-05 0.0091902 9.9982E-05 0.179343 0.0235459 0.246908
0.110405 0.362283 0.0194097 0.0884374 9.9991E-05 0.0288603 0.0903678 0.300137
0.0377947 0.526931 0.0140729 9.9982E-05 9.9982E-05 0.100252 0.048663 0.272087
0.0940595 0.368433 9.9973E-05 9.9973E-05 9.9973E-05 0.160642 0.0340928 0.342473
0.0335451 9.9991E-05 0.0342207 0.0447319 0.225229 0.0984159 0.0215433 0.542215
0.0684556 0.398626 0.0516969 0.125231 9.9991E-05 0.0314734 0.148211 0.176206
9.9973E-05 0.497448 0.0267836 9.9973E-05 9.9973E-05 0.132652 0.121015 0.221801
0.134427 0.382767 0.0743859 0.0791661 0.00587407 0.0229326 0.00620389 0.294244
0.23863 0.0231016 0.0306844 0.0333797 0.31867 9.9991E-05 0.181441 0.173994
9.9973E-05 0.0469514 0.0717523 9.9973E-05 0.289653 0.0410866 9.9973E-05 0.550256
0.082231 0.197649 0.00548529 9.9991E-05 0.0151538 0.136878 0.163813 0.39869
0.126793 0.0297285 0.00454719 9.9991E-05 0.152784 0.0439612 0.0333907 0.608695
0.0615129 9.9991E-05 0.000372514 0.0480845 0.239245 0.0262458 0.129099 0.49534
9.9991E-05 0.188104 0.0462622 0.13872 0.0913822 0.0113165 0.130614 0.393501
9.9973E-05 0.238081 9.9973E-05 9.9973E-05 0.0498597 0.163372 0.170976 0.377411
0.119918 0.0936257 0.0119856 9.9991E-05 0.0674221 0.0774543 0.0438138 0.585681
0.0106663 0.361359 0.00919723 9.9982E-05 9.9982E-05 0.111075 0.113441 0.394061
9.9973E-05 0.394474 0.0114737 9.9973E-05 9.9973E-05 0.0554368 0.0483661 0.489949
9.9973E-05 0.582307 0.0244519 9.9973E-05 9.9973E-05 0.180791 0.120916 0.0912339
9.9973E-05 0.0366045 9.9973E-05 0.0817236 0.191014 9.9973E-05 0.133731 0.556627
0.0678046 9.9973E-05 0.0209925 9.9973E-05 0.295966 9.9973E-05 0.121411 0.493526
9.9982E-05 9.9982E-05 0.0236203 0.0089192 0.489683 0.213793 0.0657649 0.19802
0.00861993 9.9991E-05 0.0370188 0.0784394 0.121401 0.00637828 0.14016 0.607883
0.258517 0.0291556 0.000782401 0.00483035 0.098567 0.126576 0.0676863 0.413886
9.9991E-05 0.109097 0.0152339 0.0713662 0.0409918 0.178059 0.125223 0.459929
0.0613416 0.012251 0.0791769 0.0564906 0.0648308 0.194867 0.0178962 0.513146
9.9964E-05 0.0676736 9.9964E-05 0.0578773 9.9964E-05 0.858904 0.0151448 9.9964E-05
9.9946E-05 9.9946E-05 0.034816 9.9946E-05 9.9946E-05 0.964584 9.9946E-05 9.9946E-05
