0.0288976 9.9973E-05 0.906009 0.0584516 9.9973E-05 0.00634143 9.9973E-05
0.0125792 9.9973E-05 0.946764 0.0147693 0.0255873 9.9973E-05 9.9973E-05
0.0369841 9.9982E-05 0.818996 0.0546539 9.9982E-05 0.0839735 0.00519213
0.0616452 9.9982E-05 0.79714 0.0777192 0.0575883 0.00570748 9.9982E-05
0.0591337 9.9973E-05 0.852675 9.9973E-05 0.0481774 0.0397139 9.9973E-05
0.0787412 0.213276 0.56236 0.0825415 9.9991E-05 0.0500907 0.0128902
0.00596552 0.136504 0.808089 0.0491413 9.9973E-05 9.9973E-05 9.9973E-05
0.0453272 0.145475 0.704026 0.104873 9.9973E-05 9.9973E-05 9.9973E-05
9.99729E-05 0.0665602 0.816913 0.0985532 9.99729E-05 9.99729E-05 0.0176734
0.0500011 0.073087 0.721746 0.0175197 0.0699465 0.0675995 9.9991E-05
9.9973E-05 0.185846 0.711463 0.0857222 9.9973E-05 0.0166683 9.9973E-05
0.0847313 0.0941531 9.9982E-05 0.420269 9.9982E-05 0.242545 0.158102
0.0765156 0.00945918 0.0299167 0.283676 9.9991E-05 0.541597 0.0587357
0.0384123 9.9991E-05 0.0719065 0.424763 0.0861668 0.283381 0.0952703
0.117582 0.0524368 0.0631368 0.278677 0.0640099 0.316324 0.107834
0.0830571 0.071753 0.171349 0.123378 0.119653 0.354105 0.0767038
0.0460096 0.0398175 0.0778821 0.127811 0.033616 0.598971 0.0758935
0.0858529 0.0469829 9.9982E-05 0.174237 9.9982E-05 0.509563 0.183165
0.0730651 9.9982E-05 0.111612 0.287823 9.9982E-05 0.334368 0.192931
0.120009 0.105691 9.9982E-05 0.583869 9.9982E-05 0.00187297 0.188357
0.0633366 0.0740739 9.9991E-05 0.213528 0.00393821 0.390867 0.254156
0.0748296 0.217702 0.0171914 0.150489 0.0789642 0.383916 0.0769078
0.102724 0.00503473 0.017699 0.225204 9.9991E-05 0.457063 0.192175
0.0674026 0.194619 9.9982E-05 0.313534 9.9982E-05 0.307959 0.116286
0.00267867 0.0470375 0.155648 9.9982E-05 0.0835808 0.710855 9.9982E-05
0.0990475 0.0630951 0.0477208 0.250381 9.9982E-05 0.539555 9.9982E-05
0.109348 0.0720605 0.0449702 0.451722 9.9991E-05 0.131476 0.190324
0.189051 0.0545977 9.9982E-05 0.377415 9.9982E-05 0.190204 0.188532
0.000548409 0.125771 0.0316674 0.381604 0.0372111 0.295152 0.128046
0.042445 9.9964E-05 0.834458 9.9964E-05 9.9964E-05 0.122697 9.9964E-05
9.9955E-05 9.9955E-05 0.845703 9.9955E-05 9.9955E-05 0.153797 9.9955E-05
0.00902382 9.9973E-05 0.816529 9.9973E-05 9.9973E-05 0.148473 0.0256745
0.0625187 9.9973E-05 0.767902 9.9973E-05 9.9973E-05 0.114429 0.0548506
9.999E-05 0.0197386 0.0535839 0.103191 0.0106212 0.57211 0.240656
0.0235763 0.0585245 0.059009 0.0817488 9.9991E-05 0.494337 0.282704
0.00692201 9.9973E-05 9.9973E-05 9.9973E-05 0.0786748 0.558985 0.355118
0.0104321 9.9991E-05 0.0890703 0.540281 0.0928054 0.140843 0.126467
0.0313898 9.9982E-05 0.0542067 9.9982E-05 0.0268359 0.278702 0.608665
9.9982E-05 9.9982E-05 0.0930542 0.0941092 0.0988095 0.417037 0.29679
0.04357 0.041161 0.0892695 0.0265794 9.9991E-05 0.582665 0.216656
9.9982E-05 0.0866576 0.102263 0.0771483 9.9982E-05 0.605895 0.127836
9.9982E-05 0.0885376 0.0886107 0.100575 9.9982E-05 0.697621 0.0244562
9.9973E-05 9.9973E-05 0.0934578 0.0624368 9.9973E-05 0.104697 0.739108
0.0200817 0.263486 0.0523329 0.0212759 0.0144814 0.596748 0.031594
0.0674175 9.9973E-05 0.134325 9.9973E-05 9.9973E-05 0.518846 0.279112
0.0413615 0.0516283 0.153196 0.00637377 9.9991E-05 0.606542 0.140799
9.9964E-05 9.9964E-05 9.9964E-05 9.9964E-05 0.0457959 0.353184 0.60062
0.0410009 0.0888926 0.0507029 0.0140354 9.9991E-05 0.56811 0.237158
0.0763884 9.9991E-05 0.128107 0.0473444 0.0844128 0.523533 0.140115
9.9973E-05 0.213161 0.0725178 9.9973E-05 0.01299 9.9973E-05 0.701031
0.0314907 0.136312 9.9982E-05 0.440109 9.9982E-05 0.170817 0.221071
9.9982E-05 0.376728 9.9982E-05 0.233635 0.0888093 0.112562 0.188066
0.121415 0.115669 0.0612083 0.126884 0.0243238 0.440311 0.110189
0.117022 0.11621 0.028879 0.128216 0.137486 0.472086 9.9991E-05
0.0853293 0.155059 0.0744728 0.0395267 9.9991E-05 0.590276 0.0552362
0.030106 0.0955198 0.0957754 0.341327 0.021817 0.128756 0.286699
0.0176236 0.0311777 9.9991E-05 0.197521 0.0323226 0.617816 0.103439
0.152442 0.141848 0.0213863 0.0634601 0.0349821 0.504642 0.0812392
9.9991E-05 0.1446 0.145331 0.206083 0.0122903 0.34259 0.149006
0.0552894 0.204821 0.163549 0.313084 9.9991E-05 0.0791429 0.184014
0.104892 0.0951623 0.0291639 0.128675 0.0228015 0.443856 0.17545
0.0299253 0.0570335 0.0985856 0.196203 0.0827711 0.448744 0.086738
9.9982E-05 0.158717 0.00393036 0.548752 9.9982E-05 0.0851165 0.203284
0.0411417 0.0318242 9.9991E-05 0.289463 0.105713 0.497561 0.0341979
0.0781356 0.0394653 0.0359335 0.0578603 0.187989 0.521426 0.0791902
9.9991E-05 0.0836528 0.0283821 0.0967147 0.0589797 0.627336 0.104835
0.0745667 0.152922 9.9991E-05 0.265768 0.0678998 0.232144 0.2066
0.0569982 0.0508448 0.0491523 0.180633 0.0270711 0.43963 0.19567
0.0491095 9.9991E-05 0.0900639 0.145985 0.0650921 0.524676 0.124973
9.9982E-05 0.167739 9.9982E-05 0.358496 0.133402 0.179307 0.160856
9.9964E-05 9.9964E-05 9.9964E-05 0.0262657 9.9964E-05 0.496672 0.476663
0.00531024 9.9982E-05 0.0154196 0.118813 9.9982E-05 0.182393 0.677864
0.0146763 9.9973E-05 0.171712 9.9973E-05 9.9973E-05 0.614271 0.19904
9.9955E-05 0.13978 9.9955E-05 9.9955E-05 9.9955E-05 9.9955E-05 0.85972
9.9973E-05 0.0758814 9.9973E-05 0.0170951 0.0105325 9.9973E-05 0.896191
9.9955E-05 9.9955E-05 9.9955E-05 9.9955E-05 9.9955E-05 0.223355 0.776145
0.0302774 0.0163457 0.0135084 0.0858501 9.9991E-05 0.41125 0.442668
0.0146997 0.00654264 0.126761 0.0902191 9.9991E-05 0.543373 0.218305
0.0250992 9.9982E-05 0.0339888 0.0225859 9.9982E-05 0.454377 0.463749
0.0645865 9.9982E-05 0.0313993 0.182435 9.9982E-05 0.0890224 0.632357
9.9973E-05 9.9973E-05 0.0220481 0.256547 9.9973E-05 0.265839 0.455265
0.120955 9.9991E-05 0.0525923 0.0793935 0.0104529 0.49682 0.239686
0.00521081 9.9991E-05 0.037745 0.0896327 0.014116 0.267739 0.585456
9.9964E-05 9.9964E-05 0.0982001 9.9964E-05 9.9964E-05 0.438703 0.462697
9.9964E-05 0.0627826 9.9964E-05 9.9964E-05 9.9964E-05 0.37698 0.559838
9.9973E-05 0.210424 9.9973E-05 0.0496354 0.031799 9.9973E-05 0.707841
0.0406398 0.0223587 9.9982E-05 0.0918219 9.9982E-05 0.616835 0.228144
0.053971 9.9973E-05 0.791416 0.0808196 9.9973E-05 0.0734935 9.9973E-05
9.9955E-05 9.9955E-05 0.902444 9.9955E-05 9.9955E-05 0.0970558 9.9955E-05
0.0773054 9.9964E-05 0.835901 9.9964E-05 9.9964E-05 0.0863933 9.9964E-05
0.0552735 0.031877 0.896706 9.9973E-05 9.9973E-05 0.0158436 9.9973E-05
0.0244165 9.9964E-05 0.884647 9.9964E-05 9.9964E-05 0.0905364 9.9964E-05
0.0225717 9.9991E-05 0.878235 0.02308 0.0273815 0.0027016 0.0459299
0.0409868 9.9964E-05 0.899378 9.9964E-05 9.9964E-05 0.0592355 9.9964E-05
0.0807003 9.9982E-05 0.146133 9.9982E-05 0.0433556 0.463382 0.266229
0.0440824 0.0785827 0.041295 0.0833301 9.9991E-05 0.607776 0.144833
9.9982E-05 9.9982E-05 0.0431187 0.0438651 0.079006 0.0063169 0.827493
0.14029 0.052554 0.0900491 0.17011 0.0141596 0.499909 0.032929
0.0235551 9.9982E-05 0.050852 0.0586624 9.9982E-05 0.408966 0.457764
0.0187218 9.9982E-05 0.0442712 9.9982E-05 0.101321 0.568513 0.266973
9.9991E-05 0.0852952 0.0290241 0.00766906 0.109064 0.562568 0.206279
0.0433098 9.9973E-05 9.9973E-05 9.9973E-05 0.0423208 0.464377 0.449692
9.9964E-05 9.9964E-05 0.0548802 0.210696 9.9964E-05 9.9964E-05 0.734024
0.00534793 0.0634946 0.139995 0.0964281 0.0356606 0.571692 0.0873812
9.9991E-05 0.0579455 0.0395423 0.0762327 0.0161583 0.65273 0.157291
0.108166 0.14545 0.0544484 0.123131 0.0310355 0.537669 9.9991E-05
0.0876012 0.0676764 9.9991E-05 0.00218202 0.00625726 0.217279 0.618904
0.0247522 9.9991E-05 0.0112117 0.00758056 0.0687467 0.443963 0.443646
9.9982E-05 0.00538558 0.0322319 0.120467 9.9982E-05 0.451281 0.390435
0.0684693 9.9973E-05 9.9973E-05 9.9973E-05 0.0158704 0.303636 0.611724
0.0152823 9.9982E-05 0.0456762 0.123926 9.9982E-05 0.418658 0.396258
0.0170225 0.00655865 0.133516 0.0920148 9.9991E-05 0.56093 0.189858
0.0224143 0.131362 0.0527035 0.221781 0.163545 0.248667 0.159528
0.0373175 0.101158 0.0882506 0.323224 9.9991E-05 0.441537 0.00841168
9.9991E-05 0.0365797 0.0726383 0.257034 0.0100138 0.614767 0.00886742
0.0123118 0.0180287 0.164555 0.0864477 0.0382173 0.560814 0.119626
9.9991E-05 0.0166773 0.0887844 0.327224 0.0795652 0.43493 0.0527193
9.9973E-05 0.0527901 9.9973E-05 0.164769 0.139033 0.643108 9.9973E-05
0.035848 9.9991E-05 0.0446073 0.336291 0.0666248 0.409176 0.107353
9.9991E-05 0.119366 0.0427567 0.0994545 0.114225 0.527766 0.0963324
0.0791516 0.0912694 0.0367403 0.208939 0.0220462 0.561754 9.9991E-05
0.0417013 0.0194031 0.0531261 0.282977 0.047041 0.533557 0.0221942
9.9991E-05 0.0153167 0.0143051 0.332844 0.0671005 0.510665 0.0596685
9.9991E-05 0.124549 0.031307 0.0727342 0.0887014 0.669028 0.0135804
9.9991E-05 0.100836 0.0696126 0.0092291 0.134088 0.670186 0.015948
0.0707642 9.9982E-05 9.9982E-05 0.272213 0.110371 0.448635 0.0978171
0.0872668 0.0576368 0.0489194 0.221911 0.0489662 0.535199 9.9991E-05
0.0619525 9.9982E-05 9.9982E-05 0.221171 0.105529 0.509525 0.101623
0.0385629 0.199149 0.0679898 0.224808 0.0327197 0.43667 9.9991E-05
0.153806 0.0321916 9.9991E-05 0.206999 0.056344 0.528692 0.0218673
0.00550503 0.0819275 0.0297426 0.100819 0.117167 0.664739 9.9991E-05
0.012905 9.9991E-05 0.0485352 0.323008 0.158652 0.294163 0.162636
0.018241 0.229294 9.9991E-05 0.266323 0.191599 0.162462 0.13198
0.0375729 0.0783142 9.9991E-05 0.202706 0.0182417 0.528044 0.135021
0.0860328 0.163883 9.9982E-05 0.281182 0.259812 9.9982E-05 0.208889
0.00568109 9.9991E-05 0.0720084 0.424989 0.088613 0.251242 0.157367
9.9982E-05 9.9982E-05 0.000217559 0.321016 0.101685 0.497691 0.0791909
9.9982E-05 9.9982E-05 0.0619545 0.419361 0.0249627 0.374548 0.118975
0.0135394 0.0265408 9.9991E-05 0.432223 0.0334183 0.303733 0.190446
0.0288827 9.9991E-05 0.0808508 0.130966 0.0288541 0.630345 0.100002
0.104571 0.030727 0.105656 0.101031 0.116254 0.506824 0.034937
0.0190398 0.0170984 0.0834248 0.187227 9.9991E-05 0.532085 0.161025
0.0590596 0.264453 9.9991E-05 0.34064 0.0565135 0.108916 0.170317
0.00176106 0.0930582 0.14686 0.013439 0.0628459 0.565026 0.11701
0.0333958 0.240034 0.00653241 0.0995787 9.9991E-05 0.51881 0.101549
9.9982E-05 0.439624 0.127252 0.135792 0.126367 9.9982E-05 0.170765
0.0378561 0.0805203 0.138524 9.9991E-05 0.099621 0.593586 0.0497922
0.0499158 0.203904 0.0722175 0.13144 0.127578 0.327565 0.0873791
0.0893555 0.179261 0.087058 0.0613806 0.0378628 0.456284 0.0887988
9.9991E-05 0.374794 0.0430623 0.111063 0.0525344 0.320341 0.0981058
9.9991E-05 0.426432 0.0403995 0.156005 0.0919383 0.245157 0.0399688
9.9991E-05 0.205828 0.0520938 0.0944499 0.133199 0.440422 0.0739073
9.9991E-05 0.16102 0.115998 0.0719949 0.129614 0.513816 0.00745666
0.118786 0.290302 0.0606171 0.0636149 9.9991E-05 0.460351 0.00622914
0.170435 0.402799 0.0166883 0.0961774 0.0590801 9.9991E-05 0.25472
0.00609496 0.0901452 0.117536 0.100123 0.181383 0.504618 9.9991E-05
9.9973E-05 0.33799 9.9973E-05 0.171189 9.9973E-05 0.326426 0.164096
9.9982E-05 0.235078 9.9982E-05 0.0919285 0.0363291 0.482493 0.153972
0.0811684 0.0301937 0.0731582 0.077353 0.0404774 0.57336 0.12429
0.21178 0.32179 0.288036 9.9982E-05 9.9982E-05 0.17704 0.00115448
0.123996 0.384042 0.491561 9.9964E-05 9.9964E-05 9.9964E-05 9.9964E-05
0.121964 0.488037 0.389599 9.9964E-05 9.9964E-05 9.9964E-05 9.9964E-05
0.290229 0.21213 0.370476 9.9973E-05 9.9973E-05 0.126865 9.9973E-05
9.9964E-05 0.248413 9.9964E-05 9.9964E-05 9.9964E-05 0.683245 0.0679422
0.0199619 0.137392 0.0782721 9.9991E-05 0.0615302 0.565162 0.137581
0.712514 9.9973E-05 9.9973E-05 0.0242246 9.9973E-05 0.245595 0.0173663
0.510042 0.00647605 0.0203759 0.146953 0.0520599 0.211265 0.0528284
0.33144 0.0680982 0.0960907 0.0746802 0.018913 0.36244 0.0483383
9.9973E-05 0.333461 9.9973E-05 9.9973E-05 0.223506 0.358802 0.0839313
9.9973E-05 0.191791 0.122761 9.9973E-05 9.9973E-05 0.552253 0.132895
9.9982E-05 0.51883 9.9982E-05 0.00460381 0.193742 0.201341 0.0812828
9.9982E-05 0.192113 9.9982E-05 0.0654047 0.00823078 0.610753 0.123299
9.9982E-05 0.185822 0.065375 9.9982E-05 0.16061 0.483395 0.104599
0.0394701 0.317088 9.9991E-05 0.0154556 0.0263911 0.596987 0.00450851
9.9973E-05 0.518354 9.9973E-05 9.9973E-05 0.178021 0.238097 0.0652272
0.10618 0.0758931 0.0678412 0.00774768 9.9991E-05 0.562389 0.17985
0.0223044 0.265018 0.0518731 0.00669201 0.142401 0.489352 0.0223594
0.999375 0.000125148 9.9955E-05 9.9955E-05 9.9955E-05 9.9955E-05 9.9955E-05
0.922705 9.9973E-05 9.9973E-05 0.00715173 9.9973E-05 0.0580408 0.011803
0.631757 9.9973E-05 9.9973E-05 0.0834994 9.9973E-05 0.214645 0.0697985
0.692877 9.9964E-05 9.9964E-05 9.9964E-05 0.0284542 0.278269 9.9964E-05
0.787609 0.00850743 0.0291833 9.9973E-05 9.9973E-05 0.174401 9.9973E-05
0.9994 9.995E-05 9.995E-05 9.995E-05 9.995E-05 9.995E-05 9.995E-05
0.9414 9.9973E-05 0.00441786 0.036062 0.0178204 9.9973E-05 9.9973E-05
0.839387 9.9964E-05 9.9964E-05 9.9964E-05 0.00546151 0.154752 9.9964E-05
0.974458 9.9955E-05 9.9955E-05 0.025042 9.9955E-05 9.9955E-05 9.9955E-05
0.9994 9.995E-05 9.995E-05 9.995E-05 9.995E-05 9.995E-05 9.995E-05
0.9994 9.995E-05 9.995E-05 9.995E-05 9.995E-05 9.995E-05 9.995E-05
0.761544 9.9982E-05 0.0212072 0.00103541 0.0467341 0.169279 9.9982E-05
0.793365 0.0426103 0.0453142 0.0335956 9.9982E-05 0.0849144 9.9982E-05
0.972354 9.9955E-05 9.9955E-05 9.9955E-05 9.9955E-05 9.9955E-05 0.0271465
0.472011 0.0186774 0.0778494 0.111802 9.9991E-05 0.291626 0.0279349
0.66408 9.9982E-05 0.0844314 0.0258373 9.9982E-05 0.195365 0.0300863
0.785414 9.9982E-05 0.0167022 0.0223124 9.9982E-05 0.13396 0.0414116
0.902407 9.9964E-05 0.00965103 9.9964E-05 9.9964E-05 0.0875422 9.9964E-05
0.928382 9.9964E-05 0.0313008 9.9964E-05 9.9964E-05 0.0399174 9.9964E-05
0.877867 9.9982E-05 0.0139636 0.00278034 0.0197454 0.085444 9.9982E-05
0.9994 9.995E-05 9.995E-05 9.995E-05 9.995E-05 9.995E-05 9.995E-05
0.653171 9.9982E-05 0.0302613 0.0604635 0.0851916 0.170712 9.9982E-05
0.918219 9.9973E-05 0.0245127 9.9973E-05 0.0378004 9.9973E-05 0.0191675
0.046913 0.583937 0.30084 9.9973E-05 0.0680098 9.9973E-05 9.9973E-05
9.9982E-05 0.256455 0.157114 0.115332 0.0104619 0.460438 9.9982E-05
0.0553793 0.235779 0.17757 0.0611956 9.9991E-05 0.449846 0.0201295
0.0473169 0.47571 0.166922 0.00500084 0.0484261 0.256524 9.9991E-05
0.181327 0.199688 0.0545735 9.9982E-05 0.0729632 0.491249 9.9982E-05
0.0318221 0.451054 0.213354 9.9982E-05 9.9982E-05 0.272338 0.0312313
0.0599973 0.0500595 0.234543 9.9991E-05 0.139694 0.390427 0.12518
0.162479 0.417093 0.06214 9.9991E-05 0.0180386 0.329878 0.0102716
0.155639 0.203267 0.125832 9.9991E-05 0.0367864 0.454224 0.0241514
0.199203 0.382309 0.126144 9.9982E-05 0.00189003 0.290254 9.9982E-05
0.0765086 0.132806 0.174258 0.0110681 9.9991E-05 0.482263 0.122997
9.9973E-05 0.0669725 0.790597 0.0803684 9.9973E-05 0.061762 9.9973E-05
0.0579382 0.0231994 0.907662 9.9973E-05 0.0109006 9.9973E-05 9.9973E-05
9.9955E-05 9.9955E-05 0.948047 0.0514531 9.9955E-05 9.9955E-05 9.9955E-05
0.0158628 9.9964E-05 0.943458 0.0402799 9.9964E-05 9.9964E-05 9.9964E-05
0.0323502 0.0100417 0.88009 0.0421691 9.9982E-05 0.0351494 9.9982E-05
0.0891342 0.0332045 0.877262 9.9964E-05 9.9964E-05 9.9964E-05 9.9964E-05
0.0406202 9.9964E-05 0.877813 9.9964E-05 9.9964E-05 0.0811672 9.9964E-05
9.9973E-05 0.0619344 0.903316 9.9973E-05 0.00865557 0.0257946 9.9973E-05
0.00533809 9.9973E-05 0.906105 9.9973E-05 0.0203438 9.9973E-05 0.0679133
0.061576 0.0420846 0.871117 9.9973E-05 9.9973E-05 0.0249227 9.9973E-05
9.9973E-05 9.9973E-05 0.62286 0.251226 0.0252872 9.9973E-05 0.100327
9.9964E-05 9.9964E-05 0.580957 0.331874 9.9964E-05 9.9964E-05 0.0867696
9.9973E-05 0.14124 0.540073 0.256968 9.9973E-05 9.9973E-05 0.0614196
9.9973E-05 0.027525 0.521182 0.324181 9.9973E-05 9.9973E-05 0.126812
9.9973E-05 9.9973E-05 0.0751153 0.173097 9.9973E-05 0.559513 0.191975
0.00223032 0.00198749 0.0806233 0.0805062 0.048834 0.509666 0.276153
0.0498639 0.0221291 0.0534869 0.144628 0.0199388 0.537096 0.172857
9.9991E-05 0.0520901 0.0326513 0.222722 0.0204998 0.436735 0.235202
9.9982E-05 0.0192634 9.9982E-05 0.603591 0.0346445 0.206291 0.13601
0.0961306 9.9982E-05 0.0521086 9.9982E-05 0.165332 0.499636 0.186593
0.0124218 0.0188212 9.9982E-05 0.0490702 9.9982E-05 0.610356 0.309131
9.9982E-05 0.112214 0.0251001 0.113438 9.9982E-05 0.523639 0.225409
0.0773059 9.9973E-05 9.9973E-05 9.9973E-05 0.0455519 0.276071 0.600771
0.040247 0.127468 0.0254449 0.0694704 0.00632459 0.610537 0.120508
9.9982E-05 9.9982E-05 0.0304676 0.134782 0.054519 0.440794 0.339238
9.9973E-05 0.0766684 9.9973E-05 0.0607597 0.165259 9.9973E-05 0.697013
0.0211224 9.9991E-05 0.0845679 0.16787 0.063203 0.38513 0.278007
0.0129407 0.164016 9.9991E-05 0.00331688 0.059388 0.26224 0.497999
9.9982E-05 0.0202507 0.0333429 9.9982E-05 0.00908381 0.522814 0.414309
9.9973E-05 9.9973E-05 0.020176 0.244572 9.9973E-05 0.0430935 0.691859
9.9973E-05 0.187405 0.0943522 0.717142 9.9973E-05 0.000800987 9.9973E-05
9.9973E-05 0.200195 0.0820268 0.664128 9.9973E-05 0.0533498 9.9973E-05
9.9973E-05 0.115762 0.0107275 0.837417 0.0357938 9.9973E-05 9.9973E-05
9.9973E-05 0.113648 0.101379 0.740977 0.0436952 9.9973E-05 9.9973E-05
0.0497485 0.135391 9.9973E-05 0.785697 9.9973E-05 0.0288639 9.9973E-05
0.052025 0.146507 9.9982E-05 0.762697 0.00270713 0.0358641 9.9982E-05
0.0558732 9.9973E-05 0.868241 9.9973E-05 0.00813298 0.0674528 9.9973E-05
0.027203 9.9973E-05 0.854298 0.0444059 9.9973E-05 0.0737932 9.9973E-05
0.0950978 0.00986425 0.778985 9.9973E-05 9.9973E-05 0.115753 9.9973E-05
0.141314 9.9973E-05 0.721297 0.127351 9.9973E-05 0.00973758 9.9973E-05
0.106402 9.9982E-05 0.775461 0.0522416 9.9982E-05 0.0592576 0.00643781
9.9973E-05 0.0498097 0.3913 0.496866 9.9973E-05 9.9973E-05 0.0617243
9.9982E-05 0.0526363 0.458859 0.393786 0.0462812 9.9982E-05 0.0482379
9.9973E-05 9.9973E-05 0.423362 0.395767 0.143276 9.9973E-05 0.0372954
9.9964E-05 9.9964E-05 0.835563 0.0294241 9.9964E-05 0.134613 9.9964E-05
9.9982E-05 0.0465949 0.388561 0.499428 0.009884 9.9982E-05 0.0553322
0.374581 0.133942 0.202743 9.9982E-05 0.0899821 0.198552 9.9982E-05
0.272737 0.0646353 0.137231 0.0735344 0.00363944 0.444583 0.00363972
0.19686 9.9964E-05 0.207716 9.9964E-05 9.9964E-05 0.595024 9.9964E-05
0.1865 0.154075 0.225869 9.9991E-05 0.0107929 0.367121 0.0555418
0.186282 9.9991E-05 0.186923 0.0230944 0.0237798 0.476881 0.10294
0.32514 0.280061 0.394399 9.9964E-05 9.9964E-05 9.9964E-05 9.9964E-05
9.9982E-05 0.111627 9.9982E-05 0.344167 0.00805881 0.424729 0.111218
0.00587591 0.202858 9.9991E-05 0.218965 0.138732 0.402375 0.0310945
9.9991E-05 0.0217678 0.0908877 0.4959 0.017639 0.289689 0.0840167
0.0239734 0.076514 9.9991E-05 0.159493 0.166418 0.434347 0.139155
9.9973E-05 0.333373 9.9973E-05 0.138643 0.342063 9.9973E-05 0.185621
0.00386208 0.140913 0.0825278 0.0984972 9.9991E-05 0.590816 0.0832838
9.9991E-05 0.0845281 0.0405688 0.210753 0.0769868 0.466705 0.120359
9.9982E-05 0.0493427 0.0713833 0.378131 9.9982E-05 0.37645 0.124493
0.0445373 9.9982E-05 0.0860288 0.157728 9.9982E-05 0.593921 0.117585
9.9982E-05 0.309448 9.9982E-05 0.234682 0.0963633 0.148224 0.211082
9.9973E-05 0.135168 9.9973E-05 0.111271 0.1817 0.571561 9.9973E-05
0.0281909 0.0523344 0.0179655 0.241906 0.0348528 0.509022 0.115728
0.215011 0.0802618 0.10892 0.130193 9.9991E-05 0.38055 0.084964
9.9982E-05 0.0743848 9.9982E-05 0.299916 0.195674 0.368241 0.0615842
0.106474 0.0153055 9.9991E-05 0.280347 0.115106 0.349988 0.132681
0.0495736 0.0779918 9.9991E-05 0.1267 0.089335 0.498052 0.158249
0.0267435 0.119779 0.0281648 0.10175 0.055983 0.489214 0.178365
0.0836027 0.0227112 0.0368622 0.175502 0.122942 0.538113 0.0202663
0.0112373 0.0524158 0.0767892 0.126572 0.0054335 0.566255 0.161297
0.0926192 0.0654785 0.0841879 0.184642 9.9991E-05 0.515464 0.057509
0.0827954 0.00645682 0.762167 9.9973E-05 9.9973E-05 0.148281 9.9973E-05
0.0578789 9.9973E-05 0.806791 9.9973E-05 9.9973E-05 0.034225 0.100805
9.9991E-05 0.0738872 0.743474 0.0988584 0.0277817 0.0337176 0.022181
0.0525968 9.9964E-05 0.832231 9.9964E-05 9.9964E-05 9.9964E-05 0.114772
9.9964E-05 9.9964E-05 0.860347 9.9964E-05 0.0237475 0.115505 9.9964E-05
0.0911913 0.0358435 9.9982E-05 0.608377 9.9982E-05 0.12583 0.138558
0.139729 0.0583399 0.0511358 0.154436 0.133262 0.406028 0.0570697
0.169758 0.121849 0.248522 9.9982E-05 0.0366397 0.423032 9.9982E-05
0.102149 0.0470922 0.0177355 0.139739 0.00188974 0.592846 0.0985483
9.9973E-05 9.9973E-05 0.0733267 0.281437 9.9973E-05 0.57842 0.0665168
0.0226801 0.269172 9.9982E-05 0.23868 0.102785 0.366484 9.9982E-05
9.9973E-05 0.206019 0.101955 0.543742 9.9973E-05 9.9973E-05 0.147984
9.9991E-05 0.00903167 0.00866657 0.263585 0.0904296 0.575431 0.0527566
0.0411057 0.06273 0.0876613 0.448357 0.190619 0.138873 0.0306545
0.0902453 0.143225 9.9991E-05 0.202492 0.0566246 0.365415 0.141899
0.00189503 0.0361698 0.130402 0.501895 0.0625719 0.149465 0.117601
0.113538 9.9982E-05 0.0929565 0.293323 0.0104011 0.489582 9.9982E-05
0.016039 9.9991E-05 0.0891365 0.466225 0.14893 0.18667 0.0928987
0.0948629 0.16265 0.0417592 0.265373 9.9991E-05 0.265018 0.170237
0.0568604 0.115527 0.0494429 0.120945 0.118434 0.524287 0.014504
9.9973E-05 0.386396 9.9973E-05 0.16146 0.149335 0.30251 9.9973E-05
9.9982E-05 0.286752 0.0473097 0.10686 9.9982E-05 0.555537 0.00334087
9.9982E-05 0.146076 0.137118 0.0158793 9.9982E-05 0.612253 0.0884738
9.9982E-05 0.436608 9.9982E-05 0.0705136 0.0585156 0.350217 0.0839463
0.0308684 0.153757 0.066626 0.143598 0.0572575 0.466538 0.0813553
9.9991E-05 0.161983 0.0501117 0.100239 0.115154 0.5291 0.0433117
9.9982E-05 0.545163 9.9982E-05 0.104227 0.0842224 0.0871751 0.179012
9.9973E-05 0.625695 9.9973E-05 9.9973E-05 0.0262233 0.284587 0.0631942
9.9973E-05 0.318551 9.9973E-05 0.111353 0.0738716 0.495924 9.9973E-05
9.9982E-05 0.46591 9.9982E-05 0.0986631 0.121691 0.168922 0.144614
9.9973E-05 0.308539 9.9973E-05 0.113738 9.9973E-05 0.476779 0.100644
0.068546 0.0506671 9.9991E-05 0.563988 0.00871918 0.0824717 0.225508
0.0222622 0.0516032 9.9991E-05 0.325831 0.287509 0.205783 0.106912
0.0379281 9.9991E-05 0.0370605 0.439462 0.00879377 0.42415 0.0525054
0.00849637 0.104451 9.9991E-05 0.145264 0.0413168 0.676994 0.0233774
0.0123297 9.9982E-05 9.9982E-05 0.50874 0.0566518 0.247469 0.174609
0.0761662 0.0934274 0.101913 0.097732 0.207132 0.423529 9.9991E-05
0.163459 9.9982E-05 0.0588895 0.170533 9.9982E-05 0.549244 0.0576739
9.9973E-05 0.0831708 9.9973E-05 0.14992 9.9973E-05 0.540199 0.226409
0.0360183 0.0654084 9.9991E-05 0.301777 0.0344989 0.452511 0.109687
0.014698 9.9982E-05 0.0604527 0.32916 9.9982E-05 0.465138 0.130352
0.0673118 9.9973E-05 9.9973E-05 0.514962 9.9973E-05 0.2159 0.201526
0.096023 9.9991E-05 0.0379663 0.415181 0.11434 0.315636 0.0207537
0.0672603 9.9982E-05 9.9982E-05 0.141225 0.150365 0.580268 0.0606808
9.9973E-05 9.9973E-05 0.117558 0.160384 9.9973E-05 0.599699 0.12206
9.9982E-05 0.170592 0.0471988 0.192595 0.132445 0.456969 9.9982E-05
0.00258591 0.0096957 9.9982E-05 0.223534 0.233697 0.530287 9.9982E-05
0.101485 0.093965 0.0548979 0.405323 9.9991E-05 0.328332 0.0158976
0.0641889 9.9991E-05 0.016216 0.249912 0.0225303 0.611787 0.0352658
0.0536249 9.9991E-05 0.0119379 0.221512 0.0878353 0.537443 0.0875466
0.0669817 0.000337559 0.0746685 0.239866 0.134863 0.421759 0.0615246
0.195686 0.0265287 0.339328 0.00204138 9.9991E-05 0.36169 0.0746262
0.173379 0.054765 0.153567 9.9991E-05 0.0302485 0.578691 0.00925023
0.105593 0.219732 0.141555 0.0359872 9.9982E-05 0.496932 9.9982E-05
0.0809179 0.00691831 0.0773861 0.0649024 0.0957012 0.575121 0.099053
0.232131 0.0698796 0.168199 9.9991E-05 0.0270329 0.414512 0.0881458
0.0300853 0.111089 9.9991E-05 0.181233 0.136054 0.474251 0.0671871
0.132889 0.0142633 0.222557 0.0101152 0.00255491 0.526132 0.0914885
0.145833 0.479902 0.197457 9.9973E-05 9.9973E-05 9.9973E-05 0.176508
0.185039 0.0901486 0.139608 0.106858 0.0325465 0.429464 0.0163361
0.121396 9.9991E-05 0.142989 0.00426267 0.104191 0.539976 0.0870848
0.284888 0.00595082 0.0763287 9.9991E-05 0.0674057 0.392567 0.172759
0.150123 0.236611 0.168575 0.0100669 9.9991E-05 0.306439 0.128084
0.157682 0.113603 0.133034 0.0248246 9.9991E-05 0.54124 0.0295172
0.111099 0.130146 0.109474 9.9991E-05 0.00758828 0.628727 0.0128669
0.186739 0.34132 0.449029 9.9982E-05 0.00197683 9.9982E-05 0.0207351
0.229616 9.9991E-05 0.190629 0.0274112 0.0213392 0.452092 0.0788123
0.229704 0.0903838 0.148021 0.0430243 0.0495959 0.439171 9.9991E-05
0.09378 0.10074 0.143308 0.0135231 9.9991E-05 0.535411 0.113138
0.207445 0.0149439 0.17001 0.0206662 9.9991E-05 0.49714 0.0896944
0.167232 0.0190704 0.195818 0.0440848 0.113693 0.460002 9.9991E-05
0.0477398 9.9991E-05 0.0362606 0.0111968 0.445594 0.438222 0.0208868
0.130455 0.0644179 0.0899162 0.0694217 0.166619 0.4143 0.0648703
9.9964E-05 9.9964E-05 9.9964E-05 0.0355809 0.866448 9.9964E-05 0.0975711
9.9964E-05 9.9964E-05 9.9964E-05 0.0734558 0.91031 9.9964E-05 0.0158345
0.0426412 9.9991E-05 0.122214 0.0124049 0.329589 0.458625 0.0344256
0.222645 0.0853537 0.0821342 0.024963 0.129078 0.455727 9.9991E-05
0.380061 0.0822655 0.0704247 9.9982E-05 0.18413 0.282919 9.9982E-05
0.320216 0.252346 0.201157 9.9982E-05 0.067722 0.158359 9.9982E-05
0.249105 0.0432888 0.16531 0.0685476 0.146082 0.327567 9.9991E-05
0.0792154 0.209572 0.0559108 9.9973E-05 0.655002 9.9973E-05 9.9973E-05
0.11314 0.00240104 0.125341 9.9982E-05 0.676802 0.0821156 9.9982E-05
0.0748719 9.9982E-05 0.0134975 9.9982E-05 0.385905 0.514139 0.0113864
0.145908 9.9973E-05 0.0345896 9.9973E-05 0.475504 0.343698 9.9973E-05
0.121556 9.9973E-05 0.0584093 9.9973E-05 0.722451 0.0972843 9.9973E-05
0.122695 0.00605616 0.0560144 0.00772685 0.336237 0.471171 9.9991E-05
0.127891 0.0108028 0.0371326 0.0465077 0.363059 0.414507 9.9991E-05
0.151799 9.9991E-05 0.110417 0.0112638 0.274275 0.386716 0.0654292
9.9982E-05 9.9982E-05 0.0231792 0.0851757 0.565905 0.233425 0.0921155
0.0926187 9.9982E-05 9.9982E-05 0.0386845 0.547164 0.205834 0.115499
0.063108 9.9982E-05 0.0163834 0.0169804 0.36574 0.537588 9.9982E-05
0.0874971 9.9982E-05 0.107511 0.0667461 0.457108 0.280937 9.9982E-05
0.11415 0.0398661 0.0337468 0.0873878 0.281639 0.414611 0.0285988
9.9964E-05 0.0848072 9.9964E-05 9.9964E-05 0.544747 0.370046 9.9964E-05
9.9964E-05 9.9964E-05 9.9964E-05 0.0358804 0.80704 0.15668 9.9964E-05
9.9982E-05 0.00362606 0.0252186 9.9982E-05 0.36273 0.563788 0.0444373
9.9973E-05 9.9973E-05 9.9973E-05 0.0707391 0.701849 0.166156 0.0609564
9.9982E-05 9.9982E-05 0.0181787 0.0373565 0.533499 0.378445 0.0323215
0.0449586 0.0590553 0.0794807 0.00758852 0.190458 0.52127 0.0971889
0.0366072 0.106223 9.9982E-05 9.9982E-05 0.380492 0.473047 0.00343091
0.156408 0.0350752 0.184417 9.9991E-05 0.0758427 0.45669 0.0914666
0.0999258 0.07583 0.118061 9.9991E-05 0.199388 0.480038 0.0266571
0.179208 0.215375 0.140361 0.0419229 9.9991E-05 0.3892 0.0338335
0.26615 0.141828 0.167555 0.0558898 0.0411559 0.31013 0.0172907
0.121563 0.109869 0.190646 0.0912029 0.0198116 0.462259 0.00464894
0.194347 0.0444329 0.161932 0.00305542 0.2466 0.315828 0.0338059
0.0886012 0.186242 0.179329 9.9973E-05 0.545528 9.9973E-05 9.9973E-05
0.241039 0.0428605 0.0684263 9.9982E-05 0.13097 0.516505 9.9982E-05
0.0788701 0.13337 0.355686 9.9973E-05 0.431773 9.9973E-05 9.9973E-05
0.137128 9.9973E-05 0.080428 9.9973E-05 0.350464 0.43168 9.9973E-05
9.9973E-05 0.0404925 9.9973E-05 9.9973E-05 0.817597 0.0227891 0.118822
9.9955E-05 9.9955E-05 9.9955E-05 9.9955E-05 0.934585 9.9955E-05 0.0649153
9.9973E-05 9.9973E-05 0.00395277 9.9973E-05 0.498952 0.453744 0.0430509
0.0334563 9.9973E-05 0.00814175 9.9973E-05 0.37151 0.586592 9.9973E-05
9.9964E-05 9.9964E-05 9.9964E-05 9.9964E-05 0.609996 0.351246 0.0383578
0.00290688 9.9973E-05 0.0526725 9.9973E-05 0.466394 0.477727 9.9973E-05
9.9964E-05 9.9964E-05 9.9964E-05 0.00203978 0.484538 0.513022 9.9964E-05
0.0204849 9.9982E-05 0.802728 0.0505949 0.054832 0.0711605 9.9982E-05
0.133994 9.9982E-05 0.700597 0.138755 0.014229 9.9982E-05 0.0122248
0.0783393 9.9964E-05 0.887264 0.0339967 9.9964E-05 9.9964E-05 9.9964E-05
9.9964E-05 9.9964E-05 0.928409 9.9964E-05 0.00967285 0.061518 9.9964E-05
9.9982E-05 0.00861168 0.080675 9.9982E-05 0.0155615 0.521357 0.373595
0.104369 9.9982E-05 0.0601454 0.0484485 9.9982E-05 0.348783 0.438054
9.9973E-05 9.9973E-05 0.0408081 0.0500688 9.9973E-05 0.465694 0.44313
9.9982E-05 9.9982E-05 0.0871207 0.0818166 0.0113232 0.588412 0.231127
0.123592 0.121782 0.0286907 0.110998 0.0439903 0.428942 0.142006
9.9982E-05 0.0744272 0.0268969 0.0737678 9.9982E-05 0.2317 0.593008
0.0267354 9.9973E-05 0.0296489 9.9973E-05 9.9973E-05 0.523168 0.420148
9.9982E-05 0.000446281 0.0761338 9.9982E-05 0.0625916 0.373672 0.486957
0.122592 0.0356855 0.21748 0.0735086 0.0652463 0.454797 0.030691
0.0172883 0.0441516 9.9991E-05 0.087545 0.143471 0.458499 0.248945
9.9964E-05 9.9964E-05 9.9964E-05 0.197684 9.9964E-05 0.315594 0.486322
9.9991E-05 0.00716393 0.0290393 0.0213701 0.0726785 0.470968 0.39868
9.9973E-05 9.9973E-05 9.9973E-05 0.105177 0.0675695 0.425817 0.401137
0.00415612 0.0206783 0.00403134 9.9991E-05 0.0702079 0.564656 0.336171
9.9973E-05 9.9973E-05 0.108557 9.9973E-05 0.0292229 0.590925 0.270995
9.9964E-05 9.9964E-05 9.9964E-05 9.9964E-05 0.070038 0.0862026 0.84336
0.031283 0.0433287 9.9991E-05 0.101298 0.00290557 0.218785 0.6023
0.022417 9.9991E-05 0.0314126 0.0252154 0.0422642 0.263939 0.614651
9.9955E-05 0.155096 9.9955E-05 9.9955E-05 9.9955E-05 9.9955E-05 0.844405
0.023076 9.9982E-05 0.0252235 0.184727 9.9982E-05 0.394599 0.372175
9.9982E-05 0.275809 9.9982E-05 0.0027361 0.0114292 0.105008 0.604818
9.9973E-05 0.152635 0.00646923 9.9973E-05 0.14876 9.9973E-05 0.691835
0.0588758 9.9973E-05 9.9973E-05 9.9973E-05 0.0979023 0.534446 0.308476
9.9973E-05 9.9973E-05 0.0588872 0.0783797 9.9973E-05 0.204223 0.658211
0.0595196 9.9982E-05 0.0556452 0.11888 9.9982E-05 0.333305 0.432451
0.0582886 0.12152 0.126942 0.0161868 0.00531673 0.511906 0.15984
0.00924748 0.0228378 9.9982E-05 0.11327 9.9982E-05 0.497981 0.356464
0.0205307 0.196442 9.9982E-05 0.274266 0.168839 0.339723 9.9982E-05
9.9982E-05 0.0261253 0.0325605 0.0137079 9.9982E-05 0.564443 0.362963
0.0441438 9.9982E-05 0.0278104 0.152261 9.9982E-05 0.426565 0.34902
9.9964E-05 0.055165 9.9964E-05 9.9964E-05 9.9964E-05 0.271728 0.672708
9.9991E-05 0.0102943 0.0919548 0.0705884 0.0935135 0.565981 0.167568
9.9973E-05 0.0524106 0.638778 0.294963 9.9973E-05 9.9973E-05 0.0135491
9.9991E-05 0.0694922 0.739611 0.061398 0.00657273 0.0302733 0.0925531
9.9982E-05 0.0521111 0.802683 0.126161 0.00511643 9.9982E-05 0.0137289
9.9964E-05 9.9964E-05 0.818085 0.14183 0.0396861 9.9964E-05 9.9964E-05
9.9973E-05 0.0320531 0.734614 0.225391 9.9973E-05 0.0076415 9.9973E-05
9.9973E-05 9.9973E-05 0.0585168 0.0978494 9.9973E-05 0.131196 0.712138
9.9982E-05 0.014419 0.0732095 0.0753796 9.9982E-05 0.164619 0.672173
9.9973E-05 0.0333921 9.9973E-05 9.9973E-05 0.0355915 0.165105 0.765611
0.0796305 9.9982E-05 0.152729 9.9982E-05 0.155345 0.4874 0.124696
0.113424 9.9991E-05 0.0212907 0.0994813 0.0331662 0.538117 0.19442
0.00339608 0.0258981 0.0474971 9.9991E-05 0.0847816 0.318487 0.519841
0.0579692 9.9973E-05 9.9973E-05 9.9973E-05 0.118116 0.523307 0.300307
9.9973E-05 0.0220731 0.0336954 9.9973E-05 9.9973E-05 0.44008 0.503851
9.9973E-05 9.9973E-05 9.9973E-05 0.073989 0.13559 0.602881 0.187241
0.0473885 9.9982E-05 0.068939 9.9982E-05 0.0723252 0.590679 0.220468
0.0134843 9.9973E-05 9.9973E-05 0.118543 9.9973E-05 0.214996 0.652677
0.0406865 9.9973E-05 9.9973E-05 0.0506446 9.9973E-05 0.333315 0.575054
0.0129446 9.9973E-05 9.9973E-05 0.133447 9.9973E-05 0.299463 0.553845
9.9982E-05 0.210711 0.0872531 0.0126916 9.9982E-05 0.596056 0.0930883
9.9982E-05 9.9982E-05 0.033792 0.0249114 0.0011279 0.415512 0.524456
9.9982E-05 0.0432737 9.9982E-05 0.0212949 0.0376928 0.489675 0.407863
0.423962 0.00243213 0.0732847 9.9982E-05 0.0484725 0.451649 9.9982E-05
0.53475 0.053906 0.102663 9.9982E-05 0.0211836 0.287297 9.9982E-05
0.432268 0.0464649 0.104305 9.9973E-05 9.9973E-05 0.416662 9.9973E-05
0.52819 0.101372 0.104147 9.9973E-05 9.9973E-05 0.265991 9.9973E-05
0.254055 9.9982E-05 0.184824 0.0141735 0.10107 0.445677 9.9982E-05
0.0230537 0.186031 9.9973E-05 9.9973E-05 9.9973E-05 0.466009 0.324606
0.653115 0.0110094 0.261565 9.9982E-05 9.9982E-05 0.0538274 0.0202831
0.407484 9.9973E-05 0.216554 9.9973E-05 0.0436482 0.332013 9.9973E-05
0.144686 0.244457 0.145733 9.9982E-05 9.9982E-05 0.447462 0.017463
9.9964E-05 0.278858 0.128166 9.9964E-05 9.9964E-05 0.592575 9.9964E-05
9.9982E-05 0.306875 0.0873159 0.0730978 9.9982E-05 0.52546 0.00705097
9.9973E-05 0.231103 0.128529 9.9973E-05 9.9973E-05 0.603265 0.0368038
0.0124878 0.0496508 0.109467 0.102736 0.0205053 0.61171 0.0934427
0.383477 9.9964E-05 0.237911 9.9964E-05 9.9964E-05 0.378212 9.9964E-05
0.333728 9.9982E-05 0.158649 0.00119806 0.0290424 0.477182 9.9982E-05
0.492181 0.0576169 0.0752651 9.9973E-05 9.9973E-05 0.374637 9.9973E-05
0.307554 9.9991E-05 0.162908 0.0264139 0.0569336 0.409817 0.0362727
0.498559 0.0097706 0.172817 9.9982E-05 9.9982E-05 0.284491 0.0341619
0.278867 0.0320381 0.128938 0.102778 9.9991E-05 0.424584 0.032695
0.46941 9.9982E-05 0.140618 0.0781759 0.0467805 0.264816 9.9982E-05
0.387552 9.9991E-05 0.0945269 0.0381888 0.0939418 0.375909 0.00978092
9.9982E-05 0.29785 0.0740274 0.0165967 9.9982E-05 0.535879 0.0754474
0.340486 9.9991E-05 0.129849 0.0464917 0.0419639 0.396279 0.0448307
0.615113 0.0592246 0.146505 9.9973E-05 9.9973E-05 0.178858 9.9973E-05
0.338574 0.0547442 0.111445 0.0633505 0.000282759 0.431503 9.9991E-05
9.9982E-05 0.351545 0.105864 0.261273 9.9982E-05 0.196709 0.0844094
0.0583486 0.316609 9.9964E-05 9.9964E-05 9.9964E-05 0.624642 9.9964E-05
0.251438 0.0250989 0.197903 0.0754247 9.9991E-05 0.41743 0.0326054
0.00646241 0.191415 0.106985 0.0733592 0.00508961 0.616589 9.9991E-05
0.00314537 0.24436 0.134712 0.0501983 0.0135155 0.529641 0.0244277
0.261936 0.0872179 0.184047 9.9982E-05 9.9982E-05 0.376417 0.0901813
0.302262 0.0958171 0.181992 0.0649302 0.102133 0.252765 9.9991E-05
0.167184 0.0840254 0.088576 0.0845987 0.00931229 0.437014 0.12929
0.348834 0.0922255 0.077924 9.9991E-05 0.0531639 0.397167 0.0305861
0.487235 0.0614464 0.0565077 0.0190479 0.0342777 0.341385 9.9991E-05
0.526042 0.0550928 0.215454 9.9982E-05 0.013459 0.189753 9.9982E-05
0.100345 0.146691 0.0667875 0.0558325 0.0715776 0.558666 9.9991E-05
9.9973E-05 0.285066 0.0759585 0.11733 9.9973E-05 0.521346 9.9973E-05
0.0184559 0.690846 0.0866746 9.9973E-05 9.9973E-05 0.203724 9.9973E-05
0.0108026 0.131357 0.110991 0.0700399 9.9991E-05 0.630011 0.0466986
9.9982E-05 0.163447 0.0932462 0.207572 0.121045 0.41449 9.9982E-05
0.17598 0.166077 0.150272 9.9991E-05 0.0588398 0.355498 0.0932334
0.0859875 0.127437 0.151285 0.0373475 0.123479 0.431441 0.043023
0.195367 0.571564 0.232669 9.9964E-05 9.9964E-05 9.9964E-05 9.9964E-05
0.0820241 0.678059 0.239517 9.9964E-05 9.9964E-05 9.9964E-05 9.9964E-05
0.108941 0.349318 0.0987232 9.9991E-05 0.0670215 0.301462 0.0744348
0.144544 0.447699 0.306858 9.9991E-05 0.0010427 0.0702817 0.0294741
0.186836 0.424062 0.388703 9.9964E-05 9.9964E-05 9.9964E-05 9.9964E-05
0.132044 0.25914 0.0801213 0.0192311 0.054111 0.422375 0.0329781
0.190716 0.203627 0.173037 0.0459255 0.00872138 0.334519 0.0434547
0.161185 0.359695 0.229283 0.0285947 9.9991E-05 0.164079 0.0570638
0.163314 0.526264 0.245831 9.9973E-05 9.9973E-05 0.0642917 9.9973E-05
0.139836 0.120215 0.142096 0.0968446 0.0824673 0.418442 9.9991E-05
0.13141 0.406625 0.129567 9.9982E-05 9.9982E-05 0.124334 0.207864
0.0232763 0.628117 0.348207 9.9964E-05 9.9964E-05 9.9964E-05 9.9964E-05
0.171271 0.0350422 0.140645 0.178947 0.074896 0.389706 0.00949216
0.178572 0.201374 0.164604 9.9991E-05 0.0229825 0.391795 0.040573
0.142308 9.9973E-05 0.367862 9.9973E-05 9.9973E-05 0.297385 0.192145
0.297829 0.0499534 0.141535 9.9973E-05 9.9973E-05 0.510383 9.9973E-05
0.170584 0.0860576 0.192691 9.9991E-05 0.00979181 0.484279 0.0564963
0.21942 9.9982E-05 0.236196 9.9982E-05 0.060321 0.461212 0.022651
0.200373 0.0244589 0.389777 0.0646843 0.00441703 0.31619 9.9991E-05
0.154179 0.0478141 0.189421 0.0493517 9.9982E-05 0.559034 9.9982E-05
0.256036 0.0307504 0.253282 0.00648366 9.9991E-05 0.374793 0.0785546
0.303114 0.0832059 0.246685 9.9982E-05 0.118761 0.248034 9.9982E-05
0.118457 0.0447205 0.180762 0.108161 0.045987 0.241322 0.26059
0.199938 0.0479774 0.12927 0.14696 9.9991E-05 0.413382 0.0623727
0.205547 0.00946473 0.139347 0.12135 9.9991E-05 0.414036 0.110154
0.0309458 0.0275515 0.120656 0.0111555 0.0729996 0.677615 0.0590762
0.213862 0.0626659 0.30568 0.000219226 9.9982E-05 0.417372 9.9982E-05
0.18901 0.0148194 0.209414 0.0720637 9.9982E-05 0.514493 9.9982E-05
0.173477 0.268753 0.304463 9.9982E-05 9.9982E-05 0.202194 0.0509135
0.202696 9.9982E-05 0.196289 0.0334052 0.0451869 0.522223 9.9982E-05
0.358725 0.102437 0.24919 9.9991E-05 0.056757 0.148916 0.0838755
9.9973E-05 0.0754674 0.764897 0.0890013 9.9973E-05 9.9973E-05 0.0703343
0.0156481 0.0371513 0.0425781 0.782865 0.0452288 0.0764291 9.9991E-05
9.995E-05 9.995E-05 9.995E-05 0.9994 9.995E-05 9.995E-05 9.995E-05
9.9955E-05 9.9955E-05 0.0084498 0.99105 9.9955E-05 9.9955E-05 9.9955E-05
0.0248599 9.9973E-05 9.9973E-05 0.907305 0.0555855 0.0119496 9.9973E-05
0.0246927 9.9964E-05 9.9964E-05 0.960189 9.9964E-05 0.0147185 9.9964E-05
9.9955E-05 9.9955E-05 9.9955E-05 0.921596 9.9955E-05 0.0779045 9.9955E-05
9.9955E-05 9.9955E-05 0.0729565 0.926544 9.9955E-05 9.9955E-05 9.9955E-05
9.9955E-05 9.9955E-05 0.168077 0.831423 9.9955E-05 9.9955E-05 9.9955E-05
0.0270707 0.0672544 0.851298 9.9973E-05 9.9973E-05 0.0540774 9.9973E-05
9.9964E-05 9.9964E-05 0.812411 0.0955883 9.9964E-05 0.0916006 9.9964E-05
0.0398672 0.00264034 0.874589 9.9982E-05 0.0217703 0.0609333 9.9982E-05
9.9973E-05 9.9973E-05 0.8235 0.117704 0.0525145 0.00598193 9.9973E-05
0.0382589 9.9982E-05 0.888801 0.0242191 9.9982E-05 0.00892683 0.0395942
0.00822808 9.9973E-05 0.878941 0.0410855 0.0714456 9.9973E-05 9.9973E-05
0.120165 0.0267437 0.726387 0.0162248 0.0347637 0.0756156 9.9991E-05
0.0438021 0.0420584 0.853267 0.00321613 9.9982E-05 0.0574561 9.9982E-05
0.0194551 9.9982E-05 0.702908 0.14258 0.0393825 0.0954742 9.9982E-05
0.0833824 9.9973E-05 0.883321 9.9973E-05 0.0233714 9.9973E-05 0.00962528
9.9964E-05 9.9964E-05 0.959878 0.0230601 0.0166615 9.9964E-05 9.9964E-05
0.0837424 0.0399103 0.819401 0.0129505 9.99866E-05 9.99866E-05 0.0437962
0.0269575 0.033942 0.907842 0.0277439 9.9982E-05 0.00331476 9.9982E-05
0.0156419 0.0558997 0.890759 9.9973E-05 9.9973E-05 0.0373999 9.9973E-05
0.0539166 9.9973E-05 0.846827 9.9973E-05 9.9973E-05 0.0489422 0.0500139
9.9955E-05 9.9955E-05 0.852385 9.9955E-05 9.9955E-05 0.147116 9.9955E-05
0.141512 9.9964E-05 0.767272 9.9964E-05 9.9964E-05 0.0908163 9.9964E-05
0.10699 9.9964E-05 0.791713 9.9964E-05 9.9964E-05 0.100897 9.9964E-05
9.9955E-05 9.9955E-05 0.836562 9.9955E-05 9.9955E-05 0.162938 9.9955E-05
9.9982E-05 0.374987 0.110417 0.0579744 9.9982E-05 0.43954 0.0168812
9.9982E-05 0.192304 0.00229821 0.0902385 9.9982E-05 0.694782 0.0201772
0.0181385 0.126101 0.137199 0.0117857 0.00984286 0.591221 0.105712
9.9973E-05 0.694273 9.9973E-05 9.9973E-05 0.101274 0.159854 0.0442992
9.9982E-05 0.196111 0.0800853 0.128003 9.9982E-05 0.549479 0.0461227
9.9982E-05 0.760277 0.072429 0.00846991 9.9982E-05 0.152156 0.00646808
0.059374 0.186247 0.0821621 0.0162322 0.0491981 0.590495 0.0162913
9.9982E-05 0.322016 0.0277317 0.170527 9.9982E-05 0.448761 0.0307636
9.9973E-05 0.293445 0.0641203 0.0733197 9.9973E-05 0.568815 9.9973E-05
9.9991E-05 0.0416912 0.0464512 0.0600207 0.0168288 0.579444 0.255464
9.9982E-05 0.264878 0.0530575 0.106036 9.9982E-05 0.517003 0.0588259
9.9982E-05 0.153174 0.0955178 0.0325861 9.9982E-05 0.691994 0.026528
9.9973E-05 0.254274 0.0702323 0.0541022 9.9973E-05 0.621091 9.9973E-05
0.0672712 0.0776728 9.9982E-05 0.414201 0.158637 9.9982E-05 0.282018
9.9973E-05 0.776388 9.9973E-05 0.0721829 0.0777263 9.9973E-05 0.0734023
9.9964E-05 0.722267 9.9964E-05 0.0537938 9.9964E-05 0.223539 9.9964E-05
0.0142389 0.228777 0.120967 0.00954009 9.9982E-05 0.626277 9.9982E-05
9.9973E-05 0.306957 0.070942 0.0875176 9.9973E-05 0.534283 9.9973E-05
9.9982E-05 0.24326 0.0896194 0.0433319 9.9982E-05 0.569322 0.0542665
0.1239 0.00763439 0.0759386 0.00959253 0.15039 0.600349 0.0321948
