0.903534 9.9973E-05 9.9973E-05 9.9973E-05 0.0220915 0.00824241 0.0658325
0.89864 0.0314852 9.9973E-05 9.9973E-05 9.9973E-05 0.0500141 0.0195604
0.814524 9.9982E-05 0.00719289 9.9982E-05 0.0542028 0.0898701 0.0340102
0.779747 9.9973E-05 9.9973E-05 9.9973E-05 0.0416675 0.0799527 0.0983325
0.85102 0.0139786 9.9982E-05 9.9982E-05 0.0227601 0.0873303 0.0247113
0.576437 0.136344 0.0976327 9.9991E-05 0.0606557 0.0407315 0.0880992
0.846349 0.0962057 9.9982E-05 0.0144572 9.9982E-05 0.0232757 0.0195128
0.727154 0.0613081 9.9982E-05 0.0796337 9.9982E-05 0.0256604 0.106044
0.849829 0.0118828 0.0191858 0.0635102 9.9982E-05 9.9982E-05 0.0553926
0.703508 0.0784118 9.9982E-05 9.9982E-05 0.0244754 0.11484 0.0785643
0.731302 0.0709016 9.9982E-05 0.0670904 9.9982E-05 0.0296255 0.100881
9.9973E-05 9.9973E-05 0.0274763 0.787757 0.0711728 0.113294 9.9973E-05
0.0119863 9.9973E-05 9.9973E-05 0.443977 0.0683229 0.475414 9.9973E-05
0.0666205 0.0359971 9.9982E-05 0.738886 0.0495434 0.108753 9.9982E-05
0.0403613 9.9982E-05 0.0151524 0.630261 0.107964 0.206061 9.9982E-05
0.141484 0.0287895 0.13721 0.302405 0.0696599 0.320351 9.9991E-05
0.0269221 9.9973E-05 9.9973E-05 0.37778 0.11213 0.482868 9.9973E-05
0.0291138 9.9982E-05 0.155669 0.418685 0.0966887 0.299643 9.9982E-05
0.0879895 9.9982E-05 0.0234952 0.592678 0.0817286 0.213908 9.9982E-05
0.0941882 0.0646953 9.9973E-05 0.835208 9.9973E-05 9.9973E-05 0.00560862
0.00661959 0.110854 0.130024 0.32532 0.141661 0.242412 0.0431097
0.0517335 0.178739 0.0324426 0.329531 0.00615475 0.401299 9.9991E-05
0.00896499 0.0616553 0.128569 0.22684 0.077941 0.458372 0.0376586
9.9973E-05 9.9973E-05 0.125855 0.588792 0.0838912 0.201162 9.9973E-05
0.045979 0.0880139 0.0100602 0.154393 0.0180061 0.627164 0.0563835
0.00840396 9.9973E-05 9.9973E-05 0.420762 0.0379035 0.532631 9.9973E-05
0.00745333 9.9982E-05 0.00504488 0.813393 0.103297 0.0706118 9.9982E-05
9.9973E-05 0.0263534 9.9973E-05 0.716619 0.173965 0.0827625 9.9973E-05
0.00270569 0.141343 9.9991E-05 0.654306 0.0488163 0.13447 0.0182581
0.810145 9.9964E-05 9.9964E-05 9.9964E-05 0.0726131 0.116842 9.9964E-05
0.824868 9.9973E-05 9.9973E-05 0.0319418 0.0394533 0.103437 9.9973E-05
0.768194 9.9982E-05 0.014542 0.0104862 0.0319913 0.174586 9.9982E-05
0.762374 9.9973E-05 0.132426 9.9973E-05 0.0271207 0.0777797 9.9973E-05
0.0292279 0.0811144 0.242529 0.150417 9.9982E-05 0.496512 9.9982E-05
0.084764 9.9991E-05 0.343791 0.0797993 0.0510838 0.419892 0.0205697
0.08442 9.9964E-05 0.388365 9.9964E-05 9.9964E-05 0.526815 9.9964E-05
0.126609 9.9982E-05 0.0784148 0.61755 9.9982E-05 0.0476656 0.129561
9.9973E-05 0.0925023 0.568425 9.9973E-05 0.0132767 0.325496 9.9973E-05
0.0378728 0.0201203 0.184876 0.268383 0.0433493 0.445299 9.9991E-05
0.0106921 0.0506229 0.194831 9.9982E-05 0.0117157 0.731939 9.9982E-05
0.0874007 0.166074 0.0944477 9.9991E-05 0.000796064 0.59093 0.0602514
0.0925089 0.00779619 0.16462 0.0497738 9.9991E-05 0.656931 0.0282707
0.0502407 0.0070953 0.688453 0.15779 0.0291454 0.0264681 0.040807
0.00945351 0.0962363 0.0441174 0.080483 0.0505472 0.607795 0.111368
0.100248 0.106295 0.231425 0.00421634 0.0518461 0.451448 0.0545218
0.111848 9.9991E-05 0.190497 0.0954261 0.104245 0.49467 0.00321368
9.9964E-05 0.0372206 0.693293 9.9964E-05 9.9964E-05 0.269086 9.9964E-05
0.0556656 9.9964E-05 0.306298 9.9964E-05 9.9964E-05 0.637637 9.9964E-05
0.105289 9.9982E-05 0.203252 9.9982E-05 0.128642 0.482349 0.080268
0.0559622 0.31191 0.631728 9.9964E-05 9.9964E-05 9.9964E-05 9.9964E-05
9.9982E-05 0.135271 0.235792 0.351507 9.9982E-05 0.123158 0.154073
0.00206783 0.369006 0.11126 0.488015 9.9982E-05 0.0294502 9.9982E-05
0.11147 0.016938 9.9991E-05 0.286822 0.0469697 0.509944 0.0277559
0.0783505 0.0704075 0.0873266 0.0544702 0.00645003 0.678137 0.0248581
0.0852419 0.13354 0.0720674 0.129486 0.0764139 0.471308 0.0319427
0.129485 0.0970524 0.148365 0.394957 0.00682142 0.110137 0.113182
9.9982E-05 9.9982E-05 0.0078246 0.375914 0.0213734 0.485612 0.109077
0.00830527 0.108383 9.9982E-05 0.302632 0.158407 0.422071 9.9982E-05
0.195828 0.0419574 0.148897 0.251105 9.9991E-05 0.327044 0.0350687
0.230612 0.202868 0.0535486 0.479633 0.00768521 0.0168364 0.00881643
0.0726951 0.0866701 0.0565331 0.198122 0.0320611 0.553818 9.9991E-05
0.114734 0.0690208 9.9991E-05 0.417473 0.0123466 0.331567 0.0547584
0.0801314 0.0619121 0.0598536 0.698163 9.9982E-05 9.9982E-05 0.0997402
9.9982E-05 0.0185667 0.0114213 0.519187 0.00350693 0.447118 9.9982E-05
9.9991E-05 0.0883517 0.0459241 0.117666 0.0425086 0.678214 0.0272356
0.0624226 0.0501545 9.9991E-05 0.279953 0.0775715 0.479167 0.0506313
0.0327992 0.0899077 0.202791 0.391657 0.0117512 0.232201 0.0388926
9.9982E-05 0.00272648 0.0651857 0.44546 0.0951177 0.39131 9.9982E-05
0.0199341 0.06471 0.0186321 0.168997 9.9991E-05 0.618114 0.109512
0.00681234 0.184015 0.0650009 0.580409 9.9991E-05 0.121035 0.0426267
9.9964E-05 9.9964E-05 0.48194 0.0418725 9.9964E-05 0.475788 9.9964E-05
0.00996183 9.9973E-05 0.639649 0.197377 9.9973E-05 0.152712 9.9973E-05
0.0563625 0.0134244 0.381253 0.0109031 0.0484691 0.451912 0.0376757
0.00149726 0.180451 0.805938 9.9982E-05 0.0117175 9.9982E-05 0.000196263
9.9964E-05 0.14305 0.81598 0.0405696 9.9964E-05 9.9964E-05 9.9964E-05
9.9973E-05 9.9973E-05 0.741456 0.0263212 0.0213458 0.210577 9.9973E-05
9.9982E-05 9.9982E-05 0.49566 0.044256 0.0298015 0.407906 0.0221765
0.0724396 0.0723675 0.198929 0.0321795 9.9991E-05 0.544619 0.0793654
9.9982E-05 9.9982E-05 0.436286 0.0811677 0.0883727 0.303362 0.0906118
0.062682 9.9991E-05 0.643808 0.0763676 0.0139107 0.127929 0.0752033
9.9973E-05 9.9973E-05 0.522069 0.0330959 9.9973E-05 0.196242 0.248293
0.0709563 9.9991E-05 0.292695 0.123886 0.180926 0.302972 0.028465
0.00618164 9.9982E-05 0.545784 0.199538 0.0826961 0.165601 9.9982E-05
0.0975024 9.9982E-05 0.461638 0.0183257 9.9982E-05 0.41856 0.00377404
9.9964E-05 0.0482392 0.605035 9.9964E-05 9.9964E-05 0.346326 9.9964E-05
0.0176872 0.289071 0.686971 9.9973E-05 0.00597052 9.9973E-05 9.9973E-05
0.0368892 0.00518709 0.225739 9.9982E-05 9.9982E-05 0.627885 0.104101
0.750525 9.9982E-05 9.9982E-05 0.139115 0.0658809 0.037109 0.00717054
0.909256 9.9955E-05 9.9955E-05 9.9955E-05 9.9955E-05 0.0902438 9.9955E-05
0.874407 9.9964E-05 9.9964E-05 9.9964E-05 0.0245097 0.100683 9.9964E-05
0.914236 9.9955E-05 9.9955E-05 9.9955E-05 9.9955E-05 0.0852643 9.9955E-05
0.860586 9.9982E-05 0.0120995 0.00318967 0.0346491 0.0892757 9.9982E-05
0.857716 0.0252115 9.9982E-05 9.9982E-05 0.0614067 0.0360134 0.0194527
0.934512 9.99551E-05 9.99551E-05 9.99551E-05 9.99551E-05 0.064988 9.99551E-05
0.0659115 0.0431709 0.204586 0.0341158 0.0666555 0.506897 0.0786638
0.0836569 9.9991E-05 0.161811 0.132726 0.0736185 0.471452 0.076636
0.052868 0.00195145 0.813036 0.131844 9.9973E-05 9.9973E-05 9.9973E-05
0.095199 0.0788184 0.169697 0.0343023 0.0350286 0.530176 0.0567787
0.106861 9.9991E-05 0.362419 0.11616 0.0223668 0.365514 0.0265799
0.0411075 9.9982E-05 0.360059 0.0841655 0.074863 0.439606 9.9982E-05
0.0628732 0.00384612 0.354917 0.0639694 0.00617774 0.508117 9.9991E-05
9.9973E-05 0.0084539 0.579227 9.9973E-05 0.111204 0.300816 9.9973E-05
0.0682763 9.9973E-05 0.717399 0.16494 9.9973E-05 9.9973E-05 0.0490857
0.11978 9.9991E-05 0.14063 0.228942 0.0649729 0.433405 0.01217
0.0182175 0.0117169 0.163442 0.0506082 0.0865121 0.624097 0.0454063
0.114241 0.00533364 0.208815 0.0573534 0.0931279 0.494744 0.0263859
0.0262077 0.073495 0.606567 0.00383212 9.9982E-05 0.289698 9.9982E-05
0.0129766 0.0379687 0.395847 9.9973E-05 9.9973E-05 0.552908 9.9973E-05
9.9991E-05 0.0241043 0.447646 0.0410024 0.0132955 0.420699 0.0531529
9.9973E-05 9.9973E-05 0.571326 9.9973E-05 0.134321 0.245825 0.0482283
0.0196681 9.9991E-05 0.452496 0.0817152 0.00535271 0.3888 0.0518675
0.125765 9.9991E-05 0.142706 0.0656917 0.0182413 0.567418 0.0800781
0.0391333 0.161277 9.9991E-05 0.558215 0.00761394 0.20532 0.0283408
0.0667181 0.0686851 9.9991E-05 0.241786 0.0331275 0.437754 0.151829
0.0821786 9.9991E-05 0.0404047 0.184282 0.0223127 0.593345 0.0773771
0.114581 0.0530248 0.131494 0.0168875 0.109226 0.53301 0.0417762
0.075526 9.9964E-05 9.9964E-05 0.51952 9.9964E-05 0.404554 9.9964E-05
0.0590117 0.0074088 9.9991E-05 0.322728 0.0706719 0.465181 0.0748982
0.026561 9.9982E-05 9.9982E-05 0.4235 0.0477386 0.40854 0.0934603
0.0419255 0.0610195 0.107531 0.109146 0.0343045 0.616981 0.0290924
0.0231706 9.9991E-05 0.111741 0.0857308 0.0975254 0.583477 0.0982551
0.0395823 0.0830221 0.0602049 0.306351 9.9991E-05 0.493805 0.0169342
9.9973E-05 9.9973E-05 0.0229621 0.290894 9.9973E-05 0.512863 0.172981
0.0106757 0.0727542 0.0602199 9.9991E-05 0.0368665 0.645801 0.173583
0.128356 0.0345621 0.0828999 0.243673 9.9982E-05 0.51031 9.9982E-05
9.9982E-05 9.9982E-05 0.0843248 0.391732 0.0716893 0.433325 0.0187284
0.0188361 0.121231 9.9991E-05 0.132648 0.0222435 0.632256 0.0726848
0.00673516 0.103082 0.00909737 0.134774 0.0574163 0.557707 0.131189
0.0792505 0.114085 9.9982E-05 0.412252 9.9982E-05 0.331254 0.0629577
0.0428552 0.0305829 0.0374756 0.216829 9.9991E-05 0.666215 0.00594147
0.011562 0.0210848 9.9991E-05 0.210502 0.076632 0.625166 0.0549531
9.9991E-05 0.0504825 0.152164 0.4938 0.0969352 0.13926 0.0672581
0.0293493 0.226754 0.0822579 0.425955 9.9991E-05 0.177884 0.0576997
0.0755582 0.0645958 0.133513 0.0449397 9.9991E-05 0.482099 0.199194
9.9991E-05 0.335495 0.146211 0.294273 0.0320434 0.0669338 0.124944
0.0771006 0.0482588 0.0610525 0.601258 9.9991E-05 0.146444 0.065787
9.9982E-05 0.0560037 0.176273 0.335808 9.9982E-05 0.360411 0.0713034
0.0385948 9.9982E-05 0.120955 0.496631 9.9982E-05 0.196493 0.147126
0.0181533 0.0280599 9.9982E-05 0.558218 9.9982E-05 0.285655 0.109713
0.0518518 0.0485959 0.032426 0.286413 0.0212055 0.559408 9.9991E-05
0.0930375 9.9991E-05 0.0775175 0.115612 0.101349 0.50287 0.109515
0.0866472 0.0532262 0.114292 0.244675 0.0569493 0.44411 9.9991E-05
9.9991E-05 0.299105 0.0759011 0.515861 0.071054 0.0215148 0.016464
0.163219 9.9991E-05 0.145207 0.0303857 0.0754766 0.500091 0.0855213
0.0598516 0.163028 0.0864503 0.118266 0.0170874 0.501382 0.0539347
0.173088 0.498858 0.154148 0.113823 9.9982E-05 9.9982E-05 0.0598831
0.101788 0.0855958 9.9982E-05 0.138046 0.0688003 0.60557 9.9982E-05
0.116152 0.215369 0.269865 9.9982E-05 9.9982E-05 0.314876 0.0835373
0.0982903 0.229984 0.0569368 0.0979621 0.0836395 0.414807 0.0183804
0.101398 0.395111 0.163387 0.0382282 0.0135903 0.251804 0.0364823
0.0921501 0.4494 0.0453788 0.0982835 9.9991E-05 0.214859 0.0998286
0.00999419 0.262001 0.138499 0.0936799 9.9991E-05 0.462266 0.0334589
0.12203 0.124366 0.0558759 0.0880281 0.00524934 0.549399 0.0550517
0.126161 0.0875899 0.13967 0.0937531 0.0633595 0.377331 0.112135
0.0561667 0.444865 0.14207 0.221594 0.135105 9.9982E-05 9.9982E-05
0.0531906 0.124907 0.0436677 0.163897 0.0722636 0.541973 9.9991E-05
9.9982E-05 0.238523 0.181537 0.181108 9.9982E-05 0.342602 0.05603
9.9973E-05 0.12405 0.272961 0.133213 9.9973E-05 0.469477 9.9973E-05
9.9982E-05 0.0835891 0.0714701 9.9982E-05 0.128388 0.559042 0.15731
0.304241 0.260612 9.9982E-05 0.00558003 0.270338 0.159028 9.9982E-05
0.51507 0.340207 9.9964E-05 9.9964E-05 0.144324 9.9964E-05 9.9964E-05
0.451414 0.413189 9.9964E-05 9.9964E-05 0.134997 9.9964E-05 9.9964E-05
0.386493 0.172279 9.9982E-05 9.9982E-05 0.288131 0.146392 0.0065052
9.9973E-05 0.290263 0.0889366 9.9973E-05 9.9973E-05 0.596025 0.0244757
0.0824343 0.0761265 0.134874 0.0666722 0.00666437 0.583712 0.0495166
9.9973E-05 9.9973E-05 0.0037128 0.0951286 0.674274 0.226585 9.9973E-05
0.0299518 9.9982E-05 0.0200026 0.233073 0.393699 0.323073 9.9982E-05
9.9991E-05 0.0119707 0.106319 0.116409 0.413817 0.31431 0.0370737
9.9973E-05 0.482384 0.127951 0.0506543 9.9973E-05 0.338711 9.9973E-05
0.081656 0.201689 0.109862 0.0687442 9.9991E-05 0.495638 0.0423107
9.9982E-05 0.599523 0.0872826 0.104935 0.00445844 0.203601 9.9982E-05
9.99821E-05 0.241102 0.0724981 0.0728843 9.99821E-05 0.575556 0.0377603
0.0603078 0.28271 0.14905 0.0734166 9.9991E-05 0.429655 0.00475982
9.9982E-05 0.278983 9.9982E-05 0.0843087 0.0262109 0.599421 0.0108763
9.9973E-05 0.651 0.0280824 0.120168 9.9973E-05 0.20045 9.9973E-05
0.0540386 0.08211 0.225188 9.9991E-05 0.0660553 0.549956 0.0225526
0.0274458 0.0967949 0.157966 0.00713983 0.0293818 0.663855 0.0174167
9.9955E-05 9.9955E-05 0.0746614 9.9955E-05 0.924839 9.9955E-05 9.9955E-05
9.9964E-05 0.00308799 9.9964E-05 9.9964E-05 0.913558 0.0829539 9.9964E-05
9.9982E-05 0.0465271 0.0352803 0.104401 0.564102 0.24949 9.9982E-05
9.9955E-05 9.9955E-05 9.9955E-05 9.9955E-05 0.646946 0.352554 9.9955E-05
9.9982E-05 9.9982E-05 0.0353206 0.00381008 0.815908 0.125875 0.0188861
9.995E-05 9.995E-05 9.995E-05 9.995E-05 0.9994 9.995E-05 9.995E-05
9.9964E-05 0.0160688 9.9964E-05 9.9964E-05 0.953667 9.9964E-05 0.0298643
9.9955E-05 9.9955E-05 9.9955E-05 9.9955E-05 0.841792 0.157709 9.9955E-05
9.9955E-05 9.9955E-05 9.9955E-05 9.9955E-05 0.973789 9.9955E-05 0.0257111
9.995E-05 9.995E-05 9.995E-05 9.995E-05 0.9994 9.995E-05 9.995E-05
9.995E-05 9.995E-05 9.995E-05 9.995E-05 0.9994 9.995E-05 9.995E-05
0.075227 9.9973E-05 9.9973E-05 0.0365476 0.737182 0.150744 9.9973E-05
0.0194765 9.9982E-05 9.9982E-05 0.0189095 0.824725 0.0903713 0.0463178
9.9955E-05 9.9955E-05 0.0158311 9.9955E-05 0.983669 9.9955E-05 9.9955E-05
0.00999839 0.0261032 0.0858902 0.0092762 0.485237 0.22985 0.153645
9.9991E-05 0.0278966 0.0256173 0.0310404 0.676104 0.191018 0.0482237
0.00100682 0.0115153 0.0821085 0.0162838 0.804064 0.0816926 0.00332916
0.00821181 9.9973E-05 9.9973E-05 9.9973E-05 0.874051 0.0588021 0.0586356
9.9955E-05 9.9955E-05 9.9955E-05 9.9955E-05 0.98209 9.9955E-05 0.0174098
0.0353647 9.9973E-05 9.9973E-05 9.9973E-05 0.858673 0.0828647 0.0227977
9.995E-05 9.995E-05 9.995E-05 9.995E-05 0.9994 9.995E-05 9.995E-05
0.115032 9.9982E-05 0.0410538 0.132572 0.574491 0.136651 9.9982E-05
0.00626613 9.9982E-05 0.0500134 0.040097 0.898767 0.00465618 9.9982E-05
0.342252 0.584312 0.0338617 9.9973E-05 0.0392748 9.9973E-05 9.9973E-05
0.177546 0.147728 9.9991E-05 0.0971216 0.0416535 0.403893 0.131958
0.232581 0.123601 0.0775931 9.9991E-05 0.0619007 0.407337 0.096888
0.206906 0.487611 9.9982E-05 9.9982E-05 0.0889735 0.191021 0.0252883
0.0551885 0.179453 0.144065 0.0251273 0.12833 0.385407 0.0824297
0.291774 0.373356 9.9973E-05 9.9973E-05 0.0800494 0.25452 9.9973E-05
0.117787 0.2089 0.101583 0.00526874 0.124225 0.380935 0.0613028
0.122095 0.300523 0.0220863 9.9991E-05 0.156415 0.334222 0.0645582
0.0973225 0.310798 9.9982E-05 0.0233113 0.185862 0.382507 9.9982E-05
0.13527 0.365777 9.9973E-05 9.9973E-05 0.11022 0.388433 9.9973E-05
0.164229 0.17809 9.9991E-05 0.0272068 0.118138 0.474134 0.038102
0.805445 0.0227668 9.9973E-05 9.9973E-05 9.9973E-05 0.0587793 0.112709
0.908802 0.0101064 0.0161629 0.00938399 0.0149248 0.0360145 0.00460574
0.960315 9.9964E-05 0.018863 9.9964E-05 9.9964E-05 9.9964E-05 0.020422
0.943542 9.9982E-05 0.00701919 0.00897503 9.9982E-05 0.0320365 0.00822683
0.917422 0.00518557 9.9982E-05 9.9982E-05 0.0173623 0.0320614 0.0277688
0.895609 0.00109982 9.9973E-05 0.0365348 0.0664565 9.9973E-05 9.9973E-05
0.883435 9.9973E-05 9.9973E-05 9.9973E-05 0.0677193 0.0396884 0.00885768
0.877368 0.0650551 0.0124993 9.9982E-05 9.9982E-05 0.0301573 0.01472
0.876681 0.00634822 0.0291262 0.0383123 9.9991E-05 0.0477034 0.00172907
0.857748 0.0348525 9.9982E-05 0.0254599 0.0744285 0.00731117 9.9982E-05
0.61524 0.0249631 0.0818043 0.194561 9.9982E-05 9.9982E-05 0.0832323
0.569151 9.9973E-05 0.104936 0.164628 9.9973E-05 9.9973E-05 0.160985
0.536879 0.097593 9.9973E-05 0.275178 9.9973E-05 9.9973E-05 0.0900499
0.487664 0.0412507 0.0410702 0.321121 9.9982E-05 9.9982E-05 0.108695
0.0320467 9.9991E-05 0.306986 0.133938 0.0746258 0.44321 0.00909356
0.0285458 0.0292125 0.36396 9.9982E-05 9.9982E-05 0.49354 0.0845415
9.9973E-05 9.9973E-05 0.199482 0.0941354 9.9973E-05 0.556391 0.149692
0.0540554 9.9982E-05 0.239908 0.421469 9.9982E-05 0.25795 0.0264172
9.9982E-05 0.00555741 0.155302 0.531908 9.9982E-05 0.111748 0.195284
0.0942995 0.0382616 0.243941 9.9991E-05 0.045003 0.546193 0.0322019
9.9973E-05 9.9973E-05 0.338945 0.0919803 9.9973E-05 0.521288 0.0474866
9.9982E-05 9.9982E-05 0.402379 0.0943551 0.0443194 0.450048 0.00869927
9.9973E-05 0.0589001 0.585675 9.9973E-05 0.0429213 0.312204 9.9973E-05
0.0365888 9.9982E-05 0.198491 9.9982E-05 0.0485262 0.608301 0.107893
0.0101041 0.000586971 0.468321 0.0513948 9.9991E-05 0.369284 0.100209
9.9973E-05 0.140129 0.762088 0.0310427 9.9973E-05 9.9973E-05 0.0664401
0.0593945 0.0218854 0.161964 0.168354 9.9991E-05 0.463169 0.125133
0.015169 0.264858 0.443739 9.9991E-05 0.0116051 0.211148 0.0533805
9.9982E-05 0.0177147 0.435958 9.9982E-05 0.0112602 0.492961 0.0419067
0.0395922 9.9982E-05 0.636475 0.20845 9.9982E-05 0.0254728 0.0898094
0.016822 0.0811533 9.9973E-05 9.9973E-05 0.0228607 9.9973E-05 0.878864
9.9964E-05 0.0444609 9.9964E-05 9.9964E-05 9.9964E-05 0.087753 0.867386
9.9964E-05 0.0248323 9.9964E-05 9.9964E-05 9.9964E-05 0.0144109 0.960357
0.0156933 0.0658727 0.0165469 9.9982E-05 9.9982E-05 0.0156439 0.886043
9.9982E-05 0.0289015 9.9982E-05 0.0762056 0.0513137 0.00495281 0.838426
9.9964E-05 9.9964E-05 9.9964E-05 9.9964E-05 0.0246617 0.0712893 0.903649
0.845744 9.9982E-05 0.00829338 9.9982E-05 0.0467674 0.0624394 0.0365558
0.815759 9.9982E-05 9.9982E-05 0.0671085 0.0139141 0.0920664 0.010952
0.740227 9.9973E-05 9.9973E-05 0.00125536 0.101777 0.156441 9.9973E-05
0.73552 9.9982E-05 9.9982E-05 0.106613 0.0940543 0.0394682 0.0241443
0.781796 0.0116537 9.9991E-05 0.0100862 0.0936714 0.098503 0.00419007
0.373498 0.00743874 0.0362427 0.116625 9.9982E-05 9.9982E-05 0.465996
0.485149 0.0429963 0.108966 9.9973E-05 9.9973E-05 9.9973E-05 0.362588
0.402462 9.9982E-05 0.14845 0.0142508 0.00235989 9.9982E-05 0.432277
0.795387 9.9973E-05 9.9973E-05 0.0259589 0.0569469 0.121407 9.9973E-05
0.34016 0.0284709 0.138804 9.9973E-05 9.9973E-05 9.9973E-05 0.492265
0.249015 0.128077 9.9973E-05 9.9973E-05 0.343334 0.279273 9.9973E-05
0.0657584 0.00943491 9.9991E-05 0.172784 0.241639 0.49641 0.0138743
0.174381 9.9964E-05 9.9964E-05 9.9964E-05 0.268204 0.557015 9.9964E-05
0.340739 0.025622 0.0408612 9.9991E-05 0.177878 0.384479 0.0303202
0.112653 9.9991E-05 0.0988628 0.12803 0.290361 0.316808 0.0531859
0.432961 0.23866 9.9964E-05 9.9964E-05 0.327979 9.9964E-05 9.9964E-05
9.9982E-05 0.0899873 0.0761998 0.34082 9.9982E-05 0.382333 0.11046
9.9982E-05 0.267726 0.119924 0.323485 9.9982E-05 0.286197 0.00246711
0.0666876 9.9982E-05 0.0355875 0.551314 9.9982E-05 0.210401 0.135809
9.9982E-05 0.198275 0.121526 0.236871 9.9982E-05 0.435317 0.00781225
9.9973E-05 0.565734 0.186593 0.240828 9.9973E-05 9.9973E-05 0.00654485
0.1028 0.0855002 0.112622 0.230001 0.0790234 0.384073 0.00597994
0.055308 0.223148 0.0121235 0.253173 0.0509702 0.405178 9.9991E-05
0.0175403 0.00686464 0.0984702 0.464417 9.9991E-05 0.334456 0.0781527
0.0871014 9.9982E-05 0.0930611 0.236529 9.9982E-05 0.532196 0.0509126
9.9973E-05 0.294314 0.108514 0.53469 9.9973E-05 0.062182 9.9973E-05
9.9982E-05 0.203354 0.0965973 0.209803 9.9982E-05 0.435988 0.0540583
9.9982E-05 9.9982E-05 0.0324145 0.372797 0.0248544 0.417969 0.151765
0.145192 9.9991E-05 0.179548 0.150293 0.214145 0.266319 0.044403
9.9973E-05 0.153833 0.0308677 0.462126 9.9973E-05 0.352873 9.9973E-05
0.0247807 0.0510297 0.0190212 0.381956 0.0657984 0.352294 0.10512
9.9991E-05 0.110321 0.153126 0.170036 0.096317 0.467192 0.00290752
0.00559465 0.122273 0.127034 0.165365 9.9991E-05 0.545156 0.0344769
0.0585433 9.9991E-05 0.0223339 0.261342 0.0591278 0.56682 0.031733
0.101493 0.0442442 0.14547 0.0362539 0.0495952 0.565178 0.0577656
0.0349599 0.0996741 9.9991E-05 0.339293 0.0508216 0.446119 0.0290322
0.781688 9.9964E-05 9.9964E-05 9.9964E-05 0.0712982 0.146614 9.9964E-05
0.810041 0.0453989 0.0422916 9.9982E-05 0.0240166 0.0780516 9.9982E-05
0.78198 0.0188381 0.0969748 9.9982E-05 9.9982E-05 0.0535878 0.0484198
0.776346 0.035605 0.0455995 9.9991E-05 0.046138 0.0547131 0.0414987
0.803618 9.9973E-05 9.9973E-05 9.9973E-05 0.00672249 0.153257 0.0361022
0.00636865 9.9991E-05 0.113991 0.683195 0.0300392 0.0514013 0.114904
0.0923115 0.102296 0.0366042 0.173708 0.122891 0.439974 0.0322161
0.145803 0.00532534 0.116374 0.162347 0.21587 0.354181 9.9991E-05
0.00588934 0.0872078 9.9982E-05 0.272385 0.0739492 0.560368 9.9982E-05
0.0958135 9.9982E-05 0.114911 0.207681 9.9982E-05 0.475249 0.106145
0.00237829 0.226721 9.9991E-05 0.287526 0.00918457 0.277064 0.197026
0.125699 0.0481256 0.0675219 0.623916 9.9982E-05 9.9982E-05 0.134538
0.00624292 0.0516059 9.9991E-05 0.256597 0.0747187 0.43884 0.171896
0.0953768 0.0356129 0.0849539 0.47997 0.00950275 0.0809264 0.213657
0.038535 0.133199 0.0783862 0.240891 0.0251576 0.412798 0.0710333
0.152149 9.9982E-05 0.0870923 0.580592 0.0291452 9.9982E-05 0.150822
0.11327 9.9991E-05 0.0250041 0.178227 0.0181958 0.582275 0.0829275
0.104629 9.9982E-05 0.0560269 0.655348 9.9982E-05 0.0851814 0.098614
0.0605499 0.224803 9.9991E-05 0.267388 0.0599257 0.315287 0.0719474
0.0538239 0.187634 0.197407 0.0306089 0.0689707 0.406474 0.0550815
9.9982E-05 0.54965 0.00168822 0.0692566 9.9982E-05 0.346 0.0332051
0.0294459 0.159873 0.0497459 9.9982E-05 9.9982E-05 0.639803 0.120933
0.101301 0.133458 0.156101 0.0458067 0.0128962 0.536824 0.0136144
9.9982E-05 0.444676 0.102019 0.0498288 9.9982E-05 0.384045 0.0192312
0.0927348 0.160879 0.0831435 0.137615 0.106858 0.405809 0.0129599
0.023312 0.232105 0.113266 0.00167168 0.00374787 0.557659 0.068238
9.9973E-05 0.660206 0.0814991 9.9973E-05 9.9973E-05 0.102395 0.1556
9.9973E-05 0.651584 0.00627952 9.9973E-05 9.9973E-05 0.319983 0.0218539
9.9982E-05 0.382953 0.0216182 0.00552827 9.9982E-05 0.513824 0.0758761
9.9982E-05 0.479202 0.147927 0.0342511 9.9982E-05 0.22479 0.11363
9.9982E-05 0.209779 0.0530071 0.141313 9.9982E-05 0.499243 0.0964572
0.0467539 9.9982E-05 0.0653056 0.833681 0.0310434 9.9982E-05 0.0230156
9.9982E-05 0.207141 0.0497153 0.473433 9.9982E-05 0.183043 0.086468
0.0426382 9.9991E-05 0.0512471 0.558254 0.0916349 0.24088 0.0152459
9.9982E-05 9.9982E-05 0.0363009 0.249688 0.135842 0.522397 0.0555716
9.9973E-05 9.9973E-05 0.178502 0.562575 9.9973E-05 0.15955 0.0990725
0.0188917 0.156658 0.00493338 0.21211 0.0349676 0.503189 0.0692505
0.103756 0.0245132 0.0961889 0.219524 0.0923739 0.418805 0.044839
0.0502069 0.00769391 0.101929 0.391952 0.0701161 0.351869 0.0262331
9.9982E-05 9.9982E-05 0.0789137 0.478756 0.0796051 0.33037 0.0321551
0.0154765 9.9991E-05 0.09341 0.295217 0.0532142 0.32003 0.222552
9.9982E-05 9.9982E-05 0.0869561 0.659815 0.127218 0.0134115 0.1124
9.9991E-05 0.0213238 0.0696066 0.520759 0.136438 0.176374 0.0753992
9.9982E-05 0.107778 0.00744181 0.287396 9.9982E-05 0.56242 0.0347645
9.9991E-05 0.00844994 0.114137 0.23595 0.0814105 0.535682 0.0242704
0.0332996 0.239087 0.00894275 0.257028 9.9991E-05 0.394754 0.0667891
9.9991E-05 0.0200769 0.0438883 0.369035 0.090705 0.398019 0.0781764
0.106314 0.0360302 9.9991E-05 0.442478 0.0406306 0.291754 0.082693
9.9982E-05 0.0429516 0.0685204 0.194719 9.9982E-05 0.628432 0.0651769
0.026398 9.9991E-05 0.0713789 0.274265 0.0812185 0.450746 0.0958933
0.0592818 0.212036 9.9991E-05 0.149352 0.0206752 0.502303 0.0562521
0.326747 9.9982E-05 0.157599 0.0658763 0.103051 0.346527 9.9982E-05
0.142261 0.0681191 0.0385121 0.0227022 0.192339 0.535967 9.9991E-05
0.1266 0.0654957 9.9991E-05 0.128371 0.166456 0.424346 0.0886313
0.0413857 0.0335286 0.090998 0.121222 0.138692 0.520275 0.0538981
0.240668 9.9982E-05 0.0778745 0.0833451 0.147064 0.450849 9.9982E-05
9.9982E-05 0.0813233 0.137544 0.39933 0.0345446 0.347059 9.9982E-05
0.236518 9.9982E-05 0.138512 0.0979287 0.0778908 0.448951 9.9982E-05
0.22402 0.414742 0.0777577 0.125795 0.157486 9.9982E-05 9.9982E-05
0.0480092 0.00164296 0.0461983 0.222915 0.289961 0.326886 0.0643884
0.175777 9.9991E-05 0.075405 0.037371 0.0707209 0.601694 0.038933
0.0406214 0.116064 9.9991E-05 0.138768 0.263662 0.38028 0.060504
0.190646 0.0613069 0.144517 0.185573 0.164757 0.253101 9.9991E-05
0.240911 0.103003 9.9973E-05 9.9973E-05 9.9973E-05 0.643709 0.0120777
0.104925 0.205142 9.9973E-05 9.9973E-05 0.189084 0.50055 9.9973E-05
0.48463 0.328059 9.9964E-05 9.9964E-05 0.186912 9.9964E-05 9.9964E-05
0.260242 0.0257179 9.9982E-05 0.0418532 0.227024 0.444963 9.9982E-05
0.14068 0.080014 0.102953 9.9991E-05 0.249708 0.414186 0.0123587
0.130123 0.028353 0.102928 0.07972 0.0434293 0.615347 9.9991E-05
0.202776 0.0346997 9.9973E-05 9.9973E-05 0.150367 0.611857 9.9973E-05
0.149933 0.0760082 9.9991E-05 0.0678961 0.257788 0.413667 0.0346083
9.9991E-05 0.238574 0.159109 0.065384 0.0737783 0.403061 0.059994
0.0713486 0.0964399 0.285918 0.104933 0.06503 0.362665 0.0136645
9.9973E-05 0.526781 0.215529 0.252498 9.9973E-05 0.00489227 9.9973E-05
9.9982E-05 0.640806 0.160944 0.112215 9.9982E-05 0.0656986 0.0201356
9.9982E-05 0.177098 0.133661 0.154672 0.103379 0.430989 9.9982E-05
0.0661756 0.139267 9.9982E-05 0.135652 0.264349 0.394356 9.9982E-05
0.100983 0.192711 0.0419264 9.9982E-05 0.308527 0.355652 9.9982E-05
0.178393 0.279478 9.9982E-05 0.0516876 0.293189 0.197051 9.9982E-05
0.177034 0.165229 9.9982E-05 0.0419305 0.246292 0.369315 9.9982E-05
0.0646487 0.665157 0.00185099 0.0451202 0.0660347 0.157088 9.9991E-05
0.0811525 0.561741 9.9973E-05 9.9973E-05 0.101664 0.255142 9.9973E-05
9.9973E-05 0.214669 0.1563 9.9973E-05 0.139752 0.488979 9.9973E-05
0.0336618 0.272659 0.138141 9.9982E-05 0.136338 0.418999 9.9982E-05
0.0387315 0.491609 0.00995427 0.0960228 0.111454 0.249076 0.00315237
0.0685914 0.223858 0.00234306 0.143601 0.102631 0.458875 9.9991E-05
9.9973E-05 0.277694 9.9973E-05 0.0790647 0.0809025 0.562039 9.9973E-05
0.068316 0.138232 0.122551 9.9991E-05 0.192657 0.424407 0.0537363
9.9982E-05 0.342218 0.126139 0.203594 9.9982E-05 0.319236 0.00861414
9.9973E-05 0.334237 0.0283697 0.255127 9.9973E-05 0.381967 9.9973E-05
0.0198792 0.256239 0.0689688 0.00774221 0.0181778 0.595545 0.0334474
0.0156917 0.365982 0.0444154 9.9982E-05 9.9982E-05 0.486847 0.086864
0.0948993 0.132544 0.129584 0.0923283 0.0672125 0.483332 9.9991E-05
9.9982E-05 0.375631 0.053696 0.0715951 9.9982E-05 0.489852 0.00902597
9.9982E-05 0.547261 0.0958845 0.0299838 9.9982E-05 0.268759 0.0579117
9.9973E-05 0.256998 0.14102 9.9973E-05 0.0245407 0.577141 9.9973E-05
9.9973E-05 0.501708 0.0325938 0.205839 9.9973E-05 0.259559 9.9973E-05
9.9973E-05 0.40504 9.9973E-05 0.102567 9.9973E-05 0.483595 0.00849816
0.031418 0.143397 0.197882 0.0624632 0.100176 0.387306 0.0773581
0.0270614 0.222916 0.0740195 0.175413 9.9982E-05 0.500389 9.9982E-05
0.140568 0.0987883 9.9991E-05 0.0565514 0.215239 0.457724 0.0310295
0.195002 0.164066 0.0272137 0.0975992 0.0723678 0.391855 0.0518966
0.164839 0.151826 0.0219955 9.9991E-05 0.226658 0.348276 0.0863049
0.121541 0.124538 0.0132106 0.0449451 0.200957 0.350118 0.144691
0.207432 0.0323709 0.0354841 0.0408045 0.170712 0.487239 0.0259575
0.162075 0.149844 0.0687025 0.0668378 0.112237 0.440204 9.9991E-05
0.116848 0.642976 9.9973E-05 9.9973E-05 0.1711 9.9973E-05 0.0687765
0.0388293 0.0360256 9.9982E-05 9.9982E-05 0.196657 0.614204 0.114084
0.355942 0.506818 9.9964E-05 9.9964E-05 0.13684 9.9964E-05 9.9964E-05
0.0142191 0.208679 9.9982E-05 0.0556324 0.226791 0.494479 9.9982E-05
9.9973E-05 0.600786 0.256081 9.9973E-05 9.9973E-05 0.14101 0.00182299
9.9964E-05 0.620197 0.218594 0.160808 9.9964E-05 9.9964E-05 9.9964E-05
9.9973E-05 0.291339 0.147316 0.0654646 9.9973E-05 0.495581 9.9973E-05
9.9973E-05 0.211811 0.0909387 0.0298323 9.9973E-05 0.667118 9.9973E-05
9.9973E-05 0.368148 0.136943 0.0732914 9.9973E-05 0.421318 9.9973E-05
9.9982E-05 0.244003 0.237729 0.00388072 9.9982E-05 0.492186 0.0220016
9.9973E-05 0.310919 0.114467 0.0228292 9.9973E-05 0.551485 9.9973E-05
0.776836 0.0450531 9.9991E-05 0.0317531 0.0599208 0.0697509 0.0165858
0.697547 0.0186229 9.9982E-05 0.0618317 0.118958 9.9982E-05 0.10284
0.88909 9.9973E-05 9.9973E-05 0.0107152 0.0601336 9.9973E-05 0.0397615
0.923975 9.9955E-05 9.9955E-05 9.9955E-05 9.9955E-05 0.0755252 9.9955E-05
0.033348 0.00890594 0.299255 0.156585 0.139231 0.362575 9.9991E-05
0.0951538 9.9991E-05 0.318994 0.0338767 0.0338214 0.475314 0.0427396
9.9964E-05 9.9964E-05 0.514449 0.0738813 9.9964E-05 0.41127 9.9964E-05
0.109665 9.9973E-05 0.284234 0.0762809 9.9973E-05 0.529521 9.9973E-05
0.042688 0.0635365 0.196959 9.9991E-05 0.0719568 0.507052 0.117707
0.00171301 0.0687249 0.65283 0.0469684 9.9991E-05 0.206113 0.0235509
0.0263991 9.9982E-05 0.32471 0.0614253 0.0413389 0.545926 9.9982E-05
9.9964E-05 0.112545 0.493767 9.9964E-05 9.9964E-05 0.393289 9.9964E-05
0.286762 9.9982E-05 0.0669175 0.105628 0.0544496 0.486043 9.9982E-05
9.9982E-05 0.082804 0.39862 9.9982E-05 0.0709041 0.382331 0.0651414
9.9973E-05 9.9973E-05 0.605966 0.0168141 9.9973E-05 0.281604 0.0953165
0.0049417 9.9982E-05 0.426999 0.0779374 9.9982E-05 0.469065 0.0208569
0.00838046 0.0123373 0.476794 0.019511 0.0135881 0.391136 0.0782529
0.0243779 0.0795302 0.314425 9.9982E-05 0.00265784 0.578809 9.9982E-05
0.0754629 9.9973E-05 0.381671 9.9973E-05 9.9973E-05 0.522268 0.020298
9.9964E-05 0.0721517 0.855712 9.9964E-05 9.9964E-05 0.0717362 9.9964E-05
0.00922106 0.047966 0.669089 0.0690222 0.0440398 0.160562 9.9991E-05
9.9973E-05 0.0145128 0.660843 9.9973E-05 9.9973E-05 0.253384 0.0709605
9.9955E-05 0.208086 0.791414 9.9955E-05 9.9955E-05 9.9955E-05 9.9955E-05
0.0229128 9.9991E-05 0.453698 0.0650546 0.0116132 0.406101 0.0405197
9.9973E-05 0.284909 0.610858 9.9973E-05 9.9973E-05 0.0896065 0.0143271
9.9955E-05 0.297967 0.701533 9.9955E-05 9.9955E-05 9.9955E-05 9.9955E-05
0.029059 0.0735451 0.372935 9.9982E-05 0.0234132 0.500847 9.9982E-05
0.031218 9.9982E-05 0.725463 0.0705688 9.9982E-05 0.144078 0.0284724
0.0120678 9.9991E-05 0.463724 0.116402 0.0629358 0.324841 0.0199289
0.0657729 0.080129 0.237197 0.0442038 0.0493074 0.521948 0.00144145
9.9973E-05 9.9973E-05 0.428316 0.00114075 9.9973E-05 0.524607 0.0456366
9.9982E-05 0.16634 0.0827682 0.415779 0.105093 0.22982 9.9982E-05
9.9982E-05 9.9982E-05 0.304544 0.0531895 0.0445287 0.533946 0.063592
0.0661686 9.9982E-05 0.347526 0.173904 0.0487434 0.363458 9.9982E-05
9.9973E-05 0.0389977 0.68972 9.9973E-05 9.9973E-05 0.270143 0.000839213
0.0945585 0.0616793 0.220999 0.0417748 9.9991E-05 0.501647 0.079241
0.636641 0.0842006 9.9973E-05 0.171537 9.9973E-05 9.9973E-05 0.107321
0.768543 0.0393263 0.0730004 0.0701451 9.9991E-05 0.041641 0.00724393
0.823884 0.0387448 9.9973E-05 0.0559972 9.9973E-05 9.9973E-05 0.0810737
0.813939 0.0483206 0.018405 0.00378907 9.9982E-05 9.9982E-05 0.115346
0.692099 0.0338922 9.9973E-05 9.9973E-05 9.9973E-05 0.0354176 0.238291
0.0455749 9.9982E-05 0.635611 0.242018 0.0490881 0.0275084 9.9982E-05
0.0468113 9.9982E-05 0.730219 0.0371092 9.9982E-05 0.113051 0.0726088
9.9964E-05 0.111033 0.757464 9.9964E-05 9.9964E-05 0.131103 9.9964E-05
0.123609 0.056657 0.22747 0.0179837 0.203742 0.370438 9.9991E-05
0.0735104 0.0208148 0.087726 9.9991E-05 0.0312376 0.643749 0.142862
0.0701597 0.00494303 0.660166 9.9982E-05 0.0293767 0.235154 9.9982E-05
9.9973E-05 9.9973E-05 0.2642 0.0345571 0.123118 0.577825 9.9973E-05
0.0384936 0.0873138 0.436369 9.9982E-05 0.0540933 0.383531 9.9982E-05
9.9973E-05 0.0565654 0.30407 0.156917 9.9973E-05 0.482147 9.9973E-05
9.9991E-05 0.0719824 0.185814 0.0466325 0.0292172 0.560277 0.105977
9.9982E-05 9.9982E-05 0.531425 0.161052 0.0617126 0.197817 0.0477934
9.9964E-05 9.9964E-05 0.628211 0.108216 9.9964E-05 0.263173 9.9964E-05
9.9982E-05 9.9982E-05 0.539053 0.162298 0.0159994 0.248996 0.0334541
0.103569 0.150635 0.0710053 0.0502708 9.9991E-05 0.569915 0.0545051
0.0319683 9.9973E-05 0.533097 0.117848 9.9973E-05 0.316787 9.9973E-05
9.9982E-05 9.9982E-05 0.521122 0.0269371 0.0361405 0.362131 0.0534692
0.048239 9.9973E-05 0.129303 9.9973E-05 0.484089 0.338069 9.9973E-05
0.12526 0.0585072 9.9982E-05 9.9982E-05 0.39742 0.413988 0.00462426
0.0186515 0.0213619 9.9982E-05 0.00918943 0.491301 0.459297 9.9982E-05
0.122042 0.0859947 0.0461778 9.9982E-05 0.477933 0.267652 9.9982E-05
0.156535 0.0222047 0.0480671 0.0477789 0.294003 0.414511 0.0168996
9.9973E-05 0.120428 0.31486 0.0256555 9.9973E-05 0.538757 9.9973E-05
0.2026 0.0462583 9.9973E-05 9.9973E-05 0.696937 0.0539038 9.9973E-05
0.143871 0.0157788 0.044903 9.9982E-05 0.492185 0.303062 9.9982E-05
0.093987 0.181092 0.0610068 9.9991E-05 0.176177 0.465558 0.0220786
0.105506 0.210958 9.9973E-05 9.9973E-05 9.9973E-05 0.613804 0.0694318
0.122399 0.296074 9.9982E-05 0.00469249 9.9982E-05 0.492916 0.083719
0.0797779 0.132021 0.053097 0.043241 9.9991E-05 0.636374 0.0553894
0.079221 0.155576 0.039981 0.0540501 9.9991E-05 0.60086 0.0702121
0.214135 0.00358651 9.9973E-05 9.9973E-05 0.402041 0.379938 9.9973E-05
0.136175 0.0103553 0.0759302 0.12549 0.30528 0.346669 9.9991E-05
0.0645443 0.0111192 9.9973E-05 9.9973E-05 0.430447 0.49359 9.9973E-05
0.0309472 0.121577 9.9982E-05 9.9982E-05 0.327189 0.361758 0.158328
0.112985 9.9973E-05 0.111894 9.9973E-05 0.514809 0.260013 9.9973E-05
0.13777 9.9991E-05 0.0408069 0.0793629 0.305494 0.374444 0.0620216
0.112802 0.0466226 9.9991E-05 0.0760382 0.589411 0.150996 0.0240313
0.0202603 9.9982E-05 9.9982E-05 0.101046 0.434191 0.415335 0.0289678
0.0651155 0.256398 0.0497923 9.9991E-05 0.0277399 0.514576 0.0862777
0.152792 0.0865697 9.9982E-05 9.9982E-05 0.286026 0.398877 0.0755351
0.21084 9.9964E-05 9.9964E-05 9.9964E-05 0.545802 0.242958 9.9964E-05
0.126037 0.0548138 0.0289301 0.089527 0.333431 0.317648 0.0496126
0.137052 0.252804 0.0702987 0.0868893 9.9991E-05 0.227361 0.225495
0.0481409 0.175835 0.0309841 0.0562394 0.0740747 0.613028 0.00169761
0.202639 0.0494783 0.0106738 0.128232 0.293307 0.315569 9.9991E-05
0.0863525 0.0966665 9.9982E-05 0.0977158 9.9982E-05 0.661979 0.0570862
0.172292 0.105446 0.117198 0.0611534 9.9991E-05 0.53119 0.0126205
0.214729 0.183366 0.0130099 0.00731121 0.191631 0.379928 0.0100237
0.216541 0.0777749 0.0174561 0.126418 0.23814 0.323569 9.9991E-05
0.113045 0.0988364 9.9991E-05 0.0656151 0.041584 0.608241 0.0725783
0.0873463 0.0451585 0.0350994 9.9982E-05 0.457977 0.374219 9.9982E-05
0.108714 0.0276135 0.0353128 9.9991E-05 0.400715 0.417711 0.00983319
0.193975 0.039478 9.9982E-05 0.00511979 0.583153 0.178074 9.9982E-05
0.156566 0.0982211 0.0937385 0.0493424 0.0263631 0.570638 0.00513087
0.093387 0.169251 0.0755495 0.159663 9.9991E-05 0.474399 0.0276513
0.0806183 0.590989 9.9982E-05 9.9982E-05 0.00181719 0.240638 0.0857376
0.119319 0.0781849 0.159006 9.99977E-05 0.0590717 0.499063 0.0852561
0.156994 0.0709076 0.0523655 0.218199 9.9991E-05 0.430656 0.0707779
0.187875 0.154713 0.0416192 0.00347118 0.10248 0.509741 9.9991E-05
0.115461 0.060157 0.0603646 0.0123011 0.146544 0.463137 0.142035
0.321351 0.493862 9.9964E-05 9.9964E-05 0.184387 9.9964E-05 9.9964E-05
0.312942 0.563923 9.9964E-05 9.9964E-05 0.122735 9.9964E-05 9.9964E-05
0.104846 0.328735 9.9982E-05 0.0794105 0.0911901 0.395619 9.9982E-05
0.314036 0.414069 9.9973E-05 0.0577651 0.21383 9.9973E-05 9.9973E-05
0.409596 0.372408 9.9964E-05 9.9964E-05 0.217597 9.9964E-05 9.9964E-05
0.115542 0.301965 9.9982E-05 9.9982E-05 0.142237 0.398879 0.0411775
0.205417 0.231503 9.9982E-05 0.0926258 0.144663 0.325591 9.9982E-05
0.240009 0.330134 9.9982E-05 9.9982E-05 0.174084 0.207121 0.0484521
0.318468 0.381961 9.9982E-05 0.0434939 0.135614 0.120263 9.9982E-05
0.145681 0.249575 9.9982E-05 0.0516145 0.117718 0.435212 9.9982E-05
0.204075 0.37333 0.0738049 0.0961927 0.13237 0.120128 9.9991E-05
0.437131 0.500642 9.9964E-05 9.9964E-05 0.0618268 9.9964E-05 9.9964E-05
0.133098 0.0689415 0.0541288 0.116744 0.159658 0.467329 9.9991E-05
0.170027 0.225512 9.9982E-05 0.0424833 0.292115 0.269664 9.9982E-05
0.295816 9.9982E-05 0.0491408 9.9982E-05 0.152957 0.490181 0.0117062
0.149322 9.9973E-05 9.9973E-05 0.0536197 0.266992 0.529766 9.9973E-05
0.198864 9.9982E-05 0.0390892 0.0546505 0.148749 0.558447 9.9982E-05
0.168074 0.0928953 0.0226888 0.0209649 0.21083 0.484447 9.9991E-05
0.309305 9.9973E-05 9.9973E-05 0.138057 0.256961 0.295377 9.9973E-05
0.240881 0.00259399 0.0276216 0.0704238 0.121626 0.536754 9.9991E-05
0.233279 9.9973E-05 0.0823568 9.9973E-05 0.229794 0.45427 9.9973E-05
0.233797 0.109544 9.9982E-05 0.0985513 0.272822 0.285086 9.9982E-05
0.156075 0.0630182 0.274771 0.144383 0.137339 0.21548 0.00893331
0.109229 0.0328794 0.0973005 0.167557 0.0813372 0.511596 9.9991E-05
0.153068 0.0483261 0.0216254 0.0873211 0.131928 0.557631 9.9991E-05
0.143523 9.9991E-05 0.0948662 0.0535886 0.103153 0.499377 0.105392
0.233043 0.0793981 9.9982E-05 9.9982E-05 0.264201 0.364598 0.0585592
0.187778 9.9982E-05 0.0322879 9.9982E-05 0.169333 0.560536 0.0498656
0.386565 0.218714 0.00653009 9.9982E-05 0.192859 0.195133 9.9982E-05
0.158851 0.0282339 0.0487127 0.0669323 0.253836 0.443334 9.9991E-05
0.2404 0.16773 9.9982E-05 0.0895721 0.339969 0.16213 9.9982E-05
0.753209 0.0495301 0.0722424 9.9982E-05 0.00367615 9.9982E-05 0.121142
0.0761176 9.9991E-05 0.0641008 0.31949 0.0167544 0.0200937 0.503343
9.9955E-05 9.9955E-05 9.9955E-05 0.226236 9.9955E-05 9.9955E-05 0.773264
9.9955E-05 9.9955E-05 9.9955E-05 0.266269 9.9955E-05 9.9955E-05 0.733231
9.9964E-05 0.00901156 9.9964E-05 0.297095 9.9964E-05 9.9964E-05 0.693494
9.9973E-05 9.9973E-05 9.9973E-05 0.225117 0.0343472 0.019801 0.720435
9.9964E-05 9.9964E-05 9.9964E-05 0.21199 9.9964E-05 0.0118361 0.775774
0.010223 9.9964E-05 9.9964E-05 0.283207 9.9964E-05 9.9964E-05 0.70617
0.175104 9.9964E-05 9.9964E-05 0.275169 9.9964E-05 9.9964E-05 0.549327
0.897612 9.9973E-05 9.9973E-05 9.9973E-05 0.0169894 0.0628155 0.022283
0.788731 9.9973E-05 9.9973E-05 9.9973E-05 0.0206867 0.0698684 0.120414
0.853485 0.0377003 0.0308738 9.9991E-05 0.0412717 0.03436 0.00220891
0.818323 0.0698671 9.9982E-05 0.0696702 9.9982E-05 0.0163385 0.0256009
0.874071 9.9973E-05 9.9973E-05 0.0397823 0.0734142 0.0124324 9.9973E-05
0.887483 0.0488392 9.9982E-05 0.0528682 0.00270088 9.9982E-05 0.00790894
0.726951 0.0448637 9.9973E-05 0.102802 0.125084 9.9973E-05 9.9973E-05
0.833847 0.000685004 9.9973E-05 9.9973E-05 0.0737055 0.0914626 9.9973E-05
0.705744 9.9982E-05 9.9982E-05 0.0907665 0.0263891 0.105592 0.0713089
0.878628 9.9964E-05 0.0217235 9.9964E-05 0.0992489 9.9964E-05 9.9964E-05
0.936722 9.9973E-05 0.000957873 9.9973E-05 9.9973E-05 0.0180201 0.0439999
0.834446 0.0115675 0.0354905 9.9991E-05 0.0434015 0.0554039 0.0195904
0.916547 9.9955E-05 9.9955E-05 9.9955E-05 9.9955E-05 9.9955E-05 0.0829532
0.87457 0.00508234 9.9982E-05 9.9982E-05 0.0359117 0.0652339 0.0190023
0.821526 9.9982E-05 0.0419482 9.9982E-05 0.0919986 0.00672693 0.0376008
0.824185 9.9964E-05 9.9964E-05 9.9964E-05 0.0367218 0.138694 9.9964E-05
0.7703 9.9964E-05 9.9964E-05 9.9964E-05 0.138158 0.0911418 9.9964E-05
0.777153 9.9964E-05 9.9964E-05 9.9964E-05 0.102637 0.11981 9.9964E-05
0.785789 9.9973E-05 0.0122345 9.9973E-05 0.0687368 0.13294 9.9973E-05
0.13738 0.190316 0.0995701 0.050926 9.9991E-05 0.426152 0.0955559
0.0128281 0.0826771 0.138148 9.9982E-05 9.9982E-05 0.679483 0.0866634
0.109924 0.0944186 0.0299489 0.0314489 0.0134207 0.63596 0.0848784
9.9973E-05 0.741902 0.000564588 9.9973E-05 9.9973E-05 0.211295 0.0459383
0.114888 0.142878 0.0245723 0.0412115 9.9991E-05 0.578095 0.0982552
0.133007 0.616821 9.9964E-05 9.9964E-05 9.9964E-05 0.249772 9.9964E-05
0.0981252 0.226925 9.9982E-05 9.9982E-05 0.00708104 0.635545 0.0321242
0.0555989 0.191187 0.0326133 0.184853 9.9991E-05 0.424036 0.111612
0.0772922 0.0994335 0.0581145 0.0909764 9.9991E-05 0.611881 0.0622021
0.062244 0.00365008 0.303569 0.130421 9.9982E-05 0.499915 9.9982E-05
0.0456021 0.180265 0.0858534 0.0501821 9.9991E-05 0.489579 0.148418
0.0310614 0.174297 9.9973E-05 9.9973E-05 9.9973E-05 0.743233 0.0511089
0.0568117 0.131574 0.091776 0.00275885 9.9991E-05 0.584812 0.132167
9.9982E-05 0.292301 0.0327433 0.521884 0.0402277 9.9982E-05 0.112645
9.9964E-05 0.807211 9.9964E-05 9.9964E-05 9.9964E-05 0.0312862 0.161103
0.0484391 0.631369 9.9982E-05 9.9982E-05 0.00308333 0.212773 0.104136
0.0779873 0.115852 0.0561016 0.0577709 0.0362168 0.627423 0.0286482
0.122431 0.204529 0.0747902 0.0112437 0.0115745 0.546345 0.0290868
0.0984428 0.29829 9.9973E-05 0.0542991 9.9973E-05 0.548668 9.9973E-05
9.9982E-05 0.133743 0.083308 9.9982E-05 0.0790208 0.650181 0.0535479
