0.00390895 0.879338 0.106018 9.9973E-05 9.9973E-05 0.0104345 9.9973E-05
9.9973E-05 0.919707 0.0147458 9.9973E-05 0.0410151 9.9973E-05 0.0242321
0.0887223 0.809477 0.026324 0.0751767 9.9973E-05 9.9973E-05 9.9973E-05
0.0172375 0.821475 0.0632193 0.0735708 9.9982E-05 9.9982E-05 0.0242976
0.0694216 0.855263 9.9973E-05 0.0265401 9.9973E-05 9.9973E-05 0.0484759
0.081819 0.551122 0.0535739 0.0739495 0.0712299 0.168205 9.9991E-05
0.0110927 0.803742 0.0422394 0.0124438 0.0259417 0.10444 9.9991E-05
0.00146798 0.748205 0.116338 0.0124429 0.0017673 0.108869 0.0109107
9.99729E-05 0.80372 0.0905705 9.99729E-05 0.0441051 0.0613042 9.99729E-05
0.101004 0.658185 0.0249702 0.0365029 9.9991E-05 0.173902 0.00533687
0.041925 0.680733 0.135968 9.9973E-05 9.9973E-05 0.141074 9.9973E-05
0.197135 9.9982E-05 0.502397 0.102713 0.184287 0.0132691 9.9982E-05
0.433213 0.0254006 0.297744 0.101969 0.0795256 0.0620487 9.9991E-05
0.216294 0.0426746 0.396509 0.0511125 0.134612 9.9991E-05 0.158697
0.323148 0.0302484 0.374507 0.154206 0.0213462 0.0227399 0.0738043
0.394944 0.0938163 0.249116 0.096778 0.062332 0.0476743 0.0553395
0.597077 0.0889325 0.128903 0.0409377 9.9991E-05 0.0826927 0.0613577
0.459696 9.9991E-05 0.210641 0.116737 0.184916 0.00973102 0.0181787
0.268573 0.138815 0.331677 0.107591 0.153145 9.9982E-05 9.9982E-05
0.016644 0.0269861 0.664668 0.0810895 0.0691292 0.0844211 0.0570623
0.338801 9.9991E-05 0.244137 0.105905 0.199123 0.0318485 0.0800859
0.561432 9.9973E-05 0.200409 9.9973E-05 0.0976769 0.140182 9.9973E-05
0.449227 0.00249429 0.189694 0.103288 0.176229 0.0391124 0.0399549
0.328774 0.000538826 0.325757 0.068282 0.204845 0.0717043 9.9991E-05
0.655 0.0774853 0.116661 0.0382725 9.9991E-05 0.0748628 0.0376184
0.45539 0.0246765 0.294477 0.105233 0.120023 9.9982E-05 9.9982E-05
0.177544 0.0384166 0.419531 0.121952 0.217808 9.9991E-05 0.024648
0.218005 0.00709845 0.442495 0.191001 0.0826306 0.0586702 9.9991E-05
0.259477 9.9982E-05 0.484012 9.9982E-05 0.0827301 0.0627047 0.110877
0.116741 0.844995 9.9964E-05 0.0378642 9.9964E-05 9.9964E-05 9.9964E-05
0.1702 0.8293 9.9955E-05 9.9955E-05 9.9955E-05 9.9955E-05 9.9955E-05
0.124653 0.802617 0.0012303 0.045962 9.9982E-05 9.9982E-05 0.0253375
0.107227 0.777989 9.9973E-05 0.0807292 0.0337552 9.9973E-05 9.9973E-05
0.481603 0.00427481 0.0956055 0.0262661 0.295381 9.9991E-05 0.0967694
0.446863 0.125774 0.123024 0.025979 0.265648 0.00186613 0.0108451
0.470182 0.00837543 9.9973E-05 0.0485871 0.472556 9.9973E-05 9.9973E-05
0.193868 0.0990669 0.577532 9.9982E-05 0.119951 0.00938138 9.9982E-05
0.230366 0.0265866 9.9991E-05 0.0418775 0.659046 0.0122931 0.0297311
0.523787 0.0744717 0.0933337 0.0197128 0.282398 9.9991E-05 0.0061963
0.634006 0.00157569 9.9973E-05 0.0656318 0.298486 9.9973E-05 9.9973E-05
0.594951 0.0738759 0.100518 0.036146 0.10809 0.0863193 9.9991E-05
0.608443 0.124676 0.0954666 9.9973E-05 0.171115 9.9973E-05 9.9973E-05
0.142174 0.00433852 0.0904837 9.9982E-05 0.733906 0.0288973 9.9982E-05
0.571439 0.0223853 0.0964211 0.0231728 0.117621 0.16886 9.9991E-05
0.473431 0.0234794 0.0515547 0.144569 0.217632 0.0706646 0.01867
0.561128 0.13554 9.9973E-05 9.9973E-05 0.143295 0.159736 9.9973E-05
0.35737 9.9964E-05 9.9964E-05 9.9964E-05 0.595302 9.9964E-05 0.0469277
0.635236 0.00396032 9.9982E-05 0.0159456 0.332815 0.0118429 9.9982E-05
0.487487 0.136238 9.9991E-05 0.0906604 0.273913 0.005938 0.00566371
9.9964E-05 0.03632 9.9964E-05 9.9964E-05 0.711316 0.251964 9.9964E-05
0.17803 9.9982E-05 0.443308 9.9982E-05 0.229186 0.116075 0.0332021
0.0586849 9.9982E-05 0.247639 9.9982E-05 0.269034 0.287898 0.136544
0.622956 0.145927 0.162357 9.9991E-05 0.041269 0.0145116 0.0128793
0.665615 0.0908901 0.0679815 0.0175184 0.0418432 0.0342915 0.0818605
0.585566 0.0563068 0.0594134 0.0169903 0.146933 0.0999005 0.0348904
0.18555 0.0930918 0.264634 9.9991E-05 0.299264 0.142662 0.0146987
0.607284 0.0661082 0.248739 9.9982E-05 0.0608276 9.9982E-05 0.0168411
0.578597 0.0487191 0.18515 0.0442383 0.0182879 0.124907 9.9991E-05
0.362622 0.102951 0.176417 9.9982E-05 0.260023 0.0977874 9.9982E-05
0.054263 0.161054 0.330366 0.0797838 0.176585 0.162043 0.0359048
0.62628 0.0730931 0.0744453 9.9991E-05 0.0714604 0.0432813 0.11134
0.428767 0.0746974 0.270721 0.00786486 0.0570617 0.0318259 0.129063
0.0577953 0.00908498 0.517363 9.9991E-05 0.233141 0.1764 0.00611527
0.477549 9.9991E-05 0.238757 0.0234508 0.0760041 0.0488646 0.135275
0.602613 9.9973E-05 0.181719 0.0491754 9.9973E-05 9.9973E-05 0.166193
0.518057 0.104154 0.192878 9.9991E-05 0.104029 0.0130253 0.0677569
0.190102 0.0300976 0.281911 0.0926767 0.277371 0.077679 0.0501633
0.374037 0.0566097 0.140198 0.0846815 0.260164 0.00853351 0.0757764
0.646185 0.0922158 0.0888552 9.9991E-05 0.0419369 0.0214028 0.109304
0.198721 0.00808892 0.349825 9.9991E-05 0.271796 0.0780606 0.093408
0.525354 9.9964E-05 0.0292898 9.9964E-05 0.444956 9.9964E-05 9.9964E-05
0.202076 0.03619 0.0974725 9.9973E-05 0.663962 9.9973E-05 9.9973E-05
0.474328 0.102208 0.068633 0.0631067 0.16556 0.0506681 0.0754968
9.9964E-05 9.9964E-05 9.9964E-05 9.9964E-05 0.861365 0.123317 0.0149185
9.9973E-05 9.9973E-05 0.0511202 9.9973E-05 0.783671 0.0471559 0.117753
0.280127 9.9973E-05 0.0275086 0.00996747 0.682097 9.9973E-05 9.9973E-05
0.42697 9.9973E-05 0.0288841 0.0801385 0.463708 9.9973E-05 9.9973E-05
0.50392 0.164754 0.0493377 9.9991E-05 0.163526 0.0415644 0.0767969
0.358607 0.0180024 9.9973E-05 0.0839395 0.539152 9.9973E-05 9.9973E-05
0.0666482 0.0365667 0.170066 0.0511584 0.67536 9.9982E-05 9.9982E-05
0.187244 0.0604971 0.261657 9.9973E-05 0.490302 9.9973E-05 9.9973E-05
0.485759 0.118304 0.0597733 0.0102792 0.301059 9.9991E-05 0.0247259
0.217873 0.0469404 0.0454741 0.0885277 0.597488 0.00359721 9.9991E-05
0.422888 0.0225309 9.9973E-05 9.9973E-05 0.500619 0.0536626 9.9973E-05
0.358101 9.9982E-05 0.00299324 0.00714401 0.556753 0.0748086 9.9982E-05
9.9964E-05 9.9964E-05 9.9964E-05 9.9964E-05 0.751384 0.195492 0.0527241
0.56292 0.0342638 0.00789016 0.0519514 0.339373 0.00350219 9.9991E-05
0.127372 0.794435 0.0467445 0.0207099 0.0105379 9.9982E-05 9.9982E-05
0.103698 0.895802 9.9955E-05 9.9955E-05 9.9955E-05 9.9955E-05 9.9955E-05
0.113388 0.876568 9.9964E-05 0.00964374 9.9964E-05 9.9964E-05 9.9964E-05
0.0190435 0.9208 9.9973E-05 0.0146012 9.9973E-05 0.0452558 9.9973E-05
0.139454 0.860046 9.9955E-05 9.9955E-05 9.9955E-05 9.9955E-05 9.9955E-05
0.075686 0.86571 9.9982E-05 0.00610035 9.9982E-05 0.0478364 0.00446714
0.0743257 0.925175 9.99551E-05 9.99551E-05 9.99551E-05 9.99551E-05 9.99551E-05
0.46273 0.109804 9.9991E-05 0.096211 0.309411 0.0136956 0.00804848
0.42589 0.0372721 0.0244605 0.139831 0.292298 0.0801483 9.9991E-05
0.018692 0.0434495 0.0758526 9.9982E-05 0.845819 9.9982E-05 0.0159866
0.463209 0.0467464 0.133086 0.104972 0.141276 0.0104775 0.100233
0.446216 0.0165778 0.0654009 9.9973E-05 0.471505 9.9973E-05 9.9973E-05
0.569691 0.0475998 9.99793E-05 0.0212562 0.361153 9.99793E-05 9.99793E-05
0.521969 0.0414117 9.9991E-05 0.000451409 0.271779 0.0413009 0.122988
0.463691 0.0055595 9.9982E-05 0.0609342 0.395697 9.9982E-05 0.0739189
9.9973E-05 0.0571862 0.150227 9.9973E-05 0.780691 9.9973E-05 0.0115959
0.49874 0.11755 0.0408754 9.9991E-05 0.131445 0.0491364 0.162154
0.582409 0.0323026 0.0876527 0.0511171 0.214553 0.00664507 0.02532
0.600351 0.0691358 0.0482019 0.0703845 0.143533 0.0590435 0.00935069
0.264102 9.9973E-05 9.9973E-05 0.0204094 0.619309 0.0958794 9.9973E-05
0.515967 9.9973E-05 0.00444058 9.9973E-05 0.462866 9.9973E-05 0.0164265
0.504264 0.0232795 0.0936358 9.9982E-05 0.370137 9.9982E-05 0.00848346
0.244997 9.9964E-05 9.9964E-05 0.0821453 0.672458 9.9964E-05 9.9964E-05
0.434874 0.105141 9.9982E-05 9.9982E-05 0.391035 0.0182139 0.0505358
0.592989 0.078753 0.0753866 9.9991E-05 0.175378 0.0252208 0.0521726
0.262734 0.0076716 0.332923 0.0809987 0.0953445 0.086354 0.133974
0.419154 0.121479 0.265605 0.0676073 0.0402601 0.0734453 0.0124497
0.520994 0.129082 0.0812498 0.0869571 0.0392381 0.0529697 0.0895099
0.518135 0.1353 0.106169 0.0702604 0.163021 9.9991E-05 0.00701497
0.508777 0.00587423 0.342429 9.9991E-05 0.117121 0.0129737 0.0127247
0.63122 0.0166081 0.297656 9.9991E-05 0.0371896 0.0103185 0.00690766
0.503323 0.0233034 0.38485 9.9982E-05 0.0471298 9.9982E-05 0.0411946
0.509227 0.0596984 0.2081 0.0617579 0.0983889 9.9991E-05 0.0627285
0.510643 0.0109981 0.163674 0.0673012 0.128506 0.0210673 0.0978097
0.565694 0.02752 0.180907 0.0378114 0.100017 0.0496993 0.0383513
0.541262 9.9973E-05 0.383792 9.9973E-05 0.0574308 9.9973E-05 0.0172161
0.622294 9.9982E-05 0.146832 0.0842172 9.9982E-05 0.0995508 0.0469055
0.541524 0.119409 0.13939 0.104146 9.9991E-05 0.0366552 0.0587759
0.551482 9.9982E-05 0.266287 0.0719765 0.0429835 9.9982E-05 0.0670711
0.532815 0.020325 0.147622 0.0863007 0.0416333 0.102482 0.0688224
0.603186 9.9982E-05 0.249885 0.0575975 9.9982E-05 0.0578331 0.0312982
0.355263 0.0526075 0.237593 0.0187169 0.00832913 0.207178 0.120313
0.647957 9.9982E-05 0.175205 0.0762584 0.0669875 0.0333923 9.9982E-05
0.713789 9.9982E-05 0.0936931 0.0197219 9.9982E-05 0.114935 0.0576611
0.282396 0.0461365 0.374382 0.0231173 0.160238 9.9991E-05 0.11363
0.168413 9.9991E-05 0.312643 0.0252147 0.0685937 0.184596 0.24044
0.543809 0.0135422 0.271332 0.0422324 0.0161057 0.0838316 0.0291467
0.0985675 9.9991E-05 0.313517 0.032473 0.18562 0.119986 0.249736
0.283961 0.0158994 0.364338 0.0105547 0.124834 0.0684576 0.131955
0.448449 9.9973E-05 0.28715 9.9973E-05 0.168215 9.9973E-05 0.0958859
0.326893 9.9973E-05 0.435949 9.9973E-05 0.174243 9.9973E-05 0.0626151
0.36064 0.0288533 0.503959 9.9991E-05 0.0858241 0.00572522 0.0148987
0.603713 0.0916378 0.189759 0.0456679 0.0494894 9.9991E-05 0.0196332
0.590171 0.14966 0.108335 9.9982E-05 0.0435035 9.9982E-05 0.10813
0.421263 0.0470818 0.258639 0.0846069 0.118941 9.9991E-05 0.0693681
0.112011 9.9991E-05 0.362632 0.0562251 0.141098 0.174519 0.153415
0.504909 0.0689437 0.0674971 0.0900659 0.109886 0.0187843 0.139914
0.497336 0.00397004 0.0151642 0.0198074 0.125735 0.263405 0.0745833
0.0237359 0.105767 0.13468 9.9991E-05 0.118654 0.442886 0.174177
0.585707 0.10533 9.9991E-05 0.0380368 0.138525 0.0900187 0.0422829
0.349918 0.111979 0.0713837 9.9991E-05 0.179557 0.191623 0.0954391
0.466316 0.0855159 9.9991E-05 0.0150612 0.0516564 0.220431 0.160919
0.207903 0.0697764 0.0463105 9.9991E-05 0.251142 0.40061 0.0241573
0.219034 0.0501359 0.123958 9.9991E-05 0.170247 0.373976 0.06255
0.424455 9.9982E-05 0.169781 9.9982E-05 0.10957 0.189211 0.106782
0.500779 9.9982E-05 0.19508 0.0497826 9.9982E-05 0.220292 0.0338661
0.371627 0.0950822 0.127087 0.0881003 0.0600863 0.129282 0.128735
9.9982E-05 9.9982E-05 0.117672 0.135782 0.297566 0.365572 0.0832077
0.51987 0.033406 0.155079 0.0918796 0.0613133 9.9991E-05 0.138353
0.373323 9.9982E-05 0.106887 9.9982E-05 0.238181 0.272076 0.00933225
0.451975 9.9982E-05 0.148349 9.9982E-05 0.131522 0.094938 0.173016
0.502259 0.0725499 0.137148 0.0492199 0.0586535 0.0295441 0.150626
0.167529 0.2623 0.0268645 0.194751 0.0361648 0.312291 9.9991E-05
9.9964E-05 0.457836 9.9964E-05 0.128102 9.9964E-05 0.413662 9.9964E-05
9.9964E-05 0.339302 9.9964E-05 0.142651 9.9964E-05 0.517647 9.9964E-05
0.0551099 0.324776 0.0365922 0.316882 9.9982E-05 0.26644 9.9982E-05
0.64108 9.9982E-05 9.9982E-05 0.00420824 0.121963 0.21488 0.0176687
0.516598 0.122683 0.0139391 0.0185091 0.0895228 0.222746 0.0160014
0.254627 9.9973E-05 0.0417212 0.701227 0.00212495 9.9973E-05 9.9973E-05
0.349617 0.0390997 9.9982E-05 0.445961 0.114802 9.9982E-05 0.0503205
0.351079 0.10504 0.0112787 0.412212 0.0739621 0.0463283 9.9991E-05
0.367394 9.9973E-05 9.9973E-05 9.9973E-05 0.0532149 0.345748 0.233343
0.450837 0.0345547 0.0660769 0.00871338 0.104024 0.251428 0.0843659
0.198918 9.9982E-05 0.0291579 9.9982E-05 0.0858313 0.397674 0.288219
0.539442 9.9982E-05 0.0854551 9.9982E-05 0.152412 0.179075 0.0434162
0.488386 0.00646454 9.9982E-05 9.9982E-05 0.0723842 0.174838 0.257727
0.572538 9.9991E-05 0.0361984 0.00364204 0.0764096 0.310971 0.000141095
0.21478 9.9982E-05 0.0223929 9.9982E-05 0.209038 0.439471 0.114119
0.575585 0.0225323 0.0691066 0.0899589 0.141884 0.100833 9.9991E-05
0.555821 0.00844265 9.9991E-05 0.0594085 0.0889742 0.2237 0.0635537
0.0108101 9.9955E-05 9.9955E-05 0.98869 9.9955E-05 9.9955E-05 9.9955E-05
0.0446413 9.9964E-05 0.0302066 0.924752 9.9964E-05 9.9964E-05 9.9964E-05
0.321993 0.105949 0.0108535 0.519553 0.0414511 9.9982E-05 9.9982E-05
0.353365 0.00894687 0.00942564 0.627962 9.9973E-05 9.9973E-05 9.9973E-05
0.105867 9.9964E-05 9.9964E-05 0.859947 0.0337864 9.9964E-05 9.9964E-05
9.995E-05 9.995E-05 9.995E-05 0.9994 9.995E-05 9.995E-05 9.995E-05
9.9964E-05 0.0212398 0.0313772 0.946983 9.9964E-05 9.9964E-05 9.9964E-05
0.112868 9.9955E-05 9.9955E-05 0.886632 9.9955E-05 9.9955E-05 9.9955E-05
0.0283199 9.9973E-05 0.031296 0.933992 0.00609256 9.9973E-05 9.9973E-05
9.995E-05 9.995E-05 9.995E-05 0.9994 9.995E-05 9.995E-05 9.995E-05
9.995E-05 9.995E-05 9.995E-05 0.9994 9.995E-05 9.995E-05 9.995E-05
0.179387 0.0786575 9.9973E-05 0.739584 9.9973E-05 9.9973E-05 0.00207141
0.191711 0.0467757 9.9973E-05 0.713918 0.0472949 9.9973E-05 9.9973E-05
9.9955E-05 9.9955E-05 9.9955E-05 0.974258 0.0252422 9.9955E-05 9.9955E-05
0.256857 0.0636793 0.0796156 0.401788 0.135663 0.0529828 0.00941375
0.158629 9.9973E-05 0.0773512 0.666598 0.0971223 9.9973E-05 9.9973E-05
0.165923 0.0210364 0.0515101 0.740247 0.0145782 0.00660576 9.9991E-05
0.13165 0.0235289 9.9964E-05 0.844421 9.9964E-05 9.9964E-05 9.9964E-05
9.9955E-05 9.9955E-05 9.9955E-05 0.973191 0.0263097 9.9955E-05 9.9955E-05
0.0496195 0.0214404 9.9973E-05 0.895272 9.9973E-05 0.0333676 9.9973E-05
9.9955E-05 0.0083335 9.9955E-05 0.991167 9.9955E-05 9.9955E-05 9.9955E-05
0.27589 0.0732677 0.0227958 0.568852 0.0550199 9.9991E-05 0.00407529
0.0375352 0.0290612 9.9982E-05 0.857489 0.0184177 9.9982E-05 0.0572973
9.9982E-05 0.253263 9.9982E-05 0.014368 0.0861611 0.584359 0.0616494
0.460967 0.138071 0.0749435 9.9982E-05 9.9982E-05 0.298216 0.0276028
0.394409 0.161899 0.0199164 0.0863971 0.0873013 0.249978 9.9991E-05
0.291543 0.207539 0.0107395 9.9991E-05 0.00123312 0.483685 0.00516045
0.458921 0.0884471 0.0315834 0.126185 0.0145552 0.16904 0.111267
0.254385 0.210795 9.9991E-05 0.0195019 0.0835973 0.401645 0.0299763
0.378659 0.108521 0.0848804 0.116787 9.9991E-05 0.19084 0.120212
0.308437 0.0786919 9.9982E-05 0.184768 0.082558 0.345346 9.9982E-05
0.464799 0.145818 9.9982E-05 0.13742 9.9982E-05 0.242194 0.00956908
0.310225 0.0591298 9.9973E-05 0.182377 9.9973E-05 0.447968 9.9973E-05
0.432049 0.194026 0.0338103 0.075952 0.149539 0.0796295 0.034994
0.0541408 0.844318 0.0539943 9.9991E-05 0.00834971 0.0225782 0.0165192
9.9973E-05 0.911229 9.9973E-05 0.0461854 9.9973E-05 0.0191865 0.023099
9.99638E-05 0.954632 9.99638E-05 9.99638E-05 9.99638E-05 0.0448684 9.99638E-05
0.0291715 0.951603 0.0102457 9.9973E-05 9.9973E-05 9.9973E-05 0.00867971
0.00142848 0.904089 0.0226492 9.9973E-05 9.9973E-05 0.0715332 9.9973E-05
9.9973E-05 0.87412 9.9973E-05 0.0666047 0.00112454 9.9973E-05 0.0578504
0.0271355 0.886381 0.0121839 0.0739997 9.9973E-05 9.9973E-05 9.9973E-05
0.0122403 0.897397 0.0048956 9.9982E-05 9.9982E-05 0.0514028 0.0338646
0.0349947 0.912919 9.9973E-05 0.00749446 0.0442924 9.9973E-05 9.9973E-05
9.9973E-05 0.840719 0.00607788 0.085748 9.9973E-05 0.0671551 9.9973E-05
9.9973E-05 0.627014 0.218071 9.9973E-05 0.109087 9.9973E-05 0.0455287
9.9964E-05 0.600387 0.331865 9.9964E-05 0.067348 9.9964E-05 9.9964E-05
9.9973E-05 0.49887 0.287653 9.9973E-05 0.0681658 0.145011 9.9973E-05
9.9982E-05 0.482448 0.319123 9.9982E-05 0.119132 0.06157 0.0175267
0.391893 0.0740725 0.154062 0.0507653 0.295326 0.033781 9.9991E-05
0.405116 0.0144391 0.119007 0.0577381 0.26436 9.9991E-05 0.13924
0.580554 0.0649531 0.0981719 0.00535374 0.250767 9.9982E-05 9.9982E-05
0.417396 0.0652905 0.19314 9.9991E-05 0.240334 0.0637503 0.0199893
0.201793 0.0016058 0.527788 0.00290573 0.17663 0.0140503 0.0752281
0.489366 0.0453949 9.9982E-05 0.0460783 0.285381 9.9982E-05 0.13358
0.552587 0.00190392 0.101937 0.00723226 0.294488 0.0137098 0.0281417
0.450626 9.9973E-05 0.104645 9.9973E-05 0.345523 0.0989065 9.9973E-05
0.302845 9.9973E-05 9.9973E-05 0.0637431 0.628171 9.9973E-05 0.00494163
0.627379 0.0110052 0.173207 9.9991E-05 0.0330251 0.0726562 0.0826275
0.449187 9.9982E-05 0.108688 9.9982E-05 0.344257 0.0446283 0.0530388
9.9964E-05 9.9964E-05 0.0897323 9.9964E-05 0.754311 9.9964E-05 0.155557
0.494434 0.0733727 0.0894076 9.9991E-05 0.194904 0.112983 0.0347987
0.174988 9.9982E-05 9.9982E-05 0.0213325 0.666103 0.104355 0.0330212
0.497309 0.0103783 9.9991E-05 0.0194556 0.414568 0.0284419 0.0297464
0.116161 0.0482941 0.191858 9.9982E-05 0.643298 9.9982E-05 0.000189621
9.9964E-05 0.0957786 0.771816 9.9964E-05 9.9964E-05 0.132005 9.9964E-05
0.0890418 0.0341688 0.71274 9.9973E-05 9.9973E-05 0.16375 9.9973E-05
0.00642711 0.00603315 0.845399 9.9982E-05 9.9982E-05 0.136468 0.00547229
9.9982E-05 0.126395 0.791547 9.9982E-05 0.0339149 0.021615 0.0263276
0.0827484 0.0108776 0.829502 9.9973E-05 9.9973E-05 0.0765724 9.9973E-05
0.0796274 9.9973E-05 0.811291 0.0400975 9.9973E-05 0.068684 9.9973E-05
0.0282024 0.884772 9.9973E-05 0.0346497 0.052076 9.9973E-05 9.9973E-05
0.0567465 0.826304 0.0800453 0.0366045 9.9973E-05 9.9973E-05 9.9973E-05
0.109459 0.805226 9.9964E-05 0.0849152 9.9964E-05 9.9964E-05 9.9964E-05
0.0876677 0.765978 0.0437819 0.102273 9.9973E-05 9.9973E-05 9.9973E-05
0.102341 0.758261 0.0306443 0.0595018 9.9982E-05 0.0490522 9.9982E-05
9.9973E-05 0.320808 0.578972 9.9973E-05 0.024866 0.0750541 9.9973E-05
9.9982E-05 0.456681 0.402305 9.9982E-05 0.0489105 0.0472334 0.04467
9.9973E-05 0.424903 0.45248 9.9973E-05 0.0123586 9.9973E-05 0.109958
0.155705 0.824193 0.00721675 0.0125846 9.9973E-05 9.9973E-05 9.9973E-05
9.9973E-05 0.352632 0.523585 9.9973E-05 0.0998858 9.9973E-05 0.0235973
0.302263 0.223089 9.9982E-05 0.356952 9.9982E-05 0.109031 0.00846577
0.523535 0.205395 0.0166802 0.157626 0.0634851 0.0147235 0.0185552
0.610353 0.169427 9.9964E-05 0.21982 9.9964E-05 9.9964E-05 9.9964E-05
0.324335 0.254029 9.9982E-05 0.181763 0.0991477 0.140526 9.9982E-05
0.480233 0.0602041 0.0896802 0.177747 9.9982E-05 0.191936 9.9982E-05
9.9964E-05 0.406949 9.9964E-05 0.302261 9.9964E-05 0.29039 9.9964E-05
0.461226 9.9982E-05 0.327308 9.9982E-05 0.07972 0.0390763 0.0924697
0.349232 0.00509359 0.289908 9.9991E-05 0.00176368 0.151293 0.20261
0.328627 0.0663537 0.535445 9.9991E-05 0.0337645 0.00702 0.0286895
0.482798 0.0102111 0.105996 9.9991E-05 0.105793 0.0537818 0.24132
9.9973E-05 9.9973E-05 0.152181 9.9973E-05 0.221934 0.20047 0.425114
0.642136 0.111704 0.157453 0.0112127 0.0395291 0.037866 9.9991E-05
0.568875 0.00409124 0.206114 9.9991E-05 0.015398 0.0737644 0.131658
0.315849 0.0384918 0.421923 9.9991E-05 0.191069 0.000604718 0.0319625
0.397968 0.0358863 0.182755 0.0909157 0.102812 0.110373 0.0792898
0.151077 9.9982E-05 0.308205 9.9982E-05 0.202234 0.205271 0.133012
0.429968 9.9991E-05 0.204956 0.0464593 0.102821 0.17983 0.0358646
0.577249 9.9991E-05 0.261802 0.00659346 0.054867 0.0885552 0.0108334
0.366811 0.138401 0.115517 0.161898 0.114274 0.0420318 0.0610674
0.397133 9.9982E-05 0.278458 0.021706 0.0922407 9.9982E-05 0.210262
0.448405 0.0219597 0.250146 0.00771687 0.104101 0.0635948 0.104077
0.439579 9.9991E-05 0.133913 0.14034 0.132167 0.0478077 0.106093
0.503452 9.9982E-05 0.186271 9.9982E-05 0.192826 0.041694 0.0755567
0.655611 9.9991E-05 0.191946 0.017468 0.01057 0.0270426 0.0972624
0.366793 0.0907316 0.100663 0.156131 0.275824 9.9991E-05 0.00975697
0.554653 0.129096 0.0685443 0.0279418 0.0977751 0.0822509 0.0397398
0.112006 0.795505 9.9964E-05 0.0920899 9.9964E-05 9.9964E-05 9.9964E-05
0.100323 0.837318 9.9982E-05 0.0171873 0.0318788 9.9982E-05 0.0130921
0.0617993 0.773848 0.0497962 0.000188166 0.0509639 0.0633044 9.9991E-05
0.00225337 0.830805 0.00991733 9.9982E-05 0.131528 9.9982E-05 0.0252963
0.144842 0.850675 9.9964E-05 9.9964E-05 9.9964E-05 9.9964E-05 0.00408295
0.201549 9.9982E-05 0.575291 0.0572916 0.0882252 0.0774432 9.9982E-05
0.419462 0.0515459 0.128669 0.0856805 0.111596 0.0839299 0.119117
0.415306 0.224961 0.0128851 0.146377 0.0463208 0.130306 0.0238436
0.6358 0.0397377 0.151097 0.0747262 0.0674224 0.0113552 0.019861
0.568101 0.0553449 0.212611 9.9973E-05 0.163643 9.9973E-05 9.9973E-05
0.295154 9.9991E-05 0.381636 0.0337205 0.00400764 0.142247 0.143135
0.0493985 0.128868 0.502783 9.9982E-05 0.175671 0.14308 9.9982E-05
0.545684 0.00209338 0.338457 0.0130807 0.0472277 9.9991E-05 0.0533571
0.175447 0.0796974 0.503665 0.0572229 0.0472624 9.9991E-05 0.136605
0.430797 9.9991E-05 0.285148 0.041659 0.0226068 0.086711 0.132979
0.0985857 0.166588 0.515892 0.028414 0.0467601 0.0181669 0.125594
0.573493 0.0582092 0.257002 0.0608054 0.0117075 0.0386829 9.9991E-05
0.19895 0.0759348 0.499973 0.0195714 0.105418 0.00930462 0.0908483
0.272086 0.00917823 0.332645 0.0702582 0.0452472 0.124686 0.1459
0.494581 9.9991E-05 0.137072 0.0465601 0.0661873 0.249515 0.00598482
0.290609 9.9973E-05 0.116048 9.9973E-05 9.9973E-05 0.360614 0.232429
0.56384 0.0442647 0.0684007 9.9982E-05 0.16016 0.163135 9.9982E-05
0.478716 0.0658803 9.9991E-05 0.0310845 0.174399 0.215711 0.0341096
0.346942 9.9982E-05 0.0833583 9.9982E-05 0.0540496 0.406263 0.109187
0.460394 0.0263252 0.144829 0.0565438 0.0486089 0.119151 0.144149
0.539991 0.0200748 9.9982E-05 9.9982E-05 0.018002 0.226157 0.195575
0.14393 9.9982E-05 0.083049 9.9982E-05 0.167059 0.478428 0.127335
0.26943 9.9973E-05 9.9973E-05 9.9973E-05 0.0795101 0.57842 0.0723397
0.494661 9.9973E-05 0.0610738 9.9973E-05 9.9973E-05 0.204369 0.239596
0.199983 9.9982E-05 0.0676303 9.9982E-05 0.219958 0.410439 0.10179
0.402355 9.9973E-05 0.071017 9.9973E-05 0.220193 0.306135 9.9973E-05
0.13229 0.0130131 0.602399 0.0296315 0.134388 0.030966 0.0573134
0.245907 9.9991E-05 0.339036 0.00516635 0.113474 0.00288733 0.293429
0.257736 0.0171287 0.416612 0.087204 0.139212 9.9991E-05 0.0820071
0.585434 9.9991E-05 0.171426 0.0670463 0.159408 0.00516654 0.0114189
0.17694 9.9973E-05 0.487024 0.0406655 0.29507 9.9973E-05 9.9973E-05
0.512571 0.0587342 0.154543 0.0546906 0.01705 0.116412 0.0859989
0.468974 0.0764003 0.131154 0.0908223 0.126396 0.106154 9.9991E-05
0.498014 9.9982E-05 0.27526 0.0770539 0.0583256 0.0911464 9.9982E-05
0.405487 9.9982E-05 0.289632 0.118846 0.124468 9.9982E-05 0.0613673
0.433149 0.0442677 0.360087 0.00135473 0.123573 9.9991E-05 0.0374692
0.190994 9.9982E-05 0.479316 0.10688 0.199305 9.9982E-05 0.023305
0.274449 9.9982E-05 0.429224 0.11085 0.0212714 9.9982E-05 0.164006
0.564453 9.9982E-05 0.255138 0.0765767 0.00646122 9.9982E-05 0.0971711
0.553671 0.0373313 0.209307 0.0720038 0.032004 0.0368038 0.058879
0.40023 0.0541006 0.2517 9.9982E-05 9.9982E-05 0.064994 0.228775
0.423266 9.9973E-05 0.263973 0.138104 9.9973E-05 9.9973E-05 0.174357
0.398814 0.0225823 0.407622 0.0868594 9.9982E-05 0.0839219 9.9982E-05
0.643081 0.00291936 0.234065 9.9991E-05 0.0306845 0.0705241 0.0186266
0.527563 0.0386594 0.213378 0.0592709 0.0609406 9.9991E-05 0.100087
0.384473 0.0889356 0.227017 0.133621 0.0816121 9.9991E-05 0.0842409
0.389339 0.324581 0.0706404 0.126216 9.9982E-05 0.0890243 9.9982E-05
0.432549 0.172674 9.9991E-05 0.234144 0.0367241 0.0588111 0.0649976
0.610222 0.157671 9.9991E-05 0.062216 0.0435439 0.115735 0.0105123
0.526319 0.103783 0.0463774 0.0873718 0.100087 0.0160934 0.119969
0.457454 0.214199 9.9982E-05 0.178176 9.9982E-05 0.0136845 0.136286
0.379601 9.9991E-05 0.177143 0.0623256 0.0884925 0.116926 0.175412
0.548052 0.215723 9.9991E-05 0.0409861 0.0517088 0.00795117 0.13548
0.00756903 0.201742 9.9991E-05 0.154537 0.156622 0.428741 0.0506891
0.437904 0.115241 0.113208 0.19832 0.0520908 0.000255926 0.0829801
0.545784 0.18142 9.9991E-05 0.0722031 0.0965233 0.0727435 0.0312266
0.445256 0.065814 0.0575059 0.286636 0.0289055 9.9991E-05 0.115782
0.288878 0.11546 0.113182 0.158172 0.0257742 0.204163 0.0943715
0.552788 0.133487 0.0039685 0.130969 0.0167318 0.161956 9.9991E-05
0.615441 0.184733 0.0105299 0.0563388 9.9991E-05 0.1205 0.0123573
9.9973E-05 0.411706 9.9973E-05 0.213387 0.0606136 0.313993 9.9973E-05
0.559918 0.224026 0.0749053 0.140851 9.9973E-05 9.9973E-05 9.9973E-05
0.609996 0.128946 9.9982E-05 0.161996 0.0284106 0.0704514 9.9982E-05
0.553817 0.0911712 0.0453386 0.0830238 0.130628 0.0813284 0.0146931
0.53625 0.193053 9.9982E-05 0.174063 9.9982E-05 0.0645945 0.0318391
0.479972 0.17813 0.0074506 0.105025 0.0507418 0.0812559 0.0974244
0.359139 0.0380331 0.0595603 0.0964245 0.0787892 9.9991E-05 0.367954
0.488338 0.153246 0.0127993 0.0465861 0.124041 0.0165892 0.158401
9.9964E-05 9.9964E-05 0.0941553 9.9964E-05 0.164906 9.9964E-05 0.740539
9.9973E-05 0.00433642 0.0578542 9.9973E-05 0.0204272 9.9973E-05 0.917082
0.358754 0.0647821 0.0372587 0.0814897 0.0752899 0.0287845 0.353641
0.360269 0.0606926 0.0761279 0.307225 9.9991E-05 0.154359 0.041227
0.313801 0.124282 9.9982E-05 0.282468 9.9982E-05 0.0401657 0.239084
0.0923937 0.207782 0.0123859 0.338196 0.114343 0.0788067 0.156093
0.323092 0.172726 9.9982E-05 0.237664 9.9982E-05 0.0555218 0.210797
0.064683 0.0563355 9.9982E-05 0.093011 9.9982E-05 0.145593 0.640178
0.0503115 0.111522 9.9982E-05 0.122427 9.9982E-05 0.0652958 0.650244
0.533797 9.9973E-05 9.9973E-05 0.0936757 0.0131999 9.9973E-05 0.359027
0.360115 0.0390319 9.9973E-05 0.128412 9.9973E-05 9.9973E-05 0.472141
0.146196 0.115153 9.9973E-05 0.0771823 9.9973E-05 9.9973E-05 0.661169
0.375026 0.12888 0.0220708 0.120374 0.0511335 9.9991E-05 0.302416
0.47732 0.047546 9.9982E-05 0.0917052 9.9982E-05 0.0530521 0.330177
0.35726 0.0785104 0.100717 0.157368 0.000108634 0.0877883 0.218247
0.343546 0.0122665 9.9973E-05 9.9973E-05 0.00903858 9.9973E-05 0.634849
0.336246 9.9982E-05 0.0734095 0.0455492 0.0247639 9.9982E-05 0.519831
0.549818 0.0886087 0.0543499 9.9982E-05 0.129223 9.9982E-05 0.1778
0.449597 0.0225549 0.106021 0.00318291 0.026069 0.0576354 0.33494
0.460045 0.0668779 9.9991E-05 0.102754 0.141838 0.0157441 0.212641
0.39502 9.9982E-05 0.0822494 0.0129803 9.9982E-05 0.125834 0.383716
0.218221 9.9964E-05 0.0208234 9.9964E-05 9.9964E-05 9.9964E-05 0.760556
0.492273 0.0505374 9.9982E-05 0.0184963 0.0423762 9.9982E-05 0.396118
0.191929 9.9973E-05 0.0852585 9.9973E-05 0.123269 9.9973E-05 0.599244
0.409313 0.0109158 0.0137393 0.0149048 9.9982E-05 9.9982E-05 0.550927
0.499413 0.0809558 9.9991E-05 0.0275065 0.0552156 0.0185293 0.31828
0.383277 0.0701829 0.0216504 0.0323581 0.128933 0.0467108 0.316888
0.451924 0.165806 0.00705989 0.174356 0.0715664 0.101536 0.0277508
0.345972 0.0578463 0.16885 0.171438 0.0370755 0.0959867 0.122832
0.351971 0.144335 0.00585383 0.230749 9.9991E-05 0.231879 0.0351119
0.376379 0.180376 0.136112 0.180294 9.9991E-05 0.0781174 0.0486221
0.399348 0.154089 0.0741061 0.218451 0.126585 0.00715691 0.0202644
0.421183 0.159895 0.0279477 0.137425 0.0653646 0.0106862 0.177498
9.9973E-05 0.162578 9.9973E-05 0.129837 9.9973E-05 0.101333 0.605952
0.61789 0.108412 9.9982E-05 0.157934 9.9982E-05 0.0756484 0.0399156
9.9973E-05 0.334885 9.9973E-05 0.127912 9.9973E-05 0.104799 0.432104
0.452867 0.0293298 9.9973E-05 0.201232 9.9973E-05 9.9973E-05 0.316271
0.079893 9.9973E-05 9.9973E-05 9.9973E-05 0.144753 0.0147568 0.760297
9.9955E-05 9.9955E-05 9.9955E-05 9.9955E-05 0.0843691 9.9955E-05 0.915131
0.474743 9.9964E-05 9.9964E-05 9.9964E-05 0.0267621 9.9964E-05 0.498095
0.591518 9.9964E-05 9.9964E-05 9.9964E-05 0.00559724 9.9964E-05 0.402484
0.338068 9.9964E-05 9.9964E-05 9.9964E-05 0.00621806 9.9964E-05 0.655314
0.487238 9.9964E-05 9.9964E-05 9.9964E-05 0.0906648 9.9964E-05 0.421698
0.479077 9.9973E-05 9.9973E-05 0.0011972 0.0320777 9.9973E-05 0.487348
0.0384027 0.814976 9.9982E-05 0.0435536 0.0483606 9.9982E-05 0.0545071
9.9973E-05 0.732255 0.140872 0.0880456 9.9973E-05 0.0385275 9.9973E-05
9.9964E-05 0.880824 0.0513287 0.0674473 9.9964E-05 9.9964E-05 9.9964E-05
0.0103721 0.956187 9.9973E-05 9.9973E-05 9.9973E-05 0.00629175 0.026849
0.561335 0.0123509 0.0192794 0.0121977 0.394638 9.9982E-05 9.9982E-05
0.450701 0.0142997 0.0562236 0.0596587 0.390562 9.9991E-05 0.0284545
0.523116 0.00697627 0.0174888 9.9982E-05 0.442077 9.9982E-05 0.0101417
0.597243 0.0588421 9.9982E-05 9.9982E-05 0.283023 0.0307409 0.0299509
0.502329 0.121693 0.0158842 9.9982E-05 0.291838 0.0680555 9.9982E-05
0.256069 0.0516452 0.062688 9.9991E-05 0.556656 0.0450467 0.0277957
0.559918 0.0276022 9.9964E-05 9.9964E-05 0.41208 9.9964E-05 9.9964E-05
0.335789 9.9964E-05 9.9964E-05 9.9964E-05 0.490723 0.173088 9.9964E-05
0.422309 0.201899 9.9991E-05 0.185244 0.0271982 0.130115 0.0331365
0.402728 9.9991E-05 0.00684652 0.0141811 0.355802 0.0204937 0.199849
0.311388 0.0168637 0.123606 0.00310737 0.544834 9.9982E-05 9.9982E-05
0.514441 9.9973E-05 0.0717544 9.9973E-05 0.323189 9.9973E-05 0.0903166
0.389513 0.0121529 0.105101 9.9982E-05 0.447265 9.9982E-05 0.0457691
0.584679 9.9982E-05 9.9982E-05 0.0142938 0.331163 0.0281622 0.0415016
0.565668 0.0784342 9.9973E-05 9.9973E-05 0.329043 9.9973E-05 0.0265551
0.000660743 9.9964E-05 9.9964E-05 9.9964E-05 0.952344 9.9964E-05 0.046595
0.271477 0.0196492 9.9991E-05 0.0112053 0.572442 0.0823268 0.0427996
0.290857 0.0527759 0.0352093 9.9991E-05 0.606081 0.00447519 0.0105018
9.9964E-05 9.9964E-05 9.9964E-05 9.9964E-05 0.871399 0.0606573 0.0675441
0.410404 0.0451275 0.135134 9.9982E-05 0.397585 9.9982E-05 0.0115484
0.0732813 9.9973E-05 9.9973E-05 9.9973E-05 0.646047 0.249066 0.0313055
9.9964E-05 9.9964E-05 9.9964E-05 9.9964E-05 0.754629 0.19306 0.0519104
0.619464 0.0433035 9.9991E-05 0.0165017 0.239783 0.0157257 0.0651223
0.192696 0.047036 0.0614762 9.9982E-05 0.657227 9.9982E-05 0.0413649
0.4514 0.0180265 0.0969425 0.0478309 0.34695 0.0387499 9.9991E-05
0.64733 0.0213075 0.0564701 0.0458876 0.147632 0.0311348 0.0502384
0.505458 0.0373409 0.0978879 9.9973E-05 0.359013 9.9973E-05 9.9973E-05
0.362433 9.9991E-05 0.264719 0.0304359 0.0890356 0.104267 0.149009
0.496395 0.00316944 0.0310099 0.0466907 0.406072 9.9991E-05 0.016562
0.438656 0.054468 0.0581941 0.040766 0.377073 9.9991E-05 0.0307429
0.294091 9.9964E-05 9.9964E-05 9.9964E-05 0.649096 0.0564127 9.9964E-05
0.462462 0.0716841 0.0538831 0.00088851 0.253396 9.9991E-05 0.157587
9.9973E-05 0.596881 0.293115 9.9973E-05 9.9973E-05 0.073031 0.0366731
9.9991E-05 0.748029 0.0978813 0.0235773 0.0816758 0.0369368 0.0117997
9.9964E-05 0.773006 0.137073 9.9964E-05 9.9964E-05 0.0895215 9.9964E-05
9.9982E-05 0.82111 0.091964 9.9982E-05 0.00397344 0.00857894 0.0741733
0.0345634 0.727182 0.186363 9.9973E-05 9.9973E-05 0.051592 9.9973E-05
0.119873 0.0571146 0.0787178 0.0226309 0.721464 9.9982E-05 9.9982E-05
0.105159 0.0748116 0.177305 9.9973E-05 0.642425 9.9973E-05 9.9973E-05
0.122254 9.9982E-05 9.9982E-05 0.00866706 0.777112 0.0192687 0.0724987
0.472058 0.103796 0.0457562 0.112626 0.166034 9.9991E-05 0.0996294
0.535994 0.0975975 0.0525824 0.00351648 0.291208 0.0190009 9.9991E-05
0.277274 9.9973E-05 9.9973E-05 9.9973E-05 0.617433 0.0456684 0.0593256
0.543104 9.9973E-05 9.9973E-05 0.104294 0.308067 9.9973E-05 0.0442349
0.277569 0.106399 9.9982E-05 0.0798469 0.508014 0.0279709 9.9982E-05
0.582643 9.9964E-05 0.039663 9.9964E-05 0.377294 9.9964E-05 9.9964E-05
0.591335 0.0397354 0.0493577 0.0702539 0.249118 9.9982E-05 9.9982E-05
0.20414 9.9982E-05 0.113299 0.0587297 0.606601 0.0170299 9.9982E-05
0.341365 0.00219321 0.0299802 9.9973E-05 0.626161 9.9973E-05 9.9973E-05
0.33242 9.9964E-05 0.0964202 9.9964E-05 0.57076 9.9964E-05 9.9964E-05
0.595179 0.0663926 0.0784039 9.9982E-05 9.9982E-05 0.227015 0.0328098
0.361373 0.0327347 0.0394257 9.9973E-05 0.566166 9.9973E-05 9.9973E-05
0.450298 0.0718893 0.0293402 9.9982E-05 0.393553 9.9982E-05 0.0547188
0.431391 0.146354 9.9982E-05 0.36303 0.0565154 0.00251 9.9982E-05
0.305762 0.0331963 9.9982E-05 0.507073 9.9982E-05 0.141494 0.0122746
0.503798 0.135236 9.9973E-05 0.35049 9.9973E-05 9.9973E-05 0.0101757
0.370232 0.218152 9.9973E-05 0.342188 9.9973E-05 0.0691287 9.9973E-05
0.442604 0.146341 0.0523494 0.27134 9.9982E-05 9.9982E-05 0.0871656
0.510765 0.00873179 0.0138467 0.0831978 0.292456 0.0909024 9.9991E-05
0.0204472 0.213315 9.9982E-05 0.623919 9.9982E-05 0.109857 0.0322626
0.286077 0.204536 9.9973E-05 0.414427 9.9973E-05 9.9973E-05 0.0946597
0.467669 0.0840209 0.015382 0.0899778 0.0811056 0.261745 9.9991E-05
0.615515 0.0528978 0.0136202 9.9973E-05 9.9973E-05 0.317667 9.9973E-05
0.498734 0.0961341 0.0927203 0.00432102 9.9991E-05 0.290782 0.0172088
0.650754 0.0468301 0.0911395 9.9973E-05 9.9973E-05 0.210977 9.9973E-05
0.574349 0.101331 0.056848 9.9982E-05 0.131888 0.135384 9.9982E-05
0.425631 0.206059 9.9964E-05 0.367911 9.9964E-05 9.9964E-05 9.9964E-05
0.401057 0.161712 0.103105 0.317087 0.0168385 9.9982E-05 9.9982E-05
0.49665 0.0453892 9.9973E-05 0.455684 9.9973E-05 0.00197669 9.9973E-05
0.396532 0.129692 0.0168769 0.272848 0.03608 0.0741624 0.0738096
0.29998 0.132604 9.9982E-05 0.450768 0.0553593 0.0610893 9.9982E-05
0.396349 0.228632 9.9982E-05 0.302355 0.0488799 0.0235848 9.9982E-05
0.233808 0.127345 0.0393698 0.519866 9.9991E-05 0.0128215 0.0666906
0.52404 0.127706 9.9982E-05 0.23213 9.9982E-05 0.111151 0.00477276
0.478821 9.9973E-05 9.9973E-05 0.103728 0.123035 0.294117 9.9973E-05
0.325225 0.194318 0.115683 0.273075 0.0142509 0.077348 9.9991E-05
0.187638 0.196128 9.9973E-05 0.559037 9.9973E-05 0.0568968 9.9973E-05
0.322773 0.124341 0.11617 0.326357 0.0222241 0.0880353 9.9991E-05
0.240206 0.108748 0.259054 9.9982E-05 0.100275 0.291517 9.9982E-05
0.620226 9.9973E-05 9.9973E-05 0.0475567 0.0746666 0.257251 9.9973E-05
0.311113 0.226997 0.031004 0.181997 0.0194824 0.0226139 0.206793
0.593402 0.0571781 0.0194573 0.0489639 9.9991E-05 0.24405 0.036849
0.510241 0.134851 0.012567 9.9982E-05 0.0905889 0.251552 9.9982E-05
0.243177 0.185164 0.0154827 0.236953 0.102016 0.169279 0.0479282
0.331122 0.275607 0.00877958 0.268437 9.9991E-05 0.0181008 0.0978531
0.57874 0.0884026 9.9991E-05 0.0598654 0.123934 0.10945 0.0395077
0.465578 0.121387 9.9973E-05 0.372617 0.0401172 9.9973E-05 9.9973E-05
0.359543 0.0581408 0.0216577 0.515828 9.9982E-05 9.9982E-05 0.0446308
0.139474 0.188815 0.0310064 0.54931 9.9991E-05 0.0862786 0.00501667
0.700841 0.0539137 9.9973E-05 9.9973E-05 0.0109784 0.233967 9.9973E-05
0.496697 0.0114396 0.134625 9.9982E-05 0.0572347 0.299804 9.9982E-05
0.169368 0.0243589 0.0363421 0.0254306 0.0606987 0.652052 0.0317502
0.53978 0.0448178 0.11028 0.078739 0.111029 0.115254 9.9991E-05
0.388041 0.0346796 0.218538 0.0002811 0.162652 0.143357 0.0524518
0.544489 0.181044 0.0295346 0.0677366 9.9991E-05 0.164072 0.0130246
0.572922 0.145965 0.046578 0.00474909 9.9982E-05 0.229585 9.9982E-05
9.9964E-05 0.212557 9.9964E-05 0.165135 9.9964E-05 0.621908 9.9964E-05
9.9964E-05 0.159745 9.9964E-05 0.0938579 9.9964E-05 0.745997 9.9964E-05
0.338057 0.0854101 0.0647255 0.0572465 9.9991E-05 0.373035 0.0814259
0.090894 0.218795 9.9973E-05 0.171493 9.9973E-05 0.518518 9.9973E-05
9.9964E-05 0.328449 9.9964E-05 0.229651 9.9964E-05 0.4415 9.9964E-05
0.354696 0.0378216 9.9991E-05 0.14519 0.0634921 0.282441 0.116259
0.409097 0.224949 0.0549674 0.0736942 9.9991E-05 0.226207 0.0109849
0.207166 0.236945 0.0225306 0.178363 0.0382665 0.313004 0.00372489
0.114134 0.199025 9.9973E-05 0.0949225 9.9973E-05 0.591619 9.9973E-05
0.537039 0.128267 9.9982E-05 0.0517675 0.0583261 0.224401 9.9982E-05
0.167359 0.160167 9.9991E-05 0.13472 0.0755468 0.443029 0.0190774
9.9964E-05 0.301445 9.9964E-05 0.0155489 9.9964E-05 0.682606 9.9964E-05
0.502653 0.120149 0.140914 0.145697 0.0759442 9.9991E-05 0.0145436
0.316928 0.118992 9.9982E-05 0.243623 0.00138176 0.318875 9.9982E-05
0.398586 0.282403 0.0345776 0.21764 0.0665938 9.9982E-05 9.9982E-05
0.636045 0.160285 9.9964E-05 0.20327 9.9964E-05 9.9964E-05 9.9964E-05
0.54322 0.218239 9.9991E-05 0.0606243 0.0874957 0.0185904 0.0717307
0.485062 0.171155 9.9991E-05 0.183309 0.0626452 0.0722907 0.0254383
0.341482 0.332843 0.0393024 0.248835 9.9982E-05 0.037338 9.9982E-05
0.590993 0.28197 9.9973E-05 0.121153 0.00558375 9.9973E-05 9.9973E-05
0.45953 0.247282 0.00386394 0.205437 0.013915 0.0698729 9.9991E-05
0.278197 0.212376 0.0358714 0.256132 9.9991E-05 0.186471 0.0308529
0.231218 0.153461 0.0987585 0.113353 0.329408 0.0737014 9.9991E-05
0.396288 0.223248 0.0873688 0.114359 0.161172 0.0174643 9.9991E-05
0.546338 0.177559 0.0429511 0.0717315 0.041468 0.119852 9.9991E-05
0.572442 0.116244 0.0380036 0.12057 0.15254 9.9982E-05 9.9982E-05
0.361604 0.27801 0.00665385 0.231236 9.9982E-05 0.122296 9.9982E-05
0.4968 0.230762 9.9982E-05 0.147746 9.9982E-05 0.0575084 0.0669833
0.127459 0.346249 9.9982E-05 0.211084 9.9982E-05 0.289245 0.0257639
0.518529 0.245735 9.9982E-05 0.171221 0.0133247 9.9982E-05 0.0509904
0.178489 0.279657 9.9991E-05 0.303945 0.0423964 0.125152 0.0702615
9.9982E-05 0.817037 0.0518558 9.9982E-05 0.0762307 0.0322029 0.0224738
0.145191 0.0744611 0.742626 9.9982E-05 0.0270588 0.010463 9.9982E-05
9.995E-05 9.995E-05 0.9994 9.995E-05 9.995E-05 9.995E-05 9.995E-05
9.9955E-05 0.0408961 0.958604 9.9955E-05 9.9955E-05 9.9955E-05 9.9955E-05
9.9955E-05 9.9955E-05 0.973056 9.9955E-05 9.9955E-05 9.9955E-05 0.0264441
0.0512008 0.0040555 0.910999 0.0334452 9.9973E-05 9.9973E-05 9.9973E-05
0.0828056 9.9955E-05 0.916695 9.9955E-05 9.9955E-05 9.9955E-05 9.9955E-05
9.9955E-05 0.058827 0.940673 9.9955E-05 9.9955E-05 9.9955E-05 9.9955E-05
9.9955E-05 0.197766 0.801734 9.9955E-05 9.9955E-05 9.9955E-05 9.9955E-05
0.028262 0.873555 0.00890848 0.0175314 0.0144615 0.0571819 9.9991E-05
0.0779061 0.784195 0.137499 9.9964E-05 9.9964E-05 9.9964E-05 9.9964E-05
9.9973E-05 0.881483 9.9973E-05 0.0685068 0.0131503 0.03656 9.9973E-05
0.0270496 0.80734 0.0870627 9.9982E-05 9.9982E-05 0.0515161 0.0268313
9.9982E-05 0.853515 0.0587983 0.0748481 0.00916474 0.00347398 9.9982E-05
9.9964E-05 0.86005 0.0625876 9.9964E-05 9.9964E-05 9.9964E-05 0.076963
0.0109279 0.741029 0.0713987 0.136408 9.9991E-05 0.0152788 0.0248577
0.0235521 0.840164 0.0341326 0.049669 0.0456465 9.9991E-05 0.00673545
0.0321186 0.751999 0.0586346 0.0554301 0.101618 9.9982E-05 9.9982E-05
9.9964E-05 0.915029 9.9964E-05 0.0580478 0.0265234 9.9964E-05 9.9964E-05
9.9964E-05 0.935243 0.0420069 9.9964E-05 0.0223499 9.9964E-05 9.9964E-05
0.0622759 0.881777 0.0155179 0.0113749 9.9982E-05 0.0288539 9.9982E-05
0.00155785 0.914101 0.0667029 9.9973E-05 9.9973E-05 0.0173388 9.9973E-05
0.0412685 0.906512 9.9973E-05 0.0417059 9.9973E-05 0.010214 9.9973E-05
0.0975693 0.862641 9.9964E-05 0.0393899 9.9964E-05 9.9964E-05 9.9964E-05
0.107915 0.851219 9.9964E-05 0.0404658 9.9964E-05 9.9964E-05 9.9964E-05
0.0963739 0.798499 9.9964E-05 0.104727 9.9964E-05 9.9964E-05 9.9964E-05
0.147237 0.79136 9.9964E-05 0.0610031 9.9964E-05 9.9964E-05 9.9964E-05
0.114799 0.823745 9.9964E-05 0.061056 9.9964E-05 9.9964E-05 9.9964E-05
0.426521 0.0907643 0.096297 9.9982E-05 0.0980157 0.288202 9.9982E-05
0.729039 0.0465336 9.9973E-05 9.9973E-05 0.0402117 0.183916 9.9973E-05
0.506866 0.100378 0.031925 0.0843311 0.128208 0.114347 0.0339445
0.151164 9.9982E-05 0.0589872 9.9982E-05 0.0942344 0.648419 0.0469958
0.557294 0.0774595 0.0943225 9.9982E-05 0.0783113 0.192412 9.9982E-05
0.154525 0.0243204 0.00376689 9.9982E-05 0.0580391 0.759149 9.9982E-05
0.674065 0.0176188 0.0192171 9.9991E-05 0.0344987 0.242649 0.0118511
0.421904 9.9973E-05 0.205511 9.9973E-05 0.130408 0.241877 9.9973E-05
0.461379 0.113908 0.0145312 9.9982E-05 0.194926 0.215055 9.9982E-05
0.528597 0.032087 0.0659837 0.00858757 0.346168 0.0184769 9.9991E-05
0.478294 9.9973E-05 0.137278 9.9973E-05 0.00984897 0.37428 9.9973E-05
0.659802 0.032217 0.0416148 9.9982E-05 0.074983 0.191184 9.9982E-05
0.576938 0.0241736 0.148503 9.9982E-05 0.0291993 0.220986 9.9982E-05
9.9982E-05 9.9982E-05 0.444318 0.0852773 0.186876 0.0471271 0.236202
9.9973E-05 9.9973E-05 0.113688 9.9973E-05 0.105892 0.719759 0.0603616
0.223398 9.9964E-05 0.0657477 9.9964E-05 9.9964E-05 0.710454 9.9964E-05
0.597438 0.104778 9.9982E-05 0.0257547 0.118094 0.153735 9.9982E-05
0.528803 0.0367114 0.0471384 9.9982E-05 0.0453933 0.341754 9.9982E-05
0.533471 0.115274 9.9982E-05 9.9982E-05 0.06296 0.254754 0.0333406
0.654994 0.0491136 9.9991E-05 0.0265514 0.0400352 0.158999 0.0702062
